4.382258125550445627e-09 2.242395092751790664e-10 7.755798042297407445e-11 3.354101372809191212e-10 -3.400936918212909347e-10 1.849182119656413422e-11 -4.036098467507656976e-11 2.283833577831750271e-10 -1.000516762637822018e-10 -7.778297441661974824e-12 9.041794779367764613e-11 -4.409940861362178516e-12 -4.268018053805167081e-11 -1.520039941947331250e-11 -4.126352994027285233e-11 -2.918537318909097679e-11 -5.861253397893428903e-11 -2.034096993849109069e-11 -1.079312529448815044e-12 1.248337153399795642e-11
2.242395092751790664e-10 3.755820736551489765e-09 5.217784725282397915e-11 -2.549926189302891562e-10 2.002972983165083183e-11 -1.475071479128721594e-10 1.542295303946905931e-10 5.802223662464814918e-11 5.400951368035848313e-11 1.729836980771381938e-10 3.949575523092991624e-11 2.592210044489634594e-11 1.490782812654405139e-11 5.323640162106099960e-11 4.329078473194437485e-11 2.959256165177288253e-11 3.333779443117243828e-12 7.762058378199871477e-12 1.265738695695658724e-12 -1.126282175962336802e-11
7.755798042297407445e-11 5.217784725282397915e-11 2.319877069214858394e-09 2.955441080924314503e-10 -1.527988695340759268e-10 9.089564998316364693e-12 1.815337210787683916e-10 1.257664535895373709e-10 1.774451765253745232e-12 -2.729843109914030839e-11 -2.722734417565461184e-11 -3.101381788209057848e-11 -4.689924881657777246e-11 -3.876273524580835046e-11 3.049448269246772149e-12 4.980839031275912054e-12 1.797361641305036456e-11 -1.116612180910445137e-11 1.731589852602354242e-12 1.209183483048915655e-11
3.354101372809191212e-10 -2.549926189302891562e-10 2.955441080924314503e-10 1.538171744810611924e-09 7.945328884494680973e-12 1.874005027194997003e-10 3.377484258398768386e-11 2.154313615478735306e-11 3.401909404628826743e-11 -4.211071419646357266e-11 5.756681715476911713e-11 -1.626957909268566040e-11 -6.030392508337361345e-11 -3.306520183347572589e-11 -2.981569008731639721e-11 -2.242408268766198386e-11 -9.856420023347155140e-12 -9.293637751206580938e-12 3.147924637791463502e-11 1.540309393071812004e-11
-3.400936918212909347e-10 2.002972983165083183e-11 -1.527988695340759268e-10 7.945328884494680973e-12 1.282871642829327654e-09 1.409336851512516804e-10 7.520142755119455340e-11 7.421336046366440434e-12 3.241769479844317835e-11 6.871410733374768013e-11 4.065478413371288537e-11 -1.252331900180367927e-11 2.824314909526904344e-11 9.092314209052226052e-12 3.194452601367595590e-12 2.991662456666039013e-11 3.501477460753269488e-11 -8.207234809441411947e-12 -4.240290269834385066e-13 2.253892458283051018e-12
1.849182119656413422e-11 -1.475071479128721594e-10 9.089564998316364693e-12 1.874005027194997003e-10 1.409336851512516804e-10 6.457425533181022353e-10 1.012899129294504391e-10 4.537793505393667974e-11 9.278128342944918015e-11 -1.386036291852586878e-11 2.328151402112004161e-11 -2.697256151565197980e-11 -3.287459499427487945e-12 -1.015177032842818084e-11 -1.089669472785774906e-11 -1.549842061239841396e-11 -6.337670271747463785e-12 -1.701878236630321576e-11 1.325638761737530909e-13 1.778155561394741936e-12
-4.036098467507656976e-11 1.542295303946905931e-10 1.815337210787683916e-10 3.377484258398768386e-11 7.520142755119455340e-11 1.012899129294504391e-10 5.425635594562347024e-10 3.830533645818243427e-11 3.442701703550111316e-11 4.393352035975834843e-11 2.645499745184241638e-11 1.626608972576334195e-11 5.565327041975089909e-12 4.559571125869291266e-12 7.993253364004719099e-12 5.236637277181953248e-12 8.264716260018909528e-12 -9.736457046356856070e-12 -4.695285773563360814e-12 3.094491267485338788e-12
2.283833577831750271e-10 5.802223662464814918e-11 1.257664535895373709e-10 2.154313615478735306e-11 7.421336046366440434e-12 4.537793505393667974e-11 3.830533645818243427e-11 2.716325506447352351e-10 6.488578344577486704e-11 2.536268746047045763e-11 1.718761103438704339e-11 -1.204808168517831027e-11 -5.963702803281083515e-12 -1.153233388625172086e-12 -2.877751874501362565e-12 -3.791462363899235210e-12 -2.152822861612863884e-12 -5.066439800720230212e-12 1.036195284366906788e-13 3.937336522035313171e-13
-1.000516762637822018e-10 5.400951368035848313e-11 1.774451765253745232e-12 3.401909404628826743e-11 3.241769479844317835e-11 9.278128342944918015e-11 3.442701703550111316e-11 6.488578344577486704e-11 2.169716271509129154e-10 1.261339152713995775e-11 1.727968801933772972e-11 9.274467738793443975e-12 -4.690744050187561567e-13 1.463543565197320785e-11 -7.514279252412160183e-13 -7.942276632610831090e-12 -5.560687624254561684e-12 -6.897611705282994466e-12 -2.209434645530199168e-12 -4.201364838732293679e-12
-7.778297441661974824e-12 1.729836980771381938e-10 -2.729843109914030839e-11 -4.211071419646357266e-11 6.871410733374768013e-11 -1.386036291852586878e-11 4.393352035975834843e-11 2.536268746047045763e-11 1.261339152713995775e-11 1.413851940168267087e-10 3.309996577796637747e-11 1.892566414990846319e-11 1.708085155584733930e-11 5.899074362661560652e-12 7.003776984146795335e-12 6.665725443600156825e-12 8.647468286833599315e-12 3.659725554558601295e-12 -2.241346694256844264e-12 -1.396184014713161016e-12
9.041794779367764613e-11 3.949575523092991624e-11 -2.722734417565461184e-11 5.756681715476911713e-11 4.065478413371288537e-11 2.328151402112004161e-11 2.645499745184241638e-11 1.718761103438704339e-11 1.727968801933772972e-11 3.309996577796637747e-11 9.992334482674350626e-11 2.447026689179360205e-11 2.224292287790078058e-11 9.374384027438564582e-12 1.494317931874760323e-12 3.404994706579090762e-12 4.616821102350271284e-13 -2.151935916363662373e-12 -2.138097240964771575e-12 2.474585821415721265e-12
-4.409940861362178516e-12 2.592210044489634594e-11 -3.101381788209057848e-11 -1.626957909268566040e-11 -1.252331900180367927e-11 -2.697256151565197980e-11 1.626608972576334195e-11 -1.204808168517831027e-11 9.274467738793443975e-12 1.892566414990846319e-11 2.447026689179360205e-11 6.014633214279652134e-11 1.609282695650076200e-11 1.580776301212007914e-11 6.897626404866423809e-12 4.117084785433308222e-12 -9.412251180323154303e-13 1.282067927615068925e-12 -3.310092000052909699e-12 -1.791217766579736405e-13
-4.268018053805167081e-11 1.490782812654405139e-11 -4.689924881657777246e-11 -6.030392508337361345e-11 2.824314909526904344e-11 -3.287459499427487945e-12 5.565327041975089909e-12 -5.963702803281083515e-12 -4.690744050187561567e-13 1.708085155584733930e-11 2.224292287790078058e-11 1.609282695650076200e-11 6.505253069618896050e-11 1.138912297781947010e-11 1.114833069929725919e-11 5.236042654179832783e-12 3.246279079639152445e-12 2.316561371836230413e-12 -3.340577178773754943e-12 1.539549969894377539e-12
-1.520039941947331250e-11 5.323640162106099960e-11 -3.876273524580835046e-11 -3.306520183347572589e-11 9.092314209052226052e-12 -1.015177032842818084e-11 4.559571125869291266e-12 -1.153233388625172086e-12 1.463543565197320785e-11 5.899074362661560652e-12 9.374384027438564582e-12 1.580776301212007914e-11 1.138912297781947010e-11 4.002730760065863574e-11 9.895885640949806484e-12 2.975301102569308491e-12 3.443396574622437783e-12 3.742440185201407312e-12 -3.000839929754576426e-13 -4.925166210953219652e-13
-4.126352994027285233e-11 4.329078473194437485e-11 3.049448269246772149e-12 -2.981569008731639721e-11 3.194452601367595590e-12 -1.089669472785774906e-11 7.993253364004719099e-12 -2.877751874501362565e-12 -7.514279252412160183e-13 7.003776984146795335e-12 1.494317931874760323e-12 6.897626404866423809e-12 1.114833069929725919e-11 9.895885640949806484e-12 2.840650805738383499e-11 1.420826303499408826e-11 6.932344283745827436e-12 4.266376778768324677e-12 -1.009656788118512312e-12 -1.431079575832244422e-12
-2.918537318909097679e-11 2.959256165177288253e-11 4.980839031275912054e-12 -2.242408268766198386e-11 2.991662456666039013e-11 -1.549842061239841396e-11 5.236637277181953248e-12 -3.791462363899235210e-12 -7.942276632610831090e-12 6.665725443600156825e-12 3.404994706579090762e-12 4.117084785433308222e-12 5.236042654179832783e-12 2.975301102569308491e-12 1.420826303499408826e-11 2.631542935604269888e-11 1.042335949041225154e-11 5.438294236969321497e-12 8.826899976423140683e-13 -7.349935296919587674e-13
-5.861253397893428903e-11 3.333779443117243828e-12 1.797361641305036456e-11 -9.856420023347155140e-12 3.501477460753269488e-11 -6.337670271747463785e-12 8.264716260018909528e-12 -2.152822861612863884e-12 -5.560687624254561684e-12 8.647468286833599315e-12 4.616821102350271284e-13 -9.412251180323154303e-13 3.246279079639152445e-12 3.443396574622437783e-12 6.932344283745827436e-12 1.042335949041225154e-11 2.439152236865893683e-11 6.940471277898855809e-12 2.461116894758518901e-12 -9.982107463428085300e-14
-2.034096993849109069e-11 7.762058378199871477e-12 -1.116612180910445137e-11 -9.293637751206580938e-12 -8.207234809441411947e-12 -1.701878236630321576e-11 -9.736457046356856070e-12 -5.066439800720230212e-12 -6.897611705282994466e-12 3.659725554558601295e-12 -2.151935916363662373e-12 1.282067927615068925e-12 2.316561371836230413e-12 3.742440185201407312e-12 4.266376778768324677e-12 5.438294236969321497e-12 6.940471277898855809e-12 1.390569697226940761e-11 4.797301993610855847e-12 1.315755554986291883e-12
-1.079312529448815044e-12 1.265738695695658724e-12 1.731589852602354242e-12 3.147924637791463502e-11 -4.240290269834385066e-13 1.325638761737530909e-13 -4.695285773563360814e-12 1.036195284366906788e-13 -2.209434645530199168e-12 -2.241346694256844264e-12 -2.138097240964771575e-12 -3.310092000052909699e-12 -3.340577178773754943e-12 -3.000839929754576426e-13 -1.009656788118512312e-12 8.826899976423140683e-13 2.461116894758518901e-12 4.797301993610855847e-12 1.017426069420024202e-11 3.075094270870749946e-12
1.248337153399795642e-11 -1.126282175962336802e-11 1.209183483048915655e-11 1.540309393071812004e-11 2.253892458283051018e-12 1.778155561394741936e-12 3.094491267485338788e-12 3.937336522035313171e-13 -4.201364838732293679e-12 -1.396184014713161016e-12 2.474585821415721265e-12 -1.791217766579736405e-13 1.539549969894377539e-12 -4.925166210953219652e-13 -1.431079575832244422e-12 -7.349935296919587674e-13 -9.982107463428085300e-14 1.315755554986291883e-12 3.075094270870749946e-12 8.447707395628100321e-12
