7.903583232086120647e-13 2.233223181490448054e-13 3.549569243723560874e-13 5.236744972056141045e-14 1.641027353713708453e-13 2.555615962647221449e-13 1.461959024843197429e-13 5.786969648644579019e-14 7.407628503216407881e-15 -9.811172792323226215e-14 -4.553036694254606719e-14 1.529528132123794293e-14 -4.539658285483250279e-15 3.336692373337436157e-16 -4.165759473846489252e-14 -4.013775581645324351e-15 -1.948254387300159734e-14 -2.010379180937325761e-14 -1.029197567609934043e-14 -2.322487337910763822e-14 4.052940396673810464e-15 1.538891325017969900e-14 1.238993543721153167e-14 1.226843550629630460e-14 -1.278931349845433484e-14 -6.025557812029662578e-17
2.233223181490448054e-13 7.943213556553191048e-13 3.199226438634511990e-13 -2.248418211827108871e-14 1.052696793361414731e-13 1.601459354212998227e-13 1.125078603660065308e-14 -7.470082231895484452e-14 4.137102857089406411e-14 -2.301390133438272902e-14 1.295724410005939329e-14 -2.201704185692969002e-14 -1.904597272513784243e-14 -1.276818544277296968e-14 -1.067158959399704895e-14 -9.037513239354845698e-15 -1.586965629963769342e-14 -2.428056004205150718e-14 -4.456513217185375730e-14 -1.392166432823427913e-14 1.021584430757026421e-14 1.826070685428492268e-15 9.491513935131738553e-15 -8.042812829895250033e-15 -9.579000297584752845e-15 3.665445858216403231e-15
3.549569243723560874e-13 3.199226438634511990e-13 7.805166078868979904e-13 1.112533578627858187e-13 1.767848591439520396e-13 1.408107216960466340e-13 5.388527484259873815e-14 1.115045395542389564e-13 2.235687411063672277e-14 -3.130327627334453831e-14 -3.034783535234132473e-14 -1.005865055483747983e-13 -4.310682229850065605e-15 1.322855166202528486e-14 -1.661384607110426474e-14 2.495198235567073766e-15 6.492623283817511484e-16 -2.425930281766445883e-14 -1.605747407931811834e-14 -1.283192056840823682e-14 -1.620904504276812108e-15 -5.579345065510431987e-15 8.291163517620116074e-15 3.513760555117886215e-15 -7.255123510521332537e-15 7.388862989564956008e-15
5.236744972056141045e-14 -2.248418211827108871e-14 1.112533578627858187e-13 1.960601761234840131e-13 8.256158232113788727e-14 2.624281758691126518e-14 -8.937790601524145060e-15 7.249681316147741004e-15 -2.287629685866260345e-14 -2.751829707782655215e-14 -1.444095031555374529e-14 -3.111806030250915491e-14 -1.816031432554573187e-14 -1.045354107036336872e-14 7.202818266277732285e-15 -7.925993798561182931e-16 -1.085548263163415510e-14 -1.134675590374986979e-14 -1.381353006277842988e-14 -4.595261145156088199e-15 5.533605373411127291e-15 -7.385293853392552178e-15 -1.649110525998585684e-15 3.975618057469791021e-15 4.689258203196502575e-16 1.737596535771733262e-15
1.641027353713708453e-13 1.052696793361414731e-13 1.767848591439520396e-13 8.256158232113788727e-14 1.871464846749829565e-13 5.136706036993445241e-14 1.012466307985281292e-14 1.574975331137355611e-14 -3.718376838948027697e-14 -5.233863972620502809e-14 -1.992542644299664896e-14 -1.975167747949901848e-14 -2.339702167976633289e-14 -9.523339256122523021e-15 1.867240154495773044e-15 -2.169361979161326720e-15 -8.343628545163786181e-15 -1.189156017206544007e-14 -1.033135992684100012e-14 -2.795127677144689304e-15 6.884945739256923757e-15 -2.819138251609789609e-15 4.384724074748932434e-15 2.673949874369751034e-15 -4.798530716559999425e-15 6.945569685659512004e-15
2.555615962647221449e-13 1.601459354212998227e-13 1.408107216960466340e-13 2.624281758691126518e-14 5.136706036993445241e-14 1.366960465565175697e-13 3.224947722754380514e-14 6.296042263836935858e-15 2.038145644914284456e-14 -3.422885552599116570e-14 -1.734642260408245328e-14 1.736723778012990781e-15 -5.113717102805848399e-15 -1.415241774702173822e-15 -1.828955131761058343e-14 -5.335268718204358570e-16 -7.894171156718073609e-15 -9.700090681648851907e-15 -1.371223925667865565e-14 -1.258431830397611184e-14 1.347189577201006120e-15 3.205710533131415000e-15 4.283386966568671333e-15 2.364017113769172901e-15 -4.497988650406626828e-15 1.937784474679401739e-16
1.461959024843197429e-13 1.125078603660065308e-14 5.388527484259873815e-14 -8.937790601524145060e-15 1.012466307985281292e-14 3.224947722754380514e-14 7.438000818692362647e-14 1.360651917246012764e-14 -7.042704708936555719e-16 -4.568457526882387523e-15 -1.585223730447412983e-14 4.241650525169009220e-15 5.135658268355343962e-15 4.040490558791613602e-15 -9.294303452524344394e-15 -1.533905835783816407e-15 -7.084758115445116261e-15 -1.492557081942795862e-15 1.228210219666639464e-14 5.720319260589794979e-15 4.706343480339506047e-15 1.235554971738047872e-14 3.456033274781153099e-15 8.224322575907753904e-15 -6.429941578466623241e-16 -7.996274654260651572e-16
5.786969648644579019e-14 -7.470082231895484452e-14 1.115045395542389564e-13 7.249681316147741004e-15 1.574975331137355611e-14 6.296042263836935858e-15 1.360651917246012764e-14 9.360750577860959398e-14 9.966253464250011744e-15 9.549991808677368263e-15 1.483595037312154858e-15 1.090029834387571696e-15 9.644848699892404069e-15 6.980313567630298295e-15 -1.652464026745149156e-15 1.093590664230305778e-14 1.047551398020016219e-14 5.536727511395575401e-15 4.745032213401255155e-15 -1.149229934218067218e-15 -4.961822875913835512e-15 -3.116717981268833715e-15 1.970914415995162139e-15 -3.022915942107353816e-16 -2.609306335027567199e-15 -4.551697884459032888e-16
7.407628503216407881e-15 4.137102857089406411e-14 2.235687411063672277e-14 -2.287629685866260345e-14 -3.718376838948027697e-14 2.038145644914284456e-14 -7.042704708936555719e-16 9.966253464250011744e-15 3.964802573136808740e-14 1.732269638025967358e-14 1.311670785624002514e-15 -1.562465905515746880e-15 9.623526520860868367e-15 3.623506069396875116e-15 -4.403569691338141539e-15 -8.143343630014449216e-16 4.768419011514128249e-15 9.543549085290551674e-16 -3.437769025488370007e-15 -3.657689656588924960e-15 -6.894483836172895024e-15 -3.089347035232476264e-15 -1.002524959949274925e-15 -2.278951318570181961e-15 -4.682892740677330522e-16 -2.045093809355708871e-15
-9.811172792323226215e-14 -2.301390133438272902e-14 -3.130327627334453831e-14 -2.751829707782655215e-14 -5.233863972620502809e-14 -3.422885552599116570e-14 -4.568457526882387523e-15 9.549991808677368263e-15 1.732269638025967358e-14 5.541487928756142684e-14 1.134631077542456437e-14 -3.856092952358675343e-15 7.858026741216839451e-15 6.007833987349909072e-15 5.185863897126840303e-15 3.231204720297500810e-16 4.997531025767811324e-15 6.267722903227148990e-15 6.211015918099665282e-15 4.496969289694982506e-15 -6.171515237723269149e-15 -1.859247685849629633e-15 -3.928463919919095239e-15 -2.491791474512963527e-15 1.289131744469744647e-15 -1.334347846788604715e-15
-4.553036694254606719e-14 1.295724410005939329e-14 -3.034783535234132473e-14 -1.444095031555374529e-14 -1.992542644299664896e-14 -1.734642260408245328e-14 -1.585223730447412983e-14 1.483595037312154858e-15 1.311670785624002514e-15 1.134631077542456437e-14 3.130314027546141108e-14 2.197862078703739385e-14 7.424601734174055209e-15 -1.809860646355738788e-15 5.640355389483873605e-15 -1.911860681719681812e-15 2.876292146394752675e-15 2.607740970059058339e-15 -3.556011920382093873e-15 -7.140415101025350428e-16 -9.042636248746028315e-16 -2.289493225719432335e-15 -2.025929633895576819e-16 -3.921683462825852432e-15 -8.364154491582838581e-16 -2.142170739181803451e-15
1.529528132123794293e-14 -2.201704185692969002e-14 -1.005865055483747983e-13 -3.111806030250915491e-14 -1.975167747949901848e-14 1.736723778012990781e-15 4.241650525169009220e-15 1.090029834387571696e-15 -1.562465905515746880e-15 -3.856092952358675343e-15 2.197862078703739385e-14 4.651998872819662044e-14 9.874383594356324481e-15 -2.456093740786586774e-15 -4.838775657614198169e-16 -1.174235195534417571e-15 1.277655499808650309e-15 5.289516417638655189e-15 3.778256125455176384e-16 -3.649282477512629619e-16 1.139113447711786331e-15 3.557997508288493184e-15 1.332428986249869467e-15 -5.523367184680297720e-16 -1.355061108430589600e-15 -3.362538809604855849e-15
-4.539658285483250279e-15 -1.904597272513784243e-14 -4.310682229850065605e-15 -1.816031432554573187e-14 -2.339702167976633289e-14 -5.113717102805848399e-15 5.135658268355343962e-15 9.644848699892404069e-15 9.623526520860868367e-15 7.858026741216839451e-15 7.424601734174055209e-15 9.874383594356324481e-15 1.242361309941957998e-14 4.805194588319922158e-15 4.031042890874853444e-16 -2.018102770245818219e-15 3.707774987930451604e-15 3.655418159349441480e-15 3.805971149865613981e-15 1.207697158632057406e-15 -2.645081948704149653e-15 1.340795727718365568e-15 8.886666942714175645e-17 2.784980255312313581e-16 -5.991414545882248316e-17 -2.014312524321456684e-15
3.336692373337436157e-16 -1.276818544277296968e-14 1.322855166202528486e-14 -1.045354107036336872e-14 -9.523339256122523021e-15 -1.415241774702173822e-15 4.040490558791613602e-15 6.980313567630298295e-15 3.623506069396875116e-15 6.007833987349909072e-15 -1.809860646355738788e-15 -2.456093740786586774e-15 4.805194588319922158e-15 8.392938817852314034e-15 1.428100370689717070e-15 2.158772838568848746e-16 2.184451048297597181e-15 2.626860671414861210e-15 4.087882064558734972e-15 6.858292805171537163e-16 -2.187539710217103294e-15 5.597629388561469655e-16 -7.293307369713412414e-16 8.742292920058036522e-17 -1.525887125830521050e-16 -3.977815872012202999e-16
-4.165759473846489252e-14 -1.067158959399704895e-14 -1.661384607110426474e-14 7.202818266277732285e-15 1.867240154495773044e-15 -1.828955131761058343e-14 -9.294303452524344394e-15 -1.652464026745149156e-15 -4.403569691338141539e-15 5.185863897126840303e-15 5.640355389483873605e-15 -4.838775657614198169e-16 4.031042890874853444e-16 1.428100370689717070e-15 9.002414320253940926e-15 -8.243348625425662325e-17 1.238338898227965107e-15 1.610007653060286420e-15 2.380513402628916419e-16 1.287699912012793012e-15 1.903259144661619735e-16 -1.923655379027427813e-15 -6.458700972834654354e-16 -1.099785135439567060e-15 1.980467131308169950e-16 -2.225715379495503876e-16
-4.013775581645324351e-15 -9.037513239354845698e-15 2.495198235567073766e-15 -7.925993798561182931e-16 -2.169361979161326720e-15 -5.335268718204358570e-16 -1.533905835783816407e-15 1.093590664230305778e-14 -8.143343630014449216e-16 3.231204720297500810e-16 -1.911860681719681812e-15 -1.174235195534417571e-15 -2.018102770245818219e-15 2.158772838568848746e-16 -8.243348625425662325e-17 7.222865325076711019e-15 2.179816693130646363e-15 1.620837220542864723e-15 1.230442104919583912e-16 1.465260078057778111e-16 8.484880377608913552e-16 -4.185136345791786070e-16 6.893894758566420452e-16 -1.554086523812563336e-16 -3.506064129875133737e-16 2.718745403277452193e-16
-1.948254387300159734e-14 -1.586965629963769342e-14 6.492623283817511484e-16 -1.085548263163415510e-14 -8.343628545163786181e-15 -7.894171156718073609e-15 -7.084758115445116261e-15 1.047551398020016219e-14 4.768419011514128249e-15 4.997531025767811324e-15 2.876292146394752675e-15 1.277655499808650309e-15 3.707774987930451604e-15 2.184451048297597181e-15 1.238338898227965107e-15 2.179816693130646363e-15 6.982119629276072615e-15 4.317530283386714484e-15 1.755450169275812995e-15 6.020035495155765636e-16 -2.115540112751376875e-15 -1.469450897402234378e-15 -2.704500423763762556e-16 -1.565828606667659546e-15 -3.942072759595615774e-16 -2.698376656116432427e-16
-2.010379180937325761e-14 -2.428056004205150718e-14 -2.425930281766445883e-14 -1.134675590374986979e-14 -1.189156017206544007e-14 -9.700090681648851907e-15 -1.492557081942795862e-15 5.536727511395575401e-15 9.543549085290551674e-16 6.267722903227148990e-15 2.607740970059058339e-15 5.289516417638655189e-15 3.655418159349441480e-15 2.626860671414861210e-15 1.610007653060286420e-15 1.620837220542864723e-15 4.317530283386714484e-15 6.354459603667127588e-15 4.567594211179117264e-15 2.893339006674993464e-15 -2.277683824376155452e-16 7.249410326987477993e-16 -3.857291937128514115e-16 -5.538684844298208452e-16 -7.076491905538181657e-17 -2.662526475222719140e-16
-1.029197567609934043e-14 -4.456513217185375730e-14 -1.605747407931811834e-14 -1.381353006277842988e-14 -1.033135992684100012e-14 -1.371223925667865565e-14 1.228210219666639464e-14 4.745032213401255155e-15 -3.437769025488370007e-15 6.211015918099665282e-15 -3.556011920382093873e-15 3.778256125455176384e-16 3.805971149865613981e-15 4.087882064558734972e-15 2.380513402628916419e-16 1.230442104919583912e-16 1.755450169275812995e-15 4.567594211179117264e-15 1.399277103567394536e-14 7.004722048707398931e-15 1.129997845955405431e-15 4.462807577307736136e-15 4.196377098442194652e-17 2.021043876960643466e-15 6.268509233675435202e-16 1.044472553271417661e-16
-2.322487337910763822e-14 -1.392166432823427913e-14 -1.283192056840823682e-14 -4.595261145156088199e-15 -2.795127677144689304e-15 -1.258431830397611184e-14 5.720319260589794979e-15 -1.149229934218067218e-15 -3.657689656588924960e-15 4.496969289694982506e-15 -7.140415101025350428e-16 -3.649282477512629619e-16 1.207697158632057406e-15 6.858292805171537163e-16 1.287699912012793012e-15 1.465260078057778111e-16 6.020035495155765636e-16 2.893339006674993464e-15 7.004722048707398931e-15 9.037336200011164092e-15 4.013361841581703057e-15 3.306040203776468392e-15 8.993549154635236365e-16 1.603963677251511639e-15 9.441022732500863039e-16 9.735865803556048232e-16
4.052940396673810464e-15 1.021584430757026421e-14 -1.620904504276812108e-15 5.533605373411127291e-15 6.884945739256923757e-15 1.347189577201006120e-15 4.706343480339506047e-15 -4.961822875913835512e-15 -6.894483836172895024e-15 -6.171515237723269149e-15 -9.042636248746028315e-16 1.139113447711786331e-15 -2.645081948704149653e-15 -2.187539710217103294e-15 1.903259144661619735e-16 8.484880377608913552e-16 -2.115540112751376875e-15 -2.277683824376155452e-16 1.129997845955405431e-15 4.013361841581703057e-15 7.908476444514640828e-15 4.341062843485901261e-15 2.362839337292074482e-15 1.649764467583678612e-15 2.722165448803773736e-16 8.598932908034311220e-16
1.538891325017969900e-14 1.826070685428492268e-15 -5.579345065510431987e-15 -7.385293853392552178e-15 -2.819138251609789609e-15 3.205710533131415000e-15 1.235554971738047872e-14 -3.116717981268833715e-15 -3.089347035232476264e-15 -1.859247685849629633e-15 -2.289493225719432335e-15 3.557997508288493184e-15 1.340795727718365568e-15 5.597629388561469655e-16 -1.923655379027427813e-15 -4.185136345791786070e-16 -1.469450897402234378e-15 7.249410326987477993e-16 4.462807577307736136e-15 3.306040203776468392e-15 4.341062843485901261e-15 8.102887709184581925e-15 3.314253050920223609e-15 2.858170079035535544e-15 6.601280382591936200e-16 2.436805705650331540e-16
1.238993543721153167e-14 9.491513935131738553e-15 8.291163517620116074e-15 -1.649110525998585684e-15 4.384724074748932434e-15 4.283386966568671333e-15 3.456033274781153099e-15 1.970914415995162139e-15 -1.002524959949274925e-15 -3.928463919919095239e-15 -2.025929633895576819e-16 1.332428986249869467e-15 8.886666942714175645e-17 -7.293307369713412414e-16 -6.458700972834654354e-16 6.893894758566420452e-16 -2.704500423763762556e-16 -3.857291937128514115e-16 4.196377098442194652e-17 8.993549154635236365e-16 2.362839337292074482e-15 3.314253050920223609e-15 5.453904979817480882e-15 2.547697737684408440e-15 6.292089519899543040e-16 1.536867941715503063e-16
1.226843550629630460e-14 -8.042812829895250033e-15 3.513760555117886215e-15 3.975618057469791021e-15 2.673949874369751034e-15 2.364017113769172901e-15 8.224322575907753904e-15 -3.022915942107353816e-16 -2.278951318570181961e-15 -2.491791474512963527e-15 -3.921683462825852432e-15 -5.523367184680297720e-16 2.784980255312313581e-16 8.742292920058036522e-17 -1.099785135439567060e-15 -1.554086523812563336e-16 -1.565828606667659546e-15 -5.538684844298208452e-16 2.021043876960643466e-15 1.603963677251511639e-15 1.649764467583678612e-15 2.858170079035535544e-15 2.547697737684408440e-15 4.957155554056931267e-15 1.485878863677099988e-15 7.052286167511109488e-16
-1.278931349845433484e-14 -9.579000297584752845e-15 -7.255123510521332537e-15 4.689258203196502575e-16 -4.798530716559999425e-15 -4.497988650406626828e-15 -6.429941578466623241e-16 -2.609306335027567199e-15 -4.682892740677330522e-16 1.289131744469744647e-15 -8.364154491582838581e-16 -1.355061108430589600e-15 -5.991414545882248316e-17 -1.525887125830521050e-16 1.980467131308169950e-16 -3.506064129875133737e-16 -3.942072759595615774e-16 -7.076491905538181657e-17 6.268509233675435202e-16 9.441022732500863039e-16 2.722165448803773736e-16 6.601280382591936200e-16 6.292089519899543040e-16 1.485878863677099988e-15 3.248585022492344803e-15 1.152248986584173828e-15
-6.025557812029662578e-17 3.665445858216403231e-15 7.388862989564956008e-15 1.737596535771733262e-15 6.945569685659512004e-15 1.937784474679401739e-16 -7.996274654260651572e-16 -4.551697884459032888e-16 -2.045093809355708871e-15 -1.334347846788604715e-15 -2.142170739181803451e-15 -3.362538809604855849e-15 -2.014312524321456684e-15 -3.977815872012202999e-16 -2.225715379495503876e-16 2.718745403277452193e-16 -2.698376656116432427e-16 -2.662526475222719140e-16 1.044472553271417661e-16 9.735865803556048232e-16 8.598932908034311220e-16 2.436805705650331540e-16 1.536867941715503063e-16 7.052286167511109488e-16 1.152248986584173828e-15 3.066257027240589792e-15
