5.278412365567112882e-13 8.146909029489645671e-14 -8.980448881104824884e-14 1.926882107666996292e-14 -7.563637971942071918e-14 5.073549068601865319e-14 1.847040789985885532e-14 2.642324006889335652e-15 3.879537559144674301e-14 -8.540284346590249723e-15 -6.052116344429781447e-15 -1.204156120145343180e-14 -2.416461360676502240e-15 1.078463126065001670e-14 2.984108792594885086e-15 -6.603128918860932057e-16 1.783545520447192999e-14 -7.146844122525828524e-15 -1.628517394926734583e-14 -1.284240590162185336e-14 -1.382673192948490006e-14 -1.168771993357115807e-14 -5.451965418320573662e-15 1.510487261170974594e-15 -6.931829715446121078e-15 1.412879698312021516e-15
8.146909029489645671e-14 6.319764104690139586e-13 -1.975648318693855426e-13 -1.511927691201785766e-14 1.816400833263149266e-14 9.269670214905384114e-14 3.090052960546763802e-14 -7.472220654812069905e-16 3.390094604103213249e-14 -6.644428099894507328e-15 -1.232260355976503901e-14 -3.823567219107412044e-14 -1.951139462079147841e-14 2.334540009814256177e-14 2.490489375981075227e-15 1.417102223881213646e-14 1.927982165084815472e-14 7.959031182591493529e-16 -1.908134860511802166e-14 -6.173821498785570262e-15 -2.257705367782905207e-14 -9.499356367257187100e-15 4.040079487052928525e-15 5.735054870441784873e-15 6.572978745626305068e-15 1.547684229132310871e-14
-8.980448881104824884e-14 -1.975648318693855426e-13 3.071945035505387354e-13 -4.789952032328497549e-14 4.173470056031718698e-14 -1.226117643538215139e-13 -1.294325256673110652e-14 3.827970904697421743e-15 -2.619971415288398153e-14 -5.162978735123150222e-15 1.014972739664543825e-14 6.600606187664165820e-14 5.797152224657480080e-15 -2.392693416821494041e-14 -9.680555792534885043e-15 -4.442519040580090869e-15 -1.504750391462005160e-14 3.881459799506198911e-15 2.410561046598024326e-14 1.099543979072738762e-14 1.408553083788336607e-14 1.354890906135207335e-14 3.360288857130992467e-17 3.018625238219635970e-15 -4.247470370179996270e-15 -9.743227783969283771e-15
1.926882107666996292e-14 -1.511927691201785766e-14 -4.789952032328497549e-14 1.060097081241580320e-13 -1.284461851979166531e-14 2.707264334566357387e-15 -7.524474935091309734e-16 -1.232523165277794666e-14 -3.690887909100334794e-15 5.909349720431311002e-15 -6.025694268984065801e-15 -1.722039964450858620e-15 5.199774055205724416e-15 1.068820318196436288e-14 1.448366465378992436e-14 1.846925913622771294e-15 2.644648095719881762e-15 -7.203936940770130021e-15 -1.369310067503416504e-15 2.506710113346306191e-15 -4.101420856216933256e-15 1.497815902792318225e-15 2.475828765779826935e-15 3.075576626222012980e-15 2.580270500550929340e-15 3.004629118835442743e-15
-7.563637971942071918e-14 1.816400833263149266e-14 4.173470056031718698e-14 -1.284461851979166531e-14 1.063587317446949012e-13 -2.769465285334952230e-14 1.159836119203696623e-15 7.577181336109336783e-15 -2.886247628226496348e-14 -1.224342242971764698e-14 -3.198832204170065427e-15 1.070244352253833960e-14 -1.539348331192835511e-14 -1.692221631562345073e-14 -1.864620354944296490e-14 -5.381491960921779480e-15 -4.392709392307798824e-15 9.434646540115587266e-15 1.255952897347436606e-14 7.186881879498420345e-15 8.531263263290969050e-15 8.754765569298181292e-15 2.294910496376172544e-15 -2.011042733760455697e-15 3.077928983992174666e-15 -2.344229969562223847e-15
5.073549068601865319e-14 9.269670214905384114e-14 -1.226117643538215139e-13 2.707264334566357387e-15 -2.769465285334952230e-14 1.523600387505599789e-13 9.285321235987314400e-15 -6.203763898693118339e-15 5.256894938445816863e-14 1.779110177210803631e-14 2.509269409652251925e-14 -2.374825889484300255e-14 2.561603413010046448e-14 -3.277353405721528940e-15 -1.178051185346454167e-15 -2.261360728844859139e-15 1.325651134641049107e-15 -7.670642496675212676e-16 -2.214242633949389468e-14 -1.196374206933617537e-14 -1.286731903797442566e-14 -8.826437557924473383e-15 -5.573126998310612215e-15 -4.858613807863813166e-15 -2.356754719020762331e-15 4.249016878994687827e-15
1.847040789985885532e-14 3.090052960546763802e-14 -1.294325256673110652e-14 -7.524474935091309734e-16 1.159836119203696623e-15 9.285321235987314400e-15 2.199700672765423558e-14 4.162313295173012759e-15 1.501887527732663171e-14 5.134003103492783062e-15 1.945652770137293614e-15 1.175267696603781471e-16 -3.492441421727899773e-15 1.203596297163707363e-15 3.380284991678880268e-15 -9.407108424701062165e-16 -2.482746791353836921e-15 -3.612980998397020054e-16 -1.126365369477795424e-15 7.277294277590488051e-16 -2.314378149534528568e-15 -1.214823815092778316e-15 -1.049978199452691739e-15 2.935920747905894033e-16 9.698394872962998355e-16 6.703320953143496379e-16
2.642324006889335652e-15 -7.472220654812069905e-16 3.827970904697421743e-15 -1.232523165277794666e-14 7.577181336109336783e-15 -6.203763898693118339e-15 4.162313295173012759e-15 3.032400161862605615e-14 -3.813012373154841794e-16 1.232986678345495153e-15 -6.789676408597366827e-15 6.105915845122761336e-16 -3.285501579001660979e-15 -2.431733913318530614e-15 -7.804183396548487331e-15 1.680614174826969815e-15 2.757623985404105144e-15 5.371193731604883609e-15 1.178713438961736528e-15 -2.286979100508333786e-15 1.811575859284778176e-15 -2.790549276959743173e-15 -1.684905586314676147e-15 -1.506363123034321047e-15 2.517151814851564341e-16 3.038562933207440481e-16
3.879537559144674301e-14 3.390094604103213249e-14 -2.619971415288398153e-14 -3.690887909100334794e-15 -2.886247628226496348e-14 5.256894938445816863e-14 1.501887527732663171e-14 -3.813012373154841794e-16 5.644659746605780713e-14 2.317099859526279628e-14 1.457330234803168312e-14 -1.713714178552790326e-15 1.576033793939523991e-14 7.165929233928562224e-15 1.288895574351240582e-14 6.495953971540525688e-15 3.808451633568750224e-15 -7.650838903376827468e-16 -1.108547832491770044e-14 -2.320457633885385171e-15 -8.318808945367899651e-15 -4.455004521557773873e-15 -3.114475005150682084e-15 -1.474040517206891722e-15 -1.825189721018980737e-15 1.796800726951468524e-15
-8.540284346590249723e-15 -6.644428099894507328e-15 -5.162978735123150222e-15 5.909349720431311002e-15 -1.224342242971764698e-14 1.779110177210803631e-14 5.134003103492783062e-15 1.232986678345495153e-15 2.317099859526279628e-14 3.161482578989459653e-14 1.355430298105745664e-14 1.033241157028789904e-15 1.315231241498778260e-14 1.148727592909375808e-14 1.604371479247840736e-14 5.026523187976218069e-15 4.389048694545757359e-15 1.231626263492052088e-15 -4.563863310511814697e-15 5.053520163875030405e-16 -3.426140225459191746e-16 -4.284417215993755021e-16 3.620770874040353573e-16 6.903076333356177775e-16 -1.822773642690113871e-15 2.398234601123416206e-16
-6.052116344429781447e-15 -1.232260355976503901e-14 1.014972739664543825e-14 -6.025694268984065801e-15 -3.198832204170065427e-15 2.509269409652251925e-14 1.945652770137293614e-15 -6.789676408597366827e-15 1.457330234803168312e-14 1.355430298105745664e-14 2.607592818139075114e-14 1.295310306555773731e-14 1.498046581426427539e-14 -6.924997951334978946e-16 5.617110936420325232e-15 2.944646027488910745e-15 -3.985986024154337793e-15 -1.641777434754964711e-15 -3.327149082945402508e-15 -6.562534246276354057e-16 -1.294895178909178009e-15 1.463579174182440888e-15 7.669127362602991680e-17 8.663160414555947267e-18 -2.282221522857922718e-15 -1.544793840795781090e-15
-1.204156120145343180e-14 -3.823567219107412044e-14 6.600606187664165820e-14 -1.722039964450858620e-15 1.070244352253833960e-14 -2.374825889484300255e-14 1.175267696603781471e-16 6.105915845122761336e-16 -1.713714178552790326e-15 1.033241157028789904e-15 1.295310306555773731e-14 4.490900295781685358e-14 6.600258045239235525e-15 -4.984386490912000873e-15 7.637332537293167507e-15 1.012849546798665464e-14 -3.719311896593284989e-15 -1.900109891514164121e-15 2.636701891937771422e-15 1.689479981612768925e-15 -1.655555661262655713e-15 5.011693155251859835e-15 6.347437151439388715e-16 2.266859449688579033e-15 -3.467022629476381347e-15 -5.000413034731153621e-15
-2.416461360676502240e-15 -1.951139462079147841e-14 5.797152224657480080e-15 5.199774055205724416e-15 -1.539348331192835511e-14 2.561603413010046448e-14 -3.492441421727899773e-15 -3.285501579001660979e-15 1.576033793939523991e-14 1.315231241498778260e-14 1.498046581426427539e-14 6.600258045239235525e-15 2.148994767862272309e-14 2.311899091765638461e-15 7.441328611244577981e-15 5.723167888053011467e-15 7.001839190485444634e-16 -2.581279344890315624e-16 -3.847119629031614224e-15 -1.155278392005719087e-15 -2.548569737510544273e-15 5.882790247224030465e-16 -2.853464045238901483e-16 -2.445834013818529248e-16 -1.237915797071807656e-15 1.989955753741900688e-16
1.078463126065001670e-14 2.334540009814256177e-14 -2.392693416821494041e-14 1.068820318196436288e-14 -1.692221631562345073e-14 -3.277353405721528940e-15 1.203596297163707363e-15 -2.431733913318530614e-15 7.165929233928562224e-15 1.148727592909375808e-14 -6.924997951334978946e-16 -4.984386490912000873e-15 2.311899091765638461e-15 2.130738681992627610e-14 1.795325270405696324e-14 6.872711450230947060e-15 5.812518054639134382e-15 -1.347460156287762357e-15 -1.232977257461499122e-15 2.361780334404593654e-15 -8.085514401665684052e-16 -3.653279627598887798e-16 1.602449421657684442e-15 1.960756956972316830e-15 -2.949840691668521673e-16 1.012319051797037392e-15
2.984108792594885086e-15 2.490489375981075227e-15 -9.680555792534885043e-15 1.448366465378992436e-14 -1.864620354944296490e-14 -1.178051185346454167e-15 3.380284991678880268e-15 -7.804183396548487331e-15 1.288895574351240582e-14 1.604371479247840736e-14 5.617110936420325232e-15 7.637332537293167507e-15 7.441328611244577981e-15 1.795325270405696324e-14 2.955098263093100017e-14 1.387345919217586195e-14 4.492552674616805602e-15 -1.054880683248933076e-15 -1.985105507174695502e-15 3.410616501945978677e-15 -2.076267757877462964e-15 1.110968064861380315e-15 1.517313354909286897e-15 2.702982581204913170e-15 -9.747194163111466764e-16 -6.928483704593570626e-16
-6.603128918860932057e-16 1.417102223881213646e-14 -4.442519040580090869e-15 1.846925913622771294e-15 -5.381491960921779480e-15 -2.261360728844859139e-15 -9.407108424701062165e-16 1.680614174826969815e-15 6.495953971540525688e-15 5.026523187976218069e-15 2.944646027488910745e-15 1.012849546798665464e-14 5.723167888053011467e-15 6.872711450230947060e-15 1.387345919217586195e-14 1.475028442245026777e-14 5.100284653160407202e-15 2.059160075246939597e-15 -2.408753176559677469e-16 1.752859545109589279e-15 -1.670060717903355855e-15 1.356221997793823483e-15 1.191718997233302052e-15 1.486574107800728041e-15 -5.671655052632278711e-17 -2.500821154975334161e-16
1.783545520447192999e-14 1.927982165084815472e-14 -1.504750391462005160e-14 2.644648095719881762e-15 -4.392709392307798824e-15 1.325651134641049107e-15 -2.482746791353836921e-15 2.757623985404105144e-15 3.808451633568750224e-15 4.389048694545757359e-15 -3.985986024154337793e-15 -3.719311896593284989e-15 7.001839190485444634e-16 5.812518054639134382e-15 4.492552674616805602e-15 5.100284653160407202e-15 1.181376613886397500e-14 2.806835769672350214e-15 1.607212284987177038e-16 6.238161344803859533e-16 -1.956647744822884718e-16 1.907639765392933801e-16 5.942866081700858250e-16 2.464702220032845594e-16 4.275750645231779947e-16 1.348816952993055669e-15
-7.146844122525828524e-15 7.959031182591493529e-16 3.881459799506198911e-15 -7.203936940770130021e-15 9.434646540115587266e-15 -7.670642496675212676e-16 -3.612980998397020054e-16 5.371193731604883609e-15 -7.650838903376827468e-16 1.231626263492052088e-15 -1.641777434754964711e-15 -1.900109891514164121e-15 -2.581279344890315624e-16 -1.347460156287762357e-15 -1.054880683248933076e-15 2.059160075246939597e-15 2.806835769672350214e-15 9.005361474502833620e-15 5.326002609073473094e-15 3.278235764884893529e-15 3.675084355425136624e-15 1.226630544964093099e-15 3.670488788776597069e-16 -5.052007139552837694e-16 2.812995042278392268e-16 2.227850503985700703e-16
-1.628517394926734583e-14 -1.908134860511802166e-14 2.410561046598024326e-14 -1.369310067503416504e-15 1.255952897347436606e-14 -2.214242633949389468e-14 -1.126365369477795424e-15 1.178713438961736528e-15 -1.108547832491770044e-14 -4.563863310511814697e-15 -3.327149082945402508e-15 2.636701891937771422e-15 -3.847119629031614224e-15 -1.232977257461499122e-15 -1.985105507174695502e-15 -2.408753176559677469e-16 1.607212284987177038e-16 5.326002609073473094e-15 1.197989726283608687e-14 5.511726216452056288e-15 5.977179058219624557e-15 3.795610653704053035e-15 9.955026677423359181e-16 5.284878037241110010e-16 1.142122144830410798e-15 -8.467967585285882315e-17
-1.284240590162185336e-14 -6.173821498785570262e-15 1.099543979072738762e-14 2.506710113346306191e-15 7.186881879498420345e-15 -1.196374206933617537e-14 7.277294277590488051e-16 -2.286979100508333786e-15 -2.320457633885385171e-15 5.053520163875030405e-16 -6.562534246276354057e-16 1.689479981612768925e-15 -1.155278392005719087e-15 2.361780334404593654e-15 3.410616501945978677e-15 1.752859545109589279e-15 6.238161344803859533e-16 3.278235764884893529e-15 5.511726216452056288e-15 7.995619666902675318e-15 5.167062810652863926e-15 3.071392366752452891e-15 1.848402758439078674e-15 9.100163960462900839e-16 4.722805659118671494e-16 -2.407398342372969564e-16
-1.382673192948490006e-14 -2.257705367782905207e-14 1.408553083788336607e-14 -4.101420856216933256e-15 8.531263263290969050e-15 -1.286731903797442566e-14 -2.314378149534528568e-15 1.811575859284778176e-15 -8.318808945367899651e-15 -3.426140225459191746e-16 -1.294895178909178009e-15 -1.655555661262655713e-15 -2.548569737510544273e-15 -8.085514401665684052e-16 -2.076267757877462964e-15 -1.670060717903355855e-15 -1.956647744822884718e-16 3.675084355425136624e-15 5.977179058219624557e-15 5.167062810652863926e-15 9.653238433735994106e-15 4.482599695695568601e-15 2.390356725525847434e-15 2.373244096897774647e-16 6.601765993363732353e-17 -6.979799259821035932e-16
-1.168771993357115807e-14 -9.499356367257187100e-15 1.354890906135207335e-14 1.497815902792318225e-15 8.754765569298181292e-15 -8.826437557924473383e-15 -1.214823815092778316e-15 -2.790549276959743173e-15 -4.455004521557773873e-15 -4.284417215993755021e-16 1.463579174182440888e-15 5.011693155251859835e-15 5.882790247224030465e-16 -3.653279627598887798e-16 1.110968064861380315e-15 1.356221997793823483e-15 1.907639765392933801e-16 1.226630544964093099e-15 3.795610653704053035e-15 3.071392366752452891e-15 4.482599695695568601e-15 8.978760460500567644e-15 4.375210305051288873e-15 5.449550803227498004e-16 1.569863165407767286e-16 -6.929237813592092491e-16
-5.451965418320573662e-15 4.040079487052928525e-15 3.360288857130992467e-17 2.475828765779826935e-15 2.294910496376172544e-15 -5.573126998310612215e-15 -1.049978199452691739e-15 -1.684905586314676147e-15 -3.114475005150682084e-15 3.620770874040353573e-16 7.669127362602991680e-17 6.347437151439388715e-16 -2.853464045238901483e-16 1.602449421657684442e-15 1.517313354909286897e-15 1.191718997233302052e-15 5.942866081700858250e-16 3.670488788776597069e-16 9.955026677423359181e-16 1.848402758439078674e-15 2.390356725525847434e-15 4.375210305051288873e-15 5.605200691296807181e-15 2.240086636506387776e-15 4.199462317136340036e-16 1.512331038731536389e-16
1.510487261170974594e-15 5.735054870441784873e-15 3.018625238219635970e-15 3.075576626222012980e-15 -2.011042733760455697e-15 -4.858613807863813166e-15 2.935920747905894033e-16 -1.506363123034321047e-15 -1.474040517206891722e-15 6.903076333356177775e-16 8.663160414555947267e-18 2.266859449688579033e-15 -2.445834013818529248e-16 1.960756956972316830e-15 2.702982581204913170e-15 1.486574107800728041e-15 2.464702220032845594e-16 -5.052007139552837694e-16 5.284878037241110010e-16 9.100163960462900839e-16 2.373244096897774647e-16 5.449550803227498004e-16 2.240086636506387776e-15 4.431656587018017953e-15 1.082224862890848012e-15 4.762735804557173450e-16
-6.931829715446121078e-15 6.572978745626305068e-15 -4.247470370179996270e-15 2.580270500550929340e-15 3.077928983992174666e-15 -2.356754719020762331e-15 9.698394872962998355e-16 2.517151814851564341e-16 -1.825189721018980737e-15 -1.822773642690113871e-15 -2.282221522857922718e-15 -3.467022629476381347e-15 -1.237915797071807656e-15 -2.949840691668521673e-16 -9.747194163111466764e-16 -5.671655052632278711e-17 4.275750645231779947e-16 2.812995042278392268e-16 1.142122144830410798e-15 4.722805659118671494e-16 6.601765993363732353e-17 1.569863165407767286e-16 4.199462317136340036e-16 1.082224862890848012e-15 4.164243967534991970e-15 2.210628691609411171e-15
1.412879698312021516e-15 1.547684229132310871e-14 -9.743227783969283771e-15 3.004629118835442743e-15 -2.344229969562223847e-15 4.249016878994687827e-15 6.703320953143496379e-16 3.038562933207440481e-16 1.796800726951468524e-15 2.398234601123416206e-16 -1.544793840795781090e-15 -5.000413034731153621e-15 1.989955753741900688e-16 1.012319051797037392e-15 -6.928483704593570626e-16 -2.500821154975334161e-16 1.348816952993055669e-15 2.227850503985700703e-16 -8.467967585285882315e-17 -2.407398342372969564e-16 -6.979799259821035932e-16 -6.929237813592092491e-16 1.512331038731536389e-16 4.762735804557173450e-16 2.210628691609411171e-15 4.431492303934491226e-15
