7.903583232086123676e-13 2.233223181490444772e-13 3.549569243723560369e-13 5.236744972056074781e-14 1.641027353713708958e-13 2.555615962647216400e-13 1.461959024843200206e-13 5.786969648644498240e-14 7.407628503216138091e-15 -9.811172792323257770e-14 -4.553036694254640167e-14 1.529528132123837838e-14 -4.539658285482973389e-15 3.336692373337504196e-16 -4.165759473846445707e-14 -4.013775581645557854e-15 -1.948254387300201386e-14 -2.010379180937324498e-14 -1.029197567609987685e-14 -2.322487337910750569e-14 4.052940396674365822e-15 1.538891325017932034e-14 1.238993543721162160e-14 1.226843550629581235e-14 -1.278931349845412974e-14 -6.025557812076100600e-17
2.233223181490444772e-13 7.943213556553180951e-13 3.199226438634517543e-13 -2.248418211827135377e-14 1.052696793361418392e-13 1.601459354212992168e-13 1.125078603660067043e-14 -7.470082231895543775e-14 4.137102857089481511e-14 -2.301390133438306350e-14 1.295724410005972303e-14 -2.201704185692948492e-14 -1.904597272513714508e-14 -1.276818544277219344e-14 -1.067158959399646992e-14 -9.037513239355061846e-15 -1.586965629963781963e-14 -2.428056004205149772e-14 -4.456513217185418013e-14 -1.392166432823423180e-14 1.021584430757061762e-14 1.826070685428318718e-15 9.491513935131445096e-15 -8.042812829895545067e-15 -9.579000297584661337e-15 3.665445858215538639e-15
3.549569243723560369e-13 3.199226438634517543e-13 7.805166078868997070e-13 1.112533578627851371e-13 1.767848591439522921e-13 1.408107216960473913e-13 5.388527484259892748e-14 1.115045395542385273e-13 2.235687411063721186e-14 -3.130327627334399557e-14 -3.034783535234084510e-14 -1.005865055483742429e-13 -4.310682229849817903e-15 1.322855166202582287e-14 -1.661384607110444144e-14 2.495198235567131748e-15 6.492623283817756031e-16 -2.425930281766446830e-14 -1.605747407931870209e-14 -1.283192056840814847e-14 -1.620904504276260103e-15 -5.579345065510725444e-15 8.291163517620048231e-15 3.513760555118077514e-15 -7.255123510521065902e-15 7.388862989564485847e-15
5.236744972056074781e-14 -2.248418211827135377e-14 1.112533578627851371e-13 1.960601761234839122e-13 8.256158232113697850e-14 2.624281758691079502e-14 -8.937790601524225524e-15 7.249681316147365506e-15 -2.287629685866299157e-14 -2.751829707782604728e-14 -1.444095031555366325e-14 -3.111806030250924957e-14 -1.816031432554553308e-14 -1.045354107036351072e-14 7.202818266277722819e-15 -7.925993798560812166e-16 -1.085548263163405097e-14 -1.134675590374993921e-14 -1.381353006277840306e-14 -4.595261145156006946e-15 5.533605373411050772e-15 -7.385293853392246100e-15 -1.649110525998435603e-15 3.975618057469497565e-15 4.689258203200381798e-16 1.737596535771522439e-15
1.641027353713708958e-13 1.052696793361418392e-13 1.767848591439522921e-13 8.256158232113697850e-14 1.871464846749824516e-13 5.136706036993425677e-14 1.012466307985324363e-14 1.574975331137386534e-14 -3.718376838948022018e-14 -5.233863972620469992e-14 -1.992542644299615671e-14 -1.975167747949911945e-14 -2.339702167976613725e-14 -9.523339256122396803e-15 1.867240154495866919e-15 -2.169361979161286488e-15 -8.343628545163642608e-15 -1.189156017206546847e-14 -1.033135992684102694e-14 -2.795127677144601741e-15 6.884945739256944267e-15 -2.819138251609616060e-15 4.384724074748919023e-15 2.673949874369855953e-15 -4.798530716559976548e-15 6.945569685659054465e-15
2.555615962647216400e-13 1.601459354212992168e-13 1.408107216960473913e-13 2.624281758691079502e-14 5.136706036993425677e-14 1.366960465565171658e-13 3.224947722754372941e-14 6.296042263837078642e-15 2.038145644914304651e-14 -3.422885552599131716e-14 -1.734642260408243435e-14 1.736723778013103786e-15 -5.113717102805496567e-15 -1.415241774701989820e-15 -1.828955131761024264e-14 -5.335268718205253927e-16 -7.894171156718094120e-15 -9.700090681648765132e-15 -1.371223925667883709e-14 -1.258431830397611500e-14 1.347189577201160540e-15 3.205710533131152704e-15 4.283386966568607435e-15 2.364017113768819885e-15 -4.497988650406543209e-15 1.937784474676600789e-16
1.461959024843200206e-13 1.125078603660067043e-14 5.388527484259892748e-14 -8.937790601524225524e-15 1.012466307985324363e-14 3.224947722754372941e-14 7.438000818692352550e-14 1.360651917245985627e-14 -7.042704708938996258e-16 -4.568457526882426966e-15 -1.585223730447418663e-14 4.241650525168963466e-15 5.135658268355397605e-15 4.040490558791631746e-15 -9.294303452524276552e-15 -1.533905835783943217e-15 -7.084758115445220391e-15 -1.492557081942859760e-15 1.228210219666634100e-14 5.720319260589849410e-15 4.706343480339587300e-15 1.235554971738030044e-14 3.456033274781244212e-15 8.224322575907708150e-15 -6.429941578467902182e-16 -7.996274654257733773e-16
5.786969648644498240e-14 -7.470082231895543775e-14 1.115045395542385273e-13 7.249681316147365506e-15 1.574975331137386534e-14 6.296042263837078642e-15 1.360651917245985627e-14 9.360750577860990953e-14 9.966253464249879215e-15 9.549991808677622276e-15 1.483595037312124881e-15 1.090029834387782322e-15 9.644848699892432468e-15 6.980313567630322750e-15 -1.652464026745146789e-15 1.093590664230309564e-14 1.047551398020023476e-14 5.536727511395602222e-15 4.745032213401204668e-15 -1.149229934217917532e-15 -4.961822875913682473e-15 -3.116717981269084967e-15 1.970914415995375526e-15 -3.022915942108351232e-16 -2.609306335027273743e-15 -4.551697884459173897e-16
7.407628503216138091e-15 4.137102857089481511e-14 2.235687411063721186e-14 -2.287629685866299157e-14 -3.718376838948022018e-14 2.038145644914304651e-14 -7.042704708938996258e-16 9.966253464249879215e-15 3.964802573136878791e-14 1.732269638025956314e-14 1.311670785623862097e-15 -1.562465905515611590e-15 9.623526520861138157e-15 3.623506069396994234e-15 -4.403569691338146272e-15 -8.143343630016317830e-16 4.768419011514100639e-15 9.543549085291086127e-16 -3.437769025488487548e-15 -3.657689656588935215e-15 -6.894483836172891079e-15 -3.089347035232679395e-15 -1.002524959949318904e-15 -2.278951318570305023e-15 -4.682892740676644213e-16 -2.045093809355673767e-15
-9.811172792323257770e-14 -2.301390133438306350e-14 -3.130327627334399557e-14 -2.751829707782604728e-14 -5.233863972620469992e-14 -3.422885552599131716e-14 -4.568457526882426966e-15 9.549991808677622276e-15 1.732269638025956314e-14 5.541487928756111760e-14 1.134631077542465273e-14 -3.856092952358634322e-15 7.858026741216836295e-15 6.007833987349888561e-15 5.185863897126796916e-15 3.231204720298335524e-16 4.997531025767775825e-15 6.267722903227081936e-15 6.211015918099673959e-15 4.496969289695130023e-15 -6.171515237723000148e-15 -1.859247685849653693e-15 -3.928463919918865680e-15 -2.491791474512981277e-15 1.289131744469819983e-15 -1.334347846788205945e-15
-4.553036694254640167e-14 1.295724410005972303e-14 -3.034783535234084510e-14 -1.444095031555366325e-14 -1.992542644299615671e-14 -1.734642260408243435e-14 -1.585223730447418663e-14 1.483595037312124881e-15 1.311670785623862097e-15 1.134631077542465273e-14 3.130314027546136059e-14 2.197862078703737491e-14 7.424601734173951079e-15 -1.809860646355699345e-15 5.640355389483834950e-15 -1.911860681719703111e-15 2.876292146394749914e-15 2.607740970058965254e-15 -3.556011920382059163e-15 -7.140415101025235057e-16 -9.042636248745606274e-16 -2.289493225719471384e-15 -2.025929633895547483e-16 -3.921683462825867420e-15 -8.364154491582505287e-16 -2.142170739181795957e-15
1.529528132123837838e-14 -2.201704185692948492e-14 -1.005865055483742429e-13 -3.111806030250924957e-14 -1.975167747949911945e-14 1.736723778013103786e-15 4.241650525168963466e-15 1.090029834387782322e-15 -1.562465905515611590e-15 -3.856092952358634322e-15 2.197862078703737491e-14 4.651998872819662675e-14 9.874383594356354458e-15 -2.456093740786577702e-15 -4.838775657613740630e-16 -1.174235195534555424e-15 1.277655499808679300e-15 5.289516417638636257e-15 3.778256125455530385e-16 -3.649282477513715289e-16 1.139113447711726575e-15 3.557997508288371700e-15 1.332428986249886822e-15 -5.523367184681370571e-16 -1.355061108430619576e-15 -3.362538809604831789e-15
-4.539658285482973389e-15 -1.904597272513714508e-14 -4.310682229849817903e-15 -1.816031432554553308e-14 -2.339702167976613725e-14 -5.113717102805496567e-15 5.135658268355397605e-15 9.644848699892432468e-15 9.623526520861138157e-15 7.858026741216836295e-15 7.424601734173951079e-15 9.874383594356354458e-15 1.242361309941948059e-14 4.805194588319907169e-15 4.031042890874165656e-16 -2.018102770245878172e-15 3.707774987930382973e-15 3.655418159349409136e-15 3.805971149865537461e-15 1.207697158632016977e-15 -2.645081948704080233e-15 1.340795727718238364e-15 8.886666942715509313e-17 2.784980255312273645e-16 -5.991414545886760846e-17 -2.014312524321343482e-15
3.336692373337504196e-16 -1.276818544277219344e-14 1.322855166202582287e-14 -1.045354107036351072e-14 -9.523339256122396803e-15 -1.415241774701989820e-15 4.040490558791631746e-15 6.980313567630322750e-15 3.623506069396994234e-15 6.007833987349888561e-15 -1.809860646355699345e-15 -2.456093740786577702e-15 4.805194588319907169e-15 8.392938817852358210e-15 1.428100370689678415e-15 2.158772838568696151e-16 2.184451048297594420e-15 2.626860671414856871e-15 4.087882064558700263e-15 6.858292805171421792e-16 -2.187539710217053990e-15 5.597629388561365131e-16 -7.293307369713630336e-16 8.742292920056446474e-17 -1.525887125830759187e-16 -3.977815872011453581e-16
-4.165759473846445707e-14 -1.067158959399646992e-14 -1.661384607110444144e-14 7.202818266277722819e-15 1.867240154495866919e-15 -1.828955131761024264e-14 -9.294303452524276552e-15 -1.652464026745146789e-15 -4.403569691338146272e-15 5.185863897126796916e-15 5.640355389483834950e-15 -4.838775657613740630e-16 4.031042890874165656e-16 1.428100370689678415e-15 9.002414320253798931e-15 -8.243348625421204028e-17 1.238338898227956627e-15 1.610007653060257430e-15 2.380513402629072219e-16 1.287699912012759880e-15 1.903259144661389240e-16 -1.923655379027360760e-15 -6.458700972834099193e-16 -1.099785135439528208e-15 1.980467131308128288e-16 -2.225715379495751381e-16
-4.013775581645557854e-15 -9.037513239355061846e-15 2.495198235567131748e-15 -7.925993798560812166e-16 -2.169361979161286488e-15 -5.335268718205253927e-16 -1.533905835783943217e-15 1.093590664230309564e-14 -8.143343630016317830e-16 3.231204720298335524e-16 -1.911860681719703111e-15 -1.174235195534555424e-15 -2.018102770245878172e-15 2.158772838568696151e-16 -8.243348625421204028e-17 7.222865325076810416e-15 2.179816693130689356e-15 1.620837220542875569e-15 1.230442104919833635e-16 1.465260078058200891e-16 8.484880377608940176e-16 -4.185136345791330996e-16 6.893894758566623583e-16 -1.554086523812835493e-16 -3.506064129874169848e-16 2.718745403276988244e-16
-1.948254387300201386e-14 -1.586965629963781963e-14 6.492623283817756031e-16 -1.085548263163405097e-14 -8.343628545163642608e-15 -7.894171156718094120e-15 -7.084758115445220391e-15 1.047551398020023476e-14 4.768419011514100639e-15 4.997531025767775825e-15 2.876292146394749914e-15 1.277655499808679300e-15 3.707774987930382973e-15 2.184451048297594420e-15 1.238338898227956627e-15 2.179816693130689356e-15 6.982119629276087603e-15 4.317530283386721584e-15 1.755450169275809642e-15 6.020035495155825787e-16 -2.115540112751338615e-15 -1.469450897402266722e-15 -2.704500423763880885e-16 -1.565828606667642783e-15 -3.942072759595135062e-16 -2.698376656116357485e-16
-2.010379180937324498e-14 -2.428056004205149772e-14 -2.425930281766446830e-14 -1.134675590374993921e-14 -1.189156017206546847e-14 -9.700090681648765132e-15 -1.492557081942859760e-15 5.536727511395602222e-15 9.543549085291086127e-16 6.267722903227081936e-15 2.607740970058965254e-15 5.289516417638636257e-15 3.655418159349409136e-15 2.626860671414856871e-15 1.610007653060257430e-15 1.620837220542875569e-15 4.317530283386721584e-15 6.354459603667122855e-15 4.567594211179123575e-15 2.893339006674969799e-15 -2.277683824376065226e-16 7.249410326987795509e-16 -3.857291937128329226e-16 -5.538684844298113789e-16 -7.076491905537401424e-17 -2.662526475222224623e-16
-1.029197567609987685e-14 -4.456513217185418013e-14 -1.605747407931870209e-14 -1.381353006277840306e-14 -1.033135992684102694e-14 -1.371223925667883709e-14 1.228210219666634100e-14 4.745032213401204668e-15 -3.437769025488487548e-15 6.211015918099673959e-15 -3.556011920382059163e-15 3.778256125455530385e-16 3.805971149865537461e-15 4.087882064558700263e-15 2.380513402629072219e-16 1.230442104919833635e-16 1.755450169275809642e-15 4.567594211179123575e-15 1.399277103567402267e-14 7.004722048707407608e-15 1.129997845955458285e-15 4.462807577307777946e-15 4.196377098440809832e-17 2.021043876960688825e-15 6.268509233674380101e-16 1.044472553272547458e-16
-2.322487337910750569e-14 -1.392166432823423180e-14 -1.283192056840814847e-14 -4.595261145156006946e-15 -2.795127677144601741e-15 -1.258431830397611500e-14 5.720319260589849410e-15 -1.149229934217917532e-15 -3.657689656588935215e-15 4.496969289695130023e-15 -7.140415101025235057e-16 -3.649282477513715289e-16 1.207697158632016977e-15 6.858292805171421792e-16 1.287699912012759880e-15 1.465260078058200891e-16 6.020035495155825787e-16 2.893339006674969799e-15 7.004722048707407608e-15 9.037336200011151470e-15 4.013361841581658881e-15 3.306040203776522823e-15 8.993549154636078474e-16 1.603963677251606105e-15 9.441022732500070234e-16 9.735865803557154609e-16
4.052940396674365822e-15 1.021584430757061762e-14 -1.620904504276260103e-15 5.533605373411050772e-15 6.884945739256944267e-15 1.347189577201160540e-15 4.706343480339587300e-15 -4.961822875913682473e-15 -6.894483836172891079e-15 -6.171515237723000148e-15 -9.042636248745606274e-16 1.139113447711726575e-15 -2.645081948704080233e-15 -2.187539710217053990e-15 1.903259144661389240e-16 8.484880377608940176e-16 -2.115540112751338615e-15 -2.277683824376065226e-16 1.129997845955458285e-15 4.013361841581658881e-15 7.908476444514505144e-15 4.341062843485989614e-15 2.362839337292081187e-15 1.649764467583688079e-15 2.722165448803191458e-16 8.598932908033525318e-16
1.538891325017932034e-14 1.826070685428318718e-15 -5.579345065510725444e-15 -7.385293853392246100e-15 -2.819138251609616060e-15 3.205710533131152704e-15 1.235554971738030044e-14 -3.116717981269084967e-15 -3.089347035232679395e-15 -1.859247685849653693e-15 -2.289493225719471384e-15 3.557997508288371700e-15 1.340795727718238364e-15 5.597629388561365131e-16 -1.923655379027360760e-15 -4.185136345791330996e-16 -1.469450897402266722e-15 7.249410326987795509e-16 4.462807577307777946e-15 3.306040203776522823e-15 4.341062843485989614e-15 8.102887709184619790e-15 3.314253050920271335e-15 2.858170079035470857e-15 6.601280382590825878e-16 2.436805705651076028e-16
1.238993543721162160e-14 9.491513935131445096e-15 8.291163517620048231e-15 -1.649110525998435603e-15 4.384724074748919023e-15 4.283386966568607435e-15 3.456033274781244212e-15 1.970914415995375526e-15 -1.002524959949318904e-15 -3.928463919918865680e-15 -2.025929633895547483e-16 1.332428986249886822e-15 8.886666942715509313e-17 -7.293307369713630336e-16 -6.458700972834099193e-16 6.893894758566623583e-16 -2.704500423763880885e-16 -3.857291937128329226e-16 4.196377098440809832e-17 8.993549154636078474e-16 2.362839337292081187e-15 3.314253050920271335e-15 5.453904979817624455e-15 2.547697737684449461e-15 6.292089519900022273e-16 1.536867941715370189e-16
1.226843550629581235e-14 -8.042812829895545067e-15 3.513760555118077514e-15 3.975618057469497565e-15 2.673949874369855953e-15 2.364017113768819885e-15 8.224322575907708150e-15 -3.022915942108351232e-16 -2.278951318570305023e-15 -2.491791474512981277e-15 -3.921683462825867420e-15 -5.523367184681370571e-16 2.784980255312273645e-16 8.742292920056446474e-17 -1.099785135439528208e-15 -1.554086523812835493e-16 -1.565828606667642783e-15 -5.538684844298113789e-16 2.021043876960688825e-15 1.603963677251606105e-15 1.649764467583688079e-15 2.858170079035470857e-15 2.547697737684449461e-15 4.957155554056987276e-15 1.485878863677103932e-15 7.052286167511859892e-16
-1.278931349845412974e-14 -9.579000297584661337e-15 -7.255123510521065902e-15 4.689258203200381798e-16 -4.798530716559976548e-15 -4.497988650406543209e-15 -6.429941578467902182e-16 -2.609306335027273743e-15 -4.682892740676644213e-16 1.289131744469819983e-15 -8.364154491582505287e-16 -1.355061108430619576e-15 -5.991414545886760846e-17 -1.525887125830759187e-16 1.980467131308128288e-16 -3.506064129874169848e-16 -3.942072759595135062e-16 -7.076491905537401424e-17 6.268509233674380101e-16 9.441022732500070234e-16 2.722165448803191458e-16 6.601280382590825878e-16 6.292089519900022273e-16 1.485878863677103932e-15 3.248585022492334942e-15 1.152248986584233387e-15
-6.025557812076100600e-17 3.665445858215538639e-15 7.388862989564485847e-15 1.737596535771522439e-15 6.945569685659054465e-15 1.937784474676600789e-16 -7.996274654257733773e-16 -4.551697884459173897e-16 -2.045093809355673767e-15 -1.334347846788205945e-15 -2.142170739181795957e-15 -3.362538809604831789e-15 -2.014312524321343482e-15 -3.977815872011453581e-16 -2.225715379495751381e-16 2.718745403276988244e-16 -2.698376656116357485e-16 -2.662526475222224623e-16 1.044472553272547458e-16 9.735865803557154609e-16 8.598932908033525318e-16 2.436805705651076028e-16 1.536867941715370189e-16 7.052286167511859892e-16 1.152248986584233387e-15 3.066257027240546799e-15
