1.043999807427566811e-12 1.099979459696009378e-13 1.336656439830485546e-14 -1.994746545075451698e-13 6.783036470311920845e-15 -1.084950021288476577e-14 6.131430167974504144e-14 4.418549247678047208e-14 6.072225824655915072e-15 -2.122265422195011964e-14 2.496369494534535529e-14 -1.058329807795292821e-14 1.145489479692203531e-14 -1.322215211164961239e-14 -1.542665355658423866e-14 -8.220031424402019884e-15 1.901766952716325375e-16 -6.236154121183214860e-16 9.757532816678301675e-16 4.910149569761945841e-15 1.101023433781181408e-14 5.121437569975241891e-16 -6.698187263561481160e-15 -5.628315381232387654e-15 2.622335140759742882e-15 3.195522639905493008e-16
1.099979459696009378e-13 3.154429332528898611e-13 1.711894720232943883e-13 1.024831324113319428e-13 5.405197107466342460e-14 4.155675864183900978e-14 -1.230520218982522753e-15 2.058997081949493913e-14 1.514027879247322822e-14 -4.149684573204913857e-15 3.328593730799710460e-14 1.093481384800961399e-14 -2.847701338100776687e-14 -5.913045851846862128e-14 -9.385354439431493326e-15 -2.494808598729517839e-14 -9.367669181512229371e-15 8.922396644951500637e-15 -6.422856612817655180e-15 -1.414518316960552641e-14 -5.459823694368451138e-15 -9.073543067569709426e-15 -5.592781133662804371e-16 -6.168465391109401783e-15 7.742078641878200527e-15 6.261665600833772971e-15
1.336656439830485546e-14 1.711894720232943883e-13 2.846598942708776209e-13 1.111721074310267959e-13 -7.906986404686724579e-15 2.603762199770644775e-14 2.412336616360077972e-14 -1.543388741438211847e-14 5.107060464921037111e-15 6.842067043462443148e-15 1.354345045970373099e-14 2.738566067264865181e-15 -1.127077179860127743e-14 -3.201824288830416803e-14 8.763678000701028355e-15 -7.518010583770413507e-15 8.336980622393755742e-15 1.557608387178253353e-14 -6.595384839642907529e-16 4.874582499502364416e-15 -8.020837793463812300e-16 2.524378744126741667e-15 1.674283837851341451e-15 -2.389927733244671855e-15 5.805243246702857876e-15 2.288349919055403963e-15
-1.994746545075451698e-13 1.024831324113319428e-13 1.111721074310267959e-13 2.680065041141746124e-13 5.377897781789035565e-14 7.344585038380056581e-14 -3.440202933812584432e-14 2.408422757019242933e-14 2.510254825102137800e-14 -1.022482818226173015e-14 2.934434945858994007e-14 -1.133605100199655794e-14 -1.550001235381597221e-14 -3.756497972560366331e-14 -2.632527848870673232e-15 -1.415309743711364081e-14 -7.290676054211966111e-15 2.016094158015777405e-15 -9.197299092241292619e-15 -7.921678589033672241e-15 -4.306897791051485555e-15 -6.196799936221336589e-15 3.904004141391678804e-15 1.504742213894771229e-15 4.940970384717185703e-15 1.070879450969864704e-15
6.783036470311920845e-15 5.405197107466342460e-14 -7.906986404686724579e-15 5.377897781789035565e-14 2.438520089381578252e-13 3.300661401501170136e-14 -3.013718336398717492e-14 4.656470736959419315e-14 -3.274012448821715225e-15 -4.107787491997631934e-14 1.836646166373786077e-14 -1.790313104303743249e-14 -1.170591037475691415e-14 -7.002699205688273371e-15 -2.107454887510979786e-14 -2.046872418408468022e-14 -8.713196844893094595e-15 -3.697929260316382778e-15 -4.642374978080982676e-15 -1.921427171735013912e-14 -9.088196346741512517e-15 -1.200095126790380100e-14 1.511220945480601238e-15 -4.883136315585781067e-15 8.657191468719158002e-16 1.164241569097888719e-15
-1.084950021288476577e-14 4.155675864183900978e-14 2.603762199770644775e-14 7.344585038380056581e-14 3.300661401501170136e-14 1.095135583607197457e-13 -3.672127657240120032e-16 3.158208585339967294e-14 1.800319073144372318e-14 -2.417391717408706575e-14 5.827927934025720885e-15 -1.983510922781311340e-15 -1.978192331014632777e-15 -2.186039172585174170e-14 7.058634073938385837e-15 -3.989265908295800301e-15 -3.665549137288744954e-15 -4.376754127799680783e-15 -3.878851189297660660e-15 -2.577323868163084068e-15 2.122188849759111942e-15 -5.988208466141825489e-15 -2.552041308236165206e-16 1.852460515303360047e-15 1.374170672167810949e-15 -1.916771012115133696e-15
6.131430167974504144e-14 -1.230520218982522753e-15 2.412336616360077972e-14 -3.440202933812584432e-14 -3.013718336398717492e-14 -3.672127657240120032e-16 6.889712888246932515e-14 2.199352326419909662e-14 1.892987224233896516e-14 1.936813588221348212e-14 7.317731435412947806e-15 8.619090747082953361e-15 7.313867988615096531e-15 -1.248311907001256908e-14 7.208346032499238749e-15 1.508155653013825370e-15 -3.067356467015174031e-15 8.760272978386017323e-16 -2.295661899609276372e-15 3.152472835151911743e-15 -1.380621191023664093e-15 5.474686217822876147e-15 9.071513490733015395e-16 1.277350706268707649e-15 3.353692796459562832e-15 -1.123541648542039314e-15
4.418549247678047208e-14 2.058997081949493913e-14 -1.543388741438211847e-14 2.408422757019242933e-14 4.656470736959419315e-14 3.158208585339967294e-14 2.199352326419909662e-14 7.975725350525410217e-14 4.035305702610622039e-14 2.152993987709922175e-15 1.866026231089433595e-14 5.034363036487365160e-15 -4.652828255240338144e-15 -1.766001218089693957e-14 -2.716572214200610444e-15 -2.523125061088829349e-15 -9.406632415862733717e-15 -9.775100517930624305e-15 -7.893302489579715654e-15 -4.157843865196591855e-15 -1.760844417702321154e-15 -4.426315660382255766e-17 1.032808780386948438e-15 1.991763944450234084e-15 1.421333433606155885e-15 -5.251733875946625135e-16
6.072225824655915072e-15 1.514027879247322822e-14 5.107060464921037111e-15 2.510254825102137800e-14 -3.274012448821715225e-15 1.800319073144372318e-14 1.892987224233896516e-14 4.035305702610622039e-14 4.316810377890249057e-14 1.006977973350068086e-14 1.373584329598146106e-14 5.284610324216590556e-15 -4.270279377016512037e-15 -1.716594186150462861e-14 2.838341041394746015e-15 5.244841342441406370e-16 -6.579399641614029574e-15 -6.874275316358731861e-15 -4.656461674402735690e-15 1.640572296676524010e-15 1.483403179308110930e-16 1.860148918650235188e-15 1.360977696288766104e-15 2.675381338533417503e-15 5.725367739624766475e-16 -1.106613933165392865e-15
-2.122265422195011964e-14 -4.149684573204913857e-15 6.842067043462443148e-15 -1.022482818226173015e-14 -4.107787491997631934e-14 -2.417391717408706575e-14 1.936813588221348212e-14 2.152993987709922175e-15 1.006977973350068086e-14 4.283247115576580703e-14 1.044142211365943934e-14 5.156000183206712610e-15 -1.402592781742623343e-16 -2.523745918755730072e-15 1.089388601698879006e-15 2.942433697991014731e-15 -8.711254401410853568e-16 2.107333915261540476e-15 -2.139091851312307466e-15 6.145016185120371997e-15 1.694527502976386594e-15 6.338748520887171291e-15 -4.859839051728070291e-16 5.300978753498867939e-16 1.888336191535397184e-15 1.470495207632209742e-15
2.496369494534535529e-14 3.328593730799710460e-14 1.354345045970373099e-14 2.934434945858994007e-14 1.836646166373786077e-14 5.827927934025720885e-15 7.317731435412947806e-15 1.866026231089433595e-14 1.373584329598146106e-14 1.044142211365943934e-14 1.914046266635377577e-14 2.789228344275738586e-15 -3.791449631137345511e-15 -1.284574018523082339e-14 -3.693765253755606763e-15 -3.832838925493189895e-15 -5.479964705736133391e-15 -7.988169019653764386e-16 -3.829101019002781655e-15 -5.856494146246152801e-16 -1.814781798936317704e-16 1.831210715261903694e-16 8.362680749318275578e-16 1.915785072482056043e-16 2.389681000997048820e-15 7.504998607829918717e-16
-1.058329807795292821e-14 1.093481384800961399e-14 2.738566067264865181e-15 -1.133605100199655794e-14 -1.790313104303743249e-14 -1.983510922781311340e-15 8.619090747082953361e-15 5.034363036487365160e-15 5.284610324216590556e-15 5.156000183206712610e-15 2.789228344275738586e-15 1.600635849463292044e-14 -1.470574300862704366e-15 -2.338856716268878926e-15 2.857336000555239287e-15 1.916109054719737503e-15 -2.647856036324989237e-15 -2.671306705567167932e-15 -1.755160986007261116e-15 7.199233936544991201e-17 -8.764792911339523730e-16 7.429948846472721641e-16 -6.626779629339407228e-17 8.690970019728486394e-16 6.394538290740196552e-16 2.238391973187089183e-16
1.145489479692203531e-14 -2.847701338100776687e-14 -1.127077179860127743e-14 -1.550001235381597221e-14 -1.170591037475691415e-14 -1.978192331014632777e-15 7.313867988615096531e-15 -4.652828255240338144e-15 -4.270279377016512037e-15 -1.402592781742623343e-16 -3.791449631137345511e-15 -1.470574300862704366e-15 8.737048966660715929e-15 5.263088851278584479e-15 2.892381165583525206e-15 3.040220100758640343e-15 2.791395865764253488e-15 2.878711542342720768e-15 1.751301817930969057e-15 2.294279156233730762e-15 1.205974415485105818e-15 1.911176987776821326e-15 2.144354828829551539e-16 7.178191233032428818e-16 4.519056389362102491e-17 -7.146080346985507568e-16
-1.322215211164961239e-14 -5.913045851846862128e-14 -3.201824288830416803e-14 -3.756497972560366331e-14 -7.002699205688273371e-15 -2.186039172585174170e-14 -1.248311907001256908e-14 -1.766001218089693957e-14 -1.716594186150462861e-14 -2.523745918755730072e-15 -1.284574018523082339e-14 -2.338856716268878926e-15 5.263088851278584479e-15 2.486529081471051215e-14 7.190135240886699961e-16 4.882285416307666262e-15 3.908113720923858313e-15 1.199776482278558101e-16 3.789563759378268847e-15 2.448072932558441009e-15 2.229693341489789003e-15 1.366779529529108791e-15 -7.853326743863162048e-16 -5.300816630411060463e-16 -2.456486170985739786e-15 -3.218374803831426218e-16
-1.542665355658423866e-14 -9.385354439431493326e-15 8.763678000701028355e-15 -2.632527848870673232e-15 -2.107454887510979786e-14 7.058634073938385837e-15 7.208346032499238749e-15 -2.716572214200610444e-15 2.838341041394746015e-15 1.089388601698879006e-15 -3.693765253755606763e-15 2.857336000555239287e-15 2.892381165583525206e-15 7.190135240886699961e-16 7.082895247686433515e-15 4.395638740079010731e-15 2.959770877189505345e-15 1.131359101104451289e-15 4.679349886226806918e-16 2.360631046248049809e-15 8.946940087672516164e-16 1.323599957432529179e-15 -2.910905468395004339e-17 9.611001635145369985e-16 5.951638436842289831e-17 -5.869334282626189819e-16
-8.220031424402019884e-15 -2.494808598729517839e-14 -7.518010583770413507e-15 -1.415309743711364081e-14 -2.046872418408468022e-14 -3.989265908295800301e-15 1.508155653013825370e-15 -2.523125061088829349e-15 5.244841342441406370e-16 2.942433697991014731e-15 -3.832838925493189895e-15 1.916109054719737503e-15 3.040220100758640343e-15 4.882285416307666262e-15 4.395638740079010731e-15 7.944135145334148692e-15 4.484282370576040368e-15 5.342700941342968293e-16 6.363690939248510099e-16 3.609632797170589962e-15 1.559957571878254203e-15 1.562003819049587326e-15 2.654715617263325113e-17 1.340851140000448149e-15 -6.318790970812013278e-16 -7.287693544472180713e-16
1.901766952716325375e-16 -9.367669181512229371e-15 8.336980622393755742e-15 -7.290676054211966111e-15 -8.713196844893094595e-15 -3.665549137288744954e-15 -3.067356467015174031e-15 -9.406632415862733717e-15 -6.579399641614029574e-15 -8.711254401410853568e-16 -5.479964705736133391e-15 -2.647856036324989237e-15 2.791395865764253488e-15 3.908113720923858313e-15 2.959770877189505345e-15 4.484282370576040368e-15 8.448670001844969822e-15 5.638402692768853443e-15 1.906653889697542465e-15 2.428472084796922961e-15 3.676017390732326795e-17 6.406789622858732516e-16 -8.355038329788367633e-17 -2.373846418430980964e-16 -3.720097134331078262e-16 -3.048681069767526611e-16
-6.236154121183214860e-16 8.922396644951500637e-15 1.557608387178253353e-14 2.016094158015777405e-15 -3.697929260316382778e-15 -4.376754127799680783e-15 8.760272978386017323e-16 -9.775100517930624305e-15 -6.874275316358731861e-15 2.107333915261540476e-15 -7.988169019653764386e-16 -2.671306705567167932e-15 2.878711542342720768e-15 1.199776482278558101e-16 1.131359101104451289e-15 5.342700941342968293e-16 5.638402692768853443e-15 9.817757470809154422e-15 2.400738957383202268e-15 1.789844457859749264e-15 2.418224798624613802e-17 7.906199536366749293e-16 6.145366065726678180e-16 -6.787623110319551846e-16 9.900559103139957352e-16 4.187436700781448633e-16
9.757532816678301675e-16 -6.422856612817655180e-15 -6.595384839642907529e-16 -9.197299092241292619e-15 -4.642374978080982676e-15 -3.878851189297660660e-15 -2.295661899609276372e-15 -7.893302489579715654e-15 -4.656461674402735690e-15 -2.139091851312307466e-15 -3.829101019002781655e-15 -1.755160986007261116e-15 1.751301817930969057e-15 3.789563759378268847e-15 4.679349886226806918e-16 6.363690939248510099e-16 1.906653889697542465e-15 2.400738957383202268e-15 3.698528483506543568e-15 1.825266497469779149e-15 1.460692491426289923e-15 6.818796067951090194e-16 4.631292057795614939e-17 -3.046299527378948018e-16 -4.066154179064913226e-16 -1.411844100266539122e-16
4.910149569761945841e-15 -1.414518316960552641e-14 4.874582499502364416e-15 -7.921678589033672241e-15 -1.921427171735013912e-14 -2.577323868163084068e-15 3.152472835151911743e-15 -4.157843865196591855e-15 1.640572296676524010e-15 6.145016185120371997e-15 -5.856494146246152801e-16 7.199233936544991201e-17 2.294279156233730762e-15 2.448072932558441009e-15 2.360631046248049809e-15 3.609632797170589962e-15 2.428472084796922961e-15 1.789844457859749264e-15 1.825266497469779149e-15 6.619245414828954903e-15 4.084011733705272136e-15 2.770367151931627503e-15 3.466290766976316686e-16 6.986604931241588840e-16 -5.465246943069879595e-16 -3.498120703504783085e-16
1.101023433781181408e-14 -5.459823694368451138e-15 -8.020837793463812300e-16 -4.306897791051485555e-15 -9.088196346741512517e-15 2.122188849759111942e-15 -1.380621191023664093e-15 -1.760844417702321154e-15 1.483403179308110930e-16 1.694527502976386594e-15 -1.814781798936317704e-16 -8.764792911339523730e-16 1.205974415485105818e-15 2.229693341489789003e-15 8.946940087672516164e-16 1.559957571878254203e-15 3.676017390732326795e-17 2.418224798624613802e-17 1.460692491426289923e-15 4.084011733705272136e-15 7.300705082001282095e-15 3.453432290013079484e-15 2.998537199912050903e-16 2.178013489092410773e-16 -1.073819410380168312e-15 -7.081305632870443345e-17
5.121437569975241891e-16 -9.073543067569709426e-15 2.524378744126741667e-15 -6.196799936221336589e-15 -1.200095126790380100e-14 -5.988208466141825489e-15 5.474686217822876147e-15 -4.426315660382255766e-17 1.860148918650235188e-15 6.338748520887171291e-15 1.831210715261903694e-16 7.429948846472721641e-16 1.911176987776821326e-15 1.366779529529108791e-15 1.323599957432529179e-15 1.562003819049587326e-15 6.406789622858732516e-16 7.906199536366749293e-16 6.818796067951090194e-16 2.770367151931627503e-15 3.453432290013079484e-15 5.543397913515123656e-15 1.503183173758884470e-15 3.157533355759776138e-16 -3.919062663819246840e-16 -2.658982923850231321e-16
-6.698187263561481160e-15 -5.592781133662804371e-16 1.674283837851341451e-15 3.904004141391678804e-15 1.511220945480601238e-15 -2.552041308236165206e-16 9.071513490733015395e-16 1.032808780386948438e-15 1.360977696288766104e-15 -4.859839051728070291e-16 8.362680749318275578e-16 -6.626779629339407228e-17 2.144354828829551539e-16 -7.853326743863162048e-16 -2.910905468395004339e-17 2.654715617263325113e-17 -8.355038329788367633e-17 6.145366065726678180e-16 4.631292057795614939e-17 3.466290766976316686e-16 2.998537199912050903e-16 1.503183173758884470e-15 2.707544183453899924e-15 5.472161718408769779e-16 2.600112228233499292e-16 -1.428351532841361756e-16
-5.628315381232387654e-15 -6.168465391109401783e-15 -2.389927733244671855e-15 1.504742213894771229e-15 -4.883136315585781067e-15 1.852460515303360047e-15 1.277350706268707649e-15 1.991763944450234084e-15 2.675381338533417503e-15 5.300978753498867939e-16 1.915785072482056043e-16 8.690970019728486394e-16 7.178191233032428818e-16 -5.300816630411060463e-16 9.611001635145369985e-16 1.340851140000448149e-15 -2.373846418430980964e-16 -6.787623110319551846e-16 -3.046299527378948018e-16 6.986604931241588840e-16 2.178013489092410773e-16 3.157533355759776138e-16 5.472161718408769779e-16 2.148588030106652843e-15 4.422038762663043342e-16 -3.592325596515154731e-16
2.622335140759742882e-15 7.742078641878200527e-15 5.805243246702857876e-15 4.940970384717185703e-15 8.657191468719158002e-16 1.374170672167810949e-15 3.353692796459562832e-15 1.421333433606155885e-15 5.725367739624766475e-16 1.888336191535397184e-15 2.389681000997048820e-15 6.394538290740196552e-16 4.519056389362102491e-17 -2.456486170985739786e-15 5.951638436842289831e-17 -6.318790970812013278e-16 -3.720097134331078262e-16 9.900559103139957352e-16 -4.066154179064913226e-16 -5.465246943069879595e-16 -1.073819410380168312e-15 -3.919062663819246840e-16 2.600112228233499292e-16 4.422038762663043342e-16 1.983910064177545369e-15 4.661005971789490059e-16
3.195522639905493008e-16 6.261665600833772971e-15 2.288349919055403963e-15 1.070879450969864704e-15 1.164241569097888719e-15 -1.916771012115133696e-15 -1.123541648542039314e-15 -5.251733875946625135e-16 -1.106613933165392865e-15 1.470495207632209742e-15 7.504998607829918717e-16 2.238391973187089183e-16 -7.146080346985507568e-16 -3.218374803831426218e-16 -5.869334282626189819e-16 -7.287693544472180713e-16 -3.048681069767526611e-16 4.187436700781448633e-16 -1.411844100266539122e-16 -3.498120703504783085e-16 -7.081305632870443345e-17 -2.658982923850231321e-16 -1.428351532841361756e-16 -3.592325596515154731e-16 4.661005971789490059e-16 1.727340331527939876e-15
