7.903583232086130744e-13 2.233223181490447549e-13 3.549569243723566932e-13 5.236744972056118326e-14 1.641027353713710220e-13 2.555615962647221954e-13 1.461959024843200963e-13 5.786969648644601739e-14 7.407628503216330573e-15 -9.811172792323227477e-14 -4.553036694254564436e-14 1.529528132123876966e-14 -4.539658285483772505e-15 3.336692373334966036e-16 -4.165759473846477262e-14 -4.013775581645247043e-15 -1.948254387300166676e-14 -2.010379180937328600e-14 -1.029197567609962757e-14 -2.322487337910719645e-14 4.052940396674057377e-15 1.538891325017956962e-14 1.238993543721143701e-14 1.226843550629656335e-14 -1.278931349845509530e-14 -6.025557812066583733e-17
2.233223181490447549e-13 7.943213556553191048e-13 3.199226438634519563e-13 -2.248418211827112974e-14 1.052696793361417129e-13 1.601459354212989392e-13 1.125078603660083925e-14 -7.470082231895480666e-14 4.137102857089506123e-14 -2.301390133438325282e-14 1.295724410006012377e-14 -2.201704185692938079e-14 -1.904597272513764680e-14 -1.276818544277275195e-14 -1.067158959399675391e-14 -9.037513239354946673e-15 -1.586965629963754827e-14 -2.428056004205137781e-14 -4.456513217185403498e-14 -1.392166432823461203e-14 1.021584430757053084e-14 1.826070685427899044e-15 9.491513935131546071e-15 -8.042812829895519823e-15 -9.579000297585330291e-15 3.665445858215375345e-15
3.549569243723566932e-13 3.199226438634519563e-13 7.805166078869004138e-13 1.112533578627853391e-13 1.767848591439519134e-13 1.408107216960474166e-13 5.388527484259886437e-14 1.115045395542394487e-13 2.235687411063771358e-14 -3.130327627334398295e-14 -3.034783535234099025e-14 -1.005865055483738011e-13 -4.310682229850003285e-15 1.322855166202546157e-14 -1.661384607110424580e-14 2.495198235567191307e-15 6.492623283817327088e-16 -2.425930281766408649e-14 -1.605747407931846544e-14 -1.283192056840818475e-14 -1.620904504276903222e-15 -5.579345065510930547e-15 8.291163517620573613e-15 3.513760555118027027e-15 -7.255123510521725390e-15 7.388862989564339118e-15
5.236744972056118326e-14 -2.248418211827112974e-14 1.112533578627853391e-13 1.960601761234836850e-13 8.256158232113736978e-14 2.624281758691119576e-14 -8.937790601524067752e-15 7.249681316147808846e-15 -2.287629685866332289e-14 -2.751829707782631549e-14 -1.444095031555344237e-14 -3.111806030250885829e-14 -1.816031432554574449e-14 -1.045354107036332612e-14 7.202818266277830104e-15 -7.925993798561991513e-16 -1.085548263163402257e-14 -1.134675590374984613e-14 -1.381353006277839201e-14 -4.595261145156046389e-15 5.533605373410981352e-15 -7.385293853392347074e-15 -1.649110525998483527e-15 3.975618057469790233e-15 4.689258203197843638e-16 1.737596535771646882e-15
1.641027353713710220e-13 1.052696793361417129e-13 1.767848591439519134e-13 8.256158232113736978e-14 1.871464846749829313e-13 5.136706036993461018e-14 1.012466307985329885e-14 1.574975331137392845e-14 -3.718376838948066194e-14 -5.233863972620469361e-14 -1.992542644299611884e-14 -1.975167747949883862e-14 -2.339702167976641177e-14 -9.523339256122276897e-15 1.867240154495709541e-15 -2.169361979161262428e-15 -8.343628545163738850e-15 -1.189156017206547478e-14 -1.033135992684097488e-14 -2.795127677144723225e-15 6.884945739256856704e-15 -2.819138251609758844e-15 4.384724074749035774e-15 2.673949874370101683e-15 -4.798530716559851908e-15 6.945569685659179894e-15
2.555615962647221954e-13 1.601459354212989392e-13 1.408107216960474166e-13 2.624281758691119576e-14 5.136706036993461018e-14 1.366960465565173930e-13 3.224947722754374834e-14 6.296042263837635577e-15 2.038145644914283509e-14 -3.422885552599134871e-14 -1.734642260408227027e-14 1.736723778013297254e-15 -5.113717102805817633e-15 -1.415241774702136548e-15 -1.828955131761042566e-14 -5.335268718204043025e-16 -7.894171156717944236e-15 -9.700090681648779332e-15 -1.371223925667875978e-14 -1.258431830397606136e-14 1.347189577200995471e-15 3.205710533131317181e-15 4.283386966568572725e-15 2.364017113769150024e-15 -4.497988650406904507e-15 1.937784474677962807e-16
1.461959024843200963e-13 1.125078603660083925e-14 5.388527484259886437e-14 -8.937790601524067752e-15 1.012466307985329885e-14 3.224947722754374834e-14 7.438000818692365171e-14 1.360651917245982156e-14 -7.042704708938147246e-16 -4.568457526882516896e-15 -1.585223730447396891e-14 4.241650525168992654e-15 5.135658268355108093e-15 4.040490558791451097e-15 -9.294303452524363327e-15 -1.533905835783833762e-15 -7.084758115445280344e-15 -1.492557081942846941e-15 1.228210219666639937e-14 5.720319260589956695e-15 4.706343480339599133e-15 1.235554971738036355e-14 3.456033274781141660e-15 8.224322575907876966e-15 -6.429941578467762159e-16 -7.996274654259658593e-16
5.786969648644601739e-14 -7.470082231895480666e-14 1.115045395542394487e-13 7.249681316147808846e-15 1.574975331137392845e-14 6.296042263837635577e-15 1.360651917245982156e-14 9.360750577860984642e-14 9.966253464250024365e-15 9.549991808677352486e-15 1.483595037311853118e-15 1.090029834387625339e-15 9.644848699892350427e-15 6.980313567630190221e-15 -1.652464026745222717e-15 1.093590664230314297e-14 1.047551398020007857e-14 5.536727511395580134e-15 4.745032213401162069e-15 -1.149229934218123622e-15 -4.961822875913758992e-15 -3.116717981269001743e-15 1.970914415995503716e-15 -3.022915942108487803e-16 -2.609306335027510401e-15 -4.551697884459559453e-16
7.407628503216330573e-15 4.137102857089506123e-14 2.235687411063771358e-14 -2.287629685866332289e-14 -3.718376838948066194e-14 2.038145644914283509e-14 -7.042704708938147246e-16 9.966253464250024365e-15 3.964802573136889520e-14 1.732269638025962310e-14 1.311670785623987920e-15 -1.562465905515537634e-15 9.623526520861199689e-15 3.623506069396903515e-15 -4.403569691338155739e-15 -8.143343630016004258e-16 4.768419011514230801e-15 9.543549085291466753e-16 -3.437769025488421678e-15 -3.657689656588959670e-15 -6.894483836172943144e-15 -3.089347035232480208e-15 -1.002524959949306282e-15 -2.278951318570385092e-15 -4.682892740678638059e-16 -2.045093809355664300e-15
-9.811172792323227477e-14 -2.301390133438325282e-14 -3.130327627334398295e-14 -2.751829707782631549e-14 -5.233863972620469361e-14 -3.422885552599134871e-14 -4.568457526882516896e-15 9.549991808677352486e-15 1.732269638025962310e-14 5.541487928756129431e-14 1.134631077542448864e-14 -3.856092952358796827e-15 7.858026741217069798e-15 6.007833987350003735e-15 5.185863897126843459e-15 3.231204720296578336e-16 4.997531025767768725e-15 6.267722903227190799e-15 6.211015918099762312e-15 4.496969289695014060e-15 -6.171515237723127943e-15 -1.859247685849658820e-15 -3.928463919918892501e-15 -2.491791474513047541e-15 1.289131744469628093e-15 -1.334347846788576710e-15
-4.553036694254564436e-14 1.295724410006012377e-14 -3.034783535234099025e-14 -1.444095031555344237e-14 -1.992542644299611884e-14 -1.734642260408227027e-14 -1.585223730447396891e-14 1.483595037311853118e-15 1.311670785623987920e-15 1.134631077542448864e-14 3.130314027546124700e-14 2.197862078703723923e-14 7.424601734173943191e-15 -1.809860646355865006e-15 5.640355389483864138e-15 -1.911860681719652624e-15 2.876292146394684044e-15 2.607740970058930544e-15 -3.556011920382088351e-15 -7.140415101026023918e-16 -9.042636248745815322e-16 -2.289493225719446140e-15 -2.025929633894791163e-16 -3.921683462825974705e-15 -8.364154491582963812e-16 -2.142170739181790830e-15
1.529528132123876966e-14 -2.201704185692938079e-14 -1.005865055483738011e-13 -3.111806030250885829e-14 -1.975167747949883862e-14 1.736723778013297254e-15 4.241650525168992654e-15 1.090029834387625339e-15 -1.562465905515537634e-15 -3.856092952358796827e-15 2.197862078703723923e-14 4.651998872819627334e-14 9.874383594356259794e-15 -2.456093740786688931e-15 -4.838775657614260292e-16 -1.174235195534437095e-15 1.277655499808698430e-15 5.289516417638532916e-15 3.778256125455243437e-16 -3.649282477513822278e-16 1.139113447711719278e-15 3.557997508288441908e-15 1.332428986249805372e-15 -5.523367184681072776e-16 -1.355061108430554890e-15 -3.362538809604754086e-15
-4.539658285483772505e-15 -1.904597272513764680e-14 -4.310682229850003285e-15 -1.816031432554574449e-14 -2.339702167976641177e-14 -5.113717102805817633e-15 5.135658268355108093e-15 9.644848699892350427e-15 9.623526520861199689e-15 7.858026741217069798e-15 7.424601734173943191e-15 9.874383594356259794e-15 1.242361309941947585e-14 4.805194588319852738e-15 4.031042890875016640e-16 -2.018102770245805991e-15 3.707774987930468170e-15 3.655418159349450157e-15 3.805971149865602148e-15 1.207697158632020330e-15 -2.645081948704159514e-15 1.340795727718281357e-15 8.886666942715324424e-17 2.784980255311885624e-16 -5.991414545879958154e-17 -2.014312524321412508e-15
3.336692373334966036e-16 -1.276818544277275195e-14 1.322855166202546157e-14 -1.045354107036332612e-14 -9.523339256122276897e-15 -1.415241774702136548e-15 4.040490558791451097e-15 6.980313567630190221e-15 3.623506069396903515e-15 6.007833987350003735e-15 -1.809860646355865006e-15 -2.456093740786688931e-15 4.805194588319852738e-15 8.392938817852323501e-15 1.428100370689734030e-15 2.158772838568772325e-16 2.184451048297581009e-15 2.626860671414871859e-15 4.087882064558728662e-15 6.858292805171773821e-16 -2.187539710217096194e-15 5.597629388561546569e-16 -7.293307369713668793e-16 8.742292920059849669e-17 -1.525887125830272559e-16 -3.977815872011768140e-16
-4.165759473846477262e-14 -1.067158959399675391e-14 -1.661384607110424580e-14 7.202818266277830104e-15 1.867240154495709541e-15 -1.828955131761042566e-14 -9.294303452524363327e-15 -1.652464026745222717e-15 -4.403569691338155739e-15 5.185863897126843459e-15 5.640355389483864138e-15 -4.838775657614260292e-16 4.031042890875016640e-16 1.428100370689734030e-15 9.002414320253880973e-15 -8.243348625425309803e-17 1.238338898227963924e-15 1.610007653060287012e-15 2.380513402628966709e-16 1.287699912012740159e-15 1.903259144661072217e-16 -1.923655379027429391e-15 -6.458700972834465027e-16 -1.099785135439593486e-15 1.980467131308631927e-16 -2.225715379496219274e-16
-4.013775581645247043e-15 -9.037513239354946673e-15 2.495198235567191307e-15 -7.925993798561991513e-16 -2.169361979161262428e-15 -5.335268718204043025e-16 -1.533905835783833762e-15 1.093590664230314297e-14 -8.143343630016004258e-16 3.231204720296578336e-16 -1.911860681719652624e-15 -1.174235195534437095e-15 -2.018102770245805991e-15 2.158772838568772325e-16 -8.243348625425309803e-17 7.222865325076745729e-15 2.179816693130638869e-15 1.620837220542861370e-15 1.230442104919696324e-16 1.465260078057691829e-16 8.484880377609045686e-16 -4.185136345791717045e-16 6.893894758566511171e-16 -1.554086523812925472e-16 -3.506064129874861580e-16 2.718745403277164752e-16
-1.948254387300166676e-14 -1.586965629963754827e-14 6.492623283817327088e-16 -1.085548263163402257e-14 -8.343628545163738850e-15 -7.894171156717944236e-15 -7.084758115445280344e-15 1.047551398020007857e-14 4.768419011514230801e-15 4.997531025767768725e-15 2.876292146394684044e-15 1.277655499808698430e-15 3.707774987930468170e-15 2.184451048297581009e-15 1.238338898227963924e-15 2.179816693130638869e-15 6.982119629276071826e-15 4.317530283386695551e-15 1.755450169275736475e-15 6.020035495155033968e-16 -2.115540112751387130e-15 -1.469450897402232998e-15 -2.704500423763458351e-16 -1.565828606667704511e-15 -3.942072759594980248e-16 -2.698376656115912765e-16
-2.010379180937328600e-14 -2.428056004205137781e-14 -2.425930281766408649e-14 -1.134675590374984613e-14 -1.189156017206547478e-14 -9.700090681648779332e-15 -1.492557081942846941e-15 5.536727511395580134e-15 9.543549085291466753e-16 6.267722903227190799e-15 2.607740970058930544e-15 5.289516417638532916e-15 3.655418159349450157e-15 2.626860671414871859e-15 1.610007653060287012e-15 1.620837220542861370e-15 4.317530283386695551e-15 6.354459603667056591e-15 4.567594211179094387e-15 2.893339006674945738e-15 -2.277683824375958236e-16 7.249410326987780718e-16 -3.857291937128152225e-16 -5.538684844298318892e-16 -7.076491905532861776e-17 -2.662526475222272447e-16
-1.029197567609962757e-14 -4.456513217185403498e-14 -1.605747407931846544e-14 -1.381353006277839201e-14 -1.033135992684097488e-14 -1.371223925667875978e-14 1.228210219666639937e-14 4.745032213401162069e-15 -3.437769025488421678e-15 6.211015918099762312e-15 -3.556011920382088351e-15 3.778256125455243437e-16 3.805971149865602148e-15 4.087882064558728662e-15 2.380513402628966709e-16 1.230442104919696324e-16 1.755450169275736475e-15 4.567594211179094387e-15 1.399277103567401951e-14 7.004722048707460462e-15 1.129997845955424955e-15 4.462807577307859198e-15 4.196377098444181596e-17 2.021043876960764950e-15 6.268509233675978530e-16 1.044472553271487179e-16
-2.322487337910719645e-14 -1.392166432823461203e-14 -1.283192056840818475e-14 -4.595261145156046389e-15 -2.795127677144723225e-15 -1.258431830397606136e-14 5.720319260589956695e-15 -1.149229934218123622e-15 -3.657689656588959670e-15 4.496969289695014060e-15 -7.140415101026023918e-16 -3.649282477513822278e-16 1.207697158632020330e-15 6.858292805171773821e-16 1.287699912012740159e-15 1.465260078057691829e-16 6.020035495155033968e-16 2.893339006674945738e-15 7.004722048707460462e-15 9.037336200011107294e-15 4.013361841581711734e-15 3.306040203776526768e-15 8.993549154635958173e-16 1.603963677251605908e-15 9.441022732501701204e-16 9.735865803556267141e-16
4.052940396674057377e-15 1.021584430757053084e-14 -1.620904504276903222e-15 5.533605373410981352e-15 6.884945739256856704e-15 1.347189577200995471e-15 4.706343480339599133e-15 -4.961822875913758992e-15 -6.894483836172943144e-15 -6.171515237723127943e-15 -9.042636248745815322e-16 1.139113447711719278e-15 -2.645081948704159514e-15 -2.187539710217096194e-15 1.903259144661072217e-16 8.484880377609045686e-16 -2.115540112751387130e-15 -2.277683824375958236e-16 1.129997845955424955e-15 4.013361841581711734e-15 7.908476444514576141e-15 4.341062843485954115e-15 2.362839337292082371e-15 1.649764467583712928e-15 2.722165448803957639e-16 8.598932908034276708e-16
1.538891325017956962e-14 1.826070685427899044e-15 -5.579345065510930547e-15 -7.385293853392347074e-15 -2.819138251609758844e-15 3.205710533131317181e-15 1.235554971738036355e-14 -3.116717981269001743e-15 -3.089347035232480208e-15 -1.859247685849658820e-15 -2.289493225719446140e-15 3.557997508288441908e-15 1.340795727718281357e-15 5.597629388561546569e-16 -1.923655379027429391e-15 -4.185136345791717045e-16 -1.469450897402232998e-15 7.249410326987780718e-16 4.462807577307859198e-15 3.306040203776526768e-15 4.341062843485954115e-15 8.102887709184589813e-15 3.314253050920228736e-15 2.858170079035552504e-15 6.601280382591643335e-16 2.436805705650646592e-16
1.238993543721143701e-14 9.491513935131546071e-15 8.291163517620573613e-15 -1.649110525998483527e-15 4.384724074749035774e-15 4.283386966568572725e-15 3.456033274781141660e-15 1.970914415995503716e-15 -1.002524959949306282e-15 -3.928463919918892501e-15 -2.025929633894791163e-16 1.332428986249805372e-15 8.886666942715324424e-17 -7.293307369713668793e-16 -6.458700972834465027e-16 6.893894758566511171e-16 -2.704500423763458351e-16 -3.857291937128152225e-16 4.196377098444181596e-17 8.993549154635958173e-16 2.362839337292082371e-15 3.314253050920228736e-15 5.453904979817637077e-15 2.547697737684412779e-15 6.292089519899648550e-16 1.536867941715507007e-16
1.226843550629656335e-14 -8.042812829895519823e-15 3.513760555118027027e-15 3.975618057469790233e-15 2.673949874370101683e-15 2.364017113769150024e-15 8.224322575907876966e-15 -3.022915942108487803e-16 -2.278951318570385092e-15 -2.491791474513047541e-15 -3.921683462825974705e-15 -5.523367184681072776e-16 2.784980255311885624e-16 8.742292920059849669e-17 -1.099785135439593486e-15 -1.554086523812925472e-16 -1.565828606667704511e-15 -5.538684844298318892e-16 2.021043876960764950e-15 1.603963677251605908e-15 1.649764467583712928e-15 2.858170079035552504e-15 2.547697737684412779e-15 4.957155554057029086e-15 1.485878863677064687e-15 7.052286167511692259e-16
-1.278931349845509530e-14 -9.579000297585330291e-15 -7.255123510521725390e-15 4.689258203197843638e-16 -4.798530716559851908e-15 -4.497988650406904507e-15 -6.429941578467762159e-16 -2.609306335027510401e-15 -4.682892740678638059e-16 1.289131744469628093e-15 -8.364154491582963812e-16 -1.355061108430554890e-15 -5.991414545879958154e-17 -1.525887125830272559e-16 1.980467131308631927e-16 -3.506064129874861580e-16 -3.942072759594980248e-16 -7.076491905532861776e-17 6.268509233675978530e-16 9.441022732501701204e-16 2.722165448803957639e-16 6.601280382591643335e-16 6.292089519899648550e-16 1.485878863677064687e-15 3.248585022492436311e-15 1.152248986584216229e-15
-6.025557812066583733e-17 3.665445858215375345e-15 7.388862989564339118e-15 1.737596535771646882e-15 6.945569685659179894e-15 1.937784474677962807e-16 -7.996274654259658593e-16 -4.551697884459559453e-16 -2.045093809355664300e-15 -1.334347846788576710e-15 -2.142170739181790830e-15 -3.362538809604754086e-15 -2.014312524321412508e-15 -3.977815872011768140e-16 -2.225715379496219274e-16 2.718745403277164752e-16 -2.698376656115912765e-16 -2.662526475222272447e-16 1.044472553271487179e-16 9.735865803556267141e-16 8.598932908034276708e-16 2.436805705650646592e-16 1.536867941715507007e-16 7.052286167511692259e-16 1.152248986584216229e-15 3.066257027240505384e-15
