5.278412365567128028e-13 8.146909029489593921e-14 -8.980448881104850127e-14 1.926882107666923086e-14 -7.563637971942064345e-14 5.073549068601887407e-14 1.847040789985902887e-14 2.642324006890024328e-15 3.879537559144659155e-14 -8.540284346590689907e-15 -6.052116344429534533e-15 -1.204156120145340971e-14 -2.416461360676397321e-15 1.078463126065000408e-14 2.984108792594605040e-15 -6.603128918861369875e-16 1.783545520447211300e-14 -7.146844122525716505e-15 -1.628517394926734583e-14 -1.284240590162130747e-14 -1.382673192948504521e-14 -1.168771993357174341e-14 -5.451965418320284151e-15 1.510487261171067482e-15 -6.931829715445370872e-15 1.412879698311905554e-15
8.146909029489593921e-14 6.319764104690132518e-13 -1.975648318693848357e-13 -1.511927691201797126e-14 1.816400833263121498e-14 9.269670214905408095e-14 3.090052960546777055e-14 -7.472220654812379533e-16 3.390094604103240386e-14 -6.644428099894701388e-15 -1.232260355976485126e-14 -3.823567219107377334e-14 -1.951139462079163934e-14 2.334540009814207898e-14 2.490489375980815692e-15 1.417102223881183512e-14 1.927982165084825570e-14 7.959031182592176880e-16 -1.908134860511783549e-14 -6.173821498785366736e-15 -2.257705367782869866e-14 -9.499356367257666727e-15 4.040079487052778642e-15 5.735054870441549792e-15 6.572978745626595368e-15 1.547684229132381868e-14
-8.980448881104850127e-14 -1.975648318693848357e-13 3.071945035505387859e-13 -4.789952032328489344e-14 4.173470056031726271e-14 -1.226117643538218421e-13 -1.294325256673115858e-14 3.827970904697301837e-15 -2.619971415288390580e-14 -5.162978735123000339e-15 1.014972739664548401e-14 6.600606187664170869e-14 5.797152224657428015e-15 -2.392693416821482050e-14 -9.680555792534739892e-15 -4.442519040579761125e-15 -1.504750391462008631e-14 3.881459799506194967e-15 2.410561046598005077e-14 1.099543979072720303e-14 1.408553083788333294e-14 1.354890906135240783e-14 3.360288857150367014e-17 3.018625238219759032e-15 -4.247470370179907129e-15 -9.743227783969714489e-15
1.926882107666923086e-14 -1.511927691201797126e-14 -4.789952032328489344e-14 1.060097081241576786e-13 -1.284461851979200136e-14 2.707264334566431934e-15 -7.524474935092299754e-16 -1.232523165277785358e-14 -3.690887909100240919e-15 5.909349720431352022e-15 -6.025694268984186497e-15 -1.722039964451159176e-15 5.199774055205849845e-15 1.068820318196436761e-14 1.448366465378979498e-14 1.846925913622714890e-15 2.644648095719765011e-15 -7.203936940770120555e-15 -1.369310067503346887e-15 2.506710113346382316e-15 -4.101420856217025553e-15 1.497815902792553108e-15 2.475828765779750810e-15 3.075576626222257527e-15 2.580270500550714375e-15 3.004629118835865967e-15
-7.563637971942064345e-14 1.816400833263121498e-14 4.173470056031726271e-14 -1.284461851979200136e-14 1.063587317446948255e-13 -2.769465285334932982e-14 1.159836119203715556e-15 7.577181336109415669e-15 -2.886247628226500765e-14 -1.224342242971773218e-14 -3.198832204170125380e-15 1.070244352253834749e-14 -1.539348331192836458e-14 -1.692221631562355802e-14 -1.864620354944321103e-14 -5.381491960921807879e-15 -4.392709392307879288e-15 9.434646540115667730e-15 1.255952897347441655e-14 7.186881879498231019e-15 8.531263263291022693e-15 8.754765569298383241e-15 2.294910496376215931e-15 -2.011042733760491985e-15 3.077928983992593945e-15 -2.344229969562286956e-15
5.073549068601887407e-14 9.269670214905408095e-14 -1.226117643538218421e-13 2.707264334566431934e-15 -2.769465285334932982e-14 1.523600387505599789e-13 9.285321235987528970e-15 -6.203763898693023676e-15 5.256894938445819388e-14 1.779110177210801738e-14 2.509269409652224473e-14 -2.374825889484285109e-14 2.561603413010026885e-14 -3.277353405721433093e-15 -1.178051185346453378e-15 -2.261360728844917120e-15 1.325651134641029583e-15 -7.670642496676798286e-16 -2.214242633949379055e-14 -1.196374206933599709e-14 -1.286731903797424896e-14 -8.826437557924665865e-15 -5.573126998310769987e-15 -4.858613807863570197e-15 -2.356754719020744976e-15 4.249016878995187176e-15
1.847040789985902887e-14 3.090052960546777055e-14 -1.294325256673115858e-14 -7.524474935092299754e-16 1.159836119203715556e-15 9.285321235987528970e-15 2.199700672765436810e-14 4.162313295173086123e-15 1.501887527732673900e-14 5.134003103492783851e-15 1.945652770137322802e-15 1.175267696603344886e-16 -3.492441421727895040e-15 1.203596297163624139e-15 3.380284991678873563e-15 -9.407108424700068201e-16 -2.482746791353832977e-15 -3.612980998396560049e-16 -1.126365369477796410e-15 7.277294277590912064e-16 -2.314378149534585366e-15 -1.214823815092879882e-15 -1.049978199452742028e-15 2.935920747905635188e-16 9.698394872962860304e-16 6.703320953142624688e-16
2.642324006890024328e-15 -7.472220654812379533e-16 3.827970904697301837e-15 -1.232523165277785358e-14 7.577181336109415669e-15 -6.203763898693023676e-15 4.162313295173086123e-15 3.032400161862623917e-14 -3.813012373154829468e-16 1.232986678345455316e-15 -6.789676408597213788e-15 6.105915845122845152e-16 -3.285501579001637313e-15 -2.431733913318598062e-15 -7.804183396548569373e-15 1.680614174826931161e-15 2.757623985404113033e-15 5.371193731604869409e-15 1.178713438961751714e-15 -2.286979100508361790e-15 1.811575859284828663e-15 -2.790549276959811015e-15 -1.684905586314610869e-15 -1.506363123034320850e-15 2.517151814852386235e-16 3.038562933206554985e-16
3.879537559144659155e-14 3.390094604103240386e-14 -2.619971415288390580e-14 -3.690887909100240919e-15 -2.886247628226500765e-14 5.256894938445819388e-14 1.501887527732673900e-14 -3.813012373154829468e-16 5.644659746605786393e-14 2.317099859526286885e-14 1.457330234803172414e-14 -1.713714178552575953e-15 1.576033793939528093e-14 7.165929233928639532e-15 1.288895574351245946e-14 6.495953971540677938e-15 3.808451633568744702e-15 -7.650838903377878625e-16 -1.108547832491768151e-14 -2.320457633885283802e-15 -8.318808945367961182e-15 -4.455004521557873269e-15 -3.114475005150716005e-15 -1.474040517207024250e-15 -1.825189721018976792e-15 1.796800726951567132e-15
-8.540284346590689907e-15 -6.644428099894701388e-15 -5.162978735123000339e-15 5.909349720431352022e-15 -1.224342242971773218e-14 1.779110177210801738e-14 5.134003103492783851e-15 1.232986678345455316e-15 2.317099859526286885e-14 3.161482578989445769e-14 1.355430298105745979e-14 1.033241157028842166e-15 1.315231241498781574e-14 1.148727592909376597e-14 1.604371479247846100e-14 5.026523187976307211e-15 4.389048694545747892e-15 1.231626263492004954e-15 -4.563863310511799709e-15 5.053520163875574719e-16 -3.426140225458811613e-16 -4.284417215993443914e-16 3.620770874040155371e-16 6.903076333355225225e-16 -1.822773642690227861e-15 2.398234601123918612e-16
-6.052116344429534533e-15 -1.232260355976485126e-14 1.014972739664548401e-14 -6.025694268984186497e-15 -3.198832204170125380e-15 2.509269409652224473e-14 1.945652770137322802e-15 -6.789676408597213788e-15 1.457330234803172414e-14 1.355430298105745979e-14 2.607592818139050502e-14 1.295310306555760952e-14 1.498046581426408922e-14 -6.924997951334039216e-16 5.617110936420257390e-15 2.944646027488983320e-15 -3.985986024154273895e-15 -1.641777434755008887e-15 -3.327149082945394225e-15 -6.562534246276584799e-16 -1.294895178909157893e-15 1.463579174182434577e-15 7.669127362596884171e-17 8.663160414537256502e-18 -2.282221522857952300e-15 -1.544793840795709895e-15
-1.204156120145340971e-14 -3.823567219107377334e-14 6.600606187664170869e-14 -1.722039964451159176e-15 1.070244352253834749e-14 -2.374825889484285109e-14 1.175267696603344886e-16 6.105915845122845152e-16 -1.713714178552575953e-15 1.033241157028842166e-15 1.295310306555760952e-14 4.490900295781658221e-14 6.600258045239139284e-15 -4.984386490912034006e-15 7.637332537292934004e-15 1.012849546798676508e-14 -3.719311896593328376e-15 -1.900109891514167277e-15 2.636701891937712651e-15 1.689479981612708577e-15 -1.655555661262806780e-15 5.011693155251765171e-15 6.347437151438900607e-16 2.266859449688448082e-15 -3.467022629476397913e-15 -5.000413034731343736e-15
-2.416461360676397321e-15 -1.951139462079163934e-14 5.797152224657428015e-15 5.199774055205849845e-15 -1.539348331192836458e-14 2.561603413010026885e-14 -3.492441421727895040e-15 -3.285501579001637313e-15 1.576033793939528093e-14 1.315231241498781574e-14 1.498046581426408922e-14 6.600258045239139284e-15 2.148994767862263790e-14 2.311899091765720897e-15 7.441328611244555893e-15 5.723167888052994901e-15 7.001839190485729610e-16 -2.581279344890643987e-16 -3.847119629031625268e-15 -1.155278392005718298e-15 -2.548569737510525340e-15 5.882790247224199084e-16 -2.853464045239856005e-16 -2.445834013817641779e-16 -1.237915797071886937e-15 1.989955753743874072e-16
1.078463126065000408e-14 2.334540009814207898e-14 -2.392693416821482050e-14 1.068820318196436761e-14 -1.692221631562355802e-14 -3.277353405721433093e-15 1.203596297163624139e-15 -2.431733913318598062e-15 7.165929233928639532e-15 1.148727592909376597e-14 -6.924997951334039216e-16 -4.984386490912034006e-15 2.311899091765720897e-15 2.130738681992619406e-14 1.795325270405701688e-14 6.872711450230995969e-15 5.812518054639165937e-15 -1.347460156287709109e-15 -1.232977257461523774e-15 2.361780334404608248e-15 -8.085514401666354583e-16 -3.653279627599003662e-16 1.602449421657663932e-15 1.960756956972143675e-15 -2.949840691671188516e-16 1.012319051796930896e-15
2.984108792594605040e-15 2.490489375980815692e-15 -9.680555792534739892e-15 1.448366465378979498e-14 -1.864620354944321103e-14 -1.178051185346453378e-15 3.380284991678873563e-15 -7.804183396548569373e-15 1.288895574351245946e-14 1.604371479247846100e-14 5.617110936420257390e-15 7.637332537292934004e-15 7.441328611244555893e-15 1.795325270405701688e-14 2.955098263093094337e-14 1.387345919217586195e-14 4.492552674616841101e-15 -1.054880683248914143e-15 -1.985105507174733368e-15 3.410616501945968421e-15 -2.076267757877526467e-15 1.110968064861282694e-15 1.517313354909212942e-15 2.702982581204754609e-15 -9.747194163114379633e-16 -6.928483704593974918e-16
-6.603128918861369875e-16 1.417102223881183512e-14 -4.442519040579761125e-15 1.846925913622714890e-15 -5.381491960921807879e-15 -2.261360728844917120e-15 -9.407108424700068201e-16 1.680614174826931161e-15 6.495953971540677938e-15 5.026523187976307211e-15 2.944646027488983320e-15 1.012849546798676508e-14 5.723167888052994901e-15 6.872711450230995969e-15 1.387345919217586195e-14 1.475028442245029933e-14 5.100284653160392214e-15 2.059160075246889899e-15 -2.408753176559931876e-16 1.752859545109545300e-15 -1.670060717903420345e-15 1.356221997793766883e-15 1.191718997233284303e-15 1.486574107800583876e-15 -5.671655052637914136e-17 -2.500821154976256142e-16
1.783545520447211300e-14 1.927982165084825570e-14 -1.504750391462008631e-14 2.644648095719765011e-15 -4.392709392307879288e-15 1.325651134641029583e-15 -2.482746791353832977e-15 2.757623985404113033e-15 3.808451633568744702e-15 4.389048694545747892e-15 -3.985986024154273895e-15 -3.719311896593328376e-15 7.001839190485729610e-16 5.812518054639165937e-15 4.492552674616841101e-15 5.100284653160392214e-15 1.181376613886403337e-14 2.806835769672401490e-15 1.607212284987522411e-16 6.238161344804314115e-16 -1.956647744822490041e-16 1.907639765392615051e-16 5.942866081700955871e-16 2.464702220032147946e-16 4.275750645231683805e-16 1.348816952992987432e-15
-7.146844122525716505e-15 7.959031182592176880e-16 3.881459799506194967e-15 -7.203936940770120555e-15 9.434646540115667730e-15 -7.670642496676798286e-16 -3.612980998396560049e-16 5.371193731604869409e-15 -7.650838903377878625e-16 1.231626263492004954e-15 -1.641777434755008887e-15 -1.900109891514167277e-15 -2.581279344890643987e-16 -1.347460156287709109e-15 -1.054880683248914143e-15 2.059160075246889899e-15 2.806835769672401490e-15 9.005361474502890418e-15 5.326002609073488872e-15 3.278235764884913645e-15 3.675084355425153979e-15 1.226630544964142797e-15 3.670488788777572791e-16 -5.052007139552468901e-16 2.812995042278601316e-16 2.227850503985248587e-16
-1.628517394926734583e-14 -1.908134860511783549e-14 2.410561046598005077e-14 -1.369310067503346887e-15 1.255952897347441655e-14 -2.214242633949379055e-14 -1.126365369477796410e-15 1.178713438961751714e-15 -1.108547832491768151e-14 -4.563863310511799709e-15 -3.327149082945394225e-15 2.636701891937712651e-15 -3.847119629031625268e-15 -1.232977257461523774e-15 -1.985105507174733368e-15 -2.408753176559931876e-16 1.607212284987522411e-16 5.326002609073488872e-15 1.197989726283604900e-14 5.511726216451999490e-15 5.977179058219525160e-15 3.795610653704087745e-15 9.955026677423599783e-16 5.284878037241043943e-16 1.142122144830407840e-15 -8.467967585303565126e-17
-1.284240590162130747e-14 -6.173821498785366736e-15 1.099543979072720303e-14 2.506710113346382316e-15 7.186881879498231019e-15 -1.196374206933599709e-14 7.277294277590912064e-16 -2.286979100508361790e-15 -2.320457633885283802e-15 5.053520163875574719e-16 -6.562534246276584799e-16 1.689479981612708577e-15 -1.155278392005718298e-15 2.361780334404608248e-15 3.410616501945968421e-15 1.752859545109545300e-15 6.238161344804314115e-16 3.278235764884913645e-15 5.511726216451999490e-15 7.995619666902642186e-15 5.167062810652741652e-15 3.071392366752433564e-15 1.848402758439031737e-15 9.100163960462754899e-16 4.722805659117661752e-16 -2.407398342373800827e-16
-1.382673192948504521e-14 -2.257705367782869866e-14 1.408553083788333294e-14 -4.101420856217025553e-15 8.531263263291022693e-15 -1.286731903797424896e-14 -2.314378149534585366e-15 1.811575859284828663e-15 -8.318808945367961182e-15 -3.426140225458811613e-16 -1.294895178909157893e-15 -1.655555661262806780e-15 -2.548569737510525340e-15 -8.085514401666354583e-16 -2.076267757877526467e-15 -1.670060717903420345e-15 -1.956647744822490041e-16 3.675084355425153979e-15 5.977179058219525160e-15 5.167062810652741652e-15 9.653238433735891554e-15 4.482599695695514170e-15 2.390356725525851378e-15 2.373244096898532447e-16 6.601765993363770564e-17 -6.979799259821521082e-16
-1.168771993357174341e-14 -9.499356367257666727e-15 1.354890906135240783e-14 1.497815902792553108e-15 8.754765569298383241e-15 -8.826437557924665865e-15 -1.214823815092879882e-15 -2.790549276959811015e-15 -4.455004521557873269e-15 -4.284417215993443914e-16 1.463579174182434577e-15 5.011693155251765171e-15 5.882790247224199084e-16 -3.653279627599003662e-16 1.110968064861282694e-15 1.356221997793766883e-15 1.907639765392615051e-16 1.226630544964142797e-15 3.795610653704087745e-15 3.071392366752433564e-15 4.482599695695514170e-15 8.978760460500532934e-15 4.375210305051224975e-15 5.449550803227884546e-16 1.569863165407683716e-16 -6.929237813591441680e-16
-5.451965418320284151e-15 4.040079487052778642e-15 3.360288857150367014e-17 2.475828765779750810e-15 2.294910496376215931e-15 -5.573126998310769987e-15 -1.049978199452742028e-15 -1.684905586314610869e-15 -3.114475005150716005e-15 3.620770874040155371e-16 7.669127362596884171e-17 6.347437151438900607e-16 -2.853464045239856005e-16 1.602449421657663932e-15 1.517313354909212942e-15 1.191718997233284303e-15 5.942866081700955871e-16 3.670488788777572791e-16 9.955026677423599783e-16 1.848402758439031737e-15 2.390356725525851378e-15 4.375210305051224975e-15 5.605200691296748805e-15 2.240086636506449307e-15 4.199462317135805583e-16 1.512331038732256471e-16
1.510487261171067482e-15 5.735054870441549792e-15 3.018625238219759032e-15 3.075576626222257527e-15 -2.011042733760491985e-15 -4.858613807863570197e-15 2.935920747905635188e-16 -1.506363123034320850e-15 -1.474040517207024250e-15 6.903076333355225225e-16 8.663160414537256502e-18 2.266859449688448082e-15 -2.445834013817641779e-16 1.960756956972143675e-15 2.702982581204754609e-15 1.486574107800583876e-15 2.464702220032147946e-16 -5.052007139552468901e-16 5.284878037241043943e-16 9.100163960462754899e-16 2.373244096898532447e-16 5.449550803227884546e-16 2.240086636506449307e-15 4.431656587017961155e-15 1.082224862890780367e-15 4.762735804557730583e-16
-6.931829715445370872e-15 6.572978745626595368e-15 -4.247470370179907129e-15 2.580270500550714375e-15 3.077928983992593945e-15 -2.356754719020744976e-15 9.698394872962860304e-16 2.517151814852386235e-16 -1.825189721018976792e-15 -1.822773642690227861e-15 -2.282221522857952300e-15 -3.467022629476397913e-15 -1.237915797071886937e-15 -2.949840691671188516e-16 -9.747194163114379633e-16 -5.671655052637914136e-17 4.275750645231683805e-16 2.812995042278601316e-16 1.142122144830407840e-15 4.722805659117661752e-16 6.601765993363770564e-17 1.569863165407683716e-16 4.199462317135805583e-16 1.082224862890780367e-15 4.164243967535010903e-15 2.210628691609513329e-15
1.412879698311905554e-15 1.547684229132381868e-14 -9.743227783969714489e-15 3.004629118835865967e-15 -2.344229969562286956e-15 4.249016878995187176e-15 6.703320953142624688e-16 3.038562933206554985e-16 1.796800726951567132e-15 2.398234601123918612e-16 -1.544793840795709895e-15 -5.000413034731343736e-15 1.989955753743874072e-16 1.012319051796930896e-15 -6.928483704593974918e-16 -2.500821154976256142e-16 1.348816952992987432e-15 2.227850503985248587e-16 -8.467967585303565126e-17 -2.407398342373800827e-16 -6.979799259821521082e-16 -6.929237813591441680e-16 1.512331038732256471e-16 4.762735804557730583e-16 2.210628691609513329e-15 4.431492303934851736e-15
