3.355157415545344522e-13 8.209477508868273215e-14 1.633008845767437185e-13 -1.355901889066559605e-13 3.817362302935362225e-15 -4.574337578250160156e-14 -1.703445495079080351e-14 -1.171571842161070239e-16 9.515456683053735798e-16 -2.077467732831653519e-15 3.883976090179654284e-14 2.212060516004595235e-14 1.915519933248648194e-14 1.631961016900837907e-14 6.337354435927419109e-16 -7.404459513383237177e-15 -1.215335713965572420e-14 8.533664189973540761e-15 -1.177667833686490722e-14 1.529828538784668700e-14 9.059413041079593686e-15 9.235455157624158894e-15 4.011878614437490382e-15 -5.675192613734537882e-15 -2.856054623934578947e-15 4.666074665741304088e-15
8.209477508868273215e-14 6.409019428236004631e-13 4.535036525267174510e-14 2.740592719389594391e-14 1.207427912241476831e-14 2.421146134158329170e-14 -2.915940720486262535e-14 -4.426739414088567238e-14 -4.366923566588937715e-14 -2.518586963625344085e-14 6.139340874454490777e-15 3.229738659619184244e-14 3.225644328940771160e-14 -9.252707969421247462e-15 2.547105570618407012e-14 1.123099251860020364e-14 -1.635521765167993331e-14 -1.689382991507773460e-14 6.767022833112489695e-15 5.663525380831601383e-15 -1.331912981896240255e-14 -1.699357903305389760e-15 -1.688449522597681235e-14 4.228236554308461142e-16 -4.477777065245151835e-16 1.353638424162103905e-14
1.633008845767437185e-13 4.535036525267174510e-14 4.329029494998096691e-13 -3.281518843088188590e-14 -4.425417860132868103e-14 -4.996981466252197499e-14 -5.305395350329916457e-14 -3.537212461906383839e-15 -1.032277640032729438e-14 4.406077684409714733e-15 1.944489850178688864e-14 1.885910662857970909e-14 1.249586841040934105e-14 -2.754950738081572116e-15 -1.941136668404839898e-14 -7.271982871845927775e-16 6.174765500545450746e-15 7.691356309698382467e-15 -7.946163857058471616e-15 4.679143598417500143e-16 -1.334830716637890310e-15 4.993856542048887217e-15 3.718384873966948973e-15 -1.719005549770092123e-15 -6.574122436314702151e-15 -3.702091282208224350e-15
-1.355901889066559605e-13 2.740592719389594391e-14 -3.281518843088188590e-14 1.523929196144981394e-13 -2.785038134894272928e-14 9.079501473509691719e-15 -9.081155894547220839e-15 2.741033110131671656e-14 2.401298840003506489e-14 5.863062598335290286e-15 -1.407903157978991612e-14 -1.595059535125766451e-14 -1.254854895257335435e-14 -1.088000147726098798e-14 2.479753180359509486e-15 3.074874490781572411e-15 1.749018434975167581e-14 -5.550282538129097512e-15 2.843079450955453875e-15 -5.021244370685779980e-15 -1.309969162824413740e-15 -3.172664930593227410e-15 -1.828862776925150150e-15 4.202566423048689269e-15 1.625669461002980578e-15 6.354099410702012601e-16
3.817362302935362225e-15 1.207427912241476831e-14 -4.425417860132868103e-14 -2.785038134894272928e-14 1.107536949588432132e-13 3.852575897346354042e-14 2.841571006354302952e-14 -1.207061832684772602e-14 -3.047761986729994453e-14 -6.532794871228889204e-15 8.806155900822577853e-16 5.566484998877060020e-15 1.504763691631619891e-15 -4.325030099909481342e-15 2.639735327286751007e-15 9.806626893779600557e-16 4.630066539662071461e-15 5.557846719595867323e-15 5.006274077196921663e-15 6.164658617827781096e-16 -4.582582761441184881e-15 -2.976912834999401227e-15 -2.216380824845435904e-15 -2.281149418458745855e-16 1.373576001254891586e-15 -5.012735273990806687e-17
-4.574337578250160156e-14 2.421146134158329170e-14 -4.996981466252197499e-14 9.079501473509691719e-15 3.852575897346354042e-14 4.802129954154706632e-14 2.978428559164522332e-14 -1.919804446062160173e-14 -2.950569457768539453e-14 -3.477200073115895822e-15 -9.036076098014356448e-15 -3.957060052347073044e-15 -2.986114822872096066e-15 -6.308865522921765191e-15 3.298478460263684043e-15 1.357983017030634446e-16 -2.170625127031524323e-15 -1.336467860206946804e-15 3.937844791604124228e-15 -3.920785378988580528e-15 -5.277760654245735256e-15 -3.546332344345834484e-15 -2.389957316033708320e-15 4.725975784053965363e-16 3.446936043690115281e-15 1.329728206494531835e-15
-1.703445495079080351e-14 -2.915940720486262535e-14 -5.305395350329916457e-14 -9.081155894547220839e-15 2.841571006354302952e-14 2.978428559164522332e-14 5.201063733401431228e-14 -1.885487779504610697e-14 -3.069588028943831180e-14 -6.422772542338298476e-15 -1.774145826322646130e-14 -8.980589859472784813e-15 -1.054917231954372026e-14 -7.965254687600026924e-15 -6.997257199630728434e-16 -1.400623469711165319e-15 -4.775843030235803307e-15 1.028088127263219504e-15 3.571331597133249593e-15 -2.183935158726766102e-15 -4.127179153340975322e-15 -2.079675336966690540e-15 9.956507531168059831e-16 2.059672350935295202e-16 4.181062129558319692e-15 8.787782681465516498e-16
-1.171571842161070239e-16 -4.426739414088567238e-14 -3.537212461906383839e-15 2.741033110131671656e-14 -1.207061832684772602e-14 -1.919804446062160173e-14 -1.885487779504610697e-14 6.456463426325322464e-14 5.164282568588583384e-14 1.451837944496726697e-14 2.238413697572399983e-14 -1.096592184480701876e-15 2.092848118852501254e-15 7.884599668658970016e-15 1.124963869190686905e-14 6.079354358135973425e-15 8.475670317873170128e-15 9.120696776047716803e-16 -8.279418080687673217e-15 4.163112845281081591e-15 5.848422655997066540e-15 3.524107762125445682e-15 8.743013843574401285e-16 -5.251776952142377670e-16 -1.650832920437222521e-15 -1.006359448681996195e-15
9.515456683053735798e-16 -4.366923566588937715e-14 -1.032277640032729438e-14 2.401298840003506489e-14 -3.047761986729994453e-14 -2.950569457768539453e-14 -3.069588028943831180e-14 5.164282568588583384e-14 8.002024429075210751e-14 2.323588341408770227e-14 1.741459800271303522e-14 -5.464006100872286423e-16 5.304446478083984148e-15 1.117640573273398806e-14 8.304930911665353678e-15 2.274269576690935531e-16 8.449139180886644965e-15 7.380451227962579187e-16 -7.244586428894127747e-15 4.437483630863534295e-15 9.869853717500050245e-15 2.156480956502730044e-15 -6.843006338070989166e-16 -6.821793487091368990e-16 -2.557678014611634844e-15 -5.871114435755319972e-16
-2.077467732831653519e-15 -2.518586963625344085e-14 4.406077684409714733e-15 5.863062598335290286e-15 -6.532794871228889204e-15 -3.477200073115895822e-15 -6.422772542338298476e-15 1.451837944496726697e-14 2.323588341408770227e-14 2.056759834370532491e-14 7.057162233869839282e-15 -2.057818438291546251e-16 -2.903480774256972166e-15 4.666218637980219244e-15 4.860588595808035569e-15 3.778106216606218685e-15 3.124289207323578630e-15 -1.293184122201175041e-15 -4.554182608495531520e-15 8.860474703250015550e-16 2.298883250428288561e-15 -5.619756090629420229e-16 -1.102126086190945615e-15 1.765240141659943096e-16 -1.774585595124067422e-16 -2.464160147554922137e-16
3.883976090179654284e-14 6.139340874454490777e-15 1.944489850178688864e-14 -1.407903157978991612e-14 8.806155900822577853e-16 -9.036076098014356448e-15 -1.774145826322646130e-14 2.238413697572399983e-14 1.741459800271303522e-14 7.057162233869839282e-15 2.704867786737495682e-14 8.568950597376122043e-15 9.319913286679865705e-15 1.091443659451507905e-14 3.999193565908335819e-15 2.733462865396478656e-15 -1.768784179659146373e-15 2.975715668421866754e-16 -4.664928238537293494e-15 3.805510346720989720e-15 2.643930736226383098e-15 1.695468503202264676e-15 -4.405646602279554132e-16 -5.952003261439685437e-16 -1.760662787347649649e-15 -3.136891659283407111e-17
2.212060516004595235e-14 3.229738659619184244e-14 1.885910662857970909e-14 -1.595059535125766451e-14 5.566484998877060020e-15 -3.957060052347073044e-15 -8.980589859472784813e-15 -1.096592184480701876e-15 -5.464006100872286423e-16 -2.057818438291546251e-16 8.568950597376122043e-15 1.228116881108718301e-14 1.117887152932119690e-14 5.663945943265654595e-15 4.565944065300331825e-16 1.964595129982536188e-17 -2.858294671664330942e-15 7.646464712272460515e-16 -5.973584296971558986e-16 1.147092543879768018e-15 -3.809118726373579402e-18 6.688922493738539802e-16 -1.823183153034515584e-15 -6.610580318760435366e-17 -4.145614705886989946e-16 3.480877840684782904e-16
1.915519933248648194e-14 3.225644328940771160e-14 1.249586841040934105e-14 -1.254854895257335435e-14 1.504763691631619891e-15 -2.986114822872096066e-15 -1.054917231954372026e-14 2.092848118852501254e-15 5.304446478083984148e-15 -2.903480774256972166e-15 9.319913286679865705e-15 1.117887152932119690e-14 1.869258577854359737e-14 6.353753545098623888e-15 9.317548222568041656e-16 -3.660044868623360530e-15 -5.947718229778823777e-15 1.826391932639279832e-15 -1.418393052214608837e-17 7.635982005245758884e-16 -1.097540543886556194e-16 1.006908731457215279e-15 -2.803028653083871019e-15 -3.964200372317469949e-16 3.363894062143686199e-16 1.328846055543419464e-15
1.631961016900837907e-14 -9.252707969421247462e-15 -2.754950738081572116e-15 -1.088000147726098798e-14 -4.325030099909481342e-15 -6.308865522921765191e-15 -7.965254687600026924e-15 7.884599668658970016e-15 1.117640573273398806e-14 4.666218637980219244e-15 1.091443659451507905e-14 5.663945943265654595e-15 6.353753545098623888e-15 9.883928386955683956e-15 1.088470358528205494e-15 1.944852697998689474e-17 -1.469185571776199929e-15 8.691193602148162188e-16 -1.766252475370600349e-15 1.897245273174864862e-15 1.526996088362133144e-15 1.003233824133884798e-15 -1.883526972851893064e-16 -3.366680385300438012e-16 -6.068443619998734466e-16 -1.320000005530686059e-16
6.337354435927419109e-16 2.547105570618407012e-14 -1.941136668404839898e-14 2.479753180359509486e-15 2.639735327286751007e-15 3.298478460263684043e-15 -6.997257199630728434e-16 1.124963869190686905e-14 8.304930911665353678e-15 4.860588595808035569e-15 3.999193565908335819e-15 4.565944065300331825e-16 9.317548222568041656e-16 1.088470358528205494e-15 1.051427728870530790e-14 5.060733951006073534e-15 -5.120429943251956484e-16 -1.753826677538593984e-15 -1.876370223458749317e-15 1.655714941634726611e-15 -1.384841927414098209e-16 8.478047189693856978e-16 -1.823104888106417780e-15 -8.596473542361775980e-16 1.363908925192647493e-17 1.116638197927203152e-15
-7.404459513383237177e-15 1.123099251860020364e-14 -7.271982871845927775e-16 3.074874490781572411e-15 9.806626893779600557e-16 1.357983017030634446e-16 -1.400623469711165319e-15 6.079354358135973425e-15 2.274269576690935531e-16 3.778106216606218685e-15 2.733462865396478656e-15 1.964595129982536188e-17 -3.660044868623360530e-15 1.944852697998689474e-17 5.060733951006073534e-15 8.824428615530370860e-15 2.313221140217713717e-15 -1.991067167113343718e-15 -1.090846919361255902e-15 1.097256701072430376e-15 -1.084795408384636739e-15 -2.103087130475089800e-16 -1.375499249976007292e-16 6.907297831691935646e-17 -9.903422112034434330e-16 -5.708924267191667902e-16
-1.215335713965572420e-14 -1.635521765167993331e-14 6.174765500545450746e-15 1.749018434975167581e-14 4.630066539662071461e-15 -2.170625127031524323e-15 -4.775843030235803307e-15 8.475670317873170128e-15 8.449139180886644965e-15 3.124289207323578630e-15 -1.768784179659146373e-15 -2.858294671664330942e-15 -5.947718229778823777e-15 -1.469185571776199929e-15 -5.120429943251956484e-16 2.313221140217713717e-15 1.225580887629892186e-14 1.433183633011484874e-15 4.355210982594391293e-16 6.122743425154526951e-16 2.412426376598532255e-15 -4.671290205559077542e-16 1.244068205614811611e-15 5.173044845211783177e-16 -1.191507735375456891e-15 -1.432761268182694824e-15
8.533664189973540761e-15 -1.689382991507773460e-14 7.691356309698382467e-15 -5.550282538129097512e-15 5.557846719595867323e-15 -1.336467860206946804e-15 1.028088127263219504e-15 9.120696776047716803e-16 7.380451227962579187e-16 -1.293184122201175041e-15 2.975715668421866754e-16 7.646464712272460515e-16 1.826391932639279832e-15 8.691193602148162188e-16 -1.753826677538593984e-15 -1.991067167113343718e-15 1.433183633011484874e-15 4.907242593156899038e-15 1.451438600926118590e-15 6.831970631548985921e-16 3.886369279594848545e-16 9.317252050294339103e-16 6.572831481749938906e-16 -4.760264152212345824e-16 1.017347072594955941e-16 -3.516664697994015441e-16
-1.177667833686490722e-14 6.767022833112489695e-15 -7.946163857058471616e-15 2.843079450955453875e-15 5.006274077196921663e-15 3.937844791604124228e-15 3.571331597133249593e-15 -8.279418080687673217e-15 -7.244586428894127747e-15 -4.554182608495531520e-15 -4.664928238537293494e-15 -5.973584296971558986e-16 -1.418393052214608837e-17 -1.766252475370600349e-15 -1.876370223458749317e-15 -1.090846919361255902e-15 4.355210982594391293e-16 1.451438600926118590e-15 5.628947597581919386e-15 1.733234153462812432e-16 -1.135488031807816757e-15 -2.829140375893749171e-17 6.875022864446025059e-17 3.205448698521550309e-16 2.097362803677460359e-16 -1.240712976582126156e-17
1.529828538784668700e-14 5.663525380831601383e-15 4.679143598417500143e-16 -5.021244370685779980e-15 6.164658617827781096e-16 -3.920785378988580528e-15 -2.183935158726766102e-15 4.163112845281081591e-15 4.437483630863534295e-15 8.860474703250015550e-16 3.805510346720989720e-15 1.147092543879768018e-15 7.635982005245758884e-16 1.897245273174864862e-15 1.655714941634726611e-15 1.097256701072430376e-15 6.122743425154526951e-16 6.831970631548985921e-16 1.733234153462812432e-16 4.966109694027830505e-15 2.513727972044011472e-15 1.090707517169869581e-15 8.890865983813410545e-17 -5.497078624823907538e-16 -4.491635085207404006e-16 3.420687074269298268e-16
9.059413041079593686e-15 -1.331912981896240255e-14 -1.334830716637890310e-15 -1.309969162824413740e-15 -4.582582761441184881e-15 -5.277760654245735256e-15 -4.127179153340975322e-15 5.848422655997066540e-15 9.869853717500050245e-15 2.298883250428288561e-15 2.643930736226383098e-15 -3.809118726373579402e-18 -1.097540543886556194e-16 1.526996088362133144e-15 -1.384841927414098209e-16 -1.084795408384636739e-15 2.412426376598532255e-15 3.886369279594848545e-16 -1.135488031807816757e-15 2.513727972044011472e-15 6.687371853082403877e-15 1.248098644742250896e-15 1.270613353101480792e-16 1.825743010107436557e-16 -4.055843357577414114e-16 6.172562801835270351e-17
9.235455157624158894e-15 -1.699357903305389760e-15 4.993856542048887217e-15 -3.172664930593227410e-15 -2.976912834999401227e-15 -3.546332344345834484e-15 -2.079675336966690540e-15 3.524107762125445682e-15 2.156480956502730044e-15 -5.619756090629420229e-16 1.695468503202264676e-15 6.688922493738539802e-16 1.006908731457215279e-15 1.003233824133884798e-15 8.478047189693856978e-16 -2.103087130475089800e-16 -4.671290205559077542e-16 9.317252050294339103e-16 -2.829140375893749171e-17 1.090707517169869581e-15 1.248098644742250896e-15 3.579818503405848714e-15 1.113257324000992030e-15 -4.471455652905055109e-16 -3.818122286323460590e-16 1.944876213457964238e-16
4.011878614437490382e-15 -1.688449522597681235e-14 3.718384873966948973e-15 -1.828862776925150150e-15 -2.216380824845435904e-15 -2.389957316033708320e-15 9.956507531168059831e-16 8.743013843574401285e-16 -6.843006338070989166e-16 -1.102126086190945615e-15 -4.405646602279554132e-16 -1.823183153034515584e-15 -2.803028653083871019e-15 -1.883526972851893064e-16 -1.823104888106417780e-15 -1.375499249976007292e-16 1.244068205614811611e-15 6.572831481749938906e-16 6.875022864446025059e-17 8.890865983813410545e-17 1.270613353101480792e-16 1.113257324000992030e-15 3.398207177781619959e-15 2.173601309312025450e-16 -4.134050798888902183e-16 -8.337898691727123090e-16
-5.675192613734537882e-15 4.228236554308461142e-16 -1.719005549770092123e-15 4.202566423048689269e-15 -2.281149418458745855e-16 4.725975784053965363e-16 2.059672350935295202e-16 -5.251776952142377670e-16 -6.821793487091368990e-16 1.765240141659943096e-16 -5.952003261439685437e-16 -6.610580318760435366e-17 -3.964200372317469949e-16 -3.366680385300438012e-16 -8.596473542361775980e-16 6.907297831691935646e-17 5.173044845211783177e-16 -4.760264152212345824e-16 3.205448698521550309e-16 -5.497078624823907538e-16 1.825743010107436557e-16 -4.471455652905055109e-16 2.173601309312025450e-16 2.094226099535394872e-15 8.738620970997717956e-16 1.785971356882916476e-16
-2.856054623934578947e-15 -4.477777065245151835e-16 -6.574122436314702151e-15 1.625669461002980578e-15 1.373576001254891586e-15 3.446936043690115281e-15 4.181062129558319692e-15 -1.650832920437222521e-15 -2.557678014611634844e-15 -1.774585595124067422e-16 -1.760662787347649649e-15 -4.145614705886989946e-16 3.363894062143686199e-16 -6.068443619998734466e-16 1.363908925192647493e-17 -9.903422112034434330e-16 -1.191507735375456891e-15 1.017347072594955941e-16 2.097362803677460359e-16 -4.491635085207404006e-16 -4.055843357577414114e-16 -3.818122286323460590e-16 -4.134050798888902183e-16 8.738620970997717956e-16 2.353296600578077291e-15 1.157824735544867098e-15
4.666074665741304088e-15 1.353638424162103905e-14 -3.702091282208224350e-15 6.354099410702012601e-16 -5.012735273990806687e-17 1.329728206494531835e-15 8.787782681465516498e-16 -1.006359448681996195e-15 -5.871114435755319972e-16 -2.464160147554922137e-16 -3.136891659283407111e-17 3.480877840684782904e-16 1.328846055543419464e-15 -1.320000005530686059e-16 1.116638197927203152e-15 -5.708924267191667902e-16 -1.432761268182694824e-15 -3.516664697994015441e-16 -1.240712976582126156e-17 3.420687074269298268e-16 6.172562801835270351e-17 1.944876213457964238e-16 -8.337898691727123090e-16 1.785971356882916476e-16 1.157824735544867098e-15 2.642572339417304576e-15
