7.903583232086114588e-13 2.233223181490450326e-13 3.549569243723562893e-13 5.236744972056075412e-14 1.641027353713704919e-13 2.555615962647221449e-13 1.461959024843190613e-13 5.786969648644524746e-14 7.407628503215937720e-15 -9.811172792323242624e-14 -4.553036694254608612e-14 1.529528132123868130e-14 -4.539658285483258168e-15 3.336692373338611560e-16 -4.165759473846483572e-14 -4.013775581645460035e-15 -1.948254387300172987e-14 -2.010379180937308406e-14 -1.029197567609957866e-14 -2.322487337910744573e-14 4.052940396673913805e-15 1.538891325017956962e-14 1.238993543721095423e-14 1.226843550629603166e-14 -1.278931349845369744e-14 -6.025557811996456464e-17
2.233223181490450326e-13 7.943213556553194077e-13 3.199226438634525621e-13 -2.248418211827106663e-14 1.052696793361416498e-13 1.601459354212999741e-13 1.125078603660037698e-14 -7.470082231895562707e-14 4.137102857089411460e-14 -2.301390133438326545e-14 1.295724410005972776e-14 -2.201704185692972158e-14 -1.904597272513767835e-14 -1.276818544277232281e-14 -1.067158959399715939e-14 -9.037513239354711592e-15 -1.586965629963754827e-14 -2.428056004205159554e-14 -4.456513217185364371e-14 -1.392166432823447793e-14 1.021584430757054031e-14 1.826070685428580226e-15 9.491513935131486117e-15 -8.042812829895754904e-15 -9.579000297584334749e-15 3.665445858216217060e-15
3.549569243723562893e-13 3.199226438634525621e-13 7.805166078869003128e-13 1.112533578627857051e-13 1.767848591439523425e-13 1.408107216960473661e-13 5.388527484259824590e-14 1.115045395542381739e-13 2.235687411063667228e-14 -3.130327627334436791e-14 -3.034783535234152037e-14 -1.005865055483742808e-13 -4.310682229850315674e-15 1.322855166202585915e-14 -1.661384607110431207e-14 2.495198235567315158e-15 6.492623283818419661e-16 -2.425930281766447145e-14 -1.605747407931856325e-14 -1.283192056840818002e-14 -1.620904504277044033e-15 -5.579345065510463542e-15 8.291163517620169716e-15 3.513760555117708722e-15 -7.255123510521253651e-15 7.388862989565336239e-15
5.236744972056075412e-14 -2.248418211827106663e-14 1.112533578627857051e-13 1.960601761234842656e-13 8.256158232113750862e-14 2.624281758691112318e-14 -8.937790601524578934e-15 7.249681316147731538e-15 -2.287629685866348066e-14 -2.751829707782624923e-14 -1.444095031555358436e-14 -3.111806030250919908e-14 -1.816031432554575080e-14 -1.045354107036354543e-14 7.202818266277809594e-15 -7.925993798562114773e-16 -1.085548263163412513e-14 -1.134675590374991239e-14 -1.381353006277842041e-14 -4.595261145156032190e-15 5.533605373411176201e-15 -7.385293853392457515e-15 -1.649110525998252193e-15 3.975618057469905406e-15 4.689258203199625478e-16 1.737596535771946846e-15
1.641027353713704919e-13 1.052696793361416498e-13 1.767848591439523425e-13 8.256158232113750862e-14 1.871464846749827546e-13 5.136706036993430095e-14 1.012466307985230962e-14 1.574975331137368233e-14 -3.718376838948079447e-14 -5.233863972620491449e-14 -1.992542644299646910e-14 -1.975167747949908790e-14 -2.339702167976643071e-14 -9.523339256122253231e-15 1.867240154495745434e-15 -2.169361979161269134e-15 -8.343628545163671007e-15 -1.189156017206541009e-14 -1.033135992684102221e-14 -2.795127677144647889e-15 6.884945739256826727e-15 -2.819138251609544274e-15 4.384724074748959255e-15 2.673949874369807438e-15 -4.798530716559965504e-15 6.945569685659414974e-15
2.555615962647221449e-13 1.601459354212999741e-13 1.408107216960473661e-13 2.624281758691112318e-14 5.136706036993430095e-14 1.366960465565175697e-13 3.224947722754353377e-14 6.296042263837041565e-15 2.038145644914264577e-14 -3.422885552599136764e-14 -1.734642260408243435e-14 1.736723778013217973e-15 -5.113717102805720603e-15 -1.415241774701978579e-15 -1.828955131761050139e-14 -5.335268718204524231e-16 -7.894171156718113052e-15 -9.700090681648771443e-15 -1.371223925667875031e-14 -1.258431830397608345e-14 1.347189577201028011e-15 3.205710533131324281e-15 4.283386966568466229e-15 2.364017113769101509e-15 -4.497988650406270263e-15 1.937784474680919556e-16
1.461959024843190613e-13 1.125078603660037698e-14 5.388527484259824590e-14 -8.937790601524578934e-15 1.012466307985230962e-14 3.224947722754353377e-14 7.438000818692361385e-14 1.360651917245961961e-14 -7.042704708937753802e-16 -4.568457526882297593e-15 -1.585223730447394366e-14 4.241650525169159104e-15 5.135658268355373939e-15 4.040490558791653045e-15 -9.294303452524371215e-15 -1.533905835783905943e-15 -7.084758115445173059e-15 -1.492557081942784424e-15 1.228210219666643882e-14 5.720319260589977206e-15 4.706343480339497370e-15 1.235554971738047399e-14 3.456033274781002821e-15 8.224322575907515668e-15 -6.429941578465288094e-16 -7.996274654256986327e-16
5.786969648644524746e-14 -7.470082231895562707e-14 1.115045395542381739e-13 7.249681316147731538e-15 1.574975331137368233e-14 6.296042263837041565e-15 1.360651917245961961e-14 9.360750577860940466e-14 9.966253464250197915e-15 9.549991808677578100e-15 1.483595037311778965e-15 1.090029834387830245e-15 9.644848699892386714e-15 6.980313567630386648e-15 -1.652464026745104585e-15 1.093590664230316822e-14 1.047551398020020952e-14 5.536727511395603800e-15 4.745032213401104482e-15 -1.149229934218050060e-15 -4.961822875913770825e-15 -3.116717981268946522e-15 1.970914415995189355e-15 -3.022915942108430611e-16 -2.609306335027518290e-15 -4.551697884460400576e-16
7.407628503215937720e-15 4.137102857089411460e-14 2.235687411063667228e-14 -2.287629685866348066e-14 -3.718376838948079447e-14 2.038145644914264577e-14 -7.042704708937753802e-16 9.966253464250197915e-15 3.964802573136882578e-14 1.732269638025978402e-14 1.311670785624027166e-15 -1.562465905515454212e-15 9.623526520861229665e-15 3.623506069397022633e-15 -4.403569691338165205e-15 -8.143343630014498520e-16 4.768419011514297854e-15 9.543549085291673829e-16 -3.437769025488426411e-15 -3.657689656588971503e-15 -6.894483836172948666e-15 -3.089347035232555544e-15 -1.002524959949390296e-15 -2.278951318570344466e-15 -4.682892740677169792e-16 -2.045093809355821284e-15
-9.811172792323242624e-14 -2.301390133438326545e-14 -3.130327627334436791e-14 -2.751829707782624923e-14 -5.233863972620491449e-14 -3.422885552599136764e-14 -4.568457526882297593e-15 9.549991808677578100e-15 1.732269638025978402e-14 5.541487928756152781e-14 1.134631077542462117e-14 -3.856092952358628011e-15 7.858026741216962513e-15 6.007833987349924060e-15 5.185863897126770883e-15 3.231204720298748690e-16 4.997531025767850767e-15 6.267722903227070892e-15 6.211015918099662126e-15 4.496969289694997494e-15 -6.171515237723089289e-15 -1.859247685849702602e-15 -3.928463919918786005e-15 -2.491791474513182436e-15 1.289131744469539938e-15 -1.334347846788495655e-15
-4.553036694254608612e-14 1.295724410005972776e-14 -3.034783535234152037e-14 -1.444095031555358436e-14 -1.992542644299646910e-14 -1.734642260408243435e-14 -1.585223730447394366e-14 1.483595037311778965e-15 1.311670785624027166e-15 1.134631077542462117e-14 3.130314027546118389e-14 2.197862078703736229e-14 7.424601734173962123e-15 -1.809860646355724588e-15 5.640355389483797085e-15 -1.911860681719651046e-15 2.876292146394696271e-15 2.607740970058990497e-15 -3.556011920382003943e-15 -7.140415101025872062e-16 -9.042636248745562887e-16 -2.289493225719371198e-15 -2.025929633894969150e-16 -3.921683462825735680e-15 -8.364154491583285273e-16 -2.142170739181945446e-15
1.529528132123868130e-14 -2.201704185692972158e-14 -1.005865055483742808e-13 -3.111806030250919908e-14 -1.975167747949908790e-14 1.736723778013217973e-15 4.241650525169159104e-15 1.090029834387830245e-15 -1.562465905515454212e-15 -3.856092952358628011e-15 2.197862078703736229e-14 4.651998872819665830e-14 9.874383594356354458e-15 -2.456093740786565869e-15 -4.838775657614536393e-16 -1.174235195534446561e-15 1.277655499808696063e-15 5.289516417638720665e-15 3.778256125456339953e-16 -3.649282477513410098e-16 1.139113447711742352e-15 3.557997508288426131e-15 1.332428986249767310e-15 -5.523367184680062048e-16 -1.355061108430565145e-15 -3.362538809604967078e-15
-4.539658285483258168e-15 -1.904597272513767835e-14 -4.310682229850315674e-15 -1.816031432554575080e-14 -2.339702167976643071e-14 -5.113717102805720603e-15 5.135658268355373939e-15 9.644848699892386714e-15 9.623526520861229665e-15 7.858026741216962513e-15 7.424601734173962123e-15 9.874383594356354458e-15 1.242361309941955632e-14 4.805194588319896125e-15 4.031042890874659680e-16 -2.018102770245822952e-15 3.707774987930467381e-15 3.655418159349489600e-15 3.805971149865598993e-15 1.207697158632038671e-15 -2.645081948704124804e-15 1.340795727718268144e-15 8.886666942711990254e-17 2.784980255311706651e-16 -5.991414545889618002e-17 -2.014312524321476011e-15
3.336692373338611560e-16 -1.276818544277232281e-14 1.322855166202585915e-14 -1.045354107036354543e-14 -9.523339256122253231e-15 -1.415241774701978579e-15 4.040490558791653045e-15 6.980313567630386648e-15 3.623506069397022633e-15 6.007833987349924060e-15 -1.809860646355724588e-15 -2.456093740786565869e-15 4.805194588319896125e-15 8.392938817852273013e-15 1.428100370689726733e-15 2.158772838568984825e-16 2.184451048297595997e-15 2.626860671414842671e-15 4.087882064558670286e-15 6.858292805171183162e-16 -2.187539710217057146e-15 5.597629388560991408e-16 -7.293307369713128424e-16 8.742292920048528283e-17 -1.525887125831194047e-16 -3.977815872011305670e-16
-4.165759473846483572e-14 -1.067158959399715939e-14 -1.661384607110431207e-14 7.202818266277809594e-15 1.867240154495745434e-15 -1.828955131761050139e-14 -9.294303452524371215e-15 -1.652464026745104585e-15 -4.403569691338165205e-15 5.185863897126770883e-15 5.640355389483797085e-15 -4.838775657614536393e-16 4.031042890874659680e-16 1.428100370689726733e-15 9.002414320253866773e-15 -8.243348625421024070e-17 1.238338898227989364e-15 1.610007653060273996e-15 2.380513402629249220e-16 1.287699912012732270e-15 1.903259144661654741e-16 -1.923655379027403359e-15 -6.458700972833943393e-16 -1.099785135439568834e-15 1.980467131307680856e-16 -2.225715379496069884e-16
-4.013775581645460035e-15 -9.037513239354711592e-15 2.495198235567315158e-15 -7.925993798562114773e-16 -2.169361979161269134e-15 -5.335268718204524231e-16 -1.533905835783905943e-15 1.093590664230316822e-14 -8.143343630014498520e-16 3.231204720298748690e-16 -1.911860681719651046e-15 -1.174235195534446561e-15 -2.018102770245822952e-15 2.158772838568984825e-16 -8.243348625421024070e-17 7.222865325076764662e-15 2.179816693130680284e-15 1.620837220542858609e-15 1.230442104919477662e-16 1.465260078057952153e-16 8.484880377608766627e-16 -4.185136345791921162e-16 6.893894758566115754e-16 -1.554086523812627184e-16 -3.506064129874204360e-16 2.718745403277671595e-16
-1.948254387300172987e-14 -1.586965629963754827e-14 6.492623283818419661e-16 -1.085548263163412513e-14 -8.343628545163671007e-15 -7.894171156718113052e-15 -7.084758115445173059e-15 1.047551398020020952e-14 4.768419011514297854e-15 4.997531025767850767e-15 2.876292146394696271e-15 1.277655499808696063e-15 3.707774987930467381e-15 2.184451048297595997e-15 1.238338898227989364e-15 2.179816693130680284e-15 6.982119629276135724e-15 4.317530283386731050e-15 1.755450169275775918e-15 6.020035495155642376e-16 -2.115540112751368986e-15 -1.469450897402271455e-15 -2.704500423763817776e-16 -1.565828606667663293e-15 -3.942072759595681348e-16 -2.698376656117023579e-16
-2.010379180937308406e-14 -2.428056004205159554e-14 -2.425930281766447145e-14 -1.134675590374991239e-14 -1.189156017206541009e-14 -9.700090681648771443e-15 -1.492557081942784424e-15 5.536727511395603800e-15 9.543549085291673829e-16 6.267722903227070892e-15 2.607740970058990497e-15 5.289516417638720665e-15 3.655418159349489600e-15 2.626860671414842671e-15 1.610007653060273996e-15 1.620837220542858609e-15 4.317530283386731050e-15 6.354459603667109445e-15 4.567594211179129886e-15 2.893339006674982026e-15 -2.277683824375872941e-16 7.249410326987079618e-16 -3.857291937128356836e-16 -5.538684844298514135e-16 -7.076491905540363350e-17 -2.662526475222611657e-16
-1.029197567609957866e-14 -4.456513217185364371e-14 -1.605747407931856325e-14 -1.381353006277842041e-14 -1.033135992684102221e-14 -1.371223925667875031e-14 1.228210219666643882e-14 4.745032213401104482e-15 -3.437769025488426411e-15 6.211015918099662126e-15 -3.556011920382003943e-15 3.778256125456339953e-16 3.805971149865598993e-15 4.087882064558670286e-15 2.380513402629249220e-16 1.230442104919477662e-16 1.755450169275775918e-15 4.567594211179129886e-15 1.399277103567394694e-14 7.004722048707459673e-15 1.129997845955473273e-15 4.462807577307785046e-15 4.196377098443076574e-17 2.021043876960581146e-15 6.268509233674550692e-16 1.044472553272240418e-16
-2.322487337910744573e-14 -1.392166432823447793e-14 -1.283192056840818002e-14 -4.595261145156032190e-15 -2.795127677144647889e-15 -1.258431830397608345e-14 5.720319260589977206e-15 -1.149229934218050060e-15 -3.657689656588971503e-15 4.496969289694997494e-15 -7.140415101025872062e-16 -3.649282477513410098e-16 1.207697158632038671e-15 6.858292805171183162e-16 1.287699912012732270e-15 1.465260078057952153e-16 6.020035495155642376e-16 2.893339006674982026e-15 7.004722048707459673e-15 9.037336200011200380e-15 4.013361841581712523e-15 3.306040203776502707e-15 8.993549154635944368e-16 1.603963677251476140e-15 9.441022732501158862e-16 9.735865803557270966e-16
4.052940396673913805e-15 1.021584430757054031e-14 -1.620904504277044033e-15 5.533605373411176201e-15 6.884945739256826727e-15 1.347189577201028011e-15 4.706343480339497370e-15 -4.961822875913770825e-15 -6.894483836172948666e-15 -6.171515237723089289e-15 -9.042636248745562887e-16 1.139113447711742352e-15 -2.645081948704124804e-15 -2.187539710217057146e-15 1.903259144661654741e-16 8.484880377608766627e-16 -2.115540112751368986e-15 -2.277683824375872941e-16 1.129997845955473273e-15 4.013361841581712523e-15 7.908476444514516188e-15 4.341062843485944649e-15 2.362839337292038194e-15 1.649764467583680387e-15 2.722165448804534001e-16 8.598932908034731289e-16
1.538891325017956962e-14 1.826070685428580226e-15 -5.579345065510463542e-15 -7.385293853392457515e-15 -2.819138251609544274e-15 3.205710533131324281e-15 1.235554971738047399e-14 -3.116717981268946522e-15 -3.089347035232555544e-15 -1.859247685849702602e-15 -2.289493225719371198e-15 3.557997508288426131e-15 1.340795727718268144e-15 5.597629388560991408e-16 -1.923655379027403359e-15 -4.185136345791921162e-16 -1.469450897402271455e-15 7.249410326987079618e-16 4.462807577307785046e-15 3.306040203776502707e-15 4.341062843485944649e-15 8.102887709184523549e-15 3.314253050920205465e-15 2.858170079035452319e-15 6.601280382591836606e-16 2.436805705650940935e-16
1.238993543721095423e-14 9.491513935131486117e-15 8.291163517620169716e-15 -1.649110525998252193e-15 4.384724074748959255e-15 4.283386966568466229e-15 3.456033274781002821e-15 1.970914415995189355e-15 -1.002524959949390296e-15 -3.928463919918786005e-15 -2.025929633894969150e-16 1.332428986249767310e-15 8.886666942711990254e-17 -7.293307369713128424e-16 -6.458700972833943393e-16 6.893894758566115754e-16 -2.704500423763817776e-16 -3.857291937128356836e-16 4.196377098443076574e-17 8.993549154635944368e-16 2.362839337292038194e-15 3.314253050920205465e-15 5.453904979817652854e-15 2.547697737684400946e-15 6.292089519900394024e-16 1.536867941715845478e-16
1.226843550629603166e-14 -8.042812829895754904e-15 3.513760555117708722e-15 3.975618057469905406e-15 2.673949874369807438e-15 2.364017113769101509e-15 8.224322575907515668e-15 -3.022915942108430611e-16 -2.278951318570344466e-15 -2.491791474513182436e-15 -3.921683462825735680e-15 -5.523367184680062048e-16 2.784980255311706651e-16 8.742292920048528283e-17 -1.099785135439568834e-15 -1.554086523812627184e-16 -1.565828606667663293e-15 -5.538684844298514135e-16 2.021043876960581146e-15 1.603963677251476140e-15 1.649764467583680387e-15 2.858170079035452319e-15 2.547697737684400946e-15 4.957155554056858692e-15 1.485878863677060348e-15 7.052286167511560125e-16
-1.278931349845369744e-14 -9.579000297584334749e-15 -7.255123510521253651e-15 4.689258203199625478e-16 -4.798530716559965504e-15 -4.497988650406270263e-15 -6.429941578465288094e-16 -2.609306335027518290e-15 -4.682892740677169792e-16 1.289131744469539938e-15 -8.364154491583285273e-16 -1.355061108430565145e-15 -5.991414545889618002e-17 -1.525887125831194047e-16 1.980467131307680856e-16 -3.506064129874204360e-16 -3.942072759595681348e-16 -7.076491905540363350e-17 6.268509233674550692e-16 9.441022732501158862e-16 2.722165448804534001e-16 6.601280382591836606e-16 6.292089519900394024e-16 1.485878863677060348e-15 3.248585022492361369e-15 1.152248986584238514e-15
-6.025557811996456464e-17 3.665445858216217060e-15 7.388862989565336239e-15 1.737596535771946846e-15 6.945569685659414974e-15 1.937784474680919556e-16 -7.996274654256986327e-16 -4.551697884460400576e-16 -2.045093809355821284e-15 -1.334347846788495655e-15 -2.142170739181945446e-15 -3.362538809604967078e-15 -2.014312524321476011e-15 -3.977815872011305670e-16 -2.225715379496069884e-16 2.718745403277671595e-16 -2.698376656117023579e-16 -2.662526475222611657e-16 1.044472553272240418e-16 9.735865803557270966e-16 8.598932908034731289e-16 2.436805705650940935e-16 1.536867941715845478e-16 7.052286167511560125e-16 1.152248986584238514e-15 3.066257027240675778e-15
