3.355157415545343008e-13 8.209477508868298458e-14 1.633008845767439457e-13 -1.355901889066562382e-13 3.817362302934930719e-15 -4.574337578250151321e-14 -1.703445495079150086e-14 -1.171571842159762455e-16 9.515456683050631630e-16 -2.077467732831817602e-15 3.883976090179715500e-14 2.212060516004638149e-14 1.915519933248670282e-14 1.631961016900829703e-14 6.337354435930202802e-16 -7.404459513383120425e-15 -1.215335713965564216e-14 8.533664189973692222e-15 -1.177667833686483780e-14 1.529828538784658918e-14 9.059413041079345984e-15 9.235455157623985345e-15 4.011878614437603978e-15 -5.675192613734679088e-15 -2.856054623934978899e-15 4.666074665740796061e-15
8.209477508868298458e-14 6.409019428236014728e-13 4.535036525267167568e-14 2.740592719389607329e-14 1.207427912241488033e-14 2.421146134158325699e-14 -2.915940720486257487e-14 -4.426739414088645493e-14 -4.366923566588950337e-14 -2.518586963625389839e-14 6.139340874455451610e-15 3.229738659619216430e-14 3.225644328940791986e-14 -9.252707969421269550e-15 2.547105570618431940e-14 1.123099251860040874e-14 -1.635521765167990806e-14 -1.689382991507792708e-14 6.767022833112469973e-15 5.663525380831734700e-15 -1.331912981896249564e-14 -1.699357903306340929e-15 -1.688449522597640845e-14 4.228236554306452012e-16 -4.477777065248214587e-16 1.353638424162097279e-14
1.633008845767439457e-13 4.535036525267167568e-14 4.329029494998103759e-13 -3.281518843088199318e-14 -4.425417860132940047e-14 -4.996981466252234102e-14 -5.305395350329946118e-14 -3.537212461906396066e-15 -1.032277640032725652e-14 4.406077684409308470e-15 1.944489850178735564e-14 1.885910662858001833e-14 1.249586841040956193e-14 -2.754950738081146920e-15 -1.941136668404841792e-14 -7.271982871846632819e-16 6.174765500545307962e-15 7.691356309698384044e-15 -7.946163857058411662e-15 4.679143598417610584e-16 -1.334830716638077862e-15 4.993856542048137011e-15 3.718384873966882709e-15 -1.719005549770491484e-15 -6.574122436314512825e-15 -3.702091282208494141e-15
-1.355901889066562382e-13 2.740592719389607329e-14 -3.281518843088199318e-14 1.523929196144986443e-13 -2.785038134894248000e-14 9.079501473509573389e-15 -9.081155894546930539e-15 2.741033110131650830e-14 2.401298840003544985e-14 5.863062598335615297e-15 -1.407903157979029636e-14 -1.595059535125793588e-14 -1.254854895257358785e-14 -1.088000147726107160e-14 2.479753180359433755e-15 3.074874490781519163e-15 1.749018434975174208e-14 -5.550282538129153521e-15 2.843079450955395894e-15 -5.021244370685782346e-15 -1.309969162824397174e-15 -3.172664930593217154e-15 -1.828862776925307528e-15 4.202566423048378457e-15 1.625669461003428651e-15 6.354099410703557782e-16
3.817362302934930719e-15 1.207427912241488033e-14 -4.425417860132940047e-14 -2.785038134894248000e-14 1.107536949588439200e-13 3.852575897346398218e-14 2.841571006354303583e-14 -1.207061832684744835e-14 -3.047761986730006443e-14 -6.532794871228727487e-15 8.806155900825017406e-16 5.566484998876936957e-15 1.504763691631489334e-15 -4.325030099909707745e-15 2.639735327286786111e-15 9.806626893781217721e-16 4.630066539662189001e-15 5.557846719595897300e-15 5.006274077197058924e-15 6.164658617827486259e-16 -4.582582761440967944e-15 -2.976912834999682851e-15 -2.216380824845369245e-15 -2.281149418456058798e-16 1.373576001254728686e-15 -5.012735273968141111e-17
-4.574337578250151321e-14 2.421146134158325699e-14 -4.996981466252234102e-14 9.079501473509573389e-15 3.852575897346398218e-14 4.802129954154726196e-14 2.978428559164517914e-14 -1.919804446062121676e-14 -2.950569457768562803e-14 -3.477200073115932110e-15 -9.036076098014066147e-15 -3.957060052347099076e-15 -2.986114822872085811e-15 -6.308865522921810156e-15 3.298478460263756618e-15 1.357983017031513779e-16 -2.170625127031562582e-15 -1.336467860206917616e-15 3.937844791604122650e-15 -3.920785378988492965e-15 -5.277760654245571173e-15 -3.546332344345755598e-15 -2.389957316033741452e-15 4.725975784054905094e-16 3.446936043690123564e-15 1.329728206494664364e-15
-1.703445495079150086e-14 -2.915940720486257487e-14 -5.305395350329946118e-14 -9.081155894546930539e-15 2.841571006354303583e-14 2.978428559164517914e-14 5.201063733401417344e-14 -1.885487779504557370e-14 -3.069588028943838753e-14 -6.422772542338156482e-15 -1.774145826322655280e-14 -8.980589859472723281e-15 -1.054917231954373446e-14 -7.965254687600105810e-15 -6.997257199630466137e-16 -1.400623469711018000e-15 -4.775843030235817506e-15 1.028088127263228773e-15 3.571331597133201473e-15 -2.183935158726741648e-15 -4.127179153340921680e-15 -2.079675336966572605e-15 9.956507531167310413e-16 2.059672350935463575e-16 4.181062129558407256e-15 8.787782681464017662e-16
-1.171571842159762455e-16 -4.426739414088645493e-14 -3.537212461906396066e-15 2.741033110131650830e-14 -1.207061832684744835e-14 -1.919804446062121676e-14 -1.885487779504557370e-14 6.456463426325268190e-14 5.164282568588572025e-14 1.451837944496748154e-14 2.238413697572378526e-14 -1.096592184480866354e-15 2.092848118852195571e-15 7.884599668658930573e-15 1.124963869190673810e-14 6.079354358135979736e-15 8.475670317873253747e-15 9.120696776047501838e-16 -8.279418080687589598e-15 4.163112845281001916e-15 5.848422655997173825e-15 3.524107762125304871e-15 8.743013843573552273e-16 -5.251776952143324304e-16 -1.650832920437149157e-15 -1.006359448681885557e-15
9.515456683050631630e-16 -4.366923566588950337e-14 -1.032277640032725652e-14 2.401298840003544985e-14 -3.047761986730006443e-14 -2.950569457768562803e-14 -3.069588028943838753e-14 5.164282568588572025e-14 8.002024429075312987e-14 2.323588341408818505e-14 1.741459800271291215e-14 -5.464006100873560434e-16 5.304446478083937605e-15 1.117640573273409535e-14 8.304930911665394698e-15 2.274269576690268944e-16 8.449139180886892667e-15 7.380451227962752736e-16 -7.244586428894223988e-15 4.437483630863560327e-15 9.869853717500160686e-15 2.156480956502865728e-15 -6.843006338071832261e-16 -6.821793487093061097e-16 -2.557678014611760668e-15 -5.871114435754511390e-16
-2.077467732831817602e-15 -2.518586963625389839e-14 4.406077684409308470e-15 5.863062598335615297e-15 -6.532794871228727487e-15 -3.477200073115932110e-15 -6.422772542338156482e-15 1.451837944496748154e-14 2.323588341408818505e-14 2.056759834370545112e-14 7.057162233869659421e-15 -2.057818438293222580e-16 -2.903480774257087340e-15 4.666218637980152980e-15 4.860588595808116822e-15 3.778106216606146109e-15 3.124289207323754940e-15 -1.293184122201144473e-15 -4.554182608495519687e-15 8.860474703250546059e-16 2.298883250428356009e-15 -5.619756090628917330e-16 -1.102126086190965731e-15 1.765240141658899088e-16 -1.774585595125426481e-16 -2.464160147553604246e-16
3.883976090179715500e-14 6.139340874455451610e-15 1.944489850178735564e-14 -1.407903157979029636e-14 8.806155900825017406e-16 -9.036076098014066147e-15 -1.774145826322655280e-14 2.238413697572378526e-14 1.741459800271291215e-14 7.057162233869659421e-15 2.704867786737517455e-14 8.568950597376199352e-15 9.319913286679892526e-15 1.091443659451504592e-14 3.999193565908356329e-15 2.733462865396534271e-15 -1.768784179659088983e-15 2.975715668421969306e-16 -4.664928238537205930e-15 3.805510346721015752e-15 2.643930736226370871e-15 1.695468503202172971e-15 -4.405646602278909731e-16 -5.952003261439580913e-16 -1.760662787347731296e-15 -3.136891659272986751e-17
2.212060516004638149e-14 3.229738659619216430e-14 1.885910662858001833e-14 -1.595059535125793588e-14 5.566484998876936957e-15 -3.957060052347099076e-15 -8.980589859472723281e-15 -1.096592184480866354e-15 -5.464006100873560434e-16 -2.057818438293222580e-16 8.568950597376199352e-15 1.228116881108726032e-14 1.117887152932120952e-14 5.663945943265641185e-15 4.565944065300100098e-16 1.964595129982483187e-17 -2.858294671664426000e-15 7.646464712272438821e-16 -5.973584296971441643e-16 1.147092543879798980e-15 -3.809118726374165655e-18 6.688922493737896880e-16 -1.823183153034486001e-15 -6.610580318760006423e-17 -4.145614705887276894e-16 3.480877840685135919e-16
1.915519933248670282e-14 3.225644328940791986e-14 1.249586841040956193e-14 -1.254854895257358785e-14 1.504763691631489334e-15 -2.986114822872085811e-15 -1.054917231954373446e-14 2.092848118852195571e-15 5.304446478083937605e-15 -2.903480774257087340e-15 9.319913286679892526e-15 1.117887152932120952e-14 1.869258577854351533e-14 6.353753545098565513e-15 9.317548222567645253e-16 -3.660044868623403918e-15 -5.947718229778836399e-15 1.826391932639290087e-15 -1.418393052214894491e-17 7.635982005246022167e-16 -1.097540543886557426e-16 1.006908731457143493e-15 -2.803028653083762946e-15 -3.964200372317111018e-16 3.363894062143955891e-16 1.328846055543360694e-15
1.631961016900829703e-14 -9.252707969421269550e-15 -2.754950738081146920e-15 -1.088000147726107160e-14 -4.325030099909707745e-15 -6.308865522921810156e-15 -7.965254687600105810e-15 7.884599668658930573e-15 1.117640573273409535e-14 4.666218637980152980e-15 1.091443659451504592e-14 5.663945943265641185e-15 6.353753545098565513e-15 9.883928386955603492e-15 1.088470358528198789e-15 1.944852697997012836e-17 -1.469185571776153387e-15 8.691193602148407720e-16 -1.766252475370590291e-15 1.897245273174825419e-15 1.526996088362132552e-15 1.003233824133938046e-15 -1.883526972851278492e-16 -3.366680385300400541e-16 -6.068443619999004650e-16 -1.320000005530394427e-16
6.337354435930202802e-16 2.547105570618431940e-14 -1.941136668404841792e-14 2.479753180359433755e-15 2.639735327286786111e-15 3.298478460263756618e-15 -6.997257199630466137e-16 1.124963869190673810e-14 8.304930911665394698e-15 4.860588595808116822e-15 3.999193565908356329e-15 4.565944065300100098e-16 9.317548222567645253e-16 1.088470358528198789e-15 1.051427728870531895e-14 5.060733951006057757e-15 -5.120429943251391463e-16 -1.753826677538600492e-15 -1.876370223458717763e-15 1.655714941634750869e-15 -1.384841927412922806e-16 8.478047189693359995e-16 -1.823104888106398058e-15 -8.596473542362029402e-16 1.363908925188657737e-17 1.116638197927290519e-15
-7.404459513383120425e-15 1.123099251860040874e-14 -7.271982871846632819e-16 3.074874490781519163e-15 9.806626893781217721e-16 1.357983017031513779e-16 -1.400623469711018000e-15 6.079354358135979736e-15 2.274269576690268944e-16 3.778106216606146109e-15 2.733462865396534271e-15 1.964595129982483187e-17 -3.660044868623403918e-15 1.944852697997012836e-17 5.060733951006057757e-15 8.824428615530391370e-15 2.313221140217753160e-15 -1.991067167113360284e-15 -1.090846919361187862e-15 1.097256701072434715e-15 -1.084795408384552331e-15 -2.103087130476327572e-16 -1.375499249976030465e-16 6.907297831690399833e-17 -9.903422112034805094e-16 -5.708924267190508277e-16
-1.215335713965564216e-14 -1.635521765167990806e-14 6.174765500545307962e-15 1.749018434975174208e-14 4.630066539662189001e-15 -2.170625127031562582e-15 -4.775843030235817506e-15 8.475670317873253747e-15 8.449139180886892667e-15 3.124289207323754940e-15 -1.768784179659088983e-15 -2.858294671664426000e-15 -5.947718229778836399e-15 -1.469185571776153387e-15 -5.120429943251391463e-16 2.313221140217753160e-15 1.225580887629891397e-14 1.433183633011466138e-15 4.355210982594239437e-16 6.122743425154724167e-16 2.412426376598607985e-15 -4.671290205560252945e-16 1.244068205614804314e-15 5.173044845210956845e-16 -1.191507735375469710e-15 -1.432761268182548096e-15
8.533664189973692222e-15 -1.689382991507792708e-14 7.691356309698384044e-15 -5.550282538129153521e-15 5.557846719595897300e-15 -1.336467860206917616e-15 1.028088127263228773e-15 9.120696776047501838e-16 7.380451227962752736e-16 -1.293184122201144473e-15 2.975715668421969306e-16 7.646464712272438821e-16 1.826391932639290087e-15 8.691193602148407720e-16 -1.753826677538600492e-15 -1.991067167113360284e-15 1.433183633011466138e-15 4.907242593156947159e-15 1.451438600926151131e-15 6.831970631549325131e-16 3.886369279595299675e-16 9.317252050294155693e-16 6.572831481750081888e-16 -4.760264152212327089e-16 1.017347072594918100e-16 -3.516664697994124403e-16
-1.177667833686483780e-14 6.767022833112469973e-15 -7.946163857058411662e-15 2.843079450955395894e-15 5.006274077197058924e-15 3.937844791604122650e-15 3.571331597133201473e-15 -8.279418080687589598e-15 -7.244586428894223988e-15 -4.554182608495519687e-15 -4.664928238537205930e-15 -5.973584296971441643e-16 -1.418393052214894491e-17 -1.766252475370590291e-15 -1.876370223458717763e-15 -1.090846919361187862e-15 4.355210982594239437e-16 1.451438600926151131e-15 5.628947597581886254e-15 1.733234153463508848e-16 -1.135488031807757789e-15 -2.829140375894529404e-17 6.875022864447975025e-17 3.205448698521864374e-16 2.097362803677760126e-16 -1.240712976582839983e-17
1.529828538784658918e-14 5.663525380831734700e-15 4.679143598417610584e-16 -5.021244370685782346e-15 6.164658617827486259e-16 -3.920785378988492965e-15 -2.183935158726741648e-15 4.163112845281001916e-15 4.437483630863560327e-15 8.860474703250546059e-16 3.805510346721015752e-15 1.147092543879798980e-15 7.635982005246022167e-16 1.897245273174825419e-15 1.655714941634750869e-15 1.097256701072434715e-15 6.122743425154724167e-16 6.831970631549325131e-16 1.733234153463508848e-16 4.966109694027790273e-15 2.513727972044016600e-15 1.090707517169791681e-15 8.890865983813215795e-17 -5.497078624823890775e-16 -4.491635085207931557e-16 3.420687074269573877e-16
9.059413041079345984e-15 -1.331912981896249564e-14 -1.334830716638077862e-15 -1.309969162824397174e-15 -4.582582761440967944e-15 -5.277760654245571173e-15 -4.127179153340921680e-15 5.848422655997173825e-15 9.869853717500160686e-15 2.298883250428356009e-15 2.643930736226370871e-15 -3.809118726374165655e-18 -1.097540543886557426e-16 1.526996088362132552e-15 -1.384841927412922806e-16 -1.084795408384552331e-15 2.412426376598607985e-15 3.886369279595299675e-16 -1.135488031807757789e-15 2.513727972044016600e-15 6.687371853082399933e-15 1.248098644742266870e-15 1.270613353101570279e-16 1.825743010106610964e-16 -4.055843357577675917e-16 6.172562801834790871e-17
9.235455157623985345e-15 -1.699357903306340929e-15 4.993856542048137011e-15 -3.172664930593217154e-15 -2.976912834999682851e-15 -3.546332344345755598e-15 -2.079675336966572605e-15 3.524107762125304871e-15 2.156480956502865728e-15 -5.619756090628917330e-16 1.695468503202172971e-15 6.688922493737896880e-16 1.006908731457143493e-15 1.003233824133938046e-15 8.478047189693359995e-16 -2.103087130476327572e-16 -4.671290205560252945e-16 9.317252050294155693e-16 -2.829140375894529404e-17 1.090707517169791681e-15 1.248098644742266870e-15 3.579818503405907089e-15 1.113257324001074466e-15 -4.471455652905499830e-16 -3.818122286323400932e-16 1.944876213457663485e-16
4.011878614437603978e-15 -1.688449522597640845e-14 3.718384873966882709e-15 -1.828862776925307528e-15 -2.216380824845369245e-15 -2.389957316033741452e-15 9.956507531167310413e-16 8.743013843573552273e-16 -6.843006338071832261e-16 -1.102126086190965731e-15 -4.405646602278909731e-16 -1.823183153034486001e-15 -2.803028653083762946e-15 -1.883526972851278492e-16 -1.823104888106398058e-15 -1.375499249976030465e-16 1.244068205614804314e-15 6.572831481750081888e-16 6.875022864447975025e-17 8.890865983813215795e-17 1.270613353101570279e-16 1.113257324001074466e-15 3.398207177781554089e-15 2.173601309311775973e-16 -4.134050798889191103e-16 -8.337898691726449600e-16
-5.675192613734679088e-15 4.228236554306452012e-16 -1.719005549770491484e-15 4.202566423048378457e-15 -2.281149418456058798e-16 4.725975784054905094e-16 2.059672350935463575e-16 -5.251776952143324304e-16 -6.821793487093061097e-16 1.765240141658899088e-16 -5.952003261439580913e-16 -6.610580318760006423e-17 -3.964200372317111018e-16 -3.366680385300400541e-16 -8.596473542362029402e-16 6.907297831690399833e-17 5.173044845210956845e-16 -4.760264152212327089e-16 3.205448698521864374e-16 -5.497078624823890775e-16 1.825743010106610964e-16 -4.471455652905499830e-16 2.173601309311775973e-16 2.094226099535452459e-15 8.738620970997754441e-16 1.785971356882300425e-16
-2.856054623934978899e-15 -4.477777065248214587e-16 -6.574122436314512825e-15 1.625669461003428651e-15 1.373576001254728686e-15 3.446936043690123564e-15 4.181062129558407256e-15 -1.650832920437149157e-15 -2.557678014611760668e-15 -1.774585595125426481e-16 -1.760662787347731296e-15 -4.145614705887276894e-16 3.363894062143955891e-16 -6.068443619999004650e-16 1.363908925188657737e-17 -9.903422112034805094e-16 -1.191507735375469710e-15 1.017347072594918100e-16 2.097362803677760126e-16 -4.491635085207931557e-16 -4.055843357577675917e-16 -3.818122286323400932e-16 -4.134050798889191103e-16 8.738620970997754441e-16 2.353296600578095435e-15 1.157824735544783084e-15
4.666074665740796061e-15 1.353638424162097279e-14 -3.702091282208494141e-15 6.354099410703557782e-16 -5.012735273968141111e-17 1.329728206494664364e-15 8.787782681464017662e-16 -1.006359448681885557e-15 -5.871114435754511390e-16 -2.464160147553604246e-16 -3.136891659272986751e-17 3.480877840685135919e-16 1.328846055543360694e-15 -1.320000005530394427e-16 1.116638197927290519e-15 -5.708924267190508277e-16 -1.432761268182548096e-15 -3.516664697994124403e-16 -1.240712976582839983e-17 3.420687074269573877e-16 6.172562801834790871e-17 1.944876213457663485e-16 -8.337898691726449600e-16 1.785971356882300425e-16 1.157824735544783084e-15 2.642572339417179147e-15
