3.355157415545341998e-13 8.209477508868278263e-14 1.633008845767433651e-13 -1.355901889066562129e-13 3.817362302935168166e-15 -4.574337578250147535e-14 -1.703445495079112536e-14 -1.171571842161100314e-16 9.515456683051532904e-16 -2.077467732831773032e-15 3.883976090179731277e-14 2.212060516004627736e-14 1.915519933248651034e-14 1.631961016900835383e-14 6.337354435930292535e-16 -7.404459513383047850e-15 -1.215335713965545914e-14 8.533664189973640157e-15 -1.177667833686489775e-14 1.529828538784654500e-14 9.059413041079607885e-15 9.235455157624098941e-15 4.011878614437327088e-15 -5.675192613734805305e-15 -2.856054623935267228e-15 4.666074665740615412e-15
8.209477508868278263e-14 6.409019428236003621e-13 4.535036525267139169e-14 2.740592719389571041e-14 1.207427912241533314e-14 2.421146134158323174e-14 -2.915940720486258118e-14 -4.426739414088660640e-14 -4.366923566588990096e-14 -2.518586963625391732e-14 6.139340874454867064e-15 3.229738659619233469e-14 3.225644328940764849e-14 -9.252707969421495164e-15 2.547105570618402279e-14 1.123099251860002220e-14 -1.635521765168012579e-14 -1.689382991507795863e-14 6.767022833112514938e-15 5.663525380832241938e-15 -1.331912981896284747e-14 -1.699357903306241336e-15 -1.688449522597718785e-14 4.228236554305316052e-16 -4.477777065245285941e-16 1.353638424162084499e-14
1.633008845767433651e-13 4.535036525267139169e-14 4.329029494998090633e-13 -3.281518843088223299e-14 -4.425417860132876307e-14 -4.996981466252243568e-14 -5.305395350329936021e-14 -3.537212461906393305e-15 -1.032277640032729596e-14 4.406077684409344757e-15 1.944489850178736826e-14 1.885910662857948190e-14 1.249586841040916119e-14 -2.754950738081338219e-15 -1.941136668404833903e-14 -7.271982871846738330e-16 6.174765500545282719e-15 7.691356309698402977e-15 -7.946163857058340665e-15 4.679143598415149338e-16 -1.334830716638027769e-15 4.993856542048233252e-15 3.718384873966649995e-15 -1.719005549770142216e-15 -6.574122436315231477e-15 -3.702091282207979803e-15
-1.355901889066562129e-13 2.740592719389571041e-14 -3.281518843088223299e-14 1.523929196144984929e-13 -2.785038134894248946e-14 9.079501473509556034e-15 -9.081155894546898984e-15 2.741033110131682700e-14 2.401298840003528577e-14 5.863062598335362072e-15 -1.407903157979002656e-14 -1.595059535125792010e-14 -1.254854895257349161e-14 -1.088000147726109211e-14 2.479753180359335542e-15 3.074874490781504174e-15 1.749018434975165057e-14 -5.550282538129175609e-15 2.843079450955374201e-15 -5.021244370685688472e-15 -1.309969162824553763e-15 -3.172664930593367827e-15 -1.828862776925238503e-15 4.202566423048731078e-15 1.625669461003480913e-15 6.354099410704591190e-16
3.817362302935168166e-15 1.207427912241533314e-14 -4.425417860132876307e-14 -2.785038134894248946e-14 1.107536949588435540e-13 3.852575897346385596e-14 2.841571006354314943e-14 -1.207061832684783647e-14 -3.047761986730003288e-14 -6.532794871228720387e-15 8.806155900824636780e-16 5.566484998877071064e-15 1.504763691631393290e-15 -4.325030099909721156e-15 2.639735327286789267e-15 9.806626893779815521e-16 4.630066539661983109e-15 5.557846719595986441e-15 5.006274077197072335e-15 6.164658617827399485e-16 -4.582582761441235368e-15 -2.976912834999679695e-15 -2.216380824845328619e-15 -2.281149418456511407e-16 1.373576001254835774e-15 -5.012735273971175144e-17
-4.574337578250147535e-14 2.421146134158323174e-14 -4.996981466252243568e-14 9.079501473509556034e-15 3.852575897346385596e-14 4.802129954154736293e-14 2.978428559164526118e-14 -1.919804446062166484e-14 -2.950569457768557123e-14 -3.477200073115759744e-15 -9.036076098014252319e-15 -3.957060052347116431e-15 -2.986114822872114604e-15 -6.308865522921844077e-15 3.298478460263715597e-15 1.357983017030273542e-16 -2.170625127031640285e-15 -1.336467860206912094e-15 3.937844791604162093e-15 -3.920785378988496909e-15 -5.277760654245660314e-15 -3.546332344345821074e-15 -2.389957316033812055e-15 4.725975784055629860e-16 3.446936043690136186e-15 1.329728206494644445e-15
-1.703445495079112536e-14 -2.915940720486258118e-14 -5.305395350329936021e-14 -9.081155894546898984e-15 2.841571006354314943e-14 2.978428559164526118e-14 5.201063733401419868e-14 -1.885487779504560210e-14 -3.069588028943809723e-14 -6.422772542338078384e-15 -1.774145826322636032e-14 -8.980589859472762724e-15 -1.054917231954361140e-14 -7.965254687600045856e-15 -6.997257199629986904e-16 -1.400623469711116213e-15 -4.775843030235740987e-15 1.028088127263260130e-15 3.571331597133217250e-15 -2.183935158726774780e-15 -4.127179153340965856e-15 -2.079675336966604159e-15 9.956507531168819109e-16 2.059672350935632934e-16 4.181062129558423033e-15 8.787782681464592545e-16
-1.171571842161100314e-16 -4.426739414088660640e-14 -3.537212461906393305e-15 2.741033110131682700e-14 -1.207061832684783647e-14 -1.919804446062166484e-14 -1.885487779504560210e-14 6.456463426325307318e-14 5.164282568588591588e-14 1.451837944496722910e-14 2.238413697572375055e-14 -1.096592184480754730e-15 2.092848118852199515e-15 7.884599668659067835e-15 1.124963869190673810e-14 6.079354358135906371e-15 8.475670317873379965e-15 9.120696776048493831e-16 -8.279418080687627464e-15 4.163112845280949062e-15 5.848422655997169092e-15 3.524107762125374291e-15 8.743013843575558938e-16 -5.251776952143741414e-16 -1.650832920437191361e-15 -1.006359448682106635e-15
9.515456683051532904e-16 -4.366923566588990096e-14 -1.032277640032729596e-14 2.401298840003528577e-14 -3.047761986730003288e-14 -2.950569457768557123e-14 -3.069588028943809723e-14 5.164282568588591588e-14 8.002024429075251141e-14 2.323588341408771805e-14 1.741459800271279856e-14 -5.464006100870641648e-16 5.304446478083869763e-15 1.117640573273408588e-14 8.304930911665301613e-15 2.274269576691195855e-16 8.449139180886932110e-15 7.380451227963353256e-16 -7.244586428894252387e-15 4.437483630863390722e-15 9.869853717500242727e-15 2.156480956502810113e-15 -6.843006338068988418e-16 -6.821793487092930935e-16 -2.557678014611714125e-15 -5.871114435756984469e-16
-2.077467732831773032e-15 -2.518586963625391732e-14 4.406077684409344757e-15 5.863062598335362072e-15 -6.532794871228720387e-15 -3.477200073115759744e-15 -6.422772542338078384e-15 1.451837944496722910e-14 2.323588341408771805e-14 2.056759834370540379e-14 7.057162233869657843e-15 -2.057818438292358777e-16 -2.903480774257199358e-15 4.666218637980123792e-15 4.860588595808109722e-15 3.778106216606226573e-15 3.124289207323765195e-15 -1.293184122201157292e-15 -4.554182608495528365e-15 8.860474703249829181e-16 2.298883250428432923e-15 -5.619756090629267387e-16 -1.102126086190909524e-15 1.765240141659927812e-16 -1.774585595125017753e-16 -2.464160147555654791e-16
3.883976090179731277e-14 6.139340874454867064e-15 1.944489850178736826e-14 -1.407903157979002656e-14 8.806155900824636780e-16 -9.036076098014252319e-15 -1.774145826322636032e-14 2.238413697572375055e-14 1.741459800271279856e-14 7.057162233869657843e-15 2.704867786737498522e-14 8.568950597376152020e-15 9.319913286679748953e-15 1.091443659451507432e-14 3.999193565908271132e-15 2.733462865396506661e-15 -1.768784179659005561e-15 2.975715668422688156e-16 -4.664928238537220130e-15 3.805510346721018908e-15 2.643930736226445813e-15 1.695468503202262704e-15 -4.405646602279129133e-16 -5.952003261440136074e-16 -1.760662787347748059e-15 -3.136891659291653172e-17
2.212060516004627736e-14 3.229738659619233469e-14 1.885910662857948190e-14 -1.595059535125792010e-14 5.566484998877071064e-15 -3.957060052347116431e-15 -8.980589859472762724e-15 -1.096592184480754730e-15 -5.464006100870641648e-16 -2.057818438292358777e-16 8.568950597376152020e-15 1.228116881108723034e-14 1.117887152932114799e-14 5.663945943265648285e-15 4.565944065300968831e-16 1.964595129982301687e-17 -2.858294671664376696e-15 7.646464712272112430e-16 -5.973584296971660552e-16 1.147092543879812194e-15 -3.809118726334020031e-18 6.688922493738084234e-16 -1.823183153034508484e-15 -6.610580318764834498e-17 -4.145614705887216250e-16 3.480877840684670984e-16
1.915519933248651034e-14 3.225644328940764849e-14 1.249586841040916119e-14 -1.254854895257349161e-14 1.504763691631393290e-15 -2.986114822872114604e-15 -1.054917231954361140e-14 2.092848118852199515e-15 5.304446478083869763e-15 -2.903480774257199358e-15 9.319913286679748953e-15 1.117887152932114799e-14 1.869258577854346800e-14 6.353753545098619944e-15 9.317548222567211380e-16 -3.660044868623431528e-15 -5.947718229778906607e-15 1.826391932639279832e-15 -1.418393052214275112e-17 7.635982005245448270e-16 -1.097540543887547693e-16 1.006908731457153551e-15 -2.803028653083785428e-15 -3.964200372318303677e-16 3.363894062143652673e-16 1.328846055543404870e-15
1.631961016900835383e-14 -9.252707969421495164e-15 -2.754950738081338219e-15 -1.088000147726109211e-14 -4.325030099909721156e-15 -6.308865522921844077e-15 -7.965254687600045856e-15 7.884599668659067835e-15 1.117640573273408588e-14 4.666218637980123792e-15 1.091443659451507432e-14 5.663945943265648285e-15 6.353753545098619944e-15 9.883928386955701311e-15 1.088470358528179856e-15 1.944852698001152507e-17 -1.469185571776134257e-15 8.691193602148413637e-16 -1.766252475370633481e-15 1.897245273174823446e-15 1.526996088362215777e-15 1.003233824133958359e-15 -1.883526972851315223e-16 -3.366680385300694391e-16 -6.068443619998960277e-16 -1.320000005531644032e-16
6.337354435930292535e-16 2.547105570618402279e-14 -1.941136668404833903e-14 2.479753180359335542e-15 2.639735327286789267e-15 3.298478460263715597e-15 -6.997257199629986904e-16 1.124963869190673810e-14 8.304930911665301613e-15 4.860588595808109722e-15 3.999193565908271132e-15 4.565944065300968831e-16 9.317548222567211380e-16 1.088470358528179856e-15 1.051427728870539152e-14 5.060733951006056179e-15 -5.120429943251314549e-16 -1.753826677538575446e-15 -1.876370223458741034e-15 1.655714941634785973e-15 -1.384841927413102765e-16 8.478047189693467478e-16 -1.823104888106418174e-15 -8.596473542362245353e-16 1.363908925192843938e-17 1.116638197927185995e-15
-7.404459513383047850e-15 1.123099251860002220e-14 -7.271982871846738330e-16 3.074874490781504174e-15 9.806626893779815521e-16 1.357983017030273542e-16 -1.400623469711116213e-15 6.079354358135906371e-15 2.274269576691195855e-16 3.778106216606226573e-15 2.733462865396506661e-15 1.964595129982301687e-17 -3.660044868623431528e-15 1.944852698001152507e-17 5.060733951006056179e-15 8.824428615530295129e-15 2.313221140217747243e-15 -1.991067167113335829e-15 -1.090846919361198315e-15 1.097256701072484216e-15 -1.084795408384598085e-15 -2.103087130476226007e-16 -1.375499249975714921e-16 6.907297831690275341e-17 -9.903422112034412636e-16 -5.708924267191225154e-16
-1.215335713965545914e-14 -1.635521765168012579e-14 6.174765500545282719e-15 1.749018434975165057e-14 4.630066539661983109e-15 -2.170625127031640285e-15 -4.775843030235740987e-15 8.475670317873379965e-15 8.449139180886932110e-15 3.124289207323765195e-15 -1.768784179659005561e-15 -2.858294671664376696e-15 -5.947718229778906607e-15 -1.469185571776134257e-15 -5.120429943251314549e-16 2.313221140217747243e-15 1.225580887629881142e-14 1.433183633011477380e-15 4.355210982594068353e-16 6.122743425154649225e-16 2.412426376598525549e-15 -4.671290205560072493e-16 1.244068205614840996e-15 5.173044845212232827e-16 -1.191507735375439733e-15 -1.432761268182526205e-15
8.533664189973640157e-15 -1.689382991507795863e-14 7.691356309698402977e-15 -5.550282538129175609e-15 5.557846719595986441e-15 -1.336467860206912094e-15 1.028088127263260130e-15 9.120696776048493831e-16 7.380451227963353256e-16 -1.293184122201157292e-15 2.975715668422688156e-16 7.646464712272112430e-16 1.826391932639279832e-15 8.691193602148413637e-16 -1.753826677538575446e-15 -1.991067167113335829e-15 1.433183633011477380e-15 4.907242593156958203e-15 1.451438600926136340e-15 6.831970631548838009e-16 3.886369279594793325e-16 9.317252050294204997e-16 6.572831481750175565e-16 -4.760264152212457251e-16 1.017347072594658269e-16 -3.516664697993890210e-16
-1.177667833686489775e-14 6.767022833112514938e-15 -7.946163857058340665e-15 2.843079450955374201e-15 5.006274077197072335e-15 3.937844791604162093e-15 3.571331597133217250e-15 -8.279418080687627464e-15 -7.244586428894252387e-15 -4.554182608495528365e-15 -4.664928238537220130e-15 -5.973584296971660552e-16 -1.418393052214275112e-17 -1.766252475370633481e-15 -1.876370223458741034e-15 -1.090846919361198315e-15 4.355210982594068353e-16 1.451438600926136340e-15 5.628947597581901242e-15 1.733234153463666866e-16 -1.135488031807845353e-15 -2.829140375894958963e-17 6.875022864452414833e-17 3.205448698521628209e-16 2.097362803677985937e-16 -1.240712976575492791e-17
1.529828538784654500e-14 5.663525380832241938e-15 4.679143598415149338e-16 -5.021244370685688472e-15 6.164658617827399485e-16 -3.920785378988496909e-15 -2.183935158726774780e-15 4.163112845280949062e-15 4.437483630863390722e-15 8.860474703249829181e-16 3.805510346721018908e-15 1.147092543879812194e-15 7.635982005245448270e-16 1.897245273174823446e-15 1.655714941634785973e-15 1.097256701072484216e-15 6.122743425154649225e-16 6.831970631548838009e-16 1.733234153463666866e-16 4.966109694027874682e-15 2.513727972043931797e-15 1.090707517169825799e-15 8.890865983816743482e-17 -5.497078624824602722e-16 -4.491635085207750119e-16 3.420687074269618743e-16
9.059413041079607885e-15 -1.331912981896284747e-14 -1.334830716638027769e-15 -1.309969162824553763e-15 -4.582582761441235368e-15 -5.277760654245660314e-15 -4.127179153340965856e-15 5.848422655997169092e-15 9.869853717500242727e-15 2.298883250428432923e-15 2.643930736226445813e-15 -3.809118726334020031e-18 -1.097540543887547693e-16 1.526996088362215777e-15 -1.384841927413102765e-16 -1.084795408384598085e-15 2.412426376598525549e-15 3.886369279594793325e-16 -1.135488031807845353e-15 2.513727972043931797e-15 6.687371853082401511e-15 1.248098644742267659e-15 1.270613353101642262e-16 1.825743010106766271e-16 -4.055843357577831224e-16 6.172562801835795436e-17
9.235455157624098941e-15 -1.699357903306241336e-15 4.993856542048233252e-15 -3.172664930593367827e-15 -2.976912834999679695e-15 -3.546332344345821074e-15 -2.079675336966604159e-15 3.524107762125374291e-15 2.156480956502810113e-15 -5.619756090629267387e-16 1.695468503202262704e-15 6.688922493738084234e-16 1.006908731457153551e-15 1.003233824133958359e-15 8.478047189693467478e-16 -2.103087130476226007e-16 -4.671290205560072493e-16 9.317252050294204997e-16 -2.829140375894958963e-17 1.090707517169825799e-15 1.248098644742267659e-15 3.579818503405952843e-15 1.113257324001081171e-15 -4.471455652905990896e-16 -3.818122286323591738e-16 1.944876213457737933e-16
4.011878614437327088e-15 -1.688449522597718785e-14 3.718384873966649995e-15 -1.828862776925238503e-15 -2.216380824845328619e-15 -2.389957316033812055e-15 9.956507531168819109e-16 8.743013843575558938e-16 -6.843006338068988418e-16 -1.102126086190909524e-15 -4.405646602279129133e-16 -1.823183153034508484e-15 -2.803028653083785428e-15 -1.883526972851315223e-16 -1.823104888106418174e-15 -1.375499249975714921e-16 1.244068205614840996e-15 6.572831481750175565e-16 6.875022864452414833e-17 8.890865983816743482e-17 1.270613353101642262e-16 1.113257324001081171e-15 3.398207177781604182e-15 2.173601309312131207e-16 -4.134050798888948035e-16 -8.337898691726554124e-16
-5.675192613734805305e-15 4.228236554305316052e-16 -1.719005549770142216e-15 4.202566423048731078e-15 -2.281149418456511407e-16 4.725975784055629860e-16 2.059672350935632934e-16 -5.251776952143741414e-16 -6.821793487092930935e-16 1.765240141659927812e-16 -5.952003261440136074e-16 -6.610580318764834498e-17 -3.964200372318303677e-16 -3.366680385300694391e-16 -8.596473542362245353e-16 6.907297831690275341e-17 5.173044845212232827e-16 -4.760264152212457251e-16 3.205448698521628209e-16 -5.497078624824602722e-16 1.825743010106766271e-16 -4.471455652905990896e-16 2.173601309312131207e-16 2.094226099535463503e-15 8.738620970997773177e-16 1.785971356882038376e-16
-2.856054623935267228e-15 -4.477777065245285941e-16 -6.574122436315231477e-15 1.625669461003480913e-15 1.373576001254835774e-15 3.446936043690136186e-15 4.181062129558423033e-15 -1.650832920437191361e-15 -2.557678014611714125e-15 -1.774585595125017753e-16 -1.760662787347748059e-15 -4.145614705887216250e-16 3.363894062143652673e-16 -6.068443619998960277e-16 1.363908925192843938e-17 -9.903422112034412636e-16 -1.191507735375439733e-15 1.017347072594658269e-16 2.097362803677985937e-16 -4.491635085207750119e-16 -4.055843357577831224e-16 -3.818122286323591738e-16 -4.134050798888948035e-16 8.738620970997773177e-16 2.353296600578101746e-15 1.157824735544814836e-15
4.666074665740615412e-15 1.353638424162084499e-14 -3.702091282207979803e-15 6.354099410704591190e-16 -5.012735273971175144e-17 1.329728206494644445e-15 8.787782681464592545e-16 -1.006359448682106635e-15 -5.871114435756984469e-16 -2.464160147555654791e-16 -3.136891659291653172e-17 3.480877840684670984e-16 1.328846055543404870e-15 -1.320000005531644032e-16 1.116638197927185995e-15 -5.708924267191225154e-16 -1.432761268182526205e-15 -3.516664697993890210e-16 -1.240712976575492791e-17 3.420687074269618743e-16 6.172562801835795436e-17 1.944876213457737933e-16 -8.337898691726554124e-16 1.785971356882038376e-16 1.157824735544814836e-15 2.642572339417173625e-15
