6.621962406195474907e-13 1.581614091671538169e-14 2.169209412798248156e-13 2.231108936538678515e-14 8.494961178661050052e-14 4.417905532808603936e-14 4.350036464787726982e-14 3.965038430716612963e-14 -2.959165620401679928e-14 -2.440389852893849839e-14 -1.740850728262533998e-15 4.722094170691515843e-14 1.873671438703565075e-14 4.833952313746881796e-15 1.092711755273814291e-14 -2.385335898234313000e-14 -3.306085638063981079e-14 1.672933257407279138e-14 -1.106950299461503979e-14 6.617034539641622200e-15 -6.381356361495565779e-15 2.457469493565816328e-15 3.887373999293809318e-15 -4.019957773937042623e-15 -1.087109889877931514e-15 -9.406967900566628806e-15
1.581614091671538169e-14 1.030462470394417937e-12 9.352936717266930849e-14 -9.593294658331677279e-14 -2.119982079311286563e-13 -4.929838302697486953e-15 -6.583838312864329116e-14 -1.058008410803627698e-13 -1.184524182658237494e-14 1.635198788910384146e-15 4.471277209414307127e-15 9.254547471275742834e-15 -1.300787304481070172e-14 -1.729336160214077636e-15 -7.700371011098891471e-16 1.422629804338761052e-15 -3.059512335183316074e-14 -3.411211809486169431e-14 -3.955256974553617588e-14 -2.479437304449302914e-14 -4.074627559326569475e-14 5.176494006878291913e-15 1.950211525379327703e-14 1.673913605888595564e-14 3.563193957059291871e-14 1.588848433615512408e-14
2.169209412798248156e-13 9.352936717266930849e-14 6.931782618152151044e-13 -6.874608015000116536e-14 2.777401819295365178e-14 1.479815529022826848e-13 6.049517465715655599e-14 9.137849215030882913e-14 -5.989741237912838871e-15 1.318881397760484859e-14 -1.842509524368927806e-14 2.879412907914808477e-14 3.632203050195172449e-14 4.586663522348413458e-14 1.183837036134419517e-14 2.811766196253134960e-14 1.252030486324885920e-14 5.138439960378620515e-14 1.851373717457310780e-14 -1.692350786155079793e-14 -1.948866475255065844e-14 1.112297936773711232e-14 6.361235282228110079e-15 -7.453701530658935641e-15 -9.141250534332999852e-15 -2.566698211898554699e-14
2.231108936538678515e-14 -9.593294658331677279e-14 -6.874608015000116536e-14 2.826428646134410445e-13 1.317445856157269677e-13 5.536890577422168204e-14 -2.782287313236140804e-14 4.360502050301721016e-14 8.100762176613323416e-16 -2.973834866947027792e-15 -5.551569256531136948e-15 -2.694788972738564969e-14 -2.395492226512256408e-15 2.007540091983667918e-15 3.481804967721664579e-15 -1.304289197858330093e-14 1.401857091221636621e-14 7.986329794880623045e-15 2.606192412425172808e-15 -2.249602698974421775e-16 1.163768264265801054e-14 -1.263458706854499320e-14 1.523571790027819671e-15 2.528904775080747863e-15 -6.895494496550743886e-15 -2.369096142261073935e-16
8.494961178661050052e-14 -2.119982079311286563e-13 2.777401819295365178e-14 1.317445856157269677e-13 2.351526443195905155e-13 1.249946519410165052e-13 3.240797414042874232e-14 6.287899377630249604e-14 -8.771192670950098313e-16 2.047562050064929988e-14 9.980244358554353071e-15 -1.101750054527327991e-14 6.989526847843378507e-15 1.377207174981698609e-14 1.294055431321604315e-14 -1.648556116834270125e-14 1.453419286322993249e-14 1.880081866505706573e-14 7.997464641104352754e-15 -2.242733662924663341e-16 8.708483980876280825e-15 2.215525440876220115e-15 2.689241172740809728e-15 -2.963010603854405436e-15 -1.530950368841094315e-14 -8.938475334242903466e-15
4.417905532808603936e-14 -4.929838302697486953e-15 1.479815529022826848e-13 5.536890577422168204e-14 1.249946519410165052e-13 2.226963614016230140e-13 6.839770592219326091e-14 6.530638700429146831e-14 -2.901514722121387417e-15 1.053739709588723594e-14 3.300359467663271377e-16 1.257947733175546591e-14 7.861409316751441806e-15 2.657950625462957316e-14 4.039756541458855092e-16 -1.040250359106625030e-14 1.557564772557957472e-14 2.734355614524325279e-14 1.247171382521313698e-14 -3.218189564109667934e-15 6.832519364782536446e-15 6.964985475756610326e-15 7.762333770876671544e-15 -3.758976022001154066e-15 -8.949116651902456767e-15 -8.006247864364323136e-15
4.350036464787726982e-14 -6.583838312864329116e-14 6.049517465715655599e-14 -2.782287313236140804e-14 3.240797414042874232e-14 6.839770592219326091e-14 8.447675644884389471e-14 9.453613587295378891e-15 5.836531900842915088e-15 1.286578422457659302e-16 -3.681278995766595226e-15 1.159871188411345281e-14 8.883608770714278278e-15 5.096885586569917494e-15 -2.071500950089938488e-15 -1.066103338017700045e-14 1.140434528297660893e-15 1.402174602767996426e-14 6.779161465866958163e-15 4.542156835733313473e-15 1.370097237726072569e-15 3.177645414389542267e-15 3.532001289499315079e-15 -2.104898809068733691e-15 -2.683932407059546781e-15 -2.575888078872054417e-15
3.965038430716612963e-14 -1.058008410803627698e-13 9.137849215030882913e-14 4.360502050301721016e-14 6.287899377630249604e-14 6.530638700429146831e-14 9.453613587295378891e-15 8.014233553415072160e-14 9.816359361791493001e-16 -1.856859042861258100e-16 -3.075703895606320023e-15 6.236228823587304323e-16 5.434968071777109158e-15 2.026445071536745894e-14 -1.418055792049672422e-15 -3.891336515725429859e-15 8.155409700889762309e-15 1.630332340123978189e-14 9.238020075291619163e-15 -1.630487183419475474e-15 2.299819331986883539e-15 -1.435118094163446620e-15 7.847192095214374367e-17 -4.483083142565058240e-15 -8.103820647323541569e-15 -6.986161398516140461e-15
-2.959165620401679928e-14 -1.184524182658237494e-14 -5.989741237912838871e-15 8.100762176613323416e-16 -8.771192670950098313e-16 -2.901514722121387417e-15 5.836531900842915088e-15 9.816359361791493001e-16 1.296346794115073150e-14 1.551448606097965057e-15 -3.260445500640677309e-15 -1.998463413411761010e-15 -1.788643318735954533e-15 2.837550577528077851e-16 -6.156482848666597960e-16 1.105274268480128103e-16 3.321347727781960815e-15 1.021417665611808141e-15 3.447585115994745881e-15 -1.928216692613942090e-15 -3.036225531141829668e-16 -2.589962760659758572e-15 -6.137674120269409062e-16 -2.276100121745662927e-16 -7.722732633640487452e-16 8.068717954106046714e-16
-2.440389852893849839e-14 1.635198788910384146e-15 1.318881397760484859e-14 -2.973834866947027792e-15 2.047562050064929988e-14 1.053739709588723594e-14 1.286578422457659302e-16 -1.856859042861258100e-16 1.551448606097965057e-15 2.953772067977337579e-14 1.026495285539121896e-14 -4.617024569220820978e-15 1.306918505915563225e-15 1.806202426910389977e-15 2.899297115506634600e-15 2.795197498123311146e-15 4.822011642511481609e-15 -3.265252468940133727e-15 -3.539753026948156523e-15 -4.778996224534312177e-15 -1.775026429695598519e-15 2.783267496075435159e-15 1.283643956417534302e-15 2.844516924304164614e-18 -1.827956795334171352e-15 -2.050816722008819565e-15
-1.740850728262533998e-15 4.471277209414307127e-15 -1.842509524368927806e-14 -5.551569256531136948e-15 9.980244358554353071e-15 3.300359467663271377e-16 -3.681278995766595226e-15 -3.075703895606320023e-15 -3.260445500640677309e-15 1.026495285539121896e-14 1.651694032710990283e-14 4.697676467331238680e-15 6.064766360756782668e-15 5.124669562668168763e-15 2.720495439290857792e-15 8.809675201084316413e-16 2.977214825645407766e-15 -3.239034925358787743e-15 2.471992217936414968e-15 2.529879532750886252e-15 2.957191454974217631e-15 2.647651417572442755e-15 -2.956175640633674060e-16 -8.216174029611921470e-16 -9.355332260945859701e-16 -3.653969870246932411e-16
4.722094170691515843e-14 9.254547471275742834e-15 2.879412907914808477e-14 -2.694788972738564969e-14 -1.101750054527327991e-14 1.257947733175546591e-14 1.159871188411345281e-14 6.236228823587304323e-16 -1.998463413411761010e-15 -4.617024569220820978e-15 4.697676467331238680e-15 2.572013627355337874e-14 7.187202831934352415e-15 5.449559521691549148e-15 -5.139180420243114845e-16 3.435937221648118657e-16 -4.306412813245063727e-15 2.223801847523425647e-15 4.667126885707011399e-15 3.438337216245212486e-15 2.118135136246273055e-15 1.953575797079167213e-15 1.887315597796100146e-16 -1.676635229699553879e-15 9.617355065287370439e-16 -7.431243922337190467e-16
1.873671438703565075e-14 -1.300787304481070172e-14 3.632203050195172449e-14 -2.395492226512256408e-15 6.989526847843378507e-15 7.861409316751441806e-15 8.883608770714278278e-15 5.434968071777109158e-15 -1.788643318735954533e-15 1.306918505915563225e-15 6.064766360756782668e-15 7.187202831934352415e-15 1.310948654274623602e-14 7.832022621718421594e-15 4.098920357145318166e-15 1.408894635527507596e-16 1.315704332353851951e-15 4.389455803763298127e-15 2.599639675111134561e-15 2.380742511656131872e-15 1.345387066561107899e-15 2.267275333211763247e-15 7.943230171265204175e-16 -1.068783867658565260e-16 -2.796273722728012551e-16 -9.884452317860079002e-16
4.833952313746881796e-15 -1.729336160214077636e-15 4.586663522348413458e-14 2.007540091983667918e-15 1.377207174981698609e-14 2.657950625462957316e-14 5.096885586569917494e-15 2.026445071536745894e-14 2.837550577528077851e-16 1.806202426910389977e-15 5.124669562668168763e-15 5.449559521691549148e-15 7.832022621718421594e-15 1.553834160969399107e-14 2.220072857470526658e-15 1.851221462612752152e-15 3.772601683593921997e-15 3.954390540189527630e-15 6.125150064143273128e-15 1.371432357820491951e-16 1.079559812264801287e-15 1.565963706930549349e-15 3.366112903724016848e-16 -1.560686184095184056e-15 -2.135438669931207472e-15 -2.372359886573156060e-15
1.092711755273814291e-14 -7.700371011098891471e-16 1.183837036134419517e-14 3.481804967721664579e-15 1.294055431321604315e-14 4.039756541458855092e-16 -2.071500950089938488e-15 -1.418055792049672422e-15 -6.156482848666597960e-16 2.899297115506634600e-15 2.720495439290857792e-15 -5.139180420243114845e-16 4.098920357145318166e-15 2.220072857470526658e-15 9.372206568516983232e-15 3.085211198873661713e-15 1.331066969924817321e-15 1.267904303374386215e-15 -3.792215571592888971e-16 -2.644258734944259031e-17 -6.264836755149233398e-16 1.040664192176898614e-15 -4.123883079086250587e-16 3.919514421943843650e-16 -5.298348512465101653e-16 -6.705287511191729897e-17
-2.385335898234313000e-14 1.422629804338761052e-15 2.811766196253134960e-14 -1.304289197858330093e-14 -1.648556116834270125e-14 -1.040250359106625030e-14 -1.066103338017700045e-14 -3.891336515725429859e-15 1.105274268480128103e-16 2.795197498123311146e-15 8.809675201084316413e-16 3.435937221648118657e-16 1.408894635527507596e-16 1.851221462612752152e-15 3.085211198873661713e-15 1.271695593318141194e-14 5.781301499732517792e-15 1.097924156361090490e-15 5.635236955153184357e-15 -4.417891136138904699e-16 -6.921199870868977478e-17 2.746103516992678474e-16 -2.956883770729204236e-15 -1.436429546910027333e-15 -1.399336261261667113e-15 -1.041005771561990051e-15
-3.306085638063981079e-14 -3.059512335183316074e-14 1.252030486324885920e-14 1.401857091221636621e-14 1.453419286322993249e-14 1.557564772557957472e-14 1.140434528297660893e-15 8.155409700889762309e-15 3.321347727781960815e-15 4.822011642511481609e-15 2.977214825645407766e-15 -4.306412813245063727e-15 1.315704332353851951e-15 3.772601683593921997e-15 1.331066969924817321e-15 5.781301499732517792e-15 1.429590111849826998e-14 6.097797159542609299e-15 1.076506730743237382e-14 5.236097937510955110e-16 4.194627092692389976e-15 -6.696231618620823487e-16 -1.721879963961955381e-15 -1.705490496913940186e-15 -3.446398553573713073e-15 -9.357919541035733840e-16
1.672933257407279138e-14 -3.411211809486169431e-14 5.138439960378620515e-14 7.986329794880623045e-15 1.880081866505706573e-14 2.734355614524325279e-14 1.402174602767996426e-14 1.630332340123978189e-14 1.021417665611808141e-15 -3.265252468940133727e-15 -3.239034925358787743e-15 2.223801847523425647e-15 4.389455803763298127e-15 3.954390540189527630e-15 1.267904303374386215e-15 1.097924156361090490e-15 6.097797159542609299e-15 1.291111759910018846e-14 8.148927814396814928e-15 1.328889607261510246e-15 1.792483316457793343e-15 3.292221941061962407e-16 1.562030264973114451e-16 -1.687718410630355902e-15 -3.147299071438493633e-15 -2.302645034388972957e-15
-1.106950299461503979e-14 -3.955256974553617588e-14 1.851373717457310780e-14 2.606192412425172808e-15 7.997464641104352754e-15 1.247171382521313698e-14 6.779161465866958163e-15 9.238020075291619163e-15 3.447585115994745881e-15 -3.539753026948156523e-15 2.471992217936414968e-15 4.667126885707011399e-15 2.599639675111134561e-15 6.125150064143273128e-15 -3.792215571592888971e-16 5.635236955153184357e-15 1.076506730743237382e-14 8.148927814396814928e-15 1.925505517738939601e-14 3.854702308491515406e-15 6.908154274006106323e-15 -1.209847664293449979e-15 -3.397103434581365809e-15 -3.415159971387994518e-15 -4.656474021680918008e-15 -1.688150026041439203e-15
6.617034539641622200e-15 -2.479437304449302914e-14 -1.692350786155079793e-14 -2.249602698974421775e-16 -2.242733662924663341e-16 -3.218189564109667934e-15 4.542156835733313473e-15 -1.630487183419475474e-15 -1.928216692613942090e-15 -4.778996224534312177e-15 2.529879532750886252e-15 3.438337216245212486e-15 2.380742511656131872e-15 1.371432357820491951e-16 -2.644258734944259031e-17 -4.417891136138904699e-16 5.236097937510955110e-16 1.328889607261510246e-15 3.854702308491515406e-15 7.817825537966297935e-15 4.605886942356343443e-15 4.731129826033046544e-16 -7.203716571283654643e-16 -6.313947823045017466e-16 -5.591969111829424438e-16 7.073791169863969516e-16
-6.381356361495565779e-15 -4.074627559326569475e-14 -1.948866475255065844e-14 1.163768264265801054e-14 8.708483980876280825e-15 6.832519364782536446e-15 1.370097237726072569e-15 2.299819331986883539e-15 -3.036225531141829668e-16 -1.775026429695598519e-15 2.957191454974217631e-15 2.118135136246273055e-15 1.345387066561107899e-15 1.079559812264801287e-15 -6.264836755149233398e-16 -6.921199870868977478e-17 4.194627092692389976e-15 1.792483316457793343e-15 6.908154274006106323e-15 4.605886942356343443e-15 1.056176234257594112e-14 1.141755790889633357e-15 -1.217010113377833971e-15 -1.093817216891611735e-15 -2.081066345605845549e-15 3.598946067766693021e-16
2.457469493565816328e-15 5.176494006878291913e-15 1.112297936773711232e-14 -1.263458706854499320e-14 2.215525440876220115e-15 6.964985475756610326e-15 3.177645414389542267e-15 -1.435118094163446620e-15 -2.589962760659758572e-15 2.783267496075435159e-15 2.647651417572442755e-15 1.953575797079167213e-15 2.267275333211763247e-15 1.565963706930549349e-15 1.040664192176898614e-15 2.746103516992678474e-16 -6.696231618620823487e-16 3.292221941061962407e-16 -1.209847664293449979e-15 4.731129826033046544e-16 1.141755790889633357e-15 5.527749031620436378e-15 2.051531212789834406e-15 5.728014404347484394e-16 1.114063287813751579e-16 -4.588690177445333507e-16
3.887373999293809318e-15 1.950211525379327703e-14 6.361235282228110079e-15 1.523571790027819671e-15 2.689241172740809728e-15 7.762333770876671544e-15 3.532001289499315079e-15 7.847192095214374367e-17 -6.137674120269409062e-16 1.283643956417534302e-15 -2.956175640633674060e-16 1.887315597796100146e-16 7.943230171265204175e-16 3.366112903724016848e-16 -4.123883079086250587e-16 -2.956883770729204236e-15 -1.721879963961955381e-15 1.562030264973114451e-16 -3.397103434581365809e-15 -7.203716571283654643e-16 -1.217010113377833971e-15 2.051531212789834406e-15 4.846093569214190381e-15 2.011527163366017702e-15 1.599590272863504517e-15 1.814583688115998970e-16
-4.019957773937042623e-15 1.673913605888595564e-14 -7.453701530658935641e-15 2.528904775080747863e-15 -2.963010603854405436e-15 -3.758976022001154066e-15 -2.104898809068733691e-15 -4.483083142565058240e-15 -2.276100121745662927e-16 2.844516924304164614e-18 -8.216174029611921470e-16 -1.676635229699553879e-15 -1.068783867658565260e-16 -1.560686184095184056e-15 3.919514421943843650e-16 -1.436429546910027333e-15 -1.705490496913940186e-15 -1.687718410630355902e-15 -3.415159971387994518e-15 -6.313947823045017466e-16 -1.093817216891611735e-15 5.728014404347484394e-16 2.011527163366017702e-15 3.861345690480999563e-15 2.595198579271099530e-15 1.383952056609653283e-15
-1.087109889877931514e-15 3.563193957059291871e-14 -9.141250534332999852e-15 -6.895494496550743886e-15 -1.530950368841094315e-14 -8.949116651902456767e-15 -2.683932407059546781e-15 -8.103820647323541569e-15 -7.722732633640487452e-16 -1.827956795334171352e-15 -9.355332260945859701e-16 9.617355065287370439e-16 -2.796273722728012551e-16 -2.135438669931207472e-15 -5.298348512465101653e-16 -1.399336261261667113e-15 -3.446398553573713073e-15 -3.147299071438493633e-15 -4.656474021680918008e-15 -5.591969111829424438e-16 -2.081066345605845549e-15 1.114063287813751579e-16 1.599590272863504517e-15 2.595198579271099530e-15 5.559094623205384166e-15 2.478767731916599751e-15
-9.406967900566628806e-15 1.588848433615512408e-14 -2.566698211898554699e-14 -2.369096142261073935e-16 -8.938475334242903466e-15 -8.006247864364323136e-15 -2.575888078872054417e-15 -6.986161398516140461e-15 8.068717954106046714e-16 -2.050816722008819565e-15 -3.653969870246932411e-16 -7.431243922337190467e-16 -9.884452317860079002e-16 -2.372359886573156060e-15 -6.705287511191729897e-17 -1.041005771561990051e-15 -9.357919541035733840e-16 -2.302645034388972957e-15 -1.688150026041439203e-15 7.073791169863969516e-16 3.598946067766693021e-16 -4.588690177445333507e-16 1.814583688115998970e-16 1.383952056609653283e-15 2.478767731916599751e-15 4.488927599441484697e-15
