1.978699255477534290e-12 -2.033427647227625676e-13 -3.448620532768309911e-13 2.447573802295996717e-13 -1.961256682148878533e-14 1.398858431949225265e-13 1.270270861636260813e-13 1.284062300655487521e-13 7.510875200135083791e-14 9.068318036850286035e-14 -6.585736700520514134e-14 -3.780890465084534202e-14 -8.786713032698072910e-15 -7.182705961242202952e-14 -2.623465037907665207e-14 3.137617082702275478e-14 1.435085768308054312e-14 -5.238149726373728079e-15 3.493049055185785819e-15 -1.806161312440615486e-14 -3.920802228398865787e-14 1.760468444155854729e-14 -1.273042376697367003e-14 -1.811162639516298446e-14 5.685521917423390748e-15 1.400730312966336275e-14
-2.033427647227625676e-13 1.379302413488841884e-12 2.680419501150015834e-13 -4.824674192628249690e-14 3.596114326729997824e-14 1.379310037315147325e-13 1.328346871450401135e-13 -1.345588824273309592e-14 -1.750489090382268129e-15 9.001427207244118573e-14 6.825792898061376670e-14 -1.774689415964424027e-14 6.592741326073187827e-14 2.121222847028692748e-14 -6.095448232478053888e-15 7.004752150410464847e-14 4.463920483711458425e-14 4.233778120359041642e-14 2.204656866495104947e-14 2.555470087180118711e-14 1.915397695207307463e-15 1.710435506007623140e-15 6.409769268924819817e-15 1.786384464883102128e-14 1.892532432427656371e-14 4.014643447368305059e-15
-3.448620532768309911e-13 2.680419501150015834e-13 8.449923707692935521e-13 4.290270496674215223e-14 1.529366413413379127e-13 1.196096421529688725e-13 8.841076759356852387e-14 -3.379473688865874510e-14 4.856609081062095041e-14 2.264492993849511939e-14 4.789780811913224663e-14 2.458591563128753553e-14 1.554470771963699276e-15 4.514912913926683053e-14 -4.106467894426861227e-15 4.547216979572401567e-14 2.118059738533624402e-14 4.117928092103379067e-15 1.997085447336942832e-14 1.174601548289166582e-14 -1.798864962889437930e-14 -5.543474719955827996e-16 6.932105369278375871e-15 6.431284980666326887e-15 6.433667951327423987e-15 2.085154210061773727e-15
2.447573802295996717e-13 -4.824674192628249690e-14 4.290270496674215223e-14 3.256072915702301145e-13 2.246065384315284923e-13 2.292610696613216002e-14 8.820686715696794645e-14 3.897667487255090703e-14 5.646857793777604196e-14 1.749879230102579457e-14 6.382495077128194448e-15 -1.379362478008369757e-14 -1.489366493904944451e-14 -1.028994298554462600e-14 -8.657828137178650857e-15 8.611315392641504403e-15 2.638195105903820666e-15 -1.363265534908898653e-14 -1.669537493692034713e-16 -1.496131623931058191e-15 -5.080170579353140928e-15 -1.045504738925219086e-15 -1.131124653756777378e-15 -5.513336651758749198e-15 4.101750844517450518e-15 1.772651273719339431e-15
-1.961256682148878533e-14 3.596114326729997824e-14 1.529366413413379127e-13 2.246065384315284923e-13 2.658738804234209674e-13 5.674407063376061410e-14 7.536239270009637531e-14 7.547601049687342498e-15 7.020617513284014907e-14 1.065447115245706224e-14 3.367863052917617071e-14 -5.289985600618678958e-15 -1.074891849906121037e-14 1.621226093559911965e-14 -2.560387766266100243e-15 1.066496881831263800e-14 4.160012769567164466e-15 -4.089431828294572985e-15 5.055163686972000027e-15 5.934425340207986851e-15 -6.201376092318278117e-15 -4.606337257338701535e-15 1.979287034315344863e-15 -3.015816006209246158e-15 3.527424947400776614e-15 -6.985181536366802255e-16
1.398858431949225265e-13 1.379310037315147325e-13 1.196096421529688725e-13 2.292610696613216002e-14 5.674407063376061410e-14 1.261758406701262220e-13 4.189548779613502482e-14 -3.144647200848703934e-15 3.027155704237685420e-14 2.897494181213320009e-14 5.560052767796371874e-15 -4.823863158947529073e-15 6.583773905031014242e-15 8.471191387798064435e-15 -5.106575568412292247e-15 2.138936107096271396e-14 1.117993520128409996e-14 8.794946471529054323e-15 9.294860091370833291e-15 5.869230268323213107e-15 -1.187374800373989931e-14 2.980892479438778472e-15 2.053833792956615366e-15 -3.757808675903844344e-16 2.059001446341335958e-15 1.936382780977150973e-15
1.270270861636260813e-13 1.328346871450401135e-13 8.841076759356852387e-14 8.820686715696794645e-14 7.536239270009637531e-14 4.189548779613502482e-14 9.308547515619324577e-14 7.532758525280757198e-15 2.582413232373977951e-14 1.580551052524835297e-14 2.331967728183602959e-14 7.465482425430727847e-15 3.989449751682850362e-15 3.055021309920728405e-15 -1.430029023140012581e-15 1.292270493410220197e-14 4.026141405054392083e-15 -5.268015007005787192e-16 -4.994747755282331314e-16 -1.419284580297162940e-15 -7.880747294507369587e-15 -6.592071173475627307e-16 2.758832228400862487e-15 1.457728303881871938e-15 4.950313336533885560e-15 -2.928030082019990818e-16
1.284062300655487521e-13 -1.345588824273309592e-14 -3.379473688865874510e-14 3.897667487255090703e-14 7.547601049687342498e-15 -3.144647200848703934e-15 7.532758525280757198e-15 4.783073505660737428e-14 4.802285288515259096e-15 -6.144933621408810699e-16 -9.542074712821917963e-15 -1.552973840002814742e-14 -4.957329297189691269e-16 -9.956013784111580062e-15 -6.828816330494692967e-16 4.830803882722454059e-15 4.904507931799525114e-15 -2.029888534084002133e-15 8.724606436560652671e-16 3.675321112137545462e-16 -2.084507845995635960e-15 5.117885824475433516e-16 -2.163757726652283657e-15 -3.549461031738233022e-15 -6.928029553597257960e-16 -4.208868420380526664e-16
7.510875200135083791e-14 -1.750489090382268129e-15 4.856609081062095041e-14 5.646857793777604196e-14 7.020617513284014907e-14 3.027155704237685420e-14 2.582413232373977951e-14 4.802285288515259096e-15 4.793418549046399500e-14 4.069333616352222311e-15 1.664744842518792072e-14 1.665216707702565547e-15 -2.237317142445439972e-15 4.604610705432868848e-15 -3.212916393178105635e-15 4.283512547213926689e-15 2.694548743249083583e-15 -2.154513094896751333e-15 1.937723004936760680e-15 2.284594042557780093e-15 -8.645561726006202830e-15 -2.516629997208226022e-15 -1.823368013916011289e-16 -3.377387983233142329e-18 1.267495657077825487e-15 -6.703766941765949374e-16
9.068318036850286035e-14 9.001427207244118573e-14 2.264492993849511939e-14 1.749879230102579457e-14 1.065447115245706224e-14 2.897494181213320009e-14 1.580551052524835297e-14 -6.144933621408810699e-16 4.069333616352222311e-15 2.921930971058069032e-14 -1.321920216850764272e-15 -9.039069865174885331e-15 3.093215128583311413e-15 1.061767177005782597e-15 -4.185194008038912044e-15 9.253536169597800039e-15 6.709385427813029852e-15 5.024456706323510795e-15 2.703451359634052880e-15 1.656535146264995043e-15 -2.368058977984261055e-15 2.343699767876842250e-15 -8.653233332934106792e-16 4.506331549401799989e-16 1.993715942537887730e-15 1.845198265961738987e-15
-6.585736700520514134e-14 6.825792898061376670e-14 4.789780811913224663e-14 6.382495077128194448e-15 3.367863052917617071e-14 5.560052767796371874e-15 2.331967728183602959e-14 -9.542074712821917963e-15 1.664744842518792072e-14 -1.321920216850764272e-15 3.528199577369812409e-14 1.383046241113899038e-14 3.314292189607489696e-15 1.028454457111298377e-14 2.409026402987236661e-15 -1.973130535847894600e-15 -2.093735218770409263e-15 -3.012641874143614611e-15 -3.881708133916134364e-15 1.493872783355336091e-15 -3.890575345009760826e-15 -3.421860291564373790e-15 2.964380173083633445e-15 1.680418468637685218e-15 1.976035600599390382e-15 -2.469680376726779702e-15
-3.780890465084534202e-14 -1.774689415964424027e-14 2.458591563128753553e-14 -1.379362478008369757e-14 -5.289985600618678958e-15 -4.823863158947529073e-15 7.465482425430727847e-15 -1.552973840002814742e-14 1.665216707702565547e-15 -9.039069865174885331e-15 1.383046241113899038e-14 2.161787377896199600e-14 4.681172385825032409e-15 6.327210506168828014e-15 2.833131580826958607e-15 -5.137804591731787870e-15 -6.336280142682207207e-15 -3.642765755510920558e-15 -3.299135273106557384e-15 -2.240946954444056996e-15 -2.178443431672827402e-15 -2.083604676644271814e-15 2.694461347076152293e-15 1.892227319364355282e-15 6.157650108328413367e-16 -1.254921680106196436e-15
-8.786713032698072910e-15 6.592741326073187827e-14 1.554470771963699276e-15 -1.489366493904944451e-14 -1.074891849906121037e-14 6.583773905031014242e-15 3.989449751682850362e-15 -4.957329297189691269e-16 -2.237317142445439972e-15 3.093215128583311413e-15 3.314292189607489696e-15 4.681172385825032409e-15 1.377264873430192091e-14 4.378321972133000368e-15 2.980410606643795062e-16 2.451808878908622871e-15 1.757934618178643140e-15 2.852548076205491608e-15 3.284603255210985949e-16 2.541328301750443725e-16 -1.118605190006439793e-15 3.122573783174985884e-17 7.680204895098913836e-16 1.317031108423692639e-15 1.024278833148263177e-15 1.868188349380727271e-16
-7.182705961242202952e-14 2.121222847028692748e-14 4.514912913926683053e-14 -1.028994298554462600e-14 1.621226093559911965e-14 8.471191387798064435e-15 3.055021309920728405e-15 -9.956013784111580062e-15 4.604610705432868848e-15 1.061767177005782597e-15 1.028454457111298377e-14 6.327210506168828014e-15 4.378321972133000368e-15 1.238008977919321580e-14 1.873838968422555753e-15 6.525237763673118121e-16 -1.566288996789950874e-16 2.033451110330855892e-15 4.802217837609529548e-16 1.191268170540866764e-15 -9.914508618317995220e-16 -1.198352160327530554e-15 1.565592609201807648e-15 1.299798564148272009e-15 2.617159824384477221e-16 -6.229460896045271756e-16
-2.623465037907665207e-14 -6.095448232478053888e-15 -4.106467894426861227e-15 -8.657828137178650857e-15 -2.560387766266100243e-15 -5.106575568412292247e-15 -1.430029023140012581e-15 -6.828816330494692967e-16 -3.212916393178105635e-15 -4.185194008038912044e-15 2.409026402987236661e-15 2.833131580826958607e-15 2.980410606643795062e-16 1.873838968422555753e-15 6.457276808883615547e-15 2.880417843640885714e-15 -3.587210152540550743e-16 2.402702115329993816e-16 -5.772416504377718877e-17 -3.538725448505972926e-16 1.212410825322500106e-15 -8.679507364126683432e-16 1.022468349132317817e-15 1.102437922436146531e-17 -4.551846940016230377e-16 -7.357085966000000649e-16
3.137617082702275478e-14 7.004752150410464847e-14 4.547216979572401567e-14 8.611315392641504403e-15 1.066496881831263800e-14 2.138936107096271396e-14 1.292270493410220197e-14 4.830803882722454059e-15 4.283512547213926689e-15 9.253536169597800039e-15 -1.973130535847894600e-15 -5.137804591731787870e-15 2.451808878908622871e-15 6.525237763673118121e-16 2.880417843640885714e-15 1.626799651376256272e-14 7.483413080700043933e-15 3.933224166289467778e-15 4.790875082096879414e-15 1.810024406327406553e-15 -1.298806946652382027e-15 3.974053350711829965e-16 -7.650658082799502193e-17 1.548226404606138670e-17 8.633113362548498935e-16 1.127843727273689731e-15
1.435085768308054312e-14 4.463920483711458425e-14 2.118059738533624402e-14 2.638195105903820666e-15 4.160012769567164466e-15 1.117993520128409996e-14 4.026141405054392083e-15 4.904507931799525114e-15 2.694548743249083583e-15 6.709385427813029852e-15 -2.093735218770409263e-15 -6.336280142682207207e-15 1.757934618178643140e-15 -1.566288996789950874e-16 -3.587210152540550743e-16 7.483413080700043933e-15 6.815447003261991600e-15 3.579927082593677930e-15 3.493360513869594998e-15 2.007529610666844806e-15 -6.014004758769237985e-16 7.456191507203472806e-16 -8.444446861676986503e-16 -2.643359124475210956e-16 4.867109164643999765e-16 4.378753071171394592e-16
-5.238149726373728079e-15 4.233778120359041642e-14 4.117928092103379067e-15 -1.363265534908898653e-14 -4.089431828294572985e-15 8.794946471529054323e-15 -5.268015007005787192e-16 -2.029888534084002133e-15 -2.154513094896751333e-15 5.024456706323510795e-15 -3.012641874143614611e-15 -3.642765755510920558e-15 2.852548076205491608e-15 2.033451110330855892e-15 2.402702115329993816e-16 3.933224166289467778e-15 3.579927082593677930e-15 7.085403819484513735e-15 4.001704812822404932e-15 1.743226293613789365e-15 6.035940419052203486e-16 1.226167753298119937e-15 -2.264853879001490537e-16 1.573821953164011929e-16 1.130632812429016156e-16 5.474000799116623361e-16
3.493049055185785819e-15 2.204656866495104947e-14 1.997085447336942832e-14 -1.669537493692034713e-16 5.055163686972000027e-15 9.294860091370833291e-15 -4.994747755282331314e-16 8.724606436560652671e-16 1.937723004936760680e-15 2.703451359634052880e-15 -3.881708133916134364e-15 -3.299135273106557384e-15 3.284603255210985949e-16 4.802217837609529548e-16 -5.772416504377718877e-17 4.790875082096879414e-15 3.493360513869594998e-15 4.001704812822404932e-15 5.814463758265395383e-15 2.479885502886132595e-15 2.224825068504594351e-16 1.026518735496950219e-15 -6.092787171500310756e-16 -5.226794762572773807e-16 1.499476197908203018e-18 8.460545805270039271e-16
-1.806161312440615486e-14 2.555470087180118711e-14 1.174601548289166582e-14 -1.496131623931058191e-15 5.934425340207986851e-15 5.869230268323213107e-15 -1.419284580297162940e-15 3.675321112137545462e-16 2.284594042557780093e-15 1.656535146264995043e-15 1.493872783355336091e-15 -2.240946954444056996e-15 2.541328301750443725e-16 1.191268170540866764e-15 -3.538725448505972926e-16 1.810024406327406553e-15 2.007529610666844806e-15 1.743226293613789365e-15 2.479885502886132595e-15 3.858495558398026134e-15 1.003138601212305092e-15 1.348592547993641223e-16 -2.620647629576567597e-16 -2.903953918967910369e-16 3.272864094924939490e-17 5.734497167439308163e-17
-3.920802228398865787e-14 1.915397695207307463e-15 -1.798864962889437930e-14 -5.080170579353140928e-15 -6.201376092318278117e-15 -1.187374800373989931e-14 -7.880747294507369587e-15 -2.084507845995635960e-15 -8.645561726006202830e-15 -2.368058977984261055e-15 -3.890575345009760826e-15 -2.178443431672827402e-15 -1.118605190006439793e-15 -9.914508618317995220e-16 1.212410825322500106e-15 -1.298806946652382027e-15 -6.014004758769237985e-16 6.035940419052203486e-16 2.224825068504594351e-16 1.003138601212305092e-15 6.198616385639554379e-15 1.276584268658347132e-15 -1.633632980732907877e-16 -2.137779353541567337e-16 -4.496970827871027939e-16 1.505420481116797905e-16
1.760468444155854729e-14 1.710435506007623140e-15 -5.543474719955827996e-16 -1.045504738925219086e-15 -4.606337257338701535e-15 2.980892479438778472e-15 -6.592071173475627307e-16 5.117885824475433516e-16 -2.516629997208226022e-15 2.343699767876842250e-15 -3.421860291564373790e-15 -2.083604676644271814e-15 3.122573783174985884e-17 -1.198352160327530554e-15 -8.679507364126683432e-16 3.974053350711829965e-16 7.456191507203472806e-16 1.226167753298119937e-15 1.026518735496950219e-15 1.348592547993641223e-16 1.276584268658347132e-15 2.751351557864851861e-15 1.313170181181056283e-16 -5.822968628241840540e-16 -1.076533968230535476e-16 7.334243471065598637e-16
-1.273042376697367003e-14 6.409769268924819817e-15 6.932105369278375871e-15 -1.131124653756777378e-15 1.979287034315344863e-15 2.053833792956615366e-15 2.758832228400862487e-15 -2.163757726652283657e-15 -1.823368013916011289e-16 -8.653233332934106792e-16 2.964380173083633445e-15 2.694461347076152293e-15 7.680204895098913836e-16 1.565592609201807648e-15 1.022468349132317817e-15 -7.650658082799502193e-17 -8.444446861676986503e-16 -2.264853879001490537e-16 -6.092787171500310756e-16 -2.620647629576567597e-16 -1.633632980732907877e-16 1.313170181181056283e-16 2.261221829665745589e-15 8.981831546331031170e-16 1.280162715036987157e-16 -2.140763865747838260e-16
-1.811162639516298446e-14 1.786384464883102128e-14 6.431284980666326887e-15 -5.513336651758749198e-15 -3.015816006209246158e-15 -3.757808675903844344e-16 1.457728303881871938e-15 -3.549461031738233022e-15 -3.377387983233142329e-18 4.506331549401799989e-16 1.680418468637685218e-15 1.892227319364355282e-15 1.317031108423692639e-15 1.299798564148272009e-15 1.102437922436146531e-17 1.548226404606138670e-17 -2.643359124475210956e-16 1.573821953164011929e-16 -5.226794762572773807e-16 -2.903953918967910369e-16 -2.137779353541567337e-16 -5.822968628241840540e-16 8.981831546331031170e-16 2.520326333886865142e-15 7.470375917084969490e-16 4.716776391145768359e-17
5.685521917423390748e-15 1.892532432427656371e-14 6.433667951327423987e-15 4.101750844517450518e-15 3.527424947400776614e-15 2.059001446341335958e-15 4.950313336533885560e-15 -6.928029553597257960e-16 1.267495657077825487e-15 1.993715942537887730e-15 1.976035600599390382e-15 6.157650108328413367e-16 1.024278833148263177e-15 2.617159824384477221e-16 -4.551846940016230377e-16 8.633113362548498935e-16 4.867109164643999765e-16 1.130632812429016156e-16 1.499476197908203018e-18 3.272864094924939490e-17 -4.496970827871027939e-16 -1.076533968230535476e-16 1.280162715036987157e-16 7.470375917084969490e-16 1.553290200431497455e-15 5.345932282393464591e-16
1.400730312966336275e-14 4.014643447368305059e-15 2.085154210061773727e-15 1.772651273719339431e-15 -6.985181536366802255e-16 1.936382780977150973e-15 -2.928030082019990818e-16 -4.208868420380526664e-16 -6.703766941765949374e-16 1.845198265961738987e-15 -2.469680376726779702e-15 -1.254921680106196436e-15 1.868188349380727271e-16 -6.229460896045271756e-16 -7.357085966000000649e-16 1.127843727273689731e-15 4.378753071171394592e-16 5.474000799116623361e-16 8.460545805270039271e-16 5.734497167439308163e-17 1.505420481116797905e-16 7.334243471065598637e-16 -2.140763865747838260e-16 4.716776391145768359e-17 5.345932282393464591e-16 1.962951306913989390e-15
