5.278412365567115911e-13 8.146909029489678487e-14 -8.980448881104833719e-14 1.926882107666994083e-14 -7.563637971942056772e-14 5.073549068601874154e-14 1.847040789985996288e-14 2.642324006889308831e-15 3.879537559144705856e-14 -8.540284346590666241e-15 -6.052116344430377037e-15 -1.204156120145412126e-14 -2.416461360676133447e-15 1.078463126064995202e-14 2.984108792594516688e-15 -6.603128918860828519e-16 1.783545520447221713e-14 -7.146844122525762259e-15 -1.628517394926706815e-14 -1.284240590162152835e-14 -1.382673192948516827e-14 -1.168771993357158406e-14 -5.451965418320597328e-15 1.510487261171444558e-15 -6.931829715445251754e-15 1.412879698311806354e-15
8.146909029489678487e-14 6.319764104690140596e-13 -1.975648318693853406e-13 -1.511927691201786398e-14 1.816400833263114872e-14 9.269670214905353821e-14 3.090052960546755598e-14 -7.472220654815514269e-16 3.390094604103249853e-14 -6.644428099894400832e-15 -1.232260355976419809e-14 -3.823567219107343886e-14 -1.951139462079162672e-14 2.334540009814207267e-14 2.490489375981336734e-15 1.417102223881213015e-14 1.927982165084796540e-14 7.959031182589909891e-16 -1.908134860511784496e-14 -6.173821498785826642e-15 -2.257705367782885012e-14 -9.499356367257575220e-15 4.040079487053119429e-15 5.735054870441693365e-15 6.572978745626267991e-15 1.547684229132312448e-14
-8.980448881104833719e-14 -1.975648318693853406e-13 3.071945035505387859e-13 -4.789952032328484927e-14 4.173470056031704814e-14 -1.226117643538216401e-13 -1.294325256673136053e-14 3.827970904697411488e-15 -2.619971415288410775e-14 -5.162978735123219642e-15 1.014972739664544930e-14 6.600606187664126693e-14 5.797152224657662306e-15 -2.392693416821488676e-14 -9.680555792534924486e-15 -4.442519040579876299e-15 -1.504750391461999165e-14 3.881459799506352739e-15 2.410561046597999713e-14 1.099543979072749806e-14 1.408553083788314834e-14 1.354890906135226899e-14 3.360288857138674000e-17 3.018625238219499497e-15 -4.247470370180101977e-15 -9.743227783969163864e-15
1.926882107666994083e-14 -1.511927691201786398e-14 -4.789952032328484927e-14 1.060097081241579310e-13 -1.284461851979172368e-14 2.707264334566351470e-15 -7.524474935089178823e-16 -1.232523165277800662e-14 -3.690887909100236186e-15 5.909349720431112209e-15 -6.025694268984368724e-15 -1.722039964451039071e-15 5.199774055205578477e-15 1.068820318196452854e-14 1.448366465379001902e-14 1.846925913622643893e-15 2.644648095719840347e-15 -7.203936940770089001e-15 -1.369310067503354381e-15 2.506710113346317630e-15 -4.101420856216747874e-15 1.497815902792556658e-15 2.475828765779897538e-15 3.075576626221972354e-15 2.580270500550831126e-15 3.004629118835681768e-15
-7.563637971942056772e-14 1.816400833263114872e-14 4.173470056031704814e-14 -1.284461851979172368e-14 1.063587317446948507e-13 -2.769465285334968007e-14 1.159836119203586380e-15 7.577181336109309962e-15 -2.886247628226457851e-14 -1.224342242971737561e-14 -3.198832204169766054e-15 1.070244352253835538e-14 -1.539348331192835196e-14 -1.692221631562341287e-14 -1.864620354944292388e-14 -5.381491960921827600e-15 -4.392709392307992095e-15 9.434646540115629864e-15 1.255952897347439604e-14 7.186881879498349348e-15 8.531263263290768680e-15 8.754765569298369041e-15 2.294910496376160711e-15 -2.011042733760825278e-15 3.077928983992433806e-15 -2.344229969562058581e-15
5.073549068601874154e-14 9.269670214905353821e-14 -1.226117643538216401e-13 2.707264334566351470e-15 -2.769465285334968007e-14 1.523600387505601051e-13 9.285321235987664654e-15 -6.203763898693030775e-15 5.256894938445783416e-14 1.779110177210821301e-14 2.509269409652246561e-14 -2.374825889484236199e-14 2.561603413010054021e-14 -3.277353405721560889e-15 -1.178051185346514121e-15 -2.261360728844879255e-15 1.325651134640928411e-15 -7.670642496677381057e-16 -2.214242633949372744e-14 -1.196374206933627161e-14 -1.286731903797434362e-14 -8.826437557924713197e-15 -5.573126998310675324e-15 -4.858613807863481845e-15 -2.356754719020484257e-15 4.249016878994694927e-15
1.847040789985996288e-14 3.090052960546755598e-14 -1.294325256673136053e-14 -7.524474935089178823e-16 1.159836119203586380e-15 9.285321235987664654e-15 2.199700672765420718e-14 4.162313295173128722e-15 1.501887527732660962e-14 5.134003103492726264e-15 1.945652770137299925e-15 1.175267696605015053e-16 -3.492441421727868613e-15 1.203596297163582132e-15 3.380284991678828992e-15 -9.407108424700892560e-16 -2.482746791353795112e-15 -3.612980998397329681e-16 -1.126365369477790296e-15 7.277294277589651859e-16 -2.314378149534662674e-15 -1.214823815092873965e-15 -1.049978199452751495e-15 2.935920747905295485e-16 9.698394872963002299e-16 6.703320953143050672e-16
2.642324006889308831e-15 -7.472220654815514269e-16 3.827970904697411488e-15 -1.232523165277800662e-14 7.577181336109309962e-15 -6.203763898693030775e-15 4.162313295173128722e-15 3.032400161862614451e-14 -3.813012373154600698e-16 1.232986678345623935e-15 -6.789676408597189333e-15 6.105915845122664700e-16 -3.285501579001621930e-15 -2.431733913318544419e-15 -7.804183396548510997e-15 1.680614174826960546e-15 2.757623985403975376e-15 5.371193731604909641e-15 1.178713438961783268e-15 -2.286979100508213879e-15 1.811575859284666158e-15 -2.790549276959775516e-15 -1.684905586314609685e-15 -1.506363123034331500e-15 2.517151814852175215e-16 3.038562933206181262e-16
3.879537559144705856e-14 3.390094604103249853e-14 -2.619971415288410775e-14 -3.690887909100236186e-15 -2.886247628226457851e-14 5.256894938445783416e-14 1.501887527732660962e-14 -3.813012373154600698e-16 5.644659746605759887e-14 2.317099859526281837e-14 1.457330234803163894e-14 -1.713714178552528819e-15 1.576033793939519573e-14 7.165929233928614288e-15 1.288895574351231747e-14 6.495953971540598263e-15 3.808451633568828321e-15 -7.650838903377581816e-16 -1.108547832491762945e-14 -2.320457633885384776e-15 -8.318808945367958027e-15 -4.455004521557859070e-15 -3.114475005150790157e-15 -1.474040517206708311e-15 -1.825189721018902245e-15 1.796800726951587642e-15
-8.540284346590666241e-15 -6.644428099894400832e-15 -5.162978735123219642e-15 5.909349720431112209e-15 -1.224342242971737561e-14 1.779110177210821301e-14 5.134003103492726264e-15 1.232986678345623935e-15 2.317099859526281837e-14 3.161482578989472906e-14 1.355430298105756077e-14 1.033241157028800356e-15 1.315231241498785360e-14 1.148727592909374862e-14 1.604371479247834109e-14 5.026523187976323777e-15 4.389048694545773136e-15 1.231626263492091729e-15 -4.563863310511779199e-15 5.053520163874801635e-16 -3.426140225459138991e-16 -4.284417215993317696e-16 3.620770874039020891e-16 6.903076333355631489e-16 -1.822773642690159625e-15 2.398234601124771567e-16
-6.052116344430377037e-15 -1.232260355976419809e-14 1.014972739664544930e-14 -6.025694268984368724e-15 -3.198832204169766054e-15 2.509269409652246561e-14 1.945652770137299925e-15 -6.789676408597189333e-15 1.457330234803163894e-14 1.355430298105756077e-14 2.607592818139071328e-14 1.295310306555776413e-14 1.498046581426418388e-14 -6.924997951334736372e-16 5.617110936420228202e-15 2.944646027489015269e-15 -3.985986024154377236e-15 -1.641777434754946764e-15 -3.327149082945390675e-15 -6.562534246277075865e-16 -1.294895178909157104e-15 1.463579174182387245e-15 7.669127362600648516e-17 8.663160414596806256e-18 -2.282221522857891163e-15 -1.544793840795730406e-15
-1.204156120145412126e-14 -3.823567219107343886e-14 6.600606187664126693e-14 -1.722039964451039071e-15 1.070244352253835538e-14 -2.374825889484236199e-14 1.175267696605015053e-16 6.105915845122664700e-16 -1.713714178552528819e-15 1.033241157028800356e-15 1.295310306555776413e-14 4.490900295781641182e-14 6.600258045239286801e-15 -4.984386490912049783e-15 7.637332537292945048e-15 1.012849546798679663e-14 -3.719311896593325221e-15 -1.900109891514063147e-15 2.636701891937734740e-15 1.689479981612614308e-15 -1.655555661262881722e-15 5.011693155251725728e-15 6.347437151438964702e-16 2.266859449688440194e-15 -3.467022629476298911e-15 -5.000413034731203319e-15
-2.416461360676133447e-15 -1.951139462079162672e-14 5.797152224657662306e-15 5.199774055205578477e-15 -1.539348331192835196e-14 2.561603413010054021e-14 -3.492441421727868613e-15 -3.285501579001621930e-15 1.576033793939519573e-14 1.315231241498785360e-14 1.498046581426418388e-14 6.600258045239286801e-15 2.148994767862274834e-14 2.311899091765629389e-15 7.441328611244388655e-15 5.723167888052961769e-15 7.001839190485788775e-16 -2.581279344890344713e-16 -3.847119629031645778e-15 -1.155278392005808820e-15 -2.548569737510470120e-15 5.882790247224015673e-16 -2.853464045239435444e-16 -2.445834013817962254e-16 -1.237915797071868990e-15 1.989955753742962692e-16
1.078463126064995202e-14 2.334540009814207267e-14 -2.392693416821488676e-14 1.068820318196452854e-14 -1.692221631562341287e-14 -3.277353405721560889e-15 1.203596297163582132e-15 -2.431733913318544419e-15 7.165929233928614288e-15 1.148727592909374862e-14 -6.924997951334736372e-16 -4.984386490912049783e-15 2.311899091765629389e-15 2.130738681992626348e-14 1.795325270405703266e-14 6.872711450231036990e-15 5.812518054639197491e-15 -1.347460156287746975e-15 -1.232977257461481372e-15 2.361780334404605487e-15 -8.085514401664471178e-16 -3.653279627598357290e-16 1.602449421657573410e-15 1.960756956972276204e-15 -2.949840691670528831e-16 1.012319051796988483e-15
2.984108792594516688e-15 2.490489375981336734e-15 -9.680555792534924486e-15 1.448366465379001902e-14 -1.864620354944292388e-14 -1.178051185346514121e-15 3.380284991678828992e-15 -7.804183396548510997e-15 1.288895574351231747e-14 1.604371479247834109e-14 5.617110936420228202e-15 7.637332537292945048e-15 7.441328611244388655e-15 1.795325270405703266e-14 2.955098263093083608e-14 1.387345919217582724e-14 4.492552674616830057e-15 -1.054880683248934654e-15 -1.985105507174656059e-15 3.410616501945861136e-15 -2.076267757877386839e-15 1.110968064861373018e-15 1.517313354909180007e-15 2.702982581204854795e-15 -9.747194163112995182e-16 -6.928483704592341976e-16
-6.603128918860828519e-16 1.417102223881213015e-14 -4.442519040579876299e-15 1.846925913622643893e-15 -5.381491960921827600e-15 -2.261360728844879255e-15 -9.407108424700892560e-16 1.680614174826960546e-15 6.495953971540598263e-15 5.026523187976323777e-15 2.944646027489015269e-15 1.012849546798679663e-14 5.723167888052961769e-15 6.872711450231036990e-15 1.387345919217582724e-14 1.475028442245034666e-14 5.100284653160422191e-15 2.059160075246938019e-15 -2.408753176559392000e-16 1.752859545109476275e-15 -1.670060717903369069e-15 1.356221997793820920e-15 1.191718997233283514e-15 1.486574107800684653e-15 -5.671655052633535958e-17 -2.500821154975284857e-16
1.783545520447221713e-14 1.927982165084796540e-14 -1.504750391461999165e-14 2.644648095719840347e-15 -4.392709392307992095e-15 1.325651134640928411e-15 -2.482746791353795112e-15 2.757623985403975376e-15 3.808451633568828321e-15 4.389048694545773136e-15 -3.985986024154377236e-15 -3.719311896593325221e-15 7.001839190485788775e-16 5.812518054639197491e-15 4.492552674616830057e-15 5.100284653160422191e-15 1.181376613886405862e-14 2.806835769672357314e-15 1.607212284987551500e-16 6.238161344804375251e-16 -1.956647744822183371e-16 1.907639765393351404e-16 5.942866081701017994e-16 2.464702220032921029e-16 4.275750645231292826e-16 1.348816952993054880e-15
-7.146844122525762259e-15 7.959031182589909891e-16 3.881459799506352739e-15 -7.203936940770089001e-15 9.434646540115629864e-15 -7.670642496677381057e-16 -3.612980998397329681e-16 5.371193731604909641e-15 -7.650838903377581816e-16 1.231626263492091729e-15 -1.641777434754946764e-15 -1.900109891514063147e-15 -2.581279344890344713e-16 -1.347460156287746975e-15 -1.054880683248934654e-15 2.059160075246938019e-15 2.806835769672357314e-15 9.005361474502798910e-15 5.326002609073503860e-15 3.278235764884882880e-15 3.675084355425098759e-15 1.226630544964203342e-15 3.670488788776685816e-16 -5.052007139553191695e-16 2.812995042277880494e-16 2.227850503985896439e-16
-1.628517394926706815e-14 -1.908134860511784496e-14 2.410561046597999713e-14 -1.369310067503354381e-15 1.255952897347439604e-14 -2.214242633949372744e-14 -1.126365369477790296e-15 1.178713438961783268e-15 -1.108547832491762945e-14 -4.563863310511779199e-15 -3.327149082945390675e-15 2.636701891937734740e-15 -3.847119629031645778e-15 -1.232977257461481372e-15 -1.985105507174656059e-15 -2.408753176559392000e-16 1.607212284987551500e-16 5.326002609073503860e-15 1.197989726283608529e-14 5.511726216452084687e-15 5.977179058219590636e-15 3.795610653704127188e-15 9.955026677422858254e-16 5.284878037240079560e-16 1.142122144830269000e-15 -8.467967585288186036e-17
-1.284240590162152835e-14 -6.173821498785826642e-15 1.099543979072749806e-14 2.506710113346317630e-15 7.186881879498349348e-15 -1.196374206933627161e-14 7.277294277589651859e-16 -2.286979100508213879e-15 -2.320457633885384776e-15 5.053520163874801635e-16 -6.562534246277075865e-16 1.689479981612614308e-15 -1.155278392005808820e-15 2.361780334404605487e-15 3.410616501945861136e-15 1.752859545109476275e-15 6.238161344804375251e-16 3.278235764884882880e-15 5.511726216452084687e-15 7.995619666902620098e-15 5.167062810652884436e-15 3.071392366752479712e-15 1.848402758438989927e-15 9.100163960461997593e-16 4.722805659117140118e-16 -2.407398342372405036e-16
-1.382673192948516827e-14 -2.257705367782885012e-14 1.408553083788314834e-14 -4.101420856216747874e-15 8.531263263290768680e-15 -1.286731903797434362e-14 -2.314378149534662674e-15 1.811575859284666158e-15 -8.318808945367958027e-15 -3.426140225459138991e-16 -1.294895178909157104e-15 -1.655555661262881722e-15 -2.548569737510470120e-15 -8.085514401664471178e-16 -2.076267757877386839e-15 -1.670060717903369069e-15 -1.956647744822183371e-16 3.675084355425098759e-15 5.977179058219590636e-15 5.167062810652884436e-15 9.653238433736054059e-15 4.482599695695665631e-15 2.390356725525881355e-15 2.373244096897953127e-16 6.601765993358564082e-17 -6.979799259820329902e-16
-1.168771993357158406e-14 -9.499356367257575220e-15 1.354890906135226899e-14 1.497815902792556658e-15 8.754765569298369041e-15 -8.826437557924713197e-15 -1.214823815092873965e-15 -2.790549276959775516e-15 -4.455004521557859070e-15 -4.284417215993317696e-16 1.463579174182387245e-15 5.011693155251725728e-15 5.882790247224015673e-16 -3.653279627598357290e-16 1.110968064861373018e-15 1.356221997793820920e-15 1.907639765393351404e-16 1.226630544964203342e-15 3.795610653704127188e-15 3.071392366752479712e-15 4.482599695695665631e-15 8.978760460500509268e-15 4.375210305051298339e-15 5.449550803227356009e-16 1.569863165407005049e-16 -6.929237813591892317e-16
-5.451965418320597328e-15 4.040079487053119429e-15 3.360288857138674000e-17 2.475828765779897538e-15 2.294910496376160711e-15 -5.573126998310675324e-15 -1.049978199452751495e-15 -1.684905586314609685e-15 -3.114475005150790157e-15 3.620770874039020891e-16 7.669127362600648516e-17 6.347437151438964702e-16 -2.853464045239435444e-16 1.602449421657573410e-15 1.517313354909180007e-15 1.191718997233283514e-15 5.942866081701017994e-16 3.670488788776685816e-16 9.955026677422858254e-16 1.848402758438989927e-15 2.390356725525881355e-15 4.375210305051298339e-15 5.605200691296821380e-15 2.240086636506445363e-15 4.199462317135654220e-16 1.512331038732269290e-16
1.510487261171444558e-15 5.735054870441693365e-15 3.018625238219499497e-15 3.075576626221972354e-15 -2.011042733760825278e-15 -4.858613807863481845e-15 2.935920747905295485e-16 -1.506363123034331500e-15 -1.474040517206708311e-15 6.903076333355631489e-16 8.663160414596806256e-18 2.266859449688440194e-15 -2.445834013817962254e-16 1.960756956972276204e-15 2.702982581204854795e-15 1.486574107800684653e-15 2.464702220032921029e-16 -5.052007139553191695e-16 5.284878037240079560e-16 9.100163960461997593e-16 2.373244096897953127e-16 5.449550803227356009e-16 2.240086636506445363e-15 4.431656587018021898e-15 1.082224862890715089e-15 4.762735804558195025e-16
-6.931829715445251754e-15 6.572978745626267991e-15 -4.247470370180101977e-15 2.580270500550831126e-15 3.077928983992433806e-15 -2.356754719020484257e-15 9.698394872963002299e-16 2.517151814852175215e-16 -1.825189721018902245e-15 -1.822773642690159625e-15 -2.282221522857891163e-15 -3.467022629476298911e-15 -1.237915797071868990e-15 -2.949840691670528831e-16 -9.747194163112995182e-16 -5.671655052633535958e-17 4.275750645231292826e-16 2.812995042277880494e-16 1.142122144830269000e-15 4.722805659117140118e-16 6.601765993358564082e-17 1.569863165407005049e-16 4.199462317135654220e-16 1.082224862890715089e-15 4.164243967534875218e-15 2.210628691609465603e-15
1.412879698311806354e-15 1.547684229132312448e-14 -9.743227783969163864e-15 3.004629118835681768e-15 -2.344229969562058581e-15 4.249016878994694927e-15 6.703320953143050672e-16 3.038562933206181262e-16 1.796800726951587642e-15 2.398234601124771567e-16 -1.544793840795730406e-15 -5.000413034731203319e-15 1.989955753742962692e-16 1.012319051796988483e-15 -6.928483704592341976e-16 -2.500821154975284857e-16 1.348816952993054880e-15 2.227850503985896439e-16 -8.467967585288186036e-17 -2.407398342372405036e-16 -6.979799259820329902e-16 -6.929237813591892317e-16 1.512331038732269290e-16 4.762735804558195025e-16 2.210628691609465603e-15 4.431492303934768116e-15
