3.355157415545341998e-13 8.209477508868290885e-14 1.633008845767434409e-13 -1.355901889066559858e-13 3.817362302935479766e-15 -4.574337578250117873e-14 -1.703445495079076564e-14 -1.171571842158112010e-16 9.515456683051469795e-16 -2.077467732831944215e-15 3.883976090179705403e-14 2.212060516004632154e-14 1.915519933248654505e-14 1.631961016900826548e-14 6.337354435927626185e-16 -7.404459513382792259e-15 -1.215335713965577469e-14 8.533664189973529717e-15 -1.177667833686479204e-14 1.529828538784655763e-14 9.059413041079573176e-15 9.235455157624124184e-15 4.011878614437535347e-15 -5.675192613734722475e-15 -2.856054623934853076e-15 4.666074665741108450e-15
8.209477508868290885e-14 6.409019428236005640e-13 4.535036525267133489e-14 2.740592719389590920e-14 1.207427912241498920e-14 2.421146134158322228e-14 -2.915940720486217728e-14 -4.426739414088639183e-14 -4.366923566588985678e-14 -2.518586963625375008e-14 6.139340874454481311e-15 3.229738659619239780e-14 3.225644328940744023e-14 -9.252707969421433633e-15 2.547105570618445193e-14 1.123099251860009951e-14 -1.635521765168034351e-14 -1.689382991507758314e-14 6.767022833112854937e-15 5.663525380831841985e-15 -1.331912981896240729e-14 -1.699357903305278925e-15 -1.688449522597651889e-14 4.228236554307400124e-16 -4.477777065250588072e-16 1.353638424161954968e-14
1.633008845767434409e-13 4.535036525267133489e-14 4.329029494998103254e-13 -3.281518843088170919e-14 -4.425417860132903444e-14 -4.996981466252198761e-14 -5.305395350329921506e-14 -3.537212461906158619e-15 -1.032277640032714450e-14 4.406077684409549861e-15 1.944489850178700539e-14 1.885910662857992682e-14 1.249586841040968500e-14 -2.754950738081403694e-15 -1.941136668404826330e-14 -7.271982871844611363e-16 6.174765500545386059e-15 7.691356309698653835e-15 -7.946163857058372219e-15 4.679143598417909365e-16 -1.334830716638194810e-15 4.993856542048690791e-15 3.718384873966948973e-15 -1.719005549769748969e-15 -6.574122436314504936e-15 -3.702091282208214884e-15
-1.355901889066559858e-13 2.740592719389590920e-14 -3.281518843088170919e-14 1.523929196144980890e-13 -2.785038134894265355e-14 9.079501473509549724e-15 -9.081155894547266593e-15 2.741033110131650830e-14 2.401298840003489450e-14 5.863062598335493023e-15 -1.407903157979011492e-14 -1.595059535125771815e-14 -1.254854895257325653e-14 -1.088000147726098167e-14 2.479753180359405751e-15 3.074874490781419372e-15 1.749018434975170737e-14 -5.550282538129134588e-15 2.843079450955425082e-15 -5.021244370685841511e-15 -1.309969162824412951e-15 -3.172664930593192700e-15 -1.828862776925235347e-15 4.202566423048634048e-15 1.625669461003346215e-15 6.354099410699040567e-16
3.817362302935479766e-15 1.207427912241498920e-14 -4.425417860132903444e-14 -2.785038134894265355e-14 1.107536949588439074e-13 3.852575897346381810e-14 2.841571006354318098e-14 -1.207061832684801001e-14 -3.047761986730035473e-14 -6.532794871229009899e-15 8.806155900821394562e-16 5.566484998876794174e-15 1.504763691631278314e-15 -4.325030099909770065e-15 2.639735327286721425e-15 9.806626893779902296e-16 4.630066539661986264e-15 5.557846719595949365e-15 5.006274077197170943e-15 6.164658617827405401e-16 -4.582582761441198292e-15 -2.976912834999680090e-15 -2.216380824845363329e-15 -2.281149418458903627e-16 1.373576001254742688e-15 -5.012735274007598947e-17
-4.574337578250117873e-14 2.421146134158322228e-14 -4.996981466252198761e-14 9.079501473509549724e-15 3.852575897346381810e-14 4.802129954154695903e-14 2.978428559164494564e-14 -1.919804446062142187e-14 -2.950569457768537560e-14 -3.477200073115947098e-15 -9.036076098014171855e-15 -3.957060052347192951e-15 -2.986114822872018758e-15 -6.308865522921832244e-15 3.298478460263683648e-15 1.357983017029433652e-16 -2.170625127031610308e-15 -1.336467860206879356e-15 3.937844791604187337e-15 -3.920785378988542663e-15 -5.277760654245719479e-15 -3.546332344345860122e-15 -2.389957316033723703e-15 4.725975784055112170e-16 3.446936043690037184e-15 1.329728206494286499e-15
-1.703445495079076564e-14 -2.915940720486217728e-14 -5.305395350329921506e-14 -9.081155894547266593e-15 2.841571006354318098e-14 2.978428559164494564e-14 5.201063733401390207e-14 -1.885487779504574725e-14 -3.069588028943808461e-14 -6.422772542338335553e-15 -1.774145826322625304e-14 -8.980589859472720126e-15 -1.054917231954356249e-14 -7.965254687600030079e-15 -6.997257199631161321e-16 -1.400623469711168869e-15 -4.775843030235894026e-15 1.028088127263167636e-15 3.571331597133177018e-15 -2.183935158726815012e-15 -4.127179153341062097e-15 -2.079675336966840818e-15 9.956507531166523524e-16 2.059672350934238868e-16 4.181062129558524796e-15 8.787782681463621260e-16
-1.171571842158112010e-16 -4.426739414088639183e-14 -3.537212461906158619e-15 2.741033110131650830e-14 -1.207061832684801001e-14 -1.919804446062142187e-14 -1.885487779504574725e-14 6.456463426325247995e-14 5.164282568588539839e-14 1.451837944496729852e-14 2.238413697572369375e-14 -1.096592184480718048e-15 2.092848118852354921e-15 7.884599668659094656e-15 1.124963869190655982e-14 6.079354358135872450e-15 8.475670317873274257e-15 9.120696776047632000e-16 -8.279418080687526489e-15 4.163112845280976672e-15 5.848422655997258233e-15 3.524107762125401506e-15 8.743013843575284809e-16 -5.251776952145022327e-16 -1.650832920437204771e-15 -1.006359448681770186e-15
9.515456683051469795e-16 -4.366923566588985678e-14 -1.032277640032714450e-14 2.401298840003489450e-14 -3.047761986730035473e-14 -2.950569457768537560e-14 -3.069588028943808461e-14 5.164282568588539839e-14 8.002024429075172886e-14 2.323588341408801781e-14 1.741459800271290269e-14 -5.464006100870882251e-16 5.304446478083918672e-15 1.117640573273414584e-14 8.304930911665142263e-15 2.274269576691665228e-16 8.449139180886796426e-15 7.380451227961986555e-16 -7.244586428894197167e-15 4.437483630863480652e-15 9.869853717500255349e-15 2.156480956502807747e-15 -6.843006338069478497e-16 -6.821793487093878554e-16 -2.557678014611712153e-15 -5.871114435751881525e-16
-2.077467732831944215e-15 -2.518586963625375008e-14 4.406077684409549861e-15 5.863062598335493023e-15 -6.532794871229009899e-15 -3.477200073115947098e-15 -6.422772542338335553e-15 1.451837944496729852e-14 2.323588341408801781e-14 2.056759834370557419e-14 7.057162233869753296e-15 -2.057818438292495349e-16 -2.903480774257080240e-15 4.666218637980235021e-15 4.860588595808032414e-15 3.778106216606167409e-15 3.124289207323773873e-15 -1.293184122201181944e-15 -4.554182608495545720e-15 8.860474703249813404e-16 2.298883250428441995e-15 -5.619756090629554335e-16 -1.102126086190868109e-15 1.765240141660100129e-16 -1.774585595125800451e-16 -2.464160147553281306e-16
3.883976090179705403e-14 6.139340874454481311e-15 1.944489850178700539e-14 -1.407903157979011492e-14 8.806155900821394562e-16 -9.036076098014171855e-15 -1.774145826322625304e-14 2.238413697572369375e-14 1.741459800271290269e-14 7.057162233869753296e-15 2.704867786737489371e-14 8.568950597376065245e-15 9.319913286679785241e-15 1.091443659451512796e-14 3.999193565908225378e-15 2.733462865396443157e-15 -1.768784179659100619e-15 2.975715668422294711e-16 -4.664928238537185420e-15 3.805510346720947122e-15 2.643930736226468295e-15 1.695468503202329757e-15 -4.405646602278593694e-16 -5.952003261439914207e-16 -1.760662787347909578e-15 -3.136891659263700379e-17
2.212060516004632154e-14 3.229738659619239780e-14 1.885910662857992682e-14 -1.595059535125771815e-14 5.566484998876794174e-15 -3.957060052347192951e-15 -8.980589859472720126e-15 -1.096592184480718048e-15 -5.464006100870882251e-16 -2.057818438292495349e-16 8.568950597376065245e-15 1.228116881108725085e-14 1.117887152932118112e-14 5.663945943265686939e-15 4.565944065301077299e-16 1.964595129985426932e-17 -2.858294671664405884e-15 7.646464712272835224e-16 -5.973584296971167513e-16 1.147092543879809827e-15 -3.809118726373852114e-18 6.688922493739005230e-16 -1.823183153034488762e-15 -6.610580318766712973e-17 -4.145614705888226978e-16 3.480877840684953002e-16
1.915519933248654505e-14 3.225644328940744023e-14 1.249586841040968500e-14 -1.254854895257325653e-14 1.504763691631278314e-15 -2.986114822872018758e-15 -1.054917231954356249e-14 2.092848118852354921e-15 5.304446478083918672e-15 -2.903480774257080240e-15 9.319913286679785241e-15 1.117887152932118112e-14 1.869258577854355320e-14 6.353753545098631777e-15 9.317548222566939223e-16 -3.660044868623437050e-15 -5.947718229778850598e-15 1.826391932639351618e-15 -1.418393052210548977e-17 7.635982005245795369e-16 -1.097540543887120476e-16 1.006908731457245650e-15 -2.803028653083766101e-15 -3.964200372318327342e-16 3.363894062142969815e-16 1.328846055543363455e-15
1.631961016900826548e-14 -9.252707969421433633e-15 -2.754950738081403694e-15 -1.088000147726098167e-14 -4.325030099909770065e-15 -6.308865522921832244e-15 -7.965254687600030079e-15 7.884599668659094656e-15 1.117640573273414584e-14 4.666218637980235021e-15 1.091443659451512796e-14 5.663945943265686939e-15 6.353753545098631777e-15 9.883928386955764419e-15 1.088470358528158557e-15 1.944852698004256798e-17 -1.469185571776140962e-15 8.691193602148228255e-16 -1.766252475370608829e-15 1.897245273174819108e-15 1.526996088362168248e-15 1.003233824133938244e-15 -1.883526972851358118e-16 -3.366680385300472031e-16 -6.068443620000010448e-16 -1.320000005529588310e-16
6.337354435927626185e-16 2.547105570618445193e-14 -1.941136668404826330e-14 2.479753180359405751e-15 2.639735327286721425e-15 3.298478460263683648e-15 -6.997257199631161321e-16 1.124963869190655982e-14 8.304930911665142263e-15 4.860588595808032414e-15 3.999193565908225378e-15 4.565944065301077299e-16 9.317548222566939223e-16 1.088470358528158557e-15 1.051427728870533157e-14 5.060733951006075112e-15 -5.120429943251578817e-16 -1.753826677538611931e-15 -1.876370223458661359e-15 1.655714941634727795e-15 -1.384841927412576201e-16 8.478047189693921073e-16 -1.823104888106368082e-15 -8.596473542362458345e-16 1.363908925179652242e-17 1.116638197927209069e-15
-7.404459513382792259e-15 1.123099251860009951e-14 -7.271982871844611363e-16 3.074874490781419372e-15 9.806626893779902296e-16 1.357983017029433652e-16 -1.400623469711168869e-15 6.079354358135872450e-15 2.274269576691665228e-16 3.778106216606167409e-15 2.733462865396443157e-15 1.964595129985426932e-17 -3.660044868623437050e-15 1.944852698004256798e-17 5.060733951006075112e-15 8.824428615530306173e-15 2.313221140217753160e-15 -1.991067167113308614e-15 -1.090846919361192004e-15 1.097256701072478694e-15 -1.084795408384545823e-15 -2.103087130474959392e-16 -1.375499249975457062e-16 6.907297831686723002e-17 -9.903422112035203469e-16 -5.708924267191108797e-16
-1.215335713965577469e-14 -1.635521765168034351e-14 6.174765500545386059e-15 1.749018434975170737e-14 4.630066539661986264e-15 -2.170625127031610308e-15 -4.775843030235894026e-15 8.475670317873274257e-15 8.449139180886796426e-15 3.124289207323773873e-15 -1.768784179659100619e-15 -2.858294671664405884e-15 -5.947718229778850598e-15 -1.469185571776140962e-15 -5.120429943251578817e-16 2.313221140217753160e-15 1.225580887629891870e-14 1.433183633011484479e-15 4.355210982594538711e-16 6.122743425154992379e-16 2.412426376598587081e-15 -4.671290205559743144e-16 1.244068205614887736e-15 5.173044845211623432e-16 -1.191507735375419025e-15 -1.432761268182676877e-15
8.533664189973529717e-15 -1.689382991507758314e-14 7.691356309698653835e-15 -5.550282538129134588e-15 5.557846719595949365e-15 -1.336467860206879356e-15 1.028088127263167636e-15 9.120696776047632000e-16 7.380451227961986555e-16 -1.293184122201181944e-15 2.975715668422294711e-16 7.646464712272835224e-16 1.826391932639351618e-15 8.691193602148228255e-16 -1.753826677538611931e-15 -1.991067167113308614e-15 1.433183633011484479e-15 4.907242593156946370e-15 1.451438600926159020e-15 6.831970631549045085e-16 3.886369279594503419e-16 9.317252050293842121e-16 6.572831481750243604e-16 -4.760264152212507541e-16 1.017347072594727911e-16 -3.516664697993886265e-16
-1.177667833686479204e-14 6.767022833112854937e-15 -7.946163857058372219e-15 2.843079450955425082e-15 5.006274077197170943e-15 3.937844791604187337e-15 3.571331597133177018e-15 -8.279418080687526489e-15 -7.244586428894197167e-15 -4.554182608495545720e-15 -4.664928238537185420e-15 -5.973584296971167513e-16 -1.418393052210548977e-17 -1.766252475370608829e-15 -1.876370223458661359e-15 -1.090846919361192004e-15 4.355210982594538711e-16 1.451438600926159020e-15 5.628947597581932008e-15 1.733234153463901553e-16 -1.135488031807826223e-15 -2.829140375891691970e-17 6.875022864444258750e-17 3.205448698521523192e-16 2.097362803677362244e-16 -1.240712976587597492e-17
1.529828538784655763e-14 5.663525380831841985e-15 4.679143598417909365e-16 -5.021244370685841511e-15 6.164658617827405401e-16 -3.920785378988542663e-15 -2.183935158726815012e-15 4.163112845280976672e-15 4.437483630863480652e-15 8.860474703249813404e-16 3.805510346720947122e-15 1.147092543879809827e-15 7.635982005245795369e-16 1.897245273174819108e-15 1.655714941634727795e-15 1.097256701072478694e-15 6.122743425154992379e-16 6.831970631549045085e-16 1.733234153463901553e-16 4.966109694027855749e-15 2.513727972044033561e-15 1.090707517169849268e-15 8.890865983816133348e-17 -5.497078624824622444e-16 -4.491635085208400929e-16 3.420687074269271151e-16
9.059413041079573176e-15 -1.331912981896240729e-14 -1.334830716638194810e-15 -1.309969162824412951e-15 -4.582582761441198292e-15 -5.277760654245719479e-15 -4.127179153341062097e-15 5.848422655997258233e-15 9.869853717500255349e-15 2.298883250428441995e-15 2.643930736226468295e-15 -3.809118726373852114e-18 -1.097540543887120476e-16 1.526996088362168248e-15 -1.384841927412576201e-16 -1.084795408384545823e-15 2.412426376598587081e-15 3.886369279594503419e-16 -1.135488031807826223e-15 2.513727972044033561e-15 6.687371853082410977e-15 1.248098644742286394e-15 1.270613353101918364e-16 1.825743010106846390e-16 -4.055843357577783399e-16 6.172562801834797034e-17
9.235455157624124184e-15 -1.699357903305278925e-15 4.993856542048690791e-15 -3.172664930593192700e-15 -2.976912834999680090e-15 -3.546332344345860122e-15 -2.079675336966840818e-15 3.524107762125401506e-15 2.156480956502807747e-15 -5.619756090629554335e-16 1.695468503202329757e-15 6.688922493739005230e-16 1.006908731457245650e-15 1.003233824133938244e-15 8.478047189693921073e-16 -2.103087130474959392e-16 -4.671290205559743144e-16 9.317252050293842121e-16 -2.829140375891691970e-17 1.090707517169849268e-15 1.248098644742286394e-15 3.579818503405918134e-15 1.113257324001024965e-15 -4.471455652905735502e-16 -3.818122286324157746e-16 1.944876213457857742e-16
4.011878614437535347e-15 -1.688449522597651889e-14 3.718384873966948973e-15 -1.828862776925235347e-15 -2.216380824845363329e-15 -2.389957316033723703e-15 9.956507531166523524e-16 8.743013843575284809e-16 -6.843006338069478497e-16 -1.102126086190868109e-15 -4.405646602278593694e-16 -1.823183153034488762e-15 -2.803028653083766101e-15 -1.883526972851358118e-16 -1.823104888106368082e-15 -1.375499249975457062e-16 1.244068205614887736e-15 6.572831481750243604e-16 6.875022864444258750e-17 8.890865983816133348e-17 1.270613353101918364e-16 1.113257324001024965e-15 3.398207177781510307e-15 2.173601309312234005e-16 -4.134050798888996353e-16 -8.337898691726288870e-16
-5.675192613734722475e-15 4.228236554307400124e-16 -1.719005549769748969e-15 4.202566423048634048e-15 -2.281149418458903627e-16 4.725975784055112170e-16 2.059672350934238868e-16 -5.251776952145022327e-16 -6.821793487093878554e-16 1.765240141660100129e-16 -5.952003261439914207e-16 -6.610580318766712973e-17 -3.964200372318327342e-16 -3.366680385300472031e-16 -8.596473542362458345e-16 6.907297831686723002e-17 5.173044845211623432e-16 -4.760264152212507541e-16 3.205448698521523192e-16 -5.497078624824622444e-16 1.825743010106846390e-16 -4.471455652905735502e-16 2.173601309312234005e-16 2.094226099535445359e-15 8.738620970997739650e-16 1.785971356881747483e-16
-2.856054623934853076e-15 -4.477777065250588072e-16 -6.574122436314504936e-15 1.625669461003346215e-15 1.373576001254742688e-15 3.446936043690037184e-15 4.181062129558524796e-15 -1.650832920437204771e-15 -2.557678014611712153e-15 -1.774585595125800451e-16 -1.760662787347909578e-15 -4.145614705888226978e-16 3.363894062142969815e-16 -6.068443620000010448e-16 1.363908925179652242e-17 -9.903422112035203469e-16 -1.191507735375419025e-15 1.017347072594727911e-16 2.097362803677362244e-16 -4.491635085208400929e-16 -4.055843357577783399e-16 -3.818122286324157746e-16 -4.134050798888996353e-16 8.738620970997739650e-16 2.353296600578171955e-15 1.157824735544809117e-15
4.666074665741108450e-15 1.353638424161954968e-14 -3.702091282208214884e-15 6.354099410699040567e-16 -5.012735274007598947e-17 1.329728206494286499e-15 8.787782681463621260e-16 -1.006359448681770186e-15 -5.871114435751881525e-16 -2.464160147553281306e-16 -3.136891659263700379e-17 3.480877840684953002e-16 1.328846055543363455e-15 -1.320000005529588310e-16 1.116638197927209069e-15 -5.708924267191108797e-16 -1.432761268182676877e-15 -3.516664697993886265e-16 -1.240712976587597492e-17 3.420687074269271151e-16 6.172562801834797034e-17 1.944876213457857742e-16 -8.337898691726288870e-16 1.785971356881747483e-16 1.157824735544809117e-15 2.642572339417049774e-15
