1.043999807427566205e-12 1.099979459695999660e-13 1.336656439830527040e-14 -1.994746545075454475e-13 6.783036470311617133e-15 -1.084950021288518229e-14 6.131430167974458705e-14 4.418549247678073713e-14 6.072225824655455166e-15 -2.122265422195057087e-14 2.496369494534597060e-14 -1.058329807795286668e-14 1.145489479692142000e-14 -1.322215211164922900e-14 -1.542665355658449110e-14 -8.220031424402035662e-15 1.901766952712562016e-16 -6.236154121182237659e-16 9.757532816678804574e-16 4.910149569761504079e-15 1.101023433781232526e-14 5.121437569972638650e-16 -6.698187263562408072e-15 -5.628315381232193594e-15 2.622335140760290746e-15 3.195522639898003760e-16
1.099979459695999660e-13 3.154429332528900125e-13 1.711894720232946659e-13 1.024831324113319301e-13 5.405197107466315954e-14 4.155675864183880152e-14 -1.230520218982692949e-15 2.058997081949479713e-14 1.514027879247282432e-14 -4.149684573205378496e-15 3.328593730799706043e-14 1.093481384800962346e-14 -2.847701338100813921e-14 -5.913045851846855817e-14 -9.385354439431616388e-15 -2.494808598729538665e-14 -9.367669181512336656e-15 8.922396644951601612e-15 -6.422856612817537640e-15 -1.414518316960549801e-14 -5.459823694368771415e-15 -9.073543067569999727e-15 -5.592781133669107370e-16 -6.168465391109239277e-15 7.742078641878923124e-15 6.261665600833736684e-15
1.336656439830527040e-14 1.711894720232946659e-13 2.846598942708783278e-13 1.111721074310269348e-13 -7.906986404687079567e-15 2.603762199770676645e-14 2.412336616360094696e-14 -1.543388741438231096e-14 5.107060464920895905e-15 6.842067043462383983e-15 1.354345045970352904e-14 2.738566067264553581e-15 -1.127077179860148096e-14 -3.201824288830435105e-14 8.763678000700971557e-15 -7.518010583770599678e-15 8.336980622393766786e-15 1.557608387178259664e-14 -6.595384839641788333e-16 4.874582499502547432e-15 -8.020837793464136719e-16 2.524378744126671064e-15 1.674283837851245013e-15 -2.389927733244316473e-15 5.805243246702991194e-15 2.288349919055631944e-15
-1.994746545075454475e-13 1.024831324113319301e-13 1.111721074310269348e-13 2.680065041141750163e-13 5.377897781789034303e-14 7.344585038380079300e-14 -3.440202933812566131e-14 2.408422757019256186e-14 2.510254825102120445e-14 -1.022482818226186268e-14 2.934434945858999687e-14 -1.133605100199677093e-14 -1.550001235381596905e-14 -3.756497972560380846e-14 -2.632527848870626689e-15 -1.415309743711380489e-14 -7.290676054211947178e-15 2.016094158015839725e-15 -9.197299092240980230e-15 -7.921678589033493959e-15 -4.306897791051809777e-15 -6.196799936221247447e-15 3.904004141391796345e-15 1.504742213894953259e-15 4.940970384717199902e-15 1.070879450969613057e-15
6.783036470311617133e-15 5.405197107466315954e-14 -7.906986404687079567e-15 5.377897781789034303e-14 2.438520089381579261e-13 3.300661401501166981e-14 -3.013718336398731376e-14 4.656470736959420577e-14 -3.274012448822536824e-15 -4.107787491997676741e-14 1.836646166373763358e-14 -1.790313104303690553e-14 -1.170591037475721865e-14 -7.002699205687960982e-15 -2.107454887510975999e-14 -2.046872418408461080e-14 -8.713196844893208191e-15 -3.697929260316443520e-15 -4.642374978080829637e-15 -1.921427171735013281e-14 -9.088196346742067875e-15 -1.200095126790406605e-14 1.511220945480611099e-15 -4.883136315585519954e-15 8.657191468719461713e-16 1.164241569097731539e-15
-1.084950021288518229e-14 4.155675864183880152e-14 2.603762199770676645e-14 7.344585038380079300e-14 3.300661401501166981e-14 1.095135583607190642e-13 -3.672127657240051500e-16 3.158208585339940789e-14 1.800319073144327195e-14 -2.417391717408715095e-14 5.827927934025388775e-15 -1.983510922781758624e-15 -1.978192331014789366e-15 -2.186039172585165019e-14 7.058634073938451313e-15 -3.989265908295979373e-15 -3.665549137288763098e-15 -4.376754127799675261e-15 -3.878851189297616484e-15 -2.577323868162999265e-15 2.122188849758980597e-15 -5.988208466142009293e-15 -2.552041308235486785e-16 1.852460515303455499e-15 1.374170672167871494e-15 -1.916771012115210216e-15
6.131430167974458705e-14 -1.230520218982692949e-15 2.412336616360094696e-14 -3.440202933812566131e-14 -3.013718336398731376e-14 -3.672127657240051500e-16 6.889712888246943875e-14 2.199352326419894831e-14 1.892987224233871903e-14 1.936813588221364620e-14 7.317731435412712726e-15 8.619090747082738790e-15 7.313867988614978202e-15 -1.248311907001251071e-14 7.208346032499268725e-15 1.508155653013721832e-15 -3.067356467015267905e-15 8.760272978386468946e-16 -2.295661899609350131e-15 3.152472835151914504e-15 -1.380621191023567655e-15 5.474686217822859581e-15 9.071513490731873519e-16 1.277350706268568218e-15 3.353692796459407427e-15 -1.123541648542076982e-15
4.418549247678073713e-14 2.058997081949479713e-14 -1.543388741438231096e-14 2.408422757019256186e-14 4.656470736959420577e-14 3.158208585339940789e-14 2.199352326419894831e-14 7.975725350525417790e-14 4.035305702610610049e-14 2.152993987709940319e-15 1.866026231089428862e-14 5.034363036487496900e-15 -4.652828255240607934e-15 -1.766001218089695220e-14 -2.716572214200580467e-15 -2.523125061088939001e-15 -9.406632415862935665e-15 -9.775100517930608528e-15 -7.893302489579734587e-15 -4.157843865196595799e-15 -1.760844417702329043e-15 -4.426315660384976103e-17 1.032808780386823601e-15 1.991763944450099978e-15 1.421333433606036570e-15 -5.251733875949246126e-16
6.072225824655455166e-15 1.514027879247282432e-14 5.107060464920895905e-15 2.510254825102120445e-14 -3.274012448822536824e-15 1.800319073144327195e-14 1.892987224233871903e-14 4.035305702610610049e-14 4.316810377890262310e-14 1.006977973350087019e-14 1.373584329598127963e-14 5.284610324216699419e-15 -4.270279377016740018e-15 -1.716594186150459390e-14 2.838341041394827662e-15 5.244841342441419189e-16 -6.579399641614087949e-15 -6.874275316358735805e-15 -4.656461674402712813e-15 1.640572296676647663e-15 1.483403179308168862e-16 1.860148918650319990e-15 1.360977696288668088e-15 2.675381338533422237e-15 5.725367739624396697e-16 -1.106613933165533479e-15
-2.122265422195057087e-14 -4.149684573205378496e-15 6.842067043462383983e-15 -1.022482818226186268e-14 -4.107787491997676741e-14 -2.417391717408715095e-14 1.936813588221364620e-14 2.152993987709940319e-15 1.006977973350087019e-14 4.283247115576622355e-14 1.044142211365960027e-14 5.156000183206750475e-15 -1.402592781742069908e-16 -2.523745918755726917e-15 1.089388601698931268e-15 2.942433697991051018e-15 -8.711254401410896955e-16 2.107333915261600430e-15 -2.139091851312402130e-15 6.145016185120338865e-15 1.694527502976561327e-15 6.338748520887282520e-15 -4.859839051730466456e-16 5.300978753496330765e-16 1.888336191535369968e-15 1.470495207632097921e-15
2.496369494534597060e-14 3.328593730799706043e-14 1.354345045970352904e-14 2.934434945858999687e-14 1.836646166373763358e-14 5.827927934025388775e-15 7.317731435412712726e-15 1.866026231089428862e-14 1.373584329598127963e-14 1.044142211365960027e-14 1.914046266635383256e-14 2.789228344275611580e-15 -3.791449631137424397e-15 -1.284574018523072241e-14 -3.693765253755675394e-15 -3.832838925493248270e-15 -5.479964705736139702e-15 -7.988169019652679702e-16 -3.829101019002735901e-15 -5.856494146246152801e-16 -1.814781798936997357e-16 1.831210715261828752e-16 8.362680749317637587e-16 1.915785072481554130e-16 2.389681000997085108e-15 7.504998607829140703e-16
-1.058329807795286668e-14 1.093481384800962346e-14 2.738566067264553581e-15 -1.133605100199677093e-14 -1.790313104303690553e-14 -1.983510922781758624e-15 8.619090747082738790e-15 5.034363036487496900e-15 5.284610324216699419e-15 5.156000183206750475e-15 2.789228344275611580e-15 1.600635849463279423e-14 -1.470574300862738682e-15 -2.338856716268799645e-15 2.857336000555204971e-15 1.916109054719696876e-15 -2.647856036324950977e-15 -2.671306705567146633e-15 -1.755160986007308843e-15 7.199233936538133041e-17 -8.764792911339292002e-16 7.429948846472441595e-16 -6.626779629342701955e-17 8.690970019728014063e-16 6.394538290739896785e-16 2.238391973186923029e-16
1.145489479692142000e-14 -2.847701338100813921e-14 -1.127077179860148096e-14 -1.550001235381596905e-14 -1.170591037475721865e-14 -1.978192331014789366e-15 7.313867988614978202e-15 -4.652828255240607934e-15 -4.270279377016740018e-15 -1.402592781742069908e-16 -3.791449631137424397e-15 -1.470574300862738682e-15 8.737048966660763260e-15 5.263088851278717007e-15 2.892381165583498385e-15 3.040220100758680969e-15 2.791395865764275181e-15 2.878711542342726685e-15 1.751301817930959591e-15 2.294279156233716169e-15 1.205974415485162419e-15 1.911176987776847753e-15 2.144354828829701915e-16 7.178191233032202021e-16 4.519056389357630019e-17 -7.146080346985322185e-16
-1.322215211164922900e-14 -5.913045851846855817e-14 -3.201824288830435105e-14 -3.756497972560380846e-14 -7.002699205687960982e-15 -2.186039172585165019e-14 -1.248311907001251071e-14 -1.766001218089695220e-14 -1.716594186150459390e-14 -2.523745918755726917e-15 -1.284574018523072241e-14 -2.338856716268799645e-15 5.263088851278717007e-15 2.486529081471054055e-14 7.190135240886581632e-16 4.882285416307749881e-15 3.908113720923917477e-15 1.199776482278483899e-16 3.789563759378228615e-15 2.448072932558399594e-15 2.229693341489915615e-15 1.366779529529127329e-15 -7.853326743862201609e-16 -5.300816630411179779e-16 -2.456486170985778440e-15 -3.218374803830615171e-16
-1.542665355658449110e-14 -9.385354439431616388e-15 8.763678000700971557e-15 -2.632527848870626689e-15 -2.107454887510975999e-14 7.058634073938451313e-15 7.208346032499268725e-15 -2.716572214200580467e-15 2.838341041394827662e-15 1.089388601698931268e-15 -3.693765253755675394e-15 2.857336000555204971e-15 2.892381165583498385e-15 7.190135240886581632e-16 7.082895247686466647e-15 4.395638740079010731e-15 2.959770877189481679e-15 1.131359101104377728e-15 4.679349886226224147e-16 2.360631046248076630e-15 8.946940087673163030e-16 1.323599957432531546e-15 -2.910905468395109109e-17 9.611001635145626365e-16 5.951638436843162508e-17 -5.869334282625426596e-16
-8.220031424402035662e-15 -2.494808598729538665e-14 -7.518010583770599678e-15 -1.415309743711380489e-14 -2.046872418408461080e-14 -3.989265908295979373e-15 1.508155653013721832e-15 -2.523125061088939001e-15 5.244841342441419189e-16 2.942433697991051018e-15 -3.832838925493248270e-15 1.916109054719696876e-15 3.040220100758680969e-15 4.882285416307749881e-15 4.395638740079010731e-15 7.944135145334202335e-15 4.484282370576104266e-15 5.342700941343203965e-16 6.363690939248285273e-16 3.609632797170610472e-15 1.559957571878312381e-15 1.562003819049656154e-15 2.654715617267839801e-17 1.340851140000388196e-15 -6.318790970812120760e-16 -7.287693544471727118e-16
1.901766952712562016e-16 -9.367669181512336656e-15 8.336980622393766786e-15 -7.290676054211947178e-15 -8.713196844893208191e-15 -3.665549137288763098e-15 -3.067356467015267905e-15 -9.406632415862935665e-15 -6.579399641614087949e-15 -8.711254401410896955e-16 -5.479964705736139702e-15 -2.647856036324950977e-15 2.791395865764275181e-15 3.908113720923917477e-15 2.959770877189481679e-15 4.484282370576104266e-15 8.448670001844974555e-15 5.638402692768818733e-15 1.906653889697534971e-15 2.428472084796934005e-15 3.676017390736255076e-17 6.406789622859085531e-16 -8.355038329785234376e-17 -2.373846418430697960e-16 -3.720097134330716372e-16 -3.048681069767335312e-16
-6.236154121182237659e-16 8.922396644951601612e-15 1.557608387178259664e-14 2.016094158015839725e-15 -3.697929260316443520e-15 -4.376754127799675261e-15 8.760272978386468946e-16 -9.775100517930608528e-15 -6.874275316358735805e-15 2.107333915261600430e-15 -7.988169019652679702e-16 -2.671306705567146633e-15 2.878711542342726685e-15 1.199776482278483899e-16 1.131359101104377728e-15 5.342700941343203965e-16 5.638402692768818733e-15 9.817757470809064492e-15 2.400738957383158486e-15 1.789844457859777269e-15 2.418224798622563996e-17 7.906199536367379396e-16 6.145366065726116117e-16 -6.787623110319102196e-16 9.900559103140651550e-16 4.187436700781923428e-16
9.757532816678804574e-16 -6.422856612817537640e-15 -6.595384839641788333e-16 -9.197299092240980230e-15 -4.642374978080829637e-15 -3.878851189297616484e-15 -2.295661899609350131e-15 -7.893302489579734587e-15 -4.656461674402712813e-15 -2.139091851312402130e-15 -3.829101019002735901e-15 -1.755160986007308843e-15 1.751301817930959591e-15 3.789563759378228615e-15 4.679349886226224147e-16 6.363690939248285273e-16 1.906653889697534971e-15 2.400738957383158486e-15 3.698528483506510436e-15 1.825266497469746411e-15 1.460692491426253241e-15 6.818796067950506436e-16 4.631292057798138677e-17 -3.046299527378913505e-16 -4.066154179064505977e-16 -1.411844100265944272e-16
4.910149569761504079e-15 -1.414518316960549801e-14 4.874582499502547432e-15 -7.921678589033493959e-15 -1.921427171735013281e-14 -2.577323868162999265e-15 3.152472835151914504e-15 -4.157843865196595799e-15 1.640572296676647663e-15 6.145016185120338865e-15 -5.856494146246152801e-16 7.199233936538133041e-17 2.294279156233716169e-15 2.448072932558399594e-15 2.360631046248076630e-15 3.609632797170610472e-15 2.428472084796934005e-15 1.789844457859777269e-15 1.825266497469746411e-15 6.619245414828969103e-15 4.084011733705376266e-15 2.770367151931685879e-15 3.466290766976789510e-16 6.986604931241105663e-16 -5.465246943070239513e-16 -3.498120703504727865e-16
1.101023433781232526e-14 -5.459823694368771415e-15 -8.020837793464136719e-16 -4.306897791051809777e-15 -9.088196346742067875e-15 2.122188849758980597e-15 -1.380621191023567655e-15 -1.760844417702329043e-15 1.483403179308168862e-16 1.694527502976561327e-15 -1.814781798936997357e-16 -8.764792911339292002e-16 1.205974415485162419e-15 2.229693341489915615e-15 8.946940087673163030e-16 1.559957571878312381e-15 3.676017390736255076e-17 2.418224798622563996e-17 1.460692491426253241e-15 4.084011733705376266e-15 7.300705082001509287e-15 3.453432290013256977e-15 2.998537199912277701e-16 2.178013489091796695e-16 -1.073819410380234379e-15 -7.081305632870665212e-17
5.121437569972638650e-16 -9.073543067569999727e-15 2.524378744126671064e-15 -6.196799936221247447e-15 -1.200095126790406605e-14 -5.988208466142009293e-15 5.474686217822859581e-15 -4.426315660384976103e-17 1.860148918650319990e-15 6.338748520887282520e-15 1.831210715261828752e-16 7.429948846472441595e-16 1.911176987776847753e-15 1.366779529529127329e-15 1.323599957432531546e-15 1.562003819049656154e-15 6.406789622859085531e-16 7.906199536367379396e-16 6.818796067950506436e-16 2.770367151931685879e-15 3.453432290013256977e-15 5.543397913515238041e-15 1.503183173758891767e-15 3.157533355759366423e-16 -3.919062663819455889e-16 -2.658982923850086860e-16
-6.698187263562408072e-15 -5.592781133669107370e-16 1.674283837851245013e-15 3.904004141391796345e-15 1.511220945480611099e-15 -2.552041308235486785e-16 9.071513490731873519e-16 1.032808780386823601e-15 1.360977696288668088e-15 -4.859839051730466456e-16 8.362680749317637587e-16 -6.626779629342701955e-17 2.144354828829701915e-16 -7.853326743862201609e-16 -2.910905468395109109e-17 2.654715617267839801e-17 -8.355038329785234376e-17 6.145366065726116117e-16 4.631292057798138677e-17 3.466290766976789510e-16 2.998537199912277701e-16 1.503183173758891767e-15 2.707544183453983938e-15 5.472161718409348606e-16 2.600112228233073307e-16 -1.428351532841941569e-16
-5.628315381232193594e-15 -6.168465391109239277e-15 -2.389927733244316473e-15 1.504742213894953259e-15 -4.883136315585519954e-15 1.852460515303455499e-15 1.277350706268568218e-15 1.991763944450099978e-15 2.675381338533422237e-15 5.300978753496330765e-16 1.915785072481554130e-16 8.690970019728014063e-16 7.178191233032202021e-16 -5.300816630411179779e-16 9.611001635145626365e-16 1.340851140000388196e-15 -2.373846418430697960e-16 -6.787623110319102196e-16 -3.046299527378913505e-16 6.986604931241105663e-16 2.178013489091796695e-16 3.157533355759366423e-16 5.472161718409348606e-16 2.148588030106680453e-15 4.422038762662933394e-16 -3.592325596515177904e-16
2.622335140760290746e-15 7.742078641878923124e-15 5.805243246702991194e-15 4.940970384717199902e-15 8.657191468719461713e-16 1.374170672167871494e-15 3.353692796459407427e-15 1.421333433606036570e-15 5.725367739624396697e-16 1.888336191535369968e-15 2.389681000997085108e-15 6.394538290739896785e-16 4.519056389357630019e-17 -2.456486170985778440e-15 5.951638436843162508e-17 -6.318790970812120760e-16 -3.720097134330716372e-16 9.900559103140651550e-16 -4.066154179064505977e-16 -5.465246943070239513e-16 -1.073819410380234379e-15 -3.919062663819455889e-16 2.600112228233073307e-16 4.422038762662933394e-16 1.983910064177563907e-15 4.661005971789857865e-16
3.195522639898003760e-16 6.261665600833736684e-15 2.288349919055631944e-15 1.070879450969613057e-15 1.164241569097731539e-15 -1.916771012115210216e-15 -1.123541648542076982e-15 -5.251733875949246126e-16 -1.106613933165533479e-15 1.470495207632097921e-15 7.504998607829140703e-16 2.238391973186923029e-16 -7.146080346985322185e-16 -3.218374803830615171e-16 -5.869334282625426596e-16 -7.287693544471727118e-16 -3.048681069767335312e-16 4.187436700781923428e-16 -1.411844100265944272e-16 -3.498120703504727865e-16 -7.081305632870665212e-17 -2.658982923850086860e-16 -1.428351532841941569e-16 -3.592325596515177904e-16 4.661005971789857865e-16 1.727340331528007718e-15
