1.978699255477533482e-12 -2.033427647227625929e-13 -3.448620532768305367e-13 2.447573802295994698e-13 -1.961256682148929651e-14 1.398858431949220217e-13 1.270270861636268134e-13 1.284062300655482725e-13 7.510875200135096412e-14 9.068318036850262053e-14 -6.585736700520501512e-14 -3.780890465084601098e-14 -8.786713032698565159e-15 -7.182705961242141105e-14 -2.623465037907610618e-14 3.137617082702256545e-14 1.435085768308053050e-14 -5.238149726374498796e-15 3.493049055185253732e-15 -1.806161312440594344e-14 -3.920802228398804571e-14 1.760468444155963276e-14 -1.273042376697395087e-14 -1.811162639516278251e-14 5.685521917423834088e-15 1.400730312966336748e-14
-2.033427647227625929e-13 1.379302413488843500e-12 2.680419501150015834e-13 -4.824674192628279351e-14 3.596114326729907578e-14 1.379310037315143791e-13 1.328346871450396086e-13 -1.345588824273321898e-14 -1.750489090382868649e-15 9.001427207244300327e-14 6.825792898061341329e-14 -1.774689415964375749e-14 6.592741326073124718e-14 2.121222847028629955e-14 -6.095448232478437274e-15 7.004752150410500188e-14 4.463920483711445803e-14 4.233778120359018923e-14 2.204656866495063610e-14 2.555470087180116186e-14 1.915397695207728715e-15 1.710435506007381749e-15 6.409769268924012024e-15 1.786384464883122008e-14 1.892532432427683508e-14 4.014643447368470720e-15
-3.448620532768305367e-13 2.680419501150015834e-13 8.449923707692933502e-13 4.290270496674275808e-14 1.529366413413372816e-13 1.196096421529702356e-13 8.841076759356844814e-14 -3.379473688865952765e-14 4.856609081062068535e-14 2.264492993849554538e-14 4.789780811913199419e-14 2.458591563128766806e-14 1.554470771963941851e-15 4.514912913926583972e-14 -4.106467894427320344e-15 4.547216979572464045e-14 2.118059738533634184e-14 4.117928092103355401e-15 1.997085447336963027e-14 1.174601548289147176e-14 -1.798864962889450868e-14 -5.543474719961221832e-16 6.932105369278150257e-15 6.431284980666797048e-15 6.433667951327211784e-15 2.085154210061775700e-15
2.447573802295994698e-13 -4.824674192628279351e-14 4.290270496674275808e-14 3.256072915702300640e-13 2.246065384315285175e-13 2.292610696613192021e-14 8.820686715696874162e-14 3.897667487255110266e-14 5.646857793777587156e-14 1.749879230102569044e-14 6.382495077127957001e-15 -1.379362478008341989e-14 -1.489366493904926150e-14 -1.028994298554456447e-14 -8.657828137178698189e-15 8.611315392641562779e-15 2.638195105903772940e-15 -1.363265534908913168e-14 -1.669537493694096845e-16 -1.496131623931125047e-15 -5.080170579352840372e-15 -1.045504738925238018e-15 -1.131124653756796311e-15 -5.513336651758538572e-15 4.101750844517841004e-15 1.772651273719141032e-15
-1.961256682148929651e-14 3.596114326729907578e-14 1.529366413413372816e-13 2.246065384315285175e-13 2.658738804234211694e-13 5.674407063376015972e-14 7.536239270009666561e-14 7.547601049687932566e-15 7.020617513283965682e-14 1.065447115245677194e-14 3.367863052917577313e-14 -5.289985600618447822e-15 -1.074891849906101631e-14 1.621226093559858954e-14 -2.560387766266321913e-15 1.066496881831281471e-14 4.160012769567206275e-15 -4.089431828294506721e-15 5.055163686971886431e-15 5.934425340208061004e-15 -6.201376092318248140e-15 -4.606337257339109377e-15 1.979287034315312520e-15 -3.015816006208974396e-15 3.527424947401124896e-15 -6.985181536367905674e-16
1.398858431949220217e-13 1.379310037315143791e-13 1.196096421529702356e-13 2.292610696613192021e-14 5.674407063376015972e-14 1.261758406701268531e-13 4.189548779613490491e-14 -3.144647200848845929e-15 3.027155704237690469e-14 2.897494181213323795e-14 5.560052767796554101e-15 -4.823863158947525918e-15 6.583773905030924312e-15 8.471191387797770979e-15 -5.106575568412297769e-15 2.138936107096290959e-14 1.117993520128414413e-14 8.794946471529095344e-15 9.294860091370789115e-15 5.869230268323337747e-15 -1.187374800373989615e-14 2.980892479438694064e-15 2.053833792956459960e-15 -3.757808675902079268e-16 2.059001446341442849e-15 1.936382780977317028e-15
1.270270861636268134e-13 1.328346871450396086e-13 8.841076759356844814e-14 8.820686715696874162e-14 7.536239270009666561e-14 4.189548779613490491e-14 9.308547515619392735e-14 7.532758525280466897e-15 2.582413232374006981e-14 1.580551052524849812e-14 2.331967728183601381e-14 7.465482425430751513e-15 3.989449751682570316e-15 3.055021309920614414e-15 -1.430029023140016328e-15 1.292270493410234081e-14 4.026141405054325030e-15 -5.268015007006957665e-16 -4.994747755283653642e-16 -1.419284580297106142e-15 -7.880747294507289123e-15 -6.592071173476447723e-16 2.758832228400843948e-15 1.457728303881980998e-15 4.950313336534204259e-15 -2.928030082020691918e-16
1.284062300655482725e-13 -1.345588824273321898e-14 -3.379473688865952765e-14 3.897667487255110266e-14 7.547601049687932566e-15 -3.144647200848845929e-15 7.532758525280466897e-15 4.783073505660754467e-14 4.802285288515121046e-15 -6.144933621407716154e-16 -9.542074712822020515e-15 -1.552973840002835568e-14 -4.957329297190152753e-16 -9.956013784111578484e-15 -6.828816330495641572e-16 4.830803882722487191e-15 4.904507931799609522e-15 -2.029888534084135845e-15 8.724606436560778889e-16 3.675321112137877276e-16 -2.084507845995578373e-15 5.117885824475074584e-16 -2.163757726652340849e-15 -3.549461031738074066e-15 -6.928029553596395143e-16 -4.208868420381450125e-16
7.510875200135096412e-14 -1.750489090382868649e-15 4.856609081062068535e-14 5.646857793777587156e-14 7.020617513283965682e-14 3.027155704237690469e-14 2.582413232374006981e-14 4.802285288515121046e-15 4.793418549046379305e-14 4.069333616352148947e-15 1.664744842518772823e-14 1.665216707702659027e-15 -2.237317142445535424e-15 4.604610705432687410e-15 -3.212916393178226330e-15 4.283512547213977176e-15 2.694548743249075694e-15 -2.154513094896723723e-15 1.937723004936694021e-15 2.284594042557773387e-15 -8.645561726006169698e-15 -2.516629997208318713e-15 -1.823368013915223907e-16 -3.377387983081616324e-18 1.267495657077996275e-15 -6.703766941767761782e-16
9.068318036850262053e-14 9.001427207244300327e-14 2.264492993849554538e-14 1.749879230102569044e-14 1.065447115245677194e-14 2.897494181213323795e-14 1.580551052524849812e-14 -6.144933621407716154e-16 4.069333616352148947e-15 2.921930971058091120e-14 -1.321920216850755397e-15 -9.039069865174893219e-15 3.093215128583400160e-15 1.061767177005670973e-15 -4.185194008038914411e-15 9.253536169597886814e-15 6.709385427813091383e-15 5.024456706323457152e-15 2.703451359634043414e-15 1.656535146265022653e-15 -2.368058977984217668e-15 2.343699767876924292e-15 -8.653233332934710271e-16 4.506331549402097784e-16 1.993715942537935456e-15 1.845198265961692444e-15
-6.585736700520501512e-14 6.825792898061341329e-14 4.789780811913199419e-14 6.382495077127957001e-15 3.367863052917577313e-14 5.560052767796554101e-15 2.331967728183601381e-14 -9.542074712822020515e-15 1.664744842518772823e-14 -1.321920216850755397e-15 3.528199577369766971e-14 1.383046241113898880e-14 3.314292189607488118e-15 1.028454457111285282e-14 2.409026402987105316e-15 -1.973130535847833858e-15 -2.093735218770443578e-15 -3.012641874143494310e-15 -3.881708133916145408e-15 1.493872783355356996e-15 -3.890575345009699295e-15 -3.421860291564468848e-15 2.964380173083722587e-15 1.680418468637764498e-15 1.976035600599477157e-15 -2.469680376726847544e-15
-3.780890465084601098e-14 -1.774689415964375749e-14 2.458591563128766806e-14 -1.379362478008341989e-14 -5.289985600618447822e-15 -4.823863158947525918e-15 7.465482425430751513e-15 -1.552973840002835568e-14 1.665216707702659027e-15 -9.039069865174893219e-15 1.383046241113898880e-14 2.161787377896180352e-14 4.681172385824914869e-15 6.327210506168861146e-15 2.833131580826935336e-15 -5.137804591731813903e-15 -6.336280142682227717e-15 -3.642765755510819584e-15 -3.299135273106538451e-15 -2.240946954444006509e-15 -2.178443431672747332e-15 -2.083604676644283253e-15 2.694461347076161364e-15 1.892227319364376186e-15 6.157650108328801881e-16 -1.254921680106136286e-15
-8.786713032698565159e-15 6.592741326073124718e-14 1.554470771963941851e-15 -1.489366493904926150e-14 -1.074891849906101631e-14 6.583773905030924312e-15 3.989449751682570316e-15 -4.957329297190152753e-16 -2.237317142445535424e-15 3.093215128583400160e-15 3.314292189607488118e-15 4.681172385824914869e-15 1.377264873430172685e-14 4.378321972132942782e-15 2.980410606643317801e-16 2.451808878908611826e-15 1.757934618178607247e-15 2.852548076205455320e-15 3.284603255211084064e-16 2.541328301750718840e-16 -1.118605190006380431e-15 3.122573783176072416e-17 7.680204895097903108e-16 1.317031108423737802e-15 1.024278833148205787e-15 1.868188349380126011e-16
-7.182705961242141105e-14 2.121222847028629955e-14 4.514912913926583972e-14 -1.028994298554456447e-14 1.621226093559858954e-14 8.471191387797770979e-15 3.055021309920614414e-15 -9.956013784111578484e-15 4.604610705432687410e-15 1.061767177005670973e-15 1.028454457111285282e-14 6.327210506168861146e-15 4.378321972132942782e-15 1.238008977919296178e-14 1.873838968422514338e-15 6.525237763672856811e-16 -1.566288996790418767e-16 2.033451110330845242e-15 4.802217837609239641e-16 1.191268170540832646e-15 -9.914508618317953805e-16 -1.198352160327663477e-15 1.565592609201828553e-15 1.299798564148357601e-15 2.617159824383844160e-16 -6.229460896045930454e-16
-2.623465037907610618e-14 -6.095448232478437274e-15 -4.106467894427320344e-15 -8.657828137178698189e-15 -2.560387766266321913e-15 -5.106575568412297769e-15 -1.430029023140016328e-15 -6.828816330495641572e-16 -3.212916393178226330e-15 -4.185194008038914411e-15 2.409026402987105316e-15 2.833131580826935336e-15 2.980410606643317801e-16 1.873838968422514338e-15 6.457276808883573738e-15 2.880417843640852976e-15 -3.587210152540760284e-16 2.402702115329682709e-16 -5.772416504380499612e-17 -3.538725448506081888e-16 1.212410825322478412e-15 -8.679507364126617365e-16 1.022468349132329059e-15 1.102437922436048848e-17 -4.551846940015946387e-16 -7.357085965999830058e-16
3.137617082702256545e-14 7.004752150410500188e-14 4.547216979572464045e-14 8.611315392641562779e-15 1.066496881831281471e-14 2.138936107096290959e-14 1.292270493410234081e-14 4.830803882722487191e-15 4.283512547213977176e-15 9.253536169597886814e-15 -1.973130535847833858e-15 -5.137804591731813903e-15 2.451808878908611826e-15 6.525237763672856811e-16 2.880417843640852976e-15 1.626799651376269210e-14 7.483413080700129130e-15 3.933224166289405458e-15 4.790875082096900713e-15 1.810024406327425091e-15 -1.298806946652453222e-15 3.974053350711755516e-16 -7.650658082806462658e-17 1.548226404611963298e-17 8.633113362548562044e-16 1.127843727273649104e-15
1.435085768308053050e-14 4.463920483711445803e-14 2.118059738533634184e-14 2.638195105903772940e-15 4.160012769567206275e-15 1.117993520128414413e-14 4.026141405054325030e-15 4.904507931799609522e-15 2.694548743249075694e-15 6.709385427813091383e-15 -2.093735218770443578e-15 -6.336280142682227717e-15 1.757934618178607247e-15 -1.566288996790418767e-16 -3.587210152540760284e-16 7.483413080700129130e-15 6.815447003262057865e-15 3.579927082593671619e-15 3.493360513869622213e-15 2.007529610666850328e-15 -6.014004758769498309e-16 7.456191507203382087e-16 -8.444446861677512082e-16 -2.643359124475362812e-16 4.867109164643596460e-16 4.378753071171366489e-16
-5.238149726374498796e-15 4.233778120359018923e-14 4.117928092103355401e-15 -1.363265534908913168e-14 -4.089431828294506721e-15 8.794946471529095344e-15 -5.268015007006957665e-16 -2.029888534084135845e-15 -2.154513094896723723e-15 5.024456706323457152e-15 -3.012641874143494310e-15 -3.642765755510819584e-15 2.852548076205455320e-15 2.033451110330845242e-15 2.402702115329682709e-16 3.933224166289405458e-15 3.579927082593671619e-15 7.085403819484485336e-15 4.001704812822384422e-15 1.743226293613818750e-15 6.035940419051865262e-16 1.226167753298086214e-15 -2.264853879001725716e-16 1.573821953164038060e-16 1.130632812428655005e-16 5.474000799116850159e-16
3.493049055185253732e-15 2.204656866495063610e-14 1.997085447336963027e-14 -1.669537493694096845e-16 5.055163686971886431e-15 9.294860091370789115e-15 -4.994747755283653642e-16 8.724606436560778889e-16 1.937723004936694021e-15 2.703451359634043414e-15 -3.881708133916145408e-15 -3.299135273106538451e-15 3.284603255211084064e-16 4.802217837609239641e-16 -5.772416504380499612e-17 4.790875082096900713e-15 3.493360513869622213e-15 4.001704812822384422e-15 5.814463758265362251e-15 2.479885502886103802e-15 2.224825068504124978e-16 1.026518735496907423e-15 -6.092787171500502055e-16 -5.226794762572621951e-16 1.499476197874668340e-18 8.460545805269897277e-16
-1.806161312440594344e-14 2.555470087180116186e-14 1.174601548289147176e-14 -1.496131623931125047e-15 5.934425340208061004e-15 5.869230268323337747e-15 -1.419284580297106142e-15 3.675321112137877276e-16 2.284594042557773387e-15 1.656535146265022653e-15 1.493872783355356996e-15 -2.240946954444006509e-15 2.541328301750718840e-16 1.191268170540832646e-15 -3.538725448506081888e-16 1.810024406327425091e-15 2.007529610666850328e-15 1.743226293613818750e-15 2.479885502886103802e-15 3.858495558398025345e-15 1.003138601212276890e-15 1.348592547993370545e-16 -2.620647629576833837e-16 -2.903953918967792040e-16 3.272864094921241704e-17 5.734497167432038316e-17
-3.920802228398804571e-14 1.915397695207728715e-15 -1.798864962889450868e-14 -5.080170579352840372e-15 -6.201376092318248140e-15 -1.187374800373989615e-14 -7.880747294507289123e-15 -2.084507845995578373e-15 -8.645561726006169698e-15 -2.368058977984217668e-15 -3.890575345009699295e-15 -2.178443431672747332e-15 -1.118605190006380431e-15 -9.914508618317953805e-16 1.212410825322478412e-15 -1.298806946652453222e-15 -6.014004758769498309e-16 6.035940419051865262e-16 2.224825068504124978e-16 1.003138601212276890e-15 6.198616385639492059e-15 1.276584268658346934e-15 -1.633632980732771799e-16 -2.137779353541583115e-16 -4.496970827871134435e-16 1.505420481117794582e-16
1.760468444155963276e-14 1.710435506007381749e-15 -5.543474719961221832e-16 -1.045504738925238018e-15 -4.606337257339109377e-15 2.980892479438694064e-15 -6.592071173476447723e-16 5.117885824475074584e-16 -2.516629997208318713e-15 2.343699767876924292e-15 -3.421860291564468848e-15 -2.083604676644283253e-15 3.122573783176072416e-17 -1.198352160327663477e-15 -8.679507364126617365e-16 3.974053350711755516e-16 7.456191507203382087e-16 1.226167753298086214e-15 1.026518735496907423e-15 1.348592547993370545e-16 1.276584268658346934e-15 2.751351557864941002e-15 1.313170181181069595e-16 -5.822968628241931259e-16 -1.076533968230273673e-16 7.334243471066460468e-16
-1.273042376697395087e-14 6.409769268924012024e-15 6.932105369278150257e-15 -1.131124653756796311e-15 1.979287034315312520e-15 2.053833792956459960e-15 2.758832228400843948e-15 -2.163757726652340849e-15 -1.823368013915223907e-16 -8.653233332934710271e-16 2.964380173083722587e-15 2.694461347076161364e-15 7.680204895097903108e-16 1.565592609201828553e-15 1.022468349132329059e-15 -7.650658082806462658e-17 -8.444446861677512082e-16 -2.264853879001725716e-16 -6.092787171500502055e-16 -2.620647629576833837e-16 -1.633632980732771799e-16 1.313170181181069595e-16 2.261221829665811459e-15 8.981831546331605067e-16 1.280162715037033256e-16 -2.140763865748041638e-16
-1.811162639516278251e-14 1.786384464883122008e-14 6.431284980666797048e-15 -5.513336651758538572e-15 -3.015816006208974396e-15 -3.757808675902079268e-16 1.457728303881980998e-15 -3.549461031738074066e-15 -3.377387983081616324e-18 4.506331549402097784e-16 1.680418468637764498e-15 1.892227319364376186e-15 1.317031108423737802e-15 1.299798564148357601e-15 1.102437922436048848e-17 1.548226404611963298e-17 -2.643359124475362812e-16 1.573821953164038060e-16 -5.226794762572621951e-16 -2.903953918967792040e-16 -2.137779353541583115e-16 -5.822968628241931259e-16 8.981831546331605067e-16 2.520326333886844237e-15 7.470375917085243620e-16 4.716776391139578266e-17
5.685521917423834088e-15 1.892532432427683508e-14 6.433667951327211784e-15 4.101750844517841004e-15 3.527424947401124896e-15 2.059001446341442849e-15 4.950313336534204259e-15 -6.928029553596395143e-16 1.267495657077996275e-15 1.993715942537935456e-15 1.976035600599477157e-15 6.157650108328801881e-16 1.024278833148205787e-15 2.617159824383844160e-16 -4.551846940015946387e-16 8.633113362548562044e-16 4.867109164643596460e-16 1.130632812428655005e-16 1.499476197874668340e-18 3.272864094921241704e-17 -4.496970827871134435e-16 -1.076533968230273673e-16 1.280162715037033256e-16 7.470375917085243620e-16 1.553290200431533742e-15 5.345932282392970567e-16
1.400730312966336748e-14 4.014643447368470720e-15 2.085154210061775700e-15 1.772651273719141032e-15 -6.985181536367905674e-16 1.936382780977317028e-15 -2.928030082020691918e-16 -4.208868420381450125e-16 -6.703766941767761782e-16 1.845198265961692444e-15 -2.469680376726847544e-15 -1.254921680106136286e-15 1.868188349380126011e-16 -6.229460896045930454e-16 -7.357085965999830058e-16 1.127843727273649104e-15 4.378753071171366489e-16 5.474000799116850159e-16 8.460545805269897277e-16 5.734497167432038316e-17 1.505420481117794582e-16 7.334243471066460468e-16 -2.140763865748041638e-16 4.716776391139578266e-17 5.345932282392970567e-16 1.962951306913877371e-15
