6.621962406195466829e-13 1.581614091671518920e-14 2.169209412798246894e-13 2.231108936538721429e-14 8.494961178661077819e-14 4.417905532808632966e-14 4.350036464787735186e-14 3.965038430716582670e-14 -2.959165620401726628e-14 -2.440389852893754860e-14 -1.740850728262320020e-15 4.722094170691429384e-14 1.873671438703612406e-14 4.833952313746903884e-15 1.092711755273792361e-14 -2.385335898234370429e-14 -3.306085638063957729e-14 1.672933257407283556e-14 -1.106950299461511236e-14 6.617034539641701087e-15 -6.381356361495085363e-15 2.457469493565346167e-15 3.887373999293623147e-15 -4.019957773937179096e-15 -1.087109889877939600e-15 -9.406967900566056093e-15
1.581614091671518920e-14 1.030462470394418341e-12 9.352936717266924538e-14 -9.593294658331646987e-14 -2.119982079311289340e-13 -4.929838302698189039e-15 -6.583838312864308921e-14 -1.058008410803625300e-13 -1.184524182658289559e-14 1.635198788910970270e-15 4.471277209414690514e-15 9.254547471275515642e-15 -1.300787304481098571e-14 -1.729336160214223969e-15 -7.700371011100458346e-16 1.422629804338778999e-15 -3.059512335183342579e-14 -3.411211809486149236e-14 -3.955256974553616326e-14 -2.479437304449322793e-14 -4.074627559326497531e-14 5.176494006878179895e-15 1.950211525379254813e-14 1.673913605888585466e-14 3.563193957059361922e-14 1.588848433615541438e-14
2.169209412798246894e-13 9.352936717266924538e-14 6.931782618152157102e-13 -6.874608015000136731e-14 2.777401819295406830e-14 1.479815529022830382e-13 6.049517465715684629e-14 9.137849215030808444e-14 -5.989741237913070796e-15 1.318881397760516098e-14 -1.842509524368921810e-14 2.879412907914789545e-14 3.632203050195144681e-14 4.586663522348445013e-14 1.183837036134425986e-14 2.811766196253110663e-14 1.252030486324880240e-14 5.138439960378634399e-14 1.851373717457305100e-14 -1.692350786155087366e-14 -1.948866475255009362e-14 1.112297936773714388e-14 6.361235282228138478e-15 -7.453701530658812579e-15 -9.141250534332725328e-15 -2.566698211898667664e-14
2.231108936538721429e-14 -9.593294658331646987e-14 -6.874608015000136731e-14 2.826428646134413475e-13 1.317445856157270939e-13 5.536890577422186506e-14 -2.782287313236180562e-14 4.360502050301688199e-14 8.100762176616756933e-16 -2.973834866947171759e-15 -5.551569256531528223e-15 -2.694788972738512588e-14 -2.395492226512171211e-15 2.007540091983822929e-15 3.481804967721705205e-15 -1.304289197858344450e-14 1.401857091221644351e-14 7.986329794880616734e-15 2.606192412425146776e-15 -2.249602698973510640e-16 1.163768264265812571e-14 -1.263458706854540183e-14 1.523571790027811782e-15 2.528904775080653200e-15 -6.895494496550467785e-15 -2.369096142255484855e-16
8.494961178661077819e-14 -2.119982079311289340e-13 2.777401819295406830e-14 1.317445856157270939e-13 2.351526443195912728e-13 1.249946519410172120e-13 3.240797414042862241e-14 6.287899377630148630e-14 -8.771192670948358875e-16 2.047562050064927464e-14 9.980244358554242631e-15 -1.101750054527292808e-14 6.989526847843591500e-15 1.377207174981715964e-14 1.294055431321612677e-14 -1.648556116834287795e-14 1.453419286322992934e-14 1.880081866505715093e-14 7.997464641104425329e-15 -2.242733662923180282e-16 8.708483980876343933e-15 2.215525440875890766e-15 2.689241172741015621e-15 -2.963010603854595157e-15 -1.530950368841099995e-14 -8.938475334242688896e-15
4.417905532808632966e-14 -4.929838302698189039e-15 1.479815529022830382e-13 5.536890577422186506e-14 1.249946519410172120e-13 2.226963614016238723e-13 6.839770592219346286e-14 6.530638700429067314e-14 -2.901514722121470247e-15 1.053739709588740160e-14 3.300359467662555979e-16 1.257947733175576568e-14 7.861409316751372387e-15 2.657950625462974040e-14 4.039756541460926838e-16 -1.040250359106655953e-14 1.557564772557959050e-14 2.734355614524335376e-14 1.247171382521323006e-14 -3.218189564109541716e-15 6.832519364782932454e-15 6.964985475756397333e-15 7.762333770876277114e-15 -3.758976022001371791e-15 -8.949116651902777045e-15 -8.006247864364485641e-15
4.350036464787735186e-14 -6.583838312864308921e-14 6.049517465715684629e-14 -2.782287313236180562e-14 3.240797414042862241e-14 6.839770592219346286e-14 8.447675644884433647e-14 9.453613587294967106e-15 5.836531900842845669e-15 1.286578422458197207e-16 -3.681278995766502929e-15 1.159871188411347333e-14 8.883608770714177303e-15 5.096885586569921438e-15 -2.071500950090022896e-15 -1.066103338017714403e-14 1.140434528297567216e-15 1.402174602767992639e-14 6.779161465866951064e-15 4.542156835733322939e-15 1.370097237726026026e-15 3.177645414389554495e-15 3.532001289499281947e-15 -2.104898809068905268e-15 -2.683932407059642233e-15 -2.575888078872112004e-15
3.965038430716582670e-14 -1.058008410803625300e-13 9.137849215030808444e-14 4.360502050301688199e-14 6.287899377630148630e-14 6.530638700429067314e-14 9.453613587294967106e-15 8.014233553414983808e-14 9.816359361790195325e-16 -1.856859042863856410e-16 -3.075703895606705776e-15 6.236228823589375083e-16 5.434968071777042104e-15 2.026445071536738636e-14 -1.418055792049672027e-15 -3.891336515725475613e-15 8.155409700889621892e-15 1.630332340123961781e-14 9.238020075291533966e-15 -1.630487183419331309e-15 2.299819331986955325e-15 -1.435118094163489810e-15 7.847192095208726616e-17 -4.483083142565113461e-15 -8.103820647323333310e-15 -6.986161398516210670e-15
-2.959165620401726628e-14 -1.184524182658289559e-14 -5.989741237913070796e-15 8.100762176616756933e-16 -8.771192670948358875e-16 -2.901514722121470247e-15 5.836531900842845669e-15 9.816359361790195325e-16 1.296346794115065103e-14 1.551448606098242736e-15 -3.260445500640528608e-15 -1.998463413411770476e-15 -1.788643318735948617e-15 2.837550577528502850e-16 -6.156482848666134504e-16 1.105274268481093102e-16 3.321347727782070466e-15 1.021417665611714070e-15 3.447585115994747853e-15 -1.928216692613928285e-15 -3.036225531142010120e-16 -2.589962760659700196e-15 -6.137674120269650651e-16 -2.276100121745697439e-16 -7.722732633640259669e-16 8.068717954105746947e-16
-2.440389852893754860e-14 1.635198788910970270e-15 1.318881397760516098e-14 -2.973834866947171759e-15 2.047562050064927464e-14 1.053739709588740160e-14 1.286578422458197207e-16 -1.856859042863856410e-16 1.551448606098242736e-15 2.953772067977300345e-14 1.026495285539125683e-14 -4.617024569220566176e-15 1.306918505915462843e-15 1.806202426910385244e-15 2.899297115506677593e-15 2.795197498123337178e-15 4.822011642511357758e-15 -3.265252468940099017e-15 -3.539753026948145479e-15 -4.778996224534263268e-15 -1.775026429695606408e-15 2.783267496075371262e-15 1.283643956417650067e-15 2.844516924318780111e-18 -1.827956795334170169e-15 -2.050816722008844414e-15
-1.740850728262320020e-15 4.471277209414690514e-15 -1.842509524368921810e-14 -5.551569256531528223e-15 9.980244358554242631e-15 3.300359467662555979e-16 -3.681278995766502929e-15 -3.075703895606705776e-15 -3.260445500640528608e-15 1.026495285539125683e-14 1.651694032711004483e-14 4.697676467331313622e-15 6.064766360756821322e-15 5.124669562668113542e-15 2.720495439290862525e-15 8.809675201084506726e-16 2.977214825645358463e-15 -3.239034925358870179e-15 2.471992217936390513e-15 2.529879532750897296e-15 2.957191454974194359e-15 2.647651417572428950e-15 -2.956175640633347176e-16 -8.216174029611485624e-16 -9.355332260946900997e-16 -3.653969870246338300e-16
4.722094170691429384e-14 9.254547471275515642e-15 2.879412907914789545e-14 -2.694788972738512588e-14 -1.101750054527292808e-14 1.257947733175576568e-14 1.159871188411347333e-14 6.236228823589375083e-16 -1.998463413411770476e-15 -4.617024569220566176e-15 4.697676467331313622e-15 2.572013627355320204e-14 7.187202831934382392e-15 5.449559521691590168e-15 -5.139180420243319948e-16 3.435937221647419036e-16 -4.306412813244954865e-15 2.223801847523364905e-15 4.667126885707050053e-15 3.438337216245176198e-15 2.118135136246293171e-15 1.953575797079238999e-15 1.887315597795608341e-16 -1.676635229699550527e-15 9.617355065284915109e-16 -7.431243922337090873e-16
1.873671438703612406e-14 -1.300787304481098571e-14 3.632203050195144681e-14 -2.395492226512171211e-15 6.989526847843591500e-15 7.861409316751372387e-15 8.883608770714177303e-15 5.434968071777042104e-15 -1.788643318735948617e-15 1.306918505915462843e-15 6.064766360756821322e-15 7.187202831934382392e-15 1.310948654274625653e-14 7.832022621718468926e-15 4.098920357145313433e-15 1.408894635526957612e-16 1.315704332353816452e-15 4.389455803763254740e-15 2.599639675111143238e-15 2.380742511656156721e-15 1.345387066561163119e-15 2.267275333211782575e-15 7.943230171265346170e-16 -1.068783867658517559e-16 -2.796273722728688506e-16 -9.884452317860325521e-16
4.833952313746903884e-15 -1.729336160214223969e-15 4.586663522348445013e-14 2.007540091983822929e-15 1.377207174981715964e-14 2.657950625462974040e-14 5.096885586569921438e-15 2.026445071536738636e-14 2.837550577528502850e-16 1.806202426910385244e-15 5.124669562668113542e-15 5.449559521691590168e-15 7.832022621718468926e-15 1.553834160969407311e-14 2.220072857470565312e-15 1.851221462612734403e-15 3.772601683593962229e-15 3.954390540189569440e-15 6.125150064143325193e-15 1.371432357820584149e-16 1.079559812264854535e-15 1.565963706930558026e-15 3.366112903723068736e-16 -1.560686184095200623e-15 -2.135438669931232715e-15 -2.372359886573253878e-15
1.092711755273792361e-14 -7.700371011100458346e-16 1.183837036134425986e-14 3.481804967721705205e-15 1.294055431321612677e-14 4.039756541460926838e-16 -2.071500950090022896e-15 -1.418055792049672027e-15 -6.156482848666134504e-16 2.899297115506677593e-15 2.720495439290862525e-15 -5.139180420243319948e-16 4.098920357145313433e-15 2.220072857470565312e-15 9.372206568516953255e-15 3.085211198873685379e-15 1.331066969924862483e-15 1.267904303374443013e-15 -3.792215571592516234e-16 -2.644258734945388088e-17 -6.264836755149305382e-16 1.040664192176848719e-15 -4.123883079086569089e-16 3.919514421943608964e-16 -5.298348512465414240e-16 -6.705287511195480684e-17
-2.385335898234370429e-14 1.422629804338778999e-15 2.811766196253110663e-14 -1.304289197858344450e-14 -1.648556116834287795e-14 -1.040250359106655953e-14 -1.066103338017714403e-14 -3.891336515725475613e-15 1.105274268481093102e-16 2.795197498123337178e-15 8.809675201084506726e-16 3.435937221647419036e-16 1.408894635526957612e-16 1.851221462612734403e-15 3.085211198873685379e-15 1.271695593318144823e-14 5.781301499732573013e-15 1.097924156361067614e-15 5.635236955153148070e-15 -4.417891136139142836e-16 -6.921199870871320641e-17 2.746103516992730736e-16 -2.956883770729264978e-15 -1.436429546909954363e-15 -1.399336261261663366e-15 -1.041005771562114889e-15
-3.306085638063957729e-14 -3.059512335183342579e-14 1.252030486324880240e-14 1.401857091221644351e-14 1.453419286322992934e-14 1.557564772557959050e-14 1.140434528297567216e-15 8.155409700889621892e-15 3.321347727782070466e-15 4.822011642511357758e-15 2.977214825645358463e-15 -4.306412813244954865e-15 1.315704332353816452e-15 3.772601683593962229e-15 1.331066969924862483e-15 5.781301499732573013e-15 1.429590111849827945e-14 6.097797159542602200e-15 1.076506730743238960e-14 5.236097937511402788e-16 4.194627092692423109e-15 -6.696231618621434854e-16 -1.721879963962002121e-15 -1.705490496913862483e-15 -3.446398553573721356e-15 -9.357919541037094625e-16
1.672933257407283556e-14 -3.411211809486149236e-14 5.138439960378634399e-14 7.986329794880616734e-15 1.880081866505715093e-14 2.734355614524335376e-14 1.402174602767992639e-14 1.630332340123961781e-14 1.021417665611714070e-15 -3.265252468940099017e-15 -3.239034925358870179e-15 2.223801847523364905e-15 4.389455803763254740e-15 3.954390540189569440e-15 1.267904303374443013e-15 1.097924156361067614e-15 6.097797159542602200e-15 1.291111759910017268e-14 8.148927814396786529e-15 1.328889607261494666e-15 1.792483316457814642e-15 3.292221941061700603e-16 1.562030264972587886e-16 -1.687718410630329672e-15 -3.147299071438493238e-15 -2.302645034389110613e-15
-1.106950299461511236e-14 -3.955256974553616326e-14 1.851373717457305100e-14 2.606192412425146776e-15 7.997464641104425329e-15 1.247171382521323006e-14 6.779161465866951064e-15 9.238020075291533966e-15 3.447585115994747853e-15 -3.539753026948145479e-15 2.471992217936390513e-15 4.667126885707050053e-15 2.599639675111143238e-15 6.125150064143325193e-15 -3.792215571592516234e-16 5.635236955153148070e-15 1.076506730743238960e-14 8.148927814396786529e-15 1.925505517738938654e-14 3.854702308491530394e-15 6.908154274006081869e-15 -1.209847664293413691e-15 -3.397103434581391841e-15 -3.415159971387931804e-15 -4.656474021681003205e-15 -1.688150026041672114e-15
6.617034539641701087e-15 -2.479437304449322793e-14 -1.692350786155087366e-14 -2.249602698973510640e-16 -2.242733662923180282e-16 -3.218189564109541716e-15 4.542156835733322939e-15 -1.630487183419331309e-15 -1.928216692613928285e-15 -4.778996224534263268e-15 2.529879532750897296e-15 3.438337216245176198e-15 2.380742511656156721e-15 1.371432357820584149e-16 -2.644258734945388088e-17 -4.417891136139142836e-16 5.236097937511402788e-16 1.328889607261494666e-15 3.854702308491530394e-15 7.817825537966291624e-15 4.605886942356343443e-15 4.731129826032930187e-16 -7.203716571283844956e-16 -6.313947823044707838e-16 -5.591969111829929309e-16 7.073791169863935003e-16
-6.381356361495085363e-15 -4.074627559326497531e-14 -1.948866475255009362e-14 1.163768264265812571e-14 8.708483980876343933e-15 6.832519364782932454e-15 1.370097237726026026e-15 2.299819331986955325e-15 -3.036225531142010120e-16 -1.775026429695606408e-15 2.957191454974194359e-15 2.118135136246293171e-15 1.345387066561163119e-15 1.079559812264854535e-15 -6.264836755149305382e-16 -6.921199870871320641e-17 4.194627092692423109e-15 1.792483316457814642e-15 6.908154274006081869e-15 4.605886942356343443e-15 1.056176234257597109e-14 1.141755790889659390e-15 -1.217010113377759029e-15 -1.093817216891571503e-15 -2.081066345605964667e-15 3.598946067765521069e-16
2.457469493565346167e-15 5.176494006878179895e-15 1.112297936773714388e-14 -1.263458706854540183e-14 2.215525440875890766e-15 6.964985475756397333e-15 3.177645414389554495e-15 -1.435118094163489810e-15 -2.589962760659700196e-15 2.783267496075371262e-15 2.647651417572428950e-15 1.953575797079238999e-15 2.267275333211782575e-15 1.565963706930558026e-15 1.040664192176848719e-15 2.746103516992730736e-16 -6.696231618621434854e-16 3.292221941061700603e-16 -1.209847664293413691e-15 4.731129826032930187e-16 1.141755790889659390e-15 5.527749031620419812e-15 2.051531212789815474e-15 5.728014404347061367e-16 1.114063287813968762e-16 -4.588690177445982345e-16
3.887373999293623147e-15 1.950211525379254813e-14 6.361235282228138478e-15 1.523571790027811782e-15 2.689241172741015621e-15 7.762333770876277114e-15 3.532001289499281947e-15 7.847192095208726616e-17 -6.137674120269650651e-16 1.283643956417650067e-15 -2.956175640633347176e-16 1.887315597795608341e-16 7.943230171265346170e-16 3.366112903723068736e-16 -4.123883079086569089e-16 -2.956883770729264978e-15 -1.721879963962002121e-15 1.562030264972587886e-16 -3.397103434581391841e-15 -7.203716571283844956e-16 -1.217010113377759029e-15 2.051531212789815474e-15 4.846093569214232980e-15 2.011527163365966820e-15 1.599590272863564076e-15 1.814583688116210729e-16
-4.019957773937179096e-15 1.673913605888585466e-14 -7.453701530658812579e-15 2.528904775080653200e-15 -2.963010603854595157e-15 -3.758976022001371791e-15 -2.104898809068905268e-15 -4.483083142565113461e-15 -2.276100121745697439e-16 2.844516924318780111e-18 -8.216174029611485624e-16 -1.676635229699550527e-15 -1.068783867658517559e-16 -1.560686184095200623e-15 3.919514421943608964e-16 -1.436429546909954363e-15 -1.705490496913862483e-15 -1.687718410630329672e-15 -3.415159971387931804e-15 -6.313947823044707838e-16 -1.093817216891571503e-15 5.728014404347061367e-16 2.011527163365966820e-15 3.861345690480960120e-15 2.595198579271176049e-15 1.383952056609755638e-15
-1.087109889877939600e-15 3.563193957059361922e-14 -9.141250534332725328e-15 -6.895494496550467785e-15 -1.530950368841099995e-14 -8.949116651902777045e-15 -2.683932407059642233e-15 -8.103820647323333310e-15 -7.722732633640259669e-16 -1.827956795334170169e-15 -9.355332260946900997e-16 9.617355065284915109e-16 -2.796273722728688506e-16 -2.135438669931232715e-15 -5.298348512465414240e-16 -1.399336261261663366e-15 -3.446398553573721356e-15 -3.147299071438493238e-15 -4.656474021681003205e-15 -5.591969111829929309e-16 -2.081066345605964667e-15 1.114063287813968762e-16 1.599590272863564076e-15 2.595198579271176049e-15 5.559094623205368389e-15 2.478767731916652605e-15
-9.406967900566056093e-15 1.588848433615541438e-14 -2.566698211898667664e-14 -2.369096142255484855e-16 -8.938475334242688896e-15 -8.006247864364485641e-15 -2.575888078872112004e-15 -6.986161398516210670e-15 8.068717954105746947e-16 -2.050816722008844414e-15 -3.653969870246338300e-16 -7.431243922337090873e-16 -9.884452317860325521e-16 -2.372359886573253878e-15 -6.705287511195480684e-17 -1.041005771562114889e-15 -9.357919541037094625e-16 -2.302645034389110613e-15 -1.688150026041672114e-15 7.073791169863935003e-16 3.598946067765521069e-16 -4.588690177445982345e-16 1.814583688116210729e-16 1.383952056609755638e-15 2.478767731916652605e-15 4.488927599441560427e-15
