1.043999807427564792e-12 1.099979459696007233e-13 1.336656439830493592e-14 -1.994746545075449931e-13 6.783036470311490916e-15 -1.084950021288488726e-14 6.131430167974477638e-14 4.418549247678055412e-14 6.072225824655597950e-15 -2.122265422194996187e-14 2.496369494534558564e-14 -1.058329807795283354e-14 1.145489479692228617e-14 -1.322215211164891504e-14 -1.542665355658441537e-14 -8.220031424402016729e-15 1.901766952712334232e-16 -6.236154121179866146e-16 9.757532816675657019e-16 4.910149569761493035e-15 1.101023433781206967e-14 5.121437569972844740e-16 -6.698187263562893221e-15 -5.628315381232014523e-15 2.622335140759485713e-15 3.195522639900236730e-16
1.099979459696007233e-13 3.154429332528893562e-13 1.711894720232944135e-13 1.024831324113321321e-13 5.405197107466305226e-14 4.155675864183880152e-14 -1.230520218982658831e-15 2.058997081949486024e-14 1.514027879247293476e-14 -4.149684573205062163e-15 3.328593730799683955e-14 1.093481384800944202e-14 -2.847701338100781736e-14 -5.913045851846849506e-14 -9.385354439431606922e-15 -2.494808598729525728e-14 -9.367669181512475495e-15 8.922396644951584257e-15 -6.422856612817639403e-15 -1.414518316960567787e-14 -5.459823694368339120e-15 -9.073543067569524833e-15 -5.592781133670220650e-16 -6.168465391109341041e-15 7.742078641878582336e-15 6.261665600834040395e-15
1.336656439830493592e-14 1.711894720232944135e-13 2.846598942708782773e-13 1.111721074310272755e-13 -7.906986404686888663e-15 2.603762199770644775e-14 2.412336616360097536e-14 -1.543388741438229833e-14 5.107060464921020545e-15 6.842067043462686117e-15 1.354345045970348328e-14 2.738566067264885691e-15 -1.127077179860151251e-14 -3.201824288830428794e-14 8.763678000700853228e-15 -7.518010583770628077e-15 8.336980622393795185e-15 1.557608387178260611e-14 -6.595384839642203471e-16 4.874582499502475646e-15 -8.020837793463956268e-16 2.524378744126847374e-15 1.674283837851039909e-15 -2.389927733244650950e-15 5.805243246702947806e-15 2.288349919055851642e-15
-1.994746545075449931e-13 1.024831324113321321e-13 1.111721074310272755e-13 2.680065041141748649e-13 5.377897781788998962e-14 7.344585038380070465e-14 -3.440202933812583170e-14 2.408422757019250191e-14 2.510254825102106877e-14 -1.022482818226169386e-14 2.934434945858994007e-14 -1.133605100199668258e-14 -1.550001235381601638e-14 -3.756497972560370118e-14 -2.632527848870580935e-15 -1.415309743711373390e-14 -7.290676054212103373e-15 2.016094158015761628e-15 -9.197299092241104870e-15 -7.921678589033730617e-15 -4.306897791051358549e-15 -6.196799936221089675e-15 3.904004141392023537e-15 1.504742213894670255e-15 4.940970384717080784e-15 1.070879450970133508e-15
6.783036470311490916e-15 5.405197107466305226e-14 -7.906986404686888663e-15 5.377897781788998962e-14 2.438520089381581786e-13 3.300661401501149941e-14 -3.013718336398747153e-14 4.656470736959468540e-14 -3.274012448822223252e-15 -4.107787491997621205e-14 1.836646166373734012e-14 -1.790313104303694024e-14 -1.170591037475658283e-14 -7.002699205687886829e-15 -2.107454887510977577e-14 -2.046872418408451298e-14 -8.713196844893200302e-15 -3.697929260316259716e-15 -4.642374978080900634e-15 -1.921427171735046729e-14 -9.088196346741600869e-15 -1.200095126790372684e-14 1.511220945480430844e-15 -4.883136315585288029e-15 8.657191468715434578e-16 1.164241569097726608e-15
-1.084950021288488726e-14 4.155675864183880152e-14 2.603762199770644775e-14 7.344585038380070465e-14 3.300661401501149941e-14 1.095135583607193292e-13 -3.672127657238426939e-16 3.158208585339952148e-14 1.800319073144354016e-14 -2.417391717408712255e-14 5.827927934025589934e-15 -1.983510922781600063e-15 -1.978192331014645399e-15 -2.186039172585160286e-14 7.058634073938456835e-15 -3.989265908295774269e-15 -3.665549137288894838e-15 -4.376754127799818834e-15 -3.878851189297758479e-15 -2.577323868162898291e-15 2.122188849759186884e-15 -5.988208466141936718e-15 -2.552041308236269730e-16 1.852460515303441694e-15 1.374170672168030844e-15 -1.916771012115106086e-15
6.131430167974477638e-14 -1.230520218982658831e-15 2.412336616360097536e-14 -3.440202933812583170e-14 -3.013718336398747153e-14 -3.672127657238426939e-16 6.889712888246946399e-14 2.199352326419889152e-14 1.892987224233895885e-14 1.936813588221363043e-14 7.317731435412742702e-15 8.619090747083126910e-15 7.313867988615057088e-15 -1.248311907001238449e-14 7.208346032499235593e-15 1.508155653013871321e-15 -3.067356467015127094e-15 8.760272978386097195e-16 -2.295661899609305560e-15 3.152472835152050582e-15 -1.380621191023736668e-15 5.474686217822864314e-15 9.071513490731366676e-16 1.277350706268449495e-15 3.353692796459557310e-15 -1.123541648542081716e-15
4.418549247678055412e-14 2.058997081949486024e-14 -1.543388741438229833e-14 2.408422757019250191e-14 4.656470736959468540e-14 3.158208585339952148e-14 2.199352326419889152e-14 7.975725350525429150e-14 4.035305702610634661e-14 2.152993987710029065e-15 1.866026231089415609e-14 5.034363036487555275e-15 -4.652828255240288445e-15 -1.766001218089686069e-14 -2.716572214200626615e-15 -2.523125061088770184e-15 -9.406632415862935665e-15 -9.775100517930695303e-15 -7.893302489579789807e-15 -4.157843865196583178e-15 -1.760844417702435539e-15 -4.426315660390038372e-17 1.032808780386807627e-15 1.991763944450106289e-15 1.421333433606160618e-15 -5.251733875948191024e-16
6.072225824655597950e-15 1.514027879247293476e-14 5.107060464921020545e-15 2.510254825102106877e-14 -3.274012448822223252e-15 1.800319073144354016e-14 1.892987224233895885e-14 4.035305702610634661e-14 4.316810377890264203e-14 1.006977973350076448e-14 1.373584329598121652e-14 5.284610324216831159e-15 -4.270279377016575146e-15 -1.716594186150458444e-14 2.838341041394846200e-15 5.244841342442253409e-16 -6.579399641614147903e-15 -6.874275316358810747e-15 -4.656461674402749101e-15 1.640572296676671132e-15 1.483403179306718837e-16 1.860148918650230849e-15 1.360977696288816591e-15 2.675381338533287341e-15 5.725367739626343211e-16 -1.106613933165341983e-15
-2.122265422194996187e-14 -4.149684573205062163e-15 6.842067043462686117e-15 -1.022482818226169386e-14 -4.107787491997621205e-14 -2.417391717408712255e-14 1.936813588221363043e-14 2.152993987710029065e-15 1.006977973350076448e-14 4.283247115576632452e-14 1.044142211365959554e-14 5.156000183206591914e-15 -1.402592781742753505e-16 -2.523745918755791209e-15 1.089388601698803473e-15 2.942433697990936239e-15 -8.711254401410663255e-16 2.107333915261500639e-15 -2.139091851312353220e-15 6.145016185120457194e-15 1.694527502976343799e-15 6.338748520887231244e-15 -4.859839051728726032e-16 5.300978753494142662e-16 1.888336191535306859e-15 1.470495207632249777e-15
2.496369494534558564e-14 3.328593730799683955e-14 1.354345045970348328e-14 2.934434945858994007e-14 1.836646166373734012e-14 5.827927934025589934e-15 7.317731435412742702e-15 1.866026231089415609e-14 1.373584329598121652e-14 1.044142211365959554e-14 1.914046266635370003e-14 2.789228344275714526e-15 -3.791449631137254003e-15 -1.284574018523063564e-14 -3.693765253755635162e-15 -3.832838925493181217e-15 -5.479964705736149168e-15 -7.988169019653046522e-16 -3.829101019002747734e-15 -5.856494146246220840e-16 -1.814781798936810742e-16 1.831210715262258681e-16 8.362680749317384165e-16 1.915785072480898636e-16 2.389681000996980584e-15 7.504998607830479794e-16
-1.058329807795283354e-14 1.093481384800944202e-14 2.738566067264885691e-15 -1.133605100199668258e-14 -1.790313104303694024e-14 -1.983510922781600063e-15 8.619090747083126910e-15 5.034363036487555275e-15 5.284610324216831159e-15 5.156000183206591914e-15 2.789228344275714526e-15 1.600635849463280054e-14 -1.470574300862758403e-15 -2.338856716268925863e-15 2.857336000555214437e-15 1.916109054719738292e-15 -2.647856036324959655e-15 -2.671306705567173454e-15 -1.755160986007264864e-15 7.199233936548709940e-17 -8.764792911340374713e-16 7.429948846472452442e-16 -6.626779629343093920e-17 8.690970019728231986e-16 6.394538290740540692e-16 2.238391973186596638e-16
1.145489479692228617e-14 -2.847701338100781736e-14 -1.127077179860151251e-14 -1.550001235381601638e-14 -1.170591037475658283e-14 -1.978192331014645399e-15 7.313867988615057088e-15 -4.652828255240288445e-15 -4.270279377016575146e-15 -1.402592781742753505e-16 -3.791449631137254003e-15 -1.470574300862758403e-15 8.737048966660761683e-15 5.263088851278662576e-15 2.892381165583442770e-15 3.040220100758654148e-15 2.791395865764323302e-15 2.878711542342735362e-15 1.751301817930945786e-15 2.294279156233737468e-15 1.205974415485133625e-15 1.911176987776807126e-15 2.144354828829682440e-16 7.178191233032220756e-16 4.519056389362332370e-17 -7.146080346985666326e-16
-1.322215211164891504e-14 -5.913045851846849506e-14 -3.201824288830428794e-14 -3.756497972560370118e-14 -7.002699205687886829e-15 -2.186039172585160286e-14 -1.248311907001238449e-14 -1.766001218089686069e-14 -1.716594186150458444e-14 -2.523745918755791209e-15 -1.284574018523063564e-14 -2.338856716268925863e-15 5.263088851278662576e-15 2.486529081471038278e-14 7.190135240886555994e-16 4.882285416307652851e-15 3.908113720923918266e-15 1.199776482278609377e-16 3.789563759378255437e-15 2.448072932558431542e-15 2.229693341489818979e-15 1.366779529529067573e-15 -7.853326743862469822e-16 -5.300816630409903796e-16 -2.456486170985816700e-15 -3.218374803831691473e-16
-1.542665355658441537e-14 -9.385354439431606922e-15 8.763678000700853228e-15 -2.632527848870580935e-15 -2.107454887510977577e-14 7.058634073938456835e-15 7.208346032499235593e-15 -2.716572214200626615e-15 2.838341041394846200e-15 1.089388601698803473e-15 -3.693765253755635162e-15 2.857336000555214437e-15 2.892381165583442770e-15 7.190135240886555994e-16 7.082895247686433515e-15 4.395638740079019409e-15 2.959770877189520728e-15 1.131359101104382461e-15 4.679349886226306978e-16 2.360631046248123173e-15 8.946940087672062569e-16 1.323599957432469620e-15 -2.910905468389418218e-17 9.611001635145498175e-16 5.951638436850800900e-17 -5.869334282625904843e-16
-8.220031424402016729e-15 -2.494808598729525728e-14 -7.518010583770628077e-15 -1.415309743711373390e-14 -2.046872418408451298e-14 -3.989265908295774269e-15 1.508155653013871321e-15 -2.523125061088770184e-15 5.244841342442253409e-16 2.942433697990936239e-15 -3.832838925493181217e-15 1.916109054719738292e-15 3.040220100758654148e-15 4.882285416307652851e-15 4.395638740079019409e-15 7.944135145334164470e-15 4.484282370576072712e-15 5.342700941342472296e-16 6.363690939248206387e-16 3.609632797170638082e-15 1.559957571878200363e-15 1.562003819049556166e-15 2.654715617268290314e-17 1.340851140000413637e-15 -6.318790970811354579e-16 -7.287693544472158033e-16
1.901766952712334232e-16 -9.367669181512475495e-15 8.336980622393795185e-15 -7.290676054212103373e-15 -8.713196844893200302e-15 -3.665549137288894838e-15 -3.067356467015127094e-15 -9.406632415862935665e-15 -6.579399641614147903e-15 -8.711254401410663255e-16 -5.479964705736149168e-15 -2.647856036324959655e-15 2.791395865764323302e-15 3.908113720923918266e-15 2.959770877189520728e-15 4.484282370576072712e-15 8.448670001845040820e-15 5.638402692768851865e-15 1.906653889697526293e-15 2.428472084796952938e-15 3.676017390733938413e-17 6.406789622858808444e-16 -8.355038329790381693e-17 -2.373846418430823685e-16 -3.720097134330491054e-16 -3.048681069767588734e-16
-6.236154121179866146e-16 8.922396644951584257e-15 1.557608387178260611e-14 2.016094158015761628e-15 -3.697929260316259716e-15 -4.376754127799818834e-15 8.760272978386097195e-16 -9.775100517930695303e-15 -6.874275316358810747e-15 2.107333915261500639e-15 -7.988169019653046522e-16 -2.671306705567173454e-15 2.878711542342735362e-15 1.199776482278609377e-16 1.131359101104382461e-15 5.342700941342472296e-16 5.638402692768851865e-15 9.817757470809025049e-15 2.400738957383149808e-15 1.789844457859686550e-15 2.418224798623403394e-17 7.906199536366982993e-16 6.145366065726207822e-16 -6.787623110320227309e-16 9.900559103140140762e-16 4.187436700781894339e-16
9.757532816675657019e-16 -6.422856612817639403e-15 -6.595384839642203471e-16 -9.197299092241104870e-15 -4.642374978080900634e-15 -3.878851189297758479e-15 -2.295661899609305560e-15 -7.893302489579789807e-15 -4.656461674402749101e-15 -2.139091851312353220e-15 -3.829101019002747734e-15 -1.755160986007264864e-15 1.751301817930945786e-15 3.789563759378255437e-15 4.679349886226306978e-16 6.363690939248206387e-16 1.906653889697526293e-15 2.400738957383149808e-15 3.698528483506521480e-15 1.825266497469745622e-15 1.460692491426228786e-15 6.818796067950679000e-16 4.631292057799454473e-17 -3.046299527378842015e-16 -4.066154179064504005e-16 -1.411844100266477000e-16
4.910149569761493035e-15 -1.414518316960567787e-14 4.874582499502475646e-15 -7.921678589033730617e-15 -1.921427171735046729e-14 -2.577323868162898291e-15 3.152472835152050582e-15 -4.157843865196583178e-15 1.640572296676671132e-15 6.145016185120457194e-15 -5.856494146246220840e-16 7.199233936548709940e-17 2.294279156233737468e-15 2.448072932558431542e-15 2.360631046248123173e-15 3.609632797170638082e-15 2.428472084796952938e-15 1.789844457859686550e-15 1.825266497469745622e-15 6.619245414829103998e-15 4.084011733705324990e-15 2.770367151931649985e-15 3.466290766976593773e-16 6.986604931241132287e-16 -5.465246943069946649e-16 -3.498120703504230389e-16
1.101023433781206967e-14 -5.459823694368339120e-15 -8.020837793463956268e-16 -4.306897791051358549e-15 -9.088196346741600869e-15 2.122188849759186884e-15 -1.380621191023736668e-15 -1.760844417702435539e-15 1.483403179306718837e-16 1.694527502976343799e-15 -1.814781798936810742e-16 -8.764792911340374713e-16 1.205974415485133625e-15 2.229693341489818979e-15 8.946940087672062569e-16 1.559957571878200363e-15 3.676017390733938413e-17 2.418224798623403394e-17 1.460692491426228786e-15 4.084011733705324990e-15 7.300705082001323116e-15 3.453432290013099205e-15 2.998537199911937011e-16 2.178013489091861776e-16 -1.073819410380201838e-15 -7.081305632867602213e-17
5.121437569972844740e-16 -9.073543067569524833e-15 2.524378744126847374e-15 -6.196799936221089675e-15 -1.200095126790372684e-14 -5.988208466141936718e-15 5.474686217822864314e-15 -4.426315660390038372e-17 1.860148918650230849e-15 6.338748520887231244e-15 1.831210715262258681e-16 7.429948846472452442e-16 1.911176987776807126e-15 1.366779529529067573e-15 1.323599957432469620e-15 1.562003819049556166e-15 6.406789622858808444e-16 7.906199536366982993e-16 6.818796067950679000e-16 2.770367151931649985e-15 3.453432290013099205e-15 5.543397913515198598e-15 1.503183173758915236e-15 3.157533355758718571e-16 -3.919062663819789182e-16 -2.658982923849362094e-16
-6.698187263562893221e-15 -5.592781133670220650e-16 1.674283837851039909e-15 3.904004141392023537e-15 1.511220945480430844e-15 -2.552041308236269730e-16 9.071513490731366676e-16 1.032808780386807627e-15 1.360977696288816591e-15 -4.859839051728726032e-16 8.362680749317384165e-16 -6.626779629343093920e-17 2.144354828829682440e-16 -7.853326743862469822e-16 -2.910905468389418218e-17 2.654715617268290314e-17 -8.355038329790381693e-17 6.145366065726207822e-16 4.631292057799454473e-17 3.466290766976593773e-16 2.998537199911937011e-16 1.503183173758915236e-15 2.707544183453995771e-15 5.472161718409616819e-16 2.600112228233521478e-16 -1.428351532841092557e-16
-5.628315381232014523e-15 -6.168465391109341041e-15 -2.389927733244650950e-15 1.504742213894670255e-15 -4.883136315585288029e-15 1.852460515303441694e-15 1.277350706268449495e-15 1.991763944450106289e-15 2.675381338533287341e-15 5.300978753494142662e-16 1.915785072480898636e-16 8.690970019728231986e-16 7.178191233032220756e-16 -5.300816630409903796e-16 9.611001635145498175e-16 1.340851140000413637e-15 -2.373846418430823685e-16 -6.787623110320227309e-16 -3.046299527378842015e-16 6.986604931241132287e-16 2.178013489091861776e-16 3.157533355758718571e-16 5.472161718409616819e-16 2.148588030106632727e-15 4.422038762662430495e-16 -3.592325596515290810e-16
2.622335140759485713e-15 7.742078641878582336e-15 5.805243246702947806e-15 4.940970384717080784e-15 8.657191468715434578e-16 1.374170672168030844e-15 3.353692796459557310e-15 1.421333433606160618e-15 5.725367739626343211e-16 1.888336191535306859e-15 2.389681000996980584e-15 6.394538290740540692e-16 4.519056389362332370e-17 -2.456486170985816700e-15 5.951638436850800900e-17 -6.318790970811354579e-16 -3.720097134330491054e-16 9.900559103140140762e-16 -4.066154179064504005e-16 -5.465246943069946649e-16 -1.073819410380201838e-15 -3.919062663819789182e-16 2.600112228233521478e-16 4.422038762662430495e-16 1.983910064177475160e-15 4.661005971789540349e-16
3.195522639900236730e-16 6.261665600834040395e-15 2.288349919055851642e-15 1.070879450970133508e-15 1.164241569097726608e-15 -1.916771012115106086e-15 -1.123541648542081716e-15 -5.251733875948191024e-16 -1.106613933165341983e-15 1.470495207632249777e-15 7.504998607830479794e-16 2.238391973186596638e-16 -7.146080346985666326e-16 -3.218374803831691473e-16 -5.869334282625904843e-16 -7.287693544472158033e-16 -3.048681069767588734e-16 4.187436700781894339e-16 -1.411844100266477000e-16 -3.498120703504230389e-16 -7.081305632867602213e-17 -2.658982923849362094e-16 -1.428351532841092557e-16 -3.592325596515290810e-16 4.661005971789540349e-16 1.727340331528031581e-15
