1.043999807427566811e-12 1.099979459696002941e-13 1.336656439830528776e-14 -1.994746545075456999e-13 6.783036470311157227e-15 -1.084950021288491408e-14 6.131430167974510455e-14 4.418549247678078762e-14 6.072225824655711546e-15 -2.122265422194993347e-14 2.496369494534516281e-14 -1.058329807795229870e-14 1.145489479692214260e-14 -1.322215211164904441e-14 -1.542665355658427022e-14 -8.220031424402064061e-15 1.901766952716476738e-16 -6.236154121181421188e-16 9.757532816679905035e-16 4.910149569761749415e-15 1.101023433781159162e-14 5.121437569975216253e-16 -6.698187263562318931e-15 -5.628315381232000323e-15 2.622335140759707778e-15 3.195522639903279268e-16
1.099979459696002941e-13 3.154429332528892048e-13 1.711894720232941358e-13 1.024831324113318292e-13 5.405197107466272409e-14 4.155675864183905395e-14 -1.230520218982611105e-15 2.058997081949475296e-14 1.514027879247326608e-14 -4.149684573204602257e-15 3.328593730799699101e-14 1.093481384800969919e-14 -2.847701338100771007e-14 -5.913045851846862128e-14 -9.385354439431449150e-15 -2.494808598729518155e-14 -9.367669181512461296e-15 8.922396644951510104e-15 -6.422856612817567616e-15 -1.414518316960538914e-14 -5.459823694368319398e-15 -9.073543067570040748e-15 -5.592781133671773720e-16 -6.168465391109162758e-15 7.742078641878672266e-15 6.261665600833767449e-15
1.336656439830528776e-14 1.711894720232941358e-13 2.846598942708774190e-13 1.111721074310268338e-13 -7.906986404686801888e-15 2.603762199770684218e-14 2.412336616360053044e-14 -1.543388741438243717e-14 5.107060464921108898e-15 6.842067043462951963e-15 1.354345045970346120e-14 2.738566067264988638e-15 -1.127077179860093980e-14 -3.201824288830435105e-14 8.763678000701141951e-15 -7.518010583770432439e-15 8.336980622393755742e-15 1.557608387178261557e-14 -6.595384839642737924e-16 4.874582499502534810e-15 -8.020837793463351803e-16 2.524378744126812270e-15 1.674283837851115048e-15 -2.389927733244415870e-15 5.805243246702852354e-15 2.288349919055198860e-15
-1.994746545075456999e-13 1.024831324113318292e-13 1.111721074310268338e-13 2.680065041141749154e-13 5.377897781789077217e-14 7.344585038380076775e-14 -3.440202933812615356e-14 2.408422757019229680e-14 2.510254825102115712e-14 -1.022482818226161971e-14 2.934434945858972550e-14 -1.133605100199673464e-14 -1.550001235381570715e-14 -3.756497972560366331e-14 -2.632527848870594346e-15 -1.415309743711376861e-14 -7.290676054212070241e-15 2.016094158015817243e-15 -9.197299092241065427e-15 -7.921678589033541290e-15 -4.306897791051410613e-15 -6.196799936221401275e-15 3.904004141391539176e-15 1.504742213895022875e-15 4.940970384717177814e-15 1.070879450969651317e-15
6.783036470311157227e-15 5.405197107466272409e-14 -7.906986404686801888e-15 5.377897781789077217e-14 2.438520089381585320e-13 3.300661401501134164e-14 -3.013718336398732007e-14 4.656470736959442034e-14 -3.274012448821933345e-15 -4.107787491997624992e-14 1.836646166373764935e-14 -1.790313104303670358e-14 -1.170591037475671694e-14 -7.002699205688144786e-15 -2.107454887511006292e-14 -2.046872418408477804e-14 -8.713196844893258678e-15 -3.697929260316284959e-15 -4.642374978080704208e-15 -1.921427171735010757e-14 -9.088196346741400499e-15 -1.200095126790423487e-14 1.511220945480226135e-15 -4.883136315585318795e-15 8.657191468718556495e-16 1.164241569097843162e-15
-1.084950021288491408e-14 4.155675864183905395e-14 2.603762199770684218e-14 7.344585038380076775e-14 3.300661401501134164e-14 1.095135583607194807e-13 -3.672127657240368030e-16 3.158208585339954042e-14 1.800319073144362852e-14 -2.417391717408679754e-14 5.827927934025374575e-15 -1.983510922781752708e-15 -1.978192331014509714e-15 -2.186039172585151451e-14 7.058634073938422914e-15 -3.989265908295856310e-15 -3.665549137288702356e-15 -4.376754127799885887e-15 -3.878851189297726136e-15 -2.577323868162870286e-15 2.122188849759170712e-15 -5.988208466141944607e-15 -2.552041308236526110e-16 1.852460515303546218e-15 1.374170672167911726e-15 -1.916771012114949103e-15
6.131430167974510455e-14 -1.230520218982611105e-15 2.412336616360053044e-14 -3.440202933812615356e-14 -3.013718336398732007e-14 -3.672127657240368030e-16 6.889712888246964070e-14 2.199352326419909977e-14 1.892987224233871903e-14 1.936813588221348843e-14 7.317731435412745858e-15 8.619090747082828721e-15 7.313867988615123352e-15 -1.248311907001242236e-14 7.208346032499137774e-15 1.508155653013822411e-15 -3.067356467015183497e-15 8.760272978385953228e-16 -2.295661899609289388e-15 3.152472835151910559e-15 -1.380621191023846912e-15 5.474686217822874569e-15 9.071513490732449387e-16 1.277350706268505109e-15 3.353692796459497751e-15 -1.123541648542198664e-15
4.418549247678078762e-14 2.058997081949475296e-14 -1.543388741438243717e-14 2.408422757019229680e-14 4.656470736959442034e-14 3.158208585339954042e-14 2.199352326419909977e-14 7.975725350525431674e-14 4.035305702610625195e-14 2.152993987709857883e-15 1.866026231089423182e-14 5.034363036487395925e-15 -4.652828255240378376e-15 -1.766001218089682282e-14 -2.716572214200715362e-15 -2.523125061088908629e-15 -9.406632415862848890e-15 -9.775100517930696881e-15 -7.893302489579662012e-15 -4.157843865196547679e-15 -1.760844417702364936e-15 -4.426315660389378317e-17 1.032808780386896768e-15 1.991763944450156381e-15 1.421333433606164365e-15 -5.251733875946212955e-16
6.072225824655711546e-15 1.514027879247326608e-14 5.107060464921108898e-15 2.510254825102115712e-14 -3.274012448821933345e-15 1.800319073144362852e-14 1.892987224233871903e-14 4.035305702610625195e-14 4.316810377890244639e-14 1.006977973350071715e-14 1.373584329598133485e-14 5.284610324216568468e-15 -4.270279377016681642e-15 -1.716594186150455604e-14 2.838341041394759426e-15 5.244841342441446799e-16 -6.579399641614080061e-15 -6.874275316358847035e-15 -4.656461674402723068e-15 1.640572296676612559e-15 1.483403179307147780e-16 1.860148918650235976e-15 1.360977696288717392e-15 2.675381338533354789e-15 5.725367739625893560e-16 -1.106613933165344350e-15
-2.122265422194993347e-14 -4.149684573204602257e-15 6.842067043462951963e-15 -1.022482818226161971e-14 -4.107787491997624992e-14 -2.417391717408679754e-14 1.936813588221348843e-14 2.152993987709857883e-15 1.006977973350071715e-14 4.283247115576585752e-14 1.044142211365950403e-14 5.156000183206664489e-15 -1.402592781743736376e-16 -2.523745918755756499e-15 1.089388601699004238e-15 2.942433697990945311e-15 -8.711254401410321087e-16 2.107333915261583469e-15 -2.139091851312426979e-15 6.145016185120331765e-15 1.694527502976280295e-15 6.338748520887271476e-15 -4.859839051728577135e-16 5.300978753496236101e-16 1.888336191535408622e-15 1.470495207632109754e-15
2.496369494534516281e-14 3.328593730799699101e-14 1.354345045970346120e-14 2.934434945858972550e-14 1.836646166373764935e-14 5.827927934025374575e-15 7.317731435412745858e-15 1.866026231089423182e-14 1.373584329598133485e-14 1.044142211365950403e-14 1.914046266635363693e-14 2.789228344275768169e-15 -3.791449631137343145e-15 -1.284574018523066088e-14 -3.693765253755654884e-15 -3.832838925493247482e-15 -5.479964705736163368e-15 -7.988169019653501103e-16 -3.829101019002714601e-15 -5.856494146246095609e-16 -1.814781798937245355e-16 1.831210715261562511e-16 8.362680749317024248e-16 1.915785072481812975e-16 2.389681000997048426e-15 7.504998607829981826e-16
-1.058329807795229870e-14 1.093481384800969919e-14 2.738566067264988638e-15 -1.133605100199673464e-14 -1.790313104303670358e-14 -1.983510922781752708e-15 8.619090747082828721e-15 5.034363036487395925e-15 5.284610324216568468e-15 5.156000183206664489e-15 2.789228344275768169e-15 1.600635849463255441e-14 -1.470574300862791141e-15 -2.338856716268792940e-15 2.857336000555126874e-15 1.916109054719741447e-15 -2.647856036324893391e-15 -2.671306705567119023e-15 -1.755160986007251256e-15 7.199233936545095971e-17 -8.764792911340512764e-16 7.429948846472268046e-16 -6.626779629333533912e-17 8.690970019727193648e-16 6.394538290740791156e-16 2.238391973187682307e-16
1.145489479692214260e-14 -2.847701338100771007e-14 -1.127077179860093980e-14 -1.550001235381570715e-14 -1.170591037475671694e-14 -1.978192331014509714e-15 7.313867988615123352e-15 -4.652828255240378376e-15 -4.270279377016681642e-15 -1.402592781743736376e-16 -3.791449631137343145e-15 -1.470574300862791141e-15 8.737048966660774304e-15 5.263088851278584479e-15 2.892381165583471169e-15 3.040220100758652570e-15 2.791395865764355251e-15 2.878711542342771255e-15 1.751301817930952491e-15 2.294279156233712619e-15 1.205974415485093393e-15 1.911176987776842231e-15 2.144354828830215414e-16 7.178191233031833228e-16 4.519056389358378205e-17 -7.146080346985948344e-16
-1.322215211164904441e-14 -5.913045851846862128e-14 -3.201824288830435105e-14 -3.756497972560366331e-14 -7.002699205688144786e-15 -2.186039172585151451e-14 -1.248311907001242236e-14 -1.766001218089682282e-14 -1.716594186150455604e-14 -2.523745918755756499e-15 -1.284574018523066088e-14 -2.338856716268792940e-15 5.263088851278584479e-15 2.486529081471045536e-14 7.190135240887062837e-16 4.882285416307702550e-15 3.908113720923881979e-15 1.199776482278779722e-16 3.789563759378189961e-15 2.448072932558402355e-15 2.229693341489887610e-15 1.366779529529177422e-15 -7.853326743861402888e-16 -5.300816630410948051e-16 -2.456486170985785146e-15 -3.218374803830343507e-16
-1.542665355658427022e-14 -9.385354439431449150e-15 8.763678000701141951e-15 -2.632527848870594346e-15 -2.107454887511006292e-14 7.058634073938422914e-15 7.208346032499137774e-15 -2.716572214200715362e-15 2.838341041394759426e-15 1.089388601699004238e-15 -3.693765253755654884e-15 2.857336000555126874e-15 2.892381165583471169e-15 7.190135240887062837e-16 7.082895247686438248e-15 4.395638740079039130e-15 2.959770877189529800e-15 1.131359101104365698e-15 4.679349886226127512e-16 2.360631046248104240e-15 8.946940087672565468e-16 1.323599957432560339e-15 -2.910905468388770489e-17 9.611001635145160937e-16 5.951638436846113341e-17 -5.869334282625920620e-16
-8.220031424402064061e-15 -2.494808598729518155e-14 -7.518010583770432439e-15 -1.415309743711376861e-14 -2.046872418408477804e-14 -3.989265908295856310e-15 1.508155653013822411e-15 -2.523125061088908629e-15 5.244841342441446799e-16 2.942433697990945311e-15 -3.832838925493247482e-15 1.916109054719741447e-15 3.040220100758652570e-15 4.882285416307702550e-15 4.395638740079039130e-15 7.944135145334178669e-15 4.484282370576113732e-15 5.342700941342929836e-16 6.363690939248216248e-16 3.609632797170590750e-15 1.559957571878220873e-15 1.562003819049666606e-15 2.654715617274760823e-17 1.340851140000360191e-15 -6.318790970811946224e-16 -7.287693544472066328e-16
1.901766952716476738e-16 -9.367669181512461296e-15 8.336980622393755742e-15 -7.290676054212070241e-15 -8.713196844893258678e-15 -3.665549137288702356e-15 -3.067356467015183497e-15 -9.406632415862848890e-15 -6.579399641614080061e-15 -8.711254401410321087e-16 -5.479964705736163368e-15 -2.647856036324893391e-15 2.791395865764355251e-15 3.908113720923881979e-15 2.959770877189529800e-15 4.484282370576113732e-15 8.448670001845029776e-15 5.638402692768830566e-15 1.906653889697505388e-15 2.428472084796953332e-15 3.676017390738141563e-17 6.406789622859315287e-16 -8.355038329785950514e-17 -2.373846418431123452e-16 -3.720097134331160106e-16 -3.048681069767926465e-16
-6.236154121181421188e-16 8.922396644951510104e-15 1.557608387178261557e-14 2.016094158015817243e-15 -3.697929260316284959e-15 -4.376754127799885887e-15 8.760272978385953228e-16 -9.775100517930696881e-15 -6.874275316358847035e-15 2.107333915261583469e-15 -7.988169019653501103e-16 -2.671306705567119023e-15 2.878711542342771255e-15 1.199776482278779722e-16 1.131359101104365698e-15 5.342700941342929836e-16 5.638402692768830566e-15 9.817757470809085002e-15 2.400738957383163614e-15 1.789844457859726387e-15 2.418224798623590132e-17 7.906199536366541231e-16 6.145366065726303471e-16 -6.787623110319942333e-16 9.900559103139811413e-16 4.187436700781329810e-16
9.757532816679905035e-16 -6.422856612817567616e-15 -6.595384839642737924e-16 -9.197299092241065427e-15 -4.642374978080704208e-15 -3.878851189297726136e-15 -2.295661899609289388e-15 -7.893302489579662012e-15 -4.656461674402723068e-15 -2.139091851312426979e-15 -3.829101019002714601e-15 -1.755160986007251256e-15 1.751301817930952491e-15 3.789563759378189961e-15 4.679349886226127512e-16 6.363690939248216248e-16 1.906653889697505388e-15 2.400738957383163614e-15 3.698528483506497814e-15 1.825266497469693163e-15 1.460692491426197626e-15 6.818796067950731262e-16 4.631292057801850638e-17 -3.046299527378917449e-16 -4.066154179064624799e-16 -1.411844100266136557e-16
4.910149569761749415e-15 -1.414518316960538914e-14 4.874582499502534810e-15 -7.921678589033541290e-15 -1.921427171735010757e-14 -2.577323868162870286e-15 3.152472835151910559e-15 -4.157843865196547679e-15 1.640572296676612559e-15 6.145016185120331765e-15 -5.856494146246095609e-16 7.199233936545095971e-17 2.294279156233712619e-15 2.448072932558402355e-15 2.360631046248104240e-15 3.609632797170590750e-15 2.428472084796953332e-15 1.789844457859726387e-15 1.825266497469693163e-15 6.619245414828998291e-15 4.084011733705278447e-15 2.770367151931725716e-15 3.466290766977530053e-16 6.986604931240913378e-16 -5.465246943070294734e-16 -3.498120703504329490e-16
1.101023433781159162e-14 -5.459823694368319398e-15 -8.020837793463351803e-16 -4.306897791051410613e-15 -9.088196346741400499e-15 2.122188849759170712e-15 -1.380621191023846912e-15 -1.760844417702364936e-15 1.483403179307147780e-16 1.694527502976280295e-15 -1.814781798937245355e-16 -8.764792911340512764e-16 1.205974415485093393e-15 2.229693341489887610e-15 8.946940087672565468e-16 1.559957571878220873e-15 3.676017390738141563e-17 2.418224798623590132e-17 1.460692491426197626e-15 4.084011733705278447e-15 7.300705082001319960e-15 3.453432290013184797e-15 2.998537199912812647e-16 2.178013489092102378e-16 -1.073819410380189808e-15 -7.081305632862501734e-17
5.121437569975216253e-16 -9.073543067570040748e-15 2.524378744126812270e-15 -6.196799936221401275e-15 -1.200095126790423487e-14 -5.988208466141944607e-15 5.474686217822874569e-15 -4.426315660389378317e-17 1.860148918650235976e-15 6.338748520887271476e-15 1.831210715261562511e-16 7.429948846472268046e-16 1.911176987776842231e-15 1.366779529529177422e-15 1.323599957432560339e-15 1.562003819049666606e-15 6.406789622859315287e-16 7.906199536366541231e-16 6.818796067950731262e-16 2.770367151931725716e-15 3.453432290013184797e-15 5.543397913515319294e-15 1.503183173758956454e-15 3.157533355759561666e-16 -3.919062663819908004e-16 -2.658982923850051855e-16
-6.698187263562318931e-15 -5.592781133671773720e-16 1.674283837851115048e-15 3.904004141391539176e-15 1.511220945480226135e-15 -2.552041308236526110e-16 9.071513490732449387e-16 1.032808780386896768e-15 1.360977696288717392e-15 -4.859839051728577135e-16 8.362680749317024248e-16 -6.626779629333533912e-17 2.144354828830215414e-16 -7.853326743861402888e-16 -2.910905468388770489e-17 2.654715617274760823e-17 -8.355038329785950514e-17 6.145366065726303471e-16 4.631292057801850638e-17 3.466290766977530053e-16 2.998537199912812647e-16 1.503183173758956454e-15 2.707544183453994982e-15 5.472161718409389035e-16 2.600112228233279890e-16 -1.428351532841843454e-16
-5.628315381232000323e-15 -6.168465391109162758e-15 -2.389927733244415870e-15 1.504742213895022875e-15 -4.883136315585318795e-15 1.852460515303546218e-15 1.277350706268505109e-15 1.991763944450156381e-15 2.675381338533354789e-15 5.300978753496236101e-16 1.915785072481812975e-16 8.690970019727193648e-16 7.178191233031833228e-16 -5.300816630410948051e-16 9.611001635145160937e-16 1.340851140000360191e-15 -2.373846418431123452e-16 -6.787623110319942333e-16 -3.046299527378917449e-16 6.986604931240913378e-16 2.178013489092102378e-16 3.157533355759561666e-16 5.472161718409389035e-16 2.148588030106661520e-15 4.422038762662995024e-16 -3.592325596515101976e-16
2.622335140759707778e-15 7.742078641878672266e-15 5.805243246702852354e-15 4.940970384717177814e-15 8.657191468718556495e-16 1.374170672167911726e-15 3.353692796459497751e-15 1.421333433606164365e-15 5.725367739625893560e-16 1.888336191535408622e-15 2.389681000997048426e-15 6.394538290740791156e-16 4.519056389358378205e-17 -2.456486170985785146e-15 5.951638436846113341e-17 -6.318790970811946224e-16 -3.720097134331160106e-16 9.900559103139811413e-16 -4.066154179064624799e-16 -5.465246943070294734e-16 -1.073819410380189808e-15 -3.919062663819908004e-16 2.600112228233279890e-16 4.422038762662995024e-16 1.983910064177509081e-15 4.661005971789102531e-16
3.195522639903279268e-16 6.261665600833767449e-15 2.288349919055198860e-15 1.070879450969651317e-15 1.164241569097843162e-15 -1.916771012114949103e-15 -1.123541648542198664e-15 -5.251733875946212955e-16 -1.106613933165344350e-15 1.470495207632109754e-15 7.504998607829981826e-16 2.238391973187682307e-16 -7.146080346985948344e-16 -3.218374803830343507e-16 -5.869334282625920620e-16 -7.287693544472066328e-16 -3.048681069767926465e-16 4.187436700781329810e-16 -1.411844100266136557e-16 -3.498120703504329490e-16 -7.081305632862501734e-17 -2.658982923850051855e-16 -1.428351532841843454e-16 -3.592325596515101976e-16 4.661005971789102531e-16 1.727340331528000223e-15
