5.278412365567120960e-13 8.146909029489668390e-14 -8.980448881104862749e-14 1.926882107667016171e-14 -7.563637971942113570e-14 5.073549068601835027e-14 1.847040789985904780e-14 2.642324006889148298e-15 3.879537559144656000e-14 -8.540284346589934178e-15 -6.052116344429571610e-15 -1.204156120145352331e-14 -2.416461360676809501e-15 1.078463126065006088e-14 2.984108792594889819e-15 -6.603128918862180430e-16 1.783545520447233704e-14 -7.146844122526058871e-15 -1.628517394926717859e-14 -1.284240590162154728e-14 -1.382673192948509096e-14 -1.168771993357128745e-14 -5.451965418320075102e-15 1.510487261171556970e-15 -6.931829715445818156e-15 1.412879698311877943e-15
8.146909029489668390e-14 6.319764104690140596e-13 -1.975648318693850125e-13 -1.511927691201778193e-14 1.816400833263140746e-14 9.269670214905387900e-14 3.090052960546772007e-14 -7.472220654809742765e-16 3.390094604103273834e-14 -6.644428099894743987e-15 -1.232260355976492384e-14 -3.823567219107435394e-14 -1.951139462079139321e-14 2.334540009814228724e-14 2.490489375981081144e-15 1.417102223881204496e-14 1.927982165084804744e-14 7.959031182589251192e-16 -1.908134860511787967e-14 -6.173821498785903950e-15 -2.257705367782850302e-14 -9.499356367257341717e-15 4.040079487053143095e-15 5.735054870441471695e-15 6.572978745626672677e-15 1.547684229132276792e-14
-8.980448881104862749e-14 -1.975648318693850125e-13 3.071945035505388364e-13 -4.789952032328486820e-14 4.173470056031730689e-14 -1.226117643538214634e-13 -1.294325256673139839e-14 3.827970904697310514e-15 -2.619971415288384585e-14 -5.162978735122975095e-15 1.014972739664552976e-14 6.600606187664145625e-14 5.797152224657192934e-15 -2.392693416821509502e-14 -9.680555792534974973e-15 -4.442519040579879454e-15 -1.504750391462003583e-14 3.881459799506426892e-15 2.410561046598005708e-14 1.099543979072747440e-14 1.408553083788305368e-14 1.354890906135219326e-14 3.360288857125064917e-17 3.018625238219549195e-15 -4.247470370180619470e-15 -9.743227783969028180e-15
1.926882107667016171e-14 -1.511927691201778193e-14 -4.789952032328486820e-14 1.060097081241580320e-13 -1.284461851979190197e-14 2.707264334566083258e-15 -7.524474935087929465e-16 -1.232523165277835056e-14 -3.690887909100500455e-15 5.909349720431397776e-15 -6.025694268984326125e-15 -1.722039964451008898e-15 5.199774055205764648e-15 1.068820318196445912e-14 1.448366465379002849e-14 1.846925913622620227e-15 2.644648095719840742e-15 -7.203936940770081112e-15 -1.369310067503362664e-15 2.506710113346387049e-15 -4.101420856216964022e-15 1.497815902792394547e-15 2.475828765779806819e-15 3.075576626222185741e-15 2.580270500550819294e-15 3.004629118835376084e-15
-7.563637971942113570e-14 1.816400833263140746e-14 4.173470056031730689e-14 -1.284461851979190197e-14 1.063587317446947497e-13 -2.769465285334967692e-14 1.159836119203781229e-15 7.577181336109423558e-15 -2.886247628226473629e-14 -1.224342242971785997e-14 -3.198832204170074104e-15 1.070244352253813292e-14 -1.539348331192832671e-14 -1.692221631562348544e-14 -1.864620354944301539e-14 -5.381491960921698227e-15 -4.392709392307904532e-15 9.434646540115645641e-15 1.255952897347441655e-14 7.186881879498229441e-15 8.531263263290774991e-15 8.754765569298328020e-15 2.294910496376139017e-15 -2.011042733760736926e-15 3.077928983992421185e-15 -2.344229969562316538e-15
5.073549068601835027e-14 9.269670214905387900e-14 -1.226117643538214634e-13 2.707264334566083258e-15 -2.769465285334967692e-14 1.523600387505599031e-13 9.285321235987151895e-15 -6.203763898692922702e-15 5.256894938445789096e-14 1.779110177210803946e-14 2.509269409652265494e-14 -2.374825889484246297e-14 2.561603413010071692e-14 -3.277353405721525785e-15 -1.178051185346482566e-15 -2.261360728844832318e-15 1.325651134640936694e-15 -7.670642496676875200e-16 -2.214242633949374006e-14 -1.196374206933613750e-14 -1.286731903797409908e-14 -8.826437557924564891e-15 -5.573126998310728966e-15 -4.858613807863333539e-15 -2.356754719020440475e-15 4.249016878994776968e-15
1.847040789985904780e-14 3.090052960546772007e-14 -1.294325256673139839e-14 -7.524474935087929465e-16 1.159836119203781229e-15 9.285321235987151895e-15 2.199700672765407780e-14 4.162313295173099534e-15 1.501887527732642976e-14 5.134003103492745986e-15 1.945652770137178835e-15 1.175267696603885995e-16 -3.492441421728038613e-15 1.203596297163791772e-15 3.380284991678903934e-15 -9.407108424700695345e-16 -2.482746791353778151e-15 -3.612980998397961263e-16 -1.126365369477779055e-15 7.277294277590392402e-16 -2.314378149534570378e-15 -1.214823815092865288e-15 -1.049978199452707121e-15 2.935920747905434029e-16 9.698394872963280373e-16 6.703320953142354503e-16
2.642324006889148298e-15 -7.472220654809742765e-16 3.827970904697310514e-15 -1.232523165277835056e-14 7.577181336109423558e-15 -6.203763898692922702e-15 4.162313295173099534e-15 3.032400161862651685e-14 -3.813012373153756124e-16 1.232986678345401673e-15 -6.789676408597295830e-15 6.105915845120611690e-16 -3.285501579001576176e-15 -2.431733913318538897e-15 -7.804183396548591461e-15 1.680614174826924653e-15 2.757623985404099622e-15 5.371193731605023237e-15 1.178713438961805357e-15 -2.286979100508406361e-15 1.811575859284735972e-15 -2.790549276959722662e-15 -1.684905586314754441e-15 -1.506363123034289690e-15 2.517151814851605756e-16 3.038562933206647183e-16
3.879537559144656000e-14 3.390094604103273834e-14 -2.619971415288384585e-14 -3.690887909100500455e-15 -2.886247628226473629e-14 5.256894938445789096e-14 1.501887527732642976e-14 -3.813012373153756124e-16 5.644659746605777558e-14 2.317099859526278366e-14 1.457330234803173992e-14 -1.713714178552554654e-15 1.576033793939506320e-14 7.165929233928511736e-15 1.288895574351228749e-14 6.495953971540623507e-15 3.808451633568758902e-15 -7.650838903377841154e-16 -1.108547832491767204e-14 -2.320457633885357561e-15 -8.318808945367888607e-15 -4.455004521557804638e-15 -3.114475005150773197e-15 -1.474040517206843798e-15 -1.825189721018887651e-15 1.796800726951608941e-15
-8.540284346589934178e-15 -6.644428099894743987e-15 -5.162978735122975095e-15 5.909349720431397776e-15 -1.224342242971785997e-14 1.779110177210803946e-14 5.134003103492745986e-15 1.232986678345401673e-15 2.317099859526278366e-14 3.161482578989453973e-14 1.355430298105752921e-14 1.033241157028977850e-15 1.315231241498780154e-14 1.148727592909380699e-14 1.604371479247844838e-14 5.026523187976324565e-15 4.389048694545766036e-15 1.231626263491999037e-15 -4.563863310511712934e-15 5.053520163875199024e-16 -3.426140225458435425e-16 -4.284417215992664913e-16 3.620770874039143657e-16 6.903076333355738971e-16 -1.822773642690160019e-15 2.398234601124497438e-16
-6.052116344429571610e-15 -1.232260355976492384e-14 1.014972739664552976e-14 -6.025694268984326125e-15 -3.198832204170074104e-15 2.509269409652265494e-14 1.945652770137178835e-15 -6.789676408597295830e-15 1.457330234803173992e-14 1.355430298105752921e-14 2.607592818139078269e-14 1.295310306555788404e-14 1.498046581426423121e-14 -6.924997951335899941e-16 5.617110936420275534e-15 2.944646027489042485e-15 -3.985986024154360670e-15 -1.641777434754987785e-15 -3.327149082945453784e-15 -6.562534246276933870e-16 -1.294895178909164598e-15 1.463579174182425308e-15 7.669127362591346121e-17 8.663160414548391459e-18 -2.282221522857959400e-15 -1.544793840795744211e-15
-1.204156120145352331e-14 -3.823567219107435394e-14 6.600606187664145625e-14 -1.722039964451008898e-15 1.070244352253813292e-14 -2.374825889484246297e-14 1.175267696603885995e-16 6.105915845120611690e-16 -1.713714178552554654e-15 1.033241157028977850e-15 1.295310306555788404e-14 4.490900295781653804e-14 6.600258045239215803e-15 -4.984386490912204400e-15 7.637332537292927693e-15 1.012849546798667357e-14 -3.719311896593427772e-15 -1.900109891514126256e-15 2.636701891937618777e-15 1.689479981612700885e-15 -1.655555661262866142e-15 5.011693155251702851e-15 6.347437151439048518e-16 2.266859449688468198e-15 -3.467022629476467727e-15 -5.000413034731312971e-15
-2.416461360676809501e-15 -1.951139462079139321e-14 5.797152224657192934e-15 5.199774055205764648e-15 -1.539348331192832671e-14 2.561603413010071692e-14 -3.492441421728038613e-15 -3.285501579001576176e-15 1.576033793939506320e-14 1.315231241498780154e-14 1.498046581426423121e-14 6.600258045239215803e-15 2.148994767862272940e-14 2.311899091765468856e-15 7.441328611244404432e-15 5.723167888052946781e-15 7.001839190484535472e-16 -2.581279344889838363e-16 -3.847119629031632367e-15 -1.155278392005769377e-15 -2.548569737510480375e-15 5.882790247223883539e-16 -2.853464045240210499e-16 -2.445834013816978643e-16 -1.237915797071855185e-15 1.989955753743454497e-16
1.078463126065006088e-14 2.334540009814228724e-14 -2.392693416821509502e-14 1.068820318196445912e-14 -1.692221631562348544e-14 -3.277353405721525785e-15 1.203596297163791772e-15 -2.431733913318538897e-15 7.165929233928511736e-15 1.148727592909380699e-14 -6.924997951335899941e-16 -4.984386490912204400e-15 2.311899091765468856e-15 2.130738681992632975e-14 1.795325270405702319e-14 6.872711450230978614e-15 5.812518054639191969e-15 -1.347460156287762949e-15 -1.232977257461469342e-15 2.361780334404617319e-15 -8.085514401664665435e-16 -3.653279627598689597e-16 1.602449421657645788e-15 1.960756956972176413e-15 -2.949840691669525498e-16 1.012319051797001302e-15
2.984108792594889819e-15 2.490489375981081144e-15 -9.680555792534974973e-15 1.448366465379002849e-14 -1.864620354944301539e-14 -1.178051185346482566e-15 3.380284991678903934e-15 -7.804183396548591461e-15 1.288895574351228749e-14 1.604371479247844838e-14 5.617110936420275534e-15 7.637332537292927693e-15 7.441328611244404432e-15 1.795325270405702319e-14 2.955098263093076666e-14 1.387345919217583040e-14 4.492552674616852145e-15 -1.054880683249021034e-15 -1.985105507174695502e-15 3.410616501945945544e-15 -2.076267757877421154e-15 1.110968064861326476e-15 1.517313354909190854e-15 2.702982581204827579e-15 -9.747194163111995301e-16 -6.928483704592977995e-16
-6.603128918862180430e-16 1.417102223881204496e-14 -4.442519040579879454e-15 1.846925913622620227e-15 -5.381491960921698227e-15 -2.261360728844832318e-15 -9.407108424700695345e-16 1.680614174826924653e-15 6.495953971540623507e-15 5.026523187976324565e-15 2.944646027489042485e-15 1.012849546798667357e-14 5.723167888052946781e-15 6.872711450230978614e-15 1.387345919217583040e-14 1.475028442245028040e-14 5.100284653160411147e-15 2.059160075246907254e-15 -2.408753176559773611e-16 1.752859545109530312e-15 -1.670060717903371435e-15 1.356221997793827231e-15 1.191718997233279175e-15 1.486574107800653493e-15 -5.671655052629214479e-17 -2.500821154976040192e-16
1.783545520447233704e-14 1.927982165084804744e-14 -1.504750391462003583e-14 2.644648095719840742e-15 -4.392709392307904532e-15 1.325651134640936694e-15 -2.482746791353778151e-15 2.757623985404099622e-15 3.808451633568758902e-15 4.389048694545766036e-15 -3.985986024154360670e-15 -3.719311896593427772e-15 7.001839190484535472e-16 5.812518054639191969e-15 4.492552674616852145e-15 5.100284653160411147e-15 1.181376613886406651e-14 2.806835769672399123e-15 1.607212284987998933e-16 6.238161344803955183e-16 -1.956647744822039158e-16 1.907639765393647227e-16 5.942866081701201404e-16 2.464702220033020130e-16 4.275750645231600975e-16 1.348816952993109903e-15
-7.146844122526058871e-15 7.959031182589251192e-16 3.881459799506426892e-15 -7.203936940770081112e-15 9.434646540115645641e-15 -7.670642496676875200e-16 -3.612980998397961263e-16 5.371193731605023237e-15 -7.650838903377841154e-16 1.231626263491999037e-15 -1.641777434754987785e-15 -1.900109891514126256e-15 -2.581279344889838363e-16 -1.347460156287762949e-15 -1.054880683249021034e-15 2.059160075246907254e-15 2.806835769672399123e-15 9.005361474502832043e-15 5.326002609073528315e-15 3.278235764884839492e-15 3.675084355425128736e-15 1.226630544964156799e-15 3.670488788776383091e-16 -5.052007139552857415e-16 2.812995042278323735e-16 2.227850503985835303e-16
-1.628517394926717859e-14 -1.908134860511787967e-14 2.410561046598005708e-14 -1.369310067503362664e-15 1.255952897347441655e-14 -2.214242633949374006e-14 -1.126365369477779055e-15 1.178713438961805357e-15 -1.108547832491767204e-14 -4.563863310511712934e-15 -3.327149082945453784e-15 2.636701891937618777e-15 -3.847119629031632367e-15 -1.232977257461469342e-15 -1.985105507174695502e-15 -2.408753176559773611e-16 1.607212284987998933e-16 5.326002609073528315e-15 1.197989726283608371e-14 5.511726216452057077e-15 5.977179058219540148e-15 3.795610653704045935e-15 9.955026677422842477e-16 5.284878037240505545e-16 1.142122144830257562e-15 -8.467967585287787908e-17
-1.284240590162154728e-14 -6.173821498785903950e-15 1.099543979072747440e-14 2.506710113346387049e-15 7.186881879498229441e-15 -1.196374206933613750e-14 7.277294277590392402e-16 -2.286979100508406361e-15 -2.320457633885357561e-15 5.053520163875199024e-16 -6.562534246276933870e-16 1.689479981612700885e-15 -1.155278392005769377e-15 2.361780334404617319e-15 3.410616501945945544e-15 1.752859545109530312e-15 6.238161344803955183e-16 3.278235764884839492e-15 5.511726216452057077e-15 7.995619666902664274e-15 5.167062810652831582e-15 3.071392366752436719e-15 1.848402758439055008e-15 9.100163960462543879e-16 4.722805659117497078e-16 -2.407398342372772349e-16
-1.382673192948509096e-14 -2.257705367782850302e-14 1.408553083788305368e-14 -4.101420856216964022e-15 8.531263263290774991e-15 -1.286731903797409908e-14 -2.314378149534570378e-15 1.811575859284735972e-15 -8.318808945367888607e-15 -3.426140225458435425e-16 -1.294895178909164598e-15 -1.655555661262866142e-15 -2.548569737510480375e-15 -8.085514401664665435e-16 -2.076267757877421154e-15 -1.670060717903371435e-15 -1.956647744822039158e-16 3.675084355425128736e-15 5.977179058219540148e-15 5.167062810652831582e-15 9.653238433735938885e-15 4.482599695695578856e-15 2.390356725525835207e-15 2.373244096898850456e-16 6.601765993356056983e-17 -6.979799259820730249e-16
-1.168771993357128745e-14 -9.499356367257341717e-15 1.354890906135219326e-14 1.497815902792394547e-15 8.754765569298328020e-15 -8.826437557924564891e-15 -1.214823815092865288e-15 -2.790549276959722662e-15 -4.455004521557804638e-15 -4.284417215992664913e-16 1.463579174182425308e-15 5.011693155251702851e-15 5.882790247223883539e-16 -3.653279627598689597e-16 1.110968064861326476e-15 1.356221997793827231e-15 1.907639765393647227e-16 1.226630544964156799e-15 3.795610653704045935e-15 3.071392366752436719e-15 4.482599695695578856e-15 8.978760460500493491e-15 4.375210305051246275e-15 5.449550803226856069e-16 1.569863165407650929e-16 -6.929237813591386460e-16
-5.451965418320075102e-15 4.040079487053143095e-15 3.360288857125064917e-17 2.475828765779806819e-15 2.294910496376139017e-15 -5.573126998310728966e-15 -1.049978199452707121e-15 -1.684905586314754441e-15 -3.114475005150773197e-15 3.620770874039143657e-16 7.669127362591346121e-17 6.347437151439048518e-16 -2.853464045240210499e-16 1.602449421657645788e-15 1.517313354909190854e-15 1.191718997233279175e-15 5.942866081701201404e-16 3.670488788776383091e-16 9.955026677422842477e-16 1.848402758439055008e-15 2.390356725525835207e-15 4.375210305051246275e-15 5.605200691296865557e-15 2.240086636506446151e-15 4.199462317136117183e-16 1.512331038731477717e-16
1.510487261171556970e-15 5.735054870441471695e-15 3.018625238219549195e-15 3.075576626222185741e-15 -2.011042733760736926e-15 -4.858613807863333539e-15 2.935920747905434029e-16 -1.506363123034289690e-15 -1.474040517206843798e-15 6.903076333355738971e-16 8.663160414548391459e-18 2.266859449688468198e-15 -2.445834013816978643e-16 1.960756956972176413e-15 2.702982581204827579e-15 1.486574107800653493e-15 2.464702220033020130e-16 -5.052007139552857415e-16 5.284878037240505545e-16 9.100163960462543879e-16 2.373244096898850456e-16 5.449550803226856069e-16 2.240086636506446151e-15 4.431656587017950111e-15 1.082224862890711145e-15 4.762735804557919909e-16
-6.931829715445818156e-15 6.572978745626672677e-15 -4.247470370180619470e-15 2.580270500550819294e-15 3.077928983992421185e-15 -2.356754719020440475e-15 9.698394872963280373e-16 2.517151814851605756e-16 -1.825189721018887651e-15 -1.822773642690160019e-15 -2.282221522857959400e-15 -3.467022629476467727e-15 -1.237915797071855185e-15 -2.949840691669525498e-16 -9.747194163111995301e-16 -5.671655052629214479e-17 4.275750645231600975e-16 2.812995042278323735e-16 1.142122144830257562e-15 4.722805659117497078e-16 6.601765993356056983e-17 1.569863165407650929e-16 4.199462317136117183e-16 1.082224862890711145e-15 4.164243967534894940e-15 2.210628691609420243e-15
1.412879698311877943e-15 1.547684229132276792e-14 -9.743227783969028180e-15 3.004629118835376084e-15 -2.344229969562316538e-15 4.249016878994776968e-15 6.703320953142354503e-16 3.038562933206647183e-16 1.796800726951608941e-15 2.398234601124497438e-16 -1.544793840795744211e-15 -5.000413034731312971e-15 1.989955753743454497e-16 1.012319051797001302e-15 -6.928483704592977995e-16 -2.500821154976040192e-16 1.348816952993109903e-15 2.227850503985835303e-16 -8.467967585287787908e-17 -2.407398342372772349e-16 -6.979799259820730249e-16 -6.929237813591386460e-16 1.512331038731477717e-16 4.762735804557919909e-16 2.210628691609420243e-15 4.431492303934629277e-15
