2.242582129613474191e-11 1.446931066383548335e-11 1.117340410312133936e-11 1.025333431883256070e-11 7.904605957549213237e-12 7.139547675223577547e-12 6.121914215683777911e-12 4.603414796558130567e-12 3.976413081826027877e-12 4.021320505915317154e-12 2.849232496783206272e-12 1.909071992163677008e-12 1.659386375228702099e-12 1.548487301460834541e-12 1.399943533026369567e-12 1.245387441327602128e-12 1.223769420441086361e-12 1.158652190570165426e-12 1.182347043560024942e-12 1.004140229676769454e-12
1.446931066383548335e-11 1.904164238843596758e-11 1.354264887403410751e-11 1.158285392965437316e-11 9.321299782398057573e-12 7.351355756615483436e-12 6.021958114573540292e-12 4.711117285534705170e-12 3.951497117641416449e-12 3.904857228774621426e-12 2.993209597290516687e-12 2.283719192440721347e-12 2.339542085515292746e-12 1.772773989713939224e-12 1.743284964510676803e-12 1.423758767603815326e-12 8.333793793322691687e-13 7.507185530026145580e-13 6.250350040294002994e-13 1.859899942855115936e-13
1.117340410312133936e-11 1.354264887403410751e-11 1.566613975323727996e-11 1.202341870311539658e-11 9.216373993449324613e-12 7.114608231652811213e-12 5.852711677456939037e-12 4.614505724869004005e-12 3.192934810236533909e-12 2.897679754940785832e-12 2.551926545058532517e-12 2.658919891679716250e-12 3.260695904318900301e-12 2.579497880357128659e-12 1.882923230844298874e-12 1.822036736898078191e-12 1.065929774673239782e-12 9.971135155278768480e-13 9.151178074350414306e-13 7.354494847761595413e-13
1.025333431883256070e-11 1.158285392965437316e-11 1.202341870311539658e-11 1.388117416308457626e-11 1.048199443690760013e-11 7.907519363975038172e-12 5.791486620820886912e-12 4.452312025706497865e-12 3.529104000454594578e-12 3.019485329198396213e-12 2.471891281950418429e-12 2.824879006789521695e-12 3.177660717689325671e-12 2.397905021853609507e-12 1.614481994175788133e-12 1.888269585370203546e-12 1.011901889845640707e-12 1.079406479778507416e-12 6.248371426459274006e-13 5.953376131952329868e-14
7.904605957549213237e-12 9.321299782398057573e-12 9.216373993449324613e-12 1.048199443690760013e-11 1.089332332297520784e-11 8.632138951830761339e-12 6.803083178559763226e-12 5.234391148995880418e-12 3.718151132021006558e-12 2.625488848379249951e-12 2.143206173473055211e-12 2.216762089355662504e-12 2.317519234680462762e-12 1.663428169741138336e-12 1.590289516283655796e-12 1.977534460046664806e-12 1.443053645510004749e-12 1.552453046830516985e-12 9.617409388674953880e-13 6.402592811854615645e-13
7.139547675223577547e-12 7.351355756615483436e-12 7.114608231652811213e-12 7.907519363975038172e-12 8.632138951830761339e-12 1.040030778759544694e-11 8.162882613785418015e-12 5.870602458684735098e-12 4.323412470387065622e-12 3.039933585565243938e-12 2.185028879009361986e-12 1.763430526992235010e-12 1.706004920156762412e-12 1.104390189182787491e-12 1.568978755021657928e-12 1.594919192763513987e-12 1.203387043453896901e-12 9.760470047891121546e-13 9.018252002195060487e-13 7.636224290432592562e-13
6.121914215683777911e-12 6.021958114573540292e-12 5.852711677456939037e-12 5.791486620820886912e-12 6.803083178559763226e-12 8.162882613785418015e-12 9.143258047999750095e-12 7.102606685923837505e-12 4.818069134619230218e-12 3.632027142961330129e-12 2.770182147023515214e-12 2.096858036545620670e-12 1.578562078964313448e-12 1.158256758745125593e-12 1.564987879237121580e-12 1.688977602502742952e-12 1.495778254758263490e-12 1.183556952618556868e-12 8.878316338330903717e-13 8.383496504283283557e-13
4.603414796558130567e-12 4.711117285534705170e-12 4.614505724869004005e-12 4.452312025706497865e-12 5.234391148995880418e-12 5.870602458684735098e-12 7.102606685923837505e-12 8.272966673076049119e-12 5.987351586998764128e-12 4.273468229119672623e-12 3.392179129447162576e-12 2.582795025446806996e-12 1.889684388688905917e-12 1.570665166766291492e-12 1.858937709802207428e-12 1.845557004220441435e-12 1.605712436047521760e-12 1.136752319352688826e-12 8.481381215460552365e-13 4.243614561712030735e-13
3.976413081826027877e-12 3.951497117641416449e-12 3.192934810236533909e-12 3.529104000454594578e-12 3.718151132021006558e-12 4.323412470387065622e-12 4.818069134619230218e-12 5.987351586998764128e-12 6.800631943338682001e-12 5.274079652885827452e-12 4.008931466521558268e-12 2.894594467068803916e-12 2.163191571227163689e-12 1.786640895370533718e-12 1.597295039248253931e-12 1.390892864754505781e-12 1.065793117663772944e-12 3.873067066865059048e-13 -1.875706179796773576e-13 -6.690092877998815341e-13
4.021320505915317154e-12 3.904857228774621426e-12 2.897679754940785832e-12 3.019485329198396213e-12 2.625488848379249951e-12 3.039933585565243938e-12 3.632027142961330129e-12 4.273468229119672623e-12 5.274079652885827452e-12 6.625400562542074274e-12 5.086174544043126398e-12 3.368577421769081701e-12 2.541040493383466423e-12 2.162289337031741547e-12 1.830021721531925827e-12 1.790286143229369002e-12 1.469409895499055468e-12 7.717908294566649208e-13 1.282505312204132858e-13 -3.512115372340097382e-13
2.849232496783206272e-12 2.993209597290516687e-12 2.551926545058532517e-12 2.471891281950418429e-12 2.143206173473055211e-12 2.185028879009361986e-12 2.770182147023515214e-12 3.392179129447162576e-12 4.008931466521558268e-12 5.086174544043126398e-12 6.495731560485131333e-12 4.607602241673757840e-12 3.105823839751482615e-12 2.929751703943788228e-12 2.485231282686637065e-12 2.207055074598695096e-12 2.150149999046219639e-12 1.105489189953560175e-12 5.370650578460003879e-13 3.430515566567875001e-13
1.909071992163677008e-12 2.283719192440721347e-12 2.658919891679716250e-12 2.824879006789521695e-12 2.216762089355662504e-12 1.763430526992235010e-12 2.096858036545620670e-12 2.582795025446806996e-12 2.894594467068803916e-12 3.368577421769081701e-12 4.607602241673757840e-12 5.456960676962827488e-12 3.936774289127515061e-12 3.141424838177197301e-12 2.467580030721791956e-12 2.073336019946165419e-12 1.709963971167694627e-12 7.805993516257209590e-13 2.062376421079884649e-13 -1.843144752254438326e-13
1.659386375228702099e-12 2.339542085515292746e-12 3.260695904318900301e-12 3.177660717689325671e-12 2.317519234680462762e-12 1.706004920156762412e-12 1.578562078964313448e-12 1.889684388688905917e-12 2.163191571227163689e-12 2.541040493383466423e-12 3.105823839751482615e-12 3.936774289127515061e-12 5.039933573595389115e-12 4.018848309202248821e-12 3.242633916888828201e-12 2.702995443604768500e-12 1.854498896267806712e-12 1.031833425356162459e-12 5.324297059889813162e-13 -1.069054439301284648e-13
1.548487301460834541e-12 1.772773989713939224e-12 2.579497880357128659e-12 2.397905021853609507e-12 1.663428169741138336e-12 1.104390189182787491e-12 1.158256758745125593e-12 1.570665166766291492e-12 1.786640895370533718e-12 2.162289337031741547e-12 2.929751703943788228e-12 3.141424838177197301e-12 4.018848309202248821e-12 5.075987932181840649e-12 3.923657012097010527e-12 3.196866096575702545e-12 2.406824152591041093e-12 1.310621331442951070e-12 7.219544471791316634e-13 2.375938215092068243e-13
1.399943533026369567e-12 1.743284964510676803e-12 1.882923230844298874e-12 1.614481994175788133e-12 1.590289516283655796e-12 1.568978755021657928e-12 1.564987879237121580e-12 1.858937709802207428e-12 1.597295039248253931e-12 1.830021721531925827e-12 2.485231282686637065e-12 2.467580030721791956e-12 3.242633916888828201e-12 3.923657012097010527e-12 4.720009649634113134e-12 3.941553727219774749e-12 3.142840691148126165e-12 2.147505345017337172e-12 1.554699607538491732e-12 9.326712989800625217e-13
1.245387441327602128e-12 1.423758767603815326e-12 1.822036736898078191e-12 1.888269585370203546e-12 1.977534460046664806e-12 1.594919192763513987e-12 1.688977602502742952e-12 1.845557004220441435e-12 1.390892864754505781e-12 1.790286143229369002e-12 2.207055074598695096e-12 2.073336019946165419e-12 2.702995443604768500e-12 3.196866096575702545e-12 3.941553727219774749e-12 4.850094966236369196e-12 4.159917761785688980e-12 3.058289369248051310e-12 2.000300194997846564e-12 1.176214863909662452e-12
1.223769420441086361e-12 8.333793793322691687e-13 1.065929774673239782e-12 1.011901889845640707e-12 1.443053645510004749e-12 1.203387043453896901e-12 1.495778254758263490e-12 1.605712436047521760e-12 1.065793117663772944e-12 1.469409895499055468e-12 2.150149999046219639e-12 1.709963971167694627e-12 1.854498896267806712e-12 2.406824152591041093e-12 3.142840691148126165e-12 4.159917761785688980e-12 5.321419713476313839e-12 4.564199698337616686e-12 3.184074239308139074e-12 2.166486739524649884e-12
1.158652190570165426e-12 7.507185530026145580e-13 9.971135155278768480e-13 1.079406479778507416e-12 1.552453046830516985e-12 9.760470047891121546e-13 1.183556952618556868e-12 1.136752319352688826e-12 3.873067066865059048e-13 7.717908294566649208e-13 1.105489189953560175e-12 7.805993516257209590e-13 1.031833425356162459e-12 1.310621331442951070e-12 2.147505345017337172e-12 3.058289369248051310e-12 4.564199698337616686e-12 5.938086585348882328e-12 4.478437076571012658e-12 2.905741936590474934e-12
1.182347043560024942e-12 6.250350040294002994e-13 9.151178074350414306e-13 6.248371426459274006e-13 9.617409388674953880e-13 9.018252002195060487e-13 8.878316338330903717e-13 8.481381215460552365e-13 -1.875706179796773576e-13 1.282505312204132858e-13 5.370650578460003879e-13 2.062376421079884649e-13 5.324297059889813162e-13 7.219544471791316634e-13 1.554699607538491732e-12 2.000300194997846564e-12 3.184074239308139074e-12 4.478437076571012658e-12 5.219729235297718839e-12 4.069227055833238030e-12
1.004140229676769454e-12 1.859899942855115936e-13 7.354494847761595413e-13 5.953376131952329868e-14 6.402592811854615645e-13 7.636224290432592562e-13 8.383496504283283557e-13 4.243614561712030735e-13 -6.690092877998815341e-13 -3.512115372340097382e-13 3.430515566567875001e-13 -1.843144752254438326e-13 -1.069054439301284648e-13 2.375938215092068243e-13 9.326712989800625217e-13 1.176214863909662452e-12 2.166486739524649884e-12 2.905741936590474934e-12 4.069227055833238030e-12 4.874173266459286962e-12
