4.304566281713565847e-12 1.147390692002451424e-13 -3.606853943132944648e-13 4.903382591598176284e-14 -7.311933373086677530e-14 9.423712174951885173e-14 -8.497974642370854188e-14 1.050532454773572723e-13 7.116470712224905624e-14 -1.159447530736773354e-14 -4.101703022453365915e-15 -6.834522123921880293e-14 -1.229030643243786854e-13 -1.288024038585311003e-13 -8.492574824575195035e-14 -8.732172767062338972e-14 -8.261470505077667246e-14 -5.722535844262109661e-14 -6.494239006097609324e-14 -3.946528271753277610e-14
1.147390692002451424e-13 2.927213647709557171e-12 6.279377157098288684e-13 4.362847980803076034e-15 -7.179003857211140867e-14 -6.176859968465502202e-14 -2.167318208542588520e-14 7.788040172667353806e-14 -5.822961095314771653e-14 3.176074294331529575e-14 -3.201987192338822369e-14 1.272963159769990674e-13 1.137744876629219603e-13 9.578844703892986605e-14 2.064194879620199476e-14 -1.825160883046481597e-14 -5.551347717977346150e-14 -3.790387611730259193e-14 -3.362057802335424888e-14 3.006549839662804348e-14
-3.606853943132944648e-13 6.279377157098288684e-13 2.405995952756771375e-12 5.080906868670234642e-13 -1.707629882133316431e-14 -8.349448632176875817e-14 1.009779687043872457e-13 7.060926655119642065e-14 2.138927091389400478e-14 7.631827165896003720e-14 8.948485033893862091e-15 3.801321881993148729e-14 2.797690043544622529e-14 1.044558144691256597e-13 3.340225778252051369e-14 1.343075219979625574e-14 5.238031059178713209e-15 -1.809756300545277384e-14 -8.051920993177582917e-15 3.342231536909632746e-14
4.903382591598176284e-14 4.362847980803076034e-15 5.080906868670234642e-13 1.577348588557002862e-12 2.253112990884502915e-13 1.399930764203360831e-13 7.316655541436587720e-14 -1.005138879747470443e-15 7.652448134497737423e-14 -2.843360117434999220e-14 -3.914655569134278249e-14 2.240231981504043145e-14 -1.733490921489451119e-14 4.165110119126030635e-14 3.093446609536042606e-14 -4.617291793370979557e-15 3.819035279264794151e-14 7.634978905474377825e-16 -3.979923634344513710e-15 1.123408938396241875e-14
-7.311933373086677530e-14 -7.179003857211140867e-14 -1.707629882133316431e-14 2.253112990884502915e-13 8.714572532134857418e-13 1.795448288877249923e-13 2.369230803356568026e-14 -3.836542564580750079e-14 2.913457686159044216e-14 3.827120325825664752e-14 3.509374948023374072e-15 4.309729384576319249e-14 3.260709809520023066e-14 3.949958429263884190e-15 -5.608453197997675450e-15 -1.171626175081269128e-14 2.125802812595109249e-15 -1.071390785282308487e-14 3.863208870011890462e-14 4.406893724606219161e-14
9.423712174951885173e-14 -6.176859968465502202e-14 -8.349448632176875817e-14 1.399930764203360831e-13 1.795448288877249923e-13 7.203553288885889838e-13 1.391489590587915032e-13 7.042357134564109579e-14 1.684017183079001869e-14 -1.553940934699358396e-15 2.314572380240946307e-14 3.056948163775360301e-14 2.827720405391816849e-14 1.269729928476769307e-14 6.585744507675445799e-15 9.969733349843533955e-15 2.149060835663912699e-14 2.697167474911494604e-14 2.380735254935311526e-14 -6.029059789650283992e-16
-8.497974642370854188e-14 -2.167318208542588520e-14 1.009779687043872457e-13 7.316655541436587720e-14 2.369230803356568026e-14 1.391489590587915032e-13 4.906654556935801495e-13 9.132441139480967724e-14 4.564387517644943937e-14 4.496257923088739551e-14 2.045345039205878754e-14 3.230901190954667599e-14 -3.057117470198030837e-15 -1.202330059607837941e-14 8.380451112065987788e-15 1.691290670295019576e-15 2.004568597514715892e-14 2.771365212809236690e-14 1.863462144943357696e-14 2.051947132177132906e-15
1.050532454773572723e-13 7.788040172667353806e-14 7.060926655119642065e-14 -1.005138879747470443e-15 -3.836542564580750079e-14 7.042357134564109579e-14 9.132441139480967724e-14 3.937966705776948866e-13 1.207260316223305965e-13 3.742400163092041175e-14 3.047249976937125704e-14 1.696340916758525045e-14 -1.171093605649379575e-14 -7.809032442940459460e-15 -1.009781044354415544e-14 -2.679372050156224847e-14 -4.755670462493024637e-14 -2.730280929217116465e-14 -2.779679060845806180e-14 -1.496405009151760572e-14
7.116470712224905624e-14 -5.822961095314771653e-14 2.138927091389400478e-14 7.652448134497737423e-14 2.913457686159044216e-14 1.684017183079001869e-14 4.564387517644943937e-14 1.207260316223305965e-13 2.918156404889148248e-13 9.026753669514707454e-14 1.506750393384747548e-14 -1.375648098378599795e-14 -1.915794326725734526e-14 -9.943499817931304563e-15 -3.006137213379441940e-15 -8.517284352026900228e-15 -9.120686134457984923e-15 -1.353554998604309068e-14 -6.311986670643514120e-15 -3.370640588090452303e-15
-1.159447530736773354e-14 3.176074294331529575e-14 7.631827165896003720e-14 -2.843360117434999220e-14 3.827120325825664752e-14 -1.553940934699358396e-15 4.496257923088739551e-14 3.742400163092041175e-14 9.026753669514707454e-14 1.620024862512966377e-13 5.284989205198553353e-14 2.546342241372366987e-14 2.075130030093681268e-14 1.037416665651866702e-14 1.379752787121331420e-14 -7.795279131972542047e-15 -1.573109567103996121e-14 -1.731132493930955002e-14 -7.158817107708309731e-15 8.770162120938180559e-15
-4.101703022453365915e-15 -3.201987192338822369e-14 8.948485033893862091e-15 -3.914655569134278249e-14 3.509374948023374072e-15 2.314572380240946307e-14 2.045345039205878754e-14 3.047249976937125704e-14 1.506750393384747548e-14 5.284989205198553353e-14 1.347498781742295771e-13 5.442248825232546261e-14 3.755609042293492226e-14 1.565570739398626346e-14 1.924829881291387412e-14 9.958513846494150947e-15 -1.260184612522373768e-14 -2.692452612321195329e-15 -1.646405685711111615e-15 2.377589192515917431e-15
-6.834522123921880293e-14 1.272963159769990674e-13 3.801321881993148729e-14 2.240231981504043145e-14 4.309729384576319249e-14 3.056948163775360301e-14 3.230901190954667599e-14 1.696340916758525045e-14 -1.375648098378599795e-14 2.546342241372366987e-14 5.442248825232546261e-14 1.567616404629242416e-13 8.322077999755725370e-14 3.416777766214635843e-14 3.469287166593812101e-14 1.280927815318384270e-14 2.894099363843708538e-15 1.026899740556843926e-15 1.330576527900072437e-15 7.240656477696041248e-15
-1.229030643243786854e-13 1.137744876629219603e-13 2.797690043544622529e-14 -1.733490921489451119e-14 3.260709809520023066e-14 2.827720405391816849e-14 -3.057117470198030837e-15 -1.171093605649379575e-14 -1.915794326725734526e-14 2.075130030093681268e-14 3.755609042293492226e-14 8.322077999755725370e-14 1.151784973692532000e-13 5.745155454075483110e-14 4.242289941909831546e-14 1.705115018629421561e-14 1.085710744793937294e-14 3.657323330285016459e-15 1.048601004395903272e-14 2.419605153375218269e-15
-1.288024038585311003e-13 9.578844703892986605e-14 1.044558144691256597e-13 4.165110119126030635e-14 3.949958429263884190e-15 1.269729928476769307e-14 -1.202330059607837941e-14 -7.809032442940459460e-15 -9.943499817931304563e-15 1.037416665651866702e-14 1.565570739398626346e-14 3.416777766214635843e-14 5.745155454075483110e-14 9.581743238392949978e-14 5.744866577465079841e-14 3.420710325266534272e-14 2.906851056912014023e-14 1.449327289658365878e-14 8.548476970936568970e-15 5.916886762050498359e-15
-8.492574824575195035e-14 2.064194879620199476e-14 3.340225778252051369e-14 3.093446609536042606e-14 -5.608453197997675450e-15 6.585744507675445799e-15 8.380451112065987788e-15 -1.009781044354415544e-14 -3.006137213379441940e-15 1.379752787121331420e-14 1.924829881291387412e-14 3.469287166593812101e-14 4.242289941909831546e-14 5.744866577465079841e-14 9.239269978645201243e-14 5.672231105031353347e-14 3.763938100244420237e-14 1.572343088728248839e-14 6.149877919399651642e-15 -3.355628618068226283e-15
-8.732172767062338972e-14 -1.825160883046481597e-14 1.343075219979625574e-14 -4.617291793370979557e-15 -1.171626175081269128e-14 9.969733349843533955e-15 1.691290670295019576e-15 -2.679372050156224847e-14 -8.517284352026900228e-15 -7.795279131972542047e-15 9.958513846494150947e-15 1.280927815318384270e-14 1.705115018629421561e-14 3.420710325266534272e-14 5.672231105031353347e-14 8.860795614701209560e-14 6.469295131490554135e-14 4.087963504421595143e-14 2.827509127524214704e-14 2.035267130637390619e-14
-8.261470505077667246e-14 -5.551347717977346150e-14 5.238031059178713209e-15 3.819035279264794151e-14 2.125802812595109249e-15 2.149060835663912699e-14 2.004568597514715892e-14 -4.755670462493024637e-14 -9.120686134457984923e-15 -1.573109567103996121e-14 -1.260184612522373768e-14 2.894099363843708538e-15 1.085710744793937294e-14 2.906851056912014023e-14 3.763938100244420237e-14 6.469295131490554135e-14 9.324089795343883375e-14 6.491487332299634403e-14 4.865298042783568232e-14 2.964359372251245599e-14
-5.722535844262109661e-14 -3.790387611730259193e-14 -1.809756300545277384e-14 7.634978905474377825e-16 -1.071390785282308487e-14 2.697167474911494604e-14 2.771365212809236690e-14 -2.730280929217116465e-14 -1.353554998604309068e-14 -1.731132493930955002e-14 -2.692452612321195329e-15 1.026899740556843926e-15 3.657323330285016459e-15 1.449327289658365878e-14 1.572343088728248839e-14 4.087963504421595143e-14 6.491487332299634403e-14 9.363258944062080368e-14 7.652706046441242626e-14 5.555732274161840611e-14
-6.494239006097609324e-14 -3.362057802335424888e-14 -8.051920993177582917e-15 -3.979923634344513710e-15 3.863208870011890462e-14 2.380735254935311526e-14 1.863462144943357696e-14 -2.779679060845806180e-14 -6.311986670643514120e-15 -7.158817107708309731e-15 -1.646405685711111615e-15 1.330576527900072437e-15 1.048601004395903272e-14 8.548476970936568970e-15 6.149877919399651642e-15 2.827509127524214704e-14 4.865298042783568232e-14 7.652706046441242626e-14 1.146782313467170338e-13 1.039408452358894439e-13
-3.946528271753277610e-14 3.006549839662804348e-14 3.342231536909632746e-14 1.123408938396241875e-14 4.406893724606219161e-14 -6.029059789650283992e-16 2.051947132177132906e-15 -1.496405009151760572e-14 -3.370640588090452303e-15 8.770162120938180559e-15 2.377589192515917431e-15 7.240656477696041248e-15 2.419605153375218269e-15 5.916886762050498359e-15 -3.355628618068226283e-15 2.035267130637390619e-14 2.964359372251245599e-14 5.555732274161840611e-14 1.039408452358894439e-13 1.508571847258486424e-13
