1.788023329478418632e-11 1.137356683821505701e-11 8.175172138083927931e-12 7.594521077203834981e-12 5.610500921758142362e-12 4.939851585398619453e-12 4.176618359010043704e-12 2.923679330040525565e-12 2.663189010802852292e-12 2.717833356199354232e-12 1.800792032802007727e-12 9.806285639476294949e-13 7.540393190495384339e-13 6.955140168396821429e-13 4.562072618821073580e-13 3.927027105112421604e-13 5.482674025423326040e-13 5.925140452362189724e-13 5.294580658188427304e-13 4.328479213145619416e-13
1.137356683821505701e-11 1.562294418725455562e-11 1.061612643998346912e-11 9.147214754279194405e-12 7.201102457694655275e-12 5.517665087705554227e-12 4.436644779164542470e-12 3.298357054309164692e-12 2.905764767835509480e-12 2.840838975941584835e-12 2.082627067313414374e-12 1.530064756032622109e-12 1.539503930423808027e-12 1.033388712273646111e-12 9.078677515996056062e-13 6.548531850885005328e-13 2.087747568040602026e-13 1.855423480412946004e-13 3.625851581575646526e-14 -3.442023984085935704e-13
8.175172138083927931e-12 1.061612643998346912e-11 1.267132809449386175e-11 9.685413308455995491e-12 7.298926708321166345e-12 5.452232077759861123e-12 4.437644602023431899e-12 3.357065513173487978e-12 2.250823503441649624e-12 1.971867302443082598e-12 1.747736469215447386e-12 1.987246242397887351e-12 2.529578747625838865e-12 1.934809805011527255e-12 1.198857056139636941e-12 1.189759521843592984e-12 5.559928442010786552e-13 5.448878789122665232e-13 4.276013226796902980e-13 3.124671478054522736e-13
7.594521077203834981e-12 9.147214754279194405e-12 9.685413308455995491e-12 1.179792081527521877e-11 8.828416662119787876e-12 6.520246768993566888e-12 4.661273335194862806e-12 3.453801731125717804e-12 2.770986400607217244e-12 2.273942274074658739e-12 1.837447813339169441e-12 2.281686702490009794e-12 2.586072231757365427e-12 1.857734094302055153e-12 1.048182645605370349e-12 1.332860065990272917e-12 5.584330132621429277e-13 6.730181289179170627e-13 2.275852024160960674e-13 -2.639838286858553049e-13
5.610500921758142362e-12 7.201102457694655275e-12 7.298926708321166345e-12 8.828416662119787876e-12 9.443533795010523712e-12 7.422047773151326246e-12 5.801257588748721710e-12 4.365772930227985397e-12 3.097240930228896193e-12 2.042304283738845240e-12 1.642314151635298780e-12 1.796227171133021610e-12 1.880407364359799844e-12 1.268920334210357838e-12 1.141369439080885828e-12 1.540242113314139710e-12 1.085625916027811568e-12 1.209356967931618961e-12 6.314812645883891862e-13 3.701293099933790660e-13
4.939851585398619453e-12 5.517665087705554227e-12 5.452232077759861123e-12 6.520246768993566888e-12 7.422047773151326246e-12 9.257940102056819013e-12 7.240989008718474422e-12 5.120890405104367812e-12 3.784712063000119856e-12 2.545605877762789038e-12 1.771219012540893575e-12 1.427788843063995709e-12 1.370372348346690007e-12 7.988264275441786519e-13 1.210396689662417616e-12 1.249637464832553668e-12 9.092740953305521801e-13 7.043766792557933330e-13 6.300803188965547146e-13 5.310572265763619652e-13
4.176618359010043704e-12 4.436644779164542470e-12 4.437644602023431899e-12 4.661273335194862806e-12 5.801257588748721710e-12 7.240989008718474422e-12 8.289320000213085910e-12 6.414969267025232962e-12 4.350244150385619871e-12 3.184681106170175202e-12 2.397482418156393283e-12 1.807585355435125436e-12 1.300471411234570797e-12 8.921288610904643503e-13 1.270210617692001111e-12 1.404326975165318190e-12 1.248924799346385183e-12 9.565708898847919374e-13 6.687641949391991232e-13 6.508591954168054410e-13
2.923679330040525565e-12 3.298357054309164692e-12 3.357065513173487978e-12 3.453801731125717804e-12 4.365772930227985397e-12 5.120890405104367812e-12 6.414969267025232962e-12 7.620181593750690927e-12 5.535925314175124690e-12 3.867858326988475027e-12 3.054544430370980004e-12 2.325559736378450817e-12 1.651748351513677878e-12 1.333286093226013831e-12 1.596683814621999785e-12 1.594690726959294772e-12 1.382859097922925361e-12 9.376134558004160848e-13 6.542504707740802952e-13 2.669777118659508453e-13
2.663189010802852292e-12 2.905764767835509480e-12 2.250823503441649624e-12 2.770986400607217244e-12 3.097240930228896193e-12 3.784712063000119856e-12 4.350244150385619871e-12 5.535925314175124690e-12 6.416675490046183396e-12 4.928140737331852986e-12 3.731250101136724620e-12 2.696259540451622561e-12 1.982479598020838736e-12 1.608770919668348341e-12 1.413314182990804581e-12 1.215163376278626118e-12 9.086861815075149514e-13 2.556233913180839155e-13 -3.119473233145903904e-13 -7.620027865425650760e-13
2.717833356199354232e-12 2.840838975941584835e-12 1.971867302443082598e-12 2.273942274074658739e-12 2.042304283738845240e-12 2.545605877762789038e-12 3.184681106170175202e-12 3.867858326988475027e-12 4.928140737331852986e-12 6.250907749817046048e-12 4.792038021609749285e-12 3.164743004776106746e-12 2.359837792742292377e-12 1.988341427418660361e-12 1.654100877561844485e-12 1.625355408633234801e-12 1.318480335424139609e-12 6.463843742461377805e-13 1.150777548453027616e-14 -4.423299636526472272e-13
1.800792032802007727e-12 2.082627067313414374e-12 1.747736469215447386e-12 1.837447813339169441e-12 1.642314151635298780e-12 1.771219012540893575e-12 2.397482418156393283e-12 3.054544430370980004e-12 3.731250101136724620e-12 4.792038021609749285e-12 6.206693544542358154e-12 4.402065661442997637e-12 2.939069637725008585e-12 2.765543725620853654e-12 2.323847091651752350e-12 2.064559747903033429e-12 2.016555174395114568e-12 9.971547786594110599e-13 4.379056457609573620e-13 2.642798492461339995e-13
9.806285639476294949e-13 1.530064756032622109e-12 1.987246242397887351e-12 2.281686702490009794e-12 1.796227171133021610e-12 1.427788843063995709e-12 1.807585355435125436e-12 2.325559736378450817e-12 2.696259540451622561e-12 3.164743004776106746e-12 4.402065661442997637e-12 5.272436084534877655e-12 3.789475640517310548e-12 3.014594012712594985e-12 2.347528094750782826e-12 1.972211780504583195e-12 1.617744180298958301e-12 7.038982233489593566e-13 1.344266079883275784e-13 -2.390642581185260067e-13
7.540393190495384339e-13 1.539503930423808027e-12 2.529578747625838865e-12 2.586072231757365427e-12 1.880407364359799844e-12 1.370372348346690007e-12 1.300471411234570797e-12 1.651748351513677878e-12 1.982479598020838736e-12 2.359837792742292377e-12 2.939069637725008585e-12 3.789475640517310548e-12 4.877456154151336260e-12 3.883312857645598059e-12 3.117138816951544668e-12 2.600026736178305850e-12 1.766490130962321642e-12 9.562600193015782268e-13 4.632185812447564182e-13 -1.572799691653171613e-13
6.955140168396821429e-13 1.033388712273646111e-12 1.934809805011527255e-12 1.857734094302055153e-12 1.268920334210357838e-12 7.988264275441786519e-13 8.921288610904643503e-13 1.333286093226013831e-12 1.608770919668348341e-12 1.988341427418660361e-12 2.765543725620853654e-12 3.014594012712594985e-12 3.883312857645598059e-12 4.933597868784380181e-12 3.799303225266383682e-12 3.095697137710970426e-12 2.317914304897663528e-12 1.235813762855721907e-12 6.568963769679392011e-13 1.893032145867248535e-13
4.562072618821073580e-13 9.078677515996056062e-13 1.198857056139636941e-12 1.048182645605370349e-12 1.141369439080885828e-12 1.210396689662417616e-12 1.270210617692001111e-12 1.596683814621999785e-12 1.413314182990804581e-12 1.654100877561844485e-12 2.323847091651752350e-12 2.347528094750782826e-12 3.117138816951544668e-12 3.799303225266383682e-12 4.590081882690522760e-12 3.835998099912456105e-12 3.049511420119503536e-12 2.066330660546274639e-12 1.483070759254267572e-12 8.787320633563815543e-13
3.927027105112421604e-13 6.548531850885005328e-13 1.189759521843592984e-12 1.332860065990272917e-12 1.540242113314139710e-12 1.249637464832553668e-12 1.404326975165318190e-12 1.594690726959294772e-12 1.215163376278626118e-12 1.625355408633234801e-12 2.064559747903033429e-12 1.972211780504583195e-12 2.600026736178305850e-12 3.095697137710970426e-12 3.835998099912456105e-12 4.751762678889245185e-12 4.071742712373093335e-12 2.981328829153347272e-12 1.934918983733454305e-12 1.127534131362081463e-12
5.482674025423326040e-13 2.087747568040602026e-13 5.559928442010786552e-13 5.584330132621429277e-13 1.085625916027811568e-12 9.092740953305521801e-13 1.248924799346385183e-12 1.382859097922925361e-12 9.086861815075149514e-13 1.318480335424139609e-12 2.016555174395114568e-12 1.617744180298958301e-12 1.766490130962321642e-12 2.317914304897663528e-12 3.049511420119503536e-12 4.071742712373093335e-12 5.230710198150430358e-12 4.485022608924223522e-12 3.119138219580230798e-12 2.119838328895086699e-12
5.925140452362189724e-13 1.855423480412946004e-13 5.448878789122665232e-13 6.730181289179170627e-13 1.209356967931618961e-12 7.043766792557933330e-13 9.565708898847919374e-13 9.376134558004160848e-13 2.556233913180839155e-13 6.463843742461377805e-13 9.971547786594110599e-13 7.038982233489593566e-13 9.562600193015782268e-13 1.235813762855721907e-12 2.066330660546274639e-12 2.981328829153347272e-12 4.485022608924223522e-12 5.859542191567112919e-12 4.413060314958986179e-12 2.861396959941019202e-12
5.294580658188427304e-13 3.625851581575646526e-14 4.276013226796902980e-13 2.275852024160960674e-13 6.314812645883891862e-13 6.300803188965547146e-13 6.687641949391991232e-13 6.542504707740802952e-13 -3.119473233145903904e-13 1.150777548453027616e-14 4.379056457609573620e-13 1.344266079883275784e-13 4.632185812447564182e-13 6.568963769679392011e-13 1.483070759254267572e-12 1.934918983733454305e-12 3.119138219580230798e-12 4.413060314958986179e-12 5.152746361211716028e-12 4.022492110864125702e-12
4.328479213145619416e-13 -3.442023984085935704e-13 3.124671478054522736e-13 -2.639838286858553049e-13 3.701293099933790660e-13 5.310572265763619652e-13 6.508591954168054410e-13 2.669777118659508453e-13 -7.620027865425650760e-13 -4.423299636526472272e-13 2.642798492461339995e-13 -2.390642581185260067e-13 -1.572799691653171613e-13 1.893032145867248535e-13 8.787320633563815543e-13 1.127534131362081463e-12 2.119838328895086699e-12 2.861396959941019202e-12 4.022492110864125702e-12 4.840780872849271033e-12
