6.403775636144034799e-13 2.432440328240744066e-13 1.553040070940000560e-13 1.069567180430180653e-13 4.840780132144385249e-14 8.509684255251572835e-14 8.718434084768593654e-14 1.155160974275138009e-13 1.525361520920724222e-13 1.597560098563539997e-13 1.788999228834497973e-13 2.360083415919874368e-13 3.199791340150452386e-13 4.018673236897757515e-13 5.474006827509358413e-13 6.177255805467894548e-13 7.861369221017078308e-13 1.103389547548460170e-12 1.266092608448968782e-12 1.349350733299688651e-12
2.432440328240744066e-13 6.108826180969503124e-13 3.081416865574889858e-13 1.829584453032538899e-13 1.182453618954246003e-13 7.470617306215481051e-14 6.068115768694385006e-14 6.801436362712867607e-14 1.200677213425516399e-13 1.149384601673134222e-13 1.393605751726411894e-13 1.894404543089379286e-13 2.583586714712528729e-13 2.999980983608744662e-13 2.346598424385568299e-13 2.830740644474754792e-13 4.312896562503688350e-13 6.409110394895506578e-13 6.019259069589700210e-13 5.740423871852453677e-13
1.553040070940000560e-13 3.081416865574889858e-13 5.093348931818176035e-13 2.894288127920933381e-13 2.167447389659772795e-13 1.481870582634183366e-13 1.347992703218771696e-13 9.080652838372504251e-14 1.184108706155898209e-13 1.044351072077277366e-13 8.425623034258245843e-14 5.128118352531996291e-14 5.257357235954736821e-14 -2.796665863266702295e-15 -1.128142904015062936e-13 -1.106522644506774311e-13 -1.080974937648005134e-13 2.621109823131109372e-15 1.558562592579073344e-13 2.197151874650251846e-13
1.069567180430180653e-13 1.829584453032538899e-13 2.894288127920933381e-13 4.512284045753318298e-13 2.978934378745784927e-13 1.773126135056606295e-13 1.105062722152100300e-13 1.082595011437005740e-13 1.197455733231930845e-13 1.439878991358804011e-13 2.059156767704517604e-13 1.874364419845183878e-13 1.969391856016144887e-13 1.154805367071245485e-13 -1.384001199716356885e-14 -6.124051238416322803e-14 -5.314579970092667959e-14 3.040476387723052309e-15 6.844682085390432272e-14 7.861040763904210964e-14
4.840780132144385249e-14 1.182453618954246003e-13 2.167447389659772795e-13 2.978934378745784927e-13 4.801717827919795513e-13 3.258331289856560569e-13 2.374727087427466352e-13 2.000872895230963529e-13 1.955340488991149368e-13 2.154568754941535390e-13 2.613321275396534699e-13 2.394001078157218154e-13 2.515171948531388169e-13 1.998183802462412929e-13 4.916043282963746622e-14 -2.034674767734482511e-14 9.646653610195694318e-15 5.632817477340802772e-14 1.647682313330783145e-13 3.972326807822831804e-13
8.509684255251572835e-14 7.470617306215481051e-14 1.481870582634183366e-13 1.773126135056606295e-13 3.258331289856560569e-13 4.821510257877080892e-13 3.653999806758836205e-13 3.012794137130941126e-13 3.064742924935074094e-13 3.334245804620392556e-13 3.854927645695074787e-13 4.090853181574537327e-13 4.387645054646929489e-13 4.770693527190794271e-13 4.290365566076419571e-13 4.903180531968618831e-13 6.799114866853014422e-13 8.879510302588388660e-13 1.228076182859806533e-12 1.645906148631961609e-12
8.718434084768593654e-14 6.068115768694385006e-14 1.347992703218771696e-13 1.105062722152100300e-13 2.374727087427466352e-13 3.653999806758836205e-13 4.728152513060537487e-13 4.199828680221585927e-13 3.882188486314687821e-13 3.691254398759192492e-13 3.707530611896787733e-13 3.999563775200587696e-13 4.392102906897831960e-13 4.810782595481705548e-13 4.155683979820383702e-13 3.918481800493228058e-13 4.028003742530453294e-13 4.886274261861126141e-13 7.776288091690110337e-13 1.066935304742588554e-12
1.155160974275138009e-13 6.801436362712867607e-14 9.080652838372504251e-14 1.082595011437005740e-13 2.000872895230963529e-13 3.012794137130941126e-13 4.199828680221585927e-13 5.806203683446854526e-13 5.583093564095455938e-13 5.500683744916336663e-13 5.978431790272762550e-13 6.402260739733616710e-13 6.814862159190026217e-13 6.982109351986504989e-13 6.508148664908961511e-13 5.998832454005362408e-13 5.440040027829939291e-13 6.400764442028039400e-13 9.026824924660938866e-13 1.188768598847637030e-12
1.525361520920724222e-13 1.200677213425516399e-13 1.184108706155898209e-13 1.197455733231930845e-13 1.955340488991149368e-13 3.064742924935074094e-13 3.882188486314687821e-13 5.583093564095455938e-13 7.482193076235725043e-13 7.691166445329951522e-13 8.327464039969987208e-13 8.771913589420386005e-13 9.461758432307467985e-13 9.645064434326163563e-13 9.369217975950016912e-13 8.786369929689585987e-13 7.421706962398823605e-13 7.478328649827004072e-13 8.660864192877151093e-13 1.129929776225138179e-12
1.597560098563539997e-13 1.149384601673134222e-13 1.044351072077277366e-13 1.439878991358804011e-13 2.154568754941535390e-13 3.334245804620392556e-13 3.691254398759192492e-13 5.500683744916336663e-13 7.691166445329951522e-13 1.097491661472955661e-12 1.272329909664204981e-12 1.392381687164774894e-12 1.574109232583676070e-12 1.634073735291523145e-12 1.660544822911035000e-12 1.622315973336172845e-12 1.520953244427250644e-12 1.441997719740084111e-12 1.575121431496589766e-12 2.054659086932660658e-12
1.788999228834497973e-13 1.393605751726411894e-13 8.425623034258245843e-14 2.059156767704517604e-13 2.613321275396534699e-13 3.854927645695074787e-13 3.707530611896787733e-13 5.978431790272762550e-13 8.327464039969987208e-13 1.272329909664204981e-12 1.791287483583742165e-12 2.025027894496315328e-12 2.308969378897158107e-12 2.406152267606890615e-12 2.498124880018578941e-12 2.568546450845762658e-12 2.658634312734791680e-12 2.644118494252147084e-12 2.708248318024466006e-12 3.266700085868019761e-12
2.360083415919874368e-13 1.894404543089379286e-13 5.128118352531996291e-14 1.874364419845183878e-13 2.394001078157218154e-13 4.090853181574537327e-13 3.999563775200587696e-13 6.402260739733616710e-13 8.771913589420386005e-13 1.392381687164774894e-12 2.025027894496315328e-12 2.613876087134712446e-12 3.120577088485798505e-12 3.438556001102366351e-12 3.734112369936030468e-12 3.886865698048393278e-12 4.022938890380203296e-12 4.021220528200612615e-12 3.987443985370036278e-12 4.561095621357964881e-12
3.199791340150452386e-13 2.583586714712528729e-13 5.257357235954736821e-14 1.969391856016144887e-13 2.515171948531388169e-13 4.387645054646929489e-13 4.392102906897831960e-13 6.814862159190026217e-13 9.461758432307467985e-13 1.574109232583676070e-12 2.308969378897158107e-12 3.120577088485798505e-12 4.102185207426566852e-12 4.778554046607577197e-12 5.346314022597101276e-12 5.539754700768402306e-12 5.614248508453946385e-12 5.611066791817648945e-12 5.578696889101839567e-12 6.342869955509715143e-12
4.018673236897757515e-13 2.999980983608744662e-13 -2.796665863266702295e-15 1.154805367071245485e-13 1.998183802462412929e-13 4.770693527190794271e-13 4.810782595481705548e-13 6.982109351986504989e-13 9.645064434326163563e-13 1.634073735291523145e-12 2.406152267606890615e-12 3.438556001102366351e-12 4.778554046607577197e-12 6.292618264170038586e-12 7.632899378616853249e-12 8.268466840616855321e-12 8.605533149491524431e-12 8.833761847045235295e-12 9.183664135964399003e-12 1.045853142189737465e-11
5.474006827509358413e-13 2.346598424385568299e-13 -1.128142904015062936e-13 -1.384001199716356885e-14 4.916043282963746622e-14 4.290365566076419571e-13 4.155683979820383702e-13 6.508148664908961511e-13 9.369217975950016912e-13 1.660544822911035000e-12 2.498124880018578941e-12 3.734112369936030468e-12 5.346314022597101276e-12 7.632899378616853249e-12 1.023473384319298428e-11 1.182660373748164920e-11 1.285028517833608909e-11 1.373710685761808910e-11 1.472179515459231225e-11 1.666117825875291878e-11
6.177255805467894548e-13 2.830740644474754792e-13 -1.106522644506774311e-13 -6.124051238416322803e-14 -2.034674767734482511e-14 4.903180531968618831e-13 3.918481800493228058e-13 5.998832454005362408e-13 8.786369929689585987e-13 1.622315973336172845e-12 2.568546450845762658e-12 3.886865698048393278e-12 5.539754700768402306e-12 8.268466840616855321e-12 1.182660373748164920e-11 1.529500373059320980e-11 1.836089077433416785e-11 2.102338414160104959e-11 2.340006359554630369e-11 2.659826938788341636e-11
7.861369221017078308e-13 4.312896562503688350e-13 -1.080974937648005134e-13 -5.314579970092667959e-14 9.646653610195694318e-15 6.799114866853014422e-13 4.028003742530453294e-13 5.440040027829939291e-13 7.421706962398823605e-13 1.520953244427250644e-12 2.658634312734791680e-12 4.022938890380203296e-12 5.614248508453946385e-12 8.605533149491524431e-12 1.285028517833608909e-11 1.836089077433416785e-11 2.517763243487154093e-11 3.162521215992045658e-11 3.677045457964571220e-11 4.236682488282917543e-11
1.103389547548460170e-12 6.409110394895506578e-13 2.621109823131109372e-15 3.040476387723052309e-15 5.632817477340802772e-14 8.879510302588388660e-13 4.886274261861126141e-13 6.400764442028039400e-13 7.478328649827004072e-13 1.441997719740084111e-12 2.644118494252147084e-12 4.021220528200612615e-12 5.611066791817648945e-12 8.833761847045235295e-12 1.373710685761808910e-11 2.102338414160104959e-11 3.162521215992045658e-11 4.424548131227686738e-11 5.497522703294817221e-11 6.475109359194636980e-11
1.266092608448968782e-12 6.019259069589700210e-13 1.558562592579073344e-13 6.844682085390432272e-14 1.647682313330783145e-13 1.228076182859806533e-12 7.776288091690110337e-13 9.026824924660938866e-13 8.660864192877151093e-13 1.575121431496589766e-12 2.708248318024466006e-12 3.987443985370036278e-12 5.578696889101839567e-12 9.183664135964399003e-12 1.472179515459231225e-11 2.340006359554630369e-11 3.677045457964571220e-11 5.497522703294817221e-11 7.390003733199620263e-11 9.120879531508226863e-11
1.349350733299688651e-12 5.740423871852453677e-13 2.197151874650251846e-13 7.861040763904210964e-14 3.972326807822831804e-13 1.645906148631961609e-12 1.066935304742588554e-12 1.188768598847637030e-12 1.129929776225138179e-12 2.054659086932660658e-12 3.266700085868019761e-12 4.561095621357964881e-12 6.342869955509715143e-12 1.045853142189737465e-11 1.666117825875291878e-11 2.659826938788341636e-11 4.236682488282917543e-11 6.475109359194636980e-11 9.120879531508226863e-11 1.199305189220926294e-10
