2.260414137227953852e-06 1.927243661242283435e-06 1.806694643124854928e-06 1.641854808221328940e-06 1.461376600059979173e-06 1.323472105550048841e-06 1.193744046178005886e-06 1.094433597749026642e-06 1.009505950097225212e-06 9.164310738518453475e-07 8.093157135483313943e-07 7.158110044553479630e-07 6.566078117884138750e-07 5.667544664566033973e-07 4.765798375105360206e-07 3.820501488958944306e-07 3.075305978126158248e-07 2.589732249468253308e-07 2.537871151680149292e-07 2.344750259773865515e-07
1.927243661242283435e-06 1.993796052780641603e-06 1.754643683437859561e-06 1.601226597776365243e-06 1.461521591385702357e-06 1.332346383857177594e-06 1.220175121992666546e-06 1.132546541854205317e-06 1.057473891677330199e-06 9.613415678353429637e-07 8.585739675835831833e-07 7.770334605050906911e-07 7.098543768424279060e-07 6.190658419335669962e-07 5.374591228821730499e-07 4.459960178959296192e-07 3.800129464700248480e-07 3.287425232434073693e-07 3.244788419894491319e-07 3.074324172805111337e-07
1.806694643124854928e-06 1.754643683437859561e-06 1.769863141307631573e-06 1.570777630797290322e-06 1.409688307843361343e-06 1.282756068480476167e-06 1.181018704026124277e-06 1.079000326693201684e-06 1.003493839673895810e-06 9.059000614477552629e-07 8.017875867986786551e-07 7.395074488392323988e-07 6.840688231609141601e-07 6.067913844480729517e-07 5.321069993431768125e-07 4.443745386804584641e-07 3.662345353085721481e-07 3.138523231717713770e-07 2.930597964384643349e-07 2.760340718209074483e-07
1.641854808221328940e-06 1.601226597776365243e-06 1.570777630797290322e-06 1.534485258795044793e-06 1.342442606373809641e-06 1.224614651229171529e-06 1.135759340980450684e-06 1.037120441486951324e-06 9.842252491710992164e-07 8.919598436384503568e-07 7.943901596680036956e-07 7.396817105395303669e-07 6.980939245137397957e-07 6.304201386246486034e-07 5.619922244648528851e-07 4.815234846987510670e-07 4.097011224491659180e-07 3.595028846003947300e-07 3.438425591451208369e-07 3.354254978664142825e-07
1.461376600059979173e-06 1.461521591385702357e-06 1.409688307843361343e-06 1.342442606373809641e-06 1.302670831516632289e-06 1.159757491983132674e-06 1.083802741285280267e-06 9.898546468560304008e-07 9.424749274695351123e-07 8.512944196918608365e-07 7.634393042954769903e-07 7.019958830267092854e-07 6.609547743922754159e-07 5.961291732236061593e-07 5.305325662681628133e-07 4.579968063096305175e-07 3.939416859448220178e-07 3.477205182626743592e-07 3.311769138217434057e-07 3.270844999252081089e-07
1.323472105550048841e-06 1.332346383857177594e-06 1.282756068480476167e-06 1.224614651229171529e-06 1.159757491983132674e-06 1.136207579536506527e-06 1.049524685919588670e-06 9.608690419823500765e-07 9.135111026409817598e-07 8.256998106347001452e-07 7.442152673682300108e-07 6.873918165490165142e-07 6.568159687346374056e-07 5.945081353991842401e-07 5.365357594045199402e-07 4.683191515359789883e-07 4.075687324233936494e-07 3.627638604241559042e-07 3.459498916412763880e-07 3.458740876300020514e-07
1.193744046178005886e-06 1.220175121992666546e-06 1.181018704026124277e-06 1.135759340980450684e-06 1.083802741285280267e-06 1.049524685919588670e-06 1.038997974577155315e-06 9.445196511693824965e-07 9.070065264416745484e-07 8.125556583620993227e-07 7.415039200547057764e-07 6.879332748054791103e-07 6.512757128600815979e-07 5.909825668898406219e-07 5.405756350834802673e-07 4.795864752378125399e-07 4.233558635195817379e-07 3.805175615831073959e-07 3.645949899303615107e-07 3.734345178741737920e-07
1.094433597749026642e-06 1.132546541854205317e-06 1.079000326693201684e-06 1.037120441486951324e-06 9.898546468560304008e-07 9.608690419823500765e-07 9.445196511693824965e-07 9.238115314269566517e-07 8.789571825174431884e-07 7.896030339980905999e-07 7.221385982459375808e-07 6.723963501901861145e-07 6.300947724224172352e-07 5.666325034236950514e-07 5.158229605466215553e-07 4.610512776888560982e-07 4.079476646939489407e-07 3.649390987728866422e-07 3.441395620808911262e-07 3.436539980375367753e-07
1.009505950097225212e-06 1.057473891677330199e-06 1.003493839673895810e-06 9.842252491710992164e-07 9.424749274695351123e-07 9.135111026409817598e-07 9.070065264416745484e-07 8.789571825174431884e-07 8.923021514911617791e-07 8.039295986552786083e-07 7.388417839429817423e-07 6.954110713121906938e-07 6.595300749109584518e-07 6.029832251752400152e-07 5.600186628037909342e-07 5.086221953399101189e-07 4.603598679082496809e-07 4.223784724374601351e-07 4.044609811608579310e-07 4.135471015575689266e-07
9.164310738518453475e-07 9.613415678353429637e-07 9.059000614477552629e-07 8.919598436384503568e-07 8.512944196918608365e-07 8.256998106347001452e-07 8.125556583620993227e-07 7.896030339980905999e-07 8.039295986552786083e-07 7.645175199880199594e-07 7.075805388556938921e-07 6.699610876521497483e-07 6.391698608562395539e-07 5.866171279389346476e-07 5.471117308905664264e-07 5.040836703850919059e-07 4.580454645080881196e-07 4.220732261160818118e-07 4.031272497710560611e-07 4.047091538378782948e-07
8.093157135483313943e-07 8.585739675835831833e-07 8.017875867986786551e-07 7.943901596680036956e-07 7.634393042954769903e-07 7.442152673682300108e-07 7.415039200547057764e-07 7.221385982459375808e-07 7.388417839429817423e-07 7.075805388556938921e-07 6.945839680679294591e-07 6.637708190988820177e-07 6.386132886765099037e-07 5.933288189057147879e-07 5.574517647169799307e-07 5.215358002989899858e-07 4.818235596743749181e-07 4.494134740240615073e-07 4.348225630873646772e-07 4.445647927749094920e-07
7.158110044553479630e-07 7.770334605050906911e-07 7.395074488392323988e-07 7.396817105395303669e-07 7.019958830267092854e-07 6.873918165490165142e-07 6.879332748054791103e-07 6.723963501901861145e-07 6.954110713121906938e-07 6.699610876521497483e-07 6.637708190988820177e-07 6.664442161821533480e-07 6.504527305880542196e-07 6.153920405942852991e-07 5.863299573303783582e-07 5.583694985070831777e-07 5.253258373570544498e-07 5.026791926979970561e-07 4.929658846134438106e-07 5.046655436888489726e-07
6.566078117884138750e-07 7.098543768424279060e-07 6.840688231609141601e-07 6.980939245137397957e-07 6.609547743922754159e-07 6.568159687346374056e-07 6.512757128600815979e-07 6.300947724224172352e-07 6.595300749109584518e-07 6.391698608562395539e-07 6.386132886765099037e-07 6.504527305880542196e-07 6.626645711402787581e-07 6.371030261152001592e-07 6.155232280213781110e-07 5.918669658790618246e-07 5.620593332666012453e-07 5.409766087301753768e-07 5.338074245691739662e-07 5.471090350828550426e-07
5.667544664566033973e-07 6.190658419335669962e-07 6.067913844480729517e-07 6.304201386246486034e-07 5.961291732236061593e-07 5.945081353991842401e-07 5.909825668898406219e-07 5.666325034236950514e-07 6.029832251752400152e-07 5.866171279389346476e-07 5.933288189057147879e-07 6.153920405942852991e-07 6.371030261152001592e-07 6.410054580968336357e-07 6.283735808603419236e-07 6.077270025517935058e-07 5.852467083208048869e-07 5.721697577080657436e-07 5.699499303698539742e-07 5.941568980959642720e-07
4.765798375105360206e-07 5.374591228821730499e-07 5.321069993431768125e-07 5.619922244648528851e-07 5.305325662681628133e-07 5.365357594045199402e-07 5.405756350834802673e-07 5.158229605466215553e-07 5.600186628037909342e-07 5.471117308905664264e-07 5.574517647169799307e-07 5.863299573303783582e-07 6.155232280213781110e-07 6.283735808603419236e-07 6.475252278326837584e-07 6.430362464340387477e-07 6.280033051858388003e-07 6.214018874239654623e-07 6.234960412627909957e-07 6.522585644284307711e-07
3.820501488958944306e-07 4.459960178959296192e-07 4.443745386804584641e-07 4.815234846987510670e-07 4.579968063096305175e-07 4.683191515359789883e-07 4.795864752378125399e-07 4.610512776888560982e-07 5.086221953399101189e-07 5.040836703850919059e-07 5.215358002989899858e-07 5.583694985070831777e-07 5.918669658790618246e-07 6.077270025517935058e-07 6.430362464340387477e-07 6.799448688552847049e-07 6.850058157803998599e-07 6.929719972540621678e-07 7.091303381663074610e-07 7.509653419704424128e-07
3.075305978126158248e-07 3.800129464700248480e-07 3.662345353085721481e-07 4.097011224491659180e-07 3.939416859448220178e-07 4.075687324233936494e-07 4.233558635195817379e-07 4.079476646939489407e-07 4.603598679082496809e-07 4.580454645080881196e-07 4.818235596743749181e-07 5.253258373570544498e-07 5.620593332666012453e-07 5.852467083208048869e-07 6.280033051858388003e-07 6.850058157803998599e-07 7.250749058642483348e-07 7.580254049144686511e-07 7.918736545468990279e-07 8.498894205208321511e-07
2.589732249468253308e-07 3.287425232434073693e-07 3.138523231717713770e-07 3.595028846003947300e-07 3.477205182626743592e-07 3.627638604241559042e-07 3.805175615831073959e-07 3.649390987728866422e-07 4.223784724374601351e-07 4.220732261160818118e-07 4.494134740240615073e-07 5.026791926979970561e-07 5.409766087301753768e-07 5.721697577080657436e-07 6.214018874239654623e-07 6.929719972540621678e-07 7.580254049144686511e-07 8.381926759894536815e-07 9.046451718337556497e-07 9.878392140969232713e-07
2.537871151680149292e-07 3.244788419894491319e-07 2.930597964384643349e-07 3.438425591451208369e-07 3.311769138217434057e-07 3.459498916412763880e-07 3.645949899303615107e-07 3.441395620808911262e-07 4.044609811608579310e-07 4.031272497710560611e-07 4.348225630873646772e-07 4.929658846134438106e-07 5.338074245691739662e-07 5.699499303698539742e-07 6.234960412627909957e-07 7.091303381663074610e-07 7.918736545468990279e-07 9.046451718337556497e-07 1.023991076587042416e-06 1.148505486761971664e-06
2.344750259773865515e-07 3.074324172805111337e-07 2.760340718209074483e-07 3.354254978664142825e-07 3.270844999252081089e-07 3.458740876300020514e-07 3.734345178741737920e-07 3.436539980375367753e-07 4.135471015575689266e-07 4.047091538378782948e-07 4.445647927749094920e-07 5.046655436888489726e-07 5.471090350828550426e-07 5.941568980959642720e-07 6.522585644284307711e-07 7.509653419704424128e-07 8.498894205208321511e-07 9.878392140969232713e-07 1.148505486761971664e-06 1.351313639343528731e-06
