3.644864758159156280e-12 2.036425970954156364e-12 1.171681805195878614e-12 5.644384423809864770e-13 3.879842313614561229e-13 3.546141677513557354e-13 2.962458049701039807e-13 1.965179253598642966e-14 -1.163571931095809740e-13 -6.472380964582447219e-14 -1.318485427733253043e-13 -1.174087304858689419e-14 -1.347837663792094238e-13 -3.168421795626488774e-13 -3.424561860843297148e-13 -5.685336260312693283e-13 -1.343615072794311455e-12 -3.030701180881572701e-12 -4.719718975172039250e-12 -5.682312775295551304e-12
2.036425970954156364e-12 3.097698461903489626e-12 1.753999748917792552e-12 8.860064434434932778e-13 7.192693318385927659e-13 5.421928447906840477e-13 4.089665727450131226e-13 1.479191777732307361e-13 1.120776556471102366e-13 2.767003595756329785e-13 1.077195286150552877e-13 3.664874617137214197e-14 -1.848663693135473349e-13 -3.395696229181879646e-13 -3.118136379959356119e-13 -5.371501167686766104e-13 -8.627684090623768808e-13 -1.557248271720343242e-12 -2.506738575670085630e-12 -3.009654247993205948e-12
1.171681805195878614e-12 1.753999748917792552e-12 2.572242684368027518e-12 1.357721350255306354e-12 9.207876679233878970e-13 6.164232762444918029e-13 6.889412081104963910e-13 4.637660933546065754e-13 3.411271044767748567e-13 6.164251208884109609e-13 6.570765972248776260e-13 6.999436472760720598e-13 5.274080462473774724e-13 4.548400524203784726e-13 6.098680447213714482e-13 9.420932852834014841e-13 1.215837189889092479e-12 9.876516402809827071e-13 -1.078646436509470898e-13 -1.629799221227389916e-12
5.644384423809864770e-13 8.860064434434932778e-13 1.357721350255306354e-12 1.924542028511044602e-12 1.371817759473560836e-12 8.385515493141789021e-13 6.589111412204085010e-13 5.853802140719702165e-13 5.502992518028703959e-13 6.576202744831510941e-13 6.853404774845155858e-13 5.358643415740062648e-13 2.930649064893967121e-13 -1.549210777981721266e-13 -5.411934219938666169e-13 -6.242736593541301652e-13 -2.614338136052858707e-13 -2.539904644048553602e-13 -1.743949597103447176e-12 -3.123399395708434568e-12
3.879842313614561229e-13 7.192693318385927659e-13 9.207876679233878970e-13 1.371817759473560836e-12 1.964582807523126181e-12 1.484037922260456994e-12 1.046956573260533942e-12 8.431052986621480890e-13 8.215941179448148900e-13 1.081154854112949271e-12 1.261654764189410685e-12 1.212029904079829647e-12 1.087456068615126389e-12 6.917254533777456042e-13 4.453679336946701678e-13 4.534699727233624435e-13 1.151616827855696954e-12 1.938777780665934632e-12 1.055645558503898855e-12 2.900016773644511340e-13
3.546141677513557354e-13 5.421928447906840477e-13 6.164232762444918029e-13 8.385515493141789021e-13 1.484037922260456994e-12 2.248360957646283167e-12 1.807832865235060395e-12 1.637957558937931905e-12 1.669427467629207670e-12 1.776063380936262006e-12 2.135172861200894385e-12 2.348979541847442074e-12 2.605036328944449802e-12 2.587613245856969346e-12 2.770079484906926865e-12 2.944694414319133108e-12 3.659058072632210906e-12 4.787638812126525233e-12 4.849307445426121570e-12 4.685533889340101593e-12
2.962458049701039807e-13 4.089665727450131226e-13 6.889412081104963910e-13 6.589111412204085010e-13 1.046956573260533942e-12 1.807832865235060395e-12 2.525149606149163103e-12 2.266721883522144715e-12 2.170986593694055524e-12 2.302193280029204992e-12 2.734055622211766474e-12 3.030058700190037246e-12 3.511264376354321073e-12 3.749681792668961230e-12 4.278454591956066826e-12 5.389900254837710103e-12 7.212989584790974718e-12 9.465415524819404533e-12 1.079687235869245489e-11 1.172009498715148842e-11
1.965179253598642966e-14 1.479191777732307361e-13 4.637660933546065754e-13 5.853802140719702165e-13 8.431052986621480890e-13 1.637957558937931905e-12 2.266721883522144715e-12 3.155357410244468823e-12 3.168276865149451941e-12 3.462095560867192548e-12 4.029908588891130921e-12 4.343118365517052872e-12 4.912863993084814929e-12 4.960035073369700443e-12 5.369227373026050429e-12 6.323954256005859098e-12 8.074174675709958042e-12 1.050681509264554632e-11 1.241594346408685198e-11 1.407974413157176407e-11
-1.163571931095809740e-13 1.120776556471102366e-13 3.411271044767748567e-13 5.502992518028703959e-13 8.215941179448148900e-13 1.669427467629207670e-12 2.170986593694055524e-12 3.168276865149451941e-12 4.219307578389515070e-12 4.641383344348476756e-12 5.355480764963947844e-12 5.915188217077038867e-12 6.748493728833907605e-12 6.842816450247564180e-12 6.946072754753304209e-12 7.177671595539931564e-12 7.786621316596837101e-12 9.275272615372194252e-12 1.063676529668534858e-11 1.261465597706950491e-11
-6.472380964582447219e-14 2.767003595756329785e-13 6.164251208884109609e-13 6.576202744831510941e-13 1.081154854112949271e-12 1.776063380936262006e-12 2.302193280029204992e-12 3.462095560867192548e-12 4.641383344348476756e-12 6.234599204505330137e-12 7.251848601532724520e-12 8.058969044309815072e-12 9.204783395451404722e-12 9.543605830060133587e-12 9.773309771470897688e-12 1.025273248040409523e-11 1.117048652490709648e-11 1.299679028683324170e-11 1.398013666845623914e-11 1.643050619432520804e-11
-1.318485427733253043e-13 1.077195286150552877e-13 6.570765972248776260e-13 6.853404774845155858e-13 1.261654764189410685e-12 2.135172861200894385e-12 2.734055622211766474e-12 4.029908588891130921e-12 5.355480764963947844e-12 7.251848601532724520e-12 9.769729111260021230e-12 1.158490459922083410e-11 1.351472859976439217e-11 1.434836354304359976e-11 1.488798409691816665e-11 1.581873287811359146e-11 1.757656248537936801e-11 2.027264270165231456e-11 2.102076865972866337e-11 2.352591503972716396e-11
-1.174087304858689419e-14 3.664874617137214197e-14 6.999436472760720598e-13 5.358643415740062648e-13 1.212029904079829647e-12 2.348979541847442074e-12 3.030058700190037246e-12 4.343118365517052872e-12 5.915188217077038867e-12 8.058969044309815072e-12 1.158490459922083410e-11 1.545563641627332019e-11 1.902740004464244277e-11 2.132544197240200542e-11 2.343054653166867009e-11 2.530030211010676005e-11 2.797561370709373725e-11 3.171149990097520340e-11 3.328754418481612379e-11 3.776963451940125132e-11
-1.347837663792094238e-13 -1.848663693135473349e-13 5.274080462473774724e-13 2.930649064893967121e-13 1.087456068615126389e-12 2.605036328944449802e-12 3.511264376354321073e-12 4.912863993084814929e-12 6.748493728833907605e-12 9.204783395451404722e-12 1.351472859976439217e-11 1.902740004464244277e-11 2.560501893379641197e-11 3.053627440949680247e-11 3.518005861446551144e-11 3.878974741048123674e-11 4.270967841028717566e-11 4.729415142973473699e-11 4.941379425170120523e-11 5.565659739706595671e-11
-3.168421795626488774e-13 -3.395696229181879646e-13 4.548400524203784726e-13 -1.549210777981721266e-13 6.917254533777456042e-13 2.587613245856969346e-12 3.749681792668961230e-12 4.960035073369700443e-12 6.842816450247564180e-12 9.543605830060133587e-12 1.434836354304359976e-11 2.132544197240200542e-11 3.053627440949680247e-11 4.029501957216418318e-11 4.954555227085746491e-11 5.561397576074696806e-11 6.100481955900682830e-11 6.671357941050335829e-11 6.980012224331516425e-11 7.849829738318978332e-11
-3.424561860843297148e-13 -3.118136379959356119e-13 6.098680447213714482e-13 -5.411934219938666169e-13 4.453679336946701678e-13 2.770079484906926865e-12 4.278454591956066826e-12 5.369227373026050429e-12 6.946072754753304209e-12 9.773309771470897688e-12 1.488798409691816665e-11 2.343054653166867009e-11 3.518005861446551144e-11 4.954555227085746491e-11 6.609688019371131929e-11 7.782631507299544805e-11 8.808280523433112161e-11 9.801327667942769574e-11 1.048937020736482104e-10 1.189977747532665678e-10
-5.685336260312693283e-13 -5.371501167686766104e-13 9.420932852834014841e-13 -6.242736593541301652e-13 4.534699727233624435e-13 2.944694414319133108e-12 5.389900254837710103e-12 6.323954256005859098e-12 7.177671595539931564e-12 1.025273248040409523e-11 1.581873287811359146e-11 2.530030211010676005e-11 3.878974741048123674e-11 5.561397576074696806e-11 7.782631507299544805e-11 9.979867580596448780e-11 1.218358913759722282e-10 1.410831115005660067e-10 1.540187413921283737e-10 1.750660569496276617e-10
-1.343615072794311455e-12 -8.627684090623768808e-13 1.215837189889092479e-12 -2.614338136052858707e-13 1.151616827855696954e-12 3.659058072632210906e-12 7.212989584790974718e-12 8.074174675709958042e-12 7.786621316596837101e-12 1.117048652490709648e-11 1.757656248537936801e-11 2.797561370709373725e-11 4.270967841028717566e-11 6.100481955900682830e-11 8.808280523433112161e-11 1.218358913759722282e-10 1.670678232856167169e-10 2.092524654338913824e-10 2.375574658036105488e-10 2.715119456730634805e-10
-3.030701180881572701e-12 -1.557248271720343242e-12 9.876516402809827071e-13 -2.539904644048553602e-13 1.938777780665934632e-12 4.787638812126525233e-12 9.465415524819404533e-12 1.050681509264554632e-11 9.275272615372194252e-12 1.299679028683324170e-11 2.027264270165231456e-11 3.171149990097520340e-11 4.729415142973473699e-11 6.671357941050335829e-11 9.801327667942769574e-11 1.410831115005660067e-10 2.092524654338913824e-10 2.908840210882032988e-10 3.564599169457165307e-10 4.178746448357270872e-10
-4.719718975172039250e-12 -2.506738575670085630e-12 -1.078646436509470898e-13 -1.743949597103447176e-12 1.055645558503898855e-12 4.849307445426121570e-12 1.079687235869245489e-11 1.241594346408685198e-11 1.063676529668534858e-11 1.398013666845623914e-11 2.102076865972866337e-11 3.328754418481612379e-11 4.941379425170120523e-11 6.980012224331516425e-11 1.048937020736482104e-10 1.540187413921283737e-10 2.375574658036105488e-10 3.564599169457165307e-10 4.811775962895999338e-10 5.957345263907743993e-10
-5.682312775295551304e-12 -3.009654247993205948e-12 -1.629799221227389916e-12 -3.123399395708434568e-12 2.900016773644511340e-13 4.685533889340101593e-12 1.172009498715148842e-11 1.407974413157176407e-11 1.261465597706950491e-11 1.643050619432520804e-11 2.352591503972716396e-11 3.776963451940125132e-11 5.565659739706595671e-11 7.849829738318978332e-11 1.189977747532665678e-10 1.750660569496276617e-10 2.715119456730634805e-10 4.178746448357270872e-10 5.957345263907743993e-10 7.912457620304103169e-10
