5.206293191559831176e-07 4.793239067923594200e-07 4.487350336072001359e-07 4.400275974523181037e-07 4.436597507795977790e-07 4.337705554942455782e-07 4.371607491839123419e-07 4.170061979429390156e-07 4.070473571080190180e-07 4.057124372654599641e-07 4.132297661305125305e-07 4.030889017488981208e-07 3.950402801249758788e-07 3.850925705172707600e-07 3.806351618017474641e-07 3.807273059257264504e-07 3.734737212872027931e-07 3.752506341591385372e-07 3.787426444202212750e-07 3.883760202400879977e-07
4.793239067923594200e-07 5.779241074329392901e-07 4.942727743925436508e-07 4.740884646526064526e-07 4.755685570098135345e-07 4.799508267940913614e-07 4.798300762447937794e-07 4.543970539634472458e-07 4.401853740141135019e-07 4.290634147045113969e-07 4.359679577764555742e-07 4.231357272502656519e-07 4.174910939950052712e-07 4.033052122623665747e-07 3.933439573586053290e-07 3.903930844891279178e-07 3.780409284909058263e-07 3.776569656379733676e-07 3.906520649395175534e-07 4.086788590800914858e-07
4.487350336072001359e-07 4.942727743925436508e-07 5.097027558783097508e-07 4.639937857156130656e-07 4.614013575183060661e-07 4.595614285641575717e-07 4.654702769203011850e-07 4.418549229595553616e-07 4.297827993791603393e-07 4.244469548070527613e-07 4.268477351647033099e-07 4.134349379478816750e-07 4.012153853844577496e-07 3.885744300955138908e-07 3.792473041690007271e-07 3.773602608087499985e-07 3.657687937303969750e-07 3.640251001095646888e-07 3.672434593069516631e-07 3.767716238895368118e-07
4.400275974523181037e-07 4.740884646526064526e-07 4.639937857156130656e-07 4.761868689334696406e-07 4.575217185980185172e-07 4.533007122129002006e-07 4.576707335515389987e-07 4.354772212298158775e-07 4.222179015116209108e-07 4.173809086615718616e-07 4.209766576240361166e-07 4.073338612369163976e-07 3.985908690041793666e-07 3.895547406556511266e-07 3.838645535357160953e-07 3.830326282482411767e-07 3.756925832613888591e-07 3.764133382429912588e-07 3.779783128151425985e-07 3.816779694801336430e-07
4.436597507795977790e-07 4.755685570098135345e-07 4.614013575183060661e-07 4.575217185980185172e-07 4.870144173309519189e-07 4.663554273927105039e-07 4.698520579687976251e-07 4.500437245353676320e-07 4.376292208281316831e-07 4.315944451199146590e-07 4.355413781939578562e-07 4.234669288915058228e-07 4.154128132783671331e-07 4.078924211786512418e-07 4.045964698205934616e-07 4.044872921546164028e-07 3.967887051041613445e-07 3.997554793088443450e-07 4.046543015446854879e-07 4.154446796175577448e-07
4.337705554942455782e-07 4.799508267940913614e-07 4.595614285641575717e-07 4.533007122129002006e-07 4.663554273927105039e-07 4.818846374073544069e-07 4.766544795806366036e-07 4.600543449272017853e-07 4.470960993803745021e-07 4.396198611574391659e-07 4.429147868042774080e-07 4.325443087793822695e-07 4.259084436638257527e-07 4.198429338998092190e-07 4.177483155614653918e-07 4.198370584482553427e-07 4.123598134685220650e-07 4.107416876097362592e-07 4.147372180498875804e-07 4.226457056406774837e-07
4.371607491839123419e-07 4.798300762447937794e-07 4.654702769203011850e-07 4.576707335515389987e-07 4.698520579687976251e-07 4.766544795806366036e-07 4.893164904800257635e-07 4.680728975236099423e-07 4.545044025836876846e-07 4.477039916893888831e-07 4.518023694577716241e-07 4.417732300944144036e-07 4.350351941303795925e-07 4.285508695535638624e-07 4.278078005586561111e-07 4.300999960834816138e-07 4.238028244637942634e-07 4.239142700507848861e-07 4.262495494464674141e-07 4.335577145256709152e-07
4.170061979429390156e-07 4.543970539634472458e-07 4.418549229595553616e-07 4.354772212298158775e-07 4.500437245353676320e-07 4.600543449272017853e-07 4.680728975236099423e-07 4.637861506248187334e-07 4.496452124661944954e-07 4.449941487587454079e-07 4.495289114684271626e-07 4.420957760218889179e-07 4.367101989019399799e-07 4.336277434931150708e-07 4.362909092687664788e-07 4.397902918079087530e-07 4.351111695816668309e-07 4.369341328638780396e-07 4.411870409709643013e-07 4.504169520156796788e-07
4.070473571080190180e-07 4.401853740141135019e-07 4.297827993791603393e-07 4.222179015116209108e-07 4.376292208281316831e-07 4.470960993803745021e-07 4.545044025836876846e-07 4.496452124661944954e-07 4.485531798023950726e-07 4.451708271838861321e-07 4.513056989462436874e-07 4.445544368485551630e-07 4.381055011002377024e-07 4.340442112019864576e-07 4.351338205598691304e-07 4.379000884488429956e-07 4.356621694480701105e-07 4.384864733331463382e-07 4.454459338317716625e-07 4.567948617419520586e-07
4.057124372654599641e-07 4.290634147045113969e-07 4.244469548070527613e-07 4.173809086615718616e-07 4.315944451199146590e-07 4.396198611574391659e-07 4.477039916893888831e-07 4.449941487587454079e-07 4.451708271838861321e-07 4.530771759373097724e-07 4.599870926544074553e-07 4.543797687330186351e-07 4.478854355833887872e-07 4.457301637608530795e-07 4.488993968819297871e-07 4.533861791184557263e-07 4.525192953861320543e-07 4.558322548734969531e-07 4.633038784886248902e-07 4.742761197326360518e-07
4.132297661305125305e-07 4.359679577764555742e-07 4.268477351647033099e-07 4.209766576240361166e-07 4.355413781939578562e-07 4.429147868042774080e-07 4.518023694577716241e-07 4.495289114684271626e-07 4.513056989462436874e-07 4.599870926544074553e-07 4.753081106041162450e-07 4.709090858312417540e-07 4.661476057678143722e-07 4.653242264462415379e-07 4.705988331335670312e-07 4.755551308641583329e-07 4.751251238340364284e-07 4.773284785285001041e-07 4.819453172101000148e-07 4.919081177935865588e-07
4.030889017488981208e-07 4.231357272502656519e-07 4.134349379478816750e-07 4.073338612369163976e-07 4.234669288915058228e-07 4.325443087793822695e-07 4.417732300944144036e-07 4.420957760218889179e-07 4.445544368485551630e-07 4.543797687330186351e-07 4.709090858312417540e-07 4.758185741243528512e-07 4.756994055284802838e-07 4.789214406027508014e-07 4.888124416103101165e-07 4.963254639738215548e-07 4.967629064832782108e-07 4.996094787669948162e-07 5.065444121432839859e-07 5.193536044551646942e-07
3.950402801249758788e-07 4.174910939950052712e-07 4.012153853844577496e-07 3.985908690041793666e-07 4.154128132783671331e-07 4.259084436638257527e-07 4.350351941303795925e-07 4.367101989019399799e-07 4.381055011002377024e-07 4.478854355833887872e-07 4.661476057678143722e-07 4.756994055284802838e-07 4.876168002926197678e-07 4.962105502880397519e-07 5.099203000009361094e-07 5.196184241009993524e-07 5.229333040944511674e-07 5.274112256392772381e-07 5.337091189228776631e-07 5.466371672363384151e-07
3.850925705172707600e-07 4.033052122623665747e-07 3.885744300955138908e-07 3.895547406556511266e-07 4.078924211786512418e-07 4.198429338998092190e-07 4.285508695535638624e-07 4.336277434931150708e-07 4.340442112019864576e-07 4.457301637608530795e-07 4.653242264462415379e-07 4.789214406027508014e-07 4.962105502880397519e-07 5.169232679999237624e-07 5.400998748366671617e-07 5.572254157565193358e-07 5.655030504161924718e-07 5.726525283845993276e-07 5.812185674537426879e-07 5.987056412002863493e-07
3.806351618017474641e-07 3.933439573586053290e-07 3.792473041690007271e-07 3.838645535357160953e-07 4.045964698205934616e-07 4.177483155614653918e-07 4.278078005586561111e-07 4.362909092687664788e-07 4.351338205598691304e-07 4.488993968819297871e-07 4.705988331335670312e-07 4.888124416103101165e-07 5.099203000009361094e-07 5.400998748366671617e-07 5.827238257731182825e-07 6.145555756148105079e-07 6.320517259394313865e-07 6.456033709562083535e-07 6.615689984575478543e-07 6.890812022399910026e-07
3.807273059257264504e-07 3.903930844891279178e-07 3.773602608087499985e-07 3.830326282482411767e-07 4.044872921546164028e-07 4.198370584482553427e-07 4.300999960834816138e-07 4.397902918079087530e-07 4.379000884488429956e-07 4.533861791184557263e-07 4.755551308641583329e-07 4.963254639738215548e-07 5.196184241009993524e-07 5.572254157565193358e-07 6.145555756148105079e-07 6.689808278324306100e-07 7.006101180023936914e-07 7.244113009472299739e-07 7.525927278633959134e-07 7.961950600914174828e-07
3.734737212872027931e-07 3.780409284909058263e-07 3.657687937303969750e-07 3.756925832613888591e-07 3.967887051041613445e-07 4.123598134685220650e-07 4.238028244637942634e-07 4.351111695816668309e-07 4.356621694480701105e-07 4.525192953861320543e-07 4.751251238340364284e-07 4.967629064832782108e-07 5.229333040944511674e-07 5.655030504161924718e-07 6.320517259394313865e-07 7.006101180023936914e-07 7.532155365323838951e-07 7.907122265223443530e-07 8.325541463771373751e-07 8.927767647526827334e-07
3.752506341591385372e-07 3.776569656379733676e-07 3.640251001095646888e-07 3.764133382429912588e-07 3.997554793088443450e-07 4.107416876097362592e-07 4.239142700507848861e-07 4.369341328638780396e-07 4.384864733331463382e-07 4.558322548734969531e-07 4.773284785285001041e-07 4.996094787669948162e-07 5.274112256392772381e-07 5.726525283845993276e-07 6.456033709562083535e-07 7.244113009472299739e-07 7.907122265223443530e-07 8.537746698881180660e-07 9.219748774145238948e-07 1.005990191942216238e-06
3.787426444202212750e-07 3.906520649395175534e-07 3.672434593069516631e-07 3.779783128151425985e-07 4.046543015446854879e-07 4.147372180498875804e-07 4.262495494464674141e-07 4.411870409709643013e-07 4.454459338317716625e-07 4.633038784886248902e-07 4.819453172101000148e-07 5.065444121432839859e-07 5.337091189228776631e-07 5.812185674537426879e-07 6.615689984575478543e-07 7.525927278633959134e-07 8.325541463771373751e-07 9.219748774145238948e-07 1.041166661041875148e-06 1.172093156679297894e-06
3.883760202400879977e-07 4.086788590800914858e-07 3.767716238895368118e-07 3.816779694801336430e-07 4.154446796175577448e-07 4.226457056406774837e-07 4.335577145256709152e-07 4.504169520156796788e-07 4.567948617419520586e-07 4.742761197326360518e-07 4.919081177935865588e-07 5.193536044551646942e-07 5.466371672363384151e-07 5.987056412002863493e-07 6.890812022399910026e-07 7.961950600914174828e-07 8.927767647526827334e-07 1.005990191942216238e-06 1.172093156679297894e-06 1.365679175173653039e-06
