9.036824876511066327e-11 6.872521103224306035e-11 5.021689359835921512e-11 3.914925205503837790e-11 2.923611862558716742e-11 2.684042086091628652e-11 1.769679673702070742e-11 1.402157619508486285e-11 1.413397784825325737e-11 1.887838031086639297e-11 2.015806908843668857e-11 2.141454203746169656e-11 2.006688491291974026e-11 1.897501657592766862e-11 1.419293185546422996e-11 1.090970350075701188e-11 1.124954551060574721e-11 9.516992685269731397e-12 7.766837345774935246e-12 5.580018507130764016e-12
6.872521103224306035e-11 8.435945348110369663e-11 6.012922527492283587e-11 4.762827889690054744e-11 3.630303523496569435e-11 2.983490227196546422e-11 2.049774668847765689e-11 1.664848071759650711e-11 1.263978155045887135e-11 1.441885146819965180e-11 1.685483390664506560e-11 1.872624121511732454e-11 1.778952897536570536e-11 1.890697137715715431e-11 1.389011701111703245e-11 1.121165873284911802e-11 1.143436558361691669e-11 9.184082288410829946e-12 3.825863487036319234e-12 8.971884075538484143e-13
5.021689359835921512e-11 6.012922527492283587e-11 6.515944775659453316e-11 5.012499081146842229e-11 3.730584009446044026e-11 2.763063192466699323e-11 1.886872315197304205e-11 1.622561624429502532e-11 1.174021822461971221e-11 1.106894185912193630e-11 1.170205403714571559e-11 1.345848995728538225e-11 1.147661892930425311e-11 1.261137875525329322e-11 8.966572999902281158e-12 6.054181666855580209e-12 5.470626281525528853e-12 5.015181917203447853e-12 2.533680329183614531e-12 1.027812237790630311e-12
3.914925205503837790e-11 4.762827889690054744e-11 5.012499081146842229e-11 5.289513046898445226e-11 4.001034602781907796e-11 3.017260692332115541e-11 2.118027726067368490e-11 1.919668365122077544e-11 1.300274050289831876e-11 1.209866153170227063e-11 1.176680200161359254e-11 1.174967011913247756e-11 9.514837161300292312e-12 1.007749882776420047e-11 7.228555621800212094e-12 4.387995181251556344e-12 4.771576029227978885e-12 3.689358564132043425e-12 7.155428420891327290e-13 -1.640347497824838049e-12
2.923611862558716742e-11 3.630303523496569435e-11 3.730584009446044026e-11 4.001034602781907796e-11 4.542245615918179618e-11 3.011323983460865130e-11 2.087159286789053205e-11 1.804005988604950740e-11 1.186602611058820774e-11 9.877463636440446945e-12 1.000639141734414914e-11 9.131031961185835422e-12 9.110097924571995970e-12 9.536753558792122280e-12 6.667841139366214217e-12 3.620146033072572936e-12 3.298572450844405144e-12 2.143413148584992303e-12 -1.503713222195553291e-12 -3.948299068138081546e-12
2.684042086091628652e-11 2.983490227196546422e-11 2.763063192466699323e-11 3.017260692332115541e-11 3.011323983460865130e-11 3.287890206302640631e-11 2.296583479959121974e-11 1.777007283712924623e-11 1.152761796074639704e-11 1.073710432281294701e-11 9.661647141385887821e-12 8.568236061865445841e-12 8.949990559937374506e-12 6.950626672181803669e-12 4.313596346577726039e-12 2.653519434356961528e-12 3.022170801533913442e-12 1.863349014498713492e-12 -7.752434205426562825e-13 -3.223976166531132608e-12
1.769679673702070742e-11 2.049774668847765689e-11 1.886872315197304205e-11 2.118027726067368490e-11 2.087159286789053205e-11 2.296583479959121974e-11 2.679584105803246219e-11 1.962422452283393139e-11 1.228778069096742396e-11 1.161411788556387410e-11 8.675188877012969942e-12 6.737620001416397480e-12 7.353457575924976004e-12 6.010019845874219183e-12 2.838330243835630988e-12 6.732773043518418244e-13 1.354635966821330928e-12 1.158564802916101260e-12 -3.363876536712784794e-13 -2.875037029053646388e-12
1.402157619508486285e-11 1.664848071759650711e-11 1.622561624429502532e-11 1.919668365122077544e-11 1.804005988604950740e-11 1.777007283712924623e-11 1.962422452283393139e-11 2.494730035366660967e-11 1.578572065421291273e-11 1.389877166864699553e-11 1.071526379021786295e-11 8.867217887134920371e-12 8.736830528035302445e-12 6.128430639161442277e-12 4.325252487243002289e-12 2.641564422249422146e-12 1.982385572033683742e-12 4.942622655955124566e-13 -1.757239467025272876e-12 -3.155203493303002505e-12
1.413397784825325737e-11 1.263978155045887135e-11 1.174021822461971221e-11 1.300274050289831876e-11 1.186602611058820774e-11 1.152761796074639704e-11 1.228778069096742396e-11 1.578572065421291273e-11 1.945676039686287614e-11 1.676287614416457355e-11 1.178690426203456694e-11 9.027108420349835149e-12 8.405289849328290506e-12 5.854100821084807080e-12 4.221980476724191365e-12 6.099904217278122877e-13 3.285243459313865801e-13 -2.121388693200758196e-13 1.424655768377921287e-13 -6.373247487539347720e-13
1.887838031086639297e-11 1.441885146819965180e-11 1.106894185912193630e-11 1.209866153170227063e-11 9.877463636440446945e-12 1.073710432281294701e-11 1.161411788556387410e-11 1.389877166864699553e-11 1.676287614416457355e-11 2.515887579007564284e-11 1.926522673388193747e-11 1.391344777156021080e-11 1.256836449821443305e-11 9.526608415389760143e-12 6.575375005674522555e-12 3.846750947205097352e-12 3.392281332684625140e-12 2.693731084009730283e-12 2.596136387276495856e-12 1.471386224337041897e-12
2.015806908843668857e-11 1.685483390664506560e-11 1.170205403714571559e-11 1.176680200161359254e-11 1.000639141734414914e-11 9.661647141385887821e-12 8.675188877012969942e-12 1.071526379021786295e-11 1.178690426203456694e-11 1.926522673388193747e-11 2.468686430271327211e-11 1.942283348459528615e-11 1.644820157088025143e-11 1.280699729358168986e-11 9.610405893291264428e-12 5.904077667552423912e-12 4.349998463406990783e-12 3.806264213412836607e-12 2.911432153402356907e-12 2.084828223028531634e-12
2.141454203746169656e-11 1.872624121511732454e-11 1.345848995728538225e-11 1.174967011913247756e-11 9.131031961185835422e-12 8.568236061865445841e-12 6.737620001416397480e-12 8.867217887134920371e-12 9.027108420349835149e-12 1.391344777156021080e-11 1.942283348459528615e-11 2.554856921845653164e-11 2.235789985011660843e-11 1.873377728386718857e-11 1.489198540484198129e-11 1.090127253380372638e-11 7.179594911323492810e-12 4.423908051259627207e-12 2.154978716402643619e-12 1.267178717454692036e-12
2.006688491291974026e-11 1.778952897536570536e-11 1.147661892930425311e-11 9.514837161300292312e-12 9.110097924571995970e-12 8.949990559937374506e-12 7.353457575924976004e-12 8.736830528035302445e-12 8.405289849328290506e-12 1.256836449821443305e-11 1.644820157088025143e-11 2.235789985011660843e-11 2.814027429213478795e-11 2.438421558118206229e-11 1.990593802416025574e-11 1.574860787609147034e-11 1.166857319672323109e-11 7.539226255066925369e-12 2.959110048606892471e-12 1.250493395230525257e-12
1.897501657592766862e-11 1.890697137715715431e-11 1.261137875525329322e-11 1.007749882776420047e-11 9.536753558792122280e-12 6.950626672181803669e-12 6.010019845874219183e-12 6.128430639161442277e-12 5.854100821084807080e-12 9.526608415389760143e-12 1.280699729358168986e-11 1.873377728386718857e-11 2.438421558118206229e-11 3.050944499714029057e-11 2.602188839405875161e-11 2.061376679846839784e-11 1.603745866688649016e-11 9.345225381576628213e-12 2.702563119294535391e-12 1.983962756133209709e-14
1.419293185546422996e-11 1.389011701111703245e-11 8.966572999902281158e-12 7.228555621800212094e-12 6.667841139366214217e-12 4.313596346577726039e-12 2.838330243835630988e-12 4.325252487243002289e-12 4.221980476724191365e-12 6.575375005674522555e-12 9.610405893291264428e-12 1.489198540484198129e-11 1.990593802416025574e-11 2.602188839405875161e-11 3.130671332363678201e-11 2.845941305735347726e-11 2.144867721558909413e-11 1.220388670581336570e-11 3.738739481658345085e-12 9.108192417862115488e-13
1.090970350075701188e-11 1.121165873284911802e-11 6.054181666855580209e-12 4.387995181251556344e-12 3.620146033072572936e-12 2.653519434356961528e-12 6.732773043518418244e-13 2.641564422249422146e-12 6.099904217278122877e-13 3.846750947205097352e-12 5.904077667552423912e-12 1.090127253380372638e-11 1.574860787609147034e-11 2.061376679846839784e-11 2.845941305735347726e-11 3.535451477270757122e-11 3.049493692628099455e-11 1.974354267061688467e-11 8.609804429311886604e-12 3.776845250695519239e-12
1.124954551060574721e-11 1.143436558361691669e-11 5.470626281525528853e-12 4.771576029227978885e-12 3.298572450844405144e-12 3.022170801533913442e-12 1.354635966821330928e-12 1.982385572033683742e-12 3.285243459313865801e-13 3.392281332684625140e-12 4.349998463406990783e-12 7.179594911323492810e-12 1.166857319672323109e-11 1.603745866688649016e-11 2.144867721558909413e-11 3.049493692628099455e-11 3.737924326707598580e-11 2.801234132921961847e-11 1.291455385145340070e-11 4.513326263272064432e-12
9.516992685269731397e-12 9.184082288410829946e-12 5.015181917203447853e-12 3.689358564132043425e-12 2.143413148584992303e-12 1.863349014498713492e-12 1.158564802916101260e-12 4.942622655955124566e-13 -2.121388693200758196e-13 2.693731084009730283e-12 3.806264213412836607e-12 4.423908051259627207e-12 7.539226255066925369e-12 9.345225381576628213e-12 1.220388670581336570e-11 1.974354267061688467e-11 2.801234132921961847e-11 3.251233878065406027e-11 2.122908288541892980e-11 9.713890312857208839e-12
7.766837345774935246e-12 3.825863487036319234e-12 2.533680329183614531e-12 7.155428420891327290e-13 -1.503713222195553291e-12 -7.752434205426562825e-13 -3.363876536712784794e-13 -1.757239467025272876e-12 1.424655768377921287e-13 2.596136387276495856e-12 2.911432153402356907e-12 2.154978716402643619e-12 2.959110048606892471e-12 2.702563119294535391e-12 3.738739481658345085e-12 8.609804429311886604e-12 1.291455385145340070e-11 2.122908288541892980e-11 2.320825995900028918e-11 1.429581496296914458e-11
5.580018507130764016e-12 8.971884075538484143e-13 1.027812237790630311e-12 -1.640347497824838049e-12 -3.948299068138081546e-12 -3.223976166531132608e-12 -2.875037029053646388e-12 -3.155203493303002505e-12 -6.373247487539347720e-13 1.471386224337041897e-12 2.084828223028531634e-12 1.267178717454692036e-12 1.250493395230525257e-12 1.983962756133209709e-14 9.108192417862115488e-13 3.776845250695519239e-12 4.513326263272064432e-12 9.713890312857208839e-12 1.429581496296914458e-11 1.854534411282038564e-11
