9.215602231993908795e-11 7.015764194095595357e-11 5.123861179047373140e-11 4.007422612531165924e-11 3.029840482341561367e-11 2.734593164365501430e-11 1.817527103977009678e-11 1.416870874347425320e-11 1.401022246270485388e-11 1.914694576788900787e-11 2.049534947759441807e-11 2.155278669455698234e-11 2.021285180781024790e-11 1.961813137804921121e-11 1.449722596589342052e-11 1.150002229661388186e-11 1.170021371705466568e-11 9.488642561942784514e-12 7.997977131029215453e-12 6.089918010453887197e-12
7.015764194095595357e-11 8.577648221787778198e-11 6.114258277742163966e-11 4.825561885934027070e-11 3.702743406474998478e-11 2.981020266684874240e-11 2.046170423593779345e-11 1.630403779415469186e-11 1.237107788584532598e-11 1.465030498460927471e-11 1.721449763955855210e-11 1.889588358104172730e-11 1.786327298742900927e-11 1.957654468017751569e-11 1.457629247383877665e-11 1.206314698402945330e-11 1.212383475638571111e-11 9.294762155317742511e-12 3.964922872547844153e-12 1.202740609108683417e-12
5.123861179047373140e-11 6.114258277742163966e-11 6.617541418035034418e-11 5.055115849362872776e-11 3.769439325299280646e-11 2.766812054043614317e-11 1.891043917001461625e-11 1.608388420270983796e-11 1.163618028823901516e-11 1.126444273838374028e-11 1.196978771956320470e-11 1.350545272706585281e-11 1.148644558151171892e-11 1.304972467444717327e-11 9.320465708719988282e-12 6.498261106292651755e-12 5.879500948468953594e-12 5.179606880915693821e-12 2.776668321664090817e-12 1.320654473738250672e-12
4.007422612531165924e-11 4.825561885934027070e-11 5.055115849362872776e-11 5.299738382595900837e-11 4.013335796480332378e-11 3.010758242627933440e-11 2.107952153363171118e-11 1.891548408623326380e-11 1.276735305424682146e-11 1.212612594256444342e-11 1.184001671448676423e-11 1.171778889484323900e-11 9.476357578226048854e-12 1.036488297790706392e-11 7.472297142206237169e-12 4.751466795427217860e-12 5.039858695326901645e-12 3.703601662232064811e-12 8.464221765760400707e-13 -1.415824063279140969e-12
3.029840482341561367e-11 3.702743406474998478e-11 3.769439325299280646e-11 4.013335796480332378e-11 4.550946858633644642e-11 3.006495660565808585e-11 2.088987498051678554e-11 1.791676714242734665e-11 1.177089237426579390e-11 9.995984701856745695e-12 1.019946440660047998e-11 9.174284203393928882e-12 9.106188934976308088e-12 9.785906443426783233e-12 6.843385639417512794e-12 3.903840188586967590e-12 3.520886208433128744e-12 2.158177940161949626e-12 -1.425412156680725945e-12 -3.797562047200428824e-12
2.734593164365501430e-11 2.981020266684874240e-11 2.766812054043614317e-11 3.010758242627933440e-11 3.006495660565808585e-11 3.268214577861868821e-11 2.281248423169134364e-11 1.756423932574912423e-11 1.139014483022013584e-11 1.080490570548197047e-11 9.799238355886987079e-12 8.599424970691143255e-12 8.956091799386204407e-12 7.146016701442317425e-12 4.477976646799845363e-12 2.912429965214771550e-12 3.253843752595922520e-12 1.915104777439514477e-12 -6.986368410115463203e-13 -3.080571367910539564e-12
1.817527103977009678e-11 2.046170423593779345e-11 1.891043917001461625e-11 2.107952153363171118e-11 2.088987498051678554e-11 2.281248423169134364e-11 2.667887498793262581e-11 1.943878399900450629e-11 1.215084901719573460e-11 1.163906941686004323e-11 8.748021807386167863e-12 6.717842760976181001e-12 7.315967331867438881e-12 6.142974669365995198e-12 2.939404032722444378e-12 8.517561456718673084e-13 1.505110508823396978e-12 1.185223385406737074e-12 -2.641657280214486216e-13 -2.746059525874410124e-12
1.416870874347425320e-11 1.630403779415469186e-11 1.608388420270983796e-11 1.891548408623326380e-11 1.791676714242734665e-11 1.756423932574912423e-11 1.943878399900450629e-11 2.471053668707376242e-11 1.558608879486190502e-11 1.384186237914090240e-11 1.071944002059490642e-11 8.805414198196329988e-12 8.663772513703984187e-12 6.199385784108987512e-12 4.360729132063868015e-12 2.751272718265437762e-12 2.083103773767761439e-12 4.948425184064690035e-13 -1.723795001555090996e-12 -3.055583657824939044e-12
1.401022246270485388e-11 1.237107788584532598e-11 1.163618028823901516e-11 1.276735305424682146e-11 1.177089237426579390e-11 1.139014483022013584e-11 1.215084901719573460e-11 1.558608879486190502e-11 1.929466326944472606e-11 1.673329930678790045e-11 1.181028640110308543e-11 9.005124885150553713e-12 8.376372102848039982e-12 5.948287435222539156e-12 4.299317973527803033e-12 7.640427366003929281e-13 4.629124353537574060e-13 -1.606974980749562207e-13 2.080005345870467229e-13 -5.330457862225412454e-13
1.914694576788900787e-11 1.465030498460927471e-11 1.126444273838374028e-11 1.212612594256444342e-11 9.995984701856745695e-12 1.080490570548197047e-11 1.163906941686004323e-11 1.384186237914090240e-11 1.673329930678790045e-11 2.522425639755148010e-11 1.936700368608716368e-11 1.397378838501165922e-11 1.261639022610549322e-11 9.673216945700253491e-12 6.686252698068328144e-12 4.012761269782553730e-12 3.538763036553595010e-12 2.769445571834116807e-12 2.674683538024274677e-12 1.582430212994590064e-12
2.049534947759441807e-11 1.721449763955855210e-11 1.196978771956320470e-11 1.184001671448676423e-11 1.019946440660047998e-11 9.799238355886987079e-12 8.748021807386167863e-12 1.071944002059490642e-11 1.181028640110308543e-11 1.936700368608716368e-11 2.482428224111772792e-11 1.952425036024484871e-11 1.653008187314861434e-11 1.297246585355991877e-11 9.730283998709959229e-12 6.071563118279385944e-12 4.501627091170604284e-12 3.898670905371116464e-12 3.004542638930493301e-12 2.192988800107789997e-12
2.155278669455698234e-11 1.889588358104172730e-11 1.350545272706585281e-11 1.171778889484323900e-11 9.174284203393928882e-12 8.599424970691143255e-12 6.717842760976181001e-12 8.805414198196329988e-12 9.005124885150553713e-12 1.397378838501165922e-11 1.952425036024484871e-11 2.562759023148890595e-11 2.241636690728129446e-11 1.886174038863093541e-11 1.497104143487830115e-11 1.101498502457010888e-11 7.289361079953291769e-12 4.483061809671327375e-12 2.215395276044949772e-12 1.339866974314886340e-12
2.021285180781024790e-11 1.786327298742900927e-11 1.148644558151171892e-11 9.476357578226048854e-12 9.106188934976308088e-12 8.956091799386204407e-12 7.315967331867438881e-12 8.663772513703984187e-12 8.376372102848039982e-12 1.261639022610549322e-11 1.653008187314861434e-11 2.241636690728129446e-11 2.817791333416480549e-11 2.448664275301414268e-11 1.996358016981767241e-11 1.584026992584543056e-11 1.175290383574923621e-11 7.574594266127661944e-12 2.998459328919452497e-12 1.301096835223678089e-12
1.961813137804921121e-11 1.957654468017751569e-11 1.304972467444717327e-11 1.036488297790706392e-11 9.785906443426783233e-12 7.146016701442317425e-12 6.142974669365995198e-12 6.199385784108987512e-12 5.948287435222539156e-12 9.673216945700253491e-12 1.297246585355991877e-11 1.886174038863093541e-11 2.448664275301414268e-11 3.066059993294255956e-11 2.611170646525430464e-11 2.072041988546407850e-11 1.612911948235377776e-11 9.384004491512633124e-12 2.741329898233365098e-12 6.824380518927846300e-14
1.449722596589342052e-11 1.457629247383877665e-11 9.320465708719988282e-12 7.472297142206237169e-12 6.843385639417512794e-12 4.477976646799845363e-12 2.939404032722444378e-12 4.360729132063868015e-12 4.299317973527803033e-12 6.686252698068328144e-12 9.730283998709959229e-12 1.497104143487830115e-11 1.996358016981767241e-11 2.611170646525430464e-11 3.130470856575891206e-11 2.845339974192193081e-11 2.143087249214044988e-11 1.214938075551675115e-11 3.712484317438259386e-12 9.122601551226076356e-13
1.150002229661388186e-11 1.206314698402945330e-11 6.498261106292651755e-12 4.751466795427217860e-12 3.903840188586967590e-12 2.912429965214771550e-12 8.517561456718673084e-13 2.751272718265437762e-12 7.640427366003929281e-13 4.012761269782553730e-12 6.071563118279385944e-12 1.101498502457010888e-11 1.584026992584543056e-11 2.072041988546407850e-11 2.845339974192193081e-11 3.530210848248950010e-11 3.042900157610014516e-11 1.965383990687931353e-11 8.564520475184642438e-12 3.774029436873755920e-12
1.170021371705466568e-11 1.212383475638571111e-11 5.879500948468953594e-12 5.039858695326901645e-12 3.520886208433128744e-12 3.253843752595922520e-12 1.505110508823396978e-12 2.083103773767761439e-12 4.629124353537574060e-13 3.538763036553595010e-12 4.501627091170604284e-12 7.289361079953291769e-12 1.175290383574923621e-11 1.612911948235377776e-11 2.143087249214044988e-11 3.042900157610014516e-11 3.728029702143948394e-11 2.790310857862820220e-11 1.286357343615735647e-11 4.516302941731244242e-12
9.488642561942784514e-12 9.294762155317742511e-12 5.179606880915693821e-12 3.703601662232064811e-12 2.158177940161949626e-12 1.915104777439514477e-12 1.185223385406737074e-12 4.948425184064690035e-13 -1.606974980749562207e-13 2.769445571834116807e-12 3.898670905371116464e-12 4.483061809671327375e-12 7.574594266127661944e-12 9.384004491512633124e-12 1.214938075551675115e-11 1.965383990687931353e-11 2.790310857862820220e-11 3.237451736271092798e-11 2.113836234715049583e-11 9.683228456355257770e-12
7.997977131029215453e-12 3.964922872547844153e-12 2.776668321664090817e-12 8.464221765760400707e-13 -1.425412156680725945e-12 -6.986368410115463203e-13 -2.641657280214486216e-13 -1.723795001555090996e-12 2.080005345870467229e-13 2.674683538024274677e-12 3.004542638930493301e-12 2.215395276044949772e-12 2.998459328919452497e-12 2.741329898233365098e-12 3.712484317438259386e-12 8.564520475184642438e-12 1.286357343615735647e-11 2.113836234715049583e-11 2.312373106309102849e-11 1.426393461609321646e-11
6.089918010453887197e-12 1.202740609108683417e-12 1.320654473738250672e-12 -1.415824063279140969e-12 -3.797562047200428824e-12 -3.080571367910539564e-12 -2.746059525874410124e-12 -3.055583657824939044e-12 -5.330457862225412454e-13 1.582430212994590064e-12 2.192988800107789997e-12 1.339866974314886340e-12 1.301096835223678089e-12 6.824380518927846300e-14 9.122601551226076356e-13 3.774029436873755920e-12 4.516302941731244242e-12 9.683228456355257770e-12 1.426393461609321646e-11 1.853407711076486797e-11
