1.103631363918826910e-11 5.416863024062288926e-13 -4.102641745358061701e-13 -4.236472279071782451e-13 3.197661661436291856e-13 -1.270521008408398711e-13 3.439577633124244216e-14 -3.320545272784718455e-13 -5.873171927271954501e-14 2.928838927095916591e-13 2.416611358549801022e-13 5.548902297043717685e-14 4.120114223973702530e-14 -2.491199009943235416e-14 -5.998178009734228835e-14 -3.745911413824360183e-14 5.938143684990861852e-14 1.741476465777785415e-13 1.440237577399484747e-13 -3.551011152118388182e-14
5.416863024062288926e-13 7.243802027906068709e-12 1.104628019352161209e-12 4.978614087450504332e-13 -4.847613896144421485e-14 4.656790096887906165e-14 -3.717262614344063213e-13 -2.376547174063989794e-13 -2.142655856591031674e-13 -8.132379501765759030e-14 5.585797833258991637e-14 1.356266091885157315e-14 -5.329323746433405255e-14 -5.569295255883597481e-14 -1.314177606456686244e-13 -2.000113705816764119e-13 -3.406467136801600854e-13 -2.143811843479788442e-13 -1.793946299128959912e-13 -2.265648824383600469e-13
-4.102641745358061701e-13 1.104628019352161209e-12 5.508178779949988697e-12 9.526079170562537163e-13 1.813516621849038171e-13 3.866826967658797271e-13 2.157370571062581161e-13 -1.716894607353725207e-13 -1.227138178034378454e-13 1.298988181791679620e-13 4.005415809179745860e-14 -3.004735162293571598e-13 -3.641710855420340298e-13 -1.902201251525031382e-13 -2.215504912749301361e-13 -2.405959407829441239e-13 -3.046314755346424927e-13 -2.955762633619926803e-13 -1.249188642229200147e-13 1.523342456787629638e-13
-4.236472279071782451e-13 4.978614087450504332e-13 9.526079170562537163e-13 3.892135019735961895e-12 7.100690643637879542e-13 1.154947983608569643e-13 3.082996791783879791e-13 -1.009921519397652173e-13 -8.044729829394737734e-14 8.217489500123665693e-14 -5.682324736625527591e-14 1.065164727655928165e-13 4.449462377319589061e-14 5.618873263498275564e-14 3.772898747966893067e-14 1.515535157412218097e-14 -2.062463465016772917e-14 -4.508462736646175727e-14 -3.667015113484741722e-14 -5.560508172106867735e-14
3.197661661436291856e-13 -4.847613896144421485e-14 1.813516621849038171e-13 7.100690643637879542e-13 2.326480682288917229e-12 2.769456846764382963e-13 -9.868974129752796189e-14 8.981680657710408845e-15 7.662940489209230744e-14 5.770320522847901465e-14 -2.242103020132255820e-14 -2.254319375127236826e-14 1.411333727841577914e-14 -6.138417651362875396e-14 -1.274747670313221121e-13 -9.752011017096090328e-14 -7.209800650279225768e-14 -1.237664985821386036e-13 -3.285297661719026426e-14 4.870964968947110963e-14
-1.270521008408398711e-13 4.656790096887906165e-14 3.866826967658797271e-13 1.154947983608569643e-13 2.769456846764382963e-13 1.420994388107482467e-12 2.621578275045127324e-13 1.387041659906520860e-13 3.416967451313100600e-14 4.505166492223250593e-14 3.064117597517105640e-14 3.952061875286415424e-14 3.389083107399761725e-14 7.258330795539736507e-14 3.208220404456645843e-14 1.675541192220666985e-14 -4.428298222313620604e-14 -9.896554253591963705e-14 -9.934486562888020151e-14 -9.370221282629503118e-14
3.439577633124244216e-14 -3.717262614344063213e-13 2.157370571062581161e-13 3.082996791783879791e-13 -9.868974129752796189e-14 2.621578275045127324e-13 1.223360816832607071e-12 3.529644923524594846e-13 1.179203546818229976e-13 1.743674354484224475e-13 1.229759209907242510e-13 5.395237854910503646e-14 -4.527288196839657650e-14 1.858246268553088340e-14 9.886432176348517408e-14 8.500381924023983045e-14 7.650787910751150872e-14 1.350956514461711266e-13 4.519320405314013663e-14 -3.919001934652437299e-14
-3.320545272784718455e-13 -2.376547174063989794e-13 -1.716894607353725207e-13 -1.009921519397652173e-13 8.981680657710408845e-15 1.387041659906520860e-13 3.529644923524594846e-13 9.446681422238063227e-13 3.069994027819095877e-13 1.743881462989540444e-13 1.599581949639172599e-13 7.369019726905148341e-14 5.274646267127348371e-14 4.234870210246977287e-14 5.191153307364013860e-14 4.848271088419471731e-14 2.389453434788799747e-14 7.504060506275538671e-14 5.175413039379066266e-14 -3.057817112512449196e-15
-5.873171927271954501e-14 -2.142655856591031674e-13 -1.227138178034378454e-13 -8.044729829394737734e-14 7.662940489209230744e-14 3.416967451313100600e-14 1.179203546818229976e-13 3.069994027819095877e-13 5.918779289773647017e-13 2.411482742826974891e-13 1.757072177922280468e-13 7.927750500045267243e-14 1.836010805457165210e-14 4.474686204974146224e-14 2.881854656229363546e-14 3.295013434160037045e-14 2.199056467726287242e-15 2.585709003264833371e-14 -5.479545819696992639e-15 -1.630686034188896769e-14
2.928838927095916591e-13 -8.132379501765759030e-14 1.298988181791679620e-13 8.217489500123665693e-14 5.770320522847901465e-14 4.505166492223250593e-14 1.743674354484224475e-13 1.743881462989540444e-13 2.411482742826974891e-13 6.146351671468989638e-13 3.306546994866224966e-13 2.081154031204501762e-13 1.540173371378936967e-13 1.149981562141319821e-13 7.096667465260516921e-14 7.168992750487725463e-14 2.064637166478629281e-14 3.383283680017792277e-14 -1.515615843313601321e-14 5.259130614031635979e-15
2.416611358549801022e-13 5.585797833258991637e-14 4.005415809179745860e-14 -5.682324736625527591e-14 -2.242103020132255820e-14 3.064117597517105640e-14 1.229759209907242510e-13 1.599581949639172599e-13 1.757072177922280468e-13 3.306546994866224966e-13 4.942002637027145568e-13 2.681284092063598452e-13 1.464254173807672797e-13 1.022518350606898185e-13 5.340480090818551283e-14 5.308605964796515410e-14 3.200074523842811660e-14 4.536313349963708232e-14 -5.825027650174365812e-16 -3.375371178766807396e-14
5.548902297043717685e-14 1.356266091885157315e-14 -3.004735162293571598e-13 1.065164727655928165e-13 -2.254319375127236826e-14 3.952061875286415424e-14 5.395237854910503646e-14 7.369019726905148341e-14 7.927750500045267243e-14 2.081154031204501762e-13 2.681284092063598452e-13 4.523204174445019707e-13 3.230195063029018338e-13 1.903373839542599678e-13 1.255123026726758953e-13 1.102743829076825172e-13 9.888203185078053925e-14 8.332026645535919871e-14 2.375899226095740847e-14 -2.995827602089080429e-14
4.120114223973702530e-14 -5.329323746433405255e-14 -3.641710855420340298e-13 4.449462377319589061e-14 1.411333727841577914e-14 3.389083107399761725e-14 -4.527288196839657650e-14 5.274646267127348371e-14 1.836010805457165210e-14 1.540173371378936967e-13 1.464254173807672797e-13 3.230195063029018338e-13 4.949952326016738921e-13 2.910450385825499779e-13 1.542216335859525526e-13 1.019322350401656127e-13 6.231411568937107960e-14 2.048149122397238917e-14 -1.236597415991764854e-14 -1.770463147778886592e-14
-2.491199009943235416e-14 -5.569295255883597481e-14 -1.902201251525031382e-13 5.618873263498275564e-14 -6.138417651362875396e-14 7.258330795539736507e-14 1.858246268553088340e-14 4.234870210246977287e-14 4.474686204974146224e-14 1.149981562141319821e-13 1.022518350606898185e-13 1.903373839542599678e-13 2.910450385825499779e-13 3.866046404363392486e-13 2.851362955768826725e-13 2.088789672830401929e-13 1.500158431065194699e-13 6.893141784513321239e-14 1.773681278518226224e-14 -2.152969876588696521e-16
-5.998178009734228835e-14 -1.314177606456686244e-13 -2.215504912749301361e-13 3.772898747966893067e-14 -1.274747670313221121e-13 3.208220404456645843e-14 9.886432176348517408e-14 5.191153307364013860e-14 2.881854656229363546e-14 7.096667465260516921e-14 5.340480090818551283e-14 1.255123026726758953e-13 1.542216335859525526e-13 2.851362955768826725e-13 4.423969711242578452e-13 3.706642649302327034e-13 2.723643930475647009e-13 1.908580949411279569e-13 9.230306298916803666e-14 2.855105529067322631e-14
-3.745911413824360183e-14 -2.000113705816764119e-13 -2.405959407829441239e-13 1.515535157412218097e-14 -9.752011017096090328e-14 1.675541192220666985e-14 8.500381924023983045e-14 4.848271088419471731e-14 3.295013434160037045e-14 7.168992750487725463e-14 5.308605964796515410e-14 1.102743829076825172e-13 1.019322350401656127e-13 2.088789672830401929e-13 3.706642649302327034e-13 5.098035839345531404e-13 3.696489969643704146e-13 2.599828439535181817e-13 1.168565662577179988e-13 3.016449125862678581e-14
5.938143684990861852e-14 -3.406467136801600854e-13 -3.046314755346424927e-13 -2.062463465016772917e-14 -7.209800650279225768e-14 -4.428298222313620604e-14 7.650787910751150872e-14 2.389453434788799747e-14 2.199056467726287242e-15 2.064637166478629281e-14 3.200074523842811660e-14 9.888203185078053925e-14 6.231411568937107960e-14 1.500158431065194699e-13 2.723643930475647009e-13 3.696489969643704146e-13 4.471142064818283273e-13 3.619038532364548687e-13 2.065320861878377729e-13 6.860653896273479985e-14
1.741476465777785415e-13 -2.143811843479788442e-13 -2.955762633619926803e-13 -4.508462736646175727e-14 -1.237664985821386036e-13 -9.896554253591963705e-14 1.350956514461711266e-13 7.504060506275538671e-14 2.585709003264833371e-14 3.383283680017792277e-14 4.536313349963708232e-14 8.332026645535919871e-14 2.048149122397238917e-14 6.893141784513321239e-14 1.908580949411279569e-13 2.599828439535181817e-13 3.619038532364548687e-13 5.104883878488188502e-13 4.119340383231760778e-13 2.259418553732474750e-13
1.440237577399484747e-13 -1.793946299128959912e-13 -1.249188642229200147e-13 -3.667015113484741722e-14 -3.285297661719026426e-14 -9.934486562888020151e-14 4.519320405314013663e-14 5.175413039379066266e-14 -5.479545819696992639e-15 -1.515615843313601321e-14 -5.825027650174365812e-16 2.375899226095740847e-14 -1.236597415991764854e-14 1.773681278518226224e-14 9.230306298916803666e-14 1.168565662577179988e-13 2.065320861878377729e-13 4.119340383231760778e-13 5.894748209478523770e-13 5.023536038326792017e-13
-3.551011152118388182e-14 -2.265648824383600469e-13 1.523342456787629638e-13 -5.560508172106867735e-14 4.870964968947110963e-14 -9.370221282629503118e-14 -3.919001934652437299e-14 -3.057817112512449196e-15 -1.630686034188896769e-14 5.259130614031635979e-15 -3.375371178766807396e-14 -2.995827602089080429e-14 -1.770463147778886592e-14 -2.152969876588696521e-16 2.855105529067322631e-14 3.016449125862678581e-14 6.860653896273479985e-14 2.259418553732474750e-13 5.023536038326792017e-13 6.962488228194525620e-13
