9.175919535656481954e-09 -5.414957590406200792e-10 -2.332636847520192709e-10 3.407702522601186468e-10 4.555732366653552277e-10 2.472420809375271551e-10 9.114435823045283213e-11 -3.383358798676243265e-11 -5.305994840719155166e-11 1.270329615356532874e-10 8.089543415362690500e-11 2.851579544091456150e-11 -8.852245217864553960e-11 -4.860984190409719671e-11 4.905479623003766563e-11 1.637590698017453749e-11 2.647409313802268578e-11 4.686759655167922104e-11 3.728613993297354779e-12 1.828542043891553756e-11
-5.414957590406200792e-10 7.080943733245194590e-09 -1.952986297118355660e-10 -1.436070005967216662e-10 -2.121104701032882900e-10 3.890653160081713079e-11 -8.439069672057017922e-12 -3.308684922624950131e-10 -1.323273043605456706e-11 1.341583335254495197e-10 3.273460098577408932e-11 3.259069373635302773e-11 -1.295212722565997590e-11 -2.391517267412041146e-12 3.684121119260536739e-11 -1.681698895059246530e-12 -1.506725768617426378e-11 -2.027814582212731644e-11 4.423275213537881299e-11 3.619663933668650660e-12
-2.332636847520192709e-10 -1.952986297118355660e-10 4.075895018280316841e-09 3.687598511911783187e-10 1.920415377410934369e-10 1.472247498163265858e-10 9.873617277664777419e-11 -2.008888488122805479e-11 5.432842357877646733e-12 -9.370123196340541068e-11 8.320877611475262785e-11 -5.742533447637291766e-11 1.911883287253774189e-11 3.834746878766844604e-12 5.922465367057540018e-11 -5.671497201101381753e-11 -1.996501256788293785e-12 -3.307180277992563405e-11 1.706636122196839385e-11 1.216344911354448691e-11
3.407702522601186468e-10 -1.436070005967216662e-10 3.687598511911783187e-10 2.972360801411085450e-09 -1.105674181363354383e-11 1.156970146099761995e-10 1.239154778880617423e-10 4.392525571010721178e-11 3.936718621451348144e-12 2.435989813879028883e-11 -4.441784592878914301e-11 -3.161190350782880389e-11 7.083073517167742672e-12 1.815990017899610297e-11 4.322948069826616773e-11 5.347465898342373359e-12 1.850139173992685419e-11 -1.824826463893524751e-11 1.656917584590886315e-11 9.435039248812366675e-12
4.555732366653552277e-10 -2.121104701032882900e-10 1.920415377410934369e-10 -1.105674181363354383e-11 1.557628355187596022e-09 1.734507568267510502e-10 1.894403290574999577e-10 -3.170622145502992315e-12 -2.431295153559576500e-11 6.266373982375277604e-12 2.625791806094331531e-11 1.934892013915937640e-11 4.422159666008881597e-12 8.681874635246715879e-12 1.278054922583025715e-12 1.989285323671066436e-11 -4.143659874129603305e-12 1.573185949792904761e-11 1.767779072606695390e-11 -5.561454710339319210e-13
2.472420809375271551e-10 3.890653160081713079e-11 1.472247498163265858e-10 1.156970146099761995e-10 1.734507568267510502e-10 1.247257136203347044e-09 7.476815195729180890e-11 -6.398633646995313455e-11 -2.571375577126841223e-11 4.586697022958469108e-11 -3.735543953292743801e-11 -2.839943531688365832e-11 -1.931346253910171715e-11 -1.493901898767910087e-11 6.548215848575447329e-12 -3.898197915918721817e-12 6.181890907124484140e-12 -2.526034409683501020e-13 7.885583512238335487e-12 -1.896687574559387830e-11
9.114435823045283213e-11 -8.439069672057017922e-12 9.873617277664777419e-11 1.239154778880617423e-10 1.894403290574999577e-10 7.476815195729180890e-11 7.776454234914876610e-10 4.747557604117414208e-11 5.778288274571811716e-11 6.115509278300853052e-11 2.616135791686653451e-11 -1.142088095451982538e-11 7.104750495131388468e-12 -4.037161571609037941e-11 -7.806606836803090424e-12 2.781811174958184273e-12 -2.850664813316414586e-12 1.185305246007260181e-12 8.714527221045354545e-12 9.739868220988559309e-12
-3.383358798676243265e-11 -3.308684922624950131e-10 -2.008888488122805479e-11 4.392525571010721178e-11 -3.170622145502992315e-12 -6.398633646995313455e-11 4.747557604117414208e-11 5.591665276350881407e-10 4.253631572188250753e-12 3.151167021646558351e-11 3.635663744638237750e-11 4.392715181430637396e-11 -1.118405556849662179e-11 -2.381546507284490540e-11 -2.899100034853559846e-11 -1.532017531172281290e-11 -1.617263155878404379e-11 -6.951418116709444590e-12 -2.853840569241241493e-12 -6.649912090904598336e-13
-5.305994840719155166e-11 -1.323273043605456706e-11 5.432842357877646733e-12 3.936718621451348144e-12 -2.431295153559576500e-11 -2.571375577126841223e-11 5.778288274571811716e-11 4.253631572188250753e-12 3.603956126000283290e-10 6.417761330356780477e-11 -4.158167235822331368e-12 2.529678485121019709e-11 -1.649026859340160224e-11 -1.561179799941899512e-11 -5.666830505323193891e-12 -1.085365218937447887e-11 -9.342032727601938911e-13 2.976822641141083196e-12 -9.932130689234136496e-12 -3.314823160267795374e-12
1.270329615356532874e-10 1.341583335254495197e-10 -9.370123196340541068e-11 2.435989813879028883e-11 6.266373982375277604e-12 4.586697022958469108e-11 6.115509278300853052e-11 3.151167021646558351e-11 6.417761330356780477e-11 2.787005054297391516e-10 2.026323920606121960e-11 2.766219037350320366e-11 1.267556349444198662e-12 -1.331577458229957339e-11 5.724248020381504541e-12 8.750229859403585780e-13 -6.555965059770233257e-12 -1.749051670353275611e-12 6.425875529797222170e-12 2.920959452986923031e-13
8.089543415362690500e-11 3.273460098577408932e-11 8.320877611475262785e-11 -4.441784592878914301e-11 2.625791806094331531e-11 -3.735543953292743801e-11 2.616135791686653451e-11 3.635663744638237750e-11 -4.158167235822331368e-12 2.026323920606121960e-11 1.820136520707193040e-10 5.172826000635751869e-11 1.674561121772322033e-11 1.195385104423452023e-11 5.496858478765376629e-12 8.240879002988432855e-12 -4.607529535620971182e-12 -1.579902311219703222e-13 5.762954080690818968e-12 6.978635875890998758e-14
2.851579544091456150e-11 3.259069373635302773e-11 -5.742533447637291766e-11 -3.161190350782880389e-11 1.934892013915937640e-11 -2.839943531688365832e-11 -1.142088095451982538e-11 4.392715181430637396e-11 2.529678485121019709e-11 2.766219037350320366e-11 5.172826000635751869e-11 1.165117402045601270e-10 3.071135340253583439e-11 1.287077655849464632e-11 3.794236531976654756e-12 6.467701186098155322e-12 -4.551882701622232984e-12 5.118526118656948626e-12 2.519733249071875550e-12 2.162840653828981566e-12
-8.852245217864553960e-11 -1.295212722565997590e-11 1.911883287253774189e-11 7.083073517167742672e-12 4.422159666008881597e-12 -1.931346253910171715e-11 7.104750495131388468e-12 -1.118405556849662179e-11 -1.649026859340160224e-11 1.267556349444198662e-12 1.674561121772322033e-11 3.071135340253583439e-11 9.763564896626611465e-11 3.037063382074595309e-11 2.147029803463770869e-11 1.582294644298422211e-11 2.966174367191758505e-12 3.047141151610174651e-12 -1.833581584364823976e-12 3.083033781595693240e-12
-4.860984190409719671e-11 -2.391517267412041146e-12 3.834746878766844604e-12 1.815990017899610297e-11 8.681874635246715879e-12 -1.493901898767910087e-11 -4.037161571609037941e-11 -2.381546507284490540e-11 -1.561179799941899512e-11 -1.331577458229957339e-11 1.195385104423452023e-11 1.287077655849464632e-11 3.037063382074595309e-11 6.176565813884976015e-11 2.114080700872983613e-11 1.695946775545649059e-11 7.139509204926463244e-12 5.383385836936895350e-12 -1.553040810430774456e-12 1.465659210033619626e-12
4.905479623003766563e-11 3.684121119260536739e-11 5.922465367057540018e-11 4.322948069826616773e-11 1.278054922583025715e-12 6.548215848575447329e-12 -7.806606836803090424e-12 -2.899100034853559846e-11 -5.666830505323193891e-12 5.724248020381504541e-12 5.496858478765376629e-12 3.794236531976654756e-12 2.147029803463770869e-11 2.114080700872983613e-11 5.616476775042729444e-11 2.079897635762830546e-11 8.399041629129676442e-12 4.588411610617955651e-12 1.723248552278733675e-12 8.306015888753989281e-13
1.637590698017453749e-11 -1.681698895059246530e-12 -5.671497201101381753e-11 5.347465898342373359e-12 1.989285323671066436e-11 -3.898197915918721817e-12 2.781811174958184273e-12 -1.532017531172281290e-11 -1.085365218937447887e-11 8.750229859403585780e-13 8.240879002988432855e-12 6.467701186098155322e-12 1.582294644298422211e-11 1.695946775545649059e-11 2.079897635762830546e-11 4.071641888868296083e-11 1.370836864232264967e-11 6.106814101064654807e-12 3.442641853764935800e-12 1.261509818497906853e-12
2.647409313802268578e-11 -1.506725768617426378e-11 -1.996501256788293785e-12 1.850139173992685419e-11 -4.143659874129603305e-12 6.181890907124484140e-12 -2.850664813316414586e-12 -1.617263155878404379e-11 -9.342032727601938911e-13 -6.555965059770233257e-12 -4.607529535620971182e-12 -4.551882701622232984e-12 2.966174367191758505e-12 7.139509204926463244e-12 8.399041629129676442e-12 1.370836864232264967e-11 2.779503814949786948e-11 7.752207402005065062e-12 5.077694876832280921e-12 3.572161748845921687e-12
4.686759655167922104e-11 -2.027814582212731644e-11 -3.307180277992563405e-11 -1.824826463893524751e-11 1.573185949792904761e-11 -2.526034409683501020e-13 1.185305246007260181e-12 -6.951418116709444590e-12 2.976822641141083196e-12 -1.749051670353275611e-12 -1.579902311219703222e-13 5.118526118656948626e-12 3.047141151610174651e-12 5.383385836936895350e-12 4.588411610617955651e-12 6.106814101064654807e-12 7.752207402005065062e-12 2.353946243205857383e-11 4.810809009617637872e-12 3.038154494620856701e-12
3.728613993297354779e-12 4.423275213537881299e-11 1.706636122196839385e-11 1.656917584590886315e-11 1.767779072606695390e-11 7.885583512238335487e-12 8.714527221045354545e-12 -2.853840569241241493e-12 -9.932130689234136496e-12 6.425875529797222170e-12 5.762954080690818968e-12 2.519733249071875550e-12 -1.833581584364823976e-12 -1.553040810430774456e-12 1.723248552278733675e-12 3.442641853764935800e-12 5.077694876832280921e-12 4.810809009617637872e-12 1.430903511827423463e-11 2.376431719019270095e-12
1.828542043891553756e-11 3.619663933668650660e-12 1.216344911354448691e-11 9.435039248812366675e-12 -5.561454710339319210e-13 -1.896687574559387830e-11 9.739868220988559309e-12 -6.649912090904598336e-13 -3.314823160267795374e-12 2.920959452986923031e-13 6.978635875890998758e-14 2.162840653828981566e-12 3.083033781595693240e-12 1.465659210033619626e-12 8.306015888753989281e-13 1.261509818497906853e-12 3.572161748845921687e-12 3.038154494620856701e-12 2.376431719019270095e-12 1.209774971158083276e-11
