8.503184587315538896e-15 -2.108395602560822070e-15 8.067603580406692438e-16 1.894704435750270020e-15 5.390408576093127733e-16 -2.359925641333365900e-15 -1.891135072728716315e-15 6.968209542870337029e-16 6.482463051087846160e-16 -2.478447102313334507e-16 4.603162226689313514e-16 6.317292580714205157e-16 2.057001019670946307e-15 6.940579995321358134e-16 1.674290397969536286e-16 1.780835244065187630e-15 3.033173648568367020e-15 5.160575146172460316e-15 6.560173921266748450e-15 6.416372465736550870e-15 5.250538907776454054e-15 3.343641937567896155e-15 1.073132734650511418e-16 -3.702405198794922593e-16 -2.850821689483535268e-15 -1.951990412923531252e-16
-2.108395602560822070e-15 1.537354650336345100e-14 6.649423332673238069e-16 5.730831458760955713e-15 9.646458211040577440e-16 7.587159344334902034e-15 1.837651338254296125e-15 9.372767253597092479e-16 -1.735406016643729263e-16 1.122113613179635170e-15 1.079458444636927041e-15 4.480486183993375280e-16 -1.227436402639484551e-15 1.755131195239881918e-15 8.869395398408897686e-16 -1.190108020768093439e-15 -5.431309778856681147e-16 -7.349458913857391888e-16 -3.036680470222508264e-15 -4.340833613502158357e-15 -6.463729089269558172e-15 -2.724781391119555952e-15 8.488065446303817395e-15 1.237987545157263558e-14 4.660329116282601748e-15 -4.040723934169571643e-15
8.067603580406692438e-16 6.649423332673238069e-16 4.692356928322565529e-15 -3.301631325389697191e-17 1.973422751953716905e-15 1.983164660051347364e-15 7.350530791530827980e-16 2.319482077181555386e-15 7.505862162832171831e-16 1.584654259791633678e-15 6.829682984255834605e-16 7.457428639528763308e-16 1.460343173750689466e-15 1.838424860093734342e-15 -2.500054485853402989e-16 6.149324532693380449e-16 1.093918067116229215e-15 2.114322341467585766e-15 1.595438352645913085e-15 1.462349476419202858e-15 5.291543847165661512e-16 -1.573020702506486055e-16 1.158940329116768842e-15 2.905687328973495709e-15 -2.637364089703239972e-15 -4.060474196353727442e-15
1.894704435750270020e-15 5.730831458760955713e-15 -3.301631325389697191e-17 1.076727092883504351e-14 3.948523296643284744e-15 1.948303041416883692e-15 -1.768160639707038758e-15 2.422312023148208427e-16 2.606611736655823331e-16 -3.318395169673113421e-16 1.394612563052058891e-16 -3.275327752985708489e-16 5.794268208551971170e-16 -6.400164845705149714e-16 -7.058083653806127881e-16 -1.067306021313267146e-15 3.750734912760740334e-16 1.332588325002518765e-15 1.442842443240532472e-15 5.591791705901975010e-17 -1.270347508895039255e-15 -3.681389407454212402e-16 3.606154452903633326e-15 6.298078276122209357e-15 6.554784570043948183e-16 -6.013817356543054580e-15
5.390408576093127733e-16 9.646458211040577440e-16 1.973422751953716905e-15 3.948523296643284744e-15 9.482643333175133580e-15 4.678552318548483947e-15 1.663844347729910790e-15 7.143701952782028170e-16 9.170815311968933167e-16 1.063349146619871382e-17 3.430662650950072060e-16 1.209298772412907756e-15 3.266413420518170322e-15 1.713660176465877398e-15 -1.535904389510857397e-16 1.479631372131154371e-15 3.804163101004728852e-15 6.215133710149825790e-15 8.724866079471706980e-15 8.692910787819415045e-15 7.643420671650119264e-15 7.008129778358528553e-15 5.521523280266835393e-15 4.404473197000691451e-15 -2.269531320566152103e-17 -2.914999592407090142e-16
-2.359925641333365900e-15 7.587159344334902034e-15 1.983164660051347364e-15 1.948303041416883692e-15 4.678552318548483947e-15 1.103613395774479163e-14 6.354599905707309622e-15 2.617821204840337498e-15 1.090081136312620319e-15 9.275781903049364587e-16 1.267096121786516853e-15 1.777254819602785023e-15 1.273757451669195833e-15 3.077808267913649204e-15 1.732338655320134851e-15 2.081889189278999415e-15 2.957216668487932881e-15 3.523304731150339668e-15 4.960408492465071952e-15 4.986576038452257850e-15 2.652244448721162075e-15 4.169300208386903386e-15 8.037732084039579374e-15 8.731529941696622198e-15 5.688819389094659172e-15 4.539597849431825536e-15
-1.891135072728716315e-15 1.837651338254296125e-15 7.350530791530827980e-16 -1.768160639707038758e-15 1.663844347729910790e-15 6.354599905707309622e-15 7.178239156833386718e-15 2.395189503546998544e-15 4.067465422448179767e-16 3.983564095111525941e-16 7.651897131018132755e-16 1.972728234291558270e-15 2.496215842347461637e-15 4.038631228298929225e-15 4.382839323407723867e-15 5.219155512882073547e-15 5.694411056701971326e-15 6.244671661311729213e-15 8.971688679375986461e-15 9.692053238428026216e-15 8.360533933004066218e-15 6.997108330321754396e-15 4.747378768285049985e-15 3.285572449199872004e-15 3.459041204802727657e-15 6.256131136856539124e-15
6.968209542870337029e-16 9.372767253597092479e-16 2.319482077181555386e-15 2.422312023148208427e-16 7.143701952782028170e-16 2.617821204840337498e-15 2.395189503546998544e-15 3.873865005884806987e-15 1.578518749293318175e-15 1.089554691541053848e-15 1.160914103785005718e-15 1.298252241510297804e-15 1.469304698094128791e-15 1.609013068357716756e-15 5.700703248661803504e-16 1.707050180087485825e-15 2.287931646870246209e-15 3.405009895294328839e-15 4.316550005846084383e-15 4.658599447094430939e-15 4.310870402874037710e-15 4.501362290391502815e-15 4.792389588785050701e-15 4.504583702363243119e-15 -6.540213701114630687e-19 -7.933529830239967334e-16
6.482463051087846160e-16 -1.735406016643729263e-16 7.505862162832171831e-16 2.606611736655823331e-16 9.170815311968933167e-16 1.090081136312620319e-15 4.067465422448179767e-16 1.578518749293318175e-15 1.916360462806320368e-15 1.470674378791691194e-15 1.686513904570088509e-15 1.608651642914271408e-15 1.606502686551527371e-15 1.551323501590001705e-15 6.616994180011940892e-16 1.633185516653382483e-15 2.287201225368093095e-15 3.394419963272565061e-15 4.103324670947945488e-15 4.973284415358038149e-15 5.505812241184483143e-15 5.520410988701792832e-15 4.996189601534013897e-15 3.974928974256707912e-15 1.799696295865286059e-15 1.435113317680398247e-15
-2.478447102313334507e-16 1.122113613179635170e-15 1.584654259791633678e-15 -3.318395169673113421e-16 1.063349146619871382e-17 9.275781903049364587e-16 3.983564095111525941e-16 1.089554691541053848e-15 1.470674378791691194e-15 5.427937912777274731e-15 6.278891689361235902e-15 5.960634603959038028e-15 5.087871942368079999e-15 5.406888805220753261e-15 3.213155445045841461e-15 2.844899831464032529e-15 2.609930693735602760e-15 3.397047518411841463e-15 4.011298560481050323e-15 5.796293663265514461e-15 6.119591966531303806e-15 5.151356859963178266e-15 3.762846334466287345e-15 1.669112811946361941e-15 -5.380902849294655612e-16 -2.783263757565054502e-15
4.603162226689313514e-16 1.079458444636927041e-15 6.829682984255834605e-16 1.394612563052058891e-16 3.430662650950072060e-16 1.267096121786516853e-15 7.651897131018132755e-16 1.160914103785005718e-15 1.686513904570088509e-15 6.278891689361235902e-15 1.191352151661018116e-14 1.200166957959897793e-14 9.993102214174047851e-15 9.011949079675652151e-15 6.412445598170769910e-15 6.194154335141005624e-15 5.973324437330565488e-15 6.973526961633938496e-15 9.582112864629045350e-15 1.231676060347491422e-14 1.223123525456696072e-14 1.096394466159767484e-14 6.611671323756743547e-15 5.218669999697454937e-16 -4.512730386028950718e-16 -3.100503158648155114e-15
6.317292580714205157e-16 4.480486183993375280e-16 7.457428639528763308e-16 -3.275327752985708489e-16 1.209298772412907756e-15 1.777254819602785023e-15 1.972728234291558270e-15 1.298252241510297804e-15 1.608651642914271408e-15 5.960634603959038028e-15 1.200166957959897793e-14 1.465266517919103497e-14 1.378317601788141779e-14 1.318681201051079831e-14 1.049965384328379310e-14 1.133433630658916046e-14 1.197124977108697367e-14 1.350087542653134963e-14 1.692036760737346602e-14 2.011316886134713107e-14 2.019003912166695102e-14 1.636438248350490488e-14 9.291936560440754637e-15 3.927220573902640482e-16 -1.445070870548954373e-15 -2.262287690847746954e-15
2.057001019670946307e-15 -1.227436402639484551e-15 1.460343173750689466e-15 5.794268208551971170e-16 3.266413420518170322e-15 1.273757451669195833e-15 2.496215842347461637e-15 1.469304698094128791e-15 1.606502686551527371e-15 5.087871942368079999e-15 9.993102214174047851e-15 1.378317601788141779e-14 1.941101508298407120e-14 1.895590063772863133e-14 1.781400148122732960e-14 2.042318135568528232e-14 2.240515142233044476e-14 2.462634632344015277e-14 2.892082889144625856e-14 3.178831324491346456e-14 3.082895741165181439e-14 2.100318441108024861e-14 9.531649013335073127e-15 -1.202262482924255984e-15 -3.248994192200668307e-15 -2.107771815245375974e-15
6.940579995321358134e-16 1.755131195239881918e-15 1.838424860093734342e-15 -6.400164845705149714e-16 1.713660176465877398e-15 3.077808267913649204e-15 4.038631228298929225e-15 1.609013068357716756e-15 1.551323501590001705e-15 5.406888805220753261e-15 9.011949079675652151e-15 1.318681201051079831e-14 1.895590063772863133e-14 2.308163672953203656e-14 2.328622225990650691e-14 2.549297442702334043e-14 2.830368808452411588e-14 3.064428480376539184e-14 3.394682746355304520e-14 3.651575138128679931e-14 3.459273996137780526e-14 2.113609291667891938e-14 1.104337495711638770e-14 7.022715631434253109e-16 -3.254759288599139807e-15 -1.891666980822579169e-15
1.674290397969536286e-16 8.869395398408897686e-16 -2.500054485853402989e-16 -7.058083653806127881e-16 -1.535904389510857397e-16 1.732338655320134851e-15 4.382839323407723867e-15 5.700703248661803504e-16 6.616994180011940892e-16 3.213155445045841461e-15 6.412445598170769910e-15 1.049965384328379310e-14 1.781400148122732960e-14 2.328622225990650691e-14 2.990951647648481132e-14 3.264146231637122295e-14 3.632155558856630140e-14 3.889390653150129775e-14 4.240816802195613933e-14 4.545749190363523184e-14 4.323846724186828019e-14 2.767518217250254426e-14 1.596398988959925719e-14 4.404716064760999039e-15 1.481624418851603901e-15 4.452091930558248245e-15
1.780835244065187630e-15 -1.190108020768093439e-15 6.149324532693380449e-16 -1.067306021313267146e-15 1.479631372131154371e-15 2.081889189278999415e-15 5.219155512882073547e-15 1.707050180087485825e-15 1.633185516653382483e-15 2.844899831464032529e-15 6.194154335141005624e-15 1.133433630658916046e-14 2.042318135568528232e-14 2.549297442702334043e-14 3.264146231637122295e-14 4.109218893223160571e-14 4.753102186379875916e-14 5.220635760434295558e-14 5.757067629770476423e-14 6.255453759583280702e-14 6.060261117106864488e-14 4.097551326105135842e-14 2.173496079122430337e-14 6.010800364556523407e-15 2.653253577896710674e-15 5.290451337242133170e-15
3.033173648568367020e-15 -5.431309778856681147e-16 1.093918067116229215e-15 3.750734912760740334e-16 3.804163101004728852e-15 2.957216668487932881e-15 5.694411056701971326e-15 2.287931646870246209e-15 2.287201225368093095e-15 2.609930693735602760e-15 5.973324437330565488e-15 1.197124977108697367e-14 2.240515142233044476e-14 2.830368808452411588e-14 3.632155558856630140e-14 4.753102186379875916e-14 6.369847128146924399e-14 7.401982606646149609e-14 8.296397739002878955e-14 9.115107745376885724e-14 8.883658799642962713e-14 6.091688760243480278e-14 3.090273616180856067e-14 9.573603768520543549e-15 1.150343135569681918e-15 7.843739283829312334e-15
5.160575146172460316e-15 -7.349458913857391888e-16 2.114322341467585766e-15 1.332588325002518765e-15 6.215133710149825790e-15 3.523304731150339668e-15 6.244671661311729213e-15 3.405009895294328839e-15 3.394419963272565061e-15 3.397047518411841463e-15 6.973526961633938496e-15 1.350087542653134963e-14 2.462634632344015277e-14 3.064428480376539184e-14 3.889390653150129775e-14 5.220635760434295558e-14 7.401982606646149609e-14 9.854107787543956732e-14 1.182185834195493076e-13 1.315261318069434824e-13 1.303558206979784312e-13 9.429748379449323789e-14 4.545202154458656062e-14 1.733810115514335539e-14 4.388014843358143797e-15 1.483519409387845873e-14
6.560173921266748450e-15 -3.036680470222508264e-15 1.595438352645913085e-15 1.442842443240532472e-15 8.724866079471706980e-15 4.960408492465071952e-15 8.971688679375986461e-15 4.316550005846084383e-15 4.103324670947945488e-15 4.011298560481050323e-15 9.582112864629045350e-15 1.692036760737346602e-14 2.892082889144625856e-14 3.394682746355304520e-14 4.240816802195613933e-14 5.757067629770476423e-14 8.296397739002878955e-14 1.182185834195493076e-13 1.590474362845224597e-13 1.861056385647098700e-13 1.896918277551523390e-13 1.480681863217847492e-13 6.964435720105606863e-14 2.283151110794362570e-14 1.103658579117851609e-14 2.932495545652212287e-14
6.416372465736550870e-15 -4.340833613502158357e-15 1.462349476419202858e-15 5.591791705901975010e-17 8.692910787819415045e-15 4.986576038452257850e-15 9.692053238428026216e-15 4.658599447094430939e-15 4.973284415358038149e-15 5.796293663265514461e-15 1.231676060347491422e-14 2.011316886134713107e-14 3.178831324491346456e-14 3.651575138128679931e-14 4.545749190363523184e-14 6.255453759583280702e-14 9.115107745376885724e-14 1.315261318069434824e-13 1.861056385647098700e-13 2.376303440963044997e-13 2.560381875600799508e-13 2.142033282232931934e-13 1.099077497380441299e-13 3.461120055793581166e-14 2.065527610100320916e-14 4.380017534238908434e-14
5.250538907776454054e-15 -6.463729089269558172e-15 5.291543847165661512e-16 -1.270347508895039255e-15 7.643420671650119264e-15 2.652244448721162075e-15 8.360533933004066218e-15 4.310870402874037710e-15 5.505812241184483143e-15 6.119591966531303806e-15 1.223123525456696072e-14 2.019003912166695102e-14 3.082895741165181439e-14 3.459273996137780526e-14 4.323846724186828019e-14 6.060261117106864488e-14 8.883658799642962713e-14 1.303558206979784312e-13 1.896918277551523390e-13 2.560381875600799508e-13 3.022921174302089258e-13 2.793689794747075519e-13 1.670405782950025479e-13 6.130951772133779250e-14 3.336231771964875668e-14 5.208422252963661206e-14
3.343641937567896155e-15 -2.724781391119555952e-15 -1.573020702506486055e-16 -3.681389407454212402e-16 7.008129778358528553e-15 4.169300208386903386e-15 6.997108330321754396e-15 4.501362290391502815e-15 5.520410988701792832e-15 5.151356859963178266e-15 1.096394466159767484e-14 1.636438248350490488e-14 2.100318441108024861e-14 2.113609291667891938e-14 2.767518217250254426e-14 4.097551326105135842e-14 6.091688760243480278e-14 9.429748379449323789e-14 1.480681863217847492e-13 2.142033282232931934e-13 2.793689794747075519e-13 3.206506830923353348e-13 2.464029460178523917e-13 1.253030968542572513e-13 6.397453946702578861e-14 6.665876450906282068e-14
1.073132734650511418e-16 8.488065446303817395e-15 1.158940329116768842e-15 3.606154452903633326e-15 5.521523280266835393e-15 8.037732084039579374e-15 4.747378768285049985e-15 4.792389588785050701e-15 4.996189601534013897e-15 3.762846334466287345e-15 6.611671323756743547e-15 9.291936560440754637e-15 9.531649013335073127e-15 1.104337495711638770e-14 1.596398988959925719e-14 2.173496079122430337e-14 3.090273616180856067e-14 4.545202154458656062e-14 6.964435720105606863e-14 1.099077497380441299e-13 1.670405782950025479e-13 2.464029460178523917e-13 2.830345729728541830e-13 2.241908666467092405e-13 1.187669476844132055e-13 8.122139125792403245e-14
-3.702405198794922593e-16 1.237987545157263558e-14 2.905687328973495709e-15 6.298078276122209357e-15 4.404473197000691451e-15 8.731529941696622198e-15 3.285572449199872004e-15 4.504583702363243119e-15 3.974928974256707912e-15 1.669112811946361941e-15 5.218669999697454937e-16 3.927220573902640482e-16 -1.202262482924255984e-15 7.022715631434253109e-16 4.404716064760999039e-15 6.010800364556523407e-15 9.573603768520543549e-15 1.733810115514335539e-14 2.283151110794362570e-14 3.461120055793581166e-14 6.130951772133779250e-14 1.253030968542572513e-13 2.241908666467092405e-13 2.908461023964935323e-13 2.087205012207826265e-13 1.216069539947906447e-13
-2.850821689483535268e-15 4.660329116282601748e-15 -2.637364089703239972e-15 6.554784570043948183e-16 -2.269531320566152103e-17 5.688819389094659172e-15 3.459041204802727657e-15 -6.540213701114630687e-19 1.799696295865286059e-15 -5.380902849294655612e-16 -4.512730386028950718e-16 -1.445070870548954373e-15 -3.248994192200668307e-15 -3.254759288599139807e-15 1.481624418851603901e-15 2.653253577896710674e-15 1.150343135569681918e-15 4.388014843358143797e-15 1.103658579117851609e-14 2.065527610100320916e-14 3.336231771964875668e-14 6.397453946702578861e-14 1.187669476844132055e-13 2.087205012207826265e-13 2.990079684546314373e-13 2.407527737174855363e-13
-1.951990412923531252e-16 -4.040723934169571643e-15 -4.060474196353727442e-15 -6.013817356543054580e-15 -2.914999592407090142e-16 4.539597849431825536e-15 6.256131136856539124e-15 -7.933529830239967334e-16 1.435113317680398247e-15 -2.783263757565054502e-15 -3.100503158648155114e-15 -2.262287690847746954e-15 -2.107771815245375974e-15 -1.891666980822579169e-15 4.452091930558248245e-15 5.290451337242133170e-15 7.843739283829312334e-15 1.483519409387845873e-14 2.932495545652212287e-14 4.380017534238908434e-14 5.208422252963661206e-14 6.665876450906282068e-14 8.122139125792403245e-14 1.216069539947906447e-13 2.407527737174855363e-13 3.843026406639938090e-13
