2.161050478703121146e-14 9.469102786694818224e-15 3.347216256951836600e-15 4.943720547981703806e-15 3.189302357967758570e-15 5.428703822541743897e-15 6.398756150294559253e-16 1.946411759357390196e-16 -5.574495044242882084e-17 9.641645183029807733e-16 2.453265211538271468e-15 1.433513860838398009e-15 -6.286912730171165990e-16 1.318775175054036563e-15 9.163506329787968337e-16 2.663720644932475385e-16 1.411714022919386149e-15 2.467111131699808846e-15 2.771574630461108669e-15 1.160331963204027104e-15 -7.021805131266789025e-16 1.250891557839105137e-16 3.776426694868296829e-15 -1.078275481789588024e-15 3.123993451226376057e-15 4.706983344727566104e-15
9.469102786694818224e-15 1.936430173383312800e-14 2.459613515810686619e-15 3.869539131476203616e-15 3.659295621196190141e-15 6.838609422617061250e-15 2.489580610055931822e-15 1.619155203415292571e-15 1.366169155311396556e-15 -8.444700505069882669e-16 1.320659646101798981e-15 8.257914733757946443e-16 -2.385504110902737966e-15 -2.432899824920887293e-15 6.002064442380773081e-16 -6.508481788635191035e-16 3.165439158368895649e-16 1.757750927146448365e-15 3.941908766287847394e-15 4.468284783166482971e-15 2.774376613063064606e-15 6.824596825237658824e-15 9.432172732074064306e-15 7.085049491264321884e-15 5.007971223571183357e-15 4.554452138174260411e-15
3.347216256951836600e-15 2.459613515810686619e-15 1.355239798407387045e-14 3.211157283484140263e-15 3.452704570508131186e-15 3.442091351897290192e-15 -7.599062544513003428e-16 1.205279346750455580e-15 2.583648473203097096e-15 -2.108733869480302966e-16 -3.573712154918593648e-16 -5.560055033543907499e-16 -1.105201170108075797e-17 -2.797004714866256848e-16 -1.703640667108602804e-15 -8.008301914501250421e-16 5.842522232325198401e-16 7.228013280907287154e-16 -8.803523159931043639e-16 -3.144734178287695127e-15 -4.325352493389106895e-15 -2.265876434053337235e-15 3.597388483940545746e-15 7.463906973601542080e-15 2.242851629396084627e-15 -3.067331846814966355e-15
4.943720547981703806e-15 3.869539131476203616e-15 3.211157283484140263e-15 7.898732224491244726e-15 3.428200885861889123e-15 3.609642572639697750e-15 1.007145174363599567e-15 -5.311742292956155849e-16 9.750304185547380799e-17 -7.876910531614394514e-16 1.373593423876590359e-15 9.811831958039523245e-16 1.527120786132798057e-15 1.089457635738771777e-15 1.685711759638551438e-15 2.059825505655510878e-15 3.352421312689646414e-15 4.805594626246137551e-15 7.049927507303624725e-15 6.841235901791983394e-15 5.326717625672868710e-15 5.435640805139847646e-15 5.655241259181382214e-15 4.682720321212056811e-15 3.461041979998859670e-15 1.624630820474652464e-15
3.189302357967758570e-15 3.659295621196190141e-15 3.452704570508131186e-15 3.428200885861889123e-15 6.270134327935186553e-15 3.312268631319625386e-15 2.985056884486974667e-16 -3.822224979353031313e-16 8.668176552454168762e-16 3.053804995393305272e-16 7.575675751019235354e-16 8.663016049310318657e-16 -2.965339293455557702e-17 -9.524916587780739021e-16 -1.609685735804671167e-15 -1.341285814751248208e-15 3.204668962329925293e-16 1.900817198361385723e-15 3.003094078115489502e-15 2.239144489340892035e-15 8.642557757848638825e-16 2.481301521590908835e-15 2.669305917070503819e-15 2.903161695752549357e-15 3.379777618336076895e-15 1.606715049647943318e-15
5.428703822541743897e-15 6.838609422617061250e-15 3.442091351897290192e-15 3.609642572639697750e-15 3.312268631319625386e-15 1.035127509063346058e-14 4.859029206991479097e-15 1.522013553197140448e-15 1.319409549611713155e-15 7.746493302103492650e-16 2.221121508170433373e-15 1.553786267005178154e-15 3.140750838783746042e-16 1.259761171111597677e-15 9.349808563154339443e-16 1.381408914929620094e-15 2.565909026680717951e-15 3.551998105992937721e-15 5.327852794526367396e-15 5.642732274481584744e-15 4.369701616543117335e-15 4.986785220259550221e-15 5.686917581989522353e-15 5.461037654430326183e-15 5.334046095490258003e-15 4.593547453831458301e-15
6.398756150294559253e-16 2.489580610055931822e-15 -7.599062544513003428e-16 1.007145174363599567e-15 2.985056884486974667e-16 4.859029206991479097e-15 9.678172929592017220e-15 2.848093651316738848e-15 1.222443054590397822e-15 1.292519778874166891e-15 1.579135137915388264e-15 1.220022233120445063e-15 4.455891521588225924e-15 4.990466059906459176e-15 5.208134033517908394e-15 6.400093996056113079e-15 7.139834751401381254e-15 7.840005192645440555e-15 1.095037353225941975e-14 1.206055491631454659e-14 1.031409071721274241e-14 8.150193269001755111e-15 4.872472225139262018e-15 2.744309322202690494e-15 2.935010078828013734e-15 7.434787830457524197e-15
1.946411759357390196e-16 1.619155203415292571e-15 1.205279346750455580e-15 -5.311742292956155849e-16 -3.822224979353031313e-16 1.522013553197140448e-15 2.848093651316738848e-15 3.471683543753845691e-15 1.695592988309185967e-15 1.518758345512261180e-15 1.096159612820874023e-15 1.047502718224731311e-15 1.937754754854268118e-15 1.869013295453700502e-15 6.176429863735211902e-16 2.020453346426486243e-15 2.567036579703280839e-15 3.652110637252204965e-15 4.452770864821804818e-15 5.095427971689807526e-15 5.163752381496391738e-15 5.239492803289910243e-15 4.989135382023782908e-15 4.101799575407886635e-15 1.110894074411761015e-16 -8.810265562682105523e-17
-5.574495044242882084e-17 1.366169155311396556e-15 2.583648473203097096e-15 9.750304185547380799e-17 8.668176552454168762e-16 1.319409549611713155e-15 1.222443054590397822e-15 1.695592988309185967e-15 1.977259399518550909e-15 1.282330828367339670e-15 1.378400038735682833e-15 1.137805889475200416e-15 1.507056304687150932e-15 1.027089049283545151e-15 6.513881587541111055e-16 1.499582771848993225e-15 2.243329101138920963e-15 3.238780570388450531e-15 4.214795879337680792e-15 5.020229111101711398e-15 5.274211974140496409e-15 5.734347583732987846e-15 5.090026266205248790e-15 4.750448508942855374e-15 2.619628168863304550e-15 1.999819702886564994e-15
9.641645183029807733e-16 -8.444700505069882669e-16 -2.108733869480302966e-16 -7.876910531614394514e-16 3.053804995393305272e-16 7.746493302103492650e-16 1.292519778874166891e-15 1.518758345512261180e-15 1.282330828367339670e-15 5.911039320879486850e-15 7.120110313133664343e-15 6.346994424183804482e-15 5.799100858877047573e-15 6.018169058347992639e-15 3.415137943268246480e-15 3.289033616506960850e-15 2.960561917176106512e-15 3.625656146105365049e-15 4.451494612136876714e-15 6.643810359032797474e-15 6.837244680932769439e-15 5.893316495795859603e-15 4.804130823890220300e-15 2.294330942799468735e-15 -6.404022368774925092e-16 -2.358146708709125044e-15
2.453265211538271468e-15 1.320659646101798981e-15 -3.573712154918593648e-16 1.373593423876590359e-15 7.575675751019235354e-16 2.221121508170433373e-15 1.579135137915388264e-15 1.096159612820874023e-15 1.378400038735682833e-15 7.120110313133664343e-15 1.353874615125308509e-14 1.269893746646858456e-14 1.136388972203832054e-14 1.054816708000804807e-14 7.400774705360248020e-15 7.320515439410150670e-15 6.811259140433542494e-15 7.829942567368887684e-15 1.057965768827847441e-14 1.379715091304639189e-14 1.360654734162787904e-14 1.193862539338743868e-14 7.857412549412230339e-15 1.692177337433381784e-15 -2.227092296258684813e-16 -2.783508872942094167e-15
1.433513860838398009e-15 8.257914733757946443e-16 -5.560055033543907499e-16 9.811831958039523245e-16 8.663016049310318657e-16 1.553786267005178154e-15 1.220022233120445063e-15 1.047502718224731311e-15 1.137805889475200416e-15 6.346994424183804482e-15 1.269893746646858456e-14 1.441232181414140175e-14 1.418055548079098476e-14 1.347727098620796496e-14 1.069016592756750624e-14 1.155654946064549619e-14 1.230560603363568076e-14 1.413522564715140111e-14 1.734984353024617635e-14 2.080101023780382219e-14 2.068570483797618521e-14 1.655791815317741359e-14 9.078878191045479775e-15 1.703803643989166141e-16 -1.532864768504672692e-15 -2.395226985291399522e-15
-6.286912730171165990e-16 -2.385504110902737966e-15 -1.105201170108075797e-17 1.527120786132798057e-15 -2.965339293455557702e-17 3.140750838783746042e-16 4.455891521588225924e-15 1.937754754854268118e-15 1.507056304687150932e-15 5.799100858877047573e-15 1.136388972203832054e-14 1.418055548079098476e-14 2.019474926966241049e-14 1.965057216717429683e-14 1.789599078975439189e-14 2.052244077187659094e-14 2.274620277806297710e-14 2.518549105093034820e-14 2.967183033700322149e-14 3.298295498962857425e-14 3.187584761107292055e-14 2.196567419296932714e-14 9.385641357584368035e-15 -1.825218828646527994e-15 -3.547672213885594259e-15 -1.565620470239289026e-15
1.318775175054036563e-15 -2.432899824920887293e-15 -2.797004714866256848e-16 1.089457635738771777e-15 -9.524916587780739021e-16 1.259761171111597677e-15 4.990466059906459176e-15 1.869013295453700502e-15 1.027089049283545151e-15 6.018169058347992639e-15 1.054816708000804807e-14 1.347727098620796496e-14 1.965057216717429683e-14 2.386134331281226538e-14 2.365340144303788311e-14 2.591409433947517223e-14 2.886427301962467911e-14 3.119568466102799901e-14 3.444679242132094536e-14 3.739471438622497612e-14 3.527006152074369938e-14 2.155128899204404290e-14 1.059569315623581553e-14 5.064483168083278508e-17 -3.532549417944949390e-15 -1.552171496920889580e-15
9.163506329787968337e-16 6.002064442380773081e-16 -1.703640667108602804e-15 1.685711759638551438e-15 -1.609685735804671167e-15 9.349808563154339443e-16 5.208134033517908394e-15 6.176429863735211902e-16 6.513881587541111055e-16 3.415137943268246480e-15 7.400774705360248020e-15 1.069016592756750624e-14 1.789599078975439189e-14 2.365340144303788311e-14 2.976778891534203774e-14 3.244959961793977560e-14 3.635129732862551650e-14 3.909179030844724571e-14 4.252996928731976032e-14 4.581337566813119695e-14 4.355112578057783480e-14 2.821241490878568072e-14 1.608422648730774443e-14 4.239475783025836914e-15 1.666416309492078735e-15 5.082161694409143401e-15
2.663720644932475385e-16 -6.508481788635191035e-16 -8.008301914501250421e-16 2.059825505655510878e-15 -1.341285814751248208e-15 1.381408914929620094e-15 6.400093996056113079e-15 2.020453346426486243e-15 1.499582771848993225e-15 3.289033616506960850e-15 7.320515439410150670e-15 1.155654946064549619e-14 2.052244077187659094e-14 2.591409433947517223e-14 3.244959961793977560e-14 4.073241134480767661e-14 4.744806519609216331e-14 5.205388796978273059e-14 5.715800183278933126e-14 6.252144145928090977e-14 6.053922800727299480e-14 4.130980030396519120e-14 2.217991804462807542e-14 6.178242014060947490e-15 2.873611667417538263e-15 5.720942703991369286e-15
1.411714022919386149e-15 3.165439158368895649e-16 5.842522232325198401e-16 3.352421312689646414e-15 3.204668962329925293e-16 2.565909026680717951e-15 7.139834751401381254e-15 2.567036579703280839e-15 2.243329101138920963e-15 2.960561917176106512e-15 6.811259140433542494e-15 1.230560603363568076e-14 2.274620277806297710e-14 2.886427301962467911e-14 3.635129732862551650e-14 4.744806519609216331e-14 6.413521365788696236e-14 7.429180082740580627e-14 8.287786079972430529e-14 9.140259631659316230e-14 8.914626896233195518e-14 6.127492942893764223e-14 3.126691251490790544e-14 9.704155157420504101e-15 1.117002962235835003e-15 7.849063345764723316e-15
2.467111131699808846e-15 1.757750927146448365e-15 7.228013280907287154e-16 4.805594626246137551e-15 1.900817198361385723e-15 3.551998105992937721e-15 7.840005192645440555e-15 3.652110637252204965e-15 3.238780570388450531e-15 3.625656146105365049e-15 7.829942567368887684e-15 1.413522564715140111e-14 2.518549105093034820e-14 3.119568466102799901e-14 3.909179030844724571e-14 5.205388796978273059e-14 7.429180082740580627e-14 9.863814623506102622e-14 1.180939153709905177e-13 1.318135280756373889e-13 1.305736181798033222e-13 9.457220040240047479e-14 4.563450016758051259e-14 1.756531021879513153e-14 4.495750574768160514e-15 1.505621610074745581e-14
2.771574630461108669e-15 3.941908766287847394e-15 -8.803523159931043639e-16 7.049927507303624725e-15 3.003094078115489502e-15 5.327852794526367396e-15 1.095037353225941975e-14 4.452770864821804818e-15 4.214795879337680792e-15 4.451494612136876714e-15 1.057965768827847441e-14 1.734984353024617635e-14 2.967183033700322149e-14 3.444679242132094536e-14 4.252996928731976032e-14 5.715800183278933126e-14 8.287786079972430529e-14 1.180939153709905177e-13 1.581471180302960342e-13 1.855770001162731626e-13 1.890451524606020760e-13 1.475422577614309486e-13 6.921894952730927637e-14 2.267022025070467619e-14 1.099186391211410264e-14 2.921887847098166076e-14
1.160331963204027104e-15 4.468284783166482971e-15 -3.144734178287695127e-15 6.841235901791983394e-15 2.239144489340892035e-15 5.642732274481584744e-15 1.206055491631454659e-14 5.095427971689807526e-15 5.020229111101711398e-15 6.643810359032797474e-15 1.379715091304639189e-14 2.080101023780382219e-14 3.298295498962857425e-14 3.739471438622497612e-14 4.581337566813119695e-14 6.252144145928090977e-14 9.140259631659316230e-14 1.318135280756373889e-13 1.855770001162731626e-13 2.375421099697510611e-13 2.558896009990088606e-13 2.140092388996860298e-13 1.095870988027027463e-13 3.450267723359212911e-14 2.055880996344686707e-14 4.364837503828373961e-14
-7.021805131266789025e-16 2.774376613063064606e-15 -4.325352493389106895e-15 5.326717625672868710e-15 8.642557757848638825e-16 4.369701616543117335e-15 1.031409071721274241e-14 5.163752381496391738e-15 5.274211974140496409e-15 6.837244680932769439e-15 1.360654734162787904e-14 2.068570483797618521e-14 3.187584761107292055e-14 3.527006152074369938e-14 4.355112578057783480e-14 6.053922800727299480e-14 8.914626896233195518e-14 1.305736181798033222e-13 1.890451524606020760e-13 2.558896009990088606e-13 3.022119973436732178e-13 2.793619659993378567e-13 1.670249810669226020e-13 6.150454205100709547e-14 3.364343099457573868e-14 5.234092411598685491e-14
1.250891557839105137e-16 6.824596825237658824e-15 -2.265876434053337235e-15 5.435640805139847646e-15 2.481301521590908835e-15 4.986785220259550221e-15 8.150193269001755111e-15 5.239492803289910243e-15 5.734347583732987846e-15 5.893316495795859603e-15 1.193862539338743868e-14 1.655791815317741359e-14 2.196567419296932714e-14 2.155128899204404290e-14 2.821241490878568072e-14 4.130980030396519120e-14 6.127492942893764223e-14 9.457220040240047479e-14 1.475422577614309486e-13 2.140092388996860298e-13 2.793619659993378567e-13 3.206272630945184987e-13 2.462385940700584791e-13 1.253329667618956612e-13 6.415264932815668863e-14 6.694511777521137436e-14
3.776426694868296829e-15 9.432172732074064306e-15 3.597388483940545746e-15 5.655241259181382214e-15 2.669305917070503819e-15 5.686917581989522353e-15 4.872472225139262018e-15 4.989135382023782908e-15 5.090026266205248790e-15 4.804130823890220300e-15 7.857412549412230339e-15 9.078878191045479775e-15 9.385641357584368035e-15 1.059569315623581553e-14 1.608422648730774443e-14 2.217991804462807542e-14 3.126691251490790544e-14 4.563450016758051259e-14 6.921894952730927637e-14 1.095870988027027463e-13 1.670249810669226020e-13 2.462385940700584791e-13 2.826229385696476678e-13 2.239484391435346725e-13 1.186676727322636096e-13 8.122618643916414514e-14
-1.078275481789588024e-15 7.085049491264321884e-15 7.463906973601542080e-15 4.682720321212056811e-15 2.903161695752549357e-15 5.461037654430326183e-15 2.744309322202690494e-15 4.101799575407886635e-15 4.750448508942855374e-15 2.294330942799468735e-15 1.692177337433381784e-15 1.703803643989166141e-16 -1.825218828646527994e-15 5.064483168083278508e-17 4.239475783025836914e-15 6.178242014060947490e-15 9.704155157420504101e-15 1.756531021879513153e-14 2.267022025070467619e-14 3.450267723359212911e-14 6.150454205100709547e-14 1.253329667618956612e-13 2.239484391435346725e-13 2.907270190301417587e-13 2.086523859441223306e-13 1.216129320166612735e-13
3.123993451226376057e-15 5.007971223571183357e-15 2.242851629396084627e-15 3.461041979998859670e-15 3.379777618336076895e-15 5.334046095490258003e-15 2.935010078828013734e-15 1.110894074411761015e-16 2.619628168863304550e-15 -6.404022368774925092e-16 -2.227092296258684813e-16 -1.532864768504672692e-15 -3.547672213885594259e-15 -3.532549417944949390e-15 1.666416309492078735e-15 2.873611667417538263e-15 1.117002962235835003e-15 4.495750574768160514e-15 1.099186391211410264e-14 2.055880996344686707e-14 3.364343099457573868e-14 6.415264932815668863e-14 1.186676727322636096e-13 2.086523859441223306e-13 2.991238527424475909e-13 2.408755409821340482e-13
4.706983344727566104e-15 4.554452138174260411e-15 -3.067331846814966355e-15 1.624630820474652464e-15 1.606715049647943318e-15 4.593547453831458301e-15 7.434787830457524197e-15 -8.810265562682105523e-17 1.999819702886564994e-15 -2.358146708709125044e-15 -2.783508872942094167e-15 -2.395226985291399522e-15 -1.565620470239289026e-15 -1.552171496920889580e-15 5.082161694409143401e-15 5.720942703991369286e-15 7.849063345764723316e-15 1.505621610074745581e-14 2.921887847098166076e-14 4.364837503828373961e-14 5.234092411598685491e-14 6.694511777521137436e-14 8.122618643916414514e-14 1.216129320166612735e-13 2.408755409821340482e-13 3.844434707806718166e-13
