1.550520556317203196e-14 -2.981631403900471904e-15 -7.427206355758801470e-16 1.142615091284998320e-15 1.792475725183002981e-15 -2.620292856284593231e-16 1.081440273541694994e-15 4.911729898738705938e-15 1.335547922385841924e-15 -4.283702451196052192e-16 2.100333139784628356e-17 4.216433758322830318e-16 1.333241960850021871e-15 1.193488243231482431e-15 6.292315944017636641e-16 2.004572561281306224e-15 1.985626134257567689e-15 1.917671017809569996e-15 3.009030388891260964e-15 5.518234146607612321e-15 5.556939779508901712e-15 6.853410953824963377e-15 7.179570612105484663e-15 3.606171409022036244e-15 -7.175910327236255030e-16 1.721508511981022328e-15
-2.981631403900471904e-15 1.566564677011466315e-14 3.639687165583830731e-15 4.036839181098500336e-15 -1.906924408872086112e-15 1.891541549434745745e-15 7.370634730660204749e-16 -1.025303862761428909e-15 6.109032529254782755e-16 3.193709440421375066e-16 8.225792372859447493e-16 1.201047876283409097e-15 -6.762617315253366659e-16 1.071346211743263321e-15 -1.058624412826646817e-15 -1.961490456196830347e-15 -1.590885457390544298e-15 -7.079558147888280833e-16 -2.919075723139554065e-15 -4.891136892991937805e-15 -5.057377401945524881e-15 -4.381071310754757436e-15 1.538417068563874575e-15 1.849918644483539609e-15 -6.024927296198471960e-16 -5.027027770112028078e-15
-7.427206355758801470e-16 3.639687165583830731e-15 1.206559292101218344e-14 7.405145980294366575e-15 4.840053363961930454e-15 5.118708397566427410e-15 4.873740753377991392e-16 -1.633885020789185245e-15 -7.098490561824682407e-16 5.178352067416570904e-16 7.685176247368882107e-16 4.819369225439667284e-16 1.941012795268093047e-15 1.794410445726355731e-15 1.777497769092158555e-15 9.514935597420858274e-16 2.250249686061870567e-15 2.798566989122704814e-15 2.888073110650610509e-15 1.951319299004911972e-15 8.607748100594149368e-16 1.688237825049615006e-16 3.664333440062117568e-15 5.669082850239460790e-15 4.473005040538095621e-16 -3.631269315307735095e-15
1.142615091284998320e-15 4.036839181098500336e-15 7.405145980294366575e-15 1.151422367506308727e-14 3.382568151263111456e-15 3.652296439590563496e-15 -1.349265004782012335e-15 6.957037437942432252e-17 4.066868399025879891e-16 3.996146732135369614e-16 5.668296418352983544e-16 -2.164712862849786451e-16 1.253866039514075264e-16 -3.729810136036405292e-16 -2.552028692384966346e-15 -2.435319249027389760e-15 -1.218643060709385594e-15 -2.904704733754172169e-16 -2.525620819651211518e-15 -4.751534129462675448e-15 -6.409312266399326043e-15 -4.988563816395128173e-15 1.049940407227693482e-15 5.823788750717306629e-15 -1.223644123254381124e-15 -1.161542419452869165e-14
1.792475725183002981e-15 -1.906924408872086112e-15 4.840053363961930454e-15 3.382568151263111456e-15 6.248032299510212300e-15 3.873822164941619470e-15 9.858481856148957439e-16 5.547342661552653629e-16 4.589416832791504333e-16 1.313081975960119324e-15 1.038117719903448564e-15 1.034977656487198775e-15 2.674331074481666730e-15 2.453802356232635915e-15 1.824969500290004441e-15 2.554348821150684185e-15 4.344287213106709317e-15 5.856874668127075394e-15 7.938427574841227879e-15 7.803858718279535383e-15 5.384696244657654877e-15 2.691379322875132634e-15 6.984264279835580714e-16 1.397905656278081933e-15 7.040359428503726830e-17 -7.586222946925653944e-16
-2.620292856284593231e-16 1.891541549434745745e-15 5.118708397566427410e-15 3.652296439590563496e-15 3.873822164941619470e-15 1.125021720447387605e-14 3.163073282128482547e-15 1.378108002658873222e-15 2.055947152084644992e-16 1.289766205191975360e-15 1.084896254700025604e-15 1.856093653123826358e-15 5.323786007537215307e-16 1.005394903565012964e-15 -8.782130771947092164e-16 -4.428727165445865490e-17 1.977318812669579623e-15 3.068300938540186478e-15 4.152632716412945429e-15 3.744495926190011613e-15 2.049636130277930506e-15 4.808602652555579980e-15 8.160045555525983017e-15 9.873311753988670039e-15 6.785608665560841919e-15 3.804977469974077454e-15
1.081440273541694994e-15 7.370634730660204749e-16 4.873740753377991392e-16 -1.349265004782012335e-15 9.858481856148957439e-16 3.163073282128482547e-15 7.325465774991564182e-15 3.670059737359843054e-15 6.998282387798416180e-16 7.865730358436501799e-16 1.028543087650136975e-15 2.064334783674602140e-15 3.373813982654094081e-15 3.954447244082283298e-15 3.789221933826705202e-15 4.928495549223982074e-15 5.403012098422759223e-15 6.099028864742021415e-15 8.417350947386097582e-15 8.581708107843979954e-15 7.200691002119344717e-15 5.985702451673599738e-15 4.469479530769199621e-15 2.558538238478207520e-15 2.061143620538819549e-15 4.025329515496282220e-15
4.911729898738705938e-15 -1.025303862761428909e-15 -1.633885020789185245e-15 6.957037437942432252e-17 5.547342661552653629e-16 1.378108002658873222e-15 3.670059737359843054e-15 5.087396311187524058e-15 1.608984915065277519e-15 1.295165654650353865e-15 9.030908149812283636e-16 1.281959412744071529e-15 2.661862866359590435e-15 2.866262362408205902e-15 1.239525806683506099e-15 2.996907116275308971e-15 3.508823851126103859e-15 4.623375670145996648e-15 5.826301638736629529e-15 6.796061761980675031e-15 6.592664200246710880e-15 6.435910287139408167e-15 5.974258208103783980e-15 4.624933554234743535e-15 6.858552076748642737e-16 1.533586607826935077e-15
1.335547922385841924e-15 6.109032529254782755e-16 -7.098490561824682407e-16 4.066868399025879891e-16 4.589416832791504333e-16 2.055947152084644992e-16 6.998282387798416180e-16 1.608984915065277519e-15 1.906654474570342088e-15 1.524340981015424771e-15 1.496373697850258010e-15 1.342207543296534176e-15 2.009144566426141902e-15 1.570024867623349773e-15 9.361954954763131595e-16 2.109341506185208488e-15 3.062699556878644173e-15 4.641982610913039513e-15 6.069007163083102810e-15 6.891403001535334119e-15 7.241676459703554367e-15 6.791830746352941050e-15 4.176078813688628422e-15 2.314118610444002941e-15 1.131192235952102396e-15 1.839138243770434913e-15
-4.283702451196052192e-16 3.193709440421375066e-16 5.178352067416570904e-16 3.996146732135369614e-16 1.313081975960119324e-15 1.289766205191975360e-15 7.865730358436501799e-16 1.295165654650353865e-15 1.524340981015424771e-15 5.706549525843336971e-15 6.879308443125280382e-15 5.891428723923326939e-15 6.040258873929356664e-15 5.811864508256710991e-15 3.391224182585329060e-15 3.634390954812830229e-15 3.889628965289713356e-15 5.075748700011963795e-15 6.575527321099800162e-15 8.482428988470378438e-15 8.474452384415357674e-15 6.706901305745100368e-15 3.392377417480498358e-15 6.933765219673527085e-16 -1.217925402716881224e-15 -2.715951642961131784e-15
2.100333139784628356e-17 8.225792372859447493e-16 7.685176247368882107e-16 5.668296418352983544e-16 1.038117719903448564e-15 1.084896254700025604e-15 1.028543087650136975e-15 9.030908149812283636e-16 1.496373697850258010e-15 6.879308443125280382e-15 1.224433961970920039e-14 1.169419694656305013e-14 1.085324191070465876e-14 9.882268826113312060e-15 6.922523328180109443e-15 6.770842658118727378e-15 6.698142757926591040e-15 7.573194478572102089e-15 1.014947480607014223e-14 1.287233000134495249e-14 1.280566623913318422e-14 1.093136218788689861e-14 6.149103808772842231e-15 1.000404443989311935e-16 -9.827925430398753774e-16 -3.761302481103607876e-15
4.216433758322830318e-16 1.201047876283409097e-15 4.819369225439667284e-16 -2.164712862849786451e-16 1.034977656487198775e-15 1.856093653123826358e-15 2.064334783674602140e-15 1.281959412744071529e-15 1.342207543296534176e-15 5.891428723923326939e-15 1.169419694656305013e-14 1.385735713797535194e-14 1.346426957050752772e-14 1.322329191478142163e-14 1.090059497888184468e-14 1.162646712287634019e-14 1.242874390599741223e-14 1.376320377507257303e-14 1.693458692440778347e-14 2.024067921734221235e-14 2.008572956750422708e-14 1.622904463743296051e-14 9.531764815919873363e-15 1.015221157454649320e-15 -1.057893233862391506e-15 -2.786999592374505050e-15
1.333241960850021871e-15 -6.762617315253366659e-16 1.941012795268093047e-15 1.253866039514075264e-16 2.674331074481666730e-15 5.323786007537215307e-16 3.373813982654094081e-15 2.661862866359590435e-15 2.009144566426141902e-15 6.040258873929356664e-15 1.085324191070465876e-14 1.346426957050752772e-14 1.947882936344249309e-14 1.899291245479096760e-14 1.756040092026179785e-14 2.023292912752645776e-14 2.235203091326331511e-14 2.447138127159007009e-14 2.887828310855616424e-14 3.233607817358244632e-14 3.150469700808976689e-14 2.175955072684335160e-14 9.853555288689180579e-15 -1.249208370245051492e-15 -3.366981736617953933e-15 -1.089570202631257024e-15
1.193488243231482431e-15 1.071346211743263321e-15 1.794410445726355731e-15 -3.729810136036405292e-16 2.453802356232635915e-15 1.005394903565012964e-15 3.954447244082283298e-15 2.866262362408205902e-15 1.570024867623349773e-15 5.811864508256710991e-15 9.882268826113312060e-15 1.322329191478142163e-14 1.899291245479096760e-14 2.295670013974854433e-14 2.293336968676730856e-14 2.553236912897500516e-14 2.845261057533811108e-14 3.068086788788233910e-14 3.364332730935681137e-14 3.654373223627162711e-14 3.476931592358056063e-14 2.124497509548767779e-14 1.067650357172136390e-14 3.078487843521223780e-16 -3.492596964921302199e-15 -2.414162851364642242e-15
6.292315944017636641e-16 -1.058624412826646817e-15 1.777497769092158555e-15 -2.552028692384966346e-15 1.824969500290004441e-15 -8.782130771947092164e-16 3.789221933826705202e-15 1.239525806683506099e-15 9.361954954763131595e-16 3.391224182585329060e-15 6.922523328180109443e-15 1.090059497888184468e-14 1.756040092026179785e-14 2.293336968676730856e-14 2.945273765311384329e-14 3.239089223949201622e-14 3.627709225017497167e-14 3.879397516900745542e-14 4.198121224346139311e-14 4.532815530255211826e-14 4.329856546878878637e-14 2.800745126452255547e-14 1.607085884269061325e-14 4.252162918668450441e-15 1.573345172661405377e-15 4.595941937341440869e-15
2.004572561281306224e-15 -1.961490456196830347e-15 9.514935597420858274e-16 -2.435319249027389760e-15 2.554348821150684185e-15 -4.428727165445865490e-17 4.928495549223982074e-15 2.996907116275308971e-15 2.109341506185208488e-15 3.634390954812830229e-15 6.770842658118727378e-15 1.162646712287634019e-14 2.023292912752645776e-14 2.553236912897500516e-14 3.239089223949201622e-14 4.093697441748635376e-14 4.758214046197252505e-14 5.204676524068731078e-14 5.714620589516499549e-14 6.269243600788820425e-14 6.093196969677325047e-14 4.151756894758204673e-14 2.217421573044387469e-14 6.275521146374144867e-15 2.901279981922425711e-15 5.941780920754869596e-15
1.985626134257567689e-15 -1.590885457390544298e-15 2.250249686061870567e-15 -1.218643060709385594e-15 4.344287213106709317e-15 1.977318812669579623e-15 5.403012098422759223e-15 3.508823851126103859e-15 3.062699556878644173e-15 3.889628965289713356e-15 6.698142757926591040e-15 1.242874390599741223e-14 2.235203091326331511e-14 2.845261057533811108e-14 3.627709225017497167e-14 4.758214046197252505e-14 6.394255949398972549e-14 7.392742441855853038e-14 8.266541262050909797e-14 9.141552956717838843e-14 8.931942622526311336e-14 6.149862525749407413e-14 3.129031834627470801e-14 9.806960684280890359e-15 1.382390252430314315e-15 8.249244156740922099e-15
1.917671017809569996e-15 -7.079558147888280833e-16 2.798566989122704814e-15 -2.904704733754172169e-16 5.856874668127075394e-15 3.068300938540186478e-15 6.099028864742021415e-15 4.623375670145996648e-15 4.641982610913039513e-15 5.075748700011963795e-15 7.573194478572102089e-15 1.376320377507257303e-14 2.447138127159007009e-14 3.068086788788233910e-14 3.879397516900745542e-14 5.204676524068731078e-14 7.392742441855853038e-14 9.799424652670197905e-14 1.175215337715760247e-13 1.312304207597460938e-13 1.302008080994743216e-13 9.431945165586000433e-14 4.534761952492979685e-14 1.742269529703487119e-14 4.361449074688013470e-15 1.483549486806274527e-14
3.009030388891260964e-15 -2.919075723139554065e-15 2.888073110650610509e-15 -2.525620819651211518e-15 7.938427574841227879e-15 4.152632716412945429e-15 8.417350947386097582e-15 5.826301638736629529e-15 6.069007163083102810e-15 6.575527321099800162e-15 1.014947480607014223e-14 1.693458692440778347e-14 2.887828310855616424e-14 3.364332730935681137e-14 4.198121224346139311e-14 5.714620589516499549e-14 8.266541262050909797e-14 1.175215337715760247e-13 1.581064745800272709e-13 1.855406719956548938e-13 1.891352467712239949e-13 1.479307229489107011e-13 6.933627450343082200e-14 2.276599364683659906e-14 1.097886068551316995e-14 2.920330999418181795e-14
5.518234146607612321e-15 -4.891136892991937805e-15 1.951319299004911972e-15 -4.751534129462675448e-15 7.803858718279535383e-15 3.744495926190011613e-15 8.581708107843979954e-15 6.796061761980675031e-15 6.891403001535334119e-15 8.482428988470378438e-15 1.287233000134495249e-14 2.024067921734221235e-14 3.233607817358244632e-14 3.654373223627162711e-14 4.532815530255211826e-14 6.269243600788820425e-14 9.141552956717838843e-14 1.312304207597460938e-13 1.855406719956548938e-13 2.374810848625682267e-13 2.557905348136657525e-13 2.141472507412192643e-13 1.097897490894797535e-13 3.466597655424471453e-14 2.070049067046262701e-14 4.390920282703345931e-14
5.556939779508901712e-15 -5.057377401945524881e-15 8.607748100594149368e-16 -6.409312266399326043e-15 5.384696244657654877e-15 2.049636130277930506e-15 7.200691002119344717e-15 6.592664200246710880e-15 7.241676459703554367e-15 8.474452384415357674e-15 1.280566623913318422e-14 2.008572956750422708e-14 3.150469700808976689e-14 3.476931592358056063e-14 4.329856546878878637e-14 6.093196969677325047e-14 8.931942622526311336e-14 1.302008080994743216e-13 1.891352467712239949e-13 2.557905348136657525e-13 3.020599153984370065e-13 2.792034408900721869e-13 1.669335969971312514e-13 6.129470342072601593e-14 3.303949360472504975e-14 5.190592218016202765e-14
6.853410953824963377e-15 -4.381071310754757436e-15 1.688237825049615006e-16 -4.988563816395128173e-15 2.691379322875132634e-15 4.808602652555579980e-15 5.985702451673599738e-15 6.435910287139408167e-15 6.791830746352941050e-15 6.706901305745100368e-15 1.093136218788689861e-14 1.622904463743296051e-14 2.175955072684335160e-14 2.124497509548767779e-14 2.800745126452255547e-14 4.151756894758204673e-14 6.149862525749407413e-14 9.431945165586000433e-14 1.479307229489107011e-13 2.141472507412192643e-13 2.792034408900721869e-13 3.204338011195606371e-13 2.461624587398741147e-13 1.252383468515993153e-13 6.394866217469224651e-14 6.676714868901837590e-14
7.179570612105484663e-15 1.538417068563874575e-15 3.664333440062117568e-15 1.049940407227693482e-15 6.984264279835580714e-16 8.160045555525983017e-15 4.469479530769199621e-15 5.974258208103783980e-15 4.176078813688628422e-15 3.392377417480498358e-15 6.149103808772842231e-15 9.531764815919873363e-15 9.853555288689180579e-15 1.067650357172136390e-14 1.607085884269061325e-14 2.217421573044387469e-14 3.129031834627470801e-14 4.534761952492979685e-14 6.933627450343082200e-14 1.097897490894797535e-13 1.669335969971312514e-13 2.461624587398741147e-13 2.830193941163491179e-13 2.242101128458187991e-13 1.186233561072904903e-13 8.123261611147288113e-14
3.606171409022036244e-15 1.849918644483539609e-15 5.669082850239460790e-15 5.823788750717306629e-15 1.397905656278081933e-15 9.873311753988670039e-15 2.558538238478207520e-15 4.624933554234743535e-15 2.314118610444002941e-15 6.933765219673527085e-16 1.000404443989311935e-16 1.015221157454649320e-15 -1.249208370245051492e-15 3.078487843521223780e-16 4.252162918668450441e-15 6.275521146374144867e-15 9.806960684280890359e-15 1.742269529703487119e-14 2.276599364683659906e-14 3.466597655424471453e-14 6.129470342072601593e-14 1.252383468515993153e-13 2.242101128458187991e-13 2.908780240017257710e-13 2.086426211810111741e-13 1.217187707669709538e-13
-7.175910327236255030e-16 -6.024927296198471960e-16 4.473005040538095621e-16 -1.223644123254381124e-15 7.040359428503726830e-17 6.785608665560841919e-15 2.061143620538819549e-15 6.858552076748642737e-16 1.131192235952102396e-15 -1.217925402716881224e-15 -9.827925430398753774e-16 -1.057893233862391506e-15 -3.366981736617953933e-15 -3.492596964921302199e-15 1.573345172661405377e-15 2.901279981922425711e-15 1.382390252430314315e-15 4.361449074688013470e-15 1.097886068551316995e-14 2.070049067046262701e-14 3.303949360472504975e-14 6.394866217469224651e-14 1.186233561072904903e-13 2.086426211810111741e-13 2.988977190741370283e-13 2.406392881329510066e-13
1.721508511981022328e-15 -5.027027770112028078e-15 -3.631269315307735095e-15 -1.161542419452869165e-14 -7.586222946925653944e-16 3.804977469974077454e-15 4.025329515496282220e-15 1.533586607826935077e-15 1.839138243770434913e-15 -2.715951642961131784e-15 -3.761302481103607876e-15 -2.786999592374505050e-15 -1.089570202631257024e-15 -2.414162851364642242e-15 4.595941937341440869e-15 5.941780920754869596e-15 8.249244156740922099e-15 1.483549486806274527e-14 2.920330999418181795e-14 4.390920282703345931e-14 5.190592218016202765e-14 6.676714868901837590e-14 8.123261611147288113e-14 1.217187707669709538e-13 2.406392881329510066e-13 3.841827918164370777e-13
