2.377195642975862956e-14 7.814609107125905546e-15 6.854569839886430557e-15 6.992593838269304644e-16 5.398095960449039183e-15 1.086949119153220022e-14 1.010921822175637922e-14 2.261458284898545569e-15 1.379213745965015614e-15 1.122277592436777537e-15 1.619703478245486607e-15 1.373828444147083555e-15 1.332983385221512142e-15 2.411311077728004007e-15 1.103938896509067590e-15 1.589706374156342856e-15 3.516946860233468767e-15 4.928723720855096298e-15 7.837348600731211439e-15 9.437526483622533669e-15 6.938301708539358206e-15 8.517801104918966908e-15 1.103877733460718628e-14 1.242674691760946036e-14 8.419385676756737737e-15 1.206786197171348247e-14
7.814609107125905546e-15 3.262189150602034758e-14 1.320761730292244677e-14 1.104947179610939139e-14 1.244624379446283797e-14 7.801797466151528216e-15 -3.226070701115151379e-15 -2.859701724332750670e-15 2.527460442419601242e-16 1.446590742912192808e-15 -3.073701255776487032e-16 -9.815838483167696107e-17 -2.147032438563822375e-15 -1.788185576381963789e-16 -1.795018021363115593e-16 -3.502296162430593290e-15 -2.601625150696564790e-16 5.290675093981060354e-17 -8.597654444703506015e-16 -2.284986207515857655e-15 -3.359934246925063750e-15 -8.101571579597371442e-16 8.094410609923798806e-15 1.271021014144981302e-14 4.644325348830987344e-15 -1.602579694127664946e-15
6.854569839886430557e-15 1.320761730292244677e-14 1.669868431299278309e-14 6.503281170818800567e-15 9.075042174135299235e-15 1.022084686645447589e-14 1.363780517848995763e-15 3.157035650540482640e-15 1.019921001133405010e-15 1.535499836406556973e-15 3.757375368681570433e-16 1.613348950724232310e-16 -2.001747815284575098e-15 -1.775534391151232277e-16 -1.392021179451101383e-15 -2.438393372698324712e-15 -2.181200236297013527e-15 -2.435426962900604837e-15 -4.082945562348501849e-15 -5.960478151273380566e-15 -7.708913494997561068e-15 -3.643935765181168787e-15 6.902334063082767781e-15 1.231891972046125038e-14 5.361406913552375796e-15 -4.846952355148208793e-15
6.992593838269304644e-16 1.104947179610939139e-14 6.503281170818800567e-15 8.061614239831719093e-15 5.986933462534938854e-15 2.796453137906950207e-15 -2.686790751118722978e-15 -1.132117456126902603e-15 -3.091180154999650971e-16 -3.123160405045279113e-16 -1.498182432664830490e-16 -1.787116471199974171e-16 -9.946964461199113347e-16 -8.028166358896436168e-16 1.046510160119705053e-17 -1.654998503940027664e-15 1.225838730522120802e-16 6.867795263317452930e-16 4.646412735895886455e-16 -7.624784916262092372e-16 -2.073667103522402938e-15 -1.776193804669954285e-16 3.429895693782281142e-15 5.343617970552387439e-15 3.261238220175397742e-15 -3.666014575876178884e-15
5.398095960449039183e-15 1.244624379446283797e-14 9.075042174135299235e-15 5.986933462534938854e-15 9.688879715518680606e-15 7.803631969653495802e-15 -1.701700019898712003e-16 6.718149790636901993e-16 -8.502734236613659891e-17 9.817619290669231431e-16 -3.324189481819463679e-16 -3.151562810165369666e-16 -2.031173626910412821e-15 -1.578606712130195643e-15 -2.674697682043789786e-15 -4.160875725942260291e-15 -2.159456572493716343e-15 -1.315344748434055019e-15 -1.856491192257892771e-15 -2.741009481275478469e-15 -3.966889040475447484e-15 -8.877694645350221358e-16 5.139894976613869662e-15 8.159730746728883760e-15 3.525778960631236303e-15 -2.410179267590600066e-15
1.086949119153220022e-14 7.801797466151528216e-15 1.022084686645447589e-14 2.796453137906950207e-15 7.803631969653495802e-15 1.490881399264310079e-14 7.865302512465265046e-15 2.262250834943550570e-15 7.736640521550586062e-17 1.510101089231989305e-15 -1.482555646379969340e-16 8.978884711926456325e-16 1.340761100558645376e-15 2.889344541468087204e-15 2.365394282290183887e-15 1.619766988841654829e-15 2.688853383252347375e-15 2.354769955549365702e-15 2.905743509288567684e-15 2.570962856847168444e-15 6.310613708574024585e-16 2.584598914132875050e-15 8.445775561800801970e-15 1.007960150959985234e-14 6.713079295255754961e-15 3.025781656101860137e-15
1.010921822175637922e-14 -3.226070701115151379e-15 1.363780517848995763e-15 -2.686790751118722978e-15 -1.701700019898712003e-16 7.865302512465265046e-15 1.119573817894826491e-14 3.002915863077259073e-15 1.411109857555479003e-15 1.125138030477379706e-15 1.131275738711009260e-15 2.059700687328252552e-15 4.681891642613976337e-15 5.238545110296352153e-15 4.581422648075276146e-15 6.355845889368384393e-15 6.961886855957788944e-15 7.861864733172540854e-15 1.073480475680436229e-14 1.144514560139099470e-14 1.005399445150202182e-14 8.872243183340954714e-15 7.096444418104233720e-15 4.872068082506492576e-15 3.133534788084929499e-15 6.609280222368037321e-15
2.261458284898545569e-15 -2.859701724332750670e-15 3.157035650540482640e-15 -1.132117456126902603e-15 6.718149790636901993e-16 2.262250834943550570e-15 3.002915863077259073e-15 3.955928396420187731e-15 1.661067194092808285e-15 1.677506892880060646e-15 1.116101786365915227e-15 1.013458968156011890e-15 9.505633567421991076e-16 1.446689405003416906e-15 -2.038902992378539592e-16 1.020030789976254090e-15 8.527287195483008959e-16 1.637698190150401556e-15 1.537580225801683236e-15 1.553032661895133829e-15 1.343787071143238942e-15 1.933802401277467100e-15 3.675511456500362340e-15 4.813670755373754254e-15 7.817153312153090156e-16 -2.502100949576098885e-15
1.379213745965015614e-15 2.527460442419601242e-16 1.019921001133405010e-15 -3.091180154999650971e-16 -8.502734236613659891e-17 7.736640521550586062e-17 1.411109857555479003e-15 1.661067194092808285e-15 2.195964281737411623e-15 1.822256423595109336e-15 1.909126340898303316e-15 1.334369492168575788e-15 1.924431413094113370e-15 1.768159196837166002e-15 8.359003041510659356e-16 1.931238472758018731e-15 2.353399830460619405e-15 3.487489036972809356e-15 4.161744019775961652e-15 4.647101821219596104e-15 4.843509361223156252e-15 4.671450850947450795e-15 4.299989756576689911e-15 3.117125667925757913e-15 8.976112926705605724e-16 1.371615088765186645e-16
1.122277592436777537e-15 1.446590742912192808e-15 1.535499836406556973e-15 -3.123160405045279113e-16 9.817619290669231431e-16 1.510101089231989305e-15 1.125138030477379706e-15 1.677506892880060646e-15 1.822256423595109336e-15 6.198529188679690913e-15 6.865725158820139127e-15 6.300273187296682084e-15 5.908727596238249433e-15 6.187203922667798328e-15 3.475945198824969678e-15 3.458577704612749271e-15 3.193212787717169823e-15 3.869252065792092803e-15 4.224363472898873753e-15 5.807461979990585283e-15 5.761134324240389080e-15 4.116220978275079387e-15 3.033614398830258512e-15 1.104374318660142480e-15 -1.624121803691372570e-15 -4.870564920197932209e-15
1.619703478245486607e-15 -3.073701255776487032e-16 3.757375368681570433e-16 -1.498182432664830490e-16 -3.324189481819463679e-16 -1.482555646379969340e-16 1.131275738711009260e-15 1.116101786365915227e-15 1.909126340898303316e-15 6.865725158820139127e-15 1.340888132042583425e-14 1.266320009764453661e-14 1.164849615068981681e-14 1.009708007543077521e-14 6.989728746208211783e-15 7.278768859957495338e-15 6.699825379348515169e-15 7.809835812248829328e-15 1.073853757130295840e-14 1.364169135839540087e-14 1.363653408752991083e-14 1.175966354764192201e-14 6.612976029307916897e-15 -2.174781927586857242e-16 -1.350149627000304073e-15 -3.022078179522550540e-15
1.373828444147083555e-15 -9.815838483167696107e-17 1.613348950724232310e-16 -1.787116471199974171e-16 -3.151562810165369666e-16 8.978884711926456325e-16 2.059700687328252552e-15 1.013458968156011890e-15 1.334369492168575788e-15 6.300273187296682084e-15 1.266320009764453661e-14 1.432777247907520342e-14 1.408256452588341356e-14 1.368640265610636915e-14 1.115867561102967659e-14 1.201614407982949452e-14 1.249090423864501338e-14 1.406849345177798690e-14 1.731907249501163684e-14 2.076318489808699869e-14 2.082962096015119314e-14 1.617001622264767821e-14 8.805790120423887932e-15 -2.158534227013463401e-16 -1.794781912980506615e-15 -2.670512200234662926e-15
1.332983385221512142e-15 -2.147032438563822375e-15 -2.001747815284575098e-15 -9.946964461199113347e-16 -2.031173626910412821e-15 1.340761100558645376e-15 4.681891642613976337e-15 9.505633567421991076e-16 1.924431413094113370e-15 5.908727596238249433e-15 1.164849615068981681e-14 1.408256452588341356e-14 1.908378942411612329e-14 1.846053198800554651e-14 1.726349685965175770e-14 1.997428682282735359e-14 2.175627107290955984e-14 2.417942422016167584e-14 2.842855357244674221e-14 3.169158226386502491e-14 3.088309210782104972e-14 2.120908571997468629e-14 9.599437394415271960e-15 -1.328551561559108813e-15 -2.964628691279871258e-15 -1.295372563399878796e-15
2.411311077728004007e-15 -1.788185576381963789e-16 -1.775534391151232277e-16 -8.028166358896436168e-16 -1.578606712130195643e-15 2.889344541468087204e-15 5.238545110296352153e-15 1.446689405003416906e-15 1.768159196837166002e-15 6.187203922667798328e-15 1.009708007543077521e-14 1.368640265610636915e-14 1.846053198800554651e-14 2.269412799976600551e-14 2.287882743062008325e-14 2.536815606150719522e-14 2.810216970753895011e-14 3.076656171441521034e-14 3.413613663987050845e-14 3.698378022922581820e-14 3.498306358864613036e-14 2.135833581608969206e-14 1.079790118072801565e-14 2.154050246499773056e-16 -3.121515088078088694e-15 -1.377339117037634990e-15
1.103938896509067590e-15 -1.795018021363115593e-16 -1.392021179451101383e-15 1.046510160119705053e-17 -2.674697682043789786e-15 2.365394282290183887e-15 4.581422648075276146e-15 -2.038902992378539592e-16 8.359003041510659356e-16 3.475945198824969678e-15 6.989728746208211783e-15 1.115867561102967659e-14 1.726349685965175770e-14 2.287882743062008325e-14 2.961218721427620216e-14 3.225100848309936795e-14 3.614303625073534337e-14 3.893166421302499725e-14 4.221082618661907027e-14 4.534320368212129412e-14 4.313588050027300252e-14 2.792392441537701275e-14 1.647453224053923326e-14 4.869460721726360477e-15 2.309023576241874087e-15 5.316549035476059567e-15
1.589706374156342856e-15 -3.502296162430593290e-15 -2.438393372698324712e-15 -1.654998503940027664e-15 -4.160875725942260291e-15 1.619766988841654829e-15 6.355845889368384393e-15 1.020030789976254090e-15 1.931238472758018731e-15 3.458577704612749271e-15 7.278768859957495338e-15 1.201614407982949452e-14 1.997428682282735359e-14 2.536815606150719522e-14 3.225100848309936795e-14 4.080159393856566836e-14 4.720961834337824087e-14 5.213806691137525135e-14 5.720034363527214187e-14 6.253903535895712698e-14 6.061161725857527529e-14 4.095193355816907018e-14 2.170318681174068522e-14 5.949492781635984571e-15 2.512052015680207048e-15 5.464921400396437520e-15
3.516946860233468767e-15 -2.601625150696564790e-16 -2.181200236297013527e-15 1.225838730522120802e-16 -2.159456572493716343e-15 2.688853383252347375e-15 6.961886855957788944e-15 8.527287195483008959e-16 2.353399830460619405e-15 3.193212787717169823e-15 6.699825379348515169e-15 1.249090423864501338e-14 2.175627107290955984e-14 2.810216970753895011e-14 3.614303625073534337e-14 4.720961834337824087e-14 6.356941748418614869e-14 7.408878232389876008e-14 8.255783942708352106e-14 9.110912987702018980e-14 8.882759100277494451e-14 6.098232239857330487e-14 3.102734535672010532e-14 9.728071297729794085e-15 1.350794341491245708e-15 8.004110852255505240e-15
4.928723720855096298e-15 5.290675093981060354e-17 -2.435426962900604837e-15 6.867795263317452930e-16 -1.315344748434055019e-15 2.354769955549365702e-15 7.861864733172540854e-15 1.637698190150401556e-15 3.487489036972809356e-15 3.869252065792092803e-15 7.809835812248829328e-15 1.406849345177798690e-14 2.417942422016167584e-14 3.076656171441521034e-14 3.893166421302499725e-14 5.213806691137525135e-14 7.408878232389876008e-14 9.892445623865419269e-14 1.182015400136188105e-13 1.318322340619970393e-13 1.305033348451626955e-13 9.425813404468267398e-14 4.519340475416773698e-14 1.718009218960518130e-14 4.233029953046519370e-15 1.471932328656060405e-14
7.837348600731211439e-15 -8.597654444703506015e-16 -4.082945562348501849e-15 4.646412735895886455e-16 -1.856491192257892771e-15 2.905743509288567684e-15 1.073480475680436229e-14 1.537580225801683236e-15 4.161744019775961652e-15 4.224363472898873753e-15 1.073853757130295840e-14 1.731907249501163684e-14 2.842855357244674221e-14 3.413613663987050845e-14 4.221082618661907027e-14 5.720034363527214187e-14 8.255783942708352106e-14 1.182015400136188105e-13 1.585794122317257040e-13 1.859179223981927132e-13 1.893447198552941449e-13 1.478765355125461502e-13 6.943693701693239559e-14 2.264978264412426394e-14 1.096405881281404152e-14 2.938334733058213377e-14
9.437526483622533669e-15 -2.284986207515857655e-15 -5.960478151273380566e-15 -7.624784916262092372e-16 -2.741009481275478469e-15 2.570962856847168444e-15 1.144514560139099470e-14 1.553032661895133829e-15 4.647101821219596104e-15 5.807461979990585283e-15 1.364169135839540087e-14 2.076318489808699869e-14 3.169158226386502491e-14 3.698378022922581820e-14 4.534320368212129412e-14 6.253903535895712698e-14 9.110912987702018980e-14 1.318322340619970393e-13 1.859179223981927132e-13 2.376902297447386883e-13 2.559922519749829121e-13 2.139115082440828037e-13 1.095501322066096248e-13 3.432348820977321892e-14 2.044075640076088979e-14 4.373687099570681709e-14
6.938301708539358206e-15 -3.359934246925063750e-15 -7.708913494997561068e-15 -2.073667103522402938e-15 -3.966889040475447484e-15 6.310613708574024585e-16 1.005399445150202182e-14 1.343787071143238942e-15 4.843509361223156252e-15 5.761134324240389080e-15 1.363653408752991083e-14 2.082962096015119314e-14 3.088309210782104972e-14 3.498306358864613036e-14 4.313588050027300252e-14 6.061161725857527529e-14 8.882759100277494451e-14 1.305033348451626955e-13 1.893447198552941449e-13 2.559922519749829121e-13 3.021937719749723846e-13 2.791219497605842655e-13 1.668906416583755751e-13 6.119081885770083968e-14 3.329839300709470551e-14 5.199972326304564861e-14
8.517801104918966908e-15 -8.101571579597371442e-16 -3.643935765181168787e-15 -1.776193804669954285e-16 -8.877694645350221358e-16 2.584598914132875050e-15 8.872243183340954714e-15 1.933802401277467100e-15 4.671450850947450795e-15 4.116220978275079387e-15 1.175966354764192201e-14 1.617001622264767821e-14 2.120908571997468629e-14 2.135833581608969206e-14 2.792392441537701275e-14 4.095193355816907018e-14 6.098232239857330487e-14 9.425813404468267398e-14 1.478765355125461502e-13 2.139115082440828037e-13 2.791219497605842655e-13 3.201388077332716630e-13 2.459863907812724936e-13 1.250083122782509973e-13 6.392378471056814620e-14 6.677914356663222818e-14
1.103877733460718628e-14 8.094410609923798806e-15 6.902334063082767781e-15 3.429895693782281142e-15 5.139894976613869662e-15 8.445775561800801970e-15 7.096444418104233720e-15 3.675511456500362340e-15 4.299989756576689911e-15 3.033614398830258512e-15 6.612976029307916897e-15 8.805790120423887932e-15 9.599437394415271960e-15 1.079790118072801565e-14 1.647453224053923326e-14 2.170318681174068522e-14 3.102734535672010532e-14 4.519340475416773698e-14 6.943693701693239559e-14 1.095501322066096248e-13 1.668906416583755751e-13 2.459863907812724936e-13 2.828136621859152981e-13 2.240030056633625386e-13 1.184706508064268263e-13 8.106993339799886311e-14
1.242674691760946036e-14 1.271021014144981302e-14 1.231891972046125038e-14 5.343617970552387439e-15 8.159730746728883760e-15 1.007960150959985234e-14 4.872068082506492576e-15 4.813670755373754254e-15 3.117125667925757913e-15 1.104374318660142480e-15 -2.174781927586857242e-16 -2.158534227013463401e-16 -1.328551561559108813e-15 2.154050246499773056e-16 4.869460721726360477e-15 5.949492781635984571e-15 9.728071297729794085e-15 1.718009218960518130e-14 2.264978264412426394e-14 3.432348820977321892e-14 6.119081885770083968e-14 1.250083122782509973e-13 2.240030056633625386e-13 2.907488719293595625e-13 2.085812922924258155e-13 1.216259614673260941e-13
8.419385676756737737e-15 4.644325348830987344e-15 5.361406913552375796e-15 3.261238220175397742e-15 3.525778960631236303e-15 6.713079295255754961e-15 3.133534788084929499e-15 7.817153312153090156e-16 8.976112926705605724e-16 -1.624121803691372570e-15 -1.350149627000304073e-15 -1.794781912980506615e-15 -2.964628691279871258e-15 -3.121515088078088694e-15 2.309023576241874087e-15 2.512052015680207048e-15 1.350794341491245708e-15 4.233029953046519370e-15 1.096405881281404152e-14 2.044075640076088979e-14 3.329839300709470551e-14 6.392378471056814620e-14 1.184706508064268263e-13 2.085812922924258155e-13 2.989956684621759446e-13 2.407396780614992549e-13
1.206786197171348247e-14 -1.602579694127664946e-15 -4.846952355148208793e-15 -3.666014575876178884e-15 -2.410179267590600066e-15 3.025781656101860137e-15 6.609280222368037321e-15 -2.502100949576098885e-15 1.371615088765186645e-16 -4.870564920197932209e-15 -3.022078179522550540e-15 -2.670512200234662926e-15 -1.295372563399878796e-15 -1.377339117037634990e-15 5.316549035476059567e-15 5.464921400396437520e-15 8.004110852255505240e-15 1.471932328656060405e-14 2.938334733058213377e-14 4.373687099570681709e-14 5.199972326304564861e-14 6.677914356663222818e-14 8.106993339799886311e-14 1.216259614673260941e-13 2.407396780614992549e-13 3.843044501614174831e-13
