2.377195642975865480e-14 7.814609107125903968e-15 6.854569839886389537e-15 6.992593838268638056e-16 5.398095960448835657e-15 1.086949119153222547e-14 1.010921822175637449e-14 2.261458284898576334e-15 1.379213745964850939e-15 1.122277592436882258e-15 1.619703478245470632e-15 1.373828444147224958e-15 1.332983385221400124e-15 2.411311077728035167e-15 1.103938896509082184e-15 1.589706374156399654e-15 3.516946860233458512e-15 4.928723720855033189e-15 7.837348600731276126e-15 9.437526483622536824e-15 6.938301708539297464e-15 8.517801104918979529e-15 1.103877733460718786e-14 1.242674691760944931e-14 8.419385676756750359e-15 1.206786197171353296e-14
7.814609107125903968e-15 3.262189150602019612e-14 1.320761730292236000e-14 1.104947179610933617e-14 1.244624379446268020e-14 7.801797466151540838e-15 -3.226070701115098920e-15 -2.859701724332678884e-15 2.527460442418865629e-16 1.446590742912099920e-15 -3.073701255775539413e-16 -9.815838483160405306e-17 -2.147032438563845646e-15 -1.788185576382247286e-16 -1.795018021362869813e-16 -3.502296162430557792e-15 -2.601625150696431670e-16 5.290675093989067292e-17 -8.597654444702535716e-16 -2.284986207515774430e-15 -3.359934246925120548e-15 -8.101571579596895167e-16 8.094410609923820894e-15 1.271021014144973256e-14 4.644325348831034676e-15 -1.602579694127489425e-15
6.854569839886389537e-15 1.320761730292236000e-14 1.669868431299262216e-14 6.503281170818711426e-15 9.075042174135272413e-15 1.022084686645451849e-14 1.363780517849019823e-15 3.157035650540554032e-15 1.019921001133427098e-15 1.535499836406504120e-15 3.757375368682174405e-16 1.613348950725715861e-16 -2.001747815284577465e-15 -1.775534391151261366e-16 -1.392021179451062532e-15 -2.438393372698236754e-15 -2.181200236296943713e-15 -2.435426962900556322e-15 -4.082945562348457673e-15 -5.960478151273287481e-15 -7.708913494997565802e-15 -3.643935765181199552e-15 6.902334063082643930e-15 1.231891972046110208e-14 5.361406913552318209e-15 -4.846952355148198537e-15
6.992593838268638056e-16 1.104947179610933617e-14 6.503281170818711426e-15 8.061614239831700160e-15 5.986933462534937276e-15 2.796453137906978606e-15 -2.686790751118730473e-15 -1.132117456126893334e-15 -3.091180154999790008e-16 -3.123160405045982185e-16 -1.498182432664683565e-16 -1.787116471199648026e-16 -9.946964461199387477e-16 -8.028166358896780309e-16 1.046510160119627246e-17 -1.654998503940022142e-15 1.225838730522210288e-16 6.867795263317882859e-16 4.646412735896289760e-16 -7.624784916261716677e-16 -2.073667103522412010e-15 -1.776193804669829300e-16 3.429895693782264181e-15 5.343617970552355096e-15 3.261238220175431269e-15 -3.666014575876106308e-15
5.398095960448835657e-15 1.244624379446268020e-14 9.075042174135272413e-15 5.986933462534937276e-15 9.688879715518623808e-15 7.803631969653450049e-15 -1.701700019899659376e-16 6.718149790637715506e-16 -8.502734236618736951e-17 9.817619290668874472e-16 -3.324189481818860693e-16 -3.151562810163989652e-16 -2.031173626910486185e-15 -1.578606712130276501e-15 -2.674697682043838301e-15 -4.160875725942254769e-15 -2.159456572493783791e-15 -1.315344748434085785e-15 -1.856491192257933003e-15 -2.741009481275508840e-15 -3.966889040475525581e-15 -8.877694645349963992e-16 5.139894976613917783e-15 8.159730746728874293e-15 3.525778960631315189e-15 -2.410179267590523941e-15
1.086949119153222547e-14 7.801797466151540838e-15 1.022084686645451849e-14 2.796453137906978606e-15 7.803631969653450049e-15 1.490881399264304084e-14 7.865302512465173538e-15 2.262250834943684282e-15 7.736640521550507176e-17 1.510101089231923633e-15 -1.482555646379331842e-16 8.978884711928363396e-16 1.340761100558581281e-15 2.889344541468057621e-15 2.365394282290182704e-15 1.619766988841678890e-15 2.688853383252319765e-15 2.354769955549335331e-15 2.905743509288573206e-15 2.570962856847172388e-15 6.310613708573389552e-16 2.584598914132957880e-15 8.445775561800929766e-15 1.007960150959995016e-14 6.713079295255906423e-15 3.025781656101896424e-15
1.010921822175637449e-14 -3.226070701115098920e-15 1.363780517849019823e-15 -2.686790751118730473e-15 -1.701700019899659376e-16 7.865302512465173538e-15 1.119573817894814027e-14 3.002915863077296544e-15 1.411109857555427530e-15 1.125138030477417374e-15 1.131275738711015177e-15 2.059700687328360626e-15 4.681891642613885618e-15 5.238545110296397118e-15 4.581422648075283245e-15 6.355845889368342583e-15 6.961886855957718735e-15 7.861864733172408326e-15 1.073480475680425500e-14 1.144514560139087795e-14 1.005399445150187509e-14 8.872243183340785898e-15 7.096444418104094880e-15 4.872068082506416056e-15 3.133534788084862052e-15 6.609280222367877182e-15
2.261458284898576334e-15 -2.859701724332678884e-15 3.157035650540554032e-15 -1.132117456126893334e-15 6.718149790637715506e-16 2.262250834943684282e-15 3.002915863077296544e-15 3.955928396420239007e-15 1.661067194092799411e-15 1.677506892880067943e-15 1.116101786365891167e-15 1.013458968156012482e-15 9.505633567421681448e-16 1.446689405003361883e-15 -2.038902992378986038e-16 1.020030789976223325e-15 8.527287195482354205e-16 1.637698190150296834e-15 1.537580225801525070e-15 1.553032661894993214e-15 1.343787071143074070e-15 1.933802401277335360e-15 3.675511456500366284e-15 4.813670755373924648e-15 7.817153312153153265e-16 -2.502100949576198282e-15
1.379213745964850939e-15 2.527460442418865629e-16 1.019921001133427098e-15 -3.091180154999790008e-16 -8.502734236618736951e-17 7.736640521550507176e-17 1.411109857555427530e-15 1.661067194092799411e-15 2.195964281737414778e-15 1.822256423595117619e-15 1.909126340898323038e-15 1.334369492168609315e-15 1.924431413094089310e-15 1.768159196837193021e-15 8.359003041510994622e-16 1.931238472758027014e-15 2.353399830460595345e-15 3.487489036972767152e-15 4.161744019775892232e-15 4.647101821219532995e-15 4.843509361223069478e-15 4.671450850947378219e-15 4.299989756576725410e-15 3.117125667925784735e-15 8.976112926705633334e-16 1.371615088765467676e-16
1.122277592436882258e-15 1.446590742912099920e-15 1.535499836406504120e-15 -3.123160405045982185e-16 9.817619290668874472e-16 1.510101089231923633e-15 1.125138030477417374e-15 1.677506892880067943e-15 1.822256423595117619e-15 6.198529188679668036e-15 6.865725158820162004e-15 6.300273187296678139e-15 5.908727596238243122e-15 6.187203922667762830e-15 3.475945198824942068e-15 3.458577704612744143e-15 3.193212787717147735e-15 3.869252065792090436e-15 4.224363472898873753e-15 5.807461979990631037e-15 5.761134324240400124e-15 4.116220978275143285e-15 3.033614398830251807e-15 1.104374318660156876e-15 -1.624121803691282048e-15 -4.870564920197749193e-15
1.619703478245470632e-15 -3.073701255775539413e-16 3.757375368682174405e-16 -1.498182432664683565e-16 -3.324189481818860693e-16 -1.482555646379331842e-16 1.131275738711015177e-15 1.116101786365891167e-15 1.909126340898323038e-15 6.865725158820162004e-15 1.340888132042577430e-14 1.266320009764449401e-14 1.164849615068984679e-14 1.009708007543078784e-14 6.989728746208238604e-15 7.278768859957522159e-15 6.699825379348538046e-15 7.809835812248862460e-15 1.073853757130298049e-14 1.364169135839544347e-14 1.363653408752978777e-14 1.175966354764179106e-14 6.612976029307779635e-15 -2.174781927587076644e-16 -1.350149627000330303e-15 -3.022078179522653487e-15
1.373828444147224958e-15 -9.815838483160405306e-17 1.613348950725715861e-16 -1.787116471199648026e-16 -3.151562810163989652e-16 8.978884711928363396e-16 2.059700687328360626e-15 1.013458968156012482e-15 1.334369492168609315e-15 6.300273187296678139e-15 1.266320009764449401e-14 1.432777247907518133e-14 1.408256452588341198e-14 1.368640265610636599e-14 1.115867561102966554e-14 1.201614407982944561e-14 1.249090423864496921e-14 1.406849345177797586e-14 1.731907249501169048e-14 2.076318489808709966e-14 2.082962096015114896e-14 1.617001622264771292e-14 8.805790120424056748e-15 -2.158534227011668495e-16 -1.794781912980364225e-15 -2.670512200234520142e-15
1.332983385221400124e-15 -2.147032438563845646e-15 -2.001747815284577465e-15 -9.946964461199387477e-16 -2.031173626910486185e-15 1.340761100558581281e-15 4.681891642613885618e-15 9.505633567421681448e-16 1.924431413094089310e-15 5.908727596238243122e-15 1.164849615068984679e-14 1.408256452588341198e-14 1.908378942411606965e-14 1.846053198800562224e-14 1.726349685965183028e-14 1.997428682282732519e-14 2.175627107290953775e-14 2.417942422016167269e-14 2.842855357244678008e-14 3.169158226386510064e-14 3.088309210782103710e-14 2.120908571997462318e-14 9.599437394415297203e-15 -1.328551561559047479e-15 -2.964628691279846014e-15 -1.295372563399927508e-15
2.411311077728035167e-15 -1.788185576382247286e-16 -1.775534391151261366e-16 -8.028166358896780309e-16 -1.578606712130276501e-15 2.889344541468057621e-15 5.238545110296397118e-15 1.446689405003361883e-15 1.768159196837193021e-15 6.187203922667762830e-15 1.009708007543078784e-14 1.368640265610636599e-14 1.846053198800562224e-14 2.269412799976610018e-14 2.287882743062017476e-14 2.536815606150723624e-14 2.810216970753899113e-14 3.076656171441521034e-14 3.413613663987067885e-14 3.698378022922607063e-14 3.498306358864623764e-14 2.135833581608972362e-14 1.079790118072799987e-14 2.154050246498663720e-16 -3.121515088078196373e-15 -1.377339117037613691e-15
1.103938896509082184e-15 -1.795018021362869813e-16 -1.392021179451062532e-15 1.046510160119627246e-17 -2.674697682043838301e-15 2.365394282290182704e-15 4.581422648075283245e-15 -2.038902992378986038e-16 8.359003041510994622e-16 3.475945198824942068e-15 6.989728746208238604e-15 1.115867561102966554e-14 1.726349685965183028e-14 2.287882743062017476e-14 2.961218721427635993e-14 3.225100848309942474e-14 3.614303625073541910e-14 3.893166421302506036e-14 4.221082618661937320e-14 4.534320368212158442e-14 4.313588050027323602e-14 2.792392441537709480e-14 1.647453224053940681e-14 4.869460721726514304e-15 2.309023576242000304e-15 5.316549035476281237e-15
1.589706374156399654e-15 -3.502296162430557792e-15 -2.438393372698236754e-15 -1.654998503940022142e-15 -4.160875725942254769e-15 1.619766988841678890e-15 6.355845889368342583e-15 1.020030789976223325e-15 1.931238472758027014e-15 3.458577704612744143e-15 7.278768859957522159e-15 1.201614407982944561e-14 1.997428682282732519e-14 2.536815606150723624e-14 3.225100848309942474e-14 4.080159393856558001e-14 4.720961834337819669e-14 5.213806691137518193e-14 5.720034363527224285e-14 6.253903535895722795e-14 6.061161725857522481e-14 4.095193355816900707e-14 2.170318681174086508e-14 5.949492781636125777e-15 2.512052015680276467e-15 5.464921400396458030e-15
3.516946860233458512e-15 -2.601625150696431670e-16 -2.181200236296943713e-15 1.225838730522210288e-16 -2.159456572493783791e-15 2.688853383252319765e-15 6.961886855957718735e-15 8.527287195482354205e-16 2.353399830460595345e-15 3.193212787717147735e-15 6.699825379348538046e-15 1.249090423864496921e-14 2.175627107290953775e-14 2.810216970753899113e-14 3.614303625073541910e-14 4.720961834337819669e-14 6.356941748418607296e-14 7.408878232389870959e-14 8.255783942708363465e-14 9.110912987702037913e-14 8.882759100277488140e-14 6.098232239857316603e-14 3.102734535672018105e-14 9.728071297729702577e-15 1.350794341491078075e-15 8.004110852255426354e-15
4.928723720855033189e-15 5.290675093989067292e-17 -2.435426962900556322e-15 6.867795263317882859e-16 -1.315344748434085785e-15 2.354769955549335331e-15 7.861864733172408326e-15 1.637698190150296834e-15 3.487489036972767152e-15 3.869252065792090436e-15 7.809835812248862460e-15 1.406849345177797586e-14 2.417942422016167269e-14 3.076656171441521034e-14 3.893166421302506036e-14 5.213806691137518193e-14 7.408878232389870959e-14 9.892445623865397812e-14 1.182015400136190377e-13 1.318322340619972665e-13 1.305033348451625945e-13 9.425813404468244679e-14 4.519340475416802097e-14 1.718009218960539272e-14 4.233029953046507537e-15 1.471932328656064507e-14
7.837348600731276126e-15 -8.597654444702535716e-16 -4.082945562348457673e-15 4.646412735896289760e-16 -1.856491192257933003e-15 2.905743509288573206e-15 1.073480475680425500e-14 1.537580225801525070e-15 4.161744019775892232e-15 4.224363472898873753e-15 1.073853757130298049e-14 1.731907249501169048e-14 2.842855357244678008e-14 3.413613663987067885e-14 4.221082618661937320e-14 5.720034363527224285e-14 8.255783942708363465e-14 1.182015400136190377e-13 1.585794122317262593e-13 1.859179223981933948e-13 1.893447198552943721e-13 1.478765355125460492e-13 6.943693701693281210e-14 2.264978264412442487e-14 1.096405881281406992e-14 2.938334733058232941e-14
9.437526483622536824e-15 -2.284986207515774430e-15 -5.960478151273287481e-15 -7.624784916261716677e-16 -2.741009481275508840e-15 2.570962856847172388e-15 1.144514560139087795e-14 1.553032661894993214e-15 4.647101821219532995e-15 5.807461979990631037e-15 1.364169135839544347e-14 2.076318489808709966e-14 3.169158226386510064e-14 3.698378022922607063e-14 4.534320368212158442e-14 6.253903535895722795e-14 9.110912987702037913e-14 1.318322340619972665e-13 1.859179223981933948e-13 2.376902297447396476e-13 2.559922519749836189e-13 2.139115082440829299e-13 1.095501322066105589e-13 3.432348820977369855e-14 2.044075640076096237e-14 4.373687099570699380e-14
6.938301708539297464e-15 -3.359934246925120548e-15 -7.708913494997565802e-15 -2.073667103522412010e-15 -3.966889040475525581e-15 6.310613708573389552e-16 1.005399445150187509e-14 1.343787071143074070e-15 4.843509361223069478e-15 5.761134324240400124e-15 1.363653408752978777e-14 2.082962096015114896e-14 3.088309210782103710e-14 3.498306358864623764e-14 4.313588050027323602e-14 6.061161725857522481e-14 8.882759100277488140e-14 1.305033348451625945e-13 1.893447198552943721e-13 2.559922519749836189e-13 3.021937719749726370e-13 2.791219497605838616e-13 1.668906416583759285e-13 6.119081885770087754e-14 3.329839300709454142e-14 5.199972326304584424e-14
8.517801104918979529e-15 -8.101571579596895167e-16 -3.643935765181199552e-15 -1.776193804669829300e-16 -8.877694645349963992e-16 2.584598914132957880e-15 8.872243183340785898e-15 1.933802401277335360e-15 4.671450850947378219e-15 4.116220978275143285e-15 1.175966354764179106e-14 1.617001622264771292e-14 2.120908571997462318e-14 2.135833581608972362e-14 2.792392441537709480e-14 4.095193355816900707e-14 6.098232239857316603e-14 9.425813404468244679e-14 1.478765355125460492e-13 2.139115082440829299e-13 2.791219497605838616e-13 3.201388077332704008e-13 2.459863907812730994e-13 1.250083122782509721e-13 6.392378471056831029e-14 6.677914356663269519e-14
1.103877733460718786e-14 8.094410609923820894e-15 6.902334063082643930e-15 3.429895693782264181e-15 5.139894976613917783e-15 8.445775561800929766e-15 7.096444418104094880e-15 3.675511456500366284e-15 4.299989756576725410e-15 3.033614398830251807e-15 6.612976029307779635e-15 8.805790120424056748e-15 9.599437394415297203e-15 1.079790118072799987e-14 1.647453224053940681e-14 2.170318681174086508e-14 3.102734535672018105e-14 4.519340475416802097e-14 6.943693701693281210e-14 1.095501322066105589e-13 1.668906416583759285e-13 2.459863907812730994e-13 2.828136621859168632e-13 2.240030056633630687e-13 1.184706508064270788e-13 8.106993339799933012e-14
1.242674691760944931e-14 1.271021014144973256e-14 1.231891972046110208e-14 5.343617970552355096e-15 8.159730746728874293e-15 1.007960150959995016e-14 4.872068082506416056e-15 4.813670755373924648e-15 3.117125667925784735e-15 1.104374318660156876e-15 -2.174781927587076644e-16 -2.158534227011668495e-16 -1.328551561559047479e-15 2.154050246498663720e-16 4.869460721726514304e-15 5.949492781636125777e-15 9.728071297729702577e-15 1.718009218960539272e-14 2.264978264412442487e-14 3.432348820977369855e-14 6.119081885770087754e-14 1.250083122782509721e-13 2.240030056633630687e-13 2.907488719293589061e-13 2.085812922924257145e-13 1.216259614673262961e-13
8.419385676756750359e-15 4.644325348831034676e-15 5.361406913552318209e-15 3.261238220175431269e-15 3.525778960631315189e-15 6.713079295255906423e-15 3.133534788084862052e-15 7.817153312153153265e-16 8.976112926705633334e-16 -1.624121803691282048e-15 -1.350149627000330303e-15 -1.794781912980364225e-15 -2.964628691279846014e-15 -3.121515088078196373e-15 2.309023576242000304e-15 2.512052015680276467e-15 1.350794341491078075e-15 4.233029953046507537e-15 1.096405881281406992e-14 2.044075640076096237e-14 3.329839300709454142e-14 6.392378471056831029e-14 1.184706508064270788e-13 2.085812922924257145e-13 2.989956684621760456e-13 2.407396780614989520e-13
1.206786197171353296e-14 -1.602579694127489425e-15 -4.846952355148198537e-15 -3.666014575876106308e-15 -2.410179267590523941e-15 3.025781656101896424e-15 6.609280222367877182e-15 -2.502100949576198282e-15 1.371615088765467676e-16 -4.870564920197749193e-15 -3.022078179522653487e-15 -2.670512200234520142e-15 -1.295372563399927508e-15 -1.377339117037613691e-15 5.316549035476281237e-15 5.464921400396458030e-15 8.004110852255426354e-15 1.471932328656064507e-14 2.938334733058232941e-14 4.373687099570699380e-14 5.199972326304584424e-14 6.677914356663269519e-14 8.106993339799933012e-14 1.216259614673262961e-13 2.407396780614989520e-13 3.843044501614175841e-13
