1.179230998480843866e-14 -1.171180811221044746e-15 3.801839627512239901e-15 1.301524799809957905e-15 -1.119379867286949458e-15 2.603867390857013284e-15 1.581458976661705768e-15 2.921119697016397578e-15 7.679440082299808982e-16 1.124206215089689808e-15 4.608330637732381798e-17 1.593733979584154477e-16 -4.225871715858398266e-16 3.337089780515215408e-16 -7.963831360528443946e-16 -3.925173901324605364e-16 2.352044717176054263e-16 3.532617469137605093e-16 1.499163084242735908e-16 -4.853418954871510609e-16 -1.254124688944133835e-15 -2.173053460252148983e-15 -6.396659647378081111e-16 3.328361490413637677e-15 -1.358285524714517003e-15 -3.551490250464448568e-15
-1.171180811221044746e-15 1.830495674649228950e-14 4.244465094881177252e-15 1.135930749572224164e-15 -7.669443693863827664e-16 1.255209726697619585e-15 -3.834624953154442432e-15 7.863541658921715963e-16 -1.485128656466276256e-15 1.182897351310672511e-15 1.018761017792920449e-15 3.569273404218953840e-16 -2.582379221077760809e-15 5.713981975081139325e-16 -8.552009794649585361e-16 -2.760378002508467697e-15 -3.743735084652147510e-15 -3.511071254907049158e-15 -6.846257357336853531e-15 -8.281189121699926749e-15 -9.189380918803453485e-15 -7.348181624742768162e-15 3.579135982512216645e-15 7.281213634857845663e-15 1.553124884082362176e-16 -9.026555656223985225e-15
3.801839627512239901e-15 4.244465094881177252e-15 9.672094628820745741e-15 8.370422762055779347e-16 -1.160435102464169023e-15 3.675871532619829975e-15 1.848342478491195762e-15 1.281512991635032798e-15 -4.179519937194568251e-17 1.831909861112300037e-15 3.482089775762515700e-16 5.180316321062352084e-16 -1.367869477103076869e-16 1.546718471536610418e-15 -4.621953985435149423e-17 -9.289485623456736624e-16 3.783146032422164353e-16 8.931919889554046493e-16 -6.529712740121776315e-16 -1.935667573710377487e-15 -2.713146714068129380e-15 -1.381370329797713129e-15 5.798258541683881918e-15 9.445708840264957493e-15 9.179115203102285070e-16 -5.897037366691219719e-15
1.301524799809957905e-15 1.135930749572224164e-15 8.370422762055779347e-16 1.019341019078280410e-14 4.470791224010704523e-15 2.357363963045731792e-15 8.546585127272839558e-17 -2.239531623339088794e-16 7.711258360850653855e-16 -1.956444691187099327e-16 4.736352834060470825e-16 9.516799345353245667e-17 2.096160742453448914e-15 3.639466303576177090e-16 1.890563199138769551e-16 1.529454623297580174e-15 2.671746666965143122e-15 4.311743935590675587e-15 5.941709592462178597e-15 5.070246045546271804e-15 3.418260247320641831e-15 2.882258960960064439e-15 1.553240563626561874e-15 2.504959912048953788e-15 -8.572930442345927353e-16 -4.658887691008764442e-15
-1.119379867286949458e-15 -7.669443693863827664e-16 -1.160435102464169023e-15 4.470791224010704523e-15 4.214422970193538163e-15 1.151955266201187014e-15 6.319908679889287730e-16 5.081999292092053672e-16 1.437138269232246285e-15 -1.629165651337156655e-16 3.632159098436377207e-16 2.269591551134013666e-16 1.998019825063107004e-15 4.778774801173292393e-17 -1.738662457666366856e-16 1.471163615429557016e-15 2.554580743280936850e-15 4.289796772918454225e-15 6.096523658735873319e-15 6.023375924237987595e-15 5.086473368367652118e-15 4.209905077495106999e-15 1.691258128554096783e-15 8.068931880901255445e-16 -1.124202462566386990e-16 -2.055042293405984555e-16
2.603867390857013284e-15 1.255209726697619585e-15 3.675871532619829975e-15 2.357363963045731792e-15 1.151955266201187014e-15 5.395303150851711182e-15 3.421127944634352728e-15 1.819291370335083831e-15 1.024718515987267001e-15 1.575243764634284919e-15 1.128029927495327107e-15 1.342801838332829165e-15 8.097167882162064784e-16 6.644767661494103662e-16 -9.081647340622703528e-17 4.460635237570156863e-16 1.940857256833934611e-15 3.324427231476123202e-15 4.636218089620365202e-15 4.590450866875886105e-15 3.571291253464568498e-15 4.792325966788575900e-15 6.576117212052837513e-15 6.889929931974000892e-15 3.355901965885012797e-15 1.382120284473409522e-15
1.581458976661705768e-15 -3.834624953154442432e-15 1.848342478491195762e-15 8.546585127272839558e-17 6.319908679889287730e-16 3.421127944634352728e-15 8.155542941822141934e-15 2.516651500628774312e-15 1.534404632766511726e-15 1.327562615517127652e-15 1.637017265924933913e-15 2.128538766902884652e-15 3.913580924339991452e-15 4.192070824088515546e-15 4.118848063309688625e-15 5.625586805659830627e-15 6.798502818047053163e-15 7.603457257148235879e-15 1.110565308912769768e-14 1.226440883712000240e-14 1.097334574824247775e-14 9.634059863533227755e-15 6.643188633344136810e-15 3.891576690994088419e-15 3.143675834216838414e-15 8.201645106016263035e-15
2.921119697016397578e-15 7.863541658921715963e-16 1.281512991635032798e-15 -2.239531623339088794e-16 5.081999292092053672e-16 1.819291370335083831e-15 2.516651500628774312e-15 4.513717864207569399e-15 1.826442121796533846e-15 1.840561958458671219e-15 1.343157700113693136e-15 1.559268036123219158e-15 1.898016344277198990e-15 2.377907188630228365e-15 5.124716921642342870e-16 1.462897713284734753e-15 2.026042660604106523e-15 2.632651908969726303e-15 3.148863135342247186e-15 3.400452781305792146e-15 3.281657836495230781e-15 2.940653824934932652e-15 3.782846526027439423e-15 3.813821945938495749e-15 -5.588965830971312145e-16 -2.648719938354792506e-15
7.679440082299808982e-16 -1.485128656466276256e-15 -4.179519937194568251e-17 7.711258360850653855e-16 1.437138269232246285e-15 1.024718515987267001e-15 1.534404632766511726e-15 1.826442121796533846e-15 2.674280091491491548e-15 1.618518402208869908e-15 1.423308940929017469e-15 1.284992717506792590e-15 2.529383558665018030e-15 1.508609684767714909e-15 7.142001106103983118e-16 2.358259980254717456e-15 3.352591232414925777e-15 4.704585394594676397e-15 6.175610148921991747e-15 6.806626459863582849e-15 6.873059643571108404e-15 6.755633091855852790e-15 4.863348693843975492e-15 3.281698113607248325e-15 1.493669691325273826e-15 2.050409072967120328e-15
1.124206215089689808e-15 1.182897351310672511e-15 1.831909861112300037e-15 -1.956444691187099327e-16 -1.629165651337156655e-16 1.575243764634284919e-15 1.327562615517127652e-15 1.840561958458671219e-15 1.618518402208869908e-15 5.517629430986309427e-15 6.617949084769910921e-15 5.988421391754503307e-15 5.888545227981244869e-15 5.642509633633253046e-15 3.203010458105422614e-15 3.274311821959872675e-15 3.225072904404305130e-15 3.974351568345015669e-15 4.924278716386404752e-15 6.553498146036351058e-15 6.582511597784071035e-15 5.774318977933274071e-15 4.597542021722938273e-15 2.665500590898401259e-15 -2.862680687721220441e-16 -3.065856659719561423e-15
4.608330637732381798e-17 1.018761017792920449e-15 3.482089775762515700e-16 4.736352834060470825e-16 3.632159098436377207e-16 1.128029927495327107e-15 1.637017265924933913e-15 1.343157700113693136e-15 1.423308940929017469e-15 6.617949084769910921e-15 1.258295203690540468e-14 1.239516943463218011e-14 1.167112780693092520e-14 1.066087454987318350e-14 7.409328362801637472e-15 7.694662804283150036e-15 7.386097526792372742e-15 8.378913724606343053e-15 1.136552257614624376e-14 1.414719898209611642e-14 1.391695614810352902e-14 1.153308910212281363e-14 6.357082018725151059e-15 1.751155312767148876e-16 -1.165690220243023368e-15 -3.261087882658557779e-15
1.593733979584154477e-16 3.569273404218953840e-16 5.180316321062352084e-16 9.516799345353245667e-17 2.269591551134013666e-16 1.342801838332829165e-15 2.128538766902884652e-15 1.559268036123219158e-15 1.284992717506792590e-15 5.988421391754503307e-15 1.239516943463218011e-14 1.450960943777427039e-14 1.397166001325925172e-14 1.321888946089135190e-14 1.058460657214659274e-14 1.153428630080869030e-14 1.224184297074633145e-14 1.388916326373650325e-14 1.733244979921449440e-14 2.071252655766013163e-14 2.084723997957774713e-14 1.679861898181373735e-14 9.285684509198750651e-15 2.853059073127684916e-16 -1.657056622222773735e-15 -2.247159452691910250e-15
-4.225871715858398266e-16 -2.582379221077760809e-15 -1.367869477103076869e-16 2.096160742453448914e-15 1.998019825063107004e-15 8.097167882162064784e-16 3.913580924339991452e-15 1.898016344277198990e-15 2.529383558665018030e-15 5.888545227981244869e-15 1.167112780693092520e-14 1.397166001325925172e-14 1.936340709457865218e-14 1.896308110824962916e-14 1.747363083308144349e-14 2.034047753367825881e-14 2.224421632684558965e-14 2.437983217440252503e-14 2.866313171494413256e-14 3.183452741843272654e-14 3.071289485356470181e-14 2.102741209936839561e-14 9.361677408516468156e-15 -1.542115679069128048e-15 -3.692951804165549892e-15 -2.141718695172464971e-15
3.337089780515215408e-16 5.713981975081139325e-16 1.546718471536610418e-15 3.639466303576177090e-16 4.778774801173292393e-17 6.644767661494103662e-16 4.192070824088515546e-15 2.377907188630228365e-15 1.508609684767714909e-15 5.642509633633253046e-15 1.066087454987318350e-14 1.321888946089135190e-14 1.896308110824962916e-14 2.297674055242429440e-14 2.311411180199719394e-14 2.542933436903084354e-14 2.804272460195612083e-14 3.029490553879095379e-14 3.343682448963082221e-14 3.611815301511625960e-14 3.405250947906841218e-14 2.071296809753258168e-14 1.051027101266104803e-14 3.562916821846923554e-16 -3.429198046916170104e-15 -2.421833271690567529e-15
-7.963831360528443946e-16 -8.552009794649585361e-16 -4.621953985435149423e-17 1.890563199138769551e-16 -1.738662457666366856e-16 -9.081647340622703528e-17 4.118848063309688625e-15 5.124716921642342870e-16 7.142001106103983118e-16 3.203010458105422614e-15 7.409328362801637472e-15 1.058460657214659274e-14 1.747363083308144349e-14 2.311411180199719394e-14 2.955098658123151286e-14 3.259991437359646345e-14 3.635349303278904143e-14 3.918407129063535556e-14 4.243343272362738679e-14 4.571564100621655416e-14 4.356223683083288152e-14 2.811475694673079936e-14 1.596032459056290485e-14 4.224885070988314137e-15 1.512865161607446831e-15 4.765077788291976628e-15
-3.925173901324605364e-16 -2.760378002508467697e-15 -9.289485623456736624e-16 1.529454623297580174e-15 1.471163615429557016e-15 4.460635237570156863e-16 5.625586805659830627e-15 1.462897713284734753e-15 2.358259980254717456e-15 3.274311821959872675e-15 7.694662804283150036e-15 1.153428630080869030e-14 2.034047753367825881e-14 2.542933436903084354e-14 3.259991437359646345e-14 4.122912179091783667e-14 4.782756468268893616e-14 5.257178752670912032e-14 5.781409456344427068e-14 6.329357008815080305e-14 6.134399815396289799e-14 4.176695449311940765e-14 2.213604105522626550e-14 6.175562630841128491e-15 2.962533246369581500e-15 6.051092992942211101e-15
2.352044717176054263e-16 -3.743735084652147510e-15 3.783146032422164353e-16 2.671746666965143122e-15 2.554580743280936850e-15 1.940857256833934611e-15 6.798502818047053163e-15 2.026042660604106523e-15 3.352591232414925777e-15 3.225072904404305130e-15 7.386097526792372742e-15 1.224184297074633145e-14 2.224421632684558965e-14 2.804272460195612083e-14 3.635349303278904143e-14 4.782756468268893616e-14 6.392335698571943601e-14 7.430663622074147000e-14 8.298161457671344120e-14 9.164393376428032129e-14 8.929254913377736022e-14 6.142875474941299446e-14 3.107354907666108507e-14 9.649058003907820709e-15 1.126455546501422967e-15 8.229451992808509772e-15
3.532617469137605093e-16 -3.511071254907049158e-15 8.931919889554046493e-16 4.311743935590675587e-15 4.289796772918454225e-15 3.324427231476123202e-15 7.603457257148235879e-15 2.632651908969726303e-15 4.704585394594676397e-15 3.974351568345015669e-15 8.378913724606343053e-15 1.388916326373650325e-14 2.437983217440252503e-14 3.029490553879095379e-14 3.918407129063535556e-14 5.257178752670912032e-14 7.430663622074147000e-14 9.869090995648887532e-14 1.179675366003639834e-13 1.317508974483448701e-13 1.304105863211232669e-13 9.444647606896446173e-14 4.541457752749898919e-14 1.736354939624570644e-14 4.431478176806773403e-15 1.500587975099821753e-14
1.499163084242735908e-16 -6.846257357336853531e-15 -6.529712740121776315e-16 5.941709592462178597e-15 6.096523658735873319e-15 4.636218089620365202e-15 1.110565308912769768e-14 3.148863135342247186e-15 6.175610148921991747e-15 4.924278716386404752e-15 1.136552257614624376e-14 1.733244979921449440e-14 2.866313171494413256e-14 3.343682448963082221e-14 4.243343272362738679e-14 5.781409456344427068e-14 8.298161457671344120e-14 1.179675366003639834e-13 1.581345195060307479e-13 1.856558984154107271e-13 1.889162024909733519e-13 1.476630205503681197e-13 6.922480000789555208e-14 2.260247506826598642e-14 1.086173938743753186e-14 2.906536516071793687e-14
-4.853418954871510609e-16 -8.281189121699926749e-15 -1.935667573710377487e-15 5.070246045546271804e-15 6.023375924237987595e-15 4.590450866875886105e-15 1.226440883712000240e-14 3.400452781305792146e-15 6.806626459863582849e-15 6.553498146036351058e-15 1.414719898209611642e-14 2.071252655766013163e-14 3.183452741843272654e-14 3.611815301511625960e-14 4.571564100621655416e-14 6.329357008815080305e-14 9.164393376428032129e-14 1.317508974483448701e-13 1.856558984154107271e-13 2.376815654200047604e-13 2.558030032182601181e-13 2.140563921792854575e-13 1.096516213195913796e-13 3.458895343038970507e-14 2.066495520649140831e-14 4.393571419614958431e-14
-1.254124688944133835e-15 -9.189380918803453485e-15 -2.713146714068129380e-15 3.418260247320641831e-15 5.086473368367652118e-15 3.571291253464568498e-15 1.097334574824247775e-14 3.281657836495230781e-15 6.873059643571108404e-15 6.582511597784071035e-15 1.391695614810352902e-14 2.084723997957774713e-14 3.071289485356470181e-14 3.405250947906841218e-14 4.356223683083288152e-14 6.134399815396289799e-14 8.929254913377736022e-14 1.304105863211232669e-13 1.889162024909733519e-13 2.558030032182601181e-13 3.018869935664153010e-13 2.790700015071889025e-13 1.669087707923149290e-13 6.130331121105572622e-14 3.321570556359489547e-14 5.187561068717699690e-14
-2.173053460252148983e-15 -7.348181624742768162e-15 -1.381370329797713129e-15 2.882258960960064439e-15 4.209905077495106999e-15 4.792325966788575900e-15 9.634059863533227755e-15 2.940653824934932652e-15 6.755633091855852790e-15 5.774318977933274071e-15 1.153308910212281363e-14 1.679861898181373735e-14 2.102741209936839561e-14 2.071296809753258168e-14 2.811475694673079936e-14 4.176695449311940765e-14 6.142875474941299446e-14 9.444647606896446173e-14 1.476630205503681197e-13 2.140563921792854575e-13 2.790700015071889025e-13 3.203241965933972976e-13 2.461627288571120873e-13 1.252239829969045519e-13 6.409634610251959435e-14 6.700276055594708515e-14
-6.396659647378081111e-16 3.579135982512216645e-15 5.798258541683881918e-15 1.553240563626561874e-15 1.691258128554096783e-15 6.576117212052837513e-15 6.643188633344136810e-15 3.782846526027439423e-15 4.863348693843975492e-15 4.597542021722938273e-15 6.357082018725151059e-15 9.285684509198750651e-15 9.361677408516468156e-15 1.051027101266104803e-14 1.596032459056290485e-14 2.213604105522626550e-14 3.107354907666108507e-14 4.541457752749898919e-14 6.922480000789555208e-14 1.096516213195913796e-13 1.669087707923149290e-13 2.461627288571120873e-13 2.829379943967492737e-13 2.241586274635344429e-13 1.186860372623009943e-13 8.113937195872383897e-14
3.328361490413637677e-15 7.281213634857845663e-15 9.445708840264957493e-15 2.504959912048953788e-15 8.068931880901255445e-16 6.889929931974000892e-15 3.891576690994088419e-15 3.813821945938495749e-15 3.281698113607248325e-15 2.665500590898401259e-15 1.751155312767148876e-16 2.853059073127684916e-16 -1.542115679069128048e-15 3.562916821846923554e-16 4.224885070988314137e-15 6.175562630841128491e-15 9.649058003907820709e-15 1.736354939624570644e-14 2.260247506826598642e-14 3.458895343038970507e-14 6.130331121105572622e-14 1.252239829969045519e-13 2.241586274635344429e-13 2.906592130151817526e-13 2.085633595870280575e-13 1.215996648588704973e-13
-1.358285524714517003e-15 1.553124884082362176e-16 9.179115203102285070e-16 -8.572930442345927353e-16 -1.124202462566386990e-16 3.355901965885012797e-15 3.143675834216838414e-15 -5.588965830971312145e-16 1.493669691325273826e-15 -2.862680687721220441e-16 -1.165690220243023368e-15 -1.657056622222773735e-15 -3.692951804165549892e-15 -3.429198046916170104e-15 1.512865161607446831e-15 2.962533246369581500e-15 1.126455546501422967e-15 4.431478176806773403e-15 1.086173938743753186e-14 2.066495520649140831e-14 3.321570556359489547e-14 6.409634610251959435e-14 1.186860372623009943e-13 2.085633595870280575e-13 2.988241135508588876e-13 2.406425136887324119e-13
-3.551490250464448568e-15 -9.026555656223985225e-15 -5.897037366691219719e-15 -4.658887691008764442e-15 -2.055042293405984555e-16 1.382120284473409522e-15 8.201645106016263035e-15 -2.648719938354792506e-15 2.050409072967120328e-15 -3.065856659719561423e-15 -3.261087882658557779e-15 -2.247159452691910250e-15 -2.141718695172464971e-15 -2.421833271690567529e-15 4.765077788291976628e-15 6.051092992942211101e-15 8.229451992808509772e-15 1.500587975099821753e-14 2.906536516071793687e-14 4.393571419614958431e-14 5.187561068717699690e-14 6.700276055594708515e-14 8.113937195872383897e-14 1.215996648588704973e-13 2.406425136887324119e-13 3.843437347037140640e-13
