3.148333930821531447e-14 2.367935783068543440e-15 1.839607926628551577e-15 -1.535234837565279243e-15 -9.567166160834552039e-16 -6.197909988936656294e-15 -3.633473836912821594e-15 -4.538654590636455013e-15 2.867523701816666719e-16 -2.769303158411195954e-15 -1.044065040385784861e-15 1.630142927833310313e-16 4.297907448957040809e-15 4.208320949862125595e-15 5.656172188793882326e-15 6.110465529556859839e-15 7.697549593528435093e-15 7.952078978576369367e-15 9.711544395609091366e-15 8.853415851546342659e-15 8.143213737367843476e-15 1.537534069877457771e-15 -6.177233469001518796e-15 -7.855575211338801694e-15 2.225606283337861561e-15 7.093708886691377787e-15
2.367935783068543440e-15 1.730444837811772432e-14 -3.560738267043958198e-15 2.712062020799124544e-15 -3.965695748737630569e-15 -1.771451953646631675e-15 2.074756268297693480e-15 8.360062493309191530e-17 9.714366706945061124e-16 -2.990157056688401161e-15 2.154533706006452408e-16 4.450355785541820184e-17 3.035882231613278071e-15 8.036261097982647142e-16 3.652725139856308771e-15 5.561200608907655243e-15 5.047442008593736580e-15 5.888667075316867312e-15 8.415933648553633391e-15 1.019538367100090016e-14 1.057049129658156206e-14 8.485913023659334165e-15 2.684551674077332806e-15 1.249854815973527038e-15 -1.656958660741548019e-18 4.271733738492596277e-15
1.839607926628551577e-15 -3.560738267043958198e-15 1.177256355532059139e-14 2.973025973593031519e-15 4.585851848913846431e-15 3.696944524836421459e-15 1.993482348225079453e-16 6.448565153688092629e-16 1.244224313464258353e-15 5.317046672874032577e-16 -1.366969146194997685e-18 -1.376620084362377099e-17 -8.019618679727867031e-16 -1.324058609066541203e-15 -3.634139812671701055e-15 -2.671908331609596099e-15 -1.642498701265828695e-15 -5.233332575954205866e-16 -1.762366969693526585e-15 -3.577630962044057272e-15 -4.455652869740051409e-15 -1.727489526831228849e-15 5.665199609363847486e-15 1.114768680051143124e-14 3.034639534396644892e-15 -4.538506178124576639e-15
-1.535234837565279243e-15 2.712062020799124544e-15 2.973025973593031519e-15 8.244422604004158846e-15 -2.823675186772790982e-16 2.966056606609292557e-17 -1.409748100692841967e-15 4.401280599814728685e-17 1.685739790553064211e-16 7.360829209571957253e-17 4.438989819559682010e-16 -2.204093928666232802e-16 -2.317400847029115607e-16 -1.483170895569001264e-15 -1.744564292291659773e-15 -1.218149245424412513e-15 -9.262786139353497615e-16 3.262670775814079883e-16 -2.744731099491769786e-16 -7.515123642827798195e-16 -1.452865692068084717e-15 -3.350351194984014209e-16 3.882087403144648467e-15 5.001145953964507611e-15 -5.175684895458390927e-16 -5.865684299274802050e-15
-9.567166160834552039e-16 -3.965695748737630569e-15 4.585851848913846431e-15 -2.823675186772790982e-16 6.769345691512506904e-15 5.959255766987916562e-15 3.824336922349820111e-15 1.801661912283342334e-15 1.206176993754277359e-15 1.423242785348485143e-15 4.095754951934869355e-16 1.612561271080875208e-15 2.260331581231993166e-15 3.002945406565587211e-15 1.126201711694372572e-15 1.506562981939320490e-15 3.114331721513534120e-15 4.331626706276151669e-15 5.706124667783940293e-15 5.290569782128744644e-15 3.651420632500597132e-15 2.965542226044419947e-15 3.779327235261463535e-15 3.538041264569443630e-15 6.574965763094739591e-16 -1.403366102866632252e-15
-6.197909988936656294e-15 -1.771451953646631675e-15 3.696944524836421459e-15 2.966056606609292557e-17 5.959255766987916562e-15 9.310787911704684593e-15 6.048187334049448503e-15 2.634098917672331540e-15 1.283960880085151324e-15 1.167053234379868663e-15 5.679612108687237459e-16 1.787410659496624571e-15 1.053751299219694072e-15 1.359309377459482632e-15 4.996767248302459725e-16 1.155736663117617870e-15 2.385703241212975308e-15 3.924074961579265391e-15 5.768392720323278498e-15 5.790883305877764874e-15 3.712651786537212781e-15 6.024698019528692509e-15 7.485223586810217185e-15 7.333998786433802695e-15 4.784081362003216008e-15 3.419326675509573868e-15
-3.633473836912821594e-15 2.074756268297693480e-15 1.993482348225079453e-16 -1.409748100692841967e-15 3.824336922349820111e-15 6.048187334049448503e-15 7.160066881230913488e-15 3.376550143705446502e-15 1.288996045956830261e-15 9.444970602297198465e-16 7.845500398182961369e-16 1.996964475937255102e-15 2.723963482884308929e-15 3.639783093430389638e-15 3.232034725714811439e-15 4.033776780486798602e-15 4.671974882405231354e-15 5.590238535710432516e-15 7.441916186372893227e-15 8.492732225312109510e-15 7.319242959094991601e-15 7.171562050526035080e-15 6.571266752960769886e-15 5.392252147247627635e-15 3.770707790877269823e-15 5.552739277092611038e-15
-4.538654590636455013e-15 8.360062493309191530e-17 6.448565153688092629e-16 4.401280599814728685e-17 1.801661912283342334e-15 2.634098917672331540e-15 3.376550143705446502e-15 4.353585470991217764e-15 1.848407383372593828e-15 1.374087628883392871e-15 1.136612240225350675e-15 1.191990540059224097e-15 1.532743138765237401e-15 2.137932916777271158e-15 6.867269535065079001e-16 1.626917482965281874e-15 2.314687229105607901e-15 3.464194232611953581e-15 4.022363314594118780e-15 4.647017323608801998e-15 3.993022677916195381e-15 4.111694599726185908e-15 4.993101627528479381e-15 4.625987363781336650e-15 1.718589327102287846e-16 -6.006523921869424935e-16
2.867523701816666719e-16 9.714366706945061124e-16 1.244224313464258353e-15 1.685739790553064211e-16 1.206176993754277359e-15 1.283960880085151324e-15 1.288996045956830261e-15 1.848407383372593828e-15 2.335604500494639755e-15 9.017491015911518460e-16 1.366796337673019987e-15 1.329187553950426340e-15 2.675642637597459570e-15 1.807272447287980845e-15 1.153202882063681977e-15 2.492853219596193621e-15 3.368718167225482297e-15 4.601346604116816115e-15 5.999486559127342955e-15 6.726357453302613878e-15 6.588979895708382942e-15 6.180945037331167290e-15 3.994272137179691834e-15 2.925617485588569573e-15 1.951121359766307246e-15 2.603843395144264816e-15
-2.769303158411195954e-15 -2.990157056688401161e-15 5.317046672874032577e-16 7.360829209571957253e-17 1.423242785348485143e-15 1.167053234379868663e-15 9.444970602297198465e-16 1.374087628883392871e-15 9.017491015911518460e-16 5.463984778046838004e-15 6.381453000972394760e-15 6.023037047618040696e-15 4.793526194662841153e-15 5.064858672663648277e-15 2.787137813819407102e-15 2.261324067258338663e-15 2.378760624272576281e-15 3.303203294289293429e-15 4.089231650040656398e-15 6.054750855710414870e-15 6.400726069999457358e-15 5.866063125231190617e-15 4.774091106921505061e-15 2.562806266884104153e-15 2.409163640083681595e-16 -2.334649679764183680e-15
-1.044065040385784861e-15 2.154533706006452408e-16 -1.366969146194997685e-18 4.438989819559682010e-16 4.095754951934869355e-16 5.679612108687237459e-16 7.845500398182961369e-16 1.136612240225350675e-15 1.366796337673019987e-15 6.381453000972394760e-15 1.272369678148901937e-14 1.204328814853689617e-14 1.047415919017610603e-14 8.955578680926163438e-15 6.223119987234543217e-15 5.791460200689963389e-15 5.468390338906504321e-15 6.478456862105099519e-15 9.216286535939463477e-15 1.231338604470481004e-14 1.267982848123001270e-14 1.134086515609918154e-14 6.671352234536789769e-15 4.471595931581837564e-16 -5.946982939783195104e-16 -3.197444883449101486e-15
1.630142927833310313e-16 4.450355785541820184e-17 -1.376620084362377099e-17 -2.204093928666232802e-16 1.612561271080875208e-15 1.787410659496624571e-15 1.996964475937255102e-15 1.191990540059224097e-15 1.329187553950426340e-15 6.023037047618040696e-15 1.204328814853689617e-14 1.427160699790933533e-14 1.400027880397423450e-14 1.330359865206752211e-14 1.088563006136840638e-14 1.122334809759554248e-14 1.213254526428858903e-14 1.381842472496678122e-14 1.690331402252422139e-14 2.002299169685528535e-14 1.975646225592667447e-14 1.569092771822595986e-14 8.502394927273398123e-15 -4.116698041895480112e-17 -1.532251330558929800e-15 -2.554755938406619364e-15
4.297907448957040809e-15 3.035882231613278071e-15 -8.019618679727867031e-16 -2.317400847029115607e-16 2.260331581231993166e-15 1.053751299219694072e-15 2.723963482884308929e-15 1.532743138765237401e-15 2.675642637597459570e-15 4.793526194662841153e-15 1.047415919017610603e-14 1.400027880397423450e-14 1.970985339313822275e-14 1.899539000508616294e-14 1.821240965897847297e-14 2.010732717681399650e-14 2.226375301163038536e-14 2.443146113712736163e-14 2.853210832286292610e-14 3.188988474027068870e-14 3.076631256755548169e-14 2.118618767026175278e-14 9.702910413883998133e-15 -1.217287640569521618e-15 -3.172033900520813938e-15 -1.575621329689912494e-15
4.208320949862125595e-15 8.036261097982647142e-16 -1.324058609066541203e-15 -1.483170895569001264e-15 3.002945406565587211e-15 1.359309377459482632e-15 3.639783093430389638e-15 2.137932916777271158e-15 1.807272447287980845e-15 5.064858672663648277e-15 8.955578680926163438e-15 1.330359865206752211e-14 1.899539000508616294e-14 2.261180090753996899e-14 2.324273373232647292e-14 2.485967982256648808e-14 2.790647167556838349e-14 3.041072308487118680e-14 3.349122268303731509e-14 3.643657535439798807e-14 3.447276659491773925e-14 2.137688476988991950e-14 1.125003624178554166e-14 8.544249148401292423e-16 -3.366586078743697652e-15 -1.759898836769432044e-15
5.656172188793882326e-15 3.652725139856308771e-15 -3.634139812671701055e-15 -1.744564292291659773e-15 1.126201711694372572e-15 4.996767248302459725e-16 3.232034725714811439e-15 6.867269535065079001e-16 1.153202882063681977e-15 2.787137813819407102e-15 6.223119987234543217e-15 1.088563006136840638e-14 1.821240965897847297e-14 2.324273373232647292e-14 2.999255298575745208e-14 3.235525810600117951e-14 3.634353123683783025e-14 3.930486470965501239e-14 4.246999390291528810e-14 4.566803818980903648e-14 4.325961739180542920e-14 2.789901318994359559e-14 1.593365311903165422e-14 4.219873348750752637e-15 1.157915601871517369e-15 4.454025992349266678e-15
6.110465529556859839e-15 5.561200608907655243e-15 -2.671908331609596099e-15 -1.218149245424412513e-15 1.506562981939320490e-15 1.155736663117617870e-15 4.033776780486798602e-15 1.626917482965281874e-15 2.492853219596193621e-15 2.261324067258338663e-15 5.791460200689963389e-15 1.122334809759554248e-14 2.010732717681399650e-14 2.485967982256648808e-14 3.235525810600117951e-14 4.040255318694729720e-14 4.727318392391869299e-14 5.225563608144150088e-14 5.731646176285944584e-14 6.274216276203153909e-14 6.081257038082501240e-14 4.140826394621246004e-14 2.231104447430026198e-14 6.550323131108727967e-15 2.870829584776190128e-15 5.837939773661477776e-15
7.697549593528435093e-15 5.047442008593736580e-15 -1.642498701265828695e-15 -9.262786139353497615e-16 3.114331721513534120e-15 2.385703241212975308e-15 4.671974882405231354e-15 2.314687229105607901e-15 3.368718167225482297e-15 2.378760624272576281e-15 5.468390338906504321e-15 1.213254526428858903e-14 2.226375301163038536e-14 2.790647167556838349e-14 3.634353123683783025e-14 4.727318392391869299e-14 6.371410639167608459e-14 7.420947298304088555e-14 8.270539401133572092e-14 9.114715720079211958e-14 8.885113490419597219e-14 6.100523167971988219e-14 3.091883526862534261e-14 9.626413607316499818e-15 8.823199688563129237e-16 7.491455822410608666e-15
7.952078978576369367e-15 5.888667075316867312e-15 -5.233332575954205866e-16 3.262670775814079883e-16 4.331626706276151669e-15 3.924074961579265391e-15 5.590238535710432516e-15 3.464194232611953581e-15 4.601346604116816115e-15 3.303203294289293429e-15 6.478456862105099519e-15 1.381842472496678122e-14 2.443146113712736163e-14 3.041072308487118680e-14 3.930486470965501239e-14 5.225563608144150088e-14 7.420947298304088555e-14 9.866104926742368266e-14 1.180125437848821905e-13 1.316369249751358863e-13 1.303176053945837212e-13 9.442900758187058494e-14 4.553112153601374652e-14 1.746557848586634320e-14 4.563008811978051547e-15 1.505256836839626418e-14
9.711544395609091366e-15 8.415933648553633391e-15 -1.762366969693526585e-15 -2.744731099491769786e-16 5.706124667783940293e-15 5.768392720323278498e-15 7.441916186372893227e-15 4.022363314594118780e-15 5.999486559127342955e-15 4.089231650040656398e-15 9.216286535939463477e-15 1.690331402252422139e-14 2.853210832286292610e-14 3.349122268303731509e-14 4.246999390291528810e-14 5.731646176285944584e-14 8.270539401133572092e-14 1.180125437848821905e-13 1.581328840594070468e-13 1.855239165004083267e-13 1.889856433739866551e-13 1.477072977624299849e-13 6.941423011669404787e-14 2.276801135258914909e-14 1.108785448041521978e-14 2.925722700962189470e-14
8.853415851546342659e-15 1.019538367100090016e-14 -3.577630962044057272e-15 -7.515123642827798195e-16 5.290569782128744644e-15 5.790883305877764874e-15 8.492732225312109510e-15 4.647017323608801998e-15 6.726357453302613878e-15 6.054750855710414870e-15 1.231338604470481004e-14 2.002299169685528535e-14 3.188988474027068870e-14 3.643657535439798807e-14 4.566803818980903648e-14 6.274216276203153909e-14 9.114715720079211958e-14 1.316369249751358863e-13 1.855239165004083267e-13 2.373882606540117816e-13 2.557037220390546327e-13 2.141032222953615182e-13 1.098647572421463771e-13 3.455095624196380291e-14 2.050084567307087952e-14 4.350990392826619627e-14
8.143213737367843476e-15 1.057049129658156206e-14 -4.455652869740051409e-15 -1.452865692068084717e-15 3.651420632500597132e-15 3.712651786537212781e-15 7.319242959094991601e-15 3.993022677916195381e-15 6.588979895708382942e-15 6.400726069999457358e-15 1.267982848123001270e-14 1.975646225592667447e-14 3.076631256755548169e-14 3.447276659491773925e-14 4.325961739180542920e-14 6.081257038082501240e-14 8.885113490419597219e-14 1.303176053945837212e-13 1.889856433739866551e-13 2.557037220390546327e-13 3.019221790226434207e-13 2.792332588415422424e-13 1.672379948598412437e-13 6.159464462847654955e-14 3.354068503706883074e-14 5.213054525361231625e-14
1.537534069877457771e-15 8.485913023659334165e-15 -1.727489526831228849e-15 -3.350351194984014209e-16 2.965542226044419947e-15 6.024698019528692509e-15 7.171562050526035080e-15 4.111694599726185908e-15 6.180945037331167290e-15 5.866063125231190617e-15 1.134086515609918154e-14 1.569092771822595986e-14 2.118618767026175278e-14 2.137688476988991950e-14 2.789901318994359559e-14 4.140826394621246004e-14 6.100523167971988219e-14 9.442900758187058494e-14 1.477072977624299849e-13 2.141032222953615182e-13 2.792332588415422424e-13 3.204313944428629960e-13 2.463184104617937976e-13 1.253346043760213534e-13 6.423337862289199756e-14 6.686968488001955416e-14
-6.177233469001518796e-15 2.684551674077332806e-15 5.665199609363847486e-15 3.882087403144648467e-15 3.779327235261463535e-15 7.485223586810217185e-15 6.571266752960769886e-15 4.993101627528479381e-15 3.994272137179691834e-15 4.774091106921505061e-15 6.671352234536789769e-15 8.502394927273398123e-15 9.702910413883998133e-15 1.125003624178554166e-14 1.593365311903165422e-14 2.231104447430026198e-14 3.091883526862534261e-14 4.553112153601374652e-14 6.941423011669404787e-14 1.098647572421463771e-13 1.672379948598412437e-13 2.463184104617937976e-13 2.830571478679523999e-13 2.241964732495895234e-13 1.187505918586573994e-13 8.115080951366930234e-14
-7.855575211338801694e-15 1.249854815973527038e-15 1.114768680051143124e-14 5.001145953964507611e-15 3.538041264569443630e-15 7.333998786433802695e-15 5.392252147247627635e-15 4.625987363781336650e-15 2.925617485588569573e-15 2.562806266884104153e-15 4.471595931581837564e-16 -4.116698041895480112e-17 -1.217287640569521618e-15 8.544249148401292423e-16 4.219873348750752637e-15 6.550323131108727967e-15 9.626413607316499818e-15 1.746557848586634320e-14 2.276801135258914909e-14 3.455095624196380291e-14 6.159464462847654955e-14 1.253346043760213534e-13 2.241964732495895234e-13 2.907294704686706912e-13 2.087717740576172637e-13 1.218172284477643910e-13
2.225606283337861561e-15 -1.656958660741548019e-18 3.034639534396644892e-15 -5.175684895458390927e-16 6.574965763094739591e-16 4.784081362003216008e-15 3.770707790877269823e-15 1.718589327102287846e-16 1.951121359766307246e-15 2.409163640083681595e-16 -5.946982939783195104e-16 -1.532251330558929800e-15 -3.172033900520813938e-15 -3.366586078743697652e-15 1.157915601871517369e-15 2.870829584776190128e-15 8.823199688563129237e-16 4.563008811978051547e-15 1.108785448041521978e-14 2.050084567307087952e-14 3.354068503706883074e-14 6.423337862289199756e-14 1.187505918586573994e-13 2.087717740576172637e-13 2.991779580948201923e-13 2.409422730251902293e-13
7.093708886691377787e-15 4.271733738492596277e-15 -4.538506178124576639e-15 -5.865684299274802050e-15 -1.403366102866632252e-15 3.419326675509573868e-15 5.552739277092611038e-15 -6.006523921869424935e-16 2.603843395144264816e-15 -2.334649679764183680e-15 -3.197444883449101486e-15 -2.554755938406619364e-15 -1.575621329689912494e-15 -1.759898836769432044e-15 4.454025992349266678e-15 5.837939773661477776e-15 7.491455822410608666e-15 1.505256836839626418e-14 2.925722700962189470e-14 4.350990392826619627e-14 5.213054525361231625e-14 6.686968488001955416e-14 8.115080951366930234e-14 1.218172284477643910e-13 2.409422730251902293e-13 3.843338702280700745e-13
