1.550520556317203827e-14 -2.981631403900462832e-15 -7.427206355758749208e-16 1.142615091284949016e-15 1.792475725182999431e-15 -2.620292856284882644e-16 1.081440273541692627e-15 4.911729898738699627e-15 1.335547922385797354e-15 -4.283702451196281947e-16 2.100333139785545098e-17 4.216433758322666630e-16 1.333241960849944169e-15 1.193488243231445749e-15 6.292315944017480841e-16 2.004572561281271514e-15 1.985626134257523119e-15 1.917671017809562896e-15 3.009030388891273980e-15 5.518234146607614688e-15 5.556939779508886723e-15 6.853410953824898690e-15 7.179570612105484663e-15 3.606171409022007845e-15 -7.175910327235674231e-16 1.721508511981019173e-15
-2.981631403900462832e-15 1.566564677011461582e-14 3.639687165583826787e-15 4.036839181098422239e-15 -1.906924408872052191e-15 1.891541549434509481e-15 7.370634730660523252e-16 -1.025303862761482946e-15 6.109032529254333104e-16 3.193709440422018481e-16 8.225792372860472026e-16 1.201047876283379515e-15 -6.762617315253712772e-16 1.071346211743276338e-15 -1.058624412826621179e-15 -1.961490456196810625e-15 -1.590885457390515899e-15 -7.079558147888154615e-16 -2.919075723139540260e-15 -4.891136892991943328e-15 -5.057377401945545391e-15 -4.381071310754805557e-15 1.538417068563838287e-15 1.849918644483494644e-15 -6.024927296199041912e-16 -5.027027770111932626e-15
-7.427206355758749208e-16 3.639687165583826787e-15 1.206559292101221184e-14 7.405145980294297155e-15 4.840053363961924143e-15 5.118708397566436876e-15 4.873740753378854209e-16 -1.633885020789190176e-15 -7.098490561825619179e-16 5.178352067416673456e-16 7.685176247369466850e-16 4.819369225439702783e-16 1.941012795268149450e-15 1.794410445726362831e-15 1.777497769092175910e-15 9.514935597421136347e-16 2.250249686061954975e-15 2.798566989122767923e-15 2.888073110650732783e-15 1.951319299004995197e-15 8.607748100596041648e-16 1.688237825051179169e-16 3.664333440062220120e-15 5.669082850239505755e-15 4.473005040539018588e-16 -3.631269315307604144e-15
1.142615091284949016e-15 4.036839181098422239e-15 7.405145980294297155e-15 1.151422367506306834e-14 3.382568151263034148e-15 3.652296439590504331e-15 -1.349265004781988275e-15 6.957037437939398835e-17 4.066868399024590596e-16 3.996146732134721269e-16 5.668296418353570259e-16 -2.164712862850632257e-16 1.253866039514162778e-16 -3.729810136036733655e-16 -2.552028692384981334e-15 -2.435319249027450108e-15 -1.218643060709378691e-15 -2.904704733754103636e-16 -2.525620819651183514e-15 -4.751534129462658093e-15 -6.409312266399262145e-15 -4.988563816395030354e-15 1.049940407227707287e-15 5.823788750717290852e-15 -1.223644123254291588e-15 -1.161542419452865536e-14
1.792475725182999431e-15 -1.906924408872052191e-15 4.840053363961924143e-15 3.382568151263034148e-15 6.248032299510207566e-15 3.873822164941676268e-15 9.858481856149269039e-16 5.547342661552407110e-16 4.589416832791417559e-16 1.313081975960135890e-15 1.038117719903411093e-15 1.034977656487238218e-15 2.674331074481758632e-15 2.453802356232717562e-15 1.824969500290068338e-15 2.554348821150760310e-15 4.344287213106812658e-15 5.856874668127185835e-15 7.938427574841404584e-15 7.803858718279723131e-15 5.384696244657860769e-15 2.691379322875296322e-15 6.984264279835815400e-16 1.397905656277989636e-15 7.040359428501664699e-17 -7.586222946925314734e-16
-2.620292856284882644e-16 1.891541549434509481e-15 5.118708397566436876e-15 3.652296439590504331e-15 3.873822164941676268e-15 1.125021720447374668e-14 3.163073282128427327e-15 1.378108002658830821e-15 2.055947152084629707e-16 1.289766205191987391e-15 1.084896254700084177e-15 1.856093653123872111e-15 5.323786007537606779e-16 1.005394903565072720e-15 -8.782130771945718560e-16 -4.428727165436945815e-17 1.977318812669707813e-15 3.068300938540276803e-15 4.152632716413070858e-15 3.744495926190149664e-15 2.049636130278068557e-15 4.808602652555536592e-15 8.160045555525766869e-15 9.873311753988389204e-15 6.785608665560718857e-15 3.804977469973982791e-15
1.081440273541692627e-15 7.370634730660523252e-16 4.873740753378854209e-16 -1.349265004781988275e-15 9.858481856149269039e-16 3.163073282128427327e-15 7.325465774991603625e-15 3.670059737359820965e-15 6.998282387799125168e-16 7.865730358437144721e-16 1.028543087650190815e-15 2.064334783674669193e-15 3.373813982654010067e-15 3.954447244082250955e-15 3.789221933826674437e-15 4.928495549223959986e-15 5.403012098422680337e-15 6.099028864741964617e-15 8.417350947385990297e-15 8.581708107843847425e-15 7.200691002119220077e-15 5.985702451673428555e-15 4.469479530769123102e-15 2.558538238478200025e-15 2.061143620538749735e-15 4.025329515496126814e-15
4.911729898738699627e-15 -1.025303862761482946e-15 -1.633885020789190176e-15 6.957037437939398835e-17 5.547342661552407110e-16 1.378108002658830821e-15 3.670059737359820965e-15 5.087396311187548513e-15 1.608984915065272983e-15 1.295165654650331975e-15 9.030908149812565653e-16 1.281959412744070346e-15 2.661862866359564797e-15 2.866262362408158176e-15 1.239525806683489139e-15 2.996907116275267162e-15 3.508823851126050611e-15 4.623375670145967460e-15 5.826301638736575097e-15 6.796061761980630066e-15 6.592664200246675381e-15 6.435910287139347425e-15 5.974258208103795024e-15 4.624933554234734858e-15 6.858552076748881367e-16 1.533586607826913580e-15
1.335547922385797354e-15 6.109032529254333104e-16 -7.098490561825619179e-16 4.066868399024590596e-16 4.589416832791417559e-16 2.055947152084629707e-16 6.998282387799125168e-16 1.608984915065272983e-15 1.906654474570346427e-15 1.524340981015396964e-15 1.496373697850236119e-15 1.342207543296597482e-15 2.009144566426210139e-15 1.570024867623396711e-15 9.361954954763831709e-16 2.109341506185304334e-15 3.062699556878765263e-15 4.641982610913199652e-15 6.069007163083363135e-15 6.891403001535641775e-15 7.241676459703844668e-15 6.791830746353197430e-15 4.176078813688742806e-15 2.314118610444019901e-15 1.131192235952207709e-15 1.839138243770665260e-15
-4.283702451196281947e-16 3.193709440422018481e-16 5.178352067416673456e-16 3.996146732134721269e-16 1.313081975960135890e-15 1.289766205191987391e-15 7.865730358437144721e-16 1.295165654650331975e-15 1.524340981015396964e-15 5.706549525843411913e-15 6.879308443125300103e-15 5.891428723923371115e-15 6.040258873929385063e-15 5.811864508256750434e-15 3.391224182585365742e-15 3.634390954812853895e-15 3.889628965289742544e-15 5.075748700012005605e-15 6.575527321099851438e-15 8.482428988470411570e-15 8.474452384415378184e-15 6.706901305745014383e-15 3.392377417480383579e-15 6.933765219671858644e-16 -1.217925402716969774e-15 -2.715951642961284428e-15
2.100333139785545098e-17 8.225792372860472026e-16 7.685176247369466850e-16 5.668296418353570259e-16 1.038117719903411093e-15 1.084896254700084177e-15 1.028543087650190815e-15 9.030908149812565653e-16 1.496373697850236119e-15 6.879308443125300103e-15 1.224433961970914832e-14 1.169419694656302804e-14 1.085324191070464456e-14 9.882268826113299438e-15 6.922523328180041601e-15 6.770842658118711601e-15 6.698142757926576051e-15 7.573194478572073690e-15 1.014947480607000339e-14 1.287233000134482469e-14 1.280566623913306589e-14 1.093136218788678185e-14 6.149103808772925062e-15 1.000404443990956956e-16 -9.827925430397901804e-16 -3.761302481103737249e-15
4.216433758322666630e-16 1.201047876283379515e-15 4.819369225439702783e-16 -2.164712862850632257e-16 1.034977656487238218e-15 1.856093653123872111e-15 2.064334783674669193e-15 1.281959412744070346e-15 1.342207543296597482e-15 5.891428723923371115e-15 1.169419694656302804e-14 1.385735713797535194e-14 1.346426957050758136e-14 1.322329191478142952e-14 1.090059497888180365e-14 1.162646712287641592e-14 1.242874390599749901e-14 1.376320377507266453e-14 1.693458692440789076e-14 2.024067921734237328e-14 2.008572956750435330e-14 1.622904463743307727e-14 9.531764815919953827e-15 1.015221157454712034e-15 -1.057893233862182064e-15 -2.786999592374294029e-15
1.333241960849944169e-15 -6.762617315253712772e-16 1.941012795268149450e-15 1.253866039514162778e-16 2.674331074481758632e-15 5.323786007537606779e-16 3.373813982654010067e-15 2.661862866359564797e-15 2.009144566426210139e-15 6.040258873929385063e-15 1.085324191070464456e-14 1.346426957050758136e-14 1.947882936344256567e-14 1.899291245479093920e-14 1.756040092026170635e-14 2.023292912752644829e-14 2.235203091326334667e-14 2.447138127159012688e-14 2.887828310855617686e-14 3.233607817358245895e-14 3.150469700808975427e-14 2.175955072684323800e-14 9.853555288689180579e-15 -1.249208370245008697e-15 -3.366981736617820615e-15 -1.089570202631336304e-15
1.193488243231445749e-15 1.071346211743276338e-15 1.794410445726362831e-15 -3.729810136036733655e-16 2.453802356232717562e-15 1.005394903565072720e-15 3.954447244082250955e-15 2.866262362408158176e-15 1.570024867623396711e-15 5.811864508256750434e-15 9.882268826113299438e-15 1.322329191478142952e-14 1.899291245479093920e-14 2.295670013974851593e-14 2.293336968676721706e-14 2.553236912897501147e-14 2.845261057533809846e-14 3.068086788788236434e-14 3.364332730935677981e-14 3.654373223627153875e-14 3.476931592358054801e-14 2.124497509548749478e-14 1.067650357172130079e-14 3.078487843521248925e-16 -3.492596964921133777e-15 -2.414162851364689180e-15
6.292315944017480841e-16 -1.058624412826621179e-15 1.777497769092175910e-15 -2.552028692384981334e-15 1.824969500290068338e-15 -8.782130771945718560e-16 3.789221933826674437e-15 1.239525806683489139e-15 9.361954954763831709e-16 3.391224182585365742e-15 6.922523328180041601e-15 1.090059497888180365e-14 1.756040092026170635e-14 2.293336968676721706e-14 2.945273765311362241e-14 3.239089223949194680e-14 3.627709225017483915e-14 3.879397516900729134e-14 4.198121224346108388e-14 4.532815530255168281e-14 4.329856546878841403e-14 2.800745126452218944e-14 1.607085884269052175e-14 4.252162918668548259e-15 1.573345172661630005e-15 4.595941937341556831e-15
2.004572561281271514e-15 -1.961490456196810625e-15 9.514935597421136347e-16 -2.435319249027450108e-15 2.554348821150760310e-15 -4.428727165436945815e-17 4.928495549223959986e-15 2.996907116275267162e-15 2.109341506185304334e-15 3.634390954812853895e-15 6.770842658118711601e-15 1.162646712287641592e-14 2.023292912752644829e-14 2.553236912897501147e-14 3.239089223949194680e-14 4.093697441748642317e-14 4.758214046197259447e-14 5.204676524068735495e-14 5.714620589516493238e-14 6.269243600788812852e-14 6.093196969677327572e-14 4.151756894758181954e-14 2.217421573044388415e-14 6.275521146374097535e-15 2.901279981922566128e-15 5.941780920754906673e-15
1.985626134257523119e-15 -1.590885457390515899e-15 2.250249686061954975e-15 -1.218643060709378691e-15 4.344287213106812658e-15 1.977318812669707813e-15 5.403012098422680337e-15 3.508823851126050611e-15 3.062699556878765263e-15 3.889628965289742544e-15 6.698142757926576051e-15 1.242874390599749901e-14 2.235203091326334667e-14 2.845261057533809846e-14 3.627709225017483915e-14 4.758214046197259447e-14 6.394255949398976336e-14 7.392742441855854300e-14 8.266541262050909797e-14 9.141552956717823697e-14 8.931942622526311336e-14 6.149862525749372072e-14 3.129031834627477743e-14 9.806960684280874582e-15 1.382390252430526519e-15 8.249244156740920521e-15
1.917671017809562896e-15 -7.079558147888154615e-16 2.798566989122767923e-15 -2.904704733754103636e-16 5.856874668127185835e-15 3.068300938540276803e-15 6.099028864741964617e-15 4.623375670145967460e-15 4.641982610913199652e-15 5.075748700012005605e-15 7.573194478572073690e-15 1.376320377507266453e-14 2.447138127159012688e-14 3.068086788788236434e-14 3.879397516900729134e-14 5.204676524068735495e-14 7.392742441855854300e-14 9.799424652670187808e-14 1.175215337715759490e-13 1.312304207597458666e-13 1.302008080994739430e-13 9.431945165585929751e-14 4.534761952492965801e-14 1.742269529703477968e-14 4.361449074688305349e-15 1.483549486806283047e-14
3.009030388891273980e-15 -2.919075723139540260e-15 2.888073110650732783e-15 -2.525620819651183514e-15 7.938427574841404584e-15 4.152632716413070858e-15 8.417350947385990297e-15 5.826301638736575097e-15 6.069007163083363135e-15 6.575527321099851438e-15 1.014947480607000339e-14 1.693458692440789076e-14 2.887828310855617686e-14 3.364332730935677981e-14 4.198121224346108388e-14 5.714620589516493238e-14 8.266541262050909797e-14 1.175215337715759490e-13 1.581064745800268670e-13 1.855406719956543132e-13 1.891352467712234648e-13 1.479307229489096409e-13 6.933627450343035500e-14 2.276599364683629929e-14 1.097886068551342712e-14 2.920330999418175484e-14
5.518234146607614688e-15 -4.891136892991943328e-15 1.951319299004995197e-15 -4.751534129462658093e-15 7.803858718279723131e-15 3.744495926190149664e-15 8.581708107843847425e-15 6.796061761980630066e-15 6.891403001535641775e-15 8.482428988470411570e-15 1.287233000134482469e-14 2.024067921734237328e-14 3.233607817358245895e-14 3.654373223627153875e-14 4.532815530255168281e-14 6.269243600788812852e-14 9.141552956717823697e-14 1.312304207597458666e-13 1.855406719956543132e-13 2.374810848625675704e-13 2.557905348136649952e-13 2.141472507412177497e-13 1.097897490894792992e-13 3.466597655424434219e-14 2.070049067046289206e-14 4.390920282703334572e-14
5.556939779508886723e-15 -5.057377401945545391e-15 8.607748100596041648e-16 -6.409312266399262145e-15 5.384696244657860769e-15 2.049636130278068557e-15 7.200691002119220077e-15 6.592664200246675381e-15 7.241676459703844668e-15 8.474452384415378184e-15 1.280566623913306589e-14 2.008572956750435330e-14 3.150469700808975427e-14 3.476931592358054801e-14 4.329856546878841403e-14 6.093196969677327572e-14 8.931942622526311336e-14 1.302008080994739430e-13 1.891352467712234648e-13 2.557905348136649952e-13 3.020599153984365521e-13 2.792034408900703189e-13 1.669335969971310999e-13 6.129470342072599068e-14 3.303949360472564928e-14 5.190592218016234319e-14
6.853410953824898690e-15 -4.381071310754805557e-15 1.688237825051179169e-16 -4.988563816395030354e-15 2.691379322875296322e-15 4.808602652555536592e-15 5.985702451673428555e-15 6.435910287139347425e-15 6.791830746353197430e-15 6.706901305745014383e-15 1.093136218788678185e-14 1.622904463743307727e-14 2.175955072684323800e-14 2.124497509548749478e-14 2.800745126452218944e-14 4.151756894758181954e-14 6.149862525749372072e-14 9.431945165585929751e-14 1.479307229489096409e-13 2.141472507412177497e-13 2.792034408900703189e-13 3.204338011195569515e-13 2.461624587398724991e-13 1.252383468515982299e-13 6.394866217469239797e-14 6.676714868901783316e-14
7.179570612105484663e-15 1.538417068563838287e-15 3.664333440062220120e-15 1.049940407227707287e-15 6.984264279835815400e-16 8.160045555525766869e-15 4.469479530769123102e-15 5.974258208103795024e-15 4.176078813688742806e-15 3.392377417480383579e-15 6.149103808772925062e-15 9.531764815919953827e-15 9.853555288689180579e-15 1.067650357172130079e-14 1.607085884269052175e-14 2.217421573044388415e-14 3.129031834627477743e-14 4.534761952492965801e-14 6.933627450343035500e-14 1.097897490894792992e-13 1.669335969971310999e-13 2.461624587398724991e-13 2.830193941163485120e-13 2.242101128458185719e-13 1.186233561072914748e-13 8.123261611147298210e-14
3.606171409022007845e-15 1.849918644483494644e-15 5.669082850239505755e-15 5.823788750717290852e-15 1.397905656277989636e-15 9.873311753988389204e-15 2.558538238478200025e-15 4.624933554234734858e-15 2.314118610444019901e-15 6.933765219671858644e-16 1.000404443990956956e-16 1.015221157454712034e-15 -1.249208370245008697e-15 3.078487843521248925e-16 4.252162918668548259e-15 6.275521146374097535e-15 9.806960684280874582e-15 1.742269529703477968e-14 2.276599364683629929e-14 3.466597655424434219e-14 6.129470342072599068e-14 1.252383468515982299e-13 2.242101128458185719e-13 2.908780240017258215e-13 2.086426211810124363e-13 1.217187707669709538e-13
-7.175910327235674231e-16 -6.024927296199041912e-16 4.473005040539018588e-16 -1.223644123254291588e-15 7.040359428501664699e-17 6.785608665560718857e-15 2.061143620538749735e-15 6.858552076748881367e-16 1.131192235952207709e-15 -1.217925402716969774e-15 -9.827925430397901804e-16 -1.057893233862182064e-15 -3.366981736617820615e-15 -3.492596964921133777e-15 1.573345172661630005e-15 2.901279981922566128e-15 1.382390252430526519e-15 4.361449074688305349e-15 1.097886068551342712e-14 2.070049067046289206e-14 3.303949360472564928e-14 6.394866217469239797e-14 1.186233561072914748e-13 2.086426211810124363e-13 2.988977190741398556e-13 2.406392881329521678e-13
1.721508511981019173e-15 -5.027027770111932626e-15 -3.631269315307604144e-15 -1.161542419452865536e-14 -7.586222946925314734e-16 3.804977469973982791e-15 4.025329515496126814e-15 1.533586607826913580e-15 1.839138243770665260e-15 -2.715951642961284428e-15 -3.761302481103737249e-15 -2.786999592374294029e-15 -1.089570202631336304e-15 -2.414162851364689180e-15 4.595941937341556831e-15 5.941780920754906673e-15 8.249244156740920521e-15 1.483549486806283047e-14 2.920330999418175484e-14 4.390920282703334572e-14 5.190592218016234319e-14 6.676714868901783316e-14 8.123261611147298210e-14 1.217187707669709538e-13 2.406392881329521678e-13 3.841827918164371281e-13
