3.148333930821533340e-14 2.367935783068514647e-15 1.839607926628573665e-15 -1.535234837565282004e-15 -9.567166160834682201e-16 -6.197909988936666549e-15 -3.633473836912924146e-15 -4.538654590636393482e-15 2.867523701816150015e-16 -2.769303158411323355e-15 -1.044065040385886427e-15 1.630142927833533905e-16 4.297907448957060530e-15 4.208320949862120862e-15 5.656172188793908358e-15 6.110465529556861417e-15 7.697549593528484003e-15 7.952078978576424587e-15 9.711544395609239671e-15 8.853415851546317415e-15 8.143213737367863986e-15 1.537534069877467434e-15 -6.177233469001570072e-15 -7.855575211338861648e-15 2.225606283337939658e-15 7.093708886691384098e-15
2.367935783068514647e-15 1.730444837811771170e-14 -3.560738267043970820e-15 2.712062020799163199e-15 -3.965695748737632146e-15 -1.771451953646646269e-15 2.074756268297699791e-15 8.360062493305894338e-17 9.714366706944936878e-16 -2.990157056688470975e-15 2.154533706006322986e-16 4.450355785546806031e-17 3.035882231613309231e-15 8.036261097982659961e-16 3.652725139856348214e-15 5.561200608907620533e-15 5.047442008593711336e-15 5.888667075316846801e-15 8.415933648553623925e-15 1.019538367100089700e-14 1.057049129658162990e-14 8.485913023659272634e-15 2.684551674077397098e-15 1.249854815973600993e-15 -1.656958660677132403e-18 4.271733738492525279e-15
1.839607926628573665e-15 -3.560738267043970820e-15 1.177256355532058981e-14 2.973025973592902146e-15 4.585851848913900863e-15 3.696944524836416725e-15 1.993482348224792752e-16 6.448565153689131954e-16 1.244224313464299571e-15 5.317046672875304615e-16 -1.366969146121880525e-18 -1.376620084375380670e-17 -8.019618679727988318e-16 -1.324058609066492885e-15 -3.634139812671674234e-15 -2.671908331609548767e-15 -1.642498701265753753e-15 -5.233332575953639858e-16 -1.762366969693461504e-15 -3.577630962043991007e-15 -4.455652869740003288e-15 -1.727489526831144441e-15 5.665199609363876674e-15 1.114768680051137917e-14 3.034639534396579417e-15 -4.538506178124494598e-15
-1.535234837565282004e-15 2.712062020799163199e-15 2.973025973592902146e-15 8.244422604004248776e-15 -2.823675186773961454e-16 2.966056606600243460e-17 -1.409748100692863266e-15 4.401280599806731608e-17 1.685739790553512876e-16 7.360829209574391628e-17 4.438989819559877746e-16 -2.204093928666465516e-16 -2.317400847029439040e-16 -1.483170895569028480e-15 -1.744564292291676733e-15 -1.218149245424425924e-15 -9.262786139354132648e-16 3.262670775813865904e-16 -2.744731099492571959e-16 -7.515123642827880040e-16 -1.452865692068100692e-15 -3.350351194983973286e-16 3.882087403144689487e-15 5.001145953964462646e-15 -5.175684895458453050e-16 -5.865684299274705020e-15
-9.567166160834682201e-16 -3.965695748737632146e-15 4.585851848913900863e-15 -2.823675186773961454e-16 6.769345691512548714e-15 5.959255766987944172e-15 3.824336922349791712e-15 1.801661912283371522e-15 1.206176993754249157e-15 1.423242785348477649e-15 4.095754951934955144e-16 1.612561271080818805e-15 2.260331581231985277e-15 3.002945406565558812e-15 1.126201711694378686e-15 1.506562981939287160e-15 3.114331721513553841e-15 4.331626706276133526e-15 5.706124667783931615e-15 5.290569782128683113e-15 3.651420632500506413e-15 2.965542226044374982e-15 3.779327235261418570e-15 3.538041264569473607e-15 6.574965763095019636e-16 -1.403366102866599712e-15
-6.197909988936666549e-15 -1.771451953646646269e-15 3.696944524836416725e-15 2.966056606600243460e-17 5.959255766987944172e-15 9.310787911704681438e-15 6.048187334049438248e-15 2.634098917672337457e-15 1.283960880085112275e-15 1.167053234379857225e-15 5.679612108687431716e-16 1.787410659496604060e-15 1.053751299219714779e-15 1.359309377459482238e-15 4.996767248302435073e-16 1.155736663117567777e-15 2.385703241212963870e-15 3.924074961579183349e-15 5.768392720323179101e-15 5.790883305877622090e-15 3.712651786537076309e-15 6.024698019528582069e-15 7.485223586810191941e-15 7.333998786433788495e-15 4.784081362003209697e-15 3.419326675509483938e-15
-3.633473836912924146e-15 2.074756268297699791e-15 1.993482348224792752e-16 -1.409748100692863266e-15 3.824336922349791712e-15 6.048187334049438248e-15 7.160066881230877200e-15 3.376550143705445319e-15 1.288996045956802453e-15 9.444970602296754731e-16 7.845500398183002785e-16 1.996964475937276796e-15 2.723963482884299463e-15 3.639783093430346251e-15 3.232034725714762135e-15 4.033776780486764681e-15 4.671974882405217154e-15 5.590238535710419894e-15 7.441916186372948447e-15 8.492732225312175774e-15 7.319242959095113086e-15 7.171562050526167609e-15 6.571266752960858238e-15 5.392252147247561370e-15 3.770707790877255624e-15 5.552739277092705701e-15
-4.538654590636393482e-15 8.360062493305894338e-17 6.448565153689131954e-16 4.401280599806731608e-17 1.801661912283371522e-15 2.634098917672337457e-15 3.376550143705445319e-15 4.353585470991291128e-15 1.848407383372598955e-15 1.374087628883409240e-15 1.136612240225380652e-15 1.191990540059210489e-15 1.532743138765236612e-15 2.137932916777266819e-15 6.867269535064906437e-16 1.626917482965274380e-15 2.314687229105587785e-15 3.464194232611925970e-15 4.022363314594066715e-15 4.647017323608729422e-15 3.993022677916119650e-15 4.111694599726130688e-15 4.993101627528519613e-15 4.625987363781372937e-15 1.718589327101660455e-16 -6.006523921870351846e-16
2.867523701816150015e-16 9.714366706944936878e-16 1.244224313464299571e-15 1.685739790553512876e-16 1.206176993754249157e-15 1.283960880085112275e-15 1.288996045956802453e-15 1.848407383372598955e-15 2.335604500494597157e-15 9.017491015911899085e-16 1.366796337673029650e-15 1.329187553950383150e-15 2.675642637597404744e-15 1.807272447287888548e-15 1.153202882063580806e-15 2.492853219596080025e-15 3.368718167225353318e-15 4.601346604116673331e-15 5.999486559127137851e-15 6.726357453302422974e-15 6.588979895708222804e-15 6.180945037331109703e-15 3.994272137179857494e-15 2.925617485588769155e-15 1.951121359766405853e-15 2.603843395144296765e-15
-2.769303158411323355e-15 -2.990157056688470975e-15 5.317046672875304615e-16 7.360829209574391628e-17 1.423242785348477649e-15 1.167053234379857225e-15 9.444970602296754731e-16 1.374087628883409240e-15 9.017491015911899085e-16 5.463984778046805661e-15 6.381453000972403437e-15 6.023037047617999675e-15 4.793526194662771733e-15 5.064858672663515748e-15 2.787137813819266685e-15 2.261324067258238084e-15 2.378760624272458741e-15 3.303203294289206655e-15 4.089231650040550691e-15 6.054750855710267353e-15 6.400726069999318519e-15 5.866063125231148018e-15 4.774091106921535038e-15 2.562806266884129791e-15 2.409163640083770342e-16 -2.334649679764284655e-15
-1.044065040385886427e-15 2.154533706006322986e-16 -1.366969146121880525e-18 4.438989819559877746e-16 4.095754951934955144e-16 5.679612108687431716e-16 7.845500398183002785e-16 1.136612240225380652e-15 1.366796337673029650e-15 6.381453000972403437e-15 1.272369678148903515e-14 1.204328814853688513e-14 1.047415919017610603e-14 8.955578680926116106e-15 6.223119987234500619e-15 5.791460200689931835e-15 5.468390338906458567e-15 6.478456862105089263e-15 9.216286535939461899e-15 1.231338604470477691e-14 1.267982848122994959e-14 1.134086515609908687e-14 6.671352234536680117e-15 4.471595931580658217e-16 -5.946982939783619116e-16 -3.197444883449105825e-15
1.630142927833533905e-16 4.450355785546806031e-17 -1.376620084375380670e-17 -2.204093928666465516e-16 1.612561271080818805e-15 1.787410659496604060e-15 1.996964475937276796e-15 1.191990540059210489e-15 1.329187553950383150e-15 6.023037047617999675e-15 1.204328814853688513e-14 1.427160699790937320e-14 1.400027880397428972e-14 1.330359865206754577e-14 1.088563006136846949e-14 1.122334809759561663e-14 1.213254526428865372e-14 1.381842472496688062e-14 1.690331402252439494e-14 2.002299169685545259e-14 1.975646225592687326e-14 1.569092771822610817e-14 8.502394927273396545e-15 -4.116698041914214326e-17 -1.532251330558929997e-15 -2.554755938406413077e-15
4.297907448957060530e-15 3.035882231613309231e-15 -8.019618679727988318e-16 -2.317400847029439040e-16 2.260331581231985277e-15 1.053751299219714779e-15 2.723963482884299463e-15 1.532743138765236612e-15 2.675642637597404744e-15 4.793526194662771733e-15 1.047415919017610603e-14 1.400027880397428972e-14 1.970985339313827009e-14 1.899539000508615663e-14 1.821240965897850137e-14 2.010732717681403121e-14 2.226375301163044531e-14 2.443146113712743105e-14 2.853210832286304601e-14 3.188988474027080861e-14 3.076631256755564577e-14 2.118618767026187900e-14 9.702910413884048620e-15 -1.217287640569652174e-15 -3.172033900520821038e-15 -1.575621329689812309e-15
4.208320949862120862e-15 8.036261097982659961e-16 -1.324058609066492885e-15 -1.483170895569028480e-15 3.002945406565558812e-15 1.359309377459482238e-15 3.639783093430346251e-15 2.137932916777266819e-15 1.807272447287888548e-15 5.064858672663515748e-15 8.955578680926116106e-15 1.330359865206754577e-14 1.899539000508615663e-14 2.261180090753996583e-14 2.324273373232649816e-14 2.485967982256649754e-14 2.790647167556840873e-14 3.041072308487118049e-14 3.349122268303742237e-14 3.643657535439803856e-14 3.447276659491784654e-14 2.137688476989001100e-14 1.125003624178573888e-14 8.544249148402697581e-16 -3.366586078743574984e-15 -1.759898836769344480e-15
5.656172188793908358e-15 3.652725139856348214e-15 -3.634139812671674234e-15 -1.744564292291676733e-15 1.126201711694378686e-15 4.996767248302435073e-16 3.232034725714762135e-15 6.867269535064906437e-16 1.153202882063580806e-15 2.787137813819266685e-15 6.223119987234500619e-15 1.088563006136846949e-14 1.821240965897850137e-14 2.324273373232649816e-14 2.999255298575750888e-14 3.235525810600118582e-14 3.634353123683783656e-14 3.930486470965498084e-14 4.246999390291537645e-14 4.566803818980902386e-14 4.325961739180553018e-14 2.789901318994363661e-14 1.593365311903178043e-14 4.219873348750840201e-15 1.157915601871630176e-15 4.454025992349325053e-15
6.110465529556861417e-15 5.561200608907620533e-15 -2.671908331609548767e-15 -1.218149245424425924e-15 1.506562981939287160e-15 1.155736663117567777e-15 4.033776780486764681e-15 1.626917482965274380e-15 2.492853219596080025e-15 2.261324067258238084e-15 5.791460200689931835e-15 1.122334809759561663e-14 2.010732717681403121e-14 2.485967982256649754e-14 3.235525810600118582e-14 4.040255318694728458e-14 4.727318392391864882e-14 5.225563608144147563e-14 5.731646176285954682e-14 6.274216276203152647e-14 6.081257038082512599e-14 4.140826394621254840e-14 2.231104447430052388e-14 6.550323131108826574e-15 2.870829584776311613e-15 5.837939773661475409e-15
7.697549593528484003e-15 5.047442008593711336e-15 -1.642498701265753753e-15 -9.262786139354132648e-16 3.114331721513553841e-15 2.385703241212963870e-15 4.671974882405217154e-15 2.314687229105587785e-15 3.368718167225353318e-15 2.378760624272458741e-15 5.468390338906458567e-15 1.213254526428865372e-14 2.226375301163044531e-14 2.790647167556840873e-14 3.634353123683783656e-14 4.727318392391864882e-14 6.371410639167609721e-14 7.420947298304083507e-14 8.270539401133580927e-14 9.114715720079203123e-14 8.885113490419593432e-14 6.100523167971986956e-14 3.091883526862544989e-14 9.626413607316349934e-15 8.823199688562996117e-16 7.491455822410592888e-15
7.952078978576424587e-15 5.888667075316846801e-15 -5.233332575953639858e-16 3.262670775813865904e-16 4.331626706276133526e-15 3.924074961579183349e-15 5.590238535710419894e-15 3.464194232611925970e-15 4.601346604116673331e-15 3.303203294289206655e-15 6.478456862105089263e-15 1.381842472496688062e-14 2.443146113712743105e-14 3.041072308487118049e-14 3.930486470965498084e-14 5.225563608144147563e-14 7.420947298304083507e-14 9.866104926742346809e-14 1.180125437848822158e-13 1.316369249751358611e-13 1.303176053945836959e-13 9.442900758187061018e-14 4.553112153601406206e-14 1.746557848586625485e-14 4.563008811978051547e-15 1.505256836839615374e-14
9.711544395609239671e-15 8.415933648553623925e-15 -1.762366969693461504e-15 -2.744731099492571959e-16 5.706124667783931615e-15 5.768392720323179101e-15 7.441916186372948447e-15 4.022363314594066715e-15 5.999486559127137851e-15 4.089231650040550691e-15 9.216286535939461899e-15 1.690331402252439494e-14 2.853210832286304601e-14 3.349122268303742237e-14 4.246999390291537645e-14 5.731646176285954682e-14 8.270539401133580927e-14 1.180125437848822158e-13 1.581328840594072487e-13 1.855239165004082762e-13 1.889856433739870085e-13 1.477072977624299344e-13 6.941423011669441391e-14 2.276801135258921535e-14 1.108785448041553691e-14 2.925722700962197043e-14
8.853415851546317415e-15 1.019538367100089700e-14 -3.577630962043991007e-15 -7.515123642827880040e-16 5.290569782128683113e-15 5.790883305877622090e-15 8.492732225312175774e-15 4.647017323608729422e-15 6.726357453302422974e-15 6.054750855710267353e-15 1.231338604470477691e-14 2.002299169685545259e-14 3.188988474027080861e-14 3.643657535439803856e-14 4.566803818980902386e-14 6.274216276203152647e-14 9.114715720079203123e-14 1.316369249751358611e-13 1.855239165004082762e-13 2.373882606540115292e-13 2.557037220390546327e-13 2.141032222953613415e-13 1.098647572421466548e-13 3.455095624196356310e-14 2.050084567307089845e-14 4.350990392826602588e-14
8.143213737367863986e-15 1.057049129658162990e-14 -4.455652869740003288e-15 -1.452865692068100692e-15 3.651420632500506413e-15 3.712651786537076309e-15 7.319242959095113086e-15 3.993022677916119650e-15 6.588979895708222804e-15 6.400726069999318519e-15 1.267982848122994959e-14 1.975646225592687326e-14 3.076631256755564577e-14 3.447276659491784654e-14 4.325961739180553018e-14 6.081257038082512599e-14 8.885113490419593432e-14 1.303176053945836959e-13 1.889856433739870085e-13 2.557037220390546327e-13 3.019221790226436226e-13 2.792332588415423433e-13 1.672379948598416476e-13 6.159464462847625925e-14 3.354068503706904531e-14 5.213054525361226576e-14
1.537534069877467434e-15 8.485913023659272634e-15 -1.727489526831144441e-15 -3.350351194983973286e-16 2.965542226044374982e-15 6.024698019528582069e-15 7.171562050526167609e-15 4.111694599726130688e-15 6.180945037331109703e-15 5.866063125231148018e-15 1.134086515609908687e-14 1.569092771822610817e-14 2.118618767026187900e-14 2.137688476989001100e-14 2.789901318994363661e-14 4.140826394621254840e-14 6.100523167971986956e-14 9.442900758187061018e-14 1.477072977624299344e-13 2.141032222953613415e-13 2.792332588415423433e-13 3.204313944428631475e-13 2.463184104617945044e-13 1.253346043760208233e-13 6.423337862289243932e-14 6.686968488001931435e-14
-6.177233469001570072e-15 2.684551674077397098e-15 5.665199609363876674e-15 3.882087403144689487e-15 3.779327235261418570e-15 7.485223586810191941e-15 6.571266752960858238e-15 4.993101627528519613e-15 3.994272137179857494e-15 4.774091106921535038e-15 6.671352234536680117e-15 8.502394927273396545e-15 9.702910413884048620e-15 1.125003624178573888e-14 1.593365311903178043e-14 2.231104447430052388e-14 3.091883526862544989e-14 4.553112153601406206e-14 6.941423011669441391e-14 1.098647572421466548e-13 1.672379948598416476e-13 2.463184104617945044e-13 2.830571478679541165e-13 2.241964732495899778e-13 1.187505918586583839e-13 8.115080951366958002e-14
-7.855575211338861648e-15 1.249854815973600993e-15 1.114768680051137917e-14 5.001145953964462646e-15 3.538041264569473607e-15 7.333998786433788495e-15 5.392252147247561370e-15 4.625987363781372937e-15 2.925617485588769155e-15 2.562806266884129791e-15 4.471595931580658217e-16 -4.116698041914214326e-17 -1.217287640569652174e-15 8.544249148402697581e-16 4.219873348750840201e-15 6.550323131108826574e-15 9.626413607316349934e-15 1.746557848586625485e-14 2.276801135258921535e-14 3.455095624196356310e-14 6.159464462847625925e-14 1.253346043760208233e-13 2.241964732495899778e-13 2.907294704686701864e-13 2.087717740576174152e-13 1.218172284477642647e-13
2.225606283337939658e-15 -1.656958660677132403e-18 3.034639534396579417e-15 -5.175684895458453050e-16 6.574965763095019636e-16 4.784081362003209697e-15 3.770707790877255624e-15 1.718589327101660455e-16 1.951121359766405853e-15 2.409163640083770342e-16 -5.946982939783619116e-16 -1.532251330558929997e-15 -3.172033900520821038e-15 -3.366586078743574984e-15 1.157915601871630176e-15 2.870829584776311613e-15 8.823199688562996117e-16 4.563008811978051547e-15 1.108785448041553691e-14 2.050084567307089845e-14 3.354068503706904531e-14 6.423337862289243932e-14 1.187505918586583839e-13 2.087717740576174152e-13 2.991779580948215050e-13 2.409422730251910875e-13
7.093708886691384098e-15 4.271733738492525279e-15 -4.538506178124494598e-15 -5.865684299274705020e-15 -1.403366102866599712e-15 3.419326675509483938e-15 5.552739277092705701e-15 -6.006523921870351846e-16 2.603843395144296765e-15 -2.334649679764284655e-15 -3.197444883449105825e-15 -2.554755938406413077e-15 -1.575621329689812309e-15 -1.759898836769344480e-15 4.454025992349325053e-15 5.837939773661475409e-15 7.491455822410592888e-15 1.505256836839615374e-14 2.925722700962197043e-14 4.350990392826602588e-14 5.213054525361226576e-14 6.686968488001931435e-14 8.115080951366958002e-14 1.218172284477642647e-13 2.409422730251910875e-13 3.843338702280692163e-13
