1.550520556317202565e-14 -2.981631403900436800e-15 -7.427206355758805414e-16 1.142615091284954341e-15 1.792475725183081867e-15 -2.620292856284418695e-16 1.081440273541754355e-15 4.911729898738679116e-15 1.335547922385812145e-15 -4.283702451196633977e-16 2.100333139784512800e-17 4.216433758322730232e-16 1.333241960850044157e-15 1.193488243231426619e-15 6.292315944017522256e-16 2.004572561281297941e-15 1.985626134257540474e-15 1.917671017809581829e-15 3.009030388891279896e-15 5.518234146607683319e-15 5.556939779508947465e-15 6.853410953824947600e-15 7.179570612105497285e-15 3.606171409021942369e-15 -7.175910327235938500e-16 1.721508511981003987e-15
-2.981631403900436800e-15 1.566564677011449591e-14 3.639687165583863074e-15 4.036839181098544512e-15 -1.906924408872047853e-15 1.891541549434725629e-15 7.370634730661113912e-16 -1.025303862761524558e-15 6.109032529252596624e-16 3.193709440422075181e-16 8.225792372860413847e-16 1.201047876283417183e-15 -6.762617315253972110e-16 1.071346211743281860e-15 -1.058624412826675611e-15 -1.961490456196797609e-15 -1.590885457390496178e-15 -7.079558147888154615e-16 -2.919075723139428242e-15 -4.891136892991949638e-15 -5.057377401945535136e-15 -4.381071310754747970e-15 1.538417068563778334e-15 1.849918644483594040e-15 -6.024927296197820164e-16 -5.027027770111999679e-15
-7.427206355758805414e-16 3.639687165583863074e-15 1.206559292101219922e-14 7.405145980294336598e-15 4.840053363961889434e-15 5.118708397566385600e-15 4.873740753377751775e-16 -1.633885020789200234e-15 -7.098490561825906127e-16 5.178352067416548225e-16 7.685176247368878163e-16 4.819369225439464152e-16 1.941012795268158522e-15 1.794410445726376241e-15 1.777497769092108857e-15 9.514935597421063378e-16 2.250249686061934464e-15 2.798566989122739918e-15 2.888073110650700439e-15 1.951319299004965615e-15 8.607748100595199539e-16 1.688237825050910956e-16 3.664333440062216964e-15 5.669082850239553087e-15 4.473005040539365687e-16 -3.631269315307649109e-15
1.142615091284954341e-15 4.036839181098544512e-15 7.405145980294336598e-15 1.151422367506307781e-14 3.382568151263012849e-15 3.652296439590524841e-15 -1.349265004782031859e-15 6.957037437942781076e-17 4.066868399024915015e-16 3.996146732135166483e-16 5.668296418353622521e-16 -2.164712862850953225e-16 1.253866039514436168e-16 -3.729810136037037367e-16 -2.552028692385020383e-15 -2.435319249027459968e-15 -1.218643060709405513e-15 -2.904704733754498067e-16 -2.525620819651220985e-15 -4.751534129462751968e-15 -6.409312266399330776e-15 -4.988563816395091097e-15 1.049940407227748308e-15 5.823788750717321618e-15 -1.223644123254378560e-15 -1.161542419452873898e-14
1.792475725183081867e-15 -1.906924408872047853e-15 4.840053363961889434e-15 3.382568151263012849e-15 6.248032299510216244e-15 3.873822164941592648e-15 9.858481856148559064e-16 5.547342661552623061e-16 4.589416832791854390e-16 1.313081975960087966e-15 1.038117719903405177e-15 1.034977656487253995e-15 2.674331074481807147e-15 2.453802356232694685e-15 1.824969500290039151e-15 2.554348821150775693e-15 4.344287213106822124e-15 5.856874668127194512e-15 7.938427574841363563e-15 7.803858718279776774e-15 5.384696244657936500e-15 2.691379322875307761e-15 6.984264279836622997e-16 1.397905656277997722e-15 7.040359428501875472e-17 -7.586222946924459806e-16
-2.620292856284418695e-16 1.891541549434725629e-15 5.118708397566385600e-15 3.652296439590524841e-15 3.873822164941592648e-15 1.125021720447378454e-14 3.163073282128391039e-15 1.378108002658822932e-15 2.055947152084609000e-16 1.289766205191923887e-15 1.084896254700038226e-15 1.856093653123880395e-15 5.323786007537354343e-16 1.005394903564979635e-15 -8.782130771947464901e-16 -4.428727165452647845e-17 1.977318812669523219e-15 3.068300938540178195e-15 4.152632716412925707e-15 3.744495926189976904e-15 2.049636130277951805e-15 4.808602652555508193e-15 8.160045555525902553e-15 9.873311753988537510e-15 6.785608665560776444e-15 3.804977469973962281e-15
1.081440273541754355e-15 7.370634730661113912e-16 4.873740753377751775e-16 -1.349265004782031859e-15 9.858481856148559064e-16 3.163073282128391039e-15 7.325465774991505806e-15 3.670059737359787044e-15 6.998282387798425054e-16 7.865730358436184283e-16 1.028543087650145258e-15 2.064334783674630145e-15 3.373813982654001784e-15 3.954447244082269887e-15 3.789221933826628683e-15 4.928495549223945786e-15 5.403012098422681126e-15 6.099028864741975662e-15 8.417350947386018696e-15 8.581708107843943666e-15 7.200691002119286341e-15 5.985702451673553195e-15 4.469479530769173589e-15 2.558538238478192137e-15 2.061143620538852682e-15 4.025329515496278276e-15
4.911729898738679116e-15 -1.025303862761524558e-15 -1.633885020789200234e-15 6.957037437942781076e-17 5.547342661552623061e-16 1.378108002658822932e-15 3.670059737359787044e-15 5.087396311187469627e-15 1.608984915065234723e-15 1.295165654650331186e-15 9.030908149812374355e-16 1.281959412744060485e-15 2.661862866359534426e-15 2.866262362408169220e-15 1.239525806683479870e-15 2.996907116275250990e-15 3.508823851126011168e-15 4.623375670145911451e-15 5.826301638736498578e-15 6.796061761980573268e-15 6.592664200246564152e-15 6.435910287139227518e-15 5.974258208103625419e-15 4.624933554234689104e-15 6.858552076748872492e-16 1.533586607826886167e-15
1.335547922385812145e-15 6.109032529252596624e-16 -7.098490561825906127e-16 4.066868399024915015e-16 4.589416832791854390e-16 2.055947152084609000e-16 6.998282387798425054e-16 1.608984915065234723e-15 1.906654474570321183e-15 1.524340981015386906e-15 1.496373697850245980e-15 1.342207543296564350e-15 2.009144566426205800e-15 1.570024867623355295e-15 9.361954954763628577e-16 2.109341506185281063e-15 3.062699556878723848e-15 4.641982610913138910e-15 6.069007163083295292e-15 6.891403001535614954e-15 7.241676459703783137e-15 6.791830746353120121e-15 4.176078813688633155e-15 2.314118610443955215e-15 1.131192235952250504e-15 1.839138243770642778e-15
-4.283702451196633977e-16 3.193709440422075181e-16 5.178352067416548225e-16 3.996146732135166483e-16 1.313081975960087966e-15 1.289766205191923887e-15 7.865730358436184283e-16 1.295165654650331186e-15 1.524340981015386906e-15 5.706549525843398502e-15 6.879308443125268549e-15 5.891428723923341927e-15 6.040258873929379541e-15 5.811864508256747279e-15 3.391224182585321172e-15 3.634390954812799463e-15 3.889628965289687323e-15 5.075748700011937763e-15 6.575527321099747308e-15 8.482428988470364238e-15 8.474452384415389228e-15 6.706901305745008072e-15 3.392377417480437616e-15 6.933765219672389153e-16 -1.217925402716951236e-15 -2.715951642961223686e-15
2.100333139784512800e-17 8.225792372860413847e-16 7.685176247368878163e-16 5.668296418353622521e-16 1.038117719903405177e-15 1.084896254700038226e-15 1.028543087650145258e-15 9.030908149812374355e-16 1.496373697850245980e-15 6.879308443125268549e-15 1.224433961970915148e-14 1.169419694656302173e-14 1.085324191070459565e-14 9.882268826113294705e-15 6.922523328179987170e-15 6.770842658118654803e-15 6.698142757926508209e-15 7.573194478572004271e-15 1.014947480606997815e-14 1.287233000134481996e-14 1.280566623913306431e-14 1.093136218788671244e-14 6.149103808772831187e-15 1.000404443989812368e-16 -9.827925430398227210e-16 -3.761302481103740404e-15
4.216433758322730232e-16 1.201047876283417183e-15 4.819369225439464152e-16 -2.164712862850953225e-16 1.034977656487253995e-15 1.856093653123880395e-15 2.064334783674630145e-15 1.281959412744060485e-15 1.342207543296564350e-15 5.891428723923341927e-15 1.169419694656302173e-14 1.385735713797535194e-14 1.346426957050754823e-14 1.322329191478148001e-14 1.090059497888174212e-14 1.162646712287639699e-14 1.242874390599748165e-14 1.376320377507266453e-14 1.693458692440792231e-14 2.024067921734248688e-14 2.008572956750447952e-14 1.622904463743303309e-14 9.531764815919906495e-15 1.015221157454610863e-15 -1.057893233862306112e-15 -2.786999592374356350e-15
1.333241960850044157e-15 -6.762617315253972110e-16 1.941012795268158522e-15 1.253866039514436168e-16 2.674331074481807147e-15 5.323786007537354343e-16 3.373813982654001784e-15 2.661862866359534426e-15 2.009144566426205800e-15 6.040258873929379541e-15 1.085324191070459565e-14 1.346426957050754823e-14 1.947882936344250571e-14 1.899291245479098654e-14 1.756040092026160853e-14 2.023292912752647038e-14 2.235203091326332458e-14 2.447138127159007955e-14 2.887828310855618317e-14 3.233607817358259778e-14 3.150469700808983631e-14 2.175955072684328533e-14 9.853555288689191623e-15 -1.249208370245014810e-15 -3.366981736617826137e-15 -1.089570202631312836e-15
1.193488243231426619e-15 1.071346211743281860e-15 1.794410445726376241e-15 -3.729810136037037367e-16 2.453802356232694685e-15 1.005394903564979635e-15 3.954447244082269887e-15 2.866262362408169220e-15 1.570024867623355295e-15 5.811864508256747279e-15 9.882268826113294705e-15 1.322329191478148001e-14 1.899291245479098654e-14 2.295670013974866739e-14 2.293336968676719181e-14 2.553236912897507773e-14 2.845261057533818050e-14 3.068086788788241483e-14 3.364332730935691865e-14 3.654373223627179750e-14 3.476931592358082569e-14 2.124497509548766833e-14 1.067650357172138914e-14 3.078487843521755275e-16 -3.492596964921217791e-15 -2.414162851364691152e-15
6.292315944017522256e-16 -1.058624412826675611e-15 1.777497769092108857e-15 -2.552028692385020383e-15 1.824969500290039151e-15 -8.782130771947464901e-16 3.789221933826628683e-15 1.239525806683479870e-15 9.361954954763628577e-16 3.391224182585321172e-15 6.922523328179987170e-15 1.090059497888174212e-14 1.756040092026160853e-14 2.293336968676719181e-14 2.945273765311342046e-14 3.239089223949182058e-14 3.627709225017461826e-14 3.879397516900708939e-14 4.198121224346086300e-14 4.532815530255166388e-14 4.329856546878819315e-14 2.800745126452188652e-14 1.607085884269024407e-14 4.252162918668321067e-15 1.573345172661526861e-15 4.595941937341369083e-15
2.004572561281297941e-15 -1.961490456196797609e-15 9.514935597421063378e-16 -2.435319249027459968e-15 2.554348821150775693e-15 -4.428727165452647845e-17 4.928495549223945786e-15 2.996907116275250990e-15 2.109341506185281063e-15 3.634390954812799463e-15 6.770842658118654803e-15 1.162646712287639699e-14 2.023292912752647038e-14 2.553236912897507773e-14 3.239089223949182058e-14 4.093697441748641686e-14 4.758214046197254398e-14 5.204676524068736758e-14 5.714620589516495762e-14 6.269243600788845669e-14 6.093196969677336407e-14 4.151756894758182585e-14 2.217421573044384944e-14 6.275521146374099902e-15 2.901279981922561001e-15 5.941780920754866441e-15
1.985626134257540474e-15 -1.590885457390496178e-15 2.250249686061934464e-15 -1.218643060709405513e-15 4.344287213106822124e-15 1.977318812669523219e-15 5.403012098422681126e-15 3.508823851126011168e-15 3.062699556878723848e-15 3.889628965289687323e-15 6.698142757926508209e-15 1.242874390599748165e-14 2.235203091326332458e-14 2.845261057533818050e-14 3.627709225017461826e-14 4.758214046197254398e-14 6.394255949398963714e-14 7.392742441855851776e-14 8.266541262050898438e-14 9.141552956717856513e-14 8.931942622526316385e-14 6.149862525749358188e-14 3.129031834627465752e-14 9.806960684280806740e-15 1.382390252430395568e-15 8.249244156740751705e-15
1.917671017809581829e-15 -7.079558147888154615e-16 2.798566989122739918e-15 -2.904704733754498067e-16 5.856874668127194512e-15 3.068300938540178195e-15 6.099028864741975662e-15 4.623375670145911451e-15 4.641982610913138910e-15 5.075748700011937763e-15 7.573194478572004271e-15 1.376320377507266453e-14 2.447138127159007955e-14 3.068086788788241483e-14 3.879397516900708939e-14 5.204676524068736758e-14 7.392742441855851776e-14 9.799424652670189070e-14 1.175215337715759237e-13 1.312304207597463967e-13 1.302008080994742711e-13 9.431945165585936061e-14 4.534761952492965801e-14 1.742269529703483648e-14 4.361449074688301404e-15 1.483549486806268217e-14
3.009030388891279896e-15 -2.919075723139428242e-15 2.888073110650700439e-15 -2.525620819651220985e-15 7.938427574841363563e-15 4.152632716412925707e-15 8.417350947386018696e-15 5.826301638736498578e-15 6.069007163083295292e-15 6.575527321099747308e-15 1.014947480606997815e-14 1.693458692440792231e-14 2.887828310855618317e-14 3.364332730935691865e-14 4.198121224346086300e-14 5.714620589516495762e-14 8.266541262050898438e-14 1.175215337715759237e-13 1.581064745800269175e-13 1.855406719956551462e-13 1.891352467712238939e-13 1.479307229489097671e-13 6.933627450343056957e-14 2.276599364683660221e-14 1.097886068551363222e-14 2.920330999418171698e-14
5.518234146607683319e-15 -4.891136892991949638e-15 1.951319299004965615e-15 -4.751534129462751968e-15 7.803858718279776774e-15 3.744495926189976904e-15 8.581708107843943666e-15 6.796061761980573268e-15 6.891403001535614954e-15 8.482428988470364238e-15 1.287233000134481996e-14 2.024067921734248688e-14 3.233607817358259778e-14 3.654373223627179750e-14 4.532815530255166388e-14 6.269243600788845669e-14 9.141552956717856513e-14 1.312304207597463967e-13 1.855406719956551462e-13 2.374810848625697413e-13 2.557905348136667117e-13 2.141472507412189361e-13 1.097897490894801953e-13 3.466597655424498590e-14 2.070049067046328650e-14 4.390920282703340883e-14
5.556939779508947465e-15 -5.057377401945535136e-15 8.607748100595199539e-16 -6.409312266399330776e-15 5.384696244657936500e-15 2.049636130277951805e-15 7.200691002119286341e-15 6.592664200246564152e-15 7.241676459703783137e-15 8.474452384415389228e-15 1.280566623913306431e-14 2.008572956750447952e-14 3.150469700808983631e-14 3.476931592358082569e-14 4.329856546878819315e-14 6.093196969677336407e-14 8.931942622526316385e-14 1.302008080994742711e-13 1.891352467712238939e-13 2.557905348136667117e-13 3.020599153984375113e-13 2.792034408900707228e-13 1.669335969971312009e-13 6.129470342072619263e-14 3.303949360472560511e-14 5.190592218016173735e-14
6.853410953824947600e-15 -4.381071310754747970e-15 1.688237825050910956e-16 -4.988563816395091097e-15 2.691379322875307761e-15 4.808602652555508193e-15 5.985702451673553195e-15 6.435910287139227518e-15 6.791830746353120121e-15 6.706901305745008072e-15 1.093136218788671244e-14 1.622904463743303309e-14 2.175955072684328533e-14 2.124497509548766833e-14 2.800745126452188652e-14 4.151756894758182585e-14 6.149862525749358188e-14 9.431945165585936061e-14 1.479307229489097671e-13 2.141472507412189361e-13 2.792034408900707228e-13 3.204338011195578098e-13 2.461624587398727515e-13 1.252383468515986338e-13 6.394866217469265041e-14 6.676714868901787102e-14
7.179570612105497285e-15 1.538417068563778334e-15 3.664333440062216964e-15 1.049940407227748308e-15 6.984264279836622997e-16 8.160045555525902553e-15 4.469479530769173589e-15 5.974258208103625419e-15 4.176078813688633155e-15 3.392377417480437616e-15 6.149103808772831187e-15 9.531764815919906495e-15 9.853555288689191623e-15 1.067650357172138914e-14 1.607085884269024407e-14 2.217421573044384944e-14 3.129031834627465752e-14 4.534761952492965801e-14 6.933627450343056957e-14 1.097897490894801953e-13 1.669335969971312009e-13 2.461624587398727515e-13 2.830193941163477547e-13 2.242101128458186729e-13 1.186233561072910204e-13 8.123261611147188401e-14
3.606171409021942369e-15 1.849918644483594040e-15 5.669082850239553087e-15 5.823788750717321618e-15 1.397905656277997722e-15 9.873311753988537510e-15 2.558538238478192137e-15 4.624933554234689104e-15 2.314118610443955215e-15 6.933765219672389153e-16 1.000404443989812368e-16 1.015221157454610863e-15 -1.249208370245014810e-15 3.078487843521755275e-16 4.252162918668321067e-15 6.275521146374099902e-15 9.806960684280806740e-15 1.742269529703483648e-14 2.276599364683660221e-14 3.466597655424498590e-14 6.129470342072619263e-14 1.252383468515986338e-13 2.242101128458186729e-13 2.908780240017269827e-13 2.086426211810127644e-13 1.217187707669709538e-13
-7.175910327235938500e-16 -6.024927296197820164e-16 4.473005040539365687e-16 -1.223644123254378560e-15 7.040359428501875472e-17 6.785608665560776444e-15 2.061143620538852682e-15 6.858552076748872492e-16 1.131192235952250504e-15 -1.217925402716951236e-15 -9.827925430398227210e-16 -1.057893233862306112e-15 -3.366981736617826137e-15 -3.492596964921217791e-15 1.573345172661526861e-15 2.901279981922561001e-15 1.382390252430395568e-15 4.361449074688301404e-15 1.097886068551363222e-14 2.070049067046328650e-14 3.303949360472560511e-14 6.394866217469265041e-14 1.186233561072910204e-13 2.086426211810127644e-13 2.988977190741399566e-13 2.406392881329514105e-13
1.721508511981003987e-15 -5.027027770111999679e-15 -3.631269315307649109e-15 -1.161542419452873898e-14 -7.586222946924459806e-16 3.804977469973962281e-15 4.025329515496278276e-15 1.533586607826886167e-15 1.839138243770642778e-15 -2.715951642961223686e-15 -3.761302481103740404e-15 -2.786999592374356350e-15 -1.089570202631312836e-15 -2.414162851364691152e-15 4.595941937341369083e-15 5.941780920754866441e-15 8.249244156740751705e-15 1.483549486806268217e-14 2.920330999418171698e-14 4.390920282703340883e-14 5.190592218016173735e-14 6.676714868901787102e-14 8.123261611147188401e-14 1.217187707669709538e-13 2.406392881329514105e-13 3.841827918164358660e-13
