2.161050478703112942e-14 9.469102786694780358e-15 3.347216256951762447e-15 4.943720547981741671e-15 3.189302357967891098e-15 5.428703822541863015e-15 6.398756150293591912e-16 1.946411759356959034e-16 -5.574495044239801829e-17 9.641645183028934069e-16 2.453265211538254507e-15 1.433513860838341014e-15 -6.286912730169901841e-16 1.318775175054020983e-15 9.163506329788830167e-16 2.663720644932348181e-16 1.411714022919443341e-15 2.467111131699829750e-15 2.771574630461116163e-15 1.160331963204038345e-15 -7.021805131266710139e-16 1.250891557839048192e-16 3.776426694868329172e-15 -1.078275481789565738e-15 3.123993451226375268e-15 4.706983344727527450e-15
9.469102786694780358e-15 1.936430173383302071e-14 2.459613515810634949e-15 3.869539131476115264e-15 3.659295621196115988e-15 6.838609422616882179e-15 2.489580610055934977e-15 1.619155203415250959e-15 1.366169155311348436e-15 -8.444700505069299898e-16 1.320659646101775315e-15 8.257914733757831072e-16 -2.385504110902651980e-15 -2.432899824920940935e-15 6.002064442380516701e-16 -6.508481788635406986e-16 3.165439158368760556e-16 1.757750927146404978e-15 3.941908766287823728e-15 4.468284783166498748e-15 2.774376613062999525e-15 6.824596825237624903e-15 9.432172732074024863e-15 7.085049491264255620e-15 5.007971223571162058e-15 4.554452138174297487e-15
3.347216256951762447e-15 2.459613515810634949e-15 1.355239798407378525e-14 3.211157283484077943e-15 3.452704570508160373e-15 3.442091351897334763e-15 -7.599062544514291244e-16 1.205279346750339815e-15 2.583648473203144427e-15 -2.108733869480317758e-16 -3.573712154919313976e-16 -5.560055033542628558e-16 -1.105201170108184573e-17 -2.797004714866300235e-16 -1.703640667108618384e-15 -8.008301914501484121e-16 5.842522232325033726e-16 7.228013280906691564e-16 -8.803523159931944913e-16 -3.144734178287761392e-15 -4.325352493389158960e-15 -2.265876434053408627e-15 3.597388483940533124e-15 7.463906973601483704e-15 2.242851629396109082e-15 -3.067331846814945055e-15
4.943720547981741671e-15 3.869539131476115264e-15 3.211157283484077943e-15 7.898732224491279436e-15 3.428200885861870979e-15 3.609642572639737193e-15 1.007145174363595623e-15 -5.311742292956625221e-16 9.750304185551657905e-17 -7.876910531615329314e-16 1.373593423876599628e-15 9.811831958040134612e-16 1.527120786132809496e-15 1.089457635738791695e-15 1.685711759638587923e-15 2.059825505655506934e-15 3.352421312689703212e-15 4.805594626246162006e-15 7.049927507303643657e-15 6.841235901792018893e-15 5.326717625672893954e-15 5.435640805139873678e-15 5.655241259181398780e-15 4.682720321212002380e-15 3.461041979998821805e-15 1.624630820474661141e-15
3.189302357967891098e-15 3.659295621196115988e-15 3.452704570508160373e-15 3.428200885861870979e-15 6.270134327935184186e-15 3.312268631319612764e-15 2.985056884487435658e-16 -3.822224979353312838e-16 8.668176552454397531e-16 3.053804995393683925e-16 7.575675751019882219e-16 8.663016049310834375e-16 -2.965339293448237935e-17 -9.524916587780230205e-16 -1.609685735804653812e-15 -1.341285814751193776e-15 3.204668962330835934e-16 1.900817198361449621e-15 3.003094078115577854e-15 2.239144489340960272e-15 8.642557757849345841e-16 2.481301521590897791e-15 2.669305917070548784e-15 2.903161695752510308e-15 3.379777618336052834e-15 1.606715049647997947e-15
5.428703822541863015e-15 6.838609422616882179e-15 3.442091351897334763e-15 3.609642572639737193e-15 3.312268631319612764e-15 1.035127509063352842e-14 4.859029206991636869e-15 1.522013553197104161e-15 1.319409549611747668e-15 7.746493302103568578e-16 2.221121508170364348e-15 1.553786267005179732e-15 3.140750838785682203e-16 1.259761171111810472e-15 9.349808563156179461e-16 1.381408914929779444e-15 2.565909026680960131e-15 3.551998105993094705e-15 5.327852794526583544e-15 5.642732274481811147e-15 4.369701616543222253e-15 4.986785220259562054e-15 5.686917581989530241e-15 5.461037654430295418e-15 5.334046095490302180e-15 4.593547453831591618e-15
6.398756150293591912e-16 2.489580610055934977e-15 -7.599062544514291244e-16 1.007145174363595623e-15 2.985056884487435658e-16 4.859029206991636869e-15 9.678172929591998288e-15 2.848093651316677711e-15 1.222443054590488344e-15 1.292519778874064340e-15 1.579135137915360851e-15 1.220022233120483125e-15 4.455891521588179381e-15 4.990466059906471009e-15 5.208134033517981758e-15 6.400093996056069691e-15 7.139834751401397032e-15 7.840005192645440555e-15 1.095037353225943395e-14 1.206055491631463178e-14 1.031409071721272979e-14 8.150193269001767733e-15 4.872472225139201275e-15 2.744309322202720470e-15 2.935010078828040949e-15 7.434787830457465822e-15
1.946411759356959034e-16 1.619155203415250959e-15 1.205279346750339815e-15 -5.311742292956625221e-16 -3.822224979353312838e-16 1.522013553197104161e-15 2.848093651316677711e-15 3.471683543753799543e-15 1.695592988309159343e-15 1.518758345512237711e-15 1.096159612820835369e-15 1.047502718224733086e-15 1.937754754854276795e-15 1.869013295453724168e-15 6.176429863735468282e-16 2.020453346426467310e-15 2.567036579703261118e-15 3.652110637252182088e-15 4.452770864821748809e-15 5.095427971689790959e-15 5.163752381496353084e-15 5.239492803289883422e-15 4.989135382023741099e-15 4.101799575407879535e-15 1.110894074411734884e-16 -8.810265562686805409e-17
-5.574495044239801829e-17 1.366169155311348436e-15 2.583648473203144427e-15 9.750304185551657905e-17 8.668176552454397531e-16 1.319409549611747668e-15 1.222443054590488344e-15 1.695592988309159343e-15 1.977259399518580885e-15 1.282330828367371816e-15 1.378400038735668633e-15 1.137805889475244198e-15 1.507056304687259203e-15 1.027089049283631531e-15 6.513881587541760879e-16 1.499582771849089269e-15 2.243329101139026276e-15 3.238780570388567677e-15 4.214795879337835409e-15 5.020229111101884158e-15 5.274211974140602117e-15 5.734347583733058055e-15 5.090026266205311899e-15 4.750448508942854585e-15 2.619628168863370420e-15 1.999819702886769703e-15
9.641645183028934069e-16 -8.444700505069299898e-16 -2.108733869480317758e-16 -7.876910531615329314e-16 3.053804995393683925e-16 7.746493302103568578e-16 1.292519778874064340e-15 1.518758345512237711e-15 1.282330828367371816e-15 5.911039320879457663e-15 7.120110313133628055e-15 6.346994424183724018e-15 5.799100858876957643e-15 6.018169058347888509e-15 3.415137943268154972e-15 3.289033616506836999e-15 2.960561917176003171e-15 3.625656146105264075e-15 4.451494612136721309e-15 6.643810359032694134e-15 6.837244680932663731e-15 5.893316495795821738e-15 4.804130823890240021e-15 2.294330942799555510e-15 -6.404022368774399513e-16 -2.358146708709132539e-15
2.453265211538254507e-15 1.320659646101775315e-15 -3.573712154919313976e-16 1.373593423876599628e-15 7.575675751019882219e-16 2.221121508170364348e-15 1.579135137915360851e-15 1.096159612820835369e-15 1.378400038735668633e-15 7.120110313133628055e-15 1.353874615125304565e-14 1.269893746646854196e-14 1.136388972203834420e-14 1.054816708000804491e-14 7.400774705360230665e-15 7.320515439410092294e-15 6.811259140433542494e-15 7.829942567368903461e-15 1.057965768827847757e-14 1.379715091304646604e-14 1.360654734162786484e-14 1.193862539338747339e-14 7.857412549412287137e-15 1.692177337433422016e-15 -2.227092296258201635e-16 -2.783508872942011731e-15
1.433513860838341014e-15 8.257914733757831072e-16 -5.560055033542628558e-16 9.811831958040134612e-16 8.663016049310834375e-16 1.553786267005179732e-15 1.220022233120483125e-15 1.047502718224733086e-15 1.137805889475244198e-15 6.346994424183724018e-15 1.269893746646854196e-14 1.441232181414128500e-14 1.418055548079101001e-14 1.347727098620794130e-14 1.069016592756748889e-14 1.155654946064548357e-14 1.230560603363572967e-14 1.413522564715145318e-14 1.734984353024621421e-14 2.080101023780391685e-14 2.068570483797612526e-14 1.655791815317740728e-14 9.078878191045452954e-15 1.703803643989872664e-16 -1.532864768504603667e-15 -2.395226985291282770e-15
-6.286912730169901841e-16 -2.385504110902651980e-15 -1.105201170108184573e-17 1.527120786132809496e-15 -2.965339293448237935e-17 3.140750838785682203e-16 4.455891521588179381e-15 1.937754754854276795e-15 1.507056304687259203e-15 5.799100858876957643e-15 1.136388972203834420e-14 1.418055548079101001e-14 2.019474926966227481e-14 1.965057216717428736e-14 1.789599078975434456e-14 2.052244077187644894e-14 2.274620277806289821e-14 2.518549105093031033e-14 2.967183033700305740e-14 3.298295498962856163e-14 3.187584761107264918e-14 2.196567419296925141e-14 9.385641357584336481e-15 -1.825218828646384815e-15 -3.547672213885517345e-15 -1.565620470239186079e-15
1.318775175054020983e-15 -2.432899824920940935e-15 -2.797004714866300235e-16 1.089457635738791695e-15 -9.524916587780230205e-16 1.259761171111810472e-15 4.990466059906471009e-15 1.869013295453724168e-15 1.027089049283631531e-15 6.018169058347888509e-15 1.054816708000804491e-14 1.347727098620794130e-14 1.965057216717428736e-14 2.386134331281243893e-14 2.365340144303800933e-14 2.591409433947518485e-14 2.886427301962478008e-14 3.119568466102813785e-14 3.444679242132090750e-14 3.739471438622512127e-14 3.527006152074363627e-14 2.155128899204409023e-14 1.059569315623589599e-14 5.064483168109322627e-17 -3.532549417944827116e-15 -1.552171496920722341e-15
9.163506329788830167e-16 6.002064442380516701e-16 -1.703640667108618384e-15 1.685711759638587923e-15 -1.609685735804653812e-15 9.349808563156179461e-16 5.208134033517981758e-15 6.176429863735468282e-16 6.513881587541760879e-16 3.415137943268154972e-15 7.400774705360230665e-15 1.069016592756748889e-14 1.789599078975434456e-14 2.365340144303800933e-14 2.976778891534216396e-14 3.244959961793975667e-14 3.635129732862555437e-14 3.909179030844732775e-14 4.252996928731965304e-14 4.581337566813129161e-14 4.355112578057769596e-14 2.821241490878567440e-14 1.608422648730768448e-14 4.239475783025906334e-15 1.666416309492191936e-15 5.082161694409431336e-15
2.663720644932348181e-16 -6.508481788635406986e-16 -8.008301914501484121e-16 2.059825505655506934e-15 -1.341285814751193776e-15 1.381408914929779444e-15 6.400093996056069691e-15 2.020453346426467310e-15 1.499582771849089269e-15 3.289033616506836999e-15 7.320515439410092294e-15 1.155654946064548357e-14 2.052244077187644894e-14 2.591409433947518485e-14 3.244959961793975667e-14 4.073241134480755039e-14 4.744806519609210651e-14 5.205388796978268010e-14 5.715800183278901572e-14 6.252144145928082141e-14 6.053922800727252780e-14 4.130980030396501449e-14 2.217991804462800600e-14 6.178242014061009810e-15 2.873611667417560745e-15 5.720942703991509704e-15
1.411714022919443341e-15 3.165439158368760556e-16 5.842522232325033726e-16 3.352421312689703212e-15 3.204668962330835934e-16 2.565909026680960131e-15 7.139834751401397032e-15 2.567036579703261118e-15 2.243329101139026276e-15 2.960561917176003171e-15 6.811259140433542494e-15 1.230560603363572967e-14 2.274620277806289821e-14 2.886427301962478008e-14 3.635129732862555437e-14 4.744806519609210651e-14 6.413521365788692450e-14 7.429180082740590724e-14 8.287786079972414120e-14 9.140259631659335163e-14 8.914626896233148818e-14 6.127492942893754125e-14 3.126691251490774135e-14 9.704155157420592454e-15 1.117002962235812126e-15 7.849063345764877933e-15
2.467111131699829750e-15 1.757750927146404978e-15 7.228013280906691564e-16 4.805594626246162006e-15 1.900817198361449621e-15 3.551998105993094705e-15 7.840005192645440555e-15 3.652110637252182088e-15 3.238780570388567677e-15 3.625656146105264075e-15 7.829942567368903461e-15 1.413522564715145318e-14 2.518549105093031033e-14 3.119568466102813785e-14 3.909179030844732775e-14 5.205388796978268010e-14 7.429180082740590724e-14 9.863814623506125341e-14 1.180939153709904672e-13 1.318135280756377423e-13 1.305736181798028426e-13 9.457220040240034857e-14 4.563450016758039269e-14 1.756531021879515362e-14 4.495750574767967244e-15 1.505621610074740217e-14
2.771574630461116163e-15 3.941908766287823728e-15 -8.803523159931944913e-16 7.049927507303643657e-15 3.003094078115577854e-15 5.327852794526583544e-15 1.095037353225943395e-14 4.452770864821748809e-15 4.214795879337835409e-15 4.451494612136721309e-15 1.057965768827847757e-14 1.734984353024621421e-14 2.967183033700305740e-14 3.444679242132090750e-14 4.252996928731965304e-14 5.715800183278901572e-14 8.287786079972414120e-14 1.180939153709904672e-13 1.581471180302954788e-13 1.855770001162728597e-13 1.890451524606009148e-13 1.475422577614304437e-13 6.921894952730903656e-14 2.267022025070480241e-14 1.099186391211406793e-14 2.921887847098169232e-14
1.160331963204038345e-15 4.468284783166498748e-15 -3.144734178287761392e-15 6.841235901792018893e-15 2.239144489340960272e-15 5.642732274481811147e-15 1.206055491631463178e-14 5.095427971689790959e-15 5.020229111101884158e-15 6.643810359032694134e-15 1.379715091304646604e-14 2.080101023780391685e-14 3.298295498962856163e-14 3.739471438622512127e-14 4.581337566813129161e-14 6.252144145928082141e-14 9.140259631659335163e-14 1.318135280756377423e-13 1.855770001162728597e-13 2.375421099697520203e-13 2.558896009990080528e-13 2.140092388996860550e-13 1.095870988027028473e-13 3.450267723359261505e-14 2.055880996344709426e-14 4.364837503828423186e-14
-7.021805131266710139e-16 2.774376613062999525e-15 -4.325352493389158960e-15 5.326717625672893954e-15 8.642557757849345841e-16 4.369701616543222253e-15 1.031409071721272979e-14 5.163752381496353084e-15 5.274211974140602117e-15 6.837244680932663731e-15 1.360654734162786484e-14 2.068570483797612526e-14 3.187584761107264918e-14 3.527006152074363627e-14 4.355112578057769596e-14 6.053922800727252780e-14 8.914626896233148818e-14 1.305736181798028426e-13 1.890451524606009148e-13 2.558896009990080528e-13 3.022119973436708449e-13 2.793619659993360392e-13 1.670249810669217942e-13 6.150454205100704498e-14 3.364343099457566926e-14 5.234092411598692433e-14
1.250891557839048192e-16 6.824596825237624903e-15 -2.265876434053408627e-15 5.435640805139873678e-15 2.481301521590897791e-15 4.986785220259562054e-15 8.150193269001767733e-15 5.239492803289883422e-15 5.734347583733058055e-15 5.893316495795821738e-15 1.193862539338747339e-14 1.655791815317740728e-14 2.196567419296925141e-14 2.155128899204409023e-14 2.821241490878567440e-14 4.130980030396501449e-14 6.127492942893754125e-14 9.457220040240034857e-14 1.475422577614304437e-13 2.140092388996860550e-13 2.793619659993360392e-13 3.206272630945178424e-13 2.462385940700584791e-13 1.253329667618960398e-13 6.415264932815696631e-14 6.694511777521190448e-14
3.776426694868329172e-15 9.432172732074024863e-15 3.597388483940533124e-15 5.655241259181398780e-15 2.669305917070548784e-15 5.686917581989530241e-15 4.872472225139201275e-15 4.989135382023741099e-15 5.090026266205311899e-15 4.804130823890240021e-15 7.857412549412287137e-15 9.078878191045452954e-15 9.385641357584336481e-15 1.059569315623589599e-14 1.608422648730768448e-14 2.217991804462800600e-14 3.126691251490774135e-14 4.563450016758039269e-14 6.921894952730903656e-14 1.095870988027028473e-13 1.670249810669217942e-13 2.462385940700584791e-13 2.826229385696485766e-13 2.239484391435348997e-13 1.186676727322642155e-13 8.122618643916515488e-14
-1.078275481789565738e-15 7.085049491264255620e-15 7.463906973601483704e-15 4.682720321212002380e-15 2.903161695752510308e-15 5.461037654430295418e-15 2.744309322202720470e-15 4.101799575407879535e-15 4.750448508942854585e-15 2.294330942799555510e-15 1.692177337433422016e-15 1.703803643989872664e-16 -1.825218828646384815e-15 5.064483168109322627e-17 4.239475783025906334e-15 6.178242014061009810e-15 9.704155157420592454e-15 1.756531021879515362e-14 2.267022025070480241e-14 3.450267723359261505e-14 6.150454205100704498e-14 1.253329667618960398e-13 2.239484391435348997e-13 2.907270190301410014e-13 2.086523859441221791e-13 1.216129320166621822e-13
3.123993451226375268e-15 5.007971223571162058e-15 2.242851629396109082e-15 3.461041979998821805e-15 3.379777618336052834e-15 5.334046095490302180e-15 2.935010078828040949e-15 1.110894074411734884e-16 2.619628168863370420e-15 -6.404022368774399513e-16 -2.227092296258201635e-16 -1.532864768504603667e-15 -3.547672213885517345e-15 -3.532549417944827116e-15 1.666416309492191936e-15 2.873611667417560745e-15 1.117002962235812126e-15 4.495750574767967244e-15 1.099186391211406793e-14 2.055880996344709426e-14 3.364343099457566926e-14 6.415264932815696631e-14 1.186676727322642155e-13 2.086523859441221791e-13 2.991238527424466317e-13 2.408755409821347550e-13
4.706983344727527450e-15 4.554452138174297487e-15 -3.067331846814945055e-15 1.624630820474661141e-15 1.606715049647997947e-15 4.593547453831591618e-15 7.434787830457465822e-15 -8.810265562686805409e-17 1.999819702886769703e-15 -2.358146708709132539e-15 -2.783508872942011731e-15 -2.395226985291282770e-15 -1.565620470239186079e-15 -1.552171496920722341e-15 5.082161694409431336e-15 5.720942703991509704e-15 7.849063345764877933e-15 1.505621610074740217e-14 2.921887847098169232e-14 4.364837503828423186e-14 5.234092411598692433e-14 6.694511777521190448e-14 8.122618643916515488e-14 1.216129320166621822e-13 2.408755409821347550e-13 3.844434707806731798e-13
