2.161050478703106000e-14 9.469102786694832423e-15 3.347216256951813723e-15 4.943720547981720372e-15 3.189302357967813790e-15 5.428703822541851182e-15 6.398756150293801946e-16 1.946411759357639920e-16 -5.574495044245818126e-17 9.641645183028275371e-16 2.453265211538294345e-15 1.433513860838310051e-15 -6.286912730170817905e-16 1.318775175054015658e-15 9.163506329788191190e-16 2.663720644932440872e-16 1.411714022919400151e-15 2.467111131699757570e-15 2.771574630461070804e-15 1.160331963203987464e-15 -7.021805131267353060e-16 1.250891557838540609e-16 3.776426694868279474e-15 -1.078275481789565541e-15 3.123993451226478214e-15 4.706983344727549538e-15
9.469102786694832423e-15 1.936430173383314062e-14 2.459613515810715807e-15 3.869539131476181528e-15 3.659295621196213807e-15 6.838609422617011552e-15 2.489580610055997692e-15 1.619155203415286063e-15 1.366169155311455326e-15 -8.444700505070432900e-16 1.320659646101825013e-15 8.257914733757178289e-16 -2.385504110902687085e-15 -2.432899824920967362e-15 6.002064442381026503e-16 -6.508481788635445443e-16 3.165439158369151535e-16 1.757750927146404583e-15 3.941908766287810317e-15 4.468284783166471927e-15 2.774376613062982565e-15 6.824596825237638314e-15 9.432172732074095861e-15 7.085049491264258775e-15 5.007971223571220433e-15 4.554452138174231223e-15
3.347216256951813723e-15 2.459613515810715807e-15 1.355239798407371110e-14 3.211157283484171029e-15 3.452704570508229793e-15 3.442091351897216828e-15 -7.599062544513251919e-16 1.205279346750358156e-15 2.583648473203149555e-15 -2.108733869481296192e-16 -3.573712154918480249e-16 -5.560055033544376871e-16 -1.105201170109623782e-17 -2.797004714866668535e-16 -1.703640667108669069e-15 -8.008301914501325363e-16 5.842522232325203331e-16 7.228013280907146145e-16 -8.803523159931043639e-16 -3.144734178287687239e-15 -4.325352493389088751e-15 -2.265876434053323430e-15 3.597388483940527602e-15 7.463906973601486860e-15 2.242851629396118942e-15 -3.067331846814916656e-15
4.943720547981720372e-15 3.869539131476181528e-15 3.211157283484171029e-15 7.898732224491323612e-15 3.428200885861859146e-15 3.609642572639807401e-15 1.007145174363639405e-15 -5.311742292956711996e-16 9.750304185550507893e-17 -7.876910531615366785e-16 1.373593423876651496e-15 9.811831958039083455e-16 1.527120786132812257e-15 1.089457635738787948e-15 1.685711759638632888e-15 2.059825505655544404e-15 3.352421312689724117e-15 4.805594626246173050e-15 7.049927507303681523e-15 6.841235901792078846e-15 5.326717625672900265e-15 5.435640805139905233e-15 5.655241259181436645e-15 4.682720321212054444e-15 3.461041979998882942e-15 1.624630820474650491e-15
3.189302357967813790e-15 3.659295621196213807e-15 3.452704570508229793e-15 3.428200885861859146e-15 6.270134327935189708e-15 3.312268631319630514e-15 2.985056884487913411e-16 -3.822224979353343406e-16 8.668176552454817600e-16 3.053804995393541930e-16 7.575675751019856581e-16 8.663016049309749691e-16 -2.965339293452431224e-17 -9.524916587781003289e-16 -1.609685735804711399e-15 -1.341285814751278382e-15 3.204668962330083065e-16 1.900817198361355352e-15 3.003094078115434281e-15 2.239144489340814727e-15 8.642557757847651763e-16 2.481301521590832710e-15 2.669305917070493564e-15 2.903161695752514253e-15 3.379777618336020885e-15 1.606715049647906636e-15
5.428703822541851182e-15 6.838609422617011552e-15 3.442091351897216828e-15 3.609642572639807401e-15 3.312268631319630514e-15 1.035127509063351264e-14 4.859029206991528795e-15 1.522013553197077734e-15 1.319409549611754176e-15 7.746493302102453326e-16 2.221121508170458617e-15 1.553786267005238108e-15 3.140750838784688731e-16 1.259761171111691748e-15 9.349808563155686423e-16 1.381408914929753412e-15 2.565909026680889922e-15 3.551998105993035146e-15 5.327852794526502291e-15 5.642732274481715695e-15 4.369701616543149678e-15 4.986785220259558899e-15 5.686917581989510520e-15 5.461037654430229154e-15 5.334046095490286402e-15 4.593547453831549809e-15
6.398756150293801946e-16 2.489580610055997692e-15 -7.599062544513251919e-16 1.007145174363639405e-15 2.985056884487913411e-16 4.859029206991528795e-15 9.678172929592036153e-15 2.848093651316672189e-15 1.222443054590450084e-15 1.292519778874064340e-15 1.579135137915381362e-15 1.220022233120451571e-15 4.455891521588163604e-15 4.990466059906375556e-15 5.208134033517917072e-15 6.400093996056066536e-15 7.139834751401389143e-15 7.840005192645404268e-15 1.095037353225938031e-14 1.206055491631457814e-14 1.031409071721270613e-14 8.150193269001785088e-15 4.872472225139375614e-15 2.744309322202860493e-15 2.935010078828110764e-15 7.434787830457618861e-15
1.946411759357639920e-16 1.619155203415286063e-15 1.205279346750358156e-15 -5.311742292956711996e-16 -3.822224979353343406e-16 1.522013553197077734e-15 2.848093651316672189e-15 3.471683543753827547e-15 1.695592988309177093e-15 1.518758345512199649e-15 1.096159612820861401e-15 1.047502718224714942e-15 1.937754754854233013e-15 1.869013295453683936e-15 6.176429863734880581e-16 2.020453346426455083e-15 2.567036579703224041e-15 3.652110637252115035e-15 4.452770864821688855e-15 5.095427971689723906e-15 5.163752381496342040e-15 5.239492803289870011e-15 4.989135382023781330e-15 4.101799575407873225e-15 1.110894074411586726e-16 -8.810265562678277083e-17
-5.574495044245818126e-17 1.366169155311455326e-15 2.583648473203149555e-15 9.750304185550507893e-17 8.668176552454817600e-16 1.319409549611754176e-15 1.222443054590450084e-15 1.695592988309177093e-15 1.977259399518624667e-15 1.282330828367295493e-15 1.378400038735661731e-15 1.137805889475188583e-15 1.507056304687185445e-15 1.027089049283510638e-15 6.513881587540805372e-16 1.499582771849015511e-15 2.243329101138967900e-15 3.238780570388501413e-15 4.214795879337800699e-15 5.020229111101850237e-15 5.274211974140612372e-15 5.734347583733130630e-15 5.090026266205312688e-15 4.750448508942838807e-15 2.619628168863355432e-15 1.999819702886731838e-15
9.641645183028275371e-16 -8.444700505070432900e-16 -2.108733869481296192e-16 -7.876910531615366785e-16 3.053804995393541930e-16 7.746493302102453326e-16 1.292519778874064340e-15 1.518758345512199649e-15 1.282330828367295493e-15 5.911039320879446618e-15 7.120110313133599656e-15 6.346994424183806848e-15 5.799100858877018385e-15 6.018169058347954774e-15 3.415137943268189287e-15 3.289033616506894192e-15 2.960561917176039459e-15 3.625656146105272752e-15 4.451494612136778895e-15 6.643810359032702022e-15 6.837244680932721318e-15 5.893316495795831204e-15 4.804130823890133525e-15 2.294330942799409965e-15 -6.404022368775350091e-16 -2.358146708709085601e-15
2.453265211538294345e-15 1.320659646101825013e-15 -3.573712154918480249e-16 1.373593423876651496e-15 7.575675751019856581e-16 2.221121508170458617e-15 1.579135137915381362e-15 1.096159612820861401e-15 1.378400038735661731e-15 7.120110313133599656e-15 1.353874615125304092e-14 1.269893746646861927e-14 1.136388972203836156e-14 1.054816708000807805e-14 7.400774705360249597e-15 7.320515439410161714e-15 6.811259140433568527e-15 7.829942567368884529e-15 1.057965768827854541e-14 1.379715091304640609e-14 1.360654734162783960e-14 1.193862539338747496e-14 7.857412549412277671e-15 1.692177337433453571e-15 -2.227092296257667675e-16 -2.783508872941954538e-15
1.433513860838310051e-15 8.257914733757178289e-16 -5.560055033544376871e-16 9.811831958039083455e-16 8.663016049309749691e-16 1.553786267005238108e-15 1.220022233120451571e-15 1.047502718224714942e-15 1.137805889475188583e-15 6.346994424183806848e-15 1.269893746646861927e-14 1.441232181414144909e-14 1.418055548079103841e-14 1.347727098620805489e-14 1.069016592756757566e-14 1.155654946064554352e-14 1.230560603363576280e-14 1.413522564715140111e-14 1.734984353024630888e-14 2.080101023780396734e-14 2.068570483797630512e-14 1.655791815317748617e-14 9.078878191045394578e-15 1.703803643988420914e-16 -1.532864768504627530e-15 -2.395226985291218873e-15
-6.286912730170817905e-16 -2.385504110902687085e-15 -1.105201170109623782e-17 1.527120786132812257e-15 -2.965339293452431224e-17 3.140750838784688731e-16 4.455891521588163604e-15 1.937754754854233013e-15 1.507056304687185445e-15 5.799100858877018385e-15 1.136388972203836156e-14 1.418055548079103841e-14 2.019474926966236316e-14 1.965057216717430629e-14 1.789599078975436665e-14 2.052244077187653414e-14 2.274620277806294554e-14 2.518549105093024722e-14 2.967183033700317731e-14 3.298295498962858687e-14 3.187584761107280695e-14 2.196567419296933029e-14 9.385641357584450077e-15 -1.825218828646399409e-15 -3.547672213885530756e-15 -1.565620470239122971e-15
1.318775175054015658e-15 -2.432899824920967362e-15 -2.797004714866668535e-16 1.089457635738787948e-15 -9.524916587781003289e-16 1.259761171111691748e-15 4.990466059906375556e-15 1.869013295453683936e-15 1.027089049283510638e-15 6.018169058347954774e-15 1.054816708000807805e-14 1.347727098620805489e-14 1.965057216717430629e-14 2.386134331281233164e-14 2.365340144303792728e-14 2.591409433947520063e-14 2.886427301962471066e-14 3.119568466102792328e-14 3.444679242132096430e-14 3.739471438622505816e-14 3.527006152074371832e-14 2.155128899204414388e-14 1.059569315623598907e-14 5.064483168106352073e-17 -3.532549417944765979e-15 -1.552171496920598687e-15
9.163506329788191190e-16 6.002064442381026503e-16 -1.703640667108669069e-15 1.685711759638632888e-15 -1.609685735804711399e-15 9.349808563155686423e-16 5.208134033517917072e-15 6.176429863734880581e-16 6.513881587540805372e-16 3.415137943268189287e-15 7.400774705360249597e-15 1.069016592756757566e-14 1.789599078975436665e-14 2.365340144303792728e-14 2.976778891534218921e-14 3.244959961793980715e-14 3.635129732862552281e-14 3.909179030844712580e-14 4.252996928731977294e-14 4.581337566813127268e-14 4.355112578057782218e-14 2.821241490878581956e-14 1.608422648730784541e-14 4.239475783025839280e-15 1.666416309492257017e-15 5.082161694409523632e-15
2.663720644932440872e-16 -6.508481788635445443e-16 -8.008301914501325363e-16 2.059825505655544404e-15 -1.341285814751278382e-15 1.381408914929753412e-15 6.400093996056066536e-15 2.020453346426455083e-15 1.499582771849015511e-15 3.289033616506894192e-15 7.320515439410161714e-15 1.155654946064554352e-14 2.052244077187653414e-14 2.591409433947520063e-14 3.244959961793980715e-14 4.073241134480760719e-14 4.744806519609212545e-14 5.205388796978248447e-14 5.715800183278912932e-14 6.252144145928082141e-14 6.053922800727270450e-14 4.130980030396515333e-14 2.217991804462808804e-14 6.178242014060909625e-15 2.873611667417510258e-15 5.720942703991415829e-15
1.411714022919400151e-15 3.165439158369151535e-16 5.842522232325203331e-16 3.352421312689724117e-15 3.204668962330083065e-16 2.565909026680889922e-15 7.139834751401389143e-15 2.567036579703224041e-15 2.243329101138967900e-15 2.960561917176039459e-15 6.811259140433568527e-15 1.230560603363576280e-14 2.274620277806294554e-14 2.886427301962471066e-14 3.635129732862552281e-14 4.744806519609212545e-14 6.413521365788689925e-14 7.429180082740557908e-14 8.287786079972429267e-14 9.140259631659332638e-14 8.914626896233169013e-14 6.127492942893784417e-14 3.126691251490806952e-14 9.704155157420595609e-15 1.117002962235940118e-15 7.849063345764892132e-15
2.467111131699757570e-15 1.757750927146404583e-15 7.228013280907146145e-16 4.805594626246173050e-15 1.900817198361355352e-15 3.551998105993035146e-15 7.840005192645404268e-15 3.652110637252115035e-15 3.238780570388501413e-15 3.625656146105272752e-15 7.829942567368884529e-15 1.413522564715140111e-14 2.518549105093024722e-14 3.119568466102792328e-14 3.909179030844712580e-14 5.205388796978248447e-14 7.429180082740557908e-14 9.863814623506036988e-14 1.180939153709900886e-13 1.318135280756371617e-13 1.305736181798026406e-13 9.457220040240026022e-14 4.563450016758035482e-14 1.756531021879482230e-14 4.495750574767957777e-15 1.505621610074732013e-14
2.771574630461070804e-15 3.941908766287810317e-15 -8.803523159931043639e-16 7.049927507303681523e-15 3.003094078115434281e-15 5.327852794526502291e-15 1.095037353225938031e-14 4.452770864821688855e-15 4.214795879337800699e-15 4.451494612136778895e-15 1.057965768827854541e-14 1.734984353024630888e-14 2.967183033700317731e-14 3.444679242132096430e-14 4.252996928731977294e-14 5.715800183278912932e-14 8.287786079972429267e-14 1.180939153709900886e-13 1.581471180302960847e-13 1.855770001162733898e-13 1.890451524606014702e-13 1.475422577614314787e-13 6.921894952730966765e-14 2.267022025070475192e-14 1.099186391211433299e-14 2.921887847098202048e-14
1.160331963203987464e-15 4.468284783166471927e-15 -3.144734178287687239e-15 6.841235901792078846e-15 2.239144489340814727e-15 5.642732274481715695e-15 1.206055491631457814e-14 5.095427971689723906e-15 5.020229111101850237e-15 6.643810359032702022e-15 1.379715091304640609e-14 2.080101023780396734e-14 3.298295498962858687e-14 3.739471438622505816e-14 4.581337566813127268e-14 6.252144145928082141e-14 9.140259631659332638e-14 1.318135280756371617e-13 1.855770001162733898e-13 2.375421099697522728e-13 2.558896009990089111e-13 2.140092388996872162e-13 1.095870988027034027e-13 3.450267723359246990e-14 2.055880996344727096e-14 4.364837503828447167e-14
-7.021805131267353060e-16 2.774376613062982565e-15 -4.325352493389088751e-15 5.326717625672900265e-15 8.642557757847651763e-16 4.369701616543149678e-15 1.031409071721270613e-14 5.163752381496342040e-15 5.274211974140612372e-15 6.837244680932721318e-15 1.360654734162783960e-14 2.068570483797630512e-14 3.187584761107280695e-14 3.527006152074371832e-14 4.355112578057782218e-14 6.053922800727270450e-14 8.914626896233169013e-14 1.305736181798026406e-13 1.890451524606014702e-13 2.558896009990089111e-13 3.022119973436726119e-13 2.793619659993383111e-13 1.670249810669231826e-13 6.150454205100701974e-14 3.364343099457554935e-14 5.234092411598677918e-14
1.250891557838540609e-16 6.824596825237638314e-15 -2.265876434053323430e-15 5.435640805139905233e-15 2.481301521590832710e-15 4.986785220259558899e-15 8.150193269001785088e-15 5.239492803289870011e-15 5.734347583733130630e-15 5.893316495795831204e-15 1.193862539338747496e-14 1.655791815317748617e-14 2.196567419296933029e-14 2.155128899204414388e-14 2.821241490878581956e-14 4.130980030396515333e-14 6.127492942893784417e-14 9.457220040240026022e-14 1.475422577614314787e-13 2.140092388996872162e-13 2.793619659993383111e-13 3.206272630945206697e-13 2.462385940700603976e-13 1.253329667618965699e-13 6.415264932815706729e-14 6.694511777521229575e-14
3.776426694868279474e-15 9.432172732074095861e-15 3.597388483940527602e-15 5.655241259181436645e-15 2.669305917070493564e-15 5.686917581989510520e-15 4.872472225139375614e-15 4.989135382023781330e-15 5.090026266205312688e-15 4.804130823890133525e-15 7.857412549412277671e-15 9.078878191045394578e-15 9.385641357584450077e-15 1.059569315623598907e-14 1.608422648730784541e-14 2.217991804462808804e-14 3.126691251490806952e-14 4.563450016758035482e-14 6.921894952730966765e-14 1.095870988027034027e-13 1.670249810669231826e-13 2.462385940700603976e-13 2.826229385696503436e-13 2.239484391435357328e-13 1.186676727322643417e-13 8.122618643916533159e-14
-1.078275481789565541e-15 7.085049491264258775e-15 7.463906973601486860e-15 4.682720321212054444e-15 2.903161695752514253e-15 5.461037654430229154e-15 2.744309322202860493e-15 4.101799575407873225e-15 4.750448508942838807e-15 2.294330942799409965e-15 1.692177337433453571e-15 1.703803643988420914e-16 -1.825218828646399409e-15 5.064483168106352073e-17 4.239475783025839280e-15 6.178242014060909625e-15 9.704155157420595609e-15 1.756531021879482230e-14 2.267022025070475192e-14 3.450267723359246990e-14 6.150454205100701974e-14 1.253329667618965699e-13 2.239484391435357328e-13 2.907270190301420111e-13 2.086523859441224316e-13 1.216129320166621822e-13
3.123993451226478214e-15 5.007971223571220433e-15 2.242851629396118942e-15 3.461041979998882942e-15 3.379777618336020885e-15 5.334046095490286402e-15 2.935010078828110764e-15 1.110894074411586726e-16 2.619628168863355432e-15 -6.404022368775350091e-16 -2.227092296257667675e-16 -1.532864768504627530e-15 -3.547672213885530756e-15 -3.532549417944765979e-15 1.666416309492257017e-15 2.873611667417510258e-15 1.117002962235940118e-15 4.495750574767957777e-15 1.099186391211433299e-14 2.055880996344727096e-14 3.364343099457554935e-14 6.415264932815706729e-14 1.186676727322643417e-13 2.086523859441224316e-13 2.991238527424480958e-13 2.408755409821350579e-13
4.706983344727549538e-15 4.554452138174231223e-15 -3.067331846814916656e-15 1.624630820474650491e-15 1.606715049647906636e-15 4.593547453831549809e-15 7.434787830457618861e-15 -8.810265562678277083e-17 1.999819702886731838e-15 -2.358146708709085601e-15 -2.783508872941954538e-15 -2.395226985291218873e-15 -1.565620470239122971e-15 -1.552171496920598687e-15 5.082161694409523632e-15 5.720942703991415829e-15 7.849063345764892132e-15 1.505621610074732013e-14 2.921887847098202048e-14 4.364837503828447167e-14 5.234092411598677918e-14 6.694511777521229575e-14 8.122618643916533159e-14 1.216129320166621822e-13 2.408755409821350579e-13 3.844434707806740381e-13
