2.377195642975865795e-14 7.814609107125907123e-15 6.854569839886515754e-15 6.992593838268929935e-16 5.398095960448879044e-15 1.086949119153225386e-14 1.010921822175630823e-14 2.261458284898603155e-15 1.379213745964917598e-15 1.122277592436786214e-15 1.619703478245503765e-15 1.373828444147350781e-15 1.332983385221296980e-15 2.411311077728054494e-15 1.103938896509121430e-15 1.589706374156396696e-15 3.516946860233396587e-15 4.928723720855063955e-15 7.837348600731195662e-15 9.437526483622475293e-15 6.938301708539325863e-15 8.517801104918962174e-15 1.103877733460722257e-14 1.242674691760949822e-14 8.419385676756838711e-15 1.206786197171350772e-14
7.814609107125907123e-15 3.262189150602026554e-14 1.320761730292242942e-14 1.104947179610935353e-14 1.244624379446281904e-14 7.801797466151679677e-15 -3.226070701115095370e-15 -2.859701724332846123e-15 2.527460442419166382e-16 1.446590742912032669e-15 -3.073701255775793327e-16 -9.815838483155004074e-17 -2.147032438563865762e-15 -1.788185576381786049e-16 -1.795018021362611954e-16 -3.502296162430591318e-15 -2.601625150696924708e-16 5.290675093992717622e-17 -8.597654444702929160e-16 -2.284986207515823734e-15 -3.359934246925066511e-15 -8.101571579597991684e-16 8.094410609923742008e-15 1.271021014144972940e-14 4.644325348831078063e-15 -1.602579694127570480e-15
6.854569839886515754e-15 1.320761730292242942e-14 1.669868431299289353e-14 6.503281170818827389e-15 9.075042174135378121e-15 1.022084686645465417e-14 1.363780517849076227e-15 3.157035650540434914e-15 1.019921001133351367e-15 1.535499836406462902e-15 3.757375368681143955e-16 1.613348950725501143e-16 -2.001747815284642152e-15 -1.775534391152087451e-16 -1.392021179451104933e-15 -2.438393372698327078e-15 -2.181200236297026149e-15 -2.435426962900581171e-15 -4.082945562348519993e-15 -5.960478151273407388e-15 -7.708913494997575268e-15 -3.643935765181191664e-15 6.902334063082725972e-15 1.231891972046127089e-14 5.361406913552556445e-15 -4.846952355148129118e-15
6.992593838268929935e-16 1.104947179610935353e-14 6.503281170818827389e-15 8.061614239831738025e-15 5.986933462534899411e-15 2.796453137907018443e-15 -2.686790751118677619e-15 -1.132117456126924888e-15 -3.091180155000183945e-16 -3.123160405045641003e-16 -1.498182432665081447e-16 -1.787116471199450811e-16 -9.946964461198878661e-16 -8.028166358895808038e-16 1.046510160128495460e-17 -1.654998503939965738e-15 1.225838730522791827e-16 6.867795263318405480e-16 4.646412735896680246e-16 -7.624784916261462269e-16 -2.073667103522373356e-15 -1.776193804670806255e-16 3.429895693782175434e-15 5.343617970552303820e-15 3.261238220175483333e-15 -3.666014575876139441e-15
5.398095960448879044e-15 1.244624379446281904e-14 9.075042174135378121e-15 5.986933462534899411e-15 9.688879715518677451e-15 7.803631969653500536e-15 -1.701700019899727908e-16 6.718149790636353735e-16 -8.502734236621888696e-17 9.817619290669270874e-16 -3.324189481819144683e-16 -3.151562810163882663e-16 -2.031173626910524050e-15 -1.578606712130266049e-15 -2.674697682043831201e-15 -4.160875725942328133e-15 -2.159456572493848872e-15 -1.315344748434096040e-15 -1.856491192258022539e-15 -2.741009481275622831e-15 -3.966889040475527948e-15 -8.877694645351044731e-16 5.139894976613913050e-15 8.159730746728885337e-15 3.525778960631293890e-15 -2.410179267590615449e-15
1.086949119153225386e-14 7.801797466151679677e-15 1.022084686645465417e-14 2.796453137907018443e-15 7.803631969653500536e-15 1.490881399264308186e-14 7.865302512465160917e-15 2.262250834943548992e-15 7.736640521544042214e-17 1.510101089231993447e-15 -1.482555646379079653e-16 8.978884711928913627e-16 1.340761100558487210e-15 2.889344541468103375e-15 2.365394282290185070e-15 1.619766988841638658e-15 2.688853383252263362e-15 2.354769955549308905e-15 2.905743509288436339e-15 2.570962856847031576e-15 6.310613708572981317e-16 2.584598914132798136e-15 8.445775561800869813e-15 1.007960150959993280e-14 6.713079295255846469e-15 3.025781656101664105e-15
1.010921822175630823e-14 -3.226070701115095370e-15 1.363780517849076227e-15 -2.686790751118677619e-15 -1.701700019899727908e-16 7.865302512465160917e-15 1.119573817894815604e-14 3.002915863077290627e-15 1.411109857555440349e-15 1.125138030477374184e-15 1.131275738711070200e-15 2.059700687328423735e-15 4.681891642613823298e-15 5.238545110296432617e-15 4.581422648075279301e-15 6.355845889368369405e-15 6.961886855957707691e-15 7.861864733172417792e-15 1.073480475680424869e-14 1.144514560139089057e-14 1.005399445150192243e-14 8.872243183340866362e-15 7.096444418104227409e-15 4.872068082506464966e-15 3.133534788084905045e-15 6.609280222367912681e-15
2.261458284898603155e-15 -2.859701724332846123e-15 3.157035650540434914e-15 -1.132117456126924888e-15 6.718149790636353735e-16 2.262250834943548992e-15 3.002915863077290627e-15 3.955928396420145133e-15 1.661067194092779886e-15 1.677506892880003848e-15 1.116101786365900042e-15 1.013458968156081902e-15 9.505633567421973326e-16 1.446689405003429133e-15 -2.038902992377951890e-16 1.020030789976331793e-15 8.527287195483849096e-16 1.637698190150466834e-15 1.537580225801802354e-15 1.553032661895300081e-15 1.343787071143424522e-15 1.933802401277600023e-15 3.675511456500316586e-15 4.813670755373751888e-15 7.817153312153340619e-16 -2.502100949576016844e-15
1.379213745964917598e-15 2.527460442419166382e-16 1.019921001133351367e-15 -3.091180155000183945e-16 -8.502734236621888696e-17 7.736640521544042214e-17 1.411109857555440349e-15 1.661067194092779886e-15 2.195964281737395057e-15 1.822256423595112492e-15 1.909126340898297005e-15 1.334369492168645405e-15 1.924431413094112187e-15 1.768159196837235027e-15 8.359003041511300305e-16 1.931238472758055019e-15 2.353399830460622561e-15 3.487489036972763208e-15 4.161744019775869355e-15 4.647101821219515640e-15 4.843509361223100243e-15 4.671450850947344298e-15 4.299989756576572371e-15 3.117125667925686522e-15 8.976112926704619648e-16 1.371615088763923235e-16
1.122277592436786214e-15 1.446590742912032669e-15 1.535499836406462902e-15 -3.123160405045641003e-16 9.817619290669270874e-16 1.510101089231993447e-15 1.125138030477374184e-15 1.677506892880003848e-15 1.822256423595112492e-15 6.198529188679677502e-15 6.865725158820205391e-15 6.300273187296680506e-15 5.908727596238236023e-15 6.187203922667749419e-15 3.475945198824938518e-15 3.458577704612721660e-15 3.193212787717126830e-15 3.869252065792036794e-15 4.224363472898831155e-15 5.807461979990586861e-15 5.761134324240410379e-15 4.116220978275144862e-15 3.033614398830255751e-15 1.104374318660144254e-15 -1.624121803691300783e-15 -4.870564920197776803e-15
1.619703478245503765e-15 -3.073701255775793327e-16 3.757375368681143955e-16 -1.498182432665081447e-16 -3.324189481819144683e-16 -1.482555646379079653e-16 1.131275738711070200e-15 1.116101786365900042e-15 1.909126340898297005e-15 6.865725158820205391e-15 1.340888132042576956e-14 1.266320009764449243e-14 1.164849615068988465e-14 1.009708007543084621e-14 6.989728746208289880e-15 7.278768859957578957e-15 6.699825379348586956e-15 7.809835812248841950e-15 1.073853757130298364e-14 1.364169135839545293e-14 1.363653408752985877e-14 1.175966354764184628e-14 6.612976029307834066e-15 -2.174781927587150846e-16 -1.350149627000328134e-15 -3.022078179522642442e-15
1.373828444147350781e-15 -9.815838483155004074e-17 1.613348950725501143e-16 -1.787116471199450811e-16 -3.151562810163882663e-16 8.978884711928913627e-16 2.059700687328423735e-15 1.013458968156081902e-15 1.334369492168645405e-15 6.300273187296680506e-15 1.266320009764449243e-14 1.432777247907510560e-14 1.408256452588342776e-14 1.368640265610633759e-14 1.115867561102965292e-14 1.201614407982948032e-14 1.249090423864499129e-14 1.406849345177792379e-14 1.731907249501160844e-14 2.076318489808701762e-14 2.082962096015109217e-14 1.617001622264774132e-14 8.805790120424074103e-15 -2.158534227010639278e-16 -1.794781912980230908e-15 -2.670512200234526847e-15
1.332983385221296980e-15 -2.147032438563865762e-15 -2.001747815284642152e-15 -9.946964461198878661e-16 -2.031173626910524050e-15 1.340761100558487210e-15 4.681891642613823298e-15 9.505633567421973326e-16 1.924431413094112187e-15 5.908727596238236023e-15 1.164849615068988465e-14 1.408256452588342776e-14 1.908378942411603810e-14 1.846053198800558753e-14 1.726349685965177348e-14 1.997428682282730310e-14 2.175627107290948095e-14 2.417942422016156225e-14 2.842855357244663493e-14 3.169158226386494918e-14 3.088309210782091088e-14 2.120908571997459794e-14 9.599437394415226206e-15 -1.328551561559200124e-15 -2.964628691279878358e-15 -1.295372563399916858e-15
2.411311077728054494e-15 -1.788185576381786049e-16 -1.775534391152087451e-16 -8.028166358895808038e-16 -1.578606712130266049e-15 2.889344541468103375e-15 5.238545110296432617e-15 1.446689405003429133e-15 1.768159196837235027e-15 6.187203922667749419e-15 1.009708007543084621e-14 1.368640265610633759e-14 1.846053198800558753e-14 2.269412799976610018e-14 2.287882743062013690e-14 2.536815606150725517e-14 2.810216970753901006e-14 3.076656171441517247e-14 3.413613663987055894e-14 3.698378022922592548e-14 3.498306358864613036e-14 2.135833581608973624e-14 1.079790118072800461e-14 2.154050246499102770e-16 -3.121515088078167580e-15 -1.377339117037646034e-15
1.103938896509121430e-15 -1.795018021362611954e-16 -1.392021179451104933e-15 1.046510160128495460e-17 -2.674697682043831201e-15 2.365394282290185070e-15 4.581422648075279301e-15 -2.038902992377951890e-16 8.359003041511300305e-16 3.475945198824938518e-15 6.989728746208289880e-15 1.115867561102965292e-14 1.726349685965177348e-14 2.287882743062013690e-14 2.961218721427625265e-14 3.225100848309938688e-14 3.614303625073541279e-14 3.893166421302495938e-14 4.221082618661912707e-14 4.534320368212133198e-14 4.313588050027296466e-14 2.792392441537708533e-14 1.647453224053933108e-14 4.869460721726411752e-15 2.309023576241902880e-15 5.316549035476025646e-15
1.589706374156396696e-15 -3.502296162430591318e-15 -2.438393372698327078e-15 -1.654998503939965738e-15 -4.160875725942328133e-15 1.619766988841638658e-15 6.355845889368369405e-15 1.020030789976331793e-15 1.931238472758055019e-15 3.458577704612721660e-15 7.278768859957578957e-15 1.201614407982948032e-14 1.997428682282730310e-14 2.536815606150725517e-14 3.225100848309938688e-14 4.080159393856568098e-14 4.720961834337831660e-14 5.213806691137522610e-14 5.720034363527225547e-14 6.253903535895727844e-14 6.061161725857528791e-14 4.095193355816929106e-14 2.170318681174094081e-14 5.949492781636117100e-15 2.512052015680326166e-15 5.464921400396443830e-15
3.516946860233396587e-15 -2.601625150696924708e-16 -2.181200236297026149e-15 1.225838730522791827e-16 -2.159456572493848872e-15 2.688853383252263362e-15 6.961886855957707691e-15 8.527287195483849096e-16 2.353399830460622561e-15 3.193212787717126830e-15 6.699825379348586956e-15 1.249090423864499129e-14 2.175627107290948095e-14 2.810216970753901006e-14 3.614303625073541279e-14 4.720961834337831660e-14 6.356941748418618655e-14 7.408878232389870959e-14 8.255783942708362203e-14 9.110912987702026553e-14 8.882759100277476780e-14 6.098232239857326700e-14 3.102734535672013687e-14 9.728071297729732554e-15 1.350794341491207842e-15 8.004110852255342735e-15
4.928723720855063955e-15 5.290675093992717622e-17 -2.435426962900581171e-15 6.867795263318405480e-16 -1.315344748434096040e-15 2.354769955549308905e-15 7.861864733172417792e-15 1.637698190150466834e-15 3.487489036972763208e-15 3.869252065792036794e-15 7.809835812248841950e-15 1.406849345177792379e-14 2.417942422016156225e-14 3.076656171441517247e-14 3.893166421302495938e-14 5.213806691137522610e-14 7.408878232389870959e-14 9.892445623865394026e-14 1.182015400136187600e-13 1.318322340619968374e-13 1.305033348451622411e-13 9.425813404468273709e-14 4.519340475416795786e-14 1.718009218960545898e-14 4.233029953046812826e-15 1.471932328656059142e-14
7.837348600731195662e-15 -8.597654444702929160e-16 -4.082945562348519993e-15 4.646412735896680246e-16 -1.856491192258022539e-15 2.905743509288436339e-15 1.073480475680424869e-14 1.537580225801802354e-15 4.161744019775869355e-15 4.224363472898831155e-15 1.073853757130298364e-14 1.731907249501160844e-14 2.842855357244663493e-14 3.413613663987055894e-14 4.221082618661912707e-14 5.720034363527225547e-14 8.255783942708362203e-14 1.182015400136187600e-13 1.585794122317255020e-13 1.859179223981926627e-13 1.893447198552932613e-13 1.478765355125459987e-13 6.943693701693248394e-14 2.264978264412440909e-14 1.096405881281426398e-14 2.938334733058195076e-14
9.437526483622475293e-15 -2.284986207515823734e-15 -5.960478151273407388e-15 -7.624784916261462269e-16 -2.741009481275622831e-15 2.570962856847031576e-15 1.144514560139089057e-14 1.553032661895300081e-15 4.647101821219515640e-15 5.807461979990586861e-15 1.364169135839545293e-14 2.076318489808701762e-14 3.169158226386494918e-14 3.698378022922592548e-14 4.534320368212133198e-14 6.253903535895727844e-14 9.110912987702026553e-14 1.318322340619968374e-13 1.859179223981926627e-13 2.376902297447384359e-13 2.559922519749820034e-13 2.139115082440832580e-13 1.095501322066099404e-13 3.432348820977350922e-14 2.044075640076112014e-14 4.373687099570650786e-14
6.938301708539325863e-15 -3.359934246925066511e-15 -7.708913494997575268e-15 -2.073667103522373356e-15 -3.966889040475527948e-15 6.310613708572981317e-16 1.005399445150192243e-14 1.343787071143424522e-15 4.843509361223100243e-15 5.761134324240410379e-15 1.363653408752985877e-14 2.082962096015109217e-14 3.088309210782091088e-14 3.498306358864613036e-14 4.313588050027296466e-14 6.061161725857528791e-14 8.882759100277476780e-14 1.305033348451622411e-13 1.893447198552932613e-13 2.559922519749820034e-13 3.021937719749707185e-13 2.791219497605839121e-13 1.668906416583755498e-13 6.119081885770102900e-14 3.329839300709483173e-14 5.199972326304514373e-14
8.517801104918962174e-15 -8.101571579597991684e-16 -3.643935765181191664e-15 -1.776193804670806255e-16 -8.877694645351044731e-16 2.584598914132798136e-15 8.872243183340866362e-15 1.933802401277600023e-15 4.671450850947344298e-15 4.116220978275144862e-15 1.175966354764184628e-14 1.617001622264774132e-14 2.120908571997459794e-14 2.135833581608973624e-14 2.792392441537708533e-14 4.095193355816929106e-14 6.098232239857326700e-14 9.425813404468273709e-14 1.478765355125459987e-13 2.139115082440832580e-13 2.791219497605839121e-13 3.201388077332731271e-13 2.459863907812742101e-13 1.250083122782517546e-13 6.392378471056929478e-14 6.677914356663258159e-14
1.103877733460722257e-14 8.094410609923742008e-15 6.902334063082725972e-15 3.429895693782175434e-15 5.139894976613913050e-15 8.445775561800869813e-15 7.096444418104227409e-15 3.675511456500316586e-15 4.299989756576572371e-15 3.033614398830255751e-15 6.612976029307834066e-15 8.805790120424074103e-15 9.599437394415226206e-15 1.079790118072800461e-14 1.647453224053933108e-14 2.170318681174094081e-14 3.102734535672013687e-14 4.519340475416795786e-14 6.943693701693248394e-14 1.095501322066099404e-13 1.668906416583755498e-13 2.459863907812742101e-13 2.828136621859174690e-13 2.240030056633637503e-13 1.184706508064281895e-13 8.106993339799945633e-14
1.242674691760949822e-14 1.271021014144972940e-14 1.231891972046127089e-14 5.343617970552303820e-15 8.159730746728885337e-15 1.007960150959993280e-14 4.872068082506464966e-15 4.813670755373751888e-15 3.117125667925686522e-15 1.104374318660144254e-15 -2.174781927587150846e-16 -2.158534227010639278e-16 -1.328551561559200124e-15 2.154050246499102770e-16 4.869460721726411752e-15 5.949492781636117100e-15 9.728071297729732554e-15 1.718009218960545898e-14 2.264978264412440909e-14 3.432348820977350922e-14 6.119081885770102900e-14 1.250083122782517546e-13 2.240030056633637503e-13 2.907488719293598149e-13 2.085812922924274816e-13 1.216259614673265990e-13
8.419385676756838711e-15 4.644325348831078063e-15 5.361406913552556445e-15 3.261238220175483333e-15 3.525778960631293890e-15 6.713079295255846469e-15 3.133534788084905045e-15 7.817153312153340619e-16 8.976112926704619648e-16 -1.624121803691300783e-15 -1.350149627000328134e-15 -1.794781912980230908e-15 -2.964628691279878358e-15 -3.121515088078167580e-15 2.309023576241902880e-15 2.512052015680326166e-15 1.350794341491207842e-15 4.233029953046812826e-15 1.096405881281426398e-14 2.044075640076112014e-14 3.329839300709483173e-14 6.392378471056929478e-14 1.184706508064281895e-13 2.085812922924274816e-13 2.989956684621801856e-13 2.407396780615007695e-13
1.206786197171350772e-14 -1.602579694127570480e-15 -4.846952355148129118e-15 -3.666014575876139441e-15 -2.410179267590615449e-15 3.025781656101664105e-15 6.609280222367912681e-15 -2.502100949576016844e-15 1.371615088763923235e-16 -4.870564920197776803e-15 -3.022078179522642442e-15 -2.670512200234526847e-15 -1.295372563399916858e-15 -1.377339117037646034e-15 5.316549035476025646e-15 5.464921400396443830e-15 8.004110852255342735e-15 1.471932328656059142e-14 2.938334733058195076e-14 4.373687099570650786e-14 5.199972326304514373e-14 6.677914356663258159e-14 8.106993339799945633e-14 1.216259614673265990e-13 2.407396780615007695e-13 3.843044501614169278e-13
