3.148333930821527660e-14 2.367935783068506758e-15 1.839607926628600881e-15 -1.535234837565216726e-15 -9.567166160833654710e-16 -6.197909988936600285e-15 -3.633473836912877603e-15 -4.538654590636601741e-15 2.867523701816480844e-16 -2.769303158411210153e-15 -1.044065040385851125e-15 1.630142927833785355e-16 4.297907448957047119e-15 4.208320949862085364e-15 5.656172188793902047e-15 6.110465529556802252e-15 7.697549593528392495e-15 7.952078978576451409e-15 9.711544395609193917e-15 8.853415851546334770e-15 8.143213737367745657e-15 1.537534069877466448e-15 -6.177233469001506174e-15 -7.855575211338866381e-15 2.225606283337836317e-15 7.093708886691344655e-15
2.367935783068506758e-15 1.730444837811774010e-14 -3.560738267043979498e-15 2.712062020799150577e-15 -3.965695748737645557e-15 -1.771451953646651791e-15 2.074756268297661926e-15 8.360062493303736064e-17 9.714366706944625278e-16 -2.990157056688369606e-15 2.154533706006493330e-16 4.450355785547813678e-17 3.035882231613194452e-15 8.036261097981998304e-16 3.652725139856267750e-15 5.561200608907629999e-15 5.047442008593675837e-15 5.888667075316834180e-15 8.415933648553543461e-15 1.019538367100083389e-14 1.057049129658155575e-14 8.485913023659288411e-15 2.684551674077403804e-15 1.249854815973545181e-15 -1.656958660680431714e-18 4.271733738492581288e-15
1.839607926628600881e-15 -3.560738267043979498e-15 1.177256355532051881e-14 2.973025973592913190e-15 4.585851848913859053e-15 3.696944524836434869e-15 1.993482348224977395e-16 6.448565153688871630e-16 1.244224313464361694e-15 5.317046672874230778e-16 -1.366969146161052784e-18 -1.376620084377047447e-17 -8.019618679726707405e-16 -1.324058609066472572e-15 -3.634139812671653724e-15 -2.671908331609538512e-15 -1.642498701265759078e-15 -5.233332575953801575e-16 -1.762366969693454010e-15 -3.577630962043971286e-15 -4.455652869739993033e-15 -1.727489526831137736e-15 5.665199609363849852e-15 1.114768680051140915e-14 3.034639534396655936e-15 -4.538506178124446477e-15
-1.535234837565216726e-15 2.712062020799150577e-15 2.973025973592913190e-15 8.244422604004240887e-15 -2.823675186773126248e-16 2.966056606602847317e-17 -1.409748100692851433e-15 4.401280599812357788e-17 1.685739790553130278e-16 7.360829209574136481e-17 4.438989819560161243e-16 -2.204093928666367155e-16 -2.317400847028814361e-16 -1.483170895568961427e-15 -1.744564292291619738e-15 -1.218149245424313708e-15 -9.262786139352823139e-16 3.262670775814441279e-16 -2.744731099491569119e-16 -7.515123642827144427e-16 -1.452865692068008987e-15 -3.350351194983214501e-16 3.882087403144652411e-15 5.001145953964431881e-15 -5.175684895458361345e-16 -5.865684299274736574e-15
-9.567166160833654710e-16 -3.965695748737645557e-15 4.585851848913859053e-15 -2.823675186773126248e-16 6.769345691512622867e-15 5.959255766987944172e-15 3.824336922349842199e-15 1.801661912283313541e-15 1.206176993754316408e-15 1.423242785348442545e-15 4.095754951934767789e-16 1.612561271080863770e-15 2.260331581232144627e-15 3.002945406565701201e-15 1.126201711694485971e-15 1.506562981939394840e-15 3.114331721513646927e-15 4.331626706276253432e-15 5.706124667784072821e-15 5.290569782128877961e-15 3.651420632500723350e-15 2.965542226044488972e-15 3.779327235261511656e-15 3.538041264569476763e-15 6.574965763095016678e-16 -1.403366102866533842e-15
-6.197909988936600285e-15 -1.771451953646651791e-15 3.696944524836434869e-15 2.966056606602847317e-17 5.959255766987944172e-15 9.310787911704670394e-15 6.048187334049454025e-15 2.634098917672349684e-15 1.283960880085173018e-15 1.167053234379819162e-15 5.679612108687393259e-16 1.787410659496637587e-15 1.053751299219771183e-15 1.359309377459513792e-15 4.996767248302315758e-16 1.155736663117606234e-15 2.385703241212994635e-15 3.924074961579268546e-15 5.768392720323271398e-15 5.790883305877781440e-15 3.712651786537290879e-15 6.024698019528696454e-15 7.485223586810299227e-15 7.333998786433832672e-15 4.784081362003304360e-15 3.419326675509617255e-15
-3.633473836912877603e-15 2.074756268297661926e-15 1.993482348224977395e-16 -1.409748100692851433e-15 3.824336922349842199e-15 6.048187334049454025e-15 7.160066881230888244e-15 3.376550143705413370e-15 1.288996045956836966e-15 9.444970602296577237e-16 7.845500398182873609e-16 1.996964475937282318e-15 2.723963482884355472e-15 3.639783093430375439e-15 3.232034725714790928e-15 4.033776780486778091e-15 4.671974882405215577e-15 5.590238535710448293e-15 7.441916186372910582e-15 8.492732225312182085e-15 7.319242959095133596e-15 7.171562050526180231e-15 6.571266752960946590e-15 5.392252147247657611e-15 3.770707790877341609e-15 5.552739277092746722e-15
-4.538654590636601741e-15 8.360062493303736064e-17 6.448565153688871630e-16 4.401280599812357788e-17 1.801661912283313541e-15 2.634098917672349684e-15 3.376550143705413370e-15 4.353585470991299017e-15 1.848407383372621438e-15 1.374087628883393265e-15 1.136612240225390118e-15 1.191990540059188007e-15 1.532743138765201311e-15 2.137932916777195033e-15 6.867269535064103771e-16 1.626917482965183661e-15 2.314687229105487994e-15 3.464194232611831307e-15 4.022363314593965741e-15 4.647017323608665525e-15 3.993022677916083362e-15 4.111694599726159087e-15 4.993101627528567733e-15 4.625987363781421058e-15 1.718589327102852128e-16 -6.006523921869582707e-16
2.867523701816480844e-16 9.714366706944625278e-16 1.244224313464361694e-15 1.685739790553130278e-16 1.206176993754316408e-15 1.283960880085173018e-15 1.288996045956836966e-15 1.848407383372621438e-15 2.335604500494642516e-15 9.017491015911467184e-16 1.366796337673013479e-15 1.329187553950405632e-15 2.675642637597490335e-15 1.807272447287965068e-15 1.153202882063648648e-15 2.492853219596147867e-15 3.368718167225431810e-15 4.601346604116748273e-15 5.999486559127222259e-15 6.726357453302494760e-15 6.588979895708263824e-15 6.180945037331071049e-15 3.994272137179764409e-15 2.925617485588655559e-15 1.951121359766360099e-15 2.603843395144111382e-15
-2.769303158411210153e-15 -2.990157056688369606e-15 5.317046672874230778e-16 7.360829209574136481e-17 1.423242785348442545e-15 1.167053234379819162e-15 9.444970602296577237e-16 1.374087628883393265e-15 9.017491015911467184e-16 5.463984778046825383e-15 6.381453000972429470e-15 6.023037047618031230e-15 4.793526194662819854e-15 5.064858672663644333e-15 2.787137813819378703e-15 2.261324067258328408e-15 2.378760624272545121e-15 3.303203294289278441e-15 4.089231650040629577e-15 6.054750855710361227e-15 6.400726069999413182e-15 5.866063125231093587e-15 4.774091106921411976e-15 2.562806266883998840e-15 2.409163640083483887e-16 -2.334649679764259017e-15
-1.044065040385851125e-15 2.154533706006493330e-16 -1.366969146161052784e-18 4.438989819560161243e-16 4.095754951934767789e-16 5.679612108687393259e-16 7.845500398182873609e-16 1.136612240225390118e-15 1.366796337673013479e-15 6.381453000972429470e-15 1.272369678148905250e-14 1.204328814853689933e-14 1.047415919017611550e-14 8.955578680926174482e-15 6.223119987234546373e-15 5.791460200689954712e-15 5.468390338906468033e-15 6.478456862105080586e-15 9.216286535939392479e-15 1.231338604470472800e-14 1.267982848122990068e-14 1.134086515609899536e-14 6.671352234536688794e-15 4.471595931581384955e-16 -5.946982939783074802e-16 -3.197444883449166961e-15
1.630142927833785355e-16 4.450355785547813678e-17 -1.376620084377047447e-17 -2.204093928666367155e-16 1.612561271080863770e-15 1.787410659496637587e-15 1.996964475937282318e-15 1.191990540059188007e-15 1.329187553950405632e-15 6.023037047618031230e-15 1.204328814853689933e-14 1.427160699790937320e-14 1.400027880397428814e-14 1.330359865206761519e-14 1.088563006136852471e-14 1.122334809759567027e-14 1.213254526428868685e-14 1.381842472496692953e-14 1.690331402252438547e-14 2.002299169685547783e-14 1.975646225592693006e-14 1.569092771822607031e-14 8.502394927273432833e-15 -4.116698041911115581e-17 -1.532251330558893118e-15 -2.554755938406376001e-15
4.297907448957047119e-15 3.035882231613194452e-15 -8.019618679726707405e-16 -2.317400847028814361e-16 2.260331581232144627e-15 1.053751299219771183e-15 2.723963482884355472e-15 1.532743138765201311e-15 2.675642637597490335e-15 4.793526194662819854e-15 1.047415919017611550e-14 1.400027880397428814e-14 1.970985339313827640e-14 1.899539000508620712e-14 1.821240965897851083e-14 2.010732717681399335e-14 2.226375301163038851e-14 2.443146113712738372e-14 2.853210832286285668e-14 3.188988474027061928e-14 3.076631256755542489e-14 2.118618767026170860e-14 9.702910413884110151e-15 -1.217287640569434449e-15 -3.172033900520671154e-15 -1.575621329689826903e-15
4.208320949862085364e-15 8.036261097981998304e-16 -1.324058609066472572e-15 -1.483170895568961427e-15 3.002945406565701201e-15 1.359309377459513792e-15 3.639783093430375439e-15 2.137932916777195033e-15 1.807272447287965068e-15 5.064858672663644333e-15 8.955578680926174482e-15 1.330359865206761519e-14 1.899539000508620712e-14 2.261180090754007627e-14 2.324273373232653603e-14 2.485967982256650070e-14 2.790647167556837718e-14 3.041072308487120573e-14 3.349122268303728984e-14 3.643657535439798807e-14 3.447276659491770139e-14 2.137688476988987216e-14 1.125003624178563948e-14 8.544249148400967018e-16 -3.366586078743717373e-15 -1.759898836769453935e-15
5.656172188793902047e-15 3.652725139856267750e-15 -3.634139812671653724e-15 -1.744564292291619738e-15 1.126201711694485971e-15 4.996767248302315758e-16 3.232034725714790928e-15 6.867269535064103771e-16 1.153202882063648648e-15 2.787137813819378703e-15 6.223119987234546373e-15 1.088563006136852471e-14 1.821240965897851083e-14 2.324273373232653603e-14 2.999255298575755305e-14 3.235525810600117320e-14 3.634353123683780501e-14 3.930486470965502501e-14 4.246999390291522499e-14 4.566803818980896075e-14 4.325961739180541027e-14 2.789901318994352617e-14 1.593365311903184039e-14 4.219873348750766837e-15 1.157915601871578308e-15 4.454025992349261156e-15
6.110465529556802252e-15 5.561200608907629999e-15 -2.671908331609538512e-15 -1.218149245424313708e-15 1.506562981939394840e-15 1.155736663117606234e-15 4.033776780486778091e-15 1.626917482965183661e-15 2.492853219596147867e-15 2.261324067258328408e-15 5.791460200689954712e-15 1.122334809759567027e-14 2.010732717681399335e-14 2.485967982256650070e-14 3.235525810600117320e-14 4.040255318694722778e-14 4.727318392391856047e-14 5.225563608144150719e-14 5.731646176285930700e-14 6.274216276203141287e-14 6.081257038082494929e-14 4.140826394621235907e-14 2.231104447430048601e-14 6.550323131108709034e-15 2.870829584776249687e-15 5.837939773661275039e-15
7.697549593528392495e-15 5.047442008593675837e-15 -1.642498701265759078e-15 -9.262786139352823139e-16 3.114331721513646927e-15 2.385703241212994635e-15 4.671974882405215577e-15 2.314687229105487994e-15 3.368718167225431810e-15 2.378760624272545121e-15 5.468390338906468033e-15 1.213254526428868685e-14 2.226375301163038851e-14 2.790647167556837718e-14 3.634353123683780501e-14 4.727318392391856047e-14 6.371410639167597099e-14 7.420947298304079720e-14 8.270539401133548111e-14 9.114715720079186715e-14 8.885113490419574499e-14 6.100523167971959189e-14 3.091883526862535523e-14 9.626413607316236338e-15 8.823199688563518738e-16 7.491455822410394095e-15
7.952078978576451409e-15 5.888667075316834180e-15 -5.233332575953801575e-16 3.262670775814441279e-16 4.331626706276253432e-15 3.924074961579268546e-15 5.590238535710448293e-15 3.464194232611831307e-15 4.601346604116748273e-15 3.303203294289278441e-15 6.478456862105080586e-15 1.381842472496692953e-14 2.443146113712738372e-14 3.041072308487120573e-14 3.930486470965502501e-14 5.225563608144150719e-14 7.420947298304079720e-14 9.866104926742369528e-14 1.180125437848820643e-13 1.316369249751358863e-13 1.303176053945836959e-13 9.442900758187035774e-14 4.553112153601419459e-14 1.746557848586620751e-14 4.563008811978449132e-15 1.505256836839631152e-14
9.711544395609193917e-15 8.415933648553543461e-15 -1.762366969693454010e-15 -2.744731099491569119e-16 5.706124667784072821e-15 5.768392720323271398e-15 7.441916186372910582e-15 4.022363314593965741e-15 5.999486559127222259e-15 4.089231650040629577e-15 9.216286535939392479e-15 1.690331402252438547e-14 2.853210832286285668e-14 3.349122268303728984e-14 4.246999390291522499e-14 5.731646176285930700e-14 8.270539401133548111e-14 1.180125437848820643e-13 1.581328840594064410e-13 1.855239165004075946e-13 1.889856433739863774e-13 1.477072977624288742e-13 6.941423011669426245e-14 2.276801135258888088e-14 1.108785448041567417e-14 2.925722700962168644e-14
8.853415851546334770e-15 1.019538367100083389e-14 -3.577630962043971286e-15 -7.515123642827144427e-16 5.290569782128877961e-15 5.790883305877781440e-15 8.492732225312182085e-15 4.647017323608665525e-15 6.726357453302494760e-15 6.054750855710361227e-15 1.231338604470472800e-14 2.002299169685547783e-14 3.188988474027061928e-14 3.643657535439798807e-14 4.566803818980896075e-14 6.274216276203141287e-14 9.114715720079186715e-14 1.316369249751358863e-13 1.855239165004075946e-13 2.373882606540110243e-13 2.557037220390538754e-13 2.141032222953601298e-13 1.098647572421464402e-13 3.455095624196326017e-14 2.050084567307115404e-14 4.350990392826572296e-14
8.143213737367745657e-15 1.057049129658155575e-14 -4.455652869739993033e-15 -1.452865692068008987e-15 3.651420632500723350e-15 3.712651786537290879e-15 7.319242959095133596e-15 3.993022677916083362e-15 6.588979895708263824e-15 6.400726069999413182e-15 1.267982848122990068e-14 1.975646225592693006e-14 3.076631256755542489e-14 3.447276659491770139e-14 4.325961739180541027e-14 6.081257038082494929e-14 8.885113490419574499e-14 1.303176053945836959e-13 1.889856433739863774e-13 2.557037220390538754e-13 3.019221790226429158e-13 2.792332588415409297e-13 1.672379948598413195e-13 6.159464462847598157e-14 3.354068503706946814e-14 5.213054525361213954e-14
1.537534069877466448e-15 8.485913023659288411e-15 -1.727489526831137736e-15 -3.350351194983214501e-16 2.965542226044488972e-15 6.024698019528696454e-15 7.171562050526180231e-15 4.111694599726159087e-15 6.180945037331071049e-15 5.866063125231093587e-15 1.134086515609899536e-14 1.569092771822607031e-14 2.118618767026170860e-14 2.137688476988987216e-14 2.789901318994352617e-14 4.140826394621235907e-14 6.100523167971959189e-14 9.442900758187035774e-14 1.477072977624288742e-13 2.141032222953601298e-13 2.792332588415409297e-13 3.204313944428607241e-13 2.463184104617934947e-13 1.253346043760201417e-13 6.423337862289240146e-14 6.686968488001880947e-14
-6.177233469001506174e-15 2.684551674077403804e-15 5.665199609363849852e-15 3.882087403144652411e-15 3.779327235261511656e-15 7.485223586810299227e-15 6.571266752960946590e-15 4.993101627528567733e-15 3.994272137179764409e-15 4.774091106921411976e-15 6.671352234536688794e-15 8.502394927273432833e-15 9.702910413884110151e-15 1.125003624178563948e-14 1.593365311903184039e-14 2.231104447430048601e-14 3.091883526862535523e-14 4.553112153601419459e-14 6.941423011669426245e-14 1.098647572421464402e-13 1.672379948598413195e-13 2.463184104617934947e-13 2.830571478679537631e-13 2.241964732495897001e-13 1.187505918586587120e-13 8.115080951366971886e-14
-7.855575211338866381e-15 1.249854815973545181e-15 1.114768680051140915e-14 5.001145953964431881e-15 3.538041264569476763e-15 7.333998786433832672e-15 5.392252147247657611e-15 4.625987363781421058e-15 2.925617485588655559e-15 2.562806266883998840e-15 4.471595931581384955e-16 -4.116698041911115581e-17 -1.217287640569434449e-15 8.544249148400967018e-16 4.219873348750766837e-15 6.550323131108709034e-15 9.626413607316236338e-15 1.746557848586620751e-14 2.276801135258888088e-14 3.455095624196326017e-14 6.159464462847598157e-14 1.253346043760201417e-13 2.241964732495897001e-13 2.907294704686692776e-13 2.087717740576172890e-13 1.218172284477632550e-13
2.225606283337836317e-15 -1.656958660680431714e-18 3.034639534396655936e-15 -5.175684895458361345e-16 6.574965763095016678e-16 4.784081362003304360e-15 3.770707790877341609e-15 1.718589327102852128e-16 1.951121359766360099e-15 2.409163640083483887e-16 -5.946982939783074802e-16 -1.532251330558893118e-15 -3.172033900520671154e-15 -3.366586078743717373e-15 1.157915601871578308e-15 2.870829584776249687e-15 8.823199688563518738e-16 4.563008811978449132e-15 1.108785448041567417e-14 2.050084567307115404e-14 3.354068503706946814e-14 6.423337862289240146e-14 1.187505918586587120e-13 2.087717740576172890e-13 2.991779580948224137e-13 2.409422730251910371e-13
7.093708886691344655e-15 4.271733738492581288e-15 -4.538506178124446477e-15 -5.865684299274736574e-15 -1.403366102866533842e-15 3.419326675509617255e-15 5.552739277092746722e-15 -6.006523921869582707e-16 2.603843395144111382e-15 -2.334649679764259017e-15 -3.197444883449166961e-15 -2.554755938406376001e-15 -1.575621329689826903e-15 -1.759898836769453935e-15 4.454025992349261156e-15 5.837939773661275039e-15 7.491455822410394095e-15 1.505256836839631152e-14 2.925722700962168644e-14 4.350990392826572296e-14 5.213054525361213954e-14 6.686968488001880947e-14 8.115080951366971886e-14 1.218172284477632550e-13 2.409422730251910371e-13 3.843338702280688628e-13
