1.550520556317202249e-14 -2.981631403900450605e-15 -7.427206355758935576e-16 1.142615091284929689e-15 1.792475725183001797e-15 -2.620292856284489693e-16 1.081440273541701502e-15 4.911729898738714615e-15 1.335547922385807609e-15 -4.283702451197011151e-16 2.100333139776315426e-17 4.216433758322533510e-16 1.333241960850063484e-15 1.193488243231461132e-15 6.292315944017249113e-16 2.004572561281289658e-15 1.985626134257518385e-15 1.917671017809547119e-15 3.009030388891265302e-15 5.518234146607635987e-15 5.556939779508908811e-15 6.853410953824882913e-15 7.179570612105552505e-15 3.606171409022007056e-15 -7.175910327236164311e-16 1.721508511981007734e-15
-2.981631403900450605e-15 1.566564677011449276e-14 3.639687165583883585e-15 4.036839181098465626e-15 -1.906924408872058108e-15 1.891541549434571407e-15 7.370634730659316295e-16 -1.025303862761423584e-15 6.109032529253277017e-16 3.193709440423411314e-16 8.225792372860271852e-16 1.201047876283415802e-15 -6.762617315253249316e-16 1.071346211743283635e-15 -1.058624412826619010e-15 -1.961490456196836263e-15 -1.590885457390480401e-15 -7.079558147888092493e-16 -2.919075723139530400e-15 -4.891136892991977249e-15 -5.057377401945602189e-15 -4.381071310754753492e-15 1.538417068563751513e-15 1.849918644483519887e-15 -6.024927296198823989e-16 -5.027027770112065944e-15
-7.427206355758935576e-16 3.639687165583883585e-15 1.206559292101227653e-14 7.405145980294338176e-15 4.840053363961874445e-15 5.118708397566425043e-15 4.873740753378830543e-16 -1.633885020789112473e-15 -7.098490561824919065e-16 5.178352067416846020e-16 7.685176247368812096e-16 4.819369225439402029e-16 1.941012795268167988e-15 1.794410445726321810e-15 1.777497769092130945e-15 9.514935597420844469e-16 2.250249686061923420e-15 2.798566989122713886e-15 2.888073110650650347e-15 1.951319299004926172e-15 8.607748100594349541e-16 1.688237825050428518e-16 3.664333440062216964e-15 5.669082850239582275e-15 4.473005040539290745e-16 -3.631269315307716951e-15
1.142615091284929689e-15 4.036839181098465626e-15 7.405145980294338176e-15 1.151422367506312672e-14 3.382568151262981294e-15 3.652296439590440433e-15 -1.349265004782022590e-15 6.957037437942805728e-17 4.066868399026064780e-16 3.996146732134808537e-16 5.668296418352953961e-16 -2.164712862850987491e-16 1.253866039513927599e-16 -3.729810136037860247e-16 -2.552028692385072053e-15 -2.435319249027523472e-15 -1.218643060709471580e-15 -2.904704733755083303e-16 -2.525620819651298687e-15 -4.751534129462764589e-15 -6.409312266399408084e-15 -4.988563816395058753e-15 1.049940407227757380e-15 5.823788750717327140e-15 -1.223644123254280150e-15 -1.161542419452869165e-14
1.792475725183001797e-15 -1.906924408872058108e-15 4.840053363961874445e-15 3.382568151262981294e-15 6.248032299510176012e-15 3.873822164941654180e-15 9.858481856149330175e-16 5.547342661552992839e-16 4.589416832792174865e-16 1.313081975960056609e-15 1.038117719903393344e-15 1.034977656487229540e-15 2.674331074481725106e-15 2.453802356232610277e-15 1.824969500289957109e-15 2.554348821150693651e-15 4.344287213106734560e-15 5.856874668127124304e-15 7.938427574841320965e-15 7.803858718279729442e-15 5.384696244657870236e-15 2.691379322875300661e-15 6.984264279836502695e-16 1.397905656278005019e-15 7.040359428501754678e-17 -7.586222946924290200e-16
-2.620292856284489693e-16 1.891541549434571407e-15 5.118708397566425043e-15 3.652296439590440433e-15 3.873822164941654180e-15 1.125021720447376246e-14 3.163073282128482153e-15 1.378108002658871447e-15 2.055947152085078865e-16 1.289766205191928818e-15 1.084896254699970778e-15 1.856093653123884339e-15 5.323786007538779223e-16 1.005394903565110586e-15 -8.782130771945267923e-16 -4.428727165435700278e-17 1.977318812669694402e-15 3.068300938540340306e-15 4.152632716413141066e-15 3.744495926190278248e-15 2.049636130278206607e-15 4.808602652555644666e-15 8.160045555525847333e-15 9.873311753988315051e-15 6.785608665560826931e-15 3.804977469974261259e-15
1.081440273541701502e-15 7.370634730659316295e-16 4.873740753378830543e-16 -1.349265004782022590e-15 9.858481856149330175e-16 3.163073282128482153e-15 7.325465774991643068e-15 3.670059737359877763e-15 6.998282387799008811e-16 7.865730358436840024e-16 1.028543087650169318e-15 2.064334783674681026e-15 3.373813982654113802e-15 3.954447244082303809e-15 3.789221933826723346e-15 4.928495549223995485e-15 5.403012098422755279e-15 6.099028864742050603e-15 8.417350947386099159e-15 8.581708107843954710e-15 7.200691002119302119e-15 5.985702451673466420e-15 4.469479530769081292e-15 2.558538238478169260e-15 2.061143620538821522e-15 4.025329515496264865e-15
4.911729898738714615e-15 -1.025303862761423584e-15 -1.633885020789112473e-15 6.957037437942805728e-17 5.547342661552992839e-16 1.378108002658871447e-15 3.670059737359877763e-15 5.087396311187554824e-15 1.608984915065240245e-15 1.295165654650338483e-15 9.030908149812167279e-16 1.281959412744091054e-15 2.661862866359700876e-15 2.866262362408316342e-15 1.239525806683623245e-15 2.996907116275373263e-15 3.508823851126137386e-15 4.623375670146017947e-15 5.826301638736609018e-15 6.796061761980678975e-15 6.592664200246683270e-15 6.435910287139212530e-15 5.974258208103705883e-15 4.624933554234590496e-15 6.858552076748310429e-16 1.533586607826900367e-15
1.335547922385807609e-15 6.109032529253277017e-16 -7.098490561824919065e-16 4.066868399026064780e-16 4.589416832792174865e-16 2.055947152085078865e-16 6.998282387799008811e-16 1.608984915065240245e-15 1.906654474570338933e-15 1.524340981015378425e-15 1.496373697850228822e-15 1.342207543296579732e-15 2.009144566426218816e-15 1.570024867623389216e-15 9.361954954763620688e-16 2.109341506185298023e-15 3.062699556878740809e-15 4.641982610913139699e-15 6.069007163083281093e-15 6.891403001535545534e-15 7.241676459703682163e-15 6.791830746353030980e-15 4.176078813688596078e-15 2.314118610443982036e-15 1.131192235952262732e-15 1.839138243770611618e-15
-4.283702451197011151e-16 3.193709440423411314e-16 5.178352067416846020e-16 3.996146732134808537e-16 1.313081975960056609e-15 1.289766205191928818e-15 7.865730358436840024e-16 1.295165654650338483e-15 1.524340981015378425e-15 5.706549525843417435e-15 6.879308443125293004e-15 5.891428723923350605e-15 6.040258873929379541e-15 5.811864508256749645e-15 3.391224182585312889e-15 3.634390954812817607e-15 3.889628965289680224e-15 5.075748700011919619e-15 6.575527321099709443e-15 8.482428988470337417e-15 8.474452384415299298e-15 6.706901305744948907e-15 3.392377417480471932e-15 6.933765219672879233e-16 -1.217925402716939206e-15 -2.715951642961194104e-15
2.100333139776315426e-17 8.225792372860271852e-16 7.685176247368812096e-16 5.668296418352953961e-16 1.038117719903393344e-15 1.084896254699970778e-15 1.028543087650169318e-15 9.030908149812167279e-16 1.496373697850228822e-15 6.879308443125293004e-15 1.224433961970916568e-14 1.169419694656305801e-14 1.085324191070466980e-14 9.882268826113324681e-15 6.922523328180065267e-15 6.770842658118729745e-15 6.698142757926581573e-15 7.573194478572086312e-15 1.014947480607004757e-14 1.287233000134491936e-14 1.280566623913308640e-14 1.093136218788665564e-14 6.149103808772701025e-15 1.000404443988622051e-16 -9.827925430399008182e-16 -3.761302481103750660e-15
4.216433758322533510e-16 1.201047876283415802e-15 4.819369225439402029e-16 -2.164712862850987491e-16 1.034977656487229540e-15 1.856093653123884339e-15 2.064334783674681026e-15 1.281959412744091054e-15 1.342207543296579732e-15 5.891428723923350605e-15 1.169419694656305801e-14 1.385735713797537561e-14 1.346426957050759398e-14 1.322329191478144688e-14 1.090059497888181628e-14 1.162646712287641119e-14 1.242874390599750059e-14 1.376320377507271029e-14 1.693458692440794440e-14 2.024067921734253105e-14 2.008572956750445427e-14 1.622904463743302993e-14 9.531764815919927006e-15 1.015221157454651292e-15 -1.057893233862250103e-15 -2.786999592374294029e-15
1.333241960850063484e-15 -6.762617315253249316e-16 1.941012795268167988e-15 1.253866039513927599e-16 2.674331074481725106e-15 5.323786007538779223e-16 3.373813982654113802e-15 2.661862866359700876e-15 2.009144566426218816e-15 6.040258873929379541e-15 1.085324191070466980e-14 1.346426957050759398e-14 1.947882936344262878e-14 1.899291245479101494e-14 1.756040092026169688e-14 2.023292912752648931e-14 2.235203091326335613e-14 2.447138127159011111e-14 2.887828310855619579e-14 3.233607817358264196e-14 3.150469700808986787e-14 2.175955072684322854e-14 9.853555288689232643e-15 -1.249208370244953082e-15 -3.366981736617833237e-15 -1.089570202631238091e-15
1.193488243231461132e-15 1.071346211743283635e-15 1.794410445726321810e-15 -3.729810136037860247e-16 2.453802356232610277e-15 1.005394903565110586e-15 3.954447244082303809e-15 2.866262362408316342e-15 1.570024867623389216e-15 5.811864508256749645e-15 9.882268826113324681e-15 1.322329191478144688e-14 1.899291245479101494e-14 2.295670013974855695e-14 2.293336968676720443e-14 2.553236912897498623e-14 2.845261057533812370e-14 3.068086788788234541e-14 3.364332730935683030e-14 3.654373223627174070e-14 3.476931592358067423e-14 2.124497509548744745e-14 1.067650357172130237e-14 3.078487843521093618e-16 -3.492596964921197280e-15 -2.414162851364519574e-15
6.292315944017249113e-16 -1.058624412826619010e-15 1.777497769092130945e-15 -2.552028692385072053e-15 1.824969500289957109e-15 -8.782130771945267923e-16 3.789221933826723346e-15 1.239525806683623245e-15 9.361954954763620688e-16 3.391224182585312889e-15 6.922523328180065267e-15 1.090059497888181628e-14 1.756040092026169688e-14 2.293336968676720443e-14 2.945273765311350881e-14 3.239089223949184582e-14 3.627709225017468137e-14 3.879397516900712094e-14 4.198121224346097028e-14 4.532815530255167650e-14 4.329856546878827519e-14 2.800745126452185497e-14 1.607085884269039237e-14 4.252162918668437819e-15 1.573345172661533764e-15 4.595941937341557620e-15
2.004572561281289658e-15 -1.961490456196836263e-15 9.514935597420844469e-16 -2.435319249027523472e-15 2.554348821150693651e-15 -4.428727165435700278e-17 4.928495549223995485e-15 2.996907116275373263e-15 2.109341506185298023e-15 3.634390954812817607e-15 6.770842658118729745e-15 1.162646712287641119e-14 2.023292912752648931e-14 2.553236912897498623e-14 3.239089223949184582e-14 4.093697441748633482e-14 4.758214046197249980e-14 5.204676524068722242e-14 5.714620589516484403e-14 6.269243600788834309e-14 6.093196969677327572e-14 4.151756894758173119e-14 2.217421573044380527e-14 6.275521146374009971e-15 2.901279981922491975e-15 5.941780920754999758e-15
1.985626134257518385e-15 -1.590885457390480401e-15 2.250249686061923420e-15 -1.218643060709471580e-15 4.344287213106734560e-15 1.977318812669694402e-15 5.403012098422755279e-15 3.508823851126137386e-15 3.062699556878740809e-15 3.889628965289680224e-15 6.698142757926581573e-15 1.242874390599750059e-14 2.235203091326335613e-14 2.845261057533812370e-14 3.627709225017468137e-14 4.758214046197249980e-14 6.394255949398962452e-14 7.392742441855839154e-14 8.266541262050892127e-14 9.141552956717851465e-14 8.931942622526306287e-14 6.149862525749340517e-14 3.129031834627456286e-14 9.806960684280574815e-15 1.382390252430212750e-15 8.249244156740890545e-15
1.917671017809547119e-15 -7.079558147888092493e-16 2.798566989122713886e-15 -2.904704733755083303e-16 5.856874668127124304e-15 3.068300938540340306e-15 6.099028864742050603e-15 4.623375670146017947e-15 4.641982610913139699e-15 5.075748700011919619e-15 7.573194478572086312e-15 1.376320377507271029e-14 2.447138127159011111e-14 3.068086788788234541e-14 3.879397516900712094e-14 5.204676524068722242e-14 7.392742441855839154e-14 9.799424652670154991e-14 1.175215337715755703e-13 1.312304207597460685e-13 1.302008080994738168e-13 9.431945165585884312e-14 4.534761952492940558e-14 1.742269529703456195e-14 4.361449074688158620e-15 1.483549486806312708e-14
3.009030388891265302e-15 -2.919075723139530400e-15 2.888073110650650347e-15 -2.525620819651298687e-15 7.938427574841320965e-15 4.152632716413141066e-15 8.417350947386099159e-15 5.826301638736609018e-15 6.069007163083281093e-15 6.575527321099709443e-15 1.014947480607004757e-14 1.693458692440794440e-14 2.887828310855619579e-14 3.364332730935683030e-14 4.198121224346097028e-14 5.714620589516484403e-14 8.266541262050892127e-14 1.175215337715755703e-13 1.581064745800267408e-13 1.855406719956549443e-13 1.891352467712237929e-13 1.479307229489094642e-13 6.933627450343045597e-14 2.276599364683636555e-14 1.097886068551346814e-14 2.920330999418225341e-14
5.518234146607635987e-15 -4.891136892991977249e-15 1.951319299004926172e-15 -4.751534129462764589e-15 7.803858718279729442e-15 3.744495926190278248e-15 8.581708107843954710e-15 6.796061761980678975e-15 6.891403001535545534e-15 8.482428988470337417e-15 1.287233000134491936e-14 2.024067921734253105e-14 3.233607817358264196e-14 3.654373223627174070e-14 4.532815530255167650e-14 6.269243600788834309e-14 9.141552956717851465e-14 1.312304207597460685e-13 1.855406719956549443e-13 2.374810848625692869e-13 2.557905348136662574e-13 2.141472507412184060e-13 1.097897490894798545e-13 3.466597655424453782e-14 2.070049067046292046e-14 4.390920282703389476e-14
5.556939779508908811e-15 -5.057377401945602189e-15 8.607748100594349541e-16 -6.409312266399408084e-15 5.384696244657870236e-15 2.049636130278206607e-15 7.200691002119302119e-15 6.592664200246683270e-15 7.241676459703682163e-15 8.474452384415299298e-15 1.280566623913308640e-14 2.008572956750445427e-14 3.150469700808986787e-14 3.476931592358067423e-14 4.329856546878827519e-14 6.093196969677327572e-14 8.931942622526306287e-14 1.302008080994738168e-13 1.891352467712237929e-13 2.557905348136662574e-13 3.020599153984371579e-13 2.792034408900703189e-13 1.669335969971308980e-13 6.129470342072571300e-14 3.303949360472520752e-14 5.190592218016254514e-14
6.853410953824882913e-15 -4.381071310754753492e-15 1.688237825050428518e-16 -4.988563816395058753e-15 2.691379322875300661e-15 4.808602652555644666e-15 5.985702451673466420e-15 6.435910287139212530e-15 6.791830746353030980e-15 6.706901305744948907e-15 1.093136218788665564e-14 1.622904463743302993e-14 2.175955072684322854e-14 2.124497509548744745e-14 2.800745126452185497e-14 4.151756894758173119e-14 6.149862525749340517e-14 9.431945165585884312e-14 1.479307229489094642e-13 2.141472507412184060e-13 2.792034408900703189e-13 3.204338011195569011e-13 2.461624587398721961e-13 1.252383468515978512e-13 6.394866217469206981e-14 6.676714868901857784e-14
7.179570612105552505e-15 1.538417068563751513e-15 3.664333440062216964e-15 1.049940407227757380e-15 6.984264279836502695e-16 8.160045555525847333e-15 4.469479530769081292e-15 5.974258208103705883e-15 4.176078813688596078e-15 3.392377417480471932e-15 6.149103808772701025e-15 9.531764815919927006e-15 9.853555288689232643e-15 1.067650357172130237e-14 1.607085884269039237e-14 2.217421573044380527e-14 3.129031834627456286e-14 4.534761952492940558e-14 6.933627450343045597e-14 1.097897490894798545e-13 1.669335969971308980e-13 2.461624587398721961e-13 2.830193941163476033e-13 2.242101128458179155e-13 1.186233561072907175e-13 8.123261611147313356e-14
3.606171409022007056e-15 1.849918644483519887e-15 5.669082850239582275e-15 5.823788750717327140e-15 1.397905656278005019e-15 9.873311753988315051e-15 2.558538238478169260e-15 4.624933554234590496e-15 2.314118610443982036e-15 6.933765219672879233e-16 1.000404443988622051e-16 1.015221157454651292e-15 -1.249208370244953082e-15 3.078487843521093618e-16 4.252162918668437819e-15 6.275521146374009971e-15 9.806960684280574815e-15 1.742269529703456195e-14 2.276599364683636555e-14 3.466597655424453782e-14 6.129470342072571300e-14 1.252383468515978512e-13 2.242101128458179155e-13 2.908780240017243574e-13 2.086426211810109217e-13 1.217187707669714335e-13
-7.175910327236164311e-16 -6.024927296198823989e-16 4.473005040539290745e-16 -1.223644123254280150e-15 7.040359428501754678e-17 6.785608665560826931e-15 2.061143620538821522e-15 6.858552076748310429e-16 1.131192235952262732e-15 -1.217925402716939206e-15 -9.827925430399008182e-16 -1.057893233862250103e-15 -3.366981736617833237e-15 -3.492596964921197280e-15 1.573345172661533764e-15 2.901279981922491975e-15 1.382390252430212750e-15 4.361449074688158620e-15 1.097886068551346814e-14 2.070049067046292046e-14 3.303949360472520752e-14 6.394866217469206981e-14 1.186233561072907175e-13 2.086426211810109217e-13 2.988977190741373818e-13 2.406392881329513600e-13
1.721508511981007734e-15 -5.027027770112065944e-15 -3.631269315307716951e-15 -1.161542419452869165e-14 -7.586222946924290200e-16 3.804977469974261259e-15 4.025329515496264865e-15 1.533586607826900367e-15 1.839138243770611618e-15 -2.715951642961194104e-15 -3.761302481103750660e-15 -2.786999592374294029e-15 -1.089570202631238091e-15 -2.414162851364519574e-15 4.595941937341557620e-15 5.941780920754999758e-15 8.249244156740890545e-15 1.483549486806312708e-14 2.920330999418225341e-14 4.390920282703389476e-14 5.190592218016254514e-14 6.676714868901857784e-14 8.123261611147313356e-14 1.217187707669714335e-13 2.406392881329513600e-13 3.841827918164394506e-13
