1.179230998480851123e-14 -1.171180811220940024e-15 3.801839627512183103e-15 1.301524799809989262e-15 -1.119379867286839018e-15 2.603867390856980152e-15 1.581458976661776371e-15 2.921119697016588877e-15 7.679440082301295985e-16 1.124206215089695527e-15 4.608330637730713480e-17 1.593733979584451532e-16 -4.225871715858962302e-16 3.337089780515333245e-16 -7.963831360528542553e-16 -3.925173901324636919e-16 2.352044717175811195e-16 3.532617469137746102e-16 1.499163084242494812e-16 -4.853418954871569774e-16 -1.254124688944148429e-15 -2.173053460252158844e-15 -6.396659647377889812e-16 3.328361490413691714e-15 -1.358285524714499648e-15 -3.551490250464502605e-15
-1.171180811220940024e-15 1.830495674649212541e-14 4.244465094881237994e-15 1.135930749572098144e-15 -7.669443693863116703e-16 1.255209726697562787e-15 -3.834624953154429811e-15 7.863541658921034584e-16 -1.485128656466320235e-15 1.182897351310682175e-15 1.018761017793032073e-15 3.569273404217943112e-16 -2.582379221077743454e-15 5.713981975080638398e-16 -8.552009794650070511e-16 -2.760378002508514634e-15 -3.743735084652133310e-15 -3.511071254907110689e-15 -6.846257357336873253e-15 -8.281189121699978814e-15 -9.189380918803462952e-15 -7.348181624742810760e-15 3.579135982512243466e-15 7.281213634857809376e-15 1.553124884081965527e-16 -9.026555656223971026e-15
3.801839627512183103e-15 4.244465094881237994e-15 9.672094628820682633e-15 8.370422762055797096e-16 -1.160435102464009082e-15 3.675871532619751878e-15 1.848342478491284903e-15 1.281512991635100837e-15 -4.179519937189972520e-17 1.831909861112215629e-15 3.482089775762650792e-16 5.180316321061747619e-16 -1.367869477103001188e-16 1.546718471536567623e-15 -4.621953985431731436e-17 -9.289485623456375721e-16 3.783146032422563221e-16 8.931919889554369926e-16 -6.529712740121353289e-16 -1.935667573710295840e-15 -2.713146714068113997e-15 -1.381370329797680983e-15 5.798258541683933194e-15 9.445708840264998514e-15 9.179115203102578921e-16 -5.897037366691099023e-15
1.301524799809989262e-15 1.135930749572098144e-15 8.370422762055797096e-16 1.019341019078287668e-14 4.470791224010723455e-15 2.357363963045676572e-15 8.546585127276814677e-17 -2.239531623338752049e-16 7.711258360850850084e-16 -1.956444691187852936e-16 4.736352834060704525e-16 9.516799345353839777e-17 2.096160742453436293e-15 3.639466303576099190e-16 1.890563199138438230e-16 1.529454623297626323e-15 2.671746666965213330e-15 4.311743935590728441e-15 5.941709592462280360e-15 5.070246045546435098e-15 3.418260247320799603e-15 2.882258960960214717e-15 1.553240563626592640e-15 2.504959912048941560e-15 -8.572930442346032863e-16 -4.658887691008627969e-15
-1.119379867286839018e-15 -7.669443693863116703e-16 -1.160435102464009082e-15 4.470791224010723455e-15 4.214422970193467954e-15 1.151955266201192536e-15 6.319908679888788775e-16 5.081999292092152280e-16 1.437138269232240763e-15 -1.629165651337203494e-16 3.632159098436362909e-16 2.269591551133763202e-16 1.998019825063066772e-15 4.778774801172881323e-17 -1.738662457667023337e-16 1.471163615429485426e-15 2.554580743280858358e-15 4.289796772918363506e-15 6.096523658735695825e-15 6.023375924237788013e-15 5.086473368367485668e-15 4.209905077494973681e-15 1.691258128554109799e-15 8.068931880902262229e-16 -1.124202462566775504e-16 -2.055042293407647572e-16
2.603867390856980152e-15 1.255209726697562787e-15 3.675871532619751878e-15 2.357363963045676572e-15 1.151955266201192536e-15 5.395303150851624407e-15 3.421127944634376000e-15 1.819291370335079492e-15 1.024718515987282384e-15 1.575243764634231868e-15 1.128029927495307189e-15 1.342801838332782622e-15 8.097167882162098310e-16 6.644767661494483301e-16 -9.081647340613892937e-17 4.460635237570910225e-16 1.940857256834038346e-15 3.324427231476214710e-15 4.636218089620460654e-15 4.590450866876070698e-15 3.571291253464749936e-15 4.792325966788651631e-15 6.576117212052795703e-15 6.889929931973932261e-15 3.355901965885045140e-15 1.382120284473613048e-15
1.581458976661776371e-15 -3.834624953154429811e-15 1.848342478491284903e-15 8.546585127276814677e-17 6.319908679888788775e-16 3.421127944634376000e-15 8.155542941822332838e-15 2.516651500628853987e-15 1.534404632766571285e-15 1.327562615517145402e-15 1.637017265924900386e-15 2.128538766902867692e-15 3.913580924340032473e-15 4.192070824088561300e-15 4.118848063309803010e-15 5.625586805659917402e-15 6.798502818047162026e-15 7.603457257148363674e-15 1.110565308912779077e-14 1.226440883712006866e-14 1.097334574824260397e-14 9.634059863533284553e-15 6.643188633344236996e-15 3.891576690994172827e-15 3.143675834216852219e-15 8.201645106016272501e-15
2.921119697016588877e-15 7.863541658921034584e-16 1.281512991635100837e-15 -2.239531623338752049e-16 5.081999292092152280e-16 1.819291370335079492e-15 2.516651500628853987e-15 4.513717864207625408e-15 1.826442121796579205e-15 1.840561958458680685e-15 1.343157700113706349e-15 1.559268036123199436e-15 1.898016344277174930e-15 2.377907188630200755e-15 5.124716921642278775e-16 1.462897713284688999e-15 2.026042660604077729e-15 2.632651908969736559e-15 3.148863135342229831e-15 3.400452781305759408e-15 3.281657836495234725e-15 2.940653824934926736e-15 3.782846526027489122e-15 3.813821945938527304e-15 -5.588965830972643348e-16 -2.648719938355014176e-15
7.679440082301295985e-16 -1.485128656466320235e-15 -4.179519937189972520e-17 7.711258360850850084e-16 1.437138269232240763e-15 1.024718515987282384e-15 1.534404632766571285e-15 1.826442121796579205e-15 2.674280091491568856e-15 1.618518402208848017e-15 1.423308940929000706e-15 1.284992717506763402e-15 2.529383558664966754e-15 1.508609684767672507e-15 7.142001106103622214e-16 2.358259980254683535e-15 3.352591232414894617e-15 4.704585394594657464e-15 6.175610148921943627e-15 6.806626459863514218e-15 6.873059643571075272e-15 6.755633091855852790e-15 4.863348693844053589e-15 3.281698113607385587e-15 1.493669691325326482e-15 2.050409072967140050e-15
1.124206215089695527e-15 1.182897351310682175e-15 1.831909861112215629e-15 -1.956444691187852936e-16 -1.629165651337203494e-16 1.575243764634231868e-15 1.327562615517145402e-15 1.840561958458680685e-15 1.618518402208848017e-15 5.517629430986293650e-15 6.617949084769944842e-15 5.988421391754515140e-15 5.888545227981278001e-15 5.642509633633292489e-15 3.203010458105501500e-15 3.274311821959928684e-15 3.225072904404364689e-15 3.974351568345065368e-15 4.924278716386447351e-15 6.553498146036453610e-15 6.582511597784194097e-15 5.774318977933236994e-15 4.597542021722877531e-15 2.665500590898252559e-15 -2.862680687721993032e-16 -3.065856659719583511e-15
4.608330637730713480e-17 1.018761017793032073e-15 3.482089775762650792e-16 4.736352834060704525e-16 3.632159098436362909e-16 1.128029927495307189e-15 1.637017265924900386e-15 1.343157700113706349e-15 1.423308940929000706e-15 6.617949084769944842e-15 1.258295203690544097e-14 1.239516943463218642e-14 1.167112780693098200e-14 1.066087454987321189e-14 7.409328362801687959e-15 7.694662804283187902e-15 7.386097526792391675e-15 8.378913724606346209e-15 1.136552257614620274e-14 1.414719898209608487e-14 1.391695614810349905e-14 1.153308910212266059e-14 6.357082018725128182e-15 1.751155312766871050e-16 -1.165690220243054528e-15 -3.261087882658745528e-15
1.593733979584451532e-16 3.569273404217943112e-16 5.180316321061747619e-16 9.516799345353839777e-17 2.269591551133763202e-16 1.342801838332782622e-15 2.128538766902867692e-15 1.559268036123199436e-15 1.284992717506763402e-15 5.988421391754515140e-15 1.239516943463218642e-14 1.450960943777425461e-14 1.397166001325926592e-14 1.321888946089134243e-14 1.058460657214667636e-14 1.153428630080874867e-14 1.224184297074641033e-14 1.388916326373659791e-14 1.733244979921458591e-14 2.071252655766028309e-14 2.084723997957792068e-14 1.679861898181375629e-14 9.285684509198662299e-15 2.853059073126767372e-16 -1.657056622222835858e-15 -2.247159452691930366e-15
-4.225871715858962302e-16 -2.582379221077743454e-15 -1.367869477103001188e-16 2.096160742453436293e-15 1.998019825063066772e-15 8.097167882162098310e-16 3.913580924340032473e-15 1.898016344277174930e-15 2.529383558664966754e-15 5.888545227981278001e-15 1.167112780693098200e-14 1.397166001325926592e-14 1.936340709457863325e-14 1.896308110824957551e-14 1.747363083308147820e-14 2.034047753367821779e-14 2.224421632684556125e-14 2.437983217440253450e-14 2.866313171494405052e-14 3.183452741843277072e-14 3.071289485356477754e-14 2.102741209936824731e-14 9.361677408516403470e-15 -1.542115679069196482e-15 -3.692951804165683210e-15 -2.141718695172566340e-15
3.337089780515333245e-16 5.713981975080638398e-16 1.546718471536567623e-15 3.639466303576099190e-16 4.778774801172881323e-17 6.644767661494483301e-16 4.192070824088561300e-15 2.377907188630200755e-15 1.508609684767672507e-15 5.642509633633292489e-15 1.066087454987321189e-14 1.321888946089134243e-14 1.896308110824957551e-14 2.297674055242410192e-14 2.311411180199713399e-14 2.542933436903072364e-14 2.804272460195603564e-14 3.029490553879088437e-14 3.343682448963062027e-14 3.611815301511615863e-14 3.405250947906850053e-14 2.071296809753248386e-14 1.051027101266102595e-14 3.562916821846463056e-16 -3.429198046916226902e-15 -2.421833271690696507e-15
-7.963831360528542553e-16 -8.552009794650070511e-16 -4.621953985431731436e-17 1.890563199138438230e-16 -1.738662457667023337e-16 -9.081647340613892937e-17 4.118848063309803010e-15 5.124716921642278775e-16 7.142001106103622214e-16 3.203010458105501500e-15 7.409328362801687959e-15 1.058460657214667636e-14 1.747363083308147820e-14 2.311411180199713399e-14 2.955098658123153180e-14 3.259991437359650763e-14 3.635349303278912347e-14 3.918407129063546916e-14 4.243343272362739942e-14 4.571564100621670562e-14 4.356223683083326649e-14 2.811475694673096660e-14 1.596032459056314782e-14 4.224885070988581561e-15 1.512865161607616830e-15 4.765077788292089436e-15
-3.925173901324636919e-16 -2.760378002508514634e-15 -9.289485623456375721e-16 1.529454623297626323e-15 1.471163615429485426e-15 4.460635237570910225e-16 5.625586805659917402e-15 1.462897713284688999e-15 2.358259980254683535e-15 3.274311821959928684e-15 7.694662804283187902e-15 1.153428630080874867e-14 2.034047753367821779e-14 2.542933436903072364e-14 3.259991437359650763e-14 4.122912179091781774e-14 4.782756468268892354e-14 5.257178752670922760e-14 5.781409456344415709e-14 6.329357008815095451e-14 6.134399815396321354e-14 4.176695449311947075e-14 2.213604105522636648e-14 6.175562630841226310e-15 2.962533246369587022e-15 6.051092992942102238e-15
2.352044717175811195e-16 -3.743735084652133310e-15 3.783146032422563221e-16 2.671746666965213330e-15 2.554580743280858358e-15 1.940857256834038346e-15 6.798502818047162026e-15 2.026042660604077729e-15 3.352591232414894617e-15 3.225072904404364689e-15 7.386097526792391675e-15 1.224184297074641033e-14 2.224421632684556125e-14 2.804272460195603564e-14 3.635349303278912347e-14 4.782756468268892354e-14 6.392335698571943601e-14 7.430663622074158359e-14 8.298161457671330236e-14 9.164393376428035915e-14 8.929254913377767577e-14 6.142875474941284299e-14 3.107354907666112925e-14 9.649058003907868041e-15 1.126455546501425925e-15 8.229451992808416686e-15
3.532617469137746102e-16 -3.511071254907110689e-15 8.931919889554369926e-16 4.311743935590728441e-15 4.289796772918363506e-15 3.324427231476214710e-15 7.603457257148363674e-15 2.632651908969736559e-15 4.704585394594657464e-15 3.974351568345065368e-15 8.378913724606346209e-15 1.388916326373659791e-14 2.437983217440253450e-14 3.029490553879088437e-14 3.918407129063546916e-14 5.257178752670922760e-14 7.430663622074158359e-14 9.869090995648914037e-14 1.179675366003639329e-13 1.317508974483451982e-13 1.304105863211240494e-13 9.444647606896447435e-14 4.541457752749919114e-14 1.736354939624589892e-14 4.431478176806822312e-15 1.500587975099831850e-14
1.499163084242494812e-16 -6.846257357336873253e-15 -6.529712740121353289e-16 5.941709592462280360e-15 6.096523658735695825e-15 4.636218089620460654e-15 1.110565308912779077e-14 3.148863135342229831e-15 6.175610148921943627e-15 4.924278716386447351e-15 1.136552257614620274e-14 1.733244979921458591e-14 2.866313171494405052e-14 3.343682448963062027e-14 4.243343272362739942e-14 5.781409456344415709e-14 8.298161457671330236e-14 1.179675366003639329e-13 1.581345195060301926e-13 1.856558984154104242e-13 1.889162024909740840e-13 1.476630205503679430e-13 6.922480000789555208e-14 2.260247506826615681e-14 1.086173938743754448e-14 2.906536516071796211e-14
-4.853418954871569774e-16 -8.281189121699978814e-15 -1.935667573710295840e-15 5.070246045546435098e-15 6.023375924237788013e-15 4.590450866876070698e-15 1.226440883712006866e-14 3.400452781305759408e-15 6.806626459863514218e-15 6.553498146036453610e-15 1.414719898209608487e-14 2.071252655766028309e-14 3.183452741843277072e-14 3.611815301511615863e-14 4.571564100621670562e-14 6.329357008815095451e-14 9.164393376428035915e-14 1.317508974483451982e-13 1.856558984154104242e-13 2.376815654200048614e-13 2.558030032182616327e-13 2.140563921792855332e-13 1.096516213195913291e-13 3.458895343038994488e-14 2.066495520649131996e-14 4.393571419614934450e-14
-1.254124688944148429e-15 -9.189380918803462952e-15 -2.713146714068113997e-15 3.418260247320799603e-15 5.086473368367485668e-15 3.571291253464749936e-15 1.097334574824260397e-14 3.281657836495234725e-15 6.873059643571075272e-15 6.582511597784194097e-15 1.391695614810349905e-14 2.084723997957792068e-14 3.071289485356477754e-14 3.405250947906850053e-14 4.356223683083326649e-14 6.134399815396321354e-14 8.929254913377767577e-14 1.304105863211240494e-13 1.889162024909740840e-13 2.558030032182616327e-13 3.018869935664181787e-13 2.790700015071902152e-13 1.669087707923157620e-13 6.130331121105655925e-14 3.321570556359535616e-14 5.187561068717753332e-14
-2.173053460252158844e-15 -7.348181624742810760e-15 -1.381370329797680983e-15 2.882258960960214717e-15 4.209905077494973681e-15 4.792325966788651631e-15 9.634059863533284553e-15 2.940653824934926736e-15 6.755633091855852790e-15 5.774318977933236994e-15 1.153308910212266059e-14 1.679861898181375629e-14 2.102741209936824731e-14 2.071296809753248386e-14 2.811475694673096660e-14 4.176695449311947075e-14 6.142875474941284299e-14 9.444647606896447435e-14 1.476630205503679430e-13 2.140563921792855332e-13 2.790700015071902152e-13 3.203241965933971461e-13 2.461627288571121378e-13 1.252239829969054606e-13 6.409634610252008660e-14 6.700276055594764051e-14
-6.396659647377889812e-16 3.579135982512243466e-15 5.798258541683933194e-15 1.553240563626592640e-15 1.691258128554109799e-15 6.576117212052795703e-15 6.643188633344236996e-15 3.782846526027489122e-15 4.863348693844053589e-15 4.597542021722877531e-15 6.357082018725128182e-15 9.285684509198662299e-15 9.361677408516403470e-15 1.051027101266102595e-14 1.596032459056314782e-14 2.213604105522636648e-14 3.107354907666112925e-14 4.541457752749919114e-14 6.922480000789555208e-14 1.096516213195913291e-13 1.669087707923157620e-13 2.461627288571121378e-13 2.829379943967488193e-13 2.241586274635353769e-13 1.186860372623010195e-13 8.113937195872343507e-14
3.328361490413691714e-15 7.281213634857809376e-15 9.445708840264998514e-15 2.504959912048941560e-15 8.068931880902262229e-16 6.889929931973932261e-15 3.891576690994172827e-15 3.813821945938527304e-15 3.281698113607385587e-15 2.665500590898252559e-15 1.751155312766871050e-16 2.853059073126767372e-16 -1.542115679069196482e-15 3.562916821846463056e-16 4.224885070988581561e-15 6.175562630841226310e-15 9.649058003907868041e-15 1.736354939624589892e-14 2.260247506826615681e-14 3.458895343038994488e-14 6.130331121105655925e-14 1.252239829969054606e-13 2.241586274635353769e-13 2.906592130151845294e-13 2.085633595870287643e-13 1.215996648588711032e-13
-1.358285524714499648e-15 1.553124884081965527e-16 9.179115203102578921e-16 -8.572930442346032863e-16 -1.124202462566775504e-16 3.355901965885045140e-15 3.143675834216852219e-15 -5.588965830972643348e-16 1.493669691325326482e-15 -2.862680687721993032e-16 -1.165690220243054528e-15 -1.657056622222835858e-15 -3.692951804165683210e-15 -3.429198046916226902e-15 1.512865161607616830e-15 2.962533246369587022e-15 1.126455546501425925e-15 4.431478176806822312e-15 1.086173938743754448e-14 2.066495520649131996e-14 3.321570556359535616e-14 6.409634610252008660e-14 1.186860372623010195e-13 2.085633595870287643e-13 2.988241135508578779e-13 2.406425136887325128e-13
-3.551490250464502605e-15 -9.026555656223971026e-15 -5.897037366691099023e-15 -4.658887691008627969e-15 -2.055042293407647572e-16 1.382120284473613048e-15 8.201645106016272501e-15 -2.648719938355014176e-15 2.050409072967140050e-15 -3.065856659719583511e-15 -3.261087882658745528e-15 -2.247159452691930366e-15 -2.141718695172566340e-15 -2.421833271690696507e-15 4.765077788292089436e-15 6.051092992942102238e-15 8.229451992808416686e-15 1.500587975099831850e-14 2.906536516071796211e-14 4.393571419614934450e-14 5.187561068717753332e-14 6.700276055594764051e-14 8.113937195872343507e-14 1.215996648588711032e-13 2.406425136887325128e-13 3.843437347037143164e-13
