2.161050478703117991e-14 9.469102786694848201e-15 3.347216256951842516e-15 4.943720547981725894e-15 3.189302357967797618e-15 5.428703822541857493e-15 6.398756150294568127e-16 1.946411759357347302e-16 -5.574495044242790872e-17 9.641645183028989290e-16 2.453265211538282512e-15 1.433513860838232940e-15 -6.286912730171212336e-16 1.318775175053996528e-15 9.163506329788544205e-16 2.663720644932100183e-16 1.411714022919401532e-15 2.467111131699787152e-15 2.771574630461144957e-15 1.160331963204040909e-15 -7.021805131266785081e-16 1.250891557838927644e-16 3.776426694868344160e-15 -1.078275481789550750e-15 3.123993451226421811e-15 4.706983344727571626e-15
9.469102786694848201e-15 1.936430173383307751e-14 2.459613515810623905e-15 3.869539131476137352e-15 3.659295621196149121e-15 6.838609422616971320e-15 2.489580610055838342e-15 1.619155203415228279e-15 1.366169155311311951e-15 -8.444700505070859871e-16 1.320659646101780443e-15 8.257914733756707931e-16 -2.385504110902826713e-15 -2.432899824921001677e-15 6.002064442380323430e-16 -6.508481788635930592e-16 3.165439158368156585e-16 1.757750927146364943e-15 3.941908766287801640e-15 4.468284783166466405e-15 2.774376613062936416e-15 6.824596825237590193e-15 9.432172732074141615e-15 7.085049491264306107e-15 5.007971223571208600e-15 4.554452138174283288e-15
3.347216256951842516e-15 2.459613515810623905e-15 1.355239798407376159e-14 3.211157283484126458e-15 3.452704570508088982e-15 3.442091351897302814e-15 -7.599062544514051627e-16 1.205279346750386357e-15 2.583648473203183476e-15 -2.108733869480561072e-16 -3.573712154918354031e-16 -5.560055033543428266e-16 -1.105201170120464302e-17 -2.797004714866616273e-16 -1.703640667108639486e-15 -8.008301914501005874e-16 5.842522232325142194e-16 7.228013280906998233e-16 -8.803523159930777399e-16 -3.144734178287667517e-15 -4.325352493389024854e-15 -2.265876434053268998e-15 3.597388483940558368e-15 7.463906973601537347e-15 2.242851629396111843e-15 -3.067331846814894568e-15
4.943720547981725894e-15 3.869539131476137352e-15 3.211157283484126458e-15 7.898732224491322034e-15 3.428200885861855202e-15 3.609642572639730093e-15 1.007145174363627375e-15 -5.311742292956319538e-16 9.750304185546641242e-17 -7.876910531615086739e-16 1.373593423876618364e-15 9.811831958039460136e-16 1.527120786132758811e-15 1.089457635738821080e-15 1.685711759638652018e-15 2.059825505655558998e-15 3.352421312689718200e-15 4.805594626246203027e-15 7.049927507303710711e-15 6.841235901792042559e-15 5.326717625672920775e-15 5.435640805139831869e-15 5.655241259181382214e-15 4.682720321211965303e-15 3.461041979998790645e-15 1.624630820474587777e-15
3.189302357967797618e-15 3.659295621196149121e-15 3.452704570508088982e-15 3.428200885861855202e-15 6.270134327935110033e-15 3.312268631319591071e-15 2.985056884486754772e-16 -3.822224979353710226e-16 8.668176552454086917e-16 3.053804995393143062e-16 7.575675751019538079e-16 8.663016049310754503e-16 -2.965339293456358272e-17 -9.524916587780078350e-16 -1.609685735804616341e-15 -1.341285814751206595e-15 3.204668962330673232e-16 1.900817198361416883e-15 3.003094078115537622e-15 2.239144489340924773e-15 8.642557757848572758e-16 2.481301521590804705e-15 2.669305917070434793e-15 2.903161695752429844e-15 3.379777618335998008e-15 1.606715049647914130e-15
5.428703822541857493e-15 6.838609422616971320e-15 3.442091351897302814e-15 3.609642572639730093e-15 3.312268631319591071e-15 1.035127509063344953e-14 4.859029206991485408e-15 1.522013553197151098e-15 1.319409549611720255e-15 7.746493302102861561e-16 2.221121508170438106e-15 1.553786267005137331e-15 3.140750838783297871e-16 1.259761171111580322e-15 9.349808563154445939e-16 1.381408914929591695e-15 2.565909026680760944e-15 3.551998105992935355e-15 5.327852794526408417e-15 5.642732274481582378e-15 4.369701616543073159e-15 4.986785220259508412e-15 5.686917581989648570e-15 5.461037654430387715e-15 5.334046095490272203e-15 4.593547453831497744e-15
6.398756150294568127e-16 2.489580610055838342e-15 -7.599062544514051627e-16 1.007145174363627375e-15 2.985056884486754772e-16 4.859029206991485408e-15 9.678172929592080329e-15 2.848093651316749103e-15 1.222443054590434898e-15 1.292519778874097669e-15 1.579135137915459656e-15 1.220022233120482928e-15 4.455891521588182536e-15 4.990466059906471797e-15 5.208134033517969925e-15 6.400093996056109923e-15 7.139834751401439630e-15 7.840005192645500509e-15 1.095037353225948128e-14 1.206055491631462390e-14 1.031409071721284339e-14 8.150193269001826109e-15 4.872472225139329071e-15 2.744309322202725992e-15 2.935010078828065404e-15 7.434787830457539975e-15
1.946411759357347302e-16 1.619155203415228279e-15 1.205279346750386357e-15 -5.311742292956319538e-16 -3.822224979353710226e-16 1.522013553197151098e-15 2.848093651316749103e-15 3.471683543753846874e-15 1.695592988309166838e-15 1.518758345512221145e-15 1.096159612820881911e-15 1.047502718224702321e-15 1.937754754854246424e-15 1.869013295453716280e-15 6.176429863735515614e-16 2.020453346426494526e-15 2.567036579703273345e-15 3.652110637252204176e-15 4.452770864821785096e-15 5.095427971689798059e-15 5.163752381496411460e-15 5.239492803289913398e-15 4.989135382023823140e-15 4.101799575407908723e-15 1.110894074410921371e-16 -8.810265562692698446e-17
-5.574495044242790872e-17 1.366169155311311951e-15 2.583648473203183476e-15 9.750304185546641242e-17 8.668176552454086917e-16 1.319409549611720255e-15 1.222443054590434898e-15 1.695592988309166838e-15 1.977259399518591535e-15 1.282330828367348150e-15 1.378400038735665872e-15 1.137805889475204361e-15 1.507056304687182289e-15 1.027089049283592877e-15 6.513881587541293479e-16 1.499582771849046473e-15 2.243329101138979733e-15 3.238780570388503385e-15 4.214795879337752579e-15 5.020229111101771351e-15 5.274211974140540586e-15 5.734347583732995735e-15 5.090026266205285866e-15 4.750448508942884561e-15 2.619628168863314411e-15 1.999819702886591026e-15
9.641645183028989290e-16 -8.444700505070859871e-16 -2.108733869480561072e-16 -7.876910531615086739e-16 3.053804995393143062e-16 7.746493302102861561e-16 1.292519778874097669e-15 1.518758345512221145e-15 1.282330828367348150e-15 5.911039320879512883e-15 7.120110313133635944e-15 6.346994424183772927e-15 5.799100858877017596e-15 6.018169058347991850e-15 3.415137943268240958e-15 3.289033616506891036e-15 2.960561917176048136e-15 3.625656146105275908e-15 4.451494612136740241e-15 6.643810359032631814e-15 6.837244680932621922e-15 5.893316495795659232e-15 4.804130823890095660e-15 2.294330942799430870e-15 -6.404022368775524626e-16 -2.358146708709176715e-15
2.453265211538282512e-15 1.320659646101780443e-15 -3.573712154918354031e-16 1.373593423876618364e-15 7.575675751019538079e-16 2.221121508170438106e-15 1.579135137915459656e-15 1.096159612820881911e-15 1.378400038735665872e-15 7.120110313133635944e-15 1.353874615125303776e-14 1.269893746646855301e-14 1.136388972203836156e-14 1.054816708000812064e-14 7.400774705360306395e-15 7.320515439410188535e-15 6.811259140433641102e-15 7.829942567368971303e-15 1.057965768827863376e-14 1.379715091304653704e-14 1.360654734162800684e-14 1.193862539338749705e-14 7.857412549412329735e-15 1.692177337433396576e-15 -2.227092296258681362e-16 -2.783508872942031058e-15
1.433513860838232940e-15 8.257914733756707931e-16 -5.560055033543428266e-16 9.811831958039460136e-16 8.663016049310754503e-16 1.553786267005137331e-15 1.220022233120482928e-15 1.047502718224702321e-15 1.137805889475204361e-15 6.346994424183772927e-15 1.269893746646855301e-14 1.441232181414134496e-14 1.418055548079100685e-14 1.347727098620797601e-14 1.069016592756751413e-14 1.155654946064548672e-14 1.230560603363571863e-14 1.413522564715143109e-14 1.734984353024624577e-14 2.080101023780390108e-14 2.068570483797625778e-14 1.655791815317738204e-14 9.078878191045481353e-15 1.703803643989122753e-16 -1.532864768504614711e-15 -2.395226985291268176e-15
-6.286912730171212336e-16 -2.385504110902826713e-15 -1.105201170120464302e-17 1.527120786132758811e-15 -2.965339293456358272e-17 3.140750838783297871e-16 4.455891521588182536e-15 1.937754754854246424e-15 1.507056304687182289e-15 5.799100858877017596e-15 1.136388972203836156e-14 1.418055548079100685e-14 2.019474926966229374e-14 1.965057216717431260e-14 1.789599078975435403e-14 2.052244077187651520e-14 2.274620277806291714e-14 2.518549105093031033e-14 2.967183033700313314e-14 3.298295498962858687e-14 3.187584761107291424e-14 2.196567419296919776e-14 9.385641357584314393e-15 -1.825218828646633307e-15 -3.547672213885583215e-15 -1.565620470239145256e-15
1.318775175053996528e-15 -2.432899824921001677e-15 -2.797004714866616273e-16 1.089457635738821080e-15 -9.524916587780078350e-16 1.259761171111580322e-15 4.990466059906471797e-15 1.869013295453716280e-15 1.027089049283592877e-15 6.018169058347991850e-15 1.054816708000812064e-14 1.347727098620797601e-14 1.965057216717431260e-14 2.386134331281236320e-14 2.365340144303797777e-14 2.591409433947516907e-14 2.886427301962469804e-14 3.119568466102806843e-14 3.444679242132097692e-14 3.739471438622503923e-14 3.527006152074381298e-14 2.155128899204404921e-14 1.059569315623590230e-14 5.064483168091302702e-17 -3.532549417944773868e-15 -1.552171496920575613e-15
9.163506329788544205e-16 6.002064442380323430e-16 -1.703640667108639486e-15 1.685711759638652018e-15 -1.609685735804616341e-15 9.349808563154445939e-16 5.208134033517969925e-15 6.176429863735515614e-16 6.513881587541293479e-16 3.415137943268240958e-15 7.400774705360306395e-15 1.069016592756751413e-14 1.789599078975435403e-14 2.365340144303797777e-14 2.976778891534211979e-14 3.244959961793974404e-14 3.635129732862544708e-14 3.909179030844718260e-14 4.252996928731965935e-14 4.581337566813118433e-14 4.355112578057786635e-14 2.821241490878561445e-14 1.608422648730786118e-14 4.239475783025819559e-15 1.666416309492213433e-15 5.082161694409375326e-15
2.663720644932100183e-16 -6.508481788635930592e-16 -8.008301914501005874e-16 2.059825505655558998e-15 -1.341285814751206595e-15 1.381408914929591695e-15 6.400093996056109923e-15 2.020453346426494526e-15 1.499582771849046473e-15 3.289033616506891036e-15 7.320515439410188535e-15 1.155654946064548672e-14 2.052244077187651520e-14 2.591409433947516907e-14 3.244959961793974404e-14 4.073241134480758195e-14 4.744806519609206865e-14 5.205388796978264224e-14 5.715800183278917980e-14 6.252144145928079617e-14 6.053922800727288121e-14 4.130980030396501449e-14 2.217991804462817955e-14 6.178242014060886748e-15 2.873611667417587172e-15 5.720942703991394530e-15
1.411714022919401532e-15 3.165439158368156585e-16 5.842522232325142194e-16 3.352421312689718200e-15 3.204668962330673232e-16 2.565909026680760944e-15 7.139834751401439630e-15 2.567036579703273345e-15 2.243329101138979733e-15 2.960561917176048136e-15 6.811259140433641102e-15 1.230560603363571863e-14 2.274620277806291714e-14 2.886427301962469804e-14 3.635129732862544708e-14 4.744806519609206865e-14 6.413521365788678566e-14 7.429180082740566743e-14 8.287786079972417907e-14 9.140259631659308657e-14 8.914626896233165226e-14 6.127492942893730144e-14 3.126691251490790544e-14 9.704155157420310042e-15 1.117002962235826719e-15 7.849063345764685451e-15
2.467111131699787152e-15 1.757750927146364943e-15 7.228013280906998233e-16 4.805594626246203027e-15 1.900817198361416883e-15 3.551998105992935355e-15 7.840005192645500509e-15 3.652110637252204176e-15 3.238780570388503385e-15 3.625656146105275908e-15 7.829942567368971303e-15 1.413522564715143109e-14 2.518549105093031033e-14 3.119568466102806843e-14 3.909179030844718260e-14 5.205388796978264224e-14 7.429180082740566743e-14 9.863814623506100097e-14 1.180939153709905430e-13 1.318135280756376161e-13 1.305736181798032212e-13 9.457220040240022235e-14 4.563450016758080290e-14 1.756531021879507158e-14 4.495750574768361674e-15 1.505621610074758203e-14
2.771574630461144957e-15 3.941908766287801640e-15 -8.803523159930777399e-16 7.049927507303710711e-15 3.003094078115537622e-15 5.327852794526408417e-15 1.095037353225948128e-14 4.452770864821785096e-15 4.214795879337752579e-15 4.451494612136740241e-15 1.057965768827863376e-14 1.734984353024624577e-14 2.967183033700313314e-14 3.444679242132097692e-14 4.252996928731965935e-14 5.715800183278917980e-14 8.287786079972417907e-14 1.180939153709905430e-13 1.581471180302959584e-13 1.855770001162732888e-13 1.890451524606017983e-13 1.475422577614306456e-13 6.921894952730961716e-14 2.267022025070471721e-14 1.099186391211444974e-14 2.921887847098177436e-14
1.160331963204040909e-15 4.468284783166466405e-15 -3.144734178287667517e-15 6.841235901792042559e-15 2.239144489340924773e-15 5.642732274481582378e-15 1.206055491631462390e-14 5.095427971689798059e-15 5.020229111101771351e-15 6.643810359032631814e-15 1.379715091304653704e-14 2.080101023780390108e-14 3.298295498962858687e-14 3.739471438622503923e-14 4.581337566813118433e-14 6.252144145928079617e-14 9.140259631659308657e-14 1.318135280756376161e-13 1.855770001162732888e-13 2.375421099697521718e-13 2.558896009990091130e-13 2.140092388996862318e-13 1.095870988027034405e-13 3.450267723359223009e-14 2.055880996344726150e-14 4.364837503828411195e-14
-7.021805131266785081e-16 2.774376613062936416e-15 -4.325352493389024854e-15 5.326717625672920775e-15 8.642557757848572758e-16 4.369701616543073159e-15 1.031409071721284339e-14 5.163752381496411460e-15 5.274211974140540586e-15 6.837244680932621922e-15 1.360654734162800684e-14 2.068570483797625778e-14 3.187584761107291424e-14 3.527006152074381298e-14 4.355112578057786635e-14 6.053922800727288121e-14 8.914626896233165226e-14 1.305736181798032212e-13 1.890451524606017983e-13 2.558896009990091130e-13 3.022119973436723595e-13 2.793619659993370994e-13 1.670249810669231826e-13 6.150454205100686828e-14 3.364343099457601005e-14 5.234092411598672869e-14
1.250891557838927644e-16 6.824596825237590193e-15 -2.265876434053268998e-15 5.435640805139831869e-15 2.481301521590804705e-15 4.986785220259508412e-15 8.150193269001826109e-15 5.239492803289913398e-15 5.734347583732995735e-15 5.893316495795659232e-15 1.193862539338749705e-14 1.655791815317738204e-14 2.196567419296919776e-14 2.155128899204404921e-14 2.821241490878561445e-14 4.130980030396501449e-14 6.127492942893730144e-14 9.457220040240022235e-14 1.475422577614306456e-13 2.140092388996862318e-13 2.793619659993370994e-13 3.206272630945178929e-13 2.462385940700597918e-13 1.253329667618957116e-13 6.415264932815715564e-14 6.694511777521186661e-14
3.776426694868344160e-15 9.432172732074141615e-15 3.597388483940558368e-15 5.655241259181382214e-15 2.669305917070434793e-15 5.686917581989648570e-15 4.872472225139329071e-15 4.989135382023823140e-15 5.090026266205285866e-15 4.804130823890095660e-15 7.857412549412329735e-15 9.078878191045481353e-15 9.385641357584314393e-15 1.059569315623590230e-14 1.608422648730786118e-14 2.217991804462817955e-14 3.126691251490790544e-14 4.563450016758080290e-14 6.921894952730961716e-14 1.095870988027034405e-13 1.670249810669231826e-13 2.462385940700597918e-13 2.826229385696503941e-13 2.239484391435354046e-13 1.186676727322645689e-13 8.122618643916472574e-14
-1.078275481789550750e-15 7.085049491264306107e-15 7.463906973601537347e-15 4.682720321211965303e-15 2.903161695752429844e-15 5.461037654430387715e-15 2.744309322202725992e-15 4.101799575407908723e-15 4.750448508942884561e-15 2.294330942799430870e-15 1.692177337433396576e-15 1.703803643989122753e-16 -1.825218828646633307e-15 5.064483168091302702e-17 4.239475783025819559e-15 6.178242014060886748e-15 9.704155157420310042e-15 1.756531021879507158e-14 2.267022025070471721e-14 3.450267723359223009e-14 6.150454205100686828e-14 1.253329667618957116e-13 2.239484391435354046e-13 2.907270190301403955e-13 2.086523859441216238e-13 1.216129320166608443e-13
3.123993451226421811e-15 5.007971223571208600e-15 2.242851629396111843e-15 3.461041979998790645e-15 3.379777618335998008e-15 5.334046095490272203e-15 2.935010078828065404e-15 1.110894074410921371e-16 2.619628168863314411e-15 -6.404022368775524626e-16 -2.227092296258681362e-16 -1.532864768504614711e-15 -3.547672213885583215e-15 -3.532549417944773868e-15 1.666416309492213433e-15 2.873611667417587172e-15 1.117002962235826719e-15 4.495750574768361674e-15 1.099186391211444974e-14 2.055880996344726150e-14 3.364343099457601005e-14 6.415264932815715564e-14 1.186676727322645689e-13 2.086523859441216238e-13 2.991238527424472880e-13 2.408755409821339472e-13
4.706983344727571626e-15 4.554452138174283288e-15 -3.067331846814894568e-15 1.624630820474587777e-15 1.606715049647914130e-15 4.593547453831497744e-15 7.434787830457539975e-15 -8.810265562692698446e-17 1.999819702886591026e-15 -2.358146708709176715e-15 -2.783508872942031058e-15 -2.395226985291268176e-15 -1.565620470239145256e-15 -1.552171496920575613e-15 5.082161694409375326e-15 5.720942703991394530e-15 7.849063345764685451e-15 1.505621610074758203e-14 2.921887847098177436e-14 4.364837503828411195e-14 5.234092411598672869e-14 6.694511777521186661e-14 8.122618643916472574e-14 1.216129320166608443e-13 2.408755409821339472e-13 3.844434707806719176e-13
