3.148333930821530184e-14 2.367935783068500842e-15 1.839607926628588259e-15 -1.535234837565285357e-15 -9.567166160833755290e-16 -6.197909988936492999e-15 -3.633473836912827116e-15 -4.538654590636626985e-15 2.867523701815374960e-16 -2.769303158411340710e-15 -1.044065040385838701e-15 1.630142927832606008e-16 4.297907448956998999e-15 4.208320949862135851e-15 5.656172188793853138e-15 6.110465529556814874e-15 7.697549593528397228e-15 7.952078978576408810e-15 9.711544395609138697e-15 8.853415851546235374e-15 8.143213737367710947e-15 1.537534069877372771e-15 -6.177233469001546406e-15 -7.855575211338858492e-15 2.225606283337813046e-15 7.093708886691299690e-15
2.367935783068500842e-15 1.730444837811773379e-14 -3.560738267043982653e-15 2.712062020799196725e-15 -3.965695748737618736e-15 -1.771451953646645086e-15 2.074756268297710835e-15 8.360062493297168796e-17 9.714366706945199174e-16 -2.990157056688502924e-15 2.154533706007020388e-16 4.450355785541796765e-17 3.035882231613171181e-15 8.036261097982810831e-16 3.652725139856324548e-15 5.561200608907600812e-15 5.047442008593708969e-15 5.888667075316862579e-15 8.415933648553562394e-15 1.019538367100082601e-14 1.057049129658153209e-14 8.485913023659305766e-15 2.684551674077441669e-15 1.249854815973539462e-15 -1.656958660766814872e-18 4.271733738492490569e-15
1.839607926628588259e-15 -3.560738267043982653e-15 1.177256355532051724e-14 2.973025973592816555e-15 4.585851848913900863e-15 3.696944524836370183e-15 1.993482348225831583e-16 6.448565153689793611e-16 1.244224313464326984e-15 5.317046672874427993e-16 -1.366969146197409142e-18 -1.376620084370592038e-17 -8.019618679726823762e-16 -1.324058609066457781e-15 -3.634139812671656090e-15 -2.671908331609537329e-15 -1.642498701265736990e-15 -5.233332575953576749e-16 -1.762366969693431133e-15 -3.577630962043929476e-15 -4.455652869739961479e-15 -1.727489526831147399e-15 5.665199609363779644e-15 1.114768680051131291e-14 3.034639534396664614e-15 -4.538506178124481187e-15
-1.535234837565285357e-15 2.712062020799196725e-15 2.973025973592816555e-15 8.244422604004286641e-15 -2.823675186774077318e-16 2.966056606597896599e-17 -1.409748100692834078e-15 4.401280599808852904e-17 1.685739790553647722e-16 7.360829209577847825e-17 4.438989819559929515e-16 -2.204093928666940066e-16 -2.317400847029882281e-16 -1.483170895568954327e-15 -1.744564292291587592e-15 -1.218149245424390030e-15 -9.262786139353272789e-16 3.262670775814027127e-16 -2.744731099492166681e-16 -7.515123642827504345e-16 -1.452865692068046260e-15 -3.350351194984058089e-16 3.882087403144612179e-15 5.001145953964385338e-15 -5.175684895458647307e-16 -5.865684299274828871e-15
-9.567166160833755290e-16 -3.965695748737618736e-15 4.585851848913900863e-15 -2.823675186774077318e-16 6.769345691512586579e-15 5.959255766987962316e-15 3.824336922349802756e-15 1.801661912283343518e-15 1.206176993754286431e-15 1.423242785348446292e-15 4.095754951934725881e-16 1.612561271080907749e-15 2.260331581232112678e-15 3.002945406565599833e-15 1.126201711694417340e-15 1.506562981939399770e-15 3.114331721513639038e-15 4.331626706276238444e-15 5.706124667784045211e-15 5.290569782128874017e-15 3.651420632500702050e-15 2.965542226044518160e-15 3.779327235261469846e-15 3.538041264569492934e-15 6.574965763095419983e-16 -1.403366102866506231e-15
-6.197909988936492999e-15 -1.771451953646645086e-15 3.696944524836370183e-15 2.966056606597896599e-17 5.959255766987962316e-15 9.310787911704671971e-15 6.048187334049441403e-15 2.634098917672313791e-15 1.283960880085188400e-15 1.167053234379811471e-15 5.679612108687204919e-16 1.787410659496713712e-15 1.053751299219847702e-15 1.359309377459554418e-15 4.996767248303362970e-16 1.155736663117714505e-15 2.385703241213121247e-15 3.924074961579347432e-15 5.768392720323353440e-15 5.790883305877885570e-15 3.712651786537337422e-15 6.024698019528745363e-15 7.485223586810177742e-15 7.333998786433670166e-15 4.784081362003219952e-15 3.419326675509647626e-15
-3.633473836912827116e-15 2.074756268297710835e-15 1.993482348225831583e-16 -1.409748100692834078e-15 3.824336922349802756e-15 6.048187334049441403e-15 7.160066881230863000e-15 3.376550143705415736e-15 1.288996045956817442e-15 9.444970602296346495e-16 7.845500398182874595e-16 1.996964475937328072e-15 2.723963482884296702e-15 3.639783093430301286e-15 3.232034725714710070e-15 4.033776780486738648e-15 4.671974882405154834e-15 5.590238535710334697e-15 7.441916186372729144e-15 8.492732225311959626e-15 7.319242959094865383e-15 7.171562050526008259e-15 6.571266752960870860e-15 5.392252147247685222e-15 3.770707790877273767e-15 5.552739277092571595e-15
-4.538654590636626985e-15 8.360062493297168796e-17 6.448565153689793611e-16 4.401280599808852904e-17 1.801661912283343518e-15 2.634098917672313791e-15 3.376550143705415736e-15 4.353585470991350293e-15 1.848407383372594617e-15 1.374087628883418312e-15 1.136612240225381638e-15 1.191990540059228830e-15 1.532743138765186520e-15 2.137932916777131924e-15 6.867269535063380977e-16 1.626917482965140668e-15 2.314687229105450129e-15 3.464194232611812769e-15 4.022363314593925509e-15 4.647017323608600838e-15 3.993022677916009210e-15 4.111694599726125955e-15 4.993101627528563000e-15 4.625987363781438413e-15 1.718589327101518706e-16 -6.006523921871068724e-16
2.867523701815374960e-16 9.714366706945199174e-16 1.244224313464326984e-15 1.685739790553647722e-16 1.206176993754286431e-15 1.283960880085188400e-15 1.288996045956817442e-15 1.848407383372594617e-15 2.335604500494619639e-15 9.017491015911534237e-16 1.366796337673043850e-15 1.329187553950422593e-15 2.675642637597428804e-15 1.807272447287905114e-15 1.153202882063581792e-15 2.492853219596094619e-15 3.368718167225374617e-15 4.601346604116710408e-15 5.999486559127165461e-15 6.726357453302419029e-15 6.588979895708180994e-15 6.180945037331040283e-15 3.994272137179702089e-15 2.925617485588649248e-15 1.951121359766369171e-15 2.603843395144091661e-15
-2.769303158411340710e-15 -2.990157056688502924e-15 5.317046672874427993e-16 7.360829209577847825e-17 1.423242785348446292e-15 1.167053234379811471e-15 9.444970602296346495e-16 1.374087628883418312e-15 9.017491015911534237e-16 5.463984778046871925e-15 6.381453000972401860e-15 6.023037047618032019e-15 4.793526194662790666e-15 5.064858672663549669e-15 2.787137813819288773e-15 2.261324067258262933e-15 2.378760624272468207e-15 3.303203294289192849e-15 4.089231650040508093e-15 6.054750855710238954e-15 6.400726069999289331e-15 5.866063125231070710e-15 4.774091106921503484e-15 2.562806266884127818e-15 2.409163640083649055e-16 -2.334649679764265722e-15
-1.044065040385838701e-15 2.154533706007020388e-16 -1.366969146197409142e-18 4.438989819559929515e-16 4.095754951934725881e-16 5.679612108687204919e-16 7.845500398182874595e-16 1.136612240225381638e-15 1.366796337673043850e-15 6.381453000972401860e-15 1.272369678148906355e-14 1.204328814853690722e-14 1.047415919017614232e-14 8.955578680926131883e-15 6.223119987234553472e-15 5.791460200689980744e-15 5.468390338906505109e-15 6.478456862105120818e-15 9.216286535939469788e-15 1.231338604470480846e-14 1.267982848122993539e-14 1.134086515609909949e-14 6.671352234536680906e-15 4.471595931581289305e-16 -5.946982939782369758e-16 -3.197444883449000117e-15
1.630142927832606008e-16 4.450355785541796765e-17 -1.376620084370592038e-17 -2.204093928666940066e-16 1.612561271080907749e-15 1.787410659496713712e-15 1.996964475937328072e-15 1.191990540059228830e-15 1.329187553950422593e-15 6.023037047618032019e-15 1.204328814853690722e-14 1.427160699790939213e-14 1.400027880397428972e-14 1.330359865206755524e-14 1.088563006136843478e-14 1.122334809759563083e-14 1.213254526428867265e-14 1.381842472496692479e-14 1.690331402252436338e-14 2.002299169685545890e-14 1.975646225592684486e-14 1.569092771822613341e-14 8.502394927273467543e-15 -4.116698041899390520e-17 -1.532251330558921517e-15 -2.554755938406347207e-15
4.297907448956998999e-15 3.035882231613171181e-15 -8.019618679726823762e-16 -2.317400847029882281e-16 2.260331581232112678e-15 1.053751299219847702e-15 2.723963482884296702e-15 1.532743138765186520e-15 2.675642637597428804e-15 4.793526194662790666e-15 1.047415919017614232e-14 1.400027880397428972e-14 1.970985339313827009e-14 1.899539000508617872e-14 1.821240965897847612e-14 2.010732717681402806e-14 2.226375301163046424e-14 2.443146113712742474e-14 2.853210832286285037e-14 3.188988474027063190e-14 3.076631256755536809e-14 2.118618767026173069e-14 9.702910413883994977e-15 -1.217287640569490458e-15 -3.172033900520789878e-15 -1.575621329689873445e-15
4.208320949862135851e-15 8.036261097982810831e-16 -1.324058609066457781e-15 -1.483170895568954327e-15 3.002945406565599833e-15 1.359309377459554418e-15 3.639783093430301286e-15 2.137932916777131924e-15 1.807272447287905114e-15 5.064858672663549669e-15 8.955578680926131883e-15 1.330359865206755524e-14 1.899539000508617872e-14 2.261180090753989326e-14 2.324273373232640981e-14 2.485967982256651332e-14 2.790647167556842135e-14 3.041072308487119311e-14 3.349122268303725198e-14 3.643657535439787447e-14 3.447276659491759410e-14 2.137688476988991950e-14 1.125003624178561108e-14 8.544249148401718408e-16 -3.366586078743692524e-15 -1.759898836769394178e-15
5.656172188793853138e-15 3.652725139856324548e-15 -3.634139812671656090e-15 -1.744564292291587592e-15 1.126201711694417340e-15 4.996767248303362970e-16 3.232034725714710070e-15 6.867269535063380977e-16 1.153202882063581792e-15 2.787137813819288773e-15 6.223119987234553472e-15 1.088563006136843478e-14 1.821240965897847612e-14 2.324273373232640981e-14 2.999255298575740159e-14 3.235525810600117951e-14 3.634353123683783025e-14 3.930486470965499977e-14 4.246999390291514295e-14 4.566803818980880297e-14 4.325961739180529036e-14 2.789901318994352617e-14 1.593365311903172679e-14 4.219873348750764470e-15 1.157915601871526835e-15 4.454025992349205935e-15
6.110465529556814874e-15 5.561200608907600812e-15 -2.671908331609537329e-15 -1.218149245424390030e-15 1.506562981939399770e-15 1.155736663117714505e-15 4.033776780486738648e-15 1.626917482965140668e-15 2.492853219596094619e-15 2.261324067258262933e-15 5.791460200689980744e-15 1.122334809759563083e-14 2.010732717681402806e-14 2.485967982256651332e-14 3.235525810600117951e-14 4.040255318694732245e-14 4.727318392391874979e-14 5.225563608144160185e-14 5.731646176285937011e-14 6.274216276203138763e-14 6.081257038082496191e-14 4.140826394621254840e-14 2.231104447430044184e-14 6.550323131108776087e-15 2.870829584776223655e-15 5.837939773661458843e-15
7.697549593528397228e-15 5.047442008593708969e-15 -1.642498701265736990e-15 -9.262786139353272789e-16 3.114331721513639038e-15 2.385703241213121247e-15 4.671974882405154834e-15 2.314687229105450129e-15 3.368718167225374617e-15 2.378760624272468207e-15 5.468390338906505109e-15 1.213254526428867265e-14 2.226375301163046424e-14 2.790647167556842135e-14 3.634353123683783025e-14 4.727318392391874979e-14 6.371410639167623605e-14 7.420947298304099915e-14 8.270539401133554421e-14 9.114715720079190501e-14 8.885113490419569451e-14 6.100523167971979383e-14 3.091883526862527319e-14 9.626413607316266315e-15 8.823199688561723093e-16 7.491455822410460360e-15
7.952078978576408810e-15 5.888667075316862579e-15 -5.233332575953576749e-16 3.262670775814027127e-16 4.331626706276238444e-15 3.924074961579347432e-15 5.590238535710334697e-15 3.464194232611812769e-15 4.601346604116710408e-15 3.303203294289192849e-15 6.478456862105120818e-15 1.381842472496692479e-14 2.443146113712742474e-14 3.041072308487119311e-14 3.930486470965499977e-14 5.225563608144160185e-14 7.420947298304099915e-14 9.866104926742369528e-14 1.180125437848820138e-13 1.316369249751356591e-13 1.303176053945833930e-13 9.442900758187045872e-14 4.553112153601387905e-14 1.746557848586617280e-14 4.563008811978051547e-15 1.505256836839614112e-14
9.711544395609138697e-15 8.415933648553562394e-15 -1.762366969693431133e-15 -2.744731099492166681e-16 5.706124667784045211e-15 5.768392720323353440e-15 7.441916186372729144e-15 4.022363314593925509e-15 5.999486559127165461e-15 4.089231650040508093e-15 9.216286535939469788e-15 1.690331402252436338e-14 2.853210832286285037e-14 3.349122268303725198e-14 4.246999390291514295e-14 5.731646176285937011e-14 8.270539401133554421e-14 1.180125437848820138e-13 1.581328840594064410e-13 1.855239165004073169e-13 1.889856433739859483e-13 1.477072977624293791e-13 6.941423011669401001e-14 2.276801135258903549e-14 1.108785448041526712e-14 2.925722700962161702e-14
8.853415851546235374e-15 1.019538367100082601e-14 -3.577630962043929476e-15 -7.515123642827504345e-16 5.290569782128874017e-15 5.790883305877885570e-15 8.492732225311959626e-15 4.647017323608600838e-15 6.726357453302419029e-15 6.054750855710238954e-15 1.231338604470480846e-14 2.002299169685545890e-14 3.188988474027063190e-14 3.643657535439787447e-14 4.566803818980880297e-14 6.274216276203138763e-14 9.114715720079190501e-14 1.316369249751356591e-13 1.855239165004073169e-13 2.373882606540102670e-13 2.557037220390531686e-13 2.141032222953603822e-13 1.098647572421457839e-13 3.455095624196320969e-14 2.050084567307058922e-14 4.350990392826553363e-14
8.143213737367710947e-15 1.057049129658153209e-14 -4.455652869739961479e-15 -1.452865692068046260e-15 3.651420632500702050e-15 3.712651786537337422e-15 7.319242959094865383e-15 3.993022677916009210e-15 6.588979895708180994e-15 6.400726069999289331e-15 1.267982848122993539e-14 1.975646225592684486e-14 3.076631256755536809e-14 3.447276659491759410e-14 4.325961739180529036e-14 6.081257038082496191e-14 8.885113490419569451e-14 1.303176053945833930e-13 1.889856433739859483e-13 2.557037220390531686e-13 3.019221790226419060e-13 2.792332588415410812e-13 1.672379948598405117e-13 6.159464462847596895e-14 3.354068503706869821e-14 5.213054525361181138e-14
1.537534069877372771e-15 8.485913023659305766e-15 -1.727489526831147399e-15 -3.350351194984058089e-16 2.965542226044518160e-15 6.024698019528745363e-15 7.171562050526008259e-15 4.111694599726125955e-15 6.180945037331040283e-15 5.866063125231070710e-15 1.134086515609909949e-14 1.569092771822613341e-14 2.118618767026173069e-14 2.137688476988991950e-14 2.789901318994352617e-14 4.140826394621254840e-14 6.100523167971979383e-14 9.442900758187045872e-14 1.477072977624293791e-13 2.141032222953603822e-13 2.792332588415410812e-13 3.204313944428616329e-13 2.463184104617934947e-13 1.253346043760203941e-13 6.423337862289212378e-14 6.686968488001944056e-14
-6.177233469001546406e-15 2.684551674077441669e-15 5.665199609363779644e-15 3.882087403144612179e-15 3.779327235261469846e-15 7.485223586810177742e-15 6.571266752960870860e-15 4.993101627528563000e-15 3.994272137179702089e-15 4.774091106921503484e-15 6.671352234536680906e-15 8.502394927273467543e-15 9.702910413883994977e-15 1.125003624178561108e-14 1.593365311903172679e-14 2.231104447430044184e-14 3.091883526862527319e-14 4.553112153601387905e-14 6.941423011669401001e-14 1.098647572421457839e-13 1.672379948598405117e-13 2.463184104617934947e-13 2.830571478679525514e-13 2.241964732495886146e-13 1.187505918586576013e-13 8.115080951366935283e-14
-7.855575211338858492e-15 1.249854815973539462e-15 1.114768680051131291e-14 5.001145953964385338e-15 3.538041264569492934e-15 7.333998786433670166e-15 5.392252147247685222e-15 4.625987363781438413e-15 2.925617485588649248e-15 2.562806266884127818e-15 4.471595931581289305e-16 -4.116698041899390520e-17 -1.217287640569490458e-15 8.544249148401718408e-16 4.219873348750764470e-15 6.550323131108776087e-15 9.626413607316266315e-15 1.746557848586617280e-14 2.276801135258903549e-14 3.455095624196320969e-14 6.159464462847596895e-14 1.253346043760203941e-13 2.241964732495886146e-13 2.907294704686677630e-13 2.087717740576162035e-13 1.218172284477629773e-13
2.225606283337813046e-15 -1.656958660766814872e-18 3.034639534396664614e-15 -5.175684895458647307e-16 6.574965763095419983e-16 4.784081362003219952e-15 3.770707790877273767e-15 1.718589327101518706e-16 1.951121359766369171e-15 2.409163640083649055e-16 -5.946982939782369758e-16 -1.532251330558921517e-15 -3.172033900520789878e-15 -3.366586078743692524e-15 1.157915601871526835e-15 2.870829584776223655e-15 8.823199688561723093e-16 4.563008811978051547e-15 1.108785448041526712e-14 2.050084567307058922e-14 3.354068503706869821e-14 6.423337862289212378e-14 1.187505918586576013e-13 2.087717740576162035e-13 2.991779580948207982e-13 2.409422730251903302e-13
7.093708886691299690e-15 4.271733738492490569e-15 -4.538506178124481187e-15 -5.865684299274828871e-15 -1.403366102866506231e-15 3.419326675509647626e-15 5.552739277092571595e-15 -6.006523921871068724e-16 2.603843395144091661e-15 -2.334649679764265722e-15 -3.197444883449000117e-15 -2.554755938406347207e-15 -1.575621329689873445e-15 -1.759898836769394178e-15 4.454025992349205935e-15 5.837939773661458843e-15 7.491455822410460360e-15 1.505256836839614112e-14 2.925722700962161702e-14 4.350990392826553363e-14 5.213054525361181138e-14 6.686968488001944056e-14 8.115080951366935283e-14 1.218172284477629773e-13 2.409422730251903302e-13 3.843338702280680046e-13
