2.377195642975859800e-14 7.814609107125907123e-15 6.854569839886409258e-15 6.992593838269285908e-16 5.398095960448874311e-15 1.086949119153223967e-14 1.010921822175624827e-14 2.261458284898580673e-15 1.379213745964971241e-15 1.122277592436791342e-15 1.619703478245614205e-15 1.373828444147192220e-15 1.332983385221454358e-15 2.411311077727976397e-15 1.103938896509080409e-15 1.589706374156358634e-15 3.516946860233451018e-15 4.928723720855088409e-15 7.837348600731272970e-15 9.437526483622554179e-15 6.938301708539319552e-15 8.517801104918984263e-15 1.103877733460717051e-14 1.242674691760947929e-14 8.419385676756818201e-15 1.206786197171349825e-14
7.814609107125907123e-15 3.262189150602017719e-14 1.320761730292239629e-14 1.104947179610935353e-14 1.244624379446271017e-14 7.801797466151668633e-15 -3.226070701115191216e-15 -2.859701724332851250e-15 2.527460442418769487e-16 1.446590742912100906e-15 -3.073701255775914615e-16 -9.815838483158033793e-17 -2.147032438563825530e-15 -1.788185576382597836e-16 -1.795018021363238113e-16 -3.502296162430581852e-15 -2.601625150695604352e-16 5.290675093993386922e-17 -8.597654444702804915e-16 -2.284986207515807168e-15 -3.359934246925066511e-15 -8.101571579597174227e-16 8.094410609923735697e-15 1.271021014144974360e-14 4.644325348831063864e-15 -1.602579694127590399e-15
6.854569839886409258e-15 1.320761730292239629e-14 1.669868431299280833e-14 6.503281170818773746e-15 9.075042174135305546e-15 1.022084686645468257e-14 1.363780517848980380e-15 3.157035650540478696e-15 1.019921001133388641e-15 1.535499836406460535e-15 3.757375368681390474e-16 1.613348950725101043e-16 -2.001747815284471363e-15 -1.775534391151209104e-16 -1.392021179451085212e-15 -2.438393372698293552e-15 -2.181200236296980395e-15 -2.435426962900541334e-15 -4.082945562348511315e-15 -5.960478151273392399e-15 -7.708913494997621022e-15 -3.643935765181235840e-15 6.902334063082646297e-15 1.231891972046119043e-14 5.361406913552355285e-15 -4.846952355148270324e-15
6.992593838269285908e-16 1.104947179610935353e-14 6.503281170818773746e-15 8.061614239831704893e-15 5.986933462534924654e-15 2.796453137907064592e-15 -2.686790751118669336e-15 -1.132117456126924691e-15 -3.091180154999939398e-16 -3.123160405045964929e-16 -1.498182432664991221e-16 -1.787116471199708670e-16 -9.946964461198636087e-16 -8.028166358896070334e-16 1.046510160124940655e-17 -1.654998503939980924e-15 1.225838730522765696e-16 6.867795263318278276e-16 4.646412735896517544e-16 -7.624784916261654554e-16 -2.073667103522365467e-15 -1.776193804669767177e-16 3.429895693782259448e-15 5.343617970552377973e-15 3.261238220175447440e-15 -3.666014575876100786e-15
5.398095960448874311e-15 1.244624379446271017e-14 9.075042174135305546e-15 5.986933462534924654e-15 9.688879715518652207e-15 7.803631969653557334e-15 -1.701700019899534637e-16 6.718149790636537145e-16 -8.502734236616465278e-17 9.817619290669418786e-16 -3.324189481819399584e-16 -3.151562810164928890e-16 -2.031173626910433726e-15 -1.578606712130252638e-15 -2.674697682043837907e-15 -4.160875725942282379e-15 -2.159456572493748687e-15 -1.315344748434030170e-15 -1.856491192257939709e-15 -2.741009481275529745e-15 -3.966889040475506649e-15 -8.877694645350302216e-16 5.139894976613863351e-15 8.159730746728847472e-15 3.525778960631231570e-15 -2.410179267590632409e-15
1.086949119153223967e-14 7.801797466151668633e-15 1.022084686645468257e-14 2.796453137907064592e-15 7.803631969653557334e-15 1.490881399264317968e-14 7.865302512465077297e-15 2.262250834943574236e-15 7.736640521557795511e-17 1.510101089232024607e-15 -1.482555646379440310e-16 8.978884711927659338e-16 1.340761100558601792e-15 2.889344541468063143e-15 2.365394282290133400e-15 1.619766988841640827e-15 2.688853383252304777e-15 2.354769955549317188e-15 2.905743509288464738e-15 2.570962856847032760e-15 6.310613708572114556e-16 2.584598914132772104e-15 8.445775561800879279e-15 1.007960150959995647e-14 6.713079295255811759e-15 3.025781656101686587e-15
1.010921822175624827e-14 -3.226070701115191216e-15 1.363780517848980380e-15 -2.686790751118669336e-15 -1.701700019899534637e-16 7.865302512465077297e-15 1.119573817894796514e-14 3.002915863077254340e-15 1.411109857555516671e-15 1.125138030477386214e-15 1.131275738711112798e-15 2.059700687328362598e-15 4.681891642613828820e-15 5.238545110296245657e-15 4.581422648075164916e-15 6.355845889368270008e-15 6.961886855957612239e-15 7.861864733172326284e-15 1.073480475680419820e-14 1.144514560139081484e-14 1.005399445150183407e-14 8.872243183340790631e-15 7.096444418104143790e-15 4.872068082506423945e-15 3.133534788084914905e-15 6.609280222367925303e-15
2.261458284898580673e-15 -2.859701724332851250e-15 3.157035650540478696e-15 -1.132117456126924691e-15 6.718149790636537145e-16 2.262250834943574236e-15 3.002915863077254340e-15 3.955928396420170376e-15 1.661067194092780281e-15 1.677506892879994382e-15 1.116101786365906352e-15 1.013458968156032795e-15 9.505633567422460448e-16 1.446689405003388507e-15 -2.038902992378443449e-16 1.020030789976284264e-15 8.527287195483135177e-16 1.637698190150414769e-15 1.537580225801729976e-15 1.553032661895234014e-15 1.343787071143305207e-15 1.933802401277479721e-15 3.675511456500239277e-15 4.813670755373711656e-15 7.817153312153279483e-16 -2.502100949575980951e-15
1.379213745964971241e-15 2.527460442418769487e-16 1.019921001133388641e-15 -3.091180154999939398e-16 -8.502734236616465278e-17 7.736640521557795511e-17 1.411109857555516671e-15 1.661067194092780281e-15 2.195964281737403734e-15 1.822256423595078965e-15 1.909126340898300555e-15 1.334369492168618979e-15 1.924431413094170957e-15 1.768159196837183160e-15 8.359003041510993636e-16 1.931238472758057780e-15 2.353399830460659243e-15 3.487489036972840122e-15 4.161744019776021605e-15 4.647101821219678145e-15 4.843509361223216206e-15 4.671450850947468938e-15 4.299989756576688333e-15 3.117125667925767380e-15 8.976112926706021848e-16 1.371615088765961700e-16
1.122277592436791342e-15 1.446590742912100906e-15 1.535499836406460535e-15 -3.123160405045964929e-16 9.817619290669418786e-16 1.510101089232024607e-15 1.125138030477386214e-15 1.677506892879994382e-15 1.822256423595078965e-15 6.198529188679676713e-15 6.865725158820108361e-15 6.300273187296653685e-15 5.908727596238284932e-15 6.187203922667736008e-15 3.475945198824921558e-15 3.458577704612699967e-15 3.193212787717131169e-15 3.869252065792043105e-15 4.224363472898843777e-15 5.807461979990603427e-15 5.761134324240375669e-15 4.116220978275048621e-15 3.033614398830187515e-15 1.104374318660107178e-15 -1.624121803691325041e-15 -4.870564920197757871e-15
1.619703478245614205e-15 -3.073701255775914615e-16 3.757375368681390474e-16 -1.498182432664991221e-16 -3.324189481819399584e-16 -1.482555646379440310e-16 1.131275738711112798e-15 1.116101786365906352e-15 1.909126340898300555e-15 6.865725158820108361e-15 1.340888132042581058e-14 1.266320009764454765e-14 1.164849615068991621e-14 1.009708007543083674e-14 6.989728746208305657e-15 7.278768859957572646e-15 6.699825379348600366e-15 7.809835812248900325e-15 1.073853757130312406e-14 1.364169135839561701e-14 1.363653408752996763e-14 1.175966354764195357e-14 6.612976029307867198e-15 -2.174781927587596306e-16 -1.350149627000284746e-15 -3.022078179522428661e-15
1.373828444147192220e-15 -9.815838483158033793e-17 1.613348950725101043e-16 -1.787116471199708670e-16 -3.151562810164928890e-16 8.978884711927659338e-16 2.059700687328362598e-15 1.013458968156032795e-15 1.334369492168618979e-15 6.300273187296653685e-15 1.266320009764454765e-14 1.432777247907522551e-14 1.408256452588354293e-14 1.368640265610646697e-14 1.115867561102977441e-14 1.201614407982955605e-14 1.249090423864509227e-14 1.406849345177803108e-14 1.731907249501181355e-14 2.076318489808721957e-14 2.082962096015124678e-14 1.617001622264769715e-14 8.805790120423952618e-15 -2.158534227013276786e-16 -1.794781912980480582e-15 -2.670512200234575362e-15
1.332983385221454358e-15 -2.147032438563825530e-15 -2.001747815284471363e-15 -9.946964461198636087e-16 -2.031173626910433726e-15 1.340761100558601792e-15 4.681891642613828820e-15 9.505633567422460448e-16 1.924431413094170957e-15 5.908727596238284932e-15 1.164849615068991621e-14 1.408256452588354293e-14 1.908378942411612645e-14 1.846053198800565695e-14 1.726349685965187761e-14 1.997428682282739461e-14 2.175627107290957877e-14 2.417942422016165691e-14 2.842855357244685581e-14 3.169158226386514482e-14 3.088309210782107496e-14 2.120908571997458847e-14 9.599437394415327180e-15 -1.328551561559059312e-15 -2.964628691279852325e-15 -1.295372563399945849e-15
2.411311077727976397e-15 -1.788185576382597836e-16 -1.775534391151209104e-16 -8.028166358896070334e-16 -1.578606712130252638e-15 2.889344541468063143e-15 5.238545110296245657e-15 1.446689405003388507e-15 1.768159196837183160e-15 6.187203922667736008e-15 1.009708007543083674e-14 1.368640265610646697e-14 1.846053198800565695e-14 2.269412799976615382e-14 2.287882743062023787e-14 2.536815606150727411e-14 2.810216970753904477e-14 3.076656171441514723e-14 3.413613663987067885e-14 3.698378022922602646e-14 3.498306358864616822e-14 2.135833581608964473e-14 1.079790118072799356e-14 2.154050246498973348e-16 -3.121515088078080016e-15 -1.377339117037539143e-15
1.103938896509080409e-15 -1.795018021363238113e-16 -1.392021179451085212e-15 1.046510160124940655e-17 -2.674697682043837907e-15 2.365394282290133400e-15 4.581422648075164916e-15 -2.038902992378443449e-16 8.359003041510993636e-16 3.475945198824921558e-15 6.989728746208305657e-15 1.115867561102977441e-14 1.726349685965187761e-14 2.287882743062023787e-14 2.961218721427636624e-14 3.225100848309947523e-14 3.614303625073548221e-14 3.893166421302495307e-14 4.221082618661938582e-14 4.534320368212154655e-14 4.313588050027310981e-14 2.792392441537694964e-14 1.647453224053918593e-14 4.869460721726343910e-15 2.309023576241960073e-15 5.316549035476205506e-15
1.589706374156358634e-15 -3.502296162430581852e-15 -2.438393372698293552e-15 -1.654998503939980924e-15 -4.160875725942282379e-15 1.619766988841640827e-15 6.355845889368270008e-15 1.020030789976284264e-15 1.931238472758057780e-15 3.458577704612699967e-15 7.278768859957572646e-15 1.201614407982955605e-14 1.997428682282739461e-14 2.536815606150727411e-14 3.225100848309947523e-14 4.080159393856574409e-14 4.720961834337831029e-14 5.213806691137521979e-14 5.720034363527245742e-14 6.253903535895742990e-14 6.061161725857535102e-14 4.095193355816902600e-14 2.170318681174077988e-14 5.949492781636137610e-15 2.512052015680349831e-15 5.464921400396581881e-15
3.516946860233451018e-15 -2.601625150695604352e-16 -2.181200236296980395e-15 1.225838730522765696e-16 -2.159456572493748687e-15 2.688853383252304777e-15 6.961886855957612239e-15 8.527287195483135177e-16 2.353399830460659243e-15 3.193212787717131169e-15 6.699825379348600366e-15 1.249090423864509227e-14 2.175627107290957877e-14 2.810216970753904477e-14 3.614303625073548221e-14 4.720961834337831029e-14 6.356941748418622442e-14 7.408878232389869697e-14 8.255783942708383660e-14 9.110912987702056846e-14 8.882759100277499499e-14 6.098232239857316603e-14 3.102734535672011794e-14 9.728071297729906103e-15 1.350794341491274698e-15 8.004110852255497351e-15
4.928723720855088409e-15 5.290675093993386922e-17 -2.435426962900541334e-15 6.867795263318278276e-16 -1.315344748434030170e-15 2.354769955549317188e-15 7.861864733172326284e-15 1.637698190150414769e-15 3.487489036972840122e-15 3.869252065792043105e-15 7.809835812248900325e-15 1.406849345177803108e-14 2.417942422016165691e-14 3.076656171441514723e-14 3.893166421302495307e-14 5.213806691137521979e-14 7.408878232389869697e-14 9.892445623865386453e-14 1.182015400136191386e-13 1.318322340619972160e-13 1.305033348451623673e-13 9.425813404468227008e-14 4.519340475416764863e-14 1.718009218960535485e-14 4.233029953046619555e-15 1.471932328656053778e-14
7.837348600731272970e-15 -8.597654444702804915e-16 -4.082945562348511315e-15 4.646412735896517544e-16 -1.856491192257939709e-15 2.905743509288464738e-15 1.073480475680419820e-14 1.537580225801729976e-15 4.161744019776021605e-15 4.224363472898843777e-15 1.073853757130312406e-14 1.731907249501181355e-14 2.842855357244685581e-14 3.413613663987067885e-14 4.221082618661938582e-14 5.720034363527245742e-14 8.255783942708383660e-14 1.182015400136191386e-13 1.585794122317266380e-13 1.859179223981937482e-13 1.893447198552944225e-13 1.478765355125460240e-13 6.943693701693235772e-14 2.264978264412442487e-14 1.096405881281405414e-14 2.938334733058210222e-14
9.437526483622554179e-15 -2.284986207515807168e-15 -5.960478151273392399e-15 -7.624784916261654554e-16 -2.741009481275529745e-15 2.570962856847032760e-15 1.144514560139081484e-14 1.553032661895234014e-15 4.647101821219678145e-15 5.807461979990603427e-15 1.364169135839561701e-14 2.076318489808721957e-14 3.169158226386514482e-14 3.698378022922602646e-14 4.534320368212154655e-14 6.253903535895742990e-14 9.110912987702056846e-14 1.318322340619972160e-13 1.859179223981937482e-13 2.376902297447398495e-13 2.559922519749832655e-13 2.139115082440832833e-13 1.095501322066099278e-13 3.432348820977383108e-14 2.044075640076119271e-14 4.373687099570712632e-14
6.938301708539319552e-15 -3.359934246925066511e-15 -7.708913494997621022e-15 -2.073667103522365467e-15 -3.966889040475506649e-15 6.310613708572114556e-16 1.005399445150183407e-14 1.343787071143305207e-15 4.843509361223216206e-15 5.761134324240375669e-15 1.363653408752996763e-14 2.082962096015124678e-14 3.088309210782107496e-14 3.498306358864616822e-14 4.313588050027310981e-14 6.061161725857535102e-14 8.882759100277499499e-14 1.305033348451623673e-13 1.893447198552944225e-13 2.559922519749832655e-13 3.021937719749720816e-13 2.791219497605834577e-13 1.668906416583750449e-13 6.119081885770110473e-14 3.329839300709458560e-14 5.199972326304559812e-14
8.517801104918984263e-15 -8.101571579597174227e-16 -3.643935765181235840e-15 -1.776193804669767177e-16 -8.877694645350302216e-16 2.584598914132772104e-15 8.872243183340790631e-15 1.933802401277479721e-15 4.671450850947468938e-15 4.116220978275048621e-15 1.175966354764195357e-14 1.617001622264769715e-14 2.120908571997458847e-14 2.135833581608964473e-14 2.792392441537694964e-14 4.095193355816902600e-14 6.098232239857316603e-14 9.425813404468227008e-14 1.478765355125460240e-13 2.139115082440832833e-13 2.791219497605834577e-13 3.201388077332711581e-13 2.459863907812718373e-13 1.250083122782513507e-13 6.392378471056851223e-14 6.677914356663266994e-14
1.103877733460717051e-14 8.094410609923735697e-15 6.902334063082646297e-15 3.429895693782259448e-15 5.139894976613863351e-15 8.445775561800879279e-15 7.096444418104143790e-15 3.675511456500239277e-15 4.299989756576688333e-15 3.033614398830187515e-15 6.612976029307867198e-15 8.805790120423952618e-15 9.599437394415327180e-15 1.079790118072799356e-14 1.647453224053918593e-14 2.170318681174077988e-14 3.102734535672011794e-14 4.519340475416764863e-14 6.943693701693235772e-14 1.095501322066099278e-13 1.668906416583750449e-13 2.459863907812718373e-13 2.828136621859141369e-13 2.240030056633624881e-13 1.184706508064264982e-13 8.106993339799869903e-14
1.242674691760947929e-14 1.271021014144974360e-14 1.231891972046119043e-14 5.343617970552377973e-15 8.159730746728847472e-15 1.007960150959995647e-14 4.872068082506423945e-15 4.813670755373711656e-15 3.117125667925767380e-15 1.104374318660107178e-15 -2.174781927587596306e-16 -2.158534227013276786e-16 -1.328551561559059312e-15 2.154050246498973348e-16 4.869460721726343910e-15 5.949492781636137610e-15 9.728071297729906103e-15 1.718009218960535485e-14 2.264978264412442487e-14 3.432348820977383108e-14 6.119081885770110473e-14 1.250083122782513507e-13 2.240030056633624881e-13 2.907488719293605722e-13 2.085812922924264466e-13 1.216259614673270786e-13
8.419385676756818201e-15 4.644325348831063864e-15 5.361406913552355285e-15 3.261238220175447440e-15 3.525778960631231570e-15 6.713079295255811759e-15 3.133534788084914905e-15 7.817153312153279483e-16 8.976112926706021848e-16 -1.624121803691325041e-15 -1.350149627000284746e-15 -1.794781912980480582e-15 -2.964628691279852325e-15 -3.121515088078080016e-15 2.309023576241960073e-15 2.512052015680349831e-15 1.350794341491274698e-15 4.233029953046619555e-15 1.096405881281405414e-14 2.044075640076119271e-14 3.329839300709458560e-14 6.392378471056851223e-14 1.184706508064264982e-13 2.085812922924264466e-13 2.989956684621763485e-13 2.407396780614992044e-13
1.206786197171349825e-14 -1.602579694127590399e-15 -4.846952355148270324e-15 -3.666014575876100786e-15 -2.410179267590632409e-15 3.025781656101686587e-15 6.609280222367925303e-15 -2.502100949575980951e-15 1.371615088765961700e-16 -4.870564920197757871e-15 -3.022078179522428661e-15 -2.670512200234575362e-15 -1.295372563399945849e-15 -1.377339117037539143e-15 5.316549035476205506e-15 5.464921400396581881e-15 8.004110852255497351e-15 1.471932328656053778e-14 2.938334733058210222e-14 4.373687099570712632e-14 5.199972326304559812e-14 6.677914356663266994e-14 8.106993339799869903e-14 1.216259614673270786e-13 2.407396780614992044e-13 3.843044501614168773e-13
