8.503184587315565717e-15 -2.108395602560859146e-15 8.067603580406664828e-16 1.894704435750240437e-15 5.390408576092720484e-16 -2.359925641333415993e-15 -1.891135072728745109e-15 6.968209542869914002e-16 6.482463051087402426e-16 -2.478447102313517424e-16 4.603162226689839093e-16 6.317292580713877779e-16 2.057001019670999555e-15 6.940579995321398563e-16 1.674290397969636866e-16 1.780835244065146609e-15 3.033173648568370964e-15 5.160575146172505281e-15 6.560173921266793415e-15 6.416372465736602935e-15 5.250538907776536096e-15 3.343641937567933232e-15 1.073132734650387296e-16 -3.702405198795259338e-16 -2.850821689483558933e-15 -1.951990412922654384e-16
-2.108395602560859146e-15 1.537354650336348887e-14 6.649423332673634472e-16 5.730831458761011722e-15 9.646458211040926511e-16 7.587159344334984075e-15 1.837651338254259048e-15 9.372767253596638884e-16 -1.735406016642819114e-16 1.122113613179681516e-15 1.079458444636854071e-15 4.480486183993500512e-16 -1.227436402639497370e-15 1.755131195239866536e-15 8.869395398408840493e-16 -1.190108020768026189e-15 -5.431309778856827086e-16 -7.349458913857584172e-16 -3.036680470222569400e-15 -4.340833613502200955e-15 -6.463729089269568427e-15 -2.724781391119559896e-15 8.488065446303804773e-15 1.237987545157264031e-14 4.660329116282505507e-15 -4.040723934169470669e-15
8.067603580406664828e-16 6.649423332673634472e-16 4.692356928322578151e-15 -3.301631325384973886e-17 1.973422751953765025e-15 1.983164660051403373e-15 7.350530791531069568e-16 2.319482077181569585e-15 7.505862162831895730e-16 1.584654259791597193e-15 6.829682984255684721e-16 7.457428639529134073e-16 1.460343173750704060e-15 1.838424860093732370e-15 -2.500054485853401510e-16 6.149324532693887292e-16 1.093918067116240851e-15 2.114322341467611404e-15 1.595438352645929059e-15 1.462349476419195364e-15 5.291543847165863657e-16 -1.573020702506420481e-16 1.158940329116823470e-15 2.905687328973530025e-15 -2.637364089703220645e-15 -4.060474196353788973e-15
1.894704435750240437e-15 5.730831458761011722e-15 -3.301631325384973886e-17 1.076727092883511135e-14 3.948523296643308409e-15 1.948303041416985456e-15 -1.768160639707001878e-15 2.422312023147459502e-16 2.606611736655772055e-16 -3.318395169673346135e-16 1.394612563052051742e-16 -3.275327752985585229e-16 5.794268208552572676e-16 -6.400164845704953485e-16 -7.058083653805493834e-16 -1.067306021313229478e-15 3.750734912761228442e-16 1.332588325002556433e-15 1.442842443240563041e-15 5.591791705905906989e-17 -1.270347508895040833e-15 -3.681389407454648741e-16 3.606154452903582050e-15 6.298078276122137570e-15 6.554784570043664193e-16 -6.013817356542955183e-15
5.390408576092720484e-16 9.646458211040926511e-16 1.973422751953765025e-15 3.948523296643308409e-15 9.482643333175343417e-15 4.678552318548495780e-15 1.663844347729929525e-15 7.143701952781702765e-16 9.170815311968248830e-16 1.063349146616267890e-17 3.430662650950106079e-16 1.209298772413005181e-15 3.266413420518158095e-15 1.713660176465846238e-15 -1.535904389511160862e-16 1.479631372131110590e-15 3.804163101004692565e-15 6.215133710149810802e-15 8.724866079471703825e-15 8.692910787819490776e-15 7.643420671650215505e-15 7.008129778358661870e-15 5.521523280267012887e-15 4.404473197000776648e-15 -2.269531320555844526e-17 -2.914999592406209576e-16
-2.359925641333415993e-15 7.587159344334984075e-15 1.983164660051403373e-15 1.948303041416985456e-15 4.678552318548495780e-15 1.103613395774475061e-14 6.354599905707242569e-15 2.617821204840267684e-15 1.090081136312619924e-15 9.275781903049559830e-16 1.267096121786507584e-15 1.777254819602852865e-15 1.273757451669135091e-15 3.077808267913582150e-15 1.732338655320143134e-15 2.081889189278976933e-15 2.957216668487831907e-15 3.523304731150198462e-15 4.960408492464849493e-15 4.986576038452063002e-15 2.652244448721031518e-15 4.169300208386755080e-15 8.037732084039568330e-15 8.731529941696630087e-15 5.688819389094596063e-15 4.539597849431730084e-15
-1.891135072728745109e-15 1.837651338254259048e-15 7.350530791531069568e-16 -1.768160639707001878e-15 1.663844347729929525e-15 6.354599905707242569e-15 7.178239156833378830e-15 2.395189503546930308e-15 4.067465422448323241e-16 3.983564095111504247e-16 7.651897131018364483e-16 1.972728234291575625e-15 2.496215842347477020e-15 4.038631228298908715e-15 4.382839323407813008e-15 5.219155512882138233e-15 5.694411056702009980e-15 6.244671661311763923e-15 8.971688679376036948e-15 9.692053238428090903e-15 8.360533933004162459e-15 6.997108330321793051e-15 4.747378768285026320e-15 3.285572449199851494e-15 3.459041204802789188e-15 6.256131136856617222e-15
6.968209542869914002e-16 9.372767253596638884e-16 2.319482077181569585e-15 2.422312023147459502e-16 7.143701952781702765e-16 2.617821204840267684e-15 2.395189503546930308e-15 3.873865005884714690e-15 1.578518749293273604e-15 1.089554691541055228e-15 1.160914103785022481e-15 1.298252241510314962e-15 1.469304698094127608e-15 1.609013068357683229e-15 5.700703248661835059e-16 1.707050180087468076e-15 2.287931646870244632e-15 3.405009895294345011e-15 4.316550005846085172e-15 4.658599447094420684e-15 4.310870402874100030e-15 4.501362290391544625e-15 4.792389588785022302e-15 4.504583702363126367e-15 -6.540213701650360842e-19 -7.933529830240069886e-16
6.482463051087402426e-16 -1.735406016642819114e-16 7.505862162831895730e-16 2.606611736655772055e-16 9.170815311968248830e-16 1.090081136312619924e-15 4.067465422448323241e-16 1.578518749293273604e-15 1.916360462806273431e-15 1.470674378791667528e-15 1.686513904570065238e-15 1.608651642914288762e-15 1.606502686551542951e-15 1.551323501590051798e-15 6.616994180012325461e-16 1.633185516653394316e-15 2.287201225368091123e-15 3.394419963272520491e-15 4.103324670947870546e-15 4.973284415357929286e-15 5.505812241184375069e-15 5.520410988701675291e-15 4.996189601533922390e-15 3.974928974256663736e-15 1.799696295865222950e-15 1.435113317680271832e-15
-2.478447102313517424e-16 1.122113613179681516e-15 1.584654259791597193e-15 -3.318395169673346135e-16 1.063349146616267890e-17 9.275781903049559830e-16 3.983564095111504247e-16 1.089554691541055228e-15 1.470674378791667528e-15 5.427937912777281042e-15 6.278891689361206714e-15 5.960634603959037239e-15 5.087871942368140741e-15 5.406888805220828992e-15 3.213155445045893132e-15 2.844899831464136659e-15 2.609930693735664685e-15 3.397047518411885245e-15 4.011298560481104754e-15 5.796293663265512884e-15 6.119591966531298284e-15 5.151356859963138823e-15 3.762846334466222659e-15 1.669112811946235723e-15 -5.380902849294882409e-16 -2.783263757565126288e-15
4.603162226689839093e-16 1.079458444636854071e-15 6.829682984255684721e-16 1.394612563052051742e-16 3.430662650950106079e-16 1.267096121786507584e-15 7.651897131018364483e-16 1.160914103785022481e-15 1.686513904570065238e-15 6.278891689361206714e-15 1.191352151661012910e-14 1.200166957959896373e-14 9.993102214174069939e-15 9.011949079675628486e-15 6.412445598170724945e-15 6.194154335140998524e-15 5.973324437330571799e-15 6.973526961633921141e-15 9.582112864629094260e-15 1.231676060347495524e-14 1.223123525456701279e-14 1.096394466159776635e-14 6.611671323756752224e-15 5.218669999697761607e-16 -4.512730386028919163e-16 -3.100503158648133815e-15
6.317292580713877779e-16 4.480486183993500512e-16 7.457428639529134073e-16 -3.275327752985585229e-16 1.209298772413005181e-15 1.777254819602852865e-15 1.972728234291575625e-15 1.298252241510314962e-15 1.608651642914288762e-15 5.960634603959037239e-15 1.200166957959896373e-14 1.465266517919101288e-14 1.378317601788148247e-14 1.318681201051079042e-14 1.049965384328375839e-14 1.133433630658916992e-14 1.197124977108700523e-14 1.350087542653138277e-14 1.692036760737352913e-14 2.011316886134718471e-14 2.019003912166701728e-14 1.636438248350505950e-14 9.291936560440825634e-15 3.927220573902704084e-16 -1.445070870548962459e-15 -2.262287690847713821e-15
2.057001019670999555e-15 -1.227436402639497370e-15 1.460343173750704060e-15 5.794268208552572676e-16 3.266413420518158095e-15 1.273757451669135091e-15 2.496215842347477020e-15 1.469304698094127608e-15 1.606502686551542951e-15 5.087871942368140741e-15 9.993102214174069939e-15 1.378317601788148247e-14 1.941101508298414693e-14 1.895590063772867551e-14 1.781400148122733907e-14 2.042318135568530756e-14 2.240515142233046054e-14 2.462634632344019379e-14 2.892082889144637847e-14 3.178831324491359077e-14 3.082895741165202896e-14 2.100318441108048526e-14 9.531649013335193034e-15 -1.202262482924333095e-15 -3.248994192200647008e-15 -2.107771815245389384e-15
6.940579995321398563e-16 1.755131195239866536e-15 1.838424860093732370e-15 -6.400164845704953485e-16 1.713660176465846238e-15 3.077808267913582150e-15 4.038631228298908715e-15 1.609013068357683229e-15 1.551323501590051798e-15 5.406888805220828992e-15 9.011949079675628486e-15 1.318681201051079042e-14 1.895590063772867551e-14 2.308163672953205234e-14 2.328622225990643434e-14 2.549297442702330256e-14 2.830368808452402437e-14 3.064428480376530348e-14 3.394682746355298841e-14 3.651575138128661629e-14 3.459273996137776739e-14 2.113609291667891938e-14 1.104337495711630408e-14 7.022715631432489019e-16 -3.254759288599075120e-15 -1.891666980822623740e-15
1.674290397969636866e-16 8.869395398408840493e-16 -2.500054485853401510e-16 -7.058083653805493834e-16 -1.535904389511160862e-16 1.732338655320143134e-15 4.382839323407813008e-15 5.700703248661835059e-16 6.616994180012325461e-16 3.213155445045893132e-15 6.412445598170724945e-15 1.049965384328375839e-14 1.781400148122733907e-14 2.328622225990643434e-14 2.990951647648470403e-14 3.264146231637112197e-14 3.632155558856618780e-14 3.889390653150112735e-14 4.240816802195606991e-14 4.545749190363508038e-14 4.323846724186820446e-14 2.767518217250255057e-14 1.596398988959914044e-14 4.404716064760890177e-15 1.481624418851702705e-15 4.452091930558369730e-15
1.780835244065146609e-15 -1.190108020768026189e-15 6.149324532693887292e-16 -1.067306021313229478e-15 1.479631372131110590e-15 2.081889189278976933e-15 5.219155512882138233e-15 1.707050180087468076e-15 1.633185516653394316e-15 2.844899831464136659e-15 6.194154335140998524e-15 1.133433630658916992e-14 2.042318135568530756e-14 2.549297442702330256e-14 3.264146231637112197e-14 4.109218893223146687e-14 4.753102186379865819e-14 5.220635760434279150e-14 5.757067629770460015e-14 6.255453759583247886e-14 6.060261117106855653e-14 4.097551326105128900e-14 2.173496079122424027e-14 6.010800364556442943e-15 2.653253577896839653e-15 5.290451337242178923e-15
3.033173648568370964e-15 -5.431309778856827086e-16 1.093918067116240851e-15 3.750734912761228442e-16 3.804163101004692565e-15 2.957216668487831907e-15 5.694411056702009980e-15 2.287931646870244632e-15 2.287201225368091123e-15 2.609930693735664685e-15 5.973324437330571799e-15 1.197124977108700523e-14 2.240515142233046054e-14 2.830368808452402437e-14 3.632155558856618780e-14 4.753102186379865819e-14 6.369847128146911777e-14 7.401982606646138250e-14 8.296397739002873907e-14 9.115107745376860481e-14 8.883658799642984170e-14 6.091688760243497948e-14 3.090273616180841552e-14 9.573603768520425219e-15 1.150343135569826674e-15 7.843739283829408575e-15
5.160575146172505281e-15 -7.349458913857584172e-16 2.114322341467611404e-15 1.332588325002556433e-15 6.215133710149810802e-15 3.523304731150198462e-15 6.244671661311763923e-15 3.405009895294345011e-15 3.394419963272520491e-15 3.397047518411885245e-15 6.973526961633921141e-15 1.350087542653138277e-14 2.462634632344019379e-14 3.064428480376530348e-14 3.889390653150112735e-14 5.220635760434279150e-14 7.401982606646138250e-14 9.854107787543937799e-14 1.182185834195491813e-13 1.315261318069431795e-13 1.303558206979785321e-13 9.429748379449318741e-14 4.545202154458644703e-14 1.733810115514326704e-14 4.388014843358411220e-15 1.483519409387883422e-14
6.560173921266793415e-15 -3.036680470222569400e-15 1.595438352645929059e-15 1.442842443240563041e-15 8.724866079471703825e-15 4.960408492464849493e-15 8.971688679376036948e-15 4.316550005846085172e-15 4.103324670947870546e-15 4.011298560481104754e-15 9.582112864629094260e-15 1.692036760737352913e-14 2.892082889144637847e-14 3.394682746355298841e-14 4.240816802195606991e-14 5.757067629770460015e-14 8.296397739002873907e-14 1.182185834195491813e-13 1.590474362845226617e-13 1.861056385647094408e-13 1.896918277551528187e-13 1.480681863217850774e-13 6.964435720105603077e-14 2.283151110794354050e-14 1.103658579117889632e-14 2.932495545652279182e-14
6.416372465736602935e-15 -4.340833613502200955e-15 1.462349476419195364e-15 5.591791705905906989e-17 8.692910787819490776e-15 4.986576038452063002e-15 9.692053238428090903e-15 4.658599447094420684e-15 4.973284415357929286e-15 5.796293663265512884e-15 1.231676060347495524e-14 2.011316886134718471e-14 3.178831324491359077e-14 3.651575138128661629e-14 4.545749190363508038e-14 6.255453759583247886e-14 9.115107745376860481e-14 1.315261318069431795e-13 1.861056385647094408e-13 2.376303440963035404e-13 2.560381875600800518e-13 2.142033282232930672e-13 1.099077497380432590e-13 3.461120055793529417e-14 2.065527610100331329e-14 4.380017534238939988e-14
5.250538907776536096e-15 -6.463729089269568427e-15 5.291543847165863657e-16 -1.270347508895040833e-15 7.643420671650215505e-15 2.652244448721031518e-15 8.360533933004162459e-15 4.310870402874100030e-15 5.505812241184375069e-15 6.119591966531298284e-15 1.223123525456701279e-14 2.019003912166701728e-14 3.082895741165202896e-14 3.459273996137776739e-14 4.323846724186820446e-14 6.060261117106855653e-14 8.883658799642984170e-14 1.303558206979785321e-13 1.896918277551528187e-13 2.560381875600800518e-13 3.022921174302102890e-13 2.793689794747090665e-13 1.670405782950024974e-13 6.130951772133762842e-14 3.336231771964907222e-14 5.208422252963745772e-14
3.343641937567933232e-15 -2.724781391119559896e-15 -1.573020702506420481e-16 -3.681389407454648741e-16 7.008129778358661870e-15 4.169300208386755080e-15 6.997108330321793051e-15 4.501362290391544625e-15 5.520410988701675291e-15 5.151356859963138823e-15 1.096394466159776635e-14 1.636438248350505950e-14 2.100318441108048526e-14 2.113609291667891938e-14 2.767518217250255057e-14 4.097551326105128900e-14 6.091688760243497948e-14 9.429748379449318741e-14 1.480681863217850774e-13 2.142033282232930672e-13 2.793689794747090665e-13 3.206506830923373038e-13 2.464029460178523917e-13 1.253030968542573018e-13 6.397453946702600318e-14 6.665876450906403237e-14
1.073132734650387296e-16 8.488065446303804773e-15 1.158940329116823470e-15 3.606154452903582050e-15 5.521523280267012887e-15 8.037732084039568330e-15 4.747378768285026320e-15 4.792389588785022302e-15 4.996189601533922390e-15 3.762846334466222659e-15 6.611671323756752224e-15 9.291936560440825634e-15 9.531649013335193034e-15 1.104337495711630408e-14 1.596398988959914044e-14 2.173496079122424027e-14 3.090273616180841552e-14 4.545202154458644703e-14 6.964435720105603077e-14 1.099077497380432590e-13 1.670405782950024974e-13 2.464029460178523917e-13 2.830345729728522645e-13 2.241908666467077763e-13 1.187669476844114132e-13 8.122139125792428488e-14
-3.702405198795259338e-16 1.237987545157264031e-14 2.905687328973530025e-15 6.298078276122137570e-15 4.404473197000776648e-15 8.731529941696630087e-15 3.285572449199851494e-15 4.504583702363126367e-15 3.974928974256663736e-15 1.669112811946235723e-15 5.218669999697761607e-16 3.927220573902704084e-16 -1.202262482924333095e-15 7.022715631432489019e-16 4.404716064760890177e-15 6.010800364556442943e-15 9.573603768520425219e-15 1.733810115514326704e-14 2.283151110794354050e-14 3.461120055793529417e-14 6.130951772133762842e-14 1.253030968542573018e-13 2.241908666467077763e-13 2.908461023964932294e-13 2.087205012207812381e-13 1.216069539947920836e-13
-2.850821689483558933e-15 4.660329116282505507e-15 -2.637364089703220645e-15 6.554784570043664193e-16 -2.269531320555844526e-17 5.688819389094596063e-15 3.459041204802789188e-15 -6.540213701650360842e-19 1.799696295865222950e-15 -5.380902849294882409e-16 -4.512730386028919163e-16 -1.445070870548962459e-15 -3.248994192200647008e-15 -3.254759288599075120e-15 1.481624418851702705e-15 2.653253577896839653e-15 1.150343135569826674e-15 4.388014843358411220e-15 1.103658579117889632e-14 2.065527610100331329e-14 3.336231771964907222e-14 6.397453946702600318e-14 1.187669476844114132e-13 2.087205012207812381e-13 2.990079684546284081e-13 2.407527737174871519e-13
-1.951990412922654384e-16 -4.040723934169470669e-15 -4.060474196353788973e-15 -6.013817356542955183e-15 -2.914999592406209576e-16 4.539597849431730084e-15 6.256131136856617222e-15 -7.933529830240069886e-16 1.435113317680271832e-15 -2.783263757565126288e-15 -3.100503158648133815e-15 -2.262287690847713821e-15 -2.107771815245389384e-15 -1.891666980822623740e-15 4.452091930558369730e-15 5.290451337242178923e-15 7.843739283829408575e-15 1.483519409387883422e-14 2.932495545652279182e-14 4.380017534238939988e-14 5.208422252963745772e-14 6.665876450906403237e-14 8.122139125792428488e-14 1.216069539947920836e-13 2.407527737174871519e-13 3.843026406640006247e-13
