8.503184587315570450e-15 -2.108395602560841792e-15 8.067603580406694410e-16 1.894704435750279880e-15 5.390408576092463118e-16 -2.359925641333397060e-15 -1.891135072728692649e-15 6.968209542869423922e-16 6.482463051087585836e-16 -2.478447102314230851e-16 4.603162226689162645e-16 6.317292580713910320e-16 2.057001019670971156e-15 6.940579995321100768e-16 1.674290397969665955e-16 1.780835244065165542e-15 3.033173648568394235e-15 5.160575146172469782e-15 6.560173921266780004e-15 6.416372465736632123e-15 5.250538907776538462e-15 3.343641937567965180e-15 1.073132734650544328e-16 -3.702405198794708615e-16 -2.850821689483581810e-15 -1.951990412923335270e-16
-2.108395602560841792e-15 1.537354650336349202e-14 6.649423332673090158e-16 5.730831458760948613e-15 9.646458211040960037e-16 7.587159344334996697e-15 1.837651338254220394e-15 9.372767253598037140e-16 -1.735406016644271604e-16 1.122113613179661992e-15 1.079458444636958201e-15 4.480486183993653354e-16 -1.227436402639499736e-15 1.755131195239829656e-15 8.869395398408784287e-16 -1.190108020768058137e-15 -5.431309778857120937e-16 -7.349458913857440205e-16 -3.036680470222575317e-15 -4.340833613502274319e-15 -6.463729089269586571e-15 -2.724781391119630499e-15 8.488065446303784263e-15 1.237987545157253776e-14 4.660329116282568616e-15 -4.040723934169554288e-15
8.067603580406694410e-16 6.649423332673090158e-16 4.692356928322559218e-15 -3.301631325385506367e-17 1.973422751953740570e-15 1.983164660051333953e-15 7.350530791530483839e-16 2.319482077181560119e-15 7.505862162832332561e-16 1.584654259791635650e-15 6.829682984256180717e-16 7.457428639528585814e-16 1.460343173750698340e-15 1.838424860093722114e-15 -2.500054485853658876e-16 6.149324532693561887e-16 1.093918067116224679e-15 2.114322341467616532e-15 1.595438352645903619e-15 1.462349476419198914e-15 5.291543847165278914e-16 -1.573020702506753035e-16 1.158940329116742218e-15 2.905687328973486243e-15 -2.637364089703171341e-15 -4.060474196353758208e-15
1.894704435750279880e-15 5.730831458760948613e-15 -3.301631325385506367e-17 1.076727092883512712e-14 3.948523296643369152e-15 1.948303041416913669e-15 -1.768160639707156101e-15 2.422312023148635891e-16 2.606611736655484120e-16 -3.318395169672887609e-16 1.394612563052942415e-16 -3.275327752985049790e-16 5.794268208551472215e-16 -6.400164845705766997e-16 -7.058083653806296500e-16 -1.067306021313319211e-15 3.750734912760261101e-16 1.332588325002472025e-15 1.442842443240449839e-15 5.591791705891907173e-17 -1.270347508895051877e-15 -3.681389407454430325e-16 3.606154452903639637e-15 6.298078276122203046e-15 6.554784570043374287e-16 -6.013817356543028547e-15
5.390408576092463118e-16 9.646458211040960037e-16 1.973422751953740570e-15 3.948523296643369152e-15 9.482643333175324484e-15 4.678552318548397961e-15 1.663844347729757553e-15 7.143701952782291452e-16 9.170815311968335605e-16 1.063349146629372380e-17 3.430662650950840706e-16 1.209298772412983290e-15 3.266413420518200299e-15 1.713660176465890809e-15 -1.535904389511409353e-16 1.479631372131120253e-15 3.804163101004715442e-15 6.215133710149844723e-15 8.724866079471669115e-15 8.692910787819457644e-15 7.643420671650146085e-15 7.008129778358609805e-15 5.521523280266916646e-15 4.404473197000749038e-15 -2.269531320564465605e-17 -2.914999592406946175e-16
-2.359925641333397060e-15 7.587159344334996697e-15 1.983164660051333953e-15 1.948303041416913669e-15 4.678552318548397961e-15 1.103613395774471432e-14 6.354599905707144750e-15 2.617821204840332370e-15 1.090081136312530389e-15 9.275781903049906928e-16 1.267096121786575426e-15 1.777254819602834721e-15 1.273757451669177492e-15 3.077808267913602661e-15 1.732338655320145303e-15 2.081889189278977327e-15 2.957216668487837823e-15 3.523304731150228833e-15 4.960408492464850282e-15 4.986576038452033025e-15 2.652244448720922656e-15 4.169300208386649372e-15 8.037732084039443690e-15 8.731529941696554356e-15 5.688819389094630773e-15 4.539597849431670919e-15
-1.891135072728692649e-15 1.837651338254220394e-15 7.350530791530483839e-16 -1.768160639707156101e-15 1.663844347729757553e-15 6.354599905707144750e-15 7.178239156833235257e-15 2.395189503546910981e-15 4.067465422447710888e-16 3.983564095111674838e-16 7.651897131018179100e-16 1.972728234291584302e-15 2.496215842347385117e-15 4.038631228298822729e-15 4.382839323407692312e-15 5.219155512882012805e-15 5.694411056701884551e-15 6.244671661311657427e-15 8.971688679375852354e-15 9.692053238427986773e-15 8.360533933004063063e-15 6.997108330321757552e-15 4.747378768285051563e-15 3.285572449199831378e-15 3.459041204802774200e-15 6.256131136856624321e-15
6.968209542869423922e-16 9.372767253598037140e-16 2.319482077181560119e-15 2.422312023148635891e-16 7.143701952782291452e-16 2.617821204840332370e-15 2.395189503546910981e-15 3.873865005884758867e-15 1.578518749293306737e-15 1.089554691541054045e-15 1.160914103785032933e-15 1.298252241510278477e-15 1.469304698094084615e-15 1.609013068357626431e-15 5.700703248661306522e-16 1.707050180087401023e-15 2.287931646870147996e-15 3.405009895294245220e-15 4.316550005845911622e-15 4.658599447094257390e-15 4.310870402873896504e-15 4.501362290391406574e-15 4.792389588785086989e-15 4.504583702363285717e-15 -6.540213701188551731e-19 -7.933529830241663385e-16
6.482463051087585836e-16 -1.735406016644271604e-16 7.505862162832332561e-16 2.606611736655484120e-16 9.170815311968335605e-16 1.090081136312530389e-15 4.067465422447710888e-16 1.578518749293306737e-15 1.916360462806279742e-15 1.470674378791704210e-15 1.686513904570073915e-15 1.608651642914263716e-15 1.606502686551510017e-15 1.551323501589967587e-15 6.616994180011741704e-16 1.633185516653341068e-15 2.287201225368063908e-15 3.394419963272523646e-15 4.103324670947882379e-15 4.973284415358016061e-15 5.505812241184551774e-15 5.520410988701802298e-15 4.996189601534001276e-15 3.974928974256688980e-15 1.799696295865253715e-15 1.435113317680468456e-15
-2.478447102314230851e-16 1.122113613179661992e-15 1.584654259791635650e-15 -3.318395169672887609e-16 1.063349146629372380e-17 9.275781903049906928e-16 3.983564095111674838e-16 1.089554691541054045e-15 1.470674378791704210e-15 5.427937912777264476e-15 6.278891689361200403e-15 5.960634603958991485e-15 5.087871942368123386e-15 5.406888805220751683e-15 3.213155445045835150e-15 2.844899831464060928e-15 2.609930693735627214e-15 3.397047518411901417e-15 4.011298560481090555e-15 5.796293663265559426e-15 6.119591966531370070e-15 5.151356859963207454e-15 3.762846334466315744e-15 1.669112811946380676e-15 -5.380902849293821391e-16 -2.783263757565059630e-15
4.603162226689162645e-16 1.079458444636958201e-15 6.829682984256180717e-16 1.394612563052942415e-16 3.430662650950840706e-16 1.267096121786575426e-15 7.651897131018179100e-16 1.160914103785032933e-15 1.686513904570073915e-15 6.278891689361200403e-15 1.191352151661008650e-14 1.200166957959891167e-14 9.993102214174110960e-15 9.011949079675645841e-15 6.412445598170770699e-15 6.194154335141022190e-15 5.973324437330593887e-15 6.973526961633968473e-15 9.582112864629051661e-15 1.231676060347493316e-14 1.223123525456696861e-14 1.096394466159766380e-14 6.611671323756694637e-15 5.218669999697472686e-16 -4.512730386028928038e-16 -3.100503158648093583e-15
6.317292580713910320e-16 4.480486183993653354e-16 7.457428639528585814e-16 -3.275327752985049790e-16 1.209298772412983290e-15 1.777254819602834721e-15 1.972728234291584302e-15 1.298252241510278477e-15 1.608651642914263716e-15 5.960634603958991485e-15 1.200166957959891167e-14 1.465266517919104444e-14 1.378317601788156767e-14 1.318681201051086458e-14 1.049965384328387514e-14 1.133433630658925985e-14 1.197124977108706203e-14 1.350087542653145376e-14 1.692036760737355122e-14 2.011316886134727622e-14 2.019003912166716243e-14 1.636438248350496484e-14 9.291936560440715194e-15 3.927220573902592658e-16 -1.445070870548924593e-15 -2.262287690847596281e-15
2.057001019670971156e-15 -1.227436402639499736e-15 1.460343173750698340e-15 5.794268208551472215e-16 3.266413420518200299e-15 1.273757451669177492e-15 2.496215842347385117e-15 1.469304698094084615e-15 1.606502686551510017e-15 5.087871942368123386e-15 9.993102214174110960e-15 1.378317601788156767e-14 1.941101508298408698e-14 1.895590063772864395e-14 1.781400148122726965e-14 2.042318135568525392e-14 2.240515142233039112e-14 2.462634632344015277e-14 2.892082889144623963e-14 3.178831324491360971e-14 3.082895741165211100e-14 2.100318441108037167e-14 9.531649013335194612e-15 -1.202262482924198989e-15 -3.248994192200573249e-15 -2.107771815245166925e-15
6.940579995321100768e-16 1.755131195239829656e-15 1.838424860093722114e-15 -6.400164845705766997e-16 1.713660176465890809e-15 3.077808267913602661e-15 4.038631228298822729e-15 1.609013068357626431e-15 1.551323501589967587e-15 5.406888805220751683e-15 9.011949079675645841e-15 1.318681201051086458e-14 1.895590063772864395e-14 2.308163672953207127e-14 2.328622225990645642e-14 2.549297442702331518e-14 2.830368808452404330e-14 3.064428480376536659e-14 3.394682746355288112e-14 3.651575138128681824e-14 3.459273996137798827e-14 2.113609291667877423e-14 1.104337495711620311e-14 7.022715631432106422e-16 -3.254759288599185166e-15 -1.891666980822525526e-15
1.674290397969665955e-16 8.869395398408784287e-16 -2.500054485853658876e-16 -7.058083653806296500e-16 -1.535904389511409353e-16 1.732338655320145303e-15 4.382839323407692312e-15 5.700703248661306522e-16 6.616994180011741704e-16 3.213155445045835150e-15 6.412445598170770699e-15 1.049965384328387514e-14 1.781400148122726965e-14 2.328622225990645642e-14 2.990951647648477345e-14 3.264146231637114091e-14 3.632155558856621305e-14 3.889390653150120308e-14 4.240816802195598156e-14 4.545749190363533913e-14 4.323846724186859573e-14 2.767518217250248746e-14 1.596398988959922880e-14 4.404716064760944608e-15 1.481624418851743726e-15 4.452091930558465971e-15
1.780835244065165542e-15 -1.190108020768058137e-15 6.149324532693561887e-16 -1.067306021313319211e-15 1.479631372131120253e-15 2.081889189278977327e-15 5.219155512882012805e-15 1.707050180087401023e-15 1.633185516653341068e-15 2.844899831464060928e-15 6.194154335141022190e-15 1.133433630658925985e-14 2.042318135568525392e-14 2.549297442702331518e-14 3.264146231637114091e-14 4.109218893223150473e-14 4.753102186379865187e-14 5.220635760434291141e-14 5.757067629770456229e-14 6.255453759583280702e-14 6.060261117106904878e-14 4.097551326105128900e-14 2.173496079122432231e-14 6.010800364556516307e-15 2.653253577896795477e-15 5.290451337242200223e-15
3.033173648568394235e-15 -5.431309778857120937e-16 1.093918067116224679e-15 3.750734912760261101e-16 3.804163101004715442e-15 2.957216668487837823e-15 5.694411056701884551e-15 2.287931646870147996e-15 2.287201225368063908e-15 2.609930693735627214e-15 5.973324437330593887e-15 1.197124977108706203e-14 2.240515142233039112e-14 2.830368808452404330e-14 3.632155558856621305e-14 4.753102186379865187e-14 6.369847128146910515e-14 7.401982606646148347e-14 8.296397739002854974e-14 9.115107745376897084e-14 8.883658799643020773e-14 6.091688760243482802e-14 3.090273616180855436e-14 9.573603768520548282e-15 1.150343135569830223e-15 7.843739283829482728e-15
5.160575146172469782e-15 -7.349458913857440205e-16 2.114322341467616532e-15 1.332588325002472025e-15 6.215133710149844723e-15 3.523304731150228833e-15 6.244671661311657427e-15 3.405009895294245220e-15 3.394419963272523646e-15 3.397047518411901417e-15 6.973526961633968473e-15 1.350087542653145376e-14 2.462634632344015277e-14 3.064428480376536659e-14 3.889390653150120308e-14 5.220635760434291141e-14 7.401982606646148347e-14 9.854107787543966829e-14 1.182185834195490551e-13 1.315261318069436844e-13 1.303558206979793399e-13 9.429748379449312430e-14 4.545202154458663635e-14 1.733810115514339010e-14 4.388014843358369411e-15 1.483519409387894466e-14
6.560173921266780004e-15 -3.036680470222575317e-15 1.595438352645903619e-15 1.442842443240449839e-15 8.724866079471669115e-15 4.960408492464850282e-15 8.971688679375852354e-15 4.316550005845911622e-15 4.103324670947882379e-15 4.011298560481090555e-15 9.582112864629051661e-15 1.692036760737355122e-14 2.892082889144623963e-14 3.394682746355288112e-14 4.240816802195598156e-14 5.757067629770456229e-14 8.296397739002854974e-14 1.182185834195490551e-13 1.590474362845217782e-13 1.861056385647095418e-13 1.896918277551533993e-13 1.480681863217842696e-13 6.964435720105592980e-14 2.283151110794358468e-14 1.103658579117868649e-14 2.932495545652276658e-14
6.416372465736632123e-15 -4.340833613502274319e-15 1.462349476419198914e-15 5.591791705891907173e-17 8.692910787819457644e-15 4.986576038452033025e-15 9.692053238427986773e-15 4.658599447094257390e-15 4.973284415358016061e-15 5.796293663265559426e-15 1.231676060347493316e-14 2.011316886134727622e-14 3.178831324491360971e-14 3.651575138128681824e-14 4.545749190363533913e-14 6.255453759583280702e-14 9.115107745376897084e-14 1.315261318069436844e-13 1.861056385647095418e-13 2.376303440963051055e-13 2.560381875600821722e-13 2.142033282232934458e-13 1.099077497380442056e-13 3.461120055793557185e-14 2.065527610100336062e-14 4.380017534239004991e-14
5.250538907776538462e-15 -6.463729089269586571e-15 5.291543847165278914e-16 -1.270347508895051877e-15 7.643420671650146085e-15 2.652244448720922656e-15 8.360533933004063063e-15 4.310870402873896504e-15 5.505812241184551774e-15 6.119591966531370070e-15 1.223123525456696861e-14 2.019003912166716243e-14 3.082895741165211100e-14 3.459273996137798827e-14 4.323846724186859573e-14 6.060261117106904878e-14 8.883658799643020773e-14 1.303558206979793399e-13 1.896918277551533993e-13 2.560381875600821722e-13 3.022921174302137726e-13 2.793689794747103792e-13 1.670405782950043906e-13 6.130951772133856243e-14 3.336231771964960234e-14 5.208422252963856844e-14
3.343641937567965180e-15 -2.724781391119630499e-15 -1.573020702506753035e-16 -3.681389407454430325e-16 7.008129778358609805e-15 4.169300208386649372e-15 6.997108330321757552e-15 4.501362290391406574e-15 5.520410988701802298e-15 5.151356859963207454e-15 1.096394466159766380e-14 1.636438248350496484e-14 2.100318441108037167e-14 2.113609291667877423e-14 2.767518217250248746e-14 4.097551326105128900e-14 6.091688760243482802e-14 9.429748379449312430e-14 1.480681863217842696e-13 2.142033282232934458e-13 2.793689794747103792e-13 3.206506830923361426e-13 2.464029460178527956e-13 1.253030968542568474e-13 6.397453946702610415e-14 6.665876450906401975e-14
1.073132734650544328e-16 8.488065446303784263e-15 1.158940329116742218e-15 3.606154452903639637e-15 5.521523280266916646e-15 8.037732084039443690e-15 4.747378768285051563e-15 4.792389588785086989e-15 4.996189601534001276e-15 3.762846334466315744e-15 6.611671323756694637e-15 9.291936560440715194e-15 9.531649013335194612e-15 1.104337495711620311e-14 1.596398988959922880e-14 2.173496079122432231e-14 3.090273616180855436e-14 4.545202154458663635e-14 6.964435720105592980e-14 1.099077497380442056e-13 1.670405782950043906e-13 2.464029460178527956e-13 2.830345729728543345e-13 2.241908666467084831e-13 1.187669476844135084e-13 8.122139125792566065e-14
-3.702405198794708615e-16 1.237987545157253776e-14 2.905687328973486243e-15 6.298078276122203046e-15 4.404473197000749038e-15 8.731529941696554356e-15 3.285572449199831378e-15 4.504583702363285717e-15 3.974928974256688980e-15 1.669112811946380676e-15 5.218669999697472686e-16 3.927220573902592658e-16 -1.202262482924198989e-15 7.022715631432106422e-16 4.404716064760944608e-15 6.010800364556516307e-15 9.573603768520548282e-15 1.733810115514339010e-14 2.283151110794358468e-14 3.461120055793557185e-14 6.130951772133856243e-14 1.253030968542568474e-13 2.241908666467084831e-13 2.908461023964922196e-13 2.087205012207820964e-13 1.216069539947916797e-13
-2.850821689483581810e-15 4.660329116282568616e-15 -2.637364089703171341e-15 6.554784570043374287e-16 -2.269531320564465605e-17 5.688819389094630773e-15 3.459041204802774200e-15 -6.540213701188551731e-19 1.799696295865253715e-15 -5.380902849293821391e-16 -4.512730386028928038e-16 -1.445070870548924593e-15 -3.248994192200573249e-15 -3.254759288599185166e-15 1.481624418851743726e-15 2.653253577896795477e-15 1.150343135569830223e-15 4.388014843358369411e-15 1.103658579117868649e-14 2.065527610100336062e-14 3.336231771964960234e-14 6.397453946702610415e-14 1.187669476844135084e-13 2.087205012207820964e-13 2.990079684546310839e-13 2.407527737174876062e-13
-1.951990412923335270e-16 -4.040723934169554288e-15 -4.060474196353758208e-15 -6.013817356543028547e-15 -2.914999592406946175e-16 4.539597849431670919e-15 6.256131136856624321e-15 -7.933529830241663385e-16 1.435113317680468456e-15 -2.783263757565059630e-15 -3.100503158648093583e-15 -2.262287690847596281e-15 -2.107771815245166925e-15 -1.891666980822525526e-15 4.452091930558465971e-15 5.290451337242200223e-15 7.843739283829482728e-15 1.483519409387894466e-14 2.932495545652276658e-14 4.380017534239004991e-14 5.208422252963856844e-14 6.665876450906401975e-14 8.122139125792566065e-14 1.216069539947916797e-13 2.407527737174876062e-13 3.843026406639991606e-13
