1.179230998480848126e-14 -1.171180811220984003e-15 3.801839627512142082e-15 1.301524799809940944e-15 -1.119379867286786756e-15 2.603867390857072054e-15 1.581458976661700246e-15 2.921119697016505652e-15 7.679440082302088790e-16 1.124206215089680341e-15 4.608330637741326125e-17 1.593733979584021356e-16 -4.225871715857865292e-16 3.337089780515022138e-16 -7.963831360528882750e-16 -3.925173901324992892e-16 2.352044717175807744e-16 3.532617469137460633e-16 1.499163084242549046e-16 -4.853418954871507651e-16 -1.254124688944190239e-15 -2.173053460252253507e-15 -6.396659647378504138e-16 3.328361490413679881e-15 -1.358285524714395913e-15 -3.551490250464474600e-15
-1.171180811220984003e-15 1.830495674649219799e-14 4.244465094881236416e-15 1.135930749572139953e-15 -7.669443693864889667e-16 1.255209726697569098e-15 -3.834624953154487397e-15 7.863541658922181391e-16 -1.485128656466366186e-15 1.182897351310688289e-15 1.018761017793052583e-15 3.569273404219390179e-16 -2.582379221077743454e-15 5.713981975081003246e-16 -8.552009794650031068e-16 -2.760378002508448369e-15 -3.743735084652105700e-15 -3.511071254907098856e-15 -6.846257357336928473e-15 -8.281189121700062433e-15 -9.189380918803418775e-15 -7.348181624742865980e-15 3.579135982512071494e-15 7.281213634857741534e-15 1.553124884081688933e-16 -9.026555656224040445e-15
3.801839627512142082e-15 4.244465094881236416e-15 9.672094628820624257e-15 8.370422762056434102e-16 -1.160435102463999024e-15 3.675871532619806310e-15 1.848342478491255715e-15 1.281512991635014654e-15 -4.179519937186751749e-17 1.831909861112256649e-15 3.482089775762900763e-16 5.180316321061539557e-16 -1.367869477103358148e-16 1.546718471536558945e-15 -4.621953985429767296e-17 -9.289485623456322472e-16 3.783146032422631260e-16 8.931919889554470506e-16 -6.529712740121331595e-16 -1.935667573710331733e-15 -2.713146714068097431e-15 -1.381370329797705437e-15 5.798258541683792776e-15 9.445708840264960648e-15 9.179115203102718944e-16 -5.897037366691178698e-15
1.301524799809940944e-15 1.135930749572139953e-15 8.370422762056434102e-16 1.019341019078286248e-14 4.470791224010738444e-15 2.357363963045721142e-15 8.546585127269633578e-17 -2.239531623339079919e-16 7.711258360851081812e-16 -1.956444691187253401e-16 4.736352834060320941e-16 9.516799345358588967e-17 2.096160742453376734e-15 3.639466303575236866e-16 1.890563199138372656e-16 1.529454623297546845e-15 2.671746666965135233e-15 4.311743935590662176e-15 5.941709592462150987e-15 5.070246045546259971e-15 3.418260247320585822e-15 2.882258960960117687e-15 1.553240563626636224e-15 2.504959912049047662e-15 -8.572930442346211343e-16 -4.658887691008702911e-15
-1.119379867286786756e-15 -7.669443693864889667e-16 -1.160435102463999024e-15 4.470791224010738444e-15 4.214422970193455332e-15 1.151955266201161376e-15 6.319908679889482973e-16 5.081999292091708546e-16 1.437138269232237016e-15 -1.629165651336821389e-16 3.632159098435721959e-16 2.269591551134016624e-16 1.998019825063063222e-15 4.778774801175588102e-17 -1.738662457666199963e-16 1.471163615429548535e-15 2.554580743280936850e-15 4.289796772918430560e-15 6.096523658735831509e-15 6.023375924237941052e-15 5.086473368367584276e-15 4.209905077495109365e-15 1.691258128554133268e-15 8.068931880902427890e-16 -1.124202462566934262e-16 -2.055042293405559310e-16
2.603867390857072054e-15 1.255209726697569098e-15 3.675871532619806310e-15 2.357363963045721142e-15 1.151955266201161376e-15 5.395303150851632296e-15 3.421127944634379944e-15 1.819291370335026244e-15 1.024718515987294809e-15 1.575243764634295569e-15 1.128029927495264590e-15 1.342801838332782819e-15 8.097167882161515539e-16 6.644767661494042525e-16 -9.081647340613251988e-17 4.460635237570518753e-16 1.940857256833988253e-15 3.324427231476178028e-15 4.636218089620407800e-15 4.590450866876002067e-15 3.571291253464634762e-15 4.792325966788601144e-15 6.576117212052780715e-15 6.889929931973961449e-15 3.355901965884987948e-15 1.382120284473491958e-15
1.581458976661700246e-15 -3.834624953154487397e-15 1.848342478491255715e-15 8.546585127269633578e-17 6.319908679889482973e-16 3.421127944634379944e-15 8.155542941822274462e-15 2.516651500628764846e-15 1.534404632766571679e-15 1.327562615517198650e-15 1.637017265924840038e-15 2.128538766902838898e-15 3.913580924339989085e-15 4.192070824088472947e-15 4.118848063309780133e-15 5.625586805659861393e-15 6.798502818047085507e-15 7.603457257148330542e-15 1.110565308912780970e-14 1.226440883712012546e-14 1.097334574824260555e-14 9.634059863533327151e-15 6.643188633344173098e-15 3.891576690994099463e-15 3.143675834216795027e-15 8.201645106016308789e-15
2.921119697016505652e-15 7.863541658922181391e-16 1.281512991635014654e-15 -2.239531623339079919e-16 5.081999292091708546e-16 1.819291370335026244e-15 2.516651500628764846e-15 4.513717864207597798e-15 1.826442121796539762e-15 1.840561958458719734e-15 1.343157700113735340e-15 1.559268036123226455e-15 1.898016344277221472e-15 2.377907188630276091e-15 5.124716921643175118e-16 1.462897713284754672e-15 2.026042660604115200e-15 2.632651908969746419e-15 3.148863135342251920e-15 3.400452781305809895e-15 3.281657836495245374e-15 2.940653824934787502e-15 3.782846526027245364e-15 3.813821945938348232e-15 -5.588965830973249785e-16 -2.648719938355070974e-15
7.679440082302088790e-16 -1.485128656466366186e-15 -4.179519937186751749e-17 7.711258360851081812e-16 1.437138269232237016e-15 1.024718515987294809e-15 1.534404632766571679e-15 1.826442121796539762e-15 2.674280091491538090e-15 1.618518402208902843e-15 1.423308940928975660e-15 1.284992717506757092e-15 2.529383558664972276e-15 1.508609684767715106e-15 7.142001106103960438e-16 2.358259980254683930e-15 3.352591232414912366e-15 4.704585394594644053e-15 6.175610148921953093e-15 6.806626459863512641e-15 6.873059643570992442e-15 6.755633091855777848e-15 4.863348693843921849e-15 3.281698113607328394e-15 1.493669691325250752e-15 2.050409072967006338e-15
1.124206215089680341e-15 1.182897351310688289e-15 1.831909861112256649e-15 -1.956444691187253401e-16 -1.629165651336821389e-16 1.575243764634295569e-15 1.327562615517198650e-15 1.840561958458719734e-15 1.618518402208902843e-15 5.517629430986288128e-15 6.617949084769924332e-15 5.988421391754486741e-15 5.888545227981275635e-15 5.642509633633254623e-15 3.203010458105456535e-15 3.274311821959895158e-15 3.225072904404342207e-15 3.974351568345036180e-15 4.924278716386459183e-15 6.553498146036417322e-15 6.582511597784106534e-15 5.774318977933297736e-15 4.597542021722931174e-15 2.665500590898344461e-15 -2.862680687721500487e-16 -3.065856659719477409e-15
4.608330637741326125e-17 1.018761017793052583e-15 3.482089775762900763e-16 4.736352834060320941e-16 3.632159098435721959e-16 1.128029927495264590e-15 1.637017265924840038e-15 1.343157700113735340e-15 1.423308940928975660e-15 6.617949084769924332e-15 1.258295203690541730e-14 1.239516943463217222e-14 1.167112780693095675e-14 1.066087454987320401e-14 7.409328362801711625e-15 7.694662804283168969e-15 7.386097526792361698e-15 8.378913724606283100e-15 1.136552257614616014e-14 1.414719898209602965e-14 1.391695614810340596e-14 1.153308910212262431e-14 6.357082018725017742e-15 1.751155312767184622e-16 -1.165690220243080758e-15 -3.261087882658676897e-15
1.593733979584021356e-16 3.569273404219390179e-16 5.180316321061539557e-16 9.516799345358588967e-17 2.269591551134016624e-16 1.342801838332782819e-15 2.128538766902838898e-15 1.559268036123226455e-15 1.284992717506757092e-15 5.988421391754486741e-15 1.239516943463217222e-14 1.450960943777426092e-14 1.397166001325926750e-14 1.321888946089132666e-14 1.058460657214668109e-14 1.153428630080875341e-14 1.224184297074638667e-14 1.388916326373659160e-14 1.733244979921462062e-14 2.071252655766028940e-14 2.084723997957783864e-14 1.679861898181377522e-14 9.285684509198629166e-15 2.853059073127366906e-16 -1.657056622222850846e-15 -2.247159452691926027e-15
-4.225871715857865292e-16 -2.582379221077743454e-15 -1.367869477103358148e-16 2.096160742453376734e-15 1.998019825063063222e-15 8.097167882161515539e-16 3.913580924339989085e-15 1.898016344277221472e-15 2.529383558664972276e-15 5.888545227981275635e-15 1.167112780693095675e-14 1.397166001325926750e-14 1.936340709457866796e-14 1.896308110824962916e-14 1.747363083308160442e-14 2.034047753367831876e-14 2.224421632684560542e-14 2.437983217440253450e-14 2.866313171494413887e-14 3.183452741843284014e-14 3.071289485356468919e-14 2.102741209936833566e-14 9.361677408516263052e-15 -1.542115679069218570e-15 -3.692951804165711609e-15 -2.141718695172434205e-15
3.337089780515022138e-16 5.713981975081003246e-16 1.546718471536558945e-15 3.639466303575236866e-16 4.778774801175588102e-17 6.644767661494042525e-16 4.192070824088472947e-15 2.377907188630276091e-15 1.508609684767715106e-15 5.642509633633254623e-15 1.066087454987320401e-14 1.321888946089132666e-14 1.896308110824962916e-14 2.297674055242411770e-14 2.311411180199716554e-14 2.542933436903078675e-14 2.804272460195602617e-14 3.029490553879087174e-14 3.343682448963072755e-14 3.611815301511617125e-14 3.405250947906831121e-14 2.071296809753248071e-14 1.051027101266084451e-14 3.562916821846515318e-16 -3.429198046916228874e-15 -2.421833271690573051e-15
-7.963831360528882750e-16 -8.552009794650031068e-16 -4.621953985429767296e-17 1.890563199138372656e-16 -1.738662457666199963e-16 -9.081647340613251988e-17 4.118848063309780133e-15 5.124716921643175118e-16 7.142001106103960438e-16 3.203010458105456535e-15 7.409328362801711625e-15 1.058460657214668109e-14 1.747363083308160442e-14 2.311411180199716554e-14 2.955098658123158859e-14 3.259991437359660229e-14 3.635349303278919289e-14 3.918407129063556382e-14 4.243343272362765185e-14 4.571564100621690126e-14 4.356223683083322231e-14 2.811475694673109913e-14 1.596032459056309102e-14 4.224885070988609171e-15 1.512865161607638524e-15 4.765077788292217231e-15
-3.925173901324992892e-16 -2.760378002508448369e-15 -9.289485623456322472e-16 1.529454623297546845e-15 1.471163615429548535e-15 4.460635237570518753e-16 5.625586805659861393e-15 1.462897713284754672e-15 2.358259980254683930e-15 3.274311821959895158e-15 7.694662804283168969e-15 1.153428630080875341e-14 2.034047753367831876e-14 2.542933436903078675e-14 3.259991437359660229e-14 4.122912179091794396e-14 4.782756468268901189e-14 5.257178752670930333e-14 5.781409456344444739e-14 6.329357008815106811e-14 6.134399815396309994e-14 4.176695449311957804e-14 2.213604105522631914e-14 6.175562630841281530e-15 2.962533246369577556e-15 6.051092992942207157e-15
2.352044717175807744e-16 -3.743735084652105700e-15 3.783146032422631260e-16 2.671746666965135233e-15 2.554580743280936850e-15 1.940857256833988253e-15 6.798502818047085507e-15 2.026042660604115200e-15 3.352591232414912366e-15 3.225072904404342207e-15 7.386097526792361698e-15 1.224184297074638667e-14 2.224421632684560542e-14 2.804272460195602617e-14 3.635349303278919289e-14 4.782756468268901189e-14 6.392335698571947388e-14 7.430663622074150786e-14 8.298161457671352956e-14 9.164393376428049799e-14 8.929254913377739809e-14 6.142875474941309543e-14 3.107354907666106614e-14 9.649058003907950082e-15 1.126455546501340334e-15 8.229451992808500305e-15
3.532617469137460633e-16 -3.511071254907098856e-15 8.931919889554470506e-16 4.311743935590662176e-15 4.289796772918430560e-15 3.324427231476178028e-15 7.603457257148330542e-15 2.632651908969746419e-15 4.704585394594644053e-15 3.974351568345036180e-15 8.378913724606283100e-15 1.388916326373659160e-14 2.437983217440253450e-14 3.029490553879087174e-14 3.918407129063556382e-14 5.257178752670930333e-14 7.430663622074150786e-14 9.869090995648903940e-14 1.179675366003643620e-13 1.317508974483453749e-13 1.304105863211235698e-13 9.444647606896477728e-14 4.541457752749910910e-14 1.736354939624595887e-14 4.431478176806845189e-15 1.500587975099849836e-14
1.499163084242549046e-16 -6.846257357336928473e-15 -6.529712740121331595e-16 5.941709592462150987e-15 6.096523658735831509e-15 4.636218089620407800e-15 1.110565308912780970e-14 3.148863135342251920e-15 6.175610148921953093e-15 4.924278716386459183e-15 1.136552257614616014e-14 1.733244979921462062e-14 2.866313171494413887e-14 3.343682448963072755e-14 4.243343272362765185e-14 5.781409456344444739e-14 8.298161457671352956e-14 1.179675366003643620e-13 1.581345195060312276e-13 1.856558984154113329e-13 1.889162024909741345e-13 1.476630205503687761e-13 6.922480000789562781e-14 2.260247506826620099e-14 1.086173938743738828e-14 2.906536516071816406e-14
-4.853418954871507651e-16 -8.281189121700062433e-15 -1.935667573710331733e-15 5.070246045546259971e-15 6.023375924237941052e-15 4.590450866876002067e-15 1.226440883712012546e-14 3.400452781305809895e-15 6.806626459863512641e-15 6.553498146036417322e-15 1.414719898209602965e-14 2.071252655766028940e-14 3.183452741843284014e-14 3.611815301511617125e-14 4.571564100621690126e-14 6.329357008815106811e-14 9.164393376428049799e-14 1.317508974483453749e-13 1.856558984154113329e-13 2.376815654200055177e-13 2.558030032182610774e-13 2.140563921792860381e-13 1.096516213195911776e-13 3.458895343038964827e-14 2.066495520649093184e-14 4.393571419614938868e-14
-1.254124688944190239e-15 -9.189380918803418775e-15 -2.713146714068097431e-15 3.418260247320585822e-15 5.086473368367584276e-15 3.571291253464634762e-15 1.097334574824260555e-14 3.281657836495245374e-15 6.873059643570992442e-15 6.582511597784106534e-15 1.391695614810340596e-14 2.084723997957783864e-14 3.071289485356468919e-14 3.405250947906831121e-14 4.356223683083322231e-14 6.134399815396309994e-14 8.929254913377739809e-14 1.304105863211235698e-13 1.889162024909741345e-13 2.558030032182610774e-13 3.018869935664164622e-13 2.790700015071903161e-13 1.669087707923154591e-13 6.130331121105645828e-14 3.321570556359543821e-14 5.187561068717808868e-14
-2.173053460252253507e-15 -7.348181624742865980e-15 -1.381370329797705437e-15 2.882258960960117687e-15 4.209905077495109365e-15 4.792325966788601144e-15 9.634059863533327151e-15 2.940653824934787502e-15 6.755633091855777848e-15 5.774318977933297736e-15 1.153308910212262431e-14 1.679861898181377522e-14 2.102741209936833566e-14 2.071296809753248071e-14 2.811475694673109913e-14 4.176695449311957804e-14 6.142875474941309543e-14 9.444647606896477728e-14 1.476630205503687761e-13 2.140563921792860381e-13 2.790700015071903161e-13 3.203241965933981054e-13 2.461627288571122388e-13 1.252239829969052839e-13 6.409634610251974581e-14 6.700276055594772886e-14
-6.396659647378504138e-16 3.579135982512071494e-15 5.798258541683792776e-15 1.553240563626636224e-15 1.691258128554133268e-15 6.576117212052780715e-15 6.643188633344173098e-15 3.782846526027245364e-15 4.863348693843921849e-15 4.597542021722931174e-15 6.357082018725017742e-15 9.285684509198629166e-15 9.361677408516263052e-15 1.051027101266084451e-14 1.596032459056309102e-14 2.213604105522631914e-14 3.107354907666106614e-14 4.541457752749910910e-14 6.922480000789562781e-14 1.096516213195911776e-13 1.669087707923154591e-13 2.461627288571122388e-13 2.829379943967484659e-13 2.241586274635343166e-13 1.186860372623002874e-13 8.113937195872338458e-14
3.328361490413679881e-15 7.281213634857741534e-15 9.445708840264960648e-15 2.504959912049047662e-15 8.068931880902427890e-16 6.889929931973961449e-15 3.891576690994099463e-15 3.813821945938348232e-15 3.281698113607328394e-15 2.665500590898344461e-15 1.751155312767184622e-16 2.853059073127366906e-16 -1.542115679069218570e-15 3.562916821846515318e-16 4.224885070988609171e-15 6.175562630841281530e-15 9.649058003907950082e-15 1.736354939624595887e-14 2.260247506826620099e-14 3.458895343038964827e-14 6.130331121105645828e-14 1.252239829969052839e-13 2.241586274635343166e-13 2.906592130151824594e-13 2.085633595870277293e-13 1.215996648588712799e-13
-1.358285524714395913e-15 1.553124884081688933e-16 9.179115203102718944e-16 -8.572930442346211343e-16 -1.124202462566934262e-16 3.355901965884987948e-15 3.143675834216795027e-15 -5.588965830973249785e-16 1.493669691325250752e-15 -2.862680687721500487e-16 -1.165690220243080758e-15 -1.657056622222850846e-15 -3.692951804165711609e-15 -3.429198046916228874e-15 1.512865161607638524e-15 2.962533246369577556e-15 1.126455546501340334e-15 4.431478176806845189e-15 1.086173938743738828e-14 2.066495520649093184e-14 3.321570556359543821e-14 6.409634610251974581e-14 1.186860372623002874e-13 2.085633595870277293e-13 2.988241135508569691e-13 2.406425136887327653e-13
-3.551490250464474600e-15 -9.026555656224040445e-15 -5.897037366691178698e-15 -4.658887691008702911e-15 -2.055042293405559310e-16 1.382120284473491958e-15 8.201645106016308789e-15 -2.648719938355070974e-15 2.050409072967006338e-15 -3.065856659719477409e-15 -3.261087882658676897e-15 -2.247159452691926027e-15 -2.141718695172434205e-15 -2.421833271690573051e-15 4.765077788292217231e-15 6.051092992942207157e-15 8.229451992808500305e-15 1.500587975099849836e-14 2.906536516071816406e-14 4.393571419614938868e-14 5.187561068717808868e-14 6.700276055594772886e-14 8.113937195872338458e-14 1.215996648588712799e-13 2.406425136887327653e-13 3.843437347037160330e-13
