1.179230998480857276e-14 -1.171180811221009641e-15 3.801839627512152337e-15 1.301524799809941339e-15 -1.119379867286815155e-15 2.603867390857000268e-15 1.581458976661660409e-15 2.921119697016584933e-15 7.679440082300480500e-16 1.124206215089685469e-15 4.608330637744909279e-17 1.593733979584591555e-16 -4.225871715857930373e-16 3.337089780514984667e-16 -7.963831360528195455e-16 -3.925173901324756727e-16 2.352044717175769780e-16 3.532617469137609531e-16 1.499163084242467695e-16 -4.853418954871191121e-16 -1.254124688944205622e-15 -2.173053460252179354e-15 -6.396659647378264521e-16 3.328361490413697236e-15 -1.358285524714503395e-15 -3.551490250464534948e-15
-1.171180811221009641e-15 1.830495674649224532e-14 4.244465094881264815e-15 1.135930749572165788e-15 -7.669443693864816698e-16 1.255209726697565351e-15 -3.834624953154474776e-15 7.863541658921938816e-16 -1.485128656466209794e-15 1.182897351310847047e-15 1.018761017792855368e-15 3.569273404218180264e-16 -2.582379221077740693e-15 5.713981975080679813e-16 -8.552009794649721440e-16 -2.760378002508526467e-15 -3.743735084652137255e-15 -3.511071254907087023e-15 -6.846257357336970283e-15 -8.281189121700054544e-15 -9.189380918803390376e-15 -7.348181624742823382e-15 3.579135982512202445e-15 7.281213634857844086e-15 1.553124884081287107e-16 -9.026555656224045179e-15
3.801839627512152337e-15 4.244465094881264815e-15 9.672094628820654234e-15 8.370422762055671865e-16 -1.160435102464083432e-15 3.675871532619792899e-15 1.848342478491144880e-15 1.281512991635113853e-15 -4.179519937191516345e-17 1.831909861112275582e-15 3.482089775763202009e-16 5.180316321061300927e-16 -1.367869477102712761e-16 1.546718471536526799e-15 -4.621953985428590784e-17 -9.289485623456618295e-16 3.783146032421986366e-16 8.931919889554350205e-16 -6.529712740121755608e-16 -1.935667573710354216e-15 -2.713146714068170795e-15 -1.381370329797721806e-15 5.798258541683894539e-15 9.445708840265020602e-15 9.179115203102709083e-16 -5.897037366691160554e-15
1.301524799809941339e-15 1.135930749572165788e-15 8.370422762055671865e-16 1.019341019078290981e-14 4.470791224010771576e-15 2.357363963045656061e-15 8.546585127278439238e-17 -2.239531623339515765e-16 7.711258360850208148e-16 -1.956444691187322427e-16 4.736352834059857485e-16 9.516799345361476937e-17 2.096160742453441815e-15 3.639466303576490169e-16 1.890563199138720494e-16 1.529454623297613504e-15 2.671746666965201497e-15 4.311743935590695308e-15 5.941709592462236973e-15 5.070246045546340434e-15 3.418260247320642620e-15 2.882258960960087711e-15 1.553240563626524601e-15 2.504959912048896595e-15 -8.572930442346205426e-16 -4.658887691008713955e-15
-1.119379867286815155e-15 -7.669443693864816698e-16 -1.160435102464083432e-15 4.470791224010771576e-15 4.214422970193508975e-15 1.151955266201187211e-15 6.319908679889507625e-16 5.081999292091697699e-16 1.437138269232219858e-15 -1.629165651337433249e-16 3.632159098435407894e-16 2.269591551134228630e-16 1.998019825063036401e-15 4.778774801172306933e-17 -1.738662457666984387e-16 1.471163615429514614e-15 2.554580743280915945e-15 4.289796772918399794e-15 6.096523658735854386e-15 6.023375924237950519e-15 5.086473368367600842e-15 4.209905077495100688e-15 1.691258128554090867e-15 8.068931880901530561e-16 -1.124202462566730884e-16 -2.055042293406605290e-16
2.603867390857000268e-15 1.255209726697565351e-15 3.675871532619792899e-15 2.357363963045656061e-15 1.151955266201187211e-15 5.395303150851668584e-15 3.421127944634324329e-15 1.819291370335056221e-15 1.024718515987258521e-15 1.575243764634278017e-15 1.128029927495272281e-15 1.342801838332753434e-15 8.097167882161564843e-16 6.644767661493285219e-16 -9.081647340622598757e-17 4.460635237569702282e-16 1.940857256833906606e-15 3.324427231476111369e-15 4.636218089620377035e-15 4.590450866875946847e-15 3.571291253464567709e-15 4.792325966788604299e-15 6.576117212052836724e-15 6.889929931973993792e-15 3.355901965885055395e-15 1.382120284473565322e-15
1.581458976661660409e-15 -3.834624953154474776e-15 1.848342478491144880e-15 8.546585127278439238e-17 6.319908679889507625e-16 3.421127944634324329e-15 8.155542941822264996e-15 2.516651500628748280e-15 1.534404632766501865e-15 1.327562615517103987e-15 1.637017265924906105e-15 2.128538766902861381e-15 3.913580924340077438e-15 4.192070824088537634e-15 4.118848063309840087e-15 5.625586805659924501e-15 6.798502818047120217e-15 7.603457257148368408e-15 1.110565308912790910e-14 1.226440883712026114e-14 1.097334574824259608e-14 9.634059863533380794e-15 6.643188633344184931e-15 3.891576690994097097e-15 3.143675834216840781e-15 8.201645106016343499e-15
2.921119697016584933e-15 7.863541658921938816e-16 1.281512991635113853e-15 -2.239531623339515765e-16 5.081999292091697699e-16 1.819291370335056221e-15 2.516651500628748280e-15 4.513717864207646707e-15 1.826442121796555145e-15 1.840561958458725650e-15 1.343157700113682486e-15 1.559268036123169460e-15 1.898016344277204906e-15 2.377907188630209827e-15 5.124716921642516419e-16 1.462897713284680716e-15 2.026042660604017776e-15 2.632651908969643079e-15 3.148863135342106769e-15 3.400452781305687622e-15 3.281657836495049737e-15 2.940653824934781191e-15 3.782846526027418913e-15 3.813821945938561225e-15 -5.588965830971772643e-16 -2.648719938355036265e-15
7.679440082300480500e-16 -1.485128656466209794e-15 -4.179519937191516345e-17 7.711258360850208148e-16 1.437138269232219858e-15 1.024718515987258521e-15 1.534404632766501865e-15 1.826442121796555145e-15 2.674280091491518763e-15 1.618518402208861625e-15 1.423308940929004453e-15 1.284992717506764980e-15 2.529383558664993969e-15 1.508609684767724769e-15 7.142001106104003826e-16 2.358259980254709568e-15 3.352591232414891856e-15 4.704585394594615654e-15 6.175610148921923905e-15 6.806626459863493708e-15 6.873059643570915922e-15 6.755633091855726572e-15 4.863348693843999946e-15 3.281698113607313406e-15 1.493669691325336146e-15 2.050409072967163716e-15
1.124206215089685469e-15 1.182897351310847047e-15 1.831909861112275582e-15 -1.956444691187322427e-16 -1.629165651337433249e-16 1.575243764634278017e-15 1.327562615517103987e-15 1.840561958458725650e-15 1.618518402208861625e-15 5.517629430986318894e-15 6.617949084769957464e-15 5.988421391754491474e-15 5.888545227981288256e-15 5.642509633633283811e-15 3.203010458105464029e-15 3.274311821959884902e-15 3.225072904404274759e-15 3.974351568344986481e-15 4.924278716386355054e-15 6.553498146036356580e-15 6.582511597783970849e-15 5.774318977933180985e-15 4.597542021722976928e-15 2.665500590898395343e-15 -2.862680687721743062e-16 -3.065856659719707362e-15
4.608330637744909279e-17 1.018761017792855368e-15 3.482089775763202009e-16 4.736352834059857485e-16 3.632159098435407894e-16 1.128029927495272281e-15 1.637017265924906105e-15 1.343157700113682486e-15 1.423308940929004453e-15 6.617949084769957464e-15 1.258295203690538259e-14 1.239516943463215645e-14 1.167112780693094098e-14 1.066087454987315510e-14 7.409328362801601184e-15 7.694662804283101127e-15 7.386097526792297012e-15 8.378913724606259434e-15 1.136552257614611123e-14 1.414719898209607540e-14 1.391695614810333023e-14 1.153308910212265113e-14 6.357082018725094261e-15 1.751155312767047311e-16 -1.165690220243153925e-15 -3.261087882658681236e-15
1.593733979584591555e-16 3.569273404218180264e-16 5.180316321061300927e-16 9.516799345361476937e-17 2.269591551134228630e-16 1.342801838332753434e-15 2.128538766902861381e-15 1.559268036123169460e-15 1.284992717506764980e-15 5.988421391754491474e-15 1.239516943463215645e-14 1.450960943777424830e-14 1.397166001325932429e-14 1.321888946089133297e-14 1.058460657214666216e-14 1.153428630080877865e-14 1.224184297074639456e-14 1.388916326373661684e-14 1.733244979921463008e-14 2.071252655766042193e-14 2.084723997957774082e-14 1.679861898181379415e-14 9.285684509198676498e-15 2.853059073127465021e-16 -1.657056622222840985e-15 -2.247159452691885400e-15
-4.225871715857930373e-16 -2.582379221077740693e-15 -1.367869477102712761e-16 2.096160742453441815e-15 1.998019825063036401e-15 8.097167882161564843e-16 3.913580924340077438e-15 1.898016344277204906e-15 2.529383558664993969e-15 5.888545227981288256e-15 1.167112780693094098e-14 1.397166001325932429e-14 1.936340709457880049e-14 1.896308110824977115e-14 1.747363083308156656e-14 2.034047753367836925e-14 2.224421632684564329e-14 2.437983217440260391e-14 2.866313171494425246e-14 3.183452741843306733e-14 3.071289485356458190e-14 2.102741209936839561e-14 9.361677408516461845e-15 -1.542115679069176957e-15 -3.692951804165698987e-15 -2.141718695172611699e-15
3.337089780514984667e-16 5.713981975080679813e-16 1.546718471536526799e-15 3.639466303576490169e-16 4.778774801172306933e-17 6.644767661493285219e-16 4.192070824088537634e-15 2.377907188630209827e-15 1.508609684767724769e-15 5.642509633633283811e-15 1.066087454987315510e-14 1.321888946089133297e-14 1.896308110824977115e-14 2.297674055242426916e-14 2.311411180199722865e-14 2.542933436903086563e-14 2.804272460195604510e-14 3.029490553879090961e-14 3.343682448963079066e-14 3.611815301511641106e-14 3.405250947906813450e-14 2.071296809753252488e-14 1.051027101266095022e-14 3.562916821846274223e-16 -3.429198046916238341e-15 -2.421833271690659825e-15
-7.963831360528195455e-16 -8.552009794649721440e-16 -4.621953985428590784e-17 1.890563199138720494e-16 -1.738662457666984387e-16 -9.081647340622598757e-17 4.118848063309840087e-15 5.124716921642516419e-16 7.142001106104003826e-16 3.203010458105464029e-15 7.409328362801601184e-15 1.058460657214666216e-14 1.747363083308156656e-14 2.311411180199722865e-14 2.955098658123153180e-14 3.259991437359653918e-14 3.635349303278899725e-14 3.918407129063535556e-14 4.243343272362748777e-14 4.571564100621686971e-14 4.356223683083264802e-14 2.811475694673096029e-14 1.596032459056319515e-14 4.224885070988602071e-15 1.512865161607626494e-15 4.765077788292092591e-15
-3.925173901324756727e-16 -2.760378002508526467e-15 -9.289485623456618295e-16 1.529454623297613504e-15 1.471163615429514614e-15 4.460635237569702282e-16 5.625586805659924501e-15 1.462897713284680716e-15 2.358259980254709568e-15 3.274311821959884902e-15 7.694662804283101127e-15 1.153428630080877865e-14 2.034047753367836925e-14 2.542933436903086563e-14 3.259991437359653918e-14 4.122912179091796920e-14 4.782756468268899296e-14 5.257178752670922129e-14 5.781409456344446001e-14 6.329357008815129530e-14 6.134399815396269604e-14 4.176695449311964746e-14 2.213604105522646745e-14 6.175562630841209744e-15 2.962533246369583472e-15 6.051092992942121960e-15
2.352044717175769780e-16 -3.743735084652137255e-15 3.783146032421986366e-16 2.671746666965201497e-15 2.554580743280915945e-15 1.940857256833906606e-15 6.798502818047120217e-15 2.026042660604017776e-15 3.352591232414891856e-15 3.225072904404274759e-15 7.386097526792297012e-15 1.224184297074639456e-14 2.224421632684564329e-14 2.804272460195604510e-14 3.635349303278899725e-14 4.782756468268899296e-14 6.392335698571928455e-14 7.430663622074133116e-14 8.298161457671350431e-14 9.164393376428068732e-14 8.929254913377667865e-14 6.142875474941307019e-14 3.107354907666121760e-14 9.649058003907879085e-15 1.126455546501492584e-15 8.229451992808493994e-15
3.532617469137609531e-16 -3.511071254907087023e-15 8.931919889554350205e-16 4.311743935590695308e-15 4.289796772918399794e-15 3.324427231476111369e-15 7.603457257148368408e-15 2.632651908969643079e-15 4.704585394594615654e-15 3.974351568344986481e-15 8.378913724606259434e-15 1.388916326373661684e-14 2.437983217440260391e-14 3.029490553879090961e-14 3.918407129063535556e-14 5.257178752670922129e-14 7.430663622074133116e-14 9.869090995648863550e-14 1.179675366003640843e-13 1.317508974483452992e-13 1.304105863211222319e-13 9.444647606896432289e-14 4.541457752749924163e-14 1.736354939624581688e-14 4.431478176806916186e-15 1.500587975099828379e-14
1.499163084242467695e-16 -6.846257357336970283e-15 -6.529712740121755608e-16 5.941709592462236973e-15 6.096523658735854386e-15 4.636218089620377035e-15 1.110565308912790910e-14 3.148863135342106769e-15 6.175610148921923905e-15 4.924278716386355054e-15 1.136552257614611123e-14 1.733244979921463008e-14 2.866313171494425246e-14 3.343682448963079066e-14 4.243343272362748777e-14 5.781409456344446001e-14 8.298161457671350431e-14 1.179675366003640843e-13 1.581345195060312276e-13 1.856558984154118125e-13 1.889162024909724937e-13 1.476630205503685236e-13 6.922480000789617054e-14 2.260247506826612841e-14 1.086173938743764545e-14 2.906536516071806940e-14
-4.853418954871191121e-16 -8.281189121700054544e-15 -1.935667573710354216e-15 5.070246045546340434e-15 6.023375924237950519e-15 4.590450866875946847e-15 1.226440883712026114e-14 3.400452781305687622e-15 6.806626459863493708e-15 6.553498146036356580e-15 1.414719898209607540e-14 2.071252655766042193e-14 3.183452741843306733e-14 3.611815301511641106e-14 4.571564100621686971e-14 6.329357008815129530e-14 9.164393376428068732e-14 1.317508974483452992e-13 1.856558984154118125e-13 2.376815654200069819e-13 2.558030032182599162e-13 2.140563921792863915e-13 1.096516213195922252e-13 3.458895343038984391e-14 2.066495520649141778e-14 4.393571419614957169e-14
-1.254124688944205622e-15 -9.189380918803390376e-15 -2.713146714068170795e-15 3.418260247320642620e-15 5.086473368367600842e-15 3.571291253464567709e-15 1.097334574824259608e-14 3.281657836495049737e-15 6.873059643570915922e-15 6.582511597783970849e-15 1.391695614810333023e-14 2.084723997957774082e-14 3.071289485356458190e-14 3.405250947906813450e-14 4.356223683083264802e-14 6.134399815396269604e-14 8.929254913377667865e-14 1.304105863211222319e-13 1.889162024909724937e-13 2.558030032182599162e-13 3.018869935664119183e-13 2.790700015071875394e-13 1.669087707923147523e-13 6.130331121105583981e-14 3.321570556359543821e-14 5.187561068717726826e-14
-2.173053460252179354e-15 -7.348181624742823382e-15 -1.381370329797721806e-15 2.882258960960087711e-15 4.209905077495100688e-15 4.792325966788604299e-15 9.634059863533380794e-15 2.940653824934781191e-15 6.755633091855726572e-15 5.774318977933180985e-15 1.153308910212265113e-14 1.679861898181379415e-14 2.102741209936839561e-14 2.071296809753252488e-14 2.811475694673096029e-14 4.176695449311964746e-14 6.142875474941307019e-14 9.444647606896432289e-14 1.476630205503685236e-13 2.140563921792863915e-13 2.790700015071875394e-13 3.203241965933973986e-13 2.461627288571132485e-13 1.252239829969052587e-13 6.409634610252013709e-14 6.700276055594776673e-14
-6.396659647378264521e-16 3.579135982512202445e-15 5.798258541683894539e-15 1.553240563626524601e-15 1.691258128554090867e-15 6.576117212052836724e-15 6.643188633344184931e-15 3.782846526027418913e-15 4.863348693843999946e-15 4.597542021722976928e-15 6.357082018725094261e-15 9.285684509198676498e-15 9.361677408516461845e-15 1.051027101266095022e-14 1.596032459056319515e-14 2.213604105522646745e-14 3.107354907666121760e-14 4.541457752749924163e-14 6.922480000789617054e-14 1.096516213195922252e-13 1.669087707923147523e-13 2.461627288571132485e-13 2.829379943967516466e-13 2.241586274635359070e-13 1.186860372623016253e-13 8.113937195872415451e-14
3.328361490413697236e-15 7.281213634857844086e-15 9.445708840265020602e-15 2.504959912048896595e-15 8.068931880901530561e-16 6.889929931973993792e-15 3.891576690994097097e-15 3.813821945938561225e-15 3.281698113607313406e-15 2.665500590898395343e-15 1.751155312767047311e-16 2.853059073127465021e-16 -1.542115679069176957e-15 3.562916821846274223e-16 4.224885070988602071e-15 6.175562630841209744e-15 9.649058003907879085e-15 1.736354939624581688e-14 2.260247506826612841e-14 3.458895343038984391e-14 6.130331121105583981e-14 1.252239829969052587e-13 2.241586274635359070e-13 2.906592130151829643e-13 2.085633595870282594e-13 1.215996648588715828e-13
-1.358285524714503395e-15 1.553124884081287107e-16 9.179115203102709083e-16 -8.572930442346205426e-16 -1.124202462566730884e-16 3.355901965885055395e-15 3.143675834216840781e-15 -5.588965830971772643e-16 1.493669691325336146e-15 -2.862680687721743062e-16 -1.165690220243153925e-15 -1.657056622222840985e-15 -3.692951804165698987e-15 -3.429198046916238341e-15 1.512865161607626494e-15 2.962533246369583472e-15 1.126455546501492584e-15 4.431478176806916186e-15 1.086173938743764545e-14 2.066495520649141778e-14 3.321570556359543821e-14 6.409634610252013709e-14 1.186860372623016253e-13 2.085633595870282594e-13 2.988241135508577769e-13 2.406425136887328158e-13
-3.551490250464534948e-15 -9.026555656224045179e-15 -5.897037366691160554e-15 -4.658887691008713955e-15 -2.055042293406605290e-16 1.382120284473565322e-15 8.201645106016343499e-15 -2.648719938355036265e-15 2.050409072967163716e-15 -3.065856659719707362e-15 -3.261087882658681236e-15 -2.247159452691885400e-15 -2.141718695172611699e-15 -2.421833271690659825e-15 4.765077788292092591e-15 6.051092992942121960e-15 8.229451992808493994e-15 1.500587975099828379e-14 2.906536516071806940e-14 4.393571419614957169e-14 5.187561068717726826e-14 6.700276055594776673e-14 8.113937195872415451e-14 1.215996648588715828e-13 2.406425136887328158e-13 3.843437347037162349e-13
