3.096725175317553013e-09 2.216708755785600183e-10 4.984109923205810891e-11 1.040764512394151537e-11 -8.377390551919496629e-11 -2.450873804694973405e-11 -7.100488859896069762e-11 3.534789742425314294e-11 -1.655936811328190587e-11 -8.423862459927144998e-12 3.800710545472970989e-11 3.068848713969020846e-11 3.058741939448843519e-11 3.921063852533546594e-11 1.527125286426402568e-11 4.604592250415453440e-12 2.157163405640274403e-11 8.564834903097534485e-12 -1.514550629475721744e-11 -6.913784171638659934e-12 1.739033510961394099e-12 -1.983397891228941957e-11 4.008426919251601187e-12 5.514293623182679343e-12 3.969776135388529262e-12 -5.869891573498070474e-12
2.216708755785600183e-10 1.551369543569568488e-09 8.207056720216600973e-11 3.505336263051623111e-11 7.437102192337056263e-11 -8.603680872469045318e-11 -1.797506030857244803e-11 -9.180974215268899671e-13 -2.160093482306355008e-12 -2.566465489692501151e-11 -1.944188728283227041e-11 -9.982585057726529461e-12 -8.787206660327106964e-12 2.227176061956285415e-12 1.466828739995888291e-11 3.703963694052698640e-12 -9.575505991326369457e-12 -8.157014753821729234e-12 -2.515139781700106008e-12 -9.182925283891049798e-12 -5.723816567080596425e-12 -2.142277815474191128e-11 -5.723359744796575743e-12 1.799330065675223137e-11 6.135076736937857549e-12 -3.142090392068315984e-12
4.984109923205810891e-11 8.207056720216600973e-11 1.108287173321940707e-09 3.886613221544700398e-11 5.460257031749190840e-11 6.868237744860636117e-13 -1.661079255485455298e-12 -3.121450246361631147e-11 1.267192444618316018e-11 -6.733783030628903625e-12 -5.244623361214145157e-12 2.041753024077475501e-11 -8.718308548285115455e-13 1.150795475521635560e-11 1.792131859983191090e-11 4.216281565745154324e-12 -1.230530890275416285e-11 -3.672077354600023204e-12 -1.487046125214328024e-12 -7.084140720727249192e-12 1.580089767643139296e-12 1.610381591656853752e-12 7.432085312516858864e-12 -1.216389177284829522e-12 -2.073290963970647152e-13 -2.221379130249296621e-13
1.040764512394151537e-11 3.505336263051623111e-11 3.886613221544700398e-11 6.277452422460597724e-10 2.425409051166730781e-11 -1.358488579535878277e-11 -2.712190452115080465e-11 -2.023297865638202448e-11 -6.816339600887222076e-12 -8.757161960521169242e-12 1.929073855938642900e-11 -6.419466791709691040e-12 1.070030064347159973e-11 1.302596710808504185e-11 3.570409315431984431e-12 -1.303925306963729475e-11 -1.103218311282648202e-11 -1.482565200929936749e-11 -1.467955164652991526e-11 -9.422286322383962685e-12 -1.304836020138926242e-11 -7.771649260442872385e-12 -3.777437821073229506e-12 -2.989411222753180539e-12 -9.813024369913389164e-13 3.755637828728659486e-12
-8.377390551919496629e-11 7.437102192337056263e-11 5.460257031749190840e-11 2.425409051166730781e-11 5.183039329092961546e-10 7.344800221326061572e-11 6.018419768940118845e-11 6.786623408187831904e-12 5.242248891243692596e-12 -2.202366680586065923e-12 -6.977355088280081461e-12 5.675429123580472121e-12 -1.156799727014478547e-12 -5.198141550593161795e-13 1.346088944482451437e-11 1.637150690395582145e-11 1.078529118608457953e-12 -3.829285649523582789e-12 -2.360236452320169339e-12 3.570021222734187986e-12 1.079323857830643008e-11 2.883217258384679055e-12 2.856412430924831518e-12 3.438997383692397868e-12 1.793387209248947045e-12 -2.703024035481616939e-13
-2.450873804694973405e-11 -8.603680872469045318e-11 6.868237744860636117e-13 -1.358488579535878277e-11 7.344800221326061572e-11 2.933735988110051603e-10 4.160190149282617873e-11 2.114829743242581805e-11 1.223146323851065105e-11 5.978054745777918969e-12 -3.537140563473028885e-12 -7.082669490987785907e-12 -5.842871600906756596e-12 -1.045418575091035051e-11 -1.790795846499178454e-11 -6.149554957636618873e-12 -1.460686093860952139e-12 5.071501208328989665e-12 3.689079536676458905e-12 3.899078819939600334e-12 3.960382949218725306e-12 8.891300463926116077e-12 3.674669830670942305e-12 2.291548708011227998e-12 -1.043038712794167146e-12 -1.205923148156953219e-13
-7.100488859896069762e-11 -1.797506030857244803e-11 -1.661079255485455298e-12 -2.712190452115080465e-11 6.018419768940118845e-11 4.160190149282617873e-11 1.988622048008203872e-10 2.591591295030695880e-11 1.452917697589766662e-11 5.510562093486532165e-12 7.981439333850852730e-12 1.313404947814181762e-12 -4.520475546030069431e-13 -2.888396929741988085e-12 -2.501681111165287673e-12 -4.735315121367038577e-12 -2.784139209956547489e-12 1.045348783518674992e-12 -7.035050393693090158e-12 -3.819401383517012316e-12 4.480042421855262622e-12 4.247057387992754466e-12 1.051200732112453749e-12 7.121016755412962316e-13 8.541388978301693468e-13 2.310086124555999991e-12
3.534789742425314294e-11 -9.180974215268899671e-13 -3.121450246361631147e-11 -2.023297865638202448e-11 6.786623408187831904e-12 2.114829743242581805e-11 2.591591295030695880e-11 1.682843067009317099e-10 3.346056605690091785e-11 1.226169402372073078e-11 -8.961272993702874489e-13 3.726210676297901835e-12 9.037705923058977818e-13 -4.684028156023382936e-12 -3.214522527968563571e-12 9.185909324450051310e-14 4.358069459576119211e-12 3.112328688012296295e-13 -2.153569409806799431e-12 -1.425798093356959309e-12 1.310947245635855684e-12 -1.989920885122058671e-12 -2.541901075912842393e-12 2.498854169454739791e-13 5.032606800259328463e-13 -5.089711270573131368e-13
-1.655936811328190587e-11 -2.160093482306355008e-12 1.267192444618316018e-11 -6.816339600887222076e-12 5.242248891243692596e-12 1.223146323851065105e-11 1.452917697589766662e-11 3.346056605690091785e-11 1.133251968726813401e-10 2.482302350878247240e-11 1.162167278414117586e-11 8.924652246856885359e-12 1.100017832566988173e-11 -5.271087568994539630e-12 -4.442370902374012798e-13 -1.763861935348585648e-12 -3.706629760607971563e-12 -2.718337667280664673e-12 -3.726152616344314954e-13 -3.556246301242342989e-13 4.143418213629615401e-13 3.024742360907233483e-12 2.008484993798011004e-12 -1.228179726332740605e-12 -1.326652292237658495e-12 -1.294582050965946668e-13
-8.423862459927144998e-12 -2.566465489692501151e-11 -6.733783030628903625e-12 -8.757161960521169242e-12 -2.202366680586065923e-12 5.978054745777918969e-12 5.510562093486532165e-12 1.226169402372073078e-11 2.482302350878247240e-11 8.190913777124126102e-11 2.143003735759211682e-11 1.504408243641958786e-11 5.209294814968731304e-12 1.237171091977603720e-13 3.042655403464230843e-12 -3.943822977131286841e-13 1.964438338468209159e-12 -2.148951552352553495e-12 -2.173172084454869589e-12 -2.779073568772835952e-12 1.346290011517491710e-12 4.290126222141013446e-13 -2.092649960362545862e-12 2.771746699581833535e-13 3.625035838117538256e-14 1.092772475947233088e-12
3.800710545472970989e-11 -1.944188728283227041e-11 -5.244623361214145157e-12 1.929073855938642900e-11 -6.977355088280081461e-12 -3.537140563473028885e-12 7.981439333850852730e-12 -8.961272993702874489e-13 1.162167278414117586e-11 2.143003735759211682e-11 7.075608910968038238e-11 2.252871028869465176e-11 1.484874381226428157e-11 7.145682624488420096e-12 7.940794311701747888e-12 5.827124640364632853e-12 1.216067391760504810e-12 -1.866344025222909073e-13 -4.452439982103015616e-12 -2.872890109712768835e-12 -1.333894859967870559e-12 -1.198049003481394341e-12 4.456798866119752763e-13 -1.438354534141547778e-12 -6.057951821219383828e-13 -3.027582390084854520e-14
3.068848713969020846e-11 -9.982585057726529461e-12 2.041753024077475501e-11 -6.419466791709691040e-12 5.675429123580472121e-12 -7.082669490987785907e-12 1.313404947814181762e-12 3.726210676297901835e-12 8.924652246856885359e-12 1.504408243641958786e-11 2.252871028869465176e-11 4.691670302291302688e-11 2.122386964160408277e-11 7.872491140917844014e-12 8.459186379341787382e-12 5.173069563890606164e-12 3.740199429564834407e-12 -4.512237561751623864e-13 4.465624826720683064e-13 2.064022266523548689e-12 2.291442345211291008e-12 2.311048803932928820e-12 1.592354970651528907e-12 -8.926786993628320696e-13 -1.593992941497632872e-12 -9.665730650957197574e-15
3.058741939448843519e-11 -8.787206660327106964e-12 -8.718308548285115455e-13 1.070030064347159973e-11 -1.156799727014478547e-12 -5.842871600906756596e-12 -4.520475546030069431e-13 9.037705923058977818e-13 1.100017832566988173e-11 5.209294814968731304e-12 1.484874381226428157e-11 2.122386964160408277e-11 4.735953662884137349e-11 1.976802894687812781e-11 1.134910312321227525e-11 5.058706220125403851e-12 3.726977827587332801e-12 1.722056918190322725e-12 3.267957570364753644e-12 5.247942356208563319e-12 4.596205551747209742e-13 7.743366806605592068e-13 7.617260123276921260e-13 3.355474383255733094e-13 -1.129455964970018266e-12 -3.223971820861226430e-13
3.921063852533546594e-11 2.227176061956285415e-12 1.150795475521635560e-11 1.302596710808504185e-11 -5.198141550593161795e-13 -1.045418575091035051e-11 -2.888396929741988085e-12 -4.684028156023382936e-12 -5.271087568994539630e-12 1.237171091977603720e-13 7.145682624488420096e-12 7.872491140917844014e-12 1.976802894687812781e-11 4.630687010018111280e-11 2.178713094816995299e-11 8.804418042109528020e-12 1.079684340962890438e-12 7.357999630863629448e-13 1.402192335389109234e-12 1.126882553716498459e-12 -2.545942347757859194e-12 -3.847926702501658580e-12 -7.123944172405348102e-13 3.413183855056833272e-13 -7.036008896988773326e-14 4.119587969420053715e-13
1.527125286426402568e-11 1.466828739995888291e-11 1.792131859983191090e-11 3.570409315431984431e-12 1.346088944482451437e-11 -1.790795846499178454e-11 -2.501681111165287673e-12 -3.214522527968563571e-12 -4.442370902374012798e-13 3.042655403464230843e-12 7.940794311701747888e-12 8.459186379341787382e-12 1.134910312321227525e-11 2.178713094816995299e-11 3.185411829696429987e-11 1.510507988158110794e-11 6.419705883032764215e-12 2.351315550759049665e-12 1.126943206115864339e-12 1.114913809824561172e-12 -1.707973702372663742e-12 -3.329354140695076509e-12 3.657947622398474283e-13 -6.628635520498919878e-14 -3.354553598988807484e-13 6.713357434118215769e-13
4.604592250415453440e-12 3.703963694052698640e-12 4.216281565745154324e-12 -1.303925306963729475e-11 1.637150690395582145e-11 -6.149554957636618873e-12 -4.735315121367038577e-12 9.185909324450051310e-14 -1.763861935348585648e-12 -3.943822977131286841e-13 5.827124640364632853e-12 5.173069563890606164e-12 5.058706220125403851e-12 8.804418042109528020e-12 1.510507988158110794e-11 2.860042002423375553e-11 1.276261015897670211e-11 4.069613974616872736e-12 2.750625839035518215e-12 1.493876070536442182e-12 -1.531491809783116399e-12 -1.445685671132075587e-12 1.176206960808316952e-13 -4.237073544511601068e-13 -6.389133698674101144e-13 2.535451539813073707e-13
2.157163405640274403e-11 -9.575505991326369457e-12 -1.230530890275416285e-11 -1.103218311282648202e-11 1.078529118608457953e-12 -1.460686093860952139e-12 -2.784139209956547489e-12 4.358069459576119211e-12 -3.706629760607971563e-12 1.964438338468209159e-12 1.216067391760504810e-12 3.740199429564834407e-12 3.726977827587332801e-12 1.079684340962890438e-12 6.419705883032764215e-12 1.276261015897670211e-11 2.266135536712429105e-11 9.746383227734365634e-12 2.611312757595151462e-12 2.091665974028976204e-12 -4.152410717426240470e-14 -9.666543463384303033e-13 2.892300593845846771e-14 -7.178570639062241851e-14 4.125715593465892131e-13 1.029817693984662648e-12
8.564834903097534485e-12 -8.157014753821729234e-12 -3.672077354600023204e-12 -1.482565200929936749e-11 -3.829285649523582789e-12 5.071501208328989665e-12 1.045348783518674992e-12 3.112328688012296295e-13 -2.718337667280664673e-12 -2.148951552352553495e-12 -1.866344025222909073e-13 -4.512237561751623864e-13 1.722056918190322725e-12 7.357999630863629448e-13 2.351315550759049665e-12 4.069613974616872736e-12 9.746383227734365634e-12 2.104015912738159817e-11 7.887739451859398779e-12 3.338226662862353269e-12 1.160385471116738696e-12 1.251898768781034816e-13 -8.149145354805422372e-13 -5.344720391951400665e-13 6.840586176791573696e-13 1.728646635238829637e-13
-1.514550629475721744e-11 -2.515139781700106008e-12 -1.487046125214328024e-12 -1.467955164652991526e-11 -2.360236452320169339e-12 3.689079536676458905e-12 -7.035050393693090158e-12 -2.153569409806799431e-12 -3.726152616344314954e-13 -2.173172084454869589e-12 -4.452439982103015616e-12 4.465624826720683064e-13 3.267957570364753644e-12 1.402192335389109234e-12 1.126943206115864339e-12 2.750625839035518215e-12 2.611312757595151462e-12 7.887739451859398779e-12 1.689063190777047225e-11 9.428394600133063599e-12 1.856588283935642480e-12 -1.950201274263112194e-14 1.084853186444521768e-13 -1.078837372119992806e-13 2.756123345532411233e-13 -3.894670267061979489e-13
-6.913784171638659934e-12 -9.182925283891049798e-12 -7.084140720727249192e-12 -9.422286322383962685e-12 3.570021222734187986e-12 3.899078819939600334e-12 -3.819401383517012316e-12 -1.425798093356959309e-12 -3.556246301242342989e-13 -2.779073568772835952e-12 -2.872890109712768835e-12 2.064022266523548689e-12 5.247942356208563319e-12 1.126882553716498459e-12 1.114913809824561172e-12 1.493876070536442182e-12 2.091665974028976204e-12 3.338226662862353269e-12 9.428394600133063599e-12 1.656176115319716874e-11 5.169202133421830194e-12 8.150557757364994708e-13 1.914065082914832986e-12 8.820867043853904533e-13 3.902586864646421952e-13 -4.269761251220132791e-13
1.739033510961394099e-12 -5.723816567080596425e-12 1.580089767643139296e-12 -1.304836020138926242e-11 1.079323857830643008e-11 3.960382949218725306e-12 4.480042421855262622e-12 1.310947245635855684e-12 4.143418213629615401e-13 1.346290011517491710e-12 -1.333894859967870559e-12 2.291442345211291008e-12 4.596205551747209742e-13 -2.545942347757859194e-12 -1.707973702372663742e-12 -1.531491809783116399e-12 -4.152410717426240470e-14 1.160385471116738696e-12 1.856588283935642480e-12 5.169202133421830194e-12 1.292413680766333327e-11 4.970960061871563758e-12 2.176300585424018861e-12 1.293066535026044639e-12 3.952862341075716316e-13 -4.598910651238546469e-13
-1.983397891228941957e-11 -2.142277815474191128e-11 1.610381591656853752e-12 -7.771649260442872385e-12 2.883217258384679055e-12 8.891300463926116077e-12 4.247057387992754466e-12 -1.989920885122058671e-12 3.024742360907233483e-12 4.290126222141013446e-13 -1.198049003481394341e-12 2.311048803932928820e-12 7.743366806605592068e-13 -3.847926702501658580e-12 -3.329354140695076509e-12 -1.445685671132075587e-12 -9.666543463384303033e-13 1.251898768781034816e-13 -1.950201274263112194e-14 8.150557757364994708e-13 4.970960061871563758e-12 1.151064987380002140e-11 4.216988484865121700e-12 1.642695020231840460e-13 -3.554409915342399832e-13 -9.187340369844217646e-14
4.008426919251601187e-12 -5.723359744796575743e-12 7.432085312516858864e-12 -3.777437821073229506e-12 2.856412430924831518e-12 3.674669830670942305e-12 1.051200732112453749e-12 -2.541901075912842393e-12 2.008484993798011004e-12 -2.092649960362545862e-12 4.456798866119752763e-13 1.592354970651528907e-12 7.617260123276921260e-13 -7.123944172405348102e-13 3.657947622398474283e-13 1.176206960808316952e-13 2.892300593845846771e-14 -8.149145354805422372e-13 1.084853186444521768e-13 1.914065082914832986e-12 2.176300585424018861e-12 4.216988484865121700e-12 8.583943402093275272e-12 1.276315830703129384e-12 -1.017684425214232803e-12 2.507201836895085211e-13
5.514293623182679343e-12 1.799330065675223137e-11 -1.216389177284829522e-12 -2.989411222753180539e-12 3.438997383692397868e-12 2.291548708011227998e-12 7.121016755412962316e-13 2.498854169454739791e-13 -1.228179726332740605e-12 2.771746699581833535e-13 -1.438354534141547778e-12 -8.926786993628320696e-13 3.355474383255733094e-13 3.413183855056833272e-13 -6.628635520498919878e-14 -4.237073544511601068e-13 -7.178570639062241851e-14 -5.344720391951400665e-13 -1.078837372119992806e-13 8.820867043853904533e-13 1.293066535026044639e-12 1.642695020231840460e-13 1.276315830703129384e-12 5.440752822927492746e-12 6.692956994749635926e-13 -3.278903206359321633e-14
3.969776135388529262e-12 6.135076736937857549e-12 -2.073290963970647152e-13 -9.813024369913389164e-13 1.793387209248947045e-12 -1.043038712794167146e-12 8.541388978301693468e-13 5.032606800259328463e-13 -1.326652292237658495e-12 3.625035838117538256e-14 -6.057951821219383828e-13 -1.593992941497632872e-12 -1.129455964970018266e-12 -7.036008896988773326e-14 -3.354553598988807484e-13 -6.389133698674101144e-13 4.125715593465892131e-13 6.840586176791573696e-13 2.756123345532411233e-13 3.902586864646421952e-13 3.952862341075716316e-13 -3.554409915342399832e-13 -1.017684425214232803e-12 6.692956994749635926e-13 3.356972134447980618e-12 -8.714645839271406171e-14
-5.869891573498070474e-12 -3.142090392068315984e-12 -2.221379130249296621e-13 3.755637828728659486e-12 -2.703024035481616939e-13 -1.205923148156953219e-13 2.310086124555999991e-12 -5.089711270573131368e-13 -1.294582050965946668e-13 1.092772475947233088e-12 -3.027582390084854520e-14 -9.665730650957197574e-15 -3.223971820861226430e-13 4.119587969420053715e-13 6.713357434118215769e-13 2.535451539813073707e-13 1.029817693984662648e-12 1.728646635238829637e-13 -3.894670267061979489e-13 -4.269761251220132791e-13 -4.598910651238546469e-13 -9.187340369844217646e-14 2.507201836895085211e-13 -3.278903206359321633e-14 -8.714645839271406171e-14 2.640907412895279265e-12
