4.282003938254810698e-09 6.254142545412000816e-10 5.463690590260619301e-11 -8.206794710895385677e-11 1.740845271452973158e-10 1.466394778637791919e-10 7.006856998321734405e-11 4.424930195682699139e-12 -5.175706318918479628e-11 8.163519881076016843e-11 9.776167697312798989e-11 6.805113060748178421e-11 1.360785469063394813e-10 1.049116874433544110e-10 6.435758915335869956e-11 6.152292102756607575e-11 1.858541228993220562e-11 2.297121624238177823e-11 -4.483947581430156656e-12 1.495180639409475743e-11 1.811769678725792527e-11 6.105824696696276474e-11 -1.388159461474206241e-11 -1.107815022746569912e-11 -3.903997382859037290e-11 -1.272704695247844540e-11
6.254142545412000816e-10 3.100651225798244198e-09 4.308689071507864468e-10 1.981557697334599612e-10 3.115167491184735939e-10 1.375790177824326482e-10 1.143396826643404026e-10 1.312104691034633482e-10 9.682810258217766512e-13 6.478159827949009869e-11 3.221331203442224568e-11 3.789229605631118466e-11 4.126651264109247159e-11 1.541776167684864980e-11 1.074253123821430537e-11 1.019480005357474277e-11 -1.334351573592616129e-11 1.286490060128906222e-11 2.590671318875365907e-11 2.570070292673524419e-11 1.384307903694064644e-11 -1.923384353934397338e-11 6.179116004265970895e-12 -3.151331431551518623e-13 -2.757342489071266918e-11 6.047445158255320142e-13
5.463690590260619301e-11 4.308689071507864468e-10 2.148444976679451692e-09 6.294862028341289108e-11 2.153967581908864311e-10 1.442951258582719331e-10 1.538491643337612244e-10 1.551090486702690267e-11 1.061474948523641820e-10 5.262794932552550015e-11 3.875653192332461449e-11 4.422162229179938922e-11 1.180983450310322032e-11 1.524553146733253333e-13 -2.421869398124511785e-11 -2.768153314623429347e-13 -2.892307869024626309e-11 -7.213822541558129812e-12 1.057541311996316463e-11 1.984804592066594851e-11 3.078891558134597730e-11 3.319073969617260484e-12 -2.770772431206040991e-12 -1.103174232697173012e-11 -2.323623561601018762e-11 -1.925682906477951056e-11
-8.206794710895385677e-11 1.981557697334599612e-10 6.294862028341289108e-11 1.280152923411164581e-09 2.025509346764880513e-10 5.212049842125186633e-11 9.586591677379868502e-12 3.014891992100897299e-11 9.082237920185031228e-12 4.354336240466510613e-11 1.668965260781509495e-11 1.800756090994535909e-11 1.765429587211904711e-11 1.602939521546627574e-11 1.000082380905416385e-11 -3.308971363839985906e-12 2.721445167573945502e-11 1.184609322905333597e-11 2.089963262486540602e-11 1.216175201196630968e-11 1.670198431092122639e-11 2.332707151747478936e-11 1.639443328849057133e-11 5.015942069573100764e-12 -1.170181259884516224e-11 -4.103497276325098181e-12
1.740845271452973158e-10 3.115167491184735939e-10 2.153967581908864311e-10 2.025509346764880513e-10 1.041520256680295339e-09 7.483219978183001984e-11 2.750164606863321002e-11 7.432680073132575137e-11 2.301740005461977957e-11 4.195715818063198347e-11 1.930640278866835930e-11 4.128785307686448708e-11 -2.008287184015125349e-11 -2.037374710206501888e-11 3.895514559354257209e-13 -6.291384808602741521e-13 -1.281300674333498362e-11 -1.601297529737050916e-11 -1.355051388429111801e-12 9.859749088923205993e-12 2.547210852755228371e-11 1.567876227598041080e-11 5.463236335120201337e-12 -1.803654233874285941e-11 -3.001187605450504583e-12 -2.026413275253435051e-12
1.466394778637791919e-10 1.375790177824326482e-10 1.442951258582719331e-10 5.212049842125186633e-11 7.483219978183001984e-11 7.046566435036382028e-10 1.154068046992302301e-10 7.514039454545452144e-11 3.614549382258361629e-11 3.245594148454663441e-11 -4.704924659436079769e-12 2.405462215622209172e-12 1.832877178436531211e-11 -2.150194638239574593e-12 -5.325091561334888617e-12 -1.538881833279269174e-12 -1.407520493351240104e-11 -1.323884085982922631e-11 -1.316478562539291441e-11 8.396967703643175442e-12 2.084216082447670991e-11 8.886594850138732058e-12 4.133120070842839148e-12 -8.830854880411406547e-13 -1.051385819155543628e-11 -1.287681451943158544e-11
7.006856998321734405e-11 1.143396826643404026e-10 1.538491643337612244e-10 9.586591677379868502e-12 2.750164606863321002e-11 1.154068046992302301e-10 3.846167427796737223e-10 4.105967947256376719e-11 3.374462800978439698e-11 3.374316292669575322e-11 3.196701879253245753e-11 1.287276160478158163e-11 -1.117238114533951575e-11 -1.171892335664674178e-11 -1.448918304833764809e-11 -1.301107873355144851e-11 -1.824699248856570853e-11 -1.970533697855532203e-11 -3.345473346228147482e-12 1.122917301819292842e-11 1.011948516843747595e-11 -5.831793796554552739e-12 -7.618606910637165655e-13 9.990753291727753527e-13 2.810812789334962267e-12 -2.073431567833547170e-12
4.424930195682699139e-12 1.312104691034633482e-10 1.551090486702690267e-11 3.014891992100897299e-11 7.432680073132575137e-11 7.514039454545452144e-11 4.105967947256376719e-11 2.885588133725064066e-10 5.124183355053012180e-11 3.728995278839803567e-11 6.703771842720735967e-12 7.586598487549609370e-12 -1.123252373781785184e-11 6.205429625146182292e-13 4.028109446370953043e-12 6.245420973303462274e-12 1.798716842756201492e-12 -6.595388841456444014e-12 -8.108765971939733131e-12 -2.561514206937832448e-12 -1.002227714206111060e-13 1.829543204729430726e-12 -4.122577265870237166e-12 -5.975612340462039218e-13 -1.004156189639678809e-12 -4.387779183265108748e-13
-5.175706318918479628e-11 9.682810258217766512e-13 1.061474948523641820e-10 9.082237920185031228e-12 2.301740005461977957e-11 3.614549382258361629e-11 3.374462800978439698e-11 5.124183355053012180e-11 2.314019359463712991e-10 5.300473161615123357e-11 2.673401925206968949e-11 1.761378429831746107e-11 7.450612374029330667e-12 9.371780884242604738e-12 -3.233070701989476886e-12 1.029324575751760356e-11 7.723793132302303329e-13 8.428927849571735399e-12 1.017003394629791832e-11 -5.853219690315203995e-12 3.764530869049023582e-12 8.682520374453696742e-12 -3.537047626649973847e-14 3.560853111939825754e-12 5.874877984108051542e-12 -5.693271728098435428e-12
8.163519881076016843e-11 6.478159827949009869e-11 5.262794932552550015e-11 4.354336240466510613e-11 4.195715818063198347e-11 3.245594148454663441e-11 3.374316292669575322e-11 3.728995278839803567e-11 5.300473161615123357e-11 1.706443262711123695e-10 5.133623415008867597e-11 3.912206685557166134e-11 3.131277012040233158e-11 2.143435947325812975e-11 1.478438619116978395e-11 1.843087081215552559e-11 5.498939857393620526e-12 8.283915935300397690e-12 8.692775620803547904e-12 8.169441876448093809e-12 1.003727388296500039e-11 5.076014617432934127e-12 -1.175847889331909682e-12 -1.504424187242654296e-12 2.997058817538327905e-12 1.049334271971962971e-12
9.776167697312798989e-11 3.221331203442224568e-11 3.875653192332461449e-11 1.668965260781509495e-11 1.930640278866835930e-11 -4.704924659436079769e-12 3.196701879253245753e-11 6.703771842720735967e-12 2.673401925206968949e-11 5.133623415008867597e-11 1.238541201997217937e-10 5.602297207744996188e-11 3.831513690314604947e-11 1.585799976818947664e-11 3.532814098516169765e-12 2.775698167910011750e-12 -6.634476803805325450e-13 -4.267454990572346713e-12 -4.624707051642572997e-12 -2.571384747946016644e-12 7.496020728185376629e-12 1.064390001289485951e-11 9.251342612477515401e-12 1.582691721910228159e-12 1.335877971390481682e-12 9.205646891482267874e-13
6.805113060748178421e-11 3.789229605631118466e-11 4.422162229179938922e-11 1.800756090994535909e-11 4.128785307686448708e-11 2.405462215622209172e-12 1.287276160478158163e-11 7.586598487549609370e-12 1.761378429831746107e-11 3.912206685557166134e-11 5.602297207744996188e-11 1.188001036999500052e-10 5.129732308672479398e-11 3.694014027637195812e-11 2.260934444714290000e-11 1.096583694732982818e-11 5.069652889502007669e-12 -7.853188003084210809e-13 3.231850200848990555e-12 1.501854186997340862e-12 7.865761550667888856e-12 9.464961365373091971e-12 5.137471215995847641e-12 1.264278734525909487e-12 -4.148530638638719388e-13 2.047529140438737010e-12
1.360785469063394813e-10 4.126651264109247159e-11 1.180983450310322032e-11 1.765429587211904711e-11 -2.008287184015125349e-11 1.832877178436531211e-11 -1.117238114533951575e-11 -1.123252373781785184e-11 7.450612374029330667e-12 3.131277012040233158e-11 3.831513690314604947e-11 5.129732308672479398e-11 1.113013459714864585e-10 6.363910298462960636e-11 3.898937379315694772e-11 2.708289751991274212e-11 1.669309885772904293e-11 8.084062259423797577e-12 4.971378539478719151e-12 6.248220327782623456e-13 4.611524070044796405e-12 5.571957511662755286e-12 3.246054002572619526e-12 6.635667165540237834e-13 6.472707652153918790e-13 -4.813759014827935159e-13
1.049116874433544110e-10 1.541776167684864980e-11 1.524553146733253333e-13 1.602939521546627574e-11 -2.037374710206501888e-11 -2.150194638239574593e-12 -1.171892335664674178e-11 6.205429625146182292e-13 9.371780884242604738e-12 2.143435947325812975e-11 1.585799976818947664e-11 3.694014027637195812e-11 6.363910298462960636e-11 9.645235393705278541e-11 5.981625637104910888e-11 3.793177026905468478e-11 1.534162260496725038e-11 5.155192830624548248e-12 7.782750291230677759e-12 -1.711751496630857326e-12 -3.684931327909857906e-12 4.211040763525172667e-12 2.403781389568892687e-12 4.808615451476247147e-12 -4.188509516041527762e-12 -3.498199982288252999e-12
6.435758915335869956e-11 1.074253123821430537e-11 -2.421869398124511785e-11 1.000082380905416385e-11 3.895514559354257209e-13 -5.325091561334888617e-12 -1.448918304833764809e-11 4.028109446370953043e-12 -3.233070701989476886e-12 1.478438619116978395e-11 3.532814098516169765e-12 2.260934444714290000e-11 3.898937379315694772e-11 5.981625637104910888e-11 8.886978731840937222e-11 5.546908012105650189e-11 2.535967499557903626e-11 1.066567521111010182e-11 1.123299517255849316e-11 3.580593647698483319e-12 3.599660879797949397e-12 7.087691948172514455e-12 -1.799415829400929665e-12 1.054510690689046733e-12 -8.300195819230578934e-12 -4.055652240492633302e-12
6.152292102756607575e-11 1.019480005357474277e-11 -2.768153314623429347e-13 -3.308971363839985906e-12 -6.291384808602741521e-13 -1.538881833279269174e-12 -1.301107873355144851e-11 6.245420973303462274e-12 1.029324575751760356e-11 1.843087081215552559e-11 2.775698167910011750e-12 1.096583694732982818e-11 2.708289751991274212e-11 3.793177026905468478e-11 5.546908012105650189e-11 8.062055184556625586e-11 4.588417366580865384e-11 2.551145292262956409e-11 1.693228868085671054e-11 5.458565378907353615e-12 8.950644267694659061e-12 9.425615586835015708e-12 -1.863057010734589204e-12 3.374233036062938363e-13 -6.809163591958759662e-12 -4.962093125735287329e-12
1.858541228993220562e-11 -1.334351573592616129e-11 -2.892307869024626309e-11 2.721445167573945502e-11 -1.281300674333498362e-11 -1.407520493351240104e-11 -1.824699248856570853e-11 1.798716842756201492e-12 7.723793132302303329e-13 5.498939857393620526e-12 -6.634476803805325450e-13 5.069652889502007669e-12 1.669309885772904293e-11 1.534162260496725038e-11 2.535967499557903626e-11 4.588417366580865384e-11 6.042986721354476514e-11 3.872670884064968286e-11 1.912181541515227060e-11 5.313537747794578067e-12 5.043222737780482847e-12 5.708154435330998546e-12 -1.139118933821576172e-12 9.428963778815665421e-13 -2.683883700827253501e-12 -2.637104536253169757e-12
2.297121624238177823e-11 1.286490060128906222e-11 -7.213822541558129812e-12 1.184609322905333597e-11 -1.601297529737050916e-11 -1.323884085982922631e-11 -1.970533697855532203e-11 -6.595388841456444014e-12 8.428927849571735399e-12 8.283915935300397690e-12 -4.267454990572346713e-12 -7.853188003084210809e-13 8.084062259423797577e-12 5.155192830624548248e-12 1.066567521111010182e-11 2.551145292262956409e-11 3.872670884064968286e-11 6.631411257906797885e-11 4.411780659053983165e-11 2.165283799893018820e-11 1.173576949325686918e-11 1.057336720083290364e-11 1.657274570642340923e-12 2.917858446506116484e-12 2.562826917820906873e-12 -5.083076072178055914e-12
-4.483947581430156656e-12 2.590671318875365907e-11 1.057541311996316463e-11 2.089963262486540602e-11 -1.355051388429111801e-12 -1.316478562539291441e-11 -3.345473346228147482e-12 -8.108765971939733131e-12 1.017003394629791832e-11 8.692775620803547904e-12 -4.624707051642572997e-12 3.231850200848990555e-12 4.971378539478719151e-12 7.782750291230677759e-12 1.123299517255849316e-11 1.693228868085671054e-11 1.912181541515227060e-11 4.411780659053983165e-11 6.718650863147831645e-11 3.861559218130934344e-11 1.692133232305948990e-11 1.089588588563156013e-11 6.890651738525428623e-12 7.094266629902350415e-12 5.851612910595338696e-12 -6.447364223658418585e-12
1.495180639409475743e-11 2.570070292673524419e-11 1.984804592066594851e-11 1.216175201196630968e-11 9.859749088923205993e-12 8.396967703643175442e-12 1.122917301819292842e-11 -2.561514206937832448e-12 -5.853219690315203995e-12 8.169441876448093809e-12 -2.571384747946016644e-12 1.501854186997340862e-12 6.248220327782623456e-13 -1.711751496630857326e-12 3.580593647698483319e-12 5.458565378907353615e-12 5.313537747794578067e-12 2.165283799893018820e-11 3.861559218130934344e-11 5.620016700696140008e-11 3.672692211424521577e-11 2.338898065396373392e-11 1.282403154971448044e-11 3.992044481516274997e-12 3.061736646345890388e-12 -5.127251980374680668e-12
1.811769678725792527e-11 1.384307903694064644e-11 3.078891558134597730e-11 1.670198431092122639e-11 2.547210852755228371e-11 2.084216082447670991e-11 1.011948516843747595e-11 -1.002227714206111060e-13 3.764530869049023582e-12 1.003727388296500039e-11 7.496020728185376629e-12 7.865761550667888856e-12 4.611524070044796405e-12 -3.684931327909857906e-12 3.599660879797949397e-12 8.950644267694659061e-12 5.043222737780482847e-12 1.173576949325686918e-11 1.692133232305948990e-11 3.672692211424521577e-11 6.741835800101557783e-11 4.148420510831237291e-11 1.843013463124414793e-11 1.102725760962178411e-12 2.103089392655252240e-12 -6.177306219912051534e-12
6.105824696696276474e-11 -1.923384353934397338e-11 3.319073969617260484e-12 2.332707151747478936e-11 1.567876227598041080e-11 8.886594850138732058e-12 -5.831793796554552739e-12 1.829543204729430726e-12 8.682520374453696742e-12 5.076014617432934127e-12 1.064390001289485951e-11 9.464961365373091971e-12 5.571957511662755286e-12 4.211040763525172667e-12 7.087691948172514455e-12 9.425615586835015708e-12 5.708154435330998546e-12 1.057336720083290364e-11 1.089588588563156013e-11 2.338898065396373392e-11 4.148420510831237291e-11 5.861735694167084821e-11 2.421971695624958336e-11 4.936358729548130876e-12 -7.582217981380119008e-13 -4.232725357414938313e-12
-1.388159461474206241e-11 6.179116004265970895e-12 -2.770772431206040991e-12 1.639443328849057133e-11 5.463236335120201337e-12 4.133120070842839148e-12 -7.618606910637165655e-13 -4.122577265870237166e-12 -3.537047626649973847e-14 -1.175847889331909682e-12 9.251342612477515401e-12 5.137471215995847641e-12 3.246054002572619526e-12 2.403781389568892687e-12 -1.799415829400929665e-12 -1.863057010734589204e-12 -1.139118933821576172e-12 1.657274570642340923e-12 6.890651738525428623e-12 1.282403154971448044e-11 1.843013463124414793e-11 2.421971695624958336e-11 3.340089599053276531e-11 1.046773839567408962e-11 1.453570440297763621e-12 -3.076337013632873617e-12
-1.107815022746569912e-11 -3.151331431551518623e-13 -1.103174232697173012e-11 5.015942069573100764e-12 -1.803654233874285941e-11 -8.830854880411406547e-13 9.990753291727753527e-13 -5.975612340462039218e-13 3.560853111939825754e-12 -1.504424187242654296e-12 1.582691721910228159e-12 1.264278734525909487e-12 6.635667165540237834e-13 4.808615451476247147e-12 1.054510690689046733e-12 3.374233036062938363e-13 9.428963778815665421e-13 2.917858446506116484e-12 7.094266629902350415e-12 3.992044481516274997e-12 1.102725760962178411e-12 4.936358729548130876e-12 1.046773839567408962e-11 2.454759901442819998e-11 4.343743969450839575e-12 -9.596915574151907365e-13
-3.903997382859037290e-11 -2.757342489071266918e-11 -2.323623561601018762e-11 -1.170181259884516224e-11 -3.001187605450504583e-12 -1.051385819155543628e-11 2.810812789334962267e-12 -1.004156189639678809e-12 5.874877984108051542e-12 2.997058817538327905e-12 1.335877971390481682e-12 -4.148530638638719388e-13 6.472707652153918790e-13 -4.188509516041527762e-12 -8.300195819230578934e-12 -6.809163591958759662e-12 -2.683883700827253501e-12 2.562826917820906873e-12 5.851612910595338696e-12 3.061736646345890388e-12 2.103089392655252240e-12 -7.582217981380119008e-13 1.453570440297763621e-12 4.343743969450839575e-12 1.795857513597611725e-11 2.209935195939099992e-12
-1.272704695247844540e-11 6.047445158255320142e-13 -1.925682906477951056e-11 -4.103497276325098181e-12 -2.026413275253435051e-12 -1.287681451943158544e-11 -2.073431567833547170e-12 -4.387779183265108748e-13 -5.693271728098435428e-12 1.049334271971962971e-12 9.205646891482267874e-13 2.047529140438737010e-12 -4.813759014827935159e-13 -3.498199982288252999e-12 -4.055652240492633302e-12 -4.962093125735287329e-12 -2.637104536253169757e-12 -5.083076072178055914e-12 -6.447364223658418585e-12 -5.127251980374680668e-12 -6.177306219912051534e-12 -4.232725357414938313e-12 -3.076337013632873617e-12 -9.596915574151907365e-13 2.209935195939099992e-12 1.397082263658205565e-11
