2.552341777922476714e-09 2.882518527074035377e-10 5.698300591694248780e-11 1.165755914355735978e-11 6.858788919432549134e-11 5.846488250641307495e-11 -3.396211889459456539e-11 1.016875935852995079e-10 3.963501807656507800e-12 3.934598460630554021e-11 -1.490625116863307944e-11 -5.553342987946828135e-13 -3.290160384014254446e-11 -6.540114583900947162e-12 -1.961638773415500286e-11 4.958491402673534789e-12 -1.792512756171198868e-11 4.128885073038071954e-12 1.740591920072304083e-11 -4.756512890144518578e-12 7.586788409534693334e-12 -3.724162931804980062e-12 -3.043911377912840279e-13 2.333506756155053727e-12 3.997293686460388595e-12 -1.436225844076671571e-12
2.882518527074035377e-10 1.760881587405915766e-09 1.279384258834492265e-10 -6.729749359601568132e-12 -9.865517011306746209e-11 1.664315946322383598e-11 2.386101046466869004e-11 7.082902476061004231e-11 -9.092231567458646885e-12 -9.162881059934506637e-13 -8.051813154484484162e-12 3.142065614240699768e-13 -6.273051294748766824e-12 -1.685628728937106105e-12 -4.394079378057551800e-12 7.590510574789309327e-12 -1.432020919699567191e-11 6.174261485427984901e-12 -6.188553931899892106e-12 -1.140275503963136993e-11 -1.517716031994196596e-11 -7.938074738434530955e-12 1.614578329123528892e-12 1.786002161621845089e-12 4.457637505179026028e-12 -2.197660844040107377e-12
5.698300591694248780e-11 1.279384258834492265e-10 1.026866781671474681e-09 5.947243683247405138e-11 3.272661717327158282e-11 3.444268613834651709e-12 -1.981556023361362656e-11 2.384726338528892951e-11 -2.500084580501276747e-11 3.261509990959784590e-11 3.434029367810076749e-11 1.667393283798118146e-11 1.321144558604778598e-11 2.583257288147733402e-12 -1.127089904065582431e-11 -9.246019708795581135e-12 -6.075574451125719582e-12 -3.400932768705125363e-12 2.339503792148344727e-12 -9.900556983980785782e-12 -1.390715771752782730e-11 -6.414837909387378490e-12 7.059210101607660079e-13 3.624028115461807807e-12 7.814248755528350386e-13 4.564454250628400421e-12
1.165755914355735978e-11 -6.729749359601568132e-12 5.947243683247405138e-11 7.733254722939259420e-10 3.743679841036074945e-11 -2.946121696195343901e-11 2.858302906576883350e-11 4.984596646093667093e-12 1.819799344300597715e-11 1.373498690145314676e-11 -4.158786749313299571e-12 -1.781067743797165282e-11 -9.670225942143147906e-12 -3.043588413090256629e-12 1.878138678566038583e-12 -2.486888493071044516e-12 -8.357819402165483801e-13 2.235214023667422964e-12 4.743248061584379827e-12 -3.689748942574006553e-12 -7.240610289081044009e-13 3.166535724825173592e-12 5.188437799516089644e-12 5.791778839887258516e-12 -6.038547169013519967e-13 4.442321120885246024e-12
6.858788919432549134e-11 -9.865517011306746209e-11 3.272661717327158282e-11 3.743679841036074945e-11 5.085639893024106097e-10 5.451091962061986330e-11 -8.202566678411556948e-12 2.548802166751683307e-11 1.142195387971615131e-11 -4.357756341548321386e-12 -1.374411953660886268e-11 1.250383858297418160e-11 -3.434775411105204061e-12 4.026784308424449617e-12 -6.583771950041968350e-12 7.984878549122416069e-12 -1.568069261468109735e-12 -9.072957872288789254e-12 -1.287074824998863319e-11 -8.082782331757775351e-12 6.351243068553041410e-13 2.384244682858840061e-12 3.625528504780336682e-12 -3.020588731462422375e-13 -1.028829923532872527e-12 1.992457978129270116e-12
5.846488250641307495e-11 1.664315946322383598e-11 3.444268613834651709e-12 -2.946121696195343901e-11 5.451091962061986330e-11 3.424904903008940142e-10 5.883587727902897660e-11 4.507932918076215858e-11 1.154632494571384860e-11 -1.032164216132490479e-12 -2.638180476529137717e-12 1.279638352886140437e-11 -4.116577697940157605e-12 3.977786207108338208e-13 9.249290831999688155e-15 3.198469252637493831e-13 -6.103273425754721996e-12 -5.727678497268106808e-12 1.474846545974133919e-12 -2.816257623762805385e-12 -3.211134902335597644e-12 -4.957221955269703201e-12 -4.703667756665390481e-12 -1.010393732534208233e-12 -2.424779215645811938e-13 -8.655009025918969525e-13
-3.396211889459456539e-11 2.386101046466869004e-11 -1.981556023361362656e-11 2.858302906576883350e-11 -8.202566678411556948e-12 5.883587727902897660e-11 2.325011363128646345e-10 1.803183224150582204e-11 2.428872771992723002e-11 9.207287295378408728e-12 3.726824365798313183e-13 1.660987864692522944e-12 -8.183167051673529026e-12 -1.906843286165110085e-12 5.358012551311891856e-12 7.211623488615004645e-12 -2.073868641952244665e-12 1.024249771911977328e-12 6.323638618606749234e-12 2.315658658609462098e-12 4.583770109410410165e-12 1.869736839610528573e-12 -2.426747748349131117e-12 -7.975944410460005762e-13 -7.031780154019927371e-13 1.586273024964366403e-12
1.016875935852995079e-10 7.082902476061004231e-11 2.384726338528892951e-11 4.984596646093667093e-12 2.548802166751683307e-11 4.507932918076215858e-11 1.803183224150582204e-11 1.436004879328804174e-10 2.746437735651944645e-11 2.297279787526422887e-11 2.048878423792579999e-12 1.475002735157794597e-11 -1.665714662709075194e-12 4.812291281834389388e-12 2.224070667693321616e-12 3.444384469282160534e-12 -2.663464915280612917e-12 -1.365289463862822695e-12 -1.469041159121663751e-12 -3.288786820043711837e-12 1.031120200328127026e-12 -2.920052935424825221e-13 -3.135193127215417760e-12 -6.608259331816441382e-13 -5.604566253322681501e-14 -1.623808837059923264e-13
3.963501807656507800e-12 -9.092231567458646885e-12 -2.500084580501276747e-11 1.819799344300597715e-11 1.142195387971615131e-11 1.154632494571384860e-11 2.428872771992723002e-11 2.746437735651944645e-11 9.464956334572631881e-11 1.567906366313893859e-11 4.982200303852710517e-12 4.500301316161626123e-12 -1.732337711483573711e-12 2.108026300048061839e-12 -1.833617627763126819e-12 2.887924280685694725e-12 -7.888881572078715444e-13 1.124747339675355064e-12 4.432828143678743564e-13 3.998761689698573450e-13 -1.044682124677230896e-12 -3.171002749561744112e-13 4.207635016289145841e-13 8.834189192337778413e-13 1.233942486967001258e-13 4.089706093089262440e-13
3.934598460630554021e-11 -9.162881059934506637e-13 3.261509990959784590e-11 1.373498690145314676e-11 -4.357756341548321386e-12 -1.032164216132490479e-12 9.207287295378408728e-12 2.297279787526422887e-11 1.567906366313893859e-11 6.941470169917491888e-11 1.612816968500174870e-11 1.046687364533322823e-11 2.518140862625865249e-12 4.296384395799116439e-12 2.756065909596810168e-12 1.412367957687368083e-12 -1.234110129992349381e-12 -2.939059361223847152e-12 -5.224702600417631524e-13 -4.312936385568583891e-13 -1.071999416472503126e-12 -6.298934665964381409e-13 -1.074624990242006564e-12 -3.547338983780070365e-13 -2.375707317690549605e-13 -2.845727745282008512e-13
-1.490625116863307944e-11 -8.051813154484484162e-12 3.434029367810076749e-11 -4.158786749313299571e-12 -1.374411953660886268e-11 -2.638180476529137717e-12 3.726824365798313183e-13 2.048878423792579999e-12 4.982200303852710517e-12 1.612816968500174870e-11 6.166446635818204248e-11 1.037900363133247126e-11 5.299254147098242773e-12 5.031943940265179883e-12 3.989540290454053967e-12 3.259206435400551554e-12 5.980037871391693591e-13 1.369431167071782834e-12 -1.147509972414275421e-13 -1.178986790279527768e-12 -2.447460545525716724e-12 -1.461782017344964877e-12 -1.513783770957389820e-12 -3.521400684978216828e-13 -5.886051201637451311e-13 -2.751639457237998241e-13
-5.553342987946828135e-13 3.142065614240699768e-13 1.667393283798118146e-11 -1.781067743797165282e-11 1.250383858297418160e-11 1.279638352886140437e-11 1.660987864692522944e-12 1.475002735157794597e-11 4.500301316161626123e-12 1.046687364533322823e-11 1.037900363133247126e-11 4.043268975211255437e-11 9.213854323358317131e-12 4.962644470099027274e-12 2.917322185560215807e-12 3.974908071655228725e-12 2.034847275496070876e-12 2.975725501199251653e-12 1.973487799490703369e-12 -8.781374106332628315e-13 -5.442732076915696135e-13 3.040351806690007173e-13 -1.798413285876118934e-13 -6.507292849178728056e-13 -6.815161128578988827e-13 4.679156249856316630e-13
-3.290160384014254446e-11 -6.273051294748766824e-12 1.321144558604778598e-11 -9.670225942143147906e-12 -3.434775411105204061e-12 -4.116577697940157605e-12 -8.183167051673529026e-12 -1.665714662709075194e-12 -1.732337711483573711e-12 2.518140862625865249e-12 5.299254147098242773e-12 9.213854323358317131e-12 3.111652160708318645e-11 1.189703815895075673e-11 4.876010013298399279e-12 5.508546663650517437e-12 1.964350998790972922e-12 1.625231433123851612e-12 -1.893373380212011694e-12 -1.999245736689480485e-12 -1.341987195463370561e-12 -1.374345323265347752e-12 -1.441060146370372070e-12 -9.129925986208930360e-13 -4.155743005223625612e-13 -6.278824665960687972e-13
-6.540114583900947162e-12 -1.685628728937106105e-12 2.583257288147733402e-12 -3.043588413090256629e-12 4.026784308424449617e-12 3.977786207108338208e-13 -1.906843286165110085e-12 4.812291281834389388e-12 2.108026300048061839e-12 4.296384395799116439e-12 5.031943940265179883e-12 4.962644470099027274e-12 1.189703815895075673e-11 2.512803357067851238e-11 1.124211921175144972e-11 5.009839119351368467e-12 7.992304088111153106e-13 4.070580752949380366e-13 -9.798067727369366343e-13 -1.548885680692291857e-12 -1.173099863450939677e-12 -1.814296193101539754e-12 -1.003607380092053877e-12 1.523398003180025999e-13 -1.412417786222419028e-13 -2.937016471917844182e-13
-1.961638773415500286e-11 -4.394079378057551800e-12 -1.127089904065582431e-11 1.878138678566038583e-12 -6.583771950041968350e-12 9.249290831999688155e-15 5.358012551311891856e-12 2.224070667693321616e-12 -1.833617627763126819e-12 2.756065909596810168e-12 3.989540290454053967e-12 2.917322185560215807e-12 4.876010013298399279e-12 1.124211921175144972e-11 2.149179480381332887e-11 5.641405388664776178e-12 2.393799875857461246e-12 1.421286855571289925e-12 -1.017652716735909129e-13 -1.028871814762134880e-12 -4.000606646884203533e-13 -9.391082824070974816e-13 -2.953739468692687945e-13 -6.159494861133610740e-13 6.352103117242804372e-13 -8.313133948884063175e-14
4.958491402673534789e-12 7.590510574789309327e-12 -9.246019708795581135e-12 -2.486888493071044516e-12 7.984878549122416069e-12 3.198469252637493831e-13 7.211623488615004645e-12 3.444384469282160534e-12 2.887924280685694725e-12 1.412367957687368083e-12 3.259206435400551554e-12 3.974908071655228725e-12 5.508546663650517437e-12 5.009839119351368467e-12 5.641405388664776178e-12 1.683979459658654662e-11 5.349134001369701775e-12 2.406131390728924927e-12 -4.383521010716930693e-14 2.779945888283651579e-13 -5.445106043835090700e-13 -1.104558433077639603e-12 1.122103042182279608e-13 -1.851922156518041134e-13 4.102230197208560574e-13 1.273210945387652140e-13
-1.792512756171198868e-11 -1.432020919699567191e-11 -6.075574451125719582e-12 -8.357819402165483801e-13 -1.568069261468109735e-12 -6.103273425754721996e-12 -2.073868641952244665e-12 -2.663464915280612917e-12 -7.888881572078715444e-13 -1.234110129992349381e-12 5.980037871391693591e-13 2.034847275496070876e-12 1.964350998790972922e-12 7.992304088111153106e-13 2.393799875857461246e-12 5.349134001369701775e-12 1.388526438244420935e-11 4.873288905558401987e-12 9.652083551436682906e-13 6.658121108805478516e-13 -3.733846618867328537e-13 -4.357113003340036180e-13 2.566636707358943324e-13 -6.242984280488395836e-13 7.747144217643828601e-15 1.271125534375405668e-13
4.128885073038071954e-12 6.174261485427984901e-12 -3.400932768705125363e-12 2.235214023667422964e-12 -9.072957872288789254e-12 -5.727678497268106808e-12 1.024249771911977328e-12 -1.365289463862822695e-12 1.124747339675355064e-12 -2.939059361223847152e-12 1.369431167071782834e-12 2.975725501199251653e-12 1.625231433123851612e-12 4.070580752949380366e-13 1.421286855571289925e-12 2.406131390728924927e-12 4.873288905558401987e-12 1.260233607183833551e-11 5.737885299418405608e-12 1.866247354276293278e-12 5.287244215308974300e-13 -2.491753697651473793e-14 -9.414651254141238429e-14 -2.805998630027951592e-13 3.227932788506962496e-13 -1.489665715743008243e-13
1.740591920072304083e-11 -6.188553931899892106e-12 2.339503792148344727e-12 4.743248061584379827e-12 -1.287074824998863319e-11 1.474846545974133919e-12 6.323638618606749234e-12 -1.469041159121663751e-12 4.432828143678743564e-13 -5.224702600417631524e-13 -1.147509972414275421e-13 1.973487799490703369e-12 -1.893373380212011694e-12 -9.798067727369366343e-13 -1.017652716735909129e-13 -4.383521010716930693e-14 9.652083551436682906e-13 5.737885299418405608e-12 1.131149924096828832e-11 3.443227340518497306e-12 4.334529759887976251e-13 -8.929361524493483901e-14 -6.407223321240024007e-13 -4.256694464589452938e-13 1.356688169405166432e-15 1.742046801961673620e-13
-4.756512890144518578e-12 -1.140275503963136993e-11 -9.900556983980785782e-12 -3.689748942574006553e-12 -8.082782331757775351e-12 -2.816257623762805385e-12 2.315658658609462098e-12 -3.288786820043711837e-12 3.998761689698573450e-13 -4.312936385568583891e-13 -1.178986790279527768e-12 -8.781374106332628315e-13 -1.999245736689480485e-12 -1.548885680692291857e-12 -1.028871814762134880e-12 2.779945888283651579e-13 6.658121108805478516e-13 1.866247354276293278e-12 3.443227340518497306e-12 8.833446492722722745e-12 2.918042872655094019e-12 1.329435666760282884e-13 -5.830425984253797069e-13 -4.338109631481142324e-13 1.865804165471068189e-13 -9.802813551598656073e-14
7.586788409534693334e-12 -1.517716031994196596e-11 -1.390715771752782730e-11 -7.240610289081044009e-13 6.351243068553041410e-13 -3.211134902335597644e-12 4.583770109410410165e-12 1.031120200328127026e-12 -1.044682124677230896e-12 -1.071999416472503126e-12 -2.447460545525716724e-12 -5.442732076915696135e-13 -1.341987195463370561e-12 -1.173099863450939677e-12 -4.000606646884203533e-13 -5.445106043835090700e-13 -3.733846618867328537e-13 5.287244215308974300e-13 4.334529759887976251e-13 2.918042872655094019e-12 7.377538314561304926e-12 2.422376645833742588e-12 -1.522048673376159189e-13 -3.156287267326243656e-13 -6.189484130809059579e-13 -8.272757194036103495e-13
-3.724162931804980062e-12 -7.938074738434530955e-12 -6.414837909387378490e-12 3.166535724825173592e-12 2.384244682858840061e-12 -4.957221955269703201e-12 1.869736839610528573e-12 -2.920052935424825221e-13 -3.171002749561744112e-13 -6.298934665964381409e-13 -1.461782017344964877e-12 3.040351806690007173e-13 -1.374345323265347752e-12 -1.814296193101539754e-12 -9.391082824070974816e-13 -1.104558433077639603e-12 -4.357113003340036180e-13 -2.491753697651473793e-14 -8.929361524493483901e-14 1.329435666760282884e-13 2.422376645833742588e-12 5.602658773181150577e-12 1.546963938198307807e-12 6.062187993096964024e-13 -1.222410576478187575e-13 -5.378818754082808792e-13
-3.043911377912840279e-13 1.614578329123528892e-12 7.059210101607660079e-13 5.188437799516089644e-12 3.625528504780336682e-12 -4.703667756665390481e-12 -2.426747748349131117e-12 -3.135193127215417760e-12 4.207635016289145841e-13 -1.074624990242006564e-12 -1.513783770957389820e-12 -1.798413285876118934e-13 -1.441060146370372070e-12 -1.003607380092053877e-12 -2.953739468692687945e-13 1.122103042182279608e-13 2.566636707358943324e-13 -9.414651254141238429e-14 -6.407223321240024007e-13 -5.830425984253797069e-13 -1.522048673376159189e-13 1.546963938198307807e-12 5.060485282468644121e-12 1.644969964854585957e-12 1.871878218505327789e-13 -2.506905223489168483e-13
2.333506756155053727e-12 1.786002161621845089e-12 3.624028115461807807e-12 5.791778839887258516e-12 -3.020588731462422375e-13 -1.010393732534208233e-12 -7.975944410460005762e-13 -6.608259331816441382e-13 8.834189192337778413e-13 -3.547338983780070365e-13 -3.521400684978216828e-13 -6.507292849178728056e-13 -9.129925986208930360e-13 1.523398003180025999e-13 -6.159494861133610740e-13 -1.851922156518041134e-13 -6.242984280488395836e-13 -2.805998630027951592e-13 -4.256694464589452938e-13 -4.338109631481142324e-13 -3.156287267326243656e-13 6.062187993096964024e-13 1.644969964854585957e-12 3.128792270354631370e-12 4.673906358988628341e-13 -1.616197282570848167e-13
3.997293686460388595e-12 4.457637505179026028e-12 7.814248755528350386e-13 -6.038547169013519967e-13 -1.028829923532872527e-12 -2.424779215645811938e-13 -7.031780154019927371e-13 -5.604566253322681501e-14 1.233942486967001258e-13 -2.375707317690549605e-13 -5.886051201637451311e-13 -6.815161128578988827e-13 -4.155743005223625612e-13 -1.412417786222419028e-13 6.352103117242804372e-13 4.102230197208560574e-13 7.747144217643828601e-15 3.227932788506962496e-13 1.356688169405166432e-15 1.865804165471068189e-13 -6.189484130809059579e-13 -1.222410576478187575e-13 1.871878218505327789e-13 4.673906358988628341e-13 2.094738662911328942e-12 4.248171269465777789e-13
-1.436225844076671571e-12 -2.197660844040107377e-12 4.564454250628400421e-12 4.442321120885246024e-12 1.992457978129270116e-12 -8.655009025918969525e-13 1.586273024964366403e-12 -1.623808837059923264e-13 4.089706093089262440e-13 -2.845727745282008512e-13 -2.751639457237998241e-13 4.679156249856316630e-13 -6.278824665960687972e-13 -2.937016471917844182e-13 -8.313133948884063175e-14 1.273210945387652140e-13 1.271125534375405668e-13 -1.489665715743008243e-13 1.742046801961673620e-13 -9.802813551598656073e-14 -8.272757194036103495e-13 -5.378818754082808792e-13 -2.506905223489168483e-13 -1.616197282570848167e-13 4.248171269465777789e-13 1.957785272627566011e-12
