2.329520051245885016e-09 4.883692781799148522e-12 2.731045899347455043e-11 2.547340741237518612e-12 3.373998739429643823e-11 -8.688619989547170821e-13 -4.578562971204725725e-11 -1.624461799594491866e-11 -2.266446429185680854e-11 2.080571550190009178e-12 -3.792503300433149303e-11 -4.027896653109741243e-11 -9.280673344062187563e-12 -1.598766663576739463e-11 -1.892940221408390685e-11 -1.645585767020435375e-11 1.270211503588057945e-11 9.994584533277372022e-12 5.071920383217493595e-12 2.196552332768352839e-11 2.809514470959638125e-11 8.651890556602865557e-12 4.591348373473132824e-14 -4.216984159889275159e-13 -1.988049088210133015e-12 -3.906219254052609309e-12
4.883692781799148522e-12 1.506498296700126309e-09 6.212298008897263470e-11 -1.711387557434440933e-11 3.873610782459813702e-11 5.553972530684324843e-11 -1.494620860157854776e-11 1.264292894953474516e-11 2.693445229555568046e-12 1.458559833510225929e-11 3.233087882996126270e-12 8.694747305503755803e-13 7.393344860727639177e-12 -1.408573128985403156e-11 1.407419448366130802e-11 2.136637313822336961e-11 9.841871568919150200e-12 2.184539641408561531e-11 8.608774582655460539e-12 1.106433411210772002e-11 1.089009341951774422e-12 -5.760765118525653622e-12 1.388161021316716598e-12 9.928872353383949058e-12 6.600424176250640791e-12 -9.154661746045478390e-13
2.731045899347455043e-11 6.212298008897263470e-11 8.831164434853649148e-10 8.604012735410728952e-12 2.860507457986259701e-11 2.344212137741545086e-11 6.680469254311554461e-11 4.258998411844389712e-11 2.249752634630996514e-11 6.883944857178716654e-12 -8.120339781528489847e-13 9.166006367161337596e-12 -2.883401419438093326e-12 3.738154992315135306e-12 -8.551738457469078216e-12 -1.467982205864306837e-11 -1.579088534905758937e-11 -7.670132640848674770e-12 3.123489025282128663e-12 3.859268100409791341e-12 3.545834343383168351e-12 9.588869860426451303e-13 2.308791443382466978e-12 5.332161354680072939e-12 1.453613120320088854e-12 -1.699775737478578341e-12
2.547340741237518612e-12 -1.711387557434440933e-11 8.604012735410728952e-12 5.671718447026675151e-10 4.660117090355978464e-11 -3.144987119815032908e-11 5.290747605612229490e-12 -2.028154943345127627e-12 -1.493482681767378155e-11 -6.579850473386011439e-12 2.211870942078347029e-11 1.158457619055736710e-11 4.873732525427587266e-12 -1.101321949609469283e-12 -1.475406193567276464e-11 -2.932914006158022161e-12 -6.394285735562949975e-12 3.279589441577243761e-12 6.258922280711412582e-12 -1.497178941397246391e-12 3.184433677420545036e-12 4.173590920253011423e-13 -2.462199654664873705e-12 -1.633558331796816877e-12 -3.703895037105828004e-13 3.230487540558341677e-12
3.373998739429643823e-11 3.873610782459813702e-11 2.860507457986259701e-11 4.660117090355978464e-11 4.313444061216206796e-10 7.255382738565265906e-11 3.637283489624371894e-11 -1.674941860285080521e-12 2.348123179995708953e-12 1.648599522176856754e-11 -3.887367445280854196e-12 -8.817555341814381393e-12 -6.140312224163648696e-12 -1.418055611263795709e-11 -9.228922400970434714e-12 5.708294440083781282e-12 1.897297851704378969e-12 3.216402965467047583e-12 1.288643914571512777e-12 -9.983992844864261941e-12 -3.475220301038640754e-12 -5.993863740890105638e-13 2.970411334609026808e-12 -7.706875693593722350e-13 -2.465666341707244806e-12 1.018570672776564925e-12
-8.688619989547170821e-13 5.553972530684324843e-11 2.344212137741545086e-11 -3.144987119815032908e-11 7.255382738565265906e-11 3.235506044982765369e-10 3.213458924450939589e-11 8.276383557834446443e-12 -6.390839256979022823e-12 6.136201981879768364e-14 -1.261152563139225142e-11 -1.219831176926544698e-11 -1.793490526407123044e-12 -3.443151521663597692e-12 4.424242562059200382e-12 2.643111441063789787e-12 -3.651938136365803328e-12 -1.424011413889178869e-13 5.914474751007734850e-12 1.171116364700459042e-12 6.805080259575529066e-13 -4.274508997200154940e-13 1.299947582836537208e-12 -1.590731254537871181e-12 4.301771167408671933e-13 1.063532300726696271e-12
-4.578562971204725725e-11 -1.494620860157854776e-11 6.680469254311554461e-11 5.290747605612229490e-12 3.637283489624371894e-11 3.213458924450939589e-11 1.592670566379254008e-10 2.547171475936748100e-11 9.023850173392961205e-12 1.250129486184279321e-11 -2.594125298411645493e-13 4.324918420999068754e-12 -1.496313066359762127e-12 -2.813622787034417550e-12 -4.827242241434777829e-12 -1.652026382731606403e-12 -4.521674011716357796e-12 2.190768054054003750e-12 1.952965257181711317e-12 -3.187865387769055832e-12 -1.345957461662415614e-12 -9.612983870087549144e-13 -2.834825844413703159e-12 5.165636998604720259e-13 -7.602975532097682441e-13 1.807460485084881143e-12
-1.624461799594491866e-11 1.264292894953474516e-11 4.258998411844389712e-11 -2.028154943345127627e-12 -1.674941860285080521e-12 8.276383557834446443e-12 2.547171475936748100e-11 1.240761002585919853e-10 1.982434239824584890e-11 1.216272611478153335e-11 3.408610997312002004e-12 1.539302660822388493e-11 1.150511177183898972e-11 1.956572283560148153e-12 2.067088038550174761e-12 3.788236650865772654e-12 -1.273479739679946447e-13 -8.482984914772993244e-13 2.219175447948107849e-12 4.916315508681789659e-12 2.065354224497650846e-12 1.827403844593234365e-12 -1.843419373636270660e-12 4.662666694269063582e-13 8.358195594339089669e-13 8.518839209746623136e-13
-2.266446429185680854e-11 2.693445229555568046e-12 2.249752634630996514e-11 -1.493482681767378155e-11 2.348123179995708953e-12 -6.390839256979022823e-12 9.023850173392961205e-12 1.982434239824584890e-11 1.146866915927277350e-10 2.436084930932460625e-11 9.400207772889069728e-12 1.045313912359837832e-11 3.273627511223727598e-12 -2.535805335420279735e-12 4.253833822849459298e-12 4.128439566025164957e-12 -5.746064199817358132e-13 5.766714335532766646e-13 -3.928391467780385515e-13 2.227011736644204525e-12 1.882049919165686729e-12 -1.841478022945451699e-13 1.514982409926270996e-12 9.694876451492848510e-13 4.064092411090866002e-13 1.181555145671165231e-12
2.080571550190009178e-12 1.458559833510225929e-11 6.883944857178716654e-12 -6.579850473386011439e-12 1.648599522176856754e-11 6.136201981879768364e-14 1.250129486184279321e-11 1.216272611478153335e-11 2.436084930932460625e-11 6.063591564301311182e-11 1.686861957774420503e-11 9.245872141967348118e-12 2.542552369929117549e-12 2.702030882902263236e-12 2.243261052873109748e-12 -2.845182354482604571e-13 3.531922526732569555e-14 2.980906650701280384e-13 -1.686730085092343277e-12 -1.250671525940663576e-13 1.004818389712121713e-12 -4.312176554467973404e-13 8.079368851211769996e-13 -4.507382487347777686e-14 -1.230065051129998589e-13 1.302193573985153161e-12
-3.792503300433149303e-11 3.233087882996126270e-12 -8.120339781528489847e-13 2.211870942078347029e-11 -3.887367445280854196e-12 -1.261152563139225142e-11 -2.594125298411645493e-13 3.408610997312002004e-12 9.400207772889069728e-12 1.686861957774420503e-11 6.163794683733363098e-11 2.344769343742693728e-11 8.798715771779225952e-12 1.570905981725070990e-12 4.719837413075483781e-12 4.078629965893439738e-12 3.325072142426401880e-12 3.751751363038861339e-12 9.963725325051522409e-13 7.476871648007412751e-13 3.877575843870795377e-12 3.186718502668325944e-13 1.749354706594433386e-12 9.607921941023349593e-13 -2.064670854752354984e-12 -2.335717552004379962e-13
-4.027896653109741243e-11 8.694747305503755803e-13 9.166006367161337596e-12 1.158457619055736710e-11 -8.817555341814381393e-12 -1.219831176926544698e-11 4.324918420999068754e-12 1.539302660822388493e-11 1.045313912359837832e-11 9.245872141967348118e-12 2.344769343742693728e-11 5.217369182851183431e-11 1.685163038811295859e-11 9.296406099475872168e-12 4.858832372460772377e-12 5.694652308114588383e-12 1.796179470480927759e-12 1.915200490910718946e-12 -4.601101228093226304e-13 -2.709665019059097621e-12 1.174427860759219255e-12 8.438511791112199769e-13 7.690217792592293141e-13 -3.458017916346240455e-13 -3.319186101875187739e-13 1.551539311745183784e-13
-9.280673344062187563e-12 7.393344860727639177e-12 -2.883401419438093326e-12 4.873732525427587266e-12 -6.140312224163648696e-12 -1.793490526407123044e-12 -1.496313066359762127e-12 1.150511177183898972e-11 3.273627511223727598e-12 2.542552369929117549e-12 8.798715771779225952e-12 1.685163038811295859e-11 3.776838996603375754e-11 1.564293260351825456e-11 6.389005229972192483e-12 2.894622728885546427e-12 -4.898541624557317590e-13 -1.133887211870988930e-13 5.603656638076722655e-13 9.641892132280387994e-13 3.258430594976214903e-12 1.401107381738637335e-12 -2.641001126278687435e-14 -4.032297073470728963e-13 -5.374362334484693890e-13 6.211185410398688906e-13
-1.598766663576739463e-11 -1.408573128985403156e-11 3.738154992315135306e-12 -1.101321949609469283e-12 -1.418055611263795709e-11 -3.443151521663597692e-12 -2.813622787034417550e-12 1.956572283560148153e-12 -2.535805335420279735e-12 2.702030882902263236e-12 1.570905981725070990e-12 9.296406099475872168e-12 1.564293260351825456e-11 2.646978498395489209e-11 1.021086141132990494e-11 8.231608810168196858e-12 4.996341466972062044e-12 1.952619650067397463e-12 7.436698696002627339e-13 1.064238302864788131e-12 1.357011905220387713e-12 6.379248477890698603e-13 -3.762981719406878310e-13 -4.348064049889768257e-13 2.140938640501770484e-14 2.685305995259429736e-13
-1.892940221408390685e-11 1.407419448366130802e-11 -8.551738457469078216e-12 -1.475406193567276464e-11 -9.228922400970434714e-12 4.424242562059200382e-12 -4.827242241434777829e-12 2.067088038550174761e-12 4.253833822849459298e-12 2.243261052873109748e-12 4.719837413075483781e-12 4.858832372460772377e-12 6.389005229972192483e-12 1.021086141132990494e-11 2.633442738932825960e-11 1.504096637006006790e-11 6.012983175788427026e-12 1.720796052962937973e-12 2.662253563693795832e-13 1.217184643296843434e-13 1.567943439185115791e-12 1.428723355884283492e-12 2.708819627729875502e-13 -8.829015258783159911e-14 -1.474584007883954344e-13 -4.235284141933361602e-13
-1.645585767020435375e-11 2.136637313822336961e-11 -1.467982205864306837e-11 -2.932914006158022161e-12 5.708294440083781282e-12 2.643111441063789787e-12 -1.652026382731606403e-12 3.788236650865772654e-12 4.128439566025164957e-12 -2.845182354482604571e-13 4.078629965893439738e-12 5.694652308114588383e-12 2.894622728885546427e-12 8.231608810168196858e-12 1.504096637006006790e-11 2.389588519116836944e-11 1.292605996847260827e-11 5.874179969437004295e-12 -4.847247089671273281e-13 3.170273780044746394e-13 5.731282887158465729e-13 7.370628895203735429e-13 -3.292179645490508986e-13 -2.789710268652546258e-13 2.049935583083584032e-13 -1.471362119791446810e-13
1.270211503588057945e-11 9.841871568919150200e-12 -1.579088534905758937e-11 -6.394285735562949975e-12 1.897297851704378969e-12 -3.651938136365803328e-12 -4.521674011716357796e-12 -1.273479739679946447e-13 -5.746064199817358132e-13 3.531922526732569555e-14 3.325072142426401880e-12 1.796179470480927759e-12 -4.898541624557317590e-13 4.996341466972062044e-12 6.012983175788427026e-12 1.292605996847260827e-11 1.985502934073131653e-11 8.818460766835396979e-12 2.640496992458095939e-13 7.947964674596725485e-13 7.207647645431729415e-13 6.219170683094471235e-13 -2.430910029720889194e-13 -5.338066817348738750e-13 -8.437144511045956952e-14 4.832875468145357817e-14
9.994584533277372022e-12 2.184539641408561531e-11 -7.670132640848674770e-12 3.279589441577243761e-12 3.216402965467047583e-12 -1.424011413889178869e-13 2.190768054054003750e-12 -8.482984914772993244e-13 5.766714335532766646e-13 2.980906650701280384e-13 3.751751363038861339e-12 1.915200490910718946e-12 -1.133887211870988930e-13 1.952619650067397463e-12 1.720796052962937973e-12 5.874179969437004295e-12 8.818460766835396979e-12 1.564990932322750454e-11 4.349396049765135805e-12 1.030113413403873030e-12 3.935183219961908091e-13 -7.357454179381975062e-13 -3.347805752346953251e-13 3.154669870682941406e-15 1.517299843161710873e-13 -4.377917468378682483e-13
5.071920383217493595e-12 8.608774582655460539e-12 3.123489025282128663e-12 6.258922280711412582e-12 1.288643914571512777e-12 5.914474751007734850e-12 1.952965257181711317e-12 2.219175447948107849e-12 -3.928391467780385515e-13 -1.686730085092343277e-12 9.963725325051522409e-13 -4.601101228093226304e-13 5.603656638076722655e-13 7.436698696002627339e-13 2.662253563693795832e-13 -4.847247089671273281e-13 2.640496992458095939e-13 4.349396049765135805e-12 1.101119381073299503e-11 3.288107867834901956e-12 6.546814925209299177e-13 -6.299737045370918757e-14 7.400398048901654433e-14 3.196460912493719420e-13 3.081937853168372017e-13 -3.399948167956128877e-13
2.196552332768352839e-11 1.106433411210772002e-11 3.859268100409791341e-12 -1.497178941397246391e-12 -9.983992844864261941e-12 1.171116364700459042e-12 -3.187865387769055832e-12 4.916315508681789659e-12 2.227011736644204525e-12 -1.250671525940663576e-13 7.476871648007412751e-13 -2.709665019059097621e-12 9.641892132280387994e-13 1.064238302864788131e-12 1.217184643296843434e-13 3.170273780044746394e-13 7.947964674596725485e-13 1.030113413403873030e-12 3.288107867834901956e-12 9.037018142440048567e-12 3.791829153907025988e-12 7.221701101712682753e-13 4.460475503421577796e-13 1.332205455258513305e-13 2.135032960700545959e-13 1.492066475226724842e-13
2.809514470959638125e-11 1.089009341951774422e-12 3.545834343383168351e-12 3.184433677420545036e-12 -3.475220301038640754e-12 6.805080259575529066e-13 -1.345957461662415614e-12 2.065354224497650846e-12 1.882049919165686729e-12 1.004818389712121713e-12 3.877575843870795377e-12 1.174427860759219255e-12 3.258430594976214903e-12 1.357011905220387713e-12 1.567943439185115791e-12 5.731282887158465729e-13 7.207647645431729415e-13 3.935183219961908091e-13 6.546814925209299177e-13 3.791829153907025988e-12 9.839741710474335668e-12 3.373466114304967813e-12 5.285432839628249130e-13 4.230012575164511642e-13 -5.521926705572059851e-13 -2.214466351911542621e-13
8.651890556602865557e-12 -5.760765118525653622e-12 9.588869860426451303e-13 4.173590920253011423e-13 -5.993863740890105638e-13 -4.274508997200154940e-13 -9.612983870087549144e-13 1.827403844593234365e-12 -1.841478022945451699e-13 -4.312176554467973404e-13 3.186718502668325944e-13 8.438511791112199769e-13 1.401107381738637335e-12 6.379248477890698603e-13 1.428723355884283492e-12 7.370628895203735429e-13 6.219170683094471235e-13 -7.357454179381975062e-13 -6.299737045370918757e-14 7.221701101712682753e-13 3.373466114304967813e-12 6.479830704204315773e-12 9.625514940885467152e-13 3.045648560176794719e-13 -5.286932368062562752e-13 2.627450661852955087e-13
4.591348373473132824e-14 1.388161021316716598e-12 2.308791443382466978e-12 -2.462199654664873705e-12 2.970411334609026808e-12 1.299947582836537208e-12 -2.834825844413703159e-12 -1.843419373636270660e-12 1.514982409926270996e-12 8.079368851211769996e-13 1.749354706594433386e-12 7.690217792592293141e-13 -2.641001126278687435e-14 -3.762981719406878310e-13 2.708819627729875502e-13 -3.292179645490508986e-13 -2.430910029720889194e-13 -3.347805752346953251e-13 7.400398048901654433e-14 4.460475503421577796e-13 5.285432839628249130e-13 9.625514940885467152e-13 4.631201794406001403e-12 1.015646882530145237e-12 -3.317681446733003707e-13 -6.534166151418083035e-13
-4.216984159889275159e-13 9.928872353383949058e-12 5.332161354680072939e-12 -1.633558331796816877e-12 -7.706875693593722350e-13 -1.590731254537871181e-12 5.165636998604720259e-13 4.662666694269063582e-13 9.694876451492848510e-13 -4.507382487347777686e-14 9.607921941023349593e-13 -3.458017916346240455e-13 -4.032297073470728963e-13 -4.348064049889768257e-13 -8.829015258783159911e-14 -2.789710268652546258e-13 -5.338066817348738750e-13 3.154669870682941406e-15 3.196460912493719420e-13 1.332205455258513305e-13 4.230012575164511642e-13 3.045648560176794719e-13 1.015646882530145237e-12 2.984242514007054061e-12 1.089141104192696424e-13 -4.252143922462535763e-13
-1.988049088210133015e-12 6.600424176250640791e-12 1.453613120320088854e-12 -3.703895037105828004e-13 -2.465666341707244806e-12 4.301771167408671933e-13 -7.602975532097682441e-13 8.358195594339089669e-13 4.064092411090866002e-13 -1.230065051129998589e-13 -2.064670854752354984e-12 -3.319186101875187739e-13 -5.374362334484693890e-13 2.140938640501770484e-14 -1.474584007883954344e-13 2.049935583083584032e-13 -8.437144511045956952e-14 1.517299843161710873e-13 3.081937853168372017e-13 2.135032960700545959e-13 -5.521926705572059851e-13 -5.286932368062562752e-13 -3.317681446733003707e-13 1.089141104192696424e-13 2.383612274137013815e-12 3.814852343983388714e-13
-3.906219254052609309e-12 -9.154661746045478390e-13 -1.699775737478578341e-12 3.230487540558341677e-12 1.018570672776564925e-12 1.063532300726696271e-12 1.807460485084881143e-12 8.518839209746623136e-13 1.181555145671165231e-12 1.302193573985153161e-12 -2.335717552004379962e-13 1.551539311745183784e-13 6.211185410398688906e-13 2.685305995259429736e-13 -4.235284141933361602e-13 -1.471362119791446810e-13 4.832875468145357817e-14 -4.377917468378682483e-13 -3.399948167956128877e-13 1.492066475226724842e-13 -2.214466351911542621e-13 2.627450661852955087e-13 -6.534166151418083035e-13 -4.252143922462535763e-13 3.814852343983388714e-13 2.319270548956022928e-12
