2.557931480211938203e-09 2.694854944758497754e-10 1.804612039970186989e-10 1.749206887432318729e-10 5.778749684666731768e-11 1.229792306240588195e-10 1.700279637994962735e-10 3.431883466539581044e-11 1.478549720431403119e-11 1.715336839452751153e-11 5.136822279998685014e-11 -3.407757777927034678e-12 1.892077989507254207e-11 -3.475809645292120395e-11 -1.959532123719275457e-12 -1.454387661167558899e-11 -8.390943229093260077e-12 -1.212910872887662665e-11 -2.135230036883089670e-11 -1.548461308425812121e-11 -5.000171019054902561e-12 1.077807356195415730e-11 -2.380538787945213545e-11 -1.048528727596941053e-12 2.127729448975204755e-12 4.847385847051830185e-12
2.694854944758497754e-10 1.896054957721954573e-09 1.199202855351567896e-10 1.186801795349887586e-10 4.105570218774323077e-11 4.056172631667893197e-11 4.837265241776985222e-11 4.499235047807590191e-11 3.176360392467271509e-11 7.079706050034721868e-12 4.023665815307260729e-12 3.402501072704076347e-11 6.729571898662266244e-12 -1.022241150398026620e-11 1.113773727902059518e-11 2.513557081208105257e-11 1.935753989488223019e-11 2.194936379248976899e-11 1.557224656024287134e-11 3.112310680021937171e-12 -6.780543091531499248e-12 -9.749233134677802572e-13 -6.314263551691666976e-12 8.033255933238108929e-13 6.227201173664885895e-12 -1.743194144953415127e-11
1.804612039970186989e-10 1.199202855351567896e-10 1.164909300763740251e-09 2.348912081767263386e-10 1.264064303725525580e-10 9.219115824056498581e-11 2.856637792909583338e-11 2.327300112161980128e-11 4.039098986776919993e-11 3.563670041679625861e-11 3.839766497507980822e-11 4.332080960802902300e-11 3.225171461196709287e-11 2.787877338172163603e-11 2.551747784881969647e-11 1.504295955620844417e-11 1.112267970362626958e-11 2.100758403207978468e-11 3.515298927496555046e-12 4.059938346675999772e-12 6.647119200478106755e-12 9.806834993190209541e-12 1.281617006596973221e-12 -1.412751560239968271e-11 1.063935090904871291e-12 3.110928327105352066e-13
1.749206887432318729e-10 1.186801795349887586e-10 2.348912081767263386e-10 8.228803193722715905e-10 1.435104517869046061e-10 1.395548716833875929e-10 1.597770009788356442e-11 -9.141747286539424747e-12 2.861691619623106850e-11 7.309210292062009602e-12 7.876044096312057624e-12 4.593310133192424105e-11 2.324864556141743400e-11 1.535386194529520881e-11 1.260226882005432337e-11 5.747306347834077232e-12 8.387064818968899298e-12 2.317714151671435274e-11 4.846966169449149275e-12 1.286742081418511815e-12 -1.845134537182139319e-12 2.434520397342165132e-12 1.586053505869805189e-12 -6.077044118665983691e-12 2.046654924962666188e-11 1.510867509249441939e-11
5.778749684666731768e-11 4.105570218774323077e-11 1.264064303725525580e-10 1.435104517869046061e-10 5.257684702078380659e-10 1.015001696016232832e-10 5.455305314325025939e-11 2.602582279374438388e-11 2.828459143445206519e-11 1.729822091621749780e-11 4.906660968896524837e-12 3.027873669951543574e-11 1.978308908328345990e-11 5.643847628282389865e-12 -4.022479368922534488e-12 5.410037622178094020e-13 5.691155396165887731e-12 2.821922425872295421e-12 -6.586748009980292787e-12 -5.536584016803510450e-13 4.527281405399565712e-12 1.279160868584755032e-11 6.284778174660251680e-13 -2.746415755155489899e-12 -2.680911999946339159e-12 -5.739490785132699825e-13
1.229792306240588195e-10 4.056172631667893197e-11 9.219115824056498581e-11 1.395548716833875929e-10 1.015001696016232832e-10 3.551463602850867400e-10 9.216381914047403063e-11 1.882421031504999871e-11 4.864915576373359595e-11 3.388080776912634115e-11 2.533544588586989187e-11 2.339341516768536214e-11 1.854690001751235754e-11 -4.574440548845192411e-12 -5.023199577746227920e-12 -1.327925096448729187e-11 -1.487323663970355000e-12 1.043397644885562582e-11 -5.634733082741894677e-12 -5.520786413236022214e-12 -1.325599912946464754e-12 4.802151187104039353e-12 5.966995808246236954e-12 -5.881732092345368830e-14 1.681168676857610202e-12 4.914151829753092751e-12
1.700279637994962735e-10 4.837265241776985222e-11 2.856637792909583338e-11 1.597770009788356442e-11 5.455305314325025939e-11 9.216381914047403063e-11 2.741090331604943919e-10 4.459221622217409924e-11 4.634937783458102514e-11 3.718200011456636195e-11 2.650292444303897350e-11 1.748233845603404176e-11 6.667561648967853138e-12 2.220813397512365833e-12 4.373507688433699190e-13 4.235582212949614039e-13 6.344697588137103188e-12 7.415248582172857825e-12 -2.751359487846947548e-12 -7.547067323436632824e-13 1.346738615742042556e-13 8.537979060014352754e-12 6.109098907177293160e-12 8.888223178902402741e-12 4.311661000269051802e-12 5.038848055908148195e-12
3.431883466539581044e-11 4.499235047807590191e-11 2.327300112161980128e-11 -9.141747286539424747e-12 2.602582279374438388e-11 1.882421031504999871e-11 4.459221622217409924e-11 1.625597413458829667e-10 4.524835837739977893e-11 3.634030313757597617e-11 2.066159787663703760e-11 1.232744005992728681e-11 6.016805416173174132e-12 3.985073507565496576e-12 -1.297095727146302007e-12 -4.785125273674084334e-12 6.831814310590918656e-13 4.337712044681876991e-12 -5.050393299465241201e-12 -7.370748841017549211e-12 -6.021521142189386477e-12 1.765516245578910053e-12 1.995945085147658467e-12 1.903078109601278553e-12 3.145950091994641752e-12 1.100192674375345058e-12
1.478549720431403119e-11 3.176360392467271509e-11 4.039098986776919993e-11 2.861691619623106850e-11 2.828459143445206519e-11 4.864915576373359595e-11 4.634937783458102514e-11 4.524835837739977893e-11 1.400034540856036532e-10 3.918319388628449827e-11 3.307349114217985642e-11 1.952572376790434483e-11 1.140697813149053938e-11 1.215122072795097735e-11 5.864913291818331302e-12 3.427794626054543121e-12 2.236029245406952912e-12 9.631975634030812817e-12 7.164168902535362223e-12 7.477957604220365962e-12 -1.939454431996066944e-12 -2.482072195495725504e-12 -1.188051447460676285e-12 2.318290129104591249e-12 -5.424804474569858636e-13 1.474858671149470493e-12
1.715336839452751153e-11 7.079706050034721868e-12 3.563670041679625861e-11 7.309210292062009602e-12 1.729822091621749780e-11 3.388080776912634115e-11 3.718200011456636195e-11 3.634030313757597617e-11 3.918319388628449827e-11 1.027447142315548461e-10 4.346581325806793641e-11 2.324773160285089702e-11 9.583530533700031187e-12 1.269852046936790509e-11 8.239796986138761177e-12 6.209647078082629340e-12 -1.493564053364236311e-12 5.011001568338123681e-12 2.639497474745522376e-12 2.209899548201334782e-12 -4.915612857972333748e-13 1.139327232688666176e-12 2.502441875629995638e-12 2.076309233417592692e-12 2.835693976483800742e-12 -1.288462814426220063e-12
5.136822279998685014e-11 4.023665815307260729e-12 3.839766497507980822e-11 7.876044096312057624e-12 4.906660968896524837e-12 2.533544588586989187e-11 2.650292444303897350e-11 2.066159787663703760e-11 3.307349114217985642e-11 4.346581325806793641e-11 9.171496504852650142e-11 3.001148430636088535e-11 1.417685401388500167e-11 1.119066575976516802e-11 1.328514567048849082e-11 2.887148945935173149e-12 -7.787692399219386750e-13 3.679394599306696597e-12 -8.799327643336397457e-13 4.034026942786045780e-12 3.420448681077050869e-12 3.541723539392007227e-12 -2.009853874197291674e-12 -2.663125909854731176e-12 2.147832838917421811e-12 2.962062699086823649e-12
-3.407757777927034678e-12 3.402501072704076347e-11 4.332080960802902300e-11 4.593310133192424105e-11 3.027873669951543574e-11 2.339341516768536214e-11 1.748233845603404176e-11 1.232744005992728681e-11 1.952572376790434483e-11 2.324773160285089702e-11 3.001148430636088535e-11 6.329396360881741807e-11 2.573909947408541709e-11 1.450848460370897873e-11 1.112901401733962894e-11 6.910430557599146713e-12 2.542004469819364220e-12 5.849683675389542566e-12 -1.172291256840598843e-13 2.676139338538903272e-12 4.427653739454268579e-14 8.065295106192885741e-13 -1.212508517525974645e-12 -3.814929075793050177e-12 3.148310460887209251e-12 4.757980684398001901e-12
1.892077989507254207e-11 6.729571898662266244e-12 3.225171461196709287e-11 2.324864556141743400e-11 1.978308908328345990e-11 1.854690001751235754e-11 6.667561648967853138e-12 6.016805416173174132e-12 1.140697813149053938e-11 9.583530533700031187e-12 1.417685401388500167e-11 2.573909947408541709e-11 4.864428385249877914e-11 2.086622257314230360e-11 1.465182542369888566e-11 1.034650128797854693e-11 5.513271042789319778e-12 3.642742659017993115e-12 6.133929757103229488e-13 4.106945883295786715e-12 1.918027963046732551e-12 1.705685557779169413e-12 -1.348118040960196258e-12 -2.299341389399551784e-12 2.678903586560867152e-12 5.595172878761106155e-12
-3.475809645292120395e-11 -1.022241150398026620e-11 2.787877338172163603e-11 1.535386194529520881e-11 5.643847628282389865e-12 -4.574440548845192411e-12 2.220813397512365833e-12 3.985073507565496576e-12 1.215122072795097735e-11 1.269852046936790509e-11 1.119066575976516802e-11 1.450848460370897873e-11 2.086622257314230360e-11 4.162745313593812437e-11 2.257445442066608203e-11 1.336779487927780404e-11 6.600642149518610028e-12 6.597074973362945675e-12 5.427890571029994044e-12 4.045272397992770675e-12 3.622561460935449568e-12 1.122662450828688142e-12 -5.217234800403617609e-13 -8.879857274619033580e-13 3.042634606642898638e-12 2.611495519110843777e-12
-1.959532123719275457e-12 1.113773727902059518e-11 2.551747784881969647e-11 1.260226882005432337e-11 -4.022479368922534488e-12 -5.023199577746227920e-12 4.373507688433699190e-13 -1.297095727146302007e-12 5.864913291818331302e-12 8.239796986138761177e-12 1.328514567048849082e-11 1.112901401733962894e-11 1.465182542369888566e-11 2.257445442066608203e-11 3.497144462279367597e-11 1.644235103835036177e-11 7.019416264538233468e-12 4.298430634487541350e-12 5.603286910328431054e-12 4.801155344282361456e-12 4.454698493466149146e-12 2.729300437833083522e-12 1.932334394870093761e-14 -9.100246716632096177e-13 1.801273643591031013e-12 2.014950947102853376e-12
-1.454387661167558899e-11 2.513557081208105257e-11 1.504295955620844417e-11 5.747306347834077232e-12 5.410037622178094020e-13 -1.327925096448729187e-11 4.235582212949614039e-13 -4.785125273674084334e-12 3.427794626054543121e-12 6.209647078082629340e-12 2.887148945935173149e-12 6.910430557599146713e-12 1.034650128797854693e-11 1.336779487927780404e-11 1.644235103835036177e-11 3.062088360940791884e-11 1.833082878206103732e-11 7.526922976935889099e-12 5.552490493454784959e-12 3.561993437773658061e-12 1.771089209526022992e-12 3.190521968240538477e-12 -1.557567552213919219e-12 -1.159551069466747409e-12 1.493678388071766617e-12 1.684219879408084052e-12
-8.390943229093260077e-12 1.935753989488223019e-11 1.112267970362626958e-11 8.387064818968899298e-12 5.691155396165887731e-12 -1.487323663970355000e-12 6.344697588137103188e-12 6.831814310590918656e-13 2.236029245406952912e-12 -1.493564053364236311e-12 -7.787692399219386750e-13 2.542004469819364220e-12 5.513271042789319778e-12 6.600642149518610028e-12 7.019416264538233468e-12 1.833082878206103732e-11 3.475516035515740418e-11 1.994802037192086043e-11 1.007636709843241898e-11 7.243102707367347182e-12 5.938662223779483024e-12 2.141665406721855724e-12 -8.762645550651252143e-13 8.375701351305972903e-13 1.226207024832820237e-12 1.743446531760306849e-12
-1.212910872887662665e-11 2.194936379248976899e-11 2.100758403207978468e-11 2.317714151671435274e-11 2.821922425872295421e-12 1.043397644885562582e-11 7.415248582172857825e-12 4.337712044681876991e-12 9.631975634030812817e-12 5.011001568338123681e-12 3.679394599306696597e-12 5.849683675389542566e-12 3.642742659017993115e-12 6.597074973362945675e-12 4.298430634487541350e-12 7.526922976935889099e-12 1.994802037192086043e-11 3.271978717733083528e-11 1.791074724291248005e-11 1.005355751694634621e-11 4.842368828101042180e-12 5.898894046529016294e-13 -1.447561561616871440e-13 3.715244089564280682e-13 7.446218230033651852e-13 2.511338524776892301e-12
-2.135230036883089670e-11 1.557224656024287134e-11 3.515298927496555046e-12 4.846966169449149275e-12 -6.586748009980292787e-12 -5.634733082741894677e-12 -2.751359487846947548e-12 -5.050393299465241201e-12 7.164168902535362223e-12 2.639497474745522376e-12 -8.799327643336397457e-13 -1.172291256840598843e-13 6.133929757103229488e-13 5.427890571029994044e-12 5.603286910328431054e-12 5.552490493454784959e-12 1.007636709843241898e-11 1.791074724291248005e-11 2.816040464112178537e-11 1.688010218631443085e-11 8.655409190741869967e-12 3.391509952522841825e-12 2.086201019015420487e-12 1.545276572307068377e-12 -1.668683183112155349e-13 -1.662159163328773560e-12
-1.548461308425812121e-11 3.112310680021937171e-12 4.059938346675999772e-12 1.286742081418511815e-12 -5.536584016803510450e-13 -5.520786413236022214e-12 -7.547067323436632824e-13 -7.370748841017549211e-12 7.477957604220365962e-12 2.209899548201334782e-12 4.034026942786045780e-12 2.676139338538903272e-12 4.106945883295786715e-12 4.045272397992770675e-12 4.801155344282361456e-12 3.561993437773658061e-12 7.243102707367347182e-12 1.005355751694634621e-11 1.688010218631443085e-11 3.115143791114915065e-11 1.845281843283257567e-11 8.776529983767715797e-12 1.660445502237935214e-12 2.303905468044446476e-12 -2.347276743333777710e-13 -1.087359100517241539e-12
-5.000171019054902561e-12 -6.780543091531499248e-12 6.647119200478106755e-12 -1.845134537182139319e-12 4.527281405399565712e-12 -1.325599912946464754e-12 1.346738615742042556e-13 -6.021521142189386477e-12 -1.939454431996066944e-12 -4.915612857972333748e-13 3.420448681077050869e-12 4.427653739454268579e-14 1.918027963046732551e-12 3.622561460935449568e-12 4.454698493466149146e-12 1.771089209526022992e-12 5.938662223779483024e-12 4.842368828101042180e-12 8.655409190741869967e-12 1.845281843283257567e-11 2.767970233564078699e-11 1.589733514195954214e-11 4.886493942744437734e-12 2.097247823098737612e-12 5.981480203132457440e-13 -1.592768938312276031e-14
1.077807356195415730e-11 -9.749233134677802572e-13 9.806834993190209541e-12 2.434520397342165132e-12 1.279160868584755032e-11 4.802151187104039353e-12 8.537979060014352754e-12 1.765516245578910053e-12 -2.482072195495725504e-12 1.139327232688666176e-12 3.541723539392007227e-12 8.065295106192885741e-13 1.705685557779169413e-12 1.122662450828688142e-12 2.729300437833083522e-12 3.190521968240538477e-12 2.141665406721855724e-12 5.898894046529016294e-13 3.391509952522841825e-12 8.776529983767715797e-12 1.589733514195954214e-11 2.391744176839509583e-11 1.015407952550855332e-11 3.135264619369090720e-12 1.357557723207672099e-12 1.372895518965696255e-13
-2.380538787945213545e-11 -6.314263551691666976e-12 1.281617006596973221e-12 1.586053505869805189e-12 6.284778174660251680e-13 5.966995808246236954e-12 6.109098907177293160e-12 1.995945085147658467e-12 -1.188051447460676285e-12 2.502441875629995638e-12 -2.009853874197291674e-12 -1.212508517525974645e-12 -1.348118040960196258e-12 -5.217234800403617609e-13 1.932334394870093761e-14 -1.557567552213919219e-12 -8.762645550651252143e-13 -1.447561561616871440e-13 2.086201019015420487e-12 1.660445502237935214e-12 4.886493942744437734e-12 1.015407952550855332e-11 1.662797408375641058e-11 6.412991141566121382e-12 6.796297769708075638e-13 -3.302793447871451509e-13
-1.048528727596941053e-12 8.033255933238108929e-13 -1.412751560239968271e-11 -6.077044118665983691e-12 -2.746415755155489899e-12 -5.881732092345368830e-14 8.888223178902402741e-12 1.903078109601278553e-12 2.318290129104591249e-12 2.076309233417592692e-12 -2.663125909854731176e-12 -3.814929075793050177e-12 -2.299341389399551784e-12 -8.879857274619033580e-13 -9.100246716632096177e-13 -1.159551069466747409e-12 8.375701351305972903e-13 3.715244089564280682e-13 1.545276572307068377e-12 2.303905468044446476e-12 2.097247823098737612e-12 3.135264619369090720e-12 6.412991141566121382e-12 1.334018595345718200e-11 4.051987085027691565e-12 1.190948717378675107e-13
2.127729448975204755e-12 6.227201173664885895e-12 1.063935090904871291e-12 2.046654924962666188e-11 -2.680911999946339159e-12 1.681168676857610202e-12 4.311661000269051802e-12 3.145950091994641752e-12 -5.424804474569858636e-13 2.835693976483800742e-12 2.147832838917421811e-12 3.148310460887209251e-12 2.678903586560867152e-12 3.042634606642898638e-12 1.801273643591031013e-12 1.493678388071766617e-12 1.226207024832820237e-12 7.446218230033651852e-13 -1.668683183112155349e-13 -2.347276743333777710e-13 5.981480203132457440e-13 1.357557723207672099e-12 6.796297769708075638e-13 4.051987085027691565e-12 1.189822625761689813e-11 3.968171466230394812e-12
4.847385847051830185e-12 -1.743194144953415127e-11 3.110928327105352066e-13 1.510867509249441939e-11 -5.739490785132699825e-13 4.914151829753092751e-12 5.038848055908148195e-12 1.100192674375345058e-12 1.474858671149470493e-12 -1.288462814426220063e-12 2.962062699086823649e-12 4.757980684398001901e-12 5.595172878761106155e-12 2.611495519110843777e-12 2.014950947102853376e-12 1.684219879408084052e-12 1.743446531760306849e-12 2.511338524776892301e-12 -1.662159163328773560e-12 -1.087359100517241539e-12 -1.592768938312276031e-14 1.372895518965696255e-13 -3.302793447871451509e-13 1.190948717378675107e-13 3.968171466230394812e-12 9.928961565145573435e-12
