2.765812907293492667e-09 1.476993512747116814e-10 1.797789967948814720e-10 -2.684462222901021326e-11 -1.500841010425460049e-10 -2.844005990829500579e-11 -6.388881072698926223e-11 -6.257817582068286829e-11 -5.230554844373397653e-11 -9.335784731425119684e-12 6.640928707473923412e-11 4.065049409598102095e-11 2.246352321697729786e-11 4.474977837359235777e-11 1.198517190814375812e-11 2.029688094967845412e-11 1.870576576504273114e-11 9.298695952782197388e-12 4.802814030784744342e-12 -2.885576272129204030e-11 -3.207792737410070333e-11 2.681834675025259267e-12 -1.890929257571786551e-11 -4.085427919634263043e-12 -1.557932844207621833e-11 7.764538363710210287e-12
1.476993512747116814e-10 2.207356893363624617e-09 7.532254167484724222e-11 1.067955522052962243e-10 1.627494509621736315e-10 4.546734848366849179e-11 1.054027666804865801e-10 -2.630917698400775923e-11 -6.807005802894212563e-12 -1.575676312526631398e-11 4.416784392845860490e-12 -5.052255880461031787e-11 3.670726606783033400e-12 3.034505884156969154e-11 2.405486978552288420e-13 2.338693988741959469e-11 2.717389324462770921e-11 1.725774174227625004e-11 2.829610932979668859e-11 2.557390332093381822e-11 -1.043722824027643146e-11 -1.246351308109414273e-11 -2.023679829796576516e-11 -2.375498354750343144e-12 8.218565900040171012e-12 -1.358001543833766327e-12
1.797789967948814720e-10 7.532254167484724222e-11 1.361976975421228857e-09 1.697112290828439024e-10 2.564296380022697040e-11 2.926786631824854020e-11 3.603901506358079753e-11 -2.317273838758735676e-11 4.444091468120016074e-11 2.656658570797787119e-11 1.790907785238182642e-11 -4.277183131195251131e-12 5.426876466753532723e-12 6.624839214806269437e-12 -1.456315583131406463e-11 -1.922103028560249766e-11 -2.626296908493555128e-11 -1.500217317148267445e-11 -9.345273260374753375e-12 -1.347810603211392567e-11 -4.425793128913746961e-12 -6.873831183956825850e-13 6.027716748604611970e-12 -1.789768805507415764e-11 -6.581045486581565709e-12 1.072639611012131269e-11
-2.684462222901021326e-11 1.067955522052962243e-10 1.697112290828439024e-10 7.998755510990739087e-10 7.956537665771698248e-11 6.507205462613661142e-11 5.356416328196290964e-11 -5.951354258812456817e-12 3.910429932621543095e-11 1.744223096902680545e-11 1.496631902118590718e-11 1.129646473632170951e-11 1.105062642043955668e-11 1.795126905053722550e-11 1.067783334303736781e-12 -8.180435189702283437e-12 6.936605657176730650e-12 -4.830404990664378774e-12 -7.533705323650662780e-12 -6.130452081192219924e-12 3.126476644711068058e-12 1.749174500468997998e-11 1.339683184993353983e-11 -2.050267698947098229e-12 -1.202313041078295371e-13 -4.184038446708136530e-12
-1.500841010425460049e-10 1.627494509621736315e-10 2.564296380022697040e-11 7.956537665771698248e-11 5.460332821679573124e-10 3.158278267403114570e-11 4.263121118744601590e-11 -1.210518680390955548e-11 3.970818261394931740e-11 1.030904840166534345e-11 1.277165574488211006e-11 6.721886697295374519e-12 -8.415750687792096492e-12 -3.197482258568969861e-12 1.135056236557520499e-14 1.218295928986026901e-11 7.773092808395482099e-12 3.346203225981757428e-12 5.477260550488927096e-12 1.518067510839794298e-11 1.401772983622951903e-11 -4.916090600371806629e-12 6.068510414254863462e-12 8.155870562756976485e-12 -7.134577153437133808e-12 -2.178557691293080963e-12
-2.844005990829500579e-11 4.546734848366849179e-11 2.926786631824854020e-11 6.507205462613661142e-11 3.158278267403114570e-11 4.375103493954598363e-10 6.213328354449992102e-11 1.410539331737818440e-11 1.315356741759949758e-11 1.547007320167452331e-11 1.227467967460788183e-11 8.274274914938636337e-12 3.132884428871860797e-12 -6.122150344568244514e-12 -5.088233367012643787e-12 2.534593255285278466e-12 6.782369814027304789e-12 -8.466197452377526254e-13 1.467182071616689326e-12 5.049545400557445210e-12 -6.160310453628575470e-13 5.731408189605497650e-12 2.009790716678827263e-12 -4.323879622073378988e-12 5.943225439813796741e-12 4.886475042664842194e-13
-6.388881072698926223e-11 1.054027666804865801e-10 3.603901506358079753e-11 5.356416328196290964e-11 4.263121118744601590e-11 6.213328354449992102e-11 3.004801941563013874e-10 2.122380003105266564e-11 2.390297522923838669e-11 2.592877141153004591e-12 -1.078751915367533186e-12 -1.888401910230338179e-11 1.430996357332381965e-12 5.923071567064635679e-12 -6.895326977124633329e-12 -1.825054912714697991e-12 1.508838104010429068e-12 7.200159186574752868e-13 -6.450508953113686294e-12 -1.365468789846166646e-11 -9.244635701099653440e-12 -1.336313571850617609e-11 -5.526813287803707191e-12 -6.344574033640482096e-12 -7.662101127442054949e-12 2.260557475259309024e-13
-6.257817582068286829e-11 -2.630917698400775923e-11 -2.317273838758735676e-11 -5.951354258812456817e-12 -1.210518680390955548e-11 1.410539331737818440e-11 2.122380003105266564e-11 1.875152121089160775e-10 1.775425210772797264e-11 9.009101088191491765e-13 -8.538764563927267903e-13 9.803932629108773023e-12 -8.073288415068683898e-12 -4.328048780702507231e-12 -1.071849908011105034e-11 1.343791228625116785e-12 5.876149459891226486e-12 1.248262804290184945e-12 3.442188562195835304e-12 -1.487362878443776123e-12 -6.359068381486616023e-12 -5.399518904499678123e-12 -9.405968257928227647e-12 1.662789588352672346e-12 7.275501897639851900e-12 2.358193170401749309e-12
-5.230554844373397653e-11 -6.807005802894212563e-12 4.444091468120016074e-11 3.910429932621543095e-11 3.970818261394931740e-11 1.315356741759949758e-11 2.390297522923838669e-11 1.775425210772797264e-11 1.506150206735080971e-10 3.216040750422173724e-11 2.100549832911111869e-11 1.896872556786385991e-11 1.474343602479189073e-11 1.658745714652966558e-11 9.350168396903050950e-12 3.021454184047549071e-12 1.068394524039845420e-11 1.003998657624121314e-11 1.893831564116601685e-13 -4.745749857737829902e-12 -7.645349402520664481e-12 -4.987343972952390634e-12 -5.806333468923647689e-13 -3.123915102936782869e-13 -2.044353204042535150e-12 1.268553227843498914e-12
-9.335784731425119684e-12 -1.575676312526631398e-11 2.656658570797787119e-11 1.744223096902680545e-11 1.030904840166534345e-11 1.547007320167452331e-11 2.592877141153004591e-12 9.009101088191491765e-13 3.216040750422173724e-11 1.237715916889973999e-10 3.674855654013961078e-11 2.731469338043688342e-11 1.078688746321461301e-11 1.165727829911288031e-11 8.281117858335911138e-12 9.552960517126787513e-12 1.496843692865491715e-12 -1.511023916077869769e-12 -1.382593725241017326e-12 -1.143386818634548224e-11 -1.234912538817296724e-11 -3.672926540827503855e-12 -7.836062736711643157e-12 -4.581764788179398005e-12 -1.418933215762548697e-12 -2.406170394504015579e-12
6.640928707473923412e-11 4.416784392845860490e-12 1.790907785238182642e-11 1.496631902118590718e-11 1.277165574488211006e-11 1.227467967460788183e-11 -1.078751915367533186e-12 -8.538764563927267903e-13 2.100549832911111869e-11 3.674855654013961078e-11 6.652924805692488382e-11 2.516687005890878347e-11 1.278623799085272488e-11 9.708819439134375102e-12 8.098374462836600820e-12 1.672936655395239525e-12 -3.668789637076430165e-12 -3.073130979155271135e-12 -3.757433677684496312e-13 -2.289062624848066392e-12 -4.982974357765854932e-12 -3.245574123847795397e-12 -3.546265826997223557e-12 -2.152578263679456064e-12 -3.153729058920867438e-12 -2.904434610461480641e-12
4.065049409598102095e-11 -5.052255880461031787e-11 -4.277183131195251131e-12 1.129646473632170951e-11 6.721886697295374519e-12 8.274274914938636337e-12 -1.888401910230338179e-11 9.803932629108773023e-12 1.896872556786385991e-11 2.731469338043688342e-11 2.516687005890878347e-11 6.734786405962260991e-11 2.619803246464048999e-11 1.614130837296456891e-11 8.922401692137494999e-12 4.623931876065561242e-12 7.058202015277505188e-12 3.656898325284883488e-12 4.498302225577671355e-12 -2.363551579198798740e-12 -5.224904652966270424e-12 -1.485173485701764092e-12 -1.430219879403599658e-12 -1.607495378295076921e-12 6.890430450038635364e-13 8.216545256321087904e-13
2.246352321697729786e-11 3.670726606783033400e-12 5.426876466753532723e-12 1.105062642043955668e-11 -8.415750687792096492e-12 3.132884428871860797e-12 1.430996357332381965e-12 -8.073288415068683898e-12 1.474343602479189073e-11 1.078688746321461301e-11 1.278623799085272488e-11 2.619803246464048999e-11 6.402922431467807979e-11 3.532915264827877556e-11 2.505373183550093344e-11 1.540952697867256958e-11 1.163312926758466560e-11 6.760141522529859747e-12 3.097198507987644657e-12 -2.120259295266071703e-12 -9.481333849715555036e-12 -4.876291738897969777e-12 -9.048741275763718736e-13 2.579613627211095807e-14 2.722810160588582181e-12 -2.408402742668647531e-13
4.474977837359235777e-11 3.034505884156969154e-11 6.624839214806269437e-12 1.795126905053722550e-11 -3.197482258568969861e-12 -6.122150344568244514e-12 5.923071567064635679e-12 -4.328048780702507231e-12 1.658745714652966558e-11 1.165727829911288031e-11 9.708819439134375102e-12 1.614130837296456891e-11 3.532915264827877556e-11 6.444609635780630834e-11 3.276865982646956849e-11 2.233492566865962138e-11 1.249444525349381302e-11 7.487596519227105835e-12 9.445422064854069119e-12 5.955173559001445653e-13 -9.097302344023358110e-12 -2.681130057859133004e-12 3.022169308535393039e-12 2.016193319005518749e-13 6.549156594613611282e-13 1.137581792560145028e-12
1.198517190814375812e-11 2.405486978552288420e-13 -1.456315583131406463e-11 1.067783334303736781e-12 1.135056236557520499e-14 -5.088233367012643787e-12 -6.895326977124633329e-12 -1.071849908011105034e-11 9.350168396903050950e-12 8.281117858335911138e-12 8.098374462836600820e-12 8.922401692137494999e-12 2.505373183550093344e-11 3.276865982646956849e-11 4.980013083703047509e-11 2.808165343808310091e-11 1.748095945236644453e-11 1.086751006873739948e-11 9.446364177555989038e-12 2.218041065510068158e-12 -1.819241795708227575e-12 1.011407629130894613e-12 1.536625308330768593e-12 1.381108842729266089e-12 -1.107703126561245651e-12 -1.817570779450951987e-12
2.029688094967845412e-11 2.338693988741959469e-11 -1.922103028560249766e-11 -8.180435189702283437e-12 1.218295928986026901e-11 2.534593255285278466e-12 -1.825054912714697991e-12 1.343791228625116785e-12 3.021454184047549071e-12 9.552960517126787513e-12 1.672936655395239525e-12 4.623931876065561242e-12 1.540952697867256958e-11 2.233492566865962138e-11 2.808165343808310091e-11 5.375414898937187877e-11 3.142979737031922253e-11 2.059072848934180102e-11 1.450813037389314440e-11 2.142174401872843601e-12 -6.808712575653452334e-13 1.903392111220866600e-12 2.141477868741513786e-12 3.811910131598433613e-12 -9.473657705090371473e-13 1.342552083654595420e-12
1.870576576504273114e-11 2.717389324462770921e-11 -2.626296908493555128e-11 6.936605657176730650e-12 7.773092808395482099e-12 6.782369814027304789e-12 1.508838104010429068e-12 5.876149459891226486e-12 1.068394524039845420e-11 1.496843692865491715e-12 -3.668789637076430165e-12 7.058202015277505188e-12 1.163312926758466560e-11 1.249444525349381302e-11 1.748095945236644453e-11 3.142979737031922253e-11 5.102988509094352781e-11 3.102034186290936367e-11 1.482716655925285177e-11 4.742092511667098874e-12 -8.348608117741163003e-13 -1.572834635696293219e-12 4.718362326205757541e-13 3.344466961829957096e-12 1.429854454659389600e-12 1.650052481345814253e-12
9.298695952782197388e-12 1.725774174227625004e-11 -1.500217317148267445e-11 -4.830404990664378774e-12 3.346203225981757428e-12 -8.466197452377526254e-13 7.200159186574752868e-13 1.248262804290184945e-12 1.003998657624121314e-11 -1.511023916077869769e-12 -3.073130979155271135e-12 3.656898325284883488e-12 6.760141522529859747e-12 7.487596519227105835e-12 1.086751006873739948e-11 2.059072848934180102e-11 3.102034186290936367e-11 4.708186044058450696e-11 2.677423963675826155e-11 1.010751849947255450e-11 1.252140194317815531e-12 8.799307908145572623e-14 1.662392055511661658e-12 3.747362652142685577e-12 -1.123022510849845997e-12 1.256672571050843470e-12
4.802814030784744342e-12 2.829610932979668859e-11 -9.345273260374753375e-12 -7.533705323650662780e-12 5.477260550488927096e-12 1.467182071616689326e-12 -6.450508953113686294e-12 3.442188562195835304e-12 1.893831564116601685e-13 -1.382593725241017326e-12 -3.757433677684496312e-13 4.498302225577671355e-12 3.097198507987644657e-12 9.445422064854069119e-12 9.446364177555989038e-12 1.450813037389314440e-11 1.482716655925285177e-11 2.677423963675826155e-11 4.279696568000349666e-11 2.477298177296458835e-11 8.781483252841091680e-12 8.078311685572130679e-12 5.065372067823696691e-12 3.021199828075724484e-12 -8.196621437226718273e-13 1.479134544148424766e-12
-2.885576272129204030e-11 2.557390332093381822e-11 -1.347810603211392567e-11 -6.130452081192219924e-12 1.518067510839794298e-11 5.049545400557445210e-12 -1.365468789846166646e-11 -1.487362878443776123e-12 -4.745749857737829902e-12 -1.143386818634548224e-11 -2.289062624848066392e-12 -2.363551579198798740e-12 -2.120259295266071703e-12 5.955173559001445653e-13 2.218041065510068158e-12 2.142174401872843601e-12 4.742092511667098874e-12 1.010751849947255450e-11 2.477298177296458835e-11 4.893302449326079518e-11 2.506356882601736726e-11 1.363466095125955508e-11 8.761942019583008719e-12 2.039718833614025290e-12 1.053835146781224286e-13 3.135908633508727665e-13
-3.207792737410070333e-11 -1.043722824027643146e-11 -4.425793128913746961e-12 3.126476644711068058e-12 1.401772983622951903e-11 -6.160310453628575470e-13 -9.244635701099653440e-12 -6.359068381486616023e-12 -7.645349402520664481e-12 -1.234912538817296724e-11 -4.982974357765854932e-12 -5.224904652966270424e-12 -9.481333849715555036e-12 -9.097302344023358110e-12 -1.819241795708227575e-12 -6.808712575653452334e-13 -8.348608117741163003e-13 1.252140194317815531e-12 8.781483252841091680e-12 2.506356882601736726e-11 4.131984275379908600e-11 2.319842814698403191e-11 1.273885582773821392e-11 4.331256257283383576e-12 -6.986185729899668546e-13 -5.202780366357183968e-13
2.681834675025259267e-12 -1.246351308109414273e-11 -6.873831183956825850e-13 1.749174500468997998e-11 -4.916090600371806629e-12 5.731408189605497650e-12 -1.336313571850617609e-11 -5.399518904499678123e-12 -4.987343972952390634e-12 -3.672926540827503855e-12 -3.245574123847795397e-12 -1.485173485701764092e-12 -4.876291738897969777e-12 -2.681130057859133004e-12 1.011407629130894613e-12 1.903392111220866600e-12 -1.572834635696293219e-12 8.799307908145572623e-14 8.078311685572130679e-12 1.363466095125955508e-11 2.319842814698403191e-11 3.651762980217953252e-11 1.938693897900200482e-11 5.646711252164955617e-12 3.404076189238515131e-13 -1.090004326710872921e-12
-1.890929257571786551e-11 -2.023679829796576516e-11 6.027716748604611970e-12 1.339683184993353983e-11 6.068510414254863462e-12 2.009790716678827263e-12 -5.526813287803707191e-12 -9.405968257928227647e-12 -5.806333468923647689e-13 -7.836062736711643157e-12 -3.546265826997223557e-12 -1.430219879403599658e-12 -9.048741275763718736e-13 3.022169308535393039e-12 1.536625308330768593e-12 2.141477868741513786e-12 4.718362326205757541e-13 1.662392055511661658e-12 5.065372067823696691e-12 8.761942019583008719e-12 1.273885582773821392e-11 1.938693897900200482e-11 3.088865865134183781e-11 1.113660956496029393e-11 1.382111752418424943e-12 -7.284249345767067464e-14
-4.085427919634263043e-12 -2.375498354750343144e-12 -1.789768805507415764e-11 -2.050267698947098229e-12 8.155870562756976485e-12 -4.323879622073378988e-12 -6.344574033640482096e-12 1.662789588352672346e-12 -3.123915102936782869e-13 -4.581764788179398005e-12 -2.152578263679456064e-12 -1.607495378295076921e-12 2.579613627211095807e-14 2.016193319005518749e-13 1.381108842729266089e-12 3.811910131598433613e-12 3.344466961829957096e-12 3.747362652142685577e-12 3.021199828075724484e-12 2.039718833614025290e-12 4.331256257283383576e-12 5.646711252164955617e-12 1.113660956496029393e-11 1.732239345442342429e-11 3.746746196856325721e-12 -8.721817191076628278e-13
-1.557932844207621833e-11 8.218565900040171012e-12 -6.581045486581565709e-12 -1.202313041078295371e-13 -7.134577153437133808e-12 5.943225439813796741e-12 -7.662101127442054949e-12 7.275501897639851900e-12 -2.044353204042535150e-12 -1.418933215762548697e-12 -3.153729058920867438e-12 6.890430450038635364e-13 2.722810160588582181e-12 6.549156594613611282e-13 -1.107703126561245651e-12 -9.473657705090371473e-13 1.429854454659389600e-12 -1.123022510849845997e-12 -8.196621437226718273e-13 1.053835146781224286e-13 -6.986185729899668546e-13 3.404076189238515131e-13 1.382111752418424943e-12 3.746746196856325721e-12 1.400753479628962536e-11 2.770785807430007428e-12
7.764538363710210287e-12 -1.358001543833766327e-12 1.072639611012131269e-11 -4.184038446708136530e-12 -2.178557691293080963e-12 4.886475042664842194e-13 2.260557475259309024e-13 2.358193170401749309e-12 1.268553227843498914e-12 -2.406170394504015579e-12 -2.904434610461480641e-12 8.216545256321087904e-13 -2.408402742668647531e-13 1.137581792560145028e-12 -1.817570779450951987e-12 1.342552083654595420e-12 1.650052481345814253e-12 1.256672571050843470e-12 1.479134544148424766e-12 3.135908633508727665e-13 -5.202780366357183968e-13 -1.090004326710872921e-12 -7.284249345767067464e-14 -8.721817191076628278e-13 2.770785807430007428e-12 9.721302337325774198e-12
