4.691544751218109869e-09 1.462449878897541056e-10 2.307283920227668701e-10 7.000884480551956089e-11 4.215482126543001774e-12 -1.836404090345109789e-10 -1.978805445722241122e-11 -1.356236711600763528e-10 1.625984071911864722e-11 6.865017428405746750e-11 1.370323437005629738e-11 2.746606972967275152e-11 2.558306632547996737e-11 -6.185096625036382901e-11 2.143414399327910267e-12 -1.699047867826102079e-11 -4.088910566941913718e-11 -3.235051951670809465e-11 -4.569189862854256821e-11 -4.408917798522040555e-11 -1.473996456245117124e-11 -1.076682510866314200e-13 1.784407232818146351e-11 -1.829962701174511685e-11 3.874068796680687361e-11 3.420683256182693734e-11
1.462449878897541056e-10 2.903094056071261471e-09 3.724924986606907189e-10 1.486343528339985064e-10 4.401608645696889455e-11 -3.527373210696687437e-11 -1.344681481311348222e-10 -4.483243477531999871e-11 9.549357085037779806e-11 -4.767019081018373285e-11 -9.063434867289901483e-12 -2.942298711104314791e-11 -3.083438543868062305e-11 4.188719993264445126e-12 -5.842031466609623452e-12 1.758779842827576017e-11 7.812196154469978585e-12 -1.643016443177544495e-11 -2.118076467854320653e-11 -1.502125302211771396e-11 4.684351494271516718e-11 8.912971546283767731e-12 -3.122521570168853660e-12 -1.845612493277548962e-11 3.111456681432783544e-12 -1.336829638564697713e-11
2.307283920227668701e-10 3.724924986606907189e-10 1.959066896147647609e-09 1.798553574925965381e-10 5.036247351468271192e-11 3.679422747412331273e-11 3.232995850189546342e-11 -1.200846456207892883e-11 4.590004976009066234e-11 -3.823372041528671354e-11 5.929825936511182384e-12 -1.742991508248350148e-11 -9.497321261554337566e-12 1.396318370743520219e-11 -1.719058322237477823e-11 -2.530320922898963864e-12 1.110795893916924810e-11 1.233748342085125626e-11 3.857153050132521162e-11 3.037931773627822854e-11 3.190798696391466332e-11 2.125794015108994079e-11 1.000275181395349952e-11 8.989616200715594479e-12 1.568362806325198268e-11 9.969481507658616595e-12
7.000884480551956089e-11 1.486343528339985064e-10 1.798553574925965381e-10 1.179914195640160541e-09 9.237024186821300073e-11 3.127444433093057303e-11 1.004112883207128507e-10 5.878933505097195859e-12 4.446630945207662064e-11 1.141244388751535132e-11 1.192072712541277907e-11 1.824858654096170271e-11 2.699045368173162780e-11 1.469298166120504392e-11 2.479967543632174725e-11 1.683514185601730149e-11 3.926441946501045773e-11 6.228175720863038909e-12 8.094214256927459239e-12 -2.252144473243854657e-12 -1.060895045334590620e-11 -6.352525829784854735e-12 -2.166272911798690147e-11 -1.879281038021142364e-11 -2.141220453447039625e-11 1.319826736833222407e-11
4.215482126543001774e-12 4.401608645696889455e-11 5.036247351468271192e-11 9.237024186821300073e-11 7.627954996404905606e-10 1.896703842193304918e-11 6.739526716337367300e-11 3.724268880482164874e-11 4.419761795783377165e-11 2.378207728880573694e-11 -3.460081452415122187e-11 -2.782516726868726323e-11 -2.154235855052404505e-11 -3.420898409046253872e-11 -4.822528933734110661e-11 -1.971136643509369587e-11 -2.350229622511400186e-11 -1.722814048506710633e-11 -6.988659691697641566e-12 1.268539519647468356e-11 9.103512617067427340e-12 5.336480532436299783e-12 -5.696005767056309186e-12 -7.295839363657510198e-12 -1.349327050211961579e-12 -7.847219748155702694e-13
-1.836404090345109789e-10 -3.527373210696687437e-11 3.679422747412331273e-11 3.127444433093057303e-11 1.896703842193304918e-11 5.388365165071192069e-10 8.016421924847220575e-11 4.555469222473434306e-11 -7.810190830435112531e-12 1.250583985723987071e-11 1.405104719370926679e-11 -3.382985957562854171e-12 1.269058522497999865e-11 1.459563383154238055e-11 1.802793737164534047e-11 2.472624856715276206e-11 1.494303442820152998e-11 5.169217231633849243e-12 -1.994571892241213813e-12 8.369591418889132239e-12 2.039277744751480291e-11 1.060221453032754449e-12 -9.277438614188228884e-12 -1.532994972389676358e-11 -4.124806311717478621e-12 -9.905330918411478845e-12
-1.978805445722241122e-11 -1.344681481311348222e-10 3.232995850189546342e-11 1.004112883207128507e-10 6.739526716337367300e-11 8.016421924847220575e-11 3.639777533107108629e-10 9.027973352331151544e-11 2.829496074954633269e-11 2.416994490037196905e-11 7.603055088676302236e-12 2.163612976202203873e-11 1.973504030880883462e-11 2.132309515847690038e-11 1.200898976192571569e-12 7.757638354295808534e-12 1.285990954353292347e-11 9.337540623706682687e-13 -1.615046391257379080e-12 -2.350127419914706217e-11 -1.096583726034436014e-11 3.755198972171224268e-12 -3.346117523978399297e-12 -4.608778362406786621e-12 -4.441484102800462895e-12 3.267195891455657763e-13
-1.356236711600763528e-10 -4.483243477531999871e-11 -1.200846456207892883e-11 5.878933505097195859e-12 3.724268880482164874e-11 4.555469222473434306e-11 9.027973352331151544e-11 3.434513042971758185e-10 7.626760742374959021e-11 4.229747065392754794e-11 3.438505199396635430e-11 1.581062951090854426e-11 1.804630352161192594e-11 8.816023575590259076e-12 1.037218328252609615e-11 1.567645378928408124e-11 -5.966448450977415475e-12 -1.526402866240115795e-11 -6.251486483063353821e-12 -1.229080797295924269e-11 -1.787512944951690883e-11 1.900297616747209722e-13 -7.001484324178801748e-12 -3.610323622865587234e-12 -7.284937135637717173e-13 -5.244922549136656175e-12
1.625984071911864722e-11 9.549357085037779806e-11 4.590004976009066234e-11 4.446630945207662064e-11 4.419761795783377165e-11 -7.810190830435112531e-12 2.829496074954633269e-11 7.626760742374959021e-11 2.430497568790942528e-10 7.207125211065508017e-11 1.038813858154505992e-11 1.380479828572847289e-11 2.794763099447133512e-11 2.168824923731551223e-11 1.306670258379982879e-11 6.986899231539555832e-12 4.382453084190501196e-12 -3.196543043314570963e-12 -5.329114734741061051e-12 -1.354131324267738488e-11 -1.113235095226334191e-11 -1.421066628718974340e-11 -1.692365446664241129e-11 -2.450800702514350392e-12 -6.716043838877333996e-12 1.170770058966715082e-12
6.865017428405746750e-11 -4.767019081018373285e-11 -3.823372041528671354e-11 1.141244388751535132e-11 2.378207728880573694e-11 1.250583985723987071e-11 2.416994490037196905e-11 4.229747065392754794e-11 7.207125211065508017e-11 1.690479063543718195e-10 4.842353270948343801e-11 3.965519136278157539e-11 3.573805259262852611e-11 2.069488207314821721e-11 9.644425915706039362e-12 1.297768467195817776e-11 9.299909408039338242e-12 8.978484007074704339e-12 -6.325534961991452393e-12 -1.470892968080333461e-11 -8.863095047247340466e-12 -3.760098547566051414e-12 -3.535764104645876688e-12 -2.815590719622497763e-12 -4.053627260315303315e-12 2.005280528724322157e-12
1.370323437005629738e-11 -9.063434867289901483e-12 5.929825936511182384e-12 1.192072712541277907e-11 -3.460081452415122187e-11 1.405104719370926679e-11 7.603055088676302236e-12 3.438505199396635430e-11 1.038813858154505992e-11 4.842353270948343801e-11 1.473089134217240951e-10 4.575747336652619867e-11 3.305465938315869935e-11 1.578792467267769963e-11 1.121642805530242703e-11 1.280193139865444105e-11 1.321067953110395732e-11 1.194185487459025160e-11 9.977831143369962368e-12 1.748007487337068749e-12 -3.406655703110290271e-12 -9.865544399459583379e-13 1.637029064376693891e-13 -4.065731627858504373e-12 -1.014492308152050736e-11 -4.254785772738649635e-12
2.746606972967275152e-11 -2.942298711104314791e-11 -1.742991508248350148e-11 1.824858654096170271e-11 -2.782516726868726323e-11 -3.382985957562854171e-12 2.163612976202203873e-11 1.581062951090854426e-11 1.380479828572847289e-11 3.965519136278157539e-11 4.575747336652619867e-11 1.030931296579453848e-10 6.009848662942226184e-11 3.237962967329957116e-11 2.853792841265395581e-11 1.862714591982486155e-11 1.103396369269706480e-11 1.100548401787587545e-11 6.579768872517018371e-12 -3.031576157943700666e-12 -9.106612891233989169e-13 2.216361331187510928e-12 1.935832414342545240e-12 -3.663601730282753486e-12 -1.575201963028566912e-12 -5.046635657296773547e-13
2.558306632547996737e-11 -3.083438543868062305e-11 -9.497321261554337566e-12 2.699045368173162780e-11 -2.154235855052404505e-11 1.269058522497999865e-11 1.973504030880883462e-11 1.804630352161192594e-11 2.794763099447133512e-11 3.573805259262852611e-11 3.305465938315869935e-11 6.009848662942226184e-11 1.019127714759669141e-10 5.530235983962479248e-11 3.920752978876363847e-11 2.833927262769379946e-11 2.455566738935173975e-11 1.696726833061545746e-11 8.470242698326305455e-12 -5.326125891562701713e-12 -2.279689318348532417e-12 3.838273053185807476e-12 3.004018299980090095e-12 6.946589699955296318e-13 2.674315590857873595e-12 3.699832268618209585e-12
-6.185096625036382901e-11 4.188719993264445126e-12 1.396318370743520219e-11 1.469298166120504392e-11 -3.420898409046253872e-11 1.459563383154238055e-11 2.132309515847690038e-11 8.816023575590259076e-12 2.168824923731551223e-11 2.069488207314821721e-11 1.578792467267769963e-11 3.237962967329957116e-11 5.530235983962479248e-11 9.724479534205758860e-11 5.443503246627030816e-11 2.772234043316988059e-11 2.079453095148221395e-11 1.153040461188637422e-11 1.995262463664278856e-12 -5.871630292487393675e-12 -2.374528060323617604e-12 4.603887167605631030e-12 7.271492965951590276e-12 1.648318539770773705e-12 4.187211945505934398e-12 1.478273978496827879e-12
2.143414399327910267e-12 -5.842031466609623452e-12 -1.719058322237477823e-11 2.479967543632174725e-11 -4.822528933734110661e-11 1.802793737164534047e-11 1.200898976192571569e-12 1.037218328252609615e-11 1.306670258379982879e-11 9.644425915706039362e-12 1.121642805530242703e-11 2.853792841265395581e-11 3.920752978876363847e-11 5.443503246627030816e-11 8.464849885913576152e-11 5.103698487461443456e-11 2.928238430249228018e-11 1.686578298982911741e-11 1.038882361424961768e-11 1.814014639783584464e-12 5.242573462018346548e-12 3.720933662103967968e-12 8.754769080554115265e-12 2.680892919536849265e-13 -2.495094182602464045e-13 -1.984338492059308404e-13
-1.699047867826102079e-11 1.758779842827576017e-11 -2.530320922898963864e-12 1.683514185601730149e-11 -1.971136643509369587e-11 2.472624856715276206e-11 7.757638354295808534e-12 1.567645378928408124e-11 6.986899231539555832e-12 1.297768467195817776e-11 1.280193139865444105e-11 1.862714591982486155e-11 2.833927262769379946e-11 2.772234043316988059e-11 5.103698487461443456e-11 8.585358826631219041e-11 5.220513010241373542e-11 3.163017999535385456e-11 1.647624813367630625e-11 7.752599345935819649e-12 4.697545589233096247e-12 3.710857679325316188e-12 7.307531072927045680e-12 1.589250139693406716e-12 -2.877926986762861626e-12 -8.516322439186392865e-13
-4.088910566941913718e-11 7.812196154469978585e-12 1.110795893916924810e-11 3.926441946501045773e-11 -2.350229622511400186e-11 1.494303442820152998e-11 1.285990954353292347e-11 -5.966448450977415475e-12 4.382453084190501196e-12 9.299909408039338242e-12 1.321067953110395732e-11 1.103396369269706480e-11 2.455566738935173975e-11 2.079453095148221395e-11 2.928238430249228018e-11 5.220513010241373542e-11 8.055524748781953673e-11 5.847761974229977451e-11 3.534407621389791870e-11 1.881216678924416522e-11 1.214194154654576722e-11 1.820767983408047950e-12 9.164362596715167464e-12 2.396942082303402669e-12 2.375768019322777692e-12 2.212291146928047009e-12
-3.235051951670809465e-11 -1.643016443177544495e-11 1.233748342085125626e-11 6.228175720863038909e-12 -1.722814048506710633e-11 5.169217231633849243e-12 9.337540623706682687e-13 -1.526402866240115795e-11 -3.196543043314570963e-12 8.978484007074704339e-12 1.194185487459025160e-11 1.100548401787587545e-11 1.696726833061545746e-11 1.153040461188637422e-11 1.686578298982911741e-11 3.163017999535385456e-11 5.847761974229977451e-11 8.443393345235845374e-11 5.232822598124627625e-11 2.880797849306931350e-11 1.357385534256088912e-11 -2.064544536622162047e-12 8.417961769885583090e-12 2.267432189582092173e-12 4.002546683562539758e-12 3.700493701074131015e-12
-4.569189862854256821e-11 -2.118076467854320653e-11 3.857153050132521162e-11 8.094214256927459239e-12 -6.988659691697641566e-12 -1.994571892241213813e-12 -1.615046391257379080e-12 -6.251486483063353821e-12 -5.329114734741061051e-12 -6.325534961991452393e-12 9.977831143369962368e-12 6.579768872517018371e-12 8.470242698326305455e-12 1.995262463664278856e-12 1.038882361424961768e-11 1.647624813367630625e-11 3.534407621389791870e-11 5.232822598124627625e-11 8.217390584012439730e-11 5.155699124621440867e-11 1.836465315301220840e-11 9.458969964135203604e-12 1.476175754594388846e-11 4.669581195945859244e-12 1.491112901705525610e-12 1.923003658068653992e-12
-4.408917798522040555e-11 -1.502125302211771396e-11 3.037931773627822854e-11 -2.252144473243854657e-12 1.268539519647468356e-11 8.369591418889132239e-12 -2.350127419914706217e-11 -1.229080797295924269e-11 -1.354131324267738488e-11 -1.470892968080333461e-11 1.748007487337068749e-12 -3.031576157943700666e-12 -5.326125891562701713e-12 -5.871630292487393675e-12 1.814014639783584464e-12 7.752599345935819649e-12 1.881216678924416522e-11 2.880797849306931350e-11 5.155699124621440867e-11 7.489775221096203908e-11 3.502289322664204183e-11 1.508014434251044712e-11 1.842911556002242685e-11 5.799817581572168104e-12 3.763566829872051875e-12 2.227532885280457879e-12
-1.473996456245117124e-11 4.684351494271516718e-11 3.190798696391466332e-11 -1.060895045334590620e-11 9.103512617067427340e-12 2.039277744751480291e-11 -1.096583726034436014e-11 -1.787512944951690883e-11 -1.113235095226334191e-11 -8.863095047247340466e-12 -3.406655703110290271e-12 -9.106612891233989169e-13 -2.279689318348532417e-12 -2.374528060323617604e-12 5.242573462018346548e-12 4.697545589233096247e-12 1.214194154654576722e-11 1.357385534256088912e-11 1.836465315301220840e-11 3.502289322664204183e-11 5.947620046521205181e-11 2.986748857568732043e-11 1.792538815674429269e-11 5.865938311661831557e-12 1.571095441751084562e-12 7.707854336078726597e-13
-1.076682510866314200e-13 8.912971546283767731e-12 2.125794015108994079e-11 -6.352525829784854735e-12 5.336480532436299783e-12 1.060221453032754449e-12 3.755198972171224268e-12 1.900297616747209722e-13 -1.421066628718974340e-11 -3.760098547566051414e-12 -9.865544399459583379e-13 2.216361331187510928e-12 3.838273053185807476e-12 4.603887167605631030e-12 3.720933662103967968e-12 3.710857679325316188e-12 1.820767983408047950e-12 -2.064544536622162047e-12 9.458969964135203604e-12 1.508014434251044712e-11 2.986748857568732043e-11 4.932703023928849800e-11 2.139092202449989001e-11 5.478700977754605778e-12 5.288832707218199902e-13 -1.828769103289872968e-12
1.784407232818146351e-11 -3.122521570168853660e-12 1.000275181395349952e-11 -2.166272911798690147e-11 -5.696005767056309186e-12 -9.277438614188228884e-12 -3.346117523978399297e-12 -7.001484324178801748e-12 -1.692365446664241129e-11 -3.535764104645876688e-12 1.637029064376693891e-13 1.935832414342545240e-12 3.004018299980090095e-12 7.271492965951590276e-12 8.754769080554115265e-12 7.307531072927045680e-12 9.164362596715167464e-12 8.417961769885583090e-12 1.476175754594388846e-11 1.842911556002242685e-11 1.792538815674429269e-11 2.139092202449989001e-11 3.971533391061751989e-11 1.019059436028474993e-11 1.087414686411690209e-12 -2.103800542524637030e-12
-1.829962701174511685e-11 -1.845612493277548962e-11 8.989616200715594479e-12 -1.879281038021142364e-11 -7.295839363657510198e-12 -1.532994972389676358e-11 -4.608778362406786621e-12 -3.610323622865587234e-12 -2.450800702514350392e-12 -2.815590719622497763e-12 -4.065731627858504373e-12 -3.663601730282753486e-12 6.946589699955296318e-13 1.648318539770773705e-12 2.680892919536849265e-13 1.589250139693406716e-12 2.396942082303402669e-12 2.267432189582092173e-12 4.669581195945859244e-12 5.799817581572168104e-12 5.865938311661831557e-12 5.478700977754605778e-12 1.019059436028474993e-11 2.153433256777692950e-11 4.858594242356650232e-12 1.114404152804812897e-12
3.874068796680687361e-11 3.111456681432783544e-12 1.568362806325198268e-11 -2.141220453447039625e-11 -1.349327050211961579e-12 -4.124806311717478621e-12 -4.441484102800462895e-12 -7.284937135637717173e-13 -6.716043838877333996e-12 -4.053627260315303315e-12 -1.014492308152050736e-11 -1.575201963028566912e-12 2.674315590857873595e-12 4.187211945505934398e-12 -2.495094182602464045e-13 -2.877926986762861626e-12 2.375768019322777692e-12 4.002546683562539758e-12 1.491112901705525610e-12 3.763566829872051875e-12 1.571095441751084562e-12 5.288832707218199902e-13 1.087414686411690209e-12 4.858594242356650232e-12 2.126357273408934128e-11 4.348585876623146662e-12
3.420683256182693734e-11 -1.336829638564697713e-11 9.969481507658616595e-12 1.319826736833222407e-11 -7.847219748155702694e-13 -9.905330918411478845e-12 3.267195891455657763e-13 -5.244922549136656175e-12 1.170770058966715082e-12 2.005280528724322157e-12 -4.254785772738649635e-12 -5.046635657296773547e-13 3.699832268618209585e-12 1.478273978496827879e-12 -1.984338492059308404e-13 -8.516322439186392865e-13 2.212291146928047009e-12 3.700493701074131015e-12 1.923003658068653992e-12 2.227532885280457879e-12 7.707854336078726597e-13 -1.828769103289872968e-12 -2.103800542524637030e-12 1.114404152804812897e-12 4.348585876623146662e-12 1.249749234514066008e-11
