2.454453151165527788e-09 1.739068971927134460e-10 1.064259167582891425e-10 -7.385399030324102470e-11 1.072411253837993895e-10 8.605209659149455866e-11 -2.193568228587560286e-11 4.372731450202407014e-11 1.473795239094378067e-11 -3.033444368377022187e-11 -7.623488560573673099e-12 -1.709628129312914044e-11 1.994744137621175503e-11 1.018542382672356633e-11 8.895203450492736178e-12 1.696548461177069767e-11 -1.444294394465895346e-11 -1.593721542415361612e-11 1.834236111307635550e-13 2.299712895047689222e-11 2.393452721402201779e-11 2.585039567179181849e-11 1.025480113605927608e-12 -1.895926180484012221e-13 -3.496868217034900074e-13 3.204395010748227662e-12
1.739068971927134460e-10 1.683626556394753655e-09 1.337092492733851786e-10 9.832254605373220405e-11 6.391074238494070291e-11 -3.971505096599886276e-11 7.638836481510789187e-11 4.605600758103174325e-11 3.556288424709419898e-11 3.079175670469561410e-11 4.209258151940803614e-11 -3.896195603955061694e-12 -2.487417945680951340e-11 -1.839586719012998526e-11 -3.453989750430439592e-11 -5.757330653340881557e-12 -5.345375077306748611e-12 1.320484510478683021e-11 1.788997952876978133e-11 2.170453378325280760e-11 1.012295510608197906e-11 8.794245257159730554e-12 1.992429824489036523e-11 -9.382646854651267695e-12 -6.628555357021602926e-12 -1.549895238937517612e-11
1.064259167582891425e-10 1.337092492733851786e-10 1.178824957698125346e-09 1.202293752986757025e-10 1.223863986004609581e-10 1.220288420691601651e-10 5.572895006922795952e-11 9.518767063591414252e-11 3.346816519511911337e-11 1.837082565678369558e-11 2.808189421902604550e-11 3.219229393580463254e-11 -6.526203500052780223e-12 4.750446771842728317e-12 -3.652481844529478642e-12 2.193689133172235002e-11 2.080759907934682905e-11 9.467603942055761058e-12 9.639222447200328455e-12 1.441712190095800576e-11 3.964285773974178757e-12 6.990387192044603044e-12 2.313871763228265242e-11 2.879705541417930696e-11 1.078592644926173447e-13 2.809518439873130523e-12
-7.385399030324102470e-11 9.832254605373220405e-11 1.202293752986757025e-10 7.939536911713647072e-10 1.315434571197898576e-10 9.799097182079851407e-11 5.188104159413023565e-11 5.211481401211581303e-11 3.868226731912746213e-11 4.086995042035934530e-11 4.081635163847834988e-11 3.430324553286898766e-11 4.732208249438517037e-11 1.961568989101127298e-11 -3.417404508885699077e-12 1.955195480836753012e-11 -1.717328960127280114e-11 -4.162449551188078991e-12 -1.021179951940437064e-11 -2.877818098520280496e-11 -2.008270531185977097e-11 -9.793839116041257230e-12 -8.234127338680193118e-12 -2.408801188793986535e-11 3.939233690255659795e-12 9.924889145296481042e-12
1.072411253837993895e-10 6.391074238494070291e-11 1.223863986004609581e-10 1.315434571197898576e-10 4.960399297143312872e-10 1.082668309305403814e-10 1.056060681005951559e-10 8.769337039862047297e-11 5.039173660052873721e-11 3.658176479200623214e-11 3.536183681767395625e-11 2.415329898248973341e-11 2.831526044452024319e-11 4.233153186144693863e-12 9.183120275087172143e-12 2.268670065385390054e-11 2.353402064637116864e-12 -8.770410226245352032e-12 -6.804139646452738053e-12 -1.967265952571202927e-12 1.537903188923436230e-12 1.261848446986492973e-11 5.208908418046983682e-12 -6.501672501764782094e-12 9.313925825236906557e-12 1.247399153068365605e-11
8.605209659149455866e-11 -3.971505096599886276e-11 1.220288420691601651e-10 9.799097182079851407e-11 1.082668309305403814e-10 3.782265549521140529e-10 1.078527371752611325e-10 8.897349015385387735e-11 5.876703534412337664e-11 1.857289932904836345e-11 6.708809670123483301e-12 1.660307510536134284e-11 9.297590301725803639e-12 1.009740198237571557e-11 -2.189466272096616881e-12 4.843101695370016469e-12 -9.978878134591601989e-13 -5.863296464069270518e-12 -1.428678594597494483e-11 -1.165137618142099778e-11 -7.437195732820187939e-12 -1.065572192811533027e-11 -1.381314833810907212e-11 -7.342363203743672088e-12 4.358641339919667738e-12 9.263960011865659145e-12
-2.193568228587560286e-11 7.638836481510789187e-11 5.572895006922795952e-11 5.188104159413023565e-11 1.056060681005951559e-10 1.078527371752611325e-10 2.813872802563240695e-10 9.533787836467976949e-11 6.979141510373398850e-11 4.971040638041565643e-11 1.424145318545767480e-11 8.681321408836745856e-12 9.849161587907681818e-12 6.279523186052480484e-12 -4.582879646699988954e-12 1.819103155458412587e-12 -1.231507190807883216e-12 2.027840267801189026e-12 6.238739389480644981e-12 3.203670637584148446e-13 9.307441322566617329e-13 -9.370008941503172653e-12 1.937704129773660195e-12 3.550316897441894670e-12 -4.190018616133391203e-13 1.027103637086983727e-11
4.372731450202407014e-11 4.605600758103174325e-11 9.518767063591414252e-11 5.211481401211581303e-11 8.769337039862047297e-11 8.897349015385387735e-11 9.533787836467976949e-11 2.096338837042969645e-10 8.366499061414250451e-11 4.396607161461352685e-11 2.867539846323073076e-11 2.214557754804891725e-11 2.161005441379315200e-11 3.919260423440251441e-12 -3.587016256678476989e-12 9.318698140114417418e-12 8.781465541313242030e-12 7.231108424403996751e-12 4.641479892010380474e-12 7.563514490139909075e-12 4.927002243288241156e-12 -4.194625508352993516e-12 3.318991363160854055e-12 2.788111560280375548e-12 2.067062413140393757e-12 1.017715192841615779e-11
1.473795239094378067e-11 3.556288424709419898e-11 3.346816519511911337e-11 3.868226731912746213e-11 5.039173660052873721e-11 5.876703534412337664e-11 6.979141510373398850e-11 8.366499061414250451e-11 1.754885798145249496e-10 7.156496272734939084e-11 2.649275091345121560e-11 2.235747246614750649e-11 2.314928338317035010e-11 8.952739466015598151e-12 1.020803162800552017e-11 1.598290228350094342e-11 7.806758120036313990e-12 -1.024004289376030488e-13 -4.193042684504736603e-12 2.134803505889769665e-12 5.041316904415834632e-12 -3.676404425824840531e-12 -4.433884713668598986e-13 8.624038067985296385e-14 5.856906199614985955e-12 4.532195850282351763e-12
-3.033444368377022187e-11 3.079175670469561410e-11 1.837082565678369558e-11 4.086995042035934530e-11 3.658176479200623214e-11 1.857289932904836345e-11 4.971040638041565643e-11 4.396607161461352685e-11 7.156496272734939084e-11 1.226891077513886120e-10 4.872520066255157681e-11 2.630335096944310925e-11 2.494958199110155563e-11 2.240196162706258993e-11 1.964051360698554547e-11 2.087085447063239370e-11 2.069333365334087135e-11 1.916913348631215523e-11 6.186011103012160067e-12 2.987639659534225286e-12 2.053101380249815043e-12 -1.004344357287669230e-12 2.418159143455797118e-12 -9.530631628804089619e-13 3.336357260414863234e-12 3.489244479623668551e-12
-7.623488560573673099e-12 4.209258151940803614e-11 2.808189421902604550e-11 4.081635163847834988e-11 3.536183681767395625e-11 6.708809670123483301e-12 1.424145318545767480e-11 2.867539846323073076e-11 2.649275091345121560e-11 4.872520066255157681e-11 8.763060763813004121e-11 3.566300466938242873e-11 3.259935312169027893e-11 2.112345208064512036e-11 2.111934737727124669e-11 1.383639915085867629e-11 1.084144620104951877e-11 7.545394974619723975e-12 1.910162766274705026e-12 2.425730433317568689e-12 2.787674369447796996e-12 -1.507292520414164580e-12 -2.938104666918491504e-12 -2.756131143560160378e-12 6.658969936492342162e-13 3.918117800722294487e-12
-1.709628129312914044e-11 -3.896195603955061694e-12 3.219229393580463254e-11 3.430324553286898766e-11 2.415329898248973341e-11 1.660307510536134284e-11 8.681321408836745856e-12 2.214557754804891725e-11 2.235747246614750649e-11 2.630335096944310925e-11 3.566300466938242873e-11 6.756318612798170863e-11 3.581922820202513767e-11 2.286734754454042347e-11 1.964013308340864595e-11 1.465320796963345935e-11 1.206841783810157028e-11 1.084236941485660408e-11 8.440767706797057068e-12 2.902771682245572978e-12 -1.048527036323357069e-12 -4.299373765589858697e-12 -8.059105349373253691e-12 -2.885997760845349122e-12 -1.324801833472964306e-12 1.660644584678029924e-13
1.994744137621175503e-11 -2.487417945680951340e-11 -6.526203500052780223e-12 4.732208249438517037e-11 2.831526044452024319e-11 9.297590301725803639e-12 9.849161587907681818e-12 2.161005441379315200e-11 2.314928338317035010e-11 2.494958199110155563e-11 3.259935312169027893e-11 3.581922820202513767e-11 7.421959351123630956e-11 3.787720855562377025e-11 2.921899295006400852e-11 2.093517909448198148e-11 1.226884284380123701e-11 9.122358601352821091e-12 5.441232521431897533e-12 7.351840883089825991e-12 7.469149070391195405e-12 6.097551662903056834e-12 -2.330509891769819755e-12 -6.706359969149229447e-13 1.880723190329133299e-12 6.159937656672105020e-12
1.018542382672356633e-11 -1.839586719012998526e-11 4.750446771842728317e-12 1.961568989101127298e-11 4.233153186144693863e-12 1.009740198237571557e-11 6.279523186052480484e-12 3.919260423440251441e-12 8.952739466015598151e-12 2.240196162706258993e-11 2.112345208064512036e-11 2.286734754454042347e-11 3.787720855562377025e-11 5.520974867483020213e-11 3.437432916442548676e-11 2.422993213086998255e-11 2.107720514437862640e-11 1.577448440944952206e-11 9.757076235064044893e-12 1.116748378236331559e-11 8.252815120529905853e-12 1.007801834320582174e-11 3.650534820216719010e-13 2.960787226292772592e-12 2.096404723000718530e-13 1.724107089788702476e-12
8.895203450492736178e-12 -3.453989750430439592e-11 -3.652481844529478642e-12 -3.417404508885699077e-12 9.183120275087172143e-12 -2.189466272096616881e-12 -4.582879646699988954e-12 -3.587016256678476989e-12 1.020803162800552017e-11 1.964051360698554547e-11 2.111934737727124669e-11 1.964013308340864595e-11 2.921899295006400852e-11 3.437432916442548676e-11 5.475458025876946923e-11 3.515241719257369744e-11 2.552527898401415940e-11 1.443611818332556786e-11 8.836941308398080870e-12 6.085310098253746304e-12 5.651929945051824662e-12 3.614857457360132275e-12 -3.000702045325201187e-12 -9.894613566600239804e-13 9.919301473530362579e-13 7.698612215156016478e-13
1.696548461177069767e-11 -5.757330653340881557e-12 2.193689133172235002e-11 1.955195480836753012e-11 2.268670065385390054e-11 4.843101695370016469e-12 1.819103155458412587e-12 9.318698140114417418e-12 1.598290228350094342e-11 2.087085447063239370e-11 1.383639915085867629e-11 1.465320796963345935e-11 2.093517909448198148e-11 2.422993213086998255e-11 3.515241719257369744e-11 5.171592436018659163e-11 3.822903481020400176e-11 2.161429350020082433e-11 1.238743569878066137e-11 6.232178706675875702e-12 6.473514116290941586e-12 4.376504109532474742e-12 -1.993375492391223525e-12 2.863955319544451311e-13 1.347180233579639946e-12 3.384676501174428925e-12
-1.444294394465895346e-11 -5.345375077306748611e-12 2.080759907934682905e-11 -1.717328960127280114e-11 2.353402064637116864e-12 -9.978878134591601989e-13 -1.231507190807883216e-12 8.781465541313242030e-12 7.806758120036313990e-12 2.069333365334087135e-11 1.084144620104951877e-11 1.206841783810157028e-11 1.226884284380123701e-11 2.107720514437862640e-11 2.552527898401415940e-11 3.822903481020400176e-11 5.656422772878326552e-11 3.797734160316810612e-11 2.331372245704517800e-11 1.165902250523687679e-11 9.686938248889333241e-12 4.325154341551308581e-12 -1.551623488768735722e-12 1.113035138973365879e-12 1.905936948077532203e-12 2.146230818078650140e-12
-1.593721542415361612e-11 1.320484510478683021e-11 9.467603942055761058e-12 -4.162449551188078991e-12 -8.770410226245352032e-12 -5.863296464069270518e-12 2.027840267801189026e-12 7.231108424403996751e-12 -1.024004289376030488e-13 1.916913348631215523e-11 7.545394974619723975e-12 1.084236941485660408e-11 9.122358601352821091e-12 1.577448440944952206e-11 1.443611818332556786e-11 2.161429350020082433e-11 3.797734160316810612e-11 5.641834832610980462e-11 3.585627604097737248e-11 1.858195376354216856e-11 1.419339775698913172e-11 1.724925239548463794e-12 -2.030526456868478669e-12 1.655808013326177185e-12 -1.252373618179498331e-12 1.887592588310017692e-13
1.834236111307635550e-13 1.788997952876978133e-11 9.639222447200328455e-12 -1.021179951940437064e-11 -6.804139646452738053e-12 -1.428678594597494483e-11 6.238739389480644981e-12 4.641479892010380474e-12 -4.193042684504736603e-12 6.186011103012160067e-12 1.910162766274705026e-12 8.440767706797057068e-12 5.441232521431897533e-12 9.757076235064044893e-12 8.836941308398080870e-12 1.238743569878066137e-11 2.331372245704517800e-11 3.585627604097737248e-11 4.938909582394291575e-11 3.389352623567598831e-11 1.790128891556922108e-11 7.342475478894064860e-12 1.172612630217318817e-12 4.309283934523605280e-12 1.228636309270635791e-12 9.819524080924594376e-13
2.299712895047689222e-11 2.170453378325280760e-11 1.441712190095800576e-11 -2.877818098520280496e-11 -1.967265952571202927e-12 -1.165137618142099778e-11 3.203670637584148446e-13 7.563514490139909075e-12 2.134803505889769665e-12 2.987639659534225286e-12 2.425730433317568689e-12 2.902771682245572978e-12 7.351840883089825991e-12 1.116748378236331559e-11 6.085310098253746304e-12 6.232178706675875702e-12 1.165902250523687679e-11 1.858195376354216856e-11 3.389352623567598831e-11 5.689042753959076539e-11 3.821928285412240597e-11 2.013040914479434355e-11 6.572387360679695479e-12 7.161364491886524104e-12 1.694446283741257361e-12 -1.975702549827235989e-12
2.393452721402201779e-11 1.012295510608197906e-11 3.964285773974178757e-12 -2.008270531185977097e-11 1.537903188923436230e-12 -7.437195732820187939e-12 9.307441322566617329e-13 4.927002243288241156e-12 5.041316904415834632e-12 2.053101380249815043e-12 2.787674369447796996e-12 -1.048527036323357069e-12 7.469149070391195405e-12 8.252815120529905853e-12 5.651929945051824662e-12 6.473514116290941586e-12 9.686938248889333241e-12 1.419339775698913172e-11 1.790128891556922108e-11 3.821928285412240597e-11 5.611954249932583490e-11 3.456007092744885801e-11 1.642324071059228665e-11 9.338106586706820762e-12 3.331541940900354581e-12 6.663969677814909904e-13
2.585039567179181849e-11 8.794245257159730554e-12 6.990387192044603044e-12 -9.793839116041257230e-12 1.261848446986492973e-11 -1.065572192811533027e-11 -9.370008941503172653e-12 -4.194625508352993516e-12 -3.676404425824840531e-12 -1.004344357287669230e-12 -1.507292520414164580e-12 -4.299373765589858697e-12 6.097551662903056834e-12 1.007801834320582174e-11 3.614857457360132275e-12 4.376504109532474742e-12 4.325154341551308581e-12 1.724925239548463794e-12 7.342475478894064860e-12 2.013040914479434355e-11 3.456007092744885801e-11 5.461235298847830520e-11 3.219195145525981654e-11 1.201887605957104506e-11 5.464755887715766387e-12 1.184337585539653641e-12
1.025480113605927608e-12 1.992429824489036523e-11 2.313871763228265242e-11 -8.234127338680193118e-12 5.208908418046983682e-12 -1.381314833810907212e-11 1.937704129773660195e-12 3.318991363160854055e-12 -4.433884713668598986e-13 2.418159143455797118e-12 -2.938104666918491504e-12 -8.059105349373253691e-12 -2.330509891769819755e-12 3.650534820216719010e-13 -3.000702045325201187e-12 -1.993375492391223525e-12 -1.551623488768735722e-12 -2.030526456868478669e-12 1.172612630217318817e-12 6.572387360679695479e-12 1.642324071059228665e-11 3.219195145525981654e-11 4.445175309429524517e-11 1.860885700554140916e-11 3.784397191957454483e-12 2.909960682339312090e-12
-1.895926180484012221e-13 -9.382646854651267695e-12 2.879705541417930696e-11 -2.408801188793986535e-11 -6.501672501764782094e-12 -7.342363203743672088e-12 3.550316897441894670e-12 2.788111560280375548e-12 8.624038067985296385e-14 -9.530631628804089619e-13 -2.756131143560160378e-12 -2.885997760845349122e-12 -6.706359969149229447e-13 2.960787226292772592e-12 -9.894613566600239804e-13 2.863955319544451311e-13 1.113035138973365879e-12 1.655808013326177185e-12 4.309283934523605280e-12 7.161364491886524104e-12 9.338106586706820762e-12 1.201887605957104506e-11 1.860885700554140916e-11 2.743294471989177070e-11 6.306944807050476503e-12 1.085495024398558638e-12
-3.496868217034900074e-13 -6.628555357021602926e-12 1.078592644926173447e-13 3.939233690255659795e-12 9.313925825236906557e-12 4.358641339919667738e-12 -4.190018616133391203e-13 2.067062413140393757e-12 5.856906199614985955e-12 3.336357260414863234e-12 6.658969936492342162e-13 -1.324801833472964306e-12 1.880723190329133299e-12 2.096404723000718530e-13 9.919301473530362579e-13 1.347180233579639946e-12 1.905936948077532203e-12 -1.252373618179498331e-12 1.228636309270635791e-12 1.694446283741257361e-12 3.331541940900354581e-12 5.464755887715766387e-12 3.784397191957454483e-12 6.306944807050476503e-12 1.685461006170374521e-11 6.120821471271192389e-12
3.204395010748227662e-12 -1.549895238937517612e-11 2.809518439873130523e-12 9.924889145296481042e-12 1.247399153068365605e-11 9.263960011865659145e-12 1.027103637086983727e-11 1.017715192841615779e-11 4.532195850282351763e-12 3.489244479623668551e-12 3.918117800722294487e-12 1.660644584678029924e-13 6.159937656672105020e-12 1.724107089788702476e-12 7.698612215156016478e-13 3.384676501174428925e-12 2.146230818078650140e-12 1.887592588310017692e-13 9.819524080924594376e-13 -1.975702549827235989e-12 6.663969677814909904e-13 1.184337585539653641e-12 2.909960682339312090e-12 1.085495024398558638e-12 6.120821471271192389e-12 1.675141718937034555e-11
