3.248853393411873537e-09 7.547788718862776827e-11 1.745773143762643176e-10 -3.007058036928685324e-11 -3.545466157274830896e-11 -2.602478773465404565e-11 8.001122413747250553e-12 -7.392002111627957778e-12 2.451035919126107121e-11 2.444837343952760580e-11 -1.384836473120653291e-12 -2.722506726308944178e-11 -2.274044848875626080e-11 1.151498617266756010e-11 -3.652213537855767420e-11 -5.396149665975154492e-11 -5.341557300920278990e-11 -1.150721667950790979e-12 -1.427580562705318449e-11 1.439613229880834302e-11 1.735236367484952935e-11 3.213660430801949126e-12 1.640935578797974846e-11 1.805689222128617098e-11 1.411048847658850335e-12 -2.346542626147024574e-12
7.547788718862776827e-11 2.173224320731249457e-09 -2.845244078091470037e-11 7.054945899356701233e-11 1.692048509505066530e-11 2.668268454913380837e-11 5.123142865470582037e-12 6.554930768394723563e-11 -2.453350085376002511e-11 2.199126693879568120e-12 3.787617964558868383e-11 -1.314486204970687733e-11 -1.362299123134523078e-11 -2.824027453366827138e-11 -4.052906154519206182e-11 -2.305870094877263242e-11 -2.670648162771211323e-12 -3.528070585364831104e-11 -1.708285010999128007e-11 9.805717050131213805e-12 2.219878614526940614e-11 -6.874755661737859292e-12 -1.549201463939158091e-11 -4.477612870204811760e-12 6.056567099037627311e-12 1.517650066809515002e-12
1.745773143762643176e-10 -2.845244078091470037e-11 1.263405180050124165e-09 6.532241306816206936e-12 2.798634695019197825e-11 2.919379047671456731e-11 -5.792833557041429183e-12 -5.127273902202120118e-11 3.548722411784909901e-11 1.459793798065728565e-12 6.916369601132184999e-12 -8.418919948881971908e-12 1.290234304026301051e-11 2.100065320316996372e-11 2.752725069517635226e-12 2.881301508449830407e-12 -4.170196826707242549e-12 -3.558612796017088314e-13 -1.903713803889866132e-11 -2.168222181242323125e-11 1.393018953297179742e-11 -5.324712368653366474e-13 -4.481008581843888918e-12 -8.506247603971066583e-12 -5.567449964084622235e-13 2.157015817254475467e-12
-3.007058036928685324e-11 7.054945899356701233e-11 6.532241306816206936e-12 7.794736822758282772e-10 1.953453260827823157e-11 2.941665485761400351e-11 2.415142487889199917e-11 -4.878581234886631812e-12 -1.237307054952833279e-11 1.037320108972845859e-12 5.807538754837431180e-12 2.278568788562624246e-11 -9.313465312803686374e-12 -2.400447694316638528e-11 -2.009951174908088405e-11 -3.370657042568379167e-12 -7.948647458581574162e-12 -6.782226546861133008e-12 1.600159106328581157e-12 -7.958163390320277979e-12 -1.712159084447343188e-12 7.680809191485123749e-12 1.880833372715505371e-12 3.183168034191141976e-12 1.756566461993948869e-12 3.014659320522059788e-12
-3.545466157274830896e-11 1.692048509505066530e-11 2.798634695019197825e-11 1.953453260827823157e-11 5.229854333118959094e-10 4.611537329028214596e-11 2.079959519616988316e-11 3.012983720903024672e-11 -1.641335783418535906e-12 -8.933091264174689126e-12 -1.799456277645955252e-11 -1.373239536674201491e-11 2.690095685827698440e-12 -2.906650482162291777e-12 8.916908982323373712e-13 -5.360767769410698914e-12 1.233749402796255107e-12 9.472038024800591481e-12 1.862430555619313042e-12 8.286106434155813477e-12 1.191035363898959407e-11 -2.613869327415560111e-12 -3.983992615913880375e-12 -6.295760964710517781e-12 -3.953579989117435159e-12 -4.950255366585544910e-12
-2.602478773465404565e-11 2.668268454913380837e-11 2.919379047671456731e-11 2.941665485761400351e-11 4.611537329028214596e-11 2.905487204051792029e-10 5.104677333891458518e-11 2.499777105397653046e-11 6.746408770731172716e-12 1.255855961992762341e-12 -1.795257727711012711e-11 -1.588461979380928549e-11 2.786638241492053326e-12 -1.029760349229405697e-11 -5.862157355280364207e-12 -4.754449594257247275e-12 1.250246618758758417e-12 3.462345289481889801e-12 -2.141291586538354640e-12 9.964891188009402944e-12 9.481701262138916477e-12 -1.053150527473441396e-12 -7.550163197361269653e-13 -2.700673627786715458e-12 -8.827608196104506356e-13 -3.514715054222999933e-12
8.001122413747250553e-12 5.123142865470582037e-12 -5.792833557041429183e-12 2.415142487889199917e-11 2.079959519616988316e-11 5.104677333891458518e-11 2.263875626743492567e-10 3.056859954666052178e-11 7.892818772767889454e-12 -8.084209377606704993e-12 -5.515279311757649737e-12 9.381026263869045232e-12 -5.805110470763403411e-12 -5.839225105057692002e-12 -9.218637613263855879e-12 -4.978586834005796722e-12 -3.792106469953276641e-12 -6.948139921580436029e-12 -5.378793773877431195e-12 -3.314834476377967468e-12 -2.509724376008878058e-12 3.482598900485876011e-13 6.223215998335023485e-12 4.971813761343694145e-12 -3.638015650312246742e-12 -2.291222035686055894e-12
-7.392002111627957778e-12 6.554930768394723563e-11 -5.127273902202120118e-11 -4.878581234886631812e-12 3.012983720903024672e-11 2.499777105397653046e-11 3.056859954666052178e-11 1.518309904912929876e-10 1.039752629580173316e-11 1.548725039464655705e-11 -3.002475077780920968e-12 -1.593932002922709205e-12 -6.782594928964132321e-12 -3.207311413936443158e-12 -5.530962013798444999e-12 -8.729341537128156586e-12 1.953154712811351416e-12 6.555476425494173984e-12 4.541972759700677688e-12 3.595017348431576548e-12 6.760267455301682843e-12 7.898321146382839420e-12 2.098017814053336068e-12 -1.694021719338898947e-12 1.376143232745717312e-12 1.536941934323747435e-12
2.451035919126107121e-11 -2.453350085376002511e-11 3.548722411784909901e-11 -1.237307054952833279e-11 -1.641335783418535906e-12 6.746408770731172716e-12 7.892818772767889454e-12 1.039752629580173316e-11 1.038524507195257710e-10 2.815869821432130524e-11 1.994109074433340793e-11 1.399161894539244153e-11 1.002787480665447346e-11 9.779634506311181051e-12 4.621046688125047732e-12 -4.132289067749355839e-12 -1.027356987670118957e-12 -9.564105491383620193e-13 2.647719722276565709e-16 4.752178267908532410e-12 6.045267358479486048e-12 3.302385775045299460e-12 4.918496990804561881e-12 1.957967956563718565e-12 -1.545256722081156640e-12 3.176541453331717245e-12
2.444837343952760580e-11 2.199126693879568120e-12 1.459793798065728565e-12 1.037320108972845859e-12 -8.933091264174689126e-12 1.255855961992762341e-12 -8.084209377606704993e-12 1.548725039464655705e-11 2.815869821432130524e-11 1.002947155054298931e-10 1.922876937591868334e-11 9.064553479794684334e-12 2.577196779588467511e-12 3.542883471542611961e-12 3.698821131103308154e-12 -2.882181632679063637e-12 -4.128647321459410759e-12 -8.196869738893332063e-13 -4.190015625311997190e-12 -5.811157669161766426e-12 -4.808479958870708008e-12 -5.409743110444556858e-12 -6.265447991101427030e-13 8.433931376953480091e-13 2.375357039245218609e-12 -4.231198347783496914e-14
-1.384836473120653291e-12 3.787617964558868383e-11 6.916369601132184999e-12 5.807538754837431180e-12 -1.799456277645955252e-11 -1.795257727711012711e-11 -5.515279311757649737e-12 -3.002475077780920968e-12 1.994109074433340793e-11 1.922876937591868334e-11 6.561753143270454220e-11 2.407899533171115543e-11 7.731558657060481154e-12 7.758322108711279758e-12 4.520850319933687429e-12 3.338824411068283875e-12 1.605902330481187507e-12 5.827424184349258562e-13 5.867177737123824827e-13 -4.894883305630925519e-13 -1.249425499950842011e-12 7.616137469711451707e-13 5.042210199684444423e-13 -1.910271944596412369e-12 6.993532017160332329e-14 2.144860234043589406e-12
-2.722506726308944178e-11 -1.314486204970687733e-11 -8.418919948881971908e-12 2.278568788562624246e-11 -1.373239536674201491e-11 -1.588461979380928549e-11 9.381026263869045232e-12 -1.593932002922709205e-12 1.399161894539244153e-11 9.064553479794684334e-12 2.407899533171115543e-11 5.819502248029792377e-11 2.064124361971610502e-11 7.475164442798824052e-12 8.483880530568797478e-12 6.513024409497762681e-12 2.161510034217805659e-12 2.674245981098694956e-13 1.713500671408352604e-12 1.559828370545073559e-13 -2.184560328367896882e-12 1.052340272220131410e-12 6.758743961865936174e-13 8.019501460061852676e-14 -1.572316220015870223e-12 2.153888151516871697e-13
-2.274044848875626080e-11 -1.362299123134523078e-11 1.290234304026301051e-11 -9.313465312803686374e-12 2.690095685827698440e-12 2.786638241492053326e-12 -5.805110470763403411e-12 -6.782594928964132321e-12 1.002787480665447346e-11 2.577196779588467511e-12 7.731558657060481154e-12 2.064124361971610502e-11 3.970814218623999079e-11 1.686612637880192533e-11 9.767897915317924867e-12 7.322208754825630171e-12 1.785753935971812485e-12 9.077432299335677780e-13 -8.271571721924787900e-13 -1.569743015030416636e-12 -2.560537741215451983e-12 -5.389250363992057413e-13 4.469581567085737469e-13 3.303856450791632031e-13 -1.150946803236609334e-12 -1.718886854222112972e-13
1.151498617266756010e-11 -2.824027453366827138e-11 2.100065320316996372e-11 -2.400447694316638528e-11 -2.906650482162291777e-12 -1.029760349229405697e-11 -5.839225105057692002e-12 -3.207311413936443158e-12 9.779634506311181051e-12 3.542883471542611961e-12 7.758322108711279758e-12 7.475164442798824052e-12 1.686612637880192533e-11 4.327725651955291563e-11 2.015572453466702501e-11 9.693921344405983836e-12 2.017709372956734171e-12 -8.842525284822807725e-13 -1.323940892426155613e-12 -1.870114758938004863e-14 -2.282038167151245054e-12 4.571786995106673677e-13 5.958617303185890133e-13 -7.599790293244672254e-13 -1.474028969225064953e-12 1.135083946633184777e-12
-3.652213537855767420e-11 -4.052906154519206182e-11 2.752725069517635226e-12 -2.009951174908088405e-11 8.916908982323373712e-13 -5.862157355280364207e-12 -9.218637613263855879e-12 -5.530962013798444999e-12 4.621046688125047732e-12 3.698821131103308154e-12 4.520850319933687429e-12 8.483880530568797478e-12 9.767897915317924867e-12 2.015572453466702501e-11 3.462891780283385916e-11 1.641446018729707541e-11 5.994817572108540803e-12 4.571139184861199116e-12 1.109769824926533902e-13 2.131717080620958335e-13 -8.890766545666566538e-14 3.156826621222533179e-12 2.289731792399149238e-12 -2.614578548423802823e-12 -9.263685298800881133e-13 2.603159479084241091e-14
-5.396149665975154492e-11 -2.305870094877263242e-11 2.881301508449830407e-12 -3.370657042568379167e-12 -5.360767769410698914e-12 -4.754449594257247275e-12 -4.978586834005796722e-12 -8.729341537128156586e-12 -4.132289067749355839e-12 -2.882181632679063637e-12 3.338824411068283875e-12 6.513024409497762681e-12 7.322208754825630171e-12 9.693921344405983836e-12 1.641446018729707541e-11 3.217116857923940779e-11 1.709194429937796708e-11 8.175329978568713281e-12 3.675515595924114341e-12 3.821569394324370403e-12 -1.020162028314034854e-13 1.165092429989604369e-13 1.109177582030406682e-12 -5.315373836308000620e-13 2.474942730427126861e-13 2.456957884689385334e-13
-5.341557300920278990e-11 -2.670648162771211323e-12 -4.170196826707242549e-12 -7.948647458581574162e-12 1.233749402796255107e-12 1.250246618758758417e-12 -3.792106469953276641e-12 1.953154712811351416e-12 -1.027356987670118957e-12 -4.128647321459410759e-12 1.605902330481187507e-12 2.161510034217805659e-12 1.785753935971812485e-12 2.017709372956734171e-12 5.994817572108540803e-12 1.709194429937796708e-11 2.793377561723523140e-11 1.405809493281262309e-11 6.839037884455174722e-12 4.159561016721699502e-12 2.200338655172166824e-12 2.258242150771462554e-12 2.376845044609700242e-13 -8.756430509608942137e-13 -5.998065480533424830e-13 6.079903318376244893e-13
-1.150721667950790979e-12 -3.528070585364831104e-11 -3.558612796017088314e-13 -6.782226546861133008e-12 9.472038024800591481e-12 3.462345289481889801e-12 -6.948139921580436029e-12 6.555476425494173984e-12 -9.564105491383620193e-13 -8.196869738893332063e-13 5.827424184349258562e-13 2.674245981098694956e-13 9.077432299335677780e-13 -8.842525284822807725e-13 4.571139184861199116e-12 8.175329978568713281e-12 1.405809493281262309e-11 2.803831350049450528e-11 1.640390942947754178e-11 7.756662281995510758e-12 5.265434309091230476e-12 2.402997705331009052e-12 1.565241462190476668e-12 -8.672493593801465528e-13 -3.510889631766864782e-13 -5.687371507487297497e-13
-1.427580562705318449e-11 -1.708285010999128007e-11 -1.903713803889866132e-11 1.600159106328581157e-12 1.862430555619313042e-12 -2.141291586538354640e-12 -5.378793773877431195e-12 4.541972759700677688e-12 2.647719722276565709e-16 -4.190015625311997190e-12 5.867177737123824827e-13 1.713500671408352604e-12 -8.271571721924787900e-13 -1.323940892426155613e-12 1.109769824926533902e-13 3.675515595924114341e-12 6.839037884455174722e-12 1.640390942947754178e-11 2.448578330845239947e-11 1.436395209578685370e-11 7.897177457252337345e-12 2.607466398215631607e-12 4.247207176049130800e-13 1.311418626670184885e-13 2.156302410582287510e-13 -1.114574579399322304e-12
1.439613229880834302e-11 9.805717050131213805e-12 -2.168222181242323125e-11 -7.958163390320277979e-12 8.286106434155813477e-12 9.964891188009402944e-12 -3.314834476377967468e-12 3.595017348431576548e-12 4.752178267908532410e-12 -5.811157669161766426e-12 -4.894883305630925519e-13 1.559828370545073559e-13 -1.569743015030416636e-12 -1.870114758938004863e-14 2.131717080620958335e-13 3.821569394324370403e-12 4.159561016721699502e-12 7.756662281995510758e-12 1.436395209578685370e-11 2.826377140186099526e-11 1.640134760106589857e-11 3.511212756774157571e-12 -2.485212431386577227e-15 2.762764917362921073e-15 -5.912680432518078028e-13 -9.673556819097096185e-13
1.735236367484952935e-11 2.219878614526940614e-11 1.393018953297179742e-11 -1.712159084447343188e-12 1.191035363898959407e-11 9.481701262138916477e-12 -2.509724376008878058e-12 6.760267455301682843e-12 6.045267358479486048e-12 -4.808479958870708008e-12 -1.249425499950842011e-12 -2.184560328367896882e-12 -2.560537741215451983e-12 -2.282038167151245054e-12 -8.890766545666566538e-14 -1.020162028314034854e-13 2.200338655172166824e-12 5.265434309091230476e-12 7.897177457252337345e-12 1.640134760106589857e-11 2.544813243517599884e-11 1.007015753789311574e-11 2.676196220880668912e-12 -4.227356679975391796e-13 -5.606124571626802862e-13 -1.858361620119643170e-12
3.213660430801949126e-12 -6.874755661737859292e-12 -5.324712368653366474e-13 7.680809191485123749e-12 -2.613869327415560111e-12 -1.053150527473441396e-12 3.482598900485876011e-13 7.898321146382839420e-12 3.302385775045299460e-12 -5.409743110444556858e-12 7.616137469711451707e-13 1.052340272220131410e-12 -5.389250363992057413e-13 4.571786995106673677e-13 3.156826621222533179e-12 1.165092429989604369e-13 2.258242150771462554e-12 2.402997705331009052e-12 2.607466398215631607e-12 3.511212756774157571e-12 1.007015753789311574e-11 1.609156086838560517e-11 5.231013554126402171e-12 3.771405972715142952e-13 1.926760702013331622e-13 -8.735499507354407291e-13
1.640935578797974846e-11 -1.549201463939158091e-11 -4.481008581843888918e-12 1.880833372715505371e-12 -3.983992615913880375e-12 -7.550163197361269653e-13 6.223215998335023485e-12 2.098017814053336068e-12 4.918496990804561881e-12 -6.265447991101427030e-13 5.042210199684444423e-13 6.758743961865936174e-13 4.469581567085737469e-13 5.958617303185890133e-13 2.289731792399149238e-12 1.109177582030406682e-12 2.376845044609700242e-13 1.565241462190476668e-12 4.247207176049130800e-13 -2.485212431386577227e-15 2.676196220880668912e-12 5.231013554126402171e-12 9.563151997617985643e-12 2.645878504369686976e-12 3.635119095878890717e-13 -9.334337580122326547e-14
1.805689222128617098e-11 -4.477612870204811760e-12 -8.506247603971066583e-12 3.183168034191141976e-12 -6.295760964710517781e-12 -2.700673627786715458e-12 4.971813761343694145e-12 -1.694021719338898947e-12 1.957967956563718565e-12 8.433931376953480091e-13 -1.910271944596412369e-12 8.019501460061852676e-14 3.303856450791632031e-13 -7.599790293244672254e-13 -2.614578548423802823e-12 -5.315373836308000620e-13 -8.756430509608942137e-13 -8.672493593801465528e-13 1.311418626670184885e-13 2.762764917362921073e-15 -4.227356679975391796e-13 3.771405972715142952e-13 2.645878504369686976e-12 8.310095547337473789e-12 1.929663385394430750e-12 4.781563796745199029e-13
1.411048847658850335e-12 6.056567099037627311e-12 -5.567449964084622235e-13 1.756566461993948869e-12 -3.953579989117435159e-12 -8.827608196104506356e-13 -3.638015650312246742e-12 1.376143232745717312e-12 -1.545256722081156640e-12 2.375357039245218609e-12 6.993532017160332329e-14 -1.572316220015870223e-12 -1.150946803236609334e-12 -1.474028969225064953e-12 -9.263685298800881133e-13 2.474942730427126861e-13 -5.998065480533424830e-13 -3.510889631766864782e-13 2.156302410582287510e-13 -5.912680432518078028e-13 -5.606124571626802862e-13 1.926760702013331622e-13 3.635119095878890717e-13 1.929663385394430750e-12 5.250717638245230678e-12 1.088512583973041468e-12
-2.346542626147024574e-12 1.517650066809515002e-12 2.157015817254475467e-12 3.014659320522059788e-12 -4.950255366585544910e-12 -3.514715054222999933e-12 -2.291222035686055894e-12 1.536941934323747435e-12 3.176541453331717245e-12 -4.231198347783496914e-14 2.144860234043589406e-12 2.153888151516871697e-13 -1.718886854222112972e-13 1.135083946633184777e-12 2.603159479084241091e-14 2.456957884689385334e-13 6.079903318376244893e-13 -5.687371507487297497e-13 -1.114574579399322304e-12 -9.673556819097096185e-13 -1.858361620119643170e-12 -8.735499507354407291e-13 -9.334337580122326547e-14 4.781563796745199029e-13 1.088512583973041468e-12 5.222401957513663143e-12
