3.350287003390236439e-09 -8.117670916483988480e-11 2.615008806413014377e-11 -9.897976442876230746e-11 -9.210780936683115719e-11 -1.230676277097471007e-10 6.868303813841446944e-11 -2.160148708680801112e-11 -6.507911997318455490e-11 3.650628580354806839e-11 4.404651162971765420e-11 8.222743048619418092e-12 1.668794751460214864e-11 1.203505086069618746e-11 -1.678848092358717117e-11 -8.518163561465356353e-12 1.164021107601328449e-11 1.423901266814947299e-11 -2.366968209550333125e-11 -2.631967262111773137e-11 -9.271407325810565554e-12 4.198626416560985058e-13 -1.010370578133240197e-12 6.226697625691547182e-12 4.272415488905202858e-12 -1.557268896204381450e-12
-8.117670916483988480e-11 2.244552844808316429e-09 1.079608529704002361e-10 1.035458358793073764e-10 1.117523140640877889e-10 -7.725842756334506820e-12 -9.140699253326828970e-11 -4.119332570827497679e-12 6.405381909576869861e-11 1.866431772841512227e-11 1.003691113499977121e-12 9.668013455686156753e-12 8.499891920397734633e-12 -3.564717987125698582e-12 -1.011764717331871117e-11 5.706138699248556714e-12 -1.105808580632115933e-11 4.336944586101127441e-12 1.278803668986763306e-11 -3.365201411079454953e-11 -1.364583646406266648e-11 -6.144338831438557983e-12 -6.377130775018133707e-12 5.955839209247262233e-12 4.413040184549666528e-12 8.690981034922678063e-13
2.615008806413014377e-11 1.079608529704002361e-10 1.289554072284606153e-09 1.257049977489758542e-10 2.032692861885286475e-11 2.145241093906252197e-12 5.372406011219722166e-11 -2.666668828783301448e-11 -1.582523414342700513e-11 -3.417209942451356230e-11 -1.318682977384977076e-12 8.291445101727245384e-12 2.044590191266724098e-11 -7.682121655372316470e-12 -4.303903463354294050e-12 -7.324916675202403132e-12 5.778155627191955909e-12 2.460194886296561983e-11 2.797015759359501639e-11 1.279665839383488598e-11 1.514599901307491710e-13 -1.432691634493764498e-12 6.674013541868530016e-12 6.754160862794781708e-13 -8.317186789541338076e-16 -3.691005505273014951e-12
-9.897976442876230746e-11 1.035458358793073764e-10 1.257049977489758542e-10 8.352775008926918319e-10 -2.176192452803719357e-11 -8.845172185118410513e-12 -1.555940707597189215e-11 -3.274855934975214347e-11 3.988148242819545930e-12 1.808465842113875372e-11 -4.594883433751059006e-12 1.793356310094061255e-11 1.020570691855755750e-11 -4.257245638404015681e-12 -1.171304582443701198e-11 -7.640849002787804984e-12 2.556487176444286157e-12 -1.887924686062703990e-12 -1.159748271149575621e-13 3.555322927344256021e-12 1.645479946049269015e-13 -1.775825148554668633e-12 1.701234043710911045e-13 -7.015702150328678392e-12 -9.222015073952326380e-12 -6.270629121568884919e-13
-9.210780936683115719e-11 1.117523140640877889e-10 2.032692861885286475e-11 -2.176192452803719357e-11 5.224563295619925232e-10 7.082552425828964436e-11 2.989894362560192324e-12 -3.018834261124871613e-12 -4.876279481985420314e-12 7.088448896859932248e-12 -1.574259727495608797e-12 4.265333415619275585e-13 -9.183579083971854372e-12 -5.048413394103062368e-12 -3.696928847952035728e-13 -2.919818240632410362e-12 -7.480939437952048861e-12 -4.779049193345200969e-12 2.153337859575177978e-12 4.008541412924941633e-12 -1.285732450165276599e-12 -1.641491498383260108e-12 1.181752747036425184e-12 2.778773638652840532e-12 4.336448780891175340e-12 -2.450859555991378292e-12
-1.230676277097471007e-10 -7.725842756334506820e-12 2.145241093906252197e-12 -8.845172185118410513e-12 7.082552425828964436e-11 3.813578889271533876e-10 4.030316368334317367e-11 1.116713519463691398e-11 2.084653719755478842e-11 1.173116853287459903e-11 -6.446697655614460379e-12 -7.598069701502653134e-12 -1.720753823446394968e-12 -6.077975317581324093e-12 -3.485877697855129124e-12 6.948818624260861096e-13 -5.363921183866436602e-12 1.323438697282836007e-12 -1.415526355062693751e-12 2.499492608228103455e-12 3.024557763630284660e-12 -3.041517090306802426e-12 1.489400792294198219e-12 -1.105840555710922704e-13 -1.294919191733426602e-12 -1.998471698921990031e-12
6.868303813841446944e-11 -9.140699253326828970e-11 5.372406011219722166e-11 -1.555940707597189215e-11 2.989894362560192324e-12 4.030316368334317367e-11 2.886460719541691669e-10 3.272232309548774716e-11 1.118883575386755624e-12 -5.352262043878395783e-12 -1.351772838206009181e-11 -3.101695586471275174e-12 3.395393721932661075e-12 -7.037833960492810274e-12 1.294806438889559200e-12 2.237413089783136449e-12 -2.200302693823854107e-12 5.978934680426569495e-13 4.053833831540004650e-12 3.806156040567204841e-12 -2.519900625774526662e-13 1.833162268587350496e-12 -2.831452065251510179e-13 -3.434575118621103512e-12 -1.469786265285462256e-12 -1.473496013156479950e-12
-2.160148708680801112e-11 -4.119332570827497679e-12 -2.666668828783301448e-11 -3.274855934975214347e-11 -3.018834261124871613e-12 1.116713519463691398e-11 3.272232309548774716e-11 1.765175704547888456e-10 2.314800665392550527e-11 7.261688603223922633e-12 -4.687929050024042012e-12 -6.434250684229619437e-13 -2.101634825420882421e-12 2.800715488957762068e-12 1.470416907340312945e-13 6.332658439779461882e-12 -1.878585428782869567e-12 -1.304207332617561619e-12 5.809211714923291663e-12 1.175958802399979207e-12 2.800213671229337912e-12 4.734043964661009912e-12 -1.801766831230311692e-13 1.073980211097747871e-12 1.019349809829541284e-12 6.740887470026434167e-14
-6.507911997318455490e-11 6.405381909576869861e-11 -1.582523414342700513e-11 3.988148242819545930e-12 -4.876279481985420314e-12 2.084653719755478842e-11 1.118883575386755624e-12 2.314800665392550527e-11 9.737658519225120188e-11 2.087406284505778572e-11 1.500802885492005005e-12 2.996460151450794846e-12 -5.949505662718709786e-12 3.352817167118874176e-12 -1.041654742913148908e-12 1.691423207351876378e-12 -3.623671211732292725e-12 -2.026442153751993945e-12 9.499521130948535423e-13 2.965160301953340599e-12 2.785684536189841729e-12 5.203208609291700837e-12 3.281491824076069375e-12 3.342018386278148222e-12 -8.442817232638349334e-13 1.299098555247885998e-12
3.650628580354806839e-11 1.866431772841512227e-11 -3.417209942451356230e-11 1.808465842113875372e-11 7.088448896859932248e-12 1.173116853287459903e-11 -5.352262043878395783e-12 7.261688603223922633e-12 2.087406284505778572e-11 8.721699867768202054e-11 1.871380331337351765e-11 1.537300771467828324e-11 1.728002622768230971e-12 -1.387646302405875748e-13 2.966376858722270923e-12 5.702248287102972575e-13 -1.147254523147788088e-12 -1.941011651589223346e-12 -7.635158865038372238e-12 -4.722878098413595701e-13 -8.584733230264948617e-13 -1.645286723869893041e-12 -8.282502930927872296e-13 1.125004307262019547e-12 2.864268048035330286e-13 -3.565946641349829781e-13
4.404651162971765420e-11 1.003691113499977121e-12 -1.318682977384977076e-12 -4.594883433751059006e-12 -1.574259727495608797e-12 -6.446697655614460379e-12 -1.351772838206009181e-11 -4.687929050024042012e-12 1.500802885492005005e-12 1.871380331337351765e-11 5.144977490098039966e-11 1.010695746004251802e-11 4.549207263999505375e-12 -1.723007828042573759e-12 -6.075390818405654862e-13 -2.067924316429006938e-12 -8.904419644434255207e-13 1.482400687068121265e-12 -3.545617204504554996e-12 8.942254714149309974e-13 -1.763394388620592774e-12 -4.405575519133458933e-13 1.367491423703950482e-13 2.974577652964477375e-13 3.855180893944796943e-13 1.124134977437182279e-12
8.222743048619418092e-12 9.668013455686156753e-12 8.291445101727245384e-12 1.793356310094061255e-11 4.265333415619275585e-13 -7.598069701502653134e-12 -3.101695586471275174e-12 -6.434250684229619437e-13 2.996460151450794846e-12 1.537300771467828324e-11 1.010695746004251802e-11 4.935040888529869640e-11 1.570913965786061259e-11 1.138734777131931958e-11 4.025211675744375843e-12 3.015214261833401953e-12 1.021431590661857833e-12 2.244131070323567391e-12 9.593212751867876208e-14 1.529946525026316069e-12 7.562715616353660497e-14 -4.142927252754463503e-13 -5.340386920523144508e-13 -8.849600296297209137e-13 -4.608481219852148762e-13 2.015856694603787379e-13
1.668794751460214864e-11 8.499891920397734633e-12 2.044590191266724098e-11 1.020570691855755750e-11 -9.183579083971854372e-12 -1.720753823446394968e-12 3.395393721932661075e-12 -2.101634825420882421e-12 -5.949505662718709786e-12 1.728002622768230971e-12 4.549207263999505375e-12 1.570913965786061259e-11 4.111572431006798326e-11 1.432892949785571655e-11 6.698788869304872521e-12 5.094024636028600775e-12 2.940688306010714678e-12 1.581065179142816653e-12 1.056158119636553379e-12 7.929294211588725291e-13 -9.404964707131912006e-15 2.189134561311463024e-13 -3.549308310026075236e-13 1.370995803914854305e-13 -1.245954570207834107e-12 -5.332256063582327551e-13
1.203505086069618746e-11 -3.564717987125698582e-12 -7.682121655372316470e-12 -4.257245638404015681e-12 -5.048413394103062368e-12 -6.077975317581324093e-12 -7.037833960492810274e-12 2.800715488957762068e-12 3.352817167118874176e-12 -1.387646302405875748e-13 -1.723007828042573759e-12 1.138734777131931958e-11 1.432892949785571655e-11 3.361804166207042765e-11 1.162008822089233680e-11 8.526156976441802427e-12 4.604601902711412700e-12 1.527603659955967825e-12 2.550267995850773446e-12 1.546467333139989810e-12 1.686690266675090649e-12 1.885538700914292382e-12 2.890745932616331776e-13 1.197221743794929497e-12 -1.739242258833522199e-12 -7.142187044773166269e-13
-1.678848092358717117e-11 -1.011764717331871117e-11 -4.303903463354294050e-12 -1.171304582443701198e-11 -3.696928847952035728e-13 -3.485877697855129124e-12 1.294806438889559200e-12 1.470416907340312945e-13 -1.041654742913148908e-12 2.966376858722270923e-12 -6.075390818405654862e-13 4.025211675744375843e-12 6.698788869304872521e-12 1.162008822089233680e-11 2.596545270964173085e-11 1.433309666527647462e-11 5.922437299816765370e-12 3.351159751641534157e-12 8.490257481457956330e-13 2.394567434891298226e-12 2.289694806857652066e-12 -8.764935673002078252e-13 1.174325043926454449e-13 -3.876416291962614801e-13 -1.305981904900336231e-12 -2.364269986250143499e-13
-8.518163561465356353e-12 5.706138699248556714e-12 -7.324916675202403132e-12 -7.640849002787804984e-12 -2.919818240632410362e-12 6.948818624260861096e-13 2.237413089783136449e-12 6.332658439779461882e-12 1.691423207351876378e-12 5.702248287102972575e-13 -2.067924316429006938e-12 3.015214261833401953e-12 5.094024636028600775e-12 8.526156976441802427e-12 1.433309666527647462e-11 2.565052971885304113e-11 1.012985704031076954e-11 4.741192519465217148e-12 1.007390236654869758e-12 1.575973640474896385e-12 1.015282242463722005e-12 1.500614126865838817e-13 7.288402127757122368e-13 3.970898438517344689e-13 -1.129205774941504413e-12 3.398381359525267054e-13
1.164021107601328449e-11 -1.105808580632115933e-11 5.778155627191955909e-12 2.556487176444286157e-12 -7.480939437952048861e-12 -5.363921183866436602e-12 -2.200302693823854107e-12 -1.878585428782869567e-12 -3.623671211732292725e-12 -1.147254523147788088e-12 -8.904419644434255207e-13 1.021431590661857833e-12 2.940688306010714678e-12 4.604601902711412700e-12 5.922437299816765370e-12 1.012985704031076954e-11 1.959526369280453838e-11 8.708276841326775732e-12 3.203301128589375518e-12 2.076217652878586582e-12 1.415259210544484972e-12 4.962636832244420952e-14 -4.413751875533705495e-13 -2.056093319222329128e-14 -5.329018890991370846e-13 -1.548885930218214113e-13
1.423901266814947299e-11 4.336944586101127441e-12 2.460194886296561983e-11 -1.887924686062703990e-12 -4.779049193345200969e-12 1.323438697282836007e-12 5.978934680426569495e-13 -1.304207332617561619e-12 -2.026442153751993945e-12 -1.941011651589223346e-12 1.482400687068121265e-12 2.244131070323567391e-12 1.581065179142816653e-12 1.527603659955967825e-12 3.351159751641534157e-12 4.741192519465217148e-12 8.708276841326775732e-12 1.937251759376192663e-11 9.995652482048357067e-12 4.830458722580122769e-12 1.423296659213754301e-12 5.585548834131244250e-13 -1.766509998928411157e-13 -4.085727279410446592e-13 -1.195316528677554544e-13 1.325299078786679503e-13
-2.366968209550333125e-11 1.278803668986763306e-11 2.797015759359501639e-11 -1.159748271149575621e-13 2.153337859575177978e-12 -1.415526355062693751e-12 4.053833831540004650e-12 5.809211714923291663e-12 9.499521130948535423e-13 -7.635158865038372238e-12 -3.545617204504554996e-12 9.593212751867876208e-14 1.056158119636553379e-12 2.550267995850773446e-12 8.490257481457956330e-13 1.007390236654869758e-12 3.203301128589375518e-12 9.995652482048357067e-12 1.836434508660459132e-11 7.434191964667750966e-12 2.713507647818122588e-12 1.387589378563075228e-12 4.784793753115674323e-13 -2.929696399770844887e-13 3.489255020758882404e-13 -5.613050468450108296e-14
-2.631967262111773137e-11 -3.365201411079454953e-11 1.279665839383488598e-11 3.555322927344256021e-12 4.008541412924941633e-12 2.499492608228103455e-12 3.806156040567204841e-12 1.175958802399979207e-12 2.965160301953340599e-12 -4.722878098413595701e-13 8.942254714149309974e-13 1.529946525026316069e-12 7.929294211588725291e-13 1.546467333139989810e-12 2.394567434891298226e-12 1.575973640474896385e-12 2.076217652878586582e-12 4.830458722580122769e-12 7.434191964667750966e-12 1.756891838391504618e-11 7.808923598647542603e-12 2.261823164320259362e-12 1.001629696118525125e-12 -6.426408189952577836e-13 -2.460565298712006680e-13 -4.922214641088513805e-13
-9.271407325810565554e-12 -1.364583646406266648e-11 1.514599901307491710e-13 1.645479946049269015e-13 -1.285732450165276599e-12 3.024557763630284660e-12 -2.519900625774526662e-13 2.800213671229337912e-12 2.785684536189841729e-12 -8.584733230264948617e-13 -1.763394388620592774e-12 7.562715616353660497e-14 -9.404964707131912006e-15 1.686690266675090649e-12 2.289694806857652066e-12 1.015282242463722005e-12 1.415259210544484972e-12 1.423296659213754301e-12 2.713507647818122588e-12 7.808923598647542603e-12 1.252474397948248212e-11 4.444482883165560374e-12 2.155095675902989518e-12 3.325621775522423460e-13 -2.661908226318956752e-13 -1.039258254697009758e-12
4.198626416560985058e-13 -6.144338831438557983e-12 -1.432691634493764498e-12 -1.775825148554668633e-12 -1.641491498383260108e-12 -3.041517090306802426e-12 1.833162268587350496e-12 4.734043964661009912e-12 5.203208609291700837e-12 -1.645286723869893041e-12 -4.405575519133458933e-13 -4.142927252754463503e-13 2.189134561311463024e-13 1.885538700914292382e-12 -8.764935673002078252e-13 1.500614126865838817e-13 4.962636832244420952e-14 5.585548834131244250e-13 1.387589378563075228e-12 2.261823164320259362e-12 4.444482883165560374e-12 9.606259129292464163e-12 2.967264403258038792e-12 6.377282847483336806e-13 -2.614719019388617087e-13 -1.025409203305316098e-12
-1.010370578133240197e-12 -6.377130775018133707e-12 6.674013541868530016e-12 1.701234043710911045e-13 1.181752747036425184e-12 1.489400792294198219e-12 -2.831452065251510179e-13 -1.801766831230311692e-13 3.281491824076069375e-12 -8.282502930927872296e-13 1.367491423703950482e-13 -5.340386920523144508e-13 -3.549308310026075236e-13 2.890745932616331776e-13 1.174325043926454449e-13 7.288402127757122368e-13 -4.413751875533705495e-13 -1.766509998928411157e-13 4.784793753115674323e-13 1.001629696118525125e-12 2.155095675902989518e-12 2.967264403258038792e-12 5.737698299597740923e-12 1.343001085981161751e-12 -1.996580083186254479e-13 -2.078474412653089099e-13
6.226697625691547182e-12 5.955839209247262233e-12 6.754160862794781708e-13 -7.015702150328678392e-12 2.778773638652840532e-12 -1.105840555710922704e-13 -3.434575118621103512e-12 1.073980211097747871e-12 3.342018386278148222e-12 1.125004307262019547e-12 2.974577652964477375e-13 -8.849600296297209137e-13 1.370995803914854305e-13 1.197221743794929497e-12 -3.876416291962614801e-13 3.970898438517344689e-13 -2.056093319222329128e-14 -4.085727279410446592e-13 -2.929696399770844887e-13 -6.426408189952577836e-13 3.325621775522423460e-13 6.377282847483336806e-13 1.343001085981161751e-12 4.207214433598698708e-12 5.390009464199161319e-13 1.414597026965282679e-14
4.272415488905202858e-12 4.413040184549666528e-12 -8.317186789541338076e-16 -9.222015073952326380e-12 4.336448780891175340e-12 -1.294919191733426602e-12 -1.469786265285462256e-12 1.019349809829541284e-12 -8.442817232638349334e-13 2.864268048035330286e-13 3.855180893944796943e-13 -4.608481219852148762e-13 -1.245954570207834107e-12 -1.739242258833522199e-12 -1.305981904900336231e-12 -1.129205774941504413e-12 -5.329018890991370846e-13 -1.195316528677554544e-13 3.489255020758882404e-13 -2.460565298712006680e-13 -2.661908226318956752e-13 -2.614719019388617087e-13 -1.996580083186254479e-13 5.390009464199161319e-13 3.656393718235944670e-12 1.850031325612422838e-13
-1.557268896204381450e-12 8.690981034922678063e-13 -3.691005505273014951e-12 -6.270629121568884919e-13 -2.450859555991378292e-12 -1.998471698921990031e-12 -1.473496013156479950e-12 6.740887470026434167e-14 1.299098555247885998e-12 -3.565946641349829781e-13 1.124134977437182279e-12 2.015856694603787379e-13 -5.332256063582327551e-13 -7.142187044773166269e-13 -2.364269986250143499e-13 3.398381359525267054e-13 -1.548885930218214113e-13 1.325299078786679503e-13 -5.613050468450108296e-14 -4.922214641088513805e-13 -1.039258254697009758e-12 -1.025409203305316098e-12 -2.078474412653089099e-13 1.414597026965282679e-14 1.850031325612422838e-13 2.817468986417389337e-12
