3.856145351408931705e-09 2.361747418598889758e-10 -1.763122928158472378e-11 5.051504733824879050e-11 1.150628363996365224e-11 3.630491037900770467e-11 -1.281239753210314128e-11 -8.934138793629977595e-11 -6.252434826320084175e-11 -3.378358944606335813e-11 -4.309605026114064748e-11 -1.138038397386613237e-11 -3.920537965157223417e-12 5.912705007419178094e-12 6.627005602747094053e-11 6.190070417436401863e-11 4.150462605804420096e-11 4.041297191028543424e-11 2.316453329264163425e-11 1.544478790642486860e-11 -1.245991420010807023e-11 -4.977985375029598477e-11 -3.909735927842079342e-11 -1.912811861336136027e-11 -3.106936987593200359e-12 -9.684959414401953211e-13
2.361747418598889758e-10 2.657888147448405518e-09 3.388368474125873356e-10 -1.118758386144434144e-10 1.459203600399342117e-10 -1.717897640232022497e-11 -7.722465729284411494e-11 4.479936219749126775e-11 1.919291819020639959e-11 1.565230635278163784e-11 6.061260631244764008e-11 7.009418627078999410e-11 6.728991847408531438e-12 -2.187605771444594146e-12 -5.441658741328250336e-11 -3.116092529197799181e-12 8.071098726735314542e-12 -3.748806461051996543e-12 1.143424865748242026e-11 2.232060555549968075e-11 3.515833908354807444e-11 7.508616232488183570e-12 -1.431438023664986752e-11 -1.065680044420939144e-11 9.796526233794088189e-12 1.633291226823063359e-11
-1.763122928158472378e-11 3.388368474125873356e-10 1.760527415917282587e-09 3.404907838481485019e-11 5.796353060006213411e-12 1.201245661238325116e-10 8.318596318422170604e-11 6.542739829244309876e-11 6.419836579595399024e-11 4.194908089727375218e-11 4.635470113444922565e-11 3.533078275102351020e-11 5.783062276049973449e-11 5.513849789194216402e-12 -3.928051106669420598e-12 1.780002285719277441e-12 -1.426254923983432430e-11 -3.300807411661950190e-12 6.189662910292584290e-12 1.022326966827823919e-12 1.459814919935023781e-11 1.036103429792711566e-11 -1.161319294680802856e-11 -4.900551620077644351e-12 4.067851609761327373e-13 -6.021182390527065192e-12
5.051504733824879050e-11 -1.118758386144434144e-10 3.404907838481485019e-11 1.281811790952936316e-09 2.043338397111780506e-10 2.509630601065502276e-11 3.089258912903753040e-11 7.366367388860085209e-12 -5.801671678386136553e-11 5.279608643629234642e-11 4.411720996380297907e-12 -1.380957668105933135e-11 -1.270985084485129839e-11 -2.224468449822033571e-11 -1.403987493203742531e-11 -9.261996453807820417e-12 -8.922513201713120881e-13 9.479994230592109187e-12 6.626139027981632011e-12 1.298565649205458794e-11 2.429639515304757670e-11 8.611650120311785894e-12 -3.347039903446727707e-12 3.819953269190599958e-13 7.081806131515996002e-12 2.774148523853451138e-12
1.150628363996365224e-11 1.459203600399342117e-10 5.796353060006213411e-12 2.043338397111780506e-10 8.308424140321883453e-10 1.108046339322015314e-10 5.788434462076906281e-11 1.062829932194904718e-11 2.075513285134399186e-11 5.345707023408982945e-11 -7.917324862561504002e-13 -1.119474537637611581e-11 -1.507934130594842925e-11 4.067007817216423510e-12 7.742209721070920190e-12 -1.536537414576472334e-11 -2.544867639998242090e-11 -1.349038111676352632e-11 2.229945114589727597e-11 1.812263427665449768e-11 -5.222511461892821930e-13 1.081872381689651741e-11 2.397655851570490575e-13 1.178718327198320722e-13 -3.813359618387729023e-12 2.529898317910612004e-12
3.630491037900770467e-11 -1.717897640232022497e-11 1.201245661238325116e-10 2.509630601065502276e-11 1.108046339322015314e-10 5.155166776517890176e-10 8.490330129068619335e-11 4.643963743083593042e-11 3.717683887415738680e-11 1.526788504957892776e-11 -7.711453194745198291e-12 -5.284632467571070406e-12 -7.859236644622172113e-12 -1.508955143546094131e-11 9.784166273384769276e-12 8.461562165045136781e-12 9.553699619779347468e-12 1.052379818581840019e-11 9.911037532008245663e-12 -5.100608342023638989e-12 1.472319649526754069e-12 -3.622030991079231746e-12 7.081759343236878351e-13 1.482165604316387389e-11 -5.011196644927924755e-12 -4.348415894380873060e-12
-1.281239753210314128e-11 -7.722465729284411494e-11 8.318596318422170604e-11 3.089258912903753040e-11 5.788434462076906281e-11 8.490330129068619335e-11 3.332506949047101958e-10 4.722374699151001618e-11 3.336447544991667955e-11 3.282833099854352629e-11 2.052073303231069624e-11 4.098702416060567517e-12 7.945200127957726233e-12 -1.175400406270603231e-12 2.229706403824999616e-12 -9.918537703410605159e-13 -4.572439935812987170e-12 2.431251533908352543e-12 7.852129325405419878e-12 -3.662267540177638670e-12 -1.238321563048283837e-11 -7.842885180489244416e-12 -6.619279336197135670e-12 4.234862876205806013e-12 1.730928385998822744e-12 1.432344116217112065e-12
-8.934138793629977595e-11 4.479936219749126775e-11 6.542739829244309876e-11 7.366367388860085209e-12 1.062829932194904718e-11 4.643963743083593042e-11 4.722374699151001618e-11 2.708484431118481182e-10 4.209212345661926380e-11 3.568256873242614518e-11 2.569436806853135007e-11 2.720738223128100131e-11 1.389152332984541366e-11 8.359585441784040405e-12 4.206902298372987729e-12 6.361684107613067389e-12 9.007664351015692668e-12 6.695984504860574351e-12 5.005507345152889055e-12 1.020073583882832245e-12 3.400968958089699160e-12 1.402192428202162859e-12 2.669832388497233588e-12 5.598254087812528301e-12 5.131075106847905560e-12 2.405345860659456170e-12
-6.252434826320084175e-11 1.919291819020639959e-11 6.419836579595399024e-11 -5.801671678386136553e-11 2.075513285134399186e-11 3.717683887415738680e-11 3.336447544991667955e-11 4.209212345661926380e-11 1.727656690138313281e-10 5.116281911698908433e-11 3.684560770733761067e-11 1.676726431190199633e-11 1.544904786742489268e-11 4.694939370077983972e-12 -1.690204195168069293e-12 -5.717862228007724133e-12 -2.226686478638972352e-12 -2.860633477117867505e-13 1.328809230641503677e-12 -1.406417980737104869e-11 -1.321076373785438134e-11 -6.051456191204409189e-12 -2.172214720983503762e-12 -2.120799406990771612e-12 6.773439415923692204e-13 4.052651399686246823e-13
-3.378358944606335813e-11 1.565230635278163784e-11 4.194908089727375218e-11 5.279608643629234642e-11 5.345707023408982945e-11 1.526788504957892776e-11 3.282833099854352629e-11 3.568256873242614518e-11 5.116281911698908433e-11 1.666640119414689700e-10 4.744285805723485136e-11 2.699016276026614560e-11 1.905065463243416666e-11 3.308429009880474606e-12 -5.710497209339925055e-13 2.681626482304909275e-12 3.108340356611034918e-12 7.745085921999612495e-12 9.119388192425846960e-12 5.638464122889920162e-12 5.672465582812190803e-12 -1.062643187797439513e-12 4.866904167005953671e-13 -9.237547678659751845e-14 -1.140270924448032915e-12 5.687685114992994308e-12
-4.309605026114064748e-11 6.061260631244764008e-11 4.635470113444922565e-11 4.411720996380297907e-12 -7.917324862561504002e-13 -7.711453194745198291e-12 2.052073303231069624e-11 2.569436806853135007e-11 3.684560770733761067e-11 4.744285805723485136e-11 9.491107007830706470e-11 4.076564564766299868e-11 2.376671935272436171e-11 7.641240906465957330e-12 6.328969720098333358e-12 5.928227477976363290e-12 5.749116726280589660e-12 9.604770612529927164e-12 7.187707793857132828e-12 -7.020842819881715770e-13 -1.537177283358842612e-12 -1.302022495663089594e-12 1.976868223435053467e-12 -1.037550659019425866e-12 -9.365840375901692924e-13 3.760910168716445742e-12
-1.138038397386613237e-11 7.009418627078999410e-11 3.533078275102351020e-11 -1.380957668105933135e-11 -1.119474537637611581e-11 -5.284632467571070406e-12 4.098702416060567517e-12 2.720738223128100131e-11 1.676726431190199633e-11 2.699016276026614560e-11 4.076564564766299868e-11 8.849192914187086321e-11 3.374681430871583988e-11 1.167721488503827543e-11 4.000275076335105435e-12 4.919870415529077195e-12 3.667148572057860496e-12 9.149813200803511448e-12 3.539982346756942454e-12 -1.550448116406584649e-12 -4.116341180350442177e-12 -9.849066935439130805e-13 3.491543474122596307e-12 2.003725434964863257e-12 1.322560834754143109e-12 3.983997301890514065e-12
-3.920537965157223417e-12 6.728991847408531438e-12 5.783062276049973449e-11 -1.270985084485129839e-11 -1.507934130594842925e-11 -7.859236644622172113e-12 7.945200127957726233e-12 1.389152332984541366e-11 1.544904786742489268e-11 1.905065463243416666e-11 2.376671935272436171e-11 3.374681430871583988e-11 7.001059968261086013e-11 2.725457347015589850e-11 1.759715090274868171e-11 9.691169353032354280e-12 4.647604676343783158e-12 2.566979267260217642e-12 1.652786896017542875e-12 -3.013043546034872053e-12 -5.939924120959571630e-12 -7.719158571752839480e-12 -2.600114604438817314e-12 -2.851472475210314690e-12 -4.102508043547184378e-13 1.683708814704757050e-12
5.912705007419178094e-12 -2.187605771444594146e-12 5.513849789194216402e-12 -2.224468449822033571e-11 4.067007817216423510e-12 -1.508955143546094131e-11 -1.175400406270603231e-12 8.359585441784040405e-12 4.694939370077983972e-12 3.308429009880474606e-12 7.641240906465957330e-12 1.167721488503827543e-11 2.725457347015589850e-11 5.743198706064848731e-11 3.185647341807679173e-11 1.539386481857539033e-11 1.226285547638840118e-11 2.227704389733335953e-12 5.685091442881074017e-12 2.132360281109947957e-12 -7.429097738437642572e-13 -2.408449635466475514e-12 2.124257100908795652e-12 1.050118909643014444e-12 -1.688763352311800863e-12 -9.018451140523178590e-13
6.627005602747094053e-11 -5.441658741328250336e-11 -3.928051106669420598e-12 -1.403987493203742531e-11 7.742209721070920190e-12 9.784166273384769276e-12 2.229706403824999616e-12 4.206902298372987729e-12 -1.690204195168069293e-12 -5.710497209339925055e-13 6.328969720098333358e-12 4.000275076335105435e-12 1.759715090274868171e-11 3.185647341807679173e-11 5.964158365896503688e-11 3.292899854956129207e-11 2.421923291613944208e-11 1.540575676319348202e-11 9.188915088480805560e-12 6.854144362985879963e-12 1.435521202663642350e-12 -8.571008585533604923e-13 1.496963543730504852e-12 8.325015966433789775e-13 7.121572015995657258e-13 6.184884340584380482e-13
6.190070417436401863e-11 -3.116092529197799181e-12 1.780002285719277441e-12 -9.261996453807820417e-12 -1.536537414576472334e-11 8.461562165045136781e-12 -9.918537703410605159e-13 6.361684107613067389e-12 -5.717862228007724133e-12 2.681626482304909275e-12 5.928227477976363290e-12 4.919870415529077195e-12 9.691169353032354280e-12 1.539386481857539033e-11 3.292899854956129207e-11 5.054825296426181242e-11 3.534352599470699795e-11 2.037707573005976304e-11 8.362755104305717225e-12 6.733285902398650843e-12 2.975827352281414150e-12 -6.994537406625013639e-13 1.720353701140847612e-12 3.317951979448817999e-13 -2.399368885879525582e-12 1.040317984952968928e-12
4.150462605804420096e-11 8.071098726735314542e-12 -1.426254923983432430e-11 -8.922513201713120881e-13 -2.544867639998242090e-11 9.553699619779347468e-12 -4.572439935812987170e-12 9.007664351015692668e-12 -2.226686478638972352e-12 3.108340356611034918e-12 5.749116726280589660e-12 3.667148572057860496e-12 4.647604676343783158e-12 1.226285547638840118e-11 2.421923291613944208e-11 3.534352599470699795e-11 5.846471856326471604e-11 3.179158701683873411e-11 1.411377681151898222e-11 8.936689531989501379e-12 6.484771563069071319e-12 5.170747837508907861e-13 1.378153274709428992e-12 1.275562102090389684e-12 -6.195483993561115907e-13 -1.411325005248984383e-12
4.041297191028543424e-11 -3.748806461051996543e-12 -3.300807411661950190e-12 9.479994230592109187e-12 -1.349038111676352632e-11 1.052379818581840019e-11 2.431251533908352543e-12 6.695984504860574351e-12 -2.860633477117867505e-13 7.745085921999612495e-12 9.604770612529927164e-12 9.149813200803511448e-12 2.566979267260217642e-12 2.227704389733335953e-12 1.540575676319348202e-11 2.037707573005976304e-11 3.179158701683873411e-11 5.299082804919872127e-11 2.964531779540038535e-11 1.703763979671759988e-11 7.353013812761148520e-12 -4.833625869660635494e-13 4.514530246442746119e-13 1.516039344981739277e-12 -1.335665129268745437e-12 4.336995968781528984e-13
2.316453329264163425e-11 1.143424865748242026e-11 6.189662910292584290e-12 6.626139027981632011e-12 2.229945114589727597e-11 9.911037532008245663e-12 7.852129325405419878e-12 5.005507345152889055e-12 1.328809230641503677e-12 9.119388192425846960e-12 7.187707793857132828e-12 3.539982346756942454e-12 1.652786896017542875e-12 5.685091442881074017e-12 9.188915088480805560e-12 8.362755104305717225e-12 1.411377681151898222e-11 2.964531779540038535e-11 4.786776519959447568e-11 3.177481481782885497e-11 1.212062097018840979e-11 4.326077810541665278e-12 6.602184284597411615e-13 1.896406090890461221e-12 -1.426630517581867946e-12 -9.219918619050234419e-14
1.544478790642486860e-11 2.232060555549968075e-11 1.022326966827823919e-12 1.298565649205458794e-11 1.812263427665449768e-11 -5.100608342023638989e-12 -3.662267540177638670e-12 1.020073583882832245e-12 -1.406417980737104869e-11 5.638464122889920162e-12 -7.020842819881715770e-13 -1.550448116406584649e-12 -3.013043546034872053e-12 2.132360281109947957e-12 6.854144362985879963e-12 6.733285902398650843e-12 8.936689531989501379e-12 1.703763979671759988e-11 3.177481481782885497e-11 5.311940311101820832e-11 2.708166299578012079e-11 1.046821359986706458e-11 1.214976612820615894e-12 1.164009642448670818e-12 -2.984660329703091971e-14 -5.448487889245171493e-13
-1.245991420010807023e-11 3.515833908354807444e-11 1.459814919935023781e-11 2.429639515304757670e-11 -5.222511461892821930e-13 1.472319649526754069e-12 -1.238321563048283837e-11 3.400968958089699160e-12 -1.321076373785438134e-11 5.672465582812190803e-12 -1.537177283358842612e-12 -4.116341180350442177e-12 -5.939924120959571630e-12 -7.429097738437642572e-13 1.435521202663642350e-12 2.975827352281414150e-12 6.484771563069071319e-12 7.353013812761148520e-12 1.212062097018840979e-11 2.708166299578012079e-11 4.273251591562567988e-11 2.031784914566233416e-11 5.693214700096233679e-12 3.171441558318262486e-12 1.867780577933687195e-12 3.090284770530380214e-13
-4.977985375029598477e-11 7.508616232488183570e-12 1.036103429792711566e-11 8.611650120311785894e-12 1.081872381689651741e-11 -3.622030991079231746e-12 -7.842885180489244416e-12 1.402192428202162859e-12 -6.051456191204409189e-12 -1.062643187797439513e-12 -1.302022495663089594e-12 -9.849066935439130805e-13 -7.719158571752839480e-12 -2.408449635466475514e-12 -8.571008585533604923e-13 -6.994537406625013639e-13 5.170747837508907861e-13 -4.833625869660635494e-13 4.326077810541665278e-12 1.046821359986706458e-11 2.031784914566233416e-11 2.937782751546702619e-11 1.103132631162385003e-11 5.305855211612332850e-12 2.305537822671224694e-12 -2.057568552310897120e-12
-3.909735927842079342e-11 -1.431438023664986752e-11 -1.161319294680802856e-11 -3.347039903446727707e-12 2.397655851570490575e-13 7.081759343236878351e-13 -6.619279336197135670e-12 2.669832388497233588e-12 -2.172214720983503762e-12 4.866904167005953671e-13 1.976868223435053467e-12 3.491543474122596307e-12 -2.600114604438817314e-12 2.124257100908795652e-12 1.496963543730504852e-12 1.720353701140847612e-12 1.378153274709428992e-12 4.514530246442746119e-13 6.602184284597411615e-13 1.214976612820615894e-12 5.693214700096233679e-12 1.103132631162385003e-11 2.133059518471340184e-11 9.205014167060158013e-12 6.118452516327022071e-13 -9.120616496851533660e-13
-1.912811861336136027e-11 -1.065680044420939144e-11 -4.900551620077644351e-12 3.819953269190599958e-13 1.178718327198320722e-13 1.482165604316387389e-11 4.234862876205806013e-12 5.598254087812528301e-12 -2.120799406990771612e-12 -9.237547678659751845e-14 -1.037550659019425866e-12 2.003725434964863257e-12 -2.851472475210314690e-12 1.050118909643014444e-12 8.325015966433789775e-13 3.317951979448817999e-13 1.275562102090389684e-12 1.516039344981739277e-12 1.896406090890461221e-12 1.164009642448670818e-12 3.171441558318262486e-12 5.305855211612332850e-12 9.205014167060158013e-12 1.591611106966511150e-11 2.427984577845584243e-12 4.331202936334179644e-13
-3.106936987593200359e-12 9.796526233794088189e-12 4.067851609761327373e-13 7.081806131515996002e-12 -3.813359618387729023e-12 -5.011196644927924755e-12 1.730928385998822744e-12 5.131075106847905560e-12 6.773439415923692204e-13 -1.140270924448032915e-12 -9.365840375901692924e-13 1.322560834754143109e-12 -4.102508043547184378e-13 -1.688763352311800863e-12 7.121572015995657258e-13 -2.399368885879525582e-12 -6.195483993561115907e-13 -1.335665129268745437e-12 -1.426630517581867946e-12 -2.984660329703091971e-14 1.867780577933687195e-12 2.305537822671224694e-12 6.118452516327022071e-13 2.427984577845584243e-12 1.080302336784363287e-11 2.110007842377447234e-12
-9.684959414401953211e-13 1.633291226823063359e-11 -6.021182390527065192e-12 2.774148523853451138e-12 2.529898317910612004e-12 -4.348415894380873060e-12 1.432344116217112065e-12 2.405345860659456170e-12 4.052651399686246823e-13 5.687685114992994308e-12 3.760910168716445742e-12 3.983997301890514065e-12 1.683708814704757050e-12 -9.018451140523178590e-13 6.184884340584380482e-13 1.040317984952968928e-12 -1.411325005248984383e-12 4.336995968781528984e-13 -9.219918619050234419e-14 -5.448487889245171493e-13 3.090284770530380214e-13 -2.057568552310897120e-12 -9.120616496851533660e-13 4.331202936334179644e-13 2.110007842377447234e-12 1.088521862567369090e-11
