2.692582422523245231e-09 -6.327364080309900615e-11 2.907318157808187497e-10 -4.680838147965868258e-11 2.625482648140042783e-11 -3.410559741164164029e-11 -2.471296489429272211e-11 -9.192409563264498332e-11 -1.108578755702311596e-11 -1.863441166248409587e-12 -6.145789837975947401e-11 -4.090232213780485055e-11 -5.732709240906474842e-12 -5.709379859580322215e-12 -3.246055728443253724e-11 -4.027501523811608058e-12 -3.137155636188292688e-11 -6.902826328850213823e-12 8.344815856050428753e-12 1.950147567660580652e-12 -5.135719590036715568e-13 -1.338223564912565197e-11 -8.599987872391534383e-12 3.987734686284834716e-13 9.354847844293693574e-12 2.760489780770361421e-12
-6.327364080309900615e-11 1.703688550393710354e-09 -2.435092940408051627e-11 -4.498472065347403474e-11 -6.066140762617443608e-11 -1.030850532519623102e-11 5.199122380368068074e-12 -2.173126945979453561e-11 7.673133261281585481e-12 1.611885627475503631e-11 -1.157030480935427458e-12 1.586419152688407404e-12 -1.289795806904468269e-11 6.071725993209139726e-12 4.728835631436456098e-13 -1.264553175833622316e-11 -3.933253273095845072e-12 1.101984981581621841e-11 3.244790454306037522e-12 2.511564766861603691e-13 -1.155279938864144044e-11 -3.130510686137888945e-12 1.519856176440863972e-12 -5.652195571424916869e-12 1.032528741253883270e-12 -1.412461323770706342e-13
2.907318157808187497e-10 -2.435092940408051627e-11 1.138862091132540269e-09 2.548883637771758739e-11 2.115975551343205820e-11 -4.383735179361003324e-11 1.198135031006521064e-12 -4.196470757121286083e-11 4.317953042381193209e-11 -9.590237935817204198e-12 1.377019447360053770e-11 -1.449509694039710493e-12 2.764028950324975682e-11 1.175455180392030827e-11 5.947068810354698341e-12 1.237704895764782059e-11 -2.437525911288594072e-12 -4.996546227594905559e-12 7.876459830718306485e-12 -5.211600072741668661e-12 -6.494201263111424461e-12 -5.627826329202858407e-12 9.343186276549759396e-13 3.027318923665531747e-12 -8.886612813386771589e-13 3.577116761677894510e-14
-4.680838147965868258e-11 -4.498472065347403474e-11 2.548883637771758739e-11 8.883448878052678638e-10 8.148636593152628977e-11 5.681153897744975626e-11 -3.090320799894932068e-12 4.362740434823050372e-12 2.608988542780548786e-11 -2.520339601845129748e-11 -2.158788132217631947e-11 -1.411654631924300829e-11 5.683670013223309832e-12 -3.912154199367801011e-12 -9.403161165594075499e-12 -3.421088212668220682e-12 -1.083369159274989256e-11 -3.067811716188129972e-12 -5.449729443354222678e-13 -1.789504926300128210e-12 3.359924470298392078e-12 -2.526159673911955810e-12 4.712677228458722529e-12 1.060934118198831704e-11 2.032960515209830102e-12 8.402228088680201286e-12
2.625482648140042783e-11 -6.066140762617443608e-11 2.115975551343205820e-11 8.148636593152628977e-11 5.676526179536288735e-10 4.122659766843891720e-11 6.550703197847726711e-12 -1.168404657814589966e-11 -9.751593801458065192e-12 6.600653613136892535e-12 1.042262387972513645e-11 -3.780263151138423969e-12 9.802318987792821129e-12 -2.342089565980636188e-12 -2.347123341069305050e-12 1.406089248156990796e-12 -3.094298719839006420e-12 6.095121439630144775e-12 1.289386993467462753e-11 5.041858633993233332e-12 2.543971173899369537e-12 4.971598217122172695e-12 2.787612340394060414e-12 4.414068960428218819e-13 -8.933338836553771129e-13 -2.831243655883698586e-12
-3.410559741164164029e-11 -1.030850532519623102e-11 -4.383735179361003324e-11 5.681153897744975626e-11 4.122659766843891720e-11 3.159719424575384044e-10 1.133415408669885827e-11 2.852637800303943348e-11 1.131090458364277120e-11 7.414584181929730708e-12 8.364099613936549436e-12 5.556348985114218120e-12 -2.728436442545506082e-12 -4.654695433685094450e-12 -6.891782692607557029e-12 -8.648051830669369432e-12 -8.936742366222900726e-12 5.959698644318220135e-12 7.472825982171193727e-12 3.933330333093293793e-12 6.017522017199961421e-12 2.352739301484457933e-12 1.269452982993668976e-12 2.192297983488404965e-12 -8.581091288598448272e-13 -1.641035626119183590e-12
-2.471296489429272211e-11 5.199122380368068074e-12 1.198135031006521064e-12 -3.090320799894932068e-12 6.550703197847726711e-12 1.133415408669885827e-11 2.321803373247464044e-10 5.780312212069899867e-11 1.789413382000298253e-11 1.397299294312719247e-11 1.229776513801082768e-11 -6.731641076182981766e-12 -5.930766806627439682e-12 -1.217369641722862731e-12 4.840610700052141368e-13 1.093222664357003010e-11 1.008240670055948001e-11 6.565728339892866686e-12 -8.398175075364770142e-13 -9.529080979957649427e-13 -2.120733428568717625e-12 -4.408650421973649509e-12 -6.644155790952198327e-13 -3.446831814149218308e-13 -1.492546510155368209e-12 -2.660038461883945489e-12
-9.192409563264498332e-11 -2.173126945979453561e-11 -4.196470757121286083e-11 4.362740434823050372e-12 -1.168404657814589966e-11 2.852637800303943348e-11 5.780312212069899867e-11 1.638757884675393413e-10 1.460721089411392577e-11 2.263670474383433605e-11 1.571334936580011856e-11 6.830889915369040550e-12 3.248671952563924710e-12 4.561504423848196264e-12 4.981522554976691988e-12 3.262105945068583656e-12 -3.761519519609488554e-12 -1.799746999028384651e-12 5.446332605614857129e-13 6.977493517857462830e-13 2.866181672159512636e-12 1.713071114686453763e-12 -1.065074743552240156e-12 -1.871012289888837496e-14 -5.858945713222642774e-13 -1.704491141043824700e-13
-1.108578755702311596e-11 7.673133261281585481e-12 4.317953042381193209e-11 2.608988542780548786e-11 -9.751593801458065192e-12 1.131090458364277120e-11 1.789413382000298253e-11 1.460721089411392577e-11 1.015883215685464010e-10 2.284164330972744759e-11 1.058969000918624246e-11 1.715163917709488553e-12 7.919063537961661704e-12 8.133039353444803633e-12 7.003257278001515963e-12 7.252264281831027218e-12 2.351580604696040759e-12 3.611478251496600025e-13 8.450592893852213853e-13 -2.000813347764279185e-12 -5.316128433224411450e-13 1.103386489025014465e-13 -7.484662057624433403e-13 7.485811614700863168e-13 8.745861885705439319e-14 -1.008592024768226057e-12
-1.863441166248409587e-12 1.611885627475503631e-11 -9.590237935817204198e-12 -2.520339601845129748e-11 6.600653613136892535e-12 7.414584181929730708e-12 1.397299294312719247e-11 2.263670474383433605e-11 2.284164330972744759e-11 8.321434210564323154e-11 2.110621477704720610e-11 1.012092651703207348e-11 6.296111078493486783e-12 2.570144762596947865e-12 4.809361269235228411e-12 2.367594919784115336e-12 -1.907113645745658674e-12 -4.772744097928564315e-13 1.849044546641238138e-12 -1.866184692135481642e-13 -5.380240772350425132e-13 -2.192950453772836577e-13 -5.628779489298822109e-14 -1.215923980414989857e-12 -8.879304458215256016e-13 -3.126983650489826387e-13
-6.145789837975947401e-11 -1.157030480935427458e-12 1.377019447360053770e-11 -2.158788132217631947e-11 1.042262387972513645e-11 8.364099613936549436e-12 1.229776513801082768e-11 1.571334936580011856e-11 1.058969000918624246e-11 2.110621477704720610e-11 5.795526378598562712e-11 1.251811859966600036e-11 6.762196667887314739e-12 1.691507010012573004e-12 3.777177660628248733e-12 1.142001115880758670e-12 2.122281948472264087e-12 2.385879344838194620e-12 -1.796448451687096906e-13 -1.912053284655514590e-13 -1.025079337001801932e-12 -1.181923354066562256e-12 8.453986486669684946e-14 8.558237210520615258e-13 -2.187418162704612629e-13 -4.305462990646912232e-13
-4.090232213780485055e-11 1.586419152688407404e-12 -1.449509694039710493e-12 -1.411654631924300829e-11 -3.780263151138423969e-12 5.556348985114218120e-12 -6.731641076182981766e-12 6.830889915369040550e-12 1.715163917709488553e-12 1.012092651703207348e-11 1.251811859966600036e-11 4.692653575577440413e-11 1.522138708623740408e-11 7.606402807261398123e-12 6.241182866759124606e-12 3.487031238882181689e-13 6.064175224200984308e-13 1.347189571603629923e-12 -6.115360080968504088e-13 7.288000444975710515e-13 1.111007867373324993e-12 5.849764390968812206e-14 1.780054706930393782e-12 7.896971999614285204e-13 4.565724116198347145e-13 -4.470057166314183741e-13
-5.732709240906474842e-12 -1.289795806904468269e-11 2.764028950324975682e-11 5.683670013223309832e-12 9.802318987792821129e-12 -2.728436442545506082e-12 -5.930766806627439682e-12 3.248671952563924710e-12 7.919063537961661704e-12 6.296111078493486783e-12 6.762196667887314739e-12 1.522138708623740408e-11 3.888818714025091684e-11 1.604945666789412378e-11 1.043338727780642296e-11 6.030003793323478456e-12 1.230143898481776706e-12 -1.343832692971872531e-12 -4.067581747522135462e-13 -1.793707114354169355e-12 3.136572391875824616e-13 -5.537201590220169087e-13 -3.445998121846967225e-13 1.315281753097939045e-12 1.014793794320021731e-13 9.458018071626192735e-14
-5.709379859580322215e-12 6.071725993209139726e-12 1.175455180392030827e-11 -3.912154199367801011e-12 -2.342089565980636188e-12 -4.654695433685094450e-12 -1.217369641722862731e-12 4.561504423848196264e-12 8.133039353444803633e-12 2.570144762596947865e-12 1.691507010012573004e-12 7.606402807261398123e-12 1.604945666789412378e-11 3.044109212710772396e-11 1.772869487714358691e-11 9.556106229566876282e-12 4.470144924767696130e-12 1.896917015958086562e-12 1.341367849933114429e-12 -1.490253344888934957e-12 -5.483654409470051035e-13 1.532039552153316677e-12 -1.857310916397429135e-13 -3.611260832427069811e-13 -2.127799469094246002e-13 -4.682146416586077493e-13
-3.246055728443253724e-11 4.728835631436456098e-13 5.947068810354698341e-12 -9.403161165594075499e-12 -2.347123341069305050e-12 -6.891782692607557029e-12 4.840610700052141368e-13 4.981522554976691988e-12 7.003257278001515963e-12 4.809361269235228411e-12 3.777177660628248733e-12 6.241182866759124606e-12 1.043338727780642296e-11 1.772869487714358691e-11 2.936273459206184923e-11 1.270289304482415637e-11 4.938668980911251784e-12 3.640792934726347042e-12 1.149159109245780811e-12 -1.010964854996019780e-12 -2.066554198109190444e-13 1.610694991085602912e-12 3.150788496939444345e-13 -1.320858391130424185e-12 -6.306989531526422213e-13 -7.537305083899469911e-14
-4.027501523811608058e-12 -1.264553175833622316e-11 1.237704895764782059e-11 -3.421088212668220682e-12 1.406089248156990796e-12 -8.648051830669369432e-12 1.093222664357003010e-11 3.262105945068583656e-12 7.252264281831027218e-12 2.367594919784115336e-12 1.142001115880758670e-12 3.487031238882181689e-13 6.030003793323478456e-12 9.556106229566876282e-12 1.270289304482415637e-11 2.300119680535085442e-11 9.814333430677704114e-12 3.976739384349957213e-12 1.347058854826162928e-12 -3.681937678179469554e-13 -7.678610021548359832e-13 1.341073934745270366e-12 6.630896081462178802e-13 -2.270852635087057981e-13 -6.798131681176516427e-13 5.345580481724497086e-14
-3.137155636188292688e-11 -3.933253273095845072e-12 -2.437525911288594072e-12 -1.083369159274989256e-11 -3.094298719839006420e-12 -8.936742366222900726e-12 1.008240670055948001e-11 -3.761519519609488554e-12 2.351580604696040759e-12 -1.907113645745658674e-12 2.122281948472264087e-12 6.064175224200984308e-13 1.230143898481776706e-12 4.470144924767696130e-12 4.938668980911251784e-12 9.814333430677704114e-12 2.116551395245867462e-11 8.903306746249020768e-12 1.709362950956985148e-12 1.489541144809124183e-12 1.186673320116662193e-13 3.864237418726565228e-13 5.644138380243739525e-13 8.708258418602441551e-14 -3.209397350094146040e-13 -8.699676019592164646e-13
-6.902826328850213823e-12 1.101984981581621841e-11 -4.996546227594905559e-12 -3.067811716188129972e-12 6.095121439630144775e-12 5.959698644318220135e-12 6.565728339892866686e-12 -1.799746999028384651e-12 3.611478251496600025e-13 -4.772744097928564315e-13 2.385879344838194620e-12 1.347189571603629923e-12 -1.343832692971872531e-12 1.896917015958086562e-12 3.640792934726347042e-12 3.976739384349957213e-12 8.903306746249020768e-12 1.633337087854807330e-11 6.005294530549102303e-12 1.660453303770173056e-12 5.244327392334446020e-13 4.010229615304391427e-13 3.362339067201129907e-13 -6.274206010988470512e-13 -3.937382307750839224e-14 -1.306006784364472296e-12
8.344815856050428753e-12 3.244790454306037522e-12 7.876459830718306485e-12 -5.449729443354222678e-13 1.289386993467462753e-11 7.472825982171193727e-12 -8.398175075364770142e-13 5.446332605614857129e-13 8.450592893852213853e-13 1.849044546641238138e-12 -1.796448451687096906e-13 -6.115360080968504088e-13 -4.067581747522135462e-13 1.341367849933114429e-12 1.149159109245780811e-12 1.347058854826162928e-12 1.709362950956985148e-12 6.005294530549102303e-12 1.395016015352729169e-11 5.039273819932019060e-12 1.482716880229564656e-12 9.362493517579977091e-13 -7.490021040895081863e-13 8.925186604460656590e-14 1.367432710794552861e-13 -1.031059121052898035e-12
1.950147567660580652e-12 2.511564766861603691e-13 -5.211600072741668661e-12 -1.789504926300128210e-12 5.041858633993233332e-12 3.933330333093293793e-12 -9.529080979957649427e-13 6.977493517857462830e-13 -2.000813347764279185e-12 -1.866184692135481642e-13 -1.912053284655514590e-13 7.288000444975710515e-13 -1.793707114354169355e-12 -1.490253344888934957e-12 -1.010964854996019780e-12 -3.681937678179469554e-13 1.489541144809124183e-12 1.660453303770173056e-12 5.039273819932019060e-12 1.121359873645117808e-11 5.427260898190714222e-12 1.705322072738518128e-12 -3.522424137252002947e-13 -2.911009736973880397e-13 8.080065187631240626e-14 -9.374707814667721000e-13
-5.135719590036715568e-13 -1.155279938864144044e-11 -6.494201263111424461e-12 3.359924470298392078e-12 2.543971173899369537e-12 6.017522017199961421e-12 -2.120733428568717625e-12 2.866181672159512636e-12 -5.316128433224411450e-13 -5.380240772350425132e-13 -1.025079337001801932e-12 1.111007867373324993e-12 3.136572391875824616e-13 -5.483654409470051035e-13 -2.066554198109190444e-13 -7.678610021548359832e-13 1.186673320116662193e-13 5.244327392334446020e-13 1.482716880229564656e-12 5.427260898190714222e-12 1.128863898590389409e-11 4.132765130778147770e-12 6.564288524852731406e-13 1.398840850619483973e-13 -5.047766118565947052e-13 -8.661626642262721585e-13
-1.338223564912565197e-11 -3.130510686137888945e-12 -5.627826329202858407e-12 -2.526159673911955810e-12 4.971598217122172695e-12 2.352739301484457933e-12 -4.408650421973649509e-12 1.713071114686453763e-12 1.103386489025014465e-13 -2.192950453772836577e-13 -1.181923354066562256e-12 5.849764390968812206e-14 -5.537201590220169087e-13 1.532039552153316677e-12 1.610694991085602912e-12 1.341073934745270366e-12 3.864237418726565228e-13 4.010229615304391427e-13 9.362493517579977091e-13 1.705322072738518128e-12 4.132765130778147770e-12 7.978952632571062922e-12 2.244402848844774862e-12 3.794562290610989905e-14 -3.990143711292759100e-13 -6.375553273160537022e-13
-8.599987872391534383e-12 1.519856176440863972e-12 9.343186276549759396e-13 4.712677228458722529e-12 2.787612340394060414e-12 1.269452982993668976e-12 -6.644155790952198327e-13 -1.065074743552240156e-12 -7.484662057624433403e-13 -5.628779489298822109e-14 8.453986486669684946e-14 1.780054706930393782e-12 -3.445998121846967225e-13 -1.857310916397429135e-13 3.150788496939444345e-13 6.630896081462178802e-13 5.644138380243739525e-13 3.362339067201129907e-13 -7.490021040895081863e-13 -3.522424137252002947e-13 6.564288524852731406e-13 2.244402848844774862e-12 5.086106131433841307e-12 1.091525378871495114e-12 -7.906102253208219847e-14 -3.978008677051161716e-13
3.987734686284834716e-13 -5.652195571424916869e-12 3.027318923665531747e-12 1.060934118198831704e-11 4.414068960428218819e-13 2.192297983488404965e-12 -3.446831814149218308e-13 -1.871012289888837496e-14 7.485811614700863168e-13 -1.215923980414989857e-12 8.558237210520615258e-13 7.896971999614285204e-13 1.315281753097939045e-12 -3.611260832427069811e-13 -1.320858391130424185e-12 -2.270852635087057981e-13 8.708258418602441551e-14 -6.274206010988470512e-13 8.925186604460656590e-14 -2.911009736973880397e-13 1.398840850619483973e-13 3.794562290610989905e-14 1.091525378871495114e-12 4.084351359614878477e-12 5.395464764811013623e-13 -1.687444241226626525e-13
9.354847844293693574e-12 1.032528741253883270e-12 -8.886612813386771589e-13 2.032960515209830102e-12 -8.933338836553771129e-13 -8.581091288598448272e-13 -1.492546510155368209e-12 -5.858945713222642774e-13 8.745861885705439319e-14 -8.879304458215256016e-13 -2.187418162704612629e-13 4.565724116198347145e-13 1.014793794320021731e-13 -2.127799469094246002e-13 -6.306989531526422213e-13 -6.798131681176516427e-13 -3.209397350094146040e-13 -3.937382307750839224e-14 1.367432710794552861e-13 8.080065187631240626e-14 -5.047766118565947052e-13 -3.990143711292759100e-13 -7.906102253208219847e-14 5.395464764811013623e-13 2.745176051849706271e-12 4.738147819308812317e-13
2.760489780770361421e-12 -1.412461323770706342e-13 3.577116761677894510e-14 8.402228088680201286e-12 -2.831243655883698586e-12 -1.641035626119183590e-12 -2.660038461883945489e-12 -1.704491141043824700e-13 -1.008592024768226057e-12 -3.126983650489826387e-13 -4.305462990646912232e-13 -4.470057166314183741e-13 9.458018071626192735e-14 -4.682146416586077493e-13 -7.537305083899469911e-14 5.345580481724497086e-14 -8.699676019592164646e-13 -1.306006784364472296e-12 -1.031059121052898035e-12 -9.374707814667721000e-13 -8.661626642262721585e-13 -6.375553273160537022e-13 -3.978008677051161716e-13 -1.687444241226626525e-13 4.738147819308812317e-13 2.272098150493621368e-12
