1.833292497748681712e-09 3.780971649700301253e-11 8.816343844224586204e-11 1.882386373473895580e-11 5.166906636979914957e-11 -1.735356677055180202e-12 1.349940551633951145e-11 -7.243569468122183545e-12 1.871468861968495795e-11 7.777799202177416224e-12 2.657028951393695044e-11 -2.556948432757459389e-11 2.686106702338108745e-11 1.537356058299002077e-11 2.800463057471118343e-11 2.667484883581362886e-11 3.065156459023003138e-11 3.450008205812565781e-12 -1.520204125216128767e-11 -8.868370948458947018e-12 -9.668865721472384207e-12 -2.303073082857999288e-12 -4.499226999102980675e-14 -2.077199664356745302e-12 -3.312535491508147036e-12 2.055731393490762447e-12
3.780971649700301253e-11 1.324334698489472626e-09 3.304681066651190534e-11 1.248228590542996422e-10 2.473847833314016775e-11 3.290872434865394575e-11 -8.009986593965765271e-11 4.143087258428701828e-11 -6.674232143358936786e-12 -3.784357151427903622e-11 -2.237571959451624376e-11 -2.790293153068755273e-12 1.532990011623610866e-11 -6.336382496819204521e-12 -2.944010397639274921e-12 -1.167364129097391367e-11 -2.720817239568650569e-11 -2.499527086671225659e-11 -2.508746007317599471e-11 -2.338531291315238651e-11 -2.148747146240737391e-11 -1.502077354482530274e-11 -2.566408195278980894e-12 3.498462066553719355e-12 1.088112618787407095e-12 2.976731840391702485e-12
8.816343844224586204e-11 3.304681066651190534e-11 1.023567677613533906e-09 3.165904630542659479e-11 6.683823018476792598e-11 -2.411651618372163499e-12 2.020674596283050934e-11 4.929999296816498109e-11 5.856903020491433193e-11 4.183874450662656012e-11 3.838869647853554339e-12 -1.049987380532173831e-11 -1.356192339708751400e-12 3.639635447432925776e-13 2.046449069062148900e-12 4.130800293700527992e-12 -2.952478267997455441e-12 -1.817178777784603403e-12 -2.609718196174630639e-12 -2.221434434291891362e-12 -4.846671358648292008e-12 -1.356792568051056400e-12 -7.443520808768199140e-12 3.159116405634501003e-12 -3.171796534330562462e-12 -2.784025126784007464e-12
1.882386373473895580e-11 1.248228590542996422e-10 3.165904630542659479e-11 7.251483743220431031e-10 9.682041446254603573e-11 2.068234305882745202e-11 3.628614179969658117e-12 4.631287837732749028e-11 -1.957171054001973989e-11 -1.095091858546830623e-11 9.121460632148241759e-12 -3.198620132961021311e-12 -1.539493502497655075e-11 -1.810138906393475218e-11 -1.930560646855554586e-11 -7.715460144100357241e-12 -1.486693714816696820e-11 -8.715784272062019547e-12 -1.104727224196294770e-12 3.072030339082270173e-13 2.189465341597148050e-12 1.153471667740418353e-11 7.493750296291741058e-12 1.900781906623975700e-12 8.015049051471999928e-13 1.305840170441713917e-12
5.166906636979914957e-11 2.473847833314016775e-11 6.683823018476792598e-11 9.682041446254603573e-11 4.631711250744471453e-10 3.692523789341908947e-11 1.650468495965294202e-11 1.058893461608884348e-11 4.193252962409367484e-11 1.524666953463751426e-12 5.703250671185523191e-12 1.111910279938291372e-11 -2.971855282237076607e-12 -5.700297733885524213e-13 1.590490969015382780e-12 4.704803197996627662e-12 3.221418491933153885e-12 -1.084720884200621171e-11 -7.683160709281158879e-12 -2.487925166614901557e-12 -1.989541928789782021e-12 -3.087897828594218665e-12 -7.709444583206882273e-12 -4.231990146505057414e-12 6.760968039975603239e-13 9.248660717552970400e-13
-1.735356677055180202e-12 3.290872434865394575e-11 -2.411651618372163499e-12 2.068234305882745202e-11 3.692523789341908947e-11 3.276111908909171491e-10 1.631433994935766124e-11 1.213363607140426904e-11 1.819838358577332701e-11 2.401715990235900376e-12 6.071876526091635855e-12 4.180600487472171569e-12 5.195737964052285469e-12 1.673578296949267682e-12 -5.624927960004997070e-12 -4.651911158476820471e-12 -1.787870925214680292e-12 -5.113036721581751162e-12 -1.318380920645997209e-11 -8.176931402712384375e-13 -5.259810942097068085e-13 -6.848673063489696853e-12 3.263355718187317955e-13 3.767621338860033581e-12 -3.177975591737853895e-15 -2.935227425236662848e-13
1.349940551633951145e-11 -8.009986593965765271e-11 2.020674596283050934e-11 3.628614179969658117e-12 1.650468495965294202e-11 1.631433994935766124e-11 2.168764453936271952e-10 3.713039212754638958e-11 2.587170174367643556e-11 8.237025261368633595e-12 8.378982822075261740e-12 -2.056597525255613073e-12 9.474624496580386521e-12 -5.540707597597201832e-12 -2.294032041675937347e-12 1.551218921788976459e-12 -5.320554529299949952e-12 1.511789557556519166e-13 3.731764500631579476e-12 3.856066395357263109e-12 6.226296601522051396e-12 4.219459118645750173e-12 -8.093291607768217978e-13 -2.777683774770476861e-12 -6.715610307542425554e-13 -2.426332124356064164e-13
-7.243569468122183545e-12 4.143087258428701828e-11 4.929999296816498109e-11 4.631287837732749028e-11 1.058893461608884348e-11 1.213363607140426904e-11 3.713039212754638958e-11 1.495804925838492941e-10 2.857671277567467212e-11 1.578021816934581353e-11 1.365039564066282886e-11 1.554427553404666991e-12 2.608721327669860099e-12 3.765809805215006995e-12 -6.295301951503383758e-13 -1.286923000836406472e-12 -7.136598815807387799e-12 -2.962173793446066113e-12 -1.862319691288208018e-12 -3.040720440057575248e-12 -4.868172736717910233e-12 -6.006891206239930605e-13 -5.752172837898604663e-12 -2.774343540456910472e-14 2.190931251660358436e-12 1.294290892925505949e-12
1.871468861968495795e-11 -6.674232143358936786e-12 5.856903020491433193e-11 -1.957171054001973989e-11 4.193252962409367484e-11 1.819838358577332701e-11 2.587170174367643556e-11 2.857671277567467212e-11 1.158908604569529029e-10 3.108880369154029168e-11 1.347587187832664970e-11 9.200596190544347786e-12 3.456344558009763945e-12 8.763587309147315692e-12 1.726865258737031986e-12 1.138770765481693323e-12 -1.109437325195155844e-13 -3.237362512752095496e-12 -3.198740306287121078e-12 3.647824606702782162e-12 1.654520659643065062e-12 7.303915088236986052e-13 1.606292037178722302e-12 5.230636492818341196e-12 7.369030181889015863e-13 -4.727840287225232190e-13
7.777799202177416224e-12 -3.784357151427903622e-11 4.183874450662656012e-11 -1.095091858546830623e-11 1.524666953463751426e-12 2.401715990235900376e-12 8.237025261368633595e-12 1.578021816934581353e-11 3.108880369154029168e-11 8.935325639277745917e-11 3.382323089934040098e-11 1.694145997624372298e-11 6.637316609867783557e-12 1.179328706189022819e-11 6.262065272066036707e-12 1.046553241569212504e-12 -2.550284513377490091e-12 -6.290956850822016271e-12 -6.030009854872206076e-12 -7.762239174725350369e-12 -6.363817173764786927e-12 -3.990905608118233653e-13 -1.555860140420739478e-13 3.510176756986751191e-12 1.662337936619957158e-12 1.638249470667935287e-12
2.657028951393695044e-11 -2.237571959451624376e-11 3.838869647853554339e-12 9.121460632148241759e-12 5.703250671185523191e-12 6.071876526091635855e-12 8.378982822075261740e-12 1.365039564066282886e-11 1.347587187832664970e-11 3.382323089934040098e-11 6.872170121227967328e-11 2.307338975713007832e-11 1.208334184399119236e-11 9.536943321349575069e-12 5.349766397488777075e-12 2.146310712216241888e-12 -2.652669889506035549e-12 -7.811299814931924269e-12 -6.186632805361995428e-12 -4.589946871540286856e-12 -3.131422718740774345e-12 1.032264968898584667e-12 -1.076426777367284330e-12 -2.338882497848018203e-12 3.994560114689648217e-13 1.761919927365943131e-12
-2.556948432757459389e-11 -2.790293153068755273e-12 -1.049987380532173831e-11 -3.198620132961021311e-12 1.111910279938291372e-11 4.180600487472171569e-12 -2.056597525255613073e-12 1.554427553404666991e-12 9.200596190544347786e-12 1.694145997624372298e-11 2.307338975713007832e-11 5.003069365654993803e-11 2.096236257089169341e-11 9.022899933506419479e-12 7.351088632066623305e-12 -2.017323913575598912e-12 -6.018452238022875836e-13 -7.190059347258957093e-12 -4.872255865200312244e-12 -1.797714118570076479e-12 -1.840899194209256998e-13 2.872449431670617927e-12 -1.662563954004117393e-12 -6.425766834101880030e-13 -1.915966533322377968e-13 7.410995752236287629e-13
2.686106702338108745e-11 1.532990011623610866e-11 -1.356192339708751400e-12 -1.539493502497655075e-11 -2.971855282237076607e-12 5.195737964052285469e-12 9.474624496580386521e-12 2.608721327669860099e-12 3.456344558009763945e-12 6.637316609867783557e-12 1.208334184399119236e-11 2.096236257089169341e-11 4.054756433896057945e-11 1.549802255415550225e-11 8.470873956712277937e-12 2.882843033098747251e-12 -8.177491213355901125e-14 -5.542055550985080194e-12 -2.891069834673352621e-12 -2.296215383040798410e-12 -1.838887952868738833e-13 2.154559435610774551e-12 -9.804984644584044580e-13 -1.576058878781922881e-12 4.306020989388745989e-13 1.471755101688517140e-12
1.537356058299002077e-11 -6.336382496819204521e-12 3.639635447432925776e-13 -1.810138906393475218e-11 -5.700297733885524213e-13 1.673578296949267682e-12 -5.540707597597201832e-12 3.765809805215006995e-12 8.763587309147315692e-12 1.179328706189022819e-11 9.536943321349575069e-12 9.022899933506419479e-12 1.549802255415550225e-11 3.049373339882321229e-11 1.345272457434604857e-11 6.998758003260231021e-12 2.486198354231080032e-12 -6.114963915456286019e-13 -4.389295309192668578e-13 2.253857788653468009e-12 1.964675288172942701e-12 3.178930493480728223e-12 -3.800222163498161378e-14 1.229747035229186252e-12 1.909594694957123720e-12 -1.478152405305592630e-13
2.800463057471118343e-11 -2.944010397639274921e-12 2.046449069062148900e-12 -1.930560646855554586e-11 1.590490969015382780e-12 -5.624927960004997070e-12 -2.294032041675937347e-12 -6.295301951503383758e-13 1.726865258737031986e-12 6.262065272066036707e-12 5.349766397488777075e-12 7.351088632066623305e-12 8.470873956712277937e-12 1.345272457434604857e-11 2.875513920408941751e-11 1.092623397016384438e-11 5.200343481385125914e-12 -1.339959109982414585e-12 -4.231142528757077694e-13 1.111951603373277513e-12 1.325105445211146688e-12 2.716181110266591424e-12 -9.363367237116330304e-13 -1.621692600574700307e-13 -5.366885566505749170e-13 -5.894417885533645102e-13
2.667484883581362886e-11 -1.167364129097391367e-11 4.130800293700527992e-12 -7.715460144100357241e-12 4.704803197996627662e-12 -4.651911158476820471e-12 1.551218921788976459e-12 -1.286923000836406472e-12 1.138770765481693323e-12 1.046553241569212504e-12 2.146310712216241888e-12 -2.017323913575598912e-12 2.882843033098747251e-12 6.998758003260231021e-12 1.092623397016384438e-11 2.395153088075021179e-11 1.332581568251690990e-11 6.697241240852145549e-12 6.430533936581658991e-12 4.573790450209312136e-12 1.743768833770167782e-12 2.386110233259235188e-12 9.999252665033851874e-13 -1.180387596649617424e-12 -9.882060053863664947e-13 -2.471973409882403076e-14
3.065156459023003138e-11 -2.720817239568650569e-11 -2.952478267997455441e-12 -1.486693714816696820e-11 3.221418491933153885e-12 -1.787870925214680292e-12 -5.320554529299949952e-12 -7.136598815807387799e-12 -1.109437325195155844e-13 -2.550284513377490091e-12 -2.652669889506035549e-12 -6.018452238022875836e-13 -8.177491213355901125e-14 2.486198354231080032e-12 5.200343481385125914e-12 1.332581568251690990e-11 2.703057205165507367e-11 1.319364507512902726e-11 8.651738415737711277e-12 5.346962236772684632e-12 3.480386591628036290e-12 1.577242241624145154e-12 2.673469111439808213e-13 -4.557158668336919593e-13 -5.785988260280362682e-13 -9.515751359711904339e-14
3.450008205812565781e-12 -2.499527086671225659e-11 -1.817178777784603403e-12 -8.715784272062019547e-12 -1.084720884200621171e-11 -5.113036721581751162e-12 1.511789557556519166e-13 -2.962173793446066113e-12 -3.237362512752095496e-12 -6.290956850822016271e-12 -7.811299814931924269e-12 -7.190059347258957093e-12 -5.542055550985080194e-12 -6.114963915456286019e-13 -1.339959109982414585e-12 6.697241240852145549e-12 1.319364507512902726e-11 2.322245599888892286e-11 1.390361026274911194e-11 7.148997638927887596e-12 2.808557156734834139e-12 6.858402940774963765e-13 -1.124828490353944113e-13 2.639857363344384307e-13 2.090201778382242756e-13 -1.977217442320009667e-13
-1.520204125216128767e-11 -2.508746007317599471e-11 -2.609718196174630639e-12 -1.104727224196294770e-12 -7.683160709281158879e-12 -1.318380920645997209e-11 3.731764500631579476e-12 -1.862319691288208018e-12 -3.198740306287121078e-12 -6.030009854872206076e-12 -6.186632805361995428e-12 -4.872255865200312244e-12 -2.891069834673352621e-12 -4.389295309192668578e-13 -4.231142528757077694e-13 6.430533936581658991e-12 8.651738415737711277e-12 1.390361026274911194e-11 2.191434553466729744e-11 1.241432163858590366e-11 5.718069873136845562e-12 2.623056785180317876e-12 1.333708429039363329e-12 -4.139367879074180335e-14 -8.139645508343862305e-13 -3.445793335130625560e-13
-8.868370948458947018e-12 -2.338531291315238651e-11 -2.221434434291891362e-12 3.072030339082270173e-13 -2.487925166614901557e-12 -8.176931402712384375e-13 3.856066395357263109e-12 -3.040720440057575248e-12 3.647824606702782162e-12 -7.762239174725350369e-12 -4.589946871540286856e-12 -1.797714118570076479e-12 -2.296215383040798410e-12 2.253857788653468009e-12 1.111951603373277513e-12 4.573790450209312136e-12 5.346962236772684632e-12 7.148997638927887596e-12 1.241432163858590366e-11 1.952392639818487082e-11 1.182252007223292983e-11 5.865734649804504007e-12 3.804360636849444786e-12 1.651357072236561503e-12 1.787757380434409105e-13 -7.800708011403298511e-13
-9.668865721472384207e-12 -2.148747146240737391e-11 -4.846671358648292008e-12 2.189465341597148050e-12 -1.989541928789782021e-12 -5.259810942097068085e-13 6.226296601522051396e-12 -4.868172736717910233e-12 1.654520659643065062e-12 -6.363817173764786927e-12 -3.131422718740774345e-12 -1.840899194209256998e-13 -1.838887952868738833e-13 1.964675288172942701e-12 1.325105445211146688e-12 1.743768833770167782e-12 3.480386591628036290e-12 2.808557156734834139e-12 5.718069873136845562e-12 1.182252007223292983e-11 1.882343484989552308e-11 1.032392855568898392e-11 5.666813449773163222e-12 2.162101713055461500e-12 4.721014758448375875e-13 -8.659652325517468814e-13
-2.303073082857999288e-12 -1.502077354482530274e-11 -1.356792568051056400e-12 1.153471667740418353e-11 -3.087897828594218665e-12 -6.848673063489696853e-12 4.219459118645750173e-12 -6.006891206239930605e-13 7.303915088236986052e-13 -3.990905608118233653e-13 1.032264968898584667e-12 2.872449431670617927e-12 2.154559435610774551e-12 3.178930493480728223e-12 2.716181110266591424e-12 2.386110233259235188e-12 1.577242241624145154e-12 6.858402940774963765e-13 2.623056785180317876e-12 5.865734649804504007e-12 1.032392855568898392e-11 1.501536083946818703e-11 7.113714367406749042e-12 2.918779384152123249e-12 7.015198774996852368e-13 -7.928050926090064567e-13
-4.499226999102980675e-14 -2.566408195278980894e-12 -7.443520808768199140e-12 7.493750296291741058e-12 -7.709444583206882273e-12 3.263355718187317955e-13 -8.093291607768217978e-13 -5.752172837898604663e-12 1.606292037178722302e-12 -1.555860140420739478e-13 -1.076426777367284330e-12 -1.662563954004117393e-12 -9.804984644584044580e-13 -3.800222163498161378e-14 -9.363367237116330304e-13 9.999252665033851874e-13 2.673469111439808213e-13 -1.124828490353944113e-13 1.333708429039363329e-12 3.804360636849444786e-12 5.666813449773163222e-12 7.113714367406749042e-12 1.100914139979024154e-11 3.780996862107948248e-12 1.897925939246911396e-13 -7.066616656938131998e-13
-2.077199664356745302e-12 3.498462066553719355e-12 3.159116405634501003e-12 1.900781906623975700e-12 -4.231990146505057414e-12 3.767621338860033581e-12 -2.777683774770476861e-12 -2.774343540456910472e-14 5.230636492818341196e-12 3.510176756986751191e-12 -2.338882497848018203e-12 -6.425766834101880030e-13 -1.576058878781922881e-12 1.229747035229186252e-12 -1.621692600574700307e-13 -1.180387596649617424e-12 -4.557158668336919593e-13 2.639857363344384307e-13 -4.139367879074180335e-14 1.651357072236561503e-12 2.162101713055461500e-12 2.918779384152123249e-12 3.780996862107948248e-12 8.220295387440127738e-12 2.497500118601527218e-12 -2.005627682292624793e-13
-3.312535491508147036e-12 1.088112618787407095e-12 -3.171796534330562462e-12 8.015049051471999928e-13 6.760968039975603239e-13 -3.177975591737853895e-15 -6.715610307542425554e-13 2.190931251660358436e-12 7.369030181889015863e-13 1.662337936619957158e-12 3.994560114689648217e-13 -1.915966533322377968e-13 4.306020989388745989e-13 1.909594694957123720e-12 -5.366885566505749170e-13 -9.882060053863664947e-13 -5.785988260280362682e-13 2.090201778382242756e-13 -8.139645508343862305e-13 1.787757380434409105e-13 4.721014758448375875e-13 7.015198774996852368e-13 1.897925939246911396e-13 2.497500118601527218e-12 6.570513231465199526e-12 2.259875730916617960e-12
2.055731393490762447e-12 2.976731840391702485e-12 -2.784025126784007464e-12 1.305840170441713917e-12 9.248660717552970400e-13 -2.935227425236662848e-13 -2.426332124356064164e-13 1.294290892925505949e-12 -4.727840287225232190e-13 1.638249470667935287e-12 1.761919927365943131e-12 7.410995752236287629e-13 1.471755101688517140e-12 -1.478152405305592630e-13 -5.894417885533645102e-13 -2.471973409882403076e-14 -9.515751359711904339e-14 -1.977217442320009667e-13 -3.445793335130625560e-13 -7.800708011403298511e-13 -8.659652325517468814e-13 -7.928050926090064567e-13 -7.066616656938131998e-13 -2.005627682292624793e-13 2.259875730916617960e-12 5.076549933695335291e-12
