2.375876116345275709e-09 -7.261353579141669655e-11 8.921087122009286998e-11 7.752105433456923369e-11 -8.865497067753775116e-12 -8.524710791001965557e-11 -1.218066231427883951e-10 -4.158852907234836286e-11 -1.895255110211779793e-11 -9.983744807662241032e-12 4.239922175459422752e-11 3.944397257109178958e-11 2.629008822588656202e-11 2.465529679487438294e-11 2.215300480303233927e-11 2.452272406779334024e-11 2.021768533750820980e-12 -1.466962107502642582e-11 -1.990572615455946360e-11 -1.757433611197245324e-11 -8.024780831099270908e-12 1.482558907236210115e-11 -1.391512665889362985e-12 1.361732811055767553e-11 -6.818625607539610204e-12 -1.311205658923049155e-11
-7.261353579141669655e-11 1.341068132009044428e-09 -1.016579889576129262e-11 1.131452246824004702e-10 -2.311700999560961881e-11 -3.511396024711167160e-11 3.356777650575053960e-11 -3.349645135102551886e-11 -4.683071129507012152e-11 1.209319261334783224e-11 -5.817745133600776358e-12 1.860728761841954701e-11 4.522485478894608724e-13 3.881277265243122997e-12 1.623943195409707436e-11 5.387593852079194270e-12 -9.347103628043075192e-13 -1.380864272133577323e-13 -1.714630879048052640e-11 -9.866147419271766633e-12 -2.174300822079012107e-13 -3.082443698119452189e-12 -6.829376363311497752e-12 1.300243719931817384e-12 1.465782416871137265e-13 4.916897594083361264e-12
8.921087122009286998e-11 -1.016579889576129262e-11 1.037106307080987205e-09 4.898076594438880698e-11 5.009377326391790549e-11 -2.093622488602654396e-11 2.250807447271340379e-11 1.350546196973224529e-12 4.769083414981355704e-12 -6.864857931670360131e-12 1.014265336470378174e-11 3.524740385044421542e-11 2.490698774329282437e-11 2.019925273453004431e-11 7.827590444764317125e-12 3.132881698191295160e-11 -4.718296093544494657e-12 8.207272422688183478e-12 1.354773415678663084e-11 9.452957540599895225e-12 8.538416638637156611e-13 -1.491194451620150536e-12 -7.685814066292235232e-12 -3.267872564911530525e-12 7.268587168344291347e-12 -5.497378283218226755e-12
7.752105433456923369e-11 1.131452246824004702e-10 4.898076594438880698e-11 6.885861872420765256e-10 7.251140310482688560e-11 7.919627095205073856e-11 -2.834564278480778476e-12 1.682955264362158468e-11 -2.059336742301773401e-11 -1.649603309261387380e-11 -3.361626149537363179e-12 6.644384796705398944e-12 1.071468125482416141e-11 7.791699125294372001e-12 1.825538629248841094e-11 3.856810432815819930e-13 -4.422413788731911544e-12 -1.257674710439161370e-13 2.627036531487049344e-12 -1.159088060921397608e-11 -6.998698507661614212e-12 -1.169145650346015178e-12 -7.137308972137105102e-12 -5.249717415562664583e-12 -1.907712306935129786e-12 7.138839317936692347e-13
-8.865497067753775116e-12 -2.311700999560961881e-11 5.009377326391790549e-11 7.251140310482688560e-11 3.682216070531993453e-10 6.374213506113462089e-11 7.393059233751437555e-12 1.965926804516630444e-11 -8.058424661521059789e-12 -2.268190183706916084e-11 -1.189372922233047209e-12 -3.085524830128929371e-13 -3.540281697731534424e-12 -9.778292600267579010e-12 -9.448157802891367769e-12 -7.026222834131606592e-12 -3.711635684011804055e-12 -3.558440009341750850e-12 -3.162179447814942885e-12 5.622181901162092701e-12 1.496620836014910359e-11 2.052939455782385090e-12 3.089865322378706409e-13 1.550981439478211263e-12 9.884367265947294037e-13 -5.552778294326007824e-13
-8.524710791001965557e-11 -3.511396024711167160e-11 -2.093622488602654396e-11 7.919627095205073856e-11 6.374213506113462089e-11 2.917814669408267041e-10 1.240181702719574130e-11 2.366552359161305903e-11 -1.159093232237440908e-11 -7.134479758820991818e-12 -4.400095849829905564e-12 -2.140826944764586791e-11 -5.807169762667898729e-12 -1.060757973458946987e-11 2.936633130295406682e-12 6.983152604415809666e-12 6.819878591809507805e-12 -5.430438592891421086e-12 -3.978540656568574703e-12 5.301162847171227725e-12 8.549037414587078682e-12 1.145925662432314155e-11 2.825836501644618833e-12 1.966423130544334568e-12 -1.217271722701695438e-13 1.655286811642022950e-12
-1.218066231427883951e-10 3.356777650575053960e-11 2.250807447271340379e-11 -2.834564278480778476e-12 7.393059233751437555e-12 1.240181702719574130e-11 2.326375004423903460e-10 5.353682503448671649e-11 2.722364292762442051e-11 2.403368685235700971e-11 2.125547355055792901e-11 1.164098412402794797e-11 1.821995338517580389e-11 1.803662149100639276e-11 8.757798554634636097e-12 9.612187467928731642e-12 1.042602290132683576e-12 1.507224733991158833e-12 -6.018813210085778178e-12 -1.826000626326025504e-12 -2.049200268288680147e-12 9.635088907970938226e-13 -4.027160937165421713e-12 8.476842576733858945e-13 -2.120196487239901866e-13 1.558938342281592927e-12
-4.158852907234836286e-11 -3.349645135102551886e-11 1.350546196973224529e-12 1.682955264362158468e-11 1.965926804516630444e-11 2.366552359161305903e-11 5.353682503448671649e-11 1.745072521481733449e-10 3.749553051687661198e-11 2.896064674957378503e-11 1.877913698660575331e-11 2.155497660778726525e-12 4.776015838407084826e-12 3.438822956393618398e-12 4.491199237847877967e-12 6.800850100146949467e-12 4.116519124713164432e-12 3.346431743992682903e-12 -1.871307999841646295e-12 -3.676411723571684728e-12 -2.920716530990553989e-12 1.077920682263572016e-12 -2.942217318508742884e-13 1.398567474041115839e-12 -1.903031232513817597e-12 5.442294335174685344e-13
-1.895255110211779793e-11 -4.683071129507012152e-11 4.769083414981355704e-12 -2.059336742301773401e-11 -8.058424661521059789e-12 -1.159093232237440908e-11 2.722364292762442051e-11 3.749553051687661198e-11 1.061704345763023020e-10 4.087788217316758970e-11 2.924837791263467315e-11 2.000788772578904809e-11 9.716436621365370222e-12 9.241206390036457961e-12 1.165268461311932545e-11 1.305983235083311289e-11 5.888212224545109310e-12 4.147942358707383298e-12 1.866787046368078010e-12 -2.128506727102992973e-13 -4.458311182220957254e-12 1.126815134508769360e-12 4.494354012926164848e-12 1.143763684666782884e-12 -2.641055613691519693e-12 7.886848688918832716e-14
-9.983744807662241032e-12 1.209319261334783224e-11 -6.864857931670360131e-12 -1.649603309261387380e-11 -2.268190183706916084e-11 -7.134479758820991818e-12 2.403368685235700971e-11 2.896064674957378503e-11 4.087788217316758970e-11 9.248301608758836780e-11 3.197702614880206770e-11 9.850487144107188273e-12 1.079450332432601097e-11 7.289847578022209276e-12 9.950523772010494598e-12 5.101758182647010133e-12 3.012372576778867951e-12 1.961843098070929813e-12 -4.828424162379025359e-12 -3.769955271391639776e-12 -4.318347946880032754e-12 -1.690608530796860386e-13 4.290947920995114714e-13 1.038967889193200704e-12 1.266800048155711505e-13 2.852537770016449873e-13
4.239922175459422752e-11 -5.817745133600776358e-12 1.014265336470378174e-11 -3.361626149537363179e-12 -1.189372922233047209e-12 -4.400095849829905564e-12 2.125547355055792901e-11 1.877913698660575331e-11 2.924837791263467315e-11 3.197702614880206770e-11 7.109674582140746732e-11 2.548650967940500134e-11 1.877582735010126062e-11 7.892943980575414184e-12 1.029032621929001997e-11 5.950815930097407177e-12 2.907958229847155853e-12 3.386841084063269288e-12 -4.526684240948755360e-12 -2.192816331058277511e-12 3.266772535451048656e-13 -4.146048946661071916e-13 2.198849368597166977e-12 2.624884886237215104e-12 -4.822442444129754656e-13 2.686402618057252131e-13
3.944397257109178958e-11 1.860728761841954701e-11 3.524740385044421542e-11 6.644384796705398944e-12 -3.085524830128929371e-13 -2.140826944764586791e-11 1.164098412402794797e-11 2.155497660778726525e-12 2.000788772578904809e-11 9.850487144107188273e-12 2.548650967940500134e-11 5.602395348898678989e-11 2.636850871616298028e-11 1.230701975860265662e-11 9.169494463865743944e-12 6.965122635702995779e-12 3.111023597467078315e-12 5.962878788889874505e-12 1.742362069852292930e-12 1.430630977062259708e-12 1.864755334590044801e-12 2.712444840209743184e-12 2.299296659192186115e-12 1.137849506040802430e-12 1.120267686077777754e-12 6.606276386875826931e-13
2.629008822588656202e-11 4.522485478894608724e-13 2.490698774329282437e-11 1.071468125482416141e-11 -3.540281697731534424e-12 -5.807169762667898729e-12 1.821995338517580389e-11 4.776015838407084826e-12 9.716436621365370222e-12 1.079450332432601097e-11 1.877582735010126062e-11 2.636850871616298028e-11 5.143381891721231146e-11 2.782927949647654669e-11 1.839721517538438522e-11 1.303887461165588843e-11 1.208670896556717936e-11 9.862684354670171895e-12 3.464422363212550308e-12 -6.708817150726667519e-13 -2.219974597929213225e-12 -5.185397297096291264e-13 1.334342832264363917e-12 7.445224243009219202e-14 -1.667931180260474507e-14 1.006537580482297316e-12
2.465529679487438294e-11 3.881277265243122997e-12 2.019925273453004431e-11 7.791699125294372001e-12 -9.778292600267579010e-12 -1.060757973458946987e-11 1.803662149100639276e-11 3.438822956393618398e-12 9.241206390036457961e-12 7.289847578022209276e-12 7.892943980575414184e-12 1.230701975860265662e-11 2.782927949647654669e-11 4.732917529406582425e-11 2.858987231638573924e-11 1.652843019538575894e-11 1.049638971930142847e-11 7.896898977820032202e-12 3.084290456867877703e-12 2.690535994893905639e-13 -1.823743347290800506e-12 3.497966149897033772e-13 2.114045676450745337e-12 -1.054428134382554576e-13 -2.534235626889934845e-13 1.387076369242728738e-12
2.215300480303233927e-11 1.623943195409707436e-11 7.827590444764317125e-12 1.825538629248841094e-11 -9.448157802891367769e-12 2.936633130295406682e-12 8.757798554634636097e-12 4.491199237847877967e-12 1.165268461311932545e-11 9.950523772010494598e-12 1.029032621929001997e-11 9.169494463865743944e-12 1.839721517538438522e-11 2.858987231638573924e-11 4.697681410172667650e-11 2.893635638327114700e-11 1.576616900903006204e-11 9.919086179101720176e-12 2.216633746752443437e-12 -9.590756440544372998e-13 -3.017903900696319392e-12 -1.494159162324762199e-12 -1.401336840762435633e-12 2.666547420581075715e-16 -8.893764788569180013e-13 1.686049420616659005e-12
2.452272406779334024e-11 5.387593852079194270e-12 3.132881698191295160e-11 3.856810432815819930e-13 -7.026222834131606592e-12 6.983152604415809666e-12 9.612187467928731642e-12 6.800850100146949467e-12 1.305983235083311289e-11 5.101758182647010133e-12 5.950815930097407177e-12 6.965122635702995779e-12 1.303887461165588843e-11 1.652843019538575894e-11 2.893635638327114700e-11 4.459819766017714376e-11 2.790902819933900358e-11 1.313559747644606039e-11 8.421763602021261377e-12 2.270535838866819589e-12 -2.264343348449863873e-12 -1.172874473950635149e-12 -2.631191873992681716e-13 -5.534174198990312200e-13 -1.617949298652203438e-13 9.674854358785199534e-13
2.021768533750820980e-12 -9.347103628043075192e-13 -4.718296093544494657e-12 -4.422413788731911544e-12 -3.711635684011804055e-12 6.819878591809507805e-12 1.042602290132683576e-12 4.116519124713164432e-12 5.888212224545109310e-12 3.012372576778867951e-12 2.907958229847155853e-12 3.111023597467078315e-12 1.208670896556717936e-11 1.049638971930142847e-11 1.576616900903006204e-11 2.790902819933900358e-11 4.655214826931583164e-11 2.666647617299850312e-11 1.428902375616279624e-11 7.084263175140463348e-12 9.845437580689979458e-13 5.979296701969459575e-13 7.311197101907141369e-13 -1.134982841894815541e-12 5.324893692165776516e-13 2.052543699743350021e-12
-1.466962107502642582e-11 -1.380864272133577323e-13 8.207272422688183478e-12 -1.257674710439161370e-13 -3.558440009341750850e-12 -5.430438592891421086e-12 1.507224733991158833e-12 3.346431743992682903e-12 4.147942358707383298e-12 1.961843098070929813e-12 3.386841084063269288e-12 5.962878788889874505e-12 9.862684354670171895e-12 7.896898977820032202e-12 9.919086179101720176e-12 1.313559747644606039e-11 2.666647617299850312e-11 3.653681614612711090e-11 2.045367025362809027e-11 7.257775275803594149e-12 2.482851478178041354e-12 2.359826544878864324e-12 1.262463160671820948e-13 -7.436399084934792132e-13 4.262610325051593205e-13 1.601980591434788053e-12
-1.990572615455946360e-11 -1.714630879048052640e-11 1.354773415678663084e-11 2.627036531487049344e-12 -3.162179447814942885e-12 -3.978540656568574703e-12 -6.018813210085778178e-12 -1.871307999841646295e-12 1.866787046368078010e-12 -4.828424162379025359e-12 -4.526684240948755360e-12 1.742362069852292930e-12 3.464422363212550308e-12 3.084290456867877703e-12 2.216633746752443437e-12 8.421763602021261377e-12 1.428902375616279624e-11 2.045367025362809027e-11 3.271650735083331297e-11 1.692119375916993430e-11 4.992056535484086183e-12 3.334554723920285412e-12 2.910616097962189409e-12 -4.331633000790089061e-13 7.312924124118584998e-13 5.059473876221095959e-13
-1.757433611197245324e-11 -9.866147419271766633e-12 9.452957540599895225e-12 -1.159088060921397608e-11 5.622181901162092701e-12 5.301162847171227725e-12 -1.826000626326025504e-12 -3.676411723571684728e-12 -2.128506727102992973e-13 -3.769955271391639776e-12 -2.192816331058277511e-12 1.430630977062259708e-12 -6.708817150726667519e-13 2.690535994893905639e-13 -9.590756440544372998e-13 2.270535838866819589e-12 7.084263175140463348e-12 7.257775275803594149e-12 1.692119375916993430e-11 2.738760880250977703e-11 1.339100191058265803e-11 6.834190240504273657e-12 4.700414640023976458e-12 2.643748765109201101e-13 7.309641744577225585e-13 -9.561223644735938917e-13
-8.024780831099270908e-12 -2.174300822079012107e-13 8.538416638637156611e-13 -6.998698507661614212e-12 1.496620836014910359e-11 8.549037414587078682e-12 -2.049200268288680147e-12 -2.920716530990553989e-12 -4.458311182220957254e-12 -4.318347946880032754e-12 3.266772535451048656e-13 1.864755334590044801e-12 -2.219974597929213225e-12 -1.823743347290800506e-12 -3.017903900696319392e-12 -2.264343348449863873e-12 9.845437580689979458e-13 2.482851478178041354e-12 4.992056535484086183e-12 1.339100191058265803e-11 2.188879780067280695e-11 1.151528557732821390e-11 5.046502667214055334e-12 1.826292794023373179e-12 2.395839433822763938e-13 -1.157611900688210471e-12
1.482558907236210115e-11 -3.082443698119452189e-12 -1.491194451620150536e-12 -1.169145650346015178e-12 2.052939455782385090e-12 1.145925662432314155e-11 9.635088907970938226e-13 1.077920682263572016e-12 1.126815134508769360e-12 -1.690608530796860386e-13 -4.146048946661071916e-13 2.712444840209743184e-12 -5.185397297096291264e-13 3.497966149897033772e-13 -1.494159162324762199e-12 -1.172874473950635149e-12 5.979296701969459575e-13 2.359826544878864324e-12 3.334554723920285412e-12 6.834190240504273657e-12 1.151528557732821390e-11 2.019299823877189630e-11 8.782959518805982006e-12 1.888406353696199962e-12 -6.190267805984970183e-13 -7.843915288068273757e-13
-1.391512665889362985e-12 -6.829376363311497752e-12 -7.685814066292235232e-12 -7.137308972137105102e-12 3.089865322378706409e-13 2.825836501644618833e-12 -4.027160937165421713e-12 -2.942217318508742884e-13 4.494354012926164848e-12 4.290947920995114714e-13 2.198849368597166977e-12 2.299296659192186115e-12 1.334342832264363917e-12 2.114045676450745337e-12 -1.401336840762435633e-12 -2.631191873992681716e-13 7.311197101907141369e-13 1.262463160671820948e-13 2.910616097962189409e-12 4.700414640023976458e-12 5.046502667214055334e-12 8.782959518805982006e-12 1.257185708969750026e-11 2.731965921701770981e-12 -1.247911398762293276e-13 -8.187258501811503463e-13
1.361732811055767553e-11 1.300243719931817384e-12 -3.267872564911530525e-12 -5.249717415562664583e-12 1.550981439478211263e-12 1.966423130544334568e-12 8.476842576733858945e-13 1.398567474041115839e-12 1.143763684666782884e-12 1.038967889193200704e-12 2.624884886237215104e-12 1.137849506040802430e-12 7.445224243009219202e-14 -1.054428134382554576e-13 2.666547420581075715e-16 -5.534174198990312200e-13 -1.134982841894815541e-12 -7.436399084934792132e-13 -4.331633000790089061e-13 2.643748765109201101e-13 1.826292794023373179e-12 1.888406353696199962e-12 2.731965921701770981e-12 7.577632159567385356e-12 8.629430951138484925e-13 -1.313338378281027457e-12
-6.818625607539610204e-12 1.465782416871137265e-13 7.268587168344291347e-12 -1.907712306935129786e-12 9.884367265947294037e-13 -1.217271722701695438e-13 -2.120196487239901866e-13 -1.903031232513817597e-12 -2.641055613691519693e-12 1.266800048155711505e-13 -4.822442444129754656e-13 1.120267686077777754e-12 -1.667931180260474507e-14 -2.534235626889934845e-13 -8.893764788569180013e-13 -1.617949298652203438e-13 5.324893692165776516e-13 4.262610325051593205e-13 7.312924124118584998e-13 7.309641744577225585e-13 2.395839433822763938e-13 -6.190267805984970183e-13 -1.247911398762293276e-13 8.629430951138484925e-13 5.641804091264527229e-12 1.391363818072520826e-14
-1.311205658923049155e-11 4.916897594083361264e-12 -5.497378283218226755e-12 7.138839317936692347e-13 -5.552778294326007824e-13 1.655286811642022950e-12 1.558938342281592927e-12 5.442294335174685344e-13 7.886848688918832716e-14 2.852537770016449873e-13 2.686402618057252131e-13 6.606276386875826931e-13 1.006537580482297316e-12 1.387076369242728738e-12 1.686049420616659005e-12 9.674854358785199534e-13 2.052543699743350021e-12 1.601980591434788053e-12 5.059473876221095959e-13 -9.561223644735938917e-13 -1.157611900688210471e-12 -7.843915288068273757e-13 -8.187258501811503463e-13 -1.313338378281027457e-12 1.391363818072520826e-14 4.649896284228783491e-12
