3.537799333052036765e-09 6.869020344605596108e-11 8.082247854585858730e-11 1.500422134248111252e-10 1.383160460642087825e-10 7.995186934412909925e-11 1.156096499334861552e-10 -1.636862721062614299e-11 1.253981541190859732e-11 1.875589217055453066e-11 3.940030765079651275e-11 -1.034803536160033582e-11 2.513292448608909006e-11 2.989790602135632464e-11 3.446186752464000300e-11 -1.593906150680510766e-12 -5.879646314396720081e-12 -8.512528799563398879e-13 -1.921534472552757593e-11 4.558304285211218433e-12 3.937239939720951690e-11 6.781572702640530652e-12 -3.067126423800395084e-12 7.550740800744472499e-12 -6.491743618589477920e-13 -1.296572625410079129e-12
6.869020344605596108e-11 1.998131122225898806e-09 -1.239519102876801045e-11 1.204195436159584249e-10 -1.338350566682729766e-10 -7.716685146222063726e-12 5.103583616462542662e-11 -1.023696250152940794e-11 1.490520311486230638e-11 1.101062372747980177e-11 -5.506253773900326835e-12 1.166687663052503914e-11 -5.414719610494480362e-12 -1.049456169294951700e-11 1.532141050617741564e-11 -1.486112426259036628e-11 1.938817596436628141e-11 -2.111785543954042479e-12 -7.593176449973169676e-12 1.240469500677108500e-12 -1.351917082103841123e-12 9.918745973734208905e-12 -1.469795945936483058e-12 2.558267208056573733e-12 1.201680290194204954e-12 -9.649827709437584897e-13
8.082247854585858730e-11 -1.239519102876801045e-11 1.320325182450933222e-09 1.033603045782065119e-10 4.784909274870327767e-12 2.237072883816179344e-12 -2.715250567769351749e-11 1.830547732368057436e-11 -2.530546581077606394e-11 4.568083355738200755e-12 -1.089142790316819966e-11 -9.399872096275834178e-12 -3.433543577304875741e-12 1.174439345557729050e-11 -1.523105420719796717e-11 -9.447127999736525215e-12 -6.611561085746477594e-14 -1.186095910102778753e-11 3.548620726538916108e-12 -3.740636523540761125e-13 -1.105766911584395353e-11 -4.037734983569498297e-12 -7.911116465840397144e-12 -4.294012059493815805e-12 -3.418118764790269723e-12 3.916073486710623205e-12
1.500422134248111252e-10 1.204195436159584249e-10 1.033603045782065119e-10 8.719478551033895442e-10 1.269712973063000641e-10 4.471210019497233545e-11 8.332964905982261540e-11 2.177653149819730118e-11 2.029308184005217617e-11 9.083248110334429661e-12 -5.119698004944858380e-12 -3.398722233116006772e-11 1.397990955940533810e-12 -3.355218298286488640e-12 9.461749518652988104e-12 3.332401785057162419e-12 -4.723295109722347985e-12 -3.997516651246823110e-12 -2.253791758971507253e-12 -7.946809121308008221e-12 -1.001060817342674211e-12 7.511355200687518427e-12 7.251257152773360003e-12 9.654990414407049227e-13 -7.231039884789754223e-12 -1.438355940972414970e-12
1.383160460642087825e-10 -1.338350566682729766e-10 4.784909274870327767e-12 1.269712973063000641e-10 5.500539326488560836e-10 -1.072547612337773548e-11 2.318163316309327253e-11 -8.653674778100190290e-12 -9.705707963135092033e-12 1.376273921991361788e-11 -3.897329615513114527e-12 -2.103500176053729967e-11 -9.057122963146705168e-12 5.505005214137441029e-12 -6.168477579271708307e-12 -7.635853870931684053e-12 -4.198001385880823110e-12 -1.111301682542767663e-12 -3.685277755162309538e-13 -2.006667583067857016e-12 -5.370978237198015658e-12 -4.856403459376743081e-12 7.200510777993307410e-14 2.617434252579905361e-12 4.711806406206861137e-14 1.886981130068505932e-12
7.995186934412909925e-11 -7.716685146222063726e-12 2.237072883816179344e-12 4.471210019497233545e-11 -1.072547612337773548e-11 3.656714922496783651e-10 7.067523460853590027e-11 -1.158052447725865884e-11 4.644593082849791200e-11 1.310791455779830362e-11 1.034885675629425223e-13 1.110282765230569014e-12 5.123934694228479598e-12 3.498991915716050465e-12 9.806028518353733355e-12 1.260622496286128771e-11 -2.196224292873227942e-13 -2.783649279325017779e-12 6.147929168448473039e-12 7.032181863946135768e-12 9.402637144084186800e-12 5.913721304523191521e-13 6.196510259995724194e-13 1.095623262433391156e-12 3.940107214818183629e-13 -2.547111806007216503e-12
1.156096499334861552e-10 5.103583616462542662e-11 -2.715250567769351749e-11 8.332964905982261540e-11 2.318163316309327253e-11 7.067523460853590027e-11 2.572858830914166724e-10 -1.071229233522173893e-12 1.316591044792803964e-11 -1.179360576885758048e-13 -7.964768200807690542e-13 -2.851338037944761266e-13 3.266542580664043923e-12 -7.034067279777246098e-12 -3.582386551569509451e-12 7.593731566420236609e-13 9.486553089669740354e-12 2.996821107739121174e-12 -2.032267706768823868e-12 -9.343353100849395278e-13 3.011154132025080260e-12 2.925733856725148517e-12 1.410500665572932432e-12 2.699339699721918999e-12 -5.622737353536141599e-13 1.794159093361601324e-12
-1.636862721062614299e-11 -1.023696250152940794e-11 1.830547732368057436e-11 2.177653149819730118e-11 -8.653674778100190290e-12 -1.158052447725865884e-11 -1.071229233522173893e-12 1.597262114378940270e-10 2.906079001343126907e-11 1.513438931932266213e-11 4.558315095205605338e-12 3.451096138550091953e-12 3.307799382509804098e-12 3.204727955517252120e-12 1.359893134421879559e-12 6.846598406860060259e-12 6.683551060449168834e-14 -4.117834868418853325e-12 -6.325714087913538052e-13 1.150657057629492080e-12 3.226073799484045666e-12 -1.873826625177807051e-12 -2.169774350311636044e-13 4.388320535035103489e-12 -1.022293074760435526e-12 -2.487539001273895250e-12
1.253981541190859732e-11 1.490520311486230638e-11 -2.530546581077606394e-11 2.029308184005217617e-11 -9.705707963135092033e-12 4.644593082849791200e-11 1.316591044792803964e-11 2.906079001343126907e-11 1.296101522606537514e-10 2.446243101594506607e-11 -1.688397422588464666e-12 3.852100281634111976e-12 3.719347078950324433e-12 3.954120448927739237e-12 -1.390186684364210262e-12 -5.441285393265391813e-13 -1.031412541155294966e-12 2.668261163508861511e-12 -1.983571493003339495e-12 -4.053047763115037363e-12 -2.097267934827679326e-14 1.068749786606713746e-12 1.397377236466634593e-12 -2.013784075143056916e-13 -1.978092648242538891e-12 1.029793961307732503e-12
1.875589217055453066e-11 1.101062372747980177e-11 4.568083355738200755e-12 9.083248110334429661e-12 1.376273921991361788e-11 1.310791455779830362e-11 -1.179360576885758048e-13 1.513438931932266213e-11 2.446243101594506607e-11 9.021876703067606287e-11 1.842530263180998710e-11 1.370709997328089656e-11 6.119451451102247015e-12 4.194072713204540253e-12 -2.320516328215502053e-13 -6.153034814541817427e-12 1.342182500239150387e-12 1.110614473115600784e-12 1.727789714061394977e-12 -2.239411785802182580e-12 -1.736423051839565399e-12 -1.465410279609436569e-12 -9.357735172079835960e-14 2.264526152447067676e-12 -1.297224052540427884e-12 -4.696565681204040566e-13
3.940030765079651275e-11 -5.506253773900326835e-12 -1.089142790316819966e-11 -5.119698004944858380e-12 -3.897329615513114527e-12 1.034885675629425223e-13 -7.964768200807690542e-13 4.558315095205605338e-12 -1.688397422588464666e-12 1.842530263180998710e-11 6.653470078472583986e-11 1.575666860796990635e-11 7.134325472185630822e-12 6.823245828992587604e-12 1.785039785554273607e-12 -2.959361086821029156e-12 1.910673745086518606e-12 3.544712914224437533e-12 3.741872598490846913e-12 3.951715276830559326e-12 2.570525437708121293e-12 -9.238215425692104577e-13 8.786853767981708164e-13 2.607810922385626306e-12 5.507620734231798428e-13 -5.631933666376824994e-13
-1.034803536160033582e-11 1.166687663052503914e-11 -9.399872096275834178e-12 -3.398722233116006772e-11 -2.103500176053729967e-11 1.110282765230569014e-12 -2.851338037944761266e-13 3.451096138550091953e-12 3.852100281634111976e-12 1.370709997328089656e-11 1.575666860796990635e-11 4.865900861582775153e-11 1.566210814900179771e-11 8.445164592247820984e-12 3.637394189901390245e-12 9.366993260277931675e-13 1.177623338577261477e-12 5.960521264040628387e-13 -6.934874592578240441e-13 9.013106704749509787e-13 1.605122923860691389e-12 2.512114709008497423e-14 6.962278041057657946e-13 -3.033966908750957739e-13 -1.334417210550259858e-13 1.932662850234208128e-13
2.513292448608909006e-11 -5.414719610494480362e-12 -3.433543577304875741e-12 1.397990955940533810e-12 -9.057122963146705168e-12 5.123934694228479598e-12 3.266542580664043923e-12 3.307799382509804098e-12 3.719347078950324433e-12 6.119451451102247015e-12 7.134325472185630822e-12 1.566210814900179771e-11 4.033751734627412937e-11 1.454149478854786134e-11 7.278354669634900745e-12 3.205128498525020684e-12 9.357618679410897711e-13 2.084755086206815079e-12 -9.104016828965383496e-13 -3.127556804447242278e-13 -7.325758972957351887e-13 1.458147832017164188e-13 1.231517957022388196e-12 1.894471753727023713e-13 1.501338065441783621e-13 7.862273293870799534e-13
2.989790602135632464e-11 -1.049456169294951700e-11 1.174439345557729050e-11 -3.355218298286488640e-12 5.505005214137441029e-12 3.498991915716050465e-12 -7.034067279777246098e-12 3.204727955517252120e-12 3.954120448927739237e-12 4.194072713204540253e-12 6.823245828992587604e-12 8.445164592247820984e-12 1.454149478854786134e-11 3.489711740657261595e-11 1.523886321026184131e-11 8.703953899748211669e-12 3.975122140054975272e-12 2.214247961572684304e-12 -4.671608226518512065e-13 1.790259026275363143e-13 -1.388388835737370445e-12 -1.483953804119792958e-12 -9.958022402436525102e-15 -1.321255305618463236e-12 -1.418995758457637907e-12 -8.937479968494797396e-13
3.446186752464000300e-11 1.532141050617741564e-11 -1.523105420719796717e-11 9.461749518652988104e-12 -6.168477579271708307e-12 9.806028518353733355e-12 -3.582386551569509451e-12 1.359893134421879559e-12 -1.390186684364210262e-12 -2.320516328215502053e-13 1.785039785554273607e-12 3.637394189901390245e-12 7.278354669634900745e-12 1.523886321026184131e-11 3.266250793953633525e-11 1.486310549802711314e-11 5.448927762652652595e-12 5.392519449547722656e-13 -1.549394051534356665e-12 3.886124748875764532e-13 -7.389083725200392162e-13 -2.544937225026564162e-12 3.203895805942936372e-13 -5.263098990553761476e-13 1.255263148765390371e-13 -2.927958130480579261e-13
-1.593906150680510766e-12 -1.486112426259036628e-11 -9.447127999736525215e-12 3.332401785057162419e-12 -7.635853870931684053e-12 1.260622496286128771e-11 7.593731566420236609e-13 6.846598406860060259e-12 -5.441285393265391813e-13 -6.153034814541817427e-12 -2.959361086821029156e-12 9.366993260277931675e-13 3.205128498525020684e-12 8.703953899748211669e-12 1.486310549802711314e-11 2.776757329305779268e-11 1.046548319195882760e-11 9.227638909461853080e-13 4.777797564788690923e-13 1.120060297032548064e-12 -7.579989741162046859e-13 -1.776815960352508861e-12 9.251542921256782000e-13 1.254401810824468548e-12 -5.758786732643838382e-13 -9.129838543217590094e-13
-5.879646314396720081e-12 1.938817596436628141e-11 -6.611561085746477594e-14 -4.723295109722347985e-12 -4.198001385880823110e-12 -2.196224292873227942e-13 9.486553089669740354e-12 6.683551060449168834e-14 -1.031412541155294966e-12 1.342182500239150387e-12 1.910673745086518606e-12 1.177623338577261477e-12 9.357618679410897711e-13 3.975122140054975272e-12 5.448927762652652595e-12 1.046548319195882760e-11 2.173318423909071569e-11 7.455678753430068472e-12 1.691443731584108310e-12 -2.080181313245510288e-14 -1.755424634244138003e-12 -9.187034840069672366e-13 -1.591829945924895586e-13 9.475611950952686454e-13 -4.588051501714753570e-13 -1.324803928007631144e-12
-8.512528799563398879e-13 -2.111785543954042479e-12 -1.186095910102778753e-11 -3.997516651246823110e-12 -1.111301682542767663e-12 -2.783649279325017779e-12 2.996821107739121174e-12 -4.117834868418853325e-12 2.668261163508861511e-12 1.110614473115600784e-12 3.544712914224437533e-12 5.960521264040628387e-13 2.084755086206815079e-12 2.214247961572684304e-12 5.392519449547722656e-13 9.227638909461853080e-13 7.455678753430068472e-12 1.783116745106348122e-11 7.522024365171756610e-12 1.194764183214882566e-12 4.853094339181567211e-14 7.607521419154989821e-13 4.472175064037654857e-13 5.280781718049686017e-13 -6.013595988072238791e-13 2.475821400531362414e-13
-1.921534472552757593e-11 -7.593176449973169676e-12 3.548620726538916108e-12 -2.253791758971507253e-12 -3.685277755162309538e-13 6.147929168448473039e-12 -2.032267706768823868e-12 -6.325714087913538052e-13 -1.983571493003339495e-12 1.727789714061394977e-12 3.741872598490846913e-12 -6.934874592578240441e-13 -9.104016828965383496e-13 -4.671608226518512065e-13 -1.549394051534356665e-12 4.777797564788690923e-13 1.691443731584108310e-12 7.522024365171756610e-12 1.494127077487687272e-11 4.837453987326928240e-12 1.791381483893382101e-12 2.419165293580772488e-13 -7.592670216274310146e-13 4.308071490381686612e-13 1.149568251401355962e-14 7.909536983824483740e-15
4.558304285211218433e-12 1.240469500677108500e-12 -3.740636523540761125e-13 -7.946809121308008221e-12 -2.006667583067857016e-12 7.032181863946135768e-12 -9.343353100849395278e-13 1.150657057629492080e-12 -4.053047763115037363e-12 -2.239411785802182580e-12 3.951715276830559326e-12 9.013106704749509787e-13 -3.127556804447242278e-13 1.790259026275363143e-13 3.886124748875764532e-13 1.120060297032548064e-12 -2.080181313245510288e-14 1.194764183214882566e-12 4.837453987326928240e-12 1.653421456019091835e-11 7.493751169362905816e-12 2.186344806624381925e-12 -1.691121295705595027e-13 5.008155422115131603e-13 1.556256444454005464e-12 -7.104394672616800825e-13
3.937239939720951690e-11 -1.351917082103841123e-12 -1.105766911584395353e-11 -1.001060817342674211e-12 -5.370978237198015658e-12 9.402637144084186800e-12 3.011154132025080260e-12 3.226073799484045666e-12 -2.097267934827679326e-14 -1.736423051839565399e-12 2.570525437708121293e-12 1.605122923860691389e-12 -7.325758972957351887e-13 -1.388388835737370445e-12 -7.389083725200392162e-13 -7.579989741162046859e-13 -1.755424634244138003e-12 4.853094339181567211e-14 1.791381483893382101e-12 7.493751169362905816e-12 1.588837691733522695e-11 6.227443782195528762e-12 2.097232540706943078e-12 3.294043707379119496e-13 1.875711971736275358e-13 -1.223010916988754742e-12
6.781572702640530652e-12 9.918745973734208905e-12 -4.037734983569498297e-12 7.511355200687518427e-12 -4.856403459376743081e-12 5.913721304523191521e-13 2.925733856725148517e-12 -1.873826625177807051e-12 1.068749786606713746e-12 -1.465410279609436569e-12 -9.238215425692104577e-13 2.512114709008497423e-14 1.458147832017164188e-13 -1.483953804119792958e-12 -2.544937225026564162e-12 -1.776815960352508861e-12 -9.187034840069672366e-13 7.607521419154989821e-13 2.419165293580772488e-13 2.186344806624381925e-12 6.227443782195528762e-12 1.062538230002398321e-11 3.787358365850934908e-12 3.474193700137712625e-13 1.736276964089199964e-13 -1.158618510011420578e-12
-3.067126423800395084e-12 -1.469795945936483058e-12 -7.911116465840397144e-12 7.251257152773360003e-12 7.200510777993307410e-14 6.196510259995724194e-13 1.410500665572932432e-12 -2.169774350311636044e-13 1.397377236466634593e-12 -9.357735172079835960e-14 8.786853767981708164e-13 6.962278041057657946e-13 1.231517957022388196e-12 -9.958022402436525102e-15 3.203895805942936372e-13 9.251542921256782000e-13 -1.591829945924895586e-13 4.472175064037654857e-13 -7.592670216274310146e-13 -1.691121295705595027e-13 2.097232540706943078e-12 3.787358365850934908e-12 7.281234138256587563e-12 2.636261689227429871e-12 4.072223316024363835e-13 2.144120841860661056e-13
7.550740800744472499e-12 2.558267208056573733e-12 -4.294012059493815805e-12 9.654990414407049227e-13 2.617434252579905361e-12 1.095623262433391156e-12 2.699339699721918999e-12 4.388320535035103489e-12 -2.013784075143056916e-13 2.264526152447067676e-12 2.607810922385626306e-12 -3.033966908750957739e-13 1.894471753727023713e-13 -1.321255305618463236e-12 -5.263098990553761476e-13 1.254401810824468548e-12 9.475611950952686454e-13 5.280781718049686017e-13 4.308071490381686612e-13 5.008155422115131603e-13 3.294043707379119496e-13 3.474193700137712625e-13 2.636261689227429871e-12 5.667157438641010829e-12 1.255112015228126318e-12 -5.104421654341198261e-13
-6.491743618589477920e-13 1.201680290194204954e-12 -3.418118764790269723e-12 -7.231039884789754223e-12 4.711806406206861137e-14 3.940107214818183629e-13 -5.622737353536141599e-13 -1.022293074760435526e-12 -1.978092648242538891e-12 -1.297224052540427884e-12 5.507620734231798428e-13 -1.334417210550259858e-13 1.501338065441783621e-13 -1.418995758457637907e-12 1.255263148765390371e-13 -5.758786732643838382e-13 -4.588051501714753570e-13 -6.013595988072238791e-13 1.149568251401355962e-14 1.556256444454005464e-12 1.875711971736275358e-13 1.736276964089199964e-13 4.072223316024363835e-13 1.255112015228126318e-12 3.965387066188507656e-12 6.230354455592492136e-13
-1.296572625410079129e-12 -9.649827709437584897e-13 3.916073486710623205e-12 -1.438355940972414970e-12 1.886981130068505932e-12 -2.547111806007216503e-12 1.794159093361601324e-12 -2.487539001273895250e-12 1.029793961307732503e-12 -4.696565681204040566e-13 -5.631933666376824994e-13 1.932662850234208128e-13 7.862273293870799534e-13 -8.937479968494797396e-13 -2.927958130480579261e-13 -9.129838543217590094e-13 -1.324803928007631144e-12 2.475821400531362414e-13 7.909536983824483740e-15 -7.104394672616800825e-13 -1.223010916988754742e-12 -1.158618510011420578e-12 2.144120841860661056e-13 -5.104421654341198261e-13 6.230354455592492136e-13 4.167141784297715030e-12
