2.927630008265903521e-09 -9.114290118622355489e-12 -6.678647823843195565e-12 4.865885441106290832e-11 2.252145884001123570e-11 7.475451684226136532e-11 6.572988967624697372e-12 -8.563216509281896180e-13 -1.927010507773283203e-11 -2.675198702321059315e-12 -1.429879809152603963e-11 -1.927430460455002187e-11 -1.215913773528091689e-11 -1.666008612941079939e-11 1.538777006067909073e-11 -2.993707069343928259e-11 -1.709239753814744729e-11 -1.041949312655427424e-11 -4.171215072901825333e-11 -4.219024682236732773e-12 1.295967792417108463e-11 1.226498389053346349e-11 -2.369661169797460153e-12 1.557950195928073173e-11 1.310744805622302913e-11 4.812003795746280110e-12
-9.114290118622355489e-12 1.857298133923173231e-09 -3.366789447503134117e-11 1.414713240871218922e-11 -9.441038020245609953e-11 -3.887332776751834184e-11 3.080810855622911920e-11 -9.046648438912767876e-12 -7.545327467195087930e-12 -3.169548050468329271e-11 -6.239553199018714018e-12 -4.202611141089636149e-12 -2.287967019220812958e-11 -9.445332858051544379e-12 2.294967899459037232e-11 2.862390685649670436e-11 4.177082567999025863e-11 2.020804668861622795e-11 1.637652692399073235e-12 -1.858863196895943932e-11 -2.834768289756607950e-12 1.718063397570384694e-13 -8.007442745223734975e-13 2.014203748131455324e-12 -3.580678054500681767e-12 -5.580389667592268063e-13
-6.678647823843195565e-12 -3.366789447503134117e-11 1.119632074454778199e-09 1.542280439828759415e-10 1.211182443222604792e-10 2.502410235395004846e-11 5.274910231381898351e-11 -4.069043239793192699e-11 3.798742125428423055e-12 4.620664532400606751e-11 1.781606635557383897e-11 -3.035491330809234008e-11 -1.281192565222575464e-11 5.812873761986070222e-12 1.264464831813341964e-13 1.032646332833565641e-13 -2.361690419334476861e-12 -9.724156464906920710e-12 -1.029499139997268036e-11 2.656175995847150448e-12 -4.447675231835925956e-12 -4.024357010465957544e-12 -7.789148630181900614e-12 -1.395422439419891936e-11 9.004820289433090960e-13 1.832308430847863397e-12
4.865885441106290832e-11 1.414713240871218922e-11 1.542280439828759415e-10 8.141992911650621605e-10 4.147870955191152555e-11 4.214617303017429389e-12 -1.961825797755941243e-11 -3.842045014915113621e-11 -1.161998960062505755e-11 1.982920880074575804e-11 3.317552655737101021e-12 -2.159826927140046722e-11 -7.968477197731315795e-12 6.499995130969851927e-12 3.049995829829433970e-12 6.755492314671594321e-12 -3.142703998186430554e-12 -5.060140324920169064e-12 1.110022507586657411e-11 1.590768177659050367e-11 1.542967942859313063e-11 9.699179923657192065e-12 -1.718907240346185321e-12 -1.622940223585500633e-12 -2.236443831311190868e-12 3.341631714365076952e-12
2.252145884001123570e-11 -9.441038020245609953e-11 1.211182443222604792e-10 4.147870955191152555e-11 5.446642560300263823e-10 3.935007896901718004e-11 8.529032169125471234e-12 -2.065210125784645509e-11 1.642160842283056076e-11 -1.647594078182680340e-11 1.100197195418825953e-11 -1.139467843854805276e-11 -1.016512114388389286e-11 -1.851760694570791586e-11 -7.148018041416150242e-12 -3.651514471497568063e-12 4.407088362151492631e-12 -6.744335107438448231e-12 -1.348161254365407613e-12 2.482153791963071217e-12 -2.444987383857555986e-12 -2.464194270491369947e-12 4.759801521600428689e-13 -8.223399003608736280e-12 -9.220706968979882159e-13 -1.927510174117905008e-12
7.475451684226136532e-11 -3.887332776751834184e-11 2.502410235395004846e-11 4.214617303017429389e-12 3.935007896901718004e-11 3.405478566272405436e-10 6.087284143134693762e-11 2.597142698264865398e-11 3.605729279540762545e-12 -1.555061069827550827e-12 -4.747430558229967681e-12 -1.037359877686059359e-11 -2.825987676821599968e-12 1.191228896728930802e-11 -5.468416386622449998e-12 -9.178834227028806655e-12 -1.454687701742841055e-11 -1.138011274854642479e-11 -4.015711148139801987e-12 1.067107478728670617e-11 1.187289911189142130e-14 1.032921662251802756e-12 -5.692601242428298171e-12 -2.435544818909798223e-14 9.910257471619364917e-13 5.781581773851678130e-13
6.572988967624697372e-12 3.080810855622911920e-11 5.274910231381898351e-11 -1.961825797755941243e-11 8.529032169125471234e-12 6.087284143134693762e-11 2.575876124222234647e-10 2.055169579209466009e-11 5.494753907369019688e-12 -1.061258446287525864e-11 9.220511583681890969e-12 8.781260576218919310e-12 7.962703191102548687e-12 3.832001134285377503e-12 -7.105071234149446408e-12 -4.643681548332455933e-12 -6.286128430889668430e-12 -7.079450682500390003e-12 -2.064997435171887969e-12 -1.164154203677622025e-12 -3.388201483549805540e-12 -1.525063331413931477e-12 -3.169982209762545782e-12 -3.249619126157840752e-12 -2.030878749849322681e-12 -2.533425288783525964e-12
-8.563216509281896180e-13 -9.046648438912767876e-12 -4.069043239793192699e-11 -3.842045014915113621e-11 -2.065210125784645509e-11 2.597142698264865398e-11 2.055169579209466009e-11 1.739929189824511791e-10 1.582244704681699831e-11 1.344938410201947678e-11 2.127137094930659264e-11 1.011198886088632750e-11 9.719650943286844721e-12 1.380988873236925990e-11 -1.092422593907831743e-12 -1.482458749239533050e-12 1.232790520862447767e-12 1.095444294318139270e-11 7.428903703036437146e-12 3.422566391372407628e-12 -1.414351059855924073e-13 2.052509444485779162e-12 1.992706174937871901e-12 3.704785578314318722e-12 1.200499934456348494e-12 -7.041411769798107906e-13
-1.927010507773283203e-11 -7.545327467195087930e-12 3.798742125428423055e-12 -1.161998960062505755e-11 1.642160842283056076e-11 3.605729279540762545e-12 5.494753907369019688e-12 1.582244704681699831e-11 1.236332490248672451e-10 2.998806541339456074e-11 3.168572089307738697e-12 4.883334418734724906e-12 6.887122889480584105e-12 4.279618116586476613e-12 -2.687579388016310239e-13 3.654156026678788882e-12 2.720054207999579196e-12 -2.365923558645543340e-13 -8.784327836116639739e-13 2.204748871121553296e-12 2.472283820833127475e-13 4.593080530294498105e-13 3.372021962109039956e-12 -1.688374093532598259e-12 -5.321624393456658459e-13 1.352295917234321451e-12
-2.675198702321059315e-12 -3.169548050468329271e-11 4.620664532400606751e-11 1.982920880074575804e-11 -1.647594078182680340e-11 -1.555061069827550827e-12 -1.061258446287525864e-11 1.344938410201947678e-11 2.998806541339456074e-11 8.689179361204275262e-11 1.695318845736205033e-11 1.233196832453792173e-11 8.705425227018228268e-12 8.892514688442173986e-12 4.818717980366675044e-12 6.193095656400227038e-12 4.112377616832762080e-12 1.408287294186732282e-12 8.166435597481976762e-13 2.334605132772973704e-12 2.647345649612814988e-13 2.314262384198050536e-12 1.156173288635045473e-12 4.215510834770157522e-13 -1.306372598758672211e-12 -1.055191398272529489e-12
-1.429879809152603963e-11 -6.239553199018714018e-12 1.781606635557383897e-11 3.317552655737101021e-12 1.100197195418825953e-11 -4.747430558229967681e-12 9.220511583681890969e-12 2.127137094930659264e-11 3.168572089307738697e-12 1.695318845736205033e-11 7.983913802192962986e-11 2.581398698896702322e-11 1.145049600341622063e-11 1.537189074417019126e-12 -1.086198849605142728e-12 5.003192146931123616e-13 5.259479357546883848e-12 4.568926135353582827e-12 4.395962489936941943e-12 1.392043933232584959e-12 -7.168489269446604281e-13 -1.279323737655027331e-13 -1.073696951789903751e-12 -2.441427241882530566e-12 -2.280618011124280798e-12 -1.484593891345757912e-13
-1.927430460455002187e-11 -4.202611141089636149e-12 -3.035491330809234008e-11 -2.159826927140046722e-11 -1.139467843854805276e-11 -1.037359877686059359e-11 8.781260576218919310e-12 1.011198886088632750e-11 4.883334418734724906e-12 1.233196832453792173e-11 2.581398698896702322e-11 5.374952045793785257e-11 2.296432984238670484e-11 1.267819476586774272e-11 6.573095860212455004e-12 6.016852599816805789e-12 9.575362783663776737e-12 5.966754502369939874e-12 2.970836159698773957e-12 2.585498405882143662e-12 -1.470918494655686127e-13 1.109095577768875256e-13 -1.789028366769721302e-12 -1.850750667443799567e-12 -2.133966812505884596e-12 -6.072499727190239630e-13
-1.215913773528091689e-11 -2.287967019220812958e-11 -1.281192565222575464e-11 -7.968477197731315795e-12 -1.016512114388389286e-11 -2.825987676821599968e-12 7.962703191102548687e-12 9.719650943286844721e-12 6.887122889480584105e-12 8.705425227018228268e-12 1.145049600341622063e-11 2.296432984238670484e-11 4.846414090995484971e-11 2.175977298939721426e-11 1.001726197253723452e-11 6.306914285624876753e-12 5.959239611514460081e-12 1.974771225385267424e-12 1.444467473105967393e-12 7.847386646302692526e-13 -2.924290016928421532e-12 1.369651351029320145e-12 3.693845630731791096e-13 -1.016541471058305325e-12 -1.012781280250143198e-12 -9.221027289947055806e-14
-1.666008612941079939e-11 -9.445332858051544379e-12 5.812873761986070222e-12 6.499995130969851927e-12 -1.851760694570791586e-11 1.191228896728930802e-11 3.832001134285377503e-12 1.380988873236925990e-11 4.279618116586476613e-12 8.892514688442173986e-12 1.537189074417019126e-12 1.267819476586774272e-11 2.175977298939721426e-11 3.846010579336710220e-11 1.491880784556119403e-11 8.858876550922522811e-12 7.150786002745294294e-12 8.748127343456313407e-12 4.910171089463704651e-12 2.991730144957812637e-12 -2.015891288297872390e-12 -2.479870696021978892e-13 -1.203708477535525324e-12 -1.735358843756150064e-12 1.303590501628253022e-13 3.502111375076358499e-13
1.538777006067909073e-11 2.294967899459037232e-11 1.264464831813341964e-13 3.049995829829433970e-12 -7.148018041416150242e-12 -5.468416386622449998e-12 -7.105071234149446408e-12 -1.092422593907831743e-12 -2.687579388016310239e-13 4.818717980366675044e-12 -1.086198849605142728e-12 6.573095860212455004e-12 1.001726197253723452e-11 1.491880784556119403e-11 2.919137086281473974e-11 1.657577822566633040e-11 9.763762948138408702e-12 7.580553860586507337e-12 3.597194284518618116e-12 5.055436869137851100e-13 8.749441702172182648e-13 1.229045693039107165e-12 -1.688583477143611594e-13 -5.445702904580956492e-13 3.431067895290627360e-13 4.125928933607227819e-13
-2.993707069343928259e-11 2.862390685649670436e-11 1.032646332833565641e-13 6.755492314671594321e-12 -3.651514471497568063e-12 -9.178834227028806655e-12 -4.643681548332455933e-12 -1.482458749239533050e-12 3.654156026678788882e-12 6.193095656400227038e-12 5.003192146931123616e-13 6.016852599816805789e-12 6.306914285624876753e-12 8.858876550922522811e-12 1.657577822566633040e-11 3.128298643372420458e-11 1.820093880155053219e-11 6.562450039641488810e-12 3.041589558982658316e-12 9.841310160680099952e-13 6.400045183582431246e-13 6.968899674335321135e-13 6.164940777324461154e-13 1.750650402285936035e-13 4.132707765367074129e-13 2.344257833238966698e-13
-1.709239753814744729e-11 4.177082567999025863e-11 -2.361690419334476861e-12 -3.142703998186430554e-12 4.407088362151492631e-12 -1.454687701742841055e-11 -6.286128430889668430e-12 1.232790520862447767e-12 2.720054207999579196e-12 4.112377616832762080e-12 5.259479357546883848e-12 9.575362783663776737e-12 5.959239611514460081e-12 7.150786002745294294e-12 9.763762948138408702e-12 1.820093880155053219e-11 3.216211139638309397e-11 1.346641636536435542e-11 5.493308229248794163e-12 1.366605830418283209e-12 1.227833025436691343e-12 -4.225212181134055041e-13 8.254899217028032561e-14 -4.974383060886403881e-13 5.687480948614118770e-14 1.233699383933073539e-12
-1.041949312655427424e-11 2.020804668861622795e-11 -9.724156464906920710e-12 -5.060140324920169064e-12 -6.744335107438448231e-12 -1.138011274854642479e-11 -7.079450682500390003e-12 1.095444294318139270e-11 -2.365923558645543340e-13 1.408287294186732282e-12 4.568926135353582827e-12 5.966754502369939874e-12 1.974771225385267424e-12 8.748127343456313407e-12 7.580553860586507337e-12 6.562450039641488810e-12 1.346641636536435542e-11 2.677509453188227654e-11 1.278352233125319156e-11 5.357797883780156308e-12 -4.191420720841012561e-13 2.040309244683113282e-13 -6.964169437314512199e-14 7.540644285575166586e-13 -2.030997030403361339e-13 2.373323059283498701e-14
-4.171215072901825333e-11 1.637652692399073235e-12 -1.029499139997268036e-11 1.110022507586657411e-11 -1.348161254365407613e-12 -4.015711148139801987e-12 -2.064997435171887969e-12 7.428903703036437146e-12 -8.784327836116639739e-13 8.166435597481976762e-13 4.395962489936941943e-12 2.970836159698773957e-12 1.444467473105967393e-12 4.910171089463704651e-12 3.597194284518618116e-12 3.041589558982658316e-12 5.493308229248794163e-12 1.278352233125319156e-11 1.847105387992449412e-11 8.169944379413312624e-12 6.639923202759884957e-13 3.072757762080919975e-13 8.003733387768730910e-13 2.199420886049061127e-13 4.673148384396311524e-14 8.793518292384951960e-13
-4.219024682236732773e-12 -1.858863196895943932e-11 2.656175995847150448e-12 1.590768177659050367e-11 2.482153791963071217e-12 1.067107478728670617e-11 -1.164154203677622025e-12 3.422566391372407628e-12 2.204748871121553296e-12 2.334605132772973704e-12 1.392043933232584959e-12 2.585498405882143662e-12 7.847386646302692526e-13 2.991730144957812637e-12 5.055436869137851100e-13 9.841310160680099952e-13 1.366605830418283209e-12 5.357797883780156308e-12 8.169944379413312624e-12 1.823567874882681049e-11 7.581754145158485271e-12 2.034802114424880568e-12 2.371544381955325877e-12 1.835229119803042665e-12 1.372635057322416510e-12 7.958391788460897510e-13
1.295967792417108463e-11 -2.834768289756607950e-12 -4.447675231835925956e-12 1.542967942859313063e-11 -2.444987383857555986e-12 1.187289911189142130e-14 -3.388201483549805540e-12 -1.414351059855924073e-13 2.472283820833127475e-13 2.647345649612814988e-13 -7.168489269446604281e-13 -1.470918494655686127e-13 -2.924290016928421532e-12 -2.015891288297872390e-12 8.749441702172182648e-13 6.400045183582431246e-13 1.227833025436691343e-12 -4.191420720841012561e-13 6.639923202759884957e-13 7.581754145158485271e-12 1.622004984010197744e-11 5.311412171103416209e-12 3.400953015750786370e-12 1.718549659368557733e-12 1.044610460541136136e-12 3.178374330459291361e-13
1.226498389053346349e-11 1.718063397570384694e-13 -4.024357010465957544e-12 9.699179923657192065e-12 -2.464194270491369947e-12 1.032921662251802756e-12 -1.525063331413931477e-12 2.052509444485779162e-12 4.593080530294498105e-13 2.314262384198050536e-12 -1.279323737655027331e-13 1.109095577768875256e-13 1.369651351029320145e-12 -2.479870696021978892e-13 1.229045693039107165e-12 6.968899674335321135e-13 -4.225212181134055041e-13 2.040309244683113282e-13 3.072757762080919975e-13 2.034802114424880568e-12 5.311412171103416209e-12 1.066855690395285316e-11 4.351229903484941579e-12 5.931514484613041921e-13 3.929086072864549267e-13 2.123246800616614715e-13
-2.369661169797460153e-12 -8.007442745223734975e-13 -7.789148630181900614e-12 -1.718907240346185321e-12 4.759801521600428689e-13 -5.692601242428298171e-12 -3.169982209762545782e-12 1.992706174937871901e-12 3.372021962109039956e-12 1.156173288635045473e-12 -1.073696951789903751e-12 -1.789028366769721302e-12 3.693845630731791096e-13 -1.203708477535525324e-12 -1.688583477143611594e-13 6.164940777324461154e-13 8.254899217028032561e-14 -6.964169437314512199e-14 8.003733387768730910e-13 2.371544381955325877e-12 3.400953015750786370e-12 4.351229903484941579e-12 8.884979847210821177e-12 2.390480362170411274e-12 2.371624896404614481e-13 1.397446381462767776e-14
1.557950195928073173e-11 2.014203748131455324e-12 -1.395422439419891936e-11 -1.622940223585500633e-12 -8.223399003608736280e-12 -2.435544818909798223e-14 -3.249619126157840752e-12 3.704785578314318722e-12 -1.688374093532598259e-12 4.215510834770157522e-13 -2.441427241882530566e-12 -1.850750667443799567e-12 -1.016541471058305325e-12 -1.735358843756150064e-12 -5.445702904580956492e-13 1.750650402285936035e-13 -4.974383060886403881e-13 7.540644285575166586e-13 2.199420886049061127e-13 1.835229119803042665e-12 1.718549659368557733e-12 5.931514484613041921e-13 2.390480362170411274e-12 6.199146728937044101e-12 1.438732167316425831e-12 1.980921131871986962e-13
1.310744805622302913e-11 -3.580678054500681767e-12 9.004820289433090960e-13 -2.236443831311190868e-12 -9.220706968979882159e-13 9.910257471619364917e-13 -2.030878749849322681e-12 1.200499934456348494e-12 -5.321624393456658459e-13 -1.306372598758672211e-12 -2.280618011124280798e-12 -2.133966812505884596e-12 -1.012781280250143198e-12 1.303590501628253022e-13 3.431067895290627360e-13 4.132707765367074129e-13 5.687480948614118770e-14 -2.030997030403361339e-13 4.673148384396311524e-14 1.372635057322416510e-12 1.044610460541136136e-12 3.929086072864549267e-13 2.371624896404614481e-13 1.438732167316425831e-12 4.455479641850753641e-12 1.188899083414628253e-12
4.812003795746280110e-12 -5.580389667592268063e-13 1.832308430847863397e-12 3.341631714365076952e-12 -1.927510174117905008e-12 5.781581773851678130e-13 -2.533425288783525964e-12 -7.041411769798107906e-13 1.352295917234321451e-12 -1.055191398272529489e-12 -1.484593891345757912e-13 -6.072499727190239630e-13 -9.221027289947055806e-14 3.502111375076358499e-13 4.125928933607227819e-13 2.344257833238966698e-13 1.233699383933073539e-12 2.373323059283498701e-14 8.793518292384951960e-13 7.958391788460897510e-13 3.178374330459291361e-13 2.123246800616614715e-13 1.397446381462767776e-14 1.980921131871986962e-13 1.188899083414628253e-12 3.596516057166899066e-12
