3.351100679604242744e-09 5.837852695876827547e-10 1.216970465482706044e-10 1.781483879272865591e-10 1.233413487405455281e-10 1.050882607501268769e-10 9.475735722265879418e-11 1.218888569289567251e-10 6.230648521812033751e-11 -3.103870928372074781e-11 2.128212462677108501e-11 7.789516417680030837e-12 4.062758684587193007e-11 7.383263464594534084e-11 1.170407493944745790e-10 9.119121667692366925e-11 7.852907456902601654e-11 6.811584692520340145e-11 3.653575379644397828e-11 1.221915641107614242e-11 7.648002227767647979e-12 -4.480513755611873018e-11 -3.666118633685104078e-11 2.310354307036125724e-12 3.442993644535835816e-11 1.932656906713714783e-11
5.837852695876827547e-10 2.656976227667123630e-09 1.565927753121558925e-10 2.768435152824229749e-10 2.112400920614514937e-10 1.977168185472105309e-10 1.918400689090442679e-10 1.642527400972986252e-10 1.543646956169981030e-10 5.991434904463500158e-11 8.574938593871822953e-11 7.590049528665485210e-11 -1.576407165820249303e-11 -2.751526145534699772e-11 -1.534010468656216774e-11 3.221112289546423572e-11 5.146728155545130166e-11 1.258578012613751368e-11 -3.057106689053068549e-12 -1.866381302086014193e-11 -1.227888210272872776e-11 -8.670171462965758461e-12 1.538957199259230658e-11 2.224758962474865615e-12 1.777365869436081500e-11 2.804331503035950116e-11
1.216970465482706044e-10 1.565927753121558925e-10 1.540829136957861770e-09 2.494906457672241967e-10 2.187225119074523168e-10 6.663688301027980565e-11 3.122761469949367615e-11 6.977303762230613121e-11 2.929512589791753954e-11 9.794331354752561667e-12 3.803403384349177268e-11 2.716448487755552419e-11 6.528310971965062049e-11 3.040475711933051553e-11 3.860205646692859129e-11 6.453340442654278775e-11 5.029422124783650310e-11 4.081888511760347009e-11 1.237968274311185660e-11 9.427537188783076307e-13 -9.329876912416048902e-12 -8.530460508844578081e-12 9.762472567950603620e-13 -1.200242387526918254e-11 -7.521500452527626932e-12 7.684687533639121401e-12
1.781483879272865591e-10 2.768435152824229749e-10 2.494906457672241967e-10 1.135800767287175427e-09 2.955338370710249564e-10 1.473134685135335944e-10 1.923067130635165257e-11 1.096779860332597985e-10 4.683410118572671138e-11 -4.709103899330929254e-12 1.423261217782286564e-11 2.491779251827883848e-11 3.768344529881553013e-11 6.438886540607482354e-12 1.277300156293719594e-11 4.267935428541041489e-11 3.432567458501649897e-11 2.871420207777708135e-11 1.849986147140741802e-11 -4.418157182394460939e-12 -1.394295519913809623e-11 -2.872460972120744047e-12 6.441951165971458821e-12 -4.712741137881989645e-12 -3.024462443197741241e-12 3.428279507631620962e-12
1.233413487405455281e-10 2.112400920614514937e-10 2.187225119074523168e-10 2.955338370710249564e-10 8.261890846040401961e-10 1.976207249311706471e-10 1.014939322817481322e-10 1.102309677466970241e-10 8.903922650178548193e-11 2.475634591316710389e-11 6.747893144960710007e-11 2.057128204835874920e-11 4.143006273744871524e-11 1.827598091786300769e-11 3.283083667058625188e-11 5.625203755547710018e-11 6.760756503720369812e-11 5.713283966333197703e-11 2.870270021093461016e-11 5.871225067837788205e-12 9.320980915286686114e-12 -4.421767321094066194e-12 -1.270925036826532164e-11 -4.412009129876626942e-12 1.380536511167238134e-11 1.029857118366026040e-11
1.050882607501268769e-10 1.977168185472105309e-10 6.663688301027980565e-11 1.473134685135335944e-10 1.976207249311706471e-10 5.784938637578295811e-10 1.159507874401292908e-10 9.863968291237645976e-11 9.472167930564603147e-11 4.561939209095713346e-11 4.316335092287882858e-11 6.173954424889627622e-12 3.981359286483018296e-13 -9.892705686694826204e-12 3.463352460112188457e-12 1.085588372419048393e-11 2.110216192483448968e-11 2.944545227818466960e-11 -2.598154134652301652e-12 -1.160167495525824641e-11 -6.335554809609456882e-12 -1.257440873460302529e-11 -7.261629973738277353e-12 -5.173651373481253844e-12 3.853614094030374560e-12 1.453354754372566845e-11
9.475735722265879418e-11 1.918400689090442679e-10 3.122761469949367615e-11 1.923067130635165257e-11 1.014939322817481322e-10 1.159507874401292908e-10 3.824828445644836831e-10 1.147323305747052907e-10 8.902091491473858923e-11 8.156667063896628770e-11 5.229602814602540302e-11 4.200863233223862869e-11 2.259062362823214705e-11 6.256607946648037534e-12 2.471954982868527130e-11 2.723333235172317108e-11 2.182055515662294203e-11 1.702168775464030538e-11 2.270294231646775913e-12 1.455462282959206374e-11 -2.981601408662080418e-12 -2.120790425816410843e-11 -1.917316753291940675e-11 -1.327122348442447025e-12 -1.523139451863553704e-12 2.996733031414768307e-12
1.218888569289567251e-10 1.642527400972986252e-10 6.977303762230613121e-11 1.096779860332597985e-10 1.102309677466970241e-10 9.863968291237645976e-11 1.147323305747052907e-10 2.777060677614650430e-10 8.042198425067667112e-11 4.670933576638626592e-11 3.792461383002545189e-11 3.373125429816020142e-11 2.630352518571800451e-11 1.654377133610516494e-11 2.722969185810112008e-11 2.997404645328702417e-11 4.230083653007308833e-11 3.221127064125578923e-11 1.607165524892753760e-11 7.304084492633272329e-12 -2.912523870706432403e-13 -2.975363797438818732e-12 -3.855137541738833595e-12 5.766704027527317435e-12 2.679337579587027886e-12 9.505536392701820844e-12
6.230648521812033751e-11 1.543646956169981030e-10 2.929512589791753954e-11 4.683410118572671138e-11 8.903922650178548193e-11 9.472167930564603147e-11 8.902091491473858923e-11 8.042198425067667112e-11 2.277769991619476889e-10 8.134653291299324399e-11 5.689636293324902492e-11 4.398986983019013157e-11 2.505910509715487254e-11 1.826032823826707693e-11 2.496704224818496772e-11 1.845382422396691103e-11 1.479964576614114751e-11 1.682448117392725266e-11 7.304082638020396793e-12 7.455440924872746780e-12 2.593355401527878866e-12 -7.032495465773155683e-12 -3.313381800515627955e-12 -3.565422354683969300e-12 -2.681877832206003935e-12 5.656101813696559910e-12
-3.103870928372074781e-11 5.991434904463500158e-11 9.794331354752561667e-12 -4.709103899330929254e-12 2.475634591316710389e-11 4.561939209095713346e-11 8.156667063896628770e-11 4.670933576638626592e-11 8.134653291299324399e-11 1.643949868610469472e-10 7.294762600894490209e-11 4.773142919481008532e-11 2.247271632885796825e-11 1.718154284991336206e-11 2.255375195403115325e-11 1.532089224530097258e-11 8.570951260507805236e-12 1.151721267356097582e-11 4.118987919770287917e-12 -3.184558360564319997e-12 -2.505048806507036714e-12 -5.017368767142921307e-12 -7.332120333732743484e-12 -8.769444964542202181e-12 -2.016681756072158945e-13 9.373831381795642384e-12
2.128212462677108501e-11 8.574938593871822953e-11 3.803403384349177268e-11 1.423261217782286564e-11 6.747893144960710007e-11 4.316335092287882858e-11 5.229602814602540302e-11 3.792461383002545189e-11 5.689636293324902492e-11 7.294762600894490209e-11 1.406095447319674854e-10 7.446721372708359268e-11 3.749721349791530162e-11 2.119606872706987392e-11 2.560715940362856444e-11 3.193998686243849470e-11 2.174636133555469355e-11 2.109758802108480840e-11 9.084183368881268774e-12 4.290235630854224577e-12 9.275352814426543695e-12 4.076032415969472289e-12 -1.429273032144463314e-12 -4.828169155154003189e-12 1.515122494705009437e-12 1.257021781364719538e-11
7.789516417680030837e-12 7.590049528665485210e-11 2.716448487755552419e-11 2.491779251827883848e-11 2.057128204835874920e-11 6.173954424889627622e-12 4.200863233223862869e-11 3.373125429816020142e-11 4.398986983019013157e-11 4.773142919481008532e-11 7.446721372708359268e-11 1.299791613074235878e-10 6.447436613717281962e-11 4.302421477103731174e-11 3.777003045435876263e-11 2.860072506409623061e-11 1.653389474430596438e-11 1.923384325784808106e-11 1.145513508040552391e-11 2.679520101877294007e-12 1.406308430022085192e-11 8.543117835457330000e-12 5.691002969964816695e-12 3.981055492250995276e-12 8.684102965672244937e-13 8.465309197032769803e-12
4.062758684587193007e-11 -1.576407165820249303e-11 6.528310971965062049e-11 3.768344529881553013e-11 4.143006273744871524e-11 3.981359286483018296e-13 2.259062362823214705e-11 2.630352518571800451e-11 2.505910509715487254e-11 2.247271632885796825e-11 3.749721349791530162e-11 6.447436613717281962e-11 9.471208073109858301e-11 5.028572730882482856e-11 4.021955045062701751e-11 2.385551660846039257e-11 1.563731767879066555e-11 1.821636707078157940e-11 1.352524272995895766e-11 3.034308464412539868e-12 1.920831789293228439e-12 2.373056298537534047e-12 5.291483347166436571e-12 7.019349030717893473e-12 1.988712925159031518e-12 5.844855292153478518e-12
7.383263464594534084e-11 -2.751526145534699772e-11 3.040475711933051553e-11 6.438886540607482354e-12 1.827598091786300769e-11 -9.892705686694826204e-12 6.256607946648037534e-12 1.654377133610516494e-11 1.826032823826707693e-11 1.718154284991336206e-11 2.119606872706987392e-11 4.302421477103731174e-11 5.028572730882482856e-11 8.010967045437394099e-11 5.561080262511155588e-11 3.092102769709147489e-11 1.461552068019377043e-11 1.237043808452113647e-11 9.505366488403267405e-12 1.030749010928413847e-12 1.170491774118491391e-13 -1.359835404680795528e-12 5.978367829242078699e-13 6.605488627417148142e-12 1.395851017595299220e-12 3.927175028310312783e-12
1.170407493944745790e-10 -1.534010468656216774e-11 3.860205646692859129e-11 1.277300156293719594e-11 3.283083667058625188e-11 3.463352460112188457e-12 2.471954982868527130e-11 2.722969185810112008e-11 2.496704224818496772e-11 2.255375195403115325e-11 2.560715940362856444e-11 3.777003045435876263e-11 4.021955045062701751e-11 5.561080262511155588e-11 9.004229829364776218e-11 6.492523346448985404e-11 4.252014667267868606e-11 3.020621457238263394e-11 1.838560310075701133e-11 6.251800407049380912e-12 7.236215904595563143e-12 -1.113349683008800567e-12 -3.959846004610710437e-12 -7.655936293244221335e-13 -1.125334146565969163e-12 5.660983732179646309e-12
9.119121667692366925e-11 3.221112289546423572e-11 6.453340442654278775e-11 4.267935428541041489e-11 5.625203755547710018e-11 1.085588372419048393e-11 2.723333235172317108e-11 2.997404645328702417e-11 1.845382422396691103e-11 1.532089224530097258e-11 3.193998686243849470e-11 2.860072506409623061e-11 2.385551660846039257e-11 3.092102769709147489e-11 6.492523346448985404e-11 9.199498724957123489e-11 6.336418349994397418e-11 4.439148446304752403e-11 2.494106009176435194e-11 1.074715751549605484e-11 1.710882340782207730e-11 4.182274821818944546e-12 -3.613686192860782202e-12 -4.787082529615096383e-12 -6.551741266902977218e-13 6.005143904405073033e-12
7.852907456902601654e-11 5.146728155545130166e-11 5.029422124783650310e-11 3.432567458501649897e-11 6.760756503720369812e-11 2.110216192483448968e-11 2.182055515662294203e-11 4.230083653007308833e-11 1.479964576614114751e-11 8.570951260507805236e-12 2.174636133555469355e-11 1.653389474430596438e-11 1.563731767879066555e-11 1.461552068019377043e-11 4.252014667267868606e-11 6.336418349994397418e-11 8.705870966299954816e-11 6.790479017033706938e-11 3.538030309861975421e-11 1.935259630179997332e-11 2.110125830184699043e-11 1.072753216785854353e-11 -3.989713347276372009e-12 -1.352723480358513371e-13 1.360408748782466820e-12 5.793796903714459830e-12
6.811584692520340145e-11 1.258578012613751368e-11 4.081888511760347009e-11 2.871420207777708135e-11 5.713283966333197703e-11 2.944545227818466960e-11 1.702168775464030538e-11 3.221127064125578923e-11 1.682448117392725266e-11 1.151721267356097582e-11 2.109758802108480840e-11 1.923384325784808106e-11 1.821636707078157940e-11 1.237043808452113647e-11 3.020621457238263394e-11 4.439148446304752403e-11 6.790479017033706938e-11 9.695026701303400540e-11 6.164012972962529313e-11 3.448242209737929068e-11 3.276066630474919799e-11 1.737347459892805442e-11 -4.313671876649318985e-12 2.947561472627354043e-12 2.912587999894896231e-12 4.660741274419975662e-12
3.653575379644397828e-11 -3.057106689053068549e-12 1.237968274311185660e-11 1.849986147140741802e-11 2.870270021093461016e-11 -2.598154134652301652e-12 2.270294231646775913e-12 1.607165524892753760e-11 7.304082638020396793e-12 4.118987919770287917e-12 9.084183368881268774e-12 1.145513508040552391e-11 1.352524272995895766e-11 9.505366488403267405e-12 1.838560310075701133e-11 2.494106009176435194e-11 3.538030309861975421e-11 6.164012972962529313e-11 7.921600831690351181e-11 5.383478187117870186e-11 3.740881434545520365e-11 2.510873374459701328e-11 9.818710102620416021e-12 8.778386144941737157e-12 2.964822838750682046e-12 -5.082460193786123993e-14
1.221915641107614242e-11 -1.866381302086014193e-11 9.427537188783076307e-13 -4.418157182394460939e-12 5.871225067837788205e-12 -1.160167495525824641e-11 1.455462282959206374e-11 7.304084492633272329e-12 7.455440924872746780e-12 -3.184558360564319997e-12 4.290235630854224577e-12 2.679520101877294007e-12 3.034308464412539868e-12 1.030749010928413847e-12 6.251800407049380912e-12 1.074715751549605484e-11 1.935259630179997332e-11 3.448242209737929068e-11 5.383478187117870186e-11 7.437227893310484531e-11 5.579086245063809939e-11 3.429281786736331113e-11 1.727196821610013453e-11 1.017741220332124770e-11 -2.425556896644366800e-12 -4.797021473474603153e-12
7.648002227767647979e-12 -1.227888210272872776e-11 -9.329876912416048902e-12 -1.394295519913809623e-11 9.320980915286686114e-12 -6.335554809609456882e-12 -2.981601408662080418e-12 -2.912523870706432403e-13 2.593355401527878866e-12 -2.505048806507036714e-12 9.275352814426543695e-12 1.406308430022085192e-11 1.920831789293228439e-12 1.170491774118491391e-13 7.236215904595563143e-12 1.710882340782207730e-11 2.110125830184699043e-11 3.276066630474919799e-11 3.740881434545520365e-11 5.579086245063809939e-11 8.227194493922915578e-11 4.955676395853344968e-11 2.304032279264874019e-11 1.283580805735449968e-11 4.624605171818719973e-12 -9.373881738120879508e-14
-4.480513755611873018e-11 -8.670171462965758461e-12 -8.530460508844578081e-12 -2.872460972120744047e-12 -4.421767321094066194e-12 -1.257440873460302529e-11 -2.120790425816410843e-11 -2.975363797438818732e-12 -7.032495465773155683e-12 -5.017368767142921307e-12 4.076032415969472289e-12 8.543117835457330000e-12 2.373056298537534047e-12 -1.359835404680795528e-12 -1.113349683008800567e-12 4.182274821818944546e-12 1.072753216785854353e-11 1.737347459892805442e-11 2.510873374459701328e-11 3.429281786736331113e-11 4.955676395853344968e-11 6.816108461579286792e-11 3.795420904670741439e-11 1.950302695068409917e-11 8.425348835875253271e-12 -2.167593796967702114e-13
-3.666118633685104078e-11 1.538957199259230658e-11 9.762472567950603620e-13 6.441951165971458821e-12 -1.270925036826532164e-11 -7.261629973738277353e-12 -1.917316753291940675e-11 -3.855137541738833595e-12 -3.313381800515627955e-12 -7.332120333732743484e-12 -1.429273032144463314e-12 5.691002969964816695e-12 5.291483347166436571e-12 5.978367829242078699e-13 -3.959846004610710437e-12 -3.613686192860782202e-12 -3.989713347276372009e-12 -4.313671876649318985e-12 9.818710102620416021e-12 1.727196821610013453e-11 2.304032279264874019e-11 3.795420904670741439e-11 6.035103853255738183e-11 3.088532715891117312e-11 5.783432785135185665e-12 2.996501879120686733e-13
2.310354307036125724e-12 2.224758962474865615e-12 -1.200242387526918254e-11 -4.712741137881989645e-12 -4.412009129876626942e-12 -5.173651373481253844e-12 -1.327122348442447025e-12 5.766704027527317435e-12 -3.565422354683969300e-12 -8.769444964542202181e-12 -4.828169155154003189e-12 3.981055492250995276e-12 7.019349030717893473e-12 6.605488627417148142e-12 -7.655936293244221335e-13 -4.787082529615096383e-12 -1.352723480358513371e-13 2.947561472627354043e-12 8.778386144941737157e-12 1.017741220332124770e-11 1.283580805735449968e-11 1.950302695068409917e-11 3.088532715891117312e-11 4.084690353245179385e-11 9.199077987645293857e-12 1.297578775905063131e-12
3.442993644535835816e-11 1.777365869436081500e-11 -7.521500452527626932e-12 -3.024462443197741241e-12 1.380536511167238134e-11 3.853614094030374560e-12 -1.523139451863553704e-12 2.679337579587027886e-12 -2.681877832206003935e-12 -2.016681756072158945e-13 1.515122494705009437e-12 8.684102965672244937e-13 1.988712925159031518e-12 1.395851017595299220e-12 -1.125334146565969163e-12 -6.551741266902977218e-13 1.360408748782466820e-12 2.912587999894896231e-12 2.964822838750682046e-12 -2.425556896644366800e-12 4.624605171818719973e-12 8.425348835875253271e-12 5.783432785135185665e-12 9.199077987645293857e-12 2.700707587192193019e-11 1.224801183841005163e-11
1.932656906713714783e-11 2.804331503035950116e-11 7.684687533639121401e-12 3.428279507631620962e-12 1.029857118366026040e-11 1.453354754372566845e-11 2.996733031414768307e-12 9.505536392701820844e-12 5.656101813696559910e-12 9.373831381795642384e-12 1.257021781364719538e-11 8.465309197032769803e-12 5.844855292153478518e-12 3.927175028310312783e-12 5.660983732179646309e-12 6.005143904405073033e-12 5.793796903714459830e-12 4.660741274419975662e-12 -5.082460193786123993e-14 -4.797021473474603153e-12 -9.373881738120879508e-14 -2.167593796967702114e-13 2.996501879120686733e-13 1.297578775905063131e-12 1.224801183841005163e-11 2.511181938624314104e-11
