3.247138655710343339e-09 1.371894898969785544e-10 1.895648842946169360e-10 -3.055890524068954783e-11 -1.134768307407024185e-10 -1.054577951577165244e-11 -9.627414176281098131e-11 -2.300457854586378319e-11 2.447625541478383954e-11 -6.038618838741073545e-12 1.005527971603831412e-11 -3.308808705531749638e-11 -1.288359905129946279e-12 -2.699836801753429862e-11 -1.760341505605552239e-11 -1.822288406098784914e-11 -1.232965669605798345e-11 -6.962634575787481603e-12 -4.624895900974278074e-12 1.685365006934411644e-12 1.415081833946151052e-11 -4.818038834100198897e-12 4.582252276647835756e-13 -2.718002904997853926e-12 1.427881850139156122e-11 1.416217849062813220e-12
1.371894898969785544e-10 1.864710684051306883e-09 1.897089969371458728e-10 6.609611677093137790e-11 -1.393048709340440047e-10 2.214191243706770756e-11 -5.378507496893967457e-11 1.427690819995331294e-11 1.428138807123909298e-11 3.804245754593894108e-11 -1.228885814943497298e-11 -1.685069461918738710e-11 -1.031161705936765156e-11 -7.063695712448325678e-13 -2.232811326813992878e-11 -3.242843097868849644e-11 -1.851702129960275028e-11 2.559006714237829059e-12 1.480989820706254714e-12 -3.457050574235595474e-12 6.957251143055478599e-12 -1.244315293688769654e-11 -5.726213179938626017e-13 -4.809652206345396452e-12 -7.655833748512323593e-12 1.463504823209059394e-12
1.895648842946169360e-10 1.897089969371458728e-10 1.301209850019974397e-09 1.712554694252008978e-11 5.523970804548370289e-11 8.272006173891277948e-11 -1.689166403844199781e-11 4.369432357803163512e-11 -1.470507019096417401e-11 -1.861133662029330618e-11 -9.725968838902444078e-12 -3.189651283420022991e-14 3.162536446753320077e-11 2.992881054002896486e-11 2.217797005916863297e-12 1.958167932715237347e-11 9.537930545627821606e-12 1.722043619267616215e-12 2.622167567273300786e-12 9.158244642540309358e-12 1.073832750085608237e-11 2.258454808656950667e-12 1.216577885386473204e-12 -1.926060354918804647e-12 -3.383543756549311636e-12 7.257996772729536770e-12
-3.055890524068954783e-11 6.609611677093137790e-11 1.712554694252008978e-11 6.993689667942156252e-10 -1.624277460101483681e-11 3.170771158798377354e-12 2.321080310367779827e-11 -9.934710607635630045e-12 1.194790747066285888e-11 2.128110257928557806e-11 1.979722128951351540e-11 1.024620681833885226e-11 1.125478338577772814e-11 -1.033124037404845278e-13 4.846031707884191101e-12 4.005129661010975667e-12 5.659654063729489218e-12 4.085061878173474215e-12 -2.135413958733232295e-12 -1.333606159442561343e-12 7.208643690398549491e-12 -3.235240058797407798e-12 1.662111375664505992e-12 3.616161808174751386e-12 -3.132713968342453359e-13 -3.097267860272462152e-12
-1.134768307407024185e-10 -1.393048709340440047e-10 5.523970804548370289e-11 -1.624277460101483681e-11 6.504627001843916673e-10 1.285812739872461761e-10 -9.321942204863739423e-12 2.675304758198141770e-11 -8.741105169752669260e-12 7.552075114489515859e-12 3.356751892027885385e-12 -1.665843957394756656e-11 -1.481278458888137106e-11 -1.953422296719081568e-11 1.310681780647277920e-11 6.321683433929626089e-12 9.707958623911669198e-12 8.847089408308509515e-12 1.241365970530191114e-12 2.640253666741146324e-12 5.611627679776568040e-12 1.402112620414872909e-12 -5.839798302249554879e-12 -7.385852545062387202e-13 -3.333064667359140638e-13 5.434444711087243277e-12
-1.054577951577165244e-11 2.214191243706770756e-11 8.272006173891277948e-11 3.170771158798377354e-12 1.285812739872461761e-10 4.150916536135134004e-10 3.652106439574137129e-11 3.725918033690605016e-11 6.132725470154882130e-12 1.482123870916972807e-11 -1.912560113528269740e-11 5.249246531241990616e-12 2.162376123705013719e-12 5.132295555873303556e-12 1.870076144572196647e-11 2.013607579910342100e-11 1.829359820192563294e-11 1.349503769116066245e-11 4.484108403602723210e-12 -7.473874053960276276e-13 2.189965951426105715e-12 2.473678833038514279e-12 6.251752230739264610e-12 -7.048084705928802784e-13 -2.985557611450338386e-12 -1.818177568992062404e-13
-9.627414176281098131e-11 -5.378507496893967457e-11 -1.689166403844199781e-11 2.321080310367779827e-11 -9.321942204863739423e-12 3.652106439574137129e-11 2.371782605357434851e-10 3.240113639745368216e-11 4.953225080514942667e-12 7.732242793750013304e-13 2.507808047865914893e-12 2.983632074790503450e-12 5.808853491962120625e-12 -3.768940077404919322e-12 2.521486509359764707e-12 4.549428485151726196e-12 2.482337402894253079e-12 4.117124945174039040e-12 -2.537321564857098038e-12 -1.335723025819015452e-12 -1.413014873421467004e-13 5.582086513471460322e-12 4.902942855083610249e-12 -1.670906074285831678e-12 7.846183778446107289e-13 2.813818186606451052e-13
-2.300457854586378319e-11 1.427690819995331294e-11 4.369432357803163512e-11 -9.934710607635630045e-12 2.675304758198141770e-11 3.725918033690605016e-11 3.240113639745368216e-11 1.990318585426832240e-10 2.647431077058080187e-11 9.927697641115490989e-12 -2.022539594933856410e-13 9.649812195328794873e-13 1.193401423043929492e-11 9.671008259659194208e-12 2.067393294575674705e-12 7.291674053385556628e-12 3.267287609782097906e-12 7.738109107845062838e-12 6.838101336176540584e-12 3.931172917591249177e-12 2.469986036028342085e-12 5.511706454392667638e-12 -1.956388178509374663e-14 7.490624683706320221e-13 3.737022220702894295e-12 1.987377609824737193e-13
2.447625541478383954e-11 1.428138807123909298e-11 -1.470507019096417401e-11 1.194790747066285888e-11 -8.741105169752669260e-12 6.132725470154882130e-12 4.953225080514942667e-12 2.647431077058080187e-11 1.309962780624452572e-10 2.265070447147806626e-11 1.347517420025506185e-11 4.416239198814472987e-12 1.179681639372859100e-11 -1.755712021486411565e-12 -8.568656210431474731e-13 6.600513999747974466e-13 2.583121655551981793e-13 -8.018799324392265684e-14 -4.914451982857900028e-13 1.731650395236753776e-12 3.209701172978973820e-12 4.499546595811729097e-12 4.520622737195529420e-12 3.968422394211827837e-12 1.694961664813919351e-13 -4.741362616758169079e-13
-6.038618838741073545e-12 3.804245754593894108e-11 -1.861133662029330618e-11 2.128110257928557806e-11 7.552075114489515859e-12 1.482123870916972807e-11 7.732242793750013304e-13 9.927697641115490989e-12 2.265070447147806626e-11 9.386383357376169119e-11 8.659759434072797990e-12 5.008409824990136398e-12 -2.009387491501155772e-12 1.459460972481460491e-12 -2.010481512063124435e-12 -2.308652381403124363e-12 -3.496088828506041809e-12 -5.403771760271201738e-12 -3.629497931877002148e-12 -3.176641274284643878e-12 1.870282522066537069e-12 7.466320685244259718e-13 5.622335463854268599e-13 -5.658463878368012397e-13 1.206902994660617659e-13 -2.639297707945607933e-13
1.005527971603831412e-11 -1.228885814943497298e-11 -9.725968838902444078e-12 1.979722128951351540e-11 3.356751892027885385e-12 -1.912560113528269740e-11 2.507808047865914893e-12 -2.022539594933856410e-13 1.347517420025506185e-11 8.659759434072797990e-12 6.341577607856949555e-11 1.450397620398080790e-11 6.836475536299088661e-12 1.883923516055957690e-12 4.841522469215551390e-12 -2.804525128343321439e-12 -1.694090029742503039e-12 8.530919517393317862e-13 -2.287293429723082551e-13 1.171693193592898948e-12 1.466985705480951381e-12 8.944262579892456032e-13 -2.447788984242269756e-12 -1.308553398714782923e-12 1.100304894811398908e-13 2.038860348958179709e-13
-3.308808705531749638e-11 -1.685069461918738710e-11 -3.189651283420022991e-14 1.024620681833885226e-11 -1.665843957394756656e-11 5.249246531241990616e-12 2.983632074790503450e-12 9.649812195328794873e-13 4.416239198814472987e-12 5.008409824990136398e-12 1.450397620398080790e-11 4.639378958101469693e-11 1.501332681303560993e-11 7.786967543598029680e-12 4.921710812239251610e-12 3.844369601323872154e-12 1.770341314921684191e-12 9.058250558990687889e-13 -9.115974352844464168e-13 1.224750887859068041e-13 -1.121110303684930117e-12 2.073998404932201054e-12 1.059300495048971862e-12 3.344048762871929025e-13 -1.048824461984761313e-12 -1.673575973641812775e-12
-1.288359905129946279e-12 -1.031161705936765156e-11 3.162536446753320077e-11 1.125478338577772814e-11 -1.481278458888137106e-11 2.162376123705013719e-12 5.808853491962120625e-12 1.193401423043929492e-11 1.179681639372859100e-11 -2.009387491501155772e-12 6.836475536299088661e-12 1.501332681303560993e-11 4.287297279190664520e-11 1.469123835183594895e-11 1.021022821444944820e-11 9.276607836940090364e-12 4.139971579900823268e-12 1.589856298067319497e-12 -5.003022766277132254e-13 2.271244706442109076e-12 4.007045860362438484e-13 1.362004822169876670e-12 -8.361518150547458706e-13 -3.756787815731040213e-13 -1.275815515211140140e-12 6.408744139686096974e-13
-2.699836801753429862e-11 -7.063695712448325678e-13 2.992881054002896486e-11 -1.033124037404845278e-13 -1.953422296719081568e-11 5.132295555873303556e-12 -3.768940077404919322e-12 9.671008259659194208e-12 -1.755712021486411565e-12 1.459460972481460491e-12 1.883923516055957690e-12 7.786967543598029680e-12 1.469123835183594895e-11 3.266231864209783954e-11 1.315777229873068297e-11 9.477596532248540429e-12 3.943166505589187958e-12 6.776952985697217637e-13 -1.643970779045312402e-12 -1.256776036640235779e-12 -2.025447744992379769e-12 1.878507754288455083e-13 1.268785687803988091e-12 -7.235294239400587391e-13 2.115746448286536223e-13 -2.708518153053298727e-13
-1.760341505605552239e-11 -2.232811326813992878e-11 2.217797005916863297e-12 4.846031707884191101e-12 1.310681780647277920e-11 1.870076144572196647e-11 2.521486509359764707e-12 2.067393294575674705e-12 -8.568656210431474731e-13 -2.010481512063124435e-12 4.841522469215551390e-12 4.921710812239251610e-12 1.021022821444944820e-11 1.315777229873068297e-11 2.829954349061613032e-11 1.191585752474145745e-11 5.587394713664086246e-12 9.111971300366592816e-13 -9.458186426038674768e-13 2.183448327966608337e-12 7.696538466518427422e-13 2.054682544673058782e-12 -5.675579118394064780e-13 -1.318849078855265531e-12 2.701995716760256126e-14 1.329970162989717660e-13
-1.822288406098784914e-11 -3.242843097868849644e-11 1.958167932715237347e-11 4.005129661010975667e-12 6.321683433929626089e-12 2.013607579910342100e-11 4.549428485151726196e-12 7.291674053385556628e-12 6.600513999747974466e-13 -2.308652381403124363e-12 -2.804525128343321439e-12 3.844369601323872154e-12 9.276607836940090364e-12 9.477596532248540429e-12 1.191585752474145745e-11 2.390293857982710649e-11 1.289079997376631257e-11 5.038721027257927965e-12 2.504476384023948547e-12 1.539068723063346322e-12 1.607884316663844719e-12 1.943408791525571995e-12 2.865098858845172165e-13 -3.865479862785023826e-13 4.294320949120783108e-13 6.482105535047150164e-13
-1.232965669605798345e-11 -1.851702129960275028e-11 9.537930545627821606e-12 5.659654063729489218e-12 9.707958623911669198e-12 1.829359820192563294e-11 2.482337402894253079e-12 3.267287609782097906e-12 2.583121655551981793e-13 -3.496088828506041809e-12 -1.694090029742503039e-12 1.770341314921684191e-12 4.139971579900823268e-12 3.943166505589187958e-12 5.587394713664086246e-12 1.289079997376631257e-11 2.197486249074746317e-11 9.717510341356121391e-12 6.839396390130758327e-12 3.618594728008779948e-12 2.780651700075992415e-12 2.662396689610670231e-12 1.952510851990388620e-12 3.506442888874253456e-13 -1.809955262978848804e-13 3.460559367780131123e-13
-6.962634575787481603e-12 2.559006714237829059e-12 1.722043619267616215e-12 4.085061878173474215e-12 8.847089408308509515e-12 1.349503769116066245e-11 4.117124945174039040e-12 7.738109107845062838e-12 -8.018799324392265684e-14 -5.403771760271201738e-12 8.530919517393317862e-13 9.058250558990687889e-13 1.589856298067319497e-12 6.776952985697217637e-13 9.111971300366592816e-13 5.038721027257927965e-12 9.717510341356121391e-12 1.715095141703555221e-11 8.359026797583107040e-12 2.366255759911811674e-12 3.067833288279304045e-12 1.388815840200972855e-12 8.305633062685269850e-13 3.246905561654961302e-13 8.352926380613647050e-13 -2.666652276838812861e-13
-4.624895900974278074e-12 1.480989820706254714e-12 2.622167567273300786e-12 -2.135413958733232295e-12 1.241365970530191114e-12 4.484108403602723210e-12 -2.537321564857098038e-12 6.838101336176540584e-12 -4.914451982857900028e-13 -3.629497931877002148e-12 -2.287293429723082551e-13 -9.115974352844464168e-13 -5.003022766277132254e-13 -1.643970779045312402e-12 -9.458186426038674768e-13 2.504476384023948547e-12 6.839396390130758327e-12 8.359026797583107040e-12 1.605593569714229160e-11 4.882035527867259942e-12 3.917811736993977145e-12 9.254857109016106663e-13 7.376787205202918305e-13 -6.630638344403872502e-13 1.703962521243233217e-13 2.936598058341899955e-15
1.685365006934411644e-12 -3.457050574235595474e-12 9.158244642540309358e-12 -1.333606159442561343e-12 2.640253666741146324e-12 -7.473874053960276276e-13 -1.335723025819015452e-12 3.931172917591249177e-12 1.731650395236753776e-12 -3.176641274284643878e-12 1.171693193592898948e-12 1.224750887859068041e-13 2.271244706442109076e-12 -1.256776036640235779e-12 2.183448327966608337e-12 1.539068723063346322e-12 3.618594728008779948e-12 2.366255759911811674e-12 4.882035527867259942e-12 1.323636147179636503e-11 7.022937296332474649e-12 3.393859604439583372e-12 1.048406305814437366e-12 1.317314862807003205e-13 -4.827058273701246715e-13 -7.403313521738521660e-13
1.415081833946151052e-11 6.957251143055478599e-12 1.073832750085608237e-11 7.208643690398549491e-12 5.611627679776568040e-12 2.189965951426105715e-12 -1.413014873421467004e-13 2.469986036028342085e-12 3.209701172978973820e-12 1.870282522066537069e-12 1.466985705480951381e-12 -1.121110303684930117e-12 4.007045860362438484e-13 -2.025447744992379769e-12 7.696538466518427422e-13 1.607884316663844719e-12 2.780651700075992415e-12 3.067833288279304045e-12 3.917811736993977145e-12 7.022937296332474649e-12 1.335262505276542412e-11 5.171121847828324281e-12 1.889082731789757590e-12 3.553944212163580343e-13 -5.476790704718018021e-13 -8.028906229883423726e-13
-4.818038834100198897e-12 -1.244315293688769654e-11 2.258454808656950667e-12 -3.235240058797407798e-12 1.402112620414872909e-12 2.473678833038514279e-12 5.582086513471460322e-12 5.511706454392667638e-12 4.499546595811729097e-12 7.466320685244259718e-13 8.944262579892456032e-13 2.073998404932201054e-12 1.362004822169876670e-12 1.878507754288455083e-13 2.054682544673058782e-12 1.943408791525571995e-12 2.662396689610670231e-12 1.388815840200972855e-12 9.254857109016106663e-13 3.393859604439583372e-12 5.171121847828324281e-12 1.002837482531675319e-11 3.440969688794516504e-12 8.803668351705570132e-13 -4.125172493965407653e-13 -5.158235768677364234e-13
4.582252276647835756e-13 -5.726213179938626017e-13 1.216577885386473204e-12 1.662111375664505992e-12 -5.839798302249554879e-12 6.251752230739264610e-12 4.902942855083610249e-12 -1.956388178509374663e-14 4.520622737195529420e-12 5.622335463854268599e-13 -2.447788984242269756e-12 1.059300495048971862e-12 -8.361518150547458706e-13 1.268785687803988091e-12 -5.675579118394064780e-13 2.865098858845172165e-13 1.952510851990388620e-12 8.305633062685269850e-13 7.376787205202918305e-13 1.048406305814437366e-12 1.889082731789757590e-12 3.440969688794516504e-12 7.872120345304876379e-12 2.680031961167654536e-12 -4.156373516705762865e-13 -1.218394739142040485e-12
-2.718002904997853926e-12 -4.809652206345396452e-12 -1.926060354918804647e-12 3.616161808174751386e-12 -7.385852545062387202e-13 -7.048084705928802784e-13 -1.670906074285831678e-12 7.490624683706320221e-13 3.968422394211827837e-12 -5.658463878368012397e-13 -1.308553398714782923e-12 3.344048762871929025e-13 -3.756787815731040213e-13 -7.235294239400587391e-13 -1.318849078855265531e-12 -3.865479862785023826e-13 3.506442888874253456e-13 3.246905561654961302e-13 -6.630638344403872502e-13 1.317314862807003205e-13 3.553944212163580343e-13 8.803668351705570132e-13 2.680031961167654536e-12 5.496219608714746755e-12 6.812644772929261045e-13 -9.509378293641317476e-13
1.427881850139156122e-11 -7.655833748512323593e-12 -3.383543756549311636e-12 -3.132713968342453359e-13 -3.333064667359140638e-13 -2.985557611450338386e-12 7.846183778446107289e-13 3.737022220702894295e-12 1.694961664813919351e-13 1.206902994660617659e-13 1.100304894811398908e-13 -1.048824461984761313e-12 -1.275815515211140140e-12 2.115746448286536223e-13 2.701995716760256126e-14 4.294320949120783108e-13 -1.809955262978848804e-13 8.352926380613647050e-13 1.703962521243233217e-13 -4.827058273701246715e-13 -5.476790704718018021e-13 -4.125172493965407653e-13 -4.156373516705762865e-13 6.812644772929261045e-13 4.261149931906102490e-12 8.473118611574935562e-13
1.416217849062813220e-12 1.463504823209059394e-12 7.257996772729536770e-12 -3.097267860272462152e-12 5.434444711087243277e-12 -1.818177568992062404e-13 2.813818186606451052e-13 1.987377609824737193e-13 -4.741362616758169079e-13 -2.639297707945607933e-13 2.038860348958179709e-13 -1.673575973641812775e-12 6.408744139686096974e-13 -2.708518153053298727e-13 1.329970162989717660e-13 6.482105535047150164e-13 3.460559367780131123e-13 -2.666652276838812861e-13 2.936598058341899955e-15 -7.403313521738521660e-13 -8.028906229883423726e-13 -5.158235768677364234e-13 -1.218394739142040485e-12 -9.509378293641317476e-13 8.473118611574935562e-13 2.843885246508313111e-12
