3.110351395108360482e-09 7.313350583584294263e-12 3.799061741178556707e-10 1.630036744835940528e-10 1.522710519015472003e-11 1.477497517242236118e-10 -2.814483535666353801e-11 1.280751494156484575e-11 -1.028681469350545984e-11 -1.238304103714771628e-12 -5.191857958515309762e-11 3.348369062988767678e-12 -2.347534423149345427e-11 -3.503078684516797862e-12 4.303541645065476473e-12 -6.007923477306293141e-12 -3.260162743420974576e-11 -2.173527641920370332e-11 -9.103209681411475470e-12 -4.054373924014462913e-11 -2.035641878592568861e-11 -1.617237513532843341e-11 -1.432911868023277876e-12 -1.629696735731246752e-11 -4.389848003586180130e-12 5.281701941921281090e-12
7.313350583584294263e-12 2.567745439226028921e-09 3.043493428509449260e-10 1.483667830752943848e-10 4.723010343740839947e-11 -1.234071512837251346e-11 -7.028478962899982865e-11 -7.929325868390072812e-11 -6.261198366671128802e-11 5.841551145053165437e-13 6.611577159479991819e-11 1.375108796626815197e-11 1.970878896568184785e-11 1.618102585016343784e-11 9.186960768838574265e-12 -1.509388955172055280e-11 1.521002232518937668e-11 -1.290940039882414997e-11 -1.381460656812742752e-11 -9.972140595039604964e-12 -3.723976050760873476e-12 -1.304780443766088253e-11 5.967030566632916036e-12 3.275955859669778151e-13 2.309082391213842896e-12 -6.932145876675154784e-12
3.799061741178556707e-10 3.043493428509449260e-10 1.279932747276568830e-09 6.346514763685477881e-11 8.013635976623442876e-11 9.173978022467941866e-11 1.115745770952739081e-10 8.936576339981513909e-11 -3.058603193772407728e-12 1.467438207172708856e-11 6.207613619088656457e-12 -1.224940820868966378e-11 -1.177772145849241985e-12 5.926400025590024826e-12 -2.992183488356876188e-12 3.634180653119525627e-12 -2.893165535152307263e-12 -2.653486943809163900e-11 -3.133460340092983314e-11 -1.990282396225211246e-11 6.520099006084891930e-13 -1.086019981382036727e-12 -1.700075137468470587e-12 -3.206932003497506121e-12 -2.343545694914480252e-12 -3.700930704806324935e-12
1.630036744835940528e-10 1.483667830752943848e-10 6.346514763685477881e-11 9.130959169491941218e-10 8.476584617072590502e-11 4.062611343399733481e-11 4.344701192623769704e-11 -2.193746668787608357e-11 -8.238435452680608407e-12 -5.049384626500885983e-12 -4.609330092347346163e-11 -1.665655411293239220e-11 1.588775073903175477e-11 5.184439960186907808e-12 -2.213575414492256551e-11 -6.453639694424102095e-13 4.848214920273826036e-12 -2.609214929371930207e-12 -2.190713566242263177e-11 -1.792875530486369129e-11 -1.014005725834693329e-11 -1.062675063569530687e-11 7.141076231119481306e-12 -6.503968537419952269e-12 4.994455307153852564e-13 -2.134393450751747767e-12
1.522710519015472003e-11 4.723010343740839947e-11 8.013635976623442876e-11 8.476584617072590502e-11 5.730363728883505854e-10 9.399726609209403426e-11 4.478276274074876001e-11 2.391364281411247095e-11 -1.299927874738347990e-11 -2.689773321507884236e-11 -1.099542696578134672e-11 -9.050186705856561466e-12 -1.945991988319512034e-11 -1.569816873848764196e-11 -1.118345281141495672e-11 7.734371404428736603e-12 -5.210235591238156515e-12 -8.048004006366744879e-12 -6.061090992826510547e-12 -4.195663508260155236e-12 -3.305471470552225404e-13 -5.295067670568004896e-12 -3.264089364462774097e-12 1.177545548163916950e-12 -1.958403671687860499e-12 -2.838643027485416256e-12
1.477497517242236118e-10 -1.234071512837251346e-11 9.173978022467941866e-11 4.062611343399733481e-11 9.399726609209403426e-11 4.341624423607915527e-10 6.720962999174058811e-11 2.848167060308381625e-11 2.980638589842152880e-11 -8.699547128152999419e-13 8.358269469549926045e-12 6.686057915840906858e-12 6.756805539054181911e-12 1.217146191991979254e-11 7.379248491311114332e-12 -5.333043528385723835e-12 -1.635053331612038789e-11 -7.710149170085671258e-12 2.230539164816689979e-12 -2.046893299260661863e-14 3.341893150726705847e-12 -2.651618209764477104e-12 -3.926127792217547438e-12 4.818760797383955298e-12 1.204546157691315976e-13 5.233626430385379514e-13
-2.814483535666353801e-11 -7.028478962899982865e-11 1.115745770952739081e-10 4.344701192623769704e-11 4.478276274074876001e-11 6.720962999174058811e-11 2.604332966094123806e-10 5.655262231376134454e-11 4.055664435063430216e-11 2.038873129633403372e-11 -2.040462079717098577e-13 -5.861782223354872019e-12 5.382606038442439787e-12 3.208425432878704166e-13 4.682778561377831295e-12 1.022310100580331793e-11 4.998695333138587459e-12 -1.178997241789935104e-12 -6.801847528424572495e-12 -1.168416011848441488e-11 -2.486096768570154488e-12 1.554960028887220263e-12 -5.821360089071127182e-12 7.767966126425317876e-13 6.223366978869909200e-13 -1.366635309225585796e-12
1.280751494156484575e-11 -7.929325868390072812e-11 8.936576339981513909e-11 -2.193746668787608357e-11 2.391364281411247095e-11 2.848167060308381625e-11 5.655262231376134454e-11 1.847337604854362584e-10 2.772851394442986351e-11 2.571078858878420369e-11 5.855647897285603987e-12 4.213524570961602285e-12 1.382164243712870946e-13 -7.942989409493244041e-12 -3.328381217960688040e-12 1.216543738206679341e-12 -6.251101970570862844e-12 -6.261477014885709637e-12 -1.294282208569100323e-11 -4.408048733369394510e-12 2.348927274292437268e-12 6.200275288146165805e-12 2.737695574924893987e-12 -2.753493502769356075e-12 6.845690066715733384e-13 5.330414882379565506e-13
-1.028681469350545984e-11 -6.261198366671128802e-11 -3.058603193772407728e-12 -8.238435452680608407e-12 -1.299927874738347990e-11 2.980638589842152880e-11 4.055664435063430216e-11 2.772851394442986351e-11 1.463910884667733208e-10 4.700043126773883755e-11 5.885857112787148877e-12 1.015094053149480837e-11 1.751034906171567351e-12 -1.671785802626060638e-12 -1.549599504548762311e-13 -2.450640569532060365e-12 -6.930454255978593733e-13 -5.210465668222240023e-12 -6.224831638690723239e-12 -7.862652273544749111e-13 1.230396380318449650e-12 4.699235436838206910e-12 -2.765342600315626247e-12 1.383098270121182974e-12 -8.018449388614626156e-13 5.753399926171471175e-13
-1.238304103714771628e-12 5.841551145053165437e-13 1.467438207172708856e-11 -5.049384626500885983e-12 -2.689773321507884236e-11 -8.699547128152999419e-13 2.038873129633403372e-11 2.571078858878420369e-11 4.700043126773883755e-11 1.107790765518317424e-10 2.304311723682568188e-11 1.166256854919621271e-11 2.746690124140224466e-12 -1.648414381887261424e-12 -3.022852924505125124e-13 -1.103024092507057752e-12 -9.976104873182453426e-13 -4.956983941099273678e-12 -3.226378149335328847e-12 1.345937892399252444e-13 9.949089966461439794e-13 2.235370380805970027e-12 -1.622619973530187689e-12 -3.811763711900672638e-13 6.570694937564128276e-13 2.197377631970710713e-12
-5.191857958515309762e-11 6.611577159479991819e-11 6.207613619088656457e-12 -4.609330092347346163e-11 -1.099542696578134672e-11 8.358269469549926045e-12 -2.040462079717098577e-13 5.855647897285603987e-12 5.885857112787148877e-12 2.304311723682568188e-11 7.389620315588626763e-11 2.200626606851649439e-11 1.285046011906458109e-11 2.509135292704806667e-12 4.363724580979339404e-12 -7.726616285975891172e-13 -2.527056145155220658e-12 -4.630182230042685712e-12 -1.190480589510721506e-12 -1.619716392427332573e-12 -3.594928989362450496e-13 1.614403750101922355e-12 2.982195758161335030e-12 2.035283459372548614e-12 -3.794285821676414446e-13 -8.569185178649798545e-13
3.348369062988767678e-12 1.375108796626815197e-11 -1.224940820868966378e-11 -1.665655411293239220e-11 -9.050186705856561466e-12 6.686057915840906858e-12 -5.861782223354872019e-12 4.213524570961602285e-12 1.015094053149480837e-11 1.166256854919621271e-11 2.200626606851649439e-11 5.766871046440925040e-11 2.577087761374598844e-11 1.409883381420692616e-11 9.812143292684472135e-12 3.774825655092043773e-12 -3.710769314305100207e-13 -4.316211277247549660e-12 -3.266809440011299710e-12 2.667460175622225740e-12 3.200650894776703614e-12 5.009643713818630677e-12 2.914606921246307775e-12 -2.532117005394398087e-13 -8.431634381089750513e-13 2.385976152708909167e-13
-2.347534423149345427e-11 1.970878896568184785e-11 -1.177772145849241985e-12 1.588775073903175477e-11 -1.945991988319512034e-11 6.756805539054181911e-12 5.382606038442439787e-12 1.382164243712870946e-13 1.751034906171567351e-12 2.746690124140224466e-12 1.285046011906458109e-11 2.577087761374598844e-11 5.482238474827859798e-11 2.473769539726349031e-11 9.889567397124151453e-12 1.826058908906194048e-12 1.224830870089351056e-12 1.848915600762320490e-12 -7.637959262604504687e-14 6.553533780932271170e-13 -1.833212303598089591e-12 5.749709343286277589e-13 6.813044403002821056e-13 1.128105099484193642e-12 -4.848680803117080245e-13 -5.358782659258091402e-13
-3.503078684516797862e-12 1.618102585016343784e-11 5.926400025590024826e-12 5.184439960186907808e-12 -1.569816873848764196e-11 1.217146191991979254e-11 3.208425432878704166e-13 -7.942989409493244041e-12 -1.671785802626060638e-12 -1.648414381887261424e-12 2.509135292704806667e-12 1.409883381420692616e-11 2.473769539726349031e-11 4.154382452213825514e-11 1.640338620605634772e-11 5.217521458403514237e-12 -1.153244040807321685e-12 -2.567556488059941507e-12 -3.935310701185661849e-13 -1.795811386534860507e-13 -5.172599358343027285e-13 -8.539952307224259268e-14 1.336267520950087716e-14 8.950713673210216865e-13 -9.327466518911601776e-13 -1.075025281467973014e-12
4.303541645065476473e-12 9.186960768838574265e-12 -2.992183488356876188e-12 -2.213575414492256551e-11 -1.118345281141495672e-11 7.379248491311114332e-12 4.682778561377831295e-12 -3.328381217960688040e-12 -1.549599504548762311e-13 -3.022852924505125124e-13 4.363724580979339404e-12 9.812143292684472135e-12 9.889567397124151453e-12 1.640338620605634772e-11 3.606123489700023094e-11 1.702450348071310950e-11 5.847540078085870365e-12 2.011495461785043591e-12 3.765864018757289497e-12 2.291186541878387823e-12 -9.479921350104451577e-13 2.602998004144264304e-12 2.041663514339686048e-12 -2.104040048814450827e-13 1.045624872037214088e-14 8.206805844014110398e-13
-6.007923477306293141e-12 -1.509388955172055280e-11 3.634180653119525627e-12 -6.453639694424102095e-13 7.734371404428736603e-12 -5.333043528385723835e-12 1.022310100580331793e-11 1.216543738206679341e-12 -2.450640569532060365e-12 -1.103024092507057752e-12 -7.726616285975891172e-13 3.774825655092043773e-12 1.826058908906194048e-12 5.217521458403514237e-12 1.702450348071310950e-11 3.472135147577896151e-11 1.857265840487811675e-11 1.160238935789866389e-11 4.907664968661467797e-12 -8.525186824486142249e-13 -1.837553484691080810e-12 -5.904263384710665653e-13 -6.251290780862180893e-13 -1.277449490621685000e-12 -1.461843746914947211e-12 1.047203082991298374e-12
-3.260162743420974576e-11 1.521002232518937668e-11 -2.893165535152307263e-12 4.848214920273826036e-12 -5.210235591238156515e-12 -1.635053331612038789e-11 4.998695333138587459e-12 -6.251101970570862844e-12 -6.930454255978593733e-13 -9.976104873182453426e-13 -2.527056145155220658e-12 -3.710769314305100207e-13 1.224830870089351056e-12 -1.153244040807321685e-12 5.847540078085870365e-12 1.857265840487811675e-11 3.814794881129174939e-11 2.218919194450959212e-11 9.231190559624802878e-12 2.355102177392411486e-12 -6.967778021944761650e-13 -7.221769488272357219e-13 -1.865775315400487283e-12 3.608929554162274185e-13 3.782923634213788818e-13 6.161406093514159481e-13
-2.173527641920370332e-11 -1.290940039882414997e-11 -2.653486943809163900e-11 -2.609214929371930207e-12 -8.048004006366744879e-12 -7.710149170085671258e-12 -1.178997241789935104e-12 -6.261477014885709637e-12 -5.210465668222240023e-12 -4.956983941099273678e-12 -4.630182230042685712e-12 -4.316211277247549660e-12 1.848915600762320490e-12 -2.567556488059941507e-12 2.011495461785043591e-12 1.160238935789866389e-11 2.218919194450959212e-11 3.452277979670702905e-11 1.717468006086046392e-11 4.296129637485397096e-12 1.498805630706786144e-12 -2.084806843333852497e-12 -1.559343115592206993e-12 4.815327114326617740e-13 -1.397874543086173400e-12 1.296289732323322349e-13
-9.103209681411475470e-12 -1.381460656812742752e-11 -3.133460340092983314e-11 -2.190713566242263177e-11 -6.061090992826510547e-12 2.230539164816689979e-12 -6.801847528424572495e-12 -1.294282208569100323e-11 -6.224831638690723239e-12 -3.226378149335328847e-12 -1.190480589510721506e-12 -3.266809440011299710e-12 -7.637959262604504687e-14 -3.935310701185661849e-13 3.765864018757289497e-12 4.907664968661467797e-12 9.231190559624802878e-12 1.717468006086046392e-11 2.865857952561975637e-11 1.229777109718435620e-11 5.649326959614388496e-12 1.170520367283685550e-13 3.986290146559865649e-13 1.104599390959282861e-12 -2.861267316158856985e-13 1.296531151284492935e-12
-4.054373924014462913e-11 -9.972140595039604964e-12 -1.990282396225211246e-11 -1.792875530486369129e-11 -4.195663508260155236e-12 -2.046893299260661863e-14 -1.168416011848441488e-11 -4.408048733369394510e-12 -7.862652273544749111e-13 1.345937892399252444e-13 -1.619716392427332573e-12 2.667460175622225740e-12 6.553533780932271170e-13 -1.795811386534860507e-13 2.291186541878387823e-12 -8.525186824486142249e-13 2.355102177392411486e-12 4.296129637485397096e-12 1.229777109718435620e-11 2.581761607104458928e-11 1.407411529993411830e-11 5.568767218056058594e-12 7.553732249512819550e-13 2.660841493848007628e-12 1.876604242149620112e-12 1.758540721399492327e-12
-2.035641878592568861e-11 -3.723976050760873476e-12 6.520099006084891930e-13 -1.014005725834693329e-11 -3.305471470552225404e-13 3.341893150726705847e-12 -2.486096768570154488e-12 2.348927274292437268e-12 1.230396380318449650e-12 9.949089966461439794e-13 -3.594928989362450496e-13 3.200650894776703614e-12 -1.833212303598089591e-12 -5.172599358343027285e-13 -9.479921350104451577e-13 -1.837553484691080810e-12 -6.967778021944761650e-13 1.498805630706786144e-12 5.649326959614388496e-12 1.407411529993411830e-11 2.559937334355593599e-11 1.114921521494409625e-11 3.533561083616837735e-12 1.061949265725571525e-12 1.312226187340310810e-15 1.310767424500190459e-12
-1.617237513532843341e-11 -1.304780443766088253e-11 -1.086019981382036727e-12 -1.062675063569530687e-11 -5.295067670568004896e-12 -2.651618209764477104e-12 1.554960028887220263e-12 6.200275288146165805e-12 4.699235436838206910e-12 2.235370380805970027e-12 1.614403750101922355e-12 5.009643713818630677e-12 5.749709343286277589e-13 -8.539952307224259268e-14 2.602998004144264304e-12 -5.904263384710665653e-13 -7.221769488272357219e-13 -2.084806843333852497e-12 1.170520367283685550e-13 5.568767218056058594e-12 1.114921521494409625e-11 1.990760433861318093e-11 9.742018106797442549e-12 1.450582943723271068e-12 -4.975852658617488420e-13 1.711541705384073641e-13
-1.432911868023277876e-12 5.967030566632916036e-12 -1.700075137468470587e-12 7.141076231119481306e-12 -3.264089364462774097e-12 -3.926127792217547438e-12 -5.821360089071127182e-12 2.737695574924893987e-12 -2.765342600315626247e-12 -1.622619973530187689e-12 2.982195758161335030e-12 2.914606921246307775e-12 6.813044403002821056e-13 1.336267520950087716e-14 2.041663514339686048e-12 -6.251290780862180893e-13 -1.865775315400487283e-12 -1.559343115592206993e-12 3.986290146559865649e-13 7.553732249512819550e-13 3.533561083616837735e-12 9.742018106797442549e-12 1.593962108974986837e-11 3.911430101099495177e-12 7.178638946898797894e-13 -1.039998559702320617e-14
-1.629696735731246752e-11 3.275955859669778151e-13 -3.206932003497506121e-12 -6.503968537419952269e-12 1.177545548163916950e-12 4.818760797383955298e-12 7.767966126425317876e-13 -2.753493502769356075e-12 1.383098270121182974e-12 -3.811763711900672638e-13 2.035283459372548614e-12 -2.532117005394398087e-13 1.128105099484193642e-12 8.950713673210216865e-13 -2.104040048814450827e-13 -1.277449490621685000e-12 3.608929554162274185e-13 4.815327114326617740e-13 1.104599390959282861e-12 2.660841493848007628e-12 1.061949265725571525e-12 1.450582943723271068e-12 3.911430101099495177e-12 8.584275985676030759e-12 2.946438932675701224e-12 8.165604578152218785e-13
-4.389848003586180130e-12 2.309082391213842896e-12 -2.343545694914480252e-12 4.994455307153852564e-13 -1.958403671687860499e-12 1.204546157691315976e-13 6.223366978869909200e-13 6.845690066715733384e-13 -8.018449388614626156e-13 6.570694937564128276e-13 -3.794285821676414446e-13 -8.431634381089750513e-13 -4.848680803117080245e-13 -9.327466518911601776e-13 1.045624872037214088e-14 -1.461843746914947211e-12 3.782923634213788818e-13 -1.397874543086173400e-12 -2.861267316158856985e-13 1.876604242149620112e-12 1.312226187340310810e-15 -4.975852658617488420e-13 7.178638946898797894e-13 2.946438932675701224e-12 7.488131903017120895e-12 2.208465141057893848e-12
5.281701941921281090e-12 -6.932145876675154784e-12 -3.700930704806324935e-12 -2.134393450751747767e-12 -2.838643027485416256e-12 5.233626430385379514e-13 -1.366635309225585796e-12 5.330414882379565506e-13 5.753399926171471175e-13 2.197377631970710713e-12 -8.569185178649798545e-13 2.385976152708909167e-13 -5.358782659258091402e-13 -1.075025281467973014e-12 8.206805844014110398e-13 1.047203082991298374e-12 6.161406093514159481e-13 1.296289732323322349e-13 1.296531151284492935e-12 1.758540721399492327e-12 1.310767424500190459e-12 1.711541705384073641e-13 -1.039998559702320617e-14 8.165604578152218785e-13 2.208465141057893848e-12 6.122887750664780470e-12
