3.140195285720075156e-09 3.817671355550099353e-10 1.524936930160774580e-10 4.387103781268003011e-11 1.627479316209873187e-10 4.317945964893909206e-11 5.772245155051782028e-12 -6.529878332972783932e-11 -7.403735476440262657e-11 5.323551578343436218e-11 1.739755024835673348e-11 3.033412920504742950e-11 -5.018139944109717775e-11 -7.742120275826732176e-12 -2.042757750771210682e-11 -1.754526861626431845e-11 2.950874933781518153e-12 6.230534121329655499e-12 -1.190542324468291072e-11 -5.923553775181535747e-12 2.240332729426241968e-11 8.657760340043120597e-12 -6.719869962666231093e-12 -2.779197395974957300e-11 -1.784152558707286834e-11 -2.414879706740155341e-12
3.817671355550099353e-10 2.161533882735224066e-09 1.794324088778216065e-10 1.318005204123048574e-10 -9.950342048550726818e-12 4.156185710569278533e-11 3.133246835162759573e-11 1.546757642757003903e-11 -2.893228667311167571e-11 1.523238571903609588e-12 1.868402239059776348e-11 2.264510559168053982e-11 1.512969073414447394e-11 4.395939603276930562e-11 -1.065511415144127840e-12 6.357770308990740028e-12 1.586734024515476680e-12 7.948401768430616952e-12 1.467605219252523764e-11 2.784213366347272999e-11 6.568516971685914443e-12 7.429139117655447475e-12 6.499406945285326101e-12 -4.708856521604554831e-14 6.537223683655413748e-13 -5.442480146537389376e-12
1.524936930160774580e-10 1.794324088778216065e-10 1.254881880899340760e-09 2.006186295380073480e-10 1.017413324187515342e-10 4.672706159361599445e-11 1.390691308806950489e-11 3.745088128424156188e-11 5.252881468522867643e-11 7.520844374163601445e-11 2.548137975010038175e-11 2.075198741250735176e-11 5.452298941659831417e-12 3.378150508232100230e-12 -2.476038240276812895e-11 -9.718391032638826294e-12 1.328727235824886068e-11 2.292566076531086061e-11 -9.837725910938433647e-12 -1.151816875796707940e-11 -3.094541256590977215e-13 5.828339096321118334e-12 6.984067687952227905e-12 -7.158271413124221226e-12 -1.866217985914308244e-11 -3.183720577636549767e-12
4.387103781268003011e-11 1.318005204123048574e-10 2.006186295380073480e-10 9.474116136747150007e-10 5.018496079486975709e-11 1.731946963318854977e-11 5.169910576445990773e-11 1.321924093140751415e-13 1.809956249206698603e-11 -4.880214814245398161e-12 -1.205626213907827292e-11 1.066791729598045163e-11 -6.937590896123130729e-12 1.511028652759624513e-11 3.373004497462372690e-12 -3.254818970606175997e-12 2.345669519160872450e-12 8.379261944283732730e-12 -5.299244098963149791e-13 -9.099611736652349929e-13 1.867812270984999800e-11 6.873060604448603730e-12 -7.714210493147890654e-13 2.155962048656105353e-12 1.624506937379202712e-12 -5.809905279553019316e-12
1.627479316209873187e-10 -9.950342048550726818e-12 1.017413324187515342e-10 5.018496079486975709e-11 6.299765548451558094e-10 9.845304508010112025e-11 -1.041761365048035744e-12 1.426222196764041103e-11 -1.192869542166762539e-11 3.446021219802307983e-11 -5.845593316040680200e-12 1.321022261934058749e-11 3.629304782803201265e-12 1.213419559611974868e-11 1.088130953570826777e-11 1.055905649231922093e-11 8.168570788446795704e-12 8.188743873421040567e-12 1.420596936049558904e-11 2.788118204895204185e-12 5.573261893715088885e-12 4.532983101488467194e-12 2.988491465188092591e-12 1.701619025667438037e-12 5.709647408948513097e-12 -5.848045032210825278e-12
4.317945964893909206e-11 4.156185710569278533e-11 4.672706159361599445e-11 1.731946963318854977e-11 9.845304508010112025e-11 4.704986129051954062e-10 8.544058552345580141e-11 2.349770168879361324e-11 6.722335440606923502e-12 3.045298147870116654e-12 6.165209997297809087e-12 3.495162161556163353e-12 -6.156241134221837874e-12 -4.086402128748160990e-12 4.379781191662979114e-12 4.974137620107549279e-13 5.638129392050615574e-13 -6.770871604735293484e-12 -4.252370371625965621e-12 9.334594828454957391e-13 1.171556892940985587e-12 -2.445503073213263410e-12 -3.726820446601040874e-12 -4.908716000730415246e-12 3.131582261496240121e-12 2.047188334734700612e-12
5.772245155051782028e-12 3.133246835162759573e-11 1.390691308806950489e-11 5.169910576445990773e-11 -1.041761365048035744e-12 8.544058552345580141e-11 3.406216741176309566e-10 2.442218419279026677e-11 1.258078308990009222e-11 2.331599704886114791e-11 3.525032317446534184e-11 1.224664441211823932e-11 8.303327984872931295e-12 -5.340729581232720856e-12 -4.600178766876993078e-12 1.116859172425980619e-12 -7.887328402152455182e-12 4.022528721249870869e-13 3.514062772963480180e-12 -1.586358535088439017e-12 -4.420094100301831253e-14 -1.522726329398992758e-12 -5.888557702942566982e-13 -4.606542621552071473e-13 2.487792348878391545e-12 9.493056552698505870e-13
-6.529878332972783932e-11 1.546757642757003903e-11 3.745088128424156188e-11 1.321924093140751415e-13 1.426222196764041103e-11 2.349770168879361324e-11 2.442218419279026677e-11 1.980186681243613691e-10 3.048821675250228200e-11 2.369426332763031717e-11 2.060453371263580926e-11 1.581873861029852030e-11 -7.821025208015756469e-13 -4.431783377285071754e-12 -9.488364378214811069e-12 -5.879517607971597927e-12 -4.431079932914948064e-12 8.325936663716899059e-12 1.225995601353874489e-11 7.643085542093062673e-12 8.547169667087549764e-12 3.037273716311346718e-12 1.362107202878202748e-12 4.652352556843649637e-12 3.944373101026858152e-12 -4.102787819229536839e-13
-7.403735476440262657e-11 -2.893228667311167571e-11 5.252881468522867643e-11 1.809956249206698603e-11 -1.192869542166762539e-11 6.722335440606923502e-12 1.258078308990009222e-11 3.048821675250228200e-11 1.315974785661719335e-10 2.012861282893726563e-11 1.698158125031362014e-11 1.454133338345962836e-11 1.658701815151238139e-13 4.115051808756873388e-12 -3.490680228774106818e-12 -6.407939221428061867e-12 -6.089368320518741534e-12 3.338783609649084155e-12 1.322237624718230770e-12 -1.368012829140754832e-12 -2.025535613412618274e-12 -1.132520179291331436e-12 -1.525379870266055035e-13 7.412631048220986424e-13 -9.555331241980482500e-13 1.859625285378416256e-13
5.323551578343436218e-11 1.523238571903609588e-12 7.520844374163601445e-11 -4.880214814245398161e-12 3.446021219802307983e-11 3.045298147870116654e-12 2.331599704886114791e-11 2.369426332763031717e-11 2.012861282893726563e-11 1.062293149529759485e-10 2.894111439086246472e-11 1.592237577270069057e-11 8.114605573685214354e-12 5.667924878542588314e-12 -4.775551835292649990e-12 -3.142895083316605803e-12 -3.805728392702548484e-12 -1.861235815077440929e-12 1.974534548428277541e-12 2.576682853343336720e-12 1.034258697799808556e-12 3.260321343413407520e-12 8.213992849985576694e-13 -9.625670241217067607e-13 -2.353059369008907240e-13 -7.055991814945017193e-13
1.739755024835673348e-11 1.868402239059776348e-11 2.548137975010038175e-11 -1.205626213907827292e-11 -5.845593316040680200e-12 6.165209997297809087e-12 3.525032317446534184e-11 2.060453371263580926e-11 1.698158125031362014e-11 2.894111439086246472e-11 8.927579497083146294e-11 2.896321514976574217e-11 1.558010937394455508e-11 4.590854127444805739e-12 1.992133196527413943e-12 2.627944750730747957e-12 -3.338613837146090535e-12 -2.403420947429270901e-12 -1.993510412091142849e-12 2.427442106070189805e-12 5.872517138857590860e-12 3.181783932379664413e-12 3.788630901718145714e-12 1.503920077736873833e-12 -8.301152589042616217e-13 1.242154485213703361e-12
3.033412920504742950e-11 2.264510559168053982e-11 2.075198741250735176e-11 1.066791729598045163e-11 1.321022261934058749e-11 3.495162161556163353e-12 1.224664441211823932e-11 1.581873861029852030e-11 1.454133338345962836e-11 1.592237577270069057e-11 2.896321514976574217e-11 6.584477940783801626e-11 1.417988608018729105e-11 8.156848835967513477e-12 2.442555235163500852e-12 9.338146256617282135e-13 -4.152635614937027420e-12 -2.890618758870576787e-12 -2.365845554657572026e-12 -6.264370839457841769e-13 1.115693474248857856e-12 -2.653917951319265121e-12 -3.153185124827782683e-12 -1.873033357804447123e-12 1.706686534273935321e-13 -2.036529136362189151e-13
-5.018139944109717775e-11 1.512969073414447394e-11 5.452298941659831417e-12 -6.937590896123130729e-12 3.629304782803201265e-12 -6.156241134221837874e-12 8.303327984872931295e-12 -7.821025208015756469e-13 1.658701815151238139e-13 8.114605573685214354e-12 1.558010937394455508e-11 1.417988608018729105e-11 4.482489852306378640e-11 1.784606100912804405e-11 6.814217354061532037e-12 1.740052465662105545e-12 -3.840528327547440260e-12 -3.876153276620387518e-12 -8.358877623778086077e-13 1.779874330319659145e-12 -5.185149614394625843e-13 -2.438867204612162889e-12 -2.447749015960931136e-12 3.744130805892781045e-13 4.235353804885309608e-13 -1.290341562068559704e-12
-7.742120275826732176e-12 4.395939603276930562e-11 3.378150508232100230e-12 1.511028652759624513e-11 1.213419559611974868e-11 -4.086402128748160990e-12 -5.340729581232720856e-12 -4.431783377285071754e-12 4.115051808756873388e-12 5.667924878542588314e-12 4.590854127444805739e-12 8.156848835967513477e-12 1.784606100912804405e-11 4.203916650619159359e-11 1.666661808267814815e-11 8.460237720996994939e-12 6.616210380734557583e-12 4.181579871088718851e-12 1.548559378832722648e-12 2.632754252688745022e-12 8.186839209952138947e-13 1.957769896521194181e-12 1.418104900078520147e-12 1.036506910671667332e-12 -1.847097248269777774e-12 -2.019220425858811987e-12
-2.042757750771210682e-11 -1.065511415144127840e-12 -2.476038240276812895e-11 3.373004497462372690e-12 1.088130953570826777e-11 4.379781191662979114e-12 -4.600178766876993078e-12 -9.488364378214811069e-12 -3.490680228774106818e-12 -4.775551835292649990e-12 1.992133196527413943e-12 2.442555235163500852e-12 6.814217354061532037e-12 1.666661808267814815e-11 3.806498648626392453e-11 2.115435178260818598e-11 1.338932635453411033e-11 6.497800275718092329e-12 6.411123598200909943e-12 4.408424895027189190e-12 4.035693435920761666e-12 2.235171606907121058e-12 -1.670022224014289921e-14 6.640377986887486967e-13 -9.760300225298672837e-13 -2.049878021898707040e-12
-1.754526861626431845e-11 6.357770308990740028e-12 -9.718391032638826294e-12 -3.254818970606175997e-12 1.055905649231922093e-11 4.974137620107549279e-13 1.116859172425980619e-12 -5.879517607971597927e-12 -6.407939221428061867e-12 -3.142895083316605803e-12 2.627944750730747957e-12 9.338146256617282135e-13 1.740052465662105545e-12 8.460237720996994939e-12 2.115435178260818598e-11 3.457834915290166264e-11 2.002688535550368280e-11 8.477463926697854398e-12 5.495555390623813478e-12 2.666629398194782493e-12 2.163620994441675657e-12 1.366726848840097470e-12 -1.588400277713505551e-12 -4.049822375060657079e-13 1.021635782166441665e-13 -5.066170866669458710e-13
2.950874933781518153e-12 1.586734024515476680e-12 1.328727235824886068e-11 2.345669519160872450e-12 8.168570788446795704e-12 5.638129392050615574e-13 -7.887328402152455182e-12 -4.431079932914948064e-12 -6.089368320518741534e-12 -3.805728392702548484e-12 -3.338613837146090535e-12 -4.152635614937027420e-12 -3.840528327547440260e-12 6.616210380734557583e-12 1.338932635453411033e-11 2.002688535550368280e-11 3.146053787801815743e-11 1.717515525327686850e-11 9.154271166999578384e-12 4.404588524350893312e-12 2.569046687699104908e-12 1.584514699783244921e-12 5.715978611275138830e-13 8.580485987895851190e-13 -3.097646062803627571e-13 1.022915951751726535e-12
6.230534121329655499e-12 7.948401768430616952e-12 2.292566076531086061e-11 8.379261944283732730e-12 8.188743873421040567e-12 -6.770871604735293484e-12 4.022528721249870869e-13 8.325936663716899059e-12 3.338783609649084155e-12 -1.861235815077440929e-12 -2.403420947429270901e-12 -2.890618758870576787e-12 -3.876153276620387518e-12 4.181579871088718851e-12 6.497800275718092329e-12 8.477463926697854398e-12 1.717515525327686850e-11 2.657689339653075625e-11 1.265318317418612963e-11 4.606217843446992093e-12 2.703208284575558249e-12 2.166335340519370361e-12 6.697061650576725312e-13 3.085412422413569614e-14 -1.702039788226539191e-12 5.130591735052818718e-13
-1.190542324468291072e-11 1.467605219252523764e-11 -9.837725910938433647e-12 -5.299244098963149791e-13 1.420596936049558904e-11 -4.252370371625965621e-12 3.514062772963480180e-12 1.225995601353874489e-11 1.322237624718230770e-12 1.974534548428277541e-12 -1.993510412091142849e-12 -2.365845554657572026e-12 -8.358877623778086077e-13 1.548559378832722648e-12 6.411123598200909943e-12 5.495555390623813478e-12 9.154271166999578384e-12 1.265318317418612963e-11 2.546331709278035200e-11 1.430152993871148670e-11 6.735384006651678596e-12 3.114167614719900412e-12 1.697824728539610683e-12 1.293916077313947654e-12 1.257187794095298182e-12 -1.317612999527254761e-12
-5.923553775181535747e-12 2.784213366347272999e-11 -1.151816875796707940e-11 -9.099611736652349929e-13 2.788118204895204185e-12 9.334594828454957391e-13 -1.586358535088439017e-12 7.643085542093062673e-12 -1.368012829140754832e-12 2.576682853343336720e-12 2.427442106070189805e-12 -6.264370839457841769e-13 1.779874330319659145e-12 2.632754252688745022e-12 4.408424895027189190e-12 2.666629398194782493e-12 4.404588524350893312e-12 4.606217843446992093e-12 1.430152993871148670e-11 2.360460749370972290e-11 1.378604370934804626e-11 5.486755671257745108e-12 2.119465354113233343e-12 1.094972343302176683e-12 1.010447216592638505e-13 -1.419248213247041850e-12
2.240332729426241968e-11 6.568516971685914443e-12 -3.094541256590977215e-13 1.867812270984999800e-11 5.573261893715088885e-12 1.171556892940985587e-12 -4.420094100301831253e-14 8.547169667087549764e-12 -2.025535613412618274e-12 1.034258697799808556e-12 5.872517138857590860e-12 1.115693474248857856e-12 -5.185149614394625843e-13 8.186839209952138947e-13 4.035693435920761666e-12 2.163620994441675657e-12 2.569046687699104908e-12 2.703208284575558249e-12 6.735384006651678596e-12 1.378604370934804626e-11 2.475507097108129568e-11 1.357844732276303325e-11 3.811726170569327985e-12 1.171899287425845033e-12 -1.081404729462848944e-12 -2.401370440753650867e-12
8.657760340043120597e-12 7.429139117655447475e-12 5.828339096321118334e-12 6.873060604448603730e-12 4.532983101488467194e-12 -2.445503073213263410e-12 -1.522726329398992758e-12 3.037273716311346718e-12 -1.132520179291331436e-12 3.260321343413407520e-12 3.181783932379664413e-12 -2.653917951319265121e-12 -2.438867204612162889e-12 1.957769896521194181e-12 2.235171606907121058e-12 1.366726848840097470e-12 1.584514699783244921e-12 2.166335340519370361e-12 3.114167614719900412e-12 5.486755671257745108e-12 1.357844732276303325e-11 2.074286669198694122e-11 6.990631617548850948e-12 2.137240065912080369e-12 -1.432328843035182014e-12 -2.589512521694315846e-12
-6.719869962666231093e-12 6.499406945285326101e-12 6.984067687952227905e-12 -7.714210493147890654e-13 2.988491465188092591e-12 -3.726820446601040874e-12 -5.888557702942566982e-13 1.362107202878202748e-12 -1.525379870266055035e-13 8.213992849985576694e-13 3.788630901718145714e-12 -3.153185124827782683e-12 -2.447749015960931136e-12 1.418104900078520147e-12 -1.670022224014289921e-14 -1.588400277713505551e-12 5.715978611275138830e-13 6.697061650576725312e-13 1.697824728539610683e-12 2.119465354113233343e-12 3.811726170569327985e-12 6.990631617548850948e-12 1.153131622675800520e-11 5.083853826776362468e-12 -7.384332702252102659e-13 -4.205970604910590163e-13
-2.779197395974957300e-11 -4.708856521604554831e-14 -7.158271413124221226e-12 2.155962048656105353e-12 1.701619025667438037e-12 -4.908716000730415246e-12 -4.606542621552071473e-13 4.652352556843649637e-12 7.412631048220986424e-13 -9.625670241217067607e-13 1.503920077736873833e-12 -1.873033357804447123e-12 3.744130805892781045e-13 1.036506910671667332e-12 6.640377986887486967e-13 -4.049822375060657079e-13 8.580485987895851190e-13 3.085412422413569614e-14 1.293916077313947654e-12 1.094972343302176683e-12 1.171899287425845033e-12 2.137240065912080369e-12 5.083853826776362468e-12 8.913844774677913562e-12 2.104477345569222014e-12 6.552138309181900908e-13
-1.784152558707286834e-11 6.537223683655413748e-13 -1.866217985914308244e-11 1.624506937379202712e-12 5.709647408948513097e-12 3.131582261496240121e-12 2.487792348878391545e-12 3.944373101026858152e-12 -9.555331241980482500e-13 -2.353059369008907240e-13 -8.301152589042616217e-13 1.706686534273935321e-13 4.235353804885309608e-13 -1.847097248269777774e-12 -9.760300225298672837e-13 1.021635782166441665e-13 -3.097646062803627571e-13 -1.702039788226539191e-12 1.257187794095298182e-12 1.010447216592638505e-13 -1.081404729462848944e-12 -1.432328843035182014e-12 -7.384332702252102659e-13 2.104477345569222014e-12 8.201299725010993711e-12 1.774463797304021955e-12
-2.414879706740155341e-12 -5.442480146537389376e-12 -3.183720577636549767e-12 -5.809905279553019316e-12 -5.848045032210825278e-12 2.047188334734700612e-12 9.493056552698505870e-13 -4.102787819229536839e-13 1.859625285378416256e-13 -7.055991814945017193e-13 1.242154485213703361e-12 -2.036529136362189151e-13 -1.290341562068559704e-12 -2.019220425858811987e-12 -2.049878021898707040e-12 -5.066170866669458710e-13 1.022915951751726535e-12 5.130591735052818718e-13 -1.317612999527254761e-12 -1.419248213247041850e-12 -2.401370440753650867e-12 -2.589512521694315846e-12 -4.205970604910590163e-13 6.552138309181900908e-13 1.774463797304021955e-12 5.804004807152818419e-12
