7.848931292056171924e-09 6.146669467863576886e-10 -1.296390023018623327e-10 5.124760760788968039e-11 1.354419898993170991e-10 -1.963892717340487665e-10 4.134167518932212626e-10 -1.514530637779396576e-10 -5.167545581758654162e-11 -2.360537011519142648e-11 -1.771759897427684923e-11 -1.276310088685407707e-10 -9.609574209865811013e-11 -2.680381676699537416e-11 -1.147574537686957925e-11 -8.364309509736441001e-11 -5.452527709544204946e-11 -1.943334122526342468e-11 -1.780756483672099102e-11 -1.998187652775121411e-11
6.146669467863576886e-10 5.046454929420844449e-09 3.226647282296797665e-10 8.033872791369897338e-11 1.488778051394806942e-10 1.774180098843113156e-10 1.687206622307946815e-10 1.545648768368928998e-11 -5.666957352622625168e-11 6.661255294201694960e-11 1.860269251024257282e-11 -9.396142397206727958e-12 7.193007339430243267e-11 3.559295689638301147e-11 -4.832232120472551796e-11 -9.897063268329936749e-11 -8.422820076556245299e-12 5.546199656375344862e-12 -7.623483823722313655e-12 8.915654156627234000e-12
-1.296390023018623327e-10 3.226647282296797665e-10 3.342502499895304533e-09 3.361877186770187861e-10 2.251069055203409908e-10 3.487587893646126691e-10 1.990169669499141091e-12 -3.124949047357285438e-11 1.165563398663962073e-10 4.729535835217625240e-11 -3.113573885021905030e-11 -6.807488003552685480e-11 6.828654854016458063e-11 8.235881166108260894e-11 -3.094211794595513351e-11 -2.544941629359123312e-11 -3.256425035046008176e-11 8.268308407538417031e-12 2.775244892494435144e-11 2.737950803738917800e-11
5.124760760788968039e-11 8.033872791369897338e-11 3.361877186770187861e-10 2.393289160961247663e-09 9.688293389563391745e-11 1.141730075608613954e-12 5.038500874703034656e-11 6.102606141338368152e-11 -7.571234651793694326e-11 -8.199535970965211967e-11 -3.145607898557881569e-11 -7.885207447746812664e-11 -3.291900468261344392e-11 6.516578276437410795e-12 -6.917363438521247571e-11 -2.168500102640698614e-11 -3.662263323485591927e-12 1.121217196167709120e-12 1.987665202379560128e-11 -1.569483827366256044e-11
1.354419898993170991e-10 1.488778051394806942e-10 2.251069055203409908e-10 9.688293389563391745e-11 1.809418618936218433e-09 2.223184606765051959e-10 7.034938835663550035e-13 6.107405869273807238e-12 1.229535373905579168e-11 -6.267596886365309554e-11 4.077464233124115098e-11 1.587122061601725017e-11 7.334883975327701954e-11 2.515588021448358372e-11 4.368895856372833660e-11 -4.356465214374046722e-12 -2.559984042178147734e-11 1.941352862634429248e-11 -1.101060774514772741e-11 -1.315894871358693294e-11
-1.963892717340487665e-10 1.774180098843113156e-10 3.487587893646126691e-10 1.141730075608613954e-12 2.223184606765051959e-10 9.643855057623318760e-10 9.551658681825456184e-11 5.230198782365038630e-11 3.215211996191681394e-11 -3.799373300283399108e-11 -3.363529278797573078e-11 3.616506025193219004e-11 2.648231988358856230e-11 -5.204556251279115714e-12 9.157269624667441488e-12 7.261667549767335152e-12 1.734176314773910537e-11 4.312758868101510439e-12 8.796631924229584405e-12 1.621704332307600863e-11
4.134167518932212626e-10 1.687206622307946815e-10 1.990169669499141091e-12 5.038500874703034656e-11 7.034938835663550035e-13 9.551658681825456184e-11 8.254217152576804279e-10 1.488547179080606372e-10 5.773943733524087389e-11 1.301356132248792245e-11 -1.130615228932825813e-11 2.131619456590622039e-11 -1.782977115205750527e-11 7.374290699876449261e-12 7.391525608647352580e-12 -1.234810960063279615e-12 -7.864796609378046122e-12 2.332927029176357097e-12 -7.128745206608189149e-12 6.596707129176987470e-12
-1.514530637779396576e-10 1.545648768368928998e-11 -3.124949047357285438e-11 6.102606141338368152e-11 6.107405869273807238e-12 5.230198782365038630e-11 1.488547179080606372e-10 5.449494077099350918e-10 -5.025387090308181437e-12 3.733360186628821886e-11 -1.875990431507135246e-12 1.703098191816603300e-11 1.746267614812621202e-11 4.937262397316877720e-11 1.810464570246615574e-11 8.884590668071844369e-12 1.160232364320153610e-11 -1.479374019290902696e-12 -6.551297257409070673e-12 4.887569748776316137e-12
-5.167545581758654162e-11 -5.666957352622625168e-11 1.165563398663962073e-10 -7.571234651793694326e-11 1.229535373905579168e-11 3.215211996191681394e-11 5.773943733524087389e-11 -5.025387090308181437e-12 2.550939938187950878e-10 1.221838074331415590e-11 1.099432903225418768e-11 2.091360376736682479e-11 5.170337316155893973e-12 7.403832819186732965e-12 -1.503584426056201792e-11 2.261375758350120675e-12 -8.121947697202045449e-12 1.187520395970312180e-11 1.790119615597841385e-11 1.207404280676754074e-12
-2.360537011519142648e-11 6.661255294201694960e-11 4.729535835217625240e-11 -8.199535970965211967e-11 -6.267596886365309554e-11 -3.799373300283399108e-11 1.301356132248792245e-11 3.733360186628821886e-11 1.221838074331415590e-11 2.243775146122446624e-10 1.598432537633125608e-11 1.415189904082611158e-11 8.896913314487192568e-12 9.101132007649944381e-12 -1.436850102613599141e-11 6.892062708779352478e-12 3.122179836373170623e-12 -3.258723995877876643e-12 9.176560369437271815e-12 2.344625599445993524e-12
-1.771759897427684923e-11 1.860269251024257282e-11 -3.113573885021905030e-11 -3.145607898557881569e-11 4.077464233124115098e-11 -3.363529278797573078e-11 -1.130615228932825813e-11 -1.875990431507135246e-12 1.099432903225418768e-11 1.598432537633125608e-11 1.850583611765021795e-10 4.853042829398025556e-11 2.404073746121117239e-11 1.175784688332657639e-11 4.500702562930641478e-12 -6.602388409800582903e-12 -4.550533717901521430e-12 2.183299803160266232e-12 -1.032824841748638653e-11 7.339788998259408425e-12
-1.276310088685407707e-10 -9.396142397206727958e-12 -6.807488003552685480e-11 -7.885207447746812664e-11 1.587122061601725017e-11 3.616506025193219004e-11 2.131619456590622039e-11 1.703098191816603300e-11 2.091360376736682479e-11 1.415189904082611158e-11 4.853042829398025556e-11 1.422397729837191303e-10 5.992992757791220031e-11 2.988016638258294666e-11 9.255916621941903254e-12 8.982614767269293346e-12 5.208886568457230035e-12 3.489232701726719344e-12 -4.997565518174609569e-12 -6.199565845387560766e-13
-9.609574209865811013e-11 7.193007339430243267e-11 6.828654854016458063e-11 -3.291900468261344392e-11 7.334883975327701954e-11 2.648231988358856230e-11 -1.782977115205750527e-11 1.746267614812621202e-11 5.170337316155893973e-12 8.896913314487192568e-12 2.404073746121117239e-11 5.992992757791220031e-11 1.261984505711435378e-10 4.448852645302952358e-11 1.547038505423482571e-11 6.815873560219807326e-12 2.360564426837364758e-12 4.543805208698313716e-12 -3.844133810854200860e-12 2.369171037167372707e-12
-2.680381676699537416e-11 3.559295689638301147e-11 8.235881166108260894e-11 6.516578276437410795e-12 2.515588021448358372e-11 -5.204556251279115714e-12 7.374290699876449261e-12 4.937262397316877720e-11 7.403832819186732965e-12 9.101132007649944381e-12 1.175784688332657639e-11 2.988016638258294666e-11 4.448852645302952358e-11 8.808005656465439942e-11 2.770533351543062281e-11 1.603115306356350684e-11 4.404475370810197704e-12 6.881520460648540183e-12 -2.727791450282049667e-13 1.923138936635782472e-12
-1.147574537686957925e-11 -4.832232120472551796e-11 -3.094211794595513351e-11 -6.917363438521247571e-11 4.368895856372833660e-11 9.157269624667441488e-12 7.391525608647352580e-12 1.810464570246615574e-11 -1.503584426056201792e-11 -1.436850102613599141e-11 4.500702562930641478e-12 9.255916621941903254e-12 1.547038505423482571e-11 2.770533351543062281e-11 6.268272902554690661e-11 2.508676321317334871e-11 1.321351989208693173e-11 7.794462550394286209e-12 8.548238034885806759e-13 1.189743138067762284e-12
-8.364309509736441001e-11 -9.897063268329936749e-11 -2.544941629359123312e-11 -2.168500102640698614e-11 -4.356465214374046722e-12 7.261667549767335152e-12 -1.234810960063279615e-12 8.884590668071844369e-12 2.261375758350120675e-12 6.892062708779352478e-12 -6.602388409800582903e-12 8.982614767269293346e-12 6.815873560219807326e-12 1.603115306356350684e-11 2.508676321317334871e-11 4.084055340319349316e-11 1.411814006120944062e-11 8.790082259742407369e-12 3.806747627043536731e-12 -9.942836296270015178e-13
-5.452527709544204946e-11 -8.422820076556245299e-12 -3.256425035046008176e-11 -3.662263323485591927e-12 -2.559984042178147734e-11 1.734176314773910537e-11 -7.864796609378046122e-12 1.160232364320153610e-11 -8.121947697202045449e-12 3.122179836373170623e-12 -4.550533717901521430e-12 5.208886568457230035e-12 2.360564426837364758e-12 4.404475370810197704e-12 1.321351989208693173e-11 1.411814006120944062e-11 3.429087922164635590e-11 1.147735078975221713e-11 3.999672325142356440e-12 -7.130129456815262961e-13
-1.943334122526342468e-11 5.546199656375344862e-12 8.268308407538417031e-12 1.121217196167709120e-12 1.941352862634429248e-11 4.312758868101510439e-12 2.332927029176357097e-12 -1.479374019290902696e-12 1.187520395970312180e-11 -3.258723995877876643e-12 2.183299803160266232e-12 3.489232701726719344e-12 4.543805208698313716e-12 6.881520460648540183e-12 7.794462550394286209e-12 8.790082259742407369e-12 1.147735078975221713e-11 2.693225729378568796e-11 9.048712025480348871e-12 2.976435316712262888e-12
-1.780756483672099102e-11 -7.623483823722313655e-12 2.775244892494435144e-11 1.987665202379560128e-11 -1.101060774514772741e-11 8.796631924229584405e-12 -7.128745206608189149e-12 -6.551297257409070673e-12 1.790119615597841385e-11 9.176560369437271815e-12 -1.032824841748638653e-11 -4.997565518174609569e-12 -3.844133810854200860e-12 -2.727791450282049667e-13 8.548238034885806759e-13 3.806747627043536731e-12 3.999672325142356440e-12 9.048712025480348871e-12 1.747174910065186399e-11 4.318455430536854945e-12
-1.998187652775121411e-11 8.915654156627234000e-12 2.737950803738917800e-11 -1.569483827366256044e-11 -1.315894871358693294e-11 1.621704332307600863e-11 6.596707129176987470e-12 4.887569748776316137e-12 1.207404280676754074e-12 2.344625599445993524e-12 7.339788998259408425e-12 -6.199565845387560766e-13 2.369171037167372707e-12 1.923138936635782472e-12 1.189743138067762284e-12 -9.942836296270015178e-13 -7.130129456815262961e-13 2.976435316712262888e-12 4.318455430536854945e-12 1.215635758484690011e-11
