5.034054612826887741e-11 3.881680890882064475e-11 2.642323245102545282e-11 1.919368431071468486e-11 1.663952921934711458e-11 1.599678992275674807e-11 1.157363021314510874e-11 1.280848649579225590e-11 1.171151090697090523e-11 1.135327982131638759e-11 8.139764402641352646e-12 7.804861139217663338e-12 7.006662868394719257e-12 4.900864612692393020e-12 4.926907958837585228e-12 5.575434721303925696e-12 4.575152811966763305e-12 6.378907433697082838e-12 3.424865308977044886e-12 3.279340526214636716e-12
3.881680890882064475e-11 5.370932872730924329e-11 3.766118699791058951e-11 2.559255260013301040e-11 2.022519128492987482e-11 1.860582039284212687e-11 1.302585289410688858e-11 1.190102332646235113e-11 1.292144008236117313e-11 1.138027637800043690e-11 7.895156297597409017e-12 5.059194359857555850e-12 4.803814433213747210e-12 3.195941072504271314e-12 2.593055390548982914e-13 1.438967838370346718e-12 2.864710023523188804e-12 2.504663572694671459e-12 1.546800961258706320e-13 2.315923866301564474e-12
2.642323245102545282e-11 3.766118699791058951e-11 3.605646538898666319e-11 2.443444513453634836e-11 1.829065232862477971e-11 1.514980102316546336e-11 1.125435323059888653e-11 9.770724170971237202e-12 1.112391591472027977e-11 1.008205066174871303e-11 6.860253808843442604e-12 4.049845220995734396e-12 5.027595949094947470e-12 3.251616497835294016e-12 -2.392800335244252171e-14 -3.654952995712961999e-13 1.375103526458246196e-12 3.732337155301164467e-12 2.974430490864397358e-12 4.683448759870591039e-12
1.919368431071468486e-11 2.559255260013301040e-11 2.443444513453634836e-11 3.216226216763851256e-11 2.503950736653550189e-11 1.749865351996510184e-11 1.253031866858065830e-11 1.066037097364581355e-11 1.129999272672930726e-11 9.125379354268722163e-12 7.256955496820264851e-12 4.640443587527515081e-12 4.374929248115591072e-12 3.892907251161589627e-12 1.941075309399179951e-12 2.807260305573429540e-12 3.898213964137625431e-12 5.432690907872067926e-12 4.092909787676867667e-12 3.746774080822963496e-12
1.663952921934711458e-11 2.022519128492987482e-11 1.829065232862477971e-11 2.503950736653550189e-11 2.812264936688799884e-11 1.961396205122930523e-11 1.218357767905385864e-11 9.725940293901661650e-12 8.612563031586589142e-12 7.131871276057831436e-12 5.269059205677210054e-12 4.227903470242170385e-12 3.442801789528641119e-12 2.914304475445601924e-12 1.808452957747474713e-12 3.657924854499831231e-12 4.305996341927061283e-12 4.842754331776482300e-12 4.166822911400476103e-12 2.751924904438836407e-12
1.599678992275674807e-11 1.860582039284212687e-11 1.514980102316546336e-11 1.749865351996510184e-11 1.961396205122930523e-11 2.344052147099713732e-11 1.488213445820209098e-11 1.113678866950267709e-11 9.533539519673357840e-12 8.682389987230367915e-12 6.370936174929720876e-12 5.308916535759565120e-12 4.926957606181181514e-12 4.879779288933650239e-12 4.097088609951287573e-12 5.340800253416116348e-12 5.800106334442451990e-12 5.057336383141284723e-12 3.103568659701660415e-12 1.600299866968711668e-12
1.157363021314510874e-11 1.302585289410688858e-11 1.125435323059888653e-11 1.253031866858065830e-11 1.218357767905385864e-11 1.488213445820209098e-11 1.724366003795129496e-11 1.330096169596745703e-11 1.099780623556305624e-11 8.641849002003266457e-12 6.814957775624158867e-12 4.771918097181068478e-12 4.456460192577673114e-12 4.035576603409078394e-12 4.431412974667162492e-12 6.305126412685904160e-12 6.152429891292998938e-12 5.169985534355759784e-12 3.262306483097892255e-12 3.439042293897728244e-12
1.280848649579225590e-11 1.190102332646235113e-11 9.770724170971237202e-12 1.066037097364581355e-11 9.725940293901661650e-12 1.113678866950267709e-11 1.330096169596745703e-11 1.853716650177187970e-11 1.587114545840420317e-11 1.096311468690408302e-11 8.088692238224698689e-12 5.265421019679669398e-12 4.947237788241415722e-12 4.094716429374182880e-12 4.650592777484572138e-12 6.922525861211244551e-12 7.203396289954801104e-12 6.648864348494812893e-12 5.277318485533586009e-12 6.169990162618358862e-12
1.171151090697090523e-11 1.292144008236117313e-11 1.112391591472027977e-11 1.129999272672930726e-11 8.612563031586589142e-12 9.533539519673357840e-12 1.099780623556305624e-11 1.587114545840420317e-11 2.057350662492084968e-11 1.521189790692400118e-11 1.173159285627364445e-11 7.468403612925002843e-12 7.043981070854131850e-12 5.648286203177450932e-12 4.837421113077322829e-12 5.998158687116574331e-12 7.179707968218798331e-12 7.729679277176726007e-12 7.294918132204781413e-12 7.178072843715952060e-12
1.135327982131638759e-11 1.138027637800043690e-11 1.008205066174871303e-11 9.125379354268722163e-12 7.131871276057831436e-12 8.682389987230367915e-12 8.641849002003266457e-12 1.096311468690408302e-11 1.521189790692400118e-11 1.858239638512580221e-11 1.478789675193737712e-11 1.017004911850454220e-11 9.299829142234204934e-12 8.103613326151991923e-12 7.626459993187722358e-12 8.301257328460755038e-12 8.649945114372369279e-12 8.259720557410364749e-12 5.727482763740517803e-12 5.812264683747864711e-12
8.139764402641352646e-12 7.895156297597409017e-12 6.860253808843442604e-12 7.256955496820264851e-12 5.269059205677210054e-12 6.370936174929720876e-12 6.814957775624158867e-12 8.088692238224698689e-12 1.173159285627364445e-11 1.478789675193737712e-11 1.712797227018843242e-11 1.372929602796388245e-11 1.163245418015110426e-11 9.937558790167390927e-12 8.527431432363081742e-12 8.477013014484198047e-12 7.976871085163279331e-12 7.822560774375188826e-12 6.870996512638360610e-12 5.895411769786008003e-12
7.804861139217663338e-12 5.059194359857555850e-12 4.049845220995734396e-12 4.640443587527515081e-12 4.227903470242170385e-12 5.308916535759565120e-12 4.771918097181068478e-12 5.265421019679669398e-12 7.468403612925002843e-12 1.017004911850454220e-11 1.372929602796388245e-11 1.738281617981255968e-11 1.486506547450090798e-11 1.146712694958887759e-11 9.194336592803700160e-12 8.592385774718452729e-12 7.330127550942714265e-12 6.468465222562937571e-12 6.119753660933063187e-12 4.779000848348032488e-12
7.006662868394719257e-12 4.803814433213747210e-12 5.027595949094947470e-12 4.374929248115591072e-12 3.442801789528641119e-12 4.926957606181181514e-12 4.456460192577673114e-12 4.947237788241415722e-12 7.043981070854131850e-12 9.299829142234204934e-12 1.163245418015110426e-11 1.486506547450090798e-11 1.943701313036153914e-11 1.631478903855714858e-11 1.357001102667326565e-11 1.229227067343293225e-11 9.697183730354902142e-12 9.105490178040780463e-12 8.125378784922087142e-12 5.706787358078786928e-12
4.900864612692393020e-12 3.195941072504271314e-12 3.251616497835294016e-12 3.892907251161589627e-12 2.914304475445601924e-12 4.879779288933650239e-12 4.035576603409078394e-12 4.094716429374182880e-12 5.648286203177450932e-12 8.103613326151991923e-12 9.937558790167390927e-12 1.146712694958887759e-11 1.631478903855714858e-11 2.191826928583187565e-11 1.992636977126645398e-11 1.661836401269010955e-11 1.242937399495610452e-11 1.004179153597840999e-11 7.071719859491724253e-12 4.613881445978254076e-12
4.926907958837585228e-12 2.593055390548982914e-13 -2.392800335244252171e-14 1.941075309399179951e-12 1.808452957747474713e-12 4.097088609951287573e-12 4.431412974667162492e-12 4.650592777484572138e-12 4.837421113077322829e-12 7.626459993187722358e-12 8.527431432363081742e-12 9.194336592803700160e-12 1.357001102667326565e-11 1.992636977126645398e-11 2.864450544769968391e-11 2.683354642346839155e-11 1.950733124959254383e-11 1.440966040834164598e-11 9.942447742197123919e-12 5.606776076924474289e-12
5.575434721303925696e-12 1.438967838370346718e-12 -3.654952995712961999e-13 2.807260305573429540e-12 3.657924854499831231e-12 5.340800253416116348e-12 6.305126412685904160e-12 6.922525861211244551e-12 5.998158687116574331e-12 8.301257328460755038e-12 8.477013014484198047e-12 8.592385774718452729e-12 1.229227067343293225e-11 1.661836401269010955e-11 2.683354642346839155e-11 3.292853423452067362e-11 2.726061133361632812e-11 1.895240345389689580e-11 1.077719185428955661e-11 5.033071964669607507e-12
4.575152811966763305e-12 2.864710023523188804e-12 1.375103526458246196e-12 3.898213964137625431e-12 4.305996341927061283e-12 5.800106334442451990e-12 6.152429891292998938e-12 7.203396289954801104e-12 7.179707968218798331e-12 8.649945114372369279e-12 7.976871085163279331e-12 7.330127550942714265e-12 9.697183730354902142e-12 1.242937399495610452e-11 1.950733124959254383e-11 2.726061133361632812e-11 3.308845671897060850e-11 2.752761465149440389e-11 1.689474735224926379e-11 9.129334641105850823e-12
6.378907433697082838e-12 2.504663572694671459e-12 3.732337155301164467e-12 5.432690907872067926e-12 4.842754331776482300e-12 5.057336383141284723e-12 5.169985534355759784e-12 6.648864348494812893e-12 7.729679277176726007e-12 8.259720557410364749e-12 7.822560774375188826e-12 6.468465222562937571e-12 9.105490178040780463e-12 1.004179153597840999e-11 1.440966040834164598e-11 1.895240345389689580e-11 2.752761465149440389e-11 3.272601149987518082e-11 2.433019159351431175e-11 1.536825808788870935e-11
3.424865308977044886e-12 1.546800961258706320e-13 2.974430490864397358e-12 4.092909787676867667e-12 4.166822911400476103e-12 3.103568659701660415e-12 3.262306483097892255e-12 5.277318485533586009e-12 7.294918132204781413e-12 5.727482763740517803e-12 6.870996512638360610e-12 6.119753660933063187e-12 8.125378784922087142e-12 7.071719859491724253e-12 9.942447742197123919e-12 1.077719185428955661e-11 1.689474735224926379e-11 2.433019159351431175e-11 2.887720756400192220e-11 2.207295623995469273e-11
3.279340526214636716e-12 2.315923866301564474e-12 4.683448759870591039e-12 3.746774080822963496e-12 2.751924904438836407e-12 1.600299866968711668e-12 3.439042293897728244e-12 6.169990162618358862e-12 7.178072843715952060e-12 5.812264683747864711e-12 5.895411769786008003e-12 4.779000848348032488e-12 5.706787358078786928e-12 4.613881445978254076e-12 5.606776076924474289e-12 5.033071964669607507e-12 9.129334641105850823e-12 1.536825808788870935e-11 2.207295623995469273e-11 2.537501209979116611e-11
