4.151151488077488323e-07 3.714031813425654309e-07 3.462385554130753183e-07 3.306623004859726097e-07 3.368269946681834034e-07 3.220314538978208929e-07 3.132075742363923614e-07 3.118194616151143196e-07 3.034185242857214110e-07 2.937478671173100248e-07 2.759405215028987655e-07 2.653349920719864821e-07 2.554899313306175872e-07 2.473290304778992251e-07 2.394847671425135633e-07 2.434131016068293916e-07 2.564004907660574151e-07 2.667771463044986375e-07 2.730596734373053391e-07 2.785211093302032823e-07
3.714031813425654309e-07 4.088508468183110757e-07 3.522238294187226705e-07 3.336097046109667367e-07 3.366844921346798901e-07 3.235519180463608972e-07 3.171755920684256340e-07 3.174549619466807324e-07 3.093807683133925703e-07 3.022410254017376131e-07 2.814323773815724008e-07 2.722917914936496868e-07 2.624637687632052653e-07 2.530851969629878293e-07 2.463462323974463039e-07 2.485139102888210715e-07 2.591743842337869484e-07 2.705018309905443246e-07 2.790186506985359413e-07 2.895788588183041998e-07
3.462385554130753183e-07 3.522238294187226705e-07 3.617711064972399761e-07 3.214011657561175098e-07 3.265313045436935265e-07 3.158417510069698108e-07 3.063793971737562137e-07 3.073556253183783294e-07 2.999341909812756176e-07 2.913255623835797141e-07 2.746118198279843172e-07 2.634851660419515036e-07 2.560115512735334504e-07 2.465563358753806504e-07 2.390042793172609750e-07 2.399193972859320948e-07 2.475456535271824774e-07 2.567961184719945216e-07 2.622190177050462528e-07 2.704612046054400671e-07
3.306623004859726097e-07 3.336097046109667367e-07 3.214011657561175098e-07 3.244028022769904870e-07 3.190261942406846003e-07 3.049911967984886725e-07 2.974737497112834470e-07 2.964167194373422877e-07 2.884641868623231835e-07 2.815988443447696427e-07 2.653281125996233993e-07 2.546998461048441449e-07 2.465851350352721667e-07 2.421905705614791121e-07 2.374786099936618046e-07 2.399852271012516889e-07 2.488529365642762676e-07 2.583916007325812269e-07 2.633208451232497519e-07 2.703432093651531685e-07
3.368269946681834034e-07 3.366844921346798901e-07 3.265313045436935265e-07 3.190261942406846003e-07 3.381032061229590874e-07 3.171953350226969096e-07 3.086189776203135293e-07 3.080954384583826073e-07 3.002194493401117704e-07 2.928003312165863885e-07 2.757947977535797960e-07 2.649258630033970839e-07 2.556948071078862712e-07 2.475747342627913958e-07 2.403922696681868862e-07 2.406535201408375294e-07 2.472905966012832560e-07 2.557353040726757951e-07 2.613543335113125925e-07 2.692264812984262006e-07
3.220314538978208929e-07 3.235519180463608972e-07 3.158417510069698108e-07 3.049911967984886725e-07 3.171953350226969096e-07 3.159144174876784349e-07 3.024262109375879742e-07 3.008326073807123072e-07 2.946861829322006486e-07 2.876432992694109020e-07 2.710119829529684787e-07 2.613242779069585863e-07 2.544707061271498048e-07 2.471000675209990742e-07 2.398890002790313785e-07 2.414318254657049229e-07 2.493046611235274295e-07 2.607957582632562224e-07 2.710418589042212638e-07 2.843086229099892669e-07
3.132075742363923614e-07 3.171755920684256340e-07 3.063793971737562137e-07 2.974737497112834470e-07 3.086189776203135293e-07 3.024262109375879742e-07 3.023161876291954578e-07 2.982193059956267193e-07 2.916098361961438620e-07 2.843348428939560254e-07 2.682188202503301155e-07 2.585275935036972244e-07 2.513680801371711926e-07 2.435709466311932760e-07 2.348595578955508434e-07 2.354044474714634767e-07 2.432909226056443460e-07 2.537429104670413829e-07 2.626775039594769566e-07 2.765498275334156427e-07
3.118194616151143196e-07 3.174549619466807324e-07 3.073556253183783294e-07 2.964167194373422877e-07 3.080954384583826073e-07 3.008326073807123072e-07 2.982193059956267193e-07 3.065085254807264084e-07 2.985849770328399629e-07 2.923729544119175606e-07 2.764271225962463275e-07 2.671859356643933443e-07 2.604579330126574355e-07 2.531873238886725407e-07 2.442083772057166451e-07 2.455609308609316150e-07 2.531117150265793599e-07 2.637932219191840535e-07 2.733897764662403619e-07 2.894662639249408215e-07
3.034185242857214110e-07 3.093807683133925703e-07 2.999341909812756176e-07 2.884641868623231835e-07 3.002194493401117704e-07 2.946861829322006486e-07 2.916098361961438620e-07 2.985849770328399629e-07 2.984337683844077609e-07 2.920686249915700990e-07 2.774965263628622850e-07 2.686624817275918503e-07 2.630661626236610284e-07 2.569664710353554869e-07 2.490768906438072428e-07 2.495902894912238832e-07 2.572438434007247858e-07 2.690573685612485141e-07 2.798362735659644689e-07 2.963820457461728343e-07
2.937478671173100248e-07 3.022410254017376131e-07 2.913255623835797141e-07 2.815988443447696427e-07 2.928003312165863885e-07 2.876432992694109020e-07 2.843348428939560254e-07 2.923729544119175606e-07 2.920686249915700990e-07 2.925867753649925345e-07 2.793528807959816246e-07 2.715612170198099287e-07 2.671319217739141688e-07 2.626604410913132842e-07 2.570317070657575674e-07 2.601622763721481266e-07 2.699224514413332506e-07 2.833589151456044863e-07 2.957363689742877694e-07 3.143679636654474512e-07
2.759405215028987655e-07 2.814323773815724008e-07 2.746118198279843172e-07 2.653281125996233993e-07 2.757947977535797960e-07 2.710119829529684787e-07 2.682188202503301155e-07 2.764271225962463275e-07 2.774965263628622850e-07 2.793528807959816246e-07 2.740074544199500734e-07 2.683445969945537161e-07 2.659526455841483132e-07 2.639290029289541501e-07 2.601615646957625282e-07 2.636471857071823162e-07 2.727055090176748504e-07 2.862969434152500584e-07 2.987071960578596548e-07 3.155088353827012449e-07
2.653349920719864821e-07 2.722917914936496868e-07 2.634851660419515036e-07 2.546998461048441449e-07 2.649258630033970839e-07 2.613242779069585863e-07 2.585275935036972244e-07 2.671859356643933443e-07 2.686624817275918503e-07 2.715612170198099287e-07 2.683445969945537161e-07 2.702467944767707503e-07 2.710970185781326714e-07 2.719722319034000907e-07 2.696393526911064137e-07 2.743787971164075026e-07 2.854262996002680070e-07 2.997020469686005724e-07 3.128331462081610530e-07 3.294867174848586758e-07
2.554899313306175872e-07 2.624637687632052653e-07 2.560115512735334504e-07 2.465851350352721667e-07 2.556948071078862712e-07 2.544707061271498048e-07 2.513680801371711926e-07 2.604579330126574355e-07 2.630661626236610284e-07 2.671319217739141688e-07 2.659526455841483132e-07 2.710970185781326714e-07 2.819994845377055063e-07 2.888680350450427612e-07 2.903213528499459490e-07 2.975346629561458408e-07 3.109357948700230026e-07 3.279649166944975851e-07 3.422676376932445450e-07 3.594387024770473125e-07
2.473290304778992251e-07 2.530851969629878293e-07 2.465563358753806504e-07 2.421905705614791121e-07 2.475747342627913958e-07 2.471000675209990742e-07 2.435709466311932760e-07 2.531873238886725407e-07 2.569664710353554869e-07 2.626604410913132842e-07 2.639290029289541501e-07 2.719722319034000907e-07 2.888680350450427612e-07 3.069221511700419358e-07 3.153204345535675631e-07 3.272832645031963183e-07 3.445458944992572925e-07 3.659914981232703374e-07 3.835074550852067536e-07 4.016802027326220092e-07
2.394847671425135633e-07 2.463462323974463039e-07 2.390042793172609750e-07 2.374786099936618046e-07 2.403922696681868862e-07 2.398890002790313785e-07 2.348595578955508434e-07 2.442083772057166451e-07 2.490768906438072428e-07 2.570317070657575674e-07 2.601615646957625282e-07 2.696393526911064137e-07 2.903213528499459490e-07 3.153204345535675631e-07 3.359822842046238322e-07 3.556023791664860548e-07 3.779065901507231523e-07 4.044014862411715472e-07 4.257978301578765959e-07 4.465445362313971361e-07
2.434131016068293916e-07 2.485139102888210715e-07 2.399193972859320948e-07 2.399852271012516889e-07 2.406535201408375294e-07 2.414318254657049229e-07 2.354044474714634767e-07 2.455609308609316150e-07 2.495902894912238832e-07 2.601622763721481266e-07 2.636471857071823162e-07 2.743787971164075026e-07 2.975346629561458408e-07 3.272832645031963183e-07 3.556023791664860548e-07 3.893580339421880450e-07 4.215441780440746346e-07 4.552317772848469311e-07 4.817529619790584145e-07 5.069638735901713724e-07
2.564004907660574151e-07 2.591743842337869484e-07 2.475456535271824774e-07 2.488529365642762676e-07 2.472905966012832560e-07 2.493046611235274295e-07 2.432909226056443460e-07 2.531117150265793599e-07 2.572438434007247858e-07 2.699224514413332506e-07 2.727055090176748504e-07 2.854262996002680070e-07 3.109357948700230026e-07 3.445458944992572925e-07 3.779065901507231523e-07 4.215441780440746346e-07 4.707260089535649744e-07 5.165077790023659757e-07 5.498679518921301643e-07 5.804145367968524761e-07
2.667771463044986375e-07 2.705018309905443246e-07 2.567961184719945216e-07 2.583916007325812269e-07 2.557353040726757951e-07 2.607957582632562224e-07 2.537429104670413829e-07 2.637932219191840535e-07 2.690573685612485141e-07 2.833589151456044863e-07 2.862969434152500584e-07 2.997020469686005724e-07 3.279649166944975851e-07 3.659914981232703374e-07 4.044014862411715472e-07 4.552317772848469311e-07 5.165077790023659757e-07 5.822495609126351275e-07 6.293435640584026112e-07 6.686507536978696251e-07
2.730596734373053391e-07 2.790186506985359413e-07 2.622190177050462528e-07 2.633208451232497519e-07 2.613543335113125925e-07 2.710418589042212638e-07 2.626775039594769566e-07 2.733897764662403619e-07 2.798362735659644689e-07 2.957363689742877694e-07 2.987071960578596548e-07 3.128331462081610530e-07 3.422676376932445450e-07 3.835074550852067536e-07 4.257978301578765959e-07 4.817529619790584145e-07 5.498679518921301643e-07 6.293435640584026112e-07 6.979899815319290701e-07 7.544566420845684997e-07
2.785211093302032823e-07 2.895788588183041998e-07 2.704612046054400671e-07 2.703432093651531685e-07 2.692264812984262006e-07 2.843086229099892669e-07 2.765498275334156427e-07 2.894662639249408215e-07 2.963820457461728343e-07 3.143679636654474512e-07 3.155088353827012449e-07 3.294867174848586758e-07 3.594387024770473125e-07 4.016802027326220092e-07 4.465445362313971361e-07 5.069638735901713724e-07 5.804145367968524761e-07 6.686507536978696251e-07 7.544566420845684997e-07 8.429572890034764202e-07
