6.824971897670597634e-12 6.625472346716307168e-14 4.620732881759203064e-13 1.317499199277336599e-13 3.584810169329130378e-14 -2.168315055943742000e-13 -3.121287788872222011e-13 -9.830296447039232518e-15 1.139153764687468627e-13 1.824385340272719459e-13 -1.102618100859046342e-13 -1.332571033588245302e-13 -4.324684016120722820e-14 -7.139363979167552977e-14 -9.206359220228409110e-14 -1.534754808667421314e-14 1.256125855821514436e-13 3.144803208206898215e-13 1.647689172344434284e-13 3.068176211464211968e-14
6.625472346716307168e-14 4.586358161547408232e-12 1.872758269735533798e-13 1.502946082916738220e-13 1.801937595546982095e-13 -1.741781318794282819e-13 2.285533625217173714e-13 3.563514283050441555e-14 -8.017566064238462314e-14 -5.305099036400299280e-14 9.737081429478761208e-14 1.360427866285272458e-13 1.117794412618898402e-13 1.898545853509794841e-13 1.617058869160334829e-13 4.163604765940620370e-14 5.280986054584527719e-14 2.985931634858952625e-14 2.052521670308577306e-14 -2.006261099214117384e-14
4.620732881759203064e-13 1.872758269735533798e-13 2.962824257219066245e-12 3.342117988646534882e-13 2.584600681067716336e-13 5.607647739795923193e-14 1.213230886633327386e-14 9.554722960427538706e-14 3.728735918327197126e-14 4.832386755989861609e-14 7.949024122502618136e-14 5.623967451667126316e-14 1.164070119274915007e-14 8.159723409462653518e-14 1.298283691261991633e-13 3.570641645899001029e-14 7.836605330782905207e-15 1.495761351106361644e-13 1.370675153535992039e-13 8.819086351712223226e-14
1.317499199277336599e-13 1.502946082916738220e-13 3.342117988646534882e-13 2.390180734185946760e-12 4.947110013152166601e-13 3.704478460542196579e-13 1.549190140590052544e-14 1.801622421477179274e-13 2.107982914255601726e-13 5.159225499401332396e-14 1.512001335015285032e-13 4.911437197333381318e-14 6.038100510266193488e-14 6.884236464153000229e-14 8.548392561593302667e-14 3.219123133660104649e-14 6.118248227185622812e-14 4.422409127206351823e-14 3.610275469469399999e-14 -1.092106736601004104e-13
3.584810169329130378e-14 1.801937595546982095e-13 2.584600681067716336e-13 4.947110013152166601e-13 1.575640097989619306e-12 2.014535698401181306e-13 2.024500209621368987e-13 1.591754862264425119e-13 3.001413265167841396e-14 -3.635329207401557330e-14 5.412876363363858832e-14 4.217720031989933726e-14 -6.262276169726182639e-14 -5.827027500688262366e-14 -5.733281768975991755e-14 -7.620718024373661075e-15 7.996360912485946707e-16 -9.411731456257752856e-15 -5.371403192755628928e-14 -8.079608018382190091e-14
-2.168315055943742000e-13 -1.741781318794282819e-13 5.607647739795923193e-14 3.704478460542196579e-13 2.014535698401181306e-13 1.100971869318333434e-12 3.716223676449975107e-13 2.225915545284999500e-13 1.076071486276568424e-13 1.268149522187618665e-13 9.177166027552421219e-14 1.313295648791366675e-13 6.905764086911962015e-14 5.660834999987470850e-14 5.844166258591000890e-14 7.984688340200688233e-14 1.476838485043902126e-13 1.563980266701115496e-13 1.243521298934937339e-13 4.057652523161671515e-14
-3.121287788872222011e-13 2.285533625217173714e-13 1.213230886633327386e-14 1.549190140590052544e-14 2.024500209621368987e-13 3.716223676449975107e-13 7.799665997614852308e-13 9.141972334792446062e-14 1.188946255777140978e-13 2.165359040574259344e-14 2.837455267271065767e-14 8.989126573759431362e-14 5.863965450437729982e-15 -7.090631611256714895e-15 2.456020485725397372e-15 -1.298007855782457914e-14 7.333766209786448196e-15 3.386043500959390954e-14 6.305317370415257635e-14 8.576051254510533545e-14
-9.830296447039232518e-15 3.563514283050441555e-14 9.554722960427538706e-14 1.801622421477179274e-13 1.591754862264425119e-13 2.225915545284999500e-13 9.141972334792446062e-14 5.668002951068142372e-13 2.124579364865320241e-13 1.429459047952521347e-13 6.883791430617063410e-14 9.019012052752299630e-14 8.863048889781358725e-14 6.056269591986953200e-14 2.271930841442987984e-14 1.736143002670964003e-14 -3.321321897590383495e-15 4.534193378256632986e-15 -2.196223783025793038e-14 -2.971415244163827223e-14
1.139153764687468627e-13 -8.017566064238462314e-14 3.728735918327197126e-14 2.107982914255601726e-13 3.001413265167841396e-14 1.076071486276568424e-13 1.188946255777140978e-13 2.124579364865320241e-13 5.097378098365377563e-13 1.715940733917246435e-13 5.975447064993954716e-14 4.925482584775079866e-14 6.031347880626889683e-14 9.484979606170988111e-14 4.720647135972814535e-14 2.403995979529216518e-14 2.325934230994773025e-14 3.773117165864661230e-14 1.735938367600583178e-14 3.102409831692469803e-15
1.824385340272719459e-13 -5.305099036400299280e-14 4.832386755989861609e-14 5.159225499401332396e-14 -3.635329207401557330e-14 1.268149522187618665e-13 2.165359040574259344e-14 1.429459047952521347e-13 1.715940733917246435e-13 3.471375375065377412e-13 1.271879281361491181e-13 1.197785991461340988e-13 9.513795750849550570e-14 7.998732342044013473e-14 3.416461594376807470e-14 9.620212798430171998e-15 4.543125594826904720e-16 1.092428993074704169e-14 -1.117381085922758356e-14 -8.236713828472815248e-14
-1.102618100859046342e-13 9.737081429478761208e-14 7.949024122502618136e-14 1.512001335015285032e-13 5.412876363363858832e-14 9.177166027552421219e-14 2.837455267271065767e-14 6.883791430617063410e-14 5.975447064993954716e-14 1.271879281361491181e-13 2.699398537388129227e-13 1.788781989837432236e-13 1.259912225101471799e-13 1.034172636528110094e-13 7.961416297701308802e-14 1.821329716918607232e-14 3.716019142858783150e-15 1.617101249312741184e-14 2.160836375744055347e-14 -4.157183055997438252e-14
-1.332571033588245302e-13 1.360427866285272458e-13 5.623967451667126316e-14 4.911437197333381318e-14 4.217720031989933726e-14 1.313295648791366675e-13 8.989126573759431362e-14 9.019012052752299630e-14 4.925482584775079866e-14 1.197785991461340988e-13 1.788781989837432236e-13 3.437520688951594509e-13 2.249106599412274444e-13 1.759752445192654532e-13 1.331230401922071588e-13 7.851557394320604554e-14 3.244160918697012485e-14 4.544492972006591950e-14 8.235978185945463859e-14 7.500748076926342918e-14
-4.324684016120722820e-14 1.117794412618898402e-13 1.164070119274915007e-14 6.038100510266193488e-14 -6.262276169726182639e-14 6.905764086911962015e-14 5.863965450437729982e-15 8.863048889781358725e-14 6.031347880626889683e-14 9.513795750849550570e-14 1.259912225101471799e-13 2.249106599412274444e-13 3.276585818756470008e-13 2.371292953579029638e-13 1.721577983018952010e-13 1.085676138590052105e-13 3.644230411309834014e-14 4.921730746560064057e-14 6.578315130132023347e-14 4.059299410837567170e-14
-7.139363979167552977e-14 1.898545853509794841e-13 8.159723409462653518e-14 6.884236464153000229e-14 -5.827027500688262366e-14 5.660834999987470850e-14 -7.090631611256714895e-15 6.056269591986953200e-14 9.484979606170988111e-14 7.998732342044013473e-14 1.034172636528110094e-13 1.759752445192654532e-13 2.371292953579029638e-13 3.397924249967732640e-13 2.518045785112921997e-13 1.762782596814102485e-13 9.340706070317752419e-14 8.353866143816031744e-14 9.783646583335310373e-14 6.157945805233834398e-14
-9.206359220228409110e-14 1.617058869160334829e-13 1.298283691261991633e-13 8.548392561593302667e-14 -5.733281768975991755e-14 5.844166258591000890e-14 2.456020485725397372e-15 2.271930841442987984e-14 4.720647135972814535e-14 3.416461594376807470e-14 7.961416297701308802e-14 1.331230401922071588e-13 1.721577983018952010e-13 2.518045785112921997e-13 3.362606861351990090e-13 2.678361146551668069e-13 1.733381161066884089e-13 1.566582580213777357e-13 1.594044593553046365e-13 1.293351035007437213e-13
-1.534754808667421314e-14 4.163604765940620370e-14 3.570641645899001029e-14 3.219123133660104649e-14 -7.620718024373661075e-15 7.984688340200688233e-14 -1.298007855782457914e-14 1.736143002670964003e-14 2.403995979529216518e-14 9.620212798430171998e-15 1.821329716918607232e-14 7.851557394320604554e-14 1.085676138590052105e-13 1.762782596814102485e-13 2.678361146551668069e-13 3.673743268157845839e-13 2.879137455593961697e-13 2.123935468599552179e-13 1.949912488812579113e-13 1.794660868982918183e-13
1.256125855821514436e-13 5.280986054584527719e-14 7.836605330782905207e-15 6.118248227185622812e-14 7.996360912485946707e-16 1.476838485043902126e-13 7.333766209786448196e-15 -3.321321897590383495e-15 2.325934230994773025e-14 4.543125594826904720e-16 3.716019142858783150e-15 3.244160918697012485e-14 3.644230411309834014e-14 9.340706070317752419e-14 1.733381161066884089e-13 2.879137455593961697e-13 3.910195286769199707e-13 3.178439519053309682e-13 2.660349420987522180e-13 2.240443116651064866e-13
3.144803208206898215e-13 2.985931634858952625e-14 1.495761351106361644e-13 4.422409127206351823e-14 -9.411731456257752856e-15 1.563980266701115496e-13 3.386043500959390954e-14 4.534193378256632986e-15 3.773117165864661230e-14 1.092428993074704169e-14 1.617101249312741184e-14 4.544492972006591950e-14 4.921730746560064057e-14 8.353866143816031744e-14 1.566582580213777357e-13 2.123935468599552179e-13 3.178439519053309682e-13 4.109457126234014530e-13 4.015541661796319940e-13 3.183613302143882298e-13
1.647689172344434284e-13 2.052521670308577306e-14 1.370675153535992039e-13 3.610275469469399999e-14 -5.371403192755628928e-14 1.243521298934937339e-13 6.305317370415257635e-14 -2.196223783025793038e-14 1.735938367600583178e-14 -1.117381085922758356e-14 2.160836375744055347e-14 8.235978185945463859e-14 6.578315130132023347e-14 9.783646583335310373e-14 1.594044593553046365e-13 1.949912488812579113e-13 2.660349420987522180e-13 4.015541661796319940e-13 5.829637392051657947e-13 5.417188721025002079e-13
3.068176211464211968e-14 -2.006261099214117384e-14 8.819086351712223226e-14 -1.092106736601004104e-13 -8.079608018382190091e-14 4.057652523161671515e-14 8.576051254510533545e-14 -2.971415244163827223e-14 3.102409831692469803e-15 -8.236713828472815248e-14 -4.157183055997438252e-14 7.500748076926342918e-14 4.059299410837567170e-14 6.157945805233834398e-14 1.293351035007437213e-13 1.794660868982918183e-13 2.240443116651064866e-13 3.183613302143882298e-13 5.417188721025002079e-13 7.669305168746035754e-13
