1.602050916640626043e-08 1.548847549232992566e-09 -2.171031418278753949e-10 1.341420715702880064e-09 3.356460084060441912e-10 -2.579686989039169689e-10 5.491133319916166427e-10 7.357788929000334056e-11 4.001119043228984718e-10 2.994293747339286461e-10 -1.704951535984831057e-10 -4.249206207594578241e-10 -1.644717108813274097e-10 -2.662951310906237505e-10 -1.995804367010402384e-10 -3.659862167994101634e-11 1.428967215732465975e-11 4.795920721940266790e-11 2.675522909156404252e-11 5.405894155890038257e-11
1.548847549232992566e-09 1.163073593453863059e-08 -2.022344522173602598e-10 3.750415409853269104e-10 5.320404619870136010e-10 -1.349010634419033258e-11 -2.601774788216130972e-10 7.895051178600113219e-11 -7.518044785186172908e-11 1.366654996719556965e-10 1.235250799804005133e-10 -4.599027533786306962e-11 -1.219301595263649127e-10 -3.498970229600341826e-11 -6.932525868465657618e-11 -3.296229911197157265e-11 -6.383050135446255647e-11 -5.704902385905645943e-12 -2.712389575141151903e-12 9.977246682123018883e-12
-2.171031418278753949e-10 -2.022344522173602598e-10 6.779672184457506967e-09 -3.309813706276055633e-11 5.204466207551969101e-10 -5.976385852963605584e-11 -2.089930891563985926e-10 -5.780092874337161904e-10 -1.439486675130117976e-10 -5.438659068450473618e-12 -1.978406392267454563e-10 -1.080462453784761289e-10 -4.425709611748961433e-11 -9.314548330587085920e-11 -4.956004174081934001e-12 3.798366433397751620e-11 1.785402831706063632e-11 5.017472143612180574e-11 -8.151300218583389484e-12 2.078214262973530209e-11
1.341420715702880064e-09 3.750415409853269104e-10 -3.309813706276055633e-11 4.342518003245704312e-09 7.901095622723511215e-11 5.115853362000842725e-10 -2.299642221920200992e-10 5.018647401702292808e-11 1.419293049540847042e-10 -3.478682463965644011e-11 -3.813022223860421619e-11 -3.324016627048898486e-13 -8.013652151386575958e-12 1.058741224199965422e-10 8.115424585423997180e-12 7.488949492316525950e-11 6.878566286841695458e-11 2.172700755017183559e-11 1.699226343690625689e-12 -1.332057960568645872e-11
3.356460084060441912e-10 5.320404619870136010e-10 5.204466207551969101e-10 7.901095622723511215e-11 2.538046734377205348e-09 2.342037453129841669e-10 -7.632632985478337453e-11 -1.907037128231667398e-10 -1.035792326957418219e-10 1.645443892366212973e-10 -1.190404071662108991e-10 3.733040970907637104e-11 3.570731440356614300e-11 8.071279113383153243e-12 2.139015432642518470e-11 2.701073646693579850e-11 -6.274005596220146619e-11 -1.975720890335306320e-11 -2.020999686959995123e-11 -1.579943308950170683e-11
-2.579686989039169689e-10 -1.349010634419033258e-11 -5.976385852963605584e-11 5.115853362000842725e-10 2.342037453129841669e-10 1.617641648586939683e-09 1.218550345840982309e-10 1.300277844008025135e-11 -3.904307226779378230e-11 -1.506730322374632303e-11 4.828113880273892275e-11 2.483013981719756289e-11 -1.555678097040087543e-11 -2.038165172794246994e-11 -2.289766407949534810e-11 -2.591951080075962458e-11 -1.847640171051331138e-11 -8.368235386591484731e-12 -4.002733613130232377e-11 -1.399080788122590758e-11
5.491133319916166427e-10 -2.601774788216130972e-10 -2.089930891563985926e-10 -2.299642221920200992e-10 -7.632632985478337453e-11 1.218550345840982309e-10 1.140307976784385064e-09 5.741875654474126551e-11 1.449300978143092509e-11 1.135290279575937222e-10 2.747103720270430954e-11 2.778721957293928324e-11 5.003779639049852875e-11 4.754586707443519999e-12 1.637660076399239654e-11 3.395712844025809343e-11 -7.092267021958754892e-12 -2.488145943655505133e-11 -8.407893704741997591e-12 -1.791980599137731972e-11
7.357788929000334056e-11 7.895051178600113219e-11 -5.780092874337161904e-10 5.018647401702292808e-11 -1.907037128231667398e-10 1.300277844008025135e-11 5.741875654474126551e-11 8.499214351083617768e-10 8.339671577103951666e-11 4.027143059131623100e-11 -8.702176506587218055e-12 4.867017963570840668e-12 1.240131958935394932e-11 4.059423725932639086e-11 1.478140645248904350e-11 1.087860636850856580e-11 5.430192746344201249e-13 1.268297588650289617e-11 1.226363851301917335e-11 -2.683287517640293134e-12
4.001119043228984718e-10 -7.518044785186172908e-11 -1.439486675130117976e-10 1.419293049540847042e-10 -1.035792326957418219e-10 -3.904307226779378230e-11 1.449300978143092509e-11 8.339671577103951666e-11 5.542365276144403658e-10 5.520474768900883569e-11 2.996804229716143130e-11 2.069438985609574369e-11 5.975830212364618357e-12 2.447736461566016362e-11 -1.539700292312228789e-11 -2.059561303301781185e-11 -7.744146235283865327e-12 2.209404327749345124e-12 6.620429666248956313e-12 -5.629512195170407007e-12
2.994293747339286461e-10 1.366654996719556965e-10 -5.438659068450473618e-12 -3.478682463965644011e-11 1.645443892366212973e-10 -1.506730322374632303e-11 1.135290279575937222e-10 4.027143059131623100e-11 5.520474768900883569e-11 4.091988570945768317e-10 5.901764257676409232e-11 3.618689300269444393e-13 2.750703867089611902e-11 6.987243882661460367e-13 1.731732403610767880e-11 2.482515706114786861e-11 -8.848675766049506116e-12 1.224062851718917387e-11 1.253560663660697150e-11 -3.018684892904755119e-12
-1.704951535984831057e-10 1.235250799804005133e-10 -1.978406392267454563e-10 -3.813022223860421619e-11 -1.190404071662108991e-10 4.828113880273892275e-11 2.747103720270430954e-11 -8.702176506587218055e-12 2.996804229716143130e-11 5.901764257676409232e-11 2.097890633383815090e-10 6.732723565521043704e-11 1.858433626553153356e-11 1.731972036254931200e-11 8.027947990369194283e-12 1.304349720690598584e-11 7.903331174937988395e-12 -8.221711866134924817e-12 -5.694837996284043421e-12 -7.098068159548694715e-12
-4.249206207594578241e-10 -4.599027533786306962e-11 -1.080462453784761289e-10 -3.324016627048898486e-13 3.733040970907637104e-11 2.483013981719756289e-11 2.778721957293928324e-11 4.867017963570840668e-12 2.069438985609574369e-11 3.618689300269444393e-13 6.732723565521043704e-11 1.865166969734863982e-10 4.502476445809402594e-11 2.057765726765852713e-11 8.800811597843819289e-12 7.853401093278457437e-12 -6.902551541728668446e-12 -6.831093730511067664e-12 1.801705310112440222e-12 -4.651079282385278529e-12
-1.644717108813274097e-10 -1.219301595263649127e-10 -4.425709611748961433e-11 -8.013652151386575958e-12 3.570731440356614300e-11 -1.555678097040087543e-11 5.003779639049852875e-11 1.240131958935394932e-11 5.975830212364618357e-12 2.750703867089611902e-11 1.858433626553153356e-11 4.502476445809402594e-11 1.645877830360855379e-10 3.449169880155276044e-11 1.309994836694665721e-11 1.333452564562711862e-11 -2.032215566113243521e-13 3.733806044278369451e-12 8.119550394744629854e-12 -1.670081704955062548e-12
-2.662951310906237505e-10 -3.498970229600341826e-11 -9.314548330587085920e-11 1.058741224199965422e-10 8.071279113383153243e-12 -2.038165172794246994e-11 4.754586707443519999e-12 4.059423725932639086e-11 2.447736461566016362e-11 6.987243882661460367e-13 1.731972036254931200e-11 2.057765726765852713e-11 3.449169880155276044e-11 1.088761681665486556e-10 3.348450396351159545e-11 2.090708733147716347e-11 6.873206881026998054e-12 -6.961185457485022811e-12 2.177586153605281253e-12 -5.992870315505426529e-12
-1.995804367010402384e-10 -6.932525868465657618e-11 -4.956004174081934001e-12 8.115424585423997180e-12 2.139015432642518470e-11 -2.289766407949534810e-11 1.637660076399239654e-11 1.478140645248904350e-11 -1.539700292312228789e-11 1.731732403610767880e-11 8.027947990369194283e-12 8.800811597843819289e-12 1.309994836694665721e-11 3.348450396351159545e-11 7.992691452123819962e-11 2.719908368868480392e-11 9.921798722628335921e-12 1.662006151518666348e-12 5.710287281654495906e-12 6.365442187509067924e-13
-3.659862167994101634e-11 -3.296229911197157265e-11 3.798366433397751620e-11 7.488949492316525950e-11 2.701073646693579850e-11 -2.591951080075962458e-11 3.395712844025809343e-11 1.087860636850856580e-11 -2.059561303301781185e-11 2.482515706114786861e-11 1.304349720690598584e-11 7.853401093278457437e-12 1.333452564562711862e-11 2.090708733147716347e-11 2.719908368868480392e-11 6.304059038447826711e-11 2.297342225280492963e-11 1.213124027027374087e-11 7.700280264561763562e-12 4.692644862912717955e-12
1.428967215732465975e-11 -6.383050135446255647e-11 1.785402831706063632e-11 6.878566286841695458e-11 -6.274005596220146619e-11 -1.847640171051331138e-11 -7.092267021958754892e-12 5.430192746344201249e-13 -7.744146235283865327e-12 -8.848675766049506116e-12 7.903331174937988395e-12 -6.902551541728668446e-12 -2.032215566113243521e-13 6.873206881026998054e-12 9.921798722628335921e-12 2.297342225280492963e-11 4.588460438998822219e-11 1.982201981123888872e-11 7.752783168502711793e-12 5.088251323520941904e-12
4.795920721940266790e-11 -5.704902385905645943e-12 5.017472143612180574e-11 2.172700755017183559e-11 -1.975720890335306320e-11 -8.368235386591484731e-12 -2.488145943655505133e-11 1.268297588650289617e-11 2.209404327749345124e-12 1.224062851718917387e-11 -8.221711866134924817e-12 -6.831093730511067664e-12 3.733806044278369451e-12 -6.961185457485022811e-12 1.662006151518666348e-12 1.213124027027374087e-11 1.982201981123888872e-11 3.739697074768867558e-11 1.399598129100730622e-11 6.692235417083964288e-12
2.675522909156404252e-11 -2.712389575141151903e-12 -8.151300218583389484e-12 1.699226343690625689e-12 -2.020999686959995123e-11 -4.002733613130232377e-11 -8.407893704741997591e-12 1.226363851301917335e-11 6.620429666248956313e-12 1.253560663660697150e-11 -5.694837996284043421e-12 1.801705310112440222e-12 8.119550394744629854e-12 2.177586153605281253e-12 5.710287281654495906e-12 7.700280264561763562e-12 7.752783168502711793e-12 1.399598129100730622e-11 1.991209812506698312e-11 9.791382932715283512e-12
5.405894155890038257e-11 9.977246682123018883e-12 2.078214262973530209e-11 -1.332057960568645872e-11 -1.579943308950170683e-11 -1.399080788122590758e-11 -1.791980599137731972e-11 -2.683287517640293134e-12 -5.629512195170407007e-12 -3.018684892904755119e-12 -7.098068159548694715e-12 -4.651079282385278529e-12 -1.670081704955062548e-12 -5.992870315505426529e-12 6.365442187509067924e-13 4.692644862912717955e-12 5.088251323520941904e-12 6.692235417083964288e-12 9.791382932715283512e-12 2.489589501572387436e-11
