8.705102897539161409e-09 7.266049682320762504e-10 -5.723150566335862119e-10 6.179975216114894377e-10 4.621420657077970109e-10 -3.090773552396375180e-10 1.680022178773229007e-10 2.858051835803174358e-10 -3.549472974920149607e-11 1.690773567108722440e-10 -7.326723615899457308e-11 2.560738336008084952e-11 -1.122309843779810815e-11 3.203915209083687935e-11 1.664433857261401179e-11 6.175817500297571928e-11 -4.826295972541117178e-11 1.159454700077860798e-11 -4.503619869753410346e-11 -3.440362250533875232e-11
7.266049682320762504e-10 6.717664879382664735e-09 5.396592234766133632e-11 -9.849413279364421083e-11 -3.976514943115847853e-11 3.823388369664945990e-10 2.402628036582187120e-11 -2.683824392448941751e-11 2.445318064535644330e-10 8.577718660348130392e-11 1.645939521399845544e-11 -6.715653671723141115e-11 1.067533130115964382e-10 -1.324838524009197523e-11 -7.971451120304539312e-12 -2.168207614955329767e-11 3.239159396860351975e-11 -9.330431456149700403e-12 -4.780119544034962077e-12 1.789183125700187833e-11
-5.723150566335862119e-10 5.396592234766133632e-11 3.774259437908780437e-09 -3.442592564193738941e-11 8.282591928943778866e-11 4.979851950416594678e-11 2.501596505885973579e-10 -9.362401295391626270e-13 1.125286998337113359e-10 -1.163947831287742627e-10 1.906474106246424990e-11 -4.793379291396947134e-12 -1.100091036954015991e-10 -4.702628487787310827e-11 -3.759132845513918171e-11 -8.429767369469187248e-11 -8.572251489918769897e-11 -4.786598526178360725e-11 -4.302654365827644512e-11 -3.946367281978941001e-11
6.179975216114894377e-10 -9.849413279364421083e-11 -3.442592564193738941e-11 2.480615005195835880e-09 4.041501614116073645e-11 1.191957209225545603e-10 -5.659135750697531388e-12 -8.279161197964857086e-11 1.433708840209466540e-11 4.950405702541956363e-12 -9.112919592950903902e-11 1.848234524662845906e-11 1.918241092494965848e-11 6.639911751280562757e-12 6.940628791241291855e-13 1.653361698156673309e-11 -4.499686807669680795e-11 6.655010980239011509e-12 -1.175209154787887015e-11 -5.089381449375957152e-12
4.621420657077970109e-10 -3.976514943115847853e-11 8.282591928943778866e-11 4.041501614116073645e-11 1.732762528345142902e-09 1.293636212242536492e-10 1.156152266143555139e-10 9.050921795308051305e-11 -6.819656116039441118e-11 -6.663720217170983750e-11 -1.461329328879619697e-11 -4.283460056478653278e-13 -7.471500485445973315e-12 -2.627112356880077112e-13 1.694832499392121071e-11 4.591699436076685417e-11 1.380373683782087267e-11 -6.446416333262526405e-12 -2.522918451416131423e-12 6.640595448060223897e-12
-3.090773552396375180e-10 3.823388369664945990e-10 4.979851950416594678e-11 1.191957209225545603e-10 1.293636212242536492e-10 1.010186506677989480e-09 1.946812768591561127e-10 -7.790266869825735315e-11 5.092172992580688855e-11 1.881390420823336246e-12 5.366818348138536865e-11 -5.532175325284397466e-11 9.306779496851774990e-12 -2.216032761562954473e-11 1.515911833367391928e-11 2.598166122910398439e-11 1.608322526040549913e-11 7.967247681505293542e-12 2.305584396201505597e-11 3.023651525065868797e-11
1.680022178773229007e-10 2.402628036582187120e-11 2.501596505885973579e-10 -5.659135750697531388e-12 1.156152266143555139e-10 1.946812768591561127e-10 7.402647715812884375e-10 6.131513064979614506e-11 3.158359380596585528e-11 -6.827945838644539756e-14 -1.830096582465830184e-11 2.259667055394126076e-12 1.252473606080598980e-11 -5.931340156049367845e-12 5.339518596776289191e-12 -3.971085594572080483e-12 5.350265443657961997e-12 1.004855821802819619e-11 2.067692262132065521e-11 9.682521307941236569e-12
2.858051835803174358e-10 -2.683824392448941751e-11 -9.362401295391626270e-13 -8.279161197964857086e-11 9.050921795308051305e-11 -7.790266869825735315e-11 6.131513064979614506e-11 4.356025754061512839e-10 4.628472510933494447e-11 2.474263095577009055e-11 1.733944042348437017e-11 1.316513734278951413e-11 2.462097912616679507e-13 6.309732726021321248e-12 -5.330282584099729156e-12 -6.475541973207637766e-12 1.668797948316757192e-11 -3.360407471806289757e-13 1.726954608775409331e-12 -1.373222787036320508e-12
-3.549472974920149607e-11 2.445318064535644330e-10 1.125286998337113359e-10 1.433708840209466540e-11 -6.819656116039441118e-11 5.092172992580688855e-11 3.158359380596585528e-11 4.628472510933494447e-11 3.785798901379126965e-10 6.321499388834198590e-11 3.091296607959681740e-11 3.292743303211425421e-11 6.476188527988795859e-12 1.842233850209819409e-11 7.179862824716256531e-12 -1.141416978722882804e-11 -8.429428060919732077e-13 -8.569044941624462313e-12 6.519981950835894047e-12 -3.627158260203985194e-12
1.690773567108722440e-10 8.577718660348130392e-11 -1.163947831287742627e-10 4.950405702541956363e-12 -6.663720217170983750e-11 1.881390420823336246e-12 -6.827945838644539756e-14 2.474263095577009055e-11 6.321499388834198590e-11 2.170293017330199320e-10 5.130215408995434969e-11 1.927144408989533134e-11 2.002306704626774223e-11 1.632169505599939819e-11 -2.234942878442025969e-12 -1.946746166033277516e-12 7.198274504406129353e-12 1.646603769048972301e-11 1.159809392109399151e-11 -1.567238393893657984e-12
-7.326723615899457308e-11 1.645939521399845544e-11 1.906474106246424990e-11 -9.112919592950903902e-11 -1.461329328879619697e-11 5.366818348138536865e-11 -1.830096582465830184e-11 1.733944042348437017e-11 3.091296607959681740e-11 5.130215408995434969e-11 1.351908182310967576e-10 1.884998428653997377e-11 5.400583382432792474e-12 1.549241308059669189e-11 4.098992939843386282e-12 -1.785909466025673894e-12 6.453900032876545674e-12 7.736499070558834852e-12 9.017116295656079731e-12 1.713400496823702820e-12
2.560738336008084952e-11 -6.715653671723141115e-11 -4.793379291396947134e-12 1.848234524662845906e-11 -4.283460056478653278e-13 -5.532175325284397466e-11 2.259667055394126076e-12 1.316513734278951413e-11 3.292743303211425421e-11 1.927144408989533134e-11 1.884998428653997377e-11 1.130127642103115095e-10 2.341373356590041295e-11 6.285462789552929955e-12 2.420919463436892954e-12 5.792913983609468354e-12 4.961523505072387483e-12 -1.531442410114472470e-12 3.773467780958199323e-12 1.350009718729178777e-12
-1.122309843779810815e-11 1.067533130115964382e-10 -1.100091036954015991e-10 1.918241092494965848e-11 -7.471500485445973315e-12 9.306779496851774990e-12 1.252473606080598980e-11 2.462097912616679507e-13 6.476188527988795859e-12 2.002306704626774223e-11 5.400583382432792474e-12 2.341373356590041295e-11 8.473053909112122955e-11 3.227586876102349873e-11 6.484455467953892810e-12 1.814641038366997993e-12 4.540878531976691188e-12 2.504388593772654763e-12 6.191428403479152240e-12 4.007103849741145340e-12
3.203915209083687935e-11 -1.324838524009197523e-11 -4.702628487787310827e-11 6.639911751280562757e-12 -2.627112356880077112e-13 -2.216032761562954473e-11 -5.931340156049367845e-12 6.309732726021321248e-12 1.842233850209819409e-11 1.632169505599939819e-11 1.549241308059669189e-11 6.285462789552929955e-12 3.227586876102349873e-11 8.031419488714892837e-11 2.463129662244386765e-11 3.870004826200110455e-12 8.585949520918191552e-12 1.072400696257741280e-11 4.367583858865174582e-12 -3.831500656063750830e-12
1.664433857261401179e-11 -7.971451120304539312e-12 -3.759132845513918171e-11 6.940628791241291855e-13 1.694832499392121071e-11 1.515911833367391928e-11 5.339518596776289191e-12 -5.330282584099729156e-12 7.179862824716256531e-12 -2.234942878442025969e-12 4.098992939843386282e-12 2.420919463436892954e-12 6.484455467953892810e-12 2.463129662244386765e-11 4.905471916035423325e-11 2.230619989459138137e-11 8.321635821775630671e-12 5.000175932742657189e-12 4.464859771508891386e-12 1.180445150015120998e-12
6.175817500297571928e-11 -2.168207614955329767e-11 -8.429767369469187248e-11 1.653361698156673309e-11 4.591699436076685417e-11 2.598166122910398439e-11 -3.971085594572080483e-12 -6.475541973207637766e-12 -1.141416978722882804e-11 -1.946746166033277516e-12 -1.785909466025673894e-12 5.792913983609468354e-12 1.814641038366997993e-12 3.870004826200110455e-12 2.230619989459138137e-11 4.205343912801875050e-11 1.708040316919373980e-11 6.346416710271814590e-12 3.326468801457019453e-12 2.450938113439521853e-12
-4.826295972541117178e-11 3.239159396860351975e-11 -8.572251489918769897e-11 -4.499686807669680795e-11 1.380373683782087267e-11 1.608322526040549913e-11 5.350265443657961997e-12 1.668797948316757192e-11 -8.429428060919732077e-13 7.198274504406129353e-12 6.453900032876545674e-12 4.961523505072387483e-12 4.540878531976691188e-12 8.585949520918191552e-12 8.321635821775630671e-12 1.708040316919373980e-11 3.570912532218492046e-11 1.456561316240251060e-11 5.962288271005752270e-12 3.487505372880877276e-12
1.159454700077860798e-11 -9.330431456149700403e-12 -4.786598526178360725e-11 6.655010980239011509e-12 -6.446416333262526405e-12 7.967247681505293542e-12 1.004855821802819619e-11 -3.360407471806289757e-13 -8.569044941624462313e-12 1.646603769048972301e-11 7.736499070558834852e-12 -1.531442410114472470e-12 2.504388593772654763e-12 1.072400696257741280e-11 5.000175932742657189e-12 6.346416710271814590e-12 1.456561316240251060e-11 2.990043359069232435e-11 1.308351057763036143e-11 6.420429838885800807e-12
-4.503619869753410346e-11 -4.780119544034962077e-12 -4.302654365827644512e-11 -1.175209154787887015e-11 -2.522918451416131423e-12 2.305584396201505597e-11 2.067692262132065521e-11 1.726954608775409331e-12 6.519981950835894047e-12 1.159809392109399151e-11 9.017116295656079731e-12 3.773467780958199323e-12 6.191428403479152240e-12 4.367583858865174582e-12 4.464859771508891386e-12 3.326468801457019453e-12 5.962288271005752270e-12 1.308351057763036143e-11 2.352179750072878850e-11 1.146299587156928453e-11
-3.440362250533875232e-11 1.789183125700187833e-11 -3.946367281978941001e-11 -5.089381449375957152e-12 6.640595448060223897e-12 3.023651525065868797e-11 9.682521307941236569e-12 -1.373222787036320508e-12 -3.627158260203985194e-12 -1.567238393893657984e-12 1.713400496823702820e-12 1.350009718729178777e-12 4.007103849741145340e-12 -3.831500656063750830e-12 1.180445150015120998e-12 2.450938113439521853e-12 3.487505372880877276e-12 6.420429838885800807e-12 1.146299587156928453e-11 1.912433993091187401e-11
