2.311506935399675999e-09 6.326741850493123497e-11 -1.020907152892137804e-11 4.003915129589024626e-11 3.512740668191624669e-11 5.031523406129754292e-11 -2.981656542291897900e-11 -1.115658968590420830e-11 7.298054098731647305e-12 -1.246788840206676971e-11 -2.965679670663245686e-11 3.932041439427257214e-12 6.411635936477641123e-12 -4.195973023222079551e-12 1.309420708782836741e-11 -7.714528930042024122e-12 -1.222865987014720645e-11 -2.971751795391565936e-12 -1.302032770877151611e-11 -2.620939781807280800e-11 -7.750526602515408735e-12 1.530214842059362350e-12 4.089002914496161816e-12 -7.066058691330034789e-12 -3.367828894405346529e-12 1.447294623681014216e-11
6.326741850493123497e-11 1.696176952303111834e-09 6.357712719539052890e-12 6.314031711425126863e-11 4.510311237132653191e-11 -2.886773837394462438e-11 -7.405586194773763413e-13 6.323373362316460282e-12 2.819576563916629217e-12 -7.587309627813810046e-12 -2.372282063156649458e-11 3.649578776625987299e-11 -1.212932007667018297e-11 9.001132466894848000e-12 -2.588236640012977087e-12 -9.042812290218364722e-12 2.693574302448933898e-12 8.930229661215511105e-12 -3.066572611945458321e-13 -6.903154453255948760e-12 -2.351405371755100239e-12 -2.866243988998969604e-12 -4.932394877116462499e-12 -7.050917302722780164e-12 -2.632386305326470156e-13 -6.031469031408273410e-13
-1.020907152892137804e-11 6.357712719539052890e-12 1.055545869643539901e-09 5.830201086132780952e-11 3.245260293198009670e-11 3.139004032274088330e-11 -1.280658751597931355e-11 -1.721839546206225063e-11 5.307023424071611433e-12 3.377744492915997806e-11 2.194132439969708970e-11 3.170647772210778350e-11 5.300045241738985091e-11 -1.168940624388109118e-12 5.948192428660207677e-12 -6.174490133993430281e-12 8.372473659620384219e-12 1.014794092083905675e-12 -7.228868404486179276e-12 1.847298783336060968e-12 -3.796497063572460010e-12 3.249520274596132932e-12 -6.455912221778265785e-12 -5.355602363612466310e-12 6.332702201444664401e-12 1.722487218782403906e-12
4.003915129589024626e-11 6.314031711425126863e-11 5.830201086132780952e-11 6.557655868929583499e-10 7.155620251406701876e-11 8.071932233657038506e-11 1.197762957139532731e-11 -2.828879269630226942e-12 1.507963773562586325e-11 -7.140976712743110979e-13 7.646074064486235816e-12 4.033805670736821066e-13 7.013348430479977954e-12 -3.967060614890208872e-12 -2.919585986017997071e-13 1.049242966408625025e-11 -2.662026258476053067e-12 2.416167477222972316e-12 7.312655344162799478e-12 1.236240054819925631e-11 4.667850429558624657e-12 3.888595565378531656e-12 3.204081792018232199e-12 -4.461180783504903969e-13 -2.728811191842046569e-12 -3.780363890952286029e-12
3.512740668191624669e-11 4.510311237132653191e-11 3.245260293198009670e-11 7.155620251406701876e-11 4.580291497236327093e-10 4.123210481092018270e-11 -8.471550414597053528e-12 -1.670569282409111318e-11 5.392485670700748663e-12 3.293261433436409877e-12 5.220332979762270973e-12 1.053805257423580728e-11 1.064871240653563797e-11 7.179788255505060091e-12 6.176697157574598383e-12 -4.523233823859591060e-12 -2.318208733703158344e-12 -8.803619689526998644e-12 -8.646768457029331807e-12 -6.729707451651970106e-13 -1.087194901751182329e-11 -8.652697398313154356e-12 -3.477170455113029622e-13 2.571520071223594534e-12 1.834305644269738618e-12 -1.051173671588211324e-12
5.031523406129754292e-11 -2.886773837394462438e-11 3.139004032274088330e-11 8.071932233657038506e-11 4.123210481092018270e-11 2.940177754224320896e-10 5.841373597683048360e-11 2.749020124105099634e-11 2.886507077120818625e-11 2.096686030398115239e-11 -6.169196451018803360e-12 -6.072214317459161533e-12 -4.509189623776230288e-13 -8.765739663563818865e-12 -3.618278040091542203e-12 5.878535563337974476e-14 -6.637417055780069648e-13 9.649268611848535235e-13 -6.971313657737908897e-13 -5.795334074156752409e-12 -4.280536272550722775e-12 2.389169248369344667e-12 4.674211471575312498e-13 4.763693788256525369e-12 5.788760004663589428e-12 3.461375626103777852e-12
-2.981656542291897900e-11 -7.405586194773763413e-13 -1.280658751597931355e-11 1.197762957139532731e-11 -8.471550414597053528e-12 5.841373597683048360e-11 2.357141826889872731e-10 1.868123355124802166e-11 2.522573389711278668e-11 2.652529688269640617e-11 4.406398612172551883e-12 7.281396157750105022e-12 2.194497576995793153e-12 -1.542894923091207548e-12 -9.813877860703124764e-13 -1.200368764008806877e-12 1.723318442418423675e-12 -2.381626372728931349e-12 -5.703381743510984461e-13 -1.359872047226647495e-12 -3.788197436364840102e-12 -2.853698987774023842e-12 3.964171692238237593e-13 -1.991377911700283005e-13 -1.785595917686947353e-12 2.814985355247137867e-12
-1.115658968590420830e-11 6.323373362316460282e-12 -1.721839546206225063e-11 -2.828879269630226942e-12 -1.670569282409111318e-11 2.749020124105099634e-11 1.868123355124802166e-11 1.362932902601980897e-10 2.762066066069449771e-11 1.550539322514503032e-11 3.803652376556145656e-12 3.724890405545566777e-12 2.446744180103853942e-12 1.815926749441704644e-12 2.209232799342284248e-12 -3.944268547558190383e-12 -3.735447381237183653e-12 -1.333086156961264588e-12 -1.025680574209101694e-12 -5.004327162141175594e-13 9.330477292799526961e-13 2.354483631947803341e-12 2.342225749793474021e-13 1.828331009278729205e-12 1.041808466592366323e-12 5.864123859037500177e-13
7.298054098731647305e-12 2.819576563916629217e-12 5.307023424071611433e-12 1.507963773562586325e-11 5.392485670700748663e-12 2.886507077120818625e-11 2.522573389711278668e-11 2.762066066069449771e-11 1.217945094960087331e-10 3.180034065535868013e-11 1.656300604425251067e-11 1.337076642695774622e-11 -1.248269273514756898e-12 -2.146023737270295735e-12 -2.275286389225899652e-13 2.355715723400031089e-12 -1.982263379679478670e-12 -9.362074308569034546e-13 -9.408749349039290201e-13 4.315488232017790126e-13 1.274220360140466701e-12 -1.941742600943168107e-12 -1.432169599006842161e-12 1.798999452976996967e-13 5.046643467736480369e-13 1.727429338173470687e-12
-1.246788840206676971e-11 -7.587309627813810046e-12 3.377744492915997806e-11 -7.140976712743110979e-13 3.293261433436409877e-12 2.096686030398115239e-11 2.652529688269640617e-11 1.550539322514503032e-11 3.180034065535868013e-11 7.978064988969445248e-11 1.659662353649719461e-11 1.134331390195060325e-11 7.245627311112335616e-12 1.197114958783604505e-12 1.082343655222139535e-12 4.909673557469980405e-15 -2.129214331518647349e-12 -3.687576155830915412e-12 -5.357244769743782409e-12 -4.906667295327858717e-12 -1.289417924967873834e-12 -3.021875706158437598e-12 -1.298726170989694977e-12 -8.392672138412958035e-13 -1.417253240230062250e-12 1.503226445364341884e-13
-2.965679670663245686e-11 -2.372282063156649458e-11 2.194132439969708970e-11 7.646074064486235816e-12 5.220332979762270973e-12 -6.169196451018803360e-12 4.406398612172551883e-12 3.803652376556145656e-12 1.656300604425251067e-11 1.659662353649719461e-11 6.106385145292763027e-11 1.894126532782896159e-11 6.782570369631435116e-12 4.469550906455861336e-12 4.786253734346368123e-12 4.018420350539030506e-12 4.505943444905272687e-12 -5.783729386974899632e-14 -9.034275398424839221e-13 2.150629789531732869e-12 1.732189825197568952e-12 1.343820867339029117e-12 1.591722648449915758e-12 1.896725814167334282e-13 -4.624009849458799230e-13 -5.873271346328086742e-13
3.932041439427257214e-12 3.649578776625987299e-11 3.170647772210778350e-11 4.033805670736821066e-13 1.053805257423580728e-11 -6.072214317459161533e-12 7.281396157750105022e-12 3.724890405545566777e-12 1.337076642695774622e-11 1.134331390195060325e-11 1.894126532782896159e-11 4.486205215531474318e-11 1.637011430925551337e-11 6.373647650684078634e-12 5.259990907018881347e-12 2.046193408152975786e-12 2.833665854026769353e-12 1.622023544559968768e-12 -2.319391566666914630e-12 1.383541340869414954e-12 3.944413733361234408e-13 2.773043045874950057e-13 2.156935075603115924e-12 1.313758013955891507e-12 4.720880255100647201e-13 -1.278442202907365280e-13
6.411635936477641123e-12 -1.212932007667018297e-11 5.300045241738985091e-11 7.013348430479977954e-12 1.064871240653563797e-11 -4.509189623776230288e-13 2.194497576995793153e-12 2.446744180103853942e-12 -1.248269273514756898e-12 7.245627311112335616e-12 6.782570369631435116e-12 1.637011430925551337e-11 4.030001262630692836e-11 1.617350864424160018e-11 8.415799311548916530e-12 2.980949610310720212e-12 2.871101982510827107e-12 5.291398246704752607e-13 -1.593303767475063696e-12 -5.447731145473167371e-13 -5.802092007090429755e-13 -5.960767139025885716e-13 -1.698465207588040160e-12 -1.629863990866204196e-12 -1.419041252275753291e-12 -3.501118077367650547e-13
-4.195973023222079551e-12 9.001132466894848000e-12 -1.168940624388109118e-12 -3.967060614890208872e-12 7.179788255505060091e-12 -8.765739663563818865e-12 -1.542894923091207548e-12 1.815926749441704644e-12 -2.146023737270295735e-12 1.197114958783604505e-12 4.469550906455861336e-12 6.373647650684078634e-12 1.617350864424160018e-11 3.043288686056702814e-11 1.275660539856023063e-11 6.867558331605358404e-12 3.921117705884269691e-12 8.613318356647383298e-13 -2.850554091462000196e-13 6.539148292488019537e-13 -3.991872249481709570e-13 -1.575738744788172445e-12 -4.805710094850743116e-13 -1.088712704418847155e-12 -1.073549923127132798e-12 -8.381816531442420608e-13
1.309420708782836741e-11 -2.588236640012977087e-12 5.948192428660207677e-12 -2.919585986017997071e-13 6.176697157574598383e-12 -3.618278040091542203e-12 -9.813877860703124764e-13 2.209232799342284248e-12 -2.275286389225899652e-13 1.082343655222139535e-12 4.786253734346368123e-12 5.259990907018881347e-12 8.415799311548916530e-12 1.275660539856023063e-11 2.272672423126285617e-11 1.045723397075956253e-11 4.785631189309730579e-12 1.558928470859256871e-12 8.438458496553391343e-14 3.213432416147577059e-12 2.176420295434946004e-12 1.312263112359459958e-12 7.374437876524169150e-13 6.942270040711782461e-13 1.326689674304558491e-12 4.903028544015119190e-13
-7.714528930042024122e-12 -9.042812290218364722e-12 -6.174490133993430281e-12 1.049242966408625025e-11 -4.523233823859591060e-12 5.878535563337974476e-14 -1.200368764008806877e-12 -3.944268547558190383e-12 2.355715723400031089e-12 4.909673557469980405e-15 4.018420350539030506e-12 2.046193408152975786e-12 2.980949610310720212e-12 6.867558331605358404e-12 1.045723397075956253e-11 2.485558762018711439e-11 1.252819339488813054e-11 5.203110878114399358e-12 2.971548473802430410e-12 3.271846295037901351e-12 8.651782314168570756e-13 -4.631041150809992667e-13 -7.576068228942397158e-13 -1.218690510851682659e-13 3.987743351461819938e-13 1.006105512127136097e-12
-1.222865987014720645e-11 2.693574302448933898e-12 8.372473659620384219e-12 -2.662026258476053067e-12 -2.318208733703158344e-12 -6.637417055780069648e-13 1.723318442418423675e-12 -3.735447381237183653e-12 -1.982263379679478670e-12 -2.129214331518647349e-12 4.505943444905272687e-12 2.833665854026769353e-12 2.871101982510827107e-12 3.921117705884269691e-12 4.785631189309730579e-12 1.252819339488813054e-11 2.497986455895573742e-11 1.287222019995651200e-11 2.880206103587743308e-12 4.188400686662664916e-13 -1.454350478640055773e-12 -4.602984644454201410e-13 -3.577024876760422023e-13 -1.283201635205374082e-12 -5.513827127920923679e-13 4.029991524969317828e-13
-2.971751795391565936e-12 8.930229661215511105e-12 1.014794092083905675e-12 2.416167477222972316e-12 -8.803619689526998644e-12 9.649268611848535235e-13 -2.381626372728931349e-12 -1.333086156961264588e-12 -9.362074308569034546e-13 -3.687576155830915412e-12 -5.783729386974899632e-14 1.622023544559968768e-12 5.291398246704752607e-13 8.613318356647383298e-13 1.558928470859256871e-12 5.203110878114399358e-12 1.287222019995651200e-11 1.866087137159439707e-11 8.636640305926577447e-12 1.999381032887517819e-12 1.528703634785910317e-13 1.232355839122770470e-12 3.290504434744978137e-13 -7.067760719769993846e-13 -1.106531011567517019e-13 3.997976709031423902e-13
-1.302032770877151611e-11 -3.066572611945458321e-13 -7.228868404486179276e-12 7.312655344162799478e-12 -8.646768457029331807e-12 -6.971313657737908897e-13 -5.703381743510984461e-13 -1.025680574209101694e-12 -9.408749349039290201e-13 -5.357244769743782409e-12 -9.034275398424839221e-13 -2.319391566666914630e-12 -1.593303767475063696e-12 -2.850554091462000196e-13 8.438458496553391343e-14 2.971548473802430410e-12 2.880206103587743308e-12 8.636640305926577447e-12 1.539056319695037252e-11 6.341047597373936375e-12 1.730543326295473605e-12 1.291060208355090519e-12 -7.399746169631838206e-13 -1.342186781202784182e-12 -1.683972994343688593e-13 1.127676203657756116e-13
-2.620939781807280800e-11 -6.903154453255948760e-12 1.847298783336060968e-12 1.236240054819925631e-11 -6.729707451651970106e-13 -5.795334074156752409e-12 -1.359872047226647495e-12 -5.004327162141175594e-13 4.315488232017790126e-13 -4.906667295327858717e-12 2.150629789531732869e-12 1.383541340869414954e-12 -5.447731145473167371e-13 6.539148292488019537e-13 3.213432416147577059e-12 3.271846295037901351e-12 4.188400686662664916e-13 1.999381032887517819e-12 6.341047597373936375e-12 1.821500927001217354e-11 7.196550520232028325e-12 3.098250653608783048e-12 6.554202059410647687e-13 -5.394007051382399818e-13 1.822857073288971599e-13 7.591318692627520011e-13
-7.750526602515408735e-12 -2.351405371755100239e-12 -3.796497063572460010e-12 4.667850429558624657e-12 -1.087194901751182329e-11 -4.280536272550722775e-12 -3.788197436364840102e-12 9.330477292799526961e-13 1.274220360140466701e-12 -1.289417924967873834e-12 1.732189825197568952e-12 3.944413733361234408e-13 -5.802092007090429755e-13 -3.991872249481709570e-13 2.176420295434946004e-12 8.651782314168570756e-13 -1.454350478640055773e-12 1.528703634785910317e-13 1.730543326295473605e-12 7.196550520232028325e-12 1.275726932648300987e-11 4.507087329589544182e-12 9.252021970658358702e-13 -6.325362630793935831e-13 -1.532345923780402965e-13 7.000757143826470501e-13
1.530214842059362350e-12 -2.866243988998969604e-12 3.249520274596132932e-12 3.888595565378531656e-12 -8.652697398313154356e-12 2.389169248369344667e-12 -2.853698987774023842e-12 2.354483631947803341e-12 -1.941742600943168107e-12 -3.021875706158437598e-12 1.343820867339029117e-12 2.773043045874950057e-13 -5.960767139025885716e-13 -1.575738744788172445e-12 1.312263112359459958e-12 -4.631041150809992667e-13 -4.602984644454201410e-13 1.232355839122770470e-12 1.291060208355090519e-12 3.098250653608783048e-12 4.507087329589544182e-12 1.019783088956347604e-11 2.945094644886997294e-12 1.488832321690896443e-14 6.046597030267003083e-13 7.265586524876403905e-13
4.089002914496161816e-12 -4.932394877116462499e-12 -6.455912221778265785e-12 3.204081792018232199e-12 -3.477170455113029622e-13 4.674211471575312498e-13 3.964171692238237593e-13 2.342225749793474021e-13 -1.432169599006842161e-12 -1.298726170989694977e-12 1.591722648449915758e-12 2.156935075603115924e-12 -1.698465207588040160e-12 -4.805710094850743116e-13 7.374437876524169150e-13 -7.576068228942397158e-13 -3.577024876760422023e-13 3.290504434744978137e-13 -7.399746169631838206e-13 6.554202059410647687e-13 9.252021970658358702e-13 2.945094644886997294e-12 6.377041590547010426e-12 1.564615456071313694e-12 5.970268608017879413e-13 4.533370494244554426e-13
-7.066058691330034789e-12 -7.050917302722780164e-12 -5.355602363612466310e-12 -4.461180783504903969e-13 2.571520071223594534e-12 4.763693788256525369e-12 -1.991377911700283005e-13 1.828331009278729205e-12 1.798999452976996967e-13 -8.392672138412958035e-13 1.896725814167334282e-13 1.313758013955891507e-12 -1.629863990866204196e-12 -1.088712704418847155e-12 6.942270040711782461e-13 -1.218690510851682659e-13 -1.283201635205374082e-12 -7.067760719769993846e-13 -1.342186781202784182e-12 -5.394007051382399818e-13 -6.325362630793935831e-13 1.488832321690896443e-14 1.564615456071313694e-12 6.627926378135201061e-12 2.471910894606949852e-12 3.844824333921735061e-13
-3.367828894405346529e-12 -2.632386305326470156e-13 6.332702201444664401e-12 -2.728811191842046569e-12 1.834305644269738618e-12 5.788760004663589428e-12 -1.785595917686947353e-12 1.041808466592366323e-12 5.046643467736480369e-13 -1.417253240230062250e-12 -4.624009849458799230e-13 4.720880255100647201e-13 -1.419041252275753291e-12 -1.073549923127132798e-12 1.326689674304558491e-12 3.987743351461819938e-13 -5.513827127920923679e-13 -1.106531011567517019e-13 -1.683972994343688593e-13 1.822857073288971599e-13 -1.532345923780402965e-13 6.046597030267003083e-13 5.970268608017879413e-13 2.471910894606949852e-12 5.184720457435098802e-12 7.432695589086851798e-13
1.447294623681014216e-11 -6.031469031408273410e-13 1.722487218782403906e-12 -3.780363890952286029e-12 -1.051173671588211324e-12 3.461375626103777852e-12 2.814985355247137867e-12 5.864123859037500177e-13 1.727429338173470687e-12 1.503226445364341884e-13 -5.873271346328086742e-13 -1.278442202907365280e-13 -3.501118077367650547e-13 -8.381816531442420608e-13 4.903028544015119190e-13 1.006105512127136097e-12 4.029991524969317828e-13 3.997976709031423902e-13 1.127676203657756116e-13 7.591318692627520011e-13 7.000757143826470501e-13 7.265586524876403905e-13 4.533370494244554426e-13 3.844824333921735061e-13 7.432695589086851798e-13 2.729874357136095269e-12
