2.244675960714995423e-09 1.443336800916959555e-10 -1.296073488073672583e-10 9.508024936154342149e-11 1.089953450255548463e-10 -1.893805724857775282e-11 1.518984897823317654e-11 -7.032523325443977792e-12 -4.115461074722770629e-12 1.147623945129291810e-11 1.342322678880855541e-11 1.273760566805305066e-11 -1.018480833461270946e-11 -1.081866330600549539e-12 2.975123432274985054e-11 3.179466240377569572e-11 2.170377721276901853e-11 2.272548636743888244e-11 1.855212897857946441e-11 1.446673892699057783e-11 -4.921850616312443965e-13 1.814883472716697271e-11 2.089111787661221533e-11 1.830171293404722984e-11 2.075649923113188808e-12 -5.985476305774254165e-12
1.443336800916959555e-10 1.471956215390751172e-09 6.752605564424297910e-11 -2.046175736622341048e-11 -2.660279081806253804e-11 1.250335176376857299e-11 6.746469206371428110e-12 -2.814418109129230440e-11 -2.396099413840541667e-11 9.419183523699345196e-12 -1.134229022701403884e-11 -1.241095977123917945e-11 5.549778191367912266e-12 -5.192241924497182026e-12 -1.896395198638013692e-11 -2.402936925868114037e-11 -2.375749468762168023e-11 -3.026976591514768098e-12 -9.621020399643595382e-13 1.587773929088014771e-11 5.976010479534380329e-12 5.197562328957075791e-12 4.578762988942323368e-12 -3.778816161825222623e-12 -9.161470027076563573e-13 6.501178025686679303e-13
-1.296073488073672583e-10 6.752605564424297910e-11 8.626638339716084471e-10 6.657653367398061072e-11 -6.432347827389014444e-12 1.742573818636936910e-11 3.843532255688031517e-11 3.055610164079185043e-11 1.633773495562827071e-11 8.051947961657150082e-12 1.435456539828892931e-12 -1.070324172930339636e-11 -2.382598632627052906e-11 -6.410433994749880276e-12 -5.645717527551881356e-12 7.261555148161323140e-13 -4.498485288363212099e-12 -8.801655313571284519e-12 1.199537311577217766e-11 1.323395666393851553e-11 4.409627838393689919e-12 2.719270577039619295e-12 6.785556514138049474e-13 8.612310681668961198e-12 6.554697888722918602e-12 1.235551876807733549e-12
9.508024936154342149e-11 -2.046175736622341048e-11 6.657653367398061072e-11 6.418787373896286405e-10 8.004757926498183150e-12 6.867152515659455884e-11 8.965206795835681077e-13 -4.387613286247940571e-11 -1.655863095204368081e-11 -4.455755777298326152e-12 8.057332008155220817e-12 -3.204403567120706930e-13 -8.135309938961239352e-13 -4.385974354787982129e-12 5.650828578795599475e-12 3.923240403171646325e-12 1.394806576397131070e-11 1.024654421151919976e-11 3.618614661967594097e-12 -4.743871455334159896e-12 -3.442039894096370049e-12 -2.901828937245771368e-12 8.621774743418421378e-13 5.590698611151551819e-12 3.613692797921967734e-12 6.532737189275084643e-12
1.089953450255548463e-10 -2.660279081806253804e-11 -6.432347827389014444e-12 8.004757926498183150e-12 3.487867465711208702e-10 1.181324023251151040e-11 7.066532338008658640e-12 1.542831899915098722e-11 -4.528536217106850592e-12 1.203662519173083519e-11 2.433792968708217857e-12 5.852119678731250308e-12 -1.089957083631460722e-11 -8.575141628742360861e-12 -6.541306031923573066e-12 -7.258765205423290772e-12 5.418855040002618947e-12 7.536804516868966587e-12 4.228613110806429962e-12 4.143773673612105158e-12 -6.943247552519368513e-13 1.241299865508305732e-12 -3.155967213020959034e-13 -1.314687703179509417e-12 -1.818315493289523027e-12 -2.256535531449547267e-12
-1.893805724857775282e-11 1.250335176376857299e-11 1.742573818636936910e-11 6.867152515659455884e-11 1.181324023251151040e-11 2.768477497807912820e-10 1.936788318470697446e-11 4.033756680901610623e-12 8.339390880825888561e-13 1.256770106154660696e-11 6.254981554541602192e-12 1.209630605087962007e-11 9.705045668874102390e-12 2.385905100556197655e-12 -5.273732327345814056e-12 -1.399593390094642260e-12 -1.027893610020161275e-11 -1.988851858575092432e-12 2.867351108688238779e-12 -1.782516583696907898e-12 -3.125884597200251146e-12 -7.578525300643764351e-12 -1.714120852395463412e-12 -1.068204174554338289e-12 2.662567797004858949e-12 1.436564667394024550e-12
1.518984897823317654e-11 6.746469206371428110e-12 3.843532255688031517e-11 8.965206795835681077e-13 7.066532338008658640e-12 1.936788318470697446e-11 2.042050030094810433e-10 1.777029643777512872e-11 4.076618576717572724e-12 1.079520517035670932e-12 5.232746496046827811e-12 1.164136498116637947e-11 -1.957684787280402260e-12 1.280611334407439774e-12 8.040745075698962193e-13 9.281222540674701984e-13 4.172150910637885448e-12 5.399618100437705854e-12 7.444152494845606746e-12 5.168587466414168617e-12 1.805873106099099148e-12 -2.537105595019162905e-13 4.885719864967357819e-13 3.661240447900940051e-12 -2.324200356385412592e-13 9.981102550091996185e-13
-7.032523325443977792e-12 -2.814418109129230440e-11 3.055610164079185043e-11 -4.387613286247940571e-11 1.542831899915098722e-11 4.033756680901610623e-12 1.777029643777512872e-11 1.183255790227212885e-10 1.512401663467743770e-11 -1.094370050518880659e-13 9.782061669801886545e-12 4.285047117024492715e-12 -1.456668327392716185e-12 -3.427784297350562530e-12 -5.720466070562728459e-12 -4.149845787872237864e-12 -3.155429636188116396e-12 9.441592301264262439e-13 -3.699319667494947335e-12 -2.330583470246073807e-12 -3.702237905580643659e-12 -5.689079996249229715e-13 3.280314498761262254e-12 -3.239841248333242749e-13 -1.954917963158715213e-12 -1.199650549465497898e-12
-4.115461074722770629e-12 -2.396099413840541667e-11 1.633773495562827071e-11 -1.655863095204368081e-11 -4.528536217106850592e-12 8.339390880825888561e-13 4.076618576717572724e-12 1.512401663467743770e-11 9.530887804493961455e-11 1.441276984166915679e-11 1.305943310511676357e-11 1.344150809124145529e-11 6.104415979599681637e-12 3.550104311094257091e-12 6.655511432598208674e-12 1.278739409589926428e-13 -1.421615724497695291e-12 -5.507321492859971692e-13 1.991917633252470880e-12 1.529598311969326580e-12 -2.446483690657479034e-14 -4.982317263110634739e-13 1.275359485087583519e-12 1.418167131531418481e-12 1.416666678232702573e-12 -1.221526969416318836e-12
1.147623945129291810e-11 9.419183523699345196e-12 8.051947961657150082e-12 -4.455755777298326152e-12 1.203662519173083519e-11 1.256770106154660696e-11 1.079520517035670932e-12 -1.094370050518880659e-13 1.441276984166915679e-11 6.820200485212343076e-11 1.859630802735194552e-11 9.173888038294603790e-12 9.745980934774211049e-12 3.031709949785302389e-12 2.053802057608311112e-13 9.887458377315903998e-13 -2.167171512665656659e-12 -4.280649551885061700e-13 4.732373427258322138e-12 3.321383220853081838e-12 -4.368849534349394451e-14 -4.095205819101579715e-13 -2.424590534576131083e-13 -4.277404330035135431e-13 1.449328048421697719e-12 2.183197114318301643e-13
1.342322678880855541e-11 -1.134229022701403884e-11 1.435456539828892931e-12 8.057332008155220817e-12 2.433792968708217857e-12 6.254981554541602192e-12 5.232746496046827811e-12 9.782061669801886545e-12 1.305943310511676357e-11 1.859630802735194552e-11 4.691990760546488138e-11 2.565112651424703654e-11 1.143054765685645552e-11 8.273288943599767135e-12 5.296699157648390382e-12 2.067148875108448597e-12 2.551449819832759726e-12 2.598877655652548597e-12 -5.853880740073752801e-13 -1.526638831422883755e-12 8.879602465232631802e-13 -1.312801892437687755e-12 -7.912157750251796522e-13 -1.252556141980106081e-13 1.070940920954510653e-12 -5.078413198437582844e-13
1.273760566805305066e-11 -1.241095977123917945e-11 -1.070324172930339636e-11 -3.204403567120706930e-13 5.852119678731250308e-12 1.209630605087962007e-11 1.164136498116637947e-11 4.285047117024492715e-12 1.344150809124145529e-11 9.173888038294603790e-12 2.565112651424703654e-11 4.587769352229259240e-11 1.627254882603754247e-11 1.147230269349602570e-11 4.782396537585151458e-12 3.999225674314954343e-12 2.102258996879570392e-12 2.267362509829249059e-12 -7.966239283870108101e-13 4.963448738579225431e-13 2.290389058759849709e-12 -1.301669944691682335e-12 -1.669893844483629296e-13 -3.480759114058723209e-13 5.832101617857613366e-13 -2.166348774041286515e-13
-1.018480833461270946e-11 5.549778191367912266e-12 -2.382598632627052906e-11 -8.135309938961239352e-13 -1.089957083631460722e-11 9.705045668874102390e-12 -1.957684787280402260e-12 -1.456668327392716185e-12 6.104415979599681637e-12 9.745980934774211049e-12 1.143054765685645552e-11 1.627254882603754247e-11 3.742956849820471430e-11 1.783188862675324675e-11 5.891756824734612867e-12 4.718083579125684949e-12 -5.189844190668553122e-13 -5.542494387460443614e-13 -2.176173507382764688e-12 -2.053472439312270657e-12 -8.978492708747138102e-13 -6.608647918715194929e-13 -7.221746489901913982e-13 5.827556548920911880e-13 1.002057512648861462e-12 1.344092142697308472e-12
-1.081866330600549539e-12 -5.192241924497182026e-12 -6.410433994749880276e-12 -4.385974354787982129e-12 -8.575141628742360861e-12 2.385905100556197655e-12 1.280611334407439774e-12 -3.427784297350562530e-12 3.550104311094257091e-12 3.031709949785302389e-12 8.273288943599767135e-12 1.147230269349602570e-11 1.783188862675324675e-11 2.845505094585415679e-11 1.187207645861657081e-11 7.628314345975183015e-12 4.320481544776980744e-12 1.938903885852977146e-12 2.736977837629079636e-12 1.616893508905021357e-12 1.412700610357632484e-12 -1.275455305705157796e-12 -1.550778577795041641e-12 3.508658281258294155e-13 -1.931912603939240247e-13 1.052887925994764440e-12
2.975123432274985054e-11 -1.896395198638013692e-11 -5.645717527551881356e-12 5.650828578795599475e-12 -6.541306031923573066e-12 -5.273732327345814056e-12 8.040745075698962193e-13 -5.720466070562728459e-12 6.655511432598208674e-12 2.053802057608311112e-13 5.296699157648390382e-12 4.782396537585151458e-12 5.891756824734612867e-12 1.187207645861657081e-11 2.633931519743864669e-11 1.229771527946547388e-11 5.942736491180865042e-12 3.435870536791452241e-12 3.786799748995385750e-12 -3.661432339404520054e-15 1.351592828600465290e-12 1.119306308563877105e-12 3.349540797476402653e-13 1.016637451084982416e-12 -9.462355568212201889e-13 -1.971544722123629467e-12
3.179466240377569572e-11 -2.402936925868114037e-11 7.261555148161323140e-13 3.923240403171646325e-12 -7.258765205423290772e-12 -1.399593390094642260e-12 9.281222540674701984e-13 -4.149845787872237864e-12 1.278739409589926428e-13 9.887458377315903998e-13 2.067148875108448597e-12 3.999225674314954343e-12 4.718083579125684949e-12 7.628314345975183015e-12 1.229771527946547388e-11 2.172923679438107941e-11 9.845492701029924913e-12 6.953413562702932275e-12 4.361921937277625704e-12 2.471625858180764628e-12 2.254758090227287669e-12 2.722550893057163290e-13 -6.345633774005502622e-14 6.166943427529819552e-13 -7.270269477104667949e-13 -1.066665658721541812e-12
2.170377721276901853e-11 -2.375749468762168023e-11 -4.498485288363212099e-12 1.394806576397131070e-11 5.418855040002618947e-12 -1.027893610020161275e-11 4.172150910637885448e-12 -3.155429636188116396e-12 -1.421615724497695291e-12 -2.167171512665656659e-12 2.551449819832759726e-12 2.102258996879570392e-12 -5.189844190668553122e-13 4.320481544776980744e-12 5.942736491180865042e-12 9.845492701029924913e-12 1.791171915400842824e-11 8.687618678934441503e-12 4.754712911914807792e-12 3.004882571713003448e-12 3.077528089596969315e-12 1.119710452830414489e-12 3.054465790834841447e-13 1.678760804306678767e-12 -2.176614663595850196e-13 -8.041562930219574278e-13
2.272548636743888244e-11 -3.026976591514768098e-12 -8.801655313571284519e-12 1.024654421151919976e-11 7.536804516868966587e-12 -1.988851858575092432e-12 5.399618100437705854e-12 9.441592301264262439e-13 -5.507321492859971692e-13 -4.280649551885061700e-13 2.598877655652548597e-12 2.267362509829249059e-12 -5.542494387460443614e-13 1.938903885852977146e-12 3.435870536791452241e-12 6.953413562702932275e-12 8.687618678934441503e-12 1.721604132803435191e-11 9.977147754586156358e-12 4.975642901866846930e-12 2.206727675310932365e-12 3.642100723753359870e-13 -3.200258886050747256e-13 1.438887290823752853e-12 -6.291343836304688596e-13 -1.248782035871681253e-12
1.855212897857946441e-11 -9.621020399643595382e-13 1.199537311577217766e-11 3.618614661967594097e-12 4.228613110806429962e-12 2.867351108688238779e-12 7.444152494845606746e-12 -3.699319667494947335e-12 1.991917633252470880e-12 4.732373427258322138e-12 -5.853880740073752801e-13 -7.966239283870108101e-13 -2.176173507382764688e-12 2.736977837629079636e-12 3.786799748995385750e-12 4.361921937277625704e-12 4.754712911914807792e-12 9.977147754586156358e-12 1.825052746778402524e-11 9.372346696514879525e-12 3.355722492459501096e-12 1.029393878541892401e-12 -4.390655673595622834e-13 1.310328081845534129e-12 -4.180572601798080841e-13 -6.608431486287779327e-13
1.446673892699057783e-11 1.587773929088014771e-11 1.323395666393851553e-11 -4.743871455334159896e-12 4.143773673612105158e-12 -1.782516583696907898e-12 5.168587466414168617e-12 -2.330583470246073807e-12 1.529598311969326580e-12 3.321383220853081838e-12 -1.526638831422883755e-12 4.963448738579225431e-13 -2.053472439312270657e-12 1.616893508905021357e-12 -3.661432339404520054e-15 2.471625858180764628e-12 3.004882571713003448e-12 4.975642901866846930e-12 9.372346696514879525e-12 1.694142822222688813e-11 8.132062535716403756e-12 1.576647988926184585e-12 -3.577584775146728955e-13 6.380470512157590107e-13 -2.493134181955002836e-13 7.218790116587978937e-13
-4.921850616312443965e-13 5.976010479534380329e-12 4.409627838393689919e-12 -3.442039894096370049e-12 -6.943247552519368513e-13 -3.125884597200251146e-12 1.805873106099099148e-12 -3.702237905580643659e-12 -2.446483690657479034e-14 -4.368849534349394451e-14 8.879602465232631802e-13 2.290389058759849709e-12 -8.978492708747138102e-13 1.412700610357632484e-12 1.351592828600465290e-12 2.254758090227287669e-12 3.077528089596969315e-12 2.206727675310932365e-12 3.355722492459501096e-12 8.132062535716403756e-12 1.369994124472616319e-11 4.433699446303437345e-12 7.938365982574067494e-13 1.083684264476109361e-12 2.108926401487596306e-13 5.994049344517987232e-13
1.814883472716697271e-11 5.197562328957075791e-12 2.719270577039619295e-12 -2.901828937245771368e-12 1.241299865508305732e-12 -7.578525300643764351e-12 -2.537105595019162905e-13 -5.689079996249229715e-13 -4.982317263110634739e-13 -4.095205819101579715e-13 -1.312801892437687755e-12 -1.301669944691682335e-12 -6.608647918715194929e-13 -1.275455305705157796e-12 1.119306308563877105e-12 2.722550893057163290e-13 1.119710452830414489e-12 3.642100723753359870e-13 1.029393878541892401e-12 1.576647988926184585e-12 4.433699446303437345e-12 9.492176876247879364e-12 4.628081660567421702e-12 9.824053665230629853e-13 1.989235540612435543e-13 -1.781434561434180125e-13
2.089111787661221533e-11 4.578762988942323368e-12 6.785556514138049474e-13 8.621774743418421378e-13 -3.155967213020959034e-13 -1.714120852395463412e-12 4.885719864967357819e-13 3.280314498761262254e-12 1.275359485087583519e-12 -2.424590534576131083e-13 -7.912157750251796522e-13 -1.669893844483629296e-13 -7.221746489901913982e-13 -1.550778577795041641e-12 3.349540797476402653e-13 -6.345633774005502622e-14 3.054465790834841447e-13 -3.200258886050747256e-13 -4.390655673595622834e-13 -3.577584775146728955e-13 7.938365982574067494e-13 4.628081660567421702e-12 8.439776567656762125e-12 2.298447629792761621e-12 1.217291432697542418e-13 3.093241326522625859e-13
1.830171293404722984e-11 -3.778816161825222623e-12 8.612310681668961198e-12 5.590698611151551819e-12 -1.314687703179509417e-12 -1.068204174554338289e-12 3.661240447900940051e-12 -3.239841248333242749e-13 1.418167131531418481e-12 -4.277404330035135431e-13 -1.252556141980106081e-13 -3.480759114058723209e-13 5.827556548920911880e-13 3.508658281258294155e-13 1.016637451084982416e-12 6.166943427529819552e-13 1.678760804306678767e-12 1.438887290823752853e-12 1.310328081845534129e-12 6.380470512157590107e-13 1.083684264476109361e-12 9.824053665230629853e-13 2.298447629792761621e-12 6.642646309058407287e-12 1.879313185110888547e-12 -3.585976103413822658e-13
2.075649923113188808e-12 -9.161470027076563573e-13 6.554697888722918602e-12 3.613692797921967734e-12 -1.818315493289523027e-12 2.662567797004858949e-12 -2.324200356385412592e-13 -1.954917963158715213e-12 1.416666678232702573e-12 1.449328048421697719e-12 1.070940920954510653e-12 5.832101617857613366e-13 1.002057512648861462e-12 -1.931912603939240247e-13 -9.462355568212201889e-13 -7.270269477104667949e-13 -2.176614663595850196e-13 -6.291343836304688596e-13 -4.180572601798080841e-13 -2.493134181955002836e-13 2.108926401487596306e-13 1.989235540612435543e-13 1.217291432697542418e-13 1.879313185110888547e-12 4.885435178065775580e-12 1.289310486011564385e-12
-5.985476305774254165e-12 6.501178025686679303e-13 1.235551876807733549e-12 6.532737189275084643e-12 -2.256535531449547267e-12 1.436564667394024550e-12 9.981102550091996185e-13 -1.199650549465497898e-12 -1.221526969416318836e-12 2.183197114318301643e-13 -5.078413198437582844e-13 -2.166348774041286515e-13 1.344092142697308472e-12 1.052887925994764440e-12 -1.971544722123629467e-12 -1.066665658721541812e-12 -8.041562930219574278e-13 -1.248782035871681253e-12 -6.608431486287779327e-13 7.218790116587978937e-13 5.994049344517987232e-13 -1.781434561434180125e-13 3.093241326522625859e-13 -3.585976103413822658e-13 1.289310486011564385e-12 4.933766501801991849e-12
