1.650501218856256223e-09 4.172144880787861283e-11 7.766238165198351758e-11 1.282833759930105620e-10 2.185182968278277559e-11 1.267544324749162114e-10 -5.775707238705143037e-12 -1.502802346277589179e-11 1.044775043051442664e-11 2.054182168496897068e-11 3.386140784335695448e-11 1.130005662372603229e-11 1.630233635758766727e-11 9.681178675805945532e-12 -5.555100221791713105e-12 8.037816201211559490e-12 2.044149499517753666e-11 2.160178432067972951e-11 1.795011896696852061e-11 1.987575266591189740e-11 7.809362976407778864e-12 -4.187547890097246004e-12 -8.141677913430255986e-12 -3.213204898080213240e-12 -7.878201936947833517e-12 -6.152902808656625820e-12
4.172144880787861283e-11 9.984442937929268907e-10 -6.731231786336417399e-12 2.230547855424877521e-11 -2.514611928643080957e-12 2.113213444404960365e-11 4.117843949177785146e-11 2.909030672168109450e-11 -3.158940895933825559e-13 1.063741635798857031e-12 1.846606362512577371e-11 -8.538074202740898695e-12 7.471834626376074246e-12 1.000571152033222127e-11 1.189460797781623210e-11 2.543731131987603731e-12 5.567612013610312957e-12 1.236591199632445093e-11 1.487288949546460764e-11 3.234403962817358966e-12 4.175042827902250385e-12 1.916672141154375876e-11 2.235321339330224363e-11 1.598644572464399604e-11 1.465889167365251037e-12 -4.929061768088903373e-12
7.766238165198351758e-11 -6.731231786336417399e-12 6.341648964436018080e-10 9.518453525968267932e-11 1.985647325411333125e-11 7.036084855103957236e-12 -4.988345762585951479e-12 4.260439423999107562e-13 -5.316372721815175162e-12 3.359205778839358173e-12 2.015706270895098006e-12 -3.914555492669241533e-12 -1.106034392160413838e-11 -1.193282644650786088e-11 -1.165462133567625965e-11 -1.756886528564531581e-11 -6.938272229562847158e-12 -7.274208554584409975e-13 7.244015327119349207e-12 1.248759912075327061e-11 1.116427663422384520e-11 -6.767629556657812016e-13 -4.512037228698245195e-12 -9.502585983713992629e-12 4.375975233022487578e-13 9.423076921244117073e-13
1.282833759930105620e-10 2.230547855424877521e-11 9.518453525968267932e-11 4.454508197258149388e-10 3.838999218892202054e-11 1.802131552791135470e-11 -1.595058309402024456e-11 1.232168313746249602e-11 1.317045040917753953e-11 1.690822453646312205e-11 2.257702400350248118e-12 2.813885600531021805e-12 1.006508214902367019e-11 1.114331647556219585e-11 1.045184668610860976e-11 6.788331513141694326e-12 1.185563098582013209e-11 5.948133311812040099e-12 7.732911401115201847e-12 1.067257978709198713e-11 6.955995337596462649e-12 5.460773984887300199e-12 -6.301117709589576936e-13 -2.392998989265378540e-12 -1.229523368497734673e-13 3.005537921584991050e-12
2.185182968278277559e-11 -2.514611928643080957e-12 1.985647325411333125e-11 3.838999218892202054e-11 2.777038504247747906e-10 1.821313940151962503e-11 3.689962351769710011e-12 1.028807586179190064e-11 1.766901353103210846e-11 -1.285016740834968518e-12 3.324809017129218638e-12 1.011577913370754799e-11 3.078306537404211089e-12 -1.614528751557810985e-13 3.394973677805957109e-12 3.167164454594932717e-12 4.035087545198988921e-12 -1.426187180470725578e-12 -6.251339174222795380e-12 -3.203654087217299739e-13 -2.951344458101961033e-12 1.345208098496437672e-12 -5.061906209932013770e-13 -1.270929838232682119e-12 3.808326531628199060e-13 2.108766199024409471e-12
1.267544324749162114e-10 2.113213444404960365e-11 7.036084855103957236e-12 1.802131552791135470e-11 1.821313940151962503e-11 2.021383074459277928e-10 2.044799884494438625e-11 -2.628481719288279813e-12 -4.631222347125787765e-13 9.995789324693446558e-12 2.433541087504186360e-12 9.318922228747196545e-12 4.612304877711298557e-12 1.208596987354181748e-11 5.630871216945307497e-12 2.169454103655022092e-12 2.945647413856685858e-12 6.113680379045054227e-12 3.346604464378281651e-12 5.699528968617169717e-12 3.060146903207874946e-12 5.827836725520629480e-12 2.405529482946052717e-12 -4.601621089238508634e-13 1.893464038373123266e-12 -2.120002868205606351e-13
-5.775707238705143037e-12 4.117843949177785146e-11 -4.988345762585951479e-12 -1.595058309402024456e-11 3.689962351769710011e-12 2.044799884494438625e-11 1.531397691408027773e-10 3.431358909175662466e-11 1.296502093607550790e-11 9.658700558910869333e-12 1.177991916212147124e-11 4.390002916869617270e-12 6.213839801347176306e-12 4.322463800370884597e-12 1.876905596529203273e-12 1.862138462766427586e-12 1.981537621792734704e-12 -9.854104405558782057e-13 -1.606033263297942968e-12 3.545576378281098588e-12 4.593994348097541120e-12 2.687662456560346498e-12 -1.355805896418493853e-12 -7.414678534348735934e-13 4.556654260930029386e-12 2.089710701000254008e-12
-1.502802346277589179e-11 2.909030672168109450e-11 4.260439423999107562e-13 1.232168313746249602e-11 1.028807586179190064e-11 -2.628481719288279813e-12 3.431358909175662466e-11 1.214694900987167921e-10 2.549049896747416730e-11 1.072519742360629327e-11 6.474337949517031217e-12 1.643017673610026652e-12 3.779267119079673544e-12 -2.468412342275585617e-12 2.284159969661273150e-12 5.827573916175558891e-13 -7.955968574884728121e-13 -8.708558335298452794e-13 4.598122822057019229e-13 1.729241941114902181e-12 2.792042436236537432e-12 3.290237256059035637e-13 -2.445826740721298209e-12 -2.185616101313822823e-12 2.071801977237532893e-12 1.796958751981885503e-12
1.044775043051442664e-11 -3.158940895933825559e-13 -5.316372721815175162e-12 1.317045040917753953e-11 1.766901353103210846e-11 -4.631222347125787765e-13 1.296502093607550790e-11 2.549049896747416730e-11 8.689253348177170713e-11 1.518886155619184599e-11 6.906311029369167257e-12 9.073774387408277188e-12 3.546649104193998288e-12 -1.343644254112661577e-12 1.995707017352543666e-12 1.532966646147431909e-12 2.569759762359936282e-12 4.934673606043987070e-13 2.245713975929955686e-13 -2.962582351751527813e-13 -6.655841396339169059e-13 2.402337648624919968e-12 -1.227678519599523404e-12 2.532287254229401568e-13 2.051945351300039235e-12 3.470684850294797682e-12
2.054182168496897068e-11 1.063741635798857031e-12 3.359205778839358173e-12 1.690822453646312205e-11 -1.285016740834968518e-12 9.995789324693446558e-12 9.658700558910869333e-12 1.072519742360629327e-11 1.518886155619184599e-11 5.922149590420271496e-11 1.638286107834353244e-11 9.871361060718901481e-12 2.113664612902562247e-12 4.575472873440083711e-12 3.413154225632966710e-12 2.777831399102543053e-12 4.479026554988213909e-12 2.234430441907716361e-12 2.091127905929965921e-12 -6.678264961112472273e-13 -3.677362877299384426e-12 -3.641693683209207078e-12 -2.656261964494966731e-12 -2.711212779738365706e-13 2.115184933239439751e-12 1.893225511671353481e-12
3.386140784335695448e-11 1.846606362512577371e-11 2.015706270895098006e-12 2.257702400350248118e-12 3.324809017129218638e-12 2.433541087504186360e-12 1.177991916212147124e-11 6.474337949517031217e-12 6.906311029369167257e-12 1.638286107834353244e-11 4.672975310718386273e-11 1.318720337263315730e-11 4.739586820930619734e-12 5.851263863997654987e-12 2.266109366004153927e-12 4.517029296524674357e-12 -5.034913211629298334e-13 1.312367697971162112e-12 3.534238361941608615e-12 9.456555603079870222e-13 -1.087757773910840958e-12 -1.668758158178286039e-12 7.274102982027606905e-13 8.975588610163846397e-13 9.793811369970655678e-13 3.466970375685161752e-13
1.130005662372603229e-11 -8.538074202740898695e-12 -3.914555492669241533e-12 2.813885600531021805e-12 1.011577913370754799e-11 9.318922228747196545e-12 4.390002916869617270e-12 1.643017673610026652e-12 9.073774387408277188e-12 9.871361060718901481e-12 1.318720337263315730e-11 3.914450765975985501e-11 1.206209032333838695e-11 9.126544906959630300e-12 3.817339504568466908e-12 4.135337067006793348e-12 3.686145121811421508e-12 3.168755837368400674e-12 3.732438178542345189e-12 1.510126226872808589e-12 -4.637957849769851926e-15 -9.155658835289586723e-13 -3.907986372779103176e-13 3.146362515021888497e-14 6.261325047511138047e-13 1.283031044516024817e-12
1.630233635758766727e-11 7.471834626376074246e-12 -1.106034392160413838e-11 1.006508214902367019e-11 3.078306537404211089e-12 4.612304877711298557e-12 6.213839801347176306e-12 3.779267119079673544e-12 3.546649104193998288e-12 2.113664612902562247e-12 4.739586820930619734e-12 1.206209032333838695e-11 2.858176982999418332e-11 1.165829300302085240e-11 6.068066188904066623e-12 1.680757483627349149e-12 2.280279283525777270e-12 1.841704218901029861e-12 2.792464054816807521e-12 2.410329609200885919e-12 8.040166012775392559e-13 -9.598255595579928310e-13 -4.452722819319503194e-13 6.079944693182547763e-13 -3.296114515420882439e-13 -2.303051045856996196e-12
9.681178675805945532e-12 1.000571152033222127e-11 -1.193282644650786088e-11 1.114331647556219585e-11 -1.614528751557810985e-13 1.208596987354181748e-11 4.322463800370884597e-12 -2.468412342275585617e-12 -1.343644254112661577e-12 4.575472873440083711e-12 5.851263863997654987e-12 9.126544906959630300e-12 1.165829300302085240e-11 2.286463516514778801e-11 9.907288546077189504e-12 3.640006233479292142e-12 2.328554839700302221e-12 2.259426166073785775e-12 3.073550168401884453e-12 5.735072206863718364e-14 6.365740346758072682e-13 1.487395688311207543e-12 2.780908036453741925e-12 2.459523744652569508e-12 4.063731681441599247e-14 -1.176369403124526960e-13
-5.555100221791713105e-12 1.189460797781623210e-11 -1.165462133567625965e-11 1.045184668610860976e-11 3.394973677805957109e-12 5.630871216945307497e-12 1.876905596529203273e-12 2.284159969661273150e-12 1.995707017352543666e-12 3.413154225632966710e-12 2.266109366004153927e-12 3.817339504568466908e-12 6.068066188904066623e-12 9.907288546077189504e-12 2.096706503460750672e-11 1.105637464413329696e-11 7.747780582248491478e-12 4.433268511264047267e-12 2.410137744010834703e-12 1.010745285054396308e-12 1.517215793457016976e-12 2.300521351582865787e-12 1.904582454192610322e-12 1.254690578996469923e-12 -4.116553839056093297e-13 1.974124562314023638e-13
8.037816201211559490e-12 2.543731131987603731e-12 -1.756886528564531581e-11 6.788331513141694326e-12 3.167164454594932717e-12 2.169454103655022092e-12 1.862138462766427586e-12 5.827573916175558891e-13 1.532966646147431909e-12 2.777831399102543053e-12 4.517029296524674357e-12 4.135337067006793348e-12 1.680757483627349149e-12 3.640006233479292142e-12 1.105637464413329696e-11 1.854628640038651798e-11 1.173606223061731291e-11 5.991221076359627853e-12 3.322180980922531239e-12 2.752136862424709833e-12 1.065625640572112323e-12 1.823768759971499209e-12 1.832035132315356681e-12 1.031351028077413821e-12 -2.089832492728570145e-14 9.882594463306035354e-13
2.044149499517753666e-11 5.567612013610312957e-12 -6.938272229562847158e-12 1.185563098582013209e-11 4.035087545198988921e-12 2.945647413856685858e-12 1.981537621792734704e-12 -7.955968574884728121e-13 2.569759762359936282e-12 4.479026554988213909e-12 -5.034913211629298334e-13 3.686145121811421508e-12 2.280279283525777270e-12 2.328554839700302221e-12 7.747780582248491478e-12 1.173606223061731291e-11 2.321826839550177614e-11 1.372319363719701066e-11 6.941356135948797660e-12 4.132585930370539127e-12 4.043780386862272003e-13 -1.345723539070367120e-13 -5.312838043379853528e-13 -2.378933370823919478e-13 -6.717660858366408001e-13 -1.499603608489455601e-13
2.160178432067972951e-11 1.236591199632445093e-11 -7.274208554584409975e-13 5.948133311812040099e-12 -1.426187180470725578e-12 6.113680379045054227e-12 -9.854104405558782057e-13 -8.708558335298452794e-13 4.934673606043987070e-13 2.234430441907716361e-12 1.312367697971162112e-12 3.168755837368400674e-12 1.841704218901029861e-12 2.259426166073785775e-12 4.433268511264047267e-12 5.991221076359627853e-12 1.372319363719701066e-11 1.702651337161418763e-11 1.093704158887648682e-11 6.496474225396901796e-12 1.854339728739233402e-12 4.240562591951483207e-13 8.590118342142970841e-13 1.210045938659279650e-12 1.015011763420257027e-13 -2.420794670219794730e-13
1.795011896696852061e-11 1.487288949546460764e-11 7.244015327119349207e-12 7.732911401115201847e-12 -6.251339174222795380e-12 3.346604464378281651e-12 -1.606033263297942968e-12 4.598122822057019229e-13 2.245713975929955686e-13 2.091127905929965921e-12 3.534238361941608615e-12 3.732438178542345189e-12 2.792464054816807521e-12 3.073550168401884453e-12 2.410137744010834703e-12 3.322180980922531239e-12 6.941356135948797660e-12 1.093704158887648682e-11 1.742153038588210884e-11 9.694069724208267342e-12 3.261239584105422533e-12 4.719079573878842587e-13 1.264151482217039231e-12 7.467490418419383583e-13 1.975046886494622912e-14 -5.633824861248322151e-13
1.987575266591189740e-11 3.234403962817358966e-12 1.248759912075327061e-11 1.067257978709198713e-11 -3.203654087217299739e-13 5.699528968617169717e-12 3.545576378281098588e-12 1.729241941114902181e-12 -2.962582351751527813e-13 -6.678264961112472273e-13 9.456555603079870222e-13 1.510126226872808589e-12 2.410329609200885919e-12 5.735072206863718364e-14 1.010745285054396308e-12 2.752136862424709833e-12 4.132585930370539127e-12 6.496474225396901796e-12 9.694069724208267342e-12 1.464866263526684803e-11 7.336631990157752661e-12 2.656689753265100304e-12 1.090277438554907929e-12 -3.063590153404320033e-13 -6.607686126810428228e-13 -1.066247104323155435e-12
7.809362976407778864e-12 4.175042827902250385e-12 1.116427663422384520e-11 6.955995337596462649e-12 -2.951344458101961033e-12 3.060146903207874946e-12 4.593994348097541120e-12 2.792042436236537432e-12 -6.655841396339169059e-13 -3.677362877299384426e-12 -1.087757773910840958e-12 -4.637957849769851926e-15 8.040166012775392559e-13 6.365740346758072682e-13 1.517215793457016976e-12 1.065625640572112323e-12 4.043780386862272003e-13 1.854339728739233402e-12 3.261239584105422533e-12 7.336631990157752661e-12 1.288770853194990020e-11 7.207264889700911245e-12 2.612518513309676341e-12 7.383371480641195189e-13 -4.792597170779794571e-13 -5.130597269669345020e-13
-4.187547890097246004e-12 1.916672141154375876e-11 -6.767629556657812016e-13 5.460773984887300199e-12 1.345208098496437672e-12 5.827836725520629480e-12 2.687662456560346498e-12 3.290237256059035637e-13 2.402337648624919968e-12 -3.641693683209207078e-12 -1.668758158178286039e-12 -9.155658835289586723e-13 -9.598255595579928310e-13 1.487395688311207543e-12 2.300521351582865787e-12 1.823768759971499209e-12 -1.345723539070367120e-13 4.240562591951483207e-13 4.719079573878842587e-13 2.656689753265100304e-12 7.207264889700911245e-12 1.299116309144914272e-11 7.331941607541402487e-12 3.383851960335711702e-12 -4.569194819082874257e-14 1.896774106150286318e-13
-8.141677913430255986e-12 2.235321339330224363e-11 -4.512037228698245195e-12 -6.301117709589576936e-13 -5.061906209932013770e-13 2.405529482946052717e-12 -1.355805896418493853e-12 -2.445826740721298209e-12 -1.227678519599523404e-12 -2.656261964494966731e-12 7.274102982027606905e-13 -3.907986372779103176e-13 -4.452722819319503194e-13 2.780908036453741925e-12 1.904582454192610322e-12 1.832035132315356681e-12 -5.312838043379853528e-13 8.590118342142970841e-13 1.264151482217039231e-12 1.090277438554907929e-12 2.612518513309676341e-12 7.331941607541402487e-12 1.337795178814695438e-11 6.827662962807780763e-12 2.890358567961603674e-13 -2.269068798253383658e-13
-3.213204898080213240e-12 1.598644572464399604e-11 -9.502585983713992629e-12 -2.392998989265378540e-12 -1.270929838232682119e-12 -4.601621089238508634e-13 -7.414678534348735934e-13 -2.185616101313822823e-12 2.532287254229401568e-13 -2.711212779738365706e-13 8.975588610163846397e-13 3.146362515021888497e-14 6.079944693182547763e-13 2.459523744652569508e-12 1.254690578996469923e-12 1.031351028077413821e-12 -2.378933370823919478e-13 1.210045938659279650e-12 7.467490418419383583e-13 -3.063590153404320033e-13 7.383371480641195189e-13 3.383851960335711702e-12 6.827662962807780763e-12 1.044850426741757157e-11 2.841981960995208514e-12 -3.275657284464728545e-13
-7.878201936947833517e-12 1.465889167365251037e-12 4.375975233022487578e-13 -1.229523368497734673e-13 3.808326531628199060e-13 1.893464038373123266e-12 4.556654260930029386e-12 2.071801977237532893e-12 2.051945351300039235e-12 2.115184933239439751e-12 9.793811369970655678e-13 6.261325047511138047e-13 -3.296114515420882439e-13 4.063731681441599247e-14 -4.116553839056093297e-13 -2.089832492728570145e-14 -6.717660858366408001e-13 1.015011763420257027e-13 1.975046886494622912e-14 -6.607686126810428228e-13 -4.792597170779794571e-13 -4.569194819082874257e-14 2.890358567961603674e-13 2.841981960995208514e-12 5.903068993406130188e-12 2.143052304353535530e-12
-6.152902808656625820e-12 -4.929061768088903373e-12 9.423076921244117073e-13 3.005537921584991050e-12 2.108766199024409471e-12 -2.120002868205606351e-13 2.089710701000254008e-12 1.796958751981885503e-12 3.470684850294797682e-12 1.893225511671353481e-12 3.466970375685161752e-13 1.283031044516024817e-12 -2.303051045856996196e-12 -1.176369403124526960e-13 1.974124562314023638e-13 9.882594463306035354e-13 -1.499603608489455601e-13 -2.420794670219794730e-13 -5.633824861248322151e-13 -1.066247104323155435e-12 -5.130597269669345020e-13 1.896774106150286318e-13 -2.269068798253383658e-13 -3.275657284464728545e-13 2.143052304353535530e-12 5.678476449287689474e-12
