1.558151394485746519e-09 1.359378977439277779e-11 8.068153896340841451e-11 -1.630903956552975649e-11 -1.458731655200012768e-11 4.733242387359129586e-12 -1.655932044977325156e-11 -4.616535389037297195e-11 1.425070863380823637e-11 1.497230441385799797e-12 -4.879665823947631946e-12 -6.124254973549200659e-12 -6.926938086754535859e-12 2.223053345112375774e-12 -4.288083398759710510e-12 1.995284952834249536e-12 1.023959389777369490e-11 -4.565838665267125839e-12 -2.941396666838502596e-12 -4.618838618069994071e-12 1.232237358381146733e-11 1.321371060287681158e-11 4.764226880750900103e-12 4.309444472190610317e-12 -7.978613838174056336e-12 -4.753312592356865635e-12
1.359378977439277779e-11 1.090680744375511426e-09 2.561765171910316046e-11 6.245492444588840098e-11 4.855363795068110359e-11 -9.701032493754050619e-12 -5.465572439600244996e-12 1.150004290499501858e-11 -4.330717392648670668e-12 9.384609129280031039e-12 8.091793215645616441e-12 6.361682127969202396e-12 -1.670759505882917317e-11 -1.726555240316887102e-11 -1.128034149330073938e-12 2.245531389389718281e-11 2.540114580291991834e-11 2.569041771248711468e-11 5.791003413075534149e-12 7.027323429640034050e-12 1.342856161888547325e-12 -7.052373855559429571e-12 -6.171893290595882727e-12 -1.888013686386171677e-12 -3.282847676976360022e-12 1.913820320423730903e-12
8.068153896340841451e-11 2.561765171910316046e-11 7.183313536512126084e-10 9.458399213233394604e-11 -4.962250636235550783e-12 1.586119691241511194e-11 2.695638615445818302e-11 1.688558678241284237e-11 1.080060825546698021e-11 1.026354254160573557e-11 1.037628316190624598e-11 7.800392044366963055e-12 -1.252623194383146249e-11 1.941685798584598630e-12 -5.543817307956272422e-12 -8.523255614745659721e-12 -8.507358324624541644e-12 -2.635314923851965016e-12 -4.464581888123057464e-12 -7.418406151862731062e-12 -8.116686082879608593e-12 -4.601192576357771717e-12 -2.660585951185316052e-12 -4.561126537220435969e-12 5.329064910463542242e-12 6.754021593679819949e-12
-1.630903956552975649e-11 6.245492444588840098e-11 9.458399213233394604e-11 5.263515715079971073e-10 4.579896288367868145e-12 -7.578263673033875456e-12 3.018984263647003860e-11 2.622960949754724173e-11 -9.618074377930075812e-13 7.360288049252340624e-13 3.785162173650243635e-12 3.646526403372560513e-12 6.638370616017612682e-13 6.429832747140379521e-12 5.460590609581660159e-12 3.657001200654997953e-12 1.601653785439411579e-11 1.326597305291922864e-11 1.835058312915510889e-11 3.324489448107904916e-12 -4.924625294854276928e-12 -6.598333933506800201e-12 -6.703206735166765229e-12 -3.103585522691710443e-12 -8.242147583810590084e-12 2.386362947663034256e-13
-1.458731655200012768e-11 4.855363795068110359e-11 -4.962250636235550783e-12 4.579896288367868145e-12 2.865629795629106089e-10 2.181524454323202928e-11 1.702821974153445244e-11 1.723955281697009897e-12 5.421097744603375443e-12 -5.230316063114337127e-12 2.674413547214049781e-12 1.995107702441953746e-12 1.952949340561064348e-12 -2.188498644048810150e-12 -3.615905663930603627e-12 -7.889439258943233563e-12 -5.700850411278821835e-12 -1.865539387897980701e-12 -3.456609971880769094e-12 2.136024527823814279e-12 1.582233623586888431e-12 3.162709279358616138e-12 -1.977787562852307859e-12 1.672898969726669356e-12 7.222073625031089970e-13 4.276542135285294080e-12
4.733242387359129586e-12 -9.701032493754050619e-12 1.586119691241511194e-11 -7.578263673033875456e-12 2.181524454323202928e-11 2.136142215998524067e-10 2.766620498225532135e-11 5.673517847721983178e-12 8.680808610955647790e-12 -6.196715163647118068e-13 -1.590473773930228663e-14 -4.270372297379024332e-12 1.627647114109990928e-12 7.118824574780293447e-12 -7.697736843481293447e-14 -2.542353206293725057e-12 1.018028583525955794e-12 -8.577853940570187975e-13 6.951942863191831567e-13 1.136762472072986627e-13 7.579112867730333332e-13 3.332026941402582937e-12 -1.172785783012611704e-12 -5.548075694298514109e-12 -2.582756058267975503e-12 2.475419516730381881e-12
-1.655932044977325156e-11 -5.465572439600244996e-12 2.695638615445818302e-11 3.018984263647003860e-11 1.702821974153445244e-11 2.766620498225532135e-11 1.415915106484851774e-10 2.723801619173471410e-11 3.202712384677674650e-12 -2.823937007091950179e-12 -5.642321408473615712e-12 -3.852386863012715576e-12 -5.045720043101409072e-12 -1.920162872890192860e-12 -9.678002534460726798e-12 -3.028723123861443876e-12 5.987460550675475294e-13 5.620087839786127184e-13 2.059732602735969786e-12 2.259299891973307340e-12 -9.345767096007692758e-13 -7.290040419160610501e-13 -2.278655968576769681e-12 -6.037388747972688231e-13 -1.605908380634933704e-14 1.185108846251402780e-12
-4.616535389037297195e-11 1.150004290499501858e-11 1.688558678241284237e-11 2.622960949754724173e-11 1.723955281697009897e-12 5.673517847721983178e-12 2.723801619173471410e-11 8.641747415903333059e-11 1.726151962120799518e-11 7.128065145210638760e-12 5.778259854902459144e-12 4.596783126675727279e-12 -3.351868591839607524e-12 7.490919915356744888e-13 -4.196529486828115478e-12 -8.397143893928851684e-13 -2.554382067241231094e-12 4.487878034294683745e-12 4.792654504979657532e-12 3.189105081032391437e-12 1.377579315530606476e-12 2.671023216188455199e-12 2.146851458536767921e-14 4.305601217672972924e-13 7.031725132508528629e-13 7.937707356249563185e-13
1.425070863380823637e-11 -4.330717392648670668e-12 1.080060825546698021e-11 -9.618074377930075812e-13 5.421097744603375443e-12 8.680808610955647790e-12 3.202712384677674650e-12 1.726151962120799518e-11 7.874287125898359424e-11 1.983539824733247568e-11 8.511652035301054191e-12 9.472948294717378805e-12 1.087878666495768207e-11 5.453219060109243987e-12 -5.302380845035280095e-13 7.640200646221911794e-13 2.116590734214938624e-12 1.152562096977522925e-12 2.512641897062654555e-12 2.295753764652957202e-12 -5.903247244241352794e-14 -7.661883593024309075e-13 -2.115490091575482483e-12 -1.890921886495165855e-12 -1.493747327434235066e-12 -3.635768777476995238e-12
1.497230441385799797e-12 9.384609129280031039e-12 1.026354254160573557e-11 7.360288049252340624e-13 -5.230316063114337127e-12 -6.196715163647118068e-13 -2.823937007091950179e-12 7.128065145210638760e-12 1.983539824733247568e-11 5.488650337694356340e-11 1.345570946181009978e-11 1.101852735115171086e-11 6.918486694036381649e-12 4.617528119598200956e-12 1.850330106556401061e-12 -2.750677322067830237e-13 2.024036892250661581e-12 2.814739275643049487e-12 1.558528304013103953e-12 1.979362913446040796e-12 1.348367227748004312e-12 2.486357399382138525e-12 2.258603924828669744e-12 -1.283511867177804224e-12 -2.073759280775941529e-12 -1.605347121154410854e-12
-4.879665823947631946e-12 8.091793215645616441e-12 1.037628316190624598e-11 3.785162173650243635e-12 2.674413547214049781e-12 -1.590473773930228663e-14 -5.642321408473615712e-12 5.778259854902459144e-12 8.511652035301054191e-12 1.345570946181009978e-11 4.599950648677347142e-11 1.548695127036513405e-11 7.294543846871846005e-12 -3.386937318440534661e-12 1.432637973952395227e-12 -1.214058457143071421e-12 -6.992211460648561365e-13 7.922902851933717370e-13 -7.975338196516281487e-14 1.607307711583024889e-12 -6.790875028424617396e-13 2.489288664998584488e-12 2.285502657670636278e-12 -4.992882923831192884e-13 -2.013858741846598790e-12 -1.849351493743450253e-12
-6.124254973549200659e-12 6.361682127969202396e-12 7.800392044366963055e-12 3.646526403372560513e-12 1.995107702441953746e-12 -4.270372297379024332e-12 -3.852386863012715576e-12 4.596783126675727279e-12 9.472948294717378805e-12 1.101852735115171086e-11 1.548695127036513405e-11 3.318860601278030276e-11 1.198768056598486546e-11 2.188778590394756401e-12 6.033122442024832884e-12 1.787588337243619357e-12 -4.886622242184855046e-13 -2.143884387211347093e-13 -1.351937787912847316e-13 3.507295574230822681e-13 -1.726519611267167245e-12 -1.670000163232249364e-12 2.445891283206594890e-13 7.391914141362744355e-13 -5.746841937681976993e-13 -4.907286358993661259e-13
-6.926938086754535859e-12 -1.670759505882917317e-11 -1.252623194383146249e-11 6.638370616017612682e-13 1.952949340561064348e-12 1.627647114109990928e-12 -5.045720043101409072e-12 -3.351868591839607524e-12 1.087878666495768207e-11 6.918486694036381649e-12 7.294543846871846005e-12 1.198768056598486546e-11 2.948695014975529526e-11 8.810520065154714139e-12 6.509684123289052577e-12 3.544060863957581338e-12 1.620178830461691222e-12 5.195110652439959690e-13 -1.218924371861586860e-13 6.899374499932037588e-13 2.488511873323953797e-13 1.266769906101153140e-12 8.852910899610494062e-13 -4.857952177214309749e-13 -8.505364310268153097e-13 -5.480344327681564979e-13
2.223053345112375774e-12 -1.726555240316887102e-11 1.941685798584598630e-12 6.429832747140379521e-12 -2.188498644048810150e-12 7.118824574780293447e-12 -1.920162872890192860e-12 7.490919915356744888e-13 5.453219060109243987e-12 4.617528119598200956e-12 -3.386937318440534661e-12 2.188778590394756401e-12 8.810520065154714139e-12 2.120339957070883302e-11 1.000396897887714139e-11 5.157320318832864335e-12 2.106086405972047635e-12 4.393881334974427474e-13 -3.123633380579585686e-13 -1.276967680381198263e-12 -1.589460196531588362e-12 -9.623845806773288911e-13 -7.256135463706070352e-13 -1.329846088427360542e-12 3.622503500994628484e-14 1.110633503146188008e-12
-4.288083398759710510e-12 -1.128034149330073938e-12 -5.543817307956272422e-12 5.460590609581660159e-12 -3.615905663930603627e-12 -7.697736843481293447e-14 -9.678002534460726798e-12 -4.196529486828115478e-12 -5.302380845035280095e-13 1.850330106556401061e-12 1.432637973952395227e-12 6.033122442024832884e-12 6.509684123289052577e-12 1.000396897887714139e-11 2.230197105903739282e-11 9.217938724178914867e-12 3.677314569975878256e-12 2.599749491717751748e-12 7.879661568309242654e-13 -5.921480546250083768e-13 -6.703880494613200520e-13 -2.028605296812584202e-12 -1.219928661685763541e-12 -5.792139545397295389e-13 7.012619388597846500e-13 1.146817226680398601e-12
1.995284952834249536e-12 2.245531389389718281e-11 -8.523255614745659721e-12 3.657001200654997953e-12 -7.889439258943233563e-12 -2.542353206293725057e-12 -3.028723123861443876e-12 -8.397143893928851684e-13 7.640200646221911794e-13 -2.750677322067830237e-13 -1.214058457143071421e-12 1.787588337243619357e-12 3.544060863957581338e-12 5.157320318832864335e-12 9.217938724178914867e-12 1.711500959127203887e-11 7.412215131107533398e-12 4.922917482136129903e-12 3.310145558668800154e-12 1.149840576936331874e-12 1.176930018641456854e-13 -1.970069251136994363e-12 -1.673082241786257129e-12 -1.365277078317392592e-13 -2.019194979814576681e-13 1.466197966766771061e-13
1.023959389777369490e-11 2.540114580291991834e-11 -8.507358324624541644e-12 1.601653785439411579e-11 -5.700850411278821835e-12 1.018028583525955794e-12 5.987460550675475294e-13 -2.554382067241231094e-12 2.116590734214938624e-12 2.024036892250661581e-12 -6.992211460648561365e-13 -4.886622242184855046e-13 1.620178830461691222e-12 2.106086405972047635e-12 3.677314569975878256e-12 7.412215131107533398e-12 1.753803824120773415e-11 1.083259769688534187e-11 6.623983069866251325e-12 2.247452273999762320e-12 1.429666688728402198e-12 -1.229383157434436165e-12 -1.343262988626777495e-12 -2.312028648040369772e-13 -1.270670516547703890e-12 -8.267651373364668778e-13
-4.565838665267125839e-12 2.569041771248711468e-11 -2.635314923851965016e-12 1.326597305291922864e-11 -1.865539387897980701e-12 -8.577853940570187975e-13 5.620087839786127184e-13 4.487878034294683745e-12 1.152562096977522925e-12 2.814739275643049487e-12 7.922902851933717370e-13 -2.143884387211347093e-13 5.195110652439959690e-13 4.393881334974427474e-13 2.599749491717751748e-12 4.922917482136129903e-12 1.083259769688534187e-11 1.781148925360851690e-11 1.032167083068918554e-11 4.833418307954700344e-12 1.682060216290622128e-12 -5.083491750449415730e-13 -5.568976879874956001e-13 -1.044688347985492693e-13 -8.257973764577948332e-13 -1.170100718843686275e-14
-2.941396666838502596e-12 5.791003413075534149e-12 -4.464581888123057464e-12 1.835058312915510889e-11 -3.456609971880769094e-12 6.951942863191831567e-13 2.059732602735969786e-12 4.792654504979657532e-12 2.512641897062654555e-12 1.558528304013103953e-12 -7.975338196516281487e-14 -1.351937787912847316e-13 -1.218924371861586860e-13 -3.123633380579585686e-13 7.879661568309242654e-13 3.310145558668800154e-12 6.623983069866251325e-12 1.032167083068918554e-11 1.497378278604260069e-11 7.717730398487697656e-12 3.537908892129505707e-12 -2.789828302576810453e-13 -8.119488880718135922e-13 -3.968473693432765294e-13 -1.545305798104848846e-12 -6.527269198335300892e-13
-4.618838618069994071e-12 7.027323429640034050e-12 -7.418406151862731062e-12 3.324489448107904916e-12 2.136024527823814279e-12 1.136762472072986627e-13 2.259299891973307340e-12 3.189105081032391437e-12 2.295753764652957202e-12 1.979362913446040796e-12 1.607307711583024889e-12 3.507295574230822681e-13 6.899374499932037588e-13 -1.276967680381198263e-12 -5.921480546250083768e-13 1.149840576936331874e-12 2.247452273999762320e-12 4.833418307954700344e-12 7.717730398487697656e-12 1.214503440429400373e-11 6.526155285975427612e-12 1.937958950447879279e-12 7.457657301715758694e-14 -5.004539857705546989e-13 -1.528705527835755174e-12 -1.149669073106219019e-12
1.232237358381146733e-11 1.342856161888547325e-12 -8.116686082879608593e-12 -4.924625294854276928e-12 1.582233623586888431e-12 7.579112867730333332e-13 -9.345767096007692758e-13 1.377579315530606476e-12 -5.903247244241352794e-14 1.348367227748004312e-12 -6.790875028424617396e-13 -1.726519611267167245e-12 2.488511873323953797e-13 -1.589460196531588362e-12 -6.703880494613200520e-13 1.176930018641456854e-13 1.429666688728402198e-12 1.682060216290622128e-12 3.537908892129505707e-12 6.526155285975427612e-12 1.084307361849279412e-11 5.563024921153675052e-12 1.221258021432695013e-12 -2.690773991707651826e-13 -7.069046011244927474e-13 -9.340458355987880304e-13
1.321371060287681158e-11 -7.052373855559429571e-12 -4.601192576357771717e-12 -6.598333933506800201e-12 3.162709279358616138e-12 3.332026941402582937e-12 -7.290040419160610501e-13 2.671023216188455199e-12 -7.661883593024309075e-13 2.486357399382138525e-12 2.489288664998584488e-12 -1.670000163232249364e-12 1.266769906101153140e-12 -9.623845806773288911e-13 -2.028605296812584202e-12 -1.970069251136994363e-12 -1.229383157434436165e-12 -5.083491750449415730e-13 -2.789828302576810453e-13 1.937958950447879279e-12 5.563024921153675052e-12 1.148438515136670768e-11 5.936076989620120621e-12 1.418806655670637709e-12 8.776707121113128008e-14 -8.039901941733465351e-13
4.764226880750900103e-12 -6.171893290595882727e-12 -2.660585951185316052e-12 -6.703206735166765229e-12 -1.977787562852307859e-12 -1.172785783012611704e-12 -2.278655968576769681e-12 2.146851458536767921e-14 -2.115490091575482483e-12 2.258603924828669744e-12 2.285502657670636278e-12 2.445891283206594890e-13 8.852910899610494062e-13 -7.256135463706070352e-13 -1.219928661685763541e-12 -1.673082241786257129e-12 -1.343262988626777495e-12 -5.568976879874956001e-13 -8.119488880718135922e-13 7.457657301715758694e-14 1.221258021432695013e-12 5.936076989620120621e-12 1.005360902120051413e-11 3.816348354080018134e-12 3.351213180777102130e-13 -5.094337926595331603e-13
4.309444472190610317e-12 -1.888013686386171677e-12 -4.561126537220435969e-12 -3.103585522691710443e-12 1.672898969726669356e-12 -5.548075694298514109e-12 -6.037388747972688231e-13 4.305601217672972924e-13 -1.890921886495165855e-12 -1.283511867177804224e-12 -4.992882923831192884e-13 7.391914141362744355e-13 -4.857952177214309749e-13 -1.329846088427360542e-12 -5.792139545397295389e-13 -1.365277078317392592e-13 -2.312028648040369772e-13 -1.044688347985492693e-13 -3.968473693432765294e-13 -5.004539857705546989e-13 -2.690773991707651826e-13 1.418806655670637709e-12 3.816348354080018134e-12 7.622904543956416459e-12 2.640414302224633709e-12 1.437333980432401204e-13
-7.978613838174056336e-12 -3.282847676976360022e-12 5.329064910463542242e-12 -8.242147583810590084e-12 7.222073625031089970e-13 -2.582756058267975503e-12 -1.605908380634933704e-14 7.031725132508528629e-13 -1.493747327434235066e-12 -2.073759280775941529e-12 -2.013858741846598790e-12 -5.746841937681976993e-13 -8.505364310268153097e-13 3.622503500994628484e-14 7.012619388597846500e-13 -2.019194979814576681e-13 -1.270670516547703890e-12 -8.257973764577948332e-13 -1.545305798104848846e-12 -1.528705527835755174e-12 -7.069046011244927474e-13 8.776707121113128008e-14 3.351213180777102130e-13 2.640414302224633709e-12 6.529338663254760061e-12 1.996787303684944300e-12
-4.753312592356865635e-12 1.913820320423730903e-12 6.754021593679819949e-12 2.386362947663034256e-13 4.276542135285294080e-12 2.475419516730381881e-12 1.185108846251402780e-12 7.937707356249563185e-13 -3.635768777476995238e-12 -1.605347121154410854e-12 -1.849351493743450253e-12 -4.907286358993661259e-13 -5.480344327681564979e-13 1.110633503146188008e-12 1.146817226680398601e-12 1.466197966766771061e-13 -8.267651373364668778e-13 -1.170100718843686275e-14 -6.527269198335300892e-13 -1.149669073106219019e-12 -9.340458355987880304e-13 -8.039901941733465351e-13 -5.094337926595331603e-13 1.437333980432401204e-13 1.996787303684944300e-12 5.353180127949288329e-12
