2.063891223318915435e-09 1.139457409372607756e-10 1.744971894379444852e-10 -8.591528198026519216e-11 6.257072958505528069e-12 1.099227463493761158e-11 1.262301109945184318e-11 9.429201825823938627e-12 9.135069781880012182e-13 -2.450314852614747097e-11 -5.185755083997216919e-11 2.657024228402706422e-11 -1.345587059843544163e-11 7.670600793623017986e-12 5.962846011978570770e-12 6.837193404454027734e-12 -1.539649270292855329e-11 -1.833070953461076403e-11 -1.488265049441659840e-11 -1.338880675879458056e-11 -2.242184216348333857e-12 -1.872951993988458794e-12 1.806721962776819871e-12 1.655868179473969364e-12 4.665332793875497466e-13 -1.103787292086479747e-12
1.139457409372607756e-10 1.552930628795547942e-09 -4.022237862532730192e-11 -4.068661361430772417e-11 2.720471555315895134e-11 4.872905702897604099e-11 2.691738204014400258e-11 -1.201383782006715606e-12 1.404134834725184630e-11 -5.084720250820855094e-12 -1.887009401304741011e-12 1.278766376327353687e-11 -5.593521693399954924e-12 5.342567250064521655e-12 2.190653067977715539e-11 3.004828934072432480e-11 1.332317753240077239e-11 -1.235036003169864624e-12 2.166107261064702274e-12 -8.430809048636522367e-12 -8.555598280977541765e-12 -6.649174756473653148e-12 -2.040588438098957320e-12 -3.250399908658646657e-12 1.194478673945028082e-12 2.157091012244034684e-12
1.744971894379444852e-10 -4.022237862532730192e-11 9.004775888008959198e-10 2.003457010212243800e-11 -5.530285946060252985e-11 1.462258896146450397e-11 5.022534957814823528e-11 5.349257687157942688e-12 -7.530255992369151794e-12 2.426872429328695846e-11 2.141564603577182549e-11 1.899428532749391235e-11 2.032552313042921267e-12 1.480504136166066015e-12 6.368057736341845498e-12 -6.062441011650828363e-12 1.939078306881273997e-12 3.417869537971043807e-12 9.607870375064822353e-13 4.604727502277867272e-12 6.968517432120346484e-12 8.943552807046747796e-12 2.874604022968424413e-12 7.123354532132929199e-12 1.972892172242003063e-12 1.761934919531944130e-12
-8.591528198026519216e-11 -4.068661361430772417e-11 2.003457010212243800e-11 5.824163047484719757e-10 4.946481190358171651e-11 4.688316695336463621e-12 -5.886135208143160411e-12 -1.190702217615043045e-11 2.028159378789192971e-12 -6.908458091711549634e-12 2.005845854788426920e-11 4.502883696261816129e-12 4.341008720471167132e-13 5.798856962110239861e-13 2.466910260577476137e-12 -2.481467723979298935e-12 -2.512390370559661125e-12 6.217320764183363885e-12 -1.049459820974912718e-11 -4.333033038738369654e-12 6.676553654730308212e-12 4.464078576559117197e-12 2.613276228260084180e-12 6.388705630200196175e-12 -2.754623863157132431e-12 -1.587010278157927462e-12
6.257072958505528069e-12 2.720471555315895134e-11 -5.530285946060252985e-11 4.946481190358171651e-11 4.455731324209212632e-10 2.561130052536363921e-11 -4.211502549472599492e-12 2.393716117391179587e-11 4.611453006172837967e-12 -8.604424746222960562e-12 6.664135691477675943e-12 -1.265346012439215893e-11 -1.938527702430166273e-11 -1.457572135518895557e-13 1.014861357687841403e-12 -5.848156390597785263e-12 -4.548572731930200590e-12 -1.940330472616639457e-13 4.680690510175094398e-12 -2.382782640391809264e-12 -1.308953562704157533e-12 -7.733474517944505765e-13 -8.296000844833740569e-13 -7.205132940954532920e-12 -2.228466963234906715e-12 1.537355687979480774e-12
1.099227463493761158e-11 4.872905702897604099e-11 1.462258896146450397e-11 4.688316695336463621e-12 2.561130052536363921e-11 3.007607970138009060e-10 4.171108075414494636e-11 1.384810584095935825e-11 2.749472581945710182e-11 1.707086254613355110e-12 7.745175490102251786e-12 1.726052532558455890e-12 -6.877272627649538401e-12 -2.508754932550557344e-12 6.502765851948346178e-12 4.129621325507659366e-12 4.325206844219034329e-12 1.872057794747262094e-12 2.260881631757963504e-12 4.161273419199810410e-12 -8.230944391728365914e-13 1.447283402796122313e-12 6.162938011625097220e-13 -1.201924760822118769e-12 1.364913166416246922e-12 8.978100443359015733e-14
1.262301109945184318e-11 2.691738204014400258e-11 5.022534957814823528e-11 -5.886135208143160411e-12 -4.211502549472599492e-12 4.171108075414494636e-11 2.099748427881723677e-10 1.618857823642962330e-11 1.151707721058543599e-12 4.961199033734160250e-12 1.223757812980609886e-12 3.756085868884679626e-12 2.171588368223403520e-12 -3.194960758066692777e-12 3.991574509155526530e-12 1.008251737079069499e-11 9.798611217326309968e-12 5.552229964605942507e-12 9.022354946316917588e-12 3.288809787500215961e-12 4.737246137805526940e-13 -9.779943990709039822e-13 -4.183398029215547669e-13 -2.969723661586581856e-12 -5.879621836869422400e-13 -1.651733757146077546e-12
9.429201825823938627e-12 -1.201383782006715606e-12 5.349257687157942688e-12 -1.190702217615043045e-11 2.393716117391179587e-11 1.384810584095935825e-11 1.618857823642962330e-11 1.205221186582362707e-10 1.132260418403469872e-11 7.090587444984179242e-12 -5.324563326395591810e-12 -1.645235569003442033e-12 2.401864742145843689e-12 6.626761667537682682e-12 7.055053057261758878e-12 2.224450553373929357e-12 -4.475028359119143231e-12 1.287396449841038563e-13 3.442817236350236403e-12 -4.583983595928192206e-13 -1.040277897483337252e-13 -1.231184945668366577e-12 8.582992841851007368e-13 1.268658424488849100e-12 1.308181127241450472e-12 1.147152220720789700e-13
9.135069781880012182e-13 1.404134834725184630e-11 -7.530255992369151794e-12 2.028159378789192971e-12 4.611453006172837967e-12 2.749472581945710182e-11 1.151707721058543599e-12 1.132260418403469872e-11 9.060877433422440832e-11 1.461621991389405504e-11 6.199599235781047119e-12 6.219026463266706344e-12 -3.404167449058353591e-12 -1.976216076307144076e-12 -3.764491880106309634e-12 -2.477743573626378893e-12 -1.309577433253976392e-12 -4.793143925585299103e-12 -7.798343975173769666e-13 -1.586965567231332260e-12 -1.106588248255312947e-12 4.262162980811229951e-13 -2.483689906601230701e-13 1.163790176012303504e-13 1.573308148422150992e-12 1.547006696316961765e-12
-2.450314852614747097e-11 -5.084720250820855094e-12 2.426872429328695846e-11 -6.908458091711549634e-12 -8.604424746222960562e-12 1.707086254613355110e-12 4.961199033734160250e-12 7.090587444984179242e-12 1.461621991389405504e-11 6.975993121691440796e-11 8.741098159882169385e-12 7.952242340388609803e-12 3.753339345903209764e-12 2.757971098369984905e-12 1.227589714236328501e-12 2.906799543157499608e-12 -1.809555174142151361e-12 -2.516475805353832604e-12 9.393498685290181235e-15 -2.580958803052463287e-14 1.107558721889733294e-12 2.537779238362849223e-12 2.048785641405574968e-12 9.991449244644634980e-13 1.102047054404439542e-12 6.956089393941703906e-13
-5.185755083997216919e-11 -1.887009401304741011e-12 2.141564603577182549e-11 2.005845854788426920e-11 6.664135691477675943e-12 7.745175490102251786e-12 1.223757812980609886e-12 -5.324563326395591810e-12 6.199599235781047119e-12 8.741098159882169385e-12 5.319302275289307816e-11 1.504810004250571386e-11 7.848805221020164296e-12 -3.870197523441531235e-14 4.973349250749863438e-13 5.593042142894195719e-14 1.098924194752748813e-12 -9.452226548960947687e-13 7.867856716836060860e-13 -2.507831971896432637e-13 -6.120637265745293585e-13 -5.104603655048281224e-13 6.536656262176308435e-13 1.144489186787496023e-12 2.856957102486186265e-13 4.889464468641810394e-13
2.657024228402706422e-11 1.278766376327353687e-11 1.899428532749391235e-11 4.502883696261816129e-12 -1.265346012439215893e-11 1.726052532558455890e-12 3.756085868884679626e-12 -1.645235569003442033e-12 6.219026463266706344e-12 7.952242340388609803e-12 1.504810004250571386e-11 3.591081631744443591e-11 8.507919242580198723e-12 4.220920169624388118e-12 3.411714870710607473e-12 9.935480871019393725e-13 8.167954633822377209e-13 -3.166245697495615684e-13 6.744892393713226125e-13 -1.004523966146876864e-12 -4.319397946413349792e-13 5.818894320259435109e-13 -7.548061974771126818e-13 1.099144653640256438e-12 1.489682870514161989e-12 2.512846056207517820e-13
-1.345587059843544163e-11 -5.593521693399954924e-12 2.032552313042921267e-12 4.341008720471167132e-13 -1.938527702430166273e-11 -6.877272627649538401e-12 2.171588368223403520e-12 2.401864742145843689e-12 -3.404167449058353591e-12 3.753339345903209764e-12 7.848805221020164296e-12 8.507919242580198723e-12 2.997327217065079462e-11 9.817759433532926641e-12 2.844320997517885349e-12 2.541815445942194385e-12 1.205947270722640084e-13 1.895344546558314810e-12 1.836603363510382935e-12 1.637390157328085377e-12 -4.941737931123461078e-13 -7.574687943900184912e-13 9.402195007392990041e-14 2.307482918787551644e-13 3.642013760108298942e-13 -1.066205130399053267e-12
7.670600793623017986e-12 5.342567250064521655e-12 1.480504136166066015e-12 5.798856962110239861e-13 -1.457572135518895557e-13 -2.508754932550557344e-12 -3.194960758066692777e-12 6.626761667537682682e-12 -1.976216076307144076e-12 2.757971098369984905e-12 -3.870197523441531235e-14 4.220920169624388118e-12 9.817759433532926641e-12 2.350473992698421709e-11 8.030724426864110545e-12 3.695940145848810845e-12 -2.873624616768980959e-13 1.499431791344834669e-12 1.203908041878667592e-12 3.146207310757673533e-13 -2.358200533702263150e-13 -8.875929363179953935e-13 -5.753289836325070034e-13 -6.352873964490431052e-13 2.755228798774881675e-13 3.500715080897913346e-15
5.962846011978570770e-12 2.190653067977715539e-11 6.368057736341845498e-12 2.466910260577476137e-12 1.014861357687841403e-12 6.502765851948346178e-12 3.991574509155526530e-12 7.055053057261758878e-12 -3.764491880106309634e-12 1.227589714236328501e-12 4.973349250749863438e-13 3.411714870710607473e-12 2.844320997517885349e-12 8.030724426864110545e-12 1.890593732108930876e-11 8.047987081962347963e-12 3.748613196275970629e-12 1.190841038462829747e-12 6.737899741284055697e-13 -1.251589909850001115e-13 -2.897924877985359577e-13 -4.981553738578392951e-13 5.326173252576422010e-13 6.816128220358701440e-13 8.533698282368491466e-13 -1.434498596935941153e-13
6.837193404454027734e-12 3.004828934072432480e-11 -6.062441011650828363e-12 -2.481467723979298935e-12 -5.848156390597785263e-12 4.129621325507659366e-12 1.008251737079069499e-11 2.224450553373929357e-12 -2.477743573626378893e-12 2.906799543157499608e-12 5.593042142894195719e-14 9.935480871019393725e-13 2.541815445942194385e-12 3.695940145848810845e-12 8.047987081962347963e-12 1.676252192826641653e-11 7.015681482317345008e-12 2.526036202476291418e-12 1.153152069940030751e-12 5.993119804954700494e-13 3.514483364091634245e-13 -6.357350032253722064e-13 -4.707845184179713962e-14 3.855467468913297471e-13 5.688380740871957200e-13 -2.373221540373560560e-13
-1.539649270292855329e-11 1.332317753240077239e-11 1.939078306881273997e-12 -2.512390370559661125e-12 -4.548572731930200590e-12 4.325206844219034329e-12 9.798611217326309968e-12 -4.475028359119143231e-12 -1.309577433253976392e-12 -1.809555174142151361e-12 1.098924194752748813e-12 8.167954633822377209e-13 1.205947270722640084e-13 -2.873624616768980959e-13 3.748613196275970629e-12 7.015681482317345008e-12 1.615387339740347729e-11 6.025306740115148910e-12 2.664432446993208155e-12 1.217920483669260347e-12 5.402029579400203133e-13 5.333283738633349477e-14 -4.642037027884309657e-14 1.686036548893277759e-14 1.183096533986445181e-13 -1.999456429319383224e-13
-1.833070953461076403e-11 -1.235036003169864624e-12 3.417869537971043807e-12 6.217320764183363885e-12 -1.940330472616639457e-13 1.872057794747262094e-12 5.552229964605942507e-12 1.287396449841038563e-13 -4.793143925585299103e-12 -2.516475805353832604e-12 -9.452226548960947687e-13 -3.166245697495615684e-13 1.895344546558314810e-12 1.499431791344834669e-12 1.190841038462829747e-12 2.526036202476291418e-12 6.025306740115148910e-12 9.994621897544147577e-12 3.616494572411851916e-12 1.784890485813280947e-12 3.938445258313869986e-13 -6.776952902854199805e-14 -5.560984445371410457e-13 4.114197635108812425e-13 2.575781005309101296e-14 -2.310493415965086176e-13
-1.488265049441659840e-11 2.166107261064702274e-12 9.607870375064822353e-13 -1.049459820974912718e-11 4.680690510175094398e-12 2.260881631757963504e-12 9.022354946316917588e-12 3.442817236350236403e-12 -7.798343975173769666e-13 9.393498685290181235e-15 7.867856716836060860e-13 6.744892393713226125e-13 1.836603363510382935e-12 1.203908041878667592e-12 6.737899741284055697e-13 1.153152069940030751e-12 2.664432446993208155e-12 3.616494572411851916e-12 8.012657344379111438e-12 3.224611363630936751e-12 2.505566568400559745e-13 -3.216614500133120781e-13 8.814380183224658345e-14 3.949845082363793510e-13 -3.700992741316146138e-14 7.463662579782764712e-14
-1.338880675879458056e-11 -8.430809048636522367e-12 4.604727502277867272e-12 -4.333033038738369654e-12 -2.382782640391809264e-12 4.161273419199810410e-12 3.288809787500215961e-12 -4.583983595928192206e-13 -1.586965567231332260e-12 -2.580958803052463287e-14 -2.507831971896432637e-13 -1.004523966146876864e-12 1.637390157328085377e-12 3.146207310757673533e-13 -1.251589909850001115e-13 5.993119804954700494e-13 1.217920483669260347e-12 1.784890485813280947e-12 3.224611363630936751e-12 5.460272098423026325e-12 1.848901104246880325e-12 2.635079403845708750e-13 8.867209313613249996e-14 2.304117876061850163e-13 -1.003384024051642515e-14 2.393741459738271018e-13
-2.242184216348333857e-12 -8.555598280977541765e-12 6.968517432120346484e-12 6.676553654730308212e-12 -1.308953562704157533e-12 -8.230944391728365914e-13 4.737246137805526940e-13 -1.040277897483337252e-13 -1.106588248255312947e-12 1.107558721889733294e-12 -6.120637265745293585e-13 -4.319397946413349792e-13 -4.941737931123461078e-13 -2.358200533702263150e-13 -2.897924877985359577e-13 3.514483364091634245e-13 5.402029579400203133e-13 3.938445258313869986e-13 2.505566568400559745e-13 1.848901104246880325e-12 7.470881670903549905e-12 2.079850892859661421e-12 5.152173195644310723e-13 8.935496520175449747e-14 3.437313512221607432e-14 1.222145917771436111e-13
-1.872951993988458794e-12 -6.649174756473653148e-12 8.943552807046747796e-12 4.464078576559117197e-12 -7.733474517944505765e-13 1.447283402796122313e-12 -9.779943990709039822e-13 -1.231184945668366577e-12 4.262162980811229951e-13 2.537779238362849223e-12 -5.104603655048281224e-13 5.818894320259435109e-13 -7.574687943900184912e-13 -8.875929363179953935e-13 -4.981553738578392951e-13 -6.357350032253722064e-13 5.333283738633349477e-14 -6.776952902854199805e-14 -3.216614500133120781e-13 2.635079403845708750e-13 2.079850892859661421e-12 5.212780122872269725e-12 1.357901897063505580e-12 1.651056604424326655e-13 3.347029011510064597e-13 2.755603767581741626e-13
1.806721962776819871e-12 -2.040588438098957320e-12 2.874604022968424413e-12 2.613276228260084180e-12 -8.296000844833740569e-13 6.162938011625097220e-13 -4.183398029215547669e-13 8.582992841851007368e-13 -2.483689906601230701e-13 2.048785641405574968e-12 6.536656262176308435e-13 -7.548061974771126818e-13 9.402195007392990041e-14 -5.753289836325070034e-13 5.326173252576422010e-13 -4.707845184179713962e-14 -4.642037027884309657e-14 -5.560984445371410457e-13 8.814380183224658345e-14 8.867209313613249996e-14 5.152173195644310723e-13 1.357901897063505580e-12 3.440237819221793896e-12 7.522922915658776863e-13 1.069244521057926784e-13 1.027958486214946271e-13
1.655868179473969364e-12 -3.250399908658646657e-12 7.123354532132929199e-12 6.388705630200196175e-12 -7.205132940954532920e-12 -1.201924760822118769e-12 -2.969723661586581856e-12 1.268658424488849100e-12 1.163790176012303504e-13 9.991449244644634980e-13 1.144489186787496023e-12 1.099144653640256438e-12 2.307482918787551644e-13 -6.352873964490431052e-13 6.816128220358701440e-13 3.855467468913297471e-13 1.686036548893277759e-14 4.114197635108812425e-13 3.949845082363793510e-13 2.304117876061850163e-13 8.935496520175449747e-14 1.651056604424326655e-13 7.522922915658776863e-13 3.527055052470200909e-12 5.985486754913801721e-13 2.036401520180896802e-13
4.665332793875497466e-13 1.194478673945028082e-12 1.972892172242003063e-12 -2.754623863157132431e-12 -2.228466963234906715e-12 1.364913166416246922e-12 -5.879621836869422400e-13 1.308181127241450472e-12 1.573308148422150992e-12 1.102047054404439542e-12 2.856957102486186265e-13 1.489682870514161989e-12 3.642013760108298942e-13 2.755228798774881675e-13 8.533698282368491466e-13 5.688380740871957200e-13 1.183096533986445181e-13 2.575781005309101296e-14 -3.700992741316146138e-14 -1.003384024051642515e-14 3.437313512221607432e-14 3.347029011510064597e-13 1.069244521057926784e-13 5.985486754913801721e-13 2.049620373197323553e-12 3.635687410572971541e-13
-1.103787292086479747e-12 2.157091012244034684e-12 1.761934919531944130e-12 -1.587010278157927462e-12 1.537355687979480774e-12 8.978100443359015733e-14 -1.651733757146077546e-12 1.147152220720789700e-13 1.547006696316961765e-12 6.956089393941703906e-13 4.889464468641810394e-13 2.512846056207517820e-13 -1.066205130399053267e-12 3.500715080897913346e-15 -1.434498596935941153e-13 -2.373221540373560560e-13 -1.999456429319383224e-13 -2.310493415965086176e-13 7.463662579782764712e-14 2.393741459738271018e-13 1.222145917771436111e-13 2.755603767581741626e-13 1.027958486214946271e-13 2.036401520180896802e-13 3.635687410572971541e-13 1.299494956151659194e-12
