2.127441441889167248e-09 -1.078637516166556536e-10 -7.347092465010421989e-11 7.009094935290877493e-11 -2.443524970011355269e-11 8.954658609298062347e-12 -3.752674874203731779e-11 2.932375151399237983e-11 2.470017639597871094e-11 -2.404300538613003090e-12 2.556095382068582723e-11 1.593666784652867452e-11 -4.106660109732533022e-12 -3.077184989378056381e-11 -2.345521612237572031e-11 -1.066832511711724387e-11 6.869936525161346386e-12 2.071198572124119884e-12 2.827552683373833212e-12 1.388707917845155465e-11 4.383422551586848438e-12 7.165902017872395443e-12 1.981593431245643653e-11 2.917247257523301317e-12 -1.278550980750849209e-12 -2.665524116799489830e-12
-1.078637516166556536e-10 1.425175169402942507e-09 4.080065428597029655e-11 1.223466368989891627e-10 6.936575821979288356e-11 7.459176451356361836e-12 -1.859715838339380008e-11 2.332586382999769068e-11 1.138192371844112030e-11 6.945562293706225721e-12 -4.556581261771319594e-12 2.246959285004969164e-12 -2.713769258776074217e-13 1.109165977307696652e-11 1.093491696205459139e-11 9.999702594939602018e-12 1.080683637142390874e-11 1.269852681493167613e-11 2.896744199592655488e-13 -1.445568491425885019e-12 -2.751108743540238891e-12 -1.343574632996999867e-11 -1.731851230221797051e-11 -3.049772335382346117e-12 2.973343395281564154e-12 -3.757778612199906280e-13
-7.347092465010421989e-11 4.080065428597029655e-11 1.062598907387030263e-09 3.130153968022278824e-11 -2.161546363235338658e-12 3.720480168849703993e-11 1.275127943118446496e-11 9.375039572788107090e-12 -1.136139951972626736e-11 -1.153556387738922435e-11 -1.040381071251577932e-11 1.494145303796587197e-11 1.080096961290864454e-11 4.667283470846276069e-12 -1.628478486088222858e-11 -2.476967984240235238e-11 -1.811157439894662442e-13 2.123867640373792829e-12 -8.734649135639204758e-12 -4.649609028167397611e-12 -6.076481112979394594e-12 -4.134165366105381903e-12 2.147832385716117470e-12 -2.197162432695964914e-12 -1.322599447921659965e-11 -4.881780987626598609e-12
7.009094935290877493e-11 1.223466368989891627e-10 3.130153968022278824e-11 6.958926126405269932e-10 8.551097976745176192e-11 4.977526497180287518e-11 -2.960336771962635484e-11 -6.202246161007395355e-12 1.220667713146760344e-11 1.301144646882893157e-11 1.356896572542949056e-11 -4.153640037752599958e-12 -1.398281940602094796e-11 6.833261778495068027e-12 3.308167427249647889e-12 -9.456600968351820242e-13 6.181767697501988976e-12 2.363930311554651895e-12 -1.324604687730637291e-12 2.338788546930275337e-12 1.168771361240148044e-12 -5.854818295671725459e-12 -6.207347077611660951e-12 -4.037395978650318803e-12 -2.248788703291124476e-12 1.425506873770222346e-14
-2.443524970011355269e-11 6.936575821979288356e-11 -2.161546363235338658e-12 8.551097976745176192e-11 4.844771855691622360e-10 3.690161026426270095e-11 -9.409829420509149792e-12 1.946320435665651444e-12 3.005166925167335699e-12 1.092611859891463877e-11 2.759669191649269248e-12 -2.464946925082327650e-12 -1.056153369386459324e-11 -5.092264763326058058e-12 -1.737412913889293288e-12 -4.500901626385880598e-12 -3.027819536322323870e-12 -2.960536077027285164e-12 -2.162548271287519427e-12 1.495403953209314695e-12 -3.746402272219330560e-12 -3.954049324554468439e-12 -5.207687740402834358e-12 2.015863919158712743e-12 1.160112516972552070e-12 3.631512139086672935e-13
8.954658609298062347e-12 7.459176451356361836e-12 3.720480168849703993e-11 4.977526497180287518e-11 3.690161026426270095e-11 2.440003772431958453e-10 1.473433684339788520e-11 1.475190450065447915e-11 5.004994109069996245e-12 8.200629546066497398e-12 -2.708502840633964837e-12 5.455706807953596605e-12 -5.325116608679913421e-12 -1.279226517455896079e-13 2.825512618231512691e-12 1.506524657017429323e-12 6.047698976273522892e-12 4.975094858399212065e-12 -1.768324836402808175e-12 1.161033227116824047e-12 2.160130834014824016e-12 6.008063387892918955e-12 3.646667485280695433e-12 5.288269935518923039e-12 -6.482735408527988436e-13 1.039216978853402869e-12
-3.752674874203731779e-11 -1.859715838339380008e-11 1.275127943118446496e-11 -2.960336771962635484e-11 -9.409829420509149792e-12 1.473433684339788520e-11 1.720951318639283627e-10 2.104869550722521989e-11 1.317404694333849465e-11 1.752154101963195796e-11 -8.668312090822344516e-12 -3.345925510675225327e-12 4.355135135778506262e-12 9.694263757280956920e-12 3.432878873951081231e-12 3.664053559367376103e-12 -1.885644924136229213e-12 1.027741851647567761e-12 2.128988656377483184e-12 1.218615398226256258e-12 1.717151995715289399e-12 -4.881871886650811412e-12 -1.071068522146126474e-12 3.542197935003106665e-13 6.917353336239812917e-14 1.438796571876149923e-12
2.932375151399237983e-11 2.332586382999769068e-11 9.375039572788107090e-12 -6.202246161007395355e-12 1.946320435665651444e-12 1.475190450065447915e-11 2.104869550722521989e-11 1.231073583156054267e-10 7.109446032055276578e-12 1.095396787609358650e-11 -5.114053091645595343e-13 3.041189880580175980e-12 -4.808543606877138501e-12 4.951467071337071412e-12 3.686581109228159854e-12 1.247786396943858462e-12 2.275500441266001461e-12 3.441943600177857798e-12 9.606630728002012367e-13 -1.016130909719871361e-12 2.114189208129078538e-12 1.976314022631106983e-12 2.044431467724649696e-12 -1.601164022975188347e-13 -6.195392216233758973e-13 6.031166182613437860e-13
2.470017639597871094e-11 1.138192371844112030e-11 -1.136139951972626736e-11 1.220667713146760344e-11 3.005166925167335699e-12 5.004994109069996245e-12 1.317404694333849465e-11 7.109446032055276578e-12 8.275145300163016990e-11 1.552833971403770562e-11 5.587510178816131505e-12 5.525929632306569803e-12 5.449240351138559701e-12 6.940660023683661252e-12 4.601557252303036081e-12 1.078812146199184606e-12 8.315330049205426479e-13 2.400529890314288170e-12 5.759916882548986152e-12 1.388344614266121238e-12 1.431331075762831106e-12 9.358352216100010456e-13 2.848959036439922263e-12 2.283976727248923398e-12 -3.355552831473470833e-13 -4.126670690201446186e-13
-2.404300538613003090e-12 6.945562293706225721e-12 -1.153556387738922435e-11 1.301144646882893157e-11 1.092611859891463877e-11 8.200629546066497398e-12 1.752154101963195796e-11 1.095396787609358650e-11 1.552833971403770562e-11 7.027213220611524594e-11 9.824439582273406645e-12 7.031443187488242967e-12 3.948794597943053454e-12 7.037027959377291598e-13 2.366106261863105427e-12 3.573175675104576405e-12 -8.560241567145787388e-13 -2.771601270905369486e-12 -5.538453519338359378e-13 1.460549620527552777e-13 9.109610308034040335e-13 -9.276794322887104620e-13 -2.808307042381150873e-12 -4.763958781933115812e-13 7.127849475582166995e-13 -6.139157934264897014e-14
2.556095382068582723e-11 -4.556581261771319594e-12 -1.040381071251577932e-11 1.356896572542949056e-11 2.759669191649269248e-12 -2.708502840633964837e-12 -8.668312090822344516e-12 -5.114053091645595343e-13 5.587510178816131505e-12 9.824439582273406645e-12 4.916966842491546112e-11 1.688207570718569560e-11 8.983142865917311379e-12 5.794694108553771886e-12 6.246763770057516363e-12 1.028980492882047023e-12 1.575817071158549983e-12 1.575805288125373012e-12 9.867648704996644187e-13 1.706474465686351872e-12 -8.842376557276143766e-13 -1.717891781715293822e-12 -4.148180917965907287e-15 -1.035369597720051560e-12 -1.403092664166949430e-12 -7.362239427944693926e-13
1.593666784652867452e-11 2.246959285004969164e-12 1.494145303796587197e-11 -4.153640037752599958e-12 -2.464946925082327650e-12 5.455706807953596605e-12 -3.345925510675225327e-12 3.041189880580175980e-12 5.525929632306569803e-12 7.031443187488242967e-12 1.688207570718569560e-11 4.076408657858889219e-11 1.557579901835536494e-11 1.168633788369532467e-11 5.804325856393581670e-12 3.383335836230088353e-12 3.810920809111239492e-12 1.177681566986360646e-12 1.390476081378766443e-12 2.075719480655828924e-12 2.823257713377124692e-13 -5.078806285511782664e-13 -3.899130148874061938e-13 -4.300648158106943132e-13 -1.164772619147932027e-12 3.643573826977550727e-13
-4.106660109732533022e-12 -2.713769258776074217e-13 1.080096961290864454e-11 -1.398281940602094796e-11 -1.056153369386459324e-11 -5.325116608679913421e-12 4.355135135778506262e-12 -4.808543606877138501e-12 5.449240351138559701e-12 3.948794597943053454e-12 8.983142865917311379e-12 1.557579901835536494e-11 3.449573539983303630e-11 1.678395772316845916e-11 8.868991205969167988e-12 3.246707059329030513e-12 1.277123638150816047e-12 2.482046781729821473e-13 2.522581225545647834e-12 2.017882264200629999e-12 -2.956517559477473372e-13 5.617046116542210075e-13 -2.007073316702012477e-13 -2.526680266186194331e-13 -2.884137974990812670e-13 -7.330704824912626638e-13
-3.077184989378056381e-11 1.109165977307696652e-11 4.667283470846276069e-12 6.833261778495068027e-12 -5.092264763326058058e-12 -1.279226517455896079e-13 9.694263757280956920e-12 4.951467071337071412e-12 6.940660023683661252e-12 7.037027959377291598e-13 5.794694108553771886e-12 1.168633788369532467e-11 1.678395772316845916e-11 3.003794733097844518e-11 1.438556375233708542e-11 6.842102873054855447e-12 4.257199553117242879e-12 2.993510779684960631e-12 4.451574141061092659e-12 1.000400453667264973e-12 7.335472328162595798e-13 4.738594655405803790e-13 2.667454796938562904e-13 -1.812286797668671027e-13 -4.630774750715944796e-13 3.098409329536020015e-13
-2.345521612237572031e-11 1.093491696205459139e-11 -1.628478486088222858e-11 3.308167427249647889e-12 -1.737412913889293288e-12 2.825512618231512691e-12 3.432878873951081231e-12 3.686581109228159854e-12 4.601557252303036081e-12 2.366106261863105427e-12 6.246763770057516363e-12 5.804325856393581670e-12 8.868991205969167988e-12 1.438556375233708542e-11 2.700920036693591666e-11 1.380991971529924586e-11 7.236981833983959327e-12 3.844233760082929600e-12 3.861675137631768680e-12 2.023009092711502369e-13 6.471741635183110709e-13 1.634124650278772353e-12 3.937268596029108103e-13 -1.666916702746599701e-13 -7.995989594378490162e-13 -3.422076411189049434e-13
-1.066832511711724387e-11 9.999702594939602018e-12 -2.476967984240235238e-11 -9.456600968351820242e-13 -4.500901626385880598e-12 1.506524657017429323e-12 3.664053559367376103e-12 1.247786396943858462e-12 1.078812146199184606e-12 3.573175675104576405e-12 1.028980492882047023e-12 3.383335836230088353e-12 3.246707059329030513e-12 6.842102873054855447e-12 1.380991971529924586e-11 2.667547101516146595e-11 1.432662476233752214e-11 7.565639592807050078e-12 5.357756846983283395e-12 3.924451260722620525e-12 2.680809488131050224e-12 1.503294713398629391e-12 1.905414772455934472e-13 -8.594516643825306855e-13 -6.570839138032810142e-13 -1.556579535446869212e-13
6.869936525161346386e-12 1.080683637142390874e-11 -1.811157439894662442e-13 6.181767697501988976e-12 -3.027819536322323870e-12 6.047698976273522892e-12 -1.885644924136229213e-12 2.275500441266001461e-12 8.315330049205426479e-13 -8.560241567145787388e-13 1.575817071158549983e-12 3.810920809111239492e-12 1.277123638150816047e-12 4.257199553117242879e-12 7.236981833983959327e-12 1.432662476233752214e-11 2.434146097088753680e-11 1.156871666317114448e-11 5.551473388303593756e-12 4.144227894754818657e-12 3.299091321444126432e-12 1.370268264300147550e-12 1.410947894391085934e-12 -6.194062169888041593e-13 -8.281111428920091778e-13 3.182891893592770191e-14
2.071198572124119884e-12 1.269852681493167613e-11 2.123867640373792829e-12 2.363930311554651895e-12 -2.960536077027285164e-12 4.975094858399212065e-12 1.027741851647567761e-12 3.441943600177857798e-12 2.400529890314288170e-12 -2.771601270905369486e-12 1.575805288125373012e-12 1.177681566986360646e-12 2.482046781729821473e-13 2.993510779684960631e-12 3.844233760082929600e-12 7.565639592807050078e-12 1.156871666317114448e-11 1.636206998090927405e-11 8.457862727564890410e-12 4.262943250485941414e-12 2.731450261225425130e-12 3.779369795578618819e-13 5.388161588152601723e-13 1.366109341517449873e-13 -9.900085710038857398e-13 5.125432209085213413e-13
2.827552683373833212e-12 2.896744199592655488e-13 -8.734649135639204758e-12 -1.324604687730637291e-12 -2.162548271287519427e-12 -1.768324836402808175e-12 2.128988656377483184e-12 9.606630728002012367e-13 5.759916882548986152e-12 -5.538453519338359378e-13 9.867648704996644187e-13 1.390476081378766443e-12 2.522581225545647834e-12 4.451574141061092659e-12 3.861675137631768680e-12 5.357756846983283395e-12 5.551473388303593756e-12 8.457862727564890410e-12 1.602905570519239315e-11 6.872822349059198713e-12 2.377944297326488365e-12 1.374664620405774270e-13 -1.350161141719051804e-13 2.699973444653142022e-14 2.580536631434339201e-13 9.547199224644554986e-13
1.388707917845155465e-11 -1.445568491425885019e-12 -4.649609028167397611e-12 2.338788546930275337e-12 1.495403953209314695e-12 1.161033227116824047e-12 1.218615398226256258e-12 -1.016130909719871361e-12 1.388344614266121238e-12 1.460549620527552777e-13 1.706474465686351872e-12 2.075719480655828924e-12 2.017882264200629999e-12 1.000400453667264973e-12 2.023009092711502369e-13 3.924451260722620525e-12 4.144227894754818657e-12 4.262943250485941414e-12 6.872822349059198713e-12 1.306506806263079539e-11 5.615330407737951405e-12 2.302579105180585279e-12 1.179687863177527941e-12 6.506648204615687930e-13 5.552580120532719444e-13 -1.124024203543033821e-13
4.383422551586848438e-12 -2.751108743540238891e-12 -6.076481112979394594e-12 1.168771361240148044e-12 -3.746402272219330560e-12 2.160130834014824016e-12 1.717151995715289399e-12 2.114189208129078538e-12 1.431331075762831106e-12 9.109610308034040335e-13 -8.842376557276143766e-13 2.823257713377124692e-13 -2.956517559477473372e-13 7.335472328162595798e-13 6.471741635183110709e-13 2.680809488131050224e-12 3.299091321444126432e-12 2.731450261225425130e-12 2.377944297326488365e-12 5.615330407737951405e-12 1.199320975392977212e-11 5.942236406213647752e-12 2.287758470162937640e-12 4.339949429826079031e-13 -2.424380578852165314e-13 2.415017556554301941e-13
7.165902017872395443e-12 -1.343574632996999867e-11 -4.134165366105381903e-12 -5.854818295671725459e-12 -3.954049324554468439e-12 6.008063387892918955e-12 -4.881871886650811412e-12 1.976314022631106983e-12 9.358352216100010456e-13 -9.276794322887104620e-13 -1.717891781715293822e-12 -5.078806285511782664e-13 5.617046116542210075e-13 4.738594655405803790e-13 1.634124650278772353e-12 1.503294713398629391e-12 1.370268264300147550e-12 3.779369795578618819e-13 1.374664620405774270e-13 2.302579105180585279e-12 5.942236406213647752e-12 1.128840761360294215e-11 5.785024097565564912e-12 1.192563294456374077e-12 1.341630279484300938e-15 2.540825680483766927e-13
1.981593431245643653e-11 -1.731851230221797051e-11 2.147832385716117470e-12 -6.207347077611660951e-12 -5.207687740402834358e-12 3.646667485280695433e-12 -1.071068522146126474e-12 2.044431467724649696e-12 2.848959036439922263e-12 -2.808307042381150873e-12 -4.148180917965907287e-15 -3.899130148874061938e-13 -2.007073316702012477e-13 2.667454796938562904e-13 3.937268596029108103e-13 1.905414772455934472e-13 1.410947894391085934e-12 5.388161588152601723e-13 -1.350161141719051804e-13 1.179687863177527941e-12 2.287758470162937640e-12 5.785024097565564912e-12 9.687626217862213088e-12 2.596793074685408070e-12 -1.392870987328171066e-13 1.914273646547014068e-13
2.917247257523301317e-12 -3.049772335382346117e-12 -2.197162432695964914e-12 -4.037395978650318803e-12 2.015863919158712743e-12 5.288269935518923039e-12 3.542197935003106665e-13 -1.601164022975188347e-13 2.283976727248923398e-12 -4.763958781933115812e-13 -1.035369597720051560e-12 -4.300648158106943132e-13 -2.526680266186194331e-13 -1.812286797668671027e-13 -1.666916702746599701e-13 -8.594516643825306855e-13 -6.194062169888041593e-13 1.366109341517449873e-13 2.699973444653142022e-14 6.506648204615687930e-13 4.339949429826079031e-13 1.192563294456374077e-12 2.596793074685408070e-12 5.905933648939288433e-12 1.734374411553982384e-12 4.319051531279830841e-13
-1.278550980750849209e-12 2.973343395281564154e-12 -1.322599447921659965e-11 -2.248788703291124476e-12 1.160112516972552070e-12 -6.482735408527988436e-13 6.917353336239812917e-14 -6.195392216233758973e-13 -3.355552831473470833e-13 7.127849475582166995e-13 -1.403092664166949430e-12 -1.164772619147932027e-12 -2.884137974990812670e-13 -4.630774750715944796e-13 -7.995989594378490162e-13 -6.570839138032810142e-13 -8.281111428920091778e-13 -9.900085710038857398e-13 2.580536631434339201e-13 5.552580120532719444e-13 -2.424380578852165314e-13 1.341630279484300938e-15 -1.392870987328171066e-13 1.734374411553982384e-12 4.247277450233530086e-12 8.259349613016395891e-13
-2.665524116799489830e-12 -3.757778612199906280e-13 -4.881780987626598609e-12 1.425506873770222346e-14 3.631512139086672935e-13 1.039216978853402869e-12 1.438796571876149923e-12 6.031166182613437860e-13 -4.126670690201446186e-13 -6.139157934264897014e-14 -7.362239427944693926e-13 3.643573826977550727e-13 -7.330704824912626638e-13 3.098409329536020015e-13 -3.422076411189049434e-13 -1.556579535446869212e-13 3.182891893592770191e-14 5.125432209085213413e-13 9.547199224644554986e-13 -1.124024203543033821e-13 2.415017556554301941e-13 2.540825680483766927e-13 1.914273646547014068e-13 4.319051531279830841e-13 8.259349613016395891e-13 4.148052654862302740e-12
