1.637111089622963261e-09 1.264696880851389133e-10 1.327699294407011914e-11 -6.368293673510280413e-11 5.815427243623699108e-11 6.570987111484223423e-12 2.663704294091634382e-11 -9.750717685256282034e-12 -3.409634781903450082e-11 2.934368277888753766e-12 -2.289245251086057296e-12 1.022617946208238935e-11 4.344014427871754432e-11 1.029214419285188098e-11 -1.768142271568257978e-11 7.536973097676693326e-12 7.951544024248223044e-12 7.526084837266393514e-12 1.046484469799260911e-11 5.015330324715154199e-12 1.103263303715300233e-11 -6.418626129580592886e-13 2.555720044636589148e-12 2.936387313914316315e-12 4.115822238962582353e-12 5.310486663008989126e-12
1.264696880851389133e-10 1.033496121820053238e-09 3.715366726427706425e-11 7.520904511102768688e-11 4.902945909068727640e-11 5.116373442527916282e-12 1.807417843228562542e-11 9.343606746675523707e-12 1.074304150028897350e-12 -7.893997845183880287e-12 -5.441106131339925614e-12 -2.217409302122199655e-12 1.764363208977232251e-12 3.848465860764221356e-12 -1.213654694546108375e-11 -2.150952647459343984e-12 -5.447120369899526524e-12 -6.486930916593851176e-12 -3.367259787320749609e-12 -4.604159216066039025e-12 8.601003751432506324e-12 1.580640237212125631e-11 6.337447501194994865e-12 4.900856377366724997e-13 2.962625863968475711e-12 -3.434270699472143726e-12
1.327699294407011914e-11 3.715366726427706425e-11 5.692162988167338339e-10 2.216187223149462961e-11 1.470560396639902419e-11 -1.454938901220910213e-11 1.420675135439615698e-11 -7.147663877723630779e-12 -1.430560844069599039e-11 -8.322525221055043535e-13 1.057869022564870202e-12 -1.198809472916893694e-11 -3.228870710068298784e-12 2.606808434887089303e-12 1.967126771597670104e-12 -1.191595585147859754e-11 -1.512015891371882907e-11 -1.115982258308671343e-11 -7.683126650840265135e-12 -6.372785790480298569e-12 -9.182678626748821596e-12 -7.312365983179585151e-12 -4.534071228198123178e-12 3.395210577966084246e-12 2.615317793508184114e-12 -4.640728541484549732e-12
-6.368293673510280413e-11 7.520904511102768688e-11 2.216187223149462961e-11 4.260883103316859766e-10 6.573039115845818353e-11 2.293015849442599785e-11 3.371906019837889526e-11 -1.089148713668771191e-12 -1.607316755709829903e-11 -1.174371668600009544e-11 -1.062164707278698612e-11 -4.138616171579193570e-12 6.289363126119449168e-12 7.504152553608721982e-12 6.303600317252048917e-12 -1.408708725142383343e-12 2.407265866024699525e-12 6.639970980610210572e-14 -2.760390686152486944e-12 -6.296326098229634430e-13 1.556271193815848377e-12 6.678011547051129210e-12 8.559848155962211495e-12 2.112758824483613827e-13 1.970910077937850866e-12 1.094931221107087261e-12
5.815427243623699108e-11 4.902945909068727640e-11 1.470560396639902419e-11 6.573039115845818353e-11 2.895534820183736247e-10 2.582793282372770999e-11 4.575001728963322390e-12 -6.040819929868727792e-12 1.004653050931707231e-11 1.021278072992190483e-12 -1.839550665474248406e-12 9.685367146604858510e-12 1.258067006614448385e-12 -1.589223269868670535e-13 -6.499976812562095207e-12 -3.250006075128185488e-12 -3.453930834691241672e-12 -4.920684712055137869e-13 -3.359297114432046709e-12 -2.310818149850576148e-12 2.455633704336900907e-12 4.803757862216254127e-12 1.474634825682640198e-12 -1.497340434136364359e-12 -1.889197095320192171e-12 -1.563727519924120703e-12
6.570987111484223423e-12 5.116373442527916282e-12 -1.454938901220910213e-11 2.293015849442599785e-11 2.582793282372770999e-11 2.142580050898368266e-10 5.400249289680174706e-11 2.310522395772010799e-11 4.817956189684820702e-12 1.241178007358115290e-12 8.554780417656750831e-12 1.050924908683432414e-11 7.705796295410768061e-12 9.395940601635634945e-13 5.292357319738585185e-12 4.649779632970430654e-12 -1.070666379890791653e-13 4.121856418282688312e-12 7.011073546991129272e-12 3.453454908644872249e-12 3.612712455378637791e-12 2.459436956377732286e-12 5.210712511222939313e-12 1.899076469739455236e-12 -4.217236847122131728e-13 -5.084485172587692249e-13
2.663704294091634382e-11 1.807417843228562542e-11 1.420675135439615698e-11 3.371906019837889526e-11 4.575001728963322390e-12 5.400249289680174706e-11 1.666784964959088110e-10 2.858313736860117536e-11 9.747822299217860416e-12 4.781752510752030983e-12 3.013304555102652123e-12 3.469646540711781753e-13 -2.311763726778612867e-13 -1.893794569422149440e-12 -6.832637387387125350e-12 -3.737808977369729493e-12 -4.413845984490747552e-12 -1.460199222355192141e-16 -7.514438576048246876e-13 -7.093017686328530984e-13 1.443353913007894895e-12 1.083101412773562252e-13 -2.430315984974908996e-12 -1.497876315418575088e-12 3.770112702728347255e-14 1.630504707617724624e-12
-9.750717685256282034e-12 9.343606746675523707e-12 -7.147663877723630779e-12 -1.089148713668771191e-12 -6.040819929868727792e-12 2.310522395772010799e-11 2.858313736860117536e-11 9.373362657890877046e-11 1.899441173583647661e-11 1.108760351729369072e-11 5.080217236433428912e-12 1.135666419740981174e-11 4.450405308725729090e-12 9.458167125523229333e-14 -5.309624246025263242e-12 -5.205846150976465989e-12 -8.310435153605900521e-13 -2.597456787951232562e-12 -2.658331464905057498e-13 -3.950113571046691465e-13 -4.096621123233030948e-12 -1.661433586502568382e-12 2.021541867500264547e-12 -1.970900420819816376e-12 -2.508912392332076749e-12 -1.115030528871380200e-12
-3.409634781903450082e-11 1.074304150028897350e-12 -1.430560844069599039e-11 -1.607316755709829903e-11 1.004653050931707231e-11 4.817956189684820702e-12 9.747822299217860416e-12 1.899441173583647661e-11 8.354818679738150669e-11 1.413847897198144908e-11 4.662210866813111440e-12 2.037137027315516269e-12 5.342827102515561566e-13 -1.493164167998487081e-12 2.868991707550135518e-13 -8.499626105256840001e-13 -2.544424098284205388e-12 1.128876243989518729e-13 1.829970109597200876e-12 1.277729537237393768e-12 -2.222863454753778358e-12 1.253802241016648967e-12 1.671079185787081940e-12 9.610926642688241795e-13 4.457265656167160231e-13 -3.709014393970060413e-13
2.934368277888753766e-12 -7.893997845183880287e-12 -8.322525221055043535e-13 -1.174371668600009544e-11 1.021278072992190483e-12 1.241178007358115290e-12 4.781752510752030983e-12 1.108760351729369072e-11 1.413847897198144908e-11 5.647887636555365889e-11 1.078117600198420194e-11 4.091054948104561318e-12 3.607421116958110739e-12 1.096196479225781506e-12 -9.549186214070680537e-13 -1.647375829907144988e-12 1.315635830279744862e-12 -2.262914645966895945e-13 -1.593154659877477180e-12 1.887870190765664851e-12 8.084855576753932551e-14 -1.102519996886540270e-12 -2.740119211850497006e-12 -2.289316684443062250e-12 -2.440359302221924976e-12 -1.128728108006887087e-12
-2.289245251086057296e-12 -5.441106131339925614e-12 1.057869022564870202e-12 -1.062164707278698612e-11 -1.839550665474248406e-12 8.554780417656750831e-12 3.013304555102652123e-12 5.080217236433428912e-12 4.662210866813111440e-12 1.078117600198420194e-11 4.420028867964645375e-11 1.230408477093030263e-11 8.855925119496639574e-12 8.254938003149778988e-12 5.635682942422854499e-12 3.228223453542103022e-12 -4.088614004715863877e-13 -1.993790692720569109e-13 9.967598132856149671e-13 -2.023409449505798201e-13 -2.019302245737277563e-12 1.245643543050614104e-13 -3.973652543732745015e-13 -4.972635400120935531e-14 1.007125952963629005e-13 1.548849387893285414e-13
1.022617946208238935e-11 -2.217409302122199655e-12 -1.198809472916893694e-11 -4.138616171579193570e-12 9.685367146604858510e-12 1.050924908683432414e-11 3.469646540711781753e-13 1.135666419740981174e-11 2.037137027315516269e-12 4.091054948104561318e-12 1.230408477093030263e-11 3.631845889396693487e-11 1.272443604497834078e-11 7.451309084070364546e-12 2.981050289248482776e-12 -9.910168114084232313e-13 6.363895153024781448e-14 -4.849427588586954389e-13 -6.956931358888808036e-13 -1.336632832460967324e-12 8.230760676514083626e-14 1.501090113039014478e-12 5.021568296077873251e-13 1.158522693399702072e-12 -6.358673680092415774e-13 4.291107241115603024e-13
4.344014427871754432e-11 1.764363208977232251e-12 -3.228870710068298784e-12 6.289363126119449168e-12 1.258067006614448385e-12 7.705796295410768061e-12 -2.311763726778612867e-13 4.450405308725729090e-12 5.342827102515561566e-13 3.607421116958110739e-12 8.855925119496639574e-12 1.272443604497834078e-11 3.134955097983088058e-11 1.232231888926935438e-11 5.572473600474478192e-12 5.000556688209447887e-12 2.684526721295951254e-12 -4.486223303050673128e-13 8.385293361666312843e-13 -8.337509025138243697e-13 -1.048501937758627968e-12 7.781447284194680761e-13 1.411088854789091949e-12 1.309530346076282875e-12 1.221689048877587120e-13 -1.098004945213733902e-13
1.029214419285188098e-11 3.848465860764221356e-12 2.606808434887089303e-12 7.504152553608721982e-12 -1.589223269868670535e-13 9.395940601635634945e-13 -1.893794569422149440e-12 9.458167125523229333e-14 -1.493164167998487081e-12 1.096196479225781506e-12 8.254938003149778988e-12 7.451309084070364546e-12 1.232231888926935438e-11 2.252096307392165815e-11 1.164569123905601169e-11 6.036192388809912914e-12 2.570312496314748822e-12 7.381983808199891684e-13 -3.389897164018389578e-13 -1.683647285392054255e-12 -1.031855596128375733e-13 7.185662490206209748e-13 1.075200361582966020e-13 8.875389228831943840e-13 1.893699613320065695e-13 -2.002296152267445452e-13
-1.768142271568257978e-11 -1.213654694546108375e-11 1.967126771597670104e-12 6.303600317252048917e-12 -6.499976812562095207e-12 5.292357319738585185e-12 -6.832637387387125350e-12 -5.309624246025263242e-12 2.868991707550135518e-13 -9.549186214070680537e-13 5.635682942422854499e-12 2.981050289248482776e-12 5.572473600474478192e-12 1.164569123905601169e-11 2.229356773752243707e-11 1.096828609196275903e-11 4.436413931115350226e-12 1.939387607303932215e-12 5.125591085856942831e-13 8.988203530355079616e-14 9.587921021190616376e-13 1.734945388143889785e-12 4.204650287215528302e-14 7.401280496298598827e-13 -8.748552518100349146e-13 -1.352409321065525417e-12
7.536973097676693326e-12 -2.150952647459343984e-12 -1.191595585147859754e-11 -1.408708725142383343e-12 -3.250006075128185488e-12 4.649779632970430654e-12 -3.737808977369729493e-12 -5.205846150976465989e-12 -8.499626105256840001e-13 -1.647375829907144988e-12 3.228223453542103022e-12 -9.910168114084232313e-13 5.000556688209447887e-12 6.036192388809912914e-12 1.096828609196275903e-11 1.884148798620711142e-11 8.007916769687873801e-12 3.670469579482956995e-12 2.150067261785861596e-12 1.304754620376837789e-12 1.511772893480267008e-12 9.104521314686225045e-13 1.035306781877036951e-12 1.405814797822031416e-12 3.569105718652262333e-14 -4.312674790125687831e-13
7.951544024248223044e-12 -5.447120369899526524e-12 -1.512015891371882907e-11 2.407265866024699525e-12 -3.453930834691241672e-12 -1.070666379890791653e-13 -4.413845984490747552e-12 -8.310435153605900521e-13 -2.544424098284205388e-12 1.315635830279744862e-12 -4.088614004715863877e-13 6.363895153024781448e-14 2.684526721295951254e-12 2.570312496314748822e-12 4.436413931115350226e-12 8.007916769687873801e-12 1.570553272157493466e-11 7.539671163215106714e-12 3.522002062336897307e-12 1.735690315793222939e-12 1.355543226374282173e-12 8.965833971562914354e-13 5.499723234081658919e-13 9.631865618602528326e-13 3.093340943725653873e-13 -2.550091047824774687e-13
7.526084837266393514e-12 -6.486930916593851176e-12 -1.115982258308671343e-11 6.639970980610210572e-14 -4.920684712055137869e-13 4.121856418282688312e-12 -1.460199222355192141e-16 -2.597456787951232562e-12 1.128876243989518729e-13 -2.262914645966895945e-13 -1.993790692720569109e-13 -4.849427588586954389e-13 -4.486223303050673128e-13 7.381983808199891684e-13 1.939387607303932215e-12 3.670469579482956995e-12 7.539671163215106714e-12 1.177255364351059931e-11 5.311838460543109617e-12 2.808890345084801075e-12 1.471762806885423532e-12 2.941954185999043614e-13 -2.788367328116793850e-14 1.082439729898091657e-12 5.379931487324698222e-13 1.133998761813630965e-13
1.046484469799260911e-11 -3.367259787320749609e-12 -7.683126650840265135e-12 -2.760390686152486944e-12 -3.359297114432046709e-12 7.011073546991129272e-12 -7.514438576048246876e-13 -2.658331464905057498e-13 1.829970109597200876e-12 -1.593154659877477180e-12 9.967598132856149671e-13 -6.956931358888808036e-13 8.385293361666312843e-13 -3.389897164018389578e-13 5.125591085856942831e-13 2.150067261785861596e-12 3.522002062336897307e-12 5.311838460543109617e-12 1.045678568502188144e-11 5.162071218185717553e-12 2.398972194300703247e-12 3.264728363539294408e-13 2.624590590011391389e-13 1.064615348803910267e-12 6.223862253414223101e-13 2.167327759766322552e-13
5.015330324715154199e-12 -4.604159216066039025e-12 -6.372785790480298569e-12 -6.296326098229634430e-13 -2.310818149850576148e-12 3.453454908644872249e-12 -7.093017686328530984e-13 -3.950113571046691465e-13 1.277729537237393768e-12 1.887870190765664851e-12 -2.023409449505798201e-13 -1.336632832460967324e-12 -8.337509025138243697e-13 -1.683647285392054255e-12 8.988203530355079616e-14 1.304754620376837789e-12 1.735690315793222939e-12 2.808890345084801075e-12 5.162071218185717553e-12 1.027807723001225708e-11 5.383273821647179825e-12 1.335384590579750267e-12 3.160626058940848501e-13 3.742079288628215222e-13 -1.171572539080445464e-13 1.118359669754763278e-13
1.103263303715300233e-11 8.601003751432506324e-12 -9.182678626748821596e-12 1.556271193815848377e-12 2.455633704336900907e-12 3.612712455378637791e-12 1.443353913007894895e-12 -4.096621123233030948e-12 -2.222863454753778358e-12 8.084855576753932551e-14 -2.019302245737277563e-12 8.230760676514083626e-14 -1.048501937758627968e-12 -1.031855596128375733e-13 9.587921021190616376e-13 1.511772893480267008e-12 1.355543226374282173e-12 1.471762806885423532e-12 2.398972194300703247e-12 5.383273821647179825e-12 8.867419462357607286e-12 3.607787383363997200e-12 8.732868048309513451e-13 1.606182683174443532e-13 -6.518131889516993989e-13 -4.473350808928399089e-13
-6.418626129580592886e-13 1.580640237212125631e-11 -7.312365983179585151e-12 6.678011547051129210e-12 4.803757862216254127e-12 2.459436956377732286e-12 1.083101412773562252e-13 -1.661433586502568382e-12 1.253802241016648967e-12 -1.102519996886540270e-12 1.245643543050614104e-13 1.501090113039014478e-12 7.781447284194680761e-13 7.185662490206209748e-13 1.734945388143889785e-12 9.104521314686225045e-13 8.965833971562914354e-13 2.941954185999043614e-13 3.264728363539294408e-13 1.335384590579750267e-12 3.607787383363997200e-12 7.255865114782390699e-12 3.814996599683681628e-12 1.496327983983017055e-12 1.623377386471816217e-13 -1.422205404816920019e-13
2.555720044636589148e-12 6.337447501194994865e-12 -4.534071228198123178e-12 8.559848155962211495e-12 1.474634825682640198e-12 5.210712511222939313e-12 -2.430315984974908996e-12 2.021541867500264547e-12 1.671079185787081940e-12 -2.740119211850497006e-12 -3.973652543732745015e-13 5.021568296077873251e-13 1.411088854789091949e-12 1.075200361582966020e-13 4.204650287215528302e-14 1.035306781877036951e-12 5.499723234081658919e-13 -2.788367328116793850e-14 2.624590590011391389e-13 3.160626058940848501e-13 8.732868048309513451e-13 3.814996599683681628e-12 6.821567342572295003e-12 2.746315033968887859e-12 7.184882507077494450e-13 5.072646118587217055e-13
2.936387313914316315e-12 4.900856377366724997e-13 3.395210577966084246e-12 2.112758824483613827e-13 -1.497340434136364359e-12 1.899076469739455236e-12 -1.497876315418575088e-12 -1.970900420819816376e-12 9.610926642688241795e-13 -2.289316684443062250e-12 -4.972635400120935531e-14 1.158522693399702072e-12 1.309530346076282875e-12 8.875389228831943840e-13 7.401280496298598827e-13 1.405814797822031416e-12 9.631865618602528326e-13 1.082439729898091657e-12 1.064615348803910267e-12 3.742079288628215222e-13 1.606182683174443532e-13 1.496327983983017055e-12 2.746315033968887859e-12 5.545610028241292134e-12 2.749216075419551044e-12 6.422817696395477051e-13
4.115822238962582353e-12 2.962625863968475711e-12 2.615317793508184114e-12 1.970910077937850866e-12 -1.889197095320192171e-12 -4.217236847122131728e-13 3.770112702728347255e-14 -2.508912392332076749e-12 4.457265656167160231e-13 -2.440359302221924976e-12 1.007125952963629005e-13 -6.358673680092415774e-13 1.221689048877587120e-13 1.893699613320065695e-13 -8.748552518100349146e-13 3.569105718652262333e-14 3.093340943725653873e-13 5.379931487324698222e-13 6.223862253414223101e-13 -1.171572539080445464e-13 -6.518131889516993989e-13 1.623377386471816217e-13 7.184882507077494450e-13 2.749216075419551044e-12 4.601028284092679131e-12 1.129135618898800087e-12
5.310486663008989126e-12 -3.434270699472143726e-12 -4.640728541484549732e-12 1.094931221107087261e-12 -1.563727519924120703e-12 -5.084485172587692249e-13 1.630504707617724624e-12 -1.115030528871380200e-12 -3.709014393970060413e-13 -1.128728108006887087e-12 1.548849387893285414e-13 4.291107241115603024e-13 -1.098004945213733902e-13 -2.002296152267445452e-13 -1.352409321065525417e-12 -4.312674790125687831e-13 -2.550091047824774687e-13 1.133998761813630965e-13 2.167327759766322552e-13 1.118359669754763278e-13 -4.473350808928399089e-13 -1.422205404816920019e-13 5.072646118587217055e-13 6.422817696395477051e-13 1.129135618898800087e-12 2.813342910490752312e-12
