2.160378936597229360e-09 3.472272046439125190e-11 -1.341939423262161665e-10 5.763641923966339442e-12 -9.650871752756645079e-11 3.743799400100883156e-11 -3.380763112394171858e-11 -2.823758006027962364e-11 3.508445991325901624e-11 3.401242476557153256e-11 -2.018789107141690414e-12 -1.349168782482074677e-11 9.912764479564245315e-12 1.500861582560851729e-11 1.382927832242442136e-11 7.878617171102906759e-12 -4.120627460663743991e-12 9.788656473117989622e-12 6.152457000710040957e-12 2.429677461076430196e-12 -1.001744815423715396e-12 -2.194876469143501101e-12 3.328870048591266746e-12 3.262835629513943341e-12 2.678280234512882292e-12 1.776570928465234777e-12
3.472272046439125190e-11 1.577863737447960124e-09 2.169014877879802010e-11 8.142564329687699158e-11 -2.951681103290174166e-11 2.542606717436511799e-11 -2.054319882048378296e-11 2.538826667367656365e-11 -1.527932120084439778e-12 -7.193635203348485773e-12 -3.504844750781553760e-12 1.383536503705195670e-11 -4.061695298756926529e-12 2.128845863999733659e-11 5.164437890709997704e-12 1.332378246771411785e-11 -3.461748703494040719e-12 7.629508648057937138e-13 -8.758873897383244876e-12 -3.830919467381113722e-12 -1.002848254721926875e-11 4.123169744970034599e-12 1.215272035479668279e-11 3.323760104275554842e-12 7.017113742758897995e-12 8.403778469665876434e-12
-1.341939423262161665e-10 2.169014877879802010e-11 1.114590350627379770e-09 3.262678611847758388e-11 9.214319514817718699e-11 5.994494139265761332e-11 1.100166507782552285e-11 8.693601829491398751e-12 3.894617828209679947e-11 9.349690749428947652e-12 2.967978728539214341e-11 1.575355753472204918e-11 4.588380823143420939e-12 1.912874320787581700e-12 -4.139231209970370026e-12 -6.752023080667763907e-12 -3.573031520172833494e-12 1.275483640686408987e-11 -3.183600540770290250e-12 -1.561798757311972637e-12 5.363405170066316886e-12 3.118287642096265307e-12 7.831313713543642229e-13 3.709941254157965679e-12 4.363697473455715423e-12 3.144224690387097411e-12
5.763641923966339442e-12 8.142564329687699158e-11 3.262678611847758388e-11 7.067949916211248960e-10 -1.205540236336294472e-11 -7.370513811490020594e-12 -5.172445650091880612e-12 1.383139319927586671e-11 5.774962233769405281e-12 1.219027506334549855e-11 1.009004070074314432e-11 7.068391606276955317e-13 -9.246913464392909335e-12 6.845318660620941495e-12 1.992032966349395283e-12 2.478617987891563234e-12 7.565951279337252896e-12 -4.727610389563557244e-12 -8.679467969777406194e-12 -7.164618779056061473e-12 -1.372166249291912933e-11 -1.303913173188076882e-12 -1.529488453853644130e-12 1.238997255071275001e-12 -4.877622888366726976e-12 2.171752823523819381e-12
-9.650871752756645079e-11 -2.951681103290174166e-11 9.214319514817718699e-11 -1.205540236336294472e-11 4.118227654488502169e-10 2.799461722809918780e-11 -4.379950555726983402e-12 8.129472649055705081e-12 4.124513679976156060e-12 -1.642013625112479055e-11 -8.329758829374589067e-12 -1.348158417430626283e-11 -2.093801685599775483e-12 6.457735903651448624e-13 -5.477305355125296252e-12 -5.813327794591633623e-12 -1.755858268642351978e-12 -5.532067261972395800e-13 -1.133684112989902507e-11 -6.040848775730287948e-12 8.164411662051215637e-13 3.924288410826756121e-12 1.408358247161312904e-12 -2.308335243322666013e-12 -1.161177815105393005e-12 -1.012376716558374262e-13
3.743799400100883156e-11 2.542606717436511799e-11 5.994494139265761332e-11 -7.370513811490020594e-12 2.799461722809918780e-11 2.704064362561506268e-10 1.306572217675713017e-11 2.005968921579048497e-11 -7.324543775171580369e-13 4.069577877492460478e-12 -8.420475324498814790e-12 3.140703335626231182e-12 1.817859268806913220e-13 3.075871546435613698e-12 3.924245763920735151e-12 -1.454123563252403469e-13 -7.897136329208483630e-12 7.151234679623117276e-14 -4.169796277897533446e-12 -2.704976845022322575e-12 -4.219175551363308414e-13 -5.118892720467987455e-13 5.338233294307106998e-12 1.481283733655727037e-12 -8.279510169899430292e-13 -2.087038183219069845e-12
-3.380763112394171858e-11 -2.054319882048378296e-11 1.100166507782552285e-11 -5.172445650091880612e-12 -4.379950555726983402e-12 1.306572217675713017e-11 1.969856625369715322e-10 6.415854142654227360e-12 2.395927315793812211e-11 1.041232627791697710e-11 5.673385232817594296e-12 1.352738057384626681e-12 -1.299643863943725732e-12 2.134192960586776389e-12 1.392802449583193750e-12 -1.946671908729362728e-12 -4.306835606422103188e-12 -4.816208029571739402e-12 -5.728465649233859943e-12 -1.157577603957697652e-11 -9.483823984679243180e-12 2.673502332803358656e-13 1.516107697854825397e-12 1.320813030814323241e-12 -1.855738931665133915e-12 -8.798834419254450025e-13
-2.823758006027962364e-11 2.538826667367656365e-11 8.693601829491398751e-12 1.383139319927586671e-11 8.129472649055705081e-12 2.005968921579048497e-11 6.415854142654227360e-12 1.525358605953109383e-10 2.200495008304027340e-11 1.787751507306153286e-11 5.565992393214982936e-13 1.111790212736802259e-13 -2.006330641803777469e-12 2.402278467516577441e-12 2.750418906682729240e-12 2.050692923307925813e-12 1.572549895104233945e-12 8.797765078457116923e-13 3.865721847792047411e-13 -2.020800911240609999e-12 -6.483386479073542902e-12 -2.816059079908374937e-12 9.998943959321008458e-13 -1.092073829780123358e-14 -1.452180039678408213e-12 -1.743768915727039908e-12
3.508445991325901624e-11 -1.527932120084439778e-12 3.894617828209679947e-11 5.774962233769405281e-12 4.124513679976156060e-12 -7.324543775171580369e-13 2.395927315793812211e-11 2.200495008304027340e-11 9.894882699368643375e-11 2.161920517403043403e-11 1.134313887189661365e-11 -3.912361792482395116e-12 -5.168670907981529084e-13 -3.018897795056307745e-12 3.923406866825444297e-13 1.400389611238221836e-12 -1.206046233913748503e-12 -2.829346286548572793e-12 6.689446254274197516e-13 -2.322639240940659627e-12 -8.343221026455286006e-13 2.174547613312763611e-12 -8.363943193394497956e-13 -2.567315713577134519e-12 -1.398339699569550543e-12 -1.450621004601387345e-12
3.401242476557153256e-11 -7.193635203348485773e-12 9.349690749428947652e-12 1.219027506334549855e-11 -1.642013625112479055e-11 4.069577877492460478e-12 1.041232627791697710e-11 1.787751507306153286e-11 2.161920517403043403e-11 7.287651200727575221e-11 1.751772538237321421e-11 6.145920124788709274e-12 1.750000826917376677e-12 -5.398756014186315146e-12 -1.800010205379862379e-12 1.652992060515641155e-12 1.205298172916003750e-12 1.161615523023626302e-12 9.796855269386894958e-13 1.522239026332908688e-12 -9.440118758349318011e-13 5.352338406663249170e-14 1.238942369758081008e-13 -7.197283880070832048e-13 -2.606649385605056904e-12 -1.601329391728848248e-12
-2.018789107141690414e-12 -3.504844750781553760e-12 2.967978728539214341e-11 1.009004070074314432e-11 -8.329758829374589067e-12 -8.420475324498814790e-12 5.673385232817594296e-12 5.565992393214982936e-13 1.134313887189661365e-11 1.751772538237321421e-11 5.947700057397142256e-11 1.086715387475982966e-11 4.807289592915436330e-12 -3.641281959010984823e-12 -1.143991418822260029e-12 -5.057975949645533222e-13 -2.060550217705978983e-12 -1.759010567084246179e-12 -1.558760371375913859e-12 -9.704111635867161700e-13 -1.341186981290863790e-12 4.631415743426904824e-13 -1.891539629883801990e-12 -8.086654867164551304e-13 -8.468579232911892496e-13 -1.652772125614751957e-12
-1.349168782482074677e-11 1.383536503705195670e-11 1.575355753472204918e-11 7.068391606276955317e-13 -1.348158417430626283e-11 3.140703335626231182e-12 1.352738057384626681e-12 1.111790212736802259e-13 -3.912361792482395116e-12 6.145920124788709274e-12 1.086715387475982966e-11 4.069743861087666927e-11 9.202848174658711930e-12 3.040981623618273105e-12 3.561354036636996443e-12 3.002937968156636411e-12 -1.120999994551734273e-12 -7.793780317809826353e-13 6.030256391770739692e-13 6.098778528652692206e-13 -4.587008715804336862e-13 -4.228126986776877089e-13 2.103870836361013170e-12 1.460819511823076413e-12 2.122781929211811292e-12 -4.235042581811059582e-14
9.912764479564245315e-12 -4.061695298756926529e-12 4.588380823143420939e-12 -9.246913464392909335e-12 -2.093801685599775483e-12 1.817859268806913220e-13 -1.299643863943725732e-12 -2.006330641803777469e-12 -5.168670907981529084e-13 1.750000826917376677e-12 4.807289592915436330e-12 9.202848174658711930e-12 3.105610471903375952e-11 7.607285023204012314e-12 5.517352936161086799e-12 2.594530240314761923e-12 7.706072008650742939e-13 -8.547430794599089706e-13 -3.870669717166939729e-13 7.086387735796631318e-13 1.626237506469258317e-12 7.001550532673632050e-13 1.218920119213858985e-12 1.546139420994450620e-13 1.693950153760577890e-12 4.164136616090835497e-13
1.500861582560851729e-11 2.128845863999733659e-11 1.912874320787581700e-12 6.845318660620941495e-12 6.457735903651448624e-13 3.075871546435613698e-12 2.134192960586776389e-12 2.402278467516577441e-12 -3.018897795056307745e-12 -5.398756014186315146e-12 -3.641281959010984823e-12 3.040981623618273105e-12 7.607285023204012314e-12 2.459729037345312531e-11 1.090778443426262706e-11 3.954798805325548914e-12 2.897109566272218355e-12 -9.378816272322320721e-13 -1.180744595264972913e-12 -1.546141381448214268e-12 -1.240285252555294242e-13 1.083087100802954605e-12 1.705448391923108054e-12 1.596265040764281269e-12 1.662196737180163690e-12 5.762989502547550465e-13
1.382927832242442136e-11 5.164437890709997704e-12 -4.139231209970370026e-12 1.992032966349395283e-12 -5.477305355125296252e-12 3.924245763920735151e-12 1.392802449583193750e-12 2.750418906682729240e-12 3.923406866825444297e-13 -1.800010205379862379e-12 -1.143991418822260029e-12 3.561354036636996443e-12 5.517352936161086799e-12 1.090778443426262706e-11 2.316600145879073884e-11 8.133835205557974422e-12 5.602255013705485233e-12 2.358530923286337616e-12 1.335677225996775492e-12 1.940412709297442031e-13 -5.679215905955018798e-13 3.458186954608588503e-13 2.498944223068004840e-13 6.356582717636331881e-13 1.768719271155854753e-12 3.096174865680031851e-13
7.878617171102906759e-12 1.332378246771411785e-11 -6.752023080667763907e-12 2.478617987891563234e-12 -5.813327794591633623e-12 -1.454123563252403469e-13 -1.946671908729362728e-12 2.050692923307925813e-12 1.400389611238221836e-12 1.652992060515641155e-12 -5.057975949645533222e-13 3.002937968156636411e-12 2.594530240314761923e-12 3.954798805325548914e-12 8.133835205557974422e-12 1.641667361037064992e-11 8.683208187336930994e-12 4.307694008414605531e-12 8.733763075703298496e-13 1.704941560247621217e-12 1.079854182998239438e-12 3.575179265731577657e-13 4.244747214409923652e-13 1.125157938515292152e-12 1.579277955754595698e-12 3.652364692930549752e-13
-4.120627460663743991e-12 -3.461748703494040719e-12 -3.573031520172833494e-12 7.565951279337252896e-12 -1.755858268642351978e-12 -7.897136329208483630e-12 -4.306835606422103188e-12 1.572549895104233945e-12 -1.206046233913748503e-12 1.205298172916003750e-12 -2.060550217705978983e-12 -1.120999994551734273e-12 7.706072008650742939e-13 2.897109566272218355e-12 5.602255013705485233e-12 8.683208187336930994e-12 1.718755619393810922e-11 8.710688140300789984e-12 3.105785980020867912e-12 1.273696598739663484e-12 1.284354849418101510e-12 1.593025357717392228e-12 -2.024561866323118198e-13 4.591422316076730791e-15 1.111563293151938163e-12 6.378710217765721426e-13
9.788656473117989622e-12 7.629508648057937138e-13 1.275483640686408987e-11 -4.727610389563557244e-12 -5.532067261972395800e-13 7.151234679623117276e-14 -4.816208029571739402e-12 8.797765078457116923e-13 -2.829346286548572793e-12 1.161615523023626302e-12 -1.759010567084246179e-12 -7.793780317809826353e-13 -8.547430794599089706e-13 -9.378816272322320721e-13 2.358530923286337616e-12 4.307694008414605531e-12 8.710688140300789984e-12 1.569703772848025239e-11 7.450601093982951311e-12 3.036128656135444917e-12 2.246410313545309610e-12 1.112468911729043822e-12 2.661347901299364290e-13 1.940466133385546787e-13 2.529833328345571101e-13 1.267046793799173075e-13
6.152457000710040957e-12 -8.758873897383244876e-12 -3.183600540770290250e-12 -8.679467969777406194e-12 -1.133684112989902507e-11 -4.169796277897533446e-12 -5.728465649233859943e-12 3.865721847792047411e-13 6.689446254274197516e-13 9.796855269386894958e-13 -1.558760371375913859e-12 6.030256391770739692e-13 -3.870669717166939729e-13 -1.180744595264972913e-12 1.335677225996775492e-12 8.733763075703298496e-13 3.105785980020867912e-12 7.450601093982951311e-12 1.390131834608880596e-11 5.243379828608172050e-12 2.050629530551076053e-12 8.465731640132451461e-13 -4.402667941690015822e-13 -1.148110565951490081e-13 9.121311949770575924e-14 2.173721681098824425e-13
2.429677461076430196e-12 -3.830919467381113722e-12 -1.561798757311972637e-12 -7.164618779056061473e-12 -6.040848775730287948e-12 -2.704976845022322575e-12 -1.157577603957697652e-11 -2.020800911240609999e-12 -2.322639240940659627e-12 1.522239026332908688e-12 -9.704111635867161700e-13 6.098778528652692206e-13 7.086387735796631318e-13 -1.546141381448214268e-12 1.940412709297442031e-13 1.704941560247621217e-12 1.273696598739663484e-12 3.036128656135444917e-12 5.243379828608172050e-12 1.276954462543183309e-11 6.766635302926979452e-12 2.622429461659774185e-12 2.562118148425692465e-13 6.326581900346582189e-13 -2.747331555633902468e-13 -7.984837283898192456e-13
-1.001744815423715396e-12 -1.002848254721926875e-11 5.363405170066316886e-12 -1.372166249291912933e-11 8.164411662051215637e-13 -4.219175551363308414e-13 -9.483823984679243180e-12 -6.483386479073542902e-12 -8.343221026455286006e-13 -9.440118758349318011e-13 -1.341186981290863790e-12 -4.587008715804336862e-13 1.626237506469258317e-12 -1.240285252555294242e-13 -5.679215905955018798e-13 1.079854182998239438e-12 1.284354849418101510e-12 2.246410313545309610e-12 2.050629530551076053e-12 6.766635302926979452e-12 1.320956350131091700e-11 4.921974737395561770e-12 1.177015625838949827e-12 -6.024682124048241057e-14 -4.589362927799787075e-13 -8.422232211601587964e-13
-2.194876469143501101e-12 4.123169744970034599e-12 3.118287642096265307e-12 -1.303913173188076882e-12 3.924288410826756121e-12 -5.118892720467987455e-13 2.673502332803358656e-13 -2.816059079908374937e-12 2.174547613312763611e-12 5.352338406663249170e-14 4.631415743426904824e-13 -4.228126986776877089e-13 7.001550532673632050e-13 1.083087100802954605e-12 3.458186954608588503e-13 3.575179265731577657e-13 1.593025357717392228e-12 1.112468911729043822e-12 8.465731640132451461e-13 2.622429461659774185e-12 4.921974737395561770e-12 8.545279082669048324e-12 2.726849326825490527e-12 4.690465451368688973e-13 -1.127361403192884807e-13 -2.681334029762318244e-13
3.328870048591266746e-12 1.215272035479668279e-11 7.831313713543642229e-13 -1.529488453853644130e-12 1.408358247161312904e-12 5.338233294307106998e-12 1.516107697854825397e-12 9.998943959321008458e-13 -8.363943193394497956e-13 1.238942369758081008e-13 -1.891539629883801990e-12 2.103870836361013170e-12 1.218920119213858985e-12 1.705448391923108054e-12 2.498944223068004840e-13 4.244747214409923652e-13 -2.024561866323118198e-13 2.661347901299364290e-13 -4.402667941690015822e-13 2.562118148425692465e-13 1.177015625838949827e-12 2.726849326825490527e-12 6.477703853787919282e-12 2.242100949891295676e-12 8.368345352265962205e-14 1.478638276854949709e-13
3.262835629513943341e-12 3.323760104275554842e-12 3.709941254157965679e-12 1.238997255071275001e-12 -2.308335243322666013e-12 1.481283733655727037e-12 1.320813030814323241e-12 -1.092073829780123358e-14 -2.567315713577134519e-12 -7.197283880070832048e-13 -8.086654867164551304e-13 1.460819511823076413e-12 1.546139420994450620e-13 1.596265040764281269e-12 6.356582717636331881e-13 1.125157938515292152e-12 4.591422316076730791e-15 1.940466133385546787e-13 -1.148110565951490081e-13 6.326581900346582189e-13 -6.024682124048241057e-14 4.690465451368688973e-13 2.242100949891295676e-12 4.514679452334586406e-12 6.470881690458724435e-13 -4.964235267978259905e-14
2.678280234512882292e-12 7.017113742758897995e-12 4.363697473455715423e-12 -4.877622888366726976e-12 -1.161177815105393005e-12 -8.279510169899430292e-13 -1.855738931665133915e-12 -1.452180039678408213e-12 -1.398339699569550543e-12 -2.606649385605056904e-12 -8.468579232911892496e-13 2.122781929211811292e-12 1.693950153760577890e-12 1.662196737180163690e-12 1.768719271155854753e-12 1.579277955754595698e-12 1.111563293151938163e-12 2.529833328345571101e-13 9.121311949770575924e-14 -2.747331555633902468e-13 -4.589362927799787075e-13 -1.127361403192884807e-13 8.368345352265962205e-14 6.470881690458724435e-13 3.870172173064500260e-12 1.082254766852513797e-12
1.776570928465234777e-12 8.403778469665876434e-12 3.144224690387097411e-12 2.171752823523819381e-12 -1.012376716558374262e-13 -2.087038183219069845e-12 -8.798834419254450025e-13 -1.743768915727039908e-12 -1.450621004601387345e-12 -1.601329391728848248e-12 -1.652772125614751957e-12 -4.235042581811059582e-14 4.164136616090835497e-13 5.762989502547550465e-13 3.096174865680031851e-13 3.652364692930549752e-13 6.378710217765721426e-13 1.267046793799173075e-13 2.173721681098824425e-13 -7.984837283898192456e-13 -8.422232211601587964e-13 -2.681334029762318244e-13 1.478638276854949709e-13 -4.964235267978259905e-14 1.082254766852513797e-12 2.982133743491430406e-12
