1.891733238519775183e-09 -1.199843816722647002e-10 -1.462193013286872383e-10 -6.562974750958064829e-11 -2.729834608332831417e-11 -8.692173604451805850e-12 1.098473945668135065e-11 -4.667383630393255239e-11 -3.021478176928014627e-11 1.072745917720544036e-11 -3.079724578356892739e-12 2.481312338752034179e-11 -5.724456077930510454e-13 7.578481313316734010e-12 7.940577166593292412e-12 1.546007846222301447e-11 2.877159296096600353e-12 1.014842958319121495e-11 6.221803059912227407e-12 1.564722830544084348e-11 6.438987197461517814e-12 -4.893002169199782782e-12 -2.151757015305345893e-12 -1.548084783653052108e-12 -1.056034207112139999e-11 -9.783426205235860491e-13
-1.199843816722647002e-10 1.455507084607600627e-09 1.280591559697129877e-10 2.835757222938048637e-11 5.963183397473786921e-11 6.547733969311497711e-11 -1.078781914956015023e-11 -1.940017185423895448e-11 -4.131872529587290844e-11 -9.136154906763098565e-12 -1.267013362457076952e-11 -2.479519825055972320e-11 -9.843983633638277730e-12 4.497867217512006082e-13 9.232608938624950253e-12 -1.092502959439581552e-11 -4.219497790796083590e-12 -5.858371502085549985e-12 -1.072028739984179915e-11 -1.627439211043700195e-12 7.309022494483633994e-12 6.850695825424424730e-12 3.901433052098120209e-12 4.042220353769049588e-12 8.091499162837492846e-13 -7.196504361674137278e-12
-1.462193013286872383e-10 1.280591559697129877e-10 1.048699805316436462e-09 -3.949923783950631929e-11 -2.763615762261681379e-11 7.349632364829030217e-12 2.144848867851994276e-11 -6.847486160588624856e-12 6.133437071222723448e-12 2.807406259120940534e-11 2.895238938061409868e-11 5.559181594297295548e-12 1.031102284338872528e-11 3.214286933780914256e-12 1.092132916122973875e-11 -4.774967613992550111e-12 3.673063305399653678e-12 -5.528560046824403596e-12 -4.201684674339995293e-12 -3.527272894600070684e-12 -7.221020350775086472e-12 9.557021831484513025e-13 1.378782101852102131e-12 5.321925373867399788e-12 2.960840044241596466e-12 -2.937937839952765670e-12
-6.562974750958064829e-11 2.835757222938048637e-11 -3.949923783950631929e-11 6.082471345132998526e-10 4.065888415491981390e-11 3.405463998729716624e-11 1.186938196275353245e-11 3.647931046043077402e-11 8.210949267871843218e-12 -2.424109304057551224e-11 -1.395378606736180919e-11 -5.838141306351629870e-12 -7.025396354521529017e-12 -4.648910134741372355e-12 -1.153950769613978704e-11 -1.958607568361161581e-12 -2.514335505856413892e-12 -8.610824302305458103e-12 -9.845593886101820890e-12 -7.004988094705396771e-12 -2.950159619891948993e-13 -2.021712752915406397e-12 2.519182193090225748e-12 2.661829304542784016e-12 -2.143247799038999218e-12 1.024068518020055974e-12
-2.729834608332831417e-11 5.963183397473786921e-11 -2.763615762261681379e-11 4.065888415491981390e-11 3.929456451336965924e-10 4.316102641077242548e-11 1.413374628288762991e-11 1.068616639303441489e-11 2.815136620883897703e-12 4.320242206653450112e-12 -8.136709409317020751e-12 -4.495924759335925119e-12 4.028439366239247123e-12 2.145709787470282921e-12 2.195997246374373632e-12 5.618312114161053114e-12 -8.701237527640561024e-13 9.167083857840716943e-13 1.969163785498248189e-12 -2.597551940692400864e-12 -5.560975050325064582e-12 -5.439672685443770281e-12 1.794495613298199371e-12 -5.160788774812984040e-13 3.724016093615055344e-13 -1.952385082512606500e-12
-8.692173604451805850e-12 6.547733969311497711e-11 7.349632364829030217e-12 3.405463998729716624e-11 4.316102641077242548e-11 2.587432576473097644e-10 7.385184249123043421e-12 9.823764407808823132e-13 2.749166542897142924e-14 9.806445489426669954e-12 2.442641455577842256e-12 -7.872928839415208060e-12 -1.078029788711905587e-11 -3.581540655942659468e-12 -7.929847735418306374e-12 -4.723797088134310266e-12 3.558700708357044677e-12 -2.274812186844221599e-12 1.688457658589082511e-12 1.762514098557656387e-12 6.639530551535212075e-12 2.074518355397644087e-12 3.858418753858859068e-12 6.251860332084428105e-13 1.486892732139270554e-12 -1.923370292391116414e-12
1.098473945668135065e-11 -1.078781914956015023e-11 2.144848867851994276e-11 1.186938196275353245e-11 1.413374628288762991e-11 7.385184249123043421e-12 1.792290163632642873e-10 2.106228585169099541e-11 1.098856751305352164e-11 9.845605668226873101e-12 8.038933279512560471e-12 1.188867485421235269e-12 -3.189229241632452670e-12 -9.773902292570177607e-12 -9.155091264269546369e-12 -9.186820978697486417e-12 -1.925966838889073653e-12 -4.234248417435434668e-13 -5.262331853159336895e-13 -6.404950016767805649e-14 -3.657866578770590524e-13 -4.343094904892107123e-13 1.729074327068664101e-12 5.649641997434102391e-12 1.650749681802436971e-13 1.738367129061687584e-12
-4.667383630393255239e-11 -1.940017185423895448e-11 -6.847486160588624856e-12 3.647931046043077402e-11 1.068616639303441489e-11 9.823764407808823132e-13 2.106228585169099541e-11 1.222710665488464498e-10 2.254448575751497481e-11 3.367629292632899910e-12 1.801597587561056207e-12 -2.585077793138367252e-12 -1.121335085487796259e-12 -1.050496114740128484e-12 -4.183799439626838151e-12 -1.030037102875405283e-12 -6.294255589909441171e-12 -4.151034734206019623e-12 -1.585031114610143194e-12 -1.717900457727207695e-12 2.759425126535673024e-12 -1.027817323559635637e-12 -4.941175883599297145e-14 -5.747625277253947328e-13 3.049569720090863347e-12 1.008798171507207104e-12
-3.021478176928014627e-11 -4.131872529587290844e-11 6.133437071222723448e-12 8.210949267871843218e-12 2.815136620883897703e-12 2.749166542897142924e-14 1.098856751305352164e-11 2.254448575751497481e-11 9.207577368524393159e-11 1.066361549502187357e-11 -1.319347663895619787e-12 5.162613198605803416e-12 -1.547398205225135565e-12 5.231487579363573389e-12 -7.704874662257256146e-13 -1.184814119887601172e-12 -8.515584547562665829e-13 -4.082264920829188674e-13 2.463102942387651463e-12 7.593644142033608017e-13 5.986475570898067104e-13 -7.514602678653225241e-13 -2.898919114335093548e-12 -3.726815549460966545e-12 8.184819841066829824e-13 2.252305170874797540e-12
1.072745917720544036e-11 -9.136154906763098565e-12 2.807406259120940534e-11 -2.424109304057551224e-11 4.320242206653450112e-12 9.806445489426669954e-12 9.845605668226873101e-12 3.367629292632899910e-12 1.066361549502187357e-11 6.468438871142154840e-11 1.449023061992044350e-11 9.477797750754226532e-12 5.296082866118592692e-12 1.338175792577189415e-12 1.348102500336584669e-12 8.933846809979337248e-13 1.218834189977374796e-12 3.320623369215262202e-12 2.043929327163523779e-12 3.524833878135316487e-12 -1.169533345744334756e-12 -4.651675175860542959e-13 -1.757912731310503829e-12 -1.080953303882749283e-12 1.519066954708508911e-12 1.003650570206589929e-12
-3.079724578356892739e-12 -1.267013362457076952e-11 2.895238938061409868e-11 -1.395378606736180919e-11 -8.136709409317020751e-12 2.442641455577842256e-12 8.038933279512560471e-12 1.801597587561056207e-12 -1.319347663895619787e-12 1.449023061992044350e-11 4.887023445826561480e-11 1.261065630072893170e-11 7.867670818378050651e-12 2.511937965454518636e-12 2.107441900275847004e-12 1.767480742832988383e-12 -4.753078647628876683e-14 1.251151176496964514e-12 9.297761057736284587e-13 1.507950273111132070e-12 -1.657479880614965057e-12 -2.703855178024066290e-12 -3.206605738653433282e-14 -1.614711787269919405e-13 6.269605145808050207e-13 5.145352849628811092e-13
2.481312338752034179e-11 -2.479519825055972320e-11 5.559181594297295548e-12 -5.838141306351629870e-12 -4.495924759335925119e-12 -7.872928839415208060e-12 1.188867485421235269e-12 -2.585077793138367252e-12 5.162613198605803416e-12 9.477797750754226532e-12 1.261065630072893170e-11 3.682002104617806959e-11 1.264263423331987048e-11 5.400697131239639603e-12 1.042630957897269926e-12 4.253771517266349211e-12 3.327966141089466457e-12 2.214529869643905957e-12 2.578280689467653246e-12 1.112629137404419626e-12 -2.783509599560132868e-12 -2.471316695122936372e-12 -1.817952307766321888e-12 2.152900934544366017e-13 8.374072367880026559e-13 5.272747752027807865e-13
-5.724456077930510454e-13 -9.843983633638277730e-12 1.031102284338872528e-11 -7.025396354521529017e-12 4.028439366239247123e-12 -1.078029788711905587e-11 -3.189229241632452670e-12 -1.121335085487796259e-12 -1.547398205225135565e-12 5.296082866118592692e-12 7.867670818378050651e-12 1.264263423331987048e-11 2.840705485674278193e-11 1.210469238459362211e-11 3.995645207389907091e-12 4.597695766879744907e-12 2.259841717352477723e-12 8.540541955271983322e-13 1.573717435565216488e-12 1.008233242679452684e-12 -1.183944848032216966e-12 -1.235016770383800329e-12 -6.105596709629315805e-13 -1.537819717725526960e-13 1.489705606220412752e-12 5.376105305033323460e-14
7.578481313316734010e-12 4.497867217512006082e-13 3.214286933780914256e-12 -4.648910134741372355e-12 2.145709787470282921e-12 -3.581540655942659468e-12 -9.773902292570177607e-12 -1.050496114740128484e-12 5.231487579363573389e-12 1.338175792577189415e-12 2.511937965454518636e-12 5.400697131239639603e-12 1.210469238459362211e-11 2.535067994879450538e-11 1.013159012803098779e-11 6.501295063046057296e-12 2.813490088423623097e-12 8.082007342441551624e-13 8.831476334587528521e-13 -3.468261649551432484e-13 -1.109666250351786942e-12 2.212649559242445636e-13 4.008584432029081053e-13 -5.025798794047149450e-13 1.109613914121170796e-12 -1.467498381904563389e-13
7.940577166593292412e-12 9.232608938624950253e-12 1.092132916122973875e-11 -1.153950769613978704e-11 2.195997246374373632e-12 -7.929847735418306374e-12 -9.155091264269546369e-12 -4.183799439626838151e-12 -7.704874662257256146e-13 1.348102500336584669e-12 2.107441900275847004e-12 1.042630957897269926e-12 3.995645207389907091e-12 1.013159012803098779e-11 1.917896395280180286e-11 8.729248812294858309e-12 2.757660991675452585e-12 1.979363029268928375e-12 7.602974411843378120e-13 -6.590840085143660778e-13 -2.544675633564325055e-12 -4.825054670468725199e-13 8.725326771603839649e-13 5.751721953537065261e-13 -2.162506457432924219e-14 -3.099778215513015300e-13
1.546007846222301447e-11 -1.092502959439581552e-11 -4.774967613992550111e-12 -1.958607568361161581e-12 5.618312114161053114e-12 -4.723797088134310266e-12 -9.186820978697486417e-12 -1.030037102875405283e-12 -1.184814119887601172e-12 8.933846809979337248e-13 1.767480742832988383e-12 4.253771517266349211e-12 4.597695766879744907e-12 6.501295063046057296e-12 8.729248812294858309e-12 1.730037461722226624e-11 8.238143287972556160e-12 4.993024066828359059e-12 2.302495737876777838e-12 9.857852760112400944e-13 -1.478817136173397498e-12 -1.645629489335540874e-12 -6.017332097544520783e-13 -4.551266141916834727e-13 -4.160507018754634418e-13 -5.176936294050049097e-13
2.877159296096600353e-12 -4.219497790796083590e-12 3.673063305399653678e-12 -2.514335505856413892e-12 -8.701237527640561024e-13 3.558700708357044677e-12 -1.925966838889073653e-12 -6.294255589909441171e-12 -8.515584547562665829e-13 1.218834189977374796e-12 -4.753078647628876683e-14 3.327966141089466457e-12 2.259841717352477723e-12 2.813490088423623097e-12 2.757660991675452585e-12 8.238143287972556160e-12 1.504804677946855572e-11 7.653892338044502090e-12 3.987310162844029580e-12 2.266077818112550837e-12 -1.654324664287164738e-13 -2.950436802644389151e-13 -1.473144757397205392e-13 -4.165683391324896192e-13 -3.625926938161940889e-14 -2.390859369707864373e-15
1.014842958319121495e-11 -5.858371502085549985e-12 -5.528560046824403596e-12 -8.610824302305458103e-12 9.167083857840716943e-13 -2.274812186844221599e-12 -4.234248417435434668e-13 -4.151034734206019623e-12 -4.082264920829188674e-13 3.320623369215262202e-12 1.251151176496964514e-12 2.214529869643905957e-12 8.540541955271983322e-13 8.082007342441551624e-13 1.979363029268928375e-12 4.993024066828359059e-12 7.653892338044502090e-12 1.112559826931006285e-11 6.578689062024831161e-12 3.011214265312880671e-12 3.520867914509607255e-13 -5.620536076387247476e-13 -6.061798979725946477e-13 -5.373107655529197695e-13 -1.474395407722093847e-13 3.835748089435923676e-14
6.221803059912227407e-12 -1.072028739984179915e-11 -4.201684674339995293e-12 -9.845593886101820890e-12 1.969163785498248189e-12 1.688457658589082511e-12 -5.262331853159336895e-13 -1.585031114610143194e-12 2.463102942387651463e-12 2.043929327163523779e-12 9.297761057736284587e-13 2.578280689467653246e-12 1.573717435565216488e-12 8.831476334587528521e-13 7.602974411843378120e-13 2.302495737876777838e-12 3.987310162844029580e-12 6.578689062024831161e-12 1.308425568202240974e-11 6.224015277089015625e-12 2.119361678221330219e-12 1.530474089153882438e-15 -1.063839686420627508e-12 -1.234916464805592817e-12 -1.381389861917950055e-13 -6.693670625046218161e-13
1.564722830544084348e-11 -1.627439211043700195e-12 -3.527272894600070684e-12 -7.004988094705396771e-12 -2.597551940692400864e-12 1.762514098557656387e-12 -6.404950016767805649e-14 -1.717900457727207695e-12 7.593644142033608017e-13 3.524833878135316487e-12 1.507950273111132070e-12 1.112629137404419626e-12 1.008233242679452684e-12 -3.468261649551432484e-13 -6.590840085143660778e-13 9.857852760112400944e-13 2.266077818112550837e-12 3.011214265312880671e-12 6.224015277089015625e-12 1.090962909862869299e-11 4.979116161455757278e-12 1.356023119905307465e-12 -3.398192627612128114e-13 -1.136994363172345043e-12 -1.000199201838518430e-12 -5.881979715631431129e-13
6.438987197461517814e-12 7.309022494483633994e-12 -7.221020350775086472e-12 -2.950159619891948993e-13 -5.560975050325064582e-12 6.639530551535212075e-12 -3.657866578770590524e-13 2.759425126535673024e-12 5.986475570898067104e-13 -1.169533345744334756e-12 -1.657479880614965057e-12 -2.783509599560132868e-12 -1.183944848032216966e-12 -1.109666250351786942e-12 -2.544675633564325055e-12 -1.478817136173397498e-12 -1.654324664287164738e-13 3.520867914509607255e-13 2.119361678221330219e-12 4.979116161455757278e-12 1.060117711340595484e-11 4.978727104768266155e-12 7.702088159420454744e-13 -1.471488394463865861e-12 -5.795208068919189129e-13 -9.799687069761783196e-13
-4.893002169199782782e-12 6.850695825424424730e-12 9.557021831484513025e-13 -2.021712752915406397e-12 -5.439672685443770281e-12 2.074518355397644087e-12 -4.343094904892107123e-13 -1.027817323559635637e-12 -7.514602678653225241e-13 -4.651675175860542959e-13 -2.703855178024066290e-12 -2.471316695122936372e-12 -1.235016770383800329e-12 2.212649559242445636e-13 -4.825054670468725199e-13 -1.645629489335540874e-12 -2.950436802644389151e-13 -5.620536076387247476e-13 1.530474089153882438e-15 1.356023119905307465e-12 4.978727104768266155e-12 1.027438413107217662e-11 4.089830340506744118e-12 3.419090247064414026e-13 -5.954378120919941572e-13 -5.428164575302226250e-13
-2.151757015305345893e-12 3.901433052098120209e-12 1.378782101852102131e-12 2.519182193090225748e-12 1.794495613298199371e-12 3.858418753858859068e-12 1.729074327068664101e-12 -4.941175883599297145e-14 -2.898919114335093548e-12 -1.757912731310503829e-12 -3.206605738653433282e-14 -1.817952307766321888e-12 -6.105596709629315805e-13 4.008584432029081053e-13 8.725326771603839649e-13 -6.017332097544520783e-13 -1.473144757397205392e-13 -6.061798979725946477e-13 -1.063839686420627508e-12 -3.398192627612128114e-13 7.702088159420454744e-13 4.089830340506744118e-12 8.847641570155101524e-12 4.277722614391442544e-12 -8.243163637740201927e-13 -5.173881522409696265e-13
-1.548084783653052108e-12 4.042220353769049588e-12 5.321925373867399788e-12 2.661829304542784016e-12 -5.160788774812984040e-13 6.251860332084428105e-13 5.649641997434102391e-12 -5.747625277253947328e-13 -3.726815549460966545e-12 -1.080953303882749283e-12 -1.614711787269919405e-13 2.152900934544366017e-13 -1.537819717725526960e-13 -5.025798794047149450e-13 5.751721953537065261e-13 -4.551266141916834727e-13 -4.165683391324896192e-13 -5.373107655529197695e-13 -1.234916464805592817e-12 -1.136994363172345043e-12 -1.471488394463865861e-12 3.419090247064414026e-13 4.277722614391442544e-12 6.928751916744217103e-12 4.603385002698692681e-13 -2.734585145003937133e-13
-1.056034207112139999e-11 8.091499162837492846e-13 2.960840044241596466e-12 -2.143247799038999218e-12 3.724016093615055344e-13 1.486892732139270554e-12 1.650749681802436971e-13 3.049569720090863347e-12 8.184819841066829824e-13 1.519066954708508911e-12 6.269605145808050207e-13 8.374072367880026559e-13 1.489705606220412752e-12 1.109613914121170796e-12 -2.162506457432924219e-14 -4.160507018754634418e-13 -3.625926938161940889e-14 -1.474395407722093847e-13 -1.381389861917950055e-13 -1.000199201838518430e-12 -5.795208068919189129e-13 -5.954378120919941572e-13 -8.243163637740201927e-13 4.603385002698692681e-13 4.749242822511870284e-12 9.494938350364390616e-13
-9.783426205235860491e-13 -7.196504361674137278e-12 -2.937937839952765670e-12 1.024068518020055974e-12 -1.952385082512606500e-12 -1.923370292391116414e-12 1.738367129061687584e-12 1.008798171507207104e-12 2.252305170874797540e-12 1.003650570206589929e-12 5.145352849628811092e-13 5.272747752027807865e-13 5.376105305033323460e-14 -1.467498381904563389e-13 -3.099778215513015300e-13 -5.176936294050049097e-13 -2.390859369707864373e-15 3.835748089435923676e-14 -6.693670625046218161e-13 -5.881979715631431129e-13 -9.799687069761783196e-13 -5.428164575302226250e-13 -5.173881522409696265e-13 -2.734585145003937133e-13 9.494938350364390616e-13 3.963700848552205170e-12
