1.449190159995799708e-09 6.637107939767365349e-11 9.245864377406519511e-11 3.706247575891846930e-11 7.733427539332332010e-11 -2.586476004531737394e-11 -2.924308244587264787e-11 1.666064216044251406e-13 9.835484005397478602e-12 2.985208369263096769e-11 -2.443835470528645743e-12 -5.492796620826404937e-13 -7.001411470355603604e-12 -1.184164460412681765e-11 -3.351284352996818330e-12 -4.963181367495453418e-12 -1.436259737233227821e-11 -3.380867697954681428e-12 -9.321252106033821006e-12 -2.856809624079289016e-12 6.381973776577779442e-12 1.222805830000703157e-12 2.353106668812709573e-12 1.547787926330682609e-13 -1.824249306401895715e-12 -2.959727191978058107e-12
6.637107939767365349e-11 1.121357318340141122e-09 1.500323859344631727e-12 -3.800005197918356264e-11 8.909892742930904071e-12 1.906611223171778569e-12 1.685025150837902787e-11 -1.094637426493395671e-11 -2.192569377455673964e-11 -6.278749942579186929e-14 1.603605433822594893e-11 -5.565813184684594165e-12 -1.419927163101763926e-11 -1.424223472158779020e-11 -2.186346583614036423e-11 -1.061462970155038830e-11 -1.244326173152662247e-11 -6.082201851450654601e-12 -1.211550461896854114e-11 -1.405236961157580823e-12 -4.158355130260798899e-12 -6.148308185592480962e-12 8.171475826894766090e-12 -2.954098634573953722e-12 -5.545421037008581819e-12 -2.509559332794598517e-12
9.245864377406519511e-11 1.500323859344631727e-12 6.909667484234501469e-10 1.971480081848508716e-11 1.862204211766656051e-11 -3.562870222148183315e-11 1.030569553331481168e-11 3.667572801375792698e-12 -6.876439909380974217e-12 1.024435451018507472e-11 1.767285523116400932e-11 8.192389692803689644e-12 1.178577796639400517e-11 -1.120413860289605177e-11 4.987536819821609608e-12 5.065675449276486442e-13 8.634580360791014922e-12 4.975351702644645427e-12 2.851276524203349498e-12 -6.548477920352197746e-12 -1.944046197694944304e-12 -5.564830788597792546e-12 -5.375675612845840925e-12 -6.817361388111739379e-13 -1.706940123487382783e-12 -3.961120538204355091e-12
3.706247575891846930e-11 -3.800005197918356264e-11 1.971480081848508716e-11 4.249940197310875295e-10 3.352551378556328257e-11 4.392393714602797878e-12 2.290328832814616095e-12 1.125307774130678358e-11 -1.021747242731312200e-11 8.731368296613291555e-12 -1.272784609485346146e-11 1.053804836857227692e-11 -8.343188373770578567e-12 -3.599943556819670907e-12 2.285862923404359095e-12 1.124692275511304477e-11 3.606488993188080558e-12 2.035863579243181900e-12 1.610098463761000591e-12 -2.342551722961258270e-14 -7.085375872910683831e-13 -1.457102126856178740e-13 -1.067350351199377851e-12 1.384535135351609693e-12 -3.151822797024140192e-13 -1.560829956672734024e-12
7.733427539332332010e-11 8.909892742930904071e-12 1.862204211766656051e-11 3.352551378556328257e-11 3.389540655776196698e-10 2.040519749245308894e-11 -6.087956962748601403e-12 1.661098488425222715e-11 1.038112529460186368e-11 1.802153001300589068e-11 7.235307191793378972e-12 1.170179754498099063e-11 4.828366598554485734e-12 8.128578157821965504e-12 5.060606682691361899e-13 -1.469760717828049855e-12 4.479360294349129561e-12 -5.226671568334358584e-12 -8.604404551802024548e-14 1.897311202566654610e-12 2.855340989436232706e-12 7.987266696594632387e-13 -1.587870286419756386e-13 3.995380408902500358e-12 2.126102020442399166e-12 3.313299695143151939e-12
-2.586476004531737394e-11 1.906611223171778569e-12 -3.562870222148183315e-11 4.392393714602797878e-12 2.040519749245308894e-11 1.948205643247634854e-10 3.675865856546672041e-11 8.080055140154691808e-12 1.211521991739157668e-11 1.618995821113435984e-13 1.058271960836590452e-11 3.057093760605347253e-12 -5.632861952641548988e-12 5.079072463799439243e-12 1.300164551305943627e-14 -3.798339470115724917e-12 7.777721636770619196e-13 -3.506931606284700187e-12 -3.959574996450838924e-12 -2.372110266233255761e-12 -1.507640233005983431e-12 1.889941308834016681e-13 1.909963395896174840e-12 4.001452287834209126e-13 -3.356162402421886163e-12 -1.333550594667368710e-14
-2.924308244587264787e-11 1.685025150837902787e-11 1.030569553331481168e-11 2.290328832814616095e-12 -6.087956962748601403e-12 3.675865856546672041e-11 1.501359108322353475e-10 1.592402375584731025e-11 1.139641253133193041e-11 3.907347903714212915e-12 4.232565155610480575e-12 5.793477207689191546e-12 9.437024044349856822e-12 6.885639416113402994e-12 2.409741579518604443e-12 5.106479846121676841e-13 2.141640647931967813e-12 -3.138380431463174878e-14 -3.706822271566570634e-12 -3.856739194050058780e-13 -1.580106866858021379e-13 -1.092208444416030474e-13 -1.099512397618903657e-12 1.183385049464711190e-12 2.721373986690595819e-13 3.492165035560993340e-13
1.666064216044251406e-13 -1.094637426493395671e-11 3.667572801375792698e-12 1.125307774130678358e-11 1.661098488425222715e-11 8.080055140154691808e-12 1.592402375584731025e-11 9.513185430017543949e-11 1.382615218992019119e-11 1.264367486216297314e-11 2.179528654536384224e-12 3.565696608331814383e-12 3.957748845207412785e-12 5.339795823299029429e-12 4.196300676199761045e-12 -2.643559668776773820e-13 3.442008502767460103e-12 1.865864166348368001e-12 -8.382131048604515761e-13 -2.485730091194063207e-12 -3.025018836782810280e-12 -1.490734472519020244e-13 -1.305126809916266714e-12 6.878793066136843114e-13 -2.763458101317537696e-13 -8.509173049343945128e-13
9.835484005397478602e-12 -2.192569377455673964e-11 -6.876439909380974217e-12 -1.021747242731312200e-11 1.038112529460186368e-11 1.211521991739157668e-11 1.139641253133193041e-11 1.382615218992019119e-11 7.678020931257912303e-11 2.295740155901618304e-11 5.044299707064093403e-12 4.416246295105284512e-12 -2.594124604647772449e-12 -7.366347475164588511e-13 -7.020063069157206952e-13 -3.661919828178982030e-12 -4.825126944291812300e-12 -3.675050670240371012e-12 8.808555038729007974e-13 -5.062617441479922189e-13 1.548244333916380708e-12 8.691563660431189247e-13 -1.495332899445358343e-12 -5.704085565836792919e-13 3.249236700343644986e-13 5.906743503712696310e-13
2.985208369263096769e-11 -6.278749942579186929e-14 1.024435451018507472e-11 8.731368296613291555e-12 1.802153001300589068e-11 1.618995821113435984e-13 3.907347903714212915e-12 1.264367486216297314e-11 2.295740155901618304e-11 5.421050123415524187e-11 1.136710712414334459e-11 1.068702908861595574e-11 2.990283906916773096e-12 2.170789008746468161e-12 4.609963928378522400e-12 -1.435748416429797421e-13 -5.019595260534345456e-13 3.687214401142691262e-13 2.636191981038864200e-12 5.528897287564816394e-13 -1.846950907916901250e-12 -5.735705855151048787e-13 -1.570378934162943445e-13 -1.074104224335373962e-12 -5.996855265718366143e-13 1.223081040138818304e-13
-2.443835470528645743e-12 1.603605433822594893e-11 1.767285523116400932e-11 -1.272784609485346146e-11 7.235307191793378972e-12 1.058271960836590452e-11 4.232565155610480575e-12 2.179528654536384224e-12 5.044299707064093403e-12 1.136710712414334459e-11 4.171595559650764081e-11 1.528053198285272812e-11 6.051600385401389072e-12 4.041257744211080286e-12 1.612787776978350024e-12 -1.224279606499735121e-12 -1.072726360608590399e-13 -1.300115978536535399e-12 -2.715638817885203524e-12 -8.696459388305569846e-13 -3.431339406982782622e-13 -5.941786200441542687e-13 7.674320891637963407e-13 7.751240309249529944e-13 -4.501984992369654493e-13 8.100758281590694333e-13
-5.492796620826404937e-13 -5.565813184684594165e-12 8.192389692803689644e-12 1.053804836857227692e-11 1.170179754498099063e-11 3.057093760605347253e-12 5.793477207689191546e-12 3.565696608331814383e-12 4.416246295105284512e-12 1.068702908861595574e-11 1.528053198285272812e-11 3.012228870977661057e-11 1.109625144608344695e-11 5.799969699593327438e-12 1.861712663921050726e-12 1.101164293099196650e-12 -4.434787478883384355e-13 -1.056071611647454351e-12 -1.338184490118741965e-12 5.714566217079280341e-13 -4.077180742113190843e-13 1.456087391836899131e-13 2.184364880107249766e-13 3.327450594057759719e-13 4.097612821534094109e-13 -1.114905061286754319e-14
-7.001411470355603604e-12 -1.419927163101763926e-11 1.178577796639400517e-11 -8.343188373770578567e-12 4.828366598554485734e-12 -5.632861952641548988e-12 9.437024044349856822e-12 3.957748845207412785e-12 -2.594124604647772449e-12 2.990283906916773096e-12 6.051600385401389072e-12 1.109625144608344695e-11 2.779009298172782311e-11 1.135353939107394022e-11 5.838757723787065195e-12 1.936890096068227883e-12 1.238829383738545135e-12 1.503207115251455519e-12 -7.634985620630741469e-15 4.069918250246660360e-13 7.642423468453543039e-13 -6.409539065463202317e-13 -3.768823577666619596e-13 -1.888358729051266759e-13 4.164896240163349920e-13 1.735794593634020730e-13
-1.184164460412681765e-11 -1.424223472158779020e-11 -1.120413860289605177e-11 -3.599943556819670907e-12 8.128578157821965504e-12 5.079072463799439243e-12 6.885639416113402994e-12 5.339795823299029429e-12 -7.366347475164588511e-13 2.170789008746468161e-12 4.041257744211080286e-12 5.799969699593327438e-12 1.135353939107394022e-11 2.167400685784887677e-11 8.871526143042919569e-12 3.988662504512181303e-12 2.123077946542493592e-12 1.461882423232394208e-12 -9.504624943741178664e-13 8.038298535152576283e-13 1.354578448508198328e-12 3.982896457712189152e-13 -6.608198255259867086e-13 1.793212172400818663e-13 5.999163620755315950e-13 6.207807313121958884e-13
-3.351284352996818330e-12 -2.186346583614036423e-11 4.987536819821609608e-12 2.285862923404359095e-12 5.060606682691361899e-13 1.300164551305943627e-14 2.409741579518604443e-12 4.196300676199761045e-12 -7.020063069157206952e-13 4.609963928378522400e-12 1.612787776978350024e-12 1.861712663921050726e-12 5.838757723787065195e-12 8.871526143042919569e-12 1.693037318539637399e-11 7.549366575603750782e-12 3.675784472194723655e-12 3.595007607108361523e-12 1.851513469266426302e-12 -2.956690226298537372e-13 -1.202187561222719797e-12 -1.027059732625990073e-13 1.272209030141514148e-13 5.712588326921083795e-13 5.185378218673305904e-13 2.098926509892853361e-13
-4.963181367495453418e-12 -1.061462970155038830e-11 5.065675449276486442e-13 1.124692275511304477e-11 -1.469760717828049855e-12 -3.798339470115724917e-12 5.106479846121676841e-13 -2.643559668776773820e-13 -3.661919828178982030e-12 -1.435748416429797421e-13 -1.224279606499735121e-12 1.101164293099196650e-12 1.936890096068227883e-12 3.988662504512181303e-12 7.549366575603750782e-12 1.367548083859567411e-11 4.880697384206047349e-12 2.150767038920295809e-12 7.414571671656630009e-13 -4.040048133855283966e-13 -1.344486388419199199e-12 5.811128834565114349e-13 -4.446616955172910322e-14 2.495453491950160133e-13 7.753305018647007492e-14 -3.188483428954284734e-13
-1.436259737233227821e-11 -1.244326173152662247e-11 8.634580360791014922e-12 3.606488993188080558e-12 4.479360294349129561e-12 7.777721636770619196e-13 2.141640647931967813e-12 3.442008502767460103e-12 -4.825126944291812300e-12 -5.019595260534345456e-13 -1.072726360608590399e-13 -4.434787478883384355e-13 1.238829383738545135e-12 2.123077946542493592e-12 3.675784472194723655e-12 4.880697384206047349e-12 1.187097634538862306e-11 4.736641920850830342e-12 1.301125491631619889e-12 1.550423354042750870e-13 -4.259195993856020458e-13 4.683517539658423413e-13 -3.896768210322154862e-13 1.000152009232641917e-13 1.565483368436137046e-13 -1.237147421426989570e-13
-3.380867697954681428e-12 -6.082201851450654601e-12 4.975351702644645427e-12 2.035863579243181900e-12 -5.226671568334358584e-12 -3.506931606284700187e-12 -3.138380431463174878e-14 1.865864166348368001e-12 -3.675050670240371012e-12 3.687214401142691262e-13 -1.300115978536535399e-12 -1.056071611647454351e-12 1.503207115251455519e-12 1.461882423232394208e-12 3.595007607108361523e-12 2.150767038920295809e-12 4.736641920850830342e-12 1.094364229103833062e-11 4.088047258890954208e-12 9.540357438424748027e-13 4.163162219481026695e-13 -2.922786888017926468e-14 -1.920402393337448814e-13 3.550798455057747579e-13 3.219613267389330523e-13 -7.031034705718195185e-14
-9.321252106033821006e-12 -1.211550461896854114e-11 2.851276524203349498e-12 1.610098463761000591e-12 -8.604404551802024548e-14 -3.959574996450838924e-12 -3.706822271566570634e-12 -8.382131048604515761e-13 8.808555038729007974e-13 2.636191981038864200e-12 -2.715638817885203524e-12 -1.338184490118741965e-12 -7.634985620630741469e-15 -9.504624943741178664e-13 1.851513469266426302e-12 7.414571671656630009e-13 1.301125491631619889e-12 4.088047258890954208e-12 1.000595706265408807e-11 2.703719226281693005e-12 3.704520954700934058e-13 -1.741923480259837093e-14 9.369336067697146546e-14 -1.021358795438126226e-13 1.190639438600965371e-13 3.938479687626561403e-14
-2.856809624079289016e-12 -1.405236961157580823e-12 -6.548477920352197746e-12 -2.342551722961258270e-14 1.897311202566654610e-12 -2.372110266233255761e-12 -3.856739194050058780e-13 -2.485730091194063207e-12 -5.062617441479922189e-13 5.528897287564816394e-13 -8.696459388305569846e-13 5.714566217079280341e-13 4.069918250246660360e-13 8.038298535152576283e-13 -2.956690226298537372e-13 -4.040048133855283966e-13 1.550423354042750870e-13 9.540357438424748027e-13 2.703719226281693005e-12 7.288750353797787148e-12 3.161338438652896958e-12 9.860629104314357632e-13 2.232511292591879879e-13 -3.521577270151040458e-13 4.796665527766605765e-13 4.505200317748895183e-13
6.381973776577779442e-12 -4.158355130260798899e-12 -1.944046197694944304e-12 -7.085375872910683831e-13 2.855340989436232706e-12 -1.507640233005983431e-12 -1.580106866858021379e-13 -3.025018836782810280e-12 1.548244333916380708e-12 -1.846950907916901250e-12 -3.431339406982782622e-13 -4.077180742113190843e-13 7.642423468453543039e-13 1.354578448508198328e-12 -1.202187561222719797e-12 -1.344486388419199199e-12 -4.259195993856020458e-13 4.163162219481026695e-13 3.704520954700934058e-13 3.161338438652896958e-12 6.679690289484359387e-12 1.767753234725277834e-12 -2.107484469983409877e-13 -1.400029926991894586e-13 6.248779211154881243e-13 2.006507351947623697e-13
1.222805830000703157e-12 -6.148308185592480962e-12 -5.564830788597792546e-12 -1.457102126856178740e-13 7.987266696594632387e-13 1.889941308834016681e-13 -1.092208444416030474e-13 -1.490734472519020244e-13 8.691563660431189247e-13 -5.735705855151048787e-13 -5.941786200441542687e-13 1.456087391836899131e-13 -6.409539065463202317e-13 3.982896457712189152e-13 -1.027059732625990073e-13 5.811128834565114349e-13 4.683517539658423413e-13 -2.922786888017926468e-14 -1.741923480259837093e-14 9.860629104314357632e-13 1.767753234725277834e-12 4.674147582301634787e-12 7.169448043337516161e-13 2.556604489035276193e-13 2.436568951490659624e-13 6.865202938207987944e-14
2.353106668812709573e-12 8.171475826894766090e-12 -5.375675612845840925e-12 -1.067350351199377851e-12 -1.587870286419756386e-13 1.909963395896174840e-12 -1.099512397618903657e-12 -1.305126809916266714e-12 -1.495332899445358343e-12 -1.570378934162943445e-13 7.674320891637963407e-13 2.184364880107249766e-13 -3.768823577666619596e-13 -6.608198255259867086e-13 1.272209030141514148e-13 -4.446616955172910322e-14 -3.896768210322154862e-13 -1.920402393337448814e-13 9.369336067697146546e-14 2.232511292591879879e-13 -2.107484469983409877e-13 7.169448043337516161e-13 3.355504158781220098e-12 5.090622523932874018e-13 -1.340407679512249604e-13 -1.335341336897398578e-13
1.547787926330682609e-13 -2.954098634573953722e-12 -6.817361388111739379e-13 1.384535135351609693e-12 3.995380408902500358e-12 4.001452287834209126e-13 1.183385049464711190e-12 6.878793066136843114e-13 -5.704085565836792919e-13 -1.074104224335373962e-12 7.751240309249529944e-13 3.327450594057759719e-13 -1.888358729051266759e-13 1.793212172400818663e-13 5.712588326921083795e-13 2.495453491950160133e-13 1.000152009232641917e-13 3.550798455057747579e-13 -1.021358795438126226e-13 -3.521577270151040458e-13 -1.400029926991894586e-13 2.556604489035276193e-13 5.090622523932874018e-13 2.172315757944666843e-12 3.797039641465503188e-13 -1.953857030757983359e-13
-1.824249306401895715e-12 -5.545421037008581819e-12 -1.706940123487382783e-12 -3.151822797024140192e-13 2.126102020442399166e-12 -3.356162402421886163e-12 2.721373986690595819e-13 -2.763458101317537696e-13 3.249236700343644986e-13 -5.996855265718366143e-13 -4.501984992369654493e-13 4.097612821534094109e-13 4.164896240163349920e-13 5.999163620755315950e-13 5.185378218673305904e-13 7.753305018647007492e-14 1.565483368436137046e-13 3.219613267389330523e-13 1.190639438600965371e-13 4.796665527766605765e-13 6.248779211154881243e-13 2.436568951490659624e-13 -1.340407679512249604e-13 3.797039641465503188e-13 1.391741029117844909e-12 1.621300318525200239e-13
-2.959727191978058107e-12 -2.509559332794598517e-12 -3.961120538204355091e-12 -1.560829956672734024e-12 3.313299695143151939e-12 -1.333550594667368710e-14 3.492165035560993340e-13 -8.509173049343945128e-13 5.906743503712696310e-13 1.223081040138818304e-13 8.100758281590694333e-13 -1.114905061286754319e-14 1.735794593634020730e-13 6.207807313121958884e-13 2.098926509892853361e-13 -3.188483428954284734e-13 -1.237147421426989570e-13 -7.031034705718195185e-14 3.938479687626561403e-14 4.505200317748895183e-13 2.006507351947623697e-13 6.865202938207987944e-14 -1.335341336897398578e-13 -1.953857030757983359e-13 1.621300318525200239e-13 1.057480753491000950e-12
