1.995822844080489071e-09 9.548248320680131317e-11 -8.716878774331057192e-11 -8.191455345923239035e-11 -2.095107674412797950e-11 2.823291563501216942e-11 4.798171781367885475e-11 -5.422834187463313551e-11 4.002201559592417480e-13 -3.811316335979969460e-12 -3.865125540048945303e-12 -2.122761895032160945e-11 1.076403369662316989e-11 -2.481763347187083504e-12 9.585261450099554824e-12 1.005395510010448699e-11 2.391511129677617525e-12 1.303961473257737983e-12 -4.523753392997359877e-12 1.411487383002383925e-12 1.242019336717619835e-12 -2.171809721710234501e-12 6.972759444721467639e-12 6.917641998110898346e-12 2.741603009353325052e-12 7.824760263261028400e-12
9.548248320680131317e-11 1.398970488159470497e-09 3.945799065350612170e-11 7.517850217938505694e-11 2.667028466803659368e-11 5.467132220138365768e-11 8.496874845856450985e-11 -1.869657340277536879e-11 1.200583483821599986e-11 -9.835196351078731820e-12 -1.681765911391185871e-11 1.032106225698366996e-12 2.509753732889698376e-12 -3.032576383526935926e-12 1.248831642159614067e-11 1.185124484002732259e-11 6.875615899408866155e-12 -3.441057941250532522e-12 -1.449682365252524358e-11 -1.344120845424916112e-11 -8.333491894352167240e-12 2.147413978069047178e-12 -5.336498652277347738e-13 8.809816619864373020e-12 2.635934064411499265e-12 -1.129078565478539101e-12
-8.716878774331057192e-11 3.945799065350612170e-11 9.909998311350529537e-10 1.153702063329527472e-10 -1.878207464576288042e-12 4.083511405237221827e-11 1.405437946122551645e-12 1.225029320043820633e-11 -2.921185637128219616e-11 1.027969854013017573e-11 -5.634890636618271106e-12 4.574169526153325463e-12 1.355537132491882703e-11 1.029741815001728204e-11 9.983076863315205189e-12 -9.124952007559146964e-12 6.018446287928503332e-13 2.320387906089300955e-12 -1.353336205547390443e-12 1.944876954534327797e-12 -4.766825327128795676e-12 6.872878932775272867e-13 -4.779277050328948607e-12 -5.910498011217364343e-12 -2.034469951244310150e-12 -6.917617102172702469e-13
-8.191455345923239035e-11 7.517850217938505694e-11 1.153702063329527472e-10 6.457581018174402608e-10 7.366431727816556137e-11 -3.782102950250323732e-11 3.460751063743398892e-11 2.292898525516538680e-11 -1.704793106967977651e-12 -1.281471473473395523e-11 1.313643754992986041e-11 1.732631068002476386e-11 1.601252309228549135e-12 2.156075876906232753e-12 3.723015295219145805e-12 -1.047719069610000427e-11 -1.148765425339022020e-12 -5.483305860283585727e-12 -6.159301273164141441e-12 -3.032742824619246376e-12 -5.759499728921763540e-12 -3.968698826359263300e-12 -3.341434497185557955e-12 -6.124394289852347545e-13 -1.917321292732704659e-12 -3.369190465011571533e-12
-2.095107674412797950e-11 2.667028466803659368e-11 -1.878207464576288042e-12 7.366431727816556137e-11 3.772970209862124868e-10 2.115259213726224057e-11 1.843490235536374836e-11 2.480011620802578470e-11 6.734732631380961538e-12 1.805703442576101261e-11 -1.234073537917825400e-11 6.639773049882322081e-12 -1.431098018646195718e-11 -1.501634196727451692e-11 -7.134578372201876139e-13 -3.139328028883965663e-13 -8.016055873711446392e-13 -4.688142697320874479e-12 2.187473256301577447e-12 -2.948089024303679577e-12 -3.021650185029179462e-12 7.911983133031773665e-13 1.137339223677563409e-12 -3.124614941916265162e-13 -1.361621222271775080e-12 -9.396510255323493152e-14
2.823291563501216942e-11 5.467132220138365768e-11 4.083511405237221827e-11 -3.782102950250323732e-11 2.115259213726224057e-11 2.617787584160693343e-10 4.779057949415002909e-11 7.876723908485042841e-12 1.132951631718287409e-11 -1.081886751899742950e-12 4.195036191153860416e-12 5.963276550278804335e-12 3.552734385025844280e-12 5.036804600980689597e-12 -4.764323677311017969e-12 -3.644428498698503598e-12 -2.588265479208420963e-13 1.408300871895217221e-12 1.687608196146439455e-12 4.385100687649322214e-12 3.730778040053901623e-12 2.153484395872118271e-12 -1.026625101644301002e-12 1.289797051253625874e-12 2.605046571479888307e-13 1.558561881861701528e-12
4.798171781367885475e-11 8.496874845856450985e-11 1.405437946122551645e-12 3.460751063743398892e-11 1.843490235536374836e-11 4.779057949415002909e-11 2.062674299635920897e-10 4.212196046812015856e-11 1.059207255470494191e-11 -5.988944476440741714e-12 8.367517010365531683e-12 1.252799041040398456e-11 3.264519880244420642e-12 2.027826024118483942e-12 -1.226709686390635033e-12 4.367204927495251535e-12 1.381530421952656843e-12 -1.370244845146060745e-12 -1.710097503653169792e-12 -1.171573836016448763e-12 1.718827709549387332e-12 2.329075531532079143e-13 -1.731100181023421597e-13 7.932765880628817429e-14 7.537391729097374179e-13 7.639738687238129854e-13
-5.422834187463313551e-11 -1.869657340277536879e-11 1.225029320043820633e-11 2.292898525516538680e-11 2.480011620802578470e-11 7.876723908485042841e-12 4.212196046812015856e-11 1.607033239568526608e-10 2.239969855291604787e-11 7.548761288737186106e-12 1.266136586056824230e-12 1.191248774048007585e-11 -1.359825462116853493e-12 2.910425523070785389e-12 3.243989381271425553e-12 -3.575337318602224120e-12 2.120644346410396848e-13 -3.148307508735884148e-13 -7.667576526360827564e-13 3.950158478836309323e-13 5.609370478325348285e-12 1.487213130307682017e-12 9.072590161764930382e-13 1.305638077313757437e-12 -1.625916028824213825e-12 -1.502384732275900466e-13
4.002201559592417480e-13 1.200583483821599986e-11 -2.921185637128219616e-11 -1.704793106967977651e-12 6.734732631380961538e-12 1.132951631718287409e-11 1.059207255470494191e-11 2.239969855291604787e-11 1.054442633130176147e-10 1.458658044813618769e-11 8.286798482370132929e-12 5.226757538404605634e-12 -4.938506536958539756e-12 -5.975361884228411795e-12 -3.316978140762801409e-14 -3.760533447326600227e-12 -1.201230706689542821e-12 -2.852060874311473485e-12 -4.284664398621836074e-12 -1.141670312371203475e-12 2.342772257795796610e-12 1.142186113543905750e-12 6.365648829953972946e-13 1.538986383372607672e-12 4.746844485680286827e-13 -1.126984733122141982e-12
-3.811316335979969460e-12 -9.835196351078731820e-12 1.027969854013017573e-11 -1.281471473473395523e-11 1.805703442576101261e-11 -1.081886751899742950e-12 -5.988944476440741714e-12 7.548761288737186106e-12 1.458658044813618769e-11 6.531512398956059613e-11 1.586604704513840765e-11 7.630847483221920935e-12 3.342552899966673858e-12 1.980890034714748860e-12 3.801353782156008456e-12 2.747432117433718102e-12 -4.498493115132735983e-13 -3.437383822504452463e-13 5.430860164766831834e-14 -1.452074262977086443e-12 -1.478312326613725491e-12 2.364906375686676150e-14 7.154110374831694909e-13 -6.635991240113358185e-13 -1.398875197975420974e-12 -5.875773260663783621e-13
-3.865125540048945303e-12 -1.681765911391185871e-11 -5.634890636618271106e-12 1.313643754992986041e-11 -1.234073537917825400e-11 4.195036191153860416e-12 8.367517010365531683e-12 1.266136586056824230e-12 8.286798482370132929e-12 1.586604704513840765e-11 4.716181797977768083e-11 1.685700064611143943e-11 8.816950745755824263e-12 5.933797439955064944e-12 -4.201233170684865394e-13 -9.784953104053343728e-13 -4.288901569458502336e-13 -1.329711145589777364e-12 -3.447089202321441948e-12 -1.951766980468212889e-12 -6.290959738835751826e-13 -6.839294590738612082e-13 1.792145521546520926e-13 1.312117810044294143e-13 -3.023184660653588090e-13 -5.312952672099616212e-13
-2.122761895032160945e-11 1.032106225698366996e-12 4.574169526153325463e-12 1.732631068002476386e-11 6.639773049882322081e-12 5.963276550278804335e-12 1.252799041040398456e-11 1.191248774048007585e-11 5.226757538404605634e-12 7.630847483221920935e-12 1.685700064611143943e-11 4.470981068389299422e-11 1.857844558875462795e-11 1.040181447425843161e-11 8.203883966564296042e-12 4.308043005011348133e-12 2.072632733084656292e-12 1.364730788656508591e-12 -8.971022966610284062e-13 -2.149278960825439203e-12 -2.559196647008296060e-12 -1.725064324709137765e-12 -8.086018890252430842e-13 5.183729786380934536e-13 -4.650150672232768758e-13 -1.036201774203385874e-12
1.076403369662316989e-11 2.509753732889698376e-12 1.355537132491882703e-11 1.601252309228549135e-12 -1.431098018646195718e-11 3.552734385025844280e-12 3.264519880244420642e-12 -1.359825462116853493e-12 -4.938506536958539756e-12 3.342552899966673858e-12 8.816950745755824263e-12 1.857844558875462795e-11 3.649013165274432504e-11 1.541950518306378922e-11 8.714889638188492584e-12 5.291402866769741822e-12 3.412387402300725605e-12 4.043536894747833041e-12 2.443321963061523618e-12 -1.197260648421643730e-12 -1.245901449490261864e-12 -2.930551256954755041e-12 -1.645953351548242025e-13 8.383796883441503656e-13 6.915385570011507027e-14 -1.124394163356033583e-12
-2.481763347187083504e-12 -3.032576383526935926e-12 1.029741815001728204e-11 2.156075876906232753e-12 -1.501634196727451692e-11 5.036804600980689597e-12 2.027826024118483942e-12 2.910425523070785389e-12 -5.975361884228411795e-12 1.980890034714748860e-12 5.933797439955064944e-12 1.040181447425843161e-11 1.541950518306378922e-11 2.904915616069037075e-11 1.201147108802617788e-11 5.986981081161223911e-12 4.746545899996946804e-12 4.751697404570985274e-12 6.404301788130259833e-13 2.279196672036745636e-13 -1.449097865349618967e-12 -1.996264212833974401e-12 -1.667368771972776586e-13 -4.869026766209393768e-13 -7.245822765148416738e-13 -3.306099074788779137e-13
9.585261450099554824e-12 1.248831642159614067e-11 9.983076863315205189e-12 3.723015295219145805e-12 -7.134578372201876139e-13 -4.764323677311017969e-12 -1.226709686390635033e-12 3.243989381271425553e-12 -3.316978140762801409e-14 3.801353782156008456e-12 -4.201233170684865394e-13 8.203883966564296042e-12 8.714889638188492584e-12 1.201147108802617788e-11 2.555704922748421280e-11 1.158110058336590592e-11 4.650655938696722717e-12 3.330482550563876684e-12 1.543681047494093232e-12 1.480037687740801041e-13 -4.717091972966016568e-13 -4.182931917303316822e-14 -6.699107781573745132e-13 -8.582149792953434179e-13 -1.368036159646805167e-12 1.169272597916338157e-13
1.005395510010448699e-11 1.185124484002732259e-11 -9.124952007559146964e-12 -1.047719069610000427e-11 -3.139328028883965663e-13 -3.644428498698503598e-12 4.367204927495251535e-12 -3.575337318602224120e-12 -3.760533447326600227e-12 2.747432117433718102e-12 -9.784953104053343728e-13 4.308043005011348133e-12 5.291402866769741822e-12 5.986981081161223911e-12 1.158110058336590592e-11 1.971669523249715336e-11 9.191485210335972843e-12 4.153350767640659223e-12 3.622760815197603462e-12 1.993532865788998378e-13 -1.477538423269624474e-12 4.550489926120119162e-13 4.720793865784214074e-14 -2.742813325439325502e-13 -3.803073047299680113e-13 7.724214541636652953e-13
2.391511129677617525e-12 6.875615899408866155e-12 6.018446287928503332e-13 -1.148765425339022020e-12 -8.016055873711446392e-13 -2.588265479208420963e-13 1.381530421952656843e-12 2.120644346410396848e-13 -1.201230706689542821e-12 -4.498493115132735983e-13 -4.288901569458502336e-13 2.072632733084656292e-12 3.412387402300725605e-12 4.746545899996946804e-12 4.650655938696722717e-12 9.191485210335972843e-12 1.723706069033083345e-11 9.245035267348852018e-12 3.416072943142576685e-12 1.579836020086670541e-12 3.445295501299716018e-13 4.367219026468352001e-13 7.763591656400485467e-13 8.165347134102884841e-13 8.885602548558692189e-13 4.506039951501985231e-13
1.303961473257737983e-12 -3.441057941250532522e-12 2.320387906089300955e-12 -5.483305860283585727e-12 -4.688142697320874479e-12 1.408300871895217221e-12 -1.370244845146060745e-12 -3.148307508735884148e-13 -2.852060874311473485e-12 -3.437383822504452463e-13 -1.329711145589777364e-12 1.364730788656508591e-12 4.043536894747833041e-12 4.751697404570985274e-12 3.330482550563876684e-12 4.153350767640659223e-12 9.245035267348852018e-12 1.755630341299942824e-11 7.179601486767648973e-12 1.859930577146415409e-12 -2.685745759142568727e-13 7.193942013951150546e-13 1.162984281121528921e-12 1.455224337369529437e-12 4.196637428512662362e-13 2.217894213406270885e-13
-4.523753392997359877e-12 -1.449682365252524358e-11 -1.353336205547390443e-12 -6.159301273164141441e-12 2.187473256301577447e-12 1.687608196146439455e-12 -1.710097503653169792e-12 -7.667576526360827564e-13 -4.284664398621836074e-12 5.430860164766831834e-14 -3.447089202321441948e-12 -8.971022966610284062e-13 2.443321963061523618e-12 6.404301788130259833e-13 1.543681047494093232e-12 3.622760815197603462e-12 3.416072943142576685e-12 7.179601486767648973e-12 1.510982522378311566e-11 6.217964934450922512e-12 1.855959839236023507e-12 1.423981384206901439e-12 4.241335100933816107e-13 6.909066379847944154e-14 -1.130666729047702174e-13 3.252844094382333475e-13
1.411487383002383925e-12 -1.344120845424916112e-11 1.944876954534327797e-12 -3.032742824619246376e-12 -2.948089024303679577e-12 4.385100687649322214e-12 -1.171573836016448763e-12 3.950158478836309323e-13 -1.141670312371203475e-12 -1.452074262977086443e-12 -1.951766980468212889e-12 -2.149278960825439203e-12 -1.197260648421643730e-12 2.279196672036745636e-13 1.480037687740801041e-13 1.993532865788998378e-13 1.579836020086670541e-12 1.859930577146415409e-12 6.217964934450922512e-12 1.241957456452700000e-11 5.436988592360051052e-12 1.334580791923840276e-12 -1.469302215123308927e-13 -3.446722229774874692e-13 -4.026877376608855994e-13 4.102038931935017575e-13
1.242019336717619835e-12 -8.333491894352167240e-12 -4.766825327128795676e-12 -5.759499728921763540e-12 -3.021650185029179462e-12 3.730778040053901623e-12 1.718827709549387332e-12 5.609370478325348285e-12 2.342772257795796610e-12 -1.478312326613725491e-12 -6.290959738835751826e-13 -2.559196647008296060e-12 -1.245901449490261864e-12 -1.449097865349618967e-12 -4.717091972966016568e-13 -1.477538423269624474e-12 3.445295501299716018e-13 -2.685745759142568727e-13 1.855959839236023507e-12 5.436988592360051052e-12 1.103176897855643615e-11 3.526171261436401263e-12 1.336593048906412105e-12 5.060462399918635194e-13 -1.942968430551901066e-13 3.884112374740233434e-14
-2.171809721710234501e-12 2.147413978069047178e-12 6.872878932775272867e-13 -3.968698826359263300e-12 7.911983133031773665e-13 2.153484395872118271e-12 2.329075531532079143e-13 1.487213130307682017e-12 1.142186113543905750e-12 2.364906375686676150e-14 -6.839294590738612082e-13 -1.725064324709137765e-12 -2.930551256954755041e-12 -1.996264212833974401e-12 -4.182931917303316822e-14 4.550489926120119162e-13 4.367219026468352001e-13 7.193942013951150546e-13 1.423981384206901439e-12 1.334580791923840276e-12 3.526171261436401263e-12 6.404705633843709409e-12 1.989443285686820837e-12 -5.027816859821120715e-14 -2.585101475844769211e-13 5.712310082624591988e-13
6.972759444721467639e-12 -5.336498652277347738e-13 -4.779277050328948607e-12 -3.341434497185557955e-12 1.137339223677563409e-12 -1.026625101644301002e-12 -1.731100181023421597e-13 9.072590161764930382e-13 6.365648829953972946e-13 7.154110374831694909e-13 1.792145521546520926e-13 -8.086018890252430842e-13 -1.645953351548242025e-13 -1.667368771972776586e-13 -6.699107781573745132e-13 4.720793865784214074e-14 7.763591656400485467e-13 1.162984281121528921e-12 4.241335100933816107e-13 -1.469302215123308927e-13 1.336593048906412105e-12 1.989443285686820837e-12 5.010577835692070963e-12 1.759254037324758990e-12 6.161137538718655682e-13 9.972181385754501604e-14
6.917641998110898346e-12 8.809816619864373020e-12 -5.910498011217364343e-12 -6.124394289852347545e-13 -3.124614941916265162e-13 1.289797051253625874e-12 7.932765880628817429e-14 1.305638077313757437e-12 1.538986383372607672e-12 -6.635991240113358185e-13 1.312117810044294143e-13 5.183729786380934536e-13 8.383796883441503656e-13 -4.869026766209393768e-13 -8.582149792953434179e-13 -2.742813325439325502e-13 8.165347134102884841e-13 1.455224337369529437e-12 6.909066379847944154e-14 -3.446722229774874692e-13 5.060462399918635194e-13 -5.027816859821120715e-14 1.759254037324758990e-12 4.363765816982982575e-12 9.783234628198107188e-13 -1.007595103812858632e-13
2.741603009353325052e-12 2.635934064411499265e-12 -2.034469951244310150e-12 -1.917321292732704659e-12 -1.361621222271775080e-12 2.605046571479888307e-13 7.537391729097374179e-13 -1.625916028824213825e-12 4.746844485680286827e-13 -1.398875197975420974e-12 -3.023184660653588090e-13 -4.650150672232768758e-13 6.915385570011507027e-14 -7.245822765148416738e-13 -1.368036159646805167e-12 -3.803073047299680113e-13 8.885602548558692189e-13 4.196637428512662362e-13 -1.130666729047702174e-13 -4.026877376608855994e-13 -1.942968430551901066e-13 -2.585101475844769211e-13 6.161137538718655682e-13 9.783234628198107188e-13 2.802809415842406547e-12 4.779163396226834365e-13
7.824760263261028400e-12 -1.129078565478539101e-12 -6.917617102172702469e-13 -3.369190465011571533e-12 -9.396510255323493152e-14 1.558561881861701528e-12 7.639738687238129854e-13 -1.502384732275900466e-13 -1.126984733122141982e-12 -5.875773260663783621e-13 -5.312952672099616212e-13 -1.036201774203385874e-12 -1.124394163356033583e-12 -3.306099074788779137e-13 1.169272597916338157e-13 7.724214541636652953e-13 4.506039951501985231e-13 2.217894213406270885e-13 3.252844094382333475e-13 4.102038931935017575e-13 3.884112374740233434e-14 5.712310082624591988e-13 9.972181385754501604e-14 -1.007595103812858632e-13 4.779163396226834365e-13 2.336992898479370796e-12
