1.823600733535446385e-09 -2.391781592288315276e-11 9.207722900054693770e-11 -1.188732133976729076e-10 -4.944782777349926664e-12 6.243885105525388982e-11 -3.489185809444780544e-12 3.028010099217601965e-11 1.393696976761559349e-12 -3.059905130765139613e-11 4.783421975826254636e-12 2.191695626159153012e-12 1.174145579510013418e-11 6.931417791105308199e-12 5.653573848153101494e-12 -6.748225971777398354e-12 2.632794233448314420e-12 -5.611475518709702485e-13 -9.948260554523591646e-12 -1.179377829060568927e-11 -6.791804587671643230e-12 2.297466318933441437e-12 -7.212587236840313452e-12 1.662010080613887153e-12 1.306647772525596855e-12 -9.445094512044669511e-14
-2.391781592288315276e-11 1.322536663659831954e-09 2.990469684486483387e-11 -8.793066454360656379e-11 8.767200954252513503e-12 -4.881906902876919119e-11 2.444560832572778073e-11 -3.595908334951377391e-12 -5.484615415050208215e-12 3.123731672105982426e-12 -2.589820247947297862e-11 -2.513491312020316000e-11 -7.288345110828470480e-12 -1.248833302257409746e-11 -8.984148321168251092e-12 -9.215551010912727268e-13 4.396451124322851448e-12 -3.927498511930590683e-12 -4.976931932699309677e-12 -5.331477806724612611e-13 -1.687917743340986300e-12 -2.906595787935864958e-12 1.885184323478292538e-12 1.002064318546267942e-12 -1.120936419759168648e-12 -1.910083873634186364e-12
9.207722900054693770e-11 2.990469684486483387e-11 9.646072329904160170e-10 1.664218393259153530e-10 3.772087948354954294e-11 -1.454362702337924591e-13 -9.849479616367327787e-12 -1.816542457987568988e-11 -2.215455564786381614e-11 2.170332902495015592e-12 -1.310768789334467954e-11 -3.124838685603771942e-12 -2.965110814855833143e-11 -9.458817873360578779e-12 -5.190263498110860583e-12 -3.235196776768021358e-12 2.255149862726704902e-12 1.038478955034404207e-11 -2.174494810374283664e-13 2.876826703739002665e-12 -3.835961157960876286e-12 -3.430821692569230861e-12 -1.045407534576505495e-12 8.225084315332764818e-12 -3.047603404105200044e-13 -1.862431649533144912e-12
-1.188732133976729076e-10 -8.793066454360656379e-11 1.664218393259153530e-10 6.644547264173190472e-10 2.135364091426184502e-11 6.277237220072175335e-11 4.910086485169688553e-12 1.355937280993433355e-11 -1.451343838197441844e-12 1.641376792744332458e-11 8.289101977795147313e-12 -1.642953813803747476e-12 -6.341769101169299195e-12 -1.391999367685953680e-12 6.829759930380935222e-12 -2.811778598532261061e-13 2.332321340292500625e-12 9.833765682346651401e-12 5.459214142853948007e-12 7.477425313814190566e-12 1.987388560746492267e-12 6.304388664242371136e-12 -1.312780410230656013e-13 7.609916307520960425e-13 4.297286080433857602e-13 2.774904574092620466e-12
-4.944782777349926664e-12 8.767200954252513503e-12 3.772087948354954294e-11 2.135364091426184502e-11 3.849368435388666912e-10 4.492694931068992660e-11 4.330825968921152000e-12 1.400935180930940011e-11 1.169874224202036471e-11 1.578157970193762426e-12 -3.569863234302527534e-13 6.171448454054856161e-12 -1.878161717733056288e-12 1.669170647679168911e-12 -8.701780512287043198e-13 5.069921612426338507e-12 2.534651126174592584e-12 1.788715461212479323e-12 1.913554067210186918e-12 -7.188072242312803139e-12 -2.979466592708713984e-12 -1.358557640651860318e-12 -4.369111603530322303e-12 1.526672380950518369e-12 1.858991235152374024e-12 -2.059497373529107231e-12
6.243885105525388982e-11 -4.881906902876919119e-11 -1.454362702337924591e-13 6.277237220072175335e-11 4.492694931068992660e-11 2.435519628243171040e-10 3.678295278181694778e-12 -2.407102854676275905e-12 -1.154274953503522392e-12 -7.866974133295172271e-12 -3.683687365590851761e-12 8.539814367126448059e-13 -3.957104325881876965e-12 3.543464604299496364e-12 4.744681809188030795e-12 2.874091201242845949e-12 -1.137870274343669983e-12 3.897834002931705855e-12 7.205463409241875544e-13 -2.298234692990426131e-12 7.391354986024430608e-14 1.992200695316261370e-12 -2.227836789214392899e-12 1.382402554226459856e-13 8.367492483899104216e-13 2.085966419209745206e-12
-3.489185809444780544e-12 2.444560832572778073e-11 -9.849479616367327787e-12 4.910086485169688553e-12 4.330825968921152000e-12 3.678295278181694778e-12 1.585314435225542722e-10 1.364878032173220251e-11 1.599410614136710832e-11 -3.351254492716498664e-12 1.493506775343253621e-12 5.830339210992068246e-12 -4.837199822811916163e-12 4.326798667201123630e-12 8.142126866448595089e-12 4.021476563849915119e-12 3.367114708341424668e-13 1.846960065850601370e-12 1.558409317544489100e-12 -1.981038842374470280e-12 -1.157662237007289359e-12 1.261150371251734954e-13 1.336879149993603152e-13 -9.453382058519807864e-13 2.439381978305666649e-13 -8.564665835723592796e-13
3.028010099217601965e-11 -3.595908334951377391e-12 -1.816542457987568988e-11 1.355937280993433355e-11 1.400935180930940011e-11 -2.407102854676275905e-12 1.364878032173220251e-11 1.055427021938000041e-10 1.086442360945817167e-11 2.742508240579092171e-12 3.683023005545068958e-12 5.725211826086455933e-12 4.312324238999411443e-12 2.357913125810734525e-12 4.038993453732690795e-12 -9.868661796162252236e-13 -3.816251111318585810e-13 -6.991578434412887525e-13 -1.117369333340516974e-12 -8.680588329762922844e-13 -6.753164779887335867e-13 1.100868018935304412e-12 5.656719195470778307e-13 6.297460334360040469e-13 1.355686153996873397e-14 7.158774324952499388e-14
1.393696976761559349e-12 -5.484615415050208215e-12 -2.215455564786381614e-11 -1.451343838197441844e-12 1.169874224202036471e-11 -1.154274953503522392e-12 1.599410614136710832e-11 1.086442360945817167e-11 7.599821993764544771e-11 5.411772880447522845e-12 7.586086020090671521e-12 8.198034818433784069e-12 -3.253344587280799331e-12 -4.107211638983989445e-12 1.097429724042423197e-13 2.944281657466952316e-12 3.009081108790428343e-12 8.517720930252832673e-13 -3.397897999430976022e-13 4.497990923884441457e-13 2.078921138031270927e-12 7.585842325570683583e-13 1.642876774876538164e-12 -4.082457238780972760e-13 5.244015740557994503e-13 1.612299131222881521e-13
-3.059905130765139613e-11 3.123731672105982426e-12 2.170332902495015592e-12 1.641376792744332458e-11 1.578157970193762426e-12 -7.866974133295172271e-12 -3.351254492716498664e-12 2.742508240579092171e-12 5.411772880447522845e-12 5.345427459841143115e-11 7.074354779409617826e-12 3.320369652031085567e-12 -6.742254945861713243e-13 3.087880428579717611e-13 2.948553030949108938e-12 -1.840433862145896796e-13 4.255082666268577116e-12 2.614690597945460247e-12 -4.429274751093202870e-13 8.345760666399707962e-14 -8.246109787176163604e-13 -3.919092529414254446e-13 2.509341561492543069e-13 -4.560299514221836184e-14 -1.330743251161007413e-13 -7.146608051306905043e-13
4.783421975826254636e-12 -2.589820247947297862e-11 -1.310768789334467954e-11 8.289101977795147313e-12 -3.569863234302527534e-13 -3.683687365590851761e-12 1.493506775343253621e-12 3.683023005545068958e-12 7.586086020090671521e-12 7.074354779409617826e-12 3.491854474411379153e-11 8.853237766211236159e-12 5.726501247693377579e-12 2.571140880740910916e-12 1.627780094414737174e-12 4.312153854888064350e-13 1.543741967447088116e-12 1.009758861389722155e-12 1.003900960480848635e-12 1.795633278693803466e-12 1.247321445474915335e-12 5.459321096068632929e-13 -4.285173627249840065e-13 -1.200595446520645247e-12 -2.101977837324379175e-13 -1.547163410021893399e-13
2.191695626159153012e-12 -2.513491312020316000e-11 -3.124838685603771942e-12 -1.642953813803747476e-12 6.171448454054856161e-12 8.539814367126448059e-13 5.830339210992068246e-12 5.725211826086455933e-12 8.198034818433784069e-12 3.320369652031085567e-12 8.853237766211236159e-12 3.252991325539453241e-11 6.790814324419766619e-12 5.260228665149949559e-12 5.232936954713888217e-12 1.982036352467486853e-12 3.890625638203552107e-12 2.253039478092955902e-12 -6.974004146193692811e-13 -9.978098117633013891e-14 -4.268326500633984915e-13 -7.465188819041865656e-13 -4.322053654143285446e-14 -6.448817634441832324e-13 5.652918911775485595e-13 4.121160615976727640e-14
1.174145579510013418e-11 -7.288345110828470480e-12 -2.965110814855833143e-11 -6.341769101169299195e-12 -1.878161717733056288e-12 -3.957104325881876965e-12 -4.837199822811916163e-12 4.312324238999411443e-12 -3.253344587280799331e-12 -6.742254945861713243e-13 5.726501247693377579e-12 6.790814324419766619e-12 2.360217005093643491e-11 7.399542861447624948e-12 4.627033056478260523e-12 8.494720064528238999e-13 -1.676068015945262595e-12 -1.254641749236836416e-12 3.402985681899233538e-13 -5.248559036898694476e-13 -2.164462784649642633e-13 8.259355019878832753e-13 -5.146477195001107742e-13 -1.320850575731767873e-13 2.822449469862701258e-13 -1.728715934826439933e-13
6.931417791105308199e-12 -1.248833302257409746e-11 -9.458817873360578779e-12 -1.391999367685953680e-12 1.669170647679168911e-12 3.543464604299496364e-12 4.326798667201123630e-12 2.357913125810734525e-12 -4.107211638983989445e-12 3.087880428579717611e-13 2.571140880740910916e-12 5.260228665149949559e-12 7.399542861447624948e-12 2.033060996100360636e-11 1.094777870662423893e-11 2.613914490640874541e-12 4.113645938595051546e-13 1.113776300040173806e-12 2.593700095474601802e-13 -3.343411202094250941e-13 -4.690675923868654850e-13 -7.015602183247222502e-13 -5.409254397538211859e-13 -4.072325871344851258e-13 -2.122834771331770419e-13 -4.224227623932692761e-13
5.653573848153101494e-12 -8.984148321168251092e-12 -5.190263498110860583e-12 6.829759930380935222e-12 -8.701780512287043198e-13 4.744681809188030795e-12 8.142126866448595089e-12 4.038993453732690795e-12 1.097429724042423197e-13 2.948553030949108938e-12 1.627780094414737174e-12 5.232936954713888217e-12 4.627033056478260523e-12 1.094777870662423893e-11 2.065539550113945507e-11 5.978737002713488767e-12 2.875571564802128996e-12 1.866794605443909261e-12 8.473927886308265598e-13 3.558315775675580795e-13 -1.012695740228812982e-12 -2.915564590001285495e-13 -2.052739044876922865e-13 4.829842792503416849e-14 -2.980949453603395518e-14 1.140068628075812767e-13
-6.748225971777398354e-12 -9.215551010912727268e-13 -3.235196776768021358e-12 -2.811778598532261061e-13 5.069921612426338507e-12 2.874091201242845949e-12 4.021476563849915119e-12 -9.868661796162252236e-13 2.944281657466952316e-12 -1.840433862145896796e-13 4.312153854888064350e-13 1.982036352467486853e-12 8.494720064528238999e-13 2.613914490640874541e-12 5.978737002713488767e-12 1.057717328115623489e-11 3.397891294781491310e-12 1.565407401023708916e-12 -1.032886044021940869e-13 3.951788756136056937e-13 -4.389746933801388714e-13 -9.638582602596368480e-14 -3.209162165029177693e-13 6.784698246279426381e-13 3.701434135841920276e-13 1.789845744875700747e-14
2.632794233448314420e-12 4.396451124322851448e-12 2.255149862726704902e-12 2.332321340292500625e-12 2.534651126174592584e-12 -1.137870274343669983e-12 3.367114708341424668e-13 -3.816251111318585810e-13 3.009081108790428343e-12 4.255082666268577116e-12 1.543741967447088116e-12 3.890625638203552107e-12 -1.676068015945262595e-12 4.113645938595051546e-13 2.875571564802128996e-12 3.397891294781491310e-12 1.058593250839471852e-11 4.838322249288318936e-12 9.168953368820247898e-13 5.874191664993653071e-13 7.288237998991489834e-13 1.105666834127206661e-13 1.820797721856949719e-15 8.777302867235820201e-14 1.884696879475712597e-14 -1.181998746107058312e-14
-5.611475518709702485e-13 -3.927498511930590683e-12 1.038478955034404207e-11 9.833765682346651401e-12 1.788715461212479323e-12 3.897834002931705855e-12 1.846960065850601370e-12 -6.991578434412887525e-13 8.517720930252832673e-13 2.614690597945460247e-12 1.009758861389722155e-12 2.253039478092955902e-12 -1.254641749236836416e-12 1.113776300040173806e-12 1.866794605443909261e-12 1.565407401023708916e-12 4.838322249288318936e-12 9.460437099166837644e-12 2.521287112122472832e-12 1.580108964625618729e-12 8.050914734699300319e-13 5.662449603658474438e-14 -1.183880394174815684e-13 -5.522870519566695623e-13 -4.776733038589195065e-14 -9.702751625424301305e-14
-9.948260554523591646e-12 -4.976931932699309677e-12 -2.174494810374283664e-13 5.459214142853948007e-12 1.913554067210186918e-12 7.205463409241875544e-13 1.558409317544489100e-12 -1.117369333340516974e-12 -3.397897999430976022e-13 -4.429274751093202870e-13 1.003900960480848635e-12 -6.974004146193692811e-13 3.402985681899233538e-13 2.593700095474601802e-13 8.473927886308265598e-13 -1.032886044021940869e-13 9.168953368820247898e-13 2.521287112122472832e-12 6.711939664729624932e-12 2.531109608286269141e-12 6.955911576571273491e-13 -1.698206441986661877e-13 8.367533409282664843e-14 -8.725089578968036987e-13 -3.829980754633241703e-13 -4.696873924016959938e-14
-1.179377829060568927e-11 -5.331477806724612611e-13 2.876826703739002665e-12 7.477425313814190566e-12 -7.188072242312803139e-12 -2.298234692990426131e-12 -1.981038842374470280e-12 -8.680588329762922844e-13 4.497990923884441457e-13 8.345760666399707962e-14 1.795633278693803466e-12 -9.978098117633013891e-14 -5.248559036898694476e-13 -3.343411202094250941e-13 3.558315775675580795e-13 3.951788756136056937e-13 5.874191664993653071e-13 1.580108964625618729e-12 2.531109608286269141e-12 6.726848002238411539e-12 2.450618452559606025e-12 -7.192852246028270911e-14 3.575685523075749921e-13 -5.921749728994224279e-13 -7.356582830955596363e-14 -2.382152065021405788e-14
-6.791804587671643230e-12 -1.687917743340986300e-12 -3.835961157960876286e-12 1.987388560746492267e-12 -2.979466592708713984e-12 7.391354986024430608e-14 -1.157662237007289359e-12 -6.753164779887335867e-13 2.078921138031270927e-12 -8.246109787176163604e-13 1.247321445474915335e-12 -4.268326500633984915e-13 -2.164462784649642633e-13 -4.690675923868654850e-13 -1.012695740228812982e-12 -4.389746933801388714e-13 7.288237998991489834e-13 8.050914734699300319e-13 6.955911576571273491e-13 2.450618452559606025e-12 4.912717393728663751e-12 1.366660687396548652e-12 5.060946830782954304e-13 -3.943194864998486078e-13 1.621290948944350925e-13 -1.930838731606007453e-13
2.297466318933441437e-12 -2.906595787935864958e-12 -3.430821692569230861e-12 6.304388664242371136e-12 -1.358557640651860318e-12 1.992200695316261370e-12 1.261150371251734954e-13 1.100868018935304412e-12 7.585842325570683583e-13 -3.919092529414254446e-13 5.459321096068632929e-13 -7.465188819041865656e-13 8.259355019878832753e-13 -7.015602183247222502e-13 -2.915564590001285495e-13 -9.638582602596368480e-14 1.105666834127206661e-13 5.662449603658474438e-14 -1.698206441986661877e-13 -7.192852246028270911e-14 1.366660687396548652e-12 3.872542110676797382e-12 7.320270573603095102e-13 -2.446302336123051669e-13 2.468415828568092858e-13 1.137766118677384446e-13
-7.212587236840313452e-12 1.885184323478292538e-12 -1.045407534576505495e-12 -1.312780410230656013e-13 -4.369111603530322303e-12 -2.227836789214392899e-12 1.336879149993603152e-13 5.656719195470778307e-13 1.642876774876538164e-12 2.509341561492543069e-13 -4.285173627249840065e-13 -4.322053654143285446e-14 -5.146477195001107742e-13 -5.409254397538211859e-13 -2.052739044876922865e-13 -3.209162165029177693e-13 1.820797721856949719e-15 -1.183880394174815684e-13 8.367533409282664843e-14 3.575685523075749921e-13 5.060946830782954304e-13 7.320270573603095102e-13 2.362228324971211414e-12 3.699960629129952023e-13 3.704134773661037148e-14 1.741202923507879331e-13
1.662010080613887153e-12 1.002064318546267942e-12 8.225084315332764818e-12 7.609916307520960425e-13 1.526672380950518369e-12 1.382402554226459856e-13 -9.453382058519807864e-13 6.297460334360040469e-13 -4.082457238780972760e-13 -4.560299514221836184e-14 -1.200595446520645247e-12 -6.448817634441832324e-13 -1.320850575731767873e-13 -4.072325871344851258e-13 4.829842792503416849e-14 6.784698246279426381e-13 8.777302867235820201e-14 -5.522870519566695623e-13 -8.725089578968036987e-13 -5.921749728994224279e-13 -3.943194864998486078e-13 -2.446302336123051669e-13 3.699960629129952023e-13 2.160087791446203924e-12 4.570566432477786386e-13 -7.713209909254610946e-14
1.306647772525596855e-12 -1.120936419759168648e-12 -3.047603404105200044e-13 4.297286080433857602e-13 1.858991235152374024e-12 8.367492483899104216e-13 2.439381978305666649e-13 1.355686153996873397e-14 5.244015740557994503e-13 -1.330743251161007413e-13 -2.101977837324379175e-13 5.652918911775485595e-13 2.822449469862701258e-13 -2.122834771331770419e-13 -2.980949453603395518e-14 3.701434135841920276e-13 1.884696879475712597e-14 -4.776733038589195065e-14 -3.829980754633241703e-13 -7.356582830955596363e-14 1.621290948944350925e-13 2.468415828568092858e-13 3.704134773661037148e-14 4.570566432477786386e-13 1.291846424045061331e-12 -1.260826023990461316e-15
-9.445094512044669511e-14 -1.910083873634186364e-12 -1.862431649533144912e-12 2.774904574092620466e-12 -2.059497373529107231e-12 2.085966419209745206e-12 -8.564665835723592796e-13 7.158774324952499388e-14 1.612299131222881521e-13 -7.146608051306905043e-13 -1.547163410021893399e-13 4.121160615976727640e-14 -1.728715934826439933e-13 -4.224227623932692761e-13 1.140068628075812767e-13 1.789845744875700747e-14 -1.181998746107058312e-14 -9.702751625424301305e-14 -4.696873924016959938e-14 -2.382152065021405788e-14 -1.930838731606007453e-13 1.137766118677384446e-13 1.741202923507879331e-13 -7.713209909254610946e-14 -1.260826023990461316e-15 1.140221236476657493e-12
