1.712445389270545974e-09 -3.215110179964436042e-11 -1.149836753258754458e-11 8.884740093303749447e-11 -2.842033509589328095e-11 -1.467231757232109364e-12 -1.138718998748853222e-12 -3.840199532946543465e-12 1.421943708158568182e-11 4.121386361076681540e-11 -2.493594876054702039e-11 -1.236813120617604268e-11 1.672823714900989569e-11 -6.593813990946484405e-12 -1.208856112490285574e-11 -2.965014017939405613e-12 -6.125334748539485026e-14 -2.538647917548033871e-13 -5.551408250595048075e-12 -7.632396188237403538e-12 5.125657432398631282e-12 3.474428227037864810e-12 -5.528327450378325143e-13 -9.280868888637027181e-13 -4.796267191148533447e-12 -7.991869260978048189e-12
-3.215110179964436042e-11 1.010966318701468527e-09 1.003591689931422412e-10 1.877748078053909473e-11 -2.725152047786290689e-11 -5.897557778426193177e-11 -3.378801114774755265e-11 -3.060536035783861245e-11 6.768867744575446002e-12 -1.833735587111948347e-11 2.462883578711838730e-11 2.018914377278763548e-11 1.981581337769958479e-11 2.056679740472548825e-11 7.441156273289044799e-12 -1.494547466620824260e-12 -4.838742737100840526e-12 -1.004901483606420891e-11 -2.484759211840911895e-12 -1.934926648955554221e-12 2.159033754767154642e-12 -7.346958284809636911e-12 5.773126849128592142e-12 7.926344918443824167e-12 2.155666785100351068e-12 -1.487085114668901578e-12
-1.149836753258754458e-11 1.003591689931422412e-10 6.212279218546654640e-10 8.798617313999533520e-11 1.131120173914199421e-11 -1.605137668669144460e-11 2.849642725246321058e-11 -2.460404272559119281e-11 -1.545774359829891962e-11 -1.842239965597705861e-11 -3.261923077559140161e-12 -1.598354653612978673e-11 -1.218275642322204397e-11 6.531869278721729227e-12 6.681572384455841998e-12 3.004794735648901128e-12 -5.084057216332756569e-13 -1.535810412997991740e-12 -2.519353919129903501e-12 -1.800412392382192605e-12 -5.111836860117672138e-12 2.100179044556792404e-12 1.304047477772759535e-12 -7.795317905805055541e-13 -1.462840405979918146e-12 4.182003206787344266e-13
8.884740093303749447e-11 1.877748078053909473e-11 8.798617313999533520e-11 4.628592096946724764e-10 1.275800648277478535e-11 1.188224737366459070e-11 2.730254146818941463e-11 4.068223445795204040e-12 -6.291773559808396287e-12 1.066568423008465607e-12 -7.528102710018283833e-12 -7.660801419785328056e-12 5.037160848746934869e-12 4.934436924599364246e-12 9.535336239050490169e-12 1.883909638288294632e-12 8.895346853264153507e-12 -1.856714354250872846e-12 4.578772265973511106e-12 -1.439386375968121119e-12 -4.782599462998330003e-13 -2.515347178064229758e-12 2.729276353229169498e-12 -6.510377289210655371e-13 -2.337386352908990966e-12 -1.542416353015361431e-12
-2.842033509589328095e-11 -2.725152047786290689e-11 1.131120173914199421e-11 1.275800648277478535e-11 3.337670701997779246e-10 1.878716088413540913e-11 2.398163435825483192e-11 2.890026928525552376e-11 1.309578367423745122e-11 -2.231392270891767853e-12 5.969321545644551510e-12 6.747364533735776725e-12 6.431077228605526517e-12 1.136010010274624578e-12 -1.909591717703886457e-12 1.525683365554125850e-12 -2.299993163240906225e-12 1.556335190388681972e-12 3.175241065651177175e-12 -2.441284451981306198e-13 4.968706332876848626e-13 -4.145307582372212119e-12 2.557286374185271353e-12 -1.062473086339374906e-12 3.114019777435952659e-13 -5.292334581825792979e-13
-1.467231757232109364e-12 -5.897557778426193177e-11 -1.605137668669144460e-11 1.188224737366459070e-11 1.878716088413540913e-11 2.002417417776165593e-10 2.179303221561505894e-11 1.385162791094250294e-11 8.504337619107249663e-12 1.033655648276447796e-11 2.441578016734533694e-12 -5.028556914788669377e-12 -5.610278612607047398e-12 -1.442395692924914937e-12 6.846953732538913552e-13 4.345642715603191091e-12 -6.018277697604909810e-13 2.029355646929651839e-12 4.861077302732605471e-12 -6.631930449329545730e-13 6.800357476849656903e-13 -1.641419706549063474e-12 2.870900460412470056e-12 6.985266147700024287e-13 8.416396023680907730e-13 -4.488342335821387624e-14
-1.138718998748853222e-12 -3.378801114774755265e-11 2.849642725246321058e-11 2.730254146818941463e-11 2.398163435825483192e-11 2.179303221561505894e-11 1.340921400019454191e-10 1.770173862361315302e-11 6.548004121896082225e-12 4.601720020058546532e-12 2.226802360335500490e-12 5.675136118575262711e-13 3.672801001027610688e-13 2.913575072560443410e-12 1.330531526470959832e-12 -3.492313121751007701e-12 -3.661533552309154731e-12 -5.561595030010478546e-13 1.152526242079877703e-12 -1.505151034487465458e-12 1.780134591413744920e-12 -1.541158890832914083e-12 -1.228641719264683133e-12 -5.567704079559304551e-13 -5.975746058827037177e-13 -9.833972142467645662e-13
-3.840199532946543465e-12 -3.060536035783861245e-11 -2.460404272559119281e-11 4.068223445795204040e-12 2.890026928525552376e-11 1.385162791094250294e-11 1.770173862361315302e-11 9.469845904626604918e-11 1.038119743488559628e-11 6.603874393112922419e-12 5.423815458828154159e-12 -4.180805031489163839e-12 -4.466240022498422635e-12 5.340951181304709285e-13 -3.439843322734752072e-12 -7.022506870463333934e-13 2.215417028730146904e-12 -9.117303996370224260e-13 -7.305848033739366822e-13 -4.678658350571449361e-13 -2.006379475476487011e-12 5.896893529238232680e-13 1.327719710135430868e-12 1.510371163273651990e-12 -2.704999376777301578e-13 -8.384314850750656529e-13
1.421943708158568182e-11 6.768867744575446002e-12 -1.545774359829891962e-11 -6.291773559808396287e-12 1.309578367423745122e-11 8.504337619107249663e-12 6.548004121896082225e-12 1.038119743488559628e-11 6.289995586069129258e-11 1.413570894300012660e-11 6.763338936520350704e-12 3.418951982629735464e-12 4.583791335568734576e-13 -1.523615086870488206e-12 -2.113565811138882638e-13 -2.840995733651938498e-12 1.311981675894379129e-12 -1.007652938398401431e-13 -1.163107663704050181e-12 -1.976174862210924640e-12 -2.942161629603969135e-12 -1.069899183998707491e-13 1.884307153527903549e-12 1.625154927559460002e-12 2.168517743233703430e-13 -7.677194951782836304e-13
4.121386361076681540e-11 -1.833735587111948347e-11 -1.842239965597705861e-11 1.066568423008465607e-12 -2.231392270891767853e-12 1.033655648276447796e-11 4.601720020058546532e-12 6.603874393112922419e-12 1.413570894300012660e-11 4.758868950523483529e-11 1.314779212997435772e-11 4.135506146357083066e-12 2.246347769887304013e-12 4.577099265187290831e-13 2.022629837355859883e-12 -3.463271527704114932e-12 -1.398049143609429173e-12 1.690990701626772396e-13 -1.288313102084382772e-13 -1.730244884277414497e-12 -4.157634921437009623e-13 -4.470052873064359365e-13 -6.436890782910259427e-13 -1.057736293548816160e-12 1.183526450777136667e-12 -1.901590695694865678e-13
-2.493594876054702039e-11 2.462883578711838730e-11 -3.261923077559140161e-12 -7.528102710018283833e-12 5.969321545644551510e-12 2.441578016734533694e-12 2.226802360335500490e-12 5.423815458828154159e-12 6.763338936520350704e-12 1.314779212997435772e-11 4.086685180032883208e-11 1.413531303474910587e-11 4.707098837975775206e-12 5.415235665868659699e-12 1.072839894459998281e-12 -1.801496621371872155e-12 -3.247980476460827954e-12 -3.286156398348963397e-12 -3.048447343856156477e-12 -1.827877343448767280e-12 -7.725650946377148489e-13 -1.513322430805554451e-12 2.278870566417307241e-13 6.747280580132794471e-13 2.683670135729629514e-13 -3.609625714475904073e-14
-1.236813120617604268e-11 2.018914377278763548e-11 -1.598354653612978673e-11 -7.660801419785328056e-12 6.747364533735776725e-12 -5.028556914788669377e-12 5.675136118575262711e-13 -4.180805031489163839e-12 3.418951982629735464e-12 4.135506146357083066e-12 1.413531303474910587e-11 2.690032622268231322e-11 1.399284394641705611e-11 9.381474916942655014e-12 6.377124179681337174e-12 1.352817576998324269e-12 4.118511740531695887e-13 7.212359174584696116e-14 1.261594997398734409e-12 1.480692997415781885e-12 -3.447266763064016575e-13 -1.215032294626324991e-12 2.102784538377097809e-13 -1.777195259327240700e-13 1.905953684628619441e-13 8.564563381208354751e-13
1.672823714900989569e-11 1.981581337769958479e-11 -1.218275642322204397e-11 5.037160848746934869e-12 6.431077228605526517e-12 -5.610278612607047398e-12 3.672801001027610688e-13 -4.466240022498422635e-12 4.583791335568734576e-13 2.246347769887304013e-12 4.707098837975775206e-12 1.399284394641705611e-11 2.899555266248935439e-11 1.531247575098686784e-11 9.672705016077744605e-12 3.557249001198746511e-12 4.163609913042433902e-13 1.180900480125899940e-12 1.696390407385655808e-12 2.278480868968013081e-12 1.068016142800171810e-13 -1.094015276092838588e-12 -4.117663104735921944e-13 -1.511961992783727323e-12 3.710631007380441855e-13 4.464857735934952195e-13
-6.593813990946484405e-12 2.056679740472548825e-11 6.531869278721729227e-12 4.934436924599364246e-12 1.136010010274624578e-12 -1.442395692924914937e-12 2.913575072560443410e-12 5.340951181304709285e-13 -1.523615086870488206e-12 4.577099265187290831e-13 5.415235665868659699e-12 9.381474916942655014e-12 1.531247575098686784e-11 2.381843258373351083e-11 1.037873581484099774e-11 3.675328252337155251e-12 1.025683110235137788e-12 -1.640638508628563466e-13 1.068807219429868805e-13 1.663912788656161327e-12 6.828208599114940819e-13 -6.142897252542453951e-13 6.491949135450964496e-13 -1.620261906428696957e-12 6.656678696048308931e-13 -6.661318911659523824e-14
-1.208856112490285574e-11 7.441156273289044799e-12 6.681572384455841998e-12 9.535336239050490169e-12 -1.909591717703886457e-12 6.846953732538913552e-13 1.330531526470959832e-12 -3.439843322734752072e-12 -2.113565811138882638e-13 2.022629837355859883e-12 1.072839894459998281e-12 6.377124179681337174e-12 9.672705016077744605e-12 1.037873581484099774e-11 1.721319392831516453e-11 6.026812272421762793e-12 4.509387041432227144e-12 2.379856100751225893e-12 1.049861485534966198e-12 7.191004181307423970e-13 2.314538566799471596e-13 -8.505704991452777319e-13 5.858413520224757097e-13 -1.476325317043253720e-12 -5.164941211200591645e-13 1.705541631814940027e-13
-2.965014017939405613e-12 -1.494547466620824260e-12 3.004794735648901128e-12 1.883909638288294632e-12 1.525683365554125850e-12 4.345642715603191091e-12 -3.492313121751007701e-12 -7.022506870463333934e-13 -2.840995733651938498e-12 -3.463271527704114932e-12 -1.801496621371872155e-12 1.352817576998324269e-12 3.557249001198746511e-12 3.675328252337155251e-12 6.026812272421762793e-12 1.713502130480918625e-11 8.114746966557645430e-12 2.785014181098275219e-12 1.785278410018547156e-12 3.050847000311691041e-13 2.273639727727467557e-13 -6.338043702484346333e-13 -5.377588247652402967e-13 -2.644245634610635171e-13 -3.487287423248928118e-13 4.988996429548115680e-13
-6.125334748539485026e-14 -4.838742737100840526e-12 -5.084057216332756569e-13 8.895346853264153507e-12 -2.299993163240906225e-12 -6.018277697604909810e-13 -3.661533552309154731e-12 2.215417028730146904e-12 1.311981675894379129e-12 -1.398049143609429173e-12 -3.247980476460827954e-12 4.118511740531695887e-13 4.163609913042433902e-13 1.025683110235137788e-12 4.509387041432227144e-12 8.114746966557645430e-12 1.481486924541505402e-11 6.885911482765688046e-12 3.270357520721742301e-12 5.308701867849544086e-13 -7.464454708432961551e-14 -2.089219906882603796e-13 5.660224927188558245e-13 4.595348615200040718e-13 -1.214656701432719543e-12 4.433191247200025161e-13
-2.538647917548033871e-13 -1.004901483606420891e-11 -1.535810412997991740e-12 -1.856714354250872846e-12 1.556335190388681972e-12 2.029355646929651839e-12 -5.561595030010478546e-13 -9.117303996370224260e-13 -1.007652938398401431e-13 1.690990701626772396e-13 -3.286156398348963397e-12 7.212359174584696116e-14 1.180900480125899940e-12 -1.640638508628563466e-13 2.379856100751225893e-12 2.785014181098275219e-12 6.885911482765688046e-12 1.167838712855355725e-11 7.218952640710839235e-12 2.880195322533733047e-12 1.718487708611069292e-12 2.739473900878120952e-13 -3.764436844809751103e-13 -4.869108777329041660e-13 -7.739462289584540309e-13 6.548246427740612592e-13
-5.551408250595048075e-12 -2.484759211840911895e-12 -2.519353919129903501e-12 4.578772265973511106e-12 3.175241065651177175e-12 4.861077302732605471e-12 1.152526242079877703e-12 -7.305848033739366822e-13 -1.163107663704050181e-12 -1.288313102084382772e-13 -3.048447343856156477e-12 1.261594997398734409e-12 1.696390407385655808e-12 1.068807219429868805e-13 1.049861485534966198e-12 1.785278410018547156e-12 3.270357520721742301e-12 7.218952640710839235e-12 1.252181817511404532e-11 4.920765561837285054e-12 2.239078357267201374e-12 -2.807220454893552526e-13 -4.222889377867431929e-13 -1.932369017304548695e-13 -6.987935978412080958e-13 7.569000477344244629e-13
-7.632396188237403538e-12 -1.934926648955554221e-12 -1.800412392382192605e-12 -1.439386375968121119e-12 -2.441284451981306198e-13 -6.631930449329545730e-13 -1.505151034487465458e-12 -4.678658350571449361e-13 -1.976174862210924640e-12 -1.730244884277414497e-12 -1.827877343448767280e-12 1.480692997415781885e-12 2.278480868968013081e-12 1.663912788656161327e-12 7.191004181307423970e-13 3.050847000311691041e-13 5.308701867849544086e-13 2.880195322533733047e-12 4.920765561837285054e-12 1.030322191016852449e-11 5.179862408762207781e-12 1.499912460644542833e-12 -2.477203013938440639e-13 -1.303265387484595551e-13 -1.200390240149878629e-13 5.703975721139177558e-13
5.125657432398631282e-12 2.159033754767154642e-12 -5.111836860117672138e-12 -4.782599462998330003e-13 4.968706332876848626e-13 6.800357476849656903e-13 1.780134591413744920e-12 -2.006379475476487011e-12 -2.942161629603969135e-12 -4.157634921437009623e-13 -7.725650946377148489e-13 -3.447266763064016575e-13 1.068016142800171810e-13 6.828208599114940819e-13 2.314538566799471596e-13 2.273639727727467557e-13 -7.464454708432961551e-14 1.718487708611069292e-12 2.239078357267201374e-12 5.179862408762207781e-12 9.736428162470076997e-12 4.021770003780163839e-12 1.012057353619669373e-12 -3.033654292935313387e-13 -1.357324436112343588e-13 4.694948040874840132e-13
3.474428227037864810e-12 -7.346958284809636911e-12 2.100179044556792404e-12 -2.515347178064229758e-12 -4.145307582372212119e-12 -1.641419706549063474e-12 -1.541158890832914083e-12 5.896893529238232680e-13 -1.069899183998707491e-13 -4.470052873064359365e-13 -1.513322430805554451e-12 -1.215032294626324991e-12 -1.094015276092838588e-12 -6.142897252542453951e-13 -8.505704991452777319e-13 -6.338043702484346333e-13 -2.089219906882603796e-13 2.739473900878120952e-13 -2.807220454893552526e-13 1.499912460644542833e-12 4.021770003780163839e-12 6.278699245319613645e-12 1.376194365487778907e-12 -1.035246887142587952e-13 -8.338959798365756145e-14 4.765764306735542163e-14
-5.528327450378325143e-13 5.773126849128592142e-12 1.304047477772759535e-12 2.729276353229169498e-12 2.557286374185271353e-12 2.870900460412470056e-12 -1.228641719264683133e-12 1.327719710135430868e-12 1.884307153527903549e-12 -6.436890782910259427e-13 2.278870566417307241e-13 2.102784538377097809e-13 -4.117663104735921944e-13 6.491949135450964496e-13 5.858413520224757097e-13 -5.377588247652402967e-13 5.660224927188558245e-13 -3.764436844809751103e-13 -4.222889377867431929e-13 -2.477203013938440639e-13 1.012057353619669373e-12 1.376194365487778907e-12 4.722468243040839811e-12 6.360985627131231695e-13 -1.436763665917450982e-13 -1.265513936265010336e-13
-9.280868888637027181e-13 7.926344918443824167e-12 -7.795317905805055541e-13 -6.510377289210655371e-13 -1.062473086339374906e-12 6.985266147700024287e-13 -5.567704079559304551e-13 1.510371163273651990e-12 1.625154927559460002e-12 -1.057736293548816160e-12 6.747280580132794471e-13 -1.777195259327240700e-13 -1.511961992783727323e-12 -1.620261906428696957e-12 -1.476325317043253720e-12 -2.644245634610635171e-13 4.595348615200040718e-13 -4.869108777329041660e-13 -1.932369017304548695e-13 -1.303265387484595551e-13 -3.033654292935313387e-13 -1.035246887142587952e-13 6.360985627131231695e-13 3.282796212038314817e-12 8.514026964835818893e-14 7.954015507369424825e-14
-4.796267191148533447e-12 2.155666785100351068e-12 -1.462840405979918146e-12 -2.337386352908990966e-12 3.114019777435952659e-13 8.416396023680907730e-13 -5.975746058827037177e-13 -2.704999376777301578e-13 2.168517743233703430e-13 1.183526450777136667e-12 2.683670135729629514e-13 1.905953684628619441e-13 3.710631007380441855e-13 6.656678696048308931e-13 -5.164941211200591645e-13 -3.487287423248928118e-13 -1.214656701432719543e-12 -7.739462289584540309e-13 -6.987935978412080958e-13 -1.200390240149878629e-13 -1.357324436112343588e-13 -8.338959798365756145e-14 -1.436763665917450982e-13 8.514026964835818893e-14 2.848293368268884512e-12 2.570394599024884664e-13
-7.991869260978048189e-12 -1.487085114668901578e-12 4.182003206787344266e-13 -1.542416353015361431e-12 -5.292334581825792979e-13 -4.488342335821387624e-14 -9.833972142467645662e-13 -8.384314850750656529e-13 -7.677194951782836304e-13 -1.901590695694865678e-13 -3.609625714475904073e-14 8.564563381208354751e-13 4.464857735934952195e-13 -6.661318911659523824e-14 1.705541631814940027e-13 4.988996429548115680e-13 4.433191247200025161e-13 6.548246427740612592e-13 7.569000477344244629e-13 5.703975721139177558e-13 4.694948040874840132e-13 4.765764306735542163e-14 -1.265513936265010336e-13 7.954015507369424825e-14 2.570394599024884664e-13 1.642459806753013600e-12
