1.810158434387506505e-09 1.255514634202532396e-10 1.531571977970937870e-11 7.420655728647255449e-11 -2.769042162945618715e-11 2.739663951429080442e-11 1.420542081614140368e-11 4.182845821176015060e-11 -1.102875019532680309e-11 2.520908605223126812e-11 -5.625238653558222820e-12 1.185486850922022595e-11 -2.069459732124082476e-11 2.015773027643212806e-11 -1.318799944486943208e-11 4.634941240646859145e-12 -2.668071739614252636e-11 -1.435310011048144501e-11 -1.061196828335843944e-11 2.005215840692515522e-12 3.147803309112240473e-12 -8.056358285335772941e-14 -1.683891691608450776e-12 1.334907342439319693e-12 -6.991781562546688463e-12 5.469122955324393694e-13
1.255514634202532396e-10 1.418849714209561084e-09 1.069530771768801037e-10 6.365165533108965151e-11 4.485997534401761756e-11 4.858587399536127446e-11 3.415430097075170876e-11 -6.883444767178195001e-12 -4.534972855758860547e-12 -4.636849051195910744e-11 4.020721060052097983e-12 1.365229378521966414e-11 -7.933463264192457445e-12 7.476646531196776775e-12 2.259894355262642836e-11 1.716769116550651415e-12 -3.564183505098507305e-12 3.849384343299748978e-12 1.777595523378333917e-11 9.900969924987057052e-12 1.095646949428381581e-12 -3.007193923832119603e-12 1.592008432659297763e-12 1.224852141248364703e-12 1.186828999594360938e-12 -1.080133501293903908e-12
1.531571977970937870e-11 1.069530771768801037e-10 9.075217798631463321e-10 5.165752182558823450e-11 1.298431962002337279e-11 9.243505889555241171e-11 3.683092576639117517e-11 1.679910545736148467e-12 -8.423325007624238571e-12 -3.048579640397749510e-12 1.317679194379286854e-11 -8.616158040724667481e-12 -1.874324381522761615e-11 -2.257140510111627968e-11 -9.636914121376173373e-12 -7.380409453391014136e-12 -1.539086306914619737e-11 -9.225115135097159667e-12 -9.555144058811393176e-12 -3.502915472025894317e-12 -3.265169054398062940e-12 -7.049917728696943407e-12 3.634020755615848659e-12 1.553171551779288743e-12 -3.863657472515072572e-12 -1.585603159842401611e-12
7.420655728647255449e-11 6.365165533108965151e-11 5.165752182558823450e-11 5.632206530597235552e-10 -1.887508015755088154e-12 -6.085071484975797464e-12 -3.020511153132542146e-12 3.217257466940846381e-11 -2.082355040772544030e-11 -2.270627011364931981e-12 2.067542509888334382e-11 9.978132071959952114e-12 -1.235681501749393593e-12 -1.354392276173327172e-12 8.898805587641587231e-12 6.503125403106326287e-12 -2.303383607919496942e-12 -6.776294728305340924e-12 -6.414481224626116431e-13 -3.187565892324996178e-12 -1.650111300413676000e-12 -1.664623281143456982e-12 2.699241201517733448e-12 4.751618959959019207e-12 4.004493346900857116e-12 -8.736091738715600254e-13
-2.769042162945618715e-11 4.485997534401761756e-11 1.298431962002337279e-11 -1.887508015755088154e-12 4.132150000492345702e-10 4.890617998303320159e-11 1.748268698967048596e-11 1.430253601011278087e-11 1.382467135439520548e-11 1.753702939175140673e-12 8.763515494455058610e-12 3.124727637590896672e-13 1.556693246477096338e-11 1.760729401388665166e-12 -3.616117972589168561e-13 1.021184451580812672e-12 7.760969770587982665e-12 6.532482575406782951e-12 4.140121378892760753e-12 -7.167640244166767844e-13 -4.355241663508393832e-12 -3.051413024136085631e-13 -2.745198261423313626e-12 7.649163357082846287e-13 2.097939704400903048e-12 1.712265880591675686e-12
2.739663951429080442e-11 4.858587399536127446e-11 9.243505889555241171e-11 -6.085071484975797464e-12 4.890617998303320159e-11 2.879168292326856197e-10 1.820455693410219729e-11 2.473007066522635806e-11 -1.250245730845871065e-11 -2.949320217795022531e-12 1.452706732812513994e-12 -7.420091996802103681e-12 -5.210027356845947335e-12 -4.662070903233086982e-12 -3.388746100707301064e-12 -4.417493679880054505e-13 -7.053176576267769080e-12 7.225276205313623991e-12 -2.727039812460941518e-12 -3.818049617527087635e-12 8.991488309293062493e-13 1.777534888165664706e-12 1.337374485410049373e-12 -1.198463690515597422e-12 7.931291382487527237e-13 2.006133891921420403e-12
1.420542081614140368e-11 3.415430097075170876e-11 3.683092576639117517e-11 -3.020511153132542146e-12 1.748268698967048596e-11 1.820455693410219729e-11 1.281492356830121268e-10 -5.488119121564854367e-13 -8.027402779084070223e-14 2.070196280772571664e-12 1.247813704659343345e-11 6.783716222997371038e-12 1.264671319887943701e-12 -6.611238801345612551e-12 -4.358256173713056271e-12 -1.955575719474576477e-12 -4.100786429093629503e-12 -7.639299002959195224e-13 -2.765366704148189272e-12 -2.675947300073722249e-12 3.078585483288745683e-13 2.266744671719838748e-14 2.769718547260456578e-12 -1.283283821195601430e-12 -1.324539306397331179e-12 1.659272051922198742e-12
4.182845821176015060e-11 -6.883444767178195001e-12 1.679910545736148467e-12 3.217257466940846381e-11 1.430253601011278087e-11 2.473007066522635806e-11 -5.488119121564854367e-13 1.132831008849572023e-10 1.462431206248204870e-11 1.520865691895029280e-11 2.905408251767491943e-12 -2.123841304125540595e-12 3.329658080565486711e-12 6.483101149382265890e-13 6.151282316741543418e-13 3.301944521614260442e-13 -2.543861477567752465e-12 -1.003295509696038276e-12 -1.060987148892508786e-13 -3.175729716662179048e-12 -2.178139899852080668e-12 5.714127803234049155e-13 2.963044359318323140e-13 1.052021155800902780e-12 1.493469404023642126e-12 7.940588676349210578e-13
-1.102875019532680309e-11 -4.534972855758860547e-12 -8.423325007624238571e-12 -2.082355040772544030e-11 1.382467135439520548e-11 -1.250245730845871065e-11 -8.027402779084070223e-14 1.462431206248204870e-11 8.625023091449608198e-11 1.677327265522778591e-11 2.395674923120887224e-12 1.106509965314565839e-11 4.328868431863948571e-12 1.029564906836946554e-12 -1.852512462979490365e-13 -2.558064803893625225e-12 -2.935115926817612456e-12 -3.062096710558249016e-12 -3.752611128966032905e-12 2.943704788405896465e-13 8.710240120942118207e-14 -8.630977385106466212e-13 -3.064885650013926152e-12 -8.363069661049969587e-13 -4.440656827735491428e-14 9.270933970429011881e-13
2.520908605223126812e-11 -4.636849051195910744e-11 -3.048579640397749510e-12 -2.270627011364931981e-12 1.753702939175140673e-12 -2.949320217795022531e-12 2.070196280772571664e-12 1.520865691895029280e-11 1.677327265522778591e-11 5.829545980259388771e-11 8.018589116912263336e-12 7.208702418737577905e-12 4.874877244290972636e-12 1.800498106490423568e-12 -4.048878640034063496e-13 -1.367462108210284479e-12 6.199900884511318065e-13 -1.272717384645363719e-12 -4.139823111634412644e-12 -1.402714968786503412e-13 -7.923476885546026021e-14 -1.314801046890183601e-12 2.172475157317047470e-13 -5.954795058443280102e-14 -4.407080510581870882e-13 -5.347220933660443159e-15
-5.625238653558222820e-12 4.020721060052097983e-12 1.317679194379286854e-11 2.067542509888334382e-11 8.763515494455058610e-12 1.452706732812513994e-12 1.247813704659343345e-11 2.905408251767491943e-12 2.395674923120887224e-12 8.018589116912263336e-12 4.457213891561979824e-11 1.247300048345123579e-11 6.871875635292537979e-12 3.620634023173707985e-12 3.330945116090123867e-12 -8.537202718043757967e-13 -2.675172763751308855e-14 -3.233217600145526897e-12 -5.978059490013197028e-13 -1.570704612804885121e-12 -3.211099614712797499e-13 -4.679146679057130880e-13 1.336163000604423457e-13 8.517151128431209558e-13 7.144025545488136341e-13 -7.561271611534590230e-13
1.185486850922022595e-11 1.365229378521966414e-11 -8.616158040724667481e-12 9.978132071959952114e-12 3.124727637590896672e-13 -7.420091996802103681e-12 6.783716222997371038e-12 -2.123841304125540595e-12 1.106509965314565839e-11 7.208702418737577905e-12 1.247300048345123579e-11 3.514185964362878357e-11 7.508518637340551263e-12 4.636536911375347172e-12 3.662979159661129597e-12 1.960387947785789485e-13 2.009836597470821973e-13 -8.615478293468996067e-13 1.550750685667824452e-12 2.245288680895225410e-13 1.578611261397550600e-13 2.971022107210447771e-13 -1.486914436584014914e-12 -4.188782077914692245e-14 -4.052010910161674246e-13 -3.472223866737240897e-13
-2.069459732124082476e-11 -7.933463264192457445e-12 -1.874324381522761615e-11 -1.235681501749393593e-12 1.556693246477096338e-11 -5.210027356845947335e-12 1.264671319887943701e-12 3.329658080565486711e-12 4.328868431863948571e-12 4.874877244290972636e-12 6.871875635292537979e-12 7.508518637340551263e-12 2.709095585440309324e-11 9.151897087270874751e-12 3.913203804260591351e-12 9.153288426363259451e-13 2.081091289788772916e-13 -1.042534724123071323e-12 1.877144814612705080e-13 -3.035535838733601982e-13 -5.299893242020738946e-13 -3.073461206159319317e-13 -7.880917872683608015e-13 1.641985951847894782e-14 1.843517777519739651e-13 -2.051757723049042507e-13
2.015773027643212806e-11 7.476646531196776775e-12 -2.257140510111627968e-11 -1.354392276173327172e-12 1.760729401388665166e-12 -4.662070903233086982e-12 -6.611238801345612551e-12 6.483101149382265890e-13 1.029564906836946554e-12 1.800498106490423568e-12 3.620634023173707985e-12 4.636536911375347172e-12 9.151897087270874751e-12 2.293509403172574545e-11 9.935872728498865452e-12 4.571103567447571027e-12 5.433584935819986866e-13 -9.171259688408132091e-13 1.678429781875180949e-12 1.115790420210374521e-12 3.728979750423333798e-13 2.292595189592450895e-13 -4.833759193271176862e-13 5.156944862925835463e-13 6.489060733572119977e-13 3.438526820524787163e-13
-1.318799944486943208e-11 2.259894355262642836e-11 -9.636914121376173373e-12 8.898805587641587231e-12 -3.616117972589168561e-13 -3.388746100707301064e-12 -4.358256173713056271e-12 6.151282316741543418e-13 -1.852512462979490365e-13 -4.048878640034063496e-13 3.330945116090123867e-12 3.662979159661129597e-12 3.913203804260591351e-12 9.935872728498865452e-12 1.738465627144619564e-11 6.703261215150424157e-12 3.361358460428337110e-12 8.772685429689068624e-13 3.437713373008161434e-12 2.059651178293025694e-12 8.398878367306685468e-13 -1.621698121386589655e-13 -8.255774774672551588e-13 5.447339568073799887e-13 2.597570094147932097e-13 -7.863538255124612737e-13
4.634941240646859145e-12 1.716769116550651415e-12 -7.380409453391014136e-12 6.503125403106326287e-12 1.021184451580812672e-12 -4.417493679880054505e-13 -1.955575719474576477e-12 3.301944521614260442e-13 -2.558064803893625225e-12 -1.367462108210284479e-12 -8.537202718043757967e-13 1.960387947785789485e-13 9.153288426363259451e-13 4.571103567447571027e-12 6.703261215150424157e-12 1.294975919402144498e-11 4.910853191906141559e-12 2.526149770383952485e-12 3.083436251743541930e-12 1.322618097228506302e-12 2.385588742261633378e-14 -2.498058238686155241e-13 -2.555570300625434327e-13 6.686375265910368247e-13 3.147677433972097819e-13 -4.083539448728310653e-13
-2.668071739614252636e-11 -3.564183505098507305e-12 -1.539086306914619737e-11 -2.303383607919496942e-12 7.760969770587982665e-12 -7.053176576267769080e-12 -4.100786429093629503e-12 -2.543861477567752465e-12 -2.935115926817612456e-12 6.199900884511318065e-13 -2.675172763751308855e-14 2.009836597470821973e-13 2.081091289788772916e-13 5.433584935819986866e-13 3.361358460428337110e-12 4.910853191906141559e-12 1.341399417651992808e-11 6.312407643307355189e-12 3.778074955561450203e-12 1.919125716168390992e-12 1.026574597102148184e-12 3.274426591004644260e-13 -8.902471238474486201e-14 -2.341135432439950047e-13 -2.043800416027626804e-13 -6.020808830770791008e-13
-1.435310011048144501e-11 3.849384343299748978e-12 -9.225115135097159667e-12 -6.776294728305340924e-12 6.532482575406782951e-12 7.225276205313623991e-12 -7.639299002959195224e-13 -1.003295509696038276e-12 -3.062096710558249016e-12 -1.272717384645363719e-12 -3.233217600145526897e-12 -8.615478293468996067e-13 -1.042534724123071323e-12 -9.171259688408132091e-13 8.772685429689068624e-13 2.526149770383952485e-12 6.312407643307355189e-12 1.230395896725808447e-11 5.048885103315483587e-12 2.268194810670440672e-12 1.399565417247081332e-12 8.985174624608905146e-13 1.740767955319892194e-13 -9.083922940538132214e-13 -2.122125770465515739e-13 2.732032663530465745e-14
-1.061196828335843944e-11 1.777595523378333917e-11 -9.555144058811393176e-12 -6.414481224626116431e-13 4.140121378892760753e-12 -2.727039812460941518e-12 -2.765366704148189272e-12 -1.060987148892508786e-13 -3.752611128966032905e-12 -4.139823111634412644e-12 -5.978059490013197028e-13 1.550750685667824452e-12 1.877144814612705080e-13 1.678429781875180949e-12 3.437713373008161434e-12 3.083436251743541930e-12 3.778074955561450203e-12 5.048885103315483587e-12 1.220786076384437497e-11 4.845050746557937356e-12 2.150161978568888653e-12 6.943995641287179189e-13 -3.467242316411403396e-13 -1.608902059495937418e-13 3.570960534556052255e-13 -8.239457909393804644e-13
2.005215840692515522e-12 9.900969924987057052e-12 -3.502915472025894317e-12 -3.187565892324996178e-12 -7.167640244166767844e-13 -3.818049617527087635e-12 -2.675947300073722249e-12 -3.175729716662179048e-12 2.943704788405896465e-13 -1.402714968786503412e-13 -1.570704612804885121e-12 2.245288680895225410e-13 -3.035535838733601982e-13 1.115790420210374521e-12 2.059651178293025694e-12 1.322618097228506302e-12 1.919125716168390992e-12 2.268194810670440672e-12 4.845050746557937356e-12 8.761235031821836355e-12 2.969520953480294367e-12 8.469017275353623385e-13 -6.060585692169678171e-13 -6.730903960972327657e-13 -3.762996629000122851e-14 -3.256075123735265793e-13
3.147803309112240473e-12 1.095646949428381581e-12 -3.265169054398062940e-12 -1.650111300413676000e-12 -4.355241663508393832e-12 8.991488309293062493e-13 3.078585483288745683e-13 -2.178139899852080668e-12 8.710240120942118207e-14 -7.923476885546026021e-14 -3.211099614712797499e-13 1.578611261397550600e-13 -5.299893242020738946e-13 3.728979750423333798e-13 8.398878367306685468e-13 2.385588742261633378e-14 1.026574597102148184e-12 1.399565417247081332e-12 2.150161978568888653e-12 2.969520953480294367e-12 4.926207942045068972e-12 1.412480345818544908e-12 4.012239703497204020e-13 -4.750390519648988021e-13 2.103178486917452011e-13 -1.415057386482581919e-13
-8.056358285335772941e-14 -3.007193923832119603e-12 -7.049917728696943407e-12 -1.664623281143456982e-12 -3.051413024136085631e-13 1.777534888165664706e-12 2.266744671719838748e-14 5.714127803234049155e-13 -8.630977385106466212e-13 -1.314801046890183601e-12 -4.679146679057130880e-13 2.971022107210447771e-13 -3.073461206159319317e-13 2.292595189592450895e-13 -1.621698121386589655e-13 -2.498058238686155241e-13 3.274426591004644260e-13 8.985174624608905146e-13 6.943995641287179189e-13 8.469017275353623385e-13 1.412480345818544908e-12 3.874727459004421306e-12 1.090405907341741543e-12 1.574846181481136867e-13 1.540101182753791075e-13 -3.648228975958483327e-13
-1.683891691608450776e-12 1.592008432659297763e-12 3.634020755615848659e-12 2.699241201517733448e-12 -2.745198261423313626e-12 1.337374485410049373e-12 2.769718547260456578e-12 2.963044359318323140e-13 -3.064885650013926152e-12 2.172475157317047470e-13 1.336163000604423457e-13 -1.486914436584014914e-12 -7.880917872683608015e-13 -4.833759193271176862e-13 -8.255774774672551588e-13 -2.555570300625434327e-13 -8.902471238474486201e-14 1.740767955319892194e-13 -3.467242316411403396e-13 -6.060585692169678171e-13 4.012239703497204020e-13 1.090405907341741543e-12 3.588868879624093904e-12 3.534697898325992300e-13 -5.750138679994072571e-14 7.761948791686295161e-14
1.334907342439319693e-12 1.224852141248364703e-12 1.553171551779288743e-12 4.751618959959019207e-12 7.649163357082846287e-13 -1.198463690515597422e-12 -1.283283821195601430e-12 1.052021155800902780e-12 -8.363069661049969587e-13 -5.954795058443280102e-14 8.517151128431209558e-13 -4.188782077914692245e-14 1.641985951847894782e-14 5.156944862925835463e-13 5.447339568073799887e-13 6.686375265910368247e-13 -2.341135432439950047e-13 -9.083922940538132214e-13 -1.608902059495937418e-13 -6.730903960972327657e-13 -4.750390519648988021e-13 1.574846181481136867e-13 3.534697898325992300e-13 2.647383258909970548e-12 4.749294818403217863e-13 -1.027142848634895043e-13
-6.991781562546688463e-12 1.186828999594360938e-12 -3.863657472515072572e-12 4.004493346900857116e-12 2.097939704400903048e-12 7.931291382487527237e-13 -1.324539306397331179e-12 1.493469404023642126e-12 -4.440656827735491428e-14 -4.407080510581870882e-13 7.144025545488136341e-13 -4.052010910161674246e-13 1.843517777519739651e-13 6.489060733572119977e-13 2.597570094147932097e-13 3.147677433972097819e-13 -2.043800416027626804e-13 -2.122125770465515739e-13 3.570960534556052255e-13 -3.762996629000122851e-14 2.103178486917452011e-13 1.540101182753791075e-13 -5.750138679994072571e-14 4.749294818403217863e-13 1.844571173958742739e-12 6.144015166686668942e-14
5.469122955324393694e-13 -1.080133501293903908e-12 -1.585603159842401611e-12 -8.736091738715600254e-13 1.712265880591675686e-12 2.006133891921420403e-12 1.659272051922198742e-12 7.940588676349210578e-13 9.270933970429011881e-13 -5.347220933660443159e-15 -7.561271611534590230e-13 -3.472223866737240897e-13 -2.051757723049042507e-13 3.438526820524787163e-13 -7.863538255124612737e-13 -4.083539448728310653e-13 -6.020808830770791008e-13 2.732032663530465745e-14 -8.239457909393804644e-13 -3.256075123735265793e-13 -1.415057386482581919e-13 -3.648228975958483327e-13 7.761948791686295161e-14 -1.027142848634895043e-13 6.144015166686668942e-14 1.586309201515652847e-12
