2.198196927736110363e-09 3.026051259647138644e-10 9.828680489997172520e-11 5.015868523870689073e-11 -5.067649582692762205e-12 2.110131568458889205e-11 7.178499491396694248e-12 -5.683696144474264986e-11 -9.566031719637622318e-12 -1.550917212102281813e-11 8.515215069609312138e-12 3.906563406703984845e-11 4.759260384567908271e-11 3.478983027238759233e-11 2.380925520054235535e-11 1.289797850910280586e-11 5.524830795770170795e-12 7.758757179688627668e-12 1.731942407190583323e-11 6.541520278819564979e-12 8.772228345001244897e-13 -2.956600870693689091e-12 -2.055369727009965886e-12 8.354117851970001231e-12 -1.604648743746661506e-12 -1.836501466710300584e-12
3.026051259647138644e-10 1.656672577877905510e-09 1.107588329921479030e-10 3.275098073435480514e-11 9.393661838967394286e-11 3.758742774435433665e-12 2.236781925039958546e-11 -6.961598044157117077e-12 1.952067717971163527e-11 -3.240010595408102222e-11 1.820360015747174293e-11 4.031999061908575201e-12 1.276011497511461044e-11 1.923314580762039603e-12 1.086205014845834479e-11 -2.934549225272569147e-12 -4.315204229700220425e-12 -1.446142696903609077e-11 -5.629340315735475063e-12 1.408288390201045813e-11 1.019390610128220134e-11 9.266251353130519952e-12 -2.659078555191520816e-12 2.745056055456621472e-12 -6.164787830888729461e-12 1.021604935789487864e-12
9.828680489997172520e-11 1.107588329921479030e-10 1.013882925659903930e-09 7.988603306037818680e-11 4.140860729464338803e-11 -3.403220976592578780e-11 3.947931672295794428e-11 1.543043588128408049e-11 -2.160644813451901760e-11 -3.829229254384702152e-11 1.162657263437371017e-11 6.490733514630564175e-12 -2.025153826900522638e-11 -2.721229068512502406e-12 9.164699250500716383e-12 1.240728396395139288e-11 8.266139811441603068e-12 -9.024433648921091763e-12 -5.268144636656263313e-12 -9.667779718508823808e-12 -4.602867541365959806e-12 -6.919674835617440832e-12 -8.814054707036000994e-12 -3.353768057182622760e-12 -5.565307507308835831e-12 -3.884125563698329640e-12
5.015868523870689073e-11 3.275098073435480514e-11 7.988603306037818680e-11 8.016381423928613772e-10 5.114336973080509200e-11 2.131965092412398914e-12 4.591927492295066861e-11 -6.004722485602379524e-12 -6.164741223033692066e-12 5.939191466820568606e-13 1.529066942031687090e-12 -1.707372364469107542e-11 -1.431133665529967143e-11 -1.054439259520080305e-12 1.693288154093333240e-11 1.992111379912730334e-12 1.417925973344219377e-11 -2.323552595585789452e-12 -6.035209051748917850e-12 -4.382153045884682755e-12 -1.046890165299671632e-12 -3.573036373034387248e-12 -8.172056752210322682e-12 -2.066378364000065575e-12 1.814847053622889928e-12 -2.145730512430087364e-12
-5.067649582692762205e-12 9.393661838967394286e-11 4.140860729464338803e-11 5.114336973080509200e-11 4.246577510828329984e-10 1.641214608514555465e-11 1.202285206571112058e-11 3.156235951910055085e-11 -1.177636947853198118e-11 1.668905344467217878e-11 5.463083692609164953e-12 -1.100263427722598058e-11 -8.096985282713881196e-12 -7.493313846239203864e-12 -3.357042176504689946e-13 -7.931098729068305759e-12 -8.886912863619169695e-13 -3.764212842997260794e-12 -8.352677055103953404e-13 9.811340351515513906e-12 6.570290726283033347e-12 5.521282276244242187e-12 -2.651975705053772757e-12 -1.057261704914003605e-12 1.025200945542829011e-12 1.535964013550044339e-12
2.110131568458889205e-11 3.758742774435433665e-12 -3.403220976592578780e-11 2.131965092412398914e-12 1.641214608514555465e-11 2.660645158681820544e-10 2.013537588245926416e-11 2.043646992982631737e-11 3.827515847378884621e-12 1.315464750283285496e-11 4.880194432944324350e-12 1.219081918497297483e-11 4.576848939853618057e-12 -2.544361761487106114e-13 -2.054669229492709647e-12 -7.879069624683648708e-13 5.747227405883914272e-12 6.993490713568838448e-14 5.938766768400993699e-12 6.785293323310303017e-12 2.488291347396346901e-12 7.919406636895457347e-13 -2.905629781301885474e-12 -1.962976600583261528e-12 1.236009409135185137e-12 -1.146929214257351866e-12
7.178499491396694248e-12 2.236781925039958546e-11 3.947931672295794428e-11 4.591927492295066861e-11 1.202285206571112058e-11 2.013537588245926416e-11 1.896750541947057396e-10 2.746994102459474346e-11 2.781627529586206050e-11 2.286617764230335548e-11 9.535223610351629692e-12 9.173033798180765598e-12 1.001242092439634111e-11 4.889760708476229150e-12 1.224985139056786905e-11 4.582204946703762841e-12 -1.381388795283954893e-12 -3.935580336763099074e-12 2.666464556628987696e-13 4.153668356639873761e-13 2.940150710713613555e-12 -1.676411922436206827e-12 -3.396693674107247391e-12 -2.750032251812153432e-12 -2.960101973049721987e-12 1.794131076875947346e-13
-5.683696144474264986e-11 -6.961598044157117077e-12 1.543043588128408049e-11 -6.004722485602379524e-12 3.156235951910055085e-11 2.043646992982631737e-11 2.746994102459474346e-11 1.321059874908984642e-10 5.886556378003811316e-12 1.590454833885210463e-11 4.299623122315653405e-13 -2.843674379843250165e-12 -1.921094303515827498e-13 -3.011339474251250155e-12 1.936796509952044599e-12 -2.962507356521494929e-12 6.301557566533610514e-15 1.584610413941535980e-12 -9.348006742614187928e-13 -1.931167619018918596e-13 2.410835834747920296e-12 1.371553827125411235e-12 5.827978862390674554e-13 -1.965136693581103850e-12 -3.965986272410135385e-13 6.596680845137833374e-13
-9.566031719637622318e-12 1.952067717971163527e-11 -2.160644813451901760e-11 -6.164741223033692066e-12 -1.177636947853198118e-11 3.827515847378884621e-12 2.781627529586206050e-11 5.886556378003811316e-12 1.004262650543311402e-10 1.729914255935413843e-11 5.313512076489961129e-12 2.552924331365869775e-12 4.230356027680251672e-12 7.504714740351642200e-14 -8.002928451898928829e-13 -2.314782205271553094e-13 -6.854950793998418778e-13 1.364051967858862488e-12 -2.371096142958891974e-13 2.025025211529760327e-12 2.831646901647681765e-12 -2.133710371514559396e-12 7.622450664160170198e-14 2.548086865775492127e-14 -5.317729955545694054e-13 -1.089043511228766156e-12
-1.550917212102281813e-11 -3.240010595408102222e-11 -3.829229254384702152e-11 5.939191466820568606e-13 1.668905344467217878e-11 1.315464750283285496e-11 2.286617764230335548e-11 1.590454833885210463e-11 1.729914255935413843e-11 7.452779589810914026e-11 1.284395379525399205e-11 7.855484971824183432e-12 5.169576494929771666e-12 7.969996598144084408e-13 1.506008973749885510e-12 -4.438207193143493569e-13 -2.874010520363745653e-12 -4.100277042234054286e-12 -3.040735335636042962e-12 -1.863922825545319236e-12 1.627522716869788246e-12 4.336787452885238878e-14 -3.023614647965206815e-13 -1.184020112355549447e-12 1.717159652332103790e-12 1.504915717693529774e-12
8.515215069609312138e-12 1.820360015747174293e-11 1.162657263437371017e-11 1.529066942031687090e-12 5.463083692609164953e-12 4.880194432944324350e-12 9.535223610351629692e-12 4.299623122315653405e-13 5.313512076489961129e-12 1.284395379525399205e-11 4.699614075579269670e-11 1.583519670917190135e-11 6.411703359128401479e-12 1.944962388952930618e-12 1.916500823263599901e-12 6.080380086896301372e-13 2.020748031201486314e-13 -1.519220388064158670e-12 -1.614394547430072775e-12 2.919083607479449065e-13 1.475707046302646139e-12 -2.559962506315143666e-12 -1.438581724937825039e-12 1.029337465081814549e-12 3.406764152834462695e-13 5.507555171262013476e-13
3.906563406703984845e-11 4.031999061908575201e-12 6.490733514630564175e-12 -1.707372364469107542e-11 -1.100263427722598058e-11 1.219081918497297483e-11 9.173033798180765598e-12 -2.843674379843250165e-12 2.552924331365869775e-12 7.855484971824183432e-12 1.583519670917190135e-11 4.081600023440754600e-11 9.759564142824066863e-12 3.779274375009344568e-12 1.615487791964816561e-12 7.218426800564596247e-14 1.443745085297478920e-12 -1.170982212738523052e-12 -1.012021589807159271e-12 -5.714964178201707273e-13 -2.524394551987056672e-13 -1.015423046720973730e-12 5.352501684318034121e-13 1.111757567670685720e-12 5.303857799237277803e-13 8.368588187551816476e-13
4.759260384567908271e-11 1.276011497511461044e-11 -2.025153826900522638e-11 -1.431133665529967143e-11 -8.096985282713881196e-12 4.576848939853618057e-12 1.001242092439634111e-11 -1.921094303515827498e-13 4.230356027680251672e-12 5.169576494929771666e-12 6.411703359128401479e-12 9.759564142824066863e-12 3.003462280554010507e-11 8.735743966874060356e-12 5.701931681166506942e-12 3.857992996700042835e-12 1.075098891313269602e-12 2.465111068496344939e-12 1.826962184463302208e-12 1.587024691614720612e-12 1.117000012258509501e-12 7.455450770029867010e-14 1.019112985892225436e-12 1.149701762732028651e-12 -2.899448790232964997e-13 2.947736593583311870e-13
3.478983027238759233e-11 1.923314580762039603e-12 -2.721229068512502406e-12 -1.054439259520080305e-12 -7.493313846239203864e-12 -2.544361761487106114e-13 4.889760708476229150e-12 -3.011339474251250155e-12 7.504714740351642200e-14 7.969996598144084408e-13 1.944962388952930618e-12 3.779274375009344568e-12 8.735743966874060356e-12 1.964226607621658864e-11 7.454481293883099034e-12 2.934860345119306096e-12 1.938273572956903493e-12 3.829325712008918613e-13 -2.458379587998158655e-13 7.017868188416098366e-14 6.315814779932729676e-13 -4.799557959569385759e-13 -2.433194673064517554e-13 1.928700125979271453e-13 6.025995867484843418e-13 -5.428985448287322942e-14
2.380925520054235535e-11 1.086205014845834479e-11 9.164699250500716383e-12 1.693288154093333240e-11 -3.357042176504689946e-13 -2.054669229492709647e-12 1.224985139056786905e-11 1.936796509952044599e-12 -8.002928451898928829e-13 1.506008973749885510e-12 1.916500823263599901e-12 1.615487791964816561e-12 5.701931681166506942e-12 7.454481293883099034e-12 1.869995849110066364e-11 7.165468106124928190e-12 3.919075199209522653e-12 1.428157630551130621e-12 1.642315447057674145e-12 1.366137984858737303e-12 1.350156898227247744e-12 2.963240426070151232e-13 -1.741319204277731104e-13 1.016644231400032324e-13 -1.255578868337241813e-13 1.195416602317979248e-14
1.289797850910280586e-11 -2.934549225272569147e-12 1.240728396395139288e-11 1.992111379912730334e-12 -7.931098729068305759e-12 -7.879069624683648708e-13 4.582204946703762841e-12 -2.962507356521494929e-12 -2.314782205271553094e-13 -4.438207193143493569e-13 6.080380086896301372e-13 7.218426800564596247e-14 3.857992996700042835e-12 2.934860345119306096e-12 7.165468106124928190e-12 1.557232474115560106e-11 8.417945400572614024e-12 4.140625304071535255e-12 2.748885286163897847e-12 1.867889110643609122e-12 7.396790629285794194e-13 1.681591767257505276e-13 -4.556608500273476342e-13 2.864686915522994601e-14 -4.410543880497842710e-14 -6.087734743211585861e-13
5.524830795770170795e-12 -4.315204229700220425e-12 8.266139811441603068e-12 1.417925973344219377e-11 -8.886912863619169695e-13 5.747227405883914272e-12 -1.381388795283954893e-12 6.301557566533610514e-15 -6.854950793998418778e-13 -2.874010520363745653e-12 2.020748031201486314e-13 1.443745085297478920e-12 1.075098891313269602e-12 1.938273572956903493e-12 3.919075199209522653e-12 8.417945400572614024e-12 1.541229630618436976e-11 6.805573035503630476e-12 2.723447628525354423e-12 2.398443315021416063e-12 -1.955869621688996705e-13 -9.076541695766528790e-13 -9.602093890488489003e-13 -3.420400720810546242e-13 -3.211077500159563924e-14 -7.727973905062090154e-13
7.758757179688627668e-12 -1.446142696903609077e-11 -9.024433648921091763e-12 -2.323552595585789452e-12 -3.764212842997260794e-12 6.993490713568838448e-14 -3.935580336763099074e-12 1.584610413941535980e-12 1.364051967858862488e-12 -4.100277042234054286e-12 -1.519220388064158670e-12 -1.170982212738523052e-12 2.465111068496344939e-12 3.829325712008918613e-13 1.428157630551130621e-12 4.140625304071535255e-12 6.805573035503630476e-12 1.299362420395009774e-11 6.308166535094927728e-12 3.990692671073457402e-12 3.975497535218334529e-13 2.721853345348903239e-13 -1.844769206589500410e-13 1.329736371439352976e-14 -3.309677860291881914e-13 -3.843810795252586922e-13
1.731942407190583323e-11 -5.629340315735475063e-12 -5.268144636656263313e-12 -6.035209051748917850e-12 -8.352677055103953404e-13 5.938766768400993699e-12 2.666464556628987696e-13 -9.348006742614187928e-13 -2.371096142958891974e-13 -3.040735335636042962e-12 -1.614394547430072775e-12 -1.012021589807159271e-12 1.826962184463302208e-12 -2.458379587998158655e-13 1.642315447057674145e-12 2.748885286163897847e-12 2.723447628525354423e-12 6.308166535094927728e-12 1.139070290585985811e-11 6.766605876407880814e-12 2.653032611399225713e-12 9.838421585429062969e-13 -6.985011675658928419e-13 1.159651211264932765e-13 -3.515666255380037492e-13 -9.771282043820287441e-13
6.541520278819564979e-12 1.408288390201045813e-11 -9.667779718508823808e-12 -4.382153045884682755e-12 9.811340351515513906e-12 6.785293323310303017e-12 4.153668356639873761e-13 -1.931167619018918596e-13 2.025025211529760327e-12 -1.863922825545319236e-12 2.919083607479449065e-13 -5.714964178201707273e-13 1.587024691614720612e-12 7.017868188416098366e-14 1.366137984858737303e-12 1.867889110643609122e-12 2.398443315021416063e-12 3.990692671073457402e-12 6.766605876407880814e-12 1.127269056077901562e-11 5.305647058016007013e-12 2.299855543118286760e-12 -5.330171285858867639e-13 3.002582433387485296e-13 1.302083107091946844e-13 -4.462349460855722116e-13
8.772228345001244897e-13 1.019390610128220134e-11 -4.602867541365959806e-12 -1.046890165299671632e-12 6.570290726283033347e-12 2.488291347396346901e-12 2.940150710713613555e-12 2.410835834747920296e-12 2.831646901647681765e-12 1.627522716869788246e-12 1.475707046302646139e-12 -2.524394551987056672e-13 1.117000012258509501e-12 6.315814779932729676e-13 1.350156898227247744e-12 7.396790629285794194e-13 -1.955869621688996705e-13 3.975497535218334529e-13 2.653032611399225713e-12 5.305647058016007013e-12 8.581609329107021451e-12 2.427511478582776178e-12 -6.046633592903077831e-13 3.899447432343453824e-14 -1.379555185023427706e-14 -1.279615693540965938e-13
-2.956600870693689091e-12 9.266251353130519952e-12 -6.919674835617440832e-12 -3.573036373034387248e-12 5.521282276244242187e-12 7.919406636895457347e-13 -1.676411922436206827e-12 1.371553827125411235e-12 -2.133710371514559396e-12 4.336787452885238878e-14 -2.559962506315143666e-12 -1.015423046720973730e-12 7.455450770029867010e-14 -4.799557959569385759e-13 2.963240426070151232e-13 1.681591767257505276e-13 -9.076541695766528790e-13 2.721853345348903239e-13 9.838421585429062969e-13 2.299855543118286760e-12 2.427511478582776178e-12 5.981269305964607161e-12 1.306842735427025283e-12 1.151425937674013224e-13 -8.067370017051671627e-14 -1.357287408855643903e-13
-2.055369727009965886e-12 -2.659078555191520816e-12 -8.814054707036000994e-12 -8.172056752210322682e-12 -2.651975705053772757e-12 -2.905629781301885474e-12 -3.396693674107247391e-12 5.827978862390674554e-13 7.622450664160170198e-14 -3.023614647965206815e-13 -1.438581724937825039e-12 5.352501684318034121e-13 1.019112985892225436e-12 -2.433194673064517554e-13 -1.741319204277731104e-13 -4.556608500273476342e-13 -9.602093890488489003e-13 -1.844769206589500410e-13 -6.985011675658928419e-13 -5.330171285858867639e-13 -6.046633592903077831e-13 1.306842735427025283e-12 4.663218375502692225e-12 1.509244033991038295e-12 -3.063039578950316428e-13 1.120716931019217382e-13
8.354117851970001231e-12 2.745056055456621472e-12 -3.353768057182622760e-12 -2.066378364000065575e-12 -1.057261704914003605e-12 -1.962976600583261528e-12 -2.750032251812153432e-12 -1.965136693581103850e-12 2.548086865775492127e-14 -1.184020112355549447e-12 1.029337465081814549e-12 1.111757567670685720e-12 1.149701762732028651e-12 1.928700125979271453e-13 1.016644231400032324e-13 2.864686915522994601e-14 -3.420400720810546242e-13 1.329736371439352976e-14 1.159651211264932765e-13 3.002582433387485296e-13 3.899447432343453824e-14 1.151425937674013224e-13 1.509244033991038295e-12 3.568079944201454869e-12 5.627643232261758905e-13 1.784909343540599096e-13
-1.604648743746661506e-12 -6.164787830888729461e-12 -5.565307507308835831e-12 1.814847053622889928e-12 1.025200945542829011e-12 1.236009409135185137e-12 -2.960101973049721987e-12 -3.965986272410135385e-13 -5.317729955545694054e-13 1.717159652332103790e-12 3.406764152834462695e-13 5.303857799237277803e-13 -2.899448790232964997e-13 6.025995867484843418e-13 -1.255578868337241813e-13 -4.410543880497842710e-14 -3.211077500159563924e-14 -3.309677860291881914e-13 -3.515666255380037492e-13 1.302083107091946844e-13 -1.379555185023427706e-14 -8.067370017051671627e-14 -3.063039578950316428e-13 5.627643232261758905e-13 2.419308107536746525e-12 3.370081790325811174e-13
-1.836501466710300584e-12 1.021604935789487864e-12 -3.884125563698329640e-12 -2.145730512430087364e-12 1.535964013550044339e-12 -1.146929214257351866e-12 1.794131076875947346e-13 6.596680845137833374e-13 -1.089043511228766156e-12 1.504915717693529774e-12 5.507555171262013476e-13 8.368588187551816476e-13 2.947736593583311870e-13 -5.428985448287322942e-14 1.195416602317979248e-14 -6.087734743211585861e-13 -7.727973905062090154e-13 -3.843810795252586922e-13 -9.771282043820287441e-13 -4.462349460855722116e-13 -1.279615693540965938e-13 -1.357287408855643903e-13 1.120716931019217382e-13 1.784909343540599096e-13 3.370081790325811174e-13 1.475124244773848362e-12
