2.100659994369420926e-09 -1.084339518751303019e-10 2.686973734557458560e-11 -2.630176128141567334e-13 3.496609528236454279e-11 -3.646914515293985522e-11 1.008814079809093727e-10 1.949135849936364386e-11 1.854776780984539504e-11 -1.771400928297845544e-12 1.821152680530826701e-11 -2.452405112803763797e-11 1.882794129290893461e-11 9.673685715455427572e-12 1.897448605229146155e-11 1.019345094501015664e-11 -6.168909002848261581e-12 1.812666815479367814e-12 -5.550563422098773949e-12 3.149849527374607419e-12 7.601132704995451447e-12 -1.678034490087043429e-11 -1.383983038201096055e-11 1.534843004529669122e-13 -8.954801278056463969e-13 3.233606883180987717e-12
-1.084339518751303019e-10 1.336781644696501433e-09 -1.104978886582359666e-10 -5.143450689745206172e-11 -2.856549872552926945e-11 -2.078272025309324823e-11 -2.013987025474037704e-11 -1.414799293280366699e-11 3.801063354603826248e-12 -3.230288746749945624e-12 2.416858260362807706e-11 2.836473831168245717e-11 1.425379196281287977e-11 -1.486542087626845560e-11 -7.064029442274051317e-12 -3.664208075561212454e-12 4.332378926682879922e-12 -1.236018306800348798e-12 1.731597133412025931e-12 1.062563067575192921e-12 -1.011775949837928581e-12 -1.991986157468494678e-12 1.203605377514844373e-11 6.441194833366966530e-12 -4.160143549362524569e-12 -2.137666609795809436e-12
2.686973734557458560e-11 -1.104978886582359666e-10 6.256105719653817861e-10 2.937417784822004699e-11 3.784637495087849817e-11 -1.103479595233833526e-11 3.670097791640737846e-11 -1.468391811046842747e-11 -2.070923797698243119e-11 -6.297387086042833123e-13 -8.752158510241052635e-12 -1.416178043933086424e-11 -1.612786252228200704e-11 -1.749208389631931784e-11 -3.554713080406184361e-12 -8.611913218876328257e-13 -1.271044174298471062e-12 9.101533144907539394e-12 2.670846908045385125e-12 4.076915201194525561e-13 -1.810069636221758944e-12 3.859188618948552880e-12 3.251334210622287538e-12 2.910944872420949099e-12 5.104619664813625304e-12 4.317879369562626610e-12
-2.630176128141567334e-13 -5.143450689745206172e-11 2.937417784822004699e-11 5.016928698814041339e-10 8.042489537940775922e-12 4.173066398884617677e-11 -5.707259965681569317e-12 3.758765115116386811e-11 1.994365102716657780e-11 5.826345071630460481e-12 3.138422998441697532e-12 1.619120888156558313e-11 1.558757048527706183e-11 1.193622933266475566e-11 7.594950613440119862e-13 3.375509786232529788e-12 2.896142623295571242e-13 6.452163207363223422e-12 -9.860157533956594591e-13 4.001744772668125146e-12 5.456767734298379959e-12 4.296832044261337515e-12 3.274478769732468318e-12 2.471255345688108865e-12 2.526510895889769849e-12 -2.778000566433334688e-12
3.496609528236454279e-11 -2.856549872552926945e-11 3.784637495087849817e-11 8.042489537940775922e-12 3.344936071278296173e-10 2.903302453888325643e-11 2.507103351290148033e-11 -9.830295062491843511e-13 -7.185010965590274922e-12 -4.819671281804964008e-13 5.087832757895954837e-12 5.940688896888917549e-12 -5.379754194733235597e-12 3.288562968426195314e-12 3.262599054414801980e-12 4.781222277903724440e-12 2.337534878650058069e-12 -1.443099316814449460e-12 -3.838774398381028135e-12 -7.357311600521295992e-14 -6.389618327855297251e-13 1.313554168077633403e-12 -3.800684094154506726e-14 -6.948444592358521512e-13 2.426242625863239175e-12 2.767196505297330237e-12
-3.646914515293985522e-11 -2.078272025309324823e-11 -1.103479595233833526e-11 4.173066398884617677e-11 2.903302453888325643e-11 2.385175229502624753e-10 2.587028582259573133e-11 3.612000220256290446e-11 1.509718321104119463e-11 9.700152503878191318e-12 6.768357050234043205e-12 -2.311478750890142312e-12 -5.435326128785726378e-12 -2.841406258070780196e-12 -9.470048040270036526e-13 -7.741759248704454461e-15 7.378802571144686955e-13 2.188316470941283323e-12 1.285021654376299454e-12 3.674459598575839996e-12 7.719174425362548501e-12 3.269650148828929542e-12 -1.535729992536103118e-12 1.992602908715371752e-13 -2.271149418301975411e-12 -1.395743160101009390e-13
1.008814079809093727e-10 -2.013987025474037704e-11 3.670097791640737846e-11 -5.707259965681569317e-12 2.507103351290148033e-11 2.587028582259573133e-11 1.777396377054098186e-10 3.138298808774360212e-11 -2.413411784070197912e-12 1.105731446269451711e-11 1.609757427174049690e-12 -2.514146898369776528e-13 -2.102161327342148534e-12 -2.855677680841298339e-12 -1.371336243885247608e-12 1.305928642571966262e-12 -2.323723141655214491e-12 1.139836189189133243e-12 1.953616906577167644e-12 4.495848901156660973e-13 1.408866911835302684e-14 -3.361960349678140858e-12 -5.202043166162295511e-14 -2.301886516965291901e-13 2.107929373499167544e-12 9.117574060876767722e-13
1.949135849936364386e-11 -1.414799293280366699e-11 -1.468391811046842747e-11 3.758765115116386811e-11 -9.830295062491843511e-13 3.612000220256290446e-11 3.138298808774360212e-11 1.087830849669122345e-10 2.121672837094877438e-11 1.149240511626267568e-11 1.793075995635908364e-12 5.356231509111573521e-12 4.381252696115961802e-12 -4.481305822701022769e-13 3.494589435391202826e-12 3.930275252176616906e-12 1.079878016727758989e-12 1.791537940610178988e-12 5.352614959355672211e-13 9.369936242189994324e-13 1.438611316714373358e-12 -3.266658918337681685e-12 -3.072316823637653488e-12 -4.681061229902652385e-13 -5.451052581341015270e-13 -1.284967429571393515e-12
1.854776780984539504e-11 3.801063354603826248e-12 -2.070923797698243119e-11 1.994365102716657780e-11 -7.185010965590274922e-12 1.509718321104119463e-11 -2.413411784070197912e-12 2.121672837094877438e-11 7.198487966888190717e-11 1.835963356577838802e-11 5.879931245605408199e-12 6.887900220240993548e-12 8.127649773765720387e-12 2.787349608867370920e-12 1.098512222893765317e-12 2.176065528040142679e-12 2.345418326212929666e-12 -9.503759110150504521e-14 1.330964322871910548e-13 2.240184153058812855e-13 3.996909159154539605e-12 -1.747673499291456055e-13 -5.079088890115318797e-13 -2.770458461375352738e-14 -9.193754468941343711e-13 -1.254058363887139957e-12
-1.771400928297845544e-12 -3.230288746749945624e-12 -6.297387086042833123e-13 5.826345071630460481e-12 -4.819671281804964008e-13 9.700152503878191318e-12 1.105731446269451711e-11 1.149240511626267568e-11 1.835963356577838802e-11 4.606460771886104379e-11 1.697868089920251087e-11 4.727144166167827050e-12 5.828209538305878286e-12 2.551293854267097147e-12 2.950925930629766105e-12 4.657812497028287966e-12 2.126984542060661200e-12 -2.264514454612950153e-12 -1.407954272227739233e-12 -9.052475641139695388e-13 1.002311685083856687e-12 -6.313944603923553858e-14 -1.514971891011688798e-13 1.800735884651299283e-14 9.964400382004557143e-14 -7.452492394256745921e-13
1.821152680530826701e-11 2.416858260362807706e-11 -8.752158510241052635e-12 3.138422998441697532e-12 5.087832757895954837e-12 6.768357050234043205e-12 1.609757427174049690e-12 1.793075995635908364e-12 5.879931245605408199e-12 1.697868089920251087e-11 4.330647165243041244e-11 1.490461242196221235e-11 5.869904174837311432e-12 4.333330641226535941e-12 3.635786617998946729e-12 3.326652735785365391e-12 1.411210823232743236e-12 -1.302337310005362764e-12 -2.931662259600658993e-12 -1.679782775633017658e-12 -5.171193994081236746e-13 2.106729048627191444e-13 2.281298128444677968e-14 -6.514325662647946171e-14 8.864102687578289435e-13 6.145207299811820935e-13
-2.452405112803763797e-11 2.836473831168245717e-11 -1.416178043933086424e-11 1.619120888156558313e-11 5.940688896888917549e-12 -2.311478750890142312e-12 -2.514146898369776528e-13 5.356231509111573521e-12 6.887900220240993548e-12 4.727144166167827050e-12 1.490461242196221235e-11 3.590678751339235673e-11 1.231776824851892517e-11 6.897065202400937641e-12 5.458860534787890385e-12 2.932811194313511121e-12 3.500983353662876323e-12 1.663576998282961618e-12 1.105513742218900139e-12 1.038282032634978889e-12 2.821001830633295901e-12 8.818543799595170898e-13 4.892018113238757015e-13 -2.035544169147636496e-13 5.341958367819879483e-13 -3.654657487881688179e-13
1.882794129290893461e-11 1.425379196281287977e-11 -1.612786252228200704e-11 1.558757048527706183e-11 -5.379754194733235597e-12 -5.435326128785726378e-12 -2.102161327342148534e-12 4.381252696115961802e-12 8.127649773765720387e-12 5.828209538305878286e-12 5.869904174837311432e-12 1.231776824851892517e-11 2.804036310722971411e-11 1.251851365056909443e-11 8.578049988580049260e-12 6.867788076335510424e-12 3.499712045446657707e-12 2.043862677067472981e-12 2.679357571425978573e-12 3.200218933792326141e-12 2.084864611380147600e-12 -6.339486616755184026e-13 -6.240474261963158976e-13 -3.143791243679405797e-13 2.017587333547743874e-13 -2.771229098312471056e-13
9.673685715455427572e-12 -1.486542087626845560e-11 -1.749208389631931784e-11 1.193622933266475566e-11 3.288562968426195314e-12 -2.841406258070780196e-12 -2.855677680841298339e-12 -4.481305822701022769e-13 2.787349608867370920e-12 2.551293854267097147e-12 4.333330641226535941e-12 6.897065202400937641e-12 1.251851365056909443e-11 2.518085752874104426e-11 1.129781188477170770e-11 5.318050221669722055e-12 4.927063466260167770e-12 2.591474626749569701e-12 2.568236296873659823e-12 2.619888400416043517e-12 1.871416825132788642e-12 -2.817361453269394770e-13 -1.041639248311003175e-12 -5.981779705535253766e-13 -7.949462139098147434e-13 -6.817652637324858079e-13
1.897448605229146155e-11 -7.064029442274051317e-12 -3.554713080406184361e-12 7.594950613440119862e-13 3.262599054414801980e-12 -9.470048040270036526e-13 -1.371336243885247608e-12 3.494589435391202826e-12 1.098512222893765317e-12 2.950925930629766105e-12 3.635786617998946729e-12 5.458860534787890385e-12 8.578049988580049260e-12 1.129781188477170770e-11 1.855425088854362742e-11 7.504717181197492351e-12 4.248226847210826707e-12 1.746361625436144278e-12 3.476889704698645655e-13 9.179036142380260424e-13 3.644815637414496888e-13 -1.660139249800578592e-12 -1.423855933975160692e-12 -3.416688687301551378e-13 -1.454233956357754680e-13 2.872813358967911195e-13
1.019345094501015664e-11 -3.664208075561212454e-12 -8.611913218876328257e-13 3.375509786232529788e-12 4.781222277903724440e-12 -7.741759248704454461e-15 1.305928642571966262e-12 3.930275252176616906e-12 2.176065528040142679e-12 4.657812497028287966e-12 3.326652735785365391e-12 2.932811194313511121e-12 6.867788076335510424e-12 5.318050221669722055e-12 7.504717181197492351e-12 1.440454029484134516e-11 6.782276267486094401e-12 3.034561205982159116e-12 1.744712792188161977e-12 1.614952154908185802e-13 -6.719050751124008357e-13 -1.721735964659375723e-13 -4.178847125501804663e-13 6.368085356118628659e-13 4.168398790697518353e-13 1.974812815738120183e-13
-6.168909002848261581e-12 4.332378926682879922e-12 -1.271044174298471062e-12 2.896142623295571242e-13 2.337534878650058069e-12 7.378802571144686955e-13 -2.323723141655214491e-12 1.079878016727758989e-12 2.345418326212929666e-12 2.126984542060661200e-12 1.411210823232743236e-12 3.500983353662876323e-12 3.499712045446657707e-12 4.927063466260167770e-12 4.248226847210826707e-12 6.782276267486094401e-12 1.413523588477376851e-11 6.939452147898325824e-12 3.582620034976199206e-12 2.017113145282634482e-12 6.008570851903998113e-13 1.984537099475581209e-13 2.496804607699929633e-13 7.062042364289825397e-13 7.022180015094045550e-13 5.829261439278490990e-13
1.812666815479367814e-12 -1.236018306800348798e-12 9.101533144907539394e-12 6.452163207363223422e-12 -1.443099316814449460e-12 2.188316470941283323e-12 1.139836189189133243e-12 1.791537940610178988e-12 -9.503759110150504521e-14 -2.264514454612950153e-12 -1.302337310005362764e-12 1.663576998282961618e-12 2.043862677067472981e-12 2.591474626749569701e-12 1.746361625436144278e-12 3.034561205982159116e-12 6.939452147898325824e-12 1.302206851846326986e-11 7.508911624795325597e-12 4.157789159156662504e-12 1.685975555794142209e-12 9.604205383709837926e-13 7.409380856113255058e-13 -2.987596134896663341e-15 1.348283716587786393e-13 7.496757422674920945e-14
-5.550563422098773949e-12 1.731597133412025931e-12 2.670846908045385125e-12 -9.860157533956594591e-13 -3.838774398381028135e-12 1.285021654376299454e-12 1.953616906577167644e-12 5.352614959355672211e-13 1.330964322871910548e-13 -1.407954272227739233e-12 -2.931662259600658993e-12 1.105513742218900139e-12 2.679357571425978573e-12 2.568236296873659823e-12 3.476889704698645655e-13 1.744712792188161977e-12 3.582620034976199206e-12 7.508911624795325597e-12 1.105851083672756556e-11 6.290976600628228302e-12 2.384854145749396161e-12 8.354586518350357519e-13 3.552351580364273345e-13 -4.186331283399683506e-13 1.546602987862347658e-14 1.005244934163060602e-13
3.149849527374607419e-12 1.062563067575192921e-12 4.076915201194525561e-13 4.001744772668125146e-12 -7.357311600521295992e-14 3.674459598575839996e-12 4.495848901156660973e-13 9.369936242189994324e-13 2.240184153058812855e-13 -9.052475641139695388e-13 -1.679782775633017658e-12 1.038282032634978889e-12 3.200218933792326141e-12 2.619888400416043517e-12 9.179036142380260424e-13 1.614952154908185802e-13 2.017113145282634482e-12 4.157789159156662504e-12 6.290976600628228302e-12 1.084856216948100048e-11 5.836202505171667628e-12 8.878346614925700777e-13 -9.294014776697665248e-14 -4.729318939724173435e-13 -1.057802340146924243e-14 -2.090348548136803534e-13
7.601132704995451447e-12 -1.011775949837928581e-12 -1.810069636221758944e-12 5.456767734298379959e-12 -6.389618327855297251e-13 7.719174425362548501e-12 1.408866911835302684e-14 1.438611316714373358e-12 3.996909159154539605e-12 1.002311685083856687e-12 -5.171193994081236746e-13 2.821001830633295901e-12 2.084864611380147600e-12 1.871416825132788642e-12 3.644815637414496888e-13 -6.719050751124008357e-13 6.008570851903998113e-13 1.685975555794142209e-12 2.384854145749396161e-12 5.836202505171667628e-12 1.053087429863973904e-11 3.027718774098979429e-12 6.411848746424814596e-13 -4.478135731726953533e-13 -3.969644908885857411e-13 -7.327423254153481611e-13
-1.678034490087043429e-11 -1.991986157468494678e-12 3.859188618948552880e-12 4.296832044261337515e-12 1.313554168077633403e-12 3.269650148828929542e-12 -3.361960349678140858e-12 -3.266658918337681685e-12 -1.747673499291456055e-13 -6.313944603923553858e-14 2.106729048627191444e-13 8.818543799595170898e-13 -6.339486616755184026e-13 -2.817361453269394770e-13 -1.660139249800578592e-12 -1.721735964659375723e-13 1.984537099475581209e-13 9.604205383709837926e-13 8.354586518350357519e-13 8.878346614925700777e-13 3.027718774098979429e-12 5.742007071647915609e-12 1.733500567360956916e-12 -4.307322534507981265e-14 2.163531172807505298e-14 -3.903707228434020570e-13
-1.383983038201096055e-11 1.203605377514844373e-11 3.251334210622287538e-12 3.274478769732468318e-12 -3.800684094154506726e-14 -1.535729992536103118e-12 -5.202043166162295511e-14 -3.072316823637653488e-12 -5.079088890115318797e-13 -1.514971891011688798e-13 2.281298128444677968e-14 4.892018113238757015e-13 -6.240474261963158976e-13 -1.041639248311003175e-12 -1.423855933975160692e-12 -4.178847125501804663e-13 2.496804607699929633e-13 7.409380856113255058e-13 3.552351580364273345e-13 -9.294014776697665248e-14 6.411848746424814596e-13 1.733500567360956916e-12 4.316735349454905125e-12 1.088209434190565624e-12 -3.361944607606708500e-14 -3.155056316342565834e-13
1.534843004529669122e-13 6.441194833366966530e-12 2.910944872420949099e-12 2.471255345688108865e-12 -6.948444592358521512e-13 1.992602908715371752e-13 -2.301886516965291901e-13 -4.681061229902652385e-13 -2.770458461375352738e-14 1.800735884651299283e-14 -6.514325662647946171e-14 -2.035544169147636496e-13 -3.143791243679405797e-13 -5.981779705535253766e-13 -3.416688687301551378e-13 6.368085356118628659e-13 7.062042364289825397e-13 -2.987596134896663341e-15 -4.186331283399683506e-13 -4.729318939724173435e-13 -4.478135731726953533e-13 -4.307322534507981265e-14 1.088209434190565624e-12 3.470289887269031306e-12 2.929724724187842896e-13 -5.138848753436201130e-14
-8.954801278056463969e-13 -4.160143549362524569e-12 5.104619664813625304e-12 2.526510895889769849e-12 2.426242625863239175e-12 -2.271149418301975411e-12 2.107929373499167544e-12 -5.451052581341015270e-13 -9.193754468941343711e-13 9.964400382004557143e-14 8.864102687578289435e-13 5.341958367819879483e-13 2.017587333547743874e-13 -7.949462139098147434e-13 -1.454233956357754680e-13 4.168398790697518353e-13 7.022180015094045550e-13 1.348283716587786393e-13 1.546602987862347658e-14 -1.057802340146924243e-14 -3.969644908885857411e-13 2.163531172807505298e-14 -3.361944607606708500e-14 2.929724724187842896e-13 2.577977067789446219e-12 8.333569941824264131e-13
3.233606883180987717e-12 -2.137666609795809436e-12 4.317879369562626610e-12 -2.778000566433334688e-12 2.767196505297330237e-12 -1.395743160101009390e-13 9.117574060876767722e-13 -1.284967429571393515e-12 -1.254058363887139957e-12 -7.452492394256745921e-13 6.145207299811820935e-13 -3.654657487881688179e-13 -2.771229098312471056e-13 -6.817652637324858079e-13 2.872813358967911195e-13 1.974812815738120183e-13 5.829261439278490990e-13 7.496757422674920945e-14 1.005244934163060602e-13 -2.090348548136803534e-13 -7.327423254153481611e-13 -3.903707228434020570e-13 -3.155056316342565834e-13 -5.138848753436201130e-14 8.333569941824264131e-13 2.167433929060076721e-12
