2.017081269716181406e-09 -4.291729931403922652e-11 -6.368414509989307419e-12 -4.768356012481675819e-12 6.796190175585219099e-11 5.369425155040959438e-11 -1.100137409686105713e-11 -3.219371424288756200e-12 3.902874600669845669e-11 -1.079949219244694609e-11 2.506510281356544933e-11 -2.207638958823648960e-11 2.966285263176744376e-12 -1.039266102776759088e-11 1.567246918187924483e-11 1.092000788535749198e-11 9.319372992087067291e-12 -6.837423845285264542e-13 7.744623288395713063e-12 -2.233276376366747012e-12 1.015652661036782666e-12 5.425779445050320059e-12 2.949074865730573324e-12 2.989096565740681484e-12 -8.066724170078761011e-12 -1.998758337041352692e-12
-4.291729931403922652e-11 1.198306254020685918e-09 -7.378996799079282599e-11 -3.337151722290952352e-11 4.685050720890673233e-11 4.314957228496012738e-11 6.482182150452590762e-12 -9.371937199565789297e-12 -3.774643236804102816e-12 6.512521578363397455e-12 -2.829646558028831223e-11 -1.568922980376655810e-11 -7.693359454049093055e-12 -1.307815492124620791e-11 -7.701490051179342017e-12 -1.859985919315889505e-11 -6.940594847018272373e-12 -6.802883438263960420e-12 -1.200290580918432629e-11 -1.569112510704571565e-12 -2.097425506990097549e-12 -1.630011799835416572e-12 4.282924594239972556e-12 6.354064477401490148e-13 -3.021655601183496088e-12 -1.962695402824666168e-12
-6.368414509989307419e-12 -7.378996799079282599e-11 7.698156256524298017e-10 -3.469284267140408973e-11 2.247440071080967222e-11 -1.788070839276052410e-11 2.752421819225315568e-12 -3.537278698991677441e-12 -3.687628316878352149e-11 -1.591551906328091291e-11 -3.036972876361349393e-11 -1.583526355139413997e-11 5.842344506796383996e-13 1.878754248694844578e-12 6.028971633532293738e-12 1.178304326700179044e-11 3.905899454377191842e-13 -5.602114301582119746e-12 -6.552817892651740161e-12 -6.835709841563661749e-12 -9.340601032730228390e-13 -2.175054508529976827e-12 2.492933255621192508e-12 -4.086697619580238094e-13 2.392251732697549936e-12 -3.447688252636422545e-12
-4.768356012481675819e-12 -3.337151722290952352e-11 -3.469284267140408973e-11 5.202644706437737623e-10 7.656438730313629237e-13 4.567949103617457379e-11 -5.478122595184445656e-12 1.029868657918631711e-11 -3.834800611077177178e-12 5.038599270607749650e-12 1.413907009180273415e-11 3.929279180620939773e-12 8.211812358827964883e-15 5.963623697936119852e-12 6.132429135657890848e-12 5.148397968051714961e-12 3.303121459128840965e-12 7.602861379151162046e-12 8.080228491884925754e-12 3.216423645267567063e-12 3.182132091951580192e-12 2.244515092702956969e-12 2.705780502040384863e-12 5.074125288373069360e-12 2.098972387472892120e-12 -4.164616473981992763e-13
6.796190175585219099e-11 4.685050720890673233e-11 2.247440071080967222e-11 7.656438730313629237e-13 3.397569765271830235e-10 1.210653679238417718e-11 3.440716904629094127e-11 1.404278309788467121e-11 1.889153588217241942e-11 -5.541578458138732854e-13 -7.616674937543178707e-12 -1.409300389199454771e-12 -3.321794359042180889e-12 -1.027905290584228131e-11 -7.879320116361307431e-12 -7.673161017006366655e-12 -5.325068720523213826e-12 -4.587097697270570144e-12 4.412547360348360153e-13 8.263340130428217955e-13 -1.447149329595388324e-12 1.852516895142472017e-12 1.300230837269675923e-12 4.637706104005916766e-13 2.112299460458775721e-13 -9.526853698217867701e-13
5.369425155040959438e-11 4.314957228496012738e-11 -1.788070839276052410e-11 4.567949103617457379e-11 1.210653679238417718e-11 2.319253965146349924e-10 -4.005953605402093295e-13 1.640047614552409130e-15 2.482481756434899246e-12 9.556299295235059992e-12 9.258842526848044677e-12 2.742334778643344895e-12 -1.468505062938241083e-12 -2.466165654990188881e-12 -5.272294094996570558e-12 -6.571811564185265527e-12 -7.421241216237132218e-13 -3.586376900968033799e-13 -1.226219200519792484e-12 -2.098884351452015122e-12 2.524787415442093535e-12 9.349562499974061170e-13 -2.115169636066126792e-12 2.043021898178329580e-12 -6.817591634828197503e-13 2.466690147819586993e-13
-1.100137409686105713e-11 6.482182150452590762e-12 2.752421819225315568e-12 -5.478122595184445656e-12 3.440716904629094127e-11 -4.005953605402093295e-13 1.532242146260555028e-10 3.757052294685041190e-12 1.328068603553722699e-11 1.425732909445381102e-11 1.629867219108153262e-12 6.443261154996257747e-12 -2.721761156237420198e-12 -8.110796049401681719e-13 1.865223766511075888e-13 -2.301143774773581709e-12 -1.317336298198291931e-13 -3.311721784977289943e-12 -8.821796052399894077e-13 -2.241067243387836343e-12 -1.943278118100633432e-12 -1.321612927756440584e-12 2.993497163513406207e-12 1.089347678275291175e-12 -2.465477283156886741e-12 -5.578377565538674953e-13
-3.219371424288756200e-12 -9.371937199565789297e-12 -3.537278698991677441e-12 1.029868657918631711e-11 1.404278309788467121e-11 1.640047614552409130e-15 3.757052294685041190e-12 1.187532275797178600e-10 2.268860916888070576e-11 1.195958000820358777e-11 4.261430942239068872e-12 -2.102379685085630636e-12 -5.777064317490633766e-13 2.061166557390708694e-13 -1.521925387944135325e-12 9.391309083914635491e-13 6.764966762846959606e-12 3.763127443225197602e-13 3.475090181423926227e-12 -1.006046868768711275e-12 -2.797186298151486403e-12 -1.510266325828381887e-12 -2.853243969123789849e-13 6.838043612384372507e-13 1.438335385249432971e-13 -7.586002185098755810e-14
3.902874600669845669e-11 -3.774643236804102816e-12 -3.687628316878352149e-11 -3.834800611077177178e-12 1.889153588217241942e-11 2.482481756434899246e-12 1.328068603553722699e-11 2.268860916888070576e-11 8.197737301772363690e-11 1.051417776625072473e-11 1.046382477222163327e-11 2.665259732967388451e-12 3.101194099129815265e-12 -4.509815260029039707e-13 -3.455489611498469697e-12 -1.837628011470421237e-12 1.949645682086480496e-13 -6.078536337430103918e-14 2.350266588547036465e-12 7.815309092152032085e-13 1.418191660788374076e-12 1.166406521399615290e-12 -7.157806242191803140e-14 5.383065157087270594e-13 -9.918203995142944655e-13 -8.519790024777491449e-13
-1.079949219244694609e-11 6.512521578363397455e-12 -1.591551906328091291e-11 5.038599270607749650e-12 -5.541578458138732854e-13 9.556299295235059992e-12 1.425732909445381102e-11 1.195958000820358777e-11 1.051417776625072473e-11 5.659274619119674062e-11 1.022197887359768065e-11 9.286830569406512054e-12 2.855019854647305053e-12 6.532647798009782019e-13 1.197243195554336059e-12 2.023458002685539198e-12 3.917144790531786930e-12 1.818513854166793992e-12 2.566683819749042034e-12 9.601921440167689753e-13 -6.694444133407326074e-13 5.330630470267998546e-13 8.006461820075793449e-13 5.213332713244100571e-13 4.866568705618079443e-13 1.895044750321768499e-13
2.506510281356544933e-11 -2.829646558028831223e-11 -3.036972876361349393e-11 1.413907009180273415e-11 -7.616674937543178707e-12 9.258842526848044677e-12 1.629867219108153262e-12 4.261430942239068872e-12 1.046382477222163327e-11 1.022197887359768065e-11 3.807515025234844606e-11 1.028316808123797397e-11 4.734486232024031834e-12 2.001567471937794416e-12 -1.983474140973216882e-13 4.085464644089787758e-12 2.328400068922484014e-12 2.395205036709778177e-12 2.976730364560298280e-12 1.789226826569896134e-12 1.713167168939064631e-13 1.567568286872741000e-12 7.518198056484535090e-13 1.078579636053393412e-12 -1.701519937392948185e-13 2.937556474820370380e-13
-2.207638958823648960e-11 -1.568922980376655810e-11 -1.583526355139413997e-11 3.929279180620939773e-12 -1.409300389199454771e-12 2.742334778643344895e-12 6.443261154996257747e-12 -2.102379685085630636e-12 2.665259732967388451e-12 9.286830569406512054e-12 1.028316808123797397e-11 3.034181746894724664e-11 1.178501634325689243e-11 3.737711992979240511e-12 1.047175504751395327e-12 2.495682953313151391e-12 2.923198418861594662e-12 1.227064744201447487e-12 1.212134098848343403e-12 1.195558770166228834e-12 -7.077268630385594655e-13 -6.563568420155240685e-13 -3.808331678330671259e-13 2.141426496556609520e-13 7.948607126238105352e-13 1.689040654562268990e-13
2.966285263176744376e-12 -7.693359454049093055e-12 5.842344506796383996e-13 8.211812358827964883e-15 -3.321794359042180889e-12 -1.468505062938241083e-12 -2.721761156237420198e-12 -5.777064317490633766e-13 3.101194099129815265e-12 2.855019854647305053e-12 4.734486232024031834e-12 1.178501634325689243e-11 2.459686941450781741e-11 7.280206806825961770e-12 2.266829108354139910e-12 5.129324417102785451e-13 7.807399228808168076e-13 -1.394369974028548951e-13 2.690109717052860930e-13 6.997520636351495888e-13 4.740804941314076265e-13 1.980678041903081114e-13 7.525297568794636314e-13 1.072723918079344676e-12 4.811585012874049263e-13 -3.575436043388270847e-13
-1.039266102776759088e-11 -1.307815492124620791e-11 1.878754248694844578e-12 5.963623697936119852e-12 -1.027905290584228131e-11 -2.466165654990188881e-12 -8.110796049401681719e-13 2.061166557390708694e-13 -4.509815260029039707e-13 6.532647798009782019e-13 2.001567471937794416e-12 3.737711992979240511e-12 7.280206806825961770e-12 1.670693027774563776e-11 6.723564060616023455e-12 3.608899522335885335e-12 1.521395802680553656e-12 1.119494385876517913e-12 1.633319997284761869e-13 6.207157475945561280e-13 -4.666155966143182685e-14 -7.106828425723806483e-13 3.774735917938185333e-13 5.077018852891607187e-13 -2.342268065869600568e-13 -5.803573720912156018e-13
1.567246918187924483e-11 -7.701490051179342017e-12 6.028971633532293738e-12 6.132429135657890848e-12 -7.879320116361307431e-12 -5.272294094996570558e-12 1.865223766511075888e-13 -1.521925387944135325e-12 -3.455489611498469697e-12 1.197243195554336059e-12 -1.983474140973216882e-13 1.047175504751395327e-12 2.266829108354139910e-12 6.723564060616023455e-12 1.511690867907559491e-11 6.091737789678691534e-12 2.399293517469026589e-12 1.422693617586422176e-12 6.872883652373199332e-13 1.489594177925014552e-12 -7.390533659518598994e-14 -5.084991367731653331e-13 7.208431897074015492e-13 4.702215913723762617e-13 -5.722513328574132184e-14 -7.617638339397521116e-13
1.092000788535749198e-11 -1.859985919315889505e-11 1.178304326700179044e-11 5.148397968051714961e-12 -7.673161017006366655e-12 -6.571811564185265527e-12 -2.301143774773581709e-12 9.391309083914635491e-13 -1.837628011470421237e-12 2.023458002685539198e-12 4.085464644089787758e-12 2.495682953313151391e-12 5.129324417102785451e-13 3.608899522335885335e-12 6.091737789678691534e-12 1.258742490101274220e-11 4.138605081115729018e-12 1.758495487080354725e-12 2.155483434548012503e-12 1.097576903084422695e-12 -1.012409496548296916e-12 6.833237266322864635e-14 4.735009455814242147e-13 -4.611219993092068509e-13 9.873607158462466351e-14 3.257633595585702175e-13
9.319372992087067291e-12 -6.940594847018272373e-12 3.905899454377191842e-13 3.303121459128840965e-12 -5.325068720523213826e-12 -7.421241216237132218e-13 -1.317336298198291931e-13 6.764966762846959606e-12 1.949645682086480496e-13 3.917144790531786930e-12 2.328400068922484014e-12 2.923198418861594662e-12 7.807399228808168076e-13 1.521395802680553656e-12 2.399293517469026589e-12 4.138605081115729018e-12 1.212104750192982661e-11 5.395277855336440994e-12 2.275769979854603554e-12 9.251436485117561912e-13 -3.606677025892358179e-13 -4.541627315312474333e-13 -5.520285502078691071e-13 -3.651860200949892196e-13 -7.116621177782040736e-14 -1.883990710169632175e-14
-6.837423845285264542e-13 -6.802883438263960420e-12 -5.602114301582119746e-12 7.602861379151162046e-12 -4.587097697270570144e-12 -3.586376900968033799e-13 -3.311721784977289943e-12 3.763127443225197602e-13 -6.078536337430103918e-14 1.818513854166793992e-12 2.395205036709778177e-12 1.227064744201447487e-12 -1.394369974028548951e-13 1.119494385876517913e-12 1.422693617586422176e-12 1.758495487080354725e-12 5.395277855336440994e-12 1.081067061600423754e-11 3.915784998918716774e-12 1.078762355665874058e-12 -8.943077965368598783e-14 -3.437835085558329335e-13 -4.521458047626577178e-13 1.094625091197766049e-13 2.824296865119616475e-13 -1.080086561530508715e-14
7.744623288395713063e-12 -1.200290580918432629e-11 -6.552817892651740161e-12 8.080228491884925754e-12 4.412547360348360153e-13 -1.226219200519792484e-12 -8.821796052399894077e-13 3.475090181423926227e-12 2.350266588547036465e-12 2.566683819749042034e-12 2.976730364560298280e-12 1.212134098848343403e-12 2.690109717052860930e-13 1.633319997284761869e-13 6.872883652373199332e-13 2.155483434548012503e-12 2.275769979854603554e-12 3.915784998918716774e-12 9.061408898207549322e-12 3.391591036627474990e-12 9.128003802212938009e-13 3.641322458150220348e-13 -3.078376858146454593e-13 7.170956588892958036e-13 3.245107466798934931e-13 1.678558373312889046e-13
-2.233276376366747012e-12 -1.569112510704571565e-12 -6.835709841563661749e-12 3.216423645267567063e-12 8.263340130428217955e-13 -2.098884351452015122e-12 -2.241067243387836343e-12 -1.006046868768711275e-12 7.815309092152032085e-13 9.601921440167689753e-13 1.789226826569896134e-12 1.195558770166228834e-12 6.997520636351495888e-13 6.207157475945561280e-13 1.489594177925014552e-12 1.097576903084422695e-12 9.251436485117561912e-13 1.078762355665874058e-12 3.391591036627474990e-12 6.265716986647642442e-12 2.931793068849290679e-12 1.100698964198835867e-12 -3.807971725933293048e-14 5.465226544212896564e-13 4.617622161738059729e-13 5.611365043314573207e-14
1.015652661036782666e-12 -2.097425506990097549e-12 -9.340601032730228390e-13 3.182132091951580192e-12 -1.447149329595388324e-12 2.524787415442093535e-12 -1.943278118100633432e-12 -2.797186298151486403e-12 1.418191660788374076e-12 -6.694444133407326074e-13 1.713167168939064631e-13 -7.077268630385594655e-13 4.740804941314076265e-13 -4.666155966143182685e-14 -7.390533659518598994e-14 -1.012409496548296916e-12 -3.606677025892358179e-13 -8.943077965368598783e-14 9.128003802212938009e-13 2.931793068849290679e-12 8.131627236304355436e-12 3.302886644389765393e-12 7.570145722366354840e-13 6.624836146784631294e-13 2.430862547741549805e-13 3.307775482031887005e-13
5.425779445050320059e-12 -1.630011799835416572e-12 -2.175054508529976827e-12 2.244515092702956969e-12 1.852516895142472017e-12 9.349562499974061170e-13 -1.321612927756440584e-12 -1.510266325828381887e-12 1.166406521399615290e-12 5.330630470267998546e-13 1.567568286872741000e-12 -6.563568420155240685e-13 1.980678041903081114e-13 -7.106828425723806483e-13 -5.084991367731653331e-13 6.833237266322864635e-14 -4.541627315312474333e-13 -3.437835085558329335e-13 3.641322458150220348e-13 1.100698964198835867e-12 3.302886644389765393e-12 5.859081874031218409e-12 1.922665174841444630e-12 1.341565714087538175e-13 3.531264907922691823e-13 4.375516998751357743e-13
2.949074865730573324e-12 4.282924594239972556e-12 2.492933255621192508e-12 2.705780502040384863e-12 1.300230837269675923e-12 -2.115169636066126792e-12 2.993497163513406207e-12 -2.853243969123789849e-13 -7.157806242191803140e-14 8.006461820075793449e-13 7.518198056484535090e-13 -3.808331678330671259e-13 7.525297568794636314e-13 3.774735917938185333e-13 7.208431897074015492e-13 4.735009455814242147e-13 -5.520285502078691071e-13 -4.521458047626577178e-13 -3.078376858146454593e-13 -3.807971725933293048e-14 7.570145722366354840e-13 1.922665174841444630e-12 3.606528279459870486e-12 1.300217902693152942e-12 4.356050941824063871e-13 1.614290494523034475e-13
2.989096565740681484e-12 6.354064477401490148e-13 -4.086697619580238094e-13 5.074125288373069360e-12 4.637706104005916766e-13 2.043021898178329580e-12 1.089347678275291175e-12 6.838043612384372507e-13 5.383065157087270594e-13 5.213332713244100571e-13 1.078579636053393412e-12 2.141426496556609520e-13 1.072723918079344676e-12 5.077018852891607187e-13 4.702215913723762617e-13 -4.611219993092068509e-13 -3.651860200949892196e-13 1.094625091197766049e-13 7.170956588892958036e-13 5.465226544212896564e-13 6.624836146784631294e-13 1.341565714087538175e-13 1.300217902693152942e-12 3.691844449556333815e-12 8.353513812706522114e-13 -5.078101052976104958e-14
-8.066724170078761011e-12 -3.021655601183496088e-12 2.392251732697549936e-12 2.098972387472892120e-12 2.112299460458775721e-13 -6.817591634828197503e-13 -2.465477283156886741e-12 1.438335385249432971e-13 -9.918203995142944655e-13 4.866568705618079443e-13 -1.701519937392948185e-13 7.948607126238105352e-13 4.811585012874049263e-13 -2.342268065869600568e-13 -5.722513328574132184e-14 9.873607158462466351e-14 -7.116621177782040736e-14 2.824296865119616475e-13 3.245107466798934931e-13 4.617622161738059729e-13 2.430862547741549805e-13 3.531264907922691823e-13 4.356050941824063871e-13 8.353513812706522114e-13 2.151142782304833248e-12 2.228788673675508579e-13
-1.998758337041352692e-12 -1.962695402824666168e-12 -3.447688252636422545e-12 -4.164616473981992763e-13 -9.526853698217867701e-13 2.466690147819586993e-13 -5.578377565538674953e-13 -7.586002185098755810e-14 -8.519790024777491449e-13 1.895044750321768499e-13 2.937556474820370380e-13 1.689040654562268990e-13 -3.575436043388270847e-13 -5.803573720912156018e-13 -7.617638339397521116e-13 3.257633595585702175e-13 -1.883990710169632175e-14 -1.080086561530508715e-14 1.678558373312889046e-13 5.611365043314573207e-14 3.307775482031887005e-13 4.375516998751357743e-13 1.614290494523034475e-13 -5.078101052976104958e-14 2.228788673675508579e-13 1.408895727227535735e-12
