2.685636851219765982e-09 1.482902168604044587e-10 7.816237086458334442e-11 1.191197724117236139e-10 -3.040153296712822305e-11 -5.067412643165565620e-12 9.317758422858333238e-12 -3.824879428426041770e-12 -5.479838292213724127e-11 5.122298202066430401e-11 4.627630983651835982e-11 2.834651551717870853e-11 2.512671488147026417e-11 1.784227393162505746e-11 -5.882463598513817777e-12 -1.132950978039087189e-11 -1.907247893359833296e-11 2.143199352734430524e-12 3.045246863614099174e-12 -1.938670678964869662e-11 -1.319458334719334672e-11 2.134665459372663190e-12 8.322081205440125463e-13 -1.089293476365556772e-11 -4.331167625510785496e-12 -4.909597487161556271e-13
1.482902168604044587e-10 1.580567478546069802e-09 -9.309074414517544645e-11 6.943439282419153250e-11 -2.001361807388074001e-11 -4.865232767627244453e-11 8.892950301518252612e-11 7.555071971236154099e-12 -1.237563599577082230e-11 2.543991033077633851e-11 4.163392289900918185e-12 -2.366225760885234799e-11 -7.212504871332319939e-13 1.220203045593571046e-11 -1.582223288259088519e-11 6.728097747813391158e-12 -3.839691429247457925e-12 -1.392728725740674943e-12 -6.480323759102600949e-12 -7.782724462735016161e-12 1.898302411206185679e-11 7.734294162987209921e-12 -5.433646672939242753e-12 -2.944952204794059682e-12 1.918927232157661894e-12 -3.533274302985385715e-12
7.816237086458334442e-11 -9.309074414517544645e-11 8.372883194710721504e-10 3.420454722390452783e-11 6.075827649535604232e-11 1.479107884041344094e-11 -4.618090221871235028e-11 -1.065212876293881514e-11 2.434864379290201901e-11 -1.577803522755284916e-11 1.421180074116012044e-11 5.731293979007301701e-13 2.354827940463739637e-14 1.803073464420943573e-11 1.863387746798127347e-11 2.052733682186126543e-11 1.704009302862208019e-12 2.313930143818513313e-12 8.114432200426212330e-12 7.702508180973553678e-12 4.577301167957340407e-12 -5.386532357257048389e-13 -8.511662508632120763e-12 -6.065146085097331504e-14 3.352529274354896097e-12 -7.405675816991880129e-13
1.191197724117236139e-10 6.943439282419153250e-11 3.420454722390452783e-11 7.375830617679844436e-10 4.962912012578647039e-12 1.420023993602271687e-11 5.270526991182342684e-11 2.644058143265239327e-11 8.367376477874674995e-12 -5.260734840565754661e-14 -3.651998696186616845e-12 -1.427820124052860609e-11 3.775765101553082667e-12 -1.411899832190116308e-11 -3.009587113671591631e-13 -4.196406646300509808e-12 -1.351250788309984276e-12 -5.786618431209891775e-12 7.727427910687477569e-13 4.708534086515215498e-12 6.195446296174872193e-12 1.085109105783625127e-12 -1.414148838069637164e-12 2.693150720636194244e-12 4.144543729399153856e-12 3.934277807786766090e-12
-3.040153296712822305e-11 -2.001361807388074001e-11 6.075827649535604232e-11 4.962912012578647039e-12 3.430922690580014255e-10 3.487252481194307448e-11 1.330898240540887372e-11 1.810817004982464862e-11 1.204967934612493554e-11 1.425916298197802466e-11 9.028388555341498242e-12 8.202798256764601810e-12 9.046595454060698737e-12 -2.029844123374058286e-12 1.153186757790486205e-11 8.308818534899651212e-12 6.191716814863618086e-12 4.724116543942288082e-12 5.014683171285393200e-12 8.807680698301858270e-12 4.104426461735567669e-12 -6.812622517707880610e-12 -3.524440179383568102e-12 -1.263032877830506805e-12 -1.435684921960778096e-12 -1.810320744141055824e-12
-5.067412643165565620e-12 -4.865232767627244453e-11 1.479107884041344094e-11 1.420023993602271687e-11 3.487252481194307448e-11 2.927701411392506456e-10 5.472313923913824027e-11 2.661863826187056681e-11 8.628387340001490128e-13 3.058168163577614625e-12 1.005525669660252913e-11 3.614160726599229350e-12 6.006597212642665511e-12 -2.442128105043778546e-12 3.440570816805900204e-12 7.922955960306472606e-13 -1.370189136965134179e-12 2.236468854363061686e-12 4.758914926637576467e-12 4.676578489187911908e-12 8.314978268056433076e-12 3.553057174113893061e-12 -5.413304846104769679e-12 -7.527532076430243365e-14 -2.098562800504156382e-12 -1.104999995952143873e-13
9.317758422858333238e-12 8.892950301518252612e-11 -4.618090221871235028e-11 5.270526991182342684e-11 1.330898240540887372e-11 5.472313923913824027e-11 1.935184888386648527e-10 3.867362107711204855e-11 6.037441640701635182e-12 1.458631927340392954e-11 -7.208734913812748283e-12 -7.345677246283099345e-12 -3.459123501920092096e-12 -1.006213432390860357e-11 -8.292876940487747241e-12 -2.544687340847348930e-12 -2.945001940390843548e-12 -3.459648300643362273e-12 -3.839377863944574532e-12 2.947391798263821256e-12 1.715010196893937703e-12 3.085922350041476953e-12 -2.346085697297271454e-12 6.788070512168332954e-13 3.301609395052120778e-12 2.720858969590588563e-12
-3.824879428426041770e-12 7.555071971236154099e-12 -1.065212876293881514e-11 2.644058143265239327e-11 1.810817004982464862e-11 2.661863826187056681e-11 3.867362107711204855e-11 1.257011149634459002e-10 1.295447002270940183e-11 1.801333763776735293e-11 6.902204623202142787e-12 1.261505629877422340e-11 5.064328025965489170e-13 -1.425683076687897177e-12 5.481927546461233338e-13 2.625459157501680696e-12 2.072258192508783446e-12 1.038868746247738580e-12 2.021168491752207055e-13 3.170364544261975757e-12 -1.607907297680540142e-12 -1.170545295259131458e-12 6.456554240519440838e-15 -2.925844034521512637e-13 -6.628865605937967615e-13 -3.205930969873890971e-13
-5.479838292213724127e-11 -1.237563599577082230e-11 2.434864379290201901e-11 8.367376477874674995e-12 1.204967934612493554e-11 8.628387340001490128e-13 6.037441640701635182e-12 1.295447002270940183e-11 9.788945042478436367e-11 2.130885888923975904e-11 1.283406199084629160e-11 1.014984791167328712e-11 4.688488465449690389e-12 3.296008497834953449e-12 1.713476717609025523e-12 2.926961868696946490e-12 4.181619597639583455e-12 -4.846284982096531583e-13 4.682406337526605028e-12 5.111266815445736036e-12 4.300958429365428499e-12 1.685290101688551732e-12 -1.580714412091750178e-12 -1.082161629214872189e-12 9.102374947435365434e-13 -1.606930456856436642e-13
5.122298202066430401e-11 2.543991033077633851e-11 -1.577803522755284916e-11 -5.260734840565754661e-14 1.425916298197802466e-11 3.058168163577614625e-12 1.458631927340392954e-11 1.801333763776735293e-11 2.130885888923975904e-11 5.879984086668680182e-11 1.176327008702597974e-11 3.580709496897882579e-12 3.919141274823784406e-12 1.212616089788537437e-12 -5.210272099498029376e-13 -2.237251297070291037e-13 1.639995071843115946e-12 -5.966731064839508726e-14 2.753127643338621085e-12 2.046922488648858499e-13 1.028885536294495450e-12 9.222028146142611817e-13 -7.158875926864519381e-13 -1.964308736208402120e-12 -1.935788181285066858e-12 -7.049659660659972957e-13
4.627630983651835982e-11 4.163392289900918185e-12 1.421180074116012044e-11 -3.651998696186616845e-12 9.028388555341498242e-12 1.005525669660252913e-11 -7.208734913812748283e-12 6.902204623202142787e-12 1.283406199084629160e-11 1.176327008702597974e-11 4.296374842578991313e-11 1.644689254334915432e-11 6.764208505937010344e-12 4.261364940533793093e-12 3.344583365160973180e-12 2.284009261725126906e-12 2.274117038756544213e-12 7.466980165154513512e-13 2.679193512307416384e-12 1.285714237076829064e-12 2.067554639568175302e-13 4.224153471712822430e-13 -1.146171787669546554e-12 -1.163991174608320935e-12 -8.761971050366686050e-13 -5.385414189054667953e-13
2.834651551717870853e-11 -2.366225760885234799e-11 5.731293979007301701e-13 -1.427820124052860609e-11 8.202798256764601810e-12 3.614160726599229350e-12 -7.345677246283099345e-12 1.261505629877422340e-11 1.014984791167328712e-11 3.580709496897882579e-12 1.644689254334915432e-11 4.500337418995588421e-11 1.376971683989341460e-11 6.529024975785235150e-12 3.819576090834391637e-12 3.628668167079169560e-12 1.842694684031598145e-12 9.486789398181267593e-13 1.797888354193920193e-12 1.031847273188618986e-12 -1.218935922303248248e-13 8.124438262556849149e-13 6.324760075474905115e-13 -9.917755496997052625e-13 -6.943898226799385528e-13 5.488251564280451120e-14
2.512671488147026417e-11 -7.212504871332319939e-13 2.354827940463739637e-14 3.775765101553082667e-12 9.046595454060698737e-12 6.006597212642665511e-12 -3.459123501920092096e-12 5.064328025965489170e-13 4.688488465449690389e-12 3.919141274823784406e-12 6.764208505937010344e-12 1.376971683989341460e-11 2.669778592041915086e-11 9.649006008612410680e-12 4.119750618319155469e-12 2.334015176239494833e-12 1.138307435671291436e-12 4.248317991541633923e-13 6.601072159141832404e-13 1.273887916477939176e-12 2.365519601101569077e-12 1.108044605146949630e-12 -1.058533988519868473e-12 -1.088571048417933548e-12 -4.016164809105521655e-13 6.597092653455950632e-14
1.784227393162505746e-11 1.220203045593571046e-11 1.803073464420943573e-11 -1.411899832190116308e-11 -2.029844123374058286e-12 -2.442128105043778546e-12 -1.006213432390860357e-11 -1.425683076687897177e-12 3.296008497834953449e-12 1.212616089788537437e-12 4.261364940533793093e-12 6.529024975785235150e-12 9.649006008612410680e-12 2.175335203458823293e-11 8.909495503070812078e-12 5.180301846190974549e-12 1.090462256715724162e-12 2.713268274342824818e-13 7.799893917464085576e-13 -1.137723140630258957e-12 3.395086783939436888e-13 4.495028563499329864e-13 -4.102565207030695239e-13 -5.507668377040839726e-13 -8.430074766926728707e-13 -9.079704305037827837e-13
-5.882463598513817777e-12 -1.582223288259088519e-11 1.863387746798127347e-11 -3.009587113671591631e-13 1.153186757790486205e-11 3.440570816805900204e-12 -8.292876940487747241e-12 5.481927546461233338e-13 1.713476717609025523e-12 -5.210272099498029376e-13 3.344583365160973180e-12 3.819576090834391637e-12 4.119750618319155469e-12 8.909495503070812078e-12 2.059356147135217085e-11 8.463164289005453073e-12 4.902628124949703350e-12 3.086430581321008224e-12 1.253229953632889881e-12 -2.063307452907755445e-13 -1.187132671881372975e-13 -3.992236070779510467e-13 -7.833869234088251947e-13 1.109512102224376399e-13 5.527687069514047679e-13 -4.484828748538070521e-14
-1.132950978039087189e-11 6.728097747813391158e-12 2.052733682186126543e-11 -4.196406646300509808e-12 8.308818534899651212e-12 7.922955960306472606e-13 -2.544687340847348930e-12 2.625459157501680696e-12 2.926961868696946490e-12 -2.237251297070291037e-13 2.284009261725126906e-12 3.628668167079169560e-12 2.334015176239494833e-12 5.180301846190974549e-12 8.463164289005453073e-12 1.525245817227279236e-11 8.011448396523908420e-12 4.705991692031305078e-12 2.200374742639897724e-12 6.920669628475441571e-13 -4.706902086540473782e-13 -1.187389944364708710e-12 -3.085700325419525019e-13 6.272645507060766011e-14 6.689797713118565220e-13 2.143076656117312213e-13
-1.907247893359833296e-11 -3.839691429247457925e-12 1.704009302862208019e-12 -1.351250788309984276e-12 6.191716814863618086e-12 -1.370189136965134179e-12 -2.945001940390843548e-12 2.072258192508783446e-12 4.181619597639583455e-12 1.639995071843115946e-12 2.274117038756544213e-12 1.842694684031598145e-12 1.138307435671291436e-12 1.090462256715724162e-12 4.902628124949703350e-12 8.011448396523908420e-12 1.648466802362256328e-11 8.540549937264912643e-12 4.442108080372985638e-12 2.796111434542325559e-12 6.707636214531134842e-13 -9.012645765760913339e-13 -5.661170812772324845e-13 -8.920666357984828482e-13 -5.629557667538346973e-13 -5.374142297411418320e-13
2.143199352734430524e-12 -1.392728725740674943e-12 2.313930143818513313e-12 -5.786618431209891775e-12 4.724116543942288082e-12 2.236468854363061686e-12 -3.459648300643362273e-12 1.038868746247738580e-12 -4.846284982096531583e-13 -5.966731064839508726e-14 7.466980165154513512e-13 9.486789398181267593e-13 4.248317991541633923e-13 2.713268274342824818e-13 3.086430581321008224e-12 4.705991692031305078e-12 8.540549937264912643e-12 1.379101710201646346e-11 6.873519126738890640e-12 2.648910490359132569e-12 9.127679798712962627e-14 -1.432027298817949478e-13 7.915531366683336728e-14 -8.150424697237853908e-13 -1.859203494902344021e-13 -6.319512786065692439e-13
3.045246863614099174e-12 -6.480323759102600949e-12 8.114432200426212330e-12 7.727427910687477569e-13 5.014683171285393200e-12 4.758914926637576467e-12 -3.839377863944574532e-12 2.021168491752207055e-13 4.682406337526605028e-12 2.753127643338621085e-12 2.679193512307416384e-12 1.797888354193920193e-12 6.601072159141832404e-13 7.799893917464085576e-13 1.253229953632889881e-12 2.200374742639897724e-12 4.442108080372985638e-12 6.873519126738890640e-12 1.359813533047447737e-11 7.070240083723723828e-12 1.743392146990256424e-12 1.408153208569978223e-13 -4.639704713963138116e-13 -9.332027974722761020e-13 -2.594989328560063931e-13 -1.226475799524757313e-12
-1.938670678964869662e-11 -7.782724462735016161e-12 7.702508180973553678e-12 4.708534086515215498e-12 8.807680698301858270e-12 4.676578489187911908e-12 2.947391798263821256e-12 3.170364544261975757e-12 5.111266815445736036e-12 2.046922488648858499e-13 1.285714237076829064e-12 1.031847273188618986e-12 1.273887916477939176e-12 -1.137723140630258957e-12 -2.063307452907755445e-13 6.920669628475441571e-13 2.796111434542325559e-12 2.648910490359132569e-12 7.070240083723723828e-12 1.346417812720237183e-11 6.591844155500896359e-12 2.093884740723821598e-12 -3.460123543468630484e-13 -8.460022640999052591e-13 -3.455842181390937351e-13 -9.101817807169411484e-13
-1.319458334719334672e-11 1.898302411206185679e-11 4.577301167957340407e-12 6.195446296174872193e-12 4.104426461735567669e-12 8.314978268056433076e-12 1.715010196893937703e-12 -1.607907297680540142e-12 4.300958429365428499e-12 1.028885536294495450e-12 2.067554639568175302e-13 -1.218935922303248248e-13 2.365519601101569077e-12 3.395086783939436888e-13 -1.187132671881372975e-13 -4.706902086540473782e-13 6.707636214531134842e-13 9.127679798712962627e-14 1.743392146990256424e-12 6.591844155500896359e-12 1.137970390519908612e-11 4.583183975838487842e-12 -1.017201516313074334e-13 -4.092514562320401545e-13 -7.588587721511573147e-13 -7.412878533391616624e-13
2.134665459372663190e-12 7.734294162987209921e-12 -5.386532357257048389e-13 1.085109105783625127e-12 -6.812622517707880610e-12 3.553057174113893061e-12 3.085922350041476953e-12 -1.170545295259131458e-12 1.685290101688551732e-12 9.222028146142611817e-13 4.224153471712822430e-13 8.124438262556849149e-13 1.108044605146949630e-12 4.495028563499329864e-13 -3.992236070779510467e-13 -1.187389944364708710e-12 -9.012645765760913339e-13 -1.432027298817949478e-13 1.408153208569978223e-13 2.093884740723821598e-12 4.583183975838487842e-12 9.293927443764966092e-12 4.025346649539988315e-12 8.633417599012978457e-13 -8.905122005668551677e-13 -6.920670678807922335e-13
8.322081205440125463e-13 -5.433646672939242753e-12 -8.511662508632120763e-12 -1.414148838069637164e-12 -3.524440179383568102e-12 -5.413304846104769679e-12 -2.346085697297271454e-12 6.456554240519440838e-15 -1.580714412091750178e-12 -7.158875926864519381e-13 -1.146171787669546554e-12 6.324760075474905115e-13 -1.058533988519868473e-12 -4.102565207030695239e-13 -7.833869234088251947e-13 -3.085700325419525019e-13 -5.661170812772324845e-13 7.915531366683336728e-14 -4.639704713963138116e-13 -3.460123543468630484e-13 -1.017201516313074334e-13 4.025346649539988315e-12 8.728474033784531046e-12 3.699166613832381113e-12 -2.606646366363663126e-13 -2.448770180925731244e-13
-1.089293476365556772e-11 -2.944952204794059682e-12 -6.065146085097331504e-14 2.693150720636194244e-12 -1.263032877830506805e-12 -7.527532076430243365e-14 6.788070512168332954e-13 -2.925844034521512637e-13 -1.082161629214872189e-12 -1.964308736208402120e-12 -1.163991174608320935e-12 -9.917755496997052625e-13 -1.088571048417933548e-12 -5.507668377040839726e-13 1.109512102224376399e-13 6.272645507060766011e-14 -8.920666357984828482e-13 -8.150424697237853908e-13 -9.332027974722761020e-13 -8.460022640999052591e-13 -4.092514562320401545e-13 8.633417599012978457e-13 3.699166613832381113e-12 5.972216396594490667e-12 1.120670486024778094e-12 -3.378906691546723354e-13
-4.331167625510785496e-12 1.918927232157661894e-12 3.352529274354896097e-12 4.144543729399153856e-12 -1.435684921960778096e-12 -2.098562800504156382e-12 3.301609395052120778e-12 -6.628865605937967615e-13 9.102374947435365434e-13 -1.935788181285066858e-12 -8.761971050366686050e-13 -6.943898226799385528e-13 -4.016164809105521655e-13 -8.430074766926728707e-13 5.527687069514047679e-13 6.689797713118565220e-13 -5.629557667538346973e-13 -1.859203494902344021e-13 -2.594989328560063931e-13 -3.455842181390937351e-13 -7.588587721511573147e-13 -8.905122005668551677e-13 -2.606646366363663126e-13 1.120670486024778094e-12 3.844092206559311318e-12 8.349950299940134167e-13
-4.909597487161556271e-13 -3.533274302985385715e-12 -7.405675816991880129e-13 3.934277807786766090e-12 -1.810320744141055824e-12 -1.104999995952143873e-13 2.720858969590588563e-12 -3.205930969873890971e-13 -1.606930456856436642e-13 -7.049659660659972957e-13 -5.385414189054667953e-13 5.488251564280451120e-14 6.597092653455950632e-14 -9.079704305037827837e-13 -4.484828748538070521e-14 2.143076656117312213e-13 -5.374142297411418320e-13 -6.319512786065692439e-13 -1.226475799524757313e-12 -9.101817807169411484e-13 -7.412878533391616624e-13 -6.920670678807922335e-13 -2.448770180925731244e-13 -3.378906691546723354e-13 8.349950299940134167e-13 3.351313512817971976e-12
