1.743680038960278941e-09 -3.389788557829453006e-11 -2.176278436496809569e-11 -4.538996688723809730e-11 -1.812548056487469130e-11 -5.684184522965661068e-12 1.617675880542866271e-11 1.361164368730790796e-11 2.113459402419198734e-11 1.008270232422675493e-11 3.285607268177740872e-12 -7.617256757011502697e-12 1.167408037397518712e-11 2.190008980674410059e-11 6.581417823536929136e-12 -7.139582114281107030e-12 -4.159266988892894386e-12 -5.743499243339569056e-12 6.647113201414996003e-12 4.927503046525356650e-12 9.390329011955350307e-13 3.809608866264516043e-12 -7.537120132719761385e-12 -9.952427154212039831e-12 6.007586466329982833e-14 4.368938689891521637e-13
-3.389788557829453006e-11 1.416239050297466317e-09 1.091788118975660797e-10 2.336253100004455020e-12 -6.287197152185366183e-11 -6.502355184247993848e-11 -1.190818627673678832e-11 -3.422065090017088723e-11 -2.829671091056123992e-12 -3.234556091801957214e-12 -3.629447748624042367e-12 7.383651595088344564e-12 9.790120917859756373e-12 2.807914351533265684e-12 -1.226039894240662490e-11 -1.151950180250702224e-11 -1.846060792858440831e-12 -1.369354223271351122e-11 6.242565686241583700e-12 -4.388092460825341289e-12 -4.258039822569023818e-12 -4.846979492524497311e-13 1.388788428109566886e-12 2.719418241581113586e-12 5.685192076915104385e-12 -4.937676678897025700e-12
-2.176278436496809569e-11 1.091788118975660797e-10 7.979458930991828286e-10 6.591047387062721771e-11 2.455520913595848536e-11 3.373826059459533316e-11 1.751554713334841361e-12 1.147352696864895386e-11 1.829422480029146961e-11 6.557352648023950778e-12 1.159980876256533083e-11 -4.961117133475645688e-12 4.978104216944782291e-12 1.966082740042371525e-12 -5.558428398223315867e-12 -6.823015853827761895e-12 -3.593885089438613824e-12 -5.459213577855111388e-12 -6.028475947468334431e-12 -1.142570726305361266e-11 5.902585426625627179e-12 -2.045233390796216692e-12 7.410557107747837515e-12 4.260604508672636538e-12 -2.285217793148480124e-12 2.962921841835958301e-13
-4.538996688723809730e-11 2.336253100004455020e-12 6.591047387062721771e-11 5.832397691075942866e-10 1.716896729336091810e-11 -1.901560925637164096e-12 1.256647427997699500e-11 8.384688676192748331e-12 6.450201745453302729e-12 -7.546139005958353025e-12 -4.013631113661980723e-12 4.127043295290214981e-12 4.207134636017022599e-12 6.327715477113854941e-14 -8.236584131086251550e-12 -1.315106489241240059e-12 5.335380674741212241e-12 -4.316697910017952464e-12 4.707245659832889483e-12 -2.451330607338540164e-12 -7.879796652945684565e-13 -5.250747619724346117e-12 -3.225679830637316193e-12 -1.292468444498754111e-12 -5.282829702387333162e-12 -8.734616999942625129e-13
-1.812548056487469130e-11 -6.287197152185366183e-11 2.455520913595848536e-11 1.716896729336091810e-11 3.733677193697152578e-10 4.742230664704104711e-11 2.943394704309384334e-12 1.398290054506191010e-13 1.893745173584770435e-11 -2.895539644745386655e-12 -4.495591122259119345e-12 -9.689967645324392298e-12 -9.823421199665724971e-13 3.408061464829973063e-12 1.390200083706975179e-11 5.605738802941817378e-12 6.313113992503412997e-12 8.698388245644380173e-12 1.086895752668263032e-12 -3.197491872617979351e-12 2.581038077131681774e-12 5.447689056646685251e-13 -4.002837531757083854e-12 -1.058850982688286985e-12 -2.194757096956527849e-13 -1.717396947102450321e-12
-5.684184522965661068e-12 -6.502355184247993848e-11 3.373826059459533316e-11 -1.901560925637164096e-12 4.742230664704104711e-11 2.411630279503454729e-10 1.456746198034084080e-11 1.927618752570058872e-11 7.106003477920947813e-12 -2.069782438241356631e-11 -1.013996989874945518e-11 -2.398489714975922873e-12 -6.395995316874786936e-12 -5.160564728681277122e-12 7.895707845471238308e-12 8.983257664976821594e-12 5.948696180393665617e-12 4.971621518391165216e-12 4.826451666482936898e-12 -9.464329530708380729e-13 -3.618351806322293746e-12 -2.917146560096505541e-12 1.608481674741929038e-14 1.050343831994131291e-12 1.344406533694420028e-12 -3.091222221370387514e-12
1.617675880542866271e-11 -1.190818627673678832e-11 1.751554713334841361e-12 1.256647427997699500e-11 2.943394704309384334e-12 1.456746198034084080e-11 1.350020679320892252e-10 7.684709604881684791e-12 5.034760318989302612e-12 -3.695338145231120022e-12 1.231926248460569057e-12 1.359736810687979481e-13 -1.684212114742109156e-12 -3.055216567526369471e-12 -4.167554068741086477e-12 -5.722827582387608590e-12 -2.037648020397786365e-12 -1.218770159464016485e-12 -4.847475388743156357e-12 3.921150477588195307e-13 2.905774281585194238e-12 8.653639206547678408e-13 -3.740989389597819139e-13 -5.085999002290272013e-14 1.884112675658500053e-12 1.757503005139989910e-12
1.361164368730790796e-11 -3.422065090017088723e-11 1.147352696864895386e-11 8.384688676192748331e-12 1.398290054506191010e-13 1.927618752570058872e-11 7.684709604881684791e-12 1.074132526903482507e-10 1.050119524850467335e-11 6.742018648719935994e-12 -5.164471232065708136e-12 -4.206622946432074960e-12 -7.388256826039899365e-12 -1.773668627598891694e-12 1.540294070036213971e-12 -2.435045550484407615e-12 -1.651494239760162665e-12 5.266841680351509556e-12 4.249732754893798292e-12 2.383187927709503686e-12 -6.157311859446429860e-13 5.917170734410315764e-13 -2.488621010709882736e-13 6.950611533516747793e-13 -5.593151792364587461e-14 1.981343144286881732e-13
2.113459402419198734e-11 -2.829671091056123992e-12 1.829422480029146961e-11 6.450201745453302729e-12 1.893745173584770435e-11 7.106003477920947813e-12 5.034760318989302612e-12 1.050119524850467335e-11 7.681875499387163661e-11 1.246490137019065834e-11 9.434313003377115232e-12 3.620627874652934399e-12 2.894407890098435499e-13 4.526271942975834445e-12 3.169151612926536615e-12 1.823073373760583100e-12 1.579656479214347634e-12 1.869115136733877309e-12 1.426665061835619473e-12 -1.400440200278444173e-12 7.489709474143103793e-13 1.166487956620265553e-12 -6.530704810363558058e-13 -1.958669021407570772e-12 -1.408151332527267208e-12 7.499377633656392141e-13
1.008270232422675493e-11 -3.234556091801957214e-12 6.557352648023950778e-12 -7.546139005958353025e-12 -2.895539644745386655e-12 -2.069782438241356631e-11 -3.695338145231120022e-12 6.742018648719935994e-12 1.246490137019065834e-11 5.738048035230774432e-11 1.573370805385224807e-11 8.478641021666981638e-12 -1.565480571921649813e-12 -6.047857836347196795e-13 -2.471279677238268102e-12 -1.387885645006207012e-12 -1.498756073383878029e-12 -1.260630997514174860e-12 -1.496965055554467126e-12 -3.530391201606078748e-13 9.755467209166135619e-13 -5.222405922718296021e-13 -1.109743470342455620e-12 -8.698911601670021165e-13 -3.572107762067416986e-13 1.676422758279225116e-12
3.285607268177740872e-12 -3.629447748624042367e-12 1.159980876256533083e-11 -4.013631113661980723e-12 -4.495591122259119345e-12 -1.013996989874945518e-11 1.231926248460569057e-12 -5.164471232065708136e-12 9.434313003377115232e-12 1.573370805385224807e-11 4.217272989129466452e-11 1.211936916672000710e-11 8.428857965420354416e-12 6.006563671417281147e-12 -1.322032476276466338e-14 1.958107382093371145e-12 9.498600562212635373e-13 1.041626780415253830e-12 -1.962833258905224815e-12 -1.875327596703781058e-12 -8.302512889926544406e-13 -1.422261482058552375e-12 -1.015853109207047839e-12 -1.037626255309619465e-13 -9.540154144723230967e-13 4.216627980317428099e-14
-7.617256757011502697e-12 7.383651595088344564e-12 -4.961117133475645688e-12 4.127043295290214981e-12 -9.689967645324392298e-12 -2.398489714975922873e-12 1.359736810687979481e-13 -4.206622946432074960e-12 3.620627874652934399e-12 8.478641021666981638e-12 1.211936916672000710e-11 3.305241270148040617e-11 1.208729185585550265e-11 8.145584093060798862e-12 1.190010219129475387e-12 8.891911800932777259e-13 -1.324071869102196480e-12 -5.021028817307218880e-13 -2.483390803127086473e-12 -2.843743235374101810e-13 1.216002232046398068e-13 1.864285218173354535e-13 8.410238609450375644e-13 4.409106071708835889e-13 2.138935283052942759e-13 4.403206735093134245e-13
1.167408037397518712e-11 9.790120917859756373e-12 4.978104216944782291e-12 4.207134636017022599e-12 -9.823421199665724971e-13 -6.395995316874786936e-12 -1.684212114742109156e-12 -7.388256826039899365e-12 2.894407890098435499e-13 -1.565480571921649813e-12 8.428857965420354416e-12 1.208729185585550265e-11 3.089452442949834998e-11 1.385175073944451001e-11 4.511902120862841833e-12 4.904753015197404271e-12 1.992053476406720864e-13 -9.774917690124312477e-13 -2.029140115087183505e-12 -3.836741182037783957e-13 -1.665856804965105636e-13 -3.746788349411457650e-13 -1.180027264259075461e-13 -3.375981980449548522e-13 -4.919409945929121804e-13 -5.771373147196465462e-13
2.190008980674410059e-11 2.807914351533265684e-12 1.966082740042371525e-12 6.327715477113854941e-14 3.408061464829973063e-12 -5.160564728681277122e-12 -3.055216567526369471e-12 -1.773668627598891694e-12 4.526271942975834445e-12 -6.047857836347196795e-13 6.006563671417281147e-12 8.145584093060798862e-12 1.385175073944451001e-11 2.609546264020597988e-11 8.434497475740676638e-12 5.575256669399077994e-12 9.007252364566406188e-13 2.050297850200444915e-12 1.724230777362872578e-12 9.867411005826997922e-13 -4.891126581774903075e-13 -3.612135854849285880e-13 3.112672696900758059e-13 4.185505135136102415e-13 -3.404909412639618679e-13 3.024821107761867512e-13
6.581417823536929136e-12 -1.226039894240662490e-11 -5.558428398223315867e-12 -8.236584131086251550e-12 1.390200083706975179e-11 7.895707845471238308e-12 -4.167554068741086477e-12 1.540294070036213971e-12 3.169151612926536615e-12 -2.471279677238268102e-12 -1.322032476276466338e-14 1.190010219129475387e-12 4.511902120862841833e-12 8.434497475740676638e-12 1.717305367576541340e-11 7.651270445686213351e-12 4.045082044864727389e-12 3.806497851705034477e-12 2.829774140830843809e-12 7.943238357320214848e-13 -4.325702654176291379e-13 9.310420677864410352e-13 1.263948654157831537e-12 2.834087733248689894e-13 -5.766575852453536522e-13 -2.199019435351523448e-13
-7.139582114281107030e-12 -1.151950180250702224e-11 -6.823015853827761895e-12 -1.315106489241240059e-12 5.605738802941817378e-12 8.983257664976821594e-12 -5.722827582387608590e-12 -2.435045550484407615e-12 1.823073373760583100e-12 -1.387885645006207012e-12 1.958107382093371145e-12 8.891911800932777259e-13 4.904753015197404271e-12 5.575256669399077994e-12 7.651270445686213351e-12 1.638518742032773585e-11 6.841127673627960832e-12 2.171748056250030089e-12 8.122594092383253439e-13 8.424442341577264655e-13 1.960756789899017325e-13 4.161716762499044669e-14 6.158039556986974737e-13 3.609116588497804207e-13 -4.452580192430323914e-13 -2.446536737157605719e-13
-4.159266988892894386e-12 -1.846060792858440831e-12 -3.593885089438613824e-12 5.335380674741212241e-12 6.313113992503412997e-12 5.948696180393665617e-12 -2.037648020397786365e-12 -1.651494239760162665e-12 1.579656479214347634e-12 -1.498756073383878029e-12 9.498600562212635373e-13 -1.324071869102196480e-12 1.992053476406720864e-13 9.007252364566406188e-13 4.045082044864727389e-12 6.841127673627960832e-12 1.302413028552807001e-11 5.207942808931132608e-12 1.981486188183533198e-12 1.485082761720673026e-12 -1.866176614491444589e-13 -3.334303261320429243e-13 3.365140024349240545e-13 5.031543282710829852e-14 4.572158094393998768e-13 -1.740917669597751212e-13
-5.743499243339569056e-12 -1.369354223271351122e-11 -5.459213577855111388e-12 -4.316697910017952464e-12 8.698388245644380173e-12 4.971621518391165216e-12 -1.218770159464016485e-12 5.266841680351509556e-12 1.869115136733877309e-12 -1.260630997514174860e-12 1.041626780415253830e-12 -5.021028817307218880e-13 -9.774917690124312477e-13 2.050297850200444915e-12 3.806497851705034477e-12 2.171748056250030089e-12 5.207942808931132608e-12 1.260086101924230501e-11 6.606877657105063905e-12 2.671569012852763785e-12 1.577275192510383794e-12 6.296169191863788045e-13 1.438288543111920167e-13 2.847884937347402041e-13 -3.084875226401264302e-13 -4.936020755262781509e-14
6.647113201414996003e-12 6.242565686241583700e-12 -6.028475947468334431e-12 4.707245659832889483e-12 1.086895752668263032e-12 4.826451666482936898e-12 -4.847475388743156357e-12 4.249732754893798292e-12 1.426665061835619473e-12 -1.496965055554467126e-12 -1.962833258905224815e-12 -2.483390803127086473e-12 -2.029140115087183505e-12 1.724230777362872578e-12 2.829774140830843809e-12 8.122594092383253439e-13 1.981486188183533198e-12 6.606877657105063905e-12 1.328837506325759278e-11 6.316534161898872668e-12 3.055358366559245354e-12 1.761362460178991470e-12 3.704530190988983377e-13 1.863499640125951577e-13 -4.975891673204527006e-13 -9.230525588721367441e-13
4.927503046525356650e-12 -4.388092460825341289e-12 -1.142570726305361266e-11 -2.451330607338540164e-12 -3.197491872617979351e-12 -9.464329530708380729e-13 3.921150477588195307e-13 2.383187927709503686e-12 -1.400440200278444173e-12 -3.530391201606078748e-13 -1.875327596703781058e-12 -2.843743235374101810e-13 -3.836741182037783957e-13 9.867411005826997922e-13 7.943238357320214848e-13 8.424442341577264655e-13 1.485082761720673026e-12 2.671569012852763785e-12 6.316534161898872668e-12 1.112545251363973801e-11 4.993304028410649479e-12 2.478114523429085079e-12 -4.340043464679943257e-13 -6.463385733966883353e-13 -3.699337334624186487e-13 -5.354744886009528635e-13
9.390329011955350307e-13 -4.258039822569023818e-12 5.902585426625627179e-12 -7.879796652945684565e-13 2.581038077131681774e-12 -3.618351806322293746e-12 2.905774281585194238e-12 -6.157311859446429860e-13 7.489709474143103793e-13 9.755467209166135619e-13 -8.302512889926544406e-13 1.216002232046398068e-13 -1.665856804965105636e-13 -4.891126581774903075e-13 -4.325702654176291379e-13 1.960756789899017325e-13 -1.866176614491444589e-13 1.577275192510383794e-12 3.055358366559245354e-12 4.993304028410649479e-12 9.909542053927771993e-12 4.266714540070338440e-12 4.537415240665451218e-13 -8.679525220362245838e-14 -5.591353796032453004e-13 -7.936587956931180248e-13
3.809608866264516043e-12 -4.846979492524497311e-13 -2.045233390796216692e-12 -5.250747619724346117e-12 5.447689056646685251e-13 -2.917146560096505541e-12 8.653639206547678408e-13 5.917170734410315764e-13 1.166487956620265553e-12 -5.222405922718296021e-13 -1.422261482058552375e-12 1.864285218173354535e-13 -3.746788349411457650e-13 -3.612135854849285880e-13 9.310420677864410352e-13 4.161716762499044669e-14 -3.334303261320429243e-13 6.296169191863788045e-13 1.761362460178991470e-12 2.478114523429085079e-12 4.266714540070338440e-12 7.081562871014091694e-12 2.762287503960084074e-12 1.554820802237893012e-13 -2.056711939422142304e-13 -8.217705508750480921e-13
-7.537120132719761385e-12 1.388788428109566886e-12 7.410557107747837515e-12 -3.225679830637316193e-12 -4.002837531757083854e-12 1.608481674741929038e-14 -3.740989389597819139e-13 -2.488621010709882736e-13 -6.530704810363558058e-13 -1.109743470342455620e-12 -1.015853109207047839e-12 8.410238609450375644e-13 -1.180027264259075461e-13 3.112672696900758059e-13 1.263948654157831537e-12 6.158039556986974737e-13 3.365140024349240545e-13 1.438288543111920167e-13 3.704530190988983377e-13 -4.340043464679943257e-13 4.537415240665451218e-13 2.762287503960084074e-12 6.121963282237936756e-12 1.576731157572868946e-12 2.385472989446506575e-13 -2.966142097079387746e-13
-9.952427154212039831e-12 2.719418241581113586e-12 4.260604508672636538e-12 -1.292468444498754111e-12 -1.058850982688286985e-12 1.050343831994131291e-12 -5.085999002290272013e-14 6.950611533516747793e-13 -1.958669021407570772e-12 -8.698911601670021165e-13 -1.037626255309619465e-13 4.409106071708835889e-13 -3.375981980449548522e-13 4.185505135136102415e-13 2.834087733248689894e-13 3.609116588497804207e-13 5.031543282710829852e-14 2.847884937347402041e-13 1.863499640125951577e-13 -6.463385733966883353e-13 -8.679525220362245838e-14 1.554820802237893012e-13 1.576731157572868946e-12 4.233554860665283765e-12 1.156682046910335259e-12 -1.523973338145512965e-13
6.007586466329982833e-14 5.685192076915104385e-12 -2.285217793148480124e-12 -5.282829702387333162e-12 -2.194757096956527849e-13 1.344406533694420028e-12 1.884112675658500053e-12 -5.593151792364587461e-14 -1.408151332527267208e-12 -3.572107762067416986e-13 -9.540154144723230967e-13 2.138935283052942759e-13 -4.919409945929121804e-13 -3.404909412639618679e-13 -5.766575852453536522e-13 -4.452580192430323914e-13 4.572158094393998768e-13 -3.084875226401264302e-13 -4.975891673204527006e-13 -3.699337334624186487e-13 -5.591353796032453004e-13 -2.056711939422142304e-13 2.385472989446506575e-13 1.156682046910335259e-12 3.310169028196301883e-12 2.733769951645951432e-13
4.368938689891521637e-13 -4.937676678897025700e-12 2.962921841835958301e-13 -8.734616999942625129e-13 -1.717396947102450321e-12 -3.091222221370387514e-12 1.757503005139989910e-12 1.981343144286881732e-13 7.499377633656392141e-13 1.676422758279225116e-12 4.216627980317428099e-14 4.403206735093134245e-13 -5.771373147196465462e-13 3.024821107761867512e-13 -2.199019435351523448e-13 -2.446536737157605719e-13 -1.740917669597751212e-13 -4.936020755262781509e-14 -9.230525588721367441e-13 -5.354744886009528635e-13 -7.936587956931180248e-13 -8.217705508750480921e-13 -2.966142097079387746e-13 -1.523973338145512965e-13 2.733769951645951432e-13 2.273774507806321632e-12
