2.049361740125040282e-09 2.617465538948413708e-10 1.744135500832417079e-10 2.089115606386897398e-11 9.075447548923386817e-11 4.569403714754976038e-11 -5.003057880401819015e-11 3.805166225470690682e-12 3.411233211784997309e-12 1.677656250221113979e-11 -5.315011774903307113e-13 -3.259109149958937660e-11 -2.678169160814625327e-11 4.826495985431135448e-12 -7.513302939746035261e-12 7.816213351029043568e-12 -2.335906930191857086e-11 3.200002765649567403e-12 8.688592945210433538e-12 1.276980433864448400e-11 1.478036179123765484e-11 1.868440713569340716e-11 9.398213447591811240e-12 4.923611915337445740e-12 -2.104777707217394121e-12 7.555789942294190421e-13
2.617465538948413708e-10 1.242175530754284584e-09 1.631164875845592485e-11 -9.371182087124645849e-12 3.026297497085449054e-11 2.002126052239369177e-11 1.316869691276469462e-11 -4.918020796381980398e-12 -3.369759076565430023e-11 -8.230589247284666086e-12 -2.166472204928285034e-11 -8.567209514135329937e-12 -1.726532547409306039e-11 1.653888983143319640e-13 -7.004262546691098363e-12 -7.901856190490089123e-13 -1.275889473550697160e-11 -6.993977751651907517e-12 2.319209533009750318e-13 3.332652473428992324e-12 -6.223403097245720084e-12 2.856320979428866614e-12 4.059842386592010608e-13 3.733679852264429762e-12 8.787886673150684995e-13 4.078320938795369756e-12
1.744135500832417079e-10 1.631164875845592485e-11 8.353919814428711783e-10 7.546928868901853626e-11 6.382375899932724133e-11 3.640246371085506097e-11 -2.103290448117084283e-11 -1.173001876937889721e-11 -2.861680764387913264e-11 -2.252225190140925522e-11 -1.742189853551566588e-12 -1.616298352626928106e-11 1.202574909647185336e-12 -1.141347567734064959e-11 -7.516580444684558461e-15 6.311897090617625684e-12 1.617365534286140033e-12 -2.909892210017399042e-12 2.172618699323956597e-13 1.185107273201546364e-11 1.021809542566550844e-11 6.015797187672604347e-12 2.988207850467229433e-13 -8.346480303391267811e-13 -4.497597340856308679e-13 -2.217256674486987557e-12
2.089115606386897398e-11 -9.371182087124645849e-12 7.546928868901853626e-11 5.208110439436621155e-10 3.741672080167301700e-11 4.039467887762980371e-11 1.153723401548982211e-11 2.707726418937519954e-12 -1.319314889433913006e-11 1.266463653666788828e-11 1.818042964488753562e-11 -1.947146759524671562e-13 1.462503744550766791e-11 2.088995991973522192e-11 1.162374755635729440e-11 1.567017474926017901e-11 1.216856319067423757e-11 5.822229594242147715e-12 1.878709099172733019e-12 1.722763502155700554e-12 -4.669806282823024031e-12 3.238349510922009952e-12 1.500418306007321913e-13 -3.822607282096859526e-12 7.559942202356381952e-13 1.524744697483563410e-12
9.075447548923386817e-11 3.026297497085449054e-11 6.382375899932724133e-11 3.741672080167301700e-11 3.315297542126064505e-10 1.153120916740510916e-11 5.937238720653991370e-12 -1.138196011593447225e-11 -9.820542905376140569e-12 6.936350689602864791e-12 -6.522761701708010975e-12 3.847061294418484020e-12 5.159570321203529958e-12 -2.484277981315796137e-13 5.867262796871627342e-13 9.319222086178089793e-12 1.608147173993578228e-12 -5.488942000133376592e-12 -3.632014053045926509e-12 7.580285213635929682e-12 7.717458365368964458e-13 5.089886797812963950e-12 5.920580427863729618e-12 -3.371079038012896873e-13 -1.527909587207594545e-12 1.525047224696385197e-12
4.569403714754976038e-11 2.002126052239369177e-11 3.640246371085506097e-11 4.039467887762980371e-11 1.153120916740510916e-11 2.473549415313057653e-10 1.199526623977655805e-11 8.385041860928075571e-12 5.720741394609065753e-12 9.326056083309863404e-12 1.509495112929935268e-11 1.205839658022856103e-11 1.839423542393366521e-12 3.236365422647339663e-12 3.459555783796874607e-12 2.509596285033368827e-12 2.681421038349116138e-12 -1.516856404551090582e-12 -2.198362004885676330e-12 4.329324777511611049e-12 5.803987562602560700e-13 -2.648221566030034756e-12 1.504206500339236451e-13 -6.893408609579285048e-13 9.043533776254522894e-13 -2.879488941336456688e-13
-5.003057880401819015e-11 1.316869691276469462e-11 -2.103290448117084283e-11 1.153723401548982211e-11 5.937238720653991370e-12 1.199526623977655805e-11 1.447204778595643228e-10 1.447210836430224044e-11 -3.111986117073572411e-13 1.612559965074026250e-12 4.433035092402075725e-13 6.136182299801601787e-12 2.543870868051288090e-12 -3.292294803708555471e-12 -1.976632769025405365e-13 2.772105301680464773e-12 2.138669341391550593e-12 1.437112402542290837e-12 1.063871677827457771e-12 2.903110188099190414e-12 2.035988580846244056e-12 1.613378953725739556e-12 -6.476546269646721108e-13 5.257355492041874206e-13 1.316884280906993211e-14 -7.840896329743830266e-13
3.805166225470690682e-12 -4.918020796381980398e-12 -1.173001876937889721e-11 2.707726418937519954e-12 -1.138196011593447225e-11 8.385041860928075571e-12 1.447210836430224044e-11 1.048983434691359635e-10 1.272032446241479577e-11 8.279304077812237178e-12 4.946907487197857070e-12 3.875275674517210411e-12 5.461712155598978961e-12 5.639520037596157128e-12 1.725039171249151145e-12 2.273138666584962571e-12 1.275920318520106860e-12 -1.005542067343942963e-12 4.302857435873076533e-12 -2.692926142066501976e-12 -4.169693630868389487e-12 -1.496226225833170825e-12 1.982730922961761643e-12 1.913157713511213043e-13 -1.341558046214090137e-12 -6.918691611138456065e-13
3.411233211784997309e-12 -3.369759076565430023e-11 -2.861680764387913264e-11 -1.319314889433913006e-11 -9.820542905376140569e-12 5.720741394609065753e-12 -3.111986117073572411e-13 1.272032446241479577e-11 7.654716122997610718e-11 1.568434472127615980e-11 1.394982116645842344e-11 2.256155214805770415e-12 3.815015408811158788e-12 -2.766909079614789183e-12 -2.007428969929278815e-13 -3.891252333760542775e-12 -7.450751734431552441e-13 5.272293617046541297e-13 1.097403162720478123e-12 -2.453619805086242392e-12 -7.672175088256930160e-13 -2.316567604613157924e-12 2.024331259757446672e-13 -3.466435961750119690e-13 -9.394437699107741507e-13 -6.493210237539811391e-13
1.677656250221113979e-11 -8.230589247284666086e-12 -2.252225190140925522e-11 1.266463653666788828e-11 6.936350689602864791e-12 9.326056083309863404e-12 1.612559965074026250e-12 8.279304077812237178e-12 1.568434472127615980e-11 7.084408148050181981e-11 2.025816561599957034e-11 1.196401042419020702e-11 1.709992861378878559e-12 3.441396172765561074e-12 1.678329483767797715e-12 2.903848582710447734e-12 -6.986694584052950992e-13 2.565976180734226589e-12 1.555925671253009900e-12 1.556533741342058832e-12 -6.581523908479854005e-13 -6.932402115835928366e-13 6.537772516244577119e-13 -2.930342324837707902e-14 4.302550414289747139e-13 -1.801355254032660426e-13
-5.315011774903307113e-13 -2.166472204928285034e-11 -1.742189853551566588e-12 1.818042964488753562e-11 -6.522761701708010975e-12 1.509495112929935268e-11 4.433035092402075725e-13 4.946907487197857070e-12 1.394982116645842344e-11 2.025816561599957034e-11 5.144787434679232592e-11 1.443877559719773653e-11 6.815038813048178943e-12 9.206681956646067873e-13 7.305582117131186406e-13 -3.896596918959822981e-13 -1.407660530929704989e-12 3.150514149717320057e-13 -2.069558134893711060e-12 -8.729383811047759720e-13 -1.315585833905955241e-12 -8.639777113752835837e-13 -1.539057227072253609e-13 -1.305989179203607574e-12 -4.304612213051748085e-13 1.082961865163580265e-12
-3.259109149958937660e-11 -8.567209514135329937e-12 -1.616298352626928106e-11 -1.947146759524671562e-13 3.847061294418484020e-12 1.205839658022856103e-11 6.136182299801601787e-12 3.875275674517210411e-12 2.256155214805770415e-12 1.196401042419020702e-11 1.443877559719773653e-11 3.287466257909168713e-11 1.013741689431762145e-11 6.914075026893144514e-12 3.571709663041030386e-12 2.160661312801593519e-12 9.931255230316646340e-13 9.892876545012562537e-14 -8.776641445448621928e-13 6.065644691340544423e-14 -2.820330114995608779e-12 -1.850178941831808645e-12 2.144430722797419367e-13 -2.146101204856896282e-13 -8.157441066771401984e-13 -6.659764388804010852e-13
-2.678169160814625327e-11 -1.726532547409306039e-11 1.202574909647185336e-12 1.462503744550766791e-11 5.159570321203529958e-12 1.839423542393366521e-12 2.543870868051288090e-12 5.461712155598978961e-12 3.815015408811158788e-12 1.709992861378878559e-12 6.815038813048178943e-12 1.013741689431762145e-11 2.672708305761535005e-11 1.173151029596847571e-11 5.401501282461033704e-12 2.261250132370644097e-12 2.432303483721165564e-12 7.893536779541329468e-14 -1.045105198454476470e-12 -3.511137110415205640e-13 -1.865791299418599277e-12 -1.341081397090132063e-12 3.482658497246499481e-13 -2.488599998985829937e-13 -6.692736816951658858e-13 5.985075178925772349e-14
4.826495985431135448e-12 1.653888983143319640e-13 -1.141347567734064959e-11 2.088995991973522192e-11 -2.484277981315796137e-13 3.236365422647339663e-12 -3.292294803708555471e-12 5.639520037596157128e-12 -2.766909079614789183e-12 3.441396172765561074e-12 9.206681956646067873e-13 6.914075026893144514e-12 1.173151029596847571e-11 2.721938852737251470e-11 8.856924013466195506e-12 3.904854883610199993e-12 1.753327502022580930e-12 -9.662843911108421987e-13 3.960600425035391405e-14 -1.222965192101249952e-12 -1.681445596304829667e-12 -7.385876971249128206e-13 6.963832987724447797e-13 -8.180646125786931155e-13 -8.096352499194257783e-13 3.830831446069166213e-13
-7.513302939746035261e-12 -7.004262546691098363e-12 -7.516580444684558461e-15 1.162374755635729440e-11 5.867262796871627342e-13 3.459555783796874607e-12 -1.976632769025405365e-13 1.725039171249151145e-12 -2.007428969929278815e-13 1.678329483767797715e-12 7.305582117131186406e-13 3.571709663041030386e-12 5.401501282461033704e-12 8.856924013466195506e-12 2.042036930912684164e-11 8.366880827657232960e-12 3.256871282750457737e-12 1.508367424598165000e-12 -8.834412146234186899e-13 3.378547415996746095e-13 -7.220693480572419315e-13 -1.304599413253247272e-14 3.504529250895220139e-13 -3.675463551028015159e-13 4.476369353869045699e-14 1.943912563215997530e-13
7.816213351029043568e-12 -7.901856190490089123e-13 6.311897090617625684e-12 1.567017474926017901e-11 9.319222086178089793e-12 2.509596285033368827e-12 2.772105301680464773e-12 2.273138666584962571e-12 -3.891252333760542775e-12 2.903848582710447734e-12 -3.896596918959822981e-13 2.160661312801593519e-12 2.261250132370644097e-12 3.904854883610199993e-12 8.366880827657232960e-12 1.543123995872361674e-11 6.254690739091980074e-12 1.265354618582509957e-12 -4.339884019521156877e-13 -6.757855687840022101e-13 -8.709373915578820224e-14 1.106222759248500116e-12 6.662475613237329575e-14 -1.193972164656880765e-12 -2.015394219688221805e-13 3.309600577792169547e-13
-2.335906930191857086e-11 -1.275889473550697160e-11 1.617365534286140033e-12 1.216856319067423757e-11 1.608147173993578228e-12 2.681421038349116138e-12 2.138669341391550593e-12 1.275920318520106860e-12 -7.450751734431552441e-13 -6.986694584052950992e-13 -1.407660530929704989e-12 9.931255230316646340e-13 2.432303483721165564e-12 1.753327502022580930e-12 3.256871282750457737e-12 6.254690739091980074e-12 1.613660880959699385e-11 6.076579063299427054e-12 4.296034357000528892e-13 -2.550247262227825265e-13 3.206698246112174237e-13 3.188351482535516687e-14 7.799510520514316470e-14 -1.156936202776593631e-12 2.881681774210307583e-13 4.985611881760042952e-13
3.200002765649567403e-12 -6.993977751651907517e-12 -2.909892210017399042e-12 5.822229594242147715e-12 -5.488942000133376592e-12 -1.516856404551090582e-12 1.437112402542290837e-12 -1.005542067343942963e-12 5.272293617046541297e-13 2.565976180734226589e-12 3.150514149717320057e-13 9.892876545012562537e-14 7.893536779541329468e-14 -9.662843911108421987e-13 1.508367424598165000e-12 1.265354618582509957e-12 6.076579063299427054e-12 1.254947643575919832e-11 3.771446041122917983e-12 1.082605665050754892e-12 5.312487442919567466e-13 2.091273362156098102e-13 -6.851220660983740921e-13 -4.775480579355511531e-13 3.429002527832070703e-13 -7.603990430665571897e-14
8.688592945210433538e-12 2.319209533009750318e-13 2.172618699323956597e-13 1.878709099172733019e-12 -3.632014053045926509e-12 -2.198362004885676330e-12 1.063871677827457771e-12 4.302857435873076533e-12 1.097403162720478123e-12 1.555925671253009900e-12 -2.069558134893711060e-12 -8.776641445448621928e-13 -1.045105198454476470e-12 3.960600425035391405e-14 -8.834412146234186899e-13 -4.339884019521156877e-13 4.296034357000528892e-13 3.771446041122917983e-12 9.164868804904762613e-12 3.328732394513148091e-12 1.436318781589597613e-12 6.148250811425499295e-13 -4.989778781748236442e-13 1.254469304116127221e-13 -4.666079975531433283e-13 5.992279784325149510e-14
1.276980433864448400e-11 3.332652473428992324e-12 1.185107273201546364e-11 1.722763502155700554e-12 7.580285213635929682e-12 4.329324777511611049e-12 2.903110188099190414e-12 -2.692926142066501976e-12 -2.453619805086242392e-12 1.556533741342058832e-12 -8.729383811047759720e-13 6.065644691340544423e-14 -3.511137110415205640e-13 -1.222965192101249952e-12 3.378547415996746095e-13 -6.757855687840022101e-13 -2.550247262227825265e-13 1.082605665050754892e-12 3.328732394513148091e-12 1.111217464907994509e-11 3.780214489781012204e-12 1.268166126835780777e-12 -5.559278040090000589e-14 5.559564380464054519e-13 5.069974621547339943e-13 6.228569924513932478e-14
1.478036179123765484e-11 -6.223403097245720084e-12 1.021809542566550844e-11 -4.669806282823024031e-12 7.717458365368964458e-13 5.803987562602560700e-13 2.035988580846244056e-12 -4.169693630868389487e-12 -7.672175088256930160e-13 -6.581523908479854005e-13 -1.315585833905955241e-12 -2.820330114995608779e-12 -1.865791299418599277e-12 -1.681445596304829667e-12 -7.220693480572419315e-13 -8.709373915578820224e-14 3.206698246112174237e-13 5.312487442919567466e-13 1.436318781589597613e-12 3.780214489781012204e-12 9.121760159382291034e-12 3.467870148637124147e-12 -3.063439882120343499e-13 1.499013027048693665e-14 3.383930874776321458e-13 1.660906263001556957e-13
1.868440713569340716e-11 2.856320979428866614e-12 6.015797187672604347e-12 3.238349510922009952e-12 5.089886797812963950e-12 -2.648221566030034756e-12 1.613378953725739556e-12 -1.496226225833170825e-12 -2.316567604613157924e-12 -6.932402115835928366e-13 -8.639777113752835837e-13 -1.850178941831808645e-12 -1.341081397090132063e-12 -7.385876971249128206e-13 -1.304599413253247272e-14 1.106222759248500116e-12 3.188351482535516687e-14 2.091273362156098102e-13 6.148250811425499295e-13 1.268166126835780777e-12 3.467870148637124147e-12 5.603021534258507148e-12 9.497756747555704973e-13 7.854970242142243961e-14 -4.358636365854988615e-14 2.984927232601287077e-13
9.398213447591811240e-12 4.059842386592010608e-13 2.988207850467229433e-13 1.500418306007321913e-13 5.920580427863729618e-12 1.504206500339236451e-13 -6.476546269646721108e-13 1.982730922961761643e-12 2.024331259757446672e-13 6.537772516244577119e-13 -1.539057227072253609e-13 2.144430722797419367e-13 3.482658497246499481e-13 6.963832987724447797e-13 3.504529250895220139e-13 6.662475613237329575e-14 7.799510520514316470e-14 -6.851220660983740921e-13 -4.989778781748236442e-13 -5.559278040090000589e-14 -3.063439882120343499e-13 9.497756747555704973e-13 3.982778858629926319e-12 6.089210631047734369e-13 -6.778036152097499473e-14 1.889473131247746878e-13
4.923611915337445740e-12 3.733679852264429762e-12 -8.346480303391267811e-13 -3.822607282096859526e-12 -3.371079038012896873e-13 -6.893408609579285048e-13 5.257355492041874206e-13 1.913157713511213043e-13 -3.466435961750119690e-13 -2.930342324837707902e-14 -1.305989179203607574e-12 -2.146101204856896282e-13 -2.488599998985829937e-13 -8.180646125786931155e-13 -3.675463551028015159e-13 -1.193972164656880765e-12 -1.156936202776593631e-12 -4.775480579355511531e-13 1.254469304116127221e-13 5.559564380464054519e-13 1.499013027048693665e-14 7.854970242142243961e-14 6.089210631047734369e-13 2.944769629138677397e-12 2.204473624905220085e-13 -2.743279789914595217e-13
-2.104777707217394121e-12 8.787886673150684995e-13 -4.497597340856308679e-13 7.559942202356381952e-13 -1.527909587207594545e-12 9.043533776254522894e-13 1.316884280906993211e-14 -1.341558046214090137e-12 -9.394437699107741507e-13 4.302550414289747139e-13 -4.304612213051748085e-13 -8.157441066771401984e-13 -6.692736816951658858e-13 -8.096352499194257783e-13 4.476369353869045699e-14 -2.015394219688221805e-13 2.881681774210307583e-13 3.429002527832070703e-13 -4.666079975531433283e-13 5.069974621547339943e-13 3.383930874776321458e-13 -4.358636365854988615e-14 -6.778036152097499473e-14 2.204473624905220085e-13 1.958190461550094162e-12 8.461784249911788031e-14
7.555789942294190421e-13 4.078320938795369756e-12 -2.217256674486987557e-12 1.524744697483563410e-12 1.525047224696385197e-12 -2.879488941336456688e-13 -7.840896329743830266e-13 -6.918691611138456065e-13 -6.493210237539811391e-13 -1.801355254032660426e-13 1.082961865163580265e-12 -6.659764388804010852e-13 5.985075178925772349e-14 3.830831446069166213e-13 1.943912563215997530e-13 3.309600577792169547e-13 4.985611881760042952e-13 -7.603990430665571897e-14 5.992279784325149510e-14 6.228569924513932478e-14 1.660906263001556957e-13 2.984927232601287077e-13 1.889473131247746878e-13 -2.743279789914595217e-13 8.461784249911788031e-14 1.591612066225213442e-12
