1.742423855530144578e-09 1.368438127675997166e-10 -3.185609854649701805e-11 -1.071187002109039531e-10 -3.424322448788747771e-11 1.407801151746986770e-11 7.279262547583203950e-11 4.182083630904574227e-11 5.215735202287383205e-11 2.184752729398922580e-11 -9.572435510924546259e-12 -7.050710602907131813e-12 -2.202464760886839044e-11 -8.144382467002828634e-12 -2.355126848722178904e-11 -1.825937206816757898e-11 -1.866047091955045949e-11 -5.921517315719731528e-12 3.442903697140702706e-12 1.326288448066584458e-11 2.375123481690305525e-12 5.690442532844258336e-12 1.366562656737370277e-11 1.891036783551147345e-12 -4.553418759719710546e-12 -5.736708947056229291e-12
1.368438127675997166e-10 1.070242747224125034e-09 6.595193122328733705e-11 1.049204129110914973e-10 5.361012038449148918e-12 -1.119836014709740025e-12 6.409345658487076509e-12 1.299389400052965042e-12 -1.207159819119180213e-12 3.377746923951486033e-12 1.485378694225094548e-11 -5.833525863593959405e-12 5.613075216368641948e-12 8.079026556710866010e-12 -2.472515023234272725e-12 -5.005801681456928739e-12 -7.141939928087341086e-12 -3.400879112432285328e-12 -3.399008682240028483e-12 8.883989090544928042e-12 7.870717705530919836e-13 -7.496269848497641532e-12 -1.118972407572982900e-11 -5.306825577652013126e-12 1.267497976594784474e-12 6.868297494465644408e-13
-3.185609854649701805e-11 6.595193122328733705e-11 7.350301680727875905e-10 8.718770840431408957e-11 3.129027620753886641e-11 2.482848741157026220e-11 -1.354684901563580537e-11 -1.654262771866636131e-11 1.114713880281974018e-11 3.569486394420253089e-12 -4.068052163382865715e-12 1.108909871224104374e-12 1.042608701142333037e-13 -7.070166345136376985e-14 -6.493870213940880971e-12 6.043749282662916736e-12 1.232472075909495953e-11 7.832975383693983244e-13 3.802096186185861580e-12 -3.892439659555347414e-12 -4.956503281501165446e-12 -4.178848632115482476e-12 -3.233648025558316349e-12 -6.201620243872537562e-13 -2.015732932811278173e-12 -2.188196762697892920e-12
-1.071187002109039531e-10 1.049204129110914973e-10 8.718770840431408957e-11 5.413096277144052254e-10 5.582741962316269798e-12 2.559172304053500853e-11 1.864810536541660607e-11 -1.192359086217766349e-11 3.299167567614424379e-12 1.960731598175626241e-11 5.532260336916982151e-12 3.161783620176901251e-12 2.392884687818586995e-12 1.082233692481394449e-11 -2.497420935401412707e-12 6.768511490468119781e-12 1.640412832179351043e-12 4.752086076619404116e-13 3.658963524796407351e-12 6.248009473509501165e-12 4.610066355609860839e-12 -4.161780364330256528e-12 3.429088557829505476e-12 3.309391600102905239e-12 5.877394763095823470e-12 5.312783729594755695e-12
-3.424322448788747771e-11 5.361012038449148918e-12 3.129027620753886641e-11 5.582741962316269798e-12 2.827141660137523297e-10 4.899920259315157517e-11 1.669331383922880089e-11 3.177042660383158907e-11 4.379599668578204572e-12 8.869862283737862657e-13 -1.690970481053093339e-12 -1.463935884290945351e-11 -2.124816482299077482e-12 -1.588835927940420882e-12 2.383805994905275691e-12 1.461305765161695088e-12 1.904595237751995101e-12 7.387877431600078901e-12 6.926738710181126473e-12 3.726253309795616689e-12 -1.449742251494387732e-12 -9.849189720543607619e-14 -1.340603042950879185e-14 1.452225650180529620e-12 -3.891733592859002355e-13 -1.245688832255876917e-12
1.407801151746986770e-11 -1.119836014709740025e-12 2.482848741157026220e-11 2.559172304053500853e-11 4.899920259315157517e-11 2.678986202046333474e-10 1.535004271091691590e-11 1.313104333587520812e-11 -3.350096078382808115e-13 -1.905965021462092138e-12 9.905131328015272635e-13 4.975953984794217391e-12 7.959648218280419803e-12 -4.068303133675830266e-12 7.376023822423654797e-12 7.580380581035536351e-14 -3.001493082464902873e-12 3.815101931682166024e-14 5.901319493099643432e-12 -4.202246276722417896e-12 -3.810628126078894761e-12 6.501505657426543604e-13 -3.295657145894203086e-12 -2.864550731163484264e-12 4.827989817670650677e-13 7.705161024495301932e-13
7.279262547583203950e-11 6.409345658487076509e-12 -1.354684901563580537e-11 1.864810536541660607e-11 1.669331383922880089e-11 1.535004271091691590e-11 1.606535964193424335e-10 1.513856088732783392e-11 1.246668687967689481e-11 7.905566851465520099e-12 5.267945709298644153e-12 -1.372476950530764883e-12 -6.052466850663315807e-12 -3.356531676010607302e-12 -6.678516311647256349e-13 -4.540017986836713356e-12 -5.524306469226511464e-12 -7.207116552010846704e-12 -3.850126024501957301e-12 -3.141062744723178511e-12 -1.241455559977114587e-12 -2.366942811818584139e-12 -1.108484557610644397e-12 1.509154818914236591e-12 4.083564648624089941e-12 2.514524978858798888e-12
4.182083630904574227e-11 1.299389400052965042e-12 -1.654262771866636131e-11 -1.192359086217766349e-11 3.177042660383158907e-11 1.313104333587520812e-11 1.513856088732783392e-11 1.299037022450939934e-10 2.961850655009730601e-11 3.249423553314631189e-12 2.133355276606337300e-12 -1.336356870708386635e-12 -1.153895919718026113e-12 -6.965423514917490703e-12 -3.282007837771814892e-12 -5.874525429921757558e-12 -6.702753255778572837e-12 -8.687569551397133753e-13 4.447247510246955736e-12 3.206377599999838182e-12 -2.848608425315441182e-13 1.786025513168700450e-12 1.175907001388298530e-12 3.723186092192684245e-12 2.848234762884562643e-13 -2.611582338685364562e-12
5.215735202287383205e-11 -1.207159819119180213e-12 1.114713880281974018e-11 3.299167567614424379e-12 4.379599668578204572e-12 -3.350096078382808115e-13 1.246668687967689481e-11 2.961850655009730601e-11 8.365086407166802480e-11 2.559157737498064122e-11 1.128105374555423341e-11 3.574632261308413794e-12 1.116499109162247500e-12 2.043128105819069109e-12 1.084323171035636731e-12 1.595735846892633982e-13 -1.107716787912577750e-12 1.283254394723142369e-12 -6.927571370216154934e-13 -1.418494048091339264e-13 -7.349038684671714193e-14 3.096550203967366510e-12 4.018288214635488339e-12 1.852881957942595907e-12 1.736771203292027544e-12 -1.795917487753810858e-13
2.184752729398922580e-11 3.377746923951486033e-12 3.569486394420253089e-12 1.960731598175626241e-11 8.869862283737862657e-13 -1.905965021462092138e-12 7.905566851465520099e-12 3.249423553314631189e-12 2.559157737498064122e-11 6.190206233188378556e-11 1.168859673619248295e-11 1.869755956669309677e-12 1.549748303905896934e-12 2.694089688964715232e-12 1.688613408725550189e-12 4.112128925700068997e-12 -4.223826269258963013e-13 2.581747926352960918e-12 1.819813895801950073e-12 2.982720183906315994e-12 1.196053314143112732e-12 9.313915789546406063e-14 5.457714021938896850e-13 2.291348155275722271e-13 3.933376549426132015e-13 -2.128862094439364644e-12
-9.572435510924546259e-12 1.485378694225094548e-11 -4.068052163382865715e-12 5.532260336916982151e-12 -1.690970481053093339e-12 9.905131328015272635e-13 5.267945709298644153e-12 2.133355276606337300e-12 1.128105374555423341e-11 1.168859673619248295e-11 4.234358893944035923e-11 1.163198102296874013e-11 6.239814584717711839e-12 7.546397332973416376e-12 5.533656133352216982e-12 4.629936879232283512e-12 -1.115190556022346542e-12 -1.984842910481829471e-12 -1.807038112975482403e-13 5.255439792705518225e-13 -5.136753948201785035e-13 -4.639833048302054652e-13 8.047956674969853416e-13 1.195844454014930549e-12 3.661624735959975200e-13 1.260227089157309377e-13
-7.050710602907131813e-12 -5.833525863593959405e-12 1.108909871224104374e-12 3.161783620176901251e-12 -1.463935884290945351e-11 4.975953984794217391e-12 -1.372476950530764883e-12 -1.336356870708386635e-12 3.574632261308413794e-12 1.869755956669309677e-12 1.163198102296874013e-11 3.390284632662119784e-11 1.149276639548312983e-11 1.026817662159541593e-12 3.459449488152852171e-12 2.988223194305633928e-12 -6.043389379463426199e-13 -1.716862940094145127e-12 -1.412973813194689307e-12 2.132180449739836617e-13 -8.495709595049740428e-14 -1.151448237032861157e-12 5.788851334777196559e-13 -1.906693620832486409e-13 1.278854840875002835e-12 9.597364862855610309e-13
-2.202464760886839044e-11 5.613075216368641948e-12 1.042608701142333037e-13 2.392884687818586995e-12 -2.124816482299077482e-12 7.959648218280419803e-12 -6.052466850663315807e-12 -1.153895919718026113e-12 1.116499109162247500e-12 1.549748303905896934e-12 6.239814584717711839e-12 1.149276639548312983e-11 3.063120786882712780e-11 1.050495337249827455e-11 6.742321727267504894e-12 5.720593988470793225e-12 9.931458104516409664e-13 9.789201111750094300e-13 9.410421666444453618e-14 -2.612605464853470427e-13 -8.059688999608136503e-14 1.300327100171843860e-12 2.628415767091002043e-12 1.607279339796371939e-12 1.184916423616765315e-12 6.676953823630431370e-13
-8.144382467002828634e-12 8.079026556710866010e-12 -7.070166345136376985e-14 1.082233692481394449e-11 -1.588835927940420882e-12 -4.068303133675830266e-12 -3.356531676010607302e-12 -6.965423514917490703e-12 2.043128105819069109e-12 2.694089688964715232e-12 7.546397332973416376e-12 1.026817662159541593e-12 1.050495337249827455e-11 2.587653616999510830e-11 9.444538502059745566e-12 7.483189835942542955e-12 4.587663376217672659e-12 3.388651126863471462e-12 2.692910121007962300e-12 7.397307622800202981e-13 5.179018753829380911e-13 1.931177961809267577e-13 1.721840823600466832e-13 -5.830095350923535955e-13 -1.146045709776058799e-12 9.234685984219398267e-13
-2.355126848722178904e-11 -2.472515023234272725e-12 -6.493870213940880971e-12 -2.497420935401412707e-12 2.383805994905275691e-12 7.376023822423654797e-12 -6.678516311647256349e-13 -3.282007837771814892e-12 1.084323171035636731e-12 1.688613408725550189e-12 5.533656133352216982e-12 3.459449488152852171e-12 6.742321727267504894e-12 9.444538502059745566e-12 2.212185506062607522e-11 9.282367782640609244e-12 5.680114686607898227e-12 3.694264017204532730e-12 2.762491817629287718e-12 1.274779514630668894e-12 1.500329144064713789e-12 6.040504445798866096e-13 -1.192192860069897880e-12 -4.873668267211091643e-13 -4.340999237399208916e-13 1.049187046905090419e-12
-1.825937206816757898e-11 -5.005801681456928739e-12 6.043749282662916736e-12 6.768511490468119781e-12 1.461305765161695088e-12 7.580380581035536351e-14 -4.540017986836713356e-12 -5.874525429921757558e-12 1.595735846892633982e-13 4.112128925700068997e-12 4.629936879232283512e-12 2.988223194305633928e-12 5.720593988470793225e-12 7.483189835942542955e-12 9.282367782640609244e-12 1.764234010643102895e-11 9.496030487008376186e-12 6.865788424462426174e-12 3.387709098657418210e-12 1.849243549907210302e-12 1.163866887053500172e-12 8.437604146092402004e-14 1.269102118865187855e-13 7.426943083439264372e-13 -1.099932009596994736e-13 1.153043632156204006e-12
-1.866047091955045949e-11 -7.141939928087341086e-12 1.232472075909495953e-11 1.640412832179351043e-12 1.904595237751995101e-12 -3.001493082464902873e-12 -5.524306469226511464e-12 -6.702753255778572837e-12 -1.107716787912577750e-12 -4.223826269258963013e-13 -1.115190556022346542e-12 -6.043389379463426199e-13 9.931458104516409664e-13 4.587663376217672659e-12 5.680114686607898227e-12 9.496030487008376186e-12 1.900804071099568346e-11 1.124198100252081948e-11 4.706746465386468851e-12 2.931645191930841805e-12 1.624855937861405310e-12 1.342908129762843472e-12 4.551929945836409554e-13 -9.881810005393263110e-13 -1.219864882884423067e-12 5.795355304951485344e-13
-5.921517315719731528e-12 -3.400879112432285328e-12 7.832975383693983244e-13 4.752086076619404116e-13 7.387877431600078901e-12 3.815101931682166024e-14 -7.207116552010846704e-12 -8.687569551397133753e-13 1.283254394723142369e-12 2.581747926352960918e-12 -1.984842910481829471e-12 -1.716862940094145127e-12 9.789201111750094300e-13 3.388651126863471462e-12 3.694264017204532730e-12 6.865788424462426174e-12 1.124198100252081948e-11 1.631658936195535012e-11 7.912596696232146814e-12 3.047686285014507435e-12 1.843452410277248933e-12 1.602529707327970092e-12 1.221472580387855780e-12 7.943415095215172830e-13 -3.782429628683702804e-13 1.219863761735181874e-13
3.442903697140702706e-12 -3.399008682240028483e-12 3.802096186185861580e-12 3.658963524796407351e-12 6.926738710181126473e-12 5.901319493099643432e-12 -3.850126024501957301e-12 4.447247510246955736e-12 -6.927571370216154934e-13 1.819813895801950073e-12 -1.807038112975482403e-13 -1.412973813194689307e-12 9.410421666444453618e-14 2.692910121007962300e-12 2.762491817629287718e-12 3.387709098657418210e-12 4.706746465386468851e-12 7.912596696232146814e-12 1.412299958309687606e-11 6.704089890254993186e-12 2.403872110706613809e-12 1.050862141469736947e-12 8.542543656902430791e-13 4.596539852760099589e-13 -1.199581112973456756e-12 -8.572202986824134949e-13
1.326288448066584458e-11 8.883989090544928042e-12 -3.892439659555347414e-12 6.248009473509501165e-12 3.726253309795616689e-12 -4.202246276722417896e-12 -3.141062744723178511e-12 3.206377599999838182e-12 -1.418494048091339264e-13 2.982720183906315994e-12 5.255439792705518225e-13 2.132180449739836617e-13 -2.612605464853470427e-13 7.397307622800202981e-13 1.274779514630668894e-12 1.849243549907210302e-12 2.931645191930841805e-12 3.047686285014507435e-12 6.704089890254993186e-12 1.388711931307635012e-11 6.313134493028436527e-12 2.493301523338967168e-12 1.535362482823929877e-12 1.045136562482388649e-12 -3.752710884257558101e-13 -8.447668122216987804e-13
2.375123481690305525e-12 7.870717705530919836e-13 -4.956503281501165446e-12 4.610066355609860839e-12 -1.449742251494387732e-12 -3.810628126078894761e-12 -1.241455559977114587e-12 -2.848608425315441182e-13 -7.349038684671714193e-14 1.196053314143112732e-12 -5.136753948201785035e-13 -8.495709595049740428e-14 -8.059688999608136503e-14 5.179018753829380911e-13 1.500329144064713789e-12 1.163866887053500172e-12 1.624855937861405310e-12 1.843452410277248933e-12 2.403872110706613809e-12 6.313134493028436527e-12 1.174586829946600417e-11 5.309065157922267934e-12 2.569865734241846030e-12 3.181131394358641447e-13 -1.432232555125972678e-13 -1.423629340376146556e-13
5.690442532844258336e-12 -7.496269848497641532e-12 -4.178848632115482476e-12 -4.161780364330256528e-12 -9.849189720543607619e-14 6.501505657426543604e-13 -2.366942811818584139e-12 1.786025513168700450e-12 3.096550203967366510e-12 9.313915789546406063e-14 -4.639833048302054652e-13 -1.151448237032861157e-12 1.300327100171843860e-12 1.931177961809267577e-13 6.040504445798866096e-13 8.437604146092402004e-14 1.342908129762843472e-12 1.602529707327970092e-12 1.050862141469736947e-12 2.493301523338967168e-12 5.309065157922267934e-12 1.187875838308840471e-11 6.055566704903019708e-12 9.515202959065791444e-13 -2.104754954643951319e-13 6.460370273420377476e-13
1.366562656737370277e-11 -1.118972407572982900e-11 -3.233648025558316349e-12 3.429088557829505476e-12 -1.340603042950879185e-14 -3.295657145894203086e-12 -1.108484557610644397e-12 1.175907001388298530e-12 4.018288214635488339e-12 5.457714021938896850e-13 8.047956674969853416e-13 5.788851334777196559e-13 2.628415767091002043e-12 1.721840823600466832e-13 -1.192192860069897880e-12 1.269102118865187855e-13 4.551929945836409554e-13 1.221472580387855780e-12 8.542543656902430791e-13 1.535362482823929877e-12 2.569865734241846030e-12 6.055566704903019708e-12 9.675986803907676360e-12 3.122466962823538273e-12 7.673630037081123402e-13 7.906347296296035050e-13
1.891036783551147345e-12 -5.306825577652013126e-12 -6.201620243872537562e-13 3.309391600102905239e-12 1.452225650180529620e-12 -2.864550731163484264e-12 1.509154818914236591e-12 3.723186092192684245e-12 1.852881957942595907e-12 2.291348155275722271e-13 1.195844454014930549e-12 -1.906693620832486409e-13 1.607279339796371939e-12 -5.830095350923535955e-13 -4.873668267211091643e-13 7.426943083439264372e-13 -9.881810005393263110e-13 7.943415095215172830e-13 4.596539852760099589e-13 1.045136562482388649e-12 3.181131394358641447e-13 9.515202959065791444e-13 3.122466962823538273e-12 5.798542102619735576e-12 2.131366919789243058e-12 6.515065311317179531e-13
-4.553418759719710546e-12 1.267497976594784474e-12 -2.015732932811278173e-12 5.877394763095823470e-12 -3.891733592859002355e-13 4.827989817670650677e-13 4.083564648624089941e-12 2.848234762884562643e-13 1.736771203292027544e-12 3.933376549426132015e-13 3.661624735959975200e-13 1.278854840875002835e-12 1.184916423616765315e-12 -1.146045709776058799e-12 -4.340999237399208916e-13 -1.099932009596994736e-13 -1.219864882884423067e-12 -3.782429628683702804e-13 -1.199581112973456756e-12 -3.752710884257558101e-13 -1.432232555125972678e-13 -2.104754954643951319e-13 7.673630037081123402e-13 2.131366919789243058e-12 5.381397155425541092e-12 1.383013317678844201e-12
-5.736708947056229291e-12 6.868297494465644408e-13 -2.188196762697892920e-12 5.312783729594755695e-12 -1.245688832255876917e-12 7.705161024495301932e-13 2.514524978858798888e-12 -2.611582338685364562e-12 -1.795917487753810858e-13 -2.128862094439364644e-12 1.260227089157309377e-13 9.597364862855610309e-13 6.676953823630431370e-13 9.234685984219398267e-13 1.049187046905090419e-12 1.153043632156204006e-12 5.795355304951485344e-13 1.219863761735181874e-13 -8.572202986824134949e-13 -8.447668122216987804e-13 -1.423629340376146556e-13 6.460370273420377476e-13 7.906347296296035050e-13 6.515065311317179531e-13 1.383013317678844201e-12 3.958890104900569303e-12
