1.936275903121211559e-09 -3.661802999955313388e-11 -3.692530219178762592e-11 -2.446430813157378862e-11 5.608973401907130034e-11 4.489753242188452865e-11 2.957361419615927121e-11 2.818158585561947987e-11 3.292562830278064150e-11 -1.044180533429276919e-11 -1.237756641660594895e-11 -1.683915680171327652e-11 -4.653536256909620841e-13 2.088105780166243252e-11 1.104722029650648026e-12 9.577433128303179069e-12 -2.519370062662689254e-12 1.959841653900477687e-12 1.157005943180402557e-11 -6.473303755895597981e-13 -2.627232889139517569e-12 -5.605778126809775556e-12 -4.323729649300027078e-12 -2.690928891390606741e-12 3.371238860467472873e-12 -9.337809174840178548e-13
-3.661802999955313388e-11 1.147283009769623541e-09 8.699991573153280983e-12 -3.403548275109932734e-11 4.398060763085190276e-12 6.376423239085821493e-11 9.779783968924690837e-12 1.305750334439322235e-11 7.280064416060302591e-12 -8.870011613245346892e-12 1.198540849998079659e-11 4.914649652352343805e-12 -3.642452116330478437e-12 5.102150785359905308e-12 -5.446162069831272960e-12 3.214817524337699357e-12 1.168010157494171929e-11 7.000664599025630523e-12 -2.653428913384692800e-12 1.118072173114428611e-12 9.189798598379261849e-12 -1.313224795076985386e-12 -3.449755320351093255e-12 -4.471046982857551296e-12 3.937934294720532687e-13 5.324060805981776686e-12
-3.692530219178762592e-11 8.699991573153280983e-12 7.382317152300402024e-10 -9.770771578074818631e-12 3.086322897701185609e-11 1.138791358282501766e-11 3.755834716272739649e-11 -6.638769041099189511e-12 -1.346508887373918216e-11 -1.317633730060536901e-11 -1.723567925332791108e-11 -3.679801312777614498e-12 5.487484135090232160e-12 -6.646424443676117794e-12 2.839734776624851100e-13 -4.313057770979350630e-12 -2.857921619811109884e-12 -6.481966398365848798e-13 1.090776660060948442e-11 1.086355109698111542e-11 9.139337958250692965e-13 8.761879005433745859e-13 -3.127906300739275741e-13 -5.447411172613723258e-12 -1.376662533235378428e-12 3.330386125658171714e-13
-2.446430813157378862e-11 -3.403548275109932734e-11 -9.770771578074818631e-12 4.888984173634513709e-10 5.058476798233927468e-11 -1.557480844032298634e-12 -1.889120804539326953e-11 -1.349712379063050816e-11 -3.123613505526885959e-11 -1.864174243823135154e-11 -6.686390868138049565e-12 3.396232632476252105e-12 4.556081521396902207e-13 -8.484533977262037133e-12 4.684200830635206944e-12 -3.179804097317574428e-13 -1.269682035447840089e-12 3.123137493174340784e-13 3.771328747717210450e-13 -2.399167999729456829e-12 -3.583747495149703414e-12 -5.326138306712344883e-12 -1.093944243154412700e-12 -1.494328384481536416e-14 -4.116478880466092692e-12 8.038616057274555961e-13
5.608973401907130034e-11 4.398060763085190276e-12 3.086322897701185609e-11 5.058476798233927468e-11 3.946764276019179412e-10 1.433777195160811557e-11 6.879911493309761966e-12 1.882795253995800497e-11 1.308403081305352762e-12 -4.335047484463237668e-13 1.366701931882859818e-11 1.395679715920593904e-11 9.680374250549501885e-12 8.883553478203183043e-13 4.433466353117064140e-12 -3.331674321712359500e-12 3.388786200169875726e-12 3.917319887493532450e-12 -7.300292268946097627e-13 4.733678305856272239e-12 2.242558986640959514e-12 1.683598665868715512e-12 -2.530010111569987372e-12 -1.967716216885281311e-12 1.061339799099598212e-13 -1.571589598996776069e-12
4.489753242188452865e-11 6.376423239085821493e-11 1.138791358282501766e-11 -1.557480844032298634e-12 1.433777195160811557e-11 2.603834252983329660e-10 1.172378818042188884e-11 9.764955647678422228e-12 1.808996741856046884e-11 -9.397884101686813000e-12 1.550357887927124102e-11 -2.852631807223137768e-12 1.016939332175890446e-11 -6.547424409484545699e-13 4.795364381636728525e-12 4.124549863706114304e-12 6.940100468859797676e-12 3.626005347126151558e-12 1.612297117914805125e-12 7.674380112264071898e-13 -1.796033853574357259e-12 -3.478541313573670125e-12 -2.777102368685760525e-12 2.593502660208286145e-12 -7.750077386165304033e-13 -6.561598257106005548e-13
2.957361419615927121e-11 9.779783968924690837e-12 3.755834716272739649e-11 -1.889120804539326953e-11 6.879911493309761966e-12 1.172378818042188884e-11 1.356279334396159062e-10 7.455387729178108763e-12 2.590976917507954273e-11 1.448504625504316814e-11 9.691273918213621641e-12 1.398814912860276115e-12 4.309631218840819202e-12 7.618583327613783236e-12 3.267088539424521251e-12 3.462042045134587887e-12 -2.959410426463917481e-12 -2.354447993443542692e-12 4.814045418054827044e-13 1.815182440446280562e-12 -1.180803551404744336e-12 -3.931279629962898662e-12 -2.392371070141198888e-12 8.841623389621903690e-14 -1.399226502826884377e-12 -3.329170593223601100e-13
2.818158585561947987e-11 1.305750334439322235e-11 -6.638769041099189511e-12 -1.349712379063050816e-11 1.882795253995800497e-11 9.764955647678422228e-12 7.455387729178108763e-12 1.237736118855988473e-10 2.087553049204114107e-11 1.083325658732740953e-11 8.089141514412919454e-12 7.209958543755043736e-12 9.423758090318007176e-12 3.313733372351256392e-12 -1.756724346159583278e-12 -1.233318181756634796e-12 -1.894938639165489008e-12 -2.027423092572350300e-12 -2.770240541182251068e-12 -2.873204628004944974e-12 2.046061550793392530e-13 -6.475222824644324619e-13 1.061869616101582860e-13 1.098188108370429746e-12 1.063153976277671172e-12 5.730706640654668545e-13
3.292562830278064150e-11 7.280064416060302591e-12 -1.346508887373918216e-11 -3.123613505526885959e-11 1.308403081305352762e-12 1.808996741856046884e-11 2.590976917507954273e-11 2.087553049204114107e-11 7.624444993656536374e-11 1.990548415544239091e-11 7.400415494404492229e-12 8.693664461849197565e-12 3.099484168227274985e-12 7.139178373535850482e-12 2.564710927346752204e-12 3.791478123908320353e-12 1.807872918526969730e-12 3.995199375573208420e-13 -2.338244537295560105e-12 -1.928524234553362502e-12 -8.908678104408733801e-13 -7.978171778949146579e-13 4.321007671665914097e-13 9.413767047176193299e-13 5.094865420439225252e-13 -6.641816160756271636e-13
-1.044180533429276919e-11 -8.870011613245346892e-12 -1.317633730060536901e-11 -1.864174243823135154e-11 -4.335047484463237668e-13 -9.397884101686813000e-12 1.448504625504316814e-11 1.083325658732740953e-11 1.990548415544239091e-11 6.193057887368493651e-11 1.355322360495391920e-11 6.764834161549699070e-12 1.905875163354448480e-12 6.204150247662857035e-12 1.567497749424156327e-12 2.300129021094787086e-12 8.350215109896792478e-13 1.994036066362642405e-13 -8.211876721204952572e-13 -1.030700942880996259e-12 2.412123583678783095e-13 -3.661902109184152189e-13 3.199923130821700632e-13 2.899266669910942355e-13 6.172569060037990293e-13 -6.157921241828682983e-13
-1.237756641660594895e-11 1.198540849998079659e-11 -1.723567925332791108e-11 -6.686390868138049565e-12 1.366701931882859818e-11 1.550357887927124102e-11 9.691273918213621641e-12 8.089141514412919454e-12 7.400415494404492229e-12 1.355322360495391920e-11 4.738374985084506217e-11 1.115977711287741921e-11 7.356753074335024223e-12 6.058884410757599627e-12 3.170635175398390812e-12 1.045149440192070535e-12 3.229072504273708123e-12 1.055656162925896610e-12 -1.273289611546980799e-12 2.602271645931285592e-13 -3.471640687322777999e-13 -9.138039605813548410e-13 -1.281786242050666268e-12 -2.753754038829240332e-13 -4.200655509964259889e-13 -3.235459749382198658e-13
-1.683915680171327652e-11 4.914649652352343805e-12 -3.679801312777614498e-12 3.396232632476252105e-12 1.395679715920593904e-11 -2.852631807223137768e-12 1.398814912860276115e-12 7.209958543755043736e-12 8.693664461849197565e-12 6.764834161549699070e-12 1.115977711287741921e-11 2.840024052206267121e-11 8.977787138287167589e-12 4.428863992157444531e-12 2.995355460214874054e-12 1.020410218540699895e-12 -1.347978162592647891e-12 -1.484948344157193492e-12 -3.047146704100534740e-12 4.163185782555230440e-14 -2.998694276321689178e-13 -1.090537941678867115e-12 -5.183582182736811974e-13 3.638770498760986274e-13 1.820189334414426245e-13 -3.078629122332816880e-13
-4.653536256909620841e-13 -3.642452116330478437e-12 5.487484135090232160e-12 4.556081521396902207e-13 9.680374250549501885e-12 1.016939332175890446e-11 4.309631218840819202e-12 9.423758090318007176e-12 3.099484168227274985e-12 1.905875163354448480e-12 7.356753074335024223e-12 8.977787138287167589e-12 2.670018769442408599e-11 8.369367687679258873e-12 2.579656475038892353e-12 3.019074458935700682e-12 9.012380382302307260e-13 -5.367153913258821378e-14 -9.251590665858787618e-13 1.063540939217347783e-12 1.645260097148118948e-13 -1.502522274350384575e-12 -4.836570930510162462e-13 -2.164210104644133283e-13 -6.050507562227916589e-13 -3.869662828183097431e-13
2.088105780166243252e-11 5.102150785359905308e-12 -6.646424443676117794e-12 -8.484533977262037133e-12 8.883553478203183043e-13 -6.547424409484545699e-13 7.618583327613783236e-12 3.313733372351256392e-12 7.139178373535850482e-12 6.204150247662857035e-12 6.058884410757599627e-12 4.428863992157444531e-12 8.369367687679258873e-12 1.949367208400837135e-11 6.011624747901368167e-12 5.237878604387364648e-12 2.052815631023394753e-12 7.390012637447684905e-13 -7.538682474410280160e-13 -1.621295074242201688e-13 3.852735949899604371e-13 -1.640216733350900253e-13 -1.846325145790962523e-14 1.930934210420993956e-13 5.352186850333211248e-13 -2.242983300736155896e-13
1.104722029650648026e-12 -5.446162069831272960e-12 2.839734776624851100e-13 4.684200830635206944e-12 4.433466353117064140e-12 4.795364381636728525e-12 3.267088539424521251e-12 -1.756724346159583278e-12 2.564710927346752204e-12 1.567497749424156327e-12 3.170635175398390812e-12 2.995355460214874054e-12 2.579656475038892353e-12 6.011624747901368167e-12 1.476463770110702400e-11 6.663049073302185377e-12 3.632256386971173548e-12 -4.357548268751529614e-13 -8.328249639297245542e-13 4.204427725423042893e-13 4.268466852250698958e-13 -1.153810443946755402e-13 -3.465578127207133747e-13 6.338970990255419565e-13 -4.609393289184751168e-14 3.939479632407459691e-14
9.577433128303179069e-12 3.214817524337699357e-12 -4.313057770979350630e-12 -3.179804097317574428e-13 -3.331674321712359500e-12 4.124549863706114304e-12 3.462042045134587887e-12 -1.233318181756634796e-12 3.791478123908320353e-12 2.300129021094787086e-12 1.045149440192070535e-12 1.020410218540699895e-12 3.019074458935700682e-12 5.237878604387364648e-12 6.663049073302185377e-12 1.613075120428320663e-11 5.402767154412641002e-12 1.701468576578458119e-12 1.940952215465144763e-13 2.846993321051591044e-13 -2.480410994908829549e-13 -2.523507169723802717e-13 -4.541827415068111929e-13 4.807099462032935706e-14 1.801245169213172283e-13 -5.660592229841275840e-14
-2.519370062662689254e-12 1.168010157494171929e-11 -2.857921619811109884e-12 -1.269682035447840089e-12 3.388786200169875726e-12 6.940100468859797676e-12 -2.959410426463917481e-12 -1.894938639165489008e-12 1.807872918526969730e-12 8.350215109896792478e-13 3.229072504273708123e-12 -1.347978162592647891e-12 9.012380382302307260e-13 2.052815631023394753e-12 3.632256386971173548e-12 5.402767154412641002e-12 1.086890440329207017e-11 5.034459539956974889e-12 1.424795792316947699e-12 4.840229848094530874e-13 3.372281911094273231e-13 -2.961369261317808161e-13 -3.677320533026526502e-13 7.471035874389040919e-14 -3.010175506372581598e-13 1.043243684735745953e-13
1.959841653900477687e-12 7.000664599025630523e-12 -6.481966398365848798e-13 3.123137493174340784e-13 3.917319887493532450e-12 3.626005347126151558e-12 -2.354447993443542692e-12 -2.027423092572350300e-12 3.995199375573208420e-13 1.994036066362642405e-13 1.055656162925896610e-12 -1.484948344157193492e-12 -5.367153913258821378e-14 7.390012637447684905e-13 -4.357548268751529614e-13 1.701468576578458119e-12 5.034459539956974889e-12 1.147566255892755745e-11 5.259655767053867777e-12 1.847661313975289320e-12 8.940540327703543478e-13 -2.054449930760192408e-13 -3.745739409118569783e-13 8.245347951267564400e-14 5.870829044054140629e-14 3.554964955789011259e-13
1.157005943180402557e-11 -2.653428913384692800e-12 1.090776660060948442e-11 3.771328747717210450e-13 -7.300292268946097627e-13 1.612297117914805125e-12 4.814045418054827044e-13 -2.770240541182251068e-12 -2.338244537295560105e-12 -8.211876721204952572e-13 -1.273289611546980799e-12 -3.047146704100534740e-12 -9.251590665858787618e-13 -7.538682474410280160e-13 -8.328249639297245542e-13 1.940952215465144763e-13 1.424795792316947699e-12 5.259655767053867777e-12 1.007416124944233676e-11 3.365122033101929220e-12 1.526237212405697143e-12 5.062255538431451544e-13 3.805387714800147043e-13 5.160554728366860524e-13 3.142546317482081052e-14 7.818635815987322680e-13
-6.473303755895597981e-13 1.118072173114428611e-12 1.086355109698111542e-11 -2.399167999729456829e-12 4.733678305856272239e-12 7.674380112264071898e-13 1.815182440446280562e-12 -2.873204628004944974e-12 -1.928524234553362502e-12 -1.030700942880996259e-12 2.602271645931285592e-13 4.163185782555230440e-14 1.063540939217347783e-12 -1.621295074242201688e-13 4.204427725423042893e-13 2.846993321051591044e-13 4.840229848094530874e-13 1.847661313975289320e-12 3.365122033101929220e-12 7.775878453678808323e-12 2.535381476187823777e-12 5.568997867817425330e-13 -6.760078872747700451e-13 -2.160381987798087605e-13 -3.194808534097007898e-13 3.613380918000247888e-14
-2.627232889139517569e-12 9.189798598379261849e-12 9.139337958250692965e-13 -3.583747495149703414e-12 2.242558986640959514e-12 -1.796033853574357259e-12 -1.180803551404744336e-12 2.046061550793392530e-13 -8.908678104408733801e-13 2.412123583678783095e-13 -3.471640687322777999e-13 -2.998694276321689178e-13 1.645260097148118948e-13 3.852735949899604371e-13 4.268466852250698958e-13 -2.480410994908829549e-13 3.372281911094273231e-13 8.940540327703543478e-13 1.526237212405697143e-12 2.535381476187823777e-12 6.549581446800568057e-12 2.539165419888715850e-12 6.915282479646775554e-13 2.076915731797711866e-13 -8.174356168591093148e-14 2.420571815171546184e-13
-5.605778126809775556e-12 -1.313224795076985386e-12 8.761879005433745859e-13 -5.326138306712344883e-12 1.683598665868715512e-12 -3.478541313573670125e-12 -3.931279629962898662e-12 -6.475222824644324619e-13 -7.978171778949146579e-13 -3.661902109184152189e-13 -9.138039605813548410e-13 -1.090537941678867115e-12 -1.502522274350384575e-12 -1.640216733350900253e-13 -1.153810443946755402e-13 -2.523507169723802717e-13 -2.961369261317808161e-13 -2.054449930760192408e-13 5.062255538431451544e-13 5.568997867817425330e-13 2.539165419888715850e-12 4.763314055797630700e-12 1.548759314232920526e-12 1.109329042854006693e-13 2.536345599959002837e-13 1.815815721516913276e-13
-4.323729649300027078e-12 -3.449755320351093255e-12 -3.127906300739275741e-13 -1.093944243154412700e-12 -2.530010111569987372e-12 -2.777102368685760525e-12 -2.392371070141198888e-12 1.061869616101582860e-13 4.321007671665914097e-13 3.199923130821700632e-13 -1.281786242050666268e-12 -5.183582182736811974e-13 -4.836570930510162462e-13 -1.846325145790962523e-14 -3.465578127207133747e-13 -4.541827415068111929e-13 -3.677320533026526502e-13 -3.745739409118569783e-13 3.805387714800147043e-13 -6.760078872747700451e-13 6.915282479646775554e-13 1.548759314232920526e-12 3.807332772976346334e-12 1.076743248912857253e-12 2.705334734314314459e-13 -3.695079705811322276e-14
-2.690928891390606741e-12 -4.471046982857551296e-12 -5.447411172613723258e-12 -1.494328384481536416e-14 -1.967716216885281311e-12 2.593502660208286145e-12 8.841623389621903690e-14 1.098188108370429746e-12 9.413767047176193299e-13 2.899266669910942355e-13 -2.753754038829240332e-13 3.638770498760986274e-13 -2.164210104644133283e-13 1.930934210420993956e-13 6.338970990255419565e-13 4.807099462032935706e-14 7.471035874389040919e-14 8.245347951267564400e-14 5.160554728366860524e-13 -2.160381987798087605e-13 2.076915731797711866e-13 1.109329042854006693e-13 1.076743248912857253e-12 3.126316642326242263e-12 4.246665173796790937e-13 4.747138758739116411e-14
3.371238860467472873e-12 3.937934294720532687e-13 -1.376662533235378428e-12 -4.116478880466092692e-12 1.061339799099598212e-13 -7.750077386165304033e-13 -1.399226502826884377e-12 1.063153976277671172e-12 5.094865420439225252e-13 6.172569060037990293e-13 -4.200655509964259889e-13 1.820189334414426245e-13 -6.050507562227916589e-13 5.352186850333211248e-13 -4.609393289184751168e-14 1.801245169213172283e-13 -3.010175506372581598e-13 5.870829044054140629e-14 3.142546317482081052e-14 -3.194808534097007898e-13 -8.174356168591093148e-14 2.536345599959002837e-13 2.705334734314314459e-13 4.246665173796790937e-13 2.332976944248331157e-12 2.314322268407644136e-13
-9.337809174840178548e-13 5.324060805981776686e-12 3.330386125658171714e-13 8.038616057274555961e-13 -1.571589598996776069e-12 -6.561598257106005548e-13 -3.329170593223601100e-13 5.730706640654668545e-13 -6.641816160756271636e-13 -6.157921241828682983e-13 -3.235459749382198658e-13 -3.078629122332816880e-13 -3.869662828183097431e-13 -2.242983300736155896e-13 3.939479632407459691e-14 -5.660592229841275840e-14 1.043243684735745953e-13 3.554964955789011259e-13 7.818635815987322680e-13 3.613380918000247888e-14 2.420571815171546184e-13 1.815815721516913276e-13 -3.695079705811322276e-14 4.747138758739116411e-14 2.314322268407644136e-13 1.172845555107410992e-12
