9.602930484481561694e-09 -2.167345627712982235e-10 5.816761318934774559e-10 2.261414719338195318e-10 1.990606381283683970e-11 1.269610452007204123e-10 -1.966795630667353802e-10 -2.244339347012778848e-10 1.662686011121973291e-10 1.411481543167994269e-10 -1.712002497717572456e-11 -2.816248525081755290e-11 9.809091437429503150e-11 -1.174947316449797624e-11 -1.008644488695171898e-11 -1.614796949795307495e-11 2.418615821179182615e-11 1.878718860002090857e-11 -4.283244364537786588e-11 4.416436866386925896e-11
-2.167345627712982235e-10 8.989719405197805756e-09 1.067408464382370939e-09 -4.832725574735973207e-10 1.562256467096132965e-10 -4.889126769892781195e-10 -4.273018023581844372e-11 -4.258691808086146635e-10 -6.935474972835938983e-12 1.715698349590002471e-10 1.800722412098258907e-10 2.684126563901083761e-11 -1.355000871926682290e-11 5.342286579935901392e-11 3.956316438665261498e-11 4.921720815281071267e-11 -1.739475436494793931e-11 2.260245825113643024e-11 2.994175240493641265e-11 -3.564884707003657002e-12
5.816761318934774559e-10 1.067408464382370939e-09 5.703433549771232361e-09 6.969325616623594626e-10 6.264672746728708182e-10 2.111824358121786369e-11 8.164711979334552124e-11 2.297130733144594671e-10 1.251007024519039077e-10 1.886400048021502466e-11 3.074210553341348827e-11 6.795010123245881494e-11 6.241293061074043563e-11 9.826535887041947180e-11 -5.637090037292717128e-11 -3.007454379992765257e-11 -1.723299524338580916e-11 -2.462941845196344424e-11 -3.719514007702762468e-11 -3.046635351083919151e-11
2.261414719338195318e-10 -4.832725574735973207e-10 6.969325616623594626e-10 3.153970231951218985e-09 3.829441938206261448e-10 -2.653014047803073701e-11 3.614154222404471461e-11 1.034959396752034614e-10 -3.583872913979708966e-11 -1.646639551387531034e-10 -5.374323685768564457e-11 -7.135069901637692316e-11 -8.452292671510156070e-11 -4.295117169339160119e-11 -4.203281044370847351e-12 1.598238251567893854e-11 2.748997235144086339e-11 2.637892542862071126e-12 2.464769191043682763e-11 4.007042729102507581e-13
1.990606381283683970e-11 1.562256467096132965e-10 6.264672746728708182e-10 3.829441938206261448e-10 2.663901532551405372e-09 1.255438911037655854e-10 3.982426340961686333e-11 -1.011006632561095610e-10 -2.195218977238187063e-11 -5.209504152620348256e-11 4.251009889357923602e-11 7.773843836914033208e-11 4.243492240563317153e-11 3.460650963805782258e-11 6.566551122210024775e-11 -4.639752727004954794e-12 -3.123403576164098226e-12 1.692020595509798110e-11 3.557046654789042370e-11 -3.512964988283090491e-12
1.269610452007204123e-10 -4.889126769892781195e-10 2.111824358121786369e-11 -2.653014047803073701e-11 1.255438911037655854e-10 1.855452088471892016e-09 4.047198931012132855e-10 4.098995252807235204e-11 -2.654612152699966152e-12 1.530385394669667062e-10 1.837293230223178485e-10 4.048940949352222478e-11 4.041863959464841053e-11 3.063919524012504295e-11 2.695190773663457634e-11 -3.672870067115543171e-11 1.264943480982577123e-11 1.127945790385429581e-11 1.759179626240567242e-11 3.750422691745489412e-11
-1.966795630667353802e-10 -4.273018023581844372e-11 8.164711979334552124e-11 3.614154222404471461e-11 3.982426340961686333e-11 4.047198931012132855e-10 9.424657393806572018e-10 1.266079212153899973e-10 4.641264574308106889e-11 -1.139059960252962103e-11 1.962331950735422629e-11 -1.815374651408383022e-11 -5.692058767830092863e-11 1.529057229696712336e-11 -8.164997235879522550e-13 -1.019566841646576983e-11 1.570962635893491325e-11 9.035242325393454748e-12 7.182419241135740681e-12 1.309582777845846625e-11
-2.244339347012778848e-10 -4.258691808086146635e-10 2.297130733144594671e-10 1.034959396752034614e-10 -1.011006632561095610e-10 4.098995252807235204e-11 1.266079212153899973e-10 6.384007509687351200e-10 1.323116426699650217e-10 2.396564943666573206e-11 1.193948244475352753e-11 3.871912718003497166e-11 -1.688802620511539529e-11 1.506711365398637612e-11 2.691934495112474502e-12 -3.869660357076103315e-12 -2.697957253363507388e-12 -3.022687234720486075e-12 8.109610124328744838e-12 -5.613199053471039490e-12
1.662686011121973291e-10 -6.935474972835938983e-12 1.251007024519039077e-10 -3.583872913979708966e-11 -2.195218977238187063e-11 -2.654612152699966152e-12 4.641264574308106889e-11 1.323116426699650217e-10 3.833378904843437182e-10 3.928808404698295389e-11 6.272063879089234859e-12 4.407831409652792610e-11 1.278087192994442541e-11 2.367445964771604596e-11 8.495348954959433201e-13 -5.153426076795562672e-12 -1.271637046746900857e-11 -1.097984309574947302e-11 -1.862844156005471540e-12 -2.462325559464293129e-12
1.411481543167994269e-10 1.715698349590002471e-10 1.886400048021502466e-11 -1.646639551387531034e-10 -5.209504152620348256e-11 1.530385394669667062e-10 -1.139059960252962103e-11 2.396564943666573206e-11 3.928808404698295389e-11 3.109832576017950999e-10 6.032827315988503448e-11 1.417758564835827134e-11 1.864419137980640074e-11 1.212345562187304203e-11 1.288900379154213830e-12 7.876720797809196034e-12 7.646907998569631282e-12 2.907369536368397228e-12 3.913379192545142140e-12 5.233822200211956616e-12
-1.712002497717572456e-11 1.800722412098258907e-10 3.074210553341348827e-11 -5.374323685768564457e-11 4.251009889357923602e-11 1.837293230223178485e-10 1.962331950735422629e-11 1.193948244475352753e-11 6.272063879089234859e-12 6.032827315988503448e-11 1.746884013546414036e-10 2.781473437541516618e-11 2.719709442782494065e-11 4.274462424572891400e-12 -4.212010415537934879e-12 -5.207970904106130807e-12 8.724743542654487395e-12 -2.055340469965548446e-12 -1.287207621789545554e-13 2.162667253244297420e-12
-2.816248525081755290e-11 2.684126563901083761e-11 6.795010123245881494e-11 -7.135069901637692316e-11 7.773843836914033208e-11 4.048940949352222478e-11 -1.815374651408383022e-11 3.871912718003497166e-11 4.407831409652792610e-11 1.417758564835827134e-11 2.781473437541516618e-11 1.465292095526440581e-10 3.366172924635106536e-11 3.197319405042368542e-11 3.097993498821972640e-12 -1.006888694277351488e-12 -9.625918895451615746e-13 -1.730407273830613735e-12 8.959722558706202339e-12 1.619496011928313271e-13
9.809091437429503150e-11 -1.355000871926682290e-11 6.241293061074043563e-11 -8.452292671510156070e-11 4.243492240563317153e-11 4.041863959464841053e-11 -5.692058767830092863e-11 -1.688802620511539529e-11 1.278087192994442541e-11 1.864419137980640074e-11 2.719709442782494065e-11 3.366172924635106536e-11 1.182949272409723886e-10 4.196491491849708324e-11 1.709309883607071114e-11 -1.279529719584054472e-12 -8.922987141834748813e-12 -3.898837227414735683e-12 5.147397978017432192e-12 2.262267339901677196e-12
-1.174947316449797624e-11 5.342286579935901392e-11 9.826535887041947180e-11 -4.295117169339160119e-11 3.460650963805782258e-11 3.063919524012504295e-11 1.529057229696712336e-11 1.506711365398637612e-11 2.367445964771604596e-11 1.212345562187304203e-11 4.274462424572891400e-12 3.197319405042368542e-11 4.196491491849708324e-11 8.762633377555021692e-11 2.950017883370220232e-11 1.254913961311928541e-11 7.299263438035192425e-12 3.021011677623928809e-12 6.071871040932926617e-12 5.027947575012644808e-12
-1.008644488695171898e-11 3.956316438665261498e-11 -5.637090037292717128e-11 -4.203281044370847351e-12 6.566551122210024775e-11 2.695190773663457634e-11 -8.164997235879522550e-13 2.691934495112474502e-12 8.495348954959433201e-13 1.288900379154213830e-12 -4.212010415537934879e-12 3.097993498821972640e-12 1.709309883607071114e-11 2.950017883370220232e-11 7.697545530127334011e-11 2.486926601235199085e-11 1.587411472693153337e-11 9.012636757983028001e-12 9.052296229434510772e-12 6.240924977908934985e-12
-1.614796949795307495e-11 4.921720815281071267e-11 -3.007454379992765257e-11 1.598238251567893854e-11 -4.639752727004954794e-12 -3.672870067115543171e-11 -1.019566841646576983e-11 -3.869660357076103315e-12 -5.153426076795562672e-12 7.876720797809196034e-12 -5.207970904106130807e-12 -1.006888694277351488e-12 -1.279529719584054472e-12 1.254913961311928541e-11 2.486926601235199085e-11 5.654219952366077042e-11 2.474244856368576122e-11 1.175979308121233246e-11 8.790236102712803527e-12 3.354257449562771260e-12
2.418615821179182615e-11 -1.739475436494793931e-11 -1.723299524338580916e-11 2.748997235144086339e-11 -3.123403576164098226e-12 1.264943480982577123e-11 1.570962635893491325e-11 -2.697957253363507388e-12 -1.271637046746900857e-11 7.646907998569631282e-12 8.724743542654487395e-12 -9.625918895451615746e-13 -8.922987141834748813e-12 7.299263438035192425e-12 1.587411472693153337e-11 2.474244856368576122e-11 5.096836325600867530e-11 2.858134891066309133e-11 9.572966241676188537e-12 5.501487579385982654e-12
1.878718860002090857e-11 2.260245825113643024e-11 -2.462941845196344424e-11 2.637892542862071126e-12 1.692020595509798110e-11 1.127945790385429581e-11 9.035242325393454748e-12 -3.022687234720486075e-12 -1.097984309574947302e-11 2.907369536368397228e-12 -2.055340469965548446e-12 -1.730407273830613735e-12 -3.898837227414735683e-12 3.021011677623928809e-12 9.012636757983028001e-12 1.175979308121233246e-11 2.858134891066309133e-11 3.911768209746898180e-11 1.372412680076935368e-11 4.499117365773979663e-12
-4.283244364537786588e-11 2.994175240493641265e-11 -3.719514007702762468e-11 2.464769191043682763e-11 3.557046654789042370e-11 1.759179626240567242e-11 7.182419241135740681e-12 8.109610124328744838e-12 -1.862844156005471540e-12 3.913379192545142140e-12 -1.287207621789545554e-13 8.959722558706202339e-12 5.147397978017432192e-12 6.071871040932926617e-12 9.052296229434510772e-12 8.790236102712803527e-12 9.572966241676188537e-12 1.372412680076935368e-11 2.485405957561398953e-11 7.604934994731832533e-12
4.416436866386925896e-11 -3.564884707003657002e-12 -3.046635351083919151e-11 4.007042729102507581e-13 -3.512964988283090491e-12 3.750422691745489412e-11 1.309582777845846625e-11 -5.613199053471039490e-12 -2.462325559464293129e-12 5.233822200211956616e-12 2.162667253244297420e-12 1.619496011928313271e-13 2.262267339901677196e-12 5.027947575012644808e-12 6.240924977908934985e-12 3.354257449562771260e-12 5.501487579385982654e-12 4.499117365773979663e-12 7.604934994731832533e-12 2.426696686337527074e-11
