1.379636301147458477e-08 -7.311573727517569855e-10 -1.668968765434123417e-10 -6.461534855226118853e-10 1.146527838701941513e-09 -5.147673549703467267e-11 -2.768639246317305818e-10 2.928696365725272859e-10 -1.186603526167597492e-11 4.921369243718746456e-11 1.179604691824615981e-10 8.373964233054540524e-11 -4.888020309582175668e-11 -1.010766326090176285e-10 -6.694750281455577288e-11 7.863749335399899003e-12 -1.912653459382209085e-11 9.007135186311579736e-12 1.887685211128634539e-11 1.502316470210799372e-11
-7.311573727517569855e-10 9.071725375980428886e-09 5.565229352333299333e-11 -6.406966852392429548e-10 -4.367770655217827081e-10 -6.656607424069368083e-10 -1.293985786048965091e-10 2.737772449275442933e-10 -1.866792220524230094e-10 -7.388572985928853223e-11 2.042775551540574213e-11 -2.054685357237331046e-11 1.236510814784906172e-10 -4.672890457961917844e-11 1.363351539027542644e-11 3.125510017172505875e-12 -1.665461730270927341e-11 1.643463863895227829e-11 7.510404119670951210e-11 3.973015127880726581e-11
-1.668968765434123417e-10 5.565229352333299333e-11 5.723059608028304999e-09 -3.430416160508353033e-10 -1.399354048875477560e-10 1.043198162371658828e-10 -6.217491377527898669e-11 -1.552390532736460237e-11 -2.905848343176879992e-10 -2.208566175625622315e-10 -1.295330479745208388e-12 -1.028374208304661875e-10 8.134121552781168067e-11 1.079032906912210546e-10 -2.884126127348026501e-11 1.044314321813759545e-12 1.369151515806181275e-11 -2.943174921920034555e-11 -2.096886742271564160e-11 -4.056411051029031867e-11
-6.461534855226118853e-10 -6.406966852392429548e-10 -3.430416160508353033e-10 3.383587986424564987e-09 4.914675355726861304e-10 -1.282642489116633874e-10 7.441825407916935320e-11 4.971176864280852443e-11 7.008848110316478583e-11 -2.570209869368733053e-12 -2.799688822526047753e-11 -2.249320571452625483e-11 -3.472167630300566074e-12 1.209954774406992562e-11 -2.858975753742776815e-14 8.619618866103652051e-12 4.245815123468972889e-12 -1.144983532779201178e-11 8.118649220449495174e-12 -8.756772495383299100e-13
1.146527838701941513e-09 -4.367770655217827081e-10 -1.399354048875477560e-10 4.914675355726861304e-10 2.487137283664321644e-09 2.380162265028645510e-10 -4.558244088630098060e-11 1.207304738929259757e-10 -1.046585379000762845e-10 -3.468523035159079092e-11 2.472634294805091239e-11 -9.753051082270820389e-12 -4.570434295351816312e-11 3.285945604276668395e-12 2.359199419655375587e-11 2.496297715818628815e-11 4.055633614434600709e-11 4.514631619460533490e-11 1.392823924737904794e-11 1.287452400112805367e-11
-5.147673549703467267e-11 -6.656607424069368083e-10 1.043198162371658828e-10 -1.282642489116633874e-10 2.380162265028645510e-10 1.551009906172961644e-09 3.580129141265279619e-12 1.351212102952934313e-10 9.533721089006247785e-11 2.777656914012662536e-11 -4.170298055228529202e-11 -2.774772613623259526e-11 -2.489508548857933632e-11 -2.558476956167144492e-12 1.214008360263025599e-11 1.964915552501068963e-11 2.244065588655556156e-11 2.277084405045742144e-11 6.816950155260074669e-12 8.574418723515086200e-12
-2.768639246317305818e-10 -1.293985786048965091e-10 -6.217491377527898669e-11 7.441825407916935320e-11 -4.558244088630098060e-11 3.580129141265279619e-12 8.384263587503849556e-10 1.103292177612021946e-10 1.102791415395026966e-11 -4.648422827658051874e-11 -4.619339295580795640e-12 7.569257199398890514e-12 -1.691623013237209754e-11 -3.017897824815590676e-11 2.050595118235354048e-11 2.139184250559442896e-12 -1.605508693287738258e-12 -6.587314190211318842e-12 -1.128736849331679600e-11 -1.638265800853024720e-11
2.928696365725272859e-10 2.737772449275442933e-10 -1.552390532736460237e-11 4.971176864280852443e-11 1.207304738929259757e-10 1.351212102952934313e-10 1.103292177612021946e-10 5.969481933444911805e-10 3.733385125072680137e-11 -2.647844347052782459e-11 3.490326627858902322e-11 -8.957612440112419774e-12 2.778948680970554553e-12 -2.016547662843703752e-11 5.186677664698798471e-12 -1.838639603100045563e-11 1.114653901910538628e-11 -2.520862235275028246e-12 1.088611664447695398e-12 -1.000158156388985929e-12
-1.186603526167597492e-11 -1.866792220524230094e-10 -2.905848343176879992e-10 7.008848110316478583e-11 -1.046585379000762845e-10 9.533721089006247785e-11 1.102791415395026966e-11 3.733385125072680137e-11 4.670568505682975519e-10 3.935899311743270606e-11 -2.637761099246805614e-11 2.497276608311832553e-11 -1.201652764172558202e-12 -1.083662082626494495e-11 2.915890278881885030e-11 4.248581097736628752e-13 1.200632934384176295e-11 4.019821690681570790e-13 1.221624579757929165e-11 2.391778204425036921e-12
4.921369243718746456e-11 -7.388572985928853223e-11 -2.208566175625622315e-10 -2.570209869368733053e-12 -3.468523035159079092e-11 2.777656914012662536e-11 -4.648422827658051874e-11 -2.647844347052782459e-11 3.935899311743270606e-11 2.213445313687404894e-10 2.883159939262274256e-11 1.266343582924741576e-11 1.618636933920180319e-12 -8.697506069443976783e-12 -6.762379577459795092e-12 3.396885143032658211e-12 1.559441360953261562e-13 1.469532613277088519e-12 1.983885301235681066e-12 -1.356926809246243997e-12
1.179604691824615981e-10 2.042775551540574213e-11 -1.295330479745208388e-12 -2.799688822526047753e-11 2.472634294805091239e-11 -4.170298055228529202e-11 -4.619339295580795640e-12 3.490326627858902322e-11 -2.637761099246805614e-11 2.883159939262274256e-11 1.665204573284769458e-10 2.367118729969101037e-11 4.063203526793771359e-12 1.455143299183499513e-12 1.746822551853143147e-12 1.303934008780222072e-12 1.046675464883436142e-11 -4.194751793228365385e-12 1.446332278374568388e-12 1.473027737602915467e-12
8.373964233054540524e-11 -2.054685357237331046e-11 -1.028374208304661875e-10 -2.249320571452625483e-11 -9.753051082270820389e-12 -2.774772613623259526e-11 7.569257199398890514e-12 -8.957612440112419774e-12 2.497276608311832553e-11 1.266343582924741576e-11 2.367118729969101037e-11 1.196798943701640454e-10 -8.544965652682102847e-13 8.145146478097058996e-12 4.341635300995617062e-12 4.323596313147229214e-13 1.530956988029108623e-13 -1.126255000298886680e-12 1.614459861660764573e-12 2.803587685983989226e-12
-4.888020309582175668e-11 1.236510814784906172e-10 8.134121552781168067e-11 -3.472167630300566074e-12 -4.570434295351816312e-11 -2.489508548857933632e-11 -1.691623013237209754e-11 2.778948680970554553e-12 -1.201652764172558202e-12 1.618636933920180319e-12 4.063203526793771359e-12 -8.544965652682102847e-13 9.599313905476640585e-11 1.972217183838340104e-11 1.516949565029011002e-11 4.845042672180674488e-12 -2.575070982525566034e-12 1.182845920000009472e-12 -2.164048549459921564e-12 -4.608677350626474398e-13
-1.010766326090176285e-10 -4.672890457961917844e-11 1.079032906912210546e-10 1.209954774406992562e-11 3.285945604276668395e-12 -2.558476956167144492e-12 -3.017897824815590676e-11 -2.016547662843703752e-11 -1.083662082626494495e-11 -8.697506069443976783e-12 1.455143299183499513e-12 8.145146478097058996e-12 1.972217183838340104e-11 6.492389919567125642e-11 1.429466061622605925e-11 9.335495566467057060e-12 3.678481117531156973e-12 3.641772244402456100e-12 -8.395123430974647244e-13 -2.047013298942488427e-13
-6.694750281455577288e-11 1.363351539027542644e-11 -2.884126127348026501e-11 -2.858975753742776815e-14 2.359199419655375587e-11 1.214008360263025599e-11 2.050595118235354048e-11 5.186677664698798471e-12 2.915890278881885030e-11 -6.762379577459795092e-12 1.746822551853143147e-12 4.341635300995617062e-12 1.516949565029011002e-11 1.429466061622605925e-11 4.613426696424726449e-11 9.925127539555623319e-12 5.170583715765106938e-12 2.399237028821547856e-12 2.070671659120055957e-13 2.560706566677518503e-12
7.863749335399899003e-12 3.125510017172505875e-12 1.044314321813759545e-12 8.619618866103652051e-12 2.496297715818628815e-11 1.964915552501068963e-11 2.139184250559442896e-12 -1.838639603100045563e-11 4.248581097736628752e-13 3.396885143032658211e-12 1.303934008780222072e-12 4.323596313147229214e-13 4.845042672180674488e-12 9.335495566467057060e-12 9.925127539555623319e-12 3.279896483758644339e-11 7.446960169262418097e-12 2.848389197281293693e-12 2.522047027523707492e-12 8.643419998614244009e-13
-1.912653459382209085e-11 -1.665461730270927341e-11 1.369151515806181275e-11 4.245815123468972889e-12 4.055633614434600709e-11 2.244065588655556156e-11 -1.605508693287738258e-12 1.114653901910538628e-11 1.200632934384176295e-11 1.559441360953261562e-13 1.046675464883436142e-11 1.530956988029108623e-13 -2.575070982525566034e-12 3.678481117531156973e-12 5.170583715765106938e-12 7.446960169262418097e-12 2.185504128752133391e-11 8.018178123832341869e-12 1.084960106836376052e-12 1.089842196776640920e-12
9.007135186311579736e-12 1.643463863895227829e-11 -2.943174921920034555e-11 -1.144983532779201178e-11 4.514631619460533490e-11 2.277084405045742144e-11 -6.587314190211318842e-12 -2.520862235275028246e-12 4.019821690681570790e-13 1.469532613277088519e-12 -4.194751793228365385e-12 -1.126255000298886680e-12 1.182845920000009472e-12 3.641772244402456100e-12 2.399237028821547856e-12 2.848389197281293693e-12 8.018178123832341869e-12 1.976916058212728308e-11 4.013541244205411387e-12 2.032973069880676657e-12
1.887685211128634539e-11 7.510404119670951210e-11 -2.096886742271564160e-11 8.118649220449495174e-12 1.392823924737904794e-11 6.816950155260074669e-12 -1.128736849331679600e-11 1.088611664447695398e-12 1.221624579757929165e-11 1.983885301235681066e-12 1.446332278374568388e-12 1.614459861660764573e-12 -2.164048549459921564e-12 -8.395123430974647244e-13 2.070671659120055957e-13 2.522047027523707492e-12 1.084960106836376052e-12 4.013541244205411387e-12 1.392903061497927317e-11 3.657838440258995501e-12
1.502316470210799372e-11 3.973015127880726581e-11 -4.056411051029031867e-11 -8.756772495383299100e-13 1.287452400112805367e-11 8.574418723515086200e-12 -1.638265800853024720e-11 -1.000158156388985929e-12 2.391778204425036921e-12 -1.356926809246243997e-12 1.473027737602915467e-12 2.803587685983989226e-12 -4.608677350626474398e-13 -2.047013298942488427e-13 2.560706566677518503e-12 8.643419998614244009e-13 1.089842196776640920e-12 2.032973069880676657e-12 3.657838440258995501e-12 1.053866403584008414e-11
