2.136348312017686368e-12 1.106455246998206387e-12 8.650341656398545988e-13 5.758492356709873222e-13 4.632035351638629307e-13 3.994572059158568465e-13 3.458452529120591249e-13 2.078125357895527343e-13 1.792504311401839382e-13 3.313213074012360317e-13 3.409801953045367092e-13 4.108729967049952581e-13 4.934703326230136990e-13 4.229949131771216044e-13 2.598385693480872402e-13 1.313225729003472028e-13 -1.073970227532556698e-13 -6.934777411540438968e-13 -1.525907042990843702e-12 -1.775877522636061079e-12
1.106455246998206387e-12 2.066793021857914509e-12 1.183940642314434176e-12 6.732971769201021388e-13 4.521540388645166691e-13 3.361273054203636572e-13 2.549748064921080213e-13 8.074566316286224108e-14 1.829007133932370131e-13 4.133379139808417045e-13 3.411417972078659560e-13 3.026625569770670260e-13 1.571559412683219632e-13 1.249400635716723931e-13 -7.746780076612192208e-14 -6.205214872552905669e-13 -1.306720673238309764e-12 -1.872881767906165515e-12 -2.098340686419469997e-12 -2.255793210541903406e-12
8.650341656398545988e-13 1.183940642314434176e-12 1.695819023676581884e-12 8.678387560169647379e-13 4.619879626899132456e-13 2.684306134829056916e-13 3.630882232988291128e-13 2.950995763556624706e-13 2.126950112199307229e-13 4.124965835349854223e-13 4.843523915049483316e-13 4.328632474994274985e-13 2.641377439578029599e-13 1.929070229085849757e-13 2.459695278327739031e-13 3.658225163029059033e-13 4.095229750362680194e-13 4.651520890982905424e-13 2.778529490287034706e-13 -5.377785749814931888e-13
5.758492356709873222e-13 6.732971769201021388e-13 8.678387560169647379e-13 1.397243641653132382e-12 8.349312240088663315e-13 6.331300881285689124e-13 5.478540600201554938e-13 5.736861508175476248e-13 5.068275169688467431e-13 6.916105183237564305e-13 8.167557492553093638e-13 8.046397576703779146e-13 7.654232806497221985e-13 6.023541262097460028e-13 4.081215293642854929e-13 2.614022338971108952e-13 2.894176031769684625e-13 2.464098148034958051e-13 -6.002584644755278607e-13 -1.665290227602957850e-12
4.632035351638629307e-13 4.521540388645166691e-13 4.619879626899132456e-13 8.349312240088663315e-13 1.162390309125992922e-12 8.736435933244793459e-13 6.653009745871477746e-13 5.812297252398867004e-13 5.332386933034753553e-13 6.978357314781531572e-13 7.582630314345540468e-13 6.926913075561773547e-13 6.962814623940173566e-13 5.467289516558909171e-13 4.007095805504002603e-13 3.781208542704188108e-13 6.230357894014439016e-13 8.718193802894509139e-13 3.391434355668886243e-13 3.293500222645316947e-14
3.994572059158568465e-13 3.361273054203636572e-13 2.684306134829056916e-13 6.331300881285689124e-13 8.736435933244793459e-13 1.387373549985614008e-12 1.102076028507712109e-12 1.012594328356431852e-12 1.009964401838334782e-12 1.150465531820240350e-12 1.365235585348621391e-12 1.488142446535347298e-12 1.686920094009480357e-12 1.670663839228637304e-12 1.661138546403703746e-12 1.690619100000034942e-12 2.070346387625226878e-12 2.556443311261870822e-12 2.391377933633106610e-12 2.352500946659267181e-12
3.458452529120591249e-13 2.549748064921080213e-13 3.630882232988291128e-13 5.478540600201554938e-13 6.653009745871477746e-13 1.102076028507712109e-12 1.702730994516386598e-12 1.503899499196683223e-12 1.472180945626013553e-12 1.642176028646601601e-12 1.871916258869884992e-12 1.988989009528656799e-12 2.278501406756988044e-12 2.480369609105740734e-12 2.824011546158791224e-12 3.436018676944307595e-12 4.633455611341076564e-12 6.233896515058930006e-12 7.325394323963287655e-12 8.310656004622494244e-12
2.078125357895527343e-13 8.074566316286224108e-14 2.950995763556624706e-13 5.736861508175476248e-13 5.812297252398867004e-13 1.012594328356431852e-12 1.503899499196683223e-12 2.087391906830800893e-12 2.063388818732826390e-12 2.297661599168001546e-12 2.587623594029383977e-12 2.729113900227467903e-12 3.072673362761780041e-12 3.125546068095886027e-12 3.349998736632632608e-12 3.892422486511019457e-12 4.952797958513891445e-12 6.371462297996569071e-12 7.415469423464788101e-12 8.424459838750900386e-12
1.792504311401839382e-13 1.829007133932370131e-13 2.126950112199307229e-13 5.068275169688467431e-13 5.332386933034753553e-13 1.009964401838334782e-12 1.472180945626013553e-12 2.063388818732826390e-12 2.696149887452850213e-12 3.033487594487128044e-12 3.410889001489103673e-12 3.695094408875556162e-12 4.166637854491311710e-12 4.260724195577218387e-12 4.331936031240842598e-12 4.605915611117883503e-12 5.229119668860490255e-12 6.280637578746208500e-12 7.109321780690544250e-12 8.385574704226047241e-12
3.313213074012360317e-13 4.133379139808417045e-13 4.124965835349854223e-13 6.916105183237564305e-13 6.978357314781531572e-13 1.150465531820240350e-12 1.642176028646601601e-12 2.297661599168001546e-12 3.033487594487128044e-12 4.194173157839366654e-12 4.794281328727548069e-12 5.271523298598888950e-12 6.010139504371891259e-12 6.330258697839014667e-12 6.445331347123629603e-12 6.817952423896694776e-12 7.557053944911499763e-12 8.755771630228589355e-12 9.415982485706752659e-12 1.099104806161281910e-11
3.409801953045367092e-13 3.411417972078659560e-13 4.843523915049483316e-13 8.167557492553093638e-13 7.582630314345540468e-13 1.365235585348621391e-12 1.871916258869884992e-12 2.587623594029383977e-12 3.410889001489103673e-12 4.794281328727548069e-12 6.303360218529875281e-12 7.377649051006143671e-12 8.592405457939357407e-12 9.240615668231277363e-12 9.544676139377595250e-12 1.022219823325257215e-11 1.143906695772439098e-11 1.294692096524134650e-11 1.321232381093623986e-11 1.444958409840967404e-11
4.108729967049952581e-13 3.026625569770670260e-13 4.328632474994274985e-13 8.046397576703779146e-13 6.926913075561773547e-13 1.488142446535347298e-12 1.988989009528656799e-12 2.729113900227467903e-12 3.695094408875556162e-12 5.271523298598888950e-12 7.377649051006143671e-12 9.823924357768833557e-12 1.216847090344539089e-11 1.390329853992789132e-11 1.533858329476579349e-11 1.678943909403047368e-11 1.878277493193848182e-11 2.086389904537085803e-11 2.129465854022549512e-11 2.331102847748032511e-11
4.934703326230136990e-13 1.571559412683219632e-13 2.641377439578029599e-13 7.654232806497221985e-13 6.962814623940173566e-13 1.686920094009480357e-12 2.278501406756988044e-12 3.072673362761780041e-12 4.166637854491311710e-12 6.010139504371891259e-12 8.592405457939357407e-12 1.216847090344539089e-11 1.655782176944164924e-11 2.011440738558679165e-11 2.325865231273889463e-11 2.585264487293677162e-11 2.853779615587045399e-11 3.117581879110402718e-11 3.213601693194684258e-11 3.542851629232547691e-11
4.229949131771216044e-13 1.249400635716723931e-13 1.929070229085849757e-13 6.023541262097460028e-13 5.467289516558909171e-13 1.670663839228637304e-12 2.480369609105740734e-12 3.125546068095886027e-12 4.260724195577218387e-12 6.330258697839014667e-12 9.240615668231277363e-12 1.390329853992789132e-11 2.011440738558679165e-11 2.705366968049993277e-11 3.339253015424075686e-11 3.783400773797611087e-11 4.166793355248144589e-11 4.543314695631591897e-11 4.755940721048159530e-11 5.296417377782754915e-11
2.598385693480872402e-13 -7.746780076612192208e-14 2.459695278327739031e-13 4.081215293642854929e-13 4.007095805504002603e-13 1.661138546403703746e-12 2.824011546158791224e-12 3.349998736632632608e-12 4.331936031240842598e-12 6.445331347123629603e-12 9.544676139377595250e-12 1.533858329476579349e-11 2.325865231273889463e-11 3.339253015424075686e-11 4.475061030512311148e-11 5.333174189888046818e-11 6.084383045755308908e-11 6.825115092134955640e-11 7.353139168162321570e-11 8.316975033105715210e-11
1.313225729003472028e-13 -6.205214872552905669e-13 3.658225163029059033e-13 2.614022338971108952e-13 3.781208542704188108e-13 1.690619100000034942e-12 3.436018676944307595e-12 3.892422486511019457e-12 4.605915611117883503e-12 6.817952423896694776e-12 1.022219823325257215e-11 1.678943909403047368e-11 2.585264487293677162e-11 3.783400773797611087e-11 5.333174189888046818e-11 6.919825985459007000e-11 8.498291511317701901e-11 9.959895910594986553e-11 1.095597146207636592e-10 1.243970539474642831e-10
-1.073970227532556698e-13 -1.306720673238309764e-12 4.095229750362680194e-13 2.894176031769684625e-13 6.230357894014439016e-13 2.070346387625226878e-12 4.633455611341076564e-12 4.952797958513891445e-12 5.229119668860490255e-12 7.557053944911499763e-12 1.143906695772439098e-11 1.878277493193848182e-11 2.853779615587045399e-11 4.166793355248144589e-11 6.084383045755308908e-11 8.498291511317701901e-11 1.162673048137917483e-10 1.467014444053990481e-10 1.675708622917700631e-10 1.922356761515977899e-10
-6.934777411540438968e-13 -1.872881767906165515e-12 4.651520890982905424e-13 2.464098148034958051e-13 8.718193802894509139e-13 2.556443311261870822e-12 6.233896515058930006e-12 6.371462297996569071e-12 6.280637578746208500e-12 8.755771630228589355e-12 1.294692096524134650e-11 2.086389904537085803e-11 3.117581879110402718e-11 4.543314695631591897e-11 6.825115092134955640e-11 9.959895910594986553e-11 1.467014444053990481e-10 2.034322380332584267e-10 2.483759974680809412e-10 2.914995103328162905e-10
-1.525907042990843702e-12 -2.098340686419469997e-12 2.778529490287034706e-13 -6.002584644755278607e-13 3.391434355668886243e-13 2.391377933633106610e-12 7.325394323963287655e-12 7.415469423464788101e-12 7.109321780690544250e-12 9.415982485706752659e-12 1.321232381093623986e-11 2.129465854022549512e-11 3.213601693194684258e-11 4.755940721048159530e-11 7.353139168162321570e-11 1.095597146207636592e-10 1.675708622917700631e-10 2.483759974680809412e-10 3.288413490828742905e-10 4.043372667060945362e-10
-1.775877522636061079e-12 -2.255793210541903406e-12 -5.377785749814931888e-13 -1.665290227602957850e-12 3.293500222645316947e-14 2.352500946659267181e-12 8.310656004622494244e-12 8.424459838750900386e-12 8.385574704226047241e-12 1.099104806161281910e-11 1.444958409840967404e-11 2.331102847748032511e-11 3.542851629232547691e-11 5.296417377782754915e-11 8.316975033105715210e-11 1.243970539474642831e-10 1.922356761515977899e-10 2.914995103328162905e-10 4.043372667060945362e-10 5.294591251837150356e-10
