1.014600005502222044e-11 1.029417357748463083e-12 1.662394379007971835e-12 2.937245041243417265e-13 2.955148341430221185e-13 -5.957956174904798553e-14 3.299631969175165910e-14 -2.423875355255064304e-13 5.670810431771279506e-14 4.000545954776933037e-13 3.005332321889677110e-13 -6.327611020597641908e-15 -4.599676247003164471e-15 -3.154995139498555507e-13 -2.077662064426392155e-13 -1.531173571506815184e-13 -1.128697169849985888e-13 -4.236117309065138203e-14 1.610864128718366910e-13 1.268566219139637666e-13
1.029417357748463083e-12 5.411980758114149213e-12 1.441587224197748536e-13 5.588719826835190248e-14 2.290963837756023667e-13 -1.529320823722263046e-13 -1.650719630619523114e-14 -2.679946977087680048e-13 -1.182253914212934713e-13 -4.454106494234251883e-14 2.489623938000195179e-14 3.023511316615919420e-14 -1.508595152463887945e-13 -1.441753841743148549e-13 -5.108930011405062532e-14 9.227772709009122038e-14 4.257805487772670799e-14 1.683754010139513262e-13 8.297772566612864092e-14 -6.638401838447474976e-14
1.662394379007971835e-12 1.441587224197748536e-13 4.567336207282635066e-12 2.178250029687318398e-13 -3.092747060132170954e-14 -6.624245181442986645e-14 -1.654047524999429435e-14 1.420423401982382856e-14 2.497728834226158819e-13 -5.510779408782973884e-14 5.489683258977887499e-14 -2.100812376858885286e-13 -1.986085363203185583e-13 -1.741903756432129759e-13 -2.058466871049235726e-13 5.870658235600234153e-15 5.885121034914827752e-14 4.478125567991891206e-14 1.611845777390029810e-13 1.927262727507553817e-13
2.937245041243417265e-13 5.588719826835190248e-14 2.178250029687318398e-13 2.755473479913904151e-12 4.522798561467092897e-14 7.658902006058819504e-14 -2.022302687486334695e-14 7.805245650705604097e-14 1.174118123894996589e-13 -2.039285993756078984e-14 1.154050140496894639e-13 1.476424231293030510e-13 6.473946558733132814e-14 -4.636040922961633714e-14 -1.278893675701369338e-14 7.120351727621048881e-14 4.748201804619264602e-14 -9.380864040405771917e-15 -7.824745395472902582e-14 -1.303847739184593145e-14
2.955148341430221185e-13 2.290963837756023667e-13 -3.092747060132170954e-14 4.522798561467092897e-14 1.881281754565780141e-12 1.644906814565171998e-13 1.127410544331372262e-13 1.258165208409610746e-13 3.751258915060345826e-14 -9.592299323074492661e-14 -5.340904995142458694e-14 -3.971303278262294539e-14 -2.456226876866724009e-15 3.324786628552198009e-15 5.758822570035301661e-14 4.671936826835189014e-14 1.001250358771159521e-13 1.204302495288449011e-13 5.254233409532783760e-14 -1.040470596969128574e-14
-5.957956174904798553e-14 -1.529320823722263046e-13 -6.624245181442986645e-14 7.658902006058819504e-14 1.644906814565171998e-13 1.371634597617881912e-12 3.518452616057566198e-13 3.078697971993815366e-13 2.641112858041456087e-13 1.875574604387484951e-13 9.281153526860384043e-17 -1.808658242543076311e-14 -7.451801114464089625e-15 -3.255696978546040863e-14 -6.154894825651854728e-15 -2.319567250511915945e-14 1.460238297289373497e-14 6.849524214755508488e-15 -7.959512271816825613e-14 -5.994341337142360098e-14
3.299631969175165910e-14 -1.650719630619523114e-14 -1.654047524999429435e-14 -2.022302687486334695e-14 1.127410544331372262e-13 3.518452616057566198e-13 8.765114879397758623e-13 2.508304646437840279e-13 1.722517894519464632e-13 4.034686287745819205e-14 -4.012601453840905981e-14 -6.294893378018742903e-15 -3.094410964686120637e-14 -4.130150700334110344e-15 6.661176672940737798e-14 8.366002871171409671e-15 1.947431670152587500e-14 4.273408336351664862e-14 1.825867602538510320e-14 5.845033837752722892e-14
-2.423875355255064304e-13 -2.679946977087680048e-13 1.420423401982382856e-14 7.805245650705604097e-14 1.258165208409610746e-13 3.078697971993815366e-13 2.508304646437840279e-13 9.353198212341944231e-13 4.051118796461308236e-13 2.134862281556015435e-13 1.048836489501464233e-13 1.383869316390363034e-14 6.751951456822077440e-14 9.884918517035628400e-14 9.020969566683861243e-14 2.930719446341719441e-14 4.815639153984893912e-14 7.759033498280145356e-14 4.986854796899305467e-14 9.929327586547052877e-15
5.670810431771279506e-14 -1.182253914212934713e-13 2.497728834226158819e-13 1.174118123894996589e-13 3.751258915060345826e-14 2.641112858041456087e-13 1.722517894519464632e-13 4.051118796461308236e-13 6.418368719503001244e-13 2.014642943677146784e-13 1.308205987100273948e-13 3.534163850776159850e-14 1.408213606805501020e-14 1.039968210740401557e-14 4.440317253894088048e-14 3.448541758185280217e-14 2.398102134013892933e-14 4.580977161783469297e-14 1.178504447079988315e-14 -8.033886872067369989e-15
4.000545954776933037e-13 -4.454106494234251883e-14 -5.510779408782973884e-14 -2.039285993756078984e-14 -9.592299323074492661e-14 1.875574604387484951e-13 4.034686287745819205e-14 2.134862281556015435e-13 2.014642943677146784e-13 4.618582721025855634e-13 1.617590017532363822e-13 8.635614050893807942e-14 7.268151257051173398e-14 1.546522845661204765e-14 3.384672324075435819e-14 4.623532278967260218e-14 3.190854937189897190e-14 5.158154385838993735e-14 3.767491227895372851e-14 -2.259716298021320308e-14
3.005332321889677110e-13 2.489623938000195179e-14 5.489683258977887499e-14 1.154050140496894639e-13 -5.340904995142458694e-14 9.281153526860384043e-17 -4.012601453840905981e-14 1.048836489501464233e-13 1.308205987100273948e-13 1.617590017532363822e-13 3.442139547939034929e-13 1.799862352050492093e-13 1.018884510955758912e-13 1.454634373784828775e-14 7.288001851575982924e-15 2.310336655710808679e-14 3.091487397705272164e-14 1.573562139501280917e-14 -3.283258384090342800e-14 -8.912123632443006107e-14
-6.327611020597641908e-15 3.023511316615919420e-14 -2.100812376858885286e-13 1.476424231293030510e-13 -3.971303278262294539e-14 -1.808658242543076311e-14 -6.294893378018742903e-15 1.383869316390363034e-14 3.534163850776159850e-14 8.635614050893807942e-14 1.799862352050492093e-13 3.508820279106776495e-13 2.050947242615394951e-13 1.082337382102204935e-13 6.525512755835668700e-14 6.123042130545849274e-14 7.845450543097292517e-14 3.513840400652482560e-14 2.074356718474553799e-14 -2.066574838948455404e-14
-4.599676247003164471e-15 -1.508595152463887945e-13 -1.986085363203185583e-13 6.473946558733132814e-14 -2.456226876866724009e-15 -7.451801114464089625e-15 -3.094410964686120637e-14 6.751951456822077440e-14 1.408213606805501020e-14 7.268151257051173398e-14 1.018884510955758912e-13 2.050947242615394951e-13 3.217837695602791707e-13 1.759873489215813764e-13 1.032857375336695127e-13 6.539278083150400337e-14 4.734417567040429210e-14 1.706179193572295508e-14 -6.670384457125110932e-15 -5.848078501894461253e-14
-3.154995139498555507e-13 -1.441753841743148549e-13 -1.741903756432129759e-13 -4.636040922961633714e-14 3.324786628552198009e-15 -3.255696978546040863e-14 -4.130150700334110344e-15 9.884918517035628400e-14 1.039968210740401557e-14 1.546522845661204765e-14 1.454634373784828775e-14 1.082337382102204935e-13 1.759873489215813764e-13 2.844499766949064041e-13 1.905249676716232254e-13 1.373237191887048511e-13 9.784329602793156025e-14 6.670905507850534231e-14 4.039496584619948835e-14 -1.494259284099160840e-14
-2.077662064426392155e-13 -5.108930011405062532e-14 -2.058466871049235726e-13 -1.278893675701369338e-14 5.758822570035301661e-14 -6.154894825651854728e-15 6.661176672940737798e-14 9.020969566683861243e-14 4.440317253894088048e-14 3.384672324075435819e-14 7.288001851575982924e-15 6.525512755835668700e-14 1.032857375336695127e-13 1.905249676716232254e-13 2.839191617438816308e-13 2.373469966350457555e-13 1.839881442707929393e-13 1.519972541558989186e-13 8.206901490613228428e-14 6.402897479061380589e-15
-1.531173571506815184e-13 9.227772709009122038e-14 5.870658235600234153e-15 7.120351727621048881e-14 4.671936826835189014e-14 -2.319567250511915945e-14 8.366002871171409671e-15 2.930719446341719441e-14 3.448541758185280217e-14 4.623532278967260218e-14 2.310336655710808679e-14 6.123042130545849274e-14 6.539278083150400337e-14 1.373237191887048511e-13 2.373469966350457555e-13 3.446668369352156044e-13 2.816669364113901257e-13 2.101199273350150260e-13 1.112841948796043411e-13 1.253876262620234922e-14
-1.128697169849985888e-13 4.257805487772670799e-14 5.885121034914827752e-14 4.748201804619264602e-14 1.001250358771159521e-13 1.460238297289373497e-14 1.947431670152587500e-14 4.815639153984893912e-14 2.398102134013892933e-14 3.190854937189897190e-14 3.091487397705272164e-14 7.845450543097292517e-14 4.734417567040429210e-14 9.784329602793156025e-14 1.839881442707929393e-13 2.816669364113901257e-13 3.535728350867190908e-13 2.769806319057631402e-13 1.584085283842954363e-13 4.059165704262376905e-14
-4.236117309065138203e-14 1.683754010139513262e-13 4.478125567991891206e-14 -9.380864040405771917e-15 1.204302495288449011e-13 6.849524214755508488e-15 4.273408336351664862e-14 7.759033498280145356e-14 4.580977161783469297e-14 5.158154385838993735e-14 1.573562139501280917e-14 3.513840400652482560e-14 1.706179193572295508e-14 6.670905507850534231e-14 1.519972541558989186e-13 2.101199273350150260e-13 2.769806319057631402e-13 3.912883265694715968e-13 3.153778366222868297e-13 1.598482634634217903e-13
1.610864128718366910e-13 8.297772566612864092e-14 1.611845777390029810e-13 -7.824745395472902582e-14 5.254233409532783760e-14 -7.959512271816825613e-14 1.825867602538510320e-14 4.986854796899305467e-14 1.178504447079988315e-14 3.767491227895372851e-14 -3.283258384090342800e-14 2.074356718474553799e-14 -6.670384457125110932e-15 4.039496584619948835e-14 8.206901490613228428e-14 1.112841948796043411e-13 1.584085283842954363e-13 3.153778366222868297e-13 4.655626492357069268e-13 3.951685635410197252e-13
1.268566219139637666e-13 -6.638401838447474976e-14 1.927262727507553817e-13 -1.303847739184593145e-14 -1.040470596969128574e-14 -5.994341337142360098e-14 5.845033837752722892e-14 9.929327586547052877e-15 -8.033886872067369989e-15 -2.259716298021320308e-14 -8.912123632443006107e-14 -2.066574838948455404e-14 -5.848078501894461253e-14 -1.494259284099160840e-14 6.402897479061380589e-15 1.253876262620234922e-14 4.059165704262376905e-14 1.598482634634217903e-13 3.951685635410197252e-13 5.589150388855754568e-13
