5.538933931666380275e-07 3.897918462188026636e-07 3.802613348000054796e-07 3.697459805314816369e-07 3.665070777858922056e-07 3.354904826953463366e-07 3.299283557465675923e-07 3.096785076914077309e-07 3.092235359678823381e-07 2.956696241206447150e-07 2.947548280990079403e-07 2.811583575631788990e-07 2.669594495206040412e-07 2.391215257735718571e-07 2.130029731030142673e-07 1.767799858033203005e-07 1.425114646161371793e-07 1.195807026815313863e-07 9.863204597059490793e-08 9.050414811086465690e-08
3.897918462188026636e-07 4.483793341905580229e-07 3.744827160018529982e-07 3.592413403629290768e-07 3.434801734100042283e-07 3.251641553333423707e-07 3.065164175664830294e-07 2.950348799931884615e-07 2.892638400106530711e-07 2.786598709487982782e-07 2.776801021287396195e-07 2.652629478005579210e-07 2.540217003217364323e-07 2.348407087266952456e-07 2.130102580650804091e-07 1.855981850756915538e-07 1.604450744232626107e-07 1.427441843339892766e-07 1.224803842319840193e-07 1.178403409615111483e-07
3.802613348000054796e-07 3.744827160018529982e-07 4.350185834017910135e-07 3.663630798090164196e-07 3.578847917342321811e-07 3.406686022836532323e-07 3.262153555478269269e-07 3.149543102278120145e-07 3.138654674468120618e-07 3.030969464066798874e-07 3.007685886159064807e-07 2.910557995497633144e-07 2.799551427879767846e-07 2.619356494143647270e-07 2.377521955123844338e-07 2.082584223248441828e-07 1.807721174986946975e-07 1.615587017530513049e-07 1.464662837141299874e-07 1.381649813565390149e-07
3.697459805314816369e-07 3.592413403629290768e-07 3.663630798090164196e-07 3.936877741429385026e-07 3.546041798461924566e-07 3.356689338237355523e-07 3.211355115578753253e-07 3.100483898646441184e-07 3.049190032940870234e-07 2.945796559529219130e-07 2.866087451566909280e-07 2.727657146006456646e-07 2.575216754339982222e-07 2.392727657673227223e-07 2.172570054476446466e-07 1.915364640103354871e-07 1.658424909246783013e-07 1.503875227181153230e-07 1.336646344614125906e-07 1.227509792578883808e-07
3.665070777858922056e-07 3.434801734100042283e-07 3.578847917342321811e-07 3.546041798461924566e-07 3.742794685386552135e-07 3.395085305232183018e-07 3.269762061577929557e-07 3.167067137721146527e-07 3.134280376414213583e-07 3.039068698178560478e-07 2.946435679117067902e-07 2.796913986186700861e-07 2.662896531844824486e-07 2.478694609921417699e-07 2.237974984734978584e-07 1.940171387365145571e-07 1.666197544224791760e-07 1.475328224644886661e-07 1.360136685889465639e-07 1.286265926018104569e-07
3.354904826953463366e-07 3.251641553333423707e-07 3.406686022836532323e-07 3.356689338237355523e-07 3.395085305232183018e-07 3.418491683211777478e-07 3.191244428871885373e-07 3.089337525829924546e-07 3.052336676313494557e-07 2.977797516303510207e-07 2.912981817241721289e-07 2.777064866712986790e-07 2.659462174399994280e-07 2.502046286427577800e-07 2.289548915655846539e-07 2.021410413608381265e-07 1.802306231726964157e-07 1.628993473645769001e-07 1.467393118055483087e-07 1.383882613933077867e-07
3.299283557465675923e-07 3.065164175664830294e-07 3.262153555478269269e-07 3.211355115578753253e-07 3.269762061577929557e-07 3.191244428871885373e-07 3.205426360619883759e-07 3.081515410402951520e-07 3.038875062476218856e-07 2.949415554059920456e-07 2.902197918067171406e-07 2.761673903063053506e-07 2.637765054886516375e-07 2.465754012558734281e-07 2.246940655703805892e-07 1.985158941349422101e-07 1.783773237488612630e-07 1.638203640053039258e-07 1.491658452411784909e-07 1.407623742014979482e-07
3.096785076914077309e-07 2.950348799931884615e-07 3.149543102278120145e-07 3.100483898646441184e-07 3.167067137721146527e-07 3.089337525829924546e-07 3.081515410402951520e-07 3.186454434493409178e-07 3.100010207237685743e-07 3.048251055010382411e-07 2.990215471466810002e-07 2.860408897811615056e-07 2.733870199496419106e-07 2.573830538333558033e-07 2.398553074010293384e-07 2.201598951767220660e-07 2.040338887318787153e-07 1.908299894244357776e-07 1.746360017210368028e-07 1.631698525243805387e-07
3.092235359678823381e-07 2.892638400106530711e-07 3.138654674468120618e-07 3.049190032940870234e-07 3.134280376414213583e-07 3.052336676313494557e-07 3.038875062476218856e-07 3.100010207237685743e-07 3.187233566456293001e-07 3.138026308918753235e-07 3.091409473353482532e-07 2.960754878986755160e-07 2.819259513962051274e-07 2.656974859780447368e-07 2.493967210209752491e-07 2.295870235882416514e-07 2.145845283702641944e-07 2.029012109301467241e-07 1.900720693363770808e-07 1.805038995702445670e-07
2.956696241206447150e-07 2.786598709487982782e-07 3.030969464066798874e-07 2.945796559529219130e-07 3.039068698178560478e-07 2.977797516303510207e-07 2.949415554059920456e-07 3.048251055010382411e-07 3.138026308918753235e-07 3.233297056636395801e-07 3.186571525369655930e-07 3.053116404312813758e-07 2.908706551805829810e-07 2.752843062211874772e-07 2.591644242561971917e-07 2.397198127425288659e-07 2.267859245790807635e-07 2.170365811511334967e-07 2.071642171767188737e-07 1.989327064650663159e-07
2.947548280990079403e-07 2.776801021287396195e-07 3.007685886159064807e-07 2.866087451566909280e-07 2.946435679117067902e-07 2.912981817241721289e-07 2.902197918067171406e-07 2.990215471466810002e-07 3.091409473353482532e-07 3.186571525369655930e-07 3.276605335156699906e-07 3.152523962347371058e-07 3.012627589534338228e-07 2.870130977008029114e-07 2.751861635952223032e-07 2.596307642750076906e-07 2.498807437442957984e-07 2.391757048273802298e-07 2.280280987216757969e-07 2.193052877385025359e-07
2.811583575631788990e-07 2.652629478005579210e-07 2.910557995497633144e-07 2.727657146006456646e-07 2.796913986186700861e-07 2.777064866712986790e-07 2.761673903063053506e-07 2.860408897811615056e-07 2.960754878986755160e-07 3.053116404312813758e-07 3.152523962347371058e-07 3.165181278598974850e-07 3.073047184977540086e-07 2.988097303270202438e-07 2.942503394591099528e-07 2.856509353418029641e-07 2.787463715211833917e-07 2.673634060235189819e-07 2.555135823354137313e-07 2.489185698535489917e-07
2.669594495206040412e-07 2.540217003217364323e-07 2.799551427879767846e-07 2.575216754339982222e-07 2.662896531844824486e-07 2.659462174399994280e-07 2.637765054886516375e-07 2.733870199496419106e-07 2.819259513962051274e-07 2.908706551805829810e-07 3.012627589534338228e-07 3.073047184977540086e-07 3.123811858953758763e-07 3.101346033304729814e-07 3.117190934500617253e-07 3.076863115980467485e-07 3.028602285062554262e-07 2.930953743670807315e-07 2.842014431692186645e-07 2.841409818949703140e-07
2.391215257735718571e-07 2.348407087266952456e-07 2.619356494143647270e-07 2.392727657673227223e-07 2.478694609921417699e-07 2.502046286427577800e-07 2.465754012558734281e-07 2.573830538333558033e-07 2.656974859780447368e-07 2.752843062211874772e-07 2.870130977008029114e-07 2.988097303270202438e-07 3.101346033304729814e-07 3.229434960309724294e-07 3.375855174034758174e-07 3.447601846390738688e-07 3.469206515300555015e-07 3.408973736605467739e-07 3.381775210605250390e-07 3.465479825140527828e-07
2.130029731030142673e-07 2.130102580650804091e-07 2.377521955123844338e-07 2.172570054476446466e-07 2.237974984734978584e-07 2.289548915655846539e-07 2.246940655703805892e-07 2.398553074010293384e-07 2.493967210209752491e-07 2.591644242561971917e-07 2.751861635952223032e-07 2.942503394591099528e-07 3.117190934500617253e-07 3.375855174034758174e-07 3.778527324832182899e-07 4.058829514884244924e-07 4.198290566542120757e-07 4.203736860352347461e-07 4.269821008955850050e-07 4.481616098553954100e-07
1.767799858033203005e-07 1.855981850756915538e-07 2.082584223248441828e-07 1.915364640103354871e-07 1.940171387365145571e-07 2.021410413608381265e-07 1.985158941349422101e-07 2.201598951767220660e-07 2.295870235882416514e-07 2.397198127425288659e-07 2.596307642750076906e-07 2.856509353418029641e-07 3.076863115980467485e-07 3.447601846390738688e-07 4.058829514884244924e-07 4.646430436066556749e-07 4.946123326698866427e-07 5.044285409265784158e-07 5.222238283665920377e-07 5.575836642345840780e-07
1.425114646161371793e-07 1.604450744232626107e-07 1.807721174986946975e-07 1.658424909246783013e-07 1.666197544224791760e-07 1.802306231726964157e-07 1.783773237488612630e-07 2.040338887318787153e-07 2.145845283702641944e-07 2.267859245790807635e-07 2.498807437442957984e-07 2.787463715211833917e-07 3.028602285062554262e-07 3.469206515300555015e-07 4.198290566542120757e-07 4.946123326698866427e-07 5.483737394605949607e-07 5.728136014368518875e-07 6.035676286818154874e-07 6.513562843730134549e-07
1.195807026815313863e-07 1.427441843339892766e-07 1.615587017530513049e-07 1.503875227181153230e-07 1.475328224644886661e-07 1.628993473645769001e-07 1.638203640053039258e-07 1.908299894244357776e-07 2.029012109301467241e-07 2.170365811511334967e-07 2.391757048273802298e-07 2.673634060235189819e-07 2.930953743670807315e-07 3.408973736605467739e-07 4.203736860352347461e-07 5.044285409265784158e-07 5.728136014368518875e-07 6.228384482779250813e-07 6.795147503704717235e-07 7.501649044407398200e-07
9.863204597059490793e-08 1.224803842319840193e-07 1.464662837141299874e-07 1.336646344614125906e-07 1.360136685889465639e-07 1.467393118055483087e-07 1.491658452411784909e-07 1.746360017210368028e-07 1.900720693363770808e-07 2.071642171767188737e-07 2.280280987216757969e-07 2.555135823354137313e-07 2.842014431692186645e-07 3.381775210605250390e-07 4.269821008955850050e-07 5.222238283665920377e-07 6.035676286818154874e-07 6.795147503704717235e-07 7.944292198977179957e-07 9.169980385890771585e-07
9.050414811086465690e-08 1.178403409615111483e-07 1.381649813565390149e-07 1.227509792578883808e-07 1.286265926018104569e-07 1.383882613933077867e-07 1.407623742014979482e-07 1.631698525243805387e-07 1.805038995702445670e-07 1.989327064650663159e-07 2.193052877385025359e-07 2.489185698535489917e-07 2.841409818949703140e-07 3.465479825140527828e-07 4.481616098553954100e-07 5.575836642345840780e-07 6.513562843730134549e-07 7.501649044407398200e-07 9.169980385890771585e-07 1.112095926777385191e-06
