6.145121479323091789e-11 4.456429723489717793e-11 3.738445939722372991e-11 2.779577794899051427e-11 2.196134093056764479e-11 1.495429683358465043e-11 9.529413032288895447e-12 1.032531692767451737e-11 7.579769941063718330e-12 1.128623529717606708e-11 1.185290163016785636e-11 1.286022659236466541e-11 1.137323120597619684e-11 1.031200609998158632e-11 9.686604017430112609e-12 8.388388210465005783e-12 6.597104565550568225e-12 4.002339944768028564e-12 3.416397913743905026e-12 2.085689884098712189e-12
4.456429723489717793e-11 5.308486528181280560e-11 3.942603691876266290e-11 2.900213913287157647e-11 2.544323607674426814e-11 1.603233975370703918e-11 1.174626696779072278e-11 1.119322488007247046e-11 9.257705154597224848e-12 1.027876456003845704e-11 1.244884767685891160e-11 1.291496662519841421e-11 1.242920406954069794e-11 1.315025969829375498e-11 1.011947446236990934e-11 9.126180471439465339e-12 9.175183855246116253e-12 6.359938728803362452e-12 2.359348918074109450e-12 3.977823959137915462e-14
3.738445939722372991e-11 3.942603691876266290e-11 4.494070261444069985e-11 3.302983595008092014e-11 2.567456894264816041e-11 1.617357662697260918e-11 1.234772500680770116e-11 1.169640421516304551e-11 7.877807822446590273e-12 8.316265847798261388e-12 9.273105334983600648e-12 1.007928872362288608e-11 7.755335944147613192e-12 8.669079961819227965e-12 6.339378627690475229e-12 5.225801613031063211e-12 4.570432086421752641e-12 2.552727250435200598e-12 5.774093929714622056e-13 -8.146260109662444281e-13
2.779577794899051427e-11 2.900213913287157647e-11 3.302983595008092014e-11 3.437804423398351710e-11 2.608803372512219533e-11 1.683107842539198961e-11 1.296965920122420654e-11 1.136241105070762802e-11 7.139270488437656087e-12 6.511931057720597180e-12 7.971043343483240758e-12 8.470878024029332249e-12 7.057182280627223804e-12 6.570302396394711243e-12 5.232449036585410302e-12 4.422951879840184874e-12 3.995390586370254187e-12 3.822952926031905042e-12 1.679297034780814211e-12 -7.601443899316355823e-13
2.196134093056764479e-11 2.544323607674426814e-11 2.567456894264816041e-11 2.608803372512219533e-11 2.868516860087412578e-11 1.828586291673703222e-11 1.410319492358126108e-11 1.296129943878002544e-11 8.217458945828833724e-12 7.603893372815110005e-12 7.840327784754021597e-12 7.975829064750269144e-12 7.712546781876115794e-12 7.028644681496944820e-12 5.306044434561407364e-12 3.795387679606256132e-12 3.397348804320970157e-12 2.232838453565659692e-12 -7.274461860329602623e-13 -2.724389546034124164e-12
1.495429683358465043e-11 1.603233975370703918e-11 1.617357662697260918e-11 1.683107842539198961e-11 1.828586291673703222e-11 2.013995112700633089e-11 1.491307028022005507e-11 1.197655537225557444e-11 7.703797162834999190e-12 7.176448598561642553e-12 6.562210165452635997e-12 6.263398437921513606e-12 6.828208324286167653e-12 4.864821147017900924e-12 3.367577594327833822e-12 1.797781866056156591e-12 1.206376588560722825e-12 7.959077940815997914e-13 -4.587901256896656509e-13 -1.958788656858641160e-12
9.529413032288895447e-12 1.174626696779072278e-11 1.234772500680770116e-11 1.296965920122420654e-11 1.410319492358126108e-11 1.491307028022005507e-11 1.738219822296611855e-11 1.319440410058943520e-11 8.204945798136312087e-12 7.317580224510491775e-12 5.790912457197170283e-12 5.325182380505949520e-12 5.850267177583584195e-12 4.739678151159172053e-12 3.023577587666996121e-12 1.515292516765448044e-12 1.418970385561645802e-12 5.464381248959852390e-13 -6.266546760551795726e-13 -2.116366236012921965e-12
1.032531692767451737e-11 1.119322488007247046e-11 1.169640421516304551e-11 1.136241105070762802e-11 1.296129943878002544e-11 1.197655537225557444e-11 1.319440410058943520e-11 1.681830342933782429e-11 1.066667049704899370e-11 9.043904397698557738e-12 7.057108585100317942e-12 7.312349684540780603e-12 6.901796790971694498e-12 4.874995629114464248e-12 3.929917009696643476e-12 2.813081459714943463e-12 2.587197933476498325e-12 1.435974180045434772e-12 -4.416160374712826611e-13 -1.511936559135605985e-12
7.579769941063718330e-12 9.257705154597224848e-12 7.877807822446590273e-12 7.139270488437656087e-12 8.217458945828833724e-12 7.703797162834999190e-12 8.204945798136312087e-12 1.066667049704899370e-11 1.356496003855042770e-11 1.169354787405489362e-11 8.246767360746470907e-12 7.256899355419747488e-12 6.470127443434368352e-12 4.306945382105994508e-12 3.308038655388271208e-12 1.128867391927629956e-12 9.991997229077971590e-13 5.447840534868294635e-13 5.562453508116135412e-13 -2.849267367988130336e-13
1.128623529717606708e-11 1.027876456003845704e-11 8.316265847798261388e-12 6.511931057720597180e-12 7.603893372815110005e-12 7.176448598561642553e-12 7.317580224510491775e-12 9.043904397698557738e-12 1.169354787405489362e-11 1.753148845559887009e-11 1.395910932933177997e-11 1.127437178421234236e-11 9.868097372738094029e-12 7.430011735648250738e-12 5.183120193441422193e-12 2.862511077203453149e-12 2.444021826252576583e-12 2.256680676499040313e-12 2.293920608751467005e-12 1.180034363925771868e-12
1.185290163016785636e-11 1.244884767685891160e-11 9.273105334983600648e-12 7.971043343483240758e-12 7.840327784754021597e-12 6.562210165452635997e-12 5.790912457197170283e-12 7.057108585100317942e-12 8.246767360746470907e-12 1.395910932933177997e-11 1.723845407408511265e-11 1.425139183955242915e-11 1.134635321726843718e-11 8.543771286869111600e-12 6.515695106901719768e-12 4.022933900004716640e-12 3.397194516318963810e-12 3.383615894260745181e-12 2.991975503144234846e-12 1.913000361632018779e-12
1.286022659236466541e-11 1.291496662519841421e-11 1.007928872362288608e-11 8.470878024029332249e-12 7.975829064750269144e-12 6.263398437921513606e-12 5.325182380505949520e-12 7.312349684540780603e-12 7.256899355419747488e-12 1.127437178421234236e-11 1.425139183955242915e-11 1.825642447356001268e-11 1.514853145107820196e-11 1.249721371006818184e-11 9.849086363341753927e-12 6.831897515235068836e-12 5.266269729989506783e-12 3.829178377956362410e-12 2.350693664288867383e-12 1.134545010741376653e-12
1.137323120597619684e-11 1.242920406954069794e-11 7.755335944147613192e-12 7.057182280627223804e-12 7.712546781876115794e-12 6.828208324286167653e-12 5.850267177583584195e-12 6.901796790971694498e-12 6.470127443434368352e-12 9.868097372738094029e-12 1.134635321726843718e-11 1.514853145107820196e-11 1.862588039295613504e-11 1.611571845207509912e-11 1.327430176146235635e-11 1.028739145225991790e-11 8.258962597251503054e-12 5.846946482568751301e-12 2.778314974006701636e-12 9.254258971239712468e-13
1.031200609998158632e-11 1.315025969829375498e-11 8.669079961819227965e-12 6.570302396394711243e-12 7.028644681496944820e-12 4.864821147017900924e-12 4.739678151159172053e-12 4.874995629114464248e-12 4.306945382105994508e-12 7.430011735648250738e-12 8.543771286869111600e-12 1.249721371006818184e-11 1.611571845207509912e-11 2.049839864845297031e-11 1.758981882471513523e-11 1.425226483379083011e-11 1.145628207683080285e-11 6.852231851304643189e-12 2.454491787794009592e-12 -5.744635121634750589e-14
9.686604017430112609e-12 1.011947446236990934e-11 6.339378627690475229e-12 5.232449036585410302e-12 5.306044434561407364e-12 3.367577594327833822e-12 3.023577587666996121e-12 3.929917009696643476e-12 3.308038655388271208e-12 5.183120193441422193e-12 6.515695106901719768e-12 9.849086363341753927e-12 1.327430176146235635e-11 1.758981882471513523e-11 2.085348469599801902e-11 1.879953494058165409e-11 1.452056494256514567e-11 8.344306180514550437e-12 3.021560249268236412e-12 5.273790548080415108e-13
8.388388210465005783e-12 9.126180471439465339e-12 5.225801613031063211e-12 4.422951879840184874e-12 3.795387679606256132e-12 1.797781866056156591e-12 1.515292516765448044e-12 2.813081459714943463e-12 1.128867391927629956e-12 2.862511077203453149e-12 4.022933900004716640e-12 6.831897515235068836e-12 1.028739145225991790e-11 1.425226483379083011e-11 1.879953494058165409e-11 2.266155268438894387e-11 1.991312478429824417e-11 1.296709016614571770e-11 6.231450404067366118e-12 2.813398182864381974e-12
6.597104565550568225e-12 9.175183855246116253e-12 4.570432086421752641e-12 3.995390586370254187e-12 3.397348804320970157e-12 1.206376588560722825e-12 1.418970385561645802e-12 2.587197933476498325e-12 9.991997229077971590e-13 2.444021826252576583e-12 3.397194516318963810e-12 5.266269729989506783e-12 8.258962597251503054e-12 1.145628207683080285e-11 1.452056494256514567e-11 1.991312478429824417e-11 2.476056299801694008e-11 1.887526619396882707e-11 9.534220397743649975e-12 3.501583999373144918e-12
4.002339944768028564e-12 6.359938728803362452e-12 2.552727250435200598e-12 3.822952926031905042e-12 2.232838453565659692e-12 7.959077940815997914e-13 5.464381248959852390e-13 1.435974180045434772e-12 5.447840534868294635e-13 2.256680676499040313e-12 3.383615894260745181e-12 3.829178377956362410e-12 5.846946482568751301e-12 6.852231851304643189e-12 8.344306180514550437e-12 1.296709016614571770e-11 1.887526619396882707e-11 2.279757008016455245e-11 1.562496848472523975e-11 7.290439765641589605e-12
3.416397913743905026e-12 2.359348918074109450e-12 5.774093929714622056e-13 1.679297034780814211e-12 -7.274461860329602623e-13 -4.587901256896656509e-13 -6.266546760551795726e-13 -4.416160374712826611e-13 5.562453508116135412e-13 2.293920608751467005e-12 2.991975503144234846e-12 2.350693664288867383e-12 2.778314974006701636e-12 2.454491787794009592e-12 3.021560249268236412e-12 6.231450404067366118e-12 9.534220397743649975e-12 1.562496848472523975e-11 1.655056562235700903e-11 1.051811832466182516e-11
2.085689884098712189e-12 3.977823959137915462e-14 -8.146260109662444281e-13 -7.601443899316355823e-13 -2.724389546034124164e-12 -1.958788656858641160e-12 -2.116366236012921965e-12 -1.511936559135605985e-12 -2.849267367988130336e-13 1.180034363925771868e-12 1.913000361632018779e-12 1.134545010741376653e-12 9.254258971239712468e-13 -5.744635121634750589e-14 5.273790548080415108e-13 2.813398182864381974e-12 3.501583999373144918e-12 7.290439765641589605e-12 1.051811832466182516e-11 1.360601024292683457e-11
