6.429768746586086621e-07 5.636447910492541704e-07 5.488719595677165039e-07 5.434145149617492495e-07 5.368860595214343655e-07 5.153140609818924878e-07 5.082706613729865644e-07 5.034253690304741658e-07 4.937663576790994279e-07 4.849901694796414406e-07 4.562025312621413893e-07 4.494121926985032412e-07 4.329916658161138287e-07 4.132905144094938188e-07 3.877276383341989139e-07 3.626746603759441065e-07 3.331637559105669987e-07 3.125836947531038922e-07 3.408020009401400099e-07 3.627030831737074509e-07 3.663133625664145537e-07 2.663732848800325802e-07 1.586905585970518584e-07 1.069141147181912986e-07 1.852709896061708750e-07 3.789964156017651980e-07
5.636447910492541704e-07 5.659757806825835995e-07 5.354576452595450684e-07 5.257455767117985773e-07 5.207711182898974526e-07 4.981043117960821299e-07 4.851030460324054235e-07 4.812147230146234803e-07 4.772073918558744708e-07 4.725264495813309338e-07 4.538484867649794542e-07 4.551617605720792623e-07 4.461357993524758775e-07 4.367043208520237053e-07 4.182825433200382939e-07 3.992269969036899396e-07 3.750688647112255522e-07 3.611584696246559789e-07 3.896515607317480501e-07 4.013322212313750080e-07 3.899398055319676510e-07 2.781982961251899368e-07 1.577635614462305139e-07 9.420629935414238678e-08 1.493765020020210685e-07 3.130145346632961000e-07
5.488719595677165039e-07 5.354576452595450684e-07 5.678295356141977551e-07 5.448630386634582814e-07 5.413920916389616537e-07 5.208234886401683650e-07 5.055689275506893838e-07 5.002523810428960289e-07 4.921023832061125318e-07 4.865404597711956905e-07 4.674294605910242772e-07 4.676744737329317112e-07 4.604479488084657287e-07 4.525646223593164666e-07 4.374955525548190791e-07 4.180144552767907626e-07 3.882802679016349103e-07 3.672081653487671706e-07 3.836326989573373839e-07 3.913058985480757629e-07 3.716871834296213713e-07 2.581470528471496446e-07 1.414563950370580849e-07 7.447015876833182911e-08 1.342644554471618217e-07 3.542033790260360561e-07
5.434145149617492495e-07 5.257455767117985773e-07 5.448630386634582814e-07 5.784078161893646125e-07 5.612614370249895988e-07 5.327576187870511586e-07 5.203908691612888827e-07 5.162047375955091155e-07 5.126683462353667719e-07 5.099050906224798752e-07 4.931552761031821322e-07 4.955924484798471215e-07 4.915032753867638156e-07 4.844325516031289564e-07 4.732163812215395080e-07 4.589004910752734299e-07 4.306645052914656284e-07 4.137269845689761755e-07 4.331714746949540119e-07 4.446641356990486455e-07 4.331909893459312905e-07 2.997320715218835145e-07 1.480984009159389209e-07 5.180844856867862462e-08 1.311024139182781268e-07 3.576459712557506126e-07
5.368860595214343655e-07 5.207711182898974526e-07 5.413920916389616537e-07 5.612614370249895988e-07 5.865594934116475766e-07 5.568632308377454845e-07 5.426376347156048145e-07 5.414180837265512666e-07 5.428350292694231042e-07 5.438308182552382075e-07 5.295873667783452392e-07 5.342763530452137676e-07 5.324331288519510074e-07 5.289291503871406429e-07 5.269317212520449934e-07 5.217279696404607143e-07 5.055648900637951193e-07 5.003576464664702547e-07 5.274151159426957979e-07 5.352324372415134537e-07 5.010881454620190345e-07 3.330128863309633827e-07 1.483637618795029734e-07 4.469881440484672500e-08 1.207716319627012015e-07 3.413074514545911959e-07
5.153140609818924878e-07 4.981043117960821299e-07 5.208234886401683650e-07 5.327576187870511586e-07 5.568632308377454845e-07 5.594064614585845157e-07 5.451707498207594357e-07 5.490735895968702119e-07 5.537730559411766154e-07 5.559406148708801981e-07 5.452636274042334261e-07 5.498400163031809486e-07 5.500244778650250774e-07 5.484016233791922702e-07 5.514068599116097071e-07 5.547567921146990961e-07 5.450244471044348519e-07 5.420519853890788278e-07 5.735487208381081975e-07 5.895431632866390292e-07 5.541084179611060026e-07 3.740006191463102337e-07 1.790151531467732514e-07 7.348193493957548687e-08 1.232259930236950276e-07 3.410548788962881909e-07
5.082706613729865644e-07 4.851030460324054235e-07 5.055689275506893838e-07 5.203908691612888827e-07 5.426376347156048145e-07 5.451707498207594357e-07 5.567799480498013121e-07 5.616005684532712541e-07 5.660929746196684432e-07 5.683505868797705973e-07 5.592079811041249373e-07 5.644833636775213848e-07 5.672383222565563703e-07 5.657275270382254852e-07 5.710993435471261862e-07 5.815719805351994303e-07 5.810938072477714473e-07 5.884089756667778777e-07 6.271768428311555936e-07 6.406709434249234070e-07 5.986009724319983494e-07 4.118370513959022568e-07 2.067170939961781155e-07 8.523428688557039131e-08 1.174513182675396969e-07 3.155573272059518190e-07
5.034253690304741658e-07 4.812147230146234803e-07 5.002523810428960289e-07 5.162047375955091155e-07 5.414180837265512666e-07 5.490735895968702119e-07 5.616005684532712541e-07 5.935246056997371064e-07 5.980838028595950219e-07 6.079454567133117187e-07 6.058296110113960186e-07 6.149033571274864344e-07 6.244035245334081768e-07 6.279258597880762236e-07 6.399826068252219755e-07 6.575385737590599023e-07 6.655032708678979366e-07 6.819803115087161688e-07 7.219170847820456732e-07 7.394510982986101695e-07 6.944858529555814982e-07 4.809080489124140402e-07 2.396368500062221474e-07 7.730374628015868211e-08 8.827354292177316892e-08 3.016301748892467707e-07
4.937663576790994279e-07 4.772073918558744708e-07 4.921023832061125318e-07 5.126683462353667719e-07 5.428350292694231042e-07 5.537730559411766154e-07 5.660929746196684432e-07 5.980838028595950219e-07 6.257792538348171698e-07 6.410164765245069748e-07 6.432516697542170477e-07 6.556565576133679904e-07 6.706210769950321467e-07 6.806034783539481853e-07 7.012860634047580959e-07 7.302343723739086909e-07 7.480171393329573177e-07 7.723228376941626024e-07 8.128165066417401392e-07 8.218450563149086150e-07 7.557190850965866471e-07 5.158771040584025655e-07 2.585019763640115751e-07 1.249026681669679322e-07 1.477971444717155098e-07 3.652455728401628711e-07
4.849901694796414406e-07 4.725264495813309338e-07 4.865404597711956905e-07 5.099050906224798752e-07 5.438308182552382075e-07 5.559406148708801981e-07 5.683505868797705973e-07 6.079454567133117187e-07 6.410164765245069748e-07 6.831955585450942459e-07 6.964201596654712029e-07 7.192068196150256412e-07 7.465838278308850760e-07 7.647530908607814049e-07 7.962675265579467910e-07 8.389025010267918582e-07 8.693835207711762008e-07 9.053016060401152050e-07 9.505357071071906214e-07 9.618399161556880457e-07 8.878793691647367059e-07 6.066361013515228313e-07 3.071253766303547523e-07 1.437112010098206291e-07 1.379976008023023756e-07 3.428624714316879108e-07
4.562025312621413893e-07 4.538484867649794542e-07 4.674294605910242772e-07 4.931552761031821322e-07 5.295873667783452392e-07 5.452636274042334261e-07 5.592079811041249373e-07 6.058296110113960186e-07 6.432516697542170477e-07 6.964201596654712029e-07 7.341652491445609293e-07 7.731200712732990151e-07 8.162321740997214490e-07 8.489380384154674970e-07 8.970915427579514219e-07 9.547491564288544274e-07 9.965145888033045415e-07 1.037354804478863688e-06 1.080449250414398795e-06 1.088547182962854418e-06 9.961160048271426140e-07 6.796233401935717905e-07 3.505954106724880992e-07 1.726768555754901805e-07 1.322441795249719529e-07 3.202638183710206173e-07
4.494121926985032412e-07 4.551617605720792623e-07 4.676744737329317112e-07 4.955924484798471215e-07 5.342763530452137676e-07 5.498400163031809486e-07 5.644833636775213848e-07 6.149033571274864344e-07 6.556565576133679904e-07 7.192068196150256412e-07 7.731200712732990151e-07 8.465064003096902721e-07 9.146654228380827079e-07 9.680604324923598503e-07 1.037092174692549784e-06 1.111992739454409806e-06 1.170697726842010972e-06 1.219609023573535911e-06 1.262507339589760483e-06 1.273509887720207697e-06 1.170567865977995534e-06 8.069932530947593194e-07 4.239625081199254506e-07 2.034915341608275059e-07 1.099932749170283873e-07 2.863317618024472828e-07
4.329916658161138287e-07 4.461357993524758775e-07 4.604479488084657287e-07 4.915032753867638156e-07 5.324331288519510074e-07 5.500244778650250774e-07 5.672383222565563703e-07 6.244035245334081768e-07 6.706210769950321467e-07 7.465838278308850760e-07 8.162321740997214490e-07 9.146654228380827079e-07 1.030723575954413225e-06 1.120574117552043070e-06 1.223042669585139749e-06 1.329076363028298976e-06 1.417261443800946487e-06 1.482986809861402794e-06 1.527240392276201088e-06 1.544364869888820603e-06 1.423423104829289043e-06 9.963093101846461854e-07 5.470513357374013575e-07 2.851579672889689205e-07 1.389581703134848561e-07 2.656805697068837560e-07
4.132905144094938188e-07 4.367043208520237053e-07 4.525646223593164666e-07 4.844325516031289564e-07 5.289291503871406429e-07 5.484016233791922702e-07 5.657275270382254852e-07 6.279258597880762236e-07 6.806034783539481853e-07 7.647530908607814049e-07 8.489380384154674970e-07 9.680604324923598503e-07 1.120574117552043070e-06 1.267693430919208247e-06 1.420809731717803730e-06 1.568891307010318176e-06 1.694651798997239743e-06 1.788293813274820259e-06 1.847072087640583419e-06 1.887380277382504464e-06 1.761427289266247631e-06 1.267342702420814888e-06 7.423749941522274974e-07 4.342597760193115110e-07 2.371383768483290166e-07 3.244841660464015525e-07
3.877276383341989139e-07 4.182825433200382939e-07 4.374955525548190791e-07 4.732163812215395080e-07 5.269317212520449934e-07 5.514068599116097071e-07 5.710993435471261862e-07 6.399826068252219755e-07 7.012860634047580959e-07 7.962675265579467910e-07 8.970915427579514219e-07 1.037092174692549784e-06 1.223042669585139749e-06 1.420809731717803730e-06 1.652000735551761327e-06 1.870631150833349188e-06 2.056547397633840270e-06 2.203245920484126825e-06 2.296103671272537723e-06 2.365495677556602649e-06 2.224217893418257062e-06 1.620870501887492375e-06 9.550153809442812840e-07 5.523104296926197094e-07 2.901019423593416451e-07 3.738157878283412184e-07
3.626746603759441065e-07 3.992269969036899396e-07 4.180144552767907626e-07 4.589004910752734299e-07 5.217279696404607143e-07 5.547567921146990961e-07 5.815719805351994303e-07 6.575385737590599023e-07 7.302343723739086909e-07 8.389025010267918582e-07 9.547491564288544274e-07 1.111992739454409806e-06 1.329076363028298976e-06 1.568891307010318176e-06 1.870631150833349188e-06 2.193039809172565491e-06 2.472086763896293803e-06 2.691190850971874393e-06 2.826322795794253630e-06 2.919350534629438525e-06 2.751820042049377919e-06 2.008186997360408969e-06 1.159311570672035411e-06 6.696637431185939311e-07 3.443301792339147404e-07 4.287465325249708415e-07
3.331637559105669987e-07 3.750688647112255522e-07 3.882802679016349103e-07 4.306645052914656284e-07 5.055648900637951193e-07 5.450244471044348519e-07 5.810938072477714473e-07 6.655032708678979366e-07 7.480171393329573177e-07 8.693835207711762008e-07 9.965145888033045415e-07 1.170697726842010972e-06 1.417261443800946487e-06 1.694651798997239743e-06 2.056547397633840270e-06 2.472086763896293803e-06 2.898682009646930038e-06 3.249723443432126995e-06 3.474987448504457219e-06 3.622856373574472252e-06 3.450461551359910026e-06 2.568512556183475247e-06 1.484723875918222094e-06 8.601818203114236819e-07 4.457802405686451227e-07 4.827644053525770484e-07
3.125836947531038922e-07 3.611584696246559789e-07 3.672081653487671706e-07 4.137269845689761755e-07 5.003576464664702547e-07 5.420519853890788278e-07 5.884089756667778777e-07 6.819803115087161688e-07 7.723228376941626024e-07 9.053016060401152050e-07 1.037354804478863688e-06 1.219609023573535911e-06 1.482986809861402794e-06 1.788293813274820259e-06 2.203245920484126825e-06 2.691190850971874393e-06 3.249723443432126995e-06 3.796841627797853926e-06 4.196407979183472844e-06 4.455337035055592594e-06 4.308787866851246056e-06 3.312557769263262781e-06 1.946043531544550412e-06 1.096571091881953646e-06 5.505547022382693886e-07 5.512625455163556207e-07
3.408020009401400099e-07 3.896515607317480501e-07 3.836326989573373839e-07 4.331714746949540119e-07 5.274151159426957979e-07 5.735487208381081975e-07 6.271768428311555936e-07 7.219170847820456732e-07 8.128165066417401392e-07 9.505357071071906214e-07 1.080449250414398795e-06 1.262507339589760483e-06 1.527240392276201088e-06 1.847072087640583419e-06 2.296103671272537723e-06 2.826322795794253630e-06 3.474987448504457219e-06 4.196407979183472844e-06 4.880027164087050992e-06 5.389091642155287144e-06 5.373803571264522084e-06 4.322194231739477367e-06 2.635417100451078488e-06 1.436140563169693282e-06 7.404450658170429333e-07 7.047609141302990775e-07
3.627030831737074509e-07 4.013322212313750080e-07 3.913058985480757629e-07 4.446641356990486455e-07 5.352324372415134537e-07 5.895431632866390292e-07 6.406709434249234070e-07 7.394510982986101695e-07 8.218450563149086150e-07 9.618399161556880457e-07 1.088547182962854418e-06 1.273509887720207697e-06 1.544364869888820603e-06 1.887380277382504464e-06 2.365495677556602649e-06 2.919350534629438525e-06 3.622856373574472252e-06 4.455337035055592594e-06 5.389091642155287144e-06 6.291112520417995824e-06 6.557160599329307341e-06 5.531911785786690537e-06 3.573540350355290731e-06 1.909555889863629999e-06 1.036517751314890494e-06 9.508032794318741480e-07
3.663133625664145537e-07 3.899398055319676510e-07 3.716871834296213713e-07 4.331909893459312905e-07 5.010881454620190345e-07 5.541084179611060026e-07 5.986009724319983494e-07 6.944858529555814982e-07 7.557190850965866471e-07 8.878793691647367059e-07 9.961160048271426140e-07 1.170567865977995534e-06 1.423423104829289043e-06 1.761427289266247631e-06 2.224217893418257062e-06 2.751820042049377919e-06 3.450461551359910026e-06 4.308787866851246056e-06 5.373803571264522084e-06 6.557160599329307341e-06 7.290372239671872776e-06 6.583312530711200691e-06 4.593217163899573578e-06 2.507472495986433385e-06 1.351314013188839848e-06 1.075058757064221916e-06
2.663732848800325802e-07 2.781982961251899368e-07 2.581470528471496446e-07 2.997320715218835145e-07 3.330128863309633827e-07 3.740006191463102337e-07 4.118370513959022568e-07 4.809080489124140402e-07 5.158771040584025655e-07 6.066361013515228313e-07 6.796233401935717905e-07 8.069932530947593194e-07 9.963093101846461854e-07 1.267342702420814888e-06 1.620870501887492375e-06 2.008186997360408969e-06 2.568512556183475247e-06 3.312557769263262781e-06 4.322194231739477367e-06 5.531911785786690537e-06 6.583312530711200691e-06 6.670148370407282887e-06 5.274703602646942398e-06 3.216553192226213567e-06 1.747943039606429407e-06 1.066981821433008673e-06
1.586905585970518584e-07 1.577635614462305139e-07 1.414563950370580849e-07 1.480984009159389209e-07 1.483637618795029734e-07 1.790151531467732514e-07 2.067170939961781155e-07 2.396368500062221474e-07 2.585019763640115751e-07 3.071253766303547523e-07 3.505954106724880992e-07 4.239625081199254506e-07 5.470513357374013575e-07 7.423749941522274974e-07 9.550153809442812840e-07 1.159311570672035411e-06 1.484723875918222094e-06 1.946043531544550412e-06 2.635417100451078488e-06 3.573540350355290731e-06 4.593217163899573578e-06 5.274703602646942398e-06 5.195217639330074308e-06 4.126345798309844756e-06 2.604885645073622998e-06 1.325901385137598096e-06
1.069141147181912986e-07 9.420629935414238678e-08 7.447015876833182911e-08 5.180844856867862462e-08 4.469881440484672500e-08 7.348193493957548687e-08 8.523428688557039131e-08 7.730374628015868211e-08 1.249026681669679322e-07 1.437112010098206291e-07 1.726768555754901805e-07 2.034915341608275059e-07 2.851579672889689205e-07 4.342597760193115110e-07 5.523104296926197094e-07 6.696637431185939311e-07 8.601818203114236819e-07 1.096571091881953646e-06 1.436140563169693282e-06 1.909555889863629999e-06 2.507472495986433385e-06 3.216553192226213567e-06 4.126345798309844756e-06 4.878678710148840246e-06 4.011983574386428928e-06 2.171732682479820097e-06
1.852709896061708750e-07 1.493765020020210685e-07 1.342644554471618217e-07 1.311024139182781268e-07 1.207716319627012015e-07 1.232259930236950276e-07 1.174513182675396969e-07 8.827354292177316892e-08 1.477971444717155098e-07 1.379976008023023756e-07 1.322441795249719529e-07 1.099932749170283873e-07 1.389581703134848561e-07 2.371383768483290166e-07 2.901019423593416451e-07 3.443301792339147404e-07 4.457802405686451227e-07 5.505547022382693886e-07 7.404450658170429333e-07 1.036517751314890494e-06 1.351314013188839848e-06 1.747943039606429407e-06 2.604885645073622998e-06 4.011983574386428928e-06 4.992327256029805629e-06 3.888621925622584612e-06
3.789964156017651980e-07 3.130145346632961000e-07 3.542033790260360561e-07 3.576459712557506126e-07 3.413074514545911959e-07 3.410548788962881909e-07 3.155573272059518190e-07 3.016301748892467707e-07 3.652455728401628711e-07 3.428624714316879108e-07 3.202638183710206173e-07 2.863317618024472828e-07 2.656805697068837560e-07 3.244841660464015525e-07 3.738157878283412184e-07 4.287465325249708415e-07 4.827644053525770484e-07 5.512625455163556207e-07 7.047609141302990775e-07 9.508032794318741480e-07 1.075058757064221916e-06 1.066981821433008673e-06 1.325901385137598096e-06 2.171732682479820097e-06 3.888621925622584612e-06 5.108246597561879315e-06
