3.914865981523126319e-07 3.194869556376755488e-07 3.223591553039800488e-07 3.266709803651640638e-07 3.242104140455095275e-07 3.165568374638559260e-07 3.198250598959666188e-07 3.093662514701651485e-07 3.048701751040956930e-07 3.070231775331767894e-07 2.998779410361083839e-07 2.845972332180078730e-07 2.675091637053952998e-07 2.511017716757826158e-07 2.398060006335229108e-07 2.177165294205826712e-07 1.781455868445400693e-07 1.236225240857182669e-07 9.793281492685104013e-08 8.214940108201022168e-08 7.771021292264352902e-08 6.786262138144657578e-08 9.517752631112254172e-08 1.635202157984889168e-07 2.471549132124738413e-07 2.312610254952448449e-07
3.194869556376755488e-07 3.310236218238268534e-07 3.116526901965921436e-07 3.200948792955760311e-07 3.176054787396381735e-07 3.116526081790504820e-07 3.102668989743929358e-07 3.053921160730469135e-07 3.034004780062980246e-07 3.032499639809558877e-07 2.991664590945640993e-07 2.900057254341240704e-07 2.817211758202727261e-07 2.698422235253206259e-07 2.627908514269862408e-07 2.442367324636573906e-07 2.054955486888648480e-07 1.583281044458253826e-07 1.378133287420261305e-07 1.237067837823324059e-07 1.076180094809975298e-07 9.409874176693626891e-08 1.124139831205466399e-07 1.733729323348143809e-07 2.656657234890137917e-07 2.544266518692427967e-07
3.223591553039800488e-07 3.116526901965921436e-07 3.444600671732042421e-07 3.440537552192045328e-07 3.371171166263168715e-07 3.302368820549211297e-07 3.306799056795153140e-07 3.249813790590494347e-07 3.200469436400227921e-07 3.177630820367413951e-07 3.168702591830612810e-07 3.085850741180793150e-07 2.944822745506090731e-07 2.772298582837571649e-07 2.665886877165454656e-07 2.453194668881924463e-07 2.050900944237919602e-07 1.609048692416412930e-07 1.474599711062341830e-07 1.449044120520618716e-07 1.289928491553117268e-07 1.081663621666043730e-07 1.158633574518265063e-07 1.741534718812459305e-07 2.641340303734500280e-07 2.709843195469393969e-07
3.266709803651640638e-07 3.200948792955760311e-07 3.440537552192045328e-07 3.785664481079547863e-07 3.645357325780458127e-07 3.564134524933595564e-07 3.563572371596452548e-07 3.515081715248700918e-07 3.480953115113453044e-07 3.464192424694549392e-07 3.449146578555654162e-07 3.358268418516063816e-07 3.222036964869738794e-07 3.051254275949385926e-07 2.947431136956979850e-07 2.734231313335807368e-07 2.299955080631020808e-07 1.796231980587305084e-07 1.624248471298818098e-07 1.547111398937419069e-07 1.347691443141012046e-07 1.054574542386634394e-07 1.218774164489676170e-07 2.050654687164224724e-07 3.069445772092999892e-07 3.071162096028350153e-07
3.242104140455095275e-07 3.176054787396381735e-07 3.371171166263168715e-07 3.645357325780458127e-07 3.737743036851352351e-07 3.641717073810094050e-07 3.627889880186807456e-07 3.596219262054537031e-07 3.574616260120207688e-07 3.557285838053315214e-07 3.553044870351656145e-07 3.469397799929750837e-07 3.348609607851235842e-07 3.182279058201590621e-07 3.079822970918228746e-07 2.852197980358671510e-07 2.409654900801693042e-07 1.917309800027918388e-07 1.727179626917702923e-07 1.595940037182260008e-07 1.346336672945901672e-07 1.027832037785868980e-07 1.195379900436346226e-07 2.002358391076129076e-07 3.051437283799161560e-07 3.299556186950881644e-07
3.165568374638559260e-07 3.116526081790504820e-07 3.302368820549211297e-07 3.564134524933595564e-07 3.641717073810094050e-07 3.755799744446675651e-07 3.700014633794562195e-07 3.688722531261758415e-07 3.690043804712988615e-07 3.690730426450335679e-07 3.684108432093145357e-07 3.592394808545384523e-07 3.475193202870188605e-07 3.304769800668792156e-07 3.214296235461549819e-07 3.002262716746200872e-07 2.558180001407267105e-07 2.076755677124813439e-07 1.902996225702658932e-07 1.806234913007072013e-07 1.458540446296121672e-07 9.245032792470592709e-08 9.068161937814981113e-08 1.745611053600602138e-07 2.999280378156589388e-07 3.333044968682554146e-07
3.198250598959666188e-07 3.102668989743929358e-07 3.306799056795153140e-07 3.563572371596452548e-07 3.627889880186807456e-07 3.700014633794562195e-07 3.790671154566746197e-07 3.774246719443806480e-07 3.803070014663224175e-07 3.830556358096564920e-07 3.855033395027243178e-07 3.805007733054338314e-07 3.718427922002871770e-07 3.596349617631850447e-07 3.551921596548207265e-07 3.364857804460171716e-07 2.967204999594672367e-07 2.482356387940868870e-07 2.277899515600770688e-07 2.082667766523508710e-07 1.609913396247711852e-07 9.932229427888341612e-08 9.557786828029832466e-08 1.817662480902194785e-07 2.914017633308987329e-07 3.214871896323217115e-07
3.093662514701651485e-07 3.053921160730469135e-07 3.249813790590494347e-07 3.515081715248700918e-07 3.596219262054537031e-07 3.688722531261758415e-07 3.774246719443806480e-07 3.911975453956207114e-07 3.964958075176373655e-07 4.019922508061237682e-07 4.077221291375052585e-07 4.052648015246562994e-07 4.016383587316387516e-07 3.937215830242501623e-07 3.920730188009026119e-07 3.742329821505354904e-07 3.392347622993591950e-07 2.931051917690440110e-07 2.735889967823061447e-07 2.508602845805812989e-07 1.956100813418090735e-07 1.202487295964437058e-07 1.030604915467249915e-07 1.930649568007500226e-07 3.086729763619022577e-07 3.560908653867989937e-07
3.048701751040956930e-07 3.034004780062980246e-07 3.200469436400227921e-07 3.480953115113453044e-07 3.574616260120207688e-07 3.690043804712988615e-07 3.803070014663224175e-07 3.964958075176373655e-07 4.210579801139474954e-07 4.316740182476476221e-07 4.431568262477646344e-07 4.468454706867903937e-07 4.478975828619047785e-07 4.463869514393129695e-07 4.489916198226189652e-07 4.319144525108962972e-07 3.987004610941886556e-07 3.585932736550763800e-07 3.439885594570455440e-07 3.215999889941720768e-07 2.526320150338625344e-07 1.504846853205677279e-07 9.743206037420489002e-08 1.779848893947212805e-07 3.098519104294281070e-07 3.560717670211201732e-07
3.070231775331767894e-07 3.032499639809558877e-07 3.177630820367413951e-07 3.464192424694549392e-07 3.557285838053315214e-07 3.690730426450335679e-07 3.830556358096564920e-07 4.019922508061237682e-07 4.316740182476476221e-07 4.568538219570453830e-07 4.747580563311306826e-07 4.845251681248185699e-07 4.911743104770769487e-07 4.937648412736616084e-07 4.984823698740985797e-07 4.840171238995324812e-07 4.538557295170465207e-07 4.114961782328259626e-07 3.923204308102057876e-07 3.631280135530641692e-07 2.814759837291453798e-07 1.593590305395886748e-07 9.869004640580584889e-08 1.789515652996349242e-07 3.065659435120591292e-07 3.450765496734358132e-07
2.998779410361083839e-07 2.991664590945640993e-07 3.168702591830612810e-07 3.449146578555654162e-07 3.553044870351656145e-07 3.684108432093145357e-07 3.855033395027243178e-07 4.077221291375052585e-07 4.431568262477646344e-07 4.747580563311306826e-07 5.123752107744614155e-07 5.369569970803838213e-07 5.583067446642122367e-07 5.718057116633452125e-07 5.843768462137269957e-07 5.746455199984022066e-07 5.467122145885031799e-07 5.068308949844794020e-07 4.873476260401515296e-07 4.537439192890824589e-07 3.572260209427673557e-07 2.003518394742149338e-07 1.146173212563111901e-07 1.915970670144306322e-07 3.225725362112232267e-07 3.590656370295571625e-07
2.845972332180078730e-07 2.900057254341240704e-07 3.085850741180793150e-07 3.358268418516063816e-07 3.469397799929750837e-07 3.592394808545384523e-07 3.805007733054338314e-07 4.052648015246562994e-07 4.468454706867903937e-07 4.845251681248185699e-07 5.369569970803838213e-07 5.873377940423560499e-07 6.285258641892356398e-07 6.590066960029776404e-07 6.842136197938217114e-07 6.840681992038633491e-07 6.624285991242483877e-07 6.312836035991720677e-07 6.152618568870372291e-07 5.731632296609844819e-07 4.562249055736777831e-07 2.579181088685837304e-07 1.394818795483685103e-07 2.115207013506313061e-07 3.511914767619197059e-07 3.808632381543594498e-07
2.675091637053952998e-07 2.817211758202727261e-07 2.944822745506090731e-07 3.222036964869738794e-07 3.348609607851235842e-07 3.475193202870188605e-07 3.718427922002871770e-07 4.016383587316387516e-07 4.478975828619047785e-07 4.911743104770769487e-07 5.583067446642122367e-07 6.285258641892356398e-07 7.059451989547014654e-07 7.684552887224681170e-07 8.150114965777750607e-07 8.300317301803411535e-07 8.183177585736992316e-07 7.939324763104705015e-07 7.718466165659615539e-07 7.133773601599133138e-07 5.756316000914355198e-07 3.319447023054916470e-07 1.787085414430712003e-07 2.412229688037286048e-07 3.782328072588816815e-07 4.074907844078577889e-07
2.511017716757826158e-07 2.698422235253206259e-07 2.772298582837571649e-07 3.051254275949385926e-07 3.182279058201590621e-07 3.304769800668792156e-07 3.596349617631850447e-07 3.937215830242501623e-07 4.463869514393129695e-07 4.937648412736616084e-07 5.718057116633452125e-07 6.590066960029776404e-07 7.684552887224681170e-07 8.818844275337116728e-07 9.623876467570295171e-07 1.001657894108767733e-06 1.009333022942476146e-06 1.001310056930204914e-06 9.805487082524512355e-07 9.078512389319661691e-07 7.422256434844028104e-07 4.436300152392156676e-07 2.419297238355261081e-07 2.999112426732227881e-07 4.423704694503319128e-07 4.595838713741760134e-07
2.398060006335229108e-07 2.627908514269862408e-07 2.665886877165454656e-07 2.947431136956979850e-07 3.079822970918228746e-07 3.214296235461549819e-07 3.551921596548207265e-07 3.920730188009026119e-07 4.489916198226189652e-07 4.984823698740985797e-07 5.843768462137269957e-07 6.842136197938217114e-07 8.150114965777750607e-07 9.623876467570295171e-07 1.090618928728663094e-06 1.164044908141969130e-06 1.195655527321077342e-06 1.205142855512589013e-06 1.191548309869781241e-06 1.114805012865729585e-06 9.235344871294232292e-07 5.718066437131308373e-07 3.076411082783782944e-07 3.364829251509048773e-07 4.657149962978642945e-07 5.073067552374624466e-07
2.177165294205826712e-07 2.442367324636573906e-07 2.453194668881924463e-07 2.734231313335807368e-07 2.852197980358671510e-07 3.002262716746200872e-07 3.364857804460171716e-07 3.742329821505354904e-07 4.319144525108962972e-07 4.840171238995324812e-07 5.746455199984022066e-07 6.840681992038633491e-07 8.300317301803411535e-07 1.001657894108767733e-06 1.164044908141969130e-06 1.291402645841737717e-06 1.370100877830241708e-06 1.413496464072459416e-06 1.413288105995661004e-06 1.335434274486818614e-06 1.118184910142828861e-06 7.174651196438015868e-07 3.873890183866320150e-07 3.885384815676466529e-07 4.829190238538127466e-07 5.228417904699504725e-07
1.781455868445400693e-07 2.054955486888648480e-07 2.050900944237919602e-07 2.299955080631020808e-07 2.409654900801693042e-07 2.558180001407267105e-07 2.967204999594672367e-07 3.392347622993591950e-07 3.987004610941886556e-07 4.538557295170465207e-07 5.467122145885031799e-07 6.624285991242483877e-07 8.183177585736992316e-07 1.009333022942476146e-06 1.195655527321077342e-06 1.370100877830241708e-06 1.533456893096593547e-06 1.649570881549521928e-06 1.685539204677656548e-06 1.608685189889234781e-06 1.361824261378608321e-06 8.972105745539212088e-07 4.659623936225479576e-07 4.324887598591549168e-07 4.906405161434905813e-07 5.254123857068563137e-07
1.236225240857182669e-07 1.583281044458253826e-07 1.609048692416412930e-07 1.796231980587305084e-07 1.917309800027918388e-07 2.076755677124813439e-07 2.482356387940868870e-07 2.931051917690440110e-07 3.585932736550763800e-07 4.114961782328259626e-07 5.068308949844794020e-07 6.312836035991720677e-07 7.939324763104705015e-07 1.001310056930204914e-06 1.205142855512589013e-06 1.413496464072459416e-06 1.649570881549521928e-06 1.882849952334338026e-06 2.007071453415443735e-06 1.971478894543322065e-06 1.717705931127526425e-06 1.184296629461937661e-06 5.995019163923746755e-07 5.035054649920493787e-07 5.511310457257628875e-07 5.639691426637201925e-07
9.793281492685104013e-08 1.378133287420261305e-07 1.474599711062341830e-07 1.624248471298818098e-07 1.727179626917702923e-07 1.902996225702658932e-07 2.277899515600770688e-07 2.735889967823061447e-07 3.439885594570455440e-07 3.923204308102057876e-07 4.873476260401515296e-07 6.152618568870372291e-07 7.718466165659615539e-07 9.805487082524512355e-07 1.191548309869781241e-06 1.413288105995661004e-06 1.685539204677656548e-06 2.007071453415443735e-06 2.294084604694791730e-06 2.389761087844593868e-06 2.190859746897825222e-06 1.624423829917390471e-06 8.556739751403106420e-07 5.814617047408311695e-07 6.004885494369794036e-07 6.063970800930698884e-07
8.214940108201022168e-08 1.237067837823324059e-07 1.449044120520618716e-07 1.547111398937419069e-07 1.595940037182260008e-07 1.806234913007072013e-07 2.082667766523508710e-07 2.508602845805812989e-07 3.215999889941720768e-07 3.631280135530641692e-07 4.537439192890824589e-07 5.731632296609844819e-07 7.133773601599133138e-07 9.078512389319661691e-07 1.114805012865729585e-06 1.335434274486818614e-06 1.608685189889234781e-06 1.971478894543322065e-06 2.389761087844593868e-06 2.683356025764592972e-06 2.623663395567882079e-06 2.091041177303212116e-06 1.191012410203128059e-06 6.856452706721505508e-07 6.582888158994795233e-07 6.457213736368420840e-07
7.771021292264352902e-08 1.076180094809975298e-07 1.289928491553117268e-07 1.347691443141012046e-07 1.346336672945901672e-07 1.458540446296121672e-07 1.609913396247711852e-07 1.956100813418090735e-07 2.526320150338625344e-07 2.814759837291453798e-07 3.572260209427673557e-07 4.562249055736777831e-07 5.756316000914355198e-07 7.422256434844028104e-07 9.235344871294232292e-07 1.118184910142828861e-06 1.361824261378608321e-06 1.717705931127526425e-06 2.190859746897825222e-06 2.623663395567882079e-06 2.854433796365584426e-06 2.551905926195302693e-06 1.647837280590520504e-06 8.823029727780189133e-07 7.212291016100121396e-07 6.993264355088923004e-07
6.786262138144657578e-08 9.409874176693626891e-08 1.081663621666043730e-07 1.054574542386634394e-07 1.027832037785868980e-07 9.245032792470592709e-08 9.932229427888341612e-08 1.202487295964437058e-07 1.504846853205677279e-07 1.593590305395886748e-07 2.003518394742149338e-07 2.579181088685837304e-07 3.319447023054916470e-07 4.436300152392156676e-07 5.718066437131308373e-07 7.174651196438015868e-07 8.972105745539212088e-07 1.184296629461937661e-06 1.624423829917390471e-06 2.091041177303212116e-06 2.551905926195302693e-06 2.784426294064368001e-06 2.236613262836998507e-06 1.380466573420723100e-06 8.838889346708009729e-07 8.016148844923651888e-07
9.517752631112254172e-08 1.124139831205466399e-07 1.158633574518265063e-07 1.218774164489676170e-07 1.195379900436346226e-07 9.068161937814981113e-08 9.557786828029832466e-08 1.030604915467249915e-07 9.743206037420489002e-08 9.869004640580584889e-08 1.146173212563111901e-07 1.394818795483685103e-07 1.787085414430712003e-07 2.419297238355261081e-07 3.076411082783782944e-07 3.873890183866320150e-07 4.659623936225479576e-07 5.995019163923746755e-07 8.556739751403106420e-07 1.191012410203128059e-06 1.647837280590520504e-06 2.236613262836998507e-06 2.544925103914176491e-06 2.153452335267818057e-06 1.397615101320523204e-06 1.055296923668767282e-06
1.635202157984889168e-07 1.733729323348143809e-07 1.741534718812459305e-07 2.050654687164224724e-07 2.002358391076129076e-07 1.745611053600602138e-07 1.817662480902194785e-07 1.930649568007500226e-07 1.779848893947212805e-07 1.789515652996349242e-07 1.915970670144306322e-07 2.115207013506313061e-07 2.412229688037286048e-07 2.999112426732227881e-07 3.364829251509048773e-07 3.885384815676466529e-07 4.324887598591549168e-07 5.035054649920493787e-07 5.814617047408311695e-07 6.856452706721505508e-07 8.823029727780189133e-07 1.380466573420723100e-06 2.153452335267818057e-06 2.734482294298245564e-06 2.258093587937049846e-06 1.442048176028754836e-06
2.471549132124738413e-07 2.656657234890137917e-07 2.641340303734500280e-07 3.069445772092999892e-07 3.051437283799161560e-07 2.999280378156589388e-07 2.914017633308987329e-07 3.086729763619022577e-07 3.098519104294281070e-07 3.065659435120591292e-07 3.225725362112232267e-07 3.511914767619197059e-07 3.782328072588816815e-07 4.423704694503319128e-07 4.657149962978642945e-07 4.829190238538127466e-07 4.906405161434905813e-07 5.511310457257628875e-07 6.004885494369794036e-07 6.582888158994795233e-07 7.212291016100121396e-07 8.838889346708009729e-07 1.397615101320523204e-06 2.258093587937049846e-06 2.829801822871778207e-06 2.150916503981177833e-06
2.312610254952448449e-07 2.544266518692427967e-07 2.709843195469393969e-07 3.071162096028350153e-07 3.299556186950881644e-07 3.333044968682554146e-07 3.214871896323217115e-07 3.560908653867989937e-07 3.560717670211201732e-07 3.450765496734358132e-07 3.590656370295571625e-07 3.808632381543594498e-07 4.074907844078577889e-07 4.595838713741760134e-07 5.073067552374624466e-07 5.228417904699504725e-07 5.254123857068563137e-07 5.639691426637201925e-07 6.063970800930698884e-07 6.457213736368420840e-07 6.993264355088923004e-07 8.016148844923651888e-07 1.055296923668767282e-06 1.442048176028754836e-06 2.150916503981177833e-06 2.798549458445038332e-06
