6.486984721475140647e-07 5.792843142505319791e-07 5.790160298570385247e-07 5.519446399521334282e-07 5.357127421056098327e-07 5.307607632353226250e-07 5.245840544572339881e-07 5.241432122360699205e-07 5.239619226188318143e-07 5.306430924328153984e-07 5.232211556341548306e-07 5.226456634259677096e-07 5.194947768478172622e-07 5.186688767778482199e-07 5.163873797677171017e-07 5.195798239413865324e-07 5.252248839077454289e-07 4.903241956327755229e-07 4.588132336607892406e-07 4.546371334698481461e-07 4.769944923783364518e-07 4.673231078719302362e-07 4.526729821285720911e-07 4.566129349747193650e-07 4.861540135015450902e-07 5.339362555984737719e-07
5.792843142505319791e-07 6.422104894366701592e-07 5.983899034995526814e-07 5.678703655115159600e-07 5.483747526674728802e-07 5.354135087738864323e-07 5.369991556291368016e-07 5.324641438095078377e-07 5.339935886526309695e-07 5.386111850353083971e-07 5.292387593778701240e-07 5.240578535523738913e-07 5.110780176461085275e-07 4.987314852600813142e-07 4.923130274150726814e-07 4.946254071799273121e-07 5.027407709992979733e-07 4.704487726858486386e-07 4.348142180653716885e-07 4.125695494448419042e-07 4.201918678492521228e-07 3.945597785077498200e-07 3.961360415523163409e-07 4.225081668213026875e-07 4.517673600243488954e-07 5.083579537392155196e-07
5.790160298570385247e-07 5.983899034995526814e-07 6.398445148157692858e-07 5.818708635292768641e-07 5.645184616111248525e-07 5.524835752230940053e-07 5.482347004424830061e-07 5.457082384902231191e-07 5.445752326969321301e-07 5.520614363628863344e-07 5.434850025629382884e-07 5.415006333852156470e-07 5.357616880473734508e-07 5.277778780612800382e-07 5.218185716298447539e-07 5.261072194841396417e-07 5.342882486813208501e-07 4.988708567551274914e-07 4.518863806918914541e-07 4.302395750118745682e-07 4.284621948929715983e-07 3.890218594565609683e-07 3.726137740798598856e-07 4.011314586806293948e-07 4.423926879103514517e-07 5.319413371546257223e-07
5.519446399521334282e-07 5.678703655115159600e-07 5.818708635292768641e-07 5.804913055001646978e-07 5.518978327713086609e-07 5.413547446662936562e-07 5.382470012088063460e-07 5.357682671112187076e-07 5.319824838857801886e-07 5.376705325709768569e-07 5.299325158952883073e-07 5.281885697613534642e-07 5.238426705251910876e-07 5.183248292459470733e-07 5.145450813256325608e-07 5.205679424023472223e-07 5.303124343645030830e-07 4.944555938177777494e-07 4.541508019512740305e-07 4.325943250316695594e-07 4.270499894152178956e-07 3.852979310990040710e-07 3.858366777069427857e-07 4.268740576937470985e-07 4.330745897328731519e-07 4.551007401595413322e-07
5.357127421056098327e-07 5.483747526674728802e-07 5.645184616111248525e-07 5.518978327713086609e-07 5.640758948621317734e-07 5.479886978073731279e-07 5.426434356781337441e-07 5.395864126204422478e-07 5.370163482246393987e-07 5.436181905921137153e-07 5.348880941570040834e-07 5.358455214689908954e-07 5.335699652988535110e-07 5.307718912475521135e-07 5.277740335901053936e-07 5.348995473961296782e-07 5.450302343006588504e-07 5.068217893335713280e-07 4.576528224313377027e-07 4.300573018775040882e-07 4.148734076642026121e-07 3.666929071120544321e-07 3.673530579638567792e-07 4.122344032876963453e-07 4.395150776176547740e-07 4.798083762893187590e-07
5.307607632353226250e-07 5.354135087738864323e-07 5.524835752230940053e-07 5.413547446662936562e-07 5.479886978073731279e-07 5.633721136978920811e-07 5.539976071693966492e-07 5.537532665198652878e-07 5.523824688400710044e-07 5.596428921948236751e-07 5.515443571070391334e-07 5.566978365269287016e-07 5.550244684302980422e-07 5.542232750832592796e-07 5.482800453951414402e-07 5.482731634418862470e-07 5.554613110046813028e-07 5.173813423919678735e-07 4.713992042382873321e-07 4.453163627212668236e-07 4.339267759817201024e-07 3.951266375453760814e-07 4.159287616630906354e-07 4.597577490847571038e-07 4.637858689213331345e-07 4.905574192374565029e-07
5.245840544572339881e-07 5.369991556291368016e-07 5.482347004424830061e-07 5.382470012088063460e-07 5.426434356781337441e-07 5.539976071693966492e-07 5.698080423081208171e-07 5.686829069800212367e-07 5.678466961867038210e-07 5.763877230666954144e-07 5.721932208998417171e-07 5.794668575977280369e-07 5.801691365872040312e-07 5.829677275326281858e-07 5.808231552518418927e-07 5.871732442487107883e-07 6.007710245599963061e-07 5.669622255388351527e-07 5.269995408938420192e-07 5.071766559018945385e-07 4.985883914920832677e-07 4.494103744118851022e-07 4.557057201957384958e-07 4.781749601213409033e-07 4.716897922101679824e-07 4.930609949787383667e-07
5.241432122360699205e-07 5.324641438095078377e-07 5.457082384902231191e-07 5.357682671112187076e-07 5.395864126204422478e-07 5.537532665198652878e-07 5.686829069800212367e-07 5.924214329089932619e-07 5.945924792373709501e-07 6.092960488586343281e-07 6.077675659642221824e-07 6.187854647608004478e-07 6.224958991464754177e-07 6.299412902385324808e-07 6.295444104488499791e-07 6.367780216023214061e-07 6.536084093138627514e-07 6.286405890781376930e-07 5.934516758965439799e-07 5.795724885357050015e-07 5.698065346668432233e-07 5.122796780666563332e-07 5.101679746606609010e-07 5.244436717648755476e-07 5.058570666484848270e-07 5.266178016072841399e-07
5.239619226188318143e-07 5.339935886526309695e-07 5.445752326969321301e-07 5.319824838857801886e-07 5.370163482246393987e-07 5.523824688400710044e-07 5.678466961867038210e-07 5.945924792373709501e-07 6.208909735432387894e-07 6.408415670317622330e-07 6.434823768478414189e-07 6.603783970493115548e-07 6.698068975879015943e-07 6.838872304355963035e-07 6.883778172520082329e-07 7.018066086811195612e-07 7.263563253153131071e-07 7.076671222829060123e-07 6.765595738871182562e-07 6.725403460546962494e-07 6.721078776204834797e-07 6.134087819539638789e-07 5.964844316052374245e-07 5.915666908096714419e-07 5.523365273194113956e-07 5.756279679372131146e-07
5.306430924328153984e-07 5.386111850353083971e-07 5.520614363628863344e-07 5.376705325709768569e-07 5.436181905921137153e-07 5.596428921948236751e-07 5.763877230666954144e-07 6.092960488586343281e-07 6.408415670317622330e-07 6.809666241552171712e-07 6.915232075017701162e-07 7.149550681570062327e-07 7.316712009153114775e-07 7.544265848006984544e-07 7.665536699086989179e-07 7.881784690711618444e-07 8.206525863361412038e-07 8.125442694010633470e-07 7.868558458019281867e-07 7.871433356806167221e-07 7.825678289687275553e-07 7.022014615533751283e-07 6.603860740534434895e-07 6.512864003749754717e-07 6.120088026275602331e-07 6.387655700677701192e-07
5.232211556341548306e-07 5.292387593778701240e-07 5.434850025629382884e-07 5.299325158952883073e-07 5.348880941570040834e-07 5.515443571070391334e-07 5.721932208998417171e-07 6.077675659642221824e-07 6.434823768478414189e-07 6.915232075017701162e-07 7.276739456795631720e-07 7.632754326568860043e-07 7.914642677467395229e-07 8.223424706109993321e-07 8.443308722345793996e-07 8.793499755669148218e-07 9.258763435490645957e-07 9.302641808001652269e-07 9.175399413782239744e-07 9.325670873850564265e-07 9.285477561709116603e-07 8.231553046740445523e-07 7.448462666118241370e-07 7.118686576609748877e-07 6.652868972243042941e-07 6.851983685371174923e-07
5.226456634259677096e-07 5.240578535523738913e-07 5.415006333852156470e-07 5.281885697613534642e-07 5.358455214689908954e-07 5.566978365269287016e-07 5.794668575977280369e-07 6.187854647608004478e-07 6.603783970493115548e-07 7.149550681570062327e-07 7.632754326568860043e-07 8.255985825866602329e-07 8.727319626644449671e-07 9.186488025526230147e-07 9.556204816623302939e-07 1.004578135789370409e-06 1.066578215052589254e-06 1.081858191652061027e-06 1.076026460024049387e-06 1.097222683051777925e-06 1.090235309919486058e-06 9.486087907766107606e-07 8.417995023391007737e-07 7.895467436013637100e-07 7.214371453141341857e-07 7.129218447455803431e-07
5.194947768478172622e-07 5.110780176461085275e-07 5.357616880473734508e-07 5.238426705251910876e-07 5.335699652988535110e-07 5.550244684302980422e-07 5.801691365872040312e-07 6.224958991464754177e-07 6.698068975879015943e-07 7.316712009153114775e-07 7.914642677467395229e-07 8.727319626644449671e-07 9.590133948244221829e-07 1.033196072657174806e-06 1.090765638567104094e-06 1.157937353734948503e-06 1.236638441701599876e-06 1.260119109386318791e-06 1.256289187017211283e-06 1.289801418142162811e-06 1.282022532961832554e-06 1.112406692303253317e-06 9.811604626734783986e-07 9.077262404945197601e-07 7.924341550124048441e-07 7.645953957588987211e-07
5.186688767778482199e-07 4.987314852600813142e-07 5.277778780612800382e-07 5.183248292459470733e-07 5.307718912475521135e-07 5.542232750832592796e-07 5.829677275326281858e-07 6.299412902385324808e-07 6.838872304355963035e-07 7.544265848006984544e-07 8.223424706109993321e-07 9.186488025526230147e-07 1.033196072657174806e-06 1.151837946461240499e-06 1.242081146517472270e-06 1.332574645032392646e-06 1.432181283986315233e-06 1.470857131201653768e-06 1.475564399005057880e-06 1.516603655323266563e-06 1.496541009152484340e-06 1.285900479610474205e-06 1.117193729161858561e-06 1.028271463783851590e-06 8.674490597181790427e-07 8.214452504802152858e-07
5.163873797677171017e-07 4.923130274150726814e-07 5.218185716298447539e-07 5.145450813256325608e-07 5.277740335901053936e-07 5.482800453951414402e-07 5.808231552518418927e-07 6.295444104488499791e-07 6.883778172520082329e-07 7.665536699086989179e-07 8.443308722345793996e-07 9.556204816623302939e-07 1.090765638567104094e-06 1.242081146517472270e-06 1.386214198597318322e-06 1.520207921768668325e-06 1.654397997408649382e-06 1.719092372670739396e-06 1.743383438637225813e-06 1.796756778809829370e-06 1.773136852279023317e-06 1.506645833359196425e-06 1.252849314560386038e-06 1.139269464584459958e-06 9.536291393563815921e-07 8.824193655457019912e-07
5.195798239413865324e-07 4.946254071799273121e-07 5.261072194841396417e-07 5.205679424023472223e-07 5.348995473961296782e-07 5.482731634418862470e-07 5.871732442487107883e-07 6.367780216023214061e-07 7.018066086811195612e-07 7.881784690711618444e-07 8.793499755669148218e-07 1.004578135789370409e-06 1.157937353734948503e-06 1.332574645032392646e-06 1.520207921768668325e-06 1.730813874031598507e-06 1.932559213874399410e-06 2.039120618916475808e-06 2.092454380716450516e-06 2.165742702007001968e-06 2.135138446125980925e-06 1.786861258608749091e-06 1.406922551600729945e-06 1.266712843279687931e-06 1.079142289223945299e-06 9.657806178758193863e-07
5.252248839077454289e-07 5.027407709992979733e-07 5.342882486813208501e-07 5.303124343645030830e-07 5.450302343006588504e-07 5.554613110046813028e-07 6.007710245599963061e-07 6.536084093138627514e-07 7.263563253153131071e-07 8.206525863361412038e-07 9.258763435490645957e-07 1.066578215052589254e-06 1.236638441701599876e-06 1.432181283986315233e-06 1.654397997408649382e-06 1.932559213874399410e-06 2.239863360198908753e-06 2.426836815885510298e-06 2.534445288929421930e-06 2.642641344573699184e-06 2.608619823107072920e-06 2.165548999560359551e-06 1.623033883221457557e-06 1.426583786649916392e-06 1.224356069770492582e-06 1.030797488062172786e-06
4.903241956327755229e-07 4.704487726858486386e-07 4.988708567551274914e-07 4.944555938177777494e-07 5.068217893335713280e-07 5.173813423919678735e-07 5.669622255388351527e-07 6.286405890781376930e-07 7.076671222829060123e-07 8.125442694010633470e-07 9.302641808001652269e-07 1.081858191652061027e-06 1.260119109386318791e-06 1.470857131201653768e-06 1.719092372670739396e-06 2.039120618916475808e-06 2.426836815885510298e-06 2.752550183833799265e-06 2.974273826883429714e-06 3.155139449544102130e-06 3.149425104748857891e-06 2.663041436989455314e-06 1.939819954629803520e-06 1.638448235028574458e-06 1.431932311215207147e-06 1.161296395321790307e-06
4.588132336607892406e-07 4.348142180653716885e-07 4.518863806918914541e-07 4.541508019512740305e-07 4.576528224313377027e-07 4.713992042382873321e-07 5.269995408938420192e-07 5.934516758965439799e-07 6.765595738871182562e-07 7.868558458019281867e-07 9.175399413782239744e-07 1.076026460024049387e-06 1.256289187017211283e-06 1.475564399005057880e-06 1.743383438637225813e-06 2.092454380716450516e-06 2.534445288929421930e-06 2.974273826883429714e-06 3.369752796393046356e-06 3.694526034506021449e-06 3.768327054596339229e-06 3.290845402927697649e-06 2.403485070147206485e-06 1.937465870468656287e-06 1.709959192449364452e-06 1.358341099726242332e-06
4.546371334698481461e-07 4.125695494448419042e-07 4.302395750118745682e-07 4.325943250316695594e-07 4.300573018775040882e-07 4.453163627212668236e-07 5.071766559018945385e-07 5.795724885357050015e-07 6.725403460546962494e-07 7.871433356806167221e-07 9.325670873850564265e-07 1.097222683051777925e-06 1.289801418142162811e-06 1.516603655323266563e-06 1.796756778809829370e-06 2.165742702007001968e-06 2.642641344573699184e-06 3.155139449544102130e-06 3.694526034506021449e-06 4.265996869950845175e-06 4.520765226315017319e-06 4.125650809092069852e-06 3.102213049674077640e-06 2.388011924532161894e-06 2.091985932873898550e-06 1.718737577434421171e-06
4.769944923783364518e-07 4.201918678492521228e-07 4.284621948929715983e-07 4.270499894152178956e-07 4.148734076642026121e-07 4.339267759817201024e-07 4.985883914920832677e-07 5.698065346668432233e-07 6.721078776204834797e-07 7.825678289687275553e-07 9.285477561709116603e-07 1.090235309919486058e-06 1.282022532961832554e-06 1.496541009152484340e-06 1.773136852279023317e-06 2.135138446125980925e-06 2.608619823107072920e-06 3.149425104748857891e-06 3.768327054596339229e-06 4.520765226315017319e-06 5.080005408619588286e-06 4.949080932738923217e-06 3.977712890576092528e-06 3.030614504211190656e-06 2.535672730208265600e-06 2.114159457797884935e-06
4.673231078719302362e-07 3.945597785077498200e-07 3.890218594565609683e-07 3.852979310990040710e-07 3.666929071120544321e-07 3.951266375453760814e-07 4.494103744118851022e-07 5.122796780666563332e-07 6.134087819539638789e-07 7.022014615533751283e-07 8.231553046740445523e-07 9.486087907766107606e-07 1.112406692303253317e-06 1.285900479610474205e-06 1.506645833359196425e-06 1.786861258608749091e-06 2.165548999560359551e-06 2.663041436989455314e-06 3.290845402927697649e-06 4.125650809092069852e-06 4.949080932738923217e-06 5.365789446558770254e-06 4.802944455105637086e-06 3.759217203356612498e-06 3.001227105954932790e-06 2.500370624009300398e-06
4.526729821285720911e-07 3.961360415523163409e-07 3.726137740798598856e-07 3.858366777069427857e-07 3.673530579638567792e-07 4.159287616630906354e-07 4.557057201957384958e-07 5.101679746606609010e-07 5.964844316052374245e-07 6.603860740534434895e-07 7.448462666118241370e-07 8.417995023391007737e-07 9.811604626734783986e-07 1.117193729161858561e-06 1.252849314560386038e-06 1.406922551600729945e-06 1.623033883221457557e-06 1.939819954629803520e-06 2.403485070147206485e-06 3.102213049674077640e-06 3.977712890576092528e-06 4.802944455105637086e-06 5.080035329303708113e-06 4.414500557730148382e-06 3.396521344413365559e-06 2.690509841050200177e-06
4.566129349747193650e-07 4.225081668213026875e-07 4.011314586806293948e-07 4.268740576937470985e-07 4.122344032876963453e-07 4.597577490847571038e-07 4.781749601213409033e-07 5.244436717648755476e-07 5.915666908096714419e-07 6.512864003749754717e-07 7.118686576609748877e-07 7.895467436013637100e-07 9.077262404945197601e-07 1.028271463783851590e-06 1.139269464584459958e-06 1.266712843279687931e-06 1.426583786649916392e-06 1.638448235028574458e-06 1.937465870468656287e-06 2.388011924532161894e-06 3.030614504211190656e-06 3.759217203356612498e-06 4.414500557730148382e-06 4.709305037322579280e-06 4.106604577023394811e-06 3.103091098136482089e-06
4.861540135015450902e-07 4.517673600243488954e-07 4.423926879103514517e-07 4.330745897328731519e-07 4.395150776176547740e-07 4.637858689213331345e-07 4.716897922101679824e-07 5.058570666484848270e-07 5.523365273194113956e-07 6.120088026275602331e-07 6.652868972243042941e-07 7.214371453141341857e-07 7.924341550124048441e-07 8.674490597181790427e-07 9.536291393563815921e-07 1.079142289223945299e-06 1.224356069770492582e-06 1.431932311215207147e-06 1.709959192449364452e-06 2.091985932873898550e-06 2.535672730208265600e-06 3.001227105954932790e-06 3.396521344413365559e-06 4.106604577023394811e-06 4.642310195493829773e-06 3.813030018963707505e-06
5.339362555984737719e-07 5.083579537392155196e-07 5.319413371546257223e-07 4.551007401595413322e-07 4.798083762893187590e-07 4.905574192374565029e-07 4.930609949787383667e-07 5.266178016072841399e-07 5.756279679372131146e-07 6.387655700677701192e-07 6.851983685371174923e-07 7.129218447455803431e-07 7.645953957588987211e-07 8.214452504802152858e-07 8.824193655457019912e-07 9.657806178758193863e-07 1.030797488062172786e-06 1.161296395321790307e-06 1.358341099726242332e-06 1.718737577434421171e-06 2.114159457797884935e-06 2.500370624009300398e-06 2.690509841050200177e-06 3.103091098136482089e-06 3.813030018963707505e-06 4.150680579484171534e-06
