8.554186159971070400e-07 8.087776477088909869e-07 8.046026725418545432e-07 8.048921950961263525e-07 8.096869202022229128e-07 8.164951599317701773e-07 8.219289971400077334e-07 8.334864043791673765e-07 8.413029437023274048e-07 8.321870203545095255e-07 8.224949183025390470e-07 8.250758145295827693e-07 8.379288465840047416e-07 8.353277887062661027e-07 8.538270635668144404e-07 8.668670157967570990e-07 8.945496812005573716e-07 9.241592715687073845e-07 9.833045626959864343e-07 1.052214082421341830e-06 1.085465473137125774e-06 9.267907767079856715e-07 7.564662853099115351e-07 6.562406534547826220e-07 7.205124996024788093e-07 8.383811271571347023e-07
8.087776477088909869e-07 8.454428989653264546e-07 8.217131559022577755e-07 8.219580208736384643e-07 8.303818234377441360e-07 8.366606691004330345e-07 8.455102198391848751e-07 8.568598033860835312e-07 8.660275891829871437e-07 8.592652646629831334e-07 8.520242215093391631e-07 8.535382752425853602e-07 8.671932028346239609e-07 8.674527039641326185e-07 8.901004406812443177e-07 9.069538936058397781e-07 9.409425163163946801e-07 9.768728180570235187e-07 1.048787458892399450e-06 1.134296958718899377e-06 1.160663344790199127e-06 9.871120302226299656e-07 8.072009511987375774e-07 6.937192498359299033e-07 7.579654031793107909e-07 8.998192950953511907e-07
8.046026725418545432e-07 8.217131559022577755e-07 8.453579758243716466e-07 8.325344032158482826e-07 8.385502827928727790e-07 8.446775464017992991e-07 8.482946894100834810e-07 8.623997763506795029e-07 8.722744816243211621e-07 8.636439721326844606e-07 8.587324083653720697e-07 8.644118241643019934e-07 8.822766056827715034e-07 8.838666087594412869e-07 9.076367263730402204e-07 9.303450732769723991e-07 9.648185813669099176e-07 9.953869108012245411e-07 1.052212764302657992e-06 1.112762036173170268e-06 1.113779889646851566e-06 9.312071064306246905e-07 7.517375888478066247e-07 6.758815693861231603e-07 7.643840059218292808e-07 9.295719914205964345e-07
8.048921950961263525e-07 8.219580208736384643e-07 8.325344032158482826e-07 8.593104746936971756e-07 8.579970441060740989e-07 8.657969277385065401e-07 8.688670125604995265e-07 8.836391333712735675e-07 8.942539013215433615e-07 8.865507988592003015e-07 8.825387166849057204e-07 8.853401692536945631e-07 8.994199096141494214e-07 9.000476547559780992e-07 9.241665730540479605e-07 9.494268751472647697e-07 9.819681246463217889e-07 1.013636962448886335e-06 1.077087645560781762e-06 1.140474299952958836e-06 1.143807666169169023e-06 9.635169136622421351e-07 7.675163346749777082e-07 6.627363211850798348e-07 7.483686891779983948e-07 8.969186277414657053e-07
8.096869202022229128e-07 8.303818234377441360e-07 8.385502827928727790e-07 8.579970441060740989e-07 8.805047525044926736e-07 8.844028614680903718e-07 8.908235683915364846e-07 9.061751636039137477e-07 9.205769190629790660e-07 9.171276188731335223e-07 9.147855015456674519e-07 9.233591777817353462e-07 9.410077383884809481e-07 9.421025531683576404e-07 9.674199192779093797e-07 9.942874095334464373e-07 1.030911924058979542e-06 1.064551097252487918e-06 1.129027363603601352e-06 1.192066678054643816e-06 1.188423889436943927e-06 9.811234487170262549e-07 7.611483537890580592e-07 6.541976025126227563e-07 7.426135342420204596e-07 8.956988896920433351e-07
8.164951599317701773e-07 8.366606691004330345e-07 8.446775464017992991e-07 8.657969277385065401e-07 8.844028614680903718e-07 9.090168813320584465e-07 9.153228674749343288e-07 9.312446044658671595e-07 9.481809320965634007e-07 9.462787772770565735e-07 9.466380705661970546e-07 9.570408550256720633e-07 9.793689580263691346e-07 9.848281845150697652e-07 1.016088806871097522e-06 1.049358108722394101e-06 1.093510983815577236e-06 1.132391173569811992e-06 1.200763052500628044e-06 1.265757612651086903e-06 1.251510186603287889e-06 1.024988392424657810e-06 7.793146943634220691e-07 6.598460696538130358e-07 7.663818478033522927e-07 9.360138051399357858e-07
8.219289971400077334e-07 8.455102198391848751e-07 8.482946894100834810e-07 8.688670125604995265e-07 8.908235683915364846e-07 9.153228674749343288e-07 9.421508883261334077e-07 9.590137040149505539e-07 9.798578210852982536e-07 9.807786810826408272e-07 9.829472952190612277e-07 9.949244280657457312e-07 1.021427101991758930e-06 1.029972384639433718e-06 1.061114463632160535e-06 1.097669115775429626e-06 1.146176289444648035e-06 1.188867272117852387e-06 1.257513853304886534e-06 1.320982376267239269e-06 1.301053402637900380e-06 1.053828877925854455e-06 8.069980550945935678e-07 7.106512443564362159e-07 8.286396005935901731e-07 9.799887634256714730e-07
8.334864043791673765e-07 8.568598033860835312e-07 8.623997763506795029e-07 8.836391333712735675e-07 9.061751636039137477e-07 9.312446044658671595e-07 9.590137040149505539e-07 9.936598594097338545e-07 1.017045374794833079e-06 1.020078553345974424e-06 1.026087589256559279e-06 1.041419302750111440e-06 1.070611494888313888e-06 1.080686524947276664e-06 1.114536719992168426e-06 1.157346815958897635e-06 1.209927811677856575e-06 1.257548155601729147e-06 1.328082804188369882e-06 1.388357456141427777e-06 1.353493250844260306e-06 1.083882663631312939e-06 8.116657170396697717e-07 6.893360308146724264e-07 8.080231565444909554e-07 9.879974357734594727e-07
8.413029437023274048e-07 8.660275891829871437e-07 8.722744816243211621e-07 8.942539013215433615e-07 9.205769190629790660e-07 9.481809320965634007e-07 9.798578210852982536e-07 1.017045374794833079e-06 1.059140172648092207e-06 1.067657807969231749e-06 1.080013782963552972e-06 1.102011669080668955e-06 1.138073685671791465e-06 1.155835675215046353e-06 1.201305288131725226e-06 1.255081134813540865e-06 1.316893059611579137e-06 1.370541676069745997e-06 1.443733074321914189e-06 1.494525020130692913e-06 1.439511556727450884e-06 1.136522398655156670e-06 8.352765844252781388e-07 7.227379323235398392e-07 8.488962284859780728e-07 1.041710077102454713e-06
8.321870203545095255e-07 8.592652646629831334e-07 8.636439721326844606e-07 8.865507988592003015e-07 9.171276188731335223e-07 9.462787772770565735e-07 9.807786810826408272e-07 1.020078553345974424e-06 1.067657807969231749e-06 1.093844067914430183e-06 1.115887703032148025e-06 1.146582044590298575e-06 1.189800491458411909e-06 1.215749868075641222e-06 1.269644913224436480e-06 1.334300527644845954e-06 1.404874961848527751e-06 1.463741578779748789e-06 1.536897043062343132e-06 1.580148647160244539e-06 1.510113964793737205e-06 1.180368298130060580e-06 8.616103548837648596e-07 7.470004598108930982e-07 8.488843953007343594e-07 1.038593049964515762e-06
8.224949183025390470e-07 8.520242215093391631e-07 8.587324083653720697e-07 8.825387166849057204e-07 9.147855015456674519e-07 9.466380705661970546e-07 9.829472952190612277e-07 1.026087589256559279e-06 1.080013782963552972e-06 1.115887703032148025e-06 1.159718651778925240e-06 1.205786964296617278e-06 1.264829592808552803e-06 1.308021756665409548e-06 1.379419658042697267e-06 1.459686806997312869e-06 1.545363296659220445e-06 1.614454330863803662e-06 1.692762315165766788e-06 1.735354849662909318e-06 1.657186107401078456e-06 1.290715969074193305e-06 9.275654253411511630e-07 7.740249382544312911e-07 8.431070073038900428e-07 1.033297982493199975e-06
8.250758145295827693e-07 8.535382752425853602e-07 8.644118241643019934e-07 8.853401692536945631e-07 9.233591777817353462e-07 9.570408550256720633e-07 9.949244280657457312e-07 1.041419302750111440e-06 1.102011669080668955e-06 1.146582044590298575e-06 1.205786964296617278e-06 1.279689686299959214e-06 1.361199943190275673e-06 1.422709955007530078e-06 1.512112843498337854e-06 1.607048768432154210e-06 1.707311817550178955e-06 1.785076801188717336e-06 1.862394374425612113e-06 1.902401066759164969e-06 1.812279021838038749e-06 1.400720838511227352e-06 9.842016991115950630e-07 7.835670434861774184e-07 7.945846139075718380e-07 9.824830500805579617e-07
8.379288465840047416e-07 8.671932028346239609e-07 8.822766056827715034e-07 8.994199096141494214e-07 9.410077383884809481e-07 9.793689580263691346e-07 1.021427101991758930e-06 1.070611494888313888e-06 1.138073685671791465e-06 1.189800491458411909e-06 1.264829592808552803e-06 1.361199943190275673e-06 1.482298978029133570e-06 1.578112589151691540e-06 1.698549763136492067e-06 1.820693732609635359e-06 1.946089261434819914e-06 2.041728968457483257e-06 2.127883957016438078e-06 2.175489267685251238e-06 2.071391552651878713e-06 1.589064321109128569e-06 1.097148574566134233e-06 8.463837566502971628e-07 8.240826163891767172e-07 1.001818847148930580e-06
8.353277887062661027e-07 8.674527039641326185e-07 8.838666087594412869e-07 9.000476547559780992e-07 9.421025531683576404e-07 9.848281845150697652e-07 1.029972384639433718e-06 1.080686524947276664e-06 1.155835675215046353e-06 1.215749868075641222e-06 1.308021756665409548e-06 1.422709955007530078e-06 1.578112589151691540e-06 1.729155291325421189e-06 1.900480836699299598e-06 2.060201119350040304e-06 2.220923186033289905e-06 2.349064364186880026e-06 2.455703455892269151e-06 2.521035703154844509e-06 2.414994570046177863e-06 1.862540059393763280e-06 1.286310935523316687e-06 9.711397605886096824e-07 8.765831523504241781e-07 1.028459991832707932e-06
8.538270635668144404e-07 8.901004406812443177e-07 9.076367263730402204e-07 9.241665730540479605e-07 9.674199192779093797e-07 1.016088806871097522e-06 1.061114463632160535e-06 1.114536719992168426e-06 1.201305288131725226e-06 1.269644913224436480e-06 1.379419658042697267e-06 1.512112843498337854e-06 1.698549763136492067e-06 1.900480836699299598e-06 2.151273347958134485e-06 2.381444005190467685e-06 2.607233032823120116e-06 2.794496302619525425e-06 2.940982742956803079e-06 3.031118365699626449e-06 2.914908924110804623e-06 2.255205874299025445e-06 1.518293502599890620e-06 1.089212188911932658e-06 8.984778119330097920e-07 1.064311840936135821e-06
8.668670157967570990e-07 9.069538936058397781e-07 9.303450732769723991e-07 9.494268751472647697e-07 9.942874095334464373e-07 1.049358108722394101e-06 1.097669115775429626e-06 1.157346815958897635e-06 1.255081134813540865e-06 1.334300527644845954e-06 1.459686806997312869e-06 1.607048768432154210e-06 1.820693732609635359e-06 2.060201119350040304e-06 2.381444005190467685e-06 2.720321216285458057e-06 3.046714460668864148e-06 3.312246405385472742e-06 3.505483834409444032e-06 3.622938910430491768e-06 3.492363444009434854e-06 2.705066686765945859e-06 1.775242659824311094e-06 1.250637811865499306e-06 9.839734012217756634e-07 1.160733272993683946e-06
8.945496812005573716e-07 9.409425163163946801e-07 9.648185813669099176e-07 9.819681246463217889e-07 1.030911924058979542e-06 1.093510983815577236e-06 1.146176289444648035e-06 1.209927811677856575e-06 1.316893059611579137e-06 1.404874961848527751e-06 1.545363296659220445e-06 1.707311817550178955e-06 1.946089261434819914e-06 2.220923186033289905e-06 2.607233032823120116e-06 3.046714460668864148e-06 3.520189517607156783e-06 3.921378139879326771e-06 4.203078578776962620e-06 4.371295359026976067e-06 4.232603685371785269e-06 3.303478475065189097e-06 2.136250074125815453e-06 1.483188636842807005e-06 1.114982570713649611e-06 1.254218966673935384e-06
9.241592715687073845e-07 9.768728180570235187e-07 9.953869108012245411e-07 1.013636962448886335e-06 1.064551097252487918e-06 1.132391173569811992e-06 1.188867272117852387e-06 1.257548155601729147e-06 1.370541676069745997e-06 1.463741578779748789e-06 1.614454330863803662e-06 1.785076801188717336e-06 2.041728968457483257e-06 2.349064364186880026e-06 2.794496302619525425e-06 3.312246405385472742e-06 3.921378139879326771e-06 4.513924345940833166e-06 4.959417321666293849e-06 5.235235339335695091e-06 5.124832274850333427e-06 4.088642772896233550e-06 2.643530753658179156e-06 1.774942525640249479e-06 1.263294067782201060e-06 1.337329505654948191e-06
9.833045626959864343e-07 1.048787458892399450e-06 1.052212764302657992e-06 1.077087645560781762e-06 1.129027363603601352e-06 1.200763052500628044e-06 1.257513853304886534e-06 1.328082804188369882e-06 1.443733074321914189e-06 1.536897043062343132e-06 1.692762315165766788e-06 1.862394374425612113e-06 2.127883957016438078e-06 2.455703455892269151e-06 2.940982742956803079e-06 3.505483834409444032e-06 4.203078578776962620e-06 4.959417321666293849e-06 5.671612603790487696e-06 6.188198324848326108e-06 6.205143980313568183e-06 5.118340054057796879e-06 3.373482340869497394e-06 2.156797381051245459e-06 1.491595899680287618e-06 1.507030550158531321e-06
1.052214082421341830e-06 1.134296958718899377e-06 1.112762036173170268e-06 1.140474299952958836e-06 1.192066678054643816e-06 1.265757612651086903e-06 1.320982376267239269e-06 1.388357456141427777e-06 1.494525020130692913e-06 1.580148647160244539e-06 1.735354849662909318e-06 1.902401066759164969e-06 2.175489267685251238e-06 2.521035703154844509e-06 3.031118365699626449e-06 3.622938910430491768e-06 4.371295359026976067e-06 5.235235339335695091e-06 6.188198324848326108e-06 7.095768377731730435e-06 7.400247465932473602e-06 6.351263188806913603e-06 4.329643863890865626e-06 2.610588453658190319e-06 1.756625192138224928e-06 1.673682988527772758e-06
1.085465473137125774e-06 1.160663344790199127e-06 1.113779889646851566e-06 1.143807666169169023e-06 1.188423889436943927e-06 1.251510186603287889e-06 1.301053402637900380e-06 1.353493250844260306e-06 1.439511556727450884e-06 1.510113964793737205e-06 1.657186107401078456e-06 1.812279021838038749e-06 2.071391552651878713e-06 2.414994570046177863e-06 2.914908924110804623e-06 3.492363444009434854e-06 4.232603685371785269e-06 5.124832274850333427e-06 6.205143980313568183e-06 7.400247465932473602e-06 8.155030598356146954e-06 7.422217098594401811e-06 5.364974393054308422e-06 3.207767576520877966e-06 2.078920880503589092e-06 1.766501271676712622e-06
9.267907767079856715e-07 9.871120302226299656e-07 9.312071064306246905e-07 9.635169136622421351e-07 9.811234487170262549e-07 1.024988392424657810e-06 1.053828877925854455e-06 1.083882663631312939e-06 1.136522398655156670e-06 1.180368298130060580e-06 1.290715969074193305e-06 1.400720838511227352e-06 1.589064321109128569e-06 1.862540059393763280e-06 2.255205874299025445e-06 2.705066686765945859e-06 3.303478475065189097e-06 4.088642772896233550e-06 5.118340054057796879e-06 6.351263188806913603e-06 7.422217098594401811e-06 7.485170318775815303e-06 6.028440048366500321e-06 3.894080740516150250e-06 2.465651609993428688e-06 1.706974931917615076e-06
7.564662853099115351e-07 8.072009511987375774e-07 7.517375888478066247e-07 7.675163346749777082e-07 7.611483537890580592e-07 7.793146943634220691e-07 8.069980550945935678e-07 8.116657170396697717e-07 8.352765844252781388e-07 8.616103548837648596e-07 9.275654253411511630e-07 9.842016991115950630e-07 1.097148574566134233e-06 1.286310935523316687e-06 1.518293502599890620e-06 1.775242659824311094e-06 2.136250074125815453e-06 2.643530753658179156e-06 3.373482340869497394e-06 4.329643863890865626e-06 5.364974393054308422e-06 6.028440048366500321e-06 5.848829310136322788e-06 4.701015836516301125e-06 3.235719689218620000e-06 1.914015895031986897e-06
6.562406534547826220e-07 6.937192498359299033e-07 6.758815693861231603e-07 6.627363211850798348e-07 6.541976025126227563e-07 6.598460696538130358e-07 7.106512443564362159e-07 6.893360308146724264e-07 7.227379323235398392e-07 7.470004598108930982e-07 7.740249382544312911e-07 7.835670434861774184e-07 8.463837566502971628e-07 9.711397605886096824e-07 1.089212188911932658e-06 1.250637811865499306e-06 1.483188636842807005e-06 1.774942525640249479e-06 2.156797381051245459e-06 2.610588453658190319e-06 3.207767576520877966e-06 3.894080740516150250e-06 4.701015836516301125e-06 5.380152712047951543e-06 4.547200127387832238e-06 2.674583062882631997e-06
7.205124996024788093e-07 7.579654031793107909e-07 7.643840059218292808e-07 7.483686891779983948e-07 7.426135342420204596e-07 7.663818478033522927e-07 8.286396005935901731e-07 8.080231565444909554e-07 8.488962284859780728e-07 8.488843953007343594e-07 8.431070073038900428e-07 7.945846139075718380e-07 8.240826163891767172e-07 8.765831523504241781e-07 8.984778119330097920e-07 9.839734012217756634e-07 1.114982570713649611e-06 1.263294067782201060e-06 1.491595899680287618e-06 1.756625192138224928e-06 2.078920880503589092e-06 2.465651609993428688e-06 3.235719689218620000e-06 4.547200127387832238e-06 5.572386066066401733e-06 4.427332196061974282e-06
8.383811271571347023e-07 8.998192950953511907e-07 9.295719914205964345e-07 8.969186277414657053e-07 8.956988896920433351e-07 9.360138051399357858e-07 9.799887634256714730e-07 9.879974357734594727e-07 1.041710077102454713e-06 1.038593049964515762e-06 1.033297982493199975e-06 9.824830500805579617e-07 1.001818847148930580e-06 1.028459991832707932e-06 1.064311840936135821e-06 1.160733272993683946e-06 1.254218966673935384e-06 1.337329505654948191e-06 1.507030550158531321e-06 1.673682988527772758e-06 1.766501271676712622e-06 1.706974931917615076e-06 1.914015895031986897e-06 2.674583062882631997e-06 4.427332196061974282e-06 5.621716285192906242e-06
