5.499266200958373537e-07 4.946770566520126054e-07 5.015909736003039653e-07 4.999035316102980053e-07 4.886417118949880083e-07 4.856551379931091366e-07 4.805389549724108214e-07 4.756784901426207179e-07 4.779439059488030370e-07 4.708086426181991772e-07 4.569168459900736060e-07 4.429920452584227956e-07 4.238964650197633090e-07 4.080403120589314833e-07 4.022944710248407800e-07 4.000976437002992220e-07 4.163304724155320115e-07 4.168364156116255351e-07 4.333768446007422029e-07 4.497504680064810371e-07 4.700135556081180827e-07 5.077587297142343115e-07 5.790455646201796196e-07 6.504688695560918478e-07 6.508988438350401488e-07 6.680668021887216595e-07
4.946770566520126054e-07 5.453316508509931737e-07 5.159083800478850143e-07 5.109585821179106477e-07 5.039908848183064923e-07 5.006058203206643979e-07 4.997362925215746153e-07 4.905392514214401643e-07 4.943698661099143199e-07 4.846694242779292314e-07 4.733830723985824650e-07 4.575410395040630235e-07 4.391041105039398575e-07 4.263366813024383768e-07 4.182336573715606750e-07 4.181217095226383272e-07 4.320297889539508556e-07 4.288207163156587402e-07 4.288332701745647150e-07 4.276240156095510275e-07 4.353268229975723879e-07 4.716372002615993636e-07 5.517764141982271469e-07 6.607606855870173298e-07 7.011477890208515971e-07 7.392787544419533828e-07
5.015909736003039653e-07 5.159083800478850143e-07 5.567131363645782343e-07 5.366912659129680629e-07 5.238858949709841979e-07 5.256297390577196658e-07 5.202924857651972531e-07 5.106786450595235189e-07 5.132576125750094789e-07 5.044406824296621956e-07 4.971468307048957532e-07 4.822806598259921820e-07 4.656523471319618381e-07 4.542295782468645392e-07 4.458916652453334407e-07 4.473533128825616276e-07 4.664300195622493972e-07 4.663235955473970809e-07 4.696796824857260860e-07 4.784462940138105043e-07 4.767453903847197544e-07 5.046625657960869406e-07 5.839681627850516923e-07 6.939713839154617749e-07 7.335722832663682443e-07 7.471419999896324302e-07
4.999035316102980053e-07 5.109585821179106477e-07 5.366912659129680629e-07 5.648338585156512930e-07 5.413348328814474153e-07 5.408069943332854796e-07 5.386489301423693563e-07 5.289044610662049560e-07 5.288955877323940365e-07 5.188235443786948528e-07 5.106594237044002415e-07 4.965729151939394612e-07 4.828627454812015635e-07 4.745264892847893883e-07 4.721512686990504116e-07 4.766820320676660906e-07 5.000347085503284133e-07 5.156855477973625918e-07 5.406703360189960221e-07 5.700983756871905090e-07 5.899987166104680437e-07 6.224772737549102862e-07 6.688701180566731592e-07 7.519156789710533586e-07 7.814474239765824231e-07 8.105337930750444595e-07
4.886417118949880083e-07 5.039908848183064923e-07 5.238858949709841979e-07 5.413348328814474153e-07 5.616354722307274118e-07 5.533023207417695256e-07 5.487744603860182610e-07 5.413743446879774360e-07 5.454121325920678406e-07 5.407866581455111156e-07 5.375057397674569566e-07 5.288493584369305386e-07 5.216163467918731176e-07 5.185830187714487213e-07 5.208128255029307823e-07 5.300605413831236165e-07 5.545898861379013066e-07 5.666224471245728279e-07 5.858853980691126436e-07 6.143037166857504841e-07 6.278317525547444628e-07 6.441768401963324570e-07 6.722218899962931659e-07 7.487345629965113265e-07 7.968274764484311785e-07 8.206841628020247637e-07
4.856551379931091366e-07 5.006058203206643979e-07 5.256297390577196658e-07 5.408069943332854796e-07 5.533023207417695256e-07 5.738933638503463110e-07 5.687108227025430287e-07 5.634738944649525243e-07 5.687627003600913539e-07 5.666658479964433132e-07 5.685653560808474456e-07 5.663902909022041450e-07 5.637759349759695242e-07 5.676642022415453531e-07 5.779130207427037018e-07 5.989607190517738554e-07 6.328438993106244548e-07 6.538452903382361998e-07 6.795803983833309698e-07 7.069687651835116504e-07 7.064767634098677232e-07 7.010458430354469550e-07 7.134071005659865112e-07 7.956143120387683671e-07 8.566074847254336625e-07 8.736114495231298917e-07
4.805389549724108214e-07 4.997362925215746153e-07 5.202924857651972531e-07 5.386489301423693563e-07 5.487744603860182610e-07 5.687108227025430287e-07 5.875246885773727772e-07 5.833758908175252775e-07 5.941135779955618384e-07 5.964522344485926472e-07 6.046955104040149427e-07 6.087774373684906684e-07 6.124717533648382504e-07 6.218422704771962774e-07 6.360897319183188733e-07 6.604910074037041153e-07 6.994845945220678598e-07 7.288979328673139184e-07 7.613584917030878655e-07 7.907565181073535281e-07 7.813561936819660889e-07 7.513947231893945954e-07 7.416768778388493469e-07 8.056586979303240933e-07 8.602306519199152089e-07 8.861225478286301219e-07
4.756784901426207179e-07 4.905392514214401643e-07 5.106786450595235189e-07 5.289044610662049560e-07 5.413743446879774360e-07 5.634738944649525243e-07 5.833758908175252775e-07 6.001245023906787290e-07 6.132500234656036279e-07 6.189851491151483503e-07 6.322064257671808979e-07 6.405498050521000263e-07 6.477489643813557402e-07 6.624773145664186455e-07 6.825007359392765785e-07 7.096917095471148361e-07 7.487377135927856670e-07 7.780179388642611332e-07 8.123664327186469345e-07 8.422784255401852563e-07 8.257342793325672974e-07 7.752486083457543392e-07 7.507467630188329104e-07 8.134518547242030819e-07 8.838291465778502900e-07 9.358785989235250878e-07
4.779439059488030370e-07 4.943698661099143199e-07 5.132576125750094789e-07 5.288955877323940365e-07 5.454121325920678406e-07 5.687627003600913539e-07 5.941135779955618384e-07 6.132500234656036279e-07 6.493019802534002359e-07 6.616721060859803934e-07 6.813400618515318516e-07 6.973146608530326984e-07 7.151503051268440203e-07 7.406733999289510083e-07 7.733066444779709873e-07 8.153764377014054632e-07 8.677195446523185261e-07 9.073695642676264238e-07 9.446346640332780055e-07 9.723442143209052846e-07 9.383065365874300248e-07 8.505275481290054796e-07 7.877341372945260071e-07 8.602849919220354094e-07 9.465667859906739286e-07 9.881661863970781092e-07
4.708086426181991772e-07 4.846694242779292314e-07 5.044406824296621956e-07 5.188235443786948528e-07 5.407866581455111156e-07 5.666658479964433132e-07 5.964522344485926472e-07 6.189851491151483503e-07 6.616721060859803934e-07 6.959629847914620451e-07 7.257219150496262586e-07 7.518060433120328023e-07 7.812743214951569965e-07 8.176840909897121669e-07 8.641128841298976436e-07 9.228090005850049080e-07 9.891479754761621649e-07 1.035567707435442428e-06 1.071977503081950321e-06 1.094260300641266657e-06 1.041056271968296042e-06 9.085256595112442840e-07 8.181210913538235656e-07 9.075970901840974558e-07 9.921207931485866625e-07 1.033166332624470767e-06
4.569168459900736060e-07 4.733830723985824650e-07 4.971468307048957532e-07 5.106594237044002415e-07 5.375057397674569566e-07 5.685653560808474456e-07 6.046955104040149427e-07 6.322064257671808979e-07 6.813400618515318516e-07 7.257219150496262586e-07 7.848114101885973689e-07 8.283166204512188081e-07 8.761810897327697721e-07 9.296740365659965363e-07 9.932763407385926352e-07 1.068899971542805656e-06 1.144872927949414862e-06 1.193170942610416953e-06 1.223055217487603260e-06 1.233938737798312216e-06 1.154338094320873041e-06 9.688883608103442139e-07 8.393016797331459866e-07 9.273199800817548276e-07 1.018769611699074583e-06 1.060097159727831682e-06
4.429920452584227956e-07 4.575410395040630235e-07 4.822806598259921820e-07 4.965729151939394612e-07 5.288493584369305386e-07 5.663902909022041450e-07 6.087774373684906684e-07 6.405498050521000263e-07 6.973146608530326984e-07 7.518060433120328023e-07 8.283166204512188081e-07 9.043882888465982580e-07 9.798015026162561419e-07 1.057419187111845265e-06 1.144807286455159289e-06 1.244629071870088351e-06 1.338367521673178370e-06 1.401610046075530428e-06 1.441926642777446216e-06 1.451851446345676553e-06 1.340305732141861864e-06 1.067739955391137104e-06 8.578591641019214281e-07 9.413164844142884387e-07 1.057386561162905916e-06 1.085565066165600600e-06
4.238964650197633090e-07 4.391041105039398575e-07 4.656523471319618381e-07 4.828627454812015635e-07 5.216163467918731176e-07 5.637759349759695242e-07 6.124717533648382504e-07 6.477489643813557402e-07 7.151503051268440203e-07 7.812743214951569965e-07 8.761810897327697721e-07 9.798015026162561419e-07 1.097938653618390625e-06 1.211090447806097441e-06 1.333031182128809378e-06 1.466457050650926936e-06 1.583756187516214675e-06 1.666612563150815486e-06 1.717840092353276953e-06 1.720032245737198418e-06 1.569699675256425427e-06 1.205112508776427419e-06 9.173533829935369089e-07 1.033029173663268670e-06 1.201787222247764229e-06 1.210041739299957405e-06
4.080403120589314833e-07 4.263366813024383768e-07 4.542295782468645392e-07 4.745264892847893883e-07 5.185830187714487213e-07 5.676642022415453531e-07 6.218422704771962774e-07 6.624773145664186455e-07 7.406733999289510083e-07 8.176840909897121669e-07 9.296740365659965363e-07 1.057419187111845265e-06 1.211090447806097441e-06 1.378957973346174914e-06 1.553825733697830335e-06 1.736183338597672918e-06 1.891311838128708943e-06 2.007624486423347644e-06 2.077922275127258715e-06 2.066100855444755649e-06 1.865488293186747431e-06 1.398572459776457721e-06 1.016999289723641664e-06 1.166743569781537137e-06 1.385110250559929436e-06 1.381052951295515508e-06
4.022944710248407800e-07 4.182336573715606750e-07 4.458916652453334407e-07 4.721512686990504116e-07 5.208128255029307823e-07 5.779130207427037018e-07 6.360897319183188733e-07 6.825007359392765785e-07 7.733066444779709873e-07 8.641128841298976436e-07 9.932763407385926352e-07 1.144807286455159289e-06 1.333031182128809378e-06 1.553825733697830335e-06 1.812308806471675343e-06 2.072574861479572307e-06 2.287964422436741472e-06 2.454550705412479193e-06 2.552935231073757671e-06 2.529170383460184207e-06 2.260993404162369266e-06 1.636412835569018722e-06 1.108688944979457222e-06 1.307286395510328722e-06 1.597614880506649942e-06 1.611186619129795710e-06
4.000976437002992220e-07 4.181217095226383272e-07 4.473533128825616276e-07 4.766820320676660906e-07 5.300605413831236165e-07 5.989607190517738554e-07 6.604910074037041153e-07 7.096917095471148361e-07 8.153764377014054632e-07 9.228090005850049080e-07 1.068899971542805656e-06 1.244629071870088351e-06 1.466457050650926936e-06 1.736183338597672918e-06 2.072574861479572307e-06 2.447982044263732374e-06 2.766391020753294278e-06 3.019539402185233452e-06 3.178611923442656129e-06 3.162519157788930019e-06 2.812204881834692703e-06 1.974324407869924871e-06 1.214536714238857534e-06 1.452990039132462267e-06 1.854958702228119246e-06 1.861767607885847838e-06
4.163304724155320115e-07 4.320297889539508556e-07 4.664300195622493972e-07 5.000347085503284133e-07 5.545898861379013066e-07 6.328438993106244548e-07 6.994845945220678598e-07 7.487377135927856670e-07 8.677195446523185261e-07 9.891479754761621649e-07 1.144872927949414862e-06 1.338367521673178370e-06 1.583756187516214675e-06 1.891311838128708943e-06 2.287964422436741472e-06 2.766391020753294278e-06 3.218293741215632373e-06 3.587829766007577515e-06 3.833487205855778433e-06 3.843769635042158961e-06 3.423243834355834390e-06 2.390907504150237345e-06 1.398981199130875225e-06 1.642441054149341431e-06 2.117169400148605782e-06 2.117608275302808254e-06
4.168364156116255351e-07 4.288207163156587402e-07 4.663235955473970809e-07 5.156855477973625918e-07 5.666224471245728279e-07 6.538452903382361998e-07 7.288979328673139184e-07 7.780179388642611332e-07 9.073695642676264238e-07 1.035567707435442428e-06 1.193170942610416953e-06 1.401610046075530428e-06 1.666612563150815486e-06 2.007624486423347644e-06 2.454550705412479193e-06 3.019539402185233452e-06 3.587829766007577515e-06 4.133188490674482221e-06 4.536944052945726528e-06 4.628097121488187263e-06 4.201278980929979810e-06 3.027106886003622746e-06 1.760547926338646650e-06 1.932208071292240402e-06 2.497355684937873609e-06 2.446961979832234720e-06
4.333768446007422029e-07 4.288332701745647150e-07 4.696796824857260860e-07 5.406703360189960221e-07 5.858853980691126436e-07 6.795803983833309698e-07 7.613584917030878655e-07 8.123664327186469345e-07 9.446346640332780055e-07 1.071977503081950321e-06 1.223055217487603260e-06 1.441926642777446216e-06 1.717840092353276953e-06 2.077922275127258715e-06 2.552935231073757671e-06 3.178611923442656129e-06 3.833487205855778433e-06 4.536944052945726528e-06 5.203468712887683997e-06 5.496895612116471701e-06 5.187317501765940698e-06 3.985888655154004417e-06 2.441164353293941388e-06 2.374454416581240905e-06 2.883229638045414864e-06 2.718744934836978305e-06
4.497504680064810371e-07 4.276240156095510275e-07 4.784462940138105043e-07 5.700983756871905090e-07 6.143037166857504841e-07 7.069687651835116504e-07 7.907565181073535281e-07 8.422784255401852563e-07 9.723442143209052846e-07 1.094260300641266657e-06 1.233938737798312216e-06 1.451851446345676553e-06 1.720032245737198418e-06 2.066100855444755649e-06 2.529170383460184207e-06 3.162519157788930019e-06 3.843769635042158961e-06 4.628097121488187263e-06 5.496895612116471701e-06 6.123958270898972767e-06 6.123288208077815956e-06 5.081997279401348544e-06 3.383877349945023868e-06 2.921706792111325949e-06 3.267974220461613437e-06 3.017082121412774963e-06
4.700135556081180827e-07 4.353268229975723879e-07 4.767453903847197544e-07 5.899987166104680437e-07 6.278317525547444628e-07 7.064767634098677232e-07 7.813561936819660889e-07 8.257342793325672974e-07 9.383065365874300248e-07 1.041056271968296042e-06 1.154338094320873041e-06 1.340305732141861864e-06 1.569699675256425427e-06 1.865488293186747431e-06 2.260993404162369266e-06 2.812204881834692703e-06 3.423243834355834390e-06 4.201278980929979810e-06 5.187317501765940698e-06 6.123288208077815956e-06 6.744100241155870017e-06 6.311755930795518395e-06 4.778024568997161073e-06 3.763432304554923171e-06 3.655563049271803444e-06 3.256227737623050733e-06
5.077587297142343115e-07 4.716372002615993636e-07 5.046625657960869406e-07 6.224772737549102862e-07 6.441768401963324570e-07 7.010458430354469550e-07 7.513947231893945954e-07 7.752486083457543392e-07 8.505275481290054796e-07 9.085256595112442840e-07 9.688883608103442139e-07 1.067739955391137104e-06 1.205112508776427419e-06 1.398572459776457721e-06 1.636412835569018722e-06 1.974324407869924871e-06 2.390907504150237345e-06 3.027106886003622746e-06 3.985888655154004417e-06 5.081997279401348544e-06 6.311755930795518395e-06 7.060178055513316670e-06 6.378914334436397027e-06 4.955109413038348940e-06 3.948370359432055323e-06 3.279386051638737600e-06
5.790455646201796196e-07 5.517764141982271469e-07 5.839681627850516923e-07 6.688701180566731592e-07 6.722218899962931659e-07 7.134071005659865112e-07 7.416768778388493469e-07 7.507467630188329104e-07 7.877341372945260071e-07 8.181210913538235656e-07 8.393016797331459866e-07 8.578591641019214281e-07 9.173533829935369089e-07 1.016999289723641664e-06 1.108688944979457222e-06 1.214536714238857534e-06 1.398981199130875225e-06 1.760547926338646650e-06 2.441164353293941388e-06 3.383877349945023868e-06 4.778024568997161073e-06 6.378914334436397027e-06 7.170433982839533123e-06 6.247083806077748938e-06 4.370889147277289432e-06 3.387158425913844585e-06
6.504688695560918478e-07 6.607606855870173298e-07 6.939713839154617749e-07 7.519156789710533586e-07 7.487345629965113265e-07 7.956143120387683671e-07 8.056586979303240933e-07 8.134518547242030819e-07 8.602849919220354094e-07 9.075970901840974558e-07 9.273199800817548276e-07 9.413164844142884387e-07 1.033029173663268670e-06 1.166743569781537137e-06 1.307286395510328722e-06 1.452990039132462267e-06 1.642441054149341431e-06 1.932208071292240402e-06 2.374454416581240905e-06 2.921706792111325949e-06 3.763432304554923171e-06 4.955109413038348940e-06 6.247083806077748938e-06 6.992672121769349827e-06 5.852660913947922064e-06 4.387584428916074583e-06
6.508988438350401488e-07 7.011477890208515971e-07 7.335722832663682443e-07 7.814474239765824231e-07 7.968274764484311785e-07 8.566074847254336625e-07 8.602306519199152089e-07 8.838291465778502900e-07 9.465667859906739286e-07 9.921207931485866625e-07 1.018769611699074583e-06 1.057386561162905916e-06 1.201787222247764229e-06 1.385110250559929436e-06 1.597614880506649942e-06 1.854958702228119246e-06 2.117169400148605782e-06 2.497355684937873609e-06 2.883229638045414864e-06 3.267974220461613437e-06 3.655563049271803444e-06 3.948370359432055323e-06 4.370889147277289432e-06 5.852660913947922064e-06 7.205323048758611212e-06 6.015759980962694612e-06
6.680668021887216595e-07 7.392787544419533828e-07 7.471419999896324302e-07 8.105337930750444595e-07 8.206841628020247637e-07 8.736114495231298917e-07 8.861225478286301219e-07 9.358785989235250878e-07 9.881661863970781092e-07 1.033166332624470767e-06 1.060097159727831682e-06 1.085565066165600600e-06 1.210041739299957405e-06 1.381052951295515508e-06 1.611186619129795710e-06 1.861767607885847838e-06 2.117608275302808254e-06 2.446961979832234720e-06 2.718744934836978305e-06 3.017082121412774963e-06 3.256227737623050733e-06 3.279386051638737600e-06 3.387158425913844585e-06 4.387584428916074583e-06 6.015759980962694612e-06 7.084721725414301647e-06
