6.368259661312025945e-07 5.672100432522778101e-07 5.491020339751971085e-07 5.521933916510148481e-07 5.459175161445286459e-07 5.288005876530446499e-07 5.172895930813325812e-07 5.143288997010063765e-07 4.970012675584368648e-07 4.764745241841895681e-07 4.604296948312007394e-07 4.482964052170385274e-07 4.245524480985209029e-07 4.104613668866924752e-07 3.926547858849026840e-07 3.615005066422171350e-07 3.148830490008914695e-07 2.613700167043497930e-07 2.233243022500829891e-07 1.886535131137386279e-07 1.679503381750927219e-07 1.781342748831441986e-07 2.222086683942996485e-07 3.099468573327091154e-07 4.038500937589826280e-07 4.104007731488326560e-07
5.672100432522778101e-07 5.762063268531153415e-07 5.392896738451868244e-07 5.437211235308555045e-07 5.379267117640413809e-07 5.271894645153526451e-07 5.142251682341888483e-07 5.136183523364874582e-07 4.946442965968384270e-07 4.786159891158263976e-07 4.697727546495432864e-07 4.582020874911705440e-07 4.344804653398339623e-07 4.135422853560690000e-07 3.900139187216753082e-07 3.586540744875662004e-07 3.101777296721876216e-07 2.611948243110420398e-07 2.359758380872504712e-07 2.101026728329160977e-07 1.785141740836120272e-07 1.808011382529023889e-07 2.235723181805236063e-07 3.256329417587328456e-07 4.311467096368681044e-07 4.262585813809415745e-07
5.491020339751971085e-07 5.392896738451868244e-07 5.609920266804433644e-07 5.419636959940278658e-07 5.327915877959834177e-07 5.228400250786076485e-07 5.131951167907692944e-07 5.090999890248017458e-07 4.901759244142005905e-07 4.705014504234287562e-07 4.596355183747539506e-07 4.448648223266523762e-07 4.228020687574262697e-07 4.004160363131560763e-07 3.769543325932985518e-07 3.432633059750929362e-07 2.959699143605493430e-07 2.494938463459109654e-07 2.194154038854254459e-07 1.860471887846868675e-07 1.562250907828495748e-07 1.621289490562716899e-07 2.299594229425357237e-07 3.672957432392810666e-07 4.836691237200231470e-07 4.370683956641169070e-07
5.521933916510148481e-07 5.437211235308555045e-07 5.419636959940278658e-07 5.736253339061705575e-07 5.572674946238468348e-07 5.463616198005489173e-07 5.351785969125589340e-07 5.311312969551211358e-07 5.121562727368160980e-07 4.954715084155299521e-07 4.868168926576087619e-07 4.741473806266584987e-07 4.516077812257253364e-07 4.334968386931801874e-07 4.148103412757824525e-07 3.859269068572843904e-07 3.414458337725477306e-07 2.917821745451408039e-07 2.579128528568103351e-07 2.222431588518413988e-07 1.967953953952863609e-07 2.044071023711007097e-07 2.556042919660820388e-07 3.745583615920787008e-07 4.786653232963030955e-07 4.629621773675380449e-07
5.459175161445286459e-07 5.379267117640413809e-07 5.327915877959834177e-07 5.572674946238468348e-07 5.708219659400211306e-07 5.555469704802194418e-07 5.459537711358891345e-07 5.405692790511808088e-07 5.223623691157464610e-07 5.023963729837362502e-07 4.932645456871126312e-07 4.804877305255815690e-07 4.547270833139696523e-07 4.325786219125314641e-07 4.075644005354621522e-07 3.743600082099357406e-07 3.196696137665932744e-07 2.686799476364954577e-07 2.357142895409076219e-07 1.995246266094302279e-07 1.648765093232002907e-07 1.729810889926054926e-07 2.250757839022849099e-07 3.590786364082442961e-07 4.759118819927437092e-07 4.632632070104364720e-07
5.288005876530446499e-07 5.271894645153526451e-07 5.228400250786076485e-07 5.463616198005489173e-07 5.555469704802194418e-07 5.649752628531771514e-07 5.531893356138581330e-07 5.485328628549449842e-07 5.329844923888191334e-07 5.186027211883716791e-07 5.129859684285149489e-07 5.056827955141521092e-07 4.894831636058395202e-07 4.718223526785620721e-07 4.518303881491530999e-07 4.204085082885846857e-07 3.642078508633256125e-07 3.071722894866961934e-07 2.716141126939166232e-07 2.348062815924799906e-07 1.876820235525662611e-07 1.778876857565937638e-07 2.341335055022878130e-07 3.655285244353066006e-07 4.924953098946508894e-07 4.907388730327186597e-07
5.172895930813325812e-07 5.142251682341888483e-07 5.131951167907692944e-07 5.351785969125589340e-07 5.459537711358891345e-07 5.531893356138581330e-07 5.614791960454514349e-07 5.568257215580011980e-07 5.468951401811166673e-07 5.347458472949866523e-07 5.327990577430335805e-07 5.283744750008882658e-07 5.170746702851464521e-07 5.041177804078904999e-07 4.868616206311271675e-07 4.547955062384312245e-07 4.032130472197934665e-07 3.531903022093268140e-07 3.225430515514288031e-07 2.841488378661109647e-07 2.249731915798865016e-07 1.989916189786137486e-07 2.339983479157252183e-07 3.603641953485603073e-07 4.949401874414171388e-07 4.920864750632778933e-07
5.143288997010063765e-07 5.136183523364874582e-07 5.090999890248017458e-07 5.311312969551211358e-07 5.405692790511808088e-07 5.485328628549449842e-07 5.568257215580011980e-07 5.723048321046840223e-07 5.634921278062860154e-07 5.555380562613791202e-07 5.564241106461572661e-07 5.559040344987310574e-07 5.461964263349715796e-07 5.344111129215536249e-07 5.177390292950338053e-07 4.850855140964646556e-07 4.349874003757715535e-07 3.833150361163190243e-07 3.587788841851831229e-07 3.244822913182122294e-07 2.623078883772722725e-07 2.196200716310637093e-07 2.315295629727718999e-07 3.393942726113988193e-07 4.806099823039604213e-07 4.941393431742944480e-07
4.970012675584368648e-07 4.946442965968384270e-07 4.901759244142005905e-07 5.121562727368160980e-07 5.223623691157464610e-07 5.329844923888191334e-07 5.468951401811166673e-07 5.634921278062860154e-07 5.746328117596866819e-07 5.742132048137510973e-07 5.823590984831649492e-07 5.910098693377175922e-07 5.889310481553410350e-07 5.839762687443120246e-07 5.703744595922624502e-07 5.371000885157760568e-07 4.858939412103638295e-07 4.346153171994891924e-07 4.077418903362548719e-07 3.682499914305479579e-07 2.923149050357265330e-07 2.291177636607572346e-07 2.245188859535417354e-07 3.273410607216502057e-07 4.688639496512342496e-07 4.724468867347515885e-07
4.764745241841895681e-07 4.786159891158263976e-07 4.705014504234287562e-07 4.954715084155299521e-07 5.023963729837362502e-07 5.186027211883716791e-07 5.347458472949866523e-07 5.555380562613791202e-07 5.742132048137510973e-07 5.951446770062631662e-07 6.136150215468047686e-07 6.323252713442367801e-07 6.386341398925532135e-07 6.394436350947668579e-07 6.326910506442064943e-07 6.033156059091625729e-07 5.559067979273943851e-07 5.062755087011370430e-07 4.770114062080262355e-07 4.332144660551947317e-07 3.419599056844873766e-07 2.398376324479107001e-07 2.093776320770665506e-07 3.115126265573044391e-07 4.575296721236115110e-07 4.552632365291230071e-07
4.604296948312007394e-07 4.697727546495432864e-07 4.596355183747539506e-07 4.868168926576087619e-07 4.932645456871126312e-07 5.129859684285149489e-07 5.327990577430335805e-07 5.564241106461572661e-07 5.823590984831649492e-07 6.136150215468047686e-07 6.540972401241871608e-07 6.888510751205613355e-07 7.078903159555191792e-07 7.156574627773210196e-07 7.150633804613417663e-07 6.908795214144992381e-07 6.451706228356461039e-07 6.000248957257218059e-07 5.697422941112713583e-07 5.200871159046982726e-07 4.136315614029732545e-07 2.728752797715778953e-07 2.120034767095519316e-07 3.064388930075935355e-07 4.665105642160784697e-07 4.728438476682642313e-07
4.482964052170385274e-07 4.582020874911705440e-07 4.448648223266523762e-07 4.741473806266584987e-07 4.804877305255815690e-07 5.056827955141521092e-07 5.283744750008882658e-07 5.559040344987310574e-07 5.910098693377175922e-07 6.323252713442367801e-07 6.888510751205613355e-07 7.524434504076431302e-07 7.934886914098209664e-07 8.197607893988712359e-07 8.326567550277300859e-07 8.179052816812274432e-07 7.749428555693111822e-07 7.356191334701645338e-07 7.033235490887072034e-07 6.369880119074358457e-07 5.009312276154578753e-07 3.124322157023378430e-07 2.176933824869651427e-07 3.075195168932427053e-07 4.833733781982239123e-07 4.986265890141237186e-07
4.245524480985209029e-07 4.344804653398339623e-07 4.228020687574262697e-07 4.516077812257253364e-07 4.547270833139696523e-07 4.894831636058395202e-07 5.170746702851464521e-07 5.461964263349715796e-07 5.889310481553410350e-07 6.386341398925532135e-07 7.078903159555191792e-07 7.934886914098209664e-07 8.722440714304673100e-07 9.317834880326819687e-07 9.660990607927653794e-07 9.615651710380114568e-07 9.223530744638891123e-07 8.904872258198678800e-07 8.574859342774809576e-07 7.751545624946350881e-07 6.145520373786837457e-07 3.771561550210738081e-07 2.573319963679072549e-07 3.429253979403956643e-07 5.242061444889800985e-07 5.442680893048457735e-07
4.104613668866924752e-07 4.135422853560690000e-07 4.004160363131560763e-07 4.334968386931801874e-07 4.325786219125314641e-07 4.718223526785620721e-07 5.041177804078904999e-07 5.344111129215536249e-07 5.839762687443120246e-07 6.394436350947668579e-07 7.156574627773210196e-07 8.197607893988712359e-07 9.317834880326819687e-07 1.047873131597586404e-06 1.122461532098554883e-06 1.141069464379108390e-06 1.115606063435525741e-06 1.099133928359591139e-06 1.068182503307765981e-06 9.703343941572619222e-07 7.796938822626478330e-07 4.850789592559189702e-07 3.169826501410920262e-07 3.993981783406349329e-07 5.871911289957595132e-07 5.925192419801550415e-07
3.926547858849026840e-07 3.900139187216753082e-07 3.769543325932985518e-07 4.148103412757824525e-07 4.075644005354621522e-07 4.518303881491530999e-07 4.868616206311271675e-07 5.177390292950338053e-07 5.703744595922624502e-07 6.326910506442064943e-07 7.150633804613417663e-07 8.326567550277300859e-07 9.660990607927653794e-07 1.122461532098554883e-06 1.256705597443966017e-06 1.316302637278071531e-06 1.316080316821049310e-06 1.314954229893235200e-06 1.284499213011317364e-06 1.174897542200955757e-06 9.542437800184014740e-07 5.998062393754081102e-07 3.654409233761568847e-07 4.203244771438442291e-07 5.974369821534395873e-07 6.323001942908809936e-07
3.615005066422171350e-07 3.586540744875662004e-07 3.432633059750929362e-07 3.859269068572843904e-07 3.743600082099357406e-07 4.204085082885846857e-07 4.547955062384312245e-07 4.850855140964646556e-07 5.371000885157760568e-07 6.033156059091625729e-07 6.908795214144992381e-07 8.179052816812274432e-07 9.615651710380114568e-07 1.141069464379108390e-06 1.316302637278071531e-06 1.445869131117583565e-06 1.498621297660162446e-06 1.533670635394094912e-06 1.515076310949472205e-06 1.401599971912110123e-06 1.153677053508851174e-06 7.415869888735802747e-07 4.366567439162697756e-07 4.679602661972916833e-07 6.135429698418567788e-07 6.604596960769491135e-07
3.148830490008914695e-07 3.101777296721876216e-07 2.959699143605493430e-07 3.414458337725477306e-07 3.196696137665932744e-07 3.642078508633256125e-07 4.032130472197934665e-07 4.349874003757715535e-07 4.858939412103638295e-07 5.559067979273943851e-07 6.451706228356461039e-07 7.749428555693111822e-07 9.223530744638891123e-07 1.115606063435525741e-06 1.316080316821049310e-06 1.498621297660162446e-06 1.641251955513694520e-06 1.750574327067937718e-06 1.764845843338665146e-06 1.653628237471173699e-06 1.389113462961072475e-06 9.230638430592517802e-07 5.155743428571606867e-07 5.152819384643651485e-07 6.175849227974809533e-07 6.592858010133147601e-07
2.613700167043497930e-07 2.611948243110420398e-07 2.494938463459109654e-07 2.917821745451408039e-07 2.686799476364954577e-07 3.071722894866961934e-07 3.531903022093268140e-07 3.833150361163190243e-07 4.346153171994891924e-07 5.062755087011370430e-07 6.000248957257218059e-07 7.356191334701645338e-07 8.904872258198678800e-07 1.099133928359591139e-06 1.314954229893235200e-06 1.533670635394094912e-06 1.750574327067937718e-06 1.985132894255563344e-06 2.088718228444333641e-06 2.012835000008272902e-06 1.743451122810332338e-06 1.199980047425559187e-06 6.238145032208776598e-07 5.635427517860799824e-07 6.633229673050917941e-07 6.798212232053113084e-07
2.233243022500829891e-07 2.359758380872504712e-07 2.194154038854254459e-07 2.579128528568103351e-07 2.357142895409076219e-07 2.716141126939166232e-07 3.225430515514288031e-07 3.587788841851831229e-07 4.077418903362548719e-07 4.770114062080262355e-07 5.697422941112713583e-07 7.033235490887072034e-07 8.574859342774809576e-07 1.068182503307765981e-06 1.284499213011317364e-06 1.515076310949472205e-06 1.764845843338665146e-06 2.088718228444333641e-06 2.352501991596211720e-06 2.397950112851025051e-06 2.187490828881620262e-06 1.609209385449158531e-06 8.557635213321936647e-07 6.282740257903835852e-07 7.051361250138343761e-07 7.052390240460395632e-07
1.886535131137386279e-07 2.101026728329160977e-07 1.860471887846868675e-07 2.222431588518413988e-07 1.995246266094302279e-07 2.348062815924799906e-07 2.841488378661109647e-07 3.244822913182122294e-07 3.682499914305479579e-07 4.332144660551947317e-07 5.200871159046982726e-07 6.369880119074358457e-07 7.751545624946350881e-07 9.703343941572619222e-07 1.174897542200955757e-06 1.401599971912110123e-06 1.653628237471173699e-06 2.012835000008272902e-06 2.397950112851025051e-06 2.636188171229957831e-06 2.570398738476793856e-06 2.034862391635712457e-06 1.159715392517742984e-06 7.003383712104620150e-07 7.358105756071675537e-07 7.361469039347313766e-07
1.679503381750927219e-07 1.785141740836120272e-07 1.562250907828495748e-07 1.967953953952863609e-07 1.648765093232002907e-07 1.876820235525662611e-07 2.249731915798865016e-07 2.623078883772722725e-07 2.923149050357265330e-07 3.419599056844873766e-07 4.136315614029732545e-07 5.009312276154578753e-07 6.145520373786837457e-07 7.796938822626478330e-07 9.542437800184014740e-07 1.153677053508851174e-06 1.389113462961072475e-06 1.743451122810332338e-06 2.187490828881620262e-06 2.570398738476793856e-06 2.800895786009995737e-06 2.515761261670117931e-06 1.642074125272750718e-06 9.079256082915061314e-07 7.866058987774484727e-07 7.655533073444274735e-07
1.781342748831441986e-07 1.808011382529023889e-07 1.621289490562716899e-07 2.044071023711007097e-07 1.729810889926054926e-07 1.778876857565937638e-07 1.989916189786137486e-07 2.196200716310637093e-07 2.291177636607572346e-07 2.398376324479107001e-07 2.728752797715778953e-07 3.124322157023378430e-07 3.771561550210738081e-07 4.850789592559189702e-07 5.998062393754081102e-07 7.415869888735802747e-07 9.230638430592517802e-07 1.199980047425559187e-06 1.609209385449158531e-06 2.034862391635712457e-06 2.515761261670117931e-06 2.782972980760062676e-06 2.261488697212069781e-06 1.419372353179798515e-06 9.454453011098028794e-07 8.593311417421893953e-07
2.222086683942996485e-07 2.235723181805236063e-07 2.299594229425357237e-07 2.556042919660820388e-07 2.250757839022849099e-07 2.341335055022878130e-07 2.339983479157252183e-07 2.315295629727718999e-07 2.245188859535417354e-07 2.093776320770665506e-07 2.120034767095519316e-07 2.176933824869651427e-07 2.573319963679072549e-07 3.169826501410920262e-07 3.654409233761568847e-07 4.366567439162697756e-07 5.155743428571606867e-07 6.238145032208776598e-07 8.557635213321936647e-07 1.159715392517742984e-06 1.642074125272750718e-06 2.261488697212069781e-06 2.577028442786328321e-06 2.192235191328587182e-06 1.448711833402932129e-06 1.119064830733093372e-06
3.099468573327091154e-07 3.256329417587328456e-07 3.672957432392810666e-07 3.745583615920787008e-07 3.590786364082442961e-07 3.655285244353066006e-07 3.603641953485603073e-07 3.393942726113988193e-07 3.273410607216502057e-07 3.115126265573044391e-07 3.064388930075935355e-07 3.075195168932427053e-07 3.429253979403956643e-07 3.993981783406349329e-07 4.203244771438442291e-07 4.679602661972916833e-07 5.152819384643651485e-07 5.635427517860799824e-07 6.282740257903835852e-07 7.003383712104620150e-07 9.079256082915061314e-07 1.419372353179798515e-06 2.192235191328587182e-06 2.811828732094866372e-06 2.336962699640045762e-06 1.510617582145671059e-06
4.038500937589826280e-07 4.311467096368681044e-07 4.836691237200231470e-07 4.786653232963030955e-07 4.759118819927437092e-07 4.924953098946508894e-07 4.949401874414171388e-07 4.806099823039604213e-07 4.688639496512342496e-07 4.575296721236115110e-07 4.665105642160784697e-07 4.833733781982239123e-07 5.242061444889800985e-07 5.871911289957595132e-07 5.974369821534395873e-07 6.135429698418567788e-07 6.175849227974809533e-07 6.633229673050917941e-07 7.051361250138343761e-07 7.358105756071675537e-07 7.866058987774484727e-07 9.454453011098028794e-07 1.448711833402932129e-06 2.336962699640045762e-06 2.908886794214658862e-06 2.218286203455912133e-06
4.104007731488326560e-07 4.262585813809415745e-07 4.370683956641169070e-07 4.629621773675380449e-07 4.632632070104364720e-07 4.907388730327186597e-07 4.920864750632778933e-07 4.941393431742944480e-07 4.724468867347515885e-07 4.552632365291230071e-07 4.728438476682642313e-07 4.986265890141237186e-07 5.442680893048457735e-07 5.925192419801550415e-07 6.323001942908809936e-07 6.604596960769491135e-07 6.592858010133147601e-07 6.798212232053113084e-07 7.052390240460395632e-07 7.361469039347313766e-07 7.655533073444274735e-07 8.593311417421893953e-07 1.119064830733093372e-06 1.510617582145671059e-06 2.218286203455912133e-06 2.863771078609368969e-06
