5.669253773878064847e-07 4.715578565443537970e-07 4.655472543100237743e-07 4.446497798471763012e-07 4.523218084829092695e-07 4.435162026709046524e-07 4.374271604139019496e-07 4.106166076175839846e-07 3.923757764290583460e-07 3.777635655324041247e-07 3.776807494507393664e-07 3.658626925669246503e-07 3.446502148252217839e-07 3.316653662199935443e-07 3.204410291049114394e-07 3.153139592583148176e-07 3.330096302411985311e-07 3.375157657008868991e-07 3.408170917178954552e-07 3.460899877042795233e-07 3.400116534430308416e-07 3.422370445471397114e-07 3.339340008749701363e-07 2.885722807732694087e-07 3.033299047173307356e-07 3.552326869561611661e-07
4.715578565443537970e-07 4.846068108765205119e-07 4.394967703907266313e-07 4.314120452919141589e-07 4.427676605254018536e-07 4.295133420676319670e-07 4.229933164887816487e-07 4.046497396972863828e-07 3.925217616218514145e-07 3.781816939360708960e-07 3.783297717686025040e-07 3.694183480366442580e-07 3.513112862557422690e-07 3.366541449414826111e-07 3.297264588905706965e-07 3.251065107030817328e-07 3.396063993003753219e-07 3.523727312157278353e-07 3.556013689002278014e-07 3.546886447400117765e-07 3.427601426081760807e-07 3.244379583443497731e-07 3.153566083761087975e-07 2.779256575298141023e-07 2.849424794514060412e-07 3.112171341961888016e-07
4.655472543100237743e-07 4.394967703907266313e-07 4.716026991462650251e-07 4.408203692577321291e-07 4.446194859599503849e-07 4.337004251014671676e-07 4.305154786630946879e-07 4.132539646518320912e-07 3.972631820971076160e-07 3.874903312547021394e-07 3.906826632831523942e-07 3.851536943956290627e-07 3.713797151202187040e-07 3.594023919391825550e-07 3.548120546613437625e-07 3.529359618667180943e-07 3.693600034877839117e-07 3.729298422200829833e-07 3.718641406246924950e-07 3.665018674667470789e-07 3.577113571190970583e-07 3.362888915121056407e-07 3.130423867799097971e-07 2.626497865651578035e-07 2.707282697040117621e-07 3.153527353531144797e-07
4.446497798471763012e-07 4.314120452919141589e-07 4.408203692577321291e-07 4.592857352816127981e-07 4.505086567834523485e-07 4.375064686242253812e-07 4.344511230670689951e-07 4.219564465532922707e-07 4.115621061832082803e-07 4.024329031346147971e-07 4.041034838327988305e-07 4.040678084337433184e-07 3.938076172754524562e-07 3.869012641944365548e-07 3.842236624541825386e-07 3.775483857981813351e-07 3.852725307750963191e-07 3.837155231367794195e-07 3.796348403125874503e-07 3.745386020326548424e-07 3.588332123267027742e-07 3.221457069411109351e-07 3.113608634073380490e-07 2.623487947633991203e-07 2.550798960444420966e-07 2.877522743858260050e-07
4.523218084829092695e-07 4.427676605254018536e-07 4.446194859599503849e-07 4.505086567834523485e-07 4.796411438620337842e-07 4.554124510373793225e-07 4.506836399422797126e-07 4.376175399154118956e-07 4.267104440121479976e-07 4.142359703809188439e-07 4.169197284446668563e-07 4.134117351332254592e-07 4.026860201912554105e-07 3.971610766284531601e-07 3.952986158849829925e-07 3.881432542503525305e-07 3.981436620520416907e-07 4.018027674171142180e-07 4.017191774859502719e-07 4.068601895910690956e-07 3.987440621982732607e-07 3.651524876058163134e-07 3.387866304571267767e-07 2.875537938879019152e-07 3.038309030173542574e-07 3.238211017457061222e-07
4.435162026709046524e-07 4.295133420676319670e-07 4.337004251014671676e-07 4.375064686242253812e-07 4.554124510373793225e-07 4.617287575339578009e-07 4.527245492762181100e-07 4.407944366436729524e-07 4.303016096010985673e-07 4.190466734839065729e-07 4.219203313295699767e-07 4.197711978160457363e-07 4.094116962834850093e-07 4.027110978248736057e-07 3.999885349789538285e-07 3.938856424822695996e-07 4.081966176472634817e-07 4.153648598375804620e-07 4.138861618058370296e-07 4.177345985324724647e-07 4.043869341290322135e-07 3.679276907298266934e-07 3.453885483643035484e-07 2.883458283430496321e-07 2.994153844161872577e-07 3.536391667374606339e-07
4.374271604139019496e-07 4.229933164887816487e-07 4.305154786630946879e-07 4.344511230670689951e-07 4.506836399422797126e-07 4.527245492762181100e-07 4.658664418383093374e-07 4.538728371057779987e-07 4.452936800283875622e-07 4.364069298397690097e-07 4.436964671017429289e-07 4.465720186398251527e-07 4.404778336201983826e-07 4.383047949952868742e-07 4.412365267806536719e-07 4.348475513068896880e-07 4.486717325784728825e-07 4.563057594994822620e-07 4.515658619906506463e-07 4.501275699353052589e-07 4.303270395665046565e-07 3.886794713179970237e-07 3.713878456837293463e-07 3.139096072074971187e-07 3.191582635101605915e-07 3.843740806478883251e-07
4.106166076175839846e-07 4.046497396972863828e-07 4.132539646518320912e-07 4.219564465532922707e-07 4.376175399154118956e-07 4.407944366436729524e-07 4.538728371057779987e-07 4.640490796501130572e-07 4.622276270960889512e-07 4.579450601863342465e-07 4.692702071313581101e-07 4.789514718641698264e-07 4.820467612854834635e-07 4.832912106373015316e-07 4.896354642419734297e-07 4.867857526156462331e-07 5.021644527735471690e-07 5.087210076165376719e-07 5.016492388553664651e-07 5.017640179142841086e-07 4.756613937009045004e-07 4.113220098974884649e-07 3.877845937671660325e-07 3.434379705338368554e-07 3.539389012767295701e-07 4.296253290473944709e-07
3.923757764290583460e-07 3.925217616218514145e-07 3.972631820971076160e-07 4.115621061832082803e-07 4.267104440121479976e-07 4.303016096010985673e-07 4.452936800283875622e-07 4.622276270960889512e-07 4.822043091992212794e-07 4.836435284255418829e-07 5.022273438563284073e-07 5.207264797350129103e-07 5.319716871053424668e-07 5.397777343549565870e-07 5.527346008814245603e-07 5.519379836343059099e-07 5.652525456652366247e-07 5.699360111327685126e-07 5.578876869236177471e-07 5.460974453954853965e-07 4.975318577405567189e-07 4.041082104566841682e-07 3.792354725236952579e-07 3.663439973708655181e-07 3.925512087944002712e-07 4.770936793230281879e-07
3.777635655324041247e-07 3.781816939360708960e-07 3.874903312547021394e-07 4.024329031346147971e-07 4.142359703809188439e-07 4.190466734839065729e-07 4.364069298397690097e-07 4.579450601863342465e-07 4.836435284255418829e-07 5.056828053394981869e-07 5.332392940933631038e-07 5.615808718576066843e-07 5.814031280608800392e-07 5.950953797836996530e-07 6.134036715839181524e-07 6.159126156073995152e-07 6.311465886595049296e-07 6.355696743307988723e-07 6.225995950078847019e-07 6.010997727295735875e-07 5.398230974431923446e-07 4.199745470714113872e-07 3.842012058250702196e-07 3.730877359333288793e-07 4.037415661486259633e-07 5.047639762264390102e-07
3.776807494507393664e-07 3.783297717686025040e-07 3.906826632831523942e-07 4.041034838327988305e-07 4.169197284446668563e-07 4.219203313295699767e-07 4.436964671017429289e-07 4.692702071313581101e-07 5.022273438563284073e-07 5.332392940933631038e-07 5.839433486548484192e-07 6.274554933670495956e-07 6.585744520834010908e-07 6.834115709694799579e-07 7.113756267096727609e-07 7.194922772533866178e-07 7.363338570367829799e-07 7.357210376546391304e-07 7.159214501894310704e-07 6.834364096440781695e-07 6.031356234040592176e-07 4.463345191142557796e-07 3.964484356389090315e-07 3.984469343499785222e-07 4.355787416683291380e-07 5.326747805172977311e-07
3.658626925669246503e-07 3.694183480366442580e-07 3.851536943956290627e-07 4.040678084337433184e-07 4.134117351332254592e-07 4.197711978160457363e-07 4.465720186398251527e-07 4.789514718641698264e-07 5.207264797350129103e-07 5.615808718576066843e-07 6.274554933670495956e-07 6.994839330600723050e-07 7.486361264290459988e-07 7.917392528302630258e-07 8.366074161822288372e-07 8.552581815855689270e-07 8.816897339727564462e-07 8.848895652255677739e-07 8.637790749441425207e-07 8.237354691747815078e-07 7.179711181553294265e-07 5.089317405697682037e-07 4.271000432139790547e-07 4.305247930456793112e-07 4.654850685273103266e-07 5.641099754338960175e-07
3.446502148252217839e-07 3.513112862557422690e-07 3.713797151202187040e-07 3.938076172754524562e-07 4.026860201912554105e-07 4.094116962834850093e-07 4.404778336201983826e-07 4.820467612854834635e-07 5.319716871053424668e-07 5.814031280608800392e-07 6.585744520834010908e-07 7.486361264290459988e-07 8.308002827066219022e-07 9.030750882625255072e-07 9.681383477116745129e-07 9.988244275548151151e-07 1.031844767452876423e-06 1.035898112400431476e-06 1.009178438247084103e-06 9.560770011009808815e-07 8.219751304406465720e-07 5.690555493749407112e-07 4.627188105549108992e-07 4.768466714327792348e-07 5.138924913651536151e-07 6.266233940939032492e-07
3.316653662199935443e-07 3.366541449414826111e-07 3.594023919391825550e-07 3.869012641944365548e-07 3.971610766284531601e-07 4.027110978248736057e-07 4.383047949952868742e-07 4.832912106373015316e-07 5.397777343549565870e-07 5.950953797836996530e-07 6.834115709694799579e-07 7.917392528302630258e-07 9.030750882625255072e-07 1.022865065837874395e-06 1.120116857970493222e-06 1.166619718717714663e-06 1.209216469316716552e-06 1.215584793226709274e-06 1.177727910661721396e-06 1.103568636253793574e-06 9.373472221291401193e-07 6.377203425433980446e-07 4.957988538664682780e-07 5.213946086166880799e-07 5.554179916903289383e-07 6.803551662096272871e-07
3.204410291049114394e-07 3.297264588905706965e-07 3.548120546613437625e-07 3.842236624541825386e-07 3.952986158849829925e-07 3.999885349789538285e-07 4.412365267806536719e-07 4.896354642419734297e-07 5.527346008814245603e-07 6.134036715839181524e-07 7.113756267096727609e-07 8.366074161822288372e-07 9.681383477116745129e-07 1.120116857970493222e-06 1.262593194446794710e-06 1.340016307944455555e-06 1.405207245511148418e-06 1.427126997901267680e-06 1.390692715821662427e-06 1.302190313220046997e-06 1.107862324849331512e-06 7.498468993971754251e-07 5.378884378124822110e-07 5.563399299412898981e-07 5.944862734066755045e-07 7.259127766726404883e-07
3.153139592583148176e-07 3.251065107030817328e-07 3.529359618667180943e-07 3.775483857981813351e-07 3.881432542503525305e-07 3.938856424822695996e-07 4.348475513068896880e-07 4.867857526156462331e-07 5.519379836343059099e-07 6.159126156073995152e-07 7.194922772533866178e-07 8.552581815855689270e-07 9.988244275548151151e-07 1.166619718717714663e-06 1.340016307944455555e-06 1.471211661490401841e-06 1.582852669761941774e-06 1.642357515620147426e-06 1.628989810466001611e-06 1.543196798773384418e-06 1.331403676121352575e-06 9.169861207548754597e-07 6.049984364606356499e-07 5.896864200658327956e-07 6.548437330587567646e-07 8.037016159818628698e-07
3.330096302411985311e-07 3.396063993003753219e-07 3.693600034877839117e-07 3.852725307750963191e-07 3.981436620520416907e-07 4.081966176472634817e-07 4.486717325784728825e-07 5.021644527735471690e-07 5.652525456652366247e-07 6.311465886595049296e-07 7.363338570367829799e-07 8.816897339727564462e-07 1.031844767452876423e-06 1.209216469316716552e-06 1.405207245511148418e-06 1.582852669761941774e-06 1.782262742619011698e-06 1.922781343534760504e-06 1.961367636148551256e-06 1.895551594110650099e-06 1.669989227484946362e-06 1.185198835504980087e-06 7.209703041645090657e-07 6.549432638905005521e-07 7.669009509497675320e-07 9.177954377055050617e-07
3.375157657008868991e-07 3.523727312157278353e-07 3.729298422200829833e-07 3.837155231367794195e-07 4.018027674171142180e-07 4.153648598375804620e-07 4.563057594994822620e-07 5.087210076165376719e-07 5.699360111327685126e-07 6.355696743307988723e-07 7.357210376546391304e-07 8.848895652255677739e-07 1.035898112400431476e-06 1.215584793226709274e-06 1.427126997901267680e-06 1.642357515620147426e-06 1.922781343534760504e-06 2.198689146504149380e-06 2.342244936588941320e-06 2.329809939184145246e-06 2.108812440943608949e-06 1.550314290996505213e-06 8.919470187875388076e-07 7.445748226564225536e-07 9.191729971529361500e-07 1.038815345170283251e-06
3.408170917178954552e-07 3.556013689002278014e-07 3.718641406246924950e-07 3.796348403125874503e-07 4.017191774859502719e-07 4.138861618058370296e-07 4.515658619906506463e-07 5.016492388553664651e-07 5.578876869236177471e-07 6.225995950078847019e-07 7.159214501894310704e-07 8.637790749441425207e-07 1.009178438247084103e-06 1.177727910661721396e-06 1.390692715821662427e-06 1.628989810466001611e-06 1.961367636148551256e-06 2.342244936588941320e-06 2.652419271381902942e-06 2.763572343248237662e-06 2.576768999031022509e-06 1.972291040901654133e-06 1.119254395907055900e-06 8.292729580866961484e-07 1.053004242243876087e-06 1.148102226194690621e-06
3.460899877042795233e-07 3.546886447400117765e-07 3.665018674667470789e-07 3.745386020326548424e-07 4.068601895910690956e-07 4.177345985324724647e-07 4.501275699353052589e-07 5.017640179142841086e-07 5.460974453954853965e-07 6.010997727295735875e-07 6.834364096440781695e-07 8.237354691747815078e-07 9.560770011009808815e-07 1.103568636253793574e-06 1.302190313220046997e-06 1.543196798773384418e-06 1.895551594110650099e-06 2.329809939184145246e-06 2.763572343248237662e-06 3.096575463734839792e-06 3.053547872529659528e-06 2.479308766665863566e-06 1.493432903703488175e-06 9.904253932895967258e-07 1.185362816334481154e-06 1.237047258016674144e-06
3.400116534430308416e-07 3.427601426081760807e-07 3.577113571190970583e-07 3.588332123267027742e-07 3.987440621982732607e-07 4.043869341290322135e-07 4.303270395665046565e-07 4.756613937009045004e-07 4.975318577405567189e-07 5.398230974431923446e-07 6.031356234040592176e-07 7.179711181553294265e-07 8.219751304406465720e-07 9.373472221291401193e-07 1.107862324849331512e-06 1.331403676121352575e-06 1.669989227484946362e-06 2.108812440943608949e-06 2.576768999031022509e-06 3.053547872529659528e-06 3.319875952773132479e-06 2.998619881389820641e-06 2.073554829060306923e-06 1.338495845378468976e-06 1.317465178977179119e-06 1.309946445210879833e-06
3.422370445471397114e-07 3.244379583443497731e-07 3.362888915121056407e-07 3.221457069411109351e-07 3.651524876058163134e-07 3.679276907298266934e-07 3.886794713179970237e-07 4.113220098974884649e-07 4.041082104566841682e-07 4.199745470714113872e-07 4.463345191142557796e-07 5.089317405697682037e-07 5.690555493749407112e-07 6.377203425433980446e-07 7.498468993971754251e-07 9.169861207548754597e-07 1.185198835504980087e-06 1.550314290996505213e-06 1.972291040901654133e-06 2.479308766665863566e-06 2.998619881389820641e-06 3.236659653041235190e-06 2.768522421138127527e-06 1.951643955034849448e-06 1.526280709567344478e-06 1.406539994397803543e-06
3.339340008749701363e-07 3.153566083761087975e-07 3.130423867799097971e-07 3.113608634073380490e-07 3.387866304571267767e-07 3.453885483643035484e-07 3.713878456837293463e-07 3.877845937671660325e-07 3.792354725236952579e-07 3.842012058250702196e-07 3.964484356389090315e-07 4.271000432139790547e-07 4.627188105549108992e-07 4.957988538664682780e-07 5.378884378124822110e-07 6.049984364606356499e-07 7.209703041645090657e-07 8.919470187875388076e-07 1.119254395907055900e-06 1.493432903703488175e-06 2.073554829060306923e-06 2.768522421138127527e-06 3.211845867395459295e-06 2.747056158141994402e-06 1.819082245225796695e-06 1.494728225257246511e-06
2.885722807732694087e-07 2.779256575298141023e-07 2.626497865651578035e-07 2.623487947633991203e-07 2.875537938879019152e-07 2.883458283430496321e-07 3.139096072074971187e-07 3.434379705338368554e-07 3.663439973708655181e-07 3.730877359333288793e-07 3.984469343499785222e-07 4.305247930456793112e-07 4.768466714327792348e-07 5.213946086166880799e-07 5.563399299412898981e-07 5.896864200658327956e-07 6.549432638905005521e-07 7.445748226564225536e-07 8.292729580866961484e-07 9.904253932895967258e-07 1.338495845378468976e-06 1.951643955034849448e-06 2.747056158141994402e-06 3.115214905977424788e-06 2.376803363809447420e-06 1.675210287565747294e-06
3.033299047173307356e-07 2.849424794514060412e-07 2.707282697040117621e-07 2.550798960444420966e-07 3.038309030173542574e-07 2.994153844161872577e-07 3.191582635101605915e-07 3.539389012767295701e-07 3.925512087944002712e-07 4.037415661486259633e-07 4.355787416683291380e-07 4.654850685273103266e-07 5.138924913651536151e-07 5.554179916903289383e-07 5.944862734066755045e-07 6.548437330587567646e-07 7.669009509497675320e-07 9.191729971529361500e-07 1.053004242243876087e-06 1.185362816334481154e-06 1.317465178977179119e-06 1.526280709567344478e-06 1.819082245225796695e-06 2.376803363809447420e-06 2.859368553727107329e-06 2.462016957408550982e-06
3.552326869561611661e-07 3.112171341961888016e-07 3.153527353531144797e-07 2.877522743858260050e-07 3.238211017457061222e-07 3.536391667374606339e-07 3.843740806478883251e-07 4.296253290473944709e-07 4.770936793230281879e-07 5.047639762264390102e-07 5.326747805172977311e-07 5.641099754338960175e-07 6.266233940939032492e-07 6.803551662096272871e-07 7.259127766726404883e-07 8.037016159818628698e-07 9.177954377055050617e-07 1.038815345170283251e-06 1.148102226194690621e-06 1.237047258016674144e-06 1.309946445210879833e-06 1.406539994397803543e-06 1.494728225257246511e-06 1.675210287565747294e-06 2.462016957408550982e-06 3.390585165514894030e-06
