1.020924662695793027e-06 8.790664205314231042e-07 8.089334237541274163e-07 8.112637857085157356e-07 7.879644528460625909e-07 7.700261025613232966e-07 7.527359363441626460e-07 7.078128234558075465e-07 6.904999708335397052e-07 6.736251013563599901e-07 6.617493858433473470e-07 6.306351999946697734e-07 5.982989352494882659e-07 5.768292111690681014e-07 5.631854349019946483e-07 5.545587543079403539e-07 5.522181424440931680e-07 5.111286275466689702e-07 4.553525331553797118e-07 4.039519779090456444e-07 3.942142023032761005e-07 3.503743698625808721e-07 3.098778926839635365e-07 2.643626604247216232e-07 2.753177325822118927e-07 3.875498600274119130e-07
8.790664205314231042e-07 9.007202660698452187e-07 7.957056340593201135e-07 7.983359788162823779e-07 7.784473214416763923e-07 7.673438520362030199e-07 7.527890692001029218e-07 7.203813086712070948e-07 7.101589137630835403e-07 6.816664061796536511e-07 6.629681156127403564e-07 6.327812467815356473e-07 5.974156900641165241e-07 5.714797681029401638e-07 5.511488423138918186e-07 5.333274118775852706e-07 5.343816176834818310e-07 5.020474666233758483e-07 4.650131965523701490e-07 4.209862202799077673e-07 4.360491519603206734e-07 4.282571829063897271e-07 3.911668357384103768e-07 3.199065836302686431e-07 2.966201711925694499e-07 4.230738354756989748e-07
8.089334237541274163e-07 7.957056340593201135e-07 8.004844798144335346e-07 7.801651678877547132e-07 7.545730338927691832e-07 7.340158301875129958e-07 7.257660987747679609e-07 6.949301338736126781e-07 6.787680698556431091e-07 6.475147208342184786e-07 6.353032531421083313e-07 6.056964558455758742e-07 5.693673267072268343e-07 5.498747666424349615e-07 5.326920876648912052e-07 5.180188789318727553e-07 5.139366037235531930e-07 4.974748200062622552e-07 4.842529894575586236e-07 4.704705834795129754e-07 4.886141751991090007e-07 4.949855979967420800e-07 4.452324368392485749e-07 3.360634564826514927e-07 3.052546065671202586e-07 4.618999414767033379e-07
8.112637857085157356e-07 7.983359788162823779e-07 7.801651678877547132e-07 8.200820403854200655e-07 7.846725428473542979e-07 7.638308101866549907e-07 7.540124223286200484e-07 7.198373034501436719e-07 7.060137229943071041e-07 6.778750673899546774e-07 6.689676480183766235e-07 6.420090209690457751e-07 6.090619983611089099e-07 5.925687011995846970e-07 5.852615587381165024e-07 5.826359267550883940e-07 5.925543045409119489e-07 5.823839955649381440e-07 5.674753799735721680e-07 5.402969528129214434e-07 5.377709675489824790e-07 5.067521369446979379e-07 4.270777975457434198e-07 3.396823592406879747e-07 3.442171696766526359e-07 4.926743656791713812e-07
7.879644528460625909e-07 7.784473214416763923e-07 7.545730338927691832e-07 7.846725428473542979e-07 8.078247828517028772e-07 7.826292175330390308e-07 7.698577935400399648e-07 7.361844764539852571e-07 7.233559197859969239e-07 6.995305689327387719e-07 6.950295767230794637e-07 6.713163128332337426e-07 6.449652066446083367e-07 6.338750623856102039e-07 6.333861444982770549e-07 6.319305420980020052e-07 6.309394194724820922e-07 6.079236475182922090e-07 5.924901095153187037e-07 5.704888569687832407e-07 5.714698493810580499e-07 5.448394837276017560e-07 4.648308371562910050e-07 3.917602113262551543e-07 4.248506308244402541e-07 5.438643926864389925e-07
7.700261025613232966e-07 7.673438520362030199e-07 7.340158301875129958e-07 7.638308101866549907e-07 7.826292175330390308e-07 8.032209395016515905e-07 7.875572304003624605e-07 7.569785648662577082e-07 7.501968679513479116e-07 7.304458009473593848e-07 7.318789080593149337e-07 7.151880825118766390e-07 6.951954697367347584e-07 6.911646917217379009e-07 7.018907044995447281e-07 7.132047965243536688e-07 7.251813763918137785e-07 7.102813440402937640e-07 7.003745774741014903e-07 6.757256730498604921e-07 6.443177107669903385e-07 5.763543902348676638e-07 4.992429873208986421e-07 4.685423863973946244e-07 5.002955188878121248e-07 5.957113493436816614e-07
7.527359363441626460e-07 7.527890692001029218e-07 7.257660987747679609e-07 7.540124223286200484e-07 7.698577935400399648e-07 7.875572304003624605e-07 7.988649524815465005e-07 7.720392821366591966e-07 7.659788576459309311e-07 7.458381993456681026e-07 7.521111954385030507e-07 7.411063797917491623e-07 7.247268721717999743e-07 7.242377410129366184e-07 7.337117545266347214e-07 7.445625653508967178e-07 7.571366915523490496e-07 7.460496543967118537e-07 7.525740176741885505e-07 7.457623691731241042e-07 7.403051175755934687e-07 6.859509675285562736e-07 6.048080555065191506e-07 5.438922953624686871e-07 5.459440852009857500e-07 6.135301679447306661e-07
7.078128234558075465e-07 7.203813086712070948e-07 6.949301338736126781e-07 7.198373034501436719e-07 7.361844764539852571e-07 7.569785648662577082e-07 7.720392821366591966e-07 7.699840137411781435e-07 7.663319183651069111e-07 7.500850055927249115e-07 7.601426052843358339e-07 7.537622478209019206e-07 7.404746136320432439e-07 7.412237069301692437e-07 7.492936018634881979e-07 7.557503106436728177e-07 7.667804699042405948e-07 7.530035753579899826e-07 7.633701997240271069e-07 7.620603098983854762e-07 7.445627666518657231e-07 6.756072065441805807e-07 5.983792895101882766e-07 5.241024680525782406e-07 5.175070261096581474e-07 6.214373928675557090e-07
6.904999708335397052e-07 7.101589137630835403e-07 6.787680698556431091e-07 7.060137229943071041e-07 7.233559197859969239e-07 7.501968679513479116e-07 7.659788576459309311e-07 7.663319183651069111e-07 7.904094827625611791e-07 7.775276871936658533e-07 7.889810172289030817e-07 7.852973309775087114e-07 7.757012793624534698e-07 7.804100769883735194e-07 7.925079673011691598e-07 8.072710728790039670e-07 8.317797911578047631e-07 8.271127323138420224e-07 8.417579275674384746e-07 8.427051298533993189e-07 8.217697695356869707e-07 7.289970549693094955e-07 6.250913203621724599e-07 5.425381502829128149e-07 5.360519278259415502e-07 6.428362001368921023e-07
6.736251013563599901e-07 6.816664061796536511e-07 6.475147208342184786e-07 6.778750673899546774e-07 6.995305689327387719e-07 7.304458009473593848e-07 7.458381993456681026e-07 7.500850055927249115e-07 7.775276871936658533e-07 7.888105305581447877e-07 8.102924782728367511e-07 8.176964142969982708e-07 8.189374851445682304e-07 8.346024782772221424e-07 8.577662248291724615e-07 8.878960433558272608e-07 9.213151160276371619e-07 9.164731770646851902e-07 9.295886657250265623e-07 9.269438398400423481e-07 8.853739544487912910e-07 7.394908747729976159e-07 6.116840651802800680e-07 5.604093136737154706e-07 5.608993641209747500e-07 6.465634106687686389e-07
6.617493858433473470e-07 6.629681156127403564e-07 6.353032531421083313e-07 6.689676480183766235e-07 6.950295767230794637e-07 7.318789080593149337e-07 7.521111954385030507e-07 7.601426052843358339e-07 7.889810172289030817e-07 8.102924782728367511e-07 8.664075079692046352e-07 8.964384338559575831e-07 9.164388429195042399e-07 9.526704250552430388e-07 9.954867875810348173e-07 1.044883241328883651e-06 1.091826062932395193e-06 1.088719495619306596e-06 1.100275575174408417e-06 1.089297423750628279e-06 1.014008734869205595e-06 8.051382188288533600e-07 6.382979409669470144e-07 6.048528687604755445e-07 6.252837310871745460e-07 6.977574930001989278e-07
6.306351999946697734e-07 6.327812467815356473e-07 6.056964558455758742e-07 6.420090209690457751e-07 6.713163128332337426e-07 7.151880825118766390e-07 7.411063797917491623e-07 7.537622478209019206e-07 7.852973309775087114e-07 8.176964142969982708e-07 8.964384338559575831e-07 9.662847279966832763e-07 1.012290603873533999e-06 1.075578712553678319e-06 1.139061803273234471e-06 1.208943124899413386e-06 1.273704770458502027e-06 1.280760435999887062e-06 1.303339382196973281e-06 1.292063472392670643e-06 1.187160318996468498e-06 9.079315229925354397e-07 6.898577074604870844e-07 6.789743439914315002e-07 7.142085765701775388e-07 7.276352260385957077e-07
5.982989352494882659e-07 5.974156900641165241e-07 5.693673267072268343e-07 6.090619983611089099e-07 6.449652066446083367e-07 6.951954697367347584e-07 7.247268721717999743e-07 7.404746136320432439e-07 7.757012793624534698e-07 8.189374851445682304e-07 9.164388429195042399e-07 1.012290603873533999e-06 1.105482494067741107e-06 1.208660894691442509e-06 1.306259181939962354e-06 1.410326110772750832e-06 1.500516548002321046e-06 1.527458047312386972e-06 1.559355431000825703e-06 1.541536482534865488e-06 1.391878481877977115e-06 1.028547237430428598e-06 7.582536170907567167e-07 7.889296370558018070e-07 8.563515242399515014e-07 8.399370019877679638e-07
5.768292111690681014e-07 5.714797681029401638e-07 5.498747666424349615e-07 5.925687011995846970e-07 6.338750623856102039e-07 6.911646917217379009e-07 7.242377410129366184e-07 7.412237069301692437e-07 7.804100769883735194e-07 8.346024782772221424e-07 9.526704250552430388e-07 1.075578712553678319e-06 1.208660894691442509e-06 1.374690473386301874e-06 1.527198788732379429e-06 1.679834323824966984e-06 1.806312815618559971e-06 1.867907087669312011e-06 1.922613070668516731e-06 1.900225649980098444e-06 1.703137863029745329e-06 1.233007763727336590e-06 8.764309136900627042e-07 9.454671579587772052e-07 1.057714682820641257e-06 1.034382254621785286e-06
5.631854349019946483e-07 5.511488423138918186e-07 5.326920876648912052e-07 5.852615587381165024e-07 6.333861444982770549e-07 7.018907044995447281e-07 7.337117545266347214e-07 7.492936018634881979e-07 7.925079673011691598e-07 8.577662248291724615e-07 9.954867875810348173e-07 1.139061803273234471e-06 1.306259181939962354e-06 1.527198788732379429e-06 1.769433953141665389e-06 2.005209674002065942e-06 2.197038849540211877e-06 2.310820335065658328e-06 2.398329073733812047e-06 2.370948744878612700e-06 2.106944094577009187e-06 1.495972361231524554e-06 1.004039451367671489e-06 1.117082148319884856e-06 1.283829310518582277e-06 1.284122024944754050e-06
5.545587543079403539e-07 5.333274118775852706e-07 5.180188789318727553e-07 5.826359267550883940e-07 6.319305420980020052e-07 7.132047965243536688e-07 7.445625653508967178e-07 7.557503106436728177e-07 8.072710728790039670e-07 8.878960433558272608e-07 1.044883241328883651e-06 1.208943124899413386e-06 1.410326110772750832e-06 1.679834323824966984e-06 2.005209674002065942e-06 2.366932004872424662e-06 2.669277798386613091e-06 2.873405584502928586e-06 3.028281525292079495e-06 3.013083035946620705e-06 2.675797716881987924e-06 1.863951597569714500e-06 1.154222566987557631e-06 1.314122926305971796e-06 1.563876501413624146e-06 1.542830959666854048e-06
5.522181424440931680e-07 5.343816176834818310e-07 5.139366037235531930e-07 5.925543045409119489e-07 6.309394194724820922e-07 7.251813763918137785e-07 7.571366915523490496e-07 7.667804699042405948e-07 8.317797911578047631e-07 9.213151160276371619e-07 1.091826062932395193e-06 1.273704770458502027e-06 1.500516548002321046e-06 1.806312815618559971e-06 2.197038849540211877e-06 2.669277798386613091e-06 3.120615442286773311e-06 3.453258506899831979e-06 3.703983273535797698e-06 3.710674101984754437e-06 3.293083977495543575e-06 2.274928841649880451e-06 1.338515856436307836e-06 1.519783773777523672e-06 1.844722831960653116e-06 1.815357013029640054e-06
5.111286275466689702e-07 5.020474666233758483e-07 4.974748200062622552e-07 5.823839955649381440e-07 6.079236475182922090e-07 7.102813440402937640e-07 7.460496543967118537e-07 7.530035753579899826e-07 8.271127323138420224e-07 9.164731770646851902e-07 1.088719495619306596e-06 1.280760435999887062e-06 1.527458047312386972e-06 1.867907087669312011e-06 2.310820335065658328e-06 2.873405584502928586e-06 3.453258506899831979e-06 3.991060943817090423e-06 4.423444527201389839e-06 4.510318293665241054e-06 4.071547668274902443e-06 2.914064491135935892e-06 1.718142288199594837e-06 1.849909642768507591e-06 2.251529012628305490e-06 2.166458614364260947e-06
4.553525331553797118e-07 4.650131965523701490e-07 4.842529894575586236e-07 5.674753799735721680e-07 5.924901095153187037e-07 7.003745774741014903e-07 7.525740176741885505e-07 7.633701997240271069e-07 8.417579275674384746e-07 9.295886657250265623e-07 1.100275575174408417e-06 1.303339382196973281e-06 1.559355431000825703e-06 1.922613070668516731e-06 2.398329073733812047e-06 3.028281525292079495e-06 3.703983273535797698e-06 4.423444527201389839e-06 5.148482845234323458e-06 5.440270185895992278e-06 5.109586892419149653e-06 3.915515048463545121e-06 2.435444087650048187e-06 2.346501854352758362e-06 2.722302991576082052e-06 2.520708097883319312e-06
4.039519779090456444e-07 4.209862202799077673e-07 4.704705834795129754e-07 5.402969528129214434e-07 5.704888569687832407e-07 6.757256730498604921e-07 7.457623691731241042e-07 7.620603098983854762e-07 8.427051298533993189e-07 9.269438398400423481e-07 1.089297423750628279e-06 1.292063472392670643e-06 1.541536482534865488e-06 1.900225649980098444e-06 2.370948744878612700e-06 3.013083035946620705e-06 3.710674101984754437e-06 4.510318293665241054e-06 5.440270185895992278e-06 6.060038089151074252e-06 6.025386705301247581e-06 4.969211013821155066e-06 3.326222357773886692e-06 2.864963917820009599e-06 3.129218029822653759e-06 2.842550655192696548e-06
3.942142023032761005e-07 4.360491519603206734e-07 4.886141751991090007e-07 5.377709675489824790e-07 5.714698493810580499e-07 6.443177107669903385e-07 7.403051175755934687e-07 7.445627666518657231e-07 8.217697695356869707e-07 8.853739544487912910e-07 1.014008734869205595e-06 1.187160318996468498e-06 1.391878481877977115e-06 1.703137863029745329e-06 2.106944094577009187e-06 2.675797716881987924e-06 3.293083977495543575e-06 4.071547668274902443e-06 5.109586892419149653e-06 6.025386705301247581e-06 6.637823665133720221e-06 6.206586524732379238e-06 4.720874986169922943e-06 3.696786381114385399e-06 3.523183950949853862e-06 3.082190765086777006e-06
3.503743698625808721e-07 4.282571829063897271e-07 4.949855979967420800e-07 5.067521369446979379e-07 5.448394837276017560e-07 5.763543902348676638e-07 6.859509675285562736e-07 6.756072065441805807e-07 7.289970549693094955e-07 7.394908747729976159e-07 8.051382188288533600e-07 9.079315229925354397e-07 1.028547237430428598e-06 1.233007763727336590e-06 1.495972361231524554e-06 1.863951597569714500e-06 2.274928841649880451e-06 2.914064491135935892e-06 3.915515048463545121e-06 4.969211013821155066e-06 6.206586524732379238e-06 7.003794530023428116e-06 6.392185653235535213e-06 4.958198955250490449e-06 3.874087915511908800e-06 3.186938658651141521e-06
3.098778926839635365e-07 3.911668357384103768e-07 4.452324368392485749e-07 4.270777975457434198e-07 4.648308371562910050e-07 4.992429873208986421e-07 6.048080555065191506e-07 5.983792895101882766e-07 6.250913203621724599e-07 6.116840651802800680e-07 6.382979409669470144e-07 6.898577074604870844e-07 7.582536170907567167e-07 8.764309136900627042e-07 1.004039451367671489e-06 1.154222566987557631e-06 1.338515856436307836e-06 1.718142288199594837e-06 2.435444087650048187e-06 3.326222357773886692e-06 4.720874986169922943e-06 6.392185653235535213e-06 7.254115416684158408e-06 6.317980417343559862e-06 4.353907899978101029e-06 3.341434988389782294e-06
2.643626604247216232e-07 3.199065836302686431e-07 3.360634564826514927e-07 3.396823592406879747e-07 3.917602113262551543e-07 4.685423863973946244e-07 5.438922953624686871e-07 5.241024680525782406e-07 5.425381502829128149e-07 5.604093136737154706e-07 6.048528687604755445e-07 6.789743439914315002e-07 7.889296370558018070e-07 9.454671579587772052e-07 1.117082148319884856e-06 1.314122926305971796e-06 1.519783773777523672e-06 1.849909642768507591e-06 2.346501854352758362e-06 2.864963917820009599e-06 3.696786381114385399e-06 4.958198955250490449e-06 6.317980417343559862e-06 7.073349820136625132e-06 5.844265416018827010e-06 4.315435454481015057e-06
2.753177325822118927e-07 2.966201711925694499e-07 3.052546065671202586e-07 3.442171696766526359e-07 4.248506308244402541e-07 5.002955188878121248e-07 5.459440852009857500e-07 5.175070261096581474e-07 5.360519278259415502e-07 5.608993641209747500e-07 6.252837310871745460e-07 7.142085765701775388e-07 8.563515242399515014e-07 1.057714682820641257e-06 1.283829310518582277e-06 1.563876501413624146e-06 1.844722831960653116e-06 2.251529012628305490e-06 2.722302991576082052e-06 3.129218029822653759e-06 3.523183950949853862e-06 3.874087915511908800e-06 4.353907899978101029e-06 5.844265416018827010e-06 7.065939161342010353e-06 5.803860102433815479e-06
3.875498600274119130e-07 4.230738354756989748e-07 4.618999414767033379e-07 4.926743656791713812e-07 5.438643926864389925e-07 5.957113493436816614e-07 6.135301679447306661e-07 6.214373928675557090e-07 6.428362001368921023e-07 6.465634106687686389e-07 6.977574930001989278e-07 7.276352260385957077e-07 8.399370019877679638e-07 1.034382254621785286e-06 1.284122024944754050e-06 1.542830959666854048e-06 1.815357013029640054e-06 2.166458614364260947e-06 2.520708097883319312e-06 2.842550655192696548e-06 3.082190765086777006e-06 3.186938658651141521e-06 3.341434988389782294e-06 4.315435454481015057e-06 5.803860102433815479e-06 6.850080631350619553e-06
