2.939875808117262419e-07 2.586907309647539536e-07 2.481999256460354219e-07 2.461621808046483140e-07 2.418312059406231719e-07 2.381511287307802831e-07 2.363801142254597290e-07 2.422342560380470782e-07 2.403768651672914380e-07 2.342394290259034107e-07 2.328387415486098709e-07 2.305977155161303511e-07 2.278499264193500658e-07 2.323404442952677682e-07 2.354331408597999237e-07 2.321099795750241006e-07 2.251471672349149476e-07 1.947761709397269170e-07 1.588385696490311959e-07 1.288546933014701129e-07 1.076353229108912913e-07 8.384666289071411981e-08 8.645898615696171238e-08 6.779782267566593861e-08 9.914768106851308352e-08 1.945203074135031142e-07
2.586907309647539536e-07 3.313265522567081336e-07 2.885399869669106256e-07 2.908839617701983670e-07 2.860779843320588032e-07 2.835064206874229945e-07 2.778442745383169113e-07 2.774158823837233914e-07 2.729719523768751623e-07 2.609210957702713124e-07 2.578514225811884997e-07 2.533574650430820573e-07 2.526887560401288298e-07 2.566892324370286850e-07 2.635158530581237828e-07 2.631294597832838685e-07 2.620979260543407552e-07 2.529005202926086186e-07 2.318605069375239607e-07 2.102682539980666031e-07 1.934583059959744586e-07 1.579370216843935324e-07 1.376934713586676598e-07 7.631052680361713731e-08 5.794836556804254662e-08 1.653292279006249209e-07
2.481999256460354219e-07 2.885399869669106256e-07 3.146414698949753285e-07 2.998084046048764616e-07 2.922320179419602751e-07 2.869881098969507962e-07 2.861929918713164233e-07 2.931755293404334103e-07 2.917127758943420310e-07 2.838714082930352161e-07 2.897542367369006358e-07 2.927944601800614125e-07 2.971569279226846545e-07 3.054500413822137330e-07 3.122546952559337492e-07 3.125749761671989010e-07 3.106193613555715897e-07 2.882319375499874059e-07 2.551619178673653201e-07 2.193464694622548553e-07 1.924486651735700284e-07 1.409624950049441421e-07 1.271948542104020790e-07 9.449086702696742750e-08 8.962152128435636160e-08 1.871920419714165487e-07
2.461621808046483140e-07 2.908839617701983670e-07 2.998084046048764616e-07 3.355935338710707437e-07 3.133505497736364999e-07 3.070715666691661123e-07 3.056690098710068535e-07 3.098670485679123970e-07 3.082235259409311736e-07 2.999375531992078442e-07 3.038092749410151493e-07 3.043365881216385850e-07 3.077129127794126352e-07 3.137328276791075822e-07 3.196860849518357598e-07 3.171041172118188057e-07 3.150000135708815146e-07 2.966418928764279773e-07 2.705183835595267514e-07 2.468272280430984099e-07 2.091282251149262382e-07 1.345684361094878074e-07 1.166015198053938032e-07 7.937707574631868247e-08 5.780273346482792724e-08 1.604172374231303449e-07
2.418312059406231719e-07 2.860779843320588032e-07 2.922320179419602751e-07 3.133505497736364999e-07 3.278164140923567618e-07 3.144423627013696910e-07 3.134988748323626408e-07 3.217656925057317069e-07 3.227730696260619433e-07 3.173195667890276008e-07 3.214795019971960935e-07 3.217349380567764353e-07 3.242998219767176071e-07 3.312086717874381004e-07 3.371464060798140193e-07 3.321461636586321444e-07 3.300263980216859570e-07 3.111473729429103267e-07 2.811317895120954814e-07 2.564671598445577422e-07 2.247159367000765340e-07 1.546430426527111854e-07 1.423746439049345096e-07 1.178799976996340040e-07 1.061647726087590370e-07 2.087304162401920912e-07
2.381511287307802831e-07 2.835064206874229945e-07 2.869881098969507962e-07 3.070715666691661123e-07 3.144423627013696910e-07 3.267572186274236305e-07 3.216049910713395706e-07 3.270234430571071947e-07 3.299627332587599220e-07 3.244107295002370406e-07 3.295734836417672057e-07 3.308175917140812166e-07 3.333674318124191295e-07 3.408239629402442409e-07 3.498080924048321387e-07 3.440126231598800169e-07 3.388273834703884250e-07 3.178437797317798636e-07 2.872848917176519696e-07 2.655588074743778016e-07 2.381819325005849308e-07 1.682727525492371414e-07 1.443232909174266604e-07 1.051957265197335102e-07 8.417776143153157023e-08 1.949841008321953251e-07
2.363801142254597290e-07 2.778442745383169113e-07 2.861929918713164233e-07 3.056690098710068535e-07 3.134988748323626408e-07 3.216049910713395706e-07 3.416943127044109251e-07 3.472678697569907090e-07 3.525909500115854134e-07 3.506156962397573378e-07 3.590274382288355097e-07 3.615602356748219063e-07 3.658203321902452041e-07 3.733289351372261896e-07 3.807748930474680463e-07 3.755208231229317292e-07 3.685489362557841040e-07 3.497361777574134296e-07 3.235830661760184171e-07 3.035881867460948018e-07 2.754823062501379115e-07 2.105624419002958230e-07 1.936507383714461230e-07 1.503327186334631813e-07 1.291704846788542843e-07 2.268312410196148764e-07
2.422342560380470782e-07 2.774158823837233914e-07 2.931755293404334103e-07 3.098670485679123970e-07 3.217656925057317069e-07 3.270234430571071947e-07 3.472678697569907090e-07 3.712448547917708368e-07 3.776533177435455971e-07 3.788461247609218337e-07 3.926384740075500520e-07 3.985843775409012197e-07 4.059381554640571363e-07 4.141178403654778338e-07 4.202164134940927923e-07 4.131272230240862610e-07 4.050728750414138894e-07 3.828474537842293609e-07 3.494145050447814012e-07 3.207034195872006882e-07 2.836982000747636422e-07 2.119255019977941753e-07 2.083392173985224802e-07 1.807059044464021387e-07 1.735721578504888428e-07 2.896407227529138391e-07
2.403768651672914380e-07 2.729719523768751623e-07 2.917127758943420310e-07 3.082235259409311736e-07 3.227730696260619433e-07 3.299627332587599220e-07 3.525909500115854134e-07 3.776533177435455971e-07 4.055190343801297361e-07 4.105907505983007100e-07 4.293475425631479960e-07 4.438183203670910630e-07 4.568588626456702173e-07 4.708434357185536855e-07 4.842474156947445810e-07 4.821183767872682782e-07 4.757728018052592154e-07 4.560649447326579394e-07 4.244667636809101447e-07 3.903035564602365459e-07 3.375448484023467385e-07 2.402898183112566738e-07 2.187218339297975633e-07 2.080377181957089569e-07 2.243478236066586136e-07 3.342544170099796897e-07
2.342394290259034107e-07 2.609210957702713124e-07 2.838714082930352161e-07 2.999375531992078442e-07 3.173195667890276008e-07 3.244107295002370406e-07 3.506156962397573378e-07 3.788461247609218337e-07 4.105907505983007100e-07 4.335388387342490510e-07 4.587443285113302522e-07 4.817374978896461663e-07 4.999954470981034404e-07 5.169096167154279802e-07 5.335597805812031618e-07 5.359328606400427719e-07 5.300907803258648256e-07 5.127579543430609796e-07 4.817655560651051542e-07 4.438378447275241656e-07 3.778895702476549964e-07 2.569747297874964898e-07 2.271866358806410515e-07 2.176580109091682526e-07 2.464089108875838663e-07 3.626994673620808141e-07
2.328387415486098709e-07 2.578514225811884997e-07 2.897542367369006358e-07 3.038092749410151493e-07 3.214795019971960935e-07 3.295734836417672057e-07 3.590274382288355097e-07 3.926384740075500520e-07 4.293475425631479960e-07 4.587443285113302522e-07 5.036453129449629539e-07 5.395420811980268311e-07 5.670286277614017395e-07 5.933988359555524946e-07 6.169477742972204208e-07 6.222133369731723946e-07 6.167448060667129162e-07 5.989006355082206915e-07 5.641858066231952842e-07 5.189941767032289592e-07 4.417389046379841885e-07 2.944144468476297697e-07 2.517693740380985787e-07 2.441703699517823988e-07 2.804174066669418637e-07 4.130214108041514358e-07
2.305977155161303511e-07 2.533574650430820573e-07 2.927944601800614125e-07 3.043365881216385850e-07 3.217349380567764353e-07 3.308175917140812166e-07 3.615602356748219063e-07 3.985843775409012197e-07 4.438183203670910630e-07 4.817374978896461663e-07 5.395420811980268311e-07 6.056084039395403387e-07 6.500010685002793440e-07 6.931573126765806273e-07 7.327556515402456126e-07 7.496668387011693011e-07 7.513297821346235472e-07 7.369119705260761742e-07 7.005013700459374547e-07 6.455067129629865683e-07 5.489023137139480548e-07 3.566985920654793913e-07 2.908751467964051420e-07 2.819315380906902869e-07 3.104073314762116550e-07 4.408076880277943460e-07
2.278499264193500658e-07 2.526887560401288298e-07 2.971569279226846545e-07 3.077129127794126352e-07 3.242998219767176071e-07 3.333674318124191295e-07 3.658203321902452041e-07 4.059381554640571363e-07 4.568588626456702173e-07 4.999954470981034404e-07 5.670286277614017395e-07 6.500010685002793440e-07 7.247544324119801079e-07 7.934652110159111063e-07 8.500017400395518594e-07 8.793934038307833592e-07 8.873222538051926968e-07 8.739450540763604096e-07 8.285171299353308097e-07 7.610705274467296540e-07 6.377811142537439149e-07 4.057312823920128426e-07 3.229852190788171341e-07 3.262685151780785482e-07 3.639242907982160463e-07 4.961494838454938187e-07
2.323404442952677682e-07 2.566892324370286850e-07 3.054500413822137330e-07 3.137328276791075822e-07 3.312086717874381004e-07 3.408239629402442409e-07 3.733289351372261896e-07 4.141178403654778338e-07 4.708434357185536855e-07 5.169096167154279802e-07 5.933988359555524946e-07 6.931573126765806273e-07 7.934652110159111063e-07 9.045527445408788024e-07 9.916396071254110180e-07 1.040380073412359200e-06 1.065210105254140699e-06 1.060518473758055567e-06 1.006792317062569072e-06 9.222317715172117499e-07 7.696830086611283795e-07 4.867578349436769483e-07 3.669420378093392463e-07 3.795592044306441663e-07 4.242480992952387237e-07 5.602470477785192438e-07
2.354331408597999237e-07 2.635158530581237828e-07 3.122546952559337492e-07 3.196860849518357598e-07 3.371464060798140193e-07 3.498080924048321387e-07 3.807748930474680463e-07 4.202164134940927923e-07 4.842474156947445810e-07 5.335597805812031618e-07 6.169477742972204208e-07 7.327556515402456126e-07 8.500017400395518594e-07 9.916396071254110180e-07 1.122866118444549780e-06 1.203860932209168408e-06 1.254191090191555091e-06 1.267194893679113875e-06 1.213675898893634525e-06 1.117689049114273946e-06 9.386121264616124634e-07 5.986933069807198905e-07 4.136558867316228736e-07 4.264437613580637861e-07 4.804929522575150075e-07 6.099153458161106859e-07
2.321099795750241006e-07 2.631294597832838685e-07 3.125749761671989010e-07 3.171041172118188057e-07 3.321461636586321444e-07 3.440126231598800169e-07 3.755208231229317292e-07 4.131272230240862610e-07 4.821183767872682782e-07 5.359328606400427719e-07 6.222133369731723946e-07 7.496668387011693011e-07 8.793934038307833592e-07 1.040380073412359200e-06 1.203860932209168408e-06 1.344600433996738178e-06 1.446343934231585739e-06 1.502668346435333408e-06 1.472927569883445905e-06 1.382863952391508183e-06 1.185068268098372051e-06 7.784994227067835188e-07 4.855055171089019158e-07 4.675904822873251909e-07 5.493121438028922388e-07 6.871198001224595670e-07
2.251471672349149476e-07 2.620979260543407552e-07 3.106193613555715897e-07 3.150000135708815146e-07 3.300263980216859570e-07 3.388273834703884250e-07 3.685489362557841040e-07 4.050728750414138894e-07 4.757728018052592154e-07 5.300907803258648256e-07 6.167448060667129162e-07 7.513297821346235472e-07 8.873222538051926968e-07 1.065210105254140699e-06 1.254191090191555091e-06 1.446343934231585739e-06 1.637207618994632113e-06 1.776056877655786444e-06 1.800052229600761679e-06 1.730087306490228865e-06 1.522410894296159934e-06 1.042729099889380553e-06 5.978024193203513609e-07 5.323058555490168246e-07 6.456173150086957804e-07 7.749347604095636969e-07
1.947761709397269170e-07 2.529005202926086186e-07 2.882319375499874059e-07 2.966418928764279773e-07 3.111473729429103267e-07 3.178437797317798636e-07 3.497361777574134296e-07 3.828474537842293609e-07 4.560649447326579394e-07 5.127579543430609796e-07 5.989006355082206915e-07 7.369119705260761742e-07 8.739450540763604096e-07 1.060518473758055567e-06 1.267194893679113875e-06 1.502668346435333408e-06 1.776056877655786444e-06 2.048044392050673546e-06 2.178366380194977867e-06 2.160133007257577488e-06 1.962511753041186998e-06 1.408285674192490405e-06 7.648654212690177753e-07 6.181939187810306878e-07 7.988426971093263981e-07 9.006761362513624814e-07
1.588385696490311959e-07 2.318605069375239607e-07 2.551619178673653201e-07 2.705183835595267514e-07 2.811317895120954814e-07 2.872848917176519696e-07 3.235830661760184171e-07 3.494145050447814012e-07 4.244667636809101447e-07 4.817655560651051542e-07 5.641858066231952842e-07 7.005013700459374547e-07 8.285171299353308097e-07 1.006792317062569072e-06 1.213675898893634525e-06 1.472927569883445905e-06 1.800052229600761679e-06 2.178366380194977867e-06 2.477651761533814818e-06 2.584399523162673787e-06 2.432474576554995150e-06 1.837048933870662727e-06 9.899103626758513384e-07 6.982455375142305845e-07 9.348441034185635870e-07 1.005294336970560980e-06
1.288546933014701129e-07 2.102682539980666031e-07 2.193464694622548553e-07 2.468272280430984099e-07 2.564671598445577422e-07 2.655588074743778016e-07 3.035881867460948018e-07 3.207034195872006882e-07 3.903035564602365459e-07 4.438378447275241656e-07 5.189941767032289592e-07 6.455067129629865683e-07 7.610705274467296540e-07 9.222317715172117499e-07 1.117689049114273946e-06 1.382863952391508183e-06 1.730087306490228865e-06 2.160133007257577488e-06 2.584399523162673787e-06 2.917928466040511651e-06 2.923187617075086609e-06 2.365974161829795042e-06 1.381297012602400489e-06 8.655382106222180403e-07 1.069315029328692051e-06 1.114609626698640894e-06
1.076353229108912913e-07 1.934583059959744586e-07 1.924486651735700284e-07 2.091282251149262382e-07 2.247159367000765340e-07 2.381819325005849308e-07 2.754823062501379115e-07 2.836982000747636422e-07 3.375448484023467385e-07 3.778895702476549964e-07 4.417389046379841885e-07 5.489023137139480548e-07 6.377811142537439149e-07 7.696830086611283795e-07 9.386121264616124634e-07 1.185068268098372051e-06 1.522410894296159934e-06 1.962511753041186998e-06 2.432474576554995150e-06 2.923187617075086609e-06 3.247192945741981530e-06 2.936479834600245743e-06 1.993725619358501973e-06 1.230609018888818582e-06 1.214969026241482205e-06 1.207622681590041134e-06
8.384666289071411981e-08 1.579370216843935324e-07 1.409624950049441421e-07 1.345684361094878074e-07 1.546430426527111854e-07 1.682727525492371414e-07 2.105624419002958230e-07 2.119255019977941753e-07 2.402898183112566738e-07 2.569747297874964898e-07 2.944144468476297697e-07 3.566985920654793913e-07 4.057312823920128426e-07 4.867578349436769483e-07 5.986933069807198905e-07 7.784994227067835188e-07 1.042729099889380553e-06 1.408285674192490405e-06 1.837048933870662727e-06 2.365974161829795042e-06 2.936479834600245743e-06 3.162122936199126810e-06 2.669223065302829019e-06 1.839790219197553216e-06 1.412804913284687753e-06 1.299090726377297281e-06
8.645898615696171238e-08 1.376934713586676598e-07 1.271948542104020790e-07 1.166015198053938032e-07 1.423746439049345096e-07 1.443232909174266604e-07 1.936507383714461230e-07 2.083392173985224802e-07 2.187218339297975633e-07 2.271866358806410515e-07 2.517693740380985787e-07 2.908751467964051420e-07 3.229852190788171341e-07 3.669420378093392463e-07 4.136558867316228736e-07 4.855055171089019158e-07 5.978024193203513609e-07 7.648654212690177753e-07 9.899103626758513384e-07 1.381297012602400489e-06 1.993725619358501973e-06 2.669223065302829019e-06 3.110576411717606315e-06 2.653622909383624906e-06 1.716150987485383077e-06 1.413350318297056865e-06
6.779782267566593861e-08 7.631052680361713731e-08 9.449086702696742750e-08 7.937707574631868247e-08 1.178799976996340040e-07 1.051957265197335102e-07 1.503327186334631813e-07 1.807059044464021387e-07 2.080377181957089569e-07 2.176580109091682526e-07 2.441703699517823988e-07 2.819315380906902869e-07 3.262685151780785482e-07 3.795592044306441663e-07 4.264437613580637861e-07 4.675904822873251909e-07 5.323058555490168246e-07 6.181939187810306878e-07 6.982455375142305845e-07 8.655382106222180403e-07 1.230609018888818582e-06 1.839790219197553216e-06 2.653622909383624906e-06 3.050177806556158229e-06 2.303027929827493804e-06 1.627643033988945085e-06
9.914768106851308352e-08 5.794836556804254662e-08 8.962152128435636160e-08 5.780273346482792724e-08 1.061647726087590370e-07 8.417776143153157023e-08 1.291704846788542843e-07 1.735721578504888428e-07 2.243478236066586136e-07 2.464089108875838663e-07 2.804174066669418637e-07 3.104073314762116550e-07 3.639242907982160463e-07 4.242480992952387237e-07 4.804929522575150075e-07 5.493121438028922388e-07 6.456173150086957804e-07 7.988426971093263981e-07 9.348441034185635870e-07 1.069315029328692051e-06 1.214969026241482205e-06 1.412804913284687753e-06 1.716150987485383077e-06 2.303027929827493804e-06 2.776023307761919401e-06 2.375834739155292584e-06
1.945203074135031142e-07 1.653292279006249209e-07 1.871920419714165487e-07 1.604172374231303449e-07 2.087304162401920912e-07 1.949841008321953251e-07 2.268312410196148764e-07 2.896407227529138391e-07 3.342544170099796897e-07 3.626994673620808141e-07 4.130214108041514358e-07 4.408076880277943460e-07 4.961494838454938187e-07 5.602470477785192438e-07 6.099153458161106859e-07 6.871198001224595670e-07 7.749347604095636969e-07 9.006761362513624814e-07 1.005294336970560980e-06 1.114609626698640894e-06 1.207622681590041134e-06 1.299090726377297281e-06 1.413350318297056865e-06 1.627643033988945085e-06 2.375834739155292584e-06 3.309157656919254511e-06
