8.035164858216357156e-07 7.115078218231115525e-07 7.253690904483068755e-07 6.858205606269593907e-07 6.916668915136283356e-07 6.876096764894151508e-07 6.884653784064261404e-07 6.595367516996047535e-07 6.502356871582311571e-07 6.301910836785338128e-07 6.181153719835667395e-07 5.984088609662328402e-07 5.721631013690975535e-07 5.735703007589299236e-07 5.692731351711670993e-07 5.588183264784149417e-07 5.661491518917631306e-07 5.562667774334889622e-07 5.493312434142944210e-07 5.394436934918404484e-07 5.685655294728633915e-07 5.889081512655021731e-07 6.284835881983768823e-07 5.894796435538116183e-07 5.489161117573995458e-07 7.011119916131247249e-07
7.115078218231115525e-07 7.247617596604964012e-07 7.119868925743580201e-07 6.761447803605536492e-07 6.880454304471375385e-07 6.808905712108354054e-07 6.781340319861878701e-07 6.510211708839071746e-07 6.462389454027228534e-07 6.310800488979094774e-07 6.187057595613793782e-07 6.004176113677162081e-07 5.714502102176982332e-07 5.646468118256410669e-07 5.506372416463614817e-07 5.311935172042342351e-07 5.336886846435655753e-07 5.292028289459476967e-07 5.317081954058066078e-07 5.333719657845051855e-07 5.760560240693137792e-07 6.177174030322088029e-07 6.602819286269624978e-07 5.696458987061759919e-07 4.971518568341973649e-07 6.715173789987309218e-07
7.253690904483068755e-07 7.119868925743580201e-07 7.646683158991199741e-07 7.127447630206598032e-07 7.231162118971752323e-07 7.192980106427349761e-07 7.261344097448534673e-07 7.014258110674389630e-07 6.915269365747222855e-07 6.772554483575408879e-07 6.676028488607247356e-07 6.534169699572163700e-07 6.266809469107136133e-07 6.199007193528984366e-07 6.029371842482477546e-07 5.833981862371023960e-07 5.836624814178232211e-07 5.743005923028862542e-07 5.665644510424957605e-07 5.668496875784745336e-07 6.008994716274827758e-07 6.279210611258259084e-07 6.747800681046916772e-07 6.256886872438406037e-07 6.046677103764302086e-07 7.553893723499149103e-07
6.858205606269593907e-07 6.761447803605536492e-07 7.127447630206598032e-07 7.186827724219935853e-07 7.157321785759576583e-07 7.103278065526836684e-07 7.148032815225337370e-07 6.875540938405751782e-07 6.796017290649110424e-07 6.674166256278130017e-07 6.609904486827713174e-07 6.481842522446853093e-07 6.222768288062227599e-07 6.167032917190729870e-07 6.036133267156813094e-07 5.871619339549989916e-07 5.915884557363141201e-07 5.940566546356926675e-07 6.015041486212286724e-07 6.117380145582601913e-07 6.495564585046207421e-07 6.774595400150732210e-07 7.132186476631561686e-07 6.509073450406091424e-07 6.104387858628347624e-07 7.468588800737831532e-07
6.916668915136283356e-07 6.880454304471375385e-07 7.231162118971752323e-07 7.157321785759576583e-07 7.510028629147827656e-07 7.427731068108743456e-07 7.479242088234636279e-07 7.248048066274975668e-07 7.192049026146248170e-07 7.117305424381721970e-07 7.078109675746331836e-07 6.979126482052671629e-07 6.779151825734498990e-07 6.814604042336832597e-07 6.773169142812484047e-07 6.700782165917498324e-07 6.761619359813376104e-07 6.796592578525543752e-07 6.927790280701608059e-07 6.995514164030568052e-07 7.233338178095938610e-07 7.341008087021119182e-07 7.513430099588367033e-07 7.030060985583776450e-07 6.797743059973651000e-07 8.144866409490242081e-07
6.876096764894151508e-07 6.808905712108354054e-07 7.192980106427349761e-07 7.103278065526836684e-07 7.427731068108743456e-07 7.677655233780994779e-07 7.686990705679554526e-07 7.484371122398349997e-07 7.445479879857012770e-07 7.378803032720775452e-07 7.385436638849681590e-07 7.326256114975218782e-07 7.119067009712183208e-07 7.185297958293342601e-07 7.173061917083802272e-07 7.102000287998375312e-07 7.180112669114358749e-07 7.208843733010373241e-07 7.354872928307060172e-07 7.467231907290040246e-07 7.694942589764206489e-07 7.721547149229645172e-07 7.934981752837318461e-07 7.520197292869909121e-07 7.161454408968538298e-07 8.417432454810292539e-07
6.884653784064261404e-07 6.781340319861878701e-07 7.261344097448534673e-07 7.148032815225337370e-07 7.479242088234636279e-07 7.686990705679554526e-07 7.926287192946955039e-07 7.757195516051234341e-07 7.731299859440210655e-07 7.672400376041888215e-07 7.724948430402722304e-07 7.726015789919910190e-07 7.564632005682109825e-07 7.654540695114273285e-07 7.682826420381083794e-07 7.692851645977966347e-07 7.826246284914090320e-07 7.876842061296415495e-07 8.093708894270605616e-07 8.329891364206896987e-07 8.560597124602351581e-07 8.341713061915808372e-07 8.297075886896886049e-07 7.848361442632146616e-07 7.621599325103730403e-07 8.479127588921690825e-07
6.595367516996047535e-07 6.510211708839071746e-07 7.014258110674389630e-07 6.875540938405751782e-07 7.248048066274975668e-07 7.484371122398349997e-07 7.757195516051234341e-07 7.819887781428130808e-07 7.798083151033762634e-07 7.786145600845342385e-07 7.872296196149757081e-07 7.931443979354103358e-07 7.809480305708761345e-07 7.941852730415834928e-07 7.988330955619288215e-07 8.009301660924183678e-07 8.163383473409140344e-07 8.214355749230586683e-07 8.470041979776770644e-07 8.714083182634553366e-07 8.854851246136178424e-07 8.454531518460890205e-07 8.324580660132578688e-07 8.002507660534393170e-07 8.041859703296057148e-07 8.936314070273464693e-07
6.502356871582311571e-07 6.462389454027228534e-07 6.915269365747222855e-07 6.796017290649110424e-07 7.192049026146248170e-07 7.445479879857012770e-07 7.731299859440210655e-07 7.798083151033762634e-07 8.018521110440831198e-07 8.056050409139722994e-07 8.182281574157016684e-07 8.314395692121151130e-07 8.249568527956282241e-07 8.456062353297226763e-07 8.600229836182831921e-07 8.728496543093548020e-07 9.031396166459290177e-07 9.177650137151742236e-07 9.521739111153186471e-07 9.792633895709124424e-07 9.812907518650222781e-07 8.985393939539264070e-07 8.433304440458480316e-07 8.140225573345440705e-07 8.273252458890212112e-07 9.245009026809648220e-07
6.301910836785338128e-07 6.310800488979094774e-07 6.772554483575408879e-07 6.674166256278130017e-07 7.117305424381721970e-07 7.378803032720775452e-07 7.672400376041888215e-07 7.786145600845342385e-07 8.056050409139722994e-07 8.316504202169863895e-07 8.555839773064124906e-07 8.789637361845959320e-07 8.828077303546506035e-07 9.169870248956417446e-07 9.450897090415596758e-07 9.712677455436212064e-07 1.010776643804098542e-06 1.027276041898812822e-06 1.055963434175485166e-06 1.078298998030590680e-06 1.061240066004169275e-06 9.302488390087262714e-07 8.527123019490196839e-07 8.508098252211960172e-07 8.856966013510800176e-07 9.810665777453678247e-07
6.181153719835667395e-07 6.187057595613793782e-07 6.676028488607247356e-07 6.609904486827713174e-07 7.078109675746331836e-07 7.385436638849681590e-07 7.724948430402722304e-07 7.872296196149757081e-07 8.182281574157016684e-07 8.555839773064124906e-07 9.077544921798528365e-07 9.510399930400387172e-07 9.712604633832633125e-07 1.023269528114331037e-06 1.068491864686646987e-06 1.110026338461290118e-06 1.160302192629182894e-06 1.175199228024277387e-06 1.194630584962880530e-06 1.208761773367138072e-06 1.162594834565790899e-06 9.731751352015986763e-07 8.589136771760160972e-07 8.759661793751697234e-07 9.304835519908884388e-07 1.015524818498068804e-06
5.984088609662328402e-07 6.004176113677162081e-07 6.534169699572163700e-07 6.481842522446853093e-07 6.979126482052671629e-07 7.326256114975218782e-07 7.726015789919910190e-07 7.931443979354103358e-07 8.314395692121151130e-07 8.789637361845959320e-07 9.510399930400387172e-07 1.030649219529815357e-06 1.075146196945523775e-06 1.150487072949654106e-06 1.216054389734330899e-06 1.281580324285529224e-06 1.352072189791248161e-06 1.375885489295751098e-06 1.403014971602606709e-06 1.419408748124642897e-06 1.348829345952596276e-06 1.088804809570752224e-06 9.153342128632104930e-07 9.402901951630444493e-07 1.018402357382898955e-06 1.073659265911246860e-06
5.721631013690975535e-07 5.714502102176982332e-07 6.266809469107136133e-07 6.222768288062227599e-07 6.779151825734498990e-07 7.119067009712183208e-07 7.564632005682109825e-07 7.809480305708761345e-07 8.249568527956282241e-07 8.828077303546506035e-07 9.712604633832633125e-07 1.075146196945523775e-06 1.161202346559158036e-06 1.273630327286935136e-06 1.372927097889176387e-06 1.476503973214744325e-06 1.571580979049181538e-06 1.614215829332582903e-06 1.652450959004009578e-06 1.663456274592094272e-06 1.553476574879657663e-06 1.208039916218865766e-06 9.769243713231768606e-07 1.049393058692257030e-06 1.181270614096742749e-06 1.206451347984556816e-06
5.735703007589299236e-07 5.646468118256410669e-07 6.199007193528984366e-07 6.167032917190729870e-07 6.814604042336832597e-07 7.185297958293342601e-07 7.654540695114273285e-07 7.941852730415834928e-07 8.456062353297226763e-07 9.169870248956417446e-07 1.023269528114331037e-06 1.150487072949654106e-06 1.273630327286935136e-06 1.448617998232735062e-06 1.604002206947894003e-06 1.761888533517921930e-06 1.897316654141219964e-06 1.969770204605561735e-06 2.020494434967355989e-06 2.012281131457429598e-06 1.846059904080306159e-06 1.378148765039868950e-06 1.050332525063051078e-06 1.175268442999606108e-06 1.361607260017022492e-06 1.399005517380495110e-06
5.692731351711670993e-07 5.506372416463614817e-07 6.029371842482477546e-07 6.036133267156813094e-07 6.773169142812484047e-07 7.173061917083802272e-07 7.682826420381083794e-07 7.988330955619288215e-07 8.600229836182831921e-07 9.450897090415596758e-07 1.068491864686646987e-06 1.216054389734330899e-06 1.372927097889176387e-06 1.604002206947894003e-06 1.842260751332074560e-06 2.081459953888215894e-06 2.278204797387360014e-06 2.399309051998341785e-06 2.477820186887549049e-06 2.463409437477545135e-06 2.241768715739810421e-06 1.632433876423687460e-06 1.169041388568798238e-06 1.345382760965569703e-06 1.592379567257560365e-06 1.643187718036724297e-06
5.588183264784149417e-07 5.311935172042342351e-07 5.833981862371023960e-07 5.871619339549989916e-07 6.700782165917498324e-07 7.102000287998375312e-07 7.692851645977966347e-07 8.009301660924183678e-07 8.728496543093548020e-07 9.712677455436212064e-07 1.110026338461290118e-06 1.281580324285529224e-06 1.476503973214744325e-06 1.761888533517921930e-06 2.081459953888215894e-06 2.444748824573343625e-06 2.744221208075136673e-06 2.954009741214093169e-06 3.100099066271465562e-06 3.099527557800802783e-06 2.811056977626720279e-06 1.997684212829573756e-06 1.309507648969666929e-06 1.533227926415060404e-06 1.873438332912502940e-06 1.898147744436283439e-06
5.661491518917631306e-07 5.336886846435655753e-07 5.836624814178232211e-07 5.915884557363141201e-07 6.761619359813376104e-07 7.180112669114358749e-07 7.826246284914090320e-07 8.163383473409140344e-07 9.031396166459290177e-07 1.010776643804098542e-06 1.160302192629182894e-06 1.352072189791248161e-06 1.571580979049181538e-06 1.897316654141219964e-06 2.278204797387360014e-06 2.744221208075136673e-06 3.181357381255269502e-06 3.511638061107328681e-06 3.749426075069681464e-06 3.766219066775874091e-06 3.397809680931383731e-06 2.380432428461012936e-06 1.465887900941685449e-06 1.709615210308689108e-06 2.113400707182902877e-06 2.144978601453343033e-06
5.562667774334889622e-07 5.292028289459476967e-07 5.743005923028862542e-07 5.940566546356926675e-07 6.796592578525543752e-07 7.208843733010373241e-07 7.876842061296415495e-07 8.214355749230586683e-07 9.177650137151742236e-07 1.027276041898812822e-06 1.175199228024277387e-06 1.375885489295751098e-06 1.614215829332582903e-06 1.969770204605561735e-06 2.399309051998341785e-06 2.954009741214093169e-06 3.511638061107328681e-06 4.040953778717890681e-06 4.461236357630576448e-06 4.560127511693516830e-06 4.175655072344745977e-06 3.015679398316871851e-06 1.825352165570300231e-06 2.001531038976120725e-06 2.472409819229935114e-06 2.450161668410548962e-06
5.493312434142944210e-07 5.317081954058066078e-07 5.665644510424957605e-07 6.015041486212286724e-07 6.927790280701608059e-07 7.354872928307060172e-07 8.093708894270605616e-07 8.470041979776770644e-07 9.521739111153186471e-07 1.055963434175485166e-06 1.194630584962880530e-06 1.403014971602606709e-06 1.652450959004009578e-06 2.020494434967355989e-06 2.477820186887549049e-06 3.100099066271465562e-06 3.749426075069681464e-06 4.461236357630576448e-06 5.175468380027788511e-06 5.490047903272996786e-06 5.225530571916395020e-06 4.032542755060140310e-06 2.553884031149032066e-06 2.502067092345424903e-06 2.939723247356961007e-06 2.794177113942125267e-06
5.394436934918404484e-07 5.333719657845051855e-07 5.668496875784745336e-07 6.117380145582601913e-07 6.995514164030568052e-07 7.467231907290040246e-07 8.329891364206896987e-07 8.714083182634553366e-07 9.792633895709124424e-07 1.078298998030590680e-06 1.208761773367138072e-06 1.419408748124642897e-06 1.663456274592094272e-06 2.012281131457429598e-06 2.463409437477545135e-06 3.099527557800802783e-06 3.766219066775874091e-06 4.560127511693516830e-06 5.490047903272996786e-06 6.138470053412055557e-06 6.184634566681979544e-06 5.139825908276974553e-06 3.486870755009637462e-06 3.043534117949593968e-06 3.357221598544359291e-06 3.098903493626956801e-06
5.685655294728633915e-07 5.760560240693137792e-07 6.008994716274827758e-07 6.495564585046207421e-07 7.233338178095938610e-07 7.694942589764206489e-07 8.560597124602351581e-07 8.854851246136178424e-07 9.812907518650222781e-07 1.061240066004169275e-06 1.162594834565790899e-06 1.348829345952596276e-06 1.553476574879657663e-06 1.846059904080306159e-06 2.241768715739810421e-06 2.811056977626720279e-06 3.397809680931383731e-06 4.175655072344745977e-06 5.225530571916395020e-06 6.184634566681979544e-06 6.866141846900593982e-06 6.437497138330719125e-06 4.931802457973770956e-06 3.914666578451488541e-06 3.782885590632376010e-06 3.342124344617600045e-06
5.889081512655021731e-07 6.177174030322088029e-07 6.279210611258259084e-07 6.774595400150732210e-07 7.341008087021119182e-07 7.721547149229645172e-07 8.341713061915808372e-07 8.454531518460890205e-07 8.985393939539264070e-07 9.302488390087262714e-07 9.731751352015986763e-07 1.088804809570752224e-06 1.208039916218865766e-06 1.378148765039868950e-06 1.632433876423687460e-06 1.997684212829573756e-06 2.380432428461012936e-06 3.015679398316871851e-06 4.032542755060140310e-06 5.139825908276974553e-06 6.437497138330719125e-06 7.208778118943099980e-06 6.557289651370017589e-06 5.098533774383260690e-06 4.041966811945122329e-06 3.320007301211253926e-06
6.284835881983768823e-07 6.602819286269624978e-07 6.747800681046916772e-07 7.132186476631561686e-07 7.513430099588367033e-07 7.934981752837318461e-07 8.297075886896886049e-07 8.324580660132578688e-07 8.433304440458480316e-07 8.527123019490196839e-07 8.589136771760160972e-07 9.153342128632104930e-07 9.769243713231768606e-07 1.050332525063051078e-06 1.169041388568798238e-06 1.309507648969666929e-06 1.465887900941685449e-06 1.825352165570300231e-06 2.553884031149032066e-06 3.486870755009637462e-06 4.931802457973770956e-06 6.557289651370017589e-06 7.372171751916768352e-06 6.400898585486197168e-06 4.460984846770430275e-06 3.425900098444704821e-06
5.894796435538116183e-07 5.696458987061759919e-07 6.256886872438406037e-07 6.509073450406091424e-07 7.030060985583776450e-07 7.520197292869909121e-07 7.848361442632146616e-07 8.002507660534393170e-07 8.140225573345440705e-07 8.508098252211960172e-07 8.759661793751697234e-07 9.402901951630444493e-07 1.049393058692257030e-06 1.175268442999606108e-06 1.345382760965569703e-06 1.533227926415060404e-06 1.709615210308689108e-06 2.001531038976120725e-06 2.502067092345424903e-06 3.043534117949593968e-06 3.914666578451488541e-06 5.098533774383260690e-06 6.400898585486197168e-06 7.094737333034839128e-06 5.897976069987620529e-06 4.408271033649216087e-06
5.489161117573995458e-07 4.971518568341973649e-07 6.046677103764302086e-07 6.104387858628347624e-07 6.797743059973651000e-07 7.161454408968538298e-07 7.621599325103730403e-07 8.041859703296057148e-07 8.273252458890212112e-07 8.856966013510800176e-07 9.304835519908884388e-07 1.018402357382898955e-06 1.181270614096742749e-06 1.361607260017022492e-06 1.592379567257560365e-06 1.873438332912502940e-06 2.113400707182902877e-06 2.472409819229935114e-06 2.939723247356961007e-06 3.357221598544359291e-06 3.782885590632376010e-06 4.041966811945122329e-06 4.460984846770430275e-06 5.897976069987620529e-06 7.180289508997924400e-06 5.927777782669700141e-06
7.011119916131247249e-07 6.715173789987309218e-07 7.553893723499149103e-07 7.468588800737831532e-07 8.144866409490242081e-07 8.417432454810292539e-07 8.479127588921690825e-07 8.936314070273464693e-07 9.245009026809648220e-07 9.810665777453678247e-07 1.015524818498068804e-06 1.073659265911246860e-06 1.206451347984556816e-06 1.399005517380495110e-06 1.643187718036724297e-06 1.898147744436283439e-06 2.144978601453343033e-06 2.450161668410548962e-06 2.794177113942125267e-06 3.098903493626956801e-06 3.342124344617600045e-06 3.320007301211253926e-06 3.425900098444704821e-06 4.408271033649216087e-06 5.927777782669700141e-06 6.951503021519981784e-06
