4.493159982787297347e-07 4.304830900670063013e-07 4.308083163795162456e-07 4.188784599199592791e-07 4.040918123773704058e-07 4.120640216340064108e-07 4.103962411416246947e-07 4.160800188236845535e-07 4.163926698200144810e-07 4.152098423854602689e-07 4.225974133957761693e-07 4.227469859241304871e-07 4.202937770844396058e-07 4.252233161110427406e-07 4.279255211657796466e-07 4.342527605246485750e-07 4.449951520426155155e-07 4.522327327333787853e-07 4.385554713795970343e-07 4.101611779496427263e-07 3.895655781006277923e-07 3.495081351670009848e-07 3.138739327551966427e-07 2.768701402945239919e-07 3.356408877598395821e-07 4.879809954191336230e-07
4.304830900670063013e-07 4.841798496254350662e-07 4.595737965275988607e-07 4.407683422321841880e-07 4.291588586879619062e-07 4.368390697168386864e-07 4.377759617910110942e-07 4.462794384403933630e-07 4.432359596138191503e-07 4.396789728805452303e-07 4.451462069666016407e-07 4.446355453597813496e-07 4.396343400265795170e-07 4.505312335268342943e-07 4.532521384442465317e-07 4.557850680368702158e-07 4.637167161366398325e-07 4.679436003502350768e-07 4.602448103257562473e-07 4.398665141511889105e-07 4.261465532207172289e-07 3.785526871631464513e-07 3.359024991053215550e-07 2.859495811311669744e-07 3.340160242090974407e-07 5.091583752908616074e-07
4.308083163795162456e-07 4.595737965275988607e-07 4.893850824275966487e-07 4.570426643710137689e-07 4.479630767530525079e-07 4.538566220870219854e-07 4.539503190518980305e-07 4.600414906525502524e-07 4.602010733253221471e-07 4.567378594050130535e-07 4.620104048193734327e-07 4.627335444758728571e-07 4.580222000033654813e-07 4.664482578668575695e-07 4.658820086020795603e-07 4.638307008041819108e-07 4.710875351812688856e-07 4.728967104486448536e-07 4.568138259592171976e-07 4.303860616722941096e-07 4.246339799229610790e-07 3.722401957949067210e-07 3.274412209024026483e-07 2.809606054694170503e-07 3.341361600208370566e-07 5.101142850104695779e-07
4.188784599199592791e-07 4.407683422321841880e-07 4.570426643710137689e-07 4.677576662419907533e-07 4.441873884445350241e-07 4.483134253773575774e-07 4.478475503568006481e-07 4.536230241955548862e-07 4.552728944713827182e-07 4.506506245410645982e-07 4.564627979011664861e-07 4.574233520385787101e-07 4.532853988991143958e-07 4.585645930714218013e-07 4.534487950826230847e-07 4.546106350465440300e-07 4.697257378083290001e-07 4.780667170380860898e-07 4.766598635252421269e-07 4.702486847569379267e-07 4.672386383560980803e-07 4.002796959409692058e-07 3.420195276837979121e-07 2.720913542194389046e-07 3.141491027416748225e-07 4.883213563341098332e-07
4.040918123773704058e-07 4.291588586879619062e-07 4.479630767530525079e-07 4.441873884445350241e-07 4.519883198499587608e-07 4.488464417778830364e-07 4.478434592554124814e-07 4.545505997257013071e-07 4.560709192602618633e-07 4.501242505638444433e-07 4.537000098265026941e-07 4.530885992381573846e-07 4.526909035530674158e-07 4.590549447088168759e-07 4.544866187926526405e-07 4.503559645544677553e-07 4.584929383801211641e-07 4.618456367805569230e-07 4.490104582546671680e-07 4.271830175219997005e-07 4.190431216084634354e-07 3.575356263373774839e-07 3.171287094854586268e-07 2.717215157446533359e-07 3.036370326803130054e-07 4.626287664793340170e-07
4.120640216340064108e-07 4.368390697168386864e-07 4.538566220870219854e-07 4.483134253773575774e-07 4.488464417778830364e-07 4.680086202392907683e-07 4.645560407956783526e-07 4.712745077055549413e-07 4.738047875472337567e-07 4.710376923714252776e-07 4.774735438867013409e-07 4.790692010300960082e-07 4.795667106023861969e-07 4.878202794447747668e-07 4.845722504993407586e-07 4.798400662711030743e-07 4.873934069511254541e-07 4.881318076337585292e-07 4.769734829395333857e-07 4.576704008055153790e-07 4.471202458522210090e-07 3.825718531815409342e-07 3.364690199054901151e-07 2.827160876826853942e-07 3.113550932512826910e-07 4.750685597540921435e-07
4.103962411416246947e-07 4.377759617910110942e-07 4.539503190518980305e-07 4.478475503568006481e-07 4.478434592554124814e-07 4.645560407956783526e-07 4.832648934350577365e-07 4.886191305197655796e-07 4.942793188059444549e-07 4.921806039734064192e-07 5.010390582756590006e-07 5.064091215217479242e-07 5.099112252188582139e-07 5.210691637264066952e-07 5.187058017296292893e-07 5.145599758648981280e-07 5.236045220779403147e-07 5.291475589489307785e-07 5.218515001741036711e-07 5.049995236837397114e-07 4.945900955147375389e-07 4.273278074790387303e-07 3.813341343397868978e-07 3.222067523199091984e-07 3.437932769822733068e-07 5.063167202783196841e-07
4.160800188236845535e-07 4.462794384403933630e-07 4.600414906525502524e-07 4.536230241955548862e-07 4.545505997257013071e-07 4.712745077055549413e-07 4.886191305197655796e-07 5.148346934465356416e-07 5.243133211381840461e-07 5.257349548713806522e-07 5.401431884287901952e-07 5.479614788219213908e-07 5.541116127873475128e-07 5.656895977814062100e-07 5.614564508207441544e-07 5.558660815812807395e-07 5.611898993070521057e-07 5.619897702948353652e-07 5.525606151715855554e-07 5.239464845824505933e-07 4.954166365535701753e-07 4.100097598878648878e-07 3.713441044518974771e-07 3.378096491737577739e-07 3.830016902719674740e-07 5.532830541792191511e-07
4.163926698200144810e-07 4.432359596138191503e-07 4.602010733253221471e-07 4.552728944713827182e-07 4.560709192602618633e-07 4.738047875472337567e-07 4.942793188059444549e-07 5.243133211381840461e-07 5.515707494151247319e-07 5.561946246253325001e-07 5.759059960118076467e-07 5.913767661742215088e-07 6.051974971806031663e-07 6.245414899363248916e-07 6.281576927257238798e-07 6.276681984856227123e-07 6.357528726288596543e-07 6.397049895784560411e-07 6.322640508936932384e-07 6.021389482607470882e-07 5.606976135902129893e-07 4.514329300743753168e-07 4.039855296913666489e-07 3.848209546128735416e-07 4.496256542716603484e-07 6.210264245035540938e-07
4.152098423854602689e-07 4.396789728805452303e-07 4.567378594050130535e-07 4.506506245410645982e-07 4.501242505638444433e-07 4.710376923714252776e-07 4.921806039734064192e-07 5.257349548713806522e-07 5.561946246253325001e-07 5.775252136578040497e-07 6.037003466096502934e-07 6.253698826473784833e-07 6.413887046891546997e-07 6.615075821398325555e-07 6.668256214590625222e-07 6.673164375255713062e-07 6.766093895878523819e-07 6.830795591563368061e-07 6.776137522282685988e-07 6.434037300995156067e-07 5.897722999802498899e-07 4.602471171816531831e-07 3.935642343994285951e-07 3.624588321639489206e-07 4.363604568967231665e-07 6.221302093639204432e-07
4.225974133957761693e-07 4.451462069666016407e-07 4.620104048193734327e-07 4.564627979011664861e-07 4.537000098265026941e-07 4.774735438867013409e-07 5.010390582756590006e-07 5.401431884287901952e-07 5.759059960118076467e-07 6.037003466096502934e-07 6.485465838431327972e-07 6.825182898685395243e-07 7.070473220060549042e-07 7.352096464295463060e-07 7.485675878765325313e-07 7.546415427248728711e-07 7.676897772693312242e-07 7.734865612873921830e-07 7.646340581862854563e-07 7.226802031647507192e-07 6.560274253512703950e-07 5.019105035377651219e-07 4.264255933138801708e-07 4.021402992980993747e-07 4.774525026737516591e-07 6.660471060736035061e-07
4.227469859241304871e-07 4.446355453597813496e-07 4.627335444758728571e-07 4.574233520385787101e-07 4.530885992381573846e-07 4.790692010300960082e-07 5.064091215217479242e-07 5.479614788219213908e-07 5.913767661742215088e-07 6.253698826473784833e-07 6.825182898685395243e-07 7.441391045179697236e-07 7.857239939451538292e-07 8.280466634592405364e-07 8.550334674392947162e-07 8.726851274988514447e-07 8.927377915179416083e-07 9.002857057217627111e-07 8.891736123384163313e-07 8.410633024211032262e-07 7.549896106120189718e-07 5.573869752125414532e-07 4.594472554467243259e-07 4.318629745596435544e-07 5.043967598783030605e-07 6.906019212616264382e-07
4.202937770844396058e-07 4.396343400265795170e-07 4.580222000033654813e-07 4.532853988991143958e-07 4.526909035530674158e-07 4.795667106023861969e-07 5.099112252188582139e-07 5.541116127873475128e-07 6.051974971806031663e-07 6.413887046891546997e-07 7.070473220060549042e-07 7.857239939451538292e-07 8.551824186068466388e-07 9.210948885686052180e-07 9.660862048235410028e-07 9.962243139690076882e-07 1.021889545518226183e-06 1.028812539925016158e-06 1.007238059601632003e-06 9.495108289805956132e-07 8.429045554614185676e-07 6.090289965835656311e-07 4.997446742093734300e-07 4.860706395468619402e-07 5.568299614931052675e-07 7.328042774319938449e-07
4.252233161110427406e-07 4.505312335268342943e-07 4.664482578668575695e-07 4.585645930714218013e-07 4.590549447088168759e-07 4.878202794447747668e-07 5.210691637264066952e-07 5.656895977814062100e-07 6.245414899363248916e-07 6.615075821398325555e-07 7.352096464295463060e-07 8.280466634592405364e-07 9.210948885686052180e-07 1.028011813947134577e-06 1.103474958089104166e-06 1.153783670318555245e-06 1.196166538337709956e-06 1.210918413003550875e-06 1.180395747332535063e-06 1.107097184118219869e-06 9.730701027871733574e-07 6.921683899596126416e-07 5.572305535209041017e-07 5.556156729122338560e-07 6.183201310034691750e-07 7.929289861512667120e-07
4.279255211657796466e-07 4.532521384442465317e-07 4.658820086020795603e-07 4.534487950826230847e-07 4.544866187926526405e-07 4.845722504993407586e-07 5.187058017296292893e-07 5.614564508207441544e-07 6.281576927257238798e-07 6.668256214590625222e-07 7.485675878765325313e-07 8.550334674392947162e-07 9.660862048235410028e-07 1.103474958089104166e-06 1.225973214208515184e-06 1.311991205955932864e-06 1.383502147676326612e-06 1.420031382310114725e-06 1.393806695505794435e-06 1.316731021595280366e-06 1.161315737024243162e-06 8.219004016380234315e-07 6.153928464849505631e-07 6.038163179267337154e-07 6.734314727680460745e-07 8.335393636140260454e-07
4.342527605246485750e-07 4.557850680368702158e-07 4.638307008041819108e-07 4.546106350465440300e-07 4.503559645544677553e-07 4.798400662711030743e-07 5.145599758648981280e-07 5.558660815812807395e-07 6.276681984856227123e-07 6.673164375255713062e-07 7.546415427248728711e-07 8.726851274988514447e-07 9.962243139690076882e-07 1.153783670318555245e-06 1.311991205955932864e-06 1.458134261958924246e-06 1.583661274556865608e-06 1.662907980450112180e-06 1.659330508521563991e-06 1.586432810569380392e-06 1.410837989723298331e-06 9.958744967508211089e-07 6.739373397305729518e-07 6.297743759580134230e-07 7.231235616610863781e-07 8.831230088311562563e-07
4.449951520426155155e-07 4.637167161366398325e-07 4.710875351812688856e-07 4.697257378083290001e-07 4.584929383801211641e-07 4.873934069511254541e-07 5.236045220779403147e-07 5.611898993070521057e-07 6.357528726288596543e-07 6.766093895878523819e-07 7.676897772693312242e-07 8.927377915179416083e-07 1.021889545518226183e-06 1.196166538337709956e-06 1.383502147676326612e-06 1.583661274556865608e-06 1.798401397761799723e-06 1.955699947348103955e-06 2.001804551099924619e-06 1.950945120912232477e-06 1.769046218655394358e-06 1.277576815905634415e-06 7.968853300443690526e-07 6.896880828962528749e-07 8.020672247083431838e-07 9.540642571524434230e-07
4.522327327333787853e-07 4.679436003502350768e-07 4.728967104486448536e-07 4.780667170380860898e-07 4.618456367805569230e-07 4.881318076337585292e-07 5.291475589489307785e-07 5.619897702948353652e-07 6.397049895784560411e-07 6.830795591563368061e-07 7.734865612873921830e-07 9.002857057217627111e-07 1.028812539925016158e-06 1.210918413003550875e-06 1.420031382310114725e-06 1.662907980450112180e-06 1.955699947348103955e-06 2.233520012533762942e-06 2.374641532156420290e-06 2.373895385413346079e-06 2.200945750872210697e-06 1.629835207101704906e-06 9.515697999102234603e-07 7.560425830927310877e-07 9.352137362731713228e-07 1.065288678466164795e-06
4.385554713795970343e-07 4.602448103257562473e-07 4.568138259592171976e-07 4.766598635252421269e-07 4.490104582546671680e-07 4.769734829395333857e-07 5.218515001741036711e-07 5.525606151715855554e-07 6.322640508936932384e-07 6.776137522282685988e-07 7.646340581862854563e-07 8.891736123384163313e-07 1.007238059601632003e-06 1.180395747332535063e-06 1.393806695505794435e-06 1.659330508521563991e-06 2.001804551099924619e-06 2.374641532156420290e-06 2.671277274376286432e-06 2.789515251889526564e-06 2.660207952989399285e-06 2.036724041433863177e-06 1.159467154081470321e-06 8.293719702784012212e-07 1.081527826646984172e-06 1.183341370679329424e-06
4.101611779496427263e-07 4.398665141511889105e-07 4.303860616722941096e-07 4.702486847569379267e-07 4.271830175219997005e-07 4.576704008055153790e-07 5.049995236837397114e-07 5.239464845824505933e-07 6.021389482607470882e-07 6.434037300995156067e-07 7.226802031647507192e-07 8.410633024211032262e-07 9.495108289805956132e-07 1.107097184118219869e-06 1.316731021595280366e-06 1.586432810569380392e-06 1.950945120912232477e-06 2.373895385413346079e-06 2.789515251889526564e-06 3.119857184123034594e-06 3.145564448260304024e-06 2.550146863255233266e-06 1.539441558639342387e-06 1.005636917552083512e-06 1.223591163312721861e-06 1.286183980973771289e-06
3.895655781006277923e-07 4.261465532207172289e-07 4.246339799229610790e-07 4.672386383560980803e-07 4.190431216084634354e-07 4.471202458522210090e-07 4.945900955147375389e-07 4.954166365535701753e-07 5.606976135902129893e-07 5.897722999802498899e-07 6.560274253512703950e-07 7.549896106120189718e-07 8.429045554614185676e-07 9.730701027871733574e-07 1.161315737024243162e-06 1.410837989723298331e-06 1.769046218655394358e-06 2.200945750872210697e-06 2.660207952989399285e-06 3.145564448260304024e-06 3.486472686597878855e-06 3.136476540734952258e-06 2.164833802753041530e-06 1.386787949051807728e-06 1.386519346001915208e-06 1.394240101080023033e-06
3.495081351670009848e-07 3.785526871631464513e-07 3.722401957949067210e-07 4.002796959409692058e-07 3.575356263373774839e-07 3.825718531815409342e-07 4.273278074790387303e-07 4.100097598878648878e-07 4.514329300743753168e-07 4.602471171816531831e-07 5.019105035377651219e-07 5.573869752125414532e-07 6.090289965835656311e-07 6.921683899596126416e-07 8.219004016380234315e-07 9.958744967508211089e-07 1.277576815905634415e-06 1.629835207101704906e-06 2.036724041433863177e-06 2.550146863255233266e-06 3.136476540734952258e-06 3.334734146375013681e-06 2.827058930960658917e-06 1.988183104148020268e-06 1.563546134257064970e-06 1.469596774927001991e-06
3.138739327551966427e-07 3.359024991053215550e-07 3.274412209024026483e-07 3.420195276837979121e-07 3.171287094854586268e-07 3.364690199054901151e-07 3.813341343397868978e-07 3.713441044518974771e-07 4.039855296913666489e-07 3.935642343994285951e-07 4.264255933138801708e-07 4.594472554467243259e-07 4.997446742093734300e-07 5.572305535209041017e-07 6.153928464849505631e-07 6.739373397305729518e-07 7.968853300443690526e-07 9.515697999102234603e-07 1.159467154081470321e-06 1.539441558639342387e-06 2.164833802753041530e-06 2.827058930960658917e-06 3.244980234665785194e-06 2.780124330955023110e-06 1.842293954480733984e-06 1.554958326895481284e-06
2.768701402945239919e-07 2.859495811311669744e-07 2.809606054694170503e-07 2.720913542194389046e-07 2.717215157446533359e-07 2.827160876826853942e-07 3.222067523199091984e-07 3.378096491737577739e-07 3.848209546128735416e-07 3.624588321639489206e-07 4.021402992980993747e-07 4.318629745596435544e-07 4.860706395468619402e-07 5.556156729122338560e-07 6.038163179267337154e-07 6.297743759580134230e-07 6.896880828962528749e-07 7.560425830927310877e-07 8.293719702784012212e-07 1.005636917552083512e-06 1.386787949051807728e-06 1.988183104148020268e-06 2.780124330955023110e-06 3.167453391874574829e-06 2.423619741166173365e-06 1.765376522649597647e-06
3.356408877598395821e-07 3.340160242090974407e-07 3.341361600208370566e-07 3.141491027416748225e-07 3.036370326803130054e-07 3.113550932512826910e-07 3.437932769822733068e-07 3.830016902719674740e-07 4.496256542716603484e-07 4.363604568967231665e-07 4.774525026737516591e-07 5.043967598783030605e-07 5.568299614931052675e-07 6.183201310034691750e-07 6.734314727680460745e-07 7.231235616610863781e-07 8.020672247083431838e-07 9.352137362731713228e-07 1.081527826646984172e-06 1.223591163312721861e-06 1.386519346001915208e-06 1.563546134257064970e-06 1.842293954480733984e-06 2.423619741166173365e-06 2.887746689591085174e-06 2.510276294674205304e-06
4.879809954191336230e-07 5.091583752908616074e-07 5.101142850104695779e-07 4.883213563341098332e-07 4.626287664793340170e-07 4.750685597540921435e-07 5.063167202783196841e-07 5.532830541792191511e-07 6.210264245035540938e-07 6.221302093639204432e-07 6.660471060736035061e-07 6.906019212616264382e-07 7.328042774319938449e-07 7.929289861512667120e-07 8.335393636140260454e-07 8.831230088311562563e-07 9.540642571524434230e-07 1.065288678466164795e-06 1.183341370679329424e-06 1.286183980973771289e-06 1.394240101080023033e-06 1.469596774927001991e-06 1.554958326895481284e-06 1.765376522649597647e-06 2.510276294674205304e-06 3.446707607491422396e-06
