1.041939320904302797e-06 9.960020278396679090e-07 1.016279677204318731e-06 1.033926296414285990e-06 1.046551867881821921e-06 1.062322116488835789e-06 1.063249277023680890e-06 1.071273280825485140e-06 1.089962866864140387e-06 1.104573456095954050e-06 1.126898557477675462e-06 1.146052628298559658e-06 1.191694689554376144e-06 1.233574197290737738e-06 1.280463701265139733e-06 1.310702058443026453e-06 1.351514143005494548e-06 1.452102791291701523e-06 1.571873072483025706e-06 1.647270258881953352e-06 1.699497599687236228e-06 1.732148254716863705e-06 1.656939600755051354e-06 1.571711893912467905e-06 1.600535323084551555e-06 1.590503158594642622e-06
9.960020278396679090e-07 1.012319129659287107e-06 1.012306372002990726e-06 1.033645672150223217e-06 1.042856607823623534e-06 1.058241980398042925e-06 1.061934762818651464e-06 1.070993404868748539e-06 1.092836787030238734e-06 1.106760763190539010e-06 1.129195770329871087e-06 1.149447088139082688e-06 1.196710505567836071e-06 1.243896247321485538e-06 1.298029823020053058e-06 1.329685722313021486e-06 1.370600371773118126e-06 1.461310601116200543e-06 1.571675266061775154e-06 1.643375405513608853e-06 1.668408443691371174e-06 1.664179544909316766e-06 1.585776760219277880e-06 1.553570685974461117e-06 1.632955181250042877e-06 1.573796293912576857e-06
1.016279677204318731e-06 1.012306372002990726e-06 1.057216064143142483e-06 1.070540883430620674e-06 1.078964438803086257e-06 1.095905609094577877e-06 1.100933220478335102e-06 1.113688554101274023e-06 1.139830778920284700e-06 1.158387463887733457e-06 1.183568285753776978e-06 1.213538219937488811e-06 1.269701641154088016e-06 1.324960623646710936e-06 1.386656831658456728e-06 1.425168995455209273e-06 1.474445250707055511e-06 1.579359907534838635e-06 1.700138528787005876e-06 1.775953190241772898e-06 1.796699368890610382e-06 1.749904034808050997e-06 1.624221632963443186e-06 1.559609625981501483e-06 1.619313219348952894e-06 1.605343992544841055e-06
1.033926296414285990e-06 1.033645672150223217e-06 1.070540883430620674e-06 1.111793549019129062e-06 1.115498270493971219e-06 1.134657072448427544e-06 1.140015202724984578e-06 1.153742228205230725e-06 1.181177207987007073e-06 1.198126298212158367e-06 1.225343485024102351e-06 1.256850512838410826e-06 1.315507805106505060e-06 1.373067643450160820e-06 1.440156090018325085e-06 1.487475050110246281e-06 1.544977309394957051e-06 1.659095728686112240e-06 1.790232383887635127e-06 1.866256068410020606e-06 1.870403822445043618e-06 1.800170561171631721e-06 1.663129207098930245e-06 1.601537468356014095e-06 1.685099101437739205e-06 1.663741321216779152e-06
1.046551867881821921e-06 1.042856607823623534e-06 1.078964438803086257e-06 1.115498270493971219e-06 1.142853418731554303e-06 1.159727822229523069e-06 1.165104032461269670e-06 1.181655900200193019e-06 1.211942319231826227e-06 1.233809235718851543e-06 1.265220046236532526e-06 1.298960067552481115e-06 1.361625499986540626e-06 1.423633834073024333e-06 1.497464942751308639e-06 1.550181400171558342e-06 1.610201695499160711e-06 1.730151141722411611e-06 1.866335777438429232e-06 1.945459852834988454e-06 1.947279445606072670e-06 1.853496425880832284e-06 1.688818426091284276e-06 1.606904620388289061e-06 1.699871229403164971e-06 1.693720466294250244e-06
1.062322116488835789e-06 1.058241980398042925e-06 1.095905609094577877e-06 1.134657072448427544e-06 1.159727822229523069e-06 1.198510821654207608e-06 1.204075728682393758e-06 1.223679825695897927e-06 1.256956294721553967e-06 1.283694226561055466e-06 1.321000491879836751e-06 1.362352843370631134e-06 1.434694018837567468e-06 1.505337876362051293e-06 1.589368149523347942e-06 1.654813014890204530e-06 1.722477310236212593e-06 1.855642398300167435e-06 2.010064526457700494e-06 2.093575411636980648e-06 2.086889097162934862e-06 1.964222671089033271e-06 1.760505031901425652e-06 1.638327970440012098e-06 1.728079181408551724e-06 1.733928361362576582e-06
1.063249277023680890e-06 1.061934762818651464e-06 1.100933220478335102e-06 1.140015202724984578e-06 1.165104032461269670e-06 1.204075728682393758e-06 1.224534944160129469e-06 1.247634338305303254e-06 1.285871497900448635e-06 1.318213012480330908e-06 1.361616839823394383e-06 1.412944629041868688e-06 1.495173634032036230e-06 1.573479525256589364e-06 1.664970358972737071e-06 1.740742175175932036e-06 1.817420469185219833e-06 1.957081507351289775e-06 2.114804186230527854e-06 2.191514522831381956e-06 2.166326309996006933e-06 2.009909583486094579e-06 1.771702828396907361e-06 1.642062500496522287e-06 1.738459222746426875e-06 1.743044744886320850e-06
1.071273280825485140e-06 1.070993404868748539e-06 1.113688554101274023e-06 1.153742228205230725e-06 1.181655900200193019e-06 1.223679825695897927e-06 1.247634338305303254e-06 1.288147716219453191e-06 1.333378715178110690e-06 1.375116396121299509e-06 1.428060917168871617e-06 1.491545863905704868e-06 1.586586840352283855e-06 1.680445760336756809e-06 1.788773025394000139e-06 1.883287718974376044e-06 1.978808597020013868e-06 2.136328926567246412e-06 2.309698671815963394e-06 2.391413426370023257e-06 2.353903608573539124e-06 2.150270663036513440e-06 1.853164620724681879e-06 1.692225601147841644e-06 1.780158326701884047e-06 1.818313397079697352e-06
1.089962866864140387e-06 1.092836787030238734e-06 1.139830778920284700e-06 1.181177207987007073e-06 1.211942319231826227e-06 1.256956294721553967e-06 1.285871497900448635e-06 1.333378715178110690e-06 1.398732520008617569e-06 1.452165154574872218e-06 1.516139004372266119e-06 1.596340860048118733e-06 1.712591182748392689e-06 1.831042346772581084e-06 1.965731972587646491e-06 2.087130351363145873e-06 2.209024803237932213e-06 2.395830551162651046e-06 2.598089604201851061e-06 2.690710323652319758e-06 2.632590089303150070e-06 2.363942165784932617e-06 1.993817504917098501e-06 1.805607129935688757e-06 1.876065860380633479e-06 1.886052944679142563e-06
1.104573456095954050e-06 1.106760763190539010e-06 1.158387463887733457e-06 1.198126298212158367e-06 1.233809235718851543e-06 1.283694226561055466e-06 1.318213012480330908e-06 1.375116396121299509e-06 1.452165154574872218e-06 1.529139004136466676e-06 1.608769750694634057e-06 1.709473137814256549e-06 1.848089184071946216e-06 1.992182573870861207e-06 2.154148325198282063e-06 2.302669733679183836e-06 2.448824247859992268e-06 2.661583678324452518e-06 2.888283925556509510e-06 2.988327905795831231e-06 2.915157389329146380e-06 2.583150686210227377e-06 2.134712601776594476e-06 1.905433420849865321e-06 1.924315552835302838e-06 1.906033177708738949e-06
1.126898557477675462e-06 1.129195770329871087e-06 1.183568285753776978e-06 1.225343485024102351e-06 1.265220046236532526e-06 1.321000491879836751e-06 1.361616839823394383e-06 1.428060917168871617e-06 1.516139004372266119e-06 1.608769750694634057e-06 1.714211823580367114e-06 1.840067100628114583e-06 2.005933360915890402e-06 2.180073996020841460e-06 2.375491320214267382e-06 2.558923058186554529e-06 2.739938947640334198e-06 2.990180151570443521e-06 3.250423028511782744e-06 3.356973487476782001e-06 3.258232283382415785e-06 2.845634663293335529e-06 2.296067143228036786e-06 2.015991250511153966e-06 2.011140329206724502e-06 1.986660711717257191e-06
1.146052628298559658e-06 1.149447088139082688e-06 1.213538219937488811e-06 1.256850512838410826e-06 1.298960067552481115e-06 1.362352843370631134e-06 1.412944629041868688e-06 1.491545863905704868e-06 1.596340860048118733e-06 1.709473137814256549e-06 1.840067100628114583e-06 2.013822593176192381e-06 2.222585815145219575e-06 2.440202817806861458e-06 2.685526708341179640e-06 2.922586262372396460e-06 3.155290080817490243e-06 3.459376867112051357e-06 3.767678138329752939e-06 3.886794861091319988e-06 3.745903409003622313e-06 3.211261295807479430e-06 2.512845929765334457e-06 2.160568901349107025e-06 2.111424103436431712e-06 2.064514880081341073e-06
1.191694689554376144e-06 1.196710505567836071e-06 1.269701641154088016e-06 1.315507805106505060e-06 1.361625499986540626e-06 1.434694018837567468e-06 1.495173634032036230e-06 1.586586840352283855e-06 1.712591182748392689e-06 1.848089184071946216e-06 2.005933360915890402e-06 2.222585815145219575e-06 2.493872947237531940e-06 2.772875655335627117e-06 3.085071545611717794e-06 3.390669730275546687e-06 3.694857657579712748e-06 4.074359001312983907e-06 4.449175661405185215e-06 4.595038419754935664e-06 4.418376687267359751e-06 3.746719729438139172e-06 2.878910355519874154e-06 2.435510600718248504e-06 2.332088857844284540e-06 2.235933649208761897e-06
1.233574197290737738e-06 1.243896247321485538e-06 1.324960623646710936e-06 1.373067643450160820e-06 1.423633834073024333e-06 1.505337876362051293e-06 1.573479525256589364e-06 1.680445760336756809e-06 1.831042346772581084e-06 1.992182573870861207e-06 2.180073996020841460e-06 2.440202817806861458e-06 2.772875655335627117e-06 3.138229625073012626e-06 3.538348368352847435e-06 3.925633313905458085e-06 4.312736034947481179e-06 4.781436710147602316e-06 5.236011279073531221e-06 5.412431227297324589e-06 5.196296682821986339e-06 4.365150820604908631e-06 3.275311108444389338e-06 2.704423047356653554e-06 2.525319534177561943e-06 2.376374960712728286e-06
1.280463701265139733e-06 1.298029823020053058e-06 1.386656831658456728e-06 1.440156090018325085e-06 1.497464942751308639e-06 1.589368149523347942e-06 1.664970358972737071e-06 1.788773025394000139e-06 1.965731972587646491e-06 2.154148325198282063e-06 2.375491320214267382e-06 2.685526708341179640e-06 3.085071545611717794e-06 3.538348368352847435e-06 4.061700604198527240e-06 4.575365566124029430e-06 5.086508170414713382e-06 5.679744066239947058e-06 6.240702005345992410e-06 6.455854788176365170e-06 6.189027458817232452e-06 5.150699571809162856e-06 3.746210784271705264e-06 3.008715824015605209e-06 2.751486312915826997e-06 2.526103405293111316e-06
1.310702058443026453e-06 1.329685722313021486e-06 1.425168995455209273e-06 1.487475050110246281e-06 1.550181400171558342e-06 1.654813014890204530e-06 1.740742175175932036e-06 1.883287718974376044e-06 2.087130351363145873e-06 2.302669733679183836e-06 2.558923058186554529e-06 2.922586262372396460e-06 3.390669730275546687e-06 3.925633313905458085e-06 4.575365566124029430e-06 5.261125713419001690e-06 5.949178679571293221e-06 6.712116395532591387e-06 7.413885353373489001e-06 7.690469788435874248e-06 7.383634802714299236e-06 6.122442529179068309e-06 4.329804022014320797e-06 3.369683994833224052e-06 3.044112100863848729e-06 2.753450022412504783e-06
1.351514143005494548e-06 1.370600371773118126e-06 1.474445250707055511e-06 1.544977309394957051e-06 1.610201695499160711e-06 1.722477310236212593e-06 1.817420469185219833e-06 1.978808597020013868e-06 2.209024803237932213e-06 2.448824247859992268e-06 2.739938947640334198e-06 3.155290080817490243e-06 3.694857657579712748e-06 4.312736034947481179e-06 5.086508170414713382e-06 5.949178679571293221e-06 6.878433664966622361e-06 7.885017477995836811e-06 8.786190611736145934e-06 9.180500646551977952e-06 8.880667198963874544e-06 7.420565985938632263e-06 5.183343953511969243e-06 3.909251711157111749e-06 3.459759173815700692e-06 3.093028945310472874e-06
1.452102791291701523e-06 1.461310601116200543e-06 1.579359907534838635e-06 1.659095728686112240e-06 1.730151141722411611e-06 1.855642398300167435e-06 1.957081507351289775e-06 2.136328926567246412e-06 2.395830551162651046e-06 2.661583678324452518e-06 2.990180151570443521e-06 3.459376867112051357e-06 4.074359001312983907e-06 4.781436710147602316e-06 5.679744066239947058e-06 6.712116395532591387e-06 7.885017477995836811e-06 9.231116893118609801e-06 1.044330031073172306e-05 1.103563582505742512e-05 1.080495226708943192e-05 9.165275594819309059e-06 6.369545263529900568e-06 4.604015780120629721e-06 3.924524218300204405e-06 3.496996132844262817e-06
1.571873072483025706e-06 1.571675266061775154e-06 1.700138528787005876e-06 1.790232383887635127e-06 1.866335777438429232e-06 2.010064526457700494e-06 2.114804186230527854e-06 2.309698671815963394e-06 2.598089604201851061e-06 2.888283925556509510e-06 3.250423028511782744e-06 3.767678138329752939e-06 4.449175661405185215e-06 5.236011279073531221e-06 6.240702005345992410e-06 7.413885353373489001e-06 8.786190611736145934e-06 1.044330031073172306e-05 1.206228268938828149e-05 1.299550124900047699e-05 1.294782501954564947e-05 1.122367917475564979e-05 7.884933339037935655e-06 5.525053158953382552e-06 4.526173820161895389e-06 3.944781197923831934e-06
1.647270258881953352e-06 1.643375405513608853e-06 1.775953190241772898e-06 1.866256068410020606e-06 1.945459852834988454e-06 2.093575411636980648e-06 2.191514522831381956e-06 2.391413426370023257e-06 2.690710323652319758e-06 2.988327905795831231e-06 3.356973487476782001e-06 3.886794861091319988e-06 4.595038419754935664e-06 5.412431227297324589e-06 6.455854788176365170e-06 7.690469788435874248e-06 9.180500646551977952e-06 1.103563582505742512e-05 1.299550124900047699e-05 1.443983250255169941e-05 1.483554060396756287e-05 1.331508988365471882e-05 9.695922640157812996e-06 6.685867940456089097e-06 5.282646771789961963e-06 4.422302951600843038e-06
1.699497599687236228e-06 1.668408443691371174e-06 1.796699368890610382e-06 1.870403822445043618e-06 1.947279445606072670e-06 2.086889097162934862e-06 2.166326309996006933e-06 2.353903608573539124e-06 2.632590089303150070e-06 2.915157389329146380e-06 3.258232283382415785e-06 3.745903409003622313e-06 4.418376687267359751e-06 5.196296682821986339e-06 6.189027458817232452e-06 7.383634802714299236e-06 8.880667198963874544e-06 1.080495226708943192e-05 1.294782501954564947e-05 1.483554060396756287e-05 1.600231140588224141e-05 1.518144474750860584e-05 1.174480648429854268e-05 8.151838311573647331e-06 6.125214317555950476e-06 4.826420760481938023e-06
1.732148254716863705e-06 1.664179544909316766e-06 1.749904034808050997e-06 1.800170561171631721e-06 1.853496425880832284e-06 1.964222671089033271e-06 2.009909583486094579e-06 2.150270663036513440e-06 2.363942165784932617e-06 2.583150686210227377e-06 2.845634663293335529e-06 3.211261295807479430e-06 3.746719729438139172e-06 4.365150820604908631e-06 5.150699571809162856e-06 6.122442529179068309e-06 7.420565985938632263e-06 9.165275594819309059e-06 1.122367917475564979e-05 1.331508988365471882e-05 1.518144474750860584e-05 1.576060246106271841e-05 1.348916599497365214e-05 9.721202174195618700e-06 6.704795628952630401e-06 4.920518874236838256e-06
1.656939600755051354e-06 1.585776760219277880e-06 1.624221632963443186e-06 1.663129207098930245e-06 1.688818426091284276e-06 1.760505031901425652e-06 1.771702828396907361e-06 1.853164620724681879e-06 1.993817504917098501e-06 2.134712601776594476e-06 2.296067143228036786e-06 2.512845929765334457e-06 2.878910355519874154e-06 3.275311108444389338e-06 3.746210784271705264e-06 4.329804022014320797e-06 5.183343953511969243e-06 6.369545263529900568e-06 7.884933339037935655e-06 9.695922640157812996e-06 1.174480648429854268e-05 1.348916599497365214e-05 1.363936848639537258e-05 1.126350099558457909e-05 7.537205654149145551e-06 5.042242963869336039e-06
1.571711893912467905e-06 1.553570685974461117e-06 1.559609625981501483e-06 1.601537468356014095e-06 1.606904620388289061e-06 1.638327970440012098e-06 1.642062500496522287e-06 1.692225601147841644e-06 1.805607129935688757e-06 1.905433420849865321e-06 2.015991250511153966e-06 2.160568901349107025e-06 2.435510600718248504e-06 2.704423047356653554e-06 3.008715824015605209e-06 3.369683994833224052e-06 3.909251711157111749e-06 4.604015780120629721e-06 5.525053158953382552e-06 6.685867940456089097e-06 8.151838311573647331e-06 9.721202174195618700e-06 1.126350099558457909e-05 1.155074615336226099e-05 9.109368568992402319e-06 6.020769627009637604e-06
1.600535323084551555e-06 1.632955181250042877e-06 1.619313219348952894e-06 1.685099101437739205e-06 1.699871229403164971e-06 1.728079181408551724e-06 1.738459222746426875e-06 1.780158326701884047e-06 1.876065860380633479e-06 1.924315552835302838e-06 2.011140329206724502e-06 2.111424103436431712e-06 2.332088857844284540e-06 2.525319534177561943e-06 2.751486312915826997e-06 3.044112100863848729e-06 3.459759173815700692e-06 3.924524218300204405e-06 4.526173820161895389e-06 5.282646771789961963e-06 6.125214317555950476e-06 6.704795628952630401e-06 7.537205654149145551e-06 9.109368568992402319e-06 1.041585209452939025e-05 8.510123571094496805e-06
1.590503158594642622e-06 1.573796293912576857e-06 1.605343992544841055e-06 1.663741321216779152e-06 1.693720466294250244e-06 1.733928361362576582e-06 1.743044744886320850e-06 1.818313397079697352e-06 1.886052944679142563e-06 1.906033177708738949e-06 1.986660711717257191e-06 2.064514880081341073e-06 2.235933649208761897e-06 2.376374960712728286e-06 2.526103405293111316e-06 2.753450022412504783e-06 3.093028945310472874e-06 3.496996132844262817e-06 3.944781197923831934e-06 4.422302951600843038e-06 4.826420760481938023e-06 4.920518874236838256e-06 5.042242963869336039e-06 6.020769627009637604e-06 8.510123571094496805e-06 1.014765135232695300e-05
