6.365318889195647119e-07 5.799673770622241907e-07 6.040216840367733521e-07 5.972487247092997864e-07 5.983272086028747158e-07 6.096299347702269764e-07 6.101156849448527859e-07 6.183966223353335747e-07 6.273438756283311900e-07 6.413908695362407072e-07 6.637163711470821706e-07 6.706892494485475226e-07 6.952083768803605452e-07 7.381863413313349198e-07 7.911127324000810361e-07 8.411548762680757541e-07 9.012224567113907667e-07 9.858943200569082227e-07 1.100967196130555449e-06 1.158569581261682881e-06 1.148872499989509609e-06 1.104908342621253542e-06 9.893199029283228937e-07 9.216713744738483642e-07 8.286374763402975942e-07 7.730871116659961703e-07
5.799673770622241907e-07 6.121185454311529727e-07 6.116629876264582573e-07 6.061473298569302728e-07 6.074794502774238316e-07 6.212223207436065700e-07 6.203206317042176846e-07 6.230262335849111717e-07 6.376089690561009729e-07 6.518112952251428899e-07 6.691495198634989852e-07 6.759568089343176683e-07 6.980588407251131617e-07 7.359021628829339354e-07 7.822478834986866807e-07 8.206151898159454258e-07 8.681659474518997399e-07 9.458100330962788313e-07 1.047511419485969430e-06 1.099734218791314130e-06 1.087256220459416651e-06 1.037979855399083952e-06 9.191317436671488467e-07 8.731023706575992935e-07 8.692762080818155160e-07 8.133633776004902899e-07
6.040216840367733521e-07 6.116629876264582573e-07 6.553774128991298329e-07 6.385460456437560086e-07 6.372831560243661863e-07 6.512644945769080718e-07 6.508475648385194579e-07 6.580444570028705975e-07 6.724398027997599073e-07 6.903993693171950209e-07 7.105334567596333749e-07 7.204655875388998558e-07 7.471128082342595541e-07 7.915225341344996902e-07 8.476383716909493445e-07 8.926233053464428081e-07 9.444004583298634089e-07 1.024621068062796993e-06 1.123611108009650442e-06 1.155520940953701429e-06 1.119592323472659252e-06 1.046615219147657859e-06 9.120944752442997509e-07 8.766541981496405328e-07 8.419349385090500078e-07 8.064093130071566099e-07
5.972487247092997864e-07 6.061473298569302728e-07 6.385460456437560086e-07 6.561596124749627032e-07 6.501920349308452103e-07 6.623722488751816751e-07 6.622823161014095461e-07 6.727329452015063904e-07 6.901833421778786164e-07 7.101610299568654611e-07 7.337456921739497622e-07 7.486537971232696905e-07 7.777075905861966552e-07 8.256015154744329717e-07 8.858450271768170897e-07 9.332653882934748312e-07 9.819841308256031283e-07 1.054964821104510985e-06 1.151955905707799757e-06 1.187988322137693133e-06 1.147647779598195022e-06 1.058175432641550288e-06 9.154212749095212576e-07 8.656998433894705029e-07 8.445445638579465426e-07 8.492298558459415900e-07
5.983272086028747158e-07 6.074794502774238316e-07 6.372831560243661863e-07 6.501920349308452103e-07 6.701263242515777177e-07 6.799806598159867411e-07 6.793698445947768918e-07 6.905981214393468476e-07 7.075407268575121556e-07 7.279592780659546868e-07 7.541827952694210322e-07 7.699263147022386827e-07 8.013646964306155744e-07 8.523227330330966072e-07 9.179905708928935672e-07 9.737789569092663637e-07 1.027455692231426878e-06 1.105085951411317910e-06 1.210481117521100068e-06 1.250108637712262165e-06 1.195773167552583351e-06 1.071134653628836652e-06 8.984117372173569762e-07 8.429534411814353070e-07 8.479202038476640732e-07 8.604723606955950629e-07
6.096299347702269764e-07 6.212223207436065700e-07 6.512644945769080718e-07 6.623722488751816751e-07 6.799806598159867411e-07 7.161543112570186862e-07 7.157771524507149264e-07 7.281936996856944349e-07 7.473409296654795369e-07 7.720211073176437006e-07 8.008276588104594207e-07 8.213314279981404998e-07 8.604428547621651931e-07 9.184450324665028133e-07 9.923608645524255023e-07 1.057564355500870510e-06 1.120357352278861230e-06 1.215707250112712876e-06 1.338416664187030657e-06 1.384683816672010113e-06 1.326336793216552301e-06 1.175463270990613048e-06 9.643875737339163086e-07 8.849462527497274463e-07 9.276539047631320033e-07 9.301555236122051573e-07
6.101156849448527859e-07 6.203206317042176846e-07 6.508475648385194579e-07 6.622823161014095461e-07 6.793698445947768918e-07 7.157771524507149264e-07 7.346445273683066309e-07 7.501779893814595100e-07 7.721839492376783993e-07 8.016902470539863564e-07 8.350620929997465088e-07 8.656822559236754869e-07 9.160121884910196567e-07 9.826191973967923649e-07 1.067776978893038370e-06 1.144696069925770861e-06 1.219539479762967140e-06 1.325260389443446767e-06 1.453792217734127683e-06 1.495385434964552210e-06 1.422404325439100871e-06 1.241422194128053302e-06 9.943443109168559505e-07 9.080091576048720528e-07 9.453893024811950031e-07 9.453530132313632402e-07
6.183966223353335747e-07 6.230262335849111717e-07 6.580444570028705975e-07 6.727329452015063904e-07 6.905981214393468476e-07 7.281936996856944349e-07 7.501779893814595100e-07 7.852519385162399622e-07 8.125712002842063296e-07 8.514775993280208914e-07 8.946072697243090778e-07 9.362286473817436429e-07 9.991926117327672341e-07 1.082249569069916341e-06 1.188277167142687349e-06 1.286922784162474868e-06 1.379066145234588493e-06 1.500416962590244086e-06 1.643541247558867715e-06 1.685249583024823520e-06 1.593231504184627543e-06 1.368564250718387097e-06 1.076553478913580308e-06 9.659009192328330372e-07 9.768883756921472449e-07 9.951857929632280154e-07
6.273438756283311900e-07 6.376089690561009729e-07 6.724398027997599073e-07 6.901833421778786164e-07 7.075407268575121556e-07 7.473409296654795369e-07 7.721839492376783993e-07 8.125712002842063296e-07 8.588076354316242689e-07 9.077968119112409979e-07 9.613796989247904259e-07 1.018214348929616125e-06 1.097515423924772801e-06 1.199524201907075860e-06 1.325546410736199383e-06 1.443643834538471987e-06 1.555622364550737860e-06 1.698701553782829074e-06 1.859852933059304820e-06 1.900705761156905342e-06 1.782757396703884526e-06 1.498138302879176499e-06 1.143216708710793162e-06 1.015420111828690504e-06 1.040751254823856056e-06 1.051129026451108178e-06
6.413908695362407072e-07 6.518112952251428899e-07 6.903993693171950209e-07 7.101610299568654611e-07 7.279592780659546868e-07 7.720211073176437006e-07 8.016902470539863564e-07 8.514775993280208914e-07 9.077968119112409979e-07 9.800491656654128636e-07 1.048154633342036824e-06 1.122540067030066728e-06 1.221112374245143024e-06 1.348371713809713804e-06 1.500725653865859816e-06 1.643704957782768256e-06 1.778178802292806320e-06 1.945902870060584782e-06 2.127279991941481669e-06 2.173640581159843552e-06 2.042541449330564176e-06 1.703503046247652858e-06 1.274836221477065316e-06 1.107158929792736814e-06 1.087043809244564589e-06 1.061826447480994278e-06
6.637163711470821706e-07 6.691495198634989852e-07 7.105334567596333749e-07 7.337456921739497622e-07 7.541827952694210322e-07 8.008276588104594207e-07 8.350620929997465088e-07 8.946072697243090778e-07 9.613796989247904259e-07 1.048154633342036824e-06 1.145724302327970687e-06 1.245483173335966541e-06 1.370754211332791084e-06 1.528246382844425086e-06 1.713421895329227193e-06 1.887702104879529530e-06 2.051708464057311923e-06 2.253083778041568032e-06 2.464297695356954997e-06 2.519877486890304547e-06 2.365035097340756652e-06 1.945418971648971166e-06 1.424110489458849486e-06 1.213546818056569210e-06 1.162021406434753203e-06 1.130308404469155240e-06
6.706892494485475226e-07 6.759568089343176683e-07 7.204655875388998558e-07 7.486537971232696905e-07 7.699263147022386827e-07 8.213314279981404998e-07 8.656822559236754869e-07 9.362286473817436429e-07 1.018214348929616125e-06 1.122540067030066728e-06 1.245483173335966541e-06 1.388953650232132938e-06 1.553687788758862542e-06 1.751838103693018796e-06 1.984930565813549799e-06 2.207065696980473757e-06 2.418824613564906027e-06 2.671855413127813600e-06 2.926315591595742156e-06 2.996171701508554291e-06 2.805681614236208365e-06 2.276646568367024338e-06 1.612725231979653082e-06 1.323504564003934202e-06 1.227386886478582259e-06 1.179931981590000155e-06
6.952083768803605452e-07 6.980588407251131617e-07 7.471128082342595541e-07 7.777075905861966552e-07 8.013646964306155744e-07 8.604428547621651931e-07 9.160121884910196567e-07 9.991926117327672341e-07 1.097515423924772801e-06 1.221112374245143024e-06 1.370754211332791084e-06 1.553687788758862542e-06 1.776676892101670318e-06 2.032843327739763407e-06 2.329261854261010016e-06 2.614151717237080684e-06 2.887581054516060949e-06 3.205888359716696916e-06 3.517341151965032328e-06 3.612185804695675863e-06 3.391374907015524816e-06 2.735918183660154110e-06 1.915378707975584449e-06 1.555602224906311066e-06 1.438410117807089654e-06 1.361012770376472607e-06
7.381863413313349198e-07 7.359021628829339354e-07 7.915225341344996902e-07 8.256015154744329717e-07 8.523227330330966072e-07 9.184450324665028133e-07 9.826191973967923649e-07 1.082249569069916341e-06 1.199524201907075860e-06 1.348371713809713804e-06 1.528246382844425086e-06 1.751838103693018796e-06 2.032843327739763407e-06 2.378169704689113135e-06 2.764840861815679679e-06 3.129647432496921803e-06 3.479682362609679578e-06 3.876671503473623711e-06 4.257107325726010222e-06 4.372664092073250828e-06 4.105296115269043806e-06 3.292727674765639491e-06 2.265058975001398950e-06 1.803360468797788278e-06 1.630624953931586628e-06 1.505247192916799968e-06
7.911127324000810361e-07 7.822478834986866807e-07 8.476383716909493445e-07 8.858450271768170897e-07 9.179905708928935672e-07 9.923608645524255023e-07 1.067776978893038370e-06 1.188277167142687349e-06 1.325546410736199383e-06 1.500725653865859816e-06 1.713421895329227193e-06 1.984930565813549799e-06 2.329261854261010016e-06 2.764840861815679679e-06 3.283809301967467454e-06 3.773672247687697355e-06 4.246647567976519292e-06 4.773419628518449760e-06 5.267126646545876556e-06 5.427952875529567331e-06 5.118732035013484831e-06 4.104894818783481673e-06 2.759778922179644479e-06 2.125849992456484814e-06 1.867489282739687183e-06 1.670919537480448097e-06
8.411548762680757541e-07 8.206151898159454258e-07 8.926233053464428081e-07 9.332653882934748312e-07 9.737789569092663637e-07 1.057564355500870510e-06 1.144696069925770861e-06 1.286922784162474868e-06 1.443643834538471987e-06 1.643704957782768256e-06 1.887702104879529530e-06 2.207065696980473757e-06 2.614151717237080684e-06 3.129647432496921803e-06 3.773672247687697355e-06 4.422394591897945313e-06 5.056522495591622619e-06 5.747275906076107250e-06 6.380484806042063113e-06 6.600893395040250638e-06 6.257934123894233913e-06 5.022171519444638599e-06 3.294347007112266916e-06 2.441863301174818746e-06 2.130197454251933677e-06 1.890457005257598962e-06
9.012224567113907667e-07 8.681659474518997399e-07 9.444004583298634089e-07 9.819841308256031283e-07 1.027455692231426878e-06 1.120357352278861230e-06 1.219539479762967140e-06 1.379066145234588493e-06 1.555622364550737860e-06 1.778178802292806320e-06 2.051708464057311923e-06 2.418824613564906027e-06 2.887581054516060949e-06 3.479682362609679578e-06 4.246647567976519292e-06 5.056522495591622619e-06 5.906113024469561081e-06 6.822289433060200313e-06 7.644420418614892746e-06 7.968984270725720218e-06 7.624876249691123160e-06 6.181577724282748397e-06 4.010481942587028461e-06 2.868281608261920708e-06 2.470100589765641752e-06 2.193250659965876418e-06
9.858943200569082227e-07 9.458100330962788313e-07 1.024621068062796993e-06 1.054964821104510985e-06 1.105085951411317910e-06 1.215707250112712876e-06 1.325260389443446767e-06 1.500416962590244086e-06 1.698701553782829074e-06 1.945902870060584782e-06 2.253083778041568032e-06 2.671855413127813600e-06 3.205888359716696916e-06 3.876671503473623711e-06 4.773419628518449760e-06 5.747275906076107250e-06 6.822289433060200313e-06 8.059709967568442479e-06 9.176498405185175140e-06 9.687643997928252864e-06 9.420859501954937564e-06 7.809560944812375259e-06 5.108929706201849951e-06 3.511106907368593059e-06 2.905020644850534644e-06 2.585123546928444780e-06
1.100967196130555449e-06 1.047511419485969430e-06 1.123611108009650442e-06 1.151955905707799757e-06 1.210481117521100068e-06 1.338416664187030657e-06 1.453792217734127683e-06 1.643541247558867715e-06 1.859852933059304820e-06 2.127279991941481669e-06 2.464297695356954997e-06 2.926315591595742156e-06 3.517341151965032328e-06 4.257107325726010222e-06 5.267126646545876556e-06 6.380484806042063113e-06 7.644420418614892746e-06 9.176498405185175140e-06 1.068713074171594374e-05 1.152791529748636981e-05 1.144022565036204882e-05 9.748309302234749657e-06 6.533907047709606162e-06 4.389198570554624412e-06 3.496511089058879583e-06 3.035972597945895924e-06
1.158569581261682881e-06 1.099734218791314130e-06 1.155520940953701429e-06 1.187988322137693133e-06 1.250108637712262165e-06 1.384683816672010113e-06 1.495385434964552210e-06 1.685249583024823520e-06 1.900705761156905342e-06 2.173640581159843552e-06 2.519877486890304547e-06 2.996171701508554291e-06 3.612185804695675863e-06 4.372664092073250828e-06 5.427952875529567331e-06 6.600893395040250638e-06 7.968984270725720218e-06 9.687643997928252864e-06 1.152791529748636981e-05 1.286075852432158587e-05 1.320580295580562370e-05 1.171941758627670536e-05 8.251487915093521754e-06 5.488530097469323447e-06 4.213364425478599226e-06 3.498729674022352271e-06
1.148872499989509609e-06 1.087256220459416651e-06 1.119592323472659252e-06 1.147647779598195022e-06 1.195773167552583351e-06 1.326336793216552301e-06 1.422404325439100871e-06 1.593231504184627543e-06 1.782757396703884526e-06 2.042541449330564176e-06 2.365035097340756652e-06 2.805681614236208365e-06 3.391374907015524816e-06 4.105296115269043806e-06 5.118732035013484831e-06 6.257934123894233913e-06 7.624876249691123160e-06 9.420859501954937564e-06 1.144022565036204882e-05 1.320580295580562370e-05 1.432880160917575525e-05 1.355578026711942273e-05 1.027692315102419003e-05 6.948595660150871586e-06 5.073763985657511584e-06 3.941885959290920137e-06
1.104908342621253542e-06 1.037979855399083952e-06 1.046615219147657859e-06 1.058175432641550288e-06 1.071134653628836652e-06 1.175463270990613048e-06 1.241422194128053302e-06 1.368564250718387097e-06 1.498138302879176499e-06 1.703503046247652858e-06 1.945418971648971166e-06 2.276646568367024338e-06 2.735918183660154110e-06 3.292727674765639491e-06 4.104894818783481673e-06 5.022171519444638599e-06 6.181577724282748397e-06 7.809560944812375259e-06 9.748309302234749657e-06 1.171941758627670536e-05 1.355578026711942273e-05 1.414922476885601324e-05 1.202321558397886920e-05 8.543538474404720006e-06 5.708019957117063022e-06 4.118603357736838245e-06
9.893199029283228937e-07 9.191317436671488467e-07 9.120944752442997509e-07 9.154212749095212576e-07 8.984117372173569762e-07 9.643875737339163086e-07 9.943443109168559505e-07 1.076553478913580308e-06 1.143216708710793162e-06 1.274836221477065316e-06 1.424110489458849486e-06 1.612725231979653082e-06 1.915378707975584449e-06 2.265058975001398950e-06 2.759778922179644479e-06 3.294347007112266916e-06 4.010481942587028461e-06 5.108929706201849951e-06 6.533907047709606162e-06 8.251487915093521754e-06 1.027692315102419003e-05 1.202321558397886920e-05 1.230305852812973782e-05 1.020244039806730454e-05 6.666515652961647582e-06 4.348355423438538949e-06
9.216713744738483642e-07 8.731023706575992935e-07 8.766541981496405328e-07 8.656998433894705029e-07 8.429534411814353070e-07 8.849462527497274463e-07 9.080091576048720528e-07 9.659009192328330372e-07 1.015420111828690504e-06 1.107158929792736814e-06 1.213546818056569210e-06 1.323504564003934202e-06 1.555602224906311066e-06 1.803360468797788278e-06 2.125849992456484814e-06 2.441863301174818746e-06 2.868281608261920708e-06 3.511106907368593059e-06 4.389198570554624412e-06 5.488530097469323447e-06 6.948595660150871586e-06 8.543538474404720006e-06 1.020244039806730454e-05 1.068089951655393247e-05 8.385284497071237995e-06 5.430085078746051565e-06
8.286374763402975942e-07 8.692762080818155160e-07 8.419349385090500078e-07 8.445445638579465426e-07 8.479202038476640732e-07 9.276539047631320033e-07 9.453893024811950031e-07 9.768883756921472449e-07 1.040751254823856056e-06 1.087043809244564589e-06 1.162021406434753203e-06 1.227386886478582259e-06 1.438410117807089654e-06 1.630624953931586628e-06 1.867489282739687183e-06 2.130197454251933677e-06 2.470100589765641752e-06 2.905020644850534644e-06 3.496511089058879583e-06 4.213364425478599226e-06 5.073763985657511584e-06 5.708019957117063022e-06 6.666515652961647582e-06 8.385284497071237995e-06 9.734717792910633585e-06 7.897826051856732913e-06
7.730871116659961703e-07 8.133633776004902899e-07 8.064093130071566099e-07 8.492298558459415900e-07 8.604723606955950629e-07 9.301555236122051573e-07 9.453530132313632402e-07 9.951857929632280154e-07 1.051129026451108178e-06 1.061826447480994278e-06 1.130308404469155240e-06 1.179931981590000155e-06 1.361012770376472607e-06 1.505247192916799968e-06 1.670919537480448097e-06 1.890457005257598962e-06 2.193250659965876418e-06 2.585123546928444780e-06 3.035972597945895924e-06 3.498729674022352271e-06 3.941885959290920137e-06 4.118603357736838245e-06 4.348355423438538949e-06 5.430085078746051565e-06 7.897826051856732913e-06 9.519246113015605886e-06
