1.031276016026112763e-06 9.503007432927575372e-07 9.342872965365347781e-07 9.495241074493887416e-07 9.258655988053941158e-07 9.365455514139676726e-07 9.310092824168992003e-07 9.248545015996375415e-07 9.163818292958037788e-07 9.088435707037640580e-07 9.035831500576314734e-07 9.103495850477087857e-07 8.938996089333951408e-07 8.808177084717460723e-07 8.724359673278709199e-07 8.811764052719986794e-07 9.039307987758808609e-07 8.959719289897295185e-07 8.651137904248590533e-07 8.817280936052794861e-07 8.888179516695128073e-07 8.823889248336062739e-07 8.692564909529911730e-07 9.325386582981421642e-07 1.013576586138617899e-06 9.253533541715650955e-07
9.503007432927575372e-07 9.930419984601156542e-07 9.369392924113455600e-07 9.519653602738185115e-07 9.302852658434827446e-07 9.338398348276214233e-07 9.251229396603116631e-07 9.233898136109470989e-07 9.131277510199421922e-07 9.037626614686935107e-07 9.020004834589999101e-07 9.024814021455199648e-07 8.836820986286792581e-07 8.611079481846204994e-07 8.554713147056738672e-07 8.571012033644588368e-07 8.672139564223122558e-07 8.565878287420928494e-07 8.549511311189211386e-07 9.032393602415405915e-07 9.277922836832638863e-07 9.413597096072764168e-07 9.258283335876097981e-07 9.417485931395207297e-07 9.812041867064699100e-07 8.891056603357460511e-07
9.342872965365347781e-07 9.369392924113455600e-07 9.642335830669020236e-07 9.592361499141249566e-07 9.370614139344559507e-07 9.360332695589524869e-07 9.292789158636022901e-07 9.221544769722908754e-07 9.168440846564632275e-07 9.055987763646552704e-07 9.027393024310083790e-07 8.999962301345898775e-07 8.821588202021320387e-07 8.638415168797481439e-07 8.600150055199272793e-07 8.643029680370459356e-07 8.763146058987869966e-07 8.689101717266149332e-07 8.573971996580010728e-07 8.867871218816461022e-07 9.063459203025379699e-07 9.118209756082561177e-07 8.966356349683227765e-07 9.250079409226513250e-07 9.614549573112174859e-07 8.722017811278685074e-07
9.495241074493887416e-07 9.519653602738185115e-07 9.592361499141249566e-07 1.007742856330123395e-06 9.745610689877644763e-07 9.733213695696558880e-07 9.642776168335665368e-07 9.626343401999916307e-07 9.575650332017946404e-07 9.476736127421587689e-07 9.440324761541052026e-07 9.431882090576886930e-07 9.296663212468668867e-07 9.124205884532069662e-07 9.090101588510269217e-07 9.106568185728843559e-07 9.097706769227262369e-07 8.839590634720491037e-07 8.562327630909261302e-07 8.855179153423350474e-07 8.968518770398817721e-07 9.012116765394444198e-07 9.093547281679665524e-07 9.510925194877883352e-07 9.840029880867353893e-07 9.033569109040432128e-07
9.258655988053941158e-07 9.302852658434827446e-07 9.370614139344559507e-07 9.745610689877644763e-07 9.757994304322714985e-07 9.691767264390585048e-07 9.670012913750042908e-07 9.634058774672024046e-07 9.591266022840325888e-07 9.536651096482875007e-07 9.541588915341851028e-07 9.596378269883098744e-07 9.492270554909276384e-07 9.363568240177164568e-07 9.334927468717491420e-07 9.379266063514706091e-07 9.408268921103879706e-07 9.189334847896398171e-07 8.998502992698429656e-07 9.348471383259689079e-07 9.401446240624087437e-07 9.321989983147809626e-07 9.233486337001790705e-07 9.552071856207949942e-07 9.792092169816305653e-07 8.944089877001261514e-07
9.365455514139676726e-07 9.338398348276214233e-07 9.360332695589524869e-07 9.733213695696558880e-07 9.691767264390585048e-07 9.921670174250198530e-07 9.862220238358107458e-07 9.811089182212447622e-07 9.752208575882689930e-07 9.685734512469114493e-07 9.738706287957483578e-07 9.801962936325387431e-07 9.717095544559037121e-07 9.591641646580362704e-07 9.548082141043448154e-07 9.577721423117014747e-07 9.612302785776399827e-07 9.422822469993913433e-07 9.187407344587240821e-07 9.454411447076841110e-07 9.476009560910610334e-07 9.359224686190489323e-07 9.325663034933299100e-07 9.597000717637243356e-07 9.812846010153433372e-07 9.078187978247587493e-07
9.310092824168992003e-07 9.251229396603116631e-07 9.292789158636022901e-07 9.642776168335665368e-07 9.670012913750042908e-07 9.862220238358107458e-07 1.001280335445816073e-06 9.945322438006508353e-07 9.909152106409769596e-07 9.883708738809246868e-07 9.953082674663641086e-07 1.006786066233811270e-06 1.000684975722882513e-06 9.930075942864378264e-07 9.903850219901205893e-07 9.987032025634408482e-07 1.009249431303940900e-06 9.942839435753888886e-07 9.745311942904001857e-07 1.003790883240705261e-06 9.916486889012042721e-07 9.533824804178131106e-07 9.312377928383504926e-07 9.564967794301505789e-07 9.848556372598821967e-07 9.118737993828477107e-07
9.248545015996375415e-07 9.233898136109470989e-07 9.221544769722908754e-07 9.626343401999916307e-07 9.634058774672024046e-07 9.811089182212447622e-07 9.945322438006508353e-07 1.017328069808389453e-06 1.014745393361931694e-06 1.013260134790444918e-06 1.025172549205909682e-06 1.037174976125177984e-06 1.032977021652250385e-06 1.028409793983757855e-06 1.028514401248032442e-06 1.039103277681719919e-06 1.051082192444239952e-06 1.041815213604331267e-06 1.025871020031692487e-06 1.053397144319516034e-06 1.038224282777132675e-06 9.937685903838654896e-07 9.631256465899946626e-07 9.793537718803067432e-07 9.812417664300628912e-07 9.189142961168391760e-07
9.163818292958037788e-07 9.131277510199421922e-07 9.168440846564632275e-07 9.575650332017946404e-07 9.591266022840325888e-07 9.752208575882689930e-07 9.909152106409769596e-07 1.014745393361931694e-06 1.032709658289224023e-06 1.035879247264481065e-06 1.050322610066850582e-06 1.066971890686588818e-06 1.067433057260885190e-06 1.065918347154147282e-06 1.071449949213351773e-06 1.089958888664994863e-06 1.108319382643888449e-06 1.104434172699011654e-06 1.091014556948970487e-06 1.122261685226753966e-06 1.109168973786101955e-06 1.063367750539571174e-06 1.028552481508739088e-06 1.039028631651040870e-06 1.024334348488718275e-06 9.617188499866323601e-07
9.088435707037640580e-07 9.037626614686935107e-07 9.055987763646552704e-07 9.476736127421587689e-07 9.536651096482875007e-07 9.685734512469114493e-07 9.883708738809246868e-07 1.013260134790444918e-06 1.035879247264481065e-06 1.058228163983198867e-06 1.078782682387027370e-06 1.100901608193447530e-06 1.108036887256399730e-06 1.115907088708487225e-06 1.130901987835623152e-06 1.156508738634588613e-06 1.181974303616296018e-06 1.187183494822681057e-06 1.173244205368112257e-06 1.201210827616991957e-06 1.177947565506634379e-06 1.102280374858097925e-06 1.047816060549225239e-06 1.061649048006404808e-06 1.055034604548614998e-06 1.007931982159060813e-06
9.035831500576314734e-07 9.020004834589999101e-07 9.027393024310083790e-07 9.440324761541052026e-07 9.541588915341851028e-07 9.738706287957483578e-07 9.953082674663641086e-07 1.025172549205909682e-06 1.050322610066850582e-06 1.078782682387027370e-06 1.121908805892687254e-06 1.156387271423697045e-06 1.171455585458537535e-06 1.187553003830474887e-06 1.206347551426100992e-06 1.237874471830678937e-06 1.272887954383102468e-06 1.288839873120741325e-06 1.283971221332290401e-06 1.318159264065332044e-06 1.289216289034980963e-06 1.184542548278434364e-06 1.103899528131388482e-06 1.093570033162725860e-06 1.067427078098690891e-06 1.016067843877510281e-06
9.103495850477087857e-07 9.024814021455199648e-07 8.999962301345898775e-07 9.431882090576886930e-07 9.596378269883098744e-07 9.801962936325387431e-07 1.006786066233811270e-06 1.037174976125177984e-06 1.066971890686588818e-06 1.100901608193447530e-06 1.156387271423697045e-06 1.220239174498959575e-06 1.254440365003280561e-06 1.288331024595995151e-06 1.321632469203113755e-06 1.368670814012046424e-06 1.416607679672098967e-06 1.441583211381010107e-06 1.441114276382019024e-06 1.477973944816273375e-06 1.440434253268475203e-06 1.297330769645643209e-06 1.193705078452825613e-06 1.177831745416803985e-06 1.132615902291027866e-06 1.046762652933169974e-06
8.938996089333951408e-07 8.836820986286792581e-07 8.821588202021320387e-07 9.296663212468668867e-07 9.492270554909276384e-07 9.717095544559037121e-07 1.000684975722882513e-06 1.032977021652250385e-06 1.067433057260885190e-06 1.108036887256399730e-06 1.171455585458537535e-06 1.254440365003280561e-06 1.324198228294225672e-06 1.384354966934909379e-06 1.439158042650770088e-06 1.503347526081694525e-06 1.563934304168412065e-06 1.598222115798812920e-06 1.601531548647791659e-06 1.643258775807725393e-06 1.600737541660016860e-06 1.427593123021681754e-06 1.304889739276965731e-06 1.283289104918627061e-06 1.209172538678419090e-06 1.109626982183891887e-06
8.808177084717460723e-07 8.611079481846204994e-07 8.638415168797481439e-07 9.124205884532069662e-07 9.363568240177164568e-07 9.591641646580362704e-07 9.930075942864378264e-07 1.028409793983757855e-06 1.065918347154147282e-06 1.115907088708487225e-06 1.187553003830474887e-06 1.288331024595995151e-06 1.384354966934909379e-06 1.487449618670598035e-06 1.576737537234636155e-06 1.667985668120178574e-06 1.751264176430274030e-06 1.806077699451051451e-06 1.820537006704794265e-06 1.867507206944954827e-06 1.810285860675315874e-06 1.588544981027850574e-06 1.421860474074549990e-06 1.389881769285624870e-06 1.287344249787059461e-06 1.171902155867828705e-06
8.724359673278709199e-07 8.554713147056738672e-07 8.600150055199272793e-07 9.090101588510269217e-07 9.334927468717491420e-07 9.548082141043448154e-07 9.903850219901205893e-07 1.028514401248032442e-06 1.071449949213351773e-06 1.130901987835623152e-06 1.206347551426100992e-06 1.321632469203113755e-06 1.439158042650770088e-06 1.576737537234636155e-06 1.718669909083085420e-06 1.852471944955901802e-06 1.968813079547156401e-06 2.054058895106067186e-06 2.085867302881085772e-06 2.138276588240410097e-06 2.066035115402675868e-06 1.783858431644069308e-06 1.539189336107433087e-06 1.489299650514659630e-06 1.371820617760167892e-06 1.226180090384467190e-06
8.811764052719986794e-07 8.571012033644588368e-07 8.643029680370459356e-07 9.106568185728843559e-07 9.379266063514706091e-07 9.577721423117014747e-07 9.987032025634408482e-07 1.039103277681719919e-06 1.089958888664994863e-06 1.156508738634588613e-06 1.237874471830678937e-06 1.368670814012046424e-06 1.503347526081694525e-06 1.667985668120178574e-06 1.852471944955901802e-06 2.057455709527306333e-06 2.237518326935475419e-06 2.369944975643851077e-06 2.430733427718878238e-06 2.502693847066225699e-06 2.424019292406088026e-06 2.073579689560434109e-06 1.714276810233852447e-06 1.637072306348930440e-06 1.508292582546899539e-06 1.319926626897077008e-06
9.039307987758808609e-07 8.672139564223122558e-07 8.763146058987869966e-07 9.097706769227262369e-07 9.408268921103879706e-07 9.612302785776399827e-07 1.009249431303940900e-06 1.051082192444239952e-06 1.108319382643888449e-06 1.181974303616296018e-06 1.272887954383102468e-06 1.416607679672098967e-06 1.563934304168412065e-06 1.751264176430274030e-06 1.968813079547156401e-06 2.237518326935475419e-06 2.524730008886606491e-06 2.749523541038263708e-06 2.868174733258965980e-06 2.976595103653644456e-06 2.889386474981641817e-06 2.459324300336067478e-06 1.940137966569665802e-06 1.801636333476877449e-06 1.659127513750930798e-06 1.408631939856404176e-06
8.959719289897295185e-07 8.565878287420928494e-07 8.689101717266149332e-07 8.839590634720491037e-07 9.189334847896398171e-07 9.422822469993913433e-07 9.942839435753888886e-07 1.041815213604331267e-06 1.104434172699011654e-06 1.187183494822681057e-06 1.288839873120741325e-06 1.441583211381010107e-06 1.598222115798812920e-06 1.806077699451051451e-06 2.054058895106067186e-06 2.369944975643851077e-06 2.749523541038263708e-06 3.117563453013104768e-06 3.353571321223052580e-06 3.533513883083440571e-06 3.455820289951554511e-06 2.969503389450918433e-06 2.263111133737755136e-06 2.035988261070965003e-06 1.897829273215863016e-06 1.584503824126665024e-06
8.651137904248590533e-07 8.549511311189211386e-07 8.573971996580010728e-07 8.562327630909261302e-07 8.998502992698429656e-07 9.187407344587240821e-07 9.745311942904001857e-07 1.025871020031692487e-06 1.091014556948970487e-06 1.173244205368112257e-06 1.283971221332290401e-06 1.441114276382019024e-06 1.601531548647791659e-06 1.820537006704794265e-06 2.085867302881085772e-06 2.430733427718878238e-06 2.868174733258965980e-06 3.353571321223052580e-06 3.768302131678079297e-06 4.097706225597235931e-06 4.086654007024773073e-06 3.616340548100389205e-06 2.749756309485443190e-06 2.373360229450250582e-06 2.209379185508762462e-06 1.811669531227300936e-06
8.817280936052794861e-07 9.032393602415405915e-07 8.867871218816461022e-07 8.855179153423350474e-07 9.348471383259689079e-07 9.454411447076841110e-07 1.003790883240705261e-06 1.053397144319516034e-06 1.122261685226753966e-06 1.201210827616991957e-06 1.318159264065332044e-06 1.477973944816273375e-06 1.643258775807725393e-06 1.867507206944954827e-06 2.138276588240410097e-06 2.502693847066225699e-06 2.976595103653644456e-06 3.533513883083440571e-06 4.097706225597235931e-06 4.680856232317955831e-06 4.847280241340196336e-06 4.488940374237481404e-06 3.484074163828901151e-06 2.847214464646675334e-06 2.604214593114138413e-06 2.182264303231805018e-06
8.888179516695128073e-07 9.277922836832638863e-07 9.063459203025379699e-07 8.968518770398817721e-07 9.401446240624087437e-07 9.476009560910610334e-07 9.916486889012042721e-07 1.038224282777132675e-06 1.109168973786101955e-06 1.177947565506634379e-06 1.289216289034980963e-06 1.440434253268475203e-06 1.600737541660016860e-06 1.810285860675315874e-06 2.066035115402675868e-06 2.424019292406088026e-06 2.889386474981641817e-06 3.455820289951554511e-06 4.086654007024773073e-06 4.847280241340196336e-06 5.326119808385389392e-06 5.245548219304071813e-06 4.293974703201119631e-06 3.427701347089618770e-06 2.967598042895416385e-06 2.495324441384127849e-06
8.823889248336062739e-07 9.413597096072764168e-07 9.118209756082561177e-07 9.012116765394444198e-07 9.321989983147809626e-07 9.359224686190489323e-07 9.533824804178131106e-07 9.937685903838654896e-07 1.063367750539571174e-06 1.102280374858097925e-06 1.184542548278434364e-06 1.297330769645643209e-06 1.427593123021681754e-06 1.588544981027850574e-06 1.783858431644069308e-06 2.073579689560434109e-06 2.459324300336067478e-06 2.969503389450918433e-06 3.616340548100389205e-06 4.488940374237481404e-06 5.245548219304071813e-06 5.707595822151317864e-06 5.134681770712031869e-06 4.149848435561774380e-06 3.430700599639944599e-06 2.864995852591684575e-06
8.692564909529911730e-07 9.258283335876097981e-07 8.966356349683227765e-07 9.093547281679665524e-07 9.233486337001790705e-07 9.325663034933299100e-07 9.312377928383504926e-07 9.631256465899946626e-07 1.028552481508739088e-06 1.047816060549225239e-06 1.103899528131388482e-06 1.193705078452825613e-06 1.304889739276965731e-06 1.421860474074549990e-06 1.539189336107433087e-06 1.714276810233852447e-06 1.940137966569665802e-06 2.263111133737755136e-06 2.749756309485443190e-06 3.484074163828901151e-06 4.293974703201119631e-06 5.134681770712031869e-06 5.382295344865790663e-06 4.753618805820440379e-06 3.778067078359635039e-06 3.022705964704702100e-06
9.325386582981421642e-07 9.417485931395207297e-07 9.250079409226513250e-07 9.510925194877883352e-07 9.552071856207949942e-07 9.597000717637243356e-07 9.564967794301505789e-07 9.793537718803067432e-07 1.039028631651040870e-06 1.061649048006404808e-06 1.093570033162725860e-06 1.177831745416803985e-06 1.283289104918627061e-06 1.389881769285624870e-06 1.489299650514659630e-06 1.637072306348930440e-06 1.801636333476877449e-06 2.035988261070965003e-06 2.373360229450250582e-06 2.847214464646675334e-06 3.427701347089618770e-06 4.149848435561774380e-06 4.753618805820440379e-06 5.073766217073345621e-06 4.505490735654987132e-06 3.433315894748869951e-06
1.013576586138617899e-06 9.812041867064699100e-07 9.614549573112174859e-07 9.840029880867353893e-07 9.792092169816305653e-07 9.812846010153433372e-07 9.848556372598821967e-07 9.812417664300628912e-07 1.024334348488718275e-06 1.055034604548614998e-06 1.067427078098690891e-06 1.132615902291027866e-06 1.209172538678419090e-06 1.287344249787059461e-06 1.371820617760167892e-06 1.508292582546899539e-06 1.659127513750930798e-06 1.897829273215863016e-06 2.209379185508762462e-06 2.604214593114138413e-06 2.967598042895416385e-06 3.430700599639944599e-06 3.778067078359635039e-06 4.505490735654987132e-06 5.035962053606004673e-06 4.104578769124878080e-06
9.253533541715650955e-07 8.891056603357460511e-07 8.722017811278685074e-07 9.033569109040432128e-07 8.944089877001261514e-07 9.078187978247587493e-07 9.118737993828477107e-07 9.189142961168391760e-07 9.617188499866323601e-07 1.007931982159060813e-06 1.016067843877510281e-06 1.046762652933169974e-06 1.109626982183891887e-06 1.171902155867828705e-06 1.226180090384467190e-06 1.319926626897077008e-06 1.408631939856404176e-06 1.584503824126665024e-06 1.811669531227300936e-06 2.182264303231805018e-06 2.495324441384127849e-06 2.864995852591684575e-06 3.022705964704702100e-06 3.433315894748869951e-06 4.104578769124878080e-06 4.347487226614305904e-06
