5.903071010663105191e-07 5.312306504150265582e-07 5.103392644817445156e-07 4.993840468947831342e-07 4.980174501240946907e-07 4.969283426611216671e-07 4.874305809315442342e-07 4.802209935421670460e-07 4.780285635838120341e-07 4.723474239945985144e-07 4.690973664514440623e-07 4.710710217471266222e-07 4.761183123795079461e-07 4.596197415675660159e-07 4.430316738442875525e-07 4.210220678818680519e-07 4.092720590458780202e-07 4.143828960657595142e-07 4.627669203287346564e-07 4.878362137704747015e-07 5.238020091051581350e-07 4.578981202743720243e-07 3.914501685459847872e-07 3.032097508813003199e-07 2.657486842653034227e-07 3.049153998267834525e-07
5.312306504150265582e-07 5.732574707300140422e-07 5.217975047008059163e-07 5.147266019238582624e-07 5.101791330538283197e-07 5.025619307127752950e-07 4.864659628653003818e-07 4.764706167027176331e-07 4.722482273047210400e-07 4.653999294323708587e-07 4.620024537086636423e-07 4.618256580266871221e-07 4.654556715472558707e-07 4.503016647764287838e-07 4.325603722522444294e-07 4.178785334127596905e-07 4.099630519393508592e-07 4.214812969786548552e-07 4.763901804099942385e-07 5.103202109001779653e-07 5.348820953408487169e-07 4.480999535927013892e-07 3.479901837051685969e-07 2.432405684776196397e-07 2.393131297207100121e-07 3.052276929313570686e-07
5.103392644817445156e-07 5.217975047008059163e-07 5.442655894581041402e-07 5.239787899473267423e-07 5.183657966088438932e-07 5.144973073169596030e-07 4.996174560582872549e-07 4.939779596404084065e-07 4.904873158883806963e-07 4.851495414794119156e-07 4.880088787364147259e-07 4.936214079227888915e-07 5.037625500564389084e-07 4.958090368608402604e-07 4.909558903235679792e-07 4.830448909788782510e-07 4.766826931226960368e-07 4.819735855733994849e-07 5.387467300002690653e-07 5.756471118664047481e-07 5.870095158828869530e-07 4.765041375069249565e-07 3.570065983838370426e-07 2.279133907218416060e-07 2.328123191636128043e-07 3.180790734698965293e-07
4.993840468947831342e-07 5.147266019238582624e-07 5.239787899473267423e-07 5.511344937918560352e-07 5.312130977743609760e-07 5.251519859458563489e-07 5.112449079696126203e-07 5.044861361418376775e-07 5.036020876002926566e-07 5.014983318042272552e-07 5.016168420700673002e-07 5.066770392354229483e-07 5.196787411679815006e-07 5.157077424829507822e-07 5.134948534453797731e-07 5.080266133899333371e-07 5.066707859024803184e-07 5.189420432693001093e-07 5.680416441315108426e-07 5.864141527357478476e-07 5.798044592037416183e-07 4.422207038323533446e-07 3.223169057541169135e-07 2.304374911433337458e-07 2.112971535495927901e-07 3.033439626999485752e-07
4.980174501240946907e-07 5.101791330538283197e-07 5.183657966088438932e-07 5.312130977743609760e-07 5.447852633862236961e-07 5.337000019481074548e-07 5.230968263781077185e-07 5.180471758450315998e-07 5.197926221013121349e-07 5.209737920586539381e-07 5.250522526561377372e-07 5.328102344781403244e-07 5.470807229889243839e-07 5.458184610547461504e-07 5.517956236763522702e-07 5.566280509607934913e-07 5.646656797389817011e-07 5.819663294126886798e-07 6.356588563555887144e-07 6.609668544479122319e-07 6.483603868111277376e-07 4.837608124406326465e-07 3.313000821402280399e-07 2.186503960470598499e-07 2.336148726363699538e-07 3.312973872782027896e-07
4.969283426611216671e-07 5.025619307127752950e-07 5.144973073169596030e-07 5.251519859458563489e-07 5.337000019481074548e-07 5.500948236863994982e-07 5.376784321550773968e-07 5.370291749416564338e-07 5.406627050730073487e-07 5.431554951787080347e-07 5.486025811226812555e-07 5.568140324611179429e-07 5.722549370304397381e-07 5.709457691938117446e-07 5.783042650777640268e-07 5.859400443473456249e-07 5.959143106313276539e-07 6.132178475821134997e-07 6.670498497678442761e-07 6.884892435936298060e-07 6.679335106324983482e-07 4.985878372509938702e-07 3.428329544218551529e-07 2.447674601367497487e-07 2.599182264155227964e-07 3.529952423502344618e-07
4.874305809315442342e-07 4.864659628653003818e-07 4.996174560582872549e-07 5.112449079696126203e-07 5.230968263781077185e-07 5.376784321550773968e-07 5.492268995541955813e-07 5.502054338958949476e-07 5.568024430797738583e-07 5.610054469536638767e-07 5.691289935639434336e-07 5.797378631578975878e-07 5.992348195277306534e-07 6.016967725954753169e-07 6.149708248502069699e-07 6.257111551619296346e-07 6.397974104429834347e-07 6.611567136519687903e-07 7.157253435495559408e-07 7.378801289633608274e-07 7.150986444715613426e-07 5.327104132396589458e-07 3.577651610983598244e-07 2.363295835143117041e-07 2.529055111051909318e-07 3.467980167587539672e-07
4.802209935421670460e-07 4.764706167027176331e-07 4.939779596404084065e-07 5.044861361418376775e-07 5.180471758450315998e-07 5.370291749416564338e-07 5.502054338958949476e-07 5.736156222908274105e-07 5.828159531052360192e-07 5.913633658395977450e-07 6.037837530733190455e-07 6.193618812302729503e-07 6.441252865353254952e-07 6.518673118521872086e-07 6.753664834806419563e-07 6.961427590555613260e-07 7.211902948130126322e-07 7.552142788709689383e-07 8.135265591217677802e-07 8.323339240465277144e-07 7.882560354038075081e-07 5.748361459784532024e-07 3.701906113615918547e-07 2.387002091833884072e-07 2.486562665550034217e-07 3.594463204541648760e-07
4.780285635838120341e-07 4.722482273047210400e-07 4.904873158883806963e-07 5.036020876002926566e-07 5.197926221013121349e-07 5.406627050730073487e-07 5.568024430797738583e-07 5.828159531052360192e-07 6.095504746381496207e-07 6.240494255446194326e-07 6.390618752975931991e-07 6.583199750954460515e-07 6.868908798023542795e-07 6.977217691257056070e-07 7.271986169527710965e-07 7.556601723833498206e-07 7.831629116167454456e-07 8.201110025254839787e-07 8.778666640904092071e-07 8.882355477861542655e-07 8.254876840412767411e-07 5.840498176686628599e-07 3.565880259983927334e-07 2.358583046151942172e-07 2.548075956301917196e-07 3.901183410881071157e-07
4.723474239945985144e-07 4.653999294323708587e-07 4.851495414794119156e-07 5.014983318042272552e-07 5.209737920586539381e-07 5.431554951787080347e-07 5.610054469536638767e-07 5.913633658395977450e-07 6.240494255446194326e-07 6.588600354756417492e-07 6.823517543119229819e-07 7.104141142691798323e-07 7.480589834578442371e-07 7.696099174767145738e-07 8.116011008228907693e-07 8.524095202523019984e-07 8.925817643296858257e-07 9.434238439948748496e-07 1.011268574809803405e-06 1.021734495715063286e-06 9.469883788359760743e-07 6.685391438848461303e-07 3.962693140330890117e-07 2.491489629514432287e-07 2.498999147969186533e-07 3.917567002601085738e-07
4.690973664514440623e-07 4.620024537086636423e-07 4.880088787364147259e-07 5.016168420700673002e-07 5.250522526561377372e-07 5.486025811226812555e-07 5.691289935639434336e-07 6.037837530733190455e-07 6.390618752975931991e-07 6.823517543119229819e-07 7.304292054459812544e-07 7.753354954846859336e-07 8.291263393514948185e-07 8.662677159195506773e-07 9.247324998800504589e-07 9.791968830469771908e-07 1.032939467491989144e-06 1.095153525097345035e-06 1.172923121160618983e-06 1.191831858728523630e-06 1.115126204863008731e-06 8.080100941656174047e-07 5.058811987300321595e-07 3.299046221068338771e-07 2.846397856469309433e-07 4.003246047804006761e-07
4.710710217471266222e-07 4.618256580266871221e-07 4.936214079227888915e-07 5.066770392354229483e-07 5.328102344781403244e-07 5.568140324611179429e-07 5.797378631578975878e-07 6.193618812302729503e-07 6.583199750954460515e-07 7.104141142691798323e-07 7.753354954846859336e-07 8.541242089411789048e-07 9.335692454220487528e-07 9.920442244142837130e-07 1.070935471046660096e-06 1.139112341771402443e-06 1.208106238765566055e-06 1.280071699793887952e-06 1.361107707439782137e-06 1.387309839103814103e-06 1.300600515453358028e-06 9.473252164752425624e-07 5.917067839022903321e-07 3.629856960669322798e-07 2.555294613237089563e-07 3.549426716708374698e-07
4.761183123795079461e-07 4.654556715472558707e-07 5.037625500564389084e-07 5.196787411679815006e-07 5.470807229889243839e-07 5.722549370304397381e-07 5.992348195277306534e-07 6.441252865353254952e-07 6.868908798023542795e-07 7.480589834578442371e-07 8.291263393514948185e-07 9.335692454220487528e-07 1.056467243496447745e-06 1.153307339717182880e-06 1.268366998192915708e-06 1.365475657369583547e-06 1.464484238908489333e-06 1.560652535202873099e-06 1.655671967901927608e-06 1.696161402317959565e-06 1.595460333203448431e-06 1.172543793208711179e-06 7.321858688753521573e-07 4.474792808383142414e-07 2.921916574971125724e-07 3.766240673953657865e-07
4.596197415675660159e-07 4.503016647764287838e-07 4.958090368608402604e-07 5.157077424829507822e-07 5.458184610547461504e-07 5.709457691938117446e-07 6.016967725954753169e-07 6.518673118521872086e-07 6.977217691257056070e-07 7.696099174767145738e-07 8.662677159195506773e-07 9.920442244142837130e-07 1.153307339717182880e-06 1.311430145687510631e-06 1.481883643615839551e-06 1.621758972459527988e-06 1.760623947072675714e-06 1.888157799515211917e-06 2.001453366914107633e-06 2.062986444175962986e-06 1.952450011306021969e-06 1.453823573363934292e-06 9.269166062411247247e-07 5.880361110447822526e-07 3.685199402290819808e-07 4.309951862468798116e-07
4.430316738442875525e-07 4.325603722522444294e-07 4.909558903235679792e-07 5.134948534453797731e-07 5.517956236763522702e-07 5.783042650777640268e-07 6.149708248502069699e-07 6.753664834806419563e-07 7.271986169527710965e-07 8.116011008228907693e-07 9.247324998800504589e-07 1.070935471046660096e-06 1.268366998192915708e-06 1.481883643615839551e-06 1.736269905356273276e-06 1.952105932313808596e-06 2.157173023356987058e-06 2.340924077952626503e-06 2.489383751667013745e-06 2.573677159755455417e-06 2.441168102512791349e-06 1.824798365101262134e-06 1.145142331197740881e-06 7.061435662907091859e-07 4.083012601039144135e-07 4.910698937943712132e-07
4.210220678818680519e-07 4.178785334127596905e-07 4.830448909788782510e-07 5.080266133899333371e-07 5.566280509607934913e-07 5.859400443473456249e-07 6.257111551619296346e-07 6.961427590555613260e-07 7.556601723833498206e-07 8.524095202523019984e-07 9.791968830469771908e-07 1.139112341771402443e-06 1.365475657369583547e-06 1.621758972459527988e-06 1.952105932313808596e-06 2.284819178236536522e-06 2.587659077000402670e-06 2.849579473098034929e-06 3.046635061962070821e-06 3.158660763573415475e-06 3.007713544422703768e-06 2.251700045790663782e-06 1.366417537001362811e-06 8.290030418661974301e-07 4.845841789332343030e-07 5.962637455572736694e-07
4.092720590458780202e-07 4.099630519393508592e-07 4.766826931226960368e-07 5.066707859024803184e-07 5.646656797389817011e-07 5.959143106313276539e-07 6.397974104429834347e-07 7.211902948130126322e-07 7.831629116167454456e-07 8.925817643296858257e-07 1.032939467491989144e-06 1.208106238765566055e-06 1.464484238908489333e-06 1.760623947072675714e-06 2.157173023356987058e-06 2.587659077000402670e-06 3.030674173672347082e-06 3.423881602588325705e-06 3.711906736044176436e-06 3.878545096438344113e-06 3.723763945129830885e-06 2.828763362063140165e-06 1.699512952063992456e-06 1.026746073103080735e-06 6.073536216158593407e-07 6.905527184461829817e-07
4.143828960657595142e-07 4.214812969786548552e-07 4.819735855733994849e-07 5.189420432693001093e-07 5.819663294126886798e-07 6.132178475821134997e-07 6.611567136519687903e-07 7.552142788709689383e-07 8.201110025254839787e-07 9.434238439948748496e-07 1.095153525097345035e-06 1.280071699793887952e-06 1.560652535202873099e-06 1.888157799515211917e-06 2.340924077952626503e-06 2.849579473098034929e-06 3.423881602588325705e-06 4.011498038268275158e-06 4.468851913790803567e-06 4.740637951793926631e-06 4.613012650339926673e-06 3.611547679595060459e-06 2.191315704300260360e-06 1.294688796625549166e-06 7.395735115455469505e-07 7.795453813240428192e-07
4.627669203287346564e-07 4.763901804099942385e-07 5.387467300002690653e-07 5.680416441315108426e-07 6.356588563555887144e-07 6.670498497678442761e-07 7.157253435495559408e-07 8.135265591217677802e-07 8.778666640904092071e-07 1.011268574809803405e-06 1.172923121160618983e-06 1.361107707439782137e-06 1.655671967901927608e-06 2.001453366914107633e-06 2.489383751667013745e-06 3.046635061962070821e-06 3.711906736044176436e-06 4.468851913790803567e-06 5.198367016660399252e-06 5.711457950895880073e-06 5.710019990729211779e-06 4.648725391946522420e-06 2.902389938502413435e-06 1.642526714268867603e-06 9.322036265609389606e-07 9.353203700441407455e-07
4.878362137704747015e-07 5.103202109001779653e-07 5.756471118664047481e-07 5.864141527357478476e-07 6.609668544479122319e-07 6.884892435936298060e-07 7.378801289633608274e-07 8.323339240465277144e-07 8.882355477861542655e-07 1.021734495715063286e-06 1.191831858728523630e-06 1.387309839103814103e-06 1.696161402317959565e-06 2.062986444175962986e-06 2.573677159755455417e-06 3.158660763573415475e-06 3.878545096438344113e-06 4.740637951793926631e-06 5.711457950895880073e-06 6.604756499413213716e-06 6.881208063056737227e-06 5.850719587965546998e-06 3.817065510706011158e-06 2.061629137527754477e-06 1.185810323513843653e-06 1.140966671807424919e-06
5.238020091051581350e-07 5.348820953408487169e-07 5.870095158828869530e-07 5.798044592037416183e-07 6.483603868111277376e-07 6.679335106324983482e-07 7.150986444715613426e-07 7.882560354038075081e-07 8.254876840412767411e-07 9.469883788359760743e-07 1.115126204863008731e-06 1.300600515453358028e-06 1.595460333203448431e-06 1.952450011306021969e-06 2.441168102512791349e-06 3.007713544422703768e-06 3.723763945129830885e-06 4.613012650339926673e-06 5.710019990729211779e-06 6.881208063056737227e-06 7.599555103309762836e-06 6.881281119517379043e-06 4.814998601244196175e-06 2.638472296004375883e-06 1.490999521637543759e-06 1.246108238223409645e-06
4.578981202743720243e-07 4.480999535927013892e-07 4.765041375069249565e-07 4.422207038323533446e-07 4.837608124406326465e-07 4.985878372509938702e-07 5.327104132396589458e-07 5.748361459784532024e-07 5.840498176686628599e-07 6.685391438848461303e-07 8.080100941656174047e-07 9.473252164752425624e-07 1.172543793208711179e-06 1.453823573363934292e-06 1.824798365101262134e-06 2.251700045790663782e-06 2.828763362063140165e-06 3.611547679595060459e-06 4.648725391946522420e-06 5.850719587965546998e-06 6.881281119517379043e-06 6.947906715098438686e-06 5.481932300211822445e-06 3.358815250574314997e-06 1.911973227729415693e-06 1.211578313011878971e-06
3.914501685459847872e-07 3.479901837051685969e-07 3.570065983838370426e-07 3.223169057541169135e-07 3.313000821402280399e-07 3.428329544218551529e-07 3.577651610983598244e-07 3.701906113615918547e-07 3.565880259983927334e-07 3.962693140330890117e-07 5.058811987300321595e-07 5.917067839022903321e-07 7.321858688753521573e-07 9.269166062411247247e-07 1.145142331197740881e-06 1.366417537001362811e-06 1.699512952063992456e-06 2.191315704300260360e-06 2.902389938502413435e-06 3.817065510706011158e-06 4.814998601244196175e-06 5.481932300211822445e-06 5.298856056621740014e-06 4.181107772070890206e-06 2.703660251387253685e-06 1.427993907029178752e-06
3.032097508813003199e-07 2.432405684776196397e-07 2.279133907218416060e-07 2.304374911433337458e-07 2.186503960470598499e-07 2.447674601367497487e-07 2.363295835143117041e-07 2.387002091833884072e-07 2.358583046151942172e-07 2.491489629514432287e-07 3.299046221068338771e-07 3.629856960669322798e-07 4.474792808383142414e-07 5.880361110447822526e-07 7.061435662907091859e-07 8.290030418661974301e-07 1.026746073103080735e-06 1.294688796625549166e-06 1.642526714268867603e-06 2.061629137527754477e-06 2.638472296004375883e-06 3.358815250574314997e-06 4.181107772070890206e-06 4.889757345542317003e-06 4.070080565588281235e-06 2.230986096493864539e-06
2.657486842653034227e-07 2.393131297207100121e-07 2.328123191636128043e-07 2.112971535495927901e-07 2.336148726363699538e-07 2.599182264155227964e-07 2.529055111051909318e-07 2.486562665550034217e-07 2.548075956301917196e-07 2.498999147969186533e-07 2.846397856469309433e-07 2.555294613237089563e-07 2.921916574971125724e-07 3.685199402290819808e-07 4.083012601039144135e-07 4.845841789332343030e-07 6.073536216158593407e-07 7.395735115455469505e-07 9.322036265609389606e-07 1.185810323513843653e-06 1.490999521637543759e-06 1.911973227729415693e-06 2.703660251387253685e-06 4.070080565588281235e-06 5.067435369052962266e-06 3.973506676722072952e-06
3.049153998267834525e-07 3.052276929313570686e-07 3.180790734698965293e-07 3.033439626999485752e-07 3.312973872782027896e-07 3.529952423502344618e-07 3.467980167587539672e-07 3.594463204541648760e-07 3.901183410881071157e-07 3.917567002601085738e-07 4.003246047804006761e-07 3.549426716708374698e-07 3.766240673953657865e-07 4.309951862468798116e-07 4.910698937943712132e-07 5.962637455572736694e-07 6.905527184461829817e-07 7.795453813240428192e-07 9.353203700441407455e-07 1.140966671807424919e-06 1.246108238223409645e-06 1.211578313011878971e-06 1.427993907029178752e-06 2.230986096493864539e-06 3.973506676722072952e-06 5.231303372054987845e-06
