5.125636193903008483e-07 4.176571191911282470e-07 4.236297342208463480e-07 4.032874890670212739e-07 4.035935968733110833e-07 3.826037176089952305e-07 3.725697416689074445e-07 3.607110246322236060e-07 3.640432105617919754e-07 3.657463329459747978e-07 3.446982663630800039e-07 3.340270791559869663e-07 3.252016324491697840e-07 3.161246934248742987e-07 3.185429562475678995e-07 3.192300757645239323e-07 3.299807706934253567e-07 2.941407089657072787e-07 2.454940295319851443e-07 1.908261099465871276e-07 1.789357299904022779e-07 1.712628842576797500e-07 2.136608260051292352e-07 1.913239293128349236e-07 6.936323854513271003e-08 5.363954077965794965e-08
4.176571191911282470e-07 4.611366770431789089e-07 4.178572250048586369e-07 3.893705150731253211e-07 3.896305394046808153e-07 3.723653952348910404e-07 3.628643486359996162e-07 3.474460337906019848e-07 3.452470767394925115e-07 3.458521797260978775e-07 3.229947477456912489e-07 3.041996122243626227e-07 2.872130829244333873e-07 2.720117431993168398e-07 2.693354195182870798e-07 2.622449785029676906e-07 2.603818107052805087e-07 2.145748595412464486e-07 1.670742313455324483e-07 1.143079100791825570e-07 1.034635083238503630e-07 1.024124484998337332e-07 1.405338739641694202e-07 1.612312255160873993e-07 1.272877307803718196e-07 1.601219473655660552e-07
4.236297342208463480e-07 4.178572250048586369e-07 4.743246745169814135e-07 4.180884506162621518e-07 4.148548385288259750e-07 3.979809181618467301e-07 3.823584951115617936e-07 3.724108542429199554e-07 3.718391601179167767e-07 3.712798066751863845e-07 3.487096108774712005e-07 3.350207723891458746e-07 3.201537821728904618e-07 3.072800147444947192e-07 3.037631823106148864e-07 3.005604542517911763e-07 3.006505116793368710e-07 2.493985805457163623e-07 1.939553733619328325e-07 1.402380509454647775e-07 1.303951510773338061e-07 1.269916836676243725e-07 1.591431460652015899e-07 1.440399659470452145e-07 7.683815281027674499e-08 1.002457492850740727e-07
4.032874890670212739e-07 3.893705150731253211e-07 4.180884506162621518e-07 4.353695223717376937e-07 4.125073408629414619e-07 3.949693198781359577e-07 3.815095340666972635e-07 3.740725014115743484e-07 3.693613993344268313e-07 3.711834302285352271e-07 3.556837383336756326e-07 3.491557241325677878e-07 3.439434816015101997e-07 3.380934243784418385e-07 3.406289789688877410e-07 3.397503461062176067e-07 3.399801145201926263e-07 2.880666949317538540e-07 2.334595944982273574e-07 1.866436071113851410e-07 1.720849964047588570e-07 1.470591530088962209e-07 1.660136059835113327e-07 1.524757692518728742e-07 5.648160105888650903e-08 6.427610891761122046e-08
4.035935968733110833e-07 3.896305394046808153e-07 4.148548385288259750e-07 4.125073408629414619e-07 4.329391972760241714e-07 4.073122501760749837e-07 3.965879728188825303e-07 3.905520329537050729e-07 3.919410356497575942e-07 3.950558094542129304e-07 3.764859813003815315e-07 3.670980311426436332e-07 3.610084473654565003e-07 3.556553676873202514e-07 3.586813455566938112e-07 3.566732378538967925e-07 3.555846443326881478e-07 2.972573641673230701e-07 2.294585199221968964e-07 1.745317560492771532e-07 1.457682882322233183e-07 1.146845508778739658e-07 1.357946935739545054e-07 1.299528006473855758e-07 3.980255093286333640e-08 6.614402995053837415e-08
3.826037176089952305e-07 3.723653952348910404e-07 3.979809181618467301e-07 3.949693198781359577e-07 4.073122501760749837e-07 4.157167710365239078e-07 3.989090855558771038e-07 3.963044143951993607e-07 3.939789897306440261e-07 3.973784853583642203e-07 3.797856220848791488e-07 3.704121483433739246e-07 3.638086820146322924e-07 3.574364874092079878e-07 3.562287734606059853e-07 3.508175119760177329e-07 3.480850140263891073e-07 2.930949490670682196e-07 2.343681874663926343e-07 1.859870711953977185e-07 1.740953459105460773e-07 1.539798683264625161e-07 1.904262877378032803e-07 1.837190824232546993e-07 9.047062130494079943e-08 1.127562218212376987e-07
3.725697416689074445e-07 3.628643486359996162e-07 3.823584951115617936e-07 3.815095340666972635e-07 3.965879728188825303e-07 3.989090855558771038e-07 4.172949992456846875e-07 4.123941996124487481e-07 4.134097021089238032e-07 4.208972099392612867e-07 4.083001440499863420e-07 4.045035165550133076e-07 4.040728263846889320e-07 4.038980729217633864e-07 4.061167779464731805e-07 4.115387800050098949e-07 4.207773762090618635e-07 3.792161604657532128e-07 3.231354319824922724e-07 2.747185557886903372e-07 2.535422453367632237e-07 2.080446606001477167e-07 2.222865071457196792e-07 2.269369337330643310e-07 1.376657269343312552e-07 1.370303994580878272e-07
3.607110246322236060e-07 3.474460337906019848e-07 3.724108542429199554e-07 3.740725014115743484e-07 3.905520329537050729e-07 3.963044143951993607e-07 4.123941996124487481e-07 4.325169017247912096e-07 4.350445481134465542e-07 4.463846113549408996e-07 4.366334851774531398e-07 4.371935194682329503e-07 4.393462431879542852e-07 4.437482520876278332e-07 4.515885115412328586e-07 4.590574185979065153e-07 4.713811366644786275e-07 4.393148580166877414e-07 3.927878239575011343e-07 3.517533684233230835e-07 3.365404924371235874e-07 2.924039018345325547e-07 3.021737518493731006e-07 2.848449901127741758e-07 1.716757142522094893e-07 1.683866817860262382e-07
3.640432105617919754e-07 3.452470767394925115e-07 3.718391601179167767e-07 3.693613993344268313e-07 3.919410356497575942e-07 3.939789897306440261e-07 4.134097021089238032e-07 4.350445481134465542e-07 4.598432824924036127e-07 4.783299864422152268e-07 4.740602877523336910e-07 4.791242403606247470e-07 4.842870233072523125e-07 4.920732877600927417e-07 5.001443812633083848e-07 5.130069393939861253e-07 5.295752660237047872e-07 5.008245772981576493e-07 4.555845459949319707e-07 4.183745538795896171e-07 4.004442722821920337e-07 3.499577842907851932e-07 3.521741750045866441e-07 3.272643216777154927e-07 2.083920515339740472e-07 2.141762769666489749e-07
3.657463329459747978e-07 3.458521797260978775e-07 3.712798066751863845e-07 3.711834302285352271e-07 3.950558094542129304e-07 3.973784853583642203e-07 4.208972099392612867e-07 4.463846113549408996e-07 4.783299864422152268e-07 5.229444568522516368e-07 5.279667589949211686e-07 5.404798775576835380e-07 5.507326489505510995e-07 5.664039015363876958e-07 5.815932204495274155e-07 6.028173868641816996e-07 6.284275798165885472e-07 6.130045621247681930e-07 5.760988685675351565e-07 5.481855954046761805e-07 5.365938556628955257e-07 4.678138724987621376e-07 4.529757147351188124e-07 4.216847871309390666e-07 2.966748540557200518e-07 2.919209710380837242e-07
3.446982663630800039e-07 3.229947477456912489e-07 3.487096108774712005e-07 3.556837383336756326e-07 3.764859813003815315e-07 3.797856220848791488e-07 4.083001440499863420e-07 4.366334851774531398e-07 4.740602877523336910e-07 5.279667589949211686e-07 5.616773381099791973e-07 5.859753968747419211e-07 6.075156525134891936e-07 6.330896074194846136e-07 6.558377557863841019e-07 6.872585851919741711e-07 7.239714969731911105e-07 7.249318594412780008e-07 7.058104667401706765e-07 6.909698085342565993e-07 6.813754130566275549e-07 5.969214659856246846e-07 5.503256919205759127e-07 4.976507189083306801e-07 3.674799786860803078e-07 3.508183689380798008e-07
3.340270791559869663e-07 3.041996122243626227e-07 3.350207723891458746e-07 3.491557241325677878e-07 3.670980311426436332e-07 3.704121483433739246e-07 4.045035165550133076e-07 4.371935194682329503e-07 4.791242403606247470e-07 5.404798775576835380e-07 5.859753968747419211e-07 6.396163743882771319e-07 6.806852679867253290e-07 7.203307510780468499e-07 7.561581993448876171e-07 8.026941375121805689e-07 8.522175197342956054e-07 8.690846284772105310e-07 8.654343782999539414e-07 8.628545909571352143e-07 8.538083494894706809e-07 7.357594450141535670e-07 6.553418073278467831e-07 5.839530932229078716e-07 4.341244407802001797e-07 3.838836877024121840e-07
3.252016324491697840e-07 2.872130829244333873e-07 3.201537821728904618e-07 3.439434816015101997e-07 3.610084473654565003e-07 3.638086820146322924e-07 4.040728263846889320e-07 4.393462431879542852e-07 4.842870233072523125e-07 5.507326489505510995e-07 6.075156525134891936e-07 6.806852679867253290e-07 7.609144156746506021e-07 8.264126435334401266e-07 8.800603813316075882e-07 9.463448516414404851e-07 1.013342981499371299e-06 1.037771918354471037e-06 1.035828039620609882e-06 1.042231141083273443e-06 1.032901131267404560e-06 8.839536826940178614e-07 7.763133413071732069e-07 6.880196035056923066e-07 5.032554494703620309e-07 4.249694769610239196e-07
3.161246934248742987e-07 2.720117431993168398e-07 3.072800147444947192e-07 3.380934243784418385e-07 3.556553676873202514e-07 3.574364874092079878e-07 4.038980729217633864e-07 4.437482520876278332e-07 4.920732877600927417e-07 5.664039015363876958e-07 6.330896074194846136e-07 7.203307510780468499e-07 8.264126435334401266e-07 9.348500114785949732e-07 1.018340546190299048e-06 1.109021451475748214e-06 1.197143791186693128e-06 1.239360433367098664e-06 1.249718378512014094e-06 1.265528451775033211e-06 1.246278548367855544e-06 1.050521793632330112e-06 8.953105823989064424e-07 7.889999401751139819e-07 5.755942044458064479e-07 4.830776765539045918e-07
3.185429562475678995e-07 2.693354195182870798e-07 3.037631823106148864e-07 3.406289789688877410e-07 3.586813455566938112e-07 3.562287734606059853e-07 4.061167779464731805e-07 4.515885115412328586e-07 5.001443812633083848e-07 5.815932204495274155e-07 6.558377557863841019e-07 7.561581993448876171e-07 8.800603813316075882e-07 1.018340546190299048e-06 1.154841947919642470e-06 1.286658118916319406e-06 1.406579836845675286e-06 1.476493609782918665e-06 1.505408921313771797e-06 1.528136898732066907e-06 1.497091496806005736e-06 1.245818254198854895e-06 1.011614916735788387e-06 8.929858873269324965e-07 6.594745523841923440e-07 5.392978644955448194e-07
3.192300757645239323e-07 2.622449785029676906e-07 3.005604542517911763e-07 3.397503461062176067e-07 3.566732378538967925e-07 3.508175119760177329e-07 4.115387800050098949e-07 4.590574185979065153e-07 5.130069393939861253e-07 6.028173868641816996e-07 6.872585851919741711e-07 8.026941375121805689e-07 9.463448516414404851e-07 1.109021451475748214e-06 1.286658118916319406e-06 1.492248743219915778e-06 1.674595423247939719e-06 1.790640641761868014e-06 1.849932680654688735e-06 1.890418015510485749e-06 1.849917583081785483e-06 1.521965990925679614e-06 1.167747854959584364e-06 1.028416604822860383e-06 7.971816751918516755e-07 6.442370922485618083e-07
3.299807706934253567e-07 2.603818107052805087e-07 3.006505116793368710e-07 3.399801145201926263e-07 3.555846443326881478e-07 3.480850140263891073e-07 4.207773762090618635e-07 4.713811366644786275e-07 5.295752660237047872e-07 6.284275798165885472e-07 7.239714969731911105e-07 8.522175197342956054e-07 1.013342981499371299e-06 1.197143791186693128e-06 1.406579836845675286e-06 1.674595423247939719e-06 1.959996165646932676e-06 2.163388029684694843e-06 2.281992085554568042e-06 2.356690221300001940e-06 2.310568570531137592e-06 1.890263436347285901e-06 1.373345439008372733e-06 1.190379862278275388e-06 9.579763000124619502e-07 7.429806281800021790e-07
2.941407089657072787e-07 2.145748595412464486e-07 2.493985805457163623e-07 2.880666949317538540e-07 2.972573641673230701e-07 2.930949490670682196e-07 3.792161604657532128e-07 4.393148580166877414e-07 5.008245772981576493e-07 6.130045621247681930e-07 7.249318594412780008e-07 8.690846284772105310e-07 1.037771918354471037e-06 1.239360433367098664e-06 1.476493609782918665e-06 1.790640641761868014e-06 2.163388029684694843e-06 2.520524069664049065e-06 2.766482761058436953e-06 2.921803552288317619e-06 2.907109107004799904e-06 2.438857888808153054e-06 1.732926619769926755e-06 1.448010052952488110e-06 1.213385736340982886e-06 9.234461895531545155e-07
2.454940295319851443e-07 1.670742313455324483e-07 1.939553733619328325e-07 2.334595944982273574e-07 2.294585199221968964e-07 2.343681874663926343e-07 3.231354319824922724e-07 3.927878239575011343e-07 4.555845459949319707e-07 5.760988685675351565e-07 7.058104667401706765e-07 8.654343782999539414e-07 1.035828039620609882e-06 1.249718378512014094e-06 1.505408921313771797e-06 1.849932680654688735e-06 2.281992085554568042e-06 2.766482761058436953e-06 3.201154337660950612e-06 3.503542123479211447e-06 3.568905985774885481e-06 3.107505468194342640e-06 2.231706746029592226e-06 1.778267354224003301e-06 1.514585659118802764e-06 1.128124545566633532e-06
1.908261099465871276e-07 1.143079100791825570e-07 1.402380509454647775e-07 1.866436071113851410e-07 1.745317560492771532e-07 1.859870711953977185e-07 2.747185557886903372e-07 3.517533684233230835e-07 4.183745538795896171e-07 5.481855954046761805e-07 6.909698085342565993e-07 8.628545909571352143e-07 1.042231141083273443e-06 1.265528451775033211e-06 1.528136898732066907e-06 1.890418015510485749e-06 2.356690221300001940e-06 2.921803552288317619e-06 3.503542123479211447e-06 4.058977479110427428e-06 4.310205370732586554e-06 3.939921030865047236e-06 2.929128742473070350e-06 2.214368763718749180e-06 1.882960392120966800e-06 1.475375870603721695e-06
1.789357299904022779e-07 1.034635083238503630e-07 1.303951510773338061e-07 1.720849964047588570e-07 1.457682882322233183e-07 1.740953459105460773e-07 2.535422453367632237e-07 3.365404924371235874e-07 4.004442722821920337e-07 5.365938556628955257e-07 6.813754130566275549e-07 8.538083494894706809e-07 1.032901131267404560e-06 1.246278548367855544e-06 1.497091496806005736e-06 1.849917583081785483e-06 2.310568570531137592e-06 2.907109107004799904e-06 3.568905985774885481e-06 4.310205370732586554e-06 4.872450841227099927e-06 4.762962639338667985e-06 3.807447449514723527e-06 2.850916764476191257e-06 2.311448763614216599e-06 1.844803096152169373e-06
1.712628842576797500e-07 1.024124484998337332e-07 1.269916836676243725e-07 1.470591530088962209e-07 1.146845508778739658e-07 1.539798683264625161e-07 2.080446606001477167e-07 2.924039018345325547e-07 3.499577842907851932e-07 4.678138724987621376e-07 5.969214659856246846e-07 7.357594450141535670e-07 8.839536826940178614e-07 1.050521793632330112e-06 1.245818254198854895e-06 1.521965990925679614e-06 1.890263436347285901e-06 2.438857888808153054e-06 3.107505468194342640e-06 3.939921030865047236e-06 4.762962639338667985e-06 5.191687290848789740e-06 4.635962648184737237e-06 3.587195057619101784e-06 2.821994301508414815e-06 2.280761363558730425e-06
2.136608260051292352e-07 1.405338739641694202e-07 1.591431460652015899e-07 1.660136059835113327e-07 1.357946935739545054e-07 1.904262877378032803e-07 2.222865071457196792e-07 3.021737518493731006e-07 3.521741750045866441e-07 4.529757147351188124e-07 5.503256919205759127e-07 6.553418073278467831e-07 7.763133413071732069e-07 8.953105823989064424e-07 1.011614916735788387e-06 1.167747854959584364e-06 1.373345439008372733e-06 1.732926619769926755e-06 2.231706746029592226e-06 2.929128742473070350e-06 3.807447449514723527e-06 4.635962648184737237e-06 4.928488946522131269e-06 4.257882065459204494e-06 3.245013431760318343e-06 2.521291141304693266e-06
1.913239293128349236e-07 1.612312255160873993e-07 1.440399659470452145e-07 1.524757692518728742e-07 1.299528006473855758e-07 1.837190824232546993e-07 2.269369337330643310e-07 2.848449901127741758e-07 3.272643216777154927e-07 4.216847871309390666e-07 4.976507189083306801e-07 5.839530932229078716e-07 6.880196035056923066e-07 7.889999401751139819e-07 8.929858873269324965e-07 1.028416604822860383e-06 1.190379862278275388e-06 1.448010052952488110e-06 1.778267354224003301e-06 2.214368763718749180e-06 2.850916764476191257e-06 3.587195057619101784e-06 4.257882065459204494e-06 4.546871324452202292e-06 3.941097897386229813e-06 2.916166052973028058e-06
6.936323854513271003e-08 1.272877307803718196e-07 7.683815281027674499e-08 5.648160105888650903e-08 3.980255093286333640e-08 9.047062130494079943e-08 1.376657269343312552e-07 1.716757142522094893e-07 2.083920515339740472e-07 2.966748540557200518e-07 3.674799786860803078e-07 4.341244407802001797e-07 5.032554494703620309e-07 5.755942044458064479e-07 6.594745523841923440e-07 7.971816751918516755e-07 9.579763000124619502e-07 1.213385736340982886e-06 1.514585659118802764e-06 1.882960392120966800e-06 2.311448763614216599e-06 2.821994301508414815e-06 3.245013431760318343e-06 3.941097897386229813e-06 4.479894164725020908e-06 3.639505802552618829e-06
5.363954077965794965e-08 1.601219473655660552e-07 1.002457492850740727e-07 6.427610891761122046e-08 6.614402995053837415e-08 1.127562218212376987e-07 1.370303994580878272e-07 1.683866817860262382e-07 2.141762769666489749e-07 2.919209710380837242e-07 3.508183689380798008e-07 3.838836877024121840e-07 4.249694769610239196e-07 4.830776765539045918e-07 5.392978644955448194e-07 6.442370922485618083e-07 7.429806281800021790e-07 9.234461895531545155e-07 1.128124545566633532e-06 1.475375870603721695e-06 1.844803096152169373e-06 2.280761363558730425e-06 2.521291141304693266e-06 2.916166052973028058e-06 3.639505802552618829e-06 3.995487078912173209e-06
