9.945976455860305503e-07 9.384037854449889219e-07 9.239998904306444546e-07 9.405523032322416419e-07 9.344751428928131132e-07 9.590545653342418390e-07 9.536509563060301914e-07 9.490663558730251860e-07 9.398316621531616218e-07 9.368041658955404514e-07 9.299310909244130066e-07 9.148755962301290145e-07 9.038052774042958249e-07 8.912372842273693449e-07 8.789086246235497742e-07 8.894229738430386750e-07 9.136615891297254621e-07 9.208744752770353540e-07 9.321871740147342478e-07 9.686443252314416835e-07 1.016555603857103246e-06 1.087746560590504253e-06 1.212686143058907409e-06 1.365357351165105850e-06 1.386535904472589319e-06 1.364133902975209301e-06
9.384037854449889219e-07 9.772302575915876119e-07 9.395051094397233566e-07 9.575462487042932743e-07 9.452932507924941368e-07 9.669489595515283995e-07 9.704228401029671339e-07 9.670169247603276886e-07 9.592186079021342522e-07 9.533845627034268321e-07 9.486319127588266872e-07 9.391840915120642791e-07 9.269423077099198246e-07 9.184940060465763707e-07 9.106506138091293001e-07 9.242684447603239555e-07 9.573102123737381625e-07 9.786942777876025094e-07 1.008331769693238116e-06 1.048982518866059784e-06 1.100825313830131182e-06 1.167805268101335541e-06 1.271374117159057369e-06 1.367725636682017884e-06 1.350708951430014284e-06 1.320080248694867501e-06
9.239998904306444546e-07 9.395051094397233566e-07 9.646875213840354194e-07 9.636789429687393372e-07 9.540263498061630430e-07 9.829127207092422051e-07 9.852238305215435441e-07 9.815287268675638208e-07 9.726200530989520999e-07 9.702419605230845620e-07 9.684393385437052500e-07 9.550879017704398016e-07 9.403294297922971985e-07 9.279201836469125086e-07 9.172721724642089406e-07 9.354215451417429043e-07 9.716903269565308078e-07 9.934587261273686496e-07 1.017666236556569823e-06 1.060937210322265080e-06 1.113990026570832523e-06 1.194394846792883077e-06 1.305612825749693277e-06 1.418622846677139877e-06 1.417068137500201425e-06 1.405896887241046088e-06
9.405523032322416419e-07 9.575462487042932743e-07 9.636789429687393372e-07 1.011765730955460770e-06 9.896111609148881788e-07 1.020426956265043553e-06 1.022011646348256557e-06 1.019691509184839704e-06 1.012422189733067161e-06 1.009827722150334192e-06 1.009164837871076231e-06 1.000441930941550009e-06 9.905520456979679525e-07 9.790140162899966447e-07 9.671814464223832098e-07 9.852227912742259539e-07 1.028201339610226089e-06 1.063601106056019010e-06 1.104129456250450768e-06 1.150338319748568973e-06 1.199380515354328545e-06 1.273169072566789959e-06 1.368969254119627525e-06 1.480686750743347719e-06 1.488090499594503563e-06 1.462556706851713496e-06
9.344751428928131132e-07 9.452932507924941368e-07 9.540263498061630430e-07 9.896111609148881788e-07 9.997126035797966091e-07 1.024716944628438055e-06 1.027140835275084838e-06 1.024131724471785235e-06 1.018039645978222004e-06 1.018583499059637730e-06 1.022926909183091968e-06 1.014295667179125474e-06 1.004847476513363327e-06 9.934966470984329666e-07 9.834573338740002595e-07 1.005694126798951373e-06 1.051477820768647270e-06 1.088165781821298476e-06 1.133338342761028587e-06 1.190554649001768399e-06 1.242328609601701360e-06 1.297775876390525851e-06 1.362825393622704528e-06 1.457433963797332096e-06 1.493664202137989865e-06 1.478267744746823004e-06
9.590545653342418390e-07 9.669489595515283995e-07 9.829127207092422051e-07 1.020426956265043553e-06 1.024716944628438055e-06 1.079698411523964278e-06 1.079558873704656028e-06 1.077716012683786965e-06 1.072205365929475470e-06 1.076613951551588162e-06 1.084715959313178303e-06 1.079829141076177864e-06 1.075835554256240962e-06 1.071361662928182595e-06 1.068428258196877588e-06 1.099497994271896882e-06 1.154157060319758308e-06 1.199106861200261343e-06 1.245338544713255759e-06 1.296332318360132263e-06 1.325937891721835760e-06 1.359801693581066283e-06 1.427104354781895881e-06 1.553945510515846009e-06 1.593190113198499498e-06 1.562965606043960237e-06
9.536509563060301914e-07 9.704228401029671339e-07 9.852238305215435441e-07 1.022011646348256557e-06 1.027140835275084838e-06 1.079558873704656028e-06 1.098624931540785717e-06 1.098794645731308046e-06 1.097117822156303950e-06 1.105019688750395234e-06 1.117098261637953885e-06 1.117235704926867071e-06 1.118089245194842343e-06 1.116965082387971401e-06 1.113556121500275219e-06 1.146404120734385888e-06 1.203884704529209690e-06 1.247876722305460828e-06 1.295069939665246130e-06 1.345802055806371803e-06 1.374582848555702290e-06 1.387776263720423597e-06 1.437310541839710349e-06 1.542385801033394166e-06 1.586837490685435830e-06 1.568200275679502660e-06
9.490663558730251860e-07 9.670169247603276886e-07 9.815287268675638208e-07 1.019691509184839704e-06 1.024131724471785235e-06 1.077716012683786965e-06 1.098794645731308046e-06 1.117101651710345359e-06 1.120726994007546222e-06 1.132060256917707857e-06 1.149361922022484596e-06 1.155326356297940318e-06 1.161406099253318761e-06 1.166744510191414708e-06 1.169184639525227169e-06 1.207782418235885192e-06 1.269422532300131375e-06 1.316519194376393252e-06 1.364604042373695771e-06 1.412274841252363426e-06 1.431220895461355597e-06 1.425252744150591482e-06 1.459367984833315530e-06 1.566709427387464175e-06 1.625527531389427383e-06 1.597004039423085606e-06
9.398316621531616218e-07 9.592186079021342522e-07 9.726200530989520999e-07 1.012422189733067161e-06 1.018039645978222004e-06 1.072205365929475470e-06 1.097117822156303950e-06 1.120726994007546222e-06 1.145106489036154315e-06 1.160981345983465569e-06 1.185077441407423168e-06 1.197362336170388856e-06 1.211621251403569990e-06 1.224587004199033863e-06 1.237357041558118608e-06 1.287000532098724808e-06 1.355688001340808140e-06 1.405963830368222846e-06 1.450308042852481552e-06 1.488235184672538592e-06 1.478088464897024788e-06 1.431521138304956420e-06 1.446051722768343171e-06 1.577729594449092570e-06 1.657901348619527794e-06 1.640389346062684141e-06
9.368041658955404514e-07 9.533845627034268321e-07 9.702419605230845620e-07 1.009827722150334192e-06 1.018583499059637730e-06 1.076613951551588162e-06 1.105019688750395234e-06 1.132060256917707857e-06 1.160981345983465569e-06 1.195924081749384089e-06 1.230923874698301728e-06 1.253286092020958857e-06 1.278424768594013585e-06 1.302048008231525937e-06 1.326009199073374976e-06 1.389787557979823240e-06 1.468576797562094677e-06 1.520716641446431487e-06 1.564970884764859417e-06 1.606208566250336479e-06 1.581868218302403849e-06 1.492177385664663685e-06 1.470473038714452565e-06 1.604154798206575628e-06 1.698566663233136939e-06 1.673452066873211476e-06
9.299310909244130066e-07 9.486319127588266872e-07 9.684393385437052500e-07 1.009164837871076231e-06 1.022926909183091968e-06 1.084715959313178303e-06 1.117098261637953885e-06 1.149361922022484596e-06 1.185077441407423168e-06 1.230923874698301728e-06 1.290410783972883415e-06 1.328640795096022345e-06 1.370252312158553398e-06 1.411918719280927601e-06 1.454569121580562016e-06 1.537685664650780490e-06 1.629612883724700076e-06 1.687261843397368246e-06 1.733978032899008558e-06 1.770274704325979941e-06 1.717912181217627254e-06 1.566273762050038945e-06 1.498660548233176924e-06 1.646768113929555032e-06 1.758488965873830816e-06 1.743537821008541048e-06
9.148755962301290145e-07 9.391840915120642791e-07 9.550879017704398016e-07 1.000441930941550009e-06 1.014295667179125474e-06 1.079829141076177864e-06 1.117235704926867071e-06 1.155326356297940318e-06 1.197362336170388856e-06 1.253286092020958857e-06 1.328640795096022345e-06 1.398006867322511209e-06 1.463756912263450587e-06 1.528905652822146538e-06 1.593904414708585011e-06 1.700121655175768787e-06 1.810778310561627502e-06 1.880918892412472634e-06 1.930339371367364284e-06 1.956562087819380119e-06 1.867056285575427400e-06 1.634537363316868342e-06 1.498257975096330553e-06 1.658280670524953373e-06 1.803491676019323630e-06 1.781399283797561402e-06
9.038052774042958249e-07 9.269423077099198246e-07 9.403294297922971985e-07 9.905520456979679525e-07 1.004847476513363327e-06 1.075835554256240962e-06 1.118089245194842343e-06 1.161406099253318761e-06 1.211621251403569990e-06 1.278424768594013585e-06 1.370252312158553398e-06 1.463756912263450587e-06 1.569851287108136463e-06 1.672642961351268344e-06 1.771870786341178137e-06 1.910522222045418434e-06 2.045575478177351479e-06 2.134497010569179051e-06 2.192932017728141491e-06 2.205854096322920145e-06 2.075947126534312149e-06 1.750326702970710853e-06 1.538718917577552055e-06 1.735230081957182472e-06 1.940066900518742947e-06 1.897945670754160378e-06
8.912372842273693449e-07 9.184940060465763707e-07 9.279201836469125086e-07 9.790140162899966447e-07 9.934966470984329666e-07 1.071361662928182595e-06 1.116965082387971401e-06 1.166744510191414708e-06 1.224587004199033863e-06 1.302048008231525937e-06 1.411918719280927601e-06 1.528905652822146538e-06 1.672642961351268344e-06 1.836523459827836624e-06 1.989666970666539565e-06 2.174280856052849449e-06 2.345404050292029113e-06 2.460712910407557987e-06 2.533437873524918831e-06 2.529312607464235639e-06 2.341319182737275531e-06 1.897686606631430628e-06 1.587425296973781796e-06 1.827217554872139210e-06 2.087725406686983933e-06 2.050967408680750502e-06
8.789086246235497742e-07 9.106506138091293001e-07 9.172721724642089406e-07 9.671814464223832098e-07 9.834573338740002595e-07 1.068428258196877588e-06 1.113556121500275219e-06 1.169184639525227169e-06 1.237357041558118608e-06 1.326009199073374976e-06 1.454569121580562016e-06 1.593904414708585011e-06 1.771870786341178137e-06 1.989666970666539565e-06 2.221576591885317077e-06 2.475901684042081923e-06 2.701248709065261401e-06 2.859214053165324026e-06 2.953782421358021839e-06 2.938848976204680773e-06 2.686398695068825078e-06 2.087539981799469931e-06 1.636990918774797386e-06 1.931078645715341730e-06 2.279717763944881895e-06 2.277685404903518411e-06
8.894229738430386750e-07 9.242684447603239555e-07 9.354215451417429043e-07 9.852227912742259539e-07 1.005694126798951373e-06 1.099497994271896882e-06 1.146404120734385888e-06 1.207782418235885192e-06 1.287000532098724808e-06 1.389787557979823240e-06 1.537685664650780490e-06 1.700121655175768787e-06 1.910522222045418434e-06 2.174280856052849449e-06 2.475901684042081923e-06 2.836471171731516288e-06 3.159407574061536448e-06 3.397362846306818604e-06 3.544550480997742826e-06 3.532292878166042431e-06 3.195834766741383455e-06 2.379284697193328176e-06 1.696121596570418816e-06 2.035580881496458332e-06 2.511245801560329453e-06 2.516590455240372671e-06
9.136615891297254621e-07 9.573102123737381625e-07 9.716903269565308078e-07 1.028201339610226089e-06 1.051477820768647270e-06 1.154157060319758308e-06 1.203884704529209690e-06 1.269422532300131375e-06 1.355688001340808140e-06 1.468576797562094677e-06 1.629612883724700076e-06 1.810778310561627502e-06 2.045575478177351479e-06 2.345404050292029113e-06 2.701248709065261401e-06 3.159407574061536448e-06 3.614380182775663190e-06 3.971658141386364030e-06 4.202329559914739419e-06 4.211067617428614724e-06 3.800459961336457788e-06 2.780358708768277751e-06 1.857580717597269872e-06 2.196236982385889512e-06 2.761488074740625586e-06 2.784306088708597084e-06
9.208744752770353540e-07 9.786942777876025094e-07 9.934587261273686496e-07 1.063601106056019010e-06 1.088165781821298476e-06 1.199106861200261343e-06 1.247876722305460828e-06 1.316519194376393252e-06 1.405963830368222846e-06 1.520716641446431487e-06 1.687261843397368246e-06 1.880918892412472634e-06 2.134497010569179051e-06 2.460712910407557987e-06 2.859214053165324026e-06 3.397362846306818604e-06 3.971658141386364030e-06 4.512769603749109346e-06 4.906346313759839068e-06 4.990439308976136414e-06 4.566037812269240791e-06 3.393651153202351464e-06 2.171021688716800735e-06 2.411948261534673653e-06 3.076837201715426129e-06 3.077327307579298340e-06
9.321871740147342478e-07 1.008331769693238116e-06 1.017666236556569823e-06 1.104129456250450768e-06 1.133338342761028587e-06 1.245338544713255759e-06 1.295069939665246130e-06 1.364604042373695771e-06 1.450308042852481552e-06 1.564970884764859417e-06 1.733978032899008558e-06 1.930339371367364284e-06 2.192932017728141491e-06 2.533437873524918831e-06 2.953782421358021839e-06 3.544550480997742826e-06 4.202329559914739419e-06 4.906346313759839068e-06 5.555986577624450212e-06 5.832018911831939575e-06 5.518227093731511078e-06 4.316393384072032966e-06 2.808612153460664403e-06 2.811172828578417605e-06 3.455282831461676426e-06 3.368033760147395431e-06
9.686443252314416835e-07 1.048982518866059784e-06 1.060937210322265080e-06 1.150338319748568973e-06 1.190554649001768399e-06 1.296332318360132263e-06 1.345802055806371803e-06 1.412274841252363426e-06 1.488235184672538592e-06 1.606208566250336479e-06 1.770274704325979941e-06 1.956562087819380119e-06 2.205854096322920145e-06 2.529312607464235639e-06 2.938848976204680773e-06 3.532292878166042431e-06 4.211067617428614724e-06 4.990439308976136414e-06 5.832018911831939575e-06 6.431102838700378993e-06 6.426197534334340143e-06 5.397498978946048442e-06 3.741970273366558140e-06 3.347344501153215215e-06 3.847090856490979103e-06 3.674513463921127957e-06
1.016555603857103246e-06 1.100825313830131182e-06 1.113990026570832523e-06 1.199380515354328545e-06 1.242328609601701360e-06 1.325937891721835760e-06 1.374582848555702290e-06 1.431220895461355597e-06 1.478088464897024788e-06 1.581868218302403849e-06 1.717912181217627254e-06 1.867056285575427400e-06 2.075947126534312149e-06 2.341319182737275531e-06 2.686398695068825078e-06 3.195834766741383455e-06 3.800459961336457788e-06 4.566037812269240791e-06 5.518227093731511078e-06 6.426197534334340143e-06 7.042890938766415631e-06 6.632558902534235566e-06 5.133755688855085758e-06 4.151294929886426852e-06 4.198227462243318451e-06 3.888004452079437645e-06
1.087746560590504253e-06 1.167805268101335541e-06 1.194394846792883077e-06 1.273169072566789959e-06 1.297775876390525851e-06 1.359801693581066283e-06 1.387776263720423597e-06 1.425252744150591482e-06 1.431521138304956420e-06 1.492177385664663685e-06 1.566273762050038945e-06 1.634537363316868342e-06 1.750326702970710853e-06 1.897686606631430628e-06 2.087539981799469931e-06 2.379284697193328176e-06 2.780358708768277751e-06 3.393651153202351464e-06 4.316393384072032966e-06 5.397498978946048442e-06 6.632558902534235566e-06 7.434896336468493084e-06 6.805707806359916642e-06 5.383976042205223115e-06 4.463719955050136515e-06 3.823338911301977095e-06
1.212686143058907409e-06 1.271374117159057369e-06 1.305612825749693277e-06 1.368969254119627525e-06 1.362825393622704528e-06 1.427104354781895881e-06 1.437310541839710349e-06 1.459367984833315530e-06 1.446051722768343171e-06 1.470473038714452565e-06 1.498660548233176924e-06 1.498257975096330553e-06 1.538718917577552055e-06 1.587425296973781796e-06 1.636990918774797386e-06 1.696121596570418816e-06 1.857580717597269872e-06 2.171021688716800735e-06 2.808612153460664403e-06 3.741970273366558140e-06 5.133755688855085758e-06 6.805707806359916642e-06 7.658143227997911323e-06 6.713310053595072515e-06 4.828049002989888300e-06 3.848179423125778738e-06
1.365357351165105850e-06 1.367725636682017884e-06 1.418622846677139877e-06 1.480686750743347719e-06 1.457433963797332096e-06 1.553945510515846009e-06 1.542385801033394166e-06 1.566709427387464175e-06 1.577729594449092570e-06 1.604154798206575628e-06 1.646768113929555032e-06 1.658280670524953373e-06 1.735230081957182472e-06 1.827217554872139210e-06 1.931078645715341730e-06 2.035580881496458332e-06 2.196236982385889512e-06 2.411948261534673653e-06 2.811172828578417605e-06 3.347344501153215215e-06 4.151294929886426852e-06 5.383976042205223115e-06 6.713310053595072515e-06 7.460667822209163718e-06 6.277476900651197333e-06 4.821685861093106913e-06
1.386535904472589319e-06 1.350708951430014284e-06 1.417068137500201425e-06 1.488090499594503563e-06 1.493664202137989865e-06 1.593190113198499498e-06 1.586837490685435830e-06 1.625527531389427383e-06 1.657901348619527794e-06 1.698566663233136939e-06 1.758488965873830816e-06 1.803491676019323630e-06 1.940066900518742947e-06 2.087725406686983933e-06 2.279717763944881895e-06 2.511245801560329453e-06 2.761488074740625586e-06 3.076837201715426129e-06 3.455282831461676426e-06 3.847090856490979103e-06 4.198227462243318451e-06 4.463719955050136515e-06 4.828049002989888300e-06 6.277476900651197333e-06 7.633446605836832148e-06 6.425090471681043670e-06
1.364133902975209301e-06 1.320080248694867501e-06 1.405896887241046088e-06 1.462556706851713496e-06 1.478267744746823004e-06 1.562965606043960237e-06 1.568200275679502660e-06 1.597004039423085606e-06 1.640389346062684141e-06 1.673452066873211476e-06 1.743537821008541048e-06 1.781399283797561402e-06 1.897945670754160378e-06 2.050967408680750502e-06 2.277685404903518411e-06 2.516590455240372671e-06 2.784306088708597084e-06 3.077327307579298340e-06 3.368033760147395431e-06 3.674513463921127957e-06 3.888004452079437645e-06 3.823338911301977095e-06 3.848179423125778738e-06 4.821685861093106913e-06 6.425090471681043670e-06 7.475469502680592194e-06
