4.514506719714368166e-07 4.204356468382618217e-07 4.233181135941874637e-07 4.203807398697004922e-07 4.175005653891485463e-07 4.248790740507032925e-07 4.174876389378529015e-07 4.202601073785582910e-07 4.087518714615378916e-07 4.009671325406080803e-07 3.983461478184419485e-07 3.896302419204953236e-07 3.818880388889041320e-07 3.771414383492962995e-07 3.648320412336458434e-07 3.256986639834376297e-07 2.677794929916419489e-07 2.108089579753846387e-07 1.923291904803768182e-07 1.876348757365864904e-07 1.801921256249042279e-07 2.110025117205030860e-07 2.748187275662560932e-07 3.334131885488959741e-07 4.181727373787418031e-07 4.034122844072839978e-07
4.204356468382618217e-07 4.531533652081410176e-07 4.335027577575048530e-07 4.285298711261717994e-07 4.286693937123440759e-07 4.360756854433399452e-07 4.321971062506557925e-07 4.354101069734494051e-07 4.251034107801371405e-07 4.185528373778403479e-07 4.136948868411534630e-07 4.018791514960115752e-07 3.920386201047342794e-07 3.848859163366997879e-07 3.720100642444330898e-07 3.337801026842832570e-07 2.791364844792287962e-07 2.267785412377965569e-07 2.149762509886738619e-07 2.046338143652008408e-07 1.949142880318556188e-07 2.161183264301635594e-07 2.498083089389362221e-07 3.205944482269147028e-07 4.623708738306730559e-07 4.776153667763638600e-07
4.233181135941874637e-07 4.335027577575048530e-07 4.592266616071260332e-07 4.425525893386106027e-07 4.392450217148482779e-07 4.458510277869680462e-07 4.401872100602261770e-07 4.442650584737184886e-07 4.354684454941918357e-07 4.262012999888366308e-07 4.231627349383487668e-07 4.119590669193414941e-07 4.022756757263930695e-07 3.955658594679226536e-07 3.825948141496816598e-07 3.455859998272805671e-07 2.904247031140479997e-07 2.435609621307286174e-07 2.310139776395612290e-07 2.231588146180534258e-07 2.040149639406533438e-07 2.222731162126738183e-07 2.713965827976881932e-07 3.589455503207098339e-07 4.661739795634433842e-07 4.664855900660012645e-07
4.203807398697004922e-07 4.285298711261717994e-07 4.425525893386106027e-07 4.595065372048342201e-07 4.500650692427822603e-07 4.572815129922095320e-07 4.534865989662638597e-07 4.607321476842695609e-07 4.540457266801110497e-07 4.479281774056107457e-07 4.457032801537343233e-07 4.369785117613516847e-07 4.275538692707370279e-07 4.180225614025365853e-07 4.034491241035923163e-07 3.624703399254488766e-07 3.056402777286923610e-07 2.560368238777501453e-07 2.380212446898105787e-07 2.234193505339859509e-07 2.006286338498981767e-07 2.132652079247783236e-07 2.650703970754342013e-07 3.581184438559898938e-07 4.706744999769684169e-07 4.967924837716640591e-07
4.175005653891485463e-07 4.286693937123440759e-07 4.392450217148482779e-07 4.500650692427822603e-07 4.679099372979682928e-07 4.706765086797581961e-07 4.656552300302041463e-07 4.709651686647035297e-07 4.631034496176692649e-07 4.571053210486407237e-07 4.564333114926096507e-07 4.463966535833684872e-07 4.388951425309251740e-07 4.256427383929140444e-07 4.092440609316684671e-07 3.669027346540079570e-07 3.057311014930846087e-07 2.509811548953723156e-07 2.321475329978671929e-07 2.197565422653100751e-07 1.916764431740392186e-07 1.991427689166308957e-07 2.560706605650744740e-07 3.548268370215440936e-07 4.767537628262800236e-07 5.088452810061342539e-07
4.248790740507032925e-07 4.360756854433399452e-07 4.458510277869680462e-07 4.572815129922095320e-07 4.706765086797581961e-07 4.936705271420252489e-07 4.865601867860984793e-07 4.930606233009162691e-07 4.877791906692417019e-07 4.839929762665048123e-07 4.853273664811545176e-07 4.804754160082882898e-07 4.759523594706885370e-07 4.659118546923381783e-07 4.520160247569656280e-07 4.111905956867522436e-07 3.510027447598962932e-07 2.971766851862728785e-07 2.799076340226184431e-07 2.658736612774052789e-07 2.324887886600988209e-07 2.226080167816262102e-07 2.623291660820701201e-07 3.612464223438694625e-07 5.050577709986744580e-07 5.414460414960172592e-07
4.174876389378529015e-07 4.321971062506557925e-07 4.401872100602261770e-07 4.534865989662638597e-07 4.656552300302041463e-07 4.865601867860984793e-07 4.948104450852727073e-07 5.023036949341215902e-07 4.969916674760034169e-07 4.954400103819499510e-07 4.977807295039787789e-07 4.940304864414681724e-07 4.903745838602937954e-07 4.829893413618986954e-07 4.745777336395983774e-07 4.387838530905424384e-07 3.823802748689260505e-07 3.273534109804656883e-07 3.056008435310954524e-07 2.834660929919407447e-07 2.402217286388654267e-07 2.224418977403111878e-07 2.552897154672129216e-07 3.553371016947146882e-07 4.950529910358377255e-07 5.591099242770594716e-07
4.202601073785582910e-07 4.354101069734494051e-07 4.442650584737184886e-07 4.607321476842695609e-07 4.709651686647035297e-07 4.930606233009162691e-07 5.023036949341215902e-07 5.231482273932640004e-07 5.202897603564528900e-07 5.209530765733873109e-07 5.254622194801845106e-07 5.236701709734758663e-07 5.222077438305449024e-07 5.176494413370796369e-07 5.111244635870218674e-07 4.758920599235142648e-07 4.216364271087646601e-07 3.666389934783332227e-07 3.482463555132585798e-07 3.255283523798376660e-07 2.770922232481894603e-07 2.504690502805760511e-07 2.788418202931663734e-07 3.789384832638032034e-07 5.120224404196643913e-07 5.771723452726478445e-07
4.087518714615378916e-07 4.251034107801371405e-07 4.354684454941918357e-07 4.540457266801110497e-07 4.631034496176692649e-07 4.877791906692417019e-07 4.969916674760034169e-07 5.202897603564528900e-07 5.332055898025603111e-07 5.385727218493743134e-07 5.478697287722573694e-07 5.529804784915652537e-07 5.562261795424990409e-07 5.577386015557155766e-07 5.558695527178851224e-07 5.242871831340479306e-07 4.766147988258944642e-07 4.279739428755736622e-07 4.136215841271012073e-07 3.854752431465708827e-07 3.201768306434174906e-07 2.699130637859519256e-07 2.679510072295666948e-07 3.630799325349916848e-07 5.028231989476192271e-07 5.651964395421057500e-07
4.009671325406080803e-07 4.185528373778403479e-07 4.262012999888366308e-07 4.479281774056107457e-07 4.571053210486407237e-07 4.839929762665048123e-07 4.954400103819499510e-07 5.209530765733873109e-07 5.385727218493743134e-07 5.596859369860928137e-07 5.766890997634445315e-07 5.899320768256410797e-07 5.992363785178465638e-07 6.047126240908559923e-07 6.058681428626335421e-07 5.789358886002633786e-07 5.357798624126115858e-07 4.895331616667341976e-07 4.733829029427981876e-07 4.383588422073488453e-07 3.583295674081973244e-07 2.795823729125084298e-07 2.603022572342666051e-07 3.609768564234016187e-07 5.045495333673047219e-07 5.574380869150958953e-07
3.983461478184419485e-07 4.136948868411534630e-07 4.231627349383487668e-07 4.457032801537343233e-07 4.564333114926096507e-07 4.853273664811545176e-07 4.977807295039787789e-07 5.254622194801845106e-07 5.478697287722573694e-07 5.766890997634445315e-07 6.108443238056563348e-07 6.367861117603672899e-07 6.577722798118964341e-07 6.707896588107729128e-07 6.784012709270840072e-07 6.575107595792293096e-07 6.187222213810650161e-07 5.750162340924930536e-07 5.552198481739685989e-07 5.147736926483479183e-07 4.195074252743508007e-07 3.101281112442357714e-07 2.657851386635276449e-07 3.617864466849228429e-07 5.092186669242887921e-07 5.626421824497596074e-07
3.896302419204953236e-07 4.018791514960115752e-07 4.119590669193414941e-07 4.369785117613516847e-07 4.463966535833684872e-07 4.804754160082882898e-07 4.940304864414681724e-07 5.236701709734758663e-07 5.529804784915652537e-07 5.899320768256410797e-07 6.367861117603672899e-07 6.891529104940607339e-07 7.297319514241666179e-07 7.585152285392760125e-07 7.797447778011720790e-07 7.690486565490108264e-07 7.355133313968614712e-07 6.966489551702628891e-07 6.745136706474028406e-07 6.205818462041122178e-07 5.009026451520731237e-07 3.454512280260979527e-07 2.728977217183227506e-07 3.678760449634583990e-07 5.210382535879792772e-07 5.736529827051652213e-07
3.818880388889041320e-07 3.920386201047342794e-07 4.022756757263930695e-07 4.275538692707370279e-07 4.388951425309251740e-07 4.759523594706885370e-07 4.903745838602937954e-07 5.222077438305449024e-07 5.562261795424990409e-07 5.992363785178465638e-07 6.577722798118964341e-07 7.297319514241666179e-07 8.035746839533366234e-07 8.632652565771510152e-07 9.059497428601736044e-07 9.110021828517713742e-07 8.875099752968899710e-07 8.567786382555438140e-07 8.301307088516590277e-07 7.632985698362999376e-07 6.259281063479238709e-07 4.224514935918164580e-07 3.169954025872936190e-07 4.084267804825783119e-07 5.616909838457902057e-07 6.043522792192436692e-07
3.771414383492962995e-07 3.848859163366997879e-07 3.955658594679226536e-07 4.180225614025365853e-07 4.256427383929140444e-07 4.659118546923381783e-07 4.829893413618986954e-07 5.176494413370796369e-07 5.577386015557155766e-07 6.047126240908559923e-07 6.707896588107729128e-07 7.585152285392760125e-07 8.632652565771510152e-07 9.739765534901685235e-07 1.053080561240118833e-06 1.086205383720879477e-06 1.083411973645621213e-06 1.072386724895367834e-06 1.049715092588022755e-06 9.708194405817673090e-07 8.037689158911621314e-07 5.356681715652193295e-07 3.770123709416448137e-07 4.648278666837105974e-07 6.232566156330430831e-07 6.452117900982084674e-07
3.648320412336458434e-07 3.720100642444330898e-07 3.825948141496816598e-07 4.034491241035923163e-07 4.092440609316684671e-07 4.520160247569656280e-07 4.745777336395983774e-07 5.111244635870218674e-07 5.558695527178851224e-07 6.058681428626335421e-07 6.784012709270840072e-07 7.797447778011720790e-07 9.059497428601736044e-07 1.053080561240118833e-06 1.182071036629239437e-06 1.253039280790854213e-06 1.277115699282438589e-06 1.288200370692839149e-06 1.272418121709133516e-06 1.188967700328111242e-06 9.921573720499441937e-07 6.592924665684456851e-07 4.321939907322557234e-07 4.956917218935610060e-07 6.464732802798261531e-07 6.919717613347203725e-07
3.256986639834376297e-07 3.337801026842832570e-07 3.455859998272805671e-07 3.624703399254488766e-07 3.669027346540079570e-07 4.111905956867522436e-07 4.387838530905424384e-07 4.758920599235142648e-07 5.242871831340479306e-07 5.789358886002633786e-07 6.575107595792293096e-07 7.690486565490108264e-07 9.110021828517713742e-07 1.086205383720879477e-06 1.253039280790854213e-06 1.377409457802499170e-06 1.450268042354544718e-06 1.499148903079004899e-06 1.495458487151568065e-06 1.409589063100073184e-06 1.180637745857920274e-06 7.789020873332675682e-07 4.775522379660302235e-07 5.245798317970141946e-07 6.554896054700110634e-07 7.012071074807251893e-07
2.677794929916419489e-07 2.791364844792287962e-07 2.904247031140479997e-07 3.056402777286923610e-07 3.057311014930846087e-07 3.510027447598962932e-07 3.823802748689260505e-07 4.216364271087646601e-07 4.766147988258944642e-07 5.357798624126115858e-07 6.187222213810650161e-07 7.355133313968614712e-07 8.875099752968899710e-07 1.083411973645621213e-06 1.277115699282438589e-06 1.450268042354544718e-06 1.610094481060864442e-06 1.734517715641142392e-06 1.764742853494302949e-06 1.679295329965497128e-06 1.421211004823754306e-06 9.503062867644630818e-07 5.461100892241528862e-07 5.553132805848773097e-07 6.436982313165172753e-07 6.873212631908469177e-07
2.108089579753846387e-07 2.267785412377965569e-07 2.435609621307286174e-07 2.560368238777501453e-07 2.509811548953723156e-07 2.971766851862728785e-07 3.273534109804656883e-07 3.666389934783332227e-07 4.279739428755736622e-07 4.895331616667341976e-07 5.750162340924930536e-07 6.966489551702628891e-07 8.567786382555438140e-07 1.072386724895367834e-06 1.288200370692839149e-06 1.499148903079004899e-06 1.734517715641142392e-06 1.978772837129572375e-06 2.094424989950512556e-06 2.047170279787642742e-06 1.778263396387260685e-06 1.229918152979707170e-06 6.659341019631075714e-07 6.071968978058628623e-07 6.872243973829065882e-07 7.098302833216423569e-07
1.923291904803768182e-07 2.149762509886738619e-07 2.310139776395612290e-07 2.380212446898105787e-07 2.321475329978671929e-07 2.799076340226184431e-07 3.056008435310954524e-07 3.482463555132585798e-07 4.136215841271012073e-07 4.733829029427981876e-07 5.552198481739685989e-07 6.745136706474028406e-07 8.301307088516590277e-07 1.049715092588022755e-06 1.272418121709133516e-06 1.495458487151568065e-06 1.764742853494302949e-06 2.094424989950512556e-06 2.375844106155473629e-06 2.459729312332427354e-06 2.242914030931984018e-06 1.653229729384648101e-06 9.089656243353132658e-07 6.718492351790384676e-07 7.349363484006473012e-07 7.531108184782567202e-07
1.876348757365864904e-07 2.046338143652008408e-07 2.231588146180534258e-07 2.234193505339859509e-07 2.197565422653100751e-07 2.658736612774052789e-07 2.834660929919407447e-07 3.255283523798376660e-07 3.854752431465708827e-07 4.383588422073488453e-07 5.147736926483479183e-07 6.205818462041122178e-07 7.632985698362999376e-07 9.708194405817673090e-07 1.188967700328111242e-06 1.409589063100073184e-06 1.679295329965497128e-06 2.047170279787642742e-06 2.459729312332427354e-06 2.736434330802079198e-06 2.656407294081846338e-06 2.101156884185657527e-06 1.236611438077092209e-06 7.735172234296092797e-07 7.947405348348363738e-07 7.886281406203583189e-07
1.801921256249042279e-07 1.949142880318556188e-07 2.040149639406533438e-07 2.006286338498981767e-07 1.916764431740392186e-07 2.324887886600988209e-07 2.402217286388654267e-07 2.770922232481894603e-07 3.201768306434174906e-07 3.583295674081973244e-07 4.195074252743508007e-07 5.009026451520731237e-07 6.259281063479238709e-07 8.037689158911621314e-07 9.921573720499441937e-07 1.180637745857920274e-06 1.421211004823754306e-06 1.778263396387260685e-06 2.242914030931984018e-06 2.656407294081846338e-06 2.863783422538817362e-06 2.552717210034579797e-06 1.693743574791265852e-06 9.692817075786884687e-07 8.453037933092627143e-07 8.219873680686175554e-07
2.110025117205030860e-07 2.161183264301635594e-07 2.222731162126738183e-07 2.132652079247783236e-07 1.991427689166308957e-07 2.226080167816262102e-07 2.224418977403111878e-07 2.504690502805760511e-07 2.699130637859519256e-07 2.795823729125084298e-07 3.101281112442357714e-07 3.454512280260979527e-07 4.224514935918164580e-07 5.356681715652193295e-07 6.592924665684456851e-07 7.789020873332675682e-07 9.503062867644630818e-07 1.229918152979707170e-06 1.653229729384648101e-06 2.101156884185657527e-06 2.552717210034579797e-06 2.793701643902418062e-06 2.289959058136010645e-06 1.472378203285263226e-06 9.907508451229758389e-07 9.037260035249184005e-07
2.748187275662560932e-07 2.498083089389362221e-07 2.713965827976881932e-07 2.650703970754342013e-07 2.560706605650744740e-07 2.623291660820701201e-07 2.552897154672129216e-07 2.788418202931663734e-07 2.679510072295666948e-07 2.603022572342666051e-07 2.657851386635276449e-07 2.728977217183227506e-07 3.169954025872936190e-07 3.770123709416448137e-07 4.321939907322557234e-07 4.775522379660302235e-07 5.461100892241528862e-07 6.659341019631075714e-07 9.089656243353132658e-07 1.236611438077092209e-06 1.693743574791265852e-06 2.289959058136010645e-06 2.605469648735232953e-06 2.243320744396694380e-06 1.480278982201862381e-06 1.132699057966603551e-06
3.334131885488959741e-07 3.205944482269147028e-07 3.589455503207098339e-07 3.581184438559898938e-07 3.548268370215440936e-07 3.612464223438694625e-07 3.553371016947146882e-07 3.789384832638032034e-07 3.630799325349916848e-07 3.609768564234016187e-07 3.617864466849228429e-07 3.678760449634583990e-07 4.084267804825783119e-07 4.648278666837105974e-07 4.956917218935610060e-07 5.245798317970141946e-07 5.553132805848773097e-07 6.071968978058628623e-07 6.718492351790384676e-07 7.735172234296092797e-07 9.692817075786884687e-07 1.472378203285263226e-06 2.243320744396694380e-06 2.859470347600735257e-06 2.354823543214280542e-06 1.534695574916545484e-06
4.181727373787418031e-07 4.623708738306730559e-07 4.661739795634433842e-07 4.706744999769684169e-07 4.767537628262800236e-07 5.050577709986744580e-07 4.950529910358377255e-07 5.120224404196643913e-07 5.028231989476192271e-07 5.045495333673047219e-07 5.092186669242887921e-07 5.210382535879792772e-07 5.616909838457902057e-07 6.232566156330430831e-07 6.464732802798261531e-07 6.554896054700110634e-07 6.436982313165172753e-07 6.872243973829065882e-07 7.349363484006473012e-07 7.947405348348363738e-07 8.453037933092627143e-07 9.907508451229758389e-07 1.480278982201862381e-06 2.354823543214280542e-06 2.908835848463559129e-06 2.245514616937070443e-06
4.034122844072839978e-07 4.776153667763638600e-07 4.664855900660012645e-07 4.967924837716640591e-07 5.088452810061342539e-07 5.414460414960172592e-07 5.591099242770594716e-07 5.771723452726478445e-07 5.651964395421057500e-07 5.574380869150958953e-07 5.626421824497596074e-07 5.736529827051652213e-07 6.043522792192436692e-07 6.452117900982084674e-07 6.919717613347203725e-07 7.012071074807251893e-07 6.873212631908469177e-07 7.098302833216423569e-07 7.531108184782567202e-07 7.886281406203583189e-07 8.219873680686175554e-07 9.037260035249184005e-07 1.132699057966603551e-06 1.534695574916545484e-06 2.245514616937070443e-06 2.882574894535009225e-06
