6.815600416629511542e-07 6.465415150345094004e-07 6.566224907993792367e-07 6.564116198331835180e-07 6.473081235700856367e-07 6.481767541001105615e-07 6.536180218258186036e-07 6.537640613149130456e-07 6.527591166109937163e-07 6.430548952706559313e-07 6.430741113588434276e-07 6.405959081311886066e-07 6.377018012696385602e-07 6.413676023614688900e-07 6.427605146729908953e-07 6.383883775844770624e-07 6.385945987916977731e-07 6.309495373317174613e-07 6.208511494278741303e-07 6.283309459378440930e-07 6.284303175571166063e-07 6.312681121288909334e-07 6.646145356294670885e-07 6.514251107387874837e-07 6.706197596303315105e-07 7.254619015958380736e-07
6.465415150345094004e-07 6.820595917523978268e-07 6.639693880512347325e-07 6.620260949967234405e-07 6.483029655460423940e-07 6.500067465147478878e-07 6.530483862584302911e-07 6.460787131768602832e-07 6.427410004120140554e-07 6.273666811352355496e-07 6.239502294423986998e-07 6.186724292918332811e-07 6.122865587485008803e-07 6.140085238571783565e-07 6.143729151830859609e-07 6.116205732352522648e-07 6.177796764047593588e-07 6.158247285495560512e-07 6.129763032936564858e-07 6.231249464364674806e-07 6.174853277920733684e-07 6.241300576691196714e-07 6.508823583211063187e-07 6.274760007530314542e-07 6.195651693162303611e-07 6.387022801582390232e-07
6.566224907993792367e-07 6.639693880512347325e-07 7.095270904696440419e-07 6.936411327481178554e-07 6.805733761532078020e-07 6.807848199896569865e-07 6.895916059930442435e-07 6.849832716514868056e-07 6.795793686963589529e-07 6.694708820693262010e-07 6.678731052892462383e-07 6.673348791502915416e-07 6.620707662910751675e-07 6.644117425890740108e-07 6.622688480788579903e-07 6.593103966118470492e-07 6.676577818390145447e-07 6.649195528821966371e-07 6.604898841744480333e-07 6.689756711106008162e-07 6.562346037661358104e-07 6.332000446791587260e-07 6.280903644565821566e-07 6.023653354731815939e-07 6.204208961869877250e-07 6.719786996863264498e-07
6.564116198331835180e-07 6.620260949967234405e-07 6.936411327481178554e-07 7.199035661718598081e-07 6.957684883593249390e-07 6.961768811204359017e-07 7.064146404571640971e-07 7.041324746236183928e-07 7.052882389053667815e-07 6.938507485022662876e-07 6.942737333896952665e-07 6.948471714426402671e-07 6.946753080868331564e-07 6.970789726734526251e-07 6.966271831112391002e-07 6.934791414447478250e-07 7.030658432649121650e-07 7.011510024200845975e-07 6.978512299607692790e-07 7.114350610077508814e-07 6.989360037619330726e-07 6.643860106780135718e-07 6.612574856632199840e-07 6.249210892792069342e-07 6.243832072951787761e-07 6.776787922244041503e-07
6.473081235700856367e-07 6.483029655460423940e-07 6.805733761532078020e-07 6.957684883593249390e-07 7.042708510524995348e-07 6.941756090473855570e-07 7.058544632962731469e-07 7.060172385231213590e-07 7.044857222713958911e-07 6.961169648168667299e-07 6.967193564808080362e-07 6.971111631176382752e-07 7.033158293181441303e-07 7.102813436172562876e-07 7.142349388903081546e-07 7.135431517240523039e-07 7.236583348943530793e-07 7.177864760260258273e-07 7.087048880866256720e-07 7.157867479624897695e-07 6.940669708233107184e-07 6.469472840479236425e-07 6.415195872391351099e-07 6.078529676453928330e-07 6.266092442083054472e-07 6.761756692126092101e-07
6.481767541001105615e-07 6.500067465147478878e-07 6.807848199896569865e-07 6.961768811204359017e-07 6.941756090473855570e-07 7.104109828196918176e-07 7.167469892706145781e-07 7.163829596435560987e-07 7.158015788218312793e-07 7.083640994571694809e-07 7.108171357515462266e-07 7.124553396547279288e-07 7.141340012847100722e-07 7.198260949173505255e-07 7.232383618253195158e-07 7.216229225752738983e-07 7.335787801607652155e-07 7.337502124756804590e-07 7.289062448164885296e-07 7.396086693106896528e-07 7.224709460769870634e-07 6.801744687918112597e-07 6.727398278125756290e-07 6.242184528804209843e-07 6.183691814448404136e-07 6.883176030779053778e-07
6.536180218258186036e-07 6.530483862584302911e-07 6.895916059930442435e-07 7.064146404571640971e-07 7.058544632962731469e-07 7.167469892706145781e-07 7.422802944944711080e-07 7.429202934615937168e-07 7.461780206461281070e-07 7.413029993675429222e-07 7.453110424864034979e-07 7.509625371732122428e-07 7.557143314283204437e-07 7.613212048662222311e-07 7.636848023566669612e-07 7.601405621223110313e-07 7.691396389079793774e-07 7.674788847139688515e-07 7.611974340329453691e-07 7.680950341414463372e-07 7.440831862517879481e-07 6.956237382376977589e-07 7.001091906394820954e-07 6.652692014481787784e-07 6.654141108448239455e-07 7.398902011702421125e-07
6.537640613149130456e-07 6.460787131768602832e-07 6.849832716514868056e-07 7.041324746236183928e-07 7.060172385231213590e-07 7.163829596435560987e-07 7.429202934615937168e-07 7.614973168936314467e-07 7.687630608662640816e-07 7.684149609511888593e-07 7.778913286750491402e-07 7.902493274846348435e-07 8.018209504636353101e-07 8.117951436433760117e-07 8.156939630252042029e-07 8.139008962956385563e-07 8.242863567806917860e-07 8.237506881149366621e-07 8.150392879690982620e-07 8.165330457289116099e-07 7.792260544518021360e-07 7.106618881193258246e-07 7.136003114296745097e-07 6.947183952607501106e-07 6.982360919557948287e-07 7.757367201788737146e-07
6.527591166109937163e-07 6.427410004120140554e-07 6.795793686963589529e-07 7.052882389053667815e-07 7.044857222713958911e-07 7.158015788218312793e-07 7.461780206461281070e-07 7.687630608662640816e-07 7.927508100330644885e-07 7.961172777468663051e-07 8.117494043767928208e-07 8.316611134181301758e-07 8.480159865518208326e-07 8.615182154618368112e-07 8.687109413286365283e-07 8.697626671798527430e-07 8.796247573355426081e-07 8.769935640659717745e-07 8.654047171847262044e-07 8.609488078474540321e-07 8.072391433782986609e-07 7.121072574828424407e-07 7.097753246914197851e-07 7.059533671410750609e-07 7.183727867694737810e-07 8.003864273107431340e-07
6.430548952706559313e-07 6.273666811352355496e-07 6.694708820693262010e-07 6.938507485022662876e-07 6.961169648168667299e-07 7.083640994571694809e-07 7.413029993675429222e-07 7.684149609511888593e-07 7.961172777468663051e-07 8.166504657088969511e-07 8.404683417781276361e-07 8.694520384874517658e-07 8.936333587578515950e-07 9.149469585279257784e-07 9.283990691889234854e-07 9.325122827479572469e-07 9.432894846299449731e-07 9.414440284352963114e-07 9.257071553923672591e-07 9.057120572705965061e-07 8.343067084799390130e-07 7.177394662088367560e-07 7.079265996857168573e-07 7.139049378873494613e-07 7.392637985959414947e-07 8.351314579082931550e-07
6.430741113588434276e-07 6.239502294423986998e-07 6.678731052892462383e-07 6.942737333896952665e-07 6.967193564808080362e-07 7.108171357515462266e-07 7.453110424864034979e-07 7.778913286750491402e-07 8.117494043767928208e-07 8.404683417781276361e-07 8.865264595458004540e-07 9.311729217560834207e-07 9.652735296288996266e-07 9.971774709177394134e-07 1.019794227309769566e-06 1.029779074717333333e-06 1.043934300315172475e-06 1.043446323597558284e-06 1.024841851837244424e-06 9.967570125764644191e-07 9.147516537457554110e-07 7.723234816261128292e-07 7.501356085210778562e-07 7.567592434347146347e-07 7.715150022085846600e-07 8.671979856353472700e-07
6.405959081311886066e-07 6.186724292918332811e-07 6.673348791502915416e-07 6.948471714426402671e-07 6.971111631176382752e-07 7.124553396547279288e-07 7.509625371732122428e-07 7.902493274846348435e-07 8.316611134181301758e-07 8.694520384874517658e-07 9.311729217560834207e-07 1.004565541463886831e-06 1.054208020969047705e-06 1.101570629671176032e-06 1.138657820561679710e-06 1.160993064255627363e-06 1.186150569139112578e-06 1.192849081435851701e-06 1.172203670891054467e-06 1.137379819332897993e-06 1.034956293899541788e-06 8.422381180386831002e-07 7.891765567767354369e-07 7.906198425419587624e-07 8.060821653368496450e-07 9.051414145040395662e-07
6.377018012696385602e-07 6.122865587485008803e-07 6.620707662910751675e-07 6.946753080868331564e-07 7.033158293181441303e-07 7.141340012847100722e-07 7.557143314283204437e-07 8.018209504636353101e-07 8.480159865518208326e-07 8.936333587578515950e-07 9.652735296288996266e-07 1.054208020969047705e-06 1.132222794552027287e-06 1.203945126535950600e-06 1.259358378357125993e-06 1.296553425849981187e-06 1.328878395285883757e-06 1.337111297830580477e-06 1.308774900156236577e-06 1.260395511812554423e-06 1.130320699243013773e-06 8.906878389751963736e-07 8.168972260096169591e-07 8.329700062019818311e-07 8.607203593874559774e-07 9.714050861748641846e-07
6.413676023614688900e-07 6.140085238571783565e-07 6.644117425890740108e-07 6.970789726734526251e-07 7.102813436172562876e-07 7.198260949173505255e-07 7.613212048662222311e-07 8.117951436433760117e-07 8.615182154618368112e-07 9.149469585279257784e-07 9.971774709177394134e-07 1.101570629671176032e-06 1.203945126535950600e-06 1.316051824148837382e-06 1.401945632964664239e-06 1.460935316822267670e-06 1.508730015534771696e-06 1.525342145871075896e-06 1.485015934182622593e-06 1.414086766758902346e-06 1.255117480892876431e-06 9.652104956574084697e-07 8.583682609641548041e-07 8.900072390309828276e-07 9.248946164434589987e-07 1.046446125234544670e-06
6.427605146729908953e-07 6.143729151830859609e-07 6.622688480788579903e-07 6.966271831112391002e-07 7.142349388903081546e-07 7.232383618253195158e-07 7.636848023566669612e-07 8.156939630252042029e-07 8.687109413286365283e-07 9.283990691889234854e-07 1.019794227309769566e-06 1.138657820561679710e-06 1.259358378357125993e-06 1.401945632964664239e-06 1.530187528816376336e-06 1.622216015971330242e-06 1.698405363706805783e-06 1.737360112804833154e-06 1.699632902012526901e-06 1.618563163396321999e-06 1.434569263205369266e-06 1.085542117551451292e-06 9.084522995594636075e-07 9.340955230956001011e-07 9.797902338116902450e-07 1.100952622664263993e-06
6.383883775844770624e-07 6.116205732352522648e-07 6.593103966118470492e-07 6.934791414447478250e-07 7.135431517240523039e-07 7.216229225752738983e-07 7.601405621223110313e-07 8.139008962956385563e-07 8.697626671798527430e-07 9.325122827479572469e-07 1.029779074717333333e-06 1.160993064255627363e-06 1.296553425849981187e-06 1.460935316822267670e-06 1.622216015971330242e-06 1.770094878418739264e-06 1.901749075599985596e-06 1.985084929594949296e-06 1.973175270167383754e-06 1.900432812313287485e-06 1.698121002300542798e-06 1.287348756342454557e-06 9.978312394830856837e-07 9.789213049372549254e-07 1.045236167588363459e-06 1.177453298038050571e-06
6.385945987916977731e-07 6.177796764047593588e-07 6.676577818390145447e-07 7.030658432649121650e-07 7.236583348943530793e-07 7.335787801607652155e-07 7.691396389079793774e-07 8.242863567806917860e-07 8.796247573355426081e-07 9.432894846299449731e-07 1.043934300315172475e-06 1.186150569139112578e-06 1.328878395285883757e-06 1.508730015534771696e-06 1.698405363706805783e-06 1.901749075599985596e-06 2.132837579855218871e-06 2.304173926615679417e-06 2.344958739733780335e-06 2.295225403358102230e-06 2.080616329402670864e-06 1.591345612679260056e-06 1.130193993422498251e-06 1.035763540930228717e-06 1.138800168804602930e-06 1.278335455057927605e-06
6.309495373317174613e-07 6.158247285495560512e-07 6.649195528821966371e-07 7.011510024200845975e-07 7.177864760260258273e-07 7.337502124756804590e-07 7.674788847139688515e-07 8.237506881149366621e-07 8.769935640659717745e-07 9.414440284352963114e-07 1.043446323597558284e-06 1.192849081435851701e-06 1.337111297830580477e-06 1.525342145871075896e-06 1.737360112804833154e-06 1.985084929594949296e-06 2.304173926615679417e-06 2.611181010867302893e-06 2.753021618992603193e-06 2.751714337830325723e-06 2.537888024252757227e-06 1.963449023543426877e-06 1.295799820014527811e-06 1.108271489594258687e-06 1.278954722412035819e-06 1.410209521367191942e-06
6.208511494278741303e-07 6.129763032936564858e-07 6.604898841744480333e-07 6.978512299607692790e-07 7.087048880866256720e-07 7.289062448164885296e-07 7.611974340329453691e-07 8.150392879690982620e-07 8.654047171847262044e-07 9.257071553923672591e-07 1.024841851837244424e-06 1.172203670891054467e-06 1.308774900156236577e-06 1.485015934182622593e-06 1.699632902012526901e-06 1.973175270167383754e-06 2.344958739733780335e-06 2.753021618992603193e-06 3.050893641458262609e-06 3.164352927865112190e-06 2.978419157869919007e-06 2.351514767138640816e-06 1.481856392973132592e-06 1.150400918124765173e-06 1.389290062535775161e-06 1.509825722257156298e-06
6.283309459378440930e-07 6.231249464364674806e-07 6.689756711106008162e-07 7.114350610077508814e-07 7.157867479624897695e-07 7.396086693106896528e-07 7.680950341414463372e-07 8.165330457289116099e-07 8.609488078474540321e-07 9.057120572705965061e-07 9.967570125764644191e-07 1.137379819332897993e-06 1.260395511812554423e-06 1.414086766758902346e-06 1.618563163396321999e-06 1.900432812313287485e-06 2.295225403358102230e-06 2.751714337830325723e-06 3.164352927865112190e-06 3.480030630110919040e-06 3.433743589955692330e-06 2.843426455477223970e-06 1.845231825783095793e-06 1.301856347471550570e-06 1.513074052019524391e-06 1.601105981366082982e-06
6.284303175571166063e-07 6.174853277920733684e-07 6.562346037661358104e-07 6.989360037619330726e-07 6.940669708233107184e-07 7.224709460769870634e-07 7.440831862517879481e-07 7.792260544518021360e-07 8.072391433782986609e-07 8.343067084799390130e-07 9.147516537457554110e-07 1.034956293899541788e-06 1.130320699243013773e-06 1.255117480892876431e-06 1.434569263205369266e-06 1.698121002300542798e-06 2.080616329402670864e-06 2.537888024252757227e-06 2.978419157869919007e-06 3.433743589955692330e-06 3.698144950150716817e-06 3.363115278242445584e-06 2.420896787920561625e-06 1.638907763789581231e-06 1.623747256290202504e-06 1.649668442859596710e-06
6.312681121288909334e-07 6.241300576691196714e-07 6.332000446791587260e-07 6.643860106780135718e-07 6.469472840479236425e-07 6.801744687918112597e-07 6.956237382376977589e-07 7.106618881193258246e-07 7.121072574828424407e-07 7.177394662088367560e-07 7.723234816261128292e-07 8.422381180386831002e-07 8.906878389751963736e-07 9.652104956574084697e-07 1.085542117551451292e-06 1.287348756342454557e-06 1.591345612679260056e-06 1.963449023543426877e-06 2.351514767138640816e-06 2.843426455477223970e-06 3.363115278242445584e-06 3.595718497166346061e-06 3.116211966328079909e-06 2.260443283313072676e-06 1.816738878005487828e-06 1.692181725332526037e-06
6.646145356294670885e-07 6.508823583211063187e-07 6.280903644565821566e-07 6.612574856632199840e-07 6.415195872391351099e-07 6.727398278125756290e-07 7.001091906394820954e-07 7.136003114296745097e-07 7.097753246914197851e-07 7.079265996857168573e-07 7.501356085210778562e-07 7.891765567767354369e-07 8.168972260096169591e-07 8.583682609641548041e-07 9.084522995594636075e-07 9.978312394830856837e-07 1.130193993422498251e-06 1.295799820014527811e-06 1.481856392973132592e-06 1.845231825783095793e-06 2.420896787920561625e-06 3.116211966328079909e-06 3.557440839482705908e-06 3.065728592432903814e-06 2.112137959458015934e-06 1.775542029698750596e-06
6.514251107387874837e-07 6.274760007530314542e-07 6.023653354731815939e-07 6.249210892792069342e-07 6.078529676453928330e-07 6.242184528804209843e-07 6.652692014481787784e-07 6.947183952607501106e-07 7.059533671410750609e-07 7.139049378873494613e-07 7.567592434347146347e-07 7.906198425419587624e-07 8.329700062019818311e-07 8.900072390309828276e-07 9.340955230956001011e-07 9.789213049372549254e-07 1.035763540930228717e-06 1.108271489594258687e-06 1.150400918124765173e-06 1.301856347471550570e-06 1.638907763789581231e-06 2.260443283313072676e-06 3.065728592432903814e-06 3.424096269325431628e-06 2.671714243443665984e-06 1.950764917225003425e-06
6.706197596303315105e-07 6.195651693162303611e-07 6.204208961869877250e-07 6.243832072951787761e-07 6.266092442083054472e-07 6.183691814448404136e-07 6.654141108448239455e-07 6.982360919557948287e-07 7.183727867694737810e-07 7.392637985959414947e-07 7.715150022085846600e-07 8.060821653368496450e-07 8.607203593874559774e-07 9.248946164434589987e-07 9.797902338116902450e-07 1.045236167588363459e-06 1.138800168804602930e-06 1.278954722412035819e-06 1.389290062535775161e-06 1.513074052019524391e-06 1.623747256290202504e-06 1.816738878005487828e-06 2.112137959458015934e-06 2.671714243443665984e-06 3.137601142648307104e-06 2.703813329829498328e-06
7.254619015958380736e-07 6.387022801582390232e-07 6.719786996863264498e-07 6.776787922244041503e-07 6.761756692126092101e-07 6.883176030779053778e-07 7.398902011702421125e-07 7.757367201788737146e-07 8.003864273107431340e-07 8.351314579082931550e-07 8.671979856353472700e-07 9.051414145040395662e-07 9.714050861748641846e-07 1.046446125234544670e-06 1.100952622664263993e-06 1.177453298038050571e-06 1.278335455057927605e-06 1.410209521367191942e-06 1.509825722257156298e-06 1.601105981366082982e-06 1.649668442859596710e-06 1.692181725332526037e-06 1.775542029698750596e-06 1.950764917225003425e-06 2.703813329829498328e-06 3.631450919738951359e-06
