6.074452606329949884e-07 5.731610936706159686e-07 5.534362489455192214e-07 5.269514511395805076e-07 5.055918856491679285e-07 4.958474073334450021e-07 4.806730231531769978e-07 4.835499372491146085e-07 4.626981952592242669e-07 4.609529420381757085e-07 4.579135585736301322e-07 4.526780884352277103e-07 4.387628868399624783e-07 4.257098858828545246e-07 4.278482004153856372e-07 4.400091103330662538e-07 4.553194488691229176e-07 4.460940543871334785e-07 4.261687107713097267e-07 4.454486682119659657e-07 4.853839899534019555e-07 5.221142020843887319e-07 5.370225980424590367e-07 5.022925325782341946e-07 5.020773937665735782e-07 4.652713947334099998e-07
5.731610936706159686e-07 6.652285487627069086e-07 6.113993340847566594e-07 5.771177280154655371e-07 5.515763950734840973e-07 5.324154412169015052e-07 5.172913167785375795e-07 5.253255735441955751e-07 4.995528571982760504e-07 4.970518341795229715e-07 4.937140838854918228e-07 4.883694097205558390e-07 4.731994929654089637e-07 4.595184961342957751e-07 4.722016262692697906e-07 4.872570946933920534e-07 4.980131312613510889e-07 4.891107425840124968e-07 4.766656230108160785e-07 5.028153098535090722e-07 5.498416590897456173e-07 5.813368397871579463e-07 5.854451647791663101e-07 5.472087867692783183e-07 5.042581922873980107e-07 4.325273288522901278e-07
5.534362489455192214e-07 6.113993340847566594e-07 6.406769034734778971e-07 5.830934781055961357e-07 5.579852465341318254e-07 5.390045642540858311e-07 5.267032158665395739e-07 5.327908978077648370e-07 5.084444229059998527e-07 5.032537470033007251e-07 5.047577504709486963e-07 5.007974467857236281e-07 4.859562203240771263e-07 4.745987811587715084e-07 4.844097289770961274e-07 4.973463816661699107e-07 5.004934890659214053e-07 4.899986252852433829e-07 4.845911780448221895e-07 5.118315655013801466e-07 5.522781255546402914e-07 5.646553756175471379e-07 5.551940949280776537e-07 5.229252970525714947e-07 5.073754940523909406e-07 4.370916378133736718e-07
5.269514511395805076e-07 5.771177280154655371e-07 5.830934781055961357e-07 5.906866431111933527e-07 5.521135537270834565e-07 5.334402982354228682e-07 5.203723609499953390e-07 5.264854848344190662e-07 5.038296002972823700e-07 5.032598172255787895e-07 5.035040612323900962e-07 5.008451545673552001e-07 4.885736053755965784e-07 4.824425834340786803e-07 4.982455905454600436e-07 5.135714732802309066e-07 5.168128532284535802e-07 5.080907667942621774e-07 4.915857232513105129e-07 5.096592716764025291e-07 5.363168175616803276e-07 5.465046658379964406e-07 5.483573849261584321e-07 5.442109879465719787e-07 5.241098592872100962e-07 4.424870470291400729e-07
5.055918856491679285e-07 5.515763950734840973e-07 5.579852465341318254e-07 5.521135537270834565e-07 5.627021522547535239e-07 5.351832417082297204e-07 5.250144863784011511e-07 5.296634950191098228e-07 5.112356923782415638e-07 5.120519583554136926e-07 5.154631966798529802e-07 5.132971591994903292e-07 5.071087739141040223e-07 5.055477040334168327e-07 5.206251176212226382e-07 5.317717368588817742e-07 5.355402578688523264e-07 5.240770322647437462e-07 5.019483141982072350e-07 5.165434361457079462e-07 5.326629499237664662e-07 5.304114447480882162e-07 5.355215355278678390e-07 5.242189945226286147e-07 4.922157926963997098e-07 4.024759305435993761e-07
4.958474073334450021e-07 5.324154412169015052e-07 5.390045642540858311e-07 5.334402982354228682e-07 5.351832417082297204e-07 5.417970424577055930e-07 5.271445243987497003e-07 5.277247842644857793e-07 5.095277447421521690e-07 5.118512327047386547e-07 5.175789375884991838e-07 5.184148549176197763e-07 5.141350365946598141e-07 5.123993398796148042e-07 5.276563321261818994e-07 5.387209705710358052e-07 5.467882530929559932e-07 5.404855152631984691e-07 5.213841646269909843e-07 5.281612298415709055e-07 5.408454876536214604e-07 5.291460432835644915e-07 5.364934997445616496e-07 5.303135125435917813e-07 5.055351476262673462e-07 4.291296666944409524e-07
4.806730231531769978e-07 5.172913167785375795e-07 5.267032158665395739e-07 5.203723609499953390e-07 5.250144863784011511e-07 5.271445243987497003e-07 5.429207798367238289e-07 5.428261202771558556e-07 5.290958324367129967e-07 5.350201097922124000e-07 5.434828665689446858e-07 5.467142485916680853e-07 5.460924803162725583e-07 5.486029841244053707e-07 5.653916413475595148e-07 5.823046288371139524e-07 5.948924424195052625e-07 5.940167649305112029e-07 5.778091001927917677e-07 5.905617054033987063e-07 5.927320292101580751e-07 5.637460546630950660e-07 5.479929554026507147e-07 5.348995953344229727e-07 5.090590052023197196e-07 4.551903174963644571e-07
4.835499372491146085e-07 5.253255735441955751e-07 5.327908978077648370e-07 5.264854848344190662e-07 5.296634950191098228e-07 5.277247842644857793e-07 5.428261202771558556e-07 5.706584424409004640e-07 5.569312051219708668e-07 5.618657847020275182e-07 5.728285419446577590e-07 5.781181695548090884e-07 5.787630370332643944e-07 5.831867579016079268e-07 6.030480156900041456e-07 6.191685491718881666e-07 6.311802764636588604e-07 6.252151518370363395e-07 6.027254371671412156e-07 6.119132815251390613e-07 6.154226526932942168e-07 5.903034466093440592e-07 5.842013245424927218e-07 5.569615847450935985e-07 5.015547295077764424e-07 4.614764416892699712e-07
4.626981952592242669e-07 4.995528571982760504e-07 5.084444229059998527e-07 5.038296002972823700e-07 5.112356923782415638e-07 5.095277447421521690e-07 5.290958324367129967e-07 5.569312051219708668e-07 5.669117961210413677e-07 5.788682271486990909e-07 5.960773931546906037e-07 6.092417989249876447e-07 6.156885571739333282e-07 6.254155035548716866e-07 6.477217858616795191e-07 6.684561602006593904e-07 6.883514059052451352e-07 6.910079727885128641e-07 6.750928066526259221e-07 6.883118966317371794e-07 6.873293483759127109e-07 6.503288262127056468e-07 6.312472259201461678e-07 5.886146520683729910e-07 5.154839361610854882e-07 4.782220482729877813e-07
4.609529420381757085e-07 4.970518341795229715e-07 5.032537470033007251e-07 5.032598172255787895e-07 5.120519583554136926e-07 5.118512327047386547e-07 5.350201097922124000e-07 5.618657847020275182e-07 5.788682271486990909e-07 6.167451561126801228e-07 6.447219162182074736e-07 6.682861994701083018e-07 6.845725835807952927e-07 7.026171531598370462e-07 7.332286301170526628e-07 7.642983929708130731e-07 7.966976535501680064e-07 8.121436829535115342e-07 7.982085964778724716e-07 8.122992758329294831e-07 8.019938103019138830e-07 7.286599332776794591e-07 6.802487880535030651e-07 6.353775893841480811e-07 5.625526125694667788e-07 5.465281423327414293e-07
4.579135585736301322e-07 4.937140838854918228e-07 5.047577504709486963e-07 5.035040612323900962e-07 5.154631966798529802e-07 5.175789375884991838e-07 5.434828665689446858e-07 5.728285419446577590e-07 5.960773931546906037e-07 6.447219162182074736e-07 6.984001585539114761e-07 7.354743725956929516e-07 7.606534969817437450e-07 7.890815488326020199e-07 8.267386759815326352e-07 8.644231327839298263e-07 9.036322546366325270e-07 9.287344402078598650e-07 9.226093596654336677e-07 9.444252525104358471e-07 9.336268488466701301e-07 8.343347057269524760e-07 7.639915162760777308e-07 7.027556551274026911e-07 6.053946090399656483e-07 5.828656471094032680e-07
4.526780884352277103e-07 4.883694097205558390e-07 5.007974467857236281e-07 5.008451545673552001e-07 5.132971591994903292e-07 5.184148549176197763e-07 5.467142485916680853e-07 5.781181695548090884e-07 6.092417989249876447e-07 6.682861994701083018e-07 7.354743725956929516e-07 8.041616869458334085e-07 8.501153281485124419e-07 8.944535180988229323e-07 9.478851516650823151e-07 1.002633179141872423e-06 1.056351688651154502e-06 1.091878478312908521e-06 1.089421790621675761e-06 1.111199322966253179e-06 1.088842175572567223e-06 9.411862800200523184e-07 8.329231464456960315e-07 7.626234738494813301e-07 6.447444297845400878e-07 5.906218425386453396e-07
4.387628868399624783e-07 4.731994929654089637e-07 4.859562203240771263e-07 4.885736053755965784e-07 5.071087739141040223e-07 5.141350365946598141e-07 5.460924803162725583e-07 5.787630370332643944e-07 6.156885571739333282e-07 6.845725835807952927e-07 7.606534969817437450e-07 8.501153281485124419e-07 9.347566607083445846e-07 1.003057715049572821e-06 1.077313012315647275e-06 1.148869428681256297e-06 1.212865539400361873e-06 1.255544031471354608e-06 1.254470813958424894e-06 1.279123184496254148e-06 1.252071704375901683e-06 1.073296683316799739e-06 9.408366537143570229e-07 8.718823945010845197e-07 7.235577710027508084e-07 6.483071436849996462e-07
4.257098858828545246e-07 4.595184961342957751e-07 4.745987811587715084e-07 4.824425834340786803e-07 5.055477040334168327e-07 5.123993398796148042e-07 5.486029841244053707e-07 5.831867579016079268e-07 6.254155035548716866e-07 7.026171531598370462e-07 7.890815488326020199e-07 8.944535180988229323e-07 1.003057715049572821e-06 1.112850843353553091e-06 1.220900913158364731e-06 1.316471362531248794e-06 1.398796860224993018e-06 1.460391615756517734e-06 1.469802804957080632e-06 1.504888463088400972e-06 1.465954248626347697e-06 1.238610993842668663e-06 1.056859189122634567e-06 9.709889071733097110e-07 7.790339849735359492e-07 6.919770210716759013e-07
4.278482004153856372e-07 4.722016262692697906e-07 4.844097289770961274e-07 4.982455905454600436e-07 5.206251176212226382e-07 5.276563321261818994e-07 5.653916413475595148e-07 6.030480156900041456e-07 6.477217858616795191e-07 7.332286301170526628e-07 8.267386759815326352e-07 9.478851516650823151e-07 1.077313012315647275e-06 1.220900913158364731e-06 1.384434562573887528e-06 1.520134332103763745e-06 1.633258815918943389e-06 1.724748822050799793e-06 1.750866913500915571e-06 1.791959414150918936e-06 1.736449881236097100e-06 1.442769340436915194e-06 1.173266403833466919e-06 1.061597254551527420e-06 8.382243915749837964e-07 7.184736295993527143e-07
4.400091103330662538e-07 4.872570946933920534e-07 4.973463816661699107e-07 5.135714732802309066e-07 5.317717368588817742e-07 5.387209705710358052e-07 5.823046288371139524e-07 6.191685491718881666e-07 6.684561602006593904e-07 7.642983929708130731e-07 8.644231327839298263e-07 1.002633179141872423e-06 1.148869428681256297e-06 1.316471362531248794e-06 1.520134332103763745e-06 1.726409601331470985e-06 1.894510132740108316e-06 2.029673331619215127e-06 2.082301714810626229e-06 2.144509227164712418e-06 2.082329907709882768e-06 1.726310926410773421e-06 1.347334478614918735e-06 1.207661619094109700e-06 9.763710993151779588e-07 8.232499645272389320e-07
4.553194488691229176e-07 4.980131312613510889e-07 5.004934890659214053e-07 5.168128532284535802e-07 5.355402578688523264e-07 5.467882530929559932e-07 5.948924424195052625e-07 6.311802764636588604e-07 6.883514059052451352e-07 7.966976535501680064e-07 9.036322546366325270e-07 1.056351688651154502e-06 1.212865539400361873e-06 1.398796860224993018e-06 1.633258815918943389e-06 1.894510132740108316e-06 2.162644899849070675e-06 2.384717398117151453e-06 2.493070292308035519e-06 2.588327314971676851e-06 2.515648275704116883e-06 2.073033611993169369e-06 1.527575639833326929e-06 1.334659411101225886e-06 1.103668932192736920e-06 8.993447785044845907e-07
4.460940543871334785e-07 4.891107425840124968e-07 4.899986252852433829e-07 5.080907667942621774e-07 5.240770322647437462e-07 5.404855152631984691e-07 5.940167649305112029e-07 6.252151518370363395e-07 6.910079727885128641e-07 8.121436829535115342e-07 9.287344402078598650e-07 1.091878478312908521e-06 1.255544031471354608e-06 1.460391615756517734e-06 1.724748822050799793e-06 2.029673331619215127e-06 2.384717398117151453e-06 2.747542931905358302e-06 2.975267625213497937e-06 3.140129439499840466e-06 3.082373708610539909e-06 2.582990896716608182e-06 1.847759191983533578e-06 1.570200262441844482e-06 1.352134022416365084e-06 1.077918506278045646e-06
4.261687107713097267e-07 4.766656230108160785e-07 4.845911780448221895e-07 4.915857232513105129e-07 5.019483141982072350e-07 5.213841646269909843e-07 5.778091001927917677e-07 6.027254371671412156e-07 6.750928066526259221e-07 7.982085964778724716e-07 9.226093596654336677e-07 1.089421790621675761e-06 1.254470813958424894e-06 1.469802804957080632e-06 1.750866913500915571e-06 2.082301714810626229e-06 2.493070292308035519e-06 2.975267625213497937e-06 3.393572052037672054e-06 3.709977690375074888e-06 3.727715625524906889e-06 3.249480214611006780e-06 2.354591383197844930e-06 1.918750358000315388e-06 1.670817952039966890e-06 1.309499757163547012e-06
4.454486682119659657e-07 5.028153098535090722e-07 5.118315655013801466e-07 5.096592716764025291e-07 5.165434361457079462e-07 5.281612298415709055e-07 5.905617054033987063e-07 6.119132815251390613e-07 6.883118966317371794e-07 8.122992758329294831e-07 9.444252525104358471e-07 1.111199322966253179e-06 1.279123184496254148e-06 1.504888463088400972e-06 1.791959414150918936e-06 2.144509227164712418e-06 2.588327314971676851e-06 3.140129439499840466e-06 3.709977690375074888e-06 4.279303884218930016e-06 4.477389034231489376e-06 4.099589013092622581e-06 3.072493565029239227e-06 2.389242121204664908e-06 2.068424912762320460e-06 1.670965285184761744e-06
4.853839899534019555e-07 5.498416590897456173e-07 5.522781255546402914e-07 5.363168175616803276e-07 5.326629499237664662e-07 5.408454876536214604e-07 5.927320292101580751e-07 6.154226526932942168e-07 6.873293483759127109e-07 8.019938103019138830e-07 9.336268488466701301e-07 1.088842175572567223e-06 1.252071704375901683e-06 1.465954248626347697e-06 1.736449881236097100e-06 2.082329907709882768e-06 2.515648275704116883e-06 3.082373708610539909e-06 3.727715625524906889e-06 4.477389034231489376e-06 4.987349246906591016e-06 4.879238436869809556e-06 3.907746142764225911e-06 2.996721260723328524e-06 2.470696107140476048e-06 2.009751430025012042e-06
5.221142020843887319e-07 5.813368397871579463e-07 5.646553756175471379e-07 5.465046658379964406e-07 5.304114447480882162e-07 5.291460432835644915e-07 5.637460546630950660e-07 5.903034466093440592e-07 6.503288262127056468e-07 7.286599332776794591e-07 8.343347057269524760e-07 9.411862800200523184e-07 1.073296683316799739e-06 1.238610993842668663e-06 1.442769340436915194e-06 1.726310926410773421e-06 2.073033611993169369e-06 2.582990896716608182e-06 3.249480214611006780e-06 4.099589013092622581e-06 4.879238436869809556e-06 5.323243272156014546e-06 4.755888167199365748e-06 3.744078668996532554e-06 2.976267628351614050e-06 2.417742769984069519e-06
5.370225980424590367e-07 5.854451647791663101e-07 5.551940949280776537e-07 5.483573849261584321e-07 5.355215355278678390e-07 5.364934997445616496e-07 5.479929554026507147e-07 5.842013245424927218e-07 6.312472259201461678e-07 6.802487880535030651e-07 7.639915162760777308e-07 8.329231464456960315e-07 9.408366537143570229e-07 1.056859189122634567e-06 1.173266403833466919e-06 1.347334478614918735e-06 1.527575639833326929e-06 1.847759191983533578e-06 2.354591383197844930e-06 3.072493565029239227e-06 3.907746142764225911e-06 4.755888167199365748e-06 5.007126613074650462e-06 4.357785009395044475e-06 3.352565079285693572e-06 2.607412491013751060e-06
5.022925325782341946e-07 5.472087867692783183e-07 5.229252970525714947e-07 5.442109879465719787e-07 5.242189945226286147e-07 5.303135125435917813e-07 5.348995953344229727e-07 5.569615847450935985e-07 5.886146520683729910e-07 6.353775893841480811e-07 7.027556551274026911e-07 7.626234738494813301e-07 8.718823945010845197e-07 9.709889071733097110e-07 1.061597254551527420e-06 1.207661619094109700e-06 1.334659411101225886e-06 1.570200262441844482e-06 1.918750358000315388e-06 2.389242121204664908e-06 2.996721260723328524e-06 3.744078668996532554e-06 4.357785009395044475e-06 4.649703142119355725e-06 4.055194970589577191e-06 3.010790194233069419e-06
5.020773937665735782e-07 5.042581922873980107e-07 5.073754940523909406e-07 5.241098592872100962e-07 4.922157926963997098e-07 5.055351476262673462e-07 5.090590052023197196e-07 5.015547295077764424e-07 5.154839361610854882e-07 5.625526125694667788e-07 6.053946090399656483e-07 6.447444297845400878e-07 7.235577710027508084e-07 7.790339849735359492e-07 8.382243915749837964e-07 9.763710993151779588e-07 1.103668932192736920e-06 1.352134022416365084e-06 1.670817952039966890e-06 2.068424912762320460e-06 2.470696107140476048e-06 2.976267628351614050e-06 3.352565079285693572e-06 4.055194970589577191e-06 4.603407651670769369e-06 3.741357587000582197e-06
4.652713947334099998e-07 4.325273288522901278e-07 4.370916378133736718e-07 4.424870470291400729e-07 4.024759305435993761e-07 4.291296666944409524e-07 4.551903174963644571e-07 4.614764416892699712e-07 4.782220482729877813e-07 5.465281423327414293e-07 5.828656471094032680e-07 5.906218425386453396e-07 6.483071436849996462e-07 6.919770210716759013e-07 7.184736295993527143e-07 8.232499645272389320e-07 8.993447785044845907e-07 1.077918506278045646e-06 1.309499757163547012e-06 1.670965285184761744e-06 2.009751430025012042e-06 2.417742769984069519e-06 2.607412491013751060e-06 3.010790194233069419e-06 3.741357587000582197e-06 4.074966438385062411e-06
