7.953747106938042573e-07 7.251059158658402723e-07 6.984959292440386795e-07 6.907060749396909615e-07 6.635361247792997920e-07 6.568747330481759997e-07 6.635461211997643498e-07 6.740196932068470284e-07 6.801228439319629501e-07 6.819080854469328959e-07 6.972255863025890005e-07 7.105094831019480433e-07 7.294248179565721808e-07 7.645170139498464783e-07 8.118739481225360787e-07 8.508456196900843748e-07 8.958144525026542082e-07 9.821703422025428188e-07 1.066648866377866376e-06 1.081172133952811634e-06 1.058407158052749639e-06 1.014279461110516522e-06 9.165328297790887360e-07 8.355054565526545635e-07 7.458896227594183699e-07 8.309700265534767095e-07
7.251059158658402723e-07 7.358063677584987598e-07 6.868031151225623912e-07 6.847628267930498760e-07 6.564364008187489134e-07 6.491553784777722027e-07 6.581776321544380029e-07 6.656105428447923829e-07 6.672473055375760382e-07 6.717966054922642485e-07 6.887665326037227455e-07 7.056848271688654315e-07 7.267159528772177258e-07 7.664816823332995555e-07 8.132381199169757409e-07 8.521405455997416494e-07 8.900113728896423184e-07 9.778820779681875464e-07 1.056521163853668574e-06 1.062364684229489167e-06 1.023024488022007702e-06 9.493149129815116559e-07 8.519901806456509822e-07 7.941483429755990705e-07 7.389793816022702784e-07 7.914244381938003780e-07
6.984959292440386795e-07 6.868031151225623912e-07 6.991328234674474776e-07 6.886974375337136466e-07 6.644326390936480342e-07 6.579442745900553998e-07 6.702536389367448782e-07 6.793640240771659213e-07 6.833141309245928907e-07 6.880276974233139380e-07 7.036027740248130143e-07 7.233407628399688798e-07 7.486438737522421578e-07 7.864153378181020567e-07 8.314616961673178790e-07 8.678917888066387389e-07 9.048459160775261872e-07 9.813989082409297298e-07 1.053035167425120863e-06 1.069186001861747822e-06 1.040730230887296463e-06 9.782702452365546761e-07 8.766433258025328386e-07 7.911411637008802303e-07 7.329906503689907160e-07 8.051091897226779331e-07
6.907060749396909615e-07 6.847628267930498760e-07 6.886974375337136466e-07 7.172430809663516046e-07 6.854930155742731023e-07 6.793914084748161469e-07 6.933331195466423080e-07 7.013845904302899565e-07 7.083709889215064863e-07 7.140821132681723129e-07 7.334864276443801506e-07 7.552137129641171100e-07 7.824727889522884311e-07 8.241581095755466707e-07 8.752195690498055866e-07 9.197412665773738036e-07 9.583121886871376434e-07 1.039009602655328238e-06 1.128261730370355146e-06 1.151760634867647885e-06 1.112019778750077178e-06 1.014600104932533458e-06 8.825233412250854402e-07 7.965786403367904046e-07 7.479333753570294843e-07 8.028697595041030440e-07
6.635361247792997920e-07 6.564364008187489134e-07 6.644326390936480342e-07 6.854930155742731023e-07 6.921380954829083335e-07 6.842336633034588504e-07 6.999836529111343474e-07 7.115377792372693018e-07 7.225071376332424862e-07 7.314881464007111625e-07 7.497002545600797490e-07 7.720100969941338437e-07 8.014092669291407330e-07 8.431038541940395020e-07 8.974565860454754463e-07 9.433909081806805887e-07 9.774607884159704875e-07 1.053823394635778615e-06 1.141117560069791419e-06 1.151197852081332661e-06 1.080731598483071297e-06 9.566959364416209148e-07 8.320235760869782235e-07 7.856242767580191181e-07 7.528467519347359974e-07 7.996638550822436267e-07
6.568747330481759997e-07 6.491553784777722027e-07 6.579442745900553998e-07 6.793914084748161469e-07 6.842336633034588504e-07 7.038464888306761173e-07 7.166801276618130666e-07 7.287559143183224692e-07 7.391150074093360405e-07 7.511694633614436558e-07 7.701996497395048132e-07 7.970929253088809622e-07 8.300373658980751629e-07 8.765087408666752579e-07 9.393338115033048481e-07 9.949686473006292353e-07 1.040683006072994994e-06 1.130263714022910001e-06 1.230097690332254995e-06 1.245202969018982461e-06 1.175294304384197925e-06 1.025862931887260547e-06 8.495355710896573225e-07 7.521634760504548307e-07 7.186771776179973599e-07 7.680755917437563114e-07
6.635461211997643498e-07 6.581776321544380029e-07 6.702536389367448782e-07 6.933331195466423080e-07 6.999836529111343474e-07 7.166801276618130666e-07 7.507207940640031958e-07 7.637613872046773657e-07 7.770054041091413052e-07 7.960434838043838408e-07 8.240697409628229896e-07 8.610355330058311154e-07 9.049247848685465475e-07 9.631446284146288085e-07 1.039216192884138722e-06 1.108602317991505112e-06 1.168388771065870719e-06 1.271795801970492825e-06 1.384351124048121827e-06 1.396167892456871219e-06 1.312911098060171084e-06 1.124275317034133640e-06 9.101156021381676245e-07 8.143497938555451782e-07 7.715925522242401495e-07 7.833547014005117897e-07
6.740196932068470284e-07 6.656105428447923829e-07 6.793640240771659213e-07 7.013845904302899565e-07 7.115377792372693018e-07 7.287559143183224692e-07 7.637613872046773657e-07 7.957003698941177352e-07 8.144825803774568469e-07 8.392838136843355963e-07 8.758680569632530770e-07 9.224333502262955567e-07 9.749186062465349974e-07 1.043860715301511096e-06 1.132427408156799620e-06 1.213874335226527003e-06 1.284818832547876883e-06 1.396060136996701855e-06 1.515743479974528147e-06 1.521928750305170819e-06 1.415272072198685916e-06 1.187511966431602735e-06 9.353370080121683254e-07 8.176825975616552631e-07 7.542398707563739663e-07 8.068076262601396741e-07
6.801228439319629501e-07 6.672473055375760382e-07 6.833141309245928907e-07 7.083709889215064863e-07 7.225071376332424862e-07 7.391150074093360405e-07 7.770054041091413052e-07 8.144825803774568469e-07 8.525685319210507976e-07 8.841782556650965599e-07 9.306370446668477028e-07 9.873242305659942655e-07 1.053510648318931870e-06 1.136030766603648633e-06 1.241860551066991271e-06 1.343828401120237975e-06 1.436292346403357399e-06 1.570742619907660779e-06 1.714255269505780621e-06 1.731766921291346355e-06 1.613455803918619479e-06 1.333579149717007558e-06 1.019045303032043909e-06 8.744332198731919247e-07 8.216254607196348787e-07 8.857400028200170395e-07
6.819080854469328959e-07 6.717966054922642485e-07 6.880276974233139380e-07 7.140821132681723129e-07 7.314881464007111625e-07 7.511694633614436558e-07 7.960434838043838408e-07 8.392838136843355963e-07 8.841782556650965599e-07 9.402495644502739520e-07 1.001651018094003782e-06 1.072270326623926822e-06 1.157847821305016662e-06 1.259622791203770252e-06 1.386284979653658507e-06 1.510479623568162033e-06 1.622240007958091538e-06 1.774987395879222384e-06 1.937819496680951699e-06 1.959509204283680624e-06 1.817584895257058534e-06 1.474816565719917549e-06 1.090208402884306784e-06 9.170773465955262713e-07 8.370592241553306985e-07 8.689099202741165286e-07
6.972255863025890005e-07 6.887665326037227455e-07 7.036027740248130143e-07 7.334864276443801506e-07 7.497002545600797490e-07 7.701996497395048132e-07 8.240697409628229896e-07 8.758680569632530770e-07 9.306370446668477028e-07 1.001651018094003782e-06 1.099187201372952255e-06 1.197385016268179131e-06 1.315552193745533054e-06 1.453961775063557446e-06 1.618963443203673236e-06 1.784611585529692288e-06 1.933237819549233575e-06 2.123760193296358424e-06 2.321945363057994729e-06 2.352601860286508160e-06 2.181690062753626769e-06 1.748627620198257277e-06 1.247742180165887215e-06 1.015580691756191004e-06 9.179952198512298459e-07 9.391222786703369638e-07
7.105094831019480433e-07 7.056848271688654315e-07 7.233407628399688798e-07 7.552137129641171100e-07 7.720100969941338437e-07 7.970929253088809622e-07 8.610355330058311154e-07 9.224333502262955567e-07 9.873242305659942655e-07 1.072270326623926822e-06 1.197385016268179131e-06 1.336580209100445123e-06 1.490088298121861192e-06 1.664301472193240336e-06 1.867578171193606778e-06 2.077111600041201935e-06 2.267089517271641615e-06 2.497839193372480849e-06 2.732451235755525350e-06 2.774360909863940186e-06 2.569134598326084425e-06 2.037404947686759932e-06 1.433518502322007099e-06 1.156659367238475736e-06 1.034068877651193262e-06 1.029665367839750062e-06
7.294248179565721808e-07 7.267159528772177258e-07 7.486438737522421578e-07 7.824727889522884311e-07 8.014092669291407330e-07 8.300373658980751629e-07 9.049247848685465475e-07 9.749186062465349974e-07 1.053510648318931870e-06 1.157847821305016662e-06 1.315552193745533054e-06 1.490088298121861192e-06 1.703817450413174076e-06 1.937492150204199087e-06 2.201639290680312119e-06 2.479113056461269199e-06 2.732508251930518695e-06 3.026347502757729293e-06 3.318969913866006831e-06 3.378905463660917758e-06 3.132959927398207464e-06 2.467531325934576035e-06 1.704589902672303769e-06 1.362206012312679095e-06 1.220423611887749174e-06 1.188222660065642455e-06
7.645170139498464783e-07 7.664816823332995555e-07 7.864153378181020567e-07 8.241581095755466707e-07 8.431038541940395020e-07 8.765087408666752579e-07 9.631446284146288085e-07 1.043860715301511096e-06 1.136030766603648633e-06 1.259622791203770252e-06 1.453961775063557446e-06 1.664301472193240336e-06 1.937492150204199087e-06 2.260905669866674317e-06 2.611230111508015788e-06 2.976045918349582660e-06 3.312016274704316542e-06 3.693963989124135050e-06 4.066607231758786332e-06 4.149662393528914167e-06 3.852393542364298103e-06 3.018661760587644974e-06 2.041391498053582800e-06 1.606144892187724913e-06 1.443540956937990040e-06 1.380196282466087923e-06
8.118739481225360787e-07 8.132381199169757409e-07 8.314616961673178790e-07 8.752195690498055866e-07 8.974565860454754463e-07 9.393338115033048481e-07 1.039216192884138722e-06 1.132427408156799620e-06 1.241860551066991271e-06 1.386284979653658507e-06 1.618963443203673236e-06 1.867578171193606778e-06 2.201639290680312119e-06 2.611230111508015788e-06 3.085317878712657709e-06 3.578542487090167699e-06 4.040659331128848198e-06 4.553834847800437044e-06 5.038068087415329110e-06 5.161257361870867446e-06 4.821199662971392992e-06 3.793890573532305370e-06 2.515792433054795926e-06 1.912808826099322835e-06 1.659782908204054278e-06 1.513179017133887727e-06
8.508456196900843748e-07 8.521405455997416494e-07 8.678917888066387389e-07 9.197412665773738036e-07 9.433909081806805887e-07 9.949686473006292353e-07 1.108602317991505112e-06 1.213874335226527003e-06 1.343828401120237975e-06 1.510479623568162033e-06 1.784611585529692288e-06 2.077111600041201935e-06 2.479113056461269199e-06 2.976045918349582660e-06 3.578542487090167699e-06 4.248159932160509530e-06 4.885010259801054172e-06 5.576928312990079999e-06 6.217351432830548810e-06 6.406882225208607081e-06 6.040129685600548045e-06 4.777002577494981164e-06 3.101451265227858644e-06 2.258679916475261358e-06 1.908515416778270006e-06 1.690592526095242030e-06
8.958144525026542082e-07 8.900113728896423184e-07 9.048459160775261872e-07 9.583121886871376434e-07 9.774607884159704875e-07 1.040683006072994994e-06 1.168388771065870719e-06 1.284818832547876883e-06 1.436292346403357399e-06 1.622240007958091538e-06 1.933237819549233575e-06 2.267089517271641615e-06 2.732508251930518695e-06 3.312016274704316542e-06 4.040659331128848198e-06 4.885010259801054172e-06 5.751087756799848907e-06 6.680123763298942190e-06 7.516689973746210098e-06 7.808119655030768981e-06 7.451938247410233412e-06 5.961265413527824134e-06 3.833558579659655506e-06 2.686339700277126340e-06 2.216333162545272037e-06 1.943130632125544920e-06
9.821703422025428188e-07 9.778820779681875464e-07 9.813989082409297298e-07 1.039009602655328238e-06 1.053823394635778615e-06 1.130263714022910001e-06 1.271795801970492825e-06 1.396060136996701855e-06 1.570742619907660779e-06 1.774987395879222384e-06 2.123760193296358424e-06 2.497839193372480849e-06 3.026347502757729293e-06 3.693963989124135050e-06 4.553834847800437044e-06 5.576928312990079999e-06 6.680123763298942190e-06 7.948410278474567372e-06 9.093164547399432642e-06 9.577712331867033676e-06 9.300519326506764725e-06 7.619795685352700916e-06 4.949463205662762667e-06 3.344119611662605898e-06 2.681756506742666079e-06 2.358985128882490631e-06
1.066648866377866376e-06 1.056521163853668574e-06 1.053035167425120863e-06 1.128261730370355146e-06 1.141117560069791419e-06 1.230097690332254995e-06 1.384351124048121827e-06 1.515743479974528147e-06 1.714255269505780621e-06 1.937819496680951699e-06 2.321945363057994729e-06 2.732451235755525350e-06 3.318969913866006831e-06 4.066607231758786332e-06 5.038068087415329110e-06 6.217351432830548810e-06 7.516689973746210098e-06 9.093164547399432642e-06 1.063421967609749305e-05 1.144166911053158521e-05 1.132428189057985196e-05 9.520275431620189540e-06 6.327268533647883283e-06 4.195103000572561821e-06 3.262447224018820314e-06 2.806884466982288385e-06
1.081172133952811634e-06 1.062364684229489167e-06 1.069186001861747822e-06 1.151760634867647885e-06 1.151197852081332661e-06 1.245202969018982461e-06 1.396167892456871219e-06 1.521928750305170819e-06 1.731766921291346355e-06 1.959509204283680624e-06 2.352601860286508160e-06 2.774360909863940186e-06 3.378905463660917758e-06 4.149662393528914167e-06 5.161257361870867446e-06 6.406882225208607081e-06 7.808119655030768981e-06 9.577712331867033676e-06 1.144166911053158521e-05 1.274212304378127375e-05 1.306252835049802785e-05 1.146336606639642386e-05 8.022171567154929864e-06 5.301196988979211421e-06 3.986800897632232026e-06 3.251513162567983249e-06
1.058407158052749639e-06 1.023024488022007702e-06 1.040730230887296463e-06 1.112019778750077178e-06 1.080731598483071297e-06 1.175294304384197925e-06 1.312911098060171084e-06 1.415272072198685916e-06 1.613455803918619479e-06 1.817584895257058534e-06 2.181690062753626769e-06 2.569134598326084425e-06 3.132959927398207464e-06 3.852393542364298103e-06 4.821199662971392992e-06 6.040129685600548045e-06 7.451938247410233412e-06 9.300519326506764725e-06 1.132428189057985196e-05 1.306252835049802785e-05 1.422360053231915216e-05 1.337042532378039389e-05 1.012558320691404548e-05 6.860384886469400263e-06 4.951082600500055538e-06 3.771591078235495546e-06
1.014279461110516522e-06 9.493149129815116559e-07 9.782702452365546761e-07 1.014600104932533458e-06 9.566959364416209148e-07 1.025862931887260547e-06 1.124275317034133640e-06 1.187511966431602735e-06 1.333579149717007558e-06 1.474816565719917549e-06 1.748627620198257277e-06 2.037404947686759932e-06 2.467531325934576035e-06 3.018661760587644974e-06 3.793890573532305370e-06 4.777002577494981164e-06 5.961265413527824134e-06 7.619795685352700916e-06 9.520275431620189540e-06 1.146336606639642386e-05 1.337042532378039389e-05 1.392594203206286842e-05 1.186366034300042378e-05 8.474405212402642593e-06 5.614869540170831574e-06 3.974388520905679265e-06
9.165328297790887360e-07 8.519901806456509822e-07 8.766433258025328386e-07 8.825233412250854402e-07 8.320235760869782235e-07 8.495355710896573225e-07 9.101156021381676245e-07 9.353370080121683254e-07 1.019045303032043909e-06 1.090208402884306784e-06 1.247742180165887215e-06 1.433518502322007099e-06 1.704589902672303769e-06 2.041391498053582800e-06 2.515792433054795926e-06 3.101451265227858644e-06 3.833558579659655506e-06 4.949463205662762667e-06 6.327268533647883283e-06 8.022171567154929864e-06 1.012558320691404548e-05 1.186366034300042378e-05 1.218994453419309380e-05 1.013736579083878742e-05 6.573877629345473316e-06 4.221068816790623601e-06
8.355054565526545635e-07 7.941483429755990705e-07 7.911411637008802303e-07 7.965786403367904046e-07 7.856242767580191181e-07 7.521634760504548307e-07 8.143497938555451782e-07 8.176825975616552631e-07 8.744332198731919247e-07 9.170773465955262713e-07 1.015580691756191004e-06 1.156659367238475736e-06 1.362206012312679095e-06 1.606144892187724913e-06 1.912808826099322835e-06 2.258679916475261358e-06 2.686339700277126340e-06 3.344119611662605898e-06 4.195103000572561821e-06 5.301196988979211421e-06 6.860384886469400263e-06 8.474405212402642593e-06 1.013736579083878742e-05 1.060607027316659532e-05 8.280303977138633536e-06 5.338147381695109549e-06
7.458896227594183699e-07 7.389793816022702784e-07 7.329906503689907160e-07 7.479333753570294843e-07 7.528467519347359974e-07 7.186771776179973599e-07 7.715925522242401495e-07 7.542398707563739663e-07 8.216254607196348787e-07 8.370592241553306985e-07 9.179952198512298459e-07 1.034068877651193262e-06 1.220423611887749174e-06 1.443540956937990040e-06 1.659782908204054278e-06 1.908515416778270006e-06 2.216333162545272037e-06 2.681756506742666079e-06 3.262447224018820314e-06 3.986800897632232026e-06 4.951082600500055538e-06 5.614869540170831574e-06 6.573877629345473316e-06 8.280303977138633536e-06 9.602029079361764234e-06 7.789332854172394146e-06
8.309700265534767095e-07 7.914244381938003780e-07 8.051091897226779331e-07 8.028697595041030440e-07 7.996638550822436267e-07 7.680755917437563114e-07 7.833547014005117897e-07 8.068076262601396741e-07 8.857400028200170395e-07 8.689099202741165286e-07 9.391222786703369638e-07 1.029665367839750062e-06 1.188222660065642455e-06 1.380196282466087923e-06 1.513179017133887727e-06 1.690592526095242030e-06 1.943130632125544920e-06 2.358985128882490631e-06 2.806884466982288385e-06 3.251513162567983249e-06 3.771591078235495546e-06 3.974388520905679265e-06 4.221068816790623601e-06 5.338147381695109549e-06 7.789332854172394146e-06 9.346711144719892027e-06
