7.171732085606492012e-07 6.961927132494007353e-07 6.818140005758609011e-07 6.834367765801834645e-07 6.790437463871419745e-07 6.798708735874878143e-07 6.724225976422506944e-07 6.771471318436777643e-07 6.616672222771892584e-07 6.459518317070373619e-07 6.349128934935346767e-07 6.186411402817739196e-07 6.048028061371387936e-07 5.870505711267502344e-07 5.658079460428338962e-07 5.319573721528823559e-07 4.860577807454584965e-07 4.428627806810741616e-07 4.328261612930790534e-07 4.471469088111164581e-07 4.269594587801839413e-07 4.479754251456644075e-07 4.701602473913239462e-07 4.988329465564682143e-07 5.926526046578967098e-07 6.137408716364758809e-07
6.961927132494007353e-07 7.242799002867079793e-07 6.953485530863859073e-07 7.015385072084893294e-07 6.988637144587270759e-07 7.008887570608977669e-07 6.923341273681903411e-07 7.010967779932554042e-07 6.872153227328350718e-07 6.720428232838439148e-07 6.643192792134544077e-07 6.508579433855579582e-07 6.376584074287130725e-07 6.208570929411193040e-07 6.030992874690500548e-07 5.667318964831127477e-07 5.196636643901535259e-07 4.730223922599027207e-07 4.558957698415813942e-07 4.570668467688991835e-07 4.160262098099208468e-07 4.320858334616681330e-07 4.650134799921517406e-07 5.374396952991171178e-07 6.490187149418216163e-07 6.618770901134730603e-07
6.818140005758609011e-07 6.953485530863859073e-07 7.040649646137027138e-07 7.039705403494164664e-07 6.995084026075907308e-07 7.002844487808993772e-07 6.955360295828413473e-07 7.035951936123536351e-07 6.910415951076077421e-07 6.767631990326746570e-07 6.724653819371165017e-07 6.621861409232068347e-07 6.547585530408369009e-07 6.418408113802239439e-07 6.286417463248074134e-07 6.017982924823716584e-07 5.588517323268122980e-07 5.138641924182840167e-07 4.967169730709352985e-07 4.964864491954746675e-07 4.552683902777706471e-07 4.722107752879891606e-07 5.060914565419453795e-07 5.674758801033050185e-07 6.547334816646132466e-07 6.814939028937027317e-07
6.834367765801834645e-07 7.015385072084893294e-07 7.039705403494164664e-07 7.275014347841747745e-07 7.186793206732588927e-07 7.182038433217441181e-07 7.131641931689120592e-07 7.236101172723358163e-07 7.121241952191177063e-07 7.000762364572664591e-07 6.948906104535322904e-07 6.827572812423270114e-07 6.741102473298938576e-07 6.588827326256889364e-07 6.418195591878458094e-07 6.083479612335989613e-07 5.620168246632960619e-07 5.126318777929362199e-07 4.905188908144318382e-07 4.868370115634513397e-07 4.424099930194754349e-07 4.545857706862620749e-07 4.943227352959728633e-07 5.771357582960159487e-07 6.844611204179464534e-07 7.077902662732405195e-07
6.790437463871419745e-07 6.988637144587270759e-07 6.995084026075907308e-07 7.186793206732588927e-07 7.319444924562216507e-07 7.288529651703557698e-07 7.229981985456231851e-07 7.350484698646732679e-07 7.223437759319882647e-07 7.106219995795222526e-07 7.073890798814980604e-07 6.970643510409974834e-07 6.885770891796333121e-07 6.722595295069556226e-07 6.523108838349810145e-07 6.175587944164923984e-07 5.696007022027295245e-07 5.188774522485323508e-07 4.893971325273497963e-07 4.723706254204795210e-07 4.253825706358690298e-07 4.402992725441947911e-07 4.945589169041006684e-07 5.878477718835522175e-07 6.866560090932007399e-07 7.080063489564348613e-07
6.798708735874878143e-07 7.008887570608977669e-07 7.002844487808993772e-07 7.182038433217441181e-07 7.288529651703557698e-07 7.464352965276320579e-07 7.380250928067747772e-07 7.503197109492430017e-07 7.377298327739731281e-07 7.274041992444605911e-07 7.260344962622684004e-07 7.211962766270135088e-07 7.181961719214716247e-07 7.052747152908135349e-07 6.881664603498199722e-07 6.532374127294210730e-07 6.040381314235774576e-07 5.504365511271860005e-07 5.175166735942863025e-07 4.926122209785672326e-07 4.287705274222093958e-07 4.215632302182684145e-07 4.698749493401578080e-07 5.758646438380696750e-07 7.030806521676575749e-07 7.379064264844323042e-07
6.724225976422506944e-07 6.923341273681903411e-07 6.955360295828413473e-07 7.131641931689120592e-07 7.229981985456231851e-07 7.380250928067747772e-07 7.420021535203115095e-07 7.557664246181501350e-07 7.466165474581413466e-07 7.382277129900298159e-07 7.387826965828141891e-07 7.368452694927902968e-07 7.378689200439383276e-07 7.272537740836203987e-07 7.121730159630339858e-07 6.779281771279381204e-07 6.298449545242781413e-07 5.761521012720474799e-07 5.459595332740428986e-07 5.160816640648571017e-07 4.462155345040282065e-07 4.353133530891130393e-07 4.780134250916063089e-07 5.865059780460259677e-07 7.137382934309244509e-07 7.557849770510063755e-07
6.771471318436777643e-07 7.010967779932554042e-07 7.035951936123536351e-07 7.236101172723358163e-07 7.350484698646732679e-07 7.503197109492430017e-07 7.557664246181501350e-07 7.811756351520498844e-07 7.741173239623788001e-07 7.685749378460666628e-07 7.729336076672857614e-07 7.756778014678708099e-07 7.783240268641109746e-07 7.691794649518073468e-07 7.544758125368612001e-07 7.192282783063240813e-07 6.733785324551664227e-07 6.204243243962597556e-07 5.907579610687740915e-07 5.566486494312490054e-07 4.776516373722319122e-07 4.504716902477910969e-07 4.815460843519326107e-07 5.907878677173219778e-07 7.259281452571151938e-07 7.783765928045937756e-07
6.616672222771892584e-07 6.872153227328350718e-07 6.910415951076077421e-07 7.121241952191177063e-07 7.223437759319882647e-07 7.377298327739731281e-07 7.466165474581413466e-07 7.741173239623788001e-07 7.805390199358348904e-07 7.808082138623956280e-07 7.912326058118984954e-07 8.006858042003252815e-07 8.084932199496436162e-07 8.032993236100217789e-07 7.909240964841380655e-07 7.560221833922527461e-07 7.093009310748400404e-07 6.562758224826173862e-07 6.294237321370989190e-07 5.912759244977861975e-07 5.002463566598028912e-07 4.522475843888517699e-07 4.667580743174652290e-07 5.755996967602042367e-07 7.196579687624183404e-07 7.642374252338133297e-07
6.459518317070373619e-07 6.720428232838439148e-07 6.767631990326746570e-07 7.000762364572664591e-07 7.106219995795222526e-07 7.274041992444605911e-07 7.382277129900298159e-07 7.685749378460666628e-07 7.808082138623956280e-07 7.979123400466156054e-07 8.152370697456766093e-07 8.325345168719394494e-07 8.476523174843021892e-07 8.470276862140422135e-07 8.394647485765452499e-07 8.081179424306798430e-07 7.638701156030694761e-07 7.083727928982352944e-07 6.789934703299811746e-07 6.353069488168660631e-07 5.344254032380324069e-07 4.640229240061638200e-07 4.647927017264181280e-07 5.674214977994362722e-07 7.089705786300130549e-07 7.415684583925559972e-07
6.349128934935346767e-07 6.643192792134544077e-07 6.724653819371165017e-07 6.948906104535322904e-07 7.073890798814980604e-07 7.260344962622684004e-07 7.387826965828141891e-07 7.729336076672857614e-07 7.912326058118984954e-07 8.152370697456766093e-07 8.490144899695287166e-07 8.817262324485769341e-07 9.079955062666662290e-07 9.166406667393531046e-07 9.172468115401562560e-07 8.925114028897372710e-07 8.527910035178738137e-07 8.044648327720746576e-07 7.774530440060855026e-07 7.264039547610009649e-07 6.051416320808058531e-07 4.913615246250113677e-07 4.611221041682589638e-07 5.652411816938134688e-07 7.173984993983166740e-07 7.507307932210056837e-07
6.186411402817739196e-07 6.508579433855579582e-07 6.621861409232068347e-07 6.827572812423270114e-07 6.970643510409974834e-07 7.211962766270135088e-07 7.368452694927902968e-07 7.756778014678708099e-07 8.006858042003252815e-07 8.325345168719394494e-07 8.817262324485769341e-07 9.424250867788813291e-07 9.884500396929579414e-07 1.014486382452285662e-06 1.028326250405268313e-06 1.012625024512958479e-06 9.790047111669714834e-07 9.381552070403185651e-07 9.098014030252020505e-07 8.419836674936945170e-07 6.979462611493508764e-07 5.370745983589046756e-07 4.698512079611145469e-07 5.702053273528465143e-07 7.305464978793252698e-07 7.742424739241799147e-07
6.048028061371387936e-07 6.376584074287130725e-07 6.547585530408369009e-07 6.741102473298938576e-07 6.885770891796333121e-07 7.181961719214716247e-07 7.378689200439383276e-07 7.783240268641109746e-07 8.084932199496436162e-07 8.476523174843021892e-07 9.079955062666662290e-07 9.884500396929579414e-07 1.065174724503310139e-06 1.119443869155418293e-06 1.154339174912545566e-06 1.151813180723027201e-06 1.126329828289091193e-06 1.091241655855597765e-06 1.059027876523221197e-06 9.721660988938021192e-07 8.059269242750885906e-07 5.970605671273536994e-07 5.038768748324892053e-07 6.079506217645775362e-07 7.627647298780638778e-07 7.970369682166858594e-07
5.870505711267502344e-07 6.208570929411193040e-07 6.418408113802239439e-07 6.588827326256889364e-07 6.722595295069556226e-07 7.052747152908135349e-07 7.272537740836203987e-07 7.691794649518073468e-07 8.032993236100217789e-07 8.470276862140422135e-07 9.166406667393531046e-07 1.014486382452285662e-06 1.119443869155418293e-06 1.224422747138638661e-06 1.299000523313046718e-06 1.323111248892714938e-06 1.316564998319058362e-06 1.297790893067115701e-06 1.264996482406043145e-06 1.161293929830008753e-06 9.689991572449237795e-07 7.011256252763458132e-07 5.590998630206894180e-07 6.673497881621824858e-07 8.234783259741420711e-07 8.349025428126620986e-07
5.658079460428338962e-07 6.030992874690500548e-07 6.286417463248074134e-07 6.418195591878458094e-07 6.523108838349810145e-07 6.881664603498199722e-07 7.121730159630339858e-07 7.544758125368612001e-07 7.909240964841380655e-07 8.394647485765452499e-07 9.172468115401562560e-07 1.028326250405268313e-06 1.154339174912545566e-06 1.299000523313046718e-06 1.427233658014814167e-06 1.488722956965191378e-06 1.508027925862116673e-06 1.506752534442356494e-06 1.471318725433795486e-06 1.351121305229927689e-06 1.129921794531406281e-06 8.019037323319706209e-07 5.889936655630512706e-07 6.824893091382308009e-07 8.430919366150738177e-07 8.733279523347912891e-07
5.319573721528823559e-07 5.667318964831127477e-07 6.017982924823716584e-07 6.083479612335989613e-07 6.175587944164923984e-07 6.532374127294210730e-07 6.779281771279381204e-07 7.192282783063240813e-07 7.560221833922527461e-07 8.081179424306798430e-07 8.925114028897372710e-07 1.012625024512958479e-06 1.151813180723027201e-06 1.323111248892714938e-06 1.488722956965191378e-06 1.607817957519339730e-06 1.676401243446604169e-06 1.707721312669331142e-06 1.680024104971982579e-06 1.552440594219749603e-06 1.310122585517766294e-06 9.289909172405845683e-07 6.469388372755480346e-07 7.191193346466805014e-07 8.517703590695388525e-07 9.068114014885824791e-07
4.860577807454584965e-07 5.196636643901535259e-07 5.588517323268122980e-07 5.620168246632960619e-07 5.696007022027295245e-07 6.040381314235774576e-07 6.298449545242781413e-07 6.733785324551664227e-07 7.093009310748400404e-07 7.638701156030694761e-07 8.527910035178738137e-07 9.790047111669714834e-07 1.126329828289091193e-06 1.316564998319058362e-06 1.508027925862116673e-06 1.676401243446604169e-06 1.829792164503488444e-06 1.934111568652285960e-06 1.940132648150705922e-06 1.809675719784747145e-06 1.545052137379658329e-06 1.096875462128511801e-06 7.098124615672940248e-07 7.503451581829738907e-07 8.497651590938904594e-07 9.122826796460499133e-07
4.428627806810741616e-07 4.730223922599027207e-07 5.138641924182840167e-07 5.126318777929362199e-07 5.188774522485323508e-07 5.504365511271860005e-07 5.761521012720474799e-07 6.204243243962597556e-07 6.562758224826173862e-07 7.083727928982352944e-07 8.044648327720746576e-07 9.381552070403185651e-07 1.091241655855597765e-06 1.297790893067115701e-06 1.506752534442356494e-06 1.707721312669331142e-06 1.934111568652285960e-06 2.161320474480064716e-06 2.258850773859126174e-06 2.160260579981039203e-06 1.888169251212681644e-06 1.354816859851898509e-06 8.033461626074329008e-07 7.781235470789062918e-07 8.751382995191426921e-07 9.275866543530403632e-07
4.328261612930790534e-07 4.558957698415813942e-07 4.967169730709352985e-07 4.905188908144318382e-07 4.893971325273497963e-07 5.175166735942863025e-07 5.459595332740428986e-07 5.907579610687740915e-07 6.294237321370989190e-07 6.789934703299811746e-07 7.774530440060855026e-07 9.098014030252020505e-07 1.059027876523221197e-06 1.264996482406043145e-06 1.471318725433795486e-06 1.680024104971982579e-06 1.940132648150705922e-06 2.258850773859126174e-06 2.516578169633629430e-06 2.536551271748302725e-06 2.312595486009222527e-06 1.742245693500673625e-06 1.024073767236222974e-06 8.413301396101060314e-07 9.183685715098542128e-07 9.588337192504437747e-07
4.471469088111164581e-07 4.570668467688991835e-07 4.964864491954746675e-07 4.868370115634513397e-07 4.723706254204795210e-07 4.926122209785672326e-07 5.160816640648571017e-07 5.566486494312490054e-07 5.912759244977861975e-07 6.353069488168660631e-07 7.264039547610009649e-07 8.419836674936945170e-07 9.721660988938021192e-07 1.161293929830008753e-06 1.351121305229927689e-06 1.552440594219749603e-06 1.809675719784747145e-06 2.160260579981039203e-06 2.536551271748302725e-06 2.743995552757773746e-06 2.658377008357363476e-06 2.139370537428279301e-06 1.314389048057684578e-06 9.119718524769578744e-07 9.526530794493960262e-07 9.807007748036197977e-07
4.269594587801839413e-07 4.160262098099208468e-07 4.552683902777706471e-07 4.424099930194754349e-07 4.253825706358690298e-07 4.287705274222093958e-07 4.462155345040282065e-07 4.776516373722319122e-07 5.002463566598028912e-07 5.344254032380324069e-07 6.051416320808058531e-07 6.979462611493508764e-07 8.059269242750885906e-07 9.689991572449237795e-07 1.129921794531406281e-06 1.310122585517766294e-06 1.545052137379658329e-06 1.888169251212681644e-06 2.312595486009222527e-06 2.658377008357363476e-06 2.855500724128743184e-06 2.572610211590919860e-06 1.743660787377645703e-06 1.076820176628871280e-06 9.838937421774588812e-07 1.005426179688151728e-06
4.479754251456644075e-07 4.320858334616681330e-07 4.722107752879891606e-07 4.545857706862620749e-07 4.402992725441947911e-07 4.215632302182684145e-07 4.353133530891130393e-07 4.504716902477910969e-07 4.522475843888517699e-07 4.640229240061638200e-07 4.913615246250113677e-07 5.370745983589046756e-07 5.970605671273536994e-07 7.011256252763458132e-07 8.019037323319706209e-07 9.289909172405845683e-07 1.096875462128511801e-06 1.354816859851898509e-06 1.742245693500673625e-06 2.139370537428279301e-06 2.572610211590919860e-06 2.844128184430954873e-06 2.375950829143714419e-06 1.609073953503564092e-06 1.153693440970977149e-06 1.095620958976778431e-06
4.701602473913239462e-07 4.650134799921517406e-07 5.060914565419453795e-07 4.943227352959728633e-07 4.945589169041006684e-07 4.698749493401578080e-07 4.780134250916063089e-07 4.815460843519326107e-07 4.667580743174652290e-07 4.647927017264181280e-07 4.611221041682589638e-07 4.698512079611145469e-07 5.038768748324892053e-07 5.590998630206894180e-07 5.889936655630512706e-07 6.469388372755480346e-07 7.098124615672940248e-07 8.033461626074329008e-07 1.024073767236222974e-06 1.314389048057684578e-06 1.743660787377645703e-06 2.375950829143714419e-06 2.735400459646530687e-06 2.415141670188921523e-06 1.666784335960145200e-06 1.352566869828064457e-06
4.988329465564682143e-07 5.374396952991171178e-07 5.674758801033050185e-07 5.771357582960159487e-07 5.878477718835522175e-07 5.758646438380696750e-07 5.865059780460259677e-07 5.907878677173219778e-07 5.755996967602042367e-07 5.674214977994362722e-07 5.652411816938134688e-07 5.702053273528465143e-07 6.079506217645775362e-07 6.673497881621824858e-07 6.824893091382308009e-07 7.191193346466805014e-07 7.503451581829738907e-07 7.781235470789062918e-07 8.413301396101060314e-07 9.119718524769578744e-07 1.076820176628871280e-06 1.609073953503564092e-06 2.415141670188921523e-06 3.074749727356035096e-06 2.573072325880230142e-06 1.754680825894963486e-06
5.926526046578967098e-07 6.490187149418216163e-07 6.547334816646132466e-07 6.844611204179464534e-07 6.866560090932007399e-07 7.030806521676575749e-07 7.137382934309244509e-07 7.259281452571151938e-07 7.196579687624183404e-07 7.089705786300130549e-07 7.173984993983166740e-07 7.305464978793252698e-07 7.627647298780638778e-07 8.234783259741420711e-07 8.430919366150738177e-07 8.517703590695388525e-07 8.497651590938904594e-07 8.751382995191426921e-07 9.183685715098542128e-07 9.526530794493960262e-07 9.838937421774588812e-07 1.153693440970977149e-06 1.666784335960145200e-06 2.573072325880230142e-06 3.135804446501186367e-06 2.449033107588227220e-06
6.137408716364758809e-07 6.618770901134730603e-07 6.814939028937027317e-07 7.077902662732405195e-07 7.080063489564348613e-07 7.379064264844323042e-07 7.557849770510063755e-07 7.783765928045937756e-07 7.642374252338133297e-07 7.415684583925559972e-07 7.507307932210056837e-07 7.742424739241799147e-07 7.970369682166858594e-07 8.349025428126620986e-07 8.733279523347912891e-07 9.068114014885824791e-07 9.122826796460499133e-07 9.275866543530403632e-07 9.588337192504437747e-07 9.807007748036197977e-07 1.005426179688151728e-06 1.095620958976778431e-06 1.352566869828064457e-06 1.754680825894963486e-06 2.449033107588227220e-06 3.103095483991818631e-06
