1.152924242880993283e-08 7.425328804134577785e-10 6.570403009398998220e-10 -3.331458462438189567e-10 7.880187908678285999e-10 -6.251771960726141179e-10 2.939887286616017755e-10 7.536192682954965689e-11 -2.869572324007741397e-10 2.070186091819200917e-10 9.419040241819333308e-11 -2.532984714448857830e-11 -6.680168583119366780e-11 -5.818497603723445893e-11 -9.658798326386667811e-11 3.470698007875004072e-11 2.215426418777510596e-11 4.114709834192373332e-11 -3.311111546684385153e-12 -1.843282771575342718e-11
7.425328804134577785e-10 8.118346530131216738e-09 9.148386161469755130e-10 -5.318431006339800192e-11 2.524544163350941307e-10 4.284219525186384649e-10 -1.703666917535366821e-10 -2.192604019858495894e-10 9.989916295289610987e-11 1.141958722340983161e-10 1.802513214933302115e-10 -1.411083001494718651e-10 -8.308251660556860345e-11 7.766841238803045381e-11 1.510564550875511179e-10 3.510404458755222643e-11 2.632227580711570611e-11 4.683445497844497811e-12 5.110419002180059724e-12 -1.041889653155717540e-11
6.570403009398998220e-10 9.148386161469755130e-10 5.507493934516123150e-09 1.749393987482111468e-10 3.829144102034790106e-10 -6.812233732645585482e-11 1.591302459121415772e-10 5.402736769130185550e-11 -7.246163460760299942e-11 5.865241465367192779e-11 8.621856743902752266e-12 -9.308459265693770921e-11 -4.845330903028727819e-11 -1.146848680620631714e-10 5.945413873514077813e-11 -2.052590733488844763e-11 1.481920375691064917e-11 2.048397763057972054e-12 1.437189844581202828e-11 2.844005181501313263e-11
-3.331458462438189567e-10 -5.318431006339800192e-11 1.749393987482111468e-10 3.156803917704802707e-09 4.191990059437478591e-10 -3.516760975524403623e-10 1.358639065232100672e-10 -5.858787199977178942e-11 1.961766235114889771e-11 -9.594987196513541571e-11 8.426022273409994333e-11 3.090298166793948458e-11 -3.531774879137552408e-11 2.114402786024211268e-11 -1.035441035363818742e-11 5.633988969983491001e-12 -1.408651790359564067e-11 -5.942263792959915020e-13 -2.566982772035607252e-11 -3.236462955396429271e-11
7.880187908678285999e-10 2.524544163350941307e-10 3.829144102034790106e-10 4.191990059437478591e-10 2.188640663511893773e-09 3.777750714782098798e-11 2.284696891527124128e-10 2.455950813585623578e-12 -4.540101194499689878e-11 4.951886601876093322e-11 7.463733309065438618e-11 -4.261859704007079543e-11 -2.022959364335999557e-11 2.921744803604854132e-11 1.841698595115603292e-11 -1.973378327462491865e-11 5.081360036391602708e-12 -1.630168162491472143e-11 -1.695159586751941942e-11 7.273205815851302330e-13
-6.251771960726141179e-10 4.284219525186384649e-10 -6.812233732645585482e-11 -3.516760975524403623e-10 3.777750714782098798e-11 1.605584029666499713e-09 2.153378005425594925e-11 8.714002902042129891e-11 4.753833200405276313e-11 2.736816131056284754e-11 6.425274404627724481e-11 -5.435868190008109465e-11 -2.812635838820164707e-11 2.562338581713039101e-11 3.767230911409918624e-11 -1.188719691733616064e-11 -1.927813915767214259e-11 1.686832190708149610e-11 4.411205728522464323e-12 -3.698294232901080579e-12
2.939887286616017755e-10 -1.703666917535366821e-10 1.591302459121415772e-10 1.358639065232100672e-10 2.284696891527124128e-10 2.153378005425594925e-11 1.177406036609501554e-09 1.394152713830054959e-10 6.816846807371073959e-11 -4.225119863628415796e-11 -1.081144862743979139e-11 -1.719389228114868195e-11 -6.936576358534196285e-12 2.175773411319395887e-11 3.121696002039762716e-11 3.443694743930205369e-11 3.132088778735997280e-11 -1.262173643598580414e-11 -2.016477636079406474e-11 -1.670961796802692205e-11
7.536192682954965689e-11 -2.192604019858495894e-10 5.402736769130185550e-11 -5.858787199977178942e-11 2.455950813585623578e-12 8.714002902042129891e-11 1.394152713830054959e-10 5.426255973896483155e-10 1.167527530679911349e-10 5.833652446421671851e-11 -5.526278399381341241e-12 1.398806246598118706e-11 2.590207866630280764e-11 -1.542129240720178640e-11 -4.615899173383144307e-12 1.264602236278946355e-11 -1.396679543246839767e-11 -1.664758168493645803e-11 -9.285458703320840924e-12 -4.199060789364777851e-12
-2.869572324007741397e-10 9.989916295289610987e-11 -7.246163460760299942e-11 1.961766235114889771e-11 -4.540101194499689878e-11 4.753833200405276313e-11 6.816846807371073959e-11 1.167527530679911349e-10 5.094571643653297544e-10 2.539690572329906527e-11 -4.398029023009720480e-12 4.719942776682088908e-11 2.398218195941926257e-11 3.700266430503193175e-11 5.700354590078042738e-12 1.896941026882243081e-11 -3.332427060187219657e-12 -6.293323988920916120e-12 7.565688888287794628e-13 -1.166998926371119600e-11
2.070186091819200917e-10 1.141958722340983161e-10 5.865241465367192779e-11 -9.594987196513541571e-11 4.951886601876093322e-11 2.736816131056284754e-11 -4.225119863628415796e-11 5.833652446421671851e-11 2.539690572329906527e-11 3.188241026645701844e-10 5.793958165076967533e-12 -1.321644304277429696e-11 -1.034525927874717934e-11 2.741637966744792074e-12 2.010198180237355657e-11 7.600323374097859376e-12 2.419472351242277992e-12 5.065652275546580622e-12 9.836500708274293666e-12 7.325023540492987091e-13
9.419040241819333308e-11 1.802513214933302115e-10 8.621856743902752266e-12 8.426022273409994333e-11 7.463733309065438618e-11 6.425274404627724481e-11 -1.081144862743979139e-11 -5.526278399381341241e-12 -4.398029023009720480e-12 5.793958165076967533e-12 1.474595918529607856e-10 2.906334665506020049e-12 -8.182622458280807697e-12 -7.400796830045254370e-12 -3.229078012444650362e-13 4.298431842843597806e-12 -5.902748391668773742e-12 1.013244825002181962e-11 -2.053621014318465363e-12 -8.342886279891986610e-12
-2.532984714448857830e-11 -1.411083001494718651e-10 -9.308459265693770921e-11 3.090298166793948458e-11 -4.261859704007079543e-11 -5.435868190008109465e-11 -1.719389228114868195e-11 1.398806246598118706e-11 4.719942776682088908e-11 -1.321644304277429696e-11 2.906334665506020049e-12 1.429738129601490706e-10 1.469550986386216995e-11 3.083574235043976259e-11 4.239366021197134540e-12 1.023286737491548045e-11 6.633363835087615100e-12 1.127551257039940940e-11 -7.681920624203136490e-13 6.602435646382317310e-12
-6.680168583119366780e-11 -8.308251660556860345e-11 -4.845330903028727819e-11 -3.531774879137552408e-11 -2.022959364335999557e-11 -2.812635838820164707e-11 -6.936576358534196285e-12 2.590207866630280764e-11 2.398218195941926257e-11 -1.034525927874717934e-11 -8.182622458280807697e-12 1.469550986386216995e-11 1.107116295132618234e-10 7.627956551824641050e-12 5.046360774011719460e-12 2.968343950677611686e-12 5.923358815738793818e-12 4.205816940740649075e-12 -1.725143782680484085e-12 2.718057811899475540e-12
-5.818497603723445893e-11 7.766841238803045381e-11 -1.146848680620631714e-10 2.114402786024211268e-11 2.921744803604854132e-11 2.562338581713039101e-11 2.175773411319395887e-11 -1.542129240720178640e-11 3.700266430503193175e-11 2.741637966744792074e-12 -7.400796830045254370e-12 3.083574235043976259e-11 7.627956551824641050e-12 1.118933342429916717e-10 3.209773584801531031e-11 1.305742670099545587e-11 5.542878902871586251e-12 7.897231085449438131e-13 7.415824545382095605e-13 -1.381407054410934135e-12
-9.658798326386667811e-11 1.510564550875511179e-10 5.945413873514077813e-11 -1.035441035363818742e-11 1.841698595115603292e-11 3.767230911409918624e-11 3.121696002039762716e-11 -4.615899173383144307e-12 5.700354590078042738e-12 2.010198180237355657e-11 -3.229078012444650362e-13 4.239366021197134540e-12 5.046360774011719460e-12 3.209773584801531031e-11 6.145830198581585815e-11 1.421510973214173104e-11 7.530712230693712358e-12 5.564727640924966880e-12 2.377607178069285963e-12 2.820331169722652549e-12
3.470698007875004072e-11 3.510404458755222643e-11 -2.052590733488844763e-11 5.633988969983491001e-12 -1.973378327462491865e-11 -1.188719691733616064e-11 3.443694743930205369e-11 1.264602236278946355e-11 1.896941026882243081e-11 7.600323374097859376e-12 4.298431842843597806e-12 1.023286737491548045e-11 2.968343950677611686e-12 1.305742670099545587e-11 1.421510973214173104e-11 3.716033674489990131e-11 1.528851018824876118e-11 6.592390371522591833e-12 6.864834250869213314e-12 3.224544011717493002e-12
2.215426418777510596e-11 2.632227580711570611e-11 1.481920375691064917e-11 -1.408651790359564067e-11 5.081360036391602708e-12 -1.927813915767214259e-11 3.132088778735997280e-11 -1.396679543246839767e-11 -3.332427060187219657e-12 2.419472351242277992e-12 -5.902748391668773742e-12 6.633363835087615100e-12 5.923358815738793818e-12 5.542878902871586251e-12 7.530712230693712358e-12 1.528851018824876118e-11 3.260856172633199377e-11 1.258611671579057518e-11 7.691167630374897719e-12 3.757017252373743106e-12
4.114709834192373332e-11 4.683445497844497811e-12 2.048397763057972054e-12 -5.942263792959915020e-13 -1.630168162491472143e-11 1.686832190708149610e-11 -1.262173643598580414e-11 -1.664758168493645803e-11 -6.293323988920916120e-12 5.065652275546580622e-12 1.013244825002181962e-11 1.127551257039940940e-11 4.205816940740649075e-12 7.897231085449438131e-13 5.564727640924966880e-12 6.592390371522591833e-12 1.258611671579057518e-11 2.966593716655812172e-11 1.047811346558434007e-11 4.985106915697822274e-12
-3.311111546684385153e-12 5.110419002180059724e-12 1.437189844581202828e-11 -2.566982772035607252e-11 -1.695159586751941942e-11 4.411205728522464323e-12 -2.016477636079406474e-11 -9.285458703320840924e-12 7.565688888287794628e-13 9.836500708274293666e-12 -2.053621014318465363e-12 -7.681920624203136490e-13 -1.725143782680484085e-12 7.415824545382095605e-13 2.377607178069285963e-12 6.864834250869213314e-12 7.691167630374897719e-12 1.047811346558434007e-11 2.326909844803330599e-11 1.098621015661201045e-11
-1.843282771575342718e-11 -1.041889653155717540e-11 2.844005181501313263e-11 -3.236462955396429271e-11 7.273205815851302330e-13 -3.698294232901080579e-12 -1.670961796802692205e-11 -4.199060789364777851e-12 -1.166998926371119600e-11 7.325023540492987091e-13 -8.342886279891986610e-12 6.602435646382317310e-12 2.718057811899475540e-12 -1.381407054410934135e-12 2.820331169722652549e-12 3.224544011717493002e-12 3.757017252373743106e-12 4.985106915697822274e-12 1.098621015661201045e-11 1.831724233059159689e-11
