3.163708653239142568e-04 3.135286381626514502e-04 3.117527254511594237e-04 3.099740932808154421e-04 3.078795591765764051e-04 3.064384800828426976e-04 3.050299413035932952e-04 3.039830880041179562e-04 3.027683542569636335e-04 3.017681978955176827e-04 3.008782694970806590e-04 3.000957915290196343e-04 2.996771341260946546e-04 2.995811091584062624e-04 2.996403406164970819e-04 2.998759923494977251e-04 3.001741716858183969e-04 3.007107278202609136e-04 3.008408332866499947e-04 3.002776536504434489e-04 2.996990958707042296e-04 2.988619777046969714e-04 2.985411847246155818e-04 2.990293841009216682e-04 2.996585303934831039e-04 3.003931760295128336e-04
3.135286381626514502e-04 3.107813135163526273e-04 3.090062473966948887e-04 3.072383687313667172e-04 3.051657782334061945e-04 3.037429632133272612e-04 3.023481549730534595e-04 3.013116193201041139e-04 3.001130334150527526e-04 2.991275614528002649e-04 2.982513825882133086e-04 2.974818316100150020e-04 2.970727109648749762e-04 2.969851157206284363e-04 2.970551400757870234e-04 2.972961624535826034e-04 2.975938503047094235e-04 2.981277132674300641e-04 2.982646792133549548e-04 2.976982425523070643e-04 2.971052537444393419e-04 2.962419145954355579e-04 2.958934531133642471e-04 2.963542647535854580e-04 2.969970817312539966e-04 2.977289584487936174e-04
3.117527254511594237e-04 3.090062473966948887e-04 3.072889398039027934e-04 3.055186179110124618e-04 3.034557541315832446e-04 3.020429538881464556e-04 3.006573377735318191e-04 2.996272221508620060e-04 2.984358374678309752e-04 2.974528323352583037e-04 2.965816696700725131e-04 2.958141032300202729e-04 2.954047168453988832e-04 2.953135542582712878e-04 2.953789941856432106e-04 2.956132789944096776e-04 2.959078190586283594e-04 2.964392247409532361e-04 2.965766593095812693e-04 2.960183290073355330e-04 2.954303578512378005e-04 2.945792156355908176e-04 2.942405314801821588e-04 2.947243640849482311e-04 2.953655019501257939e-04 2.960523275794454392e-04
3.099740932808154421e-04 3.072383687313667172e-04 3.055186179110124618e-04 3.037974182315512982e-04 3.017408125832422784e-04 3.003369835701942634e-04 2.989589132448801563e-04 2.979357473236253322e-04 2.967492487830304866e-04 2.957727928464524178e-04 2.949065333579151777e-04 2.941441894486478852e-04 2.937386223799965377e-04 2.936495410075272362e-04 2.937181227637645901e-04 2.939564330193485163e-04 2.942520799401865243e-04 2.947821500966749954e-04 2.949203457894283972e-04 2.943673394948247450e-04 2.937809719764015960e-04 2.929310007671289458e-04 2.925971513167835024e-04 2.930676464158367563e-04 2.936986904945343858e-04 2.943869898174849165e-04
3.078795591765764051e-04 3.051657782334061945e-04 3.034557541315832446e-04 3.017408125832422784e-04 2.997244636372461274e-04 2.983294310130665556e-04 2.969630305082704663e-04 2.959484154275443947e-04 2.947730767701612644e-04 2.938054194786134219e-04 2.929475470271434168e-04 2.921926094147768178e-04 2.917903757410240115e-04 2.917031108418754277e-04 2.917707771350234948e-04 2.920062652705755616e-04 2.922955295377549327e-04 2.928193659565116115e-04 2.929551748476971556e-04 2.923992807447989804e-04 2.918027743464154077e-04 2.909531890017128170e-04 2.906126632399573008e-04 2.910794013904331214e-04 2.917098401479058028e-04 2.924080797135380941e-04
3.064384800828426976e-04 3.037429632133272612e-04 3.020429538881464556e-04 3.003369835701942634e-04 2.983294310130665556e-04 2.969639481266656347e-04 2.956034453041910047e-04 2.945944359787448243e-04 2.934267885741847440e-04 2.924675045378031689e-04 2.916169379219184297e-04 2.908689829982893287e-04 2.904731031938537125e-04 2.903880562859111926e-04 2.904558421738114926e-04 2.906883964377147338e-04 2.909718903586740527e-04 2.914926371052287287e-04 2.916303891429713980e-04 2.910729223835735132e-04 2.904625100205485925e-04 2.896131990452978562e-04 2.892893947923837628e-04 2.897564526931392767e-04 2.903645607322427429e-04 2.910639629168500307e-04
3.050299413035932952e-04 3.023481549730534595e-04 3.006573377735318191e-04 2.989589132448801563e-04 2.969630305082704663e-04 2.956034453041910047e-04 2.942706549115975683e-04 2.932691509634574199e-04 2.921122178871866709e-04 2.911614360729932122e-04 2.903185206339696598e-04 2.895749340080371612e-04 2.891862310037797770e-04 2.891037686642277272e-04 2.891707006762203841e-04 2.893988856660971117e-04 2.896801384799620942e-04 2.901978939387594015e-04 2.903366100916720941e-04 2.897770900809166984e-04 2.891567206427784098e-04 2.882993784908940613e-04 2.879721010334492935e-04 2.884428227711335869e-04 2.890559607172322521e-04 2.897468004901696610e-04
3.039830880041179562e-04 3.013116193201041139e-04 2.996272221508620060e-04 2.979357473236253322e-04 2.959484154275443947e-04 2.945944359787448243e-04 2.932691509634574199e-04 2.922906528894655899e-04 2.911424499527977164e-04 2.902010494583236893e-04 2.893659600558372161e-04 2.886313192837385217e-04 2.882500191425315132e-04 2.881731633887345831e-04 2.882424941701596769e-04 2.884691468644925375e-04 2.887480817952802598e-04 2.892594712694031571e-04 2.893903311567223705e-04 2.888263431925630208e-04 2.881973200753617961e-04 2.873268877163683162e-04 2.869854589386930019e-04 2.874464987495721447e-04 2.880764982992986990e-04 2.887607516192306606e-04
3.027683542569636335e-04 3.001130334150527526e-04 2.984358374678309752e-04 2.967492487830304866e-04 2.947730767701612644e-04 2.934267885741847440e-04 2.921122178871866709e-04 2.911424499527977164e-04 2.900173001009212709e-04 2.890865214371528724e-04 2.882614046999532336e-04 2.875378777703419073e-04 2.871656776082426072e-04 2.870959469529747623e-04 2.871724078943566722e-04 2.874022735590009425e-04 2.876801955302672265e-04 2.881871380833045263e-04 2.883135277495871979e-04 2.877422812797169769e-04 2.870981420242630180e-04 2.862015276381002916e-04 2.858494854540027008e-04 2.863046993875080601e-04 2.869398138646286835e-04 2.876249283879550502e-04
3.017681978955176827e-04 2.991275614528002649e-04 2.974528323352583037e-04 2.957727928464524178e-04 2.938054194786134219e-04 2.924675045378031689e-04 2.911614360729932122e-04 2.902010494583236893e-04 2.890865214371528724e-04 2.881802142183250673e-04 2.873687138931779479e-04 2.866571668230219797e-04 2.862974540072060975e-04 2.862350679857175598e-04 2.863171120175879848e-04 2.865468176598932339e-04 2.868221721387285636e-04 2.873242458633335330e-04 2.874501481087375350e-04 2.868774950059352737e-04 2.862172273603788564e-04 2.852981453993546843e-04 2.849263787797403366e-04 2.853638474533520797e-04 2.860100700990884340e-04 2.866972467691923025e-04
3.008782694970806590e-04 2.982513825882133086e-04 2.965816696700725131e-04 2.949065333579151777e-04 2.929475470271434168e-04 2.916169379219184297e-04 2.903185206339696598e-04 2.893659600558372161e-04 2.882614046999532336e-04 2.873687138931779479e-04 2.865832561564145243e-04 2.858906381212411932e-04 2.855456399030478721e-04 2.854935846309518302e-04 2.855841389035852166e-04 2.858181387816280828e-04 2.860912922054581627e-04 2.865867714856084941e-04 2.867051878205497490e-04 2.861267804552332546e-04 2.854415841142405306e-04 2.844889095790704330e-04 2.840978470268688111e-04 2.845188771563612602e-04 2.851820820016892199e-04 2.858772947243339415e-04
3.000957915290196343e-04 2.974818316100150020e-04 2.958141032300202729e-04 2.941441894486478852e-04 2.921926094147768178e-04 2.908689829982893287e-04 2.895749340080371612e-04 2.886313192837385217e-04 2.875378777703419073e-04 2.866571668230219797e-04 2.858906381212411932e-04 2.852296764099865236e-04 2.849054607298192156e-04 2.848702690261901071e-04 2.849719637845512642e-04 2.852131624729246895e-04 2.854891071475461426e-04 2.859838235528994492e-04 2.860968621254759959e-04 2.855077106430059779e-04 2.847890129452951453e-04 2.837836775231360816e-04 2.833606703511383929e-04 2.837625967017294885e-04 2.844550298752549660e-04 2.851578497803327109e-04
2.996771341260946546e-04 2.970727109648749762e-04 2.954047168453988832e-04 2.937386223799965377e-04 2.917903757410240115e-04 2.904731031938537125e-04 2.891862310037797770e-04 2.882500191425315132e-04 2.871656776082426072e-04 2.862974540072060975e-04 2.855456399030478721e-04 2.849054607298192156e-04 2.846144351757738710e-04 2.846040123953126827e-04 2.847213650719742110e-04 2.849715732353003930e-04 2.852472078618649019e-04 2.857369499022827304e-04 2.858413425576305394e-04 2.852358779038586070e-04 2.844794395661147065e-04 2.834125556979120867e-04 2.829638657702460841e-04 2.833625187650160265e-04 2.840921890304935727e-04 2.848026803347849969e-04
2.995811091584062624e-04 2.969851157206284363e-04 2.953135542582712878e-04 2.936495410075272362e-04 2.917031108418754277e-04 2.903880562859111926e-04 2.891037686642277272e-04 2.881731633887345831e-04 2.870959469529747623e-04 2.862350679857175598e-04 2.854935846309518302e-04 2.848702690261901071e-04 2.846040123953126827e-04 2.846390695056955750e-04 2.847897007541936860e-04 2.850669375511971572e-04 2.853542976400166159e-04 2.858483082656634888e-04 2.859440259960681981e-04 2.853214248742394704e-04 2.845250572837891394e-04 2.833903643383262278e-04 2.829110968299408777e-04 2.833032760957588259e-04 2.840687369436785035e-04 2.847754097689652567e-04
2.996403406164970819e-04 2.970551400757870234e-04 2.953789941856432106e-04 2.937181227637645901e-04 2.917707771350234948e-04 2.904558421738114926e-04 2.891707006762203841e-04 2.882424941701596769e-04 2.871724078943566722e-04 2.863171120175879848e-04 2.855841389035852166e-04 2.849719637845512642e-04 2.847213650719742110e-04 2.847897007541936860e-04 2.849964847949310672e-04 2.853235285202771095e-04 2.856397596602551318e-04 2.861434379042272443e-04 2.862322295885260672e-04 2.855914634573209930e-04 2.847547692301447149e-04 2.835405076461248834e-04 2.830178567052706799e-04 2.834031434493774820e-04 2.842110322609996782e-04 2.849303612476363217e-04
2.998759923494977251e-04 2.972961624535826034e-04 2.956132789944096776e-04 2.939564330193485163e-04 2.920062652705755616e-04 2.906883964377147338e-04 2.893988856660971117e-04 2.884691468644925375e-04 2.874022735590009425e-04 2.865468176598932339e-04 2.858181387816280828e-04 2.852131624729246895e-04 2.849715732353003930e-04 2.850669375511971572e-04 2.853235285202771095e-04 2.857344278872189823e-04 2.861112665787092740e-04 2.866441752956889501e-04 2.867355883755319827e-04 2.860738838274796514e-04 2.851895794705088861e-04 2.838700363200888951e-04 2.832888407960732022e-04 2.836732800883219672e-04 2.845193765651452271e-04 2.852407442659981966e-04
3.001741716858183969e-04 2.975938503047094235e-04 2.959078190586283594e-04 2.942520799401865243e-04 2.922955295377549327e-04 2.909718903586740527e-04 2.896801384799620942e-04 2.887480817952802598e-04 2.876801955302672265e-04 2.868221721387285636e-04 2.860912922054581627e-04 2.854891071475461426e-04 2.852472078618649019e-04 2.853542976400166159e-04 2.856397596602551318e-04 2.861112665787092740e-04 2.865896753470932611e-04 2.871987391607159351e-04 2.873298507177466407e-04 2.866760730328893380e-04 2.857737533108095271e-04 2.843517004504908649e-04 2.836636838616529862e-04 2.840338191424270076e-04 2.849152778995553696e-04 2.856108024959875744e-04
3.007107278202609136e-04 2.981277132674300641e-04 2.964392247409532361e-04 2.947821500966749954e-04 2.928193659565116115e-04 2.914926371052287287e-04 2.901978939387594015e-04 2.892594712694031571e-04 2.881871380833045263e-04 2.873242458633335330e-04 2.865867714856084941e-04 2.859838235528994492e-04 2.857369499022827304e-04 2.858483082656634888e-04 2.861434379042272443e-04 2.866441752956889501e-04 2.871987391607159351e-04 2.879430444654505587e-04 2.881754045452237611e-04 2.875555470172607461e-04 2.866427967260083394e-04 2.851274127664758752e-04 2.843012081025206089e-04 2.846397216666550880e-04 2.855284134087385651e-04 2.861881007696980787e-04
3.008408332866499947e-04 2.982646792133549548e-04 2.965766593095812693e-04 2.949203457894283972e-04 2.929551748476971556e-04 2.916303891429713980e-04 2.903366100916720941e-04 2.893903311567223705e-04 2.883135277495871979e-04 2.874501481087375350e-04 2.867051878205497490e-04 2.860968621254759959e-04 2.858413425576305394e-04 2.859440259960681981e-04 2.862322295885260672e-04 2.867355883755319827e-04 2.873298507177466407e-04 2.881754045452237611e-04 2.885850495630576536e-04 2.880845552308344826e-04 2.872196331000373632e-04 2.856453833970748371e-04 2.846161604520953633e-04 2.848410368609806636e-04 2.857209609902458167e-04 2.863971651054342368e-04
3.002776536504434489e-04 2.976982425523070643e-04 2.960183290073355330e-04 2.943673394948247450e-04 2.923992807447989804e-04 2.910729223835735132e-04 2.897770900809166984e-04 2.888263431925630208e-04 2.877422812797169769e-04 2.868774950059352737e-04 2.861267804552332546e-04 2.855077106430059779e-04 2.852358779038586070e-04 2.853214248742394704e-04 2.855914634573209930e-04 2.860738838274796514e-04 2.866760730328893380e-04 2.875555470172607461e-04 2.880845552308344826e-04 2.878164963034282424e-04 2.871370601441066263e-04 2.856147428542587987e-04 2.843772062950557364e-04 2.843868195684315370e-04 2.852409082712261063e-04 2.859341178333281138e-04
2.996990958707042296e-04 2.971052537444393419e-04 2.954303578512378005e-04 2.937809719764015960e-04 2.918027743464154077e-04 2.904625100205485925e-04 2.891567206427784098e-04 2.881973200753617961e-04 2.870981420242630180e-04 2.862172273603788564e-04 2.854415841142405306e-04 2.847890129452951453e-04 2.844794395661147065e-04 2.845250572837891394e-04 2.847547692301447149e-04 2.851895794705088861e-04 2.857737533108095271e-04 2.866427967260083394e-04 2.872196331000373632e-04 2.871370601441066263e-04 2.868353763614532202e-04 2.856031852137380601e-04 2.843012633211996847e-04 2.840204913026828982e-04 2.847396130773251254e-04 2.854183362754029877e-04
2.988619777046969714e-04 2.962419145954355579e-04 2.945792156355908176e-04 2.929310007671289458e-04 2.909531890017128170e-04 2.896131990452978562e-04 2.882993784908940613e-04 2.873268877163683162e-04 2.862015276381002916e-04 2.852981453993546843e-04 2.844889095790704330e-04 2.837836775231360816e-04 2.834125556979120867e-04 2.833903643383262278e-04 2.835405076461248834e-04 2.838700363200888951e-04 2.843517004504908649e-04 2.851274127664758752e-04 2.856453833970748371e-04 2.856147428542587987e-04 2.856031852137380601e-04 2.850351559000926919e-04 2.841427261977244904e-04 2.837405154798954671e-04 2.840498525988881143e-04 2.846781416780711990e-04
2.985411847246155818e-04 2.958934531133642471e-04 2.942405314801821588e-04 2.925971513167835024e-04 2.906126632399573008e-04 2.892893947923837628e-04 2.879721010334492935e-04 2.869854589386930019e-04 2.858494854540027008e-04 2.849263787797403366e-04 2.840978470268688111e-04 2.833606703511383929e-04 2.829638657702460841e-04 2.829110968299408777e-04 2.830178567052706799e-04 2.832888407960732022e-04 2.836636838616529862e-04 2.843012081025206089e-04 2.846161604520953633e-04 2.843772062950557364e-04 2.843012633211996847e-04 2.841427261977244904e-04 2.841618400110054754e-04 2.842318167674518187e-04 2.840691193916578222e-04 2.844797336279740962e-04
2.990293841009216682e-04 2.963542647535854580e-04 2.947243640849482311e-04 2.930676464158367563e-04 2.910794013904331214e-04 2.897564526931392767e-04 2.884428227711335869e-04 2.874464987495721447e-04 2.863046993875080601e-04 2.853638474533520797e-04 2.845188771563612602e-04 2.837625967017294885e-04 2.833625187650160265e-04 2.833032760957588259e-04 2.834031434493774820e-04 2.836732800883219672e-04 2.840338191424270076e-04 2.846397216666550880e-04 2.848410368609806636e-04 2.843868195684315370e-04 2.840204913026828982e-04 2.837405154798954671e-04 2.842318167674518187e-04 2.853655441413942588e-04 2.852824889303083871e-04 2.852088588621046563e-04
2.996585303934831039e-04 2.969970817312539966e-04 2.953655019501257939e-04 2.936986904945343858e-04 2.917098401479058028e-04 2.903645607322427429e-04 2.890559607172322521e-04 2.880764982992986990e-04 2.869398138646286835e-04 2.860100700990884340e-04 2.851820820016892199e-04 2.844550298752549660e-04 2.840921890304935727e-04 2.840687369436785035e-04 2.842110322609996782e-04 2.845193765651452271e-04 2.849152778995553696e-04 2.855284134087385651e-04 2.857209609902458167e-04 2.852409082712261063e-04 2.847396130773251254e-04 2.840498525988881143e-04 2.840691193916578222e-04 2.852824889303083871e-04 2.864691765732023192e-04 2.864728762452055356e-04
3.003931760295128336e-04 2.977289584487936174e-04 2.960523275794454392e-04 2.943869898174849165e-04 2.924080797135380941e-04 2.910639629168500307e-04 2.897468004901696610e-04 2.887607516192306606e-04 2.876249283879550502e-04 2.866972467691923025e-04 2.858772947243339415e-04 2.851578497803327109e-04 2.848026803347849969e-04 2.847754097689652567e-04 2.849303612476363217e-04 2.852407442659981966e-04 2.856108024959875744e-04 2.861881007696980787e-04 2.863971651054342368e-04 2.859341178333281138e-04 2.854183362754029877e-04 2.846781416780711990e-04 2.844797336279740962e-04 2.852088588621046563e-04 2.864728762452055356e-04 2.876120088678211606e-04
