6.277241226572634379e-04 6.210342430999040483e-04 6.157158054838708693e-04 6.123699704245039697e-04 6.088666129283413359e-04 6.059347670955724224e-04 6.037457884131157589e-04 6.014214015676156268e-04 5.994983613806617899e-04 5.975965680460295281e-04 5.962145714943490986e-04 5.949735856354429692e-04 5.939396467000840341e-04 5.935128260870046069e-04 5.929724646574459704e-04 5.923470240687593678e-04 5.914900887382576987e-04 5.904221751782734234e-04 5.896942244748658692e-04 5.890876433053454826e-04 5.893766661959719396e-04 5.914334762794908225e-04 5.942554660361439424e-04 5.928735729068579678e-04 5.905276414255891627e-04 5.913968261934733368e-04
6.210342430999040483e-04 6.145502549985470747e-04 6.092546076270627517e-04 6.059443969652730149e-04 6.024755470279743444e-04 5.995804224890123645e-04 5.974162773905407949e-04 5.951159027731656951e-04 5.932096071573899352e-04 5.913210661551680531e-04 5.899475987562608891e-04 5.887186351909211388e-04 5.876948376370645698e-04 5.872711752066919234e-04 5.867358860297449200e-04 5.861206527083367935e-04 5.852833729050416168e-04 5.842454420120750001e-04 5.835375316338982203e-04 5.829365577618708053e-04 5.832389170747225059e-04 5.852738163165226029e-04 5.880293959644935110e-04 5.866449236628450917e-04 5.843324752353148748e-04 5.852086445597204150e-04
6.157158054838708693e-04 6.092546076270627517e-04 6.040953490295411857e-04 6.007970769171730712e-04 5.973632650299696024e-04 5.944861684362281540e-04 5.923455387536895366e-04 5.900647882296809147e-04 5.881721743619696113e-04 5.863005870334572116e-04 5.849422192746735845e-04 5.837230293593590955e-04 5.827102578884520850e-04 5.822971253695162670e-04 5.817687252976972041e-04 5.811607814890558128e-04 5.803278429612584695e-04 5.793022615592743115e-04 5.786091700443279050e-04 5.780217869282641566e-04 5.783261451588599675e-04 5.803485392418547897e-04 5.830991582415653678e-04 5.817622496854499324e-04 5.794833673120892677e-04 5.803203711633710344e-04
6.123699704245039697e-04 6.059443969652730149e-04 6.007970769171730712e-04 5.975697610646960164e-04 5.941449256676654663e-04 5.912828089185153367e-04 5.891525701118842558e-04 5.868833062422940680e-04 5.850040775517951434e-04 5.831430777235178855e-04 5.817970335091167053e-04 5.805871783754062727e-04 5.795837204506597935e-04 5.791731851588783481e-04 5.786520630001061377e-04 5.780496172916820387e-04 5.772247604457375093e-04 5.762114083766186300e-04 5.755194093305684945e-04 5.749325755760337784e-04 5.752136931372773751e-04 5.771845955882753216e-04 5.798885800614839549e-04 5.785483160320015845e-04 5.763153884002072741e-04 5.771713547977727794e-04
6.088666129283413359e-04 6.024755470279743444e-04 5.973632650299696024e-04 5.941449256676654663e-04 5.907830450152621324e-04 5.879303445891306303e-04 5.858094276781514263e-04 5.835545618164561131e-04 5.816902081710548797e-04 5.798455680433753064e-04 5.785072759636912662e-04 5.773047581842517643e-04 5.763083360651069346e-04 5.759046079766716323e-04 5.753941022430164760e-04 5.748072659972963336e-04 5.739877977419572145e-04 5.729788858911353264e-04 5.722878962285398319e-04 5.716948212310367112e-04 5.719606534937395287e-04 5.739043108889995207e-04 5.765715886588730632e-04 5.752601342812667341e-04 5.730772444003619974e-04 5.739479129938806915e-04
6.059347670955724224e-04 5.995804224890123645e-04 5.944861684362281540e-04 5.912828089185153367e-04 5.879303445891306303e-04 5.851337172011295907e-04 5.830218457196271152e-04 5.807832511356794984e-04 5.789335158770990766e-04 5.771019171120704257e-04 5.757735169412452536e-04 5.745854173523831914e-04 5.736031681437633476e-04 5.732075859516607298e-04 5.727045070099800583e-04 5.721293354567035363e-04 5.713222939192856955e-04 5.703287422916291424e-04 5.696444292462343783e-04 5.690410463966716088e-04 5.692800665373858688e-04 5.711727409283318168e-04 5.738028308878781328e-04 5.725203622448347962e-04 5.703639530410091214e-04 5.712121785792142201e-04
6.037457884131157589e-04 5.974162773905407949e-04 5.923455387536895366e-04 5.891525701118842558e-04 5.858094276781514263e-04 5.830218457196271152e-04 5.809504030354381392e-04 5.787241378060841140e-04 5.768853750740156458e-04 5.750625150930698589e-04 5.737460072613954562e-04 5.725702143742095749e-04 5.715993979892000816e-04 5.712128766747669390e-04 5.707165473105541660e-04 5.701439133831996469e-04 5.693370676862990034e-04 5.683448799614989905e-04 5.676708536900790681e-04 5.670786839984232703e-04 5.673132140091317671e-04 5.691823354059108355e-04 5.718031669228151566e-04 5.705153601504821996e-04 5.683579545169010865e-04 5.692061055850950813e-04
6.014214015676156268e-04 5.951159027731656951e-04 5.900647882296809147e-04 5.868833062422940680e-04 5.835545618164561131e-04 5.807832511356794984e-04 5.787241378060841140e-04 5.765310109136102118e-04 5.747026410058833157e-04 5.728893268097478121e-04 5.715823539313932573e-04 5.704179616515481438e-04 5.694585772555871978e-04 5.690821518705368141e-04 5.685962139956329429e-04 5.680362499269187406e-04 5.672437711399873047e-04 5.662613491309150199e-04 5.655900007828528787e-04 5.649901096727251350e-04 5.651978830549611067e-04 5.670197182813662296e-04 5.696136408867052059e-04 5.683353716068715753e-04 5.662018782066035845e-04 5.670822749799952654e-04
5.994983613806617899e-04 5.932096071573899352e-04 5.881721743619696113e-04 5.850040775517951434e-04 5.816902081710548797e-04 5.789335158770990766e-04 5.768853750740156458e-04 5.747026410058833157e-04 5.729032722867297709e-04 5.711015031832067639e-04 5.698059653675691377e-04 5.686531942198750104e-04 5.677077946559437810e-04 5.673391961206781121e-04 5.668596448642001942e-04 5.663076167362880676e-04 5.655212183445139460e-04 5.645456440224131539e-04 5.638749237609893758e-04 5.632655906742401733e-04 5.634498601458381734e-04 5.652391279392207819e-04 5.678185976966672148e-04 5.665473627089252133e-04 5.644325845575700121e-04 5.653146722006213666e-04
5.975965680460295281e-04 5.913210661551680531e-04 5.863005870334572116e-04 5.831430777235178855e-04 5.798455680433753064e-04 5.771019171120704257e-04 5.750625150930698589e-04 5.728893268097478121e-04 5.711015031832067639e-04 5.693309902736657475e-04 5.680527314915478779e-04 5.669167795728423604e-04 5.659872200413256556e-04 5.656329961342959753e-04 5.651655828773457417e-04 5.646258191675415476e-04 5.638475095941840407e-04 5.628743543681188248e-04 5.622056924013925979e-04 5.615844585617039714e-04 5.617344092233352709e-04 5.634668689044469714e-04 5.660164836917067196e-04 5.647761756247573735e-04 5.626974755318578381e-04 5.635633200754959450e-04
5.962145714943490986e-04 5.899475987562608891e-04 5.849422192746735845e-04 5.817970335091167053e-04 5.785072759636912662e-04 5.757735169412452536e-04 5.737460072613954562e-04 5.715823539313932573e-04 5.698059653675691377e-04 5.680527314915478779e-04 5.668139424671180156e-04 5.657062824642384354e-04 5.648006746554761924e-04 5.644686320602186613e-04 5.640189877605462140e-04 5.634938261936490653e-04 5.627288562096577221e-04 5.617703555639431533e-04 5.611057363737624246e-04 5.604655271791023552e-04 5.605624363465524411e-04 5.622049330471571823e-04 5.646985339260214305e-04 5.634771354275767584e-04 5.614496336096387119e-04 5.623180889703248333e-04
5.949735856354429692e-04 5.887186351909211388e-04 5.837230293593590955e-04 5.805871783754062727e-04 5.773047581842517643e-04 5.745854173523831914e-04 5.725702143742095749e-04 5.704179616515481438e-04 5.686531942198750104e-04 5.669167795728423604e-04 5.657062824642384354e-04 5.646457363437693911e-04 5.637723841080155042e-04 5.634694683047252210e-04 5.630437393504346584e-04 5.625390484887517802e-04 5.617907457351611769e-04 5.608497189678813069e-04 5.601873864566130979e-04 5.595185288738805133e-04 5.595553889315628372e-04 5.611036882941560161e-04 5.635438529594632680e-04 5.623394544497583398e-04 5.603462244399038143e-04 5.612134721114884345e-04
5.939396467000840341e-04 5.876948376370645698e-04 5.827102578884520850e-04 5.795837204506597935e-04 5.763083360651069346e-04 5.736031681437633476e-04 5.715993979892000816e-04 5.694585772555871978e-04 5.677077946559437810e-04 5.659872200413256556e-04 5.648006746554761924e-04 5.637723841080155042e-04 5.629530156010630190e-04 5.626936025094587349e-04 5.623023233215466033e-04 5.618291138590799511e-04 5.611055070446998487e-04 5.601909386334470243e-04 5.595371864917833126e-04 5.588451719254278671e-04 5.588241595739901722e-04 5.602644753715420312e-04 5.626330622750533783e-04 5.614352086284620479e-04 5.594787033641726495e-04 5.603229616624668145e-04
5.935128260870046069e-04 5.872711752066919234e-04 5.822971253695162670e-04 5.791731851588783481e-04 5.759046079766716323e-04 5.732075859516607298e-04 5.712128766747669390e-04 5.690821518705368141e-04 5.673391961206781121e-04 5.656329961342959753e-04 5.644686320602186613e-04 5.634694683047252210e-04 5.626936025094587349e-04 5.624983866172719770e-04 5.621560541474756364e-04 5.617264198698705560e-04 5.610362701986572852e-04 5.601536472472516464e-04 5.595167239066399555e-04 5.588034105953722328e-04 5.587016195810661293e-04 5.599998121708935159e-04 5.622840420576990378e-04 5.611282686088089541e-04 5.592545368742170894e-04 5.600865643335009407e-04
5.929724646574459704e-04 5.867358860297449200e-04 5.817687252976972041e-04 5.786520630001061377e-04 5.753941022430164760e-04 5.727045070099800583e-04 5.707165473105541660e-04 5.685962139956329429e-04 5.668596448642001942e-04 5.651655828773457417e-04 5.640189877605462140e-04 5.630437393504346584e-04 5.623023233215466033e-04 5.621560541474756364e-04 5.618919957825817355e-04 5.615367209833923038e-04 5.609042120350716653e-04 5.600661895478381601e-04 5.594533735591296049e-04 5.587202196759896017e-04 5.585330724198879580e-04 5.596641946003553343e-04 5.618320451298000270e-04 5.607033598654165068e-04 5.588764433084499874e-04 5.596913573872601584e-04
5.923470240687593678e-04 5.861206527083367935e-04 5.811607814890558128e-04 5.780496172916820387e-04 5.748072659972963336e-04 5.721293354567035363e-04 5.701439133831996469e-04 5.680362499269187406e-04 5.663076167362880676e-04 5.646258191675415476e-04 5.634938261936490653e-04 5.625390484887517802e-04 5.618291138590799511e-04 5.617264198698705560e-04 5.615367209833923038e-04 5.612940112707319028e-04 5.607608426133845478e-04 5.600073450570439799e-04 5.594502791810510717e-04 5.587089159353222619e-04 5.584232950887901576e-04 5.593249291547304101e-04 5.612943901502550357e-04 5.601785888684030846e-04 5.584375722068729824e-04 5.592550514868109470e-04
5.914900887382576987e-04 5.852833729050416168e-04 5.803278429612584695e-04 5.772247604457375093e-04 5.739877977419572145e-04 5.713222939192856955e-04 5.693370676862990034e-04 5.672437711399873047e-04 5.655212183445139460e-04 5.638475095941840407e-04 5.627288562096577221e-04 5.617907457351611769e-04 5.611055070446998487e-04 5.610362701986572852e-04 5.609042120350716653e-04 5.607608426133845478e-04 5.603845328019987351e-04 5.597684911502110892e-04 5.592948057100790606e-04 5.585572825641584851e-04 5.581582966420258352e-04 5.587849116816941087e-04 5.605018768220443662e-04 5.593926572961983998e-04 5.577506365050039546e-04 5.586237364338973244e-04
5.904221751782734234e-04 5.842454420120750001e-04 5.793022615592743115e-04 5.762114083766186300e-04 5.729788858911353264e-04 5.703287422916291424e-04 5.683448799614989905e-04 5.662613491309150199e-04 5.645456440224131539e-04 5.628743543681188248e-04 5.617703555639431533e-04 5.608497189678813069e-04 5.601909386334470243e-04 5.601536472472516464e-04 5.600661895478381601e-04 5.600073450570439799e-04 5.597684911502110892e-04 5.593615271379766881e-04 5.590485005925104013e-04 5.583685299023519828e-04 5.579078052488488934e-04 5.582726653977712356e-04 5.596699010759793999e-04 5.585289669184456771e-04 5.570036449466158951e-04 5.578848947516759898e-04
5.896942244748658692e-04 5.835375316338982203e-04 5.786091700443279050e-04 5.755194093305684945e-04 5.722878962285398319e-04 5.696444292462343783e-04 5.676708536900790681e-04 5.655900007828528787e-04 5.638749237609893758e-04 5.622056924013925979e-04 5.611057363737624246e-04 5.601873864566130979e-04 5.595371864917833126e-04 5.595167239066399555e-04 5.594533735591296049e-04 5.594502791810510717e-04 5.592948057100790606e-04 5.590485005925104013e-04 5.589935945005360726e-04 5.585020247332316305e-04 5.581034045245043948e-04 5.583259961352336851e-04 5.593871530359386876e-04 5.580821258442739130e-04 5.565712688227648919e-04 5.574192146381506474e-04
5.890876433053454826e-04 5.829365577618708053e-04 5.780217869282641566e-04 5.749325755760337784e-04 5.716948212310367112e-04 5.690410463966716088e-04 5.670786839984232703e-04 5.649901096727251350e-04 5.632655906742401733e-04 5.615844585617039714e-04 5.604655271791023552e-04 5.595185288738805133e-04 5.588451719254278671e-04 5.588034105953722328e-04 5.587202196759896017e-04 5.587089159353222619e-04 5.585572825641584851e-04 5.583685299023519828e-04 5.585020247332316305e-04 5.583466284232312419e-04 5.582451535453844885e-04 5.585714594503998201e-04 5.594210625223074770e-04 5.577864104812026332e-04 5.561493969635555911e-04 5.569196876971325419e-04
5.893766661959719396e-04 5.832389170747225059e-04 5.783261451588599675e-04 5.752136931372773751e-04 5.719606534937395287e-04 5.692800665373858688e-04 5.673132140091317671e-04 5.651978830549611067e-04 5.634498601458381734e-04 5.617344092233352709e-04 5.605624363465524411e-04 5.595553889315628372e-04 5.588241595739901722e-04 5.587016195810661293e-04 5.585330724198879580e-04 5.584232950887901576e-04 5.581582966420258352e-04 5.579078052488488934e-04 5.581034045245043948e-04 5.582451535453844885e-04 5.587698444356492024e-04 5.597225053573923453e-04 5.607276935750793272e-04 5.585800769035625469e-04 5.565003910155846313e-04 5.571473108427251733e-04
5.914334762794908225e-04 5.852738163165226029e-04 5.803485392418547897e-04 5.771845955882753216e-04 5.739043108889995207e-04 5.711727409283318168e-04 5.691823354059108355e-04 5.670197182813662296e-04 5.652391279392207819e-04 5.634668689044469714e-04 5.622049330471571823e-04 5.611036882941560161e-04 5.602644753715420312e-04 5.599998121708935159e-04 5.596641946003553343e-04 5.593249291547304101e-04 5.587849116816941087e-04 5.582726653977712356e-04 5.583259961352336851e-04 5.585714594503998201e-04 5.597225053573923453e-04 5.620193742556871784e-04 5.640503213252310395e-04 5.615552887628428875e-04 5.585665568693851633e-04 5.590391239392211893e-04
5.942554660361439424e-04 5.880293959644935110e-04 5.830991582415653678e-04 5.798885800614839549e-04 5.765715886588730632e-04 5.738028308878781328e-04 5.718031669228151566e-04 5.696136408867052059e-04 5.678185976966672148e-04 5.660164836917067196e-04 5.646985339260214305e-04 5.635438529594632680e-04 5.626330622750533783e-04 5.622840420576990378e-04 5.618320451298000270e-04 5.612943901502550357e-04 5.605018768220443662e-04 5.596699010759793999e-04 5.593871530359386876e-04 5.594210625223074770e-04 5.607276935750793272e-04 5.640503213252310395e-04 5.678153835253533458e-04 5.659124687357381701e-04 5.618817529764333438e-04 5.619514543445775726e-04
5.928735729068579678e-04 5.866449236628450917e-04 5.817622496854499324e-04 5.785483160320015845e-04 5.752601342812667341e-04 5.725203622448347962e-04 5.705153601504821996e-04 5.683353716068715753e-04 5.665473627089252133e-04 5.647761756247573735e-04 5.634771354275767584e-04 5.623394544497583398e-04 5.614352086284620479e-04 5.611282686088089541e-04 5.607033598654165068e-04 5.601785888684030846e-04 5.593926572961983998e-04 5.585289669184456771e-04 5.580821258442739130e-04 5.577864104812026332e-04 5.585800769035625469e-04 5.615552887628428875e-04 5.659124687357381701e-04 5.657698708205267284e-04 5.622096028501811626e-04 5.615433847296294077e-04
5.905276414255891627e-04 5.843324752353148748e-04 5.794833673120892677e-04 5.763153884002072741e-04 5.730772444003619974e-04 5.703639530410091214e-04 5.683579545169010865e-04 5.662018782066035845e-04 5.644325845575700121e-04 5.626974755318578381e-04 5.614496336096387119e-04 5.603462244399038143e-04 5.594787033641726495e-04 5.592545368742170894e-04 5.588764433084499874e-04 5.584375722068729824e-04 5.577506365050039546e-04 5.570036449466158951e-04 5.565712688227648919e-04 5.561493969635555911e-04 5.565003910155846313e-04 5.585665568693851633e-04 5.618817529764333438e-04 5.622096028501811626e-04 5.610398520268938555e-04 5.605082558540484860e-04
5.913968261934733368e-04 5.852086445597204150e-04 5.803203711633710344e-04 5.771713547977727794e-04 5.739479129938806915e-04 5.712121785792142201e-04 5.692061055850950813e-04 5.670822749799952654e-04 5.653146722006213666e-04 5.635633200754959450e-04 5.623180889703248333e-04 5.612134721114884345e-04 5.603229616624668145e-04 5.600865643335009407e-04 5.596913573872601584e-04 5.592550514868109470e-04 5.586237364338973244e-04 5.578848947516759898e-04 5.574192146381506474e-04 5.569196876971325419e-04 5.571473108427251733e-04 5.590391239392211893e-04 5.619514543445775726e-04 5.615433847296294077e-04 5.605082558540484860e-04 5.622331250974290338e-04
