2.965853129606786740e-04 2.955389327298689017e-04 2.946561249039879966e-04 2.943876716182508807e-04 2.937199630404621121e-04 2.929408718362964048e-04 2.920813550504638262e-04 2.915001932705704843e-04 2.909559024287063284e-04 2.905220271760072478e-04 2.901548867941757849e-04 2.901080318180948928e-04 2.903290847116291279e-04 2.905622796026518097e-04 2.909114824174504764e-04 2.909945934925783104e-04 2.909886032394481937e-04 2.915980121085788514e-04 2.918526419029394904e-04 2.922085195042002019e-04 2.926603846220239883e-04 2.924718245126396265e-04 2.915620414542186771e-04 2.901209426981839938e-04 2.906342005448835520e-04 2.901943041523987084e-04
2.955389327298689017e-04 2.945840784718014010e-04 2.936740298765775107e-04 2.934091592787491077e-04 2.927441018122885273e-04 2.919690950924595644e-04 2.911094344079412670e-04 2.905295594149419239e-04 2.899843297086819268e-04 2.895510369002102431e-04 2.891866398948428210e-04 2.891451921009595264e-04 2.893767528664745550e-04 2.896186488403334623e-04 2.899668612579694646e-04 2.900533435288262852e-04 2.900564746210801924e-04 2.906856900346295870e-04 2.909682463304564225e-04 2.913429866203552285e-04 2.917875597102483130e-04 2.915759429652566318e-04 2.906274787269329946e-04 2.891683631458502710e-04 2.896801116628184279e-04 2.892278926898638435e-04
2.946561249039879966e-04 2.936740298765775107e-04 2.928394471083368240e-04 2.925564527109704048e-04 2.918919815533324970e-04 2.911185677455540070e-04 2.902609196254635378e-04 2.896896972047030799e-04 2.891517711601805500e-04 2.887187904500583091e-04 2.883574049534026696e-04 2.883163848400658973e-04 2.885401716517873466e-04 2.887702131140240289e-04 2.891110427585243592e-04 2.891872872025735668e-04 2.891837862102652795e-04 2.898025347879314151e-04 2.900766155555134138e-04 2.904405762025862861e-04 2.908715678266022534e-04 2.906469794510539890e-04 2.897030167303253374e-04 2.882630316746820028e-04 2.887995989042378459e-04 2.883608435821045446e-04
2.943876716182508807e-04 2.934091592787491077e-04 2.925564527109704048e-04 2.923191899743605472e-04 2.916474838773973192e-04 2.908769940759820915e-04 2.900214770885072707e-04 2.894506472571510493e-04 2.889122982413146212e-04 2.884835357449427352e-04 2.881257204163446589e-04 2.880886383498014415e-04 2.883215342552553442e-04 2.885646360867391591e-04 2.889186224757261706e-04 2.890123200511512751e-04 2.890273910636925736e-04 2.896554918976819741e-04 2.899247865883526100e-04 2.902801177692606173e-04 2.906858616464698853e-04 2.904257481137766822e-04 2.894574679049580147e-04 2.880065154991528521e-04 2.885476462255894795e-04 2.881205849578311962e-04
2.937199630404621121e-04 2.927441018122885273e-04 2.918919815533324970e-04 2.916474838773973192e-04 2.910097890068788257e-04 2.902383464789146865e-04 2.893874975982311192e-04 2.888157654590191867e-04 2.882795565049280865e-04 2.878570132351266232e-04 2.875029613261444205e-04 2.874684391631229471e-04 2.877069687422403291e-04 2.879558219525743122e-04 2.883162189827073426e-04 2.884096607123897435e-04 2.884248521263269266e-04 2.890502362024718126e-04 2.893208235648583740e-04 2.896780699052461700e-04 2.900812040588183214e-04 2.898001882428664954e-04 2.888220906369525810e-04 2.873748760447131343e-04 2.879053143767331172e-04 2.874722618464222454e-04
2.929408718362964048e-04 2.919690950924595644e-04 2.911185677455540070e-04 2.908769940759820915e-04 2.902383464789146865e-04 2.894965030479974442e-04 2.886460282866224890e-04 2.880797047484912857e-04 2.875476056854666014e-04 2.871305086401515060e-04 2.867830634027891852e-04 2.867540285587740650e-04 2.869976401633460967e-04 2.872522514484279906e-04 2.876159191951362559e-04 2.877163507845069998e-04 2.877376421726587311e-04 2.883639483235597386e-04 2.886288146428607395e-04 2.889821185728487160e-04 2.893713541187152723e-04 2.890578027923724623e-04 2.880689138205423964e-04 2.866285188477339630e-04 2.871742428734998069e-04 2.867447508134988478e-04
2.920813550504638262e-04 2.911094344079412670e-04 2.902609196254635378e-04 2.900214770885072707e-04 2.893874975982311192e-04 2.886460282866224890e-04 2.878228758700227463e-04 2.872616057649976518e-04 2.867356583756162708e-04 2.863255551540736248e-04 2.859813235415891212e-04 2.859551022553954579e-04 2.862031041059378569e-04 2.864592712566918888e-04 2.868262376478333863e-04 2.869329703148419263e-04 2.869598007252571379e-04 2.875864047622586433e-04 2.878485652352045067e-04 2.881935369341214154e-04 2.885565593138526993e-04 2.882094432951432601e-04 2.872282296313680605e-04 2.858061374731793729e-04 2.863412042099239426e-04 2.859112742243386787e-04
2.915001932705704843e-04 2.905295594149419239e-04 2.896896972047030799e-04 2.894506472571510493e-04 2.888157654590191867e-04 2.880797047484912857e-04 2.872616057649976518e-04 2.867275676650328400e-04 2.862083273460633770e-04 2.858059660610535600e-04 2.854711375982045638e-04 2.854544528223106081e-04 2.857122422971914029e-04 2.859732252983255359e-04 2.863484527018272138e-04 2.864645473194981544e-04 2.864999776945434981e-04 2.871347975942778203e-04 2.873982795910490044e-04 2.877404249601962435e-04 2.880861350868059510e-04 2.877032999736260643e-04 2.867028780490426068e-04 2.852594791138707568e-04 2.858038993470471390e-04 2.853771010917940227e-04
2.909559024287063284e-04 2.899843297086819268e-04 2.891517711601805500e-04 2.889122982413146212e-04 2.882795565049280865e-04 2.875476056854666014e-04 2.867356583756162708e-04 2.862083273460633770e-04 2.857114361003587491e-04 2.853210843897963675e-04 2.849952690802744107e-04 2.849866771812781599e-04 2.852535329657045703e-04 2.855219288566320239e-04 2.859075655790663945e-04 2.860359170005428498e-04 2.860806816116507733e-04 2.867189094651455966e-04 2.869806698972500241e-04 2.873115133264899312e-04 2.876294736012311695e-04 2.872003677325679627e-04 2.861898862157987778e-04 2.847690744643681946e-04 2.853170438492094664e-04 2.848869224888457650e-04
2.905220271760072478e-04 2.895510369002102431e-04 2.887187904500583091e-04 2.884835357449427352e-04 2.878570132351266232e-04 2.871305086401515060e-04 2.863255551540736248e-04 2.858059660610535600e-04 2.853210843897963675e-04 2.849569420035456976e-04 2.846465132984689946e-04 2.846523144586357644e-04 2.849366940439653222e-04 2.852209140398735037e-04 2.856249117567638942e-04 2.857669641200253122e-04 2.858229661415900456e-04 2.864707158169157650e-04 2.867340487876330279e-04 2.870548881290518753e-04 2.873340849833975271e-04 2.868300211679758092e-04 2.857814602797883845e-04 2.843644159270526770e-04 2.849190285036523065e-04 2.844748220464264274e-04
2.901548867941757849e-04 2.891866398948428210e-04 2.883574049534026696e-04 2.881257204163446589e-04 2.875029613261444205e-04 2.867830634027891852e-04 2.859813235415891212e-04 2.854711375982045638e-04 2.849952690802744107e-04 2.846465132984689946e-04 2.843713616650185767e-04 2.844056703622585948e-04 2.847173922691748028e-04 2.850267393989293634e-04 2.854568132272905880e-04 2.856204888345506305e-04 2.856961178101579475e-04 2.863542963703211370e-04 2.866191401733594120e-04 2.869251096537332453e-04 2.871457376772485392e-04 2.865369646625834247e-04 2.854417630182338214e-04 2.840279272819294198e-04 2.845974172695258297e-04 2.841393362514601454e-04
2.901080318180948928e-04 2.891451921009595264e-04 2.883163848400658973e-04 2.880886383498014415e-04 2.874684391631229471e-04 2.867540285587740650e-04 2.859551022553954579e-04 2.854544528223106081e-04 2.849866771812781599e-04 2.846523144586357644e-04 2.844056703622585948e-04 2.844883254673914318e-04 2.848426996772112372e-04 2.851884788303007349e-04 2.856533729493411391e-04 2.858416965510863984e-04 2.859331634745634638e-04 2.865961891728362686e-04 2.868567900862720611e-04 2.871431884254874102e-04 2.872927164829190824e-04 2.865605347204179488e-04 2.854078908873417626e-04 2.839775483597432285e-04 2.845637719380098170e-04 2.840703354551418367e-04
2.903290847116291279e-04 2.893767528664745550e-04 2.885401716517873466e-04 2.883215342552553442e-04 2.877069687422403291e-04 2.869976401633460967e-04 2.862031041059378569e-04 2.857122422971914029e-04 2.852535329657045703e-04 2.849366940439653222e-04 2.847173922691748028e-04 2.848426996772112372e-04 2.852655879302264086e-04 2.856707463195328877e-04 2.861949033462084691e-04 2.864351267566382577e-04 2.865620304130372400e-04 2.872456912492063041e-04 2.875082232898653971e-04 2.877760381301874880e-04 2.878324695597000060e-04 2.869147175172694336e-04 2.856655331984474136e-04 2.842282253069787251e-04 2.848249709341938124e-04 2.842914745701589875e-04
2.905622796026518097e-04 2.896186488403334623e-04 2.887702131140240289e-04 2.885646360867391591e-04 2.879558219525743122e-04 2.872522514484279906e-04 2.864592712566918888e-04 2.859732252983255359e-04 2.855219288566320239e-04 2.852209140398735037e-04 2.850267393989293634e-04 2.851884788303007349e-04 2.856707463195328877e-04 2.861576215967212978e-04 2.867599293358585226e-04 2.870654557255676110e-04 2.872422017317533167e-04 2.879573634322140458e-04 2.882274318112756505e-04 2.884772500940430053e-04 2.884397556689892775e-04 2.873297053242364753e-04 2.859964279008265923e-04 2.845572547295405273e-04 2.851460275109403680e-04 2.845606796286480637e-04
2.909114824174504764e-04 2.899668612579694646e-04 2.891110427585243592e-04 2.889186224757261706e-04 2.883162189827073426e-04 2.876159191951362559e-04 2.868262376478333863e-04 2.863484527018272138e-04 2.859075655790663945e-04 2.856249117567638942e-04 2.854568132272905880e-04 2.856533729493411391e-04 2.861949033462084691e-04 2.867599293358585226e-04 2.874755204286710050e-04 2.878780804709360507e-04 2.881272966516306160e-04 2.888949928002442391e-04 2.891810008130778578e-04 2.894154246313574265e-04 2.892799319863929332e-04 2.879421342567790496e-04 2.864944379104440567e-04 2.850208473227104546e-04 2.855825160470660184e-04 2.849816405286136165e-04
2.909945934925783104e-04 2.900533435288262852e-04 2.891872872025735668e-04 2.890123200511512751e-04 2.884096607123897435e-04 2.877163507845069998e-04 2.869329703148419263e-04 2.864645473194981544e-04 2.860359170005428498e-04 2.857669641200253122e-04 2.856204888345506305e-04 2.858416965510863984e-04 2.864351267566382577e-04 2.870654557255676110e-04 2.878780804709360507e-04 2.884159081606411262e-04 2.887805102114536894e-04 2.896249814969250659e-04 2.899305339949971301e-04 2.901568507367134077e-04 2.899213782327390789e-04 2.883223866981331858e-04 2.867242651341799929e-04 2.852212423629926839e-04 2.857812673080611368e-04 2.852058603976175910e-04
2.909886032394481937e-04 2.900564746210801924e-04 2.891837862102652795e-04 2.890273910636925736e-04 2.884248521263269266e-04 2.877376421726587311e-04 2.869598007252571379e-04 2.864999776945434981e-04 2.860806816116507733e-04 2.858229661415900456e-04 2.856961178101579475e-04 2.859331634745634638e-04 2.865620304130372400e-04 2.872422017317533167e-04 2.881272966516306160e-04 2.887805102114536894e-04 2.893252925020663494e-04 2.903213884937200641e-04 2.907091119796812221e-04 2.909758793249464731e-04 2.906664482128777541e-04 2.887847460497875861e-04 2.869296413067589486e-04 2.853626350855913716e-04 2.859108755347504450e-04 2.853794849629030534e-04
2.915980121085788514e-04 2.906856900346295870e-04 2.898025347879314151e-04 2.896554918976819741e-04 2.890502362024718126e-04 2.883639483235597386e-04 2.875864047622586433e-04 2.871347975942778203e-04 2.867189094651455966e-04 2.864707158169157650e-04 2.863542963703211370e-04 2.865961891728362686e-04 2.872456912492063041e-04 2.879573634322140458e-04 2.888949928002442391e-04 2.896249814969250659e-04 2.903213884937200641e-04 2.915382791999158313e-04 2.921102755191675869e-04 2.925054065887715813e-04 2.922031927185865800e-04 2.900980632200440270e-04 2.878915135282528247e-04 2.861436195833710330e-04 2.865874318457675186e-04 2.860691439394893575e-04
2.918526419029394904e-04 2.909682463304564225e-04 2.900766155555134138e-04 2.899247865883526100e-04 2.893208235648583740e-04 2.886288146428607395e-04 2.878485652352045067e-04 2.873982795910490044e-04 2.869806698972500241e-04 2.867340487876330279e-04 2.866191401733594120e-04 2.868567900862720611e-04 2.875082232898653971e-04 2.882274318112756505e-04 2.891810008130778578e-04 2.899305339949971301e-04 2.907091119796812221e-04 2.921102755191675869e-04 2.929712557127849828e-04 2.936328364712871976e-04 2.934776999132158678e-04 2.913007642886203809e-04 2.886897005839473684e-04 2.866300069406665322e-04 2.869232424820063881e-04 2.863773318711982058e-04
2.922085195042002019e-04 2.913429866203552285e-04 2.904405762025862861e-04 2.902801177692606173e-04 2.896780699052461700e-04 2.889821185728487160e-04 2.881935369341214154e-04 2.877404249601962435e-04 2.873115133264899312e-04 2.870548881290518753e-04 2.869251096537332453e-04 2.871431884254874102e-04 2.877760381301874880e-04 2.884772500940430053e-04 2.894154246313574265e-04 2.901568507367134077e-04 2.909758793249464731e-04 2.925054065887715813e-04 2.936328364712871976e-04 2.947367545954638376e-04 2.949607214856014414e-04 2.928768227559710655e-04 2.898187020755779134e-04 2.872483682459319419e-04 2.874093555806371179e-04 2.868679195752310150e-04
2.926603846220239883e-04 2.917875597102483130e-04 2.908715678266022534e-04 2.906858616464698853e-04 2.900812040588183214e-04 2.893713541187152723e-04 2.885565593138526993e-04 2.880861350868059510e-04 2.876294736012311695e-04 2.873340849833975271e-04 2.871457376772485392e-04 2.872927164829190824e-04 2.878324695597000060e-04 2.884397556689892775e-04 2.892799319863929332e-04 2.899213782327390789e-04 2.906664482128777541e-04 2.922031927185865800e-04 2.934776999132158678e-04 2.949607214856014414e-04 2.959018602144331575e-04 2.944659072612659453e-04 2.913309944112217327e-04 2.881500041411588081e-04 2.880491526619530316e-04 2.874526050383980160e-04
2.924718245126396265e-04 2.915759429652566318e-04 2.906469794510539890e-04 2.904257481137766822e-04 2.898001882428664954e-04 2.890578027923724623e-04 2.882094432951432601e-04 2.877032999736260643e-04 2.872003677325679627e-04 2.868300211679758092e-04 2.865369646625834247e-04 2.865605347204179488e-04 2.869147175172694336e-04 2.873297053242364753e-04 2.879421342567790496e-04 2.883223866981331858e-04 2.887847460497875861e-04 2.900980632200440270e-04 2.913007642886203809e-04 2.928768227559710655e-04 2.944659072612659453e-04 2.944475997045516787e-04 2.920998917423755625e-04 2.885664373022790523e-04 2.879432592446570772e-04 2.871197427894983255e-04
2.915620414542186771e-04 2.906274787269329946e-04 2.897030167303253374e-04 2.894574679049580147e-04 2.888220906369525810e-04 2.880689138205423964e-04 2.872282296313680605e-04 2.867028780490426068e-04 2.861898862157987778e-04 2.857814602797883845e-04 2.854417630182338214e-04 2.854078908873417626e-04 2.856655331984474136e-04 2.859964279008265923e-04 2.864944379104440567e-04 2.867242651341799929e-04 2.869296413067589486e-04 2.878915135282528247e-04 2.886897005839473684e-04 2.898187020755779134e-04 2.913309944112217327e-04 2.920998917423755625e-04 2.914552555397110080e-04 2.888773955664686787e-04 2.877091895703466498e-04 2.862841613287707486e-04
2.901209426981839938e-04 2.891683631458502710e-04 2.882630316746820028e-04 2.880065154991528521e-04 2.873748760447131343e-04 2.866285188477339630e-04 2.858061374731793729e-04 2.852594791138707568e-04 2.847690744643681946e-04 2.843644159270526770e-04 2.840279272819294198e-04 2.839775483597432285e-04 2.842282253069787251e-04 2.845572547295405273e-04 2.850208473227104546e-04 2.852212423629926839e-04 2.853626350855913716e-04 2.861436195833710330e-04 2.866300069406665322e-04 2.872483682459319419e-04 2.881500041411588081e-04 2.885664373022790523e-04 2.888773955664686787e-04 2.885641336861098139e-04 2.878660049764243407e-04 2.857011303981397358e-04
2.906342005448835520e-04 2.896801116628184279e-04 2.887995989042378459e-04 2.885476462255894795e-04 2.879053143767331172e-04 2.871742428734998069e-04 2.863412042099239426e-04 2.858038993470471390e-04 2.853170438492094664e-04 2.849190285036523065e-04 2.845974172695258297e-04 2.845637719380098170e-04 2.848249709341938124e-04 2.851460275109403680e-04 2.855825160470660184e-04 2.857812673080611368e-04 2.859108755347504450e-04 2.865874318457675186e-04 2.869232424820063881e-04 2.874093555806371179e-04 2.880491526619530316e-04 2.879432592446570772e-04 2.877091895703466498e-04 2.878660049764243407e-04 2.893341029978519787e-04 2.876516128011832115e-04
2.901943041523987084e-04 2.892278926898638435e-04 2.883608435821045446e-04 2.881205849578311962e-04 2.874722618464222454e-04 2.867447508134988478e-04 2.859112742243386787e-04 2.853771010917940227e-04 2.848869224888457650e-04 2.844748220464264274e-04 2.841393362514601454e-04 2.840703354551418367e-04 2.842914745701589875e-04 2.845606796286480637e-04 2.849816405286136165e-04 2.852058603976175910e-04 2.853794849629030534e-04 2.860691439394893575e-04 2.863773318711982058e-04 2.868679195752310150e-04 2.874526050383980160e-04 2.871197427894983255e-04 2.862841613287707486e-04 2.857011303981397358e-04 2.876516128011832115e-04 2.884412924977586105e-04
