2.872112868837342148e-04 2.863185557990314514e-04 2.860647897536344958e-04 2.858956380167796936e-04 2.855609259552162262e-04 2.854243695598705495e-04 2.850385698268323030e-04 2.848008927452159523e-04 2.844967812687496404e-04 2.843696098819525312e-04 2.843415844811172802e-04 2.844910874666001493e-04 2.849298109765486197e-04 2.851944009750938475e-04 2.854061608827138195e-04 2.855399295950668487e-04 2.856096133653530109e-04 2.862671133052302041e-04 2.866071056400135305e-04 2.869624171201550747e-04 2.874447665958171881e-04 2.872815668276157311e-04 2.864777347024813499e-04 2.849541355035157663e-04 2.858084777935914465e-04 2.854610176069163961e-04
2.863185557990314514e-04 2.855077838938026281e-04 2.852348990284423900e-04 2.850618205472763120e-04 2.847269464444374273e-04 2.845923865970681216e-04 2.842124287720804989e-04 2.839791842775312358e-04 2.836827314453482449e-04 2.835562067253578813e-04 2.835304839241766005e-04 2.836843651259775517e-04 2.841291440838079169e-04 2.843962440449204678e-04 2.846033937514591983e-04 2.847308970064436982e-04 2.847915657815290537e-04 2.854459375287417625e-04 2.857783502139778675e-04 2.861132443272718508e-04 2.865661700484384723e-04 2.863824298424277751e-04 2.855913295981902362e-04 2.841044072266314061e-04 2.849581899323318842e-04 2.845985048198470049e-04
2.860647897536344958e-04 2.852348990284423900e-04 2.850190536407874124e-04 2.848296424342436676e-04 2.844954331899753248e-04 2.843642006481420935e-04 2.839815565449139317e-04 2.837500069388605500e-04 2.834553466370978258e-04 2.833362969068768775e-04 2.833150379160847892e-04 2.834744724631803716e-04 2.839223917064617915e-04 2.841929566756134628e-04 2.844075947025514486e-04 2.845392612398048478e-04 2.846022804089572405e-04 2.852668863971521323e-04 2.856108136465444519e-04 2.859543228266977133e-04 2.864063156363642762e-04 2.861880758289198491e-04 2.853611938193518788e-04 2.838533307735427598e-04 2.846950590375011358e-04 2.843328096239258859e-04
2.858956380167796936e-04 2.850618205472763120e-04 2.848296424342436676e-04 2.846897574074337255e-04 2.843425510655679970e-04 2.842102069953864529e-04 2.838291419783613417e-04 2.835968574749231515e-04 2.833050927410505422e-04 2.831823859606260761e-04 2.831610948838508661e-04 2.833206653590494232e-04 2.837734950570347764e-04 2.840485438694886856e-04 2.842639456204827816e-04 2.843970570588341467e-04 2.844670590093814188e-04 2.851288193550024098e-04 2.854703118293881736e-04 2.858095483073129516e-04 2.862601894755749735e-04 2.860624446247071826e-04 2.852559579581209152e-04 2.837275238348153710e-04 2.845554536608553304e-04 2.841859930349061535e-04
2.855609259552162262e-04 2.847269464444374273e-04 2.844954331899753248e-04 2.843425510655679970e-04 2.840310498788993152e-04 2.838956766085715708e-04 2.835160991661071165e-04 2.832845563338542766e-04 2.829964359717111375e-04 2.828786759750411581e-04 2.828630906600780289e-04 2.830276892716780224e-04 2.834859654726642596e-04 2.837674309662456909e-04 2.839918102153517177e-04 2.841341746636695553e-04 2.842083017226348734e-04 2.848729563330659937e-04 2.852137165005580303e-04 2.855467880899290023e-04 2.859825292809817275e-04 2.857509888433330965e-04 2.849175405160361005e-04 2.833869346554373559e-04 2.842439283489790660e-04 2.838861355425533763e-04
2.854243695598705495e-04 2.845923865970681216e-04 2.843642006481420935e-04 2.842102069953864529e-04 2.838956766085715708e-04 2.837876186192718280e-04 2.834048977028069054e-04 2.831735354394373703e-04 2.828870900335703382e-04 2.827731019853298470e-04 2.827612455907379846e-04 2.829304874049653226e-04 2.833928393119918552e-04 2.836798425254387444e-04 2.839055588329442614e-04 2.840497054255975242e-04 2.841248722462269257e-04 2.847848133788598735e-04 2.851185710642204917e-04 2.854450237259377747e-04 2.858647180820760459e-04 2.856101147552777609e-04 2.847735223070039005e-04 2.832515557583312714e-04 2.841138798597986348e-04 2.837486912267702744e-04
2.850385698268323030e-04 2.842124287720804989e-04 2.839815565449139317e-04 2.838291419783613417e-04 2.835160991661071165e-04 2.834048977028069054e-04 2.830477210543115574e-04 2.828212656514318365e-04 2.825414755194887795e-04 2.824340439452186391e-04 2.824282057342642469e-04 2.826026523841539302e-04 2.830739395902643761e-04 2.833691102901410102e-04 2.836040340121171420e-04 2.837564306365276024e-04 2.838413456815376567e-04 2.845076866525297898e-04 2.848478660196318937e-04 2.851718312142934378e-04 2.855667709742566143e-04 2.852744933408552213e-04 2.844360109967508177e-04 2.829011075062803611e-04 2.837424638170087479e-04 2.833637606779851369e-04
2.848008927452159523e-04 2.839791842775312358e-04 2.837500069388605500e-04 2.835968574749231515e-04 2.832845563338542766e-04 2.831735354394373703e-04 2.828212656514318365e-04 2.826177610493691220e-04 2.823458205125684603e-04 2.822472287360608097e-04 2.822504886074526237e-04 2.824371735466476674e-04 2.829214033108675016e-04 2.832248179782959345e-04 2.834693105043148116e-04 2.836331630510219976e-04 2.837284901318341173e-04 2.844051921072396198e-04 2.847473662097425601e-04 2.850683365271769769e-04 2.854389689538196868e-04 2.851013032618959081e-04 2.842391427585186435e-04 2.826853463276230143e-04 2.835242128447134301e-04 2.831515654962691014e-04
2.844967812687496404e-04 2.836827314453482449e-04 2.834553466370978258e-04 2.833050927410505422e-04 2.829964359717111375e-04 2.828870900335703382e-04 2.825414755194887795e-04 2.823458205125684603e-04 2.821011590280796469e-04 2.820148555533245026e-04 2.820314136425097003e-04 2.822330356557147153e-04 2.827348479677738321e-04 2.830502777347155652e-04 2.833074335431647506e-04 2.834862832210009080e-04 2.835944626671775960e-04 2.842781435666000191e-04 2.846216985433297183e-04 2.849323587547102944e-04 2.852681624996773768e-04 2.848680952133821249e-04 2.839709036581782140e-04 2.824166458088304184e-04 2.832618539086678255e-04 2.828899767560302055e-04
2.843696098819525312e-04 2.835562067253578813e-04 2.833362969068768775e-04 2.831823859606260761e-04 2.828786759750411581e-04 2.827731019853298470e-04 2.824340439452186391e-04 2.822472287360608097e-04 2.820148555533245026e-04 2.819581602115343736e-04 2.819929169079058362e-04 2.822133270269451457e-04 2.827377100529023532e-04 2.830740092941760725e-04 2.833514895114051433e-04 2.835488564569396599e-04 2.836713030973295039e-04 2.843639441164349754e-04 2.847089900152069658e-04 2.850085199730512759e-04 2.852941749109400710e-04 2.848084567580117855e-04 2.838662765496837294e-04 2.823066758299690453e-04 2.831582514081423395e-04 2.827623732726357699e-04
2.843415844811172802e-04 2.835304839241766005e-04 2.833150379160847892e-04 2.831610948838508661e-04 2.828630906600780289e-04 2.827612455907379846e-04 2.824282057342642469e-04 2.822504886074526237e-04 2.820314136425097003e-04 2.819929169079058362e-04 2.820650857755721552e-04 2.823154689896303850e-04 2.828725919136125641e-04 2.832371584789041929e-04 2.835407527970351975e-04 2.837593360199738542e-04 2.839018673562599803e-04 2.846093734477372645e-04 2.849561586186102175e-04 2.852353900947822169e-04 2.854466910505634703e-04 2.848417090082212529e-04 2.838424355736065587e-04 2.822932833618420497e-04 2.831522050644930035e-04 2.827600063311599445e-04
2.844910874666001493e-04 2.836843651259775517e-04 2.834744724631803716e-04 2.833206653590494232e-04 2.830276892716780224e-04 2.829304874049653226e-04 2.826026523841539302e-04 2.824371735466476674e-04 2.822330356557147153e-04 2.822133270269451457e-04 2.823154689896303850e-04 2.826132357312157155e-04 2.832142578202915943e-04 2.836143062692108511e-04 2.839521324703783299e-04 2.841980376865187738e-04 2.843591326822315002e-04 2.850759475059634227e-04 2.854195521447938882e-04 2.856736644084533990e-04 2.858039635465352583e-04 2.850617882694636736e-04 2.839949536091339647e-04 2.824398248053348144e-04 2.833150889154637713e-04 2.829001233974718114e-04
2.849298109765486197e-04 2.841291440838079169e-04 2.839223917064617915e-04 2.837734950570347764e-04 2.834859654726642596e-04 2.833928393119918552e-04 2.830739395902643761e-04 2.829214033108675016e-04 2.827348479677738321e-04 2.827377100529023532e-04 2.828725919136125641e-04 2.832142578202915943e-04 2.838856552049667217e-04 2.843435086276825045e-04 2.847369921459054227e-04 2.850311842604932996e-04 2.852297344124202173e-04 2.859722418333913172e-04 2.863159876793218862e-04 2.865389953658005516e-04 2.865597566991820249e-04 2.856227340809115874e-04 2.844678183904862916e-04 2.829158049741019808e-04 2.837866267812743531e-04 2.833400845892584843e-04
2.851944009750938475e-04 2.843962440449204678e-04 2.841929566756134628e-04 2.840485438694886856e-04 2.837674309662456909e-04 2.836798425254387444e-04 2.833691102901410102e-04 2.832248179782959345e-04 2.830502777347155652e-04 2.830740092941760725e-04 2.832371584789041929e-04 2.836143062692108511e-04 2.843435086276825045e-04 2.848796949909315388e-04 2.853463581841142742e-04 2.857010346325213187e-04 2.859493089305922310e-04 2.867259649878157188e-04 2.870773698519354304e-04 2.872707898648496931e-04 2.871890529254312132e-04 2.860537287035021421e-04 2.848155637260254441e-04 2.832715883612176347e-04 2.841280924668192773e-04 2.836297185266704315e-04
2.854061608827138195e-04 2.846033937514591983e-04 2.844075947025514486e-04 2.842639456204827816e-04 2.839918102153517177e-04 2.839055588329442614e-04 2.836040340121171420e-04 2.834693105043148116e-04 2.833074335431647506e-04 2.833514895114051433e-04 2.835407527970351975e-04 2.839521324703783299e-04 2.847369921459054227e-04 2.853463581841142742e-04 2.859140741522317865e-04 2.863562342846403337e-04 2.866791002993628068e-04 2.875142885060448994e-04 2.878899177697505449e-04 2.880673628160886741e-04 2.878795843271634777e-04 2.865178757138691170e-04 2.851582127796243064e-04 2.835840211678993298e-04 2.844254169205984021e-04 2.839020973801980284e-04
2.855399295950668487e-04 2.847308970064436982e-04 2.845392612398048478e-04 2.843970570588341467e-04 2.841341746636695553e-04 2.840497054255975242e-04 2.837564306365276024e-04 2.836331630510219976e-04 2.834862832210009080e-04 2.835488564569396599e-04 2.837593360199738542e-04 2.841980376865187738e-04 2.850311842604932996e-04 2.857010346325213187e-04 2.863562342846403337e-04 2.869223121607889729e-04 2.873587643551749472e-04 2.882721781679066508e-04 2.886723221814841453e-04 2.888489408566209888e-04 2.885714466281548147e-04 2.869584703299558350e-04 2.854434806186766636e-04 2.838424807684412497e-04 2.846742874196302566e-04 2.841416952781660571e-04
2.856096133653530109e-04 2.847915657815290537e-04 2.846022804089572405e-04 2.844670590093814188e-04 2.842083017226348734e-04 2.841248722462269257e-04 2.838413456815376567e-04 2.837284901318341173e-04 2.835944626671775960e-04 2.836713030973295039e-04 2.839018673562599803e-04 2.843591326822315002e-04 2.852297344124202173e-04 2.859493089305922310e-04 2.866791002993628068e-04 2.873587643551749472e-04 2.879725342284971605e-04 2.890392626232583676e-04 2.895321738994974009e-04 2.897672997314260589e-04 2.894399804017329467e-04 2.875540146219294590e-04 2.857808970220497027e-04 2.840963685677281615e-04 2.848840858011428344e-04 2.843445216669607278e-04
2.862671133052302041e-04 2.854459375287417625e-04 2.852668863971521323e-04 2.851288193550024098e-04 2.848729563330659937e-04 2.847848133788598735e-04 2.845076866525297898e-04 2.844051921072396198e-04 2.842781435666000191e-04 2.843639441164349754e-04 2.846093734477372645e-04 2.850759475059634227e-04 2.859722418333913172e-04 2.867259649878157188e-04 2.875142885060448994e-04 2.882721781679066508e-04 2.890392626232583676e-04 2.903220018359699913e-04 2.909908951352033505e-04 2.913502685583096042e-04 2.910262313178419444e-04 2.889024814959386669e-04 2.867868825730555201e-04 2.849394775407919074e-04 2.856368510106109667e-04 2.851167265442889503e-04
2.866071056400135305e-04 2.857783502139778675e-04 2.856108136465444519e-04 2.854703118293881736e-04 2.852137165005580303e-04 2.851185710642204917e-04 2.848478660196318937e-04 2.847473662097425601e-04 2.846216985433297183e-04 2.847089900152069658e-04 2.849561586186102175e-04 2.854195521447938882e-04 2.863159876793218862e-04 2.870773698519354304e-04 2.878899177697505449e-04 2.886723221814841453e-04 2.895321738994974009e-04 2.909908951352033505e-04 2.919428517428842890e-04 2.925694238574430236e-04 2.923903046730321484e-04 2.901885620410261674e-04 2.876692225393357545e-04 2.855224705394873871e-04 2.861009477039157928e-04 2.855748664992400088e-04
2.869624171201550747e-04 2.861132443272718508e-04 2.859543228266977133e-04 2.858095483073129516e-04 2.855467880899290023e-04 2.854450237259377747e-04 2.851718312142934378e-04 2.850683365271769769e-04 2.849323587547102944e-04 2.850085199730512759e-04 2.852353900947822169e-04 2.856736644084533990e-04 2.865389953658005516e-04 2.872707898648496931e-04 2.880673628160886741e-04 2.888489408566209888e-04 2.897672997314260589e-04 2.913502685583096042e-04 2.925694238574430236e-04 2.936435393595128972e-04 2.938490611621847985e-04 2.917520669337049922e-04 2.888070396117101537e-04 2.861679417711731309e-04 2.866286365886055402e-04 2.860944554736711784e-04
2.874447665958171881e-04 2.865661700484384723e-04 2.864063156363642762e-04 2.862601894755749735e-04 2.859825292809817275e-04 2.858647180820760459e-04 2.855667709742566143e-04 2.854389689538196868e-04 2.852681624996773768e-04 2.852941749109400710e-04 2.854466910505634703e-04 2.858039635465352583e-04 2.865597566991820249e-04 2.871890529254312132e-04 2.878795843271634777e-04 2.885714466281548147e-04 2.894399804017329467e-04 2.910262313178419444e-04 2.923903046730321484e-04 2.938490611621847985e-04 2.947950574358792803e-04 2.933662452686665789e-04 2.903692647425998156e-04 2.871201143023079366e-04 2.873355881334207617e-04 2.867331724194990415e-04
2.872815668276157311e-04 2.863824298424277751e-04 2.861880758289198491e-04 2.860624446247071826e-04 2.857509888433330965e-04 2.856101147552777609e-04 2.852744933408552213e-04 2.851013032618959081e-04 2.848680952133821249e-04 2.848084567580117855e-04 2.848417090082212529e-04 2.850617882694636736e-04 2.856227340809115874e-04 2.860537287035021421e-04 2.865178757138691170e-04 2.869584703299558350e-04 2.875540146219294590e-04 2.889024814959386669e-04 2.901885620410261674e-04 2.917520669337049922e-04 2.933662452686665789e-04 2.933592357484670070e-04 2.911570577183592847e-04 2.875319361161272642e-04 2.872410773041773110e-04 2.864474954013669053e-04
2.864777347024813499e-04 2.855913295981902362e-04 2.853611938193518788e-04 2.852559579581209152e-04 2.849175405160361005e-04 2.847735223070039005e-04 2.844360109967508177e-04 2.842391427585186435e-04 2.839709036581782140e-04 2.838662765496837294e-04 2.838424355736065587e-04 2.839949536091339647e-04 2.844678183904862916e-04 2.848155637260254441e-04 2.851582127796243064e-04 2.854434806186766636e-04 2.857808970220497027e-04 2.867868825730555201e-04 2.876692225393357545e-04 2.888070396117101537e-04 2.903692647425998156e-04 2.911570577183592847e-04 2.906818309551959727e-04 2.879821958631841733e-04 2.871283003239282622e-04 2.857442932740484319e-04
2.849541355035157663e-04 2.841044072266314061e-04 2.838533307735427598e-04 2.837275238348153710e-04 2.833869346554373559e-04 2.832515557583312714e-04 2.829011075062803611e-04 2.826853463276230143e-04 2.824166458088304184e-04 2.823066758299690453e-04 2.822932833618420497e-04 2.824398248053348144e-04 2.829158049741019808e-04 2.832715883612176347e-04 2.835840211678993298e-04 2.838424807684412497e-04 2.840963685677281615e-04 2.849394775407919074e-04 2.855224705394873871e-04 2.861679417711731309e-04 2.871201143023079366e-04 2.875319361161272642e-04 2.879821958631841733e-04 2.874449003892362944e-04 2.870580805163061621e-04 2.849775518731360088e-04
2.858084777935914465e-04 2.849581899323318842e-04 2.846950590375011358e-04 2.845554536608553304e-04 2.842439283489790660e-04 2.841138798597986348e-04 2.837424638170087479e-04 2.835242128447134301e-04 2.832618539086678255e-04 2.831582514081423395e-04 2.831522050644930035e-04 2.833150889154637713e-04 2.837866267812743531e-04 2.841280924668192773e-04 2.844254169205984021e-04 2.846742874196302566e-04 2.848840858011428344e-04 2.856368510106109667e-04 2.861009477039157928e-04 2.866286365886055402e-04 2.873355881334207617e-04 2.872410773041773110e-04 2.871283003239282622e-04 2.870580805163061621e-04 2.888590397089252013e-04 2.872703480125630006e-04
2.854610176069163961e-04 2.845985048198470049e-04 2.843328096239258859e-04 2.841859930349061535e-04 2.838861355425533763e-04 2.837486912267702744e-04 2.833637606779851369e-04 2.831515654962691014e-04 2.828899767560302055e-04 2.827623732726357699e-04 2.827600063311599445e-04 2.829001233974718114e-04 2.833400845892584843e-04 2.836297185266704315e-04 2.839020973801980284e-04 2.841416952781660571e-04 2.843445216669607278e-04 2.851167265442889503e-04 2.855748664992400088e-04 2.860944554736711784e-04 2.867331724194990415e-04 2.864474954013669053e-04 2.857442932740484319e-04 2.849775518731360088e-04 2.872703480125630006e-04 2.881785594279175555e-04
