2.600720888831397530e-04 2.601517573288134543e-04 2.603222958720145569e-04 2.602234081636600077e-04 2.602037700481488105e-04 2.601174711282921168e-04 2.600579365889671966e-04 2.599641032538415187e-04 2.599152039989921178e-04 2.598270997054140277e-04 2.598811319510359276e-04 2.597867219791892925e-04 2.599275824118364980e-04 2.599239152057988530e-04 2.599009466651000717e-04 2.598477223566278090e-04 2.595736740351890759e-04 2.596292829024727600e-04 2.598597420247603009e-04 2.603507025113453331e-04 2.613474319645476716e-04 2.623555486092561998e-04 2.629655075435768691e-04 2.623722720371665304e-04 2.619636575006405069e-04 2.624144577218429975e-04
2.601517573288134543e-04 2.603076391706605043e-04 2.604521376889133775e-04 2.603482905547398630e-04 2.603278560742720480e-04 2.602363791063921190e-04 2.601765797391723421e-04 2.600796808438462279e-04 2.600285517277835614e-04 2.599419138265335653e-04 2.599947819765969104e-04 2.598987999595961211e-04 2.600412979516774628e-04 2.600400541473249266e-04 2.600183664348021959e-04 2.599633812518973392e-04 2.596938686695943405e-04 2.597499716756564766e-04 2.599815005525058062e-04 2.604744520819140727e-04 2.614712785554801052e-04 2.624660584623826035e-04 2.630633944600189143e-04 2.624804918524121459e-04 2.620675194105102587e-04 2.625327245003315811e-04
2.603222958720145569e-04 2.604521376889133775e-04 2.606501781380236664e-04 2.605371937369132607e-04 2.605135748540469910e-04 2.604222554737417789e-04 2.603619214644122839e-04 2.602641604352857302e-04 2.602114080474698292e-04 2.601212382126669707e-04 2.601763035286239309e-04 2.600804772632011176e-04 2.602228296799637868e-04 2.602209273483138880e-04 2.601970014043020109e-04 2.601423189833808780e-04 2.598721676349134593e-04 2.599305375513048604e-04 2.601636303447804372e-04 2.606595076331587606e-04 2.616644085349000221e-04 2.626705442745644412e-04 2.632809764231408686e-04 2.626694554798519573e-04 2.622308358444483032e-04 2.627064282240102085e-04
2.602234081636600077e-04 2.603482905547398630e-04 2.605371937369132607e-04 2.604671561970460861e-04 2.604350242133865543e-04 2.603433072121886962e-04 2.602846252329409993e-04 2.601892119618238238e-04 2.601363865810324351e-04 2.600443320960752684e-04 2.600972845178464981e-04 2.600005349086696900e-04 2.601390358229437841e-04 2.601311597381535112e-04 2.601042483349516577e-04 2.600494869068845387e-04 2.597789232204688291e-04 2.598285316561203665e-04 2.600595828260470659e-04 2.605511554376408194e-04 2.615625748681898489e-04 2.625850174487528586e-04 2.632131508595999744e-04 2.626024857799053600e-04 2.621408002005810433e-04 2.626004169159366561e-04
2.602037700481488105e-04 2.603278560742720480e-04 2.605135748540469910e-04 2.604350242133865543e-04 2.604307866443755326e-04 2.603313871278482633e-04 2.602742225728183118e-04 2.601794322778061921e-04 2.601273154339057460e-04 2.600374875427804164e-04 2.600904617275419817e-04 2.599947945286341195e-04 2.601356256596006685e-04 2.601300093295359685e-04 2.601055267354224817e-04 2.600508134166138558e-04 2.597783804016882362e-04 2.598268107126599298e-04 2.600551856337736823e-04 2.605467403038160879e-04 2.615576860559312385e-04 2.625746041305603668e-04 2.631929430857999209e-04 2.625883248347817543e-04 2.621422480514856409e-04 2.625966801064881398e-04
2.601174711282921168e-04 2.602363791063921190e-04 2.604222554737417789e-04 2.603433072121886962e-04 2.603313871278482633e-04 2.602588238837026083e-04 2.602008867913614622e-04 2.601085049511822102e-04 2.600600348888786246e-04 2.599742999812070855e-04 2.600295841030647983e-04 2.599372438469382623e-04 2.600808408007053082e-04 2.600766514671413901e-04 2.600552491074119743e-04 2.599998746099423195e-04 2.597257471214596265e-04 2.597746489993357148e-04 2.600045770947594440e-04 2.604936916989615504e-04 2.614977300732035186e-04 2.625004056970585051e-04 2.631150510411677836e-04 2.625098915166035047e-04 2.620573174687027495e-04 2.625246443779911606e-04
2.600579365889671966e-04 2.601765797391723421e-04 2.603619214644122839e-04 2.602846252329409993e-04 2.602742225728183118e-04 2.602008867913614622e-04 2.601618545591796771e-04 2.600737524144037193e-04 2.600274884111093763e-04 2.599452549649050701e-04 2.600045271703389977e-04 2.599149927838796063e-04 2.600618750748258769e-04 2.600609235461697161e-04 2.600410447110960716e-04 2.599873644962075116e-04 2.597166671022912727e-04 2.597669019219650977e-04 2.599954650772647925e-04 2.604794002093673662e-04 2.614645389961144941e-04 2.624474683552934754e-04 2.630623650200521039e-04 2.624577520609088941e-04 2.620060132687959046e-04 2.624805036927216405e-04
2.599641032538415187e-04 2.600796808438462279e-04 2.602641604352857302e-04 2.601892119618238238e-04 2.601794322778061921e-04 2.601085049511822102e-04 2.600737524144037193e-04 2.600042364992687224e-04 2.599622119443001931e-04 2.598833468663339194e-04 2.599475248226224911e-04 2.598591462551134144e-04 2.600110118374113015e-04 2.600130145212151958e-04 2.599961135459375404e-04 2.599451070676040017e-04 2.596774670327467731e-04 2.597269854811332752e-04 2.599501186812208870e-04 2.604196622094568812e-04 2.613791966611274387e-04 2.623384818123841332e-04 2.629496595365906578e-04 2.623647940899899553e-04 2.619230462564023061e-04 2.623867272584566677e-04
2.599152039989921178e-04 2.600285517277835614e-04 2.602114080474698292e-04 2.601363865810324351e-04 2.601273154339057460e-04 2.600600348888786246e-04 2.600274884111093763e-04 2.599622119443001931e-04 2.599375082141871661e-04 2.598626985666125148e-04 2.599319090377377999e-04 2.598485679459461555e-04 2.600048294115114627e-04 2.600085173742299328e-04 2.599931194659162474e-04 2.599422720047171839e-04 2.596726784090209799e-04 2.597182415754023511e-04 2.599323274099016984e-04 2.603871970900442623e-04 2.613260405558143879e-04 2.622717642216421422e-04 2.628751796230214600e-04 2.622917046555601388e-04 2.618626983944693934e-04 2.623492743112358812e-04
2.598270997054140277e-04 2.599419138265335653e-04 2.601212382126669707e-04 2.600443320960752684e-04 2.600374875427804164e-04 2.599742999812070855e-04 2.599452549649050701e-04 2.598833468663339194e-04 2.598626985666125148e-04 2.598069277209181117e-04 2.598846342399871836e-04 2.598090820009859767e-04 2.599743953427963161e-04 2.599855067726285934e-04 2.599751596652265869e-04 2.599265372890108131e-04 2.596560253637779001e-04 2.596976370050721483e-04 2.599005557259618593e-04 2.603367506533084018e-04 2.612445435697780503e-04 2.621552197342725253e-04 2.627459653751715589e-04 2.621602611395850509e-04 2.617436350284965750e-04 2.622482838635044528e-04
2.598811319510359276e-04 2.599947819765969104e-04 2.601763035286239309e-04 2.600972845178464981e-04 2.600904617275419817e-04 2.600295841030647983e-04 2.600045271703389977e-04 2.599475248226224911e-04 2.599319090377377999e-04 2.598846342399871836e-04 2.599860606698845629e-04 2.599238174941882946e-04 2.601003330638792447e-04 2.601194367703481411e-04 2.601159453656400446e-04 2.600737193893618709e-04 2.598094110579963491e-04 2.598520936198256827e-04 2.600497030742275162e-04 2.604734865414706302e-04 2.613459941433620998e-04 2.622159733841653668e-04 2.627822137682299841e-04 2.621856685450345563e-04 2.617863682549570361e-04 2.623211154554197858e-04
2.597867219791892925e-04 2.598987999595961211e-04 2.600804772632011176e-04 2.600005349086696900e-04 2.599947945286341195e-04 2.599372438469382623e-04 2.599149927838796063e-04 2.598591462551134144e-04 2.598485679459461555e-04 2.598090820009859767e-04 2.599238174941882946e-04 2.598862949748305569e-04 2.600803107964683582e-04 2.601126400749616805e-04 2.601214414495811394e-04 2.600897989809069035e-04 2.598320282100023020e-04 2.598796806908896368e-04 2.600758700630576990e-04 2.604881534755603485e-04 2.613230173626332410e-04 2.621394171731204759e-04 2.626803149487565267e-04 2.620829162524970671e-04 2.616967219961591575e-04 2.622517348501241310e-04
2.599275824118364980e-04 2.600412979516774628e-04 2.602228296799637868e-04 2.601390358229437841e-04 2.601356256596006685e-04 2.600808408007053082e-04 2.600618750748258769e-04 2.600110118374113015e-04 2.600048294115114627e-04 2.599743953427963161e-04 2.601003330638792447e-04 2.600803107964683582e-04 2.603091118330019154e-04 2.603682302129101751e-04 2.603987108122399153e-04 2.603822195659731250e-04 2.601349390428254593e-04 2.601914421185278262e-04 2.603859015498461381e-04 2.607779890117590052e-04 2.615589036674620458e-04 2.623027879893703794e-04 2.628039036276113064e-04 2.621973056373954757e-04 2.618513795397367267e-04 2.624435356714468234e-04
2.599239152057988530e-04 2.600400541473249266e-04 2.602209273483138880e-04 2.601311597381535112e-04 2.601300093295359685e-04 2.600766514671413901e-04 2.600609235461697161e-04 2.600130145212151958e-04 2.600085173742299328e-04 2.599855067726285934e-04 2.601194367703481411e-04 2.601126400749616805e-04 2.603682302129101751e-04 2.604686733577032281e-04 2.605312826937036677e-04 2.605377187586412307e-04 2.603044752038140091e-04 2.603670988767592745e-04 2.605599126052716226e-04 2.609342640018397501e-04 2.616668273808684330e-04 2.623392342452236380e-04 2.628017785127758450e-04 2.621865951320314107e-04 2.618653441763481890e-04 2.624743498455348739e-04
2.599009466651000717e-04 2.600183664348021959e-04 2.601970014043020109e-04 2.601042483349516577e-04 2.601055267354224817e-04 2.600552491074119743e-04 2.600410447110960716e-04 2.599961135459375404e-04 2.599931194659162474e-04 2.599751596652265869e-04 2.601159453656400446e-04 2.601214414495811394e-04 2.603987108122399153e-04 2.605312826937036677e-04 2.606443993465672963e-04 2.606947309535253632e-04 2.604892913414568519e-04 2.605679041063473111e-04 2.607677356110879585e-04 2.611209212411227682e-04 2.617982311352636416e-04 2.623808150956238004e-04 2.627923090151029219e-04 2.621713873735126692e-04 2.618736952653180606e-04 2.625025005366478977e-04
2.598477223566278090e-04 2.599633812518973392e-04 2.601423189833808780e-04 2.600494869068845387e-04 2.600508134166138558e-04 2.599998746099423195e-04 2.599873644962075116e-04 2.599451070676040017e-04 2.599422720047171839e-04 2.599265372890108131e-04 2.600737193893618709e-04 2.600897989809069035e-04 2.603822195659731250e-04 2.605377187586412307e-04 2.606947309535253632e-04 2.608160574732397408e-04 2.606675085384933420e-04 2.607790219316326080e-04 2.609981700053419138e-04 2.613475943406357244e-04 2.619682716066604579e-04 2.624257495498197768e-04 2.627411100121432590e-04 2.621091046506639015e-04 2.618470712179612721e-04 2.624941786161804377e-04
2.595736740351890759e-04 2.596938686695943405e-04 2.598721676349134593e-04 2.597789232204688291e-04 2.597783804016882362e-04 2.597257471214596265e-04 2.597166671022912727e-04 2.596774670327467731e-04 2.596726784090209799e-04 2.596560253637779001e-04 2.598094110579963491e-04 2.598320282100023020e-04 2.601349390428254593e-04 2.603044752038140091e-04 2.604892913414568519e-04 2.606675085384933420e-04 2.606134494302374174e-04 2.608034369682125258e-04 2.610725929930027885e-04 2.614392783125955464e-04 2.620162719283695854e-04 2.623327188595154743e-04 2.625192216737528249e-04 2.618618711867418927e-04 2.616143481374027147e-04 2.622537000920310574e-04
2.596292829024727600e-04 2.597499716756564766e-04 2.599305375513048604e-04 2.598285316561203665e-04 2.598268107126599298e-04 2.597746489993357148e-04 2.597669019219650977e-04 2.597269854811332752e-04 2.597182415754023511e-04 2.596976370050721483e-04 2.598520936198256827e-04 2.598796806908896368e-04 2.601914421185278262e-04 2.603670988767592745e-04 2.605679041063473111e-04 2.607790219316326080e-04 2.608034369682125258e-04 2.611296381261667349e-04 2.615142273543974785e-04 2.619447814910304826e-04 2.624988117193462591e-04 2.626500413026839980e-04 2.626127291293522850e-04 2.619082728652938233e-04 2.617283001618754697e-04 2.623857747523629749e-04
2.598597420247603009e-04 2.599815005525058062e-04 2.601636303447804372e-04 2.600595828260470659e-04 2.600551856337736823e-04 2.600045770947594440e-04 2.599954650772647925e-04 2.599501186812208870e-04 2.599323274099016984e-04 2.599005557259618593e-04 2.600497030742275162e-04 2.600758700630576990e-04 2.603859015498461381e-04 2.605599126052716226e-04 2.607677356110879585e-04 2.609981700053419138e-04 2.610725929930027885e-04 2.615142273543974785e-04 2.620898284913025442e-04 2.626667126395297938e-04 2.632476147402547763e-04 2.632650206583949650e-04 2.629705726139674841e-04 2.621827543682777695e-04 2.620603387812317953e-04 2.627207457126137075e-04
2.603507025113453331e-04 2.604744520819140727e-04 2.606595076331587606e-04 2.605511554376408194e-04 2.605467403038160879e-04 2.604936916989615504e-04 2.604794002093673662e-04 2.604196622094568812e-04 2.603871970900442623e-04 2.603367506533084018e-04 2.604734865414706302e-04 2.604881534755603485e-04 2.607779890117590052e-04 2.609342640018397501e-04 2.611209212411227682e-04 2.613475943406357244e-04 2.614392783125955464e-04 2.619447814910304826e-04 2.626667126395297938e-04 2.635069275133521409e-04 2.642919659498600238e-04 2.643300056188273555e-04 2.638080632139172066e-04 2.627880608230690395e-04 2.626635423628477777e-04 2.633235238479943738e-04
2.613474319645476716e-04 2.614712785554801052e-04 2.616644085349000221e-04 2.615625748681898489e-04 2.615576860559312385e-04 2.614977300732035186e-04 2.614645389961144941e-04 2.613791966611274387e-04 2.613260405558143879e-04 2.612445435697780503e-04 2.613459941433620998e-04 2.613230173626332410e-04 2.615589036674620458e-04 2.616668273808684330e-04 2.617982311352636416e-04 2.619682716066604579e-04 2.620162719283695854e-04 2.624988117193462591e-04 2.632476147402547763e-04 2.642919659498600238e-04 2.655362620813629866e-04 2.659700515224146201e-04 2.654931663493646224e-04 2.641138778949630073e-04 2.637812172681815149e-04 2.643685982168398479e-04
2.623555486092561998e-04 2.624660584623826035e-04 2.626705442745644412e-04 2.625850174487528586e-04 2.625746041305603668e-04 2.625004056970585051e-04 2.624474683552934754e-04 2.623384818123841332e-04 2.622717642216421422e-04 2.621552197342725253e-04 2.622159733841653668e-04 2.621394171731204759e-04 2.623027879893703794e-04 2.623392342452236380e-04 2.623808150956238004e-04 2.624257495498197768e-04 2.623327188595154743e-04 2.626500413026839980e-04 2.632650206583949650e-04 2.643300056188273555e-04 2.659700515224146201e-04 2.672317164605208378e-04 2.673655459354531885e-04 2.657632663644864807e-04 2.649170043523096756e-04 2.654074893044383859e-04
2.629655075435768691e-04 2.630633944600189143e-04 2.632809764231408686e-04 2.632131508595999744e-04 2.631929430857999209e-04 2.631150510411677836e-04 2.630623650200521039e-04 2.629496595365906578e-04 2.628751796230214600e-04 2.627459653751715589e-04 2.627822137682299841e-04 2.626803149487565267e-04 2.628039036276113064e-04 2.628017785127758450e-04 2.627923090151029219e-04 2.627411100121432590e-04 2.625192216737528249e-04 2.626127291293522850e-04 2.629705726139674841e-04 2.638080632139172066e-04 2.654931663493646224e-04 2.673655459354531885e-04 2.686510220312113414e-04 2.673902555344973161e-04 2.658210092897383189e-04 2.661031562682352868e-04
2.623722720371665304e-04 2.624804918524121459e-04 2.626694554798519573e-04 2.626024857799053600e-04 2.625883248347817543e-04 2.625098915166035047e-04 2.624577520609088941e-04 2.623647940899899553e-04 2.622917046555601388e-04 2.621602611395850509e-04 2.621856685450345563e-04 2.620829162524970671e-04 2.621973056373954757e-04 2.621865951320314107e-04 2.621713873735126692e-04 2.621091046506639015e-04 2.618618711867418927e-04 2.619082728652938233e-04 2.621827543682777695e-04 2.627880608230690395e-04 2.641138778949630073e-04 2.657632663644864807e-04 2.673902555344973161e-04 2.672633122449240414e-04 2.658284050868568705e-04 2.656467659851321182e-04
2.619636575006405069e-04 2.620675194105102587e-04 2.622308358444483032e-04 2.621408002005810433e-04 2.621422480514856409e-04 2.620573174687027495e-04 2.620060132687959046e-04 2.619230462564023061e-04 2.618626983944693934e-04 2.617436350284965750e-04 2.617863682549570361e-04 2.616967219961591575e-04 2.618513795397367267e-04 2.618653441763481890e-04 2.618736952653180606e-04 2.618470712179612721e-04 2.616143481374027147e-04 2.617283001618754697e-04 2.620603387812317953e-04 2.626635423628477777e-04 2.637812172681815149e-04 2.649170043523096756e-04 2.658210092897383189e-04 2.658284050868568705e-04 2.658305976520609730e-04 2.658424012131180335e-04
2.624144577218429975e-04 2.625327245003315811e-04 2.627064282240102085e-04 2.626004169159366561e-04 2.625966801064881398e-04 2.625246443779911606e-04 2.624805036927216405e-04 2.623867272584566677e-04 2.623492743112358812e-04 2.622482838635044528e-04 2.623211154554197858e-04 2.622517348501241310e-04 2.624435356714468234e-04 2.624743498455348739e-04 2.625025005366478977e-04 2.624941786161804377e-04 2.622537000920310574e-04 2.623857747523629749e-04 2.627207457126137075e-04 2.633235238479943738e-04 2.643685982168398479e-04 2.654074893044383859e-04 2.661031562682352868e-04 2.656467659851321182e-04 2.658424012131180335e-04 2.671399232177589195e-04
