2.698439193151710514e-04 2.698575461182437006e-04 2.696364407885344346e-04 2.691429462152592411e-04 2.688904344986760612e-04 2.686191885568782792e-04 2.682710661033513560e-04 2.679838065850128227e-04 2.677204022698801583e-04 2.674127242900174142e-04 2.671432008463708527e-04 2.669623247418996407e-04 2.669397569146446229e-04 2.667772622659552069e-04 2.666294196547700792e-04 2.664667336176558608e-04 2.661627745729612895e-04 2.661847979286099432e-04 2.664887989373379454e-04 2.666393946831008104e-04 2.669002755050115276e-04 2.677952563492604836e-04 2.685156877968001860e-04 2.679888590939101425e-04 2.674388394402683780e-04 2.676397622227406166e-04
2.698575461182437006e-04 2.699376967989737053e-04 2.696974312885100627e-04 2.691979925476733820e-04 2.689409289332589923e-04 2.686684055236227215e-04 2.683202869378503849e-04 2.680297656798631321e-04 2.677620269283152114e-04 2.674482565906133856e-04 2.671735702001049040e-04 2.669833668117230197e-04 2.669567837972872701e-04 2.667926783970185362e-04 2.666425523530326558e-04 2.664750267201409779e-04 2.661715594048225911e-04 2.661870574774225385e-04 2.664877045182078631e-04 2.666376680987197546e-04 2.669136197931562212e-04 2.678326418816777128e-04 2.685614738071024450e-04 2.680132367558077182e-04 2.674751461174048879e-04 2.676752629718501752e-04
2.696364407885344346e-04 2.696974312885100627e-04 2.695031861817140189e-04 2.689917789268724381e-04 2.687382329473840125e-04 2.684651517021610450e-04 2.681190724588356834e-04 2.678300248132827648e-04 2.675641917420795452e-04 2.672545090450252885e-04 2.669825613577456332e-04 2.667984233730631184e-04 2.667729666935153565e-04 2.666075642367016631e-04 2.664588887159726827e-04 2.662953356685776748e-04 2.659946790405383994e-04 2.660124577976749182e-04 2.663219638931272888e-04 2.664792572406192352e-04 2.667462098141826264e-04 2.676330295001506715e-04 2.683334485234183781e-04 2.677908198132002452e-04 2.672627266149369915e-04 2.674637341226381785e-04
2.691429462152592411e-04 2.691979925476733820e-04 2.689917789268724381e-04 2.685165422892485019e-04 2.682573018333122943e-04 2.679830325896357551e-04 2.676382694918513620e-04 2.673500508277322886e-04 2.670870357780274584e-04 2.667772532538898616e-04 2.665061091059086197e-04 2.663235416421061712e-04 2.663019927768017227e-04 2.661382361364718861e-04 2.659906251961475306e-04 2.658283419054517757e-04 2.655310220966675431e-04 2.655528578853246359e-04 2.658604342638729956e-04 2.660094680254043416e-04 2.662619000393362501e-04 2.671387039628240578e-04 2.678461149632620241e-04 2.673118792420841987e-04 2.667745235580716297e-04 2.669884581946204956e-04
2.688904344986760612e-04 2.689409289332589923e-04 2.687382329473840125e-04 2.682573018333122943e-04 2.680211513586086580e-04 2.677447981902115613e-04 2.673990705684681484e-04 2.671128489688968780e-04 2.668503201088877016e-04 2.665439677520576342e-04 2.662739941628247935e-04 2.660919421849356858e-04 2.660715932252355302e-04 2.659077677751208379e-04 2.657629034920425278e-04 2.656044297777842840e-04 2.653081239182432491e-04 2.653250105592876141e-04 2.656267876667528743e-04 2.657689517369595271e-04 2.660082173506293887e-04 2.668751394086055044e-04 2.675843237123120741e-04 2.670521202032429659e-04 2.665196884228054701e-04 2.667280566476992656e-04
2.686191885568782792e-04 2.686684055236227215e-04 2.684651517021610450e-04 2.679830325896357551e-04 2.677447981902115613e-04 2.674882683531072843e-04 2.671420922160375384e-04 2.668573564827924054e-04 2.665970865550707641e-04 2.662941989771905001e-04 2.660258280560954007e-04 2.658464201091024831e-04 2.658257808967499566e-04 2.656611091035501857e-04 2.655162358708174899e-04 2.653571487834719528e-04 2.650597286283706898e-04 2.650806980376156684e-04 2.653888072437676814e-04 2.655321570606118762e-04 2.657639107863231202e-04 2.666249917267303872e-04 2.673274231525922138e-04 2.667838452253905291e-04 2.662563085445370675e-04 2.664762222680846625e-04
2.682710661033513560e-04 2.683202869378503849e-04 2.681190724588356834e-04 2.676382694918513620e-04 2.673990705684681484e-04 2.671420922160375384e-04 2.668137950047826221e-04 2.665307311619826954e-04 2.662732385241317373e-04 2.659729901392889257e-04 2.657068612331844252e-04 2.655296942661719214e-04 2.655114754306837129e-04 2.653496841395139847e-04 2.652049900134734401e-04 2.650425770894804245e-04 2.647429903210683083e-04 2.647616814094640864e-04 2.650645744210037864e-04 2.651961286010261903e-04 2.654111745950515889e-04 2.662599414387836739e-04 2.669619420510657573e-04 2.664394947637479714e-04 2.659233617823495159e-04 2.661442637654456338e-04
2.679838065850128227e-04 2.680297656798631321e-04 2.678300248132827648e-04 2.673500508277322886e-04 2.671128489688968780e-04 2.668573564827924054e-04 2.665307311619826954e-04 2.662633990675481398e-04 2.660095697395062180e-04 2.657125491197105649e-04 2.654504875297175799e-04 2.652779128273843336e-04 2.652642514208267848e-04 2.651053704206488698e-04 2.649618746151412426e-04 2.647989398722242729e-04 2.645013107056624728e-04 2.645198354924687811e-04 2.648184375727526607e-04 2.649363046909605714e-04 2.651258941495348567e-04 2.659584215173281529e-04 2.666638000680784026e-04 2.661547736041216801e-04 2.656433187507398642e-04 2.658559739960514095e-04
2.677204022698801583e-04 2.677620269283152114e-04 2.675641917420795452e-04 2.670870357780274584e-04 2.668503201088877016e-04 2.665970865550707641e-04 2.662732385241317373e-04 2.660095697395062180e-04 2.657724108727915215e-04 2.654806421447348055e-04 2.652244813575248511e-04 2.650574877243974561e-04 2.650474705429902854e-04 2.648902756963418884e-04 2.647464310227265732e-04 2.645807695481040508e-04 2.642761162536829789e-04 2.642878332238578426e-04 2.645773901557681509e-04 2.646768113133620174e-04 2.648423283476713684e-04 2.656625942893337325e-04 2.663696826335603253e-04 2.658639284742439664e-04 2.653621226156537396e-04 2.655831116280610239e-04
2.674127242900174142e-04 2.674482565906133856e-04 2.672545090450252885e-04 2.667772532538898616e-04 2.665439677520576342e-04 2.662941989771905001e-04 2.659729901392889257e-04 2.657125491197105649e-04 2.654806421447348055e-04 2.652072025376713644e-04 2.649605982171454274e-04 2.648023454016538557e-04 2.648023317027536601e-04 2.646546563021701798e-04 2.645199008430833493e-04 2.643596094065277713e-04 2.640587757510473414e-04 2.640708267861308078e-04 2.643550687122187752e-04 2.644394212767347901e-04 2.645695919649019906e-04 2.653535636543017458e-04 2.660442609240450140e-04 2.655301052784084822e-04 2.650466519640287265e-04 2.652891739671602717e-04
2.671432008463708527e-04 2.671735702001049040e-04 2.669825613577456332e-04 2.665061091059086197e-04 2.662739941628247935e-04 2.660258280560954007e-04 2.657068612331844252e-04 2.654504875297175799e-04 2.652244813575248511e-04 2.649605982171454274e-04 2.647347276250567542e-04 2.645910920876976035e-04 2.646031028262849495e-04 2.644655926799867633e-04 2.643404947786668290e-04 2.641875606284327664e-04 2.638934038084480129e-04 2.639080566270152867e-04 2.641898990947773762e-04 2.642644853572260382e-04 2.643606185617256542e-04 2.651009288413098486e-04 2.657635390860391784e-04 2.652329452298010171e-04 2.647645885942849801e-04 2.650376129299758477e-04
2.669623247418996407e-04 2.669833668117230197e-04 2.667984233730631184e-04 2.663235416421061712e-04 2.660919421849356858e-04 2.658464201091024831e-04 2.655296942661719214e-04 2.652779128273843336e-04 2.650574877243974561e-04 2.648023454016538557e-04 2.645910920876976035e-04 2.644748719040374159e-04 2.645070073929920687e-04 2.643849157224743515e-04 2.642734243864298428e-04 2.641319351256442055e-04 2.638468614715582948e-04 2.638698030816320826e-04 2.641532235263700920e-04 2.642179224658087306e-04 2.642692580732942075e-04 2.649463085420471708e-04 2.655678013642143805e-04 2.650251119724759464e-04 2.645789041633844763e-04 2.648807660141731519e-04
2.669397569146446229e-04 2.669567837972872701e-04 2.667729666935153565e-04 2.663019927768017227e-04 2.660715932252355302e-04 2.658257808967499566e-04 2.655114754306837129e-04 2.652642514208267848e-04 2.650474705429902854e-04 2.648023317027536601e-04 2.646031028262849495e-04 2.645070073929920687e-04 2.645733119189460107e-04 2.644797063532462657e-04 2.643915539185697004e-04 2.642682709784371291e-04 2.639995644296484235e-04 2.640358849539323205e-04 2.643238031201387622e-04 2.643741519801792554e-04 2.643685592590657211e-04 2.649616242565428067e-04 2.655249459786695305e-04 2.649669445759493015e-04 2.645685811761521442e-04 2.649122050728521058e-04
2.667772622659552069e-04 2.667926783970185362e-04 2.666075642367016631e-04 2.661382361364718861e-04 2.659077677751208379e-04 2.656611091035501857e-04 2.653496841395139847e-04 2.651053704206488698e-04 2.648902756963418884e-04 2.646546563021701798e-04 2.644655926799867633e-04 2.643849157224743515e-04 2.644797063532462657e-04 2.644296962322784800e-04 2.643774807685341345e-04 2.642796820381692366e-04 2.640267486008928592e-04 2.640739988737783183e-04 2.643639983910432223e-04 2.643969117873674174e-04 2.643326657533841598e-04 2.648335081646159268e-04 2.653375310741446598e-04 2.647696773447567116e-04 2.644115235629640741e-04 2.647877364523343888e-04
2.666294196547700792e-04 2.666425523530326558e-04 2.664588887159726827e-04 2.659906251961475306e-04 2.657629034920425278e-04 2.655162358708174899e-04 2.652049900134734401e-04 2.649618746151412426e-04 2.647464310227265732e-04 2.645199008430833493e-04 2.643404947786668290e-04 2.642734243864298428e-04 2.643915539185697004e-04 2.643774807685341345e-04 2.643749519390104202e-04 2.643201387802294588e-04 2.640967980202378498e-04 2.641600315340611070e-04 2.644543093253860105e-04 2.644692287600695674e-04 2.643384465528974452e-04 2.647305457138355786e-04 2.651716236988823890e-04 2.646043738187162054e-04 2.642818888130745716e-04 2.646809754147209925e-04
2.664667336176558608e-04 2.664750267201409779e-04 2.662953356685776748e-04 2.658283419054517757e-04 2.656044297777842840e-04 2.653571487834719528e-04 2.650425770894804245e-04 2.647989398722242729e-04 2.645807695481040508e-04 2.643596094065277713e-04 2.641875606284327664e-04 2.641319351256442055e-04 2.642682709784371291e-04 2.642796820381692366e-04 2.643201387802294588e-04 2.643373982256088609e-04 2.641764077500292430e-04 2.642779232788049627e-04 2.645932540868911002e-04 2.646080538044497175e-04 2.644115250998196236e-04 2.646643520981967483e-04 2.650025939126442924e-04 2.644409588372763505e-04 2.641587450539705732e-04 2.645695020494931047e-04
2.661627745729612895e-04 2.661715594048225911e-04 2.659946790405383994e-04 2.655310220966675431e-04 2.653081239182432491e-04 2.650597286283706898e-04 2.647429903210683083e-04 2.645013107056624728e-04 2.642761162536829789e-04 2.640587757510473414e-04 2.638934038084480129e-04 2.638468614715582948e-04 2.639995644296484235e-04 2.640267486008928592e-04 2.640967980202378498e-04 2.641764077500292430e-04 2.641138624868304466e-04 2.642945068025721726e-04 2.646557193073111221e-04 2.646884707215436776e-04 2.644433751436410887e-04 2.645491353223034295e-04 2.647409847544329080e-04 2.641667228260030230e-04 2.639207464246580924e-04 2.643285881713981766e-04
2.661847979286099432e-04 2.661870574774225385e-04 2.660124577976749182e-04 2.655528578853246359e-04 2.653250105592876141e-04 2.650806980376156684e-04 2.647616814094640864e-04 2.645198354924687811e-04 2.642878332238578426e-04 2.640708267861308078e-04 2.639080566270152867e-04 2.638698030816320826e-04 2.640358849539323205e-04 2.640739988737783183e-04 2.641600315340611070e-04 2.642779232788049627e-04 2.642945068025721726e-04 2.646090333921356959e-04 2.650777685487081914e-04 2.651581080679707892e-04 2.648877448420780436e-04 2.648403854041036696e-04 2.648186868386792994e-04 2.642024545491376982e-04 2.640240955434074058e-04 2.644506323448320997e-04
2.664887989373379454e-04 2.664877045182078631e-04 2.663219638931272888e-04 2.658604342638729956e-04 2.656267876667528743e-04 2.653888072437676814e-04 2.650645744210037864e-04 2.648184375727526607e-04 2.645773901557681509e-04 2.643550687122187752e-04 2.641898990947773762e-04 2.641532235263700920e-04 2.643238031201387622e-04 2.643639983910432223e-04 2.644543093253860105e-04 2.645932540868911002e-04 2.646557193073111221e-04 2.650777685487081914e-04 2.657211459253294500e-04 2.659247329974258963e-04 2.656714687881975355e-04 2.655070345439727213e-04 2.652412433752220381e-04 2.645318488553457473e-04 2.644026117643561943e-04 2.648431919032722564e-04
2.666393946831008104e-04 2.666376680987197546e-04 2.664792572406192352e-04 2.660094680254043416e-04 2.657689517369595271e-04 2.655321570606118762e-04 2.651961286010261903e-04 2.649363046909605714e-04 2.646768113133620174e-04 2.644394212767347901e-04 2.642644853572260382e-04 2.642179224658087306e-04 2.643741519801792554e-04 2.643969117873674174e-04 2.644692287600695674e-04 2.646080538044497175e-04 2.646884707215436776e-04 2.651581080679707892e-04 2.659247329974258963e-04 2.663867777830059903e-04 2.663450031758199843e-04 2.662092410902381040e-04 2.657240020095878686e-04 2.647779600532268072e-04 2.646356646163233912e-04 2.650672129002268687e-04
2.669002755050115276e-04 2.669136197931562212e-04 2.667462098141826264e-04 2.662619000393362501e-04 2.660082173506293887e-04 2.657639107863231202e-04 2.654111745950515889e-04 2.651258941495348567e-04 2.648423283476713684e-04 2.645695919649019906e-04 2.643606185617256542e-04 2.642692580732942075e-04 2.643685592590657211e-04 2.643326657533841598e-04 2.643384465528974452e-04 2.644115250998196236e-04 2.644433751436410887e-04 2.648877448420780436e-04 2.656714687881975355e-04 2.663450031758199843e-04 2.667904282759441534e-04 2.670696322818736008e-04 2.666363992411784197e-04 2.653180610987948703e-04 2.649510408262551148e-04 2.653032876036518764e-04
2.677952563492604836e-04 2.678326418816777128e-04 2.676330295001506715e-04 2.671387039628240578e-04 2.668751394086055044e-04 2.666249917267303872e-04 2.662599414387836739e-04 2.659584215173281529e-04 2.656625942893337325e-04 2.653535636543017458e-04 2.651009288413098486e-04 2.649463085420471708e-04 2.649616242565428067e-04 2.648335081646159268e-04 2.647305457138355786e-04 2.646643520981967483e-04 2.645491353223034295e-04 2.648403854041036696e-04 2.655070345439727213e-04 2.662092410902381040e-04 2.670696322818736008e-04 2.681941259234929065e-04 2.683688857681100124e-04 2.668082382909763039e-04 2.659181392462453639e-04 2.661392557690574982e-04
2.685156877968001860e-04 2.685614738071024450e-04 2.683334485234183781e-04 2.678461149632620241e-04 2.675843237123120741e-04 2.673274231525922138e-04 2.669619420510657573e-04 2.666638000680784026e-04 2.663696826335603253e-04 2.660442609240450140e-04 2.657635390860391784e-04 2.655678013642143805e-04 2.655249459786695305e-04 2.653375310741446598e-04 2.651716236988823890e-04 2.650025939126442924e-04 2.647409847544329080e-04 2.648186868386792994e-04 2.652412433752220381e-04 2.657240020095878686e-04 2.666363992411784197e-04 2.683688857681100124e-04 2.696691079613806083e-04 2.684300305685236813e-04 2.668164450481680383e-04 2.668269573319279877e-04
2.679888590939101425e-04 2.680132367558077182e-04 2.677908198132002452e-04 2.673118792420841987e-04 2.670521202032429659e-04 2.667838452253905291e-04 2.664394947637479714e-04 2.661547736041216801e-04 2.658639284742439664e-04 2.655301052784084822e-04 2.652329452298010171e-04 2.650251119724759464e-04 2.649669445759493015e-04 2.647696773447567116e-04 2.646043738187162054e-04 2.644409588372763505e-04 2.641667228260030230e-04 2.642024545491376982e-04 2.645318488553457473e-04 2.647779600532268072e-04 2.653180610987948703e-04 2.668082382909763039e-04 2.684300305685236813e-04 2.683165049592545833e-04 2.668451865661585019e-04 2.664013212666622933e-04
2.674388394402683780e-04 2.674751461174048879e-04 2.672627266149369915e-04 2.667745235580716297e-04 2.665196884228054701e-04 2.662563085445370675e-04 2.659233617823495159e-04 2.656433187507398642e-04 2.653621226156537396e-04 2.650466519640287265e-04 2.647645885942849801e-04 2.645789041633844763e-04 2.645685811761521442e-04 2.644115235629640741e-04 2.642818888130745716e-04 2.641587450539705732e-04 2.639207464246580924e-04 2.640240955434074058e-04 2.644026117643561943e-04 2.646356646163233912e-04 2.649510408262551148e-04 2.659181392462453639e-04 2.668164450481680383e-04 2.668451865661585019e-04 2.668499965123658901e-04 2.666073135353606827e-04
2.676397622227406166e-04 2.676752629718501752e-04 2.674637341226381785e-04 2.669884581946204956e-04 2.667280566476992656e-04 2.664762222680846625e-04 2.661442637654456338e-04 2.658559739960514095e-04 2.655831116280610239e-04 2.652891739671602717e-04 2.650376129299758477e-04 2.648807660141731519e-04 2.649122050728521058e-04 2.647877364523343888e-04 2.646809754147209925e-04 2.645695020494931047e-04 2.643285881713981766e-04 2.644506323448320997e-04 2.648431919032722564e-04 2.650672129002268687e-04 2.653032876036518764e-04 2.661392557690574982e-04 2.668269573319279877e-04 2.664013212666622933e-04 2.666073135353606827e-04 2.676508017438474461e-04
