7.298118754399611063e-04 7.215949989065498053e-04 7.145718063760341963e-04 7.087209654316125066e-04 7.040873374070740105e-04 7.005904236518418647e-04 6.977993337811090125e-04 6.950915112320411871e-04 6.930033391203444144e-04 6.908901098840858736e-04 6.889595614934563867e-04 6.877893294000891932e-04 6.866384907176538432e-04 6.862144088424665953e-04 6.856725477289001220e-04 6.860083112465589035e-04 6.864597116118347202e-04 6.865895953688441050e-04 6.872390883738629941e-04 6.872928177365203624e-04 6.863877063119301668e-04 6.823438001099832277e-04 6.777469439825363571e-04 6.766429334054324587e-04 6.782695835182584593e-04 6.800522506280008836e-04
7.215949989065498053e-04 7.135514643765030569e-04 7.065903965298321859e-04 7.008083727760776142e-04 6.962269497933484472e-04 6.927760551982983881e-04 6.900145607082623428e-04 6.873359069610720726e-04 6.852736964523696486e-04 6.831862913083925704e-04 6.812767969114287472e-04 6.801172379162206266e-04 6.789731587142865381e-04 6.785503237915950850e-04 6.780056013872251455e-04 6.783257774611590584e-04 6.787650883297358974e-04 6.788974031679268070e-04 6.795415557368068111e-04 6.796109581452500778e-04 6.787381878407238974e-04 6.747511187140805763e-04 6.701682571400745985e-04 6.690325745424397343e-04 6.706744545909032332e-04 6.724857887499040504e-04
7.145718063760341963e-04 7.065903965298321859e-04 6.997420074418913378e-04 6.940085922777940565e-04 6.894735197028026199e-04 6.860581378787402413e-04 6.833246492757825714e-04 6.806726374242894626e-04 6.786295309087051657e-04 6.765614849637336704e-04 6.746668581794054492e-04 6.735191466017249277e-04 6.723898605164102061e-04 6.719705080532709270e-04 6.714366966949075755e-04 6.717640961334342626e-04 6.722052170715650879e-04 6.723423043521364103e-04 6.729947362609447906e-04 6.730840863721447966e-04 6.722367262872268583e-04 6.683025538054054642e-04 6.637598012886410017e-04 6.626126923186992541e-04 6.641926390035765874e-04 6.659583229898491906e-04
7.087209654316125066e-04 7.008083727760776142e-04 6.940085922777940565e-04 6.883638211038846421e-04 6.838660290892949797e-04 6.804816296852900541e-04 6.777767372548716782e-04 6.751506014981421052e-04 6.731292100936392755e-04 6.710841480818837378e-04 6.692068699815353688e-04 6.680736819658909158e-04 6.669595956384429284e-04 6.665494993287816687e-04 6.660255909670621723e-04 6.663540357938386744e-04 6.667938682179532037e-04 6.669363501648014779e-04 6.675836641978482189e-04 6.676759711957096352e-04 6.668211906845021011e-04 6.628862978090556369e-04 6.583494172630026007e-04 6.571897783672180906e-04 6.587733902589045952e-04 6.605477792923676594e-04
7.040873374070740105e-04 6.962269497933484472e-04 6.894735197028026199e-04 6.838660290892949797e-04 6.794277772246665962e-04 6.760663893067407225e-04 6.733845951856561474e-04 6.707759255913967955e-04 6.687671231618340460e-04 6.667386505421882053e-04 6.648743165505366284e-04 6.637503890494354146e-04 6.626459751369398465e-04 6.622399313019482247e-04 6.617207290618360490e-04 6.620466115318134797e-04 6.624807967189606751e-04 6.626193836042661156e-04 6.632575701005907548e-04 6.633424872672487186e-04 6.624780452200553296e-04 6.585572454569939673e-04 6.540378019853547529e-04 6.528762099333155653e-04 6.544649857886936225e-04 6.562356744856649325e-04
7.005904236518418647e-04 6.927760551982983881e-04 6.860581378787402413e-04 6.804816296852900541e-04 6.760663893067407225e-04 6.727531342519941799e-04 6.700842986573610389e-04 6.674935825849204240e-04 6.654996813104848688e-04 6.634848559856489992e-04 6.616349385676712023e-04 6.605245336349471101e-04 6.594343527394803950e-04 6.590370623466820831e-04 6.585289797499447153e-04 6.588647950093143475e-04 6.592998297587944609e-04 6.594468594232246990e-04 6.600911832850972971e-04 6.601744240490346272e-04 6.593034770257993676e-04 6.553784913143987506e-04 6.508520709283647935e-04 6.496626806726797480e-04 6.512699054697906192e-04 6.530740211012286359e-04
6.977993337811090125e-04 6.900145607082623428e-04 6.833246492757825714e-04 6.777767372548716782e-04 6.733845951856561474e-04 6.700842986573610389e-04 6.674496889870703848e-04 6.648707825719952927e-04 6.628892066101435467e-04 6.608880714960911574e-04 6.590506840210960584e-04 6.579520739555088770e-04 6.568722808423330811e-04 6.564810871645601750e-04 6.559822836765402069e-04 6.563250352203923868e-04 6.567709338030420412e-04 6.569345307105312623e-04 6.575943646238924462e-04 6.576817882055063097e-04 6.567961253009732287e-04 6.528490952661441995e-04 6.482999200053650435e-04 6.471032914462404063e-04 6.486877015734211077e-04 6.504621412986543979e-04
6.950915112320411871e-04 6.873359069610720726e-04 6.806726374242894626e-04 6.751506014981421052e-04 6.707759255913967955e-04 6.674935825849204240e-04 6.648707825719952927e-04 6.623216547266963647e-04 6.603555420524626508e-04 6.583695793097196726e-04 6.565463514183123494e-04 6.554608285212924421e-04 6.543938932320961114e-04 6.540134482686926201e-04 6.535271298862460653e-04 6.538775853272010699e-04 6.543273460107899104e-04 6.544946327815629730e-04 6.551493761553886823e-04 6.552265441124294470e-04 6.543165165803719588e-04 6.503449167502256111e-04 6.457875238834275130e-04 6.445876358907612303e-04 6.461645305953010558e-04 6.479363313309002143e-04
6.930033391203444144e-04 6.852736964523696486e-04 6.786295309087051657e-04 6.731292100936392755e-04 6.687671231618340460e-04 6.654996813104848688e-04 6.628892066101435467e-04 6.603555420524626508e-04 6.584177820173099660e-04 6.564487435216621132e-04 6.546429208110430675e-04 6.535743027354859588e-04 6.525236323260891810e-04 6.521566980721189713e-04 6.516836405338175160e-04 6.520449772135888640e-04 6.525064578556120020e-04 6.526888745817065445e-04 6.533527310437215992e-04 6.534251021651348718e-04 6.524831409001076964e-04 6.484582469483960625e-04 6.438545867217555091e-04 6.426270422412842537e-04 6.442013403881426473e-04 6.459891852075405182e-04
6.908901098840858736e-04 6.831862913083925704e-04 6.765614849637336704e-04 6.710841480818837378e-04 6.667386505421882053e-04 6.634848559856489992e-04 6.608880714960911574e-04 6.583695793097196726e-04 6.564487435216621132e-04 6.545110048168991399e-04 6.527292510186502063e-04 6.516801440723782356e-04 6.506499556368801731e-04 6.503027988784339545e-04 6.498496768801381804e-04 6.502259732186946957e-04 6.507003448777374122e-04 6.508915217416813385e-04 6.515521474164733548e-04 6.516050340443617101e-04 6.506248445314153240e-04 6.465428357134655026e-04 6.419170324148918295e-04 6.406938524103915258e-04 6.422751055368878083e-04 6.440580566615262525e-04
6.889595614934563867e-04 6.812767969114287472e-04 6.746668581794054492e-04 6.692068699815353688e-04 6.648743165505366284e-04 6.616349385676712023e-04 6.590506840210960584e-04 6.565463514183123494e-04 6.546429208110430675e-04 6.527292510186502063e-04 6.509900426376856453e-04 6.499709114473446129e-04 6.489700541751532029e-04 6.486502325722424619e-04 6.482241732947246864e-04 6.486260486763338173e-04 6.491210966470112569e-04 6.493249164167530897e-04 6.499874033760056485e-04 6.500181720651890651e-04 6.489836423995654037e-04 6.448144194997087976e-04 6.401421889644583500e-04 6.389179561932207619e-04 6.405069811356909172e-04 6.422786099081983060e-04
6.877893294000891932e-04 6.801172379162206266e-04 6.735191466017249277e-04 6.680736819658909158e-04 6.637503890494354146e-04 6.605245336349471101e-04 6.579520739555088770e-04 6.554608285212924421e-04 6.535743027354859588e-04 6.516801440723782356e-04 6.499709114473446129e-04 6.490005403264495444e-04 6.480419596319528111e-04 6.477590800970471890e-04 6.473694801755754775e-04 6.478024200290243137e-04 6.483198218768341245e-04 6.485406333699824050e-04 6.492088778159557432e-04 6.492154518668531498e-04 6.480942553987042391e-04 6.437951316285061209e-04 6.390590420952697425e-04 6.378520574967029870e-04 6.394745502227800003e-04 6.412457620575596649e-04
6.866384907176538432e-04 6.789731587142865381e-04 6.723898605164102061e-04 6.669595956384429284e-04 6.626459751369398465e-04 6.594343527394803950e-04 6.568722808423330811e-04 6.543938932320961114e-04 6.525236323260891810e-04 6.506499556368801731e-04 6.489700541751532029e-04 6.480419596319528111e-04 6.471516265045070167e-04 6.469285824387559268e-04 6.465944064835370524e-04 6.470784385776635938e-04 6.476376537247624261e-04 6.478918228418476585e-04 6.485786965611361598e-04 6.485677478631002909e-04 6.473487919549306266e-04 6.428730787448178182e-04 6.380216006563563681e-04 6.367901087995069811e-04 6.384497337574704997e-04 6.402529880916871469e-04
6.862144088424665953e-04 6.785503237915950850e-04 6.719705080532709270e-04 6.665494993287816687e-04 6.622399313019482247e-04 6.590370623466820831e-04 6.564810871645601750e-04 6.540134482686926201e-04 6.521566980721189713e-04 6.503027988784339545e-04 6.486502325722424619e-04 6.477590800970471890e-04 6.469285824387559268e-04 6.467919740442408484e-04 6.465359173359200642e-04 6.470902760044010965e-04 6.477117238799589378e-04 6.480227878283312693e-04 6.487501671307364633e-04 6.487299670133920117e-04 6.474104082984544640e-04 6.427170110096155345e-04 6.377111750406594913e-04 6.364474144914329841e-04 6.381503722687425053e-04 6.399806588617579662e-04
6.856725477289001220e-04 6.780056013872251455e-04 6.714366966949075755e-04 6.660255909670621723e-04 6.617207290618360490e-04 6.585289797499447153e-04 6.559822836765402069e-04 6.535271298862460653e-04 6.516836405338175160e-04 6.498496768801381804e-04 6.482241732947246864e-04 6.473694801755754775e-04 6.465944064835370524e-04 6.465359173359200642e-04 6.463866362332426185e-04 6.470404205992186328e-04 6.477458340724080634e-04 6.481365712903868533e-04 6.489252018257960506e-04 6.489080348035262871e-04 6.474880315553492539e-04 6.425598321347021939e-04 6.373807237644099491e-04 6.360643869273817233e-04 6.377445171608890758e-04 6.395397906536698721e-04
6.860083112465589035e-04 6.783257774611590584e-04 6.717640961334342626e-04 6.663540357938386744e-04 6.620466115318134797e-04 6.588647950093143475e-04 6.563250352203923868e-04 6.538775853272010699e-04 6.520449772135888640e-04 6.502259732186946957e-04 6.486260486763338173e-04 6.478024200290243137e-04 6.470784385776635938e-04 6.470902760044010965e-04 6.470404205992186328e-04 6.478397823176593184e-04 6.486803124088991006e-04 6.491968066314842594e-04 6.500852664864085768e-04 6.500917450930546312e-04 6.485630008118736843e-04 6.433356417068801037e-04 6.378878842215829565e-04 6.364884747107471064e-04 6.381534401785599704e-04 6.398884034104870052e-04
6.864597116118347202e-04 6.787650883297358974e-04 6.722052170715650879e-04 6.667938682179532037e-04 6.624807967189606751e-04 6.592998297587944609e-04 6.567709338030420412e-04 6.543273460107899104e-04 6.525064578556120020e-04 6.507003448777374122e-04 6.491210966470112569e-04 6.483198218768341245e-04 6.476376537247624261e-04 6.477117238799589378e-04 6.477458340724080634e-04 6.486803124088991006e-04 6.497085554533741942e-04 6.504127696717971682e-04 6.514565432752272324e-04 6.515285268593809520e-04 6.499114629641254562e-04 6.443573824856472371e-04 6.385547334519343313e-04 6.370176164725106565e-04 6.386180064805340763e-04 6.402970688468310806e-04
6.865895953688441050e-04 6.788974031679268070e-04 6.723423043521364103e-04 6.669363501648014779e-04 6.626193836042661156e-04 6.594468594232246990e-04 6.569345307105312623e-04 6.544946327815629730e-04 6.526888745817065445e-04 6.508915217416813385e-04 6.493249164167530897e-04 6.485406333699824050e-04 6.478918228418476585e-04 6.480227878283312693e-04 6.481365712903868533e-04 6.491968066314842594e-04 6.504127696717971682e-04 6.513989647383692421e-04 6.527166673994471389e-04 6.529675426156497436e-04 6.513355295053682194e-04 6.454456052133165532e-04 6.391730172639474745e-04 6.373529599009453974e-04 6.388348645691752743e-04 6.404453349678117463e-04
6.872390883738629941e-04 6.795415557368068111e-04 6.729947362609447906e-04 6.675836641978482189e-04 6.632575701005907548e-04 6.600911832850972971e-04 6.575943646238924462e-04 6.551493761553886823e-04 6.533527310437215992e-04 6.515521474164733548e-04 6.499874033760056485e-04 6.492088778159557432e-04 6.485786965611361598e-04 6.487501671307364633e-04 6.489252018257960506e-04 6.500852664864085768e-04 6.514565432752272324e-04 6.527166673994471389e-04 6.544183136585547851e-04 6.549927844833330773e-04 6.534791224384975958e-04 6.473647175090674506e-04 6.405851164016434715e-04 6.383580023597777405e-04 6.396271773406510958e-04 6.411326258978751816e-04
6.872928177365203624e-04 6.796109581452500778e-04 6.730840863721447966e-04 6.676759711957096352e-04 6.633424872672487186e-04 6.601744240490346272e-04 6.576817882055063097e-04 6.552265441124294470e-04 6.534251021651348718e-04 6.516050340443617101e-04 6.500181720651890651e-04 6.492154518668531498e-04 6.485677478631002909e-04 6.487299670133920117e-04 6.489080348035262871e-04 6.500917450930546312e-04 6.515285268593809520e-04 6.529675426156497436e-04 6.549927844833330773e-04 6.560767585009083611e-04 6.550029383046297553e-04 6.490387179309996995e-04 6.418526364811784650e-04 6.389569840544442533e-04 6.399808152726902408e-04 6.414165663101140504e-04
6.863877063119301668e-04 6.787381878407238974e-04 6.722367262872268583e-04 6.668211906845021011e-04 6.624780452200553296e-04 6.593034770257993676e-04 6.567961253009732287e-04 6.543165165803719588e-04 6.524831409001076964e-04 6.506248445314153240e-04 6.489836423995654037e-04 6.480942553987042391e-04 6.473487919549306266e-04 6.474104082984544640e-04 6.474880315553492539e-04 6.485630008118736843e-04 6.499114629641254562e-04 6.513355295053682194e-04 6.534791224384975958e-04 6.550029383046297553e-04 6.547853231617480800e-04 6.496945357310483131e-04 6.426061132193622641e-04 6.389893697709684737e-04 6.396468687601086734e-04 6.409138715037332283e-04
6.823438001099832277e-04 6.747511187140805763e-04 6.683025538054054642e-04 6.628862978090556369e-04 6.585572454569939673e-04 6.553784913143987506e-04 6.528490952661441995e-04 6.503449167502256111e-04 6.484582469483960625e-04 6.465428357134655026e-04 6.448144194997087976e-04 6.437951316285061209e-04 6.428730787448178182e-04 6.427170110096155345e-04 6.425598321347021939e-04 6.433356417068801037e-04 6.443573824856472371e-04 6.454456052133165532e-04 6.473647175090674506e-04 6.490387179309996995e-04 6.496945357310483131e-04 6.464057619758608415e-04 6.405220003621352664e-04 6.365874834907553348e-04 6.364472160631326090e-04 6.373578894812439392e-04
6.777469439825363571e-04 6.701682571400745985e-04 6.637598012886410017e-04 6.583494172630026007e-04 6.540378019853547529e-04 6.508520709283647935e-04 6.482999200053650435e-04 6.457875238834275130e-04 6.438545867217555091e-04 6.419170324148918295e-04 6.401421889644583500e-04 6.390590420952697425e-04 6.380216006563563681e-04 6.377111750406594913e-04 6.373807237644099491e-04 6.378878842215829565e-04 6.385547334519343313e-04 6.391730172639474745e-04 6.405851164016434715e-04 6.418526364811784650e-04 6.426061132193622641e-04 6.405220003621352664e-04 6.367355244844991611e-04 6.339261791201297952e-04 6.329969948088790812e-04 6.333171893885452056e-04
6.766429334054324587e-04 6.690325745424397343e-04 6.626126923186992541e-04 6.571897783672180906e-04 6.528762099333155653e-04 6.496626806726797480e-04 6.471032914462404063e-04 6.445876358907612303e-04 6.426270422412842537e-04 6.406938524103915258e-04 6.389179561932207619e-04 6.378520574967029870e-04 6.367901087995069811e-04 6.364474144914329841e-04 6.360643869273817233e-04 6.364884747107471064e-04 6.370176164725106565e-04 6.373529599009453974e-04 6.383580023597777405e-04 6.389569840544442533e-04 6.389893697709684737e-04 6.365874834907553348e-04 6.339261791201297952e-04 6.337594215879998770e-04 6.335758478737802367e-04 6.330891854189808245e-04
6.782695835182584593e-04 6.706744545909032332e-04 6.641926390035765874e-04 6.587733902589045952e-04 6.544649857886936225e-04 6.512699054697906192e-04 6.486877015734211077e-04 6.461645305953010558e-04 6.442013403881426473e-04 6.422751055368878083e-04 6.405069811356909172e-04 6.394745502227800003e-04 6.384497337574704997e-04 6.381503722687425053e-04 6.377445171608890758e-04 6.381534401785599704e-04 6.386180064805340763e-04 6.388348645691752743e-04 6.396271773406510958e-04 6.399808152726902408e-04 6.396468687601086734e-04 6.364472160631326090e-04 6.329969948088790812e-04 6.335758478737802367e-04 6.365962705993051312e-04 6.369667061131764878e-04
6.800522506280008836e-04 6.724857887499040504e-04 6.659583229898491906e-04 6.605477792923676594e-04 6.562356744856649325e-04 6.530740211012286359e-04 6.504621412986543979e-04 6.479363313309002143e-04 6.459891852075405182e-04 6.440580566615262525e-04 6.422786099081983060e-04 6.412457620575596649e-04 6.402529880916871469e-04 6.399806588617579662e-04 6.395397906536698721e-04 6.398884034104870052e-04 6.402970688468310806e-04 6.404453349678117463e-04 6.411326258978751816e-04 6.414165663101140504e-04 6.409138715037332283e-04 6.373578894812439392e-04 6.333171893885452056e-04 6.330891854189808245e-04 6.369667061131764878e-04 6.402878988840097780e-04
