1.142661284775209059e-04 1.142809014887338244e-04 1.144171536416665406e-04 1.143374052559421666e-04 1.145845611990611526e-04 1.146277508220252926e-04 1.146369957337322346e-04 1.146514365386277530e-04 1.145899823405468348e-04 1.145700453437508988e-04 1.145227916673083812e-04 1.147247933173106688e-04 1.147594518681804637e-04 1.146421455644350897e-04 1.147404179240167258e-04 1.147630376182850862e-04 1.149027118640955487e-04 1.150790482651536066e-04 1.152795193747969596e-04 1.154743571968632328e-04 1.152057389997926943e-04 1.150497949931659998e-04 1.148542656593887559e-04 1.145187358773817660e-04 1.137124688748969144e-04 1.135694059476165284e-04
1.142809014887338244e-04 1.143767432006418202e-04 1.144944332837605601e-04 1.144112231680811416e-04 1.146596301620042443e-04 1.147062761284776093e-04 1.147205949176402696e-04 1.147363534308692274e-04 1.146798169233429143e-04 1.146615167801365114e-04 1.146178997528925973e-04 1.148224722786485953e-04 1.148639370917850841e-04 1.147533126624012496e-04 1.148515909636663103e-04 1.148734298152513932e-04 1.150099990822594918e-04 1.151887088884123218e-04 1.153915703494550767e-04 1.155788236836213063e-04 1.153109504163164810e-04 1.151537407555710863e-04 1.149464514362234525e-04 1.146001285391143640e-04 1.137943075270991518e-04 1.136486457751795264e-04
1.144171536416665406e-04 1.144944332837605601e-04 1.146597987931894996e-04 1.145668058929532284e-04 1.148146046316849724e-04 1.148629501446443176e-04 1.148756243838434162e-04 1.148924019756589058e-04 1.148334137393030072e-04 1.148127639600213945e-04 1.147670364221142335e-04 1.149692476722642248e-04 1.150061893456431715e-04 1.148898723918160989e-04 1.149872096237064160e-04 1.150050576034018399e-04 1.151362691785243225e-04 1.153081274728649742e-04 1.155047824746044898e-04 1.156886460321486829e-04 1.154200148402428748e-04 1.152606714819736527e-04 1.150606098094829929e-04 1.147312119125649932e-04 1.139341867959720251e-04 1.137807402786950180e-04
1.143374052559421666e-04 1.144112231680811416e-04 1.145668058929532284e-04 1.145188338521423946e-04 1.147597108384703241e-04 1.148041078813808244e-04 1.148185898956197349e-04 1.148372889933085709e-04 1.147800751065364099e-04 1.147645305503886166e-04 1.147184253114777631e-04 1.149227125681175164e-04 1.149624443596558977e-04 1.148476149838388170e-04 1.149480977310272890e-04 1.149662806579853605e-04 1.151020759941213522e-04 1.152775314106289759e-04 1.154788376749395126e-04 1.156644953743390383e-04 1.153845906839272317e-04 1.152101217596938426e-04 1.149900823067174669e-04 1.146509584773861993e-04 1.138562350386564679e-04 1.137202745233595590e-04
1.145845611990611526e-04 1.146596301620042443e-04 1.148146046316849724e-04 1.147597108384703241e-04 1.150305519396533391e-04 1.150697739599353581e-04 1.150841758350256420e-04 1.151041623421514553e-04 1.150462151562164475e-04 1.150296547091602442e-04 1.149840115395172756e-04 1.151914988673354777e-04 1.152334981875794459e-04 1.151170153337779511e-04 1.152146450113632751e-04 1.152330511964687489e-04 1.153666791592801178e-04 1.155424371117572168e-04 1.157481134305272903e-04 1.159368164754075972e-04 1.156584962631903684e-04 1.154728437221265425e-04 1.152484177427957098e-04 1.149246937388571449e-04 1.141430630645559727e-04 1.139896848574304869e-04
1.146277508220252926e-04 1.147062761284776093e-04 1.148629501446443176e-04 1.148041078813808244e-04 1.150697739599353581e-04 1.151334229099799141e-04 1.151440998543141016e-04 1.151641511988315284e-04 1.151073757121555001e-04 1.150923234933116349e-04 1.150479136789597730e-04 1.152560138443815016e-04 1.152994103899458034e-04 1.151854623015121379e-04 1.152836016921153490e-04 1.153005819123760028e-04 1.154331785291260842e-04 1.156068883850974510e-04 1.158114117663920265e-04 1.159963498125377609e-04 1.157163133665718691e-04 1.155240581458960575e-04 1.152955757398760892e-04 1.149643680795866998e-04 1.141810255875781006e-04 1.140228413753269676e-04
1.146369957337322346e-04 1.147205949176402696e-04 1.148756243838434162e-04 1.148185898956197349e-04 1.150841758350256420e-04 1.151440998543141016e-04 1.151765610807433321e-04 1.151972850971009989e-04 1.151447991961117220e-04 1.151314430719652452e-04 1.150915556276437479e-04 1.153036860708731714e-04 1.153500548593364730e-04 1.152377684742964670e-04 1.153347063981655790e-04 1.153508530687306438e-04 1.154808331003240909e-04 1.156548291737109080e-04 1.158539178399862959e-04 1.160377229737989246e-04 1.157618221475606478e-04 1.155714872077132419e-04 1.153502275673872959e-04 1.150135985380754307e-04 1.142232710753009802e-04 1.140609439348404366e-04
1.146514365386277530e-04 1.147363534308692274e-04 1.148924019756589058e-04 1.148372889933085709e-04 1.151041623421514553e-04 1.151641511988315284e-04 1.151972850971009989e-04 1.152320939303156982e-04 1.151805735635017252e-04 1.151693448576960102e-04 1.151326534767367475e-04 1.153489003977738983e-04 1.153973919319724789e-04 1.152872293881222895e-04 1.153851903457260456e-04 1.154025288256584655e-04 1.155342090650288340e-04 1.157096992730859684e-04 1.159098609478254467e-04 1.160911441090162617e-04 1.158090462631398461e-04 1.156110792539587846e-04 1.153843911141422989e-04 1.150294519769144990e-04 1.142306333443474082e-04 1.140779122012748425e-04
1.145899823405468348e-04 1.146798169233429143e-04 1.148334137393030072e-04 1.147800751065364099e-04 1.150462151562164475e-04 1.151073757121555001e-04 1.151447991961117220e-04 1.151805735635017252e-04 1.151505250311897553e-04 1.151466087320044313e-04 1.151167961522369109e-04 1.153390020006066994e-04 1.153930087914571841e-04 1.152864403047756925e-04 1.153851962932874451e-04 1.154011539939627656e-04 1.155298868739935807e-04 1.157038366917227413e-04 1.159055703010535970e-04 1.160843132622705297e-04 1.157914936869757703e-04 1.155691399443500308e-04 1.153393222817645906e-04 1.149880492717495536e-04 1.141896500554999758e-04 1.140367867041301074e-04
1.145700453437508988e-04 1.146615167801365114e-04 1.148127639600213945e-04 1.147645305503886166e-04 1.150296547091602442e-04 1.150923234933116349e-04 1.151314430719652452e-04 1.151693448576960102e-04 1.151466087320044313e-04 1.151628756335709882e-04 1.151413075151804487e-04 1.153694468771907823e-04 1.154288392470881726e-04 1.153266449436405260e-04 1.154297585521883159e-04 1.154475518398966353e-04 1.155753058157423625e-04 1.157465760673934125e-04 1.159480099249156072e-04 1.161209973363157397e-04 1.158144835064723265e-04 1.155695467998447734e-04 1.153356303673061571e-04 1.149703084208103672e-04 1.141623731933053286e-04 1.140063861022654811e-04
1.145227916673083812e-04 1.146178997528925973e-04 1.147670364221142335e-04 1.147184253114777631e-04 1.149840115395172756e-04 1.150479136789597730e-04 1.150915556276437479e-04 1.151326534767367475e-04 1.151167961522369109e-04 1.151413075151804487e-04 1.151407491084633966e-04 1.153811523058529190e-04 1.154506380223300647e-04 1.153585896773463290e-04 1.154668241780170752e-04 1.154885622407559898e-04 1.156174257068994340e-04 1.157895900297561584e-04 1.159884307535097672e-04 1.161530895494172224e-04 1.158272049540157823e-04 1.155558530240901802e-04 1.153223144911740607e-04 1.149512032215414874e-04 1.141387802286004884e-04 1.139851001905748448e-04
1.147247933173106688e-04 1.148224722786485953e-04 1.149692476722642248e-04 1.149227125681175164e-04 1.151914988673354777e-04 1.152560138443815016e-04 1.153036860708731714e-04 1.153489003977738983e-04 1.153390020006066994e-04 1.153694468771907823e-04 1.153811523058529190e-04 1.156481032446279633e-04 1.157329146918447234e-04 1.156542409904871019e-04 1.157754707158883685e-04 1.158066004462730337e-04 1.159392172804456998e-04 1.161114321228892563e-04 1.163094135233633524e-04 1.164634148266354438e-04 1.161097419956557634e-04 1.157920971207009590e-04 1.155559022541551917e-04 1.151821365757328019e-04 1.143602386424973744e-04 1.142052064321660338e-04
1.147594518681804637e-04 1.148639370917850841e-04 1.150061893456431715e-04 1.149624443596558977e-04 1.152334981875794459e-04 1.152994103899458034e-04 1.153500548593364730e-04 1.153973919319724789e-04 1.153930087914571841e-04 1.154288392470881726e-04 1.154506380223300647e-04 1.157329146918447234e-04 1.158471484339276423e-04 1.157908262450989923e-04 1.159270177964498368e-04 1.159705118045102200e-04 1.161072669912477866e-04 1.162813618173295628e-04 1.164801075954988044e-04 1.166257901495550814e-04 1.162457181874849288e-04 1.158870176149300057e-04 1.156436521316801222e-04 1.152647222200457711e-04 1.144382958551250576e-04 1.142682661725860990e-04
1.146421455644350897e-04 1.147533126624012496e-04 1.148898723918160989e-04 1.148476149838388170e-04 1.151170153337779511e-04 1.151854623015121379e-04 1.152377684742964670e-04 1.152872293881222895e-04 1.152864403047756925e-04 1.153266449436405260e-04 1.153585896773463290e-04 1.156542409904871019e-04 1.157908262450989923e-04 1.157746046041145151e-04 1.159404250327372818e-04 1.160048491084190840e-04 1.161549214610855754e-04 1.163381435590941741e-04 1.165407429187262719e-04 1.166778999401932293e-04 1.162607180556642328e-04 1.158367242061254142e-04 1.155654768592967148e-04 1.151890637101140187e-04 1.143620348931900766e-04 1.141736226847165259e-04
1.147404179240167258e-04 1.148515909636663103e-04 1.149872096237064160e-04 1.149480977310272890e-04 1.152146450113632751e-04 1.152836016921153490e-04 1.153347063981655790e-04 1.153851903457260456e-04 1.153851962932874451e-04 1.154297585521883159e-04 1.154668241780170752e-04 1.157754707158883685e-04 1.159270177964498368e-04 1.159404250327372818e-04 1.161567880074619802e-04 1.162598816326115196e-04 1.164340058503924533e-04 1.166297705031043506e-04 1.168398103184860548e-04 1.169727330205738095e-04 1.165140236532306221e-04 1.160033764830476117e-04 1.156893434580682568e-04 1.153128446292014557e-04 1.144873144867862932e-04 1.142785881495410387e-04
1.147630376182850862e-04 1.148734298152513932e-04 1.150050576034018399e-04 1.149662806579853605e-04 1.152330511964687489e-04 1.153005819123760028e-04 1.153508530687306438e-04 1.154025288256584655e-04 1.154011539939627656e-04 1.154475518398966353e-04 1.154885622407559898e-04 1.158066004462730337e-04 1.159705118045102200e-04 1.160048491084190840e-04 1.162598816326115196e-04 1.164241285292301280e-04 1.166455137243052343e-04 1.168719843569249910e-04 1.171024725839182244e-04 1.172398409853514062e-04 1.167431274372672989e-04 1.161305263095777757e-04 1.157484748948976207e-04 1.153724832514188678e-04 1.145546308590502082e-04 1.143370809474657577e-04
1.149027118640955487e-04 1.150099990822594918e-04 1.151362691785243225e-04 1.151020759941213522e-04 1.153666791592801178e-04 1.154331785291260842e-04 1.154808331003240909e-04 1.155342090650288340e-04 1.155298868739935807e-04 1.155753058157423625e-04 1.156174257068994340e-04 1.159392172804456998e-04 1.161072669912477866e-04 1.161549214610855754e-04 1.164340058503924533e-04 1.166455137243052343e-04 1.169488499099648540e-04 1.172468537184277200e-04 1.175238765952780340e-04 1.176774305188315543e-04 1.171394644816999193e-04 1.164136478085864079e-04 1.159123933331643493e-04 1.155304912647895363e-04 1.147200218968738670e-04 1.145180799118242725e-04
1.150790482651536066e-04 1.151887088884123218e-04 1.153081274728649742e-04 1.152775314106289759e-04 1.155424371117572168e-04 1.156068883850974510e-04 1.156548291737109080e-04 1.157096992730859684e-04 1.157038366917227413e-04 1.157465760673934125e-04 1.157895900297561584e-04 1.161114321228892563e-04 1.162813618173295628e-04 1.163381435590941741e-04 1.166297705031043506e-04 1.168719843569249910e-04 1.172468537184277200e-04 1.176650531177075854e-04 1.180347253140902574e-04 1.182276986282620036e-04 1.176707290374149673e-04 1.168436580842509444e-04 1.161700602761328067e-04 1.157568124267698142e-04 1.149565203915166913e-04 1.147749156770719905e-04
1.152795193747969596e-04 1.153915703494550767e-04 1.155047824746044898e-04 1.154788376749395126e-04 1.157481134305272903e-04 1.158114117663920265e-04 1.158539178399862959e-04 1.159098609478254467e-04 1.159055703010535970e-04 1.159480099249156072e-04 1.159884307535097672e-04 1.163094135233633524e-04 1.164801075954988044e-04 1.165407429187262719e-04 1.168398103184860548e-04 1.171024725839182244e-04 1.175238765952780340e-04 1.180347253140902574e-04 1.185549270750732478e-04 1.188498578186634872e-04 1.183126115135059583e-04 1.173940043089237092e-04 1.165085616220693155e-04 1.160129460203135452e-04 1.152335027921212236e-04 1.150469338108035946e-04
1.154743571968632328e-04 1.155788236836213063e-04 1.156886460321486829e-04 1.156644953743390383e-04 1.159368164754075972e-04 1.159963498125377609e-04 1.160377229737989246e-04 1.160911441090162617e-04 1.160843132622705297e-04 1.161209973363157397e-04 1.161530895494172224e-04 1.164634148266354438e-04 1.166257901495550814e-04 1.166778999401932293e-04 1.169727330205738095e-04 1.172398409853514062e-04 1.176774305188315543e-04 1.182276986282620036e-04 1.188498578186634872e-04 1.193566462905629915e-04 1.189882272747258606e-04 1.180936007801853345e-04 1.170144382158696666e-04 1.163000564823187216e-04 1.155319406338471282e-04 1.153568920513768425e-04
1.152057389997926943e-04 1.153109504163164810e-04 1.154200148402428748e-04 1.153845906839272317e-04 1.156584962631903684e-04 1.157163133665718691e-04 1.157618221475606478e-04 1.158090462631398461e-04 1.157914936869757703e-04 1.158144835064723265e-04 1.158272049540157823e-04 1.161097419956557634e-04 1.162457181874849288e-04 1.162607180556642328e-04 1.165140236532306221e-04 1.167431274372672989e-04 1.171394644816999193e-04 1.176707290374149673e-04 1.183126115135059583e-04 1.189882272747258606e-04 1.189596788632227948e-04 1.183458910950216299e-04 1.172410171522958575e-04 1.162030008601677028e-04 1.153856468106736729e-04 1.152348611534796495e-04
1.150497949931659998e-04 1.151537407555710863e-04 1.152606714819736527e-04 1.152101217596938426e-04 1.154728437221265425e-04 1.155240581458960575e-04 1.155714872077132419e-04 1.156110792539587846e-04 1.155691399443500308e-04 1.155695467998447734e-04 1.155558530240901802e-04 1.157920971207009590e-04 1.158870176149300057e-04 1.158367242061254142e-04 1.160033764830476117e-04 1.161305263095777757e-04 1.164136478085864079e-04 1.168436580842509444e-04 1.173940043089237092e-04 1.180936007801853345e-04 1.183458910950216299e-04 1.183770011187291956e-04 1.176292276220176105e-04 1.163862783297794511e-04 1.153593048849567903e-04 1.152720557224535240e-04
1.148542656593887559e-04 1.149464514362234525e-04 1.150606098094829929e-04 1.149900823067174669e-04 1.152484177427957098e-04 1.152955757398760892e-04 1.153502275673872959e-04 1.153843911141422989e-04 1.153393222817645906e-04 1.153356303673061571e-04 1.153223144911740607e-04 1.155559022541551917e-04 1.156436521316801222e-04 1.155654768592967148e-04 1.156893434580682568e-04 1.157484748948976207e-04 1.159123933331643493e-04 1.161700602761328067e-04 1.165085616220693155e-04 1.170144382158696666e-04 1.172410171522958575e-04 1.176292276220176105e-04 1.177203794617385385e-04 1.168439173467244270e-04 1.154481448145230541e-04 1.151923143340313695e-04
1.145187358773817660e-04 1.146001285391143640e-04 1.147312119125649932e-04 1.146509584773861993e-04 1.149246937388571449e-04 1.149643680795866998e-04 1.150135985380754307e-04 1.150294519769144990e-04 1.149880492717495536e-04 1.149703084208103672e-04 1.149512032215414874e-04 1.151821365757328019e-04 1.152647222200457711e-04 1.151890637101140187e-04 1.153128446292014557e-04 1.153724832514188678e-04 1.155304912647895363e-04 1.157568124267698142e-04 1.160129460203135452e-04 1.163000564823187216e-04 1.162030008601677028e-04 1.163862783297794511e-04 1.168439173467244270e-04 1.169724688272408682e-04 1.156905823586564137e-04 1.149812639156347642e-04
1.137124688748969144e-04 1.137943075270991518e-04 1.139341867959720251e-04 1.138562350386564679e-04 1.141430630645559727e-04 1.141810255875781006e-04 1.142232710753009802e-04 1.142306333443474082e-04 1.141896500554999758e-04 1.141623731933053286e-04 1.141387802286004884e-04 1.143602386424973744e-04 1.144382958551250576e-04 1.143620348931900766e-04 1.144873144867862932e-04 1.145546308590502082e-04 1.147200218968738670e-04 1.149565203915166913e-04 1.152335027921212236e-04 1.155319406338471282e-04 1.153856468106736729e-04 1.153593048849567903e-04 1.154481448145230541e-04 1.156905823586564137e-04 1.153767078831378370e-04 1.146542306267153607e-04
1.135694059476165284e-04 1.136486457751795264e-04 1.137807402786950180e-04 1.137202745233595590e-04 1.139896848574304869e-04 1.140228413753269676e-04 1.140609439348404366e-04 1.140779122012748425e-04 1.140367867041301074e-04 1.140063861022654811e-04 1.139851001905748448e-04 1.142052064321660338e-04 1.142682661725860990e-04 1.141736226847165259e-04 1.142785881495410387e-04 1.143370809474657577e-04 1.145180799118242725e-04 1.147749156770719905e-04 1.150469338108035946e-04 1.153568920513768425e-04 1.152348611534796495e-04 1.152720557224535240e-04 1.151923143340313695e-04 1.149812639156347642e-04 1.146542306267153607e-04 1.149124133459128634e-04
