2.818974476767887346e-04 2.816480104914370489e-04 2.819429594758162132e-04 2.818096972159206837e-04 2.816660852164114791e-04 2.816090637530955154e-04 2.815919899417894932e-04 2.816226731798948386e-04 2.813940026700704599e-04 2.814055546040058749e-04 2.812865315673874957e-04 2.812377441503644752e-04 2.813274611547854180e-04 2.815920735121610905e-04 2.821749254594391708e-04 2.826135429218381559e-04 2.830213472547588559e-04 2.836223993514492918e-04 2.837881103456497056e-04 2.835182983048875377e-04 2.828878896123654938e-04 2.817107567326287737e-04 2.814333214190608960e-04 2.817769802913903466e-04 2.824834333253852165e-04 2.832106940799945902e-04
2.816480104914370489e-04 2.814627561748389009e-04 2.817364111158386251e-04 2.816040983520848003e-04 2.814586739284837664e-04 2.814007579336573603e-04 2.813829072540290619e-04 2.814131440936219059e-04 2.811824986418904118e-04 2.811949196020093063e-04 2.810742689643130877e-04 2.810263497571048185e-04 2.811143412097731695e-04 2.813805245754000110e-04 2.819694491752340322e-04 2.824124522159399391e-04 2.828285279622227651e-04 2.834357540557328522e-04 2.836034893537149409e-04 2.833232970162069693e-04 2.826882168049797998e-04 2.815140149298927868e-04 2.812306253862008765e-04 2.815714030179518475e-04 2.822879956566054374e-04 2.830357232846815538e-04
2.819429594758162132e-04 2.817364111158386251e-04 2.820529012538445872e-04 2.819084429817539112e-04 2.817636973712220002e-04 2.817092197015307812e-04 2.816901903370900239e-04 2.817204198428811704e-04 2.814938025738835010e-04 2.815076533260746231e-04 2.813929808353413781e-04 2.813491725901580594e-04 2.814429975568769125e-04 2.817123704419420300e-04 2.822995468941649527e-04 2.827389947983319695e-04 2.831485595085053296e-04 2.837493876459961642e-04 2.839153298954198820e-04 2.836370747446143557e-04 2.830042964066130698e-04 2.818225245911385813e-04 2.815474741237113674e-04 2.818875489152698798e-04 2.826000265861439154e-04 2.833199604243655007e-04
2.818096972159206837e-04 2.816040983520848003e-04 2.819084429817539112e-04 2.817908501859067803e-04 2.816411093731630965e-04 2.815848991410919099e-04 2.815680096821999187e-04 2.815985428114193309e-04 2.813717987233361009e-04 2.813849893941808159e-04 2.812670968608871791e-04 2.812215299718701642e-04 2.813125835433507183e-04 2.815796501569843026e-04 2.821677361949504305e-04 2.826083724940345885e-04 2.830207483704107641e-04 2.836236154426397676e-04 2.837864860646217759e-04 2.835093399329065159e-04 2.828735660871711170e-04 2.816980273521195238e-04 2.814263752360832388e-04 2.817666386845617526e-04 2.824728619884246238e-04 2.832101147009740273e-04
2.816660852164114791e-04 2.814586739284837664e-04 2.817636973712220002e-04 2.816411093731630965e-04 2.815140337217238880e-04 2.814548632391056780e-04 2.814358945091642952e-04 2.814689776857110318e-04 2.812435960477549122e-04 2.812568292766815773e-04 2.811400972303401886e-04 2.810967863444268494e-04 2.811914719461520518e-04 2.814598183232118900e-04 2.820459056584347763e-04 2.824860841090740134e-04 2.828988606275461854e-04 2.835030016819547593e-04 2.836642590071488312e-04 2.833844426491696745e-04 2.827374129974312574e-04 2.815448614606124258e-04 2.812677592345715094e-04 2.816216893396770483e-04 2.823422591436735218e-04 2.830727769858083103e-04
2.816090637530955154e-04 2.814007579336573603e-04 2.817092197015307812e-04 2.815848991410919099e-04 2.814548632391056780e-04 2.814148796652312951e-04 2.813955075988826163e-04 2.814284046045285544e-04 2.812064227664503647e-04 2.812217502880625915e-04 2.811063680709954371e-04 2.810653528200089332e-04 2.811624618387512185e-04 2.814313028117910054e-04 2.820166964523569990e-04 2.824565009092400787e-04 2.828674803428832133e-04 2.834676396485070419e-04 2.836298093348548085e-04 2.833493278023407869e-04 2.826948119240286074e-04 2.814940792765027603e-04 2.812154598283011652e-04 2.815751318384187088e-04 2.823055953456579735e-04 2.830467332881118317e-04
2.815919899417894932e-04 2.813829072540290619e-04 2.816901903370900239e-04 2.815680096821999187e-04 2.814358945091642952e-04 2.813955075988826163e-04 2.813937020887468483e-04 2.814309850524515481e-04 2.812122467254117792e-04 2.812298966825078407e-04 2.811169626241883518e-04 2.810769326136795376e-04 2.811767961307189731e-04 2.814473633038799718e-04 2.820343907558823127e-04 2.824760910970536580e-04 2.828861074313245667e-04 2.834858340878099289e-04 2.836472973692386523e-04 2.833616361719986385e-04 2.826971080329405517e-04 2.814896828364359962e-04 2.812067582260815209e-04 2.815547982154642070e-04 2.822894572043755084e-04 2.830394770742915961e-04
2.816226731798948386e-04 2.814131440936219059e-04 2.817204198428811704e-04 2.815985428114193309e-04 2.814689776857110318e-04 2.814284046045285544e-04 2.814309850524515481e-04 2.814839144212129187e-04 2.812693247838928749e-04 2.812902248087990843e-04 2.811806876952060259e-04 2.811439128654831575e-04 2.812472917671340390e-04 2.815209510754268030e-04 2.821106884018885204e-04 2.825519053869500084e-04 2.829599718079117568e-04 2.835588344394017425e-04 2.837185781339641739e-04 2.834285505556182502e-04 2.827551764442828353e-04 2.815318740252885170e-04 2.812393307573734440e-04 2.815835831546106643e-04 2.823308954700611277e-04 2.830821845524602123e-04
2.813940026700704599e-04 2.811824986418904118e-04 2.814938025738835010e-04 2.813717987233361009e-04 2.812435960477549122e-04 2.812064227664503647e-04 2.812122467254117792e-04 2.812693247838928749e-04 2.810709869845137753e-04 2.810983202396973610e-04 2.809952256449001467e-04 2.809657037734498812e-04 2.810772413147320510e-04 2.813573463529439752e-04 2.819509264151493421e-04 2.823958166853466375e-04 2.828053360744676396e-04 2.834022017327046867e-04 2.835577798528819606e-04 2.832562131784557499e-04 2.825596312803948639e-04 2.813083582523222552e-04 2.810064073056678033e-04 2.813482809937712238e-04 2.821043194067576428e-04 2.828506981069997973e-04
2.814055546040058749e-04 2.811949196020093063e-04 2.815076533260746231e-04 2.813849893941808159e-04 2.812568292766815773e-04 2.812217502880625915e-04 2.812298966825078407e-04 2.812902248087990843e-04 2.810983202396973610e-04 2.811418037336163881e-04 2.810471517107786320e-04 2.810251037286515502e-04 2.811453653613799910e-04 2.814313026547065905e-04 2.820284297047564006e-04 2.824750948861979335e-04 2.828842206694612304e-04 2.834809239274106696e-04 2.836360812285114723e-04 2.833305979238396580e-04 2.826143032390407450e-04 2.813360007841790144e-04 2.810192949830223573e-04 2.813545176357418773e-04 2.821133510342738204e-04 2.828632058917634421e-04
2.812865315673874957e-04 2.810742689643130877e-04 2.813929808353413781e-04 2.812670968608871791e-04 2.811400972303401886e-04 2.811063680709954371e-04 2.811169626241883518e-04 2.811806876952060259e-04 2.809952256449001467e-04 2.810471517107786320e-04 2.809722446830947417e-04 2.809620561166463210e-04 2.810941935633229382e-04 2.813886123406697981e-04 2.819929009648385488e-04 2.824431082765877345e-04 2.828531757258848089e-04 2.834481263966178366e-04 2.835977372449843695e-04 2.832801449228192540e-04 2.825373450124876772e-04 2.812294163601354157e-04 2.809075964745726410e-04 2.812397181315716465e-04 2.819985928302655561e-04 2.827450634137943343e-04
2.812377441503644752e-04 2.810263497571048185e-04 2.813491725901580594e-04 2.812215299718701642e-04 2.810967863444268494e-04 2.810653528200089332e-04 2.810769326136795376e-04 2.811439128654831575e-04 2.809657037734498812e-04 2.810251037286515502e-04 2.809620561166463210e-04 2.809749839557491510e-04 2.811230986856996252e-04 2.814299127164656984e-04 2.820427936015190620e-04 2.824984284421895543e-04 2.829126542168513918e-04 2.835083129859309247e-04 2.836546993958756241e-04 2.833282987400934897e-04 2.825549853071474145e-04 2.812015049119323258e-04 2.808532517461828897e-04 2.811683061102461349e-04 2.819398375939835230e-04 2.826909564391690130e-04
2.813274611547854180e-04 2.811143412097731695e-04 2.814429975568769125e-04 2.813125835433507183e-04 2.811914719461520518e-04 2.811624618387512185e-04 2.811767961307189731e-04 2.812472917671340390e-04 2.810772413147320510e-04 2.811453653613799910e-04 2.810941935633229382e-04 2.811230986856996252e-04 2.813004313263365252e-04 2.816300795337785962e-04 2.822583713788703852e-04 2.827243317814175918e-04 2.831452241291269878e-04 2.837418637131048412e-04 2.838851031944698389e-04 2.835490319435692280e-04 2.827395269867944306e-04 2.813274360767351046e-04 2.809518003564480415e-04 2.812598154899968316e-04 2.820594515075618928e-04 2.828171344868683507e-04
2.815920735121610905e-04 2.813805245754000110e-04 2.817123704419420300e-04 2.815796501569843026e-04 2.814598183232118900e-04 2.814313028117910054e-04 2.814473633038799718e-04 2.815209510754268030e-04 2.813573463529439752e-04 2.814313026547065905e-04 2.813886123406697981e-04 2.814299127164656984e-04 2.816300795337785962e-04 2.820011952971364128e-04 2.826632113493674240e-04 2.831548023436361171e-04 2.835916925785086245e-04 2.841980415432300566e-04 2.843402171274401645e-04 2.839924534664141592e-04 2.831438345281933719e-04 2.816585767558960323e-04 2.812436160866392011e-04 2.815359730467557669e-04 2.823648198847016435e-04 2.831257802170354123e-04
2.821749254594391708e-04 2.819694491752340322e-04 2.822995468941649527e-04 2.821677361949504305e-04 2.820459056584347763e-04 2.820166964523569990e-04 2.820343907558823127e-04 2.821106884018885204e-04 2.819509264151493421e-04 2.820284297047564006e-04 2.819929009648385488e-04 2.820427936015190620e-04 2.822583713788703852e-04 2.826632113493674240e-04 2.833825963851192863e-04 2.839225133728042654e-04 2.843922012415108793e-04 2.850146959573421498e-04 2.851571691743779780e-04 2.847923175266370570e-04 2.839021280894476790e-04 2.823325830208159174e-04 2.818655416820548551e-04 2.821438889710194088e-04 2.830212585073494237e-04 2.837982955805356156e-04
2.826135429218381559e-04 2.824124522159399391e-04 2.827389947983319695e-04 2.826083724940345885e-04 2.824860841090740134e-04 2.824565009092400787e-04 2.824760910970536580e-04 2.825519053869500084e-04 2.823958166853466375e-04 2.824750948861979335e-04 2.824431082765877345e-04 2.824984284421895543e-04 2.827243317814175918e-04 2.831548023436361171e-04 2.839225133728042654e-04 2.845376385939292182e-04 2.850699168617770837e-04 2.857267774738423945e-04 2.858772710659419100e-04 2.855009359874914523e-04 2.845569175812219867e-04 2.828744159590541635e-04 2.823363914188338703e-04 2.826117639713502066e-04 2.835341158463352911e-04 2.843166674668507312e-04
2.830213472547588559e-04 2.828285279622227651e-04 2.831485595085053296e-04 2.830207483704107641e-04 2.828988606275461854e-04 2.828674803428832133e-04 2.828861074313245667e-04 2.829599718079117568e-04 2.828053360744676396e-04 2.828842206694612304e-04 2.828531757258848089e-04 2.829126542168513918e-04 2.831452241291269878e-04 2.835916925785086245e-04 2.843922012415108793e-04 2.850699168617770837e-04 2.857072968017321246e-04 2.864402259654281742e-04 2.866313919953147622e-04 2.862640439033327876e-04 2.852877587763992507e-04 2.834879840190700218e-04 2.828468527474806561e-04 2.831101596313286006e-04 2.840520454020371887e-04 2.848150098225000755e-04
2.836223993514492918e-04 2.834357540557328522e-04 2.837493876459961642e-04 2.836236154426397676e-04 2.835030016819547593e-04 2.834676396485070419e-04 2.834858340878099289e-04 2.835588344394017425e-04 2.834022017327046867e-04 2.834809239274106696e-04 2.834481263966178366e-04 2.835083129859309247e-04 2.837418637131048412e-04 2.841980415432300566e-04 2.850146959573421498e-04 2.857267774738423945e-04 2.864402259654281742e-04 2.872992625667407851e-04 2.875907113945660337e-04 2.872698340320386807e-04 2.862913417454136388e-04 2.843972006998996059e-04 2.836124855225350262e-04 2.838365410884060528e-04 2.847876695484795892e-04 2.855238945737971837e-04
2.837881103456497056e-04 2.836034893537149409e-04 2.839153298954198820e-04 2.837864860646217759e-04 2.836642590071488312e-04 2.836298093348548085e-04 2.836472973692386523e-04 2.837185781339641739e-04 2.835577798528819606e-04 2.836360812285114723e-04 2.835977372449843695e-04 2.836546993958756241e-04 2.838851031944698389e-04 2.843402171274401645e-04 2.851571691743779780e-04 2.858772710659419100e-04 2.866313919953147622e-04 2.875907113945660337e-04 2.880556310903108750e-04 2.878673637136685312e-04 2.869361704564594995e-04 2.849835427198180258e-04 2.839961577810095673e-04 2.840993895505749623e-04 2.850322587982318727e-04 2.857938201603024719e-04
2.835182983048875377e-04 2.833232970162069693e-04 2.836370747446143557e-04 2.835093399329065159e-04 2.833844426491696745e-04 2.833493278023407869e-04 2.833616361719986385e-04 2.834285505556182502e-04 2.832562131784557499e-04 2.833305979238396580e-04 2.832801449228192540e-04 2.833282987400934897e-04 2.835490319435692280e-04 2.839924534664141592e-04 2.847923175266370570e-04 2.855009359874914523e-04 2.862640439033327876e-04 2.872698340320386807e-04 2.878673637136685312e-04 2.879199405223607637e-04 2.871590546090037810e-04 2.852440976393007602e-04 2.840482909091270980e-04 2.839390055972416168e-04 2.848391004385268546e-04 2.856097669366598323e-04
2.828878896123654938e-04 2.826882168049797998e-04 2.830042964066130698e-04 2.828735660871711170e-04 2.827374129974312574e-04 2.826948119240286074e-04 2.826971080329405517e-04 2.827551764442828353e-04 2.825596312803948639e-04 2.826143032390407450e-04 2.825373450124876772e-04 2.825549853071474145e-04 2.827395269867944306e-04 2.831438345281933719e-04 2.839021280894476790e-04 2.845569175812219867e-04 2.852877587763992507e-04 2.862913417454136388e-04 2.869361704564594995e-04 2.871590546090037810e-04 2.867564302092938519e-04 2.851265468050500989e-04 2.838815510630847460e-04 2.835221368359078665e-04 2.843033786998647801e-04 2.850630618821807538e-04
2.817107567326287737e-04 2.815140149298927868e-04 2.818225245911385813e-04 2.816980273521195238e-04 2.815448614606124258e-04 2.814940792765027603e-04 2.814896828364359962e-04 2.815318740252885170e-04 2.813083582523222552e-04 2.813360007841790144e-04 2.812294163601354157e-04 2.812015049119323258e-04 2.813274360767351046e-04 2.816585767558960323e-04 2.823325830208159174e-04 2.828744159590541635e-04 2.834879840190700218e-04 2.843972006998996059e-04 2.849835427198180258e-04 2.852440976393007602e-04 2.851265468050500989e-04 2.841591072674976470e-04 2.833355229919362812e-04 2.828868018683162013e-04 2.832777709175716063e-04 2.839904559914833656e-04
2.814333214190608960e-04 2.812306253862008765e-04 2.815474741237113674e-04 2.814263752360832388e-04 2.812677592345715094e-04 2.812154598283011652e-04 2.812067582260815209e-04 2.812393307573734440e-04 2.810064073056678033e-04 2.810192949830223573e-04 2.809075964745726410e-04 2.808532517461828897e-04 2.809518003564480415e-04 2.812436160866392011e-04 2.818655416820548551e-04 2.823363914188338703e-04 2.828468527474806561e-04 2.836124855225350262e-04 2.839961577810095673e-04 2.840482909091270980e-04 2.838815510630847460e-04 2.833355229919362812e-04 2.834075788801974720e-04 2.834244757959217069e-04 2.833458492997157382e-04 2.838421593397235146e-04
2.817769802913903466e-04 2.815714030179518475e-04 2.818875489152698798e-04 2.817666386845617526e-04 2.816216893396770483e-04 2.815751318384187088e-04 2.815547982154642070e-04 2.815835831546106643e-04 2.813482809937712238e-04 2.813545176357418773e-04 2.812397181315716465e-04 2.811683061102461349e-04 2.812598154899968316e-04 2.815359730467557669e-04 2.821438889710194088e-04 2.826117639713502066e-04 2.831101596313286006e-04 2.838365410884060528e-04 2.840993895505749623e-04 2.839390055972416168e-04 2.835221368359078665e-04 2.828868018683162013e-04 2.834244757959217069e-04 2.844936361276157268e-04 2.845010546336416784e-04 2.845442515371154283e-04
2.824834333253852165e-04 2.822879956566054374e-04 2.826000265861439154e-04 2.824728619884246238e-04 2.823422591436735218e-04 2.823055953456579735e-04 2.822894572043755084e-04 2.823308954700611277e-04 2.821043194067576428e-04 2.821133510342738204e-04 2.819985928302655561e-04 2.819398375939835230e-04 2.820594515075618928e-04 2.823648198847016435e-04 2.830212585073494237e-04 2.835341158463352911e-04 2.840520454020371887e-04 2.847876695484795892e-04 2.850322587982318727e-04 2.848391004385268546e-04 2.843033786998647801e-04 2.832777709175716063e-04 2.833458492997157382e-04 2.845010546336416784e-04 2.857679210053064474e-04 2.858860260709680909e-04
2.832106940799945902e-04 2.830357232846815538e-04 2.833199604243655007e-04 2.832101147009740273e-04 2.830727769858083103e-04 2.830467332881118317e-04 2.830394770742915961e-04 2.830821845524602123e-04 2.828506981069997973e-04 2.828632058917634421e-04 2.827450634137943343e-04 2.826909564391690130e-04 2.828171344868683507e-04 2.831257802170354123e-04 2.837982955805356156e-04 2.843166674668507312e-04 2.848150098225000755e-04 2.855238945737971837e-04 2.857938201603024719e-04 2.856097669366598323e-04 2.850630618821807538e-04 2.839904559914833656e-04 2.838421593397235146e-04 2.845442515371154283e-04 2.858860260709680909e-04 2.870969400182783629e-04
