2.608609549880207029e-04 2.606472858246793815e-04 2.606362963228693618e-04 2.608766169477889723e-04 2.608521854974244435e-04 2.607522359315274612e-04 2.606978189682429407e-04 2.606752201395645977e-04 2.606793377108078207e-04 2.605915879041409097e-04 2.606277017672524194e-04 2.606053967782887893e-04 2.607322306520342119e-04 2.607299383124093419e-04 2.606201238042029820e-04 2.605216477350720083e-04 2.602942131161284757e-04 2.603970304612286397e-04 2.606660273600645730e-04 2.611262719882799684e-04 2.618666938610536045e-04 2.628410042143015284e-04 2.634794145686384270e-04 2.628173156771438095e-04 2.624214341304213771e-04 2.628685671230973761e-04
2.606472858246793815e-04 2.605216492244168429e-04 2.604871814392907309e-04 2.607278184831025142e-04 2.607034431972547620e-04 2.605970588929444479e-04 2.605377932438649380e-04 2.605127450744361374e-04 2.605149050655269655e-04 2.604216969848528003e-04 2.604537941485605599e-04 2.604289406561144100e-04 2.605537324940705637e-04 2.605513650334821533e-04 2.604418099087223723e-04 2.603434177976018103e-04 2.601182277172664763e-04 2.602279460845769192e-04 2.605094639336931884e-04 2.609792020665586856e-04 2.617194602852539144e-04 2.626814915814474922e-04 2.632985323208269840e-04 2.626216776976582909e-04 2.621927786728435569e-04 2.626258386570796011e-04
2.606362963228693618e-04 2.604871814392907309e-04 2.605146136716075009e-04 2.607418641502128563e-04 2.607137608660806800e-04 2.606092478398619396e-04 2.605533541132485005e-04 2.605291399447328977e-04 2.605311336747794600e-04 2.604391943816169812e-04 2.604738540516467302e-04 2.604491532358630713e-04 2.605745150721633764e-04 2.605739424977232587e-04 2.604673043943582554e-04 2.603733605190784533e-04 2.601498242561245552e-04 2.602546464472978919e-04 2.605307653350524681e-04 2.609977973521415153e-04 2.617370226676228291e-04 2.626926493401962755e-04 2.633058432047193456e-04 2.626157652305247310e-04 2.622055501965065739e-04 2.626448775285272481e-04
2.608766169477889723e-04 2.607278184831025142e-04 2.607418641502128563e-04 2.610055862758699457e-04 2.609722770423096062e-04 2.608684402316086915e-04 2.608127903490301686e-04 2.607883272426776960e-04 2.607922397958970938e-04 2.607001195085198821e-04 2.607352748630572311e-04 2.607123941555320725e-04 2.608377920488471192e-04 2.608342598094774700e-04 2.607231502139572979e-04 2.606257330566878944e-04 2.604019793246528419e-04 2.605031210535771382e-04 2.607790115170571560e-04 2.612438665936272402e-04 2.619813190008349682e-04 2.629581150687600069e-04 2.636017075355468874e-04 2.629088534287749804e-04 2.624672909641539813e-04 2.629090710060611922e-04
2.608521854974244435e-04 2.607034431972547620e-04 2.607137608660806800e-04 2.609722770423096062e-04 2.609704339829666052e-04 2.608594413983491905e-04 2.608039141619337498e-04 2.607832860270277464e-04 2.607903268864711268e-04 2.606980378177864086e-04 2.607335345730153828e-04 2.607109509537196756e-04 2.608370747199004972e-04 2.608332784276023997e-04 2.607213225855665485e-04 2.606231475631067820e-04 2.604012104060655659e-04 2.605066127230868159e-04 2.607822358468360772e-04 2.612528569349481977e-04 2.619992059435894490e-04 2.629669295100958487e-04 2.635865775258151552e-04 2.628867877028893962e-04 2.624677961588203008e-04 2.629078328600258953e-04
2.607522359315274612e-04 2.605970588929444479e-04 2.606092478398619396e-04 2.608684402316086915e-04 2.608594413983491905e-04 2.607739635755214076e-04 2.607180830499873582e-04 2.606997313778332205e-04 2.607087381354024759e-04 2.606184230978159555e-04 2.606542901089335413e-04 2.606332636494346645e-04 2.607603463909323937e-04 2.607577147749960515e-04 2.606485117195771824e-04 2.605522173819799789e-04 2.603264618960842206e-04 2.604315378421955180e-04 2.607077082763366652e-04 2.611752325954448499e-04 2.619167391750657783e-04 2.628810110919689428e-04 2.635054953931506875e-04 2.628175222373552904e-04 2.624030723860859777e-04 2.628596837801255100e-04
2.606978189682429407e-04 2.605377932438649380e-04 2.605533541132485005e-04 2.608127903490301686e-04 2.608039141619337498e-04 2.607180830499873582e-04 2.606874391782558345e-04 2.606722919689343138e-04 2.606839104036380540e-04 2.605992531889662423e-04 2.606386183731123122e-04 2.606181506966781763e-04 2.607475436848954737e-04 2.607492889156577350e-04 2.606434463022730430e-04 2.605506106303388456e-04 2.603300864027190955e-04 2.604372122399108949e-04 2.607102832528033630e-04 2.611661995732697072e-04 2.618835539522147465e-04 2.628230096346760060e-04 2.634437320549736926e-04 2.627670026485723473e-04 2.623470605189108604e-04 2.628017087691968232e-04
2.606752201395645977e-04 2.605127450744361374e-04 2.605291399447328977e-04 2.607883272426776960e-04 2.607832860270277464e-04 2.606997313778332205e-04 2.606722919689343138e-04 2.606742790072241896e-04 2.606889049048017205e-04 2.606081715359178036e-04 2.606511515077411219e-04 2.606327595506710104e-04 2.607649337773120641e-04 2.607671028765806459e-04 2.606619243699238430e-04 2.605671745409861165e-04 2.603435400606300167e-04 2.604474295065833706e-04 2.607144551947941820e-04 2.611594179974282399e-04 2.618570717091871962e-04 2.627838402630955339e-04 2.634065921145406042e-04 2.627462022344142817e-04 2.623301545594886519e-04 2.627840303621685730e-04
2.606793377108078207e-04 2.605149050655269655e-04 2.605311336747794600e-04 2.607922397958970938e-04 2.607903268864711268e-04 2.607087381354024759e-04 2.606839104036380540e-04 2.606889049048017205e-04 2.607226476366973243e-04 2.606472469415797334e-04 2.606945552801163838e-04 2.606801018621699080e-04 2.608164551268935070e-04 2.608210117494542219e-04 2.607180320860769118e-04 2.606254245302245653e-04 2.604008938294871916e-04 2.605045740078502556e-04 2.607663435179286785e-04 2.611969819117967149e-04 2.618692437242180768e-04 2.627737091328985063e-04 2.633834981535409419e-04 2.627295124843799230e-04 2.623384220194842809e-04 2.628060782595648755e-04
2.605915879041409097e-04 2.604216969848528003e-04 2.604391943816169812e-04 2.607001195085198821e-04 2.606980378177864086e-04 2.606184230978159555e-04 2.605992531889662423e-04 2.606081715359178036e-04 2.606472469415797334e-04 2.605914294676502574e-04 2.606480922938695299e-04 2.606424191813856771e-04 2.607890524126700018e-04 2.608025488829752861e-04 2.607049947999821394e-04 2.606136141624942784e-04 2.603875994543089988e-04 2.604893837665982854e-04 2.607412188238971426e-04 2.611521146127722989e-04 2.617854712769429278e-04 2.626517926567320028e-04 2.632498198199780849e-04 2.625946698069099149e-04 2.622183890995109551e-04 2.627076507916912521e-04
2.606277017672524194e-04 2.604537941485605599e-04 2.604738540516467302e-04 2.607352748630572311e-04 2.607335345730153828e-04 2.606542901089335413e-04 2.606386183731123122e-04 2.606511515077411219e-04 2.606945552801163838e-04 2.606480922938695299e-04 2.607292361870935547e-04 2.607368483494008383e-04 2.608964929445577218e-04 2.609206687369555028e-04 2.608309091287732209e-04 2.607452307019400258e-04 2.605241896518540505e-04 2.606276864323878021e-04 2.608770573771205950e-04 2.612790091342048976e-04 2.618806611728789584e-04 2.627049758074920444e-04 2.632764237118068022e-04 2.626084929443818776e-04 2.622473157380259597e-04 2.627702306636418394e-04
2.606053967782887893e-04 2.604289406561144100e-04 2.604491532358630713e-04 2.607123941555320725e-04 2.607109509537196756e-04 2.606332636494346645e-04 2.606181506966781763e-04 2.606327595506710104e-04 2.606801018621699080e-04 2.606424191813856771e-04 2.607368483494008383e-04 2.607701210917351756e-04 2.609488787664067519e-04 2.609875568406648462e-04 2.609110888744054033e-04 2.608356527989197978e-04 2.606206414182763299e-04 2.607291881107174497e-04 2.609786291794740721e-04 2.613716738151556783e-04 2.619382493223042013e-04 2.627085046976708688e-04 2.632556116203454066e-04 2.625751814945851206e-04 2.622239099215039888e-04 2.627697335860867782e-04
2.607322306520342119e-04 2.605537324940705637e-04 2.605745150721633764e-04 2.608377920488471192e-04 2.608370747199004972e-04 2.607603463909323937e-04 2.607475436848954737e-04 2.607649337773120641e-04 2.608164551268935070e-04 2.607890524126700018e-04 2.608964929445577218e-04 2.609488787664067519e-04 2.611654747184496061e-04 2.612337704134214643e-04 2.611806833328665449e-04 2.611224214472747818e-04 2.609221634369615758e-04 2.610435236277048633e-04 2.612935462270535585e-04 2.616732268388041694e-04 2.621910316820845791e-04 2.628842165801853308e-04 2.633831015053321976e-04 2.626852934703709664e-04 2.623752979606643011e-04 2.629608956703892724e-04
2.607299383124093419e-04 2.605513650334821533e-04 2.605739424977232587e-04 2.608342598094774700e-04 2.608332784276023997e-04 2.607577147749960515e-04 2.607492889156577350e-04 2.607671028765806459e-04 2.608210117494542219e-04 2.608025488829752861e-04 2.609206687369555028e-04 2.609875568406648462e-04 2.612337704134214643e-04 2.613462648310606470e-04 2.613276326554426284e-04 2.612932469895837403e-04 2.611077794801361504e-04 2.612398920750369112e-04 2.614903783725495653e-04 2.618535225759428473e-04 2.623192115790542512e-04 2.629298902671900083e-04 2.633725155674537994e-04 2.626590959040496151e-04 2.623889526187607392e-04 2.630034694214515145e-04
2.606201238042029820e-04 2.604418099087223723e-04 2.604673043943582554e-04 2.607231502139572979e-04 2.607213225855665485e-04 2.606485117195771824e-04 2.606434463022730430e-04 2.606619243699238430e-04 2.607180320860769118e-04 2.607049947999821394e-04 2.608309091287732209e-04 2.609110888744054033e-04 2.611806833328665449e-04 2.613276326554426284e-04 2.613595499175381176e-04 2.613670741427977836e-04 2.612107918969387580e-04 2.613608012480685226e-04 2.616163561693743184e-04 2.619568620434336898e-04 2.623645272857323403e-04 2.628805909907560657e-04 2.632668897887988036e-04 2.625545222818743995e-04 2.623158400498369278e-04 2.629544814716267584e-04
2.605216477350720083e-04 2.603434177976018103e-04 2.603733605190784533e-04 2.606257330566878944e-04 2.606231475631067820e-04 2.605522173819799789e-04 2.605506106303388456e-04 2.605671745409861165e-04 2.606254245302245653e-04 2.606136141624942784e-04 2.607452307019400258e-04 2.608356527989197978e-04 2.611224214472747818e-04 2.612932469895837403e-04 2.613670741427977836e-04 2.614445279710463305e-04 2.613457737701542450e-04 2.615323787638370017e-04 2.618100926905163025e-04 2.621484409840531184e-04 2.624953888259434071e-04 2.628826140207301838e-04 2.631679194706237402e-04 2.624531303364118591e-04 2.622580367965705330e-04 2.629108524126645306e-04
2.602942131161284757e-04 2.601182277172664763e-04 2.601498242561245552e-04 2.604019793246528419e-04 2.604012104060655659e-04 2.603264618960842206e-04 2.603300864027190955e-04 2.603435400606300167e-04 2.604008938294871916e-04 2.603875994543089988e-04 2.605241896518540505e-04 2.606206414182763299e-04 2.609221634369615758e-04 2.611077794801361504e-04 2.612107918969387580e-04 2.613457737701542450e-04 2.613402756248553926e-04 2.616023436675672166e-04 2.619293791910936643e-04 2.622822245537956634e-04 2.625803088944549330e-04 2.628290107092926247e-04 2.629894328343733087e-04 2.622637431332569091e-04 2.620885761811065176e-04 2.627289663105877491e-04
2.603970304612286397e-04 2.602279460845769192e-04 2.602546464472978919e-04 2.605031210535771382e-04 2.605066127230868159e-04 2.604315378421955180e-04 2.604372122399108949e-04 2.604474295065833706e-04 2.605045740078502556e-04 2.604893837665982854e-04 2.606276864323878021e-04 2.607291881107174497e-04 2.610435236277048633e-04 2.612398920750369112e-04 2.613608012480685226e-04 2.615323787638370017e-04 2.616023436675672166e-04 2.619955923490463879e-04 2.624331795044971085e-04 2.628402852369718704e-04 2.631118237828870745e-04 2.632060409761690593e-04 2.631574809625539376e-04 2.623922136700532399e-04 2.622828669576720141e-04 2.629392717991437499e-04
2.606660273600645730e-04 2.605094639336931884e-04 2.605307653350524681e-04 2.607790115170571560e-04 2.607822358468360772e-04 2.607077082763366652e-04 2.607102832528033630e-04 2.607144551947941820e-04 2.607663435179286785e-04 2.607412188238971426e-04 2.608770573771205950e-04 2.609786291794740721e-04 2.612935462270535585e-04 2.614903783725495653e-04 2.616163561693743184e-04 2.618100926905163025e-04 2.619293791910936643e-04 2.624331795044971085e-04 2.630568631522878275e-04 2.636041053961497263e-04 2.639025287555822824e-04 2.638769412328218454e-04 2.635814310498518277e-04 2.627126277821388968e-04 2.626440851180006212e-04 2.633144349705490066e-04
2.611262719882799684e-04 2.609792020665586856e-04 2.609977973521415153e-04 2.612438665936272402e-04 2.612528569349481977e-04 2.611752325954448499e-04 2.611661995732697072e-04 2.611594179974282399e-04 2.611969819117967149e-04 2.611521146127722989e-04 2.612790091342048976e-04 2.613716738151556783e-04 2.616732268388041694e-04 2.618535225759428473e-04 2.619568620434336898e-04 2.621484409840531184e-04 2.622822245537956634e-04 2.628402852369718704e-04 2.636041053961497263e-04 2.644221066137610564e-04 2.649227285511360956e-04 2.649200489906910930e-04 2.643915196580409873e-04 2.632778854793817874e-04 2.632049863273348660e-04 2.638822873269100456e-04
2.618666938610536045e-04 2.617194602852539144e-04 2.617370226676228291e-04 2.619813190008349682e-04 2.619992059435894490e-04 2.619167391750657783e-04 2.618835539522147465e-04 2.618570717091871962e-04 2.618692437242180768e-04 2.617854712769429278e-04 2.618806611728789584e-04 2.619382493223042013e-04 2.621910316820845791e-04 2.623192115790542512e-04 2.623645272857323403e-04 2.624953888259434071e-04 2.625803088944549330e-04 2.631118237828870745e-04 2.639025287555822824e-04 2.649227285511360956e-04 2.658883571038893052e-04 2.662891787405217980e-04 2.658057177155645316e-04 2.643304640102349780e-04 2.640422995979995434e-04 2.646415736018279579e-04
2.628410042143015284e-04 2.626814915814474922e-04 2.626926493401962755e-04 2.629581150687600069e-04 2.629669295100958487e-04 2.628810110919689428e-04 2.628230096346760060e-04 2.627838402630955339e-04 2.627737091328985063e-04 2.626517926567320028e-04 2.627049758074920444e-04 2.627085046976708688e-04 2.628842165801853308e-04 2.629298902671900083e-04 2.628805909907560657e-04 2.628826140207301838e-04 2.628290107092926247e-04 2.632060409761690593e-04 2.638769412328218454e-04 2.649200489906910930e-04 2.662891787405217980e-04 2.675052483133392046e-04 2.676092028301178057e-04 2.659130712997555420e-04 2.651262588126467924e-04 2.656289898772554257e-04
2.634794145686384270e-04 2.632985323208269840e-04 2.633058432047193456e-04 2.636017075355468874e-04 2.635865775258151552e-04 2.635054953931506875e-04 2.634437320549736926e-04 2.634065921145406042e-04 2.633834981535409419e-04 2.632498198199780849e-04 2.632764237118068022e-04 2.632556116203454066e-04 2.633831015053321976e-04 2.633725155674537994e-04 2.632668897887988036e-04 2.631679194706237402e-04 2.629894328343733087e-04 2.631574809625539376e-04 2.635814310498518277e-04 2.643915196580409873e-04 2.658057177155645316e-04 2.676092028301178057e-04 2.688413728742997111e-04 2.674891667305117618e-04 2.660112430413372978e-04 2.663131681549734623e-04
2.628173156771438095e-04 2.626216776976582909e-04 2.626157652305247310e-04 2.629088534287749804e-04 2.628867877028893962e-04 2.628175222373552904e-04 2.627670026485723473e-04 2.627462022344142817e-04 2.627295124843799230e-04 2.625946698069099149e-04 2.626084929443818776e-04 2.625751814945851206e-04 2.626852934703709664e-04 2.626590959040496151e-04 2.625545222818743995e-04 2.624531303364118591e-04 2.622637431332569091e-04 2.623922136700532399e-04 2.627126277821388968e-04 2.632778854793817874e-04 2.643304640102349780e-04 2.659130712997555420e-04 2.674891667305117618e-04 2.672617557073016150e-04 2.659094958592103999e-04 2.657502086441023022e-04
2.624214341304213771e-04 2.621927786728435569e-04 2.622055501965065739e-04 2.624672909641539813e-04 2.624677961588203008e-04 2.624030723860859777e-04 2.623470605189108604e-04 2.623301545594886519e-04 2.623384220194842809e-04 2.622183890995109551e-04 2.622473157380259597e-04 2.622239099215039888e-04 2.623752979606643011e-04 2.623889526187607392e-04 2.623158400498369278e-04 2.622580367965705330e-04 2.620885761811065176e-04 2.622828669576720141e-04 2.626440851180006212e-04 2.632049863273348660e-04 2.640422995979995434e-04 2.651262588126467924e-04 2.660112430413372978e-04 2.659094958592103999e-04 2.659978593120333355e-04 2.660207623245885501e-04
2.628685671230973761e-04 2.626258386570796011e-04 2.626448775285272481e-04 2.629090710060611922e-04 2.629078328600258953e-04 2.628596837801255100e-04 2.628017087691968232e-04 2.627840303621685730e-04 2.628060782595648755e-04 2.627076507916912521e-04 2.627702306636418394e-04 2.627697335860867782e-04 2.629608956703892724e-04 2.630034694214515145e-04 2.629544814716267584e-04 2.629108524126645306e-04 2.627289663105877491e-04 2.629392717991437499e-04 2.633144349705490066e-04 2.638822873269100456e-04 2.646415736018279579e-04 2.656289898772554257e-04 2.663131681549734623e-04 2.657502086441023022e-04 2.660207623245885501e-04 2.673277484873294997e-04
