1.189719581740997386e-04 1.189008241982062965e-04 1.184449133235287646e-04 1.181995499513002361e-04 1.180484125939499642e-04 1.179660032994347290e-04 1.177213565585228262e-04 1.174601543337090920e-04 1.173661305969852397e-04 1.172641858848255653e-04 1.171474109525073566e-04 1.173580412670944341e-04 1.173102560855090402e-04 1.171866929608330829e-04 1.172160430746730167e-04 1.172488564346683954e-04 1.174813088652937424e-04 1.177573976372185802e-04 1.178730500875646852e-04 1.180247295456593102e-04 1.177814427504099187e-04 1.175657148021477463e-04 1.173700178465198309e-04 1.170737467607832239e-04 1.161251643718849626e-04 1.159896369080632670e-04
1.189008241982062965e-04 1.189240931076057607e-04 1.184346116932008097e-04 1.181879271498065666e-04 1.180325317093933494e-04 1.179457065189774470e-04 1.177010948525975274e-04 1.174385013513908185e-04 1.173452474086464760e-04 1.172459656862462525e-04 1.171310347829357282e-04 1.173415030441859238e-04 1.172883812028500808e-04 1.171586618268408814e-04 1.171878432361532133e-04 1.172241930193758201e-04 1.174540918532951563e-04 1.177251479594458583e-04 1.178355097978645667e-04 1.179912896671333133e-04 1.177539737114724228e-04 1.175326722742159498e-04 1.173478726248008958e-04 1.170587719235764539e-04 1.160984686030665594e-04 1.159450856101529613e-04
1.184449133235287646e-04 1.184346116932008097e-04 1.180208421654737087e-04 1.177536607329978513e-04 1.175981220783348081e-04 1.175139808722069006e-04 1.172696769181341675e-04 1.170098151065057874e-04 1.169167704699861137e-04 1.168189654052467438e-04 1.167059540044246811e-04 1.169174041985368155e-04 1.168697852175150685e-04 1.167474789305933571e-04 1.167808751421431097e-04 1.168146037817948622e-04 1.170386378806842405e-04 1.173042383993559479e-04 1.174109736816887726e-04 1.175567806862796034e-04 1.173195178433013134e-04 1.171118722719407911e-04 1.169373592202027325e-04 1.166434995429377916e-04 1.156615012284312129e-04 1.155066269468282489e-04
1.181995499513002361e-04 1.181879271498065666e-04 1.177536607329978513e-04 1.175327635743527528e-04 1.173705147300049123e-04 1.172876611180047730e-04 1.170461596667603401e-04 1.167883685650307295e-04 1.166976435763651172e-04 1.166015639811703220e-04 1.164898661763477444e-04 1.167010559357170292e-04 1.166527988225930822e-04 1.165318512704453693e-04 1.165624479349012068e-04 1.165948002778281794e-04 1.168179266504327677e-04 1.170831402215008639e-04 1.171864468255308931e-04 1.173317276891155134e-04 1.170878574097254388e-04 1.168651216829857497e-04 1.166835302970570471e-04 1.164025146735342067e-04 1.154477418598728839e-04 1.152858863715989802e-04
1.180484125939499642e-04 1.180325317093933494e-04 1.175981220783348081e-04 1.173705147300049123e-04 1.172380091098411143e-04 1.171506486819393690e-04 1.169097942707185200e-04 1.166520777567843357e-04 1.165618507308334873e-04 1.164676436702289145e-04 1.163548121995442374e-04 1.165671150396110944e-04 1.165204955535369829e-04 1.163980145447251308e-04 1.164246628335936985e-04 1.164539762712266796e-04 1.166774666894612809e-04 1.169442720752028727e-04 1.170488088400219455e-04 1.171947332819675661e-04 1.169554250644114381e-04 1.167383569974286817e-04 1.165588801204901640e-04 1.162773700936104462e-04 1.153146409917708251e-04 1.151459203910965039e-04
1.179660032994347290e-04 1.179457065189774470e-04 1.175139808722069006e-04 1.172876611180047730e-04 1.171506486819393690e-04 1.170872099257141670e-04 1.168452470183459061e-04 1.165884637549615863e-04 1.165018297099715196e-04 1.164090724839483712e-04 1.162985982667283027e-04 1.165134754122048840e-04 1.164690066654116570e-04 1.163468977288878914e-04 1.163740265811810437e-04 1.163996114029277245e-04 1.166203650430926012e-04 1.168818911476269585e-04 1.169853477843042772e-04 1.171305241923673810e-04 1.168878969702161137e-04 1.166654463616808749e-04 1.164838320199543058e-04 1.162029905769659496e-04 1.152485831410526900e-04 1.150803438733798335e-04
1.177213565585228262e-04 1.177010948525975274e-04 1.172696769181341675e-04 1.170461596667603401e-04 1.169097942707185200e-04 1.168452470183459061e-04 1.166244806046795753e-04 1.163699294769653483e-04 1.162865291234800748e-04 1.161962826781605932e-04 1.160866810170135062e-04 1.163056197693295585e-04 1.162666670427586085e-04 1.161470237439407712e-04 1.161716967830423526e-04 1.161960352061999584e-04 1.164158855183324915e-04 1.166788931806526046e-04 1.167805983937104133e-04 1.169198751640060802e-04 1.166671011412216994e-04 1.164302567054481666e-04 1.162473891102193467e-04 1.159654627551727008e-04 1.150159860902925598e-04 1.148564981436649211e-04
1.174601543337090920e-04 1.174385013513908185e-04 1.170098151065057874e-04 1.167883685650307295e-04 1.166520777567843357e-04 1.165884637549615863e-04 1.163699294769653483e-04 1.161327963965914066e-04 1.160530840331056235e-04 1.159648668222551857e-04 1.158581824889254070e-04 1.160803787377534801e-04 1.160448330404147279e-04 1.159293319920499748e-04 1.159543937453147764e-04 1.159760404694217749e-04 1.161919876517546505e-04 1.164521736914344202e-04 1.165512530153442065e-04 1.166885786928916120e-04 1.164306658101919411e-04 1.161880942694390765e-04 1.160042635214140094e-04 1.157139378198373668e-04 1.147721181628192830e-04 1.146210072553475399e-04
1.173661305969852397e-04 1.173452474086464760e-04 1.169167704699861137e-04 1.166976435763651172e-04 1.165618507308334873e-04 1.165018297099715196e-04 1.162865291234800748e-04 1.160530840331056235e-04 1.159909115604991004e-04 1.159099645956310356e-04 1.158096283158990808e-04 1.160390159575722368e-04 1.160098969266059780e-04 1.158987853580512771e-04 1.159270125687944514e-04 1.159504960057987567e-04 1.161660058818248111e-04 1.164266404786443767e-04 1.165262676555931664e-04 1.166560823856123592e-04 1.163792704295685276e-04 1.161094640200940051e-04 1.159163124349167574e-04 1.156198388428659833e-04 1.146816483211077182e-04 1.145346290887385652e-04
1.172641858848255653e-04 1.172459656862462525e-04 1.168189654052467438e-04 1.166015639811703220e-04 1.164676436702289145e-04 1.164090724839483712e-04 1.161962826781605932e-04 1.159648668222551857e-04 1.159099645956310356e-04 1.158493620079488674e-04 1.157581799595121887e-04 1.159952629541842684e-04 1.159736067774052941e-04 1.158689759505999263e-04 1.159022194817748390e-04 1.159263349013994195e-04 1.161425847567321991e-04 1.164019894464561497e-04 1.165040810513112463e-04 1.166299389401886856e-04 1.163360168115803723e-04 1.160342518694299966e-04 1.158313017908835528e-04 1.155204759344411006e-04 1.145656826334469868e-04 1.144253308536515262e-04
1.171474109525073566e-04 1.171310347829357282e-04 1.167059540044246811e-04 1.164898661763477444e-04 1.163548121995442374e-04 1.162985982667283027e-04 1.160866810170135062e-04 1.158581824889254070e-04 1.158096283158990808e-04 1.157581799595121887e-04 1.156864803370678265e-04 1.159341894726365735e-04 1.159206855717486508e-04 1.158237947753701152e-04 1.158641310821652103e-04 1.158918111332978094e-04 1.161085705847938841e-04 1.163701618997570544e-04 1.164721405719399311e-04 1.165904707470836956e-04 1.162737209009293682e-04 1.159376661059353817e-04 1.157288524322230350e-04 1.154134982717831419e-04 1.144583634952194462e-04 1.143225703359153844e-04
1.173580412670944341e-04 1.173415030441859238e-04 1.169174041985368155e-04 1.167010559357170292e-04 1.165671150396110944e-04 1.165134754122048840e-04 1.163056197693295585e-04 1.160803787377534801e-04 1.160390159575722368e-04 1.159952629541842684e-04 1.159341894726365735e-04 1.162069219203419525e-04 1.162098403220825191e-04 1.161254220730310974e-04 1.161791069482015428e-04 1.162143012927602134e-04 1.164327587679978812e-04 1.166923158425270184e-04 1.167898591536950829e-04 1.168948645548416673e-04 1.165430449699498546e-04 1.161611612575194510e-04 1.159525872659046244e-04 1.156410415657256195e-04 1.146795971603544541e-04 1.145381250979707669e-04
1.173102560855090402e-04 1.172883812028500808e-04 1.168697852175150685e-04 1.166527988225930822e-04 1.165204955535369829e-04 1.164690066654116570e-04 1.162666670427586085e-04 1.160448330404147279e-04 1.160098969266059780e-04 1.159736067774052941e-04 1.159206855717486508e-04 1.162098403220825191e-04 1.162416676834555489e-04 1.161758528669119454e-04 1.162425291142049405e-04 1.162872320574750084e-04 1.165084955474851298e-04 1.167699780229345909e-04 1.168667061027473328e-04 1.169627668111743678e-04 1.165821082451094662e-04 1.161595766109006929e-04 1.159445245426714239e-04 1.156360383670817035e-04 1.146705939535497531e-04 1.145144429061549431e-04
1.171866929608330829e-04 1.171586618268408814e-04 1.167474789305933571e-04 1.165318512704453693e-04 1.163980145447251308e-04 1.163468977288878914e-04 1.161470237439407712e-04 1.159293319920499748e-04 1.158987853580512771e-04 1.158689759505999263e-04 1.158237947753701152e-04 1.161254220730310974e-04 1.161758528669119454e-04 1.161477772540857301e-04 1.162446671632684313e-04 1.163112256127693978e-04 1.165449492063984870e-04 1.168152073608077633e-04 1.169139487747251498e-04 1.169997872150791297e-04 1.165812630276019646e-04 1.160866830283185149e-04 1.158451415718769967e-04 1.155423811578206507e-04 1.145697904666379940e-04 1.143974281564809684e-04
1.172160430746730167e-04 1.171878432361532133e-04 1.167808751421431097e-04 1.165624479349012068e-04 1.164246628335936985e-04 1.163740265811810437e-04 1.161716967830423526e-04 1.159543937453147764e-04 1.159270125687944514e-04 1.159022194817748390e-04 1.158641310821652103e-04 1.161791069482015428e-04 1.162425291142049405e-04 1.162446671632684313e-04 1.163911914200276736e-04 1.164965015874210160e-04 1.167547930966967966e-04 1.170348650633458714e-04 1.171369935702117255e-04 1.172189866132687186e-04 1.167579739813729643e-04 1.161731274011304851e-04 1.158903323632690715e-04 1.155892933066502830e-04 1.146098259901623487e-04 1.144215312407976165e-04
1.172488564346683954e-04 1.172241930193758201e-04 1.168146037817948622e-04 1.165948002778281794e-04 1.164539762712266796e-04 1.163996114029277245e-04 1.161960352061999584e-04 1.159760404694217749e-04 1.159504960057987567e-04 1.159263349013994195e-04 1.158918111332978094e-04 1.162143012927602134e-04 1.162872320574750084e-04 1.163112256127693978e-04 1.164965015874210160e-04 1.166646966377306354e-04 1.169709751741085510e-04 1.172797028267241195e-04 1.173972997686261555e-04 1.174815603641468713e-04 1.169758098552372986e-04 1.162886340437452770e-04 1.159388922393368032e-04 1.156448503569061393e-04 1.146679723410980374e-04 1.144708226676388927e-04
1.174813088652937424e-04 1.174540918532951563e-04 1.170386378806842405e-04 1.168179266504327677e-04 1.166774666894612809e-04 1.166203650430926012e-04 1.164158855183324915e-04 1.161919876517546505e-04 1.161660058818248111e-04 1.161425847567321991e-04 1.161085705847938841e-04 1.164327587679978812e-04 1.165084955474851298e-04 1.165449492063984870e-04 1.167547930966967966e-04 1.169709751741085510e-04 1.173602364053820743e-04 1.177364491039225745e-04 1.178950114083551857e-04 1.179930497765515804e-04 1.174461577765464529e-04 1.166483918738103911e-04 1.161826070429598920e-04 1.158790930273678250e-04 1.148971139207178785e-04 1.147107064233792432e-04
1.177573976372185802e-04 1.177251479594458583e-04 1.173042383993559479e-04 1.170831402215008639e-04 1.169442720752028727e-04 1.168818911476269585e-04 1.166788931806526046e-04 1.164521736914344202e-04 1.164266404786443767e-04 1.164019894464561497e-04 1.163701618997570544e-04 1.166923158425270184e-04 1.167699780229345909e-04 1.168152073608077633e-04 1.170348650633458714e-04 1.172797028267241195e-04 1.177364491039225745e-04 1.182236732248464990e-04 1.184689825420076934e-04 1.186043689591577324e-04 1.180332010561621972e-04 1.171307125410163007e-04 1.164878880264619331e-04 1.161505517485680351e-04 1.151960804985102010e-04 1.150354442581296452e-04
1.178730500875646852e-04 1.178355097978645667e-04 1.174109736816887726e-04 1.171864468255308931e-04 1.170488088400219455e-04 1.169853477843042772e-04 1.167805983937104133e-04 1.165512530153442065e-04 1.165262676555931664e-04 1.165040810513112463e-04 1.164721405719399311e-04 1.167898591536950829e-04 1.168667061027473328e-04 1.169139487747251498e-04 1.171369935702117255e-04 1.173972997686261555e-04 1.178950114083551857e-04 1.184689825420076934e-04 1.188538848410575975e-04 1.190882392685733472e-04 1.185416856597374177e-04 1.175660482256270700e-04 1.167233627008950752e-04 1.163051697999705711e-04 1.153825443696440353e-04 1.152193320605016227e-04
1.180247295456593102e-04 1.179912896671333133e-04 1.175567806862796034e-04 1.173317276891155134e-04 1.171947332819675661e-04 1.171305241923673810e-04 1.169198751640060802e-04 1.166885786928916120e-04 1.166560823856123592e-04 1.166299389401886856e-04 1.165904707470836956e-04 1.168948645548416673e-04 1.169627668111743678e-04 1.169997872150791297e-04 1.172189866132687186e-04 1.174815603641468713e-04 1.179930497765515804e-04 1.186043689591577324e-04 1.190882392685733472e-04 1.195271072523956948e-04 1.191431549301403934e-04 1.181957824389584755e-04 1.171605579440138220e-04 1.165321109304213987e-04 1.156132356793485337e-04 1.154541763645728036e-04
1.177814427504099187e-04 1.177539737114724228e-04 1.173195178433013134e-04 1.170878574097254388e-04 1.169554250644114381e-04 1.168878969702161137e-04 1.166671011412216994e-04 1.164306658101919411e-04 1.163792704295685276e-04 1.163360168115803723e-04 1.162737209009293682e-04 1.165430449699498546e-04 1.165821082451094662e-04 1.165812630276019646e-04 1.167579739813729643e-04 1.169758098552372986e-04 1.174461577765464529e-04 1.180332010561621972e-04 1.185416856597374177e-04 1.191431549301403934e-04 1.191041132911073338e-04 1.184519666577836934e-04 1.173999510922669331e-04 1.164447746180585379e-04 1.154699533896339923e-04 1.153396388609347230e-04
1.175657148021477463e-04 1.175326722742159498e-04 1.171118722719407911e-04 1.168651216829857497e-04 1.167383569974286817e-04 1.166654463616808749e-04 1.164302567054481666e-04 1.161880942694390765e-04 1.161094640200940051e-04 1.160342518694299966e-04 1.159376661059353817e-04 1.161611612575194510e-04 1.161595766109006929e-04 1.160866830283185149e-04 1.161731274011304851e-04 1.162886340437452770e-04 1.166483918738103911e-04 1.171307125410163007e-04 1.175660482256270700e-04 1.181957824389584755e-04 1.184519666577836934e-04 1.184482993501415326e-04 1.177695519517259730e-04 1.166013846664763830e-04 1.154096446839371538e-04 1.153242670727651033e-04
1.173700178465198309e-04 1.173478726248008958e-04 1.169373592202027325e-04 1.166835302970570471e-04 1.165588801204901640e-04 1.164838320199543058e-04 1.162473891102193467e-04 1.160042635214140094e-04 1.159163124349167574e-04 1.158313017908835528e-04 1.157288524322230350e-04 1.159525872659046244e-04 1.159445245426714239e-04 1.158451415718769967e-04 1.158903323632690715e-04 1.159388922393368032e-04 1.161826070429598920e-04 1.164878880264619331e-04 1.167233627008950752e-04 1.171605579440138220e-04 1.173999510922669331e-04 1.177695519517259730e-04 1.179305320771736524e-04 1.171285713254375827e-04 1.155699431674860647e-04 1.153046178344117840e-04
1.170737467607832239e-04 1.170587719235764539e-04 1.166434995429377916e-04 1.164025146735342067e-04 1.162773700936104462e-04 1.162029905769659496e-04 1.159654627551727008e-04 1.157139378198373668e-04 1.156198388428659833e-04 1.155204759344411006e-04 1.154134982717831419e-04 1.156410415657256195e-04 1.156360383670817035e-04 1.155423811578206507e-04 1.155892933066502830e-04 1.156448503569061393e-04 1.158790930273678250e-04 1.161505517485680351e-04 1.163051697999705711e-04 1.165321109304213987e-04 1.164447746180585379e-04 1.166013846664763830e-04 1.171285713254375827e-04 1.173382463624505887e-04 1.158828000565059757e-04 1.151744306327401795e-04
1.161251643718849626e-04 1.160984686030665594e-04 1.156615012284312129e-04 1.154477418598728839e-04 1.153146409917708251e-04 1.152485831410526900e-04 1.150159860902925598e-04 1.147721181628192830e-04 1.146816483211077182e-04 1.145656826334469868e-04 1.144583634952194462e-04 1.146795971603544541e-04 1.146705939535497531e-04 1.145697904666379940e-04 1.146098259901623487e-04 1.146679723410980374e-04 1.148971139207178785e-04 1.151960804985102010e-04 1.153825443696440353e-04 1.156132356793485337e-04 1.154699533896339923e-04 1.154096446839371538e-04 1.155699431674860647e-04 1.158828000565059757e-04 1.154126913340033488e-04 1.146959965144589758e-04
1.159896369080632670e-04 1.159450856101529613e-04 1.155066269468282489e-04 1.152858863715989802e-04 1.151459203910965039e-04 1.150803438733798335e-04 1.148564981436649211e-04 1.146210072553475399e-04 1.145346290887385652e-04 1.144253308536515262e-04 1.143225703359153844e-04 1.145381250979707669e-04 1.145144429061549431e-04 1.143974281564809684e-04 1.144215312407976165e-04 1.144708226676388927e-04 1.147107064233792432e-04 1.150354442581296452e-04 1.152193320605016227e-04 1.154541763645728036e-04 1.153396388609347230e-04 1.153242670727651033e-04 1.153046178344117840e-04 1.151744306327401795e-04 1.146959965144589758e-04 1.149446397076959027e-04
