2.860209235117307409e-04 2.857409023326375761e-04 2.857816964461837436e-04 2.857444707234217695e-04 2.853136993814962765e-04 2.852386445547069665e-04 2.850748692149565372e-04 2.851315954317263225e-04 2.849805048227786308e-04 2.849380762730977434e-04 2.849194390186394359e-04 2.850121089959131129e-04 2.851653808253121875e-04 2.853832430750308626e-04 2.857312909557105937e-04 2.859807898449950956e-04 2.862107900113859660e-04 2.866439072942065613e-04 2.866998820972301259e-04 2.861127471100910653e-04 2.855006244344381310e-04 2.847261619363821751e-04 2.844413100750955601e-04 2.848031104549752753e-04 2.852790273741088295e-04 2.857171293075530570e-04
2.857409023326375761e-04 2.855109213625860480e-04 2.855377846915845919e-04 2.855004061269454424e-04 2.850711929618435746e-04 2.849966611846272107e-04 2.848329942656947322e-04 2.848902970123884165e-04 2.847413748979347211e-04 2.847004418014836163e-04 2.846822190585992455e-04 2.847766118631520353e-04 2.849312545470267808e-04 2.851482037237637037e-04 2.854958051800488049e-04 2.857411596360369746e-04 2.859662663837411484e-04 2.863919181608428092e-04 2.864395852771494853e-04 2.858424220337713929e-04 2.852269407596992232e-04 2.844440054144675017e-04 2.841665900917599366e-04 2.845462326596696835e-04 2.850327039811085465e-04 2.854406305087287552e-04
2.857816964461837436e-04 2.855377846915845919e-04 2.856000756312004158e-04 2.855567356610054898e-04 2.851269794810502704e-04 2.850534248621246582e-04 2.848903868717381411e-04 2.849485489898576801e-04 2.847996980048148313e-04 2.847566122241569999e-04 2.847389859584955490e-04 2.848327002477403264e-04 2.849887778371443204e-04 2.852083348865797410e-04 2.855590635848100057e-04 2.858103757316322250e-04 2.860412261498462535e-04 2.864707566743013821e-04 2.865175331459645183e-04 2.859184720274214045e-04 2.852979066116427499e-04 2.845043752604610367e-04 2.842306934399360684e-04 2.846226925234055373e-04 2.851133040760582028e-04 2.855308323305729931e-04
2.857444707234217695e-04 2.855004061269454424e-04 2.855567356610054898e-04 2.855360752016032708e-04 2.851013650605545464e-04 2.850259270434647827e-04 2.848631422469860000e-04 2.849210405392472436e-04 2.847727605795547716e-04 2.847303492883765624e-04 2.847126930199621710e-04 2.848056450258090321e-04 2.849603463603521923e-04 2.851803442533413320e-04 2.855297500323742310e-04 2.857777551901190694e-04 2.860059123421553116e-04 2.864343872432297401e-04 2.864812438994256095e-04 2.858784228093502375e-04 2.852555568939807917e-04 2.844718976053537134e-04 2.842067405718965139e-04 2.846028217701010877e-04 2.850829061007594521e-04 2.855004978852146652e-04
2.853136993814962765e-04 2.850711929618435746e-04 2.851269794810502704e-04 2.851013650605545464e-04 2.846875465115709632e-04 2.846122471319046808e-04 2.844505178312684815e-04 2.845117797553233397e-04 2.843648519903568491e-04 2.843249481023849825e-04 2.843080441376414475e-04 2.844022497930895387e-04 2.845558193702586291e-04 2.847737314902637528e-04 2.851194375078083755e-04 2.853643364686090245e-04 2.855885045307746659e-04 2.860137839099169063e-04 2.860556430430230839e-04 2.854434315588029328e-04 2.848079788613987694e-04 2.840209626590095354e-04 2.837610486342925526e-04 2.841658929747392518e-04 2.846426399278428562e-04 2.850645593248595064e-04
2.852386445547069665e-04 2.849966611846272107e-04 2.850534248621246582e-04 2.850259270434647827e-04 2.846122471319046808e-04 2.845559324518355006e-04 2.843926795156798463e-04 2.844559571882779932e-04 2.843109047743862380e-04 2.842724939918111799e-04 2.842588840627254389e-04 2.843563251413485098e-04 2.845137934893249374e-04 2.847342556468280628e-04 2.850803740513702285e-04 2.853227758937771957e-04 2.855436113984817286e-04 2.859690257934731101e-04 2.860100814832206234e-04 2.853901255670531780e-04 2.847370808154363418e-04 2.839350962024256081e-04 2.836821295298963021e-04 2.840955405484973440e-04 2.845833627792578426e-04 2.850163313310241100e-04
2.850748692149565372e-04 2.848329942656947322e-04 2.848903868717381411e-04 2.848631422469860000e-04 2.844505178312684815e-04 2.843926795156798463e-04 2.842443747302109570e-04 2.843091301827897375e-04 2.841682299474797388e-04 2.841326819980047108e-04 2.841214248814800144e-04 2.842202191667968117e-04 2.843814303473080280e-04 2.846039019728503847e-04 2.849510567579381149e-04 2.851927168319975448e-04 2.854118685108583469e-04 2.858347342790769959e-04 2.858773510694187893e-04 2.852544224445873714e-04 2.845962008832386703e-04 2.837872738894213140e-04 2.835261185449878272e-04 2.839281303018283240e-04 2.844069939499317061e-04 2.848508707308190563e-04
2.851315954317263225e-04 2.848902970123884165e-04 2.849485489898576801e-04 2.849210405392472436e-04 2.845117797553233397e-04 2.844559571882779932e-04 2.843091301827897375e-04 2.843877318236060956e-04 2.842495010422409359e-04 2.842170149200232989e-04 2.842097535377805157e-04 2.843140285179372273e-04 2.844803007593724176e-04 2.847058394212964214e-04 2.850527442183099108e-04 2.852917299648460186e-04 2.855093581757870780e-04 2.859310919477259737e-04 2.859698260187858816e-04 2.853370371423205056e-04 2.846641017859086512e-04 2.838421249015747301e-04 2.835805385187313630e-04 2.839873225208022506e-04 2.844770048580897272e-04 2.849175077363194425e-04
2.849805048227786308e-04 2.847413748979347211e-04 2.847996980048148313e-04 2.847727605795547716e-04 2.843648519903568491e-04 2.843109047743862380e-04 2.841682299474797388e-04 2.842495010422409359e-04 2.841261522359845031e-04 2.840997925897735489e-04 2.840978909996115217e-04 2.842093692783970887e-04 2.843836849381360795e-04 2.846155435724694233e-04 2.849673601191485424e-04 2.852086482822220235e-04 2.854240815839942770e-04 2.858435474512439315e-04 2.858818015458043215e-04 2.852435768122096155e-04 2.845511649858694422e-04 2.837009250476030362e-04 2.834290603951615008e-04 2.838274383905114518e-04 2.843276126667641270e-04 2.847780138389801631e-04
2.849380762730977434e-04 2.847004418014836163e-04 2.847566122241569999e-04 2.847303492883765624e-04 2.843249481023849825e-04 2.842724939918111799e-04 2.841326819980047108e-04 2.842170149200232989e-04 2.840997925897735489e-04 2.840888708773437040e-04 2.840946288545476259e-04 2.842136308960003838e-04 2.843965114272289279e-04 2.846348671446380222e-04 2.849894573399237223e-04 2.852305063168652567e-04 2.854440811482911980e-04 2.858614943242056392e-04 2.858998182022981179e-04 2.852583416197906549e-04 2.845519656762194021e-04 2.836826582587403749e-04 2.834007961815621980e-04 2.837826162619915254e-04 2.842835526869860502e-04 2.847367108373243926e-04
2.849194390186394359e-04 2.846822190585992455e-04 2.847389859584955490e-04 2.847126930199621710e-04 2.843080441376414475e-04 2.842588840627254389e-04 2.841214248814800144e-04 2.842097535377805157e-04 2.840978909996115217e-04 2.840946288545476259e-04 2.841194763165182861e-04 2.842507980071126445e-04 2.844452520395853606e-04 2.846947646599341623e-04 2.850562672126832984e-04 2.853003536937396027e-04 2.855134143514773798e-04 2.859282956280808437e-04 2.859636325308981828e-04 2.853136382553490553e-04 2.845830404205138692e-04 2.836833161131130767e-04 2.833911851299151120e-04 2.837625272995861138e-04 2.842739156249167952e-04 2.847251861527547731e-04
2.850121089959131129e-04 2.847766118631520353e-04 2.848327002477403264e-04 2.848056450258090321e-04 2.844022497930895387e-04 2.843563251413485098e-04 2.842202191667968117e-04 2.843140285179372273e-04 2.842093692783970887e-04 2.842136308960003838e-04 2.842507980071126445e-04 2.844057407299954059e-04 2.846181931661012697e-04 2.848829672931170519e-04 2.852547550322531668e-04 2.855053524689665822e-04 2.857233516573893400e-04 2.861393785673906846e-04 2.861727449657799926e-04 2.855115559878378660e-04 2.847479046753684890e-04 2.837957154247604924e-04 2.834752070738083963e-04 2.838296183550617440e-04 2.843571174249273138e-04 2.848216200973704136e-04
2.851653808253121875e-04 2.849312545470267808e-04 2.849887778371443204e-04 2.849603463603521923e-04 2.845558193702586291e-04 2.845137934893249374e-04 2.843814303473080280e-04 2.844803007593724176e-04 2.843836849381360795e-04 2.843965114272289279e-04 2.844452520395853606e-04 2.846181931661012697e-04 2.848592923639748720e-04 2.851481486108568440e-04 2.855366722530810271e-04 2.857975684711385584e-04 2.860208732056414771e-04 2.864359382173924801e-04 2.864632224770256104e-04 2.857858769170222753e-04 2.849848591266277570e-04 2.839732376334868085e-04 2.836294988645228564e-04 2.839748624778263425e-04 2.845325185066921100e-04 2.850041821679975894e-04
2.853832430750308626e-04 2.851482037237637037e-04 2.852083348865797410e-04 2.851803442533413320e-04 2.847737314902637528e-04 2.847342556468280628e-04 2.846039019728503847e-04 2.847058394212964214e-04 2.846155435724694233e-04 2.846348671446380222e-04 2.846947646599341623e-04 2.848829672931170519e-04 2.851481486108568440e-04 2.854809809942690101e-04 2.859037537991822569e-04 2.861913663312838684e-04 2.864305415650524674e-04 2.868530578723378350e-04 2.868743734390989306e-04 2.861783804032857993e-04 2.853337549856570818e-04 2.842472387456479303e-04 2.838757036983170670e-04 2.842167114732461531e-04 2.848053741132746015e-04 2.852666175488305974e-04
2.857312909557105937e-04 2.854958051800488049e-04 2.855590635848100057e-04 2.855297500323742310e-04 2.851194375078083755e-04 2.850803740513702285e-04 2.849510567579381149e-04 2.850527442183099108e-04 2.849673601191485424e-04 2.849894573399237223e-04 2.850562672126832984e-04 2.852547550322531668e-04 2.855366722530810271e-04 2.859037537991822569e-04 2.863788880874826239e-04 2.867132941431743535e-04 2.869838570855790362e-04 2.874184463259430605e-04 2.874356088119869911e-04 2.867222633940820411e-04 2.858365199718484345e-04 2.846618935779767672e-04 2.842423373254109108e-04 2.845808913851574618e-04 2.852287347296693040e-04 2.856927015963651399e-04
2.859807898449950956e-04 2.857411596360369746e-04 2.858103757316322250e-04 2.857777551901190694e-04 2.853643364686090245e-04 2.853227758937771957e-04 2.851927168319975448e-04 2.852917299648460186e-04 2.852086482822220235e-04 2.852305063168652567e-04 2.853003536937396027e-04 2.855053524689665822e-04 2.857975684711385584e-04 2.861913663312838684e-04 2.867132941431743535e-04 2.871209490712307052e-04 2.874523205934509818e-04 2.879173259359572618e-04 2.879388523880274642e-04 2.872095730667763996e-04 2.862771449650925934e-04 2.849960949473201682e-04 2.845174513021453671e-04 2.848514790527127824e-04 2.855367736619684451e-04 2.860036040957299338e-04
2.862107900113859660e-04 2.859662663837411484e-04 2.860412261498462535e-04 2.860059123421553116e-04 2.855885045307746659e-04 2.855436113984817286e-04 2.854118685108583469e-04 2.855093581757870780e-04 2.854240815839942770e-04 2.854440811482911980e-04 2.855134143514773798e-04 2.857233516573893400e-04 2.860208732056414771e-04 2.864305415650524674e-04 2.869838570855790362e-04 2.874523205934509818e-04 2.878855389064195833e-04 2.884245814092705157e-04 2.884855209072409530e-04 2.877612777211857684e-04 2.867949093774856866e-04 2.853932317794085965e-04 2.848144648234361307e-04 2.851426952741557960e-04 2.858660879712218500e-04 2.863144689042391913e-04
2.866439072942065613e-04 2.863919181608428092e-04 2.864707566743013821e-04 2.864343872432297401e-04 2.860137839099169063e-04 2.859690257934731101e-04 2.858347342790769959e-04 2.859310919477259737e-04 2.858435474512439315e-04 2.858614943242056392e-04 2.859282956280808437e-04 2.861393785673906846e-04 2.864359382173924801e-04 2.868530578723378350e-04 2.874184463259430605e-04 2.879173259359572618e-04 2.884245814092705157e-04 2.890875934679982065e-04 2.892448362128975073e-04 2.885517228800661997e-04 2.875753593976369598e-04 2.860770494667041488e-04 2.853673708136761182e-04 2.856695546985734834e-04 2.864059008550746120e-04 2.868233418966890350e-04
2.866998820972301259e-04 2.864395852771494853e-04 2.865175331459645183e-04 2.864812438994256095e-04 2.860556430430230839e-04 2.860100814832206234e-04 2.858773510694187893e-04 2.859698260187858816e-04 2.858818015458043215e-04 2.858998182022981179e-04 2.859636325308981828e-04 2.861727449657799926e-04 2.864632224770256104e-04 2.868743734390989306e-04 2.874356088119869911e-04 2.879388523880274642e-04 2.884855209072409530e-04 2.892448362128975073e-04 2.895708134849250457e-04 2.889968077967716622e-04 2.880679581216855924e-04 2.865128663780827710e-04 2.856086731747823227e-04 2.857987700461143608e-04 2.865220132658889219e-04 2.869502036892718926e-04
2.861127471100910653e-04 2.858424220337713929e-04 2.859184720274214045e-04 2.858784228093502375e-04 2.854434315588029328e-04 2.853901255670531780e-04 2.852544224445873714e-04 2.853370371423205056e-04 2.852435768122096155e-04 2.852583416197906549e-04 2.853136382553490553e-04 2.855115559878378660e-04 2.857858769170222753e-04 2.861783804032857993e-04 2.867222633940820411e-04 2.872095730667763996e-04 2.877612777211857684e-04 2.885517228800661997e-04 2.889968077967716622e-04 2.886511599969484817e-04 2.879032293328103354e-04 2.863966117677599452e-04 2.852794804156325048e-04 2.852553573862778445e-04 2.859428637081116173e-04 2.863858019352118157e-04
2.855006244344381310e-04 2.852269407596992232e-04 2.852979066116427499e-04 2.852555568939807917e-04 2.848079788613987694e-04 2.847370808154363418e-04 2.845962008832386703e-04 2.846641017859086512e-04 2.845511649858694422e-04 2.845519656762194021e-04 2.845830404205138692e-04 2.847479046753684890e-04 2.849848591266277570e-04 2.853337549856570818e-04 2.858365199718484345e-04 2.862771449650925934e-04 2.867949093774856866e-04 2.875753593976369598e-04 2.880679581216855924e-04 2.879032293328103354e-04 2.875322320148061416e-04 2.863051373408970006e-04 2.851110707444610179e-04 2.848020108255368797e-04 2.853785632391238835e-04 2.858164925406480130e-04
2.847261619363821751e-04 2.844440054144675017e-04 2.845043752604610367e-04 2.844718976053537134e-04 2.840209626590095354e-04 2.839350962024256081e-04 2.837872738894213140e-04 2.838421249015747301e-04 2.837009250476030362e-04 2.836826582587403749e-04 2.836833161131130767e-04 2.837957154247604924e-04 2.839732376334868085e-04 2.842472387456479303e-04 2.846618935779767672e-04 2.849960949473201682e-04 2.853932317794085965e-04 2.860770494667041488e-04 2.865128663780827710e-04 2.863966117677599452e-04 2.863051373408970006e-04 2.857503409709249769e-04 2.849681943461310121e-04 2.845472832796829801e-04 2.847235172173207484e-04 2.851171972546567152e-04
2.844413100750955601e-04 2.841665900917599366e-04 2.842306934399360684e-04 2.842067405718965139e-04 2.837610486342925526e-04 2.836821295298963021e-04 2.835261185449878272e-04 2.835805385187313630e-04 2.834290603951615008e-04 2.834007961815621980e-04 2.833911851299151120e-04 2.834752070738083963e-04 2.836294988645228564e-04 2.838757036983170670e-04 2.842423373254109108e-04 2.845174513021453671e-04 2.848144648234361307e-04 2.853673708136761182e-04 2.856086731747823227e-04 2.852794804156325048e-04 2.851110707444610179e-04 2.849681943461310121e-04 2.850881920770841288e-04 2.851470472779064967e-04 2.848414891849529950e-04 2.850044824047061310e-04
2.848031104549752753e-04 2.845462326596696835e-04 2.846226925234055373e-04 2.846028217701010877e-04 2.841658929747392518e-04 2.840955405484973440e-04 2.839281303018283240e-04 2.839873225208022506e-04 2.838274383905114518e-04 2.837826162619915254e-04 2.837625272995861138e-04 2.838296183550617440e-04 2.839748624778263425e-04 2.842167114732461531e-04 2.845808913851574618e-04 2.848514790527127824e-04 2.851426952741557960e-04 2.856695546985734834e-04 2.857987700461143608e-04 2.852553573862778445e-04 2.848020108255368797e-04 2.845472832796829801e-04 2.851470472779064967e-04 2.862615247471375635e-04 2.860248628827836287e-04 2.857001905005883457e-04
2.852790273741088295e-04 2.850327039811085465e-04 2.851133040760582028e-04 2.850829061007594521e-04 2.846426399278428562e-04 2.845833627792578426e-04 2.844069939499317061e-04 2.844770048580897272e-04 2.843276126667641270e-04 2.842835526869860502e-04 2.842739156249167952e-04 2.843571174249273138e-04 2.845325185066921100e-04 2.848053741132746015e-04 2.852287347296693040e-04 2.855367736619684451e-04 2.858660879712218500e-04 2.864059008550746120e-04 2.865220132658889219e-04 2.859428637081116173e-04 2.853785632391238835e-04 2.847235172173207484e-04 2.848414891849529950e-04 2.860248628827836287e-04 2.870495308148856401e-04 2.868046199626690792e-04
2.857171293075530570e-04 2.854406305087287552e-04 2.855308323305729931e-04 2.855004978852146652e-04 2.850645593248595064e-04 2.850163313310241100e-04 2.848508707308190563e-04 2.849175077363194425e-04 2.847780138389801631e-04 2.847367108373243926e-04 2.847251861527547731e-04 2.848216200973704136e-04 2.850041821679975894e-04 2.852666175488305974e-04 2.856927015963651399e-04 2.860036040957299338e-04 2.863144689042391913e-04 2.868233418966890350e-04 2.869502036892718926e-04 2.863858019352118157e-04 2.858164925406480130e-04 2.851171972546567152e-04 2.850044824047061310e-04 2.857001905005883457e-04 2.868046199626690792e-04 2.876836671302065497e-04
