5.520440965103835763e-04 5.526955493310028522e-04 5.530524404795128393e-04 5.532543139581061345e-04 5.535840953493375606e-04 5.537177104995340011e-04 5.538654344575003139e-04 5.539794114408573122e-04 5.540740213864170458e-04 5.542454758550545554e-04 5.545416237008958093e-04 5.549179803349750225e-04 5.551668965287871391e-04 5.553444552819273260e-04 5.552808882353215672e-04 5.550643360039741797e-04 5.547308631911990976e-04 5.543998162471063798e-04 5.536187859455408240e-04 5.528705628501150507e-04 5.535031659209650127e-04 5.553597909112274137e-04 5.577866055716347235e-04 5.573243326528260671e-04 5.553688003830589692e-04 5.555384199760718834e-04
5.526955493310028522e-04 5.534089326326881164e-04 5.537478323164459577e-04 5.539504711518434448e-04 5.542736423170019789e-04 5.544078153467310284e-04 5.545575414411352093e-04 5.546699457065852384e-04 5.547637350140602504e-04 5.549345657935394983e-04 5.552341289520939475e-04 5.556133156010269148e-04 5.558660025529790077e-04 5.560488047003992644e-04 5.559893185165056028e-04 5.557799267957380879e-04 5.554557608298107746e-04 5.551330211080660049e-04 5.543651820297971827e-04 5.536192913605284633e-04 5.542383950258636654e-04 5.560722611139313782e-04 5.584918870776371929e-04 5.580410525737254353e-04 5.560621460529218893e-04 5.562180800617315835e-04
5.530524404795128393e-04 5.537478323164459577e-04 5.541382525077926963e-04 5.543232079539550661e-04 5.546484104924190610e-04 5.547853723781871185e-04 5.549354448478923535e-04 5.550495083991178937e-04 5.551452901535541221e-04 5.553194093069666569e-04 5.556200457935340543e-04 5.560024786419147250e-04 5.562565240168126706e-04 5.564429246487556571e-04 5.563874317740335031e-04 5.561833632536393240e-04 5.558585683557501619e-04 5.555317332650355549e-04 5.547573679329502894e-04 5.540026498040794131e-04 5.546062417945572722e-04 5.564256778638718452e-04 5.588502254844937654e-04 5.584108683252716728e-04 5.564405209337623323e-04 5.565962330121018231e-04
5.532543139581061345e-04 5.539504711518434448e-04 5.543232079539550661e-04 5.545477980477255204e-04 5.548662949636953921e-04 5.550018492906504553e-04 5.551501729175088934e-04 5.552665837151162876e-04 5.553627382072878326e-04 5.555377914003968663e-04 5.558415709292663810e-04 5.562291947567725480e-04 5.564877577185029997e-04 5.566761099782701781e-04 5.566182451525414311e-04 5.564103051983070774e-04 5.560798711587047576e-04 5.557500913764088640e-04 5.549736979812664806e-04 5.542207535244852296e-04 5.548322903353954854e-04 5.566596981010661421e-04 5.590999133430170701e-04 5.586595628410198633e-04 5.566809981617372276e-04 5.568562252103449435e-04
5.535840953493375606e-04 5.542736423170019789e-04 5.546484104924190610e-04 5.548662949636953921e-04 5.552087900726649121e-04 5.553413410532581120e-04 5.554892839140235239e-04 5.556062993237430303e-04 5.557066262227756698e-04 5.558823539149374514e-04 5.561869442402935567e-04 5.565769947588939965e-04 5.568379703285555914e-04 5.570286753768978472e-04 5.569747229678640799e-04 5.567725450899041776e-04 5.564433365492365028e-04 5.561131244022377582e-04 5.553287583726637189e-04 5.545688693335871795e-04 5.551676055456132922e-04 5.569782196845281296e-04 5.594104207307752912e-04 5.589872920351205256e-04 5.570423827117551878e-04 5.572013064759597433e-04
5.537177104995340011e-04 5.544078153467310284e-04 5.547853723781871185e-04 5.550018492906504553e-04 5.553413410532581120e-04 5.554978824058991746e-04 5.556449637829617445e-04 5.557636771736717629e-04 5.558656302377700713e-04 5.560461458082369395e-04 5.563548121752592357e-04 5.567492477603273827e-04 5.570154350168372284e-04 5.572117141205437879e-04 5.571628759378224275e-04 5.569651235786568337e-04 5.566393296929704557e-04 5.563108612775494611e-04 5.555212062973138767e-04 5.547557593836487198e-04 5.553483972501002154e-04 5.571362452617379616e-04 5.595525406096009749e-04 5.591189097983725398e-04 5.571822872596358164e-04 5.573718114907756996e-04
5.538654344575003139e-04 5.545575414411352093e-04 5.549354448478923535e-04 5.551501729175088934e-04 5.554892839140235239e-04 5.556449637829617445e-04 5.558129776732415560e-04 5.559343236269839424e-04 5.560399007897960872e-04 5.562225311844394126e-04 5.565346342533319512e-04 5.569343064301829089e-04 5.572059175683485204e-04 5.574087035102742466e-04 5.573635565308245271e-04 5.571675801759336764e-04 5.568470325780194548e-04 5.565244604700898736e-04 5.557401768296311127e-04 5.549689427104730283e-04 5.555412036524103644e-04 5.573028545555871799e-04 5.597031756197869872e-04 5.592657105438563706e-04 5.573394248389724982e-04 5.575481555628042244e-04
5.539794114408573122e-04 5.546699457065852384e-04 5.550495083991178937e-04 5.552665837151162876e-04 5.556062993237430303e-04 5.557636771736717629e-04 5.559343236269839424e-04 5.560716423697157924e-04 5.561808063165712144e-04 5.563679432511887393e-04 5.566880022945943718e-04 5.570949771658125155e-04 5.573712119785463430e-04 5.575800679799952338e-04 5.575409342129267762e-04 5.573489624485315069e-04 5.570334560404484239e-04 5.567181746983493112e-04 5.559358046269701099e-04 5.551615763556313858e-04 5.557218325769107490e-04 5.574583459595776509e-04 5.598359098803575365e-04 5.593950101609447513e-04 5.574826050723803153e-04 5.576962614430575190e-04
5.540740213864170458e-04 5.547637350140602504e-04 5.551452901535541221e-04 5.553627382072878326e-04 5.557066262227756698e-04 5.558656302377700713e-04 5.560399007897960872e-04 5.561808063165712144e-04 5.563087085020123083e-04 5.565021094171441335e-04 5.568278160965702862e-04 5.572430791727727394e-04 5.575290486291938465e-04 5.577476586474738396e-04 5.577154367816837066e-04 5.575291214749151635e-04 5.572129113332989362e-04 5.568973872597269897e-04 5.561135668135706953e-04 5.553304542240790689e-04 5.558633551649450619e-04 5.575670923497981881e-04 5.599288831873106215e-04 5.594994906643871359e-04 5.576088811076314279e-04 5.578369274753240030e-04
5.542454758550545554e-04 5.549345657935394983e-04 5.553194093069666569e-04 5.555377914003968663e-04 5.558823539149374514e-04 5.560461458082369395e-04 5.562225311844394126e-04 5.563679432511887393e-04 5.565021094171441335e-04 5.567171068685623694e-04 5.570540093872731547e-04 5.574809238757785692e-04 5.577800446201814808e-04 5.580081460457454040e-04 5.579852620210100237e-04 5.578060692110234061e-04 5.574942894560017690e-04 5.571816752307477433e-04 5.563990546771141379e-04 5.556033297360402296e-04 5.561055088767640668e-04 5.577703121226717511e-04 5.601121000880151125e-04 5.596931137465144821e-04 5.578249457359518498e-04 5.580561553206500299e-04
5.545416237008958093e-04 5.552341289520939475e-04 5.556200457935340543e-04 5.558415709292663810e-04 5.561869442402935567e-04 5.563548121752592357e-04 5.565346342533319512e-04 5.566880022945943718e-04 5.568278160965702862e-04 5.570540093872731547e-04 5.574201603177814969e-04 5.578674980203912875e-04 5.581847337959173474e-04 5.584323401442734067e-04 5.584249464601404771e-04 5.582581258791999203e-04 5.579561358431135275e-04 5.576554309430183575e-04 5.568786524928453618e-04 5.560690903695485058e-04 5.565344540820139820e-04 5.581299142184532013e-04 5.604184912720113800e-04 5.600062946914163885e-04 5.581710843366712114e-04 5.584028768679621902e-04
5.549179803349750225e-04 5.556133156010269148e-04 5.560024786419147250e-04 5.562291947567725480e-04 5.565769947588939965e-04 5.567492477603273827e-04 5.569343064301829089e-04 5.570949771658125155e-04 5.572430791727727394e-04 5.574809238757785692e-04 5.578674980203912875e-04 5.583488265016853030e-04 5.586948590803033016e-04 5.589722686471139141e-04 5.589879099203308617e-04 5.588407535849478167e-04 5.585554957345733674e-04 5.582698690510642025e-04 5.574928562632760305e-04 5.566543491285734502e-04 5.570575955752401836e-04 5.585544257568576722e-04 5.607773374084817301e-04 5.603749277342035722e-04 5.585931972850306749e-04 5.588513971134148172e-04
5.551668965287871391e-04 5.558660025529790077e-04 5.562565240168126706e-04 5.564877577185029997e-04 5.568379703285555914e-04 5.570154350168372284e-04 5.572059175683485204e-04 5.573712119785463430e-04 5.575290486291938465e-04 5.577800446201814808e-04 5.581847337959173474e-04 5.586948590803033016e-04 5.590874601694423686e-04 5.594073999901901049e-04 5.594552363486393794e-04 5.593374500471776133e-04 5.590741510423252476e-04 5.588101513528709622e-04 5.580419855895249297e-04 5.571784433774922430e-04 5.575218047745621533e-04 5.589191190561710156e-04 5.610714084527248851e-04 5.606734167247122771e-04 5.589457790929554422e-04 5.591980414185191220e-04
5.553444552819273260e-04 5.560488047003992644e-04 5.564429246487556571e-04 5.566761099782701781e-04 5.570286753768978472e-04 5.572117141205437879e-04 5.574087035102742466e-04 5.575800679799952338e-04 5.577476586474738396e-04 5.580081460457454040e-04 5.584323401442734067e-04 5.589722686471139141e-04 5.594073999901901049e-04 5.597926269039775514e-04 5.598913445378574149e-04 5.598196402369205824e-04 5.595928828067334550e-04 5.593562561597590970e-04 5.586015263790131179e-04 5.577034815366705605e-04 5.579531911174722466e-04 5.592146119079517610e-04 5.612748569767524263e-04 5.609114347724660594e-04 5.592706691620416993e-04 5.595190754900350883e-04
5.552808882353215672e-04 5.559893185165056028e-04 5.563874317740335031e-04 5.566182451525414311e-04 5.569747229678640799e-04 5.571628759378224275e-04 5.573635565308245271e-04 5.575409342129267762e-04 5.577154367816837066e-04 5.579852620210100237e-04 5.584249464601404771e-04 5.589879099203308617e-04 5.594552363486393794e-04 5.598913445378574149e-04 5.600601344144441216e-04 5.600584173764315901e-04 5.598910426364792775e-04 5.597000994998944327e-04 5.589655116049235990e-04 5.580386711739069921e-04 5.581876688726051172e-04 5.592727451688888143e-04 5.612079638273340066e-04 5.608833657171358048e-04 5.593157597216146188e-04 5.595648409655656561e-04
5.550643360039741797e-04 5.557799267957380879e-04 5.561833632536393240e-04 5.564103051983070774e-04 5.567725450899041776e-04 5.569651235786568337e-04 5.571675801759336764e-04 5.573489624485315069e-04 5.575291214749151635e-04 5.578060692110234061e-04 5.582581258791999203e-04 5.588407535849478167e-04 5.593374500471776133e-04 5.598196402369205824e-04 5.600584173764315901e-04 5.601655476149151663e-04 5.601017493804918198e-04 5.599984622942159570e-04 5.593152802729129585e-04 5.583720797562932714e-04 5.584010880071726577e-04 5.592434609960927113e-04 5.609828043235062529e-04 5.606847933830887056e-04 5.592122751724618685e-04 5.594902370125999199e-04
5.547308631911990976e-04 5.554557608298107746e-04 5.558585683557501619e-04 5.560798711587047576e-04 5.564433365492365028e-04 5.566393296929704557e-04 5.568470325780194548e-04 5.570334560404484239e-04 5.572129113332989362e-04 5.574942894560017690e-04 5.579561358431135275e-04 5.585554957345733674e-04 5.590741510423252476e-04 5.595928828067334550e-04 5.598910426364792775e-04 5.601017493804918198e-04 5.601908075517606118e-04 5.602262563548634838e-04 5.596225104533035033e-04 5.586773883267442866e-04 5.585867187093326294e-04 5.591481369000224399e-04 5.606345773632362807e-04 5.603341405380330396e-04 5.589597561898492764e-04 5.593194191712562609e-04
5.543998162471063798e-04 5.551330211080660049e-04 5.555317332650355549e-04 5.557500913764088640e-04 5.561131244022377582e-04 5.563108612775494611e-04 5.565244604700898736e-04 5.567181746983493112e-04 5.568973872597269897e-04 5.571816752307477433e-04 5.576554309430183575e-04 5.582698690510642025e-04 5.588101513528709622e-04 5.593562561597590970e-04 5.597000994998944327e-04 5.599984622942159570e-04 5.602262563548634838e-04 5.604591444733018337e-04 5.600094218922145074e-04 5.591062730670221968e-04 5.589456163469076842e-04 5.592302238323655899e-04 5.603636459224155177e-04 5.599844092663831775e-04 5.587442988409740095e-04 5.591804573471916354e-04
5.536187859455408240e-04 5.543651820297971827e-04 5.547573679329502894e-04 5.549736979812664806e-04 5.553287583726637189e-04 5.555212062973138767e-04 5.557401768296311127e-04 5.559358046269701099e-04 5.561135668135706953e-04 5.563990546771141379e-04 5.568786524928453618e-04 5.574928562632760305e-04 5.580419855895249297e-04 5.586015263790131179e-04 5.589655116049235990e-04 5.593152802729129585e-04 5.596225104533035033e-04 5.600094218922145074e-04 5.598041198047843748e-04 5.590797685884206416e-04 5.589864570007184409e-04 5.591370979794727577e-04 5.599129780040406831e-04 5.593387421063622999e-04 5.581331829956093791e-04 5.585544503164545415e-04
5.528705628501150507e-04 5.536192913605284633e-04 5.540026498040794131e-04 5.542207535244852296e-04 5.545688693335871795e-04 5.547557593836487198e-04 5.549689427104730283e-04 5.551615763556313858e-04 5.553304542240790689e-04 5.556033297360402296e-04 5.560690903695485058e-04 5.566543491285734502e-04 5.571784433774922430e-04 5.577034815366705605e-04 5.580386711739069921e-04 5.583720797562932714e-04 5.586773883267442866e-04 5.591062730670221968e-04 5.590797685884206416e-04 5.587085209381387543e-04 5.589378775910567015e-04 5.592400827569885642e-04 5.598061146797526054e-04 5.588576546503189321e-04 5.575012553739040581e-04 5.578414315190808855e-04
5.535031659209650127e-04 5.542383950258636654e-04 5.546062417945572722e-04 5.548322903353954854e-04 5.551676055456132922e-04 5.553483972501002154e-04 5.555412036524103644e-04 5.557218325769107490e-04 5.558633551649450619e-04 5.561055088767640668e-04 5.565344540820139820e-04 5.570575955752401836e-04 5.575218047745621533e-04 5.579531911174722466e-04 5.581876688726051172e-04 5.584010880071726577e-04 5.585867187093326294e-04 5.589456163469076842e-04 5.589864570007184409e-04 5.589378775910567015e-04 5.598044268965880754e-04 5.607511152270793549e-04 5.614866265057580092e-04 5.600190334900711012e-04 5.582110345676175121e-04 5.584178369479386511e-04
5.553597909112274137e-04 5.560722611139313782e-04 5.564256778638718452e-04 5.566596981010661421e-04 5.569782196845281296e-04 5.571362452617379616e-04 5.573028545555871799e-04 5.574583459595776509e-04 5.575670923497981881e-04 5.577703121226717511e-04 5.581299142184532013e-04 5.585544257568576722e-04 5.589191190561710156e-04 5.592146119079517610e-04 5.592727451688888143e-04 5.592434609960927113e-04 5.591481369000224399e-04 5.592302238323655899e-04 5.591370979794727577e-04 5.592400827569885642e-04 5.607511152270793549e-04 5.630442145619300297e-04 5.647879983594660327e-04 5.629465740832881098e-04 5.602091950726173367e-04 5.601559148366392835e-04
5.577866055716347235e-04 5.584918870776371929e-04 5.588502254844937654e-04 5.590999133430170701e-04 5.594104207307752912e-04 5.595525406096009749e-04 5.597031756197869872e-04 5.598359098803575365e-04 5.599288831873106215e-04 5.601121000880151125e-04 5.604184912720113800e-04 5.607773374084817301e-04 5.610714084527248851e-04 5.612748569767524263e-04 5.612079638273340066e-04 5.609828043235062529e-04 5.606345773632362807e-04 5.603636459224155177e-04 5.599129780040406831e-04 5.598061146797526054e-04 5.614866265057580092e-04 5.647879983594660327e-04 5.682337280066409929e-04 5.669744149803881972e-04 5.631667032218681422e-04 5.627263244838918424e-04
5.573243326528260671e-04 5.580410525737254353e-04 5.584108683252716728e-04 5.586595628410198633e-04 5.589872920351205256e-04 5.591189097983725398e-04 5.592657105438563706e-04 5.593950101609447513e-04 5.594994906643871359e-04 5.596931137465144821e-04 5.600062946914163885e-04 5.603749277342035722e-04 5.606734167247122771e-04 5.609114347724660594e-04 5.608833657171358048e-04 5.606847933830887056e-04 5.603341405380330396e-04 5.599844092663831775e-04 5.593387421063622999e-04 5.588576546503189321e-04 5.600190334900711012e-04 5.629465740832881098e-04 5.669744149803881972e-04 5.674695691061173997e-04 5.641246552813500639e-04 5.629941965167356479e-04
5.553688003830589692e-04 5.560621460529218893e-04 5.564405209337623323e-04 5.566809981617372276e-04 5.570423827117551878e-04 5.571822872596358164e-04 5.573394248389724982e-04 5.574826050723803153e-04 5.576088811076314279e-04 5.578249457359518498e-04 5.581710843366712114e-04 5.585931972850306749e-04 5.589457790929554422e-04 5.592706691620416993e-04 5.593157597216146188e-04 5.592122751724618685e-04 5.589597561898492764e-04 5.587442988409740095e-04 5.581331829956093791e-04 5.575012553739040581e-04 5.582110345676175121e-04 5.602091950726173367e-04 5.631667032218681422e-04 5.641246552813500639e-04 5.631753663698659375e-04 5.621705492547010401e-04
5.555384199760718834e-04 5.562180800617315835e-04 5.565962330121018231e-04 5.568562252103449435e-04 5.572013064759597433e-04 5.573718114907756996e-04 5.575481555628042244e-04 5.576962614430575190e-04 5.578369274753240030e-04 5.580561553206500299e-04 5.584028768679621902e-04 5.588513971134148172e-04 5.591980414185191220e-04 5.595190754900350883e-04 5.595648409655656561e-04 5.594902370125999199e-04 5.593194191712562609e-04 5.591804573471916354e-04 5.585544503164545415e-04 5.578414315190808855e-04 5.584178369479386511e-04 5.601559148366392835e-04 5.627263244838918424e-04 5.629941965167356479e-04 5.621705492547010401e-04 5.633471446391040372e-04
