5.540569944198804608e-04 5.535217963284239529e-04 5.535693609303558730e-04 5.538257638911750101e-04 5.537583190498863430e-04 5.540359550662432445e-04 5.541644889304443104e-04 5.539308655950096272e-04 5.538891814083207743e-04 5.541032679043475951e-04 5.543215771348574631e-04 5.547805143595878515e-04 5.549492045819909986e-04 5.554088631398744263e-04 5.555759338924576079e-04 5.553969519450887215e-04 5.551701240355466031e-04 5.548827805110319224e-04 5.540888771178076365e-04 5.533977168304220207e-04 5.539492920359153933e-04 5.558373313596379683e-04 5.584219613904330007e-04 5.577707557742963033e-04 5.558608018492462157e-04 5.564278632475456749e-04
5.535217963284239529e-04 5.530774624142772425e-04 5.531005644313222646e-04 5.533519393608802000e-04 5.532822852968178468e-04 5.535577096662935978e-04 5.536862091641581727e-04 5.534512250239871254e-04 5.534105158039069128e-04 5.536255727037335842e-04 5.538417830423276057e-04 5.542957813581671916e-04 5.544577563300778387e-04 5.549120851555342784e-04 5.550821298648636907e-04 5.549090268512890103e-04 5.546928973599047751e-04 5.544161776884831347e-04 5.536199672097156252e-04 5.529241302862931409e-04 5.534736194186149968e-04 5.553738672106640212e-04 5.579787806093878828e-04 5.573373789810063877e-04 5.553808926938316824e-04 5.559121773289153181e-04
5.535693609303558730e-04 5.531005644313222646e-04 5.531826146874056207e-04 5.534215607755139281e-04 5.533512081243149774e-04 5.536284991183643882e-04 5.537620349179455575e-04 5.535283170093946090e-04 5.534911368770488969e-04 5.537097567467009953e-04 5.539369954406632652e-04 5.543968857271827557e-04 5.545663318619328342e-04 5.550264495508057828e-04 5.551988001469954472e-04 5.550252622315049629e-04 5.548000434777969250e-04 5.545115656363827205e-04 5.537030253528806099e-04 5.529912328096868576e-04 5.535126793726410791e-04 5.553835023561399815e-04 5.580107003922192164e-04 5.574094162568586554e-04 5.554829613554210970e-04 5.560131596093066241e-04
5.538257638911750101e-04 5.533519393608802000e-04 5.534215607755139281e-04 5.536997692301836183e-04 5.536196419118797566e-04 5.538983914247166832e-04 5.540295829031533078e-04 5.537974192749701811e-04 5.537604539069396333e-04 5.539791504356796634e-04 5.542047042341904754e-04 5.546670393542658386e-04 5.548408841892256546e-04 5.553019631660530055e-04 5.554743314766269913e-04 5.553057146455429079e-04 5.550818909839566649e-04 5.548020759457446662e-04 5.540083178918664072e-04 5.533217736725158740e-04 5.538637497389788328e-04 5.557269078894682334e-04 5.583084344337346273e-04 5.576602157766128018e-04 5.557470442407927685e-04 5.562739120198149532e-04
5.537583190498863430e-04 5.532822852968178468e-04 5.533512081243149774e-04 5.536196419118797566e-04 5.535745467378955535e-04 5.538467720084394716e-04 5.539770606239790207e-04 5.537476871610740774e-04 5.537143501149126117e-04 5.539342441909868341e-04 5.541623718497127758e-04 5.546297782783128410e-04 5.548082146498934048e-04 5.552744645105580799e-04 5.554524337789364975e-04 5.552859772073814003e-04 5.550590669069210836e-04 5.547742156619528799e-04 5.539735559183590115e-04 5.532802977008210955e-04 5.538093474259884194e-04 5.556554776652489940e-04 5.582281625193344929e-04 5.575953620937297052e-04 5.557076015282081142e-04 5.562481128582349825e-04
5.540359550662432445e-04 5.535577096662935978e-04 5.536284991183643882e-04 5.538983914247166832e-04 5.538467720084394716e-04 5.541443200891435711e-04 5.542770923393170119e-04 5.540480331563417318e-04 5.540162152423528611e-04 5.542377066439918695e-04 5.544698703123207258e-04 5.549429040213287164e-04 5.551281067971658391e-04 5.556013119769602927e-04 5.557844311259543032e-04 5.556247142629864352e-04 5.554057795153511659e-04 5.551282140979950852e-04 5.543272068751753769e-04 5.536303890484420591e-04 5.541491722157252785e-04 5.559758493363664306e-04 5.585278628927031058e-04 5.578709552929757157e-04 5.559962115022600493e-04 5.565484638650601036e-04
5.541644889304443104e-04 5.536862091641581727e-04 5.537620349179455575e-04 5.540295829031533078e-04 5.539770606239790207e-04 5.542770923393170119e-04 5.544343530670971763e-04 5.542066257774907112e-04 5.541791401326421652e-04 5.544029972965700426e-04 5.546403585066625236e-04 5.551183872377405239e-04 5.553072841441024539e-04 5.557856236952526084e-04 5.559728499243846243e-04 5.558173876497688468e-04 5.556040316291220799e-04 5.553345258140829138e-04 5.545375949686858841e-04 5.538482385854147849e-04 5.543585572640473197e-04 5.561456999954782167e-04 5.586646564812756477e-04 5.580062466637360913e-04 5.561432704105281075e-04 5.567112768892895896e-04
5.539308655950096272e-04 5.534512250239871254e-04 5.535283170093946090e-04 5.537974192749701811e-04 5.537476871610740774e-04 5.540480331563417318e-04 5.542066257774907112e-04 5.540014320627855435e-04 5.539755716607475556e-04 5.542030780185601109e-04 5.544461718382039279e-04 5.549296699680664972e-04 5.551248762949290280e-04 5.556094087160905800e-04 5.558035311609517068e-04 5.556545149770028167e-04 5.554466750984094880e-04 5.551839526470771094e-04 5.543877341274113576e-04 5.536933721911104639e-04 5.541868803902396832e-04 5.559483177234936842e-04 5.584482324570239162e-04 5.577830476355948594e-04 5.559266510746872086e-04 5.565287686765317500e-04
5.538891814083207743e-04 5.534105158039069128e-04 5.534911368770488969e-04 5.537604539069396333e-04 5.537143501149126117e-04 5.540162152423528611e-04 5.541791401326421652e-04 5.539755716607475556e-04 5.539703754729671543e-04 5.542050400653930576e-04 5.544546373398724073e-04 5.549470052619231378e-04 5.551520560464748072e-04 5.556443970789465411e-04 5.558459599846924488e-04 5.557032724716027368e-04 5.554996950739135618e-04 5.552390948680271856e-04 5.544410674895302671e-04 5.537359080162963451e-04 5.542004292948023159e-04 5.559247275797453251e-04 5.584092178334454544e-04 5.577645790599964400e-04 5.559328222731218551e-04 5.565438875369825480e-04
5.541032679043475951e-04 5.536255727037335842e-04 5.537097567467009953e-04 5.539791504356796634e-04 5.539342441909868341e-04 5.542377066439918695e-04 5.544029972965700426e-04 5.542030780185601109e-04 5.542050400653930576e-04 5.544632474406834422e-04 5.547237081234119259e-04 5.552280420127908740e-04 5.554452266548997154e-04 5.559467741001536401e-04 5.561575178994199046e-04 5.560233702739502803e-04 5.558254946525491985e-04 5.555711514249685222e-04 5.547773355224992200e-04 5.540586791314140421e-04 5.544878294740078093e-04 5.561652647288418874e-04 5.586246682297113346e-04 5.580003483296431350e-04 5.561893938264698186e-04 5.568026474518983143e-04
5.543215771348574631e-04 5.538417830423276057e-04 5.539369954406632652e-04 5.542047042341904754e-04 5.541623718497127758e-04 5.544698703123207258e-04 5.546403585066625236e-04 5.544461718382039279e-04 5.544546373398724073e-04 5.547237081234119259e-04 5.550139695454906928e-04 5.555397167010869006e-04 5.557774996804583888e-04 5.562981717881125901e-04 5.565233299916592805e-04 5.563988732338139747e-04 5.562085071523657689e-04 5.559630264906375132e-04 5.551699185933268348e-04 5.544346423300334798e-04 5.548252683446030500e-04 5.564404298421072800e-04 5.588528911017811044e-04 5.582255721151339976e-04 5.564444411942761140e-04 5.570668242320577640e-04
5.547805143595878515e-04 5.542957813581671916e-04 5.543968857271827557e-04 5.546670393542658386e-04 5.546297782783128410e-04 5.549429040213287164e-04 5.551183872377405239e-04 5.549296699680664972e-04 5.549470052619231378e-04 5.552280420127908740e-04 5.555397167010869006e-04 5.561011451085921689e-04 5.563699098734677193e-04 5.569198401272619330e-04 5.571687475907060585e-04 5.570647241141825877e-04 5.568909515850493539e-04 5.566608455929667951e-04 5.558681440817843161e-04 5.551050845051743073e-04 5.554411859622318840e-04 5.569656252415992491e-04 5.593155998003779923e-04 5.586880022495176309e-04 5.569468123743131138e-04 5.575847353875936678e-04
5.549492045819909986e-04 5.544577563300778387e-04 5.545663318619328342e-04 5.548408841892256546e-04 5.548082146498934048e-04 5.551281067971658391e-04 5.553072841441024539e-04 5.551248762949290280e-04 5.551520560464748072e-04 5.554452266548997154e-04 5.557774996804583888e-04 5.563699098734677193e-04 5.566864652640316500e-04 5.572761903113016523e-04 5.575575047805277898e-04 5.574824685877242730e-04 5.573308009221635299e-04 5.571249491069481859e-04 5.563436107900240771e-04 5.555564125437081977e-04 5.558316401910896052e-04 5.572553839716002733e-04 5.595300522363447302e-04 5.589061241721905065e-04 5.572235096282566157e-04 5.578607733649395542e-04
5.554088631398744263e-04 5.549120851555342784e-04 5.550264495508057828e-04 5.553019631660530055e-04 5.552744645105580799e-04 5.556013119769602927e-04 5.557856236952526084e-04 5.556094087160905800e-04 5.556443970789465411e-04 5.559467741001536401e-04 5.562981717881125901e-04 5.569198401272619330e-04 5.572761903113016523e-04 5.579258784245162001e-04 5.582573118228857005e-04 5.582234306309585706e-04 5.581033734705341271e-04 5.579242756259826562e-04 5.571540404882947091e-04 5.563334313863493863e-04 5.565264466921408543e-04 5.578263852377908678e-04 5.600191320776796641e-04 5.594250191469379461e-04 5.578232242327028695e-04 5.584476971415247397e-04
5.555759338924576079e-04 5.550821298648636907e-04 5.551988001469954472e-04 5.554743314766269913e-04 5.554524337789364975e-04 5.557844311259543032e-04 5.559728499243846243e-04 5.558035311609517068e-04 5.558459599846924488e-04 5.561575178994199046e-04 5.565233299916592805e-04 5.571687475907060585e-04 5.575575047805277898e-04 5.582573118228857005e-04 5.586621827298130774e-04 5.586993609808070527e-04 5.586384809297324262e-04 5.585087170665677852e-04 5.577593568096532320e-04 5.569089639679645348e-04 5.570000372877501309e-04 5.581243947641267812e-04 5.601997872481185225e-04 5.596484676600290212e-04 5.581078108359039140e-04 5.587247134992024550e-04
5.553969519450887215e-04 5.549090268512890103e-04 5.550252622315049629e-04 5.553057146455429079e-04 5.552859772073814003e-04 5.556247142629864352e-04 5.558173876497688468e-04 5.556545149770028167e-04 5.557032724716027368e-04 5.560233702739502803e-04 5.563988732338139747e-04 5.570647241141825877e-04 5.574824685877242730e-04 5.582234306309585706e-04 5.586993609808070527e-04 5.588511172255286206e-04 5.588941899428186274e-04 5.588570431588185932e-04 5.581616946197821014e-04 5.573001674190929599e-04 5.572735478140812635e-04 5.581478891602572982e-04 5.600154840778519922e-04 5.594818191631621262e-04 5.580303659191566783e-04 5.586831529396806993e-04
5.551701240355466031e-04 5.546928973599047751e-04 5.548000434777969250e-04 5.550818909839566649e-04 5.550590669069210836e-04 5.554057795153511659e-04 5.556040316291220799e-04 5.554466750984094880e-04 5.554996950739135618e-04 5.558254946525491985e-04 5.562085071523657689e-04 5.568909515850493539e-04 5.573308009221635299e-04 5.581033734705341271e-04 5.586384809297324262e-04 5.588941899428186274e-04 5.590824882251415467e-04 5.591800868840278004e-04 5.585625364619276924e-04 5.576983023963531013e-04 5.575520836023458620e-04 5.581437096557751018e-04 5.597636903320447974e-04 5.592394392901754198e-04 5.578844040533325948e-04 5.585987865560855569e-04
5.548827805110319224e-04 5.544161776884831347e-04 5.545115656363827205e-04 5.548020759457446662e-04 5.547742156619528799e-04 5.551282140979950852e-04 5.553345258140829138e-04 5.551839526470771094e-04 5.552390948680271856e-04 5.555711514249685222e-04 5.559630264906375132e-04 5.566608455929667951e-04 5.571249491069481859e-04 5.579242756259826562e-04 5.585087170665677852e-04 5.588570431588185932e-04 5.591800868840278004e-04 5.594697308356519176e-04 5.590017467106248071e-04 5.581862852298458307e-04 5.579706705061306246e-04 5.582824180571985652e-04 5.595618758812716774e-04 5.589831896824779336e-04 5.577584889148238774e-04 5.585069526477202126e-04
5.540888771178076365e-04 5.536199672097156252e-04 5.537030253528806099e-04 5.540083178918664072e-04 5.539735559183590115e-04 5.543272068751753769e-04 5.545375949686858841e-04 5.543877341274113576e-04 5.544410674895302671e-04 5.547773355224992200e-04 5.551699185933268348e-04 5.558681440817843161e-04 5.563436107900240771e-04 5.571540404882947091e-04 5.577593568096532320e-04 5.581616946197821014e-04 5.585625364619276924e-04 5.590017467106248071e-04 5.587765469928275292e-04 5.581488475591853344e-04 5.580041642571099405e-04 5.581826623552118595e-04 5.591177645163869720e-04 5.583500611149081567e-04 5.571317267617445241e-04 5.578280488790415608e-04
5.533977168304220207e-04 5.529241302862931409e-04 5.529912328096868576e-04 5.533217736725158740e-04 5.532802977008210955e-04 5.536303890484420591e-04 5.538482385854147849e-04 5.536933721911104639e-04 5.537359080162963451e-04 5.540586791314140421e-04 5.544346423300334798e-04 5.551050845051743073e-04 5.555564125437081977e-04 5.563334313863493863e-04 5.569089639679645348e-04 5.573001674190929599e-04 5.576983023963531013e-04 5.581862852298458307e-04 5.581488475591853344e-04 5.578840219496120773e-04 5.580646248675419753e-04 5.583793614867797609e-04 5.590875033564477728e-04 5.579473235947497809e-04 5.565646285388002774e-04 5.571842134943051986e-04
5.539492920359153933e-04 5.534736194186149968e-04 5.535126793726410791e-04 5.538637497389788328e-04 5.538093474259884194e-04 5.541491722157252785e-04 5.543585572640473197e-04 5.541868803902396832e-04 5.542004292948023159e-04 5.544878294740078093e-04 5.548252683446030500e-04 5.554411859622318840e-04 5.558316401910896052e-04 5.565264466921408543e-04 5.570000372877501309e-04 5.572735478140812635e-04 5.575520836023458620e-04 5.579706705061306246e-04 5.580041642571099405e-04 5.580646248675419753e-04 5.588871432746352020e-04 5.598493152756005070e-04 5.607239922182272358e-04 5.590690755781932636e-04 5.572267479929100906e-04 5.577079922774412632e-04
5.558373313596379683e-04 5.553738672106640212e-04 5.553835023561399815e-04 5.557269078894682334e-04 5.556554776652489940e-04 5.559758493363664306e-04 5.561456999954782167e-04 5.559483177234936842e-04 5.559247275797453251e-04 5.561652647288418874e-04 5.564404298421072800e-04 5.569656252415992491e-04 5.572553839716002733e-04 5.578263852377908678e-04 5.581243947641267812e-04 5.581478891602572982e-04 5.581437096557751018e-04 5.582824180571985652e-04 5.581826623552118595e-04 5.583793614867797609e-04 5.598493152756005070e-04 5.621516963957748055e-04 5.640230817685275809e-04 5.620168443686428565e-04 5.592819982152062545e-04 5.595360802681934769e-04
5.584219613904330007e-04 5.579787806093878828e-04 5.580107003922192164e-04 5.583084344337346273e-04 5.582281625193344929e-04 5.585278628927031058e-04 5.586646564812756477e-04 5.584482324570239162e-04 5.584092178334454544e-04 5.586246682297113346e-04 5.588528911017811044e-04 5.593155998003779923e-04 5.595300522363447302e-04 5.600191320776796641e-04 5.601997872481185225e-04 5.600154840778519922e-04 5.597636903320447974e-04 5.595618758812716774e-04 5.591177645163869720e-04 5.590875033564477728e-04 5.607239922182272358e-04 5.640230817685275809e-04 5.675880279908737799e-04 5.661744101400830462e-04 5.624123010055384012e-04 5.622992886438440063e-04
5.577707557742963033e-04 5.573373789810063877e-04 5.574094162568586554e-04 5.576602157766128018e-04 5.575953620937297052e-04 5.578709552929757157e-04 5.580062466637360913e-04 5.577830476355948594e-04 5.577645790599964400e-04 5.580003483296431350e-04 5.582255721151339976e-04 5.586880022495176309e-04 5.589061241721905065e-04 5.594250191469379461e-04 5.596484676600290212e-04 5.594818191631621262e-04 5.592394392901754198e-04 5.589831896824779336e-04 5.583500611149081567e-04 5.579473235947497809e-04 5.590690755781932636e-04 5.620168443686428565e-04 5.661744101400830462e-04 5.664974222980862645e-04 5.632068443460019848e-04 5.624084989958439123e-04
5.558608018492462157e-04 5.553808926938316824e-04 5.554829613554210970e-04 5.557470442407927685e-04 5.557076015282081142e-04 5.559962115022600493e-04 5.561432704105281075e-04 5.559266510746872086e-04 5.559328222731218551e-04 5.561893938264698186e-04 5.564444411942761140e-04 5.569468123743131138e-04 5.572235096282566157e-04 5.578232242327028695e-04 5.581078108359039140e-04 5.580303659191566783e-04 5.578844040533325948e-04 5.577584889148238774e-04 5.571317267617445241e-04 5.565646285388002774e-04 5.572267479929100906e-04 5.592819982152062545e-04 5.624123010055384012e-04 5.632068443460019848e-04 5.623004263972505769e-04 5.616329792949547586e-04
5.564278632475456749e-04 5.559121773289153181e-04 5.560131596093066241e-04 5.562739120198149532e-04 5.562481128582349825e-04 5.565484638650601036e-04 5.567112768892895896e-04 5.565287686765317500e-04 5.565438875369825480e-04 5.568026474518983143e-04 5.570668242320577640e-04 5.575847353875936678e-04 5.578607733649395542e-04 5.584476971415247397e-04 5.587247134992024550e-04 5.586831529396806993e-04 5.585987865560855569e-04 5.585069526477202126e-04 5.578280488790415608e-04 5.571842134943051986e-04 5.577079922774412632e-04 5.595360802681934769e-04 5.622992886438440063e-04 5.624084989958439123e-04 5.616329792949547586e-04 5.631644114512760488e-04
