1.146556665632610138e-04 1.144439154757481350e-04 1.145888134064823144e-04 1.145019706584552040e-04 1.146979033593999284e-04 1.147703699544884719e-04 1.148494529402208363e-04 1.148498335848770256e-04 1.148110403015632704e-04 1.146982248691827416e-04 1.146451092605402694e-04 1.148881716301808402e-04 1.149496804447877954e-04 1.148005372647229708e-04 1.148461820011962230e-04 1.148663362327528024e-04 1.150572071639914122e-04 1.152859653606441568e-04 1.154336376463284430e-04 1.156650813743982116e-04 1.154546472779211723e-04 1.152096163366351042e-04 1.150192069264245810e-04 1.147829884277479343e-04 1.139092170694748724e-04 1.137734200049906355e-04
1.144439154757481350e-04 1.143291827674336160e-04 1.144425963145277719e-04 1.143603581035008282e-04 1.145479308815595113e-04 1.146189273927953901e-04 1.147024674866196469e-04 1.147072397297346238e-04 1.146778106976707783e-04 1.145695706859838688e-04 1.145207837191801372e-04 1.147674506085625152e-04 1.148352307873064281e-04 1.146885283830409446e-04 1.147386990877134706e-04 1.147603804910242865e-04 1.149500149260942848e-04 1.151766852498932290e-04 1.153304657340547651e-04 1.155490044544689400e-04 1.153149773923253189e-04 1.150559077164132804e-04 1.148830479645049715e-04 1.146500099470802909e-04 1.137645087092423234e-04 1.136436671410476695e-04
1.145888134064823144e-04 1.144425963145277719e-04 1.146166484073325346e-04 1.145137227204938901e-04 1.147028617569882924e-04 1.147769128431012659e-04 1.148582064021360819e-04 1.148641900497961486e-04 1.148282969574875500e-04 1.147190852536622406e-04 1.146723607685016502e-04 1.149209586143730660e-04 1.149912983932942830e-04 1.148456901546459187e-04 1.148925251777050728e-04 1.149105083569327711e-04 1.150955053491796388e-04 1.153173049312559935e-04 1.154641371095692809e-04 1.156741937857023192e-04 1.154335338381589444e-04 1.151686693679771899e-04 1.149949421507566526e-04 1.147765054789150863e-04 1.139003820658838578e-04 1.137836111316353738e-04
1.145019706584552040e-04 1.143603581035008282e-04 1.145137227204938901e-04 1.144518275497980624e-04 1.146361666252221562e-04 1.147073072775329111e-04 1.147919839669448214e-04 1.147957379893795960e-04 1.147640354114826800e-04 1.146561085409648662e-04 1.146108020837338919e-04 1.148610406960145618e-04 1.149321282877896965e-04 1.147872338540139773e-04 1.148360496902016702e-04 1.148541113608163425e-04 1.150391394832231428e-04 1.152589322064332620e-04 1.153996612090162749e-04 1.156039743705858543e-04 1.153577250413372849e-04 1.150878951610985576e-04 1.149113899740318519e-04 1.146951743745257361e-04 1.138245619807484629e-04 1.136921052293722351e-04
1.146979033593999284e-04 1.145479308815595113e-04 1.147028617569882924e-04 1.146361666252221562e-04 1.148491574619885683e-04 1.149164898938491425e-04 1.150014720206810650e-04 1.150063731144730910e-04 1.149775902530674994e-04 1.148695090471288724e-04 1.148243910284692585e-04 1.150770656203435870e-04 1.151499755835808168e-04 1.150066543858328100e-04 1.150555570682048402e-04 1.150743437270171078e-04 1.152608555021059013e-04 1.154829769873712020e-04 1.156240650443715980e-04 1.158306222080372029e-04 1.155874982626470195e-04 1.153062422580065666e-04 1.151206760535138253e-04 1.149065175369916021e-04 1.140531867747911362e-04 1.139087964646110684e-04
1.147703699544884719e-04 1.146189273927953901e-04 1.147769128431012659e-04 1.147073072775329111e-04 1.149164898938491425e-04 1.150059462354922782e-04 1.150885610899943652e-04 1.150952203514660861e-04 1.150640711664892274e-04 1.149565623556335109e-04 1.149122623026232933e-04 1.151676775489992910e-04 1.152433611376178107e-04 1.151034732740816399e-04 1.151546076009138392e-04 1.151731108456817036e-04 1.153602840884731845e-04 1.155844574372795800e-04 1.157251778565319999e-04 1.159254101824626067e-04 1.156728292343129835e-04 1.153750753004150587e-04 1.151930230072131659e-04 1.149859293410203154e-04 1.141297597290143905e-04 1.139780689043562456e-04
1.148494529402208363e-04 1.147024674866196469e-04 1.148582064021360819e-04 1.147919839669448214e-04 1.150014720206810650e-04 1.150885610899943652e-04 1.151918450893512697e-04 1.151982344213339516e-04 1.151705722124648265e-04 1.150654979850556275e-04 1.150242935658991715e-04 1.152833553658295641e-04 1.153620320008173853e-04 1.152238557199335834e-04 1.152749288307846731e-04 1.152944241701224314e-04 1.154847508907763502e-04 1.157098845477740566e-04 1.158536193325933518e-04 1.160596358760670327e-04 1.158103017730677747e-04 1.155067214878896840e-04 1.153106605354359780e-04 1.150786449393082558e-04 1.142174080427747204e-04 1.140628629306323933e-04
1.148498335848770256e-04 1.147072397297346238e-04 1.148641900497961486e-04 1.147957379893795960e-04 1.150063731144730910e-04 1.150952203514660861e-04 1.151982344213339516e-04 1.152203268396959578e-04 1.151959121103346054e-04 1.150941079263090094e-04 1.150558276685132635e-04 1.153177719424785608e-04 1.153987768980831874e-04 1.152611275235311972e-04 1.153116110241093960e-04 1.153305669372641114e-04 1.155177928657271459e-04 1.157386481337375930e-04 1.158792665786555052e-04 1.160817860578614496e-04 1.158263280912337723e-04 1.155140103450940227e-04 1.153221322681358477e-04 1.150828255216943045e-04 1.142138334900679516e-04 1.140644252397218236e-04
1.148110403015632704e-04 1.146778106976707783e-04 1.148282969574875500e-04 1.147640354114826800e-04 1.149775902530674994e-04 1.150640711664892274e-04 1.151705722124648265e-04 1.151959121103346054e-04 1.151925249684541963e-04 1.150958955662761214e-04 1.150649019354898985e-04 1.153346315448401909e-04 1.154218108146213678e-04 1.152865870535372319e-04 1.153402313063441856e-04 1.153615684466561154e-04 1.155485813037088487e-04 1.157662266385534809e-04 1.159045312657693125e-04 1.160980019395253755e-04 1.158246094392797977e-04 1.154875418749013550e-04 1.153033061881783583e-04 1.150716808891231969e-04 1.141992575184695838e-04 1.140531834802389509e-04
1.146982248691827416e-04 1.145695706859838688e-04 1.147190852536622406e-04 1.146561085409648662e-04 1.148695090471288724e-04 1.149565623556335109e-04 1.150654979850556275e-04 1.150941079263090094e-04 1.150958955662761214e-04 1.150156775454840691e-04 1.149928639269320272e-04 1.152683293480397884e-04 1.153611721267534113e-04 1.152316945572173990e-04 1.152909749056000443e-04 1.153146324050057100e-04 1.155010580055682755e-04 1.157160335587168555e-04 1.158526386114920446e-04 1.160395295318798840e-04 1.157502036844196671e-04 1.153925794278389704e-04 1.152060685939927171e-04 1.149648968326566468e-04 1.140818535855104009e-04 1.139298347625238478e-04
1.146451092605402694e-04 1.145207837191801372e-04 1.146723607685016502e-04 1.146108020837338919e-04 1.148243910284692585e-04 1.149122623026232933e-04 1.150242935658991715e-04 1.150558276685132635e-04 1.150649019354898985e-04 1.149928639269320272e-04 1.149913980558337346e-04 1.152794242610979654e-04 1.153827743637565761e-04 1.152629422728193093e-04 1.153293937397490635e-04 1.153563777746740627e-04 1.155425855797342108e-04 1.157537043350488767e-04 1.158856045243238347e-04 1.160617695750712432e-04 1.157502806328408534e-04 1.153595181945959075e-04 1.151760465567760089e-04 1.149300152941319945e-04 1.140361210954049477e-04 1.138868117120767721e-04
1.148881716301808402e-04 1.147674506085625152e-04 1.149209586143730660e-04 1.148610406960145618e-04 1.150770656203435870e-04 1.151676775489992910e-04 1.152833553658295641e-04 1.153177719424785608e-04 1.153346315448401909e-04 1.152683293480397884e-04 1.152794242610979654e-04 1.155917501683404629e-04 1.157104096204813348e-04 1.156013397224200966e-04 1.156795310628914991e-04 1.157149787397567859e-04 1.159059009709290572e-04 1.161168580502145234e-04 1.162463661459033353e-04 1.164118388016650830e-04 1.160732874937827795e-04 1.156370433525459498e-04 1.154545951665969105e-04 1.152042052402990705e-04 1.142937189151517458e-04 1.141409344432134420e-04
1.149496804447877954e-04 1.148352307873064281e-04 1.149912983932942830e-04 1.149321282877896965e-04 1.151499755835808168e-04 1.152433611376178107e-04 1.153620320008173853e-04 1.153987768980831874e-04 1.154218108146213678e-04 1.153611721267534113e-04 1.153827743637565761e-04 1.157104096204813348e-04 1.158551182034357356e-04 1.157647800349678496e-04 1.158572286458729045e-04 1.159057001533065706e-04 1.161040034966309616e-04 1.163169840725918763e-04 1.164475967073867947e-04 1.166026631390595941e-04 1.162334021382481535e-04 1.157533264725033024e-04 1.155677740081532652e-04 1.153169196445230963e-04 1.143947371984571079e-04 1.142333455677219957e-04
1.148005372647229708e-04 1.146885283830409446e-04 1.148456901546459187e-04 1.147872338540139773e-04 1.150066543858328100e-04 1.151034732740816399e-04 1.152238557199335834e-04 1.152611275235311972e-04 1.152865870535372319e-04 1.152316945572173990e-04 1.152629422728193093e-04 1.156013397224200966e-04 1.157647800349678496e-04 1.157100029642832396e-04 1.158286706368901402e-04 1.158970080775996838e-04 1.161087928950090155e-04 1.163299594186691484e-04 1.164640628465916613e-04 1.166097896526954806e-04 1.162057424950613954e-04 1.156678369460996262e-04 1.154625643186947738e-04 1.152124470234962706e-04 1.142762457164518122e-04 1.141021047738801232e-04
1.148461820011962230e-04 1.147386990877134706e-04 1.148925251777050728e-04 1.148360496902016702e-04 1.150555570682048402e-04 1.151546076009138392e-04 1.152749288307846731e-04 1.153116110241093960e-04 1.153402313063441856e-04 1.152909749056000443e-04 1.153293937397490635e-04 1.156795310628914991e-04 1.158572286458729045e-04 1.158286706368901402e-04 1.159933728047866876e-04 1.160989063442154030e-04 1.163332257631142841e-04 1.165656103988481991e-04 1.167054351856794186e-04 1.168450628159388487e-04 1.164005927950515005e-04 1.157788222310271491e-04 1.155326510717258337e-04 1.152771901409112499e-04 1.143391125994402469e-04 1.141514432940422602e-04
1.148663362327528024e-04 1.147603804910242865e-04 1.149105083569327711e-04 1.148541113608163425e-04 1.150743437270171078e-04 1.151731108456817036e-04 1.152944241701224314e-04 1.153305669372641114e-04 1.153615684466561154e-04 1.153146324050057100e-04 1.153563777746740627e-04 1.157149787397567859e-04 1.159057001533065706e-04 1.158970080775996838e-04 1.160989063442154030e-04 1.162648365581675568e-04 1.165452477833678422e-04 1.168060841761559742e-04 1.169677127490344551e-04 1.171141782863450011e-04 1.166373194785524605e-04 1.159133748209158275e-04 1.155932105959987317e-04 1.153272447558125840e-04 1.143921567146117993e-04 1.141981198310168744e-04
1.150572071639914122e-04 1.149500149260942848e-04 1.150955053491796388e-04 1.150391394832231428e-04 1.152608555021059013e-04 1.153602840884731845e-04 1.154847508907763502e-04 1.155177928657271459e-04 1.155485813037088487e-04 1.155010580055682755e-04 1.155425855797342108e-04 1.159059009709290572e-04 1.161040034966309616e-04 1.161087928950090155e-04 1.163332257631142841e-04 1.165452477833678422e-04 1.169050836980740449e-04 1.172335445185967642e-04 1.174420826047987249e-04 1.176049863570216613e-04 1.170918878197076514e-04 1.162570265985578646e-04 1.158144124850339488e-04 1.155303365090155177e-04 1.145935259365664117e-04 1.144064737744415961e-04
1.152859653606441568e-04 1.151766852498932290e-04 1.153173049312559935e-04 1.152589322064332620e-04 1.154829769873712020e-04 1.155844574372795800e-04 1.157098845477740566e-04 1.157386481337375930e-04 1.157662266385534809e-04 1.157160335587168555e-04 1.157537043350488767e-04 1.161168580502145234e-04 1.163169840725918763e-04 1.163299594186691484e-04 1.165656103988481991e-04 1.168060841761559742e-04 1.172335445185967642e-04 1.176750011127975854e-04 1.179733234257314314e-04 1.181778751640509870e-04 1.176531279351798314e-04 1.167268423974748354e-04 1.161074033895520454e-04 1.157799987299004885e-04 1.148542974488488312e-04 1.146884701890646955e-04
1.154336376463284430e-04 1.153304657340547651e-04 1.154641371095692809e-04 1.153996612090162749e-04 1.156240650443715980e-04 1.157251778565319999e-04 1.158536193325933518e-04 1.158792665786555052e-04 1.159045312657693125e-04 1.158526386114920446e-04 1.158856045243238347e-04 1.162463661459033353e-04 1.164475967073867947e-04 1.164640628465916613e-04 1.167054351856794186e-04 1.169677127490344551e-04 1.174420826047987249e-04 1.179733234257314314e-04 1.184218087740679100e-04 1.187281189898907815e-04 1.182221710712930845e-04 1.172086986271617977e-04 1.163724974156838407e-04 1.159719687676721665e-04 1.150775183112882129e-04 1.149058968182593696e-04
1.156650813743982116e-04 1.155490044544689400e-04 1.156741937857023192e-04 1.156039743705858543e-04 1.158306222080372029e-04 1.159254101824626067e-04 1.160596358760670327e-04 1.160817860578614496e-04 1.160980019395253755e-04 1.160395295318798840e-04 1.160617695750712432e-04 1.164118388016650830e-04 1.166026631390595941e-04 1.166097896526954806e-04 1.168450628159388487e-04 1.171141782863450011e-04 1.176049863570216613e-04 1.181778751640509870e-04 1.187281189898907815e-04 1.192370349593234647e-04 1.188931283715828017e-04 1.179034073035865686e-04 1.168685863181707652e-04 1.162584368308977996e-04 1.153784804598502554e-04 1.152162794857571721e-04
1.154546472779211723e-04 1.153149773923253189e-04 1.154335338381589444e-04 1.153577250413372849e-04 1.155874982626470195e-04 1.156728292343129835e-04 1.158103017730677747e-04 1.158263280912337723e-04 1.158246094392797977e-04 1.157502036844196671e-04 1.157502806328408534e-04 1.160732874937827795e-04 1.162334021382481535e-04 1.162057424950613954e-04 1.164005927950515005e-04 1.166373194785524605e-04 1.170918878197076514e-04 1.176531279351798314e-04 1.182221710712930845e-04 1.188931283715828017e-04 1.188804189266465873e-04 1.181718818841313173e-04 1.171147348641680562e-04 1.161849336537133944e-04 1.152588411552844637e-04 1.151289379607326423e-04
1.152096163366351042e-04 1.150559077164132804e-04 1.151686693679771899e-04 1.150878951610985576e-04 1.153062422580065666e-04 1.153750753004150587e-04 1.155067214878896840e-04 1.155140103450940227e-04 1.154875418749013550e-04 1.153925794278389704e-04 1.153595181945959075e-04 1.156370433525459498e-04 1.157533264725033024e-04 1.156678369460996262e-04 1.157788222310271491e-04 1.159133748209158275e-04 1.162570265985578646e-04 1.167268423974748354e-04 1.172086986271617977e-04 1.179034073035865686e-04 1.181718818841313173e-04 1.181149854084775279e-04 1.174237985240301737e-04 1.162922249918804635e-04 1.151405457366515197e-04 1.150577060621203572e-04
1.150192069264245810e-04 1.148830479645049715e-04 1.149949421507566526e-04 1.149113899740318519e-04 1.151206760535138253e-04 1.151930230072131659e-04 1.153106605354359780e-04 1.153221322681358477e-04 1.153033061881783583e-04 1.152060685939927171e-04 1.151760465567760089e-04 1.154545951665969105e-04 1.155677740081532652e-04 1.154625643186947738e-04 1.155326510717258337e-04 1.155932105959987317e-04 1.158144124850339488e-04 1.161074033895520454e-04 1.163724974156838407e-04 1.168685863181707652e-04 1.171147348641680562e-04 1.174237985240301737e-04 1.175904537809937557e-04 1.168350619261018759e-04 1.153056958531272164e-04 1.150285752204161909e-04
1.147829884277479343e-04 1.146500099470802909e-04 1.147765054789150863e-04 1.146951743745257361e-04 1.149065175369916021e-04 1.149859293410203154e-04 1.150786449393082558e-04 1.150828255216943045e-04 1.150716808891231969e-04 1.149648968326566468e-04 1.149300152941319945e-04 1.152042052402990705e-04 1.153169196445230963e-04 1.152124470234962706e-04 1.152771901409112499e-04 1.153272447558125840e-04 1.155303365090155177e-04 1.157799987299004885e-04 1.159719687676721665e-04 1.162584368308977996e-04 1.161849336537133944e-04 1.162922249918804635e-04 1.168350619261018759e-04 1.170803527736232174e-04 1.156759425633396409e-04 1.149629357221566882e-04
1.139092170694748724e-04 1.137645087092423234e-04 1.139003820658838578e-04 1.138245619807484629e-04 1.140531867747911362e-04 1.141297597290143905e-04 1.142174080427747204e-04 1.142138334900679516e-04 1.141992575184695838e-04 1.140818535855104009e-04 1.140361210954049477e-04 1.142937189151517458e-04 1.143947371984571079e-04 1.142762457164518122e-04 1.143391125994402469e-04 1.143921567146117993e-04 1.145935259365664117e-04 1.148542974488488312e-04 1.150775183112882129e-04 1.153784804598502554e-04 1.152588411552844637e-04 1.151405457366515197e-04 1.153056958531272164e-04 1.156759425633396409e-04 1.152598125687690818e-04 1.145543582990714304e-04
1.137734200049906355e-04 1.136436671410476695e-04 1.137836111316353738e-04 1.136921052293722351e-04 1.139087964646110684e-04 1.139780689043562456e-04 1.140628629306323933e-04 1.140644252397218236e-04 1.140531834802389509e-04 1.139298347625238478e-04 1.138868117120767721e-04 1.141409344432134420e-04 1.142333455677219957e-04 1.141021047738801232e-04 1.141514432940422602e-04 1.141981198310168744e-04 1.144064737744415961e-04 1.146884701890646955e-04 1.149058968182593696e-04 1.152162794857571721e-04 1.151289379607326423e-04 1.150577060621203572e-04 1.150285752204161909e-04 1.149629357221566882e-04 1.145543582990714304e-04 1.148294275833559370e-04
