6.302216098417872401e-04 6.299626054640657894e-04 6.307374037457208048e-04 6.308306007585949733e-04 6.308540539412737852e-04 6.311297808000923548e-04 6.313162617671748151e-04 6.315680026610961647e-04 6.320375554986968529e-04 6.320995336353972711e-04 6.320291639640170491e-04 6.324999257754595648e-04 6.329480924272429818e-04 6.336669080096261073e-04 6.342179505270552483e-04 6.352581624283114509e-04 6.363154954261213874e-04 6.371451015545121811e-04 6.383329207948417686e-04 6.388810406637601171e-04 6.381081158802882989e-04 6.347970043740913540e-04 6.304296589556186454e-04 6.297495242935318522e-04 6.316101115203923188e-04 6.333503682698357140e-04
6.299626054640657894e-04 6.297653203784453566e-04 6.305301626006619073e-04 6.306153503134940934e-04 6.306383922157279831e-04 6.309108598919453432e-04 6.311006176099090686e-04 6.313518101770406290e-04 6.318218241035106599e-04 6.318857231040770489e-04 6.318134859742290154e-04 6.322837858905622395e-04 6.327311050741379591e-04 6.334454564867069998e-04 6.339943339723577188e-04 6.350351049275927045e-04 6.360948374011623271e-04 6.369198134578116406e-04 6.380939640883615026e-04 6.386168331519348658e-04 6.378182443106265908e-04 6.344911978223668255e-04 6.301319786841467737e-04 6.295062069908875920e-04 6.314149209484903836e-04 6.331220147082325302e-04
6.307374037457208048e-04 6.305301626006619073e-04 6.313367949282598559e-04 6.314134051422602830e-04 6.314358013580017269e-04 6.317103687509054155e-04 6.319047513701555197e-04 6.321562913868679053e-04 6.326294430732020465e-04 6.326967394801010424e-04 6.326290785356939025e-04 6.331053589283633940e-04 6.335585399044222710e-04 6.342800207265914285e-04 6.348347251980530036e-04 6.358772590882289227e-04 6.369375508015372644e-04 6.377694508225297508e-04 6.389502700302792781e-04 6.394764209724987641e-04 6.386740697823563165e-04 6.353200732422376691e-04 6.309320642974248702e-04 6.302692705643157768e-04 6.321638599735246141e-04 6.339040464480605883e-04
6.308306007585949733e-04 6.306153503134940934e-04 6.314134051422602830e-04 6.315236294360923770e-04 6.315401618875968485e-04 6.318144853148909956e-04 6.320117452817215677e-04 6.322672168171281038e-04 6.327421825364507382e-04 6.328109524360118207e-04 6.327472358321572067e-04 6.332300804790687559e-04 6.336892111135434191e-04 6.344174730658143531e-04 6.349822782127763571e-04 6.360386614781414786e-04 6.371123531515200797e-04 6.379559057560971322e-04 6.391462800901159726e-04 6.396740633104092306e-04 6.388489997725570798e-04 6.354579056093030134e-04 6.310539725781054172e-04 6.303971363653847930e-04 6.322877358665166328e-04 6.340500422652749820e-04
6.308540539412737852e-04 6.306383922157279831e-04 6.314358013580017269e-04 6.315401618875968485e-04 6.315801515796831255e-04 6.318550346436708131e-04 6.320525864929586084e-04 6.323087644058209130e-04 6.327859241752092001e-04 6.328567527967235038e-04 6.327962148349049968e-04 6.332829161674243543e-04 6.337474110982328638e-04 6.344836288245727382e-04 6.350566431508329916e-04 6.361217622773052052e-04 6.371977894608453746e-04 6.380443372556959640e-04 6.392350461432467091e-04 6.397609984597651305e-04 6.389271747638940744e-04 6.355133204509723832e-04 6.310861344428008541e-04 6.303963492899380917e-04 6.322902941376112732e-04 6.340466701819447506e-04
6.311297808000923548e-04 6.309108598919453432e-04 6.317103687509054155e-04 6.318144853148909956e-04 6.318550346436708131e-04 6.321538050945182778e-04 6.323521160791410701e-04 6.326102109568915253e-04 6.330912790423045763e-04 6.331650179495242319e-04 6.331092396353505975e-04 6.336012826338663102e-04 6.340709990598503978e-04 6.348120393929341252e-04 6.353896190384717259e-04 6.364612088814117913e-04 6.375464395020810074e-04 6.384074980043901284e-04 6.396151929435802286e-04 6.401473599661149485e-04 6.392938362711078973e-04 6.358444579752425743e-04 6.313806311416443346e-04 6.306662705686419228e-04 6.325779713272093640e-04 6.343356692253456896e-04
6.313162617671748151e-04 6.311006176099090686e-04 6.319047513701555197e-04 6.320117452817215677e-04 6.320525864929586084e-04 6.323521160791410701e-04 6.325712021973149473e-04 6.328339378389384162e-04 6.333198240038313397e-04 6.334001840644391465e-04 6.333503524546095238e-04 6.338512330494838450e-04 6.343348054956475740e-04 6.350875643027396270e-04 6.356788272139004409e-04 6.367630457503581885e-04 6.378625779544128431e-04 6.387382191181913875e-04 6.399586873046785983e-04 6.404900606741628123e-04 6.396209891085301389e-04 6.361312229284941987e-04 6.316232686694476855e-04 6.308914502112572325e-04 6.327980670357139566e-04 6.345605222233543456e-04
6.315680026610961647e-04 6.313518101770406290e-04 6.321562913868679053e-04 6.322672168171281038e-04 6.323087644058209130e-04 6.326102109568915253e-04 6.328339378389384162e-04 6.331144958216352106e-04 6.336062133906538796e-04 6.336941690936229686e-04 6.336537082442233321e-04 6.341654029473628787e-04 6.346624065314254151e-04 6.354301011691196105e-04 6.360369082176718387e-04 6.371384588595732602e-04 6.382540084212495832e-04 6.391460336637096737e-04 6.403837125899953771e-04 6.409120727987706930e-04 6.400099914530646980e-04 6.364627525754532012e-04 6.319194699467911092e-04 6.311776876733407073e-04 6.330586029233923467e-04 6.348415707157131077e-04
6.320375554986968529e-04 6.318218241035106599e-04 6.326294430732020465e-04 6.327421825364507382e-04 6.327859241752092001e-04 6.330912790423045763e-04 6.333198240038313397e-04 6.336062133906538796e-04 6.341166060722157414e-04 6.342135351127810251e-04 6.341828093531238619e-04 6.347072384490251530e-04 6.352192980390065783e-04 6.360008769910488555e-04 6.366223627123813881e-04 6.377391729018488855e-04 6.388679562786765730e-04 6.397732430592963787e-04 6.410197080487724415e-04 6.415461862391790265e-04 6.406220845249774917e-04 6.370190349583132157e-04 6.324187392331194219e-04 6.316388572364147868e-04 6.335443833252487039e-04 6.353633905131818044e-04
6.320995336353972711e-04 6.318857231040770489e-04 6.326967394801010424e-04 6.328109524360118207e-04 6.328567527967235038e-04 6.331650179495242319e-04 6.334001840644391465e-04 6.336941690936229686e-04 6.342135351127810251e-04 6.343333311408363767e-04 6.343194058616491351e-04 6.348603641511180087e-04 6.353898002448060602e-04 6.361874694585873194e-04 6.368254688588665963e-04 6.379571402911349146e-04 6.390978142433268805e-04 6.400128628117654180e-04 6.412606400676548529e-04 6.417661607192139735e-04 6.407922744736972969e-04 6.371271560069213845e-04 6.325051204077257851e-04 6.317271438182034448e-04 6.336013938767634740e-04 6.354205664181379089e-04
6.320291639640170491e-04 6.318134859742290154e-04 6.326290785356939025e-04 6.327472358321572067e-04 6.327962148349049968e-04 6.331092396353505975e-04 6.333503524546095238e-04 6.336537082442233321e-04 6.341828093531238619e-04 6.343194058616491351e-04 6.343375064711746867e-04 6.349053549247199923e-04 6.354610800046043206e-04 6.362838918138730409e-04 6.369473498842790054e-04 6.381030573635560702e-04 6.392652179739774900e-04 6.401970594226744733e-04 6.414539803683833160e-04 6.419425219158864321e-04 6.409115003026879262e-04 6.371535705189418797e-04 6.324748775023750734e-04 6.316773091430266922e-04 6.335282127529262347e-04 6.353396859012389736e-04
6.324999257754595648e-04 6.322837858905622395e-04 6.331053589283633940e-04 6.332300804790687559e-04 6.332829161674243543e-04 6.336012826338663102e-04 6.338512330494838450e-04 6.341654029473628787e-04 6.347072384490251530e-04 6.348603641511180087e-04 6.349053549247199923e-04 6.355167016881746109e-04 6.361122553930475144e-04 6.369733091903107122e-04 6.376774525509912696e-04 6.388738379792549766e-04 6.400718564256113957e-04 6.410338986668961611e-04 6.423110996001652568e-04 6.427831277353404952e-04 6.416700051533698107e-04 6.377632831409452184e-04 6.329781997300499598e-04 6.321421241017026894e-04 6.339854560073541600e-04 6.358068186153128425e-04
6.329480924272429818e-04 6.327311050741379591e-04 6.335585399044222710e-04 6.336892111135434191e-04 6.337474110982328638e-04 6.340709990598503978e-04 6.343348054956475740e-04 6.346624065314254151e-04 6.352192980390065783e-04 6.353898002448060602e-04 6.354610800046043206e-04 6.361122553930475144e-04 6.367685383437229115e-04 6.376880756540565572e-04 6.384519344195917819e-04 6.397030530134022999e-04 6.409527037126805469e-04 6.419578035050239840e-04 6.432661140300102373e-04 6.437284708411200942e-04 6.425235986014454174e-04 6.384395640358534818e-04 6.335190529795252032e-04 6.326322388569533646e-04 6.344850640505754523e-04 6.363317767576594577e-04
6.336669080096261073e-04 6.334454564867069998e-04 6.342800207265914285e-04 6.344174730658143531e-04 6.344836288245727382e-04 6.348120393929341252e-04 6.350875643027396270e-04 6.354301011691196105e-04 6.360008769910488555e-04 6.361874694585873194e-04 6.362838918138730409e-04 6.369733091903107122e-04 6.376880756540565572e-04 6.386894116304765679e-04 6.395324241646837930e-04 6.408548155505741769e-04 6.421713266630433778e-04 6.432341989747653900e-04 6.445847380254378757e-04 6.450375304742322468e-04 6.437279009764613775e-04 6.394261058407441686e-04 6.343488055552062724e-04 6.334284260532506297e-04 6.353028263784418284e-04 6.371586271692210443e-04
6.342179505270552483e-04 6.339943339723577188e-04 6.348347251980530036e-04 6.349822782127763571e-04 6.350566431508329916e-04 6.353896190384717259e-04 6.356788272139004409e-04 6.360369082176718387e-04 6.366223627123813881e-04 6.368254688588665963e-04 6.369473498842790054e-04 6.376774525509912696e-04 6.384519344195917819e-04 6.395324241646837930e-04 6.404823658996795311e-04 6.419054371749115208e-04 6.433177296387762849e-04 6.444685539076134987e-04 6.458882835924245613e-04 6.463512155665972116e-04 6.449377405164195007e-04 6.403863377682792249e-04 6.350982615283786619e-04 6.341043808133738080e-04 6.359473185231040394e-04 6.377669438294989368e-04
6.352581624283114509e-04 6.350351049275927045e-04 6.358772590882289227e-04 6.360386614781414786e-04 6.361217622773052052e-04 6.364612088814117913e-04 6.367630457503581885e-04 6.371384588595732602e-04 6.377391729018488855e-04 6.379571402911349146e-04 6.381030573635560702e-04 6.388738379792549766e-04 6.397030530134022999e-04 6.408548155505741769e-04 6.419054371749115208e-04 6.434656075734827016e-04 6.450112958556408977e-04 6.462832070426294522e-04 6.478030418915530159e-04 6.482947279849252684e-04 6.467742438374399563e-04 6.419261590214260385e-04 6.363646626502550288e-04 6.352848683601834126e-04 6.371137508243910740e-04 6.388664999077889707e-04
6.363154954261213874e-04 6.360948374011623271e-04 6.369375508015372644e-04 6.371123531515200797e-04 6.371977894608453746e-04 6.375464395020810074e-04 6.378625779544128431e-04 6.382540084212495832e-04 6.388679562786765730e-04 6.390978142433268805e-04 6.392652179739774900e-04 6.400718564256113957e-04 6.409527037126805469e-04 6.421713266630433778e-04 6.433177296387762849e-04 6.450112958556408977e-04 6.467402971620889130e-04 6.481968000523624391e-04 6.498720172617972581e-04 6.504333419107578016e-04 6.488294956660464741e-04 6.436568517866888628e-04 6.377404565411556045e-04 6.365395597583375399e-04 6.383354245165333285e-04 6.400203301791874185e-04
6.371451015545121811e-04 6.369198134578116406e-04 6.377694508225297508e-04 6.379559057560971322e-04 6.380443372556959640e-04 6.384074980043901284e-04 6.387382191181913875e-04 6.391460336637096737e-04 6.397732430592963787e-04 6.400128628117654180e-04 6.401970594226744733e-04 6.410338986668961611e-04 6.419578035050239840e-04 6.432341989747653900e-04 6.444685539076134987e-04 6.462832070426294522e-04 6.481968000523624391e-04 6.499210361808764646e-04 6.518547506242105714e-04 6.525775694220521499e-04 6.509543299939831232e-04 6.454641062477859586e-04 6.390838649775832997e-04 6.376075768225856772e-04 6.393019191608006373e-04 6.409278273706570236e-04
6.383329207948417686e-04 6.380939640883615026e-04 6.389502700302792781e-04 6.391462800901159726e-04 6.392350461432467091e-04 6.396151929435802286e-04 6.399586873046785983e-04 6.403837125899953771e-04 6.410197080487724415e-04 6.412606400676548529e-04 6.414539803683833160e-04 6.423110996001652568e-04 6.432661140300102373e-04 6.445847380254378757e-04 6.458882835924245613e-04 6.478030418915530159e-04 6.498720172617972581e-04 6.518547506242105714e-04 6.541474071197889411e-04 6.551716543848169153e-04 6.536694348485835252e-04 6.479860940100904288e-04 6.411111181829732631e-04 6.392333048875736400e-04 6.407373446158625948e-04 6.422587059296516916e-04
6.388810406637601171e-04 6.386168331519348658e-04 6.394764209724987641e-04 6.396740633104092306e-04 6.397609984597651305e-04 6.401473599661149485e-04 6.404900606741628123e-04 6.409120727987706930e-04 6.415461862391790265e-04 6.417661607192139735e-04 6.419425219158864321e-04 6.427831277353404952e-04 6.437284708411200942e-04 6.450375304742322468e-04 6.463512155665972116e-04 6.482947279849252684e-04 6.504333419107578016e-04 6.525775694220521499e-04 6.551716543848169153e-04 6.566742955796904925e-04 6.556190699003643313e-04 6.500905468033133265e-04 6.427818955002414895e-04 6.402158285102213346e-04 6.414710060818279783e-04 6.429119056243251225e-04
6.381081158802882989e-04 6.378182443106265908e-04 6.386740697823563165e-04 6.388489997725570798e-04 6.389271747638940744e-04 6.392938362711078973e-04 6.396209891085301389e-04 6.400099914530646980e-04 6.406220845249774917e-04 6.407922744736972969e-04 6.409115003026879262e-04 6.416700051533698107e-04 6.425235986014454174e-04 6.437279009764613775e-04 6.449377405164195007e-04 6.467742438374399563e-04 6.488294956660464741e-04 6.509543299939831232e-04 6.536694348485835252e-04 6.556190699003643313e-04 6.554655424646953828e-04 6.508163234302784608e-04 6.435415538115176652e-04 6.401690000921427676e-04 6.409770056350681897e-04 6.422231015654288446e-04
6.347970043740913540e-04 6.344911978223668255e-04 6.353200732422376691e-04 6.354579056093030134e-04 6.355133204509723832e-04 6.358444579752425743e-04 6.361312229284941987e-04 6.364627525754532012e-04 6.370190349583132157e-04 6.371271560069213845e-04 6.371535705189418797e-04 6.377632831409452184e-04 6.384395640358534818e-04 6.394261058407441686e-04 6.403863377682792249e-04 6.419261590214260385e-04 6.436568517866888628e-04 6.454641062477859586e-04 6.479860940100904288e-04 6.500905468033133265e-04 6.508163234302784608e-04 6.479376885306888578e-04 6.418141492339911498e-04 6.380535356309585031e-04 6.379772516154998867e-04 6.388969311910472479e-04
6.304296589556186454e-04 6.301319786841467737e-04 6.309320642974248702e-04 6.310539725781054172e-04 6.310861344428008541e-04 6.313806311416443346e-04 6.316232686694476855e-04 6.319194699467911092e-04 6.324187392331194219e-04 6.325051204077257851e-04 6.324748775023750734e-04 6.329781997300499598e-04 6.335190529795252032e-04 6.343488055552062724e-04 6.350982615283786619e-04 6.363646626502550288e-04 6.377404565411556045e-04 6.390838649775832997e-04 6.411111181829732631e-04 6.427818955002414895e-04 6.435415538115176652e-04 6.418141492339911498e-04 6.378218461343155036e-04 6.352580068386299043e-04 6.344282510578148687e-04 6.347598203056398604e-04
6.297495242935318522e-04 6.295062069908875920e-04 6.302692705643157768e-04 6.303971363653847930e-04 6.303963492899380917e-04 6.306662705686419228e-04 6.308914502112572325e-04 6.311776876733407073e-04 6.316388572364147868e-04 6.317271438182034448e-04 6.316773091430266922e-04 6.321421241017026894e-04 6.326322388569533646e-04 6.334284260532506297e-04 6.341043808133738080e-04 6.352848683601834126e-04 6.365395597583375399e-04 6.376075768225856772e-04 6.392333048875736400e-04 6.402158285102213346e-04 6.401690000921427676e-04 6.380535356309585031e-04 6.352580068386299043e-04 6.354193943565797495e-04 6.354062815779848135e-04 6.348710194569131453e-04
6.316101115203923188e-04 6.314149209484903836e-04 6.321638599735246141e-04 6.322877358665166328e-04 6.322902941376112732e-04 6.325779713272093640e-04 6.327980670357139566e-04 6.330586029233923467e-04 6.335443833252487039e-04 6.336013938767634740e-04 6.335282127529262347e-04 6.339854560073541600e-04 6.344850640505754523e-04 6.353028263784418284e-04 6.359473185231040394e-04 6.371137508243910740e-04 6.383354245165333285e-04 6.393019191608006373e-04 6.407373446158625948e-04 6.414710060818279783e-04 6.409770056350681897e-04 6.379772516154998867e-04 6.344282510578148687e-04 6.354062815779848135e-04 6.385609179122088462e-04 6.388863108888474026e-04
6.333503682698357140e-04 6.331220147082325302e-04 6.339040464480605883e-04 6.340500422652749820e-04 6.340466701819447506e-04 6.343356692253456896e-04 6.345605222233543456e-04 6.348415707157131077e-04 6.353633905131818044e-04 6.354205664181379089e-04 6.353396859012389736e-04 6.358068186153128425e-04 6.363317767576594577e-04 6.371586271692210443e-04 6.377669438294989368e-04 6.388664999077889707e-04 6.400203301791874185e-04 6.409278273706570236e-04 6.422587059296516916e-04 6.429119056243251225e-04 6.422231015654288446e-04 6.388969311910472479e-04 6.347598203056398604e-04 6.348710194569131453e-04 6.388863108888474026e-04 6.422761335609162344e-04
