6.786266470584453349e-04 6.737574683354242413e-04 6.702377006509977917e-04 6.672504272464428515e-04 6.650418238223832542e-04 6.629117158569443292e-04 6.617876694333545053e-04 6.612148889780628501e-04 6.602712858234309305e-04 6.593911819849155838e-04 6.586223608978867541e-04 6.583843342259826413e-04 6.583744048233502793e-04 6.587292774225343142e-04 6.589176248157597527e-04 6.598747130295145192e-04 6.607026938150877297e-04 6.613095095863887182e-04 6.625087886470713882e-04 6.628823462699207775e-04 6.619836984957393243e-04 6.582993778764983147e-04 6.536984317474875622e-04 6.525732170696811737e-04 6.546999618811374716e-04 6.567740113368192301e-04
6.737574683354242413e-04 6.689997180702886509e-04 6.654892142140967758e-04 6.625255579477981691e-04 6.603289808720368701e-04 6.582186420402045494e-04 6.571048309522321959e-04 6.565374749869420370e-04 6.556026277373977907e-04 6.547355372128594144e-04 6.539792814074116495e-04 6.537485923761563768e-04 6.537441803613953549e-04 6.541023912628062724e-04 6.542976149105248157e-04 6.552580873339872982e-04 6.560934129531203291e-04 6.567120727825003466e-04 6.579155697989002476e-04 6.582800979925543033e-04 6.573582781543933209e-04 6.536455838369466774e-04 6.490581296455386539e-04 6.479609143641919429e-04 6.500833208055939796e-04 6.521531958817007677e-04
6.702377006509977917e-04 6.654892142140967758e-04 6.620481973456923469e-04 6.590874146966439273e-04 6.569042975060195326e-04 6.548067197797814232e-04 6.537026134027848750e-04 6.531392017786448543e-04 6.522092296434081875e-04 6.513456631864798048e-04 6.505942334459241571e-04 6.503678402847997515e-04 6.503647947745111327e-04 6.507167548482979853e-04 6.509132106946017736e-04 6.518749981098678542e-04 6.527101430277668526e-04 6.533312937581323447e-04 6.545349727447842634e-04 6.548977543074639175e-04 6.539854250074032338e-04 6.502985770749713590e-04 6.457230322685002201e-04 6.446004976464886349e-04 6.466724170537517134e-04 6.487436093430292870e-04
6.672504272464428515e-04 6.625255579477981691e-04 6.590874146966439273e-04 6.561832992962699125e-04 6.540044426469576299e-04 6.519168055248162263e-04 6.508185808274491273e-04 6.502567285155533196e-04 6.493341943920615845e-04 6.484746041913539696e-04 6.477266427882567021e-04 6.474989326570692368e-04 6.474961396818938817e-04 6.478460236343605181e-04 6.480420609521565572e-04 6.489958900206055847e-04 6.498234846651568600e-04 6.504432794267743685e-04 6.516486780189770147e-04 6.520210190255352947e-04 6.511212639813564705e-04 6.474496486298887601e-04 6.428838952326381469e-04 6.417558516468213538e-04 6.438240459380936958e-04 6.459009336741063784e-04
6.650418238223832542e-04 6.603289808720368701e-04 6.569042975060195326e-04 6.540044426469576299e-04 6.518645136256766498e-04 6.497850430302524842e-04 6.486914558849916088e-04 6.481339143188719802e-04 6.472155781588293270e-04 6.463636402521793492e-04 6.456190057940079056e-04 6.453956323890954047e-04 6.453973330973900848e-04 6.457497265473252732e-04 6.459472412696842586e-04 6.468998194339742758e-04 6.477197111185579699e-04 6.483367702205298328e-04 6.495313138934631549e-04 6.498908241470738008e-04 6.489664293997650466e-04 6.452634442382626902e-04 6.406872684949921088e-04 6.395717673632323299e-04 6.416775174123434417e-04 6.437381520526138084e-04
6.629117158569443292e-04 6.582186420402045494e-04 6.548067197797814232e-04 6.519168055248162263e-04 6.497850430302524842e-04 6.477398682015115920e-04 6.466511868438611695e-04 6.460970503628524425e-04 6.451838671741760194e-04 6.443389100876434263e-04 6.436021507059112466e-04 6.433858425169613690e-04 6.433945744628684826e-04 6.437523224827057262e-04 6.439573875197941548e-04 6.449174941401658026e-04 6.457441754796998520e-04 6.463764521485299269e-04 6.475802929837774606e-04 6.479356242708150370e-04 6.469922267457169172e-04 6.432658371138859832e-04 6.386613426633267528e-04 6.375037805747783013e-04 6.396156787073888550e-04 6.416912128637967993e-04
6.617876694333545053e-04 6.571048309522321959e-04 6.537026134027848750e-04 6.508185808274491273e-04 6.486914558849916088e-04 6.466511868438611695e-04 6.455868244677895806e-04 6.450362188236057016e-04 6.441284257652158318e-04 6.432915516589582513e-04 6.425653144196250997e-04 6.423602727013920898e-04 6.423805853957786308e-04 6.427494140525794085e-04 6.429678466060493019e-04 6.439405575424801383e-04 6.447794308646062015e-04 6.454256122312548773e-04 6.466428237096784890e-04 6.469985828800144112e-04 6.460365698340462745e-04 6.422747800187778369e-04 6.376382556657025262e-04 6.364492488200451659e-04 6.385291460386563044e-04 6.405896289290181336e-04
6.612148889780628501e-04 6.565374749869420370e-04 6.531392017786448543e-04 6.502567285155533196e-04 6.481339143188719802e-04 6.460970503628524425e-04 6.450362188236057016e-04 6.445029585901982435e-04 6.436017699381838941e-04 6.427710635505853561e-04 6.420525892304271981e-04 6.418556174005458220e-04 6.418851792004639546e-04 6.422628295776778174e-04 6.424899031337897529e-04 6.434689369188398332e-04 6.443132066279978970e-04 6.449670650471768258e-04 6.461892267977876114e-04 6.465421419025869617e-04 6.455608819305236118e-04 6.417658326557240797e-04 6.371055846423985189e-04 6.359040948616962591e-04 6.379693407748970738e-04 6.400588796447845199e-04
6.602712858234309305e-04 6.556026277373977907e-04 6.522092296434081875e-04 6.493341943920615845e-04 6.472155781588293270e-04 6.451838671741760194e-04 6.441284257652158318e-04 6.436017699381838941e-04 6.427230540429165100e-04 6.419044049917158349e-04 6.412014438591492936e-04 6.410180428483658408e-04 6.410610229045670848e-04 6.414505025348116217e-04 6.416888401862223118e-04 6.426772895842982995e-04 6.435299098252448722e-04 6.441946565548827865e-04 6.454215046823358250e-04 6.457690572657159627e-04 6.447579980203910818e-04 6.409184035520290113e-04 6.362308291185875871e-04 6.350153716207878034e-04 6.370842443418867854e-04 6.391923566013637962e-04
6.593911819849155838e-04 6.547355372128594144e-04 6.513456631864798048e-04 6.484746041913539696e-04 6.463636402521793492e-04 6.443389100876434263e-04 6.432915516589582513e-04 6.427710635505853561e-04 6.419044049917158349e-04 6.411110224983197032e-04 6.404283188700994481e-04 6.402619435474122276e-04 6.403242441215078974e-04 6.407306683799501813e-04 6.409852066277722414e-04 6.419873291633544556e-04 6.428530780078693489e-04 6.435284660898154879e-04 6.447553295080381535e-04 6.450834376347165146e-04 6.440260581921737528e-04 6.401193628293993122e-04 6.354027725525965200e-04 6.341873403823666388e-04 6.362505646356952840e-04 6.383489616829878628e-04
6.586223608978867541e-04 6.539792814074116495e-04 6.505942334459241571e-04 6.477266427882567021e-04 6.456190057940079056e-04 6.436021507059112466e-04 6.425653144196250997e-04 6.420525892304271981e-04 6.412014438591492936e-04 6.404283188700994481e-04 6.397862617147623190e-04 6.396499657123397948e-04 6.397400946310823457e-04 6.401736604403195779e-04 6.404527118102062771e-04 6.414793972091557871e-04 6.423687035326698788e-04 6.430651433908261870e-04 6.443013665692208427e-04 6.446025553417999770e-04 6.434715437933626134e-04 6.394523045335599254e-04 6.346743977275651856e-04 6.334560229342494578e-04 6.355185140410679135e-04 6.376132690541361572e-04
6.583843342259826413e-04 6.537485923761563768e-04 6.503678402847997515e-04 6.474989326570692368e-04 6.453956323890954047e-04 6.433858425169613690e-04 6.423602727013920898e-04 6.418556174005458220e-04 6.410180428483658408e-04 6.402619435474122276e-04 6.396499657123397948e-04 6.395581036035086165e-04 6.396837009891791865e-04 6.401503140582145762e-04 6.404618055839516981e-04 6.415204764810385684e-04 6.424388798096469615e-04 6.431605926143388286e-04 6.444091395941657380e-04 6.446844278498734459e-04 6.434590361948516746e-04 6.392972778407661700e-04 6.344543935552462337e-04 6.332498617673287290e-04 6.353112162469320935e-04 6.374041529994016117e-04
6.583744048233502793e-04 6.537441803613953549e-04 6.503647947745111327e-04 6.474961396818938817e-04 6.453973330973900848e-04 6.433945744628684826e-04 6.423805853957786308e-04 6.418851792004639546e-04 6.410610229045670848e-04 6.403242441215078974e-04 6.397400946310823457e-04 6.396837009891791865e-04 6.398655993612031249e-04 6.403842040593702312e-04 6.407447812613510261e-04 6.418503229608469923e-04 6.428118250865886467e-04 6.435710258863104648e-04 6.448414760579802016e-04 6.451000320371093073e-04 6.437795890757430769e-04 6.394442588722741745e-04 6.344853502904373435e-04 6.332506977900895142e-04 6.353327859902008299e-04 6.374535635417465356e-04
6.587292774225343142e-04 6.541023912628062724e-04 6.507167548482979853e-04 6.478460236343605181e-04 6.457497265473252732e-04 6.437523224827057262e-04 6.427494140525794085e-04 6.422628295776778174e-04 6.414505025348116217e-04 6.407306683799501813e-04 6.401736604403195779e-04 6.401503140582145762e-04 6.403842040593702312e-04 6.409823297074560087e-04 6.414146644376126586e-04 6.425869399080595895e-04 6.436105469115381648e-04 6.444275571428416697e-04 6.457439550400150084e-04 6.459985189507160084e-04 6.445780399168576143e-04 6.400203497604751816e-04 6.349118592885815262e-04 6.336521546438623424e-04 6.357692587589411446e-04 6.379107732414719331e-04
6.589176248157597527e-04 6.542976149105248157e-04 6.509132106946017736e-04 6.480420609521565572e-04 6.459472412696842586e-04 6.439573875197941548e-04 6.429678466060493019e-04 6.424899031337897529e-04 6.416888401862223118e-04 6.409852066277722414e-04 6.404527118102062771e-04 6.404618055839516981e-04 6.407447812613510261e-04 6.414146644376126586e-04 6.419484862703915074e-04 6.432184681230455154e-04 6.443299030630892776e-04 6.452285150512573637e-04 6.466107874824693607e-04 6.468741174542701330e-04 6.453612074284359760e-04 6.405680300441417589e-04 6.352789381149005115e-04 6.339518379548242377e-04 6.360284964673958022e-04 6.381300423926913445e-04
6.598747130295145192e-04 6.552580873339872982e-04 6.518749981098678542e-04 6.489958900206055847e-04 6.468998194339742758e-04 6.449174941401658026e-04 6.439405575424801383e-04 6.434689369188398332e-04 6.426772895842982995e-04 6.419873291633544556e-04 6.414793972091557871e-04 6.415204764810385684e-04 6.418503229608469923e-04 6.425869399080595895e-04 6.432184681230455154e-04 6.446283209181921485e-04 6.458736070879714068e-04 6.468922139674517608e-04 6.483726698790547114e-04 6.486643227770851929e-04 6.470524407726458782e-04 6.419650976799833346e-04 6.364088686701693072e-04 6.349820853382308122e-04 6.370192244485705767e-04 6.390535454004541783e-04
6.607026938150877297e-04 6.560934129531203291e-04 6.527101430277668526e-04 6.498234846651568600e-04 6.477197111185579699e-04 6.457441754796998520e-04 6.447794308646062015e-04 6.443132066279978970e-04 6.435299098252448722e-04 6.428530780078693489e-04 6.423687035326698788e-04 6.424388798096469615e-04 6.428118250865886467e-04 6.436105469115381648e-04 6.443299030630892776e-04 6.458736070879714068e-04 6.473068415158922872e-04 6.485116562036915893e-04 6.501467028641082701e-04 6.505081134339971670e-04 6.488182515664903029e-04 6.434101959768333615e-04 6.375045996202412637e-04 6.359409030441824954e-04 6.379103679541803587e-04 6.398715388832217641e-04
6.613095095863887182e-04 6.567120727825003466e-04 6.533312937581323447e-04 6.504432794267743685e-04 6.483367702205298328e-04 6.463764521485299269e-04 6.454256122312548773e-04 6.449670650471768258e-04 6.441946565548827865e-04 6.435284660898154879e-04 6.430651433908261870e-04 6.431605926143388286e-04 6.435710258863104648e-04 6.444275571428416697e-04 6.452285150512573637e-04 6.468922139674517608e-04 6.485116562036915893e-04 6.499890437430166012e-04 6.518819763947581109e-04 6.524102323271520603e-04 6.507020862863696154e-04 6.449684579777958731e-04 6.386084315337759798e-04 6.367761233185393298e-04 6.386542842355318137e-04 6.405444421031852766e-04
6.625087886470713882e-04 6.579155697989002476e-04 6.545349727447842634e-04 6.516486780189770147e-04 6.495313138934631549e-04 6.475802929837774606e-04 6.466428237096784890e-04 6.461892267977876114e-04 6.454215046823358250e-04 6.447553295080381535e-04 6.443013665692208427e-04 6.444091395941657380e-04 6.448414760579802016e-04 6.457439550400150084e-04 6.466107874824693607e-04 6.483726698790547114e-04 6.501467028641082701e-04 6.518819763947581109e-04 6.541281544532769054e-04 6.549484931516184232e-04 6.533465574417022430e-04 6.473937263003676267e-04 6.405548408403876530e-04 6.383428491023381045e-04 6.400363784938887602e-04 6.418161481118235014e-04
6.628823462699207775e-04 6.582800979925543033e-04 6.548977543074639175e-04 6.520210190255352947e-04 6.498908241470738008e-04 6.479356242708150370e-04 6.469985828800144112e-04 6.465421419025869617e-04 6.457690572657159627e-04 6.450834376347165146e-04 6.446025553417999770e-04 6.446844278498734459e-04 6.451000320371093073e-04 6.459985189507160084e-04 6.468741174542701330e-04 6.486643227770851929e-04 6.505081134339971670e-04 6.524102323271520603e-04 6.549484931516184232e-04 6.562309552586940292e-04 6.550580262792022592e-04 6.492446411304293383e-04 6.420063613014163895e-04 6.391316341105231268e-04 6.406000454135044042e-04 6.423023790719352769e-04
6.619836984957393243e-04 6.573582781543933209e-04 6.539854250074032338e-04 6.511212639813564705e-04 6.489664293997650466e-04 6.469922267457169172e-04 6.460365698340462745e-04 6.455608819305236118e-04 6.447579980203910818e-04 6.440260581921737528e-04 6.434715437933626134e-04 6.434590361948516746e-04 6.437795890757430769e-04 6.445780399168576143e-04 6.453612074284359760e-04 6.470524407726458782e-04 6.488182515664903029e-04 6.507020862863696154e-04 6.533465574417022430e-04 6.550580262792022592e-04 6.547757319996297658e-04 6.498430190963608776e-04 6.426712410379868115e-04 6.390245807952823912e-04 6.401009034252754535e-04 6.416118165523613647e-04
6.582993778764983147e-04 6.536455838369466774e-04 6.502985770749713590e-04 6.474496486298887601e-04 6.452634442382626902e-04 6.432658371138859832e-04 6.422747800187778369e-04 6.417658326557240797e-04 6.409184035520290113e-04 6.401193628293993122e-04 6.394523045335599254e-04 6.392972778407661700e-04 6.394442588722741745e-04 6.400203497604751816e-04 6.405680300441417589e-04 6.419650976799833346e-04 6.434101959768333615e-04 6.449684579777958731e-04 6.473937263003676267e-04 6.492446411304293383e-04 6.498430190963608776e-04 6.466849425629010110e-04 6.406807324182112835e-04 6.366861102902703204e-04 6.369119119020179689e-04 6.380813720054482338e-04
6.536984317474875622e-04 6.490581296455386539e-04 6.457230322685002201e-04 6.428838952326381469e-04 6.406872684949921088e-04 6.386613426633267528e-04 6.376382556657025262e-04 6.371055846423985189e-04 6.362308291185875871e-04 6.354027725525965200e-04 6.346743977275651856e-04 6.344543935552462337e-04 6.344853502904373435e-04 6.349118592885815262e-04 6.352789381149005115e-04 6.364088686701693072e-04 6.375045996202412637e-04 6.386084315337759798e-04 6.405548408403876530e-04 6.420063613014163895e-04 6.426712410379868115e-04 6.406807324182112835e-04 6.367634723833570827e-04 6.339147453409457169e-04 6.333406048827009251e-04 6.339232532708059071e-04
6.525732170696811737e-04 6.479609143641919429e-04 6.446004976464886349e-04 6.417558516468213538e-04 6.395717673632323299e-04 6.375037805747783013e-04 6.364492488200451659e-04 6.359040948616962591e-04 6.350153716207878034e-04 6.341873403823666388e-04 6.334560229342494578e-04 6.332498617673287290e-04 6.332506977900895142e-04 6.336521546438623424e-04 6.339518379548242377e-04 6.349820853382308122e-04 6.359409030441824954e-04 6.367761233185393298e-04 6.383428491023381045e-04 6.391316341105231268e-04 6.390245807952823912e-04 6.366861102902703204e-04 6.339147453409457169e-04 6.337370755080558565e-04 6.339653641362939318e-04 6.337227167620916026e-04
6.546999618811374716e-04 6.500833208055939796e-04 6.466724170537517134e-04 6.438240459380936958e-04 6.416775174123434417e-04 6.396156787073888550e-04 6.385291460386563044e-04 6.379693407748970738e-04 6.370842443418867854e-04 6.362505646356952840e-04 6.355185140410679135e-04 6.353112162469320935e-04 6.353327859902008299e-04 6.357692587589411446e-04 6.360284964673958022e-04 6.370192244485705767e-04 6.379103679541803587e-04 6.386542842355318137e-04 6.400363784938887602e-04 6.406000454135044042e-04 6.401009034252754535e-04 6.369119119020179689e-04 6.333406048827009251e-04 6.339653641362939318e-04 6.373934374990608380e-04 6.380164915527500400e-04
6.567740113368192301e-04 6.521531958817007677e-04 6.487436093430292870e-04 6.459009336741063784e-04 6.437381520526138084e-04 6.416912128637967993e-04 6.405896289290181336e-04 6.400588796447845199e-04 6.391923566013637962e-04 6.383489616829878628e-04 6.376132690541361572e-04 6.374041529994016117e-04 6.374535635417465356e-04 6.379107732414719331e-04 6.381300423926913445e-04 6.390535454004541783e-04 6.398715388832217641e-04 6.405444421031852766e-04 6.418161481118235014e-04 6.423023790719352769e-04 6.416118165523613647e-04 6.380813720054482338e-04 6.339232532708059071e-04 6.337227167620916026e-04 6.380164915527500400e-04 6.416037698447972070e-04
