3.110057534842375088e-04 3.085267407694680035e-04 3.065173253204875282e-04 3.051283921554548070e-04 3.041597528303494101e-04 3.026845594445575784e-04 3.015194990658380645e-04 3.004861968249930809e-04 2.995679756012643120e-04 2.986456216710632041e-04 2.980562671269803058e-04 2.977113171997925649e-04 2.976943682312140071e-04 2.977615654927351146e-04 2.979812113636085328e-04 2.978876616235917856e-04 2.977437730246837054e-04 2.984768409781455678e-04 2.985722451980856720e-04 2.987902965562884276e-04 2.991804491926530361e-04 2.989425725833521632e-04 2.980188899041666785e-04 2.965357550998988468e-04 2.972838472867611712e-04 2.969794742233083039e-04
3.085267407694680035e-04 3.061658710868007342e-04 3.041464235755061973e-04 3.027692105540164295e-04 3.018190831731323810e-04 3.003570849221748806e-04 2.991936416072684063e-04 2.981712969982082146e-04 2.972642458361837042e-04 2.963517386658323671e-04 2.957710714509343732e-04 2.954353422885943117e-04 2.954216365890057145e-04 2.954946952260852923e-04 2.957193471199091026e-04 2.956313768080149956e-04 2.954917482239276878e-04 2.962252923701693655e-04 2.963176697775648876e-04 2.965444077930301774e-04 2.969458675130485495e-04 2.967218977301202838e-04 2.958016789071557496e-04 2.942802231870014404e-04 2.950051295086935223e-04 2.947211686140252074e-04
3.065173253204875282e-04 3.041464235755061973e-04 3.022117489756596335e-04 3.008278299442700859e-04 2.998857514433156185e-04 2.984347491232690959e-04 2.972793358119462412e-04 2.962637416317326486e-04 2.953628159063650081e-04 2.944594073240249942e-04 2.938791453123868348e-04 2.935428540889430593e-04 2.935280755731889141e-04 2.935996620326252458e-04 2.938201047074323700e-04 2.937246605483623545e-04 2.935736932156662827e-04 2.942950601839193448e-04 2.943822976607639720e-04 2.945973289633024112e-04 2.949776454049056040e-04 2.947511391842360740e-04 2.938332521029931210e-04 2.923227230243588873e-04 2.930536295493596250e-04 2.928285581357716180e-04
3.051283921554548070e-04 3.027692105540164295e-04 3.008278299442700859e-04 2.995029357449855052e-04 2.985570509959897876e-04 2.971074482863521175e-04 2.959604077545926288e-04 2.949499492043962065e-04 2.940501889594197989e-04 2.931504025139692552e-04 2.925747010652767757e-04 2.922412268716268954e-04 2.922315378405441295e-04 2.923099891010913238e-04 2.925381819779185842e-04 2.924587343503175858e-04 2.923263667351793673e-04 2.930553470516930126e-04 2.931453581398112368e-04 2.933547693837160902e-04 2.937221855490692235e-04 2.934883814747998886e-04 2.925840448111345963e-04 2.910829571507982517e-04 2.917849590803129538e-04 2.915289000355126355e-04
3.041597528303494101e-04 3.018190831731323810e-04 2.998857514433156185e-04 2.985570509959897876e-04 2.976623706167465721e-04 2.962095440295241439e-04 2.950684261208885760e-04 2.940661483208292510e-04 2.931751009756911985e-04 2.922855716684777307e-04 2.917184011865755523e-04 2.913952620088052880e-04 2.913969658200356826e-04 2.914833696608663035e-04 2.917173347877467186e-04 2.916415220958899941e-04 2.915156066180302251e-04 2.922466868866501724e-04 2.923339298598068097e-04 2.925408197022314805e-04 2.929007277848588177e-04 2.926239264543540903e-04 2.916816524928485038e-04 2.901689029897401551e-04 2.908688881180188047e-04 2.906136327128490231e-04
3.026845594445575784e-04 3.003570849221748806e-04 2.984347491232690959e-04 2.971074482863521175e-04 2.962095440295241439e-04 2.947948075627428838e-04 2.936552757625826701e-04 2.926577470542744393e-04 2.917740904925508055e-04 2.908926179335878225e-04 2.903329690140998886e-04 2.900157257101607143e-04 2.900217140773560091e-04 2.901139903499466819e-04 2.903538804412221291e-04 2.902841271588973721e-04 2.901625089991144543e-04 2.908847419926999635e-04 2.909658961791731515e-04 2.911703692828929938e-04 2.915160185744695097e-04 2.912189864572022079e-04 2.902700428212171913e-04 2.887510803412445220e-04 2.894350187280830995e-04 2.891681103411073111e-04
3.015194990658380645e-04 2.991936416072684063e-04 2.972793358119462412e-04 2.959604077545926288e-04 2.950684261208885760e-04 2.936552757625826701e-04 2.925489801031248577e-04 2.915611770648926645e-04 2.906829215067463501e-04 2.898107311899086880e-04 2.892587905695877411e-04 2.889466484123836220e-04 2.889623788497300456e-04 2.890640247732836942e-04 2.893100118344154800e-04 2.892519130589735611e-04 2.891406077303503778e-04 2.898687081978477877e-04 2.899555078496558812e-04 2.901608346513423714e-04 2.904817027985028650e-04 2.901446686849026347e-04 2.891874314493760576e-04 2.876611624671547292e-04 2.883260622262822769e-04 2.880635671409936967e-04
3.004861968249930809e-04 2.981712969982082146e-04 2.962637416317326486e-04 2.949499492043962065e-04 2.940661483208292510e-04 2.926577470542744393e-04 2.915611770648926645e-04 2.906074906889950966e-04 2.897370494409544578e-04 2.888746396787102285e-04 2.883340959842396072e-04 2.880306603650817279e-04 2.880576166828117870e-04 2.881678503468969896e-04 2.884238807976124714e-04 2.883779170837168357e-04 2.882783905784272330e-04 2.890159925535596840e-04 2.891089053357129702e-04 2.893138155346251556e-04 2.896186139079031958e-04 2.892425738561956827e-04 2.882694244553511437e-04 2.867147740498643318e-04 2.873541093700224518e-04 2.870920199093804272e-04
2.995679756012643120e-04 2.972642458361837042e-04 2.953628159063650081e-04 2.940501889594197989e-04 2.931751009756911985e-04 2.917740904925508055e-04 2.906829215067463501e-04 2.897370494409544578e-04 2.888942614616465932e-04 2.880442609497130052e-04 2.875154781973362356e-04 2.872235812368160806e-04 2.872626583499612320e-04 2.873845767228284140e-04 2.876525981071659569e-04 2.876203262019312308e-04 2.875297193620398976e-04 2.882683337472770465e-04 2.883560685276721726e-04 2.885468424029857316e-04 2.888256274931552963e-04 2.884069561591539720e-04 2.874233384116981621e-04 2.858869187968875376e-04 2.865412509817263074e-04 2.862766204660560513e-04
2.986456216710632041e-04 2.963517386658323671e-04 2.944594073240249942e-04 2.931504025139692552e-04 2.922855716684777307e-04 2.908926179335878225e-04 2.898107311899086880e-04 2.888746396787102285e-04 2.880442609497130052e-04 2.872303831178520312e-04 2.867226636651021461e-04 2.864505155056703742e-04 2.865122492522412397e-04 2.866544968881120465e-04 2.869401995871001705e-04 2.869235070960947875e-04 2.868468364186626813e-04 2.875959016596651443e-04 2.876837542984900459e-04 2.878588161997580022e-04 2.880836760646967513e-04 2.875847839379637146e-04 2.865702273387287771e-04 2.850461743880906189e-04 2.856896598275553817e-04 2.853900001294929368e-04
2.980562671269803058e-04 2.957710714509343732e-04 2.938791453123868348e-04 2.925747010652767757e-04 2.917184011865755523e-04 2.903329690140998886e-04 2.892587905695877411e-04 2.883340959842396072e-04 2.875154781973362356e-04 2.867226636651021461e-04 2.862547988237133952e-04 2.860127681686956843e-04 2.861058017523557891e-04 2.862763707253463850e-04 2.865870754036899505e-04 2.865899790781423076e-04 2.865300486610772388e-04 2.872917000824437420e-04 2.873831567756722472e-04 2.875439463231308813e-04 2.877012297500857255e-04 2.870908516452914429e-04 2.860214530807478513e-04 2.845040621666647049e-04 2.851545226890861060e-04 2.848490029985316493e-04
2.977113171997925649e-04 2.954353422885943117e-04 2.935428540889430593e-04 2.922412268716268954e-04 2.913952620088052880e-04 2.900157257101607143e-04 2.889466484123836220e-04 2.880306603650817279e-04 2.872235812368160806e-04 2.864505155056703742e-04 2.860127681686956843e-04 2.858254834551592289e-04 2.859624452959698675e-04 2.861718238064047065e-04 2.865160002245183265e-04 2.865447904379441152e-04 2.865020956265442289e-04 2.872706456384952010e-04 2.873558137783511178e-04 2.874948606243760813e-04 2.875759112922286189e-04 2.868326630888962852e-04 2.856981176149113824e-04 2.841773332630048526e-04 2.848440641084123981e-04 2.845128409674708482e-04
2.976943682312140071e-04 2.954216365890057145e-04 2.935280755731889141e-04 2.922315378405441295e-04 2.913969658200356826e-04 2.900217140773560091e-04 2.889623788497300456e-04 2.880576166828117870e-04 2.872626583499612320e-04 2.865122492522412397e-04 2.861058017523557891e-04 2.859624452959698675e-04 2.861678124410765856e-04 2.864370891902629315e-04 2.868351674701130681e-04 2.869115039229591787e-04 2.869025888637878217e-04 2.876919335568374871e-04 2.877741420527583634e-04 2.878842164320819701e-04 2.878598744208049794e-04 2.869351867432031931e-04 2.857184321576502865e-04 2.842104277185726548e-04 2.848813117044344655e-04 2.845160845052550186e-04
2.977615654927351146e-04 2.954946952260852923e-04 2.935996620326252458e-04 2.923099891010913238e-04 2.914833696608663035e-04 2.901139903499466819e-04 2.890640247732836942e-04 2.881678503468969896e-04 2.873845767228284140e-04 2.866544968881120465e-04 2.862763707253463850e-04 2.861718238064047065e-04 2.864370891902629315e-04 2.867901468386076626e-04 2.872644811594699259e-04 2.874024975134766751e-04 2.874438288550717818e-04 2.882703292106955726e-04 2.883619794278406961e-04 2.884496126964325186e-04 2.883274770003033029e-04 2.872057640622984148e-04 2.859005116683525005e-04 2.844042929564442965e-04 2.850770955424241867e-04 2.846545474409178087e-04
2.979812113636085328e-04 2.957193471199091026e-04 2.938201047074323700e-04 2.925381819779185842e-04 2.917173347877467186e-04 2.903538804412221291e-04 2.893100118344154800e-04 2.884238807976124714e-04 2.876525981071659569e-04 2.869401995871001705e-04 2.865870754036899505e-04 2.865160002245183265e-04 2.868351674701130681e-04 2.872644811594699259e-04 2.878463850614220061e-04 2.880758532221386076e-04 2.881903691546215478e-04 2.890726943826100320e-04 2.891841298854517877e-04 2.892621622978203480e-04 2.890462185419134583e-04 2.877067775542317620e-04 2.862867343295731853e-04 2.847630269967683166e-04 2.854210902916433606e-04 2.849704664403486976e-04
2.978876616235917856e-04 2.956313768080149956e-04 2.937246605483623545e-04 2.924587343503175858e-04 2.916415220958899941e-04 2.902841271588973721e-04 2.892519130589735611e-04 2.883779170837168357e-04 2.876203262019312308e-04 2.869235070960947875e-04 2.865899790781423076e-04 2.865447904379441152e-04 2.869115039229591787e-04 2.874024975134766751e-04 2.880758532221386076e-04 2.884381625972948053e-04 2.886720099669872136e-04 2.896282989769923054e-04 2.897499392439819134e-04 2.898180786314463611e-04 2.895057040379846094e-04 2.879076302304456911e-04 2.863516117364582657e-04 2.848299251907003169e-04 2.854695238553971583e-04 2.850124782209800291e-04
2.977437730246837054e-04 2.954917482239276878e-04 2.935736932156662827e-04 2.923263667351793673e-04 2.915156066180302251e-04 2.901625089991144543e-04 2.891406077303503778e-04 2.882783905784272330e-04 2.875297193620398976e-04 2.868468364186626813e-04 2.865300486610772388e-04 2.865020956265442289e-04 2.869025888637878217e-04 2.874438288550717818e-04 2.881903691546215478e-04 2.886720099669872136e-04 2.890858724271407987e-04 2.901867111489948381e-04 2.903764293972682978e-04 2.904789294243260685e-04 2.901011167921539844e-04 2.882316449692878422e-04 2.864446801368267519e-04 2.848680182097642331e-04 2.854678511016392212e-04 2.850200259388816632e-04
2.984768409781455678e-04 2.962252923701693655e-04 2.942950601839193448e-04 2.930553470516930126e-04 2.922466868866501724e-04 2.908847419926999635e-04 2.898687081978477877e-04 2.890159925535596840e-04 2.882683337472770465e-04 2.875959016596651443e-04 2.872917000824437420e-04 2.872706456384952010e-04 2.876919335568374871e-04 2.882703292106955726e-04 2.890726943826100320e-04 2.896282989769923054e-04 2.901867111489948381e-04 2.915032130659279421e-04 2.918595041641052108e-04 2.920736410304190745e-04 2.916971415670143461e-04 2.896044257850743540e-04 2.874896474858099071e-04 2.857418913228224077e-04 2.862347047149370782e-04 2.858046679078254178e-04
2.985722451980856720e-04 2.963176697775648876e-04 2.943822976607639720e-04 2.931453581398112368e-04 2.923339298598068097e-04 2.909658961791731515e-04 2.899555078496558812e-04 2.891089053357129702e-04 2.883560685276721726e-04 2.876837542984900459e-04 2.873831567756722472e-04 2.873558137783511178e-04 2.877741420527583634e-04 2.883619794278406961e-04 2.891841298854517877e-04 2.897499392439819134e-04 2.903764293972682978e-04 2.918595041641052108e-04 2.925004721306035554e-04 2.929807898926001979e-04 2.927558050669607534e-04 2.905997486373082875e-04 2.880962910867741517e-04 2.860497103010758491e-04 2.864109912916721376e-04 2.859649829625441936e-04
2.987902965562884276e-04 2.965444077930301774e-04 2.945973289633024112e-04 2.933547693837160902e-04 2.925408197022314805e-04 2.911703692828929938e-04 2.901608346513423714e-04 2.893138155346251556e-04 2.885468424029857316e-04 2.878588161997580022e-04 2.875439463231308813e-04 2.874948606243760813e-04 2.878842164320819701e-04 2.884496126964325186e-04 2.892621622978203480e-04 2.898180786314463611e-04 2.904789294243260685e-04 2.920736410304190745e-04 2.929807898926001979e-04 2.939203709288866506e-04 2.940766620620210319e-04 2.919959452742909426e-04 2.890502172142800971e-04 2.864985666385608818e-04 2.867567856211265202e-04 2.863238729440436051e-04
2.991804491926530361e-04 2.969458675130485495e-04 2.949776454049056040e-04 2.937221855490692235e-04 2.929007277848588177e-04 2.915160185744695097e-04 2.904817027985028650e-04 2.896186139079031958e-04 2.888256274931552963e-04 2.880836760646967513e-04 2.877012297500857255e-04 2.875759112922286189e-04 2.878598744208049794e-04 2.883274770003033029e-04 2.890462185419134583e-04 2.895057040379846094e-04 2.901011167921539844e-04 2.916971415670143461e-04 2.927558050669607534e-04 2.940766620620210319e-04 2.949759882042512853e-04 2.935359557399935359e-04 2.905362417966097914e-04 2.873750361864611412e-04 2.873569940681235568e-04 2.868677858992476465e-04
2.989425725833521632e-04 2.967218977301202838e-04 2.947511391842360740e-04 2.934883814747998886e-04 2.926239264543540903e-04 2.912189864572022079e-04 2.901446686849026347e-04 2.892425738561956827e-04 2.884069561591539720e-04 2.875847839379637146e-04 2.870908516452914429e-04 2.868326630888962852e-04 2.869351867432031931e-04 2.872057640622984148e-04 2.877067775542317620e-04 2.879076302304456911e-04 2.882316449692878422e-04 2.896044257850743540e-04 2.905997486373082875e-04 2.919959452742909426e-04 2.935359557399935359e-04 2.934897883543020002e-04 2.912865360022017457e-04 2.877713923131968820e-04 2.872290993556794020e-04 2.865380211768973396e-04
2.980188899041666785e-04 2.958016789071557496e-04 2.938332521029931210e-04 2.925840448111345963e-04 2.916816524928485038e-04 2.902700428212171913e-04 2.891874314493760576e-04 2.882694244553511437e-04 2.874233384116981621e-04 2.865702273387287771e-04 2.860214530807478513e-04 2.856981176149113824e-04 2.857184321576502865e-04 2.859005116683525005e-04 2.862867343295731853e-04 2.863516117364582657e-04 2.864446801368267519e-04 2.874896474858099071e-04 2.880962910867741517e-04 2.890502172142800971e-04 2.905362417966097914e-04 2.912865360022017457e-04 2.908238521676954620e-04 2.882350225091452850e-04 2.871075795862775590e-04 2.857915877181343880e-04
2.965357550998988468e-04 2.942802231870014404e-04 2.923227230243588873e-04 2.910829571507982517e-04 2.901689029897401551e-04 2.887510803412445220e-04 2.876611624671547292e-04 2.867147740498643318e-04 2.858869187968875376e-04 2.850461743880906189e-04 2.845040621666647049e-04 2.841773332630048526e-04 2.842104277185726548e-04 2.844042929564442965e-04 2.847630269967683166e-04 2.848299251907003169e-04 2.848680182097642331e-04 2.857418913228224077e-04 2.860497103010758491e-04 2.864985666385608818e-04 2.873750361864611412e-04 2.877713923131968820e-04 2.882350225091452850e-04 2.878552907357446165e-04 2.872069319202758399e-04 2.851718978879959126e-04
2.972838472867611712e-04 2.950051295086935223e-04 2.930536295493596250e-04 2.917849590803129538e-04 2.908688881180188047e-04 2.894350187280830995e-04 2.883260622262822769e-04 2.873541093700224518e-04 2.865412509817263074e-04 2.856896598275553817e-04 2.851545226890861060e-04 2.848440641084123981e-04 2.848813117044344655e-04 2.850770955424241867e-04 2.854210902916433606e-04 2.854695238553971583e-04 2.854678511016392212e-04 2.862347047149370782e-04 2.864109912916721376e-04 2.867567856211265202e-04 2.873569940681235568e-04 2.872290993556794020e-04 2.871075795862775590e-04 2.872069319202758399e-04 2.887575289512690703e-04 2.872104084947484266e-04
2.969794742233083039e-04 2.947211686140252074e-04 2.928285581357716180e-04 2.915289000355126355e-04 2.906136327128490231e-04 2.891681103411073111e-04 2.880635671409936967e-04 2.870920199093804272e-04 2.862766204660560513e-04 2.853900001294929368e-04 2.848490029985316493e-04 2.845128409674708482e-04 2.845160845052550186e-04 2.846545474409178087e-04 2.849704664403486976e-04 2.850124782209800291e-04 2.850200259388816632e-04 2.858046679078254178e-04 2.859649829625441936e-04 2.863238729440436051e-04 2.868677858992476465e-04 2.865380211768973396e-04 2.857915877181343880e-04 2.851718978879959126e-04 2.872104084947484266e-04 2.880958886418765407e-04
