2.832148889495734599e-04 2.832264150227041663e-04 2.836081344793135619e-04 2.834079929498365086e-04 2.832818988851983446e-04 2.832767176558858928e-04 2.831641194096416541e-04 2.830996670556392759e-04 2.830153734659192821e-04 2.829909845831237976e-04 2.829032984254748547e-04 2.832165896691260076e-04 2.837587261081379745e-04 2.842302567505508408e-04 2.846653001240845738e-04 2.847587119601630522e-04 2.847971091210805975e-04 2.853953358644906527e-04 2.856669119359637674e-04 2.861550425801806063e-04 2.865413825953427428e-04 2.862342366437937101e-04 2.853468775130585974e-04 2.838259280907680566e-04 2.843422543089255713e-04 2.836761149795599571e-04
2.832264150227041663e-04 2.833152543445257134e-04 2.836769567759296010e-04 2.834771661628112901e-04 2.833540429252702020e-04 2.833530548614692315e-04 2.832420829975649396e-04 2.831759575891987300e-04 2.830938347449518124e-04 2.830692177909111700e-04 2.829849078081710968e-04 2.833004373292421574e-04 2.838496505042885365e-04 2.843312709726297230e-04 2.847792029523371518e-04 2.848898117221112147e-04 2.849508290888692419e-04 2.855644566417338444e-04 2.858486622674781129e-04 2.863402852944901800e-04 2.867065833321944673e-04 2.863487405303640973e-04 2.854340139144693946e-04 2.839023393395721686e-04 2.844352760299947427e-04 2.837784629696905175e-04
2.836081344793135619e-04 2.836769567759296010e-04 2.840868263451410401e-04 2.838747532302006915e-04 2.837530026388332492e-04 2.837478917046343317e-04 2.836363110222709597e-04 2.835702632108590571e-04 2.834871613278138109e-04 2.834627871850591658e-04 2.833770332369077677e-04 2.836915476434995914e-04 2.842407840110116593e-04 2.847216450757823823e-04 2.851642391822936228e-04 2.852695259068897013e-04 2.853181979151944952e-04 2.859167767777668289e-04 2.861868898096966963e-04 2.866584868501228438e-04 2.870131126816515780e-04 2.866672002989684360e-04 2.857818087846669317e-04 2.842967700177178995e-04 2.848321610851582870e-04 2.841623182406808994e-04
2.834079929498365086e-04 2.834771661628112901e-04 2.838747532302006915e-04 2.836978195933378770e-04 2.835698287012951486e-04 2.835667131011236305e-04 2.834557313561487674e-04 2.833905913412126053e-04 2.833106917632383765e-04 2.832866860089842628e-04 2.832059479023455611e-04 2.835238007050193128e-04 2.840788940934422407e-04 2.845631792628965659e-04 2.850090747948888373e-04 2.851208446208560918e-04 2.851704323557264793e-04 2.857668208446448744e-04 2.860345392561456030e-04 2.865073653035235686e-04 2.868631810372465488e-04 2.865120446077870794e-04 2.856116802248909138e-04 2.841022170382279913e-04 2.846160032899593020e-04 2.839542336675847920e-04
2.832818988851983446e-04 2.833540429252702020e-04 2.837530026388332492e-04 2.835698287012951486e-04 2.834696679752846289e-04 2.834639379395142164e-04 2.833531162333699570e-04 2.832860696576517691e-04 2.832082603782518537e-04 2.831902903734443149e-04 2.831142254554524845e-04 2.834386777075544690e-04 2.840015223830490154e-04 2.844933735287875193e-04 2.849450190967805704e-04 2.850633078774371994e-04 2.851229558153576464e-04 2.857230941037170488e-04 2.859846293663091004e-04 2.864469750240590377e-04 2.867841393178174794e-04 2.863916954779784194e-04 2.854633057626301817e-04 2.839536601104607964e-04 2.844886468058444029e-04 2.838338035280442233e-04
2.832767176558858928e-04 2.833530548614692315e-04 2.837478917046343317e-04 2.835667131011236305e-04 2.834639379395142164e-04 2.834848636100235800e-04 2.833762534560199035e-04 2.833116670793988387e-04 2.832406610647959810e-04 2.832267622698698127e-04 2.831559612207082757e-04 2.834877503831279943e-04 2.840573499253373443e-04 2.845564835765270655e-04 2.850135660315617132e-04 2.851358498446875155e-04 2.851996990095037403e-04 2.858054921689231619e-04 2.860733471554775115e-04 2.865395034430028780e-04 2.868659233212608912e-04 2.864468798281504815e-04 2.854991305700616379e-04 2.839803922691284499e-04 2.845186480679605585e-04 2.838804555552008478e-04
2.831641194096416541e-04 2.832420829975649396e-04 2.836363110222709597e-04 2.834557313561487674e-04 2.833531162333699570e-04 2.833762534560199035e-04 2.832913642793483534e-04 2.832294639414662126e-04 2.831630033666261638e-04 2.831536609866186472e-04 2.830881202834253886e-04 2.834237643684645600e-04 2.839999928008877269e-04 2.845062863178883061e-04 2.849701003227119475e-04 2.851001374430589324e-04 2.851704560817399292e-04 2.857763521836290577e-04 2.860404638833490432e-04 2.864958292468865989e-04 2.867969236022361646e-04 2.863386991192274299e-04 2.854051208620352466e-04 2.839205856914065124e-04 2.844570938450334194e-04 2.838017504637718302e-04
2.830996670556392759e-04 2.831759575891987300e-04 2.835702632108590571e-04 2.833905913412126053e-04 2.832860696576517691e-04 2.833116670793988387e-04 2.832294639414662126e-04 2.831842509598216811e-04 2.831231597868957709e-04 2.831189677948597232e-04 2.830593273756143577e-04 2.834008131552674626e-04 2.839841037207010109e-04 2.844960226493227604e-04 2.849670903315951881e-04 2.851041661326227409e-04 2.851818564499820799e-04 2.857956487070843440e-04 2.860584097376159111e-04 2.865119980015627742e-04 2.868024640742658418e-04 2.863210285283937571e-04 2.853754847102426303e-04 2.838658661283205474e-04 2.843992434444136746e-04 2.837444968933039002e-04
2.830153734659192821e-04 2.830938347449518124e-04 2.834871613278138109e-04 2.833106917632383765e-04 2.832082603782518537e-04 2.832406610647959810e-04 2.831630033666261638e-04 2.831231597868957709e-04 2.830852620196562747e-04 2.830912528173756674e-04 2.830427134231009822e-04 2.833964984481390954e-04 2.839949866201314918e-04 2.845200459802508229e-04 2.850052236991516092e-04 2.851555600263869076e-04 2.852421753978098330e-04 2.858601439576076929e-04 2.861144832839761167e-04 2.865480161393565289e-04 2.868050508643120054e-04 2.862622765623133790e-04 2.852923582775461183e-04 2.838114025838138575e-04 2.843626197401510425e-04 2.837094559152233703e-04
2.829909845831237976e-04 2.830692177909111700e-04 2.834627871850591658e-04 2.832866860089842628e-04 2.831902903734443149e-04 2.832267622698698127e-04 2.831536609866186472e-04 2.831189677948597232e-04 2.830912528173756674e-04 2.831198280232894446e-04 2.830872815227114558e-04 2.834574165369678207e-04 2.840732136773919990e-04 2.846167314980038937e-04 2.851196464508526113e-04 2.852853482072937046e-04 2.853850217375614911e-04 2.860113637719356120e-04 2.862624885176311509e-04 2.866797390005064840e-04 2.868940969823951994e-04 2.862722078943702973e-04 2.852685650720137374e-04 2.837991917626993591e-04 2.843659104653782394e-04 2.837026364313174659e-04
2.829032984254748547e-04 2.829849078081710968e-04 2.833770332369077677e-04 2.832059479023455611e-04 2.831142254554524845e-04 2.831559612207082757e-04 2.830881202834253886e-04 2.830593273756143577e-04 2.830427134231009822e-04 2.830872815227114558e-04 2.830866150454498928e-04 2.834840901525457731e-04 2.841280753913491704e-04 2.846989415371847560e-04 2.852292121635325271e-04 2.854156958284624125e-04 2.855324631509469188e-04 2.861691230976212523e-04 2.864201471488172861e-04 2.868196246011122654e-04 2.869781148956746962e-04 2.862510635980644309e-04 2.851833447770613897e-04 2.837002974647688113e-04 2.842879061134121507e-04 2.836298792416969508e-04
2.832165896691260076e-04 2.833004373292421574e-04 2.836915476434995914e-04 2.835238007050193128e-04 2.834386777075544690e-04 2.834877503831279943e-04 2.834237643684645600e-04 2.834008131552674626e-04 2.833964984481390954e-04 2.834574165369678207e-04 2.834840901525457731e-04 2.839261674383799930e-04 2.846123287667621377e-04 2.852220384919537254e-04 2.857879589341136132e-04 2.860009359471046082e-04 2.861354957087797126e-04 2.867817675694640475e-04 2.870284935795116166e-04 2.874006477764615868e-04 2.874830807171756177e-04 2.866287836287941589e-04 2.854907050265787362e-04 2.839908750602840770e-04 2.845992738904222410e-04 2.839265401376882031e-04
2.837587261081379745e-04 2.838496505042885365e-04 2.842407840110116593e-04 2.840788940934422407e-04 2.840015223830490154e-04 2.840573499253373443e-04 2.839999928008877269e-04 2.839841037207010109e-04 2.839949866201314918e-04 2.840732136773919990e-04 2.841280753913491704e-04 2.846123287667621377e-04 2.853624034274037844e-04 2.860311883616907329e-04 2.866554951609763210e-04 2.869181513901797364e-04 2.870865327374006164e-04 2.877552256971349165e-04 2.880022311130554357e-04 2.883473889715240396e-04 2.883378281500857806e-04 2.873001591851282854e-04 2.860623227260741222e-04 2.845494552420742241e-04 2.851748846096864641e-04 2.844791226915601161e-04
2.842302567505508408e-04 2.843312709726297230e-04 2.847216450757823823e-04 2.845631792628965659e-04 2.844933735287875193e-04 2.845564835765270655e-04 2.845062863178883061e-04 2.844960226493227604e-04 2.845200459802508229e-04 2.846167314980038937e-04 2.846989415371847560e-04 2.852220384919537254e-04 2.860311883616907329e-04 2.867822187413303532e-04 2.874844814587501065e-04 2.878100845211826932e-04 2.880310519424364164e-04 2.887392992036685022e-04 2.889957364856144176e-04 2.893146157613015281e-04 2.892075299752113241e-04 2.879693689000400255e-04 2.866432319174057981e-04 2.851229319204771602e-04 2.857308141683248168e-04 2.849898805321447889e-04
2.846653001240845738e-04 2.847792029523371518e-04 2.851642391822936228e-04 2.850090747948888373e-04 2.849450190967805704e-04 2.850135660315617132e-04 2.849701003227119475e-04 2.849670903315951881e-04 2.850052236991516092e-04 2.851196464508526113e-04 2.852292121635325271e-04 2.857879589341136132e-04 2.866554951609763210e-04 2.874844814587501065e-04 2.882918657117773112e-04 2.887079919095000922e-04 2.890035496370585476e-04 2.897682033419370193e-04 2.900437467534509330e-04 2.903489863808545509e-04 2.901436158934615869e-04 2.886769655540788286e-04 2.872240409482310661e-04 2.856625929600840864e-04 2.862474221213549049e-04 2.854922366570973309e-04
2.847587119601630522e-04 2.848898117221112147e-04 2.852695259068897013e-04 2.851208446208560918e-04 2.850633078774371994e-04 2.851358498446875155e-04 2.851001374430589324e-04 2.851041661326227409e-04 2.851555600263869076e-04 2.852853482072937046e-04 2.854156958284624125e-04 2.860009359471046082e-04 2.869181513901797364e-04 2.878100845211826932e-04 2.887079919095000922e-04 2.892478654591495676e-04 2.896578288783444553e-04 2.905008252606820708e-04 2.907991695022371756e-04 2.910958284705326320e-04 2.907936437246832779e-04 2.890713845528964819e-04 2.874694997317640485e-04 2.858861337233466931e-04 2.864664559890475509e-04 2.857259444893107286e-04
2.847971091210805975e-04 2.849508290888692419e-04 2.853181979151944952e-04 2.851704323557264793e-04 2.851229558153576464e-04 2.851996990095037403e-04 2.851704560817399292e-04 2.851818564499820799e-04 2.852421753978098330e-04 2.853850217375614911e-04 2.855324631509469188e-04 2.861354957087797126e-04 2.870865327374006164e-04 2.880310519424364164e-04 2.890035496370585476e-04 2.896578288783444553e-04 2.902464300247186053e-04 2.912434602156529703e-04 2.916266926554691302e-04 2.919692348739786605e-04 2.915956625154826490e-04 2.895911829134951813e-04 2.877343629093559885e-04 2.860714530574979771e-04 2.866238564197517492e-04 2.859220188343687750e-04
2.853953358644906527e-04 2.855644566417338444e-04 2.859167767777668289e-04 2.857668208446448744e-04 2.857230941037170488e-04 2.858054921689231619e-04 2.857763521836290577e-04 2.857956487070843440e-04 2.858601439576076929e-04 2.860113637719356120e-04 2.861691230976212523e-04 2.867817675694640475e-04 2.877552256971349165e-04 2.887392992036685022e-04 2.897682033419370193e-04 2.905008252606820708e-04 2.912434602156529703e-04 2.924542067669751665e-04 2.930136710660071874e-04 2.934830819773953398e-04 2.931101905821592297e-04 2.908710582229394911e-04 2.886698944101327323e-04 2.868364101110682635e-04 2.872868152071882532e-04 2.865986074351839627e-04
2.856669119359637674e-04 2.858486622674781129e-04 2.861868898096966963e-04 2.860345392561456030e-04 2.859846293663091004e-04 2.860733471554775115e-04 2.860404638833490432e-04 2.860584097376159111e-04 2.861144832839761167e-04 2.862624885176311509e-04 2.864201471488172861e-04 2.870284935795116166e-04 2.880022311130554357e-04 2.889957364856144176e-04 2.900437467534509330e-04 2.907991695022371756e-04 2.916266926554691302e-04 2.930136710660071874e-04 2.938543121764688884e-04 2.945910270050893258e-04 2.943648672191321474e-04 2.920474130660397375e-04 2.894488160860648118e-04 2.873238961766164503e-04 2.876294568168978605e-04 2.869025707647863033e-04
2.861550425801806063e-04 2.863402852944901800e-04 2.866584868501228438e-04 2.865073653035235686e-04 2.864469750240590377e-04 2.865395034430028780e-04 2.864958292468865989e-04 2.865119980015627742e-04 2.865480161393565289e-04 2.866797390005064840e-04 2.868196246011122654e-04 2.874006477764615868e-04 2.883473889715240396e-04 2.893146157613015281e-04 2.903489863808545509e-04 2.910958284705326320e-04 2.919692348739786605e-04 2.934830819773953398e-04 2.945910270050893258e-04 2.957814115702446880e-04 2.959478204677514282e-04 2.937384328636479598e-04 2.906951752101259701e-04 2.880435616678375449e-04 2.881914496992985029e-04 2.874369484066865359e-04
2.865413825953427428e-04 2.867065833321944673e-04 2.870131126816515780e-04 2.868631810372465488e-04 2.867841393178174794e-04 2.868659233212608912e-04 2.867969236022361646e-04 2.868024640742658418e-04 2.868050508643120054e-04 2.868940969823951994e-04 2.869781148956746962e-04 2.874830807171756177e-04 2.883378281500857806e-04 2.892075299752113241e-04 2.901436158934615869e-04 2.907936437246832779e-04 2.915956625154826490e-04 2.931101905821592297e-04 2.943648672191321474e-04 2.959478204677514282e-04 2.968505062078117033e-04 2.952988248708918509e-04 2.921727801154107946e-04 2.888927270430652491e-04 2.887685131478365708e-04 2.879537763338913502e-04
2.862342366437937101e-04 2.863487405303640973e-04 2.866672002989684360e-04 2.865120446077870794e-04 2.863916954779784194e-04 2.864468798281504815e-04 2.863386991192274299e-04 2.863210285283937571e-04 2.862622765623133790e-04 2.862722078943702973e-04 2.862510635980644309e-04 2.866287836287941589e-04 2.873001591851282854e-04 2.879693689000400255e-04 2.886769655540788286e-04 2.890713845528964819e-04 2.895911829134951813e-04 2.908710582229394911e-04 2.920474130660397375e-04 2.937384328636479598e-04 2.952988248708918509e-04 2.951589538081452672e-04 2.928392354930435017e-04 2.892087851807617713e-04 2.885741449950359892e-04 2.875209495597023913e-04
2.853468775130585974e-04 2.854340139144693946e-04 2.857818087846669317e-04 2.856116802248909138e-04 2.854633057626301817e-04 2.854991305700616379e-04 2.854051208620352466e-04 2.853754847102426303e-04 2.852923582775461183e-04 2.852685650720137374e-04 2.851833447770613897e-04 2.854907050265787362e-04 2.860623227260741222e-04 2.866432319174057981e-04 2.872240409482310661e-04 2.874694997317640485e-04 2.877343629093559885e-04 2.886698944101327323e-04 2.894488160860648118e-04 2.906951752101259701e-04 2.921727801154107946e-04 2.928392354930435017e-04 2.922626164287344471e-04 2.895859484028264603e-04 2.884156007895256413e-04 2.867717430624773891e-04
2.838259280907680566e-04 2.839023393395721686e-04 2.842967700177178995e-04 2.841022170382279913e-04 2.839536601104607964e-04 2.839803922691284499e-04 2.839205856914065124e-04 2.838658661283205474e-04 2.838114025838138575e-04 2.837991917626993591e-04 2.837002974647688113e-04 2.839908750602840770e-04 2.845494552420742241e-04 2.851229319204771602e-04 2.856625929600840864e-04 2.858861337233466931e-04 2.860714530574979771e-04 2.868364101110682635e-04 2.873238961766164503e-04 2.880435616678375449e-04 2.888927270430652491e-04 2.892087851807617713e-04 2.895859484028264603e-04 2.891641105663243913e-04 2.884567729826954070e-04 2.860875980883362084e-04
2.843422543089255713e-04 2.844352760299947427e-04 2.848321610851582870e-04 2.846160032899593020e-04 2.844886468058444029e-04 2.845186480679605585e-04 2.844570938450334194e-04 2.843992434444136746e-04 2.843626197401510425e-04 2.843659104653782394e-04 2.842879061134121507e-04 2.845992738904222410e-04 2.851748846096864641e-04 2.857308141683248168e-04 2.862474221213549049e-04 2.864664559890475509e-04 2.866238564197517492e-04 2.872868152071882532e-04 2.876294568168978605e-04 2.881914496992985029e-04 2.887685131478365708e-04 2.885741449950359892e-04 2.884156007895256413e-04 2.884567729826954070e-04 2.899277437288837536e-04 2.880405355560239941e-04
2.836761149795599571e-04 2.837784629696905175e-04 2.841623182406808994e-04 2.839542336675847920e-04 2.838338035280442233e-04 2.838804555552008478e-04 2.838017504637718302e-04 2.837444968933039002e-04 2.837094559152233703e-04 2.837026364313174659e-04 2.836298792416969508e-04 2.839265401376882031e-04 2.844791226915601161e-04 2.849898805321447889e-04 2.854922366570973309e-04 2.857259444893107286e-04 2.859220188343687750e-04 2.865986074351839627e-04 2.869025707647863033e-04 2.874369484066865359e-04 2.879537763338913502e-04 2.875209495597023913e-04 2.867717430624773891e-04 2.860875980883362084e-04 2.880405355560239941e-04 2.886038840383354977e-04
