2.862416383045408548e-04 2.846166496177828117e-04 2.829450216816877992e-04 2.820537996249073494e-04 2.809604489363382116e-04 2.797091760069636166e-04 2.788661388303991179e-04 2.778467513697870225e-04 2.771260771367265200e-04 2.763352282430521197e-04 2.757621500656703192e-04 2.752713058697108537e-04 2.750176380533333803e-04 2.747168329728586476e-04 2.744580811592009354e-04 2.741184711710817584e-04 2.736978370116027065e-04 2.736324939481933811e-04 2.738068184814149413e-04 2.739540463814362078e-04 2.743968552288878642e-04 2.754397142739664606e-04 2.761645811510996494e-04 2.756440079545180856e-04 2.750000086601609838e-04 2.754691098831731186e-04
2.846166496177828117e-04 2.830862025825416637e-04 2.814025353163927628e-04 2.805159141546540000e-04 2.794250162481480386e-04 2.781773023532062229e-04 2.773359322122416178e-04 2.763253709056921813e-04 2.756106210643839206e-04 2.748231143048884112e-04 2.742511617819759864e-04 2.737599834948445843e-04 2.735061455246917640e-04 2.732024487488268392e-04 2.729411521319081058e-04 2.725997290246562322e-04 2.721751427915651816e-04 2.721063183003529125e-04 2.722850716618112907e-04 2.724419967534014446e-04 2.728963236931926492e-04 2.739304094561659415e-04 2.746437040841519630e-04 2.740969152577213235e-04 2.734538424064546507e-04 2.739393935496791809e-04
2.829450216816877992e-04 2.814025353163927628e-04 2.797867417275219258e-04 2.788876950479731841e-04 2.778026018873357150e-04 2.765631421870107156e-04 2.757301066323800814e-04 2.747228264218157224e-04 2.740126762071613017e-04 2.732285997372346266e-04 2.726596726801897280e-04 2.721734119011966473e-04 2.719212830336134742e-04 2.716230271639854415e-04 2.713668056800582493e-04 2.710319537906981965e-04 2.706159150928141703e-04 2.705467729384548122e-04 2.707246786287889249e-04 2.708745113256611696e-04 2.713145631092875364e-04 2.723401332977702671e-04 2.730357171884231012e-04 2.724801703782212632e-04 2.718488643281610621e-04 2.723369174138633858e-04
2.820537996249073494e-04 2.805159141546540000e-04 2.788876950479731841e-04 2.780366587709725656e-04 2.769450680566746745e-04 2.757064333457488986e-04 2.748753387381391551e-04 2.738719171461205179e-04 2.731661091899617935e-04 2.723887905900111901e-04 2.718233763292601021e-04 2.713417059329560014e-04 2.710926107493963279e-04 2.707936428899256152e-04 2.705383367966868028e-04 2.702051243708741466e-04 2.697875061541439448e-04 2.697223364501678193e-04 2.699066684672147827e-04 2.700630464238167419e-04 2.705000934140629047e-04 2.714922409185189893e-04 2.721763347760322582e-04 2.716387592471865959e-04 2.710068091610992494e-04 2.714878956746972767e-04
2.809604489363382116e-04 2.794250162481480386e-04 2.778026018873357150e-04 2.769450680566746745e-04 2.758872542023154979e-04 2.746458234503070840e-04 2.738193170764944705e-04 2.728204556440002389e-04 2.721164696246908417e-04 2.713419068441922711e-04 2.707779400413655359e-04 2.702988283069637961e-04 2.700516501119066843e-04 2.697536687577073780e-04 2.695002470220260351e-04 2.691705352538064462e-04 2.687567077714594823e-04 2.686909840434175832e-04 2.688760578543253669e-04 2.690285304779689384e-04 2.694559433589471527e-04 2.704465984225291192e-04 2.711278171899818290e-04 2.705987060914468540e-04 2.699853514306138147e-04 2.704657881601954810e-04
2.797091760069636166e-04 2.781773023532062229e-04 2.765631421870107156e-04 2.757064333457488986e-04 2.746458234503070840e-04 2.734377929738397673e-04 2.726120044320450475e-04 2.716170689105397483e-04 2.709188727371817144e-04 2.701505784564895568e-04 2.695897759830554103e-04 2.691146831563219163e-04 2.688690036726469612e-04 2.685735256119142138e-04 2.683233509730841449e-04 2.679927369096265729e-04 2.675804023312294312e-04 2.675165136713816665e-04 2.676998294371887854e-04 2.678448396574989584e-04 2.682552430169372610e-04 2.692341146556933911e-04 2.699215239264677550e-04 2.693979730077095017e-04 2.687954149401160166e-04 2.692911547440374155e-04
2.788661388303991179e-04 2.773359322122416178e-04 2.757301066323800814e-04 2.748753387381391551e-04 2.738193170764944705e-04 2.726120044320450475e-04 2.718139652536703766e-04 2.708223602576308457e-04 2.701294625258680577e-04 2.693695999210688114e-04 2.688147765284289387e-04 2.683460472556717423e-04 2.681053529000801796e-04 2.678149729028312222e-04 2.675659934239143015e-04 2.672327851862127662e-04 2.668204074268071052e-04 2.667548620662125373e-04 2.669356683907837921e-04 2.670738062977272027e-04 2.674657975684412376e-04 2.684236565005346004e-04 2.690996966923136688e-04 2.685797404091575598e-04 2.679779286947859759e-04 2.684646665964225882e-04
2.778467513697870225e-04 2.763253709056921813e-04 2.747228264218157224e-04 2.738719171461205179e-04 2.728204556440002389e-04 2.716170689105397483e-04 2.708223602576308457e-04 2.698537797756985672e-04 2.691671264944145588e-04 2.684126538657927185e-04 2.678638525321040144e-04 2.674006508595130893e-04 2.671675733333933600e-04 2.668824874624441861e-04 2.666376716919713189e-04 2.663044130790032170e-04 2.658947090166397507e-04 2.658316721160406217e-04 2.660114422108913568e-04 2.661426532965293149e-04 2.665118406637280121e-04 2.674480534935294216e-04 2.681184381913254795e-04 2.676137196377442393e-04 2.670167066637336257e-04 2.674976644811976625e-04
2.771260771367265200e-04 2.756106210643839206e-04 2.740126762071613017e-04 2.731661091899617935e-04 2.721164696246908417e-04 2.709188727371817144e-04 2.701294625258680577e-04 2.691671264944145588e-04 2.685027900689678209e-04 2.677564973319965648e-04 2.672146764751846728e-04 2.667588445976226035e-04 2.665320834097829753e-04 2.662522872753592877e-04 2.660113679113082692e-04 2.656803820884114380e-04 2.652700074080988329e-04 2.652037822768329263e-04 2.653761201114520360e-04 2.654886510976096686e-04 2.658282543509284655e-04 2.667360008049122371e-04 2.674022445193689171e-04 2.669075197123237791e-04 2.663352156440684424e-04 2.668397863331986391e-04
2.763352282430521197e-04 2.748231143048884112e-04 2.732285997372346266e-04 2.723887905900111901e-04 2.713419068441922711e-04 2.701505784564895568e-04 2.693695999210688114e-04 2.684126538657927185e-04 2.677564973319965648e-04 2.670339883122202734e-04 2.665032287568071907e-04 2.660595407374306029e-04 2.658447363040003530e-04 2.655752016928023158e-04 2.653421053149718125e-04 2.650144046152148078e-04 2.646062792055573496e-04 2.645378147923915075e-04 2.647033519600961349e-04 2.648022519408160455e-04 2.651047073929325352e-04 2.659675695587201570e-04 2.666072298213471511e-04 2.661058311730449830e-04 2.655668009534767316e-04 2.660954936052314966e-04
2.757621500656703192e-04 2.742511617819759864e-04 2.726596726801897280e-04 2.718233763292601021e-04 2.707779400413655359e-04 2.695897759830554103e-04 2.688147765284289387e-04 2.678638525321040144e-04 2.672146764751846728e-04 2.665032287568071907e-04 2.659973144738066631e-04 2.655705667661182700e-04 2.653694839862858357e-04 2.651116572144314801e-04 2.648877627810398289e-04 2.645668258542841975e-04 2.641635402931967230e-04 2.640954150784868251e-04 2.642580322501183370e-04 2.643469006432597797e-04 2.646147058424803684e-04 2.654316318098321544e-04 2.660418598855175632e-04 2.655234174023584303e-04 2.649988368832542781e-04 2.655537045698179856e-04
2.752713058697108537e-04 2.737599834948445843e-04 2.721734119011966473e-04 2.713417059329560014e-04 2.702988283069637961e-04 2.691146831563219163e-04 2.683460472556717423e-04 2.674006508595130893e-04 2.667588445976226035e-04 2.660595407374306029e-04 2.655705667661182700e-04 2.651741543667304637e-04 2.649948400286275541e-04 2.647537904451433715e-04 2.645442370032128113e-04 2.642340428557784062e-04 2.638405021045136145e-04 2.637788164779823318e-04 2.639419386252194453e-04 2.640206066082631964e-04 2.642414983099840623e-04 2.649925011683997218e-04 2.655653773840640445e-04 2.650343878606039693e-04 2.645323612117642695e-04 2.651155134328080543e-04
2.750176380533333803e-04 2.735061455246917640e-04 2.719212830336134742e-04 2.710926107493963279e-04 2.700516501119066843e-04 2.688690036726469612e-04 2.681053529000801796e-04 2.671675733333933600e-04 2.665320834097829753e-04 2.658447363040003530e-04 2.653694839862858357e-04 2.649948400286275541e-04 2.648532446955454626e-04 2.646422318556277331e-04 2.644567251993422451e-04 2.641648840924374427e-04 2.637861311147971996e-04 2.637335918954344027e-04 2.638995408360529735e-04 2.639625907350554002e-04 2.641219259821913972e-04 2.647894339186895288e-04 2.653112204935648751e-04 2.647828748902669228e-04 2.643226254480779262e-04 2.649290659234982792e-04
2.747168329728586476e-04 2.732024487488268392e-04 2.716230271639854415e-04 2.707936428899256152e-04 2.697536687577073780e-04 2.685735256119142138e-04 2.678149729028312222e-04 2.668824874624441861e-04 2.662522872753592877e-04 2.655752016928023158e-04 2.651116572144314801e-04 2.647537904451433715e-04 2.646422318556277331e-04 2.644766828523852390e-04 2.643250399198612409e-04 2.640565254390677243e-04 2.636934092725889750e-04 2.636504042584057609e-04 2.638191105629814483e-04 2.638688142866001183e-04 2.639713111060802936e-04 2.645452539227765589e-04 2.650044741140671783e-04 2.644650476725702876e-04 2.640431171519271492e-04 2.646784806167429261e-04
2.744580811592009354e-04 2.729411521319081058e-04 2.713668056800582493e-04 2.705383367966868028e-04 2.695002470220260351e-04 2.683233509730841449e-04 2.675659934239143015e-04 2.666376716919713189e-04 2.660113679113082692e-04 2.653421053149718125e-04 2.648877627810398289e-04 2.645442370032128113e-04 2.644567251993422451e-04 2.643250399198612409e-04 2.642236032085804238e-04 2.639970922064278501e-04 2.636639523880080567e-04 2.636339497953604587e-04 2.638064636383203373e-04 2.638420199851056105e-04 2.638831112557668817e-04 2.643556641853988718e-04 2.647533209425132384e-04 2.642113157346305877e-04 2.638154707705935497e-04 2.644722126274615614e-04
2.741184711710817584e-04 2.725997290246562322e-04 2.710319537906981965e-04 2.702051243708741466e-04 2.691705352538064462e-04 2.679927369096265729e-04 2.672327851862127662e-04 2.663044130790032170e-04 2.656803820884114380e-04 2.650144046152148078e-04 2.645668258542841975e-04 2.642340428557784062e-04 2.641648840924374427e-04 2.640565254390677243e-04 2.639970922064278501e-04 2.638430057279803607e-04 2.635680099865989989e-04 2.635673444698141427e-04 2.637564624983841817e-04 2.637917942590238757e-04 2.637745309031754655e-04 2.641193586097925197e-04 2.644192842584862195e-04 2.638876733072470634e-04 2.635383233392752864e-04 2.642009847113467222e-04
2.736978370116027065e-04 2.721751427915651816e-04 2.706159150928141703e-04 2.697875061541439448e-04 2.687567077714594823e-04 2.675804023312294312e-04 2.668204074268071052e-04 2.658947090166397507e-04 2.652700074080988329e-04 2.646062792055573496e-04 2.641635402931967230e-04 2.638405021045136145e-04 2.637861311147971996e-04 2.636934092725889750e-04 2.636639523880080567e-04 2.635680099865989989e-04 2.633873171926909133e-04 2.634611822834425081e-04 2.636980140801262608e-04 2.637478550853383590e-04 2.636776935331367117e-04 2.638849791636411015e-04 2.640499431228823411e-04 2.635124895713292573e-04 2.632071294681681767e-04 2.638644734857025702e-04
2.736324939481933811e-04 2.721063183003529125e-04 2.705467729384548122e-04 2.697223364501678193e-04 2.686909840434175832e-04 2.675165136713816665e-04 2.667548620662125373e-04 2.658316721160406217e-04 2.652037822768329263e-04 2.645378147923915075e-04 2.640954150784868251e-04 2.637788164779823318e-04 2.637335918954344027e-04 2.636504042584057609e-04 2.636339497953604587e-04 2.635673444698141427e-04 2.634611822834425081e-04 2.636637777261666973e-04 2.640108817095705501e-04 2.641127275419123980e-04 2.640179563555479936e-04 2.640810194623912201e-04 2.640451588786610652e-04 2.634680271539639653e-04 2.632269476834744773e-04 2.638879867834655166e-04
2.738068184814149413e-04 2.722850716618112907e-04 2.707246786287889249e-04 2.699066684672147827e-04 2.688760578543253669e-04 2.676998294371887854e-04 2.669356683907837921e-04 2.660114422108913568e-04 2.653761201114520360e-04 2.647033519600961349e-04 2.642580322501183370e-04 2.639419386252194453e-04 2.638995408360529735e-04 2.638191105629814483e-04 2.638064636383203373e-04 2.637564624983841817e-04 2.636980140801262608e-04 2.640108817095705501e-04 2.645472867440964168e-04 2.647820300001277349e-04 2.647038460783956342e-04 2.646497952828688496e-04 2.643715959971048657e-04 2.636935385762550566e-04 2.634834850543584525e-04 2.641538564413154801e-04
2.739540463814362078e-04 2.724419967534014446e-04 2.708745113256611696e-04 2.700630464238167419e-04 2.690285304779689384e-04 2.678448396574989584e-04 2.670738062977272027e-04 2.661426532965293149e-04 2.654886510976096686e-04 2.648022519408160455e-04 2.643469006432597797e-04 2.640206066082631964e-04 2.639625907350554002e-04 2.638688142866001183e-04 2.638420199851056105e-04 2.637917942590238757e-04 2.637478550853383590e-04 2.641127275419123980e-04 2.647820300001277349e-04 2.652855430728420457e-04 2.654137768034485934e-04 2.653825860676860683e-04 2.648688728447924547e-04 2.639576589686326385e-04 2.637405963970577082e-04 2.643930713418796434e-04
2.743968552288878642e-04 2.728963236931926492e-04 2.713145631092875364e-04 2.705000934140629047e-04 2.694559433589471527e-04 2.682552430169372610e-04 2.674657975684412376e-04 2.665118406637280121e-04 2.658282543509284655e-04 2.651047073929325352e-04 2.646147058424803684e-04 2.642414983099840623e-04 2.641219259821913972e-04 2.639713111060802936e-04 2.638831112557668817e-04 2.637745309031754655e-04 2.636776935331367117e-04 2.640179563555479936e-04 2.647038460783956342e-04 2.654137768034485934e-04 2.660305126674658788e-04 2.664181070764746226e-04 2.659514321626075682e-04 2.646806019654089908e-04 2.642620011672479645e-04 2.648294147349111358e-04
2.754397142739664606e-04 2.739304094561659415e-04 2.723401332977702671e-04 2.714922409185189893e-04 2.704465984225291192e-04 2.692341146556933911e-04 2.684236565005346004e-04 2.674480534935294216e-04 2.667360008049122371e-04 2.659675695587201570e-04 2.654316318098321544e-04 2.649925011683997218e-04 2.647894339186895288e-04 2.645452539227765589e-04 2.643556641853988718e-04 2.641193586097925197e-04 2.638849791636411015e-04 2.640810194623912201e-04 2.646497952828688496e-04 2.653825860676860683e-04 2.664181070764746226e-04 2.676529999756307337e-04 2.677904289667589334e-04 2.662709259732552497e-04 2.653407718435858752e-04 2.658004645189365094e-04
2.761645811510996494e-04 2.746437040841519630e-04 2.730357171884231012e-04 2.721763347760322582e-04 2.711278171899818290e-04 2.699215239264677550e-04 2.690996966923136688e-04 2.681184381913254795e-04 2.674022445193689171e-04 2.666072298213471511e-04 2.660418598855175632e-04 2.655653773840640445e-04 2.653112204935648751e-04 2.650044741140671783e-04 2.647533209425132384e-04 2.644192842584862195e-04 2.640499431228823411e-04 2.640451588786610652e-04 2.643715959971048657e-04 2.648688728447924547e-04 2.659514321626075682e-04 2.677904289667589334e-04 2.690562795120521149e-04 2.678657082197328566e-04 2.662246734283148664e-04 2.664752812660591756e-04
2.756440079545180856e-04 2.740969152577213235e-04 2.724801703782212632e-04 2.716387592471865959e-04 2.705987060914468540e-04 2.693979730077095017e-04 2.685797404091575598e-04 2.676137196377442393e-04 2.669075197123237791e-04 2.661058311730449830e-04 2.655234174023584303e-04 2.650343878606039693e-04 2.647828748902669228e-04 2.644650476725702876e-04 2.642113157346305877e-04 2.638876733072470634e-04 2.635124895713292573e-04 2.634680271539639653e-04 2.636935385762550566e-04 2.639576589686326385e-04 2.646806019654089908e-04 2.662709259732552497e-04 2.678657082197328566e-04 2.677756162105195581e-04 2.662662371982742887e-04 2.660755387448798196e-04
2.750000086601609838e-04 2.734538424064546507e-04 2.718488643281610621e-04 2.710068091610992494e-04 2.699853514306138147e-04 2.687954149401160166e-04 2.679779286947859759e-04 2.670167066637336257e-04 2.663352156440684424e-04 2.655668009534767316e-04 2.649988368832542781e-04 2.645323612117642695e-04 2.643226254480779262e-04 2.640431171519271492e-04 2.638154707705935497e-04 2.635383233392752864e-04 2.632071294681681767e-04 2.632269476834744773e-04 2.634834850543584525e-04 2.637405963970577082e-04 2.642620011672479645e-04 2.653407718435858752e-04 2.662246734283148664e-04 2.662662371982742887e-04 2.662100817729579397e-04 2.662291307341426837e-04
2.754691098831731186e-04 2.739393935496791809e-04 2.723369174138633858e-04 2.714878956746972767e-04 2.704657881601954810e-04 2.692911547440374155e-04 2.684646665964225882e-04 2.674976644811976625e-04 2.668397863331986391e-04 2.660954936052314966e-04 2.655537045698179856e-04 2.651155134328080543e-04 2.649290659234982792e-04 2.646784806167429261e-04 2.644722126274615614e-04 2.642009847113467222e-04 2.638644734857025702e-04 2.638879867834655166e-04 2.641538564413154801e-04 2.643930713418796434e-04 2.648294147349111358e-04 2.658004645189365094e-04 2.664752812660591756e-04 2.660755387448798196e-04 2.662291307341426837e-04 2.675115060259727591e-04
