5.943510801403373072e-04 5.909958888916976363e-04 5.873819976101617895e-04 5.855429548572934793e-04 5.836171522526315426e-04 5.819219547758636233e-04 5.806370191133343461e-04 5.796962732299818129e-04 5.789655594925242205e-04 5.777521185348430269e-04 5.770493107351534800e-04 5.765421552525400823e-04 5.761582952510434577e-04 5.761604623061645277e-04 5.758492795428789930e-04 5.755223030286322127e-04 5.748267621080846088e-04 5.739317729026502651e-04 5.732112217909225531e-04 5.725571216651437938e-04 5.727840257088016342e-04 5.748046999444093386e-04 5.775506204911943662e-04 5.768728339640439564e-04 5.745777804890986416e-04 5.752239044818161905e-04
5.909958888916976363e-04 5.877675248551178077e-04 5.841477564499815683e-04 5.823243183280567888e-04 5.804113007520599445e-04 5.787296313467466327e-04 5.774506962839784678e-04 5.765151984131357396e-04 5.757890647379134341e-04 5.745890028451572937e-04 5.738901120144851127e-04 5.733898014750374826e-04 5.730114619984202125e-04 5.730149926222655784e-04 5.727134793302590546e-04 5.724030031929763481e-04 5.717239395723539485e-04 5.708488536610274939e-04 5.701373760689852719e-04 5.694920133658471677e-04 5.697444553964865375e-04 5.717722844092553835e-04 5.745014988685372397e-04 5.737825610954695689e-04 5.714660331091130736e-04 5.721109422091302929e-04
5.873819976101617895e-04 5.841477564499815683e-04 5.806106374801245276e-04 5.787786522555405473e-04 5.768770847206338825e-04 5.752046031492879510e-04 5.739369730641828747e-04 5.730066455576876376e-04 5.722820391660143110e-04 5.710871345645170431e-04 5.703918465660483359e-04 5.698930614714764822e-04 5.695166306022215368e-04 5.695203521211294638e-04 5.692158802053452196e-04 5.689085109768342178e-04 5.682345894883325315e-04 5.673668163038587389e-04 5.666648546380671650e-04 5.660235000503451236e-04 5.662609897569601631e-04 5.682655720299559362e-04 5.709898267860617511e-04 5.703185629393789195e-04 5.680120011962660771e-04 5.686690618332379109e-04
5.855429548572934793e-04 5.823243183280567888e-04 5.787786522555405473e-04 5.770039087085154219e-04 5.750955261094371253e-04 5.734299832977565606e-04 5.721671284185132897e-04 5.712400679211661813e-04 5.705190375904138720e-04 5.693287063772504422e-04 5.686350022421950970e-04 5.681397293775710929e-04 5.677667332211864962e-04 5.677740709676558535e-04 5.674773007720852313e-04 5.671759004000172981e-04 5.665093450468755999e-04 5.656513884169950962e-04 5.649540547503158249e-04 5.643086499763220239e-04 5.645259721079961710e-04 5.664863416071871417e-04 5.691709563746764206e-04 5.685097591189165181e-04 5.662667336033941259e-04 5.669053108951914617e-04
5.836171522526315426e-04 5.804113007520599445e-04 5.768770847206338825e-04 5.750955261094371253e-04 5.732321284564611966e-04 5.715665072199206014e-04 5.703087601168925535e-04 5.693868311607010960e-04 5.686723454443880395e-04 5.674892749088187053e-04 5.668011534501292545e-04 5.663094250014821156e-04 5.659424646408666316e-04 5.659520352280186274e-04 5.656580472224860372e-04 5.653609355165539752e-04 5.646884276104017705e-04 5.638277789474915045e-04 5.631263691574256046e-04 5.624794948283245348e-04 5.626970184812925832e-04 5.646507899476353905e-04 5.673230917292654621e-04 5.666576539737875912e-04 5.644050463079724588e-04 5.650597428757782792e-04
5.819219547758636233e-04 5.787296313467466327e-04 5.752046031492879510e-04 5.734299832977565606e-04 5.715665072199206014e-04 5.699312557345650098e-04 5.686755686456871099e-04 5.677597437933981118e-04 5.670508997081106801e-04 5.658760077699229304e-04 5.651940055027395229e-04 5.647102266739020392e-04 5.643516482661242034e-04 5.643693829764801764e-04 5.640849490132276642e-04 5.637971873350506799e-04 5.631333199847565231e-04 5.622793753122835858e-04 5.615801324895383292e-04 5.609318252419310787e-04 5.611358764950418430e-04 5.630575468482745078e-04 5.657039263004466937e-04 5.650400568328927189e-04 5.628265178102737120e-04 5.634830389261185528e-04
5.806370191133343461e-04 5.774506962839784678e-04 5.739369730641828747e-04 5.721671284185132897e-04 5.703087601168925535e-04 5.686755686456871099e-04 5.674503930490399804e-04 5.665414019852059143e-04 5.658369031280708174e-04 5.646664222681627284e-04 5.639901962259436961e-04 5.635134903236121940e-04 5.631624038757580050e-04 5.631879719194401524e-04 5.629122038659692927e-04 5.626316435039199239e-04 5.619735352957542368e-04 5.611272504211620204e-04 5.604356834607933553e-04 5.597876945014983695e-04 5.599717654680734036e-04 5.618535978895449097e-04 5.644779902837176273e-04 5.638362600251428701e-04 5.616528218700790956e-04 5.623020918071663455e-04
5.796962732299818129e-04 5.765151984131357396e-04 5.730066455576876376e-04 5.712400679211661813e-04 5.693868311607010960e-04 5.677597437933981118e-04 5.665414019852059143e-04 5.656545171427463390e-04 5.649551350901327795e-04 5.637910387279042486e-04 5.631222201205765988e-04 5.626549857082619724e-04 5.623127108240882086e-04 5.623465815126016615e-04 5.620777204645395009e-04 5.618067272285875513e-04 5.611590493475464335e-04 5.603223594541067044e-04 5.596357865828776668e-04 5.589837775553256659e-04 5.591458365099763461e-04 5.609863624237752073e-04 5.635872299837790334e-04 5.629393502071891337e-04 5.607739293653082142e-04 5.614439055184508153e-04
5.789655594925242205e-04 5.757890647379134341e-04 5.722820391660143110e-04 5.705190375904138720e-04 5.686723454443880395e-04 5.670508997081106801e-04 5.658369031280708174e-04 5.649551350901327795e-04 5.642775873511832792e-04 5.631221292165365525e-04 5.624612168543522859e-04 5.620022360474163448e-04 5.616696281633034834e-04 5.617112551252477536e-04 5.614508751076007637e-04 5.611892577119931540e-04 5.605481172687294634e-04 5.597188744449788393e-04 5.590317503574085672e-04 5.583711384762099885e-04 5.585139862304685588e-04 5.603177180332339540e-04 5.628863239567075604e-04 5.622359843156451726e-04 5.600956956920802613e-04 5.607660236841406718e-04
5.777521185348430269e-04 5.745890028451572937e-04 5.710871345645170431e-04 5.693287063772504422e-04 5.674892749088187053e-04 5.658760077699229304e-04 5.646664222681627284e-04 5.637910387279042486e-04 5.631221292165365525e-04 5.619928722355192535e-04 5.613462375720144719e-04 5.609017111719699893e-04 5.605844702773884677e-04 5.606426682546337883e-04 5.603955028553347277e-04 5.601429898346905762e-04 5.595086783891523724e-04 5.586835511754836489e-04 5.579948157305292646e-04 5.573180441564623468e-04 5.574214741493535704e-04 5.591693686337382120e-04 5.617089336508869187e-04 5.610877308336679331e-04 5.590069674562622585e-04 5.596711478136094176e-04
5.770493107351534800e-04 5.738901120144851127e-04 5.703918465660483359e-04 5.686350022421950970e-04 5.668011534501292545e-04 5.651940055027395229e-04 5.639901962259436961e-04 5.631222201205765988e-04 5.624612168543522859e-04 5.613462375720144719e-04 5.607306373800453967e-04 5.603077765759251075e-04 5.600092118067423767e-04 5.600860533295421752e-04 5.598539652894201409e-04 5.596142169501391135e-04 5.589896957867016621e-04 5.581703849003768472e-04 5.574790938086501314e-04 5.567870035211681598e-04 5.568497632674520572e-04 5.585248378993415115e-04 5.610172310539890102e-04 5.603924666792854366e-04 5.583436778819756948e-04 5.590152822473840478e-04
5.765421552525400823e-04 5.733898014750374826e-04 5.698930614714764822e-04 5.681397293775710929e-04 5.663094250014821156e-04 5.647102266739020392e-04 5.635134903236121940e-04 5.626549857082619724e-04 5.620022360474163448e-04 5.609017111719699893e-04 5.603077765759251075e-04 5.599252001858858428e-04 5.596570997217151233e-04 5.597648396384026720e-04 5.595580948940286547e-04 5.593407965623765736e-04 5.587352226667217404e-04 5.579345972512731247e-04 5.572426242262192193e-04 5.565238600560634338e-04 5.565305713472207955e-04 5.581001696651476671e-04 5.605205928482806738e-04 5.599045228173711673e-04 5.579038035758014961e-04 5.585955387296653168e-04
5.761582952510434577e-04 5.730114619984202125e-04 5.695166306022215368e-04 5.677667332211864962e-04 5.659424646408666316e-04 5.643516482661242034e-04 5.631624038757580050e-04 5.623127108240882086e-04 5.616696281633034834e-04 5.605844702773884677e-04 5.600092118067423767e-04 5.596570997217151233e-04 5.594375920867766111e-04 5.595871485595932913e-04 5.594152213402285448e-04 5.592283096485287618e-04 5.586455918458480214e-04 5.578682490534108080e-04 5.571802312748226453e-04 5.564416112156859951e-04 5.563996268143061447e-04 5.578674289997085636e-04 5.602171356958677434e-04 5.596026217730272435e-04 5.576520043734634578e-04 5.583343789277269353e-04
5.761604623061645277e-04 5.730149926222655784e-04 5.695203521211294638e-04 5.677740709676558535e-04 5.659520352280186274e-04 5.643693829764801764e-04 5.631879719194401524e-04 5.623465815126016615e-04 5.617112551252477536e-04 5.606426682546337883e-04 5.600860533295421752e-04 5.597648396384026720e-04 5.595871485595932913e-04 5.598006971046038055e-04 5.596829489718072080e-04 5.595443615980312839e-04 5.589971558139640410e-04 5.582495034553890600e-04 5.575724086649213413e-04 5.568109728697034477e-04 5.566894894541621732e-04 5.580120194404418607e-04 5.602707880405547684e-04 5.596922004875444067e-04 5.578285396877056710e-04 5.585026496806905390e-04
5.758492795428789930e-04 5.727134793302590546e-04 5.692158802053452196e-04 5.674773007720852313e-04 5.656580472224860372e-04 5.640849490132276642e-04 5.629122038659692927e-04 5.620777204645395009e-04 5.614508751076007637e-04 5.603955028553347277e-04 5.598539652894201409e-04 5.595580948940286547e-04 5.594152213402285448e-04 5.596829489718072080e-04 5.596439851488803005e-04 5.595823817863161947e-04 5.590939181162840436e-04 5.583940730428941417e-04 5.577401964104065305e-04 5.569573125802489708e-04 5.567480115018752203e-04 5.578962815155562001e-04 5.600338033301853957e-04 5.594833094324697153e-04 5.576836087686333834e-04 5.583404179770516760e-04
5.755223030286322127e-04 5.724030031929763481e-04 5.689085109768342178e-04 5.671759004000172981e-04 5.653609355165539752e-04 5.637971873350506799e-04 5.626316435039199239e-04 5.618067272285875513e-04 5.611892577119931540e-04 5.601429898346905762e-04 5.596142169501391135e-04 5.593407965623765736e-04 5.592283096485287618e-04 5.595443615980312839e-04 5.595823817863161947e-04 5.596397277743434071e-04 5.592571149650614123e-04 5.586474530020243533e-04 5.580489364518343787e-04 5.572566611749144114e-04 5.569437281321222609e-04 5.578489988660016328e-04 5.597871916907243414e-04 5.592553553602192624e-04 5.575517034698628622e-04 5.582225217859199552e-04
5.748267621080846088e-04 5.717239395723539485e-04 5.682345894883325315e-04 5.665093450468755999e-04 5.646884276104017705e-04 5.631333199847565231e-04 5.619735352957542368e-04 5.611590493475464335e-04 5.605481172687294634e-04 5.595086783891523724e-04 5.589896957867016621e-04 5.587352226667217404e-04 5.586455918458480214e-04 5.589971558139640410e-04 5.590939181162840436e-04 5.592571149650614123e-04 5.590322202995004269e-04 5.585649324142640719e-04 5.580538734633434068e-04 5.572657341331723694e-04 5.568379730059733407e-04 5.574575415593552210e-04 5.591337189157636863e-04 5.586021254270430491e-04 5.569924348679093380e-04 5.577285341361879270e-04
5.739317729026502651e-04 5.708488536610274939e-04 5.673668163038587389e-04 5.656513884169950962e-04 5.638277789474915045e-04 5.622793753122835858e-04 5.611272504211620204e-04 5.603223594541067044e-04 5.597188744449788393e-04 5.586835511754836489e-04 5.581703849003768472e-04 5.579345972512731247e-04 5.578682490534108080e-04 5.582495034553890600e-04 5.583940730428941417e-04 5.586474530020243533e-04 5.585649324142640719e-04 5.583079558110420415e-04 5.579635290674072592e-04 5.572339215485349337e-04 5.567394344649517508e-04 5.570792274657830091e-04 5.584135023657052499e-04 5.578347895280644534e-04 5.563527795112880670e-04 5.571062198621034873e-04
5.732112217909225531e-04 5.701373760689852719e-04 5.666648546380671650e-04 5.649540547503158249e-04 5.631263691574256046e-04 5.615801324895383292e-04 5.604356834607933553e-04 5.596357865828776668e-04 5.590317503574085672e-04 5.579948157305292646e-04 5.574790938086501314e-04 5.572426242262192193e-04 5.571802312748226453e-04 5.575724086649213413e-04 5.577401964104065305e-04 5.580489364518343787e-04 5.580538734633434068e-04 5.579635290674072592e-04 5.578885253782083680e-04 5.573566540333402437e-04 5.569189593328357146e-04 5.571060419215971907e-04 5.580936912932606565e-04 5.573389092290094611e-04 5.558714433530263744e-04 5.565814713946948744e-04
5.725571216651437938e-04 5.694920133658471677e-04 5.660235000503451236e-04 5.643086499763220239e-04 5.624794948283245348e-04 5.609318252419310787e-04 5.597876945014983695e-04 5.589837775553256659e-04 5.583711384762099885e-04 5.573180441564623468e-04 5.567870035211681598e-04 5.565238600560634338e-04 5.564416112156859951e-04 5.568109728697034477e-04 5.569573125802489708e-04 5.572566611749144114e-04 5.572657341331723694e-04 5.572339215485349337e-04 5.573566540333402437e-04 5.571660504028548479e-04 5.570220541636929611e-04 5.573242222210681449e-04 5.580978717467600849e-04 5.569904466794341549e-04 5.553770680934476747e-04 5.559967800813299431e-04
5.727840257088016342e-04 5.697444553964865375e-04 5.662609897569601631e-04 5.645259721079961710e-04 5.626970184812925832e-04 5.611358764950418430e-04 5.599717654680734036e-04 5.591458365099763461e-04 5.585139862304685588e-04 5.574214741493535704e-04 5.568497632674520572e-04 5.565305713472207955e-04 5.563996268143061447e-04 5.566894894541621732e-04 5.567480115018752203e-04 5.569437281321222609e-04 5.568379730059733407e-04 5.567394344649517508e-04 5.569189593328357146e-04 5.570220541636929611e-04 5.574813082635519165e-04 5.584178931242287248e-04 5.593726317317482223e-04 5.577769671300009287e-04 5.557119906387860287e-04 5.561749291766674569e-04
5.748046999444093386e-04 5.717722844092553835e-04 5.682655720299559362e-04 5.664863416071871417e-04 5.646507899476353905e-04 5.630575468482745078e-04 5.618535978895449097e-04 5.609863624237752073e-04 5.603177180332339540e-04 5.591693686337382120e-04 5.585248378993415115e-04 5.581001696651476671e-04 5.578674289997085636e-04 5.580120194404418607e-04 5.578962815155562001e-04 5.578489988660016328e-04 5.574575415593552210e-04 5.570792274657830091e-04 5.571060419215971907e-04 5.573242222210681449e-04 5.584178931242287248e-04 5.607119793659771836e-04 5.627104137662178058e-04 5.607753523315968510e-04 5.577867985189406425e-04 5.580618200933942308e-04
5.775506204911943662e-04 5.745014988685372397e-04 5.709898267860617511e-04 5.691709563746764206e-04 5.673230917292654621e-04 5.657039263004466937e-04 5.644779902837176273e-04 5.635872299837790334e-04 5.628863239567075604e-04 5.617089336508869187e-04 5.610172310539890102e-04 5.605205928482806738e-04 5.602171356958677434e-04 5.602707880405547684e-04 5.600338033301853957e-04 5.597871916907243414e-04 5.591337189157636863e-04 5.584135023657052499e-04 5.580936912932606565e-04 5.580978717467600849e-04 5.593726317317482223e-04 5.627104137662178058e-04 5.664251126262317580e-04 5.650760693535803554e-04 5.610638075643778824e-04 5.609682463388762858e-04
5.768728339640439564e-04 5.737825610954695689e-04 5.703185629393789195e-04 5.685097591189165181e-04 5.666576539737875912e-04 5.650400568328927189e-04 5.638362600251428701e-04 5.629393502071891337e-04 5.622359843156451726e-04 5.610877308336679331e-04 5.603924666792854366e-04 5.599045228173711673e-04 5.596026217730272435e-04 5.596922004875444067e-04 5.594833094324697153e-04 5.592553553602192624e-04 5.586021254270430491e-04 5.578347895280644534e-04 5.573389092290094611e-04 5.569904466794341549e-04 5.577769671300009287e-04 5.607753523315968510e-04 5.650760693535803554e-04 5.654855362421276448e-04 5.619660646692722222e-04 5.611974976175432414e-04
5.745777804890986416e-04 5.714660331091130736e-04 5.680120011962660771e-04 5.662667336033941259e-04 5.644050463079724588e-04 5.628265178102737120e-04 5.616528218700790956e-04 5.607739293653082142e-04 5.600956956920802613e-04 5.590069674562622585e-04 5.583436778819756948e-04 5.579038035758014961e-04 5.576520043734634578e-04 5.578285396877056710e-04 5.576836087686333834e-04 5.575517034698628622e-04 5.569924348679093380e-04 5.563527795112880670e-04 5.558714433530263744e-04 5.553770680934476747e-04 5.557119906387860287e-04 5.577867985189406425e-04 5.610638075643778824e-04 5.619660646692722222e-04 5.608629516776278412e-04 5.602347899575653477e-04
5.752239044818161905e-04 5.721109422091302929e-04 5.686690618332379109e-04 5.669053108951914617e-04 5.650597428757782792e-04 5.634830389261185528e-04 5.623020918071663455e-04 5.614439055184508153e-04 5.607660236841406718e-04 5.596711478136094176e-04 5.590152822473840478e-04 5.585955387296653168e-04 5.583343789277269353e-04 5.585026496806905390e-04 5.583404179770516760e-04 5.582225217859199552e-04 5.577285341361879270e-04 5.571062198621034873e-04 5.565814713946948744e-04 5.559967800813299431e-04 5.561749291766674569e-04 5.580618200933942308e-04 5.609682463388762858e-04 5.611974976175432414e-04 5.602347899575653477e-04 5.617988506815478449e-04
