6.263105696186859177e-04 6.274106523212055276e-04 6.278469066530136715e-04 6.283773501321848060e-04 6.288573907810773378e-04 6.289791988671823752e-04 6.295631922620612822e-04 6.298093919034940865e-04 6.303144431945500526e-04 6.306188693540879572e-04 6.306137751360627866e-04 6.309940603870070911e-04 6.314982258024333687e-04 6.322092629638370164e-04 6.328393748317852428e-04 6.338851429152909771e-04 6.350292080129884068e-04 6.360652546993990526e-04 6.373057129954423205e-04 6.379460206773810522e-04 6.374206345348492307e-04 6.338828606573077918e-04 6.294329240115899803e-04 6.283183551956062146e-04 6.297856136892366914e-04 6.315854447273959059e-04
6.274106523212055276e-04 6.285729403091834750e-04 6.289910786746683111e-04 6.295226186780861731e-04 6.300038395272239628e-04 6.301243236908660216e-04 6.307133321978478742e-04 6.309616977719810157e-04 6.314693285445161994e-04 6.317751468806313570e-04 6.317734760924012581e-04 6.321579184670840165e-04 6.326663666090915445e-04 6.333803116320329066e-04 6.340170143087048944e-04 6.350691167107105819e-04 6.362161007135599912e-04 6.372470305367497435e-04 6.384869858610361026e-04 6.391295840927662319e-04 6.385937107880606959e-04 6.350366636883567235e-04 6.305931310134483929e-04 6.294816447095329245e-04 6.309275605372029021e-04 6.327251638497681692e-04
6.278469066530136715e-04 6.289910786746683111e-04 6.294540284359522635e-04 6.299759982470669968e-04 6.304602997568595300e-04 6.305860607563083331e-04 6.311768407586572502e-04 6.314256076291553449e-04 6.319381592138917109e-04 6.322494805369952703e-04 6.322519241999941106e-04 6.326412436268826411e-04 6.331567000735813071e-04 6.338793603744794511e-04 6.345262224442610932e-04 6.355892153609902064e-04 6.367510083998814468e-04 6.378009938732173397e-04 6.390508660804783327e-04 6.396893659179276118e-04 6.391395086550181103e-04 6.355481253099538137e-04 6.310498563632430764e-04 6.298975449191625579e-04 6.313639668381944856e-04 6.331824172596208812e-04
6.283773501321848060e-04 6.295226186780861731e-04 6.299759982470669968e-04 6.305277850689667337e-04 6.310044282954630109e-04 6.311288974168566528e-04 6.317177561206989943e-04 6.319667787090703977e-04 6.324789224594292748e-04 6.327900104035520884e-04 6.327947825934108648e-04 6.331894313100008831e-04 6.337086780995350443e-04 6.344375753359371602e-04 6.350928640412170168e-04 6.361663028725191319e-04 6.373389465884649356e-04 6.383984613033098776e-04 6.396550158983418206e-04 6.402945496325497792e-04 6.397303057460183764e-04 6.361076449846880679e-04 6.315876549854460573e-04 6.304368984100336025e-04 6.319090630387627378e-04 6.336979533407529263e-04
6.288573907810773378e-04 6.300038395272239628e-04 6.304602997568595300e-04 6.310044282954630109e-04 6.315026377549525123e-04 6.316265231347845555e-04 6.322179822240592707e-04 6.324705838645885069e-04 6.329862607704365898e-04 6.333012142461775075e-04 6.333090067686056182e-04 6.337090789576769719e-04 6.342348289902729249e-04 6.349710743350061573e-04 6.356334029748868892e-04 6.367135660233953776e-04 6.378896851194043420e-04 6.389545174572781525e-04 6.402158299685288762e-04 6.408591232597836982e-04 6.402923765092909635e-04 6.366423327656029222e-04 6.320995600622397563e-04 6.309144953234651840e-04 6.323740578485887668e-04 6.341907509866560790e-04
6.289791988671823752e-04 6.301243236908660216e-04 6.305860607563083331e-04 6.311288974168566528e-04 6.316265231347845555e-04 6.317675149144719388e-04 6.323609707358289565e-04 6.326174348922973360e-04 6.331369760874062860e-04 6.334565848249731857e-04 6.334707006370534927e-04 6.338785714467072736e-04 6.344118211669211175e-04 6.351568681899928811e-04 6.358282808571780751e-04 6.369197569678720699e-04 6.381062420411349025e-04 6.391836461241880976e-04 6.404564867394743231e-04 6.410951473289599589e-04 6.405045560335321164e-04 6.368137403286516438e-04 6.322363049826859116e-04 6.310467514244322415e-04 6.325176186631689549e-04 6.343298143851619454e-04
6.295631922620612822e-04 6.307133321978478742e-04 6.311768407586572502e-04 6.317177561206989943e-04 6.322179822240592707e-04 6.323609707358289565e-04 6.329721516008249759e-04 6.332330449569776752e-04 6.337575172037173375e-04 6.340830541373020839e-04 6.341032426062896687e-04 6.345190872139808841e-04 6.350625555818502051e-04 6.358191415765439237e-04 6.365037161479967674e-04 6.376081058977750441e-04 6.388079717291359838e-04 6.398985710590185047e-04 6.411809977059739190e-04 6.418125605487618813e-04 6.411979510180701013e-04 6.374671116883922186e-04 6.328576994200176865e-04 6.316536632448326765e-04 6.331220616034448530e-04 6.349475139841303942e-04
6.298093919034940865e-04 6.309616977719810157e-04 6.314256076291553449e-04 6.319667787090703977e-04 6.324705838645885069e-04 6.326174348922973360e-04 6.332330449569776752e-04 6.335101686882634421e-04 6.340429419626937438e-04 6.343768799428529297e-04 6.344055162999232738e-04 6.348326877905564923e-04 6.353860959295479878e-04 6.361540940888397956e-04 6.368495254176531660e-04 6.379665459465466617e-04 6.391775704959232847e-04 6.402821612706905341e-04 6.415795031506375595e-04 6.422116724560163886e-04 6.415762358006899934e-04 6.378005630101378585e-04 6.331528704510081462e-04 6.319196186668871347e-04 6.333636678877230600e-04 6.352126186501328743e-04
6.303144431945500526e-04 6.314693285445161994e-04 6.319381592138917109e-04 6.324789224594292748e-04 6.329862607704365898e-04 6.331369760874062860e-04 6.337575172037173375e-04 6.340429419626937438e-04 6.345975267154205018e-04 6.349417151209148279e-04 6.349803886454897552e-04 6.354211740805248976e-04 6.359907006644093192e-04 6.367759822087500033e-04 6.374879540028266641e-04 6.386241150300514188e-04 6.398543480764406393e-04 6.409760549252739885e-04 6.422872908738092631e-04 6.429181490448933160e-04 6.422532131093686581e-04 6.384183108449803697e-04 6.337163564039344568e-04 6.324566083695146949e-04 6.338957122217544343e-04 6.357624668658050241e-04
6.306188693540879572e-04 6.317751468806313570e-04 6.322494805369952703e-04 6.327900104035520884e-04 6.333012142461775075e-04 6.334565848249731857e-04 6.340830541373020839e-04 6.343768799428529297e-04 6.349417151209148279e-04 6.353075492508933504e-04 6.353632237843077164e-04 6.358224252733634795e-04 6.364102339810928698e-04 6.372136461268985931e-04 6.379445344011998222e-04 6.390974821827457002e-04 6.403409828634929433e-04 6.414732399536718843e-04 6.427890558475801968e-04 6.434054083658059028e-04 6.426978638070222384e-04 6.388031208688743330e-04 6.340751326214332613e-04 6.328057101657273958e-04 6.342159553801672697e-04 6.360835820808085359e-04
6.306137751360627866e-04 6.317734760924012581e-04 6.322519241999941106e-04 6.327947825934108648e-04 6.333090067686056182e-04 6.334707006370534927e-04 6.341032426062896687e-04 6.344055162999232738e-04 6.349803886454897552e-04 6.353632237843077164e-04 6.354468090033272339e-04 6.359324290035429450e-04 6.365452068266900772e-04 6.373739234467591620e-04 6.381292587158760628e-04 6.393060952688864968e-04 6.405720774151921551e-04 6.417198529292976244e-04 6.430417520017616545e-04 6.436350987606526911e-04 6.428644103017934529e-04 6.388798631005690627e-04 6.341107354917835913e-04 6.328431217703380744e-04 6.342320930604697935e-04 6.360899443185133060e-04
6.309940603870070911e-04 6.321579184670840165e-04 6.326412436268826411e-04 6.331894313100008831e-04 6.337090789576769719e-04 6.338785714467072736e-04 6.345190872139808841e-04 6.348326877905564923e-04 6.354211740805248976e-04 6.358224252733634795e-04 6.359324290035429450e-04 6.364632924205002300e-04 6.371168739631662310e-04 6.379869873913272295e-04 6.387835959873025592e-04 6.400020053567047470e-04 6.413076045141175062e-04 6.424900268135278619e-04 6.438355561112698178e-04 6.444086809061470725e-04 6.435430144436529807e-04 6.393943910595796271e-04 6.345169185751715554e-04 6.332361941056999580e-04 6.346312696401607608e-04 6.365006679589583485e-04
6.314982258024333687e-04 6.326663666090915445e-04 6.331567000735813071e-04 6.337086780995350443e-04 6.342348289902729249e-04 6.344118211669211175e-04 6.350625555818502051e-04 6.353860959295479878e-04 6.359907006644093192e-04 6.364102339810928698e-04 6.365452068266900772e-04 6.371168739631662310e-04 6.378282721808501299e-04 6.387573692108342114e-04 6.396115299203775431e-04 6.408828825615488613e-04 6.422403678407100167e-04 6.434655932688662910e-04 6.448410525170635618e-04 6.454044580559859662e-04 6.444459539824913107e-04 6.401234176293047655e-04 6.351196000642538898e-04 6.337880452785000628e-04 6.351810554333421231e-04 6.370712903761106480e-04
6.322092629638370164e-04 6.333803116320329066e-04 6.338793603744794511e-04 6.344375753359371602e-04 6.349710743350061573e-04 6.351568681899928811e-04 6.358191415765439237e-04 6.361540940888397956e-04 6.367759822087500033e-04 6.372136461268985931e-04 6.373739234467591620e-04 6.379869873913272295e-04 6.387573692108342114e-04 6.397693449661148030e-04 6.407023330921670680e-04 6.420452123006974718e-04 6.434729263142786133e-04 6.447600605642103038e-04 6.461836117213356307e-04 6.467468299093024307e-04 6.456853192651579396e-04 6.411485978283636578e-04 6.359820739227861836e-04 6.346015804877335560e-04 6.359883738303693124e-04 6.378864437231678529e-04
6.328393748317852428e-04 6.340170143087048944e-04 6.345262224442610932e-04 6.350928640412170168e-04 6.356334029748868892e-04 6.358282808571780751e-04 6.365037161479967674e-04 6.368495254176531660e-04 6.374879540028266641e-04 6.379445344011998222e-04 6.381292587158760628e-04 6.387835959873025592e-04 6.396115299203775431e-04 6.407023330921670680e-04 6.417389488888943123e-04 6.431817881717291022e-04 6.447064557121805466e-04 6.460785145611204006e-04 6.475640656028225405e-04 6.481297027757649924e-04 6.469569357705267851e-04 6.421748295994948079e-04 6.368163199169391952e-04 6.353801721649179066e-04 6.367280939494749693e-04 6.385935495775337803e-04
6.338851429152909771e-04 6.350691167107105819e-04 6.355892153609902064e-04 6.361663028725191319e-04 6.367135660233953776e-04 6.369197569678720699e-04 6.376081058977750441e-04 6.379665459465466617e-04 6.386241150300514188e-04 6.390974821827457002e-04 6.393060952688864968e-04 6.400020053567047470e-04 6.408828825615488613e-04 6.420452123006974718e-04 6.431817881717291022e-04 6.447602503817752902e-04 6.464232287463776618e-04 6.479202663969904760e-04 6.495057175874097231e-04 6.500976831742519583e-04 6.488177510800897160e-04 6.437423217388364097e-04 6.381159092769404968e-04 6.365948179658484666e-04 6.379205246959016810e-04 6.397204276042266387e-04
6.350292080129884068e-04 6.362161007135599912e-04 6.367510083998814468e-04 6.373389465884649356e-04 6.378896851194043420e-04 6.381062420411349025e-04 6.388079717291359838e-04 6.391775704959232847e-04 6.398543480764406393e-04 6.403409828634929433e-04 6.405720774151921551e-04 6.413076045141175062e-04 6.422403678407100167e-04 6.434729263142786133e-04 6.447064557121805466e-04 6.464232287463776618e-04 6.482829543673412562e-04 6.499781536729342443e-04 6.517252532013261424e-04 6.523890875307684044e-04 6.510252208776076081e-04 6.456257713414590609e-04 6.396440620947858868e-04 6.379968296932298595e-04 6.392772433214405229e-04 6.409856818925873745e-04
6.360652546993990526e-04 6.372470305367497435e-04 6.378009938732173397e-04 6.383984613033098776e-04 6.389545174572781525e-04 6.391836461241880976e-04 6.398985710590185047e-04 6.402821612706905341e-04 6.409760549252739885e-04 6.414732399536718843e-04 6.417198529292976244e-04 6.424900268135278619e-04 6.434655932688662910e-04 6.447600605642103038e-04 6.460785145611204006e-04 6.479202663969904760e-04 6.499781536729342443e-04 6.519501575488152387e-04 6.539622935120484445e-04 6.547949090059517743e-04 6.534220628128564442e-04 6.476980982431304731e-04 6.412342991536985242e-04 6.392968064579522026e-04 6.404723797831757227e-04 6.421197941468513842e-04
6.373057129954423205e-04 6.384869858610361026e-04 6.390508660804783327e-04 6.396550158983418206e-04 6.402158299685288762e-04 6.404564867394743231e-04 6.411809977059739190e-04 6.415795031506375595e-04 6.422872908738092631e-04 6.427890558475801968e-04 6.430417520017616545e-04 6.438355561112698178e-04 6.448410525170635618e-04 6.461836117213356307e-04 6.475640656028225405e-04 6.495057175874097231e-04 6.517252532013261424e-04 6.539622935120484445e-04 6.563344440983858406e-04 6.574690209902472361e-04 6.562249122063410194e-04 6.502975580148804896e-04 6.433252346175620702e-04 6.409873354686566318e-04 6.419761995314639908e-04 6.435127120175526119e-04
6.379460206773810522e-04 6.391295840927662319e-04 6.396893659179276118e-04 6.402945496325497792e-04 6.408591232597836982e-04 6.410951473289599589e-04 6.418125605487618813e-04 6.422116724560163886e-04 6.429181490448933160e-04 6.434054083658059028e-04 6.436350987606526911e-04 6.444086809061470725e-04 6.454044580559859662e-04 6.467468299093024307e-04 6.481297027757649924e-04 6.500976831742519583e-04 6.523890875307684044e-04 6.547949090059517743e-04 6.574690209902472361e-04 6.590840819158561448e-04 6.582967369908377699e-04 6.525269163847482014e-04 6.451124591641426743e-04 6.420735770465205421e-04 6.428177493938303649e-04 6.442563746975777132e-04
6.374206345348492307e-04 6.385937107880606959e-04 6.391395086550181103e-04 6.397303057460183764e-04 6.402923765092909635e-04 6.405045560335321164e-04 6.411979510180701013e-04 6.415762358006899934e-04 6.422532131093686581e-04 6.426978638070222384e-04 6.428644103017934529e-04 6.435430144436529807e-04 6.444459539824913107e-04 6.456853192651579396e-04 6.469569357705267851e-04 6.488177510800897160e-04 6.510252208776076081e-04 6.534220628128564442e-04 6.562249122063410194e-04 6.582967369908377699e-04 6.584137406327249080e-04 6.535145662272262438e-04 6.461175656794015216e-04 6.422654255845638375e-04 6.425872589029978012e-04 6.438213866268972059e-04
6.338828606573077918e-04 6.350366636883567235e-04 6.355481253099538137e-04 6.361076449846880679e-04 6.366423327656029222e-04 6.368137403286516438e-04 6.374671116883922186e-04 6.378005630101378585e-04 6.384183108449803697e-04 6.388031208688743330e-04 6.388798631005690627e-04 6.393943910595796271e-04 6.401234176293047655e-04 6.411485978283636578e-04 6.421748295994948079e-04 6.437423217388364097e-04 6.456257713414590609e-04 6.476980982431304731e-04 6.502975580148804896e-04 6.525269163847482014e-04 6.535145662272262438e-04 6.504032026521505130e-04 6.441564433487113710e-04 6.398983546771051410e-04 6.393470853188816961e-04 6.402467854963748897e-04
6.294329240115899803e-04 6.305931310134483929e-04 6.310498563632430764e-04 6.315876549854460573e-04 6.320995600622397563e-04 6.322363049826859116e-04 6.328576994200176865e-04 6.331528704510081462e-04 6.337163564039344568e-04 6.340751326214332613e-04 6.341107354917835913e-04 6.345169185751715554e-04 6.351196000642538898e-04 6.359820739227861836e-04 6.368163199169391952e-04 6.381159092769404968e-04 6.396440620947858868e-04 6.412342991536985242e-04 6.433252346175620702e-04 6.451124591641426743e-04 6.461175656794015216e-04 6.441564433487113710e-04 6.400389932574532823e-04 6.369754571893062895e-04 6.356445413406327898e-04 6.359627882573249801e-04
6.283183551956062146e-04 6.294816447095329245e-04 6.298975449191625579e-04 6.304368984100336025e-04 6.309144953234651840e-04 6.310467514244322415e-04 6.316536632448326765e-04 6.319196186668871347e-04 6.324566083695146949e-04 6.328057101657273958e-04 6.328431217703380744e-04 6.332361941056999580e-04 6.337880452785000628e-04 6.346015804877335560e-04 6.353801721649179066e-04 6.365948179658484666e-04 6.379968296932298595e-04 6.392968064579522026e-04 6.409873354686566318e-04 6.420735770465205421e-04 6.422654255845638375e-04 6.398983546771051410e-04 6.369754571893062895e-04 6.366712985274297762e-04 6.361680199714677287e-04 6.356092926845263334e-04
6.297856136892366914e-04 6.309275605372029021e-04 6.313639668381944856e-04 6.319090630387627378e-04 6.323740578485887668e-04 6.325176186631689549e-04 6.331220616034448530e-04 6.333636678877230600e-04 6.338957122217544343e-04 6.342159553801672697e-04 6.342320930604697935e-04 6.346312696401607608e-04 6.351810554333421231e-04 6.359883738303693124e-04 6.367280939494749693e-04 6.379205246959016810e-04 6.392772433214405229e-04 6.404723797831757227e-04 6.419761995314639908e-04 6.428177493938303649e-04 6.425872589029978012e-04 6.393470853188816961e-04 6.356445413406327898e-04 6.361680199714677287e-04 6.388634322672542571e-04 6.391783082790259080e-04
6.315854447273959059e-04 6.327251638497681692e-04 6.331824172596208812e-04 6.336979533407529263e-04 6.341907509866560790e-04 6.343298143851619454e-04 6.349475139841303942e-04 6.352126186501328743e-04 6.357624668658050241e-04 6.360835820808085359e-04 6.360899443185133060e-04 6.365006679589583485e-04 6.370712903761106480e-04 6.378864437231678529e-04 6.385935495775337803e-04 6.397204276042266387e-04 6.409856818925873745e-04 6.421197941468513842e-04 6.435127120175526119e-04 6.442563746975777132e-04 6.438213866268972059e-04 6.402467854963748897e-04 6.359627882573249801e-04 6.356092926845263334e-04 6.391783082790259080e-04 6.426050852935111636e-04
