7.563385833758580670e-12 3.715921703046913279e-12 2.650384270539533869e-12 1.594921781658551746e-12 6.948870689157082529e-13 5.787949479143915456e-13 4.222867915329361153e-13 7.093971494071522809e-13 4.566694733978747578e-13 1.071633697369287230e-12 1.044818370751335474e-12 1.093918570919748899e-12 1.076591914571449129e-12 1.289113670545328518e-12 1.121032727901714731e-12 1.175614852796646809e-12 1.048566856793404799e-12 6.075980583378944851e-13 7.545506185296533319e-14 -4.749197947116624309e-13
3.715921703046913279e-12 5.624996389923656863e-12 3.423004150610423979e-12 2.166837571168888656e-12 1.436558188999472921e-12 9.379985280057564422e-13 6.755027729399834106e-13 9.151941611326969437e-13 7.206446463867608879e-13 4.778313470850644599e-13 6.234515786073529625e-13 8.346932606100940627e-13 4.091445927790400466e-13 8.812365339034615195e-13 6.672541312691558865e-13 8.233475865046158059e-13 6.283001748662006669e-13 3.969526968970391144e-13 2.127637928675422383e-13 -2.838344675958190603e-14
2.650384270539533869e-12 3.423004150610423979e-12 5.271757755332562858e-12 3.385619559854432464e-12 2.705078311117262448e-12 1.657958149626815203e-12 1.063790865826525965e-12 9.925671205572697146e-13 8.590604855668988565e-13 7.268323222844607356e-13 5.844841975146145298e-13 6.709755016202860306e-13 2.896163781458600180e-13 9.812269329178480414e-13 6.664515974516471390e-13 9.602123205137149975e-13 7.874341184798244172e-13 7.410260163001388646e-13 3.100676169729911234e-13 -2.576965182851803469e-13
1.594921781658551746e-12 2.166837571168888656e-12 3.385619559854432464e-12 3.933716035672865927e-12 2.997032753291527934e-12 1.833630700717606781e-12 1.092826786429880180e-12 8.189715641333906883e-13 7.139195286112833278e-13 8.105294997682759282e-13 7.822236368241123094e-13 4.510068982966690076e-13 2.752299130400688973e-13 8.273735898954407254e-13 6.313948108984211676e-13 8.371236962961170403e-13 6.939465835865809921e-13 4.986853919099917939e-13 2.471331196013058835e-13 -4.558239942227666919e-13
6.948870689157082529e-13 1.436558188999472921e-12 2.705078311117262448e-12 2.997032753291527934e-12 4.449457789211766914e-12 2.562466212598141183e-12 1.841240316902291285e-12 1.500394450983578510e-12 1.232708421852803956e-12 8.947782331059740179e-13 4.870385036461835192e-13 2.576789694121837066e-13 1.087866157307390536e-13 4.820252073197920968e-13 4.977549767853339647e-13 8.412827235567896355e-13 7.560787470023717072e-13 2.629204789434969103e-13 -1.901597960923433567e-13 -6.891186032109630663e-13
5.787949479143915456e-13 9.379985280057564422e-13 1.657958149626815203e-12 1.833630700717606781e-12 2.562466212598141183e-12 3.572463322892232937e-12 2.437894553264744176e-12 1.655959666035635047e-12 1.294612516412458184e-12 1.035524620806678424e-12 4.748155808755985507e-13 4.150370903827304947e-13 6.833823006707141057e-13 7.594885779586246308e-13 6.524711259772863165e-13 6.830211760328620440e-13 7.247140445584175477e-13 2.309030383866019499e-13 -1.386176366397676992e-13 -7.747592844383803046e-13
4.222867915329361153e-13 6.755027729399834106e-13 1.063790865826525965e-12 1.092826786429880180e-12 1.841240316902291285e-12 2.437894553264744176e-12 2.895593468698832303e-12 2.113563294528010032e-12 1.347403073049191715e-12 8.887699505172970960e-13 3.107223588865369858e-13 5.240713893609896705e-13 7.196685924769544951e-13 6.807349521867134408e-13 3.853657113331029152e-13 3.174320802208372515e-13 3.327258410877795920e-13 -1.251412428938543547e-13 -2.636117600976565481e-13 -5.956368066337482395e-13
7.093971494071522809e-13 9.151941611326969437e-13 9.925671205572697146e-13 8.189715641333906883e-13 1.500394450983578510e-12 1.655959666035635047e-12 2.113563294528010032e-12 3.051037502378570033e-12 2.004391635446478732e-12 1.255745622667546638e-12 5.661233099824192690e-13 6.458029798441854849e-13 6.774489914588463526e-13 5.109139546157377419e-13 2.753823376435222686e-13 3.239782763392689878e-13 3.953780700804780337e-13 8.016023791774032756e-14 -1.162747295616833977e-13 -4.929319323204547184e-13
4.566694733978747578e-13 7.206446463867608879e-13 8.590604855668988565e-13 7.139195286112833278e-13 1.232708421852803956e-12 1.294612516412458184e-12 1.347403073049191715e-12 2.004391635446478732e-12 2.884862572557805141e-12 2.152476197711818861e-12 1.190821842307083813e-12 9.660166297025448328e-13 8.553672484830173463e-13 7.241639280967402123e-13 4.787660009915126851e-13 4.351241745561421783e-13 4.718539289625148161e-13 2.954385799050768640e-13 5.989520693874169489e-14 -4.413936370435958066e-13
1.071633697369287230e-12 4.778313470850644599e-13 7.268323222844607356e-13 8.105294997682759282e-13 8.947782331059740179e-13 1.035524620806678424e-12 8.887699505172970960e-13 1.255745622667546638e-12 2.152476197711818861e-12 3.178230940670645503e-12 2.440243789951474424e-12 1.876517432355233353e-12 1.878344214160341987e-12 1.484664047607633899e-12 1.131155370279331291e-12 8.689090477931399205e-13 8.892499175531597489e-13 7.022441497210372937e-13 4.889408795268704387e-13 -1.445423194401741875e-13
1.044818370751335474e-12 6.234515786073529625e-13 5.844841975146145298e-13 7.822236368241123094e-13 4.870385036461835192e-13 4.748155808755985507e-13 3.107223588865369858e-13 5.661233099824192690e-13 1.190821842307083813e-12 2.440243789951474424e-12 3.196278918837057296e-12 2.496186405390057941e-12 2.270474932178795729e-12 1.823823506664107296e-12 1.567519388846044413e-12 1.163191083507942794e-12 1.187849711902367327e-12 1.138573729725881954e-12 8.900127343382094706e-13 3.303558842908659928e-13
1.093918570919748899e-12 8.346932606100940627e-13 6.709755016202860306e-13 4.510068982966690076e-13 2.576789694121837066e-13 4.150370903827304947e-13 5.240713893609896705e-13 6.458029798441854849e-13 9.660166297025448328e-13 1.876517432355233353e-12 2.496186405390057941e-12 3.167709367438368903e-12 2.744411578369032031e-12 2.257379895924768457e-12 1.917683193943663246e-12 1.350709882107777550e-12 1.015978193819036912e-12 7.904163934190929359e-13 5.470839470134472182e-13 -3.344232658925134561e-14
1.076591914571449129e-12 4.091445927790400466e-13 2.896163781458600180e-13 2.752299130400688973e-13 1.087866157307390536e-13 6.833823006707141057e-13 7.196685924769544951e-13 6.774489914588463526e-13 8.553672484830173463e-13 1.878344214160341987e-12 2.270474932178795729e-12 2.744411578369032031e-12 3.729159203141102637e-12 3.255492826526476508e-12 2.757634616331111716e-12 2.161591288687652249e-12 1.668841082836550998e-12 1.209943104816727399e-12 6.380186085648483287e-13 3.767566784358384627e-14
1.289113670545328518e-12 8.812365339034615195e-13 9.812269329178480414e-13 8.273735898954407254e-13 4.820252073197920968e-13 7.594885779586246308e-13 6.807349521867134408e-13 5.109139546157377419e-13 7.241639280967402123e-13 1.484664047607633899e-12 1.823823506664107296e-12 2.257379895924768457e-12 3.255492826526476508e-12 4.386409048474431305e-12 3.750337271670106082e-12 3.322996048071924406e-12 2.479383629936768947e-12 1.483929667979027814e-12 6.876235328471205399e-13 -2.051518101561767928e-14
1.121032727901714731e-12 6.672541312691558865e-13 6.664515974516471390e-13 6.313948108984211676e-13 4.977549767853339647e-13 6.524711259772863165e-13 3.853657113331029152e-13 2.753823376435222686e-13 4.787660009915126851e-13 1.131155370279331291e-12 1.567519388846044413e-12 1.917683193943663246e-12 2.757634616331111716e-12 3.750337271670106082e-12 4.578208987592216056e-12 4.138985358429943488e-12 3.020881426057030560e-12 1.834284616208906991e-12 7.695752242329085342e-13 3.768912373292847717e-15
1.175614852796646809e-12 8.233475865046158059e-13 9.602123205137149975e-13 8.371236962961170403e-13 8.412827235567896355e-13 6.830211760328620440e-13 3.174320802208372515e-13 3.239782763392689878e-13 4.351241745561421783e-13 8.689090477931399205e-13 1.163191083507942794e-12 1.350709882107777550e-12 2.161591288687652249e-12 3.322996048071924406e-12 4.138985358429943488e-12 4.893314150507274014e-12 4.143660031488627828e-12 2.678721745514695039e-12 1.226825375578608284e-12 3.693855614716871876e-13
1.048566856793404799e-12 6.283001748662006669e-13 7.874341184798244172e-13 6.939465835865809921e-13 7.560787470023717072e-13 7.247140445584175477e-13 3.327258410877795920e-13 3.953780700804780337e-13 4.718539289625148161e-13 8.892499175531597489e-13 1.187849711902367327e-12 1.015978193819036912e-12 1.668841082836550998e-12 2.479383629936768947e-12 3.020881426057030560e-12 4.143660031488627828e-12 5.403453433227066803e-12 4.140989874571325802e-12 2.003873955236600841e-12 7.585577166747670646e-13
6.075980583378944851e-13 3.969526968970391144e-13 7.410260163001388646e-13 4.986853919099917939e-13 2.629204789434969103e-13 2.309030383866019499e-13 -1.251412428938543547e-13 8.016023791774032756e-14 2.954385799050768640e-13 7.022441497210372937e-13 1.138573729725881954e-12 7.904163934190929359e-13 1.209943104816727399e-12 1.483929667979027814e-12 1.834284616208906991e-12 2.678721745514695039e-12 4.140989874571325802e-12 5.105099194846591749e-12 3.277657383809647290e-12 1.562162767564943677e-12
7.545506185296533319e-14 2.127637928675422383e-13 3.100676169729911234e-13 2.471331196013058835e-13 -1.901597960923433567e-13 -1.386176366397676992e-13 -2.636117600976565481e-13 -1.162747295616833977e-13 5.989520693874169489e-14 4.889408795268704387e-13 8.900127343382094706e-13 5.470839470134472182e-13 6.380186085648483287e-13 6.876235328471205399e-13 7.695752242329085342e-13 1.226825375578608284e-12 2.003873955236600841e-12 3.277657383809647290e-12 3.346096576791803758e-12 2.229177211714976928e-12
-4.749197947116624309e-13 -2.838344675958190603e-14 -2.576965182851803469e-13 -4.558239942227666919e-13 -6.891186032109630663e-13 -7.747592844383803046e-13 -5.956368066337482395e-13 -4.929319323204547184e-13 -4.413936370435958066e-13 -1.445423194401741875e-13 3.303558842908659928e-13 -3.344232658925134561e-14 3.767566784358384627e-14 -2.051518101561767928e-14 3.768912373292847717e-15 3.693855614716871876e-13 7.585577166747670646e-13 1.562162767564943677e-12 2.229177211714976928e-12 3.045538892464053159e-12
