8.812746842349880472e-12 4.353905448672824020e-12 3.111474239852286275e-12 1.910196164162725812e-12 8.829269640184080719e-13 7.412215450696393678e-13 5.348395694294599325e-13 8.378794151437510514e-13 5.704598039854119900e-13 1.260677612826400372e-12 1.255960384283908706e-12 1.315229898995382061e-12 1.301207791448788185e-12 1.538246884904647172e-12 1.356620176149241879e-12 1.414197047879645573e-12 1.263822464968555717e-12 7.879837181463790508e-13 1.750000505415102894e-13 -4.630855627047035352e-13
4.353905448672824020e-12 6.393575004503121017e-12 3.906245969508186698e-12 2.478670290431038713e-12 1.659992578103891195e-12 1.098956060158541829e-12 7.929859862126273115e-13 1.051957402095798000e-12 8.287764290346999430e-13 5.926665404309465386e-13 7.654494659455861343e-13 9.988416964266358801e-13 5.441541662670303286e-13 1.043975129071333067e-12 8.195192273582625254e-13 9.831597883561538471e-13 7.705925076333365718e-13 5.333154650507867094e-13 3.060124978387919374e-13 6.421217236027505871e-15
3.111474239852286275e-12 3.906245969508186698e-12 5.868452237428394129e-12 3.768446601166677083e-12 2.991372361356590982e-12 1.848825894248895893e-12 1.185591069027373300e-12 1.110900040827560462e-12 9.591726199092707462e-13 8.393481573849771226e-13 6.986895490667908952e-13 7.885946620807397308e-13 3.886431462064654467e-13 1.112049922943770815e-12 7.730277318633347260e-13 1.086063106759344030e-12 9.053714112887680885e-13 8.601443413907534551e-13 3.954153703163704405e-13 -2.283832280498061600e-13
1.910196164162725812e-12 2.478670290431038713e-12 3.768446601166677083e-12 4.325227031352243484e-12 3.273485277486266337e-12 2.007788354030662230e-12 1.194724272772526633e-12 9.007682360775058211e-13 7.897849683114889934e-13 9.088504753613642118e-13 8.882591447270046139e-13 5.387156277842583869e-13 3.524640754804406506e-13 9.293110173387099053e-13 7.171662739765070048e-13 9.339623955163183431e-13 7.818114276324346392e-13 5.824263717934103244e-13 3.103232790478446346e-13 -4.427018132306116765e-13
8.829269640184080719e-13 1.659992578103891195e-12 2.991372361356590982e-12 3.273485277486266337e-12 4.798753380561568896e-12 2.763167683994638489e-12 1.979061873779040746e-12 1.606090883760592699e-12 1.318298054556629450e-12 9.780101393199714963e-13 5.549141691633672427e-13 3.196507326567125930e-13 1.612452955799421534e-13 5.472007514008104347e-13 5.562512683119556650e-13 9.125563136135496853e-13 8.249526587890109502e-13 3.174243204168980233e-13 -1.580484943945949386e-13 -6.861367223272888369e-13
7.412215450696393678e-13 1.098956060158541829e-12 1.848825894248895893e-12 2.007788354030662230e-12 2.763167683994638489e-12 3.819344441855534356e-12 2.596574200191023098e-12 1.757441325368918099e-12 1.370990060800938744e-12 1.106876525607944871e-12 5.251927818762574086e-13 4.642234097791736185e-13 7.400754699652729375e-13 8.190160054619949466e-13 7.056387126288600115e-13 7.386678837689076525e-13 7.817098442759516842e-13 2.726314575754901908e-13 -1.121652500036247087e-13 -7.727228494015073543e-13
5.348395694294599325e-13 7.929859862126273115e-13 1.185591069027373300e-12 1.194724272772526633e-12 1.979061873779040746e-12 2.596574200191023098e-12 3.057794172763658675e-12 2.223010796575849800e-12 1.415147466364722958e-12 9.445121456503369985e-13 3.476573454057328953e-13 5.693074878219409645e-13 7.712573464122469436e-13 7.331034645318968327e-13 4.256973497507758215e-13 3.578018587033708058e-13 3.717128048767265436e-13 -9.677228993487716425e-14 -2.425349233811216558e-13 -5.879903444215002112e-13
8.378794151437510514e-13 1.051957402095798000e-12 1.110900040827560462e-12 9.007682360775058211e-13 1.606090883760592699e-12 1.757441325368918099e-12 2.223010796575849800e-12 3.190257038553808396e-12 2.093785424327539211e-12 1.321284236854751485e-12 6.118465127389252122e-13 6.922992589182972110e-13 7.237596117232207747e-13 5.572758452453910339e-13 3.131943863485607096e-13 3.647413099109739270e-13 4.345631744306163376e-13 1.121211099852301716e-13 -9.345107858414490260e-14 -4.824799998983370389e-13
5.704598039854119900e-13 8.287764290346999430e-13 9.591726199092707462e-13 7.897849683114889934e-13 1.318298054556629450e-12 1.370990060800938744e-12 1.415147466364722958e-12 2.093785424327539211e-12 3.000479011064560515e-12 2.242568962085763067e-12 1.250920060579065808e-12 1.015231071099444888e-12 9.013868878376098288e-13 7.708832308404816703e-13 5.182145524069431836e-13 4.766031683287639482e-13 5.097742792708965778e-13 3.274035954769125509e-13 8.092060620407415299e-14 -4.317470070262168069e-13
1.260677612826400372e-12 5.926665404309465386e-13 8.393481573849771226e-13 9.088504753613642118e-13 9.780101393199714963e-13 1.106876525607944871e-12 9.445121456503369985e-13 1.321284236854751485e-12 2.242568962085763067e-12 3.296956350993613585e-12 2.532554671220224061e-12 1.945261577318295072e-12 1.943090964504227629e-12 1.542735924573770368e-12 1.181318832596827541e-12 9.172582102312560793e-13 9.331388419910284368e-13 7.387648992677875127e-13 5.144075940153186365e-13 -1.326900543886914993e-13
1.255960384283908706e-12 7.654494659455861343e-13 6.986895490667908952e-13 8.882591447270046139e-13 5.549141691633672427e-13 5.251927818762574086e-13 3.476573454057328953e-13 6.118465127389252122e-13 1.250920060579065808e-12 2.532554671220224061e-12 3.301269528390266642e-12 2.575249763692003434e-12 2.338788626328333305e-12 1.885374402101227566e-12 1.622465241149912167e-12 1.214279836987304792e-12 1.233887925839409920e-12 1.178093775446345770e-12 9.183283918372565790e-13 3.463748367588165180e-13
1.315229898995382061e-12 9.988416964266358801e-13 7.885946620807397308e-13 5.387156277842583869e-13 3.196507326567125930e-13 4.642234097791736185e-13 5.693074878219409645e-13 6.922992589182972110e-13 1.015231071099444888e-12 1.945261577318295072e-12 2.575249763692003434e-12 3.249697259106023230e-12 2.811860744213998565e-12 2.318230659284538011e-12 1.969258271260793297e-12 1.396655216939413614e-12 1.052297936410553545e-12 8.192297090428543368e-13 5.684027534689519934e-13 -2.169242456660634951e-14
1.301207791448788185e-12 5.441541662670303286e-13 3.886431462064654467e-13 3.524640754804406506e-13 1.612452955799421534e-13 7.400754699652729375e-13 7.712573464122469436e-13 7.237596117232207747e-13 9.013868878376098288e-13 1.943090964504227629e-12 2.338788626328333305e-12 2.811860744213998565e-12 3.804470758372579053e-12 3.321839621082485640e-12 2.811699977284916614e-12 2.208240651370931768e-12 1.704566515105812479e-12 1.236964579629861789e-12 6.565978821779586538e-13 4.838299517853079229e-14
1.538246884904647172e-12 1.043975129071333067e-12 1.112049922943770815e-12 9.293110173387099053e-13 5.472007514008104347e-13 8.190160054619949466e-13 7.331034645318968327e-13 5.572758452453910339e-13 7.708832308404816703e-13 1.542735924573770368e-12 1.885374402101227566e-12 2.318230659284538011e-12 3.321839621082485640e-12 4.460487439435665485e-12 3.807817908609571096e-12 3.372642025315998356e-12 2.516360783779550059e-12 1.510017419687642128e-12 7.055117976496574882e-13 -9.764649443109552350e-15
1.356620176149241879e-12 8.195192273582625254e-13 7.730277318633347260e-13 7.171662739765070048e-13 5.562512683119556650e-13 7.056387126288600115e-13 4.256973497507758215e-13 3.131943863485607096e-13 5.182145524069431836e-13 1.181318832596827541e-12 1.622465241149912167e-12 1.969258271260793297e-12 2.811699977284916614e-12 3.807817908609571096e-12 4.630539124820991812e-12 4.181344772606428056e-12 3.050728711806141607e-12 1.855370121120692635e-12 7.842977867056371476e-13 1.392551574765683373e-14
1.414197047879645573e-12 9.831597883561538471e-13 1.086063106759344030e-12 9.339623955163183431e-13 9.125563136135496853e-13 7.386678837689076525e-13 3.578018587033708058e-13 3.647413099109739270e-13 4.766031683287639482e-13 9.172582102312560793e-13 1.214279836987304792e-12 1.396655216939413614e-12 2.208240651370931768e-12 3.372642025315998356e-12 4.181344772606428056e-12 4.931754106614951047e-12 4.171622411629411923e-12 2.697882647419024152e-12 1.240279118386695791e-12 3.798181140579227519e-13
1.263822464968555717e-12 7.705925076333365718e-13 9.053714112887680885e-13 7.818114276324346392e-13 8.249526587890109502e-13 7.817098442759516842e-13 3.717128048767265436e-13 4.345631744306163376e-13 5.097742792708965778e-13 9.331388419910284368e-13 1.233887925839409920e-12 1.052297936410553545e-12 1.704566515105812479e-12 2.516360783779550059e-12 3.050728711806141607e-12 4.171622411629411923e-12 5.425858965621386511e-12 4.155369255708245639e-12 2.014308346548103797e-12 7.681952186347510466e-13
7.879837181463790508e-13 5.333154650507867094e-13 8.601443413907534551e-13 5.824263717934103244e-13 3.174243204168980233e-13 2.726314575754901908e-13 -9.677228993487716425e-14 1.121211099852301716e-13 3.274035954769125509e-13 7.387648992677875127e-13 1.178093775446345770e-12 8.192297090428543368e-13 1.236964579629861789e-12 1.510017419687642128e-12 1.855370121120692635e-12 2.697882647419024152e-12 4.155369255708245639e-12 5.112339766954081103e-12 3.281425921516454214e-12 1.566248994232107700e-12
1.750000505415102894e-13 3.060124978387919374e-13 3.954153703163704405e-13 3.103232790478446346e-13 -1.580484943945949386e-13 -1.121652500036247087e-13 -2.425349233811216558e-13 -9.345107858414490260e-14 8.092060620407415299e-14 5.144075940153186365e-13 9.183283918372565790e-13 5.684027534689519934e-13 6.565978821779586538e-13 7.055117976496574882e-13 7.842977867056371476e-13 1.240279118386695791e-12 2.014308346548103797e-12 3.281425921516454214e-12 3.345663315692461162e-12 2.228948604367794856e-12
-4.630855627047035352e-13 6.421217236027505871e-15 -2.283832280498061600e-13 -4.427018132306116765e-13 -6.861367223272888369e-13 -7.727228494015073543e-13 -5.879903444215002112e-13 -4.824799998983370389e-13 -4.317470070262168069e-13 -1.326900543886914993e-13 3.463748367588165180e-13 -2.169242456660634951e-14 4.838299517853079229e-14 -9.764649443109552350e-15 1.392551574765683373e-14 3.798181140579227519e-13 7.681952186347510466e-13 1.566248994232107700e-12 2.228948604367794856e-12 3.042584487943484234e-12
