1.102704856587598700e-06 8.907776253947889811e-07 7.877149527827709077e-07 7.572005007206433939e-07 7.375412175263760714e-07 6.806497172624793399e-07 6.611969138987345050e-07 6.202329932579719775e-07 5.910217436496144793e-07 5.427609622197141723e-07 4.984117106204382766e-07 4.354829119313275526e-07 3.705997049894145616e-07 3.134009686978721440e-07 2.722882021231694970e-07 2.374171321613464523e-07 1.965366877885222516e-07 1.536550115101374198e-07 1.349408194530900159e-07 1.391044876664935845e-07
8.907776253947889811e-07 8.883684884480882388e-07 7.573164827436067351e-07 7.181230547858953151e-07 6.860344042993178825e-07 6.334228598297941972e-07 6.217054323806000930e-07 5.800599008056195761e-07 5.521393951875545304e-07 5.090516930333743910e-07 4.727109196066572267e-07 4.116587642197905821e-07 3.565262695781731974e-07 3.060179259302939304e-07 2.694245765312620980e-07 2.374411531399759674e-07 1.913302994637415978e-07 1.507594698414294943e-07 1.337909657461396390e-07 1.191618276094754894e-07
7.877149527827709077e-07 7.573164827436067351e-07 7.803334816021742259e-07 6.984035439439064062e-07 6.609937343008212472e-07 6.163731979006870942e-07 6.090533758887538510e-07 5.736449612339478961e-07 5.450869136589482668e-07 5.017290542873729107e-07 4.645158268574966424e-07 4.094040647471983337e-07 3.574049109750376591e-07 3.120947484306817392e-07 2.788619465826018759e-07 2.452962162707064800e-07 1.919015388395560667e-07 1.471948405909247179e-07 1.223264408314960478e-07 1.080872471339967771e-07
7.572005007206433939e-07 7.181230547858953151e-07 6.984035439439064062e-07 7.416993354789652098e-07 6.791700764692245657e-07 6.350946317560512012e-07 6.261407970541388517e-07 5.955200235414785755e-07 5.603096489224947018e-07 5.153233730747045386e-07 4.848567092817307701e-07 4.289715715843778674e-07 3.748943586049682125e-07 3.313844453219295599e-07 3.024446076555170342e-07 2.690833381331433190e-07 2.261072916866878347e-07 1.755398717614402985e-07 1.382093348644582522e-07 1.102630108138450409e-07
7.375412175263760714e-07 6.860344042993178825e-07 6.609937343008212472e-07 6.791700764692245657e-07 6.982132411953158524e-07 6.337514643808606196e-07 6.176337921125535231e-07 5.898351689520684618e-07 5.618082440996865752e-07 5.181849348876297042e-07 4.876821460404642851e-07 4.330295999175760034e-07 3.899824426903781406e-07 3.471528589860609378e-07 3.140462756277414874e-07 2.741702200329452174e-07 2.302731197404806179e-07 1.760825563475764030e-07 1.380761422198900019e-07 1.144157404203065564e-07
6.806497172624793399e-07 6.334228598297941972e-07 6.163731979006870942e-07 6.350946317560512012e-07 6.337514643808606196e-07 6.260730947004050267e-07 6.065908429039166801e-07 5.782756090780657003e-07 5.445436889793218271e-07 5.045951128145456957e-07 4.774901474403603855e-07 4.245933542969520788e-07 3.830578558447055569e-07 3.401946710225937379e-07 3.067159938636665099e-07 2.713132644238621627e-07 2.311361747731267634e-07 1.840816337684783034e-07 1.528587139075326166e-07 1.322183216337001287e-07
6.611969138987345050e-07 6.217054323806000930e-07 6.090533758887538510e-07 6.261407970541388517e-07 6.176337921125535231e-07 6.065908429039166801e-07 6.220197062774338359e-07 5.936290493787098539e-07 5.638570233876231037e-07 5.230943282935972738e-07 4.946549661048513634e-07 4.465375751015534451e-07 4.054384215135119234e-07 3.619660299916366644e-07 3.301766914489722720e-07 2.955364637063440492e-07 2.549417204214425375e-07 2.061858443228536297e-07 1.718881661785082533e-07 1.494403403158147878e-07
6.202329932579719775e-07 5.800599008056195761e-07 5.736449612339478961e-07 5.955200235414785755e-07 5.898351689520684618e-07 5.782756090780657003e-07 5.936290493787098539e-07 5.991363449370012163e-07 5.676916915409365379e-07 5.356717773318867976e-07 5.073319923053815333e-07 4.642142632693539408e-07 4.256347721941553895e-07 3.818528979242550568e-07 3.514920199956706573e-07 3.186305350751783797e-07 2.830230673469263358e-07 2.328117830287441300e-07 1.949057846209724225e-07 1.718970438801960518e-07
5.910217436496144793e-07 5.521393951875545304e-07 5.450869136589482668e-07 5.603096489224947018e-07 5.618082440996865752e-07 5.445436889793218271e-07 5.638570233876231037e-07 5.676916915409365379e-07 5.627235518954928828e-07 5.300049280877593801e-07 5.009099016154084675e-07 4.576541288885357791e-07 4.198071886712999899e-07 3.756538005375865850e-07 3.465188789935020582e-07 3.115358058592117708e-07 2.772948315579500966e-07 2.308815527705304983e-07 2.035073103517800986e-07 1.873719653005716504e-07
5.427609622197141723e-07 5.090516930333743910e-07 5.017290542873729107e-07 5.153233730747045386e-07 5.181849348876297042e-07 5.045951128145456957e-07 5.230943282935972738e-07 5.356717773318867976e-07 5.300049280877593801e-07 5.242945463780941382e-07 4.983226460875582667e-07 4.587049560276725428e-07 4.233024825514549661e-07 3.787954044929899914e-07 3.492430750196406361e-07 3.150799352747392282e-07 2.804607914999139440e-07 2.365257517045505506e-07 2.110112254893020600e-07 1.949876412528262257e-07
4.984117106204382766e-07 4.727109196066572267e-07 4.645158268574966424e-07 4.848567092817307701e-07 4.876821460404642851e-07 4.774901474403603855e-07 4.946549661048513634e-07 5.073319923053815333e-07 5.009099016154084675e-07 4.983226460875582667e-07 4.912316357114681171e-07 4.529539377344422876e-07 4.200865302502528243e-07 3.767478206661972515e-07 3.477749717045652113e-07 3.112368911901535742e-07 2.751182939545100393e-07 2.306113936471890716e-07 2.043762587835137474e-07 1.847112634806380660e-07
4.354829119313275526e-07 4.116587642197905821e-07 4.094040647471983337e-07 4.289715715843778674e-07 4.330295999175760034e-07 4.245933542969520788e-07 4.465375751015534451e-07 4.642142632693539408e-07 4.576541288885357791e-07 4.587049560276725428e-07 4.529539377344422876e-07 4.394678352970170646e-07 4.134405962873035368e-07 3.756569353190170818e-07 3.504493726374628246e-07 3.168084848951442557e-07 2.830816424356290894e-07 2.422516003839634455e-07 2.186467949070725281e-07 2.051814641557849283e-07
3.705997049894145616e-07 3.565262695781731974e-07 3.574049109750376591e-07 3.748943586049682125e-07 3.899824426903781406e-07 3.830578558447055569e-07 4.054384215135119234e-07 4.256347721941553895e-07 4.198071886712999899e-07 4.233024825514549661e-07 4.200865302502528243e-07 4.134405962873035368e-07 4.094800266245667048e-07 3.794668657899540497e-07 3.594174646154680466e-07 3.291629735216196729e-07 3.010300085445433656e-07 2.630175733037429106e-07 2.388494914184432802e-07 2.275419076370410062e-07
3.134009686978721440e-07 3.060179259302939304e-07 3.120947484306817392e-07 3.313844453219295599e-07 3.471528589860609378e-07 3.401946710225937379e-07 3.619660299916366644e-07 3.818528979242550568e-07 3.756538005375865850e-07 3.787954044929899914e-07 3.767478206661972515e-07 3.756569353190170818e-07 3.794668657899540497e-07 3.745003948420459596e-07 3.687001368340292211e-07 3.467493194754488802e-07 3.273972367034722042e-07 2.928080027898461973e-07 2.695263617507803452e-07 2.597002544082678136e-07
2.722882021231694970e-07 2.694245765312620980e-07 2.788619465826018759e-07 3.024446076555170342e-07 3.140462756277414874e-07 3.067159938636665099e-07 3.301766914489722720e-07 3.514920199956706573e-07 3.465188789935020582e-07 3.492430750196406361e-07 3.477749717045652113e-07 3.504493726374628246e-07 3.594174646154680466e-07 3.687001368340292211e-07 3.953757825042195853e-07 3.976446707149800398e-07 3.948335432047997390e-07 3.703833494379336468e-07 3.552530763949482188e-07 3.563212107208434601e-07
2.374171321613464523e-07 2.374411531399759674e-07 2.452962162707064800e-07 2.690833381331433190e-07 2.741702200329452174e-07 2.713132644238621627e-07 2.955364637063440492e-07 3.186305350751783797e-07 3.115358058592117708e-07 3.150799352747392282e-07 3.112368911901535742e-07 3.168084848951442557e-07 3.291629735216196729e-07 3.467493194754488802e-07 3.976446707149800398e-07 4.384676233675800471e-07 4.629088388735171537e-07 4.565271347957237200e-07 4.566260726671347680e-07 4.734088711703555669e-07
1.965366877885222516e-07 1.913302994637415978e-07 1.919015388395560667e-07 2.261072916866878347e-07 2.302731197404806179e-07 2.311361747731267634e-07 2.549417204214425375e-07 2.830230673469263358e-07 2.772948315579500966e-07 2.804607914999139440e-07 2.751182939545100393e-07 2.830816424356290894e-07 3.010300085445433656e-07 3.273972367034722042e-07 3.948335432047997390e-07 4.629088388735171537e-07 5.303200255786247612e-07 5.517615191115990425e-07 5.702318395596033730e-07 6.017379869494421292e-07
1.536550115101374198e-07 1.507594698414294943e-07 1.471948405909247179e-07 1.755398717614402985e-07 1.760825563475764030e-07 1.840816337684783034e-07 2.061858443228536297e-07 2.328117830287441300e-07 2.308815527705304983e-07 2.365257517045505506e-07 2.306113936471890716e-07 2.422516003839634455e-07 2.630175733037429106e-07 2.928080027898461973e-07 3.703833494379336468e-07 4.565271347957237200e-07 5.517615191115990425e-07 6.240988917549192629e-07 6.815640316430320839e-07 7.395832309001775147e-07
1.349408194530900159e-07 1.337909657461396390e-07 1.223264408314960478e-07 1.382093348644582522e-07 1.380761422198900019e-07 1.528587139075326166e-07 1.718881661785082533e-07 1.949057846209724225e-07 2.035073103517800986e-07 2.110112254893020600e-07 2.043762587835137474e-07 2.186467949070725281e-07 2.388494914184432802e-07 2.695263617507803452e-07 3.552530763949482188e-07 4.566260726671347680e-07 5.702318395596033730e-07 6.815640316430320839e-07 7.991303828778391044e-07 9.019018751458424719e-07
1.391044876664935845e-07 1.191618276094754894e-07 1.080872471339967771e-07 1.102630108138450409e-07 1.144157404203065564e-07 1.322183216337001287e-07 1.494403403158147878e-07 1.718970438801960518e-07 1.873719653005716504e-07 1.949876412528262257e-07 1.847112634806380660e-07 2.051814641557849283e-07 2.275419076370410062e-07 2.597002544082678136e-07 3.563212107208434601e-07 4.734088711703555669e-07 6.017379869494421292e-07 7.395832309001775147e-07 9.019018751458424719e-07 1.070686481156321579e-06
