2.432998995460027752e-12 2.762316018699530382e-13 -1.452197099760527645e-14 1.134456706094406601e-13 -3.906528472907628762e-14 -6.715212425903028395e-14 1.174748752196398436e-13 1.152379521489505635e-14 -5.762556649014182887e-14 -1.075903836414920950e-13 -2.407657346307002422e-14 -4.218403769139581074e-14 -2.073389648599106348e-14 1.893824160677402074e-15 -2.857412045034920000e-14 1.853353705864473849e-14 3.377475522628960364e-14 -6.615016274386669162e-15 1.720026969712186997e-14 -6.414695858988427729e-15
2.762316018699530382e-13 2.147408170422296654e-12 3.054747253608703773e-13 1.144078135397471363e-13 -1.448279007987343128e-13 -1.421760130049955072e-13 1.506871186028876128e-15 8.832356633116869058e-14 4.936496182382170001e-14 5.053817770862128882e-15 3.224763499065040601e-14 -2.472121835932011481e-14 -7.092684715999646758e-15 5.026604512929819826e-14 1.120604632601765877e-14 5.559114355916558283e-14 4.257435065840683973e-14 2.497539655273477423e-14 5.551520584493231636e-14 2.417900991379556720e-14
-1.452197099760527645e-14 3.054747253608703773e-13 1.187464707789990744e-12 2.072346192439870031e-13 -4.752891070306954389e-14 3.386363015017985236e-14 6.146444477899267713e-14 1.816082042942124496e-14 4.303501347921211147e-14 7.593847162739924398e-15 3.537439439923121019e-14 -3.071868566571320264e-14 -5.011778295688203705e-14 -2.320740855366616877e-14 -2.316527499799172670e-14 9.571055146742586492e-15 2.893570341733423368e-15 -2.282349488926170778e-15 1.051914557568589776e-14 -6.499093409000308761e-15
1.134456706094406601e-13 1.144078135397471363e-13 2.072346192439870031e-13 8.615737142819050193e-13 1.315313781618158066e-13 8.774477641032655386e-15 6.352609574034484714e-16 -3.350033105622996707e-14 -1.449283201985830608e-14 -3.778164766001113175e-15 3.646454297139200911e-14 3.797822771347525873e-14 9.615287502065263637e-15 3.763955862071674487e-14 4.713713450547661951e-15 1.347322447782767589e-14 1.325933100861311218e-14 -2.191823996679672554e-14 -1.434765600336147441e-14 2.684378473013327101e-15
-3.906528472907628762e-14 -1.448279007987343128e-13 -4.752891070306954389e-14 1.315313781618158066e-13 5.640592834397061267e-13 6.205516361220949933e-14 7.873323329041321109e-14 3.405165978148031805e-14 5.003048123929650111e-15 2.854946822996796353e-15 1.254006220336297329e-14 1.647240597107191259e-14 1.100617042743159851e-14 1.319675273869057059e-14 -7.026618938243656387e-16 -1.196066458509968021e-14 -1.518135295570678616e-14 -1.881124777332602547e-14 -3.105868882805913715e-14 -3.117985994011900695e-14
-6.715212425903028395e-14 -1.421760130049955072e-13 3.386363015017985236e-14 8.774477641032655386e-15 6.205516361220949933e-14 3.751453030836341907e-13 1.204842703245880490e-13 2.453900022708761757e-14 -2.917570178493038385e-15 2.790184169423414888e-14 -8.124755907022444372e-15 -8.304469637094792418e-15 -1.176866128047937458e-14 -3.182487565539702792e-14 -2.158247930107664341e-14 -2.973276416112471767e-14 -2.368273559535010943e-14 -4.283635987866379208e-15 -1.541571670971899686e-14 -2.284418675609110659e-14
1.174748752196398436e-13 1.506871186028876128e-15 6.146444477899267713e-14 6.352609574034484714e-16 7.873323329041321109e-14 1.204842703245880490e-13 4.403887075901638739e-13 1.052157995534979536e-13 3.339329278260514118e-14 3.637453095910304509e-14 7.638749248147657431e-15 -4.880198605412307771e-15 6.966886474656572300e-15 2.016745596376071892e-14 6.578655260456343765e-15 1.803089447995126713e-14 6.586269531744418885e-15 3.435004570062100284e-15 1.088442623282679503e-15 1.140486008425153556e-14
1.152379521489505635e-14 8.832356633116869058e-14 1.816082042942124496e-14 -3.350033105622996707e-14 3.405165978148031805e-14 2.453900022708761757e-14 1.052157995534979536e-13 2.176216966630016776e-13 7.279320088703270391e-14 3.079217483800846729e-14 2.967389307585071876e-14 2.287011982260310392e-14 1.680787456182646295e-14 8.588644299120862525e-15 5.346701834571693841e-15 -4.344033783830683131e-15 -1.086763192193458266e-14 -6.980426286983860132e-15 2.276806342419688320e-15 -1.595411733868915405e-14
-5.762556649014182887e-14 4.936496182382170001e-14 4.303501347921211147e-14 -1.449283201985830608e-14 5.003048123929650111e-15 -2.917570178493038385e-15 3.339329278260514118e-14 7.279320088703270391e-14 1.560396866412427681e-13 3.339825387260845576e-14 8.850198652324167605e-15 1.709322314149768076e-14 1.272773196362941756e-14 -1.042573132528684488e-15 -4.520979692280568881e-15 -4.089938512246269916e-16 -6.527725357975656027e-15 -8.020818639025944028e-15 -6.624262606151498299e-15 -1.876957052060225756e-14
-1.075903836414920950e-13 5.053817770862128882e-15 7.593847162739924398e-15 -3.778164766001113175e-15 2.854946822996796353e-15 2.790184169423414888e-14 3.637453095910304509e-14 3.079217483800846729e-14 3.339825387260845576e-14 1.248005049608057168e-13 4.968470779549545346e-14 1.791115456427443013e-14 1.362159240208704521e-14 6.902793305033484475e-15 1.580345964653874645e-14 1.140706275616185161e-14 5.500347263631367378e-15 -2.659108821255094018e-15 -1.215885508700700318e-14 -8.584309420239840693e-15
-2.407657346307002422e-14 3.224763499065040601e-14 3.537439439923121019e-14 3.646454297139200911e-14 1.254006220336297329e-14 -8.124755907022444372e-15 7.638749248147657431e-15 2.967389307585071876e-14 8.850198652324167605e-15 4.968470779549545346e-14 1.156166930509498117e-13 4.496471625470807944e-14 2.745782393602308182e-14 3.004271496973616637e-14 3.191200873660875745e-14 1.654956927128626272e-14 3.454931465623447076e-15 -2.482726249502400641e-15 6.452402776072587629e-17 2.077525484108519810e-15
-4.218403769139581074e-14 -2.472121835932011481e-14 -3.071868566571320264e-14 3.797822771347525873e-14 1.647240597107191259e-14 -8.304469637094792418e-15 -4.880198605412307771e-15 2.287011982260310392e-14 1.709322314149768076e-14 1.791115456427443013e-14 4.496471625470807944e-14 1.037101896156159351e-13 5.341284318062750948e-14 4.645281490175449123e-14 3.649567551886336962e-14 1.939423417847642682e-14 1.313794695372027926e-14 2.172344690910154637e-15 -2.501703382743536535e-15 -5.155037318595957686e-15
-2.073389648599106348e-14 -7.092684715999646758e-15 -5.011778295688203705e-14 9.615287502065263637e-15 1.100617042743159851e-14 -1.176866128047937458e-14 6.966886474656572300e-15 1.680787456182646295e-14 1.272773196362941756e-14 1.362159240208704521e-14 2.745782393602308182e-14 5.341284318062750948e-14 8.224695331377364320e-14 5.077665603744998676e-14 3.739778717091181231e-14 2.146261502910438903e-14 8.171474063873514804e-15 2.596599559490523956e-16 1.649197676271166451e-17 1.793015680096724438e-16
1.893824160677402074e-15 5.026604512929819826e-14 -2.320740855366616877e-14 3.763955862071674487e-14 1.319675273869057059e-14 -3.182487565539702792e-14 2.016745596376071892e-14 8.588644299120862525e-15 -1.042573132528684488e-15 6.902793305033484475e-15 3.004271496973616637e-14 4.645281490175449123e-14 5.077665603744998676e-14 9.614037103143629377e-14 7.040548962632871017e-14 5.107874284247316184e-14 3.502708740404233533e-14 1.947906950356084526e-14 5.842052525494932001e-15 6.587171060279412869e-15
-2.857412045034920000e-14 1.120604632601765877e-14 -2.316527499799172670e-14 4.713713450547661951e-15 -7.026618938243656387e-16 -2.158247930107664341e-14 6.578655260456343765e-15 5.346701834571693841e-15 -4.520979692280568881e-15 1.580345964653874645e-14 3.191200873660875745e-14 3.649567551886336962e-14 3.739778717091181231e-14 7.040548962632871017e-14 9.688160970553703063e-14 7.030014575497159849e-14 4.998131432795609969e-14 3.057857398051371440e-14 1.592425093311792204e-14 7.077219686056698421e-15
1.853353705864473849e-14 5.559114355916558283e-14 9.571055146742586492e-15 1.347322447782767589e-14 -1.196066458509968021e-14 -2.973276416112471767e-14 1.803089447995126713e-14 -4.344033783830683131e-15 -4.089938512246269916e-16 1.140706275616185161e-14 1.654956927128626272e-14 1.939423417847642682e-14 2.146261502910438903e-14 5.107874284247316184e-14 7.030014575497159849e-14 1.057005238137953792e-13 8.143172913907888908e-14 4.045265250077501429e-14 2.155090454626011139e-14 1.204961969293215063e-14
3.377475522628960364e-14 4.257435065840683973e-14 2.893570341733423368e-15 1.325933100861311218e-14 -1.518135295570678616e-14 -2.368273559535010943e-14 6.586269531744418885e-15 -1.086763192193458266e-14 -6.527725357975656027e-15 5.500347263631367378e-15 3.454931465623447076e-15 1.313794695372027926e-14 8.171474063873514804e-15 3.502708740404233533e-14 4.998131432795609969e-14 8.143172913907888908e-14 9.815457367703720283e-14 5.790695313454208497e-14 3.252748771866832623e-14 2.063736247855477772e-14
-6.615016274386669162e-15 2.497539655273477423e-14 -2.282349488926170778e-15 -2.191823996679672554e-14 -1.881124777332602547e-14 -4.283635987866379208e-15 3.435004570062100284e-15 -6.980426286983860132e-15 -8.020818639025944028e-15 -2.659108821255094018e-15 -2.482726249502400641e-15 2.172344690910154637e-15 2.596599559490523956e-16 1.947906950356084526e-14 3.057857398051371440e-14 4.045265250077501429e-14 5.790695313454208497e-14 7.641365344273052970e-14 6.054536111043083360e-14 3.833263927090603411e-14
1.720026969712186997e-14 5.551520584493231636e-14 1.051914557568589776e-14 -1.434765600336147441e-14 -3.105868882805913715e-14 -1.541571670971899686e-14 1.088442623282679503e-15 2.276806342419688320e-15 -6.624262606151498299e-15 -1.215885508700700318e-14 6.452402776072587629e-17 -2.501703382743536535e-15 1.649197676271166451e-17 5.842052525494932001e-15 1.592425093311792204e-14 2.155090454626011139e-14 3.252748771866832623e-14 6.054536111043083360e-14 9.354239142545641835e-14 7.419403712172770897e-14
-6.414695858988427729e-15 2.417900991379556720e-14 -6.499093409000308761e-15 2.684378473013327101e-15 -3.117985994011900695e-14 -2.284418675609110659e-14 1.140486008425153556e-14 -1.595411733868915405e-14 -1.876957052060225756e-14 -8.584309420239840693e-15 2.077525484108519810e-15 -5.155037318595957686e-15 1.793015680096724438e-16 6.587171060279412869e-15 7.077219686056698421e-15 1.204961969293215063e-14 2.063736247855477772e-14 3.833263927090603411e-14 7.419403712172770897e-14 1.097701976336761040e-13
