4.158805572021108445e-13 2.046290164477056580e-13 1.388071253487085770e-13 4.996075917728211688e-14 3.275116437421929778e-14 3.215260010467105630e-14 3.807043111671581451e-14 7.046135299381292257e-16 -5.966708131996315092e-16 -2.330270220957160768e-14 -2.186907042559174519e-14 -2.180372713351105770e-14 -2.093058554484055779e-15 1.604626956492627345e-15 -4.032425856489834234e-14 -1.688446001433783047e-13 -4.262807753056790521e-13 -8.367315537184251451e-13 -1.198229710473884572e-12 -1.463906567467107501e-12
2.046290164477056580e-13 3.676767893371338273e-13 1.880596337055773557e-13 1.231596688865249513e-13 1.027112810136932005e-13 8.532159506754151927e-14 7.198090531873859963e-14 4.195188997030503615e-14 3.510139686682123071e-14 3.789579700447729124e-14 4.148409017928177916e-14 3.975321982007660662e-14 2.756992475152336186e-14 3.682626812403579572e-14 3.056632791409268869e-14 -2.230137212057719942e-14 -1.223330271015900994e-13 -2.666527317236573726e-13 -3.087673189701967242e-13 -3.304481993913806006e-13
1.388071253487085770e-13 1.880596337055773557e-13 2.830383223380031036e-13 1.310959677487870662e-13 1.184112566554256999e-13 6.884979957643537695e-14 5.994877668399768089e-14 4.307134128146455936e-14 3.088795607911204891e-14 1.602970235203389296e-15 -2.329015037873795423e-14 -7.133180730122900452e-14 -1.248410071069869850e-13 -1.415616837637121062e-13 -1.582766415797956762e-13 -2.228695298771082541e-13 -3.986281798865957174e-13 -5.805055637944185903e-13 -6.880568277392592707e-13 -7.691295047856718006e-13
4.996075917728211688e-14 1.231596688865249513e-13 1.310959677487870662e-13 2.355194979750933687e-13 1.735263619466706096e-13 1.191345921361149826e-13 7.286820061411684749e-14 5.268257662143119805e-14 4.797941973620309394e-14 4.000350760240174020e-14 1.394884970284283097e-14 -5.452957202792228270e-15 -2.867186026605543711e-14 -7.875791134870451608e-14 -1.377285979504594819e-13 -2.270239922655446809e-13 -3.187766239836236846e-13 -3.978953264513319836e-13 -5.718850174704573648e-13 -8.460594555743309874e-13
3.275116437421929778e-14 1.027112810136932005e-13 1.184112566554256999e-13 1.735263619466706096e-13 2.948563678792307373e-13 1.913541750815312856e-13 1.258491498668864779e-13 8.986300846424630522e-14 7.923020910172930679e-14 6.083843032248858594e-14 5.605423734716847604e-14 2.453219316487271511e-14 2.649403591487297015e-16 -5.384453862821216917e-14 -1.346586614226908442e-13 -2.066291303276391438e-13 -2.388953863952817984e-13 -1.574542462195107387e-13 -1.842533149828669132e-13 -1.881047369477059187e-13
3.215260010467105630e-14 8.532159506754151927e-14 6.884979957643537695e-14 1.191345921361149826e-13 1.913541750815312856e-13 2.842685562738379720e-13 2.338956982658101253e-13 1.920883346264441403e-13 2.116064406354896883e-13 2.377185888265760776e-13 2.587443279255398553e-13 2.878774900787185402e-13 3.385335344710504851e-13 3.230949440873447575e-13 2.531894126137092823e-13 1.064337083232132217e-13 -5.673664108225854535e-14 -1.275176653760159460e-13 -1.146060836531241291e-13 2.774004997258150235e-14
3.807043111671581451e-14 7.198090531873859963e-14 5.994877668399768089e-14 7.286820061411684749e-14 1.258491498668864779e-13 2.338956982658101253e-13 3.199451347052731481e-13 2.873158495693058352e-13 3.077973854433610799e-13 3.269766564422962932e-13 3.428955565187769945e-13 3.711664556400049335e-13 4.113425471592704809e-13 4.272243320536204522e-13 4.269826482783085542e-13 4.013496146414401268e-13 3.954170702728458384e-13 4.653889839853400919e-13 5.845036429978642848e-13 7.906909951000765001e-13
7.046135299381292257e-16 4.195188997030503615e-14 4.307134128146455936e-14 5.268257662143119805e-14 8.986300846424630522e-14 1.920883346264441403e-13 2.873158495693058352e-13 4.210176432034563745e-13 4.462565846139832086e-13 4.850440830244900789e-13 5.040739676123101650e-13 5.408228593191158782e-13 5.784541782338463589e-13 5.527606221975778357e-13 5.394520765845348169e-13 5.437804365149291488e-13 5.615697448854377202e-13 6.351602587140541552e-13 7.771829156315607915e-13 1.044257982677338397e-12
-5.966708131996315092e-16 3.510139686682123071e-14 3.088795607911204891e-14 4.797941973620309394e-14 7.923020910172930679e-14 2.116064406354896883e-13 3.077973854433610799e-13 4.462565846139832086e-13 6.081121074692713163e-13 6.886428989279652827e-13 7.468349634087460498e-13 8.335716540093781491e-13 9.308172551170934506e-13 9.425672065534231109e-13 9.420342499446683676e-13 9.344069578181691605e-13 9.533587303646751775e-13 9.954510869231384438e-13 1.101549570231454870e-12 1.395953529111489461e-12
-2.330270220957160768e-14 3.789579700447729124e-14 1.602970235203389296e-15 4.000350760240174020e-14 6.083843032248858594e-14 2.377185888265760776e-13 3.269766564422962932e-13 4.850440830244900789e-13 6.886428989279652827e-13 9.596159316897840006e-13 1.103551177270453413e-12 1.263151699922163937e-12 1.421546687427766334e-12 1.448670319531242309e-12 1.459791745371845494e-12 1.473752103021404068e-12 1.502469618706904557e-12 1.496974052232117951e-12 1.478903444257481423e-12 1.725901838696972551e-12
-2.186907042559174519e-14 4.148409017928177916e-14 -2.329015037873795423e-14 1.394884970284283097e-14 5.605423734716847604e-14 2.587443279255398553e-13 3.428955565187769945e-13 5.040739676123101650e-13 7.468349634087460498e-13 1.103551177270453413e-12 1.493888549776529746e-12 1.828026028542923984e-12 2.117807720606144762e-12 2.203850016865906683e-12 2.229067918343311202e-12 2.238771641525719513e-12 2.253685867946562158e-12 2.191526934979324100e-12 2.027474145316774806e-12 2.234538214224034699e-12
-2.180372713351105770e-14 3.975321982007660662e-14 -7.133180730122900452e-14 -5.452957202792228270e-15 2.453219316487271511e-14 2.878774900787185402e-13 3.711664556400049335e-13 5.408228593191158782e-13 8.335716540093781491e-13 1.263151699922163937e-12 1.828026028542923984e-12 2.514820662681453417e-12 3.057945545243244338e-12 3.331883772313314032e-12 3.516183357218220750e-12 3.598649968550416425e-12 3.698943259219108718e-12 3.700620267105344002e-12 3.498748655486734884e-12 3.794155389589966960e-12
-2.093058554484055779e-15 2.756992475152336186e-14 -1.248410071069869850e-13 -2.867186026605543711e-14 2.649403591487297015e-16 3.385335344710504851e-13 4.113425471592704809e-13 5.784541782338463589e-13 9.308172551170934506e-13 1.421546687427766334e-12 2.117807720606144762e-12 3.057945545243244338e-12 4.071328160754907331e-12 4.753971152710827221e-12 5.296637876321597856e-12 5.540454290250020447e-12 5.638042282293205595e-12 5.642756307930321861e-12 5.528432366151974386e-12 6.078274776996261507e-12
1.604626956492627345e-15 3.682626812403579572e-14 -1.415616837637121062e-13 -7.875791134870451608e-14 -5.384453862821216917e-14 3.230949440873447575e-13 4.272243320536204522e-13 5.527606221975778357e-13 9.425672065534231109e-13 1.448670319531242309e-12 2.203850016865906683e-12 3.331883772313314032e-12 4.753971152710827221e-12 6.234101253440869983e-12 7.541141219586515891e-12 8.202170067345407552e-12 8.457275266002303089e-12 8.572764504610522666e-12 8.698746105216258738e-12 9.647300848093333729e-12
-4.032425856489834234e-14 3.056632791409268869e-14 -1.582766415797956762e-13 -1.377285979504594819e-13 -1.346586614226908442e-13 2.531894126137092823e-13 4.269826482783085542e-13 5.394520765845348169e-13 9.420342499446683676e-13 1.459791745371845494e-12 2.229067918343311202e-12 3.516183357218220750e-12 5.296637876321597856e-12 7.541141219586515891e-12 1.009605906636234414e-11 1.175811392052874559e-11 1.275090248479817684e-11 1.368460511663411642e-11 1.458632679809623158e-11 1.631244978649140905e-11
-1.688446001433783047e-13 -2.230137212057719942e-14 -2.228695298771082541e-13 -2.270239922655446809e-13 -2.066291303276391438e-13 1.064337083232132217e-13 4.013496146414401268e-13 5.437804365149291488e-13 9.344069578181691605e-13 1.473752103021404068e-12 2.238771641525719513e-12 3.598649968550416425e-12 5.540454290250020447e-12 8.202170067345407552e-12 1.175811392052874559e-11 1.526643400119501658e-11 1.825377685249321526e-11 2.098837912713210385e-11 2.319356364452202877e-11 2.604431450746629770e-11
-4.262807753056790521e-13 -1.223330271015900994e-13 -3.986281798865957174e-13 -3.187766239836236846e-13 -2.388953863952817984e-13 -5.673664108225854535e-14 3.954170702728458384e-13 5.615697448854377202e-13 9.533587303646751775e-13 1.502469618706904557e-12 2.253685867946562158e-12 3.698943259219108718e-12 5.638042282293205595e-12 8.457275266002303089e-12 1.275090248479817684e-11 1.825377685249321526e-11 2.489577547454890968e-11 3.146569422321453772e-11 3.641539812239054954e-11 4.164161677958727689e-11
-8.367315537184251451e-13 -2.666527317236573726e-13 -5.805055637944185903e-13 -3.978953264513319836e-13 -1.574542462195107387e-13 -1.275176653760159460e-13 4.653889839853400919e-13 6.351602587140541552e-13 9.954510869231384438e-13 1.496974052232117951e-12 2.191526934979324100e-12 3.700620267105344002e-12 5.642756307930321861e-12 8.572764504610522666e-12 1.368460511663411642e-11 2.098837912713210385e-11 3.146569422321453772e-11 4.436032685799118719e-11 5.495390573131459340e-11 6.453280850231461765e-11
-1.198229710473884572e-12 -3.087673189701967242e-13 -6.880568277392592707e-13 -5.718850174704573648e-13 -1.842533149828669132e-13 -1.146060836531241291e-13 5.845036429978642848e-13 7.771829156315607915e-13 1.101549570231454870e-12 1.478903444257481423e-12 2.027474145316774806e-12 3.498748655486734884e-12 5.528432366151974386e-12 8.698746105216258738e-12 1.458632679809623158e-11 2.319356364452202877e-11 3.641539812239054954e-11 5.495390573131459340e-11 7.364458588857922531e-11 9.068156666892550648e-11
-1.463906567467107501e-12 -3.304481993913806006e-13 -7.691295047856718006e-13 -8.460594555743309874e-13 -1.881047369477059187e-13 2.774004997258150235e-14 7.906909951000765001e-13 1.044257982677338397e-12 1.395953529111489461e-12 1.725901838696972551e-12 2.234538214224034699e-12 3.794155389589966960e-12 6.078274776996261507e-12 9.647300848093333729e-12 1.631244978649140905e-11 2.604431450746629770e-11 4.164161677958727689e-11 6.453280850231461765e-11 9.068156666892550648e-11 1.189313603388899579e-10
