9.364301909136048360e-09 4.968666977134511482e-11 -2.911857302699352018e-10 3.452406719510844823e-10 4.828552537905295774e-10 8.367222546232803873e-11 2.553969555674350287e-11 1.636678884887662229e-10 -1.215164172264148211e-10 2.655516748409448982e-10 -1.244231788675450532e-11 -5.656051142270524276e-11 -9.492806775527872068e-12 2.348509320080559221e-11 7.018962050872858052e-11 8.359355029066930247e-11 1.083113349410108477e-12 5.452099427037053744e-11 -1.043252936254061648e-11 -4.411872180890455535e-13
4.968666977134511482e-11 5.242963871278590372e-09 4.261624845603761080e-10 -7.512220676614185833e-11 -3.161956933891864807e-10 5.578059383597889073e-10 1.363943586427329607e-10 -2.412287669067539936e-11 3.726542977270961458e-12 1.016819196062028735e-10 2.814326497693180058e-12 -4.056199830960899534e-11 4.393977156591973508e-11 4.106891679953066712e-11 -2.459028820570948897e-11 -1.880116070075132580e-11 -2.640661087034975701e-11 1.417415634145926947e-11 -3.842161550986293998e-11 -1.947188101856540181e-11
-2.911857302699352018e-10 4.261624845603761080e-10 3.365633075128199178e-09 -4.392358363489257982e-10 -9.903317335224426146e-11 -1.473131073586456839e-10 1.053596142782676894e-10 8.926590363952529358e-11 1.501763988981263365e-10 -5.194272968019719211e-11 8.735568716407618025e-11 -5.881454948298410090e-12 -4.576478617674923490e-11 -4.972011793133466546e-11 -2.544399231319957208e-11 -6.041398717394650140e-11 -5.491832527020268163e-11 -1.943712758446303649e-11 -3.764361148110287901e-12 -2.516913142414798844e-11
3.452406719510844823e-10 -7.512220676614185833e-11 -4.392358363489257982e-10 2.527164367646205057e-09 3.097400306032188114e-10 2.831802498424874151e-10 -8.095308317904147769e-11 -1.423472571462496340e-10 -1.788799624144937986e-11 -5.692128977426438558e-11 -1.458449217173823135e-10 3.380027861248633319e-12 5.361115384377171937e-11 4.667502347188023940e-12 3.169515631263108986e-11 2.938694536726708898e-11 -3.738799329576969616e-11 2.425762457536531172e-12 8.360960979333884084e-12 3.081250721071201593e-11
4.828552537905295774e-10 -3.161956933891864807e-10 -9.903317335224426146e-11 3.097400306032188114e-10 1.918450444587058974e-09 1.620888829879178777e-10 2.534896502493367160e-11 1.109129183533078122e-10 -4.768843262285868273e-11 -9.642987802715147086e-11 -5.740518850384470643e-11 -1.339425722629526097e-11 -1.428392554670772499e-11 1.324899099304804157e-11 4.002468520308357224e-11 4.608204491469311734e-11 1.710174025854585730e-11 1.709753768714100053e-11 5.781361362551690199e-12 1.032746792219835323e-11
8.367222546232803873e-11 5.578059383597889073e-10 -1.473131073586456839e-10 2.831802498424874151e-10 1.620888829879178777e-10 9.463621177364379978e-10 1.183282602836436156e-10 -3.712079781880478665e-11 -2.228226699710303862e-11 -4.203691803421007273e-11 -2.705987750848708087e-13 -6.323504468740871347e-11 2.115199205778258109e-11 -1.482147696349828687e-11 1.051448977628853478e-11 3.915146874399183650e-11 2.530445204932865777e-12 2.121457216755876135e-11 -7.182672484939011615e-12 1.164759979735570114e-11
2.553969555674350287e-11 1.363943586427329607e-10 1.053596142782676894e-10 -8.095308317904147769e-11 2.534896502493367160e-11 1.183282602836436156e-10 7.161492854806794855e-10 7.194899542329868200e-11 3.721017998841676419e-11 -1.978188642634766240e-11 -9.083734910284170261e-12 -1.297969544533301338e-11 -1.070620436211914498e-11 2.958013694415659609e-12 -1.685297005755584158e-11 8.680418655966524755e-13 -1.156880612689568111e-12 1.521281108069433385e-11 1.530454090187658427e-11 3.462442653523829649e-12
1.636678884887662229e-10 -2.412287669067539936e-11 8.926590363952529358e-11 -1.423472571462496340e-10 1.109129183533078122e-10 -3.712079781880478665e-11 7.194899542329868200e-11 4.981415792269006683e-10 1.736877864161138194e-11 1.007185422386565645e-11 -1.117222134468530297e-11 -3.153858460572037048e-12 -1.938014644061944949e-11 -2.153768449324000714e-12 -1.544293979528746917e-11 -1.693644213676408401e-11 5.909227221615089155e-12 -2.879251143557787872e-12 -4.101090797764446151e-12 3.941057391569541284e-13
-1.215164172264148211e-10 3.726542977270961458e-12 1.501763988981263365e-10 -1.788799624144937986e-11 -4.768843262285868273e-11 -2.228226699710303862e-11 3.721017998841676419e-11 1.736877864161138194e-11 3.701525640543161069e-10 7.159421084066084757e-11 4.720292833801657766e-11 2.743573703649062265e-11 -1.404401583649260810e-11 6.963800529417196345e-12 4.530424023678183453e-12 -9.207847869346991728e-12 -8.872057819081313114e-12 -6.437658530443252138e-12 -1.077976791870577252e-11 -1.331282474681972453e-12
2.655516748409448982e-10 1.016819196062028735e-10 -5.194272968019719211e-11 -5.692128977426438558e-11 -9.642987802715147086e-11 -4.203691803421007273e-11 -1.978188642634766240e-11 1.007185422386565645e-11 7.159421084066084757e-11 2.220476791756789799e-10 5.180947137599060306e-11 2.638543416576504926e-11 1.531621544948109577e-11 2.894945300356069761e-11 1.168454915849794575e-11 1.360216949260452762e-12 7.036969719730461555e-12 1.196199364773397960e-11 1.499459939652202097e-12 -3.419671867935859777e-12
-1.244231788675450532e-11 2.814326497693180058e-12 8.735568716407618025e-11 -1.458449217173823135e-10 -5.740518850384470643e-11 -2.705987750848708087e-13 -9.083734910284170261e-12 -1.117222134468530297e-11 4.720292833801657766e-11 5.180947137599060306e-11 1.878235431020940051e-10 2.957920539422577173e-11 2.085506649654201498e-11 1.953265414927699078e-11 5.837796141437727690e-12 5.137686226290051107e-12 5.943263684190245159e-12 1.387335271677126422e-11 5.056218571508879805e-12 2.370557112186629307e-12
-5.656051142270524276e-11 -4.056199830960899534e-11 -5.881454948298410090e-12 3.380027861248633319e-12 -1.339425722629526097e-11 -6.323504468740871347e-11 -1.297969544533301338e-11 -3.153858460572037048e-12 2.743573703649062265e-11 2.638543416576504926e-11 2.957920539422577173e-11 1.175501488701263101e-10 1.838616047961395040e-11 -2.261908364524576516e-12 1.550793508453236863e-12 1.997646345867318406e-12 1.042813292103886024e-11 -3.397209501391878334e-12 4.754426207195073640e-12 3.971568464259519519e-12
-9.492806775527872068e-12 4.393977156591973508e-11 -4.576478617674923490e-11 5.361115384377171937e-11 -1.428392554670772499e-11 2.115199205778258109e-11 -1.070620436211914498e-11 -1.938014644061944949e-11 -1.404401583649260810e-11 1.531621544948109577e-11 2.085506649654201498e-11 1.838616047961395040e-11 8.675048972967498097e-11 3.079514337357315698e-11 5.731256606382419798e-12 1.058992411476837817e-11 2.979357133196238144e-12 2.472244822944257798e-12 2.971703545659974752e-12 -9.203015145505269103e-13
2.348509320080559221e-11 4.106891679953066712e-11 -4.972011793133466546e-11 4.667502347188023940e-12 1.324899099304804157e-11 -1.482147696349828687e-11 2.958013694415659609e-12 -2.153768449324000714e-12 6.963800529417196345e-12 2.894945300356069761e-11 1.953265414927699078e-11 -2.261908364524576516e-12 3.079514337357315698e-11 8.441447268884085151e-11 2.481085725041907521e-11 7.173090757587325591e-12 7.408578961666698058e-12 1.263675751365030424e-11 7.730107700949738600e-13 -4.156539254673802246e-12
7.018962050872858052e-11 -2.459028820570948897e-11 -2.544399231319957208e-11 3.169515631263108986e-11 4.002468520308357224e-11 1.051448977628853478e-11 -1.685297005755584158e-11 -1.544293979528746917e-11 4.530424023678183453e-12 1.168454915849794575e-11 5.837796141437727690e-12 1.550793508453236863e-12 5.731256606382419798e-12 2.481085725041907521e-11 4.871378773599922142e-11 1.663917022793436365e-11 5.062316833692410873e-12 4.515048204592709924e-12 3.970958465067672621e-12 -1.110250733380780966e-12
8.359355029066930247e-11 -1.880116070075132580e-11 -6.041398717394650140e-11 2.938694536726708898e-11 4.608204491469311734e-11 3.915146874399183650e-11 8.680418655966524755e-13 -1.693644213676408401e-11 -9.207847869346991728e-12 1.360216949260452762e-12 5.137686226290051107e-12 1.997646345867318406e-12 1.058992411476837817e-11 7.173090757587325591e-12 1.663917022793436365e-11 3.376948992365983057e-11 9.420770443617515098e-12 4.816870941996193926e-12 1.531299666275898101e-12 -3.387831101368256312e-14
1.083113349410108477e-12 -2.640661087034975701e-11 -5.491832527020268163e-11 -3.738799329576969616e-11 1.710174025854585730e-11 2.530445204932865777e-12 -1.156880612689568111e-12 5.909227221615089155e-12 -8.872057819081313114e-12 7.036969719730461555e-12 5.943263684190245159e-12 1.042813292103886024e-11 2.979357133196238144e-12 7.408578961666698058e-12 5.062316833692410873e-12 9.420770443617515098e-12 3.175342917717613111e-11 1.275113940297610677e-11 5.515415409661234193e-12 7.487870803025951826e-13
5.452099427037053744e-11 1.417415634145926947e-11 -1.943712758446303649e-11 2.425762457536531172e-12 1.709753768714100053e-11 2.121457216755876135e-11 1.521281108069433385e-11 -2.879251143557787872e-12 -6.437658530443252138e-12 1.196199364773397960e-11 1.387335271677126422e-11 -3.397209501391878334e-12 2.472244822944257798e-12 1.263675751365030424e-11 4.515048204592709924e-12 4.816870941996193926e-12 1.275113940297610677e-11 2.917719975317520747e-11 1.265367632458941444e-11 4.256467934828358040e-12
-1.043252936254061648e-11 -3.842161550986293998e-11 -3.764361148110287901e-12 8.360960979333884084e-12 5.781361362551690199e-12 -7.182672484939011615e-12 1.530454090187658427e-11 -4.101090797764446151e-12 -1.077976791870577252e-11 1.499459939652202097e-12 5.056218571508879805e-12 4.754426207195073640e-12 2.971703545659974752e-12 7.730107700949738600e-13 3.970958465067672621e-12 1.531299666275898101e-12 5.515415409661234193e-12 1.265367632458941444e-11 2.317289059043133034e-11 1.122560010452108267e-11
-4.411872180890455535e-13 -1.947188101856540181e-11 -2.516913142414798844e-11 3.081250721071201593e-11 1.032746792219835323e-11 1.164759979735570114e-11 3.462442653523829649e-12 3.941057391569541284e-13 -1.331282474681972453e-12 -3.419671867935859777e-12 2.370557112186629307e-12 3.971568464259519519e-12 -9.203015145505269103e-13 -4.156539254673802246e-12 -1.110250733380780966e-12 -3.387831101368256312e-14 7.487870803025951826e-13 4.256467934828358040e-12 1.122560010452108267e-11 2.055818071754472814e-11
