5.955781638141725052e-11 8.887316976419365202e-12 6.071166530299829673e-12 1.180283336832073267e-12 2.499846311492213293e-12 -1.041445043948860688e-13 1.137231923435203182e-12 4.148236888981112450e-12 7.743361638567132432e-13 2.518378221566866641e-12 1.987099593088071588e-12 2.128336903734569029e-12 4.394018456829316436e-12 5.607824890868838269e-12 1.133132177086841464e-11 1.141377482934065097e-11 1.246104280390723365e-11 1.375226404986032373e-11 1.294477179066294460e-11 1.273673248736979722e-11 1.009382464802779640e-11 -2.739443361025900545e-12 -4.408259974413741825e-12 -3.032029431054899104e-12 7.471229445188522969e-12 1.044923991806988080e-11
8.887316976419365202e-12 4.337987500690383223e-11 1.058386747360611623e-11 3.082511044573096768e-12 3.820175797455390471e-12 3.022519731763057539e-12 2.773412681454283850e-12 2.778529314561296002e-12 2.241246506398326014e-12 -9.103532531847240287e-13 -1.612582333327449481e-12 -3.483730602894767913e-12 -2.532977768988592030e-12 2.216507355919178497e-13 1.715298662042225008e-12 8.077140251487178245e-13 -4.756571859313401257e-13 -1.092620079621446456e-12 -3.581182700102522168e-12 -6.069551897576902439e-12 -9.702657655862815898e-12 -1.000761749411832972e-11 -7.489887804922496540e-12 -1.666346088405963130e-12 1.261294514254048959e-11 1.754566476316299627e-11
6.071166530299829673e-12 1.058386747360611623e-11 3.477119302690531958e-11 1.449331431196851367e-11 7.565732939968709626e-12 6.479759111591914965e-12 5.030305709677167953e-12 5.272090402877110910e-12 3.045871560626104231e-12 4.656956351888207712e-14 2.218923324364340882e-13 3.365220173220458816e-12 4.770161098384521283e-12 4.220515081513153357e-12 5.793147090509902387e-12 7.316950624230825625e-12 6.700606537629524934e-12 7.190512997600507713e-12 3.759918160993129912e-12 2.750872762147323336e-12 -5.478116811624675663e-14 -2.539848387855223389e-12 -7.518495503967466139e-13 -2.057888801741400520e-12 -5.974359085493655935e-12 2.157516084015597032e-12
1.180283336832073267e-12 3.082511044573096768e-12 1.449331431196851367e-11 3.019204093410020407e-11 1.188765546638660228e-11 6.954560540154188842e-12 5.573618795273838894e-12 4.609891907634578721e-12 3.071967443816105205e-12 1.718377650222010602e-12 3.466301870425116623e-12 5.194876954172242091e-12 6.445569521898259402e-12 5.511074318223601859e-12 4.946801730050650993e-12 7.201908840824071831e-12 8.948688645557850621e-12 1.037392262469447691e-11 1.000620706314553404e-11 1.368433766344135344e-11 1.460050034745105227e-11 7.082325010184217122e-12 5.011292569851528123e-12 -8.311139889855486865e-13 1.973940573887719853e-13 5.593096670700188521e-12
2.499846311492213293e-12 3.820175797455390471e-12 7.565732939968709626e-12 1.188765546638660228e-11 2.444492620765394619e-11 1.274160834969364967e-11 1.008593502251557201e-11 7.690177202379724561e-12 6.202150621248581775e-12 4.071888619272120745e-12 2.709334231322025648e-12 4.138531500825276031e-12 5.671691977113650805e-12 4.781380069463174089e-12 5.046973699011253370e-12 6.972081437590112135e-12 8.394518348359164790e-12 8.335502693543185374e-12 9.809243896859457892e-12 1.361927310596452410e-11 7.390759463916070197e-12 -1.707321178119953121e-12 -6.749909044233821006e-12 -4.572319805814866383e-12 2.033084120372514985e-12 3.665888964574497941e-12
-1.041445043948860688e-13 3.022519731763057539e-12 6.479759111591914965e-12 6.954560540154188842e-12 1.274160834969364967e-11 2.423859369181939148e-11 1.355032664808936522e-11 9.678009225410953096e-12 8.575779204608107657e-12 4.489639129226197967e-12 4.662125249328480937e-12 5.211060330702409869e-12 5.711851628730562621e-12 6.025806468324296354e-12 5.005988457621249649e-12 4.224734508079648682e-12 4.019352085446317967e-12 1.532712445534119566e-12 1.106754333680403639e-12 4.374540347471910530e-12 1.520054738760746522e-12 -3.503222677986680621e-12 -2.209738400426564398e-12 -4.363729613848443950e-12 -3.079480921700126777e-12 2.999304432274268800e-12
1.137231923435203182e-12 2.773412681454283850e-12 5.030305709677167953e-12 5.573618795273838894e-12 1.008593502251557201e-11 1.355032664808936522e-11 1.952772038493789584e-11 1.269045095515699175e-11 8.856934861652205995e-12 5.411438525874709337e-12 3.385460769351373871e-12 2.610314891735252388e-12 1.886767794099167745e-12 2.152533139302965061e-12 2.619175384240395757e-12 3.051461538840138094e-12 4.372707664692259368e-12 5.229628825828228251e-12 7.446670428514328993e-12 1.019883500347795897e-11 6.459604419768303750e-12 9.692767930405319270e-13 3.157387016708911073e-12 4.705540212303939093e-12 -6.781857838396770723e-13 2.278255844362028079e-13
4.148236888981112450e-12 2.778529314561296002e-12 5.272090402877110910e-12 4.609891907634578721e-12 7.690177202379724561e-12 9.678009225410953096e-12 1.269045095515699175e-11 1.961477526494514977e-11 1.460314843427452102e-11 1.065803197696392136e-11 7.177787814818936429e-12 5.662516197917756799e-12 5.642931670531744235e-12 5.147922165627241302e-12 4.508300769104579295e-12 5.914536563116044371e-12 7.203886991718434716e-12 7.499737978666020604e-12 9.027115851232899009e-12 8.378279558663028490e-12 5.546890992756146708e-13 -5.887543066636071007e-12 -3.408488869285074283e-13 5.605862642908406954e-12 6.942245592238380654e-12 7.155355553056897019e-12
7.743361638567132432e-13 2.241246506398326014e-12 3.045871560626104231e-12 3.071967443816105205e-12 6.202150621248581775e-12 8.575779204608107657e-12 8.856934861652205995e-12 1.460314843427452102e-11 2.071925393299028566e-11 1.541061763110023272e-11 1.162933241652452758e-11 1.066010254681817348e-11 1.052345918199301923e-11 1.016313716037629761e-11 9.514147966037708744e-12 9.868717335144637594e-12 1.043166097179048405e-11 1.033729013118283130e-11 1.278352697883848925e-11 1.221627711124672128e-11 4.506333483934081166e-12 -2.483563902011796753e-12 9.623497762178458438e-13 5.059595246933167752e-12 6.502636119094394940e-12 5.594850294325447604e-12
2.518378221566866641e-12 -9.103532531847240287e-13 4.656956351888207712e-14 1.718377650222010602e-12 4.071888619272120745e-12 4.489639129226197967e-12 5.411438525874709337e-12 1.065803197696392136e-11 1.541061763110023272e-11 2.377492632539725213e-11 2.108665528993442025e-11 1.741224035315680266e-11 1.612481837520975675e-11 1.490825584413701466e-11 1.389173075654577488e-11 1.317353350024597709e-11 1.407107500421664344e-11 1.413134089984918248e-11 1.706836138609167187e-11 1.604627375155771174e-11 7.091576032802194616e-12 -5.529639011763241870e-12 -3.180929891051380198e-12 1.321719146996448894e-12 7.103306021552918344e-12 6.338649036886887213e-12
1.987099593088071588e-12 -1.612582333327449481e-12 2.218923324364340882e-13 3.466301870425116623e-12 2.709334231322025648e-12 4.662125249328480937e-12 3.385460769351373871e-12 7.177787814818936429e-12 1.162933241652452758e-11 2.108665528993442025e-11 3.116954041511045107e-11 2.794245076771709758e-11 2.546901386463793165e-11 2.398716485928838133e-11 2.373148911452215911e-11 2.352829571183811149e-11 2.346196049692738572e-11 2.337637265460720133e-11 2.575914407220185596e-11 2.666323824337315399e-11 1.734624860250702563e-11 -5.095198737191300090e-12 -9.036997185171676363e-12 -9.796773305312017734e-12 -5.192427993205061826e-13 3.788711054781455855e-12
2.128336903734569029e-12 -3.483730602894767913e-12 3.365220173220458816e-12 5.194876954172242091e-12 4.138531500825276031e-12 5.211060330702409869e-12 2.610314891735252388e-12 5.662516197917756799e-12 1.066010254681817348e-11 1.741224035315680266e-11 2.794245076771709758e-11 3.702993528700009911e-11 3.534584920955661879e-11 3.373644320179165363e-11 3.413017398661429155e-11 3.513978421444265018e-11 3.563021941483613827e-11 3.572940287453492502e-11 4.047054092660265422e-11 4.398809602674380989e-11 3.391239526961821720e-11 7.926572373074682171e-12 7.961240771887808631e-13 -5.044269590972074300e-14 5.965789382887741291e-12 8.373071073201580707e-12
4.394018456829316436e-12 -2.532977768988592030e-12 4.770161098384521283e-12 6.445569521898259402e-12 5.671691977113650805e-12 5.711851628730562621e-12 1.886767794099167745e-12 5.642931670531744235e-12 1.052345918199301923e-11 1.612481837520975675e-11 2.546901386463793165e-11 3.534584920955661879e-11 4.525634863491851142e-11 4.283274820409541543e-11 4.346738348023842062e-11 4.478287896407243169e-11 4.526452928635796405e-11 4.573209207411922072e-11 4.988796340803390986e-11 5.059681965137735536e-11 3.648700642789046108e-11 4.502934514326669509e-12 -2.951451617538733575e-12 -3.702003388690928556e-12 4.266579115635774730e-12 6.885550096187866996e-12
5.607824890868838269e-12 2.216507355919178497e-13 4.220515081513153357e-12 5.511074318223601859e-12 4.781380069463174089e-12 6.025806468324296354e-12 2.152533139302965061e-12 5.147922165627241302e-12 1.016313716037629761e-11 1.490825584413701466e-11 2.398716485928838133e-11 3.373644320179165363e-11 4.283274820409541543e-11 5.308753639340929038e-11 5.659254494323167131e-11 5.750554645454672409e-11 5.747497534607910015e-11 5.696610280758192192e-11 6.138235111952809514e-11 6.345372340474249332e-11 4.888683642673073698e-11 1.202596019471344377e-11 -6.804235886820992501e-13 -1.905107520534932704e-12 7.872930974595019779e-12 1.147314007529936119e-11
1.133132177086841464e-11 1.715298662042225008e-12 5.793147090509902387e-12 4.946801730050650993e-12 5.046973699011253370e-12 5.005988457621249649e-12 2.619175384240395757e-12 4.508300769104579295e-12 9.514147966037708744e-12 1.389173075654577488e-11 2.373148911452215911e-11 3.413017398661429155e-11 4.346738348023842062e-11 5.659254494323167131e-11 7.521021043953090645e-11 8.097257368717276997e-11 8.336005220573774606e-11 8.359674969132256057e-11 8.830121858195245106e-11 9.222309745371963294e-11 7.359908816928619593e-11 2.414733885585661213e-11 2.363063987242931925e-12 -4.691891606085661701e-12 9.417156307233493838e-12 1.202289496139651634e-11
1.141377482934065097e-11 8.077140251487178245e-13 7.316950624230825625e-12 7.201908840824071831e-12 6.972081437590112135e-12 4.224734508079648682e-12 3.051461538840138094e-12 5.914536563116044371e-12 9.868717335144637594e-12 1.317353350024597709e-11 2.352829571183811149e-11 3.513978421444265018e-11 4.478287896407243169e-11 5.750554645454672409e-11 8.097257368717276997e-11 1.033262507340707720e-10 1.132866252027601538e-10 1.171809019237271943e-10 1.210322351390686795e-10 1.240860044705533253e-10 9.930628426875422946e-11 3.602766084531663512e-11 4.785656486047920804e-12 -2.570543039962502352e-12 8.016841723243621095e-12 1.301690495037647141e-11
1.246104280390723365e-11 -4.756571859313401257e-13 6.700606537629524934e-12 8.948688645557850621e-12 8.394518348359164790e-12 4.019352085446317967e-12 4.372707664692259368e-12 7.203886991718434716e-12 1.043166097179048405e-11 1.407107500421664344e-11 2.346196049692738572e-11 3.563021941483613827e-11 4.526452928635796405e-11 5.747497534607910015e-11 8.336005220573774606e-11 1.132866252027601538e-10 1.431696380069368589e-10 1.570376713587164250e-10 1.634856692021297477e-10 1.682991568539012933e-10 1.381281541064847951e-10 5.869442525745290381e-11 1.152194466455705797e-11 3.545270598135275437e-12 8.274141126388646785e-12 1.503284236701021293e-11
1.375226404986032373e-11 -1.092620079621446456e-12 7.190512997600507713e-12 1.037392262469447691e-11 8.335502693543185374e-12 1.532712445534119566e-12 5.229628825828228251e-12 7.499737978666020604e-12 1.033729013118283130e-11 1.413134089984918248e-11 2.337637265460720133e-11 3.572940287453492502e-11 4.573209207411922072e-11 5.696610280758192192e-11 8.359674969132256057e-11 1.171809019237271943e-10 1.570376713587164250e-10 1.949578920035792777e-10 2.135888335583121986e-10 2.218061781908050652e-10 1.869982057588978012e-10 9.228212534308009542e-11 2.157525379631417523e-11 1.218413387282124779e-11 7.776943545932249884e-12 8.635716238994829802e-12
1.294477179066294460e-11 -3.581182700102522168e-12 3.759918160993129912e-12 1.000620706314553404e-11 9.809243896859457892e-12 1.106754333680403639e-12 7.446670428514328993e-12 9.027115851232899009e-12 1.278352697883848925e-11 1.706836138609167187e-11 2.575914407220185596e-11 4.047054092660265422e-11 4.988796340803390986e-11 6.138235111952809514e-11 8.830121858195245106e-11 1.210322351390686795e-10 1.634856692021297477e-10 2.135888335583121986e-10 2.620701806888601232e-10 2.863048442001506834e-10 2.548503602424468493e-10 1.481376931737095809e-10 4.521466133984319374e-11 1.707719223004406774e-11 3.098685467960521947e-12 4.853339021062855998e-12
1.273673248736979722e-11 -6.069551897576902439e-12 2.750872762147323336e-12 1.368433766344135344e-11 1.361927310596452410e-11 4.374540347471910530e-12 1.019883500347795897e-11 8.378279558663028490e-12 1.221627711124672128e-11 1.604627375155771174e-11 2.666323824337315399e-11 4.398809602674380989e-11 5.059681965137735536e-11 6.345372340474249332e-11 9.222309745371963294e-11 1.240860044705533253e-10 1.682991568539012933e-10 2.218061781908050652e-10 2.863048442001506834e-10 3.521517301448622508e-10 3.422981234378645212e-10 2.301792098753418362e-10 9.248438997472098676e-11 2.420636834283758710e-11 7.730954984141096951e-12 1.137019680476197774e-11
1.009382464802779640e-11 -9.702657655862815898e-12 -5.478116811624675663e-14 1.460050034745105227e-11 7.390759463916070197e-12 1.520054738760746522e-12 6.459604419768303750e-12 5.546890992756146708e-13 4.506333483934081166e-12 7.091576032802194616e-12 1.734624860250702563e-11 3.391239526961821720e-11 3.648700642789046108e-11 4.888683642673073698e-11 7.359908816928619593e-11 9.930628426875422946e-11 1.381281541064847951e-10 1.869982057588978012e-10 2.548503602424468493e-10 3.422981234378645212e-10 4.087035643586220968e-10 3.317619581428395703e-10 1.769641228017505636e-10 4.803281885959413011e-11 1.684468467989963709e-11 1.106867283878344216e-11
-2.739443361025900545e-12 -1.000761749411832972e-11 -2.539848387855223389e-12 7.082325010184217122e-12 -1.707321178119953121e-12 -3.503222677986680621e-12 9.692767930405319270e-13 -5.887543066636071007e-12 -2.483563902011796753e-12 -5.529639011763241870e-12 -5.095198737191300090e-12 7.926572373074682171e-12 4.502934514326669509e-12 1.202596019471344377e-11 2.414733885585661213e-11 3.602766084531663512e-11 5.869442525745290381e-11 9.228212534308009542e-11 1.481376931737095809e-10 2.301792098753418362e-10 3.317619581428395703e-10 3.739555974509922389e-10 2.666642674884587347e-10 1.033459615894349703e-10 2.414068868313235939e-11 1.265715359094773412e-11
-4.408259974413741825e-12 -7.489887804922496540e-12 -7.518495503967466139e-13 5.011292569851528123e-12 -6.749909044233821006e-12 -2.209738400426564398e-12 3.157387016708911073e-12 -3.408488869285074283e-13 9.623497762178458438e-13 -3.180929891051380198e-12 -9.036997185171676363e-12 7.961240771887808631e-13 -2.951451617538733575e-12 -6.804235886820992501e-13 2.363063987242931925e-12 4.785656486047920804e-12 1.152194466455705797e-11 2.157525379631417523e-11 4.521466133984319374e-11 9.248438997472098676e-11 1.769641228017505636e-10 2.666642674884587347e-10 3.052959787155283033e-10 2.020813969553452882e-10 6.250218759885129180e-11 3.046141423775557940e-11
-3.032029431054899104e-12 -1.666346088405963130e-12 -2.057888801741400520e-12 -8.311139889855486865e-13 -4.572319805814866383e-12 -4.363729613848443950e-12 4.705540212303939093e-12 5.605862642908406954e-12 5.059595246933167752e-12 1.321719146996448894e-12 -9.796773305312017734e-12 -5.044269590972074300e-14 -3.702003388690928556e-12 -1.905107520534932704e-12 -4.691891606085661701e-12 -2.570543039962502352e-12 3.545270598135275437e-12 1.218413387282124779e-11 1.707719223004406774e-11 2.420636834283758710e-11 4.803281885959413011e-11 1.033459615894349703e-10 2.020813969553452882e-10 2.780158702005582570e-10 1.601128730348140943e-10 6.628703753897530008e-11
7.471229445188522969e-12 1.261294514254048959e-11 -5.974359085493655935e-12 1.973940573887719853e-13 2.033084120372514985e-12 -3.079480921700126777e-12 -6.781857838396770723e-13 6.942245592238380654e-12 6.502636119094394940e-12 7.103306021552918344e-12 -5.192427993205061826e-13 5.965789382887741291e-12 4.266579115635774730e-12 7.872930974595019779e-12 9.417156307233493838e-12 8.016841723243621095e-12 8.274141126388646785e-12 7.776943545932249884e-12 3.098685467960521947e-12 7.730954984141096951e-12 1.684468467989963709e-11 2.414068868313235939e-11 6.250218759885129180e-11 1.601128730348140943e-10 2.799669155584614003e-10 2.001713642648290375e-10
1.044923991806988080e-11 1.754566476316299627e-11 2.157516084015597032e-12 5.593096670700188521e-12 3.665888964574497941e-12 2.999304432274268800e-12 2.278255844362028079e-13 7.155355553056897019e-12 5.594850294325447604e-12 6.338649036886887213e-12 3.788711054781455855e-12 8.373071073201580707e-12 6.885550096187866996e-12 1.147314007529936119e-11 1.202289496139651634e-11 1.301690495037647141e-11 1.503284236701021293e-11 8.635716238994829802e-12 4.853339021062855998e-12 1.137019680476197774e-11 1.106867283878344216e-11 1.265715359094773412e-11 3.046141423775557940e-11 6.628703753897530008e-11 2.001713642648290375e-10 3.544298726636570493e-10
