8.703617774765959215e-11 1.880770070626716130e-11 1.011760980433416431e-11 -5.272586854822187768e-13 -3.817880740972695968e-12 -4.602541974012759358e-12 1.217754308216293132e-12 7.091229673221139087e-13 4.571651559449975768e-12 2.429620237438240584e-12 -1.856249333749766730e-13 -1.727831306863088929e-12 4.386348386228479271e-12 7.027808660743437698e-12 3.534679379200767758e-12 2.008358457380195949e-12 6.371377713971047572e-12 1.082367063764081541e-11 1.744275964270311517e-11 1.828134415051950103e-11 1.495787337650491971e-11 6.835739318701328340e-12 -3.907278670287112136e-12 -6.545951346156004415e-12 -7.674434332254773949e-12 -2.113470069618044667e-11
1.880770070626716130e-11 6.052466379639851911e-11 1.969747565069801009e-11 8.928407182013833147e-12 7.477513839972161240e-12 4.249890374000560230e-12 5.362414088588168521e-12 3.091580093500583531e-12 3.860779211773047569e-12 1.420331816007214196e-12 1.141665542550752471e-12 9.925392132868049488e-13 3.097545401170578539e-12 3.650676011241915309e-12 8.053927754829267529e-12 1.256972204360092538e-11 2.114561851847919879e-11 2.983307356563092250e-11 3.123384353408639782e-11 3.401316058637542693e-11 2.985121828841865185e-11 1.641133100840284062e-11 5.891369473576283092e-12 -3.659013137537289740e-12 -7.451145922675597318e-13 -4.153240242698086896e-12
1.011760980433416431e-11 1.969747565069801009e-11 4.094254957485584320e-11 1.098798404059658991e-11 6.942585383441451218e-12 5.290596942292459441e-12 6.539270217724686799e-12 3.565000682589800801e-12 2.498882777591226812e-12 2.388398598873040329e-13 1.770817579182826514e-12 3.610854544822679079e-13 1.143428139335578613e-15 1.647533152090423288e-12 2.657993679091552942e-12 4.674033214222035609e-12 6.374099738676447046e-12 4.925224768514574236e-12 4.547667471745308342e-12 5.568205980914547224e-12 2.310542999096169151e-12 2.343745368738468683e-12 9.593927211040448798e-12 9.018876235073331060e-12 1.068928119333927004e-12 3.908077528807371227e-12
-5.272586854822187768e-13 8.928407182013833147e-12 1.098798404059658991e-11 3.463420653845226232e-11 1.452648548518083401e-11 5.904490865101193139e-12 2.878048178987366382e-12 1.136257957798564404e-13 -9.218202643665964176e-13 -2.735780465898575899e-12 -2.092089451647057469e-12 -2.750312440700359381e-12 -1.338455511203335389e-12 -1.250124619825211375e-12 -3.278859713169659818e-13 4.354084681808491345e-13 1.897460207180917657e-12 2.924386113883041541e-12 1.054965619653291117e-12 8.725518061850975083e-13 5.300833587215877791e-12 7.300019880823951862e-12 1.350626244715324141e-11 1.501584262200070153e-11 1.108156802847118920e-11 9.665050914514366970e-12
-3.817880740972695968e-12 7.477513839972161240e-12 6.942585383441451218e-12 1.452648548518083401e-11 3.272471896723951321e-11 1.377956652238796480e-11 1.018631042747901939e-11 6.289311752302371798e-12 4.962001271086196537e-12 2.635948914684106258e-12 3.315741640973836568e-12 2.328650689204215186e-12 3.227314809425449897e-12 4.621302959913322014e-12 6.553604184859827961e-12 1.162030040753120473e-11 1.786949849190649985e-11 1.872195351576214408e-11 1.845825325064971310e-11 1.630714041328281796e-11 1.388234358899891675e-11 2.525242707228417742e-13 2.190482261013217636e-14 1.059739115987539167e-11 1.599756087128362094e-11 5.062069198496477664e-12
-4.602541974012759358e-12 4.249890374000560230e-12 5.290596942292459441e-12 5.904490865101193139e-12 1.377956652238796480e-11 2.575896299476112515e-11 1.357748671950712720e-11 9.555238981241456779e-12 8.184547490068481085e-12 5.008760229184969943e-12 3.795133828221948854e-12 3.282223943749300227e-12 4.653321073414008021e-12 5.102157895122220679e-12 7.479010297812522716e-12 9.780737126221512050e-12 1.361368060589484341e-11 1.285098276238059621e-11 1.076029128168246371e-11 1.029345675384947338e-11 3.222020984215399681e-12 -9.742530061636033805e-12 -9.989079998018137940e-12 -3.290869082452882338e-12 -3.772136993290795006e-12 -3.117649567292136279e-12
1.217754308216293132e-12 5.362414088588168521e-12 6.539270217724686799e-12 2.878048178987366382e-12 1.018631042747901939e-11 1.357748671950712720e-11 2.687177927240901871e-11 1.685650953194751355e-11 1.107230424731084311e-11 8.774669393109588595e-12 9.508676398530219375e-12 6.466551502844595977e-12 5.378308948268081435e-12 8.437992846472271895e-12 9.180292457048926273e-12 1.370674328723294476e-11 1.905503585637396177e-11 2.008937213003862900e-11 2.243236625229524639e-11 2.312452043296891377e-11 1.600024159630084204e-11 -4.949241666814881211e-12 -1.665499500295406872e-11 -7.310633940491787645e-12 3.041695293166658099e-12 -4.293731786276208845e-12
7.091229673221139087e-13 3.091580093500583531e-12 3.565000682589800801e-12 1.136257957798564404e-13 6.289311752302371798e-12 9.555238981241456779e-12 1.685650953194751355e-11 2.609183767886832537e-11 1.804261421464830559e-11 1.447565934846010127e-11 1.183647233136867485e-11 8.115677644740302065e-12 8.176181881972453891e-12 8.908102130085351707e-12 8.671765554416046448e-12 1.050811918849917097e-11 1.577729556795196852e-11 2.089578841406775935e-11 2.447663541573042461e-11 2.919974241420272980e-11 2.822386383927212647e-11 1.586182348146565801e-11 7.657243691308796654e-12 2.424338900620229069e-12 2.022339187882547990e-12 -6.099361293241559495e-12
4.571651559449975768e-12 3.860779211773047569e-12 2.498882777591226812e-12 -9.218202643665964176e-13 4.962001271086196537e-12 8.184547490068481085e-12 1.107230424731084311e-11 1.804261421464830559e-11 2.559226064994123808e-11 2.175131290550991892e-11 1.647378963807181729e-11 1.304416486344640368e-11 1.300160787652428582e-11 1.294705792476760423e-11 1.235557253844840163e-11 1.561926925058214120e-11 2.072457234749726666e-11 2.560589713632202992e-11 2.841088912866039439e-11 3.139280419840998204e-11 2.710416763578094204e-11 1.211123827668498530e-11 3.211890586032305222e-12 -1.441036376141848129e-12 -1.605280508504305359e-13 1.249474610183811247e-12
2.429620237438240584e-12 1.420331816007214196e-12 2.388398598873040329e-13 -2.735780465898575899e-12 2.635948914684106258e-12 5.008760229184969943e-12 8.774669393109588595e-12 1.447565934846010127e-11 2.175131290550991892e-11 3.270137163032063912e-11 2.688726376512683849e-11 2.176712811260457745e-11 1.896727557023622667e-11 2.004599999876308307e-11 2.096579195462755408e-11 2.415694550655245448e-11 3.005167185759060631e-11 3.622597010064744072e-11 3.947126121167717771e-11 4.137501486759966965e-11 3.521136295946055555e-11 1.725239069455354776e-11 9.900097601522659390e-12 3.645649916190334502e-12 -1.238018172268906866e-12 -3.394331002043855765e-12
-1.856249333749766730e-13 1.141665542550752471e-12 1.770817579182826514e-12 -2.092089451647057469e-12 3.315741640973836568e-12 3.795133828221948854e-12 9.508676398530219375e-12 1.183647233136867485e-11 1.647378963807181729e-11 2.688726376512683849e-11 3.631119628259759100e-11 3.260752880731221140e-11 2.760716691938206800e-11 2.779030850564199751e-11 3.006458321058206356e-11 3.248208638677845144e-11 3.549869710452873725e-11 4.043850410757136888e-11 4.369777195102946164e-11 4.182838726656163299e-11 3.123520349163849045e-11 7.175841747383589804e-12 3.658038205631768351e-14 -7.417482650368331127e-14 1.243677248889610028e-12 -2.565641126687232571e-12
-1.727831306863088929e-12 9.925392132868049488e-13 3.610854544822679079e-13 -2.750312440700359381e-12 2.328650689204215186e-12 3.282223943749300227e-12 6.466551502844595977e-12 8.115677644740302065e-12 1.304416486344640368e-11 2.176712811260457745e-11 3.260752880731221140e-11 4.477350021210987441e-11 3.916468906642884201e-11 3.794909878112200534e-11 3.972957076162502906e-11 4.099284477963453502e-11 4.418636989770450232e-11 4.827536429642967810e-11 5.024169274756833672e-11 4.411722202464720107e-11 2.969231939510282996e-11 1.809276391190210915e-12 -2.955409724622164321e-12 -7.867376894039201780e-13 3.209103318083929599e-12 -1.740232966441934299e-12
4.386348386228479271e-12 3.097545401170578539e-12 1.143428139335578613e-15 -1.338455511203335389e-12 3.227314809425449897e-12 4.653321073414008021e-12 5.378308948268081435e-12 8.176181881972453891e-12 1.300160787652428582e-11 1.896727557023622667e-11 2.760716691938206800e-11 3.916468906642884201e-11 4.917063616526798059e-11 5.056549906280359672e-11 5.070889077301946675e-11 4.973685066747538318e-11 5.327578515233841450e-11 5.488587978837569251e-11 5.566273716056598180e-11 4.907752659182520711e-11 3.363136975517548347e-11 1.827559807147011972e-12 -2.398907915048724343e-12 -1.646546474558569766e-12 2.017043918130747821e-13 -5.004795339340167452e-12
7.027808660743437698e-12 3.650676011241915309e-12 1.647533152090423288e-12 -1.250124619825211375e-12 4.621302959913322014e-12 5.102157895122220679e-12 8.437992846472271895e-12 8.908102130085351707e-12 1.294705792476760423e-11 2.004599999876308307e-11 2.779030850564199751e-11 3.794909878112200534e-11 5.056549906280359672e-11 7.038049645700022356e-11 7.327348544369176881e-11 7.301108682094414427e-11 8.125558979162688303e-11 8.337302792480352626e-11 8.431035119295600132e-11 7.571220086337809396e-11 5.517462249383909867e-11 9.266227423093762194e-12 -9.167871004720118720e-13 8.374756298671354102e-12 7.892923781878596497e-12 -6.853391951723309695e-12
3.534679379200767758e-12 8.053927754829267529e-12 2.657993679091552942e-12 -3.278859713169659818e-13 6.553604184859827961e-12 7.479010297812522716e-12 9.180292457048926273e-12 8.671765554416046448e-12 1.235557253844840163e-11 2.096579195462755408e-11 3.006458321058206356e-11 3.972957076162502906e-11 5.070889077301946675e-11 7.327348544369176881e-11 9.459304293770576347e-11 9.935679100906960460e-11 1.086673643483151591e-10 1.109681568482079195e-10 1.136302723970305396e-10 1.059388169740922446e-10 8.315920834664709173e-11 2.700831379625742276e-11 9.517856719453216936e-12 1.783159776957212200e-11 1.100897073411621426e-11 -1.720119201590315078e-11
2.008358457380195949e-12 1.256972204360092538e-11 4.674033214222035609e-12 4.354084681808491345e-13 1.162030040753120473e-11 9.780737126221512050e-12 1.370674328723294476e-11 1.050811918849917097e-11 1.561926925058214120e-11 2.415694550655245448e-11 3.248208638677845144e-11 4.099284477963453502e-11 4.973685066747538318e-11 7.301108682094414427e-11 9.935679100906960460e-11 1.268031647667748260e-10 1.467671664454850528e-10 1.539567729920574334e-10 1.606030127362770048e-10 1.560228472069339289e-10 1.286991546345931347e-10 5.197728578355844252e-11 1.511118248849794460e-11 2.760104866055619447e-11 1.858717315201007035e-11 -1.976023076732288155e-11
6.371377713971047572e-12 2.114561851847919879e-11 6.374099738676447046e-12 1.897460207180917657e-12 1.786949849190649985e-11 1.361368060589484341e-11 1.905503585637396177e-11 1.577729556795196852e-11 2.072457234749726666e-11 3.005167185759060631e-11 3.549869710452873725e-11 4.418636989770450232e-11 5.327578515233841450e-11 8.125558979162688303e-11 1.086673643483151591e-10 1.467671664454850528e-10 1.967468193205308053e-10 2.184849217673823514e-10 2.285788224636264671e-10 2.244551503706522893e-10 1.883128414237573372e-10 8.093676393801226108e-11 2.264939069548165625e-11 4.313082404666030967e-11 2.663874697788953821e-11 -3.411781101071703984e-11
1.082367063764081541e-11 2.983307356563092250e-11 4.925224768514574236e-12 2.924386113883041541e-12 1.872195351576214408e-11 1.285098276238059621e-11 2.008937213003862900e-11 2.089578841406775935e-11 2.560589713632202992e-11 3.622597010064744072e-11 4.043850410757136888e-11 4.827536429642967810e-11 5.488587978837569251e-11 8.337302792480352626e-11 1.109681568482079195e-10 1.539567729920574334e-10 2.184849217673823514e-10 2.807608489947244882e-10 3.098449166336898911e-10 3.115725062452439835e-10 2.675008119283322290e-10 1.355665998126123445e-10 4.212273843129008717e-11 6.111101282413983086e-11 2.940300279246322606e-11 -4.236461290636302226e-11
1.744275964270311517e-11 3.123384353408639782e-11 4.547667471745308342e-12 1.054965619653291117e-12 1.845825325064971310e-11 1.076029128168246371e-11 2.243236625229524639e-11 2.447663541573042461e-11 2.841088912866039439e-11 3.947126121167717771e-11 4.369777195102946164e-11 5.024169274756833672e-11 5.566273716056598180e-11 8.431035119295600132e-11 1.136302723970305396e-10 1.606030127362770048e-10 2.285788224636264671e-10 3.098449166336898911e-10 3.844471987592418382e-10 4.074747936035954609e-10 3.571734048057765838e-10 2.032429397660355616e-10 6.130359346146242520e-11 6.719746641416488231e-11 3.098097872418759999e-11 -4.329892631102083653e-11
1.828134415051950103e-11 3.401316058637542693e-11 5.568205980914547224e-12 8.725518061850975083e-13 1.630714041328281796e-11 1.029345675384947338e-11 2.312452043296891377e-11 2.919974241420272980e-11 3.139280419840998204e-11 4.137501486759966965e-11 4.182838726656163299e-11 4.411722202464720107e-11 4.907752659182520711e-11 7.571220086337809396e-11 1.059388169740922446e-10 1.560228472069339289e-10 2.244551503706522893e-10 3.115725062452439835e-10 4.074747936035954609e-10 4.877611889564903634e-10 4.603184757394961573e-10 2.991193846501036322e-10 1.182780498598122244e-10 8.330659943101855174e-11 3.764963960770550333e-11 -3.445153287355672650e-11
1.495787337650491971e-11 2.985121828841865185e-11 2.310542999096169151e-12 5.300833587215877791e-12 1.388234358899891675e-11 3.222020984215399681e-12 1.600024159630084204e-11 2.822386383927212647e-11 2.710416763578094204e-11 3.521136295946055555e-11 3.123520349163849045e-11 2.969231939510282996e-11 3.363136975517548347e-11 5.517462249383909867e-11 8.315920834664709173e-11 1.286991546345931347e-10 1.883128414237573372e-10 2.675008119283322290e-10 3.571734048057765838e-10 4.603184757394961573e-10 5.184544207573847112e-10 4.174584299584829363e-10 2.410005976131839704e-10 1.237622506991119486e-10 3.770228533920943440e-11 -3.485379627233041296e-11
6.835739318701328340e-12 1.641133100840284062e-11 2.343745368738468683e-12 7.300019880823951862e-12 2.525242707228417742e-13 -9.742530061636033805e-12 -4.949241666814881211e-12 1.586182348146565801e-11 1.211123827668498530e-11 1.725239069455354776e-11 7.175841747383589804e-12 1.809276391190210915e-12 1.827559807147011972e-12 9.266227423093762194e-12 2.700831379625742276e-11 5.197728578355844252e-11 8.093676393801226108e-11 1.355665998126123445e-10 2.032429397660355616e-10 2.991193846501036322e-10 4.174584299584829363e-10 4.942268328940052149e-10 4.081259135103858731e-10 2.045147425596608226e-10 3.301603715363104613e-11 -2.010592320861130666e-11
-3.907278670287112136e-12 5.891369473576283092e-12 9.593927211040448798e-12 1.350626244715324141e-11 2.190482261013217636e-14 -9.989079998018137940e-12 -1.665499500295406872e-11 7.657243691308796654e-12 3.211890586032305222e-12 9.900097601522659390e-12 3.658038205631768351e-14 -2.955409724622164321e-12 -2.398907915048724343e-12 -9.167871004720118720e-13 9.517856719453216936e-12 1.511118248849794460e-11 2.264939069548165625e-11 4.212273843129008717e-11 6.130359346146242520e-11 1.182780498598122244e-10 2.410005976131839704e-10 4.081259135103858731e-10 5.209382284502321822e-10 3.458931895429509946e-10 7.252705020589811174e-11 5.873991268345099958e-13
-6.545951346156004415e-12 -3.659013137537289740e-12 9.018876235073331060e-12 1.501584262200070153e-11 1.059739115987539167e-11 -3.290869082452882338e-12 -7.310633940491787645e-12 2.424338900620229069e-12 -1.441036376141848129e-12 3.645649916190334502e-12 -7.417482650368331127e-14 -7.867376894039201780e-13 -1.646546474558569766e-12 8.374756298671354102e-12 1.783159776957212200e-11 2.760104866055619447e-11 4.313082404666030967e-11 6.111101282413983086e-11 6.719746641416488231e-11 8.330659943101855174e-11 1.237622506991119486e-10 2.045147425596608226e-10 3.458931895429509946e-10 4.380099689418166292e-10 2.445068633067129063e-10 6.457719422218020251e-11
-7.674434332254773949e-12 -7.451145922675597318e-13 1.068928119333927004e-12 1.108156802847118920e-11 1.599756087128362094e-11 -3.772136993290795006e-12 3.041695293166658099e-12 2.022339187882547990e-12 -1.605280508504305359e-13 -1.238018172268906866e-12 1.243677248889610028e-12 3.209103318083929599e-12 2.017043918130747821e-13 7.892923781878596497e-12 1.100897073411621426e-11 1.858717315201007035e-11 2.663874697788953821e-11 2.940300279246322606e-11 3.098097872418759999e-11 3.764963960770550333e-11 3.770228533920943440e-11 3.301603715363104613e-11 7.252705020589811174e-11 2.445068633067129063e-10 3.809779329619506497e-10 2.115117670939195802e-10
-2.113470069618044667e-11 -4.153240242698086896e-12 3.908077528807371227e-12 9.665050914514366970e-12 5.062069198496477664e-12 -3.117649567292136279e-12 -4.293731786276208845e-12 -6.099361293241559495e-12 1.249474610183811247e-12 -3.394331002043855765e-12 -2.565641126687232571e-12 -1.740232966441934299e-12 -5.004795339340167452e-12 -6.853391951723309695e-12 -1.720119201590315078e-11 -1.976023076732288155e-11 -3.411781101071703984e-11 -4.236461290636302226e-11 -4.329892631102083653e-11 -3.445153287355672650e-11 -3.485379627233041296e-11 -2.010592320861130666e-11 5.873991268345099958e-13 6.457719422218020251e-11 2.115117670939195802e-10 3.938390152578440494e-10
