5.522888314475497964e-11 1.049185056375584666e-11 6.855147399072903846e-12 1.747144227653685454e-12 3.846668487374636640e-12 6.804569725496038360e-13 3.899406092305657159e-14 1.299449916133594840e-12 2.209749573288912791e-12 1.795710758169677247e-12 2.995495191622814745e-12 1.021571296591519690e-12 2.518870043444727111e-12 8.874793712917821443e-13 2.160579254642225687e-12 2.261821210433517484e-12 -2.832852469411740756e-13 -9.439709147813255443e-13 -7.551687679102604172e-13 -1.051641691699422006e-13 -1.993428624485449162e-12 -7.786135761802132353e-12 -2.505041351840178756e-12 -1.230251369706877843e-12 -3.648380798490735471e-13 5.386854054138836291e-12
1.049185056375584666e-11 4.701797559651915031e-11 1.379472173818481892e-11 1.228283915744629372e-11 6.700899139717293336e-12 4.267519316932778490e-12 1.541069088066624267e-12 2.324098399502126581e-12 3.258700497638468543e-12 1.605531772488435041e-12 1.960101872927442400e-12 8.024172182707865010e-13 -2.965109867575852360e-13 7.476408397092585691e-13 2.317914142477420528e-12 4.208588063945628615e-12 1.495032698673976048e-12 -3.664475918637818495e-12 -2.608723980024215158e-12 -1.162638193279794420e-12 -5.386351171202640633e-12 -9.660057716266038046e-12 -1.098898145784378936e-11 -1.265019984029023274e-11 -1.035029420895985754e-11 -3.216204442234575137e-12
6.855147399072903846e-12 1.379472173818481892e-11 3.858265401320185233e-11 1.315467193696069484e-11 5.756908107709593180e-12 3.767016485314097511e-12 3.566641315339983862e-12 5.870056334056001043e-13 1.416626541544761950e-12 3.427587359222732154e-13 3.097421030616561639e-13 4.124811438354893023e-14 2.016947576490258484e-13 1.115964483350260229e-12 -5.738006027402600242e-13 -9.222111631228050838e-14 -1.657917057004326503e-12 -3.771831449954561736e-12 -3.918350172410533973e-12 -4.110612873571048758e-12 -2.561695580256056417e-12 -6.897509721957465728e-13 2.297631178330457395e-12 3.763013396419676735e-13 6.351836585375569333e-12 -5.209550923174153975e-13
1.747144227653685454e-12 1.228283915744629372e-11 1.315467193696069484e-11 3.028690574360337861e-11 1.364379876812418938e-11 7.183719785252018230e-12 5.260450876161630542e-12 3.109088174440529233e-12 3.814548772283919175e-12 1.707044161390521329e-12 2.015072966362030256e-12 2.124711018780432535e-12 7.672050653912759361e-13 7.823366632816227402e-13 4.953062624909189868e-13 2.244839484223929840e-12 2.601287361587571931e-12 4.095145521253224645e-12 4.718079172531266087e-12 6.558069855995217731e-12 6.813268306031914861e-12 4.661845833737620271e-12 1.754173067786826473e-12 2.837504726635060792e-13 6.249455154600948948e-12 3.558118060418363518e-12
3.846668487374636640e-12 6.700899139717293336e-12 5.756908107709593180e-12 1.364379876812418938e-11 2.628085059880908790e-11 1.105150759104468688e-11 7.052472620744466788e-12 4.395255844586685736e-12 2.661782998638236659e-12 1.236491462368200756e-12 1.191217429501165680e-12 2.125377854061066995e-12 1.190014967118446358e-12 1.226838260174275541e-12 2.248727287346235183e-12 5.451002113806811380e-12 7.405316964793066693e-12 9.997386382827673551e-12 1.119117721611877098e-11 1.230110341798322085e-11 1.165467111699235762e-11 4.196485393168667715e-12 -5.935592265320571029e-12 -4.832752971428968078e-12 4.899475900249346585e-12 4.745380305208970274e-13
6.804569725496038360e-13 4.267519316932778490e-12 3.767016485314097511e-12 7.183719785252018230e-12 1.105150759104468688e-11 2.018462233803068626e-11 1.214471149607177775e-11 7.987442358997064077e-12 5.545106685790317935e-12 4.262276417688728932e-12 2.683824085068364967e-12 1.670009194186893948e-12 3.254830062918727481e-13 -5.024213459628888441e-13 1.492324463823431422e-12 4.697213803305065273e-12 5.278171713153319299e-12 8.802004463099041541e-12 1.072590981105745051e-11 1.228540795908768639e-11 1.276575463297634033e-11 6.745756149934074679e-12 -4.977809314811610928e-13 -1.480849565761687706e-12 5.848581191192505966e-12 3.211735599509743308e-12
3.899406092305657159e-14 1.541069088066624267e-12 3.566641315339983862e-12 5.260450876161630542e-12 7.052472620744466788e-12 1.214471149607177775e-11 2.060568843670653338e-11 1.281122813893608476e-11 1.000672301567619192e-11 8.417186742723429219e-12 6.905906242956455162e-12 4.167840528238475954e-12 3.711240535517104440e-12 4.866606032196744089e-12 5.665185212980854145e-12 7.905694735312577335e-12 7.820486699641903541e-12 1.032718131871780759e-11 1.410532462229729576e-11 1.583729815196403992e-11 1.436403055009949235e-11 7.685297283261997917e-12 2.515654788412975586e-12 5.526731111256791619e-12 6.356885709900304960e-12 2.101821273501610337e-12
1.299449916133594840e-12 2.324098399502126581e-12 5.870056334056001043e-13 3.109088174440529233e-12 4.395255844586685736e-12 7.987442358997064077e-12 1.281122813893608476e-11 2.050377922891637391e-11 1.430122873312049277e-11 1.240845232201435119e-11 9.438931966025949825e-12 6.309492971641289778e-12 4.950551790674956244e-12 4.737754826769211740e-12 3.944849694775713373e-12 7.662214581925617074e-12 8.390939217599287504e-12 9.442333627377422788e-12 1.273089368498795608e-11 1.456869707006788010e-11 1.233157000727517883e-11 4.841388686576570261e-12 -3.531102693936839329e-12 2.188272404143415085e-13 6.631965143482338698e-12 2.159938724463975507e-12
2.209749573288912791e-12 3.258700497638468543e-12 1.416626541544761950e-12 3.814548772283919175e-12 2.661782998638236659e-12 5.545106685790317935e-12 1.000672301567619192e-11 1.430122873312049277e-11 2.054393857789991811e-11 1.654841650952588371e-11 1.188671052346892811e-11 6.985837996443204655e-12 5.780620721193702234e-12 6.678221988020591984e-12 6.405549827265553392e-12 1.020136895258083055e-11 1.052755997102096319e-11 1.258755126982842596e-11 1.574592158231153599e-11 1.836457967552611262e-11 1.745427342161832335e-11 1.105551899986019189e-11 2.411245733651474964e-12 3.399193764474423506e-12 8.440748112692785263e-12 6.023606218111146821e-12
1.795710758169677247e-12 1.605531772488435041e-12 3.427587359222732154e-13 1.707044161390521329e-12 1.236491462368200756e-12 4.262276417688728932e-12 8.417186742723429219e-12 1.240845232201435119e-11 1.654841650952588371e-11 2.351051458572591405e-11 1.938725093483528001e-11 1.354307172978527312e-11 1.171234395658153849e-11 1.183457817117600381e-11 1.279507357117214494e-11 1.706428212714594852e-11 1.776370997706180143e-11 1.988884125093835261e-11 2.317346582064597553e-11 2.418858157509301138e-11 2.111483478783646212e-11 1.013645231341094256e-11 4.410401816677687805e-13 1.482348773907762870e-12 7.292777205001072945e-12 6.743960290235977866e-12
2.995495191622814745e-12 1.960101872927442400e-12 3.097421030616561639e-13 2.015072966362030256e-12 1.191217429501165680e-12 2.683824085068364967e-12 6.905906242956455162e-12 9.438931966025949825e-12 1.188671052346892811e-11 1.938725093483528001e-11 2.694186858240567671e-11 2.251552042127828018e-11 2.096212495709635175e-11 2.092668893669008452e-11 2.188692747547098169e-11 2.417855369415954540e-11 2.514503131822138928e-11 2.806458205683679148e-11 3.126588941874425299e-11 3.148307009844375249e-11 2.220222766917516767e-11 4.975896103166071359e-12 -3.184826302512322565e-12 -1.553094001859537546e-13 4.523547592069974840e-12 2.984132157130548263e-12
1.021571296591519690e-12 8.024172182707865010e-13 4.124811438354893023e-14 2.124711018780432535e-12 2.125377854061066995e-12 1.670009194186893948e-12 4.167840528238475954e-12 6.309492971641289778e-12 6.985837996443204655e-12 1.354307172978527312e-11 2.251552042127828018e-11 3.146355089545882860e-11 3.030802446129914346e-11 2.815645192287707887e-11 2.894916745082498995e-11 2.983886596508469521e-11 3.156743315929453127e-11 3.498654573246297429e-11 3.672064226854682823e-11 3.669505715621251225e-11 2.490332826850829189e-11 -8.730721387953789319e-13 -1.175245339473959903e-11 -3.447279553364837013e-12 8.440542387055646153e-12 6.353288186923077516e-12
2.518870043444727111e-12 -2.965109867575852360e-13 2.016947576490258484e-13 7.672050653912759361e-13 1.190014967118446358e-12 3.254830062918727481e-13 3.711240535517104440e-12 4.950551790674956244e-12 5.780620721193702234e-12 1.171234395658153849e-11 2.096212495709635175e-11 3.030802446129914346e-11 4.187430276562202054e-11 4.228352205225573195e-11 4.182979144173748679e-11 4.081647429023292084e-11 4.073732471351354932e-11 4.185020966843301500e-11 4.156071906654544402e-11 3.904858962323543585e-11 2.355542910234111360e-11 -8.942777315189331033e-12 -1.464828429427201086e-11 -1.895080798388648225e-12 1.034531338930431316e-11 7.439279803973790272e-12
8.874793712917821443e-13 7.476408397092585691e-13 1.115964483350260229e-12 7.823366632816227402e-13 1.226838260174275541e-12 -5.024213459628888441e-13 4.866606032196744089e-12 4.737754826769211740e-12 6.678221988020591984e-12 1.183457817117600381e-11 2.092668893669008452e-11 2.815645192287707887e-11 4.228352205225573195e-11 5.382748899813993042e-11 5.474637552180658429e-11 5.136706852024523610e-11 4.917021944609687615e-11 4.850316616739097580e-11 4.827513581576834714e-11 4.410975981156037931e-11 2.655052278354538665e-11 -6.535842051365208003e-12 -9.723428583471787423e-12 3.875851808454954857e-12 1.376768088067230003e-11 8.961439710943566849e-12
2.160579254642225687e-12 2.317914142477420528e-12 -5.738006027402600242e-13 4.953062624909189868e-13 2.248727287346235183e-12 1.492324463823431422e-12 5.665185212980854145e-12 3.944849694775713373e-12 6.405549827265553392e-12 1.279507357117214494e-11 2.188692747547098169e-11 2.894916745082498995e-11 4.182979144173748679e-11 5.474637552180658429e-11 6.945834863694763279e-11 6.894267540609804958e-11 6.888242211849026352e-11 6.914386089374738930e-11 7.007810449669522586e-11 6.360216425838281565e-11 4.130035107544440806e-11 -3.194153166323315916e-12 -1.154034341541337256e-11 4.056769312891236131e-12 1.470841165973634159e-11 1.248386847881601815e-11
2.261821210433517484e-12 4.208588063945628615e-12 -9.222111631228050838e-14 2.244839484223929840e-12 5.451002113806811380e-12 4.697213803305065273e-12 7.905694735312577335e-12 7.662214581925617074e-12 1.020136895258083055e-11 1.706428212714594852e-11 2.417855369415954540e-11 2.983886596508469521e-11 4.081647429023292084e-11 5.136706852024523610e-11 6.894267540609804958e-11 8.703105155921638510e-11 9.455548041641902739e-11 9.806683696824701144e-11 1.014962529257782472e-10 9.312697641634544294e-11 6.682336103283243015e-11 8.796415869621743789e-12 -1.476540234440937524e-11 5.474800037153206021e-13 1.175923034952361341e-11 1.206451507528256736e-11
-2.832852469411740756e-13 1.495032698673976048e-12 -1.657917057004326503e-12 2.601287361587571931e-12 7.405316964793066693e-12 5.278171713153319299e-12 7.820486699641903541e-12 8.390939217599287504e-12 1.052755997102096319e-11 1.776370997706180143e-11 2.514503131822138928e-11 3.156743315929453127e-11 4.073732471351354932e-11 4.917021944609687615e-11 6.888242211849026352e-11 9.455548041641902739e-11 1.224588624015198915e-10 1.355984043521808944e-10 1.422217060278781487e-10 1.349803527210811329e-10 1.064549317668940364e-10 3.180858802867330184e-11 -1.836618590339159780e-11 -9.113106131745729299e-12 8.913494929869326544e-12 1.420111459145288701e-11
-9.439709147813255443e-13 -3.664475918637818495e-12 -3.771831449954561736e-12 4.095145521253224645e-12 9.997386382827673551e-12 8.802004463099041541e-12 1.032718131871780759e-11 9.442333627377422788e-12 1.258755126982842596e-11 1.988884125093835261e-11 2.806458205683679148e-11 3.498654573246297429e-11 4.185020966843301500e-11 4.850316616739097580e-11 6.914386089374738930e-11 9.806683696824701144e-11 1.355984043521808944e-10 1.769231047147872174e-10 1.981321977695894938e-10 1.966429917595255944e-10 1.710672200162466881e-10 8.208053380728616267e-11 -3.804903091573460053e-12 -6.183232837280186971e-12 1.650375580104817147e-11 1.607082828427880472e-11
-7.551687679102604172e-13 -2.608723980024215158e-12 -3.918350172410533973e-12 4.718079172531266087e-12 1.119117721611877098e-11 1.072590981105745051e-11 1.410532462229729576e-11 1.273089368498795608e-11 1.574592158231153599e-11 2.317346582064597553e-11 3.126588941874425299e-11 3.672064226854682823e-11 4.156071906654544402e-11 4.827513581576834714e-11 7.007810449669522586e-11 1.014962529257782472e-10 1.422217060278781487e-10 1.981321977695894938e-10 2.552795390544951192e-10 2.692229276010831660e-10 2.436643844025147837e-10 1.416029605564148880e-10 1.910155780725087944e-11 -1.836505667380734914e-12 1.920583931400014140e-11 1.555866138491311285e-11
-1.051641691699422006e-13 -1.162638193279794420e-12 -4.110612873571048758e-12 6.558069855995217731e-12 1.230110341798322085e-11 1.228540795908768639e-11 1.583729815196403992e-11 1.456869707006788010e-11 1.836457967552611262e-11 2.418858157509301138e-11 3.148307009844375249e-11 3.669505715621251225e-11 3.904858962323543585e-11 4.410975981156037931e-11 6.360216425838281565e-11 9.312697641634544294e-11 1.349803527210811329e-10 1.966429917595255944e-10 2.692229276010831660e-10 3.238249290770152404e-10 3.205526621256678048e-10 2.189915561743359183e-10 6.443520347552508229e-11 9.793406174462491518e-13 2.277407885191763728e-11 2.037537001600489578e-11
-1.993428624485449162e-12 -5.386351171202640633e-12 -2.561695580256056417e-12 6.813268306031914861e-12 1.165467111699235762e-11 1.276575463297634033e-11 1.436403055009949235e-11 1.233157000727517883e-11 1.745427342161832335e-11 2.111483478783646212e-11 2.220222766917516767e-11 2.490332826850829189e-11 2.355542910234111360e-11 2.655052278354538665e-11 4.130035107544440806e-11 6.682336103283243015e-11 1.064549317668940364e-10 1.710672200162466881e-10 2.436643844025147837e-10 3.205526621256678048e-10 3.795159434337067078e-10 3.170103461551204099e-10 1.396011901680244385e-10 5.025776407335378662e-12 2.139456905584256977e-11 3.341772112203468165e-11
-7.786135761802132353e-12 -9.660057716266038046e-12 -6.897509721957465728e-13 4.661845833737620271e-12 4.196485393168667715e-12 6.745756149934074679e-12 7.685297283261997917e-12 4.841388686576570261e-12 1.105551899986019189e-11 1.013645231341094256e-11 4.975896103166071359e-12 -8.730721387953789319e-13 -8.942777315189331033e-12 -6.535842051365208003e-12 -3.194153166323315916e-12 8.796415869621743789e-12 3.180858802867330184e-11 8.208053380728616267e-11 1.416029605564148880e-10 2.189915561743359183e-10 3.170103461551204099e-10 3.790887651277445111e-10 2.665439752375241036e-10 6.531697410416764133e-11 1.297186061491313704e-11 4.822696057203677272e-11
-2.505041351840178756e-12 -1.098898145784378936e-11 2.297631178330457395e-12 1.754173067786826473e-12 -5.935592265320571029e-12 -4.977809314811610928e-13 2.515654788412975586e-12 -3.531102693936839329e-12 2.411245733651474964e-12 4.410401816677687805e-13 -3.184826302512322565e-12 -1.175245339473959903e-11 -1.464828429427201086e-11 -9.723428583471787423e-12 -1.154034341541337256e-11 -1.476540234440937524e-11 -1.836618590339159780e-11 -3.804903091573460053e-12 1.910155780725087944e-11 6.443520347552508229e-11 1.396011901680244385e-10 2.665439752375241036e-10 3.384795260538331225e-10 2.067381326336966914e-10 6.149041240029808682e-11 7.088271089098354018e-11
-1.230251369706877843e-12 -1.265019984029023274e-11 3.763013396419676735e-13 2.837504726635060792e-13 -4.832752971428968078e-12 -1.480849565761687706e-12 5.526731111256791619e-12 2.188272404143415085e-13 3.399193764474423506e-12 1.482348773907762870e-12 -1.553094001859537546e-13 -3.447279553364837013e-12 -1.895080798388648225e-12 3.875851808454954857e-12 4.056769312891236131e-12 5.474800037153206021e-13 -9.113106131745729299e-12 -6.183232837280186971e-12 -1.836505667380734914e-12 9.793406174462491518e-13 5.025776407335378662e-12 6.531697410416764133e-11 2.067381326336966914e-10 3.246102539547775532e-10 2.084642244811754395e-10 8.664831410610178697e-11
-3.648380798490735471e-13 -1.035029420895985754e-11 6.351836585375569333e-12 6.249455154600948948e-12 4.899475900249346585e-12 5.848581191192505966e-12 6.356885709900304960e-12 6.631965143482338698e-12 8.440748112692785263e-12 7.292777205001072945e-12 4.523547592069974840e-12 8.440542387055646153e-12 1.034531338930431316e-11 1.376768088067230003e-11 1.470841165973634159e-11 1.175923034952361341e-11 8.913494929869326544e-12 1.650375580104817147e-11 1.920583931400014140e-11 2.277407885191763728e-11 2.139456905584256977e-11 1.297186061491313704e-11 6.149041240029808682e-11 2.084642244811754395e-10 3.173627563114400062e-10 1.711630848745754541e-10
5.386854054138836291e-12 -3.216204442234575137e-12 -5.209550923174153975e-13 3.558118060418363518e-12 4.745380305208970274e-13 3.211735599509743308e-12 2.101821273501610337e-12 2.159938724463975507e-12 6.023606218111146821e-12 6.743960290235977866e-12 2.984132157130548263e-12 6.353288186923077516e-12 7.439279803973790272e-12 8.961439710943566849e-12 1.248386847881601815e-11 1.206451507528256736e-11 1.420111459145288701e-11 1.607082828427880472e-11 1.555866138491311285e-11 2.037537001600489578e-11 3.341772112203468165e-11 4.822696057203677272e-11 7.088271089098354018e-11 8.664831410610178697e-11 1.711630848745754541e-10 2.590891111497997636e-10
