5.749357801230028953e-11 1.091695895742663127e-11 4.946102883874094325e-12 1.112131594343587452e-12 -8.289844017023136518e-13 2.746202039504436456e-12 2.114482933374594793e-12 2.058423301461930574e-12 4.212595074676736794e-12 3.540925720889114601e-12 1.586293635307679540e-12 1.227834797320345956e-12 -1.926152322992779657e-13 -3.669577361583740651e-12 -3.118588236472674531e-12 -6.129021269694569169e-13 2.409194293256437738e-12 8.569315561729466260e-12 1.151092951280147404e-11 8.737815160333124913e-12 7.112908803700444114e-12 5.623931315559152001e-12 1.232440576456412498e-12 5.361028443036657633e-12 7.498940027477832013e-12 5.133725902602625684e-13
1.091695895742663127e-11 3.576416810810389490e-11 9.337480658681956730e-12 7.064784515229050486e-12 4.035904411726932995e-12 4.035729919134952776e-12 4.001152248187309072e-12 3.638270658145232121e-12 4.886971253982165448e-12 2.581399434234479930e-12 7.026395928393696577e-13 1.245391178120455536e-12 1.602000993487218298e-12 2.309279652167900466e-12 2.041805552621088193e-12 3.176641218837802091e-12 6.572544423009228208e-12 7.445365486796577835e-12 7.431143637832783746e-12 6.297314111251371172e-12 4.894953473866837126e-12 9.499125477314008227e-13 -6.685403636644908350e-12 -1.538858803775928643e-11 -8.829320505635809787e-12 -1.665786382769312928e-12
4.946102883874094325e-12 9.337480658681956730e-12 3.359039947757740677e-11 1.019598735899946631e-11 7.107829153302308499e-12 5.092441590770271240e-12 4.872319473326610070e-12 3.330099553250448889e-12 2.980905682920210740e-12 2.373759530479232567e-12 1.675999528143141789e-12 1.390415391810728785e-12 2.023762237359584406e-12 1.897701327885290633e-12 3.242498287277973281e-13 1.686845685198413729e-12 1.347338489585058507e-12 1.054647516999306298e-12 -5.631032831199840167e-13 -4.569749420174750002e-13 -1.632856842076091349e-12 -1.707176595970558130e-12 5.162451305511804540e-12 5.278896988401981016e-12 -1.218511328324570232e-13 -4.611775807809931538e-12
1.112131594343587452e-12 7.064784515229050486e-12 1.019598735899946631e-11 2.292753803375566956e-11 1.017593565455268119e-11 5.933006451108671175e-12 3.203659886287283791e-12 3.448208881428648663e-12 4.216490947469586331e-12 3.017630655736229672e-12 1.692805662432757096e-12 1.164177728146515172e-12 1.925661853737839310e-12 1.701146464085219401e-12 8.277269008503510359e-13 1.817899688815985365e-12 1.771006810232660703e-12 2.871658624648758753e-12 4.601704656574783635e-12 7.375575810207437800e-12 5.215950995549825229e-12 2.785644030777665267e-12 3.124251562244458377e-12 6.832762156441520878e-12 3.648510332415964549e-12 -2.272836855215429132e-12
-8.289844017023136518e-13 4.035904411726932995e-12 7.107829153302308499e-12 1.017593565455268119e-11 2.449542604083865534e-11 1.029340401161029539e-11 7.062111535709635181e-12 5.324731233581158721e-12 4.260734689004574933e-12 3.252569428451859648e-12 2.349735761458662831e-12 8.601315226700578546e-13 -1.784822363937666941e-14 -8.090839197974122627e-13 -1.213004007949965283e-12 -8.634748067325107515e-13 1.702683271521310254e-13 -1.629568674575968896e-12 -1.912587646553284082e-12 -1.573933687474847577e-12 -3.072451984026060577e-12 -5.987155861180365953e-12 -9.965196189866067957e-12 -6.110564859879588498e-12 -3.986952923334449383e-13 -5.310436403183641756e-12
2.746202039504436456e-12 4.035729919134952776e-12 5.092441590770271240e-12 5.933006451108671175e-12 1.029340401161029539e-11 1.686720432604939809e-11 9.836310391925096330e-12 6.111100562832337990e-12 2.837207870360446705e-12 1.398710338282821838e-12 6.948469953083910015e-13 6.769858792992977576e-13 1.678783964338607131e-12 2.350782639363208289e-12 2.927503076264883914e-12 3.855543311938419329e-12 4.174790324931896148e-12 4.898341876027196539e-12 4.828943275937753105e-12 5.263757617540856035e-12 4.244050277187897600e-12 -1.656380834009774802e-13 -1.591069370712793615e-12 -1.134058419866418988e-12 -3.748748247680715976e-12 -6.919011101557412111e-12
2.114482933374594793e-12 4.001152248187309072e-12 4.872319473326610070e-12 3.203659886287283791e-12 7.062111535709635181e-12 9.836310391925096330e-12 1.943721393257193981e-11 1.159173445743483189e-11 6.734340299002101437e-12 5.742359547312477591e-12 4.200959141431350962e-12 3.771589966702357883e-12 4.348897370224512524e-12 3.948840468056710800e-12 4.598729646034219004e-12 4.664948087207440127e-12 4.003732610531705799e-12 5.607652724874042566e-12 6.187185662173645274e-12 7.019949721770236578e-12 7.555536364417337466e-12 1.818863402191254081e-12 5.469738141362492013e-13 -1.337305747400772186e-12 -4.702968525903389533e-12 -8.343108941350195134e-12
2.058423301461930574e-12 3.638270658145232121e-12 3.330099553250448889e-12 3.448208881428648663e-12 5.324731233581158721e-12 6.111100562832337990e-12 1.159173445743483189e-11 1.909497417875460689e-11 1.219495633367698030e-11 8.392349800977432403e-12 6.515809524867418467e-12 5.561567439040319590e-12 6.271186189050591942e-12 6.005840751445607387e-12 6.730215390080053208e-12 6.961077399818527736e-12 6.520454510792065026e-12 8.416855728115524179e-12 1.094308500900353171e-11 1.146315333446101274e-11 1.161807077333419682e-11 8.325842380583692239e-12 4.838734277987663247e-12 7.910496003903897865e-13 2.279112036712754615e-12 -1.501144337435507461e-12
4.212595074676736794e-12 4.886971253982165448e-12 2.980905682920210740e-12 4.216490947469586331e-12 4.260734689004574933e-12 2.837207870360446705e-12 6.734340299002101437e-12 1.219495633367698030e-11 1.943513637010239350e-11 1.415843625659525467e-11 1.081449371433673680e-11 7.742806094679609816e-12 5.974724870986115971e-12 5.643344947822037984e-12 6.897186096221321214e-12 8.536362431244266866e-12 9.736036637176520945e-12 1.021166454906662274e-11 1.225762078347719942e-11 1.372966936399593517e-11 1.315203291438280496e-11 9.544658486575497812e-12 4.371225552743436591e-12 -2.901478680143964321e-12 -4.324329124738791077e-13 -4.333910189649185843e-12
3.540925720889114601e-12 2.581399434234479930e-12 2.373759530479232567e-12 3.017630655736229672e-12 3.252569428451859648e-12 1.398710338282821838e-12 5.742359547312477591e-12 8.392349800977432403e-12 1.415843625659525467e-11 1.997651856534775158e-11 1.682579733884103682e-11 1.295251392588685147e-11 9.908791905318146223e-12 8.717486425963011709e-12 8.581541505903419064e-12 9.202605818669016991e-12 1.024641202863333199e-11 1.088781566347726004e-11 1.089323721055940656e-11 9.826970214694726857e-12 5.987292052702580006e-12 -2.349903834209573779e-12 -2.173636176314528761e-12 -1.773037750343825820e-12 -1.196738521807895844e-12 -5.502016782498139183e-12
1.586293635307679540e-12 7.026395928393696577e-13 1.675999528143141789e-12 1.692805662432757096e-12 2.349735761458662831e-12 6.948469953083910015e-13 4.200959141431350962e-12 6.515809524867418467e-12 1.081449371433673680e-11 1.682579733884103682e-11 2.305390811216032844e-11 1.980277674206773607e-11 1.532375019535123377e-11 1.313824360174826725e-11 1.232365251719803907e-11 1.367020543695618929e-11 1.504840073099396639e-11 1.500361492123397121e-11 1.468370441718677167e-11 1.347827871527784967e-11 8.491999788165445036e-12 -2.869771693406034802e-12 -5.142068562930809333e-12 -4.318535475808324799e-12 -1.071700226742413042e-12 -8.540165649804149504e-12
1.227834797320345956e-12 1.245391178120455536e-12 1.390415391810728785e-12 1.164177728146515172e-12 8.601315226700578546e-13 6.769858792992977576e-13 3.771589966702357883e-12 5.561567439040319590e-12 7.742806094679609816e-12 1.295251392588685147e-11 1.980277674206773607e-11 2.805762627588943094e-11 2.370327576661912673e-11 1.999704226029127295e-11 1.798041638789740432e-11 1.883143101121337997e-11 2.025701779311505627e-11 2.323192288544749740e-11 2.449900069542851618e-11 2.465748983615112781e-11 1.812158046136931709e-11 5.554145492041306318e-13 -3.635505207702291245e-12 1.745961680524811530e-12 7.886593209507551813e-12 9.278918367564353596e-13
-1.926152322992779657e-13 1.602000993487218298e-12 2.023762237359584406e-12 1.925661853737839310e-12 -1.784822363937666941e-14 1.678783964338607131e-12 4.348897370224512524e-12 6.271186189050591942e-12 5.974724870986115971e-12 9.908791905318146223e-12 1.532375019535123377e-11 2.370327576661912673e-11 3.125824665619370679e-11 3.019321032774848099e-11 2.756589298365113618e-11 2.752236871905662537e-11 2.719767852846089182e-11 2.927264321791044439e-11 3.059246656697638768e-11 2.993747581439941044e-11 2.084199337682651542e-11 1.605756368901719323e-12 -2.716062407909794057e-13 5.169982237716920672e-12 5.785244184554218481e-12 -4.352697829372571006e-12
-3.669577361583740651e-12 2.309279652167900466e-12 1.897701327885290633e-12 1.701146464085219401e-12 -8.090839197974122627e-13 2.350782639363208289e-12 3.948840468056710800e-12 6.005840751445607387e-12 5.643344947822037984e-12 8.717486425963011709e-12 1.313824360174826725e-11 1.999704226029127295e-11 3.019321032774848099e-11 3.991792693070020578e-11 3.992317766166598686e-11 3.959455687995860878e-11 3.761651442518059211e-11 3.880799513675141715e-11 4.070640294573837880e-11 4.012181437485328284e-11 3.003441977528711714e-11 6.634716942201335210e-12 8.810619999979700424e-13 5.210547460124504086e-12 1.430713485168225577e-12 -8.367678821407053236e-12
-3.118588236472674531e-12 2.041805552621088193e-12 3.242498287277973281e-13 8.277269008503510359e-13 -1.213004007949965283e-12 2.927503076264883914e-12 4.598729646034219004e-12 6.730215390080053208e-12 6.897186096221321214e-12 8.581541505903419064e-12 1.232365251719803907e-11 1.798041638789740432e-11 2.756589298365113618e-11 3.992317766166598686e-11 5.086634788671819642e-11 5.280819195796646146e-11 5.062822463098330996e-11 5.189454165587371670e-11 5.538624918709683723e-11 5.570282136978097816e-11 4.501625533983839800e-11 1.445884293262414096e-11 -4.256856919842823261e-13 -2.650864301200051998e-12 -4.111730340083016141e-12 -5.923234858437991444e-12
-6.129021269694569169e-13 3.176641218837802091e-12 1.686845685198413729e-12 1.817899688815985365e-12 -8.634748067325107515e-13 3.855543311938419329e-12 4.664948087207440127e-12 6.961077399818527736e-12 8.536362431244266866e-12 9.202605818669016991e-12 1.367020543695618929e-11 1.883143101121337997e-11 2.752236871905662537e-11 3.959455687995860878e-11 5.280819195796646146e-11 6.990003315580260776e-11 7.280965062626668454e-11 7.485491669511090052e-11 7.874359484612419686e-11 8.007644945985238049e-11 6.549696400277964869e-11 2.292004871966120016e-11 -3.736441386382734431e-12 -1.008686385348059335e-11 -1.118168330622061586e-11 -1.014022925322319637e-11
2.409194293256437738e-12 6.572544423009228208e-12 1.347338489585058507e-12 1.771006810232660703e-12 1.702683271521310254e-13 4.174790324931896148e-12 4.003732610531705799e-12 6.520454510792065026e-12 9.736036637176520945e-12 1.024641202863333199e-11 1.504840073099396639e-11 2.025701779311505627e-11 2.719767852846089182e-11 3.761651442518059211e-11 5.062822463098330996e-11 7.280965062626668454e-11 9.642123898400607456e-11 1.069840957627608144e-10 1.120612621750590153e-10 1.138268580547453122e-10 9.256821532068700887e-11 3.479431266127797769e-11 -6.659129302281237427e-12 -1.264194426325769925e-11 -9.184533350227258743e-12 -5.132801797678801479e-12
8.569315561729466260e-12 7.445365486796577835e-12 1.054647516999306298e-12 2.871658624648758753e-12 -1.629568674575968896e-12 4.898341876027196539e-12 5.607652724874042566e-12 8.416855728115524179e-12 1.021166454906662274e-11 1.088781566347726004e-11 1.500361492123397121e-11 2.323192288544749740e-11 2.927264321791044439e-11 3.880799513675141715e-11 5.189454165587371670e-11 7.485491669511090052e-11 1.069840957627608144e-10 1.390555187604812852e-10 1.528526152603561429e-10 1.566758164279921513e-10 1.300642287271511594e-10 5.892153645086229878e-11 -4.736015288458132385e-12 -1.014539864514208458e-11 -4.022967148688739947e-12 2.207768930758313405e-12
1.151092951280147404e-11 7.431143637832783746e-12 -5.631032831199840167e-13 4.601704656574783635e-12 -1.912587646553284082e-12 4.828943275937753105e-12 6.187185662173645274e-12 1.094308500900353171e-11 1.225762078347719942e-11 1.089323721055940656e-11 1.468370441718677167e-11 2.449900069542851618e-11 3.059246656697638768e-11 4.070640294573837880e-11 5.538624918709683723e-11 7.874359484612419686e-11 1.120612621750590153e-10 1.528526152603561429e-10 1.952799887648762471e-10 2.147578389757619180e-10 1.905545365073486035e-10 1.107472491967616596e-10 1.671724661282782822e-11 -3.281730543806480223e-12 7.949883482356563529e-12 1.300039007883081574e-11
8.737815160333124913e-12 6.297314111251371172e-12 -4.569749420174750002e-13 7.375575810207437800e-12 -1.573933687474847577e-12 5.263757617540856035e-12 7.019949721770236578e-12 1.146315333446101274e-11 1.372966936399593517e-11 9.826970214694726857e-12 1.347827871527784967e-11 2.465748983615112781e-11 2.993747581439941044e-11 4.012181437485328284e-11 5.570282136978097816e-11 8.007644945985238049e-11 1.138268580547453122e-10 1.566758164279921513e-10 2.147578389757619180e-10 2.699569571976879838e-10 2.653951761523003811e-10 1.860729159724870552e-10 6.473743484268954407e-11 1.203405074649203368e-11 1.729427390334245370e-11 1.652724911723708866e-11
7.112908803700444114e-12 4.894953473866837126e-12 -1.632856842076091349e-12 5.215950995549825229e-12 -3.072451984026060577e-12 4.244050277187897600e-12 7.555536364417337466e-12 1.161807077333419682e-11 1.315203291438280496e-11 5.987292052702580006e-12 8.491999788165445036e-12 1.812158046136931709e-11 2.084199337682651542e-11 3.003441977528711714e-11 4.501625533983839800e-11 6.549696400277964869e-11 9.256821532068700887e-11 1.300642287271511594e-10 1.905545365073486035e-10 2.653951761523003811e-10 3.155796428086925031e-10 2.639672227308973899e-10 1.340879770505901217e-10 3.166738044786432040e-11 2.712732960205597100e-11 2.694691212158870872e-11
5.623931315559152001e-12 9.499125477314008227e-13 -1.707176595970558130e-12 2.785644030777665267e-12 -5.987155861180365953e-12 -1.656380834009774802e-13 1.818863402191254081e-12 8.325842380583692239e-12 9.544658486575497812e-12 -2.349903834209573779e-12 -2.869771693406034802e-12 5.554145492041306318e-13 1.605756368901719323e-12 6.634716942201335210e-12 1.445884293262414096e-11 2.292004871966120016e-11 3.479431266127797769e-11 5.892153645086229878e-11 1.107472491967616596e-10 1.860729159724870552e-10 2.639672227308973899e-10 3.035528365114766468e-10 2.262095257380850054e-10 8.434494442485504629e-11 3.337645173520245679e-11 3.230727191954345525e-11
1.232440576456412498e-12 -6.685403636644908350e-12 5.162451305511804540e-12 3.124251562244458377e-12 -9.965196189866067957e-12 -1.591069370712793615e-12 5.469738141362492013e-13 4.838734277987663247e-12 4.371225552743436591e-12 -2.173636176314528761e-12 -5.142068562930809333e-12 -3.635505207702291245e-12 -2.716062407909794057e-13 8.810619999979700424e-13 -4.256856919842823261e-13 -3.736441386382734431e-12 -6.659129302281237427e-12 -4.736015288458132385e-12 1.671724661282782822e-11 6.473743484268954407e-11 1.340879770505901217e-10 2.262095257380850054e-10 2.837320625882989426e-10 1.818122521832117408e-10 5.935262493726961163e-11 2.148496531272433195e-11
5.361028443036657633e-12 -1.538858803775928643e-11 5.278896988401981016e-12 6.832762156441520878e-12 -6.110564859879588498e-12 -1.134058419866418988e-12 -1.337305747400772186e-12 7.910496003903897865e-13 -2.901478680143964321e-12 -1.773037750343825820e-12 -4.318535475808324799e-12 1.745961680524811530e-12 5.169982237716920672e-12 5.210547460124504086e-12 -2.650864301200051998e-12 -1.008686385348059335e-11 -1.264194426325769925e-11 -1.014539864514208458e-11 -3.281730543806480223e-12 1.203405074649203368e-11 3.166738044786432040e-11 8.434494442485504629e-11 1.818122521832117408e-10 2.515995815550740954e-10 1.629404074197374383e-10 3.772364544577306437e-11
7.498940027477832013e-12 -8.829320505635809787e-12 -1.218511328324570232e-13 3.648510332415964549e-12 -3.986952923334449383e-13 -3.748748247680715976e-12 -4.702968525903389533e-12 2.279112036712754615e-12 -4.324329124738791077e-13 -1.196738521807895844e-12 -1.071700226742413042e-12 7.886593209507551813e-12 5.785244184554218481e-12 1.430713485168225577e-12 -4.111730340083016141e-12 -1.118168330622061586e-11 -9.184533350227258743e-12 -4.022967148688739947e-12 7.949883482356563529e-12 1.729427390334245370e-11 2.712732960205597100e-11 3.337645173520245679e-11 5.935262493726961163e-11 1.629404074197374383e-10 2.564983061836665474e-10 1.331007438040065341e-10
5.133725902602625684e-13 -1.665786382769312928e-12 -4.611775807809931538e-12 -2.272836855215429132e-12 -5.310436403183641756e-12 -6.919011101557412111e-12 -8.343108941350195134e-12 -1.501144337435507461e-12 -4.333910189649185843e-12 -5.502016782498139183e-12 -8.540165649804149504e-12 9.278918367564353596e-13 -4.352697829372571006e-12 -8.367678821407053236e-12 -5.923234858437991444e-12 -1.014022925322319637e-11 -5.132801797678801479e-12 2.207768930758313405e-12 1.300039007883081574e-11 1.652724911723708866e-11 2.694691212158870872e-11 3.230727191954345525e-11 2.148496531272433195e-11 3.772364544577306437e-11 1.331007438040065341e-10 2.372313471747428350e-10
