8.703617774765957923e-11 1.880770070626715484e-11 1.011760980433428871e-11 -5.272586854820734750e-13 -3.817880740972553796e-12 -4.602541974013087322e-12 1.217754308216314943e-12 7.091229673216544761e-13 4.571651559449578334e-12 2.429620237438239776e-12 -1.856249333748561603e-13 -1.727831306863142446e-12 4.386348386228592362e-12 7.027808660743650955e-12 3.534679379200732619e-12 2.008358457380362759e-12 6.371377713971074229e-12 1.082367063764085580e-11 1.744275964270330904e-11 1.828134415051955596e-11 1.495787337650499079e-11 6.835739318701655496e-12 -3.907278670286925536e-12 -6.545951346155783079e-12 -7.674434332254790105e-12 -2.113470069618030773e-11
1.880770070626715484e-11 6.052466379639866128e-11 1.969747565069795516e-11 8.928407182013726518e-12 7.477513839971973832e-12 4.249890374000357474e-12 5.362414088587953647e-12 3.091580093500456304e-12 3.860779211773007988e-12 1.420331816007190568e-12 1.141665542550781754e-12 9.925392132868158540e-13 3.097545401170776044e-12 3.650676011241886229e-12 8.053927754829327306e-12 1.256972204360104009e-11 2.114561851847908247e-11 2.983307356563083203e-11 3.123384353408626857e-11 3.401316058637541400e-11 2.985121828841874878e-11 1.641133100840307003e-11 5.891369473576809773e-12 -3.659013137536944005e-12 -7.451145922673106285e-13 -4.153240242697935839e-12
1.011760980433428871e-11 1.969747565069795516e-11 4.094254957485570103e-11 1.098798404059634111e-11 6.942585383441315508e-12 5.290596942291910142e-12 6.539270217724450924e-12 3.565000682589634396e-12 2.498882777591394429e-12 2.388398598872646530e-13 1.770817579182804299e-12 3.610854544823314712e-13 1.143428139385111386e-15 1.647533152090372397e-12 2.657993679091519014e-12 4.674033214221930596e-12 6.374099738676198245e-12 4.925224768514365825e-12 4.547667471745183134e-12 5.568205980914510874e-12 2.310542999096292744e-12 2.343745368738545424e-12 9.593927211040547348e-12 9.018876235073350447e-12 1.068928119333912666e-12 3.908077528807121619e-12
-5.272586854820734750e-13 8.928407182013726518e-12 1.098798404059634111e-11 3.463420653845186166e-11 1.452648548518082755e-11 5.904490865101212526e-12 2.878048178987479473e-12 1.136257957799726996e-13 -9.218202643665178597e-13 -2.735780465898633656e-12 -2.092089451647175003e-12 -2.750312440700304047e-12 -1.338455511203286517e-12 -1.250124619825199460e-12 -3.278859713169390722e-13 4.354084681806653110e-13 1.897460207180840109e-12 2.924386113882984188e-12 1.054965619653240428e-12 8.725518061849785607e-13 5.300833587215586177e-12 7.300019880823830693e-12 1.350626244715316548e-11 1.501584262200075969e-11 1.108156802847104703e-11 9.665050914514675547e-12
-3.817880740972553796e-12 7.477513839971973832e-12 6.942585383441315508e-12 1.452648548518082755e-11 3.272471896723946797e-11 1.377956652238787917e-11 1.018631042747890145e-11 6.289311752302546281e-12 4.962001271086248236e-12 2.635948914684138166e-12 3.315741640973796582e-12 2.328650689204381591e-12 3.227314809425447877e-12 4.621302959913549004e-12 6.553604184859927320e-12 1.162030040753143091e-11 1.786949849190691990e-11 1.872195351576243489e-11 1.845825325064992313e-11 1.630714041328315077e-11 1.388234358899934326e-11 2.525242707233546727e-13 2.190482261038664711e-14 1.059739115987541106e-11 1.599756087128357893e-11 5.062069198496156970e-12
-4.602541974013087322e-12 4.249890374000357474e-12 5.290596942291910142e-12 5.904490865101212526e-12 1.377956652238787917e-11 2.575896299476099267e-11 1.357748671950695918e-11 9.555238981241576332e-12 8.184547490068636182e-12 5.008760229184929553e-12 3.795133828221809913e-12 3.282223943749442802e-12 4.653321073414009637e-12 5.102157895121960570e-12 7.479010297812406393e-12 9.780737126221507204e-12 1.361368060589488219e-11 1.285098276238079331e-11 1.076029128168286276e-11 1.029345675384982720e-11 3.222020984215949385e-12 -9.742530061635221165e-12 -9.989079998017906911e-12 -3.290869082452714316e-12 -3.772136993290756232e-12 -3.117649567292473533e-12
1.217754308216314943e-12 5.362414088587953647e-12 6.539270217724450924e-12 2.878048178987479473e-12 1.018631042747890145e-11 1.357748671950695918e-11 2.687177927240855665e-11 1.685650953194721952e-11 1.107230424731068156e-11 8.774669393109410880e-12 9.508676398530114362e-12 6.466551502844537816e-12 5.378308948267992578e-12 8.437992846472115183e-12 9.180292457048672626e-12 1.370674328723269111e-11 1.905503585637374528e-11 2.008937213003840605e-11 2.243236625229507837e-11 2.312452043296866497e-11 1.600024159630064494e-11 -4.949241666814956336e-12 -1.665499500295413658e-11 -7.310633940491706866e-12 3.041695293166396374e-12 -4.293731786276196728e-12
7.091229673216544761e-13 3.091580093500456304e-12 3.565000682589634396e-12 1.136257957799726996e-13 6.289311752302546281e-12 9.555238981241576332e-12 1.685650953194721952e-11 2.609183767886813797e-11 1.804261421464814403e-11 1.447565934846016589e-11 1.183647233136873463e-11 8.115677644740298833e-12 8.176181881972537902e-12 8.908102130085072210e-12 8.671765554415787954e-12 1.050811918849894478e-11 1.577729556795156785e-11 2.089578841406715835e-11 2.447663541572993024e-11 2.919974241420199955e-11 2.822386383927113127e-11 1.586182348146496977e-11 7.657243691308759495e-12 2.424338900620915290e-12 2.022339187882926038e-12 -6.099361293241506180e-12
4.571651559449578334e-12 3.860779211773007988e-12 2.498882777591394429e-12 -9.218202643665178597e-13 4.962001271086248236e-12 8.184547490068636182e-12 1.107230424731068156e-11 1.804261421464814403e-11 2.559226064994123162e-11 2.175131290551009340e-11 1.647378963807191423e-11 1.304416486344642307e-11 1.300160787652434883e-11 1.294705792476742652e-11 1.235557253844806882e-11 1.561926925058195379e-11 2.072457234749687569e-11 2.560589713632123182e-11 2.841088912865947028e-11 3.139280419840909670e-11 2.710416763578009548e-11 1.211123827668481889e-11 3.211890586032873909e-12 -1.441036376141638103e-12 -1.605280508504580261e-13 1.249474610184989414e-12
2.429620237438239776e-12 1.420331816007190568e-12 2.388398598872646530e-13 -2.735780465898633656e-12 2.635948914684138166e-12 5.008760229184929553e-12 8.774669393109410880e-12 1.447565934846016589e-11 2.175131290551009340e-11 3.270137163032109795e-11 2.688726376512708729e-11 2.176712811260452252e-11 1.896727557023657564e-11 2.004599999876333833e-11 2.096579195462771241e-11 2.415694550655283899e-11 3.005167185759095528e-11 3.622597010064760228e-11 3.947126121167724233e-11 4.137501486759958564e-11 3.521136295946029706e-11 1.725239069455344759e-11 9.900097601523396098e-12 3.645649916191118869e-12 -1.238018172268449049e-12 -3.394331002043936544e-12
-1.856249333748561603e-13 1.141665542550781754e-12 1.770817579182804299e-12 -2.092089451647175003e-12 3.315741640973796582e-12 3.795133828221809913e-12 9.508676398530114362e-12 1.183647233136873463e-11 1.647378963807191423e-11 2.688726376512708729e-11 3.631119628259761685e-11 3.260752880731184951e-11 2.760716691938214555e-11 2.779030850564174548e-11 3.006458321058185030e-11 3.248208638677861946e-11 3.549869710452862739e-11 4.043850410757128487e-11 4.369777195102949395e-11 4.182838726656179455e-11 3.123520349163882649e-11 7.175841747383898381e-12 3.658038205633474815e-14 -7.417482650425164453e-14 1.243677248889070220e-12 -2.565641126688031883e-12
-1.727831306863142446e-12 9.925392132868158540e-13 3.610854544823314712e-13 -2.750312440700304047e-12 2.328650689204381591e-12 3.282223943749442802e-12 6.466551502844537816e-12 8.115677644740298833e-12 1.304416486344642307e-11 2.176712811260452252e-11 3.260752880731184951e-11 4.477350021210940266e-11 3.916468906642880970e-11 3.794909878112166930e-11 3.972957076162455084e-11 4.099284477963436054e-11 4.418636989770430199e-11 4.827536429642924512e-11 5.024169274756770341e-11 4.411722202464660653e-11 2.969231939510241637e-11 1.809276391189951411e-12 -2.955409724621919156e-12 -7.867376894037379196e-13 3.209103318084146895e-12 -1.740232966441927433e-12
4.386348386228592362e-12 3.097545401170776044e-12 1.143428139385111386e-15 -1.338455511203286517e-12 3.227314809425447877e-12 4.653321073414009637e-12 5.378308948267992578e-12 8.176181881972537902e-12 1.300160787652434883e-11 1.896727557023657564e-11 2.760716691938214555e-11 3.916468906642880970e-11 4.917063616526840064e-11 5.056549906280364842e-11 5.070889077301942151e-11 4.973685066747564814e-11 5.327578515233875700e-11 5.488587978837607379e-11 5.566273716056656341e-11 4.907752659182592443e-11 3.363136975517601338e-11 1.827559807147325396e-12 -2.398907915048384666e-12 -1.646546474558377512e-12 2.017043918128347160e-13 -5.004795339340224806e-12
7.027808660743650955e-12 3.650676011241886229e-12 1.647533152090372397e-12 -1.250124619825199460e-12 4.621302959913549004e-12 5.102157895121960570e-12 8.437992846472115183e-12 8.908102130085072210e-12 1.294705792476742652e-11 2.004599999876333833e-11 2.779030850564174548e-11 3.794909878112166930e-11 5.056549906280364842e-11 7.038049645699991336e-11 7.327348544369118720e-11 7.301108682094402795e-11 8.125558979162649529e-11 8.337302792480326777e-11 8.431035119295588500e-11 7.571220086337804226e-11 5.517462249383897588e-11 9.266227423093847820e-12 -9.167871004721134521e-13 8.374756298671221624e-12 7.892923781878593266e-12 -6.853391951723065741e-12
3.534679379200732619e-12 8.053927754829327306e-12 2.657993679091519014e-12 -3.278859713169390722e-13 6.553604184859927320e-12 7.479010297812406393e-12 9.180292457048672626e-12 8.671765554415787954e-12 1.235557253844806882e-11 2.096579195462771241e-11 3.006458321058185030e-11 3.972957076162455084e-11 5.070889077301942151e-11 7.327348544369118720e-11 9.459304293770453563e-11 9.935679100906901006e-11 1.086673643483143966e-10 1.109681568482066916e-10 1.136302723970292729e-10 1.059388169740912236e-10 8.315920834664649720e-11 2.700831379625738722e-11 9.517856719453278329e-12 1.783159776957184089e-11 1.100897073411623526e-11 -1.720119201590269518e-11
2.008358457380362759e-12 1.256972204360104009e-11 4.674033214221930596e-12 4.354084681806653110e-13 1.162030040753143091e-11 9.780737126221507204e-12 1.370674328723269111e-11 1.050811918849894478e-11 1.561926925058195379e-11 2.415694550655283899e-11 3.248208638677861946e-11 4.099284477963436054e-11 4.973685066747564814e-11 7.301108682094402795e-11 9.935679100906901006e-11 1.268031647667747484e-10 1.467671664454848719e-10 1.539567729920572525e-10 1.606030127362770048e-10 1.560228472069339289e-10 1.286991546345931605e-10 5.197728578355811294e-11 1.511118248849768610e-11 2.760104866055578088e-11 1.858717315200921086e-11 -1.976023076732295264e-11
6.371377713971074229e-12 2.114561851847908247e-11 6.374099738676198245e-12 1.897460207180840109e-12 1.786949849190691990e-11 1.361368060589488219e-11 1.905503585637374528e-11 1.577729556795156785e-11 2.072457234749687569e-11 3.005167185759095528e-11 3.549869710452862739e-11 4.418636989770430199e-11 5.327578515233875700e-11 8.125558979162649529e-11 1.086673643483143966e-10 1.467671664454848719e-10 1.967468193205299264e-10 2.184849217673814983e-10 2.285788224636261052e-10 2.244551503706515655e-10 1.883128414237570012e-10 8.093676393801175701e-11 2.264939069548157870e-11 4.313082404666003179e-11 2.663874697788894690e-11 -3.411781101071676842e-11
1.082367063764085580e-11 2.983307356563083203e-11 4.925224768514365825e-12 2.924386113882984188e-12 1.872195351576243489e-11 1.285098276238079331e-11 2.008937213003840605e-11 2.089578841406715835e-11 2.560589713632123182e-11 3.622597010064760228e-11 4.043850410757128487e-11 4.827536429642924512e-11 5.488587978837607379e-11 8.337302792480326777e-11 1.109681568482066916e-10 1.539567729920572525e-10 2.184849217673814983e-10 2.807608489947236093e-10 3.098449166336897360e-10 3.115725062452432597e-10 2.675008119283323841e-10 1.355665998126121894e-10 4.212273843129026165e-11 6.111101282413983086e-11 2.940300279246294818e-11 -4.236461290636282839e-11
1.744275964270330904e-11 3.123384353408626857e-11 4.547667471745183134e-12 1.054965619653240428e-12 1.845825325064992313e-11 1.076029128168286276e-11 2.243236625229507837e-11 2.447663541572993024e-11 2.841088912865947028e-11 3.947126121167724233e-11 4.369777195102949395e-11 5.024169274756770341e-11 5.566273716056656341e-11 8.431035119295588500e-11 1.136302723970292729e-10 1.606030127362770048e-10 2.285788224636261052e-10 3.098449166336897360e-10 3.844471987592424068e-10 4.074747936035950990e-10 3.571734048057774627e-10 2.032429397660356908e-10 6.130359346146291634e-11 6.719746641416501156e-11 3.098097872418701192e-11 -4.329892631102085592e-11
1.828134415051955596e-11 3.401316058637541400e-11 5.568205980914510874e-12 8.725518061849785607e-13 1.630714041328315077e-11 1.029345675384982720e-11 2.312452043296866497e-11 2.919974241420199955e-11 3.139280419840909670e-11 4.137501486759958564e-11 4.182838726656179455e-11 4.411722202464660653e-11 4.907752659182592443e-11 7.571220086337804226e-11 1.059388169740912236e-10 1.560228472069339289e-10 2.244551503706515655e-10 3.115725062452432597e-10 4.074747936035950990e-10 4.877611889564893295e-10 4.603184757394962090e-10 2.991193846501030635e-10 1.182780498598127931e-10 8.330659943101866806e-11 3.764963960770467615e-11 -3.445153287355651971e-11
1.495787337650499079e-11 2.985121828841874878e-11 2.310542999096292744e-12 5.300833587215586177e-12 1.388234358899934326e-11 3.222020984215949385e-12 1.600024159630064494e-11 2.822386383927113127e-11 2.710416763578009548e-11 3.521136295946029706e-11 3.123520349163882649e-11 2.969231939510241637e-11 3.363136975517601338e-11 5.517462249383897588e-11 8.315920834664649720e-11 1.286991546345931605e-10 1.883128414237570012e-10 2.675008119283323841e-10 3.571734048057774627e-10 4.603184757394962090e-10 5.184544207573872961e-10 4.174584299584839702e-10 2.410005976131860900e-10 1.237622506991127757e-10 3.770228533920882694e-11 -3.485379627233010923e-11
6.835739318701655496e-12 1.641133100840307003e-11 2.343745368738545424e-12 7.300019880823830693e-12 2.525242707233546727e-13 -9.742530061635221165e-12 -4.949241666814956336e-12 1.586182348146496977e-11 1.211123827668481889e-11 1.725239069455344759e-11 7.175841747383898381e-12 1.809276391189951411e-12 1.827559807147325396e-12 9.266227423093847820e-12 2.700831379625738722e-11 5.197728578355811294e-11 8.093676393801175701e-11 1.355665998126121894e-10 2.032429397660356908e-10 2.991193846501030635e-10 4.174584299584839702e-10 4.942268328940056285e-10 4.081259135103878893e-10 2.045147425596606158e-10 3.301603715363051622e-11 -2.010592320861046333e-11
-3.907278670286925536e-12 5.891369473576809773e-12 9.593927211040547348e-12 1.350626244715316548e-11 2.190482261038664711e-14 -9.989079998017906911e-12 -1.665499500295413658e-11 7.657243691308759495e-12 3.211890586032873909e-12 9.900097601523396098e-12 3.658038205633474815e-14 -2.955409724621919156e-12 -2.398907915048384666e-12 -9.167871004721134521e-13 9.517856719453278329e-12 1.511118248849768610e-11 2.264939069548157870e-11 4.212273843129026165e-11 6.130359346146291634e-11 1.182780498598127931e-10 2.410005976131860900e-10 4.081259135103878893e-10 5.209382284502379724e-10 3.458931895429527007e-10 7.252705020589728456e-11 5.873991268348710795e-13
-6.545951346155783079e-12 -3.659013137536944005e-12 9.018876235073350447e-12 1.501584262200075969e-11 1.059739115987541106e-11 -3.290869082452714316e-12 -7.310633940491706866e-12 2.424338900620915290e-12 -1.441036376141638103e-12 3.645649916191118869e-12 -7.417482650425164453e-14 -7.867376894037379196e-13 -1.646546474558377512e-12 8.374756298671221624e-12 1.783159776957184089e-11 2.760104866055578088e-11 4.313082404666003179e-11 6.111101282413983086e-11 6.719746641416501156e-11 8.330659943101866806e-11 1.237622506991127757e-10 2.045147425596606158e-10 3.458931895429527007e-10 4.380099689418171979e-10 2.445068633067105798e-10 6.457719422218059025e-11
-7.674434332254790105e-12 -7.451145922673106285e-13 1.068928119333912666e-12 1.108156802847104703e-11 1.599756087128357893e-11 -3.772136993290756232e-12 3.041695293166396374e-12 2.022339187882926038e-12 -1.605280508504580261e-13 -1.238018172268449049e-12 1.243677248889070220e-12 3.209103318084146895e-12 2.017043918128347160e-13 7.892923781878593266e-12 1.100897073411623526e-11 1.858717315200921086e-11 2.663874697788894690e-11 2.940300279246294818e-11 3.098097872418701192e-11 3.764963960770467615e-11 3.770228533920882694e-11 3.301603715363051622e-11 7.252705020589728456e-11 2.445068633067105798e-10 3.809779329619422745e-10 2.115117670939172796e-10
-2.113470069618030773e-11 -4.153240242697935839e-12 3.908077528807121619e-12 9.665050914514675547e-12 5.062069198496156970e-12 -3.117649567292473533e-12 -4.293731786276196728e-12 -6.099361293241506180e-12 1.249474610184989414e-12 -3.394331002043936544e-12 -2.565641126688031883e-12 -1.740232966441927433e-12 -5.004795339340224806e-12 -6.853391951723065741e-12 -1.720119201590269518e-11 -1.976023076732295264e-11 -3.411781101071676842e-11 -4.236461290636282839e-11 -4.329892631102085592e-11 -3.445153287355651971e-11 -3.485379627233010923e-11 -2.010592320861046333e-11 5.873991268348710795e-13 6.457719422218059025e-11 2.115117670939172796e-10 3.938390152578464275e-10
