5.749357801230048340e-11 1.091695895742658926e-11 4.946102883874140369e-12 1.112131594343547668e-12 -8.289844017023795880e-13 2.746202039504340732e-12 2.114482933374626700e-12 2.058423301461824754e-12 4.212595074676666516e-12 3.540925720889165492e-12 1.586293635307623600e-12 1.227834797320320712e-12 -1.926152322991863569e-13 -3.669577361583742267e-12 -3.118588236472605869e-12 -6.129021269693993616e-13 2.409194293256440565e-12 8.569315561729466260e-12 1.151092951280150312e-11 8.737815160333241235e-12 7.112908803700566090e-12 5.623931315559362835e-12 1.232440576456643931e-12 5.361028443036614013e-12 7.498940027477815857e-12 5.133725902603572822e-13
1.091695895742658926e-11 3.576416810810383028e-11 9.337480658681906647e-12 7.064784515229008481e-12 4.035904411726935419e-12 4.035729919135046480e-12 4.001152248187196788e-12 3.638270658145258778e-12 4.886971253982097593e-12 2.581399434234505376e-12 7.026395928392501043e-13 1.245391178120416964e-12 1.602000993487240714e-12 2.309279652167959435e-12 2.041805552621091020e-12 3.176641218837753624e-12 6.572544423009137736e-12 7.445365486796474438e-12 7.431143637832699735e-12 6.297314111251281507e-12 4.894953473866811276e-12 9.499125477312465341e-13 -6.685403636644954395e-12 -1.538858803775916688e-11 -8.829320505635609454e-12 -1.665786382769096237e-12
4.946102883874140369e-12 9.337480658681906647e-12 3.359039947757729691e-11 1.019598735899929506e-11 7.107829153302261647e-12 5.092441590770334248e-12 4.872319473326668231e-12 3.330099553250324892e-12 2.980905682920165099e-12 2.373759530479094838e-12 1.675999528143031121e-12 1.390415391810630840e-12 2.023762237359502011e-12 1.897701327885320117e-12 3.242498287277774867e-13 1.686845685198302456e-12 1.347338489584984795e-12 1.054647516999225519e-12 -5.631032831201227552e-13 -4.569749420176157582e-13 -1.632856842076250282e-12 -1.707176595970831366e-12 5.162451305511639750e-12 5.278896988402003634e-12 -1.218511328324594213e-13 -4.611775807810085826e-12
1.112131594343547668e-12 7.064784515229008481e-12 1.019598735899929506e-11 2.292753803375539168e-11 1.017593565455267958e-11 5.933006451108698640e-12 3.203659886287311660e-12 3.448208881428506895e-12 4.216490947469567752e-12 3.017630655735984911e-12 1.692805662432708225e-12 1.164177728146498410e-12 1.925661853737774282e-12 1.701146464085226065e-12 8.277269008503446745e-13 1.817899688816000915e-12 1.771006810232694024e-12 2.871658624648700592e-12 4.601704656574819986e-12 7.375575810207544428e-12 5.215950995549932666e-12 2.785644030777896296e-12 3.124251562244586816e-12 6.832762156441415865e-12 3.648510332415788450e-12 -2.272836855215358046e-12
-8.289844017023795880e-13 4.035904411726935419e-12 7.107829153302261647e-12 1.017593565455267958e-11 2.449542604083887183e-11 1.029340401161044888e-11 7.062111535709714345e-12 5.324731233581233846e-12 4.260734689004727606e-12 3.252569428451830164e-12 2.349735761458698374e-12 8.601315226699761664e-13 -1.784822363937671674e-14 -8.090839197974843582e-13 -1.213004007950095944e-12 -8.634748067328319504e-13 1.702683271519210243e-13 -1.629568674576155900e-12 -1.912587646553513091e-12 -1.573933687475137575e-12 -3.072451984026382887e-12 -5.987155861180582442e-12 -9.965196189866265059e-12 -6.110564859879451981e-12 -3.986952923330673957e-13 -5.310436403183398610e-12
2.746202039504340732e-12 4.035729919135046480e-12 5.092441590770334248e-12 5.933006451108698640e-12 1.029340401161044888e-11 1.686720432604944333e-11 9.836310391925138336e-12 6.111100562832319410e-12 2.837207870360503251e-12 1.398710338282843043e-12 6.948469953085081316e-13 6.769858792992620127e-13 1.678783964338639241e-12 2.350782639363274528e-12 2.927503076264836255e-12 3.855543311938286851e-12 4.174790324931818600e-12 4.898341876027124646e-12 4.828943275937704637e-12 5.263757617540810799e-12 4.244050277187786124e-12 -1.656380834010960996e-13 -1.591069370713050695e-12 -1.134058419866480380e-12 -3.748748247680525336e-12 -6.919011101557457348e-12
2.114482933374626700e-12 4.001152248187196788e-12 4.872319473326668231e-12 3.203659886287311660e-12 7.062111535709714345e-12 9.836310391925138336e-12 1.943721393257187519e-11 1.159173445743458794e-11 6.734340299002153944e-12 5.742359547312494554e-12 4.200959141431525445e-12 3.771589966702264178e-12 4.348897370224455979e-12 3.948840468056774615e-12 4.598729646034148726e-12 4.664948087207319766e-12 4.003732610531438419e-12 5.607652724873654825e-12 6.187185662173200179e-12 7.019949721769714744e-12 7.555536364416952957e-12 1.818863402190911374e-12 5.469738141361046062e-13 -1.337305747400978173e-12 -4.702968525903676300e-12 -8.343108941350455243e-12
2.058423301461824754e-12 3.638270658145258778e-12 3.330099553250324892e-12 3.448208881428506895e-12 5.324731233581233846e-12 6.111100562832319410e-12 1.159173445743458794e-11 1.909497417875434516e-11 1.219495633367705462e-11 8.392349800977382320e-12 6.515809524867590527e-12 5.561567439040439951e-12 6.271186189050790659e-12 6.005840751445894962e-12 6.730215390080217998e-12 6.961077399818661022e-12 6.520454510792242741e-12 8.416855728115751977e-12 1.094308500900387260e-11 1.146315333446131162e-11 1.161807077333443269e-11 8.325842380583942655e-12 4.838734277987843385e-12 7.910496003905874940e-13 2.279112036713225155e-12 -1.501144337435019352e-12
4.212595074676666516e-12 4.886971253982097593e-12 2.980905682920165099e-12 4.216490947469567752e-12 4.260734689004727606e-12 2.837207870360503251e-12 6.734340299002153944e-12 1.219495633367705462e-11 1.943513637010263907e-11 1.415843625659522397e-11 1.081449371433668025e-11 7.742806094679517728e-12 5.974724870986111124e-12 5.643344947821897428e-12 6.897186096221229933e-12 8.536362431244093998e-12 9.736036637176375542e-12 1.021166454906640302e-11 1.225762078347710410e-11 1.372966936399577038e-11 1.315203291438251577e-11 9.544658486575509121e-12 4.371225552743573916e-12 -2.901478680143954223e-12 -4.324329124740988275e-13 -4.333910189649316705e-12
3.540925720889165492e-12 2.581399434234505376e-12 2.373759530479094838e-12 3.017630655735984911e-12 3.252569428451830164e-12 1.398710338282843043e-12 5.742359547312494554e-12 8.392349800977382320e-12 1.415843625659522397e-11 1.997651856534764172e-11 1.682579733884098512e-11 1.295251392588682885e-11 9.908791905318220540e-12 8.717486425962951932e-12 8.581541505903385136e-12 9.202605818668782731e-12 1.024641202863297171e-11 1.088781566347689007e-11 1.089323721055914968e-11 9.826970214694394046e-12 5.987292052702249618e-12 -2.349903834209449379e-12 -2.173636176314080839e-12 -1.773037750343385573e-12 -1.196738521807652294e-12 -5.502016782497524452e-12
1.586293635307623600e-12 7.026395928392501043e-13 1.675999528143031121e-12 1.692805662432708225e-12 2.349735761458698374e-12 6.948469953085081316e-13 4.200959141431525445e-12 6.515809524867590527e-12 1.081449371433668025e-11 1.682579733884098512e-11 2.305390811216038014e-11 1.980277674206780715e-11 1.532375019535132425e-11 1.313824360174828018e-11 1.232365251719803422e-11 1.367020543695603420e-11 1.504840073099379514e-11 1.500361492123368687e-11 1.468370441718653257e-11 1.347827871527753786e-11 8.491999788165065373e-12 -2.869771693406284814e-12 -5.142068562930952312e-12 -4.318535475808375690e-12 -1.071700226742535423e-12 -8.540165649804377302e-12
1.227834797320320712e-12 1.245391178120416964e-12 1.390415391810630840e-12 1.164177728146498410e-12 8.601315226699761664e-13 6.769858792992620127e-13 3.771589966702264178e-12 5.561567439040439951e-12 7.742806094679517728e-12 1.295251392588682885e-11 1.980277674206780715e-11 2.805762627588955050e-11 2.370327576661917197e-11 1.999704226029137311e-11 1.798041638789752710e-11 1.883143101121339290e-11 2.025701779311509182e-11 2.323192288544749093e-11 2.449900069542885869e-11 2.465748983615149940e-11 1.812158046136958850e-11 5.554145492044224472e-13 -3.635505207701997612e-12 1.745961680525138282e-12 7.886593209507671366e-12 9.278918367562875334e-13
-1.926152322991863569e-13 1.602000993487240714e-12 2.023762237359502011e-12 1.925661853737774282e-12 -1.784822363937671674e-14 1.678783964338639241e-12 4.348897370224455979e-12 6.271186189050790659e-12 5.974724870986111124e-12 9.908791905318220540e-12 1.532375019535132425e-11 2.370327576661917197e-11 3.125824665619383604e-11 3.019321032774864255e-11 2.756589298365122019e-11 2.752236871905666091e-11 2.719767852846095321e-11 2.927264321791035392e-11 3.059246656697652986e-11 2.993747581439942983e-11 2.084199337682647665e-11 1.605756368901589268e-12 -2.716062407910911841e-13 5.169982237716925519e-12 5.785244184554531905e-12 -4.352697829372510422e-12
-3.669577361583742267e-12 2.309279652167959435e-12 1.897701327885320117e-12 1.701146464085226065e-12 -8.090839197974843582e-13 2.350782639363274528e-12 3.948840468056774615e-12 6.005840751445894962e-12 5.643344947821897428e-12 8.717486425962951932e-12 1.313824360174828018e-11 1.999704226029137311e-11 3.019321032774864255e-11 3.991792693070044489e-11 3.992317766166619366e-11 3.959455687995875095e-11 3.761651442518066965e-11 3.880799513675132668e-11 4.070640294573868253e-11 4.012181437485357365e-11 3.003441977528738210e-11 6.634716942201470111e-12 8.810619999980274967e-13 5.210547460124420884e-12 1.430713485168180341e-12 -8.367678821407232566e-12
-3.118588236472605869e-12 2.041805552621091020e-12 3.242498287277774867e-13 8.277269008503446745e-13 -1.213004007950095944e-12 2.927503076264836255e-12 4.598729646034148726e-12 6.730215390080217998e-12 6.897186096221229933e-12 8.581541505903385136e-12 1.232365251719803422e-11 1.798041638789752710e-11 2.756589298365122019e-11 3.992317766166619366e-11 5.086634788671835798e-11 5.280819195796670703e-11 5.062822463098343274e-11 5.189454165587348406e-11 5.538624918709711511e-11 5.570282136978119788e-11 4.501625533983845616e-11 1.445884293262396971e-11 -4.256856919843384173e-13 -2.650864301200099658e-12 -4.111730340083054915e-12 -5.923234858438065761e-12
-6.129021269693993616e-13 3.176641218837753624e-12 1.686845685198302456e-12 1.817899688816000915e-12 -8.634748067328319504e-13 3.855543311938286851e-12 4.664948087207319766e-12 6.961077399818661022e-12 8.536362431244093998e-12 9.202605818668782731e-12 1.367020543695603420e-11 1.883143101121339290e-11 2.752236871905666091e-11 3.959455687995875095e-11 5.280819195796670703e-11 6.990003315580265946e-11 7.280965062626664577e-11 7.485491669511031891e-11 7.874359484612439073e-11 8.007644945985247096e-11 6.549696400277958407e-11 2.292004871966114200e-11 -3.736441386382462204e-12 -1.008686385348052227e-11 -1.118168330622082589e-11 -1.014022925322317860e-11
2.409194293256440565e-12 6.572544423009137736e-12 1.347338489584984795e-12 1.771006810232694024e-12 1.702683271519210243e-13 4.174790324931818600e-12 4.003732610531438419e-12 6.520454510792242741e-12 9.736036637176375542e-12 1.024641202863297171e-11 1.504840073099379514e-11 2.025701779311509182e-11 2.719767852846095321e-11 3.761651442518066965e-11 5.062822463098343274e-11 7.280965062626664577e-11 9.642123898400602286e-11 1.069840957627599872e-10 1.120612621750593255e-10 1.138268580547454932e-10 9.256821532068686670e-11 3.479431266127782259e-11 -6.659129302281264084e-12 -1.264194426325785596e-11 -9.184533350227345985e-12 -5.132801797678676271e-12
8.569315561729466260e-12 7.445365486796474438e-12 1.054647516999225519e-12 2.871658624648700592e-12 -1.629568674576155900e-12 4.898341876027124646e-12 5.607652724873654825e-12 8.416855728115751977e-12 1.021166454906640302e-11 1.088781566347689007e-11 1.500361492123368687e-11 2.323192288544749093e-11 2.927264321791035392e-11 3.880799513675132668e-11 5.189454165587348406e-11 7.485491669511031891e-11 1.069840957627599872e-10 1.390555187604792172e-10 1.528526152603552381e-10 1.566758164279911431e-10 1.300642287271501254e-10 5.892153645086170424e-11 -4.736015288457796343e-12 -1.014539864514192141e-11 -4.022967148688810225e-12 2.207768930758426900e-12
1.151092951280150312e-11 7.431143637832699735e-12 -5.631032831201227552e-13 4.601704656574819986e-12 -1.912587646553513091e-12 4.828943275937704637e-12 6.187185662173200179e-12 1.094308500900387260e-11 1.225762078347710410e-11 1.089323721055914968e-11 1.468370441718653257e-11 2.449900069542885869e-11 3.059246656697652986e-11 4.070640294573868253e-11 5.538624918709711511e-11 7.874359484612439073e-11 1.120612621750593255e-10 1.528526152603552381e-10 1.952799887648774620e-10 2.147578389757629520e-10 1.905545365073492756e-10 1.107472491967620086e-10 1.671724661282832905e-11 -3.281730543806432967e-12 7.949883482356694391e-12 1.300039007883101930e-11
8.737815160333241235e-12 6.297314111251281507e-12 -4.569749420176157582e-13 7.375575810207544428e-12 -1.573933687475137575e-12 5.263757617540810799e-12 7.019949721769714744e-12 1.146315333446131162e-11 1.372966936399577038e-11 9.826970214694394046e-12 1.347827871527753786e-11 2.465748983615149940e-11 2.993747581439942983e-11 4.012181437485357365e-11 5.570282136978119788e-11 8.007644945985247096e-11 1.138268580547454932e-10 1.566758164279911431e-10 2.147578389757629520e-10 2.699569571976889144e-10 2.653951761523001226e-10 1.860729159724867192e-10 6.473743484268997058e-11 1.203405074649176873e-11 1.729427390334235030e-11 1.652724911723715328e-11
7.112908803700566090e-12 4.894953473866811276e-12 -1.632856842076250282e-12 5.215950995549932666e-12 -3.072451984026382887e-12 4.244050277187786124e-12 7.555536364416952957e-12 1.161807077333443269e-11 1.315203291438251577e-11 5.987292052702249618e-12 8.491999788165065373e-12 1.812158046136958850e-11 2.084199337682647665e-11 3.003441977528738210e-11 4.501625533983845616e-11 6.549696400277958407e-11 9.256821532068686670e-11 1.300642287271501254e-10 1.905545365073492756e-10 2.653951761523001226e-10 3.155796428086916759e-10 2.639672227308963043e-10 1.340879770505904578e-10 3.166738044786391973e-11 2.712732960205580298e-11 2.694691212158859886e-11
5.623931315559362835e-12 9.499125477312465341e-13 -1.707176595970831366e-12 2.785644030777896296e-12 -5.987155861180582442e-12 -1.656380834010960996e-13 1.818863402190911374e-12 8.325842380583942655e-12 9.544658486575509121e-12 -2.349903834209449379e-12 -2.869771693406284814e-12 5.554145492044224472e-13 1.605756368901589268e-12 6.634716942201470111e-12 1.445884293262396971e-11 2.292004871966114200e-11 3.479431266127782259e-11 5.892153645086170424e-11 1.107472491967620086e-10 1.860729159724867192e-10 2.639672227308963043e-10 3.035528365114747856e-10 2.262095257380850312e-10 8.434494442485446468e-11 3.337645173520268943e-11 3.230727191954351988e-11
1.232440576456643931e-12 -6.685403636644954395e-12 5.162451305511639750e-12 3.124251562244586816e-12 -9.965196189866265059e-12 -1.591069370713050695e-12 5.469738141361046062e-13 4.838734277987843385e-12 4.371225552743573916e-12 -2.173636176314080839e-12 -5.142068562930952312e-12 -3.635505207701997612e-12 -2.716062407910911841e-13 8.810619999980274967e-13 -4.256856919843384173e-13 -3.736441386382462204e-12 -6.659129302281264084e-12 -4.736015288457796343e-12 1.671724661282832905e-11 6.473743484268997058e-11 1.340879770505904578e-10 2.262095257380850312e-10 2.837320625883000800e-10 1.818122521832115081e-10 5.935262493726980550e-11 2.148496531272438688e-11
5.361028443036614013e-12 -1.538858803775916688e-11 5.278896988402003634e-12 6.832762156441415865e-12 -6.110564859879451981e-12 -1.134058419866480380e-12 -1.337305747400978173e-12 7.910496003905874940e-13 -2.901478680143954223e-12 -1.773037750343385573e-12 -4.318535475808375690e-12 1.745961680525138282e-12 5.169982237716925519e-12 5.210547460124420884e-12 -2.650864301200099658e-12 -1.008686385348052227e-11 -1.264194426325785596e-11 -1.014539864514192141e-11 -3.281730543806432967e-12 1.203405074649176873e-11 3.166738044786391973e-11 8.434494442485446468e-11 1.818122521832115081e-10 2.515995815550730097e-10 1.629404074197377226e-10 3.772364544577295451e-11
7.498940027477815857e-12 -8.829320505635609454e-12 -1.218511328324594213e-13 3.648510332415788450e-12 -3.986952923330673957e-13 -3.748748247680525336e-12 -4.702968525903676300e-12 2.279112036713225155e-12 -4.324329124740988275e-13 -1.196738521807652294e-12 -1.071700226742535423e-12 7.886593209507671366e-12 5.785244184554531905e-12 1.430713485168180341e-12 -4.111730340083054915e-12 -1.118168330622082589e-11 -9.184533350227345985e-12 -4.022967148688810225e-12 7.949883482356694391e-12 1.729427390334235030e-11 2.712732960205580298e-11 3.337645173520268943e-11 5.935262493726980550e-11 1.629404074197377226e-10 2.564983061836686154e-10 1.331007438040071028e-10
5.133725902603572822e-13 -1.665786382769096237e-12 -4.611775807810085826e-12 -2.272836855215358046e-12 -5.310436403183398610e-12 -6.919011101557457348e-12 -8.343108941350455243e-12 -1.501144337435019352e-12 -4.333910189649316705e-12 -5.502016782497524452e-12 -8.540165649804377302e-12 9.278918367562875334e-13 -4.352697829372510422e-12 -8.367678821407232566e-12 -5.923234858438065761e-12 -1.014022925322317860e-11 -5.132801797678676271e-12 2.207768930758426900e-12 1.300039007883101930e-11 1.652724911723715328e-11 2.694691212158859886e-11 3.230727191954351988e-11 2.148496531272438688e-11 3.772364544577295451e-11 1.331007438040071028e-10 2.372313471747431452e-10
