5.955781638141727637e-11 8.887316976419276344e-12 6.071166530299836135e-12 1.180283336832154249e-12 2.499846311492262165e-12 -1.041445043946424812e-13 1.137231923435362317e-12 4.148236888980994512e-12 7.743361638566599288e-13 2.518378221566801614e-12 1.987099593088094610e-12 2.128336903734668791e-12 4.394018456829406909e-12 5.607824890868988519e-12 1.133132177086855842e-11 1.141377482934071559e-11 1.246104280390716257e-11 1.375226404986021549e-11 1.294477179066297044e-11 1.273673248736964697e-11 1.009382464802785456e-11 -2.739443361025938511e-12 -4.408259974413712744e-12 -3.032029431054870023e-12 7.471229445188372720e-12 1.044923991806994704e-11
8.887316976419276344e-12 4.337987500690400026e-11 1.058386747360615015e-11 3.082511044573176739e-12 3.820175797455510025e-12 3.022519731763098332e-12 2.773412681454268502e-12 2.778529314561201490e-12 2.241246506398405986e-12 -9.103532531846493078e-13 -1.612582333327609424e-12 -3.483730602894823651e-12 -2.532977768988541543e-12 2.216507355919450117e-13 1.715298662042243184e-12 8.077140251488507065e-13 -4.756571859313786978e-13 -1.092620079621402432e-12 -3.581182700102498742e-12 -6.069551897577001798e-12 -9.702657655862896677e-12 -1.000761749411837658e-11 -7.489887804922622556e-12 -1.666346088406181234e-12 1.261294514254048152e-11 1.754566476316316106e-11
6.071166530299836135e-12 1.058386747360615015e-11 3.477119302690531958e-11 1.449331431196854760e-11 7.565732939968494753e-12 6.479759111592040980e-12 5.030305709677041938e-12 5.272090402876976008e-12 3.045871560626204802e-12 4.656956351910739473e-14 2.218923324364313871e-13 3.365220173220428927e-12 4.770161098384597216e-12 4.220515081513369846e-12 5.793147090510082525e-12 7.316950624231160052e-12 6.700606537629793929e-12 7.190512997600872027e-12 3.759918160993508767e-12 2.750872762147405731e-12 -5.478116811597519284e-14 -2.539848387855216119e-12 -7.518495503968071984e-13 -2.057888801741366593e-12 -5.974359085493834457e-12 2.157516084015419722e-12
1.180283336832154249e-12 3.082511044573176739e-12 1.449331431196854760e-11 3.019204093410026870e-11 1.188765546638671376e-11 6.954560540154228424e-12 5.573618795273930175e-12 4.609891907634647384e-12 3.071967443816217084e-12 1.718377650222202857e-12 3.466301870425235369e-12 5.194876954172258247e-12 6.445569521898282828e-12 5.511074318223711719e-12 4.946801730050710770e-12 7.201908840824266510e-12 8.948688645558086497e-12 1.037392262469471602e-11 1.000620706314581193e-11 1.368433766344129044e-11 1.460050034745118475e-11 7.082325010184305980e-12 5.011292569851927173e-12 -8.311139889850655249e-13 1.973940573892792039e-13 5.593096670700651386e-12
2.499846311492262165e-12 3.820175797455510025e-12 7.565732939968494753e-12 1.188765546638671376e-11 2.444492620765373616e-11 1.274160834969370783e-11 1.008593502251560270e-11 7.690177202379585621e-12 6.202150621248568042e-12 4.071888619272189407e-12 2.709334231322060787e-12 4.138531500825335000e-12 5.671691977113670999e-12 4.781380069463280718e-12 5.046973699011300222e-12 6.972081437590170296e-12 8.394518348359331195e-12 8.335502693543332392e-12 9.809243896859375497e-12 1.361927310596436577e-11 7.390759463916226909e-12 -1.707321178119889305e-12 -6.749909044233715185e-12 -4.572319805814994822e-12 2.033084120372511754e-12 3.665888964574295993e-12
-1.041445043946424812e-13 3.022519731763098332e-12 6.479759111592040980e-12 6.954560540154228424e-12 1.274160834969370783e-11 2.423859369181952396e-11 1.355032664808948962e-11 9.678009225411014488e-12 8.575779204608244982e-12 4.489639129226433843e-12 4.662125249328495477e-12 5.211060330702426832e-12 5.711851628730579585e-12 6.025806468324302817e-12 5.005988457621205220e-12 4.224734508079671300e-12 4.019352085446335739e-12 1.532712445534135923e-12 1.106754333680370317e-12 4.374540347471778052e-12 1.520054738760541746e-12 -3.503222677986917708e-12 -2.209738400426704147e-12 -4.363729613848296124e-12 -3.079480921699875553e-12 2.999304432274345944e-12
1.137231923435362317e-12 2.773412681454268502e-12 5.030305709677041938e-12 5.573618795273930175e-12 1.008593502251560270e-11 1.355032664808948962e-11 1.952772038493813172e-11 1.269045095515713069e-11 8.856934861652462874e-12 5.411438525875052649e-12 3.385460769351375891e-12 2.610314891735077904e-12 1.886767794099036075e-12 2.152533139302927499e-12 2.619175384240261663e-12 3.051461538840181311e-12 4.372707664692127697e-12 5.229628825828069115e-12 7.446670428514139970e-12 1.019883500347758577e-11 6.459604419768022638e-12 9.692767930399923209e-13 3.157387016708367832e-12 4.705540212303576394e-12 -6.781857838397654247e-13 2.278255844361425768e-13
4.148236888980994512e-12 2.778529314561201490e-12 5.272090402876976008e-12 4.609891907634647384e-12 7.690177202379585621e-12 9.678009225411014488e-12 1.269045095515713069e-11 1.961477526494507222e-11 1.460314843427467611e-11 1.065803197696411199e-11 7.177787814818967932e-12 5.662516197917642900e-12 5.642931670531699806e-12 5.147922165627249380e-12 4.508300769104586565e-12 5.914536563116119495e-12 7.203886991718446026e-12 7.499737978665980214e-12 9.027115851232821460e-12 8.378279558662789383e-12 5.546890992755465133e-13 -5.887543066636275379e-12 -3.408488869287097301e-13 5.605862642908186426e-12 6.942245592238024417e-12 7.155355553056170005e-12
7.743361638566599288e-13 2.241246506398405986e-12 3.045871560626204802e-12 3.071967443816217084e-12 6.202150621248568042e-12 8.575779204608244982e-12 8.856934861652462874e-12 1.460314843427467611e-11 2.071925393299029858e-11 1.541061763110023272e-11 1.162933241652435794e-11 1.066010254681804747e-11 1.052345918199294491e-11 1.016313716037636062e-11 9.514147966037857378e-12 9.868717335144732914e-12 1.043166097179045174e-11 1.033729013118270206e-11 1.278352697883841493e-11 1.221627711124653387e-11 4.506333483934023004e-12 -2.483563902011863800e-12 9.623497762178282742e-13 5.059595246933056277e-12 6.502636119094205109e-12 5.594850294325415292e-12
2.518378221566801614e-12 -9.103532531846493078e-13 4.656956351910739473e-14 1.718377650222202857e-12 4.071888619272189407e-12 4.489639129226433843e-12 5.411438525875052649e-12 1.065803197696411199e-11 1.541061763110023272e-11 2.377492632539750416e-11 2.108665528993446872e-11 1.741224035315693191e-11 1.612481837520990538e-11 1.490825584413723115e-11 1.389173075654600268e-11 1.317353350024611926e-11 1.407107500421687286e-11 1.413134089984954921e-11 1.706836138609201438e-11 1.604627375155804455e-11 7.091576032802620323e-12 -5.529639011762980952e-12 -3.180929891051267511e-12 1.321719146996561985e-12 7.103306021553302853e-12 6.338649036887455900e-12
1.987099593088094610e-12 -1.612582333327609424e-12 2.218923324364313871e-13 3.466301870425235369e-12 2.709334231322060787e-12 4.662125249328495477e-12 3.385460769351375891e-12 7.177787814818967932e-12 1.162933241652435794e-11 2.108665528993446872e-11 3.116954041511016673e-11 2.794245076771684878e-11 2.546901386463771516e-11 2.398716485928828117e-11 2.373148911452210095e-11 2.352829571183792408e-11 2.346196049692730171e-11 2.337637265460722718e-11 2.575914407220202398e-11 2.666323824337317661e-11 1.734624860250738106e-11 -5.095198737191020593e-12 -9.036997185171829844e-12 -9.796773305312546031e-12 -5.192427993210812306e-13 3.788711054781384769e-12
2.128336903734668791e-12 -3.483730602894823651e-12 3.365220173220428927e-12 5.194876954172258247e-12 4.138531500825335000e-12 5.211060330702426832e-12 2.610314891735077904e-12 5.662516197917642900e-12 1.066010254681804747e-11 1.741224035315693191e-11 2.794245076771684878e-11 3.702993528700004095e-11 3.534584920955650247e-11 3.373644320179169240e-11 3.413017398661453712e-11 3.513978421444266956e-11 3.563021941483628044e-11 3.572940287453499611e-11 4.047054092660278347e-11 4.398809602674355140e-11 3.391239526961828829e-11 7.926572373074365516e-12 7.961240771884356323e-13 -5.044269590994681792e-14 5.965789382887546612e-12 8.373071073201422380e-12
4.394018456829406909e-12 -2.532977768988541543e-12 4.770161098384597216e-12 6.445569521898282828e-12 5.671691977113670999e-12 5.711851628730579585e-12 1.886767794099036075e-12 5.642931670531699806e-12 1.052345918199294491e-11 1.612481837520990538e-11 2.546901386463771516e-11 3.534584920955650247e-11 4.525634863491823354e-11 4.283274820409527326e-11 4.346738348023848524e-11 4.478287896407212150e-11 4.526452928635781542e-11 4.573209207411896223e-11 4.988796340803357382e-11 5.059681965137659927e-11 3.648700642789018966e-11 4.502934514326303578e-12 -2.951451617538951679e-12 -3.702003388691115964e-12 4.266579115635812696e-12 6.885550096187975241e-12
5.607824890868988519e-12 2.216507355919450117e-13 4.220515081513369846e-12 5.511074318223711719e-12 4.781380069463280718e-12 6.025806468324302817e-12 2.152533139302927499e-12 5.147922165627249380e-12 1.016313716037636062e-11 1.490825584413723115e-11 2.398716485928828117e-11 3.373644320179169240e-11 4.283274820409527326e-11 5.308753639340905127e-11 5.659254494323173593e-11 5.750554645454629111e-11 5.747497534607893213e-11 5.696610280758165697e-11 6.138235111952806929e-11 6.345372340474184709e-11 4.888683642673089854e-11 1.202596019471333068e-11 -6.804235886819661661e-13 -1.905107520534888679e-12 7.872930974595035935e-12 1.147314007529921417e-11
1.133132177086855842e-11 1.715298662042243184e-12 5.793147090510082525e-12 4.946801730050710770e-12 5.046973699011300222e-12 5.005988457621205220e-12 2.619175384240261663e-12 4.508300769104586565e-12 9.514147966037857378e-12 1.389173075654600268e-11 2.373148911452210095e-11 3.413017398661453712e-11 4.346738348023848524e-11 5.659254494323173593e-11 7.521021043953159146e-11 8.097257368717296384e-11 8.336005220573828890e-11 8.359674969132289661e-11 8.830121858195299390e-11 9.222309745371916765e-11 7.359908816928660952e-11 2.414733885585607252e-11 2.363063987242594267e-12 -4.691891606085961393e-12 9.417156307233674784e-12 1.202289496139671667e-11
1.141377482934071559e-11 8.077140251488507065e-13 7.316950624231160052e-12 7.201908840824266510e-12 6.972081437590170296e-12 4.224734508079671300e-12 3.051461538840181311e-12 5.914536563116119495e-12 9.868717335144732914e-12 1.317353350024611926e-11 2.352829571183792408e-11 3.513978421444266956e-11 4.478287896407212150e-11 5.750554645454629111e-11 8.097257368717296384e-11 1.033262507340702938e-10 1.132866252027601926e-10 1.171809019237267291e-10 1.210322351390684468e-10 1.240860044705518002e-10 9.930628426875438455e-11 3.602766084531640247e-11 4.785656486048304506e-12 -2.570543039962290307e-12 8.016841723244099309e-12 1.301690495037682361e-11
1.246104280390716257e-11 -4.756571859313786978e-13 6.700606537629793929e-12 8.948688645558086497e-12 8.394518348359331195e-12 4.019352085446335739e-12 4.372707664692127697e-12 7.203886991718446026e-12 1.043166097179045174e-11 1.407107500421687286e-11 2.346196049692730171e-11 3.563021941483628044e-11 4.526452928635781542e-11 5.747497534607893213e-11 8.336005220573828890e-11 1.132866252027601926e-10 1.431696380069377119e-10 1.570376713587167094e-10 1.634856692021302647e-10 1.682991568539002076e-10 1.381281541064855447e-10 5.869442525745249022e-11 1.152194466455716945e-11 3.545270598135382874e-12 8.274141126388919820e-12 1.503284236701036803e-11
1.375226404986021549e-11 -1.092620079621402432e-12 7.190512997600872027e-12 1.037392262469471602e-11 8.335502693543332392e-12 1.532712445534135923e-12 5.229628825828069115e-12 7.499737978665980214e-12 1.033729013118270206e-11 1.413134089984954921e-11 2.337637265460722718e-11 3.572940287453499611e-11 4.573209207411896223e-11 5.696610280758165697e-11 8.359674969132289661e-11 1.171809019237267291e-10 1.570376713587167094e-10 1.949578920035789417e-10 2.135888335583123020e-10 2.218061781908029714e-10 1.869982057588981631e-10 9.228212534307924239e-11 2.157525379631436264e-11 1.218413387282156121e-11 7.776943545932425983e-12 8.635716238995073756e-12
1.294477179066297044e-11 -3.581182700102498742e-12 3.759918160993508767e-12 1.000620706314581193e-11 9.809243896859375497e-12 1.106754333680370317e-12 7.446670428514139970e-12 9.027115851232821460e-12 1.278352697883841493e-11 1.706836138609201438e-11 2.575914407220202398e-11 4.047054092660278347e-11 4.988796340803357382e-11 6.138235111952806929e-11 8.830121858195299390e-11 1.210322351390684468e-10 1.634856692021302647e-10 2.135888335583123020e-10 2.620701806888612089e-10 2.863048442001489257e-10 2.548503602424480901e-10 1.481376931737085470e-10 4.521466133984324544e-11 1.707719223004414852e-11 3.098685467960481153e-12 4.853339021063139534e-12
1.273673248736964697e-11 -6.069551897577001798e-12 2.750872762147405731e-12 1.368433766344129044e-11 1.361927310596436577e-11 4.374540347471778052e-12 1.019883500347758577e-11 8.378279558662789383e-12 1.221627711124653387e-11 1.604627375155804455e-11 2.666323824337317661e-11 4.398809602674355140e-11 5.059681965137659927e-11 6.345372340474184709e-11 9.222309745371916765e-11 1.240860044705518002e-10 1.682991568539002076e-10 2.218061781908029714e-10 2.863048442001489257e-10 3.521517301448568742e-10 3.422981234378624532e-10 2.301792098753384758e-10 9.248438997472018543e-11 2.420636834283714766e-11 7.730954984140631662e-12 1.137019680476125719e-11
1.009382464802785456e-11 -9.702657655862896677e-12 -5.478116811597519284e-14 1.460050034745118475e-11 7.390759463916226909e-12 1.520054738760541746e-12 6.459604419768022638e-12 5.546890992755465133e-13 4.506333483934023004e-12 7.091576032802620323e-12 1.734624860250738106e-11 3.391239526961828829e-11 3.648700642789018966e-11 4.888683642673089854e-11 7.359908816928660952e-11 9.930628426875438455e-11 1.381281541064855447e-10 1.869982057588981631e-10 2.548503602424480901e-10 3.422981234378624532e-10 4.087035643586241130e-10 3.317619581428381227e-10 1.769641228017513132e-10 4.803281885959442091e-11 1.684468467990007007e-11 1.106867283878362795e-11
-2.739443361025938511e-12 -1.000761749411837658e-11 -2.539848387855216119e-12 7.082325010184305980e-12 -1.707321178119889305e-12 -3.503222677986917708e-12 9.692767930399923209e-13 -5.887543066636275379e-12 -2.483563902011863800e-12 -5.529639011762980952e-12 -5.095198737191020593e-12 7.926572373074365516e-12 4.502934514326303578e-12 1.202596019471333068e-11 2.414733885585607252e-11 3.602766084531640247e-11 5.869442525745249022e-11 9.228212534307924239e-11 1.481376931737085470e-10 2.301792098753384758e-10 3.317619581428381227e-10 3.739555974509875343e-10 2.666642674884576490e-10 1.033459615894348410e-10 2.414068868313251449e-11 1.265715359094757257e-11
-4.408259974413712744e-12 -7.489887804922622556e-12 -7.518495503968071984e-13 5.011292569851927173e-12 -6.749909044233715185e-12 -2.209738400426704147e-12 3.157387016708367832e-12 -3.408488869287097301e-13 9.623497762178282742e-13 -3.180929891051267511e-12 -9.036997185171829844e-12 7.961240771884356323e-13 -2.951451617538951679e-12 -6.804235886819661661e-13 2.363063987242594267e-12 4.785656486048304506e-12 1.152194466455716945e-11 2.157525379631436264e-11 4.521466133984324544e-11 9.248438997472018543e-11 1.769641228017513132e-10 2.666642674884576490e-10 3.052959787155296474e-10 2.020813969553466066e-10 6.250218759885210605e-11 3.046141423775578619e-11
-3.032029431054870023e-12 -1.666346088406181234e-12 -2.057888801741366593e-12 -8.311139889850655249e-13 -4.572319805814994822e-12 -4.363729613848296124e-12 4.705540212303576394e-12 5.605862642908186426e-12 5.059595246933056277e-12 1.321719146996561985e-12 -9.796773305312546031e-12 -5.044269590994681792e-14 -3.702003388691115964e-12 -1.905107520534888679e-12 -4.691891606085961393e-12 -2.570543039962290307e-12 3.545270598135382874e-12 1.218413387282156121e-11 1.707719223004414852e-11 2.420636834283714766e-11 4.803281885959442091e-11 1.033459615894348410e-10 2.020813969553466066e-10 2.780158702005605835e-10 1.601128730348164466e-10 6.628703753897568782e-11
7.471229445188372720e-12 1.261294514254048152e-11 -5.974359085493834457e-12 1.973940573892792039e-13 2.033084120372511754e-12 -3.079480921699875553e-12 -6.781857838397654247e-13 6.942245592238024417e-12 6.502636119094205109e-12 7.103306021553302853e-12 -5.192427993210812306e-13 5.965789382887546612e-12 4.266579115635812696e-12 7.872930974595035935e-12 9.417156307233674784e-12 8.016841723244099309e-12 8.274141126388919820e-12 7.776943545932425983e-12 3.098685467960481153e-12 7.730954984140631662e-12 1.684468467990007007e-11 2.414068868313251449e-11 6.250218759885210605e-11 1.601128730348164466e-10 2.799669155584668287e-10 2.001713642648308470e-10
1.044923991806994704e-11 1.754566476316316106e-11 2.157516084015419722e-12 5.593096670700651386e-12 3.665888964574295993e-12 2.999304432274345944e-12 2.278255844361425768e-13 7.155355553056170005e-12 5.594850294325415292e-12 6.338649036887455900e-12 3.788711054781384769e-12 8.373071073201422380e-12 6.885550096187975241e-12 1.147314007529921417e-11 1.202289496139671667e-11 1.301690495037682361e-11 1.503284236701036803e-11 8.635716238995073756e-12 4.853339021063139534e-12 1.137019680476125719e-11 1.106867283878362795e-11 1.265715359094757257e-11 3.046141423775578619e-11 6.628703753897568782e-11 2.001713642648308470e-10 3.544298726636564806e-10
