8.703617774765972140e-11 1.880770070626725823e-11 1.011760980433429356e-11 -5.272586854820644883e-13 -3.817880740972750898e-12 -4.602541974013083283e-12 1.217754308216459942e-12 7.091229673216435709e-13 4.571651559450007272e-12 2.429620237438335500e-12 -1.856249333752634397e-13 -1.727831306863088727e-12 4.386348386228363757e-12 7.027808660743412656e-12 3.534679379200794819e-12 2.008358457380475042e-12 6.371377713971215593e-12 1.082367063764118538e-11 1.744275964270360954e-11 1.828134415051984354e-11 1.495787337650528483e-11 6.835739318701712042e-12 -3.907278670286790634e-12 -6.545951346155870321e-12 -7.674434332254898349e-12 -2.113470069618046929e-11
1.880770070626725823e-11 6.052466379639841571e-11 1.969747565069795193e-11 8.928407182013682897e-12 7.477513839971886591e-12 4.249890374000313853e-12 5.362414088588086126e-12 3.091580093500289898e-12 3.860779211773036260e-12 1.420331816006977714e-12 1.141665542550897268e-12 9.925392132869081444e-13 3.097545401170715056e-12 3.650676011241941159e-12 8.053927754829233602e-12 1.256972204360105140e-11 2.114561851847912448e-11 2.983307356563085788e-11 3.123384353408626857e-11 3.401316058637542693e-11 2.985121828841850968e-11 1.641133100840315081e-11 5.891369473576617518e-12 -3.659013137537365673e-12 -7.451145922675632659e-13 -4.153240242698038429e-12
1.011760980433429356e-11 1.969747565069795193e-11 4.094254957485580442e-11 1.098798404059657537e-11 6.942585383441293698e-12 5.290596942292035350e-12 6.539270217724592287e-12 3.565000682589655803e-12 2.498882777591287397e-12 2.388398598871198560e-13 1.770817579182730992e-12 3.610854544822919398e-13 1.143428139388374312e-15 1.647533152090298080e-12 2.657993679091517803e-12 4.674033214221904746e-12 6.374099738676199861e-12 4.925224768514490225e-12 4.547667471745306726e-12 5.568205980914623965e-12 2.310542999096350905e-12 2.343745368738595103e-12 9.593927211040368018e-12 9.018876235073324598e-12 1.068928119334191960e-12 3.908077528807256521e-12
-5.272586854820644883e-13 8.928407182013682897e-12 1.098798404059657537e-11 3.463420653845217831e-11 1.452648548518083724e-11 5.904490865101155981e-12 2.878048178987536423e-12 1.136257957797514147e-13 -9.218202643668448142e-13 -2.735780465898587208e-12 -2.092089451647155616e-12 -2.750312440700189341e-12 -1.338455511203084973e-12 -1.250124619825007609e-12 -3.278859713168459235e-13 4.354084681808288387e-13 1.897460207181032364e-12 2.924386113883229353e-12 1.054965619653403804e-12 8.725518061850852905e-13 5.300833587215753391e-12 7.300019880823893700e-12 1.350626244715333996e-11 1.501584262200097294e-11 1.108156802847103572e-11 9.665050914514187640e-12
-3.817880740972750898e-12 7.477513839971886591e-12 6.942585383441293698e-12 1.452648548518083724e-11 3.272471896723920302e-11 1.377956652238775477e-11 1.018631042747890145e-11 6.289311752302329793e-12 4.962001271086179573e-12 2.635948914684145436e-12 3.315741640973876150e-12 2.328650689204302428e-12 3.227314809425348518e-12 4.621302959913196806e-12 6.553604184859550080e-12 1.162030040753110133e-11 1.786949849190650308e-11 1.872195351576193406e-11 1.845825325064940614e-11 1.630714041328263702e-11 1.388234358899892321e-11 2.525242707233063565e-13 2.190482261058698307e-14 1.059739115987551122e-11 1.599756087128342060e-11 5.062069198496244212e-12
-4.602541974013083283e-12 4.249890374000313853e-12 5.290596942292035350e-12 5.904490865101155981e-12 1.377956652238775477e-11 2.575896299476117361e-11 1.357748671950693818e-11 9.555238981241309760e-12 8.184547490068398690e-12 5.008760229184822116e-12 3.795133828221758215e-12 3.282223943749387064e-12 4.653321073413836769e-12 5.102157895121811936e-12 7.479010297812243219e-12 9.780737126221269712e-12 1.361368060589467862e-11 1.285098276238037003e-11 1.076029128168224561e-11 1.029345675384901940e-11 3.222020984214897234e-12 -9.742530061636332689e-12 -9.989079998018632310e-12 -3.290869082452963117e-12 -3.772136993290552668e-12 -3.117649567292090235e-12
1.217754308216459942e-12 5.362414088588086126e-12 6.539270217724592287e-12 2.878048178987536423e-12 1.018631042747890145e-11 1.357748671950693818e-11 2.687177927240877314e-11 1.685650953194731645e-11 1.107230424731092389e-11 8.774669393109672605e-12 9.508676398530224222e-12 6.466551502844733302e-12 5.378308948268154944e-12 8.437992846472289666e-12 9.180292457048784101e-12 1.370674328723284944e-11 1.905503585637406517e-11 2.008937213003856761e-11 2.243236625229514945e-11 2.312452043296895901e-11 1.600024159630103914e-11 -4.949241666814809318e-12 -1.665499500295403964e-11 -7.310633940491855500e-12 3.041695293166220679e-12 -4.293731786276834885e-12
7.091229673216435709e-13 3.091580093500289898e-12 3.565000682589655803e-12 1.136257957797514147e-13 6.289311752302329793e-12 9.555238981241309760e-12 1.685650953194731645e-11 2.609183767886822521e-11 1.804261421464827328e-11 1.447565934846033715e-11 1.183647233136870232e-11 8.115677644740324683e-12 8.176181881972468431e-12 8.908102130085091597e-12 8.671765554415886505e-12 1.050811918849917420e-11 1.577729556795202345e-11 2.089578841406769150e-11 2.447663541573057001e-11 2.919974241420311108e-11 2.822386383927217494e-11 1.586182348146560308e-11 7.657243691308416991e-12 2.424338900620351046e-12 2.022339187882798406e-12 -6.099361293241201642e-12
4.571651559450007272e-12 3.860779211773036260e-12 2.498882777591287397e-12 -9.218202643668448142e-13 4.962001271086179573e-12 8.184547490068398690e-12 1.107230424731092389e-11 1.804261421464827328e-11 2.559226064994120900e-11 2.175131290550991892e-11 1.647378963807189484e-11 1.304416486344645861e-11 1.300160787652435367e-11 1.294705792476749599e-11 1.235557253844835155e-11 1.561926925058225429e-11 2.072457234749750577e-11 2.560589713632211393e-11 2.841088912866042670e-11 3.139280419841018884e-11 2.710416763578095174e-11 1.211123827668531488e-11 3.211890586032523326e-12 -1.441036376141996965e-12 -1.605280508508172165e-13 1.249474610184194949e-12
2.429620237438335500e-12 1.420331816006977714e-12 2.388398598871198560e-13 -2.735780465898587208e-12 2.635948914684145436e-12 5.008760229184822116e-12 8.774669393109672605e-12 1.447565934846033715e-11 2.175131290550991892e-11 3.270137163032054218e-11 2.688726376512701620e-11 2.176712811260467115e-11 1.896727557023639792e-11 2.004599999876291828e-11 2.096579195462717926e-11 2.415694550655239308e-11 3.005167185759054169e-11 3.622597010064735025e-11 3.947126121167702261e-11 4.137501486759948870e-11 3.521136295945985116e-11 1.725239069455338943e-11 9.900097601522651312e-12 3.645649916190303806e-12 -1.238018172269063779e-12 -3.394331002044135666e-12
-1.856249333752634397e-13 1.141665542550897268e-12 1.770817579182730992e-12 -2.092089451647155616e-12 3.315741640973876150e-12 3.795133828221758215e-12 9.508676398530224222e-12 1.183647233136870232e-11 1.647378963807189484e-11 2.688726376512701620e-11 3.631119628259781072e-11 3.260752880731240527e-11 2.760716691938220371e-11 2.779030850564180041e-11 3.006458321058188262e-11 3.248208638677884564e-11 3.549869710452900866e-11 4.043850410757165968e-11 4.369777195102959735e-11 4.182838726656183333e-11 3.123520349163866493e-11 7.175841747383886264e-12 3.658038205641782467e-14 -7.417482650398387359e-14 1.243677248889278429e-12 -2.565641126687541552e-12
-1.727831306863088727e-12 9.925392132869081444e-13 3.610854544822919398e-13 -2.750312440700189341e-12 2.328650689204302428e-12 3.282223943749387064e-12 6.466551502844733302e-12 8.115677644740324683e-12 1.304416486344645861e-11 2.176712811260467115e-11 3.260752880731240527e-11 4.477350021211019753e-11 3.916468906642902296e-11 3.794909878112194072e-11 3.972957076162480287e-11 4.099284477963498738e-11 4.418636989770511624e-11 4.827536429643013046e-11 5.024169274756877616e-11 4.411722202464769867e-11 2.969231939510319185e-11 1.809276391190068541e-12 -2.955409724622415141e-12 -7.867376894042312795e-13 3.209103318083629504e-12 -1.740232966441893910e-12
4.386348386228363757e-12 3.097545401170715056e-12 1.143428139388374312e-15 -1.338455511203084973e-12 3.227314809425348518e-12 4.653321073413836769e-12 5.378308948268154944e-12 8.176181881972468431e-12 1.300160787652435367e-11 1.896727557023639792e-11 2.760716691938220371e-11 3.916468906642902296e-11 4.917063616526793535e-11 5.056549906280337700e-11 5.070889077301897561e-11 4.973685066747556412e-11 5.327578515233872469e-11 5.488587978837578299e-11 5.566273716056606581e-11 4.907752659182567240e-11 3.363136975517581951e-11 1.827559807147518055e-12 -2.398907915048118094e-12 -1.646546474558464753e-12 2.017043918128470348e-13 -5.004795339340294276e-12
7.027808660743412656e-12 3.650676011241941159e-12 1.647533152090298080e-12 -1.250124619825007609e-12 4.621302959913196806e-12 5.102157895121811936e-12 8.437992846472289666e-12 8.908102130085091597e-12 1.294705792476749599e-11 2.004599999876291828e-11 2.779030850564180041e-11 3.794909878112194072e-11 5.056549906280337700e-11 7.038049645699956440e-11 7.327348544369059266e-11 7.301108682094409257e-11 8.125558979162666331e-11 8.337302792480326777e-11 8.431035119295567820e-11 7.571220086337809396e-11 5.517462249383895003e-11 9.266227423093991607e-12 -9.167871004716871390e-13 8.374756298671336331e-12 7.892923781878489869e-12 -6.853391951722946996e-12
3.534679379200794819e-12 8.053927754829233602e-12 2.657993679091517803e-12 -3.278859713168459235e-13 6.553604184859550080e-12 7.479010297812243219e-12 9.180292457048784101e-12 8.671765554415886505e-12 1.235557253844835155e-11 2.096579195462717926e-11 3.006458321058188262e-11 3.972957076162480287e-11 5.070889077301897561e-11 7.327348544369059266e-11 9.459304293770350165e-11 9.935679100906875157e-11 1.086673643483143320e-10 1.109681568482064331e-10 1.136302723970287818e-10 1.059388169740910943e-10 8.315920834664573464e-11 2.700831379625705117e-11 9.517856719452856660e-12 1.783159776957153716e-11 1.100897073411617063e-11 -1.720119201590276950e-11
2.008358457380475042e-12 1.256972204360105140e-11 4.674033214221904746e-12 4.354084681808288387e-13 1.162030040753110133e-11 9.780737126221269712e-12 1.370674328723284944e-11 1.050811918849917420e-11 1.561926925058225429e-11 2.415694550655239308e-11 3.248208638677884564e-11 4.099284477963498738e-11 4.973685066747556412e-11 7.301108682094409257e-11 9.935679100906875157e-11 1.268031647667753947e-10 1.467671664454860093e-10 1.539567729920580021e-10 1.606030127362773150e-10 1.560228472069349628e-10 1.286991546345931347e-10 5.197728578355862347e-11 1.511118248849772165e-11 2.760104866055585197e-11 1.858717315200974723e-11 -1.976023076732292032e-11
6.371377713971215593e-12 2.114561851847912448e-11 6.374099738676199861e-12 1.897460207181032364e-12 1.786949849190650308e-11 1.361368060589467862e-11 1.905503585637406517e-11 1.577729556795202345e-11 2.072457234749750577e-11 3.005167185759054169e-11 3.549869710452900866e-11 4.418636989770511624e-11 5.327578515233872469e-11 8.125558979162666331e-11 1.086673643483143320e-10 1.467671664454860093e-10 1.967468193205321753e-10 2.184849217673833336e-10 2.285788224636274753e-10 2.244551503706538920e-10 1.883128414237577249e-10 8.093676393801306241e-11 2.264939069548187273e-11 4.313082404666071680e-11 2.663874697788952851e-11 -3.411781101071698168e-11
1.082367063764118538e-11 2.983307356563085788e-11 4.925224768514490225e-12 2.924386113883229353e-12 1.872195351576193406e-11 1.285098276238037003e-11 2.008937213003856761e-11 2.089578841406769150e-11 2.560589713632211393e-11 3.622597010064735025e-11 4.043850410757165968e-11 4.827536429643013046e-11 5.488587978837578299e-11 8.337302792480326777e-11 1.109681568482064331e-10 1.539567729920580021e-10 2.184849217673833336e-10 2.807608489947248501e-10 3.098449166336907183e-10 3.115725062452458447e-10 2.675008119283326943e-10 1.355665998126136887e-10 4.212273843129051368e-11 6.111101282414012813e-11 2.940300279246272200e-11 -4.236461290636324844e-11
1.744275964270360954e-11 3.123384353408626857e-11 4.547667471745306726e-12 1.054965619653403804e-12 1.845825325064940614e-11 1.076029128168224561e-11 2.243236625229514945e-11 2.447663541573057001e-11 2.841088912866042670e-11 3.947126121167702261e-11 4.369777195102959735e-11 5.024169274756877616e-11 5.566273716056606581e-11 8.431035119295567820e-11 1.136302723970287818e-10 1.606030127362773150e-10 2.285788224636274753e-10 3.098449166336907183e-10 3.844471987592424585e-10 4.074747936035972186e-10 3.571734048057763253e-10 2.032429397660365439e-10 6.130359346146267077e-11 6.719746641416510203e-11 3.098097872418699899e-11 -4.329892631102141814e-11
1.828134415051984354e-11 3.401316058637542693e-11 5.568205980914623965e-12 8.725518061850852905e-13 1.630714041328263702e-11 1.029345675384901940e-11 2.312452043296895901e-11 2.919974241420311108e-11 3.139280419841018884e-11 4.137501486759948870e-11 4.182838726656183333e-11 4.411722202464769867e-11 4.907752659182567240e-11 7.571220086337809396e-11 1.059388169740910943e-10 1.560228472069349628e-10 2.244551503706538920e-10 3.115725062452458447e-10 4.074747936035972186e-10 4.877611889564937756e-10 4.603184757394973464e-10 2.991193846501063205e-10 1.182780498598127672e-10 8.330659943101935307e-11 3.764963960770525777e-11 -3.445153287355720472e-11
1.495787337650528483e-11 2.985121828841850968e-11 2.310542999096350905e-12 5.300833587215753391e-12 1.388234358899892321e-11 3.222020984214897234e-12 1.600024159630103914e-11 2.822386383927217494e-11 2.710416763578095174e-11 3.521136295945985116e-11 3.123520349163866493e-11 2.969231939510319185e-11 3.363136975517581951e-11 5.517462249383895003e-11 8.315920834664573464e-11 1.286991546345931347e-10 1.883128414237577249e-10 2.675008119283326943e-10 3.571734048057763253e-10 4.603184757394973464e-10 5.184544207573848146e-10 4.174584299584850559e-10 2.410005976131842289e-10 1.237622506991122071e-10 3.770228533920936977e-11 -3.485379627233048404e-11
6.835739318701712042e-12 1.641133100840315081e-11 2.343745368738595103e-12 7.300019880823893700e-12 2.525242707233063565e-13 -9.742530061636332689e-12 -4.949241666814809318e-12 1.586182348146560308e-11 1.211123827668531488e-11 1.725239069455338943e-11 7.175841747383886264e-12 1.809276391190068541e-12 1.827559807147518055e-12 9.266227423093991607e-12 2.700831379625705117e-11 5.197728578355862347e-11 8.093676393801306241e-11 1.355665998126136887e-10 2.032429397660365439e-10 2.991193846501063205e-10 4.174584299584850559e-10 4.942268328940103848e-10 4.081259135103885614e-10 2.045147425596620892e-10 3.301603715363140802e-11 -2.010592320861109018e-11
-3.907278670286790634e-12 5.891369473576617518e-12 9.593927211040368018e-12 1.350626244715333996e-11 2.190482261058698307e-14 -9.989079998018632310e-12 -1.665499500295403964e-11 7.657243691308416991e-12 3.211890586032523326e-12 9.900097601522651312e-12 3.658038205641782467e-14 -2.955409724622415141e-12 -2.398907915048118094e-12 -9.167871004716871390e-13 9.517856719452856660e-12 1.511118248849772165e-11 2.264939069548187273e-11 4.212273843129051368e-11 6.130359346146267077e-11 1.182780498598127672e-10 2.410005976131842289e-10 4.081259135103885614e-10 5.209382284502336297e-10 3.458931895429512531e-10 7.252705020589782739e-11 5.873991268340450096e-13
-6.545951346155870321e-12 -3.659013137537365673e-12 9.018876235073324598e-12 1.501584262200097294e-11 1.059739115987551122e-11 -3.290869082452963117e-12 -7.310633940491855500e-12 2.424338900620351046e-12 -1.441036376141996965e-12 3.645649916190303806e-12 -7.417482650398387359e-14 -7.867376894042312795e-13 -1.646546474558464753e-12 8.374756298671336331e-12 1.783159776957153716e-11 2.760104866055585197e-11 4.313082404666071680e-11 6.111101282414012813e-11 6.719746641416510203e-11 8.330659943101935307e-11 1.237622506991122071e-10 2.045147425596620892e-10 3.458931895429512531e-10 4.380099689418173013e-10 2.445068633067123893e-10 6.457719422218013789e-11
-7.674434332254898349e-12 -7.451145922675632659e-13 1.068928119334191960e-12 1.108156802847103572e-11 1.599756087128342060e-11 -3.772136993290552668e-12 3.041695293166220679e-12 2.022339187882798406e-12 -1.605280508508172165e-13 -1.238018172269063779e-12 1.243677248889278429e-12 3.209103318083629504e-12 2.017043918128470348e-13 7.892923781878489869e-12 1.100897073411617063e-11 1.858717315200974723e-11 2.663874697788952851e-11 2.940300279246272200e-11 3.098097872418699899e-11 3.764963960770525777e-11 3.770228533920936977e-11 3.301603715363140802e-11 7.252705020589782739e-11 2.445068633067123893e-10 3.809779329619486334e-10 2.115117670939192700e-10
-2.113470069618046929e-11 -4.153240242698038429e-12 3.908077528807256521e-12 9.665050914514187640e-12 5.062069198496244212e-12 -3.117649567292090235e-12 -4.293731786276834885e-12 -6.099361293241201642e-12 1.249474610184194949e-12 -3.394331002044135666e-12 -2.565641126687541552e-12 -1.740232966441893910e-12 -5.004795339340294276e-12 -6.853391951722946996e-12 -1.720119201590276950e-11 -1.976023076732292032e-11 -3.411781101071698168e-11 -4.236461290636324844e-11 -4.329892631102141814e-11 -3.445153287355720472e-11 -3.485379627233048404e-11 -2.010592320861109018e-11 5.873991268340450096e-13 6.457719422218013789e-11 2.115117670939192700e-10 3.938390152578451868e-10
