8.703617774765960508e-11 1.880770070626715807e-11 1.011760980433428225e-11 -5.272586854823528706e-13 -3.817880740972482711e-12 -4.602541974013250497e-12 1.217754308216256378e-12 7.091229673219491188e-13 4.571651559449554100e-12 2.429620237438185250e-12 -1.856249333749801314e-13 -1.727831306863097209e-12 4.386348386228404954e-12 7.027808660743411040e-12 3.534679379200840459e-12 2.008358457380311060e-12 6.371377713971085539e-12 1.082367063764086549e-11 1.744275964270327673e-11 1.828134415051931040e-11 1.495787337650501018e-11 6.835739318701455971e-12 -3.907278670287014393e-12 -6.545951346155770155e-12 -7.674434332254706095e-12 -2.113470069618053391e-11
1.880770070626715807e-11 6.052466379639881638e-11 1.969747565069801655e-11 8.928407182013763676e-12 7.477513839971902746e-12 4.249890374000619199e-12 5.362414088588034427e-12 3.091580093500260010e-12 3.860779211773004756e-12 1.420331816007286897e-12 1.141665542550859100e-12 9.925392132867520383e-13 3.097545401170605196e-12 3.650676011241725478e-12 8.053927754829228755e-12 1.256972204360104494e-11 2.114561851847921495e-11 2.983307356563089666e-11 3.123384353408657230e-11 3.401316058637550448e-11 2.985121828841906544e-11 1.641133100840323805e-11 5.891369473576772615e-12 -3.659013137537053057e-12 -7.451145922673927205e-13 -4.153240242697981883e-12
1.011760980433428225e-11 1.969747565069801655e-11 4.094254957485570103e-11 1.098798404059656244e-11 6.942585383441300968e-12 5.290596942292055545e-12 6.539270217724393570e-12 3.565000682589527767e-12 2.498882777591474805e-12 2.388398598871705955e-13 1.770817579182710797e-12 3.610854544822834579e-13 1.143428139428842088e-15 1.647533152090228811e-12 2.657993679091421271e-12 4.674033214221834468e-12 6.374099738676178051e-12 4.925224768514426410e-12 4.547667471745165362e-12 5.568205980914399398e-12 2.310542999096331114e-12 2.343745368738549462e-12 9.593927211040589354e-12 9.018876235073342369e-12 1.068928119334184892e-12 3.908077528807254097e-12
-5.272586854823528706e-13 8.928407182013763676e-12 1.098798404059656244e-11 3.463420653845206845e-11 1.452648548518068861e-11 5.904490865101338542e-12 2.878048178987412022e-12 1.136257957798001473e-13 -9.218202643665451227e-13 -2.735780465898635676e-12 -2.092089451647153192e-12 -2.750312440700339590e-12 -1.338455511203423438e-12 -1.250124619825382223e-12 -3.278859713171581357e-13 4.354084681806257796e-13 1.897460207180775082e-12 2.924386113882982168e-12 1.054965619653216396e-12 8.725518061849121197e-13 5.300833587215666149e-12 7.300019880823863004e-12 1.350626244715318325e-11 1.501584262200065952e-11 1.108156802847102764e-11 9.665050914514707859e-12
-3.817880740972482711e-12 7.477513839971902746e-12 6.942585383441300968e-12 1.452648548518068861e-11 3.272471896723907377e-11 1.377956652238778385e-11 1.018631042747886914e-11 6.289311752302315252e-12 4.962001271086303973e-12 2.635948914684120395e-12 3.315741640973895133e-12 2.328650689204142081e-12 3.227314809425285107e-12 4.621302959912993242e-12 6.553604184859631668e-12 1.162030040753113849e-11 1.786949849190639645e-11 1.872195351576191790e-11 1.845825325064949661e-11 1.630714041328253362e-11 1.388234358899880527e-11 2.525242707229754641e-13 2.190482261015242800e-14 1.059739115987549022e-11 1.599756087128350784e-11 5.062069198495794271e-12
-4.602541974013250497e-12 4.249890374000619199e-12 5.290596942292055545e-12 5.904490865101338542e-12 1.377956652238778385e-11 2.575896299476122854e-11 1.357748671950708035e-11 9.555238981241216056e-12 8.184547490068597408e-12 5.008760229184968327e-12 3.795133828221813952e-12 3.282223943749188751e-12 4.653321073413775377e-12 5.102157895121633413e-12 7.479010297812118819e-12 9.780737126220927208e-12 1.361368060589424888e-11 1.285098276237991120e-11 1.076029128168168177e-11 1.029345675384861551e-11 3.222020984214931161e-12 -9.742530061635914252e-12 -9.989079998017932760e-12 -3.290869082452834274e-12 -3.772136993290984837e-12 -3.117649567292307127e-12
1.217754308216256378e-12 5.362414088588034427e-12 6.539270217724393570e-12 2.878048178987412022e-12 1.018631042747886914e-11 1.357748671950708035e-11 2.687177927240873113e-11 1.685650953194734553e-11 1.107230424731093520e-11 8.774669393109606366e-12 9.508676398530243609e-12 6.466551502844571743e-12 5.378308948268020850e-12 8.437992846472002092e-12 9.180292457048829337e-12 1.370674328723284136e-11 1.905503585637391007e-11 2.008937213003846421e-11 2.243236625229520438e-11 2.312452043296878776e-11 1.600024159630077096e-11 -4.949241666814697034e-12 -1.665499500295359374e-11 -7.310633940491044475e-12 3.041695293166592264e-12 -4.293731786276645861e-12
7.091229673219491188e-13 3.091580093500260010e-12 3.565000682589527767e-12 1.136257957798001473e-13 6.289311752302315252e-12 9.555238981241216056e-12 1.685650953194734553e-11 2.609183767886828983e-11 1.804261421464832821e-11 1.447565934846019659e-11 1.183647233136869101e-11 8.115677644740050033e-12 8.176181881972314951e-12 8.908102130084784636e-12 8.671765554415598930e-12 1.050811918849871860e-11 1.577729556795134167e-11 2.089578841406700649e-11 2.447663541572991732e-11 2.919974241420218050e-11 2.822386383927143823e-11 1.586182348146525088e-11 7.657243691307880616e-12 2.424338900619974614e-12 2.022339187882582725e-12 -6.099361293241625734e-12
4.571651559449554100e-12 3.860779211773004756e-12 2.498882777591474805e-12 -9.218202643665451227e-13 4.962001271086303973e-12 8.184547490068597408e-12 1.107230424731093520e-11 1.804261421464832821e-11 2.559226064994140287e-11 2.175131290551011925e-11 1.647378963807199824e-11 1.304416486344637137e-11 1.300160787652438437e-11 1.294705792476738290e-11 1.235557253844824492e-11 1.561926925058202488e-11 2.072457234749707926e-11 2.560589713632164218e-11 2.841088912865997434e-11 3.139280419840932288e-11 2.710416763578007609e-11 1.211123827668458140e-11 3.211890586032368230e-12 -1.441036376141687782e-12 -1.605280508504689565e-13 1.249474610184748489e-12
2.429620237438185250e-12 1.420331816007286897e-12 2.388398598871705955e-13 -2.735780465898635676e-12 2.635948914684120395e-12 5.008760229184968327e-12 8.774669393109606366e-12 1.447565934846019659e-11 2.175131290551011925e-11 3.270137163032114318e-11 2.688726376512704205e-11 2.176712811260451605e-11 1.896727557023649486e-11 2.004599999876297321e-11 2.096579195462749269e-11 2.415694550655236400e-11 3.005167185759058046e-11 3.622597010064740195e-11 3.947126121167715832e-11 4.137501486759928837e-11 3.521136295946021305e-11 1.725239069455372224e-11 9.900097601523457490e-12 3.645649916191181070e-12 -1.238018172268325860e-12 -3.394331002043478929e-12
-1.856249333749801314e-13 1.141665542550859100e-12 1.770817579182710797e-12 -2.092089451647153192e-12 3.315741640973895133e-12 3.795133828221813952e-12 9.508676398530243609e-12 1.183647233136869101e-11 1.647378963807199824e-11 2.688726376512704205e-11 3.631119628259755223e-11 3.260752880731203692e-11 2.760716691938224895e-11 2.779030850564177133e-11 3.006458321058213465e-11 3.248208638677849021e-11 3.549869710452873725e-11 4.043850410757139473e-11 4.369777195102953272e-11 4.182838726656148436e-11 3.123520349163849691e-11 7.175841747383356351e-12 3.658038205643771659e-14 -7.417482650339158420e-14 1.243677248889356179e-12 -2.565641126687958778e-12
-1.727831306863097209e-12 9.925392132867520383e-13 3.610854544822834579e-13 -2.750312440700339590e-12 2.328650689204142081e-12 3.282223943749188751e-12 6.466551502844571743e-12 8.115677644740050033e-12 1.304416486344637137e-11 2.176712811260451605e-11 3.260752880731203692e-11 4.477350021210964177e-11 3.916468906642893248e-11 3.794909878112182440e-11 3.972957076162511307e-11 4.099284477963465134e-11 4.418636989770472204e-11 4.827536429642967164e-11 5.024169274756847889e-11 4.411722202464717522e-11 2.969231939510315308e-11 1.809276391190306032e-12 -2.955409724621943794e-12 -7.867376894039632940e-13 3.209103318084088330e-12 -1.740232966441985190e-12
4.386348386228404954e-12 3.097545401170605196e-12 1.143428139428842088e-15 -1.338455511203423438e-12 3.227314809425285107e-12 4.653321073413775377e-12 5.378308948268020850e-12 8.176181881972314951e-12 1.300160787652438437e-11 1.896727557023649486e-11 2.760716691938224895e-11 3.916468906642893248e-11 4.917063616526829724e-11 5.056549906280360319e-11 5.070889077301996435e-11 4.973685066747571276e-11 5.327578515233876347e-11 5.488587978837600917e-11 5.566273716056646001e-11 4.907752659182558193e-11 3.363136975517601984e-11 1.827559807147239770e-12 -2.398907915048294193e-12 -1.646546474558229281e-12 2.017043918131532391e-13 -5.004795339340219959e-12
7.027808660743411040e-12 3.650676011241725478e-12 1.647533152090228811e-12 -1.250124619825382223e-12 4.621302959912993242e-12 5.102157895121633413e-12 8.437992846472002092e-12 8.908102130084784636e-12 1.294705792476738290e-11 2.004599999876297321e-11 2.779030850564177133e-11 3.794909878112182440e-11 5.056549906280360319e-11 7.038049645699975827e-11 7.327348544369165249e-11 7.301108682094376945e-11 8.125558979162630142e-11 8.337302792480277663e-11 8.431035119295529046e-11 7.571220086337721508e-11 5.517462249383885310e-11 9.266227423093569939e-12 -9.167871004720031882e-13 8.374756298671239395e-12 7.892923781878863069e-12 -6.853391951723411477e-12
3.534679379200840459e-12 8.053927754829228755e-12 2.657993679091421271e-12 -3.278859713171581357e-13 6.553604184859631668e-12 7.479010297812118819e-12 9.180292457048829337e-12 8.671765554415598930e-12 1.235557253844824492e-11 2.096579195462749269e-11 3.006458321058213465e-11 3.972957076162511307e-11 5.070889077301996435e-11 7.327348544369165249e-11 9.459304293770602197e-11 9.935679100906972092e-11 1.086673643483150170e-10 1.109681568482074929e-10 1.136302723970303457e-10 1.059388169740918181e-10 8.315920834664762165e-11 2.700831379625766187e-11 9.517856719453414038e-12 1.783159776957190552e-11 1.100897073411640328e-11 -1.720119201590341573e-11
2.008358457380311060e-12 1.256972204360104494e-11 4.674033214221834468e-12 4.354084681806257796e-13 1.162030040753113849e-11 9.780737126220927208e-12 1.370674328723284136e-11 1.050811918849871860e-11 1.561926925058202488e-11 2.415694550655236400e-11 3.248208638677849021e-11 4.099284477963465134e-11 4.973685066747571276e-11 7.301108682094376945e-11 9.935679100906972092e-11 1.268031647667745416e-10 1.467671664454847427e-10 1.539567729920569940e-10 1.606030127362768497e-10 1.560228472069334119e-10 1.286991546345935999e-10 5.197728578355852653e-11 1.511118248849791229e-11 2.760104866055588428e-11 1.858717315200989910e-11 -1.976023076732296879e-11
6.371377713971085539e-12 2.114561851847921495e-11 6.374099738676178051e-12 1.897460207180775082e-12 1.786949849190639645e-11 1.361368060589424888e-11 1.905503585637391007e-11 1.577729556795134167e-11 2.072457234749707926e-11 3.005167185759058046e-11 3.549869710452873725e-11 4.418636989770472204e-11 5.327578515233876347e-11 8.125558979162630142e-11 1.086673643483150170e-10 1.467671664454847427e-10 1.967468193205297455e-10 2.184849217673814983e-10 2.285788224636261569e-10 2.244551503706507642e-10 1.883128414237574148e-10 8.093676393801231277e-11 2.264939069548168210e-11 4.313082404666017396e-11 2.663874697788934757e-11 -3.411781101071710446e-11
1.082367063764086549e-11 2.983307356563089666e-11 4.925224768514426410e-12 2.924386113882982168e-12 1.872195351576191790e-11 1.285098276237991120e-11 2.008937213003846421e-11 2.089578841406700649e-11 2.560589713632164218e-11 3.622597010064740195e-11 4.043850410757139473e-11 4.827536429642967164e-11 5.488587978837600917e-11 8.337302792480277663e-11 1.109681568482074929e-10 1.539567729920569940e-10 2.184849217673814983e-10 2.807608489947232474e-10 3.098449166336896843e-10 3.115725062452419156e-10 2.675008119283327460e-10 1.355665998126127840e-10 4.212273843129037797e-11 6.111101282413998596e-11 2.940300279246303219e-11 -4.236461290636305457e-11
1.744275964270327673e-11 3.123384353408657230e-11 4.547667471745165362e-12 1.054965619653216396e-12 1.845825325064949661e-11 1.076029128168168177e-11 2.243236625229520438e-11 2.447663541572991732e-11 2.841088912865997434e-11 3.947126121167715832e-11 4.369777195102953272e-11 5.024169274756847889e-11 5.566273716056646001e-11 8.431035119295529046e-11 1.136302723970303457e-10 1.606030127362768497e-10 2.285788224636261569e-10 3.098449166336896843e-10 3.844471987592425102e-10 4.074747936035941167e-10 3.571734048057784966e-10 2.032429397660369574e-10 6.130359346146289049e-11 6.719746641416521835e-11 3.098097872418743197e-11 -4.329892631102103040e-11
1.828134415051931040e-11 3.401316058637550448e-11 5.568205980914399398e-12 8.725518061849121197e-13 1.630714041328253362e-11 1.029345675384861551e-11 2.312452043296878776e-11 2.919974241420218050e-11 3.139280419840932288e-11 4.137501486759928837e-11 4.182838726656148436e-11 4.411722202464717522e-11 4.907752659182558193e-11 7.571220086337721508e-11 1.059388169740918181e-10 1.560228472069334119e-10 2.244551503706507642e-10 3.115725062452419156e-10 4.074747936035941167e-10 4.877611889564857105e-10 4.603184757394953819e-10 2.991193846501034771e-10 1.182780498598121469e-10 8.330659943101818985e-11 3.764963960770526423e-11 -3.445153287355639046e-11
1.495787337650501018e-11 2.985121828841906544e-11 2.310542999096331114e-12 5.300833587215666149e-12 1.388234358899880527e-11 3.222020984214931161e-12 1.600024159630077096e-11 2.822386383927143823e-11 2.710416763578007609e-11 3.521136295946021305e-11 3.123520349163849691e-11 2.969231939510315308e-11 3.363136975517601984e-11 5.517462249383885310e-11 8.315920834664762165e-11 1.286991546345935999e-10 1.883128414237574148e-10 2.675008119283327460e-10 3.571734048057784966e-10 4.603184757394953819e-10 5.184544207573892607e-10 4.174584299584872273e-10 2.410005976131864519e-10 1.237622506991128791e-10 3.770228533920975105e-11 -3.485379627232984427e-11
6.835739318701455971e-12 1.641133100840323805e-11 2.343745368738549462e-12 7.300019880823863004e-12 2.525242707229754641e-13 -9.742530061635914252e-12 -4.949241666814697034e-12 1.586182348146525088e-11 1.211123827668458140e-11 1.725239069455372224e-11 7.175841747383356351e-12 1.809276391190306032e-12 1.827559807147239770e-12 9.266227423093569939e-12 2.700831379625766187e-11 5.197728578355852653e-11 8.093676393801231277e-11 1.355665998126127840e-10 2.032429397660369574e-10 2.991193846501034771e-10 4.174584299584872273e-10 4.942268328940120391e-10 4.081259135103907845e-10 2.045147425596622702e-10 3.301603715363153081e-11 -2.010592320861041486e-11
-3.907278670287014393e-12 5.891369473576772615e-12 9.593927211040589354e-12 1.350626244715318325e-11 2.190482261015242800e-14 -9.989079998017932760e-12 -1.665499500295359374e-11 7.657243691307880616e-12 3.211890586032368230e-12 9.900097601523457490e-12 3.658038205643771659e-14 -2.955409724621943794e-12 -2.398907915048294193e-12 -9.167871004720031882e-13 9.517856719453414038e-12 1.511118248849791229e-11 2.264939069548168210e-11 4.212273843129037797e-11 6.130359346146289049e-11 1.182780498598121469e-10 2.410005976131864519e-10 4.081259135103907845e-10 5.209382284502378690e-10 3.458931895429525456e-10 7.252705020589809881e-11 5.873991268350990792e-13
-6.545951346155770155e-12 -3.659013137537053057e-12 9.018876235073342369e-12 1.501584262200065952e-11 1.059739115987549022e-11 -3.290869082452834274e-12 -7.310633940491044475e-12 2.424338900619974614e-12 -1.441036376141687782e-12 3.645649916191181070e-12 -7.417482650339158420e-14 -7.867376894039632940e-13 -1.646546474558229281e-12 8.374756298671239395e-12 1.783159776957190552e-11 2.760104866055588428e-11 4.313082404666017396e-11 6.111101282413998596e-11 6.719746641416521835e-11 8.330659943101818985e-11 1.237622506991128791e-10 2.045147425596622702e-10 3.458931895429525456e-10 4.380099689418166809e-10 2.445068633067116655e-10 6.457719422218046100e-11
-7.674434332254706095e-12 -7.451145922673927205e-13 1.068928119334184892e-12 1.108156802847102764e-11 1.599756087128350784e-11 -3.772136993290984837e-12 3.041695293166592264e-12 2.022339187882582725e-12 -1.605280508504689565e-13 -1.238018172268325860e-12 1.243677248889356179e-12 3.209103318084088330e-12 2.017043918131532391e-13 7.892923781878863069e-12 1.100897073411640328e-11 1.858717315200989910e-11 2.663874697788934757e-11 2.940300279246303219e-11 3.098097872418743197e-11 3.764963960770526423e-11 3.770228533920975105e-11 3.301603715363153081e-11 7.252705020589809881e-11 2.445068633067116655e-10 3.809779329619475994e-10 2.115117670939186755e-10
-2.113470069618053391e-11 -4.153240242697981883e-12 3.908077528807254097e-12 9.665050914514707859e-12 5.062069198495794271e-12 -3.117649567292307127e-12 -4.293731786276645861e-12 -6.099361293241625734e-12 1.249474610184748489e-12 -3.394331002043478929e-12 -2.565641126687958778e-12 -1.740232966441985190e-12 -5.004795339340219959e-12 -6.853391951723411477e-12 -1.720119201590341573e-11 -1.976023076732296879e-11 -3.411781101071710446e-11 -4.236461290636305457e-11 -4.329892631102103040e-11 -3.445153287355639046e-11 -3.485379627232984427e-11 -2.010592320861041486e-11 5.873991268350990792e-13 6.457719422218046100e-11 2.115117670939186755e-10 3.938390152578458588e-10
