5.522888314475502488e-11 1.049185056375598560e-11 6.855147399072911116e-12 1.747144227653736749e-12 3.846668487374627754e-12 6.804569725494278379e-13 3.899406092303838993e-14 1.299449916133682082e-12 2.209749573288819895e-12 1.795710758169474693e-12 2.995495191622744063e-12 1.021571296591378125e-12 2.518870043444784465e-12 8.874793712915895865e-13 2.160579254642121886e-12 2.261821210433451649e-12 -2.832852469413333624e-13 -9.439709147813826957e-13 -7.551687679102812179e-13 -1.051641691699978879e-13 -1.993428624485514998e-12 -7.786135761802145278e-12 -2.505041351840292251e-12 -1.230251369706991944e-12 -3.648380798490668828e-13 5.386854054138843561e-12
1.049185056375598560e-11 4.701797559651950574e-11 1.379472173818499178e-11 1.228283915744635673e-11 6.700899139717323224e-12 4.267519316932765565e-12 1.541069088066528948e-12 2.324098399502125369e-12 3.258700497638433404e-12 1.605531772488509358e-12 1.960101872927388278e-12 8.024172182707080441e-13 -2.965109867575930110e-13 7.476408397092024274e-13 2.317914142477515847e-12 4.208588063945659311e-12 1.495032698673983520e-12 -3.664475918637922701e-12 -2.608723980024278974e-12 -1.162638193279971327e-12 -5.386351171202944363e-12 -9.660057716266273922e-12 -1.098898145784399938e-11 -1.265019984029035068e-11 -1.035029420895985108e-11 -3.216204442234468508e-12
6.855147399072911116e-12 1.379472173818499178e-11 3.858265401320209790e-11 1.315467193696087578e-11 5.756908107709463125e-12 3.767016485314102358e-12 3.566641315339813014e-12 5.870056334056786623e-13 1.416626541544795473e-12 3.427587359222048559e-13 3.097421030615149515e-13 4.124811438344421999e-14 2.016947576489538286e-13 1.115964483350228523e-12 -5.738006027402356894e-13 -9.222111631236467037e-14 -1.657917057004270362e-12 -3.771831449954641708e-12 -3.918350172410576786e-12 -4.110612873571052796e-12 -2.561695580255927978e-12 -6.897509721953183412e-13 2.297631178330731237e-12 3.763013396419565663e-13 6.351836585375729276e-12 -5.209550923172618157e-13
1.747144227653736749e-12 1.228283915744635673e-11 1.315467193696087578e-11 3.028690574360349493e-11 1.364379876812420877e-11 7.183719785252000459e-12 5.260450876161552186e-12 3.109088174440492882e-12 3.814548772283902211e-12 1.707044161390598675e-12 2.015072966361945437e-12 2.124711018780516950e-12 7.672050653912235304e-13 7.823366632816343522e-13 4.953062624910306642e-13 2.244839484224137443e-12 2.601287361587886162e-12 4.095145521253442749e-12 4.718079172531536698e-12 6.558069855995657978e-12 6.813268306032271905e-12 4.661845833737873111e-12 1.754173067787166150e-12 2.837504726638159690e-13 6.249455154601186439e-12 3.558118060418496804e-12
3.846668487374627754e-12 6.700899139717323224e-12 5.756908107709463125e-12 1.364379876812420877e-11 2.628085059880912668e-11 1.105150759104473373e-11 7.052472620744470019e-12 4.395255844586617073e-12 2.661782998638283915e-12 1.236491462368247608e-12 1.191217429501188500e-12 2.125377854061245921e-12 1.190014967118579644e-12 1.226838260174277561e-12 2.248727287346159250e-12 5.451002113806720099e-12 7.405316964792829202e-12 9.997386382827316506e-12 1.119117721611835254e-11 1.230110341798293489e-11 1.165467111699207166e-11 4.196485393168423762e-12 -5.935592265320599302e-12 -4.832752971428961616e-12 4.899475900249625273e-12 4.745380305210720157e-13
6.804569725494278379e-13 4.267519316932765565e-12 3.767016485314102358e-12 7.183719785252000459e-12 1.105150759104473373e-11 2.018462233803065718e-11 1.214471149607185853e-11 7.987442358997055999e-12 5.545106685790196765e-12 4.262276417688770130e-12 2.683824085068321750e-12 1.670009194186952109e-12 3.254830062919048074e-13 -5.024213459628133154e-13 1.492324463823550370e-12 4.697213803305243796e-12 5.278171713153435621e-12 8.802004463099102934e-12 1.072590981105725179e-11 1.228540795908749899e-11 1.276575463297612707e-11 6.745756149933934123e-12 -4.977809314809874171e-13 -1.480849565761524330e-12 5.848581191192543932e-12 3.211735599509975549e-12
3.899406092303838993e-14 1.541069088066528948e-12 3.566641315339813014e-12 5.260450876161552186e-12 7.052472620744470019e-12 1.214471149607185853e-11 2.060568843670670141e-11 1.281122813893616716e-11 1.000672301567627431e-11 8.417186742723597240e-12 6.905906242956545634e-12 4.167840528238661747e-12 3.711240535517039817e-12 4.866606032196641499e-12 5.665185212980772558e-12 7.905694735312431932e-12 7.820486699641884154e-12 1.032718131871784798e-11 1.410532462229734423e-11 1.583729815196433395e-11 1.436403055009994310e-11 7.685297283262459975e-12 2.515654788413227618e-12 5.526731111256729419e-12 6.356885709900544067e-12 2.101821273501920934e-12
1.299449916133682082e-12 2.324098399502125369e-12 5.870056334056786623e-13 3.109088174440492882e-12 4.395255844586617073e-12 7.987442358997055999e-12 1.281122813893616716e-11 2.050377922891657101e-11 1.430122873312055578e-11 1.240845232201448043e-11 9.438931966025974058e-12 6.309492971641427102e-12 4.950551790674916662e-12 4.737754826769348257e-12 3.944849694775807885e-12 7.662214581925731781e-12 8.390939217599479759e-12 9.442333627377521339e-12 1.273089368498820165e-11 1.456869707006830662e-11 1.233157000727584283e-11 4.841388686577285966e-12 -3.531102693936250851e-12 2.188272404144146643e-13 6.631965143482541455e-12 2.159938724464284084e-12
2.209749573288819895e-12 3.258700497638433404e-12 1.416626541544795473e-12 3.814548772283902211e-12 2.661782998638283915e-12 5.545106685790196765e-12 1.000672301567627431e-11 1.430122873312055578e-11 2.054393857789983410e-11 1.654841650952584493e-11 1.188671052346880048e-11 6.985837996443196577e-12 5.780620721193506747e-12 6.678221988020532207e-12 6.405549827265447571e-12 1.020136895258075462e-11 1.052755997102097935e-11 1.258755126982835488e-11 1.574592158231144875e-11 1.836457967552577335e-11 1.745427342161804224e-11 1.105551899986007234e-11 2.411245733651650255e-12 3.399193764474840731e-12 8.440748112693239243e-12 6.023606218111650076e-12
1.795710758169474693e-12 1.605531772488509358e-12 3.427587359222048559e-13 1.707044161390598675e-12 1.236491462368247608e-12 4.262276417688770130e-12 8.417186742723597240e-12 1.240845232201448043e-11 1.654841650952584493e-11 2.351051458572583327e-11 1.938725093483509907e-11 1.354307172978527797e-11 1.171234395658139470e-11 1.183457817117596826e-11 1.279507357117212717e-11 1.706428212714592268e-11 1.776370997706186928e-11 1.988884125093830414e-11 2.317346582064603692e-11 2.418858157509319233e-11 2.111483478783684986e-11 1.013645231341153386e-11 4.410401816683850260e-13 1.482348773907822848e-12 7.292777205000648045e-12 6.743960290235736336e-12
2.995495191622744063e-12 1.960101872927388278e-12 3.097421030615149515e-13 2.015072966361945437e-12 1.191217429501188500e-12 2.683824085068321750e-12 6.905906242956545634e-12 9.438931966025974058e-12 1.188671052346880048e-11 1.938725093483509907e-11 2.694186858240517264e-11 2.251552042127802815e-11 2.096212495709607710e-11 2.092668893668992296e-11 2.188692747547076197e-11 2.417855369415934183e-11 2.514503131822151852e-11 2.806458205683686903e-11 3.126588941874436285e-11 3.148307009844383004e-11 2.220222766917524845e-11 4.975896103165939689e-12 -3.184826302512728885e-12 -1.553094001863902408e-13 4.523547592070285841e-12 2.984132157130982048e-12
1.021571296591378125e-12 8.024172182707080441e-13 4.124811438344421999e-14 2.124711018780516950e-12 2.125377854061245921e-12 1.670009194186952109e-12 4.167840528238661747e-12 6.309492971641427102e-12 6.985837996443196577e-12 1.354307172978527797e-11 2.251552042127802815e-11 3.146355089545872520e-11 3.030802446129901421e-11 2.815645192287698840e-11 2.894916745082472822e-11 2.983886596508442379e-11 3.156743315929440848e-11 3.498654573246267702e-11 3.672064226854651804e-11 3.669505715621218267e-11 2.490332826850802047e-11 -8.730721387955496793e-13 -1.175245339473952148e-11 -3.447279553364590636e-12 8.440542387055649384e-12 6.353288186922580723e-12
2.518870043444784465e-12 -2.965109867575930110e-13 2.016947576489538286e-13 7.672050653912235304e-13 1.190014967118579644e-12 3.254830062919048074e-13 3.711240535517039817e-12 4.950551790674916662e-12 5.780620721193506747e-12 1.171234395658139470e-11 2.096212495709607710e-11 3.030802446129901421e-11 4.187430276562203346e-11 4.228352205225568026e-11 4.182979144173738339e-11 4.081647429023290792e-11 4.073732471351376904e-11 4.185020966843299561e-11 4.156071906654545048e-11 3.904858962323530014e-11 2.355542910234091650e-11 -8.942777315189639610e-12 -1.464828429427234367e-11 -1.895080798388735467e-12 1.034531338930456681e-11 7.439279803973861358e-12
8.874793712915895865e-13 7.476408397092024274e-13 1.115964483350228523e-12 7.823366632816343522e-13 1.226838260174277561e-12 -5.024213459628133154e-13 4.866606032196641499e-12 4.737754826769348257e-12 6.678221988020532207e-12 1.183457817117596826e-11 2.092668893668992296e-11 2.815645192287698840e-11 4.228352205225568026e-11 5.382748899813971070e-11 5.474637552180641627e-11 5.136706852024517794e-11 4.917021944609721865e-11 4.850316616739106627e-11 4.827513581576874780e-11 4.410975981156074767e-11 2.655052278354569038e-11 -6.535842051365110260e-12 -9.723428583471971600e-12 3.875851808454792491e-12 1.376768088067237435e-11 8.961439710943523228e-12
2.160579254642121886e-12 2.317914142477515847e-12 -5.738006027402356894e-13 4.953062624910306642e-13 2.248727287346159250e-12 1.492324463823550370e-12 5.665185212980772558e-12 3.944849694775807885e-12 6.405549827265447571e-12 1.279507357117212717e-11 2.188692747547076197e-11 2.894916745082472822e-11 4.182979144173738339e-11 5.474637552180641627e-11 6.945834863694728382e-11 6.894267540609775232e-11 6.888242211849040569e-11 6.914386089374720836e-11 7.007810449669517416e-11 6.360216425838277687e-11 4.130035107544438867e-11 -3.194153166323124065e-12 -1.154034341541311729e-11 4.056769312891412230e-12 1.470841165973633513e-11 1.248386847881594222e-11
2.261821210433451649e-12 4.208588063945659311e-12 -9.222111631236467037e-14 2.244839484224137443e-12 5.451002113806720099e-12 4.697213803305243796e-12 7.905694735312431932e-12 7.662214581925731781e-12 1.020136895258075462e-11 1.706428212714592268e-11 2.417855369415934183e-11 2.983886596508442379e-11 4.081647429023290792e-11 5.136706852024517794e-11 6.894267540609775232e-11 8.703105155921621708e-11 9.455548041641936343e-11 9.806683696824686927e-11 1.014962529257782213e-10 9.312697641634522322e-11 6.682336103283218458e-11 8.796415869621480448e-12 -1.476540234440948187e-11 5.474800037153172699e-13 1.175923034952353424e-11 1.206451507528255766e-11
-2.832852469413333624e-13 1.495032698673983520e-12 -1.657917057004270362e-12 2.601287361587886162e-12 7.405316964792829202e-12 5.278171713153435621e-12 7.820486699641884154e-12 8.390939217599479759e-12 1.052755997102097935e-11 1.776370997706186928e-11 2.514503131822151852e-11 3.156743315929440848e-11 4.073732471351376904e-11 4.917021944609721865e-11 6.888242211849040569e-11 9.455548041641936343e-11 1.224588624015211065e-10 1.355984043521816440e-10 1.422217060278788983e-10 1.349803527210818826e-10 1.064549317668948248e-10 3.180858802867342463e-11 -1.836618590339156872e-11 -9.113106131745606515e-12 8.913494929869463869e-12 1.420111459145310188e-11
-9.439709147813826957e-13 -3.664475918637922701e-12 -3.771831449954641708e-12 4.095145521253442749e-12 9.997386382827316506e-12 8.802004463099102934e-12 1.032718131871784798e-11 9.442333627377521339e-12 1.258755126982835488e-11 1.988884125093830414e-11 2.806458205683686903e-11 3.498654573246267702e-11 4.185020966843299561e-11 4.850316616739106627e-11 6.914386089374720836e-11 9.806683696824686927e-11 1.355984043521816440e-10 1.769231047147876051e-10 1.981321977695902693e-10 1.966429917595260597e-10 1.710672200162469983e-10 8.208053380728581370e-11 -3.804903091573649077e-12 -6.183232837280352569e-12 1.650375580104781604e-11 1.607082828427890166e-11
-7.551687679102812179e-13 -2.608723980024278974e-12 -3.918350172410576786e-12 4.718079172531536698e-12 1.119117721611835254e-11 1.072590981105725179e-11 1.410532462229734423e-11 1.273089368498820165e-11 1.574592158231144875e-11 2.317346582064603692e-11 3.126588941874436285e-11 3.672064226854651804e-11 4.156071906654545048e-11 4.827513581576874780e-11 7.007810449669517416e-11 1.014962529257782213e-10 1.422217060278788983e-10 1.981321977695902693e-10 2.552795390544957396e-10 2.692229276010837346e-10 2.436643844025155075e-10 1.416029605564142935e-10 1.910155780725079220e-11 -1.836505667380633536e-12 1.920583931400005416e-11 1.555866138491343274e-11
-1.051641691699978879e-13 -1.162638193279971327e-12 -4.110612873571052796e-12 6.558069855995657978e-12 1.230110341798293489e-11 1.228540795908749899e-11 1.583729815196433395e-11 1.456869707006830662e-11 1.836457967552577335e-11 2.418858157509319233e-11 3.148307009844383004e-11 3.669505715621218267e-11 3.904858962323530014e-11 4.410975981156074767e-11 6.360216425838277687e-11 9.312697641634522322e-11 1.349803527210818826e-10 1.966429917595260597e-10 2.692229276010837346e-10 3.238249290770163261e-10 3.205526621256683218e-10 2.189915561743348843e-10 6.443520347552510814e-11 9.793406174465102711e-13 2.277407885191773098e-11 2.037537001600519951e-11
-1.993428624485514998e-12 -5.386351171202944363e-12 -2.561695580255927978e-12 6.813268306032271905e-12 1.165467111699207166e-11 1.276575463297612707e-11 1.436403055009994310e-11 1.233157000727584283e-11 1.745427342161804224e-11 2.111483478783684986e-11 2.220222766917524845e-11 2.490332826850802047e-11 2.355542910234091650e-11 2.655052278354569038e-11 4.130035107544438867e-11 6.682336103283218458e-11 1.064549317668948248e-10 1.710672200162469983e-10 2.436643844025155075e-10 3.205526621256683218e-10 3.795159434337072248e-10 3.170103461551188589e-10 1.396011901680247746e-10 5.025776407335918268e-12 2.139456905584259239e-11 3.341772112203484967e-11
-7.786135761802145278e-12 -9.660057716266273922e-12 -6.897509721953183412e-13 4.661845833737873111e-12 4.196485393168423762e-12 6.745756149933934123e-12 7.685297283262459975e-12 4.841388686577285966e-12 1.105551899986007234e-11 1.013645231341153386e-11 4.975896103165939689e-12 -8.730721387955496793e-13 -8.942777315189639610e-12 -6.535842051365110260e-12 -3.194153166323124065e-12 8.796415869621480448e-12 3.180858802867342463e-11 8.208053380728581370e-11 1.416029605564142935e-10 2.189915561743348843e-10 3.170103461551188589e-10 3.790887651277394446e-10 2.665439752375220873e-10 6.531697410416773181e-11 1.297186061491305465e-11 4.822696057203671456e-11
-2.505041351840292251e-12 -1.098898145784399938e-11 2.297631178330731237e-12 1.754173067787166150e-12 -5.935592265320599302e-12 -4.977809314809874171e-13 2.515654788413227618e-12 -3.531102693936250851e-12 2.411245733651650255e-12 4.410401816683850260e-13 -3.184826302512728885e-12 -1.175245339473952148e-11 -1.464828429427234367e-11 -9.723428583471971600e-12 -1.154034341541311729e-11 -1.476540234440948187e-11 -1.836618590339156872e-11 -3.804903091573649077e-12 1.910155780725079220e-11 6.443520347552510814e-11 1.396011901680247746e-10 2.665439752375220873e-10 3.384795260538323987e-10 2.067381326336968207e-10 6.149041240029824191e-11 7.088271089098348848e-11
-1.230251369706991944e-12 -1.265019984029035068e-11 3.763013396419565663e-13 2.837504726638159690e-13 -4.832752971428961616e-12 -1.480849565761524330e-12 5.526731111256729419e-12 2.188272404144146643e-13 3.399193764474840731e-12 1.482348773907822848e-12 -1.553094001863902408e-13 -3.447279553364590636e-12 -1.895080798388735467e-12 3.875851808454792491e-12 4.056769312891412230e-12 5.474800037153172699e-13 -9.113106131745606515e-12 -6.183232837280352569e-12 -1.836505667380633536e-12 9.793406174465102711e-13 5.025776407335918268e-12 6.531697410416773181e-11 2.067381326336968207e-10 3.246102539547778634e-10 2.084642244811768612e-10 8.664831410610203254e-11
-3.648380798490668828e-13 -1.035029420895985108e-11 6.351836585375729276e-12 6.249455154601186439e-12 4.899475900249625273e-12 5.848581191192543932e-12 6.356885709900544067e-12 6.631965143482541455e-12 8.440748112693239243e-12 7.292777205000648045e-12 4.523547592070285841e-12 8.440542387055649384e-12 1.034531338930456681e-11 1.376768088067237435e-11 1.470841165973633513e-11 1.175923034952353424e-11 8.913494929869463869e-12 1.650375580104781604e-11 1.920583931400005416e-11 2.277407885191773098e-11 2.139456905584259239e-11 1.297186061491305465e-11 6.149041240029824191e-11 2.084642244811768612e-10 3.173627563114441938e-10 1.711630848745769792e-10
5.386854054138843561e-12 -3.216204442234468508e-12 -5.209550923172618157e-13 3.558118060418496804e-12 4.745380305210720157e-13 3.211735599509975549e-12 2.101821273501920934e-12 2.159938724464284084e-12 6.023606218111650076e-12 6.743960290235736336e-12 2.984132157130982048e-12 6.353288186922580723e-12 7.439279803973861358e-12 8.961439710943523228e-12 1.248386847881594222e-11 1.206451507528255766e-11 1.420111459145310188e-11 1.607082828427890166e-11 1.555866138491343274e-11 2.037537001600519951e-11 3.341772112203484967e-11 4.822696057203671456e-11 7.088271089098348848e-11 8.664831410610203254e-11 1.711630848745769792e-10 2.590891111498002806e-10
