8.703617774765956630e-11 1.880770070626715160e-11 1.011760980433417885e-11 -5.272586854821315351e-13 -3.817880740972723433e-12 -4.602541974013232725e-12 1.217754308216312519e-12 7.091229673217681730e-13 4.571651559449597721e-12 2.429620237438012786e-12 -1.856249333748846855e-13 -1.727831306863203434e-12 4.386348386228565705e-12 7.027808660743491820e-12 3.534679379200694249e-12 2.008358457380241994e-12 6.371377713970938520e-12 1.082367063764095112e-11 1.744275964270337366e-11 1.828134415051963674e-11 1.495787337650516204e-11 6.835739318701875216e-12 -3.907278670286734089e-12 -6.545951346155737035e-12 -7.674434332254683476e-12 -2.113470069618043698e-11
1.880770070626715160e-11 6.052466379639880345e-11 1.969747565069789053e-11 8.928407182013669972e-12 7.477513839972109542e-12 4.249890374000435022e-12 5.362414088587926990e-12 3.091580093500182058e-12 3.860779211772922361e-12 1.420331816007239439e-12 1.141665542550885757e-12 9.925392132867257850e-13 3.097545401170784526e-12 3.650676011241804642e-12 8.053927754829230371e-12 1.256972204360104009e-11 2.114561851847913740e-11 2.983307356563090958e-11 3.123384353408635905e-11 3.401316058637542047e-11 2.985121828841881987e-11 1.641133100840278892e-11 5.891369473576320250e-12 -3.659013137537234810e-12 -7.451145922674303839e-13 -4.153240242697941494e-12
1.011760980433417885e-11 1.969747565069789053e-11 4.094254957485592721e-11 1.098798404059649459e-11 6.942585383441449602e-12 5.290596942292064430e-12 6.539270217724421843e-12 3.565000682589574619e-12 2.498882777591270837e-12 2.388398598870792644e-13 1.770817579182690199e-12 3.610854544820687868e-13 1.143428139156364206e-15 1.647533152090214271e-12 2.657993679091402288e-12 4.674033214221865165e-12 6.374099738676106965e-12 4.925224768514309280e-12 4.547667471745112856e-12 5.568205980914394551e-12 2.310542999096439358e-12 2.343745368738642359e-12 9.593927211040634590e-12 9.018876235073515237e-12 1.068928119334133395e-12 3.908077528807394653e-12
-5.272586854821315351e-13 8.928407182013669972e-12 1.098798404059649459e-11 3.463420653845184227e-11 1.452648548518071123e-11 5.904490865101128516e-12 2.878048178987446758e-12 1.136257957797388939e-13 -9.218202643665360351e-13 -2.735780465898605787e-12 -2.092089451647293345e-12 -2.750312440700346860e-12 -1.338455511203134854e-12 -1.250124619825223895e-12 -3.278859713169883981e-13 4.354084681808168228e-13 1.897460207180920080e-12 2.924386113883083546e-12 1.054965619653359375e-12 8.725518061852273612e-13 5.300833587216154864e-12 7.300019880824234589e-12 1.350626244715344821e-11 1.501584262200079200e-11 1.108156802847083216e-11 9.665050914514035775e-12
-3.817880740972723433e-12 7.477513839972109542e-12 6.942585383441449602e-12 1.452648548518071123e-11 3.272471896723938396e-11 1.377956652238799711e-11 1.018631042747886106e-11 6.289311752302455001e-12 4.962001271086275701e-12 2.635948914684083640e-12 3.315741640973801429e-12 2.328650689204273751e-12 3.227314809425542389e-12 4.621302959913347864e-12 6.553604184859907125e-12 1.162030040753143576e-11 1.786949849190678096e-11 1.872195351576237026e-11 1.845825325064988112e-11 1.630714041328285997e-11 1.388234358899894098e-11 2.525242707229225031e-13 2.190482261014382942e-14 1.059739115987517356e-11 1.599756087128363063e-11 5.062069198496479279e-12
-4.602541974013232725e-12 4.249890374000435022e-12 5.290596942292064430e-12 5.904490865101128516e-12 1.377956652238799711e-11 2.575896299476093451e-11 1.357748671950687678e-11 9.555238981241269370e-12 8.184547490068539246e-12 5.008760229184889163e-12 3.795133828221705708e-12 3.282223943749345867e-12 4.653321073414014484e-12 5.102157895121940375e-12 7.479010297812467786e-12 9.780737126221432887e-12 1.361368060589463339e-11 1.285098276238040234e-11 1.076029128168235385e-11 1.029345675384933121e-11 3.222020984215399681e-12 -9.742530061635579825e-12 -9.989079998017829363e-12 -3.290869082452639192e-12 -3.772136993290499353e-12 -3.117649567291900403e-12
1.217754308216312519e-12 5.362414088587926990e-12 6.539270217724421843e-12 2.878048178987446758e-12 1.018631042747886106e-11 1.357748671950687678e-11 2.687177927240855988e-11 1.685650953194722598e-11 1.107230424731089481e-11 8.774669393109656450e-12 9.508676398530067510e-12 6.466551502844439265e-12 5.378308948267986115e-12 8.437992846472081256e-12 9.180292457048650007e-12 1.370674328723271373e-11 1.905503585637372266e-11 2.008937213003824772e-11 2.243236625229481664e-11 2.312452043296847756e-11 1.600024159630026366e-11 -4.949241666815092853e-12 -1.665499500295418504e-11 -7.310633940491630933e-12 3.041695293166618114e-12 -4.293731786276179765e-12
7.091229673217681730e-13 3.091580093500182058e-12 3.565000682589574619e-12 1.136257957797388939e-13 6.289311752302455001e-12 9.555238981241269370e-12 1.685650953194722598e-11 2.609183767886774053e-11 1.804261421464818604e-11 1.447565934846026121e-11 1.183647233136877664e-11 8.115677644740213207e-12 8.176181881972684920e-12 8.908102130085375941e-12 8.671765554416083607e-12 1.050811918849922428e-11 1.577729556795182957e-11 2.089578841406721005e-11 2.447663541572982361e-11 2.919974241420204479e-11 2.822386383927117328e-11 1.586182348146480821e-11 7.657243691308379832e-12 2.424338900620666086e-12 2.022339187883104156e-12 -6.099361293240829249e-12
4.571651559449597721e-12 3.860779211772922361e-12 2.498882777591270837e-12 -9.218202643665360351e-13 4.962001271086275701e-12 8.184547490068539246e-12 1.107230424731089481e-11 1.804261421464818604e-11 2.559226064994128009e-11 2.175131290550992215e-11 1.647378963807199501e-11 1.304416486344644084e-11 1.300160787652428905e-11 1.294705792476751699e-11 1.235557253844851472e-11 1.561926925058228660e-11 2.072457234749720527e-11 2.560589713632161633e-11 2.841088912865997111e-11 3.139280419840965246e-11 2.710416763578051553e-11 1.211123827668495622e-11 3.211890586032716389e-12 -1.441036376141455542e-12 -1.605280508500067219e-13 1.249474610185103717e-12
2.429620237438012786e-12 1.420331816007239439e-12 2.388398598870792644e-13 -2.735780465898605787e-12 2.635948914684083640e-12 5.008760229184889163e-12 8.774669393109656450e-12 1.447565934846026121e-11 2.175131290550992215e-11 3.270137163032056803e-11 2.688726376512693542e-11 2.176712811260445466e-11 1.896727557023621375e-11 2.004599999876297321e-11 2.096579195462723743e-11 2.415694550655223153e-11 3.005167185759026381e-11 3.622597010064709176e-11 3.947126121167678350e-11 4.137501486759922375e-11 3.521136295946008380e-11 1.725239069455376425e-11 9.900097601523344399e-12 3.645649916190535643e-12 -1.238018172269489285e-12 -3.394331002044607821e-12
-1.856249333748846855e-13 1.141665542550885757e-12 1.770817579182690199e-12 -2.092089451647293345e-12 3.315741640973801429e-12 3.795133828221705708e-12 9.508676398530067510e-12 1.183647233136877664e-11 1.647378963807199501e-11 2.688726376512693542e-11 3.631119628259771378e-11 3.260752880731206277e-11 2.760716691938193875e-11 2.779030850564178425e-11 3.006458321058203125e-11 3.248208638677874871e-11 3.549869710452896989e-11 4.043850410757165968e-11 4.369777195102992046e-11 4.182838726656196257e-11 3.123520349163907852e-11 7.175841747384318433e-12 3.658038205685350308e-14 -7.417482650392177445e-14 1.243677248889016098e-12 -2.565641126688050866e-12
-1.727831306863203434e-12 9.925392132867257850e-13 3.610854544820687868e-13 -2.750312440700346860e-12 2.328650689204273751e-12 3.282223943749345867e-12 6.466551502844439265e-12 8.115677644740213207e-12 1.304416486344644084e-11 2.176712811260445466e-11 3.260752880731206277e-11 4.477350021210996488e-11 3.916468906642873215e-11 3.794909878112203119e-11 3.972957076162497090e-11 4.099284477963480644e-11 4.418636989770464449e-11 4.827536429642954239e-11 5.024169274756811054e-11 4.411722202464681333e-11 2.969231939510264901e-11 1.809276391189892442e-12 -2.955409724622443818e-12 -7.867376894040299370e-13 3.209103318084109333e-12 -1.740232966442002962e-12
4.386348386228565705e-12 3.097545401170784526e-12 1.143428139156364206e-15 -1.338455511203134854e-12 3.227314809425542389e-12 4.653321073414014484e-12 5.378308948267986115e-12 8.176181881972684920e-12 1.300160787652428905e-11 1.896727557023621375e-11 2.760716691938193875e-11 3.916468906642873215e-11 4.917063616526785134e-11 5.056549906280348040e-11 5.070889077301915009e-11 4.973685066747548011e-11 5.327578515233850497e-11 5.488587978837588638e-11 5.566273716056627906e-11 4.907752659182568532e-11 3.363136975517597460e-11 1.827559807147367402e-12 -2.398907915048480389e-12 -1.646546474558366001e-12 2.017043918132078156e-13 -5.004795339340338705e-12
7.027808660743491820e-12 3.650676011241804642e-12 1.647533152090214271e-12 -1.250124619825223895e-12 4.621302959913347864e-12 5.102157895121940375e-12 8.437992846472081256e-12 8.908102130085375941e-12 1.294705792476751699e-11 2.004599999876297321e-11 2.779030850564178425e-11 3.794909878112203119e-11 5.056549906280348040e-11 7.038049645700032695e-11 7.327348544369136814e-11 7.301108682094448031e-11 8.125558979162692180e-11 8.337302792480365551e-11 8.431035119295619519e-11 7.571220086337826198e-11 5.517462249383949287e-11 9.266227423094338958e-12 -9.167871004716776474e-13 8.374756298671279785e-12 7.892923781878501178e-12 -6.853391951723128749e-12
3.534679379200694249e-12 8.053927754829230371e-12 2.657993679091402288e-12 -3.278859713169883981e-13 6.553604184859907125e-12 7.479010297812467786e-12 9.180292457048650007e-12 8.671765554416083607e-12 1.235557253844851472e-11 2.096579195462723743e-11 3.006458321058203125e-11 3.972957076162497090e-11 5.070889077301915009e-11 7.327348544369136814e-11 9.459304293770458732e-11 9.935679100906935903e-11 1.086673643483147585e-10 1.109681568482071957e-10 1.136302723970299062e-10 1.059388169740916759e-10 8.315920834664682032e-11 2.700831379625743568e-11 9.517856719453086074e-12 1.783159776957176011e-11 1.100897073411629019e-11 -1.720119201590284382e-11
2.008358457380241994e-12 1.256972204360104009e-11 4.674033214221865165e-12 4.354084681808168228e-13 1.162030040753143576e-11 9.780737126221432887e-12 1.370674328723271373e-11 1.050811918849922428e-11 1.561926925058228660e-11 2.415694550655223153e-11 3.248208638677874871e-11 4.099284477963480644e-11 4.973685066747548011e-11 7.301108682094448031e-11 9.935679100906935903e-11 1.268031647667754464e-10 1.467671664454855957e-10 1.539567729920577177e-10 1.606030127362772892e-10 1.560228472069341874e-10 1.286991546345934449e-10 5.197728578355857823e-11 1.511118248849790906e-11 2.760104866055612662e-11 1.858717315200984094e-11 -1.976023076732281046e-11
6.371377713970938520e-12 2.114561851847913740e-11 6.374099738676106965e-12 1.897460207180920080e-12 1.786949849190678096e-11 1.361368060589463339e-11 1.905503585637372266e-11 1.577729556795182957e-11 2.072457234749720527e-11 3.005167185759026381e-11 3.549869710452896989e-11 4.418636989770464449e-11 5.327578515233850497e-11 8.125558979162692180e-11 1.086673643483147585e-10 1.467671664454855957e-10 1.967468193205306502e-10 2.184849217673821446e-10 2.285788224636264413e-10 2.244551503706519274e-10 1.883128414237570787e-10 8.093676393801222230e-11 2.264939069548191797e-11 4.313082404666050354e-11 2.663874697788960929e-11 -3.411781101071660040e-11
1.082367063764095112e-11 2.983307356563090958e-11 4.925224768514309280e-12 2.924386113883083546e-12 1.872195351576237026e-11 1.285098276238040234e-11 2.008937213003824772e-11 2.089578841406721005e-11 2.560589713632161633e-11 3.622597010064709176e-11 4.043850410757165968e-11 4.827536429642954239e-11 5.488587978837588638e-11 8.337302792480365551e-11 1.109681568482071957e-10 1.539567729920577177e-10 2.184849217673821446e-10 2.807608489947241780e-10 3.098449166336904598e-10 3.115725062452436733e-10 2.675008119283323324e-10 1.355665998126127323e-10 4.212273843129028104e-11 6.111101282413977916e-11 2.940300279246297403e-11 -4.236461290636295763e-11
1.744275964270337366e-11 3.123384353408635905e-11 4.547667471745112856e-12 1.054965619653359375e-12 1.845825325064988112e-11 1.076029128168235385e-11 2.243236625229481664e-11 2.447663541572982361e-11 2.841088912865997111e-11 3.947126121167678350e-11 4.369777195102992046e-11 5.024169274756811054e-11 5.566273716056627906e-11 8.431035119295619519e-11 1.136302723970299062e-10 1.606030127362772892e-10 2.285788224636264413e-10 3.098449166336904598e-10 3.844471987592430789e-10 4.074747936035956160e-10 3.571734048057769974e-10 2.032429397660360786e-10 6.130359346146278709e-11 6.719746641416506326e-11 3.098097872418753537e-11 -4.329892631102070082e-11
1.828134415051963674e-11 3.401316058637542047e-11 5.568205980914394551e-12 8.725518061852273612e-13 1.630714041328285997e-11 1.029345675384933121e-11 2.312452043296847756e-11 2.919974241420204479e-11 3.139280419840965246e-11 4.137501486759922375e-11 4.182838726656196257e-11 4.411722202464681333e-11 4.907752659182568532e-11 7.571220086337826198e-11 1.059388169740916759e-10 1.560228472069341874e-10 2.244551503706519274e-10 3.115725062452436733e-10 4.074747936035956160e-10 4.877611889564891227e-10 4.603184757394952785e-10 2.991193846501030635e-10 1.182780498598123278e-10 8.330659943101835787e-11 3.764963960770530946e-11 -3.445153287355655202e-11
1.495787337650516204e-11 2.985121828841881987e-11 2.310542999096439358e-12 5.300833587216154864e-12 1.388234358899894098e-11 3.222020984215399681e-12 1.600024159630026366e-11 2.822386383927117328e-11 2.710416763578051553e-11 3.521136295946008380e-11 3.123520349163907852e-11 2.969231939510264901e-11 3.363136975517597460e-11 5.517462249383949287e-11 8.315920834664682032e-11 1.286991546345934449e-10 1.883128414237570787e-10 2.675008119283323324e-10 3.571734048057769974e-10 4.603184757394952785e-10 5.184544207573851248e-10 4.174584299584829880e-10 2.410005976131847976e-10 1.237622506991121037e-10 3.770228533920939562e-11 -3.485379627232959870e-11
6.835739318701875216e-12 1.641133100840278892e-11 2.343745368738642359e-12 7.300019880824234589e-12 2.525242707229225031e-13 -9.742530061635579825e-12 -4.949241666815092853e-12 1.586182348146480821e-11 1.211123827668495622e-11 1.725239069455376425e-11 7.175841747384318433e-12 1.809276391189892442e-12 1.827559807147367402e-12 9.266227423094338958e-12 2.700831379625743568e-11 5.197728578355857823e-11 8.093676393801222230e-11 1.355665998126127323e-10 2.032429397660360786e-10 2.991193846501030635e-10 4.174584299584829880e-10 4.942268328940059387e-10 4.081259135103873723e-10 2.045147425596607192e-10 3.301603715363065839e-11 -2.010592320861121296e-11
-3.907278670286734089e-12 5.891369473576320250e-12 9.593927211040634590e-12 1.350626244715344821e-11 2.190482261014382942e-14 -9.989079998017829363e-12 -1.665499500295418504e-11 7.657243691308379832e-12 3.211890586032716389e-12 9.900097601523344399e-12 3.658038205685350308e-14 -2.955409724622443818e-12 -2.398907915048480389e-12 -9.167871004716776474e-13 9.517856719453086074e-12 1.511118248849790906e-11 2.264939069548191797e-11 4.212273843129028104e-11 6.130359346146278709e-11 1.182780498598123278e-10 2.410005976131847976e-10 4.081259135103873723e-10 5.209382284502353875e-10 3.458931895429515633e-10 7.252705020589723286e-11 5.873991268342552379e-13
-6.545951346155737035e-12 -3.659013137537234810e-12 9.018876235073515237e-12 1.501584262200079200e-11 1.059739115987517356e-11 -3.290869082452639192e-12 -7.310633940491630933e-12 2.424338900620666086e-12 -1.441036376141455542e-12 3.645649916190535643e-12 -7.417482650392177445e-14 -7.867376894040299370e-13 -1.646546474558366001e-12 8.374756298671279785e-12 1.783159776957176011e-11 2.760104866055612662e-11 4.313082404666050354e-11 6.111101282413977916e-11 6.719746641416506326e-11 8.330659943101835787e-11 1.237622506991121037e-10 2.045147425596607192e-10 3.458931895429515633e-10 4.380099689418164741e-10 2.445068633067114070e-10 6.457719422218009911e-11
-7.674434332254683476e-12 -7.451145922674303839e-13 1.068928119334133395e-12 1.108156802847083216e-11 1.599756087128363063e-11 -3.772136993290499353e-12 3.041695293166618114e-12 2.022339187883104156e-12 -1.605280508500067219e-13 -1.238018172269489285e-12 1.243677248889016098e-12 3.209103318084109333e-12 2.017043918132078156e-13 7.892923781878501178e-12 1.100897073411629019e-11 1.858717315200984094e-11 2.663874697788960929e-11 2.940300279246297403e-11 3.098097872418753537e-11 3.764963960770530946e-11 3.770228533920939562e-11 3.301603715363065839e-11 7.252705020589723286e-11 2.445068633067114070e-10 3.809779329619471858e-10 2.115117670939180551e-10
-2.113470069618043698e-11 -4.153240242697941494e-12 3.908077528807394653e-12 9.665050914514035775e-12 5.062069198496479279e-12 -3.117649567291900403e-12 -4.293731786276179765e-12 -6.099361293240829249e-12 1.249474610185103717e-12 -3.394331002044607821e-12 -2.565641126688050866e-12 -1.740232966442002962e-12 -5.004795339340338705e-12 -6.853391951723128749e-12 -1.720119201590284382e-11 -1.976023076732281046e-11 -3.411781101071660040e-11 -4.236461290636295763e-11 -4.329892631102070082e-11 -3.445153287355655202e-11 -3.485379627232959870e-11 -2.010592320861121296e-11 5.873991268342552379e-13 6.457719422218009911e-11 2.115117670939180551e-10 3.938390152578437392e-10
