5.955781638141723760e-11 8.887316976419315119e-12 6.071166530299751317e-12 1.180283336832153239e-12 2.499846311492167249e-12 -1.041445043946593313e-13 1.137231923435564064e-12 4.148236888980902423e-12 7.743361638564702993e-13 2.518378221566801614e-12 1.987099593088164888e-12 2.128336903734634864e-12 4.394018456829426296e-12 5.607824890868923088e-12 1.133132177086851157e-11 1.141377482934061381e-11 1.246104280390721426e-11 1.375226404986031404e-11 1.294477179066297368e-11 1.273673248736976491e-11 1.009382464802794665e-11 -2.739443361025812495e-12 -4.408259974413470406e-12 -3.032029431054998462e-12 7.471229445188107764e-12 1.044923991806977255e-11
8.887316976419315119e-12 4.337987500690405842e-11 1.058386747360607422e-11 3.082511044573181586e-12 3.820175797455472058e-12 3.022519731763093081e-12 2.773412681454226497e-12 2.778529314561089207e-12 2.241246506398409621e-12 -9.103532531847969321e-13 -1.612582333327635678e-12 -3.483730602894956936e-12 -2.532977768988585971e-12 2.216507355919946910e-13 1.715298662042234096e-12 8.077140251487167138e-13 -4.756571859313465880e-13 -1.092620079621466853e-12 -3.581182700102598908e-12 -6.069551897577019569e-12 -9.702657655862909602e-12 -1.000761749411833942e-11 -7.489887804922528852e-12 -1.666346088406068951e-12 1.261294514254056068e-11 1.754566476316314490e-11
6.071166530299751317e-12 1.058386747360607422e-11 3.477119302690525496e-11 1.449331431196840542e-11 7.565732939968552915e-12 6.479759111591898809e-12 5.030305709677134834e-12 5.272090402876992972e-12 3.045871560626164008e-12 4.656956351903498992e-14 2.218923324364654154e-13 3.365220173220141757e-12 4.770161098384414655e-12 4.220515081513140432e-12 5.793147090509915312e-12 7.316950624230935485e-12 6.700606537629605713e-12 7.190512997600560219e-12 3.759918160993204229e-12 2.750872762147387152e-12 -5.478116811608550715e-14 -2.539848387855146245e-12 -7.518495503967927591e-13 -2.057888801741561675e-12 -5.974359085493931392e-12 2.157516084015399527e-12
1.180283336832153239e-12 3.082511044573181586e-12 1.449331431196840542e-11 3.019204093410014591e-11 1.188765546638665721e-11 6.954560540154165416e-12 5.573618795273678951e-12 4.609891907634507636e-12 3.071967443816092280e-12 1.718377650222112788e-12 3.466301870425175592e-12 5.194876954172132231e-12 6.445569521898119654e-12 5.511074318223583280e-12 4.946801730050689767e-12 7.201908840824125146e-12 8.948688645557965328e-12 1.037392262469467563e-11 1.000620706314591048e-11 1.368433766344175088e-11 1.460050034745148525e-11 7.082325010184499042e-12 5.011292569851852856e-12 -8.311139889850631016e-13 1.973940573890059173e-13 5.593096670700451861e-12
2.499846311492167249e-12 3.820175797455472058e-12 7.565732939968552915e-12 1.188765546638665721e-11 2.444492620765406574e-11 1.274160834969373368e-11 1.008593502251569641e-11 7.690177202379446680e-12 6.202150621248631050e-12 4.071888619272212833e-12 2.709334231322186803e-12 4.138531500825301881e-12 5.671691977113711389e-12 4.781380069463490745e-12 5.046973699011509441e-12 6.972081437590217148e-12 8.394518348359426515e-12 8.335502693543422865e-12 9.809243896859764853e-12 1.361927310596474382e-11 7.390759463916273761e-12 -1.707321178120075097e-12 -6.749909044233913095e-12 -4.572319805814919697e-12 2.033084120372610304e-12 3.665888964574520559e-12
-1.041445043946593313e-13 3.022519731763093081e-12 6.479759111591898809e-12 6.954560540154165416e-12 1.274160834969373368e-11 2.423859369181948841e-11 1.355032664808959463e-11 9.678009225410954712e-12 8.575779204608193284e-12 4.489639129226363565e-12 4.662125249328519711e-12 5.211060330702417139e-12 5.711851628730561814e-12 6.025806468324346438e-12 5.005988457621231878e-12 4.224734508079572750e-12 4.019352085446154793e-12 1.532712445533926503e-12 1.106754333680248946e-12 4.374540347471558332e-12 1.520054738760383822e-12 -3.503222677987074824e-12 -2.209738400426741305e-12 -4.363729613848389828e-12 -3.079480921700129604e-12 2.999304432274085027e-12
1.137231923435564064e-12 2.773412681454226497e-12 5.030305709677134834e-12 5.573618795273678951e-12 1.008593502251569641e-11 1.355032664808959463e-11 1.952772038493845483e-11 1.269045095515703537e-11 8.856934861652344936e-12 5.411438525874865241e-12 3.385460769351396893e-12 2.610314891735170801e-12 1.886767794099062328e-12 2.152533139302968293e-12 2.619175384240357791e-12 3.051461538840137690e-12 4.372707664692256136e-12 5.229628825828287220e-12 7.446670428514477627e-12 1.019883500347796382e-11 6.459604419768151077e-12 9.692767930400726964e-13 3.157387016708760419e-12 4.705540212304253325e-12 -6.781857838393509256e-13 2.278255844365904984e-13
4.148236888980902423e-12 2.778529314561089207e-12 5.272090402876992972e-12 4.609891907634507636e-12 7.690177202379446680e-12 9.678009225410954712e-12 1.269045095515703537e-11 1.961477526494503345e-11 1.460314843427452102e-11 1.065803197696383088e-11 7.177787814818813644e-12 5.662516197917604126e-12 5.642931670531519668e-12 5.147922165627045816e-12 4.508300769104447624e-12 5.914536563115869887e-12 7.203886991718304662e-12 7.499737978665799268e-12 9.027115851232708369e-12 8.378279558662862084e-12 5.546890992755487347e-13 -5.887543066636011230e-12 -3.408488869282756925e-13 5.605862642908397260e-12 6.942245592237860435e-12 7.155355553056216049e-12
7.743361638564702993e-13 2.241246506398409621e-12 3.045871560626164008e-12 3.071967443816092280e-12 6.202150621248631050e-12 8.575779204608193284e-12 8.856934861652344936e-12 1.460314843427452102e-11 2.071925393299020811e-11 1.541061763110005823e-11 1.162933241652430625e-11 1.066010254681797476e-11 1.052345918199291745e-11 1.016313716037634447e-11 9.514147966037863840e-12 9.868717335144710296e-12 1.043166097179047759e-11 1.033729013118281999e-11 1.278352697883852156e-11 1.221627711124665666e-11 4.506333483934115093e-12 -2.483563902011462730e-12 9.623497762181768372e-13 5.059595246933406051e-12 6.502636119094478951e-12 5.594850294325550193e-12
2.518378221566801614e-12 -9.103532531847969321e-13 4.656956351903498992e-14 1.718377650222112788e-12 4.071888619272212833e-12 4.489639129226363565e-12 5.411438525874865241e-12 1.065803197696383088e-11 1.541061763110005823e-11 2.377492632539721335e-11 2.108665528993438794e-11 1.741224035315679297e-11 1.612481837520986014e-11 1.490825584413719884e-11 1.389173075654599783e-11 1.317353350024597709e-11 1.407107500421674199e-11 1.413134089984945551e-11 1.706836138609187544e-11 1.604627375155800901e-11 7.091576032802415144e-12 -5.529639011763300031e-12 -3.180929891051340616e-12 1.321719146996587027e-12 7.103306021553024972e-12 6.338649036887180442e-12
1.987099593088164888e-12 -1.612582333327635678e-12 2.218923324364654154e-13 3.466301870425175592e-12 2.709334231322186803e-12 4.662125249328519711e-12 3.385460769351396893e-12 7.177787814818813644e-12 1.162933241652430625e-11 2.108665528993438794e-11 3.116954041511034767e-11 2.794245076771682939e-11 2.546901386463779270e-11 2.398716485928852997e-11 2.373148911452223989e-11 2.352829571183792408e-11 2.346196049692731141e-11 2.337637265460732735e-11 2.575914407220216615e-11 2.666323824337339633e-11 1.734624860250740691e-11 -5.095198737191042404e-12 -9.036997185171608509e-12 -9.796773305312135672e-12 -5.192427993208047633e-13 3.788711054781413850e-12
2.128336903734634864e-12 -3.483730602894956936e-12 3.365220173220141757e-12 5.194876954172132231e-12 4.138531500825301881e-12 5.211060330702417139e-12 2.610314891735170801e-12 5.662516197917604126e-12 1.066010254681797476e-11 1.741224035315679297e-11 2.794245076771682939e-11 3.702993528699953689e-11 3.534584920955627628e-11 3.373644320179148561e-11 3.413017398661405891e-11 3.513978421444208149e-11 3.563021941483574407e-11 3.572940287453467945e-11 4.047054092660251205e-11 4.398809602674322828e-11 3.391239526961797809e-11 7.926572373074166799e-12 7.961240771884176589e-13 -5.044269590984961763e-14 5.965789382887587810e-12 8.373071073201582323e-12
4.394018456829426296e-12 -2.532977768988585971e-12 4.770161098384414655e-12 6.445569521898119654e-12 5.671691977113711389e-12 5.711851628730561814e-12 1.886767794099062328e-12 5.642931670531519668e-12 1.052345918199291745e-11 1.612481837520986014e-11 2.546901386463779270e-11 3.534584920955627628e-11 4.525634863491824646e-11 4.283274820409547360e-11 4.346738348023849171e-11 4.478287896407207627e-11 4.526452928635771202e-11 4.573209207411913025e-11 4.988796340803403265e-11 5.059681965137692238e-11 3.648700642789042877e-11 4.502934514326482101e-12 -2.951451617538843031e-12 -3.702003388691099808e-12 4.266579115635594592e-12 6.885550096187825799e-12
5.607824890868923088e-12 2.216507355919946910e-13 4.220515081513140432e-12 5.511074318223583280e-12 4.781380069463490745e-12 6.025806468324346438e-12 2.152533139302968293e-12 5.147922165627045816e-12 1.016313716037634447e-11 1.490825584413719884e-11 2.398716485928852997e-11 3.373644320179148561e-11 4.283274820409547360e-11 5.308753639340978798e-11 5.659254494323211721e-11 5.750554645454661423e-11 5.747497534607903553e-11 5.696610280758201240e-11 6.138235111952859921e-11 6.345372340474237700e-11 4.888683642673122166e-11 1.202596019471361179e-11 -6.804235886817564427e-13 -1.905107520534662497e-12 7.872930974595231421e-12 1.147314007529934665e-11
1.133132177086851157e-11 1.715298662042234096e-12 5.793147090509915312e-12 4.946801730050689767e-12 5.046973699011509441e-12 5.005988457621231878e-12 2.619175384240357791e-12 4.508300769104447624e-12 9.514147966037863840e-12 1.389173075654599783e-11 2.373148911452223989e-11 3.413017398661405891e-11 4.346738348023849171e-11 5.659254494323211721e-11 7.521021043953135881e-11 8.097257368717273120e-11 8.336005220573778484e-11 8.359674969132292246e-11 8.830121858195316192e-11 9.222309745371929690e-11 7.359908816928650612e-11 2.414733885585608545e-11 2.363063987242708166e-12 -4.691891606085740057e-12 9.417156307233548768e-12 1.202289496139641133e-11
1.141377482934061381e-11 8.077140251487167138e-13 7.316950624230935485e-12 7.201908840824125146e-12 6.972081437590217148e-12 4.224734508079572750e-12 3.051461538840137690e-12 5.914536563115869887e-12 9.868717335144710296e-12 1.317353350024597709e-11 2.352829571183792408e-11 3.513978421444208149e-11 4.478287896407207627e-11 5.750554645454661423e-11 8.097257368717273120e-11 1.033262507340698285e-10 1.132866252027593137e-10 1.171809019237265481e-10 1.210322351390685244e-10 1.240860044705516968e-10 9.930628426875406144e-11 3.602766084531607289e-11 4.785656486047932921e-12 -2.570543039962473676e-12 8.016841723243908670e-12 1.301690495037642456e-11
1.246104280390721426e-11 -4.756571859313465880e-13 6.700606537629605713e-12 8.948688645557965328e-12 8.394518348359426515e-12 4.019352085446154793e-12 4.372707664692256136e-12 7.203886991718304662e-12 1.043166097179047759e-11 1.407107500421674199e-11 2.346196049692731141e-11 3.563021941483574407e-11 4.526452928635771202e-11 5.747497534607903553e-11 8.336005220573778484e-11 1.132866252027593137e-10 1.431696380069363677e-10 1.570376713587161924e-10 1.634856692021302130e-10 1.682991568538996907e-10 1.381281541064846400e-10 5.869442525745189569e-11 1.152194466455691257e-11 3.545270598135429322e-12 8.274141126388751799e-12 1.503284236700976703e-11
1.375226404986031404e-11 -1.092620079621466853e-12 7.190512997600560219e-12 1.037392262469467563e-11 8.335502693543422865e-12 1.532712445533926503e-12 5.229628825828287220e-12 7.499737978665799268e-12 1.033729013118281999e-11 1.413134089984945551e-11 2.337637265460732735e-11 3.572940287453467945e-11 4.573209207411913025e-11 5.696610280758201240e-11 8.359674969132292246e-11 1.171809019237265481e-10 1.570376713587161924e-10 1.949578920035795104e-10 2.135888335583136721e-10 2.218061781908039796e-10 1.869982057588986801e-10 9.228212534307952673e-11 2.157525379631417523e-11 1.218413387282120901e-11 7.776943545932311276e-12 8.635716238994881501e-12
1.294477179066297368e-11 -3.581182700102598908e-12 3.759918160993204229e-12 1.000620706314591048e-11 9.809243896859764853e-12 1.106754333680248946e-12 7.446670428514477627e-12 9.027115851232708369e-12 1.278352697883852156e-11 1.706836138609187544e-11 2.575914407220216615e-11 4.047054092660251205e-11 4.988796340803403265e-11 6.138235111952859921e-11 8.830121858195316192e-11 1.210322351390685244e-10 1.634856692021302130e-10 2.135888335583136721e-10 2.620701806888632251e-10 2.863048442001506834e-10 2.548503602424493309e-10 1.481376931737092966e-10 4.521466133984331007e-11 1.707719223004432300e-11 3.098685467961000565e-12 4.853339021063263126e-12
1.273673248736976491e-11 -6.069551897577019569e-12 2.750872762147387152e-12 1.368433766344175088e-11 1.361927310596474382e-11 4.374540347471558332e-12 1.019883500347796382e-11 8.378279558662862084e-12 1.221627711124665666e-11 1.604627375155800901e-11 2.666323824337339633e-11 4.398809602674322828e-11 5.059681965137692238e-11 6.345372340474237700e-11 9.222309745371929690e-11 1.240860044705516968e-10 1.682991568538996907e-10 2.218061781908039796e-10 2.863048442001506834e-10 3.521517301448582183e-10 3.422981234378635389e-10 2.301792098753390444e-10 9.248438997472010788e-11 2.420636834283735123e-11 7.730954984141098567e-12 1.137019680476156253e-11
1.009382464802794665e-11 -9.702657655862909602e-12 -5.478116811608550715e-14 1.460050034745148525e-11 7.390759463916273761e-12 1.520054738760383822e-12 6.459604419768151077e-12 5.546890992755487347e-13 4.506333483934115093e-12 7.091576032802415144e-12 1.734624860250740691e-11 3.391239526961797809e-11 3.648700642789042877e-11 4.888683642673122166e-11 7.359908816928650612e-11 9.930628426875406144e-11 1.381281541064846400e-10 1.869982057588986801e-10 2.548503602424493309e-10 3.422981234378635389e-10 4.087035643586250953e-10 3.317619581428381227e-10 1.769641228017506929e-10 4.803281885959400732e-11 1.684468467990004099e-11 1.106867283878368127e-11
-2.739443361025812495e-12 -1.000761749411833942e-11 -2.539848387855146245e-12 7.082325010184499042e-12 -1.707321178120075097e-12 -3.503222677987074824e-12 9.692767930400726964e-13 -5.887543066636011230e-12 -2.483563902011462730e-12 -5.529639011763300031e-12 -5.095198737191042404e-12 7.926572373074166799e-12 4.502934514326482101e-12 1.202596019471361179e-11 2.414733885585608545e-11 3.602766084531607289e-11 5.869442525745189569e-11 9.228212534307952673e-11 1.481376931737092966e-10 2.301792098753390444e-10 3.317619581428381227e-10 3.739555974509874309e-10 2.666642674884563048e-10 1.033459615894343757e-10 2.414068868313254680e-11 1.265715359094765658e-11
-4.408259974413470406e-12 -7.489887804922528852e-12 -7.518495503967927591e-13 5.011292569851852856e-12 -6.749909044233913095e-12 -2.209738400426741305e-12 3.157387016708760419e-12 -3.408488869282756925e-13 9.623497762181768372e-13 -3.180929891051340616e-12 -9.036997185171608509e-12 7.961240771884176589e-13 -2.951451617538843031e-12 -6.804235886817564427e-13 2.363063987242708166e-12 4.785656486047932921e-12 1.152194466455691257e-11 2.157525379631417523e-11 4.521466133984331007e-11 9.248438997472010788e-11 1.769641228017506929e-10 2.666642674884563048e-10 3.052959787155269591e-10 2.020813969553452365e-10 6.250218759885175709e-11 3.046141423775556647e-11
-3.032029431054998462e-12 -1.666346088406068951e-12 -2.057888801741561675e-12 -8.311139889850631016e-13 -4.572319805814919697e-12 -4.363729613848389828e-12 4.705540212304253325e-12 5.605862642908397260e-12 5.059595246933406051e-12 1.321719146996587027e-12 -9.796773305312135672e-12 -5.044269590984961763e-14 -3.702003388691099808e-12 -1.905107520534662497e-12 -4.691891606085740057e-12 -2.570543039962473676e-12 3.545270598135429322e-12 1.218413387282120901e-11 1.707719223004432300e-11 2.420636834283735123e-11 4.803281885959400732e-11 1.033459615894343757e-10 2.020813969553452365e-10 2.780158702005597563e-10 1.601128730348158521e-10 6.628703753897548103e-11
7.471229445188107764e-12 1.261294514254056068e-11 -5.974359085493931392e-12 1.973940573890059173e-13 2.033084120372610304e-12 -3.079480921700129604e-12 -6.781857838393509256e-13 6.942245592237860435e-12 6.502636119094478951e-12 7.103306021553024972e-12 -5.192427993208047633e-13 5.965789382887587810e-12 4.266579115635594592e-12 7.872930974595231421e-12 9.417156307233548768e-12 8.016841723243908670e-12 8.274141126388751799e-12 7.776943545932311276e-12 3.098685467961000565e-12 7.730954984141098567e-12 1.684468467990004099e-11 2.414068868313254680e-11 6.250218759885175709e-11 1.601128730348158521e-10 2.799669155584660532e-10 2.001713642648300456e-10
1.044923991806977255e-11 1.754566476316314490e-11 2.157516084015399527e-12 5.593096670700451861e-12 3.665888964574520559e-12 2.999304432274085027e-12 2.278255844365904984e-13 7.155355553056216049e-12 5.594850294325550193e-12 6.338649036887180442e-12 3.788711054781413850e-12 8.373071073201582323e-12 6.885550096187825799e-12 1.147314007529934665e-11 1.202289496139641133e-11 1.301690495037642456e-11 1.503284236700976703e-11 8.635716238994881501e-12 4.853339021063263126e-12 1.137019680476156253e-11 1.106867283878368127e-11 1.265715359094765658e-11 3.046141423775556647e-11 6.628703753897548103e-11 2.001713642648300456e-10 3.544298726636550848e-10
