5.749357801230034769e-11 1.091695895742644709e-11 4.946102883874036163e-12 1.112131594343447300e-12 -8.289844017024562274e-13 2.746202039504428782e-12 2.114482933374532996e-12 2.058423301461902706e-12 4.212595074676765067e-12 3.540925720889134796e-12 1.586293635307699936e-12 1.227834797320259724e-12 -1.926152322992810707e-13 -3.669577361583756000e-12 -3.118588236472657164e-12 -6.129021269694145077e-13 2.409194293256473281e-12 8.569315561729425870e-12 1.151092951280154836e-11 8.737815160333268700e-12 7.112908803700765615e-12 5.623931315559439576e-12 1.232440576456591020e-12 5.361028443036526771e-12 7.498940027477620371e-12 5.133725902603440546e-13
1.091695895742644709e-11 3.576416810810365580e-11 9.337480658681913109e-12 7.064784515229035946e-12 4.035904411726942689e-12 4.035729919134990743e-12 4.001152248187131357e-12 3.638270658145207887e-12 4.886971253982073360e-12 2.581399434234532841e-12 7.026395928393013992e-13 1.245391178120481386e-12 1.602000993487411159e-12 2.309279652167991747e-12 2.041805552621146354e-12 3.176641218837766952e-12 6.572544423009159546e-12 7.445365486796458282e-12 7.431143637832607647e-12 6.297314111251152260e-12 4.894953473866622252e-12 9.499125477310898222e-13 -6.685403636645090104e-12 -1.538858803775912810e-11 -8.829320505635661153e-12 -1.665786382769377552e-12
4.946102883874036163e-12 9.337480658681913109e-12 3.359039947757725814e-11 1.019598735899930152e-11 7.107829153302331925e-12 5.092441590770348788e-12 4.872319473326650459e-12 3.330099553250420212e-12 2.980905682920030602e-12 2.373759530479333137e-12 1.675999528143090090e-12 1.390415391810657296e-12 2.023762237359600966e-12 1.897701327885257513e-12 3.242498287278624060e-13 1.686845685198406055e-12 1.347338489585075874e-12 1.054647516999290546e-12 -5.631032831200261229e-13 -4.569749420176056608e-13 -1.632856842076237358e-12 -1.707176595970887103e-12 5.162451305511495155e-12 5.278896988401892158e-12 -1.218511328325329558e-13 -4.611775807809912958e-12
1.112131594343447300e-12 7.064784515229035946e-12 1.019598735899930152e-11 2.292753803375568572e-11 1.017593565455267312e-11 5.933006451108656635e-12 3.203659886287272482e-12 3.448208881428522243e-12 4.216490947469509591e-12 3.017630655736217959e-12 1.692805662432861504e-12 1.164177728146515374e-12 1.925661853737853042e-12 1.701146464085160230e-12 8.277269008503281147e-13 1.817899688816067760e-12 1.771006810232785709e-12 2.871658624648770870e-12 4.601704656574869262e-12 7.375575810207513732e-12 5.215950995549698406e-12 2.785644030777386982e-12 3.124251562243966834e-12 6.832762156441193722e-12 3.648510332415695554e-12 -2.272836855215630677e-12
-8.289844017024562274e-13 4.035904411726942689e-12 7.107829153302331925e-12 1.017593565455267312e-11 2.449542604083868119e-11 1.029340401161035356e-11 7.062111535709701420e-12 5.324731233581187802e-12 4.260734689004603205e-12 3.252569428451904481e-12 2.349735761458596996e-12 8.601315226699618281e-13 -1.784822363926573979e-14 -8.090839197976022961e-13 -1.213004007950125428e-12 -8.634748067327873198e-13 1.702683271517714563e-13 -1.629568674576345530e-12 -1.912587646553752602e-12 -1.573933687475346390e-12 -3.072451984026501633e-12 -5.987155861180659990e-12 -9.965196189865985562e-12 -6.110564859879548108e-12 -3.986952923336884375e-13 -5.310436403183943871e-12
2.746202039504428782e-12 4.035729919134990743e-12 5.092441590770348788e-12 5.933006451108656635e-12 1.029340401161035356e-11 1.686720432604947887e-11 9.836310391925065634e-12 6.111100562832394535e-12 2.837207870360539197e-12 1.398710338282917965e-12 6.948469953084236162e-13 6.769858792993112881e-13 1.678783964338728098e-12 2.350782639363250698e-12 2.927503076264798692e-12 3.855543311938265848e-12 4.174790324931775786e-12 4.898341876027035788e-12 4.828943275937515614e-12 5.263757617540489297e-12 4.244050277187615680e-12 -1.656380834012099480e-13 -1.591069370713104414e-12 -1.134058419866475533e-12 -3.748748247680648121e-12 -6.919011101557350719e-12
2.114482933374532996e-12 4.001152248187131357e-12 4.872319473326650459e-12 3.203659886287272482e-12 7.062111535709701420e-12 9.836310391925065634e-12 1.943721393257182672e-11 1.159173445743464772e-11 6.734340299002010964e-12 5.742359547312478398e-12 4.200959141431360655e-12 3.771589966702303760e-12 4.348897370224628039e-12 3.948840468056894169e-12 4.598729646034319978e-12 4.664948087207458707e-12 4.003732610531662985e-12 5.607652724873977134e-12 6.187185662173563687e-12 7.019949721770335129e-12 7.555536364417618578e-12 1.818863402191516412e-12 5.469738141364945686e-13 -1.337305747400689589e-12 -4.702968525903458196e-12 -8.343108941350279145e-12
2.058423301461902706e-12 3.638270658145207887e-12 3.330099553250420212e-12 3.448208881428522243e-12 5.324731233581187802e-12 6.111100562832394535e-12 1.159173445743464772e-11 1.909497417875420622e-11 1.219495633367685752e-11 8.392349800977354855e-12 6.515809524867523480e-12 5.561567439040347862e-12 6.271186189050752693e-12 6.005840751445882037e-12 6.730215390080281006e-12 6.961077399818754726e-12 6.520454510792258089e-12 8.416855728115674428e-12 1.094308500900372719e-11 1.146315333446112421e-11 1.161807077333417905e-11 8.325842380583281880e-12 4.838734277986944311e-12 7.910496003900137586e-13 2.279112036712943235e-12 -1.501144337435432740e-12
4.212595074676765067e-12 4.886971253982073360e-12 2.980905682920030602e-12 4.216490947469509591e-12 4.260734689004603205e-12 2.837207870360539197e-12 6.734340299002010964e-12 1.219495633367685752e-11 1.943513637010222871e-11 1.415843625659506564e-11 1.081449371433660594e-11 7.742806094679467644e-12 5.974724870986240371e-12 5.643344947822087260e-12 6.897186096221465001e-12 8.536362431244279791e-12 9.736036637176415931e-12 1.021166454906646602e-11 1.225762078347730121e-11 1.372966936399615005e-11 1.315203291438310384e-11 9.544658486576032571e-12 4.371225552743692661e-12 -2.901478680144185252e-12 -4.324329124740568728e-13 -4.333910189649265007e-12
3.540925720889134796e-12 2.581399434234532841e-12 2.373759530479333137e-12 3.017630655736217959e-12 3.252569428451904481e-12 1.398710338282917965e-12 5.742359547312478398e-12 8.392349800977354855e-12 1.415843625659506564e-11 1.997651856534759002e-11 1.682579733884083325e-11 1.295251392588668829e-11 9.908791905318055750e-12 8.717486425962743521e-12 8.581541505903194497e-12 9.202605818668619556e-12 1.024641202863286831e-11 1.088781566347681899e-11 1.089323721055927893e-11 9.826970214694883569e-12 5.987292052702795687e-12 -2.349903834208941276e-12 -2.173636176313790034e-12 -1.773037750343508559e-12 -1.196738521807814863e-12 -5.502016782497548686e-12
1.586293635307699936e-12 7.026395928393013992e-13 1.675999528143090090e-12 1.692805662432861504e-12 2.349735761458596996e-12 6.948469953084236162e-13 4.200959141431360655e-12 6.515809524867523480e-12 1.081449371433660594e-11 1.682579733884083325e-11 2.305390811216014750e-11 1.980277674206755835e-11 1.532375019535108837e-11 1.313824360174799583e-11 1.232365251719791144e-11 1.367020543695586779e-11 1.504840073099360450e-11 1.500361492123358347e-11 1.468370441718651964e-11 1.347827871527768649e-11 8.491999788165243087e-12 -2.869771693406088520e-12 -5.142068562930696242e-12 -4.318535475808364381e-12 -1.071700226742556224e-12 -8.540165649804301369e-12
1.227834797320259724e-12 1.245391178120481386e-12 1.390415391810657296e-12 1.164177728146515374e-12 8.601315226699618281e-13 6.769858792993112881e-13 3.771589966702303760e-12 5.561567439040347862e-12 7.742806094679467644e-12 1.295251392588668829e-11 1.980277674206755835e-11 2.805762627588925000e-11 2.370327576661886178e-11 1.999704226029113401e-11 1.798041638789734292e-11 1.883143101121309563e-11 2.025701779311475900e-11 2.323192288544705796e-11 2.449900069542819953e-11 2.465748983615098564e-11 1.812158046136909413e-11 5.554145492040022936e-13 -3.635505207702273474e-12 1.745961680524864642e-12 7.886593209507303012e-12 9.278918367560512537e-13
-1.926152322992810707e-13 1.602000993487411159e-12 2.023762237359600966e-12 1.925661853737853042e-12 -1.784822363926573979e-14 1.678783964338728098e-12 4.348897370224628039e-12 6.271186189050752693e-12 5.974724870986240371e-12 9.908791905318055750e-12 1.532375019535108837e-11 2.370327576661886178e-11 3.125824665619341599e-11 3.019321032774844221e-11 2.756589298365114264e-11 2.752236871905650581e-11 2.719767852846083366e-11 2.927264321791025052e-11 3.059246656697628429e-11 2.993747581439941044e-11 2.084199337682636033e-11 1.605756368901496978e-12 -2.716062407912409289e-13 5.169982237716712261e-12 5.785244184554346113e-12 -4.352697829372775378e-12
-3.669577361583756000e-12 2.309279652167991747e-12 1.897701327885257513e-12 1.701146464085160230e-12 -8.090839197976022961e-13 2.350782639363250698e-12 3.948840468056894169e-12 6.005840751445882037e-12 5.643344947822087260e-12 8.717486425962743521e-12 1.313824360174799583e-11 1.999704226029113401e-11 3.019321032774844221e-11 3.991792693070038026e-11 3.992317766166618720e-11 3.959455687995857001e-11 3.761651442518052748e-11 3.880799513675119097e-11 4.070640294573844989e-11 4.012181437485359950e-11 3.003441977528735625e-11 6.634716942201428106e-12 8.810619999980091194e-13 5.210547460124553362e-12 1.430713485168344323e-12 -8.367678821407179252e-12
-3.118588236472657164e-12 2.041805552621146354e-12 3.242498287278624060e-13 8.277269008503281147e-13 -1.213004007950125428e-12 2.927503076264798692e-12 4.598729646034319978e-12 6.730215390080281006e-12 6.897186096221465001e-12 8.581541505903194497e-12 1.232365251719791144e-11 1.798041638789734292e-11 2.756589298365114264e-11 3.992317766166618720e-11 5.086634788671841614e-11 5.280819195796653901e-11 5.062822463098335519e-11 5.189454165587355515e-11 5.538624918709697294e-11 5.570282136978137236e-11 4.501625533983849494e-11 1.445884293262390670e-11 -4.256856919844991177e-13 -2.650864301200321801e-12 -4.111730340083179316e-12 -5.923234858438222473e-12
-6.129021269694145077e-13 3.176641218837766952e-12 1.686845685198406055e-12 1.817899688816067760e-12 -8.634748067327873198e-13 3.855543311938265848e-12 4.664948087207458707e-12 6.961077399818754726e-12 8.536362431244279791e-12 9.202605818668619556e-12 1.367020543695586779e-11 1.883143101121309563e-11 2.752236871905650581e-11 3.959455687995857001e-11 5.280819195796653901e-11 6.990003315580218124e-11 7.280965062626627095e-11 7.485491669511013796e-11 7.874359484612391251e-11 8.007644945985238049e-11 6.549696400277955822e-11 2.292004871966110323e-11 -3.736441386382599529e-12 -1.008686385348056912e-11 -1.118168330622059971e-11 -1.014022925322318021e-11
2.409194293256473281e-12 6.572544423009159546e-12 1.347338489585075874e-12 1.771006810232785709e-12 1.702683271517714563e-13 4.174790324931775786e-12 4.003732610531662985e-12 6.520454510792258089e-12 9.736036637176415931e-12 1.024641202863286831e-11 1.504840073099360450e-11 2.025701779311475900e-11 2.719767852846083366e-11 3.761651442518052748e-11 5.062822463098335519e-11 7.280965062626627095e-11 9.642123898400569974e-11 1.069840957627599614e-10 1.120612621750588473e-10 1.138268580547456095e-10 9.256821532068698302e-11 3.479431266127806170e-11 -6.659129302281056481e-12 -1.264194426325767016e-11 -9.184533350227186042e-12 -5.132801797678918609e-12
8.569315561729425870e-12 7.445365486796458282e-12 1.054647516999290546e-12 2.871658624648770870e-12 -1.629568674576345530e-12 4.898341876027035788e-12 5.607652724873977134e-12 8.416855728115674428e-12 1.021166454906646602e-11 1.088781566347681899e-11 1.500361492123358347e-11 2.323192288544705796e-11 2.927264321791025052e-11 3.880799513675119097e-11 5.189454165587355515e-11 7.485491669511013796e-11 1.069840957627599614e-10 1.390555187604793723e-10 1.528526152603549796e-10 1.566758164279916860e-10 1.300642287271505390e-10 5.892153645086185934e-11 -4.736015288457919128e-12 -1.014539864514223968e-11 -4.022967148688890197e-12 2.207768930758154269e-12
1.151092951280154836e-11 7.431143637832607647e-12 -5.631032831200261229e-13 4.601704656574869262e-12 -1.912587646553752602e-12 4.828943275937515614e-12 6.187185662173563687e-12 1.094308500900372719e-11 1.225762078347730121e-11 1.089323721055927893e-11 1.468370441718651964e-11 2.449900069542819953e-11 3.059246656697628429e-11 4.070640294573844989e-11 5.538624918709697294e-11 7.874359484612391251e-11 1.120612621750588473e-10 1.528526152603549796e-10 1.952799887648763505e-10 2.147578389757631588e-10 1.905545365073493531e-10 1.107472491967619827e-10 1.671724661282822242e-11 -3.281730543806499206e-12 7.949883482356768708e-12 1.300039007883096760e-11
8.737815160333268700e-12 6.297314111251152260e-12 -4.569749420176056608e-13 7.375575810207513732e-12 -1.573933687475346390e-12 5.263757617540489297e-12 7.019949721770335129e-12 1.146315333446112421e-11 1.372966936399615005e-11 9.826970214694883569e-12 1.347827871527768649e-11 2.465748983615098564e-11 2.993747581439941044e-11 4.012181437485359950e-11 5.570282136978137236e-11 8.007644945985238049e-11 1.138268580547456095e-10 1.566758164279916860e-10 2.147578389757631588e-10 2.699569571976906721e-10 2.653951761523022939e-10 1.860729159724880117e-10 6.473743484268985426e-11 1.203405074649191736e-11 1.729427390334270573e-11 1.652724911723728253e-11
7.112908803700765615e-12 4.894953473866622252e-12 -1.632856842076237358e-12 5.215950995549698406e-12 -3.072451984026501633e-12 4.244050277187615680e-12 7.555536364417618578e-12 1.161807077333417905e-11 1.315203291438310384e-11 5.987292052702795687e-12 8.491999788165243087e-12 1.812158046136909413e-11 2.084199337682636033e-11 3.003441977528735625e-11 4.501625533983849494e-11 6.549696400277955822e-11 9.256821532068698302e-11 1.300642287271505390e-10 1.905545365073493531e-10 2.653951761523022939e-10 3.155796428086941057e-10 2.639672227308983205e-10 1.340879770505901217e-10 3.166738044786420408e-11 2.712732960205593869e-11 2.694691212158874103e-11
5.623931315559439576e-12 9.499125477310898222e-13 -1.707176595970887103e-12 2.785644030777386982e-12 -5.987155861180659990e-12 -1.656380834012099480e-13 1.818863402191516412e-12 8.325842380583281880e-12 9.544658486576032571e-12 -2.349903834208941276e-12 -2.869771693406088520e-12 5.554145492040022936e-13 1.605756368901496978e-12 6.634716942201428106e-12 1.445884293262390670e-11 2.292004871966110323e-11 3.479431266127806170e-11 5.892153645086185934e-11 1.107472491967619827e-10 1.860729159724880117e-10 2.639672227308983205e-10 3.035528365114772672e-10 2.262095257380845660e-10 8.434494442485486534e-11 3.337645173520230815e-11 3.230727191954367497e-11
1.232440576456591020e-12 -6.685403636645090104e-12 5.162451305511495155e-12 3.124251562243966834e-12 -9.965196189865985562e-12 -1.591069370713104414e-12 5.469738141364945686e-13 4.838734277986944311e-12 4.371225552743692661e-12 -2.173636176313790034e-12 -5.142068562930696242e-12 -3.635505207702273474e-12 -2.716062407912409289e-13 8.810619999980091194e-13 -4.256856919844991177e-13 -3.736441386382599529e-12 -6.659129302281056481e-12 -4.736015288457919128e-12 1.671724661282822242e-11 6.473743484268985426e-11 1.340879770505901217e-10 2.262095257380845660e-10 2.837320625882968747e-10 1.818122521832107326e-10 5.935262493726887493e-11 2.148496531272449674e-11
5.361028443036526771e-12 -1.538858803775912810e-11 5.278896988401892158e-12 6.832762156441193722e-12 -6.110564859879548108e-12 -1.134058419866475533e-12 -1.337305747400689589e-12 7.910496003900137586e-13 -2.901478680144185252e-12 -1.773037750343508559e-12 -4.318535475808364381e-12 1.745961680524864642e-12 5.169982237716712261e-12 5.210547460124553362e-12 -2.650864301200321801e-12 -1.008686385348056912e-11 -1.264194426325767016e-11 -1.014539864514223968e-11 -3.281730543806499206e-12 1.203405074649191736e-11 3.166738044786420408e-11 8.434494442485486534e-11 1.818122521832107326e-10 2.515995815550736301e-10 1.629404074197366370e-10 3.772364544577306437e-11
7.498940027477620371e-12 -8.829320505635661153e-12 -1.218511328325329558e-13 3.648510332415695554e-12 -3.986952923336884375e-13 -3.748748247680648121e-12 -4.702968525903458196e-12 2.279112036712943235e-12 -4.324329124740568728e-13 -1.196738521807814863e-12 -1.071700226742556224e-12 7.886593209507303012e-12 5.785244184554346113e-12 1.430713485168344323e-12 -4.111730340083179316e-12 -1.118168330622059971e-11 -9.184533350227186042e-12 -4.022967148688890197e-12 7.949883482356768708e-12 1.729427390334270573e-11 2.712732960205593869e-11 3.337645173520230815e-11 5.935262493726887493e-11 1.629404074197366370e-10 2.564983061836642210e-10 1.331007438040062756e-10
5.133725902603440546e-13 -1.665786382769377552e-12 -4.611775807809912958e-12 -2.272836855215630677e-12 -5.310436403183943871e-12 -6.919011101557350719e-12 -8.343108941350279145e-12 -1.501144337435432740e-12 -4.333910189649265007e-12 -5.502016782497548686e-12 -8.540165649804301369e-12 9.278918367560512537e-13 -4.352697829372775378e-12 -8.367678821407179252e-12 -5.923234858438222473e-12 -1.014022925322318021e-11 -5.132801797678918609e-12 2.207768930758154269e-12 1.300039007883096760e-11 1.652724911723728253e-11 2.694691212158874103e-11 3.230727191954367497e-11 2.148496531272449674e-11 3.772364544577306437e-11 1.331007438040062756e-10 2.372313471747437138e-10
