5.955781638141723760e-11 8.887316976419253726e-12 6.071166530299866023e-12 1.180283336832194638e-12 2.499846311492400701e-12 -1.041445043948466763e-13 1.137231923435142597e-12 4.148236888980922618e-12 7.743361638565458280e-13 2.518378221566625515e-12 1.987099593088155194e-12 2.128336903734627998e-12 4.394018456829410140e-12 5.607824890869013561e-12 1.133132177086869252e-11 1.141377482934069620e-11 1.246104280390736936e-11 1.375226404986054184e-11 1.294477179066316431e-11 1.273673248737005249e-11 1.009382464802810498e-11 -2.739443361025663861e-12 -4.408259974413486562e-12 -3.032029431054886179e-12 7.471229445188261244e-12 1.044923991806969501e-11
8.887316976419253726e-12 4.337987500690396148e-11 1.058386747360612753e-11 3.082511044573198953e-12 3.820175797455382393e-12 3.022519731762927080e-12 2.773412681454095635e-12 2.778529314561217242e-12 2.241246506398487573e-12 -9.103532531849067920e-13 -1.612582333327511883e-12 -3.483730602894919374e-12 -2.532977768988596473e-12 2.216507355919099232e-13 1.715298662042218546e-12 8.077140251487443807e-13 -4.756571859314122213e-13 -1.092620079621420001e-12 -3.581182700102601736e-12 -6.069551897576953330e-12 -9.702657655862882137e-12 -1.000761749411824733e-11 -7.489887804922441610e-12 -1.666346088406031187e-12 1.261294514254063015e-11 1.754566476316319014e-11
6.071166530299866023e-12 1.058386747360612753e-11 3.477119302690541652e-11 1.449331431196859929e-11 7.565732939968708011e-12 6.479759111591959393e-12 5.030305709677121909e-12 5.272090402877085060e-12 3.045871560626268214e-12 4.656956351884186415e-14 2.218923324363355121e-13 3.365220173220441852e-12 4.770161098384586715e-12 4.220515081513214749e-12 5.793147090509874922e-12 7.316950624230988799e-12 6.700606537629645295e-12 7.190512997600615957e-12 3.759918160993094369e-12 2.750872762147257097e-12 -5.478116811634812210e-14 -2.539848387855442705e-12 -7.518495503969862256e-13 -2.057888801741597218e-12 -5.974359085493916044e-12 2.157516084015269068e-12
1.180283336832194638e-12 3.082511044573198953e-12 1.449331431196859929e-11 3.019204093410027516e-11 1.188765546638688016e-11 6.954560540154386752e-12 5.573618795273993990e-12 4.609891907634624766e-12 3.071967443816225566e-12 1.718377650222204473e-12 3.466301870425006360e-12 5.194876954172294598e-12 6.445569521898277981e-12 5.511074318223622862e-12 4.946801730050726926e-12 7.201908840824269741e-12 8.948688645558188279e-12 1.037392262469476125e-11 1.000620706314575700e-11 1.368433766344179450e-11 1.460050034745179867e-11 7.082325010184669487e-12 5.011292569851649292e-12 -8.311139889856940893e-13 1.973940573887626704e-13 5.593096670700510830e-12
2.499846311492400701e-12 3.820175797455382393e-12 7.565732939968708011e-12 1.188765546638688016e-11 2.444492620765417560e-11 1.274160834969389362e-11 1.008593502251574649e-11 7.690177202379756873e-12 6.202150621248703751e-12 4.071888619272173251e-12 2.709334231321934771e-12 4.138531500825330154e-12 5.671691977113769550e-12 4.781380069463355035e-12 5.046973699011286490e-12 6.972081437590205839e-12 8.394518348359306962e-12 8.335502693543369551e-12 9.809243896859462739e-12 1.361927310596457418e-11 7.390759463916226909e-12 -1.707321178119831144e-12 -6.749909044233761229e-12 -4.572319805815057830e-12 2.033084120372585263e-12 3.665888964574692619e-12
-1.041445043948466763e-13 3.022519731762927080e-12 6.479759111591959393e-12 6.954560540154386752e-12 1.274160834969389362e-11 2.423859369181959504e-11 1.355032664808953970e-11 9.678009225411106577e-12 8.575779204608257907e-12 4.489639129226349024e-12 4.662125249328406620e-12 5.211060330702496303e-12 5.711851628730687829e-12 6.025806468324464375e-12 5.005988457621285192e-12 4.224734508079702804e-12 4.019352085446318775e-12 1.532712445534197114e-12 1.106754333680378799e-12 4.374540347471769166e-12 1.520054738760745512e-12 -3.503222677986663657e-12 -2.209738400426662545e-12 -4.363729613848471415e-12 -3.079480921700032265e-12 2.999304432274464690e-12
1.137231923435142597e-12 2.773412681454095635e-12 5.030305709677121909e-12 5.573618795273993990e-12 1.008593502251574649e-11 1.355032664808953970e-11 1.952772038493842252e-11 1.269045095515716623e-11 8.856934861652407944e-12 5.411438525874847470e-12 3.385460769351257145e-12 2.610314891735111428e-12 1.886767794099023554e-12 2.152533139302927903e-12 2.619175384240352944e-12 3.051461538840194640e-12 4.372707664692390230e-12 5.229628825828439085e-12 7.446670428514485705e-12 1.019883500347816738e-11 6.459604419768643831e-12 9.692767930407225663e-13 3.157387016709014067e-12 4.705540212304222629e-12 -6.781857838395243993e-13 2.278255844361805431e-13
4.148236888980922618e-12 2.778529314561217242e-12 5.272090402877085060e-12 4.609891907634624766e-12 7.690177202379756873e-12 9.678009225411106577e-12 1.269045095515716623e-11 1.961477526494526610e-11 1.460314843427481505e-11 1.065803197696391005e-11 7.177787814818934005e-12 5.662516197917789919e-12 5.642931670531902562e-12 5.147922165627269575e-12 4.508300769104641495e-12 5.914536563116261667e-12 7.203886991718779644e-12 7.499737978666290407e-12 9.027115851233083186e-12 8.378279558663199742e-12 5.546890992755474220e-13 -5.887543066636288303e-12 -3.408488869287720311e-13 5.605862642908017597e-12 6.942245592237862051e-12 7.155355553056593289e-12
7.743361638565458280e-13 2.241246506398487573e-12 3.045871560626268214e-12 3.071967443816225566e-12 6.202150621248703751e-12 8.575779204608257907e-12 8.856934861652407944e-12 1.460314843427481505e-11 2.071925393299044076e-11 1.541061763110009378e-11 1.162933241652443065e-11 1.066010254681810724e-11 1.052345918199301923e-11 1.016313716037633639e-11 9.514147966037836375e-12 9.868717335144770072e-12 1.043166097179060360e-11 1.033729013118294601e-11 1.278352697883869120e-11 1.221627711124706378e-11 4.506333483934581190e-12 -2.483563902011174348e-12 9.623497762181366494e-13 5.059595246933239646e-12 6.502636119094780258e-12 5.594850294325882196e-12
2.518378221566625515e-12 -9.103532531849067920e-13 4.656956351884186415e-14 1.718377650222204473e-12 4.071888619272173251e-12 4.489639129226349024e-12 5.411438525874847470e-12 1.065803197696391005e-11 1.541061763110009378e-11 2.377492632539697102e-11 2.108665528993429747e-11 1.741224035315681559e-11 1.612481837520980844e-11 1.490825584413700173e-11 1.389173075654580234e-11 1.317353350024581068e-11 1.407107500421654166e-11 1.413134089984911624e-11 1.706836138609155555e-11 1.604627375155762450e-11 7.091576032802180076e-12 -5.529639011763480169e-12 -3.180929891051849122e-12 1.321719146996102956e-12 7.103306021552818985e-12 6.338649036886743426e-12
1.987099593088155194e-12 -1.612582333327511883e-12 2.218923324363355121e-13 3.466301870425006360e-12 2.709334231321934771e-12 4.662125249328406620e-12 3.385460769351257145e-12 7.177787814818934005e-12 1.162933241652443065e-11 2.108665528993429747e-11 3.116954041511010210e-11 2.794245076771685201e-11 2.546901386463784440e-11 2.398716485928831025e-11 2.373148911452215588e-11 2.352829571183795963e-11 2.346196049692745035e-11 2.337637265460750183e-11 2.575914407220204660e-11 2.666323824337343187e-11 1.734624860250744891e-11 -5.095198737190903463e-12 -9.036997185171553579e-12 -9.796773305311806092e-12 -5.192427993205845386e-13 3.788711054781464741e-12
2.128336903734627998e-12 -3.483730602894919374e-12 3.365220173220441852e-12 5.194876954172294598e-12 4.138531500825330154e-12 5.211060330702496303e-12 2.610314891735111428e-12 5.662516197917789919e-12 1.066010254681810724e-11 1.741224035315681559e-11 2.794245076771685201e-11 3.702993528700007973e-11 3.534584920955672219e-11 3.373644320179179580e-11 3.413017398661456944e-11 3.513978421444265664e-11 3.563021941483633860e-11 3.572940287453522229e-11 4.047054092660264776e-11 4.398809602674399730e-11 3.391239526961846277e-11 7.926572373074528691e-12 7.961240771886488898e-13 -5.044269590964209042e-14 5.965789382887931930e-12 8.373071073201994297e-12
4.394018456829410140e-12 -2.532977768988596473e-12 4.770161098384586715e-12 6.445569521898277981e-12 5.671691977113769550e-12 5.711851628730687829e-12 1.886767794099023554e-12 5.642931670531902562e-12 1.052345918199301923e-11 1.612481837520980844e-11 2.546901386463784440e-11 3.534584920955672219e-11 4.525634863491866651e-11 4.283274820409564162e-11 4.346738348023888591e-11 4.478287896407244462e-11 4.526452928635811269e-11 4.573209207411950507e-11 4.988796340803389048e-11 5.059681965137740060e-11 3.648700642789067434e-11 4.502934514326559649e-12 -2.951451617538988030e-12 -3.702003388691242787e-12 4.266579115635605093e-12 6.885550096187786217e-12
5.607824890869013561e-12 2.216507355919099232e-13 4.220515081513214749e-12 5.511074318223622862e-12 4.781380069463355035e-12 6.025806468324464375e-12 2.152533139302927903e-12 5.147922165627269575e-12 1.016313716037633639e-11 1.490825584413700173e-11 2.398716485928831025e-11 3.373644320179179580e-11 4.283274820409564162e-11 5.308753639340946486e-11 5.659254494323205905e-11 5.750554645454658192e-11 5.747497534607918416e-11 5.696610280758210933e-11 6.138235111952815977e-11 6.345372340474266135e-11 4.888683642673136383e-11 1.202596019471382666e-11 -6.804235886817345313e-13 -1.905107520534725505e-12 7.872930974595039166e-12 1.147314007529915924e-11
1.133132177086869252e-11 1.715298662042218546e-12 5.793147090509874922e-12 4.946801730050726926e-12 5.046973699011286490e-12 5.005988457621285192e-12 2.619175384240352944e-12 4.508300769104641495e-12 9.514147966037836375e-12 1.389173075654580234e-11 2.373148911452215588e-11 3.413017398661456944e-11 4.346738348023888591e-11 5.659254494323205905e-11 7.521021043953177240e-11 8.097257368717297677e-11 8.336005220573826305e-11 8.359674969132301293e-11 8.830121858195241229e-11 9.222309745371946492e-11 7.359908816928645442e-11 2.414733885585606929e-11 2.363063987242595075e-12 -4.691891606085777216e-12 9.417156307233823418e-12 1.202289496139650018e-11
1.141377482934069620e-11 8.077140251487443807e-13 7.316950624230988799e-12 7.201908840824269741e-12 6.972081437590205839e-12 4.224734508079702804e-12 3.051461538840194640e-12 5.914536563116261667e-12 9.868717335144770072e-12 1.317353350024581068e-11 2.352829571183795963e-11 3.513978421444265664e-11 4.478287896407244462e-11 5.750554645454658192e-11 8.097257368717297677e-11 1.033262507340701904e-10 1.132866252027601409e-10 1.171809019237270651e-10 1.210322351390678523e-10 1.240860044705523172e-10 9.930628426875406144e-11 3.602766084531625384e-11 4.785656486048082363e-12 -2.570543039962181658e-12 8.016841723244066997e-12 1.301690495037636963e-11
1.246104280390736936e-11 -4.756571859314122213e-13 6.700606537629645295e-12 8.948688645558188279e-12 8.394518348359306962e-12 4.019352085446318775e-12 4.372707664692390230e-12 7.203886991718779644e-12 1.043166097179060360e-11 1.407107500421654166e-11 2.346196049692745035e-11 3.563021941483633860e-11 4.526452928635811269e-11 5.747497534607918416e-11 8.336005220573826305e-11 1.132866252027601409e-10 1.431696380069377895e-10 1.570376713587173039e-10 1.634856692021294117e-10 1.682991568539007763e-10 1.381281541064854413e-10 5.869442525745252900e-11 1.152194466455703212e-11 3.545270598135352582e-12 8.274141126388653248e-12 1.503284236700974764e-11
1.375226404986054184e-11 -1.092620079621420001e-12 7.190512997600615957e-12 1.037392262469476125e-11 8.335502693543369551e-12 1.532712445534197114e-12 5.229628825828439085e-12 7.499737978666290407e-12 1.033729013118294601e-11 1.413134089984911624e-11 2.337637265460750183e-11 3.572940287453522229e-11 4.573209207411950507e-11 5.696610280758210933e-11 8.359674969132301293e-11 1.171809019237270651e-10 1.570376713587173039e-10 1.949578920035801566e-10 2.135888335583118885e-10 2.218061781908045482e-10 1.869982057588984216e-10 9.228212534307951381e-11 2.157525379631422047e-11 1.218413387282144650e-11 7.776943545932497069e-12 8.635716238994703786e-12
1.294477179066316431e-11 -3.581182700102601736e-12 3.759918160993094369e-12 1.000620706314575700e-11 9.809243896859462739e-12 1.106754333680378799e-12 7.446670428514485705e-12 9.027115851233083186e-12 1.278352697883869120e-11 1.706836138609155555e-11 2.575914407220204660e-11 4.047054092660264776e-11 4.988796340803389048e-11 6.138235111952815977e-11 8.830121858195241229e-11 1.210322351390678523e-10 1.634856692021294117e-10 2.135888335583118885e-10 2.620701806888583655e-10 2.863048442001483570e-10 2.548503602424462807e-10 1.481376931737077198e-10 4.521466133984261860e-11 1.707719223004386740e-11 3.098685467960620094e-12 4.853339021062637086e-12
1.273673248737005249e-11 -6.069551897576953330e-12 2.750872762147257097e-12 1.368433766344179450e-11 1.361927310596457418e-11 4.374540347471769166e-12 1.019883500347816738e-11 8.378279558663199742e-12 1.221627711124706378e-11 1.604627375155762450e-11 2.666323824337343187e-11 4.398809602674399730e-11 5.059681965137740060e-11 6.345372340474266135e-11 9.222309745371946492e-11 1.240860044705523172e-10 1.682991568539007763e-10 2.218061781908045482e-10 2.863048442001483570e-10 3.521517301448591489e-10 3.422981234378630736e-10 2.301792098753395356e-10 9.248438997472028883e-11 2.420636834283773897e-11 7.730954984141659176e-12 1.137019680476200036e-11
1.009382464802810498e-11 -9.702657655862882137e-12 -5.478116811634812210e-14 1.460050034745179867e-11 7.390759463916226909e-12 1.520054738760745512e-12 6.459604419768643831e-12 5.546890992755474220e-13 4.506333483934581190e-12 7.091576032802180076e-12 1.734624860250744891e-11 3.391239526961846277e-11 3.648700642789067434e-11 4.888683642673136383e-11 7.359908816928645442e-11 9.930628426875406144e-11 1.381281541064854413e-10 1.869982057588984216e-10 2.548503602424462807e-10 3.422981234378630736e-10 4.087035643586238545e-10 3.317619581428379676e-10 1.769641228017505636e-10 4.803281885959407841e-11 1.684468467990016054e-11 1.106867283878354233e-11
-2.739443361025663861e-12 -1.000761749411824733e-11 -2.539848387855442705e-12 7.082325010184669487e-12 -1.707321178119831144e-12 -3.503222677986663657e-12 9.692767930407225663e-13 -5.887543066636288303e-12 -2.483563902011174348e-12 -5.529639011763480169e-12 -5.095198737190903463e-12 7.926572373074528691e-12 4.502934514326559649e-12 1.202596019471382666e-11 2.414733885585606929e-11 3.602766084531625384e-11 5.869442525745252900e-11 9.228212534307951381e-11 1.481376931737077198e-10 2.301792098753395356e-10 3.317619581428379676e-10 3.739555974509875343e-10 2.666642674884569252e-10 1.033459615894343370e-10 2.414068868313293131e-11 1.265715359094776482e-11
-4.408259974413486562e-12 -7.489887804922441610e-12 -7.518495503969862256e-13 5.011292569851649292e-12 -6.749909044233761229e-12 -2.209738400426662545e-12 3.157387016709014067e-12 -3.408488869287720311e-13 9.623497762181366494e-13 -3.180929891051849122e-12 -9.036997185171553579e-12 7.961240771886488898e-13 -2.951451617538988030e-12 -6.804235886817345313e-13 2.363063987242595075e-12 4.785656486048082363e-12 1.152194466455703212e-11 2.157525379631422047e-11 4.521466133984261860e-11 9.248438997472028883e-11 1.769641228017505636e-10 2.666642674884569252e-10 3.052959787155275795e-10 2.020813969553451073e-10 6.250218759885226115e-11 3.046141423775598652e-11
-3.032029431054886179e-12 -1.666346088406031187e-12 -2.057888801741597218e-12 -8.311139889856940893e-13 -4.572319805815057830e-12 -4.363729613848471415e-12 4.705540212304222629e-12 5.605862642908017597e-12 5.059595246933239646e-12 1.321719146996102956e-12 -9.796773305311806092e-12 -5.044269590964209042e-14 -3.702003388691242787e-12 -1.905107520534725505e-12 -4.691891606085777216e-12 -2.570543039962181658e-12 3.545270598135352582e-12 1.218413387282144650e-11 1.707719223004386740e-11 2.420636834283773897e-11 4.803281885959407841e-11 1.033459615894343370e-10 2.020813969553451073e-10 2.780158702005587740e-10 1.601128730348161364e-10 6.628703753897542933e-11
7.471229445188261244e-12 1.261294514254063015e-11 -5.974359085493916044e-12 1.973940573887626704e-13 2.033084120372585263e-12 -3.079480921700032265e-12 -6.781857838395243993e-13 6.942245592237862051e-12 6.502636119094780258e-12 7.103306021552818985e-12 -5.192427993205845386e-13 5.965789382887931930e-12 4.266579115635605093e-12 7.872930974595039166e-12 9.417156307233823418e-12 8.016841723244066997e-12 8.274141126388653248e-12 7.776943545932497069e-12 3.098685467960620094e-12 7.730954984141659176e-12 1.684468467990016054e-11 2.414068868313293131e-11 6.250218759885226115e-11 1.601128730348161364e-10 2.799669155584676042e-10 2.001713642648312606e-10
1.044923991806969501e-11 1.754566476316319014e-11 2.157516084015269068e-12 5.593096670700510830e-12 3.665888964574692619e-12 2.999304432274464690e-12 2.278255844361805431e-13 7.155355553056593289e-12 5.594850294325882196e-12 6.338649036886743426e-12 3.788711054781464741e-12 8.373071073201994297e-12 6.885550096187786217e-12 1.147314007529915924e-11 1.202289496139650018e-11 1.301690495037636963e-11 1.503284236700974764e-11 8.635716238994703786e-12 4.853339021062637086e-12 1.137019680476200036e-11 1.106867283878354233e-11 1.265715359094776482e-11 3.046141423775598652e-11 6.628703753897542933e-11 2.001713642648312606e-10 3.544298726636557051e-10
