8.703617774765988942e-11 1.880770070626711929e-11 1.011760980433425317e-11 -5.272586854821471861e-13 -3.817880740972551373e-12 -4.602541974013095400e-12 1.217754308216309692e-12 7.091229673218172465e-13 4.571651559449592066e-12 2.429620237438326210e-12 -1.856249333750145636e-13 -1.727831306862984926e-12 4.386348386228386375e-12 7.027808660743293910e-12 3.534679379200736658e-12 2.008358457380240378e-12 6.371377713971102502e-12 1.082367063764107875e-11 1.744275964270330904e-11 1.828134415051955596e-11 1.495787337650505865e-11 6.835739318701677306e-12 -3.907278670286977235e-12 -6.545951346155812968e-12 -7.674434332254819186e-12 -2.113470069618069547e-11
1.880770070626711929e-11 6.052466379639872591e-11 1.969747565069790669e-11 8.928407182013678050e-12 7.477513839971867203e-12 4.249890374000300928e-12 5.362414088587935068e-12 3.091580093500450649e-12 3.860779211773142889e-12 1.420331816007329912e-12 1.141665542550881718e-12 9.925392132869249061e-13 3.097545401170769986e-12 3.650676011241841800e-12 8.053927754829261067e-12 1.256972204360122911e-11 2.114561851847941851e-11 2.983307356563112284e-11 3.123384353408663046e-11 3.401316058637552386e-11 2.985121828841872940e-11 1.641133100840301187e-11 5.891369473576433341e-12 -3.659013137537271161e-12 -7.451145922674079676e-13 -4.153240242697977037e-12
1.011760980433425317e-11 1.969747565069790669e-11 4.094254957485561055e-11 1.098798404059641381e-11 6.942585383441339742e-12 5.290596942291922259e-12 6.539270217724654488e-12 3.565000682589586332e-12 2.498882777591321728e-12 2.388398598871194016e-13 1.770817579182879424e-12 3.610854544823045616e-13 1.143428139348456176e-15 1.647533152090294243e-12 2.657993679091529516e-12 4.674033214221962908e-12 6.374099738676363035e-12 4.925224768514621896e-12 4.547667471745456168e-12 5.568205980914474523e-12 2.310542999096381197e-12 2.343745368738573292e-12 9.593927211040647515e-12 9.018876235073550780e-12 1.068928119334273548e-12 3.908077528807185435e-12
-5.272586854821471861e-13 8.928407182013678050e-12 1.098798404059641381e-11 3.463420653845207491e-11 1.452648548518086309e-11 5.904490865101279573e-12 2.878048178987526325e-12 1.136257957797160863e-13 -9.218202643665843007e-13 -2.735780465898707973e-12 -2.092089451647202872e-12 -2.750312440700173185e-12 -1.338455511203297625e-12 -1.250124619825148569e-12 -3.278859713169133238e-13 4.354084681807373056e-13 1.897460207180898270e-12 2.924386113882903408e-12 1.054965619653257795e-12 8.725518061848425485e-13 5.300833587215483587e-12 7.300019880823649747e-12 1.350626244715329149e-11 1.501584262200085016e-11 1.108156802847098887e-11 9.665050914514315271e-12
-3.817880740972551373e-12 7.477513839971867203e-12 6.942585383441339742e-12 1.452648548518086309e-11 3.272471896723935165e-11 1.377956652238768853e-11 1.018631042747882552e-11 6.289311752302316868e-12 4.962001271086186843e-12 2.635948914683863516e-12 3.315741640973845858e-12 2.328650689204372302e-12 3.227314809425311764e-12 4.621302959913393100e-12 6.553604184859628436e-12 1.162030040753117726e-11 1.786949849190638353e-11 1.872195351576194698e-11 1.845825325064958386e-11 1.630714041328257562e-11 1.388234358899870834e-11 2.525242707228150161e-13 2.190482261000519185e-14 1.059739115987543367e-11 1.599756087128371787e-11 5.062069198496266830e-12
-4.602541974013095400e-12 4.249890374000300928e-12 5.290596942291922259e-12 5.904490865101279573e-12 1.377956652238768853e-11 2.575896299476080203e-11 1.357748671950682509e-11 9.555238981241369537e-12 8.184547490068599023e-12 5.008760229184945709e-12 3.795133828222001360e-12 3.282223943749345867e-12 4.653321073413843231e-12 5.102157895121838593e-12 7.479010297812191520e-12 9.780737126221185702e-12 1.361368060589450253e-11 1.285098276237999037e-11 1.076029128168192572e-11 1.029345675384865913e-11 3.222020984214887136e-12 -9.742530061635912636e-12 -9.989079998017948916e-12 -3.290869082452501059e-12 -3.772136993290211779e-12 -3.117649567291686742e-12
1.217754308216309692e-12 5.362414088587935068e-12 6.539270217724654488e-12 2.878048178987526325e-12 1.018631042747882552e-11 1.357748671950682509e-11 2.687177927240854373e-11 1.685650953194731322e-11 1.107230424731084635e-11 8.774669393109448039e-12 9.508676398530124055e-12 6.466551502844431187e-12 5.378308948268065279e-12 8.437992846472268664e-12 9.180292457048860034e-12 1.370674328723277673e-11 1.905503585637372912e-11 2.008937213003815725e-11 2.243236625229471971e-11 2.312452043296830954e-11 1.600024159630022166e-11 -4.949241666815268952e-12 -1.665499500295411719e-11 -7.310633940491965360e-12 3.041695293166087393e-12 -4.293731786276626474e-12
7.091229673218172465e-13 3.091580093500450649e-12 3.565000682589586332e-12 1.136257957797160863e-13 6.289311752302316868e-12 9.555238981241369537e-12 1.685650953194731322e-11 2.609183767886834799e-11 1.804261421464837668e-11 1.447565934846031130e-11 1.183647233136867485e-11 8.115677644740111425e-12 8.176181881972410270e-12 8.908102130085059286e-12 8.671765554415862271e-12 1.050811918849912735e-11 1.577729556795199760e-11 2.089578841406762041e-11 2.447663541573047631e-11 2.919974241420286551e-11 2.822386383927247221e-11 1.586182348146641734e-11 7.657243691309308795e-12 2.424338900620660027e-12 2.022339187882676833e-12 -6.099361293241352700e-12
4.571651559449592066e-12 3.860779211773142889e-12 2.498882777591321728e-12 -9.218202643665843007e-13 4.962001271086186843e-12 8.184547490068599023e-12 1.107230424731084635e-11 1.804261421464837668e-11 2.559226064994111530e-11 2.175131290550985753e-11 1.647378963807197885e-11 1.304416486344630190e-11 1.300160787652432944e-11 1.294705792476745075e-11 1.235557253844827238e-11 1.561926925058198933e-11 2.072457234749707279e-11 2.560589713632165510e-11 2.841088912866004542e-11 3.139280419840945859e-11 2.710416763578035397e-11 1.211123827668499499e-11 3.211890586032785455e-12 -1.441036376141440799e-12 -1.605280508504601465e-13 1.249474610184614396e-12
2.429620237438326210e-12 1.420331816007329912e-12 2.388398598871194016e-13 -2.735780465898707973e-12 2.635948914683863516e-12 5.008760229184945709e-12 8.774669393109448039e-12 1.447565934846031130e-11 2.175131290550985753e-11 3.270137163032069082e-11 2.688726376512699035e-11 2.176712811260430280e-11 1.896727557023623636e-11 2.004599999876287628e-11 2.096579195462722127e-11 2.415694550655213782e-11 3.005167185759028966e-11 3.622597010064722747e-11 3.947126121167704846e-11 4.137501486759934007e-11 3.521136295945999333e-11 1.725239069455346698e-11 9.900097601522809640e-12 3.645649916190433861e-12 -1.238018172269037122e-12 -3.394331002044091237e-12
-1.856249333750145636e-13 1.141665542550881718e-12 1.770817579182879424e-12 -2.092089451647202872e-12 3.315741640973845858e-12 3.795133828222001360e-12 9.508676398530124055e-12 1.183647233136867485e-11 1.647378963807197885e-11 2.688726376512699035e-11 3.631119628259775256e-11 3.260752880731207569e-11 2.760716691938224571e-11 2.779030850564189088e-11 3.006458321058219281e-11 3.248208638677885857e-11 3.549869710452908621e-11 4.043850410757178247e-11 4.369777195103002386e-11 4.182838726656216291e-11 3.123520349163918192e-11 7.175841747384031667e-12 3.658038205665385817e-14 -7.417482650330248709e-14 1.243677248889162914e-12 -2.565641126687670799e-12
-1.727831306862984926e-12 9.925392132869249061e-13 3.610854544823045616e-13 -2.750312440700173185e-12 2.328650689204372302e-12 3.282223943749345867e-12 6.466551502844431187e-12 8.115677644740111425e-12 1.304416486344630190e-11 2.176712811260430280e-11 3.260752880731207569e-11 4.477350021210979040e-11 3.916468906642906819e-11 3.794909878112185025e-11 3.972957076162503552e-11 4.099284477963479998e-11 4.418636989770472850e-11 4.827536429642972980e-11 5.024169274756838842e-11 4.411722202464712352e-11 2.969231939510304968e-11 1.809276391190014419e-12 -2.955409724622583566e-12 -7.867376894044776566e-13 3.209103318083809238e-12 -1.740232966442198044e-12
4.386348386228386375e-12 3.097545401170769986e-12 1.143428139348456176e-15 -1.338455511203297625e-12 3.227314809425311764e-12 4.653321073413843231e-12 5.378308948268065279e-12 8.176181881972410270e-12 1.300160787652432944e-11 1.896727557023623636e-11 2.760716691938224571e-11 3.916468906642906819e-11 4.917063616526877546e-11 5.056549906280371305e-11 5.070889077301976401e-11 4.973685066747598418e-11 5.327578515233893149e-11 5.488587978837605441e-11 5.566273716056640185e-11 4.907752659182540098e-11 3.363136975517565149e-11 1.827559807146947753e-12 -2.398907915048634274e-12 -1.646546474558584913e-12 2.017043918128480950e-13 -5.004795339340347590e-12
7.027808660743293910e-12 3.650676011241841800e-12 1.647533152090294243e-12 -1.250124619825148569e-12 4.621302959913393100e-12 5.102157895121838593e-12 8.437992846472268664e-12 8.908102130085059286e-12 1.294705792476745075e-11 2.004599999876287628e-11 2.779030850564189088e-11 3.794909878112185025e-11 5.056549906280371305e-11 7.038049645699931883e-11 7.327348544369073483e-11 7.301108682094383408e-11 8.125558979162623679e-11 8.337302792480278956e-11 8.431035119295527754e-11 7.571220086337733140e-11 5.517462249383893711e-11 9.266227423093923752e-12 -9.167871004717953833e-13 8.374756298671355718e-12 7.892923781878308923e-12 -6.853391951723822644e-12
3.534679379200736658e-12 8.053927754829261067e-12 2.657993679091529516e-12 -3.278859713169133238e-13 6.553604184859628436e-12 7.479010297812191520e-12 9.180292457048860034e-12 8.671765554415862271e-12 1.235557253844827238e-11 2.096579195462722127e-11 3.006458321058219281e-11 3.972957076162503552e-11 5.070889077301976401e-11 7.327348544369073483e-11 9.459304293770456148e-11 9.935679100906928148e-11 1.086673643483145000e-10 1.109681568482066399e-10 1.136302723970293634e-10 1.059388169740910038e-10 8.315920834664660060e-11 2.700831379625737752e-11 9.517856719453165238e-12 1.783159776957181827e-11 1.100897073411625788e-11 -1.720119201590328972e-11
2.008358457380240378e-12 1.256972204360122911e-11 4.674033214221962908e-12 4.354084681807373056e-13 1.162030040753117726e-11 9.780737126221185702e-12 1.370674328723277673e-11 1.050811918849912735e-11 1.561926925058198933e-11 2.415694550655213782e-11 3.248208638677885857e-11 4.099284477963479998e-11 4.973685066747598418e-11 7.301108682094383408e-11 9.935679100906928148e-11 1.268031647667753171e-10 1.467671664454854664e-10 1.539567729920571232e-10 1.606030127362771858e-10 1.560228472069337996e-10 1.286991546345936516e-10 5.197728578355837144e-11 1.511118248849764733e-11 2.760104866055597475e-11 1.858717315200995403e-11 -1.976023076732294294e-11
6.371377713971102502e-12 2.114561851847941851e-11 6.374099738676363035e-12 1.897460207180898270e-12 1.786949849190638353e-11 1.361368060589450253e-11 1.905503585637372912e-11 1.577729556795199760e-11 2.072457234749707279e-11 3.005167185759028966e-11 3.549869710452908621e-11 4.418636989770472850e-11 5.327578515233893149e-11 8.125558979162623679e-11 1.086673643483145000e-10 1.467671664454854664e-10 1.967468193205305985e-10 2.184849217673815759e-10 2.285788224636262086e-10 2.244551503706511261e-10 1.883128414237572597e-10 8.093676393801228692e-11 2.264939069548181134e-11 4.313082404666051001e-11 2.663874697788957375e-11 -3.411781101071724017e-11
1.082367063764107875e-11 2.983307356563112284e-11 4.925224768514621896e-12 2.924386113882903408e-12 1.872195351576194698e-11 1.285098276237999037e-11 2.008937213003815725e-11 2.089578841406762041e-11 2.560589713632165510e-11 3.622597010064722747e-11 4.043850410757178247e-11 4.827536429642972980e-11 5.488587978837605441e-11 8.337302792480278956e-11 1.109681568482066399e-10 1.539567729920571232e-10 2.184849217673815759e-10 2.807608489947224203e-10 3.098449166336889088e-10 3.115725062452415537e-10 2.675008119283316086e-10 1.355665998126122928e-10 4.212273843129007424e-11 6.111101282413972747e-11 2.940300279246287710e-11 -4.236461290636319028e-11
1.744275964270330904e-11 3.123384353408663046e-11 4.547667471745456168e-12 1.054965619653257795e-12 1.845825325064958386e-11 1.076029128168192572e-11 2.243236625229471971e-11 2.447663541573047631e-11 2.841088912866004542e-11 3.947126121167704846e-11 4.369777195103002386e-11 5.024169274756838842e-11 5.566273716056640185e-11 8.431035119295527754e-11 1.136302723970293634e-10 1.606030127362771858e-10 2.285788224636262086e-10 3.098449166336889088e-10 3.844471987592415797e-10 4.074747936035935997e-10 3.571734048057768940e-10 2.032429397660361820e-10 6.130359346146283879e-11 6.719746641416521835e-11 3.098097872418726395e-11 -4.329892631102110149e-11
1.828134415051955596e-11 3.401316058637552386e-11 5.568205980914474523e-12 8.725518061848425485e-13 1.630714041328257562e-11 1.029345675384865913e-11 2.312452043296830954e-11 2.919974241420286551e-11 3.139280419840945859e-11 4.137501486759934007e-11 4.182838726656216291e-11 4.411722202464712352e-11 4.907752659182540098e-11 7.571220086337733140e-11 1.059388169740910038e-10 1.560228472069337996e-10 2.244551503706511261e-10 3.115725062452415537e-10 4.074747936035935997e-10 4.877611889564859173e-10 4.603184757394944513e-10 2.991193846501028050e-10 1.182780498598124571e-10 8.330659943101873269e-11 3.764963960770523838e-11 -3.445153287355679759e-11
1.495787337650505865e-11 2.985121828841872940e-11 2.310542999096381197e-12 5.300833587215483587e-12 1.388234358899870834e-11 3.222020984214887136e-12 1.600024159630022166e-11 2.822386383927247221e-11 2.710416763578035397e-11 3.521136295945999333e-11 3.123520349163918192e-11 2.969231939510304968e-11 3.363136975517565149e-11 5.517462249383893711e-11 8.315920834664660060e-11 1.286991546345936516e-10 1.883128414237572597e-10 2.675008119283316086e-10 3.571734048057768940e-10 4.603184757394944513e-10 5.184544207573859519e-10 4.174584299584850559e-10 2.410005976131860900e-10 1.237622506991130342e-10 3.770228533920896264e-11 -3.485379627233054867e-11
6.835739318701677306e-12 1.641133100840301187e-11 2.343745368738573292e-12 7.300019880823649747e-12 2.525242707228150161e-13 -9.742530061635912636e-12 -4.949241666815268952e-12 1.586182348146641734e-11 1.211123827668499499e-11 1.725239069455346698e-11 7.175841747384031667e-12 1.809276391190014419e-12 1.827559807146947753e-12 9.266227423093923752e-12 2.700831379625737752e-11 5.197728578355837144e-11 8.093676393801228692e-11 1.355665998126122928e-10 2.032429397660361820e-10 2.991193846501028050e-10 4.174584299584850559e-10 4.942268328940080066e-10 4.081259135103892852e-10 2.045147425596621668e-10 3.301603715363072302e-11 -2.010592320861111279e-11
-3.907278670286977235e-12 5.891369473576433341e-12 9.593927211040647515e-12 1.350626244715329149e-11 2.190482261000519185e-14 -9.989079998017948916e-12 -1.665499500295411719e-11 7.657243691309308795e-12 3.211890586032785455e-12 9.900097601522809640e-12 3.658038205665385817e-14 -2.955409724622583566e-12 -2.398907915048634274e-12 -9.167871004717953833e-13 9.517856719453165238e-12 1.511118248849764733e-11 2.264939069548181134e-11 4.212273843129007424e-11 6.130359346146283879e-11 1.182780498598124571e-10 2.410005976131860900e-10 4.081259135103892852e-10 5.209382284502391098e-10 3.458931895429547687e-10 7.252705020589794372e-11 5.873991268351153361e-13
-6.545951346155812968e-12 -3.659013137537271161e-12 9.018876235073550780e-12 1.501584262200085016e-11 1.059739115987543367e-11 -3.290869082452501059e-12 -7.310633940491965360e-12 2.424338900620660027e-12 -1.441036376141440799e-12 3.645649916190433861e-12 -7.417482650330248709e-14 -7.867376894044776566e-13 -1.646546474558584913e-12 8.374756298671355718e-12 1.783159776957181827e-11 2.760104866055597475e-11 4.313082404666051001e-11 6.111101282413972747e-11 6.719746641416521835e-11 8.330659943101873269e-11 1.237622506991130342e-10 2.045147425596621668e-10 3.458931895429547687e-10 4.380099689418210236e-10 2.445068633067133715e-10 6.457719422218109431e-11
-7.674434332254819186e-12 -7.451145922674079676e-13 1.068928119334273548e-12 1.108156802847098887e-11 1.599756087128371787e-11 -3.772136993290211779e-12 3.041695293166087393e-12 2.022339187882676833e-12 -1.605280508504601465e-13 -1.238018172269037122e-12 1.243677248889162914e-12 3.209103318083809238e-12 2.017043918128480950e-13 7.892923781878308923e-12 1.100897073411625788e-11 1.858717315200995403e-11 2.663874697788957375e-11 2.940300279246287710e-11 3.098097872418726395e-11 3.764963960770523838e-11 3.770228533920896264e-11 3.301603715363072302e-11 7.252705020589794372e-11 2.445068633067133715e-10 3.809779329619481164e-10 2.115117670939193475e-10
-2.113470069618069547e-11 -4.153240242697977037e-12 3.908077528807185435e-12 9.665050914514315271e-12 5.062069198496266830e-12 -3.117649567291686742e-12 -4.293731786276626474e-12 -6.099361293241352700e-12 1.249474610184614396e-12 -3.394331002044091237e-12 -2.565641126687670799e-12 -1.740232966442198044e-12 -5.004795339340347590e-12 -6.853391951723822644e-12 -1.720119201590328972e-11 -1.976023076732294294e-11 -3.411781101071724017e-11 -4.236461290636319028e-11 -4.329892631102110149e-11 -3.445153287355679759e-11 -3.485379627233054867e-11 -2.010592320861111279e-11 5.873991268351153361e-13 6.457719422218109431e-11 2.115117670939193475e-10 3.938390152578480302e-10
