5.955781638141734100e-11 8.887316976419329659e-12 6.071166530299784436e-12 1.180283336832230585e-12 2.499846311492270647e-12 -1.041445043946656800e-13 1.137231923435405130e-12 4.148236888980848301e-12 7.743361638565614790e-13 2.518378221566875123e-12 1.987099593088330486e-12 2.128336903734790768e-12 4.394018456829487688e-12 5.607824890868838269e-12 1.133132177086865051e-11 1.141377482934077698e-11 1.246104280390726596e-11 1.375226404986036897e-11 1.294477179066305769e-11 1.273673248737000240e-11 1.009382464802807266e-11 -2.739443361025740198e-12 -4.408259974413621464e-12 -3.032029431054903950e-12 7.471229445188390491e-12 1.044923991806979033e-11
8.887316976419329659e-12 4.337987500690420059e-11 1.058386747360611461e-11 3.082511044573152101e-12 3.820175797455367045e-12 3.022519731763122970e-12 2.773412681454151372e-12 2.778529314561329929e-12 2.241246506398524328e-12 -9.103532531847383671e-13 -1.612582333327412727e-12 -3.483730602894753776e-12 -2.532977768988519732e-12 2.216507355920550736e-13 1.715298662042288218e-12 8.077140251488304107e-13 -4.756571859313493143e-13 -1.092620079621464834e-12 -3.581182700102577098e-12 -6.069551897576906478e-12 -9.702657655862723809e-12 -1.000761749411813908e-11 -7.489887804922305901e-12 -1.666346088406132565e-12 1.261294514254061561e-11 1.754566476316314814e-11
6.071166530299784436e-12 1.058386747360611461e-11 3.477119302690523557e-11 1.449331431196858637e-11 7.565732939968701549e-12 6.479759111592049866e-12 5.030305709677092829e-12 5.272090402877201382e-12 3.045871560626253269e-12 4.656956351897691082e-14 2.218923324363352597e-13 3.365220173220331588e-12 4.770161098384486548e-12 4.220515081513160627e-12 5.793147090509797374e-12 7.316950624230838550e-12 6.700606537629544321e-12 7.190512997600453590e-12 3.759918160993116987e-12 2.750872762147254270e-12 -5.478116811622470008e-14 -2.539848387855189866e-12 -7.518495503967801373e-13 -2.057888801741349225e-12 -5.974359085493596966e-12 2.157516084015511002e-12
1.180283336832230585e-12 3.082511044573152101e-12 1.449331431196858637e-11 3.019204093410041087e-11 1.188765546638687208e-11 6.954560540154284162e-12 5.573618795273838894e-12 4.609891907634718470e-12 3.071967443816173464e-12 1.718377650222208512e-12 3.466301870424938505e-12 5.194876954172074070e-12 6.445569521898265864e-12 5.511074318223569547e-12 4.946801730050703500e-12 7.201908840824207541e-12 8.948688645558026720e-12 1.037392262469463362e-11 1.000620706314589917e-11 1.368433766344165717e-11 1.460050034745160480e-11 7.082325010184595170e-12 5.011292569851764807e-12 -8.311139889853502722e-13 1.973940573891011359e-13 5.593096670700584340e-12
2.499846311492270647e-12 3.820175797455367045e-12 7.565732939968701549e-12 1.188765546638687208e-11 2.444492620765415944e-11 1.274160834969372398e-11 1.008593502251564148e-11 7.690177202379781107e-12 6.202150621248585814e-12 4.071888619272136093e-12 2.709334231321982431e-12 4.138531500825312382e-12 5.671691977113723506e-12 4.781380069463369576e-12 5.046973699011273565e-12 6.972081437590150102e-12 8.394518348359273034e-12 8.335502693543245151e-12 9.809243896859656609e-12 1.361927310596469535e-11 7.390759463916246296e-12 -1.707321178120045815e-12 -6.749909044233917134e-12 -4.572319805814933430e-12 2.033084120372544469e-12 3.665888964574520559e-12
-1.041445043946656800e-13 3.022519731763122970e-12 6.479759111592049866e-12 6.954560540154284162e-12 1.274160834969372398e-11 2.423859369181916530e-11 1.355032664808937007e-11 9.678009225410975714e-12 8.575779204608249829e-12 4.489639129226428996e-12 4.662125249328354113e-12 5.211060330702345245e-12 5.711851628730591702e-12 6.025806468324288276e-12 5.005988457621143828e-12 4.224734508079539630e-12 4.019352085446242035e-12 1.532712445534094322e-12 1.106754333680519961e-12 4.374540347471908915e-12 1.520054738760664733e-12 -3.503222677986768670e-12 -2.209738400426577727e-12 -4.363729613848384173e-12 -3.079480921699956332e-12 2.999304432274473979e-12
1.137231923435405130e-12 2.773412681454151372e-12 5.030305709677092829e-12 5.573618795273838894e-12 1.008593502251564148e-11 1.355032664808937007e-11 1.952772038493829004e-11 1.269045095515708384e-11 8.856934861652411175e-12 5.411438525874932288e-12 3.385460769351332674e-12 2.610314891735083155e-12 1.886767794099016688e-12 2.152533139302900842e-12 2.619175384240283474e-12 3.051461538840069028e-12 4.372707664692221401e-12 5.229628825828221788e-12 7.446670428514434006e-12 1.019883500347787819e-11 6.459604419768137344e-12 9.692767930402683844e-13 3.157387016708644905e-12 4.705540212303730682e-12 -6.781857838397167551e-13 2.278255844362786396e-13
4.148236888980848301e-12 2.778529314561329929e-12 5.272090402877201382e-12 4.609891907634718470e-12 7.690177202379781107e-12 9.678009225410975714e-12 1.269045095515708384e-11 1.961477526494512715e-11 1.460314843427465350e-11 1.065803197696401668e-11 7.177787814818837070e-12 5.662516197917619474e-12 5.642931670531577021e-12 5.147922165627064395e-12 4.508300769104408042e-12 5.914536563115962783e-12 7.203886991718291737e-12 7.499737978665859045e-12 9.027115851232826307e-12 8.378279558662944479e-12 5.546890992755715549e-13 -5.887543066636012846e-12 -3.408488869283104781e-13 5.605862642908117764e-12 6.942245592237989682e-12 7.155355553056910752e-12
7.743361638565614790e-13 2.241246506398524328e-12 3.045871560626253269e-12 3.071967443816173464e-12 6.202150621248585814e-12 8.575779204608249829e-12 8.856934861652411175e-12 1.460314843427465350e-11 2.071925393299026950e-11 1.541061763110013255e-11 1.162933241652448396e-11 1.066010254681806201e-11 1.052345918199295461e-11 1.016313716037626853e-11 9.514147966037868687e-12 9.868717335144713527e-12 1.043166097179043720e-11 1.033729013118278930e-11 1.278352697883853933e-11 1.221627711124675844e-11 4.506333483934188602e-12 -2.483563902011583092e-12 9.623497762180920188e-13 5.059595246933202487e-12 6.502636119094268924e-12 5.594850294325541308e-12
2.518378221566875123e-12 -9.103532531847383671e-13 4.656956351897691082e-14 1.718377650222208512e-12 4.071888619272136093e-12 4.489639129226428996e-12 5.411438525874932288e-12 1.065803197696401668e-11 1.541061763110013255e-11 2.377492632539710996e-11 2.108665528993432332e-11 1.741224035315677681e-11 1.612481837520979875e-11 1.490825584413709221e-11 1.389173075654596875e-11 1.317353350024597871e-11 1.407107500421670807e-11 1.413134089984923418e-11 1.706836138609169772e-11 1.604627375155768266e-11 7.091576032802198655e-12 -5.529639011763309724e-12 -3.180929891051360811e-12 1.321719146996529471e-12 7.103306021553050014e-12 6.338649036887590801e-12
1.987099593088330486e-12 -1.612582333327412727e-12 2.218923324363352597e-13 3.466301870424938505e-12 2.709334231321982431e-12 4.662125249328354113e-12 3.385460769351332674e-12 7.177787814818837070e-12 1.162933241652448396e-11 2.108665528993432332e-11 3.116954041511027013e-11 2.794245076771662260e-11 2.546901386463782179e-11 2.398716485928831994e-11 2.373148911452213003e-11 2.352829571183779161e-11 2.346196049692707876e-11 2.337637265460701715e-11 2.575914407220173641e-11 2.666323824337280179e-11 1.734624860250676067e-11 -5.095198737191505269e-12 -9.036997185171884774e-12 -9.796773305312148597e-12 -5.192427993208207172e-13 3.788711054781039034e-12
2.128336903734790768e-12 -3.483730602894753776e-12 3.365220173220331588e-12 5.194876954172074070e-12 4.138531500825312382e-12 5.211060330702345245e-12 2.610314891735083155e-12 5.662516197917619474e-12 1.066010254681806201e-11 1.741224035315677681e-11 2.794245076771662260e-11 3.702993528699954981e-11 3.534584920955650247e-11 3.373644320179151792e-11 3.413017398661433679e-11 3.513978421444240461e-11 3.563021941483603487e-11 3.572940287453486686e-11 4.047054092660268653e-11 4.398809602674368711e-11 3.391239526961796517e-11 7.926572373074315433e-12 7.961240771883474818e-13 -5.044269590987981523e-14 5.965789382887795413e-12 8.373071073201632406e-12
4.394018456829487688e-12 -2.532977768988519732e-12 4.770161098384486548e-12 6.445569521898265864e-12 5.671691977113723506e-12 5.711851628730591702e-12 1.886767794099016688e-12 5.642931670531577021e-12 1.052345918199295461e-11 1.612481837520979875e-11 2.546901386463782179e-11 3.534584920955650247e-11 4.525634863491878930e-11 4.283274820409559638e-11 4.346738348023895700e-11 4.478287896407255448e-11 4.526452928635815146e-11 4.573209207411937582e-11 4.988796340803420067e-11 5.059681965137758154e-11 3.648700642789054509e-11 4.502934514326516836e-12 -2.951451617539017515e-12 -3.702003388691135351e-12 4.266579115635778769e-12 6.885550096188158610e-12
5.607824890868838269e-12 2.216507355920550736e-13 4.220515081513160627e-12 5.511074318223569547e-12 4.781380069463369576e-12 6.025806468324288276e-12 2.152533139302900842e-12 5.147922165627064395e-12 1.016313716037626853e-11 1.490825584413709221e-11 2.398716485928831994e-11 3.373644320179151792e-11 4.283274820409559638e-11 5.308753639340936146e-11 5.659254494323200735e-11 5.750554645454646559e-11 5.747497534607899675e-11 5.696610280758183791e-11 6.138235111952832779e-11 6.345372340474279059e-11 4.888683642673114411e-11 1.202596019471379758e-11 -6.804235886819013406e-13 -1.905107520535081742e-12 7.872930974594982620e-12 1.147314007529934181e-11
1.133132177086865051e-11 1.715298662042288218e-12 5.793147090509797374e-12 4.946801730050703500e-12 5.046973699011273565e-12 5.005988457621143828e-12 2.619175384240283474e-12 4.508300769104408042e-12 9.514147966037868687e-12 1.389173075654596875e-11 2.373148911452213003e-11 3.413017398661433679e-11 4.346738348023895700e-11 5.659254494323200735e-11 7.521021043953163023e-11 8.097257368717284752e-11 8.336005220573812088e-11 8.359674969132272859e-11 8.830121858195301975e-11 9.222309745371987851e-11 7.359908816928631225e-11 2.414733885585605314e-11 2.363063987242668988e-12 -4.691891606085811951e-12 9.417156307233891273e-12 1.202289496139670698e-11
1.141377482934077698e-11 8.077140251488304107e-13 7.316950624230838550e-12 7.201908840824207541e-12 6.972081437590150102e-12 4.224734508079539630e-12 3.051461538840069028e-12 5.914536563115962783e-12 9.868717335144713527e-12 1.317353350024597871e-11 2.352829571183779161e-11 3.513978421444240461e-11 4.478287896407255448e-11 5.750554645454646559e-11 8.097257368717284752e-11 1.033262507340700870e-10 1.132866252027599729e-10 1.171809019237265481e-10 1.210322351390685761e-10 1.240860044705527567e-10 9.930628426875394511e-11 3.602766084531626030e-11 4.785656486047852950e-12 -2.570543039962454289e-12 8.016841723244075075e-12 1.301690495037664590e-11
1.246104280390726596e-11 -4.756571859313493143e-13 6.700606537629544321e-12 8.948688645558026720e-12 8.394518348359273034e-12 4.019352085446242035e-12 4.372707664692221401e-12 7.203886991718291737e-12 1.043166097179043720e-11 1.407107500421670807e-11 2.346196049692707876e-11 3.563021941483603487e-11 4.526452928635815146e-11 5.747497534607899675e-11 8.336005220573812088e-11 1.132866252027599729e-10 1.431696380069373759e-10 1.570376713587167094e-10 1.634856692021304715e-10 1.682991568539013450e-10 1.381281541064851570e-10 5.869442525745246437e-11 1.152194466455683825e-11 3.545270598135304114e-12 8.274141126388834194e-12 1.503284236700993828e-11
1.375226404986036897e-11 -1.092620079621464834e-12 7.190512997600453590e-12 1.037392262469463362e-11 8.335502693543245151e-12 1.532712445534094322e-12 5.229628825828221788e-12 7.499737978665859045e-12 1.033729013118278930e-11 1.413134089984923418e-11 2.337637265460701715e-11 3.572940287453486686e-11 4.573209207411937582e-11 5.696610280758183791e-11 8.359674969132272859e-11 1.171809019237265481e-10 1.570376713587167094e-10 1.949578920035790709e-10 2.135888335583128707e-10 2.218061781908048584e-10 1.869982057588980856e-10 9.228212534307963013e-11 2.157525379631405245e-11 1.218413387282129464e-11 7.776943545932577848e-12 8.635716238994729635e-12
1.294477179066305769e-11 -3.581182700102577098e-12 3.759918160993116987e-12 1.000620706314589917e-11 9.809243896859656609e-12 1.106754333680519961e-12 7.446670428514434006e-12 9.027115851232826307e-12 1.278352697883853933e-11 1.706836138609169772e-11 2.575914407220173641e-11 4.047054092660268653e-11 4.988796340803420067e-11 6.138235111952832779e-11 8.830121858195301975e-11 1.210322351390685761e-10 1.634856692021304715e-10 2.135888335583128707e-10 2.620701806888623463e-10 2.863048442001519242e-10 2.548503602424484520e-10 1.481376931737093483e-10 4.521466133984299987e-11 1.707719223004410974e-11 3.098685467961020759e-12 4.853339021063071679e-12
1.273673248737000240e-11 -6.069551897576906478e-12 2.750872762147254270e-12 1.368433766344165717e-11 1.361927310596469535e-11 4.374540347471908915e-12 1.019883500347787819e-11 8.378279558662944479e-12 1.221627711124675844e-11 1.604627375155768266e-11 2.666323824337280179e-11 4.398809602674368711e-11 5.059681965137758154e-11 6.345372340474279059e-11 9.222309745371987851e-11 1.240860044705527567e-10 1.682991568539013450e-10 2.218061781908048584e-10 2.863048442001519242e-10 3.521517301448625093e-10 3.422981234378652967e-10 2.301792098753410090e-10 9.248438997472026298e-11 2.420636834283746755e-11 7.730954984141483077e-12 1.137019680476163847e-11
1.009382464802807266e-11 -9.702657655862723809e-12 -5.478116811622470008e-14 1.460050034745160480e-11 7.390759463916246296e-12 1.520054738760664733e-12 6.459604419768137344e-12 5.546890992755715549e-13 4.506333483934188602e-12 7.091576032802198655e-12 1.734624860250676067e-11 3.391239526961796517e-11 3.648700642789054509e-11 4.888683642673114411e-11 7.359908816928631225e-11 9.930628426875394511e-11 1.381281541064851570e-10 1.869982057588980856e-10 2.548503602424484520e-10 3.422981234378652967e-10 4.087035643586248368e-10 3.317619581428393118e-10 1.769641228017501242e-10 4.803281885959369713e-11 1.684468467990006361e-11 1.106867283878351486e-11
-2.739443361025740198e-12 -1.000761749411813908e-11 -2.539848387855189866e-12 7.082325010184595170e-12 -1.707321178120045815e-12 -3.503222677986768670e-12 9.692767930402683844e-13 -5.887543066636012846e-12 -2.483563902011583092e-12 -5.529639011763309724e-12 -5.095198737191505269e-12 7.926572373074315433e-12 4.502934514326516836e-12 1.202596019471379758e-11 2.414733885585605314e-11 3.602766084531626030e-11 5.869442525745246437e-11 9.228212534307963013e-11 1.481376931737093483e-10 2.301792098753410090e-10 3.317619581428393118e-10 3.739555974509885166e-10 2.666642674884563048e-10 1.033459615894336907e-10 2.414068868313243371e-11 1.265715359094785368e-11
-4.408259974413621464e-12 -7.489887804922305901e-12 -7.518495503967801373e-13 5.011292569851764807e-12 -6.749909044233917134e-12 -2.209738400426577727e-12 3.157387016708644905e-12 -3.408488869283104781e-13 9.623497762180920188e-13 -3.180929891051360811e-12 -9.036997185171884774e-12 7.961240771883474818e-13 -2.951451617539017515e-12 -6.804235886819013406e-13 2.363063987242668988e-12 4.785656486047852950e-12 1.152194466455683825e-11 2.157525379631405245e-11 4.521466133984299987e-11 9.248438997472026298e-11 1.769641228017501242e-10 2.666642674884563048e-10 3.052959787155258217e-10 2.020813969553435046e-10 6.250218759885125302e-11 3.046141423775569572e-11
-3.032029431054903950e-12 -1.666346088406132565e-12 -2.057888801741349225e-12 -8.311139889853502722e-13 -4.572319805814933430e-12 -4.363729613848384173e-12 4.705540212303730682e-12 5.605862642908117764e-12 5.059595246933202487e-12 1.321719146996529471e-12 -9.796773305312148597e-12 -5.044269590987981523e-14 -3.702003388691135351e-12 -1.905107520535081742e-12 -4.691891606085811951e-12 -2.570543039962454289e-12 3.545270598135304114e-12 1.218413387282129464e-11 1.707719223004410974e-11 2.420636834283746755e-11 4.803281885959369713e-11 1.033459615894336907e-10 2.020813969553435046e-10 2.780158702005560857e-10 1.601128730348140426e-10 6.628703753897462800e-11
7.471229445188390491e-12 1.261294514254061561e-11 -5.974359085493596966e-12 1.973940573891011359e-13 2.033084120372544469e-12 -3.079480921699956332e-12 -6.781857838397167551e-13 6.942245592237989682e-12 6.502636119094268924e-12 7.103306021553050014e-12 -5.192427993208207172e-13 5.965789382887795413e-12 4.266579115635778769e-12 7.872930974594982620e-12 9.417156307233891273e-12 8.016841723244075075e-12 8.274141126388834194e-12 7.776943545932577848e-12 3.098685467961020759e-12 7.730954984141483077e-12 1.684468467990006361e-11 2.414068868313243371e-11 6.250218759885125302e-11 1.601128730348140426e-10 2.799669155584640369e-10 2.001713642648292443e-10
1.044923991806979033e-11 1.754566476316314814e-11 2.157516084015511002e-12 5.593096670700584340e-12 3.665888964574520559e-12 2.999304432274473979e-12 2.278255844362786396e-13 7.155355553056910752e-12 5.594850294325541308e-12 6.338649036887590801e-12 3.788711054781039034e-12 8.373071073201632406e-12 6.885550096188158610e-12 1.147314007529934181e-11 1.202289496139670698e-11 1.301690495037664590e-11 1.503284236700993828e-11 8.635716238994729635e-12 4.853339021063071679e-12 1.137019680476163847e-11 1.106867283878351486e-11 1.265715359094785368e-11 3.046141423775569572e-11 6.628703753897462800e-11 2.001713642648292443e-10 3.544298726636541542e-10
