5.955781638141744439e-11 8.887316976419266651e-12 6.071166530299784436e-12 1.180283336832156066e-12 2.499846311492434629e-12 -1.041445043947497032e-13 1.137231923435350604e-12 4.148236888980784486e-12 7.743361638566617464e-13 2.518378221566718815e-12 1.987099593088138635e-12 2.128336903734758457e-12 4.394018456829546657e-12 5.607824890869051527e-12 1.133132177086862305e-11 1.141377482934079475e-11 1.246104280390731120e-11 1.375226404986050952e-11 1.294477179066332426e-11 1.273673248737009288e-11 1.009382464802808397e-11 -2.739443361025612566e-12 -4.408259974413623887e-12 -3.032029431054956861e-12 7.471229445188450268e-12 1.044923991806978063e-11
8.887316976419266651e-12 4.337987500690440092e-11 1.058386747360621316e-11 3.082511044573108077e-12 3.820175797455402588e-12 3.022519731763105198e-12 2.773412681454171567e-12 2.778529314561230974e-12 2.241246506398468994e-12 -9.103532531848330809e-13 -1.612582333327441605e-12 -3.483730602894815573e-12 -2.532977768988442992e-12 2.216507355919792420e-13 1.715298662042342138e-12 8.077140251487626570e-13 -4.756571859313144782e-13 -1.092620079621376380e-12 -3.581182700102592446e-12 -6.069551897576998567e-12 -9.702657655862895061e-12 -1.000761749411822148e-11 -7.489887804922323673e-12 -1.666346088405893458e-12 1.261294514254063984e-11 1.754566476316317722e-11
6.071166530299784436e-12 1.058386747360621316e-11 3.477119302690543591e-11 1.449331431196852821e-11 7.565732939968596535e-12 6.479759111592011092e-12 5.030305709677157452e-12 5.272090402877076982e-12 3.045871560626070708e-12 4.656956351893375066e-14 2.218923324363730241e-13 3.365220173220348956e-12 4.770161098384555211e-12 4.220515081513184053e-12 5.793147090509895117e-12 7.316950624230893480e-12 6.700606537629484544e-12 7.190512997600504481e-12 3.759918160993075790e-12 2.750872762147281735e-12 -5.478116811614777036e-14 -2.539848387855094142e-12 -7.518495503966796680e-13 -2.057888801741417484e-12 -5.974359085493643010e-12 2.157516084015284416e-12
1.180283336832156066e-12 3.082511044573108077e-12 1.449331431196852821e-11 3.019204093410043025e-11 1.188765546638673637e-11 6.954560540154326975e-12 5.573618795273813045e-12 4.609891907634576298e-12 3.071967443816238895e-12 1.718377650222194981e-12 3.466301870425073406e-12 5.194876954172188777e-12 6.445569521898181046e-12 5.511074318223479074e-12 4.946801730050496705e-12 7.201908840824037904e-12 8.948688645557815078e-12 1.037392262469453992e-11 1.000620706314571499e-11 1.368433766344146169e-11 1.460050034745147555e-11 7.082325010184453806e-12 5.011292569851844778e-12 -8.311139889853765255e-13 1.973940573888866163e-13 5.593096670700560913e-12
2.499846311492434629e-12 3.820175797455402588e-12 7.565732939968596535e-12 1.188765546638673637e-11 2.444492620765400112e-11 1.274160834969374499e-11 1.008593502251563340e-11 7.690177202379530691e-12 6.202150621248732832e-12 4.071888619272206371e-12 2.709334231322009088e-12 4.138531500825231603e-12 5.671691977113577295e-12 4.781380069463144201e-12 5.046973699011212173e-12 6.972081437590076592e-12 8.394518348359111476e-12 8.335502693543060974e-12 9.809243896859194551e-12 1.361927310596418321e-11 7.390759463915910254e-12 -1.707321178120226357e-12 -6.749909044233970448e-12 -4.572319805815311477e-12 2.033084120372274666e-12 3.665888964574161899e-12
-1.041445043947497032e-13 3.022519731763105198e-12 6.479759111592011092e-12 6.954560540154326975e-12 1.274160834969374499e-11 2.423859369181953365e-11 1.355032664808967541e-11 9.678009225411006410e-12 8.575779204608424312e-12 4.489639129226401531e-12 4.662125249328373500e-12 5.211060330702218422e-12 5.711851628730472149e-12 6.025806468324041092e-12 5.005988457621055779e-12 4.224734508079445926e-12 4.019352085446071590e-12 1.532712445533934985e-12 1.106754333680230367e-12 4.374540347471702119e-12 1.520054738760662915e-12 -3.503222677986835717e-12 -2.209738400426540164e-12 -4.363729613848254926e-12 -3.079480921699935329e-12 2.999304432274531737e-12
1.137231923435350604e-12 2.773412681454171567e-12 5.030305709677157452e-12 5.573618795273813045e-12 1.008593502251563340e-11 1.355032664808967541e-11 1.952772038493821896e-11 1.269045095515705637e-11 8.856934861652533960e-12 5.411438525874921787e-12 3.385460769351336309e-12 2.610314891735137277e-12 1.886767794099148762e-12 2.152533139302927095e-12 2.619175384240451899e-12 3.051461538840338427e-12 4.372707664692376498e-12 5.229628825828348612e-12 7.446670428514262754e-12 1.019883500347778126e-11 6.459604419767965284e-12 9.692767930401209621e-13 3.157387016708649348e-12 4.705540212303910820e-12 -6.781857838398209605e-13 2.278255844363125669e-13
4.148236888980784486e-12 2.778529314561230974e-12 5.272090402877076982e-12 4.609891907634576298e-12 7.690177202379530691e-12 9.678009225411006410e-12 1.269045095515705637e-11 1.961477526494495913e-11 1.460314843427464057e-11 1.065803197696388420e-11 7.177787814818738519e-12 5.662516197917599279e-12 5.642931670531683650e-12 5.147922165627083783e-12 4.508300769104589796e-12 5.914536563116088799e-12 7.203886991718479145e-12 7.499737978666075534e-12 9.027115851232905471e-12 8.378279558662991331e-12 5.546890992754190838e-13 -5.887543066636281033e-12 -3.408488869284433601e-13 5.605862642908343138e-12 6.942245592237753806e-12 7.155355553056624793e-12
7.743361638566617464e-13 2.241246506398468994e-12 3.045871560626070708e-12 3.071967443816238895e-12 6.202150621248732832e-12 8.575779204608424312e-12 8.856934861652533960e-12 1.460314843427464057e-11 2.071925393299063140e-11 1.541061763110034258e-11 1.162933241652434825e-11 1.066010254681800708e-11 1.052345918199289322e-11 1.016313716037614575e-11 9.514147966037828297e-12 9.868717335144763610e-12 1.043166097179048082e-11 1.033729013118276506e-11 1.278352697883824045e-11 1.221627711124633677e-11 4.506333483933678884e-12 -2.483563902012159048e-12 9.623497762178379678e-13 5.059595246933336581e-12 6.502636119094941008e-12 5.594850294326065566e-12
2.518378221566718815e-12 -9.103532531848330809e-13 4.656956351893375066e-14 1.718377650222194981e-12 4.071888619272206371e-12 4.489639129226401531e-12 5.411438525874921787e-12 1.065803197696388420e-11 1.541061763110034258e-11 2.377492632539710996e-11 2.108665528993421669e-11 1.741224035315684144e-11 1.612481837520980844e-11 1.490825584413688541e-11 1.389173075654585243e-11 1.317353350024594316e-11 1.407107500421663213e-11 1.413134089984914047e-11 1.706836138609148123e-11 1.604627375155758896e-11 7.091576032802347289e-12 -5.529639011763157859e-12 -3.180929891051240046e-12 1.321719146996443037e-12 7.103306021552702663e-12 6.338649036887089969e-12
1.987099593088138635e-12 -1.612582333327441605e-12 2.218923324363730241e-13 3.466301870425073406e-12 2.709334231322009088e-12 4.662125249328373500e-12 3.385460769351336309e-12 7.177787814818738519e-12 1.162933241652434825e-11 2.108665528993421669e-11 3.116954041511008272e-11 2.794245076771682293e-11 2.546901386463775070e-11 2.398716485928810991e-11 2.373148911452213326e-11 2.352829571183794347e-11 2.346196049692728879e-11 2.337637265460731442e-11 2.575914407220183011e-11 2.666323824337315076e-11 1.734624860250734552e-11 -5.095198737190964048e-12 -9.036997185171606893e-12 -9.796773305312020965e-12 -5.192427993204571091e-13 3.788711054781290257e-12
2.128336903734758457e-12 -3.483730602894815573e-12 3.365220173220348956e-12 5.194876954172188777e-12 4.138531500825231603e-12 5.211060330702218422e-12 2.610314891735137277e-12 5.662516197917599279e-12 1.066010254681800708e-11 1.741224035315684144e-11 2.794245076771682293e-11 3.702993528700004741e-11 3.534584920955658001e-11 3.373644320179160193e-11 3.413017398661456944e-11 3.513978421444265664e-11 3.563021941483617058e-11 3.572940287453509950e-11 4.047054092660269946e-11 4.398809602674373235e-11 3.391239526961841107e-11 7.926572373074554540e-12 7.961240771886195063e-13 -5.044269590963663150e-14 5.965789382887954548e-12 8.373071073201905440e-12
4.394018456829546657e-12 -2.532977768988442992e-12 4.770161098384555211e-12 6.445569521898181046e-12 5.671691977113577295e-12 5.711851628730472149e-12 1.886767794099148762e-12 5.642931670531683650e-12 1.052345918199289322e-11 1.612481837520980844e-11 2.546901386463775070e-11 3.534584920955658001e-11 4.525634863491847264e-11 4.283274820409533142e-11 4.346738348023878898e-11 4.478287896407234768e-11 4.526452928635791882e-11 4.573209207411933705e-11 4.988796340803396156e-11 5.059681965137705163e-11 3.648700642789052570e-11 4.502934514326411823e-12 -2.951451617538948044e-12 -3.702003388691094961e-12 4.266579115635636597e-12 6.885550096187780562e-12
5.607824890869051527e-12 2.216507355919792420e-13 4.220515081513184053e-12 5.511074318223479074e-12 4.781380069463144201e-12 6.025806468324041092e-12 2.152533139302927095e-12 5.147922165627083783e-12 1.016313716037614575e-11 1.490825584413688541e-11 2.398716485928810991e-11 3.373644320179160193e-11 4.283274820409533142e-11 5.308753639340905127e-11 5.659254494323181994e-11 5.750554645454614248e-11 5.747497534607855085e-11 5.696610280758166989e-11 6.138235111952803052e-11 6.345372340474213143e-11 4.888683642673095670e-11 1.202596019471349547e-11 -6.804235886821092465e-13 -1.905107520535037717e-12 7.872930974594958387e-12 1.147314007529927718e-11
1.133132177086862305e-11 1.715298662042342138e-12 5.793147090509895117e-12 4.946801730050496705e-12 5.046973699011212173e-12 5.005988457621055779e-12 2.619175384240451899e-12 4.508300769104589796e-12 9.514147966037828297e-12 1.389173075654585243e-11 2.373148911452213326e-11 3.413017398661456944e-11 4.346738348023878898e-11 5.659254494323181994e-11 7.521021043953169485e-11 8.097257368717301554e-11 8.336005220573792701e-11 8.359674969132298708e-11 8.830121858195308437e-11 9.222309745371963294e-11 7.359908816928675169e-11 2.414733885585614684e-11 2.363063987242663334e-12 -4.691891606085866073e-12 9.417156307233592389e-12 1.202289496139651795e-11
1.141377482934079475e-11 8.077140251487626570e-13 7.316950624230893480e-12 7.201908840824037904e-12 6.972081437590076592e-12 4.224734508079445926e-12 3.051461538840338427e-12 5.914536563116088799e-12 9.868717335144763610e-12 1.317353350024594316e-11 2.352829571183794347e-11 3.513978421444265664e-11 4.478287896407234768e-11 5.750554645454614248e-11 8.097257368717301554e-11 1.033262507340699061e-10 1.132866252027591328e-10 1.171809019237264706e-10 1.210322351390682400e-10 1.240860044705519812e-10 9.930628426875393219e-11 3.602766084531621506e-11 4.785656486048222111e-12 -2.570543039962228914e-12 8.016841723243789116e-12 1.301690495037653604e-11
1.246104280390731120e-11 -4.756571859313144782e-13 6.700606537629484544e-12 8.948688645557815078e-12 8.394518348359111476e-12 4.019352085446071590e-12 4.372707664692376498e-12 7.203886991718479145e-12 1.043166097179048082e-11 1.407107500421663213e-11 2.346196049692728879e-11 3.563021941483617058e-11 4.526452928635791882e-11 5.747497534607855085e-11 8.336005220573792701e-11 1.132866252027591328e-10 1.431696380069357215e-10 1.570376713587156237e-10 1.634856692021292307e-10 1.682991568538994580e-10 1.381281541064843815e-10 5.869442525745215418e-11 1.152194466455715329e-11 3.545270598135441439e-12 8.274141126388467455e-12 1.503284236701003199e-11
1.375226404986050952e-11 -1.092620079621376380e-12 7.190512997600504481e-12 1.037392262469453992e-11 8.335502693543060974e-12 1.532712445533934985e-12 5.229628825828348612e-12 7.499737978666075534e-12 1.033729013118276506e-11 1.413134089984914047e-11 2.337637265460731442e-11 3.572940287453509950e-11 4.573209207411933705e-11 5.696610280758166989e-11 8.359674969132298708e-11 1.171809019237264706e-10 1.570376713587156237e-10 1.949578920035791226e-10 2.135888335583124054e-10 2.218061781908037728e-10 1.869982057588981114e-10 9.228212534307946211e-11 2.157525379631427540e-11 1.218413387282132695e-11 7.776943545932141640e-12 8.635716238994934815e-12
1.294477179066332426e-11 -3.581182700102592446e-12 3.759918160993075790e-12 1.000620706314571499e-11 9.809243896859194551e-12 1.106754333680230367e-12 7.446670428514262754e-12 9.027115851232905471e-12 1.278352697883824045e-11 1.706836138609148123e-11 2.575914407220183011e-11 4.047054092660269946e-11 4.988796340803396156e-11 6.138235111952803052e-11 8.830121858195308437e-11 1.210322351390682400e-10 1.634856692021292307e-10 2.135888335583124054e-10 2.620701806888606402e-10 2.863048442001495978e-10 2.548503602424476248e-10 1.481376931737089606e-10 4.521466133984332945e-11 1.707719223004412267e-11 3.098685467960328076e-12 4.853339021063081373e-12
1.273673248737009288e-11 -6.069551897576998567e-12 2.750872762147281735e-12 1.368433766344146169e-11 1.361927310596418321e-11 4.374540347471702119e-12 1.019883500347778126e-11 8.378279558662991331e-12 1.221627711124633677e-11 1.604627375155758896e-11 2.666323824337315076e-11 4.398809602674373235e-11 5.059681965137705163e-11 6.345372340474213143e-11 9.222309745371963294e-11 1.240860044705519812e-10 1.682991568538994580e-10 2.218061781908037728e-10 2.863048442001495978e-10 3.521517301448585802e-10 3.422981234378629185e-10 2.301792098753398975e-10 9.248438997472116771e-11 2.420636834283775835e-11 7.730954984140822301e-12 1.137019680476167239e-11
1.009382464802808397e-11 -9.702657655862895061e-12 -5.478116811614777036e-14 1.460050034745147555e-11 7.390759463915910254e-12 1.520054738760662915e-12 6.459604419767965284e-12 5.546890992754190838e-13 4.506333483933678884e-12 7.091576032802347289e-12 1.734624860250734552e-11 3.391239526961841107e-11 3.648700642789052570e-11 4.888683642673095670e-11 7.359908816928675169e-11 9.930628426875393219e-11 1.381281541064843815e-10 1.869982057588981114e-10 2.548503602424476248e-10 3.422981234378629185e-10 4.087035643586231307e-10 3.317619581428384329e-10 1.769641228017519078e-10 4.803281885959432398e-11 1.684468467989971787e-11 1.106867283878345186e-11
-2.739443361025612566e-12 -1.000761749411822148e-11 -2.539848387855094142e-12 7.082325010184453806e-12 -1.707321178120226357e-12 -3.503222677986835717e-12 9.692767930401209621e-13 -5.887543066636281033e-12 -2.483563902012159048e-12 -5.529639011763157859e-12 -5.095198737190964048e-12 7.926572373074554540e-12 4.502934514326411823e-12 1.202596019471349547e-11 2.414733885585614684e-11 3.602766084531621506e-11 5.869442525745215418e-11 9.228212534307946211e-11 1.481376931737089606e-10 2.301792098753398975e-10 3.317619581428384329e-10 3.739555974509883615e-10 2.666642674884588381e-10 1.033459615894348539e-10 2.414068868313243694e-11 1.265715359094774543e-11
-4.408259974413623887e-12 -7.489887804922323673e-12 -7.518495503966796680e-13 5.011292569851844778e-12 -6.749909044233970448e-12 -2.209738400426540164e-12 3.157387016708649348e-12 -3.408488869284433601e-13 9.623497762178379678e-13 -3.180929891051240046e-12 -9.036997185171606893e-12 7.961240771886195063e-13 -2.951451617538948044e-12 -6.804235886821092465e-13 2.363063987242663334e-12 4.785656486048222111e-12 1.152194466455715329e-11 2.157525379631427540e-11 4.521466133984332945e-11 9.248438997472116771e-11 1.769641228017519078e-10 2.666642674884588381e-10 3.052959787155308882e-10 2.020813969553469168e-10 6.250218759885167954e-11 3.046141423775564402e-11
-3.032029431054956861e-12 -1.666346088405893458e-12 -2.057888801741417484e-12 -8.311139889853765255e-13 -4.572319805815311477e-12 -4.363729613848254926e-12 4.705540212303910820e-12 5.605862642908343138e-12 5.059595246933336581e-12 1.321719146996443037e-12 -9.796773305312020965e-12 -5.044269590963663150e-14 -3.702003388691094961e-12 -1.905107520535037717e-12 -4.691891606085866073e-12 -2.570543039962228914e-12 3.545270598135441439e-12 1.218413387282132695e-11 1.707719223004412267e-11 2.420636834283775835e-11 4.803281885959432398e-11 1.033459615894348539e-10 2.020813969553469168e-10 2.780158702005606352e-10 1.601128730348151541e-10 6.628703753897550688e-11
7.471229445188450268e-12 1.261294514254063984e-11 -5.974359085493643010e-12 1.973940573888866163e-13 2.033084120372274666e-12 -3.079480921699935329e-12 -6.781857838398209605e-13 6.942245592237753806e-12 6.502636119094941008e-12 7.103306021552702663e-12 -5.192427993204571091e-13 5.965789382887954548e-12 4.266579115635636597e-12 7.872930974594958387e-12 9.417156307233592389e-12 8.016841723243789116e-12 8.274141126388467455e-12 7.776943545932141640e-12 3.098685467960328076e-12 7.730954984140822301e-12 1.684468467989971787e-11 2.414068868313243694e-11 6.250218759885167954e-11 1.601128730348151541e-10 2.799669155584633649e-10 2.001713642648298389e-10
1.044923991806978063e-11 1.754566476316317722e-11 2.157516084015284416e-12 5.593096670700560913e-12 3.665888964574161899e-12 2.999304432274531737e-12 2.278255844363125669e-13 7.155355553056624793e-12 5.594850294326065566e-12 6.338649036887089969e-12 3.788711054781290257e-12 8.373071073201905440e-12 6.885550096187780562e-12 1.147314007529927718e-11 1.202289496139651795e-11 1.301690495037653604e-11 1.503284236701003199e-11 8.635716238994934815e-12 4.853339021063081373e-12 1.137019680476167239e-11 1.106867283878345186e-11 1.265715359094774543e-11 3.046141423775564402e-11 6.628703753897550688e-11 2.001713642648298389e-10 3.544298726636576180e-10
