5.749357801230049633e-11 1.091695895742655049e-11 4.946102883874103210e-12 1.112131594343601387e-12 -8.289844017023097139e-13 2.746202039504395662e-12 2.114482933374442927e-12 2.058423301461757303e-12 4.212595074676714176e-12 3.540925720889208709e-12 1.586293635307726190e-12 1.227834797320259320e-12 -1.926152322992450734e-13 -3.669577361583801236e-12 -3.118588236472692303e-12 -6.129021269693806814e-13 2.409194293256442181e-12 8.569315561729456566e-12 1.151092951280153866e-11 8.737815160333205692e-12 7.112908803700646870e-12 5.623931315559346679e-12 1.232440576456536696e-12 5.361028443036656826e-12 7.498940027477743155e-12 5.133725902603449633e-13
1.091695895742655049e-11 3.576416810810389490e-11 9.337480658681971270e-12 7.064784515228991517e-12 4.035904411727019429e-12 4.035729919134961662e-12 4.001152248187128934e-12 3.638270658145103682e-12 4.886971253982120212e-12 2.581399434234466602e-12 7.026395928393283593e-13 1.245391178120439582e-12 1.602000993487278277e-12 2.309279652167975187e-12 2.041805552621237635e-12 3.176641218837813401e-12 6.572544423009195089e-12 7.445365486796539061e-12 7.431143637832730431e-12 6.297314111251308164e-12 4.894953473866758770e-12 9.499125477312469380e-13 -6.685403636644930969e-12 -1.538858803775921858e-11 -8.829320505635682155e-12 -1.665786382769391486e-12
4.946102883874103210e-12 9.337480658681971270e-12 3.359039947757734215e-11 1.019598735899940492e-11 7.107829153302257608e-12 5.092441590770305975e-12 4.872319473326710236e-12 3.330099553250375783e-12 2.980905682920101283e-12 2.373759530479279419e-12 1.675999528143160570e-12 1.390415391810643361e-12 2.023762237359639740e-12 1.897701327885377471e-12 3.242498287278984538e-13 1.686845685198441396e-12 1.347338489585122524e-12 1.054647516999327907e-12 -5.631032831199691735e-13 -4.569749420175423500e-13 -1.632856842076377914e-12 -1.707176595970875996e-12 5.162451305511549277e-12 5.278896988401992325e-12 -1.218511328324959235e-13 -4.611775807810168221e-12
1.112131594343601387e-12 7.064784515228991517e-12 1.019598735899940492e-11 2.292753803375570834e-11 1.017593565455258426e-11 5.933006451108709949e-12 3.203659886287327008e-12 3.448208881428507703e-12 4.216490947469581485e-12 3.017630655736123447e-12 1.692805662432898056e-12 1.164177728146529712e-12 1.925661853737898683e-12 1.701146464085212535e-12 8.277269008503685044e-13 1.817899688816046354e-12 1.771006810232696448e-12 2.871658624648682821e-12 4.601704656574647926e-12 7.375575810207318246e-12 5.215950995549613588e-12 2.785644030777439085e-12 3.124251562244312974e-12 6.832762156441309237e-12 3.648510332415813492e-12 -2.272836855215787389e-12
-8.289844017023097139e-13 4.035904411727019429e-12 7.107829153302257608e-12 1.017593565455258426e-11 2.449542604083843885e-11 1.029340401161034386e-11 7.062111535709597215e-12 5.324731233581159529e-12 4.260734689004654096e-12 3.252569428451908520e-12 2.349735761458444727e-12 8.601315226699608184e-13 -1.784822363938252591e-14 -8.090839197976501579e-13 -1.213004007950106647e-12 -8.634748067328551745e-13 1.702683271517624948e-13 -1.629568674576371177e-12 -1.912587646553738869e-12 -1.573933687475356285e-12 -3.072451984026519000e-12 -5.987155861180564671e-12 -9.965196189865956482e-12 -6.110564859879650698e-12 -3.986952923333949560e-13 -5.310436403183480197e-12
2.746202039504395662e-12 4.035729919134961662e-12 5.092441590770305975e-12 5.933006451108709949e-12 1.029340401161034386e-11 1.686720432604939163e-11 9.836310391925099562e-12 6.111100562832376764e-12 2.837207870360584838e-12 1.398710338282967645e-12 6.948469953084175577e-13 6.769858792992502997e-13 1.678783964338628537e-12 2.350782639363182035e-12 2.927503076264898051e-12 3.855543311938332895e-12 4.174790324931854950e-12 4.898341876027072947e-12 4.828943275937729679e-12 5.263757617540714671e-12 4.244050277187702922e-12 -1.656380834011729158e-13 -1.591069370713102192e-12 -1.134058419866451703e-12 -3.748748247680497064e-12 -6.919011101557545397e-12
2.114482933374442927e-12 4.001152248187128934e-12 4.872319473326710236e-12 3.203659886287327008e-12 7.062111535709597215e-12 9.836310391925099562e-12 1.943721393257184934e-11 1.159173445743459440e-11 6.734340299002027928e-12 5.742359547312438817e-12 4.200959141431317034e-12 3.771589966702181784e-12 4.348897370224513332e-12 3.948840468056698683e-12 4.598729646034199617e-12 4.664948087207377927e-12 4.003732610531658139e-12 5.607652724873838194e-12 6.187185662173485331e-12 7.019949721770233347e-12 7.555536364417537799e-12 1.818863402191564677e-12 5.469738141366463328e-13 -1.337305747400754818e-12 -4.702968525903539783e-12 -8.343108941350461706e-12
2.058423301461757303e-12 3.638270658145103682e-12 3.330099553250375783e-12 3.448208881428507703e-12 5.324731233581159529e-12 6.111100562832376764e-12 1.159173445743459440e-11 1.909497417875424176e-11 1.219495633367679613e-11 8.392349800977359701e-12 6.515809524867462895e-12 5.561567439040288086e-12 6.271186189050623446e-12 6.005840751445663125e-12 6.730215390080145297e-12 6.961077399818543892e-12 6.520454510792027060e-12 8.416855728115362620e-12 1.094308500900338792e-11 1.146315333446070416e-11 1.161807077333387693e-11 8.325842380583251183e-12 4.838734277986968545e-12 7.910496003899214682e-13 2.279112036713068847e-12 -1.501144337435130423e-12
4.212595074676714176e-12 4.886971253982120212e-12 2.980905682920101283e-12 4.216490947469581485e-12 4.260734689004654096e-12 2.837207870360584838e-12 6.734340299002027928e-12 1.219495633367679613e-11 1.943513637010239350e-11 1.415843625659517712e-11 1.081449371433661401e-11 7.742806094679509650e-12 5.974724870986090122e-12 5.643344947822016174e-12 6.897186096221399570e-12 8.536362431244179624e-12 9.736036637176380389e-12 1.021166454906648218e-11 1.225762078347728990e-11 1.372966936399619528e-11 1.315203291438304891e-11 9.544658486575866165e-12 4.371225552743754861e-12 -2.901478680143731272e-12 -4.324329124738870847e-13 -4.333910189648959661e-12
3.540925720889208709e-12 2.581399434234466602e-12 2.373759530479279419e-12 3.017630655736123447e-12 3.252569428451908520e-12 1.398710338282967645e-12 5.742359547312438817e-12 8.392349800977359701e-12 1.415843625659517712e-11 1.997651856534770958e-11 1.682579733884092696e-11 1.295251392588684016e-11 9.908791905318264160e-12 8.717486425963079563e-12 8.581541505903515999e-12 9.202605818668955598e-12 1.024641202863325606e-11 1.088781566347724389e-11 1.089323721055937910e-11 9.826970214694647693e-12 5.987292052702424910e-12 -2.349903834209555603e-12 -2.173636176314293289e-12 -1.773037750343841168e-12 -1.196738521808134951e-12 -5.502016782497811219e-12
1.586293635307726190e-12 7.026395928393283593e-13 1.675999528143160570e-12 1.692805662432898056e-12 2.349735761458444727e-12 6.948469953084175577e-13 4.200959141431317034e-12 6.515809524867462895e-12 1.081449371433661401e-11 1.682579733884092696e-11 2.305390811216018627e-11 1.980277674206756805e-11 1.532375019535118531e-11 1.313824360174818970e-11 1.232365251719791790e-11 1.367020543695584840e-11 1.504840073099367235e-11 1.500361492123381288e-11 1.468370441718666505e-11 1.347827871527775920e-11 8.491999788165259243e-12 -2.869771693406172127e-12 -5.142068562931028245e-12 -4.318535475808660842e-12 -1.071700226742689712e-12 -8.540165649804252901e-12
1.227834797320259320e-12 1.245391178120439582e-12 1.390415391810643361e-12 1.164177728146529712e-12 8.601315226699608184e-13 6.769858792992502997e-13 3.771589966702181784e-12 5.561567439040288086e-12 7.742806094679509650e-12 1.295251392588684016e-11 1.980277674206756805e-11 2.805762627588927585e-11 2.370327576661912673e-11 1.999704226029136342e-11 1.798041638789755941e-11 1.883143101121331212e-11 2.025701779311497226e-11 2.323192288544751355e-11 2.449900069542871329e-11 2.465748983615144447e-11 1.812158046136947541e-11 5.554145492041994962e-13 -3.635505207702236315e-12 1.745961680524991668e-12 7.886593209507524348e-12 9.278918367562592606e-13
-1.926152322992450734e-13 1.602000993487278277e-12 2.023762237359639740e-12 1.925661853737898683e-12 -1.784822363938252591e-14 1.678783964338628537e-12 4.348897370224513332e-12 6.271186189050623446e-12 5.974724870986090122e-12 9.908791905318264160e-12 1.532375019535118531e-11 2.370327576661912673e-11 3.125824665619390712e-11 3.019321032774875241e-11 2.756589298365133005e-11 2.752236871905656074e-11 2.719767852846085627e-11 2.927264321791042501e-11 3.059246656697646523e-11 2.993747581439947506e-11 2.084199337682659943e-11 1.605756368901755068e-12 -2.716062407909764270e-13 5.169982237717170280e-12 5.785244184554779090e-12 -4.352697829372731757e-12
-3.669577361583801236e-12 2.309279652167975187e-12 1.897701327885377471e-12 1.701146464085212535e-12 -8.090839197976501579e-13 2.350782639363182035e-12 3.948840468056698683e-12 6.005840751445663125e-12 5.643344947822016174e-12 8.717486425963079563e-12 1.313824360174818970e-11 1.999704226029136342e-11 3.019321032774875241e-11 3.991792693070062583e-11 3.992317766166643277e-11 3.959455687995879619e-11 3.761651442518080536e-11 3.880799513675161102e-11 4.070640294573874069e-11 4.012181437485379337e-11 3.003441977528755012e-11 6.634716942201556545e-12 8.810619999980250734e-13 5.210547460124461273e-12 1.430713485168170647e-12 -8.367678821407214795e-12
-3.118588236472692303e-12 2.041805552621237635e-12 3.242498287278984538e-13 8.277269008503685044e-13 -1.213004007950106647e-12 2.927503076264898051e-12 4.598729646034199617e-12 6.730215390080145297e-12 6.897186096221399570e-12 8.581541505903515999e-12 1.232365251719791790e-11 1.798041638789755941e-11 2.756589298365133005e-11 3.992317766166643277e-11 5.086634788671853246e-11 5.280819195796655840e-11 5.062822463098338104e-11 5.189454165587374902e-11 5.538624918709701818e-11 5.570282136978126897e-11 4.501625533983843031e-11 1.445884293262413126e-11 -4.256856919842188639e-13 -2.650864301200227289e-12 -4.111730340083058954e-12 -5.923234858438136847e-12
-6.129021269693806814e-13 3.176641218837813401e-12 1.686845685198441396e-12 1.817899688816046354e-12 -8.634748067328551745e-13 3.855543311938332895e-12 4.664948087207377927e-12 6.961077399818543892e-12 8.536362431244179624e-12 9.202605818668955598e-12 1.367020543695584840e-11 1.883143101121331212e-11 2.752236871905656074e-11 3.959455687995879619e-11 5.280819195796655840e-11 6.990003315580227171e-11 7.280965062626625803e-11 7.485491669511043523e-11 7.874359484612396421e-11 8.007644945985219955e-11 6.549696400277939020e-11 2.292004871966114846e-11 -3.736441386382432316e-12 -1.008686385348042533e-11 -1.118168330622036060e-11 -1.014022925322305904e-11
2.409194293256442181e-12 6.572544423009195089e-12 1.347338489585122524e-12 1.771006810232696448e-12 1.702683271517624948e-13 4.174790324931854950e-12 4.003732610531658139e-12 6.520454510792027060e-12 9.736036637176380389e-12 1.024641202863325606e-11 1.504840073099367235e-11 2.025701779311497226e-11 2.719767852846085627e-11 3.761651442518080536e-11 5.062822463098338104e-11 7.280965062626625803e-11 9.642123898400568682e-11 1.069840957627603879e-10 1.120612621750590153e-10 1.138268580547453381e-10 9.256821532068680207e-11 3.479431266127789368e-11 -6.659129302281074253e-12 -1.264194426325781880e-11 -9.184533350227181195e-12 -5.132801797678778860e-12
8.569315561729456566e-12 7.445365486796539061e-12 1.054647516999327907e-12 2.871658624648682821e-12 -1.629568674576371177e-12 4.898341876027072947e-12 5.607652724873838194e-12 8.416855728115362620e-12 1.021166454906648218e-11 1.088781566347724389e-11 1.500361492123381288e-11 2.323192288544751355e-11 2.927264321791042501e-11 3.880799513675161102e-11 5.189454165587374902e-11 7.485491669511043523e-11 1.069840957627603879e-10 1.390555187604805097e-10 1.528526152603557293e-10 1.566758164279920220e-10 1.300642287271505649e-10 5.892153645086191103e-11 -4.736015288457904588e-12 -1.014539864514213789e-11 -4.022967148688777914e-12 2.207768930758295229e-12
1.151092951280153866e-11 7.431143637832730431e-12 -5.631032831199691735e-13 4.601704656574647926e-12 -1.912587646553738869e-12 4.828943275937729679e-12 6.187185662173485331e-12 1.094308500900338792e-11 1.225762078347728990e-11 1.089323721055937910e-11 1.468370441718666505e-11 2.449900069542871329e-11 3.059246656697646523e-11 4.070640294573874069e-11 5.538624918709701818e-11 7.874359484612396421e-11 1.120612621750590153e-10 1.528526152603557293e-10 1.952799887648765831e-10 2.147578389757627711e-10 1.905545365073487586e-10 1.107472491967617630e-10 1.671724661282815134e-11 -3.281730543806431755e-12 7.949883482356702469e-12 1.300039007883088036e-11
8.737815160333205692e-12 6.297314111251308164e-12 -4.569749420175423500e-13 7.375575810207318246e-12 -1.573933687475356285e-12 5.263757617540714671e-12 7.019949721770233347e-12 1.146315333446070416e-11 1.372966936399619528e-11 9.826970214694647693e-12 1.347827871527775920e-11 2.465748983615144447e-11 2.993747581439947506e-11 4.012181437485379337e-11 5.570282136978126897e-11 8.007644945985219955e-11 1.138268580547453381e-10 1.566758164279920220e-10 2.147578389757627711e-10 2.699569571976894830e-10 2.653951761523005362e-10 1.860729159724871328e-10 6.473743484268949237e-11 1.203405074649191898e-11 1.729427390334261849e-11 1.652724911723728253e-11
7.112908803700646870e-12 4.894953473866758770e-12 -1.632856842076377914e-12 5.215950995549613588e-12 -3.072451984026519000e-12 4.244050277187702922e-12 7.555536364417537799e-12 1.161807077333387693e-11 1.315203291438304891e-11 5.987292052702424910e-12 8.491999788165259243e-12 1.812158046136947541e-11 2.084199337682659943e-11 3.003441977528755012e-11 4.501625533983843031e-11 6.549696400277939020e-11 9.256821532068680207e-11 1.300642287271505649e-10 1.905545365073487586e-10 2.653951761523005362e-10 3.155796428086912623e-10 2.639672227308965628e-10 1.340879770505893721e-10 3.166738044786412653e-11 2.712732960205576097e-11 2.694691212158854716e-11
5.623931315559346679e-12 9.499125477312469380e-13 -1.707176595970875996e-12 2.785644030777439085e-12 -5.987155861180564671e-12 -1.656380834011729158e-13 1.818863402191564677e-12 8.325842380583251183e-12 9.544658486575866165e-12 -2.349903834209555603e-12 -2.869771693406172127e-12 5.554145492041994962e-13 1.605756368901755068e-12 6.634716942201556545e-12 1.445884293262413126e-11 2.292004871966114846e-11 3.479431266127789368e-11 5.892153645086191103e-11 1.107472491967617630e-10 1.860729159724871328e-10 2.639672227308965628e-10 3.035528365114757679e-10 2.262095257380833252e-10 8.434494442485485242e-11 3.337645173520201089e-11 3.230727191954323553e-11
1.232440576456536696e-12 -6.685403636644930969e-12 5.162451305511549277e-12 3.124251562244312974e-12 -9.965196189865956482e-12 -1.591069370713102192e-12 5.469738141366463328e-13 4.838734277986968545e-12 4.371225552743754861e-12 -2.173636176314293289e-12 -5.142068562931028245e-12 -3.635505207702236315e-12 -2.716062407909764270e-13 8.810619999980250734e-13 -4.256856919842188639e-13 -3.736441386382432316e-12 -6.659129302281074253e-12 -4.736015288457904588e-12 1.671724661282815134e-11 6.473743484268949237e-11 1.340879770505893721e-10 2.262095257380833252e-10 2.837320625882956856e-10 1.818122521832109136e-10 5.935262493726882323e-11 2.148496531272432872e-11
5.361028443036656826e-12 -1.538858803775921858e-11 5.278896988401992325e-12 6.832762156441309237e-12 -6.110564859879650698e-12 -1.134058419866451703e-12 -1.337305747400754818e-12 7.910496003899214682e-13 -2.901478680143731272e-12 -1.773037750343841168e-12 -4.318535475808660842e-12 1.745961680524991668e-12 5.169982237717170280e-12 5.210547460124461273e-12 -2.650864301200227289e-12 -1.008686385348042533e-11 -1.264194426325781880e-11 -1.014539864514213789e-11 -3.281730543806431755e-12 1.203405074649191898e-11 3.166738044786412653e-11 8.434494442485485242e-11 1.818122521832109136e-10 2.515995815550741988e-10 1.629404074197370506e-10 3.772364544577305145e-11
7.498940027477743155e-12 -8.829320505635682155e-12 -1.218511328324959235e-13 3.648510332415813492e-12 -3.986952923333949560e-13 -3.748748247680497064e-12 -4.702968525903539783e-12 2.279112036713068847e-12 -4.324329124738870847e-13 -1.196738521808134951e-12 -1.071700226742689712e-12 7.886593209507524348e-12 5.785244184554779090e-12 1.430713485168170647e-12 -4.111730340083058954e-12 -1.118168330622036060e-11 -9.184533350227181195e-12 -4.022967148688777914e-12 7.949883482356702469e-12 1.729427390334261849e-11 2.712732960205576097e-11 3.337645173520201089e-11 5.935262493726882323e-11 1.629404074197370506e-10 2.564983061836656685e-10 1.331007438040065341e-10
5.133725902603449633e-13 -1.665786382769391486e-12 -4.611775807810168221e-12 -2.272836855215787389e-12 -5.310436403183480197e-12 -6.919011101557545397e-12 -8.343108941350461706e-12 -1.501144337435130423e-12 -4.333910189648959661e-12 -5.502016782497811219e-12 -8.540165649804252901e-12 9.278918367562592606e-13 -4.352697829372731757e-12 -8.367678821407214795e-12 -5.923234858438136847e-12 -1.014022925322305904e-11 -5.132801797678778860e-12 2.207768930758295229e-12 1.300039007883088036e-11 1.652724911723728253e-11 2.694691212158854716e-11 3.230727191954323553e-11 2.148496531272432872e-11 3.772364544577305145e-11 1.331007438040065341e-10 2.372313471747435587e-10
