5.522888314475543847e-11 1.049185056375580950e-11 6.855147399072873957e-12 1.747144227653710092e-12 3.846668487374701263e-12 6.804569725495446651e-13 3.899406092301945726e-14 1.299449916133522341e-12 2.209749573288890577e-12 1.795710758169469442e-12 2.995495191622899159e-12 1.021571296591543520e-12 2.518870043444891901e-12 8.874793712916106901e-13 2.160579254642263250e-12 2.261821210433459323e-12 -2.832852469413215484e-13 -9.439709147813843113e-13 -7.551687679104146048e-13 -1.051641691701365507e-13 -1.993428624485496822e-12 -7.786135761802172743e-12 -2.505041351840249034e-12 -1.230251369707031930e-12 -3.648380798493267904e-13 5.386854054138630303e-12
1.049185056375580950e-11 4.701797559651949928e-11 1.379472173818492878e-11 1.228283915744638742e-11 6.700899139717382193e-12 4.267519316932770412e-12 1.541069088066528544e-12 2.324098399502004604e-12 3.258700497638363530e-12 1.605531772488525312e-12 1.960101872927513486e-12 8.024172182708433495e-13 -2.965109867575670606e-13 7.476408397092147463e-13 2.317914142477533619e-12 4.208588063945689199e-12 1.495032698674003917e-12 -3.664475918637953397e-12 -2.608723980024219601e-12 -1.162638193280044231e-12 -5.386351171202835311e-12 -9.660057716266139828e-12 -1.098898145784388144e-11 -1.265019984029024567e-11 -1.035029420896010149e-11 -3.216204442234607449e-12
6.855147399072873957e-12 1.379472173818492878e-11 3.858265401320181356e-11 1.315467193696075461e-11 5.756908107709433237e-12 3.767016485314046620e-12 3.566641315339777875e-12 5.870056334055661770e-13 1.416626541544636540e-12 3.427587359222088948e-13 3.097421030616677255e-13 4.124811438355950097e-14 2.016947576490613661e-13 1.115964483350132598e-12 -5.738006027402057001e-13 -9.222111631228929314e-14 -1.657917057004241079e-12 -3.771831449954578700e-12 -3.918350172410565477e-12 -4.110612873571122267e-12 -2.561695580256192934e-12 -6.897509721956598359e-13 2.297631178330461434e-12 3.763013396419910490e-13 6.351836585375589527e-12 -5.209550923173677377e-13
1.747144227653710092e-12 1.228283915744638742e-11 1.315467193696075461e-11 3.028690574360343031e-11 1.364379876812416353e-11 7.183719785252083662e-12 5.260450876161613578e-12 3.109088174440654037e-12 3.814548772283899788e-12 1.707044161390620082e-12 2.015072966361879602e-12 2.124711018780388915e-12 7.672050653913179413e-13 7.823366632815003595e-13 4.953062624909126254e-13 2.244839484223935091e-12 2.601287361587676136e-12 4.095145521253356315e-12 4.718079172531435724e-12 6.558069855995489957e-12 6.813268306032176586e-12 4.661845833737881996e-12 1.754173067787154235e-12 2.837504726637401374e-13 6.249455154601045075e-12 3.558118060418510536e-12
3.846668487374701263e-12 6.700899139717382193e-12 5.756908107709433237e-12 1.364379876812416353e-11 2.628085059880926562e-11 1.105150759104463195e-11 7.052472620744558069e-12 4.395255844586631614e-12 2.661782998638177690e-12 1.236491462368231049e-12 1.191217429501188500e-12 2.125377854061095671e-12 1.190014967118514010e-12 1.226838260174269483e-12 2.248727287346249723e-12 5.451002113806782299e-12 7.405316964793073155e-12 9.997386382827765639e-12 1.119117721611901170e-11 1.230110341798347935e-11 1.165467111699258218e-11 4.196485393168897129e-12 -5.935592265320520138e-12 -4.832752971429261307e-12 4.899475900249149483e-12 4.745380305208906660e-13
6.804569725495446651e-13 4.267519316932770412e-12 3.767016485314046620e-12 7.183719785252083662e-12 1.105150759104463195e-11 2.018462233803054732e-11 1.214471149607173090e-11 7.987442358996954217e-12 5.545106685790090945e-12 4.262276417688649768e-12 2.683824085068308017e-12 1.670009194187025416e-12 3.254830062921047868e-13 -5.024213459626867947e-13 1.492324463823632563e-12 4.697213803305253489e-12 5.278171713153485704e-12 8.802004463099178866e-12 1.072590981105766538e-11 1.228540795908785118e-11 1.276575463297646635e-11 6.745756149933977744e-12 -4.977809314811310024e-13 -1.480849565761366406e-12 5.848581191192671564e-12 3.211735599509780467e-12
3.899406092301945726e-14 1.541069088066528544e-12 3.566641315339777875e-12 5.260450876161613578e-12 7.052472620744558069e-12 1.214471149607173090e-11 2.060568843670652692e-11 1.281122813893633356e-11 1.000672301567631309e-11 8.417186742723627936e-12 6.905906242956415580e-12 4.167840528238451721e-12 3.711240535517066474e-12 4.866606032196681081e-12 5.665185212980838797e-12 7.905694735312633880e-12 7.820486699642136186e-12 1.032718131871809032e-11 1.410532462229783698e-11 1.583729815196472169e-11 1.436403055010033245e-11 7.685297283262930111e-12 2.515654788413610108e-12 5.526731111256705185e-12 6.356885709900327578e-12 2.101821273501794918e-12
1.299449916133522341e-12 2.324098399502004604e-12 5.870056334055661770e-13 3.109088174440654037e-12 4.395255844586631614e-12 7.987442358996954217e-12 1.281122813893633356e-11 2.050377922891635129e-11 1.430122873312051539e-11 1.240845232201443843e-11 9.438931966026069378e-12 6.309492971641410947e-12 4.950551790674990979e-12 4.737754826769302213e-12 3.944849694775824849e-12 7.662214581925691391e-12 8.390939217599374746e-12 9.442333627377390476e-12 1.273089368498799324e-11 1.456869707006789303e-11 1.233157000727535493e-11 4.841388686576804521e-12 -3.531102693936439471e-12 2.188272404145042789e-13 6.631965143482799949e-12 2.159938724464069211e-12
2.209749573288890577e-12 3.258700497638363530e-12 1.416626541544636540e-12 3.814548772283899788e-12 2.661782998638177690e-12 5.545106685790090945e-12 1.000672301567631309e-11 1.430122873312051539e-11 2.054393857790018306e-11 1.654841650952606465e-11 1.188671052346894588e-11 6.985837996443180421e-12 5.780620721193720813e-12 6.678221988020592792e-12 6.405549827265700410e-12 1.020136895258105835e-11 1.052755997102133316e-11 1.258755126982872969e-11 1.574592158231183326e-11 1.836457967552606415e-11 1.745427342161827811e-11 1.105551899985990917e-11 2.411245733651327946e-12 3.399193764474484898e-12 8.440748112693071222e-12 6.023606218111480439e-12
1.795710758169469442e-12 1.605531772488525312e-12 3.427587359222088948e-13 1.707044161390620082e-12 1.236491462368231049e-12 4.262276417688649768e-12 8.417186742723627936e-12 1.240845232201443843e-11 1.654841650952606465e-11 2.351051458572603361e-11 1.938725093483529617e-11 1.354307172978512125e-11 1.171234395658143994e-11 1.183457817117592949e-11 1.279507357117212394e-11 1.706428212714598730e-11 1.776370997706184020e-11 1.988884125093846570e-11 2.317346582064634388e-11 2.418858157509307601e-11 2.111483478783676585e-11 1.013645231341127698e-11 4.410401816681686888e-13 1.482348773907942200e-12 7.292777205001001859e-12 6.743960290235723411e-12
2.995495191622899159e-12 1.960101872927513486e-12 3.097421030616677255e-13 2.015072966361879602e-12 1.191217429501188500e-12 2.683824085068308017e-12 6.905906242956415580e-12 9.438931966026069378e-12 1.188671052346894588e-11 1.938725093483529617e-11 2.694186858240565086e-11 2.251552042127807661e-11 2.096212495709632590e-11 2.092668893669011683e-11 2.188692747547106570e-11 2.417855369415957125e-11 2.514503131822151852e-11 2.806458205683693042e-11 3.126588941874444040e-11 3.148307009844342291e-11 2.220222766917491887e-11 4.975896103165629496e-12 -3.184826302512616198e-12 -1.553094001861401782e-13 4.523547592070319768e-12 2.984132157130733652e-12
1.021571296591543520e-12 8.024172182708433495e-13 4.124811438355950097e-14 2.124711018780388915e-12 2.125377854061095671e-12 1.670009194187025416e-12 4.167840528238451721e-12 6.309492971641410947e-12 6.985837996443180421e-12 1.354307172978512125e-11 2.251552042127807661e-11 3.146355089545853779e-11 3.030802446129891728e-11 2.815645192287696255e-11 2.894916745082475084e-11 2.983886596508439794e-11 3.156743315929422753e-11 3.498654573246283212e-11 3.672064226854675068e-11 3.669505715621198233e-11 2.490332826850801724e-11 -8.730721387957512238e-13 -1.175245339473982037e-11 -3.447279553364848726e-12 8.440542387055537908e-12 6.353288186922475710e-12
2.518870043444891901e-12 -2.965109867575670606e-13 2.016947576490613661e-13 7.672050653913179413e-13 1.190014967118514010e-12 3.254830062921047868e-13 3.711240535517066474e-12 4.950551790674990979e-12 5.780620721193720813e-12 1.171234395658143994e-11 2.096212495709632590e-11 3.030802446129891728e-11 4.187430276562206578e-11 4.228352205225582889e-11 4.182979144173746094e-11 4.081647429023304363e-11 4.073732471351363333e-11 4.185020966843329935e-11 4.156071906654578006e-11 3.904858962323527429e-11 2.355542910234112653e-11 -8.942777315189471589e-12 -1.464828429427197209e-11 -1.895080798388535942e-12 1.034531338930446664e-11 7.439279803973725649e-12
8.874793712916106901e-13 7.476408397092147463e-13 1.115964483350132598e-12 7.823366632815003595e-13 1.226838260174269483e-12 -5.024213459626867947e-13 4.866606032196681081e-12 4.737754826769302213e-12 6.678221988020592792e-12 1.183457817117592949e-11 2.092668893669011683e-11 2.815645192287696255e-11 4.228352205225582889e-11 5.382748899813974948e-11 5.474637552180653905e-11 5.136706852024535888e-11 4.917021944609714111e-11 4.850316616739141524e-11 4.827513581576890936e-11 4.410975981156045686e-11 2.655052278354578085e-11 -6.535842051365126416e-12 -9.723428583471957060e-12 3.875851808454710096e-12 1.376768088067243736e-11 8.961439710943557155e-12
2.160579254642263250e-12 2.317914142477533619e-12 -5.738006027402057001e-13 4.953062624909126254e-13 2.248727287346249723e-12 1.492324463823632563e-12 5.665185212980838797e-12 3.944849694775824849e-12 6.405549827265700410e-12 1.279507357117212394e-11 2.188692747547106570e-11 2.894916745082475084e-11 4.182979144173746094e-11 5.474637552180653905e-11 6.945834863694734844e-11 6.894267540609788156e-11 6.888242211849014720e-11 6.914386089374757025e-11 7.007810449669569115e-11 6.360216425838247961e-11 4.130035107544452438e-11 -3.194153166323365999e-12 -1.154034341541319807e-11 4.056769312891384765e-12 1.470841165973647084e-11 1.248386847881600038e-11
2.261821210433459323e-12 4.208588063945689199e-12 -9.222111631228929314e-14 2.244839484223935091e-12 5.451002113806782299e-12 4.697213803305253489e-12 7.905694735312633880e-12 7.662214581925691391e-12 1.020136895258105835e-11 1.706428212714598730e-11 2.417855369415957125e-11 2.983886596508439794e-11 4.081647429023304363e-11 5.136706852024535888e-11 6.894267540609788156e-11 8.703105155921661775e-11 9.455548041641932466e-11 9.806683696824782570e-11 1.014962529257791778e-10 9.312697641634523614e-11 6.682336103283266279e-11 8.796415869621519222e-12 -1.476540234440955296e-11 5.474800037151516723e-13 1.175923034952365056e-11 1.206451507528239449e-11
-2.832852469413215484e-13 1.495032698674003917e-12 -1.657917057004241079e-12 2.601287361587676136e-12 7.405316964793073155e-12 5.278171713153485704e-12 7.820486699642136186e-12 8.390939217599374746e-12 1.052755997102133316e-11 1.776370997706184020e-11 2.514503131822151852e-11 3.156743315929422753e-11 4.073732471351363333e-11 4.917021944609714111e-11 6.888242211849014720e-11 9.455548041641932466e-11 1.224588624015203051e-10 1.355984043521818249e-10 1.422217060278794153e-10 1.349803527210807452e-10 1.064549317668946309e-10 3.180858802867346340e-11 -1.836618590339121329e-11 -9.113106131745453034e-12 8.913494929869733672e-12 1.420111459145316974e-11
-9.439709147813843113e-13 -3.664475918637953397e-12 -3.771831449954578700e-12 4.095145521253356315e-12 9.997386382827765639e-12 8.802004463099178866e-12 1.032718131871809032e-11 9.442333627377390476e-12 1.258755126982872969e-11 1.988884125093846570e-11 2.806458205683693042e-11 3.498654573246283212e-11 4.185020966843329935e-11 4.850316616739141524e-11 6.914386089374757025e-11 9.806683696824782570e-11 1.355984043521818249e-10 1.769231047147894146e-10 1.981321977695923372e-10 1.966429917595260338e-10 1.710672200162478513e-10 8.208053380728612389e-11 -3.804903091573720971e-12 -6.183232837280456774e-12 1.650375580104800022e-11 1.607082828427864963e-11
-7.551687679104146048e-13 -2.608723980024219601e-12 -3.918350172410565477e-12 4.718079172531435724e-12 1.119117721611901170e-11 1.072590981105766538e-11 1.410532462229783698e-11 1.273089368498799324e-11 1.574592158231183326e-11 2.317346582064634388e-11 3.126588941874444040e-11 3.672064226854675068e-11 4.156071906654578006e-11 4.827513581576890936e-11 7.007810449669569115e-11 1.014962529257791778e-10 1.422217060278794153e-10 1.981321977695923372e-10 2.552795390544988415e-10 2.692229276010840448e-10 2.436643844025171618e-10 1.416029605564152241e-10 1.910155780725107978e-11 -1.836505667380579818e-12 1.920583931400033204e-11 1.555866138491325179e-11
-1.051641691701365507e-13 -1.162638193280044231e-12 -4.110612873571122267e-12 6.558069855995489957e-12 1.230110341798347935e-11 1.228540795908785118e-11 1.583729815196472169e-11 1.456869707006789303e-11 1.836457967552606415e-11 2.418858157509307601e-11 3.148307009844342291e-11 3.669505715621198233e-11 3.904858962323527429e-11 4.410975981156045686e-11 6.360216425838247961e-11 9.312697641634523614e-11 1.349803527210807452e-10 1.966429917595260338e-10 2.692229276010840448e-10 3.238249290770131208e-10 3.205526621256672878e-10 2.189915561743342639e-10 6.443520347552500474e-11 9.793406174464900762e-13 2.277407885191785700e-11 2.037537001600504118e-11
-1.993428624485496822e-12 -5.386351171202835311e-12 -2.561695580256192934e-12 6.813268306032176586e-12 1.165467111699258218e-11 1.276575463297646635e-11 1.436403055010033245e-11 1.233157000727535493e-11 1.745427342161827811e-11 2.111483478783676585e-11 2.220222766917491887e-11 2.490332826850801724e-11 2.355542910234112653e-11 2.655052278354578085e-11 4.130035107544452438e-11 6.682336103283266279e-11 1.064549317668946309e-10 1.710672200162478513e-10 2.436643844025171618e-10 3.205526621256672878e-10 3.795159434337078451e-10 3.170103461551196861e-10 1.396011901680245419e-10 5.025776407335465096e-12 2.139456905584249222e-11 3.341772112203490137e-11
-7.786135761802172743e-12 -9.660057716266139828e-12 -6.897509721956598359e-13 4.661845833737881996e-12 4.196485393168897129e-12 6.745756149933977744e-12 7.685297283262930111e-12 4.841388686576804521e-12 1.105551899985990917e-11 1.013645231341127698e-11 4.975896103165629496e-12 -8.730721387957512238e-13 -8.942777315189471589e-12 -6.535842051365126416e-12 -3.194153166323365999e-12 8.796415869621519222e-12 3.180858802867346340e-11 8.208053380728612389e-11 1.416029605564152241e-10 2.189915561743342639e-10 3.170103461551196861e-10 3.790887651277411506e-10 2.665439752375227077e-10 6.531697410416765426e-11 1.297186061491295933e-11 4.822696057203674041e-11
-2.505041351840249034e-12 -1.098898145784388144e-11 2.297631178330461434e-12 1.754173067787154235e-12 -5.935592265320520138e-12 -4.977809314811310024e-13 2.515654788413610108e-12 -3.531102693936439471e-12 2.411245733651327946e-12 4.410401816681686888e-13 -3.184826302512616198e-12 -1.175245339473982037e-11 -1.464828429427197209e-11 -9.723428583471957060e-12 -1.154034341541319807e-11 -1.476540234440955296e-11 -1.836618590339121329e-11 -3.804903091573720971e-12 1.910155780725107978e-11 6.443520347552500474e-11 1.396011901680245419e-10 2.665439752375227077e-10 3.384795260538326055e-10 2.067381326336969499e-10 6.149041240029847456e-11 7.088271089098378575e-11
-1.230251369707031930e-12 -1.265019984029024567e-11 3.763013396419910490e-13 2.837504726637401374e-13 -4.832752971429261307e-12 -1.480849565761366406e-12 5.526731111256705185e-12 2.188272404145042789e-13 3.399193764474484898e-12 1.482348773907942200e-12 -1.553094001861401782e-13 -3.447279553364848726e-12 -1.895080798388535942e-12 3.875851808454710096e-12 4.056769312891384765e-12 5.474800037151516723e-13 -9.113106131745453034e-12 -6.183232837280456774e-12 -1.836505667380579818e-12 9.793406174464900762e-13 5.025776407335465096e-12 6.531697410416765426e-11 2.067381326336969499e-10 3.246102539547778634e-10 2.084642244811773006e-10 8.664831410610187744e-11
-3.648380798493267904e-13 -1.035029420896010149e-11 6.351836585375589527e-12 6.249455154601045075e-12 4.899475900249149483e-12 5.848581191192671564e-12 6.356885709900327578e-12 6.631965143482799949e-12 8.440748112693071222e-12 7.292777205001001859e-12 4.523547592070319768e-12 8.440542387055537908e-12 1.034531338930446664e-11 1.376768088067243736e-11 1.470841165973647084e-11 1.175923034952365056e-11 8.913494929869733672e-12 1.650375580104800022e-11 1.920583931400033204e-11 2.277407885191785700e-11 2.139456905584249222e-11 1.297186061491295933e-11 6.149041240029847456e-11 2.084642244811773006e-10 3.173627563114450726e-10 1.711630848745770568e-10
5.386854054138630303e-12 -3.216204442234607449e-12 -5.209550923173677377e-13 3.558118060418510536e-12 4.745380305208906660e-13 3.211735599509780467e-12 2.101821273501794918e-12 2.159938724464069211e-12 6.023606218111480439e-12 6.743960290235723411e-12 2.984132157130733652e-12 6.353288186922475710e-12 7.439279803973725649e-12 8.961439710943557155e-12 1.248386847881600038e-11 1.206451507528239449e-11 1.420111459145316974e-11 1.607082828427864963e-11 1.555866138491325179e-11 2.037537001600504118e-11 3.341772112203490137e-11 4.822696057203674041e-11 7.088271089098378575e-11 8.664831410610187744e-11 1.711630848745770568e-10 2.590891111498007459e-10
