5.749357801230046401e-11 1.091695895742653433e-11 4.946102883874034548e-12 1.112131594343613907e-12 -8.289844017023056749e-13 2.746202039504316903e-12 2.114482933374654165e-12 2.058423301461897859e-12 4.212595074676783646e-12 3.540925720889182052e-12 1.586293635307545850e-12 1.227834797320274466e-12 -1.926152322993057336e-13 -3.669577361583785888e-12 -3.118588236472667261e-12 -6.129021269695310320e-13 2.409194293256417947e-12 8.569315561729429101e-12 1.151092951280150797e-11 8.737815160333179843e-12 7.112908803700599210e-12 5.623931315559200469e-12 1.232440576456420980e-12 5.361028443036650363e-12 7.498940027477651067e-12 5.133725902603687932e-13
1.091695895742653433e-11 3.576416810810347485e-11 9.337480658681803249e-12 7.064784515229025445e-12 4.035904411727020237e-12 4.035729919134878459e-12 4.001152248187246872e-12 3.638270658145150534e-12 4.886971253982071744e-12 2.581399434234458524e-12 7.026395928393745045e-13 1.245391178120381825e-12 1.602000993487306348e-12 2.309279652167895620e-12 2.041805552621062344e-12 3.176641218837630839e-12 6.572544423009098962e-12 7.445365486796406583e-12 7.431143637832631881e-12 6.297314111251141759e-12 4.894953473866669912e-12 9.499125477312647095e-13 -6.685403636644844535e-12 -1.538858803775897301e-11 -8.829320505635622378e-12 -1.665786382769381994e-12
4.946102883874034548e-12 9.337480658681803249e-12 3.359039947757692856e-11 1.019598735899939846e-11 7.107829153302239029e-12 5.092441590770302744e-12 4.872319473326620571e-12 3.330099553250271982e-12 2.980905682920077454e-12 2.373759530479195812e-12 1.675999528143070905e-12 1.390415391810657498e-12 2.023762237359648625e-12 1.897701327885274073e-12 3.242498287278144432e-13 1.686845685198297609e-12 1.347338489585074662e-12 1.054647516999312559e-12 -5.631032831200269307e-13 -4.569749420175635546e-13 -1.632856842076324599e-12 -1.707176595970889527e-12 5.162451305511344098e-12 5.278896988401807340e-12 -1.218511328325701647e-13 -4.611775807810043821e-12
1.112131594343613907e-12 7.064784515229025445e-12 1.019598735899939846e-11 2.292753803375570187e-11 1.017593565455269250e-11 5.933006451108629170e-12 3.203659886287253094e-12 3.448208881428504068e-12 4.216490947469576638e-12 3.017630655736024896e-12 1.692805662432757298e-12 1.164177728146560611e-12 1.925661853737897067e-12 1.701146464085216372e-12 8.277269008502853017e-13 1.817899688815839155e-12 1.771006810232614659e-12 2.871658624648543880e-12 4.601704656574552607e-12 7.375575810207155072e-12 5.215950995549371249e-12 2.785644030777213306e-12 3.124251562244168379e-12 6.832762156441481297e-12 3.648510332415854689e-12 -2.272836855215760732e-12
-8.289844017023056749e-13 4.035904411727020237e-12 7.107829153302239029e-12 1.017593565455269250e-11 2.449542604083884275e-11 1.029340401161025662e-11 7.062111535709595599e-12 5.324731233581121563e-12 4.260734689004604821e-12 3.252569428451900038e-12 2.349735761458585283e-12 8.601315226701234878e-13 -1.784822363914382922e-14 -8.090839197974299332e-13 -1.213004007950007894e-12 -8.634748067327217876e-13 1.702683271519165814e-13 -1.629568674576148024e-12 -1.912587646553488857e-12 -1.573933687475061441e-12 -3.072451984026282317e-12 -5.987155861180505702e-12 -9.965196189866326451e-12 -6.110564859879792870e-12 -3.986952923337178715e-13 -5.310436403183657104e-12
2.746202039504316903e-12 4.035729919134878459e-12 5.092441590770302744e-12 5.933006451108629170e-12 1.029340401161025662e-11 1.686720432604918484e-11 9.836310391925093099e-12 6.111100562832312948e-12 2.837207870360428530e-12 1.398710338282865055e-12 6.948469953083246615e-13 6.769858792993307761e-13 1.678783964338778383e-12 2.350782639363316129e-12 2.927503076264898051e-12 3.855543311938428215e-12 4.174790324931974504e-12 4.898341876027334672e-12 4.828943275937912240e-12 5.263757617540924697e-12 4.244050277187941221e-12 -1.656380834010042888e-13 -1.591069370713127436e-12 -1.134058419866566814e-12 -3.748748247680602077e-12 -6.919011101557047796e-12
2.114482933374654165e-12 4.001152248187246872e-12 4.872319473326620571e-12 3.203659886287253094e-12 7.062111535709595599e-12 9.836310391925093099e-12 1.943721393257203675e-11 1.159173445743481574e-11 6.734340299002035198e-12 5.742359547312517173e-12 4.200959141431390544e-12 3.771589966702348997e-12 4.348897370224623192e-12 3.948840468056698683e-12 4.598729646034122069e-12 4.664948087207296340e-12 4.003732610531465884e-12 5.607652724873692791e-12 6.187185662173217951e-12 7.019949721769843183e-12 7.555536364417078972e-12 1.818863402190972363e-12 5.469738141360863299e-13 -1.337305747400926878e-12 -4.702968525903434770e-12 -8.343108941350290454e-12
2.058423301461897859e-12 3.638270658145150534e-12 3.330099553250271982e-12 3.448208881428504068e-12 5.324731233581121563e-12 6.111100562832312948e-12 1.159173445743481574e-11 1.909497417875449056e-11 1.219495633367692699e-11 8.392349800977453405e-12 6.515809524867578410e-12 5.561567439040492457e-12 6.271186189050850436e-12 6.005840751445810143e-12 6.730215390080339167e-12 6.961077399818703835e-12 6.520454510792308172e-12 8.416855728115824678e-12 1.094308500900387744e-11 1.146315333446123730e-11 1.161807077333446016e-11 8.325842380583703548e-12 4.838734277987516229e-12 7.910496003904172515e-13 2.279112036713088638e-12 -1.501144337435352163e-12
4.212595074676783646e-12 4.886971253982071744e-12 2.980905682920077454e-12 4.216490947469576638e-12 4.260734689004604821e-12 2.837207870360428530e-12 6.734340299002035198e-12 1.219495633367692699e-11 1.943513637010247428e-11 1.415843625659505433e-11 1.081449371433665117e-11 7.742806094679587198e-12 5.974724870986088506e-12 5.643344947821890966e-12 6.897186096221326868e-12 8.536362431244111770e-12 9.736036637176419163e-12 1.021166454906644825e-11 1.225762078347724789e-11 1.372966936399600464e-11 1.315203291438303922e-11 9.544658486575959869e-12 4.371225552743998007e-12 -2.901478680143627875e-12 -4.324329124738086277e-13 -4.333910189649167264e-12
3.540925720889182052e-12 2.581399434234458524e-12 2.373759530479195812e-12 3.017630655736024896e-12 3.252569428451900038e-12 1.398710338282865055e-12 5.742359547312517173e-12 8.392349800977453405e-12 1.415843625659505433e-11 1.997651856534742846e-11 1.682579733884081386e-11 1.295251392588669476e-11 9.908791905318104217e-12 8.717486425962848534e-12 8.581541505903393214e-12 9.202605818668692258e-12 1.024641202863293940e-11 1.088781566347685130e-11 1.089323721055919007e-11 9.826970214694474826e-12 5.987292052702395829e-12 -2.349903834209381928e-12 -2.173636176314145867e-12 -1.773037750343705257e-12 -1.196738521808059826e-12 -5.502016782497913001e-12
1.586293635307545850e-12 7.026395928393745045e-13 1.675999528143070905e-12 1.692805662432757298e-12 2.349735761458585283e-12 6.948469953083246615e-13 4.200959141431390544e-12 6.515809524867578410e-12 1.081449371433665117e-11 1.682579733884081386e-11 2.305390811216030582e-11 1.980277674206763267e-11 1.532375019535130163e-11 1.313824360174826564e-11 1.232365251719814893e-11 1.367020543695605035e-11 1.504840073099390500e-11 1.500361492123386135e-11 1.468370441718668443e-11 1.347827871527757017e-11 8.491999788165162308e-12 -2.869771693406199995e-12 -5.142068562930962814e-12 -4.318535475808466971e-12 -1.071700226742605903e-12 -8.540165649804359530e-12
1.227834797320274466e-12 1.245391178120381825e-12 1.390415391810657498e-12 1.164177728146560611e-12 8.601315226701234878e-13 6.769858792993307761e-13 3.771589966702348997e-12 5.561567439040492457e-12 7.742806094679587198e-12 1.295251392588669476e-11 1.980277674206763267e-11 2.805762627588929523e-11 2.370327576661905565e-11 1.999704226029124387e-11 1.798041638789751095e-11 1.883143101121323134e-11 2.025701779311500780e-11 2.323192288544743924e-11 2.449900069542869390e-11 2.465748983615126352e-11 1.812158046136949157e-11 5.554145492043729698e-13 -3.635505207702041637e-12 1.745961680525126771e-12 7.886593209507634208e-12 9.278918367561950410e-13
-1.926152322993057336e-13 1.602000993487306348e-12 2.023762237359648625e-12 1.925661853737897067e-12 -1.784822363914382922e-14 1.678783964338778383e-12 4.348897370224623192e-12 6.271186189050850436e-12 5.974724870986088506e-12 9.908791905318104217e-12 1.532375019535130163e-11 2.370327576661905565e-11 3.125824665619382958e-11 3.019321032774858439e-11 2.756589298365130743e-11 2.752236871905659305e-11 2.719767852846107276e-11 2.927264321791069643e-11 3.059246656697674958e-11 2.993747581439964309e-11 2.084199337682672222e-11 1.605756368901842310e-12 -2.716062407910350425e-13 5.169982237716986103e-12 5.785244184554556139e-12 -4.352697829372394907e-12
-3.669577361583785888e-12 2.309279652167895620e-12 1.897701327885274073e-12 1.701146464085216372e-12 -8.090839197974299332e-13 2.350782639363316129e-12 3.948840468056698683e-12 6.005840751445810143e-12 5.643344947821890966e-12 8.717486425962848534e-12 1.313824360174826564e-11 1.999704226029124387e-11 3.019321032774858439e-11 3.991792693070016054e-11 3.992317766166615489e-11 3.959455687995840845e-11 3.761651442518063734e-11 3.880799513675137838e-11 4.070640294573844342e-11 4.012181437485331516e-11 3.003441977528714945e-11 6.634716942201285126e-12 8.810619999980753585e-13 5.210547460124745617e-12 1.430713485168557378e-12 -8.367678821406936914e-12
-3.118588236472667261e-12 2.041805552621062344e-12 3.242498287278144432e-13 8.277269008502853017e-13 -1.213004007950007894e-12 2.927503076264898051e-12 4.598729646034122069e-12 6.730215390080339167e-12 6.897186096221326868e-12 8.581541505903393214e-12 1.232365251719814893e-11 1.798041638789751095e-11 2.756589298365130743e-11 3.992317766166615489e-11 5.086634788671849369e-11 5.280819195796637745e-11 5.062822463098352322e-11 5.189454165587380718e-11 5.538624918709710865e-11 5.570282136978109448e-11 4.501625533983841739e-11 1.445884293262392932e-11 -4.256856919842967654e-13 -2.650864301200037054e-12 -4.111730340083020988e-12 -5.923234858438093226e-12
-6.129021269695310320e-13 3.176641218837630839e-12 1.686845685198297609e-12 1.817899688815839155e-12 -8.634748067327217876e-13 3.855543311938428215e-12 4.664948087207296340e-12 6.961077399818703835e-12 8.536362431244111770e-12 9.202605818668692258e-12 1.367020543695605035e-11 1.883143101121323134e-11 2.752236871905659305e-11 3.959455687995840845e-11 5.280819195796637745e-11 6.990003315580188397e-11 7.280965062626634850e-11 7.485491669511037060e-11 7.874359484612399006e-11 8.007644945985192813e-11 6.549696400277944189e-11 2.292004871966102891e-11 -3.736441386382396773e-12 -1.008686385348036394e-11 -1.118168330622066918e-11 -1.014022925322300573e-11
2.409194293256417947e-12 6.572544423009098962e-12 1.347338489585074662e-12 1.771006810232614659e-12 1.702683271519165814e-13 4.174790324931974504e-12 4.003732610531465884e-12 6.520454510792308172e-12 9.736036637176419163e-12 1.024641202863293940e-11 1.504840073099390500e-11 2.025701779311500780e-11 2.719767852846107276e-11 3.761651442518063734e-11 5.062822463098352322e-11 7.280965062626634850e-11 9.642123898400604871e-11 1.069840957627605430e-10 1.120612621750594289e-10 1.138268580547453510e-10 9.256821532068713811e-11 3.479431266127776443e-11 -6.659129302281192998e-12 -1.264194426325773156e-11 -9.184533350227260359e-12 -5.132801797678655268e-12
8.569315561729429101e-12 7.445365486796406583e-12 1.054647516999312559e-12 2.871658624648543880e-12 -1.629568674576148024e-12 4.898341876027334672e-12 5.607652724873692791e-12 8.416855728115824678e-12 1.021166454906644825e-11 1.088781566347685130e-11 1.500361492123386135e-11 2.323192288544743924e-11 2.927264321791069643e-11 3.880799513675137838e-11 5.189454165587380718e-11 7.485491669511037060e-11 1.069840957627605430e-10 1.390555187604805097e-10 1.528526152603562204e-10 1.566758164279916860e-10 1.300642287271508492e-10 5.892153645086161377e-11 -4.736015288458065339e-12 -1.014539864514199734e-11 -4.022967148688871618e-12 2.207768930758332792e-12
1.151092951280150797e-11 7.431143637832631881e-12 -5.631032831200269307e-13 4.601704656574552607e-12 -1.912587646553488857e-12 4.828943275937912240e-12 6.187185662173217951e-12 1.094308500900387744e-11 1.225762078347724789e-11 1.089323721055919007e-11 1.468370441718668443e-11 2.449900069542869390e-11 3.059246656697674958e-11 4.070640294573844342e-11 5.538624918709710865e-11 7.874359484612399006e-11 1.120612621750594289e-10 1.528526152603562204e-10 1.952799887648777722e-10 2.147578389757627969e-10 1.905545365073496375e-10 1.107472491967613107e-10 1.671724661282817072e-11 -3.281730543806352187e-12 7.949883482356771939e-12 1.300039007883105161e-11
8.737815160333179843e-12 6.297314111251141759e-12 -4.569749420175635546e-13 7.375575810207155072e-12 -1.573933687475061441e-12 5.263757617540924697e-12 7.019949721769843183e-12 1.146315333446123730e-11 1.372966936399600464e-11 9.826970214694474826e-12 1.347827871527757017e-11 2.465748983615126352e-11 2.993747581439964309e-11 4.012181437485331516e-11 5.570282136978109448e-11 8.007644945985192813e-11 1.138268580547453510e-10 1.566758164279916860e-10 2.147578389757627969e-10 2.699569571976880355e-10 2.653951761523002777e-10 1.860729159724854267e-10 6.473743484268967331e-11 1.203405074649180588e-11 1.729427390334247308e-11 1.652724911723710481e-11
7.112908803700599210e-12 4.894953473866669912e-12 -1.632856842076324599e-12 5.215950995549371249e-12 -3.072451984026282317e-12 4.244050277187941221e-12 7.555536364417078972e-12 1.161807077333446016e-11 1.315203291438303922e-11 5.987292052702395829e-12 8.491999788165162308e-12 1.812158046136949157e-11 2.084199337682672222e-11 3.003441977528714945e-11 4.501625533983841739e-11 6.549696400277944189e-11 9.256821532068713811e-11 1.300642287271508492e-10 1.905545365073496375e-10 2.653951761523002777e-10 3.155796428086925548e-10 2.639672227308952703e-10 1.340879770505902768e-10 3.166738044786391973e-11 2.712732960205612933e-11 2.694691212158864086e-11
5.623931315559200469e-12 9.499125477312647095e-13 -1.707176595970889527e-12 2.785644030777213306e-12 -5.987155861180505702e-12 -1.656380834010042888e-13 1.818863402190972363e-12 8.325842380583703548e-12 9.544658486575959869e-12 -2.349903834209381928e-12 -2.869771693406199995e-12 5.554145492043729698e-13 1.605756368901842310e-12 6.634716942201285126e-12 1.445884293262392932e-11 2.292004871966102891e-11 3.479431266127776443e-11 5.892153645086161377e-11 1.107472491967613107e-10 1.860729159724854267e-10 2.639672227308952703e-10 3.035528365114712184e-10 2.262095257380831184e-10 8.434494442485376675e-11 3.337645173520226292e-11 3.230727191954280256e-11
1.232440576456420980e-12 -6.685403636644844535e-12 5.162451305511344098e-12 3.124251562244168379e-12 -9.965196189866326451e-12 -1.591069370713127436e-12 5.469738141360863299e-13 4.838734277987516229e-12 4.371225552743998007e-12 -2.173636176314145867e-12 -5.142068562930962814e-12 -3.635505207702041637e-12 -2.716062407910350425e-13 8.810619999980753585e-13 -4.256856919842967654e-13 -3.736441386382396773e-12 -6.659129302281192998e-12 -4.736015288458065339e-12 1.671724661282817072e-11 6.473743484268967331e-11 1.340879770505902768e-10 2.262095257380831184e-10 2.837320625882988392e-10 1.818122521832108877e-10 5.935262493726958578e-11 2.148496531272425440e-11
5.361028443036650363e-12 -1.538858803775897301e-11 5.278896988401807340e-12 6.832762156441481297e-12 -6.110564859879792870e-12 -1.134058419866566814e-12 -1.337305747400926878e-12 7.910496003904172515e-13 -2.901478680143627875e-12 -1.773037750343705257e-12 -4.318535475808466971e-12 1.745961680525126771e-12 5.169982237716986103e-12 5.210547460124745617e-12 -2.650864301200037054e-12 -1.008686385348036394e-11 -1.264194426325773156e-11 -1.014539864514199734e-11 -3.281730543806352187e-12 1.203405074649180588e-11 3.166738044786391973e-11 8.434494442485376675e-11 1.818122521832108877e-10 2.515995815550722342e-10 1.629404074197367921e-10 3.772364544577285758e-11
7.498940027477651067e-12 -8.829320505635622378e-12 -1.218511328325701647e-13 3.648510332415854689e-12 -3.986952923337178715e-13 -3.748748247680602077e-12 -4.702968525903434770e-12 2.279112036713088638e-12 -4.324329124738086277e-13 -1.196738521808059826e-12 -1.071700226742605903e-12 7.886593209507634208e-12 5.785244184554556139e-12 1.430713485168557378e-12 -4.111730340083020988e-12 -1.118168330622066918e-11 -9.184533350227260359e-12 -4.022967148688871618e-12 7.949883482356771939e-12 1.729427390334247308e-11 2.712732960205612933e-11 3.337645173520226292e-11 5.935262493726958578e-11 1.629404074197367921e-10 2.564983061836663406e-10 1.331007438040064565e-10
5.133725902603687932e-13 -1.665786382769381994e-12 -4.611775807810043821e-12 -2.272836855215760732e-12 -5.310436403183657104e-12 -6.919011101557047796e-12 -8.343108941350290454e-12 -1.501144337435352163e-12 -4.333910189649167264e-12 -5.502016782497913001e-12 -8.540165649804359530e-12 9.278918367561950410e-13 -4.352697829372394907e-12 -8.367678821406936914e-12 -5.923234858438093226e-12 -1.014022925322300573e-11 -5.132801797678655268e-12 2.207768930758332792e-12 1.300039007883105161e-11 1.652724911723710481e-11 2.694691212158864086e-11 3.230727191954280256e-11 2.148496531272425440e-11 3.772364544577285758e-11 1.331007438040064565e-10 2.372313471747422146e-10
