2.742779426306270530e-09 7.727635157973106769e-10 5.871809642066249051e-10 5.266379317785403032e-10 3.880441176865518468e-10 3.568390477183767432e-10 3.306780100375538097e-10 1.987258177651025984e-10 1.510108677469770966e-10 1.143480577453365783e-10 1.419030894040884458e-10 8.123605326524490964e-11 1.010781093007567076e-10 3.470232268053558741e-11 4.061097454094993120e-11 1.871558455895115073e-11 1.951653994170777480e-11 9.538472984383620827e-12 -7.842364955013423841e-15 2.677786417250531773e-12 5.435261789323265031e-12 2.249124421566261865e-11 -7.426240401990120519e-12 1.496816773370328656e-11 1.003057857701068891e-11 -3.357153783480907778e-12
7.727635157973106769e-10 1.988397806976309766e-09 4.611650633356874916e-10 4.170896329317102877e-10 3.211654047743200464e-10 2.489621567560470247e-10 2.008116536732907102e-10 1.796109826099464648e-10 1.414315504605090499e-10 8.849466431902553268e-11 8.803059937311569527e-11 9.705941244383844846e-11 7.748165011020432581e-11 4.349942309149299490e-11 4.286267463088525738e-11 4.361941282965675527e-11 3.640715468783335167e-11 3.249941090638776987e-11 2.587423949511985889e-11 1.474023192137458651e-11 2.018859530921989439e-12 1.098981029080087208e-11 4.447655141089616985e-12 1.450128833053595769e-11 1.276406365405604916e-11 -1.999154799525588859e-11
5.871809642066249051e-10 4.611650633356874916e-10 1.213825318648807885e-09 4.410730489869391841e-10 3.275679447502524425e-10 2.435477325965276684e-10 1.508349578839732530e-10 1.318579284174133963e-10 1.226707815241434926e-10 9.272591066319014674e-11 9.711481592996747974e-11 8.956462037000430198e-11 8.256233389981697688e-11 6.268743856928567891e-11 4.698921271011371623e-11 3.065322098211431658e-11 2.555336237661684228e-11 2.855794766866524869e-11 1.367124654404933897e-11 1.306318373900623553e-11 1.102618008926182708e-11 1.712785113029585526e-11 8.359259631955322990e-12 4.081839905880331474e-14 7.140718233744640089e-12 -4.880678761846313102e-12
5.266379317785403032e-10 4.170896329317102877e-10 4.410730489869391841e-10 8.737010804308053255e-10 3.127448781837376315e-10 2.604480346126821901e-10 1.259319076145960682e-10 9.312207683345210883e-11 1.029460332982426273e-10 6.351150468729356393e-11 6.496982871559623610e-11 8.445626983193740169e-11 6.838688178642101492e-11 4.781185149511027705e-11 3.381827959623702103e-11 2.140194879882018096e-11 2.146725993486091248e-11 2.876886107017634197e-11 1.336908270325667324e-11 9.514296437653809069e-12 3.685460517668925049e-12 1.005512928289314055e-11 7.695166130840595078e-12 4.742951058767443520e-12 2.098986807576797157e-11 7.206130736356496043e-12
3.880441176865518468e-10 3.211654047743200464e-10 3.275679447502524425e-10 3.127448781837376315e-10 5.876395161297651003e-10 2.131657175064661988e-10 1.431112396017946351e-10 1.086987063349404868e-10 9.365364356548308836e-11 6.522324852799948852e-11 5.586743549277780804e-11 6.652279873169445601e-11 5.966390517109037002e-11 3.628340828704065445e-11 1.855972169376262780e-11 1.588854196461668167e-11 1.789437145111915663e-11 1.198545076518004663e-11 3.586430696444785499e-12 7.219574041958280158e-12 8.250796445455640879e-12 1.710526119169048046e-11 6.248488315244265790e-12 5.996943488847286261e-12 2.244192092850012701e-12 -4.234423788770991496e-12
3.568390477183767432e-10 2.489621567560470247e-10 2.435477325965276684e-10 2.604480346126821901e-10 2.131657175064661988e-10 3.774219251368137801e-10 1.474521260201039444e-10 8.179952366352978543e-11 9.175494138326065210e-11 6.505775131130201133e-11 5.884627544507169926e-11 5.069690793969484533e-11 4.792890734910585701e-11 2.063462700850975584e-11 1.240902963043170115e-11 1.406189940298917723e-12 9.038142195229338160e-12 1.538464632838685445e-11 2.263187184496779992e-12 1.629285969134493696e-12 2.571133439548745973e-12 9.239203308509580907e-12 8.979365657360388648e-12 6.311397704449662435e-12 4.729081784631027949e-12 7.308138594935668285e-13
3.306780100375538097e-10 2.008116536732907102e-10 1.508349578839732530e-10 1.259319076145960682e-10 1.431112396017946351e-10 1.474521260201039444e-10 2.689216343260251606e-10 8.497151156577549122e-11 7.630475994785145053e-11 5.768353530069942333e-11 4.999329178180217552e-11 3.808728655429018537e-11 3.056540468215130766e-11 1.985078967622673055e-11 1.252513380433230326e-11 8.994926733324025992e-12 1.254748624193846510e-11 1.127655260555157819e-11 2.868589902124020019e-12 3.865409327063266934e-12 2.846268836873592322e-12 1.081937389152138741e-11 8.021442352932166997e-12 1.159757238646065442e-11 5.898212557441877424e-12 1.570856647862091039e-12
1.987258177651025984e-10 1.796109826099464648e-10 1.318579284174133963e-10 9.312207683345210883e-11 1.086987063349404868e-10 8.179952366352978543e-11 8.497151156577549122e-11 1.695230139773486361e-10 7.068933543737777272e-11 5.382816832429282346e-11 4.182929976809384298e-11 3.103151381911533928e-11 2.680387604286062072e-11 1.895579563163649627e-11 9.781831868789271895e-12 4.043675912930052387e-12 7.254703277794104682e-12 8.216819253784518607e-12 4.327949784231091100e-13 -1.834957922540799412e-12 -2.192496284345461184e-12 5.013982789896514700e-12 4.435789269974954933e-12 5.577175332271721741e-12 4.574073090968936472e-12 -1.089615010746799683e-12
1.510108677469770966e-10 1.414315504605090499e-10 1.226707815241434926e-10 1.029460332982426273e-10 9.365364356548308836e-11 9.175494138326065210e-11 7.630475994785145053e-11 7.068933543737777272e-11 1.362988412361796396e-10 5.064463939191681229e-11 4.635488197137937716e-11 3.247164926735178634e-11 2.678220214209940728e-11 2.210296680624741087e-11 1.299346250234134975e-11 8.624714391799792684e-12 7.033576343917825288e-12 1.121021688273628673e-11 8.854471598103924370e-12 8.694463572035628775e-12 3.333458857476826343e-13 1.063149366758858739e-12 1.378000654623013849e-12 5.107331378569692071e-12 1.453977924768923425e-12 -4.793794992715404827e-13
1.143480577453365783e-10 8.849466431902553268e-11 9.272591066319014674e-11 6.351150468729356393e-11 6.522324852799948852e-11 6.505775131130201133e-11 5.768353530069942333e-11 5.382816832429282346e-11 5.064463939191681229e-11 9.326664315383988944e-11 4.832779638246190709e-11 3.039032264145105123e-11 2.034688886109970894e-11 1.889419744779414856e-11 1.233633660162301356e-11 8.978995901820771209e-12 2.704627975397997467e-12 6.612577228203427462e-12 4.494583736344020502e-12 3.923524450043054560e-12 9.715699712983060277e-13 3.060108280807114647e-12 3.557514920769197622e-12 4.081085343067363009e-12 3.587538096460072483e-12 -2.177927843750990716e-12
1.419030894040884458e-10 8.803059937311569527e-11 9.711481592996747974e-11 6.496982871559623610e-11 5.586743549277780804e-11 5.884627544507169926e-11 4.999329178180217552e-11 4.182929976809384298e-11 4.635488197137937716e-11 4.832779638246190709e-11 8.524824740283063073e-11 3.555368254563712379e-11 2.383089295181520599e-11 1.779930494931634848e-11 1.638033382033213632e-11 6.681425693913599073e-12 3.334959771599389850e-12 5.645465793289246233e-12 1.789418471472203723e-12 5.227179295369165401e-12 3.903681291234361925e-12 4.773986903845192057e-12 1.136591915424774104e-13 3.580583443180600698e-13 2.891997485277563159e-12 1.090580917230183164e-12
8.123605326524490964e-11 9.705941244383844846e-11 8.956462037000430198e-11 8.445626983193740169e-11 6.652279873169445601e-11 5.069690793969484533e-11 3.808728655429018537e-11 3.103151381911533928e-11 3.247164926735178634e-11 3.039032264145105123e-11 3.555368254563712379e-11 5.869789550949778307e-11 3.033646173702395630e-11 1.868319072498120718e-11 1.366630044741050291e-11 9.003898803351032807e-12 5.190791333203559581e-12 6.801475201888473806e-12 1.932676948851906890e-12 3.798555105327125864e-12 1.099984318743377096e-12 2.324737672323103303e-12 4.408436670589870756e-13 -9.424787595342068523e-13 3.391268067821154371e-12 2.644754054215651200e-12
1.010781093007567076e-10 7.748165011020432581e-11 8.256233389981697688e-11 6.838688178642101492e-11 5.966390517109037002e-11 4.792890734910585701e-11 3.056540468215130766e-11 2.680387604286062072e-11 2.678220214209940728e-11 2.034688886109970894e-11 2.383089295181520599e-11 3.033646173702395630e-11 4.793362307021587939e-11 2.365167897239931291e-11 1.644700354111322641e-11 1.168043863674936457e-11 7.517248267187127973e-12 5.189766706433003538e-12 2.537766593026029003e-12 4.922793908501021285e-12 2.569040148157989756e-12 3.055831377759606902e-12 3.715880358968038267e-13 2.283809205862520597e-13 3.026980336851707984e-12 3.280607949471590442e-12
3.470232268053558741e-11 4.349942309149299490e-11 6.268743856928567891e-11 4.781185149511027705e-11 3.628340828704065445e-11 2.063462700850975584e-11 1.985078967622673055e-11 1.895579563163649627e-11 2.210296680624741087e-11 1.889419744779414856e-11 1.779930494931634848e-11 1.868319072498120718e-11 2.365167897239931291e-11 3.713086123597684897e-11 2.086889700282306843e-11 1.280467368009355153e-11 7.356871809642489397e-12 6.695421144204842116e-12 5.550245651084226197e-12 4.332748224251448677e-12 3.499155823166770074e-12 2.099153352566752661e-12 5.829268652397494439e-13 7.577783554152837726e-13 3.035169766933546462e-12 1.244535001147796714e-12
4.061097454094993120e-11 4.286267463088525738e-11 4.698921271011371623e-11 3.381827959623702103e-11 1.855972169376262780e-11 1.240902963043170115e-11 1.252513380433230326e-11 9.781831868789271895e-12 1.299346250234134975e-11 1.233633660162301356e-11 1.638033382033213632e-11 1.366630044741050291e-11 1.644700354111322641e-11 2.086889700282306843e-11 2.898882905883773260e-11 1.420756074613358104e-11 6.911538478432767008e-12 4.407545243227997351e-12 5.227852072392995069e-12 4.512946062427440569e-12 3.877224663562648982e-12 2.958648758405009876e-12 6.828367427896432936e-13 3.154509261130024251e-13 1.920111759637364373e-12 1.038637574268238103e-12
1.871558455895115073e-11 4.361941282965675527e-11 3.065322098211431658e-11 2.140194879882018096e-11 1.588854196461668167e-11 1.406189940298917723e-12 8.994926733324025992e-12 4.043675912930052387e-12 8.624714391799792684e-12 8.978995901820771209e-12 6.681425693913599073e-12 9.003898803351032807e-12 1.168043863674936457e-11 1.280467368009355153e-11 1.420756074613358104e-11 2.440759007579773032e-11 1.499977455642529082e-11 6.497476428283020734e-12 4.877442769339916343e-12 3.290291132113211593e-12 1.645181941029735145e-12 3.033124979712921669e-12 -7.156035478744751326e-13 -1.487429022767755219e-13 1.555118768511823316e-12 9.380806686776392252e-13
1.951653994170777480e-11 3.640715468783335167e-11 2.555336237661684228e-11 2.146725993486091248e-11 1.789437145111915663e-11 9.038142195229338160e-12 1.254748624193846510e-11 7.254703277794104682e-12 7.033576343917825288e-12 2.704627975397997467e-12 3.334959771599389850e-12 5.190791333203559581e-12 7.517248267187127973e-12 7.356871809642489397e-12 6.911538478432767008e-12 1.499977455642529082e-11 2.729648730860547677e-11 1.580671356430535141e-11 8.208432369922728797e-12 5.981491543977152434e-12 4.762635585402381308e-12 2.142710257962515305e-12 -2.660940863316735904e-13 1.239487991180838264e-12 1.254397899434974235e-12 1.022617470605724867e-12
9.538472984383620827e-12 3.249941090638776987e-11 2.855794766866524869e-11 2.876886107017634197e-11 1.198545076518004663e-11 1.538464632838685445e-11 1.127655260555157819e-11 8.216819253784518607e-12 1.121021688273628673e-11 6.612577228203427462e-12 5.645465793289246233e-12 6.801475201888473806e-12 5.189766706433003538e-12 6.695421144204842116e-12 4.407545243227997351e-12 6.497476428283020734e-12 1.580671356430535141e-11 2.524548827505082709e-11 1.394225048429875587e-11 7.939316359236022509e-12 3.823903884479426922e-12 7.991592614190422314e-13 1.638864482463588926e-13 7.221778410886363731e-13 7.985128329946467126e-13 1.660321430178995538e-12
-7.842364955013423841e-15 2.587423949511985889e-11 1.367124654404933897e-11 1.336908270325667324e-11 3.586430696444785499e-12 2.263187184496779992e-12 2.868589902124020019e-12 4.327949784231091100e-13 8.854471598103924370e-12 4.494583736344020502e-12 1.789418471472203723e-12 1.932676948851906890e-12 2.537766593026029003e-12 5.550245651084226197e-12 5.227852072392995069e-12 4.877442769339916343e-12 8.208432369922728797e-12 1.394225048429875587e-11 2.157935220483107303e-11 1.299023741635810075e-11 6.633712039085858693e-12 2.829119009868605792e-12 1.790903553766862776e-12 1.529844776768763981e-12 6.970474495249802097e-14 -1.457584484602472446e-12
2.677786417250531773e-12 1.474023192137458651e-11 1.306318373900623553e-11 9.514296437653809069e-12 7.219574041958280158e-12 1.629285969134493696e-12 3.865409327063266934e-12 -1.834957922540799412e-12 8.694463572035628775e-12 3.923524450043054560e-12 5.227179295369165401e-12 3.798555105327125864e-12 4.922793908501021285e-12 4.332748224251448677e-12 4.512946062427440569e-12 3.290291132113211593e-12 5.981491543977152434e-12 7.939316359236022509e-12 1.299023741635810075e-11 2.371476486505289444e-11 1.399762268936338248e-11 6.838161785608051175e-12 1.415921602842318806e-12 2.039525192124494521e-12 -9.553202274136381399e-15 -9.947174494505624120e-13
5.435261789323265031e-12 2.018859530921989439e-12 1.102618008926182708e-11 3.685460517668925049e-12 8.250796445455640879e-12 2.571133439548745973e-12 2.846268836873592322e-12 -2.192496284345461184e-12 3.333458857476826343e-13 9.715699712983060277e-13 3.903681291234361925e-12 1.099984318743377096e-12 2.569040148157989756e-12 3.499155823166770074e-12 3.877224663562648982e-12 1.645181941029735145e-12 4.762635585402381308e-12 3.823903884479426922e-12 6.633712039085858693e-12 1.399762268936338248e-11 2.088952641287682691e-11 1.210623100293701904e-11 3.755188056523705669e-12 1.772818579970584340e-12 5.739294847829488419e-13 -1.017935864045436863e-13
2.249124421566261865e-11 1.098981029080087208e-11 1.712785113029585526e-11 1.005512928289314055e-11 1.710526119169048046e-11 9.239203308509580907e-12 1.081937389152138741e-11 5.013982789896514700e-12 1.063149366758858739e-12 3.060108280807114647e-12 4.773986903845192057e-12 2.324737672323103303e-12 3.055831377759606902e-12 2.099153352566752661e-12 2.958648758405009876e-12 3.033124979712921669e-12 2.142710257962515305e-12 7.991592614190422314e-13 2.829119009868605792e-12 6.838161785608051175e-12 1.210623100293701904e-11 1.826374634903632764e-11 7.793152406704150575e-12 2.622806256978157509e-12 1.168810732754794170e-12 -1.728158610661836467e-14
-7.426240401990120519e-12 4.447655141089616985e-12 8.359259631955322990e-12 7.695166130840595078e-12 6.248488315244265790e-12 8.979365657360388648e-12 8.021442352932166997e-12 4.435789269974954933e-12 1.378000654623013849e-12 3.557514920769197622e-12 1.136591915424774104e-13 4.408436670589870756e-13 3.715880358968038267e-13 5.829268652397494439e-13 6.828367427896432936e-13 -7.156035478744751326e-13 -2.660940863316735904e-13 1.638864482463588926e-13 1.790903553766862776e-12 1.415921602842318806e-12 3.755188056523705669e-12 7.793152406704150575e-12 1.261261998167786464e-11 5.035600204148272184e-12 6.567649940139405657e-13 -3.500278866445397122e-13
1.496816773370328656e-11 1.450128833053595769e-11 4.081839905880331474e-14 4.742951058767443520e-12 5.996943488847286261e-12 6.311397704449662435e-12 1.159757238646065442e-11 5.577175332271721741e-12 5.107331378569692071e-12 4.081085343067363009e-12 3.580583443180600698e-13 -9.424787595342068523e-13 2.283809205862520597e-13 7.577783554152837726e-13 3.154509261130024251e-13 -1.487429022767755219e-13 1.239487991180838264e-12 7.221778410886363731e-13 1.529844776768763981e-12 2.039525192124494521e-12 1.772818579970584340e-12 2.622806256978157509e-12 5.035600204148272184e-12 1.037337973660845462e-11 3.227220516132438400e-12 -7.296289564624249142e-14
1.003057857701068891e-11 1.276406365405604916e-11 7.140718233744640089e-12 2.098986807576797157e-11 2.244192092850012701e-12 4.729081784631027949e-12 5.898212557441877424e-12 4.574073090968936472e-12 1.453977924768923425e-12 3.587538096460072483e-12 2.891997485277563159e-12 3.391268067821154371e-12 3.026980336851707984e-12 3.035169766933546462e-12 1.920111759637364373e-12 1.555118768511823316e-12 1.254397899434974235e-12 7.985128329946467126e-13 6.970474495249802097e-14 -9.553202274136381399e-15 5.739294847829488419e-13 1.168810732754794170e-12 6.567649940139405657e-13 3.227220516132438400e-12 9.014228731197260295e-12 2.915543176950172129e-12
-3.357153783480907778e-12 -1.999154799525588859e-11 -4.880678761846313102e-12 7.206130736356496043e-12 -4.234423788770991496e-12 7.308138594935668285e-13 1.570856647862091039e-12 -1.089615010746799683e-12 -4.793794992715404827e-13 -2.177927843750990716e-12 1.090580917230183164e-12 2.644754054215651200e-12 3.280607949471590442e-12 1.244535001147796714e-12 1.038637574268238103e-12 9.380806686776392252e-13 1.022617470605724867e-12 1.660321430178995538e-12 -1.457584484602472446e-12 -9.947174494505624120e-13 -1.017935864045436863e-13 -1.728158610661836467e-14 -3.500278866445397122e-13 -7.296289564624249142e-14 2.915543176950172129e-12 7.591524755255678889e-12
