2.345957753267432220e-09 1.677714345806512377e-10 4.145580586784853376e-11 1.523495284114275988e-11 -5.852351816415223185e-11 -1.424697346028335287e-11 -5.064714241008224517e-11 2.901117696444211248e-11 -1.046684092880601308e-11 -5.560385823085288031e-12 2.971498610861648776e-11 2.428189729524400452e-11 2.395330748969853985e-11 3.002142345274041332e-11 1.106674034854524533e-11 3.067725889203511772e-12 1.594568290242115404e-11 5.695596386393154004e-12 -1.142346916398084385e-11 -4.862568208623912962e-12 7.882053247858373234e-13 -1.485888735911565959e-11 2.736101885804164536e-12 3.805933145039536727e-12 3.209266852143526189e-12 -4.191476227683288756e-12
1.677714345806512377e-10 1.166960322892406635e-09 6.187946157097466838e-11 2.747994340677822296e-11 5.622197074257632161e-11 -6.412303944240627746e-11 -1.318585595878051473e-11 -5.936259991999370974e-13 -1.473374506246909369e-12 -1.930781409096500086e-11 -1.436388049084983658e-11 -7.475507409053127524e-12 -6.500395651072714276e-12 1.612946398951086567e-12 1.069738584799423640e-11 2.387274498111883872e-12 -7.363725751827278866e-12 -6.466000596087621149e-12 -2.191823361320484236e-12 -6.794562651592991931e-12 -4.334931604305730859e-12 -1.556972058625564243e-11 -3.493722189456646293e-12 1.383805296805025356e-11 4.247460606393403457e-12 -2.318702287908410646e-12
4.145580586784853376e-11 6.187946157097466838e-11 8.334649153662552160e-10 3.234104126017705511e-11 4.272478513251850728e-11 2.292167905813473324e-12 -1.054480808325000088e-13 -2.218677451776189314e-11 1.028346667508172700e-11 -4.680011125407305885e-12 -3.251795474640311891e-12 1.597119237618619809e-11 5.224596616768289181e-14 8.977356973432446997e-12 1.315686734140139043e-11 2.806112564626129945e-12 -9.561247003083924570e-12 -3.358144286325514721e-12 -1.576647874027711326e-12 -5.783030273878768397e-12 1.791733910672193144e-13 5.932629773918966833e-13 5.529626480299599289e-12 -4.709625064915114725e-13 1.098665886203532852e-13 -1.149586050009324102e-13
1.523495284114275988e-11 2.747994340677822296e-11 3.234104126017705511e-11 4.753139294972484303e-10 2.126113985241168701e-11 -7.002060923015201812e-12 -1.828588981939877925e-11 -1.300629900957932003e-11 -3.536566804894126292e-12 -5.717106837174280522e-12 1.541111428452317792e-11 -3.528315857879889004e-12 9.117824313176317574e-12 1.055333935418776055e-11 2.701924255395953078e-12 -9.510249015696378588e-12 -7.943552798886779296e-12 -1.118178510716347312e-11 -1.071927207903607292e-11 -6.677022638414725710e-12 -1.004346754047427371e-11 -5.880157252514651161e-12 -2.667771675542162172e-12 -2.047696686949675643e-12 -8.018944697642675049e-13 2.418942240997674927e-12
-5.852351816415223185e-11 5.622197074257632161e-11 4.272478513251850728e-11 2.126113985241168701e-11 3.887417488549621916e-10 5.658160413139371951e-11 4.590524519413872880e-11 6.258915622650734814e-12 4.755049692881298439e-12 -1.163664484087691431e-12 -4.590442264988276483e-12 4.900742102661738750e-12 -1.906789983481988289e-13 1.002714432919452131e-13 9.949950363508079756e-12 1.216764023281851334e-11 7.329580035824308761e-13 -3.244627237770204221e-12 -2.024485644133440723e-12 2.450856772962840424e-12 7.451185143351409717e-12 2.112707176381984722e-12 2.470100233608972572e-12 2.822341255447074991e-12 1.054200384805101214e-12 -6.565064709707399066e-13
-1.424697346028335287e-11 -6.412303944240627746e-11 2.292167905813473324e-12 -7.002060923015201812e-12 5.658160413139371951e-11 2.203925621108261691e-10 3.206956921792511594e-11 1.690774512601857855e-11 9.954259622358186488e-12 4.868839735681860580e-12 -2.049779156107455024e-12 -4.654505189571258410e-12 -3.738149630070276636e-12 -7.330322521050516360e-12 -1.338444648395034825e-11 -4.690593094004863392e-12 -1.263418513542205599e-12 3.240916575909144931e-12 2.330707462524501208e-12 2.459199842228691638e-12 1.987936368637012534e-12 6.000681167570819606e-12 2.484236765234917270e-12 1.541971435112778526e-12 -1.051168235378145460e-12 -3.561504960044761999e-13
-5.064714241008224517e-11 -1.318585595878051473e-11 -1.054480808325000088e-13 -1.828588981939877925e-11 4.590524519413872880e-11 3.206956921792511594e-11 1.486231148831343928e-10 2.000743117372504161e-11 1.130544878291001291e-11 4.383026095631138083e-12 6.250946752604437005e-12 1.359357897155344427e-12 5.579032362571562214e-14 -1.878972249394453816e-12 -1.884782022202143902e-12 -3.464854958699090707e-12 -2.007705433863610959e-12 5.953484156785871844e-13 -5.283376436114296793e-12 -2.853198864071309696e-12 3.080822804054236945e-12 3.034845581420243112e-12 7.362268407317258658e-13 4.740408056663788702e-13 4.080547174617062936e-13 1.392445935275063550e-12
2.901117696444211248e-11 -5.936259991999370974e-13 -2.218677451776189314e-11 -1.300629900957932003e-11 6.258915622650734814e-12 1.690774512601857855e-11 2.000743117372504161e-11 1.258398493209051955e-10 2.541737430896950796e-11 9.404857804701772873e-12 -2.553450152593313078e-13 3.197641663594290727e-12 1.109952657978402220e-12 -3.155674823422461539e-12 -2.420302649165370331e-12 3.699136659712293162e-14 3.195062282213620403e-12 -1.716874954422092536e-14 -1.712739644216795051e-12 -1.108210791553519257e-12 6.231026301531440128e-13 -1.619555033669479035e-12 -1.888651370946214425e-12 7.391613038928009169e-14 1.618531981070722338e-13 -5.689679096035624158e-13
-1.046684092880601308e-11 -1.473374506246909369e-12 1.028346667508172700e-11 -3.536566804894126292e-12 4.755049692881298439e-12 9.954259622358186488e-12 1.130544878291001291e-11 2.541737430896950796e-11 8.445515598654855073e-11 1.858930551475128343e-11 8.859011176005235384e-12 6.903086837081234579e-12 8.433317885086616399e-12 -3.712059849603531032e-12 -3.484208251164259391e-13 -1.317527559257834638e-12 -2.732690610950372130e-12 -2.137873630262150391e-12 -2.929221316916447207e-13 -2.083408860413648148e-13 1.660088203478687537e-13 2.268462555088071622e-12 1.599304885009956393e-12 -8.610388079347071537e-13 -1.216570137729222546e-12 -3.857369089556872470e-13
-5.560385823085288031e-12 -1.930781409096500086e-11 -4.680011125407305885e-12 -5.717106837174280522e-12 -1.163664484087691431e-12 4.868839735681860580e-12 4.383026095631138083e-12 9.404857804701772873e-12 1.858930551475128343e-11 6.066341600906729026e-11 1.597974683202149782e-11 1.125010517170407144e-11 3.995445009153573233e-12 1.641936670982168759e-13 2.216605421970784996e-12 -3.700823165852209295e-13 1.466502174115253902e-12 -1.636364143168327720e-12 -1.517265758870254766e-12 -1.919080818032489689e-12 9.371074428476232687e-13 2.518434815441029515e-13 -1.609367417133242941e-12 1.954082871744027665e-13 6.762621151462394308e-14 8.999749287271999750e-13
2.971498610861648776e-11 -1.436388049084983658e-11 -3.251795474640311891e-12 1.541111428452317792e-11 -4.590442264988276483e-12 -2.049779156107455024e-12 6.250946752604437005e-12 -2.553450152593313078e-13 8.859011176005235384e-12 1.597974683202149782e-11 5.253745563252322794e-11 1.691313352400871276e-11 1.122518411885154469e-11 5.439365761059951712e-12 5.864266911240078161e-12 4.309381639727923432e-12 9.483430237576951877e-13 -1.566686795023657537e-13 -3.209103163838314755e-12 -1.999966727758018614e-12 -1.001340292065700552e-12 -8.611689773682883404e-13 3.213786600784336794e-13 -1.062883939520967089e-12 -4.694830428027107581e-13 6.835475036931392312e-15
2.428189729524400452e-11 -7.475507409053127524e-12 1.597119237618619809e-11 -3.528315857879889004e-12 4.900742102661738750e-12 -4.654505189571258410e-12 1.359357897155344427e-12 3.197641663594290727e-12 6.903086837081234579e-12 1.125010517170407144e-11 1.691313352400871276e-11 3.496895075800654608e-11 1.593077961998418062e-11 5.963100210956661547e-12 6.227735023209533872e-12 3.782673589323894201e-12 2.807444626381223041e-12 -3.597160879680653995e-13 4.107729761250150361e-13 1.692778163437291491e-12 1.696888527574237168e-12 1.766490313404316676e-12 1.253240283273551542e-12 -6.370989928296197061e-13 -1.238543039131246240e-12 -7.779957838944429071e-14
2.395330748969853985e-11 -6.500395651072714276e-12 5.224596616768289181e-14 9.117824313176317574e-12 -1.906789983481988289e-13 -3.738149630070276636e-12 5.579032362571562214e-14 1.109952657978402220e-12 8.433317885086616399e-12 3.995445009153573233e-12 1.122518411885154469e-11 1.593077961998418062e-11 3.525970538641386942e-11 1.475768860208396472e-11 8.368106977054806554e-12 3.700354551296479070e-12 2.788704785029390395e-12 1.234594077993191642e-12 2.451427504190920224e-12 4.007945426820145392e-12 3.534044844615779033e-13 6.872220087143996715e-13 6.588465044431965848e-13 2.701467310884505725e-13 -9.521171697075984472e-13 -5.093995531555185166e-13
3.002142345274041332e-11 1.612946398951086567e-12 8.977356973432446997e-12 1.055333935418776055e-11 1.002714432919452131e-13 -7.330322521050516360e-12 -1.878972249394453816e-12 -3.155674823422461539e-12 -3.712059849603531032e-12 1.641936670982168759e-13 5.439365761059951712e-12 5.963100210956661547e-12 1.475768860208396472e-11 3.435801931131364837e-11 1.612095129258332882e-11 6.506928859189355983e-12 8.858648445243091028e-13 5.697440290511586057e-13 1.135895102764107457e-12 9.750962016811637982e-13 -1.853441006463278708e-12 -2.797773820865479364e-12 -4.419342934046790249e-13 3.629438865407740571e-13 -1.196778359126321868e-14 1.971284488447470842e-13
1.106674034854524533e-11 1.069738584799423640e-11 1.315686734140139043e-11 2.701924255395953078e-12 9.949950363508079756e-12 -1.338444648395034825e-11 -1.884782022202143902e-12 -2.420302649165370331e-12 -3.484208251164259391e-13 2.216605421970784996e-12 5.864266911240078161e-12 6.227735023209533872e-12 8.368106977054806554e-12 1.612095129258332882e-11 2.356039468052732729e-11 1.115017509930010266e-11 4.795892882105921425e-12 1.820298662923370126e-12 9.601114976657491138e-13 9.774996000286318354e-13 -1.127725615076775422e-12 -2.332361972772179557e-12 3.764002900023265236e-13 7.032393377057833025e-14 -1.550220530095920513e-13 4.665486006487864370e-13
3.067725889203511772e-12 2.387274498111883872e-12 2.806112564626129945e-12 -9.510249015696378588e-12 1.216764023281851334e-11 -4.690593094004863392e-12 -3.464854958699090707e-12 3.699136659712293162e-14 -1.317527559257834638e-12 -3.700823165852209295e-13 4.309381639727923432e-12 3.782673589323894201e-12 3.700354551296479070e-12 6.506928859189355983e-12 1.115017509930010266e-11 2.109714192168325839e-11 9.489096069053421379e-12 3.123665319079724452e-12 2.204799443606679991e-12 1.293349550557014135e-12 -1.032299825066897882e-12 -9.892704877062514708e-13 1.069209576658299044e-13 -3.181775787706541295e-13 -5.485718168059885323e-13 1.225013058680292127e-13
1.594568290242115404e-11 -7.363725751827278866e-12 -9.561247003083924570e-12 -7.943552798886779296e-12 7.329580035824308761e-13 -1.263418513542205599e-12 -2.007705433863610959e-12 3.195062282213620403e-12 -2.732690610950372130e-12 1.466502174115253902e-12 9.483430237576951877e-13 2.807444626381223041e-12 2.788704785029390395e-12 8.858648445243091028e-13 4.795892882105921425e-12 9.489096069053421379e-12 1.681549640246405910e-11 7.323854075613728906e-12 2.054220428172725908e-12 1.658801972110457878e-12 3.955313035439414988e-14 -6.440955305490770142e-13 6.662510622072069376e-14 -5.674642763481578030e-14 2.310827825694595047e-13 7.335233590201095371e-13
5.695596386393154004e-12 -6.466000596087621149e-12 -3.358144286325514721e-12 -1.118178510716347312e-11 -3.244627237770204221e-12 3.240916575909144931e-12 5.953484156785871844e-13 -1.716874954422092536e-14 -2.137873630262150391e-12 -1.636364143168327720e-12 -1.566686795023657537e-13 -3.597160879680653995e-13 1.234594077993191642e-12 5.697440290511586057e-13 1.820298662923370126e-12 3.123665319079724452e-12 7.323854075613728906e-12 1.573780087873356365e-11 5.975252944889662521e-12 2.597142096479712354e-12 1.046328813043058781e-12 2.637314230741209724e-13 -4.401751634847308350e-13 -3.061393783647582709e-13 5.302278945645500022e-13 1.675411721254260082e-13
-1.142346916398084385e-11 -2.191823361320484236e-12 -1.576647874027711326e-12 -1.071927207903607292e-11 -2.024485644133440723e-12 2.330707462524501208e-12 -5.283376436114296793e-12 -1.712739644216795051e-12 -2.929221316916447207e-13 -1.517265758870254766e-12 -3.209103163838314755e-12 4.107729761250150361e-13 2.451427504190920224e-12 1.135895102764107457e-12 9.601114976657491138e-13 2.204799443606679991e-12 2.054220428172725908e-12 5.975252944889662521e-12 1.258779086508508413e-11 7.039866515193936593e-12 1.459704006511523996e-12 8.011314071981572355e-14 2.161133328915163022e-13 2.389393659790879691e-14 2.233068512432200568e-13 -3.297706910515101184e-13
-4.862568208623912962e-12 -6.794562651592991931e-12 -5.783030273878768397e-12 -6.677022638414725710e-12 2.450856772962840424e-12 2.459199842228691638e-12 -2.853198864071309696e-12 -1.108210791553519257e-12 -2.083408860413648148e-13 -1.919080818032489689e-12 -1.999966727758018614e-12 1.692778163437291491e-12 4.007945426820145392e-12 9.750962016811637982e-13 9.774996000286318354e-13 1.293349550557014135e-12 1.658801972110457878e-12 2.597142096479712354e-12 7.039866515193936593e-12 1.228308906489438675e-11 3.836989816747002228e-12 6.438152735746301524e-13 1.494837303283244819e-12 7.162471681323415344e-13 3.083870624591649066e-13 -4.296669766743634019e-13
7.882053247858373234e-13 -4.334931604305730859e-12 1.791733910672193144e-13 -1.004346754047427371e-11 7.451185143351409717e-12 1.987936368637012534e-12 3.080822804054236945e-12 6.231026301531440128e-13 1.660088203478687537e-13 9.371074428476232687e-13 -1.001340292065700552e-12 1.696888527574237168e-12 3.534044844615779033e-13 -1.853441006463278708e-12 -1.127725615076775422e-12 -1.032299825066897882e-12 3.955313035439414988e-14 1.046328813043058781e-12 1.459704006511523996e-12 3.836989816747002228e-12 9.540942141108383125e-12 3.632889199059062490e-12 1.540198750982644449e-12 8.331777420367368915e-13 2.444774839796349263e-13 -3.864836177226896459e-13
-1.485888735911565959e-11 -1.556972058625564243e-11 5.932629773918966833e-13 -5.880157252514651161e-12 2.112707176381984722e-12 6.000681167570819606e-12 3.034845581420243112e-12 -1.619555033669479035e-12 2.268462555088071622e-12 2.518434815441029515e-13 -8.611689773682883404e-13 1.766490313404316676e-12 6.872220087143996715e-13 -2.797773820865479364e-12 -2.332361972772179557e-12 -9.892704877062514708e-13 -6.440955305490770142e-13 2.637314230741209724e-13 8.011314071981572355e-14 6.438152735746301524e-13 3.632889199059062490e-12 8.483450579865363367e-12 3.109436901398295061e-12 1.062968449324499722e-13 -2.754521339496301176e-13 -1.330943245035258722e-13
2.736101885804164536e-12 -3.493722189456646293e-12 5.529626480299599289e-12 -2.667771675542162172e-12 2.470100233608972572e-12 2.484236765234917270e-12 7.362268407317258658e-13 -1.888651370946214425e-12 1.599304885009956393e-12 -1.609367417133242941e-12 3.213786600784336794e-13 1.253240283273551542e-12 6.588465044431965848e-13 -4.419342934046790249e-13 3.764002900023265236e-13 1.069209576658299044e-13 6.662510622072069376e-14 -4.401751634847308350e-13 2.161133328915163022e-13 1.494837303283244819e-12 1.540198750982644449e-12 3.109436901398295061e-12 6.428725113121071496e-12 1.044411323492839712e-12 -7.753762058409613127e-13 9.017774779827461178e-14
3.805933145039536727e-12 1.383805296805025356e-11 -4.709625064915114725e-13 -2.047696686949675643e-12 2.822341255447074991e-12 1.541971435112778526e-12 4.740408056663788702e-13 7.391613038928009169e-14 -8.610388079347071537e-13 1.954082871744027665e-13 -1.062883939520967089e-12 -6.370989928296197061e-13 2.701467310884505725e-13 3.629438865407740571e-13 7.032393377057833025e-14 -3.181775787706541295e-13 -5.674642763481578030e-14 -3.061393783647582709e-13 2.389393659790879691e-14 7.162471681323415344e-13 8.331777420367368915e-13 1.062968449324499722e-13 1.044411323492839712e-12 4.063629962305104152e-12 4.298694315251759285e-13 -7.483622318952965555e-14
3.209266852143526189e-12 4.247460606393403457e-12 1.098665886203532852e-13 -8.018944697642675049e-13 1.054200384805101214e-12 -1.051168235378145460e-12 4.080547174617062936e-13 1.618531981070722338e-13 -1.216570137729222546e-12 6.762621151462394308e-14 -4.694830428027107581e-13 -1.238543039131246240e-12 -9.521171697075984472e-13 -1.196778359126321868e-14 -1.550220530095920513e-13 -5.485718168059885323e-13 2.310827825694595047e-13 5.302278945645500022e-13 2.233068512432200568e-13 3.083870624591649066e-13 2.444774839796349263e-13 -2.754521339496301176e-13 -7.753762058409613127e-13 4.298694315251759285e-13 2.526530190175931550e-12 -4.109092755870116434e-14
-4.191476227683288756e-12 -2.318702287908410646e-12 -1.149586050009324102e-13 2.418942240997674927e-12 -6.565064709707399066e-13 -3.561504960044761999e-13 1.392445935275063550e-12 -5.689679096035624158e-13 -3.857369089556872470e-13 8.999749287271999750e-13 6.835475036931392312e-15 -7.779957838944429071e-14 -5.093995531555185166e-13 1.971284488447470842e-13 4.665486006487864370e-13 1.225013058680292127e-13 7.335233590201095371e-13 1.675411721254260082e-13 -3.297706910515101184e-13 -4.296669766743634019e-13 -3.864836177226896459e-13 -1.330943245035258722e-13 9.017774779827461178e-14 -7.483622318952965555e-14 -4.109092755870116434e-14 2.076623377592422834e-12
