1.728695062545268818e-09 1.446777290232767969e-10 1.638505232679429869e-10 8.785853425490304813e-11 9.483851045338304291e-11 5.704928312014793788e-11 5.633508611563448885e-11 2.576593561600549719e-11 4.482185834483496962e-11 2.545227043071964818e-11 3.795253899422214422e-11 -8.168608798216004851e-12 3.581187474727686495e-11 2.464685999022471905e-11 3.398108724577285603e-11 3.012777994731322999e-11 2.910925498116983420e-11 5.002633154305053684e-12 -6.460753616130954108e-12 -4.005247780744169215e-12 -3.565317403707651417e-12 2.521431308653218413e-12 1.507974810517443191e-12 -1.728352109843667396e-12 -4.907214644044326557e-12 -7.483386064377559871e-13
1.446777290232767969e-10 1.174343362707709329e-09 8.393503504218791055e-11 1.471031846662996355e-10 5.249955148524744951e-11 6.384053432012711140e-11 -3.489346594353634045e-11 5.223295231222967634e-11 1.639113984278114459e-11 -1.860068810027165340e-11 -6.372944868793749583e-12 5.464697252928473376e-12 2.215232242979030436e-11 4.086414886218081841e-12 6.208972857486604502e-12 -2.510368666687362715e-12 -1.803085437645712485e-11 -1.849988619077097755e-11 -1.490645219849317159e-11 -1.591471015198483910e-11 -1.385063747926070858e-11 -8.445630813307997026e-12 -1.052128398001378529e-12 2.389849131127072866e-12 -1.236991924705173991e-12 2.954223414084199667e-13
1.638505232679429869e-10 8.393503504218791055e-11 8.814649176015255740e-10 6.029883673481296084e-11 7.913735530117281859e-11 2.718684452381446145e-11 4.001692791147848326e-11 5.484655938595123653e-11 6.321570590621201846e-11 4.239087451308150522e-11 1.225508280571818640e-11 -2.272303002047295479e-12 6.968974539017836170e-12 7.446102073275394999e-12 8.229189423781406314e-12 8.318022654745729901e-12 1.877621167256141246e-13 -6.506172724179990869e-13 1.493852159094599379e-12 7.580365682561426372e-15 -1.493432935119475482e-12 1.564888800398573750e-12 -5.002042789862708087e-12 2.229899322244214300e-12 -3.971706052649833903e-12 -3.723066395549840753e-12
8.785853425490304813e-11 1.471031846662996355e-10 6.029883673481296084e-11 6.121143230684735080e-10 9.754091554019414886e-11 3.957006550946650157e-11 2.177035534310747502e-11 4.882667559573726163e-11 -1.416416557613722520e-12 -1.156909983244158735e-12 1.441028754889271513e-11 2.260100870966724417e-12 -5.518260175729243373e-12 -8.144094022435629622e-12 -9.388326371648537364e-12 -1.704752501589043048e-12 -9.438129638028532955e-12 -6.177968113058036215e-12 2.147947462655055672e-12 1.620241780177557094e-12 3.401712239994074483e-12 1.098759974762622712e-11 6.321300433370341570e-12 1.199094072559346676e-12 -7.824116331299459877e-13 -4.385114948486939350e-13
9.483851045338304291e-11 5.249955148524744951e-11 7.913735530117281859e-11 9.754091554019414886e-11 3.816449210972409525e-10 4.572328864414130749e-11 2.678839607717298185e-11 1.717907208468328706e-11 4.272830688022769416e-11 6.409418877777456133e-12 9.815415848249388375e-12 1.211458312870470533e-11 2.453203720718450361e-12 3.785192717894203809e-12 5.165971975529872572e-12 6.658690234081647755e-12 3.866337908529688832e-12 -7.962845213971481412e-12 -3.703063052848112822e-12 -8.654362258357983944e-13 -2.235785552951238773e-13 -7.295265165375107050e-13 -5.371936002222906878e-12 -3.348619057480071273e-12 -4.402822774441446494e-13 -2.266235109335819284e-13
5.704928312014793788e-11 6.384053432012711140e-11 2.718684452381446145e-11 3.957006550946650157e-11 4.572328864414130749e-11 2.760090214811117500e-10 2.819891144239063981e-11 1.952728671285531750e-11 2.520763400244217037e-11 7.965709567653274371e-12 1.066677332693043891e-11 7.205262844413032277e-12 9.120811240784663223e-12 5.854250707176320940e-12 -2.133755364884730138e-14 -2.168021440217608862e-13 2.883995693442106925e-13 -3.424512998642676214e-12 -7.733424106714898251e-12 4.885393603170359231e-13 1.016778349785124985e-12 -3.491162013752656985e-12 7.863078527906695720e-13 2.725420980739898834e-12 -1.039610034868549722e-12 -1.193504854866070986e-12
5.633508611563448885e-11 -3.489346594353634045e-11 4.001692791147848326e-11 2.177035534310747502e-11 2.678839607717298185e-11 2.819891144239063981e-11 1.806294054276099189e-10 3.678443402468341369e-11 2.835628291196444951e-11 1.125828732636914644e-11 1.107208903573119036e-11 1.583105823949474684e-12 1.112511017255366841e-11 -7.750387936168404890e-13 1.498829094383923946e-12 3.719242644648044631e-12 -2.753434431030107529e-12 5.253552215330152048e-13 4.524022777379876907e-12 3.800761085472271211e-12 5.833347890766962725e-12 4.532080016844565247e-12 -1.955430224628756512e-13 -2.188480891201592941e-12 -1.261682369525362964e-12 -9.475808244148724669e-13
2.576593561600549719e-11 5.223295231222967634e-11 5.484655938595123653e-11 4.882667559573726163e-11 1.717907208468328706e-11 1.952728671285531750e-11 3.678443402468341369e-11 1.204242509606606739e-10 2.782012252033839079e-11 1.513317403607554423e-11 1.353772864185384934e-11 3.218971900051234157e-12 4.730336347502081490e-12 5.331472400121550589e-12 1.886194882708819297e-12 8.800412460966034214e-13 -4.507940341350338816e-12 -2.013851450659412769e-12 -1.360780437321315744e-13 -1.702225249624234216e-12 -2.925461139380670436e-12 5.237451060663462818e-13 -4.027977659244972226e-12 -1.042986865771836539e-13 1.082760002619020753e-12 3.728967433895435725e-13
4.482185834483496962e-11 1.639113984278114459e-11 6.321570590621201846e-11 -1.416416557613722520e-12 4.272830688022769416e-11 2.520763400244217037e-11 2.835628291196444951e-11 2.782012252033839079e-11 9.406661422881845069e-11 2.730131948123837195e-11 1.339043167739740659e-11 9.337148012573683412e-12 5.270321419548444078e-12 8.842017923363942908e-12 3.314322251514998300e-12 2.397593603547644506e-12 7.975525190000633123e-13 -2.045954419282142199e-12 -1.409537718079750823e-12 3.283652427267900063e-12 1.939846312500039128e-12 1.306233607038952429e-12 1.462905123093678355e-12 3.940607732106574414e-12 1.578180417585284548e-13 -7.617795153388466358e-13
2.545227043071964818e-11 -1.860068810027165340e-11 4.239087451308150522e-11 -1.156909983244158735e-12 6.409418877777456133e-12 7.965709567653274371e-12 1.125828732636914644e-11 1.513317403607554423e-11 2.730131948123837195e-11 6.977481053188799671e-11 2.751043485511225196e-11 1.403932552535831295e-11 6.698388264844484213e-12 1.038689785849125624e-11 6.143124929827212995e-12 1.908971056047584398e-12 -1.358687566644004168e-12 -4.574836112147867941e-12 -3.706951840741646021e-12 -5.406433597034267581e-12 -4.265934901792450486e-12 3.553449509039586228e-13 1.038773247879766083e-13 2.580396243617230084e-12 8.763320837958312527e-13 8.596447684746735457e-13
3.795253899422214422e-11 -6.372944868793749583e-12 1.225508280571818640e-11 1.441028754889271513e-11 9.815415848249388375e-12 1.066677332693043891e-11 1.107208903573119036e-11 1.353772864185384934e-11 1.339043167739740659e-11 2.751043485511225196e-11 5.374227653878985196e-11 1.863379399211607756e-11 1.055865906444217447e-11 8.428914080455147297e-12 5.225331177694364527e-12 2.530043156363037377e-12 -1.487748693404615794e-12 -5.652780903046615032e-12 -3.968066201942523305e-12 -3.074468831621939114e-12 -1.908651473251101072e-12 1.270368274919950265e-12 -6.434532319643123602e-13 -1.766770433630454147e-12 -2.839244589280381681e-15 1.029360279794385203e-12
-8.168608798216004851e-12 5.464697252928473376e-12 -2.272303002047295479e-12 2.260100870966724417e-12 1.211458312870470533e-11 7.205262844413032277e-12 1.583105823949474684e-12 3.218971900051234157e-12 9.337148012573683412e-12 1.403932552535831295e-11 1.863379399211607756e-11 3.849375289220313054e-11 1.680155769272257204e-11 7.709625244849224097e-12 6.430172644971830144e-12 -7.861719332282200807e-13 -5.251293281119941155e-14 -5.228798987711882148e-12 -3.079328185704412761e-12 -1.051586094002586882e-12 2.088891985959251794e-13 2.544187839277942989e-12 -1.119203069952099086e-12 -5.062352848857770366e-13 -3.799955668470854534e-13 3.199437679603535685e-13
3.581187474727686495e-11 2.215232242979030436e-11 6.968974539017836170e-12 -5.518260175729243373e-12 2.453203720718450361e-12 9.120811240784663223e-12 1.112511017255366841e-11 4.730336347502081490e-12 5.270321419548444078e-12 6.698388264844484213e-12 1.055865906444217447e-11 1.680155769272257204e-11 3.157081374856988893e-11 1.261883541351705749e-11 7.312092255595777771e-12 2.928295133007916896e-12 4.070358281504295589e-13 -3.910167424935579893e-12 -1.574481259275553132e-12 -1.379237829244541245e-12 2.560567998445879313e-13 2.019211548828067959e-12 -5.935475697498390561e-13 -1.173026773299831081e-12 8.728534891892520309e-14 8.714831568222293940e-13
2.464685999022471905e-11 4.086414886218081841e-12 7.446102073275394999e-12 -8.144094022435629622e-12 3.785192717894203809e-12 5.854250707176320940e-12 -7.750387936168404890e-13 5.331472400121550589e-12 8.842017923363942908e-12 1.038689785849125624e-11 8.428914080455147297e-12 7.709625244849224097e-12 1.261883541351705749e-11 2.366187106358631376e-11 1.085933995644216059e-11 5.855127829233002141e-12 2.251156986541235218e-12 -2.577664483561443743e-13 1.335608435829587874e-13 1.927051119315009587e-12 1.764072414535773028e-12 2.689061064364856943e-12 8.855524763851461344e-14 9.225269833605797897e-13 1.228012381575622290e-12 -2.805335073850526742e-13
3.398108724577285603e-11 6.208972857486604502e-12 8.229189423781406314e-12 -9.388326371648537364e-12 5.165971975529872572e-12 -2.133755364884730138e-14 1.498829094383923946e-12 1.886194882708819297e-12 3.314322251514998300e-12 6.143124929827212995e-12 5.225331177694364527e-12 6.430172644971830144e-12 7.312092255595777771e-12 1.085933995644216059e-11 2.214463134701937451e-11 8.698849208399680836e-12 4.212437746523830915e-12 -8.224654961360206038e-13 7.432818526952717946e-14 1.023955605853990209e-12 1.236900991751363496e-12 2.288087939339840138e-12 -6.046262480471666004e-13 -1.157233382487740674e-13 -5.589245974630495167e-13 -5.872900560485163388e-13
3.012777994731322999e-11 -2.510368666687362715e-12 8.318022654745729901e-12 -1.704752501589043048e-12 6.658690234081647755e-12 -2.168021440217608862e-13 3.719242644648044631e-12 8.800412460966034214e-13 2.397593603547644506e-12 1.908971056047584398e-12 2.530043156363037377e-12 -7.861719332282200807e-13 2.928295133007916896e-12 5.855127829233002141e-12 8.698849208399680836e-12 1.823366278054637532e-11 1.016861979574771027e-11 5.112307375518913413e-12 5.061865511746750627e-12 3.543055791198628292e-12 1.482392831208787711e-12 1.975276854895095568e-12 8.126637941169688656e-13 -8.647088274621509412e-13 -8.523980000280180569e-13 -1.307144848639407037e-13
2.910925498116983420e-11 -1.803085437645712485e-11 1.877621167256141246e-13 -9.438129638028532955e-12 3.866337908529688832e-12 2.883995693442106925e-13 -2.753434431030107529e-12 -4.507940341350338816e-12 7.975525190000633123e-13 -1.358687566644004168e-12 -1.487748693404615794e-12 -5.251293281119941155e-14 4.070358281504295589e-13 2.251156986541235218e-12 4.212437746523830915e-12 1.016861979574771027e-11 2.020705040624457773e-11 9.853667202653174501e-12 6.604716137965826221e-12 4.058843624335717193e-12 2.684861707700397295e-12 1.310938761097918117e-12 2.477507655861551433e-13 -3.408346332971015417e-13 -5.129711600878769616e-13 -1.441086410835356392e-13
5.002633154305053684e-12 -1.849988619077097755e-11 -6.506172724179990869e-13 -6.177968113058036215e-12 -7.962845213971481412e-12 -3.424512998642676214e-12 5.253552215330152048e-13 -2.013851450659412769e-12 -2.045954419282142199e-12 -4.574836112147867941e-12 -5.652780903046615032e-12 -5.228798987711882148e-12 -3.910167424935579893e-12 -2.577664483561443743e-13 -8.224654961360206038e-13 5.112307375518913413e-12 9.853667202653174501e-12 1.718908911693092837e-11 1.038453994478451402e-11 5.321322657144363094e-12 2.104195162529827267e-12 5.810356931541652593e-13 -6.128890509856675481e-14 1.829965802168353330e-13 1.004037608117309910e-13 -1.898016240482555879e-13
-6.460753616130954108e-12 -1.490645219849317159e-11 1.493852159094599379e-12 2.147947462655055672e-12 -3.703063052848112822e-12 -7.733424106714898251e-12 4.524022777379876907e-12 -1.360780437321315744e-13 -1.409537718079750823e-12 -3.706951840741646021e-12 -3.968066201942523305e-12 -3.079328185704412761e-12 -1.574481259275553132e-12 1.335608435829587874e-13 7.432818526952717946e-14 5.061865511746750627e-12 6.604716137965826221e-12 1.038453994478451402e-11 1.636108575821927095e-11 9.259821397357362334e-12 4.324116591012311880e-12 2.049604003027926901e-12 1.026033276470610094e-12 -2.851736590046609582e-14 -6.819863509845051935e-13 -3.193418922485489101e-13
-4.005247780744169215e-12 -1.591471015198483910e-11 7.580365682561426372e-15 1.620241780177557094e-12 -8.654362258357983944e-13 4.885393603170359231e-13 3.800761085472271211e-12 -1.702225249624234216e-12 3.283652427267900063e-12 -5.406433597034267581e-12 -3.074468831621939114e-12 -1.051586094002586882e-12 -1.379237829244541245e-12 1.927051119315009587e-12 1.023955605853990209e-12 3.543055791198628292e-12 4.058843624335717193e-12 5.321322657144363094e-12 9.259821397357362334e-12 1.445070331540455516e-11 8.757781617190297433e-12 4.390382139266271473e-12 2.829411926647660232e-12 1.209335071572739659e-12 7.989355046174590285e-14 -6.138647580861734343e-13
-3.565317403707651417e-12 -1.385063747926070858e-11 -1.493432935119475482e-12 3.401712239994074483e-12 -2.235785552951238773e-13 1.016778349785124985e-12 5.833347890766962725e-12 -2.925461139380670436e-12 1.939846312500039128e-12 -4.265934901792450486e-12 -1.908651473251101072e-12 2.088891985959251794e-13 2.560567998445879313e-13 1.764072414535773028e-12 1.236900991751363496e-12 1.482392831208787711e-12 2.684861707700397295e-12 2.104195162529827267e-12 4.324116591012311880e-12 8.757781617190297433e-12 1.391766867766299131e-11 7.676291654877799600e-12 4.188654872260344203e-12 1.583472358523196391e-12 2.908540333298522716e-13 -6.765680638400975251e-13
2.521431308653218413e-12 -8.445630813307997026e-12 1.564888800398573750e-12 1.098759974762622712e-11 -7.295265165375107050e-13 -3.491162013752656985e-12 4.532080016844565247e-12 5.237451060663462818e-13 1.306233607038952429e-12 3.553449509039586228e-13 1.270368274919950265e-12 2.544187839277942989e-12 2.019211548828067959e-12 2.689061064364856943e-12 2.288087939339840138e-12 1.975276854895095568e-12 1.310938761097918117e-12 5.810356931541652593e-13 2.049604003027926901e-12 4.390382139266271473e-12 7.676291654877799600e-12 1.113834396122075533e-11 5.257064550568557443e-12 2.150510054821298860e-12 4.739258247465210372e-13 -6.269031585271857051e-13
1.507974810517443191e-12 -1.052128398001378529e-12 -5.002042789862708087e-12 6.321300433370341570e-12 -5.371936002222906878e-12 7.863078527906695720e-13 -1.955430224628756512e-13 -4.027977659244972226e-12 1.462905123093678355e-12 1.038773247879766083e-13 -6.434532319643123602e-13 -1.119203069952099086e-12 -5.935475697498390561e-13 8.855524763851461344e-14 -6.046262480471666004e-13 8.126637941169688656e-13 2.477507655861551433e-13 -6.128890509856675481e-14 1.026033276470610094e-12 2.829411926647660232e-12 4.188654872260344203e-12 5.257064550568557443e-12 8.103528442902605580e-12 2.773615947279083618e-12 1.284915158600392586e-13 -5.377885187134329288e-13
-1.728352109843667396e-12 2.389849131127072866e-12 2.229899322244214300e-12 1.199094072559346676e-12 -3.348619057480071273e-12 2.725420980739898834e-12 -2.188480891201592941e-12 -1.042986865771836539e-13 3.940607732106574414e-12 2.580396243617230084e-12 -1.766770433630454147e-12 -5.062352848857770366e-13 -1.173026773299831081e-12 9.225269833605797897e-13 -1.157233382487740674e-13 -8.647088274621509412e-13 -3.408346332971015417e-13 1.829965802168353330e-13 -2.851736590046609582e-14 1.209335071572739659e-12 1.583472358523196391e-12 2.150510054821298860e-12 2.773615947279083618e-12 6.036949340907843225e-12 1.832977721742429492e-12 -1.531146683756678906e-13
-4.907214644044326557e-12 -1.236991924705173991e-12 -3.971706052649833903e-12 -7.824116331299459877e-13 -4.402822774441446494e-13 -1.039610034868549722e-12 -1.261682369525362964e-12 1.082760002619020753e-12 1.578180417585284548e-13 8.763320837958312527e-13 -2.839244589280381681e-15 -3.799955668470854534e-13 8.728534891892520309e-14 1.228012381575622290e-12 -5.589245974630495167e-13 -8.523980000280180569e-13 -5.129711600878769616e-13 1.004037608117309910e-13 -6.819863509845051935e-13 7.989355046174590285e-14 2.908540333298522716e-13 4.739258247465210372e-13 1.284915158600392586e-13 1.832977721742429492e-12 4.854240720024153326e-12 1.685385383498958996e-12
-7.483386064377559871e-13 2.954223414084199667e-13 -3.723066395549840753e-12 -4.385114948486939350e-13 -2.266235109335819284e-13 -1.193504854866070986e-12 -9.475808244148724669e-13 3.728967433895435725e-13 -7.617795153388466358e-13 8.596447684746735457e-13 1.029360279794385203e-12 3.199437679603535685e-13 8.714831568222293940e-13 -2.805335073850526742e-13 -5.872900560485163388e-13 -1.307144848639407037e-13 -1.441086410835356392e-13 -1.898016240482555879e-13 -3.193418922485489101e-13 -6.138647580861734343e-13 -6.765680638400975251e-13 -6.269031585271857051e-13 -5.377885187134329288e-13 -1.531146683756678906e-13 1.685385383498958996e-12 3.756285685128596247e-12
