3.173075174433594775e-09 1.607137597236390561e-09 1.054451669320625198e-09 9.477040891060598796e-10 7.578500192803282689e-10 6.082948372150201147e-10 5.124642946306376045e-10 4.376848038207837612e-10 3.279517686791535160e-10 2.510556429045632182e-10 2.351239785708555068e-10 1.749404005036049185e-10 1.763900319452675948e-10 1.727026918274478093e-10 1.722601673047089691e-10 1.418711720518779003e-10 1.189701865086861638e-10 8.483179210977093201e-11 5.099809323076263642e-11 2.684399635344385928e-11 1.695394309035470745e-11 -3.827212778849258114e-12 4.607101209949083964e-12 2.961451997802676786e-11 2.610137532752907294e-11 1.241781802948095265e-11
1.607137597236390561e-09 2.385147413303144379e-09 9.157432052954401617e-10 8.607184939566115573e-10 6.901711253271212424e-10 5.649363988122934468e-10 4.853387789036560000e-10 3.981394508195220189e-10 3.258477623581941290e-10 2.536884186890912714e-10 2.312013244302348884e-10 1.815612742083443233e-10 1.255193860031081224e-10 1.035700200811877086e-10 9.186527180251361389e-11 9.937880633730308882e-11 9.414794045314292227e-11 5.105237544462638958e-11 2.766906831740505784e-11 9.705436713970163302e-12 6.257410229161375843e-12 1.130543529276767158e-11 2.600672932335829913e-11 2.470297358278292719e-11 1.635112333705480862e-11 1.563149394855700920e-11
1.054451669320625198e-09 9.157432052954401617e-10 1.361142444678088964e-09 6.591277718882062908e-10 5.435925941354548757e-10 3.816838592053845569e-10 3.081027552928515296e-10 2.733360534121254979e-10 2.004570842870106265e-10 1.719997275361913506e-10 1.606921828826641875e-10 1.202131912475116240e-10 1.299770598237832672e-10 1.012157398866513343e-10 9.193109650443049157e-11 9.326662656480145116e-11 7.574243636858251637e-11 5.170599469628430446e-11 2.596915148972375100e-11 1.236503432885727441e-11 2.985586388936036373e-12 7.016715895799050643e-12 1.470403520246018829e-11 1.291910789003126624e-11 2.988928332033141640e-12 6.454810683303524164e-12
9.477040891060598796e-10 8.607184939566115573e-10 6.591277718882062908e-10 1.010399775631745209e-09 5.212509355832398412e-10 3.727233781718908761e-10 2.625556545200291233e-10 2.599272963460832086e-10 1.834281668793269779e-10 1.420991221343648951e-10 1.298348890866616228e-10 1.043080618685707771e-10 1.030602651026327271e-10 7.757040528471281832e-11 6.923379464097264945e-11 7.408713484468180215e-11 6.092058365780855973e-11 4.138874326170947369e-11 2.597120578461204303e-11 7.895955435779734132e-12 -5.117297723386688133e-13 8.108063405691731275e-12 1.539202689855755698e-11 1.392135301508327937e-11 4.230984442485491413e-12 4.018847378493886189e-12
7.578500192803282689e-10 6.901711253271212424e-10 5.435925941354548757e-10 5.212509355832398412e-10 7.047845223072808289e-10 3.408231128600432629e-10 2.550440719124248413e-10 2.214638764217930349e-10 1.740634125938922050e-10 1.296762718017430874e-10 1.325786304709118743e-10 8.536777973970484329e-11 8.932606987046768719e-11 6.963679257933781152e-11 6.734892793817607545e-11 7.080342621162352659e-11 6.881785912020058707e-11 5.037198995737990801e-11 2.825043319527333554e-11 1.163756234641858713e-11 1.004621297171897272e-11 5.818876134042390020e-12 3.831385431728809421e-12 1.082457959113896348e-11 1.114212769087233355e-11 6.809278299082267818e-12
6.082948372150201147e-10 5.649363988122934468e-10 3.816838592053845569e-10 3.727233781718908761e-10 3.408231128600432629e-10 4.729275494914200815e-10 2.196258218686007058e-10 1.815394057473191030e-10 1.498481476368940212e-10 1.155184957603257648e-10 1.004729371056673461e-10 6.294472372675429188e-11 5.536957506355357123e-11 4.359072256107340237e-11 4.265314171280979360e-11 4.004310809920684277e-11 3.905775298885209392e-11 3.221936547597687696e-11 1.003118433716785685e-11 1.129634776254394997e-12 1.170860541821030798e-12 1.934290398606201535e-13 4.470304566964718922e-12 7.980782105580162279e-12 5.524934395672910862e-12 8.495517814344254189e-12
5.124642946306376045e-10 4.853387789036560000e-10 3.081027552928515296e-10 2.625556545200291233e-10 2.550440719124248413e-10 2.196258218686007058e-10 3.207493488436292694e-10 1.673061178459823659e-10 1.303726279323975300e-10 1.177072913555648981e-10 9.188720803717903764e-11 7.057742995225807511e-11 5.715919727391143261e-11 4.360326581016514001e-11 4.624830561472793096e-11 4.228594149879690772e-11 3.478199155071429246e-11 2.347569310149563088e-11 1.068914823836581308e-11 1.273639352959831725e-11 2.172430868574693610e-12 -4.915085749539707292e-12 -2.555511125128029349e-12 8.020947445282074614e-12 2.243359297798941704e-12 2.611520445646401035e-12
4.376848038207837612e-10 3.981394508195220189e-10 2.733360534121254979e-10 2.599272963460832086e-10 2.214638764217930349e-10 1.815394057473191030e-10 1.673061178459823659e-10 2.243940034359594711e-10 1.104057834921083178e-10 8.665670389643887269e-11 7.256738653760876320e-11 5.758106063932768967e-11 5.052404753441926716e-11 4.113720860123186960e-11 4.124229508829795470e-11 3.822643240682850731e-11 4.009580975270839817e-11 2.808207107267227410e-11 1.571052495177897229e-11 8.460984997506341885e-12 3.045590340947775978e-12 2.922594193077009577e-12 3.463085492206814154e-12 9.594045032055683265e-12 3.561423987114269146e-12 5.275363207591874648e-12
3.279517686791535160e-10 3.258477623581941290e-10 2.004570842870106265e-10 1.834281668793269779e-10 1.740634125938922050e-10 1.498481476368940212e-10 1.303726279323975300e-10 1.104057834921083178e-10 1.650433870446659984e-10 8.921891166265149492e-11 7.007583768598740846e-11 5.326118027066193772e-11 4.162660670451589419e-11 3.471840079646603080e-11 3.400945479879802518e-11 2.757772680849328660e-11 2.271443365976857679e-11 1.776601405790638461e-11 9.558590737945267111e-12 7.170395140738967296e-12 3.502947295562731159e-12 7.419506274078851163e-14 2.790191236737130818e-12 3.987115264300040908e-12 7.498417538922532008e-13 3.601281924325593022e-12
2.510556429045632182e-10 2.536884186890912714e-10 1.719997275361913506e-10 1.420991221343648951e-10 1.296762718017430874e-10 1.155184957603257648e-10 1.177072913555648981e-10 8.665670389643887269e-11 8.921891166265149492e-11 1.239428052325271113e-10 7.329309324873884049e-11 5.189485286274165386e-11 3.738090015346256075e-11 3.157462073750833909e-11 3.064929298355507212e-11 2.416842114622472222e-11 1.811886358925043358e-11 1.430183283432560906e-11 7.467561831731156368e-12 1.745168689308269905e-12 8.127134862747593883e-13 5.618686002550022614e-13 2.546218190782832356e-13 7.588664487794402248e-13 1.633563886031459347e-12 5.207152350118158211e-12
2.351239785708555068e-10 2.312013244302348884e-10 1.606921828826641875e-10 1.298348890866616228e-10 1.325786304709118743e-10 1.004729371056673461e-10 9.188720803717903764e-11 7.256738653760876320e-11 7.007583768598740846e-11 7.329309324873884049e-11 9.981227629805243027e-11 6.043098380713440454e-11 4.061053588630883447e-11 3.003427301461075282e-11 2.919122074935106400e-11 2.965867639465866471e-11 2.237873538503587438e-11 1.772643616825751669e-11 9.161370275163313974e-12 4.982384298387071395e-12 6.242552655492307416e-12 4.425012937565250357e-12 2.400516434008849810e-12 1.723006163674683259e-12 2.112325718565423511e-12 6.531675746350744359e-12
1.749404005036049185e-10 1.815612742083443233e-10 1.202131912475116240e-10 1.043080618685707771e-10 8.536777973970484329e-11 6.294472372675429188e-11 7.057742995225807511e-11 5.758106063932768967e-11 5.326118027066193772e-11 5.189485286274165386e-11 6.043098380713440454e-11 8.089498288919170466e-11 4.801353843889041802e-11 3.567142878031889382e-11 3.093908418963564006e-11 2.467196226577850321e-11 1.710452172462569400e-11 1.487634186168793711e-11 8.976065781433774176e-12 3.286867679530895921e-12 7.902150541729764753e-12 5.960109204255730836e-12 5.175132936980231350e-12 5.159029869371670462e-12 1.574644983034564513e-12 4.652282795652172340e-12
1.763900319452675948e-10 1.255193860031081224e-10 1.299770598237832672e-10 1.030602651026327271e-10 8.932606987046768719e-11 5.536957506355357123e-11 5.715919727391143261e-11 5.052404753441926716e-11 4.162660670451589419e-11 3.738090015346256075e-11 4.061053588630883447e-11 4.801353843889041802e-11 6.106578865874963145e-11 3.784150460954752996e-11 3.096082977174734542e-11 2.137714902377954619e-11 1.579445814770477845e-11 1.388494510612205875e-11 9.673224936925135199e-12 3.306112729200927914e-12 2.009704564946150804e-12 2.850599234783685033e-12 4.772715913880415351e-12 6.312825971006027045e-12 1.981972321953100827e-12 3.263496239308943255e-12
1.727026918274478093e-10 1.035700200811877086e-10 1.012157398866513343e-10 7.757040528471281832e-11 6.963679257933781152e-11 4.359072256107340237e-11 4.360326581016514001e-11 4.113720860123186960e-11 3.471840079646603080e-11 3.157462073750833909e-11 3.003427301461075282e-11 3.567142878031889382e-11 3.784150460954752996e-11 5.039965366244090032e-11 3.686336104411271239e-11 2.350381430594082838e-11 1.423767806067126933e-11 1.038741695893595061e-11 7.287827755904490711e-12 2.046540418486106687e-12 9.377871925855352621e-13 7.956109295919102138e-13 2.225422787147793944e-12 5.726140064692999702e-12 1.568268508124300883e-12 2.291991733676849973e-12
1.722601673047089691e-10 9.186527180251361389e-11 9.193109650443049157e-11 6.923379464097264945e-11 6.734892793817607545e-11 4.265314171280979360e-11 4.624830561472793096e-11 4.124229508829795470e-11 3.400945479879802518e-11 3.064929298355507212e-11 2.919122074935106400e-11 3.093908418963564006e-11 3.096082977174734542e-11 3.686336104411271239e-11 5.184156088595330190e-11 3.849944005276841297e-11 2.653978503676115839e-11 1.825518379607565357e-11 1.111567899980919227e-11 4.294456135385600794e-12 4.204611631663882047e-12 6.916198059736314294e-13 -2.526056805051332510e-13 1.800730165135333853e-12 2.384357708001335468e-13 3.080425407915546344e-12
1.418711720518779003e-10 9.937880633730308882e-11 9.326662656480145116e-11 7.408713484468180215e-11 7.080342621162352659e-11 4.004310809920684277e-11 4.228594149879690772e-11 3.822643240682850731e-11 2.757772680849328660e-11 2.416842114622472222e-11 2.965867639465866471e-11 2.467196226577850321e-11 2.137714902377954619e-11 2.350381430594082838e-11 3.849944005276841297e-11 5.034615026630493676e-11 3.559477458723471617e-11 2.449420971955412430e-11 1.391323739052187849e-11 6.255270485286634460e-12 8.826550734151456366e-12 3.031014776647938010e-12 -3.497089351064153948e-13 -4.925333992953822363e-13 3.352066910456476962e-13 3.177261349430725362e-12
1.189701865086861638e-10 9.414794045314292227e-11 7.574243636858251637e-11 6.092058365780855973e-11 6.881785912020058707e-11 3.905775298885209392e-11 3.478199155071429246e-11 4.009580975270839817e-11 2.271443365976857679e-11 1.811886358925043358e-11 2.237873538503587438e-11 1.710452172462569400e-11 1.579445814770477845e-11 1.423767806067126933e-11 2.653978503676115839e-11 3.559477458723471617e-11 4.609618117333782363e-11 3.523802057562252900e-11 1.859223801688591640e-11 1.020363992480140828e-11 1.063696106157031660e-11 5.999525362956543651e-12 -7.727529527070450865e-13 1.412594597295077363e-12 1.180884605132163899e-12 3.034396449405996317e-12
8.483179210977093201e-11 5.105237544462638958e-11 5.170599469628430446e-11 4.138874326170947369e-11 5.037198995737990801e-11 3.221936547597687696e-11 2.347569310149563088e-11 2.808207107267227410e-11 1.776601405790638461e-11 1.430183283432560906e-11 1.772643616825751669e-11 1.487634186168793711e-11 1.388494510612205875e-11 1.038741695893595061e-11 1.825518379607565357e-11 2.449420971955412430e-11 3.523802057562252900e-11 4.792543490853172268e-11 3.030908201365230892e-11 1.678688357869660160e-11 1.575209863233840017e-11 8.749552521393225812e-12 -1.343235778246953530e-12 2.442218790755040301e-12 1.828470462944506633e-12 2.555698924502006465e-12
5.099809323076263642e-11 2.766906831740505784e-11 2.596915148972375100e-11 2.597120578461204303e-11 2.825043319527333554e-11 1.003118433716785685e-11 1.068914823836581308e-11 1.571052495177897229e-11 9.558590737945267111e-12 7.467561831731156368e-12 9.161370275163313974e-12 8.976065781433774176e-12 9.673224936925135199e-12 7.287827755904490711e-12 1.111567899980919227e-11 1.391323739052187849e-11 1.859223801688591640e-11 3.030908201365230892e-11 3.828697402566704188e-11 2.576487878277902587e-11 1.777957961786201721e-11 1.224965296345936079e-11 5.172647613613088252e-12 4.900348355061917695e-12 1.743532924041762571e-12 2.233948150304412644e-13
2.684399635344385928e-11 9.705436713970163302e-12 1.236503432885727441e-11 7.895955435779734132e-12 1.163756234641858713e-11 1.129634776254394997e-12 1.273639352959831725e-11 8.460984997506341885e-12 7.170395140738967296e-12 1.745168689308269905e-12 4.982384298387071395e-12 3.286867679530895921e-12 3.306112729200927914e-12 2.046540418486106687e-12 4.294456135385600794e-12 6.255270485286634460e-12 1.020363992480140828e-11 1.678688357869660160e-11 2.576487878277902587e-11 3.537786621244250330e-11 2.641388349369158959e-11 1.646941415697128935e-11 8.549796921259612481e-12 5.351879162894977059e-12 -9.017186432838388352e-13 -2.043645387872273527e-12
1.695394309035470745e-11 6.257410229161375843e-12 2.985586388936036373e-12 -5.117297723386688133e-13 1.004621297171897272e-11 1.170860541821030798e-12 2.172430868574693610e-12 3.045590340947775978e-12 3.502947295562731159e-12 8.127134862747593883e-13 6.242552655492307416e-12 7.902150541729764753e-12 2.009704564946150804e-12 9.377871925855352621e-13 4.204611631663882047e-12 8.826550734151456366e-12 1.063696106157031660e-11 1.575209863233840017e-11 1.777957961786201721e-11 2.641388349369158959e-11 3.905970022554968352e-11 2.364664866284157152e-11 1.113883322739942715e-11 6.433118291477226332e-12 2.406687110800920198e-12 1.884988216912998982e-13
-3.827212778849258114e-12 1.130543529276767158e-11 7.016715895799050643e-12 8.108063405691731275e-12 5.818876134042390020e-12 1.934290398606201535e-13 -4.915085749539707292e-12 2.922594193077009577e-12 7.419506274078851163e-14 5.618686002550022614e-13 4.425012937565250357e-12 5.960109204255730836e-12 2.850599234783685033e-12 7.956109295919102138e-13 6.916198059736314294e-13 3.031014776647938010e-12 5.999525362956543651e-12 8.749552521393225812e-12 1.224965296345936079e-11 1.646941415697128935e-11 2.364664866284157152e-11 3.274800803976576806e-11 1.835333659241550047e-11 9.627838614214455317e-12 4.180718469151992114e-12 3.448621473139058732e-15
4.607101209949083964e-12 2.600672932335829913e-11 1.470403520246018829e-11 1.539202689855755698e-11 3.831385431728809421e-12 4.470304566964718922e-12 -2.555511125128029349e-12 3.463085492206814154e-12 2.790191236737130818e-12 2.546218190782832356e-13 2.400516434008849810e-12 5.175132936980231350e-12 4.772715913880415351e-12 2.225422787147793944e-12 -2.526056805051332510e-13 -3.497089351064153948e-13 -7.727529527070450865e-13 -1.343235778246953530e-12 5.172647613613088252e-12 8.549796921259612481e-12 1.113883322739942715e-11 1.835333659241550047e-11 2.917205725460941673e-11 1.509417054968310421e-11 2.871100598474149136e-12 1.045181797904868663e-13
2.961451997802676786e-11 2.470297358278292719e-11 1.291910789003126624e-11 1.392135301508327937e-11 1.082457959113896348e-11 7.980782105580162279e-12 8.020947445282074614e-12 9.594045032055683265e-12 3.987115264300040908e-12 7.588664487794402248e-13 1.723006163674683259e-12 5.159029869371670462e-12 6.312825971006027045e-12 5.726140064692999702e-12 1.800730165135333853e-12 -4.925333992953822363e-13 1.412594597295077363e-12 2.442218790755040301e-12 4.900348355061917695e-12 5.351879162894977059e-12 6.433118291477226332e-12 9.627838614214455317e-12 1.509417054968310421e-11 1.992795651706583043e-11 4.491048529865376893e-12 5.275670867751353058e-13
2.610137532752907294e-11 1.635112333705480862e-11 2.988928332033141640e-12 4.230984442485491413e-12 1.114212769087233355e-11 5.524934395672910862e-12 2.243359297798941704e-12 3.561423987114269146e-12 7.498417538922532008e-13 1.633563886031459347e-12 2.112325718565423511e-12 1.574644983034564513e-12 1.981972321953100827e-12 1.568268508124300883e-12 2.384357708001335468e-13 3.352066910456476962e-13 1.180884605132163899e-12 1.828470462944506633e-12 1.743532924041762571e-12 -9.017186432838388352e-13 2.406687110800920198e-12 4.180718469151992114e-12 2.871100598474149136e-12 4.491048529865376893e-12 1.289386620818761717e-11 5.772933126250264014e-12
1.241781802948095265e-11 1.563149394855700920e-11 6.454810683303524164e-12 4.018847378493886189e-12 6.809278299082267818e-12 8.495517814344254189e-12 2.611520445646401035e-12 5.275363207591874648e-12 3.601281924325593022e-12 5.207152350118158211e-12 6.531675746350744359e-12 4.652282795652172340e-12 3.263496239308943255e-12 2.291991733676849973e-12 3.080425407915546344e-12 3.177261349430725362e-12 3.034396449405996317e-12 2.555698924502006465e-12 2.233948150304412644e-13 -2.043645387872273527e-12 1.884988216912998982e-13 3.448621473139058732e-15 1.045181797904868663e-13 5.275670867751353058e-13 5.772933126250264014e-12 1.185470147335786918e-11
