2.137579291721120404e-09 2.485259296652959279e-10 2.039519545419463593e-10 4.929531775363942701e-11 -5.707185987701891993e-11 2.591902236000781478e-11 -7.600724643241418829e-12 -1.259803810645890130e-11 -3.982193251910312108e-12 1.015679363931590667e-11 6.887753513602429826e-11 4.919366996630080315e-11 3.680545233863579874e-11 4.514273092449510718e-11 2.115029148323570783e-11 2.512782882301189170e-11 2.481281132885753369e-11 1.380002920662392266e-11 4.552368523387076439e-12 -1.726843173048441178e-11 -2.500287919890594916e-11 -2.404116523403162232e-12 -1.280964695767088557e-11 3.672373018644936306e-12 -6.340419774691649877e-12 3.759254683599807910e-12
2.485259296652959279e-10 1.734576920419830920e-09 1.353541086280670168e-10 1.480916430840485047e-10 1.680833839432613987e-10 8.070337717764260151e-11 1.152386204493402372e-10 1.555603287306220092e-11 2.949736742490962050e-11 7.743753336506227620e-12 2.591093358988210789e-11 -1.437741647615964616e-11 2.362837588150638013e-11 3.539148637859469047e-11 1.249879988073102711e-11 2.706978351515638613e-11 3.001830880987582855e-11 1.863968670422723849e-11 2.029711149740652079e-11 1.985713838841560273e-11 -1.094351473700812641e-11 -1.468219168068615971e-11 -1.535931916215832912e-11 2.298115846629158965e-12 8.634719553026430031e-12 -1.434715717469518275e-12
2.039519545419463593e-10 1.353541086280670168e-10 1.014057505765584879e-09 1.603071718788103979e-10 4.682376818779130882e-11 4.674555734691184021e-11 4.704284612436314910e-11 1.547336273392338350e-12 5.032365784647434664e-11 2.738292628479853617e-11 2.497529070261867237e-11 8.377808805142595941e-12 1.583030503937759072e-11 1.207009557419307512e-11 -3.384789465680429334e-12 -7.728980675968302993e-12 -1.186902848677256442e-11 -7.021280911695756957e-12 -7.242767691598136414e-12 -8.995661915874198112e-12 -6.636771148295832303e-12 -5.354635265510218073e-12 2.322001370285158949e-12 -1.045094497457626092e-11 -2.677518558259625463e-12 6.260632075398515402e-12
4.929531775363942701e-11 1.480916430840485047e-10 1.603071718788103979e-10 6.043757663472900578e-10 8.185797556834369135e-11 6.991823647075915480e-11 5.743099349914738099e-11 1.194330665721342733e-11 4.441883400670508642e-11 2.164070232258547574e-11 2.204655155218687701e-11 1.845232491467560203e-11 1.840499868518905253e-11 1.951750966338629890e-11 7.065329217860680573e-12 -4.259708748486489212e-13 1.047717519871475525e-11 4.869773036866762036e-14 -4.861714142418853197e-12 -2.782389799544565691e-12 1.131298734035443179e-12 1.008853200667898259e-11 9.207434884708906084e-12 5.417657089941574125e-13 1.495496141813992495e-12 -4.060282271316999974e-12
-5.707185987701891993e-11 1.680833839432613987e-10 4.682376818779130882e-11 8.185797556834369135e-11 4.055285866929117174e-10 3.957920436245376161e-11 4.431993846255119613e-11 3.758422514107500605e-12 4.048567373312470694e-11 1.417122758683005096e-11 1.741117503390792426e-11 1.268097548457343315e-11 2.019051362668910790e-12 3.169055460092914954e-12 4.863221882369323222e-12 1.274173873417213634e-11 9.829645204632434665e-12 5.167671750454838803e-12 4.525552497221432535e-12 1.204610508271377207e-11 9.289414649335480693e-12 -5.256882843037917387e-12 3.678587346852806440e-12 6.986723857990557186e-12 -3.884158130548805107e-12 -2.093017351924679231e-12
2.591902236000781478e-11 8.070337717764260151e-11 4.674555734691184021e-11 6.991823647075915480e-11 3.957920436245376161e-11 3.246414074499590282e-10 5.681107183302238171e-11 2.093377207057134241e-11 2.058246621366283002e-11 1.680949085887326638e-11 1.625733937403558204e-11 1.274018836553553265e-11 9.237134548630711187e-12 1.815834547845525800e-13 5.649559266568833770e-13 5.229045398791372792e-12 8.506723454549275566e-12 1.717658970697438813e-12 1.237041862076988006e-12 4.548208792503526840e-12 -1.086248361635907871e-12 2.864562583219061180e-12 1.887181484166241293e-12 -1.056692046161727857e-12 5.265693386978548945e-12 -7.349620892889603572e-13
-7.600724643241418829e-12 1.152386204493402372e-10 4.704284612436314910e-11 5.743099349914738099e-11 4.431993846255119613e-11 5.681107183302238171e-11 2.215457277598445649e-10 2.382189343780667030e-11 2.587356466861930055e-11 6.678115976818295177e-12 5.425970350371369715e-12 -7.488963829378020015e-12 6.763175751591675471e-12 7.803846769903006638e-12 -1.434594593611943107e-12 1.615398994299258618e-12 4.128484654733521317e-12 2.291994949547210542e-12 -4.414228525016012710e-12 -8.819736849143250850e-12 -7.282856413203561012e-12 -1.092817485085652558e-11 -4.419701232687239585e-12 -3.568426716094789711e-12 -4.470528925126430317e-12 -2.974075161272048280e-13
-1.259803810645890130e-11 1.555603287306220092e-11 1.547336273392338350e-12 1.194330665721342733e-11 3.758422514107500605e-12 2.093377207057134241e-11 2.382189343780667030e-11 1.390037338380630406e-10 2.033379528483495792e-11 5.085424508523728390e-12 4.780776459153537969e-12 1.184111411331236343e-11 -6.431794446354322968e-13 2.813065437006062648e-13 -4.397844161284112101e-12 3.615090518459793087e-12 6.871152433095466452e-12 2.686407462335341187e-12 2.839811077520504960e-12 -2.080179164816978081e-13 -4.854057278773049524e-12 -4.832942698869150547e-12 -6.851872299530544387e-12 1.967042106315671064e-12 5.753455067501158197e-12 1.494159712052573445e-12
-3.982193251910312108e-12 2.949736742490962050e-11 5.032365784647434664e-11 4.441883400670508642e-11 4.048567373312470694e-11 2.058246621366283002e-11 2.587356466861930055e-11 2.033379528483495792e-11 1.131331817145770156e-10 2.713249018269617701e-11 2.011804619833619134e-11 1.824320619343384272e-11 1.517484547565215832e-11 1.484136700689283272e-11 9.457465120650852463e-12 4.623458988801229817e-12 9.899091876333333814e-12 8.389793789550374452e-12 1.045255309839333020e-13 -3.011437592254597165e-12 -6.198160178896314335e-12 -4.725326180488822622e-12 -6.398552440393850203e-13 6.424064901423476652e-13 -6.218435855748916702e-13 3.772901976859489231e-13
1.015679363931590667e-11 7.743753336506227620e-12 2.738292628479853617e-11 2.164070232258547574e-11 1.417122758683005096e-11 1.680949085887326638e-11 6.678115976818295177e-12 5.085424508523728390e-12 2.713249018269617701e-11 8.835908266700368409e-11 2.865060513550337669e-11 2.181094168623169920e-11 1.049778336976912150e-11 9.981658592963748163e-12 7.512084919513866003e-12 8.152590879322709566e-12 2.705553091660754108e-12 -1.097159164296056359e-13 -1.004944784490984204e-12 -7.654852463485660067e-12 -9.175778436823891942e-12 -3.326772056615411626e-12 -5.500360789853300420e-12 -2.369253228153135018e-12 -5.506593339878377889e-13 -2.196746136041597879e-12
6.887753513602429826e-11 2.591093358988210789e-11 2.497529070261867237e-11 2.204655155218687701e-11 1.741117503390792426e-11 1.625733937403558204e-11 5.425970350371369715e-12 4.780776459153537969e-12 2.011804619833619134e-11 2.865060513550337669e-11 4.993146010997858531e-11 2.091293284489601800e-11 1.235230368018105454e-11 9.016609798680339329e-12 7.740990650639320634e-12 3.020694289023749666e-12 -5.927317680565651129e-13 -9.114013568606512534e-13 -5.513334753058946455e-14 -1.195638148446264897e-12 -3.939153788382686125e-12 -2.991237387842194069e-12 -2.570876779349171271e-12 -7.729027958105545310e-13 -1.764662170367037240e-12 -2.367707180445917037e-12
4.919366996630080315e-11 -1.437741647615964616e-11 8.377808805142595941e-12 1.845232491467560203e-11 1.268097548457343315e-11 1.274018836553553265e-11 -7.488963829378020015e-12 1.184111411331236343e-11 1.824320619343384272e-11 2.181094168623169920e-11 2.091293284489601800e-11 4.998875050830210738e-11 2.142151166635129984e-11 1.338299275373381784e-11 8.197797893232035759e-12 4.938937514944005018e-12 6.748579367987709593e-12 3.733134617642138495e-12 3.491521138887527118e-12 -1.013644794010889505e-12 -3.689805870116883897e-12 -1.353494536953971045e-12 -7.948315193336337048e-13 -4.609738596499890963e-13 6.459048183353955687e-13 1.850170470665442781e-13
3.680545233863579874e-11 2.362837588150638013e-11 1.583030503937759072e-11 1.840499868518905253e-11 2.019051362668910790e-12 9.237134548630711187e-12 6.763175751591675471e-12 -6.431794446354322968e-13 1.517484547565215832e-11 1.049778336976912150e-11 1.235230368018105454e-11 2.142151166635129984e-11 4.739670108241892677e-11 2.658132845532059988e-11 1.921712292386253465e-11 1.225095819519421989e-11 9.704244786656598281e-12 5.629695073066534907e-12 2.242812463004276868e-12 -1.281573736457264216e-12 -7.019934769406748371e-12 -4.088415710754085886e-12 -7.679344821321355181e-13 4.011315335028010575e-13 2.174537806022887917e-12 -3.155311990990243710e-13
4.514273092449510718e-11 3.539148637859469047e-11 1.207009557419307512e-11 1.951750966338629890e-11 3.169055460092914954e-12 1.815834547845525800e-13 7.803846769903006638e-12 2.813065437006062648e-13 1.484136700689283272e-11 9.981658592963748163e-12 9.016609798680339329e-12 1.338299275373381784e-11 2.658132845532059988e-11 4.600272604231407479e-11 2.392099935491563063e-11 1.650449855782156640e-11 9.811568946860670815e-12 5.860912357477843255e-12 6.604835016291645582e-12 6.461758239748479577e-13 -6.521640162546221302e-12 -2.191536677937549252e-12 2.109032014508620610e-12 4.773937316538572840e-13 8.156889783228056695e-13 8.724642408612957991e-13
2.115029148323570783e-11 1.249879988073102711e-11 -3.384789465680429334e-12 7.065329217860680573e-12 4.863221882369323222e-12 5.649559266568833770e-13 -1.434594593611943107e-12 -4.397844161284112101e-12 9.457465120650852463e-12 7.512084919513866003e-12 7.740990650639320634e-12 8.197797893232035759e-12 1.921712292386253465e-11 2.392099935491563063e-11 3.545305314650916622e-11 2.026510687307006978e-11 1.303243061378676142e-11 8.036650661887665486e-12 6.548152886804374803e-12 1.721475405799921280e-12 -1.400211878638748350e-12 5.021327582902179363e-13 1.068768123781612462e-12 1.119213345117412902e-12 -5.562943604856915550e-13 -1.470054694613827445e-12
2.512782882301189170e-11 2.706978351515638613e-11 -7.728980675968302993e-12 -4.259708748486489212e-13 1.274173873417213634e-11 5.229045398791372792e-12 1.615398994299258618e-12 3.615090518459793087e-12 4.623458988801229817e-12 8.152590879322709566e-12 3.020694289023749666e-12 4.938937514944005018e-12 1.225095819519421989e-11 1.650449855782156640e-11 2.026510687307006978e-11 3.784997518142040778e-11 2.251460891915045549e-11 1.467260098411534220e-11 1.006369164642161228e-11 1.675328722712936647e-12 -5.677608140643293611e-13 1.144785979839562256e-12 1.464771518464181528e-12 2.742773567691657419e-12 -5.583808992061586478e-13 6.769436811648667833e-13
2.481281132885753369e-11 3.001830880987582855e-11 -1.186902848677256442e-11 1.047717519871475525e-11 9.829645204632434665e-12 8.506723454549275566e-12 4.128484654733521317e-12 6.871152433095466452e-12 9.899091876333333814e-12 2.705553091660754108e-12 -5.927317680565651129e-13 6.748579367987709593e-12 9.704244786656598281e-12 9.811568946860670815e-12 1.303243061378676142e-11 2.251460891915045549e-11 3.611266357496849178e-11 2.203016951010596739e-11 1.051046025682239684e-11 3.651823036834665090e-12 -5.123188238503741563e-13 -1.150433730256679787e-12 3.860206536941356311e-13 2.460166303930382903e-12 1.032640953062244108e-12 6.501541562431384879e-13
1.380002920662392266e-11 1.863968670422723849e-11 -7.021280911695756957e-12 4.869773036866762036e-14 5.167671750454838803e-12 1.717658970697438813e-12 2.291994949547210542e-12 2.686407462335341187e-12 8.389793789550374452e-12 -1.097159164296056359e-13 -9.114013568606512534e-13 3.733134617642138495e-12 5.629695073066534907e-12 5.860912357477843255e-12 8.036650661887665486e-12 1.467260098411534220e-11 2.203016951010596739e-11 3.290357736245119062e-11 1.869634052969867727e-11 7.320854352400058831e-12 1.083640494854659417e-12 2.479570115876494987e-13 1.331211547760735876e-12 2.704438397878898904e-12 -7.064669301149044976e-13 6.077958777994545868e-13
4.552368523387076439e-12 2.029711149740652079e-11 -7.242767691598136414e-12 -4.861714142418853197e-12 4.525552497221432535e-12 1.237041862076988006e-12 -4.414228525016012710e-12 2.839811077520504960e-12 1.045255309839333020e-13 -1.004944784490984204e-12 -5.513334753058946455e-14 3.491521138887527118e-12 2.242812463004276868e-12 6.604835016291645582e-12 6.548152886804374803e-12 1.006369164642161228e-11 1.051046025682239684e-11 1.869634052969867727e-11 2.973747378804834630e-11 1.739733873643632807e-11 6.407923617582438495e-12 6.033664341395832510e-12 3.830558515560476316e-12 2.130778683312478912e-12 -6.086871885206876589e-13 7.887914519103878048e-13
-1.726843173048441178e-11 1.985713838841560273e-11 -8.995661915874198112e-12 -2.782389799544565691e-12 1.204610508271377207e-11 4.548208792503526840e-12 -8.819736849143250850e-12 -2.080179164816978081e-13 -3.011437592254597165e-12 -7.654852463485660067e-12 -1.195638148446264897e-12 -1.013644794010889505e-12 -1.281573736457264216e-12 6.461758239748479577e-13 1.721475405799921280e-12 1.675328722712936647e-12 3.651823036834665090e-12 7.320854352400058831e-12 1.739733873643632807e-11 3.417548461785611799e-11 1.784196150548822835e-11 9.926530429615807925e-12 6.385360677393746544e-12 1.546692213761380975e-12 7.966973705181926912e-14 -4.458709689616878465e-14
-2.500287919890594916e-11 -1.094351473700812641e-11 -6.636771148295832303e-12 1.131298734035443179e-12 9.289414649335480693e-12 -1.086248361635907871e-12 -7.282856413203561012e-12 -4.854057278773049524e-12 -6.198160178896314335e-12 -9.175778436823891942e-12 -3.939153788382686125e-12 -3.689805870116883897e-12 -7.019934769406748371e-12 -6.521640162546221302e-12 -1.400211878638748350e-12 -5.677608140643293611e-13 -5.123188238503741563e-13 1.083640494854659417e-12 6.407923617582438495e-12 1.784196150548822835e-11 2.943535446715766049e-11 1.687959038835081564e-11 9.293331299225199840e-12 3.009329532426270616e-12 -6.327554878990133099e-13 -5.770574495450128069e-13
-2.404116523403162232e-12 -1.468219168068615971e-11 -5.354635265510218073e-12 1.008853200667898259e-11 -5.256882843037917387e-12 2.864562583219061180e-12 -1.092817485085652558e-11 -4.832942698869150547e-12 -4.725326180488822622e-12 -3.326772056615411626e-12 -2.991237387842194069e-12 -1.353494536953971045e-12 -4.088415710754085886e-12 -2.191536677937549252e-12 5.021327582902179363e-13 1.144785979839562256e-12 -1.150433730256679787e-12 2.479570115876494987e-13 6.033664341395832510e-12 9.926530429615807925e-12 1.687959038835081564e-11 2.596887735778181631e-11 1.365880808549235040e-11 3.740282104898180181e-12 6.335241235316545178e-14 -7.999772273913517906e-13
-1.280964695767088557e-11 -1.535931916215832912e-11 2.322001370285158949e-12 9.207434884708906084e-12 3.678587346852806440e-12 1.887181484166241293e-12 -4.419701232687239585e-12 -6.851872299530544387e-12 -6.398552440393850203e-13 -5.500360789853300420e-12 -2.570876779349171271e-12 -7.948315193336337048e-13 -7.679344821321355181e-13 2.109032014508620610e-12 1.068768123781612462e-12 1.464771518464181528e-12 3.860206536941356311e-13 1.331211547760735876e-12 3.830558515560476316e-12 6.385360677393746544e-12 9.293331299225199840e-12 1.365880808549235040e-11 2.149170066491550045e-11 7.721998920466873941e-12 1.017974862943966710e-12 -3.059017668298634835e-14
3.672373018644936306e-12 2.298115846629158965e-12 -1.045094497457626092e-11 5.417657089941574125e-13 6.986723857990557186e-12 -1.056692046161727857e-12 -3.568426716094789711e-12 1.967042106315671064e-12 6.424064901423476652e-13 -2.369253228153135018e-12 -7.729027958105545310e-13 -4.609738596499890963e-13 4.011315335028010575e-13 4.773937316538572840e-13 1.119213345117412902e-12 2.742773567691657419e-12 2.460166303930382903e-12 2.704438397878898904e-12 2.130778683312478912e-12 1.546692213761380975e-12 3.009329532426270616e-12 3.740282104898180181e-12 7.721998920466873941e-12 1.196301621421974796e-11 2.646231121376267510e-12 -5.714093442426604834e-13
-6.340419774691649877e-12 8.634719553026430031e-12 -2.677518558259625463e-12 1.495496141813992495e-12 -3.884158130548805107e-12 5.265693386978548945e-12 -4.470528925126430317e-12 5.753455067501158197e-12 -6.218435855748916702e-13 -5.506593339878377889e-13 -1.764662170367037240e-12 6.459048183353955687e-13 2.174537806022887917e-12 8.156889783228056695e-13 -5.562943604856915550e-13 -5.583808992061586478e-13 1.032640953062244108e-12 -7.064669301149044976e-13 -6.086871885206876589e-13 7.966973705181926912e-14 -6.327554878990133099e-13 6.335241235316545178e-14 1.017974862943966710e-12 2.646231121376267510e-12 9.856161049914450703e-12 2.097119950951197752e-12
3.759254683599807910e-12 -1.434715717469518275e-12 6.260632075398515402e-12 -4.060282271316999974e-12 -2.093017351924679231e-12 -7.349620892889603572e-13 -2.974075161272048280e-13 1.494159712052573445e-12 3.772901976859489231e-13 -2.196746136041597879e-12 -2.367707180445917037e-12 1.850170470665442781e-13 -3.155311990990243710e-13 8.724642408612957991e-13 -1.470054694613827445e-12 6.769436811648667833e-13 6.501541562431384879e-13 6.077958777994545868e-13 7.887914519103878048e-13 -4.458709689616878465e-14 -5.770574495450128069e-13 -7.999772273913517906e-13 -3.059017668298634835e-14 -5.714093442426604834e-13 2.097119950951197752e-12 6.684815010717426722e-12
