2.005095296917253144e-09 1.817861221887423212e-10 5.063852415842581860e-11 8.868726574539497524e-11 4.598577023722773721e-11 4.342529538410428719e-11 1.002326210254853281e-11 -2.220854003242993318e-11 -1.446015983399067005e-11 2.367116221354592379e-12 -1.213667860138505571e-11 6.577867386451549611e-12 1.024516838541672617e-11 1.533235996491136910e-11 4.168692306662850125e-11 3.506748636149147051e-11 2.524180611837976624e-11 2.354989653692045746e-11 1.155608223671279128e-11 5.459335158180084061e-12 -7.929541580387945788e-12 -2.581991191578830131e-11 -1.965073862873639133e-11 -1.009139604438090448e-11 -1.121124407748825311e-12 -1.815634921749887643e-12
1.817861221887423212e-10 1.344930082000730670e-09 2.028619366290265410e-10 -1.435851817873995764e-11 9.624067103102169139e-11 6.313680895966720574e-12 -3.005428640551319262e-11 3.389850897224644835e-11 1.796062586976335100e-11 1.882132595677776347e-11 3.345171646266120645e-11 4.067562127693475792e-11 1.022387716003444423e-11 6.284318235049558434e-12 -2.094832274409051075e-11 1.363997766667734537e-12 7.128698188618605744e-12 6.966027078440069566e-13 5.542551479503005343e-12 9.254471419872361364e-12 1.581833606139775152e-11 2.291959196653067503e-12 -7.447995869446087842e-12 -5.739534419960331447e-12 5.101274733238754881e-12 7.235621875304191724e-12
5.063852415842581860e-11 2.028619366290265410e-10 8.946637152745032936e-10 5.276539960044604693e-11 2.545701122590549568e-11 7.263127716246576152e-11 4.890905188708405394e-11 4.351940506989751239e-11 3.976632999334804278e-11 3.083164554792490117e-11 2.700303082814123248e-11 2.360760533401090770e-11 3.450589637541212269e-11 9.364182856776130917e-12 3.110151969226112474e-12 3.481594394100115325e-12 -4.078443787344006078e-12 5.477507821980403739e-13 3.082978131683061552e-12 -6.774762212215284239e-13 6.009724347596077078e-12 3.998628031779640527e-12 -6.057467145335133926e-12 -2.853307978795629846e-12 4.820680628285199270e-13 -3.605746595115965908e-12
8.868726574539497524e-11 -1.435851817873995764e-11 5.276539960044604693e-11 6.642280798907302876e-10 1.242400670733175886e-10 2.806697017746457132e-11 2.497870205008127307e-11 1.672435986080820962e-11 -1.842807106970994095e-11 3.714771874992966910e-11 7.543441693665058470e-12 6.872221601761770394e-13 1.149785536370767944e-12 -3.295829103907858080e-12 -1.203889738629718976e-12 -1.538307835314485322e-12 2.628651632937719914e-12 6.933000657899994918e-12 3.356857104186020432e-12 5.061741480406509273e-12 1.055376988845573986e-11 3.091257770368878511e-12 -2.114763314134354664e-12 -3.994109429658524199e-13 3.706698261463834462e-12 5.875132462546215522e-13
4.598577023722773721e-11 9.624067103102169139e-11 2.545701122590549568e-11 1.242400670733175886e-10 4.196152351098165659e-10 6.310475076110729534e-11 3.327732018468465193e-11 1.287195902896034595e-11 1.558122826031469590e-11 3.291150990434571788e-11 2.383636851792390051e-12 -1.125137014181670183e-12 -2.892752453364594268e-12 6.625771069899836749e-12 7.236588931087555091e-12 -5.549282422013870461e-12 -1.022832145041869416e-11 -4.921112933944427044e-12 1.082203231256999794e-11 7.866192929761682665e-12 -1.042124780128135829e-12 4.450929469846508070e-12 -1.976942346315016797e-13 -2.988203616808496534e-13 -1.615046862132540438e-12 7.716840160307788368e-13
4.342529538410428719e-11 6.313680895966720574e-12 7.263127716246576152e-11 2.806697017746457132e-11 6.310475076110729534e-11 2.547222262336559364e-10 4.220950476507363692e-11 2.632164312158725343e-11 2.044816559420898485e-11 1.145314700196265302e-11 -3.106500680678341386e-12 -5.034982048898270943e-13 -1.523092775374917908e-12 -4.730368744273619918e-12 6.565766146259678295e-12 5.096725939351564143e-12 5.961701105307432503e-12 6.182717154476523462e-12 4.732680658251512691e-12 -3.212034721666577947e-12 1.717896813576124524e-13 -2.437619343219589105e-12 6.771864576240507125e-14 6.791397794821177951e-12 -2.117130919940873320e-12 -2.144900747419495683e-12
1.002326210254853281e-11 -3.005428640551319262e-11 4.890905188708405394e-11 2.497870205008127307e-11 3.327732018468465193e-11 4.220950476507363692e-11 1.591653720223083328e-10 2.372422655926830532e-11 1.612245965300291255e-11 1.781437095703585844e-11 8.695851097551804464e-12 2.303760409381831717e-12 4.565608758692529305e-12 5.855119766335130075e-13 1.806950571769164620e-12 -5.732900344765482528e-14 -1.276069395828638527e-12 2.001784750838038059e-12 3.628868429985781428e-12 -2.509676618905792413e-12 -6.357586086934708422e-12 -4.486240455578103703e-12 -3.452528120328181401e-12 1.704202140678970377e-12 1.232707228986444207e-12 9.280626589109694539e-13
-2.220854003242993318e-11 3.389850897224644835e-11 4.351940506989751239e-11 1.672435986080820962e-11 1.287195902896034595e-11 2.632164312158725343e-11 2.372422655926830532e-11 1.340325368392640847e-10 2.234743541572270508e-11 2.063143267907884840e-11 1.287672597071976634e-11 1.483361121781582182e-11 8.645957597294397103e-12 6.224534533084899780e-12 3.609641848357593527e-12 3.921060878630879770e-12 5.469490370542232163e-12 4.163502885039203746e-12 2.373975754220474120e-12 -1.610898029313912546e-13 1.155601278433290451e-12 6.682751229259099382e-14 1.039448177076696235e-12 2.387632495742966095e-12 2.703207782367139205e-12 1.136157181360589833e-12
-1.446015983399067005e-11 1.796062586976335100e-11 3.976632999334804278e-11 -1.842807106970994095e-11 1.558122826031469590e-11 2.044816559420898485e-11 1.612245965300291255e-11 2.234743541572270508e-11 8.450497832443463124e-11 2.703187484239335127e-11 1.772470134860179917e-11 9.116418387316290700e-12 8.708456636944287615e-12 3.757097851481270639e-12 2.406094933070749553e-13 -2.158368473861524170e-12 -2.019752565380803922e-13 5.898587084016853256e-13 5.959249646393361341e-13 -7.279934479453241351e-12 -6.701563103388942959e-12 -3.400006960289633284e-12 -1.227127752161092509e-12 -1.235610068400162238e-12 5.595768716653936609e-13 2.301006329426174296e-13
2.367116221354592379e-12 1.882132595677776347e-11 3.083164554792490117e-11 3.714771874992966910e-11 3.291150990434571788e-11 1.145314700196265302e-11 1.781437095703585844e-11 2.063143267907884840e-11 2.703187484239335127e-11 8.348157817779298458e-11 2.386066736397459085e-11 1.484817826234031260e-11 1.112882898556272944e-11 3.691964739392112099e-12 1.284145316013466672e-12 2.137164054340078207e-12 2.473390615222214011e-12 4.497645748144359535e-12 4.400330865422528246e-12 2.258023244296138891e-12 2.335312992892130082e-12 -9.182467530669736575e-13 5.483552235893183938e-14 -2.600400071978082989e-13 -4.385235784204591093e-13 2.566106590228784737e-12
-1.213667860138505571e-11 3.345171646266120645e-11 2.700303082814123248e-11 7.543441693665058470e-12 2.383636851792390051e-12 -3.106500680678341386e-12 8.695851097551804464e-12 1.287672597071976634e-11 1.772470134860179917e-11 2.386066736397459085e-11 4.493333088341518428e-11 1.974143872045024532e-11 1.181780864478489860e-11 4.264357810082525650e-12 3.404417982070854775e-12 3.079743897387904375e-12 3.264557826389814014e-12 5.059965226982669500e-12 3.359467903630246526e-12 -7.614744742904674967e-13 -9.821111774740364401e-13 -1.034746903706037570e-12 7.845642989169814708e-13 -6.931499055149391322e-13 -2.661684863599736123e-13 1.912960379271736150e-12
6.577867386451549611e-12 4.067562127693475792e-11 2.360760533401090770e-11 6.872221601761770394e-13 -1.125137014181670183e-12 -5.034982048898270943e-13 2.303760409381831717e-12 1.483361121781582182e-11 9.116418387316290700e-12 1.484817826234031260e-11 1.974143872045024532e-11 4.345205349277266654e-11 1.730720126407714174e-11 6.836112889655113760e-12 2.805924598124237960e-12 2.857456062111316365e-12 2.419745137821048348e-12 4.932431419659733104e-12 1.664578601747326916e-12 -1.135086474274275178e-12 -2.254843122683861064e-12 -8.325264276370536548e-13 1.518975430333946388e-12 7.806268615466276769e-13 7.636264721465846719e-13 1.875357084439280811e-12
1.024516838541672617e-11 1.022387716003444423e-11 3.450589637541212269e-11 1.149785536370767944e-12 -2.892752453364594268e-12 -1.523092775374917908e-12 4.565608758692529305e-12 8.645957597294397103e-12 8.708456636944287615e-12 1.112882898556272944e-11 1.181780864478489860e-11 1.730720126407714174e-11 3.479711763025795873e-11 1.435263575319433453e-11 9.370647861263493665e-12 5.164010120073302979e-12 2.867456378791872980e-12 1.752814503153075022e-12 7.862121409166122287e-13 -1.776072632320527645e-12 -3.094737748200411741e-12 -3.995744957681260688e-12 -1.369079212877802232e-12 -1.509097252321750505e-12 -8.507257708087044226e-14 7.397917906862126223e-13
1.533235996491136910e-11 6.284318235049558434e-12 9.364182856776130917e-12 -3.295829103907858080e-12 6.625771069899836749e-12 -4.730368744273619918e-12 5.855119766335130075e-13 6.224534533084899780e-12 3.757097851481270639e-12 3.691964739392112099e-12 4.264357810082525650e-12 6.836112889655113760e-12 1.435263575319433453e-11 2.888723412000760821e-11 1.626580333275932161e-11 7.920046028545588618e-12 6.499331539713698507e-12 1.567679636340757700e-12 2.724081602716977670e-12 7.233883182388754355e-13 -5.921817937505612474e-13 -1.406750401182540582e-12 9.224350426995555670e-13 3.902623021255766063e-13 -6.981553995167710180e-13 -5.171228536615450224e-13
4.168692306662850125e-11 -2.094832274409051075e-11 3.110151969226112474e-12 -1.203889738629718976e-12 7.236588931087555091e-12 6.565766146259678295e-12 1.806950571769164620e-12 3.609641848357593527e-12 2.406094933070749553e-13 1.284145316013466672e-12 3.404417982070854775e-12 2.805924598124237960e-12 9.370647861263493665e-12 1.626580333275932161e-11 2.932300361779262006e-11 1.618342098173909930e-11 1.207106603007718846e-11 7.757632153627569036e-12 4.391468453794031882e-12 3.044503791829924140e-12 5.020040692029164312e-13 -6.145387831854958309e-13 6.424960234381764416e-13 3.111765201845075867e-13 4.240073943270920537e-13 2.447246455971843729e-13
3.506748636149147051e-11 1.363997766667734537e-12 3.481594394100115325e-12 -1.538307835314485322e-12 -5.549282422013870461e-12 5.096725939351564143e-12 -5.732900344765482528e-14 3.921060878630879770e-12 -2.158368473861524170e-12 2.137164054340078207e-12 3.079743897387904375e-12 2.857456062111316365e-12 5.164010120073302979e-12 7.920046028545588618e-12 1.618342098173909930e-11 2.443965426855224669e-11 1.717614244661802376e-11 9.958280918412546033e-12 3.999566729331354592e-12 3.098964951373160191e-12 1.322094968787070570e-12 -4.467067456117690496e-13 7.780711796752382591e-13 1.153627907032221302e-13 -1.115432944834666737e-12 4.672807407195393401e-13
2.524180611837976624e-11 7.128698188618605744e-12 -4.078443787344006078e-12 2.628651632937719914e-12 -1.022832145041869416e-11 5.961701105307432503e-12 -1.276069395828638527e-12 5.469490370542232163e-12 -2.019752565380803922e-13 2.473390615222214011e-12 3.264557826389814014e-12 2.419745137821048348e-12 2.867456378791872980e-12 6.499331539713698507e-12 1.207106603007718846e-11 1.717614244661802376e-11 2.821411578210072571e-11 1.539161833164369258e-11 6.766581922157067408e-12 4.189338637688918298e-12 3.008281557799434567e-12 1.735447751704548839e-13 6.281427786874505811e-13 5.823331235654026399e-13 -2.927261142394003633e-13 -7.393354112583673021e-13
2.354989653692045746e-11 6.966027078440069566e-13 5.477507821980403739e-13 6.933000657899994918e-12 -4.921112933944427044e-12 6.182717154476523462e-12 2.001784750838038059e-12 4.163502885039203746e-12 5.898587084016853256e-13 4.497645748144359535e-12 5.059965226982669500e-12 4.932431419659733104e-12 1.752814503153075022e-12 1.567679636340757700e-12 7.757632153627569036e-12 9.958280918412546033e-12 1.539161833164369258e-11 2.548404584898770528e-11 1.418999144758935803e-11 8.083567862221067705e-12 3.436703841170380396e-12 -2.811850687930888875e-13 1.979103772119793081e-13 7.157851925190934268e-13 -6.462283888583068438e-13 1.371220306516747888e-13
1.155608223671279128e-11 5.542551479503005343e-12 3.082978131683061552e-12 3.356857104186020432e-12 1.082203231256999794e-11 4.732680658251512691e-12 3.628868429985781428e-12 2.373975754220474120e-12 5.959249646393361341e-13 4.400330865422528246e-12 3.359467903630246526e-12 1.664578601747326916e-12 7.862121409166122287e-13 2.724081602716977670e-12 4.391468453794031882e-12 3.999566729331354592e-12 6.766581922157067408e-12 1.418999144758935803e-11 2.286623451439955543e-11 1.514015071732960051e-11 5.757084860138202170e-12 2.021664437527815794e-12 3.003926284149132215e-13 8.984171645191926074e-13 -6.783160431971086413e-13 -3.412726007393656569e-14
5.459335158180084061e-12 9.254471419872361364e-12 -6.774762212215284239e-13 5.061741480406509273e-12 7.866192929761682665e-12 -3.212034721666577947e-12 -2.509676618905792413e-12 -1.610898029313912546e-13 -7.279934479453241351e-12 2.258023244296138891e-12 -7.614744742904674967e-13 -1.135086474274275178e-12 -1.776072632320527645e-12 7.233883182388754355e-13 3.044503791829924140e-12 3.098964951373160191e-12 4.189338637688918298e-12 8.083567862221067705e-12 1.514015071732960051e-11 2.534814588444084985e-11 1.293412557466019862e-11 4.953629866223648129e-12 5.658812846233929295e-13 5.545816195008668105e-13 4.165492227127935886e-15 -2.023160861184879941e-13
-7.929541580387945788e-12 1.581833606139775152e-11 6.009724347596077078e-12 1.055376988845573986e-11 -1.042124780128135829e-12 1.717896813576124524e-13 -6.357586086934708422e-12 1.155601278433290451e-12 -6.701563103388942959e-12 2.335312992892130082e-12 -9.821111774740364401e-13 -2.254843122683861064e-12 -3.094737748200411741e-12 -5.921817937505612474e-13 5.020040692029164312e-13 1.322094968787070570e-12 3.008281557799434567e-12 3.436703841170380396e-12 5.757084860138202170e-12 1.293412557466019862e-11 2.043092511467271556e-11 9.686384535370680355e-12 2.712012891349459386e-12 1.529182756414186394e-12 9.030902365048669656e-13 1.789722105786611417e-13
-2.581991191578830131e-11 2.291959196653067503e-12 3.998628031779640527e-12 3.091257770368878511e-12 4.450929469846508070e-12 -2.437619343219589105e-12 -4.486240455578103703e-12 6.682751229259099382e-14 -3.400006960289633284e-12 -9.182467530669736575e-13 -1.034746903706037570e-12 -8.325264276370536548e-13 -3.995744957681260688e-12 -1.406750401182540582e-12 -6.145387831854958309e-13 -4.467067456117690496e-13 1.735447751704548839e-13 -2.811850687930888875e-13 2.021664437527815794e-12 4.953629866223648129e-12 9.686384535370680355e-12 1.398712648280641644e-11 5.251020900314483820e-12 2.523784232254765743e-12 1.115492541347984813e-12 -9.251333722090710517e-13
-1.965073862873639133e-11 -7.447995869446087842e-12 -6.057467145335133926e-12 -2.114763314134354664e-12 -1.976942346315016797e-13 6.771864576240507125e-14 -3.452528120328181401e-12 1.039448177076696235e-12 -1.227127752161092509e-12 5.483552235893183938e-14 7.845642989169814708e-13 1.518975430333946388e-12 -1.369079212877802232e-12 9.224350426995555670e-13 6.424960234381764416e-13 7.780711796752382591e-13 6.281427786874505811e-13 1.979103772119793081e-13 3.003926284149132215e-13 5.658812846233929295e-13 2.712012891349459386e-12 5.251020900314483820e-12 1.017585072393551439e-11 4.377752940987677887e-12 2.905825854519464831e-13 -4.091403521147794371e-13
-1.009139604438090448e-11 -5.739534419960331447e-12 -2.853307978795629846e-12 -3.994109429658524199e-13 -2.988203616808496534e-13 6.791397794821177951e-12 1.704202140678970377e-12 2.387632495742966095e-12 -1.235610068400162238e-12 -2.600400071978082989e-13 -6.931499055149391322e-13 7.806268615466276769e-13 -1.509097252321750505e-12 3.902623021255766063e-13 3.111765201845075867e-13 1.153627907032221302e-13 5.823331235654026399e-13 7.157851925190934268e-13 8.984171645191926074e-13 5.545816195008668105e-13 1.529182756414186394e-12 2.523784232254765743e-12 4.377752940987677887e-12 7.579150679126525849e-12 1.163652938837888581e-12 2.302828948285908694e-13
-1.121124407748825311e-12 5.101274733238754881e-12 4.820680628285199270e-13 3.706698261463834462e-12 -1.615046862132540438e-12 -2.117130919940873320e-12 1.232707228986444207e-12 2.703207782367139205e-12 5.595768716653936609e-13 -4.385235784204591093e-13 -2.661684863599736123e-13 7.636264721465846719e-13 -8.507257708087044226e-14 -6.981553995167710180e-13 4.240073943270920537e-13 -1.115432944834666737e-12 -2.927261142394003633e-13 -6.462283888583068438e-13 -6.783160431971086413e-13 4.165492227127935886e-15 9.030902365048669656e-13 1.115492541347984813e-12 2.905825854519464831e-13 1.163652938837888581e-12 5.137760753099838484e-12 9.700055601365324259e-13
-1.815634921749887643e-12 7.235621875304191724e-12 -3.605746595115965908e-12 5.875132462546215522e-13 7.716840160307788368e-13 -2.144900747419495683e-12 9.280626589109694539e-13 1.136157181360589833e-12 2.301006329426174296e-13 2.566106590228784737e-12 1.912960379271736150e-12 1.875357084439280811e-12 7.397917906862126223e-13 -5.171228536615450224e-13 2.447246455971843729e-13 4.672807407195393401e-13 -7.393354112583673021e-13 1.371220306516747888e-13 -3.412726007393656569e-14 -2.023160861184879941e-13 1.789722105786611417e-13 -9.251333722090710517e-13 -4.091403521147794371e-13 2.302828948285908694e-13 9.700055601365324259e-13 5.178073413076699094e-12
