3.225198792409591368e-09 1.210955084186402777e-09 1.077202859302169843e-09 8.205128546628794321e-10 8.037845917455661229e-10 6.235654712014969333e-10 4.814271610691619874e-10 3.923408368836287136e-10 3.235481201328103974e-10 2.487640926233236429e-10 2.066515352928621255e-10 1.506177848100594274e-10 1.531977343368448207e-10 1.344832772795276277e-10 1.192067829911834231e-10 1.064129751977753584e-10 6.758189120600303753e-11 5.667157976718527075e-11 4.443195136991358392e-11 4.824743571952830385e-11 4.548028442054031983e-11 3.588254774889824261e-11 1.179776817146302647e-11 1.794652888895716108e-11 3.011894537926745827e-12 -1.414641872939864265e-12
1.210955084186402777e-09 1.882938861943643245e-09 7.881772797369900072e-10 6.681133627866360924e-10 5.540595116509042683e-10 3.657463339751375556e-10 3.978616788173652963e-10 2.829126517282539156e-10 2.431185443373062845e-10 2.082615715731986785e-10 1.753057126710971819e-10 1.084341055644002909e-10 7.932401862963427888e-11 7.576536695709717387e-11 5.558349866987021483e-11 6.283214150515540615e-11 5.108128188637197293e-11 5.682636795710016088e-11 4.360860185304215467e-11 3.783452991414404640e-11 2.842683629101802858e-11 1.958690640068797974e-11 2.135508366186979138e-11 6.551101732103892947e-12 -1.460785497091398409e-12 -1.238277603190623999e-11
1.077202859302169843e-09 7.881772797369900072e-10 1.438872318827587712e-09 6.377381631441889729e-10 5.517766772645224283e-10 4.443470514270011848e-10 3.559150908783567711e-10 2.965859920136259072e-10 2.238489080588772144e-10 1.851549860944230265e-10 1.549289244675281441e-10 1.257028054112576569e-10 8.544183220993888092e-11 8.534650390322708615e-11 7.058041301751313525e-11 7.635663365563967424e-11 6.417424947915412811e-11 5.016281261094227420e-11 3.526561579716794738e-11 3.107285895915305068e-11 2.194648795609209085e-11 1.694266346899991175e-11 2.283683318175723555e-11 3.112848741277072443e-11 2.414777148017803739e-12 -3.828539081862833131e-13
8.205128546628794321e-10 6.681133627866360924e-10 6.377381631441889729e-10 1.016055038632391828e-09 4.948832792771905374e-10 3.790936035000045969e-10 3.103268244855923765e-10 2.359877023283554016e-10 2.001191057715159810e-10 1.769254787190609110e-10 1.451769433268379132e-10 1.127808381285978952e-10 1.095162392612731848e-10 8.446395058527036669e-11 6.117707976627438913e-11 6.681557130394511611e-11 3.219353836746338824e-11 3.551773465136800145e-11 1.839791595163076367e-11 -5.891265219134821208e-13 3.611788148550212944e-12 4.316207106361799830e-12 8.039483447093085543e-13 -6.068316247142420152e-12 4.736612829909180382e-12 5.032916632161753569e-12
8.037845917455661229e-10 5.540595116509042683e-10 5.517766772645224283e-10 4.948832792771905374e-10 6.762253081870382089e-10 3.371865902810391208e-10 3.030504865092061158e-10 2.287992410301531589e-10 1.804297647238709856e-10 1.503926132162917938e-10 1.229633776982710141e-10 9.236548464840546982e-11 8.475569010043979187e-11 6.292102844593713929e-11 5.951757815222740783e-11 6.024737451228038008e-11 3.822591315340476066e-11 2.604904828662799187e-11 1.645114993311008201e-11 1.438768870107500372e-11 1.508334377588103458e-11 1.751240247643740826e-11 8.796516483646253329e-12 4.058366790154959331e-12 7.814076591649182997e-12 6.685590114473791937e-12
6.235654712014969333e-10 3.657463339751375556e-10 4.443470514270011848e-10 3.790936035000045969e-10 3.371865902810391208e-10 4.586988313540022122e-10 2.518063840609006176e-10 1.908375731484271161e-10 1.528939328770267454e-10 1.096376408965113147e-10 8.085926776711379632e-11 6.946372892036168639e-11 5.662152293720461062e-11 5.300317746147585961e-11 3.961021741485210114e-11 3.799859212806799226e-11 2.771989969260461040e-11 2.086936149217319554e-11 6.696976504968439755e-12 4.310651844594088609e-12 6.009473513789317543e-12 -1.773548055189536067e-13 -5.255497094466842585e-12 1.634731690804439738e-12 4.218741049380034245e-12 5.162872370720944961e-12
4.814271610691619874e-10 3.978616788173652963e-10 3.559150908783567711e-10 3.103268244855923765e-10 3.030504865092061158e-10 2.518063840609006176e-10 3.469873212151989010e-10 1.793701860401324648e-10 1.465951540574776244e-10 1.188501916401022616e-10 7.677336133384489153e-11 5.730742901630845640e-11 5.111926604134753719e-11 4.493608639300818940e-11 3.300192351428769483e-11 3.176665777442637387e-11 2.410295185168750566e-11 2.311246234788146402e-11 1.847471870563046850e-11 1.092058851503614178e-11 1.024944540009437602e-11 -1.276013665670651270e-13 4.920697039757924112e-12 8.119412392435418966e-12 7.401950817200174177e-13 5.824591191674265384e-12
3.923408368836287136e-10 2.829126517282539156e-10 2.965859920136259072e-10 2.359877023283554016e-10 2.287992410301531589e-10 1.908375731484271161e-10 1.793701860401324648e-10 2.254274739053373404e-10 1.293292192066719314e-10 9.211985220308822668e-11 6.846709747202921587e-11 5.235172514333934900e-11 4.692947969120986173e-11 3.232301492920881050e-11 2.392475728896987570e-11 2.865386209442320571e-11 2.422303408917534161e-11 2.087247829683694592e-11 1.363202274286250758e-11 1.296192701506321479e-11 1.043832210738557812e-11 1.767510434320323843e-12 4.877172712152733038e-12 6.124325001790927167e-12 2.243881490916420293e-12 6.209942250017745790e-12
3.235481201328103974e-10 2.431185443373062845e-10 2.238489080588772144e-10 2.001191057715159810e-10 1.804297647238709856e-10 1.528939328770267454e-10 1.465951540574776244e-10 1.293292192066719314e-10 1.814844194161567647e-10 1.023832193828865282e-10 6.054988499074210910e-11 4.785469184205171902e-11 4.394602029521267358e-11 3.203794412202725006e-11 2.992437962414792880e-11 3.034490956051685260e-11 2.122001253426185288e-11 1.385019439710086291e-11 6.333669430342435735e-12 8.350854932944445077e-12 9.540122270911340387e-12 1.532517438052999473e-12 2.076632415748602805e-12 3.764824118014687994e-12 4.644327598121942248e-12 2.441280519172068070e-12
2.487640926233236429e-10 2.082615715731986785e-10 1.851549860944230265e-10 1.769254787190609110e-10 1.503926132162917938e-10 1.096376408965113147e-10 1.188501916401022616e-10 9.211985220308822668e-11 1.023832193828865282e-10 1.291972716834297393e-10 6.947589147774593224e-11 4.575807369712405622e-11 4.103994389762491681e-11 3.735440637436884230e-11 3.299273455565280116e-11 3.085101929423827904e-11 2.762203306714665896e-11 2.486551327984673819e-11 1.201944021685596264e-11 7.909295950185694695e-12 6.629492295426114468e-12 2.769543109258449331e-12 3.629532083720587727e-12 2.533792324306886442e-12 2.852522260428686573e-12 1.814614508187134064e-12
2.066515352928621255e-10 1.753057126710971819e-10 1.549289244675281441e-10 1.451769433268379132e-10 1.229633776982710141e-10 8.085926776711379632e-11 7.677336133384489153e-11 6.846709747202921587e-11 6.054988499074210910e-11 6.947589147774593224e-11 8.794740765555134987e-11 4.601031462576020595e-11 4.096285203458120804e-11 3.172879576690611874e-11 2.976077150255767343e-11 2.253071670827285834e-11 1.806531360274571735e-11 1.446981037389027009e-11 7.410367980098124243e-12 6.179619906914085499e-12 5.953811379693653863e-12 1.675320164553718680e-12 -4.081822396333799958e-13 7.051811295142869722e-13 9.807264528473818232e-13 2.277559971404426244e-12
1.506177848100594274e-10 1.084341055644002909e-10 1.257028054112576569e-10 1.127808381285978952e-10 9.236548464840546982e-11 6.946372892036168639e-11 5.730742901630845640e-11 5.235172514333934900e-11 4.785469184205171902e-11 4.575807369712405622e-11 4.601031462576020595e-11 6.200602089888930453e-11 3.837662931365047397e-11 2.861828892283198285e-11 2.500896840740719407e-11 1.994200239666935425e-11 1.635630530974231547e-11 1.449037282470898853e-11 1.035557307994426999e-11 5.375767119300968099e-12 2.486581672819299723e-12 -7.713882151742915669e-13 -4.256835805199176555e-12 3.856086382919412268e-15 -4.065532386553307652e-13 -5.021339433571953901e-14
1.531977343368448207e-10 7.932401862963427888e-11 8.544183220993888092e-11 1.095162392612731848e-10 8.475569010043979187e-11 5.662152293720461062e-11 5.111926604134753719e-11 4.692947969120986173e-11 4.394602029521267358e-11 4.103994389762491681e-11 4.096285203458120804e-11 3.837662931365047397e-11 6.229791595533647944e-11 3.691572164243744055e-11 2.982541958052946178e-11 2.278336171956864380e-11 1.535752901118462665e-11 1.232415348405178750e-11 7.675303027487275506e-12 7.888210211771601323e-12 7.758991796134404526e-12 5.961432483478204035e-12 -5.166341636919530966e-13 1.267610682283330013e-12 1.685202729282954497e-12 4.044825953088680620e-12
1.344832772795276277e-10 7.576536695709717387e-11 8.534650390322708615e-11 8.446395058527036669e-11 6.292102844593713929e-11 5.300317746147585961e-11 4.493608639300818940e-11 3.232301492920881050e-11 3.203794412202725006e-11 3.735440637436884230e-11 3.172879576690611874e-11 2.861828892283198285e-11 3.691572164243744055e-11 4.776396041566573795e-11 3.253656953157549890e-11 2.435792718028161948e-11 2.075671773578891585e-11 1.633342710399415887e-11 1.027144104850851450e-11 1.024755624270997311e-11 8.029130313312110736e-12 8.489383824433891915e-12 1.229671396450410018e-12 3.558863575011880712e-12 5.047856692386890937e-13 1.044813990596048527e-12
1.192067829911834231e-10 5.558349866987021483e-11 7.058041301751313525e-11 6.117707976627438913e-11 5.951757815222740783e-11 3.961021741485210114e-11 3.300192351428769483e-11 2.392475728896987570e-11 2.992437962414792880e-11 3.299273455565280116e-11 2.976077150255767343e-11 2.500896840740719407e-11 2.982541958052946178e-11 3.253656953157549890e-11 4.516884149573735501e-11 3.075245964341328378e-11 2.294732540628718930e-11 1.468641368784426822e-11 9.139687898518286276e-12 6.445634324134324332e-12 5.912377422610932375e-12 3.909519706352755096e-12 -1.148712436688692383e-12 7.027413341642807426e-13 9.649233483086870733e-13 3.652444833736599834e-13
1.064129751977753584e-10 6.283214150515540615e-11 7.635663365563967424e-11 6.681557130394511611e-11 6.024737451228038008e-11 3.799859212806799226e-11 3.176665777442637387e-11 2.865386209442320571e-11 3.034490956051685260e-11 3.085101929423827904e-11 2.253071670827285834e-11 1.994200239666935425e-11 2.278336171956864380e-11 2.435792718028161948e-11 3.075245964341328378e-11 4.089501546040603445e-11 3.067391956994855096e-11 1.878778438098752934e-11 1.106488774727419031e-11 6.228132382093481887e-12 6.132907298443116460e-12 4.210581762754544866e-12 -5.577712679136344521e-13 1.363814824661928679e-12 1.158625531144126058e-12 2.145780430914690361e-12
6.758189120600303753e-11 5.108128188637197293e-11 6.417424947915412811e-11 3.219353836746338824e-11 3.822591315340476066e-11 2.771989969260461040e-11 2.410295185168750566e-11 2.422303408917534161e-11 2.122001253426185288e-11 2.762203306714665896e-11 1.806531360274571735e-11 1.635630530974231547e-11 1.535752901118462665e-11 2.075671773578891585e-11 2.294732540628718930e-11 3.067391956994855096e-11 4.208153730928801416e-11 2.896926865439104046e-11 1.786500719369325717e-11 9.469152949632101307e-12 7.920313221067286956e-12 3.917540620046801944e-12 -4.240356768594651675e-13 1.680081314968398225e-12 1.481354711964638891e-12 1.335027898504126678e-12
5.667157976718527075e-11 5.682636795710016088e-11 5.016281261094227420e-11 3.551773465136800145e-11 2.604904828662799187e-11 2.086936149217319554e-11 2.311246234788146402e-11 2.087247829683694592e-11 1.385019439710086291e-11 2.486551327984673819e-11 1.446981037389027009e-11 1.449037282470898853e-11 1.232415348405178750e-11 1.633342710399415887e-11 1.468641368784426822e-11 1.878778438098752934e-11 2.896926865439104046e-11 4.084180852610631609e-11 2.592690139260581243e-11 1.383498731072357820e-11 1.071952299682705681e-11 2.022301657927951547e-12 -8.288523123817424240e-13 1.911522006120472386e-12 -6.724238232064919539e-13 -3.531443463031933856e-15
4.443195136991358392e-11 4.360860185304215467e-11 3.526561579716794738e-11 1.839791595163076367e-11 1.645114993311008201e-11 6.696976504968439755e-12 1.847471870563046850e-11 1.363202274286250758e-11 6.333669430342435735e-12 1.201944021685596264e-11 7.410367980098124243e-12 1.035557307994426999e-11 7.675303027487275506e-12 1.027144104850851450e-11 9.139687898518286276e-12 1.106488774727419031e-11 1.786500719369325717e-11 2.592690139260581243e-11 3.434126357833620467e-11 2.358336366661194096e-11 1.273072120995320944e-11 5.469394901860027471e-12 1.088360030502776044e-12 3.383464635814543625e-12 9.462427755326126313e-13 5.854498551540644606e-13
4.824743571952830385e-11 3.783452991414404640e-11 3.107285895915305068e-11 -5.891265219134821208e-13 1.438768870107500372e-11 4.310651844594088609e-12 1.092058851503614178e-11 1.296192701506321479e-11 8.350854932944445077e-12 7.909295950185694695e-12 6.179619906914085499e-12 5.375767119300968099e-12 7.888210211771601323e-12 1.024755624270997311e-11 6.445634324134324332e-12 6.228132382093481887e-12 9.469152949632101307e-12 1.383498731072357820e-11 2.358336366661194096e-11 3.882942241181759915e-11 2.620225758517582331e-11 1.391754927445757974e-11 4.613350510165364126e-12 5.180486978255526964e-12 1.279294505648336642e-12 -1.304261579478494210e-12
4.548028442054031983e-11 2.842683629101802858e-11 2.194648795609209085e-11 3.611788148550212944e-12 1.508334377588103458e-11 6.009473513789317543e-12 1.024944540009437602e-11 1.043832210738557812e-11 9.540122270911340387e-12 6.629492295426114468e-12 5.953811379693653863e-12 2.486581672819299723e-12 7.758991796134404526e-12 8.029130313312110736e-12 5.912377422610932375e-12 6.132907298443116460e-12 7.920313221067286956e-12 1.071952299682705681e-11 1.273072120995320944e-11 2.620225758517582331e-11 3.818385374553087972e-11 2.355709044984159451e-11 1.122471559697511454e-11 6.578151223621155043e-12 2.325931751055117103e-12 4.257575749427235576e-13
3.588254774889824261e-11 1.958690640068797974e-11 1.694266346899991175e-11 4.316207106361799830e-12 1.751240247643740826e-11 -1.773548055189536067e-13 -1.276013665670651270e-13 1.767510434320323843e-12 1.532517438052999473e-12 2.769543109258449331e-12 1.675320164553718680e-12 -7.713882151742915669e-13 5.961432483478204035e-12 8.489383824433891915e-12 3.909519706352755096e-12 4.210581762754544866e-12 3.917540620046801944e-12 2.022301657927951547e-12 5.469394901860027471e-12 1.391754927445757974e-11 2.355709044984159451e-11 3.702663694477214027e-11 2.181338150120526733e-11 8.281827216924486172e-12 3.758497218424692240e-12 7.921961034477732756e-13
1.179776817146302647e-11 2.135508366186979138e-11 2.283683318175723555e-11 8.039483447093085543e-13 8.796516483646253329e-12 -5.255497094466842585e-12 4.920697039757924112e-12 4.877172712152733038e-12 2.076632415748602805e-12 3.629532083720587727e-12 -4.081822396333799958e-13 -4.256835805199176555e-12 -5.166341636919530966e-13 1.229671396450410018e-12 -1.148712436688692383e-12 -5.577712679136344521e-13 -4.240356768594651675e-13 -8.288523123817424240e-13 1.088360030502776044e-12 4.613350510165364126e-12 1.122471559697511454e-11 2.181338150120526733e-11 3.002655814252303425e-11 1.265352570615337804e-11 2.614381633584771347e-12 1.928893835003317755e-12
1.794652888895716108e-11 6.551101732103892947e-12 3.112848741277072443e-11 -6.068316247142420152e-12 4.058366790154959331e-12 1.634731690804439738e-12 8.119412392435418966e-12 6.124325001790927167e-12 3.764824118014687994e-12 2.533792324306886442e-12 7.051811295142869722e-13 3.856086382919412268e-15 1.267610682283330013e-12 3.558863575011880712e-12 7.027413341642807426e-13 1.363814824661928679e-12 1.680081314968398225e-12 1.911522006120472386e-12 3.383464635814543625e-12 5.180486978255526964e-12 6.578151223621155043e-12 8.281827216924486172e-12 1.265352570615337804e-11 1.870315993042405108e-11 4.293228098553784143e-12 6.745894829661906128e-13
3.011894537926745827e-12 -1.460785497091398409e-12 2.414777148017803739e-12 4.736612829909180382e-12 7.814076591649182997e-12 4.218741049380034245e-12 7.401950817200174177e-13 2.243881490916420293e-12 4.644327598121942248e-12 2.852522260428686573e-12 9.807264528473818232e-13 -4.065532386553307652e-13 1.685202729282954497e-12 5.047856692386890937e-13 9.649233483086870733e-13 1.158625531144126058e-12 1.481354711964638891e-12 -6.724238232064919539e-13 9.462427755326126313e-13 1.279294505648336642e-12 2.325931751055117103e-12 3.758497218424692240e-12 2.614381633584771347e-12 4.293228098553784143e-12 1.129026250050551098e-11 4.068029636211753212e-12
-1.414641872939864265e-12 -1.238277603190623999e-11 -3.828539081862833131e-13 5.032916632161753569e-12 6.685590114473791937e-12 5.162872370720944961e-12 5.824591191674265384e-12 6.209942250017745790e-12 2.441280519172068070e-12 1.814614508187134064e-12 2.277559971404426244e-12 -5.021339433571953901e-14 4.044825953088680620e-12 1.044813990596048527e-12 3.652444833736599834e-13 2.145780430914690361e-12 1.335027898504126678e-12 -3.531443463031933856e-15 5.854498551540644606e-13 -1.304261579478494210e-12 4.257575749427235576e-13 7.921961034477732756e-13 1.928893835003317755e-12 6.745894829661906128e-13 4.068029636211753212e-12 1.117894492657109188e-11
