2.647875261538761224e-09 5.287419132680303326e-12 3.259494110419324207e-10 1.361830366923678115e-10 2.412523828468870201e-11 1.227013640442907259e-10 -1.790116292314595473e-11 1.539618814087301655e-11 -7.716948517825504399e-12 1.479724713416478479e-13 -4.236483518136562000e-11 2.868321148704876587e-12 -1.873290389748901460e-11 -1.959245179925199973e-12 4.123122229406616070e-12 -4.209660741418088070e-12 -2.489787989528835345e-11 -1.661112877886098286e-11 -8.847846928473590643e-12 -3.393453900678107393e-11 -1.717028323359920007e-11 -1.386767135922557242e-11 -1.279483906728603703e-12 -1.319907162502239522e-11 -4.455658726041168855e-12 3.598266304516020483e-12
5.287419132680303326e-12 2.165630034473898186e-09 2.583979785078814676e-10 1.239565133635056069e-10 4.730840219857278174e-11 -8.847815859832064029e-12 -5.290995444837404007e-11 -6.061650902878319779e-11 -4.989066037571087046e-11 2.346959872260438655e-12 5.552710556056475636e-11 1.238927821372820819e-11 1.612701959743787454e-11 1.344568303336316217e-11 8.089503271044383219e-12 -1.165935753991127299e-11 1.340729537791763625e-11 -1.001314580174135049e-11 -1.208152187911242118e-11 -8.548441330882182948e-12 -4.212478330325720870e-12 -1.273380315114984641e-11 3.211849326303841729e-12 3.101443809329958378e-13 2.727093979662465841e-12 -5.990811912995892242e-12
3.259494110419324207e-10 2.583979785078814676e-10 1.068377587930212337e-09 5.674693374422157489e-11 7.085964590083894909e-11 7.684463484859425327e-11 9.446860542814805218e-11 7.596006804840266977e-11 -1.293945374818154269e-12 1.342591518516830897e-11 6.156880784169007453e-12 -9.052339108680405947e-12 -4.011732075815603313e-13 5.275652445792445085e-12 -1.769190752739554623e-12 3.346155514912649351e-12 -1.484769765793036117e-12 -2.101635979938676615e-11 -2.582324591912897243e-11 -1.659937763916674243e-11 -1.204841746459778498e-13 -1.241412793267566351e-12 -7.111461585794459781e-13 -1.285701088325208270e-12 -1.068454566661342062e-12 -2.780337271504287362e-12
1.361830366923678115e-10 1.239565133635056069e-10 5.674693374422157489e-11 7.534741760855645097e-10 7.453500214930544677e-11 3.361759507955287766e-11 3.780730324158659304e-11 -1.547202320185755763e-11 -6.321355967151159973e-12 -3.496044140036402411e-12 -3.646987759205052120e-11 -1.299148111726995652e-11 1.273298319179477622e-11 4.185588901702328321e-12 -1.761176313435270526e-11 -5.531231089470994767e-13 4.011210325592777515e-12 -2.499817556741366436e-12 -1.886378389311964420e-11 -1.571752492008041790e-11 -9.363145492972559849e-12 -9.707178977925907924e-12 5.254156972553986711e-12 -5.202505183601610320e-12 6.207355818840998881e-13 -2.338670169671443727e-12
2.412523828468870201e-11 4.730840219857278174e-11 7.085964590083894909e-11 7.453500214930544677e-11 4.735763575899918630e-10 8.099625019614942744e-11 4.079005303538417619e-11 2.367300445172564249e-11 -7.988788997925141994e-12 -1.872024133539508563e-11 -6.513714511788398793e-12 -5.490782035545960812e-12 -1.488243276995553033e-11 -1.179249249363017755e-11 -8.088080612768353420e-12 6.424545581521266569e-12 -3.726085586263132144e-12 -6.745834972464604775e-12 -5.502187333552940577e-12 -4.163590011141511789e-12 -1.026255950269055232e-12 -4.839393472243322894e-12 -2.832098950176292281e-12 1.674045624805714964e-12 -1.143888263599916048e-12 -2.917677102723992681e-12
1.227013640442907259e-10 -8.847815859832064029e-12 7.684463484859425327e-11 3.361759507955287766e-11 8.099625019614942744e-11 3.530900190533125242e-10 5.660169569855385259e-11 2.517709412085851273e-11 2.461984789276148862e-11 -1.973088361276213512e-14 7.481202946845911207e-12 5.890042344394163421e-12 5.553638967194031427e-12 9.929854706009589964e-12 6.060930303805890589e-12 -4.154720892697012613e-12 -1.254802014972007587e-11 -6.024938296145731540e-12 1.115307883005564036e-12 -5.562123110109792061e-13 2.188397823722809508e-12 -2.654491496654027754e-12 -3.563513617081193304e-12 3.995622933540534776e-12 5.624517985870197313e-13 3.047186987398474325e-13
-1.790116292314595473e-11 -5.290995444837404007e-11 9.446860542814805218e-11 3.780730324158659304e-11 4.079005303538417619e-11 5.660169569855385259e-11 2.119183669015747589e-10 4.799056173465096907e-11 3.354701570675568999e-11 1.768050365697594583e-11 1.129299528030642517e-12 -3.698258774548648308e-12 4.455017926725725493e-12 5.547505799954815113e-13 4.134073771437054950e-12 8.146167516302319449e-12 4.209883718953594025e-12 -1.147842393342550998e-12 -5.914194130433060218e-12 -9.860958136999345455e-12 -2.534984164151227944e-12 9.265306127164766007e-13 -4.612424439966062076e-12 6.317915905463344232e-13 3.162602181033802151e-13 -1.653759601518970767e-12
1.539618814087301655e-11 -6.061650902878319779e-11 7.596006804840266977e-11 -1.547202320185755763e-11 2.367300445172564249e-11 2.517709412085851273e-11 4.799056173465096907e-11 1.501522591237306955e-10 2.325509425270594290e-11 2.183326291401826888e-11 5.914596929806092735e-12 4.290270907741556058e-12 3.901881754786953710e-13 -5.893609924456026080e-12 -2.164742942808085040e-12 1.095775117132826573e-12 -4.610712670266281411e-12 -5.196993224651348921e-12 -1.080932389833937843e-11 -4.022225791558314803e-12 1.376234039080256254e-12 4.589035504172523809e-12 2.026099298402507462e-12 -2.210626038074793163e-12 5.561033703125004040e-13 7.630449933067276250e-14
-7.716948517825504399e-12 -4.989066037571087046e-11 -1.293945374818154269e-12 -6.321355967151159973e-12 -7.988788997925141994e-12 2.461984789276148862e-11 3.354701570675568999e-11 2.325509425270594290e-11 1.167671842159682282e-10 3.787641976655700116e-11 5.286982006255915778e-12 8.429174142997657713e-12 1.558586545170612172e-12 -1.017018056600425223e-12 2.184996653353436413e-13 -1.740292346447532902e-12 -1.996047574200995556e-13 -3.999089381725711170e-12 -4.980482873902319455e-12 -6.272765458891370803e-13 9.749559485220200987e-13 3.556828673216965685e-12 -2.458195174607679109e-12 7.076029129200630542e-13 -9.085996657841667302e-13 1.384160755347532939e-13
1.479724713416478479e-13 2.346959872260438655e-12 1.342591518516830897e-11 -3.496044140036402411e-12 -1.872024133539508563e-11 -1.973088361276213512e-14 1.768050365697594583e-11 2.183326291401826888e-11 3.787641976655700116e-11 8.820405406545273782e-11 1.890316332659928940e-11 9.685458339207769365e-12 2.354501428436826119e-12 -1.031029071708692540e-12 5.504458123153957421e-14 -7.149094618747345817e-13 -4.150021612362282045e-13 -3.762267607145491993e-12 -2.617810594310258021e-12 1.948670869478200518e-13 8.381607089570137221e-13 1.699061235655951417e-12 -1.529958754082302487e-12 -5.536541903148300545e-13 4.531020788395981667e-13 1.489458977917877400e-12
-4.236483518136562000e-11 5.552710556056475636e-11 6.156880784169007453e-12 -3.646987759205052120e-11 -6.513714511788398793e-12 7.481202946845911207e-12 1.129299528030642517e-12 5.914596929806092735e-12 5.286982006255915778e-12 1.890316332659928940e-11 5.861991091853741206e-11 1.762380169905187680e-11 1.015722996999249244e-11 2.150078034014844672e-12 3.708915058888732495e-12 -3.942079047923326174e-13 -1.575961188656618378e-12 -3.406806081666241142e-12 -8.267075002459546519e-13 -1.018477801661399188e-12 -8.293839339232381866e-14 1.360652044850385315e-12 2.416472820707152055e-12 1.929964389252484007e-12 6.185428365254502294e-14 -6.745763727829385275e-13
2.868321148704876587e-12 1.238927821372820819e-11 -9.052339108680405947e-12 -1.299148111726995652e-11 -5.490782035545960812e-12 5.890042344394163421e-12 -3.698258774548648308e-12 4.290270907741556058e-12 8.429174142997657713e-12 9.685458339207769365e-12 1.762380169905187680e-11 4.540617889823636941e-11 2.019579264581829972e-11 1.116964970261980378e-11 7.876865203406057733e-12 3.078596026569294460e-12 5.732874518104043796e-16 -3.243509732451721598e-12 -2.556793399862317642e-12 2.199094994813564363e-12 2.677192486891448360e-12 4.015787723975776823e-12 2.288146577825989196e-12 -9.497465798233829310e-14 -6.263359221019269879e-13 -5.473480668723503135e-14
-1.873290389748901460e-11 1.612701959743787454e-11 -4.011732075815603313e-13 1.273298319179477622e-11 -1.488243276995553033e-11 5.553638967194031427e-12 4.455017926725725493e-12 3.901881754786953710e-13 1.558586545170612172e-12 2.354501428436826119e-12 1.015722996999249244e-11 2.019579264581829972e-11 4.275271564870935583e-11 1.936871800528500551e-11 7.771470663984540180e-12 1.455734752589630891e-12 1.029230672462339364e-12 1.438442332717475367e-12 -1.065755011184079029e-13 5.122658762567875861e-13 -1.393691379551419631e-12 4.887474129377506376e-13 6.459735308900111810e-13 1.093238206214889524e-12 -2.136951729621328011e-13 -4.397360288014495456e-13
-1.959245179925199973e-12 1.344568303336316217e-11 5.275652445792445085e-12 4.185588901702328321e-12 -1.179249249363017755e-11 9.929854706009589964e-12 5.547505799954815113e-13 -5.893609924456026080e-12 -1.017018056600425223e-12 -1.031029071708692540e-12 2.150078034014844672e-12 1.116964970261980378e-11 1.936871800528500551e-11 3.246031301512903320e-11 1.289739307899418739e-11 4.138971862944115561e-12 -7.551339763072944426e-13 -1.923365940023245584e-12 -3.090034221311861280e-13 -1.356739579441673769e-13 -4.168274337409904309e-13 -9.813703631780902635e-14 4.810195136090604811e-14 8.711113171205370577e-13 -6.840007162760592216e-13 -9.287594660227280348e-13
4.123122229406616070e-12 8.089503271044383219e-12 -1.769190752739554623e-12 -1.761176313435270526e-11 -8.088080612768353420e-12 6.060930303805890589e-12 4.134073771437054950e-12 -2.164742942808085040e-12 2.184996653353436413e-13 5.504458123153957421e-14 3.708915058888732495e-12 7.876865203406057733e-12 7.771470663984540180e-12 1.289739307899418739e-11 2.810673542617830145e-11 1.323053821175503103e-11 4.685908286603793421e-12 1.608266291985905525e-12 2.872165231814157112e-12 1.789222778751898711e-12 -7.637994809245815129e-13 1.928671704407327631e-12 1.426687691192193699e-12 -2.060981322533530506e-13 1.908907129513307585e-14 4.722815192625278034e-13
-4.209660741418088070e-12 -1.165935753991127299e-11 3.346155514912649351e-12 -5.531231089470994767e-13 6.424545581521266569e-12 -4.154720892697012613e-12 8.146167516302319449e-12 1.095775117132826573e-12 -1.740292346447532902e-12 -7.149094618747345817e-13 -3.942079047923326174e-13 3.078596026569294460e-12 1.455734752589630891e-12 4.138971862944115561e-12 1.323053821175503103e-11 2.687339526742032380e-11 1.445935906276535106e-11 8.934241233147213668e-12 3.682173467726932713e-12 -7.086976104257127765e-13 -1.425881864903437735e-12 -4.497894091146363267e-13 -5.080741696542112601e-13 -1.019700134467608851e-12 -1.275390175387555100e-12 6.267841372317243312e-13
-2.489787989528835345e-11 1.340729537791763625e-11 -1.484769765793036117e-12 4.011210325592777515e-12 -3.726085586263132144e-12 -1.254802014972007587e-11 4.209883718953594025e-12 -4.610712670266281411e-12 -1.996047574200995556e-13 -4.150021612362282045e-13 -1.575961188656618378e-12 5.732874518104043796e-16 1.029230672462339364e-12 -7.551339763072944426e-13 4.685908286603793421e-12 1.445935906276535106e-11 2.983604254429750291e-11 1.730735470967693804e-11 7.248179879109725955e-12 2.038148617420567643e-12 -3.540890305889804592e-13 -4.421418419438675673e-13 -1.397602232901064516e-12 3.498260129799097594e-13 3.052569766942565585e-13 3.548657924076322045e-13
-1.661112877886098286e-11 -1.001314580174135049e-11 -2.101635979938676615e-11 -2.499817556741366436e-12 -6.745834972464604775e-12 -6.024938296145731540e-12 -1.147842393342550998e-12 -5.196993224651348921e-12 -3.999089381725711170e-12 -3.762267607145491993e-12 -3.406806081666241142e-12 -3.243509732451721598e-12 1.438442332717475367e-12 -1.923365940023245584e-12 1.608266291985905525e-12 8.934241233147213668e-12 1.730735470967693804e-11 2.669999376536581384e-11 1.329130890269399115e-11 3.434558897052856482e-12 1.225161653006785315e-12 -1.463177200443871085e-12 -1.133413043439696253e-12 3.636194563643672200e-13 -1.163930465178596953e-12 3.039870702996652334e-14
-8.847846928473590643e-12 -1.208152187911242118e-11 -2.582324591912897243e-11 -1.886378389311964420e-11 -5.502187333552940577e-12 1.115307883005564036e-12 -5.914194130433060218e-12 -1.080932389833937843e-11 -4.980482873902319455e-12 -2.617810594310258021e-12 -8.267075002459546519e-13 -2.556793399862317642e-12 -1.065755011184079029e-13 -3.090034221311861280e-13 2.872165231814157112e-12 3.682173467726932713e-12 7.248179879109725955e-12 1.329130890269399115e-11 2.209251129610032514e-11 9.598288220598976740e-12 4.431871697903912967e-12 2.550613202264033224e-13 4.645140119347635169e-13 9.879238824942330352e-13 -2.230657337377945761e-13 1.063203383728923462e-12
-3.393453900678107393e-11 -8.548441330882182948e-12 -1.659937763916674243e-11 -1.571752492008041790e-11 -4.163590011141511789e-12 -5.562123110109792061e-13 -9.860958136999345455e-12 -4.022225791558314803e-12 -6.272765458891370803e-13 1.948670869478200518e-13 -1.018477801661399188e-12 2.199094994813564363e-12 5.122658762567875861e-13 -1.356739579441673769e-13 1.789222778751898711e-12 -7.086976104257127765e-13 2.038148617420567643e-12 3.434558897052856482e-12 9.598288220598976740e-12 2.025363685720501649e-11 1.106809226367390383e-11 4.546251891739363465e-12 7.044026409763138824e-13 2.198960035517981320e-12 1.370106235649453338e-12 1.282753876886726859e-12
-1.717028323359920007e-11 -4.212478330325720870e-12 -1.204841746459778498e-13 -9.363145492972559849e-12 -1.026255950269055232e-12 2.188397823722809508e-12 -2.534984164151227944e-12 1.376234039080256254e-12 9.749559485220200987e-13 8.381607089570137221e-13 -8.293839339232381866e-14 2.677192486891448360e-12 -1.393691379551419631e-12 -4.168274337409904309e-13 -7.637994809245815129e-13 -1.425881864903437735e-12 -3.540890305889804592e-13 1.225161653006785315e-12 4.431871697903912967e-12 1.106809226367390383e-11 1.995034725131568381e-11 8.931144861859831504e-12 2.976292766868961213e-12 1.028862339383422053e-12 -1.262867120125854201e-13 9.703507245797225915e-13
-1.386767135922557242e-11 -1.273380315114984641e-11 -1.241412793267566351e-12 -9.707178977925907924e-12 -4.839393472243322894e-12 -2.654491496654027754e-12 9.265306127164766007e-13 4.589035504172523809e-12 3.556828673216965685e-12 1.699061235655951417e-12 1.360652044850385315e-12 4.015787723975776823e-12 4.887474129377506376e-13 -9.813703631780902635e-14 1.928671704407327631e-12 -4.497894091146363267e-13 -4.421418419438675673e-13 -1.463177200443871085e-12 2.550613202264033224e-13 4.546251891739363465e-12 8.931144861859831504e-12 1.579161312268539777e-11 7.758297676794492044e-12 1.172783933035259552e-12 -5.912166193377488283e-13 8.001528230692673203e-14
-1.279483906728603703e-12 3.211849326303841729e-12 -7.111461585794459781e-13 5.254156972553986711e-12 -2.832098950176292281e-12 -3.563513617081193304e-12 -4.612424439966062076e-12 2.026099298402507462e-12 -2.458195174607679109e-12 -1.529958754082302487e-12 2.416472820707152055e-12 2.288146577825989196e-12 6.459735308900111810e-13 4.810195136090604811e-14 1.426687691192193699e-12 -5.080741696542112601e-13 -1.397602232901064516e-12 -1.133413043439696253e-12 4.645140119347635169e-13 7.044026409763138824e-13 2.976292766868961213e-12 7.758297676794492044e-12 1.247115137945392797e-11 2.980934599659387917e-12 4.259240011643783895e-13 -1.639838426624292102e-14
-1.319907162502239522e-11 3.101443809329958378e-13 -1.285701088325208270e-12 -5.202505183601610320e-12 1.674045624805714964e-12 3.995622933540534776e-12 6.317915905463344232e-13 -2.210626038074793163e-12 7.076029129200630542e-13 -5.536541903148300545e-13 1.929964389252484007e-12 -9.497465798233829310e-14 1.093238206214889524e-12 8.711113171205370577e-13 -2.060981322533530506e-13 -1.019700134467608851e-12 3.498260129799097594e-13 3.636194563643672200e-13 9.879238824942330352e-13 2.198960035517981320e-12 1.028862339383422053e-12 1.172783933035259552e-12 2.980934599659387917e-12 6.729189375963899239e-12 2.419443773110216020e-12 6.514211935666819003e-13
-4.455658726041168855e-12 2.727093979662465841e-12 -1.068454566661342062e-12 6.207355818840998881e-13 -1.143888263599916048e-12 5.624517985870197313e-13 3.162602181033802151e-13 5.561033703125004040e-13 -9.085996657841667302e-13 4.531020788395981667e-13 6.185428365254502294e-14 -6.263359221019269879e-13 -2.136951729621328011e-13 -6.840007162760592216e-13 1.908907129513307585e-14 -1.275390175387555100e-12 3.052569766942565585e-13 -1.163930465178596953e-12 -2.230657337377945761e-13 1.370106235649453338e-12 -1.262867120125854201e-13 -5.912166193377488283e-13 4.259240011643783895e-13 2.419443773110216020e-12 5.961317487489461981e-12 1.678155200456527610e-12
3.598266304516020483e-12 -5.990811912995892242e-12 -2.780337271504287362e-12 -2.338670169671443727e-12 -2.917677102723992681e-12 3.047186987398474325e-13 -1.653759601518970767e-12 7.630449933067276250e-14 1.384160755347532939e-13 1.489458977917877400e-12 -6.745763727829385275e-13 -5.473480668723503135e-14 -4.397360288014495456e-13 -9.287594660227280348e-13 4.722815192625278034e-13 6.267841372317243312e-13 3.548657924076322045e-13 3.039870702996652334e-14 1.063203383728923462e-12 1.282753876886726859e-12 9.703507245797225915e-13 8.001528230692673203e-14 -1.639838426624292102e-14 6.514211935666819003e-13 1.678155200456527610e-12 4.697407946250982701e-12
