2.267049395015420133e-09 1.802119452998914833e-10 -5.212580429898825790e-11 3.368177686507007086e-11 3.876276516011698643e-11 -8.696347264672507799e-11 2.838314192114359358e-11 3.197165785512654179e-11 3.624291260823671900e-11 4.540241408095358534e-11 7.936314079024438522e-12 -1.919409125503148458e-12 1.876268456365978799e-11 1.728967072483124444e-11 3.031296657909089995e-11 2.567099941338167763e-11 1.952454609564959040e-11 3.656772203749553449e-11 2.630246534231271213e-11 1.778268275307832830e-11 -1.137007559340741277e-11 7.392097366481478851e-12 -5.592095595561128968e-12 -6.499907765174835366e-12 -1.305121314294590257e-11 -1.647252315651840857e-12
1.802119452998914833e-10 1.741701335550106897e-09 -1.430943274605802563e-10 -2.353919403801545055e-11 8.559883328017496446e-11 1.965433871187962393e-11 -2.008685308533137149e-12 5.196939064656894784e-13 -3.401560017536495455e-11 3.146188156565262495e-11 1.960579566938253997e-11 -5.045143983971083452e-12 -1.314676244246044240e-11 -1.580187875793255565e-11 -2.769037479516414060e-11 -1.701262883267438715e-11 1.043790398996190419e-13 -5.472304315676061827e-12 4.930525791322161278e-12 -2.888364519738155298e-12 6.113942360653381329e-13 -3.429407647736036836e-12 -4.614674354844959469e-12 1.683010651226568582e-12 -2.124717241146071461e-12 -3.395671796457685500e-12
-5.212580429898825790e-11 -1.430943274605802563e-10 9.878716204952677755e-10 7.133399213615999516e-11 -2.036757977595449151e-11 -2.108667348253805637e-11 2.456302897849196074e-11 2.128800977532103388e-11 1.232309254674870280e-11 -2.015140123970718066e-11 8.440462729888078550e-12 -7.697117013668715041e-12 -8.022534281864335887e-12 1.121295135572640838e-11 -9.709825953343405189e-13 1.766074154235177518e-11 2.054131825921611454e-11 7.191841340665524222e-12 6.731726955089662393e-12 1.172706157713117957e-11 4.083603497687681714e-12 -6.843609731565925847e-12 -3.380623006559120088e-12 2.899100678005493327e-12 4.788547127291410036e-12 -1.632143960347575896e-12
3.368177686507007086e-11 -2.353919403801545055e-11 7.133399213615999516e-11 5.093356534452480725e-10 1.431896484760539672e-11 -1.630287384506664412e-11 1.515378497576865003e-11 -6.385332349977480693e-12 -2.803355328105279327e-11 -1.419974810063395525e-12 -3.000282378494817058e-12 3.868876821019163974e-12 -4.717412916578005120e-12 2.561506142700941570e-12 2.814653937830936241e-12 -2.535884440279240860e-12 -3.045500329806833462e-13 3.817466737513179581e-12 3.882602157411668409e-12 5.365600055322004640e-12 1.165315487507800324e-11 1.021547065714412092e-12 -5.581363155543821172e-12 5.351020212682761754e-12 3.677582165792609597e-12 -5.583251065059724008e-12
3.876276516011698643e-11 8.559883328017496446e-11 -2.036757977595449151e-11 1.431896484760539672e-11 3.421216382782781168e-10 7.201804707911980374e-11 2.610543843068207184e-11 -2.326812386286404896e-12 -5.754069489809678348e-13 7.137933072316026526e-12 -3.867727259584914299e-12 -6.496943048883360825e-12 -4.248416156317833443e-12 -3.643092714781129395e-12 -5.837001042250312780e-14 -4.718950467194066270e-12 -2.113311573030234675e-12 -5.417190017826847124e-12 -1.099854906076120464e-11 -1.165522742404330457e-12 6.009549138139279228e-13 -3.754751526671557941e-12 -5.527634898314193740e-12 -3.298202365085623588e-12 -2.729708924694947133e-12 7.434880963774339055e-13
-8.696347264672507799e-11 1.965433871187962393e-11 -2.108667348253805637e-11 -1.630287384506664412e-11 7.201804707911980374e-11 2.617542920394625351e-10 1.428719003730758544e-11 7.018421152243782497e-12 -8.092757728130458001e-12 6.793729657769744018e-12 -2.185664578683516061e-12 -2.561311104018350870e-12 -1.005978069701594733e-11 -1.214668753921066202e-11 -8.282909655745314306e-12 -1.271824861432303565e-11 -2.831393875067334370e-12 -4.606240366205541122e-12 -2.474059795755102510e-12 1.927306709130571373e-12 1.376189653578615788e-12 -4.096489224416742352e-12 -3.945586420475551270e-13 -7.188121187112113432e-12 -2.888186087751672729e-12 -2.247658170711410113e-12
2.838314192114359358e-11 -2.008685308533137149e-12 2.456302897849196074e-11 1.515378497576865003e-11 2.610543843068207184e-11 1.428719003730758544e-11 1.740141875096703802e-10 2.816371394130856412e-11 1.860071933996318347e-11 1.854947846162142651e-11 6.251669783281626097e-12 -1.367823616099649088e-12 -4.305515037056000687e-12 -7.026471254164187917e-12 -6.464542148843212417e-12 9.867196549962636547e-13 5.761524594082832252e-12 8.209950906192581718e-12 3.391960246564785318e-12 -1.631089847448755255e-12 2.982083493862661302e-12 -2.918384662306965606e-13 -1.530966739958651213e-12 9.157646903010977101e-13 1.573534689704156372e-12 -8.286841048710181833e-14
3.197165785512654179e-11 5.196939064656894784e-13 2.128800977532103388e-11 -6.385332349977480693e-12 -2.326812386286404896e-12 7.018421152243782497e-12 2.816371394130856412e-11 1.171423818583771801e-10 3.666946647321362354e-11 1.811181987935823107e-11 5.426522345719491315e-12 -2.129896428096142118e-14 -1.944047137008701109e-12 -8.175327847493550083e-13 -1.078681298886882626e-12 -1.206710564624802565e-12 1.675149884068984593e-12 4.784640839778265611e-12 4.547552659101618388e-12 -9.107509221757671508e-13 -1.978418897567370604e-12 -3.415828179479670271e-12 2.334146728213669515e-13 1.887397984783611029e-12 -1.312456866211283193e-12 -2.456147640833474497e-12
3.624291260823671900e-11 -3.401560017536495455e-11 1.232309254674870280e-11 -2.803355328105279327e-11 -5.754069489809678348e-13 -8.092757728130458001e-12 1.860071933996318347e-11 3.666946647321362354e-11 9.304386550258437847e-11 3.039626064694584677e-11 9.938939427440456778e-12 9.534546970583844542e-12 3.943497227228657944e-12 4.880820808936599890e-12 1.470921727168795615e-12 -1.845098993288066287e-13 -7.020260901561968555e-13 1.902161017009488023e-12 4.263503100387740943e-13 -1.467354796412661013e-12 -2.843264369808372789e-12 -3.454999041679088484e-12 9.824712009844322922e-15 -1.118003633049448026e-13 -4.728075958910771108e-12 -5.516429573159121370e-13
4.540241408095358534e-11 3.146188156565262495e-11 -2.015140123970718066e-11 -1.419974810063395525e-12 7.137933072316026526e-12 6.793729657769744018e-12 1.854947846162142651e-11 1.811181987935823107e-11 3.039626064694584677e-11 6.977902340238573309e-11 1.771365939390473743e-11 1.209313599846788341e-11 9.506684933767931583e-12 3.474377674320380912e-12 2.114125922593469136e-12 -2.987366624243394386e-12 -1.217204134595180259e-12 2.503831702267361045e-13 1.542431527282681534e-13 -2.474775601490245812e-12 -3.314660667134490936e-12 -2.475081709925793507e-12 -8.441794780576271340e-13 -1.042722743429687023e-12 -2.647084267560885365e-12 1.635255956497422958e-13
7.936314079024438522e-12 1.960579566938253997e-11 8.440462729888078550e-12 -3.000282378494817058e-12 -3.867727259584914299e-12 -2.185664578683516061e-12 6.251669783281626097e-12 5.426522345719491315e-12 9.938939427440456778e-12 1.771365939390473743e-11 5.206512206570193110e-11 1.432756215084348877e-11 9.869159911196912528e-12 6.787275532512546387e-12 3.122415137146643182e-12 2.467111088166524000e-12 3.030070179644220425e-12 3.895342126362150238e-12 -3.315626777824244053e-12 -3.084645779328971958e-12 -3.874817280509057498e-12 -2.741358845258340302e-12 -1.897727012947918428e-12 4.618483170321206893e-13 1.356889409970557570e-12 1.713877923043253145e-12
-1.919409125503148458e-12 -5.045143983971083452e-12 -7.697117013668715041e-12 3.868876821019163974e-12 -6.496943048883360825e-12 -2.561311104018350870e-12 -1.367823616099649088e-12 -2.129896428096142118e-14 9.534546970583844542e-12 1.209313599846788341e-11 1.432756215084348877e-11 4.239071291051060567e-11 1.494592285687083139e-11 1.247594678265529053e-11 6.127134187526158334e-12 6.694584455161798550e-12 6.773448826909271299e-13 1.217063197872948368e-12 -4.755324967407297062e-12 -2.984693721919232459e-12 -6.229240503477396317e-13 1.002607824058091156e-12 -2.849718070573286606e-13 -1.119088173924226761e-12 -8.630366660926743270e-13 9.799553219559245800e-13
1.876268456365978799e-11 -1.314676244246044240e-11 -8.022534281864335887e-12 -4.717412916578005120e-12 -4.248416156317833443e-12 -1.005978069701594733e-11 -4.305515037056000687e-12 -1.944047137008701109e-12 3.943497227228657944e-12 9.506684933767931583e-12 9.869159911196912528e-12 1.494592285687083139e-11 3.241561559695919223e-11 1.637814468376622930e-11 1.005995753739933647e-11 9.045651184500025351e-12 2.720699421270615395e-12 2.223721169852734759e-13 -8.988407602293147712e-13 5.785565977580031516e-13 -2.565787339140933872e-12 -5.152679917039676821e-13 6.759537063611205692e-13 -1.404492232002100120e-12 -8.521662869382751670e-13 1.053237434683426183e-12
1.728967072483124444e-11 -1.580187875793255565e-11 1.121295135572640838e-11 2.561506142700941570e-12 -3.643092714781129395e-12 -1.214668753921066202e-11 -7.026471254164187917e-12 -8.175327847493550083e-13 4.880820808936599890e-12 3.474377674320380912e-12 6.787275532512546387e-12 1.247594678265529053e-11 1.637814468376622930e-11 3.183043883434029604e-11 1.771330616323949420e-11 1.214071920572179362e-11 4.139802656460177697e-12 1.899817015502887937e-12 5.386209895611966057e-13 8.711179566945238113e-13 -6.686821143853657918e-13 8.508404228972696037e-13 1.094202345738330412e-12 -9.459866780491569606e-13 -7.586526238921477809e-13 1.112036644495689445e-12
3.031296657909089995e-11 -2.769037479516414060e-11 -9.709825953343405189e-13 2.814653937830936241e-12 -5.837001042250312780e-14 -8.282909655745314306e-12 -6.464542148843212417e-12 -1.078681298886882626e-12 1.470921727168795615e-12 2.114125922593469136e-12 3.122415137146643182e-12 6.127134187526158334e-12 1.005995753739933647e-11 1.771330616323949420e-11 2.715585063403498163e-11 1.587662610561277441e-11 7.932946957044847159e-12 2.973213625440870386e-12 2.976529669605127898e-12 2.809479756270266653e-12 -3.404995185578924103e-15 3.444214191070462931e-13 3.218767298244475336e-13 -6.028868243029829047e-14 -1.452928505878030647e-13 8.797185768950757281e-13
2.567099941338167763e-11 -1.701262883267438715e-11 1.766074154235177518e-11 -2.535884440279240860e-12 -4.718950467194066270e-12 -1.271824861432303565e-11 9.867196549962636547e-13 -1.206710564624802565e-12 -1.845098993288066287e-13 -2.987366624243394386e-12 2.467111088166524000e-12 6.694584455161798550e-12 9.045651184500025351e-12 1.214071920572179362e-11 1.587662610561277441e-11 2.795445108521497548e-11 1.602590624299185017e-11 7.437482695992833255e-12 4.516475186324639161e-12 3.067641489472264035e-12 -1.999542237654905281e-13 1.468012705926642930e-12 1.296084252530338523e-12 8.044665080402145909e-14 -9.281410445659481602e-13 1.435752682111987578e-12
1.952454609564959040e-11 1.043790398996190419e-13 2.054131825921611454e-11 -3.045500329806833462e-13 -2.113311573030234675e-12 -2.831393875067334370e-12 5.761524594082832252e-12 1.675149884068984593e-12 -7.020260901561968555e-13 -1.217204134595180259e-12 3.030070179644220425e-12 6.773448826909271299e-13 2.720699421270615395e-12 4.139802656460177697e-12 7.932946957044847159e-12 1.602590624299185017e-11 2.462102181520711120e-11 1.286148516060375508e-11 5.650500210196938058e-12 2.351258473056375722e-12 2.998158187663122181e-13 5.850003950859418817e-13 1.479999437154967369e-12 4.783921624116027264e-13 -4.200211251927563115e-13 2.850188754659527354e-13
3.656772203749553449e-11 -5.472304315676061827e-12 7.191841340665524222e-12 3.817466737513179581e-12 -5.417190017826847124e-12 -4.606240366205541122e-12 8.209950906192581718e-12 4.784640839778265611e-12 1.902161017009488023e-12 2.503831702267361045e-13 3.895342126362150238e-12 1.217063197872948368e-12 2.223721169852734759e-13 1.899817015502887937e-12 2.973213625440870386e-12 7.437482695992833255e-12 1.286148516060375508e-11 2.327941472613805508e-11 1.269986070473241738e-11 6.601732691814778365e-12 3.185223064166312312e-12 1.274491348263061599e-12 1.856518983772081632e-12 1.858253686276367978e-13 -8.550442004218508901e-14 2.593095326006930463e-14
2.630246534231271213e-11 4.930525791322161278e-12 6.731726955089662393e-12 3.882602157411668409e-12 -1.099854906076120464e-11 -2.474059795755102510e-12 3.391960246564785318e-12 4.547552659101618388e-12 4.263503100387740943e-13 1.542431527282681534e-13 -3.315626777824244053e-12 -4.755324967407297062e-12 -8.988407602293147712e-13 5.386209895611966057e-13 2.976529669605127898e-12 4.516475186324639161e-12 5.650500210196938058e-12 1.269986070473241738e-11 2.323376048841262420e-11 1.475096183933076783e-11 7.088895831153719521e-12 1.421010273469768351e-12 8.229199270814033627e-13 1.048259506164163589e-12 -4.728308464420886851e-13 -9.279835253657356715e-13
1.778268275307832830e-11 -2.888364519738155298e-12 1.172706157713117957e-11 5.365600055322004640e-12 -1.165522742404330457e-12 1.927306709130571373e-12 -1.631089847448755255e-12 -9.107509221757671508e-13 -1.467354796412661013e-12 -2.474775601490245812e-12 -3.084645779328971958e-12 -2.984693721919232459e-12 5.785565977580031516e-13 8.711179566945238113e-13 2.809479756270266653e-12 3.067641489472264035e-12 2.351258473056375722e-12 6.601732691814778365e-12 1.475096183933076783e-11 2.329547407439878694e-11 1.440080320857235382e-11 4.188360113513296454e-12 9.464407391652058292e-13 8.630139418464211610e-13 2.933767912481200660e-13 5.306364435222211247e-14
-1.137007559340741277e-11 6.113942360653381329e-13 4.083603497687681714e-12 1.165315487507800324e-11 6.009549138139279228e-13 1.376189653578615788e-12 2.982083493862661302e-12 -1.978418897567370604e-12 -2.843264369808372789e-12 -3.314660667134490936e-12 -3.874817280509057498e-12 -6.229240503477396317e-13 -2.565787339140933872e-12 -6.686821143853657918e-13 -3.404995185578924103e-15 -1.999542237654905281e-13 2.998158187663122181e-13 3.185223064166312312e-12 7.088895831153719521e-12 1.440080320857235382e-11 2.233759454232642291e-11 8.033227284520783958e-12 2.733443628409249316e-12 1.509916063951697574e-12 1.123494507881669969e-12 -1.797410992512197450e-13
7.392097366481478851e-12 -3.429407647736036836e-12 -6.843609731565925847e-12 1.021547065714412092e-12 -3.754751526671557941e-12 -4.096489224416742352e-12 -2.918384662306965606e-13 -3.415828179479670271e-12 -3.454999041679088484e-12 -2.475081709925793507e-12 -2.741358845258340302e-12 1.002607824058091156e-12 -5.152679917039676821e-13 8.508404228972696037e-13 3.444214191070462931e-13 1.468012705926642930e-12 5.850003950859418817e-13 1.274491348263061599e-12 1.421010273469768351e-12 4.188360113513296454e-12 8.033227284520783958e-12 1.149512717805813166e-11 5.315527230414139935e-12 1.228816777311651102e-12 7.875836006843768671e-13 -6.152882794733690342e-13
-5.592095595561128968e-12 -4.614674354844959469e-12 -3.380623006559120088e-12 -5.581363155543821172e-12 -5.527634898314193740e-12 -3.945586420475551270e-13 -1.530966739958651213e-12 2.334146728213669515e-13 9.824712009844322922e-15 -8.441794780576271340e-13 -1.897727012947918428e-12 -2.849718070573286606e-13 6.759537063611205692e-13 1.094202345738330412e-12 3.218767298244475336e-13 1.296084252530338523e-12 1.479999437154967369e-12 1.856518983772081632e-12 8.229199270814033627e-13 9.464407391652058292e-13 2.733443628409249316e-12 5.315527230414139935e-12 1.008594388565943505e-11 3.525767285760289205e-12 3.857858616611451544e-13 -3.303835068537780379e-13
-6.499907765174835366e-12 1.683010651226568582e-12 2.899100678005493327e-12 5.351020212682761754e-12 -3.298202365085623588e-12 -7.188121187112113432e-12 9.157646903010977101e-13 1.887397984783611029e-12 -1.118003633049448026e-13 -1.042722743429687023e-12 4.618483170321206893e-13 -1.119088173924226761e-12 -1.404492232002100120e-12 -9.459866780491569606e-13 -6.028868243029829047e-14 8.044665080402145909e-14 4.783921624116027264e-13 1.858253686276367978e-13 1.048259506164163589e-12 8.630139418464211610e-13 1.509916063951697574e-12 1.228816777311651102e-12 3.525767285760289205e-12 7.869599779888909023e-12 1.933486960444975122e-12 -1.805562935126233437e-13
-1.305121314294590257e-11 -2.124717241146071461e-12 4.788547127291410036e-12 3.677582165792609597e-12 -2.729708924694947133e-12 -2.888186087751672729e-12 1.573534689704156372e-12 -1.312456866211283193e-12 -4.728075958910771108e-12 -2.647084267560885365e-12 1.356889409970557570e-12 -8.630366660926743270e-13 -8.521662869382751670e-13 -7.586526238921477809e-13 -1.452928505878030647e-13 -9.281410445659481602e-13 -4.200211251927563115e-13 -8.550442004218508901e-14 -4.728308464420886851e-13 2.933767912481200660e-13 1.123494507881669969e-12 7.875836006843768671e-13 3.857858616611451544e-13 1.933486960444975122e-12 4.941205580337118730e-12 9.202563916129913042e-13
-1.647252315651840857e-12 -3.395671796457685500e-12 -1.632143960347575896e-12 -5.583251065059724008e-12 7.434880963774339055e-13 -2.247658170711410113e-12 -8.286841048710181833e-14 -2.456147640833474497e-12 -5.516429573159121370e-13 1.635255956497422958e-13 1.713877923043253145e-12 9.799553219559245800e-13 1.053237434683426183e-12 1.112036644495689445e-12 8.797185768950757281e-13 1.435752682111987578e-12 2.850188754659527354e-13 2.593095326006930463e-14 -9.279835253657356715e-13 5.306364435222211247e-14 -1.797410992512197450e-13 -6.152882794733690342e-13 -3.303835068537780379e-13 -1.805562935126233437e-13 9.202563916129913042e-13 4.523499886539569595e-12
