2.940460698958826329e-09 5.054267185972141257e-10 2.767849960659339089e-10 1.369252462130293756e-10 1.993657716292572304e-10 1.102922122021253553e-10 5.988738253987055532e-11 -1.101394213787621919e-11 -1.592828182684113875e-11 6.660342441052758649e-11 3.359387043007499657e-11 4.630018596569897373e-11 -3.421322578675571234e-11 5.088684429996653367e-12 -1.051885048809006941e-11 -6.211794333714495380e-12 1.818516374101229710e-11 1.207940049729725994e-11 -3.538186750528885101e-12 -2.539700534716447251e-12 1.872859387046458454e-11 7.635968180875213861e-12 -3.804973508312457623e-12 -2.238817771872974188e-11 -1.798815717979196467e-11 -6.568847372070769198e-12
5.054267185972141257e-10 2.027237515180303779e-09 2.894743229971592850e-10 2.092213822684459699e-10 5.529690210898153111e-11 9.919981907378716940e-11 7.428710315384521308e-11 5.293996887188294031e-11 1.755707854150528538e-11 2.324000857942841605e-11 3.563047339751511641e-11 3.891436580865694060e-11 2.214977035639402923e-11 4.803693972832445153e-11 6.466252819287034138e-12 1.300665463051753779e-11 1.365266582027210809e-11 1.200821059382711634e-11 1.736726774499235044e-11 2.592762424022028701e-11 7.369137198661708041e-12 9.378772352042067983e-12 9.048964100280506508e-12 2.715955764749181279e-12 -5.646515000345003379e-13 -8.853064080936703703e-12
2.767849960659339089e-10 2.894743229971592850e-10 1.181616313140917905e-09 2.523902910256102746e-10 1.397759618164633979e-10 9.491957972916012634e-11 5.370308262152037197e-11 6.439221207607124566e-11 7.894141043489217218e-11 8.083577817356564828e-11 3.775844028526509751e-11 3.359452651953702645e-11 1.222973655105355262e-11 1.249160604399672223e-11 -1.409806983953996737e-11 -1.283353035028112018e-12 2.150309050454074708e-11 2.344906987285088207e-11 -3.545891031863363652e-12 -7.213820292413037448e-12 3.775749736133206309e-13 6.104361573111924055e-12 7.612058711415552327e-12 -3.607424754523610357e-12 -1.438399872782352465e-11 -5.353243233418988700e-12
1.369252462130293756e-10 2.092213822684459699e-10 2.523902910256102746e-10 8.547403992170939306e-10 7.928102533039350155e-11 5.542045112296685027e-11 7.360897994442931906e-11 2.429548166562862805e-11 4.154654107765850256e-11 9.577447632344239382e-12 2.218732700583808286e-12 2.098168633250483999e-11 -3.858839835682504007e-13 1.919374238813912095e-11 6.979633267942428461e-12 1.844753137371581405e-12 9.370296611619419620e-12 9.627045699622557447e-12 2.087095274986084505e-12 -1.447666623436318803e-13 1.445986962161224388e-11 5.359987575136071895e-12 4.580233732973757656e-13 3.381044510378610178e-12 7.885033504028084208e-13 -7.551106350928949309e-12
1.993657716292572304e-10 5.529690210898153111e-11 1.397759618164633979e-10 7.928102533039350155e-11 5.442428618357832293e-10 1.092188285964396993e-10 1.960007528745031982e-11 2.725946695680755651e-11 8.000922847869106234e-12 3.584745965982347721e-11 1.966576096853262836e-12 1.811223937235573665e-11 5.455711920854063621e-12 1.398627154175469074e-11 1.129766419403297407e-11 1.166124612260015477e-11 1.234192315651446231e-11 8.770587896120539983e-12 1.365756648042672762e-11 3.282123720136917415e-12 4.528980747902673846e-12 3.632454299935397108e-12 2.837884563343462327e-12 1.957489445617419055e-12 4.574151255338268009e-12 -6.164636026568014152e-12
1.102922122021253553e-10 9.919981907378716940e-11 9.491957972916012634e-11 5.542045112296685027e-11 1.092188285964396993e-10 4.143287890697535022e-10 9.013519811220786953e-11 3.540396759440778536e-11 2.265173830891230807e-11 1.212636026750996619e-11 1.363679136938905870e-11 1.116061977082185906e-11 -5.068013223303233222e-13 1.795167425740874778e-12 6.764328689496669571e-12 3.945091122770085806e-12 5.689064327426328811e-12 -2.708990918636150056e-12 -8.480211029247786568e-13 2.376602567714579758e-12 1.862855783955430497e-12 -9.629790305065480474e-13 -1.648254935727943648e-12 -2.658378224871465920e-12 2.434960740070277131e-12 2.618776651906971158e-13
5.988738253987055532e-11 7.428710315384521308e-11 5.370308262152037197e-11 7.360897994442931906e-11 1.960007528745031982e-11 9.013519811220786953e-11 2.926219120253689430e-10 3.213643138284702041e-11 2.313637007404607288e-11 2.568419999957802798e-11 3.452779136142477528e-11 1.571262346125022877e-11 9.574462654012317002e-12 -8.429766021835841159e-13 -1.354346765013476269e-12 3.212707777831896728e-12 -2.776383435567231001e-12 1.849101951339407544e-12 4.055826906098253279e-12 -1.005268102980945196e-12 -2.643338641377490551e-13 -1.096877782194151139e-12 1.678686229765752208e-13 5.882380109853420168e-13 1.813641711189728657e-12 -2.741169442051055945e-13
-1.101394213787621919e-11 5.293996887188294031e-11 6.439221207607124566e-11 2.429548166562862805e-11 2.725946695680755651e-11 3.540396759440778536e-11 3.213643138284702041e-11 1.699980153391779969e-10 3.513137207579640404e-11 2.449276801317523516e-11 2.160883384958794523e-11 1.760763457043750437e-11 1.817769005631094691e-12 -7.470677689757698109e-13 -5.834128475349213430e-12 -2.939514546956609528e-12 -7.862204352373086311e-13 7.643289481109997402e-12 1.066410232483889436e-11 6.444232339470021135e-12 6.944339899797521914e-12 2.989630955954911396e-12 2.223822061298090504e-12 4.957469239230334052e-12 3.201900410747698807e-12 -1.454508191407774882e-12
-1.592828182684113875e-11 1.755707854150528538e-11 7.894141043489217218e-11 4.154654107765850256e-11 8.000922847869106234e-12 2.265173830891230807e-11 2.313637007404607288e-11 3.513137207579640404e-11 1.164952257338407393e-10 2.205241032554088113e-11 1.904775006959453215e-11 1.675450761198170925e-11 2.853087329113351066e-12 6.311854744903967968e-12 -8.036875835159274960e-13 -3.034775390494455091e-12 -1.752069027882079682e-12 4.033036857558097637e-12 2.357678153647081981e-12 -3.019618513664225169e-13 -1.226379941260703989e-12 -6.152494593418159611e-13 2.076819268324817565e-13 8.015238817709493232e-13 -9.560354999415267125e-13 -6.030028742609364370e-13
6.660342441052758649e-11 2.324000857942841605e-11 8.083577817356564828e-11 9.577447632344239382e-12 3.584745965982347721e-11 1.212636026750996619e-11 2.568419999957802798e-11 2.449276801317523516e-11 2.205241032554088113e-11 8.752773684122074219e-11 2.550606963858304193e-11 1.525095145311434206e-11 7.299588171951148533e-12 5.876979586310244506e-12 -2.870539138544018166e-12 -1.415689993791210998e-12 -1.087776202495513297e-12 -6.924513545614731644e-13 2.328438406931925810e-12 2.537421123669547586e-12 9.861382486348721657e-13 2.682926471494813818e-12 9.175183910367373208e-13 -4.210925403777044791e-13 4.395134525905907099e-14 -7.024225338906873657e-13
3.359387043007499657e-11 3.563047339751511641e-11 3.775844028526509751e-11 2.218732700583808286e-12 1.966576096853262836e-12 1.363679136938905870e-11 3.452779136142477528e-11 2.160883384958794523e-11 1.904775006959453215e-11 2.550606963858304193e-11 7.306792711379196523e-11 2.529419338329460409e-11 1.295513421981115213e-11 4.819908525110455839e-12 2.268961232035973610e-12 2.847438042875036493e-12 -1.012838617098692400e-12 -1.353221155650590743e-12 -9.682389933988337055e-13 2.271556931810484852e-12 4.839025571212815060e-12 2.842660558779902060e-12 3.288888162951446627e-12 1.277559848452885059e-12 -7.074182745573713755e-13 4.732700019026300770e-13
4.630018596569897373e-11 3.891436580865694060e-11 3.359452651953702645e-11 2.098168633250483999e-11 1.811223937235573665e-11 1.116061977082185906e-11 1.571262346125022877e-11 1.760763457043750437e-11 1.675450761198170925e-11 1.525095145311434206e-11 2.529419338329460409e-11 5.435429362984795481e-11 1.217501264200817690e-11 7.717349454538816069e-12 2.693062105303507108e-12 1.592130799081200511e-12 -1.796968498300089828e-12 -1.767132463556357677e-12 -1.293898840702635027e-12 -1.875392617666841467e-13 9.865568374423370505e-13 -1.921024468682830533e-12 -2.130919189423049024e-12 -1.096092711173430477e-12 1.264113853766041504e-13 -8.480120938018170649e-13
-3.421322578675571234e-11 2.214977035639402923e-11 1.222973655105355262e-11 -3.858839835682504007e-13 5.455711920854063621e-12 -5.068013223303233222e-13 9.574462654012317002e-12 1.817769005631094691e-12 2.853087329113351066e-12 7.299588171951148533e-12 1.295513421981115213e-11 1.217501264200817690e-11 3.515561116223196495e-11 1.438445440332107915e-11 5.535730310760342700e-12 1.709594509506113243e-12 -2.117706088649563385e-12 -2.941044543590792526e-12 -4.488783452400488998e-13 1.431371131519401210e-12 -4.551236546033120804e-13 -1.757762919897320556e-12 -1.483641889683211967e-12 6.374890860640265949e-13 5.053245362935834366e-13 -1.262775517964356976e-12
5.088684429996653367e-12 4.803693972832445153e-11 1.249160604399672223e-11 1.919374238813912095e-11 1.398627154175469074e-11 1.795167425740874778e-12 -8.429766021835841159e-13 -7.470677689757698109e-13 6.311854744903967968e-12 5.876979586310244506e-12 4.819908525110455839e-12 7.717349454538816069e-12 1.438445440332107915e-11 3.364711500283508083e-11 1.350561862758110600e-11 7.128908029422029435e-12 6.075434032882153968e-12 3.518640244498586720e-12 1.536818725015928053e-12 2.200892356589902441e-12 6.690248658468907878e-13 1.574889674332932535e-12 1.350464807249341850e-12 1.088770086756982657e-12 -1.393282546276221052e-12 -1.950011883223672494e-12
-1.051885048809006941e-11 6.466252819287034138e-12 -1.409806983953996737e-11 6.979633267942428461e-12 1.129766419403297407e-11 6.764328689496669571e-12 -1.354346765013476269e-12 -5.834128475349213430e-12 -8.036875835159274960e-13 -2.870539138544018166e-12 2.268961232035973610e-12 2.693062105303507108e-12 5.535730310760342700e-12 1.350561862758110600e-11 3.005742871968591261e-11 1.684775630476151573e-11 1.105115027841277836e-11 5.236351686703367477e-12 5.224226887495314056e-12 3.424298184997542795e-12 2.973558010378534737e-12 1.535133601444753942e-12 -1.481591382456428424e-13 4.465357154905836899e-13 -9.068485736014533696e-13 -1.959371702739079889e-12
-6.211794333714495380e-12 1.300665463051753779e-11 -1.283353035028112018e-12 1.844753137371581405e-12 1.166124612260015477e-11 3.945091122770085806e-12 3.212707777831896728e-12 -2.939514546956609528e-12 -3.034775390494455091e-12 -1.415689993791210998e-12 2.847438042875036493e-12 1.592130799081200511e-12 1.709594509506113243e-12 7.128908029422029435e-12 1.684775630476151573e-11 2.729523038245138434e-11 1.616503267445958304e-11 6.751867548889656022e-12 4.486125122477356417e-12 2.017167068803790672e-12 1.542954998611644452e-12 9.085616393050507268e-13 -1.309786950191872653e-12 -2.554666477340836662e-13 9.749173949396469867e-14 -5.884173546130774421e-13
1.818516374101229710e-11 1.365266582027210809e-11 2.150309050454074708e-11 9.370296611619419620e-12 1.234192315651446231e-11 5.689064327426328811e-12 -2.776383435567231001e-12 -7.862204352373086311e-13 -1.752069027882079682e-12 -1.087776202495513297e-12 -1.012838617098692400e-12 -1.796968498300089828e-12 -2.117706088649563385e-12 6.075434032882153968e-12 1.105115027841277836e-11 1.616503267445958304e-11 2.516849311829209566e-11 1.362575612419150939e-11 7.421180041353731188e-12 3.475062856339004887e-12 1.934366371190767741e-12 1.188483944250899114e-12 4.909697144851662342e-13 8.308433689996280514e-13 -2.156699765456108192e-13 5.800084769936761221e-13
1.207940049729725994e-11 1.200821059382711634e-11 2.344906987285088207e-11 9.627045699622557447e-12 8.770587896120539983e-12 -2.708990918636150056e-12 1.849101951339407544e-12 7.643289481109997402e-12 4.033036857558097637e-12 -6.924513545614731644e-13 -1.353221155650590743e-12 -1.767132463556357677e-12 -2.941044543590792526e-12 3.518640244498586720e-12 5.236351686703367477e-12 6.751867548889656022e-12 1.362575612419150939e-11 2.061231027955129031e-11 9.909119138576364324e-12 3.450873579113724142e-12 1.823401488601629018e-12 1.384555696813404074e-12 3.236182011154204003e-13 -8.945638866224166025e-14 -1.361066957142899300e-12 2.786936141299158390e-13
-3.538186750528885101e-12 1.736726774499235044e-11 -3.545891031863363652e-12 2.087095274986084505e-12 1.365756648042672762e-11 -8.480211029247786568e-13 4.055826906098253279e-12 1.066410232483889436e-11 2.357678153647081981e-12 2.328438406931925810e-12 -9.682389933988337055e-13 -1.293898840702635027e-12 -4.488783452400488998e-13 1.536818725015928053e-12 5.224226887495314056e-12 4.486125122477356417e-12 7.421180041353731188e-12 9.909119138576364324e-12 2.010882075902999952e-11 1.133350876735804500e-11 5.345057351582596371e-12 2.430816152812109277e-12 1.319417697785130944e-12 9.837969479581825744e-13 9.753593057213558574e-13 -1.161710933522845176e-12
-2.539700534716447251e-12 2.592762424022028701e-11 -7.213820292413037448e-12 -1.447666623436318803e-13 3.282123720136917415e-12 2.376602567714579758e-12 -1.005268102980945196e-12 6.444232339470021135e-12 -3.019618513664225169e-13 2.537421123669547586e-12 2.271556931810484852e-12 -1.875392617666841467e-13 1.431371131519401210e-12 2.200892356589902441e-12 3.424298184997542795e-12 2.017167068803790672e-12 3.475062856339004887e-12 3.450873579113724142e-12 1.133350876735804500e-11 1.850132864341181693e-11 1.080190122214230156e-11 4.343857345119741940e-12 1.774453045690486268e-12 8.778683925769858525e-13 3.072075146017104499e-14 -1.259169164981460550e-12
1.872859387046458454e-11 7.369137198661708041e-12 3.775749736133206309e-13 1.445986962161224388e-11 4.528980747902673846e-12 1.862855783955430497e-12 -2.643338641377490551e-13 6.944339899797521914e-12 -1.226379941260703989e-12 9.861382486348721657e-13 4.839025571212815060e-12 9.865568374423370505e-13 -4.551236546033120804e-13 6.690248658468907878e-13 2.973558010378534737e-12 1.542954998611644452e-12 1.934366371190767741e-12 1.823401488601629018e-12 5.345057351582596371e-12 1.080190122214230156e-11 1.927395477354846707e-11 1.054694884894801988e-11 2.919819999007595283e-12 7.854204774171461210e-13 -9.820117055187547169e-13 -2.088995141895607185e-12
7.635968180875213861e-12 9.378772352042067983e-12 6.104361573111924055e-12 5.359987575136071895e-12 3.632454299935397108e-12 -9.629790305065480474e-13 -1.096877782194151139e-12 2.989630955954911396e-12 -6.152494593418159611e-13 2.682926471494813818e-12 2.842660558779902060e-12 -1.921024468682830533e-12 -1.757762919897320556e-12 1.574889674332932535e-12 1.535133601444753942e-12 9.085616393050507268e-13 1.188483944250899114e-12 1.384555696813404074e-12 2.430816152812109277e-12 4.343857345119741940e-12 1.054694884894801988e-11 1.598856983291508317e-11 5.232416210225653444e-12 1.474232654082588066e-12 -1.172570470674091362e-12 -2.151297742479956300e-12
-3.804973508312457623e-12 9.048964100280506508e-12 7.612058711415552327e-12 4.580233732973757656e-13 2.837884563343462327e-12 -1.648254935727943648e-12 1.678686229765752208e-13 2.223822061298090504e-12 2.076819268324817565e-13 9.175183910367373208e-13 3.288888162951446627e-12 -2.130919189423049024e-12 -1.483641889683211967e-12 1.350464807249341850e-12 -1.481591382456428424e-13 -1.309786950191872653e-12 4.909697144851662342e-13 3.236182011154204003e-13 1.319417697785130944e-12 1.774453045690486268e-12 2.919819999007595283e-12 5.232416210225653444e-12 8.723589271788750744e-12 3.862364537624314893e-12 -5.949198723850272067e-13 -4.840590437179514088e-13
-2.238817771872974188e-11 2.715955764749181279e-12 -3.607424754523610357e-12 3.381044510378610178e-12 1.957489445617419055e-12 -2.658378224871465920e-12 5.882380109853420168e-13 4.957469239230334052e-12 8.015238817709493232e-13 -4.210925403777044791e-13 1.277559848452885059e-12 -1.096092711173430477e-12 6.374890860640265949e-13 1.088770086756982657e-12 4.465357154905836899e-13 -2.554666477340836662e-13 8.308433689996280514e-13 -8.945638866224166025e-14 9.837969479581825744e-13 8.778683925769858525e-13 7.854204774171461210e-13 1.474232654082588066e-12 3.862364537624314893e-12 7.009333289722164434e-12 1.735012582392633059e-12 4.622706157355915439e-13
-1.798815717979196467e-11 -5.646515000345003379e-13 -1.438399872782352465e-11 7.885033504028084208e-13 4.574151255338268009e-12 2.434960740070277131e-12 1.813641711189728657e-12 3.201900410747698807e-12 -9.560354999415267125e-13 4.395134525905907099e-14 -7.074182745573713755e-13 1.264113853766041504e-13 5.053245362935834366e-13 -1.393282546276221052e-12 -9.068485736014533696e-13 9.749173949396469867e-14 -2.156699765456108192e-13 -1.361066957142899300e-12 9.753593057213558574e-13 3.072075146017104499e-14 -9.820117055187547169e-13 -1.172570470674091362e-12 -5.949198723850272067e-13 1.735012582392633059e-12 6.588080519955949797e-12 1.557690866671427494e-12
-6.568847372070769198e-12 -8.853064080936703703e-12 -5.353243233418988700e-12 -7.551106350928949309e-12 -6.164636026568014152e-12 2.618776651906971158e-13 -2.741169442051055945e-13 -1.454508191407774882e-12 -6.030028742609364370e-13 -7.024225338906873657e-13 4.732700019026300770e-13 -8.480120938018170649e-13 -1.262775517964356976e-12 -1.950011883223672494e-12 -1.959371702739079889e-12 -5.884173546130774421e-13 5.800084769936761221e-13 2.786936141299158390e-13 -1.161710933522845176e-12 -1.259169164981460550e-12 -2.088995141895607185e-12 -2.151297742479956300e-12 -4.840590437179514088e-13 4.622706157355915439e-13 1.557690866671427494e-12 4.890349660810689450e-12
