2.670132003311855788e-09 4.215893803582846671e-10 3.744207877843842586e-10 2.049073014723926948e-10 1.446517487902439871e-10 2.829233113274934858e-11 8.301156054451959610e-11 2.476684777313031570e-11 9.688557445880499882e-11 9.304462306263378875e-11 4.168427065508917058e-11 4.910241630524192694e-11 5.121973922802068181e-11 6.305937169053383301e-12 2.455707211137867721e-11 1.684368533243228305e-11 -5.027081119214171574e-12 -5.332917042120361266e-12 -1.531372652185306409e-11 -1.782699422410151441e-11 -9.796380024063057529e-12 -8.498507956390323573e-12 2.640043576057263819e-12 -4.070219202238181041e-12 3.056932652318779811e-11 1.434427264845638419e-11
4.215893803582846671e-10 1.750474710567598253e-09 4.252392050875448118e-10 2.340615910591308622e-10 1.578400904894073885e-10 9.458112026371069649e-11 2.374934473485053945e-11 6.362036147433237980e-11 1.290943976192059148e-10 3.415285209844319583e-11 3.309587225571868823e-11 2.212020752649749064e-11 2.256484668087985629e-11 3.721750678105199705e-11 2.122000273811109020e-11 3.307660746604742192e-11 1.941236936851158483e-11 3.422112580880645198e-12 -1.960158496226600705e-12 -1.989597591411007825e-12 2.409557059049212273e-11 3.655557349716163566e-13 -5.068958489980075063e-12 -5.573823824153581339e-12 1.088406136487739660e-11 -6.370301621036762163e-12
3.744207877843842586e-10 4.252392050875448118e-10 1.143922212495558658e-09 2.086239934830913369e-10 1.264203260048518623e-10 1.015507192121283572e-10 8.253074742792084505e-11 5.813401696214804977e-11 8.471446595347703946e-11 2.441289519151767678e-11 3.064111751000743055e-11 1.876640539565847750e-11 2.386093002698526437e-11 3.337828203504655907e-11 9.795631446072069412e-12 1.749741368493416608e-11 1.752256089646075237e-11 1.497975836011484272e-11 2.552050643815918685e-11 1.940809216841334051e-11 1.666986214635470091e-11 7.279613007368923172e-12 2.102273585526392435e-12 7.314082984956381225e-12 1.447826521387295293e-11 4.199500220075526996e-12
2.049073014723926948e-10 2.340615910591308622e-10 2.086239934830913369e-10 6.589609519182874272e-10 1.120036310503514500e-10 7.062188740830941195e-11 9.312353311763259361e-11 4.536961649431710349e-11 6.312127337780454943e-11 3.397678241137056598e-11 2.355604468660293287e-11 2.664064141906808010e-11 3.205808694784057981e-11 2.502829124448259595e-11 2.419760799754630763e-11 2.103935988019498713e-11 2.761507747880806818e-11 9.545183145495704425e-12 9.289667835161455699e-12 3.310824263397097831e-12 -3.187800552020128660e-12 -4.271623830816762052e-12 -1.159830586009614985e-11 -6.044444960935758727e-12 -4.734466562932906826e-12 6.071848821303368567e-12
1.446517487902439871e-10 1.578400904894073885e-10 1.264203260048518623e-10 1.120036310503514500e-10 4.306371819713476144e-10 5.561064157895956043e-11 6.933037841326105581e-11 5.389358061393724349e-11 5.626739884687136309e-11 3.495228449863434092e-11 -3.077416104853452556e-12 4.743560138106340871e-13 4.614546479104837692e-12 -2.525448707003795968e-12 -1.461515973633367690e-11 6.083549010471534073e-14 -5.878144889371512925e-12 -4.737464879228902597e-12 -9.107278889552139485e-13 7.630999909406162400e-12 3.979666312509383771e-12 1.691009641426566817e-13 -4.452028157736810208e-12 -1.742473189533301800e-12 3.928937258000483661e-12 -6.177800535174004163e-13
2.829233113274934858e-11 9.458112026371069649e-11 1.015507192121283572e-10 7.062188740830941195e-11 5.561064157895956043e-11 3.030742405566903664e-10 6.974830055278353495e-11 5.189768961214691520e-11 2.474665457754271482e-11 2.578991388288462272e-11 1.902355230966447593e-11 1.048045610791451956e-11 1.913453429572908203e-11 1.933654101374937160e-11 1.695790327442713637e-11 2.068887696731434228e-11 1.277325184206447488e-11 6.608167592821099727e-12 2.145948569948316461e-12 6.243726129296863078e-12 1.041545818688868474e-11 -1.285509105991667144e-12 -6.181409809768751303e-12 -5.830067360133170209e-12 1.911717754146768866e-12 -5.024837533742178674e-12
8.301156054451959610e-11 2.374934473485053945e-11 8.253074742792084505e-11 9.312353311763259361e-11 6.933037841326105581e-11 6.974830055278353495e-11 2.021330009046296665e-10 6.775228932758870807e-11 3.670516512507754334e-11 2.708350910387226334e-11 1.253538508687872915e-11 1.974158435820440995e-11 1.972421065960997756e-11 2.014355771314400629e-11 6.811424276576858395e-12 1.065063049099619609e-11 1.051713716888594513e-11 3.406833357784429784e-12 1.399822821296312946e-12 -1.010592084128143587e-11 -5.423781960449147903e-12 1.836557199828247791e-13 -2.802827067924549083e-12 -8.985370129697633806e-13 1.075682905593959116e-12 7.456456064954108881e-14
2.476684777313031570e-11 6.362036147433237980e-11 5.813401696214804977e-11 4.536961649431710349e-11 5.389358061393724349e-11 5.189768961214691520e-11 6.775228932758870807e-11 1.911195959043925593e-10 5.912891099566619892e-11 3.587819920775530684e-11 2.644272446865802361e-11 1.713295949240023515e-11 1.870786378240127726e-11 1.363403743362388867e-11 1.126169635628048541e-11 1.403035601941291370e-11 1.011233869105344892e-12 -4.727285700809239200e-12 -9.745209363460758840e-13 -4.543479887394229811e-12 -8.334526302012267811e-12 -7.338151546881761003e-13 -4.162638554898144033e-12 -8.554444328222404984e-13 2.537974909549105813e-12 -2.710202499144489393e-12
9.688557445880499882e-11 1.290943976192059148e-10 8.471446595347703946e-11 6.312127337780454943e-11 5.626739884687136309e-11 2.474665457754271482e-11 3.670516512507754334e-11 5.912891099566619892e-11 1.399878280847686284e-10 4.992716236358122728e-11 1.452571693931558094e-11 1.596835625075265709e-11 2.328011394621514676e-11 1.955582631174378625e-11 1.252488345422237314e-11 9.672462384602382204e-12 6.143433332411500026e-12 1.324162594896220062e-12 -4.142195284872752767e-13 -5.048690586402935863e-12 -5.103109787671275996e-12 -8.190063564914734459e-12 -9.606119186593515670e-12 -6.675884220298689544e-13 -1.003556364107595771e-12 4.154906292321328467e-14
9.304462306263378875e-11 3.415285209844319583e-11 2.441289519151767678e-11 3.397678241137056598e-11 3.495228449863434092e-11 2.578991388288462272e-11 2.708350910387226334e-11 3.587819920775530684e-11 4.992716236358122728e-11 9.266348136128023743e-11 2.940175701916853058e-11 2.535447776508603917e-11 2.404101191313504112e-11 1.638010396062011322e-11 8.714420404420057949e-12 1.071024736355031058e-11 7.197840322798938366e-12 6.287595408372146766e-12 -1.696192562675474503e-12 -6.371794291084407355e-12 -4.582165003903350194e-12 -3.177905442517714278e-12 -2.711754139006786223e-12 -7.369431345341826695e-13 -1.910099400557274029e-13 6.273355734261554986e-13
4.168427065508917058e-11 3.309587225571868823e-11 3.064111751000743055e-11 2.355604468660293287e-11 -3.077416104853452556e-12 1.902355230966447593e-11 1.253538508687872915e-11 2.644272446865802361e-11 1.452571693931558094e-11 2.940175701916853058e-11 7.454185234477610889e-11 2.547448988390804207e-11 2.003331807571888559e-11 1.162519642638837393e-11 7.576374649116930388e-12 9.013560485983067578e-12 7.925297462162438735e-12 6.816622093824261155e-12 5.754832339422737069e-12 1.460893985566670021e-12 -1.860405942550079229e-12 -1.517106660669174328e-12 -5.822714450069056131e-13 -1.221179882859799884e-12 -3.159881624339357533e-12 -1.811002738875030272e-12
4.910241630524192694e-11 2.212020752649749064e-11 1.876640539565847750e-11 2.664064141906808010e-11 4.743560138106340871e-13 1.048045610791451956e-11 1.974158435820440995e-11 1.713295949240023515e-11 1.596835625075265709e-11 2.535447776508603917e-11 2.547448988390804207e-11 5.406487053749543388e-11 3.352820418351944417e-11 1.985009948152010386e-11 1.643316601387724124e-11 1.195767959238929674e-11 7.108685959986580777e-12 6.608346479101144304e-12 4.249067750034337388e-12 -7.803270843458894435e-13 -3.507775464934928241e-13 4.170602672492780273e-13 4.535507071476298797e-13 -1.225098573264369780e-12 5.707757417249310828e-13 -4.437023667810387455e-13
5.121973922802068181e-11 2.256484668087985629e-11 2.386093002698526437e-11 3.205808694784057981e-11 4.614546479104837692e-12 1.913453429572908203e-11 1.972421065960997756e-11 1.870786378240127726e-11 2.328011394621514676e-11 2.404101191313504112e-11 2.003331807571888559e-11 3.352820418351944417e-11 5.450375734802986104e-11 3.139867762087953337e-11 2.201558280489758271e-11 1.689951588978768584e-11 1.399947566868756055e-11 9.724772940242321078e-12 5.279612607654456601e-12 -1.863146247494502689e-12 -1.014460375361483093e-12 1.212140658826172126e-12 8.816280882506640403e-13 7.987401404215878538e-13 2.746252055803333487e-12 1.910733784789223759e-12
6.305937169053383301e-12 3.721750678105199705e-11 3.337828203504655907e-11 2.502829124448259595e-11 -2.525448707003795968e-12 1.933654101374937160e-11 2.014355771314400629e-11 1.363403743362388867e-11 1.955582631174378625e-11 1.638010396062011322e-11 1.162519642638837393e-11 1.985009948152010386e-11 3.139867762087953337e-11 5.174004699316166731e-11 2.946853130142826767e-11 1.648505207447320581e-11 1.216736195102402444e-11 7.051318844240964638e-12 2.082143037479620972e-12 -2.108571238011518796e-12 -8.160975547444649744e-13 1.939794648832924912e-12 3.134580812195507287e-12 1.291242519402519588e-12 3.438799839755885266e-12 9.306513378624321766e-13
2.455707211137867721e-11 2.122000273811109020e-11 9.795631446072069412e-12 2.419760799754630763e-11 -1.461515973633367690e-11 1.695790327442713637e-11 6.811424276576858395e-12 1.126169635628048541e-11 1.252488345422237314e-11 8.714420404420057949e-12 7.576374649116930388e-12 1.643316601387724124e-11 2.201558280489758271e-11 2.946853130142826767e-11 4.328771639111362452e-11 2.706858309228179049e-11 1.575586778606154940e-11 9.253095009811397822e-12 6.068392265659588660e-12 1.769514741891820858e-12 3.245622616349111256e-12 1.876166307672117101e-12 4.206871840493078807e-12 5.173677664101400751e-13 9.151062001386445915e-13 -1.544849325311698194e-13
1.684368533243228305e-11 3.307660746604742192e-11 1.749741368493416608e-11 2.103935988019498713e-11 6.083549010471534073e-14 2.068887696731434228e-11 1.065063049099619609e-11 1.403035601941291370e-11 9.672462384602382204e-12 1.071024736355031058e-11 9.013560485983067578e-12 1.195767959238929674e-11 1.689951588978768584e-11 1.648505207447320581e-11 2.706858309228179049e-11 4.434814889337743852e-11 2.728475400801911812e-11 1.674307597307996949e-11 9.224313513485731011e-12 4.745349531712604900e-12 2.982635381694849354e-12 1.915150813493341768e-12 3.659638684725845842e-12 1.267504614948524930e-12 -4.361650209785658338e-13 -3.797264200600207300e-13
-5.027081119214171574e-12 1.941236936851158483e-11 1.752256089646075237e-11 2.761507747880806818e-11 -5.878144889371512925e-12 1.277325184206447488e-11 1.051713716888594513e-11 1.011233869105344892e-12 6.143433332411500026e-12 7.197840322798938366e-12 7.925297462162438735e-12 7.108685959986580777e-12 1.399947566868756055e-11 1.216736195102402444e-11 1.575586778606154940e-11 2.728475400801911812e-11 4.093960420809365913e-11 2.974525996255558023e-11 1.844585455855999578e-11 1.025504679603106361e-11 6.775251429322901062e-12 1.109167870559583192e-12 4.578499360999583594e-12 1.578393550679154190e-12 2.064813642015880315e-12 1.239507655774607525e-12
-5.332917042120361266e-12 3.422112580880645198e-12 1.497975836011484272e-11 9.545183145495704425e-12 -4.737464879228902597e-12 6.608167592821099727e-12 3.406833357784429784e-12 -4.727285700809239200e-12 1.324162594896220062e-12 6.287595408372146766e-12 6.816622093824261155e-12 6.608346479101144304e-12 9.724772940242321078e-12 7.051318844240964638e-12 9.253095009811397822e-12 1.674307597307996949e-11 2.974525996255558023e-11 4.211335823354894998e-11 2.640646261244043375e-11 1.480743766786804879e-11 7.166235806050553516e-12 -9.348436239272700910e-13 4.159371788445598806e-12 1.361875487926821227e-12 2.747070319266226849e-12 1.933931583755378537e-12
-1.531372652185306409e-11 -1.960158496226600705e-12 2.552050643815918685e-11 9.289667835161455699e-12 -9.107278889552139485e-13 2.145948569948316461e-12 1.399822821296312946e-12 -9.745209363460758840e-13 -4.142195284872752767e-13 -1.696192562675474503e-12 5.754832339422737069e-12 4.249067750034337388e-12 5.279612607654456601e-12 2.082143037479620972e-12 6.068392265659588660e-12 9.224313513485731011e-12 1.844585455855999578e-11 2.640646261244043375e-11 4.122068212465626730e-11 2.615121548051050228e-11 9.785022802641858410e-12 5.129809049095653076e-12 7.598635832695623166e-12 2.488922478745813971e-12 1.256730144136924556e-12 9.414451457616370267e-13
-1.782699422410151441e-11 -1.989597591411007825e-12 1.940809216841334051e-11 3.310824263397097831e-12 7.630999909406162400e-12 6.243726129296863078e-12 -1.010592084128143587e-11 -4.543479887394229811e-12 -5.048690586402935863e-12 -6.371794291084407355e-12 1.460893985566670021e-12 -7.803270843458894435e-13 -1.863146247494502689e-12 -2.108571238011518796e-12 1.769514741891820858e-12 4.745349531712604900e-12 1.025504679603106361e-11 1.480743766786804879e-11 2.615121548051050228e-11 3.753295182103138025e-11 1.795719210214279173e-11 7.867589857823494344e-12 9.331842713476995925e-12 2.976728919551216069e-12 2.201242177687857224e-12 1.088445880393448939e-12
-9.796380024063057529e-12 2.409557059049212273e-11 1.666986214635470091e-11 -3.187800552020128660e-12 3.979666312509383771e-12 1.041545818688868474e-11 -5.423781960449147903e-12 -8.334526302012267811e-12 -5.103109787671275996e-12 -4.582165003903350194e-12 -1.860405942550079229e-12 -3.507775464934928241e-13 -1.014460375361483093e-12 -8.160975547444649744e-13 3.245622616349111256e-12 2.982635381694849354e-12 6.775251429322901062e-12 7.166235806050553516e-12 9.785022802641858410e-12 1.795719210214279173e-11 3.018429621030645512e-11 1.545346316500835501e-11 9.294834265198328917e-12 2.904363293620496190e-12 8.836294269065655984e-13 3.738246369230127125e-13
-8.498507956390323573e-12 3.655557349716163566e-13 7.279613007368923172e-12 -4.271623830816762052e-12 1.691009641426566817e-13 -1.285509105991667144e-12 1.836557199828247791e-13 -7.338151546881761003e-13 -8.190063564914734459e-12 -3.177905442517714278e-12 -1.517106660669174328e-12 4.170602672492780273e-13 1.212140658826172126e-12 1.939794648832924912e-12 1.876166307672117101e-12 1.915150813493341768e-12 1.109167870559583192e-12 -9.348436239272700910e-13 5.129809049095653076e-12 7.867589857823494344e-12 1.545346316500835501e-11 2.497534068916288312e-11 1.097348713687395099e-11 2.667771946765111867e-12 2.516744483849659735e-13 -7.027504681634848982e-13
2.640043576057263819e-12 -5.068958489980075063e-12 2.102273585526392435e-12 -1.159830586009614985e-11 -4.452028157736810208e-12 -6.181409809768751303e-12 -2.802827067924549083e-12 -4.162638554898144033e-12 -9.606119186593515670e-12 -2.711754139006786223e-12 -5.822714450069056131e-13 4.535507071476298797e-13 8.816280882506640403e-13 3.134580812195507287e-12 4.206871840493078807e-12 3.659638684725845842e-12 4.578499360999583594e-12 4.159371788445598806e-12 7.598635832695623166e-12 9.331842713476995925e-12 9.294834265198328917e-12 1.097348713687395099e-11 1.996010516350007458e-11 5.065066844783926430e-12 3.625972969119627096e-13 -1.042817512953833139e-12
-4.070219202238181041e-12 -5.573823824153581339e-12 7.314082984956381225e-12 -6.044444960935758727e-12 -1.742473189533301800e-12 -5.830067360133170209e-12 -8.985370129697633806e-13 -8.554444328222404984e-13 -6.675884220298689544e-13 -7.369431345341826695e-13 -1.221179882859799884e-12 -1.225098573264369780e-12 7.987401404215878538e-13 1.291242519402519588e-12 5.173677664101400751e-13 1.267504614948524930e-12 1.578393550679154190e-12 1.361875487926821227e-12 2.488922478745813971e-12 2.976728919551216069e-12 2.904363293620496190e-12 2.667771946765111867e-12 5.065066844783926430e-12 1.037767716467396499e-11 2.248130679649128263e-12 5.808186814859971825e-13
3.056932652318779811e-11 1.088406136487739660e-11 1.447826521387295293e-11 -4.734466562932906826e-12 3.928937258000483661e-12 1.911717754146768866e-12 1.075682905593959116e-12 2.537974909549105813e-12 -1.003556364107595771e-12 -1.910099400557274029e-13 -3.159881624339357533e-12 5.707757417249310828e-13 2.746252055803333487e-12 3.438799839755885266e-12 9.151062001386445915e-13 -4.361650209785658338e-13 2.064813642015880315e-12 2.747070319266226849e-12 1.256730144136924556e-12 2.201242177687857224e-12 8.836294269065655984e-13 2.516744483849659735e-13 3.625972969119627096e-13 2.248130679649128263e-12 1.050360842377392185e-11 2.105750161626053473e-12
1.434427264845638419e-11 -6.370301621036762163e-12 4.199500220075526996e-12 6.071848821303368567e-12 -6.177800535174004163e-13 -5.024837533742178674e-12 7.456456064954108881e-14 -2.710202499144489393e-12 4.154906292321328467e-14 6.273355734261554986e-13 -1.811002738875030272e-12 -4.437023667810387455e-13 1.910733784789223759e-12 9.306513378624321766e-13 -1.544849325311698194e-13 -3.797264200600207300e-13 1.239507655774607525e-12 1.933931583755378537e-12 9.414451457616370267e-13 1.088445880393448939e-12 3.738246369230127125e-13 -7.027504681634848982e-13 -1.042817512953833139e-12 5.808186814859971825e-13 2.105750161626053473e-12 6.030934171915218543e-12
