1.920095223157091376e-09 1.860231377919873499e-10 -2.954670035297088451e-11 1.080560663049456938e-10 1.690787392203246630e-11 1.034202484076232105e-10 9.573801020812346173e-11 3.977753713238925259e-11 8.440664052210773815e-11 2.482986173525868100e-11 3.702403580673714237e-11 3.219685781335738174e-11 4.147107861141685893e-11 6.080005865532646735e-11 5.043383701982500441e-11 3.348067363021589784e-11 3.525391488309251469e-11 1.299017579845306390e-11 1.126687315266695614e-11 1.385019404623419230e-11 -4.276473997577478528e-12 -6.455786176606817841e-12 -3.964481932451180744e-12 -4.546570631530550587e-12 8.260981303990681316e-12 -2.308028685758896146e-13
1.860231377919873499e-10 1.211107349449257101e-09 1.051101095677047602e-10 1.667729903249228941e-10 1.307035827644747240e-10 5.506112781595421376e-11 8.299488931600691823e-11 7.763617261943419193e-11 7.467785599892724766e-11 7.940343084680194844e-12 5.291929432296845295e-11 5.385558486831811277e-11 4.903162474720699251e-11 4.323552719273928046e-11 2.226963286104375371e-11 2.710965073755004415e-11 1.550117852331300306e-11 1.205146481321717688e-11 7.634174098757194570e-12 -5.563102186855896959e-12 -9.804249545066263560e-12 -1.496050317173982567e-11 -2.862762896282549221e-12 -5.000489340856661618e-12 -6.002285134763893817e-13 -2.085124051220327906e-12
-2.954670035297088451e-11 1.051101095677047602e-10 8.026480179705949651e-10 6.018354427427521277e-11 6.466761932935313761e-11 9.323568444922188573e-12 2.714344398474588194e-11 3.606600052470803302e-11 5.646003990169075571e-11 4.246501032106325117e-11 2.560827145571173214e-11 -1.158125125332057123e-12 -4.201591568654567641e-12 4.992531427872919787e-12 -1.182952258414118763e-12 -6.802826056584881677e-12 1.055543635747691869e-11 -4.892405963692881123e-12 -6.588154496507835028e-12 7.374993147018847193e-12 5.494066900731258017e-12 6.526410885643609971e-12 -1.241259394569737964e-12 -1.300751576659017132e-12 2.454904908299940335e-12 1.667830991411458365e-12
1.080560663049456938e-10 1.667729903249228941e-10 6.018354427427521277e-11 4.981598079622294413e-10 9.226023884973518631e-11 7.030996724825703955e-11 4.867331006534857008e-11 4.240797452453345567e-11 4.917323075856541214e-11 1.684749347214772305e-11 1.788985613410788787e-11 1.267044913353552316e-11 1.829072113028663820e-11 7.797279698053548599e-12 5.409604177353294793e-12 7.975190974943409038e-12 -1.187134400918488677e-12 7.692041845284683440e-12 3.818138348458419664e-12 8.396522798672816831e-12 -8.317091640908944178e-13 6.702143912425353202e-12 -1.734650246857692342e-12 -9.062523252894051214e-12 1.984827455155971731e-12 1.095178536301357079e-12
1.690787392203246630e-11 1.307035827644747240e-10 6.466761932935313761e-11 9.226023884973518631e-11 3.533298551034236165e-10 4.584624438255093402e-11 8.291666362777725759e-12 5.748697670445044938e-12 4.428707099790985555e-11 2.140039662967479552e-11 2.541575232752008727e-11 2.304724825638213480e-11 2.949658157704716540e-11 2.376598423953631641e-11 1.108089260996200788e-11 1.133741723371855715e-11 5.880692011700693120e-12 1.160505984945922638e-11 6.803596080264489192e-12 5.654393630267579213e-12 6.285188229614118051e-12 2.340031820737976854e-12 -3.818850784462588429e-12 -8.264575175633459953e-12 4.204989074224275443e-13 1.853602362083989139e-13
1.034202484076232105e-10 5.506112781595421376e-11 9.323568444922188573e-12 7.030996724825703955e-11 4.584624438255093402e-11 2.308422967106813046e-10 2.718121530987448521e-11 3.215300223287971978e-11 4.143444574264702532e-11 9.510030439992442072e-12 1.294039556033686568e-11 1.159646938459883385e-11 8.109661287327174521e-12 1.522753164480621087e-11 8.336577403291998417e-12 7.182377267534770479e-12 4.028725593087606166e-13 1.295875746092986353e-12 6.764104933746854822e-12 -2.710122328945515304e-13 -5.901474307751347915e-12 9.886177445111592326e-13 -1.826338329733145149e-12 4.985815047227219122e-13 -7.024249717799911498e-14 4.926359265467618895e-13
9.573801020812346173e-11 8.299488931600691823e-11 2.714344398474588194e-11 4.867331006534857008e-11 8.291666362777725759e-12 2.718121530987448521e-11 1.742502111045772313e-10 4.850610244965467762e-11 4.102826494000620532e-11 3.140404502821718411e-11 1.455427503524280225e-11 9.817979241673707902e-12 1.750530427207305753e-11 1.571319423734609517e-11 1.132814123191150613e-11 6.952561755290010468e-12 3.370611752568025140e-12 5.383518901264120431e-13 3.738426611062686362e-12 1.403777138455006122e-14 -2.991655103068502209e-12 -3.008273296981436546e-12 -2.107962798823651262e-12 -1.711561163073543120e-13 7.161985436074451202e-13 6.535373924330522244e-14
3.977753713238925259e-11 7.763617261943419193e-11 3.606600052470803302e-11 4.240797452453345567e-11 5.748697670445044938e-12 3.215300223287971978e-11 4.850610244965467762e-11 1.191522816745910850e-10 4.526117589760147759e-11 2.286937174239045709e-11 1.102642535173729663e-11 9.347889758005050397e-12 8.568985344788710406e-12 9.153016459151225213e-12 9.345282509685411919e-12 5.524897919792277688e-12 2.857490424980748278e-12 -3.337593058875368539e-13 -4.240500611559944076e-13 -2.446181930361157374e-14 -4.403106731539525874e-12 -3.168208661675029837e-12 -1.155808405722559257e-12 -7.498448339433818896e-13 -5.073792485344644351e-13 3.427371269779357500e-12
8.440664052210773815e-11 7.467785599892724766e-11 5.646003990169075571e-11 4.917323075856541214e-11 4.428707099790985555e-11 4.143444574264702532e-11 4.102826494000620532e-11 4.526117589760147759e-11 1.133195837269627451e-10 3.971617826105615615e-11 2.457681211665122547e-11 1.517141161176890764e-11 1.886510532623106397e-11 1.506475206460269027e-11 6.757010732607169853e-12 4.000235835356724897e-12 2.371780063259991023e-12 1.601778110449021814e-12 4.394109837099907168e-12 4.619738834340382508e-13 -3.302237573374060675e-12 -2.077280998684818515e-14 -3.254498625358081489e-12 -3.846293914950730368e-13 1.035292042380872796e-12 1.578910039658162489e-12
2.482986173525868100e-11 7.940343084680194844e-12 4.246501032106325117e-11 1.684749347214772305e-11 2.140039662967479552e-11 9.510030439992442072e-12 3.140404502821718411e-11 2.286937174239045709e-11 3.971617826105615615e-11 6.712835186111330913e-11 2.835837098232736642e-11 1.682670390618629519e-11 1.258706917711459589e-11 9.506894649136451262e-12 5.664475453199641956e-12 7.897396795922770845e-13 1.483115651684659702e-12 2.308861544893123420e-12 5.586551931723658608e-12 3.775662295879511056e-12 -3.227805312133006939e-13 -7.035481684628337482e-13 -1.726949787536598204e-12 -8.956361776526706044e-13 8.624479899701031526e-13 1.675285244522084552e-12
3.702403580673714237e-11 5.291929432296845295e-11 2.560827145571173214e-11 1.788985613410788787e-11 2.541575232752008727e-11 1.294039556033686568e-11 1.455427503524280225e-11 1.102642535173729663e-11 2.457681211665122547e-11 2.835837098232736642e-11 5.005604171435746983e-11 2.343239913252615258e-11 1.986739713362348784e-11 1.047461042726813427e-11 4.929687428509125430e-12 1.406457830656200448e-12 -2.261215665275441626e-12 -1.423777004371564419e-12 1.665686626001056375e-12 3.518934237322411889e-13 1.096305720926212129e-13 -1.313235431655869975e-12 -1.477289680110274642e-12 2.334762425514987623e-14 9.035300863155475785e-13 -2.372975814740376844e-13
3.219685781335738174e-11 5.385558486831811277e-11 -1.158125125332057123e-12 1.267044913353552316e-11 2.304724825638213480e-11 1.159646938459883385e-11 9.817979241673707902e-12 9.347889758005050397e-12 1.517141161176890764e-11 1.682670390618629519e-11 2.343239913252615258e-11 4.765087852615758814e-11 3.066986993676494867e-11 1.690854576684361250e-11 9.268243189594463235e-12 1.767569645259824849e-12 5.037488921689542369e-13 1.801020917782350810e-12 3.448090490645964952e-12 9.683051717342489186e-13 8.778896013443694135e-13 1.358307948080038798e-12 9.007154781394157203e-13 5.973503164950514840e-13 1.651601120459369937e-12 -3.931230786063072924e-13
4.147107861141685893e-11 4.903162474720699251e-11 -4.201591568654567641e-12 1.829072113028663820e-11 2.949658157704716540e-11 8.109661287327174521e-12 1.750530427207305753e-11 8.568985344788710406e-12 1.886510532623106397e-11 1.258706917711459589e-11 1.986739713362348784e-11 3.066986993676494867e-11 4.716146382465325244e-11 3.031983930537971712e-11 1.682142712443252068e-11 6.333640257038261933e-12 4.529108205551583953e-12 2.101510192117920054e-12 5.116396471326107474e-13 -2.518793140882357486e-12 2.000778324465881656e-14 -2.583605937953674651e-13 6.936184717937926676e-13 2.276767966025077170e-13 5.745204254412703652e-13 5.206057644197810043e-13
6.080005865532646735e-11 4.323552719273928046e-11 4.992531427872919787e-12 7.797279698053548599e-12 2.376598423953631641e-11 1.522753164480621087e-11 1.571319423734609517e-11 9.153016459151225213e-12 1.506475206460269027e-11 9.506894649136451262e-12 1.047461042726813427e-11 1.690854576684361250e-11 3.031983930537971712e-11 4.259685060715481961e-11 2.385361465602331075e-11 1.164938475928494738e-11 6.560740159085451610e-12 4.766271231473515823e-12 6.414469895009337821e-13 -2.110557910460965713e-12 -6.357858570331170800e-13 -1.247757030712618792e-12 -8.836674825056314629e-13 2.300531043149271682e-13 7.162842230797032057e-13 1.571285952410522189e-12
5.043383701982500441e-11 2.226963286104375371e-11 -1.182952258414118763e-12 5.409604177353294793e-12 1.108089260996200788e-11 8.336577403291998417e-12 1.132814123191150613e-11 9.345282509685411919e-12 6.757010732607169853e-12 5.664475453199641956e-12 4.929687428509125430e-12 9.268243189594463235e-12 1.682142712443252068e-11 2.385361465602331075e-11 3.373259792220608347e-11 1.948006479450341597e-11 9.750082145363836057e-12 5.905553377000178402e-12 2.583868845768412293e-12 8.437938313406341076e-13 -2.647310324525106989e-13 3.880531540947923512e-14 9.185271680473846454e-14 -8.159403958756492773e-13 1.605976923793158058e-13 3.379460224895874853e-13
3.348067363021589784e-11 2.710965073755004415e-11 -6.802826056584881677e-12 7.975190974943409038e-12 1.133741723371855715e-11 7.182377267534770479e-12 6.952561755290010468e-12 5.524897919792277688e-12 4.000235835356724897e-12 7.897396795922770845e-13 1.406457830656200448e-12 1.767569645259824849e-12 6.333640257038261933e-12 1.164938475928494738e-11 1.948006479450341597e-11 3.121988008998860892e-11 1.712010805825091732e-11 8.685773272330765639e-12 4.090153481836020391e-12 3.500496781049225977e-12 2.391179674811169095e-12 7.766526566775663933e-13 2.034979489559456659e-13 -2.354919357605653763e-12 -1.364515367863220457e-12 -1.127417723844514670e-13
3.525391488309251469e-11 1.550117852331300306e-11 1.055543635747691869e-11 -1.187134400918488677e-12 5.880692011700693120e-12 4.028725593087606166e-13 3.370611752568025140e-12 2.857490424980748278e-12 2.371780063259991023e-12 1.483115651684659702e-12 -2.261215665275441626e-12 5.037488921689542369e-13 4.529108205551583953e-12 6.560740159085451610e-12 9.750082145363836057e-12 1.712010805825091732e-11 2.538122355525690485e-11 1.299074968954037869e-11 3.757431467985006481e-12 2.753959745709177850e-12 3.685371123320863666e-12 -6.201826936880813396e-13 1.077708013497222494e-12 -6.472809008604900399e-13 -7.953709400913101878e-13 4.578700831692170389e-13
1.299017579845306390e-11 1.205146481321717688e-11 -4.892405963692881123e-12 7.692041845284683440e-12 1.160505984945922638e-11 1.295875746092986353e-12 5.383518901264120431e-13 -3.337593058875368539e-13 1.601778110449021814e-12 2.308861544893123420e-12 -1.423777004371564419e-12 1.801020917782350810e-12 2.101510192117920054e-12 4.766271231473515823e-12 5.905553377000178402e-12 8.685773272330765639e-12 1.299074968954037869e-11 2.172476634271952182e-11 1.202419253101308942e-11 6.176376172869346114e-12 4.966675408102073518e-12 2.754173245896182926e-12 1.014419050110244122e-12 -5.014026404553412111e-13 -7.738752010725050815e-13 9.506344595891882907e-13
1.126687315266695614e-11 7.634174098757194570e-12 -6.588154496507835028e-12 3.818138348458419664e-12 6.803596080264489192e-12 6.764104933746854822e-12 3.738426611062686362e-12 -4.240500611559944076e-13 4.394109837099907168e-12 5.586551931723658608e-12 1.665686626001056375e-12 3.448090490645964952e-12 5.116396471326107474e-13 6.414469895009337821e-13 2.583868845768412293e-12 4.090153481836020391e-12 3.757431467985006481e-12 1.202419253101308942e-11 2.130193150511684268e-11 1.234098070708743554e-11 5.371436356851790958e-12 2.651325519503036685e-12 1.334139295555609872e-12 4.458073706994175608e-13 3.437943659177132765e-13 -4.498689906144939414e-13
1.385019404623419230e-11 -5.563102186855896959e-12 7.374993147018847193e-12 8.396522798672816831e-12 5.654393630267579213e-12 -2.710122328945515304e-13 1.403777138455006122e-14 -2.446181930361157374e-14 4.619738834340382508e-13 3.775662295879511056e-12 3.518934237322411889e-13 9.683051717342489186e-13 -2.518793140882357486e-12 -2.110557910460965713e-12 8.437938313406341076e-13 3.500496781049225977e-12 2.753959745709177850e-12 6.176376172869346114e-12 1.234098070708743554e-11 2.036332528368060049e-11 9.805636661186964576e-12 5.920793707830621564e-12 3.548695271121476642e-12 7.520898759123560907e-13 -1.022307344060281253e-13 -1.013196951529046816e-12
-4.276473997577478528e-12 -9.804249545066263560e-12 5.494066900731258017e-12 -8.317091640908944178e-13 6.285188229614118051e-12 -5.901474307751347915e-12 -2.991655103068502209e-12 -4.403106731539525874e-12 -3.302237573374060675e-12 -3.227805312133006939e-13 1.096305720926212129e-13 8.778896013443694135e-13 2.000778324465881656e-14 -6.357858570331170800e-13 -2.647310324525106989e-13 2.391179674811169095e-12 3.685371123320863666e-12 4.966675408102073518e-12 5.371436356851790958e-12 9.805636661186964576e-12 1.708393991250045717e-11 8.427459974128710733e-12 3.871163326810018741e-12 9.962546983946298471e-13 -6.978485146569729570e-13 -5.492869582605620746e-13
-6.455786176606817841e-12 -1.496050317173982567e-11 6.526410885643609971e-12 6.702143912425353202e-12 2.340031820737976854e-12 9.886177445111592326e-13 -3.008273296981436546e-12 -3.168208661675029837e-12 -2.077280998684818515e-14 -7.035481684628337482e-13 -1.313235431655869975e-12 1.358307948080038798e-12 -2.583605937953674651e-13 -1.247757030712618792e-12 3.880531540947923512e-14 7.766526566775663933e-13 -6.201826936880813396e-13 2.754173245896182926e-12 2.651325519503036685e-12 5.920793707830621564e-12 8.427459974128710733e-12 1.576977118315908543e-11 6.462046391757604687e-12 1.104184687189669265e-12 -9.709597224409485292e-13 -7.270100814766333469e-13
-3.964481932451180744e-12 -2.862762896282549221e-12 -1.241259394569737964e-12 -1.734650246857692342e-12 -3.818850784462588429e-12 -1.826338329733145149e-12 -2.107962798823651262e-12 -1.155808405722559257e-12 -3.254498625358081489e-12 -1.726949787536598204e-12 -1.477289680110274642e-12 9.007154781394157203e-13 6.936184717937926676e-13 -8.836674825056314629e-13 9.185271680473846454e-14 2.034979489559456659e-13 1.077708013497222494e-12 1.014419050110244122e-12 1.334139295555609872e-12 3.548695271121476642e-12 3.871163326810018741e-12 6.462046391757604687e-12 1.048310739742731912e-11 2.488479268731041587e-12 -1.377764635271348267e-12 -1.550570580040140774e-12
-4.546570631530550587e-12 -5.000489340856661618e-12 -1.300751576659017132e-12 -9.062523252894051214e-12 -8.264575175633459953e-12 4.985815047227219122e-13 -1.711561163073543120e-13 -7.498448339433818896e-13 -3.846293914950730368e-13 -8.956361776526706044e-13 2.334762425514987623e-14 5.973503164950514840e-13 2.276767966025077170e-13 2.300531043149271682e-13 -8.159403958756492773e-13 -2.354919357605653763e-12 -6.472809008604900399e-13 -5.014026404553412111e-13 4.458073706994175608e-13 7.520898759123560907e-13 9.962546983946298471e-13 1.104184687189669265e-12 2.488479268731041587e-12 5.512176923054036088e-12 1.017333446048871476e-13 -4.982034274309075150e-13
8.260981303990681316e-12 -6.002285134763893817e-13 2.454904908299940335e-12 1.984827455155971731e-12 4.204989074224275443e-13 -7.024249717799911498e-14 7.161985436074451202e-13 -5.073792485344644351e-13 1.035292042380872796e-12 8.624479899701031526e-13 9.035300863155475785e-13 1.651601120459369937e-12 5.745204254412703652e-13 7.162842230797032057e-13 1.605976923793158058e-13 -1.364515367863220457e-12 -7.953709400913101878e-13 -7.738752010725050815e-13 3.437943659177132765e-13 -1.022307344060281253e-13 -6.978485146569729570e-13 -9.709597224409485292e-13 -1.377764635271348267e-12 1.017333446048871476e-13 4.759847504745601342e-12 5.284209713188242738e-13
-2.308028685758896146e-13 -2.085124051220327906e-12 1.667830991411458365e-12 1.095178536301357079e-12 1.853602362083989139e-13 4.926359265467618895e-13 6.535373924330522244e-14 3.427371269779357500e-12 1.578910039658162489e-12 1.675285244522084552e-12 -2.372975814740376844e-13 -3.931230786063072924e-13 5.206057644197810043e-13 1.571285952410522189e-12 3.379460224895874853e-13 -1.127417723844514670e-13 4.578700831692170389e-13 9.506344595891882907e-13 -4.498689906144939414e-13 -1.013196951529046816e-12 -5.492869582605620746e-13 -7.270100814766333469e-13 -1.550570580040140774e-12 -4.982034274309075150e-13 5.284209713188242738e-13 3.609809195561208566e-12
