1.955724599095509187e-09 2.204056584948623837e-10 4.392643180478395918e-11 9.004675083194304332e-12 5.246159710424630590e-11 4.491059161861554025e-11 -2.596488683810236261e-11 7.772664972727125383e-11 3.012984284728219148e-12 2.990061651727708101e-11 -1.133383403756822613e-11 -6.800202919755330812e-14 -2.474008278319380247e-11 -4.686107147813165977e-12 -1.462577101396907435e-11 4.381999912971032566e-12 -1.286283626357948040e-11 4.340619330477242010e-12 1.489426389656803957e-11 -1.966738706209939113e-12 7.460263153101941192e-12 -2.478962309176135755e-12 -5.495187154980409337e-13 1.377253949760071852e-12 2.588460093882942538e-12 -2.469425623998187251e-13
2.204056584948623837e-10 1.346486168952115471e-09 9.822529061496463607e-11 -7.041959350466011306e-12 -7.543407799292087853e-11 1.249945276940333839e-11 1.745491324154348970e-11 5.426275157304146056e-11 -7.369922122186891799e-12 -4.270532923635093477e-13 -5.943351120389672463e-12 4.168391803812215033e-13 -4.822590842547481978e-12 -1.144289807209972639e-12 -3.368888548298247715e-12 5.867844001287479212e-12 -1.101882148228692011e-11 5.153139687270125996e-12 -3.880242006368062443e-12 -7.450498907029151009e-12 -9.888334485921178276e-12 -4.962961186828255397e-12 1.128886311106764650e-12 7.454256101604768310e-13 2.379306897883912973e-12 -2.549974756027849506e-12
4.392643180478395918e-11 9.822529061496463607e-11 7.862648085095521147e-10 4.448936692070280493e-11 2.538423709869441539e-11 2.645950761921686131e-12 -1.573773143723795000e-11 1.822296831531412831e-11 -1.900340972267640639e-11 2.487491977401052181e-11 2.617918363350258306e-11 1.271230420943319302e-11 1.009414633224683328e-11 2.197296936050893654e-12 -8.568573755304725277e-12 -7.030775641128133278e-12 -4.507844145771190456e-12 -2.489216520269198357e-12 1.611203459022770621e-12 -7.979837066253217701e-12 -1.118843338135865222e-11 -5.679194919398158179e-12 2.956760591736829549e-13 3.060945011355921311e-12 1.249376744477562310e-12 4.435445740519859117e-12
9.004675083194304332e-12 -7.041959350466011306e-12 4.448936692070280493e-11 5.930195893523821202e-10 2.821037110926601877e-11 -2.246800229690142798e-11 2.289668336569468548e-11 3.838678427546129231e-12 1.394900274375487403e-11 1.046650774477336793e-11 -3.206925191069241527e-12 -1.372953030950277784e-11 -7.656085417703690767e-12 -2.774753888191476027e-12 1.225636246306476473e-12 -2.054167565893660053e-12 -6.834822832345959554e-13 1.434575883810589262e-12 3.237046012248369421e-12 -3.141923424513488920e-12 -7.905614237682823575e-13 2.449991150415208318e-12 4.266291359318591843e-12 4.908261100163566240e-12 -2.424104832090783253e-13 4.096924588753422277e-12
5.246159710424630590e-11 -7.543407799292087853e-11 2.538423709869441539e-11 2.821037110926601877e-11 3.891114790215357976e-10 4.177770515225036276e-11 -6.340674531440217485e-12 1.947382773409557172e-11 8.644513007293524094e-12 -3.475063167375639765e-12 -1.065085913847253541e-11 9.375775145079453005e-12 -2.740137905964978802e-12 3.116322678555187661e-12 -5.065109994233860884e-12 6.181300934260977272e-12 -1.224740311170640449e-12 -6.852503085814518829e-12 -9.614022835137577710e-12 -5.822861231681089734e-12 1.083605618792159715e-12 2.262688215855831863e-12 2.793003079216005157e-12 -6.475804892379010466e-13 -1.036400733986371955e-12 1.909676774710510367e-12
4.491059161861554025e-11 1.249945276940333839e-11 2.645950761921686131e-12 -2.246800229690142798e-11 4.177770515225036276e-11 2.619433782940859211e-10 4.501042676737351738e-11 3.442670088849924551e-11 8.710267816941626020e-12 -8.058489975804627534e-13 -2.066368901475299625e-12 9.810364006504899566e-12 -3.107497143188432417e-12 3.796382651603462294e-13 7.928810602712205636e-14 3.077678918802947486e-13 -4.658296076958507830e-12 -4.268075410737963429e-12 1.199723609406751361e-12 -2.060490791358992931e-12 -2.467894589616817510e-12 -3.965841107502810299e-12 -3.830661021305148936e-12 -1.070315343136513669e-12 -5.865947514947469144e-13 -1.239378156944897410e-12
-2.596488683810236261e-11 1.745491324154348970e-11 -1.573773143723795000e-11 2.289668336569468548e-11 -6.340674531440217485e-12 4.501042676737351738e-11 1.782498338458664729e-10 1.382305583385412460e-11 1.857857404133465097e-11 6.960565272804338926e-12 2.117061334584848947e-13 1.242137042797949351e-12 -6.230246259341413554e-12 -1.500022775064373161e-12 4.197560680914614944e-12 5.603355689746425443e-12 -1.501540682034390244e-12 7.901140634909547758e-13 4.744167141108371790e-12 1.707859643877107480e-12 3.341275616738959718e-12 1.343920200489369933e-12 -1.647378322075712604e-12 -4.605538062037563099e-13 -3.752737142593823636e-13 1.352721318635450298e-12
7.772664972727125383e-11 5.426275157304146056e-11 1.822296831531412831e-11 3.838678427546129231e-12 1.947382773409557172e-11 3.442670088849924551e-11 1.382305583385412460e-11 1.098932111349473762e-10 2.097747092581599227e-11 1.753380532173733644e-11 1.511662014589846366e-12 1.127972302665636743e-11 -1.264673656194675423e-12 3.665468857176700858e-12 1.720083744323093405e-12 2.688429919553130417e-12 -2.037971040944633962e-12 -9.709104425331226087e-13 -1.154660832795742601e-12 -2.566623876241003198e-12 8.696955584127833452e-13 -9.860460749555997327e-14 -2.291270117552452558e-12 -5.146554744253200693e-13 3.091845661054596839e-14 2.554269855731549403e-13
3.012984284728219148e-12 -7.369922122186891799e-12 -1.900340972267640639e-11 1.394900274375487403e-11 8.644513007293524094e-12 8.710267816941626020e-12 1.857857404133465097e-11 2.097747092581599227e-11 7.218556832083516984e-11 1.196253531079470674e-11 3.837484010756070842e-12 3.374577282667067211e-12 -1.308876970184505302e-12 1.626727275559207737e-12 -1.362447183921179359e-12 2.265227091962599385e-12 -6.026007654308617753e-13 9.372152496750450483e-13 4.339659221934509914e-13 4.305978281973740740e-13 -7.326932079205791088e-13 -2.081401854882338856e-13 3.017298748028165263e-13 6.131982980280414867e-13 1.282901463079609103e-13 3.592444869287050720e-13
2.990061651727708101e-11 -4.270532923635093477e-13 2.487491977401052181e-11 1.046650774477336793e-11 -3.475063167375639765e-12 -8.058489975804627534e-13 6.960565272804338926e-12 1.753380532173733644e-11 1.196253531079470674e-11 5.288049550893265328e-11 1.221995966883254234e-11 7.887615612945867476e-12 1.855146959102172356e-12 3.184891658775462099e-12 2.020478998168506325e-12 1.018337348765511863e-12 -9.938556249141067717e-13 -2.301885288296616233e-12 -5.400385119469545738e-13 -4.648269575572997967e-13 -9.190157965868991651e-13 -5.905999273955669394e-13 -9.495150803355473547e-13 -2.536216754243353151e-13 -1.128929793905542291e-13 -2.114877069565969039e-13
-1.133383403756822613e-11 -5.943351120389672463e-12 2.617918363350258306e-11 -3.206925191069241527e-12 -1.065085913847253541e-11 -2.066368901475299625e-12 2.117061334584848947e-13 1.511662014589846366e-12 3.837484010756070842e-12 1.221995966883254234e-11 4.701061667255137976e-11 7.852042735180983904e-12 3.986994292034632602e-12 3.775094822038254958e-12 2.975109351528405469e-12 2.430042712767305721e-12 4.063452927214614319e-13 1.088284657015753107e-12 -6.296177457546936030e-14 -9.698862619816456166e-13 -2.061195287291595568e-12 -1.279848176919555613e-12 -1.216913817609009050e-12 -2.099304493213820679e-13 -3.190331381101790871e-13 -6.143672788669802575e-14
-6.800202919755330812e-14 4.168391803812215033e-13 1.271230420943319302e-11 -1.372953030950277784e-11 9.375775145079453005e-12 9.810364006504899566e-12 1.242137042797949351e-12 1.127972302665636743e-11 3.374577282667067211e-12 7.887615612945867476e-12 7.852042735180983904e-12 3.090565897312745577e-11 7.052885934179153303e-12 3.828961729835676515e-12 2.282013554407010213e-12 3.076811121783333640e-12 1.565106775413105770e-12 2.370979517001319168e-12 1.587214546703203067e-12 -6.661667943240866144e-13 -5.312898990690496138e-13 -4.499051085128673992e-14 -4.648282636116070056e-13 -5.939104518169156430e-13 -3.597677441355512876e-13 3.481484028022707412e-13
-2.474008278319380247e-11 -4.822590842547481978e-12 1.009414633224683328e-11 -7.656085417703690767e-12 -2.740137905964978802e-12 -3.107497143188432417e-12 -6.230246259341413554e-12 -1.264673656194675423e-12 -1.308876970184505302e-12 1.855146959102172356e-12 3.986994292034632602e-12 7.052885934179153303e-12 2.379956543297733459e-11 9.143555894527285344e-12 3.792427251190877807e-12 4.296018671205563140e-12 1.598127309804858399e-12 1.396284242344628025e-12 -1.325703937896948291e-12 -1.461959207375523323e-12 -1.021890115768895668e-12 -1.115563675909878525e-12 -1.164770327271140774e-12 -7.065872744050563659e-13 -2.798321305094140991e-13 -3.665378607843114904e-13
-4.686107147813165977e-12 -1.144289807209972639e-12 2.197296936050893654e-12 -2.774753888191476027e-12 3.116322678555187661e-12 3.796382651603462294e-13 -1.500022775064373161e-12 3.665468857176700858e-12 1.626727275559207737e-12 3.184891658775462099e-12 3.775094822038254958e-12 3.828961729835676515e-12 9.143555894527285344e-12 1.925113799901298850e-11 8.672624859108089591e-12 3.918269084281359359e-12 7.142501407880228305e-13 4.546955981387018598e-13 -6.176601671141287779e-13 -1.073372015485110704e-12 -8.454212649738929092e-13 -1.431066423882933211e-12 -8.724642169460468286e-13 7.697500187180644997e-14 -7.015143888801178739e-14 -2.281676682298215783e-13
-1.462577101396907435e-11 -3.368888548298247715e-12 -8.568573755304725277e-12 1.225636246306476473e-12 -5.065109994233860884e-12 7.928810602712205636e-14 4.197560680914614944e-12 1.720083744323093405e-12 -1.362447183921179359e-12 2.020478998168506325e-12 2.975109351528405469e-12 2.282013554407010213e-12 3.792427251190877807e-12 8.672624859108089591e-12 1.649812708855629473e-11 4.388024294540988201e-12 1.924965910977978069e-12 1.201511718320572274e-12 4.239463459829038216e-14 -6.457491305185112731e-13 -1.869701768425549725e-13 -6.757778127424322019e-13 -2.571349069846012001e-13 -4.884303709016910281e-13 5.057752295895415141e-13 -6.875916107074776742e-14
4.381999912971032566e-12 5.867844001287479212e-12 -7.030775641128133278e-12 -2.054167565893660053e-12 6.181300934260977272e-12 3.077678918802947486e-13 5.603355689746425443e-12 2.688429919553130417e-12 2.265227091962599385e-12 1.018337348765511863e-12 2.430042712767305721e-12 3.076811121783333640e-12 4.296018671205563140e-12 3.918269084281359359e-12 4.388024294540988201e-12 1.296077913221698558e-11 4.209256056665925763e-12 1.986844590131548968e-12 1.259374757626617092e-13 3.753565059988426222e-13 -2.241936448171162390e-13 -7.198826660625803435e-13 1.342986565840950890e-13 -7.846988175573753986e-14 4.069432489888937676e-13 1.022647776732629472e-13
-1.286283626357948040e-11 -1.101882148228692011e-11 -4.507844145771190456e-12 -6.834822832345959554e-13 -1.224740311170640449e-12 -4.658296076958507830e-12 -1.501540682034390244e-12 -2.037971040944633962e-12 -6.026007654308617753e-13 -9.938556249141067717e-13 4.063452927214614319e-13 1.565106775413105770e-12 1.598127309804858399e-12 7.142501407880228305e-13 1.924965910977978069e-12 4.209256056665925763e-12 1.070385670375243306e-11 3.845485455977807099e-12 8.671583187516275541e-13 6.033876202918402820e-13 -1.870716648796774584e-13 -2.507793063507426834e-13 2.663717687817933070e-13 -3.762634830566272271e-13 1.111754913562473730e-13 1.063874531201719269e-13
4.340619330477242010e-12 5.153139687270125996e-12 -2.489216520269198357e-12 1.434575883810589262e-12 -6.852503085814518829e-12 -4.268075410737963429e-12 7.901140634909547758e-13 -9.709104425331226087e-13 9.372152496750450483e-13 -2.301885288296616233e-12 1.088284657015753107e-12 2.370979517001319168e-12 1.396284242344628025e-12 4.546955981387018598e-13 1.201511718320572274e-12 1.986844590131548968e-12 3.845485455977807099e-12 9.804775314759244592e-12 4.528318498442523695e-12 1.501340163812366304e-12 4.521187576030936400e-13 -3.655983759348899622e-14 -9.875275517796622333e-14 -2.285913644290950659e-13 2.066651105892460284e-13 -2.343581076022456136e-13
1.489426389656803957e-11 -3.880242006368062443e-12 1.611203459022770621e-12 3.237046012248369421e-12 -9.614022835137577710e-12 1.199723609406751361e-12 4.744167141108371790e-12 -1.154660832795742601e-12 4.339659221934509914e-13 -5.400385119469545738e-13 -6.296177457546936030e-14 1.587214546703203067e-12 -1.325703937896948291e-12 -6.176601671141287779e-13 4.239463459829038216e-14 1.259374757626617092e-13 8.671583187516275541e-13 4.528318498442523695e-12 8.714335305651068448e-12 2.647764669503381085e-12 2.747587731884411191e-13 -1.973332860356730524e-13 -5.723670347010165153e-13 -3.422181048169940004e-13 -7.693497037602832970e-15 1.452787697902920200e-14
-1.966738706209939113e-12 -7.450498907029151009e-12 -7.979837066253217701e-12 -3.141923424513488920e-12 -5.822861231681089734e-12 -2.060490791358992931e-12 1.707859643877107480e-12 -2.566623876241003198e-12 4.305978281973740740e-13 -4.648269575572997967e-13 -9.698862619816456166e-13 -6.661667943240866144e-13 -1.461959207375523323e-12 -1.073372015485110704e-12 -6.457491305185112731e-13 3.753565059988426222e-13 6.033876202918402820e-13 1.501340163812366304e-12 2.647764669503381085e-12 6.768969346651407296e-12 2.247300482636580487e-12 1.196253476880198459e-13 -4.145777009385215480e-13 -3.382869670452127487e-13 1.660162608391007429e-13 -9.679817949003315695e-14
7.460263153101941192e-12 -9.888334485921178276e-12 -1.118843338135865222e-11 -7.905614237682823575e-13 1.083605618792159715e-12 -2.467894589616817510e-12 3.341275616738959718e-12 8.696955584127833452e-13 -7.326932079205791088e-13 -9.190157965868991651e-13 -2.061195287291595568e-12 -5.312898990690496138e-13 -1.021890115768895668e-12 -8.454212649738929092e-13 -1.869701768425549725e-13 -2.241936448171162390e-13 -1.870716648796774584e-13 4.521187576030936400e-13 2.747587731884411191e-13 2.247300482636580487e-12 5.628500361589735300e-12 1.893738371853048549e-12 -4.115758091339211447e-14 -2.594183485694246298e-13 -4.432533563901884066e-13 -6.656647963592221468e-13
-2.478962309176135755e-12 -4.962961186828255397e-12 -5.679194919398158179e-12 2.449991150415208318e-12 2.262688215855831863e-12 -3.965841107502810299e-12 1.343920200489369933e-12 -9.860460749555997327e-14 -2.081401854882338856e-13 -5.905999273955669394e-13 -1.279848176919555613e-12 -4.499051085128673992e-14 -1.115563675909878525e-12 -1.431066423882933211e-12 -6.757778127424322019e-13 -7.198826660625803435e-13 -2.507793063507426834e-13 -3.655983759348899622e-14 -1.973332860356730524e-13 1.196253476880198459e-13 1.893738371853048549e-12 4.454750936546009037e-12 1.399038252719470227e-12 5.374667172961034064e-13 -3.331566281348102878e-14 -4.061559420262803965e-13
-5.495187154980409337e-13 1.128886311106764650e-12 2.956760591736829549e-13 4.266291359318591843e-12 2.793003079216005157e-12 -3.830661021305148936e-12 -1.647378322075712604e-12 -2.291270117552452558e-12 3.017298748028165263e-13 -9.495150803355473547e-13 -1.216913817609009050e-12 -4.648282636116070056e-13 -1.164770327271140774e-12 -8.724642169460468286e-13 -2.571349069846012001e-13 1.342986565840950890e-13 2.663717687817933070e-13 -9.875275517796622333e-14 -5.723670347010165153e-13 -4.145777009385215480e-13 -4.115758091339211447e-14 1.399038252719470227e-12 4.044105452806768030e-12 1.342879012035447476e-12 1.930499178860698277e-13 -1.727081752023539898e-13
1.377253949760071852e-12 7.454256101604768310e-13 3.060945011355921311e-12 4.908261100163566240e-12 -6.475804892379010466e-13 -1.070315343136513669e-12 -4.605538062037563099e-13 -5.146554744253200693e-13 6.131982980280414867e-13 -2.536216754243353151e-13 -2.099304493213820679e-13 -5.939104518169156430e-13 -7.065872744050563659e-13 7.697500187180644997e-14 -4.884303709016910281e-13 -7.846988175573753986e-14 -3.762634830566272271e-13 -2.285913644290950659e-13 -3.422181048169940004e-13 -3.382869670452127487e-13 -2.594183485694246298e-13 5.374667172961034064e-13 1.342879012035447476e-12 2.528697841921329127e-12 4.857028415540655597e-13 -3.224433510343617926e-14
2.588460093882942538e-12 2.379306897883912973e-12 1.249376744477562310e-12 -2.424104832090783253e-13 -1.036400733986371955e-12 -5.865947514947469144e-13 -3.752737142593823636e-13 3.091845661054596839e-14 1.282901463079609103e-13 -1.128929793905542291e-13 -3.190331381101790871e-13 -3.597677441355512876e-13 -2.798321305094140991e-13 -7.015143888801178739e-14 5.057752295895415141e-13 4.069432489888937676e-13 1.111754913562473730e-13 2.066651105892460284e-13 -7.693497037602832970e-15 1.660162608391007429e-13 -4.432533563901884066e-13 -3.331566281348102878e-14 1.930499178860698277e-13 4.857028415540655597e-13 1.688253165197252617e-12 3.954547889995323744e-13
-2.469425623998187251e-13 -2.549974756027849506e-12 4.435445740519859117e-12 4.096924588753422277e-12 1.909676774710510367e-12 -1.239378156944897410e-12 1.352721318635450298e-12 2.554269855731549403e-13 3.592444869287050720e-13 -2.114877069565969039e-13 -6.143672788669802575e-14 3.481484028022707412e-13 -3.665378607843114904e-13 -2.281676682298215783e-13 -6.875916107074776742e-14 1.022647776732629472e-13 1.063874531201719269e-13 -2.343581076022456136e-13 1.452787697902920200e-14 -9.679817949003315695e-14 -6.656647963592221468e-13 -4.061559420262803965e-13 -1.727081752023539898e-13 -3.224433510343617926e-14 3.954547889995323744e-13 1.647852930064646514e-12
