2.678902275295799192e-09 5.147379744538503414e-11 6.099788531170591108e-11 1.134629257445946064e-10 1.045199067505120482e-10 6.034489579820661819e-11 8.739260121481627548e-11 -1.228316423587258350e-11 9.570124914446371761e-12 1.428469245625769807e-11 2.987658905526916462e-11 -7.660010728982607883e-12 1.903213917830896403e-11 2.261128859899668876e-11 2.601642902192356373e-11 -1.214524497025711893e-12 -4.456051542544278096e-12 -7.144032984790293751e-13 -1.457996472455375333e-11 3.401840825799845327e-12 2.967386137017727503e-11 5.036515256832578215e-12 -2.324453052438269548e-12 5.855868747926176873e-12 -4.020510911468442488e-13 -1.094452631782838359e-12
5.147379744538503414e-11 1.516089019302965153e-09 -7.366739193314113289e-12 9.222086679786680660e-11 -1.041845709339204486e-10 -5.258079112096251487e-12 3.773349839579154274e-11 -7.897940166279297203e-12 1.126438501823490395e-11 7.408075212865045283e-12 -4.889911025385328738e-12 8.275985599354447372e-12 -4.494637593013887556e-12 -8.770241919704217556e-12 1.066624837183503934e-11 -1.143269910442753939e-11 1.460007830749339035e-11 -1.260694419039787338e-12 -5.547975147054755152e-12 7.122765612141470360e-13 -3.323639782817225379e-13 7.660704081572450185e-12 -1.080538234052098101e-12 1.966581745722558668e-12 8.424651904682883452e-13 -3.419657323843313083e-13
6.099788531170591108e-11 -7.366739193314113289e-12 9.981595491499735436e-10 7.876823443445552826e-11 2.602360764408304326e-12 1.807091781229220465e-12 -2.087581168383317726e-11 1.377825750673738818e-11 -1.922376946462777377e-11 3.067372487453752917e-12 -8.488850221082185702e-12 -7.302635306364805225e-12 -2.805290173791735659e-12 8.527771342863324473e-12 -1.178283388499256354e-11 -7.232066158751452235e-12 -4.348810035176362389e-14 -8.787083650237309799e-12 2.790296348234065771e-12 -2.441620193547167843e-13 -8.052086657135437637e-12 -2.978160286876060722e-12 -5.961962842621680811e-12 -3.288552094594128076e-12 -2.602257634803059311e-12 3.117710520309015076e-12
1.134629257445946064e-10 9.222086679786680660e-11 7.876823443445552826e-11 6.585537046350122704e-10 9.474290397819223296e-11 3.399184550659814775e-11 6.279446044482732141e-11 1.642982117614388035e-11 1.546757750766944091e-11 6.720313691445433595e-12 -4.040018786627985726e-12 -2.567372160604931066e-11 1.041090983414927877e-12 -2.691455740619053619e-12 6.897821671609135792e-12 2.518543568726242519e-12 -3.567409263956940942e-12 -2.945944239470937431e-12 -1.656843861974499835e-12 -6.130359248256878129e-12 -5.736346547681776367e-13 5.730702387809252833e-12 5.501269314563826989e-12 7.649331017899574788e-13 -5.504953321404645115e-12 -9.644890761981171305e-13
1.045199067505120482e-10 -1.041845709339204486e-10 2.602360764408304326e-12 9.474290397819223296e-11 4.158833675270629955e-10 -8.119826479272278944e-12 1.812953482978346447e-11 -6.374130805301681335e-12 -6.943934300192860246e-12 1.094660575429727145e-11 -2.619513646985413060e-12 -1.547440926044477089e-11 -6.461566700448194582e-12 4.614332896565719214e-12 -4.307269030324521542e-12 -5.533431033529849284e-12 -3.149763264483148520e-12 -1.064467805998473230e-12 -4.247488721162416293e-13 -1.655885433588995468e-12 -4.407074058905035540e-12 -3.675616871627319945e-12 2.001736830125355111e-13 2.204650974081257258e-12 5.448113912199977835e-15 1.060718726158354184e-12
6.034489579820661819e-11 -5.258079112096251487e-12 1.807091781229220465e-12 3.399184550659814775e-11 -8.119826479272278944e-12 2.757116080220604106e-10 5.313847443631785752e-11 -8.763558740499155305e-12 3.491288934800567513e-11 9.769698586727896222e-12 1.940334956168046396e-14 7.707126811088927896e-13 3.784071695052713760e-12 2.551663080979876674e-12 7.344838762721826703e-12 9.449831445448482262e-12 -1.733503745976250773e-13 -2.071741811970068085e-12 4.650780403203712850e-12 5.359410093996205315e-12 7.139258613455983723e-12 4.308094061236488880e-13 4.114094575385177791e-13 7.427520536525592899e-13 3.080175882131848904e-13 -1.840158999893250822e-12
8.739260121481627548e-11 3.773349839579154274e-11 -2.087581168383317726e-11 6.279446044482732141e-11 1.812953482978346447e-11 5.313847443631785752e-11 1.940801490955240246e-10 -7.869039090462899602e-13 9.885493610608684025e-12 4.811625074746431303e-14 -4.807815736634883754e-13 -1.273311538272043030e-13 2.507096428144814316e-12 -5.160117589293458682e-12 -2.537886358082113696e-12 5.950803302499049284e-13 7.148016686468379938e-12 2.171659803516959054e-12 -1.591621312738586059e-12 -6.599214995140319321e-13 2.109594264302263115e-12 2.161091813309571389e-12 1.034481451699774046e-12 1.995393674465311486e-12 -3.988385180169039606e-13 1.256211756241364040e-12
-1.228316423587258350e-11 -7.897940166279297203e-12 1.377825750673738818e-11 1.642982117614388035e-11 -6.374130805301681335e-12 -8.763558740499155305e-12 -7.869039090462899602e-13 1.204083586859054758e-10 2.189091194107689858e-11 1.144266799707080018e-11 3.471963042849436210e-12 2.628044366039485921e-12 2.512531582941497820e-12 2.455828192927785717e-12 1.066077253618362109e-12 5.164325246965007036e-12 5.218318984476802505e-14 -3.113050996051147717e-12 -4.816076501996376590e-13 8.772466452171620375e-13 2.400577277985412262e-12 -1.414373248010551280e-12 -1.708522219531711369e-13 3.290879448994313462e-12 -7.469957806764102601e-13 -1.875990065586102219e-12
9.570124914446371761e-12 1.126438501823490395e-11 -1.922376946462777377e-11 1.546757750766944091e-11 -6.943934300192860246e-12 3.491288934800567513e-11 9.885493610608684025e-12 2.189091194107689858e-11 9.755268164451875596e-11 1.841918565933205407e-11 -1.239038383512351308e-12 2.886373419066184643e-12 2.771022439256748892e-12 3.001825339483457211e-12 -9.742166307972318440e-13 -4.433663224276398067e-13 -7.726712779899091569e-13 2.024060049047170924e-12 -1.475625818456302267e-12 -2.937772378690543517e-12 -2.993567395637628780e-14 7.722767041776412822e-13 9.955624123497795074e-13 -2.016916612834428169e-13 -1.460007628363039296e-12 7.643403293690619103e-13
1.428469245625769807e-11 7.408075212865045283e-12 3.067372487453752917e-12 6.720313691445433595e-12 1.094660575429727145e-11 9.769698586727896222e-12 4.811625074746431303e-14 1.144266799707080018e-11 1.841918565933205407e-11 6.812430552090151029e-11 1.399894716173847141e-11 1.041431684790158354e-11 4.674905238247537010e-12 3.304292410526551863e-12 -1.424287091304097682e-14 -4.610224218439400477e-12 1.010995754896998290e-12 7.808641365161851172e-13 1.268448507243811521e-12 -1.635747653482377295e-12 -1.433529229867525946e-12 -1.140220413925579949e-12 -8.272150369674855889e-14 1.700138225644755631e-12 -9.549364475930572305e-13 -4.482269610508689421e-13
2.987658905526916462e-11 -4.889911025385328738e-12 -8.488850221082185702e-12 -4.040018786627985726e-12 -2.619513646985413060e-12 1.940334956168046396e-14 -4.807815736634883754e-13 3.471963042849436210e-12 -1.239038383512351308e-12 1.399894716173847141e-11 5.020774065841411982e-11 1.194355336967068197e-11 5.436963045120839646e-12 5.246621973848421247e-12 1.444073486069858761e-12 -2.192772204071879176e-12 1.439264327501839611e-12 2.612914012182698601e-12 2.772422870665925443e-12 2.955455180944794846e-12 1.816870212219975768e-12 -7.246380993982682549e-13 6.702115251799245066e-13 1.994700736508642205e-12 4.270497191019552755e-13 -4.938868280275708218e-13
-7.660010728982607883e-12 8.275985599354447372e-12 -7.302635306364805225e-12 -2.567372160604931066e-11 -1.547440926044477089e-11 7.707126811088927896e-13 -1.273311538272043030e-13 2.628044366039485921e-12 2.886373419066184643e-12 1.041431684790158354e-11 1.194355336967068197e-11 3.669585752602868845e-11 1.182535805577700526e-11 6.444488497110015602e-12 2.835181832357370767e-12 7.191945702810275053e-13 8.839102533472406323e-13 4.066422327960471116e-13 -5.517798545763209121e-13 7.052775275936086395e-13 1.122455610101513212e-12 -2.232676228757783210e-15 5.161989083406262326e-13 -2.325648738950311529e-13 -8.876542790669536189e-14 9.976623511728203645e-14
1.903213917830896403e-11 -4.494637593013887556e-12 -2.805290173791735659e-12 1.041090983414927877e-12 -6.461566700448194582e-12 3.784071695052713760e-12 2.507096428144814316e-12 2.512531582941497820e-12 2.771022439256748892e-12 4.674905238247537010e-12 5.436963045120839646e-12 1.182535805577700526e-11 3.040509836497160479e-11 1.102719888223502799e-11 5.575798437932843296e-12 2.420158970337282925e-12 7.056476841602270810e-13 1.541568148664955539e-12 -6.995293886673920608e-13 -1.880258121976831450e-13 -6.220041010062586712e-13 8.042595798446955000e-14 9.058231572784899143e-13 1.304373502185998016e-13 1.296273322897475247e-13 5.563545492180068027e-13
2.261128859899668876e-11 -8.770241919704217556e-12 8.527771342863324473e-12 -2.691455740619053619e-12 4.614332896565719214e-12 2.551663080979876674e-12 -5.160117589293458682e-12 2.455828192927785717e-12 3.001825339483457211e-12 3.304292410526551863e-12 5.246621973848421247e-12 6.444488497110015602e-12 1.102719888223502799e-11 2.641969343648498037e-11 1.161484419856913003e-11 6.594339295437108517e-12 2.992217851667419529e-12 1.600823592055343703e-12 -3.923292089694557250e-13 1.427797209921782530e-13 -1.173666722160122061e-12 -1.151896130724740066e-12 -9.416637179420569463e-15 -9.716668805214003491e-13 -1.048880913365361371e-12 -7.579627732137755829e-13
2.601642902192356373e-11 1.066624837183503934e-11 -1.178283388499256354e-11 6.897821671609135792e-12 -4.307269030324521542e-12 7.344838762721826703e-12 -2.537886358082113696e-12 1.066077253618362109e-12 -9.742166307972318440e-13 -1.424287091304097682e-14 1.444073486069858761e-12 2.835181832357370767e-12 5.575798437932843296e-12 1.161484419856913003e-11 2.472583403235081460e-11 1.124816457636193937e-11 4.103976313439049459e-12 3.405894547292806019e-13 -1.206548160489400896e-12 2.705480219290019213e-13 -6.710111568984824851e-13 -1.937061346441207481e-12 2.567681235798614514e-13 -3.482771464258196977e-13 1.071597108074505036e-13 -3.045196778764193668e-13
-1.214524497025711893e-12 -1.143269910442753939e-11 -7.232066158751452235e-12 2.518543568726242519e-12 -5.533431033529849284e-12 9.449831445448482262e-12 5.950803302499049284e-13 5.164325246965007036e-12 -4.433663224276398067e-13 -4.610224218439400477e-12 -2.192772204071879176e-12 7.191945702810275053e-13 2.420158970337282925e-12 6.594339295437108517e-12 1.124816457636193937e-11 2.091895988643335695e-11 7.881054724976296236e-12 6.734854603195980473e-13 3.456116194623520542e-13 8.635364496909523625e-13 -6.227324041812377355e-13 -1.361644102847862877e-12 6.811632355919542833e-13 9.293400339326187960e-13 -4.298298580620073045e-13 -6.995828836088403991e-13
-4.456051542544278096e-12 1.460007830749339035e-11 -4.348810035176362389e-14 -3.567409263956940942e-12 -3.149763264483148520e-12 -1.733503745976250773e-13 7.148016686468379938e-12 5.218318984476802505e-14 -7.726712779899091569e-13 1.010995754896998290e-12 1.439264327501839611e-12 8.839102533472406323e-13 7.056476841602270810e-13 2.992217851667419529e-12 4.103976313439049459e-12 7.881054724976296236e-12 1.636734533245276389e-11 5.613099597644941423e-12 1.268188667354440395e-12 -2.798425305229392600e-14 -1.337905907695360554e-12 -6.968607525498695110e-13 -1.168049294659377094e-13 7.285022709148196851e-13 -3.483292997311783076e-13 -1.008451520561302265e-12
-7.144032984790293751e-13 -1.260694419039787338e-12 -8.787083650237309799e-12 -2.945944239470937431e-12 -1.064467805998473230e-12 -2.071741811970068085e-12 2.171659803516959054e-12 -3.113050996051147717e-12 2.024060049047170924e-12 7.808641365161851172e-13 2.612914012182698601e-12 4.066422327960471116e-13 1.541568148664955539e-12 1.600823592055343703e-12 3.405894547292806019e-13 6.734854603195980473e-13 5.613099597644941423e-12 1.346100769859689458e-11 5.681736193155361350e-12 8.808517829404031022e-13 9.178941159721728805e-14 5.883872678720003051e-13 3.386358913445537920e-13 3.961910489711124769e-13 -4.619394278631696911e-13 2.144344236265142334e-13
-1.457996472455375333e-11 -5.547975147054755152e-12 2.790296348234065771e-12 -1.656843861974499835e-12 -4.247488721162416293e-13 4.650780403203712850e-12 -1.591621312738586059e-12 -4.816076501996376590e-13 -1.475625818456302267e-12 1.268448507243811521e-12 2.772422870665925443e-12 -5.517798545763209121e-13 -6.995293886673920608e-13 -3.923292089694557250e-13 -1.206548160489400896e-12 3.456116194623520542e-13 1.268188667354440395e-12 5.681736193155361350e-12 1.126069858148332881e-11 3.619590170786024930e-12 1.381624590530380967e-12 1.888558429009454372e-13 -5.732927782933983641e-13 3.149601240019896014e-13 -4.549296927625870792e-16 2.948178500573780650e-14
3.401840825799845327e-12 7.122765612141470360e-13 -2.441620193547167843e-13 -6.130359248256878129e-12 -1.655885433588995468e-12 5.359410093996205315e-12 -6.599214995140319321e-13 8.772466452171620375e-13 -2.937772378690543517e-12 -1.635747653482377295e-12 2.955455180944794846e-12 7.052775275936086395e-13 -1.880258121976831450e-13 1.427797209921782530e-13 2.705480219290019213e-13 8.635364496909523625e-13 -2.798425305229392600e-14 8.808517829404031022e-13 3.619590170786024930e-12 1.236295867956334471e-11 5.629541329389418794e-12 1.652635097580190668e-12 -1.031880553900885022e-13 4.198414844038900856e-13 1.166901973553021734e-12 -5.647349572411667369e-13
2.967386137017727503e-11 -3.323639782817225379e-13 -8.052086657135437637e-12 -5.736346547681776367e-13 -4.407074058905035540e-12 7.139258613455983723e-12 2.109594264302263115e-12 2.400577277985412262e-12 -2.993567395637628780e-14 -1.433529229867525946e-12 1.816870212219975768e-12 1.122455610101513212e-12 -6.220041010062586712e-13 -1.173666722160122061e-12 -6.710111568984824851e-13 -6.227324041812377355e-13 -1.337905907695360554e-12 9.178941159721728805e-14 1.381624590530380967e-12 5.629541329389418794e-12 1.206652311597981226e-11 4.699812160742333267e-12 1.558143405508842950e-12 2.141638425482114728e-13 1.368506875589496297e-13 -8.353468586733643154e-13
5.036515256832578215e-12 7.660704081572450185e-12 -2.978160286876060722e-12 5.730702387809252833e-12 -3.675616871627319945e-12 4.308094061236488880e-13 2.161091813309571389e-12 -1.414373248010551280e-12 7.722767041776412822e-13 -1.140220413925579949e-12 -7.246380993982682549e-13 -2.232676228757783210e-15 8.042595798446955000e-14 -1.151896130724740066e-12 -1.937061346441207481e-12 -1.361644102847862877e-12 -6.968607525498695110e-13 5.883872678720003051e-13 1.888558429009454372e-13 1.652635097580190668e-12 4.699812160742333267e-12 7.980565502775665553e-12 2.823897943289186019e-12 2.325785266232937483e-13 1.309069983890721987e-13 -8.494250442178962614e-13
-2.324453052438269548e-12 -1.080538234052098101e-12 -5.961962842621680811e-12 5.501269314563826989e-12 2.001736830125355111e-13 4.114094575385177791e-13 1.034481451699774046e-12 -1.708522219531711369e-13 9.955624123497795074e-13 -8.272150369674855889e-14 6.702115251799245066e-13 5.161989083406262326e-13 9.058231572784899143e-13 -9.416637179420569463e-15 2.567681235798614514e-13 6.811632355919542833e-13 -1.168049294659377094e-13 3.386358913445537920e-13 -5.732927782933983641e-13 -1.031880553900885022e-13 1.558143405508842950e-12 2.823897943289186019e-12 5.446317171324285367e-12 1.943853532426497875e-12 2.991806937511103023e-13 1.674422898378457111e-13
5.855868747926176873e-12 1.966581745722558668e-12 -3.288552094594128076e-12 7.649331017899574788e-13 2.204650974081257258e-12 7.427520536525592899e-13 1.995393674465311486e-12 3.290879448994313462e-12 -2.016916612834428169e-13 1.700138225644755631e-12 1.994700736508642205e-12 -2.325648738950311529e-13 1.304373502185998016e-13 -9.716668805214003491e-13 -3.482771464258196977e-13 9.293400339326187960e-13 7.285022709148196851e-13 3.961910489711124769e-13 3.149601240019896014e-13 4.198414844038900856e-13 2.141638425482114728e-13 2.325785266232937483e-13 1.943853532426497875e-12 4.209899273842175799e-12 9.366543376078373434e-13 -3.850087192038617537e-13
-4.020510911468442488e-13 8.424651904682883452e-13 -2.602257634803059311e-12 -5.504953321404645115e-12 5.448113912199977835e-15 3.080175882131848904e-13 -3.988385180169039606e-13 -7.469957806764102601e-13 -1.460007628363039296e-12 -9.549364475930572305e-13 4.270497191019552755e-13 -8.876542790669536189e-14 1.296273322897475247e-13 -1.048880913365361371e-12 1.071597108074505036e-13 -4.298298580620073045e-13 -3.483292997311783076e-13 -4.619394278631696911e-13 -4.549296927625870792e-16 1.166901973553021734e-12 1.368506875589496297e-13 1.309069983890721987e-13 2.991806937511103023e-13 9.366543376078373434e-13 2.972457919576616620e-12 4.558771771222276428e-13
-1.094452631782838359e-12 -3.419657323843313083e-13 3.117710520309015076e-12 -9.644890761981171305e-13 1.060718726158354184e-12 -1.840158999893250822e-12 1.256211756241364040e-12 -1.875990065586102219e-12 7.643403293690619103e-13 -4.482269610508689421e-13 -4.938868280275708218e-13 9.976623511728203645e-14 5.563545492180068027e-13 -7.579627732137755829e-13 -3.045196778764193668e-13 -6.995828836088403991e-13 -1.008451520561302265e-12 2.144344236265142334e-13 2.948178500573780650e-14 -5.647349572411667369e-13 -8.353468586733643154e-13 -8.494250442178962614e-13 1.674422898378457111e-13 -3.850087192038617537e-13 4.558771771222276428e-13 3.178744693769461693e-12
