3.749520250984044425e-09 1.378311443796828468e-09 1.147431950419461053e-09 6.432703980841105447e-10 5.855870098772296048e-10 4.438191827885312494e-10 4.018244501030189201e-10 2.709526841309895854e-10 2.329846959559694631e-10 2.063774692668681323e-10 1.769342363624849870e-10 1.776732546455098523e-10 9.993887759094016640e-11 9.120605337187064148e-11 7.349184538663282137e-11 3.364932569138635170e-11 1.567810046971002234e-11 3.060596875012034749e-11 -8.198248162834511636e-12 -2.266816316197993041e-12 1.422327786579329878e-11 2.792963436475524261e-11 1.066255522844882882e-11 2.348611365264110537e-11 2.697605817885638086e-11 -1.749608576050962209e-11
1.378311443796828468e-09 2.777204188875027477e-09 9.486877362259719342e-10 6.471071074151806312e-10 6.066361822329414192e-10 4.447134372589476969e-10 3.041324789163887941e-10 2.218888909301955289e-10 2.315782711335346423e-10 1.984847702145142700e-10 1.567537756876416955e-10 1.437158026109060883e-10 8.884740817443354559e-11 5.751557895678404523e-11 2.902947685988741165e-11 9.753942068795321783e-12 1.118099983887649763e-11 4.277335209365334456e-11 3.070316242733985524e-11 8.510104540641728147e-12 3.336156096135280472e-13 1.663609837716860669e-11 2.188742571429378611e-11 3.009501838114187644e-11 2.341287675102400561e-11 -1.605248061908243576e-11
1.147431950419461053e-09 9.486877362259719342e-10 1.561626405930997699e-09 4.991443610068650030e-10 4.821137865729596319e-10 3.078134287259346711e-10 2.337997513542407967e-10 1.733163726696019579e-10 1.873982227767788579e-10 1.377917348523761488e-10 1.309719770993266962e-10 8.445835597212310148e-11 7.603128593937306419e-11 6.094860840218495056e-11 4.543674491582842264e-11 1.909429093663850225e-11 1.106357723257249884e-11 1.410733833833303449e-11 -1.845287157807548257e-12 -2.874570237978529310e-12 9.244304623068038439e-12 2.124862889283840705e-11 2.131683348514975708e-11 8.463024744727202148e-12 1.124177585811112045e-11 -5.219897754449341422e-12
6.432703980841105447e-10 6.471071074151806312e-10 4.991443610068650030e-10 8.069862828732021331e-10 3.316489751120337778e-10 1.829411585639104011e-10 1.674911809463754171e-10 1.388976577073026428e-10 1.089674566264802081e-10 8.692143582940437453e-11 9.105551971413205963e-11 6.697435624393893265e-11 5.690409436481585673e-11 3.788428198302043060e-11 3.161583057319014591e-11 1.945395107914777292e-11 5.134188964615813466e-12 1.193931023636106527e-11 9.507196015819641639e-12 7.679982309544500109e-12 8.076231716002211617e-12 2.505583581607614090e-11 1.771170089930986547e-11 1.787545928448498346e-11 6.057560480360322787e-12 -5.347760292685179639e-12
5.855870098772296048e-10 6.066361822329414192e-10 4.821137865729596319e-10 3.316489751120337778e-10 6.689240049317153685e-10 2.108624350573526189e-10 1.304212425463416859e-10 1.189400623868282754e-10 9.732697582875467919e-11 7.747816069276532480e-11 7.307646838411453736e-11 6.699228958559505965e-11 4.863271949191779970e-11 2.960924111390437597e-11 1.648319946761784316e-11 1.062599792166138815e-11 6.448654129834754712e-12 8.313758652752380417e-12 3.273445549914904812e-12 3.598382938109364672e-12 3.404800851498128979e-12 5.073382359441847528e-12 5.431609290305484535e-12 5.357976467580062012e-12 1.629140859756182895e-12 -3.755726118640236377e-12
4.438191827885312494e-10 4.447134372589476969e-10 3.078134287259346711e-10 1.829411585639104011e-10 2.108624350573526189e-10 4.201745794236120600e-10 1.439788333536713283e-10 1.129519341106286990e-10 7.611776386396751775e-11 8.367094447313588091e-11 7.449169549577112229e-11 4.552240390336830188e-11 3.991857650474988931e-11 2.203964618912587875e-11 1.545008856944927482e-11 1.086781105241844520e-11 1.020687140922808639e-11 8.170694452859713160e-12 4.306482220243285887e-13 -5.205905736446628648e-12 -2.909545862841194122e-12 3.774973424392550927e-12 1.626354939853754201e-12 5.059264132919213877e-12 6.577647728709313588e-12 -5.432389942583906574e-12
4.018244501030189201e-10 3.041324789163887941e-10 2.337997513542407967e-10 1.674911809463754171e-10 1.304212425463416859e-10 1.439788333536713283e-10 2.697248784342535996e-10 8.815841466920249066e-11 8.196683639640089684e-11 6.144538638484463361e-11 5.730583975067641842e-11 4.512158169142463823e-11 3.792657202870907744e-11 2.415776436835924213e-11 1.830031755647644122e-11 4.626530572408750916e-12 3.987205883732969791e-12 1.289911813227246633e-11 4.253264328570089376e-12 7.518252424732578713e-12 8.621456845872492436e-12 1.086627236868251113e-11 7.627578726972888132e-12 9.020724857033527987e-12 -6.903674074027583088e-13 -5.736039371241707214e-12
2.709526841309895854e-10 2.218888909301955289e-10 1.733163726696019579e-10 1.388976577073026428e-10 1.189400623868282754e-10 1.129519341106286990e-10 8.815841466920249066e-11 2.038872307736748969e-10 7.488724968488061004e-11 5.678004183937629313e-11 4.286988938475273856e-11 2.715597520849666963e-11 2.406115174712945035e-11 2.048298930559253596e-11 1.212714026010445840e-11 1.381400127444087825e-11 9.467970634327493416e-12 4.290933879874720741e-12 -5.113917122334459792e-13 1.854980634767131978e-12 9.552904590022515187e-12 8.883531249413967303e-12 6.676660877147289428e-12 4.188894187186822403e-12 -5.423727022753759798e-12 -3.840418546643847020e-12
2.329846959559694631e-10 2.315782711335346423e-10 1.873982227767788579e-10 1.089674566264802081e-10 9.732697582875467919e-11 7.611776386396751775e-11 8.196683639640089684e-11 7.488724968488061004e-11 1.556049337342309559e-10 6.271491790745979377e-11 4.974528561884169635e-11 3.051517547938595985e-11 2.724387727936740465e-11 1.936876081997163169e-11 1.618815443045345110e-11 8.147962737106074129e-12 5.780237962860345049e-12 1.134017304400557990e-11 -3.303090700980973011e-13 1.300984715010913081e-12 4.190728445728212499e-12 5.132391506208326703e-12 3.877982306170917333e-12 1.951611406076539060e-12 5.280115484559930444e-13 -4.000721290545522180e-12
2.063774692668681323e-10 1.984847702145142700e-10 1.377917348523761488e-10 8.692143582940437453e-11 7.747816069276532480e-11 8.367094447313588091e-11 6.144538638484463361e-11 5.678004183937629313e-11 6.271491790745979377e-11 1.019150688600703266e-10 4.811422641729906018e-11 3.182289550830166931e-11 2.610019959810747333e-11 1.800330405882482660e-11 1.435448141977102345e-11 8.400128319152775275e-12 9.205683133400556904e-12 9.599785610242294250e-12 1.465338105483002241e-12 -4.613281600226930239e-12 -7.959469982067731043e-12 -2.497969292425055279e-12 1.117228463997918468e-12 6.421130248309700107e-13 -4.769967272390452530e-13 -6.058765885597857075e-12
1.769342363624849870e-10 1.567537756876416955e-10 1.309719770993266962e-10 9.105551971413205963e-11 7.307646838411453736e-11 7.449169549577112229e-11 5.730583975067641842e-11 4.286988938475273856e-11 4.974528561884169635e-11 4.811422641729906018e-11 9.164772367091993817e-11 3.978898525089707067e-11 2.974420859202038103e-11 1.898164682810602300e-11 1.483567859301050522e-11 7.176430972259759147e-12 6.397880236528775187e-12 7.508902289913629169e-12 4.124792986341013277e-12 4.820375592163414054e-12 9.727256416632878121e-13 3.678223325066503981e-12 3.434681839649087844e-12 1.648781350186295311e-12 1.986635628694110869e-13 -4.479225537847720737e-12
1.776732546455098523e-10 1.437158026109060883e-10 8.445835597212310148e-11 6.697435624393893265e-11 6.699228958559505965e-11 4.552240390336830188e-11 4.512158169142463823e-11 2.715597520849666963e-11 3.051517547938595985e-11 3.182289550830166931e-11 3.978898525089707067e-11 6.114269203228488334e-11 3.582944941712922323e-11 2.302415717034078716e-11 1.612014841988353493e-11 1.135277455729240217e-11 9.282607154574380010e-12 6.298462578213895235e-12 3.996090952504173318e-12 1.260732942503873918e-12 -1.280849068282868538e-12 -6.636919731600596144e-13 1.148217754974213094e-12 -1.323062721782029700e-12 -2.584501562794088493e-13 -7.518953085775250623e-13
9.993887759094016640e-11 8.884740817443354559e-11 7.603128593937306419e-11 5.690409436481585673e-11 4.863271949191779970e-11 3.991857650474988931e-11 3.792657202870907744e-11 2.406115174712945035e-11 2.724387727936740465e-11 2.610019959810747333e-11 2.974420859202038103e-11 3.582944941712922323e-11 5.627868441929627059e-11 3.105701647750918581e-11 1.867874243944106516e-11 1.208419218347359707e-11 7.682573909736469026e-12 4.201001664303244973e-12 -7.597458903758812295e-13 -6.286423256772940763e-13 -3.300166457701777339e-12 6.088974177353950077e-13 1.370873160735010640e-12 -1.094396799151491045e-12 -1.342599627153975427e-12 -6.662732742632900654e-13
9.120605337187064148e-11 5.751557895678404523e-11 6.094860840218495056e-11 3.788428198302043060e-11 2.960924111390437597e-11 2.203964618912587875e-11 2.415776436835924213e-11 2.048298930559253596e-11 1.936876081997163169e-11 1.800330405882482660e-11 1.898164682810602300e-11 2.302415717034078716e-11 3.105701647750918581e-11 4.072304949790390691e-11 2.167141015240052270e-11 1.483855123360001620e-11 8.143162276689490056e-12 4.384125055268641478e-12 -5.038871051842300170e-13 -1.737364583218755895e-12 -2.663304099789376022e-12 1.711533909825332608e-12 -3.681101183691821832e-13 -6.127444606672789635e-14 -1.367743742409984095e-12 -1.010741510762001099e-13
7.349184538663282137e-11 2.902947685988741165e-11 4.543674491582842264e-11 3.161583057319014591e-11 1.648319946761784316e-11 1.545008856944927482e-11 1.830031755647644122e-11 1.212714026010445840e-11 1.618815443045345110e-11 1.435448141977102345e-11 1.483567859301050522e-11 1.612014841988353493e-11 1.867874243944106516e-11 2.167141015240052270e-11 3.599533358861855005e-11 2.065303749337910096e-11 1.170155620986919438e-11 7.514749345546887805e-12 2.382444247125614140e-12 -1.653627877312304721e-12 -2.537534414581657885e-12 1.574405005620501113e-12 -2.635893517487605055e-13 2.761079163694802321e-12 -1.476763421126359860e-12 -1.794081396239766551e-12
3.364932569138635170e-11 9.753942068795321783e-12 1.909429093663850225e-11 1.945395107914777292e-11 1.062599792166138815e-11 1.086781105241844520e-11 4.626530572408750916e-12 1.381400127444087825e-11 8.147962737106074129e-12 8.400128319152775275e-12 7.176430972259759147e-12 1.135277455729240217e-11 1.208419218347359707e-11 1.483855123360001620e-11 2.065303749337910096e-11 3.210593194708787048e-11 1.836403759738247379e-11 1.090367282716546569e-11 5.621634891589674392e-12 2.982975563466839377e-12 3.810565620108747235e-12 2.362705674877587027e-12 5.826114546246350662e-14 1.587664973804495981e-12 -2.361188553645845735e-12 -2.098379695340637032e-12
1.567810046971002234e-11 1.118099983887649763e-11 1.106357723257249884e-11 5.134188964615813466e-12 6.448654129834754712e-12 1.020687140922808639e-11 3.987205883732969791e-12 9.467970634327493416e-12 5.780237962860345049e-12 9.205683133400556904e-12 6.397880236528775187e-12 9.282607154574380010e-12 7.682573909736469026e-12 8.143162276689490056e-12 1.170155620986919438e-11 1.836403759738247379e-11 2.677524090146589595e-11 1.586614593897617275e-11 6.262502010140520590e-12 3.086016726326945871e-12 2.467225250620825166e-12 1.617660892131903563e-12 -4.450765450856067236e-13 2.222994403081445406e-13 -2.129130617581642514e-12 -1.395079695263336194e-12
3.060596875012034749e-11 4.277335209365334456e-11 1.410733833833303449e-11 1.193931023636106527e-11 8.313758652752380417e-12 8.170694452859713160e-12 1.289911813227246633e-11 4.290933879874720741e-12 1.134017304400557990e-11 9.599785610242294250e-12 7.508902289913629169e-12 6.298462578213895235e-12 4.201001664303244973e-12 4.384125055268641478e-12 7.514749345546887805e-12 1.090367282716546569e-11 1.586614593897617275e-11 2.887581456633232953e-11 1.805236037404602634e-11 1.209547719234226933e-11 7.381629494957033654e-12 6.119609711665501836e-12 3.398365811125935261e-12 1.368506425083833774e-12 -1.467481777449694312e-12 -3.843303893518143069e-12
-8.198248162834511636e-12 3.070316242733985524e-11 -1.845287157807548257e-12 9.507196015819641639e-12 3.273445549914904812e-12 4.306482220243285887e-13 4.253264328570089376e-12 -5.113917122334459792e-13 -3.303090700980973011e-13 1.465338105483002241e-12 4.124792986341013277e-12 3.996090952504173318e-12 -7.597458903758812295e-13 -5.038871051842300170e-13 2.382444247125614140e-12 5.621634891589674392e-12 6.262502010140520590e-12 1.805236037404602634e-11 2.810989526313827738e-11 2.059311540868225126e-11 9.658253251725448903e-12 7.108204787209286284e-12 5.823181422590751897e-12 1.679030848048829621e-12 -1.537625637841465133e-12 -4.227219045368498714e-12
-2.266816316197993041e-12 8.510104540641728147e-12 -2.874570237978529310e-12 7.679982309544500109e-12 3.598382938109364672e-12 -5.205905736446628648e-12 7.518252424732578713e-12 1.854980634767131978e-12 1.300984715010913081e-12 -4.613281600226930239e-12 4.820375592163414054e-12 1.260732942503873918e-12 -6.286423256772940763e-13 -1.737364583218755895e-12 -1.653627877312304721e-12 2.982975563466839377e-12 3.086016726326945871e-12 1.209547719234226933e-11 2.059311540868225126e-11 3.321597932180340658e-11 2.103835063654603203e-11 1.149367508866282646e-11 8.383597904241063590e-12 2.221814838951412549e-12 -1.966380716444226125e-12 -4.168391736734333237e-12
1.422327786579329878e-11 3.336156096135280472e-13 9.244304623068038439e-12 8.076231716002211617e-12 3.404800851498128979e-12 -2.909545862841194122e-12 8.621456845872492436e-12 9.552904590022515187e-12 4.190728445728212499e-12 -7.959469982067731043e-12 9.727256416632878121e-13 -1.280849068282868538e-12 -3.300166457701777339e-12 -2.663304099789376022e-12 -2.537534414581657885e-12 3.810565620108747235e-12 2.467225250620825166e-12 7.381629494957033654e-12 9.658253251725448903e-12 2.103835063654603203e-11 3.232711959544017763e-11 1.909770544314781596e-11 8.788586857466892762e-12 -3.115187541232001099e-13 -1.009967658234909794e-12 -4.354409562631520477e-12
2.792963436475524261e-11 1.663609837716860669e-11 2.124862889283840705e-11 2.505583581607614090e-11 5.073382359441847528e-12 3.774973424392550927e-12 1.086627236868251113e-11 8.883531249413967303e-12 5.132391506208326703e-12 -2.497969292425055279e-12 3.678223325066503981e-12 -6.636919731600596144e-13 6.088974177353950077e-13 1.711533909825332608e-12 1.574405005620501113e-12 2.362705674877587027e-12 1.617660892131903563e-12 6.119609711665501836e-12 7.108204787209286284e-12 1.149367508866282646e-11 1.909770544314781596e-11 2.758512711050195933e-11 1.262930137123875876e-11 2.207942052429824018e-12 -5.850698964853190616e-13 -3.350694591275055170e-12
1.066255522844882882e-11 2.188742571429378611e-11 2.131683348514975708e-11 1.771170089930986547e-11 5.431609290305484535e-12 1.626354939853754201e-12 7.627578726972888132e-12 6.676660877147289428e-12 3.877982306170917333e-12 1.117228463997918468e-12 3.434681839649087844e-12 1.148217754974213094e-12 1.370873160735010640e-12 -3.681101183691821832e-13 -2.635893517487605055e-13 5.826114546246350662e-14 -4.450765450856067236e-13 3.398365811125935261e-12 5.823181422590751897e-12 8.383597904241063590e-12 8.788586857466892762e-12 1.262930137123875876e-11 1.723245051602409520e-11 5.271941523329164151e-12 -6.489508625774063839e-13 -1.283297676113818754e-12
2.348611365264110537e-11 3.009501838114187644e-11 8.463024744727202148e-12 1.787545928448498346e-11 5.357976467580062012e-12 5.059264132919213877e-12 9.020724857033527987e-12 4.188894187186822403e-12 1.951611406076539060e-12 6.421130248309700107e-13 1.648781350186295311e-12 -1.323062721782029700e-12 -1.094396799151491045e-12 -6.127444606672789635e-14 2.761079163694802321e-12 1.587664973804495981e-12 2.222994403081445406e-13 1.368506425083833774e-12 1.679030848048829621e-12 2.221814838951412549e-12 -3.115187541232001099e-13 2.207942052429824018e-12 5.271941523329164151e-12 1.273851985600702564e-11 2.088949573448538404e-12 -9.504854912603698726e-13
2.697605817885638086e-11 2.341287675102400561e-11 1.124177585811112045e-11 6.057560480360322787e-12 1.629140859756182895e-12 6.577647728709313588e-12 -6.903674074027583088e-13 -5.423727022753759798e-12 5.280115484559930444e-13 -4.769967272390452530e-13 1.986635628694110869e-13 -2.584501562794088493e-13 -1.342599627153975427e-12 -1.367743742409984095e-12 -1.476763421126359860e-12 -2.361188553645845735e-12 -2.129130617581642514e-12 -1.467481777449694312e-12 -1.537625637841465133e-12 -1.966380716444226125e-12 -1.009967658234909794e-12 -5.850698964853190616e-13 -6.489508625774063839e-13 2.088949573448538404e-12 7.998448754132340085e-12 1.696399830996381522e-12
-1.749608576050962209e-11 -1.605248061908243576e-11 -5.219897754449341422e-12 -5.347760292685179639e-12 -3.755726118640236377e-12 -5.432389942583906574e-12 -5.736039371241707214e-12 -3.840418546643847020e-12 -4.000721290545522180e-12 -6.058765885597857075e-12 -4.479225537847720737e-12 -7.518953085775250623e-13 -6.662732742632900654e-13 -1.010741510762001099e-13 -1.794081396239766551e-12 -2.098379695340637032e-12 -1.395079695263336194e-12 -3.843303893518143069e-12 -4.227219045368498714e-12 -4.168391736734333237e-12 -4.354409562631520477e-12 -3.350694591275055170e-12 -1.283297676113818754e-12 -9.504854912603698726e-13 1.696399830996381522e-12 7.874443857223457208e-12
