1.696508922289305181e-09 4.221826310078666134e-12 2.284070093862354062e-11 9.084238285959814836e-13 2.621867876000874566e-11 -1.300766947894312469e-13 -3.268748818896854796e-11 -1.142068225301808867e-11 -1.623430124077883763e-11 1.518965667249204636e-12 -2.729053685851515066e-11 -2.891926556842825248e-11 -6.547842757450960704e-12 -1.171492998213984422e-11 -1.381376002088288492e-11 -1.158292507159724370e-11 9.468365691217252241e-12 7.749847534593436298e-12 3.997636263930046021e-12 1.627749316302905405e-11 2.066418749626311464e-11 6.348724828439791794e-12 8.013238235949144570e-16 -1.525471628207158505e-13 -1.881756152587256621e-12 -3.398864745705053122e-12
4.221826310078666134e-12 1.094187502303351368e-09 4.703248439411433616e-11 -1.330120042974970758e-11 2.818164617846653077e-11 4.009839381240173083e-11 -1.064486625153636633e-11 9.533012607811955779e-12 2.434645497854896669e-12 1.055751933754032026e-11 2.560091038026302998e-12 1.083108329624313288e-12 5.495383379811184846e-12 -1.029097500233573649e-11 1.020642134123177405e-11 1.573909083534691128e-11 7.277599290763116447e-12 1.584346274720453423e-11 6.063572726797031846e-12 8.214157383891958848e-12 1.149402690366153424e-12 -4.022686616148869540e-12 8.110136978586846668e-13 6.723694061166525805e-12 4.512867294538431753e-12 -8.815462122719620466e-13
2.284070093862354062e-11 4.703248439411433616e-11 6.484402812177232813e-10 4.036471419318238625e-12 2.521216735291175500e-11 1.845402208313681508e-11 5.029388359236871704e-11 3.231704189948686335e-11 1.719459820119792477e-11 5.218413035872165415e-12 -1.546843054714414820e-13 7.407490603753804505e-12 -1.635290094273420793e-12 2.443070869024080223e-12 -6.465948418137458645e-12 -1.024362041999185454e-11 -1.156071176753665926e-11 -5.450326093089007392e-12 1.936690911125597025e-12 3.053725958948642864e-12 3.172553621382741119e-12 1.297566352272768607e-12 1.960303237535178893e-12 3.919670139742904348e-12 1.044559762638298912e-12 -1.600403266620767022e-12
9.084238285959814836e-13 -1.330120042974970758e-11 4.036471419318238625e-12 4.116129963705242706e-10 3.207176611417878743e-11 -2.340070810469897039e-11 3.244683732258033270e-12 -1.883233531143352329e-12 -1.089139845264162404e-11 -4.837147533141346685e-12 1.596872231680988681e-11 8.258249880574078741e-12 3.430832901122563549e-12 -7.004297334752896462e-13 -1.049898081498896084e-11 -2.057250932866965104e-12 -4.327805198398471675e-12 2.547650144458589081e-12 4.877525961729785606e-12 -7.338878479390319317e-13 2.574637109355020105e-12 4.384515882098022724e-13 -1.853891725503288992e-12 -1.386016089741585697e-12 -2.504050489674030979e-13 2.344364621705167321e-12
2.621867876000874566e-11 2.818164617846653077e-11 2.521216735291175500e-11 3.207176611417878743e-11 3.139494823468379525e-10 5.278468640045281845e-11 2.711923072035171688e-11 -3.344069969091538845e-13 2.562325013523341564e-12 1.206257962295506601e-11 -2.384909680802745503e-12 -5.768298071174777239e-12 -4.314194435017922549e-12 -1.057548460344739144e-11 -6.883243330159930409e-12 4.310295950000986725e-12 1.299997437008226837e-12 2.119314687978092687e-12 5.158416884608221983e-13 -7.321757488462184585e-12 -2.282189659388631817e-12 -8.577927117246950246e-15 2.620052405075470884e-12 -9.982621860059946635e-14 -1.414897931344489811e-12 5.911589884603964735e-13
-1.300766947894312469e-13 4.009839381240173083e-11 1.845402208313681508e-11 -2.340070810469897039e-11 5.278468640045281845e-11 2.340402386083419638e-10 2.346931245351868384e-11 6.321135572888063436e-12 -4.248006330825947044e-12 8.650457683512088915e-14 -8.932745751422938314e-12 -8.584704460822588097e-12 -1.238291690241460659e-12 -2.548455660388505314e-12 3.223640131017857557e-12 2.024941542292805367e-12 -2.562567872418476382e-12 -1.727914918027185829e-13 4.154573664950274401e-12 9.239063172456681977e-13 6.912148669759900312e-13 -1.292562658688550424e-13 9.694507843951837547e-13 -1.078714533600683062e-12 4.210405078933861183e-13 5.320732106582841941e-13
-3.268748818896854796e-11 -1.064486625153636633e-11 5.029388359236871704e-11 3.244683732258033270e-12 2.711923072035171688e-11 2.346931245351868384e-11 1.155261433776192753e-10 1.877463104354197129e-11 6.882680861467340943e-12 9.125697891474139344e-12 1.342343893507345523e-14 3.399470220022346538e-12 -1.014200376497556048e-12 -2.159855674564092352e-12 -3.593679172541247250e-12 -1.156930453427627095e-12 -3.345149530623968943e-12 1.511581811095533495e-12 1.256855968381682740e-12 -2.297496193626529035e-12 -8.751319459108806478e-13 -5.547399329467767263e-13 -1.953333175531908570e-12 4.395894767558640187e-13 -4.691802741685341267e-13 1.330504612863635617e-12
-1.142068225301808867e-11 9.533012607811955779e-12 3.231704189948686335e-11 -1.883233531143352329e-12 -3.344069969091538845e-13 6.321135572888063436e-12 1.877463104354197129e-11 8.990113424117172253e-11 1.450031770788031467e-11 8.852538484837498768e-12 2.608766984192493964e-12 1.129607062725572952e-11 8.422672488560497565e-12 1.398584277807027239e-12 1.444654671567982181e-12 2.813535503819357817e-12 -1.305767050041218840e-13 -6.013998806012412704e-13 1.501272358239114384e-12 3.507291207678216773e-12 1.456106700502554486e-12 1.248826024154222736e-12 -1.422456770350965396e-12 3.989772481055648595e-13 7.578005916947866680e-13 5.565955291156346264e-13
-1.623430124077883763e-11 2.434645497854896669e-12 1.719459820119792477e-11 -1.089139845264162404e-11 2.562325013523341564e-12 -4.248006330825947044e-12 6.882680861467340943e-12 1.450031770788031467e-11 8.288842266834664934e-11 1.765668834810199836e-11 6.874642837551930524e-12 7.654869510328290815e-12 2.417266678358822976e-12 -1.853199277344549949e-12 3.007965938055917710e-12 3.023001905094021994e-12 -4.637379558401954512e-13 4.435027300397531665e-13 -3.812215914690765486e-13 1.491195298249876726e-12 1.243380407681529685e-12 -2.581020767539184169e-13 9.205781283430500713e-13 5.463238100462458755e-13 2.422876447113571167e-13 9.313880452263942193e-13
1.518965667249204636e-12 1.055751933754032026e-11 5.218413035872165415e-12 -4.837147533141346685e-12 1.206257962295506601e-11 8.650457683512088915e-14 9.125697891474139344e-12 8.852538484837498768e-12 1.765668834810199836e-11 4.377621538668046879e-11 1.220879746625366402e-11 6.740271966859366064e-12 1.842070686101704124e-12 1.895236275289091729e-12 1.555354912456564778e-12 -2.404277660617002089e-13 -4.501472266625198204e-14 1.479121693670256568e-13 -1.322952023044534016e-12 -2.027844746805552356e-13 5.594740925678681071e-13 -4.463818037632001784e-13 4.958318138890483497e-13 -5.542600530483974368e-14 -8.971464020388389148e-14 9.898875360220244664e-13
-2.729053685851515066e-11 2.560091038026302998e-12 -1.546843054714414820e-13 1.596872231680988681e-11 -2.384909680802745503e-12 -8.932745751422938314e-12 1.342343893507345523e-14 2.608766984192493964e-12 6.874642837551930524e-12 1.220879746625366402e-11 4.450522930952156514e-11 1.699810933214212234e-11 6.402340106756952887e-12 1.126916596588994592e-12 3.385620877753851843e-12 2.978712452134665726e-12 2.370650181047914793e-12 2.700987549840874345e-12 6.372946203798409989e-13 4.465461176615421243e-13 2.668279099410252436e-12 1.247714736066605303e-13 1.199954392847524407e-12 7.004760909884304910e-13 -1.480735052535119331e-12 -1.306172792424206359e-13
-2.891926556842825248e-11 1.083108329624313288e-12 7.407490603753804505e-12 8.258249880574078741e-12 -5.768298071174777239e-12 -8.584704460822588097e-12 3.399470220022346538e-12 1.129607062725572952e-11 7.654869510328290815e-12 6.740271966859366064e-12 1.699810933214212234e-11 3.774028034340747938e-11 1.219570967581525087e-11 6.636960855751977408e-12 3.419262462051816258e-12 4.096652973027088631e-12 1.208159540273460772e-12 1.313266370197773515e-12 -4.815383515219138193e-13 -2.083020609040594660e-12 7.111286507072929888e-13 5.280129371314831290e-13 5.030328577606534986e-13 -2.890066371169964690e-13 -2.441126568537856807e-13 7.400913831413523778e-14
-6.547842757450960704e-12 5.495383379811184846e-12 -1.635290094273420793e-12 3.430832901122563549e-12 -4.314194435017922549e-12 -1.238291690241460659e-12 -1.014200376497556048e-12 8.422672488560497565e-12 2.417266678358822976e-12 1.842070686101704124e-12 6.402340106756952887e-12 1.219570967581525087e-11 2.721713211262267231e-11 1.120653098677470849e-11 4.546115265503131833e-12 2.067877041769002983e-12 -4.053131626895077393e-13 -1.498637610912538924e-13 2.954866704315808710e-13 5.964560863907953567e-13 2.256727190579932906e-12 9.382887934068670076e-13 -7.637788456747300014e-14 -3.196143154562533431e-13 -4.077491702445612592e-13 3.800526801849199048e-13
-1.171492998213984422e-11 -1.029097500233573649e-11 2.443070869024080223e-12 -7.004297334752896462e-13 -1.057548460344739144e-11 -2.548455660388505314e-12 -2.159855674564092352e-12 1.398584277807027239e-12 -1.853199277344549949e-12 1.895236275289091729e-12 1.126916596588994592e-12 6.636960855751977408e-12 1.120653098677470849e-11 1.905071159692094803e-11 7.350943856852993848e-12 5.896875917519921924e-12 3.584643213502024902e-12 1.358553432644034060e-12 4.986105426417966325e-13 6.960006047504165758e-13 8.834321936769419958e-13 4.003841313649402582e-13 -2.945297992708390721e-13 -3.244922746874473158e-13 -5.792257648645737322e-14 1.376790474539460585e-13
-1.381376002088288492e-11 1.020642134123177405e-11 -6.465948418137458645e-12 -1.049898081498896084e-11 -6.883243330159930409e-12 3.223640131017857557e-12 -3.593679172541247250e-12 1.444654671567982181e-12 3.007965938055917710e-12 1.555354912456564778e-12 3.385620877753851843e-12 3.419262462051816258e-12 4.546115265503131833e-12 7.350943856852993848e-12 1.900205328368844915e-11 1.082637629623441217e-11 4.335219097597438629e-12 1.233176222720037033e-12 1.633915167881842299e-13 1.874656763628273444e-14 1.031672257513737172e-12 9.702646030748203475e-13 2.215419341496547400e-13 -2.012866234063460345e-14 -1.425712817669734939e-13 -2.597765734550681679e-13
-1.158292507159724370e-11 1.573909083534691128e-11 -1.024362041999185454e-11 -2.057250932866965104e-12 4.310295950000986725e-12 2.024941542292805367e-12 -1.156930453427627095e-12 2.813535503819357817e-12 3.023001905094021994e-12 -2.404277660617002089e-13 2.978712452134665726e-12 4.096652973027088631e-12 2.067877041769002983e-12 5.896875917519921924e-12 1.082637629623441217e-11 1.727227834149447400e-11 9.342537218221507221e-12 4.282157512151067692e-12 -3.727294982115336653e-13 1.971075232978439926e-13 3.982436845981510380e-13 5.520367531685201634e-13 -1.811529056181829005e-13 -1.713088400773670962e-13 6.806332907589969282e-14 -1.352257922908547784e-13
9.468365691217252241e-12 7.277599290763116447e-12 -1.156071176753665926e-11 -4.327805198398471675e-12 1.299997437008226837e-12 -2.562567872418476382e-12 -3.345149530623968943e-12 -1.305767050041218840e-13 -4.637379558401954512e-13 -4.501472266625198204e-14 2.370650181047914793e-12 1.208159540273460772e-12 -4.053131626895077393e-13 3.584643213502024902e-12 4.335219097597438629e-12 9.342537218221507221e-12 1.433088639401621430e-11 6.408695025066796351e-12 2.215173591597274720e-13 5.544992837540682711e-13 4.863902605869400180e-13 3.990803022912437208e-13 -2.004697197711576391e-13 -3.639229880196476807e-13 -8.157911881906598438e-14 7.813130111082083652e-15
7.749847534593436298e-12 1.584346274720453423e-11 -5.450326093089007392e-12 2.547650144458589081e-12 2.119314687978092687e-12 -1.727914918027185829e-13 1.511581811095533495e-12 -6.013998806012412704e-13 4.435027300397531665e-13 1.479121693670256568e-13 2.700987549840874345e-12 1.313266370197773515e-12 -1.498637610912538924e-13 1.358553432644034060e-12 1.233176222720037033e-12 4.282157512151067692e-12 6.408695025066796351e-12 1.133639117242897866e-11 3.166027591369609684e-12 7.614410156451251825e-13 3.181170539894554660e-13 -4.998294391111565681e-13 -2.126199269931032868e-13 1.264787997499599016e-14 5.948702400477190175e-14 -3.889169088884733622e-13
3.997636263930046021e-12 6.063572726797031846e-12 1.936690911125597025e-12 4.877525961729785606e-12 5.158416884608221983e-13 4.154573664950274401e-12 1.256855968381682740e-12 1.501272358239114384e-12 -3.812215914690765486e-13 -1.322952023044534016e-12 6.372946203798409989e-13 -4.815383515219138193e-13 2.954866704315808710e-13 4.986105426417966325e-13 1.633915167881842299e-13 -3.727294982115336653e-13 2.215173591597274720e-13 3.166027591369609684e-12 8.001518984056013970e-12 2.393414931355273492e-12 4.852814813005261497e-13 -2.556601947824245472e-14 7.365530115623703779e-14 2.716384124906953128e-13 2.447802886711531058e-13 -2.328761513165793282e-13
1.627749316302905405e-11 8.214157383891958848e-12 3.053725958948642864e-12 -7.338878479390319317e-13 -7.321757488462184585e-12 9.239063172456681977e-13 -2.297496193626529035e-12 3.507291207678216773e-12 1.491195298249876726e-12 -2.027844746805552356e-13 4.465461176615421243e-13 -2.083020609040594660e-12 5.964560863907953567e-13 6.960006047504165758e-13 1.874656763628273444e-14 1.971075232978439926e-13 5.544992837540682711e-13 7.614410156451251825e-13 2.393414931355273492e-12 6.498748536841743880e-12 2.706457836278320196e-12 5.147969868465105194e-13 3.106155179784831611e-13 1.047662886901599957e-13 1.726253470020802738e-13 1.583056255060095975e-13
2.066418749626311464e-11 1.149402690366153424e-12 3.172553621382741119e-12 2.574637109355020105e-12 -2.282189659388631817e-12 6.912148669759900312e-13 -8.751319459108806478e-13 1.456106700502554486e-12 1.243380407681529685e-12 5.594740925678681071e-13 2.668279099410252436e-12 7.111286507072929888e-13 2.256727190579932906e-12 8.834321936769419958e-13 1.031672257513737172e-12 3.982436845981510380e-13 4.863902605869400180e-13 3.181170539894554660e-13 4.852814813005261497e-13 2.706457836278320196e-12 7.074919064206985919e-12 2.466355637234168375e-12 3.763529529959969275e-13 2.846495296261550811e-13 -4.012898789976993054e-13 -1.439547715512256206e-13
6.348724828439791794e-12 -4.022686616148869540e-12 1.297566352272768607e-12 4.384515882098022724e-13 -8.577927117246950246e-15 -1.292562658688550424e-13 -5.547399329467767263e-13 1.248826024154222736e-12 -2.581020767539184169e-13 -4.463818037632001784e-13 1.247714736066605303e-13 5.280129371314831290e-13 9.382887934068670076e-13 4.003841313649402582e-13 9.702646030748203475e-13 5.520367531685201634e-13 3.990803022912437208e-13 -4.998294391111565681e-13 -2.556601947824245472e-14 5.147969868465105194e-13 2.466355637234168375e-12 4.809544978935473895e-12 7.777108039087141336e-13 2.108192852461560817e-13 -3.901629217224308637e-13 1.565455373705262142e-13
8.013238235949144570e-16 8.110136978586846668e-13 1.960303237535178893e-12 -1.853891725503288992e-12 2.620052405075470884e-12 9.694507843951837547e-13 -1.953333175531908570e-12 -1.422456770350965396e-12 9.205781283430500713e-13 4.958318138890483497e-13 1.199954392847524407e-12 5.030328577606534986e-13 -7.637788456747300014e-14 -2.945297992708390721e-13 2.215419341496547400e-13 -1.811529056181829005e-13 -2.004697197711576391e-13 -2.126199269931032868e-13 7.365530115623703779e-14 3.106155179784831611e-13 3.763529529959969275e-13 7.777108039087141336e-13 3.410449409614303226e-12 7.562831028512108495e-13 -2.145974711522652217e-13 -4.817865713598495951e-13
-1.525471628207158505e-13 6.723694061166525805e-12 3.919670139742904348e-12 -1.386016089741585697e-12 -9.982621860059946635e-14 -1.078714533600683062e-12 4.395894767558640187e-13 3.989772481055648595e-13 5.463238100462458755e-13 -5.542600530483974368e-14 7.004760909884304910e-13 -2.890066371169964690e-13 -3.196143154562533431e-13 -3.244922746874473158e-13 -2.012866234063460345e-14 -1.713088400773670962e-13 -3.639229880196476807e-13 1.264787997499599016e-14 2.716384124906953128e-13 1.047662886901599957e-13 2.846495296261550811e-13 2.108192852461560817e-13 7.562831028512108495e-13 2.164533228172388818e-12 5.724747672323971499e-14 -3.630048545629510997e-13
-1.881756152587256621e-12 4.512867294538431753e-12 1.044559762638298912e-12 -2.504050489674030979e-13 -1.414897931344489811e-12 4.210405078933861183e-13 -4.691802741685341267e-13 7.578005916947866680e-13 2.422876447113571167e-13 -8.971464020388389148e-14 -1.480735052535119331e-12 -2.441126568537856807e-13 -4.077491702445612592e-13 -5.792257648645737322e-14 -1.425712817669734939e-13 6.806332907589969282e-14 -8.157911881906598438e-14 5.948702400477190175e-14 2.447802886711531058e-13 1.726253470020802738e-13 -4.012898789976993054e-13 -3.901629217224308637e-13 -2.145974711522652217e-13 5.724747672323971499e-14 1.734483237268904546e-12 2.862858057893798890e-13
-3.398864745705053122e-12 -8.815462122719620466e-13 -1.600403266620767022e-12 2.344364621705167321e-12 5.911589884603964735e-13 5.320732106582841941e-13 1.330504612863635617e-12 5.565955291156346264e-13 9.313880452263942193e-13 9.898875360220244664e-13 -1.306172792424206359e-13 7.400913831413523778e-14 3.800526801849199048e-13 1.376790474539460585e-13 -2.597765734550681679e-13 -1.352257922908547784e-13 7.813130111082083652e-15 -3.889169088884733622e-13 -2.328761513165793282e-13 1.583056255060095975e-13 -1.439547715512256206e-13 1.565455373705262142e-13 -4.817865713598495951e-13 -3.630048545629510997e-13 2.862858057893798890e-13 1.733670396770407646e-12
