1.995928714061349269e-09 -4.253379734907381344e-11 2.155798054382420762e-10 -3.505680028548633178e-11 1.943573929844460857e-11 -2.472085593159643764e-11 -1.782098277373559531e-11 -6.824385735769172680e-11 -8.130065650870148186e-12 -7.968902004123125430e-13 -4.555809944718457649e-11 -2.986164200218061482e-11 -3.972635088212892278e-12 -4.153721579863688207e-12 -2.392067439311002636e-11 -2.756393117758496924e-12 -2.336875387878873073e-11 -5.388915439789319093e-12 5.983471471343742737e-12 1.390227007424578408e-12 -5.200518430854489771e-13 -9.768530526222344823e-12 -6.419302644416586034e-12 1.522469019379048554e-13 6.890128032535933162e-12 1.869334136021171144e-12
-4.253379734907381344e-11 1.260565724301587010e-09 -1.652514810701147432e-11 -3.586953798035133218e-11 -4.520025775247397909e-11 -7.234702260845243313e-12 4.018040448004613342e-12 -1.670077982050359296e-11 5.129574408391418581e-12 1.250225563088348001e-11 -1.345490469084070929e-12 1.525092454763817277e-12 -9.466647497747602568e-12 4.671238020314632387e-12 3.784746846340616991e-13 -9.198078121248827252e-12 -3.300998459489857935e-12 7.647932546176607595e-12 2.245423357075098179e-12 2.983675908490216968e-13 -8.726599161940487759e-12 -2.377311700480569587e-12 9.256369933308764726e-13 -4.269448541824389284e-12 9.233380439562826719e-13 -2.380395644088797755e-13
2.155798054382420762e-10 -1.652514810701147432e-11 8.411106155616635494e-10 1.929950582247511402e-11 1.581576019296696002e-11 -3.221865061939652202e-11 1.033759131829147934e-12 -3.103699407956148197e-11 3.198051014280809220e-11 -6.990447556076056568e-12 1.016162234892306559e-11 -1.051260097939751147e-12 2.047452802975457001e-11 8.642933356923195294e-12 4.371218762640318307e-12 9.147815825323382892e-12 -1.826513200225037039e-12 -3.710914682074557367e-12 5.773801222305259019e-12 -3.871677213947163310e-12 -4.805990191949227517e-12 -4.090070531011930173e-12 6.944185098204044798e-13 2.168040637843941621e-12 -7.214303712964780375e-13 -1.856750670299166115e-14
-3.505680028548633178e-11 -3.586953798035133218e-11 1.929950582247511402e-11 6.538603446959838699e-10 5.983383989165247956e-11 4.183447496173277423e-11 -2.472000798908222995e-12 3.128896582024323420e-12 1.875532063598694980e-11 -1.857467967592388439e-11 -1.614746149125045708e-11 -1.037187284486179227e-11 3.960526068211106614e-12 -2.801181763870556075e-12 -6.963630100199194161e-12 -2.639043926149284940e-12 -8.115307660507858627e-12 -2.391807746784435129e-12 -4.137591608468773922e-13 -1.255940573408538355e-12 2.346148135204813099e-12 -2.080195898947596058e-12 3.350260118021045239e-12 7.857114095829637044e-12 1.610892281758624109e-12 6.161356516635923578e-12
1.943573929844460857e-11 -4.520025775247397909e-11 1.581576019296696002e-11 5.983383989165247956e-11 4.187258933554883505e-10 3.040645532701798768e-11 4.825074986229381320e-12 -8.592146794712470549e-12 -7.224520812141839339e-12 4.878151704723212144e-12 7.663975472595845632e-12 -2.773217749293366911e-12 7.195289128330357211e-12 -1.694254857218121356e-12 -1.720931822762783669e-12 1.021773521627672099e-12 -2.290504843571607831e-12 4.488228245183855944e-12 9.508784304923982284e-12 3.737316677678358490e-12 1.873772735587642401e-12 3.615340989013185957e-12 2.013477993438112390e-12 3.287150834817344284e-13 -6.349686636334133411e-13 -2.087368338440452728e-12
-2.472085593159643764e-11 -7.234702260845243313e-12 -3.221865061939652202e-11 4.183447496173277423e-11 3.040645532701798768e-11 2.329415898398912559e-10 8.393818005677764422e-12 2.098191950352950014e-11 8.300253250092366910e-12 5.511698009141354791e-12 6.140527150154727869e-12 4.126458056292239584e-12 -1.995973258562412572e-12 -3.440329718021109065e-12 -5.085289976194173770e-12 -6.348323106565603867e-12 -6.619608851852705288e-12 4.334790355529863702e-12 5.455378672459080657e-12 2.871969849887433809e-12 4.393668038017821805e-12 1.725406816778318880e-12 9.209185535954318624e-13 1.606714604605684052e-12 -6.430668551924745356e-13 -1.263501498407011977e-12
-1.782098277373559531e-11 4.018040448004613342e-12 1.033759131829147934e-12 -2.472000798908222995e-12 4.825074986229381320e-12 8.393818005677764422e-12 1.711382119438929514e-10 4.255545079767762302e-11 1.314248767668092627e-11 1.035186282580854834e-11 9.025289601177714531e-12 -4.924992956511614337e-12 -4.352460305735386818e-12 -8.833544053318167836e-13 3.610151644016039602e-13 8.064803327316587592e-12 7.391425488610734693e-12 4.793423702138224827e-12 -6.393668592809008700e-13 -7.018280519905268753e-13 -1.581110051203512797e-12 -3.248256990498511962e-12 -5.141525186037124476e-13 -2.746851029885412142e-13 -1.103509479591922837e-12 -1.975776914870641599e-12
-6.824385735769172680e-11 -1.670077982050359296e-11 -3.103699407956148197e-11 3.128896582024323420e-12 -8.592146794712470549e-12 2.098191950352950014e-11 4.255545079767762302e-11 1.207840812290628478e-10 1.074051381261430160e-11 1.663147650623551458e-11 1.157773167197441277e-11 5.011109035213288974e-12 2.369811147360786384e-12 3.377413293829039700e-12 3.682599007239983037e-12 2.394261427055500154e-12 -2.738871382830450750e-12 -1.284850814110570521e-12 4.263044428460018054e-13 5.307585074171557806e-13 2.134095844685472396e-12 1.244052110781665708e-12 -8.049710773208846892e-13 -6.255179586844830197e-15 -4.266760240884885491e-13 -1.086942905215774371e-13
-8.130065650870148186e-12 5.129574408391418581e-12 3.198051014280809220e-11 1.875532063598694980e-11 -7.224520812141839339e-12 8.300253250092366910e-12 1.314248767668092627e-11 1.074051381261430160e-11 7.470473310261220393e-11 1.683102488379059326e-11 7.729123409356010527e-12 1.282693945781876394e-12 5.786464633867428479e-12 6.025560819301595266e-12 5.164727348634731160e-12 5.322479089823954272e-12 1.703174581938079086e-12 2.398002899422808614e-13 6.323578085019244860e-13 -1.429993662654541756e-12 -3.839652163487484962e-13 5.766831267170827948e-14 -5.780253144016357539e-13 5.433389098362940118e-13 7.398699408557323968e-14 -7.571368093491439606e-13
-7.968902004123125430e-13 1.250225563088348001e-11 -6.990447556076056568e-12 -1.857467967592388439e-11 4.878151704723212144e-12 5.511698009141354791e-12 1.035186282580854834e-11 1.663147650623551458e-11 1.683102488379059326e-11 6.133854464279884017e-11 1.551855796068102266e-11 7.487788170964528399e-12 4.663322094062045164e-12 1.890155619841846290e-12 3.540199401293130338e-12 1.763439749893940000e-12 -1.436990051307382533e-12 -3.924539972288023680e-13 1.333496606107843057e-12 -1.487968564160393270e-13 -4.214703532357757331e-13 -1.570470719223627021e-13 -6.389027508781244986e-14 -9.204519247657229840e-13 -6.618650847337772473e-13 -2.558544488923271162e-13
-4.555809944718457649e-11 -1.345490469084070929e-12 1.016162234892306559e-11 -1.614746149125045708e-11 7.663975472595845632e-12 6.140527150154727869e-12 9.025289601177714531e-12 1.157773167197441277e-11 7.729123409356010527e-12 1.551855796068102266e-11 4.264313943914387694e-11 9.204527918696782124e-12 4.936530772558620257e-12 1.254735966520836964e-12 2.778073762802364651e-12 8.212247168829805613e-13 1.559635402281358451e-12 1.758986482548156522e-12 -1.204275805496275183e-13 -1.233078508926352190e-13 -7.604707269635340189e-13 -8.977006982141420001e-13 3.667487715089174473e-14 6.232643695565000971e-13 -1.538987791030602263e-13 -3.082920826890601894e-13
-2.986164200218061482e-11 1.525092454763817277e-12 -1.051260097939751147e-12 -1.037187284486179227e-11 -2.773217749293366911e-12 4.126458056292239584e-12 -4.924992956511614337e-12 5.011109035213288974e-12 1.282693945781876394e-12 7.487788170964528399e-12 9.204527918696782124e-12 3.455999366432200801e-11 1.122552193362792062e-11 5.598903000725088853e-12 4.589077295900545519e-12 2.683126962862915964e-13 4.263455487445138610e-13 9.675584827767123737e-13 -4.695327582452338488e-13 5.217863363846128269e-13 7.999808072103703743e-13 5.022368674488071558e-14 1.300469061773637149e-12 5.645517105389524061e-13 3.308646190893847800e-13 -3.373189739398032900e-13
-3.972635088212892278e-12 -9.466647497747602568e-12 2.047452802975457001e-11 3.960526068211106614e-12 7.195289128330357211e-12 -1.995973258562412572e-12 -4.352460305735386818e-12 2.369811147360786384e-12 5.786464633867428479e-12 4.663322094062045164e-12 4.936530772558620257e-12 1.122552193362792062e-11 2.860852169021182795e-11 1.182959019095840416e-11 7.682035499278000651e-12 4.440541600930808101e-12 8.818907118615559103e-13 -1.010268429219444261e-12 -2.994831591475641141e-13 -1.302641137397579895e-12 2.198991749417897699e-13 -4.171706448029133717e-13 -2.759733789938157730e-13 9.557390720593315190e-13 8.316167593676324097e-14 5.878078464004864487e-14
-4.153721579863688207e-12 4.671238020314632387e-12 8.642933356923195294e-12 -2.801181763870556075e-12 -1.694254857218121356e-12 -3.440329718021109065e-12 -8.833544053318167836e-13 3.377413293829039700e-12 6.025560819301595266e-12 1.890155619841846290e-12 1.254735966520836964e-12 5.598903000725088853e-12 1.182959019095840416e-11 2.240402558832049298e-11 1.305179755851016014e-11 7.037800998438469940e-12 3.299213394352532590e-12 1.414546488184372260e-12 9.959272916927160199e-13 -1.090039787667378610e-12 -3.843700178699612818e-13 1.139653424953483262e-12 -1.324412362167630417e-13 -2.628855209661425655e-13 -1.607254562083833742e-13 -3.447618906452184348e-13
-2.392067439311002636e-11 3.784746846340616991e-13 4.371218762640318307e-12 -6.963630100199194161e-12 -1.720931822762783669e-12 -5.085289976194173770e-12 3.610151644016039602e-13 3.682599007239983037e-12 5.164727348634731160e-12 3.540199401293130338e-12 2.778073762802364651e-12 4.589077295900545519e-12 7.682035499278000651e-12 1.305179755851016014e-11 2.161360723705523416e-11 9.350275751409793230e-12 3.639259997720133504e-12 2.693432571179277022e-12 8.578502522117073509e-13 -7.284331947215582464e-13 -1.356114751005215871e-13 1.182739860573714648e-12 2.236363452076981802e-13 -9.713967122728462289e-13 -4.647275145974306023e-13 -5.012885799048833862e-14
-2.756393117758496924e-12 -9.198078121248827252e-12 9.147815825323382892e-12 -2.639043926149284940e-12 1.021773521627672099e-12 -6.348323106565603867e-12 8.064803327316587592e-12 2.394261427055500154e-12 5.322479089823954272e-12 1.763439749893940000e-12 8.212247168829805613e-13 2.683126962862915964e-13 4.440541600930808101e-12 7.037800998438469940e-12 9.350275751409793230e-12 1.692002483094144648e-11 7.203322938316116391e-12 2.912863494753228686e-12 9.845222644907905071e-13 -2.688118841276158656e-13 -5.694157001269764173e-13 9.814659432872192441e-13 4.727891554739889351e-13 -1.660151816477405923e-13 -4.894633975709461248e-13 3.813508565761178374e-14
-2.336875387878873073e-11 -3.300998459489857935e-12 -1.826513200225037039e-12 -8.115307660507858627e-12 -2.290504843571607831e-12 -6.619608851852705288e-12 7.391425488610734693e-12 -2.738871382830450750e-12 1.703174581938079086e-12 -1.436990051307382533e-12 1.559635402281358451e-12 4.263455487445138610e-13 8.818907118615559103e-13 3.299213394352532590e-12 3.639259997720133504e-12 7.203322938316116391e-12 1.557466723575674668e-11 6.565765725536083071e-12 1.269501396089469518e-12 1.106591270750033216e-12 9.741745274432292389e-14 2.715787214985592204e-13 4.087706417677104851e-13 7.181998721030500305e-14 -2.293146037935539282e-13 -6.261709946975906394e-13
-5.388915439789319093e-12 7.647932546176607595e-12 -3.710914682074557367e-12 -2.391807746784435129e-12 4.488228245183855944e-12 4.334790355529863702e-12 4.793423702138224827e-12 -1.284850814110570521e-12 2.398002899422808614e-13 -3.924539972288023680e-13 1.758986482548156522e-12 9.675584827767123737e-13 -1.010268429219444261e-12 1.414546488184372260e-12 2.693432571179277022e-12 2.912863494753228686e-12 6.565765725536083071e-12 1.203698683691047607e-11 4.432927995255913029e-12 1.234930924779911391e-12 4.005474417307085226e-13 2.815671720247700911e-13 2.433042716988341832e-13 -4.524549257976967747e-13 -2.563964238748823356e-14 -9.446677468278091688e-13
5.983471471343742737e-12 2.245423357075098179e-12 5.773801222305259019e-12 -4.137591608468773922e-13 9.508784304923982284e-12 5.455378672459080657e-12 -6.393668592809008700e-13 4.263044428460018054e-13 6.323578085019244860e-13 1.333496606107843057e-12 -1.204275805496275183e-13 -4.695327582452338488e-13 -2.994831591475641141e-13 9.959272916927160199e-13 8.578502522117073509e-13 9.845222644907905071e-13 1.269501396089469518e-12 4.432927995255913029e-12 1.025794700657601257e-11 3.701195598620861622e-12 1.093920639323746865e-12 6.806716981797037778e-13 -5.506467669934439363e-13 6.954749471687286773e-14 9.999926594199501612e-14 -7.490942698099335378e-13
1.390227007424578408e-12 2.983675908490216968e-13 -3.871677213947163310e-12 -1.255940573408538355e-12 3.737316677678358490e-12 2.871969849887433809e-12 -7.018280519905268753e-13 5.307585074171557806e-13 -1.429993662654541756e-12 -1.487968564160393270e-13 -1.233078508926352190e-13 5.217863363846128269e-13 -1.302641137397579895e-12 -1.090039787667378610e-12 -7.284331947215582464e-13 -2.688118841276158656e-13 1.106591270750033216e-12 1.234930924779911391e-12 3.701195598620861622e-12 8.231741112209233147e-12 3.989829039531816526e-12 1.254631048127581441e-12 -2.529075775773987556e-13 -2.126492310825456741e-13 5.665338465912032221e-14 -6.818262692672312313e-13
-5.200518430854489771e-13 -8.726599161940487759e-12 -4.805990191949227517e-12 2.346148135204813099e-12 1.873772735587642401e-12 4.393668038017821805e-12 -1.581110051203512797e-12 2.134095844685472396e-12 -3.839652163487484962e-13 -4.214703532357757331e-13 -7.604707269635340189e-13 7.999808072103703743e-13 2.198991749417897699e-13 -3.843700178699612818e-13 -1.356114751005215871e-13 -5.694157001269764173e-13 9.741745274432292389e-14 4.005474417307085226e-13 1.093920639323746865e-12 3.989829039531816526e-12 8.300021077069470005e-12 3.018463916216750574e-12 4.771886085054853644e-13 1.107909182323666782e-13 -3.628285409282776589e-13 -6.255695273564051807e-13
-9.768530526222344823e-12 -2.377311700480569587e-12 -4.090070531011930173e-12 -2.080195898947596058e-12 3.615340989013185957e-12 1.725406816778318880e-12 -3.248256990498511962e-12 1.244052110781665708e-12 5.766831267170827948e-14 -1.570470719223627021e-13 -8.977006982141420001e-13 5.022368674488071558e-14 -4.171706448029133717e-13 1.139653424953483262e-12 1.182739860573714648e-12 9.814659432872192441e-13 2.715787214985592204e-13 2.815671720247700911e-13 6.806716981797037778e-13 1.254631048127581441e-12 3.018463916216750574e-12 5.836072158395888287e-12 1.628597443900518080e-12 2.821210986388495304e-14 -2.800400978235816779e-13 -4.691254949810891748e-13
-6.419302644416586034e-12 9.256369933308764726e-13 6.944185098204044798e-13 3.350260118021045239e-12 2.013477993438112390e-12 9.209185535954318624e-13 -5.141525186037124476e-13 -8.049710773208846892e-13 -5.780253144016357539e-13 -6.389027508781244986e-14 3.667487715089174473e-14 1.300469061773637149e-12 -2.759733789938157730e-13 -1.324412362167630417e-13 2.236363452076981802e-13 4.727891554739889351e-13 4.087706417677104851e-13 2.433042716988341832e-13 -5.506467669934439363e-13 -2.529075775773987556e-13 4.771886085054853644e-13 1.628597443900518080e-12 3.723899934894647521e-12 8.011312815952746720e-13 -5.085063330627639382e-14 -2.890426231715963177e-13
1.522469019379048554e-13 -4.269448541824389284e-12 2.168040637843941621e-12 7.857114095829637044e-12 3.287150834817344284e-13 1.606714604605684052e-12 -2.746851029885412142e-13 -6.255179586844830197e-15 5.433389098362940118e-13 -9.204519247657229840e-13 6.232643695565000971e-13 5.645517105389524061e-13 9.557390720593315190e-13 -2.628855209661425655e-13 -9.713967122728462289e-13 -1.660151816477405923e-13 7.181998721030500305e-14 -4.524549257976967747e-13 6.954749471687286773e-14 -2.126492310825456741e-13 1.107909182323666782e-13 2.821210986388495304e-14 8.011312815952746720e-13 2.993799948556484203e-12 3.908272598449784826e-13 -1.204019454160240811e-13
6.890128032535933162e-12 9.233380439562826719e-13 -7.214303712964780375e-13 1.610892281758624109e-12 -6.349686636334133411e-13 -6.430668551924745356e-13 -1.103509479591922837e-12 -4.266760240884885491e-13 7.398699408557323968e-14 -6.618650847337772473e-13 -1.538987791030602263e-13 3.308646190893847800e-13 8.316167593676324097e-14 -1.607254562083833742e-13 -4.647275145974306023e-13 -4.894633975709461248e-13 -2.293146037935539282e-13 -2.563964238748823356e-14 9.999926594199501612e-14 5.665338465912032221e-14 -3.628285409282776589e-13 -2.800400978235816779e-13 -5.085063330627639382e-14 3.908272598449784826e-13 2.003376597287122592e-12 3.467559078208956401e-13
1.869334136021171144e-12 -2.380395644088797755e-13 -1.856750670299166115e-14 6.161356516635923578e-12 -2.087368338440452728e-12 -1.263501498407011977e-12 -1.975776914870641599e-12 -1.086942905215774371e-13 -7.571368093491439606e-13 -2.558544488923271162e-13 -3.082920826890601894e-13 -3.373189739398032900e-13 5.878078464004864487e-14 -3.447618906452184348e-13 -5.012885799048833862e-14 3.813508565761178374e-14 -6.261709946975906394e-13 -9.446677468278091688e-13 -7.490942698099335378e-13 -6.818262692672312313e-13 -6.255695273564051807e-13 -4.691254949810891748e-13 -2.890426231715963177e-13 -1.204019454160240811e-13 3.467559078208956401e-13 1.675277416697536730e-12
