2.624342604302858777e-09 -5.718622275510174369e-11 2.353352925990953505e-11 -7.841710962611869095e-11 -7.246987974384421845e-11 -9.903569622493586847e-11 5.355417555891415081e-11 -1.734721547798579837e-11 -5.259475461755412410e-11 2.741599413692378364e-11 3.463224253326766589e-11 6.025969367360581190e-12 1.280048731373000321e-11 9.781417621089974577e-12 -1.290413791622012928e-11 -6.591426274740227509e-12 9.567378567704235047e-12 1.219287258422736957e-11 -1.748069621026372999e-11 -1.907592076364178127e-11 -5.012496111187026952e-12 1.063385931073706576e-12 -1.106779291309531286e-12 4.210921861171702486e-12 3.650853734012125573e-12 -6.847782677353506414e-13
-5.718622275510174369e-11 1.753320067234529867e-09 8.292264639046718189e-11 8.123197607336862326e-11 8.715624902981834784e-11 -4.783813026028864168e-12 -7.163382543676174869e-11 -3.213657991567866559e-12 5.068227218289641186e-11 1.543505236105308047e-11 5.798214338144761508e-13 8.326252468426238358e-12 6.781783422454830854e-12 -3.406128891071850210e-12 -8.446607423770553762e-12 3.622894842147563638e-12 -1.007143975208232501e-11 1.431899251246714824e-12 7.682760416020333373e-12 -2.855278202566051038e-11 -1.261912051497740911e-11 -4.434054158842363289e-12 -3.089548490109068443e-12 6.096017331724737032e-12 2.883990679276373213e-12 -1.244862935035283178e-12
2.353352925990953505e-11 8.292264639046718189e-11 1.012300321093190201e-09 9.916455960417934808e-11 1.608774380068825228e-11 1.205776458961170601e-12 4.200968011120188507e-11 -2.091300932269458945e-11 -1.305933300901750699e-11 -2.660533985528347936e-11 -1.048968168445806425e-12 7.013251744324696884e-12 1.620753968249894846e-11 -6.033682089133128965e-12 -3.063755267899958989e-12 -5.598350663275256701e-12 5.009577633268881901e-12 1.958205909239858958e-11 2.198300234795657074e-11 1.035846744880631146e-11 5.631411113899961150e-13 -7.256652286196747552e-13 5.500138662055195806e-12 1.310582405395869608e-12 1.139269616902645414e-12 -2.528484831553510972e-12
-7.841710962611869095e-11 8.123197607336862326e-11 9.916455960417934808e-11 6.543742522255978829e-10 -1.720238821247314849e-11 -7.117552846712111888e-12 -1.250059614519544144e-11 -2.588638482165631964e-11 2.872074698502789143e-12 1.388626920130772560e-11 -3.867008526682440589e-12 1.381260118252561672e-11 7.770390002073127845e-12 -3.220725377172277168e-12 -8.812860769405662119e-12 -5.521265959241426234e-12 2.835974093888010139e-12 -3.053317355369058956e-13 1.046527817701707040e-12 3.916355511685815493e-12 7.621083951755932314e-13 -1.706451821441003622e-12 -8.987504908948442113e-13 -6.477264080181900148e-12 -8.578838728848613196e-12 -1.174736822824837385e-12
-7.246987974384421845e-11 8.715624902981834784e-11 1.608774380068825228e-11 -1.720238821247314849e-11 4.093608814603773027e-10 5.565634882632995755e-11 2.373921951576177270e-12 -2.243274655311786197e-12 -3.817062602526174230e-12 5.473298558602787508e-12 -1.270737440907070540e-12 2.594402948821998497e-13 -7.316622395999312443e-12 -4.211030250347782821e-12 -5.013768093125801817e-13 -2.436811394239868830e-12 -6.064753313279128887e-12 -4.059751378093184072e-12 1.038642596331443675e-12 2.243085871358318298e-12 -2.111900724028490439e-12 -2.125085333839997935e-12 9.890167214613822149e-13 3.014483556583911698e-12 3.843004685766388130e-12 -1.770675442234414558e-12
-9.903569622493586847e-11 -4.783813026028864168e-12 1.205776458961170601e-12 -7.117552846712111888e-12 5.565634882632995755e-11 2.992150688230241832e-10 3.155288215141771807e-11 8.687452740085855119e-12 1.660448774987957128e-11 8.841567690767852272e-12 -5.089042079970729319e-12 -6.341677792564538942e-12 -1.507083463654789630e-12 -4.777467083428867212e-12 -2.743457175446623499e-12 4.801895076887680028e-13 -4.352322300197366882e-12 8.030258371976911160e-13 -1.496059242129831219e-12 1.300190131515833565e-12 1.598646461710859029e-12 -3.000404193573718255e-12 9.757267060708944356e-13 -6.065136264153126722e-13 -1.902569464190377240e-12 -1.828511783018462338e-12
5.355417555891415081e-11 -7.163382543676174869e-11 4.200968011120188507e-11 -1.250059614519544144e-11 2.373921951576177270e-12 3.155288215141771807e-11 2.261009911808681947e-10 2.577532808940259649e-11 8.303702093835397357e-13 -4.391240481260321029e-12 -1.066461717511751683e-11 -2.486004427747413195e-12 2.571965449814934286e-12 -5.608047968723546334e-12 9.667535913518995522e-13 1.760759278413778677e-12 -1.553714195180455437e-12 8.280708894673834860e-13 3.751122799166486564e-12 3.786481086832062620e-12 5.085442118649619532e-13 1.908283538810379344e-12 3.114457863521373497e-13 -2.355962212619347112e-12 -1.426728327425628147e-12 -1.380302939945792696e-12
-1.734721547798579837e-11 -3.213657991567866559e-12 -2.091300932269458945e-11 -2.588638482165631964e-11 -2.243274655311786197e-12 8.687452740085855119e-12 2.577532808940259649e-11 1.382997113130131809e-10 1.790701508591039853e-11 5.445040647846534999e-12 -3.784340112127539788e-12 -6.640653578947428896e-13 -1.803344058523064441e-12 2.118392155556793623e-12 1.273488074904630739e-13 4.911164849284202226e-12 -1.473323792060288512e-12 -9.244451992682087205e-13 4.795877465397226861e-12 1.286158763081672293e-12 2.601022810042247043e-12 4.062732655627259535e-12 9.799602877000863882e-14 9.815535741161302896e-13 1.063508137824614182e-12 4.522257504604308755e-13
-5.259475461755412410e-11 5.068227218289641186e-11 -1.305933300901750699e-11 2.872074698502789143e-12 -3.817062602526174230e-12 1.660448774987957128e-11 8.303702093835397357e-13 1.790701508591039853e-11 7.646479673189358349e-11 1.613014685214704026e-11 1.141167645490576756e-12 2.004226146776006242e-12 -4.784077284988942594e-12 2.539926286793736734e-12 -8.619612672037566123e-13 1.311126296538468627e-12 -2.832727105905512730e-12 -1.446069742403845312e-12 1.020826804809085681e-12 2.563907656670760068e-12 2.435174335615313496e-12 4.443204851329739548e-12 2.869197082440218454e-12 2.988629438439976501e-12 -5.543449420975815841e-13 7.289806802814413559e-13
2.741599413692378364e-11 1.543505236105308047e-11 -2.660533985528347936e-11 1.388626920130772560e-11 5.473298558602787508e-12 8.841567690767852272e-12 -4.391240481260321029e-12 5.445040647846534999e-12 1.613014685214704026e-11 6.798027353008779034e-11 1.465866265679217022e-11 1.188784032274089881e-11 1.282114759252214265e-12 -3.836017337738737834e-14 2.360978092799140349e-12 4.709143969023050114e-13 -8.621665890861456835e-13 -1.349701357446573675e-12 -5.815898052066780607e-12 -1.704426946709499146e-13 -5.243984683554379696e-13 -1.426477419823284132e-12 -1.084354161802927566e-12 3.008050163899180635e-13 -1.001809478747231218e-13 -1.623905044305167752e-13
3.463224253326766589e-11 5.798214338144761508e-13 -1.048968168445806425e-12 -3.867008526682440589e-12 -1.270737440907070540e-12 -5.089042079970729319e-12 -1.066461717511751683e-11 -3.784340112127539788e-12 1.141167645490576756e-12 1.465866265679217022e-11 4.031690429201524095e-11 7.913370251025856207e-12 3.553984894499789108e-12 -1.341894183582937145e-12 -4.721526086126827414e-13 -1.638952432772381275e-12 -7.811353206195968773e-13 1.097256024165865536e-12 -2.832087359001518353e-12 6.713668544819490991e-13 -1.393254710854157200e-12 -3.691335683432997220e-13 8.684512315594828853e-14 1.882724995926384574e-13 2.071459162132236844e-13 8.016496096385418422e-13
6.025969367360581190e-12 8.326252468426238358e-12 7.013251744324696884e-12 1.381260118252561672e-11 2.594402948821998497e-13 -6.341677792564538942e-12 -2.486004427747413195e-12 -6.640653578947428896e-13 2.004226146776006242e-12 1.188784032274089881e-11 7.913370251025856207e-12 3.858976901964418416e-11 1.225120800940832393e-11 8.936583110106333232e-12 3.203507875078964177e-12 2.428256380220446628e-12 9.121076701088136970e-13 1.952883550250397916e-12 1.937583298052645330e-13 1.357323932315462714e-12 2.654163140502488379e-13 -3.463968104528259753e-13 -6.343705201092591380e-13 -9.892830124420265980e-13 -3.011410333727891094e-13 3.850935822100390015e-13
1.280048731373000321e-11 6.781783422454830854e-12 1.620753968249894846e-11 7.770390002073127845e-12 -7.316622395999312443e-12 -1.507083463654789630e-12 2.571965449814934286e-12 -1.803344058523064441e-12 -4.784077284988942594e-12 1.282114759252214265e-12 3.553984894499789108e-12 1.225120800940832393e-11 3.220120519209620557e-11 1.128129144883073448e-11 5.321868077459409022e-12 4.117742548964333562e-12 2.472060705373191453e-12 1.447600896631072620e-12 9.359493349847459950e-13 7.721605290859989027e-13 1.837487485394595870e-13 2.657058648008328332e-13 -2.332818663726312308e-13 1.034602181293742932e-13 -9.614897897423734022e-13 -3.583059431855148611e-13
9.781417621089974577e-12 -3.406128891071850210e-12 -6.033682089133128965e-12 -3.220725377172277168e-12 -4.211030250347782821e-12 -4.777467083428867212e-12 -5.608047968723546334e-12 2.118392155556793623e-12 2.539926286793736734e-12 -3.836017337738737834e-14 -1.341894183582937145e-12 8.936583110106333232e-12 1.128129144883073448e-11 2.644097480367940449e-11 9.201156176682663643e-12 6.849705267083687264e-12 3.818400078435848165e-12 1.451211066249307037e-12 2.235965091669122568e-12 1.522211837281948126e-12 1.574394498554772381e-12 1.556793483576772492e-12 1.308363513401799028e-13 8.093862345282493395e-13 -1.423948247508800390e-12 -5.873270423368698572e-13
-1.290413791622012928e-11 -8.446607423770553762e-12 -3.063755267899958989e-12 -8.812860769405662119e-12 -5.013768093125801817e-13 -2.743457175446623499e-12 9.667535913518995522e-13 1.273488074904630739e-13 -8.619612672037566123e-13 2.360978092799140349e-12 -4.721526086126827414e-13 3.203507875078964177e-12 5.321868077459409022e-12 9.201156176682663643e-12 2.043185697919754176e-11 1.137287948493575506e-11 4.814331596589908605e-12 2.839008698473467354e-12 8.355132575616590481e-13 2.112726332613712786e-12 1.964154199300917946e-12 -5.961714317434407927e-13 1.444786110551460829e-13 -3.337178227606511045e-13 -1.137941465423091224e-12 -3.242570247830803893e-13
-6.591426274740227509e-12 3.622894842147563638e-12 -5.598350663275256701e-12 -5.521265959241426234e-12 -2.436811394239868830e-12 4.801895076887680028e-13 1.760759278413778677e-12 4.911164849284202226e-12 1.311126296538468627e-12 4.709143969023050114e-13 -1.638952432772381275e-12 2.428256380220446628e-12 4.117742548964333562e-12 6.849705267083687264e-12 1.137287948493575506e-11 2.022095752243912484e-11 8.057163939644828258e-12 3.842339372370602462e-12 8.743900716828646989e-13 1.445716653462754454e-12 9.818767098019755177e-13 2.175408307668464752e-13 6.329261392134348677e-13 2.861000459606366405e-13 -8.852769621735218528e-13 1.809059282665448762e-13
9.567378567704235047e-12 -1.007143975208232501e-11 5.009577633268881901e-12 2.835974093888010139e-12 -6.064753313279128887e-12 -4.352322300197366882e-12 -1.553714195180455437e-12 -1.473323792060288512e-12 -2.832727105905512730e-12 -8.621665890861456835e-13 -7.811353206195968773e-13 9.121076701088136970e-13 2.472060705373191453e-12 3.818400078435848165e-12 4.814331596589908605e-12 8.057163939644828258e-12 1.545341922902841902e-11 6.940534064473735372e-12 2.700566664180163530e-12 2.006335137394079817e-12 1.464456083332922533e-12 3.541355096776011123e-13 -1.865482748047474461e-13 -4.475332317657119859e-15 -4.880964707435371755e-13 -1.615751076883948699e-13
1.219287258422736957e-11 1.431899251246714824e-12 1.958205909239858958e-11 -3.053317355369058956e-13 -4.059751378093184072e-12 8.030258371976911160e-13 8.280708894673834860e-13 -9.244451992682087205e-13 -1.446069742403845312e-12 -1.349701357446573675e-12 1.097256024165865536e-12 1.952883550250397916e-12 1.447600896631072620e-12 1.451211066249307037e-12 2.839008698473467354e-12 3.842339372370602462e-12 6.940534064473735372e-12 1.523354561541484043e-11 7.986619262492737259e-12 4.117051738372856396e-12 1.354909799279542463e-12 6.637049950145836070e-13 5.947964930465831455e-15 -2.919382282393056201e-13 -3.240056807931395555e-13 -1.257843291422306792e-13
-1.748069621026372999e-11 7.682760416020333373e-12 2.198300234795657074e-11 1.046527817701707040e-12 1.038642596331443675e-12 -1.496059242129831219e-12 3.751122799166486564e-12 4.795877465397226861e-12 1.020826804809085681e-12 -5.815898052066780607e-12 -2.832087359001518353e-12 1.937583298052645330e-13 9.359493349847459950e-13 2.235965091669122568e-12 8.355132575616590481e-13 8.743900716828646989e-13 2.700566664180163530e-12 7.986619262492737259e-12 1.463730894509646662e-11 6.277146332043887672e-12 2.488696807549555331e-12 1.395815096168967521e-12 5.340747183778453264e-13 -8.794354959499880512e-14 1.272459045030634588e-13 -2.240569293591346173e-13
-1.907592076364178127e-11 -2.855278202566051038e-11 1.035846744880631146e-11 3.916355511685815493e-12 2.243085871358318298e-12 1.300190131515833565e-12 3.786481086832062620e-12 1.286158763081672293e-12 2.563907656670760068e-12 -1.704426946709499146e-13 6.713668544819490991e-13 1.357323932315462714e-12 7.721605290859989027e-13 1.522211837281948126e-12 2.112726332613712786e-12 1.445716653462754454e-12 2.006335137394079817e-12 4.117051738372856396e-12 6.277146332043887672e-12 1.437657479643252506e-11 6.628707066451659340e-12 2.046501546476766252e-12 8.369513144139315853e-13 -3.751286872853053706e-13 -3.155909753630490646e-13 -6.456106397104965786e-13
-5.012496111187026952e-12 -1.261912051497740911e-11 5.631411113899961150e-13 7.621083951755932314e-13 -2.111900724028490439e-12 1.598646461710859029e-12 5.085442118649619532e-13 2.601022810042247043e-12 2.435174335615313496e-12 -5.243984683554379696e-13 -1.393254710854157200e-12 2.654163140502488379e-13 1.837487485394595870e-13 1.574394498554772381e-12 1.964154199300917946e-12 9.818767098019755177e-13 1.464456083332922533e-12 1.354909799279542463e-12 2.488696807549555331e-12 6.628707066451659340e-12 1.035043261734915959e-11 3.919195873501015992e-12 1.871177995228536032e-12 3.674805448882452303e-13 -2.499836640502502708e-13 -8.916677280777683883e-13
1.063385931073706576e-12 -4.434054158842363289e-12 -7.256652286196747552e-13 -1.706451821441003622e-12 -2.125085333839997935e-12 -3.000404193573718255e-12 1.908283538810379344e-12 4.062732655627259535e-12 4.443204851329739548e-12 -1.426477419823284132e-12 -3.691335683432997220e-13 -3.463968104528259753e-13 2.657058648008328332e-13 1.556793483576772492e-12 -5.961714317434407927e-13 2.175408307668464752e-13 3.541355096776011123e-13 6.637049950145836070e-13 1.395815096168967521e-12 2.046501546476766252e-12 3.919195873501015992e-12 7.928505479601660195e-12 2.567141477508756754e-12 7.202311647461926120e-13 -7.779522074099643177e-14 -8.358511643476709537e-13
-1.106779291309531286e-12 -3.089548490109068443e-12 5.500138662055195806e-12 -8.987504908948442113e-13 9.890167214613822149e-13 9.757267060708944356e-13 3.114457863521373497e-13 9.799602877000863882e-14 2.869197082440218454e-12 -1.084354161802927566e-12 8.684512315594828853e-14 -6.343705201092591380e-13 -2.332818663726312308e-13 1.308363513401799028e-13 1.444786110551460829e-13 6.329261392134348677e-13 -1.865482748047474461e-13 5.947964930465831455e-15 5.340747183778453264e-13 8.369513144139315853e-13 1.871177995228536032e-12 2.567141477508756754e-12 4.698561667040187057e-12 1.221802592946222971e-12 -4.243378533730498969e-15 -1.470558781842476444e-13
4.210921861171702486e-12 6.096017331724737032e-12 1.310582405395869608e-12 -6.477264080181900148e-12 3.014483556583911698e-12 -6.065136264153126722e-13 -2.355962212619347112e-12 9.815535741161302896e-13 2.988629438439976501e-12 3.008050163899180635e-13 1.882724995926384574e-13 -9.892830124420265980e-13 1.034602181293742932e-13 8.093862345282493395e-13 -3.337178227606511045e-13 2.861000459606366405e-13 -4.475332317657119859e-15 -2.919382282393056201e-13 -8.794354959499880512e-14 -3.751286872853053706e-13 3.674805448882452303e-13 7.202311647461926120e-13 1.221802592946222971e-12 3.409819468124917626e-12 5.874260628093544430e-13 1.259539918494885419e-13
3.650853734012125573e-12 2.883990679276373213e-12 1.139269616902645414e-12 -8.578838728848613196e-12 3.843004685766388130e-12 -1.902569464190377240e-12 -1.426728327425628147e-12 1.063508137824614182e-12 -5.543449420975815841e-13 -1.001809478747231218e-13 2.071459162132236844e-13 -3.011410333727891094e-13 -9.614897897423734022e-13 -1.423948247508800390e-12 -1.137941465423091224e-12 -8.852769621735218528e-13 -4.880964707435371755e-13 -3.240056807931395555e-13 1.272459045030634588e-13 -3.155909753630490646e-13 -2.499836640502502708e-13 -7.779522074099643177e-14 -4.243378533730498969e-15 5.874260628093544430e-13 3.021659751531296832e-12 2.037272019951877139e-13
-6.847782677353506414e-13 -1.244862935035283178e-12 -2.528484831553510972e-12 -1.174736822824837385e-12 -1.770675442234414558e-12 -1.828511783018462338e-12 -1.380302939945792696e-12 4.522257504604308755e-13 7.289806802814413559e-13 -1.623905044305167752e-13 8.016496096385418422e-13 3.850935822100390015e-13 -3.583059431855148611e-13 -5.873270423368698572e-13 -3.242570247830803893e-13 1.809059282665448762e-13 -1.615751076883948699e-13 -1.257843291422306792e-13 -2.240569293591346173e-13 -6.456106397104965786e-13 -8.916677280777683883e-13 -8.358511643476709537e-13 -1.470558781842476444e-13 1.259539918494885419e-13 2.037272019951877139e-13 2.337212443604309474e-12
