1.784628972059913436e-09 -4.061607563511018579e-11 8.603706593613653243e-11 6.665281504761118508e-11 1.493019386687908975e-11 -4.796604871140554800e-11 -8.076248970353309534e-11 -1.958379938448592497e-11 -2.814989271629450938e-12 1.559183301205323234e-12 3.402267985853924082e-11 3.255043829118197458e-11 2.492770721160083268e-11 2.240137947101738113e-11 1.601602298387748242e-11 1.823991206613179500e-11 1.028476951595140599e-12 -1.144456814484332548e-11 -1.523972206621530231e-11 -1.416511698850219111e-11 -8.116072758078441088e-12 9.711619095457412112e-12 -1.502558467392297515e-13 1.063929547629977491e-11 -4.449284831370162082e-12 -1.148672414802367783e-11
-4.061607563511018579e-11 9.702848076561713332e-10 -3.801841447359588506e-12 7.890420519126730356e-11 -8.538214715858569897e-12 -2.036825307036304231e-11 2.446055847785521306e-11 -2.124869600385243965e-11 -2.999928370345603481e-11 1.081018325977283697e-11 -3.924695898900871729e-12 1.392567837567822304e-11 3.000564043617027891e-12 4.969058091393889261e-12 1.079125991746288552e-11 4.146108346584978225e-12 -5.677043387492971538e-13 -4.085759237765366462e-13 -1.207930541856339982e-11 -7.405511692404075346e-12 -1.188094900112740558e-12 -2.801356831582796489e-12 -4.654095450203548155e-12 8.872378807821856949e-13 4.341177523546539632e-13 2.694840746587981639e-12
8.603706593613653243e-11 -3.801841447359588506e-12 7.534596216556447659e-10 3.766870321026927793e-11 4.842481086974266462e-11 -6.999085593486654348e-12 1.868850968444868271e-11 6.325471036766546765e-12 8.822137003507232160e-12 -1.843400961323071532e-13 8.563081363238796969e-12 2.682781281589310595e-11 2.138336196304217145e-11 1.730024844191718913e-11 5.333577396597625692e-12 2.205652543816860803e-11 -3.632440128909003029e-12 4.788755322975674179e-12 8.657198745871917179e-12 5.513677415610473056e-12 -8.888778600380220370e-13 -1.358841521413498512e-12 -4.243838958568424711e-12 -1.096202498131604724e-12 5.503477262979708944e-12 -4.209107549199340284e-12
6.665281504761118508e-11 7.890420519126730356e-11 3.766870321026927793e-11 4.849205709594811952e-10 5.735456659722968862e-11 5.913646950738174329e-11 -1.451767664143678202e-12 1.344025034206053308e-11 -1.212242858988123252e-11 -9.477194726575177494e-12 -2.481485794981407740e-12 5.365368577900496068e-12 9.651989257244003441e-12 7.121575682837187702e-12 1.189861331017126465e-11 3.773401082301607753e-13 -3.201094311221035097e-12 -3.985248243408564141e-13 1.896753527530763513e-12 -7.861807070325370853e-12 -4.809629828347385343e-12 -2.299967373443931240e-13 -3.839293862012379149e-12 -3.340244743833670878e-12 -1.299411289744039169e-12 1.243372892088811845e-13
1.493019386687908975e-11 -8.538214715858569897e-12 4.842481086974266462e-11 5.735456659722968862e-11 2.696716640396577159e-10 5.205319753397169197e-11 8.626635408182950302e-12 1.941553060535581121e-11 4.390748923768726746e-13 -1.060979349271574551e-11 1.727670960412694137e-12 2.776407018206182038e-12 1.458148348877842316e-12 -3.526428421570751770e-12 -5.940799663634161653e-12 -3.971246776358566025e-12 -2.701063436316782524e-12 -3.162290298663845241e-12 -2.871360113090674064e-12 2.806763410093229957e-12 8.846907899304647171e-12 9.583143264512779395e-13 5.493833309330267845e-13 1.594595207513725131e-12 8.834672512198048374e-13 -1.323912915339660985e-12
-4.796604871140554800e-11 -2.036825307036304231e-11 -6.999085593486654348e-12 5.913646950738174329e-11 5.205319753397169197e-11 2.071784472974469273e-10 1.067832615946315825e-11 1.987255169227540732e-11 -4.260851346557575937e-12 -1.819621971512128126e-12 -1.509601374755620571e-12 -1.277891402228880813e-11 -1.566686033200708164e-12 -5.315642702487540614e-12 2.144706220166269418e-12 5.146611991161592484e-12 4.438230693437498958e-12 -4.209426806673313861e-12 -3.143431259075960967e-12 2.911360366132663860e-12 4.868589198109832423e-12 7.330195079656025984e-12 2.018830782925494355e-12 1.453306589119096435e-12 -5.036894998883000843e-13 3.456179864305198339e-13
-8.076248970353309534e-11 2.446055847785521306e-11 1.868850968444868271e-11 -1.451767664143678202e-12 8.626635408182950302e-12 1.067832615946315825e-11 1.607115732594746449e-10 3.811216007457858246e-11 2.007862204652194574e-11 1.761083574667343226e-11 1.478050540379035863e-11 8.515191788645324062e-12 1.345274931999669226e-11 1.305601204431410243e-11 5.759535451420942521e-12 6.519533545920296164e-12 4.717203393853765803e-13 6.399729561958054713e-13 -4.369590121513528467e-12 -1.767254734534819911e-12 -2.075866590320832673e-12 3.386772683156096307e-13 -2.539570169647313804e-12 8.194124007926845064e-13 -7.424591368540515151e-14 1.092734431904506521e-12
-1.958379938448592497e-11 -2.124869600385243965e-11 6.325471036766546765e-12 1.344025034206053308e-11 1.941553060535581121e-11 1.987255169227540732e-11 3.811216007457858246e-11 1.216568426865623859e-10 2.819406616200798207e-11 2.186618883679135692e-11 1.353204831353152019e-11 2.656555252855649038e-12 5.071099748746171833e-12 3.799457384827728968e-12 2.961685391448194292e-12 4.803302833966282366e-12 2.587412372359412430e-12 1.797183951860609179e-12 -1.597900682906179646e-12 -3.013177994226489701e-12 -2.648807138870139324e-12 6.672674786299711472e-13 1.943501799328524301e-13 1.305923088593987071e-12 -1.173875399494148574e-12 -3.245268734866091223e-14
-2.814989271629450938e-12 -2.999928370345603481e-11 8.822137003507232160e-12 -1.212242858988123252e-11 4.390748923768726746e-13 -4.260851346557575937e-12 2.007862204652194574e-11 2.819406616200798207e-11 7.478161180119347207e-11 2.998727612225305760e-11 2.068077198504094236e-11 1.478869527413510056e-11 8.495643304196746300e-12 7.826353021907691301e-12 7.882141491859597486e-12 9.038496918824669556e-12 3.805288214581089903e-12 2.372643167979496090e-12 9.304161002456913808e-13 -5.983780279477655411e-13 -3.629376720436703214e-12 5.835863085637874775e-13 3.442568444090361448e-12 1.306050680630667967e-12 -1.691581942449565912e-12 -4.499339999255233205e-13
1.559183301205323234e-12 1.081018325977283697e-11 -1.843400961323071532e-13 -9.477194726575177494e-12 -1.060979349271574551e-11 -1.819621971512128126e-12 1.761083574667343226e-11 2.186618883679135692e-11 2.998727612225305760e-11 6.424974869221660344e-11 2.232061081186243621e-11 7.720566858273543980e-12 8.842868018439028689e-12 6.217139767037863733e-12 6.733331748044825081e-12 3.715417292500468346e-12 2.012869850212259068e-12 1.108828373202141016e-12 -3.349830426738476282e-12 -2.704704357126400956e-12 -3.159359401999707148e-12 -1.703401507930197874e-14 8.151410502687363584e-13 1.160519165172753146e-12 1.140652657617069504e-13 -1.261456935852162574e-13
3.402267985853924082e-11 -3.924695898900871729e-12 8.563081363238796969e-12 -2.481485794981407740e-12 1.727670960412694137e-12 -1.509601374755620571e-12 1.478050540379035863e-11 1.353204831353152019e-11 2.068077198504094236e-11 2.232061081186243621e-11 4.770068578657183668e-11 1.740879674935282451e-11 1.335739764649652485e-11 5.948474114780327274e-12 6.653053944768641283e-12 3.939413532984658624e-12 1.784073207945839328e-12 2.047603713337725552e-12 -3.084560755303661524e-12 -1.599928306252339836e-12 -7.148322455367473848e-14 -3.282486288266388450e-13 1.661659432832884101e-12 1.969710554797818007e-12 -1.129325834091599626e-13 2.509648627524623422e-15
3.255043829118197458e-11 1.392567837567822304e-11 2.682781281589310595e-11 5.365368577900496068e-12 2.776407018206182038e-12 -1.277891402228880813e-11 8.515191788645324062e-12 2.656555252855649038e-12 1.478869527413510056e-11 7.720566858273543980e-12 1.740879674935282451e-11 3.797685838169109717e-11 1.852349550416633043e-11 8.995098789981782175e-12 6.056646566780295033e-12 4.747952045234825093e-12 2.010570516930509696e-12 3.787680303679960992e-12 1.029231281224702713e-12 7.210543007533983643e-13 8.743476450536765890e-13 1.592600000196023932e-12 1.509816557647517559e-12 7.996004271070595329e-13 7.398567537841825562e-13 1.725967994704678022e-13
2.492770721160083268e-11 3.000564043617027891e-12 2.138336196304217145e-11 9.651989257244003441e-12 1.458148348877842316e-12 -1.566686033200708164e-12 1.345274931999669226e-11 5.071099748746171833e-12 8.495643304196746300e-12 8.842868018439028689e-12 1.335739764649652485e-11 1.852349550416633043e-11 3.532895219441638717e-11 1.941652130309766951e-11 1.232400031115456910e-11 8.859145913290994625e-12 7.941587906551074450e-12 6.289704899736686913e-12 2.035798561361027072e-12 -8.395796862034531208e-13 -2.034816868003249795e-12 -7.447724472815994235e-13 7.282954209779192121e-13 1.229360264268696250e-13 -1.734525327088623634e-13 1.397575241998991141e-13
2.240137947101738113e-11 4.969058091393889261e-12 1.730024844191718913e-11 7.121575682837187702e-12 -3.526428421570751770e-12 -5.315642702487540614e-12 1.305601204431410243e-11 3.799457384827728968e-12 7.826353021907691301e-12 6.217139767037863733e-12 5.948474114780327274e-12 8.995098789981782175e-12 1.941652130309766951e-11 3.216845198596912522e-11 1.905320028176224815e-11 1.114797824916306056e-11 6.911869376434930721e-12 5.030957367502152504e-12 1.819449522777323301e-12 -1.452844121851027669e-13 -1.679643740863538955e-12 -1.700756358528079168e-13 1.196601058717597275e-12 -7.121337350470820776e-14 -2.887585538772074703e-13 5.305726901806382804e-13
1.601602298387748242e-11 1.079125991746288552e-11 5.333577396597625692e-12 1.189861331017126465e-11 -5.940799663634161653e-12 2.144706220166269418e-12 5.759535451420942521e-12 2.961685391448194292e-12 7.882141491859597486e-12 6.733331748044825081e-12 6.653053944768641283e-12 6.056646566780295033e-12 1.232400031115456910e-11 1.905320028176224815e-11 3.094421085747987557e-11 1.910279677575240832e-11 1.037635951623246243e-11 6.519090000014452480e-12 1.482758079281749317e-12 -6.567890414106698409e-13 -2.066367218129890421e-12 -1.005926925710932028e-12 -7.776864737333363448e-13 1.447468969375169265e-13 -6.085623683546744496e-13 9.251028878635204508e-13
1.823991206613179500e-11 4.146108346584978225e-12 2.205652543816860803e-11 3.773401082301607753e-13 -3.971246776358566025e-12 5.146611991161592484e-12 6.519533545920296164e-12 4.803302833966282366e-12 9.038496918824669556e-12 3.715417292500468346e-12 3.939413532984658624e-12 4.747952045234825093e-12 8.859145913290994625e-12 1.114797824916306056e-11 1.910279677575240832e-11 2.949581667383324672e-11 1.837733990653314161e-11 8.609301728347472172e-12 5.515119832430031440e-12 1.395322278869050534e-12 -1.638379435511069875e-12 -8.023437170789108021e-13 2.489256182780267490e-14 -1.572864078105994895e-13 -1.876521510856460210e-13 3.843797750944560039e-13
1.028476951595140599e-12 -5.677043387492971538e-13 -3.632440128909003029e-12 -3.201094311221035097e-12 -2.701063436316782524e-12 4.438230693437498958e-12 4.717203393853765803e-13 2.587412372359412430e-12 3.805288214581089903e-12 2.012869850212259068e-12 1.784073207945839328e-12 2.010570516930509696e-12 7.941587906551074450e-12 6.911869376434930721e-12 1.037635951623246243e-11 1.837733990653314161e-11 3.062809622025659474e-11 1.753047432555103617e-11 9.385020967969258918e-12 4.590481366820574389e-12 5.648177859670451454e-13 3.101660533225063084e-13 4.528881974065392449e-13 -7.656806671313515377e-13 1.874868655502882331e-13 1.139760441713381404e-12
-1.144456814484332548e-11 -4.085759237765366462e-13 4.788755322975674179e-12 -3.985248243408564141e-13 -3.162290298663845241e-12 -4.209426806673313861e-12 6.399729561958054713e-13 1.797183951860609179e-12 2.372643167979496090e-12 1.108828373202141016e-12 2.047603713337725552e-12 3.787680303679960992e-12 6.289704899736686913e-12 5.030957367502152504e-12 6.519090000014452480e-12 8.609301728347472172e-12 1.753047432555103617e-11 2.409214928189489460e-11 1.346597960377418008e-11 4.748870174482097129e-12 1.637039460501296322e-12 1.513015709402510618e-12 -3.522851116586621186e-15 -5.988860441434350732e-13 2.187362879545096322e-13 9.675912088427051472e-13
-1.523972206621530231e-11 -1.207930541856339982e-11 8.657198745871917179e-12 1.896753527530763513e-12 -2.871360113090674064e-12 -3.143431259075960967e-12 -4.369590121513528467e-12 -1.597900682906179646e-12 9.304161002456913808e-13 -3.349830426738476282e-12 -3.084560755303661524e-12 1.029231281224702713e-12 2.035798561361027072e-12 1.819449522777323301e-12 1.482758079281749317e-12 5.515119832430031440e-12 9.385020967969258918e-12 1.346597960377418008e-11 2.148896261295278611e-11 1.106090143534083956e-11 3.140388604527414059e-12 1.964476637804946720e-12 1.691028708080576520e-12 -4.066039213893835339e-13 5.126719544125676039e-13 4.239054850899526169e-13
-1.416511698850219111e-11 -7.405511692404075346e-12 5.513677415610473056e-12 -7.861807070325370853e-12 2.806763410093229957e-12 2.911360366132663860e-12 -1.767254734534819911e-12 -3.013177994226489701e-12 -5.983780279477655411e-13 -2.704704357126400956e-12 -1.599928306252339836e-12 7.210543007533983643e-13 -8.395796862034531208e-13 -1.452844121851027669e-13 -6.567890414106698409e-13 1.395322278869050534e-12 4.590481366820574389e-12 4.748870174482097129e-12 1.106090143534083956e-11 1.806361208281548232e-11 8.831619509310814041e-12 4.454172905767235558e-12 3.004584275402888809e-12 8.744306537132228196e-14 5.519505143764660644e-13 -5.749233322502363916e-13
-8.116072758078441088e-12 -1.188094900112740558e-12 -8.888778600380220370e-13 -4.809629828347385343e-12 8.846907899304647171e-12 4.868589198109832423e-12 -2.075866590320832673e-12 -2.648807138870139324e-12 -3.629376720436703214e-12 -3.159359401999707148e-12 -7.148322455367473848e-14 8.743476450536765890e-13 -2.034816868003249795e-12 -1.679643740863538955e-12 -2.066367218129890421e-12 -1.638379435511069875e-12 5.648177859670451454e-13 1.637039460501296322e-12 3.140388604527414059e-12 8.831619509310814041e-12 1.446765249694804431e-11 7.608666827965728774e-12 3.207570965760066200e-12 1.003277950754315987e-12 2.419521447006896939e-13 -7.132804886221856567e-13
9.711619095457412112e-12 -2.801356831582796489e-12 -1.358841521413498512e-12 -2.299967373443931240e-13 9.583143264512779395e-13 7.330195079656025984e-12 3.386772683156096307e-13 6.672674786299711472e-13 5.835863085637874775e-13 -1.703401507930197874e-14 -3.282486288266388450e-13 1.592600000196023932e-12 -7.447724472815994235e-13 -1.700756358528079168e-13 -1.005926925710932028e-12 -8.023437170789108021e-13 3.101660533225063084e-13 1.513015709402510618e-12 1.964476637804946720e-12 4.454172905767235558e-12 7.608666827965728774e-12 1.347494608574069247e-11 5.843626624038668991e-12 1.158741814772512130e-12 -4.660620914634652165e-13 -6.624931005948174901e-13
-1.502558467392297515e-13 -4.654095450203548155e-12 -4.243838958568424711e-12 -3.839293862012379149e-12 5.493833309330267845e-13 2.018830782925494355e-12 -2.539570169647313804e-12 1.943501799328524301e-13 3.442568444090361448e-12 8.151410502687363584e-13 1.661659432832884101e-12 1.509816557647517559e-12 7.282954209779192121e-13 1.196601058717597275e-12 -7.776864737333363448e-13 2.489256182780267490e-14 4.528881974065392449e-13 -3.522851116586621186e-15 1.691028708080576520e-12 3.004584275402888809e-12 3.207570965760066200e-12 5.843626624038668991e-12 8.292017960085362127e-12 1.762257548900109496e-12 -2.027534770358396228e-13 -7.369674932145566658e-13
1.063929547629977491e-11 8.872378807821856949e-13 -1.096202498131604724e-12 -3.340244743833670878e-12 1.594595207513725131e-12 1.453306589119096435e-12 8.194124007926845064e-13 1.305923088593987071e-12 1.306050680630667967e-12 1.160519165172753146e-12 1.969710554797818007e-12 7.996004271070595329e-13 1.229360264268696250e-13 -7.121337350470820776e-14 1.447468969375169265e-13 -1.572864078105994895e-13 -7.656806671313515377e-13 -5.988860441434350732e-13 -4.066039213893835339e-13 8.744306537132228196e-14 1.003277950754315987e-12 1.158741814772512130e-12 1.762257548900109496e-12 5.026514401048290949e-12 5.335366705781929098e-13 -9.895134258402840838e-13
-4.449284831370162082e-12 4.341177523546539632e-13 5.503477262979708944e-12 -1.299411289744039169e-12 8.834672512198048374e-13 -5.036894998883000843e-13 -7.424591368540515151e-14 -1.173875399494148574e-12 -1.691581942449565912e-12 1.140652657617069504e-13 -1.129325834091599626e-13 7.398567537841825562e-13 -1.734525327088623634e-13 -2.887585538772074703e-13 -6.085623683546744496e-13 -1.876521510856460210e-13 1.874868655502882331e-13 2.187362879545096322e-13 5.126719544125676039e-13 5.519505143764660644e-13 2.419521447006896939e-13 -4.660620914634652165e-13 -2.027534770358396228e-13 5.335366705781929098e-13 3.817316911355083855e-12 2.601540377788649015e-14
-1.148672414802367783e-11 2.694840746587981639e-12 -4.209107549199340284e-12 1.243372892088811845e-13 -1.323912915339660985e-12 3.456179864305198339e-13 1.092734431904506521e-12 -3.245268734866091223e-14 -4.499339999255233205e-13 -1.261456935852162574e-13 2.509648627524623422e-15 1.725967994704678022e-13 1.397575241998991141e-13 5.305726901806382804e-13 9.251028878635204508e-13 3.843797750944560039e-13 1.139760441713381404e-12 9.675912088427051472e-13 4.239054850899526169e-13 -5.749233322502363916e-13 -7.132804886221856567e-13 -6.624931005948174901e-13 -7.369674932145566658e-13 -9.895134258402840838e-13 2.601540377788649015e-14 3.242208113710237833e-12
