1.883100001837480650e-09 -1.094672650024373546e-10 2.560393461718992845e-11 5.493363487260108902e-11 6.184291884083745256e-12 3.871464899850060252e-11 -3.238166509690697508e-11 2.668078745136733197e-11 8.349324359917743576e-12 3.870890882526959043e-12 -1.218659082120977538e-11 6.988745214358340153e-12 1.462076267197341593e-11 -1.284806408992097067e-11 -1.792659151744354589e-11 -1.666428587784958260e-11 -1.246441485876997623e-11 -1.639163337944832977e-11 3.035094642156114442e-12 4.563481068642689340e-12 1.143858003411278055e-11 1.415419838586508710e-11 1.045955603363849598e-11 -2.669200779004154375e-12 -5.925836700132284916e-12 -1.939726153452250458e-12
-1.094672650024373546e-10 1.260522271197864943e-09 2.653111017295098288e-11 -2.302171596290864001e-11 4.400431310052186868e-11 6.527038574701169301e-12 -1.559361311936000432e-12 -3.445141039590799036e-11 1.708206563575238188e-11 6.128523046675681041e-12 -1.058069735196900735e-11 -1.313233802059446093e-11 -5.193212337649543570e-13 -5.697978160036299162e-12 -1.403862706166278442e-11 -4.054360837190661695e-12 1.188959860372097803e-11 1.461232650951955052e-11 2.046893451250821191e-11 6.033073639342287067e-12 4.032272934169058605e-12 -2.263833823535655899e-12 -5.116281480966107143e-13 8.003991434313694352e-12 3.259150359363523886e-12 1.685523165176761591e-12
2.560393461718992845e-11 2.653111017295098288e-11 8.950567551243682887e-10 3.165478859029176916e-11 3.476543104511166371e-11 -4.632209876156516876e-12 -1.981625029853051634e-11 -6.675446664645631674e-12 3.562686797622147463e-13 3.291368948444366638e-12 -1.679236236863833032e-11 -1.923002885950584968e-11 -1.100663339870795142e-11 -8.708090909554696633e-12 -2.277032214636062127e-11 -1.318964437805416169e-11 1.605923932846355724e-12 1.319187451552492093e-12 6.411287192056929745e-12 -4.629940776819292480e-12 -6.510260146433856616e-12 -9.819137059368493345e-12 -5.803084477429770859e-12 7.613162566793097783e-12 -4.714618510358632058e-12 4.454806941012155089e-12
5.493363487260108902e-11 -2.302171596290864001e-11 3.165478859029176916e-11 6.313215233009086914e-10 -4.491254335564983049e-11 9.066194438108917599e-11 1.311742116287020000e-11 9.762856967656827840e-12 3.284486745082934239e-11 -2.249089440516229427e-13 -1.002872121505327835e-11 -1.937831049550820161e-12 -3.703213248697598661e-12 -1.833990685932671763e-11 6.618775077251184335e-12 8.392952693403277873e-12 1.090126722619151133e-11 4.336709412995801548e-12 1.894819785868660969e-12 -2.956752913425653034e-12 -3.851392812770690633e-12 -9.214867800345010486e-12 -3.485183532714347698e-12 5.517955003422465427e-13 4.319334216344081924e-13 -1.816718071621566032e-12
6.184291884083745256e-12 4.400431310052186868e-11 3.476543104511166371e-11 -4.491254335564983049e-11 4.421995929790968871e-10 3.248356716070350373e-11 2.655743556752561885e-11 3.961415565578186244e-11 1.979604089327211139e-11 4.170662580687231465e-11 9.943067235591434198e-14 1.082800756206155816e-11 9.823922710987917433e-12 9.967097262301239005e-12 1.295998238188486823e-11 2.010584357938599063e-11 7.248102911669715692e-12 3.892872292549152322e-12 -3.078262584950228819e-12 -6.505686576271186529e-13 2.619529674243087796e-12 4.724340069665886727e-12 4.377052264540740508e-12 3.855322318669886771e-12 -1.142091898781807840e-12 1.296667152782133676e-12
3.871464899850060252e-11 6.527038574701169301e-12 -4.632209876156516876e-12 9.066194438108917599e-11 3.248356716070350373e-11 2.638668411801969742e-10 2.797902940773846713e-11 3.512613355564151225e-11 8.745437117693121768e-12 2.209816727947299469e-11 8.362642742282131821e-13 -5.604960940023555298e-12 -3.756674491048223702e-12 -1.362586593028390338e-11 -7.471743386675517180e-12 -1.273053460746506240e-12 1.283779673086989962e-12 -3.008865383869585924e-12 -2.796708362493047693e-12 1.910483786176975016e-12 3.701978744181822435e-12 -8.870242329551488322e-13 1.929937313565159240e-12 1.710780362496331319e-12 1.125330015918695486e-12 -1.700982737828682673e-13
-3.238166509690697508e-11 -1.559361311936000432e-12 -1.981625029853051634e-11 1.311742116287020000e-11 2.655743556752561885e-11 2.797902940773846713e-11 1.566751341188034449e-10 2.267262134870412176e-11 2.113322972034972131e-11 1.836816537362186079e-11 8.236289219379409311e-12 2.703179655987389747e-12 1.063371420960281277e-13 -6.632752655003332899e-13 3.076972234322357044e-12 6.097757764687427008e-12 3.856837165754102206e-12 3.270023783156795500e-13 4.014646232816563868e-12 5.223014134494977580e-12 2.257563524371706989e-12 7.506429287609993158e-12 1.687542010249546543e-12 -1.656660168532673670e-12 -7.413947371661966183e-13 1.399040305440811211e-12
2.668078745136733197e-11 -3.445141039590799036e-11 -6.675446664645631674e-12 9.762856967656827840e-12 3.961415565578186244e-11 3.512613355564151225e-11 2.267262134870412176e-11 1.185379573981424387e-10 6.272868163426980133e-12 1.369150228816242796e-11 6.971745581476066410e-12 5.018873721121330851e-12 3.103044661047005090e-12 -3.421722568137525418e-12 -2.390308326739066037e-12 4.273164586049711020e-12 5.027001586387377447e-12 1.091747527977845412e-12 2.315820927732876153e-12 2.005423411916917339e-12 -2.013183104118431329e-13 2.867782073351381087e-12 5.529478724172238234e-12 5.663683057030172987e-13 -2.213843102677914392e-12 5.872007166824481982e-13
8.349324359917743576e-12 1.708206563575238188e-11 3.562686797622147463e-13 3.284486745082934239e-11 1.979604089327211139e-11 8.745437117693121768e-12 2.113322972034972131e-11 6.272868163426980133e-12 8.983236281687725879e-11 2.133305723067301991e-11 1.043681736176922717e-11 9.597680469121381500e-12 4.161306957569825461e-12 1.813702132965455112e-12 1.753521208204611706e-12 5.079126545435602047e-12 5.849615085345300185e-12 2.486444517830957546e-12 4.133969443537325206e-12 7.846292035339531717e-13 1.626103631998970629e-12 1.515524867936550840e-12 -8.091977043291914130e-14 -1.812062808080053155e-12 -1.865162765442813048e-12 -1.546228377216541863e-13
3.870890882526959043e-12 6.128523046675681041e-12 3.291368948444366638e-12 -2.249089440516229427e-13 4.170662580687231465e-11 2.209816727947299469e-11 1.836816537362186079e-11 1.369150228816242796e-11 2.133305723067301991e-11 7.536660257044084689e-11 2.165721638818945546e-11 1.604120672063509210e-11 6.676404496538377049e-12 4.600930209733481503e-12 3.122380446938254907e-12 5.140523801772472523e-12 1.882083538954253003e-12 1.941907544821654638e-12 1.357502636846842486e-12 -7.633314587453077986e-14 2.044640297005273605e-12 2.692636235217443541e-12 -6.630950193317628537e-13 -2.783552768279293409e-12 -7.536683890956997982e-13 1.776419516629205787e-12
-1.218659082120977538e-11 -1.058069735196900735e-11 -1.679236236863833032e-11 -1.002872121505327835e-11 9.943067235591434198e-14 8.362642742282131821e-13 8.236289219379409311e-12 6.971745581476066410e-12 1.043681736176922717e-11 2.165721638818945546e-11 4.685621258347597332e-11 1.390878560217852437e-11 9.990169994726925979e-12 5.778582734774242544e-12 2.466725347035189272e-12 3.869092119309176353e-12 -7.483062163061705174e-13 -1.546390797460440706e-12 -6.807530170020792436e-13 -3.408450059854459930e-13 -2.332015722521442100e-12 2.045155718082428384e-12 1.212876761264554184e-12 -7.845584189970221996e-13 4.060290033816788471e-13 2.794734417037313024e-13
6.988745214358340153e-12 -1.313233802059446093e-11 -1.923002885950584968e-11 -1.937831049550820161e-12 1.082800756206155816e-11 -5.604960940023555298e-12 2.703179655987389747e-12 5.018873721121330851e-12 9.597680469121381500e-12 1.604120672063509210e-11 1.390878560217852437e-11 3.894751908601713002e-11 1.582815861726363610e-11 9.509802553583390425e-12 7.544953566324489063e-12 5.661633620536786306e-12 -5.339403435635501793e-13 3.163209248840326082e-12 1.903433312740148942e-12 7.092929288880504607e-13 2.967348794221602893e-13 2.273819686478381780e-12 1.744867986434003363e-13 -4.041884350114078149e-13 -3.383496023734788882e-13 2.982731901631179509e-13
1.462076267197341593e-11 -5.193212337649543570e-13 -1.100663339870795142e-11 -3.703213248697598661e-12 9.823922710987917433e-12 -3.756674491048223702e-12 1.063371420960281277e-13 3.103044661047005090e-12 4.161306957569825461e-12 6.676404496538377049e-12 9.990169994726925979e-12 1.582815861726363610e-11 3.178322461241181862e-11 1.493404759942620564e-11 9.644022846111416636e-12 7.866759825401099187e-12 4.395695963465876781e-12 3.574374024366237627e-12 1.666066749798879930e-12 -1.889287595525038258e-12 -1.666476897654704070e-12 4.048238387737822532e-14 4.024383289752195858e-13 2.927595054744656432e-13 -1.388786507100707181e-12 5.788852528099347164e-13
-1.284806408992097067e-11 -5.697978160036299162e-12 -8.708090909554696633e-12 -1.833990685932671763e-11 9.967097262301239005e-12 -1.362586593028390338e-11 -6.632752655003332899e-13 -3.421722568137525418e-12 1.813702132965455112e-12 4.600930209733481503e-12 5.778582734774242544e-12 9.509802553583390425e-12 1.493404759942620564e-11 3.010938239813059651e-11 1.631423885338018543e-11 8.605011901592713036e-12 2.169835040420744384e-12 1.686329285311525403e-12 1.141427494516232872e-12 -5.151892655948296465e-13 -9.041688287506444010e-13 -1.488355782937366579e-12 -2.743167022265333839e-12 -2.734821983771518719e-12 -1.501876946217418689e-12 2.386314379193928246e-13
-1.792659151744354589e-11 -1.403862706166278442e-11 -2.277032214636062127e-11 6.618775077251184335e-12 1.295998238188486823e-11 -7.471743386675517180e-12 3.076972234322357044e-12 -2.390308326739066037e-12 1.753521208204611706e-12 3.122380446938254907e-12 2.466725347035189272e-12 7.544953566324489063e-12 9.644022846111416636e-12 1.631423885338018543e-11 2.981617089194805255e-11 1.731860122098202272e-11 8.457559948825937616e-12 6.059246706057085944e-12 4.253706992644759210e-12 2.690362189620083206e-12 1.958167869856397798e-12 1.501840121040640890e-12 -9.155727064479197763e-13 -2.429582775753893359e-12 -1.459680410117981694e-12 -2.853287962733672351e-13
-1.666428587784958260e-11 -4.054360837190661695e-12 -1.318964437805416169e-11 8.392952693403277873e-12 2.010584357938599063e-11 -1.273053460746506240e-12 6.097757764687427008e-12 4.273164586049711020e-12 5.079126545435602047e-12 5.140523801772472523e-12 3.869092119309176353e-12 5.661633620536786306e-12 7.866759825401099187e-12 8.605011901592713036e-12 1.731860122098202272e-11 2.751758351543505449e-11 1.738259821981916633e-11 8.760868406408012598e-12 5.738127311411160885e-12 4.146878957922374416e-12 2.917963176044036465e-12 3.273107817264438679e-12 8.938949527583811453e-13 -5.317614627719725669e-13 -8.641650745733982867e-13 -6.963311644122334554e-13
-1.246441485876997623e-11 1.188959860372097803e-11 1.605923932846355724e-12 1.090126722619151133e-11 7.248102911669715692e-12 1.283779673086989962e-12 3.856837165754102206e-12 5.027001586387377447e-12 5.849615085345300185e-12 1.882083538954253003e-12 -7.483062163061705174e-13 -5.339403435635501793e-13 4.395695963465876781e-12 2.169835040420744384e-12 8.457559948825937616e-12 1.738259821981916633e-11 2.578070892703600017e-11 1.387927276138095839e-11 8.515494009460755456e-12 5.403040577807216230e-12 1.576905076049345025e-12 1.965654096090602005e-12 3.146075122934465031e-14 7.923078383520805940e-13 -6.081049128253585615e-13 -3.740647395838096115e-13
-1.639163337944832977e-11 1.461232650951955052e-11 1.319187451552492093e-12 4.336709412995801548e-12 3.892872292549152322e-12 -3.008865383869585924e-12 3.270023783156795500e-13 1.091747527977845412e-12 2.486444517830957546e-12 1.941907544821654638e-12 -1.546390797460440706e-12 3.163209248840326082e-12 3.574374024366237627e-12 1.686329285311525403e-12 6.059246706057085944e-12 8.760868406408012598e-12 1.387927276138095839e-11 2.088599119588332670e-11 1.253523576158703513e-11 6.311516375255632007e-12 2.685364988229737112e-12 2.030318875238099510e-12 9.900041144487254149e-13 1.520146299057237633e-13 -1.070651806800078055e-12 -2.257218295533013734e-13
3.035094642156114442e-12 2.046893451250821191e-11 6.411287192056929745e-12 1.894819785868660969e-12 -3.078262584950228819e-12 -2.796708362493047693e-12 4.014646232816563868e-12 2.315820927732876153e-12 4.133969443537325206e-12 1.357502636846842486e-12 -6.807530170020792436e-13 1.903433312740148942e-12 1.666066749798879930e-12 1.141427494516232872e-12 4.253706992644759210e-12 5.738127311411160885e-12 8.515494009460755456e-12 1.253523576158703513e-11 2.038112790117991177e-11 1.288299326580937240e-11 5.199404684464733967e-12 3.025683821274901441e-12 -2.098472670305572433e-13 -1.082129293016794532e-13 -5.709434277287242930e-13 -2.779842878306609190e-14
4.563481068642689340e-12 6.033073639342287067e-12 -4.629940776819292480e-12 -2.956752913425653034e-12 -6.505686576271186529e-13 1.910483786176975016e-12 5.223014134494977580e-12 2.005423411916917339e-12 7.846292035339531717e-13 -7.633314587453077986e-14 -3.408450059854459930e-13 7.092929288880504607e-13 -1.889287595525038258e-12 -5.151892655948296465e-13 2.690362189620083206e-12 4.146878957922374416e-12 5.403040577807216230e-12 6.311516375255632007e-12 1.288299326580937240e-11 2.198235866760317980e-11 1.169018816793474994e-11 6.024260149582402337e-12 -1.496950757569007473e-13 4.727786767577869466e-13 -1.076217631303072722e-12 -1.125102121013667729e-12
1.143858003411278055e-11 4.032272934169058605e-12 -6.510260146433856616e-12 -3.851392812770690633e-12 2.619529674243087796e-12 3.701978744181822435e-12 2.257563524371706989e-12 -2.013183104118431329e-13 1.626103631998970629e-12 2.044640297005273605e-12 -2.332015722521442100e-12 2.967348794221602893e-13 -1.666476897654704070e-12 -9.041688287506444010e-13 1.958167869856397798e-12 2.917963176044036465e-12 1.576905076049345025e-12 2.685364988229737112e-12 5.199404684464733967e-12 1.169018816793474994e-11 1.732987910154364297e-11 9.223949995064956950e-12 2.233101741013034082e-12 2.036906020440149484e-13 -5.140765058964536653e-13 -4.157827887849532032e-13
1.415419838586508710e-11 -2.263833823535655899e-12 -9.819137059368493345e-12 -9.214867800345010486e-12 4.724340069665886727e-12 -8.870242329551488322e-13 7.506429287609993158e-12 2.867782073351381087e-12 1.515524867936550840e-12 2.692636235217443541e-12 2.045155718082428384e-12 2.273819686478381780e-12 4.048238387737822532e-14 -1.488355782937366579e-12 1.501840121040640890e-12 3.273107817264438679e-12 1.965654096090602005e-12 2.030318875238099510e-12 3.025683821274901441e-12 6.024260149582402337e-12 9.223949995064956950e-12 1.382013361157046514e-11 4.833858231545507196e-12 7.208521656180824004e-13 -4.726489103123426393e-13 -6.534133152553972192e-13
1.045955603363849598e-11 -5.116281480966107143e-13 -5.803084477429770859e-12 -3.485183532714347698e-12 4.377052264540740508e-12 1.929937313565159240e-12 1.687542010249546543e-12 5.529478724172238234e-12 -8.091977043291914130e-14 -6.630950193317628537e-13 1.212876761264554184e-12 1.744867986434003363e-13 4.024383289752195858e-13 -2.743167022265333839e-12 -9.155727064479197763e-13 8.938949527583811453e-13 3.146075122934465031e-14 9.900041144487254149e-13 -2.098472670305572433e-13 -1.496950757569007473e-13 2.233101741013034082e-12 4.833858231545507196e-12 8.741852815526613434e-12 2.869019527709795578e-12 1.434873515384055004e-13 -3.377795190701105924e-13
-2.669200779004154375e-12 8.003991434313694352e-12 7.613162566793097783e-12 5.517955003422465427e-13 3.855322318669886771e-12 1.710780362496331319e-12 -1.656660168532673670e-12 5.663683057030172987e-13 -1.812062808080053155e-12 -2.783552768279293409e-12 -7.845584189970221996e-13 -4.041884350114078149e-13 2.927595054744656432e-13 -2.734821983771518719e-12 -2.429582775753893359e-12 -5.317614627719725669e-13 7.923078383520805940e-13 1.520146299057237633e-13 -1.082129293016794532e-13 4.727786767577869466e-13 2.036906020440149484e-13 7.208521656180824004e-13 2.869019527709795578e-12 6.309130074806035678e-12 9.070919346526969424e-13 4.545518268731665118e-13
-5.925836700132284916e-12 3.259150359363523886e-12 -4.714618510358632058e-12 4.319334216344081924e-13 -1.142091898781807840e-12 1.125330015918695486e-12 -7.413947371661966183e-13 -2.213843102677914392e-12 -1.865162765442813048e-12 -7.536683890956997982e-13 4.060290033816788471e-13 -3.383496023734788882e-13 -1.388786507100707181e-12 -1.501876946217418689e-12 -1.459680410117981694e-12 -8.641650745733982867e-13 -6.081049128253585615e-13 -1.070651806800078055e-12 -5.709434277287242930e-13 -1.076217631303072722e-12 -5.140765058964536653e-13 -4.726489103123426393e-13 1.434873515384055004e-13 9.070919346526969424e-13 3.709915543830288280e-12 3.386333648575035848e-13
-1.939726153452250458e-12 1.685523165176761591e-12 4.454806941012155089e-12 -1.816718071621566032e-12 1.296667152782133676e-12 -1.700982737828682673e-13 1.399040305440811211e-12 5.872007166824481982e-13 -1.546228377216541863e-13 1.776419516629205787e-12 2.794734417037313024e-13 2.982731901631179509e-13 5.788852528099347164e-13 2.386314379193928246e-13 -2.853287962733672351e-13 -6.963311644122334554e-13 -3.740647395838096115e-13 -2.257218295533013734e-13 -2.779842878306609190e-14 -1.125102121013667729e-12 -4.157827887849532032e-13 -6.534133152553972192e-13 -3.377795190701105924e-13 4.545518268731665118e-13 3.386333648575035848e-13 3.824451152900357946e-12
