2.259837712600449732e-09 4.271060434137827595e-13 -5.071784022270499388e-12 3.965092562131699817e-11 1.846093858926346292e-11 5.739710713945520732e-11 6.201988620783428576e-12 -9.100181026647748465e-14 -1.328102182225568063e-11 -6.245276915417821305e-13 -1.087847494335524907e-11 -1.321883257558210210e-11 -8.550588124503583336e-12 -1.257882356294957019e-11 1.215558809138518778e-11 -2.263672955421052982e-11 -1.321007948648254674e-11 -8.553419461836990315e-12 -3.262727460733058930e-11 -4.133482620471057883e-12 8.774432271080914692e-12 8.043828057215236527e-12 -3.101734353358294761e-12 1.193513375394107456e-11 1.111409357935596824e-11 3.676187707931919909e-12
4.271060434137827595e-13 1.430157125518296550e-09 -3.002727757756730516e-11 1.158803270253495213e-11 -7.400799360992039328e-11 -3.200506788724578681e-11 2.405507069080645942e-11 -8.870324146870430496e-12 -3.836042727887436131e-12 -2.288930936456280707e-11 -4.978444444248347117e-12 -2.060908495393572424e-12 -1.711411808408441685e-11 -7.877457343894223182e-12 1.738646984625567673e-11 2.202995241103309861e-11 3.160754180251445848e-11 1.468461832525811663e-11 3.285982577560224941e-13 -1.576579844272071412e-11 -3.575001843549351821e-12 -1.336374963895580645e-12 -1.770414974120205945e-12 6.006674436810051830e-13 -3.511820230789136207e-12 -7.080484843052869412e-13
-5.071784022270499388e-12 -3.002727757756730516e-11 8.558020656943579246e-10 1.164436820007534646e-10 8.999032353357307698e-11 1.735852942338129036e-11 3.955111117186075361e-11 -3.278703008481711152e-11 2.735361272917893197e-12 3.511654308038448644e-11 1.344011057180271520e-11 -2.370924399705786189e-11 -1.015004699030522011e-11 3.899580274250587277e-12 -5.281337561625788028e-13 -2.308369257307851380e-13 -1.934911924231220623e-12 -7.787301511484933685e-12 -7.839595435872006802e-12 1.826625600384593089e-12 -3.519423668336724592e-12 -3.329116727450214778e-12 -5.816722741556680570e-12 -9.893072024270990064e-12 1.232211042243121740e-12 1.428318281133303247e-12
3.965092562131699817e-11 1.158803270253495213e-11 1.164436820007534646e-10 6.226750223506582995e-10 3.068658808381512334e-11 2.158653862675985607e-12 -1.483737223229383134e-11 -2.996490342922000572e-11 -8.399440198553247899e-12 1.549730754852571507e-11 2.390110026497590925e-12 -1.608828013409507162e-11 -5.916911103132573679e-12 4.931742360662830140e-12 2.535008163154115151e-12 5.585538697469485783e-12 -1.966147113414497854e-12 -3.456521107470183422e-12 9.001999820001159860e-12 1.250060784595974207e-11 1.226332052767588545e-11 7.814357687881285545e-12 -1.062693793865555029e-12 -1.188941357910347537e-12 -1.965066831856008567e-12 1.685422196499630908e-12
1.846093858926346292e-11 -7.400799360992039328e-11 8.999032353357307698e-11 3.068658808381512334e-11 4.136961525359598699e-10 2.849769926430221452e-11 5.990621989503731246e-12 -1.714619783853456682e-11 1.252989740801917179e-11 -1.254927006233684300e-11 8.055329735444299484e-12 -8.795380269514766022e-12 -7.842909583229919512e-12 -1.446550043233801044e-11 -5.844318618836730868e-12 -3.095206213237546152e-12 2.964830728578479876e-12 -5.633531799860932639e-12 -1.290539042791261042e-12 1.371595895903414056e-12 -2.318548264500759119e-12 -2.112419445696559426e-12 2.234805065262034899e-13 -6.214348137185005146e-12 -6.986156473870515747e-13 -1.624423236112158458e-12
5.739710713945520732e-11 -3.200506788724578681e-11 1.735852942338129036e-11 2.158653862675985607e-12 2.849769926430221452e-11 2.582417398634396422e-10 4.604154007777971598e-11 1.888689991193031871e-11 2.755794500876759838e-12 -1.270967787181288199e-12 -3.697758848577276337e-12 -8.127114594532675749e-12 -2.321532268389421956e-12 8.781452751054565899e-12 -4.335819426625771864e-12 -6.984089310681051227e-12 -1.094477248068901326e-11 -8.645111543941617104e-12 -2.897411730561113101e-12 8.006647162655621022e-12 8.061244406492315007e-15 8.222357766800497904e-13 -4.153950714566813848e-12 6.388753975308150766e-14 5.539921885389014847e-13 4.666605547435287838e-13
6.201988620783428576e-12 2.405507069080645942e-11 3.955111117186075361e-11 -1.483737223229383134e-11 5.990621989503731246e-12 4.604154007777971598e-11 1.959340746026684156e-10 1.544259659627165152e-11 4.521213090453320385e-12 -7.913559177516393673e-12 6.892452168763652135e-12 6.818430829096158134e-12 5.999607734438783505e-12 2.696176002364156954e-12 -5.593877410023160845e-12 -3.693649608425710075e-12 -4.923969263709162813e-12 -5.594048684373059404e-12 -1.806521064008054329e-12 -1.242550831307703589e-12 -2.877128762831648507e-12 -1.296402332008520524e-12 -2.341924041226033140e-12 -2.395015007763103346e-12 -1.536888622191031905e-12 -1.879792395846544575e-12
-9.100181026647748465e-14 -8.870324146870430496e-12 -3.278703008481711152e-11 -2.996490342922000572e-11 -1.714619783853456682e-11 1.888689991193031871e-11 1.544259659627165152e-11 1.314999952792608683e-10 1.220175465805177330e-11 1.023872421447592105e-11 1.601477514771784118e-11 7.475950847090539166e-12 7.282432002511769113e-12 1.028173631749031850e-11 -9.274342086245695948e-13 -1.079276840442627794e-12 9.861517634756920473e-13 8.282885008032212132e-12 5.780543578322599100e-12 2.711940649507200915e-12 5.684523205537348123e-15 1.533288451668473719e-12 1.539087781987861656e-12 2.816275993857788845e-12 7.835238317837084705e-13 -7.516562592632203652e-13
-1.328102182225568063e-11 -3.836042727887436131e-12 2.735361272917893197e-12 -8.399440198553247899e-12 1.252989740801917179e-11 2.755794500876759838e-12 4.521213090453320385e-12 1.220175465805177330e-11 9.420036727979468906e-11 2.309663815885484503e-11 2.394360681843101118e-12 4.016514427865020374e-12 5.239290348812824754e-12 3.133402782081605047e-12 -1.583585544612908588e-13 2.912548829924412045e-12 2.114527329680198355e-12 -2.373584542505914469e-13 -7.665500123555740907e-13 1.562179180637854283e-12 1.792322023607577591e-13 3.650443262970372245e-13 2.500180092210545197e-12 -1.357699119516568485e-12 -4.921065891975115980e-13 8.758706743005267731e-13
-6.245276915417821305e-13 -2.288930936456280707e-11 3.511654308038448644e-11 1.549730754852571507e-11 -1.254927006233684300e-11 -1.270967787181288199e-12 -7.913559177516393673e-12 1.023872421447592105e-11 2.309663815885484503e-11 6.613918524361431138e-11 1.279833975581235747e-11 9.601553509589817880e-12 6.625353311669638832e-12 6.641749569508046005e-12 3.689180763243900200e-12 4.823807106216182092e-12 3.209745306117165261e-12 1.113994207219040257e-12 6.386700446126539269e-13 1.864407441019451825e-12 3.976436925607045869e-13 1.980163278784466199e-12 1.099367605970654707e-12 5.895368960234142839e-13 -8.562851288202273257e-13 -8.069980097375809259e-13
-1.087847494335524907e-11 -4.978444444248347117e-12 1.344011057180271520e-11 2.390110026497590925e-12 8.055329735444299484e-12 -3.697758848577276337e-12 6.892452168763652135e-12 1.601477514771784118e-11 2.394360681843101118e-12 1.279833975581235747e-11 6.043922843439647756e-11 1.950930826353933629e-11 8.629882767447417284e-12 1.127109901910382282e-12 -8.301055813934423854e-13 4.342106313068334125e-13 4.014016157302319847e-12 3.508557981853764695e-12 3.388084016630093545e-12 1.126318718914895566e-12 -4.139977658623240707e-13 -2.210167137727235310e-14 -8.426965667827775721e-13 -1.890382166319563736e-12 -1.837101583652881143e-12 -1.975878011135623510e-13
-1.321883257558210210e-11 -2.060908495393572424e-12 -2.370924399705786189e-11 -1.608828013409507162e-11 -8.795380269514766022e-12 -8.127114594532675749e-12 6.818430829096158134e-12 7.475950847090539166e-12 4.016514427865020374e-12 9.601553509589817880e-12 1.950930826353933629e-11 4.090246572900948968e-11 1.744086735854846398e-11 9.491016705222226877e-12 5.000498262075060351e-12 4.633117473915347415e-12 7.265657033644919371e-12 4.504062556155292421e-12 2.201722407306850065e-12 1.901407342614694967e-12 -2.917744046347385173e-14 2.721725589479026317e-13 -1.238311808346041375e-12 -1.312916629133880039e-12 -1.591633196252227593e-12 -5.086336818667210343e-13
-8.550588124503583336e-12 -1.711411808408441685e-11 -1.015004699030522011e-11 -5.916911103132573679e-12 -7.842909583229919512e-12 -2.321532268389421956e-12 5.999607734438783505e-12 7.282432002511769113e-12 5.239290348812824754e-12 6.625353311669638832e-12 8.629882767447417284e-12 1.744086735854846398e-11 3.663712013686373431e-11 1.639654873852234810e-11 7.588653303825493307e-12 4.821267414909332600e-12 4.561984657572779714e-12 1.551163189109686049e-12 1.137590790507496282e-12 6.292147954951050611e-13 -2.191857570703819108e-12 9.995463012679275266e-13 2.013297503896866026e-13 -7.956870572601932450e-13 -7.183001390278311241e-13 -1.460388063547253815e-13
-1.257882356294957019e-11 -7.877457343894223182e-12 3.899580274250587277e-12 4.931742360662830140e-12 -1.446550043233801044e-11 8.781452751054565899e-12 2.696176002364156954e-12 1.028173631749031850e-11 3.133402782081605047e-12 6.641749569508046005e-12 1.127109901910382282e-12 9.491016705222226877e-12 1.639654873852234810e-11 2.898755962120270210e-11 1.122828449501149796e-11 6.693403383797166853e-12 5.440381476889093042e-12 6.639972419642626040e-12 3.771848340805642917e-12 2.325523779927473841e-12 -1.461878364351243429e-12 -1.042296444230808226e-13 -8.442220202582354740e-13 -1.258425747457070992e-12 7.580965836341203092e-14 8.817505486736674286e-14
1.215558809138518778e-11 1.738646984625567673e-11 -5.281337561625788028e-13 2.535008163154115151e-12 -5.844318618836730868e-12 -4.335819426625771864e-12 -5.593877410023160845e-12 -9.274342086245695948e-13 -1.583585544612908588e-13 3.689180763243900200e-12 -8.301055813934423854e-13 5.000498262075060351e-12 7.588653303825493307e-12 1.122828449501149796e-11 2.206026515916570614e-11 1.255065210715527188e-11 7.356107309868293285e-12 5.693870614813780685e-12 2.682934844725097640e-12 3.278854898929008316e-13 6.368615017296300484e-13 8.934575813703562219e-13 -1.617588405382442044e-13 -3.981227556103905680e-13 2.558025608460922455e-13 1.494953913404180145e-13
-2.263672955421052982e-11 2.202995241103309861e-11 -2.308369257307851380e-13 5.585538697469485783e-12 -3.095206213237546152e-12 -6.984089310681051227e-12 -3.693649608425710075e-12 -1.079276840442627794e-12 2.912548829924412045e-12 4.823807106216182092e-12 4.342106313068334125e-13 4.633117473915347415e-12 4.821267414909332600e-12 6.693403383797166853e-12 1.255065210715527188e-11 2.371795516741780693e-11 1.378037178394590056e-11 5.005466546396048493e-12 2.328118230439880360e-12 7.649464639042720371e-13 5.234769921926725419e-13 5.729442246625616006e-13 5.004681348016729477e-13 2.495355563873452269e-13 3.236434851561966752e-13 1.749067886233406337e-14
-1.321007948648254674e-11 3.160754180251445848e-11 -1.934911924231220623e-12 -1.966147113414497854e-12 2.964830728578479876e-12 -1.094477248068901326e-11 -4.923969263709162813e-12 9.861517634756920473e-13 2.114527329680198355e-12 3.209745306117165261e-12 4.014016157302319847e-12 7.265657033644919371e-12 4.561984657572779714e-12 5.440381476889093042e-12 7.356107309868293285e-12 1.378037178394590056e-11 2.427630448513303281e-11 1.017729354337237587e-11 4.143613190570291045e-12 1.017915141729919721e-12 9.241373998586989840e-13 -2.833940610906680493e-13 6.154059676405327654e-14 -3.982823697728335151e-13 -8.340983048619703908e-14 7.830089820409594826e-13
-8.553419461836990315e-12 1.468461832525811663e-11 -7.787301511484933685e-12 -3.456521107470183422e-12 -5.633531799860932639e-12 -8.645111543941617104e-12 -5.594048684373059404e-12 8.282885008032212132e-12 -2.373584542505914469e-13 1.113994207219040257e-12 3.508557981853764695e-12 4.504062556155292421e-12 1.551163189109686049e-12 6.639972419642626040e-12 5.693870614813780685e-12 5.005466546396048493e-12 1.017729354337237587e-11 2.017580089239924519e-11 9.620043147909912171e-12 3.974558717569684601e-12 -3.693652816361146446e-13 1.176559937667059890e-13 -9.480911334603129033e-14 5.885100975012029251e-13 -2.118961384069174891e-13 -5.180993242045365666e-14
-3.262727460733058930e-11 3.285982577560224941e-13 -7.839595435872006802e-12 9.001999820001159860e-12 -1.290539042791261042e-12 -2.897411730561113101e-12 -1.806521064008054329e-12 5.780543578322599100e-12 -7.665500123555740907e-13 6.386700446126539269e-13 3.388084016630093545e-12 2.201722407306850065e-12 1.137590790507496282e-12 3.771848340805642917e-12 2.682934844725097640e-12 2.328118230439880360e-12 4.143613190570291045e-12 9.620043147909912171e-12 1.396444191251066057e-11 6.193447788430257863e-12 5.860007127264277018e-13 3.115055605407510937e-13 6.402040407171194136e-13 2.060064473857950762e-13 -1.880420777440562164e-14 6.156868396830149262e-13
-4.133482620471057883e-12 -1.576579844272071412e-11 1.826625600384593089e-12 1.250060784595974207e-11 1.371595895903414056e-12 8.006647162655621022e-12 -1.242550831307703589e-12 2.711940649507200915e-12 1.562179180637854283e-12 1.864407441019451825e-12 1.126318718914895566e-12 1.901407342614694967e-12 6.292147954951050611e-13 2.325523779927473841e-12 3.278854898929008316e-13 7.649464639042720371e-13 1.017915141729919721e-12 3.974558717569684601e-12 6.193447788430257863e-12 1.373879821598077901e-11 5.769236243368294331e-12 1.609564934661266673e-12 1.880257571641625833e-12 1.526889818589170791e-12 1.074466021031515680e-12 5.748448650255746469e-13
8.774432271080914692e-12 -3.575001843549351821e-12 -3.519423668336724592e-12 1.226332052767588545e-11 -2.318548264500759119e-12 8.061244406492315007e-15 -2.877128762831648507e-12 5.684523205537348123e-15 1.792322023607577591e-13 3.976436925607045869e-13 -4.139977658623240707e-13 -2.917744046347385173e-14 -2.191857570703819108e-12 -1.461878364351243429e-12 6.368615017296300484e-13 5.234769921926725419e-13 9.241373998586989840e-13 -3.693652816361146446e-13 5.860007127264277018e-13 5.769236243368294331e-12 1.243236778201303291e-11 4.213531978357993061e-12 2.679945809002935342e-12 1.383663573930307669e-12 7.958292140625556906e-13 1.942259073945430968e-13
8.043828057215236527e-12 -1.336374963895580645e-12 -3.329116727450214778e-12 7.814357687881285545e-12 -2.112419445696559426e-12 8.222357766800497904e-13 -1.296402332008520524e-12 1.533288451668473719e-12 3.650443262970372245e-13 1.980163278784466199e-12 -2.210167137727235310e-14 2.721725589479026317e-13 9.995463012679275266e-13 -1.042296444230808226e-13 8.934575813703562219e-13 5.729442246625616006e-13 -2.833940610906680493e-13 1.176559937667059890e-13 3.115055605407510937e-13 1.609564934661266673e-12 4.213531978357993061e-12 8.287905860618739667e-12 3.449586051974324004e-12 5.731661775801299967e-13 2.914758648865091357e-13 1.387103967220645320e-13
-3.101734353358294761e-12 -1.770414974120205945e-12 -5.816722741556680570e-12 -1.062693793865555029e-12 2.234805065262034899e-13 -4.153950714566813848e-12 -2.341924041226033140e-12 1.539087781987861656e-12 2.500180092210545197e-12 1.099367605970654707e-12 -8.426965667827775721e-13 -1.238311808346041375e-12 2.013297503896866026e-13 -8.442220202582354740e-13 -1.617588405382442044e-13 5.004681348016729477e-13 6.154059676405327654e-14 -9.480911334603129033e-14 6.402040407171194136e-13 1.880257571641625833e-12 2.679945809002935342e-12 3.449586051974324004e-12 6.847416062479039441e-12 1.907321826598842218e-12 2.010267668681544183e-13 -2.341086884507336597e-14
1.193513375394107456e-11 6.006674436810051830e-13 -9.893072024270990064e-12 -1.188941357910347537e-12 -6.214348137185005146e-12 6.388753975308150766e-14 -2.395015007763103346e-12 2.816275993857788845e-12 -1.357699119516568485e-12 5.895368960234142839e-13 -1.890382166319563736e-12 -1.312916629133880039e-12 -7.956870572601932450e-13 -1.258425747457070992e-12 -3.981227556103905680e-13 2.495355563873452269e-13 -3.982823697728335151e-13 5.885100975012029251e-13 2.060064473857950762e-13 1.526889818589170791e-12 1.383663573930307669e-12 5.731661775801299967e-13 1.907321826598842218e-12 4.797126688660938987e-12 1.189388907837508854e-12 1.562950450321297141e-13
1.111409357935596824e-11 -3.511820230789136207e-12 1.232211042243121740e-12 -1.965066831856008567e-12 -6.986156473870515747e-13 5.539921885389014847e-13 -1.536888622191031905e-12 7.835238317837084705e-13 -4.921065891975115980e-13 -8.562851288202273257e-13 -1.837101583652881143e-12 -1.591633196252227593e-12 -7.183001390278311241e-13 7.580965836341203092e-14 2.558025608460922455e-13 3.236434851561966752e-13 -8.340983048619703908e-14 -2.118961384069174891e-13 -1.880420777440562164e-14 1.074466021031515680e-12 7.958292140625556906e-13 2.914758648865091357e-13 2.010267668681544183e-13 1.189388907837508854e-12 3.436415341696091506e-12 8.793313399924416133e-13
3.676187707931919909e-12 -7.080484843052869412e-13 1.428318281133303247e-12 1.685422196499630908e-12 -1.624423236112158458e-12 4.666605547435287838e-13 -1.879792395846544575e-12 -7.516562592632203652e-13 8.758706743005267731e-13 -8.069980097375809259e-13 -1.975878011135623510e-13 -5.086336818667210343e-13 -1.460388063547253815e-13 8.817505486736674286e-14 1.494953913404180145e-13 1.749067886233406337e-14 7.830089820409594826e-13 -5.180993242045365666e-14 6.156868396830149262e-13 5.748448650255746469e-13 1.942259073945430968e-13 1.387103967220645320e-13 -2.341086884507336597e-14 1.562950450321297141e-13 8.793313399924416133e-13 2.660292398159866791e-12
