2.384762725349529700e-09 5.116710429354145941e-11 1.236807255135513656e-10 -2.066726756611321584e-11 -2.536115154107785636e-11 -1.708422762459850160e-11 5.819938877748655840e-12 -4.344136475888949851e-12 1.700316630716915985e-11 1.822119502012306943e-11 -9.338307380451179730e-13 -1.953674625836364760e-11 -1.660385392788175874e-11 8.729777890068093666e-12 -2.614935988036502024e-11 -3.864741237030852254e-11 -3.825311534575568520e-11 -7.878384836630209857e-13 -1.059624905284276659e-11 8.451741035734400234e-12 9.459190813088879764e-12 5.818669762344689114e-13 1.208046647192202429e-11 1.470626912424649097e-11 2.412819408648570606e-12 -1.891839416845257517e-12
5.116710429354145941e-11 1.586407198062909518e-09 -2.003551128676359767e-11 5.085656502966227065e-11 9.346714606503493192e-12 1.655561701882905935e-11 1.746436350826269110e-12 4.641406818733315763e-11 -1.829698086613982648e-11 2.713517913920549456e-13 2.598494078105180218e-11 -1.048601150470212649e-11 -1.132732781854419855e-11 -2.159508053611455569e-11 -3.024631112451343810e-11 -1.690295782625852143e-11 -1.881641970887139629e-12 -2.425221880536105605e-11 -1.094963370553705027e-11 8.161275755761576818e-12 1.742930110209342479e-11 -3.516358141334142798e-12 -9.280826613981555814e-12 -1.407747420923010799e-12 4.739284574566356412e-12 1.235226367524739225e-12
1.236807255135513656e-10 -2.003551128676359767e-11 9.164254690554721251e-10 4.935490189205871911e-12 1.900052844581157615e-11 1.925786852244704252e-11 -5.330839004007756065e-12 -3.734935845932944884e-11 2.475566509252199532e-11 4.444032839910309611e-13 4.316186847799215912e-12 -6.537931199746225671e-12 8.554316761935005748e-12 1.430139008627802317e-11 1.153136082760666292e-12 1.698148322243285335e-12 -3.473471430555856889e-12 -3.130108400014891638e-13 -1.364071227978445714e-11 -1.605702076947483157e-11 8.890583522612526817e-12 -1.221126191148599057e-12 -3.095381523745880046e-12 -5.356920103527923511e-12 -5.263575849911847408e-13 7.164779404761693013e-13
-2.066726756611321584e-11 5.085656502966227065e-11 4.935490189205871911e-12 5.623733912840664805e-10 1.425249082720463026e-11 2.154124931465327647e-11 1.725089287576400253e-11 -3.615162672438391730e-12 -8.722136136128262341e-12 7.806124874137170094e-13 4.138206425086716589e-12 1.634501017959129804e-11 -6.468703388128727977e-12 -1.699028908933756413e-11 -1.402974462408660136e-11 -2.266955627107383737e-12 -5.594785744132161886e-12 -4.864974530632874401e-12 1.192496684327534476e-12 -5.683133902709219735e-12 -1.533371460542919544e-12 5.246181358061220542e-12 7.864492697397731282e-13 1.469154775829890745e-12 6.491919484411013935e-13 2.920906558563081894e-12
-2.536115154107785636e-11 9.346714606503493192e-12 1.900052844581157615e-11 1.425249082720463026e-11 3.746572057400495790e-10 3.357706621284747994e-11 1.487096607353638363e-11 2.209856967251070236e-11 -1.211043175742854106e-12 -5.611226857038434102e-12 -1.248561539493300745e-11 -9.613046447539626079e-12 1.769343569355703056e-12 -1.670113217652583035e-12 8.685168346830997458e-13 -3.603775938202227363e-12 1.260739004648204699e-12 7.323422907892637890e-12 2.031678725720583117e-12 6.425456153125262601e-12 8.753182955020753022e-12 -1.551584238248143021e-12 -2.500352991264118145e-12 -3.894437544595616188e-12 -3.542059455446263823e-12 -4.602136157864648498e-12
-1.708422762459850160e-11 1.655561701882905935e-11 1.925786852244704252e-11 2.154124931465327647e-11 3.357706621284747994e-11 2.086555292309678560e-10 3.696450798640849078e-11 1.805174077027998063e-11 4.522776191102494817e-12 1.533319385291739596e-12 -1.255711875676778235e-11 -1.113925058115083683e-11 2.061460134334211433e-12 -7.104786985644413701e-12 -4.265687888914050883e-12 -3.930630203076386377e-12 1.804514422972780128e-13 1.387609645292645574e-12 -2.823196510176030750e-12 5.355905607118988406e-12 4.699735258218412192e-12 -2.086603896335698377e-12 -6.341821819121696690e-13 -8.656722588889639168e-13 -1.545878639283923128e-13 -2.432649576422380176e-12
5.819938877748655840e-12 1.746436350826269110e-12 -5.330839004007756065e-12 1.725089287576400253e-11 1.487096607353638363e-11 3.696450798640849078e-11 1.610193388292459493e-10 2.190148818524276141e-11 5.265881159059602391e-12 -5.648307598051890319e-12 -3.994309676958461157e-12 6.420732039170689369e-12 -4.318431687277264628e-12 -4.235987648197913793e-12 -6.642790542748476858e-12 -3.605151511663341451e-12 -2.681926400051077600e-12 -4.963867152518490621e-12 -3.960553024030252154e-12 -2.837128156403111207e-12 -2.569754172979559673e-12 -6.463959978847262710e-13 3.377206794962600605e-12 2.973657875812310404e-12 -2.416223709254855851e-12 -1.832925834319152853e-12
-4.344136475888949851e-12 4.641406818733315763e-11 -3.734935845932944884e-11 -3.615162672438391730e-12 2.209856967251070236e-11 1.805174077027998063e-11 2.190148818524276141e-11 1.074522659008598871e-10 7.176445655093577570e-12 1.092054847161497042e-11 -2.154719686753532255e-12 -1.094750231369613919e-12 -4.658425466550697178e-12 -2.178703560622426866e-12 -3.872988389712250440e-12 -6.249153532575457677e-12 1.240231270745226465e-12 4.344516593405192107e-12 2.836426963127669056e-12 2.140944692636877880e-12 4.290292723173423493e-12 5.233259057108967207e-12 1.856013192378078051e-12 -7.081085846049791209e-13 1.017063008930553525e-12 9.891320988366527094e-13
1.700316630716915985e-11 -1.829698086613982648e-11 2.475566509252199532e-11 -8.722136136128262341e-12 -1.211043175742854106e-12 4.522776191102494817e-12 5.265881159059602391e-12 7.176445655093577570e-12 7.286851588170634725e-11 1.968380731743495184e-11 1.394180750152659627e-11 9.691364556931993472e-12 6.885608677108949299e-12 6.773905480514949232e-12 3.142181329462976864e-12 -2.883782099072843682e-12 -7.377708288502460199e-13 -6.622934804169456058e-13 1.458791055632084007e-13 3.448103490809048610e-12 4.379794970286185167e-12 2.519617410972745337e-12 3.434768723476872499e-12 1.429487317895800175e-12 -9.505209483918934546e-13 2.251431811912105277e-12
1.822119502012306943e-11 2.713517913920549456e-13 4.444032839910309611e-13 7.806124874137170094e-13 -5.611226857038434102e-12 1.533319385291739596e-12 -5.648307598051890319e-12 1.092054847161497042e-11 1.968380731743495184e-11 7.087355137569361906e-11 1.382967507379460042e-11 6.622235965097889107e-12 2.136101062443235905e-12 2.717017159827474807e-12 2.696254735223890422e-12 -2.035268335527427805e-12 -2.893617421554523017e-12 -5.836814802097400444e-13 -2.828502804309106842e-12 -3.858031208410841289e-12 -2.966198118893002026e-12 -3.073899496104299375e-12 2.838209319483248449e-13 1.020677580970316892e-12 1.708950041617227607e-12 -5.756223325126045265e-13
-9.338307380451179730e-13 2.598494078105180218e-11 4.316186847799215912e-12 4.138206425086716589e-12 -1.248561539493300745e-11 -1.255711875676778235e-11 -3.994309676958461157e-12 -2.154719686753532255e-12 1.394180750152659627e-11 1.382967507379460042e-11 4.625861762740967051e-11 1.703385269069591054e-11 5.517632252519625945e-12 5.501013384876535436e-12 3.174574920035220249e-12 2.342012237140247230e-12 1.134039690067690905e-12 3.579506701292122836e-13 4.489119225662787874e-13 -2.629563271460639287e-13 -6.523974977953587886e-13 1.125705219751229756e-12 7.638058574148091267e-13 -1.327969713298489684e-12 -1.188623984184943658e-13 1.347514209913437313e-12
-1.953674625836364760e-11 -1.048601150470212649e-11 -6.537931199746225671e-12 1.634501017959129804e-11 -9.613046447539626079e-12 -1.113925058115083683e-11 6.420732039170689369e-12 -1.094750231369613919e-12 9.691364556931993472e-12 6.622235965097889107e-12 1.703385269069591054e-11 4.084950272063970110e-11 1.453746450669305025e-11 5.287204176988833317e-12 5.985583158847729646e-12 4.662318744096892560e-12 1.683925354471192744e-12 3.617448438067265466e-13 1.472326001475438950e-12 4.526006294208781609e-13 -1.129788294666100711e-12 1.183100285196163500e-12 4.161944490934046069e-13 -3.723963258431580196e-13 -1.243063488715286597e-12 9.215404415041387087e-14
-1.660385392788175874e-11 -1.132732781854419855e-11 8.554316761935005748e-12 -6.468703388128727977e-12 1.769343569355703056e-12 2.061460134334211433e-12 -4.318431687277264628e-12 -4.658425466550697178e-12 6.885608677108949299e-12 2.136101062443235905e-12 5.517632252519625945e-12 1.453746450669305025e-11 2.793148225356494016e-11 1.192448780220647698e-11 6.931915993632732731e-12 5.282065569019691975e-12 1.463684350621664768e-12 9.077966879112600595e-13 -2.197458864518923620e-13 -7.524784789869119701e-13 -1.452633799265657904e-12 3.755086469434947818e-14 4.890597135179649679e-13 2.186527911566038752e-13 -8.416148915835743769e-13 -9.619126037514973780e-14
8.729777890068093666e-12 -2.159508053611455569e-11 1.430139008627802317e-11 -1.699028908933756413e-11 -1.670113217652583035e-12 -7.104786985644413701e-12 -4.235987648197913793e-12 -2.178703560622426866e-12 6.773905480514949232e-12 2.717017159827474807e-12 5.501013384876535436e-12 5.287204176988833317e-12 1.192448780220647698e-11 3.039733998186773145e-11 1.417229375170036399e-11 6.818318508700712111e-12 1.485853357736084995e-12 -5.023382653306138382e-13 -7.673147378917748287e-13 9.649907349341081384e-14 -1.445871012630063000e-12 6.609507004755840460e-13 5.542904661351624514e-13 -4.692507124447371782e-13 -8.442269847384720715e-13 9.550167881508750897e-13
-2.614935988036502024e-11 -3.024631112451343810e-11 1.153136082760666292e-12 -1.402974462408660136e-11 8.685168346830997458e-13 -4.265687888914050883e-12 -6.642790542748476858e-12 -3.872988389712250440e-12 3.142181329462976864e-12 2.696254735223890422e-12 3.174574920035220249e-12 5.985583158847729646e-12 6.931915993632732731e-12 1.417229375170036399e-11 2.416562705097967892e-11 1.143261386560488614e-11 4.149986870839952375e-12 3.219053416338058318e-12 2.971091538292528080e-13 4.494541951587797285e-13 3.051746159355865189e-13 2.663231171538767764e-12 1.635880767018526329e-12 -2.015707155363013053e-12 -6.747927077353907458e-13 5.990784834198245134e-14
-3.864741237030852254e-11 -1.690295782625852143e-11 1.698148322243285335e-12 -2.266955627107383737e-12 -3.603775938202227363e-12 -3.930630203076386377e-12 -3.605151511663341451e-12 -6.249153532575457677e-12 -2.883782099072843682e-12 -2.035268335527427805e-12 2.342012237140247230e-12 4.662318744096892560e-12 5.282065569019691975e-12 6.818318508700712111e-12 1.143261386560488614e-11 2.246421056274521016e-11 1.197206384791067827e-11 5.798392951210585269e-12 2.742906203128099707e-12 2.991626358522145956e-12 3.126601273790692595e-13 4.397702525830738111e-13 8.099920268286095905e-13 -5.689190007750200607e-13 1.398697325784956191e-13 2.093452662187681110e-13
-3.825311534575568520e-11 -1.881641970887139629e-12 -3.473471430555856889e-12 -5.594785744132161886e-12 1.260739004648204699e-12 1.804514422972780128e-13 -2.681926400051077600e-12 1.240231270745226465e-12 -7.377708288502460199e-13 -2.893617421554523017e-12 1.134039690067690905e-12 1.683925354471192744e-12 1.463684350621664768e-12 1.485853357736084995e-12 4.149986870839952375e-12 1.197206384791067827e-11 1.953042917342898928e-11 9.844916424174155857e-12 4.848575243063679811e-12 3.172750069362499804e-12 1.774183086370382470e-12 1.701648307654723686e-12 3.937317095690344702e-14 -8.101534657040016227e-13 -4.689302402957200572e-13 4.351340409067053794e-13
-7.878384836630209857e-13 -2.425221880536105605e-11 -3.130108400014891638e-13 -4.864974530632874401e-12 7.323422907892637890e-12 1.387609645292645574e-12 -4.963867152518490621e-12 4.344516593405192107e-12 -6.622934804169456058e-13 -5.836814802097400444e-13 3.579506701292122836e-13 3.617448438067265466e-13 9.077966879112600595e-13 -5.023382653306138382e-13 3.219053416338058318e-12 5.798392951210585269e-12 9.844916424174155857e-12 1.955492629984791837e-11 1.142577773814550513e-11 5.609714799361895466e-12 3.707846089727294024e-12 1.595387702519218557e-12 9.255760509579730155e-13 -8.344027832080520738e-13 -4.770400163749053269e-13 -5.118731042595316184e-13
-1.059624905284276659e-11 -1.094963370553705027e-11 -1.364071227978445714e-11 1.192496684327534476e-12 2.031678725720583117e-12 -2.823196510176030750e-12 -3.960553024030252154e-12 2.836426963127669056e-12 1.458791055632084007e-13 -2.828502804309106842e-12 4.489119225662787874e-13 1.472326001475438950e-12 -2.197458864518923620e-13 -7.673147378917748287e-13 2.971091538292528080e-13 2.742906203128099707e-12 4.848575243063679811e-12 1.142577773814550513e-11 1.717421087623406531e-11 1.043590861101076765e-11 5.729307189521557869e-12 1.856170735557989320e-12 2.201985871393202009e-13 -1.645312506337600433e-13 -2.516176822259601999e-13 -1.008826316872694767e-12
8.451741035734400234e-12 8.161275755761576818e-12 -1.605702076947483157e-11 -5.683133902709219735e-12 6.425456153125262601e-12 5.355905607118988406e-12 -2.837128156403111207e-12 2.140944692636877880e-12 3.448103490809048610e-12 -3.858031208410841289e-12 -2.629563271460639287e-13 4.526006294208781609e-13 -7.524784789869119701e-13 9.649907349341081384e-14 4.494541951587797285e-13 2.991626358522145956e-12 3.172750069362499804e-12 5.609714799361895466e-12 1.043590861101076765e-11 2.056409618798840755e-11 1.214237122988470588e-11 2.861795690619782481e-12 1.688511792682222786e-13 -1.295179293716755394e-13 -5.529127423910614863e-13 -8.295214161173000886e-13
9.459190813088879764e-12 1.742930110209342479e-11 8.890583522612526817e-12 -1.533371460542919544e-12 8.753182955020753022e-12 4.699735258218412192e-12 -2.569754172979559673e-12 4.290292723173423493e-12 4.379794970286185167e-12 -2.966198118893002026e-12 -6.523974977953587886e-13 -1.129788294666100711e-12 -1.452633799265657904e-12 -1.445871012630063000e-12 3.051746159355865189e-13 3.126601273790692595e-13 1.774183086370382470e-12 3.707846089727294024e-12 5.729307189521557869e-12 1.214237122988470588e-11 1.827959661273515986e-11 7.344456703050562635e-12 2.052047879301337883e-12 -2.457586727875327832e-13 -2.458156491245582856e-13 -1.262343790003951663e-12
5.818669762344689114e-13 -3.516358141334142798e-12 -1.221126191148599057e-12 5.246181358061220542e-12 -1.551584238248143021e-12 -2.086603896335698377e-12 -6.463959978847262710e-13 5.233259057108967207e-12 2.519617410972745337e-12 -3.073899496104299375e-12 1.125705219751229756e-12 1.183100285196163500e-12 3.755086469434947818e-14 6.609507004755840460e-13 2.663231171538767764e-12 4.397702525830738111e-13 1.701648307654723686e-12 1.595387702519218557e-12 1.856170735557989320e-12 2.861795690619782481e-12 7.344456703050562635e-12 1.143007210301865265e-11 3.676319112826175453e-12 1.664118924734063924e-13 2.403149601062974833e-13 -7.205283251889225214e-13
1.208046647192202429e-11 -9.280826613981555814e-12 -3.095381523745880046e-12 7.864492697397731282e-13 -2.500352991264118145e-12 -6.341821819121696690e-13 3.377206794962600605e-12 1.856013192378078051e-12 3.434768723476872499e-12 2.838209319483248449e-13 7.638058574148091267e-13 4.161944490934046069e-13 4.890597135179649679e-13 5.542904661351624514e-13 1.635880767018526329e-12 8.099920268286095905e-13 3.937317095690344702e-14 9.255760509579730155e-13 2.201985871393202009e-13 1.688511792682222786e-13 2.052047879301337883e-12 3.676319112826175453e-12 6.772207723596643842e-12 1.975422791935222155e-12 4.239397473572284896e-13 -7.458161901046529519e-14
1.470626912424649097e-11 -1.407747420923010799e-12 -5.356920103527923511e-12 1.469154775829890745e-12 -3.894437544595616188e-12 -8.656722588889639168e-13 2.973657875812310404e-12 -7.081085846049791209e-13 1.429487317895800175e-12 1.020677580970316892e-12 -1.327969713298489684e-12 -3.723963258431580196e-13 2.186527911566038752e-13 -4.692507124447371782e-13 -2.015707155363013053e-12 -5.689190007750200607e-13 -8.101534657040016227e-13 -8.344027832080520738e-13 -1.645312506337600433e-13 -1.295179293716755394e-13 -2.457586727875327832e-13 1.664118924734063924e-13 1.975422791935222155e-12 6.004027958145520367e-12 1.484424228002615606e-12 3.569476810175263345e-13
2.412819408648570606e-12 4.739284574566356412e-12 -5.263575849911847408e-13 6.491919484411013935e-13 -3.542059455446263823e-12 -1.545878639283923128e-13 -2.416223709254855851e-12 1.017063008930553525e-12 -9.505209483918934546e-13 1.708950041617227607e-12 -1.188623984184943658e-13 -1.243063488715286597e-12 -8.416148915835743769e-13 -8.442269847384720715e-13 -6.747927077353907458e-13 1.398697325784956191e-13 -4.689302402957200572e-13 -4.770400163749053269e-13 -2.516176822259601999e-13 -5.529127423910614863e-13 -2.458156491245582856e-13 2.403149601062974833e-13 4.239397473572284896e-13 1.484424228002615606e-12 3.714702432300007544e-12 8.163439391233513267e-13
-1.891839416845257517e-12 1.235226367524739225e-12 7.164779404761693013e-13 2.920906558563081894e-12 -4.602136157864648498e-12 -2.432649576422380176e-12 -1.832925834319152853e-12 9.891320988366527094e-13 2.251431811912105277e-12 -5.756223325126045265e-13 1.347514209913437313e-12 9.215404415041387087e-14 -9.619126037514973780e-14 9.550167881508750897e-13 5.990784834198245134e-14 2.093452662187681110e-13 4.351340409067053794e-13 -5.118731042595316184e-13 -1.008826316872694767e-12 -8.295214161173000886e-13 -1.262343790003951663e-12 -7.205283251889225214e-13 -7.458161901046529519e-14 3.569476810175263345e-13 8.163439391233513267e-13 4.028142691637558813e-12
