2.660149540704576914e-09 1.104216754873708450e-10 1.391897759640098235e-10 -1.542985146458861143e-11 -8.726605892641578912e-11 -8.279134980531342345e-12 -7.380155920726957499e-11 -1.006416657716524296e-11 2.653931421423871016e-11 -5.173313026538943302e-12 1.112102469471757744e-11 -2.466982068476373094e-11 6.280774294977208832e-13 -1.938524860821597872e-11 -1.140735577900492616e-11 -1.195841023010500560e-11 -8.677807008679987489e-12 -3.672533072017851991e-12 -2.411384828804319281e-12 1.045789062175837686e-12 1.163958785254574775e-11 -2.730123613001780915e-12 -6.727515050920436961e-14 -3.502495267575397436e-12 8.381562342239060122e-12 -9.862846195306981053e-13
1.104216754873708450e-10 1.496391013576857793e-09 1.407277004704134318e-10 5.373782481524933114e-11 -1.144160491453307137e-10 1.341710484888425919e-11 -4.402881107437231359e-11 1.379597092900533289e-11 1.320670599444905959e-11 2.849797454073951977e-11 -9.042274968080828900e-12 -1.284380112581134190e-11 -7.976207691507297355e-12 2.517154924963082570e-13 -1.664780008023734842e-11 -2.458843509206228496e-11 -1.469889917777497793e-11 2.475028983354759275e-12 1.409472566769102281e-12 -3.309904329039349452e-12 5.367856825990208192e-12 -9.114604493263945286e-12 -8.318388587521162023e-14 -3.856277274789215806e-12 -7.329864140404568784e-12 -7.205546377542375212e-15
1.391897759640098235e-10 1.407277004704134318e-10 1.024426195116454059e-09 9.169194714552596107e-12 3.748265220699142312e-11 5.906734506234773850e-11 -1.712690972620241568e-11 3.461342816082374274e-11 -1.207525765113678632e-11 -1.668817168573055013e-11 -8.390268175789062560e-12 7.353287022735321313e-14 2.452032247595084985e-11 2.405690860009022522e-11 1.738097864810435826e-12 1.537945341533841071e-11 6.874804426058716745e-12 1.299893382780488465e-12 2.310000627113179095e-12 6.502241207564548784e-12 7.895310021899469604e-12 1.938800657310571918e-12 1.017330981251534231e-12 -1.611380911049667505e-12 -3.423713426694792623e-12 5.263713130103771609e-12
-1.542985146458861143e-11 5.373782481524933114e-11 9.169194714552596107e-12 5.610951335282976210e-10 -9.624031476404849728e-12 4.805763660770141586e-12 2.075710971601184177e-11 -2.762108636183545945e-12 1.398183973286392648e-11 1.685260650779599715e-11 1.772803425477283937e-11 8.973413919968195381e-12 9.918102100893782704e-12 8.387679209551596910e-13 5.010385410870026665e-12 4.119761026955732438e-12 4.635164582640634226e-12 3.938010293592332496e-12 -1.566524140776085812e-12 -1.657886536243902347e-12 5.642601993941316161e-12 -1.368277396723549524e-12 2.464894292420607529e-12 3.318535244906961523e-12 -1.047952472805546792e-12 -3.569556229074183424e-12
-8.726605892641578912e-11 -1.144160491453307137e-10 3.748265220699142312e-11 -9.624031476404849728e-12 5.124096009882553926e-10 1.007271996741709039e-10 -6.592579528746956412e-12 2.396300896477312979e-11 -4.639230346310358872e-12 5.343893928860693455e-12 3.701073813331004587e-12 -1.238236763934744865e-11 -1.068434799518339501e-11 -1.434183329564049723e-11 1.114337097343775285e-11 5.804955782615111880e-12 7.460331225280077256e-12 7.039449369227677112e-12 9.285883920316850172e-13 1.440758400519316446e-12 4.080180153543643535e-12 1.469252421879729338e-12 -4.170090134439916545e-12 -3.823643667333849575e-13 -3.744815526326949298e-13 4.120300359750468941e-12
-8.279134980531342345e-12 1.341710484888425919e-11 5.906734506234773850e-11 4.805763660770141586e-12 1.007271996741709039e-10 3.239986532339374147e-10 2.841352323785893553e-11 3.120371598726872017e-11 6.389717123110160403e-12 1.061943812545232801e-11 -1.422736829084395559e-11 4.396192387922019063e-12 2.094554958024763290e-12 4.564407074507038587e-12 1.520446089643910998e-11 1.634435158826646567e-11 1.424394236966852141e-11 1.100827220290781325e-11 3.880924928673617751e-12 -6.449231907807405465e-13 1.798995003080439837e-12 2.259265428085391873e-12 4.863220171344415891e-12 -4.293502802603952181e-13 -2.639428888490839546e-12 -6.012902754314110531e-13
-7.380155920726957499e-11 -4.402881107437231359e-11 -1.712690972620241568e-11 2.075710971601184177e-11 -6.592579528746956412e-12 2.841352323785893553e-11 1.853391543308870238e-10 2.711648065580674808e-11 5.359679557832782218e-12 1.636016390481051607e-13 2.625297311063077613e-12 2.517881926823372714e-12 4.749258620463873912e-12 -2.576055976319421669e-12 2.417507406161685729e-12 3.978985464472438018e-12 1.938842102216844695e-12 3.510277794180329002e-12 -1.768343303611296073e-12 -1.314876876204258004e-12 -2.665298932099761827e-13 4.622966067408643427e-12 4.087334458839326198e-12 -7.647835191911880791e-13 5.258452993824147964e-13 3.953474122471685626e-14
-1.006416657716524296e-11 1.379597092900533289e-11 3.461342816082374274e-11 -2.762108636183545945e-12 2.396300896477312979e-11 3.120371598726872017e-11 2.711648065580674808e-11 1.570389302584756893e-10 2.278733881550310773e-11 7.854253128113193763e-12 9.009147710328296401e-13 1.126116383464628853e-12 9.836616613053436950e-12 7.930478845690888722e-12 2.473124935380234863e-12 6.420122032559770699e-12 3.002632728466189344e-12 6.556438214051326811e-12 5.737200634696948441e-12 3.302846936463116638e-12 2.341536764793281393e-12 4.794952416183328699e-12 2.216363283877475082e-13 8.475055488085061513e-13 2.623545020740340963e-12 -5.046654178031906029e-13
2.653931421423871016e-11 1.320670599444905959e-11 -1.207525765113678632e-11 1.398183973286392648e-11 -4.639230346310358872e-12 6.389717123110160403e-12 5.359679557832782218e-12 2.278733881550310773e-11 1.033752265194445895e-10 1.755909295210134909e-11 1.141104993476939753e-11 3.672219725645148897e-12 9.532332790857091139e-12 -1.042215864351809410e-12 -3.053485970491870177e-14 1.063818965259190394e-12 4.563912424131393587e-13 4.109024436093146654e-13 -1.227010865148847328e-13 1.339320109345614242e-12 2.702709079536049839e-12 3.900785923980707955e-12 3.657009243364786828e-12 3.172513220937691801e-12 -1.445998039267573520e-13 -7.499991367376687945e-13
-5.173313026538943302e-12 2.849797454073951977e-11 -1.668817168573055013e-11 1.685260650779599715e-11 5.343893928860693455e-12 1.061943812545232801e-11 1.636016390481051607e-13 7.854253128113193763e-12 1.755909295210134909e-11 7.197698351725101983e-11 6.742349486378053445e-12 3.884714690193453751e-12 -1.464849550524783400e-12 1.317127409696341373e-12 -1.327564394541006164e-12 -1.570506912873594805e-12 -2.587061210964949055e-12 -3.892727214635381413e-12 -2.467543960451542214e-12 -2.235928625032446401e-12 1.624115215384257640e-12 7.550014167191842788e-13 3.962382396230985160e-13 -5.229371904906996597e-13 1.366388141740586477e-13 -4.358150401380066354e-14
1.112102469471757744e-11 -9.042274968080828900e-12 -8.390268175789062560e-12 1.772803425477283937e-11 3.701073813331004587e-12 -1.422736829084395559e-11 2.625297311063077613e-12 9.009147710328296401e-13 1.141104993476939753e-11 6.742349486378053445e-12 4.946871172052795479e-11 1.144554812181899573e-11 5.580634551266053668e-12 1.684341467568245378e-12 4.090427590565548910e-12 -1.820221572729124861e-12 -1.092086917495115598e-12 9.317754442452233889e-13 -1.363082434444218393e-14 1.003499420557627920e-12 1.350679630576424611e-12 1.055031639615313816e-12 -1.688448490750652468e-12 -1.011989095034204257e-12 -4.574763608936976514e-14 1.012296638825535415e-13
-2.466982068476373094e-11 -1.284380112581134190e-11 7.353287022735321313e-14 8.973413919968195381e-12 -1.238236763934744865e-11 4.396192387922019063e-12 2.517881926823372714e-12 1.126116383464628853e-12 3.672219725645148897e-12 3.884714690193453751e-12 1.144554812181899573e-11 3.558892877808848198e-11 1.158873620461650265e-11 6.025686401356767941e-12 3.892730598332643857e-12 3.081817272700483872e-12 1.487337368762434061e-12 8.392245737528383719e-13 -6.027509068642563758e-13 1.890721900333723687e-13 -7.555033438815878287e-13 1.735187901966373510e-12 8.048615727700411935e-13 2.317331519643818079e-13 -8.694352058908657222e-13 -1.310243049537518819e-12
6.280774294977208832e-13 -7.976207691507297355e-12 2.452032247595084985e-11 9.918102100893782704e-12 -1.068434799518339501e-11 2.094554958024763290e-12 4.749258620463873912e-12 9.836616613053436950e-12 9.532332790857091139e-12 -1.464849550524783400e-12 5.580634551266053668e-12 1.158873620461650265e-11 3.286774883079906652e-11 1.132326358209694349e-11 7.942285073537945809e-12 7.229433162896061218e-12 3.277730776451471403e-12 1.387210328238895450e-12 -2.459352135270127600e-13 1.849898455486830304e-12 4.880507494959459567e-13 1.334182926302497604e-12 -4.240714084771819145e-13 -1.601678777316224558e-13 -1.082071112534139263e-12 1.993815998436579360e-13
-1.938524860821597872e-11 2.517154924963082570e-13 2.405690860009022522e-11 8.387679209551596910e-13 -1.434183329564049723e-11 4.564407074507038587e-12 -2.576055976319421669e-12 7.930478845690888722e-12 -1.042215864351809410e-12 1.317127409696341373e-12 1.684341467568245378e-12 6.025686401356767941e-12 1.132326358209694349e-11 2.496264675863131769e-11 1.007004666583414652e-11 7.245081568662529244e-12 3.053193566541174197e-12 5.404039421584703259e-13 -1.286178056769916909e-12 -9.796753500488976262e-13 -1.607988067816549492e-12 1.295233178955172369e-13 1.074008126177463443e-12 -3.289702482707154709e-13 2.694948258929474330e-13 -1.707424553945659913e-13
-1.140735577900492616e-11 -1.664780008023734842e-11 1.738097864810435826e-12 5.010385410870026665e-12 1.114337097343775285e-11 1.520446089643910998e-11 2.417507406161685729e-12 2.473124935380234863e-12 -3.053485970491870177e-14 -1.327564394541006164e-12 4.090427590565548910e-12 3.892730598332643857e-12 7.942285073537945809e-12 1.007004666583414652e-11 2.160000394955699218e-11 9.111762230676399336e-12 4.297207427168615687e-12 7.315727467896737270e-13 -7.708321765920732745e-13 1.637868488251804893e-12 6.091292062544706292e-13 1.681872727153413404e-12 -2.909532384091404465e-13 -8.638750419719284385e-13 2.420429964461360029e-15 -7.143759428279070638e-14
-1.195841023010500560e-11 -2.458843509206228496e-11 1.537945341533841071e-11 4.119761026955732438e-12 5.804955782615111880e-12 1.634435158826646567e-11 3.978985464472438018e-12 6.420122032559770699e-12 1.063818965259190394e-12 -1.570506912873594805e-12 -1.820221572729124861e-12 3.081817272700483872e-12 7.229433162896061218e-12 7.245081568662529244e-12 9.111762230676399336e-12 1.816724725666033166e-11 9.813479582744873558e-12 3.827848189333137509e-12 1.869914276702923452e-12 1.136464524812975567e-12 1.176440030422436899e-12 1.485043597464464391e-12 2.095663713407263804e-13 -1.949065131681187191e-13 3.790379523910981867e-13 3.829431812282857019e-13
-8.677807008679987489e-12 -1.469889917777497793e-11 6.874804426058716745e-12 4.635164582640634226e-12 7.460331225280077256e-12 1.424394236966852141e-11 1.938842102216844695e-12 3.002632728466189344e-12 4.563912424131393587e-13 -2.587061210964949055e-12 -1.092086917495115598e-12 1.487337368762434061e-12 3.277730776451471403e-12 3.053193566541174197e-12 4.297207427168615687e-12 9.813479582744873558e-12 1.670962991104259552e-11 7.438199549243611280e-12 5.272340939626495022e-12 2.800991289648493093e-12 2.119769834624411887e-12 2.030290363721760742e-12 1.413420555086839229e-12 2.517676134086022476e-13 -2.069969157820819347e-13 1.223212894902981226e-13
-3.672533072017851991e-12 2.475028983354759275e-12 1.299893382780488465e-12 3.938010293592332496e-12 7.039449369227677112e-12 1.100827220290781325e-11 3.510277794180329002e-12 6.556438214051326811e-12 4.109024436093146654e-13 -3.892727214635381413e-12 9.317754442452233889e-13 8.392245737528383719e-13 1.387210328238895450e-12 5.404039421584703259e-13 7.315727467896737270e-13 3.827848189333137509e-12 7.438199549243611280e-12 1.304698569029636470e-11 6.371676380342674451e-12 1.803609376335268497e-12 2.269009130188598780e-12 1.034561149055709963e-12 4.900049344500765898e-13 1.381701477329521351e-13 5.830656170368252981e-13 -2.707051835442347647e-13
-2.411384828804319281e-12 1.409472566769102281e-12 2.310000627113179095e-12 -1.566524140776085812e-12 9.285883920316850172e-13 3.880924928673617751e-12 -1.768343303611296073e-12 5.737200634696948441e-12 -1.227010865148847328e-13 -2.467543960451542214e-12 -1.363082434444218393e-14 -6.027509068642563758e-13 -2.459352135270127600e-13 -1.286178056769916909e-12 -7.708321765920732745e-13 1.869914276702923452e-12 5.272340939626495022e-12 6.371676380342674451e-12 1.222557563767298092e-11 3.713882360963543591e-12 2.869377466497258814e-12 6.247789185461773973e-13 4.431790858050050562e-13 -6.028607438006677844e-13 5.979430664019499157e-14 -1.591369923297299015e-13
1.045789062175837686e-12 -3.309904329039349452e-12 6.502241207564548784e-12 -1.657886536243902347e-12 1.440758400519316446e-12 -6.449231907807405465e-13 -1.314876876204258004e-12 3.302846936463116638e-12 1.339320109345614242e-12 -2.235928625032446401e-12 1.003499420557627920e-12 1.890721900333723687e-13 1.849898455486830304e-12 -9.796753500488976262e-13 1.637868488251804893e-12 1.136464524812975567e-12 2.800991289648493093e-12 1.803609376335268497e-12 3.713882360963543591e-12 9.995632370289415679e-12 5.189173490720900128e-12 2.503658480648675630e-12 7.102684580495992562e-13 -2.806666673076530035e-15 -4.444214476009485950e-13 -5.980383652635819601e-13
1.163958785254574775e-11 5.367856825990208192e-12 7.895310021899469604e-12 5.642601993941316161e-12 4.080180153543643535e-12 1.798995003080439837e-12 -2.665298932099761827e-13 2.341536764793281393e-12 2.702709079536049839e-12 1.624115215384257640e-12 1.350679630576424611e-12 -7.555033438815878287e-13 4.880507494959459567e-13 -1.607988067816549492e-12 6.091292062544706292e-13 1.176440030422436899e-12 2.119769834624411887e-12 2.269009130188598780e-12 2.869377466497258814e-12 5.189173490720900128e-12 9.840269398098730704e-12 3.716706196667617731e-12 1.205113976861429992e-12 1.043253658382019495e-13 -5.106493271118442714e-13 -6.613843646985612994e-13
-2.730123613001780915e-12 -9.114604493263945286e-12 1.938800657310571918e-12 -1.368277396723549524e-12 1.469252421879729338e-12 2.259265428085391873e-12 4.622966067408643427e-12 4.794952416183328699e-12 3.900785923980707955e-12 7.550014167191842788e-13 1.055031639615313816e-12 1.735187901966373510e-12 1.334182926302497604e-12 1.295233178955172369e-13 1.681872727153413404e-12 1.485043597464464391e-12 2.030290363721760742e-12 1.034561149055709963e-12 6.247789185461773973e-13 2.503658480648675630e-12 3.716706196667617731e-12 7.475548275313806195e-12 2.461952419213154509e-12 5.990121124289845420e-13 -4.180206258753601243e-13 -4.728742126319765979e-13
-6.727515050920436961e-14 -8.318388587521162023e-14 1.017330981251534231e-12 2.464894292420607529e-12 -4.170090134439916545e-12 4.863220171344415891e-12 4.087334458839326198e-12 2.216363283877475082e-13 3.657009243364786828e-12 3.962382396230985160e-13 -1.688448490750652468e-12 8.048615727700411935e-13 -4.240714084771819145e-13 1.074008126177463443e-12 -2.909532384091404465e-13 2.095663713407263804e-13 1.413420555086839229e-12 4.900049344500765898e-13 4.431790858050050562e-13 7.102684580495992562e-13 1.205113976861429992e-12 2.461952419213154509e-12 5.892154236989819508e-12 2.042020802106167310e-12 -3.040247839640490444e-13 -8.528334136730333520e-13
-3.502495267575397436e-12 -3.856277274789215806e-12 -1.611380911049667505e-12 3.318535244906961523e-12 -3.823643667333849575e-13 -4.293502802603952181e-13 -7.647835191911880791e-13 8.475055488085061513e-13 3.172513220937691801e-12 -5.229371904906996597e-13 -1.011989095034204257e-12 2.317331519643818079e-13 -1.601678777316224558e-13 -3.289702482707154709e-13 -8.638750419719284385e-13 -1.949065131681187191e-13 2.517676134086022476e-13 1.381701477329521351e-13 -6.028607438006677844e-13 -2.806666673076530035e-15 1.043253658382019495e-13 5.990121124289845420e-13 2.042020802106167310e-12 4.213897422928612292e-12 6.203950873502420939e-13 -5.579596375977115885e-13
8.381562342239060122e-12 -7.329864140404568784e-12 -3.423713426694792623e-12 -1.047952472805546792e-12 -3.744815526326949298e-13 -2.639428888490839546e-12 5.258452993824147964e-13 2.623545020740340963e-12 -1.445998039267573520e-13 1.366388141740586477e-13 -4.574763608936976514e-14 -8.694352058908657222e-13 -1.082071112534139263e-12 2.694948258929474330e-13 2.420429964461360029e-15 3.790379523910981867e-13 -2.069969157820819347e-13 5.830656170368252981e-13 5.979430664019499157e-14 -4.444214476009485950e-13 -5.106493271118442714e-13 -4.180206258753601243e-13 -3.040247839640490444e-13 6.203950873502420939e-13 3.351872959086194136e-12 7.076580111246326990e-13
-9.862846195306981053e-13 -7.205546377542375212e-15 5.263713130103771609e-12 -3.569556229074183424e-12 4.120300359750468941e-12 -6.012902754314110531e-13 3.953474122471685626e-14 -5.046654178031906029e-13 -7.499991367376687945e-13 -4.358150401380066354e-14 1.012296638825535415e-13 -1.310243049537518819e-12 1.993815998436579360e-13 -1.707424553945659913e-13 -7.143759428279070638e-14 3.829431812282857019e-13 1.223212894902981226e-13 -2.707051835442347647e-13 -1.591369923297299015e-13 -5.980383652635819601e-13 -6.613843646985612994e-13 -4.728742126319765979e-13 -8.528334136730333520e-13 -5.579596375977115885e-13 7.076580111246326990e-13 2.211944893672258918e-12
