3.180578720357009784e-09 1.402683864297060996e-09 7.924343678581313503e-10 5.169195472524509093e-10 5.570478624704368706e-10 4.566793474277748878e-10 3.281942900743002200e-10 2.347423229282265580e-10 2.327249777521133735e-10 2.654004353791262993e-10 2.077549986565582837e-10 1.835782344189775552e-10 2.029080947464520744e-10 1.239299242671404993e-10 9.251156399885908241e-11 7.371484713524226892e-11 4.868931625360379312e-11 5.129827068546644965e-11 1.673597887790059737e-11 1.450446510645556861e-11 3.909590786137599599e-11 4.340039879110792882e-11 2.952597496636886720e-12 5.159927774851845141e-12 -1.214881457293056013e-11 -9.748533240002078085e-12
1.402683864297060996e-09 2.592770827058880034e-09 9.725647899837881250e-10 6.570405592537698157e-10 6.232234281094996191e-10 4.491435407688350800e-10 3.511455444457952749e-10 3.001684324583179608e-10 2.515819989617506474e-10 2.495112030852347092e-10 1.744006123724582118e-10 1.646785984417826107e-10 1.519720878290633169e-10 8.284846662797222751e-11 6.882355858342660321e-11 5.110186123135297411e-11 3.431667716338358876e-11 4.572338036194789330e-11 3.371506859000973024e-11 2.252717528399347985e-11 3.466275283792531253e-11 3.930469515606312439e-12 1.209632834729047688e-11 9.500906170675533652e-12 -7.008388124789591098e-12 -3.738974348578497244e-12
7.924343678581313503e-10 9.725647899837881250e-10 1.598236693866866905e-09 4.250220106019108521e-10 4.386388298363935559e-10 3.409074874243655928e-10 2.841253022076108253e-10 1.735309502621225887e-10 2.319315771168733761e-10 1.823890901996121311e-10 1.316675222983617725e-10 1.263188809093428434e-10 1.002216401559066212e-10 5.268343228325602902e-11 3.245829728487274027e-11 3.164851522123088712e-11 1.426303416174139222e-11 2.467257897418598045e-11 2.031017645820099390e-11 1.718932639723697741e-11 3.711640633813387286e-11 1.276437730898822677e-11 6.643631875903152292e-12 2.487483532998172350e-12 -6.635186634523088250e-12 -1.191190561028539210e-11
5.169195472524509093e-10 6.570405592537698157e-10 4.250220106019108521e-10 9.189333341133343668e-10 3.429091893455258775e-10 2.232675297830046541e-10 1.566100472705622713e-10 1.354765333612383707e-10 1.365314512490495131e-10 1.367187294835618798e-10 9.031491686743384846e-11 8.554191560475375868e-11 7.817162964560295545e-11 4.612093914441798397e-11 3.741458396357700790e-11 2.189305238881331206e-11 3.487039515493350082e-11 2.739402732684997270e-11 2.156604179595085951e-11 1.138804308223348218e-11 2.474538645298638960e-11 1.955283738095021409e-11 1.365844060234376381e-11 8.774606010894468310e-12 -6.748238013557575247e-13 -1.763693582408457136e-12
5.570478624704368706e-10 6.232234281094996191e-10 4.386388298363935559e-10 3.429091893455258775e-10 7.182161895326128783e-10 2.035155289990754798e-10 1.417044882251751243e-10 1.385628786049858943e-10 1.220685533640526661e-10 1.173770641990784605e-10 7.885897273612391228e-11 8.491290859458275491e-11 4.852024427179793589e-11 2.238798307853244517e-11 2.776570244734885435e-11 1.974900522032471353e-11 1.184251309994637822e-11 1.031115801850659173e-11 9.162404294827191177e-12 1.010203876989820619e-11 2.729769285234629438e-11 1.559469470929449575e-11 8.185581889953087130e-12 -3.688805964679540945e-12 2.387163069098546014e-12 -2.265319471568116076e-12
4.566793474277748878e-10 4.491435407688350800e-10 3.409074874243655928e-10 2.232675297830046541e-10 2.035155289990754798e-10 4.822521512243808801e-10 1.611254636412514669e-10 1.201791545641499037e-10 1.075744538445396714e-10 9.424687446639879870e-11 5.405629536508819517e-11 5.357725106287475476e-11 5.636739818550282500e-11 2.559018111187110176e-11 2.004974544223505330e-11 1.577989562880518242e-11 7.871837197123235576e-12 8.044697620121006508e-12 1.323385675804830990e-12 7.986023220517418371e-12 2.106631553552820266e-11 9.495394810576372042e-12 5.525765360474517750e-12 2.972649109206518750e-12 -2.694156246621558259e-12 -7.981784587911594416e-12
3.281942900743002200e-10 3.511455444457952749e-10 2.841253022076108253e-10 1.566100472705622713e-10 1.417044882251751243e-10 1.611254636412514669e-10 2.697257349227522736e-10 8.393692475717584359e-11 8.627318526613659894e-11 7.745161380447157923e-11 5.930011672924927213e-11 4.689845934400065138e-11 3.103398092497747703e-11 1.415109953259017849e-11 9.642200994889767863e-12 5.665886732773627242e-12 1.867162228343320617e-12 1.017633384970647803e-12 3.587037354211332924e-12 7.563938733167599796e-12 1.289691339772945280e-11 1.006429392307163395e-12 2.771166779821419656e-12 3.627768269449759670e-12 3.245551841698461716e-12 -1.658006283035540230e-12
2.347423229282265580e-10 3.001684324583179608e-10 1.735309502621225887e-10 1.354765333612383707e-10 1.385628786049858943e-10 1.201791545641499037e-10 8.393692475717584359e-11 1.926013252517643052e-10 8.095410448842744912e-11 6.715124331298125476e-11 3.786259810762428805e-11 3.613486967869943252e-11 2.377747578631827209e-11 1.600387187077109366e-11 1.516349025371830871e-11 1.250673601639296218e-11 9.460255268465612454e-12 5.540761575326819960e-12 4.590742851957092078e-13 8.406729933043211070e-13 7.218338226245580423e-12 4.668273125888734529e-12 6.273204500515695959e-13 1.883594542742216185e-12 1.197030062719380209e-12 -7.548797829723375439e-13
2.327249777521133735e-10 2.515819989617506474e-10 2.319315771168733761e-10 1.365314512490495131e-10 1.220685533640526661e-10 1.075744538445396714e-10 8.627318526613659894e-11 8.095410448842744912e-11 1.730187119090921725e-10 7.745620538451862677e-11 5.055065472619458288e-11 4.308713978578846839e-11 3.468917724900962595e-11 2.263677589553120082e-11 1.378549606743619619e-11 1.635541198522900028e-11 1.039605236533270390e-11 1.379641726791126323e-11 1.034102744085726332e-11 -8.115551244200898100e-14 8.764774018964109441e-12 7.542381084044070743e-12 2.030104607464343989e-12 3.926970938240814064e-12 4.834432677482206611e-12 -3.221430049130368589e-12
2.654004353791262993e-10 2.495112030852347092e-10 1.823890901996121311e-10 1.367187294835618798e-10 1.173770641990784605e-10 9.424687446639879870e-11 7.745161380447157923e-11 6.715124331298125476e-11 7.745620538451862677e-11 1.288725715967086885e-10 5.809048821192582535e-11 4.936315947404344354e-11 4.253155966897088447e-11 2.648036457959320781e-11 2.086712005362020571e-11 1.907615363911637568e-11 1.156316128672784115e-11 1.259900028542464958e-11 9.190566806617907217e-12 6.743271861812019655e-12 1.105908435006053752e-11 5.727542664566955896e-12 1.563678691078428069e-12 1.254283740494585587e-12 3.198677269549966145e-12 -5.362161844939542340e-14
2.077549986565582837e-10 1.744006123724582118e-10 1.316675222983617725e-10 9.031491686743384846e-11 7.885897273612391228e-11 5.405629536508819517e-11 5.930011672924927213e-11 3.786259810762428805e-11 5.055065472619458288e-11 5.809048821192582535e-11 8.463770900913157664e-11 4.956738281215832511e-11 3.864883808785515496e-11 1.882551532546054863e-11 1.103595508438508959e-11 8.081961495217129500e-12 5.598774335954051197e-12 3.786482043956756385e-12 7.519096736713916163e-13 3.936609892447090610e-14 8.001899922415602231e-12 7.250068916811812030e-12 6.103957925900061149e-12 2.404452717929904214e-12 1.959407415027939227e-12 2.706965564689860494e-13
1.835782344189775552e-10 1.646785984417826107e-10 1.263188809093428434e-10 8.554191560475375868e-11 8.491290859458275491e-11 5.357725106287475476e-11 4.689845934400065138e-11 3.613486967869943252e-11 4.308713978578846839e-11 4.936315947404344354e-11 4.956738281215832511e-11 7.887191811169338738e-11 4.353274085780580722e-11 2.877175760231189671e-11 2.020007799554716251e-11 1.204244129213399066e-11 8.326818419680229981e-12 5.206777399589107590e-12 4.663864336320751407e-12 2.344156851311381951e-12 7.944186733267461435e-12 6.657574134246499368e-12 4.054877913712898195e-12 2.271059824586421122e-12 8.125535026413669322e-13 7.121489962015179426e-13
2.029080947464520744e-10 1.519720878290633169e-10 1.002216401559066212e-10 7.817162964560295545e-11 4.852024427179793589e-11 5.636739818550282500e-11 3.103398092497747703e-11 2.377747578631827209e-11 3.468917724900962595e-11 4.253155966897088447e-11 3.864883808785515496e-11 4.353274085780580722e-11 7.121167316706108828e-11 4.086271127459423277e-11 2.732021322391802697e-11 1.925310844850640671e-11 1.333990719710726443e-11 8.873909241064441685e-12 5.016979986913096259e-12 1.530028853799377310e-12 5.740404161209033229e-12 4.472005781865258630e-12 3.016211069974554200e-12 2.034347635018639471e-12 1.607594986128181610e-12 -4.379088593450754357e-13
1.239299242671404993e-10 8.284846662797222751e-11 5.268343228325602902e-11 4.612093914441798397e-11 2.238798307853244517e-11 2.559018111187110176e-11 1.415109953259017849e-11 1.600387187077109366e-11 2.263677589553120082e-11 2.648036457959320781e-11 1.882551532546054863e-11 2.877175760231189671e-11 4.086271127459423277e-11 5.228927495757460054e-11 3.348211330405081219e-11 2.147286566671402386e-11 1.009207488159789207e-11 5.295525136777058861e-12 5.019334094884022938e-12 -4.321175255581381145e-13 5.809282139212184788e-13 3.265489476965323936e-12 2.264477055207424239e-12 3.558223260224940319e-12 -9.791647028674485808e-13 -1.339906820793124071e-12
9.251156399885908241e-11 6.882355858342660321e-11 3.245829728487274027e-11 3.741458396357700790e-11 2.776570244734885435e-11 2.004974544223505330e-11 9.642200994889767863e-12 1.516349025371830871e-11 1.378549606743619619e-11 2.086712005362020571e-11 1.103595508438508959e-11 2.020007799554716251e-11 2.732021322391802697e-11 3.348211330405081219e-11 4.719637691363284275e-11 2.965737157256573325e-11 1.463578830886634462e-11 7.606684499459753144e-12 6.538245780592884291e-12 2.136548168729765753e-12 3.888242810075025934e-12 4.453073700206742892e-12 -6.436485906136596215e-14 1.405239277837253294e-12 -3.280972964575565791e-12 -1.849253524521047114e-12
7.371484713524226892e-11 5.110186123135297411e-11 3.164851522123088712e-11 2.189305238881331206e-11 1.974900522032471353e-11 1.577989562880518242e-11 5.665886732773627242e-12 1.250673601639296218e-11 1.635541198522900028e-11 1.907615363911637568e-11 8.081961495217129500e-12 1.204244129213399066e-11 1.925310844850640671e-11 2.147286566671402386e-11 2.965737157256573325e-11 4.129659042250806113e-11 2.408009399670850791e-11 1.422387929574442936e-11 8.985685516145749768e-12 2.940169956103270111e-12 6.024013135854373537e-12 5.305844506641687705e-12 -4.721652718383031433e-13 6.814783021472380536e-13 -2.759594862670067140e-12 -2.391199480822470057e-12
4.868931625360379312e-11 3.431667716338358876e-11 1.426303416174139222e-11 3.487039515493350082e-11 1.184251309994637822e-11 7.871837197123235576e-12 1.867162228343320617e-12 9.460255268465612454e-12 1.039605236533270390e-11 1.156316128672784115e-11 5.598774335954051197e-12 8.326818419680229981e-12 1.333990719710726443e-11 1.009207488159789207e-11 1.463578830886634462e-11 2.408009399670850791e-11 3.108484290880320334e-11 2.048313495086800187e-11 1.001135673584396947e-11 2.884285378416701203e-12 3.783628010520581602e-12 3.331048908407754349e-12 -3.859835127147074359e-13 7.978557413201992203e-13 -8.403154860154717361e-13 -1.248929888400872334e-12
5.129827068546644965e-11 4.572338036194789330e-11 2.467257897418598045e-11 2.739402732684997270e-11 1.031115801850659173e-11 8.044697620121006508e-12 1.017633384970647803e-12 5.540761575326819960e-12 1.379641726791126323e-11 1.259900028542464958e-11 3.786482043956756385e-12 5.206777399589107590e-12 8.873909241064441685e-12 5.295525136777058861e-12 7.606684499459753144e-12 1.422387929574442936e-11 2.048313495086800187e-11 3.399696352954379013e-11 2.242483819541797493e-11 1.102249023065751629e-11 6.778039945336640895e-12 5.579008518343559300e-12 1.010867414268214108e-12 1.765851220170982484e-12 1.725785659845315468e-12 -2.405184120792731621e-12
1.673597887790059737e-11 3.371506859000973024e-11 2.031017645820099390e-11 2.156604179595085951e-11 9.162404294827191177e-12 1.323385675804830990e-12 3.587037354211332924e-12 4.590742851957092078e-13 1.034102744085726332e-11 9.190566806617907217e-12 7.519096736713916163e-13 4.663864336320751407e-12 5.016979986913096259e-12 5.019334094884022938e-12 6.538245780592884291e-12 8.985685516145749768e-12 1.001135673584396947e-11 2.242483819541797493e-11 3.338550399171807682e-11 1.907953401932068645e-11 8.943882579916026394e-12 5.621270287794012728e-12 3.723868586018339745e-12 3.880929177073696996e-12 3.238237786905947478e-12 -3.022422718367822881e-12
1.450446510645556861e-11 2.252717528399347985e-11 1.718932639723697741e-11 1.138804308223348218e-11 1.010203876989820619e-11 7.986023220517418371e-12 7.563938733167599796e-12 8.406729933043211070e-13 -8.115551244200898100e-14 6.743271861812019655e-12 3.936609892447090610e-14 2.344156851311381951e-12 1.530028853799377310e-12 -4.321175255581381145e-13 2.136548168729765753e-12 2.940169956103270111e-12 2.884285378416701203e-12 1.102249023065751629e-11 1.907953401932068645e-11 2.743567394023912319e-11 1.813494824338046593e-11 1.146255257814574781e-11 6.532209654157242436e-12 2.283940601915730511e-12 1.699628976599278905e-12 -2.526533785484700761e-12
3.909590786137599599e-11 3.466275283792531253e-11 3.711640633813387286e-11 2.474538645298638960e-11 2.729769285234629438e-11 2.106631553552820266e-11 1.289691339772945280e-11 7.218338226245580423e-12 8.764774018964109441e-12 1.105908435006053752e-11 8.001899922415602231e-12 7.944186733267461435e-12 5.740404161209033229e-12 5.809282139212184788e-13 3.888242810075025934e-12 6.024013135854373537e-12 3.783628010520581602e-12 6.778039945336640895e-12 8.943882579916026394e-12 1.813494824338046593e-11 3.328886680100594278e-11 2.043922731385967208e-11 9.195770150166116880e-12 8.321278132768745198e-13 1.091043705505155446e-12 -3.549098383269504483e-12
4.340039879110792882e-11 3.930469515606312439e-12 1.276437730898822677e-11 1.955283738095021409e-11 1.559469470929449575e-11 9.495394810576372042e-12 1.006429392307163395e-12 4.668273125888734529e-12 7.542381084044070743e-12 5.727542664566955896e-12 7.250068916811812030e-12 6.657574134246499368e-12 4.472005781865258630e-12 3.265489476965323936e-12 4.453073700206742892e-12 5.305844506641687705e-12 3.331048908407754349e-12 5.579008518343559300e-12 5.621270287794012728e-12 1.146255257814574781e-11 2.043922731385967208e-11 2.895815552165259081e-11 1.207324852655006582e-11 2.558717498329321746e-12 -2.088193458299833011e-13 -2.097169378009914442e-12
2.952597496636886720e-12 1.209632834729047688e-11 6.643631875903152292e-12 1.365844060234376381e-11 8.185581889953087130e-12 5.525765360474517750e-12 2.771166779821419656e-12 6.273204500515695959e-13 2.030104607464343989e-12 1.563678691078428069e-12 6.103957925900061149e-12 4.054877913712898195e-12 3.016211069974554200e-12 2.264477055207424239e-12 -6.436485906136596215e-14 -4.721652718383031433e-13 -3.859835127147074359e-13 1.010867414268214108e-12 3.723868586018339745e-12 6.532209654157242436e-12 9.195770150166116880e-12 1.207324852655006582e-11 1.672151579771102728e-11 5.393725365399471640e-12 7.996960600643667512e-13 -1.797189593148321734e-12
5.159927774851845141e-12 9.500906170675533652e-12 2.487483532998172350e-12 8.774606010894468310e-12 -3.688805964679540945e-12 2.972649109206518750e-12 3.627768269449759670e-12 1.883594542742216185e-12 3.926970938240814064e-12 1.254283740494585587e-12 2.404452717929904214e-12 2.271059824586421122e-12 2.034347635018639471e-12 3.558223260224940319e-12 1.405239277837253294e-12 6.814783021472380536e-13 7.978557413201992203e-13 1.765851220170982484e-12 3.880929177073696996e-12 2.283940601915730511e-12 8.321278132768745198e-13 2.558717498329321746e-12 5.393725365399471640e-12 1.234247694177924601e-11 2.228885844954175478e-12 -7.583996032081914815e-13
-1.214881457293056013e-11 -7.008388124789591098e-12 -6.635186634523088250e-12 -6.748238013557575247e-13 2.387163069098546014e-12 -2.694156246621558259e-12 3.245551841698461716e-12 1.197030062719380209e-12 4.834432677482206611e-12 3.198677269549966145e-12 1.959407415027939227e-12 8.125535026413669322e-13 1.607594986128181610e-12 -9.791647028674485808e-13 -3.280972964575565791e-12 -2.759594862670067140e-12 -8.403154860154717361e-13 1.725785659845315468e-12 3.238237786905947478e-12 1.699628976599278905e-12 1.091043705505155446e-12 -2.088193458299833011e-13 7.996960600643667512e-13 2.228885844954175478e-12 9.078529064593147778e-12 1.267527134120089243e-12
-9.748533240002078085e-12 -3.738974348578497244e-12 -1.191190561028539210e-11 -1.763693582408457136e-12 -2.265319471568116076e-12 -7.981784587911594416e-12 -1.658006283035540230e-12 -7.548797829723375439e-13 -3.221430049130368589e-12 -5.362161844939542340e-14 2.706965564689860494e-13 7.121489962015179426e-13 -4.379088593450754357e-13 -1.339906820793124071e-12 -1.849253524521047114e-12 -2.391199480822470057e-12 -1.248929888400872334e-12 -2.405184120792731621e-12 -3.022422718367822881e-12 -2.526533785484700761e-12 -3.549098383269504483e-12 -2.097169378009914442e-12 -1.797189593148321734e-12 -7.583996032081914815e-13 1.267527134120089243e-12 6.835234756568135225e-12
