5.379454086439354617e-09 -1.431711126381769550e-10 2.667866893972355096e-10 3.009865380303279738e-10 4.029070953752134536e-12 -9.793981984548531699e-12 -1.020551808609935496e-10 -1.644150628113916139e-10 3.304186755004263559e-11 1.731309222426188687e-11 8.799010711701457379e-11 -2.264162866689125788e-11 9.107042189463954963e-11 -5.479159526039745410e-11 -7.154438830014689815e-11 -1.315214561791398773e-11 1.673876453476396749e-11 2.969116449915617869e-11 -1.915025023953947766e-11 -2.635292701772315359e-11
-1.431711126381769550e-10 3.904912321320226483e-09 3.152333180512484620e-10 1.775939566457551017e-10 -1.557186640602158639e-10 3.778068475938828068e-11 -2.431500703710221672e-11 -1.049559677859602351e-10 7.682075669123047674e-11 -5.518441313292651407e-11 -5.230022326796722980e-11 3.079535510799787864e-12 -2.538509976246271832e-12 4.444467370018766378e-11 1.324455539690908983e-11 4.172696976022413142e-11 -5.589639381600991400e-11 -7.974618669539684492e-12 -7.164021834078132180e-12 1.954635697307016925e-11
2.667866893972355096e-10 3.152333180512484620e-10 2.328192004753953203e-09 2.864319680741477578e-10 8.293397492127091903e-11 1.626921054527198035e-10 9.475572745659384836e-13 -2.404891520318307272e-10 1.256793139056226316e-11 5.112411326914437938e-11 1.420225715132067390e-11 2.564128384748473861e-11 3.857631447289495156e-11 -5.532856540885643234e-11 -1.669627729812403927e-11 1.809190665877404318e-11 -1.987624646384536184e-11 -1.926141643990068543e-11 -1.912660575423905486e-11 2.521665100920715693e-11
3.009865380303279738e-10 1.775939566457551017e-10 2.864319680741477578e-10 1.406567726076712809e-09 1.855878515096425538e-10 2.228286256706522646e-10 6.166092683547214337e-11 -9.671834898778979309e-11 3.312176331260369072e-11 -1.922936436061954913e-11 1.986759342261026968e-11 -1.850414809137992275e-11 -3.244606442538553777e-11 -9.569606081270132653e-12 -6.982352115793552933e-12 3.071453434568956029e-11 2.824534353189353471e-11 -7.004108369366714237e-12 -1.663362355674546200e-11 -4.387470379060956277e-13
4.029070953752134536e-12 -1.557186640602158639e-10 8.293397492127091903e-11 1.855878515096425538e-10 1.003140044230297899e-09 1.037772393084363070e-10 1.086336964187464639e-10 6.725388106729691852e-11 1.845272501606396484e-11 3.620202758348881178e-11 5.889587363373703707e-12 4.527661877202663617e-12 4.853954289091619074e-12 -1.125800841912113359e-11 -9.407084299970318430e-12 -6.500242033618970896e-12 2.413465148692099014e-11 2.461362502260400750e-11 1.991984173865915334e-12 5.068311278487175528e-12
-9.793981984548531699e-12 3.778068475938828068e-11 1.626921054527198035e-10 2.228286256706522646e-10 1.037772393084363070e-10 7.093647650514537856e-10 6.819081612113941663e-11 -9.230029650606050073e-11 -1.154630508212358441e-11 8.202854805196875162e-12 1.643554791215641973e-11 -7.779801563771930064e-12 -1.445898758202721493e-11 2.663040815413005783e-12 -1.710904053396791160e-13 7.185597314634952415e-12 2.320582037367928820e-11 2.268433907733334173e-11 4.020798365670461570e-12 -6.571230872669186950e-12
-1.020551808609935496e-10 -2.431500703710221672e-11 9.475572745659384836e-13 6.166092683547214337e-11 1.086336964187464639e-10 6.819081612113941663e-11 4.925812827280520863e-10 1.285750450512194463e-11 4.661686101341995886e-11 3.612457242653339819e-11 1.869152124195421433e-11 1.237377934855644284e-11 3.601202138985758618e-12 1.293464012826398803e-12 7.543218789683029348e-12 1.506567903413965947e-11 9.221386200317292000e-12 1.216200047418079266e-11 -1.526705314898296272e-12 -6.586172745561793895e-12
-1.644150628113916139e-10 -1.049559677859602351e-10 -2.404891520318307272e-10 -9.671834898778979309e-11 6.725388106729691852e-11 -9.230029650606050073e-11 1.285750450512194463e-11 3.077655876691091692e-10 3.052056778148347779e-11 -2.744226555736810506e-12 1.029640083693349569e-11 -2.835988053584691390e-12 -5.017629142037681210e-12 7.097233679478226733e-12 9.588581970143946400e-12 -4.319328335177260465e-12 -1.218727329064452095e-11 -8.803983996163740389e-12 5.870214558139530824e-12 -3.038069566173138675e-12
3.304186755004263559e-11 7.682075669123047674e-11 1.256793139056226316e-11 3.312176331260369072e-11 1.845272501606396484e-11 -1.154630508212358441e-11 4.661686101341995886e-11 3.052056778148347779e-11 1.858066613295920352e-10 2.072879548371817599e-11 3.158075289158884703e-11 2.432304975454067640e-11 7.862245163121434764e-12 6.180087863300589009e-12 -3.825533165195061030e-12 -5.600763035293945853e-12 -2.554424376054898059e-12 7.337557231244073123e-12 7.688112804699759981e-12 1.121659761227865237e-12
1.731309222426188687e-11 -5.518441313292651407e-11 5.112411326914437938e-11 -1.922936436061954913e-11 3.620202758348881178e-11 8.202854805196875162e-12 3.612457242653339819e-11 -2.744226555736810506e-12 2.072879548371817599e-11 1.425599606164826916e-10 3.224117507921868952e-11 2.876167035093742098e-11 1.937445544552297381e-11 1.074404106118210674e-11 3.954664768540501727e-12 1.521089069056031383e-12 3.186054859761629205e-12 -2.087318473504774475e-12 1.281954063127351394e-13 -8.536899070750621910e-13
8.799010711701457379e-11 -5.230022326796722980e-11 1.420225715132067390e-11 1.986759342261026968e-11 5.889587363373703707e-12 1.643554791215641973e-11 1.869152124195421433e-11 1.029640083693349569e-11 3.158075289158884703e-11 3.224117507921868952e-11 1.151550325859496795e-10 3.709670169458496452e-11 2.149801872196363907e-11 1.338695325911735504e-11 6.477772681242237817e-12 2.340803438673426630e-12 1.768154948251544530e-13 6.581639763961183733e-13 -1.101888484543678502e-12 -2.418087720384178043e-12
-2.264162866689125788e-11 3.079535510799787864e-12 2.564128384748473861e-11 -1.850414809137992275e-11 4.527661877202663617e-12 -7.779801563771930064e-12 1.237377934855644284e-11 -2.835988053584691390e-12 2.432304975454067640e-11 2.876167035093742098e-11 3.709670169458496452e-11 8.926767494090398217e-11 2.774206147210970601e-11 1.305045835687889129e-11 5.064946782355016869e-12 -1.728344569826523764e-12 5.770586712822296781e-13 -4.844925271404128075e-12 1.215405058639180884e-12 -2.994484851313932734e-12
9.107042189463954963e-11 -2.538509976246271832e-12 3.857631447289495156e-11 -3.244606442538553777e-11 4.853954289091619074e-12 -1.445898758202721493e-11 3.601202138985758618e-12 -5.017629142037681210e-12 7.862245163121434764e-12 1.937445544552297381e-11 2.149801872196363907e-11 2.774206147210970601e-11 6.065263451077180200e-11 1.430678333088558277e-11 7.594522525671892477e-12 4.680587378398926386e-12 9.400927230882931562e-13 2.938991530932816278e-12 7.388781500306440734e-13 -1.065986158629599690e-12
-5.479159526039745410e-11 4.444467370018766378e-11 -5.532856540885643234e-11 -9.569606081270132653e-12 -1.125800841912113359e-11 2.663040815413005783e-12 1.293464012826398803e-12 7.097233679478226733e-12 6.180087863300589009e-12 1.074404106118210674e-11 1.338695325911735504e-11 1.305045835687889129e-11 1.430678333088558277e-11 4.820439798594922387e-11 1.486488720290113696e-11 1.069010360969276420e-11 1.379505254966794810e-12 1.566828910565708292e-12 2.797853964580074194e-12 1.445366992059821623e-12
-7.154438830014689815e-11 1.324455539690908983e-11 -1.669627729812403927e-11 -6.982352115793552933e-12 -9.407084299970318430e-12 -1.710904053396791160e-13 7.543218789683029348e-12 9.588581970143946400e-12 -3.825533165195061030e-12 3.954664768540501727e-12 6.477772681242237817e-12 5.064946782355016869e-12 7.594522525671892477e-12 1.486488720290113696e-11 3.340141400767163917e-11 1.652068469691650264e-11 8.162115306696885414e-12 6.568388224617938513e-12 2.852639924848375337e-12 1.169333064881595738e-12
-1.315214561791398773e-11 4.172696976022413142e-11 1.809190665877404318e-11 3.071453434568956029e-11 -6.500242033618970896e-12 7.185597314634952415e-12 1.506567903413965947e-11 -4.319328335177260465e-12 -5.600763035293945853e-12 1.521089069056031383e-12 2.340803438673426630e-12 -1.728344569826523764e-12 4.680587378398926386e-12 1.069010360969276420e-11 1.652068469691650264e-11 2.989083806645853904e-11 1.463383579343196599e-11 7.384751516943640581e-12 1.621191564358130358e-12 7.560394190227474037e-13
1.673876453476396749e-11 -5.589639381600991400e-11 -1.987624646384536184e-11 2.824534353189353471e-11 2.413465148692099014e-11 2.320582037367928820e-11 9.221386200317292000e-12 -1.218727329064452095e-11 -2.554424376054898059e-12 3.186054859761629205e-12 1.768154948251544530e-13 5.770586712822296781e-13 9.400927230882931562e-13 1.379505254966794810e-12 8.162115306696885414e-12 1.463383579343196599e-11 2.792895977295047469e-11 1.098848459422632605e-11 1.858978907534815657e-12 -1.143145035731203097e-12
2.969116449915617869e-11 -7.974618669539684492e-12 -1.926141643990068543e-11 -7.004108369366714237e-12 2.461362502260400750e-11 2.268433907733334173e-11 1.216200047418079266e-11 -8.803983996163740389e-12 7.337557231244073123e-12 -2.087318473504774475e-12 6.581639763961183733e-13 -4.844925271404128075e-12 2.938991530932816278e-12 1.566828910565708292e-12 6.568388224617938513e-12 7.384751516943640581e-12 1.098848459422632605e-11 1.895117095102111777e-11 6.384507978172094939e-12 1.045447031002900447e-12
-1.915025023953947766e-11 -7.164021834078132180e-12 -1.912660575423905486e-11 -1.663362355674546200e-11 1.991984173865915334e-12 4.020798365670461570e-12 -1.526705314898296272e-12 5.870214558139530824e-12 7.688112804699759981e-12 1.281954063127351394e-13 -1.101888484543678502e-12 1.215405058639180884e-12 7.388781500306440734e-13 2.797853964580074194e-12 2.852639924848375337e-12 1.621191564358130358e-12 1.858978907534815657e-12 6.384507978172094939e-12 1.373656857026448781e-11 4.416542079810664406e-12
-2.635292701772315359e-11 1.954635697307016925e-11 2.521665100920715693e-11 -4.387470379060956277e-13 5.068311278487175528e-12 -6.571230872669186950e-12 -6.586172745561793895e-12 -3.038069566173138675e-12 1.121659761227865237e-12 -8.536899070750621910e-13 -2.418087720384178043e-12 -2.994484851313932734e-12 -1.065986158629599690e-12 1.445366992059821623e-12 1.169333064881595738e-12 7.560394190227474037e-13 -1.143145035731203097e-12 1.045447031002900447e-12 4.416542079810664406e-12 1.113446727416070486e-11
