1.099638509894557798e-08 -1.666073238595161504e-09 1.164615999296143200e-10 -6.731240825681023863e-10 5.336436467520541852e-10 1.286993535793933224e-10 3.657356352509832602e-10 1.201272023558951598e-10 3.807253777945661607e-11 1.414895321072781219e-10 8.166475229060835841e-11 1.547531637282243293e-10 3.788719127303993674e-11 1.498149430524089304e-11 8.945077342492764602e-12 2.016343034226897213e-11 8.545644095874890544e-12 1.284641830525410578e-11 2.895981059020395841e-11 -3.170619482076556166e-11
-1.666073238595161504e-09 7.178700601161737761e-09 5.035366630005344037e-10 -4.746618053139812885e-10 -4.181806142801208398e-10 -2.087065320775949024e-10 -2.041661550092790937e-10 -3.767189013156679137e-10 1.552344585510152221e-11 1.624346323435211937e-10 -3.601202680753095659e-11 -6.388797804480334064e-11 -9.636163698946341095e-11 3.653679795222388033e-11 1.855951096028089747e-11 -2.465757592021571103e-11 1.018011922619928668e-11 8.929813756573540550e-12 4.941609702057090073e-11 8.104197754507576612e-12
1.164615999296143200e-10 5.035366630005344037e-10 4.338766549758229207e-09 -2.165815444395346351e-11 -8.763083949026672926e-11 6.282403973558989659e-11 7.245197022629627768e-11 -1.325672496400141670e-10 -7.730194974538607385e-11 2.727617164028019910e-12 1.037444988018815719e-10 -2.992463641158258961e-11 1.793255442648235945e-11 5.204489531808689279e-11 1.128928502578384407e-10 1.708532093088123424e-12 1.293470478271632540e-11 -1.770460399717798549e-11 4.312336638637276829e-11 -4.543588972046659305e-12
-6.731240825681023863e-10 -4.746618053139812885e-10 -2.165815444395346351e-11 2.888832309026364985e-09 1.383377330811834092e-11 1.462552006448304324e-11 2.262810213527324646e-10 1.749660132696220443e-11 1.267787716229077613e-10 5.486265207148121757e-11 -1.149056186093750240e-10 1.604894562260754496e-11 2.982016416744593019e-11 6.277760056344100128e-11 3.200661120466933415e-11 1.015477990293022271e-12 2.025109355383953080e-11 -1.520496802394942333e-11 6.941613734087491910e-12 1.028153405476501474e-12
5.336436467520541852e-10 -4.181806142801208398e-10 -8.763083949026672926e-11 1.383377330811834092e-11 2.033306225881719028e-09 6.394336894602886965e-11 2.067843464848182056e-10 3.955854305471543449e-11 -3.860277037456672712e-11 3.636031551325715475e-11 6.487758548110811756e-11 2.979735905864315411e-11 -3.481221297836507661e-11 -3.713501350325265603e-11 -6.654469887755447220e-11 -4.002342356164231342e-12 -1.393111419694817933e-11 2.725196087728784085e-11 2.393800176340319378e-11 -1.601157106389438095e-11
1.286993535793933224e-10 -2.087065320775949024e-10 6.282403973558989659e-11 1.462552006448304324e-11 6.394336894602886965e-11 1.048263029631306691e-09 9.331447907641876370e-11 1.374228205656062133e-11 4.137230195094141639e-11 7.118173046275215450e-11 5.207273013088024852e-12 -2.076789290414786319e-11 -2.128648476981917629e-11 -1.100335427736017005e-11 6.193850049371083570e-13 -1.206732742802575334e-11 6.055918630339435428e-12 -8.826357820099284776e-12 -1.003108946321780407e-12 -1.084944741633810078e-11
3.657356352509832602e-10 -2.041661550092790937e-10 7.245197022629627768e-11 2.262810213527324646e-10 2.067843464848182056e-10 9.331447907641876370e-11 8.934031932338863653e-10 6.723642770271233289e-11 4.561412036594997457e-11 5.825124950359264566e-11 1.261834461251166895e-11 -6.221603267445875179e-12 8.199112346406285890e-12 -1.249522260090462422e-11 -1.453283089874542197e-11 4.240264456873745372e-12 -5.714231634419831343e-13 2.816137476961751225e-12 1.231277697635949743e-11 4.257344504683768335e-12
1.201272023558951598e-10 -3.767189013156679137e-10 -1.325672496400141670e-10 1.749660132696220443e-11 3.955854305471543449e-11 1.374228205656062133e-11 6.723642770271233289e-11 5.414116262466389338e-10 3.870022066430345451e-11 7.383776870765492485e-12 4.107767231374032857e-11 5.708512548126930984e-11 3.404612924798606847e-11 2.956366883757478020e-11 -1.628105153074403876e-11 -1.245777628565163799e-12 -1.530789368790101238e-11 -6.975462245803694105e-12 -6.178295802201715721e-12 8.499472936420065891e-15
3.807253777945661607e-11 1.552344585510152221e-11 -7.730194974538607385e-11 1.267787716229077613e-10 -3.860277037456672712e-11 4.137230195094141639e-11 4.561412036594997457e-11 3.870022066430345451e-11 3.704667415384796512e-10 2.746589226535048368e-11 -2.923152438222101930e-11 -6.385250851627310001e-12 -2.892632126133500355e-12 -5.445617973158333274e-12 -3.369200225044126078e-12 -7.056634890108454272e-12 4.444374262478296214e-12 2.639034227958507921e-12 -6.202468203247799564e-12 -8.773306825288505986e-12
1.414895321072781219e-10 1.624346323435211937e-10 2.727617164028019910e-12 5.486265207148121757e-11 3.636031551325715475e-11 7.118173046275215450e-11 5.825124950359264566e-11 7.383776870765492485e-12 2.746589226535048368e-11 2.164050992485295173e-10 3.383374855828288428e-11 2.745325050475199294e-11 2.553091693553471689e-11 1.706532561530616160e-11 1.800056026977974105e-11 1.021698750434146132e-11 3.284396721969872978e-13 2.538124075840987040e-12 1.256059586480335959e-11 1.025905733014198509e-12
8.166475229060835841e-11 -3.601202680753095659e-11 1.037444988018815719e-10 -1.149056186093750240e-10 6.487758548110811756e-11 5.207273013088024852e-12 1.261834461251166895e-11 4.107767231374032857e-11 -2.923152438222101930e-11 3.383374855828288428e-11 1.665532186839936507e-10 3.722733414749474562e-11 2.176067273339954491e-11 1.143278534278178281e-11 1.054877937412820238e-11 1.544463808751405038e-11 -9.299849466856666070e-12 -9.064644776930282672e-13 4.233073590494060508e-12 -2.882537920858850992e-13
1.547531637282243293e-10 -6.388797804480334064e-11 -2.992463641158258961e-11 1.604894562260754496e-11 2.979735905864315411e-11 -2.076789290414786319e-11 -6.221603267445875179e-12 5.708512548126930984e-11 -6.385250851627310001e-12 2.745325050475199294e-11 3.722733414749474562e-11 1.177357408863282351e-10 4.679320403057392230e-11 3.041332725628624433e-11 9.146215985177390621e-12 7.612691162818600864e-12 2.355810601888952735e-12 -3.152334775525164862e-12 1.117570939486805425e-12 2.171437189625429958e-12
3.788719127303993674e-11 -9.636163698946341095e-11 1.793255442648235945e-11 2.982016416744593019e-11 -3.481221297836507661e-11 -2.128648476981917629e-11 8.199112346406285890e-12 3.404612924798606847e-11 -2.892632126133500355e-12 2.553091693553471689e-11 2.176067273339954491e-11 4.679320403057392230e-11 1.041074972319416497e-10 3.410501435880900014e-11 2.024934320752465206e-11 1.521118597130606224e-11 5.069826910577640992e-12 4.499666071097649956e-13 -1.159229459138470360e-13 4.550649914917792942e-12
1.498149430524089304e-11 3.653679795222388033e-11 5.204489531808689279e-11 6.277760056344100128e-11 -3.713501350325265603e-11 -1.100335427736017005e-11 -1.249522260090462422e-11 2.956366883757478020e-11 -5.445617973158333274e-12 1.706532561530616160e-11 1.143278534278178281e-11 3.041332725628624433e-11 3.410501435880900014e-11 7.900119149274179204e-11 2.756915326542514347e-11 1.889502215377843303e-11 8.703056730644505212e-12 3.259069466671483803e-12 4.625067055567980617e-12 1.024466890999173714e-12
8.945077342492764602e-12 1.855951096028089747e-11 1.128928502578384407e-10 3.200661120466933415e-11 -6.654469887755447220e-11 6.193850049371083570e-13 -1.453283089874542197e-11 -1.628105153074403876e-11 -3.369200225044126078e-12 1.800056026977974105e-11 1.054877937412820238e-11 9.146215985177390621e-12 2.024934320752465206e-11 2.756915326542514347e-11 5.282846395600889231e-11 2.386055825024885824e-11 9.298648779818873808e-12 2.269838157193791567e-12 -1.808480186586178218e-13 -5.396739612854149486e-13
2.016343034226897213e-11 -2.465757592021571103e-11 1.708532093088123424e-12 1.015477990293022271e-12 -4.002342356164231342e-12 -1.206732742802575334e-11 4.240264456873745372e-12 -1.245777628565163799e-12 -7.056634890108454272e-12 1.021698750434146132e-11 1.544463808751405038e-11 7.612691162818600864e-12 1.521118597130606224e-11 1.889502215377843303e-11 2.386055825024885824e-11 4.497780049413133727e-11 1.034809790802174464e-11 3.805470891226662773e-12 3.388158761957281940e-12 6.459021375278478011e-13
8.545644095874890544e-12 1.018011922619928668e-11 1.293470478271632540e-11 2.025109355383953080e-11 -1.393111419694817933e-11 6.055918630339435428e-12 -5.714231634419831343e-13 -1.530789368790101238e-11 4.444374262478296214e-12 3.284396721969872978e-13 -9.299849466856666070e-12 2.355810601888952735e-12 5.069826910577640992e-12 8.703056730644505212e-12 9.298648779818873808e-12 1.034809790802174464e-11 2.422702616781822711e-11 7.690297491099937505e-12 3.876480729486348623e-12 3.808911940896099947e-12
1.284641830525410578e-11 8.929813756573540550e-12 -1.770460399717798549e-11 -1.520496802394942333e-11 2.725196087728784085e-11 -8.826357820099284776e-12 2.816137476961751225e-12 -6.975462245803694105e-12 2.639034227958507921e-12 2.538124075840987040e-12 -9.064644776930282672e-13 -3.152334775525164862e-12 4.499666071097649956e-13 3.259069466671483803e-12 2.269838157193791567e-12 3.805470891226662773e-12 7.690297491099937505e-12 2.404475102898986075e-11 7.237762593101219922e-12 3.660045883992008194e-12
2.895981059020395841e-11 4.941609702057090073e-11 4.312336638637276829e-11 6.941613734087491910e-12 2.393800176340319378e-11 -1.003108946321780407e-12 1.231277697635949743e-11 -6.178295802201715721e-12 -6.202468203247799564e-12 1.256059586480335959e-11 4.233073590494060508e-12 1.117570939486805425e-12 -1.159229459138470360e-13 4.625067055567980617e-12 -1.808480186586178218e-13 3.388158761957281940e-12 3.876480729486348623e-12 7.237762593101219922e-12 1.695009418951637080e-11 2.766030333119238421e-12
-3.170619482076556166e-11 8.104197754507576612e-12 -4.543588972046659305e-12 1.028153405476501474e-12 -1.601157106389438095e-11 -1.084944741633810078e-11 4.257344504683768335e-12 8.499472936420065891e-15 -8.773306825288505986e-12 1.025905733014198509e-12 -2.882537920858850992e-13 2.171437189625429958e-12 4.550649914917792942e-12 1.024466890999173714e-12 -5.396739612854149486e-13 6.459021375278478011e-13 3.808911940896099947e-12 3.660045883992008194e-12 2.766030333119238421e-12 1.279406547933138632e-11
