5.469190718345293958e-09 1.011968533218827396e-10 3.776845338513784187e-10 1.586643420030262503e-10 1.500867223749933125e-10 9.375524122105064855e-11 -1.525617561777062161e-11 5.329568915701834374e-11 -1.591407125868857076e-10 -6.574517074936779317e-11 -2.656060801038274713e-11 -8.525338629211762427e-11 3.760497039134721065e-11 -8.866321731440202870e-11 -4.733377467816113214e-12 -4.576106609055936544e-11 -7.961698627791908956e-12 6.451689227264015454e-12 6.926764065714159494e-12 1.331847606645513761e-12
1.011968533218827396e-10 3.952596979895216863e-09 6.177773996342600337e-10 4.515526435185359139e-10 5.260510870788815937e-11 -4.948392627012214080e-11 1.352557496480967419e-11 2.309530430085458033e-10 -9.096479175342130018e-11 -4.547653461929874945e-12 6.653846609766974203e-11 5.948514014902353308e-11 4.810756414842549423e-11 9.205331066279130576e-11 3.096195722341255345e-11 4.160139503757521042e-12 -1.289979862457290625e-11 -7.406897736536912744e-12 -2.330051952480321653e-11 -2.408016728045618310e-11
3.776845338513784187e-10 6.177773996342600337e-10 2.030730368867716580e-09 5.520254154542361281e-11 2.036693525828535805e-10 4.460852498133167408e-11 7.184169517016410783e-12 3.442000987183340640e-11 3.301307950806529677e-11 -1.152742237208100920e-11 9.642257268194639894e-12 7.343228880174796353e-11 2.087691376251419606e-11 -1.083208705140060182e-11 -1.518384460821008977e-11 9.541606162451691903e-12 1.787632335490772338e-11 2.705775014989269914e-11 7.191946204813092256e-12 1.298214243860129693e-11
1.586643420030262503e-10 4.515526435185359139e-10 5.520254154542361281e-11 1.663896862289711917e-09 5.400857947609756303e-11 -1.690235438352177432e-10 -1.520378633548409018e-10 -5.149870762142762285e-11 -2.430992438089483193e-11 -9.155683822400564939e-12 -4.970247215140120598e-11 6.995303055169468100e-12 -3.400450530975258724e-11 -2.706967836144870321e-11 1.088061840883952064e-11 5.256267333868630113e-12 1.124319286431448602e-11 -8.012984681372521815e-12 1.003656614315172497e-11 -1.767050440591862268e-12
1.500867223749933125e-10 5.260510870788815937e-11 2.036693525828535805e-10 5.400857947609756303e-11 1.232203832722811651e-09 1.439669184854483774e-10 -8.156085255207128936e-11 5.928619423103804270e-11 3.561059035244291015e-11 -7.866688126405589164e-11 -4.959799476293171791e-11 -2.622609266198370814e-12 7.023458370975498854e-12 2.719064727516066843e-11 2.237305417951040167e-11 8.296810119109802900e-12 7.378260362695371249e-12 1.373163632770254864e-11 4.842979336715236678e-12 6.769656421507851068e-12
9.375524122105064855e-11 -4.948392627012214080e-11 4.460852498133167408e-11 -1.690235438352177432e-10 1.439669184854483774e-10 7.621594990821602149e-10 8.360316111872826734e-11 -2.113415142313819778e-11 4.862572213878085742e-11 2.879694407975641555e-11 4.836926454224149704e-12 -2.820550437918823741e-11 -2.831904791975136553e-11 -6.068894120772018529e-12 -2.233297944716973137e-13 1.308211122371799585e-11 9.366512154293424697e-12 -7.349177348623649896e-12 -9.601529226387795144e-12 9.174595943249415562e-12
-1.525617561777062161e-11 1.352557496480967419e-11 7.184169517016410783e-12 -1.520378633548409018e-10 -8.156085255207128936e-11 8.360316111872826734e-11 4.662632732204664033e-10 6.375499032768262158e-11 2.148553845040999286e-12 2.915564035457385456e-11 4.330489106376341890e-11 -2.893143475032908213e-13 -4.041408822100218571e-12 7.488934717154676142e-12 5.865767719714958339e-12 4.610497340283131437e-12 -2.847442032987309501e-12 6.430407626674523049e-12 -1.990484278620085128e-12 -4.295988643861989652e-12
5.329568915701834374e-11 2.309530430085458033e-10 3.442000987183340640e-11 -5.149870762142762285e-11 5.928619423103804270e-11 -2.113415142313819778e-11 6.375499032768262158e-11 3.922930242356660676e-10 2.607637203122430535e-11 -9.431075860888177459e-12 1.239907240873195257e-11 5.921711763535330865e-12 -1.334581959528389269e-11 4.798440169613695503e-13 -1.067544976432687077e-11 5.477685306811517275e-13 4.479643316795309792e-12 -7.378998842834913171e-12 -2.335099416527324783e-12 -5.661305830759099864e-13
-1.591407125868857076e-10 -9.096479175342130018e-11 3.301307950806529677e-11 -2.430992438089483193e-11 3.561059035244291015e-11 4.862572213878085742e-11 2.148553845040999286e-12 2.607637203122430535e-11 2.337985694013304597e-10 3.693798651739330911e-11 1.273354551307148995e-11 -7.049952035774092731e-12 -1.229171281602889703e-12 -5.199260931258304253e-12 -9.431981755904331368e-12 4.290029851114442468e-12 -2.820604908174735510e-12 1.767171963685134696e-12 2.483685710538466629e-12 5.326445155736145163e-12
-6.574517074936779317e-11 -4.547653461929874945e-12 -1.152742237208100920e-11 -9.155683822400564939e-12 -7.866688126405589164e-11 2.879694407975641555e-11 2.915564035457385456e-11 -9.431075860888177459e-12 3.693798651739330911e-11 1.697190084814978593e-10 2.497472027913565486e-11 2.026081228250612857e-11 -1.231394807387322264e-12 -2.169882531085784945e-12 3.099078825448520397e-12 7.753197699373657878e-12 -1.842513717579559949e-12 5.347240345541500076e-13 -4.891358121768999407e-12 -2.265950082136154288e-12
-2.656060801038274713e-11 6.653846609766974203e-11 9.642257268194639894e-12 -4.970247215140120598e-11 -4.959799476293171791e-11 4.836926454224149704e-12 4.330489106376341890e-11 1.239907240873195257e-11 1.273354551307148995e-11 2.497472027913565486e-11 1.098749596989945567e-10 2.974880161605331421e-11 9.733112658524130371e-12 7.064895285489979407e-12 5.924110393997736870e-12 -1.664740400504597603e-12 -3.742293472865607233e-12 3.497305256078676331e-12 -1.697689862285795896e-12 -9.920275281619176317e-13
-8.525338629211762427e-11 5.948514014902353308e-11 7.343228880174796353e-11 6.995303055169468100e-12 -2.622609266198370814e-12 -2.820550437918823741e-11 -2.893143475032908213e-13 5.921711763535330865e-12 -7.049952035774092731e-12 2.026081228250612857e-11 2.974880161605331421e-11 9.145756052913578008e-11 2.072695237661357573e-11 1.585226906610986115e-11 1.169365244241681422e-11 6.640430758188999043e-12 2.494078882484177477e-12 3.240857848322126284e-12 -3.358135633259126559e-12 -2.941839743475184960e-12
3.760497039134721065e-11 4.810756414842549423e-11 2.087691376251419606e-11 -3.400450530975258724e-11 7.023458370975498854e-12 -2.831904791975136553e-11 -4.041408822100218571e-12 -1.334581959528389269e-11 -1.229171281602889703e-12 -1.231394807387322264e-12 9.733112658524130371e-12 2.072695237661357573e-11 5.872355814116136108e-11 1.742435999200108217e-11 9.165523253660139879e-12 -1.240901221562436287e-12 2.491555769364748392e-13 4.123097762992279489e-12 1.857183908632339438e-13 -2.689033166953778830e-12
-8.866321731440202870e-11 9.205331066279130576e-11 -1.083208705140060182e-11 -2.706967836144870321e-11 2.719064727516066843e-11 -6.068894120772018529e-12 7.488934717154676142e-12 4.798440169613695503e-13 -5.199260931258304253e-12 -2.169882531085784945e-12 7.064895285489979407e-12 1.585226906610986115e-11 1.742435999200108217e-11 5.179865338356281896e-11 2.235601266442521370e-11 1.165983227094863345e-11 8.886549154088136057e-12 4.116394117618550760e-12 -3.021698520695243338e-12 2.600207484127555308e-13
-4.733377467816113214e-12 3.096195722341255345e-11 -1.518384460821008977e-11 1.088061840883952064e-11 2.237305417951040167e-11 -2.233297944716973137e-13 5.865767719714958339e-12 -1.067544976432687077e-11 -9.431981755904331368e-12 3.099078825448520397e-12 5.924110393997736870e-12 1.169365244241681422e-11 9.165523253660139879e-12 2.235601266442521370e-11 3.787334133750900954e-11 1.592609246088655135e-11 4.343871279410289613e-12 3.061298131007129012e-12 5.707040918584742410e-13 1.703284778096995433e-12
-4.576106609055936544e-11 4.160139503757521042e-12 9.541606162451691903e-12 5.256267333868630113e-12 8.296810119109802900e-12 1.308211122371799585e-11 4.610497340283131437e-12 5.477685306811517275e-13 4.290029851114442468e-12 7.753197699373657878e-12 -1.664740400504597603e-12 6.640430758188999043e-12 -1.240901221562436287e-12 1.165983227094863345e-11 1.592609246088655135e-11 2.893215473340356005e-11 1.088311830006200220e-11 3.331885196282425264e-12 1.054535535326681205e-12 1.192777409155119915e-12
-7.961698627791908956e-12 -1.289979862457290625e-11 1.787632335490772338e-11 1.124319286431448602e-11 7.378260362695371249e-12 9.366512154293424697e-12 -2.847442032987309501e-12 4.479643316795309792e-12 -2.820604908174735510e-12 -1.842513717579559949e-12 -3.742293472865607233e-12 2.494078882484177477e-12 2.491555769364748392e-13 8.886549154088136057e-12 4.343871279410289613e-12 1.088311830006200220e-11 2.395196050136910947e-11 7.686558249986301553e-12 1.103182482407011581e-12 2.057529115672607529e-12
6.451689227264015454e-12 -7.406897736536912744e-12 2.705775014989269914e-11 -8.012984681372521815e-12 1.373163632770254864e-11 -7.349177348623649896e-12 6.430407626674523049e-12 -7.378998842834913171e-12 1.767171963685134696e-12 5.347240345541500076e-13 3.497305256078676331e-12 3.240857848322126284e-12 4.123097762992279489e-12 4.116394117618550760e-12 3.061298131007129012e-12 3.331885196282425264e-12 7.686558249986301553e-12 1.596797874630125429e-11 5.675208471237273267e-12 2.925060175639255677e-12
6.926764065714159494e-12 -2.330051952480321653e-11 7.191946204813092256e-12 1.003656614315172497e-11 4.842979336715236678e-12 -9.601529226387795144e-12 -1.990484278620085128e-12 -2.335099416527324783e-12 2.483685710538466629e-12 -4.891358121768999407e-12 -1.697689862285795896e-12 -3.358135633259126559e-12 1.857183908632339438e-13 -3.021698520695243338e-12 5.707040918584742410e-13 1.054535535326681205e-12 1.103182482407011581e-12 5.675208471237273267e-12 1.312932208342496664e-11 5.923412964175082134e-12
1.331847606645513761e-12 -2.408016728045618310e-11 1.298214243860129693e-11 -1.767050440591862268e-12 6.769656421507851068e-12 9.174595943249415562e-12 -4.295988643861989652e-12 -5.661305830759099864e-13 5.326445155736145163e-12 -2.265950082136154288e-12 -9.920275281619176317e-13 -2.941839743475184960e-12 -2.689033166953778830e-12 2.600207484127555308e-13 1.703284778096995433e-12 1.192777409155119915e-12 2.057529115672607529e-12 2.925060175639255677e-12 5.923412964175082134e-12 1.167301475663765153e-11
