7.414982301028416159e-09 -7.616405147628470724e-11 -2.143003507468227441e-11 1.031408257537602184e-09 -2.505758986660798724e-10 1.284336827895910783e-10 8.147766819511055547e-12 -3.364280160187797919e-11 4.470809046412738643e-11 1.986174455680447531e-12 -6.914067116476066435e-11 -3.140743175365813860e-11 2.431327952267749667e-11 1.113674532818485771e-11 -3.074261517831707520e-11 1.591938864068357393e-11 5.980810742942740045e-11 -1.794928560470641094e-12 5.203499342358281359e-13 -2.141211211493469560e-11
-7.616405147628470724e-11 5.417155296348615176e-09 4.126131653721834757e-10 -4.484342090370679433e-10 2.026369939209939060e-10 -6.387126559917117332e-12 -3.738762665996075180e-11 1.507837793021605076e-10 8.094813972229005320e-12 1.030934743065225471e-10 6.602449939134171604e-12 -4.378165146358755771e-11 2.160931056186484409e-11 -3.504922560959369564e-11 -5.615413281132639910e-11 -4.986112611727914725e-11 2.308859015343425999e-11 4.099951636479891475e-12 -3.327467224217139396e-11 2.475503330374421292e-11
-2.143003507468227441e-11 4.126131653721834757e-10 3.346645786680604314e-09 -3.714486888422642707e-13 -6.803775182110697987e-11 7.114787715285998215e-11 -5.499118791624365554e-11 6.908842690583050585e-12 -1.318709603631984223e-11 -3.737618183235649021e-12 1.311318516701221553e-10 5.762439218834651742e-11 -9.727677363057425724e-12 -2.510946318253792783e-11 -1.655932488999650435e-11 -9.776055956557392247e-12 -1.836253653976742429e-11 7.422463692025305978e-12 1.432612973915097285e-11 4.602578856614803926e-12
1.031408257537602184e-09 -4.484342090370679433e-10 -3.714486888422642707e-13 2.174948927012804527e-09 1.296142840330654561e-10 1.103373404406659372e-10 -1.357936099897167558e-10 7.227835038110941696e-11 -2.312700783097451148e-11 2.356531939542143420e-11 -2.555310682003788016e-11 3.532557882558321922e-11 -2.796829314812518219e-11 9.084254377564864423e-12 -1.874812509710600523e-11 1.549054689815088166e-11 -1.514241444209277539e-11 -2.048153379425788510e-12 1.187689816856112813e-11 -2.320570482739118318e-11
-2.505758986660798724e-10 2.026369939209939060e-10 -6.803775182110697987e-11 1.296142840330654561e-10 1.333715893283772940e-09 6.945349797017483305e-11 -9.791456442306375284e-12 -1.375610820152869137e-11 2.006593057732188854e-11 7.429162044243335839e-11 6.011749261610913728e-11 9.543648586977839031e-12 6.009472939915132643e-12 -2.048127173903770394e-11 -2.533599859580048186e-11 -7.079660912773502613e-12 -1.257192416023955489e-11 1.099653347993168371e-11 1.874713822123970945e-11 -4.087943375377231494e-12
1.284336827895910783e-10 -6.387126559917117332e-12 7.114787715285998215e-11 1.103373404406659372e-10 6.945349797017483305e-11 1.120472735844695172e-09 1.534152043922395556e-10 6.041015734904548853e-11 -8.311034512004534564e-11 3.295115215175010842e-11 3.312127548700702239e-11 -3.192131536173794783e-11 2.770202419216348872e-11 1.067130596949090987e-11 -2.872247655376336345e-11 -1.058816274071459547e-11 4.095521091188107266e-12 1.197603829406623215e-11 -3.136221095200661703e-12 -6.388382846150631329e-12
8.147766819511055547e-12 -3.738762665996075180e-11 -5.499118791624365554e-11 -1.357936099897167558e-10 -9.791456442306375284e-12 1.534152043922395556e-10 6.240503715100981603e-10 9.134451536098166472e-11 1.056384541262393961e-11 -1.482580397584994824e-11 1.442189379078569894e-11 -1.957000446714320284e-11 -1.897675922214422474e-11 -7.990881111017301987e-12 -1.412590368256430369e-11 -2.027283321318380695e-11 -2.543350897017034782e-11 -1.062395595211065027e-11 -1.377155794648968698e-11 2.986700906648874029e-12
-3.364280160187797919e-11 1.507837793021605076e-10 6.908842690583050585e-12 7.227835038110941696e-11 -1.375610820152869137e-11 6.041015734904548853e-11 9.134451536098166472e-11 4.676077133958223305e-10 -3.839497381394076698e-12 2.746312642105225618e-12 -7.648353709419902458e-12 -1.255183024644381280e-11 -1.660569122719023330e-11 6.039953796779146203e-12 1.211860556134078075e-11 -2.002094457567530242e-12 -2.413909770001403571e-11 -1.412202402121596206e-11 -1.167937899245943334e-11 -2.990792716841555161e-12
4.470809046412738643e-11 8.094813972229005320e-12 -1.318709603631984223e-11 -2.312700783097451148e-11 2.006593057732188854e-11 -8.311034512004534564e-11 1.056384541262393961e-11 -3.839497381394076698e-12 2.612509498117627942e-10 2.070751377695009025e-11 -1.240730946897350867e-11 -8.019751426626392834e-13 -9.061227279329458071e-13 -6.246538536992114458e-12 -1.006842626673589014e-12 6.058903878040751856e-13 1.687199926559241995e-12 4.203360703065639972e-12 1.028689858031623942e-11 1.145239551843687335e-11
1.986174455680447531e-12 1.030934743065225471e-10 -3.737618183235649021e-12 2.356531939542143420e-11 7.429162044243335839e-11 3.295115215175010842e-11 -1.482580397584994824e-11 2.746312642105225618e-12 2.070751377695009025e-11 1.839497360146334953e-10 2.784179679238781320e-11 1.464274743601423874e-11 1.907767824352890402e-11 7.120307897938750307e-12 -1.077418253474177906e-11 -1.964615487836458525e-12 1.545756303957292790e-12 -6.840822434558491741e-12 -6.239507008947406519e-12 1.256686496719272816e-12
-6.914067116476066435e-11 6.602449939134171604e-12 1.311318516701221553e-10 -2.555310682003788016e-11 6.011749261610913728e-11 3.312127548700702239e-11 1.442189379078569894e-11 -7.648353709419902458e-12 -1.240730946897350867e-11 2.784179679238781320e-11 1.712620067379943541e-10 2.355064355047609448e-11 1.409214616675554465e-11 1.126719411270819155e-11 1.381947764684911865e-12 3.861558582605151000e-12 7.715767314583324462e-13 4.280981726490762820e-12 3.070387842762102772e-12 -7.198518361796222952e-13
-3.140743175365813860e-11 -4.378165146358755771e-11 5.762439218834651742e-11 3.532557882558321922e-11 9.543648586977839031e-12 -3.192131536173794783e-11 -1.957000446714320284e-11 -1.255183024644381280e-11 -8.019751426626392834e-13 1.464274743601423874e-11 2.355064355047609448e-11 8.972607076491168670e-11 2.128272339808761816e-11 1.643499312576449039e-11 9.724150185729492628e-12 1.072203569428330972e-11 -2.937702960174936447e-13 -4.423549324851055470e-12 5.518948643160598397e-14 -1.834645572961544175e-12
2.431327952267749667e-11 2.160931056186484409e-11 -9.727677363057425724e-12 -2.796829314812518219e-11 6.009472939915132643e-12 2.770202419216348872e-11 -1.897675922214422474e-11 -1.660569122719023330e-11 -9.061227279329458071e-13 1.907767824352890402e-11 1.409214616675554465e-11 2.128272339808761816e-11 8.420077241490073852e-11 2.748158850366324141e-11 9.700594788122192397e-12 5.632332912907412057e-12 9.777967099335013157e-12 3.832396243398597035e-12 3.922490681173107716e-12 2.207877374546916846e-12
1.113674532818485771e-11 -3.504922560959369564e-11 -2.510946318253792783e-11 9.084254377564864423e-12 -2.048127173903770394e-11 1.067130596949090987e-11 -7.990881111017301987e-12 6.039953796779146203e-12 -6.246538536992114458e-12 7.120307897938750307e-12 1.126719411270819155e-11 1.643499312576449039e-11 2.748158850366324141e-11 5.376424672601452912e-11 2.168423581137715090e-11 9.524453305936261827e-12 4.536814622667464749e-12 3.089715694970538137e-12 4.790713436546796175e-12 1.150602356427523048e-12
-3.074261517831707520e-11 -5.615413281132639910e-11 -1.655932488999650435e-11 -1.874812509710600523e-11 -2.533599859580048186e-11 -2.872247655376336345e-11 -1.412590368256430369e-11 1.211860556134078075e-11 -1.006842626673589014e-12 -1.077418253474177906e-11 1.381947764684911865e-12 9.724150185729492628e-12 9.700594788122192397e-12 2.168423581137715090e-11 5.820880806003260256e-11 2.064952543316322347e-11 8.485187385053245613e-12 4.879671962367365415e-12 2.962103388951952802e-12 -8.736445811842799555e-13
1.591938864068357393e-11 -4.986112611727914725e-11 -9.776055956557392247e-12 1.549054689815088166e-11 -7.079660912773502613e-12 -1.058816274071459547e-11 -2.027283321318380695e-11 -2.002094457567530242e-12 6.058903878040751856e-13 -1.964615487836458525e-12 3.861558582605151000e-12 1.072203569428330972e-11 5.632332912907412057e-12 9.524453305936261827e-12 2.064952543316322347e-11 3.265357725044607685e-11 1.351307987664598960e-11 5.529524711991826704e-12 3.044374421653795940e-12 -1.438156544554182555e-12
5.980810742942740045e-11 2.308859015343425999e-11 -1.836253653976742429e-11 -1.514241444209277539e-11 -1.257192416023955489e-11 4.095521091188107266e-12 -2.543350897017034782e-11 -2.413909770001403571e-11 1.687199926559241995e-12 1.545756303957292790e-12 7.715767314583324462e-13 -2.937702960174936447e-13 9.777967099335013157e-12 4.536814622667464749e-12 8.485187385053245613e-12 1.351307987664598960e-11 2.792620169911116097e-11 1.177066996442466707e-11 3.905178019003804290e-12 -1.829719652104045846e-14
-1.794928560470641094e-12 4.099951636479891475e-12 7.422463692025305978e-12 -2.048153379425788510e-12 1.099653347993168371e-11 1.197603829406623215e-11 -1.062395595211065027e-11 -1.412202402121596206e-11 4.203360703065639972e-12 -6.840822434558491741e-12 4.280981726490762820e-12 -4.423549324851055470e-12 3.832396243398597035e-12 3.089715694970538137e-12 4.879671962367365415e-12 5.529524711991826704e-12 1.177066996442466707e-11 2.025406488105382735e-11 8.263611653918944159e-12 1.668020248574311137e-12
5.203499342358281359e-13 -3.327467224217139396e-11 1.432612973915097285e-11 1.187689816856112813e-11 1.874713822123970945e-11 -3.136221095200661703e-12 -1.377155794648968698e-11 -1.167937899245943334e-11 1.028689858031623942e-11 -6.239507008947406519e-12 3.070387842762102772e-12 5.518948643160598397e-14 3.922490681173107716e-12 4.790713436546796175e-12 2.962103388951952802e-12 3.044374421653795940e-12 3.905178019003804290e-12 8.263611653918944159e-12 1.515185358827018912e-11 3.928835896918596016e-12
-2.141211211493469560e-11 2.475503330374421292e-11 4.602578856614803926e-12 -2.320570482739118318e-11 -4.087943375377231494e-12 -6.388382846150631329e-12 2.986700906648874029e-12 -2.990792716841555161e-12 1.145239551843687335e-11 1.256686496719272816e-12 -7.198518361796222952e-13 -1.834645572961544175e-12 2.207877374546916846e-12 1.150602356427523048e-12 -8.736445811842799555e-13 -1.438156544554182555e-12 -1.829719652104045846e-14 1.668020248574311137e-12 3.928835896918596016e-12 1.268582831316905231e-11
