1.497627511843148449e-08 -2.287468350212428514e-10 6.904674140967412684e-10 3.104773220434132711e-10 -1.429577834873967724e-10 8.186855536693459219e-10 1.065850535138318376e-10 -3.268469156854996410e-11 7.100574161825558494e-11 -3.237464927478314617e-10 2.594190891910955285e-10 4.371246650167520456e-11 6.296909233246678688e-11 1.856702928096104991e-10 2.015038552353184712e-10 1.114039100441512236e-10 4.068996313607562630e-11 5.158574951550139548e-11 -1.155503748921916324e-10 2.169131731392439913e-11
-2.287468350212428514e-10 1.105996526750774662e-08 2.293899750933561087e-10 -6.048591103820654021e-10 5.640368504376411793e-10 1.783561862861057994e-10 1.717107001853006430e-10 -4.503257398424513359e-10 -1.515529199265856155e-10 2.324134755053124657e-11 -3.341369740942605852e-11 -5.504153280293514461e-11 1.024602367304204218e-11 6.231242003439931911e-12 -1.137090794695912147e-10 -7.847772072692925516e-11 7.065769134233113581e-11 -1.806713832879929583e-11 4.855004201128569173e-11 2.771215000702544933e-11
6.904674140967412684e-10 2.293899750933561087e-10 6.685513050513851778e-09 -9.417602416680170431e-10 -4.140900303765697276e-10 2.446899418020840516e-10 1.726574897488291532e-10 1.277615433293419340e-10 -1.086169879590315683e-10 5.628642221853824485e-11 -1.330643316253340445e-10 -5.700893400589392419e-11 7.957327738365327743e-12 5.512885299486600803e-12 1.935521442660013648e-11 9.969253931236590024e-12 -3.309145049049974040e-12 -2.083437413013906935e-12 1.153790638675765548e-11 -3.007573256147917450e-11
3.104773220434132711e-10 -6.048591103820654021e-10 -9.417602416680170431e-10 4.794808790800775039e-09 7.616482464322273416e-10 4.416494222704454706e-10 9.662515726186340602e-11 9.101944214189082754e-11 1.439653503437806173e-10 5.624054578560075928e-11 1.404260484694705635e-10 1.412871797446261691e-10 7.164752535911693984e-11 -6.143744109202634989e-11 -7.084489910822563775e-11 -1.777198771965985443e-11 3.619924078653395563e-12 -3.025100785419041694e-11 -2.421733955486673534e-11 -6.093777694885737552e-12
-1.429577834873967724e-10 5.640368504376411793e-10 -4.140900303765697276e-10 7.616482464322273416e-10 3.136403096394960983e-09 2.662839181825515074e-10 1.020494829704846492e-10 2.254783481114187042e-11 -1.677600275873982918e-10 -6.913836180041030509e-11 2.489655104235387561e-11 -6.507989729910495044e-11 -1.251133826272380132e-11 9.674391683457118913e-12 2.105614823303468629e-12 1.760308331681036713e-11 2.448440739229195340e-11 8.067331725369815472e-12 2.089437441158007952e-11 2.229198250708017039e-11
8.186855536693459219e-10 1.783561862861057994e-10 2.446899418020840516e-10 4.416494222704454706e-10 2.662839181825515074e-10 1.904749860701602044e-09 4.839722496187817465e-10 9.176284492291796864e-11 -5.072833064526553459e-11 -1.682410691640585004e-10 -1.207309662307080962e-11 -3.173558349056667555e-11 8.872493766336712929e-12 -2.408694148779013522e-11 -1.767529600880788311e-11 -8.406266054249917901e-12 1.653456615251171868e-11 -3.044259602863464018e-11 1.640102734578005907e-12 4.864619177076305585e-12
1.065850535138318376e-10 1.717107001853006430e-10 1.726574897488291532e-10 9.662515726186340602e-11 1.020494829704846492e-10 4.839722496187817465e-10 1.506688729903233334e-09 2.134427798940540260e-10 -6.236109957684497533e-12 4.082177847746143191e-11 3.417065857249745524e-11 -9.731568932471553239e-11 -1.473573571844066196e-10 -2.334730236884830286e-11 -2.075732830127863402e-11 3.043208539304812897e-11 8.024280787836735074e-12 -2.441941345532624547e-11 3.796014714957595440e-15 -1.201222062788503052e-11
-3.268469156854996410e-11 -4.503257398424513359e-10 1.277615433293419340e-10 9.101944214189082754e-11 2.254783481114187042e-11 9.176284492291796864e-11 2.134427798940540260e-10 9.465336609662271984e-10 5.308696788943977804e-12 1.178380663819257406e-10 6.959563170269395212e-11 -5.129239868346699558e-11 -9.059174087817473693e-11 2.951835927364992717e-11 4.302632785470700389e-11 1.743041401982499062e-11 2.961404720988430286e-12 6.418547632518866378e-12 1.128727546103456649e-11 -5.035345397745970915e-12
7.100574161825558494e-11 -1.515529199265856155e-10 -1.086169879590315683e-10 1.439653503437806173e-10 -1.677600275873982918e-10 -5.072833064526553459e-11 -6.236109957684497533e-12 5.308696788943977804e-12 5.833858843482088295e-10 -4.920525017351204857e-12 4.506508950932813343e-11 3.155649581764155748e-11 1.446516849015505204e-11 2.246905318352485683e-11 2.169326613856305261e-12 -1.168742369774063008e-12 2.879192935780421533e-11 -5.873908108073926260e-12 3.242889376396413929e-12 -1.415829129241917018e-12
-3.237464927478314617e-10 2.324134755053124657e-11 5.628642221853824485e-11 5.624054578560075928e-11 -6.913836180041030509e-11 -1.682410691640585004e-10 4.082177847746143191e-11 1.178380663819257406e-10 -4.920525017351204857e-12 3.620772343310728342e-10 4.987889736369503964e-11 1.643782478526384027e-11 -5.058971734598148219e-12 -3.830007349773608421e-12 -7.531186685710717103e-12 -2.793385133503930139e-12 -2.284445178625426467e-12 1.097116273954234754e-11 4.873930742765478405e-12 -5.018173093645569843e-13
2.594190891910955285e-10 -3.341369740942605852e-11 -1.330643316253340445e-10 1.404260484694705635e-10 2.489655104235387561e-11 -1.207309662307080962e-11 3.417065857249745524e-11 6.959563170269395212e-11 4.506508950932813343e-11 4.987889736369503964e-11 2.068666832293226773e-10 3.994785634033627519e-11 1.394162087016811353e-11 1.083665097827962051e-11 7.426593917572686722e-12 2.893647525093762295e-12 7.216940280705848952e-12 -6.075434777590886818e-12 -3.523756301659192443e-12 3.616416697579329211e-12
4.371246650167520456e-11 -5.504153280293514461e-11 -5.700893400589392419e-11 1.412871797446261691e-10 -6.507989729910495044e-11 -3.173558349056667555e-11 -9.731568932471553239e-11 -5.129239868346699558e-11 3.155649581764155748e-11 1.643782478526384027e-11 3.994785634033627519e-11 1.908790561352494735e-10 6.741888139290035282e-11 3.098574711132704786e-11 1.215987167103377329e-11 -1.685618786205883149e-11 -1.525813791077912814e-11 -1.165078525213519304e-12 -1.392794906232991069e-12 2.294373466935502010e-12
6.296909233246678688e-11 1.024602367304204218e-11 7.957327738365327743e-12 7.164752535911693984e-11 -1.251133826272380132e-11 8.872493766336712929e-12 -1.473573571844066196e-10 -9.059174087817473693e-11 1.446516849015505204e-11 -5.058971734598148219e-12 1.394162087016811353e-11 6.741888139290035282e-11 1.818065499342294500e-10 5.442248840057068329e-11 9.598540226954567346e-12 2.222576536348751619e-12 2.798326513596204404e-12 2.326076549261572220e-12 2.045397555891817619e-12 9.137493814592337863e-12
1.856702928096104991e-10 6.231242003439931911e-12 5.512885299486600803e-12 -6.143744109202634989e-11 9.674391683457118913e-12 -2.408694148779013522e-11 -2.334730236884830286e-11 2.951835927364992717e-11 2.246905318352485683e-11 -3.830007349773608421e-12 1.083665097827962051e-11 3.098574711132704786e-11 5.442248840057068329e-11 1.013862013331547167e-10 3.857233784907035842e-11 1.914477954383610138e-11 2.557343901857479823e-13 -8.357451958132877357e-13 -4.858090486885712605e-13 3.731906577968521846e-12
2.015038552353184712e-10 -1.137090794695912147e-10 1.935521442660013648e-11 -7.084489910822563775e-11 2.105614823303468629e-12 -1.767529600880788311e-11 -2.075732830127863402e-11 4.302632785470700389e-11 2.169326613856305261e-12 -7.531186685710717103e-12 7.426593917572686722e-12 1.215987167103377329e-11 9.598540226954567346e-12 3.857233784907035842e-11 7.875281852008282850e-11 2.319358781741411914e-11 9.306695602663305287e-12 3.036045032571619678e-12 -2.360736595400416111e-12 -1.003415644001909302e-12
1.114039100441512236e-10 -7.847772072692925516e-11 9.969253931236590024e-12 -1.777198771965985443e-11 1.760308331681036713e-11 -8.406266054249917901e-12 3.043208539304812897e-11 1.743041401982499062e-11 -1.168742369774063008e-12 -2.793385133503930139e-12 2.893647525093762295e-12 -1.685618786205883149e-11 2.222576536348751619e-12 1.914477954383610138e-11 2.319358781741411914e-11 5.616663389816241542e-11 2.191833803086360523e-11 7.063069531741739937e-12 7.079718520160287814e-12 1.546033881262176928e-12
4.068996313607562630e-11 7.065769134233113581e-11 -3.309145049049974040e-12 3.619924078653395563e-12 2.448440739229195340e-11 1.653456615251171868e-11 8.024280787836735074e-12 2.961404720988430286e-12 2.879192935780421533e-11 -2.284445178625426467e-12 7.216940280705848952e-12 -1.525813791077912814e-11 2.798326513596204404e-12 2.557343901857479823e-13 9.306695602663305287e-12 2.191833803086360523e-11 5.100663331959898985e-11 1.205491848597278793e-11 9.461759423017415220e-12 2.834592188119936722e-12
5.158574951550139548e-11 -1.806713832879929583e-11 -2.083437413013906935e-12 -3.025100785419041694e-11 8.067331725369815472e-12 -3.044259602863464018e-11 -2.441941345532624547e-11 6.418547632518866378e-12 -5.873908108073926260e-12 1.097116273954234754e-11 -6.075434777590886818e-12 -1.165078525213519304e-12 2.326076549261572220e-12 -8.357451958132877357e-13 3.036045032571619678e-12 7.063069531741739937e-12 1.205491848597278793e-11 2.913642894709862914e-11 9.037109057400520295e-12 1.972171021409264954e-12
-1.155503748921916324e-10 4.855004201128569173e-11 1.153790638675765548e-11 -2.421733955486673534e-11 2.089437441158007952e-11 1.640102734578005907e-12 3.796014714957595440e-15 1.128727546103456649e-11 3.242889376396413929e-12 4.873930742765478405e-12 -3.523756301659192443e-12 -1.392794906232991069e-12 2.045397555891817619e-12 -4.858090486885712605e-13 -2.360736595400416111e-12 7.079718520160287814e-12 9.461759423017415220e-12 9.037109057400520295e-12 2.126490270290626267e-11 5.135956701293237891e-12
2.169131731392439913e-11 2.771215000702544933e-11 -3.007573256147917450e-11 -6.093777694885737552e-12 2.229198250708017039e-11 4.864619177076305585e-12 -1.201222062788503052e-11 -5.035345397745970915e-12 -1.415829129241917018e-12 -5.018173093645569843e-13 3.616416697579329211e-12 2.294373466935502010e-12 9.137493814592337863e-12 3.731906577968521846e-12 -1.003415644001909302e-12 1.546033881262176928e-12 2.834592188119936722e-12 1.972171021409264954e-12 5.135956701293237891e-12 1.451234706828565903e-11
