2.451949771827750294e-11 1.793462807591107804e-11 1.070632491488702067e-11 8.368782804493543376e-12 6.988585581827143346e-12 6.417559585275238102e-12 6.145214378567135134e-12 5.743182933167364721e-12 5.459822597362736505e-12 4.171121226799343613e-12 2.329400783363595904e-12 1.638628426561408980e-12 1.083927057507581228e-12 5.183342571340504984e-13 1.228799333260859300e-12 8.249382765084342569e-13 3.779419675025180621e-13 1.208028767371983893e-12 1.116761500877121477e-12 8.845398809405091595e-13
1.793462807591107804e-11 2.606421123626165890e-11 1.595515815645254574e-11 1.163596599805817802e-11 8.409664045979141129e-12 7.763639067335876474e-12 5.630905810731992611e-12 5.567902718380336183e-12 6.232691846599695195e-12 5.091623386665816629e-12 3.335637634869876210e-12 1.587190678740901511e-12 2.222238640118720585e-12 1.448889961853727662e-12 4.388047383027648164e-13 3.026994187535802727e-13 3.919839672018286220e-13 1.656432682433394325e-12 9.363983142177418834e-13 1.413820945993078014e-12
1.070632491488702067e-11 1.595515815645254574e-11 1.794532282958734711e-11 1.345108720048208655e-11 8.931920878701099968e-12 6.361918529558788219e-12 4.886108434452857237e-12 4.889274647413072692e-12 4.672744897318959547e-12 4.075894577568143496e-12 2.379248087157250051e-12 2.561213619585412249e-13 7.355552691148830231e-13 -3.340078494414953935e-13 -1.271443671783555226e-12 -6.495566583604027992e-13 1.149929158204268113e-13 1.810246926139739297e-12 1.573016014251525883e-12 1.788474375662677343e-12
8.368782804493543376e-12 1.163596599805817802e-11 1.345108720048208655e-11 1.786762919258182833e-11 1.295250621968492790e-11 7.117717223996365871e-12 6.150571501469533787e-12 5.313323902300105800e-12 4.548170783474106351e-12 2.652144258791934382e-12 1.750830618230237423e-12 4.314282279933753873e-13 7.118777578986243854e-13 -3.899911070366206106e-13 -9.475784486319539357e-13 4.417098291483917966e-13 8.671676951861102578e-13 1.995889966110506724e-12 1.857194099688149304e-12 1.891702001816039543e-12
6.988585581827143346e-12 8.409664045979141129e-12 8.931920878701099968e-12 1.295250621968492790e-11 1.490300514699303323e-11 8.998074614203910560e-12 6.405614592369836861e-12 4.964218940335147229e-12 3.810120251963498238e-12 2.395467459019604695e-12 1.550277265711069870e-12 1.284785808934772424e-12 1.472313187588691529e-12 1.051945022435314527e-12 9.546789282708729926e-13 2.285145010762250811e-12 2.340618317706092226e-12 2.454486482458948056e-12 1.638435223078521944e-12 6.376420057037770019e-13
6.417559585275238102e-12 7.763639067335876474e-12 6.361918529558788219e-12 7.117717223996365871e-12 8.998074614203910560e-12 1.174061436103087724e-11 7.414622766090184532e-12 5.190382890083343612e-12 4.148645446237752249e-12 3.358479629797600528e-12 2.374202876411554801e-12 1.804018250087485478e-12 1.822694464329707291e-12 1.673192071867406485e-12 1.013643783554476388e-12 1.604121377193849209e-12 2.296329778692851760e-12 1.705210582440312794e-12 6.019120891718373345e-13 -7.651831703774630825e-15
6.145214378567135134e-12 5.630905810731992611e-12 4.886108434452857237e-12 6.150571501469533787e-12 6.405614592369836861e-12 7.414622766090184532e-12 1.042072959582633010e-11 7.695418514145114705e-12 5.826823518105568361e-12 4.188157862070145352e-12 3.246550747576812123e-12 2.095462028666226434e-12 2.442612771378754554e-12 2.207932282892496927e-12 2.772976534580060702e-12 3.574880429474695777e-12 3.214469330609132886e-12 2.777121688558262432e-12 1.648091953666813918e-12 1.725952597032617000e-12
5.743182933167364721e-12 5.567902718380336183e-12 4.889274647413072692e-12 5.313323902300105800e-12 4.964218940335147229e-12 5.190382890083343612e-12 7.695418514145114705e-12 1.116495455444289269e-11 8.600036759221488550e-12 5.478425528265635503e-12 4.154655856454578387e-12 2.397297359660370126e-12 2.456750626919486309e-12 1.827449772153830370e-12 2.406308772697245671e-12 3.363521390879376704e-12 2.978411783857165497e-12 3.334904623274725103e-12 3.307949122193243457e-12 4.039220779407784438e-12
5.459822597362736505e-12 6.232691846599695195e-12 4.672744897318959547e-12 4.548170783474106351e-12 3.810120251963498238e-12 4.148645446237752249e-12 5.826823518105568361e-12 8.600036759221488550e-12 1.108972223075415369e-11 8.094732480299861292e-12 6.214426024832546347e-12 3.950813438102171906e-12 3.617624394305566084e-12 2.182158568239488850e-12 1.674346056481649522e-12 2.317152592708362474e-12 2.991414241957730136e-12 3.821102071315453947e-12 3.850468122867183027e-12 4.139715469374320691e-12
4.171121226799343613e-12 5.091623386665816629e-12 4.075894577568143496e-12 2.652144258791934382e-12 2.395467459019604695e-12 3.358479629797600528e-12 4.188157862070145352e-12 5.478425528265635503e-12 8.094732480299861292e-12 1.132791649331473483e-11 8.990763070355123689e-12 5.922460016777154045e-12 5.101660970908502613e-12 4.194143109109926193e-12 3.678955648885075463e-12 3.512386967250427984e-12 3.946447122779602442e-12 4.301023612495833249e-12 3.285058835112334150e-12 3.791593652738219546e-12
2.329400783363595904e-12 3.335637634869876210e-12 2.379248087157250051e-12 1.750830618230237423e-12 1.550277265711069870e-12 2.374202876411554801e-12 3.246550747576812123e-12 4.154655856454578387e-12 6.214426024832546347e-12 8.990763070355123689e-12 1.027156310198143490e-11 8.076264514786719337e-12 6.645774251848451698e-12 5.566867089959282704e-12 4.143596336611468416e-12 3.822889670751417303e-12 3.998895022739020754e-12 4.359050662680108954e-12 3.572695806235117328e-12 3.292691018545130789e-12
1.638628426561408980e-12 1.587190678740901511e-12 2.561213619585412249e-13 4.314282279933753873e-13 1.284785808934772424e-12 1.804018250087485478e-12 2.095462028666226434e-12 2.397297359660370126e-12 3.950813438102171906e-12 5.922460016777154045e-12 8.076264514786719337e-12 1.107823102220369123e-11 9.444535540591241715e-12 6.971318617043586209e-12 4.973944478541906469e-12 4.509793560093861601e-12 4.156181782169886421e-12 4.016420592836598435e-12 3.704838656618557860e-12 2.926468508407874198e-12
1.083927057507581228e-12 2.222238640118720585e-12 7.355552691148830231e-13 7.118777578986243854e-13 1.472313187588691529e-12 1.822694464329707291e-12 2.442612771378754554e-12 2.456750626919486309e-12 3.617624394305566084e-12 5.101660970908502613e-12 6.645774251848451698e-12 9.444535540591241715e-12 1.228388346685113556e-11 1.016394253304993659e-11 8.223747572796432233e-12 7.265451066415226091e-12 5.574391120775486711e-12 5.391093344321388654e-12 4.747144786306210196e-12 3.257888143253518264e-12
5.183342571340504984e-13 1.448889961853727662e-12 -3.340078494414953935e-13 -3.899911070366206106e-13 1.051945022435314527e-12 1.673192071867406485e-12 2.207932282892496927e-12 1.827449772153830370e-12 2.182158568239488850e-12 4.194143109109926193e-12 5.566867089959282704e-12 6.971318617043586209e-12 1.016394253304993659e-11 1.376129976445745971e-11 1.206335712731436892e-11 9.389010982523822759e-12 6.966439452733104139e-12 5.687345514196956815e-12 4.168131663806254384e-12 3.008469918715538473e-12
1.228799333260859300e-12 4.388047383027648164e-13 -1.271443671783555226e-12 -9.475784486319539357e-13 9.546789282708729926e-13 1.013643783554476388e-12 2.772976534580060702e-12 2.406308772697245671e-12 1.674346056481649522e-12 3.678955648885075463e-12 4.143596336611468416e-12 4.973944478541906469e-12 8.223747572796432233e-12 1.206335712731436892e-11 1.696890026181751649e-11 1.547882832085161414e-11 1.101761817162396595e-11 8.038729447107135033e-12 5.602942849724824701e-12 3.374555767243925332e-12
8.249382765084342569e-13 3.026994187535802727e-13 -6.495566583604027992e-13 4.417098291483917966e-13 2.285145010762250811e-12 1.604121377193849209e-12 3.574880429474695777e-12 3.363521390879376704e-12 2.317152592708362474e-12 3.512386967250427984e-12 3.822889670751417303e-12 4.509793560093861601e-12 7.265451066415226091e-12 9.389010982523822759e-12 1.547882832085161414e-11 1.883319859681938651e-11 1.523804432324210714e-11 1.079850211425121576e-11 6.363757812820397875e-12 3.216109930759314558e-12
3.779419675025180621e-13 3.919839672018286220e-13 1.149929158204268113e-13 8.671676951861102578e-13 2.340618317706092226e-12 2.296329778692851760e-12 3.214469330609132886e-12 2.978411783857165497e-12 2.991414241957730136e-12 3.946447122779602442e-12 3.998895022739020754e-12 4.156181782169886421e-12 5.574391120775486711e-12 6.966439452733104139e-12 1.101761817162396595e-11 1.523804432324210714e-11 1.862547604398005300e-11 1.585668889830682806e-11 1.009394129481659835e-11 5.687357011438263604e-12
1.208028767371983893e-12 1.656432682433394325e-12 1.810246926139739297e-12 1.995889966110506724e-12 2.454486482458948056e-12 1.705210582440312794e-12 2.777121688558262432e-12 3.334904623274725103e-12 3.821102071315453947e-12 4.301023612495833249e-12 4.359050662680108954e-12 4.016420592836598435e-12 5.391093344321388654e-12 5.687345514196956815e-12 8.038729447107135033e-12 1.079850211425121576e-11 1.585668889830682806e-11 1.909742495077997846e-11 1.430235141788203929e-11 9.130784440979894848e-12
1.116761500877121477e-12 9.363983142177418834e-13 1.573016014251525883e-12 1.857194099688149304e-12 1.638435223078521944e-12 6.019120891718373345e-13 1.648091953666813918e-12 3.307949122193243457e-12 3.850468122867183027e-12 3.285058835112334150e-12 3.572695806235117328e-12 3.704838656618557860e-12 4.747144786306210196e-12 4.168131663806254384e-12 5.602942849724824701e-12 6.363757812820397875e-12 1.009394129481659835e-11 1.430235141788203929e-11 1.687812542122900666e-11 1.282576580975225685e-11
8.845398809405091595e-13 1.413820945993078014e-12 1.788474375662677343e-12 1.891702001816039543e-12 6.376420057037770019e-13 -7.651831703774630825e-15 1.725952597032617000e-12 4.039220779407784438e-12 4.139715469374320691e-12 3.791593652738219546e-12 3.292691018545130789e-12 2.926468508407874198e-12 3.257888143253518264e-12 3.008469918715538473e-12 3.374555767243925332e-12 3.216109930759314558e-12 5.687357011438263604e-12 9.130784440979894848e-12 1.282576580975225685e-11 1.549425778566839008e-11
