4.981265918693506205e-07 3.958151596752904217e-07 3.760802866373660829e-07 3.706295836706704705e-07 3.375260952792676642e-07 3.297424898875202380e-07 3.231316815383055503e-07 3.044784489367098265e-07 2.955856157923322911e-07 2.739142586309622901e-07 2.651715270722224414e-07 2.531174869883954591e-07 2.395492057742284263e-07 2.189612626198108487e-07 1.954229303582293974e-07 1.858604483239874109e-07 1.803204106136810027e-07 1.778485984076187414e-07 1.743793964805166920e-07 1.693150390479636776e-07
3.958151596752904217e-07 4.235061711612701950e-07 3.716777898572780525e-07 3.640654378968621700e-07 3.372275949939360056e-07 3.214665120266070312e-07 3.105186060317692176e-07 2.989583031648238335e-07 2.918428505832411191e-07 2.713539893054241151e-07 2.624357700471111993e-07 2.444337928363834304e-07 2.323230065964069663e-07 2.148405387631175019e-07 1.967871074229736230e-07 1.875248568254850780e-07 1.821739144014921145e-07 1.743685276600943864e-07 1.642036910246769251e-07 1.588260336477943698e-07
3.760802866373660829e-07 3.716777898572780525e-07 4.065639085731285357e-07 3.633190402075351012e-07 3.393106484037224324e-07 3.271691264996471498e-07 3.160248171012003702e-07 3.050453178907919941e-07 2.921732976354557080e-07 2.726726951419060779e-07 2.625142105365709254e-07 2.477609055518770545e-07 2.339912272651491027e-07 2.175457031463460009e-07 1.928610621919857438e-07 1.804524952405664121e-07 1.747149627971432965e-07 1.686246375832941741e-07 1.596536871613928216e-07 1.544775010780397445e-07
3.706295836706704705e-07 3.640654378968621700e-07 3.633190402075351012e-07 3.757259666096272092e-07 3.404265531595761647e-07 3.231982223174370233e-07 3.136702555843875129e-07 2.992583516464277998e-07 2.924690868836248674e-07 2.750633996871471910e-07 2.659482259078283027e-07 2.492332759563864202e-07 2.370238170910232094e-07 2.199263835653877356e-07 1.971206392301225161e-07 1.887096089252181194e-07 1.802206651120968286e-07 1.727875599443085007e-07 1.642632248206751730e-07 1.565729538187674546e-07
3.375260952792676642e-07 3.372275949939360056e-07 3.393106484037224324e-07 3.404265531595761647e-07 3.401943542689434386e-07 3.089048351964057474e-07 3.006539698513538544e-07 2.876734309962255017e-07 2.771781483201982035e-07 2.609603073653200467e-07 2.519958636845693361e-07 2.384103550174985817e-07 2.249570710563628562e-07 2.086110098524457994e-07 1.857631169550405977e-07 1.750339650376856965e-07 1.683962145355395753e-07 1.666586352027748004e-07 1.624936545089366374e-07 1.560054355830238049e-07
3.297424898875202380e-07 3.214665120266070312e-07 3.271691264996471498e-07 3.231982223174370233e-07 3.089048351964057474e-07 3.122982437636318496e-07 2.979480557027700311e-07 2.820249255636376981e-07 2.730118953058952281e-07 2.564781077845264617e-07 2.486906975595543318e-07 2.344683200109723870e-07 2.216892380061968505e-07 2.071334749385625118e-07 1.853654229477665669e-07 1.739172201208353765e-07 1.656338966266759291e-07 1.603890625527715649e-07 1.530620468976818175e-07 1.488342181138717920e-07
3.231316815383055503e-07 3.105186060317692176e-07 3.160248171012003702e-07 3.136702555843875129e-07 3.006539698513538544e-07 2.979480557027700311e-07 3.011553265857977330e-07 2.834347186247261916e-07 2.761325609758954515e-07 2.617684461443913458e-07 2.526782635976339516e-07 2.378649734140997974e-07 2.259783085465998561e-07 2.102887778164822916e-07 1.879032358685301048e-07 1.772966651755112668e-07 1.718686094355917486e-07 1.689607059324563940e-07 1.637954278308368360e-07 1.639408112645743158e-07
3.044784489367098265e-07 2.989583031648238335e-07 3.050453178907919941e-07 2.992583516464277998e-07 2.876734309962255017e-07 2.820249255636376981e-07 2.834347186247261916e-07 2.834933609383388821e-07 2.774926420426496776e-07 2.623430121870562407e-07 2.555288737985409469e-07 2.413864151780968149e-07 2.302584768600987241e-07 2.151970766102469803e-07 1.935501191268855529e-07 1.842537604150507297e-07 1.806635136985886391e-07 1.774741094134762644e-07 1.727767873327864940e-07 1.739223442697789525e-07
2.955856157923322911e-07 2.918428505832411191e-07 2.921732976354557080e-07 2.924690868836248674e-07 2.771781483201982035e-07 2.730118953058952281e-07 2.761325609758954515e-07 2.774926420426496776e-07 2.844102339170157509e-07 2.699589291625620829e-07 2.653319125834353493e-07 2.530922325398125573e-07 2.447127277289055385e-07 2.314449042766344636e-07 2.104032553606118696e-07 2.024075447748224176e-07 2.016528224207910148e-07 2.001207740285573418e-07 1.967350810274364531e-07 2.003759117782516371e-07
2.739142586309622901e-07 2.713539893054241151e-07 2.726726951419060779e-07 2.750633996871471910e-07 2.609603073653200467e-07 2.564781077845264617e-07 2.617684461443913458e-07 2.623430121870562407e-07 2.699589291625620829e-07 2.649328227713754319e-07 2.600932987784319018e-07 2.493493516016859044e-07 2.421972913586654126e-07 2.303451961859482812e-07 2.122013656496681653e-07 2.055417792629060773e-07 2.059829214047930786e-07 2.069493118169010462e-07 2.047989974102044199e-07 2.091567314992117335e-07
2.651715270722224414e-07 2.624357700471111993e-07 2.625142105365709254e-07 2.659482259078283027e-07 2.519958636845693361e-07 2.486906975595543318e-07 2.526782635976339516e-07 2.555288737985409469e-07 2.653319125834353493e-07 2.600932987784319018e-07 2.641472822564416931e-07 2.557045375246724176e-07 2.491852080752476585e-07 2.385783241515764579e-07 2.214939891332277190e-07 2.158632919189682283e-07 2.174895030772531315e-07 2.196699968465167796e-07 2.204519309756530525e-07 2.262487319653318254e-07
2.531174869883954591e-07 2.444337928363834304e-07 2.477609055518770545e-07 2.492332759563864202e-07 2.384103550174985817e-07 2.344683200109723870e-07 2.378649734140997974e-07 2.413864151780968149e-07 2.530922325398125573e-07 2.493493516016859044e-07 2.557045375246724176e-07 2.566367004348156755e-07 2.542229702803948350e-07 2.469801871782020691e-07 2.325138408542871115e-07 2.283928765752059389e-07 2.317925720082313593e-07 2.359858233420875431e-07 2.384653274848968021e-07 2.448765413771323726e-07
2.395492057742284263e-07 2.323230065964069663e-07 2.339912272651491027e-07 2.370238170910232094e-07 2.249570710563628562e-07 2.216892380061968505e-07 2.259783085465998561e-07 2.302584768600987241e-07 2.447127277289055385e-07 2.421972913586654126e-07 2.491852080752476585e-07 2.542229702803948350e-07 2.631664535073243397e-07 2.619340526823392473e-07 2.510084060382216310e-07 2.484816725933156521e-07 2.531691855826859203e-07 2.584861493503914183e-07 2.617623394954717079e-07 2.681847762063933654e-07
2.189612626198108487e-07 2.148405387631175019e-07 2.175457031463460009e-07 2.199263835653877356e-07 2.086110098524457994e-07 2.071334749385625118e-07 2.102887778164822916e-07 2.151970766102469803e-07 2.314449042766344636e-07 2.303451961859482812e-07 2.385783241515764579e-07 2.469801871782020691e-07 2.619340526823392473e-07 2.736820147409938981e-07 2.717967814213758177e-07 2.744432687594037995e-07 2.827876221358167661e-07 2.900597273772317416e-07 2.926236708865001904e-07 2.970301902961707424e-07
1.954229303582293974e-07 1.967871074229736230e-07 1.928610621919857438e-07 1.971206392301225161e-07 1.857631169550405977e-07 1.853654229477665669e-07 1.879032358685301048e-07 1.935501191268855529e-07 2.104032553606118696e-07 2.122013656496681653e-07 2.214939891332277190e-07 2.325138408542871115e-07 2.510084060382216310e-07 2.717967814213758177e-07 2.882908801248376864e-07 3.021739471811216733e-07 3.179389525861697325e-07 3.311502456686179897e-07 3.374513626373341237e-07 3.435253187939486673e-07
1.858604483239874109e-07 1.875248568254850780e-07 1.804524952405664121e-07 1.887096089252181194e-07 1.750339650376856965e-07 1.739172201208353765e-07 1.772966651755112668e-07 1.842537604150507297e-07 2.024075447748224176e-07 2.055417792629060773e-07 2.158632919189682283e-07 2.283928765752059389e-07 2.484816725933156521e-07 2.744432687594037995e-07 3.021739471811216733e-07 3.362528743471160139e-07 3.655673688164446207e-07 3.863973461270702152e-07 3.970289632669225273e-07 4.051288809338848890e-07
1.803204106136810027e-07 1.821739144014921145e-07 1.747149627971432965e-07 1.802206651120968286e-07 1.683962145355395753e-07 1.656338966266759291e-07 1.718686094355917486e-07 1.806635136985886391e-07 2.016528224207910148e-07 2.059829214047930786e-07 2.174895030772531315e-07 2.317925720082313593e-07 2.531691855826859203e-07 2.827876221358167661e-07 3.179389525861697325e-07 3.655673688164446207e-07 4.186402773990997373e-07 4.557149419696276512e-07 4.743479641944317365e-07 4.873603494786846161e-07
1.778485984076187414e-07 1.743685276600943864e-07 1.686246375832941741e-07 1.727875599443085007e-07 1.666586352027748004e-07 1.603890625527715649e-07 1.689607059324563940e-07 1.774741094134762644e-07 2.001207740285573418e-07 2.069493118169010462e-07 2.196699968465167796e-07 2.359858233420875431e-07 2.584861493503914183e-07 2.900597273772317416e-07 3.311502456686179897e-07 3.863973461270702152e-07 4.557149419696276512e-07 5.178190259788699437e-07 5.512059012908746387e-07 5.709492987130443078e-07
1.743793964805166920e-07 1.642036910246769251e-07 1.596536871613928216e-07 1.642632248206751730e-07 1.624936545089366374e-07 1.530620468976818175e-07 1.637954278308368360e-07 1.727767873327864940e-07 1.967350810274364531e-07 2.047989974102044199e-07 2.204519309756530525e-07 2.384653274848968021e-07 2.617623394954717079e-07 2.926236708865001904e-07 3.374513626373341237e-07 3.970289632669225273e-07 4.743479641944317365e-07 5.512059012908746387e-07 6.111562079235950178e-07 6.494263139186633788e-07
1.693150390479636776e-07 1.588260336477943698e-07 1.544775010780397445e-07 1.565729538187674546e-07 1.560054355830238049e-07 1.488342181138717920e-07 1.639408112645743158e-07 1.739223442697789525e-07 2.003759117782516371e-07 2.091567314992117335e-07 2.262487319653318254e-07 2.448765413771323726e-07 2.681847762063933654e-07 2.970301902961707424e-07 3.435253187939486673e-07 4.051288809338848890e-07 4.873603494786846161e-07 5.709492987130443078e-07 6.494263139186633788e-07 7.235326412155016650e-07
