8.706970710430752216e-11 1.896352727404219888e-11 1.133279797730042319e-11 4.510697947710825903e-12 8.160012328799157160e-12 4.274663113978542595e-12 5.916206290599470159e-12 8.641118431744244801e-12 3.855541105339604917e-12 9.413952683601393391e-13 6.579468054428906470e-13 5.018439359741304398e-12 7.496509727151033680e-12 9.049578384757506686e-12 7.851938449977764752e-12 1.098883567048842424e-11 1.102517449671954481e-11 1.653502190178003840e-11 1.961601917313472972e-11 1.986553655229414849e-11 8.966351396421391758e-12 -1.625330195881105694e-11 -5.734287724391952875e-11 -5.295733119521952409e-11 -2.716653473376221807e-11 -1.735940829591264823e-11
1.896352727404219888e-11 6.295997923368571151e-11 1.709675757692634306e-11 9.379764813098984142e-12 8.548499254839919539e-12 2.302229048272555099e-12 4.632032412271751651e-12 8.872207349454750956e-12 8.977233111141024131e-12 7.595878707324536295e-12 4.396805182411921753e-12 4.078068437817289718e-12 9.447067949835616514e-12 1.637291306801907678e-11 2.015351059911145632e-11 2.397687132280195186e-11 3.023855921286929444e-11 3.664647128883003674e-11 2.954701501935107596e-11 1.917951546689080359e-11 -2.146824432777630398e-12 -2.782013208868986833e-11 -1.429072920654873638e-11 2.292983715011003192e-12 -1.234237685975640142e-11 -9.367415276493431564e-12
1.133279797730042319e-11 1.709675757692634306e-11 4.700175636974342490e-11 1.423421052596283711e-11 7.361412431982628600e-12 3.681913242107689504e-12 2.780330921074964437e-12 4.554903703975224061e-12 8.326236884470122732e-12 6.989426140779033036e-12 6.228047072346386249e-12 6.552848179984863051e-12 9.057231855820117539e-12 1.369653420250470573e-11 1.778885624316686256e-11 1.953222300287981624e-11 2.513044623452101330e-11 3.226945993822389054e-11 2.869728385218149103e-11 2.049370420520655368e-11 -5.952000587592075965e-12 -2.891752490969333353e-11 -3.017307816816767057e-11 -4.393256516732365943e-12 -1.779025835285301422e-12 -4.706647098464478018e-12
4.510697947710825903e-12 9.379764813098984142e-12 1.423421052596283711e-11 3.566460586976317112e-11 1.383941270672916057e-11 8.687481305654428548e-12 3.775410360508913432e-12 3.821984422388866635e-12 4.924331527185350950e-12 6.635932388333451254e-12 5.562672478853154695e-12 4.334833892603145629e-12 5.300909149955406757e-12 8.220404931576335080e-12 1.178415533903020202e-11 1.599831695388312738e-11 2.271735372172560884e-11 2.842003254590102106e-11 3.277625863979546614e-11 3.597217056416827962e-11 2.818860762960033754e-11 1.095944322155493759e-11 8.891790483116144196e-12 1.235155874074836574e-11 8.521033247915361423e-12 5.045026056364008255e-13
8.160012328799157160e-12 8.548499254839919539e-12 7.361412431982628600e-12 1.383941270672916057e-11 3.347571438158773975e-11 1.845194150847428553e-11 1.227778872590435479e-11 1.107276023521173519e-11 7.858632087841793616e-12 7.041082409104726410e-12 4.451753938440783591e-12 3.351958271395100443e-12 4.673783463117381560e-12 7.247288438810148892e-12 9.694568608069993401e-12 1.487203936076136343e-11 1.641467389233118087e-11 1.585425163027626519e-11 1.627724210098847944e-11 1.249790098978252498e-11 3.345442697051224985e-12 -4.842857162227477717e-12 -2.027818236573433161e-11 -2.434585469971138182e-11 6.442547753112873518e-14 -6.124919145965518682e-12
4.274663113978542595e-12 2.302229048272555099e-12 3.681913242107689504e-12 8.687481305654428548e-12 1.845194150847428553e-11 3.114792030751736106e-11 1.646943033255983527e-11 1.256629597709553281e-11 1.018429452535758982e-11 8.015281884110440871e-12 7.078002590968430317e-12 4.993540579098614983e-12 8.794368593332426073e-12 9.818480315258670932e-12 1.178645062528823295e-11 1.424278916163932469e-11 1.637010676019465142e-11 2.087655852330445384e-11 2.566672223276481952e-11 2.316962355111843544e-11 1.356669463423987125e-11 2.931712322392731924e-12 -1.743933725951783448e-11 -7.069983988531040659e-12 1.400870465661491543e-11 1.275084734024788230e-11
5.916206290599470159e-12 4.632032412271751651e-12 2.780330921074964437e-12 3.775410360508913432e-12 1.227778872590435479e-11 1.646943033255983527e-11 2.886598790302585280e-11 1.948437016310006036e-11 1.867272770977320642e-11 1.388508634735017262e-11 1.328550882416099787e-11 1.329354110655260871e-11 1.813740862732445585e-11 2.154526127404319250e-11 2.454113350945718993e-11 2.775314975552439216e-11 3.331843925281370324e-11 4.232818871597128936e-11 4.864889041171457116e-11 4.349546174538107267e-11 2.364766683684500679e-11 -6.473506769302512929e-12 -2.111215104504471766e-11 -1.148431369364939767e-11 -1.287133837026969278e-11 -1.206111145040922996e-11
8.641118431744244801e-12 8.872207349454750956e-12 4.554903703975224061e-12 3.821984422388866635e-12 1.107276023521173519e-11 1.256629597709553281e-11 1.948437016310006036e-11 3.002850454209366850e-11 2.629941472160996789e-11 1.997625317093940394e-11 1.715405230908386172e-11 1.633155907958120998e-11 1.940114085272824518e-11 2.263293017825363363e-11 2.698359801988978351e-11 3.279246830718039033e-11 3.911457628214038521e-11 4.570249848919913997e-11 5.199328668463656789e-11 5.135255420774902488e-11 3.069560030094294506e-11 -6.320853024527029799e-12 -1.942692282775786641e-11 -1.015812735086978055e-11 -1.014505922942931827e-11 2.150653913102275703e-12
3.855541105339604917e-12 8.977233111141024131e-12 8.326236884470122732e-12 4.924331527185350950e-12 7.858632087841793616e-12 1.018429452535758982e-11 1.867272770977320642e-11 2.629941472160996789e-11 3.970365361371782597e-11 3.360819971706319673e-11 2.988749356565002650e-11 2.790121645328540115e-11 3.011826229520341577e-11 3.612745620198480762e-11 4.168591389440117982e-11 4.678360813562067609e-11 5.372364357975205278e-11 6.287024548102244883e-11 7.082914949507673032e-11 6.989647106979925534e-11 4.430766479005519139e-11 -1.848451686136022417e-12 -1.126271574506272762e-11 -3.862795986780042437e-12 -2.089752012450749399e-11 -5.704823035933643498e-12
9.413952683601393391e-13 7.595878707324536295e-12 6.989426140779033036e-12 6.635932388333451254e-12 7.041082409104726410e-12 8.015281884110440871e-12 1.388508634735017262e-11 1.997625317093940394e-11 3.360819971706319673e-11 4.452632197744786732e-11 4.158652038049140713e-11 3.908311429596972434e-11 4.349958403843295414e-11 5.119714353627884646e-11 5.959372743428120567e-11 6.733768726695261231e-11 7.700948480602692911e-11 8.790006279504452793e-11 9.705781537467551445e-11 1.030771094013128516e-10 8.432144081499650408e-11 3.972144961374142435e-11 3.162343533060342621e-11 1.693369977221060228e-11 -1.310722581621258014e-11 -6.686311608032319694e-12
6.579468054428906470e-13 4.396805182411921753e-12 6.228047072346386249e-12 5.562672478853154695e-12 4.451753938440783591e-12 7.078002590968430317e-12 1.328550882416099787e-11 1.715405230908386172e-11 2.988749356565002650e-11 4.158652038049140713e-11 5.576536216310915008e-11 5.303944290883951384e-11 5.683798731937095990e-11 6.358084294492400497e-11 7.236536799530523900e-11 7.972915520691744891e-11 8.974965338228325229e-11 1.015328288205227276e-10 1.116678687206308293e-10 1.216077551926726310e-10 1.057865907999282941e-10 4.995843731817805065e-11 3.887666181665330849e-11 2.216164537029107559e-11 -1.226908823943719961e-11 -5.203010317106622387e-12
5.018439359741304398e-12 4.078068437817289718e-12 6.552848179984863051e-12 4.334833892603145629e-12 3.351958271395100443e-12 4.993540579098614983e-12 1.329354110655260871e-11 1.633155907958120998e-11 2.790121645328540115e-11 3.908311429596972434e-11 5.303944290883951384e-11 7.330746388216614408e-11 8.462401413471669413e-11 9.428265757493505004e-11 1.053620570957356386e-10 1.143825341750115257e-10 1.282927429001841581e-10 1.441627720063234020e-10 1.553104496890489970e-10 1.674135233911184116e-10 1.437657277953984273e-10 5.048530283014260467e-11 1.208949055338143390e-11 3.848600069702512832e-12 -9.622897550795582072e-13 3.477213547501771887e-13
7.496509727151033680e-12 9.447067949835616514e-12 9.057231855820117539e-12 5.300909149955406757e-12 4.673783463117381560e-12 8.794368593332426073e-12 1.813740862732445585e-11 1.940114085272824518e-11 3.011826229520341577e-11 4.349958403843295414e-11 5.683798731937095990e-11 8.462401413471669413e-11 1.195117125292222095e-10 1.360713029543899179e-10 1.517471124707549291e-10 1.650811450526608983e-10 1.853066075560398716e-10 2.077075037952835060e-10 2.194452215305904831e-10 2.283949071845317111e-10 1.819464505877555447e-10 4.410454575644278407e-11 -1.924873557078731384e-11 -1.469916205905314699e-11 1.175446067735729063e-11 7.320622517381812168e-12
9.049578384757506686e-12 1.637291306801907678e-11 1.369653420250470573e-11 8.220404931576335080e-12 7.247288438810148892e-12 9.818480315258670932e-12 2.154526127404319250e-11 2.263293017825363363e-11 3.612745620198480762e-11 5.119714353627884646e-11 6.358084294492400497e-11 9.428265757493505004e-11 1.360713029543899179e-10 1.800195454655095945e-10 2.083932619045595387e-10 2.284997345500182913e-10 2.559202213945368455e-10 2.865894586843253573e-10 3.052309633606320409e-10 3.204718284788052529e-10 2.580519044150655479e-10 7.639409317744322889e-11 -1.826150419907953467e-11 -3.133024734029519939e-11 -7.034783169083949990e-12 -5.764135749107065884e-12
7.851938449977764752e-12 2.015351059911145632e-11 1.778885624316686256e-11 1.178415533903020202e-11 9.694568608069993401e-12 1.178645062528823295e-11 2.454113350945718993e-11 2.698359801988978351e-11 4.168591389440117982e-11 5.959372743428120567e-11 7.236536799530523900e-11 1.053620570957356386e-10 1.517471124707549291e-10 2.083932619045595387e-10 2.738394583276776656e-10 3.158531095830263171e-10 3.601889152476688351e-10 4.040752984670532918e-10 4.346666726166964420e-10 4.663981856653124744e-10 3.923029984995751789e-10 1.457097608702883261e-10 8.517605232255986291e-13 -3.573083961174736927e-11 -1.468692327475891407e-11 -2.977926302022256971e-13
1.098883567048842424e-11 2.397687132280195186e-11 1.953222300287981624e-11 1.599831695388312738e-11 1.487203936076136343e-11 1.424278916163932469e-11 2.775314975552439216e-11 3.279246830718039033e-11 4.678360813562067609e-11 6.733768726695261231e-11 7.972915520691744891e-11 1.143825341750115257e-10 1.650811450526608983e-10 2.284997345500182913e-10 3.158531095830263171e-10 3.995009542064964746e-10 4.739368829717050569e-10 5.396253454936691151e-10 5.863987699258314318e-10 6.383646527658581757e-10 5.593995750935110319e-10 2.404698338572830059e-10 1.747242231494767197e-11 -4.997010200132231005e-11 -1.691034139176589806e-11 -1.369162824601866308e-11
1.102517449671954481e-11 3.023855921286929444e-11 2.513044623452101330e-11 2.271735372172560884e-11 1.641467389233118087e-11 1.637010676019465142e-11 3.331843925281370324e-11 3.911457628214038521e-11 5.372364357975205278e-11 7.700948480602692911e-11 8.974965338228325229e-11 1.282927429001841581e-10 1.853066075560398716e-10 2.559202213945368455e-10 3.601889152476688351e-10 4.739368829717050569e-10 6.217569702897269137e-10 7.464798922927245422e-10 8.231494652461744210e-10 8.991347623924347198e-10 8.086921636691143229e-10 4.083173903046232685e-10 8.519141316860669299e-11 -2.199117973900149705e-11 5.897492390695440622e-12 -2.871091201030382380e-11
1.653502190178003840e-11 3.664647128883003674e-11 3.226945993822389054e-11 2.842003254590102106e-11 1.585425163027626519e-11 2.087655852330445384e-11 4.232818871597128936e-11 4.570249848919913997e-11 6.287024548102244883e-11 8.790006279504452793e-11 1.015328288205227276e-10 1.441627720063234020e-10 2.077075037952835060e-10 2.865894586843253573e-10 4.040752984670532918e-10 5.396253454936691151e-10 7.464798922927245422e-10 9.772492147030742435e-10 1.123511321096958401e-09 1.252331783212301548e-09 1.177478686611584806e-09 6.930064160231727076e-10 2.098740553462541754e-10 1.703796960680760690e-11 1.320815689502678292e-11 -6.416188125465583127e-11
1.961601917313472972e-11 2.954701501935107596e-11 2.869728385218149103e-11 3.277625863979546614e-11 1.627724210098847944e-11 2.566672223276481952e-11 4.864889041171457116e-11 5.199328668463656789e-11 7.082914949507673032e-11 9.705781537467551445e-11 1.116678687206308293e-10 1.553104496890489970e-10 2.194452215305904831e-10 3.052309633606320409e-10 4.346666726166964420e-10 5.863987699258314318e-10 8.231494652461744210e-10 1.123511321096958401e-09 1.397258114256095765e-09 1.641633723529878362e-09 1.636895018613348488e-09 1.107305378041444212e-09 4.235944416515241622e-10 7.330851449669347029e-11 2.371346693513854453e-11 -1.102397957071706030e-10
1.986553655229414849e-11 1.917951546689080359e-11 2.049370420520655368e-11 3.597217056416827962e-11 1.249790098978252498e-11 2.316962355111843544e-11 4.349546174538107267e-11 5.135255420774902488e-11 6.989647106979925534e-11 1.030771094013128516e-10 1.216077551926726310e-10 1.674135233911184116e-10 2.283949071845317111e-10 3.204718284788052529e-10 4.663981856653124744e-10 6.383646527658581757e-10 8.991347623924347198e-10 1.252331783212301548e-09 1.641633723529878362e-09 2.104486857597518959e-09 2.264443490827916933e-09 1.720879264566984691e-09 7.901203828579529545e-10 1.519998563635781775e-10 3.764691777468062672e-11 -1.532136827814616675e-10
8.966351396421391758e-12 -2.146824432777630398e-12 -5.952000587592075965e-12 2.818860762960033754e-11 3.345442697051224985e-12 1.356669463423987125e-11 2.364766683684500679e-11 3.069560030094294506e-11 4.430766479005519139e-11 8.432144081499650408e-11 1.057865907999282941e-10 1.437657277953984273e-10 1.819464505877555447e-10 2.580519044150655479e-10 3.923029984995751789e-10 5.593995750935110319e-10 8.086921636691143229e-10 1.177478686611584806e-09 1.636895018613348488e-09 2.264443490827916933e-09 2.753308356966640611e-09 2.449520865689754130e-09 1.414421504491850073e-09 3.558313582970885047e-10 3.484910428091700574e-11 -2.140968252054336253e-10
-1.625330195881105694e-11 -2.782013208868986833e-11 -2.891752490969333353e-11 1.095944322155493759e-11 -4.842857162227477717e-12 2.931712322392731924e-12 -6.473506769302512929e-12 -6.320853024527029799e-12 -1.848451686136022417e-12 3.972144961374142435e-11 4.995843731817805065e-11 5.048530283014260467e-11 4.410454575644278407e-11 7.639409317744322889e-11 1.457097608702883261e-10 2.404698338572830059e-10 4.083173903046232685e-10 6.930064160231727076e-10 1.107305378041444212e-09 1.720879264566984691e-09 2.449520865689754130e-09 2.798045384304585420e-09 2.120655311309301581e-09 8.109169376624420219e-10 5.776205267691648636e-11 -2.735174710750735132e-10
-5.734287724391952875e-11 -1.429072920654873638e-11 -3.017307816816767057e-11 8.891790483116144196e-12 -2.027818236573433161e-11 -1.743933725951783448e-11 -2.111215104504471766e-11 -1.942692282775786641e-11 -1.126271574506272762e-11 3.162343533060342621e-11 3.887666181665330849e-11 1.208949055338143390e-11 -1.924873557078731384e-11 -1.826150419907953467e-11 8.517605232255986291e-13 1.747242231494767197e-11 8.519141316860669299e-11 2.098740553462541754e-10 4.235944416515241622e-10 7.901203828579529545e-10 1.414421504491850073e-09 2.120655311309301581e-09 2.386151827996416107e-09 1.508957478648477116e-09 2.569639164833049550e-10 -1.656779979103793858e-10
-5.295733119521952409e-11 2.292983715011003192e-12 -4.393256516732365943e-12 1.235155874074836574e-11 -2.434585469971138182e-11 -7.069983988531040659e-12 -1.148431369364939767e-11 -1.015812735086978055e-11 -3.862795986780042437e-12 1.693369977221060228e-11 2.216164537029107559e-11 3.848600069702512832e-12 -1.469916205905314699e-11 -3.133024734029519939e-11 -3.573083961174736927e-11 -4.997010200132231005e-11 -2.199117973900149705e-11 1.703796960680760690e-11 7.330851449669347029e-11 1.519998563635781775e-10 3.558313582970885047e-10 8.109169376624420219e-10 1.508957478648477116e-09 1.788616661147345400e-09 8.737582930088768428e-10 1.199785030419273335e-10
-2.716653473376221807e-11 -1.234237685975640142e-11 -1.779025835285301422e-12 8.521033247915361423e-12 6.442547753112873518e-14 1.400870465661491543e-11 -1.287133837026969278e-11 -1.014505922942931827e-11 -2.089752012450749399e-11 -1.310722581621258014e-11 -1.226908823943719961e-11 -9.622897550795582072e-13 1.175446067735729063e-11 -7.034783169083949990e-12 -1.468692327475891407e-11 -1.691034139176589806e-11 5.897492390695440622e-12 1.320815689502678292e-11 2.371346693513854453e-11 3.764691777468062672e-11 3.484910428091700574e-11 5.776205267691648636e-11 2.569639164833049550e-10 8.737582930088768428e-10 1.611249805681231473e-09 8.637853438256671082e-10
-1.735940829591264823e-11 -9.367415276493431564e-12 -4.706647098464478018e-12 5.045026056364008255e-13 -6.124919145965518682e-12 1.275084734024788230e-11 -1.206111145040922996e-11 2.150653913102275703e-12 -5.704823035933643498e-12 -6.686311608032319694e-12 -5.203010317106622387e-12 3.477213547501771887e-13 7.320622517381812168e-12 -5.764135749107065884e-12 -2.977926302022256971e-13 -1.369162824601866308e-11 -2.871091201030382380e-11 -6.416188125465583127e-11 -1.102397957071706030e-10 -1.532136827814616675e-10 -2.140968252054336253e-10 -2.735174710750735132e-10 -1.656779979103793858e-10 1.199785030419273335e-10 8.637853438256671082e-10 1.477745671119690842e-09
