9.553024586455994592e-11 1.155571103611659176e-11 7.489771503798161705e-12 1.792800236045609062e-13 -1.143640839587875801e-12 -6.098826580159669344e-13 1.626974232828506685e-12 1.247289173626977480e-12 -6.291739833639524569e-13 1.769862523169229319e-12 1.670171621432761667e-12 3.234661733137018961e-12 5.179234372066972681e-12 8.226715686229860779e-12 1.086520897763309494e-11 1.354081851971760927e-11 1.117603333198778987e-11 4.915827486643377564e-12 4.323490657244733521e-12 1.273641159125847561e-11 5.153032347992332133e-12 -1.576780177006929525e-11 -4.607824455031297191e-11 -5.828531683456853459e-11 -2.432119576606884307e-11 -1.890252696336167511e-11
1.155571103611659176e-11 5.712104011677128238e-11 1.841234709620804770e-11 4.543842288132393978e-12 -3.099409780598947155e-12 -1.627703634313849824e-12 -2.154840765975376039e-13 -1.621201074227273573e-12 -6.951441094024846247e-14 3.388600691259416647e-12 2.518662732351271690e-12 2.937666814606523795e-12 6.309778058531821026e-12 1.542005831037942179e-11 2.023145652880749370e-11 2.241502731443687100e-11 2.911444457219059849e-11 3.296088762747964147e-11 3.651917728025472738e-11 4.223809165130746514e-11 3.474366917134562294e-11 1.610465223370363087e-11 1.323090914343550812e-12 -1.598487052131976907e-11 -2.304903434690030592e-11 -2.799362053756718735e-11
7.489771503798161705e-12 1.841234709620804770e-11 4.836047705957291988e-11 1.072522985961502208e-11 7.340672865107899430e-12 5.935098538478780027e-12 4.271845901451991442e-12 4.011909652242236040e-12 1.275924861089594512e-12 -1.911793332821136796e-14 -4.340931918354424964e-12 -7.837488102414003503e-12 -4.752217718069169585e-12 -2.816525201990874668e-12 -4.939853531473793167e-12 -6.989026222373847765e-12 -2.805243205205938026e-12 8.061005812970513506e-13 4.434274290562654088e-13 -6.747587690939345706e-12 -1.966651377073441995e-11 -1.207809810835976446e-11 -9.139723976444357544e-12 1.628836010556717231e-14 -6.400272096355277180e-12 -9.063961942466339478e-12
1.792800236045609062e-13 4.543842288132393978e-12 1.072522985961502208e-11 3.338083944210090685e-11 1.443716710593075121e-11 6.121433897253526438e-12 4.584002683224860178e-12 4.524176513955848602e-12 2.935528364152076762e-12 4.012335632296354342e-12 3.878005419683274940e-12 1.329802922596853640e-12 3.142488474176377415e-13 6.885952555264296179e-13 4.955402182315478418e-13 -2.134555119911151356e-13 -2.237005158842811572e-12 -5.328758485024730215e-12 -6.447441950653312897e-12 -2.651500007552086858e-12 -3.076830938193891910e-12 -6.845479488061159182e-13 -1.810398294397470439e-12 -6.734140633428779578e-12 -5.648857023060770902e-12 -1.609513543730557844e-11
-1.143640839587875801e-12 -3.099409780598947155e-12 7.340672865107899430e-12 1.443716710593075121e-11 3.110477997211060506e-11 1.922276791378063603e-11 1.193840125352156072e-11 9.787948240758357635e-12 6.249275392607904873e-12 6.460091618234239274e-12 5.019227777499643823e-12 3.736307660224593877e-12 7.017364596286921262e-12 9.075297670821096252e-12 1.059888485600139744e-11 1.105340172897550911e-11 7.543868065037788844e-12 6.706777605388401379e-13 -1.650817930428755908e-12 -6.760168818767937244e-12 -1.262388948184904370e-11 -1.637107922682207463e-11 -2.144306165410671007e-11 -1.326984018790271583e-11 -1.060790453117859156e-13 -3.413291065537852401e-12
-6.098826580159669344e-13 -1.627703634313849824e-12 5.935098538478780027e-12 6.121433897253526438e-12 1.922276791378063603e-11 3.259944226646684154e-11 1.784890491478806964e-11 1.399860041576899959e-11 1.093325823759770950e-11 7.669764236123354415e-12 7.175436819847343081e-12 5.739302465475823651e-12 9.019907417095407754e-12 8.761846119038405176e-12 1.072921083145041314e-11 1.191583292099456065e-11 1.152219868817299460e-11 1.536195069999904437e-11 2.026676113084977142e-11 1.770160898128701205e-11 5.523757003762736935e-12 -9.998930627486663293e-12 -2.845147186278448753e-11 -8.752495243394224283e-12 1.893821731293786705e-11 2.449652449793125974e-11
1.626974232828506685e-12 -2.154840765975376039e-13 4.271845901451991442e-12 4.584002683224860178e-12 1.193840125352156072e-11 1.784890491478806964e-11 2.853966084258279632e-11 2.052869463608803389e-11 1.618635178874729205e-11 1.252795362731245431e-11 1.083310939282716605e-11 1.078336674496738516e-11 1.604561500074336151e-11 1.832495318238751612e-11 2.080916121026529287e-11 2.355911112102844457e-11 2.549932912461632921e-11 3.143487042925833667e-11 3.712456717024486904e-11 3.370302991903984136e-11 1.526886277583753291e-11 -1.263802395902099524e-11 -2.970189372573133601e-11 -1.911803756600223929e-11 -1.775332388912615141e-11 -1.290572829675995132e-11
1.247289173626977480e-12 -1.621201074227273573e-12 4.011909652242236040e-12 4.524176513955848602e-12 9.787948240758357635e-12 1.399860041576899959e-11 2.052869463608803389e-11 3.353234577797250642e-11 2.751187470019475607e-11 2.227566782872440221e-11 1.834070655862383341e-11 1.830784602480785733e-11 2.244121026645853988e-11 2.708368625531374882e-11 3.155267299334277491e-11 3.800316802950205366e-11 4.565451120583465274e-11 5.346261274848523166e-11 6.204818516435503696e-11 6.222589702363701349e-11 4.181381052896552064e-11 3.431833865629253476e-12 -1.550775858576112473e-11 -1.292654045277785731e-11 -1.623240792174963731e-11 -1.738264011703798271e-12
-6.291739833639524569e-13 -6.951441094024846247e-14 1.275924861089594512e-12 2.935528364152076762e-12 6.249275392607904873e-12 1.093325823759770950e-11 1.618635178874729205e-11 2.751187470019475607e-11 3.862951621131188087e-11 3.300631634903675360e-11 2.858868063756322083e-11 2.779023139920273968e-11 3.089333771209540367e-11 3.683532888094573999e-11 4.234638011753209511e-11 4.658580850750620335e-11 5.315294351853103797e-11 6.116714563559431909e-11 6.816898191417545160e-11 6.569300150159705205e-11 3.945980821362205984e-11 -4.156552745680107883e-12 -6.463096088963571249e-12 5.867609792317564667e-12 -1.143967791439072403e-11 -3.625201176635345980e-12
1.769862523169229319e-12 3.388600691259416647e-12 -1.911793332821136796e-14 4.012335632296354342e-12 6.460091618234239274e-12 7.669764236123354415e-12 1.252795362731245431e-11 2.227566782872440221e-11 3.300631634903675360e-11 4.582910217411398730e-11 4.120238369768135467e-11 3.984963074788458104e-11 4.469738784916127199e-11 5.263422703749578118e-11 6.114634110210384460e-11 6.935666567419673844e-11 7.910153882379405704e-11 8.999207593615093714e-11 9.874248063146280038e-11 1.048021494330873240e-10 8.624457854322726407e-11 4.023629775451291489e-11 3.396544292696200010e-11 2.454050843246714226e-11 -7.658830643781913257e-12 -5.592638840999130322e-12
1.670171621432761667e-12 2.518662732351271690e-12 -4.340931918354424964e-12 3.878005419683274940e-12 5.019227777499643823e-12 7.175436819847343081e-12 1.083310939282716605e-11 1.834070655862383341e-11 2.858868063756322083e-11 4.120238369768135467e-11 5.400318485959256405e-11 5.269335759589788914e-11 5.565416134777036979e-11 6.211581553320883863e-11 7.038907319682061188e-11 7.694293588541495733e-11 8.647464277408938598e-11 9.756488311705656920e-11 1.078198375577489639e-10 1.190414974539959740e-10 1.036703370234395551e-10 4.714998180248473669e-11 3.554899639678099275e-11 2.079949301147954789e-11 -1.227990508281582555e-11 -6.515997259813088500e-12
3.234661733137018961e-12 2.937666814606523795e-12 -7.837488102414003503e-12 1.329802922596853640e-12 3.736307660224593877e-12 5.739302465475823651e-12 1.078336674496738516e-11 1.830784602480785733e-11 2.779023139920273968e-11 3.984963074788458104e-11 5.269335759589788914e-11 7.275295840763688937e-11 8.398804999772381641e-11 9.411791831381502525e-11 1.048193049887849810e-10 1.136685798666227884e-10 1.267538605910054586e-10 1.417761906943707277e-10 1.529659812178488091e-10 1.656290140179829198e-10 1.413495608314992060e-10 4.681742535886866996e-11 1.000215778829392032e-11 3.100807758141401895e-12 1.406536266592107773e-12 5.105358993586386656e-12
5.179234372066972681e-12 6.309778058531821026e-12 -4.752217718069169585e-12 3.142488474176377415e-13 7.017364596286921262e-12 9.019907417095407754e-12 1.604561500074336151e-11 2.244121026645853988e-11 3.089333771209540367e-11 4.469738784916127199e-11 5.565416134777036979e-11 8.398804999772381641e-11 1.191957536948751514e-10 1.365441814026011901e-10 1.515736650871382970e-10 1.653196979426057607e-10 1.846461610318798032e-10 2.064230280128524089e-10 2.175451984171239133e-10 2.264537892214555469e-10 1.798865214356558016e-10 4.064567662608247994e-11 -2.163708296975011672e-11 -1.546245786557592999e-11 1.147925609713513979e-11 9.236166120269917511e-12
8.226715686229860779e-12 1.542005831037942179e-11 -2.816525201990874668e-12 6.885952555264296179e-13 9.075297670821096252e-12 8.761846119038405176e-12 1.832495318238751612e-11 2.708368625531374882e-11 3.683532888094573999e-11 5.263422703749578118e-11 6.211581553320883863e-11 9.411791831381502525e-11 1.365441814026011901e-10 1.807969057801803415e-10 2.084804434029147301e-10 2.286620557476589766e-10 2.549123975965696461e-10 2.856088134875767164e-10 3.035722972922553112e-10 3.188860328449850617e-10 2.558133317747856583e-10 7.181237973912663417e-11 -2.249206831454298520e-11 -3.389804065448349865e-11 -1.023896663890755769e-11 -6.950343526853598322e-12
1.086520897763309494e-11 2.023145652880749370e-11 -4.939853531473793167e-12 4.955402182315478418e-13 1.059888485600139744e-11 1.072921083145041314e-11 2.080916121026529287e-11 3.155267299334277491e-11 4.234638011753209511e-11 6.114634110210384460e-11 7.038907319682061188e-11 1.048193049887849810e-10 1.515736650871382970e-10 2.084804434029147301e-10 2.734637739082306950e-10 3.153514592575705469e-10 3.591324694148610385e-10 4.035225988243784155e-10 4.340657271025835812e-10 4.665132660341198415e-10 3.939331311619716137e-10 1.474310136041273909e-10 2.325848420080247714e-12 -3.474717975525640809e-11 -1.660367263545859941e-11 -3.217999199467449331e-12
1.354081851971760927e-11 2.241502731443687100e-11 -6.989026222373847765e-12 -2.134555119911151356e-13 1.105340172897550911e-11 1.191583292099456065e-11 2.355911112102844457e-11 3.800316802950205366e-11 4.658580850750620335e-11 6.935666567419673844e-11 7.694293588541495733e-11 1.136685798666227884e-10 1.653196979426057607e-10 2.286620557476589766e-10 3.153514592575705469e-10 3.985976186124185277e-10 4.726199199191387761e-10 5.397145475914429891e-10 5.867252189204348012e-10 6.391962347500225080e-10 5.622251997599788126e-10 2.432226590841965737e-10 1.954209637121076683e-11 -4.975664658223561870e-11 -1.805025846916759130e-11 -1.425015020676654293e-11
1.117603333198778987e-11 2.911444457219059849e-11 -2.805243205205938026e-12 -2.237005158842811572e-12 7.543868065037788844e-12 1.152219868817299460e-11 2.549932912461632921e-11 4.565451120583465274e-11 5.315294351853103797e-11 7.910153882379405704e-11 8.647464277408938598e-11 1.267538605910054586e-10 1.846461610318798032e-10 2.549123975965696461e-10 3.591324694148610385e-10 4.726199199191387761e-10 6.179602577037055959e-10 7.439130155946068492e-10 8.199898526745730489e-10 8.956778913431813196e-10 8.072192662697119661e-10 4.067518206223017346e-10 8.463293064231204738e-11 -2.162851660254431757e-11 5.103250020685161881e-12 -2.915333251340431195e-11
4.915827486643377564e-12 3.296088762747964147e-11 8.061005812970513506e-13 -5.328758485024730215e-12 6.706777605388401379e-13 1.536195069999904437e-11 3.143487042925833667e-11 5.346261274848523166e-11 6.116714563559431909e-11 8.999207593615093714e-11 9.756488311705656920e-11 1.417761906943707277e-10 2.064230280128524089e-10 2.856088134875767164e-10 4.035225988243784155e-10 5.397145475914429891e-10 7.439130155946068492e-10 9.760676455050000455e-10 1.122107086509766442e-09 1.251174188897122554e-09 1.178132158319701545e-09 6.922808955307139813e-10 2.089916380369106818e-10 1.745389592947936179e-11 1.423644627343380809e-11 -6.415968209494885583e-11
4.323490657244733521e-12 3.651917728025472738e-11 4.434274290562654088e-13 -6.447441950653312897e-12 -1.650817930428755908e-12 2.026676113084977142e-11 3.712456717024486904e-11 6.204818516435503696e-11 6.816898191417545160e-11 9.874248063146280038e-11 1.078198375577489639e-10 1.529659812178488091e-10 2.175451984171239133e-10 3.035722972922553112e-10 4.340657271025835812e-10 5.867252189204348012e-10 8.199898526745730489e-10 1.122107086509766442e-09 1.395405924139746418e-09 1.639609380846984160e-09 1.636808939885440334e-09 1.105868455452084471e-09 4.213837712387917227e-10 7.268285993737090965e-11 2.437251801960354245e-11 -1.094291167392025072e-10
1.273641159125847561e-11 4.223809165130746514e-11 -6.747587690939345706e-12 -2.651500007552086858e-12 -6.760168818767937244e-12 1.770160898128701205e-11 3.370302991903984136e-11 6.222589702363701349e-11 6.569300150159705205e-11 1.048021494330873240e-10 1.190414974539959740e-10 1.656290140179829198e-10 2.264537892214555469e-10 3.188860328449850617e-10 4.665132660341198415e-10 6.391962347500225080e-10 8.956778913431813196e-10 1.251174188897122554e-09 1.639609380846984160e-09 2.102217819363008076e-09 2.264316817810250873e-09 1.719205871997803418e-09 7.886878506084068813e-10 1.535423283552326561e-10 3.911681649537492676e-11 -1.525695550944438937e-10
5.153032347992332133e-12 3.474366917134562294e-11 -1.966651377073441995e-11 -3.076830938193891910e-12 -1.262388948184904370e-11 5.523757003762736935e-12 1.526886277583753291e-11 4.181381052896552064e-11 3.945980821362205984e-11 8.624457854322726407e-11 1.036703370234395551e-10 1.413495608314992060e-10 1.798865214356558016e-10 2.558133317747856583e-10 3.939331311619716137e-10 5.622251997599788126e-10 8.072192662697119661e-10 1.178132158319701545e-09 1.636808939885440334e-09 2.264316817810250873e-09 2.755415684069356974e-09 2.449306228038645219e-09 1.412456258306550963e-09 3.548255650201132033e-10 3.432263470535883449e-11 -2.137305725689991019e-10
-1.576780177006929525e-11 1.610465223370363087e-11 -1.207809810835976446e-11 -6.845479488061159182e-13 -1.637107922682207463e-11 -9.998930627486663293e-12 -1.263802395902099524e-11 3.431833865629253476e-12 -4.156552745680107883e-12 4.023629775451291489e-11 4.714998180248473669e-11 4.681742535886866996e-11 4.064567662608247994e-11 7.181237973912663417e-11 1.474310136041273909e-10 2.432226590841965737e-10 4.067518206223017346e-10 6.922808955307139813e-10 1.105868455452084471e-09 1.719205871997803418e-09 2.449306228038645219e-09 2.796865863717031874e-09 2.120011375156421122e-09 8.114192303803574552e-10 5.787097840742912773e-11 -2.728697118930353093e-10
-4.607824455031297191e-11 1.323090914343550812e-12 -9.139723976444357544e-12 -1.810398294397470439e-12 -2.144306165410671007e-11 -2.845147186278448753e-11 -2.970189372573133601e-11 -1.550775858576112473e-11 -6.463096088963571249e-12 3.396544292696200010e-11 3.554899639678099275e-11 1.000215778829392032e-11 -2.163708296975011672e-11 -2.249206831454298520e-11 2.325848420080247714e-12 1.954209637121076683e-11 8.463293064231204738e-11 2.089916380369106818e-10 4.213837712387917227e-10 7.886878506084068813e-10 1.412456258306550963e-09 2.120011375156421122e-09 2.386383200168329983e-09 1.509355453174557937e-09 2.564102623551490193e-10 -1.651610476853518031e-10
-5.828531683456853459e-11 -1.598487052131976907e-11 1.628836010556717231e-14 -6.734140633428779578e-12 -1.326984018790271583e-11 -8.752495243394224283e-12 -1.911803756600223929e-11 -1.292654045277785731e-11 5.867609792317564667e-12 2.454050843246714226e-11 2.079949301147954789e-11 3.100807758141401895e-12 -1.546245786557592999e-11 -3.389804065448349865e-11 -3.474717975525640809e-11 -4.975664658223561870e-11 -2.162851660254431757e-11 1.745389592947936179e-11 7.268285993737090965e-11 1.535423283552326561e-10 3.548255650201132033e-10 8.114192303803574552e-10 1.509355453174557937e-09 1.788618047490272160e-09 8.735114564173760313e-10 1.206055071489289920e-10
-2.432119576606884307e-11 -2.304903434690030592e-11 -6.400272096355277180e-12 -5.648857023060770902e-12 -1.060790453117859156e-13 1.893821731293786705e-11 -1.775332388912615141e-11 -1.623240792174963731e-11 -1.143967791439072403e-11 -7.658830643781913257e-12 -1.227990508281582555e-11 1.406536266592107773e-12 1.147925609713513979e-11 -1.023896663890755769e-11 -1.660367263545859941e-11 -1.805025846916759130e-11 5.103250020685161881e-12 1.423644627343380809e-11 2.437251801960354245e-11 3.911681649537492676e-11 3.432263470535883449e-11 5.787097840742912773e-11 2.564102623551490193e-10 8.735114564173760313e-10 1.610578881476379471e-09 8.641208234945627846e-10
-1.890252696336167511e-11 -2.799362053756718735e-11 -9.063961942466339478e-12 -1.609513543730557844e-11 -3.413291065537852401e-12 2.449652449793125974e-11 -1.290572829675995132e-11 -1.738264011703798271e-12 -3.625201176635345980e-12 -5.592638840999130322e-12 -6.515997259813088500e-12 5.105358993586386656e-12 9.236166120269917511e-12 -6.950343526853598322e-12 -3.217999199467449331e-12 -1.425015020676654293e-11 -2.915333251340431195e-11 -6.415968209494885583e-11 -1.094291167392025072e-10 -1.525695550944438937e-10 -2.137305725689991019e-10 -2.728697118930353093e-10 -1.651610476853518031e-10 1.206055071489289920e-10 8.641208234945627846e-10 1.478777669040853161e-09
