7.094644080766131939e-11 1.904066349205565539e-11 1.573029252475519034e-11 8.873829715539036731e-12 6.950212535003947341e-12 6.786142777562451640e-12 2.591336654740787193e-12 1.520735203273681069e-12 -4.087799952084061743e-12 -3.188352521547120814e-12 -8.892818234430755889e-12 -8.334797325919753411e-12 -9.783083392838994338e-12 -1.127741928635953828e-11 -1.550708200133634798e-11 -1.799983709304079270e-11 -1.896117156344037730e-11 -2.069763726216832267e-11 -2.286163642847764771e-11 -2.373554125467378692e-11 -3.589400080932874341e-11 -2.886633490599721156e-11 -2.614084074733564352e-11 -7.269963523120287259e-12 6.492793648872751876e-12 2.533586640436978667e-12
1.904066349205565539e-11 5.323731090398570232e-11 2.007723301694469042e-11 7.861528679034105290e-12 4.998025575097157906e-12 2.402914658639630650e-12 -2.226843941792927815e-13 -2.087788469987284944e-12 -2.303052302215966052e-12 -5.901323682457301048e-13 -3.772920553469583590e-12 1.474624230093451305e-12 2.957690750398137741e-12 -4.477765637062708343e-13 -1.306735271427003888e-12 -2.358467190519206952e-12 -4.497887151326750752e-12 -8.125154259115431393e-12 -2.729666779361347520e-12 3.148065580453108019e-12 -4.747591067922746261e-12 -8.581838716505016854e-12 -4.814586268506205935e-12 7.197545921063946108e-12 4.642069782295973423e-12 -2.467504813606661120e-12
1.573029252475519034e-11 2.007723301694469042e-11 3.586356782087118612e-11 1.350629357569571286e-11 8.833924231067660196e-12 6.846940002322567563e-12 5.188255613415076873e-12 3.015743250575975079e-12 2.122182690701851853e-12 4.969718518726987683e-12 1.145539826071214932e-12 3.576290882647690277e-12 3.898378011053141817e-12 3.783996777961670694e-12 3.404058253072196189e-12 2.619778596554011986e-12 1.403547200059578220e-12 -1.671487300443602499e-12 3.145464591966003013e-14 2.473822761432724191e-12 -2.821130246629568441e-12 -3.153897923600354802e-12 8.859045441901871611e-12 3.495788495843858329e-11 1.901382571667836425e-11 -1.002734209312140873e-11
8.873829715539036731e-12 7.861528679034105290e-12 1.350629357569571286e-11 3.031808879272657525e-11 1.533135167753356319e-11 1.008731711418835583e-11 6.960276979005009985e-12 5.261982898853647041e-12 3.763613626624241458e-12 4.299907378703095853e-12 2.046528504332684915e-12 2.926630485006020059e-12 3.646124743294412435e-12 3.941362866586539723e-12 2.904737039427621943e-12 4.146386295678143212e-12 6.696776189476703055e-12 7.672913118485374351e-12 1.190734440451058937e-11 1.604908804585715063e-11 9.236208682630587593e-12 4.407964256884390140e-12 -8.170854926633095737e-13 2.834436426506512529e-12 6.552647870393513098e-12 2.536641241174118471e-12
6.950212535003947341e-12 4.998025575097157906e-12 8.833924231067660196e-12 1.533135167753356319e-11 2.524284566081181721e-11 1.171602977557214805e-11 7.581643156878177839e-12 3.411317877412881438e-12 3.584491964997268093e-12 4.600755518567337594e-12 4.025271313345141724e-12 5.224881083303967681e-12 4.770303007049780556e-12 4.520233866873210825e-12 5.123062031027319530e-12 6.397278017794305335e-12 1.006568266260892198e-11 1.237666129056928338e-11 1.967686646572858965e-11 2.639241622147884095e-11 2.684536124702620708e-11 1.858363959998333314e-11 8.187002565329239632e-12 7.028640961278781702e-12 1.474960929267984396e-11 1.311654194922130445e-12
6.786142777562451640e-12 2.402914658639630650e-12 6.846940002322567563e-12 1.008731711418835583e-11 1.171602977557214805e-11 2.167707663524778352e-11 1.423854769400615480e-11 9.473307490901147680e-12 6.368190809093414383e-12 6.130208127936371334e-12 4.780790886695381037e-12 4.547955096203466705e-12 5.143430030215817686e-12 3.188918395572964493e-12 4.521265883928126909e-12 6.782583015934639783e-12 8.309001148277097586e-12 9.737890467321727964e-12 1.472669672640062274e-11 1.834038459592602611e-11 1.885869139347579133e-11 1.577424057403064809e-11 8.774533043751673459e-12 1.316426431673824481e-12 2.867592094969019561e-12 -1.609291680137477279e-12
2.591336654740787193e-12 -2.226843941792927815e-13 5.188255613415076873e-12 6.960276979005009985e-12 7.581643156878177839e-12 1.423854769400615480e-11 2.429113269094210295e-11 1.711063356626087662e-11 1.273374632140429216e-11 1.089407478523586710e-11 9.594973439753490227e-12 6.905851293574389558e-12 5.850374314540422236e-12 5.747046996800606066e-12 8.127026404392452945e-12 1.114931582677643661e-11 1.463433615171523273e-11 1.826500774125242997e-11 2.188001526611893941e-11 2.324813147549732806e-11 1.847889107533265025e-11 6.460482594310668953e-12 2.715481744378154064e-13 -3.891003257839877025e-13 7.991103678837340389e-12 8.861204940353314558e-12
1.520735203273681069e-12 -2.087788469987284944e-12 3.015743250575975079e-12 5.261982898853647041e-12 3.411317877412881438e-12 9.473307490901147680e-12 1.711063356626087662e-11 2.644297514843259422e-11 2.034082554343106889e-11 1.611680041789835918e-11 1.377623344104980574e-11 1.220659270140772563e-11 1.242816941417592811e-11 1.362391660928962888e-11 1.420989117753672022e-11 1.637559447020188701e-11 2.065954472865685011e-11 2.377945571418283886e-11 2.624129679837959543e-11 2.520960549829171803e-11 1.895287048289230478e-11 4.368736303081520924e-12 -1.729028851234118029e-12 -2.541781980290628244e-12 1.059364786584071368e-11 7.451650360144296110e-12
-4.087799952084061743e-12 -2.303052302215966052e-12 2.122182690701851853e-12 3.763613626624241458e-12 3.584491964997268093e-12 6.368190809093414383e-12 1.273374632140429216e-11 2.034082554343106889e-11 3.089994964877022761e-11 2.544278672588259546e-11 2.228384681934716037e-11 2.099980664717709919e-11 2.099164511215962258e-11 2.351798420081915713e-11 2.551222183992849359e-11 2.719749151629679892e-11 3.137130891798878091e-11 3.617958739156982659e-11 4.339705048966121840e-11 4.840277074110595431e-11 5.063244185249379742e-11 3.537875929169961999e-11 2.419393521555940248e-11 1.078264462869303794e-11 9.778143572271618480e-12 8.790722687075810093e-12
-3.188352521547120814e-12 -5.901323682457301048e-13 4.969718518726987683e-12 4.299907378703095853e-12 4.600755518567337594e-12 6.130208127936371334e-12 1.089407478523586710e-11 1.611680041789835918e-11 2.544278672588259546e-11 3.216696461849998116e-11 2.877109381970857260e-11 2.693936305985442092e-11 2.710658809285983716e-11 2.982127391856472675e-11 3.240313212830743351e-11 3.432126739902775798e-11 3.915429946853363489e-11 4.344520155833416132e-11 4.874763519661104561e-11 5.364547290888844108e-11 5.443829408266286528e-11 3.942296454993526511e-11 3.282864914875303995e-11 2.214945176455021128e-11 1.256329256298762473e-11 -4.940348013005152607e-12
-8.892818234430755889e-12 -3.772920553469583590e-12 1.145539826071214932e-12 2.046528504332684915e-12 4.025271313345141724e-12 4.780790886695381037e-12 9.594973439753490227e-12 1.377623344104980574e-11 2.228384681934716037e-11 2.877109381970857260e-11 3.719104244245420200e-11 3.621690839457130179e-11 3.578349624114852626e-11 3.922012123029629791e-11 4.142882383380734232e-11 4.336386554648570675e-11 4.842759218163607392e-11 5.330151712491055667e-11 5.776315643995876487e-11 6.363244496890253290e-11 6.108938152821588115e-11 3.912771817822854749e-11 2.676203944045513648e-11 2.041875756508254707e-11 2.031200721671273272e-11 -5.159885458325474251e-12
-8.334797325919753411e-12 1.474624230093451305e-12 3.576290882647690277e-12 2.926630485006020059e-12 5.224881083303967681e-12 4.547955096203466705e-12 6.905851293574389558e-12 1.220659270140772563e-11 2.099980664717709919e-11 2.693936305985442092e-11 3.621690839457130179e-11 5.204715984175941757e-11 5.444904324671438555e-11 5.794298464336955105e-11 6.122181037045237934e-11 6.385445864608311052e-11 7.056019221231670733e-11 7.675985436109877666e-11 8.238170252343654836e-11 8.936019508149418775e-11 8.475644182028354875e-11 5.218402558431941988e-11 4.118335525904727826e-11 2.560068628654340916e-11 3.315567878317582090e-12 -1.858365465727976791e-11
-9.783083392838994338e-12 2.957690750398137741e-12 3.898378011053141817e-12 3.646124743294412435e-12 4.770303007049780556e-12 5.143430030215817686e-12 5.850374314540422236e-12 1.242816941417592811e-11 2.099164511215962258e-11 2.710658809285983716e-11 3.578349624114852626e-11 5.444904324671438555e-11 7.153367624776467207e-11 7.951938666336871876e-11 8.406741911686579904e-11 8.805572656442338767e-11 9.483125703840791420e-11 1.030006145818532785e-10 1.114192797203176198e-10 1.216348215943714388e-10 1.123367129680174421e-10 6.087068239904987831e-11 3.981106665454307909e-11 2.568348373075389668e-11 1.482683096400799337e-11 -8.528436845190427150e-12
-1.127741928635953828e-11 -4.477765637062708343e-13 3.783996777961670694e-12 3.941362866586539723e-12 4.520233866873210825e-12 3.188918395572964493e-12 5.747046996800606066e-12 1.362391660928962888e-11 2.351798420081915713e-11 2.982127391856472675e-11 3.922012123029629791e-11 5.794298464336955105e-11 7.951938666336871876e-11 1.089056244532576193e-10 1.205269588823816945e-10 1.291104507684936427e-10 1.397769244570675292e-10 1.550993841899962193e-10 1.683493866942537091e-10 1.787110341828667680e-10 1.570733259429767544e-10 7.020445851530808782e-11 1.988504606244391784e-11 2.229376828719565979e-12 9.925221689931634488e-12 -5.172072571372678986e-12
-1.550708200133634798e-11 -1.306735271427003888e-12 3.404058253072196189e-12 2.904737039427621943e-12 5.123062031027319530e-12 4.521265883928126909e-12 8.127026404392452945e-12 1.420989117753672022e-11 2.551222183992849359e-11 3.240313212830743351e-11 4.142882383380734232e-11 6.122181037045237934e-11 8.406741911686579904e-11 1.205269588823816945e-10 1.583286890662683309e-10 1.802040576417082803e-10 2.014121617884397436e-10 2.244874697236729155e-10 2.440363351905907129e-10 2.585838454828901185e-10 2.380723009714256551e-10 1.235870865313418910e-10 4.421805900149755974e-11 -8.835163406636370324e-13 -5.207153910412417790e-12 -1.888833998210155261e-12
-1.799983709304079270e-11 -2.358467190519206952e-12 2.619778596554011986e-12 4.146386295678143212e-12 6.397278017794305335e-12 6.782583015934639783e-12 1.114931582677643661e-11 1.637559447020188701e-11 2.719749151629679892e-11 3.432126739902775798e-11 4.336386554648570675e-11 6.385445864608311052e-11 8.805572656442338767e-11 1.291104507684936427e-10 1.802040576417082803e-10 2.310436101609327582e-10 2.733121717542352803e-10 3.090931606371937477e-10 3.350170973814652170e-10 3.534304804033817153e-10 3.331761388925678055e-10 1.784119508687505312e-10 6.045845597499187860e-11 -3.326845674596848844e-12 -1.090785287510659306e-11 -1.214725984631978096e-11
-1.896117156344037730e-11 -4.497887151326750752e-12 1.403547200059578220e-12 6.696776189476703055e-12 1.006568266260892198e-11 8.309001148277097586e-12 1.463433615171523273e-11 2.065954472865685011e-11 3.137130891798878091e-11 3.915429946853363489e-11 4.842759218163607392e-11 7.056019221231670733e-11 9.483125703840791420e-11 1.397769244570675292e-10 2.014121617884397436e-10 2.733121717542352803e-10 3.587569997166293616e-10 4.263188079643766570e-10 4.708662906489825042e-10 5.031735205126795082e-10 4.801787568999802311e-10 2.665234130440973088e-10 8.591366248973888418e-11 -4.447467227988060559e-12 -1.950479600405143690e-11 -3.585557046177335851e-11
-2.069763726216832267e-11 -8.125154259115431393e-12 -1.671487300443602499e-12 7.672913118485374351e-12 1.237666129056928338e-11 9.737890467321727964e-12 1.826500774125242997e-11 2.377945571418283886e-11 3.617958739156982659e-11 4.344520155833416132e-11 5.330151712491055667e-11 7.675985436109877666e-11 1.030006145818532785e-10 1.550993841899962193e-10 2.244874697236729155e-10 3.090931606371937477e-10 4.263188079643766570e-10 5.598147079025538399e-10 6.518458370357625567e-10 7.163646335919509975e-10 6.990618690965570778e-10 4.356798369968568860e-10 1.680663863753783768e-10 1.603141271358382733e-11 -4.049190763197866990e-11 -7.845057681261674809e-11
-2.286163642847764771e-11 -2.729666779361347520e-12 3.145464591966003013e-14 1.190734440451058937e-11 1.967686646572858965e-11 1.472669672640062274e-11 2.188001526611893941e-11 2.624129679837959543e-11 4.339705048966121840e-11 4.874763519661104561e-11 5.776315643995876487e-11 8.238170252343654836e-11 1.114192797203176198e-10 1.683493866942537091e-10 2.440363351905907129e-10 3.350170973814652170e-10 4.708662906489825042e-10 6.518458370357625567e-10 8.363630045969618726e-10 9.818634803766163169e-10 1.005428681747531979e-09 7.142442595661229444e-10 3.248835996519848285e-10 5.414758541159433586e-11 -4.779996678794339597e-11 -1.037829146670769789e-10
-2.373554125467378692e-11 3.148065580453108019e-12 2.473822761432724191e-12 1.604908804585715063e-11 2.639241622147884095e-11 1.834038459592602611e-11 2.324813147549732806e-11 2.520960549829171803e-11 4.840277074110595431e-11 5.364547290888844108e-11 6.363244496890253290e-11 8.936019508149418775e-11 1.216348215943714388e-10 1.787110341828667680e-10 2.585838454828901185e-10 3.534304804033817153e-10 5.031735205126795082e-10 7.163646335919509975e-10 9.818634803766163169e-10 1.269168121428585971e-09 1.399780490544589463e-09 1.123587480892383732e-09 6.011323434030482882e-10 1.275045517055876436e-10 -5.413860548876825680e-11 -1.441763449934823758e-10
-3.589400080932874341e-11 -4.747591067922746261e-12 -2.821130246629568441e-12 9.236208682630587593e-12 2.684536124702620708e-11 1.885869139347579133e-11 1.847889107533265025e-11 1.895287048289230478e-11 5.063244185249379742e-11 5.443829408266286528e-11 6.108938152821588115e-11 8.475644182028354875e-11 1.123367129680174421e-10 1.570733259429767544e-10 2.380723009714256551e-10 3.331761388925678055e-10 4.801787568999802311e-10 6.990618690965570778e-10 1.005428681747531979e-09 1.399780490544589463e-09 1.711712642529384569e-09 1.559542712782094242e-09 9.689025912802441768e-10 2.326192443323984419e-10 -8.938402836386385707e-11 -2.034945915992515188e-10
-2.886633490599721156e-11 -8.581838716505016854e-12 -3.153897923600354802e-12 4.407964256884390140e-12 1.858363959998333314e-11 1.577424057403064809e-11 6.460482594310668953e-12 4.368736303081520924e-12 3.537875929169961999e-11 3.942296454993526511e-11 3.912771817822854749e-11 5.218402558431941988e-11 6.087068239904987831e-11 7.020445851530808782e-11 1.235870865313418910e-10 1.784119508687505312e-10 2.665234130440973088e-10 4.356798369968568860e-10 7.142442595661229444e-10 1.123587480892383732e-09 1.559542712782094242e-09 1.764937170141812377e-09 1.378033786758778150e-09 4.997873333095051540e-10 -8.289060266130765727e-11 -2.293413062950792845e-10
-2.614084074733564352e-11 -4.814586268506205935e-12 8.859045441901871611e-12 -8.170854926633095737e-13 8.187002565329239632e-12 8.774533043751673459e-12 2.715481744378154064e-13 -1.729028851234118029e-12 2.419393521555940248e-11 3.282864914875303995e-11 2.676203944045513648e-11 4.118335525904727826e-11 3.981106665454307909e-11 1.988504606244391784e-11 4.421805900149755974e-11 6.045845597499187860e-11 8.591366248973888418e-11 1.680663863753783768e-10 3.248835996519848285e-10 6.011323434030482882e-10 9.689025912802441768e-10 1.378033786758778150e-09 1.532032869238303241e-09 9.537973913214099752e-10 7.173540658488015343e-11 -1.808385058780817166e-10
-7.269963523120287259e-12 7.197545921063946108e-12 3.495788495843858329e-11 2.834436426506512529e-12 7.028640961278781702e-12 1.316426431673824481e-12 -3.891003257839877025e-13 -2.541781980290628244e-12 1.078264462869303794e-11 2.214945176455021128e-11 2.041875756508254707e-11 2.560068628654340916e-11 2.568348373075389668e-11 2.229376828719565979e-12 -8.835163406636370324e-13 -3.326845674596848844e-12 -4.447467227988060559e-12 1.603141271358382733e-11 5.414758541159433586e-11 1.275045517055876436e-10 2.326192443323984419e-10 4.997873333095051540e-10 9.537973913214099752e-10 1.129509283618342211e-09 4.823325163708747075e-10 -2.501164271544153725e-11
6.492793648872751876e-12 4.642069782295973423e-12 1.901382571667836425e-11 6.552647870393513098e-12 1.474960929267984396e-11 2.867592094969019561e-12 7.991103678837340389e-12 1.059364786584071368e-11 9.778143572271618480e-12 1.256329256298762473e-11 2.031200721671273272e-11 3.315567878317582090e-12 1.482683096400799337e-11 9.925221689931634488e-12 -5.207153910412417790e-12 -1.090785287510659306e-11 -1.950479600405143690e-11 -4.049190763197866990e-11 -4.779996678794339597e-11 -5.413860548876825680e-11 -8.938402836386385707e-11 -8.289060266130765727e-11 7.173540658488015343e-11 4.823325163708747075e-10 9.492861407134266381e-10 5.015959013164916946e-10
2.533586640436978667e-12 -2.467504813606661120e-12 -1.002734209312140873e-11 2.536641241174118471e-12 1.311654194922130445e-12 -1.609291680137477279e-12 8.861204940353314558e-12 7.451650360144296110e-12 8.790722687075810093e-12 -4.940348013005152607e-12 -5.159885458325474251e-12 -1.858365465727976791e-11 -8.528436845190427150e-12 -5.172072571372678986e-12 -1.888833998210155261e-12 -1.214725984631978096e-11 -3.585557046177335851e-11 -7.845057681261674809e-11 -1.037829146670769789e-10 -1.441763449934823758e-10 -2.034945915992515188e-10 -2.293413062950792845e-10 -1.808385058780817166e-10 -2.501164271544153725e-11 5.015959013164916946e-10 9.915959239149122397e-10
