8.825176995190842327e-11 9.753678642047219953e-12 1.066414701587888845e-11 -2.168307431309973026e-12 2.160106901319275124e-12 3.280438048093282237e-12 -2.615891674816451360e-12 2.825762793820999465e-12 -1.101266122318650748e-13 -5.449166141295816807e-13 -2.250172832323815854e-12 5.429431497674347252e-13 5.283506308882679670e-12 2.383666714155467701e-12 -1.351018449147230453e-12 -5.509909657064632245e-12 -1.009738615058173683e-11 -2.258648052763105433e-11 -3.456679141472044719e-11 -4.287643148829498372e-11 -4.849949995104844280e-11 -4.573004969632983803e-11 -3.071269738035319009e-11 -1.881067996444925632e-11 -1.432519375093022278e-11 -1.071404905796166735e-11
9.753678642047219953e-12 6.703382799401042375e-11 1.786939149057337836e-11 7.912018511010097463e-12 -1.901158149322651050e-12 -6.623029678049398013e-13 -2.153262596286758707e-12 1.471896226992578798e-12 6.582789004389133919e-13 -1.421030608707449799e-12 -2.617251522272314630e-12 -1.789522012763337050e-12 2.093868963759673743e-12 2.904557320191648340e-12 1.496344721808924771e-12 2.344060025618261795e-12 8.869396085624550437e-12 1.231371956092396922e-11 1.557609293420603735e-11 1.730984731135542423e-11 1.181719577726277211e-11 3.788137889118310655e-12 -8.396066443513889973e-12 -1.111698275036734667e-11 7.716219563284147997e-12 -1.606309984786808576e-11
1.066414701587888845e-11 1.786939149057337836e-11 4.676112702320653247e-11 1.172677115045192655e-11 5.121500627388860748e-12 3.386417696508825164e-12 -6.909392253019990162e-14 2.214779310785290120e-12 9.987917112486853629e-13 -1.588841692268446712e-12 -1.898268291376798802e-12 8.157853733079890882e-13 3.229735588690765070e-12 4.255541151198614311e-12 4.362546569794969093e-13 7.570876329589848359e-13 4.738072368371213660e-12 1.002915807861506458e-11 1.107118449092053507e-11 9.673914491429082554e-12 4.594197594630635117e-12 2.149937879472099890e-12 -6.423310883784930858e-12 -2.154751036039492828e-11 -2.274404182664213763e-11 -1.819749531537874896e-11
-2.168307431309973026e-12 7.912018511010097463e-12 1.172677115045192655e-11 4.048442704902715816e-11 1.216755332478790137e-11 8.495077560580064921e-12 4.334313726567063041e-12 5.916758203239493829e-12 3.331322176396125807e-12 2.488440567710586140e-12 2.168371524898374773e-12 5.885839567985283483e-13 2.549916814903285908e-12 4.069670342563640402e-12 8.209032244024760978e-12 6.076877863093196168e-12 6.495392346139138930e-12 -4.946094490001120478e-13 -7.286392437958369745e-12 -1.492202276183964112e-11 -3.281423956817788272e-11 -3.882262418819063727e-11 -3.066465351097606816e-11 -1.766054703441954367e-11 3.428502741148242274e-12 -1.079604440020016138e-12
2.160106901319275124e-12 -1.901158149322651050e-12 5.121500627388860748e-12 1.216755332478790137e-11 3.411886216673925815e-11 1.749637134940439610e-11 8.896387470620969630e-12 8.954503163107013316e-12 4.724020830562325512e-12 4.775505030678356677e-12 3.757739314647718024e-12 2.969057710237283952e-12 4.446116134018910390e-12 5.513661223860445671e-12 8.628291058794261945e-12 1.289942061729336941e-11 1.354239347924989445e-11 1.534716412883952458e-11 2.129650910648586622e-11 2.432080497380257526e-11 2.118570256424666331e-11 9.496369354524990449e-12 -7.055456572911878217e-12 -4.380097074492568935e-13 1.613531235590298580e-11 -7.435230184401414264e-12
3.280438048093282237e-12 -6.623029678049398013e-13 3.386417696508825164e-12 8.495077560580064921e-12 1.749637134940439610e-11 3.476336510483406807e-11 1.753672097343320660e-11 1.616013933816533015e-11 1.041443046940907044e-11 1.035439415036229727e-11 8.688867177736868317e-12 8.233398656162648301e-12 1.180743057077608766e-11 1.385776257094116487e-11 1.882261407511520776e-11 2.351622318397166388e-11 2.791966765604830200e-11 3.280020956516533446e-11 4.039145088464936600e-11 3.907259119942849928e-11 2.454333341751578710e-11 2.378891908245628424e-12 -2.074816427444697519e-11 -4.927871090165969495e-12 1.907132151504445283e-11 2.964648217021003452e-11
-2.615891674816451360e-12 -2.153262596286758707e-12 -6.909392253019990162e-14 4.334313726567063041e-12 8.896387470620969630e-12 1.753672097343320660e-11 3.112446638499960112e-11 2.149181962514554924e-11 1.662493313568092454e-11 1.317317646863892677e-11 1.036087166750331564e-11 1.058891533438391391e-11 1.532678047847460823e-11 1.774370194622395719e-11 1.749545850485167258e-11 1.884529577399436574e-11 2.235281936705938167e-11 2.989016747521261148e-11 3.613254937427537484e-11 2.876541428508117764e-11 1.138116402230418067e-11 -1.454490310475372511e-11 -3.398674453799949636e-11 -2.574221182301641066e-11 -1.388710552948632434e-11 -7.229250519441200091e-12
2.825762793820999465e-12 1.471896226992578798e-12 2.214779310785290120e-12 5.916758203239493829e-12 8.954503163107013316e-12 1.616013933816533015e-11 2.149181962514554924e-11 3.350778187187009305e-11 2.681800802142273185e-11 2.129747638355878102e-11 1.729532305046766805e-11 1.692633575286345646e-11 2.096573489760818441e-11 2.517609900648705486e-11 3.017375233641601462e-11 3.576101648967519927e-11 4.225258701793538572e-11 4.789439366674474350e-11 5.454302810400959626e-11 4.895135122718032867e-11 2.355137309741912522e-11 -1.457217043817455039e-11 -2.351773555890638267e-11 -9.905964567652741627e-12 -7.932148272640897549e-12 1.930608238103418747e-12
-1.101266122318650748e-13 6.582789004389133919e-13 9.987917112486853629e-13 3.331322176396125807e-12 4.724020830562325512e-12 1.041443046940907044e-11 1.662493313568092454e-11 2.681800802142273185e-11 3.959803394741068084e-11 3.452532404607767399e-11 2.995110545532189972e-11 2.935351929986058121e-11 3.258038227622807307e-11 3.834639992689987616e-11 4.404300641303568882e-11 4.880556087995435425e-11 5.563903101284080047e-11 6.354493079346203955e-11 7.090775056572631839e-11 6.936019103788534431e-11 4.023945066489165434e-11 -6.992821551787357338e-12 -1.433533907981352964e-11 -5.143540675711545467e-12 -1.933998947883151591e-11 -4.545034550887230646e-12
-5.449166141295816807e-13 -1.421030608707449799e-12 -1.588841692268446712e-12 2.488440567710586140e-12 4.775505030678356677e-12 1.035439415036229727e-11 1.317317646863892677e-11 2.129747638355878102e-11 3.452532404607767399e-11 4.598985098739472929e-11 4.137186959612029196e-11 3.910604415163607320e-11 4.337952311878009123e-11 4.973107483322269391e-11 5.759662357638802224e-11 6.458659609479445188e-11 7.465286492427055660e-11 8.570803958478707554e-11 9.576667058060481815e-11 1.023521835094024435e-10 8.364297003987848414e-11 3.816017643217381578e-11 2.736393790919805598e-11 1.661388279819485955e-11 -8.410394731024321639e-12 -9.928281905849055570e-13
-2.250172832323815854e-12 -2.617251522272314630e-12 -1.898268291376798802e-12 2.168371524898374773e-12 3.757739314647718024e-12 8.688867177736868317e-12 1.036087166750331564e-11 1.729532305046766805e-11 2.995110545532189972e-11 4.137186959612029196e-11 5.372187773280380970e-11 5.305582805440108817e-11 5.628933640655457118e-11 6.308492279828168914e-11 7.168306929611750120e-11 7.874555876367550851e-11 9.029486328065524916e-11 1.026213731758004382e-10 1.132842259112789262e-10 1.251934766706659685e-10 1.105086938501702655e-10 5.439603245896992375e-11 4.544351847519201227e-11 3.087882797902212741e-11 -8.878442157240348970e-12 -8.952730888756528213e-12
5.429431497674347252e-13 -1.789522012763337050e-12 8.157853733079890882e-13 5.885839567985283483e-13 2.969057710237283952e-12 8.233398656162648301e-12 1.058891533438391391e-11 1.692633575286345646e-11 2.935351929986058121e-11 3.910604415163607320e-11 5.305582805440108817e-11 7.371870516915305916e-11 8.457735937019362045e-11 9.470192747009685007e-11 1.053768113628054909e-10 1.152497428281706015e-10 1.295712274142725902e-10 1.458972193555522502e-10 1.586152014923468246e-10 1.731011816979937985e-10 1.507124898913506975e-10 5.598024754301992616e-11 1.469396028352874495e-11 2.326814567976905478e-12 -2.181218929460355020e-12 3.649113822856353945e-12
5.283506308882679670e-12 2.093868963759673743e-12 3.229735588690765070e-12 2.549916814903285908e-12 4.446116134018910390e-12 1.180743057077608766e-11 1.532678047847460823e-11 2.096573489760818441e-11 3.258038227622807307e-11 4.337952311878009123e-11 5.628933640655457118e-11 8.457735937019362045e-11 1.190107089494549737e-10 1.372060690882649626e-10 1.523232305962666182e-10 1.659154153562195698e-10 1.858647739141983594e-10 2.065789025505843131e-10 2.175159240057100163e-10 2.260299527781157145e-10 1.792654331157167374e-10 4.032577741115478579e-11 -2.142929472617956901e-11 -1.477701950055097145e-11 1.050018020343668009e-11 8.356165632873608957e-12
2.383666714155467701e-12 2.904557320191648340e-12 4.255541151198614311e-12 4.069670342563640402e-12 5.513661223860445671e-12 1.385776257094116487e-11 1.774370194622395719e-11 2.517609900648705486e-11 3.834639992689987616e-11 4.973107483322269391e-11 6.308492279828168914e-11 9.470192747009685007e-11 1.372060690882649626e-10 1.821027170385238768e-10 2.098426365499432422e-10 2.296664465383458385e-10 2.576354641305970526e-10 2.885254890969305345e-10 3.074088347961413454e-10 3.232675653215872674e-10 2.610210483637715748e-10 7.734223002574826739e-11 -1.930250552902700780e-11 -3.273249376155261098e-11 -8.639156984644012314e-12 -7.939079787781476892e-12
-1.351018449147230453e-12 1.496344721808924771e-12 4.362546569794969093e-13 8.209032244024760978e-12 8.628291058794261945e-12 1.882261407511520776e-11 1.749545850485167258e-11 3.017375233641601462e-11 4.404300641303568882e-11 5.759662357638802224e-11 7.168306929611750120e-11 1.053768113628054909e-10 1.523232305962666182e-10 2.098426365499432422e-10 2.748769540286061006e-10 3.162252634676380440e-10 3.607487144302566408e-10 4.043810465912234654e-10 4.353428936437751306e-10 4.674845320653983757e-10 3.937406740694396833e-10 1.470084212889655476e-10 2.709548069107606675e-13 -3.772377189228229139e-11 -1.858944295355822453e-11 -4.736538678791913838e-12
-5.509909657064632245e-12 2.344060025618261795e-12 7.570876329589848359e-13 6.076877863093196168e-12 1.289942061729336941e-11 2.351622318397166388e-11 1.884529577399436574e-11 3.576101648967519927e-11 4.880556087995435425e-11 6.458659609479445188e-11 7.874555876367550851e-11 1.152497428281706015e-10 1.659154153562195698e-10 2.296664465383458385e-10 3.162252634676380440e-10 3.988359529665038632e-10 4.737046418894787513e-10 5.396535112155507143e-10 5.864083473463102300e-10 6.384001355781149476e-10 5.606888272888847441e-10 2.420227055007668314e-10 1.874941217373896055e-11 -4.929917843859680098e-11 -1.937078001263457113e-11 -1.685676314969659714e-11
-1.009738615058173683e-11 8.869396085624550437e-12 4.738072368371213660e-12 6.495392346139138930e-12 1.354239347924989445e-11 2.791966765604830200e-11 2.235281936705938167e-11 4.225258701793538572e-11 5.563903101284080047e-11 7.465286492427055660e-11 9.029486328065524916e-11 1.295712274142725902e-10 1.858647739141983594e-10 2.576354641305970526e-10 3.607487144302566408e-10 4.737046418894787513e-10 6.215389041721010727e-10 7.466448901841638907e-10 8.224283646122353873e-10 8.974296469831091073e-10 8.070417319514907981e-10 4.065897393333501417e-10 8.524625688223149859e-11 -2.099436760578678205e-11 3.282590229929741369e-12 -3.060517573091444257e-11
-2.258648052763105433e-11 1.231371956092396922e-11 1.002915807861506458e-11 -4.946094490001120478e-13 1.534716412883952458e-11 3.280020956516533446e-11 2.989016747521261148e-11 4.789439366674474350e-11 6.354493079346203955e-11 8.570803958478707554e-11 1.026213731758004382e-10 1.458972193555522502e-10 2.065789025505843131e-10 2.885254890969305345e-10 4.043810465912234654e-10 5.396535112155507143e-10 7.466448901841638907e-10 9.779520905995687595e-10 1.123899911610431554e-09 1.252673546422247883e-09 1.178873342284368112e-09 6.932360909228350872e-10 2.097251639276861996e-10 1.726071053830739671e-11 1.267079840366719415e-11 -6.467268297861192609e-11
-3.456679141472044719e-11 1.557609293420603735e-11 1.107118449092053507e-11 -7.286392437958369745e-12 2.129650910648586622e-11 4.039145088464936600e-11 3.613254937427537484e-11 5.454302810400959626e-11 7.090775056572631839e-11 9.576667058060481815e-11 1.132842259112789262e-10 1.586152014923468246e-10 2.175159240057100163e-10 3.074088347961413454e-10 4.353428936437751306e-10 5.864083473463102300e-10 8.224283646122353873e-10 1.123899911610431554e-09 1.397447577902075312e-09 1.641527125600564899e-09 1.638520815780423251e-09 1.108506456712835199e-09 4.236551936414123111e-10 7.352251901212381363e-11 2.419244442753953252e-11 -1.093434098568121130e-10
-4.287643148829498372e-11 1.730984731135542423e-11 9.673914491429082554e-12 -1.492202276183964112e-11 2.432080497380257526e-11 3.907259119942849928e-11 2.876541428508117764e-11 4.895135122718032867e-11 6.936019103788534431e-11 1.023521835094024435e-10 1.251934766706659685e-10 1.731011816979937985e-10 2.260299527781157145e-10 3.232675653215872674e-10 4.674845320653983757e-10 6.384001355781149476e-10 8.974296469831091073e-10 1.252673546422247883e-09 1.641527125600564899e-09 2.103185601513896337e-09 2.264888079994176804e-09 1.720523211261636549e-09 7.905239572478164912e-10 1.535184747671805900e-10 3.801719356245423681e-11 -1.524778991815158757e-10
-4.849949995104844280e-11 1.181719577726277211e-11 4.594197594630635117e-12 -3.281423956817788272e-11 2.118570256424666331e-11 2.454333341751578710e-11 1.138116402230418067e-11 2.355137309741912522e-11 4.023945066489165434e-11 8.364297003987848414e-11 1.105086938501702655e-10 1.507124898913506975e-10 1.792654331157167374e-10 2.610210483637715748e-10 3.937406740694396833e-10 5.606888272888847441e-10 8.070417319514907981e-10 1.178873342284368112e-09 1.638520815780423251e-09 2.264888079994176804e-09 2.755684745313529249e-09 2.449383992651401995e-09 1.413417324168503615e-09 3.550962853179410222e-10 3.282695283042815871e-11 -2.150518328303753077e-10
-4.573004969632983803e-11 3.788137889118310655e-12 2.149937879472099890e-12 -3.882262418819063727e-11 9.496369354524990449e-12 2.378891908245628424e-12 -1.454490310475372511e-11 -1.457217043817455039e-11 -6.992821551787357338e-12 3.816017643217381578e-11 5.439603245896992375e-11 5.598024754301992616e-11 4.032577741115478579e-11 7.734223002574826739e-11 1.470084212889655476e-10 2.420227055007668314e-10 4.065897393333501417e-10 6.932360909228350872e-10 1.108506456712835199e-09 1.720523211261636549e-09 2.449383992651401995e-09 2.795708642538209703e-09 2.119736205496699947e-09 8.110399654265509573e-10 5.735771200502919381e-11 -2.728258856926963986e-10
-3.071269738035319009e-11 -8.396066443513889973e-12 -6.423310883784930858e-12 -3.066465351097606816e-11 -7.055456572911878217e-12 -2.074816427444697519e-11 -3.398674453799949636e-11 -2.351773555890638267e-11 -1.433533907981352964e-11 2.736393790919805598e-11 4.544351847519201227e-11 1.469396028352874495e-11 -2.142929472617956901e-11 -1.930250552902700780e-11 2.709548069107606675e-13 1.874941217373896055e-11 8.524625688223149859e-11 2.097251639276861996e-10 4.236551936414123111e-10 7.905239572478164912e-10 1.413417324168503615e-09 2.119736205496699947e-09 2.387867529180825570e-09 1.509773228807856304e-09 2.565674212586428371e-10 -1.655315163406511407e-10
-1.881067996444925632e-11 -1.111698275036734667e-11 -2.154751036039492828e-11 -1.766054703441954367e-11 -4.380097074492568935e-13 -4.927871090165969495e-12 -2.574221182301641066e-11 -9.905964567652741627e-12 -5.143540675711545467e-12 1.661388279819485955e-11 3.087882797902212741e-11 2.326814567976905478e-12 -1.477701950055097145e-11 -3.273249376155261098e-11 -3.772377189228229139e-11 -4.929917843859680098e-11 -2.099436760578678205e-11 1.726071053830739671e-11 7.352251901212381363e-11 1.535184747671805900e-10 3.550962853179410222e-10 8.110399654265509573e-10 1.509773228807856304e-09 1.788227023899358253e-09 8.737679087982811759e-10 1.204886489336142106e-10
-1.432519375093022278e-11 7.716219563284147997e-12 -2.274404182664213763e-11 3.428502741148242274e-12 1.613531235590298580e-11 1.907132151504445283e-11 -1.388710552948632434e-11 -7.932148272640897549e-12 -1.933998947883151591e-11 -8.410394731024321639e-12 -8.878442157240348970e-12 -2.181218929460355020e-12 1.050018020343668009e-11 -8.639156984644012314e-12 -1.858944295355822453e-11 -1.937078001263457113e-11 3.282590229929741369e-12 1.267079840366719415e-11 2.419244442753953252e-11 3.801719356245423681e-11 3.282695283042815871e-11 5.735771200502919381e-11 2.565674212586428371e-10 8.737679087982811759e-10 1.611639695056381474e-09 8.638487423116330891e-10
-1.071404905796166735e-11 -1.606309984786808576e-11 -1.819749531537874896e-11 -1.079604440020016138e-12 -7.435230184401414264e-12 2.964648217021003452e-11 -7.229250519441200091e-12 1.930608238103418747e-12 -4.545034550887230646e-12 -9.928281905849055570e-13 -8.952730888756528213e-12 3.649113822856353945e-12 8.356165632873608957e-12 -7.939079787781476892e-12 -4.736538678791913838e-12 -1.685676314969659714e-11 -3.060517573091444257e-11 -6.467268297861192609e-11 -1.093434098568121130e-10 -1.524778991815158757e-10 -2.150518328303753077e-10 -2.728258856926963986e-10 -1.655315163406511407e-10 1.204886489336142106e-10 8.638487423116330891e-10 1.478110982983616480e-09
