8.784067762890491602e-11 2.518160805261107301e-11 1.534896793919863457e-11 1.089784161396543130e-11 2.164016973720177687e-12 1.166725135926891537e-12 1.586033270931040335e-12 4.150727601996690258e-12 3.299336028434012124e-12 2.375698702930254323e-12 3.867095965202142630e-12 3.078093985557400403e-12 2.363516516201486239e-12 1.638530631161571492e-12 2.497795319879492552e-12 4.112321009587560242e-12 8.824566817969440195e-12 8.285683228142284396e-12 7.857852827619050619e-12 1.256872211334442397e-11 2.030850354490188493e-11 2.190411081977437102e-11 2.789431124641449438e-11 2.867604171953908289e-11 2.394854049416216267e-11 3.857660429993310691e-12
2.518160805261107301e-11 6.465616722699049984e-11 1.811572338668633843e-11 1.206595991366301631e-11 6.339795643174217888e-12 3.669168379106656166e-12 2.344096378511947969e-12 3.984077055549386746e-12 1.084314086635163674e-12 8.416173183812049465e-13 -4.899499935462047336e-13 -1.685222633364276338e-12 -2.065537497406100815e-12 -2.498852491579304322e-13 2.789661868055798888e-12 4.608421220661249236e-12 9.340610534214980664e-12 1.502913049697837151e-11 1.951863139693373437e-11 2.474121963541981530e-11 2.835206421644049282e-11 2.410870812712529629e-11 1.474738643955314124e-11 1.825578339656623023e-11 8.262015478170103642e-12 -2.034172385024732305e-11
1.534896793919863457e-11 1.811572338668633843e-11 4.043513707407982905e-11 1.562794044238604521e-11 7.245119041305708940e-12 6.262324373898047213e-12 4.686109983824110438e-12 1.413644620895164745e-12 3.977167839931353895e-13 2.151539262847131026e-12 -3.369855428789240499e-13 -1.393512927275979437e-12 -3.239938965731320309e-12 -3.826984147099924451e-12 -4.289308146805468227e-12 -3.103251792457120898e-12 -1.159210346050869983e-12 2.658855138539043723e-12 6.844717127473562348e-12 7.645971479222581763e-12 6.000415020991141811e-12 4.242076320467901995e-12 2.407008616555517371e-12 3.854749463092798502e-13 -1.415902520480243480e-13 -1.033654109799944443e-11
1.089784161396543130e-11 1.206595991366301631e-11 1.562794044238604521e-11 3.498031167583018376e-11 1.052313369073455198e-11 8.717900515703070457e-12 5.353808268498487207e-12 2.517362169647442829e-12 7.806894544982238868e-13 3.604814725355229408e-12 1.650953464613009174e-12 -1.323168275482837924e-12 -2.552909635486722428e-12 -1.991968133152140971e-12 5.167932178936377462e-13 3.463646300938150419e-12 5.907724840744575724e-12 8.078159618650085998e-12 9.188369896933669235e-12 1.156949696532340350e-11 1.079953251359069132e-11 -8.934356954342248645e-13 -6.962233472498694178e-12 5.805282209232624204e-12 1.753884719195736666e-11 -1.389370127956061223e-12
2.164016973720177687e-12 6.339795643174217888e-12 7.245119041305708940e-12 1.052313369073455198e-11 2.853594609057802020e-11 1.285759790874840843e-11 1.118643902041629575e-11 8.112934253761245857e-12 5.520350232259323453e-12 4.770962977025935158e-12 2.496397708435707067e-12 2.771330303797048442e-12 8.198220564659022279e-13 6.107314659711392422e-13 5.161482878765953378e-12 7.841232208515342314e-12 1.251558542909649826e-11 1.737474324221115446e-11 2.133866285158242509e-11 2.291483907187611122e-11 2.160606691129952110e-11 1.697767624620065632e-11 1.141560348127178391e-11 1.413478857813177505e-11 1.262280961579992738e-11 -7.190502456936968158e-13
1.166725135926891537e-12 3.669168379106656166e-12 6.262324373898047213e-12 8.717900515703070457e-12 1.285759790874840843e-11 2.519373546806062458e-11 1.444034813578391698e-11 6.929455494916346337e-12 5.087769914555942255e-12 5.673506641824876879e-12 3.048447636642949857e-12 3.898919817805956101e-12 3.509952668687000714e-12 3.849849430557684637e-12 5.661592049152789624e-12 7.611683561488340917e-12 1.028671204620333577e-11 1.300189498630012373e-11 1.679135276101332977e-11 1.923368006009732358e-11 1.724787343213451483e-11 9.495013263828575872e-12 1.860660086571334989e-12 4.323338279652213861e-12 2.434088155667052266e-12 5.734177560274629813e-13
1.586033270931040335e-12 2.344096378511947969e-12 4.686109983824110438e-12 5.353808268498487207e-12 1.118643902041629575e-11 1.444034813578391698e-11 2.203927652169210855e-11 1.159675600449175114e-11 8.525957544452204193e-12 6.946285018258131703e-12 6.304330676497381937e-12 6.041144674871158660e-12 4.813186318352061610e-12 5.226588771201250935e-12 6.692040556274554447e-12 8.332198327679026585e-12 1.134629397923017942e-11 1.475856629982779020e-11 2.029167861023161816e-11 2.156992200791142012e-11 1.797236773666546604e-11 5.972696382129720634e-12 3.247260083694208330e-12 1.163490619290775865e-12 -4.351808153116937672e-12 -2.919065882211646178e-12
4.150727601996690258e-12 3.984077055549386746e-12 1.413644620895164745e-12 2.517362169647442829e-12 8.112934253761245857e-12 6.929455494916346337e-12 1.159675600449175114e-11 2.088651096389025491e-11 1.436121725964042098e-11 1.078698328527766097e-11 9.130597341186606228e-12 7.872973854944249490e-12 6.662346761986241605e-12 5.878465098075311557e-12 6.045270826425051876e-12 5.143429623529704446e-12 5.473192509081349632e-12 6.538028319477405384e-12 7.964046567205457518e-12 6.585551352899557153e-12 6.928969823007454796e-12 6.929849802077918378e-12 1.516097398194068192e-11 1.223394289208876458e-11 8.520430551119126891e-13 -9.975342890398196341e-12
3.299336028434012124e-12 1.084314086635163674e-12 3.977167839931353895e-13 7.806894544982238868e-13 5.520350232259323453e-12 5.087769914555942255e-12 8.525957544452204193e-12 1.436121725964042098e-11 2.325362614314797340e-11 1.728258935116777001e-11 1.444468875162942101e-11 1.133744539307927394e-11 1.128043040636696756e-11 1.198708897552002618e-11 1.215482522280864093e-11 1.239102451129702092e-11 1.473671818438704794e-11 1.611707573936866622e-11 1.857458397405454637e-11 1.906963205626786837e-11 1.717610386434261761e-11 8.195608398249449481e-12 1.312464986512412966e-11 1.774022190867133153e-11 8.019740460074522449e-12 -3.698540861026766897e-12
2.375698702930254323e-12 8.416173183812049465e-13 2.151539262847131026e-12 3.604814725355229408e-12 4.770962977025935158e-12 5.673506641824876879e-12 6.946285018258131703e-12 1.078698328527766097e-11 1.728258935116777001e-11 2.585591362248657042e-11 2.033877861011295537e-11 1.488364331927277277e-11 1.598513227974504390e-11 1.556917521682490189e-11 1.512404428468648964e-11 1.573120198735419467e-11 1.741050584971148918e-11 1.951731085980317053e-11 1.989167240064413900e-11 2.166366302974989719e-11 2.209266941806348016e-11 1.393629403730671044e-11 1.896028614547507040e-11 1.936474616847474259e-11 1.021959190840034543e-11 -6.035753649134697682e-13
3.867095965202142630e-12 -4.899499935462047336e-13 -3.369855428789240499e-13 1.650953464613009174e-12 2.496397708435707067e-12 3.048447636642949857e-12 6.304330676497381937e-12 9.130597341186606228e-12 1.444468875162942101e-11 2.033877861011295537e-11 2.877699104956719021e-11 2.394573331552696313e-11 2.437465155095905517e-11 2.235486931952789132e-11 2.051098299430989326e-11 2.083713572294788381e-11 2.125248914015123055e-11 2.247324044992719430e-11 2.420541860233494474e-11 2.845468820072773917e-11 2.889916364290047875e-11 1.773409045940868901e-11 1.875464407040451054e-11 1.937803628555100856e-11 1.685940434887356491e-11 5.767945511944211479e-13
3.078093985557400403e-12 -1.685222633364276338e-12 -1.393512927275979437e-12 -1.323168275482837924e-12 2.771330303797048442e-12 3.898919817805956101e-12 6.041144674871158660e-12 7.872973854944249490e-12 1.133744539307927394e-11 1.488364331927277277e-11 2.394573331552696313e-11 3.063135328885041740e-11 3.157420276597152484e-11 2.876408152192387285e-11 2.601472763752455209e-11 2.638417461026670371e-11 2.751805595092751793e-11 3.194850616466829903e-11 3.567772302929407520e-11 3.994434863349193184e-11 3.783050359453954174e-11 1.940517352085194350e-11 1.425689531344288259e-11 1.129216933360906797e-11 1.656497694248567586e-11 1.034299090200323540e-11
2.363516516201486239e-12 -2.065537497406100815e-12 -3.239938965731320309e-12 -2.552909635486722428e-12 8.198220564659022279e-13 3.509952668687000714e-12 4.813186318352061610e-12 6.662346761986241605e-12 1.128043040636696756e-11 1.598513227974504390e-11 2.437465155095905517e-11 3.157420276597152484e-11 4.515264179261265066e-11 4.447569311358807942e-11 4.188607280278879891e-11 4.415376881415620916e-11 4.626932025211648289e-11 5.240005428145813620e-11 5.781877601105775512e-11 6.217069841438450881e-11 5.806533129631326497e-11 2.843682348003622128e-11 1.689088034256061406e-11 1.247454458279063146e-11 1.973682273838725730e-11 1.308842409721205401e-11
1.638530631161571492e-12 -2.498852491579304322e-13 -3.826984147099924451e-12 -1.991968133152140971e-12 6.107314659711392422e-13 3.849849430557684637e-12 5.226588771201250935e-12 5.878465098075311557e-12 1.198708897552002618e-11 1.556917521682490189e-11 2.235486931952789132e-11 2.876408152192387285e-11 4.447569311358807942e-11 5.660534036854291325e-11 5.913013433846801849e-11 6.442854011502256735e-11 6.920990085741832240e-11 7.896304442547277258e-11 8.895038364475007264e-11 9.517617958264039290e-11 8.185515993532317437e-11 2.972555783809927819e-11 1.023875647458877195e-11 1.504783605095972214e-11 2.173715877504105161e-11 9.532711397902802787e-12
2.497795319879492552e-12 2.789661868055798888e-12 -4.289308146805468227e-12 5.167932178936377462e-13 5.161482878765953378e-12 5.661592049152789624e-12 6.692040556274554447e-12 6.045270826425051876e-12 1.215482522280864093e-11 1.512404428468648964e-11 2.051098299430989326e-11 2.601472763752455209e-11 4.188607280278879891e-11 5.913013433846801849e-11 8.014155117106417308e-11 9.473878973224730971e-11 1.076411225664838674e-10 1.235559562762552438e-10 1.377409038338589507e-10 1.465291617275336124e-10 1.230864033797215346e-10 4.452553743128627403e-11 6.434104891778352422e-12 1.988769028812023866e-11 2.915727163555877669e-11 7.862483182228962859e-12
4.112321009587560242e-12 4.608421220661249236e-12 -3.103251792457120898e-12 3.463646300938150419e-12 7.841232208515342314e-12 7.611683561488340917e-12 8.332198327679026585e-12 5.143429623529704446e-12 1.239102451129702092e-11 1.573120198735419467e-11 2.083713572294788381e-11 2.638417461026670371e-11 4.415376881415620916e-11 6.442854011502256735e-11 9.473878973224730971e-11 1.339699618436505546e-10 1.628133140653828288e-10 1.899901010201751757e-10 2.109375232310972758e-10 2.240747364748757836e-10 1.913265542092910555e-10 7.566697746507839801e-11 7.510134879483903375e-12 2.766265438132474208e-11 4.141649038805696678e-11 1.320093876573344314e-11
8.824566817969440195e-12 9.340610534214980664e-12 -1.159210346050869983e-12 5.907724840744575724e-12 1.251558542909649826e-11 1.028671204620333577e-11 1.134629397923017942e-11 5.473192509081349632e-12 1.473671818438704794e-11 1.741050584971148918e-11 2.125248914015123055e-11 2.751805595092751793e-11 4.626932025211648289e-11 6.920990085741832240e-11 1.076411225664838674e-10 1.628133140653828288e-10 2.274301966372749819e-10 2.773725314497994024e-10 3.115477129279533353e-10 3.317825883664527323e-10 2.923904146858536038e-10 1.345892239855026405e-10 1.256862974537546967e-11 2.591053916373619386e-11 4.321679555402458310e-11 8.544352397710846126e-12
8.285683228142284396e-12 1.502913049697837151e-11 2.658855138539043723e-12 8.078159618650085998e-12 1.737474324221115446e-11 1.300189498630012373e-11 1.475856629982779020e-11 6.538028319477405384e-12 1.611707573936866622e-11 1.951731085980317053e-11 2.247324044992719430e-11 3.194850616466829903e-11 5.240005428145813620e-11 7.896304442547277258e-11 1.235559562762552438e-10 1.899901010201751757e-10 2.773725314497994024e-10 3.688709861967921376e-10 4.286193939620782292e-10 4.571292465169536519e-10 4.126189148105298278e-10 2.173106673323986526e-10 2.972670666201690588e-11 2.679390278443050557e-11 3.941585224173907607e-11 -6.831907066631320286e-13
7.857852827619050619e-12 1.951863139693373437e-11 6.844717127473562348e-12 9.188369896933669235e-12 2.133866285158242509e-11 1.679135276101332977e-11 2.029167861023161816e-11 7.964046567205457518e-12 1.857458397405454637e-11 1.989167240064413900e-11 2.420541860233494474e-11 3.567772302929407520e-11 5.781877601105775512e-11 8.895038364475007264e-11 1.377409038338589507e-10 2.109375232310972758e-10 3.115477129279533353e-10 4.286193939620782292e-10 5.387357225146064214e-10 5.999064217964472029e-10 5.620813182772696852e-10 3.440051807244957225e-10 8.430888101689556255e-11 4.202526761775111918e-11 4.263144984559618168e-11 -9.995092645489681680e-12
1.256872211334442397e-11 2.474121963541981530e-11 7.645971479222581763e-12 1.156949696532340350e-11 2.291483907187611122e-11 1.923368006009732358e-11 2.156992200791142012e-11 6.585551352899557153e-12 1.906963205626786837e-11 2.166366302974989719e-11 2.845468820072773917e-11 3.994434863349193184e-11 6.217069841438450881e-11 9.517617958264039290e-11 1.465291617275336124e-10 2.240747364748757836e-10 3.317825883664527323e-10 4.571292465169536519e-10 5.999064217964472029e-10 7.398144537705817687e-10 7.483339850221345346e-10 5.319384250555755149e-10 1.969684024414586813e-10 6.862565345834694676e-11 5.205457067203334257e-11 -1.945035622414237463e-11
2.030850354490188493e-11 2.835206421644049282e-11 6.000415020991141811e-12 1.079953251359069132e-11 2.160606691129952110e-11 1.724787343213451483e-11 1.797236773666546604e-11 6.928969823007454796e-12 1.717610386434261761e-11 2.209266941806348016e-11 2.889916364290047875e-11 3.783050359453954174e-11 5.806533129631326497e-11 8.185515993532317437e-11 1.230864033797215346e-10 1.913265542092910555e-10 2.923904146858536038e-10 4.126189148105298278e-10 5.620813182772696852e-10 7.483339850221345346e-10 8.625776601566604101e-10 7.395366040271428370e-10 3.906381878236894724e-10 1.248471461145545702e-10 2.778452646674655960e-11 -3.860216032125811295e-11
2.190411081977437102e-11 2.410870812712529629e-11 4.242076320467901995e-12 -8.934356954342248645e-13 1.697767624620065632e-11 9.495013263828575872e-12 5.972696382129720634e-12 6.929849802077918378e-12 8.195608398249449481e-12 1.393629403730671044e-11 1.773409045940868901e-11 1.940517352085194350e-11 2.843682348003622128e-11 2.972555783809927819e-11 4.452553743128627403e-11 7.566697746507839801e-11 1.345892239855026405e-10 2.173106673323986526e-10 3.440051807244957225e-10 5.319384250555755149e-10 7.395366040271428370e-10 8.549736913167256342e-10 6.272320762336864828e-10 2.443460055332900383e-10 -3.025716657162410552e-12 -5.494652425904095812e-11
2.789431124641449438e-11 1.474738643955314124e-11 2.407008616555517371e-12 -6.962233472498694178e-12 1.141560348127178391e-11 1.860660086571334989e-12 3.247260083694208330e-12 1.516097398194068192e-11 1.312464986512412966e-11 1.896028614547507040e-11 1.875464407040451054e-11 1.425689531344288259e-11 1.689088034256061406e-11 1.023875647458877195e-11 6.434104891778352422e-12 7.510134879483903375e-12 1.256862974537546967e-11 2.972670666201690588e-11 8.430888101689556255e-11 1.969684024414586813e-10 3.906381878236894724e-10 6.272320762336864828e-10 7.119804663747147860e-10 4.466987532445347161e-10 6.255698343187638579e-11 -2.273608209263966350e-11
2.867604171953908289e-11 1.825578339656623023e-11 3.854749463092798502e-13 5.805282209232624204e-12 1.413478857813177505e-11 4.323338279652213861e-12 1.163490619290775865e-12 1.223394289208876458e-11 1.774022190867133153e-11 1.936474616847474259e-11 1.937803628555100856e-11 1.129216933360906797e-11 1.247454458279063146e-11 1.504783605095972214e-11 1.988769028812023866e-11 2.766265438132474208e-11 2.591053916373619386e-11 2.679390278443050557e-11 4.202526761775111918e-11 6.862565345834694676e-11 1.248471461145545702e-10 2.443460055332900383e-10 4.466987532445347161e-10 5.864279439088604260e-10 3.270300605065917893e-10 7.114216634324376111e-11
2.394854049416216267e-11 8.262015478170103642e-12 -1.415902520480243480e-13 1.753884719195736666e-11 1.262280961579992738e-11 2.434088155667052266e-12 -4.351808153116937672e-12 8.520430551119126891e-13 8.019740460074522449e-12 1.021959190840034543e-11 1.685940434887356491e-11 1.656497694248567586e-11 1.973682273838725730e-11 2.173715877504105161e-11 2.915727163555877669e-11 4.141649038805696678e-11 4.321679555402458310e-11 3.941585224173907607e-11 4.263144984559618168e-11 5.205457067203334257e-11 2.778452646674655960e-11 -3.025716657162410552e-12 6.255698343187638579e-11 3.270300605065917893e-10 5.666077680001779209e-10 3.119240587714874180e-10
3.857660429993310691e-12 -2.034172385024732305e-11 -1.033654109799944443e-11 -1.389370127956061223e-12 -7.190502456936968158e-13 5.734177560274629813e-13 -2.919065882211646178e-12 -9.975342890398196341e-12 -3.698540861026766897e-12 -6.035753649134697682e-13 5.767945511944211479e-13 1.034299090200323540e-11 1.308842409721205401e-11 9.532711397902802787e-12 7.862483182228962859e-12 1.320093876573344314e-11 8.544352397710846126e-12 -6.831907066631320286e-13 -9.995092645489681680e-12 -1.945035622414237463e-11 -3.860216032125811295e-11 -5.494652425904095812e-11 -2.273608209263966350e-11 7.114216634324376111e-11 3.119240587714874180e-10 5.202924092080929044e-10
