7.215894965713311993e-11 1.548306316088487641e-11 2.831819170003372972e-12 3.573010705756259753e-12 -1.011151522700557309e-12 6.816652381126914677e-13 -2.178985321031384033e-12 -6.049054703153161246e-13 -2.392273202082947101e-12 -3.609371298685058628e-12 -6.980782741447276432e-12 -6.892566219803527623e-12 -7.597537243355104643e-12 -6.718757920881584005e-12 -6.444419215550552907e-12 -7.236184771873041099e-12 -1.291221801211256539e-11 -1.648595372209222324e-11 -2.177540810354102138e-11 -2.098753563534005326e-11 -3.329792324026140131e-11 -3.096614779600922515e-11 -3.033013557984101488e-11 -1.523553824894830299e-11 3.514762680979191481e-11 5.021287324304625745e-11
1.548306316088487641e-11 5.677714139415722362e-11 1.566713704120884980e-11 9.270899240634169541e-12 6.013934909094308406e-12 2.812531537424626813e-12 9.571934709717960856e-13 -2.512888368475378335e-12 -1.169933520012674500e-12 -1.356606218516708461e-12 -1.082648864977149042e-12 2.522132860460769684e-13 5.810775249128494431e-13 -3.005448903993027457e-12 -3.737435703024469000e-12 -6.304978826736999504e-12 -9.907254043907035402e-12 -1.371884822867466146e-11 -9.892196554798260490e-12 1.512175451658314540e-13 2.783190850828346121e-13 2.117010514694296480e-12 1.148946285639559311e-11 1.894939229504710867e-11 1.652689740471929390e-11 -4.096322739573295513e-12
2.831819170003372972e-12 1.566713704120884980e-11 4.682689397966409270e-11 1.570600782257282105e-11 9.803903956354778823e-12 6.702134374282081888e-12 4.689469257285050923e-12 2.270177670663834609e-12 2.444680299751550377e-12 2.692780896352882603e-12 7.340959499427138619e-13 2.380081322144927197e-12 4.605247178529427381e-12 3.319746505203667889e-12 1.122472308143473453e-12 2.061953321911971210e-12 7.673425765768106314e-13 2.126224518779527869e-12 7.680343478852727750e-12 8.883715632446668760e-12 1.513692611139661577e-12 3.238864689016724181e-12 1.415881529856466933e-11 2.771595785382226928e-11 9.398391353084874648e-12 -1.102783814015822500e-11
3.573010705756259753e-12 9.270899240634169541e-12 1.570600782257282105e-11 3.570392730683753853e-11 1.565507178647195796e-11 6.782844313143455913e-12 6.950263437714496533e-12 3.263699579151180534e-12 3.148198810812815675e-12 1.772762739809906683e-12 3.329204777330655108e-13 6.699625021153336062e-13 6.918376374111864879e-13 7.786563527753561988e-13 5.092907281628679085e-13 8.805744405883375738e-13 3.859873293818431297e-12 5.248494252912181854e-12 9.242554810652931121e-12 1.524068881254917391e-11 1.432613682791012395e-11 1.374968066713353178e-11 1.504622381456372340e-11 1.321906535729264630e-11 9.045646664698258554e-13 -1.812540512784415635e-11
-1.011151522700557309e-12 6.013934909094308406e-12 9.803903956354778823e-12 1.565507178647195796e-11 2.874937549650529020e-11 9.814742214900948178e-12 6.558421085123845799e-12 1.878215328331170807e-12 2.300471408545261405e-12 3.346785493083594282e-12 2.470710696716154038e-12 2.302959176555546708e-12 1.785052191172526220e-12 1.841953973232112794e-12 2.310754743928985785e-12 2.639370357519236650e-12 4.922085489114210555e-12 7.656754666761259225e-12 1.563540345560509354e-11 2.111159165086837956e-11 2.206523225399917609e-11 1.681048833063245175e-11 8.735028264313048229e-12 7.916238435141374161e-12 3.200111790980739268e-12 -3.343243220813279092e-12
6.816652381126914677e-13 2.812531537424626813e-12 6.702134374282081888e-12 6.782844313143455913e-12 9.814742214900948178e-12 2.308348360633058182e-11 1.417783183014873183e-11 1.004379072316219368e-11 7.529202394253169600e-12 8.108423783890780021e-12 6.859151997143344127e-12 7.849546997859952181e-12 7.995875756753678098e-12 6.179459308245722880e-12 7.717697117736867605e-12 1.140573420300358218e-11 1.446951967371691942e-11 1.692647233241226046e-11 2.200476689965770594e-11 2.628647370780360947e-11 2.705575317940460420e-11 2.494842112077277817e-11 1.502290148252304185e-11 3.872185689370661501e-12 2.070504536094385381e-12 -7.449383875660241717e-12
-2.178985321031384033e-12 9.571934709717960856e-13 4.689469257285050923e-12 6.950263437714496533e-12 6.558421085123845799e-12 1.417783183014873183e-11 2.574007380327603627e-11 1.781219301594943199e-11 1.400108727799315801e-11 1.076678626956041897e-11 8.480381014189913066e-12 7.979461722973659324e-12 7.940704105100804224e-12 8.055657560134332347e-12 9.455869006945634063e-12 1.279824691967884947e-11 1.615705734280597296e-11 1.832863487090886891e-11 2.197322076190644337e-11 2.116972519389903504e-11 1.826936555379753368e-11 7.798007715677908059e-12 2.732889955291345992e-12 -2.087497880997891192e-13 9.810869504148775144e-12 3.561218840774817518e-12
-6.049054703153161246e-13 -2.512888368475378335e-12 2.270177670663834609e-12 3.263699579151180534e-12 1.878215328331170807e-12 1.004379072316219368e-11 1.781219301594943199e-11 2.778338195464039500e-11 2.114162286955407689e-11 1.658058681899310276e-11 1.479373564834864482e-11 1.308313837961294697e-11 1.371190990280540347e-11 1.419369399662378616e-11 1.477272338038704970e-11 1.734513614838816299e-11 2.133453088980848265e-11 2.513881683862826699e-11 2.945936075914295840e-11 3.141070747075223380e-11 2.795353574056297591e-11 1.473047636858445339e-11 6.705928346969839243e-12 4.398975369837193867e-12 1.289972127542843939e-11 6.092833009496347376e-12
-2.392273202082947101e-12 -1.169933520012674500e-12 2.444680299751550377e-12 3.148198810812815675e-12 2.300471408545261405e-12 7.529202394253169600e-12 1.400108727799315801e-11 2.114162286955407689e-11 3.155522978718284743e-11 2.569106026710579490e-11 2.247932894381402178e-11 2.237112785056652117e-11 2.361677651695084549e-11 2.584985547340613089e-11 2.715239408645759967e-11 2.825635422628174793e-11 3.134160625982774582e-11 3.576570702823104076e-11 4.306868287883820473e-11 4.955491427199568665e-11 5.276459310886677437e-11 3.779153386136191826e-11 2.595048453926579847e-11 1.083209331044009655e-11 1.043016020860386277e-11 1.074566462549040574e-11
-3.609371298685058628e-12 -1.356606218516708461e-12 2.692780896352882603e-12 1.772762739809906683e-12 3.346785493083594282e-12 8.108423783890780021e-12 1.076678626956041897e-11 1.658058681899310276e-11 2.569106026710579490e-11 3.305845164157499391e-11 2.861067047987194071e-11 2.617591271834038388e-11 2.725783853260235858e-11 3.000195177930100923e-11 3.214059092266712065e-11 3.422132811084667080e-11 3.899736705458264338e-11 4.341307769078236911e-11 5.023280412287578054e-11 5.682777142183071677e-11 5.831109922061042447e-11 4.228186384564378572e-11 3.224988493799361390e-11 2.205093856567665721e-11 1.564811469112929526e-11 -2.531995647860148710e-13
-6.980782741447276432e-12 -1.082648864977149042e-12 7.340959499427138619e-13 3.329204777330655108e-13 2.470710696716154038e-12 6.859151997143344127e-12 8.480381014189913066e-12 1.479373564834864482e-11 2.247932894381402178e-11 2.861067047987194071e-11 3.713892131987703519e-11 3.609216595923187824e-11 3.617320821662429475e-11 3.956223259919951518e-11 4.141618120608877634e-11 4.290115736262265924e-11 4.791449613905455717e-11 5.318881781063572220e-11 5.805322272782211493e-11 6.458655927220380499e-11 6.435695539156494669e-11 4.456180625938361420e-11 3.101635232547180328e-11 1.948512469362699219e-11 1.847710422277460477e-11 -6.880860874853365198e-12
-6.892566219803527623e-12 2.522132860460769684e-13 2.380081322144927197e-12 6.699625021153336062e-13 2.302959176555546708e-12 7.849546997859952181e-12 7.979461722973659324e-12 1.308313837961294697e-11 2.237112785056652117e-11 2.617591271834038388e-11 3.609216595923187824e-11 5.207412321215027152e-11 5.519376004324920747e-11 5.871818051770232266e-11 6.213940006686036990e-11 6.509825036724075084e-11 7.135950305342887888e-11 7.721276000332858878e-11 8.286633678216002676e-11 9.039293138156756265e-11 8.564024969343946230e-11 5.179121795982392325e-11 3.948311099589962203e-11 2.473836441488242611e-11 5.521415799738717265e-12 -1.332785624917429197e-11
-7.597537243355104643e-12 5.810775249128494431e-13 4.605247178529427381e-12 6.918376374111864879e-13 1.785052191172526220e-12 7.995875756753678098e-12 7.940704105100804224e-12 1.371190990280540347e-11 2.361677651695084549e-11 2.725783853260235858e-11 3.617320821662429475e-11 5.519376004324920747e-11 7.428000916937244209e-11 8.140691721120901849e-11 8.601062389403178558e-11 9.024878332757033429e-11 9.734897680377748428e-11 1.051458876682846104e-10 1.143664491631847698e-10 1.250079480573517353e-10 1.156616425415257650e-10 6.309713971317412484e-11 4.187740501925474489e-11 2.776056054547932721e-11 1.529139058498783296e-11 -9.271229607810111347e-12
-6.718757920881584005e-12 -3.005448903993027457e-12 3.319746505203667889e-12 7.786563527753561988e-13 1.841953973232112794e-12 6.179459308245722880e-12 8.055657560134332347e-12 1.419369399662378616e-11 2.584985547340613089e-11 3.000195177930100923e-11 3.956223259919951518e-11 5.871818051770232266e-11 8.140691721120901849e-11 1.094500071543499942e-10 1.207653815345481028e-10 1.290358783820809931e-10 1.400499146958305214e-10 1.546984504202617149e-10 1.686859069873558048e-10 1.794698131533397599e-10 1.584675103645944279e-10 7.233292333717060302e-11 2.157382253411696347e-11 3.002122226314482291e-12 1.055381951703365342e-11 -5.289451898911034223e-12
-6.444419215550552907e-12 -3.737435703024469000e-12 1.122472308143473453e-12 5.092907281628679085e-13 2.310754743928985785e-12 7.717697117736867605e-12 9.455869006945634063e-12 1.477272338038704970e-11 2.715239408645759967e-11 3.214059092266712065e-11 4.141618120608877634e-11 6.213940006686036990e-11 8.601062389403178558e-11 1.207653815345481028e-10 1.593316533351138447e-10 1.812539641032086255e-10 2.023831762589518647e-10 2.243822428871268763e-10 2.435774757601662878e-10 2.576643135970569697e-10 2.364666151428582563e-10 1.219597700961235517e-10 4.378760764701443871e-11 3.380721066126679051e-13 -3.815537038156415903e-12 1.991131762658657448e-13
-7.236184771873041099e-12 -6.304978826736999504e-12 2.061953321911971210e-12 8.805744405883375738e-13 2.639370357519236650e-12 1.140573420300358218e-11 1.279824691967884947e-11 1.734513614838816299e-11 2.825635422628174793e-11 3.422132811084667080e-11 4.290115736262265924e-11 6.509825036724075084e-11 9.024878332757033429e-11 1.290358783820809931e-10 1.812539641032086255e-10 2.316879484742164492e-10 2.740000192888491194e-10 3.088314148291294599e-10 3.349874104922766786e-10 3.543728184416730346e-10 3.346822133635225946e-10 1.803804071840042180e-10 6.130193640096219599e-11 -3.949812166912234041e-12 -1.085417050172298356e-11 -1.177800348093078208e-11
-1.291221801211256539e-11 -9.907254043907035402e-12 7.673425765768106314e-13 3.859873293818431297e-12 4.922085489114210555e-12 1.446951967371691942e-11 1.615705734280597296e-11 2.133453088980848265e-11 3.134160625982774582e-11 3.899736705458264338e-11 4.791449613905455717e-11 7.135950305342887888e-11 9.734897680377748428e-11 1.400499146958305214e-10 2.023831762589518647e-10 2.740000192888491194e-10 3.593879561611998934e-10 4.259001598891391728e-10 4.704227599812382055e-10 5.035479687091062140e-10 4.807026708004512096e-10 2.672310232980233456e-10 8.645671568926074513e-11 -4.584290795385011238e-12 -2.061376427857169444e-11 -3.663718811080891551e-11
-1.648595372209222324e-11 -1.371884822867466146e-11 2.126224518779527869e-12 5.248494252912181854e-12 7.656754666761259225e-12 1.692647233241226046e-11 1.832863487090886891e-11 2.513881683862826699e-11 3.576570702823104076e-11 4.341307769078236911e-11 5.318881781063572220e-11 7.721276000332858878e-11 1.051458876682846104e-10 1.546984504202617149e-10 2.243822428871268763e-10 3.088314148291294599e-10 4.259001598891391728e-10 5.582610094662232923e-10 6.502360204412509916e-10 7.150177159611814249e-10 6.978734987492941967e-10 4.350605224063866736e-10 1.677130736803866515e-10 1.603567496397225639e-11 -4.103852400804189736e-11 -7.973736012752018133e-11
-2.177540810354102138e-11 -9.892196554798260490e-12 7.680343478852727750e-12 9.242554810652931121e-12 1.563540345560509354e-11 2.200476689965770594e-11 2.197322076190644337e-11 2.945936075914295840e-11 4.306868287883820473e-11 5.023280412287578054e-11 5.805322272782211493e-11 8.286633678216002676e-11 1.143664491631847698e-10 1.686859069873558048e-10 2.435774757601662878e-10 3.349874104922766786e-10 4.704227599812382055e-10 6.502360204412509916e-10 8.359527289904814367e-10 9.818203140894262269e-10 1.005255419809009341e-09 7.148241527291798588e-10 3.251576475011425502e-10 5.475049166083880226e-11 -4.784030433281241079e-11 -1.038874440130239334e-10
-2.098753563534005326e-11 1.512175451658314540e-13 8.883715632446668760e-12 1.524068881254917391e-11 2.111159165086837956e-11 2.628647370780360947e-11 2.116972519389903504e-11 3.141070747075223380e-11 4.955491427199568665e-11 5.682777142183071677e-11 6.458655927220380499e-11 9.039293138156756265e-11 1.250079480573517353e-10 1.794698131533397599e-10 2.576643135970569697e-10 3.543728184416730346e-10 5.035479687091062140e-10 7.150177159611814249e-10 9.818203140894262269e-10 1.269289314734434509e-09 1.399809222694396903e-09 1.124529604172656683e-09 6.017115693317175235e-10 1.290687079977566382e-10 -5.311971519484617710e-11 -1.441483684155928355e-10
-3.329792324026140131e-11 2.783190850828346121e-13 1.513692611139661577e-12 1.432613682791012395e-11 2.206523225399917609e-11 2.705575317940460420e-11 1.826936555379753368e-11 2.795353574056297591e-11 5.276459310886677437e-11 5.831109922061042447e-11 6.435695539156494669e-11 8.564024969343946230e-11 1.156616425415257650e-10 1.584675103645944279e-10 2.364666151428582563e-10 3.346822133635225946e-10 4.807026708004512096e-10 6.978734987492941967e-10 1.005255419809009341e-09 1.399809222694396903e-09 1.712014075633126131e-09 1.560893936146968459e-09 9.695748353883974076e-10 2.336991598212737326e-10 -8.925986799550898954e-11 -2.037696637355586795e-10
-3.096614779600922515e-11 2.117010514694296480e-12 3.238864689016724181e-12 1.374968066713353178e-11 1.681048833063245175e-11 2.494842112077277817e-11 7.798007715677908059e-12 1.473047636858445339e-11 3.779153386136191826e-11 4.228186384564378572e-11 4.456180625938361420e-11 5.179121795982392325e-11 6.309713971317412484e-11 7.233292333717060302e-11 1.219597700961235517e-10 1.803804071840042180e-10 2.672310232980233456e-10 4.350605224063866736e-10 7.148241527291798588e-10 1.124529604172656683e-09 1.560893936146968459e-09 1.766705121555888235e-09 1.378478801103769968e-09 5.004811637024514367e-10 -8.283419796821075743e-11 -2.293578710035577706e-10
-3.033013557984101488e-11 1.148946285639559311e-11 1.415881529856466933e-11 1.504622381456372340e-11 8.735028264313048229e-12 1.502290148252304185e-11 2.732889955291345992e-12 6.705928346969839243e-12 2.595048453926579847e-11 3.224988493799361390e-11 3.101635232547180328e-11 3.948311099589962203e-11 4.187740501925474489e-11 2.157382253411696347e-11 4.378760764701443871e-11 6.130193640096219599e-11 8.645671568926074513e-11 1.677130736803866515e-10 3.251576475011425502e-10 6.017115693317175235e-10 9.695748353883974076e-10 1.378478801103769968e-09 1.531760927107754405e-09 9.540843511973193474e-10 7.200919858025655725e-11 -1.801330893532710508e-10
-1.523553824894830299e-11 1.894939229504710867e-11 2.771595785382226928e-11 1.321906535729264630e-11 7.916238435141374161e-12 3.872185689370661501e-12 -2.087497880997891192e-13 4.398975369837193867e-12 1.083209331044009655e-11 2.205093856567665721e-11 1.948512469362699219e-11 2.473836441488242611e-11 2.776056054547932721e-11 3.002122226314482291e-12 3.380721066126679051e-13 -3.949812166912234041e-12 -4.584290795385011238e-12 1.603567496397225639e-11 5.475049166083880226e-11 1.290687079977566382e-10 2.336991598212737326e-10 5.004811637024514367e-10 9.540843511973193474e-10 1.129546104453215429e-09 4.824382553067563348e-10 -2.467517742199534358e-11
3.514762680979191481e-11 1.652689740471929390e-11 9.398391353084874648e-12 9.045646664698258554e-13 3.200111790980739268e-12 2.070504536094385381e-12 9.810869504148775144e-12 1.289972127542843939e-11 1.043016020860386277e-11 1.564811469112929526e-11 1.847710422277460477e-11 5.521415799738717265e-12 1.529139058498783296e-11 1.055381951703365342e-11 -3.815537038156415903e-12 -1.085417050172298356e-11 -2.061376427857169444e-11 -4.103852400804189736e-11 -4.784030433281241079e-11 -5.311971519484617710e-11 -8.925986799550898954e-11 -8.283419796821075743e-11 7.200919858025655725e-11 4.824382553067563348e-10 9.496440788467406730e-10 5.015644267424789530e-10
5.021287324304625745e-11 -4.096322739573295513e-12 -1.102783814015822500e-11 -1.812540512784415635e-11 -3.343243220813279092e-12 -7.449383875660241717e-12 3.561218840774817518e-12 6.092833009496347376e-12 1.074566462549040574e-11 -2.531995647860148710e-13 -6.880860874853365198e-12 -1.332785624917429197e-11 -9.271229607810111347e-12 -5.289451898911034223e-12 1.991131762658657448e-13 -1.177800348093078208e-11 -3.663718811080891551e-11 -7.973736012752018133e-11 -1.038874440130239334e-10 -1.441483684155928355e-10 -2.037696637355586795e-10 -2.293578710035577706e-10 -1.801330893532710508e-10 -2.467517742199534358e-11 5.015644267424789530e-10 9.909769778448115334e-10
