6.756295639854563338e-11 1.461660845056501502e-11 1.065701001083205901e-11 -1.277094368401015873e-12 -2.828547621676575761e-14 -1.409550094064634221e-12 1.283567361580229730e-12 7.646315216809869829e-13 -2.654301613310697515e-13 -1.268776639627681857e-12 -3.113200714862552745e-12 -9.635292611815829673e-13 4.790442940376747784e-13 4.224128522479576283e-12 4.568404846251863067e-12 4.621743878379279452e-12 8.081569210106372169e-12 1.099503205205536997e-11 1.186979555137528635e-11 1.265571694508778871e-11 1.377167633823914893e-11 1.068389994621608300e-11 5.821188720713646425e-12 -5.254382230059102204e-12 -1.149926168137395186e-11 -2.242818907229459297e-12
1.461660845056501502e-11 5.097045999302890317e-11 1.465324057474426528e-11 5.250679963992190989e-12 1.279384388989330873e-12 3.823729331957425340e-12 3.140443932016290288e-12 2.519222253797431832e-12 6.291982686637891354e-13 -9.569500494969135683e-14 -1.075211370957368625e-12 -6.011907412182678591e-12 -3.923007223035054544e-12 -1.244753907689869168e-12 1.083838011052955983e-12 1.582384013702864663e-12 1.032383394841986077e-13 3.653720712376098010e-13 1.449646635290673351e-12 2.058142682046427594e-12 3.805193739481744612e-12 2.671665548791169159e-12 5.437634497880290810e-13 3.270019408104983114e-13 2.916996965137007318e-13 -9.317762672231032288e-12
1.065701001083205901e-11 1.465324057474426528e-11 3.829801142478377418e-11 9.297720004134612298e-12 4.629914519027882999e-12 5.963488589771566462e-12 4.322649785595198780e-12 2.069504700145441519e-12 1.719576490888242478e-12 1.029976624372942863e-12 1.226880090080747944e-12 -9.406355232052197771e-13 -2.720094879215937999e-13 2.077197544893048011e-13 1.098060434618973061e-12 1.806041461264195480e-12 2.369445687080689001e-12 6.816617623799571837e-13 -1.475803867953679368e-12 -3.934559803833960363e-12 -6.749090061644203611e-12 -3.113526022737101718e-12 5.509169356497021731e-13 1.970728101978595970e-12 7.871316875350937273e-12 3.871356941179477508e-12
-1.277094368401015873e-12 5.250679963992190989e-12 9.297720004134612298e-12 3.159050239223259645e-11 1.125805845322052968e-11 8.278676975417066132e-12 4.696807659469700486e-12 4.862052654888387592e-12 3.743889334171004087e-12 3.210263443310625189e-12 3.577576609886655991e-12 1.925736555368515124e-12 1.033609606938011766e-12 1.802497903377689485e-12 2.121026784862587592e-12 -4.844847904493866987e-13 -1.850094001115705474e-13 -1.275569496449903481e-12 6.819694258103646148e-13 2.389012545768401666e-12 4.451760981128035255e-12 5.448530680722326016e-12 4.816161889666330112e-12 2.187359861884521486e-12 4.897620923538259186e-12 1.393492918989136119e-11
-2.828547621676575761e-14 1.279384388989330873e-12 4.629914519027882999e-12 1.125805845322052968e-11 2.410669411773465791e-11 1.438011597586901909e-11 9.064511072785331680e-12 4.911830060265640691e-12 4.436064605481532263e-12 2.445667635950951900e-12 3.283375989410988958e-12 3.002277445360735067e-12 1.140259281121146242e-12 1.086779830642247264e-12 1.031856269260548026e-12 2.539594282129660470e-12 2.953146457351181734e-12 2.428309245847951720e-12 3.110322583939396911e-12 6.628163755137972240e-12 9.545695991814914271e-12 8.832090458779026209e-12 3.478720249597637708e-12 -2.430285964249611223e-12 4.400636068965629658e-12 1.058664791536297463e-11
-1.409550094064634221e-12 3.823729331957425340e-12 5.963488589771566462e-12 8.278676975417066132e-12 1.438011597586901909e-11 2.470477553181511109e-11 1.421500940208408972e-11 9.123470637039322259e-12 8.030692578829768947e-12 4.497391225387033673e-12 2.836813602767948646e-12 1.868463226444229219e-12 9.665996286808258185e-13 -6.624351283689178794e-13 -6.115079215236582644e-14 1.100632795359404407e-12 2.033141874416439658e-12 -7.297740559126413225e-13 -1.197638067979410204e-12 6.820275550488911150e-13 3.608896478665934506e-12 5.079081057165260208e-12 2.100067009282956716e-12 -4.596782494510575361e-12 3.498509302059647619e-12 7.766536684995460936e-12
1.283567361580229730e-12 3.140443932016290288e-12 4.322649785595198780e-12 4.696807659469700486e-12 9.064511072785331680e-12 1.421500940208408972e-11 2.011131574366154836e-11 1.374971957886970263e-11 1.027802320210847378e-11 8.154475615487150026e-12 6.075707774411072138e-12 4.617542110694637257e-12 3.688398845567229225e-12 3.095995937001880370e-12 4.553991055763117442e-12 7.193323053356480450e-12 9.093618886482643722e-12 7.839760940316537308e-12 7.456718030832095704e-12 9.100667148035548035e-12 9.962768627084866709e-12 4.810299953718766727e-12 -7.058518753174966359e-13 -6.359067227038078414e-12 2.272342263922390511e-13 -1.866990350877226357e-12
7.646315216809869829e-13 2.519222253797431832e-12 2.069504700145441519e-12 4.862052654888387592e-12 4.911830060265640691e-12 9.123470637039322259e-12 1.374971957886970263e-11 1.986491051534649521e-11 1.450765682656133792e-11 1.143147699142919309e-11 8.457753105134257713e-12 7.081511912229594008e-12 4.590372344584500735e-12 3.787437811497914526e-12 4.487590186899684144e-12 7.312494128957637192e-12 9.803343819531819058e-12 9.064234123814950276e-12 9.670468377493819049e-12 1.075413845886385698e-11 9.827450020704979889e-12 3.218328831533364706e-12 -3.157953038584136137e-12 -8.076486801956489571e-12 -6.037445092693098732e-12 -9.600863651497874278e-12
-2.654301613310697515e-13 6.291982686637891354e-13 1.719576490888242478e-12 3.743889334171004087e-12 4.436064605481532263e-12 8.030692578829768947e-12 1.027802320210847378e-11 1.450765682656133792e-11 2.200227826019068423e-11 1.637541752804186249e-11 1.212410071400752456e-11 1.041123152043386965e-11 8.086965585630169232e-12 7.780547241818670419e-12 7.036253206701096228e-12 7.957992686426877788e-12 1.073182946857398443e-11 8.397410670963877463e-12 8.036063133273150473e-12 8.996145920064165082e-12 5.964907213861644182e-12 8.468066559679175695e-13 1.054491138407646680e-12 -2.300208385929883797e-12 -5.065691724438935853e-12 -3.923897488248178437e-12
-1.268776639627681857e-12 -9.569500494969135683e-14 1.029976624372942863e-12 3.210263443310625189e-12 2.445667635950951900e-12 4.497391225387033673e-12 8.154475615487150026e-12 1.143147699142919309e-11 1.637541752804186249e-11 2.189186879653831155e-11 1.768018635230772721e-11 1.355563303799665835e-11 1.062549703036746252e-11 9.073075761732699838e-12 6.773476851657666849e-12 7.767226000640485713e-12 9.453625983939291278e-12 7.640043497347546642e-12 7.079800051458184329e-12 7.248856831981069193e-12 6.130560466221231874e-12 5.585151936433879901e-13 -2.153220063161760669e-12 -8.180832945075039814e-12 -4.900656767825353635e-12 -8.223135210113853837e-12
-3.113200714862552745e-12 -1.075211370957368625e-12 1.226880090080747944e-12 3.577576609886655991e-12 3.283375989410988958e-12 2.836813602767948646e-12 6.075707774411072138e-12 8.457753105134257713e-12 1.212410071400752456e-11 1.768018635230772721e-11 2.351852054437296227e-11 1.995274849536366531e-11 1.618718193081751480e-11 1.418460691088757085e-11 1.275898565082937847e-11 1.291158196183102467e-11 1.321720434568897936e-11 1.251482376477246016e-11 1.208225074755330049e-11 1.258957830779053644e-11 8.413242116391036813e-12 -2.817100769309252472e-12 -7.120476923479860351e-12 -1.031068997063172174e-11 -6.196278247575990561e-12 -7.938894405401287883e-12
-9.635292611815829673e-13 -6.011907412182678591e-12 -9.406355232052197771e-13 1.925736555368515124e-12 3.002277445360735067e-12 1.868463226444229219e-12 4.617542110694637257e-12 7.081511912229594008e-12 1.041123152043386965e-11 1.355563303799665835e-11 1.995274849536366531e-11 2.841628612624740256e-11 2.643100598135045557e-11 2.374025921157669116e-11 2.132631885119901939e-11 1.989831629192221727e-11 1.944762487316949562e-11 1.869945055104344489e-11 1.797915889084606843e-11 1.962765657292705917e-11 1.225250757146669203e-11 -3.102028259205136932e-12 -4.560561401643106346e-12 -7.070182330811666576e-12 -8.132219850600827738e-12 -3.313858041467850351e-12
4.790442940376747784e-13 -3.923007223035054544e-12 -2.720094879215937999e-13 1.033609606938011766e-12 1.140259281121146242e-12 9.665996286808258185e-13 3.688398845567229225e-12 4.590372344584500735e-12 8.086965585630169232e-12 1.062549703036746252e-11 1.618718193081751480e-11 2.643100598135045557e-11 3.704591299979040355e-11 3.576619195703746868e-11 3.264946460182604597e-11 3.081286093454635348e-11 2.969010945324424102e-11 2.988731455624335449e-11 3.000242561939618105e-11 3.086984918687421657e-11 1.973938725694691279e-11 -4.349949090297662901e-12 -5.872630087969253583e-12 -3.101063918765379335e-12 -9.502575141635250473e-12 -8.955417965926372593e-12
4.224128522479576283e-12 -1.244753907689869168e-12 2.077197544893048011e-13 1.802497903377689485e-12 1.086779830642247264e-12 -6.624351283689178794e-13 3.095995937001880370e-12 3.787437811497914526e-12 7.780547241818670419e-12 9.073075761732699838e-12 1.418460691088757085e-11 2.374025921157669116e-11 3.576619195703746868e-11 4.782926550651018653e-11 4.888868002662906927e-11 4.806272389987747269e-11 4.684944696090647727e-11 4.739581844857876861e-11 4.866479225489920535e-11 5.037204284338294721e-11 3.736016575072821086e-11 1.161501646939351350e-12 -5.409609294385234932e-12 -1.045708593012502841e-12 -6.495633836419237289e-12 -4.787491418021776564e-12
4.568404846251863067e-12 1.083838011052955983e-12 1.098060434618973061e-12 2.121026784862587592e-12 1.031856269260548026e-12 -6.115079215236582644e-14 4.553991055763117442e-12 4.487590186899684144e-12 7.036253206701096228e-12 6.773476851657666849e-12 1.275898565082937847e-11 2.132631885119901939e-11 3.264946460182604597e-11 4.888868002662906927e-11 6.521528284161138491e-11 6.900765775088478228e-11 6.872054310415433660e-11 6.985514406580511916e-11 7.178511500037364907e-11 7.749918910651891122e-11 6.455935087768630343e-11 1.478837838585923345e-11 -3.130463142291216067e-12 -3.989470928649596485e-12 -4.783000129138386410e-12 -3.142044652611909286e-12
4.621743878379279452e-12 1.582384013702864663e-12 1.806041461264195480e-12 -4.844847904493866987e-13 2.539594282129660470e-12 1.100632795359404407e-12 7.193323053356480450e-12 7.312494128957637192e-12 7.957992686426877788e-12 7.767226000640485713e-12 1.291158196183102467e-11 1.989831629192221727e-11 3.081286093454635348e-11 4.806272389987747269e-11 6.900765775088478228e-11 8.925073569773317309e-11 9.575151225587535836e-11 1.000931558194088815e-10 1.041886212809562795e-10 1.136085080131643603e-10 1.024344524298414584e-10 4.080074570730647801e-11 6.361885771240194364e-12 4.088419204276858601e-13 -6.089821371174838544e-12 -8.912729038857815743e-12
8.081569210106372169e-12 1.032383394841986077e-13 2.369445687080689001e-12 -1.850094001115705474e-13 2.953146457351181734e-12 2.033141874416439658e-12 9.093618886482643722e-12 9.803343819531819058e-12 1.073182946857398443e-11 9.453625983939291278e-12 1.321720434568897936e-11 1.944762487316949562e-11 2.969010945324424102e-11 4.684944696090647727e-11 6.872054310415433660e-11 9.575151225587535836e-11 1.197729984307717288e-10 1.297469383064645695e-10 1.366089024798573026e-10 1.498471575885064729e-10 1.389556349131809046e-10 6.708932136327449946e-11 1.410682179671587900e-11 3.363684827867356586e-12 -9.575677506365330931e-12 -1.443523146610019750e-11
1.099503205205536997e-11 3.653720712376098010e-13 6.816617623799571837e-13 -1.275569496449903481e-12 2.428309245847951720e-12 -7.297740559126413225e-13 7.839760940316537308e-12 9.064234123814950276e-12 8.397410670963877463e-12 7.640043497347546642e-12 1.251482376477246016e-11 1.869945055104344489e-11 2.988731455624335449e-11 4.739581844857876861e-11 6.985514406580511916e-11 1.000931558194088815e-10 1.297469383064645695e-10 1.618663549874386954e-10 1.786430400817513069e-10 1.958900734261050240e-10 1.855761293379159741e-10 1.030710306392247686e-10 2.542646948519347079e-11 7.503507572576328106e-12 -1.367710176097617515e-11 -1.777197076621743721e-11
1.186979555137528635e-11 1.449646635290673351e-12 -1.475803867953679368e-12 6.819694258103646148e-13 3.110322583939396911e-12 -1.197638067979410204e-12 7.456718030832095704e-12 9.670468377493819049e-12 8.036063133273150473e-12 7.079800051458184329e-12 1.208225074755330049e-11 1.797915889084606843e-11 3.000242561939618105e-11 4.866479225489920535e-11 7.178511500037364907e-11 1.041886212809562795e-10 1.366089024798573026e-10 1.786430400817513069e-10 2.218540197680032989e-10 2.531298288255658656e-10 2.472514624430055499e-10 1.585718410479876662e-10 5.218544328294720569e-11 1.756255960129375532e-11 -1.161337471299985793e-11 -2.064129599339336764e-11
1.265571694508778871e-11 2.058142682046427594e-12 -3.934559803833960363e-12 2.389012545768401666e-12 6.628163755137972240e-12 6.820275550488911150e-13 9.100667148035548035e-12 1.075413845886385698e-11 8.996145920064165082e-12 7.248856831981069193e-12 1.258957830779053644e-11 1.962765657292705917e-11 3.086984918687421657e-11 5.037204284338294721e-11 7.749918910651891122e-11 1.136085080131643603e-10 1.498471575885064729e-10 1.958900734261050240e-10 2.531298288255658656e-10 3.296254975961661879e-10 3.485545075733549150e-10 2.579187607781295077e-10 1.183038518610847567e-10 3.701583074398008711e-11 -3.809663613184879911e-12 -1.831584293197152153e-11
1.377167633823914893e-11 3.805193739481744612e-12 -6.749090061644203611e-12 4.451760981128035255e-12 9.545695991814914271e-12 3.608896478665934506e-12 9.962768627084866709e-12 9.827450020704979889e-12 5.964907213861644182e-12 6.130560466221231874e-12 8.413242116391036813e-12 1.225250757146669203e-11 1.973938725694691279e-11 3.736016575072821086e-11 6.455935087768630343e-11 1.024344524298414584e-10 1.389556349131809046e-10 1.855761293379159741e-10 2.472514624430055499e-10 3.485545075733549150e-10 4.411849077422722715e-10 3.961401860995006567e-10 2.400212447277870388e-10 7.076469329244549006e-11 -6.156263776164135161e-12 -2.036416654308232174e-11
1.068389994621608300e-11 2.671665548791169159e-12 -3.113526022737101718e-12 5.448530680722326016e-12 8.832090458779026209e-12 5.079081057165260208e-12 4.810299953718766727e-12 3.218328831533364706e-12 8.468066559679175695e-13 5.585151936433879901e-13 -2.817100769309252472e-12 -3.102028259205136932e-12 -4.349949090297662901e-12 1.161501646939351350e-12 1.478837838585923345e-11 4.080074570730647801e-11 6.708932136327449946e-11 1.030710306392247686e-10 1.585718410479876662e-10 2.579187607781295077e-10 3.961401860995006567e-10 4.844011580217422472e-10 3.858820303080390731e-10 1.502888293976286880e-10 4.080918146013434224e-12 -1.385966827033940378e-11
5.821188720713646425e-12 5.437634497880290810e-13 5.509169356497021731e-13 4.816161889666330112e-12 3.478720249597637708e-12 2.100067009282956716e-12 -7.058518753174966359e-13 -3.157953038584136137e-12 1.054491138407646680e-12 -2.153220063161760669e-12 -7.120476923479860351e-12 -4.560561401643106346e-12 -5.872630087969253583e-12 -5.409609294385234932e-12 -3.130463142291216067e-12 6.361885771240194364e-12 1.410682179671587900e-11 2.542646948519347079e-11 5.218544328294720569e-11 1.183038518610847567e-10 2.400212447277870388e-10 3.858820303080390731e-10 4.470018071099181092e-10 2.753790730572439595e-10 5.833494771156970114e-11 9.173056680049752041e-12
-5.254382230059102204e-12 3.270019408104983114e-13 1.970728101978595970e-12 2.187359861884521486e-12 -2.430285964249611223e-12 -4.596782494510575361e-12 -6.359067227038078414e-12 -8.076486801956489571e-12 -2.300208385929883797e-12 -8.180832945075039814e-12 -1.031068997063172174e-11 -7.070182330811666576e-12 -3.101063918765379335e-12 -1.045708593012502841e-12 -3.989470928649596485e-12 4.088419204276858601e-13 3.363684827867356586e-12 7.503507572576328106e-12 1.756255960129375532e-11 3.701583074398008711e-11 7.076469329244549006e-11 1.502888293976286880e-10 2.753790730572439595e-10 3.460213340862347345e-10 1.928896904710267111e-10 3.855954387370525849e-11
-1.149926168137395186e-11 2.916996965137007318e-13 7.871316875350937273e-12 4.897620923538259186e-12 4.400636068965629658e-12 3.498509302059647619e-12 2.272342263922390511e-13 -6.037445092693098732e-12 -5.065691724438935853e-12 -4.900656767825353635e-12 -6.196278247575990561e-12 -8.132219850600827738e-12 -9.502575141635250473e-12 -6.495633836419237289e-12 -4.783000129138386410e-12 -6.089821371174838544e-12 -9.575677506365330931e-12 -1.367710176097617515e-11 -1.161337471299985793e-11 -3.809663613184879911e-12 -6.156263776164135161e-12 4.080918146013434224e-12 5.833494771156970114e-11 1.928896904710267111e-10 2.993126970252876587e-10 1.585634282555725280e-10
-2.242818907229459297e-12 -9.317762672231032288e-12 3.871356941179477508e-12 1.393492918989136119e-11 1.058664791536297463e-11 7.766536684995460936e-12 -1.866990350877226357e-12 -9.600863651497874278e-12 -3.923897488248178437e-12 -8.223135210113853837e-12 -7.938894405401287883e-12 -3.313858041467850351e-12 -8.955417965926372593e-12 -4.787491418021776564e-12 -3.142044652611909286e-12 -8.912729038857815743e-12 -1.443523146610019750e-11 -1.777197076621743721e-11 -2.064129599339336764e-11 -1.831584293197152153e-11 -2.036416654308232174e-11 -1.385966827033940378e-11 9.173056680049752041e-12 3.855954387370525849e-11 1.585634282555725280e-10 3.354888746084702385e-10
