6.900996227011288872e-11 1.148970328572380663e-11 3.529109718305159931e-12 -2.415298757489581916e-14 8.082031486139239623e-14 3.131866517227667254e-12 3.523645565023233779e-12 2.684408883457126517e-12 -8.028535511230553897e-13 -3.652002961379055546e-13 2.180656968947997410e-13 -4.998537649810202117e-12 -9.292476738937234127e-12 -9.240188528449063645e-12 -8.242498326966028087e-12 -4.502820389316019917e-12 -6.576742045190254806e-13 -1.790310873582980816e-13 -2.055135795906275539e-12 -3.690665125411566862e-12 -5.948093215527853626e-13 6.922304913960786529e-12 7.451494903407673315e-12 1.382182492621831565e-11 1.703967873484006748e-11 -6.367471839552700368e-13
1.148970328572380663e-11 5.571150432112267077e-11 1.533196344494911038e-11 6.874538764477793288e-12 4.189684250174722523e-12 4.268987377086884261e-12 3.812953746732121984e-12 1.123426150559202760e-12 -2.339507514672257545e-13 -7.140603961256808076e-13 -1.894706403692714850e-12 -1.048060806952061407e-12 -1.515145858683641792e-12 -2.006033456367584794e-15 1.225947177271233011e-12 2.867529442383463986e-12 6.595356119203923299e-12 3.110794547843331043e-12 3.079297329340812509e-12 6.193542862543091261e-12 5.692559607215184171e-12 7.979603043744099055e-12 1.089933561482880723e-11 1.187630746278878061e-11 1.044750736097664055e-11 4.111457410780848129e-12
3.529109718305159931e-12 1.533196344494911038e-11 4.162392219813454280e-11 1.266737731887180069e-11 4.942718970257571984e-12 5.725855365692468585e-12 5.330713690478056718e-12 1.345115902378493716e-12 6.202498431431119817e-13 2.347606706466975217e-12 2.902950683804828560e-12 2.190351155709126785e-12 1.557112380941192815e-12 1.802313055913821933e-12 1.527124988516331647e-12 2.427144073614922037e-12 3.739106440664662738e-12 6.262644207998319395e-13 -8.061870235329923767e-13 2.320828273075063201e-13 2.984078254878719879e-12 3.526184690903114043e-12 8.561557926024893881e-12 8.526546484472015547e-12 7.459649583714799898e-12 4.012075514505029098e-12
-2.415298757489581916e-14 6.874538764477793288e-12 1.266737731887180069e-11 3.194900482132142445e-11 1.290928587351018416e-11 8.505303142529427672e-12 5.998359266187691005e-12 3.117840724880165425e-12 2.447227540533970508e-12 1.021048253363971265e-12 2.329405847012755453e-12 1.193908565732455314e-12 6.574013616592341018e-13 1.578341826628677995e-12 3.079092635719485520e-12 3.038310232549538848e-12 3.404554024398182048e-12 2.645663981113560772e-12 5.297145636893966818e-12 8.317341491063431707e-12 9.181114916981255262e-12 1.209995820050196842e-11 9.531592828089194244e-12 4.019684665369353390e-12 4.526890518073300430e-12 9.183088030297494735e-12
8.082031486139239623e-14 4.189684250174722523e-12 4.942718970257571984e-12 1.290928587351018416e-11 2.483663349509768842e-11 1.350454915561867052e-11 9.577034391093655622e-12 5.823600848157531957e-12 4.912274300668389489e-12 4.104646481278208224e-12 3.227128739536998377e-12 2.195959425514120959e-12 8.907577180246218028e-13 5.024322013499535782e-13 4.427134474279526794e-13 8.767570087427262249e-13 2.716222838745510581e-12 1.747833477943062597e-12 2.000953625761361536e-12 5.511996785921874397e-12 8.330251281804348037e-12 9.366688588757270041e-12 6.354973968500118754e-12 -4.145487812601589622e-12 -3.765674947945203971e-13 9.080400368129696504e-12
3.131866517227667254e-12 4.268987377086884261e-12 5.725855365692468585e-12 8.505303142529427672e-12 1.350454915561867052e-11 2.329250784417288058e-11 1.316302870048101033e-11 8.913168552304433146e-12 7.416517291425272542e-12 4.597733927626305193e-12 3.101800287708219026e-12 1.954240019025164147e-12 2.055753844298363794e-12 5.333951776111300715e-13 1.849026042317049525e-12 2.943652861595279202e-12 3.011303374384911477e-12 1.562663218246249549e-13 -1.159791623920943676e-12 1.202012825469411527e-12 2.956480369960141760e-12 3.938217643429378058e-12 9.740087998350472619e-13 -5.996324569913898104e-12 3.621110802357141794e-12 9.290057208623643944e-12
3.523645565023233779e-12 3.812953746732121984e-12 5.330713690478056718e-12 5.998359266187691005e-12 9.577034391093655622e-12 1.316302870048101033e-11 2.123468519689266121e-11 1.387185253689628897e-11 1.047056108299655570e-11 7.202863484296717895e-12 4.613746908157192773e-12 3.271485379780741628e-12 1.784032474510144325e-12 1.605138559743716405e-12 2.895925383454469977e-12 6.252687363198232707e-12 8.169051148911717151e-12 6.638878101843084617e-12 7.278516768680734854e-12 9.671644839402284925e-12 1.071273926449904374e-11 8.419508020354890942e-12 4.811921839107477501e-12 -1.182673101453960183e-12 2.617803602500734681e-12 1.289236090604846088e-12
2.684408883457126517e-12 1.123426150559202760e-12 1.345115902378493716e-12 3.117840724880165425e-12 5.823600848157531957e-12 8.913168552304433146e-12 1.387185253689628897e-11 2.163650063061332287e-11 1.538605275967815436e-11 1.122544335474215475e-11 8.373851207492703159e-12 7.290317726093602118e-12 4.890017896748915436e-12 3.865119578789755997e-12 3.828180090814744957e-12 7.131085932397251380e-12 1.020026315304245693e-11 9.001712030994296765e-12 1.066977689906372770e-11 1.185797468028595683e-11 1.051063267154387173e-11 4.968079762612226190e-12 -1.509766495657942301e-12 -7.513046739931091813e-12 -5.511284983440845778e-12 -1.069416797256013900e-11
-8.028535511230553897e-13 -2.339507514672257545e-13 6.202498431431119817e-13 2.447227540533970508e-12 4.912274300668389489e-12 7.416517291425272542e-12 1.047056108299655570e-11 1.538605275967815436e-11 2.311984801484694479e-11 1.636992608708183320e-11 1.214941891185452278e-11 1.089379570284271223e-11 7.980015762282050971e-12 7.458202860697751466e-12 6.030898227552629151e-12 6.929979415371231538e-12 1.007136423776484000e-11 8.238890490666654305e-12 8.604459189597974600e-12 8.229775606394810512e-12 5.052431370925599205e-12 1.909990375070983484e-12 1.342704496447538863e-12 -3.145595689111240175e-12 -5.821670367979875243e-12 -5.169974638598548646e-12
-3.652002961379055546e-13 -7.140603961256808076e-13 2.347606706466975217e-12 1.021048253363971265e-12 4.104646481278208224e-12 4.597733927626305193e-12 7.202863484296717895e-12 1.122544335474215475e-11 1.636992608708183320e-11 2.112952952022785415e-11 1.694319314350723483e-11 1.324139935925613099e-11 1.054041832264321206e-11 9.448256232068007325e-12 7.983313136514620723e-12 9.047101942107974392e-12 1.077315100229797415e-11 9.427879031027302681e-12 9.049460065776367218e-12 9.668969856439270339e-12 7.692308667996641829e-12 1.620409321892368845e-12 -1.958173155031472414e-12 -7.258817069450359533e-12 -5.213511252474876714e-12 -9.736366027978084637e-12
2.180656968947997410e-13 -1.894706403692714850e-12 2.902950683804828560e-12 2.329405847012755453e-12 3.227128739536998377e-12 3.101800287708219026e-12 4.613746908157192773e-12 8.373851207492703159e-12 1.214941891185452278e-11 1.694319314350723483e-11 2.298176241692978663e-11 1.932209236120502600e-11 1.512589125619471219e-11 1.352132868957532401e-11 1.226766513943707765e-11 1.265132602892746173e-11 1.297326007350230109e-11 1.265694344800644581e-11 1.252752026607284557e-11 1.295645633564459977e-11 9.219376259619892518e-12 -2.204276062508878987e-12 -7.567067367563913356e-12 -1.184078851469451059e-11 -8.032679629589565023e-12 -7.235689535580090347e-12
-4.998537649810202117e-12 -1.048060806952061407e-12 2.190351155709126785e-12 1.193908565732455314e-12 2.195959425514120959e-12 1.954240019025164147e-12 3.271485379780741628e-12 7.290317726093602118e-12 1.089379570284271223e-11 1.324139935925613099e-11 1.932209236120502600e-11 2.843500582629276944e-11 2.635332963917564956e-11 2.385637546194745626e-11 2.118766710146970352e-11 1.953293704587195524e-11 1.854013094078449492e-11 1.734822911049697263e-11 1.662949493840398046e-11 1.816415971005740376e-11 1.185260398345007776e-11 -2.641404681893596711e-12 -3.648454262296452890e-12 -7.164419584578894107e-12 -8.714083188039375261e-12 -3.836710706095733159e-12
-9.292476738937234127e-12 -1.515145858683641792e-12 1.557112380941192815e-12 6.574013616592341018e-13 8.907577180246218028e-13 2.055753844298363794e-12 1.784032474510144325e-12 4.890017896748915436e-12 7.980015762282050971e-12 1.054041832264321206e-11 1.512589125619471219e-11 2.635332963917564956e-11 3.677916988148892920e-11 3.524606664432665612e-11 3.205972624218647032e-11 2.999517563084847968e-11 2.863810376953962152e-11 2.896635816347564532e-11 2.888516963809958032e-11 2.989833210605199414e-11 1.866385897189917677e-11 -5.072057250574641045e-12 -5.599236677954875727e-12 -1.622463422232118863e-12 -8.889720573879817049e-12 -7.910372572902340467e-12
-9.240188528449063645e-12 -2.006033456367584794e-15 1.802313055913821933e-12 1.578341826628677995e-12 5.024322013499535782e-13 5.333951776111300715e-13 1.605138559743716405e-12 3.865119578789755997e-12 7.458202860697751466e-12 9.448256232068007325e-12 1.352132868957532401e-11 2.385637546194745626e-11 3.524606664432665612e-11 4.704331374052868662e-11 4.815091106754334792e-11 4.762223129190231365e-11 4.672146987803349503e-11 4.732184765510499342e-11 4.863121512845939904e-11 5.079135719130920890e-11 3.796445915770629357e-11 2.148336460646536331e-12 -4.488226718730008397e-12 -5.162523172332741487e-13 -6.801332374544520163e-12 -4.984269454856003581e-12
-8.242498326966028087e-12 1.225947177271233011e-12 1.527124988516331647e-12 3.079092635719485520e-12 4.427134474279526794e-13 1.849026042317049525e-12 2.895925383454469977e-12 3.828180090814744957e-12 6.030898227552629151e-12 7.983313136514620723e-12 1.226766513943707765e-11 2.118766710146970352e-11 3.205972624218647032e-11 4.815091106754334792e-11 6.455574882297981046e-11 6.881157275097421617e-11 6.867296301658937048e-11 6.973794120166906660e-11 7.155020724752193122e-11 7.703649838894192105e-11 6.400804657347261233e-11 1.399914772635565702e-11 -3.547653981779065013e-12 -3.659950522994175741e-12 -4.805012366464612952e-12 -3.216127987460815144e-12
-4.502820389316019917e-12 2.867529442383463986e-12 2.427144073614922037e-12 3.038310232549538848e-12 8.767570087427262249e-13 2.943652861595279202e-12 6.252687363198232707e-12 7.131085932397251380e-12 6.929979415371231538e-12 9.047101942107974392e-12 1.265132602892746173e-11 1.953293704587195524e-11 2.999517563084847968e-11 4.762223129190231365e-11 6.881157275097421617e-11 8.931178970166349463e-11 9.587508167998212297e-11 1.000237793845874132e-10 1.042474862627193979e-10 1.136922408489752815e-10 1.027888409710849819e-10 4.115720903280522165e-11 6.801052044855535122e-12 5.605897799411906609e-13 -6.242733269056690607e-12 -8.443125003015300861e-12
-6.576742045190254806e-13 6.595356119203923299e-12 3.739106440664662738e-12 3.404554024398182048e-12 2.716222838745510581e-12 3.011303374384911477e-12 8.169051148911717151e-12 1.020026315304245693e-11 1.007136423776484000e-11 1.077315100229797415e-11 1.297326007350230109e-11 1.854013094078449492e-11 2.863810376953962152e-11 4.672146987803349503e-11 6.867296301658937048e-11 9.587508167998212297e-11 1.196332931804352455e-10 1.294888378151638796e-10 1.364561481298569510e-10 1.501488868963751332e-10 1.399435633376772842e-10 6.806409527275306246e-11 1.491519328797564002e-11 3.367465147492322017e-12 -9.595093922898601278e-12 -1.414856516787439378e-11
-1.790310873582980816e-13 3.110794547843331043e-12 6.262644207998319395e-13 2.645663981113560772e-12 1.747833477943062597e-12 1.562663218246249549e-13 6.638878101843084617e-12 9.001712030994296765e-12 8.238890490666654305e-12 9.427879031027302681e-12 1.265694344800644581e-11 1.734822911049697263e-11 2.896635816347564532e-11 4.732184765510499342e-11 6.973794120166906660e-11 1.000237793845874132e-10 1.294888378151638796e-10 1.614105535962805286e-10 1.781801838340523455e-10 1.951349165247591898e-10 1.845993436060971840e-10 1.021870341488709051e-10 2.447105761920485621e-11 6.630971312822570063e-12 -1.435906877738567999e-11 -1.860019645012572925e-11
-2.055135795906275539e-12 3.079297329340812509e-12 -8.061870235329923767e-13 5.297145636893966818e-12 2.000953625761361536e-12 -1.159791623920943676e-12 7.278516768680734854e-12 1.066977689906372770e-11 8.604459189597974600e-12 9.049460065776367218e-12 1.252752026607284557e-11 1.662949493840398046e-11 2.888516963809958032e-11 4.863121512845939904e-11 7.155020724752193122e-11 1.042474862627193979e-10 1.364561481298569510e-10 1.781801838340523455e-10 2.216864153130865088e-10 2.527304131908485215e-10 2.465613249308574026e-10 1.576168662283139025e-10 5.106437315384332209e-11 1.671058678704361072e-11 -1.194517769209844089e-11 -2.026761631735747266e-11
-3.690665125411566862e-12 6.193542862543091261e-12 2.320828273075063201e-13 8.317341491063431707e-12 5.511996785921874397e-12 1.202012825469411527e-12 9.671644839402284925e-12 1.185797468028595683e-11 8.229775606394810512e-12 9.668969856439270339e-12 1.295645633564459977e-11 1.816415971005740376e-11 2.989833210605199414e-11 5.079135719130920890e-11 7.703649838894192105e-11 1.136922408489752815e-10 1.501488868963751332e-10 1.951349165247591898e-10 2.527304131908485215e-10 3.288526122420862866e-10 3.478552610343281497e-10 2.573097835921938504e-10 1.178762989611294650e-10 3.677093696118778488e-11 -4.271808168370263215e-12 -1.862803060573192068e-11
-5.948093215527853626e-13 5.692559607215184171e-12 2.984078254878719879e-12 9.181114916981255262e-12 8.330251281804348037e-12 2.956480369960141760e-12 1.071273926449904374e-11 1.051063267154387173e-11 5.052431370925599205e-12 7.692308667996641829e-12 9.219376259619892518e-12 1.185260398345007776e-11 1.866385897189917677e-11 3.796445915770629357e-11 6.400804657347261233e-11 1.027888409710849819e-10 1.399435633376772842e-10 1.845993436060971840e-10 2.465613249308574026e-10 3.478552610343281497e-10 4.407018254470822814e-10 3.954339530146477133e-10 2.395097704867834264e-10 7.017729189207261205e-11 -6.458999980777056691e-12 -2.018519145257473049e-11
6.922304913960786529e-12 7.979603043744099055e-12 3.526184690903114043e-12 1.209995820050196842e-11 9.366688588757270041e-12 3.938217643429378058e-12 8.419508020354890942e-12 4.968079762612226190e-12 1.909990375070983484e-12 1.620409321892368845e-12 -2.204276062508878987e-12 -2.641404681893596711e-12 -5.072057250574641045e-12 2.148336460646536331e-12 1.399914772635565702e-11 4.115720903280522165e-11 6.806409527275306246e-11 1.021870341488709051e-10 1.576168662283139025e-10 2.573097835921938504e-10 3.954339530146477133e-10 4.836097783483415876e-10 3.855675503755715736e-10 1.499644890953994815e-10 3.793160005007494515e-12 -1.354257546608506302e-11
7.451494903407673315e-12 1.089933561482880723e-11 8.561557926024893881e-12 9.531592828089194244e-12 6.354973968500118754e-12 9.740087998350472619e-13 4.811921839107477501e-12 -1.509766495657942301e-12 1.342704496447538863e-12 -1.958173155031472414e-12 -7.567067367563913356e-12 -3.648454262296452890e-12 -5.599236677954875727e-12 -4.488226718730008397e-12 -3.547653981779065013e-12 6.801052044855535122e-12 1.491519328797564002e-11 2.447105761920485621e-11 5.106437315384332209e-11 1.178762989611294650e-10 2.395097704867834264e-10 3.855675503755715736e-10 4.470550979706650277e-10 2.754380904462105907e-10 5.826246178789043161e-11 9.647726731363714372e-12
1.382182492621831565e-11 1.187630746278878061e-11 8.526546484472015547e-12 4.019684665369353390e-12 -4.145487812601589622e-12 -5.996324569913898104e-12 -1.182673101453960183e-12 -7.513046739931091813e-12 -3.145595689111240175e-12 -7.258817069450359533e-12 -1.184078851469451059e-11 -7.164419584578894107e-12 -1.622463422232118863e-12 -5.162523172332741487e-13 -3.659950522994175741e-12 5.605897799411906609e-13 3.367465147492322017e-12 6.630971312822570063e-12 1.671058678704361072e-11 3.677093696118778488e-11 7.017729189207261205e-11 1.499644890953994815e-10 2.754380904462105907e-10 3.465328171263009754e-10 1.932674266271417631e-10 3.894734709069264976e-11
1.703967873484006748e-11 1.044750736097664055e-11 7.459649583714799898e-12 4.526890518073300430e-12 -3.765674947945203971e-13 3.621110802357141794e-12 2.617803602500734681e-12 -5.511284983440845778e-12 -5.821670367979875243e-12 -5.213511252474876714e-12 -8.032679629589565023e-12 -8.714083188039375261e-12 -8.889720573879817049e-12 -6.801332374544520163e-12 -4.805012366464612952e-12 -6.242733269056690607e-12 -9.595093922898601278e-12 -1.435906877738567999e-11 -1.194517769209844089e-11 -4.271808168370263215e-12 -6.458999980777056691e-12 3.793160005007494515e-12 5.826246178789043161e-11 1.932674266271417631e-10 2.996440849974263936e-10 1.590101851302568538e-10
-6.367471839552700368e-13 4.111457410780848129e-12 4.012075514505029098e-12 9.183088030297494735e-12 9.080400368129696504e-12 9.290057208623643944e-12 1.289236090604846088e-12 -1.069416797256013900e-11 -5.169974638598548646e-12 -9.736366027978084637e-12 -7.235689535580090347e-12 -3.836710706095733159e-12 -7.910372572902340467e-12 -4.984269454856003581e-12 -3.216127987460815144e-12 -8.443125003015300861e-12 -1.414856516787439378e-11 -1.860019645012572925e-11 -2.026761631735747266e-11 -1.862803060573192068e-11 -2.018519145257473049e-11 -1.354257546608506302e-11 9.647726731363714372e-12 3.894734709069264976e-11 1.590101851302568538e-10 3.354229259380043763e-10
