7.557833310155644018e-11 1.498311726553499889e-11 1.296283785007837990e-11 9.702260745769652064e-12 6.420638501215704212e-12 3.292098015480009176e-12 4.844605819944772833e-12 3.780721934627939225e-12 -4.756152145619942658e-13 1.326975872256770920e-12 -1.216039914036524022e-13 1.596172706172701830e-12 -4.557585831895344248e-13 -2.720674006533645047e-12 -2.016380233547214119e-12 -3.607227190044457810e-12 -7.533113484368024389e-12 -9.965632970778689648e-12 -1.385697917647014362e-11 -1.965596798698933628e-11 -3.383313017571318089e-11 -2.453346243519671290e-11 2.078458950339412048e-12 2.487897417868304647e-11 8.564430989040024361e-12 -4.310201934211530408e-12
1.498311726553499889e-11 5.730605002109373384e-11 1.409430536882948598e-11 1.224593245374860715e-11 7.992096772061797111e-12 4.461735014054486717e-12 4.099127295743363484e-12 4.580835857237707499e-13 1.779341402536987546e-12 2.688748724594119578e-12 5.935749201961840141e-13 1.409732823631305586e-12 7.105302226238601083e-13 -2.981906879475393634e-12 -1.846422201758787709e-12 -5.439722399490674585e-13 -2.557242215963767703e-12 -4.129482790315509026e-12 -7.319571372898698274e-14 3.096865083139894542e-12 -4.146734935361043480e-12 -5.058107636817997654e-12 1.694109597786602520e-12 1.548329907464527517e-11 -4.994005284589894745e-12 -9.910479356242774111e-12
1.296283785007837990e-11 1.409430536882948598e-11 3.888093511220180515e-11 1.442920449138818884e-11 5.936790828335569330e-12 4.171804769949134998e-12 3.822827081128662449e-12 3.439500429713335996e-12 1.172246983157725124e-12 1.116125127973174316e-12 -3.995037494940485544e-13 1.727955653227149793e-12 9.949941531525464256e-13 9.296418808845034412e-13 -1.210422888124439631e-12 -4.798525409843136190e-13 2.558656543197900106e-13 -2.088453636317104392e-12 8.294095711069630307e-14 2.112272804907952013e-12 -4.663794594467748705e-12 -8.163561796775672824e-12 -6.679859847538588063e-12 4.658470185376422337e-12 9.984183590369123639e-12 1.697900036912555844e-11
9.702260745769652064e-12 1.224593245374860715e-11 1.442920449138818884e-11 3.652732729120181668e-11 1.367306792148799552e-11 8.992047460165092070e-12 7.570302657359134780e-12 4.001316824210225827e-12 3.717569848770865949e-12 1.510714956892933366e-12 2.929084571378497246e-13 4.822454086563681657e-14 2.887335314133114148e-13 1.594504590820277477e-12 3.807280526667790601e-12 4.124670051730776539e-12 6.066589812833472730e-12 6.799395131725478303e-12 1.387378594956591201e-11 1.853158190540440550e-11 1.454997478609769580e-11 1.074117531947981887e-11 3.039218054203195633e-12 6.041240803307643311e-13 6.374135829605786234e-12 6.686792833631404358e-12
6.420638501215704212e-12 7.992096772061797111e-12 5.936790828335569330e-12 1.367306792148799552e-11 2.770250605790802377e-11 1.166988342460660282e-11 6.379377403765311547e-12 2.239966270933803127e-12 1.897794026399893767e-12 3.709589560720183081e-12 2.294018681571488712e-12 4.928222354180977864e-12 2.817036821061980578e-12 1.411837711464759696e-12 2.985352869715871737e-12 5.186411954770692517e-12 7.205707369674170665e-12 7.243401513571162621e-12 1.233572365303493491e-11 1.363652962472520967e-11 1.073544563442644056e-11 7.367017464357567750e-12 6.080933512106565383e-12 7.332203098454303944e-12 -7.034571098298980025e-12 -1.797105480481793144e-11
3.292098015480009176e-12 4.461735014054486717e-12 4.171804769949134998e-12 8.992047460165092070e-12 1.166988342460660282e-11 2.415957318776182694e-11 1.493733547828211338e-11 1.104936273126826608e-11 6.877047342285606726e-12 7.536809858491945207e-12 6.895290791916055006e-12 7.837543652552257127e-12 8.282766818392367814e-12 5.848573602371026031e-12 7.459613312437268621e-12 9.395442784302977016e-12 1.023265969691474270e-11 9.365123164353360556e-12 1.281128219875820073e-11 1.429586108010755054e-11 1.509057858529093632e-11 1.480188966287256233e-11 1.344398301514238561e-11 8.566389447139631150e-12 1.333314145264340903e-11 4.521413307653906352e-12
4.844605819944772833e-12 4.099127295743363484e-12 3.822827081128662449e-12 7.570302657359134780e-12 6.379377403765311547e-12 1.493733547828211338e-11 2.415184807644339465e-11 1.846741302976338468e-11 1.239008120302973836e-11 1.154869752674803947e-11 9.337404827315960853e-12 7.389722621825441197e-12 6.235093561983064905e-12 5.618452005811504916e-12 8.081364117757470874e-12 1.106320638765795434e-11 1.280960017747854812e-11 1.429833041945412070e-11 1.723034046678879953e-11 1.700747828014213956e-11 1.338023688950821334e-11 6.396306178701127207e-12 3.691906574465783707e-12 -2.582568674509778875e-13 1.317196582986364235e-11 1.246961618586239095e-11
3.780721934627939225e-12 4.580835857237707499e-13 3.439500429713335996e-12 4.001316824210225827e-12 2.239966270933803127e-12 1.104936273126826608e-11 1.846741302976338468e-11 2.921107290959860777e-11 2.175859260745465787e-11 1.748661055853867755e-11 1.387071343109897747e-11 1.231285247323241055e-11 1.230178876792347302e-11 1.346085750263644456e-11 1.439127006103247089e-11 1.679452854248723498e-11 2.104525552705788135e-11 2.532518551142271245e-11 3.002215191607482859e-11 3.280539345919856123e-11 3.032219246996193842e-11 1.646653907622553482e-11 9.331732021949318137e-12 2.371731467765721989e-12 6.989570264181336102e-12 8.500579222291425025e-12
-4.756152145619942658e-13 1.779341402536987546e-12 1.172246983157725124e-12 3.717569848770865949e-12 1.897794026399893767e-12 6.877047342285606726e-12 1.239008120302973836e-11 2.175859260745465787e-11 2.945645921177742242e-11 2.518195024019234272e-11 2.115637198308536876e-11 2.024233193999495298e-11 2.116507127893209870e-11 2.348180166208772652e-11 2.603123753448371200e-11 2.773781434540828751e-11 3.236169569104128991e-11 3.730068724762785673e-11 4.479828755774310680e-11 5.177516568070749749e-11 5.579517453818177195e-11 4.117298975885600939e-11 2.710984904570428538e-11 6.989340142857303760e-12 5.412996698866620562e-12 8.621259559983307541e-12
1.326975872256770920e-12 2.688748724594119578e-12 1.116125127973174316e-12 1.510714956892933366e-12 3.709589560720183081e-12 7.536809858491945207e-12 1.154869752674803947e-11 1.748661055853867755e-11 2.518195024019234272e-11 3.323256805157190703e-11 2.898729045416136434e-11 2.729904836655984925e-11 2.849794306727183672e-11 3.068515882993112636e-11 3.307995564179604434e-11 3.453856229295580575e-11 3.847506156559929503e-11 4.264572539282829608e-11 4.978591858039453950e-11 5.536675708060175251e-11 5.527594334817509856e-11 4.038212127829380525e-11 3.530015024281892656e-11 2.568223245758876488e-11 1.601917023711690837e-11 -3.887176250927935955e-13
-1.216039914036524022e-13 5.935749201961840141e-13 -3.995037494940485544e-13 2.929084571378497246e-13 2.294018681571488712e-12 6.895290791916055006e-12 9.337404827315960853e-12 1.387071343109897747e-11 2.115637198308536876e-11 2.898729045416136434e-11 3.770003606667411566e-11 3.623758149357113170e-11 3.617890342890422869e-11 3.951047067466455459e-11 4.217186872949168139e-11 4.365870640600282771e-11 4.924158612620268809e-11 5.487487893107194343e-11 6.061173670830284690e-11 6.699877239904519149e-11 6.421574315013351755e-11 4.090204430236118355e-11 2.511596841686964939e-11 1.601077904476015052e-11 1.846678236790892953e-11 -7.646960971656198427e-12
1.596172706172701830e-12 1.409732823631305586e-12 1.727955653227149793e-12 4.822454086563681657e-14 4.928222354180977864e-12 7.837543652552257127e-12 7.389722621825441197e-12 1.231285247323241055e-11 2.024233193999495298e-11 2.729904836655984925e-11 3.623758149357113170e-11 5.174476118336035969e-11 5.465420590800175879e-11 5.806130844551992702e-11 6.134397563386361023e-11 6.392426254735103562e-11 7.059931744219636423e-11 7.656340669946685354e-11 8.298301348802863367e-11 9.066745335527129940e-11 8.600180584884040333e-11 5.338695479615751580e-11 4.124439337084322844e-11 2.602600434065019180e-11 4.273384516372178146e-12 -1.840748090228333267e-11
-4.557585831895344248e-13 7.105302226238601083e-13 9.949941531525464256e-13 2.887335314133114148e-13 2.817036821061980578e-12 8.282766818392367814e-12 6.235093561983064905e-12 1.230178876792347302e-11 2.116507127893209870e-11 2.849794306727183672e-11 3.617890342890422869e-11 5.465420590800175879e-11 7.263221024590826719e-11 8.045561778003239920e-11 8.571584973001071439e-11 8.964530336910097039e-11 9.694191936553069224e-11 1.052100574881337858e-10 1.147627864552559160e-10 1.258955741387434860e-10 1.165563075384017827e-10 6.315635405126698089e-11 4.067376024609791551e-11 2.585803746119230752e-11 1.507300518397339408e-11 -7.149596196808354683e-12
-2.720674006533645047e-12 -2.981906879475393634e-12 9.296418808845034412e-13 1.594504590820277477e-12 1.411837711464759696e-12 5.848573602371026031e-12 5.618452005811504916e-12 1.346085750263644456e-11 2.348180166208772652e-11 3.068515882993112636e-11 3.951047067466455459e-11 5.806130844551992702e-11 8.045561778003239920e-11 1.103637227434127401e-10 1.223963029109878992e-10 1.302520990722458700e-10 1.410937175195418751e-10 1.558394965883090963e-10 1.699717289705667346e-10 1.812699617175022614e-10 1.596325454211715825e-10 7.306679651087886780e-11 2.252842098350459204e-11 4.717662059999213988e-12 1.229101326919368609e-11 -3.605908485819572353e-12
-2.016380233547214119e-12 -1.846422201758787709e-12 -1.210422888124439631e-12 3.807280526667790601e-12 2.985352869715871737e-12 7.459613312437268621e-12 8.081364117757470874e-12 1.439127006103247089e-11 2.603123753448371200e-11 3.307995564179604434e-11 4.217186872949168139e-11 6.134397563386361023e-11 8.571584973001071439e-11 1.223963029109878992e-10 1.607841399429393736e-10 1.822781245065310718e-10 2.036438976502307835e-10 2.258471170612639791e-10 2.452474970154930952e-10 2.595506959580863311e-10 2.379297443571599223e-10 1.226734037872578337e-10 4.407291958287506855e-11 4.200333144408914318e-13 -3.431924071704069073e-12 -1.188894055626109034e-12
-3.607227190044457810e-12 -5.439722399490674585e-13 -4.798525409843136190e-13 4.124670051730776539e-12 5.186411954770692517e-12 9.395442784302977016e-12 1.106320638765795434e-11 1.679452854248723498e-11 2.773781434540828751e-11 3.453856229295580575e-11 4.365870640600282771e-11 6.392426254735103562e-11 8.964530336910097039e-11 1.302520990722458700e-10 1.822781245065310718e-10 2.323020791179846028e-10 2.746029388279869489e-10 3.094694008598987413e-10 3.354481682598854576e-10 3.546715787026728129e-10 3.335052157312738326e-10 1.786254712364415494e-10 5.991178450035524416e-11 -4.041727750758020053e-12 -1.133516435764932528e-11 -1.364391124554031236e-11
-7.533113484368024389e-12 -2.557242215963767703e-12 2.558656543197900106e-13 6.066589812833472730e-12 7.205707369674170665e-12 1.023265969691474270e-11 1.280960017747854812e-11 2.104525552705788135e-11 3.236169569104128991e-11 3.847506156559929503e-11 4.924158612620268809e-11 7.059931744219636423e-11 9.694191936553069224e-11 1.410937175195418751e-10 2.036438976502307835e-10 2.746029388279869489e-10 3.603512734904722526e-10 4.268169282104836708e-10 4.708289324572701940e-10 5.042068706291848766e-10 4.804865245943038825e-10 2.671145342163377307e-10 8.674893438788960057e-11 -3.589217001634168216e-12 -1.970424558457865097e-11 -3.596039982773363001e-11
-9.965632970778689648e-12 -4.129482790315509026e-12 -2.088453636317104392e-12 6.799395131725478303e-12 7.243401513571162621e-12 9.365123164353360556e-12 1.429833041945412070e-11 2.532518551142271245e-11 3.730068724762785673e-11 4.264572539282829608e-11 5.487487893107194343e-11 7.656340669946685354e-11 1.052100574881337858e-10 1.558394965883090963e-10 2.258471170612639791e-10 3.094694008598987413e-10 4.268169282104836708e-10 5.591293805411143016e-10 6.503272171077686647e-10 7.159957492597185349e-10 6.980240803328903720e-10 4.360032547617469793e-10 1.694289120273794154e-10 1.729254866930150864e-11 -4.061773157583864253e-11 -7.876490570883753890e-11
-1.385697917647014362e-11 -7.319571372898698274e-14 8.294095711069630307e-14 1.387378594956591201e-11 1.233572365303493491e-11 1.281128219875820073e-11 1.723034046678879953e-11 3.002215191607482859e-11 4.479828755774310680e-11 4.978591858039453950e-11 6.061173670830284690e-11 8.298301348802863367e-11 1.147627864552559160e-10 1.699717289705667346e-10 2.452474970154930952e-10 3.354481682598854576e-10 4.708289324572701940e-10 6.503272171077686647e-10 8.347373230929639762e-10 9.816985613621460536e-10 1.004769389448088766e-09 7.147163078318105063e-10 3.256864917279431976e-10 5.566576518147180522e-11 -4.612085254280794324e-11 -1.023677525275220270e-10
-1.965596798698933628e-11 3.096865083139894542e-12 2.112272804907952013e-12 1.853158190540440550e-11 1.363652962472520967e-11 1.429586108010755054e-11 1.700747828014213956e-11 3.280539345919856123e-11 5.177516568070749749e-11 5.536675708060175251e-11 6.699877239904519149e-11 9.066745335527129940e-11 1.258955741387434860e-10 1.812699617175022614e-10 2.595506959580863311e-10 3.546715787026728129e-10 5.042068706291848766e-10 7.159957492597185349e-10 9.816985613621460536e-10 1.269774106687469993e-09 1.399262693244726355e-09 1.123759655545611712e-09 6.010841772129416555e-10 1.282255005664186385e-10 -5.401842374872645296e-11 -1.441649600634075719e-10
-3.383313017571318089e-11 -4.146734935361043480e-12 -4.663794594467748705e-12 1.454997478609769580e-11 1.073544563442644056e-11 1.509057858529093632e-11 1.338023688950821334e-11 3.032219246996193842e-11 5.579517453818177195e-11 5.527594334817509856e-11 6.421574315013351755e-11 8.600180584884040333e-11 1.165563075384017827e-10 1.596325454211715825e-10 2.379297443571599223e-10 3.335052157312738326e-10 4.804865245943038825e-10 6.980240803328903720e-10 1.004769389448088766e-09 1.399262693244726355e-09 1.710010467866826101e-09 1.558598903422754711e-09 9.675461567701621353e-10 2.327596768616061375e-10 -8.983363459644698725e-11 -2.031227214518561265e-10
-2.453346243519671290e-11 -5.058107636817997654e-12 -8.163561796775672824e-12 1.074117531947981887e-11 7.367017464357567750e-12 1.480188966287256233e-11 6.396306178701127207e-12 1.646653907622553482e-11 4.117298975885600939e-11 4.038212127829380525e-11 4.090204430236118355e-11 5.338695479615751580e-11 6.315635405126698089e-11 7.306679651087886780e-11 1.226734037872578337e-10 1.786254712364415494e-10 2.671145342163377307e-10 4.360032547617469793e-10 7.147163078318105063e-10 1.123759655545611712e-09 1.558598903422754711e-09 1.765164740421373615e-09 1.377640213764646119e-09 4.998746811697911857e-10 -8.300468775794794322e-11 -2.292334950071622477e-10
2.078458950339412048e-12 1.694109597786602520e-12 -6.679859847538588063e-12 3.039218054203195633e-12 6.080933512106565383e-12 1.344398301514238561e-11 3.691906574465783707e-12 9.331732021949318137e-12 2.710984904570428538e-11 3.530015024281892656e-11 2.511596841686964939e-11 4.124439337084322844e-11 4.067376024609791551e-11 2.252842098350459204e-11 4.407291958287506855e-11 5.991178450035524416e-11 8.674893438788960057e-11 1.694289120273794154e-10 3.256864917279431976e-10 6.010841772129416555e-10 9.675461567701621353e-10 1.377640213764646119e-09 1.531612758330290168e-09 9.539169161326749140e-10 7.166784865935766833e-11 -1.808429222539175511e-10
2.487897417868304647e-11 1.548329907464527517e-11 4.658470185376422337e-12 6.041240803307643311e-13 7.332203098454303944e-12 8.566389447139631150e-12 -2.582568674509778875e-13 2.371731467765721989e-12 6.989340142857303760e-12 2.568223245758876488e-11 1.601077904476015052e-11 2.602600434065019180e-11 2.585803746119230752e-11 4.717662059999213988e-12 4.200333144408914318e-13 -4.041727750758020053e-12 -3.589217001634168216e-12 1.729254866930150864e-11 5.566576518147180522e-11 1.282255005664186385e-10 2.327596768616061375e-10 4.998746811697911857e-10 9.539169161326749140e-10 1.129429941112748215e-09 4.820165114867829325e-10 -2.521839268287696781e-11
8.564430989040024361e-12 -4.994005284589894745e-12 9.984183590369123639e-12 6.374135829605786234e-12 -7.034571098298980025e-12 1.333314145264340903e-11 1.317196582986364235e-11 6.989570264181336102e-12 5.412996698866620562e-12 1.601917023711690837e-11 1.846678236790892953e-11 4.273384516372178146e-12 1.507300518397339408e-11 1.229101326919368609e-11 -3.431924071704069073e-12 -1.133516435764932528e-11 -1.970424558457865097e-11 -4.061773157583864253e-11 -4.612085254280794324e-11 -5.401842374872645296e-11 -8.983363459644698725e-11 -8.300468775794794322e-11 7.166784865935766833e-11 4.820165114867829325e-10 9.492057203809212561e-10 5.014203452834126516e-10
-4.310201934211530408e-12 -9.910479356242774111e-12 1.697900036912555844e-11 6.686792833631404358e-12 -1.797105480481793144e-11 4.521413307653906352e-12 1.246961618586239095e-11 8.500579222291425025e-12 8.621259559983307541e-12 -3.887176250927935955e-13 -7.646960971656198427e-12 -1.840748090228333267e-11 -7.149596196808354683e-12 -3.605908485819572353e-12 -1.188894055626109034e-12 -1.364391124554031236e-11 -3.596039982773363001e-11 -7.876490570883753890e-11 -1.023677525275220270e-10 -1.441649600634075719e-10 -2.031227214518561265e-10 -2.292334950071622477e-10 -1.808429222539175511e-10 -2.521839268287696781e-11 5.014203452834126516e-10 9.910023549668826210e-10
