8.045212152291403142e-11 1.686523566547582553e-11 9.975736127635003880e-12 3.853548093819683286e-12 -8.130292587263353000e-14 1.835867665827973176e-12 2.698062266960385570e-13 -2.198871409722776139e-12 -1.222278342155814924e-12 -2.090856924299859144e-12 -3.237634260549807651e-12 -2.109227783833455116e-12 -5.365457747298143729e-12 -3.729996056168583703e-12 -3.894018667002722967e-12 -3.183666840454904522e-12 -2.019458410196230355e-12 -2.556260308587657072e-13 7.625475342013770992e-13 7.280934484405102043e-12 1.243830594809444953e-11 7.979062636946105684e-12 8.483578594879506929e-12 5.161867716856711807e-12 2.194753675919326245e-12 -9.019114516417298479e-12
1.686523566547582553e-11 5.484106662811479945e-11 1.483817651365243313e-11 8.714798544035395236e-12 8.860489835413000140e-12 3.584785488787085698e-12 4.462944886458827560e-12 2.166767472989739694e-12 -7.469794860788084090e-13 -1.180759594195461071e-12 3.840943351300011374e-14 -1.546055432784977379e-12 -4.155929979749774908e-12 -3.822260103546708502e-12 -3.416296899833949673e-12 -4.817965484862185385e-12 -2.693746881972536938e-12 1.524443948399493335e-12 3.452371694426574902e-12 9.102158604203731935e-13 -1.832952314341878286e-12 -1.177808630252282073e-12 2.447804114018275556e-12 1.027212010222713343e-11 6.500626612594357157e-12 -1.253691797983145685e-11
9.975736127635003880e-12 1.483817651365243313e-11 4.406954067551755337e-11 1.112866610362049386e-11 1.008557587303620090e-11 5.476696539558112504e-12 4.603542974922897409e-12 4.012563886204618037e-12 1.588182558813589092e-12 1.554302995607613055e-12 -1.700744798195845196e-12 -5.284711449481163921e-12 -7.339992302282911280e-12 -5.756334924360012203e-12 -4.320074056324071346e-12 -3.616765361192011261e-12 -1.110751309312531845e-12 1.348560234026284297e-13 7.917657404018535225e-13 3.169873609684557265e-12 2.041722179164272118e-13 -4.733024496269693049e-12 -1.341772593315186462e-12 1.032818242072669601e-11 1.138130281997396860e-11 -1.416965478689581024e-11
3.853548093819683286e-12 8.714798544035395236e-12 1.112866610362049386e-11 3.484859364026601838e-11 1.386302454155923480e-11 6.992327247362428778e-12 7.154751436133117969e-12 4.251187945229932752e-12 1.763632565040349758e-13 4.969256208113920247e-13 1.029443329718208330e-12 -2.098399701968258348e-12 -4.894690858446003278e-12 -4.638687952532427911e-12 -1.467266335323067598e-12 -6.230099390946839882e-14 1.819635599285506129e-13 -2.477787774412338273e-12 -3.871938523655899072e-12 -3.709431560828094681e-12 -2.337481749722283452e-12 -1.572007596685205276e-12 1.065178894969594160e-13 1.722865228543122917e-12 3.698304660606905856e-12 -1.466259990786652568e-11
-8.130292587263353000e-14 8.860489835413000140e-12 1.008557587303620090e-11 1.386302454155923480e-11 2.853036334723977456e-11 1.306201558338241163e-11 1.108652747143259153e-11 6.315527095010255292e-12 2.212510320853634411e-12 1.893341993832530883e-12 2.279007959538328320e-12 1.408784879502953522e-12 4.294983184665407706e-13 4.212000132725877218e-13 3.392113937655864196e-12 5.469130388892473706e-12 8.164018699324105228e-12 1.172467103276541826e-11 1.422214754743643090e-11 1.294231513211109456e-11 8.634055882621819585e-12 3.300402068591851120e-12 3.206479441317859350e-12 1.522437620404805998e-11 1.917301375522333523e-11 2.923902931640346821e-12
1.835867665827973176e-12 3.584785488787085698e-12 5.476696539558112504e-12 6.992327247362428778e-12 1.306201558338241163e-11 2.336076715060123671e-11 1.340825389714119006e-11 6.240445230242771899e-12 4.417483223195711197e-12 4.100736180805748041e-12 2.953182816053185171e-12 3.072900737889442109e-12 1.682456384271850734e-12 1.823294699250741867e-12 3.413198434445550713e-12 6.093514084164095185e-12 7.797785300304083538e-12 7.848807770253815242e-12 9.988426258620676351e-12 1.406826057986703339e-11 1.362319201316612857e-11 8.526116837008546286e-12 5.594884802826430947e-12 3.704881968607959990e-12 1.769434084582736333e-12 1.559583992828498167e-13
2.698062266960385570e-13 4.462944886458827560e-12 4.603542974922897409e-12 7.154751436133117969e-12 1.108652747143259153e-11 1.340825389714119006e-11 2.304477397974657484e-11 1.263427438129961584e-11 8.613608864365147119e-12 7.913201829196751820e-12 7.556320065265351113e-12 6.387264134700805008e-12 4.830713744248392942e-12 4.388992478596063989e-12 4.207517466153767815e-12 4.272654651395285100e-12 5.908282746737611292e-12 7.884314269234256690e-12 1.253094909693116591e-11 1.196542546656327318e-11 1.040956675496148241e-11 4.677357274522887045e-12 3.951451740205898305e-12 1.078145157255696161e-12 -3.067314039427011841e-12 -6.768157753803049325e-12
-2.198871409722776139e-12 2.166767472989739694e-12 4.012563886204618037e-12 4.251187945229932752e-12 6.315527095010255292e-12 6.240445230242771899e-12 1.263427438129961584e-11 2.027321776154514988e-11 1.355117756553262207e-11 1.066961527879897926e-11 8.369856296263376702e-12 6.832436059484341082e-12 6.636470869486110966e-12 5.648658348033378641e-12 5.401438076383926635e-12 3.485965527601116874e-12 3.959609743493777959e-12 5.902967137551131922e-12 8.174428339894445722e-12 8.300317102501060008e-12 9.698110276365137119e-12 1.117339535368214014e-11 1.860411754987948638e-11 1.458769604751092738e-11 -1.418924867929238680e-12 -1.243356703023202663e-11
-1.222278342155814924e-12 -7.469794860788084090e-13 1.588182558813589092e-12 1.763632565040349758e-13 2.212510320853634411e-12 4.417483223195711197e-12 8.613608864365147119e-12 1.355117756553262207e-11 2.006628017306751918e-11 1.572675354603320230e-11 1.263948255592717685e-11 9.802156660995364928e-12 9.861092562451494223e-12 1.049785047166898893e-11 1.061331461597752664e-11 1.007391757840538885e-11 1.260829416204068148e-11 1.466054586924081013e-11 1.705099637418155272e-11 1.675105156972821710e-11 1.402934380179039028e-11 5.613463045406438601e-12 1.038468002898547266e-11 1.507725158091241106e-11 6.213122253898455952e-12 -2.606203157991697792e-12
-2.090856924299859144e-12 -1.180759594195461071e-12 1.554302995607613055e-12 4.969256208113920247e-13 1.893341993832530883e-12 4.100736180805748041e-12 7.913201829196751820e-12 1.066961527879897926e-11 1.572675354603320230e-11 2.541474895189124742e-11 2.091374893426817466e-11 1.590532369315666213e-11 1.644609132061730652e-11 1.595288257701470627e-11 1.550180378539719481e-11 1.566638112480081424e-11 1.767053424673828009e-11 2.029583990532298118e-11 2.110862198368748590e-11 2.267177684923981855e-11 2.206196082913785742e-11 1.195681203715866055e-11 1.437175306857825540e-11 1.667720368478166577e-11 1.061246582918376839e-11 1.241000305883077178e-12
-3.237634260549807651e-12 3.840943351300011374e-14 -1.700744798195845196e-12 1.029443329718208330e-12 2.279007959538328320e-12 2.953182816053185171e-12 7.556320065265351113e-12 8.369856296263376702e-12 1.263948255592717685e-11 2.091374893426817466e-11 2.841708928668171726e-11 2.418442515557234521e-11 2.388465998435059355e-11 2.209441611715151048e-11 2.046294924179872812e-11 2.118698280610504837e-11 2.247268107257556769e-11 2.488276314007402277e-11 2.747437049670941663e-11 3.144364647578793073e-11 3.186681748966631401e-11 1.966794402411482930e-11 1.801718896300148319e-11 1.787155569881574734e-11 1.493478673768487623e-11 -1.361352022285937014e-12
-2.109227783833455116e-12 -1.546055432784977379e-12 -5.284711449481163921e-12 -2.098399701968258348e-12 1.408784879502953522e-12 3.072900737889442109e-12 6.387264134700805008e-12 6.832436059484341082e-12 9.802156660995364928e-12 1.590532369315666213e-11 2.418442515557234521e-11 3.224062143434821611e-11 3.279059658151213133e-11 3.001049551564718115e-11 2.722526093513440965e-11 2.764823766760358765e-11 2.872286055086113113e-11 3.287573790446534614e-11 3.573087936973354476e-11 3.975941222619137211e-11 3.733915090341957899e-11 1.800972011152938008e-11 1.256846688014110308e-11 9.998971532596431963e-12 1.923045401949185985e-11 1.418963395790030212e-11
-5.365457747298143729e-12 -4.155929979749774908e-12 -7.339992302282911280e-12 -4.894690858446003278e-12 4.294983184665407706e-13 1.682456384271850734e-12 4.830713744248392942e-12 6.636470869486110966e-12 9.861092562451494223e-12 1.644609132061730652e-11 2.388465998435059355e-11 3.279059658151213133e-11 4.577850219713512187e-11 4.471129127978012464e-11 4.204328984165296748e-11 4.458241240522854992e-11 4.661561905256686331e-11 5.279729868945056101e-11 5.806587911508170183e-11 6.223990429384427318e-11 5.789907591444801617e-11 2.799262093216492382e-11 1.645100017046301630e-11 1.260477232053977261e-11 1.850170572064775274e-11 1.102936602938546726e-11
-3.729996056168583703e-12 -3.822260103546708502e-12 -5.756334924360012203e-12 -4.638687952532427911e-12 4.212000132725877218e-13 1.823294699250741867e-12 4.388992478596063989e-12 5.648658348033378641e-12 1.049785047166898893e-11 1.595288257701470627e-11 2.209441611715151048e-11 3.001049551564718115e-11 4.471129127978012464e-11 5.651398231778063702e-11 5.884598797035298717e-11 6.444060984994439868e-11 6.992564990561841486e-11 7.971308467903470887e-11 8.952202156045289111e-11 9.551153711149835366e-11 8.192020118370268050e-11 2.873071733708698632e-11 8.654065499872368543e-12 1.452041811472331826e-11 2.230624127564432281e-11 1.005390101375322829e-11
-3.894018667002722967e-12 -3.416296899833949673e-12 -4.320074056324071346e-12 -1.467266335323067598e-12 3.392113937655864196e-12 3.413198434445550713e-12 4.207517466153767815e-12 5.401438076383926635e-12 1.061331461597752664e-11 1.550180378539719481e-11 2.046294924179872812e-11 2.722526093513440965e-11 4.204328984165296748e-11 5.884598797035298717e-11 7.931257502878212628e-11 9.407148925320037777e-11 1.072358172882070365e-10 1.220475874336185890e-10 1.362309213957520136e-10 1.448461024558322824e-10 1.214235376380882349e-10 4.368045065397632638e-11 6.674870566184826019e-12 2.106281462154879068e-11 3.011038134586294215e-11 9.212148220246084640e-12
-3.183666840454904522e-12 -4.817965484862185385e-12 -3.616765361192011261e-12 -6.230099390946839882e-14 5.469130388892473706e-12 6.093514084164095185e-12 4.272654651395285100e-12 3.485965527601116874e-12 1.007391757840538885e-11 1.566638112480081424e-11 2.118698280610504837e-11 2.764823766760358765e-11 4.458241240522854992e-11 6.444060984994439868e-11 9.407148925320037777e-11 1.331059804517243139e-10 1.626817462906288618e-10 1.892774049235843951e-10 2.102827647198300844e-10 2.231410543104143290e-10 1.907530986047499157e-10 7.491829037137423237e-11 6.796365972917817719e-12 2.714911189886885223e-11 4.185269631348173077e-11 1.377063302446068388e-11
-2.019458410196230355e-12 -2.693746881972536938e-12 -1.110751309312531845e-12 1.819635599285506129e-13 8.164018699324105228e-12 7.797785300304083538e-12 5.908282746737611292e-12 3.959609743493777959e-12 1.260829416204068148e-11 1.767053424673828009e-11 2.247268107257556769e-11 2.872286055086113113e-11 4.661561905256686331e-11 6.992564990561841486e-11 1.072358172882070365e-10 1.626817462906288618e-10 2.274028561429687908e-10 2.765485409161272417e-10 3.110722027570740664e-10 3.312679865174811903e-10 2.918382928881074988e-10 1.338469058809268784e-10 1.208085561417359416e-11 2.572429887060645311e-11 4.285373083656853796e-11 8.464724526161087022e-12
-2.556260308587657072e-13 1.524443948399493335e-12 1.348560234026284297e-13 -2.477787774412338273e-12 1.172467103276541826e-11 7.848807770253815242e-12 7.884314269234256690e-12 5.902967137551131922e-12 1.466054586924081013e-11 2.029583990532298118e-11 2.488276314007402277e-11 3.287573790446534614e-11 5.279729868945056101e-11 7.971308467903470887e-11 1.220475874336185890e-10 1.892774049235843951e-10 2.765485409161272417e-10 3.678761092634052971e-10 4.278342609513021276e-10 4.564535300616002114e-10 4.123100607944806166e-10 2.176480613196031803e-10 3.069119582868203368e-11 2.749479958181303363e-11 3.888514817429401015e-11 -1.107075111379490328e-12
7.625475342013770992e-13 3.452371694426574902e-12 7.917657404018535225e-13 -3.871938523655899072e-12 1.422214754743643090e-11 9.988426258620676351e-12 1.253094909693116591e-11 8.174428339894445722e-12 1.705099637418155272e-11 2.110862198368748590e-11 2.747437049670941663e-11 3.573087936973354476e-11 5.806587911508170183e-11 8.952202156045289111e-11 1.362309213957520136e-10 2.102827647198300844e-10 3.110722027570740664e-10 4.278342609513021276e-10 5.384217429865545071e-10 5.995596841109279644e-10 5.620135853193384018e-10 3.443000294598479264e-10 8.497783982091257387e-11 4.253538601649061603e-11 4.299084629477448582e-11 -9.708181910621120461e-12
7.280934484405102043e-12 9.102158604203731935e-13 3.169873609684557265e-12 -3.709431560828094681e-12 1.294231513211109456e-11 1.406826057986703339e-11 1.196542546656327318e-11 8.300317102501060008e-12 1.675105156972821710e-11 2.267177684923981855e-11 3.144364647578793073e-11 3.975941222619137211e-11 6.223990429384427318e-11 9.551153711149835366e-11 1.448461024558322824e-10 2.231410543104143290e-10 3.312679865174811903e-10 4.564535300616002114e-10 5.995596841109279644e-10 7.393738702194559535e-10 7.482065292665562124e-10 5.322325214956373511e-10 1.972523563419934625e-10 6.869418121498699476e-11 5.173739785125035057e-11 -2.038617050550857985e-11
1.243830594809444953e-11 -1.832952314341878286e-12 2.041722179164272118e-13 -2.337481749722283452e-12 8.634055882621819585e-12 1.362319201316612857e-11 1.040956675496148241e-11 9.698110276365137119e-12 1.402934380179039028e-11 2.206196082913785742e-11 3.186681748966631401e-11 3.733915090341957899e-11 5.789907591444801617e-11 8.192020118370268050e-11 1.214235376380882349e-10 1.907530986047499157e-10 2.918382928881074988e-10 4.123100607944806166e-10 5.620135853193384018e-10 7.482065292665562124e-10 8.625931868235587840e-10 7.401133297568569672e-10 3.910718329451713588e-10 1.252615907766946932e-10 2.814041687015948928e-11 -3.855506938101112965e-11
7.979062636946105684e-12 -1.177808630252282073e-12 -4.733024496269693049e-12 -1.572007596685205276e-12 3.300402068591851120e-12 8.526116837008546286e-12 4.677357274522887045e-12 1.117339535368214014e-11 5.613463045406438601e-12 1.195681203715866055e-11 1.966794402411482930e-11 1.800972011152938008e-11 2.799262093216492382e-11 2.873071733708698632e-11 4.368045065397632638e-11 7.491829037137423237e-11 1.338469058809268784e-10 2.176480613196031803e-10 3.443000294598479264e-10 5.322325214956373511e-10 7.401133297568569672e-10 8.561645161589457169e-10 6.278668341070099198e-10 2.446044191978096571e-10 -3.187075949850755970e-12 -5.520144518417225570e-11
8.483578594879506929e-12 2.447804114018275556e-12 -1.341772593315186462e-12 1.065178894969594160e-13 3.206479441317859350e-12 5.594884802826430947e-12 3.951451740205898305e-12 1.860411754987948638e-11 1.038468002898547266e-11 1.437175306857825540e-11 1.801718896300148319e-11 1.256846688014110308e-11 1.645100017046301630e-11 8.654065499872368543e-12 6.674870566184826019e-12 6.796365972917817719e-12 1.208085561417359416e-11 3.069119582868203368e-11 8.497783982091257387e-11 1.972523563419934625e-10 3.910718329451713588e-10 6.278668341070099198e-10 7.117359315421095385e-10 4.466520056563418544e-10 6.263374113327490310e-11 -2.251720657318577721e-11
5.161867716856711807e-12 1.027212010222713343e-11 1.032818242072669601e-11 1.722865228543122917e-12 1.522437620404805998e-11 3.704881968607959990e-12 1.078145157255696161e-12 1.458769604751092738e-11 1.507725158091241106e-11 1.667720368478166577e-11 1.787155569881574734e-11 9.998971532596431963e-12 1.260477232053977261e-11 1.452041811472331826e-11 2.106281462154879068e-11 2.714911189886885223e-11 2.572429887060645311e-11 2.749479958181303363e-11 4.253538601649061603e-11 6.869418121498699476e-11 1.252615907766946932e-10 2.446044191978096571e-10 4.466520056563418544e-10 5.860818431254482128e-10 3.270446768169407632e-10 7.174101406761748473e-11
2.194753675919326245e-12 6.500626612594357157e-12 1.138130281997396860e-11 3.698304660606905856e-12 1.917301375522333523e-11 1.769434084582736333e-12 -3.067314039427011841e-12 -1.418924867929238680e-12 6.213122253898455952e-12 1.061246582918376839e-11 1.493478673768487623e-11 1.923045401949185985e-11 1.850170572064775274e-11 2.230624127564432281e-11 3.011038134586294215e-11 4.185269631348173077e-11 4.285373083656853796e-11 3.888514817429401015e-11 4.299084629477448582e-11 5.173739785125035057e-11 2.814041687015948928e-11 -3.187075949850755970e-12 6.263374113327490310e-11 3.270446768169407632e-10 5.662884723770857015e-10 3.122558683426614126e-10
-9.019114516417298479e-12 -1.253691797983145685e-11 -1.416965478689581024e-11 -1.466259990786652568e-11 2.923902931640346821e-12 1.559583992828498167e-13 -6.768157753803049325e-12 -1.243356703023202663e-11 -2.606203157991697792e-12 1.241000305883077178e-12 -1.361352022285937014e-12 1.418963395790030212e-11 1.102936602938546726e-11 1.005390101375322829e-11 9.212148220246084640e-12 1.377063302446068388e-11 8.464724526161087022e-12 -1.107075111379490328e-12 -9.708181910621120461e-12 -2.038617050550857985e-11 -3.855506938101112965e-11 -5.520144518417225570e-11 -2.251720657318577721e-11 7.174101406761748473e-11 3.122558683426614126e-10 5.205241414352664277e-10
