9.332067772093252356e-11 2.347681220106281487e-11 -1.236958651517349379e-12 1.577390324322717189e-12 5.979094848769750688e-12 3.403520267507447871e-12 -3.022949276434571646e-12 2.991432403558678498e-12 -1.137923360488698814e-12 1.331912267155471816e-13 -1.559774908860774199e-12 3.021272347355683571e-12 2.943259674510357076e-12 2.503378668014641707e-12 4.001005663344566000e-12 7.305398479110650507e-12 8.027790514327173270e-12 1.198044168082353160e-11 1.344157357039924616e-11 2.104820835511688665e-11 3.218992613373365980e-11 3.836145327976496438e-11 3.220812189455893778e-11 1.221456569363396274e-11 -8.082250308128528982e-12 -6.620112219038403729e-13
2.347681220106281487e-11 8.099735065677680517e-11 2.005894718608782969e-11 7.875895569893186690e-12 8.677125055743805429e-12 6.459525917917120312e-12 8.320015186799965664e-12 5.333287586184722249e-12 4.480661251220918512e-12 1.978338189458902220e-12 2.072793035468354985e-12 5.680153653152415881e-12 1.528521275596611168e-11 2.577360273580111110e-11 2.972974536160661744e-11 2.828081418911207013e-11 3.377448717843298674e-11 3.947502833369953677e-11 4.041371717611909496e-11 4.134235895906756937e-11 1.526531988518441871e-11 -1.817763424958562936e-11 -3.200573816735055101e-11 -2.429274488698398565e-11 -2.060900008607401856e-11 -1.913636211281742679e-11
-1.236958651517349379e-12 2.005894718608782969e-11 5.315992143230140972e-11 1.180715055785521945e-11 4.243837291621514915e-12 -1.932754010523208087e-12 -1.856870173778234942e-13 -6.146901074732779874e-13 3.806600496624282122e-13 2.085774750215321639e-12 1.451815012528223415e-12 -1.462672841593105038e-12 1.572939402081247629e-12 2.615936229578733175e-12 3.548247201862352267e-12 1.357768105193814856e-12 5.615548899190085984e-12 6.321629352583566996e-12 8.574675567283656654e-14 -1.392976716255070834e-11 -3.666533096250272084e-11 -4.463747699633370736e-11 -3.829712052898335023e-11 -1.706375045381493005e-11 -4.812562996957227384e-13 -4.287988852471743635e-12
1.577390324322717189e-12 7.875895569893186690e-12 1.180715055785521945e-11 3.718780705424290215e-11 1.264303260434937906e-11 4.588732523943573046e-12 1.328497103279359948e-12 3.177307094050882563e-12 3.287525906212691739e-12 5.848551688361624849e-12 4.594464705020924200e-12 3.963363721650079186e-12 3.662498456850259598e-12 5.837239480073676648e-12 9.092256525541752296e-12 9.851169611953638821e-12 1.224051188371293592e-11 8.986123197263065252e-12 3.842329730751069830e-12 2.504050764435951251e-12 -7.924781262940973302e-12 -9.353049846217871675e-12 8.554764727568674181e-12 1.419042076674523799e-11 1.320191186771208170e-12 -5.716748010456402954e-12
5.979094848769750688e-12 8.677125055743805429e-12 4.243837291621514915e-12 1.264303260434937906e-11 3.780443718642014722e-11 1.669112865430001422e-11 1.055973062064308688e-11 1.224307771134885404e-11 8.786466925832745970e-12 1.049944595917561499e-11 9.816631385556097226e-12 6.509140105842299045e-12 7.311997128673727508e-12 1.097852326461977212e-11 1.357955115161550402e-11 1.645176870172463476e-11 1.511239244149835378e-11 1.570979829860481105e-11 1.782077847552232967e-11 1.779239181502094249e-11 1.243000454162598895e-11 2.254007777988214937e-12 -2.760587043657931489e-12 -1.101884438297716386e-11 -8.756941245246410275e-12 -1.452136988054245774e-11
3.403520267507447871e-12 6.459525917917120312e-12 -1.932754010523208087e-12 4.588732523943573046e-12 1.669112865430001422e-11 3.245373474843757942e-11 1.778270185246464886e-11 1.464149455828202860e-11 1.041985318897208028e-11 1.030530487593212846e-11 6.760254382507101175e-12 5.590735553623295765e-12 1.025910834684755425e-11 1.130269058331728057e-11 1.419360065762727652e-11 1.734572207703364627e-11 1.943215368522524914e-11 2.323749164616848316e-11 2.478538878231110751e-11 1.725768058454556083e-11 -1.292457834523107729e-12 -2.993367000425697438e-11 -5.934096051124566977e-11 -4.004157316469620452e-11 -2.036228255654513668e-12 1.149862371735671892e-11
-3.022949276434571646e-12 8.320015186799965664e-12 -1.856870173778234942e-13 1.328497103279359948e-12 1.055973062064308688e-11 1.778270185246464886e-11 3.174479388250886196e-11 2.011905821901490467e-11 1.769382091433762611e-11 1.434390018758239535e-11 1.284971234649650714e-11 1.005817443510819139e-11 1.466996184694529155e-11 1.675338599409698720e-11 1.851036145740974774e-11 2.156089234399772945e-11 2.431193184899566707e-11 3.003666561575044436e-11 3.563249967685241938e-11 3.333894574460091964e-11 2.091069561622544461e-11 2.710709082877289178e-12 -1.093168201126942594e-11 -4.220785808826537992e-12 -2.673748827262518023e-12 -8.620699803093272695e-12
2.991432403558678498e-12 5.333287586184722249e-12 -6.146901074732779874e-13 3.177307094050882563e-12 1.224307771134885404e-11 1.464149455828202860e-11 2.011905821901490467e-11 3.336488526366242192e-11 2.662904166252229343e-11 2.308465666872588999e-11 1.903322123883075898e-11 1.843926099486060377e-11 2.295965829202888429e-11 2.733174701945675296e-11 3.284790052938511436e-11 3.848204719432798861e-11 4.548261986115690813e-11 5.146025663614878347e-11 5.622721229962423947e-11 5.026735880109135991e-11 2.505661837369645281e-11 -1.248875685489566198e-11 -2.430450633850162859e-11 -1.678395350516314848e-11 -1.932382962473318644e-11 -1.971606434545356775e-12
-1.137923360488698814e-12 4.480661251220918512e-12 3.806600496624282122e-13 3.287525906212691739e-12 8.786466925832745970e-12 1.041985318897208028e-11 1.769382091433762611e-11 2.662904166252229343e-11 4.125055389682838879e-11 3.561182047482256843e-11 3.081693566915062388e-11 2.950985608584104061e-11 3.272211351710397522e-11 3.935542739086954543e-11 4.482714404006504980e-11 4.965863744756844430e-11 5.853719844412791161e-11 6.918054350924457778e-11 7.758387749997452317e-11 7.805718899984636327e-11 5.465025294956199392e-11 1.117031083192108760e-11 1.258508670405530400e-12 4.278806337028582910e-12 -1.399518575349178446e-11 2.622243809809690097e-12
1.331912267155471816e-13 1.978338189458902220e-12 2.085774750215321639e-12 5.848551688361624849e-12 1.049944595917561499e-11 1.030530487593212846e-11 1.434390018758239535e-11 2.308465666872588999e-11 3.561182047482256843e-11 4.703292497394732617e-11 4.350527694048097600e-11 3.998287754414872707e-11 4.382406808943651866e-11 4.965618022135244439e-11 5.840868154339296429e-11 6.584892614299424510e-11 7.650574544115270944e-11 8.724948135083049772e-11 9.667118787238508394e-11 1.025892645313018747e-10 8.292763021338534644e-11 3.692419636931725309e-11 2.752250379649043753e-11 1.571484922232596114e-11 -7.498824550872799897e-12 3.659755882669662654e-13
-1.559774908860774199e-12 2.072793035468354985e-12 1.451815012528223415e-12 4.594464705020924200e-12 9.816631385556097226e-12 6.760254382507101175e-12 1.284971234649650714e-11 1.903322123883075898e-11 3.081693566915062388e-11 4.350527694048097600e-11 5.719594633379329054e-11 5.420730317954351335e-11 5.760578519971656009e-11 6.391408625864432881e-11 7.351842117203681200e-11 8.000369607232211610e-11 8.955054586245233207e-11 1.007417310889191662e-10 1.113454968662529603e-10 1.229198374431323931e-10 1.072540823153187248e-10 4.954393097772470332e-11 3.789365506858420168e-11 2.344271578028756474e-11 -8.832739631665738809e-12 -2.231334106504900565e-12
3.021272347355683571e-12 5.680153653152415881e-12 -1.462672841593105038e-12 3.963363721650079186e-12 6.509140105842299045e-12 5.590735553623295765e-12 1.005817443510819139e-11 1.843926099486060377e-11 2.950985608584104061e-11 3.998287754414872707e-11 5.420730317954351335e-11 7.379208484368083561e-11 8.487711433208067502e-11 9.445723115578769434e-11 1.059721624610075344e-10 1.141793814653248296e-10 1.276442306069256125e-10 1.435869098035093509e-10 1.550314741807519316e-10 1.683451823802391495e-10 1.467121626542389091e-10 5.309419593575757329e-11 1.422971885836347112e-11 1.870872435135614359e-12 -2.712405706910883277e-12 3.325874472425163258e-12
2.943259674510357076e-12 1.528521275596611168e-11 1.572939402081247629e-12 3.662498456850259598e-12 7.311997128673727508e-12 1.025910834684755425e-11 1.466996184694529155e-11 2.295965829202888429e-11 3.272211351710397522e-11 4.382406808943651866e-11 5.760578519971656009e-11 8.487711433208067502e-11 1.194705050500979381e-10 1.361397556933278245e-10 1.518196829443192968e-10 1.651392343211106818e-10 1.851843794483929757e-10 2.070271506617706537e-10 2.181874309153090306e-10 2.274744687436802822e-10 1.808379686265160398e-10 4.243429929151327498e-11 -2.191295164081261600e-11 -1.772889731877564258e-11 8.430264008303034570e-12 6.219644545794242729e-12
2.503378668014641707e-12 2.577360273580111110e-11 2.615936229578733175e-12 5.837239480073676648e-12 1.097852326461977212e-11 1.130269058331728057e-11 1.675338599409698720e-11 2.733174701945675296e-11 3.935542739086954543e-11 4.965618022135244439e-11 6.391408625864432881e-11 9.445723115578769434e-11 1.361397556933278245e-10 1.798321728829730671e-10 2.076908511188819476e-10 2.276425207575539084e-10 2.545664073055056463e-10 2.858989439108241662e-10 3.043898698091112305e-10 3.203709020382466262e-10 2.575377533796837709e-10 7.496740713281520475e-11 -2.059231724516822324e-11 -3.290250283843963358e-11 -8.810988076697191148e-12 -8.006744164362772622e-12
4.001005663344566000e-12 2.972974536160661744e-11 3.548247201862352267e-12 9.092256525541752296e-12 1.357955115161550402e-11 1.419360065762727652e-11 1.851036145740974774e-11 3.284790052938511436e-11 4.482714404006504980e-11 5.840868154339296429e-11 7.351842117203681200e-11 1.059721624610075344e-10 1.518196829443192968e-10 2.076908511188819476e-10 2.731564003037795528e-10 3.149386650344431789e-10 3.591085261913329795e-10 4.045165061737462910e-10 4.352187905046273844e-10 4.670902628583779318e-10 3.941538116549955106e-10 1.488942327501926149e-10 4.154470835383089157e-12 -3.429291405104260850e-11 -1.598020072798395199e-11 -2.392904330692636483e-12
7.305398479110650507e-12 2.828081418911207013e-11 1.357768105193814856e-12 9.851169611953638821e-12 1.645176870172463476e-11 1.734572207703364627e-11 2.156089234399772945e-11 3.848204719432798861e-11 4.965863744756844430e-11 6.584892614299424510e-11 8.000369607232211610e-11 1.141793814653248296e-10 1.651392343211106818e-10 2.276425207575539084e-10 3.149386650344431789e-10 3.978984265257763148e-10 4.719362990638353278e-10 5.391280839638855878e-10 5.862473622199944036e-10 6.377590723275478681e-10 5.598653261543578520e-10 2.413032248791922654e-10 1.812484697255542131e-11 -4.949361692736017402e-11 -1.841437610498871366e-11 -1.485316011429931065e-11
8.027790514327173270e-12 3.377448717843298674e-11 5.615548899190085984e-12 1.224051188371293592e-11 1.511239244149835378e-11 1.943215368522524914e-11 2.431193184899566707e-11 4.548261986115690813e-11 5.853719844412791161e-11 7.650574544115270944e-11 8.955054586245233207e-11 1.276442306069256125e-10 1.851843794483929757e-10 2.545664073055056463e-10 3.591085261913329795e-10 4.719362990638353278e-10 6.182730239003055708e-10 7.437825778504658217e-10 8.205170154581336880e-10 8.962795845279927954e-10 8.067963354919965393e-10 4.070121459049941803e-10 8.512915842310787184e-11 -2.091991437946104358e-11 6.422563469009589948e-12 -2.759215721900527897e-11
1.198044168082353160e-11 3.947502833369953677e-11 6.321629352583566996e-12 8.986123197263065252e-12 1.570979829860481105e-11 2.323749164616848316e-11 3.003666561575044436e-11 5.146025663614878347e-11 6.918054350924457778e-11 8.724948135083049772e-11 1.007417310889191662e-10 1.435869098035093509e-10 2.070271506617706537e-10 2.858989439108241662e-10 4.045165061737462910e-10 5.391280839638855878e-10 7.437825778504658217e-10 9.746750793034491891e-10 1.120900911343028069e-09 1.250225868937961036e-09 1.175324496621520393e-09 6.904528835964224195e-10 2.075134218784052905e-10 1.600122259130781269e-11 1.306246427798264658e-11 -6.241413143940952863e-11
1.344157357039924616e-11 4.041371717611909496e-11 8.574675567283656654e-14 3.842329730751069830e-12 1.782077847552232967e-11 2.478538878231110751e-11 3.563249967685241938e-11 5.622721229962423947e-11 7.758387749997452317e-11 9.667118787238508394e-11 1.113454968662529603e-10 1.550314741807519316e-10 2.181874309153090306e-10 3.043898698091112305e-10 4.352187905046273844e-10 5.862473622199944036e-10 8.205170154581336880e-10 1.120900911343028069e-09 1.394756100019385234e-09 1.640129687109740845e-09 1.635815302472711265e-09 1.105421563103448911e-09 4.214103529384015518e-10 7.219488859763824058e-11 2.517367641388794381e-11 -1.074596387796265751e-10
2.104820835511688665e-11 4.134235895906756937e-11 -1.392976716255070834e-11 2.504050764435951251e-12 1.779239181502094249e-11 1.725768058454556083e-11 3.333894574460091964e-11 5.026735880109135991e-11 7.805718899984636327e-11 1.025892645313018747e-10 1.229198374431323931e-10 1.683451823802391495e-10 2.274744687436802822e-10 3.203709020382466262e-10 4.670902628583779318e-10 6.377590723275478681e-10 8.962795845279927954e-10 1.250225868937961036e-09 1.640129687109740845e-09 2.105263470039632474e-09 2.266028241568598621e-09 1.721256365854740977e-09 7.898293449519373211e-10 1.536705581608882544e-10 3.979333739465742123e-11 -1.510526099542080880e-10
3.218992613373365980e-11 1.526531988518441871e-11 -3.666533096250272084e-11 -7.924781262940973302e-12 1.243000454162598895e-11 -1.292457834523107729e-12 2.091069561622544461e-11 2.505661837369645281e-11 5.465025294956199392e-11 8.292763021338534644e-11 1.072540823153187248e-10 1.467121626542389091e-10 1.808379686265160398e-10 2.575377533796837709e-10 3.941538116549955106e-10 5.598653261543578520e-10 8.067963354919965393e-10 1.175324496621520393e-09 1.635815302472711265e-09 2.266028241568598621e-09 2.755565500207844887e-09 2.449727207983238290e-09 1.412239858890518642e-09 3.547687727345623322e-10 3.495552747954934993e-11 -2.113427046962736980e-10
3.836145327976496438e-11 -1.817763424958562936e-11 -4.463747699633370736e-11 -9.353049846217871675e-12 2.254007777988214937e-12 -2.993367000425697438e-11 2.710709082877289178e-12 -1.248875685489566198e-11 1.117031083192108760e-11 3.692419636931725309e-11 4.954393097772470332e-11 5.309419593575757329e-11 4.243429929151327498e-11 7.496740713281520475e-11 1.488942327501926149e-10 2.413032248791922654e-10 4.070121459049941803e-10 6.904528835964224195e-10 1.105421563103448911e-09 1.721256365854740977e-09 2.449727207983238290e-09 2.796899849037752873e-09 2.119066635355594819e-09 8.111252613671409023e-10 5.859515433540693060e-11 -2.710572177221812346e-10
3.220812189455893778e-11 -3.200573816735055101e-11 -3.829712052898335023e-11 8.554764727568674181e-12 -2.760587043657931489e-12 -5.934096051124566977e-11 -1.093168201126942594e-11 -2.430450633850162859e-11 1.258508670405530400e-12 2.752250379649043753e-11 3.789365506858420168e-11 1.422971885836347112e-11 -2.191295164081261600e-11 -2.059231724516822324e-11 4.154470835383089157e-12 1.812484697255542131e-11 8.512915842310787184e-11 2.075134218784052905e-10 4.214103529384015518e-10 7.898293449519373211e-10 1.412239858890518642e-09 2.119066635355594819e-09 2.385026810319117636e-09 1.508861958487434017e-09 2.582376695190290512e-10 -1.645575895589646583e-10
1.221456569363396274e-11 -2.429274488698398565e-11 -1.706375045381493005e-11 1.419042076674523799e-11 -1.101884438297716386e-11 -4.004157316469620452e-11 -4.220785808826537992e-12 -1.678395350516314848e-11 4.278806337028582910e-12 1.571484922232596114e-11 2.344271578028756474e-11 1.870872435135614359e-12 -1.772889731877564258e-11 -3.290250283843963358e-11 -3.429291405104260850e-11 -4.949361692736017402e-11 -2.091991437946104358e-11 1.600122259130781269e-11 7.219488859763824058e-11 1.536705581608882544e-10 3.547687727345623322e-10 8.111252613671409023e-10 1.508861958487434017e-09 1.787758367760300767e-09 8.746136422779408675e-10 1.213541907235756478e-10
-8.082250308128528982e-12 -2.060900008607401856e-11 -4.812562996957227384e-13 1.320191186771208170e-12 -8.756941245246410275e-12 -2.036228255654513668e-12 -2.673748827262518023e-12 -1.932382962473318644e-11 -1.399518575349178446e-11 -7.498824550872799897e-12 -8.832739631665738809e-12 -2.712405706910883277e-12 8.430264008303034570e-12 -8.810988076697191148e-12 -1.598020072798395199e-11 -1.841437610498871366e-11 6.422563469009589948e-12 1.306246427798264658e-11 2.517367641388794381e-11 3.979333739465742123e-11 3.495552747954934993e-11 5.859515433540693060e-11 2.582376695190290512e-10 8.746136422779408675e-10 1.610514237113081678e-09 8.638899605342509659e-10
-6.620112219038403729e-13 -1.913636211281742679e-11 -4.287988852471743635e-12 -5.716748010456402954e-12 -1.452136988054245774e-11 1.149862371735671892e-11 -8.620699803093272695e-12 -1.971606434545356775e-12 2.622243809809690097e-12 3.659755882669662654e-13 -2.231334106504900565e-12 3.325874472425163258e-12 6.219644545794242729e-12 -8.006744164362772622e-12 -2.392904330692636483e-12 -1.485316011429931065e-11 -2.759215721900527897e-11 -6.241413143940952863e-11 -1.074596387796265751e-10 -1.510526099542080880e-10 -2.113427046962736980e-10 -2.710572177221812346e-10 -1.645575895589646583e-10 1.213541907235756478e-10 8.638899605342509659e-10 1.478133594190881011e-09
