7.308656211977265953e-11 1.521982792371915949e-11 5.428637920522411359e-12 2.536884034750692668e-12 -1.858795802470711461e-12 4.287940359741254319e-12 2.423930944583257332e-12 2.865829196508566015e-12 -7.689242150818824482e-13 7.255642036411437316e-13 -1.366190551547388932e-12 -2.624228785136226915e-12 -3.107436501509957557e-12 -6.269767660081145482e-12 -4.621851260426540592e-12 2.296522971740353931e-12 4.465823637213002384e-12 2.830960057485479586e-12 -2.872466849093936302e-12 -6.297148389335670450e-12 -1.474244656098825522e-11 -2.374365129276597723e-11 -2.844424300137293331e-11 -2.784919151074299655e-11 -1.379567365575275400e-11 -3.838643915022479327e-12
1.521982792371915949e-11 5.738426338485518776e-11 1.434361287432714810e-11 5.876500592634948812e-12 3.890650083693895460e-12 5.184790782927974253e-12 4.397599318393274699e-12 2.848312881226648965e-12 2.521385983077878439e-12 9.723838480419701330e-13 5.305843219739998654e-13 3.961953153830511754e-12 4.382402717623903194e-12 4.472080294803635070e-12 4.327953815858878081e-12 5.229373331800385367e-12 6.393328805419008721e-12 7.848404522806389462e-12 1.469556386079716414e-11 1.998489607293770136e-11 8.675084724055330386e-12 3.907544983068436595e-12 -4.070109588031818241e-12 -7.271318241344316194e-12 -8.708173112896022231e-12 -9.451304626148147461e-12
5.428637920522411359e-12 1.434361287432714810e-11 4.474322532865495439e-11 1.370104474998805017e-11 5.639973642344178813e-12 7.045681607801152513e-12 3.671177920519190216e-12 1.537198797495809920e-12 7.145982384714499151e-13 2.269181978333450384e-12 -1.027812124819807362e-12 2.299238783040769395e-12 5.048905883258918368e-12 3.762513671497127184e-12 3.353209942056864052e-12 1.425955126513138844e-12 2.173185584446505410e-12 4.473918729188085775e-13 2.549306665030190661e-12 8.726926521551924140e-12 9.845729013463729763e-12 1.683005471504117201e-11 3.032932465241772909e-11 3.340878051175655127e-11 1.481185421069997153e-11 3.219035755932637454e-12
2.536884034750692668e-12 5.876500592634948812e-12 1.370104474998805017e-11 3.572704400291477313e-11 1.356345988289253167e-11 1.103204589406781091e-11 5.277497570701834528e-12 2.942250975530973684e-12 7.222363198249422648e-13 1.435341011906029188e-12 6.592794954928619821e-13 1.940842214565684562e-12 1.204301910850588047e-12 4.166241698190386807e-13 1.139211472163990664e-12 2.098986677247539212e-12 4.176064598956879314e-12 2.957531186730302482e-12 5.815244823558396784e-12 9.848868090380081258e-12 1.285009625368520131e-11 1.742872282683236994e-11 2.092857536043713779e-11 1.518642605281789545e-11 1.998803915701044893e-13 -2.111446126410444362e-12
-1.858795802470711461e-12 3.890650083693895460e-12 5.639973642344178813e-12 1.356345988289253167e-11 2.733819487907020223e-11 1.292019667783844313e-11 6.281591528608056987e-12 3.684408442370287133e-12 2.518521582437178218e-12 3.242877693586128667e-12 1.726622946418183198e-12 3.218122599629917768e-12 1.265844516945013113e-12 9.874513470728028639e-13 2.323462078058402434e-12 3.379201955480682144e-12 7.008757090660882950e-12 1.067494238017287848e-11 1.508971158124473100e-11 1.749222249710788515e-11 1.792827510761393826e-11 9.860759292702956029e-12 2.200568699612713411e-13 3.497463768971234642e-13 -3.063272507777396034e-14 -6.266022314870172665e-12
4.287940359741254319e-12 5.184790782927974253e-12 7.045681607801152513e-12 1.103204589406781091e-11 1.292019667783844313e-11 2.445424677856673503e-11 1.541579317876038155e-11 1.144019173065893779e-11 5.758430030943149464e-12 6.829925238210253136e-12 5.980937839036559601e-12 5.366959666650448790e-12 4.202402451660691648e-12 2.800660203072317238e-12 3.930430192029041199e-12 7.403491042951122846e-12 1.166040453464809255e-11 1.357472674266420488e-11 1.701925639133412336e-11 2.031273147179690753e-11 2.263524210730463690e-11 1.770146647937770969e-11 8.202238205656919548e-12 3.413044331689443680e-13 9.383724650019964400e-12 -7.489829392342325256e-12
2.423930944583257332e-12 4.397599318393274699e-12 3.671177920519190216e-12 5.277497570701834528e-12 6.281591528608056987e-12 1.541579317876038155e-11 2.521397262020183965e-11 1.898282635807301471e-11 1.312316212023426151e-11 1.167688272248116211e-11 9.987261146857605329e-12 8.340893185282334672e-12 8.569938826558688035e-12 7.730870532735623104e-12 1.022383667801883632e-11 1.251751323399808594e-11 1.475838206958340481e-11 1.668164404569583183e-11 1.998346589941542799e-11 2.085990392359409492e-11 1.954469813916761818e-11 1.338971368339953162e-11 1.046106039024337568e-11 4.091508603513754797e-12 8.662307525831805087e-12 4.218773744469535805e-12
2.865829196508566015e-12 2.848312881226648965e-12 1.537198797495809920e-12 2.942250975530973684e-12 3.684408442370287133e-12 1.144019173065893779e-11 1.898282635807301471e-11 2.839685728918184305e-11 2.082932170370947865e-11 1.578429240833396317e-11 1.377169314280346209e-11 1.127734138081173511e-11 1.196692170733362361e-11 1.352015190461571728e-11 1.510882833951591287e-11 1.810121155161791747e-11 2.256741253155297743e-11 2.730681668516660131e-11 2.935028426697794190e-11 2.987744210502272264e-11 2.542436233387674481e-11 1.433942666391716285e-11 1.013395184343162523e-11 7.780654152711027048e-12 1.699314030897058411e-11 7.622779019013606060e-12
-7.689242150818824482e-13 2.521385983077878439e-12 7.145982384714499151e-13 7.222363198249422648e-13 2.518521582437178218e-12 5.758430030943149464e-12 1.312316212023426151e-11 2.082932170370947865e-11 3.046399648509862626e-11 2.515931706224378383e-11 2.147862244136971550e-11 1.924674902415569214e-11 2.030890529107012026e-11 2.286756258829658284e-11 2.522771066609442543e-11 2.675531838425623770e-11 3.032824842981331192e-11 3.564984874130896122e-11 4.259819667666524430e-11 4.820709287132753494e-11 5.102795737385373921e-11 3.686699084376320428e-11 2.462019574033291428e-11 1.111736166166083774e-11 8.387585829342143485e-12 8.492515153195289526e-12
7.255642036411437316e-13 9.723838480419701330e-13 2.269181978333450384e-12 1.435341011906029188e-12 3.242877693586128667e-12 6.829925238210253136e-12 1.167688272248116211e-11 1.578429240833396317e-11 2.515931706224378383e-11 3.312725789401413006e-11 2.902112182914771713e-11 2.653447936225166313e-11 2.771249778115351172e-11 3.003300617609766190e-11 3.315025556365214144e-11 3.575121956011137881e-11 4.006483559042605795e-11 4.393341959143581157e-11 4.896337149511880969e-11 5.391698617022180641e-11 5.479955442779975880e-11 4.014220633326701385e-11 3.447844498285518972e-11 2.392550368959726423e-11 9.688459409990713444e-12 -4.400060608620931352e-12
-1.366190551547388932e-12 5.305843219739998654e-13 -1.027812124819807362e-12 6.592794954928619821e-13 1.726622946418183198e-12 5.980937839036559601e-12 9.987261146857605329e-12 1.377169314280346209e-11 2.147862244136971550e-11 2.902112182914771713e-11 3.695518897307041380e-11 3.606844983115159091e-11 3.668481659527799226e-11 4.019680772770827874e-11 4.257328363188053942e-11 4.438347928309085936e-11 4.945341014377295233e-11 5.419674103579745929e-11 5.861204183924323284e-11 6.467569364715147788e-11 6.327890781718500979e-11 4.255406434456754284e-11 2.820446315661771931e-11 1.874044013839839624e-11 1.950338265282832757e-11 -6.532906233665614901e-12
-2.624228785136226915e-12 3.961953153830511754e-12 2.299238783040769395e-12 1.940842214565684562e-12 3.218122599629917768e-12 5.366959666650448790e-12 8.340893185282334672e-12 1.127734138081173511e-11 1.924674902415569214e-11 2.653447936225166313e-11 3.606844983115159091e-11 5.184223420139129449e-11 5.445653926252844776e-11 5.803404360797284519e-11 6.168804515742591044e-11 6.419607307776394412e-11 7.036077407511090523e-11 7.641245609916032474e-11 8.216796581572390949e-11 8.997802914607329968e-11 8.573402786827580068e-11 5.351932704068678381e-11 4.027558872247220806e-11 2.304417361123199554e-11 3.106568489240872781e-12 -1.711904896189961354e-11
-3.107436501509957557e-12 4.382402717623903194e-12 5.048905883258918368e-12 1.204301910850588047e-12 1.265844516945013113e-12 4.202402451660691648e-12 8.569938826558688035e-12 1.196692170733362361e-11 2.030890529107012026e-11 2.771249778115351172e-11 3.668481659527799226e-11 5.445653926252844776e-11 7.216305120753688508e-11 7.970416507965368059e-11 8.448643488586170367e-11 8.831436666329945062e-11 9.546378668448611534e-11 1.036110450759782393e-10 1.117207373829097592e-10 1.221272188856737129e-10 1.132320088637247560e-10 6.272130971332372859e-11 4.156931281092765276e-11 2.598149274180210473e-11 1.552112547417581422e-11 -6.540806568589751239e-12
-6.269767660081145482e-12 4.472080294803635070e-12 3.762513671497127184e-12 4.166241698190386807e-13 9.874513470728028639e-13 2.800660203072317238e-12 7.730870532735623104e-12 1.352015190461571728e-11 2.286756258829658284e-11 3.003300617609766190e-11 4.019680772770827874e-11 5.803404360797284519e-11 7.970416507965368059e-11 1.095417117983415836e-10 1.212628648080648842e-10 1.294851762661694706e-10 1.408791255089783589e-10 1.558154241821411444e-10 1.692792282801155923e-10 1.797964199306762064e-10 1.582861369642636938e-10 7.103868156819366073e-11 2.022580649505392868e-11 3.052531306321488788e-12 1.173093272833118309e-11 -5.428906608760639771e-12
-4.621851260426540592e-12 4.327953815858878081e-12 3.353209942056864052e-12 1.139211472163990664e-12 2.323462078058402434e-12 3.930430192029041199e-12 1.022383667801883632e-11 1.510882833951591287e-11 2.522771066609442543e-11 3.315025556365214144e-11 4.257328363188053942e-11 6.168804515742591044e-11 8.448643488586170367e-11 1.212628648080648842e-10 1.592737059716326067e-10 1.810997002802309117e-10 2.026264398584620453e-10 2.246058705263441172e-10 2.439104093531990497e-10 2.584040716293910120e-10 2.382759608544263627e-10 1.238165194962228115e-10 4.500812184930686276e-11 4.771898201207842894e-13 -3.112339630947551217e-12 -4.411013724196331464e-13
2.296522971740353931e-12 5.229373331800385367e-12 1.425955126513138844e-12 2.098986677247539212e-12 3.379201955480682144e-12 7.403491042951122846e-12 1.251751323399808594e-11 1.810121155161791747e-11 2.675531838425623770e-11 3.575121956011137881e-11 4.438347928309085936e-11 6.419607307776394412e-11 8.831436666329945062e-11 1.294851762661694706e-10 1.810997002802309117e-10 2.319104971646273205e-10 2.748575589059698959e-10 3.100922984204829250e-10 3.361500980390121275e-10 3.547491393037547735e-10 3.347015923521522221e-10 1.803075036788569006e-10 6.196023599160971868e-11 -3.590210121694485680e-12 -1.185584206018897377e-11 -1.252767364076930632e-11
4.465823637213002384e-12 6.393328805419008721e-12 2.173185584446505410e-12 4.176064598956879314e-12 7.008757090660882950e-12 1.166040453464809255e-11 1.475838206958340481e-11 2.256741253155297743e-11 3.032824842981331192e-11 4.006483559042605795e-11 4.945341014377295233e-11 7.036077407511090523e-11 9.546378668448611534e-11 1.408791255089783589e-10 2.026264398584620453e-10 2.748575589059698959e-10 3.609141217956651265e-10 4.274218740708410321e-10 4.712570030635023373e-10 5.036254598301843566e-10 4.807153900906499057e-10 2.671386012526797742e-10 8.703475185458539530e-11 -4.729113798140776675e-12 -2.158774892235093971e-11 -3.700881857861498345e-11
2.830960057485479586e-12 7.848404522806389462e-12 4.473918729188085775e-13 2.957531186730302482e-12 1.067494238017287848e-11 1.357472674266420488e-11 1.668164404569583183e-11 2.730681668516660131e-11 3.564984874130896122e-11 4.393341959143581157e-11 5.419674103579745929e-11 7.641245609916032474e-11 1.036110450759782393e-10 1.558154241821411444e-10 2.246058705263441172e-10 3.100922984204829250e-10 4.274218740708410321e-10 5.594828844786567475e-10 6.509255599852087866e-10 7.155974699139879919e-10 6.985246009032284975e-10 4.358529737863236060e-10 1.699534952332879386e-10 1.699828042401858048e-11 -4.149992097206274233e-11 -7.882496203403227890e-11
-2.872466849093936302e-12 1.469556386079716414e-11 2.549306665030190661e-12 5.815244823558396784e-12 1.508971158124473100e-11 1.701925639133412336e-11 1.998346589941542799e-11 2.935028426697794190e-11 4.259819667666524430e-11 4.896337149511880969e-11 5.861204183924323284e-11 8.216796581572390949e-11 1.117207373829097592e-10 1.692792282801155923e-10 2.439104093531990497e-10 3.361500980390121275e-10 4.712570030635023373e-10 6.509255599852087866e-10 8.354180074293943048e-10 9.805151856230746203e-10 1.003725878282772280e-09 7.134088336064598868e-10 3.254221000785328340e-10 5.482524996469376421e-11 -4.788204102423948982e-11 -1.036243288326488748e-10
-6.297148389335670450e-12 1.998489607293770136e-11 8.726926521551924140e-12 9.848868090380081258e-12 1.749222249710788515e-11 2.031273147179690753e-11 2.085990392359409492e-11 2.987744210502272264e-11 4.820709287132753494e-11 5.391698617022180641e-11 6.467569364715147788e-11 8.997802914607329968e-11 1.221272188856737129e-10 1.797964199306762064e-10 2.584040716293910120e-10 3.547491393037547735e-10 5.036254598301843566e-10 7.155974699139879919e-10 9.805151856230746203e-10 1.267778531849325634e-09 1.398249446262501485e-09 1.122840890201114342e-09 6.014545530190461045e-10 1.282050445614649428e-10 -5.444837399179306459e-11 -1.441984324043196310e-10
-1.474244656098825522e-11 8.675084724055330386e-12 9.845729013463729763e-12 1.285009625368520131e-11 1.792827510761393826e-11 2.263524210730463690e-11 1.954469813916761818e-11 2.542436233387674481e-11 5.102795737385373921e-11 5.479955442779975880e-11 6.327890781718500979e-11 8.573402786827580068e-11 1.132320088637247560e-10 1.582861369642636938e-10 2.382759608544263627e-10 3.347015923521522221e-10 4.807153900906499057e-10 6.985246009032284975e-10 1.003725878282772280e-09 1.398249446262501485e-09 1.710094919384524512e-09 1.558727372507314224e-09 9.682839368914526368e-10 2.326426111422219955e-10 -8.953475870480191000e-11 -2.028713366736530881e-10
-2.374365129276597723e-11 3.907544983068436595e-12 1.683005471504117201e-11 1.742872282683236994e-11 9.860759292702956029e-12 1.770146647937770969e-11 1.338971368339953162e-11 1.433942666391716285e-11 3.686699084376320428e-11 4.014220633326701385e-11 4.255406434456754284e-11 5.351932704068678381e-11 6.272130971332372859e-11 7.103868156819366073e-11 1.238165194962228115e-10 1.803075036788569006e-10 2.671386012526797742e-10 4.358529737863236060e-10 7.134088336064598868e-10 1.122840890201114342e-09 1.558727372507314224e-09 1.764438672903278662e-09 1.377083607511697323e-09 4.996132067093556069e-10 -8.275393235734553379e-11 -2.286218431566893262e-10
-2.844424300137293331e-11 -4.070109588031818241e-12 3.032932465241772909e-11 2.092857536043713779e-11 2.200568699612713411e-13 8.202238205656919548e-12 1.046106039024337568e-11 1.013395184343162523e-11 2.462019574033291428e-11 3.447844498285518972e-11 2.820446315661771931e-11 4.027558872247220806e-11 4.156931281092765276e-11 2.022580649505392868e-11 4.500812184930686276e-11 6.196023599160971868e-11 8.703475185458539530e-11 1.699534952332879386e-10 3.254221000785328340e-10 6.014545530190461045e-10 9.682839368914526368e-10 1.377083607511697323e-09 1.530576057010678379e-09 9.532838886284237017e-10 7.168553387775241886e-11 -1.796091016158153692e-10
-2.784919151074299655e-11 -7.271318241344316194e-12 3.340878051175655127e-11 1.518642605281789545e-11 3.497463768971234642e-13 3.413044331689443680e-13 4.091508603513754797e-12 7.780654152711027048e-12 1.111736166166083774e-11 2.392550368959726423e-11 1.874044013839839624e-11 2.304417361123199554e-11 2.598149274180210473e-11 3.052531306321488788e-12 4.771898201207842894e-13 -3.590210121694485680e-12 -4.729113798140776675e-12 1.699828042401858048e-11 5.482524996469376421e-11 1.282050445614649428e-10 2.326426111422219955e-10 4.996132067093556069e-10 9.532838886284237017e-10 1.128566696623008622e-09 4.816797791108564122e-10 -2.412195479495944303e-11
-1.379567365575275400e-11 -8.708173112896022231e-12 1.481185421069997153e-11 1.998803915701044893e-13 -3.063272507777396034e-14 9.383724650019964400e-12 8.662307525831805087e-12 1.699314030897058411e-11 8.387585829342143485e-12 9.688459409990713444e-12 1.950338265282832757e-11 3.106568489240872781e-12 1.552112547417581422e-11 1.173093272833118309e-11 -3.112339630947551217e-12 -1.185584206018897377e-11 -2.158774892235093971e-11 -4.149992097206274233e-11 -4.788204102423948982e-11 -5.444837399179306459e-11 -8.953475870480191000e-11 -8.275393235734553379e-11 7.168553387775241886e-11 4.816797791108564122e-10 9.488043954494238802e-10 5.017425868311632262e-10
-3.838643915022479327e-12 -9.451304626148147461e-12 3.219035755932637454e-12 -2.111446126410444362e-12 -6.266022314870172665e-12 -7.489829392342325256e-12 4.218773744469535805e-12 7.622779019013606060e-12 8.492515153195289526e-12 -4.400060608620931352e-12 -6.532906233665614901e-12 -1.711904896189961354e-11 -6.540806568589751239e-12 -5.428906608760639771e-12 -4.411013724196331464e-13 -1.252767364076930632e-11 -3.700881857861498345e-11 -7.882496203403227890e-11 -1.036243288326488748e-10 -1.441984324043196310e-10 -2.028713366736530881e-10 -2.286218431566893262e-10 -1.796091016158153692e-10 -2.412195479495944303e-11 5.017425868311632262e-10 9.915729764518387044e-10
