8.313707698945318475e-11 2.932645438605960816e-11 1.107132015230765762e-11 1.575361314175736871e-12 3.031153185586931865e-12 4.443848780760603716e-12 3.766285443562302798e-12 3.478056008790650255e-12 1.670851284826463635e-12 -2.419788166608730787e-12 -2.889608063210967730e-12 -4.468913502433909270e-12 -7.576776736933215367e-12 -6.379885996600581218e-12 -1.618979675732648417e-12 2.290905612726061707e-12 3.112733635185664045e-12 2.778688150885616288e-12 2.862707451777705819e-12 5.454798948986433887e-12 1.170334760000670715e-11 1.698036866240368668e-11 2.806122232760315515e-11 3.772346101035047330e-11 1.547543376196102860e-11 1.077360041947314336e-12
2.932645438605960816e-11 6.288706873882562824e-11 1.988726539216549465e-11 1.044781807153469152e-11 9.016894157629188910e-12 4.126438271314831357e-12 5.816622322501865313e-12 5.276459083958373897e-12 3.363898426715398646e-12 -8.845524314690307944e-13 -1.324318569197567656e-12 -2.120527779391285364e-12 -4.906236740467451518e-12 -5.059204465223497662e-12 -3.239028958538425645e-12 -1.772464399524249593e-12 -1.014436931568807962e-12 1.055154307872149310e-12 1.095624673425506338e-12 -1.550864458940447821e-12 -6.747866431882450021e-12 -7.507213531796140038e-12 7.524364648239196946e-12 2.793349703328866879e-11 2.780331473830830864e-11 -7.700069938048697304e-12
1.107132015230765762e-11 1.988726539216549465e-11 4.583507995945281182e-11 1.280167743315095876e-11 5.783071696777065314e-12 5.899304251328675969e-12 4.935410525599933510e-12 1.749262196190928011e-12 3.392332425187069371e-13 -2.880395391425241293e-12 -4.704697117786485330e-12 -3.402404020390580489e-12 -4.777601741197182250e-12 -2.137688004358818957e-12 -5.862568264125201025e-13 1.448707676099931317e-13 4.870497710469747578e-12 8.475776520592182386e-12 1.149459945777128875e-11 1.342907625097944387e-11 1.032514093490266247e-11 4.480391610151454687e-12 1.350023244679485438e-12 -1.522865305727758096e-12 -7.524374596739530701e-12 -1.036900501510000397e-11
1.575361314175736871e-12 1.044781807153469152e-11 1.280167743315095876e-11 3.270687817303080712e-11 1.216660095807052742e-11 6.361146973976554714e-12 7.471555259873375423e-12 3.492935787760049196e-12 2.381478371316676145e-12 1.268934538083801014e-12 1.029355374131459068e-12 -8.600187296315044856e-13 -4.994085733422718659e-13 -5.635279173673318947e-13 1.178478969555052373e-12 4.256504150745719337e-12 6.903975588095204625e-12 9.966349058319921233e-12 1.413771910993068206e-11 1.560316248112167669e-11 2.151399044806318240e-11 1.734022185508081359e-11 1.218822329867590419e-11 9.041987119827710193e-12 3.860663016197184270e-12 -1.117241049389761633e-11
3.031153185586931865e-12 9.016894157629188910e-12 5.783071696777065314e-12 1.216660095807052742e-11 2.822549472428535334e-11 1.126249593027630138e-11 1.074702622434038156e-11 8.029048235590911368e-12 6.024067031835916000e-12 4.847362972127253590e-12 4.540237172665416041e-12 4.400769053028383645e-12 2.357523509975149364e-12 3.033403382689680909e-12 4.954562078076590681e-12 4.712196790640626484e-12 6.193484780681114726e-12 7.628033859484245666e-12 7.611825771749543573e-12 7.676476260759321877e-12 6.614892684331420278e-12 9.455936344919989931e-13 2.730785834423829948e-12 1.140179697742251638e-11 1.209868300713011070e-11 1.376782104360576825e-12
4.443848780760603716e-12 4.126438271314831357e-12 5.899304251328675969e-12 6.361146973976554714e-12 1.126249593027630138e-11 2.384835566758225008e-11 1.261029064426255930e-11 7.401449604595804076e-12 5.463936549031612092e-12 5.452080252281071780e-12 2.903398557255123906e-12 3.408824201502452424e-12 3.160319473494417495e-12 3.074950511557070074e-12 4.827902933210341647e-12 7.634415603445564278e-12 9.565278054113298067e-12 1.216891981517505172e-11 1.480025051300926251e-11 1.741669617217429257e-11 1.573910756863608412e-11 9.034885173387463224e-12 2.708947224521364638e-12 1.793706759937784209e-12 3.664200423782656630e-12 2.649147786815637503e-12
3.766285443562302798e-12 5.816622322501865313e-12 4.935410525599933510e-12 7.471555259873375423e-12 1.074702622434038156e-11 1.261029064426255930e-11 2.029946516563557490e-11 1.096389977483021637e-11 8.649227451283057735e-12 8.043622608121349219e-12 6.802988966483153017e-12 5.610396237794675271e-12 4.311356017080003367e-12 4.898117673360462196e-12 5.165781345130356431e-12 5.759191503553379572e-12 6.617165936519958836e-12 8.193425970093426992e-12 1.207399575491812312e-11 1.309916472575910825e-11 1.195749881203430702e-11 4.877224237015019438e-12 5.090985861332021312e-12 3.600681136558108472e-12 -1.716952631662856803e-12 -4.612799934810676147e-12
3.478056008790650255e-12 5.276459083958373897e-12 1.749262196190928011e-12 3.492935787760049196e-12 8.029048235590911368e-12 7.401449604595804076e-12 1.096389977483021637e-11 2.079519198650654710e-11 1.484180943900726386e-11 1.048905127804498265e-11 9.544569325799092424e-12 7.890277741400064991e-12 6.844797779753385720e-12 6.335071845966006804e-12 6.547315952824875207e-12 5.157175579568638393e-12 7.219575822666708712e-12 9.572514632952490797e-12 1.270047956498065223e-11 1.396757447670060840e-11 1.453017837908390626e-11 1.294842912649073606e-11 1.940969088742701946e-11 1.625250815491009315e-11 3.261854460796456295e-12 -4.513498048879567491e-12
1.670851284826463635e-12 3.363898426715398646e-12 3.392332425187069371e-13 2.381478371316676145e-12 6.024067031835916000e-12 5.463936549031612092e-12 8.649227451283057735e-12 1.484180943900726386e-11 2.247014290259190206e-11 1.643662326847675369e-11 1.394985833056115862e-11 1.046867884538381229e-11 9.943280009652819717e-12 1.041941381769608376e-11 1.121244208204556036e-11 1.053079056041606882e-11 1.249490943105402806e-11 1.378716179755749541e-11 1.548622578891513228e-11 1.448501929352147177e-11 1.239209213685382167e-11 6.708515884346026789e-12 1.399019465517925332e-11 1.699640452736282925e-11 3.136256342893626452e-12 -6.207982132743049886e-12
-2.419788166608730787e-12 -8.845524314690307944e-13 -2.880395391425241293e-12 1.268934538083801014e-12 4.847362972127253590e-12 5.452080252281071780e-12 8.043622608121349219e-12 1.048905127804498265e-11 1.643662326847675369e-11 2.462044767594914011e-11 2.011437008000371780e-11 1.505878224207269265e-11 1.563014209697935600e-11 1.528455419535803682e-11 1.413472432294467736e-11 1.405355391498537266e-11 1.492265537905854946e-11 1.620624115363399313e-11 1.592267017304019198e-11 1.650456305394037526e-11 1.514734838285834097e-11 5.346907194563499497e-12 1.195183549839191678e-11 1.647272262775300855e-11 1.084599938674893745e-11 2.035299845232931004e-12
-2.889608063210967730e-12 -1.324318569197567656e-12 -4.704697117786485330e-12 1.029355374131459068e-12 4.540237172665416041e-12 2.903398557255123906e-12 6.802988966483153017e-12 9.544569325799092424e-12 1.394985833056115862e-11 2.011437008000371780e-11 2.831813162321861359e-11 2.409458759006048755e-11 2.430641318820444511e-11 2.210681210261917693e-11 2.065173858432895001e-11 2.083936493235933563e-11 2.177777943534427302e-11 2.355902872451017145e-11 2.594144473887672307e-11 2.914770385348661969e-11 2.973926319802637945e-11 1.937052667980813388e-11 2.063366939634019686e-11 1.961504293188803602e-11 1.526872188229812959e-11 9.010166209493584398e-13
-4.468913502433909270e-12 -2.120527779391285364e-12 -3.402404020390580489e-12 -8.600187296315044856e-13 4.400769053028383645e-12 3.408824201502452424e-12 5.610396237794675271e-12 7.890277741400064991e-12 1.046867884538381229e-11 1.505878224207269265e-11 2.409458759006048755e-11 3.107282336110385806e-11 3.197958074306129334e-11 2.895613970385204811e-11 2.642617364234646207e-11 2.655210227127730680e-11 2.763243384301491878e-11 3.158202787144546684e-11 3.462244674369170527e-11 3.865237592683093622e-11 3.608328722266475264e-11 1.721426905543378355e-11 1.139353478990023838e-11 9.666596340942432414e-12 1.956419835388592653e-11 1.353393525954995776e-11
-7.576776736933215367e-12 -4.906236740467451518e-12 -4.777601741197182250e-12 -4.994085733422718659e-13 2.357523509975149364e-12 3.160319473494417495e-12 4.311356017080003367e-12 6.844797779753385720e-12 9.943280009652819717e-12 1.563014209697935600e-11 2.430641318820444511e-11 3.197958074306129334e-11 4.568629162620700528e-11 4.441179753195873569e-11 4.207519336767755175e-11 4.426474266843946516e-11 4.610042186831705258e-11 5.218430563248222438e-11 5.717371904609973468e-11 6.074127925419377524e-11 5.615796678725434132e-11 2.665355281994350113e-11 1.606037255773459514e-11 1.249887328536941530e-11 1.993037522060276139e-11 1.360182426300763962e-11
-6.379885996600581218e-12 -5.059204465223497662e-12 -2.137688004358818957e-12 -5.635279173673318947e-13 3.033403382689680909e-12 3.074950511557070074e-12 4.898117673360462196e-12 6.335071845966006804e-12 1.041941381769608376e-11 1.528455419535803682e-11 2.210681210261917693e-11 2.895613970385204811e-11 4.441179753195873569e-11 5.614672028851582975e-11 5.898961369323248767e-11 6.391509935280497004e-11 6.852624449056508262e-11 7.809915332023137040e-11 8.805466940523704496e-11 9.426151851266405798e-11 8.073766023316926768e-11 2.836131707103557666e-11 8.561694089423131896e-12 1.446530868049778317e-11 2.132170991915580215e-11 8.892736747328296361e-12
-1.618979675732648417e-12 -3.239028958538425645e-12 -5.862568264125201025e-13 1.178478969555052373e-12 4.954562078076590681e-12 4.827902933210341647e-12 5.165781345130356431e-12 6.547315952824875207e-12 1.121244208204556036e-11 1.413472432294467736e-11 2.065173858432895001e-11 2.642617364234646207e-11 4.207519336767755175e-11 5.898961369323248767e-11 8.033131854439483901e-11 9.477032295117820903e-11 1.076516942924237592e-10 1.228934803820460005e-10 1.373449288292628222e-10 1.459612994369317788e-10 1.222895992023180442e-10 4.341017275122486685e-11 5.574134888390289680e-12 1.960515528903282479e-11 2.948606893286466320e-11 8.375841486310346291e-12
2.290905612726061707e-12 -1.772464399524249593e-12 1.448707676099931317e-13 4.256504150745719337e-12 4.712196790640626484e-12 7.634415603445564278e-12 5.759191503553379572e-12 5.157175579568638393e-12 1.053079056041606882e-11 1.405355391498537266e-11 2.083936493235933563e-11 2.655210227127730680e-11 4.426474266843946516e-11 6.391509935280497004e-11 9.477032295117820903e-11 1.334069963759561788e-10 1.624833166872922659e-10 1.894081107942615153e-10 2.109689762781331993e-10 2.234859294169405341e-10 1.904407342231173790e-10 7.365331841575597002e-11 5.323904010763713419e-12 2.591710813187975137e-11 4.097022126417934124e-11 1.378695154689460204e-11
3.112733635185664045e-12 -1.014436931568807962e-12 4.870497710469747578e-12 6.903975588095204625e-12 6.193484780681114726e-12 9.565278054113298067e-12 6.617165936519958836e-12 7.219575822666708712e-12 1.249490943105402806e-11 1.492265537905854946e-11 2.177777943534427302e-11 2.763243384301491878e-11 4.610042186831705258e-11 6.852624449056508262e-11 1.076516942924237592e-10 1.624833166872922659e-10 2.268990019115851898e-10 2.762703535774942930e-10 3.111607041147029454e-10 3.313029226245329455e-10 2.919249927596364539e-10 1.339036850800550038e-10 1.209012984857493847e-11 2.506010894736872730e-11 4.237217879791189464e-11 8.075195992254579907e-12
2.778688150885616288e-12 1.055154307872149310e-12 8.475776520592182386e-12 9.966349058319921233e-12 7.628033859484245666e-12 1.216891981517505172e-11 8.193425970093426992e-12 9.572514632952490797e-12 1.378716179755749541e-11 1.620624115363399313e-11 2.355902872451017145e-11 3.158202787144546684e-11 5.218430563248222438e-11 7.809915332023137040e-11 1.228934803820460005e-10 1.894081107942615153e-10 2.762703535774942930e-10 3.676473970795355176e-10 4.280775475185202309e-10 4.564441694151962246e-10 4.122352062580137127e-10 2.173840827366318077e-10 3.072913493473069823e-11 2.732377520126584865e-11 3.954558896411476109e-11 -2.493832914645619421e-13
2.862707451777705819e-12 1.095624673425506338e-12 1.149459945777128875e-11 1.413771910993068206e-11 7.611825771749543573e-12 1.480025051300926251e-11 1.207399575491812312e-11 1.270047956498065223e-11 1.548622578891513228e-11 1.592267017304019198e-11 2.594144473887672307e-11 3.462244674369170527e-11 5.717371904609973468e-11 8.805466940523704496e-11 1.373449288292628222e-10 2.109689762781331993e-10 3.111607041147029454e-10 4.280775475185202309e-10 5.390296466406117455e-10 6.000552962074763030e-10 5.622433768525075378e-10 3.436341520154935058e-10 8.445533945843709479e-11 4.239062951279542425e-11 4.352577389967464384e-11 -9.288555242843296994e-12
5.454798948986433887e-12 -1.550864458940447821e-12 1.342907625097944387e-11 1.560316248112167669e-11 7.676476260759321877e-12 1.741669617217429257e-11 1.309916472575910825e-11 1.396757447670060840e-11 1.448501929352147177e-11 1.650456305394037526e-11 2.914770385348661969e-11 3.865237592683093622e-11 6.074127925419377524e-11 9.426151851266405798e-11 1.459612994369317788e-10 2.234859294169405341e-10 3.313029226245329455e-10 4.564441694151962246e-10 6.000552962074763030e-10 7.399098291252234661e-10 7.486446957401721094e-10 5.318052724012676491e-10 1.972553514041630683e-10 6.823272469200807089e-11 5.157566755565030223e-11 -1.981118388583049530e-11
1.170334760000670715e-11 -6.747866431882450021e-12 1.032514093490266247e-11 2.151399044806318240e-11 6.614892684331420278e-12 1.573910756863608412e-11 1.195749881203430702e-11 1.453017837908390626e-11 1.239209213685382167e-11 1.514734838285834097e-11 2.973926319802637945e-11 3.608328722266475264e-11 5.615796678725434132e-11 8.073766023316926768e-11 1.222895992023180442e-10 1.904407342231173790e-10 2.919249927596364539e-10 4.122352062580137127e-10 5.622433768525075378e-10 7.486446957401721094e-10 8.632843750131556766e-10 7.398772332917126172e-10 3.911497163805944388e-10 1.248832738440604303e-10 2.792965533672717672e-11 -3.820081741841718412e-11
1.698036866240368668e-11 -7.507213531796140038e-12 4.480391610151454687e-12 1.734022185508081359e-11 9.455936344919989931e-13 9.034885173387463224e-12 4.877224237015019438e-12 1.294842912649073606e-11 6.708515884346026789e-12 5.346907194563499497e-12 1.937052667980813388e-11 1.721426905543378355e-11 2.665355281994350113e-11 2.836131707103557666e-11 4.341017275122486685e-11 7.365331841575597002e-11 1.339036850800550038e-10 2.173840827366318077e-10 3.436341520154935058e-10 5.318052724012676491e-10 7.398772332917126172e-10 8.550478206311360852e-10 6.270551979590252313e-10 2.437903215631197102e-10 -3.051923935950856347e-12 -5.489952904002730080e-11
2.806122232760315515e-11 7.524364648239196946e-12 1.350023244679485438e-12 1.218822329867590419e-11 2.730785834423829948e-12 2.708947224521364638e-12 5.090985861332021312e-12 1.940969088742701946e-11 1.399019465517925332e-11 1.195183549839191678e-11 2.063366939634019686e-11 1.139353478990023838e-11 1.606037255773459514e-11 8.561694089423131896e-12 5.574134888390289680e-12 5.323904010763713419e-12 1.209012984857493847e-11 3.072913493473069823e-11 8.445533945843709479e-11 1.972553514041630683e-10 3.911497163805944388e-10 6.270551979590252313e-10 7.110906283269680536e-10 4.461131511852348337e-10 6.292562324061468727e-11 -2.270328217171586862e-11
3.772346101035047330e-11 2.793349703328866879e-11 -1.522865305727758096e-12 9.041987119827710193e-12 1.140179697742251638e-11 1.793706759937784209e-12 3.600681136558108472e-12 1.625250815491009315e-11 1.699640452736282925e-11 1.647272262775300855e-11 1.961504293188803602e-11 9.666596340942432414e-12 1.249887328536941530e-11 1.446530868049778317e-11 1.960515528903282479e-11 2.591710813187975137e-11 2.506010894736872730e-11 2.732377520126584865e-11 4.239062951279542425e-11 6.823272469200807089e-11 1.248832738440604303e-10 2.437903215631197102e-10 4.461131511852348337e-10 5.863090917094474155e-10 3.274927939531902324e-10 7.155825745084196345e-11
1.547543376196102860e-11 2.780331473830830864e-11 -7.524374596739530701e-12 3.860663016197184270e-12 1.209868300713011070e-11 3.664200423782656630e-12 -1.716952631662856803e-12 3.261854460796456295e-12 3.136256342893626452e-12 1.084599938674893745e-11 1.526872188229812959e-11 1.956419835388592653e-11 1.993037522060276139e-11 2.132170991915580215e-11 2.948606893286466320e-11 4.097022126417934124e-11 4.237217879791189464e-11 3.954558896411476109e-11 4.352577389967464384e-11 5.157566755565030223e-11 2.792965533672717672e-11 -3.051923935950856347e-12 6.292562324061468727e-11 3.274927939531902324e-10 5.665926944865655978e-10 3.122637955665932994e-10
1.077360041947314336e-12 -7.700069938048697304e-12 -1.036900501510000397e-11 -1.117241049389761633e-11 1.376782104360576825e-12 2.649147786815637503e-12 -4.612799934810676147e-12 -4.513498048879567491e-12 -6.207982132743049886e-12 2.035299845232931004e-12 9.010166209493584398e-13 1.353393525954995776e-11 1.360182426300763962e-11 8.892736747328296361e-12 8.375841486310346291e-12 1.378695154689460204e-11 8.075195992254579907e-12 -2.493832914645619421e-13 -9.288555242843296994e-12 -1.981118388583049530e-11 -3.820081741841718412e-11 -5.489952904002730080e-11 -2.270328217171586862e-11 7.155825745084196345e-11 3.122637955665932994e-10 5.204590215123034577e-10
