8.668774028699993025e-11 2.283863552213842557e-11 1.213121643814069424e-11 4.464323609945845770e-12 6.316028516078355105e-12 1.742745059296522952e-12 1.178145616934879856e-12 -9.132891156934100514e-13 -2.071313295200543265e-12 -4.394022340343028275e-12 -4.900271477873066176e-12 -5.271034579853648067e-12 -7.938559784284744042e-12 -9.306246376399179420e-12 -7.306858892580147495e-12 -6.409798260480662917e-12 -1.205684828675710062e-12 -1.184207947587786326e-13 -3.116058913386759963e-12 -8.376951796049921157e-13 3.680823786116492591e-12 3.392304628141892721e-12 2.531132917136105000e-12 1.054316765206340977e-11 1.040958307385636819e-11 -3.981097592078100864e-12
2.283863552213842557e-11 5.094506395031475321e-11 1.441389876435148860e-11 9.622443131297373389e-12 6.143230062500505581e-12 4.928569607184549147e-12 4.995447326734981603e-12 4.271480833602009883e-12 1.982622200238192014e-12 3.181976258687756092e-13 -2.046885702096012984e-12 -3.483347806059520905e-12 -4.062606622238068031e-12 -4.976335640746638753e-12 -3.049944030639124626e-12 4.308147405787890272e-13 5.064519179647973341e-12 9.410775307589890754e-12 1.236013099867668342e-11 1.066862427956790650e-11 1.021126298152891633e-11 5.779809056652020529e-12 1.004183454521050393e-11 1.544921662366279625e-11 -1.005917967413960067e-11 -2.504404808140758962e-11
1.213121643814069424e-11 1.441389876435148860e-11 4.944656417425037977e-11 1.534439480656663727e-11 5.617904881751745943e-12 6.481697513052523041e-12 5.677658575377501167e-12 3.131672946845387811e-12 1.671639113070628836e-12 -2.024003746745137529e-14 -5.885116990705045122e-13 -2.988190523778800216e-12 -3.235964207667872066e-12 2.665015799995886500e-13 3.184279213545155011e-12 4.898727920289513052e-12 9.734163161033378484e-12 1.535071505688578889e-11 2.361844074923036792e-11 2.644953869177201027e-11 2.491268900893316527e-11 1.310475585391520984e-11 -3.166441905029534967e-13 -2.006532581180933256e-12 -6.117792151561723414e-12 -3.377087304154718512e-11
4.464323609945845770e-12 9.622443131297373389e-12 1.534439480656663727e-11 3.841472213377643571e-11 1.634317818689053268e-11 9.636655928697538865e-12 8.142567157059640064e-12 3.841775001189724177e-12 1.224981953612011990e-12 8.767704356530950786e-13 8.988283690576600802e-13 -7.257161914130569322e-14 -1.682372538006034687e-12 -1.936179452833488630e-13 3.597707760485509000e-12 4.700375024319118645e-12 7.806611826014126498e-12 1.006356716523315103e-11 1.155064609768411040e-11 1.489451562822094248e-11 1.557601526055538824e-11 9.523086590636727060e-12 9.303884362600357676e-12 1.893552556074688728e-11 2.104922962800962047e-11 -1.123603930482712016e-11
6.316028516078355105e-12 6.143230062500505581e-12 5.617904881751745943e-12 1.634317818689053268e-11 3.093688391339263530e-11 1.439810210907654281e-11 1.063764107460480569e-11 5.898454030101485042e-12 4.817701245437124192e-12 4.166670377831347017e-12 3.575779750596982260e-12 4.037577634372354269e-12 2.402743495176973915e-12 1.988055975706863004e-12 5.165892746717764177e-12 5.977735418625623937e-12 8.542243680293169797e-12 1.194451552781803907e-11 1.508721707373122120e-11 2.008042193277815750e-11 2.548683940730591941e-11 2.305739219502758088e-11 1.791763978898041526e-11 1.386186106074082662e-11 3.166989901556622607e-12 -1.021700494091987304e-11
1.742745059296522952e-12 4.928569607184549147e-12 6.481697513052523041e-12 9.636655928697538865e-12 1.439810210907654281e-11 2.571331846461080988e-11 1.209381835865742508e-11 5.356791284661892603e-12 3.781050330698925570e-12 3.153092425115506840e-12 9.718404844238184022e-13 1.580891223581019160e-12 4.219355644592132080e-13 2.726344902791047513e-13 1.421058381749739349e-12 3.579178868618917374e-12 5.531311865748094362e-12 9.324325290930758469e-12 1.317060802111989227e-11 1.610509524542643498e-11 1.328666953594053887e-11 8.076991679218552115e-12 2.724330862213870691e-12 5.991214436772431251e-12 2.551882901234303204e-12 -7.932277544952540673e-12
1.178145616934879856e-12 4.995447326734981603e-12 5.677658575377501167e-12 8.142567157059640064e-12 1.063764107460480569e-11 1.209381835865742508e-11 2.004487423227454095e-11 9.755481649929634407e-12 6.369348199848101577e-12 5.430214736775088527e-12 4.652503786184358312e-12 4.325406540374383426e-12 3.295585225276805578e-12 3.465840509556349750e-12 5.093440826354180517e-12 6.420202494580693377e-12 8.482142568843803122e-12 1.125210252727981431e-11 1.564832093719842748e-11 1.659877745284669020e-11 1.479962683370264788e-11 4.601374418072582030e-12 -1.812150181118164063e-12 -4.426989856729331797e-12 -4.108520627816933590e-12 -6.577098389267766347e-12
-9.132891156934100514e-13 4.271480833602009883e-12 3.131672946845387811e-12 3.841775001189724177e-12 5.898454030101485042e-12 5.356791284661892603e-12 9.755481649929634407e-12 1.937824711221895175e-11 1.432002233046914487e-11 1.038620997842424139e-11 8.512710695616925822e-12 6.851419643619718143e-12 6.493942214212517272e-12 6.180556548666940785e-12 6.648613230364540240e-12 5.858668492147959014e-12 7.652159563662818567e-12 8.490688414355363625e-12 1.053819217723548064e-11 1.069098124642231467e-11 1.033878073926970538e-11 9.776691115628212750e-12 1.541522967130586324e-11 1.508144999247402778e-11 1.415184359185750352e-12 -6.214663096825374381e-12
-2.071313295200543265e-12 1.982622200238192014e-12 1.671639113070628836e-12 1.224981953612011990e-12 4.817701245437124192e-12 3.781050330698925570e-12 6.369348199848101577e-12 1.432002233046914487e-11 2.202885296535903052e-11 1.616757374504610345e-11 1.429690165584561586e-11 1.161714259870347941e-11 1.177522590374058076e-11 1.146095965650316944e-11 1.105991015552346619e-11 9.972498387237137960e-12 1.215658359340054986e-11 1.377529937201057706e-11 1.661363445673151576e-11 1.730792685895157405e-11 1.733580115331886466e-11 1.285585583910550964e-11 1.862655018409869364e-11 1.943355062300605658e-11 6.767110333407073194e-12 -4.514895272681098689e-12
-4.394022340343028275e-12 3.181976258687756092e-13 -2.024003746745137529e-14 8.767704356530950786e-13 4.166670377831347017e-12 3.153092425115506840e-12 5.430214736775088527e-12 1.038620997842424139e-11 1.616757374504610345e-11 2.491255120946608407e-11 2.081199240474490856e-11 1.590559945101129382e-11 1.629472368147349282e-11 1.595286345415592737e-11 1.471350305773408178e-11 1.487332811220038221e-11 1.691841544745153683e-11 1.926417221402230875e-11 1.989910732345816572e-11 2.093520209350992183e-11 1.957764437025261647e-11 9.469985748023316712e-12 1.492718480867664051e-11 1.805467157056785112e-11 1.070064184332795450e-11 -3.777900329341080317e-15
-4.900271477873066176e-12 -2.046885702096012984e-12 -5.885116990705045122e-13 8.988283690576600802e-13 3.575779750596982260e-12 9.718404844238184022e-13 4.652503786184358312e-12 8.512710695616925822e-12 1.429690165584561586e-11 2.081199240474490856e-11 2.818976758748970424e-11 2.413445623431007731e-11 2.406012625815338262e-11 2.157314201428563601e-11 2.011441312845522985e-11 2.015268016638973464e-11 2.135306101595062924e-11 2.357754605291856258e-11 2.609755150547951021e-11 2.987090997942545705e-11 3.055765717309869755e-11 2.000251877177292566e-11 1.982975106926229420e-11 1.899773316725697866e-11 1.525020719360747623e-11 -1.051993721164641757e-12
-5.271034579853648067e-12 -3.483347806059520905e-12 -2.988190523778800216e-12 -7.257161914130569322e-14 4.037577634372354269e-12 1.580891223581019160e-12 4.325406540374383426e-12 6.851419643619718143e-12 1.161714259870347941e-11 1.590559945101129382e-11 2.413445623431007731e-11 3.114147588415018948e-11 3.206927261466558815e-11 2.910097110018101359e-11 2.633319037702839733e-11 2.626643041296188568e-11 2.696353028398849964e-11 3.050902533774925585e-11 3.287639405814195628e-11 3.705255303575568108e-11 3.487658612559407675e-11 1.680481533103245979e-11 1.315087154625976086e-11 1.090059440868106809e-11 1.751519719423459427e-11 1.202266089336135264e-11
-7.938559784284744042e-12 -4.062606622238068031e-12 -3.235964207667872066e-12 -1.682372538006034687e-12 2.402743495176973915e-12 4.219355644592132080e-13 3.295585225276805578e-12 6.493942214212517272e-12 1.177522590374058076e-11 1.629472368147349282e-11 2.406012625815338262e-11 3.206927261466558815e-11 4.541980000113934193e-11 4.448239706016320335e-11 4.192160164815664210e-11 4.461383648544566954e-11 4.642251179646962111e-11 5.257540410370743063e-11 5.766078991717536969e-11 6.154293872330260354e-11 5.656036894201723316e-11 2.646219131141624911e-11 1.556766966133225953e-11 1.191173656125185991e-11 1.856697759209532347e-11 1.245842568790958627e-11
-9.306246376399179420e-12 -4.976335640746638753e-12 2.665015799995886500e-13 -1.936179452833488630e-13 1.988055975706863004e-12 2.726344902791047513e-13 3.465840509556349750e-12 6.180556548666940785e-12 1.146095965650316944e-11 1.595286345415592737e-11 2.157314201428563601e-11 2.910097110018101359e-11 4.448239706016320335e-11 5.583289109822390209e-11 5.851788176353696790e-11 6.409337841837190795e-11 6.912793605329993419e-11 7.934572883690191564e-11 8.853082650260990904e-11 9.444321666992219876e-11 8.108269536989666598e-11 2.887086691175134377e-11 8.668574972607835404e-12 1.444419300653757127e-11 2.120698680004322590e-11 8.026165837366317374e-12
-7.306858892580147495e-12 -3.049944030639124626e-12 3.184279213545155011e-12 3.597707760485509000e-12 5.165892746717764177e-12 1.421058381749739349e-12 5.093440826354180517e-12 6.648613230364540240e-12 1.105991015552346619e-11 1.471350305773408178e-11 2.011441312845522985e-11 2.633319037702839733e-11 4.192160164815664210e-11 5.851788176353696790e-11 7.962841216207749933e-11 9.429797247329301601e-11 1.070266509820455181e-10 1.224383963672055047e-10 1.361835138153931019e-10 1.443331765514151711e-10 1.204900200263761539e-10 4.187384768905200734e-11 5.098026687441131987e-12 2.051397219587741355e-11 3.044918750675771179e-11 8.797077222937946903e-12
-6.409798260480662917e-12 4.308147405787890272e-13 4.898727920289513052e-12 4.700375024319118645e-12 5.977735418625623937e-12 3.579178868618917374e-12 6.420202494580693377e-12 5.858668492147959014e-12 9.972498387237137960e-12 1.487332811220038221e-11 2.015268016638973464e-11 2.626643041296188568e-11 4.461383648544566954e-11 6.409337841837190795e-11 9.429797247329301601e-11 1.331053503458070270e-10 1.621917105548143896e-10 1.894260556561754605e-10 2.102144917291083777e-10 2.233288388900968042e-10 1.911155895770171697e-10 7.528512366159345357e-11 7.335446872027877075e-12 2.751584541287145207e-11 4.160591502416303746e-11 1.386947513199509122e-11
-1.205684828675710062e-12 5.064519179647973341e-12 9.734163161033378484e-12 7.806611826014126498e-12 8.542243680293169797e-12 5.531311865748094362e-12 8.482142568843803122e-12 7.652159563662818567e-12 1.215658359340054986e-11 1.691841544745153683e-11 2.135306101595062924e-11 2.696353028398849964e-11 4.642251179646962111e-11 6.912793605329993419e-11 1.070266509820455181e-10 1.621917105548143896e-10 2.270368395795337647e-10 2.766465490667970711e-10 3.105799794134190243e-10 3.306881162023969260e-10 2.915216657583527912e-10 1.335608771984831877e-10 1.201283968937395239e-11 2.552166764473876062e-11 4.257843684611933130e-11 8.273048472637979805e-12
-1.184207947587786326e-13 9.410775307589890754e-12 1.535071505688578889e-11 1.006356716523315103e-11 1.194451552781803907e-11 9.324325290930758469e-12 1.125210252727981431e-11 8.490688414355363625e-12 1.377529937201057706e-11 1.926417221402230875e-11 2.357754605291856258e-11 3.050902533774925585e-11 5.257540410370743063e-11 7.934572883690191564e-11 1.224383963672055047e-10 1.894260556561754605e-10 2.766465490667970711e-10 3.682415499695667225e-10 4.278932184017863273e-10 4.562356661034649257e-10 4.121847405194995534e-10 2.166016323564873845e-10 2.918870676919254474e-11 2.621571454100304787e-11 3.831657271387395036e-11 -1.717237993789843322e-12
-3.116058913386759963e-12 1.236013099867668342e-11 2.361844074923036792e-11 1.155064609768411040e-11 1.508721707373122120e-11 1.317060802111989227e-11 1.564832093719842748e-11 1.053819217723548064e-11 1.661363445673151576e-11 1.989910732345816572e-11 2.609755150547951021e-11 3.287639405814195628e-11 5.766078991717536969e-11 8.853082650260990904e-11 1.361835138153931019e-10 2.102144917291083777e-10 3.105799794134190243e-10 4.278932184017863273e-10 5.385280887510993139e-10 5.993318147743992647e-10 5.622540498852144685e-10 3.435442496679719199e-10 8.384492332557297368e-11 4.141508826502663812e-11 4.219437103532303699e-11 -1.046310481674990906e-11
-8.376951796049921157e-13 1.066862427956790650e-11 2.644953869177201027e-11 1.489451562822094248e-11 2.008042193277815750e-11 1.610509524542643498e-11 1.659877745284669020e-11 1.069098124642231467e-11 1.730792685895157405e-11 2.093520209350992183e-11 2.987090997942545705e-11 3.705255303575568108e-11 6.154293872330260354e-11 9.444321666992219876e-11 1.443331765514151711e-10 2.233288388900968042e-10 3.306881162023969260e-10 4.562356661034649257e-10 5.993318147743992647e-10 7.386740961119175170e-10 7.482311163105699842e-10 5.315157411907885174e-10 1.969885826570881404e-10 6.882085564809748051e-11 5.188676313419418957e-11 -1.973207969026186548e-11
3.680823786116492591e-12 1.021126298152891633e-11 2.491268900893316527e-11 1.557601526055538824e-11 2.548683940730591941e-11 1.328666953594053887e-11 1.479962683370264788e-11 1.033878073926970538e-11 1.733580115331886466e-11 1.957764437025261647e-11 3.055765717309869755e-11 3.487658612559407675e-11 5.656036894201723316e-11 8.108269536989666598e-11 1.204900200263761539e-10 1.911155895770171697e-10 2.915216657583527912e-10 4.121847405194995534e-10 5.622540498852144685e-10 7.482311163105699842e-10 8.632988486899710603e-10 7.396876658765963790e-10 3.905671833058219695e-10 1.249661467311827295e-10 2.801930307073934426e-11 -3.834674768383256292e-11
3.392304628141892721e-12 5.779809056652020529e-12 1.310475585391520984e-11 9.523086590636727060e-12 2.305739219502758088e-11 8.076991679218552115e-12 4.601374418072582030e-12 9.776691115628212750e-12 1.285585583910550964e-11 9.469985748023316712e-12 2.000251877177292566e-11 1.680481533103245979e-11 2.646219131141624911e-11 2.887086691175134377e-11 4.187384768905200734e-11 7.528512366159345357e-11 1.335608771984831877e-10 2.166016323564873845e-10 3.435442496679719199e-10 5.315157411907885174e-10 7.396876658765963790e-10 8.550637910270219382e-10 6.271770405619465417e-10 2.441946856940048398e-10 -3.496437712436875664e-12 -5.504444118212509503e-11
2.531132917136105000e-12 1.004183454521050393e-11 -3.166441905029534967e-13 9.303884362600357676e-12 1.791763978898041526e-11 2.724330862213870691e-12 -1.812150181118164063e-12 1.541522967130586324e-11 1.862655018409869364e-11 1.492718480867664051e-11 1.982975106926229420e-11 1.315087154625976086e-11 1.556766966133225953e-11 8.668574972607835404e-12 5.098026687441131987e-12 7.335446872027877075e-12 1.201283968937395239e-11 2.918870676919254474e-11 8.384492332557297368e-11 1.969885826570881404e-10 3.905671833058219695e-10 6.271770405619465417e-10 7.114357927321642643e-10 4.464757463342573838e-10 6.256210897879301256e-11 -2.228197334127943843e-11
1.054316765206340977e-11 1.544921662366279625e-11 -2.006532581180933256e-12 1.893552556074688728e-11 1.386186106074082662e-11 5.991214436772431251e-12 -4.426989856729331797e-12 1.508144999247402778e-11 1.943355062300605658e-11 1.805467157056785112e-11 1.899773316725697866e-11 1.090059440868106809e-11 1.191173656125185991e-11 1.444419300653757127e-11 2.051397219587741355e-11 2.751584541287145207e-11 2.552166764473876062e-11 2.621571454100304787e-11 4.141508826502663812e-11 6.882085564809748051e-11 1.249661467311827295e-10 2.441946856940048398e-10 4.464757463342573838e-10 5.864246442277489773e-10 3.272451844631414683e-10 7.152739243010424763e-11
1.040958307385636819e-11 -1.005917967413960067e-11 -6.117792151561723414e-12 2.104922962800962047e-11 3.166989901556622607e-12 2.551882901234303204e-12 -4.108520627816933590e-12 1.415184359185750352e-12 6.767110333407073194e-12 1.070064184332795450e-11 1.525020719360747623e-11 1.751519719423459427e-11 1.856697759209532347e-11 2.120698680004322590e-11 3.044918750675771179e-11 4.160591502416303746e-11 4.257843684611933130e-11 3.831657271387395036e-11 4.219437103532303699e-11 5.188676313419418957e-11 2.801930307073934426e-11 -3.496437712436875664e-12 6.256210897879301256e-11 3.272451844631414683e-10 5.665838094563717692e-10 3.122021787059749446e-10
-3.981097592078100864e-12 -2.504404808140758962e-11 -3.377087304154718512e-11 -1.123603930482712016e-11 -1.021700494091987304e-11 -7.932277544952540673e-12 -6.577098389267766347e-12 -6.214663096825374381e-12 -4.514895272681098689e-12 -3.777900329341080317e-15 -1.051993721164641757e-12 1.202266089336135264e-11 1.245842568790958627e-11 8.026165837366317374e-12 8.797077222937946903e-12 1.386947513199509122e-11 8.273048472637979805e-12 -1.717237993789843322e-12 -1.046310481674990906e-11 -1.973207969026186548e-11 -3.834674768383256292e-11 -5.504444118212509503e-11 -2.228197334127943843e-11 7.152739243010424763e-11 3.122021787059749446e-10 5.204064086353560942e-10
