5.853185206404294673e-11 1.419776828311096979e-11 7.976503816949666613e-12 4.602887115687767822e-12 2.948569064676697196e-12 2.762689345911217801e-12 3.070882143285147278e-12 3.278285629722251391e-12 3.545612860289240574e-12 3.008814345335260002e-12 1.953605593242585959e-12 -7.333825724406326273e-14 -2.728950664109772209e-12 -2.286617507882246037e-12 -2.867656342015089670e-12 -4.599522003693675786e-12 -2.914257882294805382e-12 -5.142030277729595259e-12 -7.796969384056891897e-12 -8.775156529558520417e-12 -6.471627569069336116e-12 -1.733579420739606903e-12 9.865600872079234939e-13 -2.733822572490946763e-12 -1.746309836969675814e-12 4.523421902820918949e-12
1.419776828311096979e-11 4.675004485205489613e-11 1.486987217034594984e-11 8.976456671669344340e-12 7.058786345529838390e-12 6.270054814461924059e-12 3.476766438643899406e-12 8.515790866002928242e-13 1.593215220279548200e-13 -8.032445147812750683e-13 -9.433896810189933549e-13 -1.999732313218747730e-13 7.668278324554593693e-13 8.160566878745324418e-13 8.532986968984147691e-13 9.719666327711526545e-13 1.743413158512970008e-12 4.971670892150256394e-13 -1.143785716563482769e-14 -1.490850537846662752e-12 3.479028099448946739e-12 1.049309965861163679e-11 1.073021107115273894e-11 1.917917951523696575e-12 -1.097002037448649689e-11 -1.034578239465149231e-11
7.976503816949666613e-12 1.486987217034594984e-11 3.927737311866917365e-11 1.444759880148073657e-11 4.749166932752958995e-12 6.246327526367675982e-12 3.294834895830172847e-12 1.373909536896428647e-12 -6.597548531258847010e-13 4.202002637224602752e-13 -1.165723555224178595e-13 -2.227588130299114824e-12 -2.881603361372973769e-12 -2.143678146652611049e-12 -1.860595174745117714e-12 -1.472612899844135000e-12 -7.904107607077348799e-13 -1.248621411133783377e-12 -1.050047121807305494e-12 3.472545314390259465e-12 1.170615018956703899e-11 2.115464364017778892e-11 2.109608140371893286e-11 7.162046887480034152e-12 3.151300992691678629e-12 1.182179010741737895e-11
4.602887115687767822e-12 8.976456671669344340e-12 1.444759880148073657e-11 3.087822625494103055e-11 1.067817776408074373e-11 9.834651995245527647e-12 6.306574399627753751e-12 3.899587287861634232e-12 2.110157904556494886e-12 9.285899603706738916e-13 7.367020897616569700e-13 -1.206802954709132567e-13 1.091594895376844968e-13 1.540258309298834231e-12 2.265075250766895748e-12 6.385467272555942707e-13 1.138336265322858891e-12 -2.152739747810108224e-12 -2.237019334010128343e-12 -5.010954858474593150e-13 5.037842794433866791e-12 1.121959815222811126e-11 1.399311228290276002e-11 7.215475141459614524e-12 7.783496264053191107e-12 1.451215221809534509e-11
2.948569064676697196e-12 7.058786345529838390e-12 4.749166932752958995e-12 1.067817776408074373e-11 2.090094849685841171e-11 1.267208453977387755e-11 7.027520628466401216e-12 2.982804910054484323e-12 2.430816608312703494e-12 7.486605572143100134e-13 1.980975979611147815e-12 1.814265438850520474e-12 4.337379610278586897e-14 -5.768950102664343732e-13 6.440890760292167571e-13 6.821171080202450397e-13 8.454689202114931530e-13 -9.417175396774032604e-13 -1.513617819916707477e-12 1.128839189955479590e-12 1.381738348443741450e-12 3.891183856683735456e-12 4.372620487715274038e-12 2.277220549788565061e-12 8.491268509271466789e-12 1.217115165810512361e-11
2.762689345911217801e-12 6.270054814461924059e-12 6.246327526367675982e-12 9.834651995245527647e-12 1.267208453977387755e-11 2.536555009835842004e-11 1.312205942976122051e-11 9.160937735811827208e-12 7.638005271884403406e-12 4.348041599646560663e-12 3.188770887674130465e-12 3.595188663881099794e-12 3.378618555779777479e-12 1.626521484905861908e-12 1.323068021311542888e-12 2.117029287656354009e-12 3.026670065640301634e-12 9.759804699184569514e-13 1.474684741385530720e-12 6.092512753632389004e-12 9.468394150920266886e-12 9.738880557663855955e-12 6.427144308499373765e-12 -2.469289986566915092e-12 3.243649749388002744e-12 1.012824192343160777e-11
3.070882143285147278e-12 3.476766438643899406e-12 3.294834895830172847e-12 6.306574399627753751e-12 7.027520628466401216e-12 1.312205942976122051e-11 1.897775659023452153e-11 1.196878435732993448e-11 8.765579299800930479e-12 5.628627356412275133e-12 3.441142342219473485e-12 2.620238392311096941e-12 2.252878718292425593e-12 1.375407020582746267e-12 2.271804290655851682e-12 4.380262599385365267e-12 5.768641184283445406e-12 4.890598464094832194e-12 4.471656568487102160e-12 5.628646961784049851e-12 6.395100311967266869e-12 3.003359239096267743e-12 1.130222919475266623e-12 1.195712686039771661e-12 6.741176213317087225e-12 1.900562392419074977e-12
3.278285629722251391e-12 8.515790866002928242e-13 1.373909536896428647e-12 3.899587287861634232e-12 2.982804910054484323e-12 9.160937735811827208e-12 1.196878435732993448e-11 2.107227758553993069e-11 1.508104782178011970e-11 1.177317038885661844e-11 8.602094950970987843e-12 7.604626477277665308e-12 5.918192868023020211e-12 5.289545184380544251e-12 5.384181462235091189e-12 8.168764125111994902e-12 9.952620341261541886e-12 8.468912147706310292e-12 9.672379720276771512e-12 1.005625513083391525e-11 6.832464431816317092e-12 9.530149191576244553e-14 -5.814100410040872284e-12 -1.038320523891316358e-11 -7.122999210569687800e-12 -7.106224549841860866e-12
3.545612860289240574e-12 1.593215220279548200e-13 -6.597548531258847010e-13 2.110157904556494886e-12 2.430816608312703494e-12 7.638005271884403406e-12 8.765579299800930479e-12 1.508104782178011970e-11 2.202486634326031811e-11 1.638133878887897335e-11 1.202914330253894452e-11 1.049585057912706811e-11 8.314146020452577609e-12 7.368665108908579639e-12 6.124095720971541239e-12 7.227955491226048853e-12 1.050947985274853506e-11 9.701368385815677477e-12 9.776102138880523990e-12 9.732262849235744085e-12 5.576097594697431654e-12 -1.676413224877867839e-13 -1.749577617262628427e-12 -3.983110191110485537e-12 -4.524126902668640820e-12 -5.848076293131626692e-12
3.008814345335260002e-12 -8.032445147812750683e-13 4.202002637224602752e-13 9.285899603706738916e-13 7.486605572143100134e-13 4.348041599646560663e-12 5.628627356412275133e-12 1.177317038885661844e-11 1.638133878887897335e-11 2.132459895550872322e-11 1.740924903431331679e-11 1.340142208741894039e-11 1.071786732935796907e-11 9.746898554496429379e-12 7.912476109270274110e-12 9.088887175269125357e-12 1.053459179957976244e-11 9.205488864047887102e-12 8.956719488187224656e-12 8.935363703583995194e-12 7.281048071887953936e-12 7.450003037453964953e-13 -2.991626909853487411e-12 -7.409972270876006521e-12 -4.244882637519910789e-12 -9.926467762243497402e-12
1.953605593242585959e-12 -9.433896810189933549e-13 -1.165723555224178595e-13 7.367020897616569700e-13 1.980975979611147815e-12 3.188770887674130465e-12 3.441142342219473485e-12 8.602094950970987843e-12 1.202914330253894452e-11 1.740924903431331679e-11 2.302983791276429870e-11 1.983153382403767896e-11 1.592793762269753098e-11 1.407797952918330670e-11 1.248664765360881187e-11 1.234902265507741811e-11 1.269307846675976992e-11 1.189679685822534967e-11 1.162087020928855413e-11 1.166935556401314531e-11 7.731656092885682857e-12 -3.836141063494465428e-12 -8.746097659806289088e-12 -1.149992741062386427e-11 -6.516736684173927824e-12 -7.177506164516085514e-12
-7.333825724406326273e-14 -1.999732313218747730e-13 -2.227588130299114824e-12 -1.206802954709132567e-13 1.814265438850520474e-12 3.595188663881099794e-12 2.620238392311096941e-12 7.604626477277665308e-12 1.049585057912706811e-11 1.340142208741894039e-11 1.983153382403767896e-11 2.820614536194916504e-11 2.652387970955598110e-11 2.350026879127804899e-11 2.087800072412357479e-11 1.967431548255822949e-11 1.935765184888176962e-11 1.847337961143219623e-11 1.771266408713402883e-11 1.877944382625965712e-11 1.173610254280488930e-11 -3.245925514224739349e-12 -4.802659616677361284e-12 -7.616820420009363389e-12 -1.011049422523291565e-11 -4.797755041646228188e-12
-2.728950664109772209e-12 7.668278324554593693e-13 -2.881603361372973769e-12 1.091594895376844968e-13 4.337379610278586897e-14 3.378618555779777479e-12 2.252878718292425593e-12 5.918192868023020211e-12 8.314146020452577609e-12 1.071786732935796907e-11 1.592793762269753098e-11 2.652387970955598110e-11 3.747937661528384672e-11 3.604298965995677736e-11 3.251964812578825547e-11 3.081714815617022448e-11 2.966850103738523560e-11 3.007032699959290501e-11 3.023371339819143418e-11 3.112283020449791443e-11 2.002253092550120888e-11 -3.629991956516610735e-12 -4.899263516364724213e-12 -2.070836538292849497e-12 -9.292275726590266460e-12 -8.399902930121386431e-12
-2.286617507882246037e-12 8.160566878745324418e-13 -2.143678146652611049e-12 1.540258309298834231e-12 -5.768950102664343732e-13 1.626521484905861908e-12 1.375407020582746267e-12 5.289545184380544251e-12 7.368665108908579639e-12 9.746898554496429379e-12 1.407797952918330670e-11 2.350026879127804899e-11 3.604298965995677736e-11 4.769071045874661458e-11 4.809729427485067145e-11 4.745664789889355924e-11 4.679194256518720336e-11 4.718026063639474565e-11 4.839767146604833194e-11 5.028434777819903037e-11 3.691200323971973764e-11 8.857728046597232352e-13 -5.350077111301403285e-12 -1.078522435577944798e-13 -5.630238730430874224e-12 -3.541786095129902015e-12
-2.867656342015089670e-12 8.532986968984147691e-13 -1.860595174745117714e-12 2.265075250766895748e-12 6.440890760292167571e-13 1.323068021311542888e-12 2.271804290655851682e-12 5.384181462235091189e-12 6.124095720971541239e-12 7.912476109270274110e-12 1.248664765360881187e-11 2.087800072412357479e-11 3.251964812578825547e-11 4.809729427485067145e-11 6.451308475396689721e-11 6.866966156889959119e-11 6.863351650169242179e-11 6.969151514333888045e-11 7.156810583346904921e-11 7.726219123823859342e-11 6.465003473823947568e-11 1.509189215271067234e-11 -3.167415913987910828e-12 -4.579892816287039835e-12 -5.136323532064406860e-12 -3.088684799923128815e-12
-4.599522003693675786e-12 9.719666327711526545e-13 -1.472612899844135000e-12 6.385467272555942707e-13 6.821171080202450397e-13 2.117029287656354009e-12 4.380262599385365267e-12 8.168764125111994902e-12 7.227955491226048853e-12 9.088887175269125357e-12 1.234902265507741811e-11 1.967431548255822949e-11 3.081714815617022448e-11 4.745664789889355924e-11 6.866966156889959119e-11 8.892587719356557682e-11 9.545833921756855052e-11 9.953012337515581563e-11 1.039035454819307106e-10 1.133762370193563812e-10 1.025848956435041861e-10 4.136858862959963185e-11 6.722245247487007570e-12 5.235094853754103911e-13 -6.160417615088430246e-12 -8.757466531696696979e-12
-2.914257882294805382e-12 1.743413158512970008e-12 -7.904107607077348799e-13 1.138336265322858891e-12 8.454689202114931530e-13 3.026670065640301634e-12 5.768641184283445406e-12 9.952620341261541886e-12 1.050947985274853506e-11 1.053459179957976244e-11 1.269307846675976992e-11 1.935765184888176962e-11 2.966850103738523560e-11 4.679194256518720336e-11 6.863351650169242179e-11 9.545833921756855052e-11 1.194357802764498840e-10 1.294415749953970297e-10 1.366554595364539166e-10 1.497779203053307560e-10 1.390843166893948467e-10 6.741669160401553667e-11 1.431974132761847303e-11 3.322240027261220790e-12 -9.910181381598999815e-12 -1.426096079824849504e-11
-5.142030277729595259e-12 4.971670892150256394e-13 -1.248621411133783377e-12 -2.152739747810108224e-12 -9.417175396774032604e-13 9.759804699184569514e-13 4.890598464094832194e-12 8.468912147706310292e-12 9.701368385815677477e-12 9.205488864047887102e-12 1.189679685822534967e-11 1.847337961143219623e-11 3.007032699959290501e-11 4.718026063639474565e-11 6.969151514333888045e-11 9.953012337515581563e-11 1.294415749953970297e-10 1.613220481979704912e-10 1.785402994472836824e-10 1.955716368667453243e-10 1.854542910343753955e-10 1.033285879503069625e-10 2.531438614181455159e-11 7.067648955467060710e-12 -1.387928891823550326e-11 -1.796040205234769656e-11
-7.796969384056891897e-12 -1.143785716563482769e-14 -1.050047121807305494e-12 -2.237019334010128343e-12 -1.513617819916707477e-12 1.474684741385530720e-12 4.471656568487102160e-12 9.672379720276771512e-12 9.776102138880523990e-12 8.956719488187224656e-12 1.162087020928855413e-11 1.771266408713402883e-11 3.023371339819143418e-11 4.839767146604833194e-11 7.156810583346904921e-11 1.039035454819307106e-10 1.366554595364539166e-10 1.785402994472836824e-10 2.219618943426552484e-10 2.530252466269388105e-10 2.471793506491863044e-10 1.585722414627324564e-10 5.179610707640523833e-11 1.702075945877870664e-11 -1.201124605895541706e-11 -2.048631684404784751e-11
-8.775156529558520417e-12 -1.490850537846662752e-12 3.472545314390259465e-12 -5.010954858474593150e-13 1.128839189955479590e-12 6.092512753632389004e-12 5.628646961784049851e-12 1.005625513083391525e-11 9.732262849235744085e-12 8.935363703583995194e-12 1.166935556401314531e-11 1.877944382625965712e-11 3.112283020449791443e-11 5.028434777819903037e-11 7.726219123823859342e-11 1.133762370193563812e-10 1.497779203053307560e-10 1.955716368667453243e-10 2.530252466269388105e-10 3.291508900380240763e-10 3.479345342768392056e-10 2.576778030582841676e-10 1.179591448927541884e-10 3.706283008472710637e-11 -3.671878670692094204e-12 -1.824691550010707606e-11
-6.471627569069336116e-12 3.479028099448946739e-12 1.170615018956703899e-11 5.037842794433866791e-12 1.381738348443741450e-12 9.468394150920266886e-12 6.395100311967266869e-12 6.832464431816317092e-12 5.576097594697431654e-12 7.281048071887953936e-12 7.731656092885682857e-12 1.173610254280488930e-11 2.002253092550120888e-11 3.691200323971973764e-11 6.465003473823947568e-11 1.025848956435041861e-10 1.390843166893948467e-10 1.854542910343753955e-10 2.471793506491863044e-10 3.479345342768392056e-10 4.404532695820528839e-10 3.956636886582436193e-10 2.394679333305442327e-10 7.036865867952278490e-11 -6.448011875911197988e-12 -2.058973939388492992e-11
-1.733579420739606903e-12 1.049309965861163679e-11 2.115464364017778892e-11 1.121959815222811126e-11 3.891183856683735456e-12 9.738880557663855955e-12 3.003359239096267743e-12 9.530149191576244553e-14 -1.676413224877867839e-13 7.450003037453964953e-13 -3.836141063494465428e-12 -3.245925514224739349e-12 -3.629991956516610735e-12 8.857728046597232352e-13 1.509189215271067234e-11 4.136858862959963185e-11 6.741669160401553667e-11 1.033285879503069625e-10 1.585722414627324564e-10 2.576778030582841676e-10 3.956636886582436193e-10 4.839329244629153553e-10 3.854808291558348595e-10 1.500093317576754327e-10 3.827299177232729693e-12 -1.385725277286781044e-11
9.865600872079234939e-13 1.073021107115273894e-11 2.109608140371893286e-11 1.399311228290276002e-11 4.372620487715274038e-12 6.427144308499373765e-12 1.130222919475266623e-12 -5.814100410040872284e-12 -1.749577617262628427e-12 -2.991626909853487411e-12 -8.746097659806289088e-12 -4.802659616677361284e-12 -4.899263516364724213e-12 -5.350077111301403285e-12 -3.167415913987910828e-12 6.722245247487007570e-12 1.431974132761847303e-11 2.531438614181455159e-11 5.179610707640523833e-11 1.179591448927541884e-10 2.394679333305442327e-10 3.854808291558348595e-10 4.469192644747797849e-10 2.752336703673783634e-10 5.804311697043041624e-11 9.377546869841103101e-12
-2.733822572490946763e-12 1.917917951523696575e-12 7.162046887480034152e-12 7.215475141459614524e-12 2.277220549788565061e-12 -2.469289986566915092e-12 1.195712686039771661e-12 -1.038320523891316358e-11 -3.983110191110485537e-12 -7.409972270876006521e-12 -1.149992741062386427e-11 -7.616820420009363389e-12 -2.070836538292849497e-12 -1.078522435577944798e-13 -4.579892816287039835e-12 5.235094853754103911e-13 3.322240027261220790e-12 7.067648955467060710e-12 1.702075945877870664e-11 3.706283008472710637e-11 7.036865867952278490e-11 1.500093317576754327e-10 2.752336703673783634e-10 3.459362139165377300e-10 1.929282687557038404e-10 3.850463724014719588e-11
-1.746309836969675814e-12 -1.097002037448649689e-11 3.151300992691678629e-12 7.783496264053191107e-12 8.491268509271466789e-12 3.243649749388002744e-12 6.741176213317087225e-12 -7.122999210569687800e-12 -4.524126902668640820e-12 -4.244882637519910789e-12 -6.516736684173927824e-12 -1.011049422523291565e-11 -9.292275726590266460e-12 -5.630238730430874224e-12 -5.136323532064406860e-12 -6.160417615088430246e-12 -9.910181381598999815e-12 -1.387928891823550326e-11 -1.201124605895541706e-11 -3.671878670692094204e-12 -6.448011875911197988e-12 3.827299177232729693e-12 5.804311697043041624e-11 1.929282687557038404e-10 2.992817866213260766e-10 1.585410312206404602e-10
4.523421902820918949e-12 -1.034578239465149231e-11 1.182179010741737895e-11 1.451215221809534509e-11 1.217115165810512361e-11 1.012824192343160777e-11 1.900562392419074977e-12 -7.106224549841860866e-12 -5.848076293131626692e-12 -9.926467762243497402e-12 -7.177506164516085514e-12 -4.797755041646228188e-12 -8.399902930121386431e-12 -3.541786095129902015e-12 -3.088684799923128815e-12 -8.757466531696696979e-12 -1.426096079824849504e-11 -1.796040205234769656e-11 -2.048631684404784751e-11 -1.824691550010707606e-11 -2.058973939388492992e-11 -1.385725277286781044e-11 9.377546869841103101e-12 3.850463724014719588e-11 1.585410312206404602e-10 3.356380291765244366e-10
