5.500148398220272556e-11 1.367044242569474836e-11 4.608000389703884181e-12 -2.311981915825316048e-12 -7.214292175804796444e-13 -1.279896684339983192e-12 -2.904304927310690741e-12 1.011087863527889914e-12 2.142766883848913217e-12 2.526882110011520266e-12 1.117898938724047477e-12 2.062521100966608972e-14 -1.358599714925628308e-12 -1.309976934854420822e-12 -8.100560227156451271e-13 -1.136493424456543898e-13 1.164916466580013871e-12 -1.282022259043280395e-12 -4.035594381776659775e-13 1.852709873064914372e-12 2.741980932019297687e-12 1.021892355192068457e-11 1.245039768274686371e-11 9.061569717777090771e-12 9.044738701184106368e-12 1.105104485211775413e-11
1.367044242569474836e-11 5.056333317449272523e-11 1.853640632620899926e-11 1.147179740520197465e-11 6.061701405380111457e-12 3.758260365870416462e-12 2.564128468794258227e-12 1.203038933688028705e-12 1.559806859490978254e-12 1.065790264717334166e-12 -6.411691283926427941e-13 -3.371740583392482263e-12 -3.570463721707846047e-12 -2.221183469526123834e-12 1.015153617378916267e-12 4.285939766973630725e-12 5.072169259006105176e-12 7.331463486311654013e-12 8.032051277327877912e-12 3.845496974878717059e-12 3.918651576669179157e-12 8.635050320509970771e-13 -2.685312218933027002e-13 9.322411829352799170e-12 4.783028940076290631e-12 -9.457327393966548414e-12
4.608000389703884181e-12 1.853640632620899926e-11 4.303727378769088426e-11 1.144000412166921477e-11 3.909032346134920735e-12 2.255307887512113674e-12 3.100136468315179603e-12 1.765774116335016528e-12 1.494285720582705929e-12 3.181493483900421784e-12 2.496525225697695480e-12 3.762692838418178373e-13 4.771792974343002011e-13 1.152045949827168536e-12 2.457271911500400276e-12 1.257758096288297408e-12 -8.953448603338398344e-13 -3.975990794194203823e-12 -1.230070416713956787e-12 -2.751083959627658027e-12 -1.656623245451311114e-12 7.217067585205692881e-13 2.351105115870011537e-13 -2.475941751473607570e-12 4.005743414509307945e-12 1.260582306933150156e-11
-2.311981915825316048e-12 1.147179740520197465e-11 1.144000412166921477e-11 3.643609497882991504e-11 1.454017470548914441e-11 7.711542446733401032e-12 5.540344277971186961e-12 2.391645533894956717e-12 3.813908565259128617e-12 2.705500486691226591e-12 3.109419028633073918e-12 9.613270301728521181e-13 -8.586512400692370069e-13 -1.141998062374572149e-12 -6.963966766548570492e-13 -2.381212154488542656e-12 -1.576303458366866495e-12 -3.977078985381691904e-12 -2.928520023001941333e-12 -2.548493143090422998e-12 -3.829406153916140840e-13 5.238983844351333199e-12 1.103420526626786119e-11 1.529393840437379670e-11 1.100899678827989945e-11 1.416710846474597522e-11
-7.214292175804796444e-13 6.061701405380111457e-12 3.909032346134920735e-12 1.454017470548914441e-11 2.585162832673241874e-11 1.233892393825319878e-11 6.291032755905246508e-12 4.075067092001301877e-12 4.249406013057647248e-12 2.109133235567552378e-12 2.577977128172970564e-12 3.302170557239185604e-12 1.624386798941465370e-12 2.112517436964863524e-12 2.889638453406095611e-12 1.861700179666507249e-12 3.384857848234240557e-12 3.769430705834500300e-12 6.294737353990714669e-12 9.217951949840585404e-12 1.010020802719612646e-11 1.081896261577365903e-11 4.191204287836830333e-12 -4.554086635143327410e-12 -3.106548795489450096e-13 4.644470496921182249e-12
-1.279896684339983192e-12 3.758260365870416462e-12 2.255307887512113674e-12 7.711542446733401032e-12 1.233892393825319878e-11 2.438043585178879614e-11 1.318863767048745966e-11 9.243559982087961460e-12 8.367374778159755673e-12 3.632615793128130745e-12 2.055465515715907534e-12 1.966182184888321467e-12 2.032027457281745167e-12 1.052542494427850583e-12 2.123265649778767165e-12 3.619944303195535305e-12 5.068617442680992048e-12 2.377881520549947668e-12 1.860272655137813487e-12 5.657832198226387839e-12 6.292422715244111816e-12 4.353180760504225098e-12 3.335903055178901980e-12 -1.761411459141965489e-12 9.983671050425344722e-13 6.137599742550185905e-12
-2.904304927310690741e-12 2.564128468794258227e-12 3.100136468315179603e-12 5.540344277971186961e-12 6.291032755905246508e-12 1.318863767048745966e-11 2.001682169084967606e-11 1.217329447894555245e-11 1.003962745115744363e-11 6.400375982408894315e-12 4.286611138766555991e-12 2.817918584482631085e-12 2.482411385368134342e-12 9.885061640512114409e-13 1.368756620002915674e-12 2.907144418157531075e-12 5.688061252404984630e-12 4.608335975927543945e-12 4.638508228094558986e-12 8.474329539659207603e-12 1.121674759263466192e-11 8.545250991107479579e-12 6.543624603514318202e-12 1.470729125173320424e-12 4.896533717781687213e-12 9.715648113381689944e-13
1.011087863527889914e-12 1.203038933688028705e-12 1.765774116335016528e-12 2.391645533894956717e-12 4.075067092001301877e-12 9.243559982087961460e-12 1.217329447894555245e-11 1.886146565683295566e-11 1.448392774514872018e-11 1.044174131405402180e-11 7.852080773513834970e-12 6.397164070114866492e-12 4.563786720569370235e-12 3.850193846443807947e-12 4.215575553810701077e-12 7.603960687296863179e-12 9.452043987772694610e-12 8.154738599038829906e-12 9.494715569618949420e-12 9.777096434569263925e-12 6.059018269659133063e-12 -9.232309291357588957e-13 -6.139910931616680289e-12 -8.539661673336849721e-12 -4.075312498302371492e-12 -5.221906582766888651e-12
2.142766883848913217e-12 1.559806859490978254e-12 1.494285720582705929e-12 3.813908565259128617e-12 4.249406013057647248e-12 8.367374778159755673e-12 1.003962745115744363e-11 1.448392774514872018e-11 2.295466723724378282e-11 1.679896602670892888e-11 1.205535501332727915e-11 1.013901206876722237e-11 7.749682141813858547e-12 7.203783266057073020e-12 6.392104885445535178e-12 8.220428751766140899e-12 1.202953829558054633e-11 1.010689532104613302e-11 1.011457802349244069e-11 1.085595132368797196e-11 7.851702864703702243e-12 1.909445344484551778e-12 -4.452632116577873080e-13 -3.944463471404843163e-12 -4.502335758686903723e-12 -5.083792245768695079e-12
2.526882110011520266e-12 1.065790264717334166e-12 3.181493483900421784e-12 2.705500486691226591e-12 2.109133235567552378e-12 3.632615793128130745e-12 6.400375982408894315e-12 1.044174131405402180e-11 1.679896602670892888e-11 2.181241274285164926e-11 1.731181712662826707e-11 1.302315842659246234e-11 1.037161395950814865e-11 9.516199615325831090e-12 7.344439488555285221e-12 8.141829783373996176e-12 1.004431606429999339e-11 7.952071550441650781e-12 7.965105749773077605e-12 8.952348889421383529e-12 8.334212607091817405e-12 2.713839651547779201e-12 -3.991855217322360967e-13 -6.006656144849371673e-12 -2.406810386126261557e-12 -7.990896331355360426e-12
1.117898938724047477e-12 -6.411691283926427941e-13 2.496525225697695480e-12 3.109419028633073918e-12 2.577977128172970564e-12 2.055465515715907534e-12 4.286611138766555991e-12 7.852080773513834970e-12 1.205535501332727915e-11 1.731181712662826707e-11 2.330950925454203024e-11 1.979008993199311061e-11 1.576564322787202168e-11 1.411962119896305464e-11 1.231483520123959812e-11 1.196830098535544255e-11 1.250412772821284811e-11 1.186408006682158987e-11 1.162560393060770204e-11 1.253341034717763573e-11 8.956460699724574288e-12 -1.520118751675244178e-12 -5.679122542562858691e-12 -8.964060580916311995e-12 -6.079061446289515136e-12 -8.130706437641329704e-12
2.062521100966608972e-14 -3.371740583392482263e-12 3.762692838418178373e-13 9.613270301728521181e-13 3.302170557239185604e-12 1.966182184888321467e-12 2.817918584482631085e-12 6.397164070114866492e-12 1.013901206876722237e-11 1.302315842659246234e-11 1.979008993199311061e-11 2.798775271848763867e-11 2.576182490651934987e-11 2.318621722252055453e-11 2.056807290441012846e-11 1.896536542568317624e-11 1.848460471262713107e-11 1.740982073838248039e-11 1.628186266449290082e-11 1.740806912349600516e-11 1.050167844935135353e-11 -4.528993850178002434e-12 -6.218920322158878657e-12 -8.235434852820939688e-12 -8.163900601527878849e-12 -3.863774149215691594e-12
-1.358599714925628308e-12 -3.570463721707846047e-12 4.771792974343002011e-13 -8.586512400692370069e-13 1.624386798941465370e-12 2.032027457281745167e-12 2.482411385368134342e-12 4.563786720569370235e-12 7.749682141813858547e-12 1.037161395950814865e-11 1.576564322787202168e-11 2.576182490651934987e-11 3.624233128765612656e-11 3.461916031564671164e-11 3.159863151855755903e-11 2.954136288406975884e-11 2.837061543612051308e-11 2.859508699754105474e-11 2.857413855951240340e-11 2.966030318854611869e-11 1.914711461302226058e-11 -4.093923585241551398e-12 -5.041597290802612597e-12 -2.037881171457190352e-12 -8.671043449160378306e-12 -6.983026922020782024e-12
-1.309976934854420822e-12 -2.221183469526123834e-12 1.152045949827168536e-12 -1.141998062374572149e-12 2.112517436964863524e-12 1.052542494427850583e-12 9.885061640512114409e-13 3.850193846443807947e-12 7.203783266057073020e-12 9.516199615325831090e-12 1.411962119896305464e-11 2.318621722252055453e-11 3.461916031564671164e-11 4.691995846642142040e-11 4.815248574913554951e-11 4.777254837623677912e-11 4.708984648145871520e-11 4.770075221348740157e-11 4.893497069354224887e-11 5.073724657758468916e-11 3.770098563702102728e-11 1.785571254476022069e-12 -4.820749585008082252e-12 -7.020131412700757203e-13 -6.536104495411000033e-12 -4.223520194555161848e-12
-8.100560227156451271e-13 1.015153617378916267e-12 2.457271911500400276e-12 -6.963966766548570492e-13 2.889638453406095611e-12 2.123265649778767165e-12 1.368756620002915674e-12 4.215575553810701077e-12 6.392104885445535178e-12 7.344439488555285221e-12 1.231483520123959812e-11 2.056807290441012846e-11 3.159863151855755903e-11 4.815248574913554951e-11 6.499336396500219824e-11 6.911802900189065933e-11 6.911021300281759157e-11 6.992190602682541980e-11 7.173847084085395793e-11 7.707294355665079040e-11 6.415552820345904793e-11 1.447240747401436167e-11 -3.318439362733491701e-12 -3.869417311005965955e-12 -4.443960436662339305e-12 -3.086262764537643720e-12
-1.136493424456543898e-13 4.285939766973630725e-12 1.257758096288297408e-12 -2.381212154488542656e-12 1.861700179666507249e-12 3.619944303195535305e-12 2.907144418157531075e-12 7.603960687296863179e-12 8.220428751766140899e-12 8.141829783373996176e-12 1.196830098535544255e-11 1.896536542568317624e-11 2.954136288406975884e-11 4.777254837623677912e-11 6.911802900189065933e-11 8.944140875158985158e-11 9.599862385682406895e-11 9.999318035671484950e-11 1.044029897335917657e-10 1.134717319655143378e-10 1.022666752688622361e-10 4.087233925707114849e-11 6.423107589347704902e-12 7.029354699656418152e-13 -5.686059874577664961e-12 -8.317389415779625755e-12
1.164916466580013871e-12 5.072169259006105176e-12 -8.953448603338398344e-13 -1.576303458366866495e-12 3.384857848234240557e-12 5.068617442680992048e-12 5.688061252404984630e-12 9.452043987772694610e-12 1.202953829558054633e-11 1.004431606429999339e-11 1.250412772821284811e-11 1.848460471262713107e-11 2.837061543612051308e-11 4.708984648145871520e-11 6.911021300281759157e-11 9.599862385682406895e-11 1.200612365699193637e-10 1.296369865968194806e-10 1.369145672493757245e-10 1.503019427626323849e-10 1.395376719880379512e-10 6.774920453893827517e-11 1.465181428387549973e-11 3.849106068871759832e-12 -9.120296168141518018e-12 -1.414062357148753709e-11
-1.282022259043280395e-12 7.331463486311654013e-12 -3.975990794194203823e-12 -3.977078985381691904e-12 3.769430705834500300e-12 2.377881520549947668e-12 4.608335975927543945e-12 8.154738599038829906e-12 1.010689532104613302e-11 7.952071550441650781e-12 1.186408006682158987e-11 1.740982073838248039e-11 2.859508699754105474e-11 4.770075221348740157e-11 6.992190602682541980e-11 9.999318035671484950e-11 1.296369865968194806e-10 1.612504002204236101e-10 1.782965309698805073e-10 1.951870677054867768e-10 1.845852235631909294e-10 1.023312654324899845e-10 2.464477138914862448e-11 6.694888460012901231e-12 -1.418324527254812183e-11 -1.759275208149301291e-11
-4.035594381776659775e-13 8.032051277327877912e-12 -1.230070416713956787e-12 -2.928520023001941333e-12 6.294737353990714669e-12 1.860272655137813487e-12 4.638508228094558986e-12 9.494715569618949420e-12 1.011457802349244069e-11 7.965105749773077605e-12 1.162560393060770204e-11 1.628186266449290082e-11 2.857413855951240340e-11 4.893497069354224887e-11 7.173847084085395793e-11 1.044029897335917657e-10 1.369145672493757245e-10 1.782965309698805073e-10 2.221882007909834009e-10 2.533276291937001478e-10 2.471538419063530238e-10 1.582379175818700114e-10 5.143404247081972507e-11 1.689902290697474096e-11 -1.210299285774809855e-11 -2.067871426927465494e-11
1.852709873064914372e-12 3.845496974878717059e-12 -2.751083959627658027e-12 -2.548493143090422998e-12 9.217951949840585404e-12 5.657832198226387839e-12 8.474329539659207603e-12 9.777096434569263925e-12 1.085595132368797196e-11 8.952348889421383529e-12 1.253341034717763573e-11 1.740806912349600516e-11 2.966030318854611869e-11 5.073724657758468916e-11 7.707294355665079040e-11 1.134717319655143378e-10 1.503019427626323849e-10 1.951870677054867768e-10 2.533276291937001478e-10 3.297815003100727214e-10 3.484315498113878103e-10 2.578819329853933249e-10 1.181505063922449058e-10 3.721494244584890553e-11 -3.810774715267352350e-12 -1.833204475626270299e-11
2.741980932019297687e-12 3.918651576669179157e-12 -1.656623245451311114e-12 -3.829406153916140840e-13 1.010020802719612646e-11 6.292422715244111816e-12 1.121674759263466192e-11 6.059018269659133063e-12 7.851702864703702243e-12 8.334212607091817405e-12 8.956460699724574288e-12 1.050167844935135353e-11 1.914711461302226058e-11 3.770098563702102728e-11 6.415552820345904793e-11 1.022666752688622361e-10 1.395376719880379512e-10 1.845852235631909294e-10 2.471538419063530238e-10 3.484315498113878103e-10 4.408672386134368518e-10 3.957691619585077301e-10 2.397466721725753801e-10 7.079097683632610543e-11 -6.040026681155987334e-12 -2.009567293299742067e-11
1.021892355192068457e-11 8.635050320509970771e-13 7.217067585205692881e-13 5.238983844351333199e-12 1.081896261577365903e-11 4.353180760504225098e-12 8.545250991107479579e-12 -9.232309291357588957e-13 1.909445344484551778e-12 2.713839651547779201e-12 -1.520118751675244178e-12 -4.528993850178002434e-12 -4.093923585241551398e-12 1.785571254476022069e-12 1.447240747401436167e-11 4.087233925707114849e-11 6.774920453893827517e-11 1.023312654324899845e-10 1.582379175818700114e-10 2.578819329853933249e-10 3.957691619585077301e-10 4.837196909022170868e-10 3.855430975097541028e-10 1.501135638264255074e-10 3.968577994491867405e-12 -1.365197301895405791e-11
1.245039768274686371e-11 -2.685312218933027002e-13 2.351105115870011537e-13 1.103420526626786119e-11 4.191204287836830333e-12 3.335903055178901980e-12 6.543624603514318202e-12 -6.139910931616680289e-12 -4.452632116577873080e-13 -3.991855217322360967e-13 -5.679122542562858691e-12 -6.218920322158878657e-12 -5.041597290802612597e-12 -4.820749585008082252e-12 -3.318439362733491701e-12 6.423107589347704902e-12 1.465181428387549973e-11 2.464477138914862448e-11 5.143404247081972507e-11 1.181505063922449058e-10 2.397466721725753801e-10 3.855430975097541028e-10 4.470402960880182771e-10 2.753463100537928868e-10 5.822846227933446575e-11 9.351337681268433941e-12
9.061569717777090771e-12 9.322411829352799170e-12 -2.475941751473607570e-12 1.529393840437379670e-11 -4.554086635143327410e-12 -1.761411459141965489e-12 1.470729125173320424e-12 -8.539661673336849721e-12 -3.944463471404843163e-12 -6.006656144849371673e-12 -8.964060580916311995e-12 -8.235434852820939688e-12 -2.037881171457190352e-12 -7.020131412700757203e-13 -3.869417311005965955e-12 7.029354699656418152e-13 3.849106068871759832e-12 6.694888460012901231e-12 1.689902290697474096e-11 3.721494244584890553e-11 7.079097683632610543e-11 1.501135638264255074e-10 2.753463100537928868e-10 3.463133056019097656e-10 1.930158218459672615e-10 3.868918563318530936e-11
9.044738701184106368e-12 4.783028940076290631e-12 4.005743414509307945e-12 1.100899678827989945e-11 -3.106548795489450096e-13 9.983671050425344722e-13 4.896533717781687213e-12 -4.075312498302371492e-12 -4.502335758686903723e-12 -2.406810386126261557e-12 -6.079061446289515136e-12 -8.163900601527878849e-12 -8.671043449160378306e-12 -6.536104495411000033e-12 -4.443960436662339305e-12 -5.686059874577664961e-12 -9.120296168141518018e-12 -1.418324527254812183e-11 -1.210299285774809855e-11 -3.810774715267352350e-12 -6.040026681155987334e-12 3.968577994491867405e-12 5.822846227933446575e-11 1.930158218459672615e-10 2.991301752750233716e-10 1.585403711025686029e-10
1.105104485211775413e-11 -9.457327393966548414e-12 1.260582306933150156e-11 1.416710846474597522e-11 4.644470496921182249e-12 6.137599742550185905e-12 9.715648113381689944e-13 -5.221906582766888651e-12 -5.083792245768695079e-12 -7.990896331355360426e-12 -8.130706437641329704e-12 -3.863774149215691594e-12 -6.983026922020782024e-12 -4.223520194555161848e-12 -3.086262764537643720e-12 -8.317389415779625755e-12 -1.414062357148753709e-11 -1.759275208149301291e-11 -2.067871426927465494e-11 -1.833204475626270299e-11 -2.009567293299742067e-11 -1.365197301895405791e-11 9.351337681268433941e-12 3.868918563318530936e-11 1.585403711025686029e-10 3.351955606922494238e-10
