7.221224754425405651e-11 2.133697440018437305e-11 1.509219303072181657e-11 9.674048109110499084e-12 1.144033571958215324e-12 4.444501715258695885e-12 3.755546757305147664e-12 7.174505143270401766e-12 4.263666718668824492e-12 4.244316380912728378e-12 3.855044206152666837e-12 2.528166275708963246e-12 1.470892722638014805e-12 3.153133819354210098e-12 5.161703469727028229e-12 7.004395795777942038e-12 7.208013937684428511e-12 9.813678124373361381e-12 5.614073665458950483e-12 3.080105826794218870e-12 5.003391699833934930e-12 5.893560045229679508e-12 2.253183793741273271e-11 3.515728964447908855e-11 1.369686923959818032e-11 -9.075770314001557367e-12
2.133697440018437305e-11 4.852712505867500398e-11 1.352039082055182250e-11 6.775796696592628971e-12 1.908306169192296446e-12 4.654129448375853250e-12 4.094512204738633534e-12 2.107668255307524272e-12 1.982650544553044901e-12 2.651306414023898816e-12 9.758980510985838999e-13 -6.200787696268270149e-13 7.100643520987130096e-13 -5.526117049886392112e-13 -1.542513015878333031e-12 -2.335304124141505990e-12 -4.097336128910021537e-12 -3.515123745092019371e-12 -2.597826481048624977e-12 -4.137466961534067920e-12 -4.621262371775075024e-12 -1.280390688854816177e-12 1.017269030546087123e-11 2.107352028970621007e-11 8.429221519274238811e-12 -9.793505067027275326e-12
1.509219303072181657e-11 1.352039082055182250e-11 3.609137858974163809e-11 1.377184139536965095e-11 4.599077541178153126e-12 6.615695708230570399e-12 4.281645181728071501e-12 3.602974183491827618e-12 2.254926009875881473e-12 3.515654362087061142e-13 -1.158391488776663737e-12 -1.562891719430121390e-12 -2.927264149485832692e-12 -1.803004102221366106e-12 3.923428380046466597e-13 2.392139691623525812e-13 3.018992315844902681e-12 7.019755764460024198e-12 1.004269466364067496e-11 1.206437156817228716e-11 1.226222482547543719e-11 9.649545746273580204e-12 1.090993684942795943e-11 9.719405704241700618e-12 1.718092811527182195e-13 -1.548153499925485429e-11
9.674048109110499084e-12 6.775796696592628971e-12 1.377184139536965095e-11 3.374596642616228590e-11 1.074942939316593417e-11 7.360560242174016390e-12 5.966306641624959002e-12 4.193304129308046167e-12 1.899925633440932110e-12 1.481905479916084536e-12 1.938541463558544225e-13 -1.814021729895271794e-12 -2.986204743644198077e-12 -1.221595725580036899e-12 1.452391709589349549e-12 4.230198560045621702e-12 8.626177404849225594e-12 1.220998244359452684e-11 1.361109923113010384e-11 1.422568352651620352e-11 1.603154699405018332e-11 1.077499175655965829e-11 4.696814226812345525e-12 3.801587776209355513e-12 2.233179260332696939e-13 -1.215809964156200637e-11
1.144033571958215324e-12 1.908306169192296446e-12 4.599077541178153126e-12 1.074942939316593417e-11 2.246197589092516552e-11 1.287158974575358587e-11 9.319878007827019360e-12 5.856423540831184991e-12 4.573129299743645422e-12 2.662248554350220654e-12 2.605638688833921071e-12 2.396312330756405665e-12 1.202464876498400819e-12 1.078225773119731757e-12 3.156510073711841780e-12 4.991706104906019232e-12 8.266576876565348751e-12 1.198497611034835607e-11 1.548490939847199522e-11 1.677865939833363251e-11 1.326281186075965276e-11 5.118031762255836277e-12 -3.425576352704584490e-12 5.785096009517107727e-12 1.292105655149434692e-11 -4.301619335903980477e-13
4.444501715258695885e-12 4.654129448375853250e-12 6.615695708230570399e-12 7.360560242174016390e-12 1.287158974575358587e-11 2.409504648751677464e-11 1.346393334286804096e-11 7.645277032769574019e-12 4.889636367804517089e-12 5.017051768624352077e-12 3.250151603620166810e-12 2.881518145748362098e-12 1.832861688651019896e-12 1.733886981806871751e-12 2.612147464939281391e-12 5.854895827419521907e-12 8.796644320621483046e-12 1.168143238038322276e-11 1.431475478210650503e-11 1.423251587730647163e-11 1.033293425744248214e-11 3.260758322677300846e-12 -5.136947769409950948e-13 2.465886852747064296e-12 3.327089742981236359e-12 1.892615277476487641e-12
3.755546757305147664e-12 4.094512204738633534e-12 4.281645181728071501e-12 5.966306641624959002e-12 9.319878007827019360e-12 1.346393334286804096e-11 1.976212325020531615e-11 1.114894731185273857e-11 8.197157056967956318e-12 6.819235535938127685e-12 5.761273505962925869e-12 4.531518324477241547e-12 2.975968172626724762e-12 2.998646469444526906e-12 3.769782799962552426e-12 4.290911373134912016e-12 5.604485344048537097e-12 7.495893944531224364e-12 1.117289570260428256e-11 1.055521924949765893e-11 9.498490269175911383e-12 2.887933198345322548e-12 1.720276524254108088e-12 1.907070178165106823e-12 -3.134245638228202277e-12 -4.203494551428847168e-12
7.174505143270401766e-12 2.107668255307524272e-12 3.602974183491827618e-12 4.193304129308046167e-12 5.856423540831184991e-12 7.645277032769574019e-12 1.114894731185273857e-11 1.987356429770705620e-11 1.354988401088710434e-11 1.012099991650715505e-11 8.204313977500560204e-12 6.610822790131338158e-12 5.664204717775213425e-12 5.213365201976069542e-12 5.743240638917006066e-12 5.021757327662387300e-12 7.262753042485056532e-12 1.057870781387540649e-11 1.402776015251025252e-11 1.410733724566042913e-11 1.482011942154473464e-11 1.400029020775216669e-11 1.799278002477358073e-11 1.683783304068188603e-11 2.293482345861178562e-12 -8.995808431171033250e-12
4.263666718668824492e-12 1.982650544553044901e-12 2.254926009875881473e-12 1.899925633440932110e-12 4.573129299743645422e-12 4.889636367804517089e-12 8.197157056967956318e-12 1.354988401088710434e-11 2.077066477536253109e-11 1.601879424680494084e-11 1.385630603945175052e-11 1.077217754799775970e-11 1.050211341453976834e-11 1.097148003595464450e-11 1.121137489424977776e-11 1.143767260986021137e-11 1.333408317440959003e-11 1.493947106134451932e-11 1.770457866886247668e-11 1.854721859938999651e-11 1.583631597700605901e-11 8.070514211107320389e-12 1.184243099293481676e-11 1.592682060674860162e-11 5.696577336273196665e-12 -5.443061793922067763e-12
4.244316380912728378e-12 2.651306414023898816e-12 3.515654362087061142e-13 1.481905479916084536e-12 2.662248554350220654e-12 5.017051768624352077e-12 6.819235535938127685e-12 1.012099991650715505e-11 1.601879424680494084e-11 2.494044547770110925e-11 2.094808528980245194e-11 1.540489394949635612e-11 1.575728558387748658e-11 1.583867942065186027e-11 1.571915599430158422e-11 1.656019631416835256e-11 1.779596865615043377e-11 1.977744056327319790e-11 2.048339810048446314e-11 2.283047912294214081e-11 2.270123496225687174e-11 1.312266945214729337e-11 1.778735668711264880e-11 2.033916131794059256e-11 1.283799769113547727e-11 1.771859046867427178e-12
3.855044206152666837e-12 9.758980510985838999e-13 -1.158391488776663737e-12 1.938541463558544225e-13 2.605638688833921071e-12 3.250151603620166810e-12 5.761273505962925869e-12 8.204313977500560204e-12 1.385630603945175052e-11 2.094808528980245194e-11 2.831668143544964512e-11 2.449264693799535608e-11 2.383316638537262500e-11 2.203776755946258221e-11 2.057076857326127765e-11 2.084603831544507937e-11 2.142443542807538252e-11 2.291213236528426186e-11 2.473936881856043120e-11 2.849953325261247436e-11 2.931553653587899189e-11 1.893280611336905841e-11 1.962642608176805333e-11 1.991476570684361449e-11 1.698420422038729061e-11 -1.459045144273310232e-12
2.528166275708963246e-12 -6.200787696268270149e-13 -1.562891719430121390e-12 -1.814021729895271794e-12 2.396312330756405665e-12 2.881518145748362098e-12 4.531518324477241547e-12 6.610822790131338158e-12 1.077217754799775970e-11 1.540489394949635612e-11 2.449264693799535608e-11 3.207794003659261614e-11 3.260224776547487174e-11 3.001415343863831893e-11 2.759339156598089347e-11 2.799134071235704777e-11 2.876252891203265588e-11 3.298937526595669551e-11 3.622187826397842394e-11 4.083508461486079483e-11 3.887108441695720550e-11 1.847479056280788668e-11 1.170389153850560788e-11 8.781064499949879559e-12 1.748357502084702873e-11 1.339705393771469820e-11
1.470892722638014805e-12 7.100643520987130096e-13 -2.927264149485832692e-12 -2.986204743644198077e-12 1.202464876498400819e-12 1.832861688651019896e-12 2.975968172626724762e-12 5.664204717775213425e-12 1.050211341453976834e-11 1.575728558387748658e-11 2.383316638537262500e-11 3.260224776547487174e-11 4.563244109060863603e-11 4.459813673698080903e-11 4.181082985954838632e-11 4.421498260766377240e-11 4.578423910730879047e-11 5.165266300507520852e-11 5.701804460203918387e-11 6.108479321072458900e-11 5.684476199434304443e-11 2.755145411312212873e-11 1.611395441491595156e-11 1.201740773001472560e-11 1.993743150968786649e-11 1.289298654855238264e-11
3.153133819354210098e-12 -5.526117049886392112e-13 -1.803004102221366106e-12 -1.221595725580036899e-12 1.078225773119731757e-12 1.733886981806871751e-12 2.998646469444526906e-12 5.213365201976069542e-12 1.097148003595464450e-11 1.583867942065186027e-11 2.203776755946258221e-11 3.001415343863831893e-11 4.459813673698080903e-11 5.668868456249524668e-11 5.926707551976222468e-11 6.464212890960611985e-11 7.002157184612760116e-11 7.976162110671904574e-11 8.957397098586898160e-11 9.584807515313880721e-11 8.233814552560820871e-11 2.965531426289100119e-11 9.670191311612594304e-12 1.489828271022635530e-11 2.162602742048170424e-11 8.224654783666568003e-12
5.161703469727028229e-12 -1.542513015878333031e-12 3.923428380046466597e-13 1.452391709589349549e-12 3.156510073711841780e-12 2.612147464939281391e-12 3.769782799962552426e-12 5.743240638917006066e-12 1.121137489424977776e-11 1.571915599430158422e-11 2.057076857326127765e-11 2.759339156598089347e-11 4.181082985954838632e-11 5.926707551976222468e-11 7.997385453209607627e-11 9.431153044367963408e-11 1.072620543339897042e-10 1.222514237757724670e-10 1.365169490751732439e-10 1.452002058682654414e-10 1.217611194398362636e-10 4.384064787783096808e-11 6.781009847046096346e-12 2.053252873798108190e-11 2.920891097419777450e-11 8.349069122562132719e-12
7.004395795777942038e-12 -2.335304124141505990e-12 2.392139691623525812e-13 4.230198560045621702e-12 4.991706104906019232e-12 5.854895827419521907e-12 4.290911373134912016e-12 5.021757327662387300e-12 1.143767260986021137e-11 1.656019631416835256e-11 2.084603831544507937e-11 2.799134071235704777e-11 4.421498260766377240e-11 6.464212890960611985e-11 9.431153044367963408e-11 1.330102769347125338e-10 1.626101438095083186e-10 1.893844925861938758e-10 2.103762910354264260e-10 2.234242487654533827e-10 1.907722735481069775e-10 7.479630088956665137e-11 6.576660276755789528e-12 2.697621115387019601e-11 4.149509690947577618e-11 1.346503666407060297e-11
7.208013937684428511e-12 -4.097336128910021537e-12 3.018992315844902681e-12 8.626177404849225594e-12 8.266576876565348751e-12 8.796644320621483046e-12 5.604485344048537097e-12 7.262753042485056532e-12 1.333408317440959003e-11 1.779596865615043377e-11 2.142443542807538252e-11 2.876252891203265588e-11 4.578423910730879047e-11 7.002157184612760116e-11 1.072620543339897042e-10 1.626101438095083186e-10 2.277190369586927163e-10 2.771419769939102280e-10 3.120656850290102048e-10 3.321995930805837978e-10 2.925630159279891763e-10 1.341483056546828692e-10 1.198409353484081315e-11 2.563456099599608631e-11 4.288963082371367210e-11 8.381881116599844027e-12
9.813678124373361381e-12 -3.515123745092019371e-12 7.019755764460024198e-12 1.220998244359452684e-11 1.198497611034835607e-11 1.168143238038322276e-11 7.495893944531224364e-12 1.057870781387540649e-11 1.493947106134451932e-11 1.977744056327319790e-11 2.291213236528426186e-11 3.298937526595669551e-11 5.165266300507520852e-11 7.976162110671904574e-11 1.222514237757724670e-10 1.893844925861938758e-10 2.771419769939102280e-10 3.684022226505925885e-10 4.288745108941006295e-10 4.569239077635169385e-10 4.124962365555879000e-10 2.172175025579568652e-10 2.974719913998012317e-11 2.684091786960041889e-11 3.875432474108991975e-11 -1.068022441471943305e-12
5.614073665458950483e-12 -2.597826481048624977e-12 1.004269466364067496e-11 1.361109923113010384e-11 1.548490939847199522e-11 1.431475478210650503e-11 1.117289570260428256e-11 1.402776015251025252e-11 1.770457866886247668e-11 2.048339810048446314e-11 2.473936881856043120e-11 3.622187826397842394e-11 5.701804460203918387e-11 8.957397098586898160e-11 1.365169490751732439e-10 2.103762910354264260e-10 3.120656850290102048e-10 4.288745108941006295e-10 5.400121658760953249e-10 6.008657520597997740e-10 5.633837803733156658e-10 3.448743651803544023e-10 8.455276908826027196e-11 4.224918168290149707e-11 4.248800538135221374e-11 -9.938581559983899077e-12
3.080105826794218870e-12 -4.137466961534067920e-12 1.206437156817228716e-11 1.422568352651620352e-11 1.677865939833363251e-11 1.423251587730647163e-11 1.055521924949765893e-11 1.410733724566042913e-11 1.854721859938999651e-11 2.283047912294214081e-11 2.849953325261247436e-11 4.083508461486079483e-11 6.108479321072458900e-11 9.584807515313880721e-11 1.452002058682654414e-10 2.234242487654533827e-10 3.321995930805837978e-10 4.569239077635169385e-10 6.008657520597997740e-10 7.401819406280915568e-10 7.489883875266437134e-10 5.322120108169910143e-10 1.966007389469489185e-10 6.819876698733342216e-11 5.144505155028426142e-11 -1.958455982095658264e-11
5.003391699833934930e-12 -4.621262371775075024e-12 1.226222482547543719e-11 1.603154699405018332e-11 1.326281186075965276e-11 1.033293425744248214e-11 9.498490269175911383e-12 1.482011942154473464e-11 1.583631597700605901e-11 2.270123496225687174e-11 2.931553653587899189e-11 3.887108441695720550e-11 5.684476199434304443e-11 8.233814552560820871e-11 1.217611194398362636e-10 1.907722735481069775e-10 2.925630159279891763e-10 4.124962365555879000e-10 5.633837803733156658e-10 7.489883875266437134e-10 8.635089131139749273e-10 7.402473606366174612e-10 3.906363009401112044e-10 1.252833440671845374e-10 2.810592409335721603e-11 -3.855199565869975459e-11
5.893560045229679508e-12 -1.280390688854816177e-12 9.649545746273580204e-12 1.077499175655965829e-11 5.118031762255836277e-12 3.260758322677300846e-12 2.887933198345322548e-12 1.400029020775216669e-11 8.070514211107320389e-12 1.312266945214729337e-11 1.893280611336905841e-11 1.847479056280788668e-11 2.755145411312212873e-11 2.965531426289100119e-11 4.384064787783096808e-11 7.479630088956665137e-11 1.341483056546828692e-10 2.172175025579568652e-10 3.448743651803544023e-10 5.322120108169910143e-10 7.402473606366174612e-10 8.554518651173156276e-10 6.268377582944243297e-10 2.440831161970849456e-10 -3.033383283130079166e-12 -5.512979683378606306e-11
2.253183793741273271e-11 1.017269030546087123e-11 1.090993684942795943e-11 4.696814226812345525e-12 -3.425576352704584490e-12 -5.136947769409950948e-13 1.720276524254108088e-12 1.799278002477358073e-11 1.184243099293481676e-11 1.778735668711264880e-11 1.962642608176805333e-11 1.170389153850560788e-11 1.611395441491595156e-11 9.670191311612594304e-12 6.781009847046096346e-12 6.576660276755789528e-12 1.198409353484081315e-11 2.974719913998012317e-11 8.455276908826027196e-11 1.966007389469489185e-10 3.906363009401112044e-10 6.268377582944243297e-10 7.108731157356049640e-10 4.460030960728382046e-10 6.242803117783555210e-11 -2.309723636753296121e-11
3.515728964447908855e-11 2.107352028970621007e-11 9.719405704241700618e-12 3.801587776209355513e-12 5.785096009517107727e-12 2.465886852747064296e-12 1.907070178165106823e-12 1.683783304068188603e-11 1.592682060674860162e-11 2.033916131794059256e-11 1.991476570684361449e-11 8.781064499949879559e-12 1.201740773001472560e-11 1.489828271022635530e-11 2.053252873798108190e-11 2.697621115387019601e-11 2.563456099599608631e-11 2.684091786960041889e-11 4.224918168290149707e-11 6.819876698733342216e-11 1.252833440671845374e-10 2.440831161970849456e-10 4.460030960728382046e-10 5.861168899620554052e-10 3.272551832361426754e-10 7.112085137273554805e-11
1.369686923959818032e-11 8.429221519274238811e-12 1.718092811527182195e-13 2.233179260332696939e-13 1.292105655149434692e-11 3.327089742981236359e-12 -3.134245638228202277e-12 2.293482345861178562e-12 5.696577336273196665e-12 1.283799769113547727e-11 1.698420422038729061e-11 1.748357502084702873e-11 1.993743150968786649e-11 2.162602742048170424e-11 2.920891097419777450e-11 4.149509690947577618e-11 4.288963082371367210e-11 3.875432474108991975e-11 4.248800538135221374e-11 5.144505155028426142e-11 2.810592409335721603e-11 -3.033383283130079166e-12 6.242803117783555210e-11 3.272551832361426754e-10 5.665018130780179062e-10 3.119642414717136902e-10
-9.075770314001557367e-12 -9.793505067027275326e-12 -1.548153499925485429e-11 -1.215809964156200637e-11 -4.301619335903980477e-13 1.892615277476487641e-12 -4.203494551428847168e-12 -8.995808431171033250e-12 -5.443061793922067763e-12 1.771859046867427178e-12 -1.459045144273310232e-12 1.339705393771469820e-11 1.289298654855238264e-11 8.224654783666568003e-12 8.349069122562132719e-12 1.346503666407060297e-11 8.381881116599844027e-12 -1.068022441471943305e-12 -9.938581559983899077e-12 -1.958455982095658264e-11 -3.855199565869975459e-11 -5.512979683378606306e-11 -2.309723636753296121e-11 7.112085137273554805e-11 3.119642414717136902e-10 5.203476379609349593e-10
