9.049599628851918869e-11 1.745570367618184009e-11 7.060456486049845737e-12 7.765852818634953924e-12 1.841720478062825064e-12 9.385990618185939390e-14 5.243368270177370135e-12 5.498692212738606401e-12 5.070632442693986990e-12 2.223313959190560643e-12 2.431042765228164130e-12 4.297982695289850397e-12 8.023508574324161525e-12 1.287836942232367314e-11 1.555858062051054800e-11 1.411629818378317833e-11 2.045826268569284992e-11 3.016516390148234089e-11 2.358485401532616224e-11 1.904998592699579513e-11 -1.162718704903839665e-12 -3.373302153537490118e-11 -4.846227097078072276e-11 -2.499456775430336928e-11 1.447356110315945856e-11 -1.433234791526077186e-11
1.745570367618184009e-11 8.887123131376844301e-11 1.988334216027416038e-11 1.192544612921114583e-11 6.223023225157405157e-12 4.847846553008018685e-12 2.597463620524627540e-12 4.757860313153018969e-12 2.922907308948430344e-12 2.487148071349106756e-12 3.010781990981315782e-12 4.927829247796896514e-12 1.494608075247501011e-11 1.877858641266984487e-11 2.098286019451205228e-11 2.369913827230379565e-11 3.385758404628213286e-11 4.274648482154930317e-11 4.118895511147167336e-11 3.172180031268267259e-11 1.141802099663895113e-11 -6.926897506935018107e-12 -9.710231521297920843e-12 9.342096912465525170e-12 -9.301941331018095801e-12 -2.783729196384742021e-11
7.060456486049845737e-12 1.988334216027416038e-11 6.873388812309296679e-11 1.716275081846304307e-11 5.144980375649730549e-12 6.468921153023377979e-12 1.466764412383229830e-12 4.377359623713770120e-12 3.642501548009832088e-12 4.034674039903798292e-12 3.833785460628314205e-12 3.101290884925335834e-12 5.067871411355821300e-12 6.876486128062949338e-12 7.991559084219450367e-12 1.091381788437587295e-11 1.952805170480893642e-11 2.572937084686432141e-11 2.813922232617507333e-11 1.885872357658512432e-11 4.253660173484690817e-13 -2.572138670570905057e-11 -3.444712863767720898e-11 -2.329781316424790076e-11 -2.393095853269031593e-11 -1.179843850252503254e-11
7.765852818634953924e-12 1.192544612921114583e-11 1.716275081846304307e-11 4.142234262239353620e-11 1.513117046699880947e-11 1.055080827109287273e-11 5.119277304218692644e-12 5.085604007396328289e-12 3.839356007335467988e-12 3.838870159443894664e-12 7.478124974235294638e-12 8.008518580756560186e-12 1.001396384625870740e-11 1.235400538217189576e-11 1.348957834296312345e-11 1.454499233894296724e-11 1.477292143450318083e-11 1.504013328972731823e-11 1.733205443397964895e-11 2.084923474302279972e-11 1.389771533193899723e-11 3.322061326722776131e-12 -6.836496419865722408e-12 -3.626861492291765813e-12 5.380383573900803169e-12 1.538284211341175087e-12
1.841720478062825064e-12 6.223023225157405157e-12 5.144980375649730549e-12 1.513117046699880947e-11 3.402657985850613665e-11 1.878435479320811568e-11 1.036246541074265938e-11 1.054571852703116096e-11 6.350796888461465974e-12 6.019679788256385920e-12 2.740247642893227298e-12 4.044889908744780656e-12 6.162276779491681631e-12 8.714504790713969489e-12 1.306642450808465545e-11 1.610321782676052153e-11 1.363263910570458066e-11 1.339084870740845948e-11 1.544222444436636058e-11 1.345968798800776694e-11 6.916912895642168899e-12 -1.674650028001685318e-12 -9.854498193649342492e-12 -1.522571957764100395e-11 -2.568700631208106928e-12 -5.762787554031479310e-12
9.385990618185939390e-14 4.847846553008018685e-12 6.468921153023377979e-12 1.055080827109287273e-11 1.878435479320811568e-11 3.424066224058583374e-11 1.635904172230394769e-11 1.491201854485497262e-11 9.543866085335936754e-12 7.069793373167889292e-12 4.705585808390745191e-12 5.589794944691405835e-12 8.832451520638602236e-12 1.102377707854141510e-11 1.552944441728976736e-11 2.038547278800257318e-11 2.508380536631855457e-11 3.188043192555010136e-11 3.936162369790824498e-11 4.029806286901870838e-11 3.388142304541676932e-11 1.354560344374638162e-11 -1.924522176923625080e-11 -1.932016307413988615e-11 6.461627593717681621e-12 2.174075806421222029e-11
5.243368270177370135e-12 2.597463620524627540e-12 1.466764412383229830e-12 5.119277304218692644e-12 1.036246541074265938e-11 1.635904172230394769e-11 2.963063736291901014e-11 2.181288434139575404e-11 1.897247875539857613e-11 1.305773673418943153e-11 1.212369944237651669e-11 1.214259323543696401e-11 1.791027933583429040e-11 2.046242922426710065e-11 2.269750593734931900e-11 2.494974792101763992e-11 2.959916976762433709e-11 3.765966824967678869e-11 4.563310592274474102e-11 4.336530276398689935e-11 2.788967883875872908e-11 3.347495419058511716e-12 -1.401386232628599237e-11 -1.100632389567333500e-11 -8.077162037175413855e-12 5.590786153750591236e-12
5.498692212738606401e-12 4.757860313153018969e-12 4.377359623713770120e-12 5.085604007396328289e-12 1.054571852703116096e-11 1.491201854485497262e-11 2.181288434139575404e-11 3.545280583520661821e-11 2.824545157704347687e-11 2.145592839303647505e-11 1.835505793405849806e-11 1.739541520873071594e-11 2.153750071449611957e-11 2.495272298438366695e-11 3.016566650208210432e-11 3.551476438506006411e-11 4.034581657020749110e-11 4.313269432036592835e-11 4.853113098631211208e-11 4.473983066978620184e-11 2.152271955533818256e-11 -1.736984616613356386e-11 -3.063862619713471634e-11 -1.606070191597043940e-11 -3.399067971532262192e-12 6.840189594823183365e-12
5.070632442693986990e-12 2.922907308948430344e-12 3.642501548009832088e-12 3.839356007335467988e-12 6.350796888461465974e-12 9.543866085335936754e-12 1.897247875539857613e-11 2.824545157704347687e-11 4.173586080507316766e-11 3.432515583139104009e-11 3.070429524860130627e-11 2.773789485149061565e-11 3.032775380099404094e-11 3.626752557549038737e-11 4.344883904542546779e-11 4.951113343607279765e-11 5.703400290089320277e-11 6.601495930310675149e-11 7.355787249265707782e-11 7.363540942992132967e-11 4.657464068906299285e-11 1.285031064050427310e-12 -7.463854573827795168e-12 -8.562496001718909818e-13 -1.702063180655826854e-11 -6.151227147799560836e-12
2.223313959190560643e-12 2.487148071349106756e-12 4.034674039903798292e-12 3.838870159443894664e-12 6.019679788256385920e-12 7.069793373167889292e-12 1.305773673418943153e-11 2.145592839303647505e-11 3.432515583139104009e-11 4.486876631258745088e-11 4.216529544739551670e-11 3.887035711990811116e-11 4.278294010538467509e-11 4.954535301710082061e-11 5.692877165328576588e-11 6.427742739217490170e-11 7.448505121337622687e-11 8.518859115253640846e-11 9.364346574965696380e-11 9.988511229737874501e-11 8.061540629453467834e-11 3.715796581562529258e-11 3.067889933863460674e-11 2.215041430425836051e-11 -5.755082171754090965e-12 -2.612325214332109434e-12
2.431042765228164130e-12 3.010781990981315782e-12 3.833785460628314205e-12 7.478124974235294638e-12 2.740247642893227298e-12 4.705585808390745191e-12 1.212369944237651669e-11 1.835505793405849806e-11 3.070429524860130627e-11 4.216529544739551670e-11 5.695564889482264598e-11 5.329444048073114301e-11 5.711723893654149646e-11 6.399904067545982991e-11 7.332960902944161419e-11 8.082261385214187441e-11 9.046272221313245323e-11 1.012436663537091255e-10 1.112425048822810451e-10 1.241795681784507115e-10 1.108407946978302651e-10 5.256351128379362379e-11 3.917388411740781751e-11 2.050222343719583161e-11 -1.519805651778567803e-11 -6.371957482350572896e-12
4.297982695289850397e-12 4.927829247796896514e-12 3.101290884925335834e-12 8.008518580756560186e-12 4.044889908744780656e-12 5.589794944691405835e-12 1.214259323543696401e-11 1.739541520873071594e-11 2.773789485149061565e-11 3.887035711990811116e-11 5.329444048073114301e-11 7.418853051213046739e-11 8.512729747257544874e-11 9.469229628917837955e-11 1.057043180831317474e-10 1.160722206954131142e-10 1.300715982784698375e-10 1.454013151255892037e-10 1.553283329924116346e-10 1.675307481786465144e-10 1.439079080246842114e-10 5.015041210524596467e-11 1.308476753321258353e-11 4.082294619494925020e-12 -3.940424781107014701e-13 7.281611892614763062e-12
8.023508574324161525e-12 1.494608075247501011e-11 5.067871411355821300e-12 1.001396384625870740e-11 6.162276779491681631e-12 8.832451520638602236e-12 1.791027933583429040e-11 2.153750071449611957e-11 3.032775380099404094e-11 4.278294010538467509e-11 5.711723893654149646e-11 8.512729747257544874e-11 1.201658545400121527e-10 1.368362014411759399e-10 1.518363900098636759e-10 1.667041018039927874e-10 1.861830361927823953e-10 2.071730512847795738e-10 2.188140631994025023e-10 2.285992234865395858e-10 1.826683838507956155e-10 4.373235376041783302e-11 -1.778731893872833855e-11 -1.287895974236050614e-11 1.181206363547482774e-11 9.813592686289674343e-12
1.287836942232367314e-11 1.877858641266984487e-11 6.876486128062949338e-12 1.235400538217189576e-11 8.714504790713969489e-12 1.102377707854141510e-11 2.046242922426710065e-11 2.495272298438366695e-11 3.626752557549038737e-11 4.954535301710082061e-11 6.399904067545982991e-11 9.469229628917837955e-11 1.368362014411759399e-10 1.813177834294214771e-10 2.081389076821518504e-10 2.288966400171548001e-10 2.554074588647373713e-10 2.854401986299890488e-10 3.039635101080867859e-10 3.199888189838295705e-10 2.580186071727972884e-10 7.550695523963748002e-11 -1.830604377858738940e-11 -3.002527056119303694e-11 -9.246596933782950068e-12 -7.734738146250763848e-12
1.555858062051054800e-11 2.098286019451205228e-11 7.991559084219450367e-12 1.348957834296312345e-11 1.306642450808465545e-11 1.552944441728976736e-11 2.269750593734931900e-11 3.016566650208210432e-11 4.344883904542546779e-11 5.692877165328576588e-11 7.332960902944161419e-11 1.057043180831317474e-10 1.518363900098636759e-10 2.081389076821518504e-10 2.716910675499160783e-10 3.144340653721160722e-10 3.581587191118174717e-10 4.008510850043594908e-10 4.309307465178409995e-10 4.624685926223669916e-10 3.890941331463761997e-10 1.433653438407191277e-10 -1.592395591308412280e-12 -3.854930723778902841e-11 -1.804888746405171207e-11 -2.364965068776567472e-12
1.411629818378317833e-11 2.369913827230379565e-11 1.091381788437587295e-11 1.454499233894296724e-11 1.610321782676052153e-11 2.038547278800257318e-11 2.494974792101763992e-11 3.551476438506006411e-11 4.951113343607279765e-11 6.427742739217490170e-11 8.082261385214187441e-11 1.160722206954131142e-10 1.667041018039927874e-10 2.288966400171548001e-10 3.144340653721160722e-10 3.993681208794250170e-10 4.734257644844719278e-10 5.389667198647193875e-10 5.858529102378513758e-10 6.384327694852656371e-10 5.619850656824215017e-10 2.428627969582592847e-10 1.863153906251694171e-11 -5.095461720407246100e-11 -1.835229955873198452e-11 -1.451166856054571480e-11
2.045826268569284992e-11 3.385758404628213286e-11 1.952805170480893642e-11 1.477292143450318083e-11 1.363263910570458066e-11 2.508380536631855457e-11 2.959916976762433709e-11 4.034581657020749110e-11 5.703400290089320277e-11 7.448505121337622687e-11 9.046272221313245323e-11 1.300715982784698375e-10 1.861830361927823953e-10 2.554074588647373713e-10 3.581587191118174717e-10 4.734257644844719278e-10 6.202547153700932383e-10 7.448745972285104212e-10 8.217906829140170310e-10 8.980138236076373390e-10 8.092291930815381394e-10 4.079529131588539285e-10 8.434528674876408847e-11 -2.273665143157826901e-11 3.838364938302749540e-12 -3.033652879226011776e-11
3.016516390148234089e-11 4.274648482154930317e-11 2.572937084686432141e-11 1.504013328972731823e-11 1.339084870740845948e-11 3.188043192555010136e-11 3.765966824967678869e-11 4.313269432036592835e-11 6.601495930310675149e-11 8.518859115253640846e-11 1.012436663537091255e-10 1.454013151255892037e-10 2.071730512847795738e-10 2.854401986299890488e-10 4.008510850043594908e-10 5.389667198647193875e-10 7.448745972285104212e-10 9.749854566374140310e-10 1.121517140726271556e-09 1.251093111294852677e-09 1.178198680017029827e-09 6.925961825833601291e-10 2.094153725616681499e-10 1.699566802653911058e-11 1.184251713488899054e-11 -6.607209558797354901e-11
2.358485401532616224e-11 4.118895511147167336e-11 2.813922232617507333e-11 1.733205443397964895e-11 1.544222444436636058e-11 3.936162369790824498e-11 4.563310592274474102e-11 4.853113098631211208e-11 7.355787249265707782e-11 9.364346574965696380e-11 1.112425048822810451e-10 1.553283329924116346e-10 2.188140631994025023e-10 3.039635101080867859e-10 4.309307465178409995e-10 5.858529102378513758e-10 8.217906829140170310e-10 1.121517140726271556e-09 1.395752722881815965e-09 1.640578993629515069e-09 1.637932226632162835e-09 1.106826268209038088e-09 4.223006732937856013e-10 7.334535438785801370e-11 2.473714531821269792e-11 -1.106443582366624096e-10
1.904998592699579513e-11 3.172180031268267259e-11 1.885872357658512432e-11 2.084923474302279972e-11 1.345968798800776694e-11 4.029806286901870838e-11 4.336530276398689935e-11 4.473983066978620184e-11 7.363540942992132967e-11 9.988511229737874501e-11 1.241795681784507115e-10 1.675307481786465144e-10 2.285992234865395858e-10 3.199888189838295705e-10 4.624685926223669916e-10 6.384327694852656371e-10 8.980138236076373390e-10 1.251093111294852677e-09 1.640578993629515069e-09 2.104486531949853393e-09 2.267237752468187241e-09 1.721865839918368490e-09 7.909729752739123053e-10 1.543023714133712116e-10 3.884540908713197415e-11 -1.538424750897430180e-10
-1.162718704903839665e-12 1.141802099663895113e-11 4.253660173484690817e-13 1.389771533193899723e-11 6.916912895642168899e-12 3.388142304541676932e-11 2.788967883875872908e-11 2.152271955533818256e-11 4.657464068906299285e-11 8.061540629453467834e-11 1.108407946978302651e-10 1.439079080246842114e-10 1.826683838507956155e-10 2.580186071727972884e-10 3.890941331463761997e-10 5.619850656824215017e-10 8.092291930815381394e-10 1.178198680017029827e-09 1.637932226632162835e-09 2.267237752468187241e-09 2.759532408356753669e-09 2.453279435083738902e-09 1.415848486143380948e-09 3.560778676764461936e-10 3.543463622723498789e-11 -2.139868217647190891e-10
-3.373302153537490118e-11 -6.926897506935018107e-12 -2.572138670570905057e-11 3.322061326722776131e-12 -1.674650028001685318e-12 1.354560344374638162e-11 3.347495419058511716e-12 -1.736984616613356386e-11 1.285031064050427310e-12 3.715796581562529258e-11 5.256351128379362379e-11 5.015041210524596467e-11 4.373235376041783302e-11 7.550695523963748002e-11 1.433653438407191277e-10 2.428627969582592847e-10 4.079529131588539285e-10 6.925961825833601291e-10 1.106826268209038088e-09 1.721865839918368490e-09 2.453279435083738902e-09 2.799246564626336179e-09 2.121560005443495971e-09 8.111214262678894421e-10 5.729216731332916646e-11 -2.739965515608975927e-10
-4.846227097078072276e-11 -9.710231521297920843e-12 -3.444712863767720898e-11 -6.836496419865722408e-12 -9.854498193649342492e-12 -1.924522176923625080e-11 -1.401386232628599237e-11 -3.063862619713471634e-11 -7.463854573827795168e-12 3.067889933863460674e-11 3.917388411740781751e-11 1.308476753321258353e-11 -1.778731893872833855e-11 -1.830604377858738940e-11 -1.592395591308412280e-12 1.863153906251694171e-11 8.434528674876408847e-11 2.094153725616681499e-10 4.223006732937856013e-10 7.909729752739123053e-10 1.415848486143380948e-09 2.121560005443495971e-09 2.387142497440782656e-09 1.509465772330837322e-09 2.571779949621592239e-10 -1.650898115079183348e-10
-2.499456775430336928e-11 9.342096912465525170e-12 -2.329781316424790076e-11 -3.626861492291765813e-12 -1.522571957764100395e-11 -1.932016307413988615e-11 -1.100632389567333500e-11 -1.606070191597043940e-11 -8.562496001718909818e-13 2.215041430425836051e-11 2.050222343719583161e-11 4.082294619494925020e-12 -1.287895974236050614e-11 -3.002527056119303694e-11 -3.854930723778902841e-11 -5.095461720407246100e-11 -2.273665143157826901e-11 1.699566802653911058e-11 7.334535438785801370e-11 1.543023714133712116e-10 3.560778676764461936e-10 8.111214262678894421e-10 1.509465772330837322e-09 1.788264134201478818e-09 8.745660079059230237e-10 1.219197566035178949e-10
1.447356110315945856e-11 -9.301941331018095801e-12 -2.393095853269031593e-11 5.380383573900803169e-12 -2.568700631208106928e-12 6.461627593717681621e-12 -8.077162037175413855e-12 -3.399067971532262192e-12 -1.702063180655826854e-11 -5.755082171754090965e-12 -1.519805651778567803e-11 -3.940424781107014701e-13 1.181206363547482774e-11 -9.246596933782950068e-12 -1.804888746405171207e-11 -1.835229955873198452e-11 3.838364938302749540e-12 1.184251713488899054e-11 2.473714531821269792e-11 3.884540908713197415e-11 3.543463622723498789e-11 5.729216731332916646e-11 2.571779949621592239e-10 8.745660079059230237e-10 1.611305991636144863e-09 8.642313201661742878e-10
-1.433234791526077186e-11 -2.783729196384742021e-11 -1.179843850252503254e-11 1.538284211341175087e-12 -5.762787554031479310e-12 2.174075806421222029e-11 5.590786153750591236e-12 6.840189594823183365e-12 -6.151227147799560836e-12 -2.612325214332109434e-12 -6.371957482350572896e-12 7.281611892614763062e-12 9.813592686289674343e-12 -7.734738146250763848e-12 -2.364965068776567472e-12 -1.451166856054571480e-11 -3.033652879226011776e-11 -6.607209558797354901e-11 -1.106443582366624096e-10 -1.538424750897430180e-10 -2.139868217647190891e-10 -2.739965515608975927e-10 -1.650898115079183348e-10 1.219197566035178949e-10 8.642313201661742878e-10 1.478015516817273420e-09
