8.706970710430737999e-11 1.896352727404217627e-11 1.133279797730031818e-11 4.510697947710733815e-12 8.160012328798893820e-12 4.274663113978172626e-12 5.916206290599735116e-12 8.641118431744422515e-12 3.855541105339339961e-12 9.413952683602805011e-13 6.579468054429443653e-13 5.018439359741217156e-12 7.496509727150904433e-12 9.049578384757425907e-12 7.851938449977850378e-12 1.098883567048790887e-11 1.102517449671949149e-11 1.653502190177990915e-11 1.961601917313460693e-11 1.986553655229345055e-11 8.966351396421015326e-12 -1.625330195881146083e-11 -5.734287724391955460e-11 -5.295733119521960810e-11 -2.716653473376223745e-11 -1.735940829591269993e-11
1.896352727404217627e-11 6.295997923368590538e-11 1.709675757692625905e-11 9.379764813099069768e-12 8.548499254839690125e-12 2.302229048272369710e-12 4.632032412271695913e-12 8.872207349454510234e-12 8.977233111140922349e-12 7.595878707324550835e-12 4.396805182411927407e-12 4.078068437817335762e-12 9.447067949835367714e-12 1.637291306801903155e-11 2.015351059911143047e-11 2.397687132280180968e-11 3.023855921286921043e-11 3.664647128882993335e-11 2.954701501935123106e-11 1.917951546689062587e-11 -2.146824432777773781e-12 -2.782013208869023991e-11 -1.429072920654898680e-11 2.292983715010919989e-12 -1.234237685975651612e-11 -9.367415276493691673e-12
1.133279797730031818e-11 1.709675757692625905e-11 4.700175636974298546e-11 1.423421052596289527e-11 7.361412431982675452e-12 3.681913242107540870e-12 2.780330921075187388e-12 4.554903703975257988e-12 8.326236884469562123e-12 6.989426140779041114e-12 6.228047072346438755e-12 6.552848179984936560e-12 9.057231855819786344e-12 1.369653420250452963e-11 1.778885624316673008e-11 1.953222300287941234e-11 2.513044623452057386e-11 3.226945993822299874e-11 2.869728385218073171e-11 2.049370420520555201e-11 -5.952000587593379744e-12 -2.891752490969477464e-11 -3.017307816816924092e-11 -4.393256516733471004e-12 -1.779025835285622520e-12 -4.706647098463833398e-12
4.510697947710733815e-12 9.379764813099069768e-12 1.423421052596289527e-11 3.566460586976350716e-11 1.383941270672907656e-11 8.687481305654200750e-12 3.775410360509202622e-12 3.821984422388923180e-12 4.924331527185161118e-12 6.635932388333467410e-12 5.562672478853237898e-12 4.334833892603218331e-12 5.300909149955484306e-12 8.220404931576406166e-12 1.178415533903063338e-11 1.599831695388329540e-11 2.271735372172587379e-11 2.842003254590100813e-11 3.277625863979557599e-11 3.597217056416820207e-11 2.818860762960020183e-11 1.095944322155449492e-11 8.891790483116110269e-12 1.235155874074886980e-11 8.521033247914831511e-12 5.045026056364460619e-13
8.160012328798893820e-12 8.548499254839690125e-12 7.361412431982675452e-12 1.383941270672907656e-11 3.347571438158803702e-11 1.845194150847430169e-11 1.227778872590457774e-11 1.107276023521198884e-11 7.858632087841514119e-12 7.041082409104963093e-12 4.451753938440769050e-12 3.351958271395097212e-12 4.673783463117218386e-12 7.247288438810016414e-12 9.694568608069870616e-12 1.487203936076115018e-11 1.641467389233131335e-11 1.585425163027646229e-11 1.627724210098902228e-11 1.249790098978322938e-11 3.345442697051983504e-12 -4.842857162226705466e-12 -2.027818236573308761e-11 -2.434585469971006673e-11 6.442547753204895089e-14 -6.124919145965087321e-12
4.274663113978172626e-12 2.302229048272369710e-12 3.681913242107540870e-12 8.687481305654200750e-12 1.845194150847430169e-11 3.114792030751734813e-11 1.646943033256017454e-11 1.256629597709568953e-11 1.018429452535729901e-11 8.015281884110322933e-12 7.078002590968448897e-12 4.993540579098459887e-12 8.794368593332117496e-12 9.818480315258439903e-12 1.178645062528783551e-11 1.424278916163841350e-11 1.637010676019369177e-11 2.087655852330309674e-11 2.566672223276347535e-11 2.316962355111665506e-11 1.356669463423825567e-11 2.931712322392023893e-12 -1.743933725951703961e-11 -7.069983988530488128e-12 1.400870465661473933e-11 1.275084734024867070e-11
5.916206290599735116e-12 4.632032412271695913e-12 2.780330921075187388e-12 3.775410360509202622e-12 1.227778872590457774e-11 1.646943033256017454e-11 2.886598790302636010e-11 1.948437016310021869e-11 1.867272770977309009e-11 1.388508634735047797e-11 1.328550882416132421e-11 1.329354110655270242e-11 1.813740862732423613e-11 2.154526127404349300e-11 2.454113350945794926e-11 2.775314975552518056e-11 3.331843925281434947e-11 4.232818871597213592e-11 4.864889041171601873e-11 4.349546174538255255e-11 2.364766683684653190e-11 -6.473506769302307750e-12 -2.111215104504548021e-11 -1.148431369365010045e-11 -1.287133837026984949e-11 -1.206111145040930912e-11
8.641118431744422515e-12 8.872207349454510234e-12 4.554903703975257988e-12 3.821984422388923180e-12 1.107276023521198884e-11 1.256629597709568953e-11 1.948437016310021869e-11 3.002850454209353925e-11 2.629941472160973848e-11 1.997625317093932639e-11 1.715405230908397481e-11 1.633155907958120028e-11 1.940114085272800607e-11 2.263293017825362393e-11 2.698359801988955733e-11 3.279246830717962131e-11 3.911457628213940293e-11 4.570249848919788628e-11 5.199328668463521080e-11 5.135255420774683414e-11 3.069560030094065093e-11 -6.320853024528669620e-12 -1.942692282775878083e-11 -1.015812735087067559e-11 -1.014505922942941682e-11 2.150653913102005092e-12
3.855541105339339961e-12 8.977233111140922349e-12 8.326236884469562123e-12 4.924331527185161118e-12 7.858632087841514119e-12 1.018429452535729901e-11 1.867272770977309009e-11 2.629941472160973848e-11 3.970365361371714096e-11 3.360819971706281545e-11 2.988749356565006528e-11 2.790121645328541084e-11 3.011826229520284062e-11 3.612745620198429709e-11 4.168591389440063052e-11 4.678360813561979721e-11 5.372364357975090894e-11 6.287024548102100126e-11 7.082914949507558003e-11 6.989647106979783362e-11 4.430766479005417680e-11 -1.848451686136820517e-12 -1.126271574506378583e-11 -3.862795986780884966e-12 -2.089752012450730658e-11 -5.704823035933452859e-12
9.413952683602805011e-13 7.595878707324550835e-12 6.989426140779041114e-12 6.635932388333467410e-12 7.041082409104963093e-12 8.015281884110322933e-12 1.388508634735047797e-11 1.997625317093932639e-11 3.360819971706281545e-11 4.452632197744738911e-11 4.158652038049132958e-11 3.908311429596998930e-11 4.349958403843249531e-11 5.119714353627865905e-11 5.959372743428114105e-11 6.733768726695200485e-11 7.700948480602641212e-11 8.790006279504406264e-11 9.705781537467547567e-11 1.030771094013118823e-10 8.432144081499510821e-11 3.972144961373950503e-11 3.162343533060105452e-11 1.693369977220867327e-11 -1.310722581621423450e-11 -6.686311608032510333e-12
6.579468054429443653e-13 4.396805182411927407e-12 6.228047072346438755e-12 5.562672478853237898e-12 4.451753938440769050e-12 7.078002590968448897e-12 1.328550882416132421e-11 1.715405230908397481e-11 2.988749356565006528e-11 4.158652038049132958e-11 5.576536216310991264e-11 5.303944290884008252e-11 5.683798731937092113e-11 6.358084294492419884e-11 7.236536799530579477e-11 7.972915520691775910e-11 8.974965338228423456e-11 1.015328288205237745e-10 1.116678687206322381e-10 1.216077551926737684e-10 1.057865907999291989e-10 4.995843731817849655e-11 3.887666181665343774e-11 2.216164537029214187e-11 -1.226908823943646775e-11 -5.203010317105706349e-12
5.018439359741217156e-12 4.078068437817335762e-12 6.552848179984936560e-12 4.334833892603218331e-12 3.351958271395097212e-12 4.993540579098459887e-12 1.329354110655270242e-11 1.633155907958120028e-11 2.790121645328541084e-11 3.908311429596998930e-11 5.303944290884008252e-11 7.330746388216686786e-11 8.462401413471670705e-11 9.428265757493551532e-11 1.053620570957361685e-10 1.143825341750114223e-10 1.282927429001847009e-10 1.441627720063239707e-10 1.553104496890500051e-10 1.674135233911192388e-10 1.437657277953993320e-10 5.048530283014358695e-11 1.208949055338273283e-11 3.848600069704023406e-12 -9.622897550792371093e-13 3.477213547496685816e-13
7.496509727150904433e-12 9.447067949835367714e-12 9.057231855819786344e-12 5.300909149955484306e-12 4.673783463117218386e-12 8.794368593332117496e-12 1.813740862732423613e-11 1.940114085272800607e-11 3.011826229520284062e-11 4.349958403843249531e-11 5.683798731937092113e-11 8.462401413471670705e-11 1.195117125292208136e-10 1.360713029543889873e-10 1.517471124707539986e-10 1.650811450526595799e-10 1.853066075560387084e-10 2.077075037952819292e-10 2.194452215305899403e-10 2.283949071845307288e-10 1.819464505877553379e-10 4.410454575644253203e-11 -1.924873557078736554e-11 -1.469916205905281095e-11 1.175446067735756043e-11 7.320622517382293613e-12
9.049578384757425907e-12 1.637291306801903155e-11 1.369653420250452963e-11 8.220404931576406166e-12 7.247288438810016414e-12 9.818480315258439903e-12 2.154526127404349300e-11 2.263293017825362393e-11 3.612745620198429709e-11 5.119714353627865905e-11 6.358084294492419884e-11 9.428265757493551532e-11 1.360713029543889873e-10 1.800195454655092068e-10 2.083932619045593319e-10 2.284997345500165077e-10 2.559202213945358632e-10 2.865894586843231342e-10 3.052309633606312654e-10 3.204718284788033918e-10 2.580519044150637385e-10 7.639409317744174255e-11 -1.826150419908036831e-11 -3.133024734029433990e-11 -7.034783169083294062e-12 -5.764135749107431006e-12
7.851938449977850378e-12 2.015351059911143047e-11 1.778885624316673008e-11 1.178415533903063338e-11 9.694568608069870616e-12 1.178645062528783551e-11 2.454113350945794926e-11 2.698359801988955733e-11 4.168591389440063052e-11 5.959372743428114105e-11 7.236536799530579477e-11 1.053620570957361685e-10 1.517471124707539986e-10 2.083932619045593319e-10 2.738394583276780792e-10 3.158531095830250247e-10 3.601889152476690419e-10 4.040752984670519476e-10 4.346666726166979930e-10 4.663981856653135084e-10 3.923029984995766782e-10 1.457097608702890241e-10 8.517605232246207950e-13 -3.573083961174755668e-11 -1.468692327475935674e-11 -2.977926302023951823e-13
1.098883567048790887e-11 2.397687132280180968e-11 1.953222300287941234e-11 1.599831695388329540e-11 1.487203936076115018e-11 1.424278916163841350e-11 2.775314975552518056e-11 3.279246830717962131e-11 4.678360813561979721e-11 6.733768726695200485e-11 7.972915520691775910e-11 1.143825341750114223e-10 1.650811450526595799e-10 2.284997345500165077e-10 3.158531095830250247e-10 3.995009542064928040e-10 4.739368829717018516e-10 5.396253454936637384e-10 5.863987699258287435e-10 6.383646527658533160e-10 5.593995750935076198e-10 2.404698338572810930e-10 1.747242231494635042e-11 -4.997010200132178014e-11 -1.691034139176671555e-11 -1.369162824601879071e-11
1.102517449671949149e-11 3.023855921286921043e-11 2.513044623452057386e-11 2.271735372172587379e-11 1.641467389233131335e-11 1.637010676019369177e-11 3.331843925281434947e-11 3.911457628213940293e-11 5.372364357975090894e-11 7.700948480602641212e-11 8.974965338228423456e-11 1.282927429001847009e-10 1.853066075560387084e-10 2.559202213945358632e-10 3.601889152476690419e-10 4.739368829717018516e-10 6.217569702897241220e-10 7.464798922927197859e-10 8.231494652461741108e-10 8.991347623924316179e-10 8.086921636691125652e-10 4.083173903046223896e-10 8.519141316860490938e-11 -2.199117973900147120e-11 5.897492390694959985e-12 -2.871091201030419215e-11
1.653502190177990915e-11 3.664647128882993335e-11 3.226945993822299874e-11 2.842003254590100813e-11 1.585425163027646229e-11 2.087655852330309674e-11 4.232818871597213592e-11 4.570249848919788628e-11 6.287024548102100126e-11 8.790006279504406264e-11 1.015328288205237745e-10 1.441627720063239707e-10 2.077075037952819292e-10 2.865894586843231342e-10 4.040752984670519476e-10 5.396253454936637384e-10 7.464798922927197859e-10 9.772492147030651445e-10 1.123511321096956334e-09 1.252331783212294930e-09 1.177478686611579429e-09 6.930064160231684682e-10 2.098740553462500136e-10 1.703796960680682495e-11 1.320815689502580872e-11 -6.416188125465602514e-11
1.961601917313460693e-11 2.954701501935123106e-11 2.869728385218073171e-11 3.277625863979557599e-11 1.627724210098902228e-11 2.566672223276347535e-11 4.864889041171601873e-11 5.199328668463521080e-11 7.082914949507558003e-11 9.705781537467547567e-11 1.116678687206322381e-10 1.553104496890500051e-10 2.194452215305899403e-10 3.052309633606312654e-10 4.346666726166979930e-10 5.863987699258287435e-10 8.231494652461741108e-10 1.123511321096956334e-09 1.397258114256104244e-09 1.641633723529881877e-09 1.636895018613353038e-09 1.107305378041448347e-09 4.235944416515235418e-10 7.330851449669443964e-11 2.371346693513767211e-11 -1.102397957071730586e-10
1.986553655229345055e-11 1.917951546689062587e-11 2.049370420520555201e-11 3.597217056416820207e-11 1.249790098978322938e-11 2.316962355111665506e-11 4.349546174538255255e-11 5.135255420774683414e-11 6.989647106979783362e-11 1.030771094013118823e-10 1.216077551926737684e-10 1.674135233911192388e-10 2.283949071845307288e-10 3.204718284788033918e-10 4.663981856653135084e-10 6.383646527658533160e-10 8.991347623924316179e-10 1.252331783212294930e-09 1.641633723529881877e-09 2.104486857597517304e-09 2.264443490827915692e-09 1.720879264566986552e-09 7.901203828579480948e-10 1.519998563635785652e-10 3.764691777467986416e-11 -1.532136827814623654e-10
8.966351396421015326e-12 -2.146824432777773781e-12 -5.952000587593379744e-12 2.818860762960020183e-11 3.345442697051983504e-12 1.356669463423825567e-11 2.364766683684653190e-11 3.069560030094065093e-11 4.430766479005417680e-11 8.432144081499510821e-11 1.057865907999291989e-10 1.437657277953993320e-10 1.819464505877553379e-10 2.580519044150637385e-10 3.923029984995766782e-10 5.593995750935076198e-10 8.086921636691125652e-10 1.177478686611579429e-09 1.636895018613353038e-09 2.264443490827915692e-09 2.753308356966639784e-09 2.449520865689756198e-09 1.414421504491842835e-09 3.558313582970886081e-10 3.484910428091646290e-11 -2.140968252054348144e-10
-1.625330195881146083e-11 -2.782013208869023991e-11 -2.891752490969477464e-11 1.095944322155449492e-11 -4.842857162226705466e-12 2.931712322392023893e-12 -6.473506769302307750e-12 -6.320853024528669620e-12 -1.848451686136820517e-12 3.972144961373950503e-11 4.995843731817849655e-11 5.048530283014358695e-11 4.410454575644253203e-11 7.639409317744174255e-11 1.457097608702890241e-10 2.404698338572810930e-10 4.083173903046223896e-10 6.930064160231684682e-10 1.107305378041448347e-09 1.720879264566986552e-09 2.449520865689756198e-09 2.798045384304593278e-09 2.120655311309294964e-09 8.109169376624422287e-10 5.776205267691542654e-11 -2.735174710750763050e-10
-5.734287724391955460e-11 -1.429072920654898680e-11 -3.017307816816924092e-11 8.891790483116110269e-12 -2.027818236573308761e-11 -1.743933725951703961e-11 -2.111215104504548021e-11 -1.942692282775878083e-11 -1.126271574506378583e-11 3.162343533060105452e-11 3.887666181665343774e-11 1.208949055338273283e-11 -1.924873557078736554e-11 -1.826150419908036831e-11 8.517605232246207950e-13 1.747242231494635042e-11 8.519141316860490938e-11 2.098740553462500136e-10 4.235944416515235418e-10 7.901203828579480948e-10 1.414421504491842835e-09 2.120655311309294964e-09 2.386151827996398736e-09 1.508957478648471946e-09 2.569639164833028871e-10 -1.656779979103797994e-10
-5.295733119521960810e-11 2.292983715010919989e-12 -4.393256516733471004e-12 1.235155874074886980e-11 -2.434585469971006673e-11 -7.069983988530488128e-12 -1.148431369365010045e-11 -1.015812735087067559e-11 -3.862795986780884966e-12 1.693369977220867327e-11 2.216164537029214187e-11 3.848600069704023406e-12 -1.469916205905281095e-11 -3.133024734029433990e-11 -3.573083961174755668e-11 -4.997010200132178014e-11 -2.199117973900147120e-11 1.703796960680682495e-11 7.330851449669443964e-11 1.519998563635785652e-10 3.558313582970886081e-10 8.109169376624422287e-10 1.508957478648471946e-09 1.788616661147346021e-09 8.737582930088770496e-10 1.199785030419271784e-10
-2.716653473376223745e-11 -1.234237685975651612e-11 -1.779025835285622520e-12 8.521033247914831511e-12 6.442547753204895089e-14 1.400870465661473933e-11 -1.287133837026984949e-11 -1.014505922942941682e-11 -2.089752012450730658e-11 -1.310722581621423450e-11 -1.226908823943646775e-11 -9.622897550792371093e-13 1.175446067735756043e-11 -7.034783169083294062e-12 -1.468692327475935674e-11 -1.691034139176671555e-11 5.897492390694959985e-12 1.320815689502580872e-11 2.371346693513767211e-11 3.764691777467986416e-11 3.484910428091646290e-11 5.776205267691542654e-11 2.569639164833028871e-10 8.737582930088770496e-10 1.611249805681230439e-09 8.637853438256695897e-10
-1.735940829591269993e-11 -9.367415276493691673e-12 -4.706647098463833398e-12 5.045026056364460619e-13 -6.124919145965087321e-12 1.275084734024867070e-11 -1.206111145040930912e-11 2.150653913102005092e-12 -5.704823035933452859e-12 -6.686311608032510333e-12 -5.203010317105706349e-12 3.477213547496685816e-13 7.320622517382293613e-12 -5.764135749107431006e-12 -2.977926302023951823e-13 -1.369162824601879071e-11 -2.871091201030419215e-11 -6.416188125465602514e-11 -1.102397957071730586e-10 -1.532136827814623654e-10 -2.140968252054348144e-10 -2.735174710750763050e-10 -1.656779979103797994e-10 1.199785030419271784e-10 8.637853438256695897e-10 1.477745671119703870e-09
