6.900996227011232003e-11 1.148970328572371938e-11 3.529109718305231420e-12 -2.415298757491651887e-14 8.082031486132013657e-14 3.131866517227720165e-12 3.523645565023158250e-12 2.684408883457063509e-12 -8.028535511229499726e-13 -3.652002961380977589e-13 2.180656968948586846e-13 -4.998537649810089834e-12 -9.292476738937256745e-12 -9.240188528448850387e-12 -8.242498326966000622e-12 -4.502820389316015070e-12 -6.576742045189680263e-13 -1.790310873582194227e-13 -2.055135795906122463e-12 -3.690665125411555553e-12 -5.948093215528221172e-13 6.922304913960628202e-12 7.451494903407597382e-12 1.382182492621833504e-11 1.703967873483992854e-11 -6.367471839550693001e-13
1.148970328572371938e-11 5.571150432112270309e-11 1.533196344494905868e-11 6.874538764477790057e-12 4.189684250174668401e-12 4.268987377087028049e-12 3.812953746732211649e-12 1.123426150559257488e-12 -2.339507514671446722e-13 -7.140603961259213281e-13 -1.894706403692623973e-12 -1.048060806951873393e-12 -1.515145858683491542e-12 -2.006033456327017228e-15 1.225947177271234829e-12 2.867529442383386841e-12 6.595356119203904720e-12 3.110794547843283383e-12 3.079297329340851687e-12 6.193542862543043602e-12 5.692559607215139743e-12 7.979603043743931034e-12 1.089933561482872969e-11 1.187630746278897124e-11 1.044750736097661954e-11 4.111457410780909522e-12
3.529109718305231420e-12 1.533196344494905868e-11 4.162392219813463327e-11 1.266737731887155835e-11 4.942718970257513823e-12 5.725855365692517052e-12 5.330713690478036523e-12 1.345115902378777454e-12 6.202498431431976079e-13 2.347606706466978449e-12 2.902950683804897626e-12 2.190351155709080741e-12 1.557112380941123951e-12 1.802313055913874440e-12 1.527124988516282169e-12 2.427144073614839642e-12 3.739106440664546416e-12 6.262644207996628078e-13 -8.061870235330318576e-13 2.320828273073273434e-13 2.984078254878538125e-12 3.526184690902987219e-12 8.561557926024798561e-12 8.526546484472055936e-12 7.459649583714591488e-12 4.012075514505062217e-12
-2.415298757491651887e-14 6.874538764477790057e-12 1.266737731887155835e-11 3.194900482132148908e-11 1.290928587351018901e-11 8.505303142529374358e-12 5.998359266187728163e-12 3.117840724880326176e-12 2.447227540534082792e-12 1.021048253363962177e-12 2.329405847012920243e-12 1.193908565732469047e-12 6.574013616591990638e-13 1.578341826628789269e-12 3.079092635719539238e-12 3.038310232549515422e-12 3.404554024398203051e-12 2.645663981113534115e-12 5.297145636894046790e-12 8.317341491063409089e-12 9.181114916981174482e-12 1.209995820050179717e-11 9.531592828089192629e-12 4.019684665369360660e-12 4.526890518073290737e-12 9.183088030297287940e-12
8.082031486132013657e-14 4.189684250174668401e-12 4.942718970257513823e-12 1.290928587351018901e-11 2.483663349509780151e-11 1.350454915561866729e-11 9.577034391093796178e-12 5.823600848157616775e-12 4.912274300668511466e-12 4.104646481278237305e-12 3.227128739536962027e-12 2.195959425514216279e-12 8.907577180247803323e-13 5.024322013500913070e-13 4.427134474280917209e-13 8.767570087429138350e-13 2.716222838745669312e-12 1.747833477943286558e-12 2.000953625761610336e-12 5.511996785922022223e-12 8.330251281804099237e-12 9.366688588756861297e-12 6.354973968499712434e-12 -4.145487812601447451e-12 -3.765674947943749437e-13 9.080400368129242524e-12
3.131866517227720165e-12 4.268987377087028049e-12 5.725855365692517052e-12 8.505303142529374358e-12 1.350454915561866729e-11 2.329250784417307768e-11 1.316302870048116381e-11 8.913168552304570471e-12 7.416517291425342013e-12 4.597733927626222798e-12 3.101800287708303844e-12 1.954240019025248561e-12 2.055753844298387624e-12 5.333951776111417845e-13 1.849026042317090723e-12 2.943652861595211751e-12 3.011303374384808484e-12 1.562663218244343914e-13 -1.159791623921091704e-12 1.202012825469331758e-12 2.956480369959953141e-12 3.938217643429210844e-12 9.740087998349886969e-13 -5.996324569913941725e-12 3.621110802357265790e-12 9.290057208623792578e-12
3.523645565023158250e-12 3.812953746732211649e-12 5.330713690478036523e-12 5.998359266187728163e-12 9.577034391093796178e-12 1.316302870048116381e-11 2.123468519689286478e-11 1.387185253689644407e-11 1.047056108299657509e-11 7.202863484296642770e-12 4.613746908157305056e-12 3.271485379780836140e-12 1.784032474510198851e-12 1.605138559743735590e-12 2.895925383454603263e-12 6.252687363198321564e-12 8.169051148911818933e-12 6.638878101843154087e-12 7.278516768680938418e-12 9.671644839402504645e-12 1.071273926449935555e-11 8.419508020355254449e-12 4.811921839107903208e-12 -1.182673101453498731e-12 2.617803602501094957e-12 1.289236090605179707e-12
2.684408883457063509e-12 1.123426150559257488e-12 1.345115902378777454e-12 3.117840724880326176e-12 5.823600848157616775e-12 8.913168552304570471e-12 1.387185253689644407e-11 2.163650063061339072e-11 1.538605275967822544e-11 1.122544335474221453e-11 8.373851207492827559e-12 7.290317726093781448e-12 4.890017896748962288e-12 3.865119578789767306e-12 3.828180090814703759e-12 7.131085932397246533e-12 1.020026315304255709e-11 9.001712030994308074e-12 1.066977689906381494e-11 1.185797468028594875e-11 1.051063267154389758e-11 4.968079762612298892e-12 -1.509766495657655534e-12 -7.513046739930833319e-12 -5.511284983440698759e-12 -1.069416797256016000e-11
-8.028535511229499726e-13 -2.339507514671446722e-13 6.202498431431976079e-13 2.447227540534082792e-12 4.912274300668511466e-12 7.416517291425342013e-12 1.047056108299657509e-11 1.538605275967822544e-11 2.311984801484672831e-11 1.636992608708171042e-11 1.214941891185446462e-11 1.089379570284283986e-11 7.980015762281997657e-12 7.458202860697709461e-12 6.030898227552612995e-12 6.929979415371343821e-12 1.007136423776486585e-11 8.238890490666707620e-12 8.604459189598097385e-12 8.229775606394894523e-12 5.052431370925831042e-12 1.909990375071392631e-12 1.342704496447963359e-12 -3.145595689111053171e-12 -5.821670367979993989e-12 -5.169974638598461404e-12
-3.652002961380977589e-13 -7.140603961259213281e-13 2.347606706466978449e-12 1.021048253363962177e-12 4.104646481278237305e-12 4.597733927626222798e-12 7.202863484296642770e-12 1.122544335474221453e-11 1.636992608708171042e-11 2.112952952022785415e-11 1.694319314350718959e-11 1.324139935925621177e-11 1.054041832264325245e-11 9.448256232067926546e-12 7.983313136514552869e-12 9.047101942107959851e-12 1.077315100229786106e-11 9.427879031027281678e-12 9.049460065776384989e-12 9.668969856439196022e-12 7.692308667996741995e-12 1.620409321892578468e-12 -1.958173155031361747e-12 -7.258817069450291679e-12 -5.213511252474851672e-12 -9.736366027978238118e-12
2.180656968948586846e-13 -1.894706403692623973e-12 2.902950683804897626e-12 2.329405847012920243e-12 3.227128739536962027e-12 3.101800287708303844e-12 4.613746908157305056e-12 8.373851207492827559e-12 1.214941891185446462e-11 1.694319314350718959e-11 2.298176241692970585e-11 1.932209236120508093e-11 1.512589125619452478e-11 1.352132868957525131e-11 1.226766513943708573e-11 1.265132602892766368e-11 1.297326007350235117e-11 1.265694344800652336e-11 1.252752026607310406e-11 1.295645633564483403e-11 9.219376259620364269e-12 -2.204276062508269103e-12 -7.567067367563653246e-12 -1.184078851469475132e-11 -8.032679629589548868e-12 -7.235689535579873050e-12
-4.998537649810089834e-12 -1.048060806951873393e-12 2.190351155709080741e-12 1.193908565732469047e-12 2.195959425514216279e-12 1.954240019025248561e-12 3.271485379780836140e-12 7.290317726093781448e-12 1.089379570284283986e-11 1.324139935925621177e-11 1.932209236120508093e-11 2.843500582629301177e-11 2.635332963917565925e-11 2.385637546194753703e-11 2.118766710146985539e-11 1.953293704587231713e-11 1.854013094078477604e-11 1.734822911049722789e-11 1.662949493840427772e-11 1.816415971005763318e-11 1.185260398345035241e-11 -2.641404681893264707e-12 -3.648454262296162084e-12 -7.164419584578607340e-12 -8.714083188039095765e-12 -3.836710706095616836e-12
-9.292476738937256745e-12 -1.515145858683491542e-12 1.557112380941123951e-12 6.574013616591990638e-13 8.907577180247803323e-13 2.055753844298387624e-12 1.784032474510198851e-12 4.890017896748962288e-12 7.980015762281997657e-12 1.054041832264325245e-11 1.512589125619452478e-11 2.635332963917565925e-11 3.677916988148869655e-11 3.524606664432635239e-11 3.205972624218649617e-11 2.999517563084858307e-11 2.863810376953954720e-11 2.896635816347559685e-11 2.888516963809963848e-11 2.989833210605183905e-11 1.866385897189875349e-11 -5.072057250575148339e-12 -5.599236677955363634e-12 -1.622463422232254169e-12 -8.889720573879442233e-12 -7.910372572901960804e-12
-9.240188528448850387e-12 -2.006033456327017228e-15 1.802313055913874440e-12 1.578341826628789269e-12 5.024322013500913070e-13 5.333951776111417845e-13 1.605138559743735590e-12 3.865119578789767306e-12 7.458202860697709461e-12 9.448256232067926546e-12 1.352132868957525131e-11 2.385637546194753703e-11 3.524606664432635239e-11 4.704331374052809854e-11 4.815091106754301188e-11 4.762223129190210685e-11 4.672146987803302328e-11 4.732184765510462507e-11 4.863121512845917932e-11 5.079135719130894394e-11 3.796445915770628710e-11 2.148336460646925283e-12 -4.488226718729758789e-12 -5.162523172334856897e-13 -6.801332374544766540e-12 -4.984269454856312966e-12
-8.242498326966000622e-12 1.225947177271234829e-12 1.527124988516282169e-12 3.079092635719539238e-12 4.427134474280917209e-13 1.849026042317090723e-12 2.895925383454603263e-12 3.828180090814703759e-12 6.030898227552612995e-12 7.983313136514552869e-12 1.226766513943708573e-11 2.118766710146985539e-11 3.205972624218649617e-11 4.815091106754301188e-11 6.455574882297964244e-11 6.881157275097422909e-11 6.867296301658899566e-11 6.973794120166889858e-11 7.155020724752207339e-11 7.703649838894159793e-11 6.400804657347253478e-11 1.399914772635568286e-11 -3.547653981779225764e-12 -3.659950522994264598e-12 -4.805012366464514401e-12 -3.216127987460641873e-12
-4.502820389316015070e-12 2.867529442383386841e-12 2.427144073614839642e-12 3.038310232549515422e-12 8.767570087429138350e-13 2.943652861595211751e-12 6.252687363198321564e-12 7.131085932397246533e-12 6.929979415371343821e-12 9.047101942107959851e-12 1.265132602892766368e-11 1.953293704587231713e-11 2.999517563084858307e-11 4.762223129190210685e-11 6.881157275097422909e-11 8.931178970166390822e-11 9.587508167998213590e-11 1.000237793845877364e-10 1.042474862627200959e-10 1.136922408489754107e-10 1.027888409710851757e-10 4.115720903280539614e-11 6.801052044855552893e-12 5.605897799411944979e-13 -6.242733269056775426e-12 -8.443125003015447880e-12
-6.576742045189680263e-13 6.595356119203904720e-12 3.739106440664546416e-12 3.404554024398203051e-12 2.716222838745669312e-12 3.011303374384808484e-12 8.169051148911818933e-12 1.020026315304255709e-11 1.007136423776486585e-11 1.077315100229786106e-11 1.297326007350235117e-11 1.854013094078477604e-11 2.863810376953954720e-11 4.672146987803302328e-11 6.867296301658899566e-11 9.587508167998213590e-11 1.196332931804347803e-10 1.294888378151638279e-10 1.364561481298572353e-10 1.501488868963745387e-10 1.399435633376769999e-10 6.806409527275312708e-11 1.491519328797561417e-11 3.367465147492219832e-12 -9.595093922898769299e-12 -1.414856516787466197e-11
-1.790310873582194227e-13 3.110794547843283383e-12 6.262644207996628078e-13 2.645663981113534115e-12 1.747833477943286558e-12 1.562663218244343914e-13 6.638878101843154087e-12 9.001712030994308074e-12 8.238890490666707620e-12 9.427879031027281678e-12 1.265694344800652336e-11 1.734822911049722789e-11 2.896635816347559685e-11 4.732184765510462507e-11 6.973794120166889858e-11 1.000237793845877364e-10 1.294888378151638279e-10 1.614105535962807354e-10 1.781801838340531727e-10 1.951349165247589571e-10 1.845993436060973391e-10 1.021870341488709698e-10 2.447105761920482067e-11 6.630971312822557946e-12 -1.435906877738557336e-11 -1.860019645012581003e-11
-2.055135795906122463e-12 3.079297329340851687e-12 -8.061870235330318576e-13 5.297145636894046790e-12 2.000953625761610336e-12 -1.159791623921091704e-12 7.278516768680938418e-12 1.066977689906381494e-11 8.604459189598097385e-12 9.049460065776384989e-12 1.252752026607310406e-11 1.662949493840427772e-11 2.888516963809963848e-11 4.863121512845917932e-11 7.155020724752207339e-11 1.042474862627200959e-10 1.364561481298572353e-10 1.781801838340531727e-10 2.216864153130880339e-10 2.527304131908488834e-10 2.465613249308583332e-10 1.576168662283144712e-10 5.106437315384364521e-11 1.671058678704371735e-11 -1.194517769209842635e-11 -2.026761631735753729e-11
-3.690665125411555553e-12 6.193542862543043602e-12 2.320828273073273434e-13 8.317341491063409089e-12 5.511996785922022223e-12 1.202012825469331758e-12 9.671644839402504645e-12 1.185797468028594875e-11 8.229775606394894523e-12 9.668969856439196022e-12 1.295645633564483403e-11 1.816415971005763318e-11 2.989833210605183905e-11 5.079135719130894394e-11 7.703649838894159793e-11 1.136922408489754107e-10 1.501488868963745387e-10 1.951349165247589571e-10 2.527304131908488834e-10 3.288526122420844255e-10 3.478552610343274776e-10 2.573097835921924545e-10 1.178762989611287929e-10 3.677093696118762978e-11 -4.271808168370087924e-12 -1.862803060573194006e-11
-5.948093215528221172e-13 5.692559607215139743e-12 2.984078254878538125e-12 9.181114916981174482e-12 8.330251281804099237e-12 2.956480369959953141e-12 1.071273926449935555e-11 1.051063267154389758e-11 5.052431370925831042e-12 7.692308667996741995e-12 9.219376259620364269e-12 1.185260398345035241e-11 1.866385897189875349e-11 3.796445915770628710e-11 6.400804657347253478e-11 1.027888409710851757e-10 1.399435633376769999e-10 1.845993436060973391e-10 2.465613249308583332e-10 3.478552610343274776e-10 4.407018254470823848e-10 3.954339530146467827e-10 2.395097704867835298e-10 7.017729189207261205e-11 -6.458999980777082540e-12 -2.018519145257482419e-11
6.922304913960628202e-12 7.979603043743931034e-12 3.526184690902987219e-12 1.209995820050179717e-11 9.366688588756861297e-12 3.938217643429210844e-12 8.419508020355254449e-12 4.968079762612298892e-12 1.909990375071392631e-12 1.620409321892578468e-12 -2.204276062508269103e-12 -2.641404681893264707e-12 -5.072057250575148339e-12 2.148336460646925283e-12 1.399914772635568286e-11 4.115720903280539614e-11 6.806409527275312708e-11 1.021870341488709698e-10 1.576168662283144712e-10 2.573097835921924545e-10 3.954339530146467827e-10 4.836097783483394162e-10 3.855675503755709015e-10 1.499644890953990938e-10 3.793160005007641533e-12 -1.354257546608474313e-11
7.451494903407597382e-12 1.089933561482872969e-11 8.561557926024798561e-12 9.531592828089192629e-12 6.354973968499712434e-12 9.740087998349886969e-13 4.811921839107903208e-12 -1.509766495657655534e-12 1.342704496447963359e-12 -1.958173155031361747e-12 -7.567067367563653246e-12 -3.648454262296162084e-12 -5.599236677955363634e-12 -4.488226718729758789e-12 -3.547653981779225764e-12 6.801052044855552893e-12 1.491519328797561417e-11 2.447105761920482067e-11 5.106437315384364521e-11 1.178762989611287929e-10 2.395097704867835298e-10 3.855675503755709015e-10 4.470550979706655964e-10 2.754380904462111077e-10 5.826246178789048331e-11 9.647726731363759609e-12
1.382182492621833504e-11 1.187630746278897124e-11 8.526546484472055936e-12 4.019684665369360660e-12 -4.145487812601447451e-12 -5.996324569913941725e-12 -1.182673101453498731e-12 -7.513046739930833319e-12 -3.145595689111053171e-12 -7.258817069450291679e-12 -1.184078851469475132e-11 -7.164419584578607340e-12 -1.622463422232254169e-12 -5.162523172334856897e-13 -3.659950522994264598e-12 5.605897799411944979e-13 3.367465147492219832e-12 6.630971312822557946e-12 1.671058678704371735e-11 3.677093696118762978e-11 7.017729189207261205e-11 1.499644890953990938e-10 2.754380904462111077e-10 3.465328171263021645e-10 1.932674266271426161e-10 3.894734709069283071e-11
1.703967873483992854e-11 1.044750736097661954e-11 7.459649583714591488e-12 4.526890518073290737e-12 -3.765674947943749437e-13 3.621110802357265790e-12 2.617803602501094957e-12 -5.511284983440698759e-12 -5.821670367979993989e-12 -5.213511252474851672e-12 -8.032679629589548868e-12 -8.714083188039095765e-12 -8.889720573879442233e-12 -6.801332374544766540e-12 -4.805012366464514401e-12 -6.242733269056775426e-12 -9.595093922898769299e-12 -1.435906877738557336e-11 -1.194517769209842635e-11 -4.271808168370087924e-12 -6.458999980777082540e-12 3.793160005007641533e-12 5.826246178789048331e-11 1.932674266271426161e-10 2.996440849974274793e-10 1.590101851302576034e-10
-6.367471839550693001e-13 4.111457410780909522e-12 4.012075514505062217e-12 9.183088030297287940e-12 9.080400368129242524e-12 9.290057208623792578e-12 1.289236090605179707e-12 -1.069416797256016000e-11 -5.169974638598461404e-12 -9.736366027978238118e-12 -7.235689535579873050e-12 -3.836710706095616836e-12 -7.910372572901960804e-12 -4.984269454856312966e-12 -3.216127987460641873e-12 -8.443125003015447880e-12 -1.414856516787466197e-11 -1.860019645012581003e-11 -2.026761631735753729e-11 -1.862803060573194006e-11 -2.018519145257482419e-11 -1.354257546608474313e-11 9.647726731363759609e-12 3.894734709069283071e-11 1.590101851302576034e-10 3.354229259380058239e-10
