7.308656211977268538e-11 1.521982792371895916e-11 5.428637920522397626e-12 2.536884034750666415e-12 -1.858795802470560404e-12 4.287940359741013596e-12 2.423930944583159589e-12 2.865829196508738479e-12 -7.689242150820645047e-13 7.255642036412592461e-13 -1.366190551547294824e-12 -2.624228785136203085e-12 -3.107436501509728547e-12 -6.269767660081155984e-12 -4.621851260426598753e-12 2.296522971740395532e-12 4.465823637213107397e-12 2.830960057485595504e-12 -2.872466849093464955e-12 -6.297148389335345717e-12 -1.474244656098791595e-11 -2.374365129276569612e-11 -2.844424300137297854e-11 -2.784919151074308056e-11 -1.379567365575281539e-11 -3.838643915022321000e-12
1.521982792371895916e-11 5.738426338485509082e-11 1.434361287432717395e-11 5.876500592635052210e-12 3.890650083693845377e-12 5.184790782928068765e-12 4.397599318393156761e-12 2.848312881226707933e-12 2.521385983077959622e-12 9.723838480421157378e-13 5.305843219741554666e-13 3.961953153830712087e-12 4.382402717623892693e-12 4.472080294803591449e-12 4.327953815858882928e-12 5.229373331800312665e-12 6.393328805419008721e-12 7.848404522806691577e-12 1.469556386079751957e-11 1.998489607293789846e-11 8.675084724055852221e-12 3.907544983068911578e-12 -4.070109588031256017e-12 -7.271318241344199872e-12 -8.708173112896052927e-12 -9.451304626148759769e-12
5.428637920522397626e-12 1.434361287432717395e-11 4.474322532865497378e-11 1.370104474998824566e-11 5.639973642344206278e-12 7.045681607801137972e-12 3.671177920519146595e-12 1.537198797495692790e-12 7.145982384714244696e-13 2.269181978333582862e-12 -1.027812124819834423e-12 2.299238783040852598e-12 5.048905883259033074e-12 3.762513671497088410e-12 3.353209942056825278e-12 1.425955126512960725e-12 2.173185584446248128e-12 4.473918729186811986e-13 2.549306665029897836e-12 8.726926521551660799e-12 9.845729013463245087e-12 1.683005471504045468e-11 3.032932465241756753e-11 3.340878051175657712e-11 1.481185421069984228e-11 3.219035755932776798e-12
2.536884034750666415e-12 5.876500592635052210e-12 1.370104474998824566e-11 3.572704400291497346e-11 1.356345988289267061e-11 1.103204589406779153e-11 5.277497570701794138e-12 2.942250975531044366e-12 7.222363198248384634e-13 1.435341011906136221e-12 6.592794954928130096e-13 1.940842214565700314e-12 1.204301910850660344e-12 4.166241698190909349e-13 1.139211472164125969e-12 2.098986677247384520e-12 4.176064598956553773e-12 2.957531186729984615e-12 5.815244823558146368e-12 9.848868090379963320e-12 1.285009625368512537e-11 1.742872282683255412e-11 2.092857536043780664e-11 1.518642605281834782e-11 1.998803915696705274e-13 -2.111446126410713358e-12
-1.858795802470560404e-12 3.890650083693845377e-12 5.639973642344206278e-12 1.356345988289267061e-11 2.733819487907026685e-11 1.292019667783847221e-11 6.281591528608036793e-12 3.684408442370445461e-12 2.518521582436971827e-12 3.242877693586043041e-12 1.726622946418162600e-12 3.218122599629737630e-12 1.265844516944881644e-12 9.874513470726598844e-13 2.323462078058328925e-12 3.379201955480526240e-12 7.008757090660752895e-12 1.067494238017254728e-11 1.508971158124461791e-11 1.749222249710774621e-11 1.792827510761394149e-11 9.860759292702896253e-12 2.200568699607692974e-13 3.497463768963463163e-13 -3.063272507847634316e-14 -6.266022314870238097e-12
4.287940359741013596e-12 5.184790782928068765e-12 7.045681607801137972e-12 1.103204589406779153e-11 1.292019667783847221e-11 2.445424677856674796e-11 1.541579317876021030e-11 1.144019173065901049e-11 5.758430030943096150e-12 6.829925238210277370e-12 5.980937839036710659e-12 5.366959666650464946e-12 4.202402451660764349e-12 2.800660203072337433e-12 3.930430192029057355e-12 7.403491042951109921e-12 1.166040453464803924e-11 1.357472674266401585e-11 1.701925639133375500e-11 2.031273147179617405e-11 2.263524210730391311e-11 1.770146647937684050e-11 8.202238205656657823e-12 3.413044331695825249e-13 9.383724650020972526e-12 -7.489829392342065147e-12
2.423930944583159589e-12 4.397599318393156761e-12 3.671177920519146595e-12 5.277497570701794138e-12 6.281591528608036793e-12 1.541579317876021030e-11 2.521397262020171686e-11 1.898282635807319243e-11 1.312316212023436814e-11 1.167688272248126874e-11 9.987261146857870285e-12 8.340893185282724029e-12 8.569938826559006306e-12 7.730870532736023770e-12 1.022383667801925476e-11 1.251751323399852215e-11 1.475838206958393473e-11 1.668164404569636820e-11 1.998346589941591267e-11 2.085990392359461837e-11 1.954469813916832580e-11 1.338971368339980142e-11 1.046106039024339991e-11 4.091508603513837192e-12 8.662307525832410932e-12 4.218773744469870232e-12
2.865829196508738479e-12 2.848312881226707933e-12 1.537198797495692790e-12 2.942250975531044366e-12 3.684408442370445461e-12 1.144019173065901049e-11 1.898282635807319243e-11 2.839685728918248928e-11 2.082932170370982439e-11 1.578429240833410534e-11 1.377169314280375612e-11 1.127734138081200976e-11 1.196692170733383686e-11 1.352015190461579160e-11 1.510882833951610674e-11 1.810121155161794332e-11 2.256741253155279002e-11 2.730681668516635251e-11 2.935028426697758001e-11 2.987744210502239952e-11 2.542436233387677066e-11 1.433942666391715478e-11 1.013395184343135543e-11 7.780654152710539140e-12 1.699314030897013498e-11 7.622779019013224782e-12
-7.689242150820645047e-13 2.521385983077959622e-12 7.145982384714244696e-13 7.222363198248384634e-13 2.518521582436971827e-12 5.758430030943096150e-12 1.312316212023436814e-11 2.082932170370982439e-11 3.046399648509852932e-11 2.515931706224367074e-11 2.147862244136989968e-11 1.924674902415583755e-11 2.030890529107026566e-11 2.286756258829656345e-11 2.522771066609458376e-11 2.675531838425623124e-11 3.032824842981337009e-11 3.564984874130885136e-11 4.259819667666492119e-11 4.820709287132729583e-11 5.102795737385333208e-11 3.686699084376249989e-11 2.462019574033248453e-11 1.111736166166111239e-11 8.387585829342443984e-12 8.492515153195305682e-12
7.255642036412592461e-13 9.723838480421157378e-13 2.269181978333582862e-12 1.435341011906136221e-12 3.242877693586043041e-12 6.829925238210277370e-12 1.167688272248126874e-11 1.578429240833410534e-11 2.515931706224367074e-11 3.312725789401382633e-11 2.902112182914758142e-11 2.653447936225148865e-11 2.771249778115351495e-11 3.003300617609746803e-11 3.315025556365234823e-11 3.575121956011156622e-11 4.006483559042641984e-11 4.393341959143583096e-11 4.896337149511868045e-11 5.391698617022173532e-11 5.479955442779975234e-11 4.014220633326652271e-11 3.447844498285498292e-11 2.392550368959765197e-11 9.688459409991067257e-12 -4.400060608620625198e-12
-1.366190551547294824e-12 5.305843219741554666e-13 -1.027812124819834423e-12 6.592794954928130096e-13 1.726622946418162600e-12 5.980937839036710659e-12 9.987261146857870285e-12 1.377169314280375612e-11 2.147862244136989968e-11 2.902112182914758142e-11 3.695518897307048489e-11 3.606844983115159738e-11 3.668481659527808273e-11 4.019680772770817534e-11 4.257328363188072683e-11 4.438347928309094337e-11 4.945341014377333361e-11 5.419674103579788580e-11 5.861204183924365935e-11 6.467569364715211119e-11 6.327890781718553970e-11 4.255406434456723265e-11 2.820446315661695998e-11 1.874044013839768538e-11 1.950338265282845359e-11 -6.532906233664679476e-12
-2.624228785136203085e-12 3.961953153830712087e-12 2.299238783040852598e-12 1.940842214565700314e-12 3.218122599629737630e-12 5.366959666650464946e-12 8.340893185282724029e-12 1.127734138081200976e-11 1.924674902415583755e-11 2.653447936225148865e-11 3.606844983115159738e-11 5.184223420139130095e-11 5.445653926252840898e-11 5.803404360797245098e-11 6.168804515742587167e-11 6.419607307776367270e-11 7.036077407511075014e-11 7.641245609916015672e-11 8.216796581572374147e-11 8.997802914607363573e-11 8.573402786827622720e-11 5.351932704068704877e-11 4.027558872247205942e-11 2.304417361123146563e-11 3.106568489240710818e-12 -1.711904896189964908e-11
-3.107436501509728547e-12 4.382402717623892693e-12 5.048905883259033074e-12 1.204301910850660344e-12 1.265844516944881644e-12 4.202402451660764349e-12 8.569938826559006306e-12 1.196692170733383686e-11 2.030890529107026566e-11 2.771249778115351495e-11 3.668481659527808273e-11 5.445653926252840898e-11 7.216305120753720820e-11 7.970416507965371937e-11 8.448643488586222066e-11 8.831436666329952816e-11 9.546378668448632213e-11 1.036110450759783427e-10 1.117207373829096041e-10 1.221272188856738422e-10 1.132320088637248594e-10 6.272130971332349595e-11 4.156931281092732964e-11 2.598149274180156512e-11 1.552112547417601455e-11 -6.540806568588904671e-12
-6.269767660081155984e-12 4.472080294803591449e-12 3.762513671497088410e-12 4.166241698190909349e-13 9.874513470726598844e-13 2.800660203072337433e-12 7.730870532736023770e-12 1.352015190461579160e-11 2.286756258829656345e-11 3.003300617609746803e-11 4.019680772770817534e-11 5.803404360797245098e-11 7.970416507965371937e-11 1.095417117983409503e-10 1.212628648080651686e-10 1.294851762661692121e-10 1.408791255089782038e-10 1.558154241821404982e-10 1.692792282801148944e-10 1.797964199306757928e-10 1.582861369642630476e-10 7.103868156819322129e-11 2.022580649505407732e-11 3.052531306321901570e-12 1.173093272833124286e-11 -5.428906608760292420e-12
-4.621851260426598753e-12 4.327953815858882928e-12 3.353209942056825278e-12 1.139211472164125969e-12 2.323462078058328925e-12 3.930430192029057355e-12 1.022383667801925476e-11 1.510882833951610674e-11 2.522771066609458376e-11 3.315025556365234823e-11 4.257328363188072683e-11 6.168804515742587167e-11 8.448643488586222066e-11 1.212628648080651686e-10 1.592737059716342869e-10 1.810997002802317130e-10 2.026264398584627691e-10 2.246058705263446858e-10 2.439104093531994633e-10 2.584040716293920460e-10 2.382759608544273450e-10 1.238165194962231217e-10 4.500812184930658488e-11 4.771898201202885061e-13 -3.112339630947151359e-12 -4.411013724186863113e-13
2.296522971740395532e-12 5.229373331800312665e-12 1.425955126512960725e-12 2.098986677247384520e-12 3.379201955480526240e-12 7.403491042951109921e-12 1.251751323399852215e-11 1.810121155161794332e-11 2.675531838425623124e-11 3.575121956011156622e-11 4.438347928309094337e-11 6.419607307776367270e-11 8.831436666329952816e-11 1.294851762661692121e-10 1.810997002802317130e-10 2.319104971646276824e-10 2.748575589059704646e-10 3.100922984204822530e-10 3.361500980390113003e-10 3.547491393037545150e-10 3.347015923521520153e-10 1.803075036788566421e-10 6.196023599160936972e-11 -3.590210121695005091e-12 -1.185584206018906586e-11 -1.252767364076886365e-11
4.465823637213107397e-12 6.393328805419008721e-12 2.173185584446248128e-12 4.176064598956553773e-12 7.008757090660752895e-12 1.166040453464803924e-11 1.475838206958393473e-11 2.256741253155279002e-11 3.032824842981337009e-11 4.006483559042641984e-11 4.945341014377333361e-11 7.036077407511075014e-11 9.546378668448632213e-11 1.408791255089782038e-10 2.026264398584627691e-10 2.748575589059704646e-10 3.609141217956646612e-10 4.274218740708398431e-10 4.712570030635006829e-10 5.036254598301834261e-10 4.807153900906489751e-10 2.671386012526799293e-10 8.703475185458578304e-11 -4.729113798140975392e-12 -2.158774892235143085e-11 -3.700881857861516440e-11
2.830960057485595504e-12 7.848404522806691577e-12 4.473918729186811986e-13 2.957531186729984615e-12 1.067494238017254728e-11 1.357472674266401585e-11 1.668164404569636820e-11 2.730681668516635251e-11 3.564984874130885136e-11 4.393341959143583096e-11 5.419674103579788580e-11 7.641245609916015672e-11 1.036110450759783427e-10 1.558154241821404982e-10 2.246058705263446858e-10 3.100922984204822530e-10 4.274218740708398431e-10 5.594828844786536455e-10 6.509255599852062017e-10 7.155974699139855103e-10 6.985246009032258091e-10 4.358529737863215381e-10 1.699534952332871890e-10 1.699828042401797302e-11 -4.149992097206274233e-11 -7.882496203403185238e-11
-2.872466849093464955e-12 1.469556386079751957e-11 2.549306665029897836e-12 5.815244823558146368e-12 1.508971158124461791e-11 1.701925639133375500e-11 1.998346589941591267e-11 2.935028426697758001e-11 4.259819667666492119e-11 4.896337149511868045e-11 5.861204183924365935e-11 8.216796581572374147e-11 1.117207373829096041e-10 1.692792282801148944e-10 2.439104093531994633e-10 3.361500980390113003e-10 4.712570030635006829e-10 6.509255599852062017e-10 8.354180074293910994e-10 9.805151856230723456e-10 1.003725878282768351e-09 7.134088336064579223e-10 3.254221000785324204e-10 5.482524996469326015e-11 -4.788204102423882420e-11 -1.036243288326487326e-10
-6.297148389335345717e-12 1.998489607293789846e-11 8.726926521551660799e-12 9.848868090379963320e-12 1.749222249710774621e-11 2.031273147179617405e-11 2.085990392359461837e-11 2.987744210502239952e-11 4.820709287132729583e-11 5.391698617022173532e-11 6.467569364715211119e-11 8.997802914607363573e-11 1.221272188856738422e-10 1.797964199306757928e-10 2.584040716293920460e-10 3.547491393037545150e-10 5.036254598301834261e-10 7.155974699139855103e-10 9.805151856230723456e-10 1.267778531849323773e-09 1.398249446262497763e-09 1.122840890201111033e-09 6.014545530190458977e-10 1.282050445614643999e-10 -5.444837399179309690e-11 -1.441984324043196568e-10
-1.474244656098791595e-11 8.675084724055852221e-12 9.845729013463245087e-12 1.285009625368512537e-11 1.792827510761394149e-11 2.263524210730391311e-11 1.954469813916832580e-11 2.542436233387677066e-11 5.102795737385333208e-11 5.479955442779975234e-11 6.327890781718553970e-11 8.573402786827622720e-11 1.132320088637248594e-10 1.582861369642630476e-10 2.382759608544273450e-10 3.347015923521520153e-10 4.807153900906489751e-10 6.985246009032258091e-10 1.003725878282768351e-09 1.398249446262497763e-09 1.710094919384518928e-09 1.558727372507309881e-09 9.682839368914518096e-10 2.326426111422217370e-10 -8.953475870480154810e-11 -2.028713366736528555e-10
-2.374365129276569612e-11 3.907544983068911578e-12 1.683005471504045468e-11 1.742872282683255412e-11 9.860759292702896253e-12 1.770146647937684050e-11 1.338971368339980142e-11 1.433942666391715478e-11 3.686699084376249989e-11 4.014220633326652271e-11 4.255406434456723265e-11 5.351932704068704877e-11 6.272130971332349595e-11 7.103868156819322129e-11 1.238165194962231217e-10 1.803075036788566421e-10 2.671386012526799293e-10 4.358529737863215381e-10 7.134088336064579223e-10 1.122840890201111033e-09 1.558727372507309881e-09 1.764438672903270804e-09 1.377083607511693601e-09 4.996132067093538492e-10 -8.275393235734630927e-11 -2.286218431566890935e-10
-2.844424300137297854e-11 -4.070109588031256017e-12 3.032932465241756753e-11 2.092857536043780664e-11 2.200568699607692974e-13 8.202238205656657823e-12 1.046106039024339991e-11 1.013395184343135543e-11 2.462019574033248453e-11 3.447844498285498292e-11 2.820446315661695998e-11 4.027558872247205942e-11 4.156931281092732964e-11 2.022580649505407732e-11 4.500812184930658488e-11 6.196023599160936972e-11 8.703475185458578304e-11 1.699534952332871890e-10 3.254221000785324204e-10 6.014545530190458977e-10 9.682839368914518096e-10 1.377083607511693601e-09 1.530576057010680034e-09 9.532838886284228745e-10 7.168553387775235424e-11 -1.796091016158151883e-10
-2.784919151074308056e-11 -7.271318241344199872e-12 3.340878051175657712e-11 1.518642605281834782e-11 3.497463768963463163e-13 3.413044331695825249e-13 4.091508603513837192e-12 7.780654152710539140e-12 1.111736166166111239e-11 2.392550368959765197e-11 1.874044013839768538e-11 2.304417361123146563e-11 2.598149274180156512e-11 3.052531306321901570e-12 4.771898201202885061e-13 -3.590210121695005091e-12 -4.729113798140975392e-12 1.699828042401797302e-11 5.482524996469326015e-11 1.282050445614643999e-10 2.326426111422217370e-10 4.996132067093538492e-10 9.532838886284228745e-10 1.128566696623005313e-09 4.816797791108552748e-10 -2.412195479495894220e-11
-1.379567365575281539e-11 -8.708173112896052927e-12 1.481185421069984228e-11 1.998803915696705274e-13 -3.063272507847634316e-14 9.383724650020972526e-12 8.662307525832410932e-12 1.699314030897013498e-11 8.387585829342443984e-12 9.688459409991067257e-12 1.950338265282845359e-11 3.106568489240710818e-12 1.552112547417601455e-11 1.173093272833124286e-11 -3.112339630947151359e-12 -1.185584206018906586e-11 -2.158774892235143085e-11 -4.149992097206274233e-11 -4.788204102423882420e-11 -5.444837399179309690e-11 -8.953475870480154810e-11 -8.275393235734630927e-11 7.168553387775235424e-11 4.816797791108552748e-10 9.488043954494245006e-10 5.017425868311614684e-10
-3.838643915022321000e-12 -9.451304626148759769e-12 3.219035755932776798e-12 -2.111446126410713358e-12 -6.266022314870238097e-12 -7.489829392342065147e-12 4.218773744469870232e-12 7.622779019013224782e-12 8.492515153195305682e-12 -4.400060608620625198e-12 -6.532906233664679476e-12 -1.711904896189964908e-11 -6.540806568588904671e-12 -5.428906608760292420e-12 -4.411013724186863113e-13 -1.252767364076886365e-11 -3.700881857861516440e-11 -7.882496203403185238e-11 -1.036243288326487326e-10 -1.441984324043196568e-10 -2.028713366736528555e-10 -2.286218431566890935e-10 -1.796091016158151883e-10 -2.412195479495894220e-11 5.017425868311614684e-10 9.915729764518316734e-10
