7.557833310155641434e-11 1.498311726553499242e-11 1.296283785007828135e-11 9.702260745769517970e-12 6.420638501215686440e-12 3.292098015479995040e-12 4.844605819944839880e-12 3.780721934627607222e-12 -4.756152145618162483e-13 1.326975872256943384e-12 -1.216039914036686085e-13 1.596172706172888228e-12 -4.557585831894371867e-13 -2.720674006533594560e-12 -2.016380233546992380e-12 -3.607227190044531319e-12 -7.533113484367880602e-12 -9.965632970778864131e-12 -1.385697917646977365e-11 -1.965596798698923935e-11 -3.383313017571363326e-11 -2.453346243519646734e-11 2.078458950339094989e-12 2.487897417868270396e-11 8.564430989039644698e-12 -4.310201934212116058e-12
1.498311726553499242e-11 5.730605002109347535e-11 1.409430536882929534e-11 1.224593245374837289e-11 7.992096772061873044e-12 4.461735014054548110e-12 4.099127295743399835e-12 4.580835857235576944e-13 1.779341402536862136e-12 2.688748724593977407e-12 5.935749201962326837e-13 1.409732823631455634e-12 7.105302226237125850e-13 -2.981906879475551962e-12 -1.846422201758662097e-12 -5.439722399489894055e-13 -2.557242215963787898e-12 -4.129482790315286883e-12 -7.319571372881877235e-14 3.096865083140337616e-12 -4.146734935360292232e-12 -5.058107636817538828e-12 1.694109597786705110e-12 1.548329907464496174e-11 -4.994005284589486001e-12 -9.910479356242274895e-12
1.296283785007828135e-11 1.409430536882929534e-11 3.888093511220179223e-11 1.442920449138799335e-11 5.936790828335702616e-12 4.171804769949090570e-12 3.822827081128622060e-12 3.439500429713201095e-12 1.172246983157990081e-12 1.116125127973143216e-12 -3.995037494940460300e-13 1.727955653227187961e-12 9.949941531526960694e-13 9.296418808844194307e-13 -1.210422888124472548e-12 -4.798525409844063134e-13 2.558656543196844926e-13 -2.088453636317338248e-12 8.294095711046216915e-14 2.112272804907636973e-12 -4.663794594468348896e-12 -8.163561796776054103e-12 -6.679859847539363545e-12 4.658470185375675936e-12 9.984183590368947540e-12 1.697900036912577816e-11
9.702260745769517970e-12 1.224593245374837289e-11 1.442920449138799335e-11 3.652732729120096365e-11 1.367306792148787759e-11 8.992047460164886891e-12 7.570302657359057232e-12 4.001316824210256523e-12 3.717569848770906338e-12 1.510714956893067662e-12 2.929084571379552931e-13 4.822454086565692305e-14 2.887335314132874334e-13 1.594504590820219114e-12 3.807280526667828567e-12 4.124670051730397684e-12 6.066589812832949279e-12 6.799395131724794102e-12 1.387378594956503475e-11 1.853158190540331014e-11 1.454997478609730644e-11 1.074117531947946506e-11 3.039218054203441203e-12 6.041240803313191843e-13 6.374135829605715148e-12 6.686792833631170906e-12
6.420638501215686440e-12 7.992096772061873044e-12 5.936790828335702616e-12 1.367306792148787759e-11 2.770250605790807870e-11 1.166988342460647196e-11 6.379377403765294583e-12 2.239966270933815648e-12 1.897794026399892151e-12 3.709589560720103109e-12 2.294018681571238296e-12 4.928222354181008560e-12 2.817036821061952305e-12 1.411837711464664579e-12 2.985352869715810749e-12 5.186411954770408174e-12 7.205707369674004259e-12 7.243401513571011564e-12 1.233572365303482828e-11 1.363652962472508043e-11 1.073544563442628385e-11 7.367017464357377111e-12 6.080933512106092016e-12 7.332203098454050297e-12 -7.034571098299070498e-12 -1.797105480481776989e-11
3.292098015479995040e-12 4.461735014054548110e-12 4.171804769949090570e-12 8.992047460164886891e-12 1.166988342460647196e-11 2.415957318776150705e-11 1.493733547828211015e-11 1.104936273126806897e-11 6.877047342285635806e-12 7.536809858492035680e-12 6.895290791916187484e-12 7.837543652552289439e-12 8.282766818392421128e-12 5.848573602371073691e-12 7.459613312437381713e-12 9.395442784303059411e-12 1.023265969691498343e-11 9.365123164353476879e-12 1.281128219875852223e-11 1.429586108010797544e-11 1.509057858529128852e-11 1.480188966287274973e-11 1.344398301514240823e-11 8.566389447139765244e-12 1.333314145264371276e-11 4.521413307653184992e-12
4.844605819944839880e-12 4.099127295743399835e-12 3.822827081128622060e-12 7.570302657359057232e-12 6.379377403765294583e-12 1.493733547828211015e-11 2.415184807644376301e-11 1.846741302976345254e-11 1.239008120302981106e-11 1.154869752674824303e-11 9.337404827316072328e-12 7.389722621825455737e-12 6.235093561983056019e-12 5.618452005811529957e-12 8.081364117757575887e-12 1.106320638765794950e-11 1.280960017747863051e-11 1.429833041945426933e-11 1.723034046678900310e-11 1.700747828014237867e-11 1.338023688950858654e-11 6.396306178701524642e-12 3.691906574465925879e-12 -2.582568674507075796e-13 1.317196582986376836e-11 1.246961618586206622e-11
3.780721934627607222e-12 4.580835857235576944e-13 3.439500429713201095e-12 4.001316824210256523e-12 2.239966270933815648e-12 1.104936273126806897e-11 1.846741302976345254e-11 2.921107290959871763e-11 2.175859260745471280e-11 1.748661055853883265e-11 1.387071343109920204e-11 1.231285247323234755e-11 1.230178876792358450e-11 1.346085750263644618e-11 1.439127006103251774e-11 1.679452854248722852e-11 2.104525552705795567e-11 2.532518551142263813e-11 3.002215191607467996e-11 3.280539345919850307e-11 3.032219246996178332e-11 1.646653907622487889e-11 9.331732021948154914e-12 2.371731467764938833e-12 6.989570264182206903e-12 8.500579222292101956e-12
-4.756152145618162483e-13 1.779341402536862136e-12 1.172246983157990081e-12 3.717569848770906338e-12 1.897794026399892151e-12 6.877047342285635806e-12 1.239008120302981106e-11 2.175859260745471280e-11 2.945645921177752582e-11 2.518195024019241381e-11 2.115637198308539461e-11 2.024233193999472033e-11 2.116507127893198884e-11 2.348180166208743894e-11 2.603123753448334041e-11 2.773781434540785131e-11 3.236169569104094095e-11 3.730068724762731389e-11 4.479828755774229900e-11 5.177516568070677370e-11 5.579517453818170086e-11 4.117298975885622265e-11 2.710984904570449541e-11 6.989340142857437854e-12 5.412996698867058386e-12 8.621259559983278461e-12
1.326975872256943384e-12 2.688748724593977407e-12 1.116125127973143216e-12 1.510714956893067662e-12 3.709589560720103109e-12 7.536809858492035680e-12 1.154869752674824303e-11 1.748661055853883265e-11 2.518195024019241381e-11 3.323256805157185533e-11 2.898729045416139019e-11 2.729904836655974908e-11 2.849794306727212106e-11 3.068515882993128792e-11 3.307995564179592156e-11 3.453856229295565712e-11 3.847506156559918517e-11 4.264572539282825084e-11 4.978591858039478507e-11 5.536675708060226950e-11 5.527594334817600329e-11 4.038212127829462597e-11 3.530015024282002516e-11 2.568223245758936265e-11 1.601917023711721856e-11 -3.887176250915175341e-13
-1.216039914036686085e-13 5.935749201962326837e-13 -3.995037494940460300e-13 2.929084571379552931e-13 2.294018681571238296e-12 6.895290791916187484e-12 9.337404827316072328e-12 1.387071343109920204e-11 2.115637198308539461e-11 2.898729045416139019e-11 3.770003606667421260e-11 3.623758149357097015e-11 3.617890342890459058e-11 3.951047067466471615e-11 4.217186872949167493e-11 4.365870640600285356e-11 4.924158612620284965e-11 5.487487893107193697e-11 6.061173670830295030e-11 6.699877239904564385e-11 6.421574315013437058e-11 4.090204430236143558e-11 2.511596841686937474e-11 1.601077904475991464e-11 1.846678236790932373e-11 -7.646960971655941549e-12
1.596172706172888228e-12 1.409732823631455634e-12 1.727955653227187961e-12 4.822454086565692305e-14 4.928222354181008560e-12 7.837543652552289439e-12 7.389722621825455737e-12 1.231285247323234755e-11 2.024233193999472033e-11 2.729904836655974908e-11 3.623758149357097015e-11 5.174476118336010120e-11 5.465420590800192035e-11 5.806130844551981070e-11 6.134397563386344221e-11 6.392426254735089345e-11 7.059931744219623498e-11 7.656340669946658212e-11 8.298301348802815546e-11 9.066745335527093751e-11 8.600180584884067475e-11 5.338695479615670801e-11 4.124439337084245942e-11 2.602600434065025643e-11 4.273384516372251655e-12 -1.840748090228332944e-11
-4.557585831894371867e-13 7.105302226237125850e-13 9.949941531526960694e-13 2.887335314132874334e-13 2.817036821061952305e-12 8.282766818392421128e-12 6.235093561983056019e-12 1.230178876792358450e-11 2.116507127893198884e-11 2.849794306727212106e-11 3.617890342890459058e-11 5.465420590800192035e-11 7.263221024590896512e-11 8.045561778003286448e-11 8.571584973001105043e-11 8.964530336910131936e-11 9.694191936553119630e-11 1.052100574881340960e-10 1.147627864552557997e-10 1.258955741387437445e-10 1.165563075384035663e-10 6.315635405126757542e-11 4.067376024609821924e-11 2.585803746119234307e-11 1.507300518397373658e-11 -7.149596196809032422e-12
-2.720674006533594560e-12 -2.981906879475551962e-12 9.296418808844194307e-13 1.594504590820219114e-12 1.411837711464664579e-12 5.848573602371073691e-12 5.618452005811529957e-12 1.346085750263644618e-11 2.348180166208743894e-11 3.068515882993128792e-11 3.951047067466471615e-11 5.806130844551981070e-11 8.045561778003286448e-11 1.103637227434130374e-10 1.223963029109881318e-10 1.302520990722457666e-10 1.410937175195418751e-10 1.558394965883090188e-10 1.699717289705662176e-10 1.812699617175018220e-10 1.596325454211732110e-10 7.306679651087910044e-11 2.252842098350462112e-11 4.717662059999273765e-12 1.229101326919414168e-11 -3.605908485819195921e-12
-2.016380233546992380e-12 -1.846422201758662097e-12 -1.210422888124472548e-12 3.807280526667828567e-12 2.985352869715810749e-12 7.459613312437381713e-12 8.081364117757575887e-12 1.439127006103251774e-11 2.603123753448334041e-11 3.307995564179592156e-11 4.217186872949167493e-11 6.134397563386344221e-11 8.571584973001105043e-11 1.223963029109881318e-10 1.607841399429392961e-10 1.822781245065307099e-10 2.036438976502302665e-10 2.258471170612630743e-10 2.452474970154910273e-10 2.595506959580847284e-10 2.379297443571614216e-10 1.226734037872575493e-10 4.407291958287586988e-11 4.200333144416988215e-13 -3.431924071703876414e-12 -1.188894055626314012e-12
-3.607227190044531319e-12 -5.439722399489894055e-13 -4.798525409844063134e-13 4.124670051730397684e-12 5.186411954770408174e-12 9.395442784303059411e-12 1.106320638765794950e-11 1.679452854248722852e-11 2.773781434540785131e-11 3.453856229295565712e-11 4.365870640600285356e-11 6.392426254735089345e-11 8.964530336910131936e-11 1.302520990722457666e-10 1.822781245065307099e-10 2.323020791179843960e-10 2.746029388279865870e-10 3.094694008598979658e-10 3.354481682598831312e-10 3.546715787026710034e-10 3.335052157312765209e-10 1.786254712364412392e-10 5.991178450035561898e-11 -4.041727750757711475e-12 -1.133516435764952722e-11 -1.364391124554007325e-11
-7.533113484367880602e-12 -2.557242215963787898e-12 2.558656543196844926e-13 6.066589812832949279e-12 7.205707369674004259e-12 1.023265969691498343e-11 1.280960017747863051e-11 2.104525552705795567e-11 3.236169569104094095e-11 3.847506156559918517e-11 4.924158612620284965e-11 7.059931744219623498e-11 9.694191936553119630e-11 1.410937175195418751e-10 2.036438976502302665e-10 2.746029388279865870e-10 3.603512734904710118e-10 4.268169282104817580e-10 4.708289324572664717e-10 5.042068706291819814e-10 4.804865245943067777e-10 2.671145342163367484e-10 8.674893438789006586e-11 -3.589217001634397630e-12 -1.970424558457915503e-11 -3.596039982773365586e-11
-9.965632970778864131e-12 -4.129482790315286883e-12 -2.088453636317338248e-12 6.799395131724794102e-12 7.243401513571011564e-12 9.365123164353476879e-12 1.429833041945426933e-11 2.532518551142263813e-11 3.730068724762731389e-11 4.264572539282825084e-11 5.487487893107193697e-11 7.656340669946658212e-11 1.052100574881340960e-10 1.558394965883090188e-10 2.258471170612630743e-10 3.094694008598979658e-10 4.268169282104817580e-10 5.591293805411116133e-10 6.503272171077630813e-10 7.159957492597139854e-10 6.980240803328945079e-10 4.360032547617446012e-10 1.694289120273795188e-10 1.729254866930124691e-11 -4.061773157583890103e-11 -7.876490570883709947e-11
-1.385697917646977365e-11 -7.319571372881877235e-14 8.294095711046216915e-14 1.387378594956503475e-11 1.233572365303482828e-11 1.281128219875852223e-11 1.723034046678900310e-11 3.002215191607467996e-11 4.479828755774229900e-11 4.978591858039478507e-11 6.061173670830295030e-11 8.298301348802815546e-11 1.147627864552557997e-10 1.699717289705662176e-10 2.452474970154910273e-10 3.354481682598831312e-10 4.708289324572664717e-10 6.503272171077630813e-10 8.347373230929529126e-10 9.816985613621357138e-10 1.004769389448090834e-09 7.147163078318033719e-10 3.256864917279421120e-10 5.566576518147155965e-11 -4.612085254280777522e-11 -1.023677525275209413e-10
-1.965596798698923935e-11 3.096865083140337616e-12 2.112272804907636973e-12 1.853158190540331014e-11 1.363652962472508043e-11 1.429586108010797544e-11 1.700747828014237867e-11 3.280539345919850307e-11 5.177516568070677370e-11 5.536675708060226950e-11 6.699877239904564385e-11 9.066745335527093751e-11 1.258955741387437445e-10 1.812699617175018220e-10 2.595506959580847284e-10 3.546715787026710034e-10 5.042068706291819814e-10 7.159957492597139854e-10 9.816985613621357138e-10 1.269774106687459033e-09 1.399262693244733386e-09 1.123759655545605094e-09 6.010841772129406215e-10 1.282255005664176045e-10 -5.401842374872671792e-11 -1.441649600634056074e-10
-3.383313017571363326e-11 -4.146734935360292232e-12 -4.663794594468348896e-12 1.454997478609730644e-11 1.073544563442628385e-11 1.509057858529128852e-11 1.338023688950858654e-11 3.032219246996178332e-11 5.579517453818170086e-11 5.527594334817600329e-11 6.421574315013437058e-11 8.600180584884067475e-11 1.165563075384035663e-10 1.596325454211732110e-10 2.379297443571614216e-10 3.335052157312765209e-10 4.804865245943067777e-10 6.980240803328945079e-10 1.004769389448090834e-09 1.399262693244733386e-09 1.710010467866852157e-09 1.558598903422760501e-09 9.675461567701697867e-10 2.327596768616066028e-10 -8.983363459644830557e-11 -2.031227214518580911e-10
-2.453346243519646734e-11 -5.058107636817538828e-12 -8.163561796776054103e-12 1.074117531947946506e-11 7.367017464357377111e-12 1.480188966287274973e-11 6.396306178701524642e-12 1.646653907622487889e-11 4.117298975885622265e-11 4.038212127829462597e-11 4.090204430236143558e-11 5.338695479615670801e-11 6.315635405126757542e-11 7.306679651087910044e-11 1.226734037872575493e-10 1.786254712364412392e-10 2.671145342163367484e-10 4.360032547617446012e-10 7.147163078318033719e-10 1.123759655545605094e-09 1.558598903422760501e-09 1.765164740421356658e-09 1.377640213764638881e-09 4.998746811697872566e-10 -8.300468775794734868e-11 -2.292334950071587580e-10
2.078458950339094989e-12 1.694109597786705110e-12 -6.679859847539363545e-12 3.039218054203441203e-12 6.080933512106092016e-12 1.344398301514240823e-11 3.691906574465925879e-12 9.331732021948154914e-12 2.710984904570449541e-11 3.530015024282002516e-11 2.511596841686937474e-11 4.124439337084245942e-11 4.067376024609821924e-11 2.252842098350462112e-11 4.407291958287586988e-11 5.991178450035561898e-11 8.674893438789006586e-11 1.694289120273795188e-10 3.256864917279421120e-10 6.010841772129406215e-10 9.675461567701697867e-10 1.377640213764638881e-09 1.531612758330290375e-09 9.539169161326728461e-10 7.166784865935779758e-11 -1.808429222539159485e-10
2.487897417868270396e-11 1.548329907464496174e-11 4.658470185375675936e-12 6.041240803313191843e-13 7.332203098454050297e-12 8.566389447139765244e-12 -2.582568674507075796e-13 2.371731467764938833e-12 6.989340142857437854e-12 2.568223245758936265e-11 1.601077904475991464e-11 2.602600434065025643e-11 2.585803746119234307e-11 4.717662059999273765e-12 4.200333144416988215e-13 -4.041727750757711475e-12 -3.589217001634397630e-12 1.729254866930124691e-11 5.566576518147155965e-11 1.282255005664176045e-10 2.327596768616066028e-10 4.998746811697872566e-10 9.539169161326728461e-10 1.129429941112745940e-09 4.820165114867845869e-10 -2.521839268287600492e-11
8.564430989039644698e-12 -4.994005284589486001e-12 9.984183590368947540e-12 6.374135829605715148e-12 -7.034571098299070498e-12 1.333314145264371276e-11 1.317196582986376836e-11 6.989570264182206903e-12 5.412996698867058386e-12 1.601917023711721856e-11 1.846678236790932373e-11 4.273384516372251655e-12 1.507300518397373658e-11 1.229101326919414168e-11 -3.431924071703876414e-12 -1.133516435764952722e-11 -1.970424558457915503e-11 -4.061773157583890103e-11 -4.612085254280777522e-11 -5.401842374872671792e-11 -8.983363459644830557e-11 -8.300468775794734868e-11 7.166784865935779758e-11 4.820165114867845869e-10 9.492057203809260123e-10 5.014203452834132720e-10
-4.310201934212116058e-12 -9.910479356242274895e-12 1.697900036912577816e-11 6.686792833631170906e-12 -1.797105480481776989e-11 4.521413307653184992e-12 1.246961618586206622e-11 8.500579222292101956e-12 8.621259559983278461e-12 -3.887176250915175341e-13 -7.646960971655941549e-12 -1.840748090228332944e-11 -7.149596196809032422e-12 -3.605908485819195921e-12 -1.188894055626314012e-12 -1.364391124554007325e-11 -3.596039982773365586e-11 -7.876490570883709947e-11 -1.023677525275209413e-10 -1.441649600634056074e-10 -2.031227214518580911e-10 -2.292334950071587580e-10 -1.808429222539159485e-10 -2.521839268287600492e-11 5.014203452834132720e-10 9.910023549668803462e-10
