8.045212152291388924e-11 1.686523566547587723e-11 9.975736127634915023e-12 3.853548093819775374e-12 -8.130292587277378316e-14 1.835867665827806367e-12 2.698062266960953550e-13 -2.198871409722800373e-12 -1.222278342156026162e-12 -2.090856924300122485e-12 -3.237634260549900143e-12 -2.109227783833171176e-12 -5.365457747298213200e-12 -3.729996056168293705e-12 -3.894018667002718928e-12 -3.183666840454847169e-12 -2.019458410196250146e-12 -2.556260308586665000e-13 7.625475342013990106e-13 7.280934484405270064e-12 1.243830594809449962e-11 7.979062636946041060e-12 8.483578594879259745e-12 5.161867716856751389e-12 2.194753675919039478e-12 -9.019114516417418033e-12
1.686523566547587723e-11 5.484106662811506441e-11 1.483817651365235559e-11 8.714798544035335459e-12 8.860489835412914514e-12 3.584785488786984320e-12 4.462944886458978617e-12 2.166767472989740098e-12 -7.469794860787967970e-13 -1.180759594195389784e-12 3.840943351304493366e-14 -1.546055432784848536e-12 -4.155929979749710285e-12 -3.822260103546651956e-12 -3.416296899833953308e-12 -4.817965484862151458e-12 -2.693746881972446465e-12 1.524443948399633487e-12 3.452371694426783313e-12 9.102158604204359994e-13 -1.832952314341752674e-12 -1.177808630252142527e-12 2.447804114018388244e-12 1.027212010222738384e-11 6.500626612594483173e-12 -1.253691797983139868e-11
9.975736127634915023e-12 1.483817651365235559e-11 4.406954067551748229e-11 1.112866610362052779e-11 1.008557587303607488e-11 5.476696539557999413e-12 4.603542974922984651e-12 4.012563886204680237e-12 1.588182558813634733e-12 1.554302995607684747e-12 -1.700744798195855900e-12 -5.284711449481155035e-12 -7.339992302282961363e-12 -5.756334924360033206e-12 -4.320074056324127083e-12 -3.616765361192209170e-12 -1.110751309312526999e-12 1.348560234025538603e-13 7.917657404018641248e-13 3.169873609684522126e-12 2.041722179165001152e-13 -4.733024496269307732e-12 -1.341772593314681389e-12 1.032818242072690280e-11 1.138130281997385228e-11 -1.416965478689634823e-11
3.853548093819775374e-12 8.714798544035335459e-12 1.112866610362052779e-11 3.484859364026612178e-11 1.386302454155912009e-11 6.992327247362260756e-12 7.154751436133098582e-12 4.251187945229835009e-12 1.763632565039066629e-13 4.969256208114747226e-13 1.029443329718063533e-12 -2.098399701968223613e-12 -4.894690858446160798e-12 -4.638687952532445682e-12 -1.467266335323064973e-12 -6.230099390958920183e-14 1.819635599287025286e-13 -2.477787774412240126e-12 -3.871938523655933807e-12 -3.709431560828202925e-12 -2.337481749722345652e-12 -1.572007596685357141e-12 1.065178894968953100e-13 1.722865228543170577e-12 3.698304660606920396e-12 -1.466259990786689080e-11
-8.130292587277378316e-14 8.860489835412914514e-12 1.008557587303607488e-11 1.386302454155912009e-11 2.853036334723961947e-11 1.306201558338225653e-11 1.108652747143257860e-11 6.315527095010172897e-12 2.212510320853434482e-12 1.893341993832496148e-12 2.279007959538266523e-12 1.408784879502953118e-12 4.294983184666490655e-13 4.212000132727046499e-13 3.392113937656031410e-12 5.469130388892587605e-12 8.164018699324342719e-12 1.172467103276557497e-11 1.422214754743650199e-11 1.294231513211120280e-11 8.634055882621952063e-12 3.300402068592002581e-12 3.206479441317939322e-12 1.522437620404804060e-11 1.917301375522315428e-11 2.923902931640754353e-12
1.835867665827806367e-12 3.584785488786984320e-12 5.476696539557999413e-12 6.992327247362260756e-12 1.306201558338225653e-11 2.336076715060117532e-11 1.340825389714131123e-11 6.240445230242676580e-12 4.417483223195699888e-12 4.100736180805714114e-12 2.953182816053188402e-12 3.072900737889451803e-12 1.682456384272017140e-12 1.823294699250915139e-12 3.413198434445765182e-12 6.093514084164376297e-12 7.797785300304369497e-12 7.848807770254075352e-12 9.988426258620912227e-12 1.406826057986760046e-11 1.362319201316650985e-11 8.526116837008417040e-12 5.594884802825814601e-12 3.704881968607615062e-12 1.769434084582779348e-12 1.559583992827701733e-13
2.698062266960953550e-13 4.462944886458978617e-12 4.603542974922984651e-12 7.154751436133098582e-12 1.108652747143257860e-11 1.340825389714131123e-11 2.304477397974671378e-11 1.263427438129963846e-11 8.613608864365166506e-12 7.913201829196832599e-12 7.556320065265502978e-12 6.387264134700922946e-12 4.830713744248413944e-12 4.388992478596034909e-12 4.207517466153779124e-12 4.272654651395337607e-12 5.908282746737781736e-12 7.884314269234419864e-12 1.253094909693115460e-11 1.196542546656321663e-11 1.040956675496117706e-11 4.677357274522495265e-12 3.951451740205777944e-12 1.078145157256095413e-12 -3.067314039426677415e-12 -6.768157753803154338e-12
-2.198871409722800373e-12 2.166767472989740098e-12 4.012563886204680237e-12 4.251187945229835009e-12 6.315527095010172897e-12 6.240445230242676580e-12 1.263427438129963846e-11 2.027321776154531790e-11 1.355117756553269154e-11 1.066961527879907135e-11 8.369856296263607731e-12 6.832436059484480023e-12 6.636470869486402579e-12 5.648658348033543431e-12 5.401438076384152009e-12 3.485965527601360828e-12 3.959609743494168123e-12 5.902967137551535011e-12 8.174428339894886777e-12 8.300317102501633541e-12 9.698110276365581405e-12 1.117339535368238410e-11 1.860411754987973195e-11 1.458769604751110832e-11 -1.418924867929148409e-12 -1.243356703023203955e-11
-1.222278342156026162e-12 -7.469794860787967970e-13 1.588182558813634733e-12 1.763632565039066629e-13 2.212510320853434482e-12 4.417483223195699888e-12 8.613608864365166506e-12 1.355117756553269154e-11 2.006628017306762904e-11 1.572675354603320553e-11 1.263948255592745958e-11 9.802156660995478019e-12 9.861092562451638010e-12 1.049785047166895823e-11 1.061331461597754280e-11 1.007391757840544217e-11 1.260829416204083011e-11 1.466054586924107831e-11 1.705099637418160442e-11 1.675105156972844328e-11 1.402934380179034504e-11 5.613463045406193032e-12 1.038468002898517701e-11 1.507725158091224950e-11 6.213122253898230578e-12 -2.606203157991802805e-12
-2.090856924300122485e-12 -1.180759594195389784e-12 1.554302995607684747e-12 4.969256208114747226e-13 1.893341993832496148e-12 4.100736180805714114e-12 7.913201829196832599e-12 1.066961527879907135e-11 1.572675354603320553e-11 2.541474895189120865e-11 2.091374893426837177e-11 1.590532369315664598e-11 1.644609132061728067e-11 1.595288257701452856e-11 1.550180378539713019e-11 1.566638112480061714e-11 1.767053424673816700e-11 2.029583990532292625e-11 2.110862198368732757e-11 2.267177684923989932e-11 2.206196082913801575e-11 1.195681203715902406e-11 1.437175306857841857e-11 1.667720368478130711e-11 1.061246582918312054e-11 1.241000305882602196e-12
-3.237634260549900143e-12 3.840943351304493366e-14 -1.700744798195855900e-12 1.029443329718063533e-12 2.279007959538266523e-12 2.953182816053188402e-12 7.556320065265502978e-12 8.369856296263607731e-12 1.263948255592745958e-11 2.091374893426837177e-11 2.841708928668212762e-11 2.418442515557256493e-11 2.388465998435073572e-11 2.209441611715139093e-11 2.046294924179879274e-11 2.118698280610486743e-11 2.247268107257538998e-11 2.488276314007375459e-11 2.747437049670894488e-11 3.144364647578765285e-11 3.186681748966604906e-11 1.966794402411456112e-11 1.801718896300155428e-11 1.787155569881610601e-11 1.493478673768532214e-11 -1.361352022285486265e-12
-2.109227783833171176e-12 -1.546055432784848536e-12 -5.284711449481155035e-12 -2.098399701968223613e-12 1.408784879502953118e-12 3.072900737889451803e-12 6.387264134700922946e-12 6.832436059484480023e-12 9.802156660995478019e-12 1.590532369315664598e-11 2.418442515557256493e-11 3.224062143434829366e-11 3.279059658151229289e-11 3.001049551564700666e-11 2.722526093513458090e-11 2.764823766760349718e-11 2.872286055086107620e-11 3.287573790446523628e-11 3.573087936973326688e-11 3.975941222619135272e-11 3.733915090341967593e-11 1.800972011152933484e-11 1.256846688014124040e-11 9.998971532596687226e-12 1.923045401949234776e-11 1.418963395790081426e-11
-5.365457747298213200e-12 -4.155929979749710285e-12 -7.339992302282961363e-12 -4.894690858446160798e-12 4.294983184666490655e-13 1.682456384272017140e-12 4.830713744248413944e-12 6.636470869486402579e-12 9.861092562451638010e-12 1.644609132061728067e-11 2.388465998435073572e-11 3.279059658151229289e-11 4.577850219713554839e-11 4.471129127978015049e-11 4.204328984165347154e-11 4.458241240522891827e-11 4.661561905256747724e-11 5.279729868945127187e-11 5.806587911508211542e-11 6.223990429384529423e-11 5.789907591444910831e-11 2.799262093216530186e-11 1.645100017046330388e-11 1.260477232054001172e-11 1.850170572064790784e-11 1.102936602938536871e-11
-3.729996056168293705e-12 -3.822260103546651956e-12 -5.756334924360033206e-12 -4.638687952532445682e-12 4.212000132727046499e-13 1.823294699250915139e-12 4.388992478596034909e-12 5.648658348033543431e-12 1.049785047166895823e-11 1.595288257701452856e-11 2.209441611715139093e-11 3.001049551564700666e-11 4.471129127978015049e-11 5.651398231778012004e-11 5.884598797035306471e-11 6.444060984994408848e-11 6.992564990561827269e-11 7.971308467903435990e-11 8.952202156045185713e-11 9.551153711149800470e-11 8.192020118370231861e-11 2.873071733708626577e-11 8.654065499872027654e-12 1.452041811472324395e-11 2.230624127564471055e-11 1.005390101375312005e-11
-3.894018667002718928e-12 -3.416296899833953308e-12 -4.320074056324127083e-12 -1.467266335323064973e-12 3.392113937656031410e-12 3.413198434445765182e-12 4.207517466153779124e-12 5.401438076384152009e-12 1.061331461597754280e-11 1.550180378539713019e-11 2.046294924179879274e-11 2.722526093513458090e-11 4.204328984165347154e-11 5.884598797035306471e-11 7.931257502878305686e-11 9.407148925320101108e-11 1.072358172882081868e-10 1.220475874336196747e-10 1.362309213957524531e-10 1.448461024558338851e-10 1.214235376380897084e-10 4.368045065397663011e-11 6.674870566184967383e-12 2.106281462154888438e-11 3.011038134586319418e-11 9.212148220246225196e-12
-3.183666840454847169e-12 -4.817965484862151458e-12 -3.616765361192209170e-12 -6.230099390958920183e-14 5.469130388892587605e-12 6.093514084164376297e-12 4.272654651395337607e-12 3.485965527601360828e-12 1.007391757840544217e-11 1.566638112480061714e-11 2.118698280610486743e-11 2.764823766760349718e-11 4.458241240522891827e-11 6.444060984994408848e-11 9.407148925320101108e-11 1.331059804517243656e-10 1.626817462906293012e-10 1.892774049235847312e-10 2.102827647198291539e-10 2.231410543104152855e-10 1.907530986047506912e-10 7.491829037137420652e-11 6.796365972917984124e-12 2.714911189886902671e-11 4.185269631348202804e-11 1.377063302446085998e-11
-2.019458410196250146e-12 -2.693746881972446465e-12 -1.110751309312526999e-12 1.819635599287025286e-13 8.164018699324342719e-12 7.797785300304369497e-12 5.908282746737781736e-12 3.959609743494168123e-12 1.260829416204083011e-11 1.767053424673816700e-11 2.247268107257538998e-11 2.872286055086107620e-11 4.661561905256747724e-11 6.992564990561827269e-11 1.072358172882081868e-10 1.626817462906293012e-10 2.274028561429705227e-10 2.765485409161287927e-10 3.110722027570738596e-10 3.312679865174833100e-10 2.918382928881093083e-10 1.338469058809275505e-10 1.208085561417414346e-11 2.572429887060684731e-11 4.285373083656882231e-11 8.464724526161015936e-12
-2.556260308586665000e-13 1.524443948399633487e-12 1.348560234025538603e-13 -2.477787774412240126e-12 1.172467103276557497e-11 7.848807770254075352e-12 7.884314269234419864e-12 5.902967137551535011e-12 1.466054586924107831e-11 2.029583990532292625e-11 2.488276314007375459e-11 3.287573790446523628e-11 5.279729868945127187e-11 7.971308467903435990e-11 1.220475874336196747e-10 1.892774049235847312e-10 2.765485409161287927e-10 3.678761092634070032e-10 4.278342609513008352e-10 4.564535300616022794e-10 4.123100607944829948e-10 2.176480613196035163e-10 3.069119582868221463e-11 2.749479958181312410e-11 3.888514817429423633e-11 -1.107075111379273839e-12
7.625475342013990106e-13 3.452371694426783313e-12 7.917657404018641248e-13 -3.871938523655933807e-12 1.422214754743650199e-11 9.988426258620912227e-12 1.253094909693115460e-11 8.174428339894886777e-12 1.705099637418160442e-11 2.110862198368732757e-11 2.747437049670894488e-11 3.573087936973326688e-11 5.806587911508211542e-11 8.952202156045185713e-11 1.362309213957524531e-10 2.102827647198291539e-10 3.110722027570738596e-10 4.278342609513008352e-10 5.384217429865493372e-10 5.995596841109266202e-10 5.620135853193380916e-10 3.443000294598459618e-10 8.497783982091238000e-11 4.253538601649034461e-11 4.299084629477390420e-11 -9.708181910621294944e-12
7.280934484405270064e-12 9.102158604204359994e-13 3.169873609684522126e-12 -3.709431560828202925e-12 1.294231513211120280e-11 1.406826057986760046e-11 1.196542546656321663e-11 8.300317102501633541e-12 1.675105156972844328e-11 2.267177684923989932e-11 3.144364647578765285e-11 3.975941222619135272e-11 6.223990429384529423e-11 9.551153711149800470e-11 1.448461024558338851e-10 2.231410543104152855e-10 3.312679865174833100e-10 4.564535300616022794e-10 5.995596841109266202e-10 7.393738702194595724e-10 7.482065292665611755e-10 5.322325214956382816e-10 1.972523563419941087e-10 6.869418121498792534e-11 5.173739785125076416e-11 -2.038617050550811133e-11
1.243830594809449962e-11 -1.832952314341752674e-12 2.041722179165001152e-13 -2.337481749722345652e-12 8.634055882621952063e-12 1.362319201316650985e-11 1.040956675496117706e-11 9.698110276365581405e-12 1.402934380179034504e-11 2.206196082913801575e-11 3.186681748966604906e-11 3.733915090341967593e-11 5.789907591444910831e-11 8.192020118370231861e-11 1.214235376380897084e-10 1.907530986047506912e-10 2.918382928881093083e-10 4.123100607944829948e-10 5.620135853193380916e-10 7.482065292665611755e-10 8.625931868235644709e-10 7.401133297568591386e-10 3.910718329451729098e-10 1.252615907766955721e-10 2.814041687015959591e-11 -3.855506938101109734e-11
7.979062636946041060e-12 -1.177808630252142527e-12 -4.733024496269307732e-12 -1.572007596685357141e-12 3.300402068592002581e-12 8.526116837008417040e-12 4.677357274522495265e-12 1.117339535368238410e-11 5.613463045406193032e-12 1.195681203715902406e-11 1.966794402411456112e-11 1.800972011152933484e-11 2.799262093216530186e-11 2.873071733708626577e-11 4.368045065397663011e-11 7.491829037137420652e-11 1.338469058809275505e-10 2.176480613196035163e-10 3.443000294598459618e-10 5.322325214956382816e-10 7.401133297568591386e-10 8.561645161589442694e-10 6.278668341070092994e-10 2.446044191978101224e-10 -3.187075949850815343e-12 -5.520144518417202305e-11
8.483578594879259745e-12 2.447804114018388244e-12 -1.341772593314681389e-12 1.065178894968953100e-13 3.206479441317939322e-12 5.594884802825814601e-12 3.951451740205777944e-12 1.860411754987973195e-11 1.038468002898517701e-11 1.437175306857841857e-11 1.801718896300155428e-11 1.256846688014124040e-11 1.645100017046330388e-11 8.654065499872027654e-12 6.674870566184967383e-12 6.796365972917984124e-12 1.208085561417414346e-11 3.069119582868221463e-11 8.497783982091238000e-11 1.972523563419941087e-10 3.910718329451729098e-10 6.278668341070092994e-10 7.117359315421104691e-10 4.466520056563440258e-10 6.263374113327547178e-11 -2.251720657318538947e-11
5.161867716856751389e-12 1.027212010222738384e-11 1.032818242072690280e-11 1.722865228543170577e-12 1.522437620404804060e-11 3.704881968607615062e-12 1.078145157256095413e-12 1.458769604751110832e-11 1.507725158091224950e-11 1.667720368478130711e-11 1.787155569881610601e-11 9.998971532596687226e-12 1.260477232054001172e-11 1.452041811472324395e-11 2.106281462154888438e-11 2.714911189886902671e-11 2.572429887060684731e-11 2.749479958181312410e-11 4.253538601649034461e-11 6.869418121498792534e-11 1.252615907766955721e-10 2.446044191978101224e-10 4.466520056563440258e-10 5.860818431254520386e-10 3.270446768169428828e-10 7.174101406761811804e-11
2.194753675919039478e-12 6.500626612594483173e-12 1.138130281997385228e-11 3.698304660606920396e-12 1.917301375522315428e-11 1.769434084582779348e-12 -3.067314039426677415e-12 -1.418924867929148409e-12 6.213122253898230578e-12 1.061246582918312054e-11 1.493478673768532214e-11 1.923045401949234776e-11 1.850170572064790784e-11 2.230624127564471055e-11 3.011038134586319418e-11 4.185269631348202804e-11 4.285373083656882231e-11 3.888514817429423633e-11 4.299084629477390420e-11 5.173739785125076416e-11 2.814041687015959591e-11 -3.187075949850815343e-12 6.263374113327547178e-11 3.270446768169428828e-10 5.662884723770873559e-10 3.122558683426614126e-10
-9.019114516417418033e-12 -1.253691797983139868e-11 -1.416965478689634823e-11 -1.466259990786689080e-11 2.923902931640754353e-12 1.559583992827701733e-13 -6.768157753803154338e-12 -1.243356703023203955e-11 -2.606203157991802805e-12 1.241000305882602196e-12 -1.361352022285486265e-12 1.418963395790081426e-11 1.102936602938536871e-11 1.005390101375312005e-11 9.212148220246225196e-12 1.377063302446085998e-11 8.464724526161015936e-12 -1.107075111379273839e-12 -9.708181910621294944e-12 -2.038617050550811133e-11 -3.855506938101109734e-11 -5.520144518417202305e-11 -2.251720657318538947e-11 7.174101406761811804e-11 3.122558683426614126e-10 5.205241414352666344e-10
