5.605084994948435385e-11 1.303423372211915572e-11 5.306256541608234589e-12 8.237757758414722319e-13 9.837675239229374773e-13 6.728445405292387833e-13 -1.071431304518448376e-13 -1.937508394110179776e-12 -1.175608146490071337e-12 -1.919663585369425456e-12 -8.939725482867386426e-13 -3.332176673005253290e-12 -7.406783847568680174e-12 -5.696204922386184710e-12 -9.467362430747198336e-13 1.946176689689797295e-12 3.390148574492014203e-12 1.058520374404340528e-12 -5.410642084529360210e-12 -6.421628186871709206e-12 -3.219543953264109314e-12 3.349590668809393275e-12 1.160097781281760591e-11 1.222333133818948588e-11 7.893498989008764978e-12 -8.214697331596969752e-13
1.303423372211915572e-11 4.642790083899404186e-11 1.080801867197256931e-11 5.100211454506274559e-12 5.291331002613273181e-12 4.560255419258351539e-12 3.958766580310747268e-12 7.460179982938411757e-13 -8.595400160672827296e-13 -4.782147400730590402e-13 -1.301944813949674166e-12 4.618265098710272216e-13 -1.675390181000352505e-12 -3.515278624673208279e-12 -2.704492165402560974e-12 -1.558535958109858082e-12 -8.364493284782252573e-13 -3.233701083572095365e-12 -7.423415069905654588e-12 -1.067978508959804474e-11 -9.514820899083269570e-12 -5.111854332593877639e-13 -4.215119485169997634e-13 2.425543454304587580e-13 -3.030601737726973659e-12 -3.209354119095130616e-12
5.306256541608234589e-12 1.080801867197256931e-11 3.242036235373875332e-11 1.163321407578102268e-11 4.782831918658542647e-12 4.537453026508171942e-12 4.050318444330168409e-12 1.417630315249048602e-12 8.500605285234647925e-13 1.156995383658102878e-12 5.870246246095425800e-13 -1.937529345697382636e-13 -2.757591709253780118e-12 -2.817147371896570678e-12 -3.716695646085287799e-12 -2.205411076411942179e-12 -1.603150039154339325e-12 -4.089774532201892066e-12 -4.942440560311188024e-12 -3.300006580135966678e-12 -1.604911862358778034e-12 -2.208478642744764440e-12 -5.047430891811733205e-12 -7.129005186779213254e-12 2.995797919257515320e-12 7.590146106116522513e-12
8.237757758414722319e-13 5.100211454506274559e-12 1.163321407578102268e-11 2.709907011364984853e-11 1.084843702332047123e-11 8.745708345857839523e-12 6.183762241461943886e-12 2.683084006758397002e-12 2.264195012474138826e-12 1.399788345653611473e-12 1.250105555280692624e-12 5.283832745646441894e-13 2.573222740705745979e-14 2.201683865131627230e-12 3.703985877820791199e-12 3.932952690980666213e-12 4.681256510212734730e-12 4.080679701315579231e-12 6.248728945065262580e-12 9.214464534316772008e-12 1.287651626506463149e-11 1.126551331504361716e-11 7.865387036248594659e-12 7.027008121381206486e-12 1.258972307470324851e-11 7.028750829290198890e-12
9.837675239229374773e-13 5.291331002613273181e-12 4.782831918658542647e-12 1.084843702332047123e-11 2.542095476308319400e-11 1.275415626301105960e-11 8.715593404414146716e-12 4.530151553216821921e-12 3.113474372736805331e-12 1.833596870490445960e-12 1.746533362710198946e-12 1.511970195531424911e-12 4.014535355066960090e-14 -1.600536153548588231e-12 -4.478379216078101104e-13 -1.533837461451297960e-12 -9.642249399616379332e-13 -3.148800453055056216e-12 -2.802484580093701679e-12 -6.462461243460047570e-13 -1.824417312528563256e-13 2.050120132692191849e-12 -7.427139984536826383e-14 -6.921700377642037187e-12 -3.557341438865945689e-12 9.061020709530867205e-12
6.728445405292387833e-13 4.560255419258351539e-12 4.537453026508171942e-12 8.745708345857839523e-12 1.275415626301105960e-11 2.111462415305036818e-11 1.282174218084372961e-11 8.543643071559422105e-12 6.703877511284630639e-12 4.148385648272909253e-12 2.458260333647997058e-12 2.452980366800985091e-12 2.343225110583342053e-12 4.603654115686049939e-13 3.595285409686157181e-14 8.456740732396071855e-13 2.015250500335305221e-12 -1.104452036065144327e-12 -1.560497740764244904e-12 9.994802616377957286e-13 1.004399672679078074e-12 2.809571771943366423e-12 2.869588699858041742e-12 -1.464520895932280387e-12 1.314583280242106389e-12 5.129996111658224102e-12
-1.071431304518448376e-13 3.958766580310747268e-12 4.050318444330168409e-12 6.183762241461943886e-12 8.715593404414146716e-12 1.282174218084372961e-11 1.915669804582756875e-11 1.278725945582532724e-11 9.539979824724856432e-12 6.702993319625464448e-12 4.319426036937410997e-12 3.183920447730129042e-12 1.646951659248833564e-12 5.066828176381539738e-13 1.243806820770256077e-12 3.242602730001786574e-12 5.141526179949432789e-12 3.860043583893186204e-12 3.848521388725861308e-12 5.638858096796090563e-12 5.990899175831907596e-12 4.094340003154644814e-12 6.447750627763222305e-13 -3.711372822318744312e-12 2.690622854841302059e-12 2.423166942330963295e-12
-1.937508394110179776e-12 7.460179982938411757e-13 1.417630315249048602e-12 2.683084006758397002e-12 4.530151553216821921e-12 8.543643071559422105e-12 1.278725945582532724e-11 1.976583631976459903e-11 1.436778882310304245e-11 1.109978253999043245e-11 8.433912190810474158e-12 7.656482382272006757e-12 5.734203293075234711e-12 5.285631643762925410e-12 5.988149729853802866e-12 8.931052309007599549e-12 1.072125391281777066e-11 9.914278221836709294e-12 1.026471106868421430e-11 1.135807355977772672e-11 9.431282055285162430e-12 3.165529240378904891e-12 -3.794123412973060012e-12 -8.626338204856654799e-12 -4.354953155154243518e-12 -5.685915616811901855e-12
-1.175608146490071337e-12 -8.595400160672827296e-13 8.500605285234647925e-13 2.264195012474138826e-12 3.113474372736805331e-12 6.703877511284630639e-12 9.539979824724856432e-12 1.436778882310304245e-11 2.168008335807514814e-11 1.646842641775000537e-11 1.212022156859534118e-11 1.032886023377063017e-11 7.682897867691551816e-12 7.207208789416466862e-12 6.818433730570971950e-12 7.382624702509629817e-12 1.084365676460718325e-11 9.242448747682595502e-12 9.284276249044505371e-12 1.020435709417958471e-11 7.041155573006932274e-12 1.509716382460716035e-12 5.447541648039063722e-13 -2.946420678615191520e-12 -4.591592174663208517e-12 -6.032248380175863509e-12
-1.919663585369425456e-12 -4.782147400730590402e-13 1.156995383658102878e-12 1.399788345653611473e-12 1.833596870490445960e-12 4.148385648272909253e-12 6.702993319625464448e-12 1.109978253999043245e-11 1.646842641775000537e-11 2.151375510769908190e-11 1.704181206286486626e-11 1.264948166573992963e-11 1.026330555794617532e-11 8.953216658452213265e-12 7.036055109718551286e-12 7.996470063160512393e-12 9.749229985419655747e-12 7.692252923709169040e-12 7.595388975023458149e-12 8.158109897602396197e-12 7.045048678806236650e-12 1.524953064611534651e-12 -3.980993907526311732e-13 -5.637099747687145390e-12 -4.691836679817407827e-12 -1.069319993435519995e-11
-8.939725482867386426e-13 -1.301944813949674166e-12 5.870246246095425800e-13 1.250105555280692624e-12 1.746533362710198946e-12 2.458260333647997058e-12 4.319426036937410997e-12 8.433912190810474158e-12 1.212022156859534118e-11 1.704181206286486626e-11 2.307689689679905799e-11 1.966966376855060421e-11 1.573859324621068818e-11 1.369034581622032450e-11 1.202741328776840822e-11 1.170097337491801653e-11 1.217386833218400177e-11 1.211008130904719018e-11 1.199956785964262848e-11 1.245943133875913845e-11 8.843609301893335358e-12 -2.204975118130721188e-12 -7.493966028365868143e-12 -1.134794788993032118e-11 -7.473556779182856943e-12 -8.152292210716925206e-12
-3.332176673005253290e-12 4.618265098710272216e-13 -1.937529345697382636e-13 5.283832745646441894e-13 1.511970195531424911e-12 2.452980366800985091e-12 3.183920447730129042e-12 7.656482382272006757e-12 1.032886023377063017e-11 1.264948166573992963e-11 1.966966376855060421e-11 2.788544990956064766e-11 2.603845348448324886e-11 2.311924772300157159e-11 2.059565982056631819e-11 1.889300848466672467e-11 1.863780625297816523e-11 1.780068901717923874e-11 1.712296909173108858e-11 1.901483708227428660e-11 1.264620869532888053e-11 -1.715255766879692012e-12 -3.468577209493535480e-12 -6.116264419723490161e-12 -7.665627322596750720e-12 -5.266102431022920683e-12
-7.406783847568680174e-12 -1.675390181000352505e-12 -2.757591709253780118e-12 2.573222740705745979e-14 4.014535355066960090e-14 2.343225110583342053e-12 1.646951659248833564e-12 5.734203293075234711e-12 7.682897867691551816e-12 1.026330555794617532e-11 1.573859324621068818e-11 2.603845348448324886e-11 3.651470017230183539e-11 3.504277111579145583e-11 3.189936721661172946e-11 2.964706611913303510e-11 2.843046261704628067e-11 2.866231897561539613e-11 2.867816198579575489e-11 2.952110263544640357e-11 1.896204756505676415e-11 -3.903456186752200686e-12 -4.565478708235322237e-12 -1.510106414331396722e-12 -8.218636576300519216e-12 -7.344783095019552705e-12
-5.696204922386184710e-12 -3.515278624673208279e-12 -2.817147371896570678e-12 2.201683865131627230e-12 -1.600536153548588231e-12 4.603654115686049939e-13 5.066828176381539738e-13 5.285631643762925410e-12 7.207208789416466862e-12 8.953216658452213265e-12 1.369034581622032450e-11 2.311924772300157159e-11 3.504277111579145583e-11 4.685857585684624806e-11 4.814845144030736184e-11 4.745330530470081571e-11 4.661907475045295278e-11 4.718346071627211907e-11 4.861942206883076343e-11 5.032774532325566231e-11 3.733449836345642795e-11 1.152858641137956508e-12 -5.784453073090910174e-12 -1.761767995716831052e-12 -7.178309914270871195e-12 -3.957073376607533180e-12
-9.467362430747198336e-13 -2.704492165402560974e-12 -3.716695646085287799e-12 3.703985877820791199e-12 -4.478379216078101104e-13 3.595285409686157181e-14 1.243806820770256077e-12 5.988149729853802866e-12 6.818433730570971950e-12 7.036055109718551286e-12 1.202741328776840822e-11 2.059565982056631819e-11 3.189936721661172946e-11 4.814845144030736184e-11 6.493451793939511267e-11 6.879914580297045943e-11 6.905746458135599068e-11 7.007719594437989945e-11 7.203890326692947523e-11 7.731335574037004331e-11 6.421424870668008182e-11 1.478012345018868261e-11 -3.073429582558141429e-12 -3.691550298181376102e-12 -4.623084746336915115e-12 -2.994555883366896108e-12
1.946176689689797295e-12 -1.558535958109858082e-12 -2.205411076411942179e-12 3.932952690980666213e-12 -1.533837461451297960e-12 8.456740732396071855e-13 3.242602730001786574e-12 8.931052309007599549e-12 7.382624702509629817e-12 7.996470063160512393e-12 1.170097337491801653e-11 1.889300848466672467e-11 2.964706611913303510e-11 4.745330530470081571e-11 6.879914580297045943e-11 8.894127573406791335e-11 9.582444000898474774e-11 9.988187288689840305e-11 1.044054550163941362e-10 1.137520492205511619e-10 1.027627642229348122e-10 4.141549488661178903e-11 6.436602733736404775e-12 -1.432582790752477384e-13 -6.452471778588024836e-12 -8.529787640850104904e-12
3.390148574492014203e-12 -8.364493284782252573e-13 -1.603150039154339325e-12 4.681256510212734730e-12 -9.642249399616379332e-13 2.015250500335305221e-12 5.141526179949432789e-12 1.072125391281777066e-11 1.084365676460718325e-11 9.749229985419655747e-12 1.217386833218400177e-11 1.863780625297816523e-11 2.843046261704628067e-11 4.661907475045295278e-11 6.905746458135599068e-11 9.582444000898474774e-11 1.201556493396917908e-10 1.298835874924289981e-10 1.371219309607606945e-10 1.503519868217433209e-10 1.396492713089126190e-10 6.810583985973552690e-11 1.507033573732258243e-11 4.171327685635021583e-12 -9.010553219627037078e-12 -1.352167020833317601e-11
1.058520374404340528e-12 -3.233701083572095365e-12 -4.089774532201892066e-12 4.080679701315579231e-12 -3.148800453055056216e-12 -1.104452036065144327e-12 3.860043583893186204e-12 9.914278221836709294e-12 9.242448747682595502e-12 7.692252923709169040e-12 1.211008130904719018e-11 1.780068901717923874e-11 2.866231897561539613e-11 4.718346071627211907e-11 7.007719594437989945e-11 9.988187288689840305e-11 1.298835874924289981e-10 1.613388815397083135e-10 1.786170626506645315e-10 1.953987871945316540e-10 1.851964703237097224e-10 1.031229274001158360e-10 2.528917034996721163e-11 7.289714393923140006e-12 -1.378582984468847613e-11 -1.774802281954341439e-11
-5.410642084529360210e-12 -7.423415069905654588e-12 -4.942440560311188024e-12 6.248728945065262580e-12 -2.802484580093701679e-12 -1.560497740764244904e-12 3.848521388725861308e-12 1.026471106868421430e-11 9.284276249044505371e-12 7.595388975023458149e-12 1.199956785964262848e-11 1.712296909173108858e-11 2.867816198579575489e-11 4.861942206883076343e-11 7.203890326692947523e-11 1.044054550163941362e-10 1.371219309607606945e-10 1.786170626506645315e-10 2.223118836338628817e-10 2.533719481615652144e-10 2.475234073021339202e-10 1.586479615483268565e-10 5.158218550174483025e-11 1.697292063012626030e-11 -1.184709403447386764e-11 -2.028271223850264852e-11
-6.421628186871709206e-12 -1.067978508959804474e-11 -3.300006580135966678e-12 9.214464534316772008e-12 -6.462461243460047570e-13 9.994802616377957286e-13 5.638858096796090563e-12 1.135807355977772672e-11 1.020435709417958471e-11 8.158109897602396197e-12 1.245943133875913845e-11 1.901483708227428660e-11 2.952110263544640357e-11 5.032774532325566231e-11 7.731335574037004331e-11 1.137520492205511619e-10 1.503519868217433209e-10 1.953987871945316540e-10 2.533719481615652144e-10 3.294367980495583825e-10 3.482334648495481760e-10 2.578428197916337830e-10 1.180183930373790443e-10 3.692970002978275756e-11 -3.953055111014703230e-12 -1.830470863588287673e-11
-3.219543953264109314e-12 -9.514820899083269570e-12 -1.604911862358778034e-12 1.287651626506463149e-11 -1.824417312528563256e-13 1.004399672679078074e-12 5.990899175831907596e-12 9.431282055285162430e-12 7.041155573006932274e-12 7.045048678806236650e-12 8.843609301893335358e-12 1.264620869532888053e-11 1.896204756505676415e-11 3.733449836345642795e-11 6.421424870668008182e-11 1.027627642229348122e-10 1.396492713089126190e-10 1.851964703237097224e-10 2.475234073021339202e-10 3.482334648495481760e-10 4.407780692157871157e-10 3.958800773296462016e-10 2.394762305984128456e-10 7.030572063848274813e-11 -6.445106622057592808e-12 -2.054856103903907256e-11
3.349590668809393275e-12 -5.111854332593877639e-13 -2.208478642744764440e-12 1.126551331504361716e-11 2.050120132692191849e-12 2.809571771943366423e-12 4.094340003154644814e-12 3.165529240378904891e-12 1.509716382460716035e-12 1.524953064611534651e-12 -2.204975118130721188e-12 -1.715255766879692012e-12 -3.903456186752200686e-12 1.152858641137956508e-12 1.478012345018868261e-11 4.141549488661178903e-11 6.810583985973552690e-11 1.031229274001158360e-10 1.586479615483268565e-10 2.578428197916337830e-10 3.958800773296462016e-10 4.840607991859346752e-10 3.852912360193113951e-10 1.498953836801560033e-10 3.902474868910239399e-12 -1.379199308215681456e-11
1.160097781281760591e-11 -4.215119485169997634e-13 -5.047430891811733205e-12 7.865387036248594659e-12 -7.427139984536826383e-14 2.869588699858041742e-12 6.447750627763222305e-13 -3.794123412973060012e-12 5.447541648039063722e-13 -3.980993907526311732e-13 -7.493966028365868143e-12 -3.468577209493535480e-12 -4.565478708235322237e-12 -5.784453073090910174e-12 -3.073429582558141429e-12 6.436602733736404775e-12 1.507033573732258243e-11 2.528917034996721163e-11 5.158218550174483025e-11 1.180183930373790443e-10 2.394762305984128456e-10 3.852912360193113951e-10 4.465790509599303619e-10 2.751247076601988889e-10 5.814064778251979129e-11 9.190619267062627536e-12
1.222333133818948588e-11 2.425543454304587580e-13 -7.129005186779213254e-12 7.027008121381206486e-12 -6.921700377642037187e-12 -1.464520895932280387e-12 -3.711372822318744312e-12 -8.626338204856654799e-12 -2.946420678615191520e-12 -5.637099747687145390e-12 -1.134794788993032118e-11 -6.116264419723490161e-12 -1.510106414331396722e-12 -1.761767995716831052e-12 -3.691550298181376102e-12 -1.432582790752477384e-13 4.171327685635021583e-12 7.289714393923140006e-12 1.697292063012626030e-11 3.692970002978275756e-11 7.030572063848274813e-11 1.498953836801560033e-10 2.751247076601988889e-10 3.462100089648771207e-10 1.930219032856495727e-10 3.854340588818812107e-11
7.893498989008764978e-12 -3.030601737726973659e-12 2.995797919257515320e-12 1.258972307470324851e-11 -3.557341438865945689e-12 1.314583280242106389e-12 2.690622854841302059e-12 -4.354953155154243518e-12 -4.591592174663208517e-12 -4.691836679817407827e-12 -7.473556779182856943e-12 -7.665627322596750720e-12 -8.218636576300519216e-12 -7.178309914270871195e-12 -4.623084746336915115e-12 -6.452471778588024836e-12 -9.010553219627037078e-12 -1.378582984468847613e-11 -1.184709403447386764e-11 -3.953055111014703230e-12 -6.445106622057592808e-12 3.902474868910239399e-12 5.814064778251979129e-11 1.930219032856495727e-10 2.992453144532267301e-10 1.585841672449366498e-10
-8.214697331596969752e-13 -3.209354119095130616e-12 7.590146106116522513e-12 7.028750829290198890e-12 9.061020709530867205e-12 5.129996111658224102e-12 2.423166942330963295e-12 -5.685915616811901855e-12 -6.032248380175863509e-12 -1.069319993435519995e-11 -8.152292210716925206e-12 -5.266102431022920683e-12 -7.344783095019552705e-12 -3.957073376607533180e-12 -2.994555883366896108e-12 -8.529787640850104904e-12 -1.352167020833317601e-11 -1.774802281954341439e-11 -2.028271223850264852e-11 -1.830470863588287673e-11 -2.054856103903907256e-11 -1.379199308215681456e-11 9.190619267062627536e-12 3.854340588818812107e-11 1.585841672449366498e-10 3.355334442370438827e-10
