1.043908621570596595e-10 1.933087608723335369e-11 5.750317256532140391e-12 3.620917123820067892e-12 8.480102207291979027e-13 2.767641945722575971e-12 -5.028664908748900823e-13 -1.426495516227879327e-12 2.334157131199376670e-13 -7.163869126331865545e-13 -3.307661049198610483e-12 1.521987219479824393e-12 1.837155229789841328e-12 4.157339414539350993e-12 8.930299856320697429e-12 1.404165192663583403e-11 1.256919051322517807e-11 1.697002913964270964e-11 1.726964923383784241e-11 2.781113785036857495e-11 3.878253077406125864e-11 2.311151848025396366e-11 -3.617666153107979924e-11 -8.808747504119509310e-11 -6.474141334179824978e-11 -3.659054797110466783e-11
1.933087608723335369e-11 7.038765672763258542e-11 1.361402341292562737e-11 1.237782079977677667e-11 6.225720109537129434e-12 9.110616508150236634e-12 2.583898382415866645e-12 4.832019472801227455e-12 3.842963036082410896e-12 4.650295256568349399e-12 3.182546883513393976e-12 5.241149748861001372e-12 8.111299766902203769e-12 1.240526723132432542e-11 1.685861030079596380e-11 1.505734034149571284e-11 1.758534735318976846e-11 1.452690554500664769e-11 1.889371494473871075e-11 1.731838281834649598e-11 6.237562167515556700e-12 -8.415344006151355134e-12 -1.800398649777594388e-11 -1.917073791261245533e-11 9.671521186529066312e-12 2.976886185988065777e-11
5.750317256532140391e-12 1.361402341292562737e-11 4.944366691539100041e-11 1.521372311334427686e-11 9.113672083406180027e-12 5.461833599974232214e-12 -6.101189842709377595e-13 2.587391217033601381e-13 7.497512415025729668e-14 6.610125397317346844e-13 -1.655650847942157605e-12 -1.601031150111029562e-12 3.237533831563154736e-12 3.502795008701093396e-12 3.112321152092782770e-12 1.848340315610167960e-12 6.688095603243925119e-13 3.134072374400578350e-12 2.891127941315149282e-12 -1.731002568649153702e-12 -1.851198550389020941e-11 -2.682676775902465632e-11 -2.225839427248774957e-11 -1.096214003443860294e-11 -8.034621268829671946e-12 -1.949056599331389823e-11
3.620917123820067892e-12 1.237782079977677667e-11 1.521372311334427686e-11 4.386316336716514456e-11 1.450922357145679476e-11 8.480050332122442083e-12 3.349668343101451481e-12 7.363335167869408726e-12 6.995169194741599025e-12 8.528488251951275387e-12 7.170454040772151530e-12 6.031902949874618990e-12 6.332562197018891041e-12 8.115588904434099984e-12 1.106802031432158510e-11 1.249368407546535217e-11 1.217604320072725707e-11 8.393030088761000779e-12 4.602558231319820545e-12 -4.496077970117566036e-13 -2.131446517938562618e-11 -2.731421138231417592e-11 -1.950587553503455257e-11 -5.684698175669541675e-12 1.907897240894776295e-12 2.853148236296305602e-12
8.480102207291979027e-13 6.225720109537129434e-12 9.113672083406180027e-12 1.450922357145679476e-11 3.620139352871451019e-11 1.847295819233997174e-11 1.016506413704548997e-11 1.172753981685698710e-11 9.705486757193199986e-12 9.914471996163084968e-12 7.395390549711433489e-12 4.974922123341508107e-12 8.231677124279389851e-12 1.009242527120347458e-11 1.376590295103850246e-11 1.654525028927084886e-11 1.959460349858060506e-11 2.319605601496823964e-11 2.678906754241034815e-11 2.388120564758065069e-11 1.008236613070098752e-11 -3.960910689751255568e-12 -2.016874476668716430e-11 -1.402356864543961497e-11 1.047909272918884857e-11 1.500153042794857581e-12
2.767641945722575971e-12 9.110616508150236634e-12 5.461833599974232214e-12 8.480050332122442083e-12 1.847295819233997174e-11 3.759639714018721536e-11 1.904486630881096400e-11 1.515539882557127964e-11 1.043684754757506278e-11 8.866993383510149954e-12 6.634268893943702971e-12 5.831431075368735688e-12 9.998634407399831232e-12 1.201530829161303508e-11 1.627058207136363316e-11 2.094742447025582816e-11 2.607555569939740413e-11 3.322787779268928800e-11 4.151380723833585471e-11 4.017604546579788999e-11 2.663537547855514933e-11 -2.917136852248182017e-13 -3.586997531220876893e-11 -2.855330051789009407e-11 1.517769332366534007e-12 1.082017117368752024e-11
-5.028664908748900823e-13 2.583898382415866645e-12 -6.101189842709377595e-13 3.349668343101451481e-12 1.016506413704548997e-11 1.904486630881096400e-11 2.988716034919343130e-11 2.141557791994106468e-11 1.564096425630926485e-11 1.138676229917268121e-11 9.329057517807560792e-12 9.834137296784465015e-12 1.527874412804968157e-11 1.798133327818903365e-11 1.958348729566472889e-11 2.189570539726083258e-11 2.607255171762133790e-11 3.729022647611088126e-11 4.623292452788241975e-11 4.201774914098771403e-11 2.690146539798658892e-11 1.366657505234827376e-12 -1.982127642531840485e-11 -1.383978974165140077e-11 -1.416828974182215103e-11 -1.389264265907430741e-11
-1.426495516227879327e-12 4.832019472801227455e-12 2.587391217033601381e-13 7.363335167869408726e-12 1.172753981685698710e-11 1.515539882557127964e-11 2.141557791994106468e-11 3.589828028318511064e-11 2.792726704676489170e-11 2.219880707384145472e-11 1.793956478259316570e-11 1.769623184194960552e-11 2.174819033593246229e-11 2.551892659659964493e-11 3.012807723523289728e-11 3.518189404506063432e-11 4.155727179865933260e-11 4.786794302159683944e-11 5.724164545574682998e-11 5.740124832130433094e-11 3.698980763695921021e-11 1.922474421211417996e-12 -1.164325430745441047e-11 -2.697158756230940191e-12 -7.482484222981705009e-12 9.726863655241841221e-13
2.334157131199376670e-13 3.842963036082410896e-12 7.497512415025729668e-14 6.995169194741599025e-12 9.705486757193199986e-12 1.043684754757506278e-11 1.564096425630926485e-11 2.792726704676489170e-11 3.878130986684155155e-11 3.330466614399300580e-11 2.869963558953062839e-11 2.764166303128575891e-11 3.060308546098198465e-11 3.577863738530397321e-11 4.247232904178430815e-11 4.745423627066440252e-11 5.410911392302716706e-11 6.188232315402210333e-11 6.702042188999972847e-11 6.421945463644489358e-11 3.671372646082073015e-11 -7.755476428605725067e-12 -1.044539001542836416e-11 9.081283512579851466e-13 -1.275068725493572582e-11 2.375763634228110156e-12
-7.163869126331865545e-13 4.650295256568349399e-12 6.610125397317346844e-13 8.528488251951275387e-12 9.914471996163084968e-12 8.866993383510149954e-12 1.138676229917268121e-11 2.219880707384145472e-11 3.330466614399300580e-11 4.588571654830159799e-11 4.201769747911597029e-11 3.865265898151643640e-11 4.284377987840049684e-11 5.027755745653376095e-11 5.855955798594273050e-11 6.644033853698027609e-11 7.788659248805110085e-11 8.947508743181570441e-11 9.822076338894159602e-11 1.045617858867762632e-10 8.703911160778226546e-11 4.073406634787742975e-11 2.902811771294962355e-11 1.501077537583162766e-11 -1.268067242261565321e-11 -8.084469332425657104e-12
-3.307661049198610483e-12 3.182546883513393976e-12 -1.655650847942157605e-12 7.170454040772151530e-12 7.395390549711433489e-12 6.634268893943702971e-12 9.329057517807560792e-12 1.793956478259316570e-11 2.869963558953062839e-11 4.201769747911597029e-11 5.556686343360627440e-11 5.261882331326279183e-11 5.699861578465219296e-11 6.377931808715081124e-11 7.282526600406551805e-11 7.966375313530074475e-11 9.010424801973912804e-11 1.012602285201812235e-10 1.121010377949309248e-10 1.247184874920182946e-10 1.099998829395555459e-10 5.388314347632014001e-11 4.345384513848340415e-11 2.480388756564768300e-11 -9.850511641390557107e-12 -4.385944515615151655e-12
1.521987219479824393e-12 5.241149748861001372e-12 -1.601031150111029562e-12 6.031902949874618990e-12 4.974922123341508107e-12 5.831431075368735688e-12 9.834137296784465015e-12 1.769623184194960552e-11 2.764166303128575891e-11 3.865265898151643640e-11 5.261882331326279183e-11 7.214318459878177520e-11 8.398229752323846506e-11 9.393702792597841578e-11 1.046474509512229467e-10 1.137350868162213159e-10 1.271886255460735212e-10 1.430342756891867386e-10 1.542471507093391506e-10 1.669017590192193357e-10 1.434272869660811297e-10 5.072404229996143041e-11 1.325380811696144727e-11 3.408854635494302909e-12 -1.757457934109104433e-12 5.026630566645309698e-12
1.837155229789841328e-12 8.111299766902203769e-12 3.237533831563154736e-12 6.332562197018891041e-12 8.231677124279389851e-12 9.998634407399831232e-12 1.527874412804968157e-11 2.174819033593246229e-11 3.060308546098198465e-11 4.284377987840049684e-11 5.699861578465219296e-11 8.398229752323846506e-11 1.194270682598172321e-10 1.368987462650474610e-10 1.522175409217891306e-10 1.658771727807406210e-10 1.858489068433454392e-10 2.081299344603172320e-10 2.189173137069384060e-10 2.284724038795754845e-10 1.801345466968341667e-10 3.981939571151384490e-11 -2.251878774694974557e-11 -1.498269059254607698e-11 1.233500095819054612e-11 9.321756142929949024e-12
4.157339414539350993e-12 1.240526723132432542e-11 3.502795008701093396e-12 8.115588904434099984e-12 1.009242527120347458e-11 1.201530829161303508e-11 1.798133327818903365e-11 2.551892659659964493e-11 3.577863738530397321e-11 5.027755745653376095e-11 6.377931808715081124e-11 9.393702792597841578e-11 1.368987462650474610e-10 1.811397312609364642e-10 2.089178590136931729e-10 2.290515188870249430e-10 2.569027368781852304e-10 2.889415410970541002e-10 3.067247036486541847e-10 3.227565647737219838e-10 2.599460888103144337e-10 7.736725630439032203e-11 -1.948896065065896059e-11 -3.381317981429224412e-11 -1.102911464685850607e-11 -8.527693042870357160e-12
8.930299856320697429e-12 1.685861030079596380e-11 3.112321152092782770e-12 1.106802031432158510e-11 1.376590295103850246e-11 1.627058207136363316e-11 1.958348729566472889e-11 3.012807723523289728e-11 4.247232904178430815e-11 5.855955798594273050e-11 7.282526600406551805e-11 1.046474509512229467e-10 1.522175409217891306e-10 2.089178590136931729e-10 2.732883606587451628e-10 3.150195378730784340e-10 3.595837157778868192e-10 4.040383796163037975e-10 4.339054736588386254e-10 4.676541494245825732e-10 3.937743826468848985e-10 1.473640091479838036e-10 3.565254013878933683e-13 -3.963784584926373211e-11 -2.119512136853336758e-11 -3.210033494569127317e-12
1.404165192663583403e-11 1.505734034149571284e-11 1.848340315610167960e-12 1.249368407546535217e-11 1.654525028927084886e-11 2.094742447025582816e-11 2.189570539726083258e-11 3.518189404506063432e-11 4.745423627066440252e-11 6.644033853698027609e-11 7.966375313530074475e-11 1.137350868162213159e-10 1.658771727807406210e-10 2.290515188870249430e-10 3.150195378730784340e-10 3.980563139439476549e-10 4.732128889825706523e-10 5.399187749202301708e-10 5.858092518858022611e-10 6.395876630156351740e-10 5.610967044772452830e-10 2.427412980544279606e-10 1.996297486066553240e-11 -4.712171536866351240e-11 -1.477991347064024983e-11 -1.230672839322874383e-11
1.256919051322517807e-11 1.758534735318976846e-11 6.688095603243925119e-13 1.217604320072725707e-11 1.959460349858060506e-11 2.607555569939740413e-11 2.607255171762133790e-11 4.155727179865933260e-11 5.410911392302716706e-11 7.788659248805110085e-11 9.010424801973912804e-11 1.271886255460735212e-10 1.858489068433454392e-10 2.569027368781852304e-10 3.595837157778868192e-10 4.732128889825706523e-10 6.207755557192893260e-10 7.467362116180198924e-10 8.210683139369954467e-10 8.981184160370685607e-10 8.076909743982160025e-10 4.076584982998903146e-10 8.583514801525561600e-11 -2.158299842486494936e-11 4.350309517999900053e-12 -2.806518042007895917e-11
1.697002913964270964e-11 1.452690554500664769e-11 3.134072374400578350e-12 8.393030088761000779e-12 2.319605601496823964e-11 3.322787779268928800e-11 3.729022647611088126e-11 4.786794302159683944e-11 6.188232315402210333e-11 8.947508743181570441e-11 1.012602285201812235e-10 1.430342756891867386e-10 2.081299344603172320e-10 2.889415410970541002e-10 4.040383796163037975e-10 5.399187749202301708e-10 7.467362116180198924e-10 9.798091174422431462e-10 1.123488016471855779e-09 1.254324309776680503e-09 1.179098073654537793e-09 6.934795109954393409e-10 2.106081158732481501e-10 1.801210299569771416e-11 1.337201821924122107e-11 -6.483975793325635545e-11
1.726964923383784241e-11 1.889371494473871075e-11 2.891127941315149282e-12 4.602558231319820545e-12 2.678906754241034815e-11 4.151380723833585471e-11 4.623292452788241975e-11 5.724164545574682998e-11 6.702042188999972847e-11 9.822076338894159602e-11 1.121010377949309248e-10 1.542471507093391506e-10 2.189173137069384060e-10 3.067247036486541847e-10 4.339054736588386254e-10 5.858092518858022611e-10 8.210683139369954467e-10 1.123488016471855779e-09 1.394242894020991118e-09 1.640381157405394022e-09 1.635974505191347758e-09 1.106749022434354809e-09 4.242068888498465388e-10 7.455409816131507398e-11 2.451185203311628321e-11 -1.102673193711783597e-10
2.781113785036857495e-11 1.731838281834649598e-11 -1.731002568649153702e-12 -4.496077970117566036e-13 2.388120564758065069e-11 4.017604546579788999e-11 4.201774914098771403e-11 5.740124832130433094e-11 6.421945463644489358e-11 1.045617858867762632e-10 1.247184874920182946e-10 1.669017590192193357e-10 2.284724038795754845e-10 3.227565647737219838e-10 4.676541494245825732e-10 6.395876630156351740e-10 8.981184160370685607e-10 1.254324309776680503e-09 1.640381157405394022e-09 2.105595093781581172e-09 2.265863006099449920e-09 1.721430298510413579e-09 7.909079392227166141e-10 1.538065865834230393e-10 3.924872942482713802e-11 -1.516277031075614450e-10
3.878253077406125864e-11 6.237562167515556700e-12 -1.851198550389020941e-11 -2.131446517938562618e-11 1.008236613070098752e-11 2.663537547855514933e-11 2.690146539798658892e-11 3.698980763695921021e-11 3.671372646082073015e-11 8.703911160778226546e-11 1.099998829395555459e-10 1.434272869660811297e-10 1.801345466968341667e-10 2.599460888103144337e-10 3.937743826468848985e-10 5.610967044772452830e-10 8.076909743982160025e-10 1.179098073654537793e-09 1.635974505191347758e-09 2.265863006099449920e-09 2.756235083575677612e-09 2.451313194094044653e-09 1.415236413549875272e-09 3.566316193429777986e-10 3.499036211052832814e-11 -2.134047017407205936e-10
2.311151848025396366e-11 -8.415344006151355134e-12 -2.682676775902465632e-11 -2.731421138231417592e-11 -3.960910689751255568e-12 -2.917136852248182017e-13 1.366657505234827376e-12 1.922474421211417996e-12 -7.755476428605725067e-12 4.073406634787742975e-11 5.388314347632014001e-11 5.072404229996143041e-11 3.981939571151384490e-11 7.736725630439032203e-11 1.473640091479838036e-10 2.427412980544279606e-10 4.076584982998903146e-10 6.934795109954393409e-10 1.106749022434354809e-09 1.721430298510413579e-09 2.451313194094044653e-09 2.798888649272594350e-09 2.121627796901960416e-09 8.116022681091548164e-10 5.745763069002228270e-11 -2.744202550490821762e-10
-3.617666153107979924e-11 -1.800398649777594388e-11 -2.225839427248774957e-11 -1.950587553503455257e-11 -2.016874476668716430e-11 -3.586997531220876893e-11 -1.982127642531840485e-11 -1.164325430745441047e-11 -1.044539001542836416e-11 2.902811771294962355e-11 4.345384513848340415e-11 1.325380811696144727e-11 -2.251878774694974557e-11 -1.948896065065896059e-11 3.565254013878933683e-13 1.996297486066553240e-11 8.583514801525561600e-11 2.106081158732481501e-10 4.242068888498465388e-10 7.909079392227166141e-10 1.415236413549875272e-09 2.121627796901960416e-09 2.386991382996691509e-09 1.508964843189112941e-09 2.572486742631779168e-10 -1.641104980821893434e-10
-8.808747504119509310e-11 -1.917073791261245533e-11 -1.096214003443860294e-11 -5.684698175669541675e-12 -1.402356864543961497e-11 -2.855330051789009407e-11 -1.383978974165140077e-11 -2.697158756230940191e-12 9.081283512579851466e-13 1.501077537583162766e-11 2.480388756564768300e-11 3.408854635494302909e-12 -1.498269059254607698e-11 -3.381317981429224412e-11 -3.963784584926373211e-11 -4.712171536866351240e-11 -2.158299842486494936e-11 1.801210299569771416e-11 7.455409816131507398e-11 1.538065865834230393e-10 3.566316193429777986e-10 8.116022681091548164e-10 1.508964843189112941e-09 1.786898319935411529e-09 8.725357342885597323e-10 1.211655471916694075e-10
-6.474141334179824978e-11 9.671521186529066312e-12 -8.034621268829671946e-12 1.907897240894776295e-12 1.047909272918884857e-11 1.517769332366534007e-12 -1.416828974182215103e-11 -7.482484222981705009e-12 -1.275068725493572582e-11 -1.268067242261565321e-11 -9.850511641390557107e-12 -1.757457934109104433e-12 1.233500095819054612e-11 -1.102911464685850607e-11 -2.119512136853336758e-11 -1.477991347064024983e-11 4.350309517999900053e-12 1.337201821924122107e-11 2.451185203311628321e-11 3.924872942482713802e-11 3.499036211052832814e-11 5.745763069002228270e-11 2.572486742631779168e-10 8.725357342885597323e-10 1.608745689061517773e-09 8.637603631008951558e-10
-3.659054797110466783e-11 2.976886185988065777e-11 -1.949056599331389823e-11 2.853148236296305602e-12 1.500153042794857581e-12 1.082017117368752024e-11 -1.389264265907430741e-11 9.726863655241841221e-13 2.375763634228110156e-12 -8.084469332425657104e-12 -4.385944515615151655e-12 5.026630566645309698e-12 9.321756142929949024e-12 -8.527693042870357160e-12 -3.210033494569127317e-12 -1.230672839322874383e-11 -2.806518042007895917e-11 -6.483975793325635545e-11 -1.102673193711783597e-10 -1.516277031075614450e-10 -2.134047017407205936e-10 -2.744202550490821762e-10 -1.641104980821893434e-10 1.211655471916694075e-10 8.637603631008951558e-10 1.478461617929587668e-09
