8.313707698945332692e-11 2.932645438605944660e-11 1.107132015230769639e-11 1.575361314175749796e-12 3.031153185587148354e-12 4.443848780760585944e-12 3.766285443562476474e-12 3.478056008790764962e-12 1.670851284826554916e-12 -2.419788166608468658e-12 -2.889608063210864736e-12 -4.468913502433548994e-12 -7.576776736933577259e-12 -6.379885996600631301e-12 -1.618979675732705569e-12 2.290905612726093211e-12 3.112733635185642638e-12 2.778688150885658293e-12 2.862707451777568090e-12 5.454798948986182663e-12 1.170334760000616592e-11 1.698036866240314707e-11 2.806122232760258323e-11 3.772346101035015665e-11 1.547543376196082503e-11 1.077360041947218814e-12
2.932645438605944660e-11 6.288706873882517587e-11 1.988726539216561420e-11 1.044781807153470929e-11 9.016894157629247071e-12 4.126438271314622947e-12 5.816622322501999406e-12 5.276459083958504759e-12 3.363898426715436613e-12 -8.845524314689850531e-13 -1.324318569197613296e-12 -2.120527779391049488e-12 -4.906236740467343274e-12 -5.059204465223472620e-12 -3.239028958538234601e-12 -1.772464399524089852e-12 -1.014436931568411133e-12 1.055154307872582893e-12 1.095624673425847227e-12 -1.550864458940080679e-12 -6.747866431882219800e-12 -7.507213531795719985e-12 7.524364648239331039e-12 2.793349703328880450e-11 2.780331473830803076e-11 -7.700069938049101201e-12
1.107132015230769639e-11 1.988726539216561420e-11 4.583507995945279889e-11 1.280167743315108800e-11 5.783071696776987766e-12 5.899304251328667891e-12 4.935410525599949666e-12 1.749262196190983951e-12 3.392332425187674712e-13 -2.880395391425258660e-12 -4.704697117786641234e-12 -3.402404020390547369e-12 -4.777601741197204061e-12 -2.137688004358801186e-12 -5.862568264125723061e-13 1.448707676099328249e-13 4.870497710469804123e-12 8.475776520592306787e-12 1.149459945777130652e-11 1.342907625097946164e-11 1.032514093490269155e-11 4.480391610151841620e-12 1.350023244679860860e-12 -1.522865305727725986e-12 -7.524374596739921673e-12 -1.036900501510015583e-11
1.575361314175749796e-12 1.044781807153470929e-11 1.280167743315108800e-11 3.270687817303093637e-11 1.216660095807036909e-11 6.361146973976567639e-12 7.471555259873356036e-12 3.492935787760024559e-12 2.381478371316635351e-12 1.268934538083627339e-12 1.029355374131302962e-12 -8.600187296316811904e-13 -4.994085733423269978e-13 -5.635279173674283250e-13 1.178478969554994818e-12 4.256504150745587667e-12 6.903975588095080224e-12 9.966349058319909924e-12 1.413771910993066267e-11 1.560316248112188348e-11 2.151399044806333749e-11 1.734022185508127241e-11 1.218822329867631940e-11 9.041987119827673035e-12 3.860663016196758563e-12 -1.117241049389834173e-11
3.031153185587148354e-12 9.016894157629247071e-12 5.783071696776987766e-12 1.216660095807036909e-11 2.822549472428478465e-11 1.126249593027616729e-11 1.074702622434039287e-11 8.029048235590975992e-12 6.024067031835828758e-12 4.847362972127154232e-12 4.540237172665516207e-12 4.400769053028372336e-12 2.357523509975257608e-12 3.033403382689779055e-12 4.954562078076823325e-12 4.712196790640908404e-12 6.193484780681500044e-12 7.628033859484704493e-12 7.611825771749955548e-12 7.676476260759825941e-12 6.614892684331481670e-12 9.455936344917693777e-13 2.730785834423379603e-12 1.140179697742238390e-11 1.209868300713011716e-11 1.376782104360567939e-12
4.443848780760585944e-12 4.126438271314622947e-12 5.899304251328667891e-12 6.361146973976567639e-12 1.126249593027616729e-11 2.384835566758230178e-11 1.261029064426260939e-11 7.401449604595732990e-12 5.463936549031506271e-12 5.452080252281163061e-12 2.903398557255129965e-12 3.408824201502469388e-12 3.160319473494361757e-12 3.074950511556980812e-12 4.827902933210072652e-12 7.634415603445262163e-12 9.565278054112802082e-12 1.216891981517455735e-11 1.480025051300854196e-11 1.741669617217382082e-11 1.573910756863551867e-11 9.034885173387385676e-12 2.708947224521343635e-12 1.793706759937276713e-12 3.664200423782207497e-12 2.649147786816031302e-12
3.766285443562476474e-12 5.816622322501999406e-12 4.935410525599949666e-12 7.471555259873356036e-12 1.074702622434039287e-11 1.261029064426260939e-11 2.029946516563580754e-11 1.096389977483033592e-11 8.649227451283193444e-12 8.043622608121438076e-12 6.802988966483128783e-12 5.610396237794559757e-12 4.311356017080037295e-12 4.898117673360547014e-12 5.165781345130532529e-12 5.759191503553600099e-12 6.617165936520200366e-12 8.193425970093662868e-12 1.207399575491826852e-11 1.309916472575951538e-11 1.195749881203461398e-11 4.877224237015214924e-12 5.090985861332257188e-12 3.600681136558118165e-12 -1.716952631663276250e-12 -4.612799934810676954e-12
3.478056008790764962e-12 5.276459083958504759e-12 1.749262196190983951e-12 3.492935787760024559e-12 8.029048235590975992e-12 7.401449604595732990e-12 1.096389977483033592e-11 2.079519198650658265e-11 1.484180943900724124e-11 1.048905127804486148e-11 9.544569325799031032e-12 7.890277741399856580e-12 6.844797779753269397e-12 6.335071845965668338e-12 6.547315952824571476e-12 5.157175579568408980e-12 7.219575822666731330e-12 9.572514632952810683e-12 1.270047956498104804e-11 1.396757447670104623e-11 1.453017837908395473e-11 1.294842912649055835e-11 1.940969088742635061e-11 1.625250815490963109e-11 3.261854460796542325e-12 -4.513498048879320306e-12
1.670851284826554916e-12 3.363898426715436613e-12 3.392332425187674712e-13 2.381478371316635351e-12 6.024067031835828758e-12 5.463936549031506271e-12 8.649227451283193444e-12 1.484180943900724124e-11 2.247014290259189560e-11 1.643662326847670522e-11 1.394985833056106815e-11 1.046867884538361680e-11 9.943280009652648465e-12 1.041941381769580911e-11 1.121244208204514354e-11 1.053079056041564715e-11 1.249490943105354823e-11 1.378716179755701881e-11 1.548622578891455390e-11 1.448501929352094671e-11 1.239209213685307527e-11 6.708515884345435484e-12 1.399019465517883488e-11 1.699640452736246412e-11 3.136256342892884897e-12 -6.207982132744016815e-12
-2.419788166608468658e-12 -8.845524314689850531e-13 -2.880395391425258660e-12 1.268934538083627339e-12 4.847362972127154232e-12 5.452080252281163061e-12 8.043622608121438076e-12 1.048905127804486148e-11 1.643662326847670522e-11 2.462044767594940507e-11 2.011437008000382443e-11 1.505878224207275405e-11 1.563014209697945940e-11 1.528455419535803682e-11 1.413472432294469029e-11 1.405355391498540174e-11 1.492265537905832651e-11 1.620624115363385096e-11 1.592267017303966207e-11 1.650456305393982920e-11 1.514734838285755580e-11 5.346907194562957467e-12 1.195183549839187962e-11 1.647272262775323473e-11 1.084599938674890029e-11 2.035299845232767829e-12
-2.889608063210864736e-12 -1.324318569197613296e-12 -4.704697117786641234e-12 1.029355374131302962e-12 4.540237172665516207e-12 2.903398557255129965e-12 6.802988966483128783e-12 9.544569325799031032e-12 1.394985833056106815e-11 2.011437008000382443e-11 2.831813162321871376e-11 2.409458759006056510e-11 2.430641318820469391e-11 2.210681210261939988e-11 2.065173858432916650e-11 2.083936493235972660e-11 2.177777943534461229e-11 2.355902872451060766e-11 2.594144473887693632e-11 2.914770385348701389e-11 2.973926319802647638e-11 1.937052667980791739e-11 2.063366939634015485e-11 1.961504293188826543e-11 1.526872188229866596e-11 9.010166209493896409e-13
-4.468913502433548994e-12 -2.120527779391049488e-12 -3.402404020390547369e-12 -8.600187296316811904e-13 4.400769053028372336e-12 3.408824201502469388e-12 5.610396237794559757e-12 7.890277741399856580e-12 1.046867884538361680e-11 1.505878224207275405e-11 2.409458759006056510e-11 3.107282336110383867e-11 3.197958074306137735e-11 2.895613970385197380e-11 2.642617364234638129e-11 2.655210227127738111e-11 2.763243384301504157e-11 3.158202787144562840e-11 3.462244674369177636e-11 3.865237592683114302e-11 3.608328722266477849e-11 1.721426905543367045e-11 1.139353478989990234e-11 9.666596340942503499e-12 1.956419835388624965e-11 1.353393525955009347e-11
-7.576776736933577259e-12 -4.906236740467343274e-12 -4.777601741197204061e-12 -4.994085733423269978e-13 2.357523509975257608e-12 3.160319473494361757e-12 4.311356017080037295e-12 6.844797779753269397e-12 9.943280009652648465e-12 1.563014209697945940e-11 2.430641318820469391e-11 3.197958074306137735e-11 4.568629162620727670e-11 4.441179753195874216e-11 4.207519336767735788e-11 4.426474266843940700e-11 4.610042186831699442e-11 5.218430563248243117e-11 5.717371904609981869e-11 6.074127925419421468e-11 5.615796678725432194e-11 2.665355281994357545e-11 1.606037255773455314e-11 1.249887328536948639e-11 1.993037522060301019e-11 1.360182426300761862e-11
-6.379885996600631301e-12 -5.059204465223472620e-12 -2.137688004358801186e-12 -5.635279173674283250e-13 3.033403382689779055e-12 3.074950511556980812e-12 4.898117673360547014e-12 6.335071845965668338e-12 1.041941381769580911e-11 1.528455419535803682e-11 2.210681210261939988e-11 2.895613970385197380e-11 4.441179753195874216e-11 5.614672028851562941e-11 5.898961369323228088e-11 6.391509935280522854e-11 6.852624449056513432e-11 7.809915332023151257e-11 8.805466940523663137e-11 9.426151851266374779e-11 8.073766023316822078e-11 2.836131707103466547e-11 8.561694089422703766e-12 1.446530868049758768e-11 2.132170991915546611e-11 8.892736747327887617e-12
-1.618979675732705569e-12 -3.239028958538234601e-12 -5.862568264125723061e-13 1.178478969554994818e-12 4.954562078076823325e-12 4.827902933210072652e-12 5.165781345130532529e-12 6.547315952824571476e-12 1.121244208204514354e-11 1.413472432294469029e-11 2.065173858432916650e-11 2.642617364234638129e-11 4.207519336767735788e-11 5.898961369323228088e-11 8.033131854439433494e-11 9.477032295117836413e-11 1.076516942924235653e-10 1.228934803820462849e-10 1.373449288292621760e-10 1.459612994369312618e-10 1.222895992023168035e-10 4.341017275122396858e-11 5.574134888389954445e-12 1.960515528903285710e-11 2.948606893286451456e-11 8.375841486310157268e-12
2.290905612726093211e-12 -1.772464399524089852e-12 1.448707676099328249e-13 4.256504150745587667e-12 4.712196790640908404e-12 7.634415603445262163e-12 5.759191503553600099e-12 5.157175579568408980e-12 1.053079056041564715e-11 1.405355391498540174e-11 2.083936493235972660e-11 2.655210227127738111e-11 4.426474266843940700e-11 6.391509935280522854e-11 9.477032295117836413e-11 1.334069963759570577e-10 1.624833166872927829e-10 1.894081107942629112e-10 2.109689762781335612e-10 2.234859294169407150e-10 1.904407342231165519e-10 7.365331841575506529e-11 5.323904010763355567e-12 2.591710813187982246e-11 4.097022126417932185e-11 1.378695154689466182e-11
3.112733635185642638e-12 -1.014436931568411133e-12 4.870497710469804123e-12 6.903975588095080224e-12 6.193484780681500044e-12 9.565278054112802082e-12 6.617165936520200366e-12 7.219575822666731330e-12 1.249490943105354823e-11 1.492265537905832651e-11 2.177777943534461229e-11 2.763243384301504157e-11 4.610042186831699442e-11 6.852624449056513432e-11 1.076516942924235653e-10 1.624833166872927829e-10 2.268990019115855000e-10 2.762703535774956371e-10 3.111607041147023767e-10 3.313029226245327904e-10 2.919249927596344893e-10 1.339036850800539181e-10 1.209012984857468482e-11 2.506010894736877900e-11 4.237217879791179124e-11 8.075195992254521746e-12
2.778688150885658293e-12 1.055154307872582893e-12 8.475776520592306787e-12 9.966349058319909924e-12 7.628033859484704493e-12 1.216891981517455735e-11 8.193425970093662868e-12 9.572514632952810683e-12 1.378716179755701881e-11 1.620624115363385096e-11 2.355902872451060766e-11 3.158202787144562840e-11 5.218430563248243117e-11 7.809915332023151257e-11 1.228934803820462849e-10 1.894081107942629112e-10 2.762703535774956371e-10 3.676473970795388780e-10 4.280775475185216784e-10 4.564441694151980340e-10 4.122352062580124719e-10 2.173840827366311356e-10 3.072913493473039450e-11 2.732377520126578725e-11 3.954558896411465124e-11 -2.493832914648110959e-13
2.862707451777568090e-12 1.095624673425847227e-12 1.149459945777130652e-11 1.413771910993066267e-11 7.611825771749955548e-12 1.480025051300854196e-11 1.207399575491826852e-11 1.270047956498104804e-11 1.548622578891455390e-11 1.592267017303966207e-11 2.594144473887693632e-11 3.462244674369177636e-11 5.717371904609981869e-11 8.805466940523663137e-11 1.373449288292621760e-10 2.109689762781335612e-10 3.111607041147023767e-10 4.280775475185216784e-10 5.390296466406097810e-10 6.000552962074755792e-10 5.622433768525029883e-10 3.436341520154903522e-10 8.445533945843650026e-11 4.239062951279550826e-11 4.352577389967370680e-11 -9.288555242843870527e-12
5.454798948986182663e-12 -1.550864458940080679e-12 1.342907625097946164e-11 1.560316248112188348e-11 7.676476260759825941e-12 1.741669617217382082e-11 1.309916472575951538e-11 1.396757447670104623e-11 1.448501929352094671e-11 1.650456305393982920e-11 2.914770385348701389e-11 3.865237592683114302e-11 6.074127925419421468e-11 9.426151851266374779e-11 1.459612994369312618e-10 2.234859294169407150e-10 3.313029226245327904e-10 4.564441694151980340e-10 6.000552962074755792e-10 7.399098291252233627e-10 7.486446957401669395e-10 5.318052724012635132e-10 1.972553514041611813e-10 6.823272469200778655e-11 5.157566755564930057e-11 -1.981118388583133217e-11
1.170334760000616592e-11 -6.747866431882219800e-12 1.032514093490269155e-11 2.151399044806333749e-11 6.614892684331481670e-12 1.573910756863551867e-11 1.195749881203461398e-11 1.453017837908395473e-11 1.239209213685307527e-11 1.514734838285755580e-11 2.973926319802647638e-11 3.608328722266477849e-11 5.615796678725432194e-11 8.073766023316822078e-11 1.222895992023168035e-10 1.904407342231165519e-10 2.919249927596344893e-10 4.122352062580124719e-10 5.622433768525029883e-10 7.486446957401669395e-10 8.632843750131443028e-10 7.398772332917021741e-10 3.911497163805896825e-10 1.248832738440601976e-10 2.792965533672632046e-11 -3.820081741841706779e-11
1.698036866240314707e-11 -7.507213531795719985e-12 4.480391610151841620e-12 1.734022185508127241e-11 9.455936344917693777e-13 9.034885173387385676e-12 4.877224237015214924e-12 1.294842912649055835e-11 6.708515884345435484e-12 5.346907194562957467e-12 1.937052667980791739e-11 1.721426905543367045e-11 2.665355281994357545e-11 2.836131707103466547e-11 4.341017275122396858e-11 7.365331841575506529e-11 1.339036850800539181e-10 2.173840827366311356e-10 3.436341520154903522e-10 5.318052724012635132e-10 7.398772332917021741e-10 8.550478206311241945e-10 6.270551979590176833e-10 2.437903215631186245e-10 -3.051923935951828526e-12 -5.489952904002740420e-11
2.806122232760258323e-11 7.524364648239331039e-12 1.350023244679860860e-12 1.218822329867631940e-11 2.730785834423379603e-12 2.708947224521343635e-12 5.090985861332257188e-12 1.940969088742635061e-11 1.399019465517883488e-11 1.195183549839187962e-11 2.063366939634015485e-11 1.139353478989990234e-11 1.606037255773455314e-11 8.561694089422703766e-12 5.574134888389954445e-12 5.323904010763355567e-12 1.209012984857468482e-11 3.072913493473039450e-11 8.445533945843650026e-11 1.972553514041611813e-10 3.911497163805896825e-10 6.270551979590176833e-10 7.110906283269608158e-10 4.461131511852327141e-10 6.292562324061402811e-11 -2.270328217171602371e-11
3.772346101035015665e-11 2.793349703328880450e-11 -1.522865305727725986e-12 9.041987119827673035e-12 1.140179697742238390e-11 1.793706759937276713e-12 3.600681136558118165e-12 1.625250815490963109e-11 1.699640452736246412e-11 1.647272262775323473e-11 1.961504293188826543e-11 9.666596340942503499e-12 1.249887328536948639e-11 1.446530868049758768e-11 1.960515528903285710e-11 2.591710813187982246e-11 2.506010894736877900e-11 2.732377520126578725e-11 4.239062951279550826e-11 6.823272469200778655e-11 1.248832738440601976e-10 2.437903215631186245e-10 4.461131511852327141e-10 5.863090917094476223e-10 3.274927939531904909e-10 7.155825745084249336e-11
1.547543376196082503e-11 2.780331473830803076e-11 -7.524374596739921673e-12 3.860663016196758563e-12 1.209868300713011716e-11 3.664200423782207497e-12 -1.716952631663276250e-12 3.261854460796542325e-12 3.136256342892884897e-12 1.084599938674890029e-11 1.526872188229866596e-11 1.956419835388624965e-11 1.993037522060301019e-11 2.132170991915546611e-11 2.948606893286451456e-11 4.097022126417932185e-11 4.237217879791179124e-11 3.954558896411465124e-11 4.352577389967370680e-11 5.157566755564930057e-11 2.792965533672632046e-11 -3.051923935951828526e-12 6.292562324061402811e-11 3.274927939531904909e-10 5.665926944865629094e-10 3.122637955665918002e-10
1.077360041947218814e-12 -7.700069938049101201e-12 -1.036900501510015583e-11 -1.117241049389834173e-11 1.376782104360567939e-12 2.649147786816031302e-12 -4.612799934810676954e-12 -4.513498048879320306e-12 -6.207982132744016815e-12 2.035299845232767829e-12 9.010166209493896409e-13 1.353393525955009347e-11 1.360182426300761862e-11 8.892736747327887617e-12 8.375841486310157268e-12 1.378695154689466182e-11 8.075195992254521746e-12 -2.493832914648110959e-13 -9.288555242843870527e-12 -1.981118388583133217e-11 -3.820081741841706779e-11 -5.489952904002740420e-11 -2.270328217171602371e-11 7.155825745084249336e-11 3.122637955665918002e-10 5.204590215123028373e-10
