9.332067772093236847e-11 2.347681220106251114e-11 -1.236958651517223162e-12 1.577390324322849869e-12 5.979094848769798348e-12 3.403520267507723733e-12 -3.022949276434459767e-12 2.991432403558363458e-12 -1.137923360488445974e-12 1.331912267157559962e-13 -1.559774908860668176e-12 3.021272347355493740e-12 2.943259674510320322e-12 2.503378668014356152e-12 4.001005663344584579e-12 7.305398479110595577e-12 8.027790514326670822e-12 1.198044168082291444e-11 1.344157357039901675e-11 2.104820835511628242e-11 3.218992613373300710e-11 3.836145327976477051e-11 3.220812189455922858e-11 1.221456569363418731e-11 -8.082250308128545138e-12 -6.620112219042595168e-13
2.347681220106251114e-11 8.099735065677703781e-11 2.005894718608792339e-11 7.875895569893241620e-12 8.677125055743758577e-12 6.459525917917057304e-12 8.320015186799901040e-12 5.333287586184618852e-12 4.480661251220674558e-12 1.978338189458557293e-12 2.072793035468412339e-12 5.680153653152675183e-12 1.528521275596597921e-11 2.577360273580100770e-11 2.972974536160668206e-11 2.828081418911178579e-11 3.377448717843277348e-11 3.947502833369933644e-11 4.041371717611907557e-11 4.134235895906708470e-11 1.526531988518395988e-11 -1.817763424958615281e-11 -3.200573816735068672e-11 -2.429274488698404381e-11 -2.060900008607351126e-11 -1.913636211281686457e-11
-1.236958651517223162e-12 2.005894718608792339e-11 5.315992143230156482e-11 1.180715055785528892e-11 4.243837291621249151e-12 -1.932754010523429018e-12 -1.856870173777227977e-13 -6.146901074731855960e-13 3.806600496625264096e-13 2.085774750215370107e-12 1.451815012528292683e-12 -1.462672841593159564e-12 1.572939402081109092e-12 2.615936229578694400e-12 3.548247201862181419e-12 1.357768105193628457e-12 5.615548899190102140e-12 6.321629352583713206e-12 8.574675567306984217e-14 -1.392976716255064210e-11 -3.666533096250280485e-11 -4.463747699633372028e-11 -3.829712052898316282e-11 -1.706375045381456493e-11 -4.812562996958011953e-13 -4.287988852472666944e-12
1.577390324322849869e-12 7.875895569893241620e-12 1.180715055785528892e-11 3.718780705424270181e-11 1.264303260434929182e-11 4.588732523943519732e-12 1.328497103279537662e-12 3.177307094050978690e-12 3.287525906212624288e-12 5.848551688361512565e-12 4.594464705021141496e-12 3.963363721650337680e-12 3.662498456850517284e-12 5.837239480073759851e-12 9.092256525541702213e-12 9.851169611953737372e-12 1.224051188371313140e-11 8.986123197263318899e-12 3.842329730751438992e-12 2.504050764436369688e-12 -7.924781262940580715e-12 -9.353049846218254569e-12 8.554764727567990787e-12 1.419042076674439627e-11 1.320191186770122899e-12 -5.716748010456851280e-12
5.979094848769798348e-12 8.677125055743758577e-12 4.243837291621249151e-12 1.264303260434929182e-11 3.780443718642044449e-11 1.669112865430002068e-11 1.055973062064302710e-11 1.224307771134866179e-11 8.786466925832482629e-12 1.049944595917536296e-11 9.816631385555845194e-12 6.509140105842252193e-12 7.311997128673690349e-12 1.097852326461979635e-11 1.357955115161554926e-11 1.645176870172454429e-11 1.511239244149809528e-11 1.570979829860459780e-11 1.782077847552253324e-11 1.779239181502090372e-11 1.243000454162595018e-11 2.254007777987773074e-12 -2.760587043658639924e-12 -1.101884438297784240e-11 -8.756941245246945034e-12 -1.452136988054295695e-11
3.403520267507723733e-12 6.459525917917057304e-12 -1.932754010523429018e-12 4.588732523943519732e-12 1.669112865430002068e-11 3.245373474843741140e-11 1.778270185246445822e-11 1.464149455828174749e-11 1.041985318897190741e-11 1.030530487593229163e-11 6.760254382507145603e-12 5.590735553623258607e-12 1.025910834684756072e-11 1.130269058331728218e-11 1.419360065762726360e-11 1.734572207703344594e-11 1.943215368522480323e-11 2.323749164616781108e-11 2.478538878231078116e-11 1.725768058454523125e-11 -1.292457834523362587e-12 -2.993367000425711009e-11 -5.934096051124552760e-11 -4.004157316469610112e-11 -2.036228255654991882e-12 1.149862371735719391e-11
-3.022949276434459767e-12 8.320015186799901040e-12 -1.856870173777227977e-13 1.328497103279537662e-12 1.055973062064302710e-11 1.778270185246445822e-11 3.174479388250904937e-11 2.011905821901478512e-11 1.769382091433748394e-11 1.434390018758226611e-11 1.284971234649670424e-11 1.005817443510825763e-11 1.466996184694565991e-11 1.675338599409716168e-11 1.851036145741020657e-11 2.156089234399804611e-11 2.431193184899593849e-11 3.003666561575034743e-11 3.563249967685232245e-11 3.333894574460038973e-11 2.091069561622498902e-11 2.710709082876022153e-12 -1.093168201127049222e-11 -4.220785808827934667e-12 -2.673748827263045916e-12 -8.620699803093440716e-12
2.991432403558363458e-12 5.333287586184618852e-12 -6.146901074731855960e-13 3.177307094050978690e-12 1.224307771134866179e-11 1.464149455828174749e-11 2.011905821901478512e-11 3.336488526366230560e-11 2.662904166252216095e-11 2.308465666872584798e-11 1.903322123883064589e-11 1.843926099486026449e-11 2.295965829202892629e-11 2.733174701945668511e-11 3.284790052938539224e-11 3.848204719432793691e-11 4.548261986115710200e-11 5.146025663614883517e-11 5.622721229962454966e-11 5.026735880109148915e-11 2.505661837369683732e-11 -1.248875685489556020e-11 -2.430450633850116330e-11 -1.678395350516302893e-11 -1.932382962473284071e-11 -1.971606434543811062e-12
-1.137923360488445974e-12 4.480661251220674558e-12 3.806600496625264096e-13 3.287525906212624288e-12 8.786466925832482629e-12 1.041985318897190741e-11 1.769382091433748394e-11 2.662904166252216095e-11 4.125055389682780717e-11 3.561182047482223239e-11 3.081693566915074667e-11 2.950985608584099537e-11 3.272211351710430480e-11 3.935542739086961005e-11 4.482714404006545046e-11 4.965863744756851539e-11 5.853719844412792453e-11 6.918054350924448731e-11 7.758387749997522110e-11 7.805718899984703536e-11 5.465025294956319592e-11 1.117031083192248831e-11 1.258508670407025424e-12 4.278806337029628195e-12 -1.399518575349140480e-11 2.622243809808564436e-12
1.331912267157559962e-13 1.978338189458557293e-12 2.085774750215370107e-12 5.848551688361512565e-12 1.049944595917536296e-11 1.030530487593229163e-11 1.434390018758226611e-11 2.308465666872584798e-11 3.561182047482223239e-11 4.703292497394713230e-11 4.350527694048111817e-11 3.998287754414846858e-11 4.382406808943647989e-11 4.965618022135228283e-11 5.840868154339311939e-11 6.584892614299421925e-11 7.650574544115258020e-11 8.724948135083004535e-11 9.667118787238553630e-11 1.025892645313027665e-10 8.292763021338762119e-11 3.692419636931998666e-11 2.752250379649217913e-11 1.571484922232567034e-11 -7.498824550873331425e-12 3.659755882666153801e-13
-1.559774908860668176e-12 2.072793035468412339e-12 1.451815012528292683e-12 4.594464705021141496e-12 9.816631385555845194e-12 6.760254382507145603e-12 1.284971234649670424e-11 1.903322123883064589e-11 3.081693566915074667e-11 4.350527694048111817e-11 5.719594633379425343e-11 5.420730317954379123e-11 5.760578519971725802e-11 6.391408625864491042e-11 7.351842117203735484e-11 8.000369607232229704e-11 8.955054586245251302e-11 1.007417310889193472e-10 1.113454968662542528e-10 1.229198374431338665e-10 1.072540823153207540e-10 4.954393097772622843e-11 3.789365506858575910e-11 2.344271578028864395e-11 -8.832739631665635411e-12 -2.231334106504900161e-12
3.021272347355493740e-12 5.680153653152675183e-12 -1.462672841593159564e-12 3.963363721650337680e-12 6.509140105842252193e-12 5.590735553623258607e-12 1.005817443510825763e-11 1.843926099486026449e-11 2.950985608584099537e-11 3.998287754414846858e-11 5.420730317954379123e-11 7.379208484368009890e-11 8.487711433208041652e-11 9.445723115578734537e-11 1.059721624610073147e-10 1.141793814653243385e-10 1.276442306069248628e-10 1.435869098035084203e-10 1.550314741807514663e-10 1.683451823802378829e-10 1.467121626542377459e-10 5.309419593575600940e-11 1.422971885836237576e-11 1.870872435135551755e-12 -2.712405706910198268e-12 3.325874472426118070e-12
2.943259674510320322e-12 1.528521275596597921e-11 1.572939402081109092e-12 3.662498456850517284e-12 7.311997128673690349e-12 1.025910834684756072e-11 1.466996184694565991e-11 2.295965829202892629e-11 3.272211351710430480e-11 4.382406808943647989e-11 5.760578519971725802e-11 8.487711433208041652e-11 1.194705050500978347e-10 1.361397556933278245e-10 1.518196829443195295e-10 1.651392343211104750e-10 1.851843794483926397e-10 2.070271506617699041e-10 2.181874309153100387e-10 2.274744687436802564e-10 1.808379686265170221e-10 4.243429929151399230e-11 -2.191295164081103272e-11 -1.772889731877433072e-11 8.430264008303294680e-12 6.219644545794615929e-12
2.503378668014356152e-12 2.577360273580100770e-11 2.615936229578694400e-12 5.837239480073759851e-12 1.097852326461979635e-11 1.130269058331728218e-11 1.675338599409716168e-11 2.733174701945668511e-11 3.935542739086961005e-11 4.965618022135228283e-11 6.391408625864491042e-11 9.445723115578734537e-11 1.361397556933278245e-10 1.798321728829733255e-10 2.076908511188825938e-10 2.276425207575539859e-10 2.545664073055050259e-10 2.858989439108227186e-10 3.043898698091118509e-10 3.203709020382456956e-10 2.575377533796837709e-10 7.496740713281498503e-11 -2.059231724516754147e-11 -3.290250283843854144e-11 -8.810988076697008586e-12 -8.006744164362459198e-12
4.001005663344584579e-12 2.972974536160668206e-11 3.548247201862181419e-12 9.092256525541702213e-12 1.357955115161554926e-11 1.419360065762726360e-11 1.851036145741020657e-11 3.284790052938539224e-11 4.482714404006545046e-11 5.840868154339311939e-11 7.351842117203735484e-11 1.059721624610073147e-10 1.518196829443195295e-10 2.076908511188825938e-10 2.731564003037806384e-10 3.149386650344439544e-10 3.591085261913330829e-10 4.045165061737454121e-10 4.352187905046301761e-10 4.670902628583782420e-10 3.941538116549966996e-10 1.488942327501927441e-10 4.154470835383058461e-12 -3.429291405104244694e-11 -1.598020072798432035e-11 -2.392904330693200726e-12
7.305398479110595577e-12 2.828081418911178579e-11 1.357768105193628457e-12 9.851169611953737372e-12 1.645176870172454429e-11 1.734572207703344594e-11 2.156089234399804611e-11 3.848204719432793691e-11 4.965863744756851539e-11 6.584892614299421925e-11 8.000369607232229704e-11 1.141793814653243385e-10 1.651392343211104750e-10 2.276425207575539859e-10 3.149386650344439544e-10 3.978984265257759012e-10 4.719362990638346041e-10 5.391280839638831063e-10 5.862473622199968852e-10 6.377590723275482817e-10 5.598653261543581622e-10 2.413032248791916967e-10 1.812484697255527914e-11 -4.949361692735928868e-11 -1.841437610498835823e-11 -1.485316011429903923e-11
8.027790514326670822e-12 3.377448717843277348e-11 5.615548899190102140e-12 1.224051188371313140e-11 1.511239244149809528e-11 1.943215368522480323e-11 2.431193184899593849e-11 4.548261986115710200e-11 5.853719844412792453e-11 7.650574544115258020e-11 8.955054586245251302e-11 1.276442306069248628e-10 1.851843794483926397e-10 2.545664073055050259e-10 3.591085261913330829e-10 4.719362990638346041e-10 6.182730239003025723e-10 7.437825778504604450e-10 8.205170154581341016e-10 8.962795845279900037e-10 8.067963354919949883e-10 4.070121459049924743e-10 8.512915842310788477e-11 -2.091991437946052659e-11 6.422563469009999499e-12 -2.759215721900403174e-11
1.198044168082291444e-11 3.947502833369933644e-11 6.321629352583713206e-12 8.986123197263318899e-12 1.570979829860459780e-11 2.323749164616781108e-11 3.003666561575034743e-11 5.146025663614883517e-11 6.918054350924448731e-11 8.724948135083004535e-11 1.007417310889193472e-10 1.435869098035084203e-10 2.070271506617699041e-10 2.858989439108227186e-10 4.045165061737454121e-10 5.391280839638831063e-10 7.437825778504604450e-10 9.746750793034400901e-10 1.120900911343026621e-09 1.250225868937952971e-09 1.175324496621513156e-09 6.904528835964194210e-10 2.075134218784046443e-10 1.600122259130716322e-11 1.306246427798148175e-11 -6.241413143940852051e-11
1.344157357039901675e-11 4.041371717611907557e-11 8.574675567306984217e-14 3.842329730751438992e-12 1.782077847552253324e-11 2.478538878231078116e-11 3.563249967685232245e-11 5.622721229962454966e-11 7.758387749997522110e-11 9.667118787238553630e-11 1.113454968662542528e-10 1.550314741807514663e-10 2.181874309153100387e-10 3.043898698091118509e-10 4.352187905046301761e-10 5.862473622199968852e-10 8.205170154581341016e-10 1.120900911343026621e-09 1.394756100019395780e-09 1.640129687109745601e-09 1.635815302472717055e-09 1.105421563103452427e-09 4.214103529384044469e-10 7.219488859763851199e-11 2.517367641388691630e-11 -1.074596387796264200e-10
2.104820835511628242e-11 4.134235895906708470e-11 -1.392976716255064210e-11 2.504050764436369688e-12 1.779239181502090372e-11 1.725768058454523125e-11 3.333894574460038973e-11 5.026735880109148915e-11 7.805718899984703536e-11 1.025892645313027665e-10 1.229198374431338665e-10 1.683451823802378829e-10 2.274744687436802564e-10 3.203709020382456956e-10 4.670902628583782420e-10 6.377590723275482817e-10 8.962795845279900037e-10 1.250225868937952971e-09 1.640129687109745601e-09 2.105263470039632060e-09 2.266028241568599448e-09 1.721256365854742218e-09 7.898293449519405264e-10 1.536705581608873238e-10 3.979333739465488153e-11 -1.510526099542080621e-10
3.218992613373300710e-11 1.526531988518395988e-11 -3.666533096250280485e-11 -7.924781262940580715e-12 1.243000454162595018e-11 -1.292457834523362587e-12 2.091069561622498902e-11 2.505661837369683732e-11 5.465025294956319592e-11 8.292763021338762119e-11 1.072540823153207540e-10 1.467121626542377459e-10 1.808379686265170221e-10 2.575377533796837709e-10 3.941538116549966996e-10 5.598653261543581622e-10 8.067963354919949883e-10 1.175324496621513156e-09 1.635815302472717055e-09 2.266028241568599448e-09 2.755565500207842406e-09 2.449727207983236222e-09 1.412239858890521124e-09 3.547687727345585581e-10 3.495552747954911729e-11 -2.113427046962702600e-10
3.836145327976477051e-11 -1.817763424958615281e-11 -4.463747699633372028e-11 -9.353049846218254569e-12 2.254007777987773074e-12 -2.993367000425711009e-11 2.710709082876022153e-12 -1.248875685489556020e-11 1.117031083192248831e-11 3.692419636931998666e-11 4.954393097772622843e-11 5.309419593575600940e-11 4.243429929151399230e-11 7.496740713281498503e-11 1.488942327501927441e-10 2.413032248791916967e-10 4.070121459049924743e-10 6.904528835964194210e-10 1.105421563103452427e-09 1.721256365854742218e-09 2.449727207983236222e-09 2.796899849037752046e-09 2.119066635355602264e-09 8.111252613671356290e-10 5.859515433540470755e-11 -2.710572177221797353e-10
3.220812189455922858e-11 -3.200573816735068672e-11 -3.829712052898316282e-11 8.554764727567990787e-12 -2.760587043658639924e-12 -5.934096051124552760e-11 -1.093168201127049222e-11 -2.430450633850116330e-11 1.258508670407025424e-12 2.752250379649217913e-11 3.789365506858575910e-11 1.422971885836237576e-11 -2.191295164081103272e-11 -2.059231724516754147e-11 4.154470835383058461e-12 1.812484697255527914e-11 8.512915842310788477e-11 2.075134218784046443e-10 4.214103529384044469e-10 7.898293449519405264e-10 1.412239858890521124e-09 2.119066635355602264e-09 2.385026810319127149e-09 1.508861958487429054e-09 2.582376695190270866e-10 -1.645575895589634692e-10
1.221456569363418731e-11 -2.429274488698404381e-11 -1.706375045381456493e-11 1.419042076674439627e-11 -1.101884438297784240e-11 -4.004157316469610112e-11 -4.220785808827934667e-12 -1.678395350516302893e-11 4.278806337029628195e-12 1.571484922232567034e-11 2.344271578028864395e-11 1.870872435135551755e-12 -1.772889731877433072e-11 -3.290250283843854144e-11 -3.429291405104244694e-11 -4.949361692735928868e-11 -2.091991437946052659e-11 1.600122259130716322e-11 7.219488859763851199e-11 1.536705581608873238e-10 3.547687727345585581e-10 8.111252613671356290e-10 1.508861958487429054e-09 1.787758367760283809e-09 8.746136422779346636e-10 1.213541907235748982e-10
-8.082250308128545138e-12 -2.060900008607351126e-11 -4.812562996958011953e-13 1.320191186770122899e-12 -8.756941245246945034e-12 -2.036228255654991882e-12 -2.673748827263045916e-12 -1.932382962473284071e-11 -1.399518575349140480e-11 -7.498824550873331425e-12 -8.832739631665635411e-12 -2.712405706910198268e-12 8.430264008303294680e-12 -8.810988076697008586e-12 -1.598020072798432035e-11 -1.841437610498835823e-11 6.422563469009999499e-12 1.306246427798148175e-11 2.517367641388691630e-11 3.979333739465488153e-11 3.495552747954911729e-11 5.859515433540470755e-11 2.582376695190270866e-10 8.746136422779346636e-10 1.610514237113078783e-09 8.638899605342500353e-10
-6.620112219042595168e-13 -1.913636211281686457e-11 -4.287988852472666944e-12 -5.716748010456851280e-12 -1.452136988054295695e-11 1.149862371735719391e-11 -8.620699803093440716e-12 -1.971606434543811062e-12 2.622243809808564436e-12 3.659755882666153801e-13 -2.231334106504900161e-12 3.325874472426118070e-12 6.219644545794615929e-12 -8.006744164362459198e-12 -2.392904330693200726e-12 -1.485316011429903923e-11 -2.759215721900403174e-11 -6.241413143940852051e-11 -1.074596387796264200e-10 -1.510526099542080621e-10 -2.113427046962702600e-10 -2.710572177221797353e-10 -1.645575895589634692e-10 1.213541907235748982e-10 8.638899605342500353e-10 1.478133594190876669e-09
