9.049599628851971860e-11 1.745570367618170438e-11 7.060456486049644596e-12 7.765852818634945846e-12 1.841720478063025396e-12 9.385990618193347109e-14 5.243368270177374982e-12 5.498692212738733224e-12 5.070632442694122699e-12 2.223313959190615977e-12 2.431042765227992878e-12 4.297982695290110507e-12 8.023508574324054897e-12 1.287836942232366829e-11 1.555858062051080649e-11 1.411629818378332211e-11 2.045826268569285315e-11 3.016516390148240551e-11 2.358485401532633349e-11 1.904998592699560772e-11 -1.162718704904287789e-12 -3.373302153537552156e-11 -4.846227097078162748e-11 -2.499456775430355992e-11 1.447356110315971705e-11 -1.433234791526027588e-11
1.745570367618170438e-11 8.887123131376715054e-11 1.988334216027385988e-11 1.192544612921100204e-11 6.223023225157231481e-12 4.847846553007727879e-12 2.597463620524697011e-12 4.757860313153153871e-12 2.922907308948400859e-12 2.487148071348991241e-12 3.010781990981119085e-12 4.927829247796831083e-12 1.494608075247512644e-11 1.877858641266956375e-11 2.098286019451194565e-11 2.369913827230334652e-11 3.385758404628184205e-11 4.274648482154891543e-11 4.118895511147104651e-11 3.172180031268225254e-11 1.141802099663833074e-11 -6.926897506935502783e-12 -9.710231521297987082e-12 9.342096912465843441e-12 -9.301941331017796918e-12 -2.783729196384680629e-11
7.060456486049644596e-12 1.988334216027385988e-11 6.873388812309254028e-11 1.716275081846305276e-11 5.144980375649684505e-12 6.468921153023296392e-12 1.466764412383239927e-12 4.377359623713896944e-12 3.642501548010171361e-12 4.034674039903658543e-12 3.833785460628336823e-12 3.101290884925565652e-12 5.067871411356262356e-12 6.876486128062881484e-12 7.991559084219602232e-12 1.091381788437601835e-11 1.952805170480896873e-11 2.572937084686419216e-11 2.813922232617469851e-11 1.885872357658470749e-11 4.253660173483859294e-13 -2.572138670570979051e-11 -3.444712863767726068e-11 -2.329781316424796215e-11 -2.393095853269001543e-11 -1.179843850252443477e-11
7.765852818634945846e-12 1.192544612921100204e-11 1.716275081846305276e-11 4.142234262239330355e-11 1.513117046699872223e-11 1.055080827109267886e-11 5.119277304218760498e-12 5.085604007396227315e-12 3.839356007335451024e-12 3.838870159443941516e-12 7.478124974235315640e-12 8.008518580756342082e-12 1.001396384625872517e-11 1.235400538217180368e-11 1.348957834296282295e-11 1.454499233894254073e-11 1.477292143450266707e-11 1.504013328972681417e-11 1.733205443397910611e-11 2.084923474302216317e-11 1.389771533193839139e-11 3.322061326722277722e-12 -6.836496419866020484e-12 -3.626861492291805395e-12 5.380383573901210297e-12 1.538284211342454430e-12
1.841720478063025396e-12 6.223023225157231481e-12 5.144980375649684505e-12 1.513117046699872223e-11 3.402657985850616250e-11 1.878435479320799936e-11 1.036246541074251236e-11 1.054571852703097032e-11 6.350796888461365000e-12 6.019679788256470738e-12 2.740247642893228914e-12 4.044889908744885669e-12 6.162276779491760795e-12 8.714504790714358846e-12 1.306642450808510620e-11 1.610321782676104498e-11 1.363263910570555971e-11 1.339084870740953223e-11 1.544222444436736224e-11 1.345968798800865875e-11 6.916912895642778783e-12 -1.674650028001818200e-12 -9.854498193649413578e-12 -1.522571957764078423e-11 -2.568700631207567726e-12 -5.762787554031936521e-12
9.385990618193347109e-14 4.847846553007727879e-12 6.468921153023296392e-12 1.055080827109267886e-11 1.878435479320799936e-11 3.424066224058592421e-11 1.635904172230412541e-11 1.491201854485495000e-11 9.543866085336067616e-12 7.069793373167827092e-12 4.705585808390603019e-12 5.589794944691255585e-12 8.832451520638584465e-12 1.102377707854116145e-11 1.552944441728936023e-11 2.038547278800206911e-11 2.508380536631808928e-11 3.188043192554948097e-11 3.936162369790741780e-11 4.029806286901802983e-11 3.388142304541660129e-11 1.354560344374626691e-11 -1.924522176923686150e-11 -1.932016307414147266e-11 6.461627593717650117e-12 2.174075806421317348e-11
5.243368270177374982e-12 2.597463620524697011e-12 1.466764412383239927e-12 5.119277304218760498e-12 1.036246541074251236e-11 1.635904172230412541e-11 2.963063736291920401e-11 2.181288434139615794e-11 1.897247875539910604e-11 1.305773673418951069e-11 1.212369944237642460e-11 1.214259323543692362e-11 1.791027933583427425e-11 2.046242922426713942e-11 2.269750593734946763e-11 2.494974792101768839e-11 2.959916976762455035e-11 3.765966824967645911e-11 4.563310592274412710e-11 4.336530276398635651e-11 2.788967883875755939e-11 3.347495419057457142e-12 -1.401386232628693426e-11 -1.100632389567356603e-11 -8.077162037174691687e-12 5.590786153750961205e-12
5.498692212738733224e-12 4.757860313153153871e-12 4.377359623713896944e-12 5.085604007396227315e-12 1.054571852703097032e-11 1.491201854485495000e-11 2.181288434139615794e-11 3.545280583520695426e-11 2.824545157704379353e-11 2.145592839303663661e-11 1.835505793405865639e-11 1.739541520873064162e-11 2.153750071449609372e-11 2.495272298438363787e-11 3.016566650208204616e-11 3.551476438505959235e-11 4.034581657020729723e-11 4.313269432036503655e-11 4.853113098631042541e-11 4.473983066978387539e-11 2.152271955533475428e-11 -1.736984616613645253e-11 -3.063862619713536904e-11 -1.606070191597074313e-11 -3.399067971532557441e-12 6.840189594823848987e-12
5.070632442694122699e-12 2.922907308948400859e-12 3.642501548010171361e-12 3.839356007335451024e-12 6.350796888461365000e-12 9.543866085336067616e-12 1.897247875539910604e-11 2.824545157704379353e-11 4.173586080507359417e-11 3.432515583139123396e-11 3.070429524860152599e-11 2.773789485149046701e-11 3.032775380099395047e-11 3.626752557549039383e-11 4.344883904542542902e-11 4.951113343607256501e-11 5.703400290089368099e-11 6.601495930310704876e-11 7.355787249265710367e-11 7.363540942992143306e-11 4.657464068906294761e-11 1.285031064049907898e-12 -7.463854573828124748e-12 -8.562496001716699493e-13 -1.702063180655830409e-11 -6.151227147799527717e-12
2.223313959190615977e-12 2.487148071348991241e-12 4.034674039903658543e-12 3.838870159443941516e-12 6.019679788256470738e-12 7.069793373167827092e-12 1.305773673418951069e-11 2.145592839303663661e-11 3.432515583139123396e-11 4.486876631258733456e-11 4.216529544739565241e-11 3.887035711990774926e-11 4.278294010538444245e-11 4.954535301710054273e-11 5.692877165328538460e-11 6.427742739217441056e-11 7.448505121337580035e-11 8.518859115253547788e-11 9.364346574965558086e-11 9.988511229737809877e-11 8.061540629453373484e-11 3.715796581562447186e-11 3.067889933863392819e-11 2.215041430425827327e-11 -5.755082171753692723e-12 -2.612325214330977716e-12
2.431042765227992878e-12 3.010781990981119085e-12 3.833785460628336823e-12 7.478124974235315640e-12 2.740247642893228914e-12 4.705585808390603019e-12 1.212369944237642460e-11 1.835505793405865639e-11 3.070429524860152599e-11 4.216529544739565241e-11 5.695564889482335037e-11 5.329444048073125287e-11 5.711723893654182604e-11 6.399904067545986868e-11 7.332960902944158834e-11 8.082261385214166761e-11 9.046272221313266003e-11 1.012436663537091514e-10 1.112425048822806703e-10 1.241795681784510216e-10 1.108407946978301746e-10 5.256351128379371426e-11 3.917388411740823756e-11 2.050222343719692375e-11 -1.519805651778497686e-11 -6.371957482350332173e-12
4.297982695290110507e-12 4.927829247796831083e-12 3.101290884925565652e-12 8.008518580756342082e-12 4.044889908744885669e-12 5.589794944691255585e-12 1.214259323543692362e-11 1.739541520873064162e-11 2.773789485149046701e-11 3.887035711990774926e-11 5.329444048073125287e-11 7.418853051212997625e-11 8.512729747257540997e-11 9.469229628917818568e-11 1.057043180831314372e-10 1.160722206954125197e-10 1.300715982784698375e-10 1.454013151255890227e-10 1.553283329924108850e-10 1.675307481786467729e-10 1.439079080246837720e-10 5.015041210524600344e-11 1.308476753321244620e-11 4.082294619495209363e-12 -3.940424781098864064e-13 7.281611892615566008e-12
8.023508574324054897e-12 1.494608075247512644e-11 5.067871411356262356e-12 1.001396384625872517e-11 6.162276779491760795e-12 8.832451520638584465e-12 1.791027933583427425e-11 2.153750071449609372e-11 3.032775380099395047e-11 4.278294010538444245e-11 5.711723893654182604e-11 8.512729747257540997e-11 1.201658545400128765e-10 1.368362014411763793e-10 1.518363900098639344e-10 1.667041018039925548e-10 1.861830361927827830e-10 2.071730512847792894e-10 2.188140631994011064e-10 2.285992234865395341e-10 1.826683838507938060e-10 4.373235376041678612e-11 -1.778731893872909464e-11 -1.287895974236086804e-11 1.181206363547473242e-11 9.813592686289307605e-12
1.287836942232366829e-11 1.877858641266956375e-11 6.876486128062881484e-12 1.235400538217180368e-11 8.714504790714358846e-12 1.102377707854116145e-11 2.046242922426713942e-11 2.495272298438363787e-11 3.626752557549039383e-11 4.954535301710054273e-11 6.399904067545986868e-11 9.469229628917818568e-11 1.368362014411763793e-10 1.813177834294214513e-10 2.081389076821521865e-10 2.288966400171545158e-10 2.554074588647378366e-10 2.854401986299887903e-10 3.039635101080844594e-10 3.199888189838292086e-10 2.580186071727956341e-10 7.550695523963709228e-11 -1.830604377858770605e-11 -3.002527056119301755e-11 -9.246596933781549354e-12 -7.734738146249508537e-12
1.555858062051080649e-11 2.098286019451194565e-11 7.991559084219602232e-12 1.348957834296282295e-11 1.306642450808510620e-11 1.552944441728936023e-11 2.269750593734946763e-11 3.016566650208204616e-11 4.344883904542542902e-11 5.692877165328538460e-11 7.332960902944158834e-11 1.057043180831314372e-10 1.518363900098639344e-10 2.081389076821521865e-10 2.716910675499163368e-10 3.144340653721158138e-10 3.581587191118177302e-10 4.008510850043584051e-10 4.309307465178378459e-10 4.624685926223667331e-10 3.890941331463740800e-10 1.433653438407185073e-10 -1.592395591309243095e-12 -3.854930723778966818e-11 -1.804888746405169914e-11 -2.364965068776659560e-12
1.411629818378332211e-11 2.369913827230334652e-11 1.091381788437601835e-11 1.454499233894254073e-11 1.610321782676104498e-11 2.038547278800206911e-11 2.494974792101768839e-11 3.551476438505959235e-11 4.951113343607256501e-11 6.427742739217441056e-11 8.082261385214166761e-11 1.160722206954125197e-10 1.667041018039925548e-10 2.288966400171545158e-10 3.144340653721158138e-10 3.993681208794233110e-10 4.734257644844709972e-10 5.389667198647166992e-10 5.858529102378465161e-10 6.384327694852643963e-10 5.619850656824182964e-10 2.428627969582592847e-10 1.863153906251724221e-11 -5.095461720407314601e-11 -1.835229955873193605e-11 -1.451166856054441102e-11
2.045826268569285315e-11 3.385758404628184205e-11 1.952805170480896873e-11 1.477292143450266707e-11 1.363263910570555971e-11 2.508380536631808928e-11 2.959916976762455035e-11 4.034581657020729723e-11 5.703400290089368099e-11 7.448505121337580035e-11 9.046272221313266003e-11 1.300715982784698375e-10 1.861830361927827830e-10 2.554074588647378366e-10 3.581587191118177302e-10 4.734257644844709972e-10 6.202547153700940655e-10 7.448745972285096974e-10 8.217906829140125849e-10 8.980138236076383730e-10 8.092291930815366918e-10 4.079529131588557380e-10 8.434528674876474763e-11 -2.273665143157895401e-11 3.838364938303358616e-12 -3.033652879225941982e-11
3.016516390148240551e-11 4.274648482154891543e-11 2.572937084686419216e-11 1.504013328972681417e-11 1.339084870740953223e-11 3.188043192554948097e-11 3.765966824967645911e-11 4.313269432036503655e-11 6.601495930310704876e-11 8.518859115253547788e-11 1.012436663537091514e-10 1.454013151255890227e-10 2.071730512847792894e-10 2.854401986299887903e-10 4.008510850043584051e-10 5.389667198647166992e-10 7.448745972285096974e-10 9.749854566374090679e-10 1.121517140726261009e-09 1.251093111294849162e-09 1.178198680017022589e-09 6.925961825833591986e-10 2.094153725616682275e-10 1.699566802653896518e-11 1.184251713488961738e-11 -6.607209558797257966e-11
2.358485401532633349e-11 4.118895511147104651e-11 2.813922232617469851e-11 1.733205443397910611e-11 1.544222444436736224e-11 3.936162369790741780e-11 4.563310592274412710e-11 4.853113098631042541e-11 7.355787249265710367e-11 9.364346574965558086e-11 1.112425048822806703e-10 1.553283329924108850e-10 2.188140631994011064e-10 3.039635101080844594e-10 4.309307465178378459e-10 5.858529102378465161e-10 8.217906829140125849e-10 1.121517140726261009e-09 1.395752722881797560e-09 1.640578993629504729e-09 1.637932226632148980e-09 1.106826268209031678e-09 4.223006732937835851e-10 7.334535438785787153e-11 2.473714531821407763e-11 -1.106443582366604192e-10
1.904998592699560772e-11 3.172180031268225254e-11 1.885872357658470749e-11 2.084923474302216317e-11 1.345968798800865875e-11 4.029806286901802983e-11 4.336530276398635651e-11 4.473983066978387539e-11 7.363540942992143306e-11 9.988511229737809877e-11 1.241795681784510216e-10 1.675307481786467729e-10 2.285992234865395341e-10 3.199888189838292086e-10 4.624685926223667331e-10 6.384327694852643963e-10 8.980138236076383730e-10 1.251093111294849162e-09 1.640578993629504729e-09 2.104486531949856288e-09 2.267237752468183932e-09 1.721865839918371799e-09 7.909729752739137528e-10 1.543023714133731503e-10 3.884540908713267854e-11 -1.538424750897427595e-10
-1.162718704904287789e-12 1.141802099663833074e-11 4.253660173483859294e-13 1.389771533193839139e-11 6.916912895642778783e-12 3.388142304541660129e-11 2.788967883875755939e-11 2.152271955533475428e-11 4.657464068906294761e-11 8.061540629453373484e-11 1.108407946978301746e-10 1.439079080246837720e-10 1.826683838507938060e-10 2.580186071727956341e-10 3.890941331463740800e-10 5.619850656824182964e-10 8.092291930815366918e-10 1.178198680017022589e-09 1.637932226632148980e-09 2.267237752468183932e-09 2.759532408356744156e-09 2.453279435083741383e-09 1.415848486143381361e-09 3.560778676764499676e-10 3.543463622723480695e-11 -2.139868217647191666e-10
-3.373302153537552156e-11 -6.926897506935502783e-12 -2.572138670570979051e-11 3.322061326722277722e-12 -1.674650028001818200e-12 1.354560344374626691e-11 3.347495419057457142e-12 -1.736984616613645253e-11 1.285031064049907898e-12 3.715796581562447186e-11 5.256351128379371426e-11 5.015041210524600344e-11 4.373235376041678612e-11 7.550695523963709228e-11 1.433653438407185073e-10 2.428627969582592847e-10 4.079529131588557380e-10 6.925961825833591986e-10 1.106826268209031678e-09 1.721865839918371799e-09 2.453279435083741383e-09 2.799246564626342383e-09 2.121560005443501348e-09 8.111214262678943018e-10 5.729216731332883041e-11 -2.739965515608961451e-10
-4.846227097078162748e-11 -9.710231521297987082e-12 -3.444712863767726068e-11 -6.836496419866020484e-12 -9.854498193649413578e-12 -1.924522176923686150e-11 -1.401386232628693426e-11 -3.063862619713536904e-11 -7.463854573828124748e-12 3.067889933863392819e-11 3.917388411740823756e-11 1.308476753321244620e-11 -1.778731893872909464e-11 -1.830604377858770605e-11 -1.592395591309243095e-12 1.863153906251724221e-11 8.434528674876474763e-11 2.094153725616682275e-10 4.223006732937835851e-10 7.909729752739137528e-10 1.415848486143381361e-09 2.121560005443501348e-09 2.387142497440788860e-09 1.509465772330844973e-09 2.571779949621587586e-10 -1.650898115079186192e-10
-2.499456775430355992e-11 9.342096912465843441e-12 -2.329781316424796215e-11 -3.626861492291805395e-12 -1.522571957764078423e-11 -1.932016307414147266e-11 -1.100632389567356603e-11 -1.606070191597074313e-11 -8.562496001716699493e-13 2.215041430425827327e-11 2.050222343719692375e-11 4.082294619495209363e-12 -1.287895974236086804e-11 -3.002527056119301755e-11 -3.854930723778966818e-11 -5.095461720407314601e-11 -2.273665143157895401e-11 1.699566802653896518e-11 7.334535438785787153e-11 1.543023714133731503e-10 3.560778676764499676e-10 8.111214262678943018e-10 1.509465772330844973e-09 1.788264134201494534e-09 8.745660079059273664e-10 1.219197566035173004e-10
1.447356110315971705e-11 -9.301941331017796918e-12 -2.393095853269001543e-11 5.380383573901210297e-12 -2.568700631207567726e-12 6.461627593717650117e-12 -8.077162037174691687e-12 -3.399067971532557441e-12 -1.702063180655830409e-11 -5.755082171753692723e-12 -1.519805651778497686e-11 -3.940424781098864064e-13 1.181206363547473242e-11 -9.246596933781549354e-12 -1.804888746405169914e-11 -1.835229955873193605e-11 3.838364938303358616e-12 1.184251713488961738e-11 2.473714531821407763e-11 3.884540908713267854e-11 3.543463622723480695e-11 5.729216731332883041e-11 2.571779949621587586e-10 8.745660079059273664e-10 1.611305991636150446e-09 8.642313201661764591e-10
-1.433234791526027588e-11 -2.783729196384680629e-11 -1.179843850252443477e-11 1.538284211342454430e-12 -5.762787554031936521e-12 2.174075806421317348e-11 5.590786153750961205e-12 6.840189594823848987e-12 -6.151227147799527717e-12 -2.612325214330977716e-12 -6.371957482350332173e-12 7.281611892615566008e-12 9.813592686289307605e-12 -7.734738146249508537e-12 -2.364965068776659560e-12 -1.451166856054441102e-11 -3.033652879225941982e-11 -6.607209558797257966e-11 -1.106443582366604192e-10 -1.538424750897427595e-10 -2.139868217647191666e-10 -2.739965515608961451e-10 -1.650898115079186192e-10 1.219197566035173004e-10 8.642313201661764591e-10 1.478015516817275488e-09
