7.186975630986486349e-11 1.070453518340484244e-11 7.672542615216158849e-12 -3.166896576027146889e-12 -4.496957514902971022e-12 -1.098992966491527975e-12 -4.258437154859443103e-12 -2.598741183296506598e-12 -3.335955392165769616e-12 -2.295097248715560380e-12 -1.995409050329924030e-12 -2.540635219432646384e-12 -1.497515300837345864e-12 5.163888524005847931e-13 1.192002817777877373e-12 1.870242687805111155e-12 2.938158851990287648e-12 -1.023799153593716114e-12 -1.038700404744932556e-11 -1.512417847533393642e-11 -2.799192186219716062e-11 -3.427840883651188397e-11 -2.398251151111406315e-11 -5.430755843170704171e-12 -4.598765398419427862e-12 -1.747215523021038302e-11
1.070453518340484244e-11 5.692452660006786561e-11 1.333918892067417217e-11 6.303582054828188670e-12 4.081020816771492401e-12 2.742676468647967961e-12 1.604846006436468734e-12 2.440979826071630119e-12 2.576524896620285029e-12 2.156139731390725097e-12 4.040880996773782672e-13 2.367784401755982009e-12 3.272347953580039220e-12 2.795811735975587488e-12 2.314336832135171305e-12 2.041172279115657712e-12 2.119913671370829176e-12 1.697298144482702881e-12 5.469938320397108909e-12 8.001161906628380905e-12 3.302411811550480362e-12 2.130275536009690678e-12 -3.893721621257954686e-12 -5.458099048743382791e-12 -8.662676017030299104e-13 -1.564559051292351776e-12
7.672542615216158849e-12 1.333918892067417217e-11 4.063597384264517727e-11 1.101124851188121792e-11 6.478207482411027638e-12 6.086184335176710478e-12 6.057342981551834915e-12 6.662257883345105226e-12 5.450638137823342016e-12 7.470639873196411526e-12 6.068207165632138804e-12 6.578891438272731360e-12 8.397796525523912325e-12 8.604323516857193912e-12 7.546121550236049646e-12 5.630036459646426096e-12 5.311609019882140316e-12 2.534436932714586180e-12 3.381427981162646322e-12 5.928238491556175177e-13 -8.686075333311786867e-12 -1.148386865806648524e-11 -1.336721117336615736e-12 2.075475651973272825e-11 2.384465393424346791e-11 1.354887850898305691e-11
-3.166896576027146889e-12 6.303582054828188670e-12 1.101124851188121792e-11 3.457244593013562095e-11 1.149443758874177446e-11 7.802151683254792769e-12 4.855037952238436271e-12 3.604460802014909210e-12 2.802180997067138497e-12 3.359068893243069260e-12 1.269404715159096800e-12 1.159679856549117355e-12 6.823395448297634617e-13 8.498248936548203150e-13 1.217859633706127856e-12 7.108994797249495951e-13 3.307842290499082127e-12 -3.163278970627916820e-14 2.268347387406760255e-12 2.677194969027044584e-12 -5.724164534020823727e-12 -1.040694012584940276e-11 -5.204997699632304506e-12 2.202767292474965473e-12 3.513092085915543535e-12 1.855357166141161108e-11
-4.496957514902971022e-12 4.081020816771492401e-12 6.478207482411027638e-12 1.149443758874177446e-11 2.309650751103440507e-11 9.601469709501889643e-12 5.201929213411841194e-12 3.226328511749941454e-12 9.979637899991506126e-13 1.574131568407647368e-12 -1.003990385211112648e-14 2.057221111160657494e-12 1.873026436088972562e-12 -2.872843968551458754e-13 1.241124752312001651e-13 1.257851004040544354e-12 5.334892115074031483e-12 7.931473778261017885e-12 1.322640790740177851e-11 2.056717432615568397e-11 2.510278262768622269e-11 2.137180018725291895e-11 9.813781445688747412e-12 -2.750421460210104302e-12 2.738207831101754191e-12 -3.760264000634502319e-12
-1.098992966491527975e-12 2.742676468647967961e-12 6.086184335176710478e-12 7.802151683254792769e-12 9.601469709501889643e-12 2.475223839759796589e-11 1.520623230204822646e-11 1.069885587833758204e-11 7.261762625154491175e-12 7.454690554784069279e-12 6.114285735727995511e-12 6.422919652924228929e-12 6.858148427068631001e-12 4.296872086448781113e-12 6.345472934344367861e-12 1.022214294764714047e-11 1.481720150282294485e-11 1.779687775478685049e-11 2.353854485109275280e-11 3.038064008708383378e-11 3.508689187874398265e-11 2.944179726170110878e-11 1.449757823172385100e-11 -5.947029198014366771e-13 4.726237614016802966e-12 1.809076092896782352e-12
-4.258437154859443103e-12 1.604846006436468734e-12 6.057342981551834915e-12 4.855037952238436271e-12 5.201929213411841194e-12 1.520623230204822646e-11 2.652174614326400731e-11 1.841329976537647754e-11 1.482994682882806547e-11 1.383981016092844475e-11 1.212480372999977439e-11 1.033495265298594835e-11 9.858981372540822380e-12 1.005005502196115052e-11 1.152427609037315492e-11 1.419277901699816725e-11 1.679801815967889941e-11 1.860868547834111392e-11 2.086119743393590466e-11 1.943439894409043335e-11 1.570835065481627788e-11 4.102554969315341561e-12 -1.924190691934762546e-12 -3.903907128834898207e-12 8.786643646636246508e-12 9.749048446291379606e-12
-2.598741183296506598e-12 2.440979826071630119e-12 6.662257883345105226e-12 3.604460802014909210e-12 3.226328511749941454e-12 1.069885587833758204e-11 1.841329976537647754e-11 2.729930480789243532e-11 2.038655441562396989e-11 1.701355072757927350e-11 1.412478139398320891e-11 1.222267645022125925e-11 1.190698366944836795e-11 1.315687721930192837e-11 1.444814954879479838e-11 1.737241898710210010e-11 2.195944337245814861e-11 2.638327731274174667e-11 2.806858796002901612e-11 2.676380796320979576e-11 1.971550978096562753e-11 2.629689661813260037e-12 -7.372596170271895114e-12 -7.930644547668172221e-12 1.050507835796961072e-11 3.873327194493623467e-12
-3.335955392165769616e-12 2.576524896620285029e-12 5.450638137823342016e-12 2.802180997067138497e-12 9.979637899991506126e-13 7.261762625154491175e-12 1.482994682882806547e-11 2.038655441562396989e-11 2.907618651544000824e-11 2.491471279888254783e-11 2.117113929975875871e-11 2.013284589351438120e-11 2.064742564950857365e-11 2.288644037733744336e-11 2.515689253201897858e-11 2.724071498596976333e-11 3.217814555072794118e-11 3.720773190186677147e-11 4.532033784789201856e-11 5.168758113099792218e-11 5.523586171807719243e-11 4.043837811637647220e-11 2.533995879282975158e-11 9.258185835256307096e-12 1.020976666913801629e-11 7.294425258097781677e-12
-2.295097248715560380e-12 2.156139731390725097e-12 7.470639873196411526e-12 3.359068893243069260e-12 1.574131568407647368e-12 7.454690554784069279e-12 1.383981016092844475e-11 1.701355072757927350e-11 2.491471279888254783e-11 3.217113460578131342e-11 2.880064654243785354e-11 2.665574396406646999e-11 2.728835047265541998e-11 2.958186445814327473e-11 3.191513024366898222e-11 3.421566019495387651e-11 3.828395937954132296e-11 4.280065719385696409e-11 4.896737899858064121e-11 5.463527771201656515e-11 5.694940077755518848e-11 4.422857960632264500e-11 3.701629048227832693e-11 2.387406413865080344e-11 1.184035970703859017e-11 -2.789799392963648042e-12
-1.995409050329924030e-12 4.040880996773782672e-13 6.068207165632138804e-12 1.269404715159096800e-12 -1.003990385211112648e-14 6.114285735727995511e-12 1.212480372999977439e-11 1.412478139398320891e-11 2.117113929975875871e-11 2.880064654243785354e-11 3.752921621186694484e-11 3.638083214135484322e-11 3.643651340871902261e-11 3.988129621136289035e-11 4.246523264888275920e-11 4.418730696070336424e-11 4.918346459531218810e-11 5.404247273761496963e-11 5.837251880062252558e-11 6.321057721028021786e-11 6.165209474918265912e-11 4.103967329667689564e-11 2.875186755258359338e-11 1.914353904429172402e-11 1.842336917819168287e-11 -7.184555007456942522e-12
-2.540635219432646384e-12 2.367784401755982009e-12 6.578891438272731360e-12 1.159679856549117355e-12 2.057221111160657494e-12 6.422919652924228929e-12 1.033495265298594835e-11 1.222267645022125925e-11 2.013284589351438120e-11 2.665574396406646999e-11 3.638083214135484322e-11 5.222444252603141648e-11 5.526304096440023633e-11 5.857649434468229518e-11 6.201347961868995833e-11 6.522727384567916270e-11 7.211357992570011280e-11 7.825584473131768341e-11 8.426113170931854404e-11 9.047997030665759507e-11 8.518749848200712108e-11 5.143332086120158260e-11 3.750325882897585291e-11 2.170853592153007667e-11 3.800378203552926705e-12 -1.543636424955672197e-11
-1.497515300837345864e-12 3.272347953580039220e-12 8.397796525523912325e-12 6.823395448297634617e-13 1.873026436088972562e-12 6.858148427068631001e-12 9.858981372540822380e-12 1.190698366944836795e-11 2.064742564950857365e-11 2.728835047265541998e-11 3.643651340871902261e-11 5.526304096440023633e-11 7.276486852015603142e-11 8.026042153762396471e-11 8.507345218259350187e-11 8.920481448167233689e-11 9.657157941028584513e-11 1.039613354105496393e-10 1.127723061251382889e-10 1.229035458629990400e-10 1.138089893964566658e-10 6.188800148757297374e-11 3.995691177697187766e-11 2.508948568891247218e-11 1.446650745603355360e-11 -9.088833626612207961e-12
5.163888524005847931e-13 2.795811735975587488e-12 8.604323516857193912e-12 8.498248936548203150e-13 -2.872843968551458754e-13 4.296872086448781113e-12 1.005005502196115052e-11 1.315687721930192837e-11 2.288644037733744336e-11 2.958186445814327473e-11 3.988129621136289035e-11 5.857649434468229518e-11 8.026042153762396471e-11 1.086418365935477904e-10 1.207168469213210035e-10 1.289800450003557881e-10 1.400063351644503047e-10 1.540910638996652937e-10 1.679984017345041394e-10 1.783155377422905689e-10 1.574571915946139289e-10 7.177473475299870034e-11 2.186429758275758358e-11 4.233718030692372157e-12 1.118123569655852442e-11 -4.007648508431015508e-12
1.192002817777877373e-12 2.314336832135171305e-12 7.546121550236049646e-12 1.217859633706127856e-12 1.241124752312001651e-13 6.345472934344367861e-12 1.152427609037315492e-11 1.444814954879479838e-11 2.515689253201897858e-11 3.191513024366898222e-11 4.246523264888275920e-11 6.201347961868995833e-11 8.507345218259350187e-11 1.207168469213210035e-10 1.583328528717606095e-10 1.805700391989856696e-10 2.023858083700512884e-10 2.244756104968572751e-10 2.440497218820825936e-10 2.582130341022058802e-10 2.382579283019993563e-10 1.242834043805817512e-10 4.617789625938990998e-11 2.619017232769789379e-12 -1.502618026716688339e-12 5.237389353873212983e-15
1.870242687805111155e-12 2.041172279115657712e-12 5.630036459646426096e-12 7.108994797249495951e-13 1.257851004040544354e-12 1.022214294764714047e-11 1.419277901699816725e-11 1.737241898710210010e-11 2.724071498596976333e-11 3.421566019495387651e-11 4.418730696070336424e-11 6.522727384567916270e-11 8.920481448167233689e-11 1.289800450003557881e-10 1.805700391989856696e-10 2.315287320783115852e-10 2.742355192638041624e-10 3.093022251174383398e-10 3.353184446135870092e-10 3.533364364155454274e-10 3.336677206186447340e-10 1.795400447364596119e-10 6.083996320382004752e-11 -3.916931836348532480e-12 -1.170730338518101889e-11 -1.333584730612265319e-11
2.938158851990287648e-12 2.119913671370829176e-12 5.311609019882140316e-12 3.307842290499082127e-12 5.334892115074031483e-12 1.481720150282294485e-11 1.679801815967889941e-11 2.195944337245814861e-11 3.217814555072794118e-11 3.828395937954132296e-11 4.918346459531218810e-11 7.211357992570011280e-11 9.657157941028584513e-11 1.400063351644503047e-10 2.023858083700512884e-10 2.742355192638041624e-10 3.601001888808762224e-10 4.270052861170771665e-10 4.708839276286224516e-10 5.031265853018229914e-10 4.806285860506195987e-10 2.677218025068378343e-10 8.688707731871045007e-11 -4.392852462431935733e-12 -1.898646644369984142e-11 -3.544126504093869609e-11
-1.023799153593716114e-12 1.697298144482702881e-12 2.534436932714586180e-12 -3.163278970627916820e-14 7.931473778261017885e-12 1.779687775478685049e-11 1.860868547834111392e-11 2.638327731274174667e-11 3.720773190186677147e-11 4.280065719385696409e-11 5.404247273761496963e-11 7.825584473131768341e-11 1.039613354105496393e-10 1.540910638996652937e-10 2.244756104968572751e-10 3.093022251174383398e-10 4.270052861170771665e-10 5.595833996862648624e-10 6.511738286274954370e-10 7.157049642555443871e-10 6.991372593843992865e-10 4.366947363286128143e-10 1.689426802033808711e-10 1.651424175068703885e-11 -4.012005014480415320e-11 -7.758322037476760798e-11
-1.038700404744932556e-11 5.469938320397108909e-12 3.381427981162646322e-12 2.268347387406760255e-12 1.322640790740177851e-11 2.353854485109275280e-11 2.086119743393590466e-11 2.806858796002901612e-11 4.532033784789201856e-11 4.896737899858064121e-11 5.837251880062252558e-11 8.426113170931854404e-11 1.127723061251382889e-10 1.679984017345041394e-10 2.440497218820825936e-10 3.353184446135870092e-10 4.708839276286224516e-10 6.511738286274954370e-10 8.355078259710069229e-10 9.809743951214241269e-10 1.004714116329968458e-09 7.141463540950511297e-10 3.248083563113817454e-10 5.433873915510195376e-11 -4.696350885381437520e-11 -1.020047255520402078e-10
-1.512417847533393642e-11 8.001161906628380905e-12 5.928238491556175177e-13 2.677194969027044584e-12 2.056717432615568397e-11 3.038064008708383378e-11 1.943439894409043335e-11 2.676380796320979576e-11 5.168758113099792218e-11 5.463527771201656515e-11 6.321057721028021786e-11 9.047997030665759507e-11 1.229035458629990400e-10 1.783155377422905689e-10 2.582130341022058802e-10 3.533364364155454274e-10 5.031265853018229914e-10 7.157049642555443871e-10 9.809743951214241269e-10 1.267887447963647664e-09 1.398913229395144026e-09 1.123155892334156419e-09 6.003017951519985926e-10 1.272571611767768894e-10 -5.331937562211260373e-11 -1.423267839672048407e-10
-2.799192186219716062e-11 3.302411811550480362e-12 -8.686075333311786867e-12 -5.724164534020823727e-12 2.510278262768622269e-11 3.508689187874398265e-11 1.570835065481627788e-11 1.971550978096562753e-11 5.523586171807719243e-11 5.694940077755518848e-11 6.165209474918265912e-11 8.518749848200712108e-11 1.138089893964566658e-10 1.574571915946139289e-10 2.382579283019993563e-10 3.336677206186447340e-10 4.806285860506195987e-10 6.991372593843992865e-10 1.004714116329968458e-09 1.398913229395144026e-09 1.711222959720752680e-09 1.559221643947771156e-09 9.679360824236753641e-10 2.319620564000016325e-10 -8.955830971497562892e-11 -2.021585244159227269e-10
-3.427840883651188397e-11 2.130275536009690678e-12 -1.148386865806648524e-11 -1.040694012584940276e-11 2.137180018725291895e-11 2.944179726170110878e-11 4.102554969315341561e-12 2.629689661813260037e-12 4.043837811637647220e-11 4.422857960632264500e-11 4.103967329667689564e-11 5.143332086120158260e-11 6.188800148757297374e-11 7.177473475299870034e-11 1.242834043805817512e-10 1.795400447364596119e-10 2.677218025068378343e-10 4.366947363286128143e-10 7.141463540950511297e-10 1.123155892334156419e-09 1.559221643947771156e-09 1.764295005835659398e-09 1.376718018308884501e-09 4.990160671607760298e-10 -8.281202910469814796e-11 -2.283084164111867533e-10
-2.398251151111406315e-11 -3.893721621257954686e-12 -1.336721117336615736e-12 -5.204997699632304506e-12 9.813781445688747412e-12 1.449757823172385100e-11 -1.924190691934762546e-12 -7.372596170271895114e-12 2.533995879282975158e-11 3.701629048227832693e-11 2.875186755258359338e-11 3.750325882897585291e-11 3.995691177697187766e-11 2.186429758275758358e-11 4.617789625938990998e-11 6.083996320382004752e-11 8.688707731871045007e-11 1.689426802033808711e-10 3.248083563113817454e-10 6.003017951519985926e-10 9.679360824236753641e-10 1.376718018308884501e-09 1.531388360027063651e-09 9.539977390952053171e-10 7.276337026841657667e-11 -1.803689171301663899e-10
-5.430755843170704171e-12 -5.458099048743382791e-12 2.075475651973272825e-11 2.202767292474965473e-12 -2.750421460210104302e-12 -5.947029198014366771e-13 -3.903907128834898207e-12 -7.930644547668172221e-12 9.258185835256307096e-12 2.387406413865080344e-11 1.914353904429172402e-11 2.170853592153007667e-11 2.508948568891247218e-11 4.233718030692372157e-12 2.619017232769789379e-12 -3.916931836348532480e-12 -4.392852462431935733e-12 1.651424175068703885e-11 5.433873915510195376e-11 1.272571611767768894e-10 2.319620564000016325e-10 4.990160671607760298e-10 9.539977390952053171e-10 1.129622944245517666e-09 4.829454378355878626e-10 -2.490555314397355751e-11
-4.598765398419427862e-12 -8.662676017030299104e-13 2.384465393424346791e-11 3.513092085915543535e-12 2.738207831101754191e-12 4.726237614016802966e-12 8.786643646636246508e-12 1.050507835796961072e-11 1.020976666913801629e-11 1.184035970703859017e-11 1.842336917819168287e-11 3.800378203552926705e-12 1.446650745603355360e-11 1.118123569655852442e-11 -1.502618026716688339e-12 -1.170730338518101889e-11 -1.898646644369984142e-11 -4.012005014480415320e-11 -4.696350885381437520e-11 -5.331937562211260373e-11 -8.955830971497562892e-11 -8.281202910469814796e-11 7.276337026841657667e-11 4.829454378355878626e-10 9.489894977988180995e-10 5.018787091782006834e-10
-1.747215523021038302e-11 -1.564559051292351776e-12 1.354887850898305691e-11 1.855357166141161108e-11 -3.760264000634502319e-12 1.809076092896782352e-12 9.749048446291379606e-12 3.873327194493623467e-12 7.294425258097781677e-12 -2.789799392963648042e-12 -7.184555007456942522e-12 -1.543636424955672197e-11 -9.088833626612207961e-12 -4.007648508431015508e-12 5.237389353873212983e-15 -1.333584730612265319e-11 -3.544126504093869609e-11 -7.758322037476760798e-11 -1.020047255520402078e-10 -1.423267839672048407e-10 -2.021585244159227269e-10 -2.283084164111867533e-10 -1.803689171301663899e-10 -2.490555314397355751e-11 5.018787091782006834e-10 9.915712646325023371e-10
