6.882238160275944174e-11 1.706255567021241097e-11 5.337836366511590623e-12 7.484438520151954531e-12 1.934239737896404393e-12 -3.611398833183224940e-14 -3.789824795975488889e-13 -4.847612672390069204e-14 -7.044066723711324925e-13 -2.282095142606402975e-12 -3.480646971108354716e-12 -6.017841928050405854e-12 -8.914014681645932319e-12 -6.367685461916387028e-12 -4.416879770335200893e-12 -2.495681190174083477e-12 9.457267218890480108e-13 4.187260173196293670e-12 6.877181099137579609e-12 7.459047022313550931e-12 7.119967881348491232e-12 -1.683486603116625490e-12 -8.069531099857980275e-12 -4.300582589331747560e-12 -9.619226696448796613e-12 -1.025434514252814967e-11
1.706255567021241097e-11 4.693201439751841877e-11 1.412063161567874312e-11 1.004440185670143902e-11 4.433804247797030600e-12 2.583681566599031574e-12 2.881071878550708154e-12 1.722130666650606958e-12 2.810230575343286074e-13 -1.414820231347695115e-12 -4.360874872502026998e-12 -5.666813774521654459e-12 -6.164621092040822777e-12 -4.162626064835253809e-12 -3.665520226706372674e-12 -2.022818510205574664e-12 2.566207051093701741e-12 7.214242617584884867e-12 1.288932840545118673e-11 1.492828813669601410e-11 1.458203108623057628e-11 1.252892357351973357e-11 1.561372112256908105e-11 3.112496758852659438e-11 2.104782706804057521e-11 -3.969193161013835311e-12
5.337836366511590623e-12 1.412063161567874312e-11 3.816536570004044069e-11 1.596115364318418785e-11 4.485241214037417227e-12 5.524720166302538374e-12 4.209295056543284824e-12 1.659440227595637806e-12 3.210526340733369506e-13 -1.405370429160557873e-12 -1.672913520427130501e-12 -2.441556604974201747e-12 -4.119215699044533522e-12 -4.882766773422243011e-12 -4.203672796434271161e-12 -3.168397338265125292e-12 -1.708224307690479125e-12 -1.040016276145110506e-12 -1.237567076182089436e-12 -1.185700544068710102e-12 -3.310153568631673819e-12 -3.570369179722083100e-12 5.464285088701035478e-13 1.057264090746366338e-11 6.755255985322775548e-12 -1.048200251823490075e-11
7.484438520151954531e-12 1.004440185670143902e-11 1.596115364318418785e-11 3.520627899925494083e-11 1.183437598497564108e-11 9.002039260251847756e-12 5.994054657475754392e-12 3.463392824188571223e-12 1.288327033425279960e-12 1.451566477208062142e-12 2.027875132693006032e-13 -2.027958772176586065e-12 -3.108783067957103723e-12 -4.002784489853215954e-12 -1.340460995332834632e-12 1.078362722426434339e-12 5.729452738751645791e-12 6.205293826284508390e-12 8.826159999557808981e-12 9.569381209755149829e-12 1.313081393235880038e-11 1.381488904746178677e-11 1.038464910195430716e-11 1.302281665886636291e-11 1.031267012749631516e-11 -9.106023535756822306e-12
1.934239737896404393e-12 4.433804247797030600e-12 4.485241214037417227e-12 1.183437598497564108e-11 2.740615329269898220e-11 1.440273259651201912e-11 1.102869940755969420e-11 6.989964722825438031e-12 5.209854030016843509e-12 4.448920477526303559e-12 3.816118427395887043e-12 4.078063266580847850e-12 3.456512696658046260e-12 2.896754565764379793e-12 4.380786651306270498e-12 4.700162147533642729e-12 4.829200869497838682e-12 8.521827888281198420e-12 1.093911159718871919e-11 1.080751322386414299e-11 1.125465674721958077e-11 1.163589822935188718e-11 1.560440462592905820e-11 2.416799695096928551e-11 1.945532935853298203e-11 3.435721836412802832e-12
-3.611398833183224940e-14 2.583681566599031574e-12 5.524720166302538374e-12 9.002039260251847756e-12 1.440273259651201912e-11 2.649209366738876359e-11 1.416778010272995380e-11 7.708261155412486269e-12 6.346398766703119759e-12 5.152614897979279547e-12 4.290920360765429583e-12 4.537506363060781643e-12 3.611494377924457569e-12 3.478372017493901203e-12 4.012629896880753186e-12 6.252915019650326855e-12 8.799698597738302570e-12 1.126162661281988465e-11 1.491920173266132651e-11 1.769482203240604194e-11 1.536755635466933188e-11 7.732723887792795699e-12 3.956280265891265554e-12 9.801600900944979000e-12 1.414944224378542480e-11 5.952011372647694416e-12
-3.789824795975488889e-13 2.881071878550708154e-12 4.209295056543284824e-12 5.994054657475754392e-12 1.102869940755969420e-11 1.416778010272995380e-11 1.996230435951006517e-11 1.138492641428791413e-11 8.204239879810627700e-12 6.633632683171182317e-12 6.655526408617541325e-12 5.755142346980734416e-12 4.152137021723224185e-12 4.217617466291329130e-12 4.532120430417154660e-12 5.436599698045521156e-12 6.323570737410531920e-12 8.896248298009933109e-12 1.337254265878783496e-11 1.357983476514607427e-11 1.244226470339654074e-11 5.544392829449357240e-12 3.742177942719784855e-12 1.148702918902290707e-12 -2.421516242518755005e-12 -4.970569015712550717e-12
-4.847612672390069204e-14 1.722130666650606958e-12 1.659440227595637806e-12 3.463392824188571223e-12 6.989964722825438031e-12 7.708261155412486269e-12 1.138492641428791413e-11 1.918897557073209172e-11 1.402609934638740278e-11 9.929214185769571127e-12 8.723308752598998658e-12 6.497975180813929597e-12 5.580065654871275498e-12 4.244068419915547774e-12 3.989878136255622378e-12 3.113251756662100625e-12 3.647539089226753972e-12 4.426670746329407224e-12 7.353876378376265393e-12 8.964114641074838439e-12 1.101312706989898302e-11 1.187020328331043029e-11 1.874738052937399773e-11 1.525601709505779839e-11 7.369686067520067880e-13 -9.382687620132470752e-12
-7.044066723711324925e-13 2.810230575343286074e-13 3.210526340733369506e-13 1.288327033425279960e-12 5.209854030016843509e-12 6.346398766703119759e-12 8.204239879810627700e-12 1.402609934638740278e-11 2.097139624432533374e-11 1.614880763527232585e-11 1.392638464952832059e-11 1.015746011462250898e-11 1.018567738266604574e-11 1.106860373139634498e-11 1.109510763125064665e-11 1.120837528532729749e-11 1.360493376105993310e-11 1.614705700795244771e-11 1.903709672753483669e-11 1.861421533065738583e-11 1.601497598335179282e-11 8.112778461602114036e-12 1.206386524227224451e-11 1.454702461568839371e-11 2.796533763544342333e-12 -5.658903370572291184e-12
-2.282095142606402975e-12 -1.414820231347695115e-12 -1.405370429160557873e-12 1.451566477208062142e-12 4.448920477526303559e-12 5.152614897979279547e-12 6.633632683171182317e-12 9.929214185769571127e-12 1.614880763527232585e-11 2.365753874269798062e-11 2.007456321244766495e-11 1.472255450035215264e-11 1.509105514359735362e-11 1.458278721105679027e-11 1.361321444868885214e-11 1.408808589248405607e-11 1.509061299317697948e-11 1.609300936475744490e-11 1.602183702702181341e-11 1.707418943481798081e-11 1.683526552195772973e-11 7.762570263499829788e-12 1.352164295679849952e-11 1.719283924682281224e-11 1.295023491059029265e-11 4.080501470521844369e-12
-3.480646971108354716e-12 -4.360874872502026998e-12 -1.672913520427130501e-12 2.027875132693006032e-13 3.816118427395887043e-12 4.290920360765429583e-12 6.655526408617541325e-12 8.723308752598998658e-12 1.392638464952832059e-11 2.007456321244766495e-11 2.836519952964441080e-11 2.403304468961471170e-11 2.393398297076255513e-11 2.196506545190920316e-11 1.999086462962768551e-11 2.014499935856930672e-11 2.097928612155079472e-11 2.283097936494071247e-11 2.500424038243570455e-11 2.857356208222119634e-11 2.913499257291327323e-11 1.831748822211792939e-11 1.882017580568659275e-11 1.872954450163462032e-11 1.702042489237854796e-11 5.891593555343789282e-13
-6.017841928050405854e-12 -5.666813774521654459e-12 -2.441556604974201747e-12 -2.027958772176586065e-12 4.078063266580847850e-12 4.537506363060781643e-12 5.755142346980734416e-12 6.497975180813929597e-12 1.015746011462250898e-11 1.472255450035215264e-11 2.403304468961471170e-11 3.135452493950929804e-11 3.199656045681460730e-11 2.928413193664936011e-11 2.672994666900310547e-11 2.701895324459813816e-11 2.827177278067969955e-11 3.245396540104239930e-11 3.567779968960611970e-11 4.007336807923022450e-11 3.812660702844647745e-11 1.868105086216522363e-11 1.267799987703226627e-11 9.601370556152095046e-12 1.735961023073924638e-11 1.133217917862840657e-11
-8.914014681645932319e-12 -6.164621092040822777e-12 -4.119215699044533522e-12 -3.108783067957103723e-12 3.456512696658046260e-12 3.611494377924457569e-12 4.152137021723224185e-12 5.580065654871275498e-12 1.018567738266604574e-11 1.509105514359735362e-11 2.393398297076255513e-11 3.199656045681460730e-11 4.493982595358461309e-11 4.407896977820961124e-11 4.113440024381398456e-11 4.346897875885508449e-11 4.518155761118118797e-11 5.073713189817190439e-11 5.556422198152325458e-11 5.924039141057284828e-11 5.419048955754755356e-11 2.456562436487127416e-11 1.469439082085697909e-11 1.247825298813555600e-11 2.114336217717491363e-11 1.464163635702668616e-11
-6.367685461916387028e-12 -4.162626064835253809e-12 -4.882766773422243011e-12 -4.002784489853215954e-12 2.896754565764379793e-12 3.478372017493901203e-12 4.217617466291329130e-12 4.244068419915547774e-12 1.106860373139634498e-11 1.458278721105679027e-11 2.196506545190920316e-11 2.928413193664936011e-11 4.407896977820961124e-11 5.641522640631950606e-11 5.883329227282277028e-11 6.372522205715506921e-11 6.884997812059579916e-11 7.844622867285748538e-11 8.825002758386211537e-11 9.449586110681289401e-11 8.155207560237987766e-11 2.948762492393667662e-11 9.665991019146234130e-12 1.446278343956700223e-11 2.178203216669374862e-11 9.406846168061373815e-12
-4.416879770335200893e-12 -3.665520226706372674e-12 -4.203672796434271161e-12 -1.340460995332834632e-12 4.380786651306270498e-12 4.012629896880753186e-12 4.532120430417154660e-12 3.989878136255622378e-12 1.109510763125064665e-11 1.361321444868885214e-11 1.999086462962768551e-11 2.672994666900310547e-11 4.113440024381398456e-11 5.883329227282277028e-11 7.977438894015500128e-11 9.412932495395754412e-11 1.071042080928596669e-10 1.222989112118760892e-10 1.363976405848202312e-10 1.447519478415332662e-10 1.212396017676589271e-10 4.311771801581234241e-11 6.148032409312204838e-12 1.994090689851038779e-11 2.845868272037199477e-11 8.230027947243858684e-12
-2.495681190174083477e-12 -2.022818510205574664e-12 -3.168397338265125292e-12 1.078362722426434339e-12 4.700162147533642729e-12 6.252915019650326855e-12 5.436599698045521156e-12 3.113251756662100625e-12 1.120837528532729749e-11 1.408808589248405607e-11 2.014499935856930672e-11 2.701895324459813816e-11 4.346897875885508449e-11 6.372522205715506921e-11 9.412932495395754412e-11 1.331877702064509940e-10 1.624727675601711408e-10 1.894202634175729033e-10 2.103699013935207145e-10 2.231739032642170241e-10 1.909118498110061467e-10 7.470141886912914087e-11 6.796009256723037464e-12 2.723368490353267871e-11 4.172658294425317662e-11 1.371853493107909626e-11
9.457267218890480108e-13 2.566207051093701741e-12 -1.708224307690479125e-12 5.729452738751645791e-12 4.829200869497838682e-12 8.799698597738302570e-12 6.323570737410531920e-12 3.647539089226753972e-12 1.360493376105993310e-11 1.509061299317697948e-11 2.097928612155079472e-11 2.827177278067969955e-11 4.518155761118118797e-11 6.884997812059579916e-11 1.071042080928596669e-10 1.624727675601711408e-10 2.271664720413481042e-10 2.767612336467623009e-10 3.110705044933598031e-10 3.309416913300810179e-10 2.918388242372559146e-10 1.332356990460469496e-10 1.139039251501222399e-11 2.518222159041837299e-11 4.326888409722804188e-11 9.226821163331681560e-12
4.187260173196293670e-12 7.214242617584884867e-12 -1.040016276145110506e-12 6.205293826284508390e-12 8.521827888281198420e-12 1.126162661281988465e-11 8.896248298009933109e-12 4.426670746329407224e-12 1.614705700795244771e-11 1.609300936475744490e-11 2.283097936494071247e-11 3.245396540104239930e-11 5.073713189817190439e-11 7.844622867285748538e-11 1.222989112118760892e-10 1.894202634175729033e-10 2.767612336467623009e-10 3.686099996046156618e-10 4.285754491931860009e-10 4.564915276317574880e-10 4.124510389985173241e-10 2.167570351370123975e-10 2.930453874342413662e-11 2.627713788949588629e-11 3.872551605455958080e-11 -9.771312556349989045e-13
6.877181099137579609e-12 1.288932840545118673e-11 -1.237567076182089436e-12 8.826159999557808981e-12 1.093911159718871919e-11 1.491920173266132651e-11 1.337254265878783496e-11 7.353876378376265393e-12 1.903709672753483669e-11 1.602183702702181341e-11 2.500424038243570455e-11 3.567779968960611970e-11 5.556422198152325458e-11 8.825002758386211537e-11 1.363976405848202312e-10 2.103699013935207145e-10 3.110705044933598031e-10 4.285754491931860009e-10 5.389272316922636594e-10 5.997909767447648845e-10 5.629073399744408562e-10 3.439606358167852322e-10 8.383716908085038329e-11 4.140169651609864803e-11 4.270125141935473753e-11 -9.503618394312413681e-12
7.459047022313550931e-12 1.492828813669601410e-11 -1.185700544068710102e-12 9.569381209755149829e-12 1.080751322386414299e-11 1.769482203240604194e-11 1.357983476514607427e-11 8.964114641074838439e-12 1.861421533065738583e-11 1.707418943481798081e-11 2.857356208222119634e-11 4.007336807923022450e-11 5.924039141057284828e-11 9.449586110681289401e-11 1.447519478415332662e-10 2.231739032642170241e-10 3.309416913300810179e-10 4.564915276317574880e-10 5.997909767447648845e-10 7.391092546157466208e-10 7.485831509432497535e-10 5.315535926857276046e-10 1.965343747837554627e-10 6.812657299104427777e-11 5.224377117823254622e-11 -1.911675527905476133e-11
7.119967881348491232e-12 1.458203108623057628e-11 -3.310153568631673819e-12 1.313081393235880038e-11 1.125465674721958077e-11 1.536755635466933188e-11 1.244226470339654074e-11 1.101312706989898302e-11 1.601497598335179282e-11 1.683526552195772973e-11 2.913499257291327323e-11 3.812660702844647745e-11 5.419048955754755356e-11 8.155207560237987766e-11 1.212396017676589271e-10 1.909118498110061467e-10 2.918388242372559146e-10 4.124510389985173241e-10 5.629073399744408562e-10 7.485831509432497535e-10 8.636049734349116527e-10 7.395546794355353186e-10 3.906273448847854100e-10 1.250705462078813763e-10 2.812499043765353364e-11 -3.853120774580805795e-11
-1.683486603116625490e-12 1.252892357351973357e-11 -3.570369179722083100e-12 1.381488904746178677e-11 1.163589822935188718e-11 7.732723887792795699e-12 5.544392829449357240e-12 1.187020328331043029e-11 8.112778461602114036e-12 7.762570263499829788e-12 1.831748822211792939e-11 1.868105086216522363e-11 2.456562436487127416e-11 2.948762492393667662e-11 4.311771801581234241e-11 7.470141886912914087e-11 1.332356990460469496e-10 2.167570351370123975e-10 3.439606358167852322e-10 5.315535926857276046e-10 7.395546794355353186e-10 8.545719059381516317e-10 6.266239783770353459e-10 2.438541961074904230e-10 -3.533080272022244189e-12 -5.498957007208737464e-11
-8.069531099857980275e-12 1.561372112256908105e-11 5.464285088701035478e-13 1.038464910195430716e-11 1.560440462592905820e-11 3.956280265891265554e-12 3.742177942719784855e-12 1.874738052937399773e-11 1.206386524227224451e-11 1.352164295679849952e-11 1.882017580568659275e-11 1.267799987703226627e-11 1.469439082085697909e-11 9.665991019146234130e-12 6.148032409312204838e-12 6.796009256723037464e-12 1.139039251501222399e-11 2.930453874342413662e-11 8.383716908085038329e-11 1.965343747837554627e-10 3.906273448847854100e-10 6.266239783770353459e-10 7.110548199620446173e-10 4.462035223826740417e-10 6.217820977397649015e-11 -2.288533179643658470e-11
-4.300582589331747560e-12 3.112496758852659438e-11 1.057264090746366338e-11 1.302281665886636291e-11 2.416799695096928551e-11 9.801600900944979000e-12 1.148702918902290707e-12 1.525601709505779839e-11 1.454702461568839371e-11 1.719283924682281224e-11 1.872954450163462032e-11 9.601370556152095046e-12 1.247825298813555600e-11 1.446278343956700223e-11 1.994090689851038779e-11 2.723368490353267871e-11 2.518222159041837299e-11 2.627713788949588629e-11 4.140169651609864803e-11 6.812657299104427777e-11 1.250705462078813763e-10 2.438541961074904230e-10 4.462035223826740417e-10 5.862182859841717167e-10 3.270014382421954054e-10 7.137543852594205472e-11
-9.619226696448796613e-12 2.104782706804057521e-11 6.755255985322775548e-12 1.031267012749631516e-11 1.945532935853298203e-11 1.414944224378542480e-11 -2.421516242518755005e-12 7.369686067520067880e-13 2.796533763544342333e-12 1.295023491059029265e-11 1.702042489237854796e-11 1.735961023073924638e-11 2.114336217717491363e-11 2.178203216669374862e-11 2.845868272037199477e-11 4.172658294425317662e-11 4.326888409722804188e-11 3.872551605455958080e-11 4.270125141935473753e-11 5.224377117823254622e-11 2.812499043765353364e-11 -3.533080272022244189e-12 6.217820977397649015e-11 3.270014382421954054e-10 5.667438861823953219e-10 3.122573143195953466e-10
-1.025434514252814967e-11 -3.969193161013835311e-12 -1.048200251823490075e-11 -9.106023535756822306e-12 3.435721836412802832e-12 5.952011372647694416e-12 -4.970569015712550717e-12 -9.382687620132470752e-12 -5.658903370572291184e-12 4.080501470521844369e-12 5.891593555343789282e-13 1.133217917862840657e-11 1.464163635702668616e-11 9.406846168061373815e-12 8.230027947243858684e-12 1.371853493107909626e-11 9.226821163331681560e-12 -9.771312556349989045e-13 -9.503618394312413681e-12 -1.911675527905476133e-11 -3.853120774580805795e-11 -5.498957007208737464e-11 -2.288533179643658470e-11 7.137543852594205472e-11 3.122573143195953466e-10 5.208842236039594912e-10
