6.756295639854581433e-11 1.461660845056496978e-11 1.065701001083203962e-11 -1.277094368400861989e-12 -2.828547621687531461e-14 -1.409550094064747313e-12 1.283567361580411685e-12 7.646315216809310432e-13 -2.654301613311150889e-13 -1.268776639627664692e-12 -3.113200714862244975e-12 -9.635292611815207672e-13 4.790442940376041975e-13 4.224128522479661102e-12 4.568404846251992314e-12 4.621743878379407083e-12 8.081569210106364091e-12 1.099503205205551214e-11 1.186979555137544790e-11 1.265571694508788565e-11 1.377167633823912631e-11 1.068389994621606685e-11 5.821188720713602804e-12 -5.254382230059071508e-12 -1.149926168137385654e-11 -2.242818907229233115e-12
1.461660845056496978e-11 5.097045999302872222e-11 1.465324057474414250e-11 5.250679963992167563e-12 1.279384388989157803e-12 3.823729331957434226e-12 3.140443932016402167e-12 2.519222253797302182e-12 6.291982686639581662e-13 -9.569500494969930854e-14 -1.075211370957336516e-12 -6.011907412182643856e-12 -3.923007223035159557e-12 -1.244753907689967719e-12 1.083838011052931749e-12 1.582384013702929286e-12 1.032383394840917391e-13 3.653720712375306878e-13 1.449646635290564299e-12 2.058142682046105688e-12 3.805193739481447344e-12 2.671665548791008408e-12 5.437634497878547995e-13 3.270019408106139774e-13 2.916996965138210425e-13 -9.317762672231037134e-12
1.065701001083203962e-11 1.465324057474414250e-11 3.829801142478362554e-11 9.297720004134560599e-12 4.629914519027896731e-12 5.963488589771482451e-12 4.322649785595099421e-12 2.069504700145475850e-12 1.719576490888313564e-12 1.029976624372789382e-12 1.226880090080828925e-12 -9.406355232051779737e-13 -2.720094879216009690e-13 2.077197544894009791e-13 1.098060434619001536e-12 1.806041461264245361e-12 2.369445687080624782e-12 6.816617623799739455e-13 -1.475803867953665231e-12 -3.934559803833935322e-12 -6.749090061644197149e-12 -3.113526022737103738e-12 5.509169356496152343e-13 1.970728101978392406e-12 7.871316875350554379e-12 3.871356941179286868e-12
-1.277094368400861989e-12 5.250679963992167563e-12 9.297720004134560599e-12 3.159050239223249951e-11 1.125805845322048282e-11 8.278676975417019280e-12 4.696807659469550236e-12 4.862052654888269655e-12 3.743889334171255311e-12 3.210263443310493115e-12 3.577576609886496856e-12 1.925736555368698897e-12 1.033609606938032163e-12 1.802497903377728259e-12 2.121026784862613845e-12 -4.844847904493980078e-13 -1.850094001114973916e-13 -1.275569496449891768e-12 6.819694258103778424e-13 2.389012545768380259e-12 4.451760981128085338e-12 5.448530680722446377e-12 4.816161889666612032e-12 2.187359861884949616e-12 4.897620923538703472e-12 1.393492918989193149e-11
-2.828547621687531461e-14 1.279384388989157803e-12 4.629914519027896731e-12 1.125805845322048282e-11 2.410669411773456744e-11 1.438011597586898839e-11 9.064511072785270287e-12 4.911830060265636652e-12 4.436064605481695437e-12 2.445667635950937360e-12 3.283375989410880714e-12 3.002277445360688618e-12 1.140259281121077176e-12 1.086779830642186074e-12 1.031856269260461996e-12 2.539594282129470235e-12 2.953146457351082779e-12 2.428309245847818838e-12 3.110322583939319767e-12 6.628163755137790487e-12 9.545695991814789871e-12 8.832090458778969663e-12 3.478720249597579547e-12 -2.430285964249335362e-12 4.400636068965992358e-12 1.058664791536335752e-11
-1.409550094064747313e-12 3.823729331957434226e-12 5.963488589771482451e-12 8.278676975417019280e-12 1.438011597586898839e-11 2.470477553181497861e-11 1.421500940208411234e-11 9.123470637039375573e-12 8.030692578829752791e-12 4.497391225386886655e-12 2.836813602767942587e-12 1.868463226444172270e-12 9.665996286808728724e-13 -6.624351283688262958e-13 -6.115079215220800377e-14 1.100632795359430458e-12 2.033141874416479644e-12 -7.297740559125611489e-13 -1.197638067979416666e-12 6.820275550488290159e-13 3.608896478665728519e-12 5.079081057164763415e-12 2.100067009282511218e-12 -4.596782494510788618e-12 3.498509302059834623e-12 7.766536684995848677e-12
1.283567361580411685e-12 3.140443932016402167e-12 4.322649785595099421e-12 4.696807659469550236e-12 9.064511072785270287e-12 1.421500940208411234e-11 2.011131574366158068e-11 1.374971957886967032e-11 1.027802320210849801e-11 8.154475615487209803e-12 6.075707774410942892e-12 4.617542110694722883e-12 3.688398845567267999e-12 3.095995937001840788e-12 4.553991055763090785e-12 7.193323053356388362e-12 9.093618886482525784e-12 7.839760940316399983e-12 7.456718030831955148e-12 9.100667148035493105e-12 9.962768627084776236e-12 4.810299953718535698e-12 -7.058518753177125187e-13 -6.359067227038252898e-12 2.272342263925729980e-13 -1.866990350876891930e-12
7.646315216809310432e-13 2.519222253797302182e-12 2.069504700145475850e-12 4.862052654888269655e-12 4.911830060265636652e-12 9.123470637039375573e-12 1.374971957886967032e-11 1.986491051534632396e-11 1.450765682656137508e-11 1.143147699142922701e-11 8.457753105134101001e-12 7.081511912229690136e-12 4.590372344584535470e-12 3.787437811497787702e-12 4.487590186899589633e-12 7.312494128957504714e-12 9.803343819531741509e-12 9.064234123814908271e-12 9.670468377493765735e-12 1.075413845886379559e-11 9.827450020704664850e-12 3.218328831532894570e-12 -3.157953038584380090e-12 -8.076486801956639821e-12 -6.037445092693229595e-12 -9.600863651497901743e-12
-2.654301613311150889e-13 6.291982686639581662e-13 1.719576490888313564e-12 3.743889334171255311e-12 4.436064605481695437e-12 8.030692578829752791e-12 1.027802320210849801e-11 1.450765682656137508e-11 2.200227826019072623e-11 1.637541752804181725e-11 1.212410071400740178e-11 1.041123152043390519e-11 8.086965585630287169e-12 7.780547241818707577e-12 7.036253206701259402e-12 7.957992686426969876e-12 1.073182946857404259e-11 8.397410670964137573e-12 8.036063133273614146e-12 8.996145920064643296e-12 5.964907213862192674e-12 8.468066559685893508e-13 1.054491138408433875e-12 -2.300208385929483535e-12 -5.065691724439300168e-12 -3.923897488248316570e-12
-1.268776639627664692e-12 -9.569500494969930854e-14 1.029976624372789382e-12 3.210263443310493115e-12 2.445667635950937360e-12 4.497391225386886655e-12 8.154475615487209803e-12 1.143147699142922701e-11 1.637541752804181725e-11 2.189186879653817907e-11 1.768018635230752687e-11 1.355563303799677790e-11 1.062549703036755946e-11 9.073075761732577053e-12 6.773476851657692699e-12 7.767226000640401703e-12 9.453625983939160415e-12 7.640043497347494943e-12 7.079800051458367698e-12 7.248856831981166936e-12 6.130560466221353851e-12 5.585151936435734797e-13 -2.153220063161478346e-12 -8.180832945075188448e-12 -4.900656767825322939e-12 -8.223135210113659966e-12
-3.113200714862244975e-12 -1.075211370957336516e-12 1.226880090080828925e-12 3.577576609886496856e-12 3.283375989410880714e-12 2.836813602767942587e-12 6.075707774410942892e-12 8.457753105134101001e-12 1.212410071400740178e-11 1.768018635230752687e-11 2.351852054437264561e-11 1.995274849536357807e-11 1.618718193081753418e-11 1.418460691088741898e-11 1.275898565082928638e-11 1.291158196183078233e-11 1.321720434568876449e-11 1.251482376477225013e-11 1.208225074755318417e-11 1.258957830779045727e-11 8.413242116391044891e-12 -2.817100769308985496e-12 -7.120476923479346594e-12 -1.031068997063143255e-11 -6.196278247575923514e-12 -7.938894405401289498e-12
-9.635292611815207672e-13 -6.011907412182643856e-12 -9.406355232051779737e-13 1.925736555368698897e-12 3.002277445360688618e-12 1.868463226444172270e-12 4.617542110694722883e-12 7.081511912229690136e-12 1.041123152043390519e-11 1.355563303799677790e-11 1.995274849536357807e-11 2.841628612624769983e-11 2.643100598135072053e-11 2.374025921157662976e-11 2.132631885119911956e-11 1.989831629192219788e-11 1.944762487316966365e-11 1.869945055104380355e-11 1.797915889084652079e-11 1.962765657292728858e-11 1.225250757146681320e-11 -3.102028259205238714e-12 -4.560561401643191164e-12 -7.070182330811780475e-12 -8.132219850601120159e-12 -3.313858041467952941e-12
4.790442940376041975e-13 -3.923007223035159557e-12 -2.720094879216009690e-13 1.033609606938032163e-12 1.140259281121077176e-12 9.665996286808728724e-13 3.688398845567267999e-12 4.590372344584535470e-12 8.086965585630287169e-12 1.062549703036755946e-11 1.618718193081753418e-11 2.643100598135072053e-11 3.704591299979070082e-11 3.576619195703740406e-11 3.264946460182626569e-11 3.081286093454634702e-11 2.969010945324426687e-11 2.988731455624340619e-11 3.000242561939617459e-11 3.086984918687402917e-11 1.973938725694652182e-11 -4.349949090298298634e-12 -5.872630087969462801e-12 -3.101063918765387009e-12 -9.502575141635329636e-12 -8.955417965926773259e-12
4.224128522479661102e-12 -1.244753907689967719e-12 2.077197544894009791e-13 1.802497903377728259e-12 1.086779830642186074e-12 -6.624351283688262958e-13 3.095995937001840788e-12 3.787437811497787702e-12 7.780547241818707577e-12 9.073075761732577053e-12 1.418460691088741898e-11 2.374025921157662976e-11 3.576619195703740406e-11 4.782926550650968246e-11 4.888868002662903050e-11 4.806272389987722712e-11 4.684944696090633510e-11 4.739581844857878799e-11 4.866479225489917950e-11 5.037204284338279858e-11 3.736016575072797821e-11 1.161501646939280466e-12 -5.409609294385045100e-12 -1.045708593012299883e-12 -6.495633836418970717e-12 -4.787491418021733751e-12
4.568404846251992314e-12 1.083838011052931749e-12 1.098060434619001536e-12 2.121026784862613845e-12 1.031856269260461996e-12 -6.115079215220800377e-14 4.553991055763090785e-12 4.487590186899589633e-12 7.036253206701259402e-12 6.773476851657692699e-12 1.275898565082928638e-11 2.132631885119911956e-11 3.264946460182626569e-11 4.888868002662903050e-11 6.521528284161194067e-11 6.900765775088510540e-11 6.872054310415464680e-11 6.985514406580577832e-11 7.178511500037441163e-11 7.749918910651959623e-11 6.455935087768645853e-11 1.478837838585919145e-11 -3.130463142291332794e-12 -3.989470928649487433e-12 -4.783000129138188500e-12 -3.142044652611741265e-12
4.621743878379407083e-12 1.582384013702929286e-12 1.806041461264245361e-12 -4.844847904493980078e-13 2.539594282129470235e-12 1.100632795359430458e-12 7.193323053356388362e-12 7.312494128957504714e-12 7.957992686426969876e-12 7.767226000640401703e-12 1.291158196183078233e-11 1.989831629192219788e-11 3.081286093454634702e-11 4.806272389987722712e-11 6.900765775088510540e-11 8.925073569773313432e-11 9.575151225587539714e-11 1.000931558194094372e-10 1.041886212809568740e-10 1.136085080131647352e-10 1.024344524298414584e-10 4.080074570730662018e-11 6.361885771240158821e-12 4.088419204279821184e-13 -6.089821371174821580e-12 -8.912729038857856133e-12
8.081569210106364091e-12 1.032383394840917391e-13 2.369445687080624782e-12 -1.850094001114973916e-13 2.953146457351082779e-12 2.033141874416479644e-12 9.093618886482525784e-12 9.803343819531741509e-12 1.073182946857404259e-11 9.453625983939160415e-12 1.321720434568876449e-11 1.944762487316966365e-11 2.969010945324426687e-11 4.684944696090633510e-11 6.872054310415464680e-11 9.575151225587539714e-11 1.197729984307717030e-10 1.297469383064650606e-10 1.366089024798579230e-10 1.498471575885067314e-10 1.389556349131805945e-10 6.708932136327478380e-11 1.410682179671579176e-11 3.363684827867576306e-12 -9.575677506365271154e-12 -1.443523146610004725e-11
1.099503205205551214e-11 3.653720712375306878e-13 6.816617623799739455e-13 -1.275569496449891768e-12 2.428309245847818838e-12 -7.297740559125611489e-13 7.839760940316399983e-12 9.064234123814908271e-12 8.397410670964137573e-12 7.640043497347494943e-12 1.251482376477225013e-11 1.869945055104380355e-11 2.988731455624340619e-11 4.739581844857878799e-11 6.985514406580577832e-11 1.000931558194094372e-10 1.297469383064650606e-10 1.618663549874401171e-10 1.786430400817528579e-10 1.958900734261060838e-10 1.855761293379163877e-10 1.030710306392254277e-10 2.542646948519340616e-11 7.503507572576654455e-12 -1.367710176097621231e-11 -1.777197076621727242e-11
1.186979555137544790e-11 1.449646635290564299e-12 -1.475803867953665231e-12 6.819694258103778424e-13 3.110322583939319767e-12 -1.197638067979416666e-12 7.456718030831955148e-12 9.670468377493765735e-12 8.036063133273614146e-12 7.079800051458367698e-12 1.208225074755318417e-11 1.797915889084652079e-11 3.000242561939617459e-11 4.866479225489917950e-11 7.178511500037441163e-11 1.041886212809568740e-10 1.366089024798579230e-10 1.786430400817528579e-10 2.218540197680051084e-10 2.531298288255674683e-10 2.472514624430063253e-10 1.585718410479889070e-10 5.218544328294732848e-11 1.756255960129420445e-11 -1.161337471299994840e-11 -2.064129599339326101e-11
1.265571694508788565e-11 2.058142682046105688e-12 -3.934559803833935322e-12 2.389012545768380259e-12 6.628163755137790487e-12 6.820275550488290159e-13 9.100667148035493105e-12 1.075413845886379559e-11 8.996145920064643296e-12 7.248856831981166936e-12 1.258957830779045727e-11 1.962765657292728858e-11 3.086984918687402917e-11 5.037204284338279858e-11 7.749918910651959623e-11 1.136085080131647352e-10 1.498471575885067314e-10 1.958900734261060838e-10 2.531298288255674683e-10 3.296254975961679456e-10 3.485545075733550184e-10 2.579187607781307485e-10 1.183038518610842397e-10 3.701583074398042961e-11 -3.809663613185026929e-12 -1.831584293197145367e-11
1.377167633823912631e-11 3.805193739481447344e-12 -6.749090061644197149e-12 4.451760981128085338e-12 9.545695991814789871e-12 3.608896478665728519e-12 9.962768627084776236e-12 9.827450020704664850e-12 5.964907213862192674e-12 6.130560466221353851e-12 8.413242116391044891e-12 1.225250757146681320e-11 1.973938725694652182e-11 3.736016575072797821e-11 6.455935087768645853e-11 1.024344524298414584e-10 1.389556349131805945e-10 1.855761293379163877e-10 2.472514624430063253e-10 3.485545075733550184e-10 4.411849077422703587e-10 3.961401860995001397e-10 2.400212447277852810e-10 7.076469329244547714e-11 -6.156263776164169088e-12 -2.036416654308202447e-11
1.068389994621606685e-11 2.671665548791008408e-12 -3.113526022737103738e-12 5.448530680722446377e-12 8.832090458778969663e-12 5.079081057164763415e-12 4.810299953718535698e-12 3.218328831532894570e-12 8.468066559685893508e-13 5.585151936435734797e-13 -2.817100769308985496e-12 -3.102028259205238714e-12 -4.349949090298298634e-12 1.161501646939280466e-12 1.478837838585919145e-11 4.080074570730662018e-11 6.708932136327478380e-11 1.030710306392254277e-10 1.585718410479889070e-10 2.579187607781307485e-10 3.961401860995001397e-10 4.844011580217440050e-10 3.858820303080378323e-10 1.502888293976292050e-10 4.080918146013321941e-12 -1.385966827033938278e-11
5.821188720713602804e-12 5.437634497878547995e-13 5.509169356496152343e-13 4.816161889666612032e-12 3.478720249597579547e-12 2.100067009282511218e-12 -7.058518753177125187e-13 -3.157953038584380090e-12 1.054491138408433875e-12 -2.153220063161478346e-12 -7.120476923479346594e-12 -4.560561401643191164e-12 -5.872630087969462801e-12 -5.409609294385045100e-12 -3.130463142291332794e-12 6.361885771240158821e-12 1.410682179671579176e-11 2.542646948519340616e-11 5.218544328294732848e-11 1.183038518610842397e-10 2.400212447277852810e-10 3.858820303080378323e-10 4.470018071099143869e-10 2.753790730572429255e-10 5.833494771156931340e-11 9.173056680050199558e-12
-5.254382230059071508e-12 3.270019408106139774e-13 1.970728101978392406e-12 2.187359861884949616e-12 -2.430285964249335362e-12 -4.596782494510788618e-12 -6.359067227038252898e-12 -8.076486801956639821e-12 -2.300208385929483535e-12 -8.180832945075188448e-12 -1.031068997063143255e-11 -7.070182330811780475e-12 -3.101063918765387009e-12 -1.045708593012299883e-12 -3.989470928649487433e-12 4.088419204279821184e-13 3.363684827867576306e-12 7.503507572576654455e-12 1.756255960129420445e-11 3.701583074398042961e-11 7.076469329244547714e-11 1.502888293976292050e-10 2.753790730572429255e-10 3.460213340862358201e-10 1.928896904710263492e-10 3.855954387370528434e-11
-1.149926168137385654e-11 2.916996965138210425e-13 7.871316875350554379e-12 4.897620923538703472e-12 4.400636068965992358e-12 3.498509302059834623e-12 2.272342263925729980e-13 -6.037445092693229595e-12 -5.065691724439300168e-12 -4.900656767825322939e-12 -6.196278247575923514e-12 -8.132219850601120159e-12 -9.502575141635329636e-12 -6.495633836418970717e-12 -4.783000129138188500e-12 -6.089821371174821580e-12 -9.575677506365271154e-12 -1.367710176097621231e-11 -1.161337471299994840e-11 -3.809663613185026929e-12 -6.156263776164169088e-12 4.080918146013321941e-12 5.833494771156931340e-11 1.928896904710263492e-10 2.993126970252867282e-10 1.585634282555727348e-10
-2.242818907229233115e-12 -9.317762672231037134e-12 3.871356941179286868e-12 1.393492918989193149e-11 1.058664791536335752e-11 7.766536684995848677e-12 -1.866990350876891930e-12 -9.600863651497901743e-12 -3.923897488248316570e-12 -8.223135210113659966e-12 -7.938894405401289498e-12 -3.313858041467952941e-12 -8.955417965926773259e-12 -4.787491418021733751e-12 -3.142044652611741265e-12 -8.912729038857856133e-12 -1.443523146610004725e-11 -1.777197076621727242e-11 -2.064129599339326101e-11 -1.831584293197145367e-11 -2.036416654308202447e-11 -1.385966827033938278e-11 9.173056680050199558e-12 3.855954387370528434e-11 1.585634282555727348e-10 3.354888746084703936e-10
