7.215894965713367569e-11 1.548306316088478917e-11 2.831819170003383069e-12 3.573010705756162010e-12 -1.011151522700682315e-12 6.816652381126274501e-13 -2.178985321031348490e-12 -6.049054703151958643e-13 -2.392273202082983452e-12 -3.609371298685233919e-12 -6.980782741447332977e-12 -6.892566219803511467e-12 -7.597537243355264586e-12 -6.718757920881600969e-12 -6.444419215550524635e-12 -7.236184771873220429e-12 -1.291221801211268171e-11 -1.648595372209250112e-11 -2.177540810354102138e-11 -2.098753563534059610e-11 -3.329792324026191830e-11 -3.096614779600983261e-11 -3.033013557984166111e-11 -1.523553824894857763e-11 3.514762680979205698e-11 5.021287324304691015e-11
1.548306316088478917e-11 5.677714139415670663e-11 1.566713704120887888e-11 9.270899240634117842e-12 6.013934909094497429e-12 2.812531537424498374e-12 9.571934709716369503e-13 -2.512888368475311288e-12 -1.169933520012595942e-12 -1.356606218516674332e-12 -1.082648864977146619e-12 2.522132860461474989e-13 5.810775249129522348e-13 -3.005448903992995145e-12 -3.737435703024372065e-12 -6.304978826737090785e-12 -9.907254043907091947e-12 -1.371884822867473739e-11 -9.892196554798123165e-12 1.512175451659212706e-13 2.783190850829548724e-13 2.117010514694327580e-12 1.148946285639552525e-11 1.894939229504693419e-11 1.652689740471914850e-11 -4.096322739573476459e-12
2.831819170003383069e-12 1.566713704120887888e-11 4.682689397966452568e-11 1.570600782257286305e-11 9.803903956354803057e-12 6.702134374281978491e-12 4.689469257285244794e-12 2.270177670664090276e-12 2.444680299751539876e-12 2.692780896352998925e-12 7.340959499427767689e-13 2.380081322144980511e-12 4.605247178529540472e-12 3.319746505203781384e-12 1.122472308143541510e-12 2.061953321912085917e-12 7.673425765768642487e-13 2.126224518779644999e-12 7.680343478852811761e-12 8.883715632446736615e-12 1.513692611139329573e-12 3.238864689016331190e-12 1.415881529856479535e-11 2.771595785382287674e-11 9.398391353084890804e-12 -1.102783814015819753e-11
3.573010705756162010e-12 9.270899240634117842e-12 1.570600782257286305e-11 3.570392730683766131e-11 1.565507178647186749e-11 6.782844313143484993e-12 6.950263437714433526e-12 3.263699579151314224e-12 3.148198810813006718e-12 1.772762739810009273e-12 3.329204777332602395e-13 6.699625021152920048e-13 6.918376374113581440e-13 7.786563527755043280e-13 5.092907281628713416e-13 8.805744405884350139e-13 3.859873293818478149e-12 5.248494252912329680e-12 9.242554810652945661e-12 1.524068881254944856e-11 1.432613682791026128e-11 1.374968066713396153e-11 1.504622381456414991e-11 1.321906535729300173e-11 9.045646664697534570e-13 -1.812540512784463780e-11
-1.011151522700682315e-12 6.013934909094497429e-12 9.803903956354803057e-12 1.565507178647186749e-11 2.874937549650503817e-11 9.814742214900938485e-12 6.558421085123756134e-12 1.878215328331232603e-12 2.300471408545115194e-12 3.346785493083518350e-12 2.470710696716179080e-12 2.302959176555341124e-12 1.785052191172638504e-12 1.841953973232225482e-12 2.310754743928987805e-12 2.639370357519507665e-12 4.922085489114341418e-12 7.656754666761551646e-12 1.563540345560510323e-11 2.111159165086849265e-11 2.206523225399900484e-11 1.681048833063197031e-11 8.735028264312789735e-12 7.916238435141387086e-12 3.200111790981121354e-12 -3.343243220813035542e-12
6.816652381126274501e-13 2.812531537424498374e-12 6.702134374281978491e-12 6.782844313143484993e-12 9.814742214900938485e-12 2.308348360633064321e-11 1.417783183014878837e-11 1.004379072316209997e-11 7.529202394253156676e-12 8.108423783890886650e-12 6.859151997143336049e-12 7.849546997859873018e-12 7.995875756753846119e-12 6.179459308245723688e-12 7.717697117736822369e-12 1.140573420300358379e-11 1.446951967371687418e-11 1.692647233241237355e-11 2.200476689965733112e-11 2.628647370780324111e-11 2.705575317940398381e-11 2.494842112077190899e-11 1.502290148252216943e-11 3.872185689370073427e-12 2.070504536094184644e-12 -7.449383875660320881e-12
-2.178985321031348490e-12 9.571934709716369503e-13 4.689469257285244794e-12 6.950263437714433526e-12 6.558421085123756134e-12 1.417783183014878837e-11 2.574007380327602334e-11 1.781219301594939322e-11 1.400108727799317739e-11 1.076678626956065969e-11 8.480381014189951841e-12 7.979461722973641553e-12 7.940704105100941549e-12 8.055657560134584379e-12 9.455869006945973337e-12 1.279824691967938907e-11 1.615705734280659981e-11 1.832863487090965732e-11 2.197322076190702498e-11 2.116972519389954880e-11 1.826936555379778571e-11 7.798007715677475082e-12 2.732889955290574549e-12 -2.087497880997581958e-13 9.810869504149326059e-12 3.561218840774416448e-12
-6.049054703151958643e-13 -2.512888368475311288e-12 2.270177670664090276e-12 3.263699579151314224e-12 1.878215328331232603e-12 1.004379072316209997e-11 1.781219301594939322e-11 2.778338195464044993e-11 2.114162286955409627e-11 1.658058681899324494e-11 1.479373564834866098e-11 1.308313837961280641e-11 1.371190990280542609e-11 1.419369399662382170e-11 1.477272338038727588e-11 1.734513614838870906e-11 2.133453088980904810e-11 2.513881683862874197e-11 2.945936075914320397e-11 3.141070747075264739e-11 2.795353574056343474e-11 1.473047636858469896e-11 6.705928346970225369e-12 4.398975369837005651e-12 1.289972127542810334e-11 6.092833009497453245e-12
-2.392273202082983452e-12 -1.169933520012595942e-12 2.444680299751539876e-12 3.148198810813006718e-12 2.300471408545115194e-12 7.529202394253156676e-12 1.400108727799317739e-11 2.114162286955409627e-11 3.155522978718271818e-11 2.569106026710582075e-11 2.247932894381393777e-11 2.237112785056629498e-11 2.361677651695073563e-11 2.584985547340595641e-11 2.715239408645743488e-11 2.825635422628176732e-11 3.134160625982770058e-11 3.576570702823133156e-11 4.306868287883824997e-11 4.955491427199613902e-11 5.276459310886668390e-11 3.779153386136153698e-11 2.595048453926595357e-11 1.083209331044073309e-11 1.043016020860381430e-11 1.074566462548989037e-11
-3.609371298685233919e-12 -1.356606218516674332e-12 2.692780896352998925e-12 1.772762739810009273e-12 3.346785493083518350e-12 8.108423783890886650e-12 1.076678626956065969e-11 1.658058681899324494e-11 2.569106026710582075e-11 3.305845164157525240e-11 2.861067047987204734e-11 2.617591271834038065e-11 2.725783853260244259e-11 3.000195177930116432e-11 3.214059092266716589e-11 3.422132811084678712e-11 3.899736705458260460e-11 4.341307769078253713e-11 5.023280412287555436e-11 5.682777142183071031e-11 5.831109922060973946e-11 4.228186384564301670e-11 3.224988493799356866e-11 2.205093856567690601e-11 1.564811469112904969e-11 -2.531995647869821533e-13
-6.980782741447332977e-12 -1.082648864977146619e-12 7.340959499427767689e-13 3.329204777332602395e-13 2.470710696716179080e-12 6.859151997143336049e-12 8.480381014189951841e-12 1.479373564834866098e-11 2.247932894381393777e-11 2.861067047987204734e-11 3.713892131987715798e-11 3.609216595923171022e-11 3.617320821662421721e-11 3.956223259919957980e-11 4.141618120608876342e-11 4.290115736262262693e-11 4.791449613905435683e-11 5.318881781063578036e-11 5.805322272782193398e-11 6.458655927220459339e-11 6.435695539156533443e-11 4.456180625938398255e-11 3.101635232547204239e-11 1.948512469362702127e-11 1.847710422277462739e-11 -6.880860874853387816e-12
-6.892566219803511467e-12 2.522132860461474989e-13 2.380081322144980511e-12 6.699625021152920048e-13 2.302959176555341124e-12 7.849546997859873018e-12 7.979461722973641553e-12 1.308313837961280641e-11 2.237112785056629498e-11 2.617591271834038065e-11 3.609216595923171022e-11 5.207412321214972869e-11 5.519376004324874218e-11 5.871818051770210294e-11 6.213940006685990462e-11 6.509825036724040187e-11 7.135950305342805170e-11 7.721276000332782622e-11 8.286633678215844995e-11 9.039293138156698104e-11 8.564024969343791133e-11 5.179121795982308314e-11 3.948311099589950570e-11 2.473836441488257475e-11 5.521415799738363452e-12 -1.332785624917405771e-11
-7.597537243355264586e-12 5.810775249129522348e-13 4.605247178529540472e-12 6.918376374113581440e-13 1.785052191172638504e-12 7.995875756753846119e-12 7.940704105100941549e-12 1.371190990280542609e-11 2.361677651695073563e-11 2.725783853260244259e-11 3.617320821662421721e-11 5.519376004324874218e-11 7.428000916937226114e-11 8.140691721120905726e-11 8.601062389403147539e-11 9.024878332757039891e-11 9.734897680377732918e-11 1.051458876682847526e-10 1.143664491631840460e-10 1.250079480573519421e-10 1.156616425415247569e-10 6.309713971317346568e-11 4.187740501925449286e-11 2.776056054547967618e-11 1.529139058498772310e-11 -9.271229607810465161e-12
-6.718757920881600969e-12 -3.005448903992995145e-12 3.319746505203781384e-12 7.786563527755043280e-13 1.841953973232225482e-12 6.179459308245723688e-12 8.055657560134584379e-12 1.419369399662382170e-11 2.584985547340595641e-11 3.000195177930116432e-11 3.956223259919957980e-11 5.871818051770210294e-11 8.140691721120905726e-11 1.094500071543504207e-10 1.207653815345482062e-10 1.290358783820814584e-10 1.400499146958305473e-10 1.546984504202623611e-10 1.686859069873546933e-10 1.794698131533407422e-10 1.584675103645934457e-10 7.233292333716982754e-11 2.157382253411654665e-11 3.002122226314602652e-12 1.055381951703322206e-11 -5.289451898911657839e-12
-6.444419215550524635e-12 -3.737435703024372065e-12 1.122472308143541510e-12 5.092907281628713416e-13 2.310754743928987805e-12 7.717697117736822369e-12 9.455869006945973337e-12 1.477272338038727588e-11 2.715239408645743488e-11 3.214059092266716589e-11 4.141618120608876342e-11 6.213940006685990462e-11 8.601062389403147539e-11 1.207653815345482062e-10 1.593316533351134311e-10 1.812539641032085738e-10 2.023831762589514511e-10 2.243822428871269538e-10 2.435774757601643750e-10 2.576643135970579003e-10 2.364666151428564468e-10 1.219597700961231898e-10 4.378760764701455503e-11 3.380721066127186446e-13 -3.815537038156987821e-12 1.991131762654907772e-13
-7.236184771873220429e-12 -6.304978826737090785e-12 2.061953321912085917e-12 8.805744405884350139e-13 2.639370357519507665e-12 1.140573420300358379e-11 1.279824691967938907e-11 1.734513614838870906e-11 2.825635422628176732e-11 3.422132811084678712e-11 4.290115736262262693e-11 6.509825036724040187e-11 9.024878332757039891e-11 1.290358783820814584e-10 1.812539641032085738e-10 2.316879484742171212e-10 2.740000192888495330e-10 3.088314148291305456e-10 3.349874104922754378e-10 3.543728184416752059e-10 3.346822133635211987e-10 1.803804071840038561e-10 6.130193640096270005e-11 -3.949812166911179062e-12 -1.085417050172327598e-11 -1.177800348093168197e-11
-1.291221801211268171e-11 -9.907254043907091947e-12 7.673425765768642487e-13 3.859873293818478149e-12 4.922085489114341418e-12 1.446951967371687418e-11 1.615705734280659981e-11 2.133453088980904810e-11 3.134160625982770058e-11 3.899736705458260460e-11 4.791449613905435683e-11 7.135950305342805170e-11 9.734897680377732918e-11 1.400499146958305473e-10 2.023831762589514511e-10 2.740000192888495330e-10 3.593879561611992730e-10 4.259001598891396898e-10 4.704227599812353104e-10 5.035479687091083854e-10 4.807026708004477975e-10 2.672310232980222083e-10 8.645671568926090023e-11 -4.584290795384623498e-12 -2.061376427857168475e-11 -3.663718811080952297e-11
-1.648595372209250112e-11 -1.371884822867473739e-11 2.126224518779644999e-12 5.248494252912329680e-12 7.656754666761551646e-12 1.692647233241237355e-11 1.832863487090965732e-11 2.513881683862874197e-11 3.576570702823133156e-11 4.341307769078253713e-11 5.318881781063578036e-11 7.721276000332782622e-11 1.051458876682847526e-10 1.546984504202623611e-10 2.243822428871269538e-10 3.088314148291305456e-10 4.259001598891396898e-10 5.582610094662252569e-10 6.502360204412477863e-10 7.150177159611860778e-10 6.978734987492910948e-10 4.350605224063857430e-10 1.677130736803871944e-10 1.603567496397289616e-11 -4.103852400804143208e-11 -7.973736012752103436e-11
-2.177540810354102138e-11 -9.892196554798123165e-12 7.680343478852811761e-12 9.242554810652945661e-12 1.563540345560510323e-11 2.200476689965733112e-11 2.197322076190702498e-11 2.945936075914320397e-11 4.306868287883824997e-11 5.023280412287555436e-11 5.805322272782193398e-11 8.286633678215844995e-11 1.143664491631840460e-10 1.686859069873546933e-10 2.435774757601643750e-10 3.349874104922754378e-10 4.704227599812353104e-10 6.502360204412477863e-10 8.359527289904708902e-10 9.818203140894239522e-10 1.005255419808995899e-09 7.148241527291720005e-10 3.251576475011407408e-10 5.475049166083962298e-11 -4.784030433281149314e-11 -1.038874440130242049e-10
-2.098753563534059610e-11 1.512175451659212706e-13 8.883715632446736615e-12 1.524068881254944856e-11 2.111159165086849265e-11 2.628647370780324111e-11 2.116972519389954880e-11 3.141070747075264739e-11 4.955491427199613902e-11 5.682777142183071031e-11 6.458655927220459339e-11 9.039293138156698104e-11 1.250079480573519421e-10 1.794698131533407422e-10 2.576643135970579003e-10 3.543728184416752059e-10 5.035479687091083854e-10 7.150177159611860778e-10 9.818203140894239522e-10 1.269289314734446916e-09 1.399809222694394421e-09 1.124529604172657510e-09 6.017115693317220730e-10 1.290687079977591456e-10 -5.311971519484515605e-11 -1.441483684155947484e-10
-3.329792324026191830e-11 2.783190850829548724e-13 1.513692611139329573e-12 1.432613682791026128e-11 2.206523225399900484e-11 2.705575317940398381e-11 1.826936555379778571e-11 2.795353574056343474e-11 5.276459310886668390e-11 5.831109922060973946e-11 6.435695539156533443e-11 8.564024969343791133e-11 1.156616425415247569e-10 1.584675103645934457e-10 2.364666151428564468e-10 3.346822133635211987e-10 4.807026708004477975e-10 6.978734987492910948e-10 1.005255419808995899e-09 1.399809222694394421e-09 1.712014075633104831e-09 1.560893936146953776e-09 9.695748353883943057e-10 2.336991598212735775e-10 -8.925986799550813651e-11 -2.037696637355587053e-10
-3.096614779600983261e-11 2.117010514694327580e-12 3.238864689016331190e-12 1.374968066713396153e-11 1.681048833063197031e-11 2.494842112077190899e-11 7.798007715677475082e-12 1.473047636858469896e-11 3.779153386136153698e-11 4.228186384564301670e-11 4.456180625938398255e-11 5.179121795982308314e-11 6.309713971317346568e-11 7.233292333716982754e-11 1.219597700961231898e-10 1.803804071840038561e-10 2.672310232980222083e-10 4.350605224063857430e-10 7.148241527291720005e-10 1.124529604172657510e-09 1.560893936146953776e-09 1.766705121555874794e-09 1.378478801103767486e-09 5.004811637024502993e-10 -8.283419796821100300e-11 -2.293578710035599678e-10
-3.033013557984166111e-11 1.148946285639552525e-11 1.415881529856479535e-11 1.504622381456414991e-11 8.735028264312789735e-12 1.502290148252216943e-11 2.732889955290574549e-12 6.705928346970225369e-12 2.595048453926595357e-11 3.224988493799356866e-11 3.101635232547204239e-11 3.948311099589950570e-11 4.187740501925449286e-11 2.157382253411654665e-11 4.378760764701455503e-11 6.130193640096270005e-11 8.645671568926090023e-11 1.677130736803871944e-10 3.251576475011407408e-10 6.017115693317220730e-10 9.695748353883943057e-10 1.378478801103767486e-09 1.531760927107764745e-09 9.540843511973251376e-10 7.200919858025569130e-11 -1.801330893532742562e-10
-1.523553824894857763e-11 1.894939229504693419e-11 2.771595785382287674e-11 1.321906535729300173e-11 7.916238435141387086e-12 3.872185689370073427e-12 -2.087497880997581958e-13 4.398975369837005651e-12 1.083209331044073309e-11 2.205093856567690601e-11 1.948512469362702127e-11 2.473836441488257475e-11 2.776056054547967618e-11 3.002122226314602652e-12 3.380721066127186446e-13 -3.949812166911179062e-12 -4.584290795384623498e-12 1.603567496397289616e-11 5.475049166083962298e-11 1.290687079977591456e-10 2.336991598212735775e-10 5.004811637024502993e-10 9.540843511973251376e-10 1.129546104453218531e-09 4.824382553067568518e-10 -2.467517742199746969e-11
3.514762680979205698e-11 1.652689740471914850e-11 9.398391353084890804e-12 9.045646664697534570e-13 3.200111790981121354e-12 2.070504536094184644e-12 9.810869504149326059e-12 1.289972127542810334e-11 1.043016020860381430e-11 1.564811469112904969e-11 1.847710422277462739e-11 5.521415799738363452e-12 1.529139058498772310e-11 1.055381951703322206e-11 -3.815537038156987821e-12 -1.085417050172327598e-11 -2.061376427857168475e-11 -4.103852400804143208e-11 -4.784030433281149314e-11 -5.311971519484515605e-11 -8.925986799550813651e-11 -8.283419796821100300e-11 7.200919858025569130e-11 4.824382553067568518e-10 9.496440788467435681e-10 5.015644267424813311e-10
5.021287324304691015e-11 -4.096322739573476459e-12 -1.102783814015819753e-11 -1.812540512784463780e-11 -3.343243220813035542e-12 -7.449383875660320881e-12 3.561218840774416448e-12 6.092833009497453245e-12 1.074566462548989037e-11 -2.531995647869821533e-13 -6.880860874853387816e-12 -1.332785624917405771e-11 -9.271229607810465161e-12 -5.289451898911657839e-12 1.991131762654907772e-13 -1.177800348093168197e-11 -3.663718811080952297e-11 -7.973736012752103436e-11 -1.038874440130242049e-10 -1.441483684155947484e-10 -2.037696637355587053e-10 -2.293578710035599678e-10 -1.801330893532742562e-10 -2.467517742199746969e-11 5.015644267424813311e-10 9.909769778448214596e-10
