7.094644080766080240e-11 1.904066349205548736e-11 1.573029252475502555e-11 8.873829715538973723e-12 6.950212535003650881e-12 6.786142777562412059e-12 2.591336654740613922e-12 1.520735203273856158e-12 -4.087799952084151409e-12 -3.188352521547140605e-12 -8.892818234430739733e-12 -8.334797325919611239e-12 -9.783083392838949102e-12 -1.127741928635967722e-11 -1.550708200133634152e-11 -1.799983709304086055e-11 -1.896117156344057440e-11 -2.069763726216866840e-11 -2.286163642847795790e-11 -2.373554125467395171e-11 -3.589400080932884035e-11 -2.886633490599766069e-11 -2.614084074733613142e-11 -7.269963523120676616e-12 6.492793648872500652e-12 2.533586640436873654e-12
1.904066349205548736e-11 5.323731090398532104e-11 2.007723301694444808e-11 7.861528679033982505e-12 4.998025575097078743e-12 2.402914658639450512e-12 -2.226843941791441727e-13 -2.087788469987282924e-12 -2.303052302215922431e-12 -5.901323682457617097e-13 -3.772920553469663562e-12 1.474624230093670015e-12 2.957690750398260526e-12 -4.477765637062094420e-13 -1.306735271427187055e-12 -2.358467190519412940e-12 -4.497887151326879999e-12 -8.125154259115318302e-12 -2.729666779361132647e-12 3.148065580453690842e-12 -4.747591067922372253e-12 -8.581838716504984542e-12 -4.814586268506310141e-12 7.197545921063485666e-12 4.642069782295826405e-12 -2.467504813606909517e-12
1.573029252475502555e-11 2.007723301694444808e-11 3.586356782087123135e-11 1.350629357569571609e-11 8.833924231067731282e-12 6.846940002322574833e-12 5.188255613415200465e-12 3.015743250576006987e-12 2.122182690701776324e-12 4.969718518726963449e-12 1.145539826071168484e-12 3.576290882647724204e-12 3.898378011053152318e-12 3.783996777961824982e-12 3.404058253072339572e-12 2.619778596554071359e-12 1.403547200059509962e-12 -1.671487300443569177e-12 3.145464591959052833e-14 2.473822761432649874e-12 -2.821130246629608831e-12 -3.153897923600407712e-12 8.859045441901863533e-12 3.495788495843833772e-11 1.901382571667850642e-11 -1.002734209312095314e-11
8.873829715538973723e-12 7.861528679033982505e-12 1.350629357569571609e-11 3.031808879272723441e-11 1.533135167753368275e-11 1.008731711418851416e-11 6.960276979005033411e-12 5.261982898853739130e-12 3.763613626624568614e-12 4.299907378703295378e-12 2.046528504332852128e-12 2.926630485006105282e-12 3.646124743294361544e-12 3.941362866586593037e-12 2.904737039427585592e-12 4.146386295678294269e-12 6.696776189476845227e-12 7.672913118485703931e-12 1.190734440451110151e-11 1.604908804585736712e-11 9.236208682630720071e-12 4.407964256884109028e-12 -8.170854926631390282e-13 2.834436426506947525e-12 6.552647870393534908e-12 2.536641241173374089e-12
6.950212535003650881e-12 4.998025575097078743e-12 8.833924231067731282e-12 1.533135167753368275e-11 2.524284566081175582e-11 1.171602977557225145e-11 7.581643156878211766e-12 3.411317877413009069e-12 3.584491964997257995e-12 4.600755518567499961e-12 4.025271313345400218e-12 5.224881083304215674e-12 4.770303007049864567e-12 4.520233866873620376e-12 5.123062031027727466e-12 6.397278017794798897e-12 1.006568266260927418e-11 1.237666129056970182e-11 1.967686646572924558e-11 2.639241622147925454e-11 2.684536124702696641e-11 1.858363959998377904e-11 8.187002565329187933e-12 7.028640961278199283e-12 1.474960929267950792e-11 1.311654194921703728e-12
6.786142777562412059e-12 2.402914658639450512e-12 6.846940002322574833e-12 1.008731711418851416e-11 1.171602977557225145e-11 2.167707663524799032e-11 1.423854769400614350e-11 9.473307490901249462e-12 6.368190809093439425e-12 6.130208127936281669e-12 4.780790886695471510e-12 4.547955096203555562e-12 5.143430030215781335e-12 3.188918395573062640e-12 4.521265883928303008e-12 6.782583015934840116e-12 8.309001148277186443e-12 9.737890467322062391e-12 1.472669672640125928e-11 1.834038459592659156e-11 1.885869139347681238e-11 1.577424057403174669e-11 8.774533043752862531e-12 1.316426431674582393e-12 2.867592094969477984e-12 -1.609291680137215352e-12
2.591336654740613922e-12 -2.226843941791441727e-13 5.188255613415200465e-12 6.960276979005033411e-12 7.581643156878211766e-12 1.423854769400614350e-11 2.429113269094220635e-11 1.711063356626106403e-11 1.273374632140452319e-11 1.089407478523602058e-11 9.594973439753718025e-12 6.905851293574526883e-12 5.850374314540589449e-12 5.747046996800972804e-12 8.127026404392790603e-12 1.114931582677688413e-11 1.463433615171561078e-11 1.826500774125286941e-11 2.188001526611955333e-11 2.324813147549798722e-11 1.847889107533369715e-11 6.460482594311373349e-12 2.715481744382612580e-13 -3.891003257845286213e-13 7.991103678836361343e-12 8.861204940352603700e-12
1.520735203273856158e-12 -2.087788469987282924e-12 3.015743250576006987e-12 5.261982898853739130e-12 3.411317877413009069e-12 9.473307490901249462e-12 1.711063356626106403e-11 2.644297514843289149e-11 2.034082554343135323e-11 1.611680041789868553e-11 1.377623344104988328e-11 1.220659270140780156e-11 1.242816941417592165e-11 1.362391660928961757e-11 1.420989117753678807e-11 1.637559447020185793e-11 2.065954472865682103e-11 2.377945571418276454e-11 2.624129679837962451e-11 2.520960549829163402e-11 1.895287048289236294e-11 4.368736303081356942e-12 -1.729028851234489816e-12 -2.541781980291145232e-12 1.059364786584029847e-11 7.451650360143798509e-12
-4.087799952084151409e-12 -2.303052302215922431e-12 2.122182690701776324e-12 3.763613626624568614e-12 3.584491964997257995e-12 6.368190809093439425e-12 1.273374632140452319e-11 2.034082554343135323e-11 3.089994964877057658e-11 2.544278672588283456e-11 2.228384681934729285e-11 2.099980664717712827e-11 2.099164511215971628e-11 2.351798420081924437e-11 2.551222183992877794e-11 2.719749151629700249e-11 3.137130891798897478e-11 3.617958739157031127e-11 4.339705048966214251e-11 4.840277074110703352e-11 5.063244185249517390e-11 3.537875929170063458e-11 2.419393521555930232e-11 1.078264462869216391e-11 9.778143572270602275e-12 8.790722687075365807e-12
-3.188352521547140605e-12 -5.901323682457617097e-13 4.969718518726963449e-12 4.299907378703295378e-12 4.600755518567499961e-12 6.130208127936281669e-12 1.089407478523602058e-11 1.611680041789868553e-11 2.544278672588283456e-11 3.216696461850011687e-11 2.877109381970865984e-11 2.693936305985446938e-11 2.710658809285991471e-11 2.982127391856500463e-11 3.240313212830789880e-11 3.432126739902820388e-11 3.915429946853367367e-11 4.344520155833441335e-11 4.874763519661143335e-11 5.364547290888842169e-11 5.443829408266303976e-11 3.942296454993538790e-11 3.282864914875320151e-11 2.214945176455071211e-11 1.256329256298878795e-11 -4.940348013004407822e-12
-8.892818234430739733e-12 -3.772920553469663562e-12 1.145539826071168484e-12 2.046528504332852128e-12 4.025271313345400218e-12 4.780790886695471510e-12 9.594973439753718025e-12 1.377623344104988328e-11 2.228384681934729285e-11 2.877109381970865984e-11 3.719104244245423432e-11 3.621690839457129533e-11 3.578349624114831300e-11 3.922012123029633669e-11 4.142882383380742633e-11 4.336386554648569383e-11 4.842759218163583481e-11 5.330151712491036926e-11 5.776315643995842882e-11 6.363244496890153770e-11 6.108938152821510566e-11 3.912771817822759752e-11 2.676203944045446439e-11 2.041875756508190406e-11 2.031200721671242253e-11 -5.159885458325576841e-12
-8.334797325919611239e-12 1.474624230093670015e-12 3.576290882647724204e-12 2.926630485006105282e-12 5.224881083304215674e-12 4.547955096203555562e-12 6.905851293574526883e-12 1.220659270140780156e-11 2.099980664717712827e-11 2.693936305985446938e-11 3.621690839457129533e-11 5.204715984175963083e-11 5.444904324671424338e-11 5.794298464336978369e-11 6.122181037045249566e-11 6.385445864608316222e-11 7.056019221231629374e-11 7.675985436109881543e-11 8.238170252343734969e-11 8.936019508149476936e-11 8.475644182028462150e-11 5.218402558432004026e-11 4.118335525904786634e-11 2.560068628654336392e-11 3.315567878318824881e-12 -1.858365465727892458e-11
-9.783083392838949102e-12 2.957690750398260526e-12 3.898378011053152318e-12 3.646124743294361544e-12 4.770303007049864567e-12 5.143430030215781335e-12 5.850374314540589449e-12 1.242816941417592165e-11 2.099164511215971628e-11 2.710658809285991471e-11 3.578349624114831300e-11 5.444904324671424338e-11 7.153367624776441358e-11 7.951938666336874461e-11 8.406741911686554055e-11 8.805572656442299993e-11 9.483125703840698362e-11 1.030006145818527615e-10 1.114192797203173096e-10 1.216348215943704049e-10 1.123367129680168346e-10 6.087068239904901236e-11 3.981106665454220667e-11 2.568348373075297902e-11 1.482683096400802245e-11 -8.528436845190028100e-12
-1.127741928635967722e-11 -4.477765637062094420e-13 3.783996777961824982e-12 3.941362866586593037e-12 4.520233866873620376e-12 3.188918395573062640e-12 5.747046996800972804e-12 1.362391660928961757e-11 2.351798420081924437e-11 2.982127391856500463e-11 3.922012123029633669e-11 5.794298464336978369e-11 7.951938666336874461e-11 1.089056244532579554e-10 1.205269588823819013e-10 1.291104507684940046e-10 1.397769244570672707e-10 1.550993841899969172e-10 1.683493866942548465e-10 1.787110341828675435e-10 1.570733259429783570e-10 7.020445851530939321e-11 1.988504606244488719e-11 2.229376828719866074e-12 9.925221689931353376e-12 -5.172072571373292102e-12
-1.550708200133634152e-11 -1.306735271427187055e-12 3.404058253072339572e-12 2.904737039427585592e-12 5.123062031027727466e-12 4.521265883928303008e-12 8.127026404392790603e-12 1.420989117753678807e-11 2.551222183992877794e-11 3.240313212830789880e-11 4.142882383380742633e-11 6.122181037045249566e-11 8.406741911686554055e-11 1.205269588823819013e-10 1.583286890662680466e-10 1.802040576417082286e-10 2.014121617884386837e-10 2.244874697236727345e-10 2.440363351905910231e-10 2.585838454828888777e-10 2.380723009714252415e-10 1.235870865313419686e-10 4.421805900149752097e-11 -8.835163406631303439e-13 -5.207153910411803060e-12 -1.888833998210061153e-12
-1.799983709304086055e-11 -2.358467190519412940e-12 2.619778596554071359e-12 4.146386295678294269e-12 6.397278017794798897e-12 6.782583015934840116e-12 1.114931582677688413e-11 1.637559447020185793e-11 2.719749151629700249e-11 3.432126739902820388e-11 4.336386554648569383e-11 6.385445864608316222e-11 8.805572656442299993e-11 1.291104507684940046e-10 1.802040576417082286e-10 2.310436101609334562e-10 2.733121717542347116e-10 3.090931606371941613e-10 3.350170973814661476e-10 3.534304804033811466e-10 3.331761388925688394e-10 1.784119508687517461e-10 6.045845597499222756e-11 -3.326845674596660628e-12 -1.090785287510654621e-11 -1.214725984631981650e-11
-1.896117156344057440e-11 -4.497887151326879999e-12 1.403547200059509962e-12 6.696776189476845227e-12 1.006568266260927418e-11 8.309001148277186443e-12 1.463433615171561078e-11 2.065954472865682103e-11 3.137130891798897478e-11 3.915429946853367367e-11 4.842759218163583481e-11 7.056019221231629374e-11 9.483125703840698362e-11 1.397769244570672707e-10 2.014121617884386837e-10 2.733121717542347116e-10 3.587569997166266732e-10 4.263188079643754162e-10 4.708662906489818838e-10 5.031735205126769233e-10 4.801787568999795073e-10 2.665234130440982393e-10 8.591366248973922022e-11 -4.447467227987719670e-12 -1.950479600405165662e-11 -3.585557046177337790e-11
-2.069763726216866840e-11 -8.125154259115318302e-12 -1.671487300443569177e-12 7.672913118485703931e-12 1.237666129056970182e-11 9.737890467322062391e-12 1.826500774125286941e-11 2.377945571418276454e-11 3.617958739157031127e-11 4.344520155833441335e-11 5.330151712491036926e-11 7.675985436109881543e-11 1.030006145818527615e-10 1.550993841899969172e-10 2.244874697236727345e-10 3.090931606371941613e-10 4.263188079643754162e-10 5.598147079025541501e-10 6.518458370357640043e-10 7.163646335919495499e-10 6.990618690965581118e-10 4.356798369968594193e-10 1.680663863753784802e-10 1.603141271358447356e-11 -4.049190763197836617e-11 -7.845057681261685149e-11
-2.286163642847795790e-11 -2.729666779361132647e-12 3.145464591959052833e-14 1.190734440451110151e-11 1.967686646572924558e-11 1.472669672640125928e-11 2.188001526611955333e-11 2.624129679837962451e-11 4.339705048966214251e-11 4.874763519661143335e-11 5.776315643995842882e-11 8.238170252343734969e-11 1.114192797203173096e-10 1.683493866942548465e-10 2.440363351905910231e-10 3.350170973814661476e-10 4.708662906489818838e-10 6.518458370357640043e-10 8.363630045969669391e-10 9.818634803766159033e-10 1.005428681747536529e-09 7.142442595661285279e-10 3.248835996519855006e-10 5.414758541159498856e-11 -4.779996678794329257e-11 -1.037829146670779224e-10
-2.373554125467395171e-11 3.148065580453690842e-12 2.473822761432649874e-12 1.604908804585736712e-11 2.639241622147925454e-11 1.834038459592659156e-11 2.324813147549798722e-11 2.520960549829163402e-11 4.840277074110703352e-11 5.364547290888842169e-11 6.363244496890153770e-11 8.936019508149476936e-11 1.216348215943704049e-10 1.787110341828675435e-10 2.585838454828888777e-10 3.534304804033811466e-10 5.031735205126769233e-10 7.163646335919495499e-10 9.818634803766159033e-10 1.269168121428579974e-09 1.399780490544587395e-09 1.123587480892386007e-09 6.011323434030449795e-10 1.275045517055868681e-10 -5.413860548876763641e-11 -1.441763449934822724e-10
-3.589400080932884035e-11 -4.747591067922372253e-12 -2.821130246629608831e-12 9.236208682630720071e-12 2.684536124702696641e-11 1.885869139347681238e-11 1.847889107533369715e-11 1.895287048289236294e-11 5.063244185249517390e-11 5.443829408266303976e-11 6.108938152821510566e-11 8.475644182028462150e-11 1.123367129680168346e-10 1.570733259429783570e-10 2.380723009714252415e-10 3.331761388925688394e-10 4.801787568999795073e-10 6.990618690965581118e-10 1.005428681747536529e-09 1.399780490544587395e-09 1.711712642529390152e-09 1.559542712782104375e-09 9.689025912802439700e-10 2.326192443323969943e-10 -8.938402836386474888e-11 -2.034945915992539745e-10
-2.886633490599766069e-11 -8.581838716504984542e-12 -3.153897923600407712e-12 4.407964256884109028e-12 1.858363959998377904e-11 1.577424057403174669e-11 6.460482594311373349e-12 4.368736303081356942e-12 3.537875929170063458e-11 3.942296454993538790e-11 3.912771817822759752e-11 5.218402558432004026e-11 6.087068239904901236e-11 7.020445851530939321e-11 1.235870865313419686e-10 1.784119508687517461e-10 2.665234130440982393e-10 4.356798369968594193e-10 7.142442595661285279e-10 1.123587480892386007e-09 1.559542712782104375e-09 1.764937170141828714e-09 1.378033786758780218e-09 4.997873333095056710e-10 -8.289060266130630017e-11 -2.293413062950797756e-10
-2.614084074733613142e-11 -4.814586268506310141e-12 8.859045441901863533e-12 -8.170854926631390282e-13 8.187002565329187933e-12 8.774533043752862531e-12 2.715481744382612580e-13 -1.729028851234489816e-12 2.419393521555930232e-11 3.282864914875320151e-11 2.676203944045446439e-11 4.118335525904786634e-11 3.981106665454220667e-11 1.988504606244488719e-11 4.421805900149752097e-11 6.045845597499222756e-11 8.591366248973922022e-11 1.680663863753784802e-10 3.248835996519855006e-10 6.011323434030449795e-10 9.689025912802439700e-10 1.378033786758780218e-09 1.532032869238294349e-09 9.537973913214033578e-10 7.173540658488205336e-11 -1.808385058780806568e-10
-7.269963523120676616e-12 7.197545921063485666e-12 3.495788495843833772e-11 2.834436426506947525e-12 7.028640961278199283e-12 1.316426431674582393e-12 -3.891003257845286213e-13 -2.541781980291145232e-12 1.078264462869216391e-11 2.214945176455071211e-11 2.041875756508190406e-11 2.560068628654336392e-11 2.568348373075297902e-11 2.229376828719866074e-12 -8.835163406631303439e-13 -3.326845674596660628e-12 -4.447467227987719670e-12 1.603141271358447356e-11 5.414758541159498856e-11 1.275045517055868681e-10 2.326192443323969943e-10 4.997873333095056710e-10 9.537973913214033578e-10 1.129509283618330424e-09 4.823325163708723294e-10 -2.501164271544094271e-11
6.492793648872500652e-12 4.642069782295826405e-12 1.901382571667850642e-11 6.552647870393534908e-12 1.474960929267950792e-11 2.867592094969477984e-12 7.991103678836361343e-12 1.059364786584029847e-11 9.778143572270602275e-12 1.256329256298878795e-11 2.031200721671242253e-11 3.315567878318824881e-12 1.482683096400802245e-11 9.925221689931353376e-12 -5.207153910411803060e-12 -1.090785287510654621e-11 -1.950479600405165662e-11 -4.049190763197836617e-11 -4.779996678794329257e-11 -5.413860548876763641e-11 -8.938402836386474888e-11 -8.289060266130630017e-11 7.173540658488205336e-11 4.823325163708723294e-10 9.492861407134216750e-10 5.015959013164919014e-10
2.533586640436873654e-12 -2.467504813606909517e-12 -1.002734209312095314e-11 2.536641241173374089e-12 1.311654194921703728e-12 -1.609291680137215352e-12 8.861204940352603700e-12 7.451650360143798509e-12 8.790722687075365807e-12 -4.940348013004407822e-12 -5.159885458325576841e-12 -1.858365465727892458e-11 -8.528436845190028100e-12 -5.172072571373292102e-12 -1.888833998210061153e-12 -1.214725984631981650e-11 -3.585557046177337790e-11 -7.845057681261685149e-11 -1.037829146670779224e-10 -1.441763449934822724e-10 -2.034945915992539745e-10 -2.293413062950797756e-10 -1.808385058780806568e-10 -2.501164271544094271e-11 5.015959013164919014e-10 9.915959239149161688e-10
