8.784067762890379158e-11 2.518160805261097284e-11 1.534896793919851179e-11 1.089784161396536183e-11 2.164016973719957160e-12 1.166725135926905269e-12 1.586033270930822837e-12 4.150727601996741149e-12 3.299336028433863086e-12 2.375698702930344796e-12 3.867095965201854248e-12 3.078093985557288524e-12 2.363516516201253999e-12 1.638530631161560789e-12 2.497795319879455393e-12 4.112321009587661216e-12 8.824566817969569442e-12 8.285683228142180998e-12 7.857852827619194406e-12 1.256872211334425918e-11 2.030850354490170398e-11 2.190411081977454227e-11 2.789431124641461394e-11 2.867604171953955464e-11 2.394854049416198173e-11 3.857660429993034425e-12
2.518160805261097284e-11 6.465616722699042229e-11 1.811572338668621565e-11 1.206595991366294361e-11 6.339795643174088641e-12 3.669168379106636779e-12 2.344096378511648278e-12 3.984077055549505492e-12 1.084314086635004539e-12 8.416173183812199916e-13 -4.899499935462828876e-13 -1.685222633364409624e-12 -2.065537497406175939e-12 -2.498852491578716652e-13 2.789661868055849375e-12 4.608421220661328400e-12 9.340610534215038825e-12 1.502913049697841351e-11 1.951863139693399610e-11 2.474121963541983469e-11 2.835206421644064468e-11 2.410870812712539969e-11 1.474738643955289890e-11 1.825578339656590711e-11 8.262015478169767600e-12 -2.034172385024702901e-11
1.534896793919851179e-11 1.811572338668621565e-11 4.043513707407960287e-11 1.562794044238600320e-11 7.245119041305648356e-12 6.262324373898014093e-12 4.686109983824223529e-12 1.413644620895077907e-12 3.977167839930875278e-13 2.151539262847123352e-12 -3.369855428788283769e-13 -1.393512927275997208e-12 -3.239938965731306981e-12 -3.826984147099853365e-12 -4.289308146805356751e-12 -3.103251792456977111e-12 -1.159210346050773250e-12 2.658855138539072804e-12 6.844717127473684325e-12 7.645971479222341041e-12 6.000415020991027912e-12 4.242076320467961771e-12 2.407008616555502022e-12 3.854749463091081436e-13 -1.415902520481671507e-13 -1.033654109799948320e-11
1.089784161396536183e-11 1.206595991366294361e-11 1.562794044238600320e-11 3.498031167583008036e-11 1.052313369073452936e-11 8.717900515703026836e-12 5.353808268498328880e-12 2.517362169647278039e-12 7.806894544981716831e-13 3.604814725355085621e-12 1.650953464612967168e-12 -1.323168275482870438e-12 -2.552909635486747066e-12 -1.991968133152174898e-12 5.167932178934693213e-13 3.463646300937907273e-12 5.907724840744311576e-12 8.078159618649775805e-12 9.188369896933493136e-12 1.156949696532313370e-11 1.079953251359070424e-11 -8.934356954341889176e-13 -6.962233472498689331e-12 5.805282209232671056e-12 1.753884719195718571e-11 -1.389370127956128876e-12
2.164016973719957160e-12 6.339795643174088641e-12 7.245119041305648356e-12 1.052313369073452936e-11 2.853594609057774878e-11 1.285759790874830826e-11 1.118643902041632806e-11 8.112934253761003519e-12 5.520350232259321029e-12 4.770962977025923849e-12 2.496397708435703432e-12 2.771330303797071464e-12 8.198220564659215140e-13 6.107314659712337540e-13 5.161482878765987306e-12 7.841232208515397244e-12 1.251558542909657096e-11 1.737474324221123201e-11 2.133866285158236693e-11 2.291483907187583334e-11 2.160606691129913335e-11 1.697767624620001978e-11 1.141560348127135093e-11 1.413478857813197377e-11 1.262280961580033936e-11 -7.190502456933106905e-13
1.166725135926905269e-12 3.669168379106636779e-12 6.262324373898014093e-12 8.717900515703026836e-12 1.285759790874830826e-11 2.519373546806042425e-11 1.444034813578403007e-11 6.929455494916057955e-12 5.087769914556002032e-12 5.673506641824880918e-12 3.048447636642799204e-12 3.898919817805900364e-12 3.509952668687001522e-12 3.849849430557707255e-12 5.661592049152707230e-12 7.611683561488379691e-12 1.028671204620340363e-11 1.300189498630039192e-11 1.679135276101361734e-11 1.923368006009749483e-11 1.724787343213493811e-11 9.495013263828939379e-12 1.860660086571763120e-12 4.323338279652751044e-12 2.434088155667020762e-12 5.734177560275756685e-13
1.586033270930822837e-12 2.344096378511648278e-12 4.686109983824223529e-12 5.353808268498328880e-12 1.118643902041632806e-11 1.444034813578403007e-11 2.203927652169243490e-11 1.159675600449168490e-11 8.525957544452314053e-12 6.946285018258155936e-12 6.304330676497326199e-12 6.041144674871344453e-12 4.813186318352318488e-12 5.226588771201514276e-12 6.692040556274552023e-12 8.332198327678905416e-12 1.134629397922998071e-11 1.475856629982756725e-11 2.029167861023136289e-11 2.156992200791092575e-11 1.797236773666506537e-11 5.972696382129349857e-12 3.247260083694066563e-12 1.163490619290700741e-12 -4.351808153117194550e-12 -2.919065882211489466e-12
4.150727601996741149e-12 3.984077055549505492e-12 1.413644620895077907e-12 2.517362169647278039e-12 8.112934253761003519e-12 6.929455494916057955e-12 1.159675600449168490e-11 2.088651096388982840e-11 1.436121725964029819e-11 1.078698328527733624e-11 9.130597341186396202e-12 7.872973854944283418e-12 6.662346761986139015e-12 5.878465098075121726e-12 6.045270826424881431e-12 5.143429623529399908e-12 5.473192509081006319e-12 6.538028319476982100e-12 7.964046567205202256e-12 6.585551352899096710e-12 6.928969823007096943e-12 6.929849802077490248e-12 1.516097398194047513e-11 1.223394289208875973e-11 8.520430551121140316e-13 -9.975342890397873223e-12
3.299336028433863086e-12 1.084314086635004539e-12 3.977167839930875278e-13 7.806894544981716831e-13 5.520350232259321029e-12 5.087769914556002032e-12 8.525957544452314053e-12 1.436121725964029819e-11 2.325362614314808650e-11 1.728258935116780555e-11 1.444468875162959872e-11 1.133744539307958737e-11 1.128043040636715497e-11 1.198708897552024428e-11 1.215482522280894950e-11 1.239102451129721318e-11 1.473671818438733874e-11 1.611707573936886978e-11 1.857458397405470793e-11 1.906963205626770681e-11 1.717610386434237528e-11 8.195608398248959958e-12 1.312464986512368861e-11 1.774022190867146724e-11 8.019740460074834257e-12 -3.698540861026734585e-12
2.375698702930344796e-12 8.416173183812199916e-13 2.151539262847123352e-12 3.604814725355085621e-12 4.770962977025923849e-12 5.673506641824880918e-12 6.946285018258155936e-12 1.078698328527733624e-11 1.728258935116780555e-11 2.585591362248642179e-11 2.033877861011300384e-11 1.488364331927297957e-11 1.598513227974528624e-11 1.556917521682499236e-11 1.512404428468668028e-11 1.573120198735437238e-11 1.741050584971173475e-11 1.951731085980339348e-11 1.989167240064447181e-11 2.166366302975008460e-11 2.209266941806380004e-11 1.393629403730697378e-11 1.896028614547523519e-11 1.936474616847507217e-11 1.021959190840042460e-11 -6.035753649138288324e-13
3.867095965201854248e-12 -4.899499935462828876e-13 -3.369855428788283769e-13 1.650953464612967168e-12 2.496397708435703432e-12 3.048447636642799204e-12 6.304330676497326199e-12 9.130597341186396202e-12 1.444468875162959872e-11 2.033877861011300384e-11 2.877699104956743578e-11 2.394573331552727979e-11 2.437465155095932335e-11 2.235486931952816597e-11 2.051098299431020668e-11 2.083713572294820047e-11 2.125248914015178631e-11 2.247324044992769837e-11 2.420541860233543265e-11 2.845468820072778118e-11 2.889916364290037212e-11 1.773409045940826573e-11 1.875464407040410018e-11 1.937803628555086639e-11 1.685940434887355199e-11 5.767945511947673884e-13
3.078093985557288524e-12 -1.685222633364409624e-12 -1.393512927275997208e-12 -1.323168275482870438e-12 2.771330303797071464e-12 3.898919817805900364e-12 6.041144674871344453e-12 7.872973854944283418e-12 1.133744539307958737e-11 1.488364331927297957e-11 2.394573331552727979e-11 3.063135328885101193e-11 3.157420276597200952e-11 2.876408152192411842e-11 2.601472763752469749e-11 2.638417461026665848e-11 2.751805595092740807e-11 3.194850616466795007e-11 3.567772302929368100e-11 3.994434863349132438e-11 3.783050359453913461e-11 1.940517352085157191e-11 1.425689531344271618e-11 1.129216933360925538e-11 1.656497694248602482e-11 1.034299090200324994e-11
2.363516516201253999e-12 -2.065537497406175939e-12 -3.239938965731306981e-12 -2.552909635486747066e-12 8.198220564659215140e-13 3.509952668687001522e-12 4.813186318352318488e-12 6.662346761986139015e-12 1.128043040636715497e-11 1.598513227974528624e-11 2.437465155095932335e-11 3.157420276597200952e-11 4.515264179261298670e-11 4.447569311358826683e-11 4.188607280278913495e-11 4.415376881415624793e-11 4.626932025211681247e-11 5.240005428145827191e-11 5.781877601105789729e-11 6.217069841438421154e-11 5.806533129631312280e-11 2.843682348003595633e-11 1.689088034256059467e-11 1.247454458279095296e-11 1.973682273838738978e-11 1.308842409721194900e-11
1.638530631161560789e-12 -2.498852491578716652e-13 -3.826984147099853365e-12 -1.991968133152174898e-12 6.107314659712337540e-13 3.849849430557707255e-12 5.226588771201514276e-12 5.878465098075121726e-12 1.198708897552024428e-11 1.556917521682499236e-11 2.235486931952816597e-11 2.876408152192411842e-11 4.447569311358826683e-11 5.660534036854308774e-11 5.913013433846834161e-11 6.442854011502246395e-11 6.920990085741878769e-11 7.896304442547273380e-11 8.895038364475031820e-11 9.517617958264008271e-11 8.185515993532314852e-11 2.972555783809898093e-11 1.023875647458858778e-11 1.504783605095988370e-11 2.173715877504132949e-11 9.532711397902977271e-12
2.497795319879455393e-12 2.789661868055849375e-12 -4.289308146805356751e-12 5.167932178934693213e-13 5.161482878765987306e-12 5.661592049152707230e-12 6.692040556274552023e-12 6.045270826424881431e-12 1.215482522280894950e-11 1.512404428468668028e-11 2.051098299431020668e-11 2.601472763752469749e-11 4.188607280278913495e-11 5.913013433846834161e-11 8.014155117106501319e-11 9.473878973224752943e-11 1.076411225664848238e-10 1.235559562762556573e-10 1.377409038338597262e-10 1.465291617275333798e-10 1.230864033797214829e-10 4.452553743128583459e-11 6.434104891778045461e-12 1.988769028812059409e-11 2.915727163555907396e-11 7.862483182228814225e-12
4.112321009587661216e-12 4.608421220661328400e-12 -3.103251792456977111e-12 3.463646300937907273e-12 7.841232208515397244e-12 7.611683561488379691e-12 8.332198327678905416e-12 5.143429623529399908e-12 1.239102451129721318e-11 1.573120198735437238e-11 2.083713572294820047e-11 2.638417461026665848e-11 4.415376881415624793e-11 6.442854011502246395e-11 9.473878973224752943e-11 1.339699618436500376e-10 1.628133140653832683e-10 1.899901010201745036e-10 2.109375232310975343e-10 2.240747364748745687e-10 1.913265542092904609e-10 7.566697746507832046e-11 7.510134879484160253e-12 2.766265438132508459e-11 4.141649038805665659e-11 1.320093876573331389e-11
8.824566817969569442e-12 9.340610534215038825e-12 -1.159210346050773250e-12 5.907724840744311576e-12 1.251558542909657096e-11 1.028671204620340363e-11 1.134629397922998071e-11 5.473192509081006319e-12 1.473671818438733874e-11 1.741050584971173475e-11 2.125248914015178631e-11 2.751805595092740807e-11 4.626932025211681247e-11 6.920990085741878769e-11 1.076411225664848238e-10 1.628133140653832683e-10 2.274301966372769465e-10 2.773725314498002813e-10 3.115477129279549896e-10 3.317825883664525255e-10 2.923904146858542242e-10 1.345892239855031058e-10 1.256862974537578147e-11 2.591053916373695642e-11 4.321679555402512593e-11 8.544352397711325955e-12
8.285683228142180998e-12 1.502913049697841351e-11 2.658855138539072804e-12 8.078159618649775805e-12 1.737474324221123201e-11 1.300189498630039192e-11 1.475856629982756725e-11 6.538028319476982100e-12 1.611707573936886978e-11 1.951731085980339348e-11 2.247324044992769837e-11 3.194850616466795007e-11 5.240005428145827191e-11 7.896304442547273380e-11 1.235559562762556573e-10 1.899901010201745036e-10 2.773725314498002813e-10 3.688709861967912588e-10 4.286193939620787461e-10 4.571292465169512737e-10 4.126189148105290006e-10 2.173106673323986009e-10 2.972670666201689942e-11 2.679390278443073175e-11 3.941585224173879172e-11 -6.831907066630726558e-13
7.857852827619194406e-12 1.951863139693399610e-11 6.844717127473684325e-12 9.188369896933493136e-12 2.133866285158236693e-11 1.679135276101361734e-11 2.029167861023136289e-11 7.964046567205202256e-12 1.857458397405470793e-11 1.989167240064447181e-11 2.420541860233543265e-11 3.567772302929368100e-11 5.781877601105789729e-11 8.895038364475031820e-11 1.377409038338597262e-10 2.109375232310975343e-10 3.115477129279549896e-10 4.286193939620787461e-10 5.387357225146086962e-10 5.999064217964466859e-10 5.620813182772702022e-10 3.440051807244967048e-10 8.430888101689641558e-11 4.202526761775187528e-11 4.263144984559641432e-11 -9.995092645489266474e-12
1.256872211334425918e-11 2.474121963541983469e-11 7.645971479222341041e-12 1.156949696532313370e-11 2.291483907187583334e-11 1.923368006009749483e-11 2.156992200791092575e-11 6.585551352899096710e-12 1.906963205626770681e-11 2.166366302975008460e-11 2.845468820072778118e-11 3.994434863349132438e-11 6.217069841438421154e-11 9.517617958264008271e-11 1.465291617275333798e-10 2.240747364748745687e-10 3.317825883664525255e-10 4.571292465169512737e-10 5.999064217964466859e-10 7.398144537705751513e-10 7.483339850221309157e-10 5.319384250555739639e-10 1.969684024414582936e-10 6.862565345834739913e-11 5.205457067203300653e-11 -1.945035622414269775e-11
2.030850354490170398e-11 2.835206421644064468e-11 6.000415020991027912e-12 1.079953251359070424e-11 2.160606691129913335e-11 1.724787343213493811e-11 1.797236773666506537e-11 6.928969823007096943e-12 1.717610386434237528e-11 2.209266941806380004e-11 2.889916364290037212e-11 3.783050359453913461e-11 5.806533129631312280e-11 8.185515993532314852e-11 1.230864033797214829e-10 1.913265542092904609e-10 2.923904146858542242e-10 4.126189148105290006e-10 5.620813182772702022e-10 7.483339850221309157e-10 8.625776601566581354e-10 7.395366040271426302e-10 3.906381878236896792e-10 1.248471461145552423e-10 2.778452646674636896e-11 -3.860216032125839729e-11
2.190411081977454227e-11 2.410870812712539969e-11 4.242076320467961771e-12 -8.934356954341889176e-13 1.697767624620001978e-11 9.495013263828939379e-12 5.972696382129349857e-12 6.929849802077490248e-12 8.195608398248959958e-12 1.393629403730697378e-11 1.773409045940826573e-11 1.940517352085157191e-11 2.843682348003595633e-11 2.972555783809898093e-11 4.452553743128583459e-11 7.566697746507832046e-11 1.345892239855031058e-10 2.173106673323986009e-10 3.440051807244967048e-10 5.319384250555739639e-10 7.395366040271426302e-10 8.549736913167286327e-10 6.272320762336885508e-10 2.443460055332918477e-10 -3.025716657162917039e-12 -5.494652425904158497e-11
2.789431124641461394e-11 1.474738643955289890e-11 2.407008616555502022e-12 -6.962233472498689331e-12 1.141560348127135093e-11 1.860660086571763120e-12 3.247260083694066563e-12 1.516097398194047513e-11 1.312464986512368861e-11 1.896028614547523519e-11 1.875464407040410018e-11 1.425689531344271618e-11 1.689088034256059467e-11 1.023875647458858778e-11 6.434104891778045461e-12 7.510134879484160253e-12 1.256862974537578147e-11 2.972670666201689942e-11 8.430888101689641558e-11 1.969684024414582936e-10 3.906381878236896792e-10 6.272320762336885508e-10 7.119804663747176811e-10 4.466987532445382833e-10 6.255698343187616607e-11 -2.273608209263971196e-11
2.867604171953955464e-11 1.825578339656590711e-11 3.854749463091081436e-13 5.805282209232671056e-12 1.413478857813197377e-11 4.323338279652751044e-12 1.163490619290700741e-12 1.223394289208875973e-11 1.774022190867146724e-11 1.936474616847507217e-11 1.937803628555086639e-11 1.129216933360925538e-11 1.247454458279095296e-11 1.504783605095988370e-11 1.988769028812059409e-11 2.766265438132508459e-11 2.591053916373695642e-11 2.679390278443073175e-11 4.202526761775187528e-11 6.862565345834739913e-11 1.248471461145552423e-10 2.443460055332918477e-10 4.466987532445382833e-10 5.864279439088676638e-10 3.270300605065935471e-10 7.114216634324469169e-11
2.394854049416198173e-11 8.262015478169767600e-12 -1.415902520481671507e-13 1.753884719195718571e-11 1.262280961580033936e-11 2.434088155667020762e-12 -4.351808153117194550e-12 8.520430551121140316e-13 8.019740460074834257e-12 1.021959190840042460e-11 1.685940434887355199e-11 1.656497694248602482e-11 1.973682273838738978e-11 2.173715877504132949e-11 2.915727163555907396e-11 4.141649038805665659e-11 4.321679555402512593e-11 3.941585224173879172e-11 4.263144984559641432e-11 5.205457067203300653e-11 2.778452646674636896e-11 -3.025716657162917039e-12 6.255698343187616607e-11 3.270300605065935471e-10 5.666077680001744054e-10 3.119240587714856086e-10
3.857660429993034425e-12 -2.034172385024702901e-11 -1.033654109799948320e-11 -1.389370127956128876e-12 -7.190502456933106905e-13 5.734177560275756685e-13 -2.919065882211489466e-12 -9.975342890397873223e-12 -3.698540861026734585e-12 -6.035753649138288324e-13 5.767945511947673884e-13 1.034299090200324994e-11 1.308842409721194900e-11 9.532711397902977271e-12 7.862483182228814225e-12 1.320093876573331389e-11 8.544352397711325955e-12 -6.831907066630726558e-13 -9.995092645489266474e-12 -1.945035622414269775e-11 -3.860216032125839729e-11 -5.494652425904158497e-11 -2.273608209263971196e-11 7.114216634324469169e-11 3.119240587714856086e-10 5.202924092080905263e-10
