8.825176995190732467e-11 9.753678642047341122e-12 1.066414701587890461e-11 -2.168307431309674950e-12 2.160106901318998859e-12 3.280438048093003144e-12 -2.615891674816204175e-12 2.825762793820893644e-12 -1.101266122318470257e-13 -5.449166141298904598e-13 -2.250172832323935811e-12 5.429431497674958146e-13 5.283506308882689364e-12 2.383666714155409136e-12 -1.351018449147183601e-12 -5.509909657064660518e-12 -1.009738615058166251e-11 -2.258648052763120943e-11 -3.456679141472024685e-11 -4.287643148829527453e-11 -4.849949995104847511e-11 -4.573004969632968293e-11 -3.071269738035278943e-11 -1.881067996444977008e-11 -1.432519375093004991e-11 -1.071404905796180306e-11
9.753678642047341122e-12 6.703382799401097951e-11 1.786939149057362070e-11 7.912018511010238019e-12 -1.901158149322686189e-12 -6.623029678051244831e-13 -2.153262596286635114e-12 1.471896226992624035e-12 6.582789004390830285e-13 -1.421030608707680828e-12 -2.617251522272109046e-12 -1.789522012763293834e-12 2.093868963759877307e-12 2.904557320191868060e-12 1.496344721809007166e-12 2.344060025618528771e-12 8.869396085624886479e-12 1.231371956092427941e-11 1.557609293420656080e-11 1.730984731135604785e-11 1.181719577726288197e-11 3.788137889118604692e-12 -8.396066443514020836e-12 -1.111698275036734021e-11 7.716219563284658523e-12 -1.606309984786836364e-11
1.066414701587890461e-11 1.786939149057362070e-11 4.676112702320736612e-11 1.172677115045211396e-11 5.121500627388661223e-12 3.386417696508766599e-12 -6.909392253017598336e-14 2.214779310785189953e-12 9.987917112489297205e-13 -1.588841692268677539e-12 -1.898268291376821421e-12 8.157853733079629359e-13 3.229735588690950459e-12 4.255541151198678934e-12 4.362546569795684495e-13 7.570876329591435674e-13 4.738072368371632905e-12 1.002915807861579159e-11 1.107118449092139133e-11 9.673914491429727174e-12 4.594197594630830603e-12 2.149937879471964584e-12 -6.423310883785135230e-12 -2.154751036039555190e-11 -2.274404182664278063e-11 -1.819749531537909792e-11
-2.168307431309674950e-12 7.912018511010238019e-12 1.172677115045211396e-11 4.048442704902729387e-11 1.216755332478770911e-11 8.495077560580178012e-12 4.334313726567043654e-12 5.916758203239516448e-12 3.331322176396246573e-12 2.488440567710572003e-12 2.168371524898277434e-12 5.885839567985089612e-13 2.549916814903003988e-12 4.069670342563561238e-12 8.209032244024240759e-12 6.076877863092838315e-12 6.495392346138751997e-12 -4.946094490008448176e-13 -7.286392437958956204e-12 -1.492202276184047476e-11 -3.281423956817849018e-11 -3.882262418819083114e-11 -3.066465351097613279e-11 -1.766054703441984094e-11 3.428502741147879171e-12 -1.079604440020238887e-12
2.160106901318998859e-12 -1.901158149322686189e-12 5.121500627388661223e-12 1.216755332478770911e-11 3.411886216673892211e-11 1.749637134940428947e-11 8.896387470620856539e-12 8.954503163106913150e-12 4.724020830562201112e-12 4.775505030678114339e-12 3.757739314647576660e-12 2.969057710237264565e-12 4.446116134018629278e-12 5.513661223860256647e-12 8.628291058793912979e-12 1.289942061729286534e-11 1.354239347924935484e-11 1.534716412883896235e-11 2.129650910648515213e-11 2.432080497380169638e-11 2.118570256424601707e-11 9.496369354524983987e-12 -7.055456572911019533e-12 -4.380097074483899291e-13 1.613531235590327661e-11 -7.435230184401325407e-12
3.280438048093003144e-12 -6.623029678051244831e-13 3.386417696508766599e-12 8.495077560580178012e-12 1.749637134940428947e-11 3.476336510483445581e-11 1.753672097343348125e-11 1.616013933816546909e-11 1.041443046940882487e-11 1.035439415036216803e-11 8.688867177736978177e-12 8.233398656162722618e-12 1.180743057077596811e-11 1.385776257094118264e-11 1.882261407511526269e-11 2.351622318397202901e-11 2.791966765604869944e-11 3.280020956516576743e-11 4.039145088464966973e-11 3.907259119942889995e-11 2.454333341751602620e-11 2.378891908246330801e-12 -2.074816427444558579e-11 -4.927871090164780423e-12 1.907132151504511522e-11 2.964648217020969201e-11
-2.615891674816204175e-12 -2.153262596286635114e-12 -6.909392253017598336e-14 4.334313726567043654e-12 8.896387470620856539e-12 1.753672097343348125e-11 3.112446638499973683e-11 2.149181962514562356e-11 1.662493313568077590e-11 1.317317646863884437e-11 1.036087166750358383e-11 1.058891533438405609e-11 1.532678047847487319e-11 1.774370194622409936e-11 1.749545850485178890e-11 1.884529577399464685e-11 2.235281936705949476e-11 2.989016747521293460e-11 3.613254937427543946e-11 2.876541428508126488e-11 1.138116402230348758e-11 -1.454490310475506605e-11 -3.398674453799962560e-11 -2.574221182301523775e-11 -1.388710552948509003e-11 -7.229250519440579706e-12
2.825762793820893644e-12 1.471896226992624035e-12 2.214779310785189953e-12 5.916758203239516448e-12 8.954503163106913150e-12 1.616013933816546909e-11 2.149181962514562356e-11 3.350778187187006074e-11 2.681800802142251213e-11 2.129747638355880041e-11 1.729532305046800086e-11 1.692633575286382158e-11 2.096573489760864646e-11 2.517609900648760093e-11 3.017375233641638298e-11 3.576101648967555470e-11 4.225258701793566360e-11 4.789439366674496322e-11 5.454302810400957041e-11 4.895135122718028989e-11 2.355137309741829157e-11 -1.457217043817605611e-11 -2.351773555890785286e-11 -9.905964567653578501e-12 -7.932148272640651980e-12 1.930608238103763271e-12
-1.101266122318470257e-13 6.582789004390830285e-13 9.987917112489297205e-13 3.331322176396246573e-12 4.724020830562201112e-12 1.041443046940882487e-11 1.662493313568077590e-11 2.681800802142251213e-11 3.959803394740989243e-11 3.452532404607711823e-11 2.995110545532195141e-11 2.935351929986047135e-11 3.258038227622772410e-11 3.834639992689961121e-11 4.404300641303497796e-11 4.880556087995348830e-11 5.563903101284005084e-11 6.354493079346123822e-11 7.090775056572507762e-11 6.936019103788441373e-11 4.023945066489104688e-11 -6.992821551787060878e-12 -1.433533907981227594e-11 -5.143540675710683551e-12 -1.933998947883124450e-11 -4.545034550888221809e-12
-5.449166141298904598e-13 -1.421030608707680828e-12 -1.588841692268677539e-12 2.488440567710572003e-12 4.775505030678114339e-12 1.035439415036216803e-11 1.317317646863884437e-11 2.129747638355880041e-11 3.452532404607711823e-11 4.598985098739443202e-11 4.137186959612062801e-11 3.910604415163606027e-11 4.337952311877971641e-11 4.973107483322242895e-11 5.759662357638753756e-11 6.458659609479377979e-11 7.465286492427010424e-11 8.570803958478701092e-11 9.576667058060471475e-11 1.023521835094025986e-10 8.364297003987894943e-11 3.816017643217463003e-11 2.736393790919991714e-11 1.661388279819679825e-11 -8.410394731023591394e-12 -9.928281905855580523e-13
-2.250172832323935811e-12 -2.617251522272109046e-12 -1.898268291376821421e-12 2.168371524898277434e-12 3.757739314647576660e-12 8.688867177736978177e-12 1.036087166750358383e-11 1.729532305046800086e-11 2.995110545532195141e-11 4.137186959612062801e-11 5.372187773280469505e-11 5.305582805440201874e-11 5.628933640655523034e-11 6.308492279828254217e-11 7.168306929611818620e-11 7.874555876367611597e-11 9.029486328065612804e-11 1.026213731758021313e-10 1.132842259112801282e-10 1.251934766706675453e-10 1.105086938501714545e-10 5.439603245897023394e-11 4.544351847519210921e-11 3.087882797902217910e-11 -8.878442157240636545e-12 -8.952730888756840022e-12
5.429431497674958146e-13 -1.789522012763293834e-12 8.157853733079629359e-13 5.885839567985089612e-13 2.969057710237264565e-12 8.233398656162722618e-12 1.058891533438405609e-11 1.692633575286382158e-11 2.935351929986047135e-11 3.910604415163606027e-11 5.305582805440201874e-11 7.371870516915361492e-11 8.457735937019373677e-11 9.470192747009741875e-11 1.053768113628061501e-10 1.152497428281711314e-10 1.295712274142732623e-10 1.458972193555539045e-10 1.586152014923480912e-10 1.731011816979960991e-10 1.507124898913526620e-10 5.598024754302072103e-11 1.469396028352930071e-11 2.326814567976913960e-12 -2.181218929459578326e-12 3.649113822857421848e-12
5.283506308882689364e-12 2.093868963759877307e-12 3.229735588690950459e-12 2.549916814903003988e-12 4.446116134018629278e-12 1.180743057077596811e-11 1.532678047847487319e-11 2.096573489760864646e-11 3.258038227622772410e-11 4.337952311877971641e-11 5.628933640655523034e-11 8.457735937019373677e-11 1.190107089494547669e-10 1.372060690882650919e-10 1.523232305962667733e-10 1.659154153562194923e-10 1.858647739141984111e-10 2.065789025505849593e-10 2.175159240057101197e-10 2.260299527781166192e-10 1.792654331157173578e-10 4.032577741115576807e-11 -2.142929472617820222e-11 -1.477701950055026382e-11 1.050018020343713730e-11 8.356165632874987053e-12
2.383666714155409136e-12 2.904557320191868060e-12 4.255541151198678934e-12 4.069670342563561238e-12 5.513661223860256647e-12 1.385776257094118264e-11 1.774370194622409936e-11 2.517609900648760093e-11 3.834639992689961121e-11 4.973107483322242895e-11 6.308492279828254217e-11 9.470192747009741875e-11 1.372060690882650919e-10 1.821027170385248591e-10 2.098426365499440952e-10 2.296664465383467950e-10 2.576354641305985519e-10 2.885254890969325507e-10 3.074088347961421726e-10 3.232675653215891803e-10 2.610210483637727121e-10 7.734223002574847418e-11 -1.930250552902673961e-11 -3.273249376155319905e-11 -8.639156984645513194e-12 -7.939079787782646578e-12
-1.351018449147183601e-12 1.496344721809007166e-12 4.362546569795684495e-13 8.209032244024240759e-12 8.628291058793912979e-12 1.882261407511526269e-11 1.749545850485178890e-11 3.017375233641638298e-11 4.404300641303497796e-11 5.759662357638753756e-11 7.168306929611818620e-11 1.053768113628061501e-10 1.523232305962667733e-10 2.098426365499440952e-10 2.748769540286066693e-10 3.162252634676390779e-10 3.607487144302573646e-10 4.043810465912256367e-10 4.353428936437748721e-10 4.674845320654008572e-10 3.937406740694408206e-10 1.470084212889661163e-10 2.709548069119741249e-13 -3.772377189228176794e-11 -1.858944295355905171e-11 -4.736538678792735364e-12
-5.509909657064660518e-12 2.344060025618528771e-12 7.570876329591435674e-13 6.076877863092838315e-12 1.289942061729286534e-11 2.351622318397202901e-11 1.884529577399464685e-11 3.576101648967555470e-11 4.880556087995348830e-11 6.458659609479377979e-11 7.874555876367611597e-11 1.152497428281711314e-10 1.659154153562194923e-10 2.296664465383467950e-10 3.162252634676390779e-10 3.988359529665048972e-10 4.737046418894800955e-10 5.396535112155547468e-10 5.864083473463117810e-10 6.384001355781187733e-10 5.606888272888867086e-10 2.420227055007672450e-10 1.874941217373954862e-11 -4.929917843859723395e-11 -1.937078001263609301e-11 -1.685676314969756972e-11
-1.009738615058166251e-11 8.869396085624886479e-12 4.738072368371632905e-12 6.495392346138751997e-12 1.354239347924935484e-11 2.791966765604869944e-11 2.235281936705949476e-11 4.225258701793566360e-11 5.563903101284005084e-11 7.465286492427010424e-11 9.029486328065612804e-11 1.295712274142732623e-10 1.858647739141984111e-10 2.576354641305985519e-10 3.607487144302573646e-10 4.737046418894800955e-10 6.215389041721026237e-10 7.466448901841670960e-10 8.224283646122353873e-10 8.974296469831133466e-10 8.070417319514930728e-10 4.065897393333502968e-10 8.524625688223182171e-11 -2.099436760578733458e-11 3.282590229928741321e-12 -3.060517573091460413e-11
-2.258648052763120943e-11 1.231371956092427941e-11 1.002915807861579159e-11 -4.946094490008448176e-13 1.534716412883896235e-11 3.280020956516576743e-11 2.989016747521293460e-11 4.789439366674496322e-11 6.354493079346123822e-11 8.570803958478701092e-11 1.026213731758021313e-10 1.458972193555539045e-10 2.065789025505849593e-10 2.885254890969325507e-10 4.043810465912256367e-10 5.396535112155547468e-10 7.466448901841670960e-10 9.779520905995764109e-10 1.123899911610433828e-09 1.252673546422256775e-09 1.178873342284376177e-09 6.932360909228379823e-10 2.097251639276876988e-10 1.726071053830661800e-11 1.267079840366665454e-11 -6.467268297861117646e-11
-3.456679141472024685e-11 1.557609293420656080e-11 1.107118449092139133e-11 -7.286392437958956204e-12 2.129650910648515213e-11 4.039145088464966973e-11 3.613254937427543946e-11 5.454302810400957041e-11 7.090775056572507762e-11 9.576667058060471475e-11 1.132842259112801282e-10 1.586152014923480912e-10 2.175159240057101197e-10 3.074088347961421726e-10 4.353428936437748721e-10 5.864083473463117810e-10 8.224283646122353873e-10 1.123899911610433828e-09 1.397447577902070763e-09 1.641527125600567794e-09 1.638520815780422838e-09 1.108506456712830650e-09 4.236551936414100880e-10 7.352251901212235314e-11 2.419244442753878289e-11 -1.093434098568105492e-10
-4.287643148829527453e-11 1.730984731135604785e-11 9.673914491429727174e-12 -1.492202276184047476e-11 2.432080497380169638e-11 3.907259119942889995e-11 2.876541428508126488e-11 4.895135122718028989e-11 6.936019103788441373e-11 1.023521835094025986e-10 1.251934766706675453e-10 1.731011816979960991e-10 2.260299527781166192e-10 3.232675653215891803e-10 4.674845320654008572e-10 6.384001355781187733e-10 8.974296469831133466e-10 1.252673546422256775e-09 1.641527125600567794e-09 2.103185601513910813e-09 2.264888079994189212e-09 1.720523211261642133e-09 7.905239572478195931e-10 1.535184747671823736e-10 3.801719356245421742e-11 -1.524778991815163410e-10
-4.849949995104847511e-11 1.181719577726288197e-11 4.594197594630830603e-12 -3.281423956817849018e-11 2.118570256424601707e-11 2.454333341751602620e-11 1.138116402230348758e-11 2.355137309741829157e-11 4.023945066489104688e-11 8.364297003987894943e-11 1.105086938501714545e-10 1.507124898913526620e-10 1.792654331157173578e-10 2.610210483637727121e-10 3.937406740694408206e-10 5.606888272888867086e-10 8.070417319514930728e-10 1.178873342284376177e-09 1.638520815780422838e-09 2.264888079994189212e-09 2.755684745313537934e-09 2.449383992651404890e-09 1.413417324168504235e-09 3.550962853179425732e-10 3.282695283042854645e-11 -2.150518328303754628e-10
-4.573004969632968293e-11 3.788137889118604692e-12 2.149937879471964584e-12 -3.882262418819083114e-11 9.496369354524983987e-12 2.378891908246330801e-12 -1.454490310475506605e-11 -1.457217043817605611e-11 -6.992821551787060878e-12 3.816017643217463003e-11 5.439603245897023394e-11 5.598024754302072103e-11 4.032577741115576807e-11 7.734223002574847418e-11 1.470084212889661163e-10 2.420227055007672450e-10 4.065897393333502968e-10 6.932360909228379823e-10 1.108506456712830650e-09 1.720523211261642133e-09 2.449383992651404890e-09 2.795708642538205981e-09 2.119736205496691262e-09 8.110399654265498199e-10 5.735771200502903225e-11 -2.728258856926954681e-10
-3.071269738035278943e-11 -8.396066443514020836e-12 -6.423310883785135230e-12 -3.066465351097613279e-11 -7.055456572911019533e-12 -2.074816427444558579e-11 -3.398674453799962560e-11 -2.351773555890785286e-11 -1.433533907981227594e-11 2.736393790919991714e-11 4.544351847519210921e-11 1.469396028352930071e-11 -2.142929472617820222e-11 -1.930250552902673961e-11 2.709548069119741249e-13 1.874941217373954862e-11 8.524625688223182171e-11 2.097251639276876988e-10 4.236551936414100880e-10 7.905239572478195931e-10 1.413417324168504235e-09 2.119736205496691262e-09 2.387867529180811094e-09 1.509773228807852996e-09 2.565674212586424235e-10 -1.655315163406492020e-10
-1.881067996444977008e-11 -1.111698275036734021e-11 -2.154751036039555190e-11 -1.766054703441984094e-11 -4.380097074483899291e-13 -4.927871090164780423e-12 -2.574221182301523775e-11 -9.905964567653578501e-12 -5.143540675710683551e-12 1.661388279819679825e-11 3.087882797902217910e-11 2.326814567976913960e-12 -1.477701950055026382e-11 -3.273249376155319905e-11 -3.772377189228176794e-11 -4.929917843859723395e-11 -2.099436760578733458e-11 1.726071053830661800e-11 7.352251901212235314e-11 1.535184747671823736e-10 3.550962853179425732e-10 8.110399654265498199e-10 1.509773228807852996e-09 1.788227023899360321e-09 8.737679087982809691e-10 1.204886489336142364e-10
-1.432519375093004991e-11 7.716219563284658523e-12 -2.274404182664278063e-11 3.428502741147879171e-12 1.613531235590327661e-11 1.907132151504511522e-11 -1.388710552948509003e-11 -7.932148272640651980e-12 -1.933998947883124450e-11 -8.410394731023591394e-12 -8.878442157240636545e-12 -2.181218929459578326e-12 1.050018020343713730e-11 -8.639156984645513194e-12 -1.858944295355905171e-11 -1.937078001263609301e-11 3.282590229928741321e-12 1.267079840366665454e-11 2.419244442753878289e-11 3.801719356245421742e-11 3.282695283042854645e-11 5.735771200502903225e-11 2.565674212586424235e-10 8.737679087982809691e-10 1.611639695056382714e-09 8.638487423116370182e-10
-1.071404905796180306e-11 -1.606309984786836364e-11 -1.819749531537909792e-11 -1.079604440020238887e-12 -7.435230184401325407e-12 2.964648217020969201e-11 -7.229250519440579706e-12 1.930608238103763271e-12 -4.545034550888221809e-12 -9.928281905855580523e-13 -8.952730888756840022e-12 3.649113822857421848e-12 8.356165632874987053e-12 -7.939079787782646578e-12 -4.736538678792735364e-12 -1.685676314969756972e-11 -3.060517573091460413e-11 -6.467268297861117646e-11 -1.093434098568105492e-10 -1.524778991815163410e-10 -2.150518328303754628e-10 -2.728258856926954681e-10 -1.655315163406492020e-10 1.204886489336142364e-10 8.638487423116370182e-10 1.478110982983624752e-09
