5.853185206404299842e-11 1.419776828311084539e-11 7.976503816949598758e-12 4.602887115687733087e-12 2.948569064676846638e-12 2.762689345911208915e-12 3.070882143285123448e-12 3.278285629722425066e-12 3.545612860289227245e-12 3.008814345335410252e-12 1.953605593242493063e-12 -7.333825724425632540e-14 -2.728950664109789577e-12 -2.286617507882268252e-12 -2.867656342015127233e-12 -4.599522003693700019e-12 -2.914257882294599395e-12 -5.142030277729468435e-12 -7.796969384056859586e-12 -8.775156529558381476e-12 -6.471627569069223025e-12 -1.733579420739659813e-12 9.865600872077504241e-13 -2.733822572491071971e-12 -1.746309836969595640e-12 4.523421902821103934e-12
1.419776828311084539e-11 4.675004485205481212e-11 1.486987217034589168e-11 8.976456671669219940e-12 7.058786345529957136e-12 6.270054814461901441e-12 3.476766438643579116e-12 8.515790866003193804e-13 1.593215220279754945e-13 -8.032445147812483102e-13 -9.433896810191236116e-13 -1.999732313219257902e-13 7.668278324554699716e-13 8.160566878745059865e-13 8.532986968983468135e-13 9.719666327711570973e-13 1.743413158512885392e-12 4.971670892149423357e-13 -1.143785716566208126e-14 -1.490850537846743734e-12 3.479028099448791239e-12 1.049309965861126197e-11 1.073021107115265170e-11 1.917917951523695767e-12 -1.097002037448647751e-11 -1.034578239465130328e-11
7.976503816949598758e-12 1.486987217034589168e-11 3.927737311866927059e-11 1.444759880148066710e-11 4.749166932753012309e-12 6.246327526367581470e-12 3.294834895830199504e-12 1.373909536896403404e-12 -6.597548531258191687e-13 4.202002637224175631e-13 -1.165723555224162692e-13 -2.227588130299037276e-12 -2.881603361372973365e-12 -2.143678146652659920e-12 -1.860595174745204955e-12 -1.472612899844256573e-12 -7.904107607078400950e-13 -1.248621411133898286e-12 -1.050047121807447060e-12 3.472545314390110831e-12 1.170615018956693559e-11 2.115464364017749488e-11 2.109608140371881977e-11 7.162046887479987300e-12 3.151300992691693977e-12 1.182179010741764068e-11
4.602887115687733087e-12 8.976456671669219940e-12 1.444759880148066710e-11 3.087822625494106933e-11 1.067817776408080997e-11 9.834651995245471102e-12 6.306574399627744865e-12 3.899587287861547798e-12 2.110157904556495290e-12 9.285899603705583771e-13 7.367020897616498008e-13 -1.206802954709231269e-13 1.091594895376117071e-13 1.540258309298818681e-12 2.265075250766852127e-12 6.385467272554678510e-13 1.138336265322803558e-12 -2.152739747810112263e-12 -2.237019334010229721e-12 -5.010954858475355505e-13 5.037842794433827209e-12 1.121959815222805795e-11 1.399311228290283918e-11 7.215475141459427924e-12 7.783496264053032779e-12 1.451215221809538064e-11
2.948569064676846638e-12 7.058786345529957136e-12 4.749166932753012309e-12 1.067817776408080997e-11 2.090094849685846664e-11 1.267208453977392602e-11 7.027520628466381829e-12 2.982804910054469379e-12 2.430816608312710361e-12 7.486605572143698911e-13 1.980975979611109848e-12 1.814265438850582876e-12 4.337379610274088497e-14 -5.768950102664073121e-13 6.440890760293452973e-13 6.821171080203405613e-13 8.454689202115939253e-13 -9.417175396772833031e-13 -1.513617819916591962e-12 1.128839189955566630e-12 1.381738348443766492e-12 3.891183856683688604e-12 4.372620487715210222e-12 2.277220549788582833e-12 8.491268509271361776e-12 1.217115165810487643e-11
2.762689345911208915e-12 6.270054814461901441e-12 6.246327526367581470e-12 9.834651995245471102e-12 1.267208453977392602e-11 2.536555009835842973e-11 1.312205942976136268e-11 9.160937735811778740e-12 7.638005271884384019e-12 4.348041599646664060e-12 3.188770887674130465e-12 3.595188663881188652e-12 3.378618555779750418e-12 1.626521484905740133e-12 1.323068021311399505e-12 2.117029287656275653e-12 3.026670065640217623e-12 9.759804699184127247e-13 1.474684741385537182e-12 6.092512753632283991e-12 9.468394150920064937e-12 9.738880557663876957e-12 6.427144308499688805e-12 -2.469289986566678004e-12 3.243649749388087158e-12 1.012824192343133312e-11
3.070882143285123448e-12 3.476766438643579116e-12 3.294834895830199504e-12 6.306574399627744865e-12 7.027520628466381829e-12 1.312205942976136268e-11 1.897775659023464432e-11 1.196878435732987794e-11 8.765579299800898168e-12 5.628627356412222626e-12 3.441142342219513067e-12 2.620238392311166815e-12 2.252878718292447807e-12 1.375407020582742834e-12 2.271804290655747073e-12 4.380262599385259447e-12 5.768641184283426827e-12 4.890598464094833002e-12 4.471656568487161937e-12 5.628646961784198486e-12 6.395100311967261215e-12 3.003359239096075892e-12 1.130222919474940880e-12 1.195712686039636355e-12 6.741176213317267363e-12 1.900562392419136774e-12
3.278285629722425066e-12 8.515790866003193804e-13 1.373909536896403404e-12 3.899587287861547798e-12 2.982804910054469379e-12 9.160937735811778740e-12 1.196878435732987794e-11 2.107227758553974651e-11 1.508104782177995168e-11 1.177317038885661359e-11 8.602094950971049235e-12 7.604626477277728316e-12 5.918192868023099374e-12 5.289545184380747007e-12 5.384181462235285868e-12 8.168764125112143536e-12 9.952620341261801995e-12 8.468912147706509009e-12 9.672379720277072011e-12 1.005625513083417213e-11 6.832464431816638594e-12 9.530149191600756039e-14 -5.814100410040730112e-12 -1.038320523891308926e-11 -7.122999210569783120e-12 -7.106224549841843095e-12
3.545612860289227245e-12 1.593215220279754945e-13 -6.597548531258191687e-13 2.110157904556495290e-12 2.430816608312710361e-12 7.638005271884384019e-12 8.765579299800898168e-12 1.508104782177995168e-11 2.202486634326010485e-11 1.638133878887876009e-11 1.202914330253881689e-11 1.049585057912702772e-11 8.314146020452453209e-12 7.368665108908508553e-12 6.124095720971458844e-12 7.227955491225954341e-12 1.050947985274853991e-11 9.701368385815719483e-12 9.776102138880627387e-12 9.732262849235841020e-12 5.576097594697610985e-12 -1.676413224872214546e-13 -1.749577617261847695e-12 -3.983110191109748829e-12 -4.524126902668353246e-12 -5.848076293131410204e-12
3.008814345335410252e-12 -8.032445147812483102e-13 4.202002637224175631e-13 9.285899603705583771e-13 7.486605572143698911e-13 4.348041599646664060e-12 5.628627356412222626e-12 1.177317038885661359e-11 1.638133878887876009e-11 2.132459895550855520e-11 1.740924903431325540e-11 1.340142208741888385e-11 1.071786732935796584e-11 9.746898554496395452e-12 7.912476109270206255e-12 9.088887175269196442e-12 1.053459179957990299e-11 9.205488864047972729e-12 8.956719488187292511e-12 8.935363703583898259e-12 7.281048071887876388e-12 7.450003037453536823e-13 -2.991626909853750752e-12 -7.409972270876085684e-12 -4.244882637520046499e-12 -9.926467762243313225e-12
1.953605593242493063e-12 -9.433896810191236116e-13 -1.165723555224162692e-13 7.367020897616498008e-13 1.980975979611109848e-12 3.188770887674130465e-12 3.441142342219513067e-12 8.602094950971049235e-12 1.202914330253881689e-11 1.740924903431325540e-11 2.302983791276428577e-11 1.983153382403765957e-11 1.592793762269746312e-11 1.407797952918346341e-11 1.248664765360888134e-11 1.234902265507763136e-11 1.269307846675998641e-11 1.189679685822550800e-11 1.162087020928869954e-11 1.166935556401299506e-11 7.731656092885509989e-12 -3.836141063494690803e-12 -8.746097659806452262e-12 -1.149992741062358962e-11 -6.516736684173621671e-12 -7.177506164516328660e-12
-7.333825724425632540e-14 -1.999732313219257902e-13 -2.227588130299037276e-12 -1.206802954709231269e-13 1.814265438850582876e-12 3.595188663881188652e-12 2.620238392311166815e-12 7.604626477277728316e-12 1.049585057912702772e-11 1.340142208741888385e-11 1.983153382403765957e-11 2.820614536194922643e-11 2.652387970955599726e-11 2.350026879127818794e-11 2.087800072412335507e-11 1.967431548255804532e-11 1.935765184888162745e-11 1.847337961143195066e-11 1.771266408713386728e-11 1.877944382625921122e-11 1.173610254280439008e-11 -3.245925514225074179e-12 -4.802659616677883119e-12 -7.616820420009911073e-12 -1.011049422523321615e-11 -4.797755041646490721e-12
-2.728950664109789577e-12 7.668278324554699716e-13 -2.881603361372973365e-12 1.091594895376117071e-13 4.337379610274088497e-14 3.378618555779750418e-12 2.252878718292447807e-12 5.918192868023099374e-12 8.314146020452453209e-12 1.071786732935796584e-11 1.592793762269746312e-11 2.652387970955599726e-11 3.747937661528371101e-11 3.604298965995702293e-11 3.251964812578812622e-11 3.081714815617039897e-11 2.966850103738555872e-11 3.007032699959318936e-11 3.023371339819182192e-11 3.112283020449819877e-11 2.002253092550138983e-11 -3.629991956516262576e-12 -4.899263516364435831e-12 -2.070836538292473469e-12 -9.292275726590024122e-12 -8.399902930121452670e-12
-2.286617507882268252e-12 8.160566878745059865e-13 -2.143678146652659920e-12 1.540258309298818681e-12 -5.768950102664073121e-13 1.626521484905740133e-12 1.375407020582742834e-12 5.289545184380747007e-12 7.368665108908508553e-12 9.746898554496395452e-12 1.407797952918346341e-11 2.350026879127818794e-11 3.604298965995702293e-11 4.769071045874744822e-11 4.809729427485080070e-11 4.745664789889407622e-11 4.679194256518779143e-11 4.718026063639538542e-11 4.839767146604919143e-11 5.028434777819943104e-11 3.691200323971987982e-11 8.857728046595896463e-13 -5.350077111301801527e-12 -1.078522435580525825e-13 -5.630238730430929962e-12 -3.541786095129688758e-12
-2.867656342015127233e-12 8.532986968983468135e-13 -1.860595174745204955e-12 2.265075250766852127e-12 6.440890760293452973e-13 1.323068021311399505e-12 2.271804290655747073e-12 5.384181462235285868e-12 6.124095720971458844e-12 7.912476109270206255e-12 1.248664765360888134e-11 2.087800072412335507e-11 3.251964812578812622e-11 4.809729427485080070e-11 6.451308475396622513e-11 6.866966156889937147e-11 6.863351650169249934e-11 6.969151514333877705e-11 7.156810583346917846e-11 7.726219123823819275e-11 6.465003473823904916e-11 1.509189215271065618e-11 -3.167415913987889825e-12 -4.579892816287000254e-12 -5.136323532064448865e-12 -3.088684799923333995e-12
-4.599522003693700019e-12 9.719666327711570973e-13 -1.472612899844256573e-12 6.385467272554678510e-13 6.821171080203405613e-13 2.117029287656275653e-12 4.380262599385259447e-12 8.168764125112143536e-12 7.227955491225954341e-12 9.088887175269196442e-12 1.234902265507763136e-11 1.967431548255804532e-11 3.081714815617039897e-11 4.745664789889407622e-11 6.866966156889937147e-11 8.892587719356602919e-11 9.545833921756935185e-11 9.953012337515631969e-11 1.039035454819316411e-10 1.133762370193565492e-10 1.025848956435042766e-10 4.136858862959963831e-11 6.722245247487234560e-12 5.235094853756315246e-13 -6.160417615088308269e-12 -8.757466531696706672e-12
-2.914257882294599395e-12 1.743413158512885392e-12 -7.904107607078400950e-13 1.138336265322803558e-12 8.454689202115939253e-13 3.026670065640217623e-12 5.768641184283426827e-12 9.952620341261801995e-12 1.050947985274853991e-11 1.053459179957990299e-11 1.269307846675998641e-11 1.935765184888162745e-11 2.966850103738555872e-11 4.679194256518779143e-11 6.863351650169249934e-11 9.545833921756935185e-11 1.194357802764511765e-10 1.294415749953980637e-10 1.366554595364555192e-10 1.497779203053314797e-10 1.390843166893954154e-10 6.741669160401554959e-11 1.431974132761855866e-11 3.322240027261172322e-12 -9.910181381599174298e-12 -1.426096079824859844e-11
-5.142030277729468435e-12 4.971670892149423357e-13 -1.248621411133898286e-12 -2.152739747810112263e-12 -9.417175396772833031e-13 9.759804699184127247e-13 4.890598464094833002e-12 8.468912147706509009e-12 9.701368385815719483e-12 9.205488864047972729e-12 1.189679685822550800e-11 1.847337961143195066e-11 3.007032699959318936e-11 4.718026063639538542e-11 6.969151514333877705e-11 9.953012337515631969e-11 1.294415749953980637e-10 1.613220481979712149e-10 1.785402994472851300e-10 1.955716368667452726e-10 1.854542910343753438e-10 1.033285879503067557e-10 2.531438614181502980e-11 7.067648955467278814e-12 -1.387928891823545640e-11 -1.796040205234737991e-11
-7.796969384056859586e-12 -1.143785716566208126e-14 -1.050047121807447060e-12 -2.237019334010229721e-12 -1.513617819916591962e-12 1.474684741385537182e-12 4.471656568487161937e-12 9.672379720277072011e-12 9.776102138880627387e-12 8.956719488187292511e-12 1.162087020928869954e-11 1.771266408713386728e-11 3.023371339819182192e-11 4.839767146604919143e-11 7.156810583346917846e-11 1.039035454819316411e-10 1.366554595364555192e-10 1.785402994472851300e-10 2.219618943426578592e-10 2.530252466269399996e-10 2.471793506491872350e-10 1.585722414627327666e-10 5.179610707640605259e-11 1.702075945877870987e-11 -1.201124605895559155e-11 -2.048631684404782166e-11
-8.775156529558381476e-12 -1.490850537846743734e-12 3.472545314390110831e-12 -5.010954858475355505e-13 1.128839189955566630e-12 6.092512753632283991e-12 5.628646961784198486e-12 1.005625513083417213e-11 9.732262849235841020e-12 8.935363703583898259e-12 1.166935556401299506e-11 1.877944382625921122e-11 3.112283020449819877e-11 5.028434777819943104e-11 7.726219123823819275e-11 1.133762370193565492e-10 1.497779203053314797e-10 1.955716368667452726e-10 2.530252466269399996e-10 3.291508900380223703e-10 3.479345342768369825e-10 2.576778030582821514e-10 1.179591448927545503e-10 3.706283008472720330e-11 -3.671878670691966572e-12 -1.824691550010722146e-11
-6.471627569069223025e-12 3.479028099448791239e-12 1.170615018956693559e-11 5.037842794433827209e-12 1.381738348443766492e-12 9.468394150920064937e-12 6.395100311967261215e-12 6.832464431816638594e-12 5.576097594697610985e-12 7.281048071887876388e-12 7.731656092885509989e-12 1.173610254280439008e-11 2.002253092550138983e-11 3.691200323971987982e-11 6.465003473823904916e-11 1.025848956435042766e-10 1.390843166893954154e-10 1.854542910343753438e-10 2.471793506491872350e-10 3.479345342768369825e-10 4.404532695820504024e-10 3.956636886582404140e-10 2.394679333305449565e-10 7.036865867952278490e-11 -6.448011875911336929e-12 -2.058973939388523689e-11
-1.733579420739659813e-12 1.049309965861126197e-11 2.115464364017749488e-11 1.121959815222805795e-11 3.891183856683688604e-12 9.738880557663876957e-12 3.003359239096075892e-12 9.530149191600756039e-14 -1.676413224872214546e-13 7.450003037453536823e-13 -3.836141063494690803e-12 -3.245925514225074179e-12 -3.629991956516262576e-12 8.857728046595896463e-13 1.509189215271065618e-11 4.136858862959963831e-11 6.741669160401554959e-11 1.033285879503067557e-10 1.585722414627327666e-10 2.576778030582821514e-10 3.956636886582404140e-10 4.839329244629102888e-10 3.854808291558346527e-10 1.500093317576746572e-10 3.827299177232568135e-12 -1.385725277286798169e-11
9.865600872077504241e-13 1.073021107115265170e-11 2.109608140371881977e-11 1.399311228290283918e-11 4.372620487715210222e-12 6.427144308499688805e-12 1.130222919474940880e-12 -5.814100410040730112e-12 -1.749577617261847695e-12 -2.991626909853750752e-12 -8.746097659806452262e-12 -4.802659616677883119e-12 -4.899263516364435831e-12 -5.350077111301801527e-12 -3.167415913987889825e-12 6.722245247487234560e-12 1.431974132761855866e-11 2.531438614181502980e-11 5.179610707640605259e-11 1.179591448927545503e-10 2.394679333305449565e-10 3.854808291558346527e-10 4.469192644747836623e-10 2.752336703673801728e-10 5.804311697043053256e-11 9.377546869840949620e-12
-2.733822572491071971e-12 1.917917951523695767e-12 7.162046887479987300e-12 7.215475141459427924e-12 2.277220549788582833e-12 -2.469289986566678004e-12 1.195712686039636355e-12 -1.038320523891308926e-11 -3.983110191109748829e-12 -7.409972270876085684e-12 -1.149992741062358962e-11 -7.616820420009911073e-12 -2.070836538292473469e-12 -1.078522435580525825e-13 -4.579892816287000254e-12 5.235094853756315246e-13 3.322240027261172322e-12 7.067648955467278814e-12 1.702075945877870987e-11 3.706283008472720330e-11 7.036865867952278490e-11 1.500093317576746572e-10 2.752336703673801728e-10 3.459362139165393843e-10 1.929282687557040989e-10 3.850463724014698909e-11
-1.746309836969595640e-12 -1.097002037448647751e-11 3.151300992691693977e-12 7.783496264053032779e-12 8.491268509271361776e-12 3.243649749388087158e-12 6.741176213317267363e-12 -7.122999210569783120e-12 -4.524126902668353246e-12 -4.244882637520046499e-12 -6.516736684173621671e-12 -1.011049422523321615e-11 -9.292275726590024122e-12 -5.630238730430929962e-12 -5.136323532064448865e-12 -6.160417615088308269e-12 -9.910181381599174298e-12 -1.387928891823545640e-11 -1.201124605895559155e-11 -3.671878670691966572e-12 -6.448011875911336929e-12 3.827299177232568135e-12 5.804311697043053256e-11 1.929282687557040989e-10 2.992817866213262834e-10 1.585410312206406670e-10
4.523421902821103934e-12 -1.034578239465130328e-11 1.182179010741764068e-11 1.451215221809538064e-11 1.217115165810487643e-11 1.012824192343133312e-11 1.900562392419136774e-12 -7.106224549841843095e-12 -5.848076293131410204e-12 -9.926467762243313225e-12 -7.177506164516328660e-12 -4.797755041646490721e-12 -8.399902930121452670e-12 -3.541786095129688758e-12 -3.088684799923333995e-12 -8.757466531696706672e-12 -1.426096079824859844e-11 -1.796040205234737991e-11 -2.048631684404782166e-11 -1.824691550010722146e-11 -2.058973939388523689e-11 -1.385725277286798169e-11 9.377546869840949620e-12 3.850463724014698909e-11 1.585410312206406670e-10 3.356380291765252638e-10
