4.787630984531132169e-11 1.118589253512864116e-11 6.952192907133677641e-12 1.639115673532829903e-12 2.459098254698541877e-12 2.403561816355565318e-12 2.586782458864902915e-12 1.716328063827581374e-12 1.224479592735391708e-12 2.183615452900295296e-12 1.288284992873723203e-12 -6.859622776190728707e-13 -2.544504999483051266e-12 -2.021822504402817638e-12 -1.640853902760434031e-12 -2.397421025144525056e-12 -2.005015246139571060e-12 -8.889011339345108015e-13 -2.072633208591418591e-12 1.077941056097554362e-12 3.421309685919809078e-12 8.177180344363119857e-12 1.369201374396171328e-11 1.100209292624526841e-11 4.159469596774142647e-12 7.971018618988152596e-13
1.118589253512864116e-11 4.084558341283761982e-11 1.351295994943025328e-11 8.643682415339578120e-12 3.467411658069012588e-12 5.491051529130639263e-12 4.958666818674822990e-12 3.656714469327309495e-12 4.014925487545849917e-12 4.058777512864924759e-12 2.555925688111059412e-12 2.580153757328650400e-12 2.458984013192569472e-12 3.391705096858804134e-12 4.953524887995035360e-12 4.361418360756262953e-12 4.895278889962180119e-12 4.624958126781039658e-12 1.954778995804782378e-12 -9.341949446496303121e-13 -5.181378156721215701e-12 -8.711723993906493085e-12 -9.303233448601484874e-12 -8.108329855062043596e-12 -1.749330628180520902e-12 3.871053378645066769e-12
6.952192907133677641e-12 1.351295994943025328e-11 3.182002831929221054e-11 1.246866337212528548e-11 4.314466533310970286e-12 5.190540692901290084e-12 3.153868031640963246e-12 1.285877674867376493e-12 5.500990529668068649e-13 -2.155868215450742127e-13 -6.056793067531284711e-13 -1.977561602077447974e-12 -3.528868937026024580e-12 -2.116902116148261113e-12 -1.866337750938587276e-12 -3.750167736121246904e-12 -3.817536591277459569e-12 -5.223298441283491482e-12 -6.196695555242724740e-12 -6.751663622529695382e-12 -5.177389721787853166e-12 -2.691053476897957147e-13 5.574479265959904521e-12 7.283260994355644212e-12 1.018224907656433024e-11 9.448718255568480071e-12
1.639115673532829903e-12 8.643682415339578120e-12 1.246866337212528548e-11 2.798094982619679599e-11 9.906919970893202894e-12 8.013797496880454537e-12 5.071760070343362339e-12 4.552017314622351469e-12 4.179772127679770830e-12 2.425230044039939711e-12 3.125141879425331885e-12 3.849030663050193638e-12 1.983669960424637111e-12 3.885922178898109346e-12 4.027355467162893977e-12 2.531989882045191311e-12 3.789752951185638371e-12 2.604477784503647849e-12 3.372321182146198079e-12 2.547970399904523572e-12 1.879707099670638144e-12 4.378656170042334759e-13 -1.110869937715781509e-12 -3.112552085707269082e-12 -1.206098933003571674e-12 2.549493643645981793e-12
2.459098254698541877e-12 3.467411658069012588e-12 4.314466533310970286e-12 9.906919970893202894e-12 2.077650438441214314e-11 1.304867863032089756e-11 6.953979284253040046e-12 4.295361272446338267e-12 2.886435150166598532e-12 1.638013998755885110e-12 1.823001299222899509e-12 1.024787942549579322e-12 -6.504466339029173575e-13 -8.280523181147043034e-13 1.841226372217742213e-13 2.885652364935092878e-13 1.437123147360932399e-12 -8.603177707559191832e-13 -1.623924049229426861e-12 -9.807361382287302023e-14 1.377829232821845271e-12 2.867661195635896675e-12 -1.861601864511401467e-12 -5.427564512649685893e-12 5.149780090171214134e-12 1.353485422700732404e-11
2.403561816355565318e-12 5.491051529130639263e-12 5.190540692901290084e-12 8.013797496880454537e-12 1.304867863032089756e-11 2.355684103236677542e-11 1.330381526622871881e-11 9.135041885503680066e-12 8.242516933186836080e-12 4.733910255624634813e-12 4.162615230057330524e-12 3.469826149340140665e-12 2.967963379836016674e-12 1.742982155435020244e-12 2.930826616398275647e-12 3.997019943034459321e-12 5.112476505608247032e-12 2.325983104459032529e-12 1.480697178685341990e-12 4.884060556811478537e-12 5.967734872936871041e-12 1.889430448469617533e-12 -3.221504143424240406e-12 -6.102719563571006054e-12 1.145684447798225514e-12 4.111310675102725254e-12
2.586782458864902915e-12 4.958666818674822990e-12 3.153868031640963246e-12 5.071760070343362339e-12 6.953979284253040046e-12 1.330381526622871881e-11 1.959373496721099472e-11 1.233600811871701858e-11 1.046387842227248900e-11 6.804367668965975406e-12 4.133526455981064753e-12 3.328948388702453782e-12 2.244013849465891789e-12 7.566381715572819158e-13 1.810564930937647968e-12 3.800741141944414844e-12 5.708587908550207748e-12 3.688224275290880661e-12 3.253794899032405088e-12 6.466433532620170322e-12 8.297314966510952292e-12 6.669905335147777365e-12 2.675980509205705921e-12 -3.196913134431325677e-12 2.106656057759837442e-12 2.066178133958421080e-12
1.716328063827581374e-12 3.656714469327309495e-12 1.285877674867376493e-12 4.552017314622351469e-12 4.295361272446338267e-12 9.135041885503680066e-12 1.233600811871701858e-11 1.977760906391168473e-11 1.501271892562318371e-11 1.128910962167813428e-11 8.121778956945531421e-12 7.754897806792686776e-12 6.164536207240078582e-12 5.074027551467983194e-12 5.434009545695742588e-12 7.514805088566985802e-12 9.561441973201350717e-12 7.828120435055587404e-12 8.283814283096566685e-12 8.440315260514182715e-12 6.001884063431997675e-12 1.658587566591581965e-12 -2.973237738606990073e-12 -5.985373197331535337e-12 -5.867980124892711560e-12 -9.067063315501927132e-12
1.224479592735391708e-12 4.014925487545849917e-12 5.500990529668068649e-13 4.179772127679770830e-12 2.886435150166598532e-12 8.242516933186836080e-12 1.046387842227248900e-11 1.501271892562318371e-11 2.177500454844280807e-11 1.642617091924365719e-11 1.168797375856274315e-11 1.078115906893819424e-11 8.519037248444622614e-12 7.355257351257897746e-12 6.739623389530685035e-12 7.903728619622365857e-12 1.119436228854498486e-11 9.351715164449835648e-12 9.575267405934167023e-12 1.080076275620720541e-11 7.587665336354411250e-12 1.796707377300658505e-12 1.022822338055150489e-12 -2.092761867628661086e-12 -4.127593378284725038e-12 -3.659326117631319708e-12
2.183615452900295296e-12 4.058777512864924759e-12 -2.155868215450742127e-13 2.425230044039939711e-12 1.638013998755885110e-12 4.733910255624634813e-12 6.804367668965975406e-12 1.128910962167813428e-11 1.642617091924365719e-11 2.136414103737244705e-11 1.719772523590147523e-11 1.336472968189154093e-11 1.073072122921289229e-11 9.512320463231393529e-12 8.010681045244928572e-12 8.749617446055320429e-12 1.018315187625011402e-11 8.578624238093421790e-12 8.025620612279047696e-12 8.207694382516444256e-12 6.832044224225597037e-12 1.076036652062455922e-12 -1.237378518768043561e-12 -5.900517606894221848e-12 -3.675478735201379869e-12 -9.367282846031766686e-12
1.288284992873723203e-12 2.555925688111059412e-12 -6.056793067531284711e-13 3.125141879425331885e-12 1.823001299222899509e-12 4.162615230057330524e-12 4.133526455981064753e-12 8.121778956945531421e-12 1.168797375856274315e-11 1.719772523590147523e-11 2.248413300366627849e-11 1.931029866251934813e-11 1.493572598100456981e-11 1.335845277076149492e-11 1.197640785668665769e-11 1.194382595767896127e-11 1.236886528584740914e-11 1.174750136017099519e-11 1.119330572185984311e-11 1.143300192318563401e-11 7.569951334345033821e-12 -2.905059112472159834e-12 -8.024671457880107433e-12 -1.151280017394608716e-11 -7.278032864557415757e-12 -8.281782982650879826e-12
-6.859622776190728707e-13 2.580153757328650400e-12 -1.977561602077447974e-12 3.849030663050193638e-12 1.024787942549579322e-12 3.469826149340140665e-12 3.328948388702453782e-12 7.754897806792686776e-12 1.078115906893819424e-11 1.336472968189154093e-11 1.931029866251934813e-11 2.882282415296736882e-11 2.643315454656914210e-11 2.354315439152088377e-11 2.085534464088244262e-11 1.915879289496393001e-11 1.875076672673021850e-11 1.782155154049463354e-11 1.703666586577166167e-11 1.856887666521144719e-11 1.179743582068016666e-11 -3.286744976391515127e-12 -4.518524056020860605e-12 -7.363511818658196718e-12 -8.521512755401151014e-12 -4.652395910989025678e-12
-2.544504999483051266e-12 2.458984013192569472e-12 -3.528868937026024580e-12 1.983669960424637111e-12 -6.504466339029173575e-13 2.967963379836016674e-12 2.244013849465891789e-12 6.164536207240078582e-12 8.519037248444622614e-12 1.073072122921289229e-11 1.493572598100456981e-11 2.643315454656914210e-11 3.639362361201282843e-11 3.497256026103368415e-11 3.193824210895710409e-11 2.993398826495825635e-11 2.862176524122422117e-11 2.901967847921981638e-11 2.868196006041255311e-11 2.944599434021760891e-11 1.831973372537481789e-11 -5.170614155915023854e-12 -5.969928429679693221e-12 -2.511959175607053695e-12 -8.712742181639536777e-12 -8.053872964335268196e-12
-2.021822504402817638e-12 3.391705096858804134e-12 -2.116902116148261113e-12 3.885922178898109346e-12 -8.280523181147043034e-13 1.742982155435020244e-12 7.566381715572819158e-13 5.074027551467983194e-12 7.355257351257897746e-12 9.512320463231393529e-12 1.335845277076149492e-11 2.354315439152088377e-11 3.497256026103368415e-11 4.719530143125700768e-11 4.833693356129281849e-11 4.750819394776635910e-11 4.653566361182385468e-11 4.695032036642473333e-11 4.810806349926389901e-11 4.982408157892238422e-11 3.634422691938417102e-11 4.353841515208790243e-13 -6.353374502192629411e-12 -2.146315771753421989e-12 -7.064369312571086768e-12 -3.264599322464098560e-12
-1.640853902760434031e-12 4.953524887995035360e-12 -1.866337750938587276e-12 4.027355467162893977e-12 1.841226372217742213e-13 2.930826616398275647e-12 1.810564930937647968e-12 5.434009545695742588e-12 6.739623389530685035e-12 8.010681045244928572e-12 1.197640785668665769e-11 2.085534464088244262e-11 3.193824210895710409e-11 4.833693356129281849e-11 6.511119196541780012e-11 6.885939808259921549e-11 6.867286651717626727e-11 6.988989973222007500e-11 7.154633261050795687e-11 7.702534910580821491e-11 6.407559087483265275e-11 1.441573725088772005e-11 -3.241970643880767578e-12 -3.589793432312572825e-12 -4.496478913719741649e-12 -2.747916461938740027e-12
-2.397421025144525056e-12 4.361418360756262953e-12 -3.750167736121246904e-12 2.531989882045191311e-12 2.885652364935092878e-13 3.997019943034459321e-12 3.800741141944414844e-12 7.514805088566985802e-12 7.903728619622365857e-12 8.749617446055320429e-12 1.194382595767896127e-11 1.915879289496393001e-11 2.993398826495825635e-11 4.750819394776635910e-11 6.885939808259921549e-11 8.898192055550522108e-11 9.556091965388150312e-11 9.986705560100015815e-11 1.039278224113864706e-10 1.133881106427260600e-10 1.026370196909125573e-10 4.138483326289284428e-11 6.828962076394643477e-12 5.624198456138589034e-13 -6.073268196625537089e-12 -8.543023864408635951e-12
-2.005015246139571060e-12 4.895278889962180119e-12 -3.817536591277459569e-12 3.789752951185638371e-12 1.437123147360932399e-12 5.112476505608247032e-12 5.708587908550207748e-12 9.561441973201350717e-12 1.119436228854498486e-11 1.018315187625011402e-11 1.236886528584740914e-11 1.875076672673021850e-11 2.862176524122422117e-11 4.653566361182385468e-11 6.867286651717626727e-11 9.556091965388150312e-11 1.196482207132479620e-10 1.297676995864000245e-10 1.368244816825447939e-10 1.501300899004055314e-10 1.396028541347468632e-10 6.791554177654507547e-11 1.455223201362657277e-11 3.760193384508770201e-12 -9.211364304755502235e-12 -1.431627899724259291e-11
-8.889011339345108015e-13 4.624958126781039658e-12 -5.223298441283491482e-12 2.604477784503647849e-12 -8.603177707559191832e-13 2.325983104459032529e-12 3.688224275290880661e-12 7.828120435055587404e-12 9.351715164449835648e-12 8.578624238093421790e-12 1.174750136017099519e-11 1.782155154049463354e-11 2.901967847921981638e-11 4.695032036642473333e-11 6.988989973222007500e-11 9.986705560100015815e-11 1.297676995864000245e-10 1.616465437662230173e-10 1.786310222377331199e-10 1.956190537930346565e-10 1.853159491627486584e-10 1.027360244989740001e-10 2.476159118872692210e-11 6.928652492109250897e-12 -1.384444242297471179e-11 -1.811309503275868110e-11
-2.072633208591418591e-12 1.954778995804782378e-12 -6.196695555242724740e-12 3.372321182146198079e-12 -1.623924049229426861e-12 1.480697178685341990e-12 3.253794899032405088e-12 8.283814283096566685e-12 9.575267405934167023e-12 8.025620612279047696e-12 1.119330572185984311e-11 1.703666586577166167e-11 2.868196006041255311e-11 4.810806349926389901e-11 7.154633261050795687e-11 1.039278224113864706e-10 1.368244816825447939e-10 1.786310222377331199e-10 2.219426967445529890e-10 2.530566176104891821e-10 2.473120381293404911e-10 1.586115286827237150e-10 5.167608503573964833e-11 1.683317778785507970e-11 -1.211429236160283520e-11 -2.069079430245576493e-11
1.077941056097554362e-12 -9.341949446496303121e-13 -6.751663622529695382e-12 2.547970399904523572e-12 -9.807361382287302023e-14 4.884060556811478537e-12 6.466433532620170322e-12 8.440315260514182715e-12 1.080076275620720541e-11 8.207694382516444256e-12 1.143300192318563401e-11 1.856887666521144719e-11 2.944599434021760891e-11 4.982408157892238422e-11 7.702534910580821491e-11 1.133881106427260600e-10 1.501300899004055314e-10 1.956190537930346565e-10 2.530566176104891821e-10 3.290026002822702687e-10 3.480097911368696575e-10 2.575827676485272862e-10 1.178449108853726985e-10 3.673395735175002701e-11 -4.000691654765598478e-12 -1.842852469549973943e-11
3.421309685919809078e-12 -5.181378156721215701e-12 -5.177389721787853166e-12 1.879707099670638144e-12 1.377829232821845271e-12 5.967734872936871041e-12 8.297314966510952292e-12 6.001884063431997675e-12 7.587665336354411250e-12 6.832044224225597037e-12 7.569951334345033821e-12 1.179743582068016666e-11 1.831973372537481789e-11 3.634422691938417102e-11 6.407559087483265275e-11 1.026370196909125573e-10 1.396028541347468632e-10 1.853159491627486584e-10 2.473120381293404911e-10 3.480097911368696575e-10 4.403333615775876914e-10 3.953759897925653404e-10 2.392123729400836249e-10 7.026575134520136848e-11 -6.603179463792552742e-12 -2.030927262648425753e-11
8.177180344363119857e-12 -8.711723993906493085e-12 -2.691053476897957147e-13 4.378656170042334759e-13 2.867661195635896675e-12 1.889430448469617533e-12 6.669905335147777365e-12 1.658587566591581965e-12 1.796707377300658505e-12 1.076036652062455922e-12 -2.905059112472159834e-12 -3.286744976391515127e-12 -5.170614155915023854e-12 4.353841515208790243e-13 1.441573725088772005e-11 4.138483326289284428e-11 6.791554177654507547e-11 1.027360244989740001e-10 1.586115286827237150e-10 2.575827676485272862e-10 3.953759897925653404e-10 4.837980573723244712e-10 3.854663158776839052e-10 1.501092772757301642e-10 4.073806117354076541e-12 -1.332485026335238727e-11
1.369201374396171328e-11 -9.303233448601484874e-12 5.574479265959904521e-12 -1.110869937715781509e-12 -1.861601864511401467e-12 -3.221504143424240406e-12 2.675980509205705921e-12 -2.973237738606990073e-12 1.022822338055150489e-12 -1.237378518768043561e-12 -8.024671457880107433e-12 -4.518524056020860605e-12 -5.969928429679693221e-12 -6.353374502192629411e-12 -3.241970643880767578e-12 6.828962076394643477e-12 1.455223201362657277e-11 2.476159118872692210e-11 5.167608503573964833e-11 1.178449108853726985e-10 2.392123729400836249e-10 3.854663158776839052e-10 4.468673359344454104e-10 2.753135990225719692e-10 5.824512525652211346e-11 9.487179795698271313e-12
1.100209292624526841e-11 -8.108329855062043596e-12 7.283260994355644212e-12 -3.112552085707269082e-12 -5.427564512649685893e-12 -6.102719563571006054e-12 -3.196913134431325677e-12 -5.985373197331535337e-12 -2.092761867628661086e-12 -5.900517606894221848e-12 -1.151280017394608716e-11 -7.363511818658196718e-12 -2.511959175607053695e-12 -2.146315771753421989e-12 -3.589793432312572825e-12 5.624198456138589034e-13 3.760193384508770201e-12 6.928652492109250897e-12 1.683317778785507970e-11 3.673395735175002701e-11 7.026575134520136848e-11 1.501092772757301642e-10 2.753135990225719692e-10 3.462194229533115520e-10 1.928995228662778175e-10 3.869167386659467719e-11
4.159469596774142647e-12 -1.749330628180520902e-12 1.018224907656433024e-11 -1.206098933003571674e-12 5.149780090171214134e-12 1.145684447798225514e-12 2.106656057759837442e-12 -5.867980124892711560e-12 -4.127593378284725038e-12 -3.675478735201379869e-12 -7.278032864557415757e-12 -8.521512755401151014e-12 -8.712742181639536777e-12 -7.064369312571086768e-12 -4.496478913719741649e-12 -6.073268196625537089e-12 -9.211364304755502235e-12 -1.384444242297471179e-11 -1.211429236160283520e-11 -4.000691654765598478e-12 -6.603179463792552742e-12 4.073806117354076541e-12 5.824512525652211346e-11 1.928995228662778175e-10 2.991826885853585951e-10 1.585256462560643581e-10
7.971018618988152596e-13 3.871053378645066769e-12 9.448718255568480071e-12 2.549493643645981793e-12 1.353485422700732404e-11 4.111310675102725254e-12 2.066178133958421080e-12 -9.067063315501927132e-12 -3.659326117631319708e-12 -9.367282846031766686e-12 -8.281782982650879826e-12 -4.652395910989025678e-12 -8.053872964335268196e-12 -3.264599322464098560e-12 -2.747916461938740027e-12 -8.543023864408635951e-12 -1.431627899724259291e-11 -1.811309503275868110e-11 -2.069079430245576493e-11 -1.842852469549973943e-11 -2.030927262648425753e-11 -1.332485026335238727e-11 9.487179795698271313e-12 3.869167386659467719e-11 1.585256462560643581e-10 3.353960478463214676e-10
