7.221224754425359122e-11 2.133697440018438274e-11 1.509219303072171317e-11 9.674048109110568554e-12 1.144033571958201794e-12 4.444501715258509284e-12 3.755546757304983682e-12 7.174505143270388841e-12 4.263666718668995744e-12 4.244316380912496542e-12 3.855044206152641796e-12 2.528166275708857425e-12 1.470892722638175556e-12 3.153133819354403161e-12 5.161703469727072657e-12 7.004395795778002623e-12 7.208013937684355810e-12 9.813678124373324223e-12 5.614073665458791348e-12 3.080105826794156266e-12 5.003391699833653010e-12 5.893560045229382240e-12 2.253183793741272625e-11 3.515728964447929535e-11 1.369686923959820455e-11 -9.075770314001799705e-12
2.133697440018438274e-11 4.852712505867502983e-11 1.352039082055174011e-11 6.775796696592829304e-12 1.908306169192250402e-12 4.654129448375679574e-12 4.094512204738572141e-12 2.107668255307643017e-12 1.982650544553113564e-12 2.651306414023850752e-12 9.758980510985029186e-13 -6.200787696266868627e-13 7.100643520986598972e-13 -5.526117049886711191e-13 -1.542513015878354639e-12 -2.335304124141482564e-12 -4.097336128910053849e-12 -3.515123745092119134e-12 -2.597826481048879028e-12 -4.137466961534428196e-12 -4.621262371775443377e-12 -1.280390688855351946e-12 1.017269030546076299e-11 2.107352028970612282e-11 8.429221519274195190e-12 -9.793505067027417498e-12
1.509219303072171317e-11 1.352039082055174011e-11 3.609137858974157347e-11 1.377184139536968003e-11 4.599077541178090118e-12 6.615695708230433074e-12 4.281645181728158742e-12 3.602974183491807019e-12 2.254926009875837448e-12 3.515654362086856165e-13 -1.158391488776533278e-12 -1.562891719429828767e-12 -2.927264149485709099e-12 -1.803004102221393571e-12 3.923428380046938651e-13 2.392139691623548531e-13 3.018992315844920453e-12 7.019755764459968461e-12 1.004269466364062972e-11 1.206437156817206259e-11 1.226222482547538711e-11 9.649545746273654521e-12 1.090993684942804021e-11 9.719405704241752317e-12 1.718092811527188506e-13 -1.548153499925518063e-11
9.674048109110568554e-12 6.775796696592829304e-12 1.377184139536968003e-11 3.374596642616255732e-11 1.074942939316609573e-11 7.360560242173977616e-12 5.966306641625161758e-12 4.193304129307977504e-12 1.899925633440898990e-12 1.481905479915852699e-12 1.938541463559458546e-13 -1.814021729895112658e-12 -2.986204743644216656e-12 -1.221595725579802437e-12 1.452391709589622583e-12 4.230198560045818804e-12 8.626177404849391999e-12 1.220998244359443636e-11 1.361109923113006345e-11 1.422568352651610013e-11 1.603154699404982789e-11 1.077499175655913807e-11 4.696814226812003828e-12 3.801587776209460526e-12 2.233179260335878636e-13 -1.215809964156199667e-11
1.144033571958201794e-12 1.908306169192250402e-12 4.599077541178090118e-12 1.074942939316609573e-11 2.246197589092523337e-11 1.287158974575348248e-11 9.319878007827140529e-12 5.856423540831186606e-12 4.573129299743735087e-12 2.662248554350179860e-12 2.605638688834012351e-12 2.396312330756533296e-12 1.202464876498365882e-12 1.078225773119796784e-12 3.156510073711855512e-12 4.991706104905962687e-12 8.266576876565371369e-12 1.198497611034833669e-11 1.548490939847217616e-11 1.677865939833358405e-11 1.326281186075958329e-11 5.118031762255690066e-12 -3.425576352704720199e-12 5.785096009517121459e-12 1.292105655149427098e-11 -4.301619335904574710e-13
4.444501715258509284e-12 4.654129448375679574e-12 6.615695708230433074e-12 7.360560242173977616e-12 1.287158974575348248e-11 2.409504648751677787e-11 1.346393334286819121e-11 7.645277032769449618e-12 4.889636367804465390e-12 5.017051768624419932e-12 3.250151603620203161e-12 2.881518145748477208e-12 1.832861688651118043e-12 1.733886981806991911e-12 2.612147464939404580e-12 5.854895827419685889e-12 8.796644320621676916e-12 1.168143238038339886e-11 1.431475478210674737e-11 1.423251587730661380e-11 1.033293425744236420e-11 3.260758322676980960e-12 -5.136947769410234685e-13 2.465886852747237972e-12 3.327089742980933436e-12 1.892615277476635467e-12
3.755546757304983682e-12 4.094512204738572141e-12 4.281645181728158742e-12 5.966306641625161758e-12 9.319878007827140529e-12 1.346393334286819121e-11 1.976212325020534200e-11 1.114894731185249462e-11 8.197157056967849689e-12 6.819235535938018633e-12 5.761273505962881441e-12 4.531518324477186617e-12 2.975968172626715473e-12 2.998646469444467937e-12 3.769782799962551618e-12 4.290911373134857086e-12 5.604485344048630801e-12 7.495893944531484473e-12 1.117289570260464122e-11 1.055521924949826962e-11 9.498490269176602855e-12 2.887933198346193753e-12 1.720276524254628913e-12 1.907070178165200930e-12 -3.134245638228614656e-12 -4.203494551429484518e-12
7.174505143270388841e-12 2.107668255307643017e-12 3.602974183491807019e-12 4.193304129307977504e-12 5.856423540831186606e-12 7.645277032769449618e-12 1.114894731185249462e-11 1.987356429770660060e-11 1.354988401088711404e-11 1.012099991650696441e-11 8.204313977500548895e-12 6.610822790131313117e-12 5.664204717775201308e-12 5.213365201975924139e-12 5.743240638916893783e-12 5.021757327662014100e-12 7.262753042484684947e-12 1.057870781387497513e-11 1.402776015250978561e-11 1.410733724566002362e-11 1.482011942154424997e-11 1.400029020775199382e-11 1.799278002477349672e-11 1.683783304068220268e-11 2.293482345861470983e-12 -8.995808431170674589e-12
4.263666718668995744e-12 1.982650544553113564e-12 2.254926009875837448e-12 1.899925633440898990e-12 4.573129299743735087e-12 4.889636367804465390e-12 8.197157056967849689e-12 1.354988401088711404e-11 2.077066477536260218e-11 1.601879424680482775e-11 1.385630603945178444e-11 1.077217754799780493e-11 1.050211341453978288e-11 1.097148003595451525e-11 1.121137489424981815e-11 1.143767260986002558e-11 1.333408317440941554e-11 1.493947106134412835e-11 1.770457866886210510e-11 1.854721859938944721e-11 1.583631597700559372e-11 8.070514211107242841e-12 1.184243099293498802e-11 1.592682060674913800e-11 5.696577336273224130e-12 -5.443061793922356953e-12
4.244316380912496542e-12 2.651306414023850752e-12 3.515654362086856165e-13 1.481905479915852699e-12 2.662248554350179860e-12 5.017051768624419932e-12 6.819235535938018633e-12 1.012099991650696441e-11 1.601879424680482775e-11 2.494044547770087014e-11 2.094808528980235501e-11 1.540489394949625273e-11 1.575728558387739611e-11 1.583867942065157270e-11 1.571915599430138388e-11 1.656019631416804237e-11 1.779596865615022051e-11 1.977744056327283278e-11 2.048339810048391707e-11 2.283047912294130394e-11 2.270123496225607687e-11 1.312266945214660190e-11 1.778735668711195410e-11 2.033916131793997217e-11 1.283799769113497321e-11 1.771859046867261580e-12
3.855044206152641796e-12 9.758980510985029186e-13 -1.158391488776533278e-12 1.938541463559458546e-13 2.605638688834012351e-12 3.250151603620203161e-12 5.761273505962881441e-12 8.204313977500548895e-12 1.385630603945178444e-11 2.094808528980235501e-11 2.831668143544978406e-11 2.449264693799544655e-11 2.383316638537273809e-11 2.203776755946259513e-11 2.057076857326136812e-11 2.084603831544495335e-11 2.142443542807541806e-11 2.291213236528412615e-11 2.473936881856040212e-11 2.849953325261228049e-11 2.931553653587880449e-11 1.893280611336888069e-11 1.962642608176781746e-11 1.991476570684338508e-11 1.698420422038712582e-11 -1.459045144273603461e-12
2.528166275708857425e-12 -6.200787696266868627e-13 -1.562891719429828767e-12 -1.814021729895112658e-12 2.396312330756533296e-12 2.881518145748477208e-12 4.531518324477186617e-12 6.610822790131313117e-12 1.077217754799780493e-11 1.540489394949625273e-11 2.449264693799544655e-11 3.207794003659259676e-11 3.260224776547488466e-11 3.001415343863813152e-11 2.759339156598095809e-11 2.799134071235693467e-11 2.876252891203288853e-11 3.298937526595683122e-11 3.622187826397876644e-11 4.083508461486114379e-11 3.887108441695781943e-11 1.847479056280835197e-11 1.170389153850558526e-11 8.781064499949372264e-12 1.748357502084646973e-11 1.339705393771424745e-11
1.470892722638175556e-12 7.100643520986598972e-13 -2.927264149485709099e-12 -2.986204743644216656e-12 1.202464876498365882e-12 1.832861688651118043e-12 2.975968172626715473e-12 5.664204717775201308e-12 1.050211341453978288e-11 1.575728558387739611e-11 2.383316638537273809e-11 3.260224776547488466e-11 4.563244109060874589e-11 4.459813673698059578e-11 4.181082985954860604e-11 4.421498260766359792e-11 4.578423910730893264e-11 5.165266300507491125e-11 5.701804460203918387e-11 6.108479321072426588e-11 5.684476199434297334e-11 2.755145411312238076e-11 1.611395441491647824e-11 1.201740773001500510e-11 1.993743150968784387e-11 1.289298654855226793e-11
3.153133819354403161e-12 -5.526117049886711191e-13 -1.803004102221393571e-12 -1.221595725579802437e-12 1.078225773119796784e-12 1.733886981806991911e-12 2.998646469444467937e-12 5.213365201975924139e-12 1.097148003595451525e-11 1.583867942065157270e-11 2.203776755946259513e-11 3.001415343863813152e-11 4.459813673698059578e-11 5.668868456249467800e-11 5.926707551976227638e-11 6.464212890960573211e-11 7.002157184612758823e-11 7.976162110671842535e-11 8.957397098586868434e-11 9.584807515313783785e-11 8.233814552560778220e-11 2.965531426289086548e-11 9.670191311612316423e-12 1.489828271022607742e-11 2.162602742048184641e-11 8.224654783666829728e-12
5.161703469727072657e-12 -1.542513015878354639e-12 3.923428380046938651e-13 1.452391709589622583e-12 3.156510073711855512e-12 2.612147464939404580e-12 3.769782799962551618e-12 5.743240638916893783e-12 1.121137489424981815e-11 1.571915599430138388e-11 2.057076857326136812e-11 2.759339156598095809e-11 4.181082985954860604e-11 5.926707551976227638e-11 7.997385453209683883e-11 9.431153044367980210e-11 1.072620543339903375e-10 1.222514237757724153e-10 1.365169490751739936e-10 1.452002058682652087e-10 1.217611194398365738e-10 4.384064787783125888e-11 6.781009847046104424e-12 2.053252873798097527e-11 2.920891097419760648e-11 8.349069122562103639e-12
7.004395795778002623e-12 -2.335304124141482564e-12 2.392139691623548531e-13 4.230198560045818804e-12 4.991706104905962687e-12 5.854895827419685889e-12 4.290911373134857086e-12 5.021757327662014100e-12 1.143767260986002558e-11 1.656019631416804237e-11 2.084603831544495335e-11 2.799134071235693467e-11 4.421498260766359792e-11 6.464212890960573211e-11 9.431153044367980210e-11 1.330102769347120686e-10 1.626101438095083444e-10 1.893844925861927126e-10 2.103762910354264519e-10 2.234242487654518835e-10 1.907722735481066156e-10 7.479630088956670307e-11 6.576660276755608583e-12 2.697621115387003122e-11 4.149509690947532382e-11 1.346503666407074352e-11
7.208013937684355810e-12 -4.097336128910053849e-12 3.018992315844920453e-12 8.626177404849391999e-12 8.266576876565371369e-12 8.796644320621676916e-12 5.604485344048630801e-12 7.262753042484684947e-12 1.333408317440941554e-11 1.779596865615022051e-11 2.142443542807541806e-11 2.876252891203288853e-11 4.578423910730893264e-11 7.002157184612758823e-11 1.072620543339903375e-10 1.626101438095083444e-10 2.277190369586930782e-10 2.771419769939091940e-10 3.120656850290110319e-10 3.321995930805826604e-10 2.925630159279890212e-10 1.341483056546835413e-10 1.198409353484091493e-11 2.563456099599609278e-11 4.288963082371343299e-11 8.381881116599742245e-12
9.813678124373324223e-12 -3.515123745092119134e-12 7.019755764459968461e-12 1.220998244359443636e-11 1.198497611034833669e-11 1.168143238038339886e-11 7.495893944531484473e-12 1.057870781387497513e-11 1.493947106134412835e-11 1.977744056327283278e-11 2.291213236528412615e-11 3.298937526595683122e-11 5.165266300507491125e-11 7.976162110671842535e-11 1.222514237757724153e-10 1.893844925861927126e-10 2.771419769939091940e-10 3.684022226505891247e-10 4.288745108940985099e-10 4.569239077635126992e-10 4.124962365555856253e-10 2.172175025579563223e-10 2.974719913997989698e-11 2.684091786960027995e-11 3.875432474108940276e-11 -1.068022441471914830e-12
5.614073665458791348e-12 -2.597826481048879028e-12 1.004269466364062972e-11 1.361109923113006345e-11 1.548490939847217616e-11 1.431475478210674737e-11 1.117289570260464122e-11 1.402776015250978561e-11 1.770457866886210510e-11 2.048339810048391707e-11 2.473936881856040212e-11 3.622187826397876644e-11 5.701804460203918387e-11 8.957397098586868434e-11 1.365169490751739936e-10 2.103762910354264519e-10 3.120656850290110319e-10 4.288745108940985099e-10 5.400121658760961521e-10 6.008657520597972924e-10 5.633837803733155624e-10 3.448743651803551261e-10 8.455276908825993592e-11 4.224918168290176203e-11 4.248800538135231067e-11 -9.938581559984068713e-12
3.080105826794156266e-12 -4.137466961534428196e-12 1.206437156817206259e-11 1.422568352651610013e-11 1.677865939833358405e-11 1.423251587730661380e-11 1.055521924949826962e-11 1.410733724566002362e-11 1.854721859938944721e-11 2.283047912294130394e-11 2.849953325261228049e-11 4.083508461486114379e-11 6.108479321072426588e-11 9.584807515313783785e-11 1.452002058682652087e-10 2.234242487654518835e-10 3.321995930805826604e-10 4.569239077635126992e-10 6.008657520597972924e-10 7.401819406280850427e-10 7.489883875266396809e-10 5.322120108169897735e-10 1.966007389469475485e-10 6.819876698733268545e-11 5.144505155028276862e-11 -1.958455982095735166e-11
5.003391699833653010e-12 -4.621262371775443377e-12 1.226222482547538711e-11 1.603154699404982789e-11 1.326281186075958329e-11 1.033293425744236420e-11 9.498490269176602855e-12 1.482011942154424997e-11 1.583631597700559372e-11 2.270123496225607687e-11 2.931553653587880449e-11 3.887108441695781943e-11 5.684476199434297334e-11 8.233814552560778220e-11 1.217611194398365738e-10 1.907722735481066156e-10 2.925630159279890212e-10 4.124962365555856253e-10 5.633837803733155624e-10 7.489883875266396809e-10 8.635089131139725492e-10 7.402473606366176680e-10 3.906363009401097051e-10 1.252833440671847959e-10 2.810592409335728389e-11 -3.855199565869981921e-11
5.893560045229382240e-12 -1.280390688855351946e-12 9.649545746273654521e-12 1.077499175655913807e-11 5.118031762255690066e-12 3.260758322676980960e-12 2.887933198346193753e-12 1.400029020775199382e-11 8.070514211107242841e-12 1.312266945214660190e-11 1.893280611336888069e-11 1.847479056280835197e-11 2.755145411312238076e-11 2.965531426289086548e-11 4.384064787783125888e-11 7.479630088956670307e-11 1.341483056546835413e-10 2.172175025579563223e-10 3.448743651803551261e-10 5.322120108169897735e-10 7.402473606366176680e-10 8.554518651173184193e-10 6.268377582944243297e-10 2.440831161970856693e-10 -3.033383283130552533e-12 -5.512979683378745247e-11
2.253183793741272625e-11 1.017269030546076299e-11 1.090993684942804021e-11 4.696814226812003828e-12 -3.425576352704720199e-12 -5.136947769410234685e-13 1.720276524254628913e-12 1.799278002477349672e-11 1.184243099293498802e-11 1.778735668711195410e-11 1.962642608176781746e-11 1.170389153850558526e-11 1.611395441491647824e-11 9.670191311612316423e-12 6.781009847046104424e-12 6.576660276755608583e-12 1.198409353484091493e-11 2.974719913997989698e-11 8.455276908825993592e-11 1.966007389469475485e-10 3.906363009401097051e-10 6.268377582944243297e-10 7.108731157356033096e-10 4.460030960728378944e-10 6.242803117783497049e-11 -2.309723636753361068e-11
3.515728964447929535e-11 2.107352028970612282e-11 9.719405704241752317e-12 3.801587776209460526e-12 5.785096009517121459e-12 2.465886852747237972e-12 1.907070178165200930e-12 1.683783304068220268e-11 1.592682060674913800e-11 2.033916131793997217e-11 1.991476570684338508e-11 8.781064499949372264e-12 1.201740773001500510e-11 1.489828271022607742e-11 2.053252873798097527e-11 2.697621115387003122e-11 2.563456099599609278e-11 2.684091786960027995e-11 4.224918168290176203e-11 6.819876698733268545e-11 1.252833440671847959e-10 2.440831161970856693e-10 4.460030960728378944e-10 5.861168899620542678e-10 3.272551832361405041e-10 7.112085137273646570e-11
1.369686923959820455e-11 8.429221519274195190e-12 1.718092811527188506e-13 2.233179260335878636e-13 1.292105655149427098e-11 3.327089742980933436e-12 -3.134245638228614656e-12 2.293482345861470983e-12 5.696577336273224130e-12 1.283799769113497321e-11 1.698420422038712582e-11 1.748357502084646973e-11 1.993743150968784387e-11 2.162602742048184641e-11 2.920891097419760648e-11 4.149509690947532382e-11 4.288963082371343299e-11 3.875432474108940276e-11 4.248800538135231067e-11 5.144505155028276862e-11 2.810592409335728389e-11 -3.033383283130552533e-12 6.242803117783497049e-11 3.272551832361405041e-10 5.665018130780118058e-10 3.119642414717149826e-10
-9.075770314001799705e-12 -9.793505067027417498e-12 -1.548153499925518063e-11 -1.215809964156199667e-11 -4.301619335904574710e-13 1.892615277476635467e-12 -4.203494551429484518e-12 -8.995808431170674589e-12 -5.443061793922356953e-12 1.771859046867261580e-12 -1.459045144273603461e-12 1.339705393771424745e-11 1.289298654855226793e-11 8.224654783666829728e-12 8.349069122562103639e-12 1.346503666407074352e-11 8.381881116599742245e-12 -1.068022441471914830e-12 -9.938581559984068713e-12 -1.958455982095735166e-11 -3.855199565869981921e-11 -5.512979683378745247e-11 -2.309723636753361068e-11 7.112085137273646570e-11 3.119642414717149826e-10 5.203476379609436447e-10
