9.553024586455970035e-11 1.155571103611662568e-11 7.489771503798085772e-12 1.792800236043618104e-13 -1.143640839587545211e-12 -6.098826580156471491e-13 1.626974232828525264e-12 1.247289173626758366e-12 -6.291739833636496353e-13 1.769862523169099668e-12 1.670171621433041163e-12 3.234661733137495156e-12 5.179234372066987221e-12 8.226715686229951252e-12 1.086520897763308201e-11 1.354081851971773205e-11 1.117603333198776240e-11 4.915827486643306478e-12 4.323490657244638202e-12 1.273641159125819450e-11 5.153032347992467842e-12 -1.576780177006937280e-11 -4.607824455031304945e-11 -5.828531683456826317e-11 -2.432119576606937298e-11 -1.890252696336181728e-11
1.155571103611662568e-11 5.712104011677164428e-11 1.841234709620808324e-11 4.543842288132486875e-12 -3.099409780598799733e-12 -1.627703634313854469e-12 -2.154840765976527650e-13 -1.621201074227361219e-12 -6.951441094069032555e-14 3.388600691259533777e-12 2.518662732350984519e-12 2.937666814606324270e-12 6.309778058531923615e-12 1.542005831037930870e-11 2.023145652880737415e-11 2.241502731443676437e-11 2.911444457219047570e-11 3.296088762747939590e-11 3.651917728025458521e-11 4.223809165130757500e-11 3.474366917134607530e-11 1.610465223370421249e-11 1.323090914343792948e-12 -1.598487052131984985e-11 -2.304903434690070982e-11 -2.799362053756760094e-11
7.489771503798085772e-12 1.841234709620808324e-11 4.836047705957290696e-11 1.072522985961526926e-11 7.340672865107868734e-12 5.935098538478920583e-12 4.271845901451937320e-12 4.011909652242186764e-12 1.275924861089548468e-12 -1.911793332779605478e-14 -4.340931918354435465e-12 -7.837488102413706235e-12 -4.752217718068943403e-12 -2.816525201990885169e-12 -4.939853531473763279e-12 -6.989026222373846958e-12 -2.805243205205661761e-12 8.061005812975210825e-13 4.434274290566876324e-13 -6.747587690938591227e-12 -1.966651377073371556e-11 -1.207809810835929271e-11 -9.139723976443758161e-12 1.628836010601767815e-14 -6.400272096355276372e-12 -9.063961942466389561e-12
1.792800236043618104e-13 4.543842288132486875e-12 1.072522985961526926e-11 3.338083944210105548e-11 1.443716710593078837e-11 6.121433897253389113e-12 4.584002683224856947e-12 4.524176513955791249e-12 2.935528364152169254e-12 4.012335632296360805e-12 3.878005419683195777e-12 1.329802922596685013e-12 3.142488474176289568e-13 6.885952555261035722e-13 4.955402182314255620e-13 -2.134555119914186387e-13 -2.237005158843010290e-12 -5.328758485025088876e-12 -6.447441950653611781e-12 -2.651500007552430574e-12 -3.076830938194620944e-12 -6.845479488071260640e-13 -1.810398294398949711e-12 -6.734140633429790936e-12 -5.648857023060732128e-12 -1.609513543730504206e-11
-1.143640839587545211e-12 -3.099409780598799733e-12 7.340672865107868734e-12 1.443716710593078837e-11 3.110477997211035949e-11 1.922276791378035169e-11 1.193840125352146056e-11 9.787948240758242928e-12 6.249275392608127017e-12 6.460091618234501807e-12 5.019227777499835270e-12 3.736307660224969501e-12 7.017364596287018197e-12 9.075297670821248117e-12 1.059888485600155576e-11 1.105340172897610203e-11 7.543868065038598253e-12 6.706777605396354107e-13 -1.650817930428183586e-12 -6.760168818767073713e-12 -1.262388948184776900e-11 -1.637107922682105358e-11 -2.144306165410582149e-11 -1.326984018790240240e-11 -1.060790453120362811e-13 -3.413291065538823369e-12
-6.098826580156471491e-13 -1.627703634313854469e-12 5.935098538478920583e-12 6.121433897253389113e-12 1.922276791378035169e-11 3.259944226646648611e-11 1.784890491478811811e-11 1.399860041576894143e-11 1.093325823759791791e-11 7.669764236123213859e-12 7.175436819847258263e-12 5.739302465475955322e-12 9.019907417095415832e-12 8.761846119038658823e-12 1.072921083145064416e-11 1.191583292099518426e-11 1.152219868817382986e-11 1.536195069999997172e-11 2.026676113085058568e-11 1.770160898128784246e-11 5.523757003764115838e-12 -9.998930627485732715e-12 -2.845147186278454246e-11 -8.752495243393944787e-12 1.893821731293856498e-11 2.449652449793204815e-11
1.626974232828525264e-12 -2.154840765976527650e-13 4.271845901451937320e-12 4.584002683224856947e-12 1.193840125352146056e-11 1.784890491478811811e-11 2.853966084258274463e-11 2.052869463608809205e-11 1.618635178874738575e-11 1.252795362731233475e-11 1.083310939282719352e-11 1.078336674496750148e-11 1.604561500074344552e-11 1.832495318238763568e-11 2.080916121026529933e-11 2.355911112102864167e-11 2.549932912461627105e-11 3.143487042925785199e-11 3.712456717024408063e-11 3.370302991903889140e-11 1.526886277583628244e-11 -1.263802395902231841e-11 -2.970189372573227305e-11 -1.911803756600234269e-11 -1.775332388912564734e-11 -1.290572829675928085e-11
1.247289173626758366e-12 -1.621201074227361219e-12 4.011909652242186764e-12 4.524176513955791249e-12 9.787948240758242928e-12 1.399860041576894143e-11 2.052869463608809205e-11 3.353234577797232548e-11 2.751187470019467852e-11 2.227566782872432789e-11 1.834070655862374617e-11 1.830784602480774101e-11 2.244121026645833308e-11 2.708368625531335785e-11 3.155267299334203174e-11 3.800316802950136219e-11 4.565451120583385787e-11 5.346261274848408783e-11 6.204818516435365401e-11 6.222589702363511356e-11 4.181381052896295509e-11 3.431833865627195218e-12 -1.550775858576179358e-11 -1.292654045277719168e-11 -1.623240792174879075e-11 -1.738264011703627827e-12
-6.291739833636496353e-13 -6.951441094069032555e-14 1.275924861089548468e-12 2.935528364152169254e-12 6.249275392608127017e-12 1.093325823759791791e-11 1.618635178874738575e-11 2.751187470019467852e-11 3.862951621131172577e-11 3.300631634903664374e-11 2.858868063756335331e-11 2.779023139920278491e-11 3.089333771209535843e-11 3.683532888094542980e-11 4.234638011753183661e-11 4.658580850750619688e-11 5.315294351853104443e-11 6.116714563559418984e-11 6.816898191417541282e-11 6.569300150159701327e-11 3.945980821362122619e-11 -4.156552745680550554e-12 -6.463096088963586597e-12 5.867609792317601018e-12 -1.143967791439044777e-11 -3.625201176634698534e-12
1.769862523169099668e-12 3.388600691259533777e-12 -1.911793332779605478e-14 4.012335632296360805e-12 6.460091618234501807e-12 7.669764236123213859e-12 1.252795362731233475e-11 2.227566782872432789e-11 3.300631634903664374e-11 4.582910217411382574e-11 4.120238369768134175e-11 3.984963074788436132e-11 4.469738784916121383e-11 5.263422703749517372e-11 6.114634110210332761e-11 6.935666567419620853e-11 7.910153882379375978e-11 8.999207593615007118e-11 9.874248063146181811e-11 1.048021494330855275e-10 8.624457854322452403e-11 4.023629775451124114e-11 3.396544292696043622e-11 2.454050843246570116e-11 -7.658830643783165338e-12 -5.592638841000154605e-12
1.670171621433041163e-12 2.518662732350984519e-12 -4.340931918354435465e-12 3.878005419683195777e-12 5.019227777499835270e-12 7.175436819847258263e-12 1.083310939282719352e-11 1.834070655862374617e-11 2.858868063756335331e-11 4.120238369768134175e-11 5.400318485959283546e-11 5.269335759589814764e-11 5.565416134777061535e-11 6.211581553320852844e-11 7.038907319682057310e-11 7.694293588541522875e-11 8.647464277408967033e-11 9.756488311705632363e-11 1.078198375577491965e-10 1.190414974539963617e-10 1.036703370234398523e-10 4.714998180248496287e-11 3.554899639678167129e-11 2.079949301148012950e-11 -1.227990508281622298e-11 -6.515997259813355880e-12
3.234661733137495156e-12 2.937666814606324270e-12 -7.837488102413706235e-12 1.329802922596685013e-12 3.736307660224969501e-12 5.739302465475955322e-12 1.078336674496750148e-11 1.830784602480774101e-11 2.779023139920278491e-11 3.984963074788436132e-11 5.269335759589814764e-11 7.275295840763696692e-11 8.398804999772404906e-11 9.411791831381493478e-11 1.048193049887849422e-10 1.136685798666225040e-10 1.267538605910047089e-10 1.417761906943695128e-10 1.529659812178480078e-10 1.656290140179820151e-10 1.413495608314981203e-10 4.681742535886836623e-11 1.000215778829471195e-11 3.100807758142465355e-12 1.406536266592774607e-12 5.105358993587749404e-12
5.179234372066987221e-12 6.309778058531923615e-12 -4.752217718068943403e-12 3.142488474176289568e-13 7.017364596287018197e-12 9.019907417095415832e-12 1.604561500074344552e-11 2.244121026645833308e-11 3.089333771209535843e-11 4.469738784916121383e-11 5.565416134777061535e-11 8.398804999772404906e-11 1.191957536948755909e-10 1.365441814026012160e-10 1.515736650871387623e-10 1.653196979426066396e-10 1.846461610318808889e-10 2.064230280128528483e-10 2.175451984171250507e-10 2.264537892214569945e-10 1.798865214356566288e-10 4.064567662608326834e-11 -2.163708296974961266e-11 -1.546245786557530314e-11 1.147925609713489907e-11 9.236166120269610549e-12
8.226715686229951252e-12 1.542005831037930870e-11 -2.816525201990885169e-12 6.885952555261035722e-13 9.075297670821248117e-12 8.761846119038658823e-12 1.832495318238763568e-11 2.708368625531335785e-11 3.683532888094542980e-11 5.263422703749517372e-11 6.211581553320852844e-11 9.411791831381493478e-11 1.365441814026012160e-10 1.807969057801795401e-10 2.084804434029141873e-10 2.286620557476584079e-10 2.549123975965691291e-10 2.856088134875748035e-10 3.035722972922541221e-10 3.188860328449835625e-10 2.558133317747826598e-10 7.181237973912419140e-11 -2.249206831454478819e-11 -3.389804065448369898e-11 -1.023896663890677575e-11 -6.950343526852456909e-12
1.086520897763308201e-11 2.023145652880737415e-11 -4.939853531473763279e-12 4.955402182314255620e-13 1.059888485600155576e-11 1.072921083145064416e-11 2.080916121026529933e-11 3.155267299334203174e-11 4.234638011753183661e-11 6.114634110210332761e-11 7.038907319682057310e-11 1.048193049887849422e-10 1.515736650871387623e-10 2.084804434029141873e-10 2.734637739082307467e-10 3.153514592575709088e-10 3.591324694148609351e-10 4.035225988243768645e-10 4.340657271025836846e-10 4.665132660341194279e-10 3.939331311619707865e-10 1.474310136041282956e-10 2.325848420081436382e-12 -3.474717975525560030e-11 -1.660367263545901946e-11 -3.217999199467122174e-12
1.354081851971773205e-11 2.241502731443676437e-11 -6.989026222373846958e-12 -2.134555119914186387e-13 1.105340172897610203e-11 1.191583292099518426e-11 2.355911112102864167e-11 3.800316802950136219e-11 4.658580850750619688e-11 6.935666567419620853e-11 7.694293588541522875e-11 1.136685798666225040e-10 1.653196979426066396e-10 2.286620557476584079e-10 3.153514592575709088e-10 3.985976186124188379e-10 4.726199199191390863e-10 5.397145475914420586e-10 5.867252189204354216e-10 6.391962347500225080e-10 5.622251997599768481e-10 2.432226590841961601e-10 1.954209637121053742e-11 -4.975664658223558639e-11 -1.805025846916851865e-11 -1.425015020676647507e-11
1.117603333198776240e-11 2.911444457219047570e-11 -2.805243205205661761e-12 -2.237005158843010290e-12 7.543868065038598253e-12 1.152219868817382986e-11 2.549932912461627105e-11 4.565451120583385787e-11 5.315294351853104443e-11 7.910153882379375978e-11 8.647464277408967033e-11 1.267538605910047089e-10 1.846461610318808889e-10 2.549123975965691291e-10 3.591324694148609351e-10 4.726199199191390863e-10 6.179602577037060094e-10 7.439130155946054017e-10 8.199898526745733591e-10 8.956778913431815264e-10 8.072192662697086574e-10 4.067518206223005455e-10 8.463293064231158209e-11 -2.162851660254307033e-11 5.103250020686018950e-12 -2.915333251340369156e-11
4.915827486643306478e-12 3.296088762747939590e-11 8.061005812975210825e-13 -5.328758485025088876e-12 6.706777605396354107e-13 1.536195069999997172e-11 3.143487042925785199e-11 5.346261274848408783e-11 6.116714563559418984e-11 8.999207593615007118e-11 9.756488311705632363e-11 1.417761906943695128e-10 2.064230280128528483e-10 2.856088134875748035e-10 4.035225988243768645e-10 5.397145475914420586e-10 7.439130155946054017e-10 9.760676455049942552e-10 1.122107086509762927e-09 1.251174188897119659e-09 1.178132158319691825e-09 6.922808955307090182e-10 2.089916380369095186e-10 1.745389592948022451e-11 1.423644627343457711e-11 -6.415968209494775723e-11
4.323490657244638202e-12 3.651917728025458521e-11 4.434274290566876324e-13 -6.447441950653611781e-12 -1.650817930428183586e-12 2.026676113085058568e-11 3.712456717024408063e-11 6.204818516435365401e-11 6.816898191417541282e-11 9.874248063146181811e-11 1.078198375577491965e-10 1.529659812178480078e-10 2.175451984171250507e-10 3.035722972922541221e-10 4.340657271025836846e-10 5.867252189204354216e-10 8.199898526745733591e-10 1.122107086509762927e-09 1.395405924139747658e-09 1.639609380846984574e-09 1.636808939885432683e-09 1.105868455452081575e-09 4.213837712387925499e-10 7.268285993737182730e-11 2.437251801960299638e-11 -1.094291167392023392e-10
1.273641159125819450e-11 4.223809165130757500e-11 -6.747587690938591227e-12 -2.651500007552430574e-12 -6.760168818767073713e-12 1.770160898128784246e-11 3.370302991903889140e-11 6.222589702363511356e-11 6.569300150159701327e-11 1.048021494330855275e-10 1.190414974539963617e-10 1.656290140179820151e-10 2.264537892214569945e-10 3.188860328449835625e-10 4.665132660341194279e-10 6.391962347500225080e-10 8.956778913431815264e-10 1.251174188897119659e-09 1.639609380846984574e-09 2.102217819363009730e-09 2.264316817810239706e-09 1.719205871997798455e-09 7.886878506084084323e-10 1.535423283552323459e-10 3.911681649537451963e-11 -1.525695550944442297e-10
5.153032347992467842e-12 3.474366917134607530e-11 -1.966651377073371556e-11 -3.076830938194620944e-12 -1.262388948184776900e-11 5.523757003764115838e-12 1.526886277583628244e-11 4.181381052896295509e-11 3.945980821362122619e-11 8.624457854322452403e-11 1.036703370234398523e-10 1.413495608314981203e-10 1.798865214356566288e-10 2.558133317747826598e-10 3.939331311619707865e-10 5.622251997599768481e-10 8.072192662697086574e-10 1.178132158319691825e-09 1.636808939885432683e-09 2.264316817810239706e-09 2.755415684069326368e-09 2.449306228038622885e-09 1.412456258306543311e-09 3.548255650201080335e-10 3.432263470535884095e-11 -2.137305725689961034e-10
-1.576780177006937280e-11 1.610465223370421249e-11 -1.207809810835929271e-11 -6.845479488071260640e-13 -1.637107922682105358e-11 -9.998930627485732715e-12 -1.263802395902231841e-11 3.431833865627195218e-12 -4.156552745680550554e-12 4.023629775451124114e-11 4.714998180248496287e-11 4.681742535886836623e-11 4.064567662608326834e-11 7.181237973912419140e-11 1.474310136041282956e-10 2.432226590841961601e-10 4.067518206223005455e-10 6.922808955307090182e-10 1.105868455452081575e-09 1.719205871997798455e-09 2.449306228038622885e-09 2.796865863717016157e-09 2.120011375156417400e-09 8.114192303803524922e-10 5.787097840742879169e-11 -2.728697118930339134e-10
-4.607824455031304945e-11 1.323090914343792948e-12 -9.139723976443758161e-12 -1.810398294398949711e-12 -2.144306165410582149e-11 -2.845147186278454246e-11 -2.970189372573227305e-11 -1.550775858576179358e-11 -6.463096088963586597e-12 3.396544292696043622e-11 3.554899639678167129e-11 1.000215778829471195e-11 -2.163708296974961266e-11 -2.249206831454478819e-11 2.325848420081436382e-12 1.954209637121053742e-11 8.463293064231158209e-11 2.089916380369095186e-10 4.213837712387925499e-10 7.886878506084084323e-10 1.412456258306543311e-09 2.120011375156417400e-09 2.386383200168331638e-09 1.509355453174552353e-09 2.564102623551488125e-10 -1.651610476853534574e-10
-5.828531683456826317e-11 -1.598487052131984985e-11 1.628836010601767815e-14 -6.734140633429790936e-12 -1.326984018790240240e-11 -8.752495243393944787e-12 -1.911803756600234269e-11 -1.292654045277719168e-11 5.867609792317601018e-12 2.454050843246570116e-11 2.079949301148012950e-11 3.100807758142465355e-12 -1.546245786557530314e-11 -3.389804065448369898e-11 -3.474717975525560030e-11 -4.975664658223558639e-11 -2.162851660254307033e-11 1.745389592948022451e-11 7.268285993737182730e-11 1.535423283552323459e-10 3.548255650201080335e-10 8.114192303803524922e-10 1.509355453174552353e-09 1.788618047490259752e-09 8.735114564173747905e-10 1.206055071489296641e-10
-2.432119576606937298e-11 -2.304903434690070982e-11 -6.400272096355276372e-12 -5.648857023060732128e-12 -1.060790453120362811e-13 1.893821731293856498e-11 -1.775332388912564734e-11 -1.623240792174879075e-11 -1.143967791439044777e-11 -7.658830643783165338e-12 -1.227990508281622298e-11 1.406536266592774607e-12 1.147925609713489907e-11 -1.023896663890677575e-11 -1.660367263545901946e-11 -1.805025846916851865e-11 5.103250020686018950e-12 1.423644627343457711e-11 2.437251801960299638e-11 3.911681649537451963e-11 3.432263470535884095e-11 5.787097840742879169e-11 2.564102623551488125e-10 8.735114564173747905e-10 1.610578881476379885e-09 8.641208234945612336e-10
-1.890252696336181728e-11 -2.799362053756760094e-11 -9.063961942466389561e-12 -1.609513543730504206e-11 -3.413291065538823369e-12 2.449652449793204815e-11 -1.290572829675928085e-11 -1.738264011703627827e-12 -3.625201176634698534e-12 -5.592638841000154605e-12 -6.515997259813355880e-12 5.105358993587749404e-12 9.236166120269610549e-12 -6.950343526852456909e-12 -3.217999199467122174e-12 -1.425015020676647507e-11 -2.915333251340369156e-11 -6.415968209494775723e-11 -1.094291167392023392e-10 -1.525695550944442297e-10 -2.137305725689961034e-10 -2.728697118930339134e-10 -1.651610476853534574e-10 1.206055071489296641e-10 8.641208234945612336e-10 1.478777669040850266e-09
