8.668774028700022752e-11 2.283863552213844173e-11 1.213121643814071363e-11 4.464323609945772261e-12 6.316028516078179814e-12 1.742745059296488621e-12 1.178145616934747580e-12 -9.132891156934213605e-13 -2.071313295200451177e-12 -4.394022340343126018e-12 -4.900271477872949046e-12 -5.271034579853530937e-12 -7.938559784284616411e-12 -9.306246376399305436e-12 -7.306858892580050560e-12 -6.409798260480620104e-12 -1.205684828675719755e-12 -1.184207947586421407e-13 -3.116058913386467946e-12 -8.376951796049753540e-13 3.680823786116722004e-12 3.392304628142047817e-12 2.531132917136191838e-12 1.054316765206335484e-11 1.040958307385652006e-11 -3.981097592077885991e-12
2.283863552213844173e-11 5.094506395031482429e-11 1.441389876435160008e-11 9.622443131297299072e-12 6.143230062500367448e-12 4.928569607184520874e-12 4.995447326734978372e-12 4.271480833602062390e-12 1.982622200238157683e-12 3.181976258687760636e-13 -2.046885702096175755e-12 -3.483347806059516462e-12 -4.062606622238112459e-12 -4.976335640746512737e-12 -3.049944030639036172e-12 4.308147405789182742e-13 5.064519179648110666e-12 9.410775307590066853e-12 1.236013099867684982e-11 1.066862427956781764e-11 1.021126298152873054e-11 5.779809056651931671e-12 1.004183454521038922e-11 1.544921662366277040e-11 -1.005917967413946173e-11 -2.504404808140740545e-11
1.213121643814071363e-11 1.441389876435160008e-11 4.944656417425065118e-11 1.534439480656676974e-11 5.617904881751546418e-12 6.481697513052413988e-12 5.677658575377379998e-12 3.131672946845411641e-12 1.671639113070752630e-12 -2.024003746737929865e-14 -5.885116990705322801e-13 -2.988190523778717821e-12 -3.235964207667918111e-12 2.665015799995752204e-13 3.184279213545280219e-12 4.898727920289575253e-12 9.734163161033451186e-12 1.535071505688588906e-11 2.361844074923031946e-11 2.644953869177186810e-11 2.491268900893300694e-11 1.310475585391506605e-11 -3.166441905029741460e-13 -2.006532581180794315e-12 -6.117792151561562663e-12 -3.377087304154706880e-11
4.464323609945772261e-12 9.622443131297299072e-12 1.534439480656676974e-11 3.841472213377630000e-11 1.634317818689044221e-11 9.636655928697472626e-12 8.142567157059523742e-12 3.841775001189567465e-12 1.224981953611955040e-12 8.767704356530124817e-13 8.988283690576158535e-13 -7.257161914131917328e-14 -1.682372538006111831e-12 -1.936179452834288346e-13 3.597707760485543331e-12 4.700375024319071793e-12 7.806611826014102264e-12 1.006356716523313649e-11 1.155064609768423803e-11 1.489451562822088109e-11 1.557601526055511682e-11 9.523086590636486337e-12 9.303884362600062024e-12 1.893552556074691959e-11 2.104922962801005991e-11 -1.123603930482673726e-11
6.316028516078179814e-12 6.143230062500367448e-12 5.617904881751546418e-12 1.634317818689044221e-11 3.093688391339275162e-11 1.439810210907640226e-11 1.063764107460478469e-11 5.898454030101460001e-12 4.817701245437162966e-12 4.166670377831352672e-12 3.575779750597008513e-12 4.037577634372271067e-12 2.402743495176847092e-12 1.988055975706642880e-12 5.165892746717573538e-12 5.977735418625466417e-12 8.542243680292911303e-12 1.194451552781763841e-11 1.508721707373085607e-11 2.008042193277733678e-11 2.548683940730486605e-11 2.305739219502692172e-11 1.791763978897984011e-11 1.386186106074068284e-11 3.166989901556733679e-12 -1.021700494091943844e-11
1.742745059296488621e-12 4.928569607184520874e-12 6.481697513052413988e-12 9.636655928697472626e-12 1.439810210907640226e-11 2.571331846461069033e-11 1.209381835865743962e-11 5.356791284661890987e-12 3.781050330699035430e-12 3.153092425115398192e-12 9.718404844237899275e-13 1.580891223581002398e-12 4.219355644592525375e-13 2.726344902790519418e-13 1.421058381749721780e-12 3.579178868618921413e-12 5.531311865748045087e-12 9.324325290930561367e-12 1.317060802111963539e-11 1.610509524542593092e-11 1.328666953593995565e-11 8.076991679218067438e-12 2.724330862213454677e-12 5.991214436772498298e-12 2.551882901234397312e-12 -7.932277544952572985e-12
1.178145616934747580e-12 4.995447326734978372e-12 5.677658575377379998e-12 8.142567157059523742e-12 1.063764107460478469e-11 1.209381835865743962e-11 2.004487423227446986e-11 9.755481649929568168e-12 6.369348199848116925e-12 5.430214736775058639e-12 4.652503786184300151e-12 4.325406540374355961e-12 3.295585225276708238e-12 3.465840509556212829e-12 5.093440826354140127e-12 6.420202494580556859e-12 8.482142568843866130e-12 1.125210252727989670e-11 1.564832093719850826e-11 1.659877745284689376e-11 1.479962683370285144e-11 4.601374418072800135e-12 -1.812150181118330266e-12 -4.426989856729493356e-12 -4.108520627816788995e-12 -6.577098389267622560e-12
-9.132891156934213605e-13 4.271480833602062390e-12 3.131672946845411641e-12 3.841775001189567465e-12 5.898454030101460001e-12 5.356791284661890987e-12 9.755481649929568168e-12 1.937824711221867064e-11 1.432002233046904632e-11 1.038620997842428662e-11 8.512710695616857968e-12 6.851419643619653519e-12 6.493942214212528581e-12 6.180556548666948055e-12 6.648613230364644445e-12 5.858668492148013136e-12 7.652159563662912271e-12 8.490688414355478332e-12 1.053819217723549841e-11 1.069098124642227105e-11 1.033878073926980070e-11 9.776691115628256371e-12 1.541522967130598925e-11 1.508144999247411179e-11 1.415184359186125572e-12 -6.214663096824913938e-12
-2.071313295200451177e-12 1.982622200238157683e-12 1.671639113070752630e-12 1.224981953611955040e-12 4.817701245437162966e-12 3.781050330699035430e-12 6.369348199848116925e-12 1.432002233046904632e-11 2.202885296535899174e-11 1.616757374504610345e-11 1.429690165584548177e-11 1.161714259870349880e-11 1.177522590374048544e-11 1.146095965650316944e-11 1.105991015552353889e-11 9.972498387237039409e-12 1.215658359340042546e-11 1.377529937201047851e-11 1.661363445673124434e-11 1.730792685895129940e-11 1.733580115331846400e-11 1.285585583910505404e-11 1.862655018409845130e-11 1.943355062300615352e-11 6.767110333407226675e-12 -4.514895272681105959e-12
-4.394022340343126018e-12 3.181976258687760636e-13 -2.024003746737929865e-14 8.767704356530124817e-13 4.166670377831352672e-12 3.153092425115398192e-12 5.430214736775058639e-12 1.038620997842428662e-11 1.616757374504610345e-11 2.491255120946602591e-11 2.081199240474465006e-11 1.590559945101135198e-11 1.629472368147339588e-11 1.595286345415592737e-11 1.471350305773416902e-11 1.487332811220025297e-11 1.691841544745124279e-11 1.926417221402190162e-11 1.989910732345737731e-11 2.093520209350887816e-11 1.957764437025141124e-11 9.469985748022256887e-12 1.492718480867595550e-11 1.805467157056726304e-11 1.070064184332817907e-11 -3.777900329229195386e-15
-4.900271477872949046e-12 -2.046885702096175755e-12 -5.885116990705322801e-13 8.988283690576158535e-13 3.575779750597008513e-12 9.718404844237899275e-13 4.652503786184300151e-12 8.512710695616857968e-12 1.429690165584548177e-11 2.081199240474465006e-11 2.818976758748934558e-11 2.413445623431003208e-11 2.406012625815318229e-11 2.157314201428541629e-11 2.011441312845514261e-11 2.015268016638948907e-11 2.135306101595020595e-11 2.357754605291804559e-11 2.609755150547859255e-11 2.987090997942458463e-11 3.055765717309771527e-11 2.000251877177222127e-11 1.982975106926167382e-11 1.899773316725654245e-11 1.525020719360778643e-11 -1.051993721164132242e-12
-5.271034579853530937e-12 -3.483347806059516462e-12 -2.988190523778717821e-12 -7.257161914131917328e-14 4.037577634372271067e-12 1.580891223581002398e-12 4.325406540374355961e-12 6.851419643619653519e-12 1.161714259870349880e-11 1.590559945101135198e-11 2.413445623431003208e-11 3.114147588415011194e-11 3.206927261466538782e-11 2.910097110018101359e-11 2.633319037702856858e-11 2.626643041296197616e-11 2.696353028398862888e-11 3.050902533774926878e-11 3.287639405814184642e-11 3.705255303575573278e-11 3.487658612559386995e-11 1.680481533103212698e-11 1.315087154625927618e-11 1.090059440868073366e-11 1.751519719423446180e-11 1.202266089336088412e-11
-7.938559784284616411e-12 -4.062606622238112459e-12 -3.235964207667918111e-12 -1.682372538006111831e-12 2.402743495176847092e-12 4.219355644592525375e-13 3.295585225276708238e-12 6.493942214212528581e-12 1.177522590374048544e-11 1.629472368147339588e-11 2.406012625815318229e-11 3.206927261466538782e-11 4.541980000113903173e-11 4.448239706016301594e-11 4.192160164815673257e-11 4.461383648544548213e-11 4.642251179646944017e-11 5.257540410370717860e-11 5.766078991717488501e-11 6.154293872330230627e-11 5.656036894201665802e-11 2.646219131141596477e-11 1.556766966133197195e-11 1.191173656125172258e-11 1.856697759209522331e-11 1.245842568790930516e-11
-9.306246376399305436e-12 -4.976335640746512737e-12 2.665015799995752204e-13 -1.936179452834288346e-13 1.988055975706642880e-12 2.726344902790519418e-13 3.465840509556212829e-12 6.180556548666948055e-12 1.146095965650316944e-11 1.595286345415592737e-11 2.157314201428541629e-11 2.910097110018101359e-11 4.448239706016301594e-11 5.583289109822378577e-11 5.851788176353729101e-11 6.409337841837188210e-11 6.912793605329989541e-11 7.934572883690191564e-11 8.853082650260948252e-11 9.444321666992206952e-11 8.108269536989651088e-11 2.887086691175186722e-11 8.668574972608475176e-12 1.444419300653784592e-11 2.120698680004331961e-11 8.026165837366483779e-12
-7.306858892580050560e-12 -3.049944030639036172e-12 3.184279213545280219e-12 3.597707760485543331e-12 5.165892746717573538e-12 1.421058381749721780e-12 5.093440826354140127e-12 6.648613230364644445e-12 1.105991015552353889e-11 1.471350305773416902e-11 2.011441312845514261e-11 2.633319037702856858e-11 4.192160164815673257e-11 5.851788176353729101e-11 7.962841216207848161e-11 9.429797247329357177e-11 1.070266509820460350e-10 1.224383963672063060e-10 1.361835138153937999e-10 1.443331765514158949e-10 1.204900200263763348e-10 4.187384768905234984e-11 5.098026687441186109e-12 2.051397219587762358e-11 3.044918750675806076e-11 8.797077222938137542e-12
-6.409798260480620104e-12 4.308147405789182742e-13 4.898727920289575253e-12 4.700375024319071793e-12 5.977735418625466417e-12 3.579178868618921413e-12 6.420202494580556859e-12 5.858668492148013136e-12 9.972498387237039409e-12 1.487332811220025297e-11 2.015268016638948907e-11 2.626643041296197616e-11 4.461383648544548213e-11 6.409337841837188210e-11 9.429797247329357177e-11 1.331053503458070787e-10 1.621917105548145188e-10 1.894260556561760033e-10 2.102144917291086104e-10 2.233288388900970369e-10 1.911155895770168853e-10 7.528512366159356989e-11 7.335446872027594347e-12 2.751584541287110310e-11 4.160591502416297930e-11 1.386947513199530125e-11
-1.205684828675719755e-12 5.064519179648110666e-12 9.734163161033451186e-12 7.806611826014102264e-12 8.542243680292911303e-12 5.531311865748045087e-12 8.482142568843866130e-12 7.652159563662912271e-12 1.215658359340042546e-11 1.691841544745124279e-11 2.135306101595020595e-11 2.696353028398862888e-11 4.642251179646944017e-11 6.912793605329989541e-11 1.070266509820460350e-10 1.621917105548145188e-10 2.270368395795338681e-10 2.766465490667973813e-10 3.105799794134190760e-10 3.306881162023972362e-10 2.915216657583520157e-10 1.335608771984834979e-10 1.201283968937383284e-11 2.552166764473853121e-11 4.257843684611909219e-11 8.273048472637866714e-12
-1.184207947586421407e-13 9.410775307590066853e-12 1.535071505688588906e-11 1.006356716523313649e-11 1.194451552781763841e-11 9.324325290930561367e-12 1.125210252727989670e-11 8.490688414355478332e-12 1.377529937201047851e-11 1.926417221402190162e-11 2.357754605291804559e-11 3.050902533774926878e-11 5.257540410370717860e-11 7.934572883690191564e-11 1.224383963672063060e-10 1.894260556561760033e-10 2.766465490667973813e-10 3.682415499695670844e-10 4.278932184017860171e-10 4.562356661034647706e-10 4.121847405194984678e-10 2.166016323564876171e-10 2.918870676919268692e-11 2.621571454100338391e-11 3.831657271387426055e-11 -1.717237993789311188e-12
-3.116058913386467946e-12 1.236013099867684982e-11 2.361844074923031946e-11 1.155064609768423803e-11 1.508721707373085607e-11 1.317060802111963539e-11 1.564832093719850826e-11 1.053819217723549841e-11 1.661363445673124434e-11 1.989910732345737731e-11 2.609755150547859255e-11 3.287639405814184642e-11 5.766078991717488501e-11 8.853082650260948252e-11 1.361835138153937999e-10 2.102144917291086104e-10 3.105799794134190760e-10 4.278932184017860171e-10 5.385280887510985902e-10 5.993318147743989545e-10 5.622540498852122972e-10 3.435442496679721784e-10 8.384492332557298660e-11 4.141508826502683845e-11 4.219437103532315978e-11 -1.046310481674969257e-11
-8.376951796049753540e-13 1.066862427956781764e-11 2.644953869177186810e-11 1.489451562822088109e-11 2.008042193277733678e-11 1.610509524542593092e-11 1.659877745284689376e-11 1.069098124642227105e-11 1.730792685895129940e-11 2.093520209350887816e-11 2.987090997942458463e-11 3.705255303575573278e-11 6.154293872330230627e-11 9.444321666992206952e-11 1.443331765514158949e-10 2.233288388900970369e-10 3.306881162023972362e-10 4.562356661034647706e-10 5.993318147743989545e-10 7.386740961119174136e-10 7.482311163105671925e-10 5.315157411907883106e-10 1.969885826570874683e-10 6.882085564809746758e-11 5.188676313419457731e-11 -1.973207969026105123e-11
3.680823786116722004e-12 1.021126298152873054e-11 2.491268900893300694e-11 1.557601526055511682e-11 2.548683940730486605e-11 1.328666953593995565e-11 1.479962683370285144e-11 1.033878073926980070e-11 1.733580115331846400e-11 1.957764437025141124e-11 3.055765717309771527e-11 3.487658612559386995e-11 5.656036894201665802e-11 8.108269536989651088e-11 1.204900200263763348e-10 1.911155895770168853e-10 2.915216657583520157e-10 4.121847405194984678e-10 5.622540498852122972e-10 7.482311163105671925e-10 8.632988486899653734e-10 7.396876658765933804e-10 3.905671833058195914e-10 1.249661467311817472e-10 2.801930307073895652e-11 -3.834674768383212348e-11
3.392304628142047817e-12 5.779809056651931671e-12 1.310475585391506605e-11 9.523086590636486337e-12 2.305739219502692172e-11 8.076991679218067438e-12 4.601374418072800135e-12 9.776691115628256371e-12 1.285585583910505404e-11 9.469985748022256887e-12 2.000251877177222127e-11 1.680481533103212698e-11 2.646219131141596477e-11 2.887086691175186722e-11 4.187384768905234984e-11 7.528512366159356989e-11 1.335608771984834979e-10 2.166016323564876171e-10 3.435442496679721784e-10 5.315157411907883106e-10 7.396876658765933804e-10 8.550637910270216280e-10 6.271770405619449907e-10 2.441946856940042194e-10 -3.496437712436674927e-12 -5.504444118212383487e-11
2.531132917136191838e-12 1.004183454521038922e-11 -3.166441905029741460e-13 9.303884362600062024e-12 1.791763978897984011e-11 2.724330862213454677e-12 -1.812150181118330266e-12 1.541522967130598925e-11 1.862655018409845130e-11 1.492718480867595550e-11 1.982975106926167382e-11 1.315087154625927618e-11 1.556766966133197195e-11 8.668574972608475176e-12 5.098026687441186109e-12 7.335446872027594347e-12 1.201283968937383284e-11 2.918870676919268692e-11 8.384492332557298660e-11 1.969885826570874683e-10 3.905671833058195914e-10 6.271770405619449907e-10 7.114357927321602318e-10 4.464757463342552642e-10 6.256210897879261189e-11 -2.228197334127852724e-11
1.054316765206335484e-11 1.544921662366277040e-11 -2.006532581180794315e-12 1.893552556074691959e-11 1.386186106074068284e-11 5.991214436772498298e-12 -4.426989856729493356e-12 1.508144999247411179e-11 1.943355062300615352e-11 1.805467157056726304e-11 1.899773316725654245e-11 1.090059440868073366e-11 1.191173656125172258e-11 1.444419300653784592e-11 2.051397219587762358e-11 2.751584541287110310e-11 2.552166764473853121e-11 2.621571454100338391e-11 4.141508826502683845e-11 6.882085564809746758e-11 1.249661467311817472e-10 2.441946856940042194e-10 4.464757463342552642e-10 5.864246442277465991e-10 3.272451844631401241e-10 7.152739243010418301e-11
1.040958307385652006e-11 -1.005917967413946173e-11 -6.117792151561562663e-12 2.104922962801005991e-11 3.166989901556733679e-12 2.551882901234397312e-12 -4.108520627816788995e-12 1.415184359186125572e-12 6.767110333407226675e-12 1.070064184332817907e-11 1.525020719360778643e-11 1.751519719423446180e-11 1.856697759209522331e-11 2.120698680004331961e-11 3.044918750675806076e-11 4.160591502416297930e-11 4.257843684611909219e-11 3.831657271387426055e-11 4.219437103532315978e-11 5.188676313419457731e-11 2.801930307073895652e-11 -3.496437712436674927e-12 6.256210897879261189e-11 3.272451844631401241e-10 5.665838094563715624e-10 3.122021787059733936e-10
-3.981097592077885991e-12 -2.504404808140740545e-11 -3.377087304154706880e-11 -1.123603930482673726e-11 -1.021700494091943844e-11 -7.932277544952572985e-12 -6.577098389267622560e-12 -6.214663096824913938e-12 -4.514895272681105959e-12 -3.777900329229195386e-15 -1.051993721164132242e-12 1.202266089336088412e-11 1.245842568790930516e-11 8.026165837366483779e-12 8.797077222938137542e-12 1.386947513199530125e-11 8.273048472637866714e-12 -1.717237993789311188e-12 -1.046310481674969257e-11 -1.973207969026105123e-11 -3.834674768383212348e-11 -5.504444118212383487e-11 -2.228197334127852724e-11 7.152739243010418301e-11 3.122021787059733936e-10 5.204064086353502005e-10
