5.500148398220259631e-11 1.367044242569463688e-11 4.608000389703919724e-12 -2.311981915825271619e-12 -7.214292175803917968e-13 -1.279896684339974307e-12 -2.904304927310689126e-12 1.011087863527811558e-12 2.142766883848823956e-12 2.526882110011397078e-12 1.117898938723859463e-12 2.062521100972915442e-14 -1.358599714925631337e-12 -1.309976934854445460e-12 -8.100560227157188383e-13 -1.136493424455841244e-13 1.164916466580088390e-12 -1.282022259043214358e-12 -4.035594381776717330e-13 1.852709873065006056e-12 2.741980932019213677e-12 1.021892355192078636e-11 1.245039768274666014e-11 9.061569717777087540e-12 9.044738701183807484e-12 1.105104485211733408e-11
1.367044242569463688e-11 5.056333317449236334e-11 1.853640632620887001e-11 1.147179740520196173e-11 6.061701405380100955e-12 3.758260365870321142e-12 2.564128468794068800e-12 1.203038933688186224e-12 1.559806859490804578e-12 1.065790264717191590e-12 -6.411691283928648364e-13 -3.371740583392350997e-12 -3.570463721707782231e-12 -2.221183469526035785e-12 1.015153617378940703e-12 4.285939766973702618e-12 5.072169259006208573e-12 7.331463486311676631e-12 8.032051277327905377e-12 3.845496974878735638e-12 3.918651576669153308e-12 8.635050320511396526e-13 -2.685312218933520766e-13 9.322411829352884796e-12 4.783028940076142804e-12 -9.457327393966564570e-12
4.608000389703919724e-12 1.853640632620887001e-11 4.303727378769097473e-11 1.144000412166918731e-11 3.909032346134950624e-12 2.255307887512116098e-12 3.100136468315121846e-12 1.765774116334971695e-12 1.494285720582443194e-12 3.181493483900270322e-12 2.496525225697613489e-12 3.762692838418901348e-13 4.771792974343314022e-13 1.152045949827120068e-12 2.457271911500503674e-12 1.257758096288318613e-12 -8.953448603338444792e-13 -3.975990794194230480e-12 -1.230070416714020602e-12 -2.751083959627796160e-12 -1.656623245451621508e-12 7.217067585202757561e-13 2.351105115866358795e-13 -2.475941751473677848e-12 4.005743414509253823e-12 1.260582306933145633e-11
-2.311981915825271619e-12 1.147179740520196173e-11 1.144000412166918731e-11 3.643609497882972763e-11 1.454017470548913795e-11 7.711542446733430113e-12 5.540344277971127992e-12 2.391645533895129585e-12 3.813908565259082573e-12 2.705500486691033933e-12 3.109419028633036760e-12 9.613270301728416168e-13 -8.586512400692835560e-13 -1.141998062374649697e-12 -6.963966766549313662e-13 -2.381212154488705830e-12 -1.576303458367119941e-12 -3.977078985381914047e-12 -2.928520023002131568e-12 -2.548493143090738845e-12 -3.829406153918488995e-13 5.238983844351318659e-12 1.103420526626795166e-11 1.529393840437370946e-11 1.100899678827967973e-11 1.416710846474601238e-11
-7.214292175803917968e-13 6.061701405380100955e-12 3.909032346134950624e-12 1.454017470548913795e-11 2.585162832673223780e-11 1.233892393825300168e-11 6.291032755905080911e-12 4.075067092001308339e-12 4.249406013057597165e-12 2.109133235567520470e-12 2.577977128173060229e-12 3.302170557239179545e-12 1.624386798941499095e-12 2.112517436964716910e-12 2.889638453405940111e-12 1.861700179666456762e-12 3.384857848234115753e-12 3.769430705834379131e-12 6.294737353990608848e-12 9.217951949840420614e-12 1.010020802719620724e-11 1.081896261577412755e-11 4.191204287837352168e-12 -4.554086635143027718e-12 -3.106548795489623771e-13 4.644470496920618409e-12
-1.279896684339974307e-12 3.758260365870321142e-12 2.255307887512116098e-12 7.711542446733430113e-12 1.233892393825300168e-11 2.438043585178867982e-11 1.318863767048740150e-11 9.243559982087912992e-12 8.367374778159647428e-12 3.632615793128087932e-12 2.055465515715886532e-12 1.966182184888277442e-12 2.032027457281739512e-12 1.052542494427736684e-12 2.123265649778672249e-12 3.619944303195343050e-12 5.068617442680785253e-12 2.377881520549673019e-12 1.860272655137475021e-12 5.657832198225973441e-12 6.292422715243678031e-12 4.353180760503843820e-12 3.335903055178555840e-12 -1.761411459142134519e-12 9.983671050421859092e-13 6.137599742550010613e-12
-2.904304927310689126e-12 2.564128468794068800e-12 3.100136468315121846e-12 5.540344277971127992e-12 6.291032755905080911e-12 1.318863767048740150e-11 2.001682169084980531e-11 1.217329447894559607e-11 1.003962745115720129e-11 6.400375982408758606e-12 4.286611138766559222e-12 2.817918584482590695e-12 2.482411385368105261e-12 9.885061640511169291e-13 1.368756620002857109e-12 2.907144418157411925e-12 5.688061252404938585e-12 4.608335975927459934e-12 4.638508228094653498e-12 8.474329539659517795e-12 1.121674759263507228e-11 8.545250991107828546e-12 6.543624603514348090e-12 1.470729125173420591e-12 4.896533717781621781e-12 9.715648113379615934e-13
1.011087863527811558e-12 1.203038933688186224e-12 1.765774116334971695e-12 2.391645533895129585e-12 4.075067092001308339e-12 9.243559982087912992e-12 1.217329447894559607e-11 1.886146565683293950e-11 1.448392774514860870e-11 1.044174131405394102e-11 7.852080773513815583e-12 6.397164070114742899e-12 4.563786720569310458e-12 3.850193846443673854e-12 4.215575553810560521e-12 7.603960687296806634e-12 9.452043987772675223e-12 8.154738599038847678e-12 9.494715569619009197e-12 9.777096434569346320e-12 6.059018269659423869e-12 -9.232309291352713923e-13 -6.139910931616126951e-12 -8.539661673336087164e-12 -4.075312498301906203e-12 -5.221906582766887843e-12
2.142766883848823956e-12 1.559806859490804578e-12 1.494285720582443194e-12 3.813908565259082573e-12 4.249406013057597165e-12 8.367374778159647428e-12 1.003962745115720129e-11 1.448392774514860870e-11 2.295466723724334984e-11 1.679896602670868654e-11 1.205535501332718222e-11 1.013901206876697034e-11 7.749682141813810079e-12 7.203783266056968007e-12 6.392104885445439858e-12 8.220428751766108587e-12 1.202953829558049463e-11 1.010689532104610233e-11 1.011457802349253601e-11 1.085595132368802365e-11 7.851702864703697396e-12 1.909445344484745244e-12 -4.452632116577000158e-13 -3.944463471404706646e-12 -4.502335758687094362e-12 -5.083792245769393821e-12
2.526882110011397078e-12 1.065790264717191590e-12 3.181493483900270322e-12 2.705500486691033933e-12 2.109133235567520470e-12 3.632615793128087932e-12 6.400375982408758606e-12 1.044174131405394102e-11 1.679896602670868654e-11 2.181241274285143600e-11 1.731181712662812166e-11 1.302315842659215700e-11 1.037161395950816319e-11 9.516199615325608139e-12 7.344439488555175361e-12 8.141829783373994561e-12 1.004431606430006932e-11 7.952071550441691171e-12 7.965105749773032369e-12 8.952348889421293056e-12 8.334212607091865873e-12 2.713839651547658840e-12 -3.991855217326822512e-13 -6.006656144849922588e-12 -2.406810386126617794e-12 -7.990896331355460592e-12
1.117898938723859463e-12 -6.411691283928648364e-13 2.496525225697613489e-12 3.109419028633036760e-12 2.577977128173060229e-12 2.055465515715886532e-12 4.286611138766559222e-12 7.852080773513815583e-12 1.205535501332718222e-11 1.731181712662812166e-11 2.330950925454198177e-11 1.979008993199291028e-11 1.576564322787216708e-11 1.411962119896288016e-11 1.231483520123940910e-11 1.196830098535538439e-11 1.250412772821288365e-11 1.186408006682167711e-11 1.162560393060782321e-11 1.253341034717765350e-11 8.956460699724651836e-12 -1.520118751675352826e-12 -5.679122542563170499e-12 -8.964060580916471938e-12 -6.079061446289537755e-12 -8.130706437641181070e-12
2.062521100972915442e-14 -3.371740583392350997e-12 3.762692838418901348e-13 9.613270301728416168e-13 3.302170557239179545e-12 1.966182184888277442e-12 2.817918584482590695e-12 6.397164070114742899e-12 1.013901206876697034e-11 1.302315842659215700e-11 1.979008993199291028e-11 2.798775271848710229e-11 2.576182490651922062e-11 2.318621722252015710e-11 2.056807290440976980e-11 1.896536542568289836e-11 1.848460471262677887e-11 1.740982073838207649e-11 1.628186266449250339e-11 1.740806912349562065e-11 1.050167844935106596e-11 -4.528993850178327975e-12 -6.218920322159170271e-12 -8.235434852820810441e-12 -8.163900601527340859e-12 -3.863774149215248923e-12
-1.358599714925631337e-12 -3.570463721707782231e-12 4.771792974343314022e-13 -8.586512400692835560e-13 1.624386798941499095e-12 2.032027457281739512e-12 2.482411385368105261e-12 4.563786720569310458e-12 7.749682141813810079e-12 1.037161395950816319e-11 1.576564322787216708e-11 2.576182490651922062e-11 3.624233128765657246e-11 3.461916031564669225e-11 3.159863151855732639e-11 2.954136288406970068e-11 2.837061543612037091e-11 2.859508699754103212e-11 2.857413855951237755e-11 2.966030318854600883e-11 1.914711461302220242e-11 -4.093923585241651564e-12 -5.041597290802798389e-12 -2.037881171457197622e-12 -8.671043449160549558e-12 -6.983026922021227926e-12
-1.309976934854445460e-12 -2.221183469526035785e-12 1.152045949827120068e-12 -1.141998062374649697e-12 2.112517436964716910e-12 1.052542494427736684e-12 9.885061640511169291e-13 3.850193846443673854e-12 7.203783266056968007e-12 9.516199615325608139e-12 1.411962119896288016e-11 2.318621722252015710e-11 3.461916031564669225e-11 4.691995846642105204e-11 4.815248574913493559e-11 4.777254837623660463e-11 4.708984648145845024e-11 4.770075221348727878e-11 4.893497069354197745e-11 5.073724657758429496e-11 3.770098563702057492e-11 1.785571254475784981e-12 -4.820749585008236540e-12 -7.020131412701069214e-13 -6.536104495411301340e-12 -4.223520194555469617e-12
-8.100560227157188383e-13 1.015153617378940703e-12 2.457271911500503674e-12 -6.963966766549313662e-13 2.889638453405940111e-12 2.123265649778672249e-12 1.368756620002857109e-12 4.215575553810560521e-12 6.392104885445439858e-12 7.344439488555175361e-12 1.231483520123940910e-11 2.056807290440976980e-11 3.159863151855732639e-11 4.815248574913493559e-11 6.499336396500103502e-11 6.911802900189016819e-11 6.911021300281686778e-11 6.992190602682476064e-11 7.173847084085314367e-11 7.707294355664989860e-11 6.415552820345829829e-11 1.447240747401404502e-11 -3.318439362733609638e-12 -3.869417311005847210e-12 -4.443960436662269835e-12 -3.086262764537621102e-12
-1.136493424455841244e-13 4.285939766973702618e-12 1.257758096288318613e-12 -2.381212154488705830e-12 1.861700179666456762e-12 3.619944303195343050e-12 2.907144418157411925e-12 7.603960687296806634e-12 8.220428751766108587e-12 8.141829783373994561e-12 1.196830098535538439e-11 1.896536542568289836e-11 2.954136288406970068e-11 4.777254837623660463e-11 6.911802900189016819e-11 8.944140875159023933e-11 9.599862385682436622e-11 9.999318035671526309e-11 1.044029897335921276e-10 1.134717319655146092e-10 1.022666752688622491e-10 4.087233925707145222e-11 6.423107589347846265e-12 7.029354699658072109e-13 -5.686059874577937187e-12 -8.317389415779559516e-12
1.164916466580088390e-12 5.072169259006208573e-12 -8.953448603338444792e-13 -1.576303458367119941e-12 3.384857848234115753e-12 5.068617442680785253e-12 5.688061252404938585e-12 9.452043987772675223e-12 1.202953829558049463e-11 1.004431606430006932e-11 1.250412772821288365e-11 1.848460471262677887e-11 2.837061543612037091e-11 4.708984648145845024e-11 6.911021300281686778e-11 9.599862385682436622e-11 1.200612365699194671e-10 1.296369865968195065e-10 1.369145672493758279e-10 1.503019427626322556e-10 1.395376719880375893e-10 6.774920453893837857e-11 1.465181428387548681e-11 3.849106068871881001e-12 -9.120296168141558407e-12 -1.414062357148771804e-11
-1.282022259043214358e-12 7.331463486311676631e-12 -3.975990794194230480e-12 -3.977078985381914047e-12 3.769430705834379131e-12 2.377881520549673019e-12 4.608335975927459934e-12 8.154738599038847678e-12 1.010689532104610233e-11 7.952071550441691171e-12 1.186408006682167711e-11 1.740982073838207649e-11 2.859508699754103212e-11 4.770075221348727878e-11 6.992190602682476064e-11 9.999318035671526309e-11 1.296369865968195065e-10 1.612504002204237652e-10 1.782965309698807916e-10 1.951870677054866992e-10 1.845852235631904125e-10 1.023312654324901784e-10 2.464477138914876665e-11 6.694888460013162956e-12 -1.418324527254820745e-11 -1.759275208149307107e-11
-4.035594381776717330e-13 8.032051277327905377e-12 -1.230070416714020602e-12 -2.928520023002131568e-12 6.294737353990608848e-12 1.860272655137475021e-12 4.638508228094653498e-12 9.494715569619009197e-12 1.011457802349253601e-11 7.965105749773032369e-12 1.162560393060782321e-11 1.628186266449250339e-11 2.857413855951237755e-11 4.893497069354197745e-11 7.173847084085314367e-11 1.044029897335921276e-10 1.369145672493758279e-10 1.782965309698807916e-10 2.221882007909837628e-10 2.533276291937000961e-10 2.471538419063526619e-10 1.582379175818707093e-10 5.143404247081988017e-11 1.689902290697497037e-11 -1.210299285774829727e-11 -2.067871426927499421e-11
1.852709873065006056e-12 3.845496974878735638e-12 -2.751083959627796160e-12 -2.548493143090738845e-12 9.217951949840420614e-12 5.657832198225973441e-12 8.474329539659517795e-12 9.777096434569346320e-12 1.085595132368802365e-11 8.952348889421293056e-12 1.253341034717765350e-11 1.740806912349562065e-11 2.966030318854600883e-11 5.073724657758429496e-11 7.707294355664989860e-11 1.134717319655146092e-10 1.503019427626322556e-10 1.951870677054866992e-10 2.533276291937000961e-10 3.297815003100721010e-10 3.484315498113865695e-10 2.578819329853939970e-10 1.181505063922452936e-10 3.721494244584931912e-11 -3.810774715267544605e-12 -1.833204475626275145e-11
2.741980932019213677e-12 3.918651576669153308e-12 -1.656623245451621508e-12 -3.829406153918488995e-13 1.010020802719620724e-11 6.292422715243678031e-12 1.121674759263507228e-11 6.059018269659423869e-12 7.851702864703697396e-12 8.334212607091865873e-12 8.956460699724651836e-12 1.050167844935106596e-11 1.914711461302220242e-11 3.770098563702057492e-11 6.415552820345829829e-11 1.022666752688622491e-10 1.395376719880375893e-10 1.845852235631904125e-10 2.471538419063526619e-10 3.484315498113865695e-10 4.408672386134344220e-10 3.957691619585081437e-10 2.397466721725751733e-10 7.079097683632657072e-11 -6.040026681155787001e-12 -2.009567293299711694e-11
1.021892355192078636e-11 8.635050320511396526e-13 7.217067585202757561e-13 5.238983844351318659e-12 1.081896261577412755e-11 4.353180760503843820e-12 8.545250991107828546e-12 -9.232309291352713923e-13 1.909445344484745244e-12 2.713839651547658840e-12 -1.520118751675352826e-12 -4.528993850178327975e-12 -4.093923585241651564e-12 1.785571254475784981e-12 1.447240747401404502e-11 4.087233925707145222e-11 6.774920453893837857e-11 1.023312654324901784e-10 1.582379175818707093e-10 2.578819329853939970e-10 3.957691619585081437e-10 4.837196909022215329e-10 3.855430975097565326e-10 1.501135638264269550e-10 3.968577994491610527e-12 -1.365197301895420008e-11
1.245039768274666014e-11 -2.685312218933520766e-13 2.351105115866358795e-13 1.103420526626795166e-11 4.191204287837352168e-12 3.335903055178555840e-12 6.543624603514348090e-12 -6.139910931616126951e-12 -4.452632116577000158e-13 -3.991855217326822512e-13 -5.679122542563170499e-12 -6.218920322159170271e-12 -5.041597290802798389e-12 -4.820749585008236540e-12 -3.318439362733609638e-12 6.423107589347846265e-12 1.465181428387548681e-11 2.464477138914876665e-11 5.143404247081988017e-11 1.181505063922452936e-10 2.397466721725751733e-10 3.855430975097565326e-10 4.470402960880187941e-10 2.753463100537942309e-10 5.822846227933407801e-11 9.351337681268532491e-12
9.061569717777087540e-12 9.322411829352884796e-12 -2.475941751473677848e-12 1.529393840437370946e-11 -4.554086635143027718e-12 -1.761411459142134519e-12 1.470729125173420591e-12 -8.539661673336087164e-12 -3.944463471404706646e-12 -6.006656144849922588e-12 -8.964060580916471938e-12 -8.235434852820810441e-12 -2.037881171457197622e-12 -7.020131412701069214e-13 -3.869417311005847210e-12 7.029354699658072109e-13 3.849106068871881001e-12 6.694888460013162956e-12 1.689902290697497037e-11 3.721494244584931912e-11 7.079097683632657072e-11 1.501135638264269550e-10 2.753463100537942309e-10 3.463133056019134362e-10 1.930158218459668479e-10 3.868918563318554201e-11
9.044738701183807484e-12 4.783028940076142804e-12 4.005743414509253823e-12 1.100899678827967973e-11 -3.106548795489623771e-13 9.983671050421859092e-13 4.896533717781621781e-12 -4.075312498301906203e-12 -4.502335758687094362e-12 -2.406810386126617794e-12 -6.079061446289537755e-12 -8.163900601527340859e-12 -8.671043449160549558e-12 -6.536104495411301340e-12 -4.443960436662269835e-12 -5.686059874577937187e-12 -9.120296168141558407e-12 -1.418324527254820745e-11 -1.210299285774829727e-11 -3.810774715267544605e-12 -6.040026681155787001e-12 3.968577994491610527e-12 5.822846227933407801e-11 1.930158218459668479e-10 2.991301752750198044e-10 1.585403711025674914e-10
1.105104485211733408e-11 -9.457327393966564570e-12 1.260582306933145633e-11 1.416710846474601238e-11 4.644470496920618409e-12 6.137599742550010613e-12 9.715648113379615934e-13 -5.221906582766887843e-12 -5.083792245769393821e-12 -7.990896331355460592e-12 -8.130706437641181070e-12 -3.863774149215248923e-12 -6.983026922021227926e-12 -4.223520194555469617e-12 -3.086262764537621102e-12 -8.317389415779559516e-12 -1.414062357148771804e-11 -1.759275208149307107e-11 -2.067871426927499421e-11 -1.833204475626275145e-11 -2.009567293299711694e-11 -1.365197301895420008e-11 9.351337681268532491e-12 3.868918563318554201e-11 1.585403711025674914e-10 3.351955606922504061e-10
