3.589438693407150957e-12 1.871722732323244415e-12 1.144696390349114663e-12 7.624270162897354542e-13 1.922351201516606592e-13 1.461788243982804965e-13 -1.357450123098959895e-14 1.841399093253841671e-13 1.877589192119924199e-13 5.188629295710707920e-13 4.947528677087225148e-13 6.451281504486873625e-13 7.552619203875623014e-13 1.170948354178696765e-12 1.724763446902956609e-12 2.485406722235709953e-12 3.506902210844523208e-12 4.793532538059168766e-12 5.664689844031408096e-12 6.958859125034883753e-12
1.871722732323244415e-12 3.034305875529254899e-12 1.801522835615927936e-12 1.083799241782970213e-12 5.191645985561811925e-13 4.377493545276186284e-13 2.303269121714727534e-13 2.671078541158075122e-13 4.351484684045237998e-13 8.142186025842793840e-13 8.292029755081343054e-13 1.145420287670366435e-12 1.357815656380137241e-12 1.583502163307213272e-12 1.607087455565551580e-12 2.093516134205188100e-12 2.482220237681477323e-12 3.149065681574886254e-12 3.222944707879100397e-12 3.849582176242853698e-12
1.144696390349114663e-12 1.801522835615927936e-12 2.733940324521058131e-12 1.569008695134995038e-12 7.382879594598040981e-13 4.793999546584684859e-13 4.275371579564306271e-13 2.955072210675915302e-13 3.013343818293663525e-13 4.369271355441106417e-13 2.125769233359231195e-13 2.841911536563728515e-13 3.730599627151661223e-13 2.433016179839429140e-13 1.948556387988735178e-14 2.565260366728480168e-13 2.527963041392916840e-13 3.674684241003728232e-13 3.937907058306566233e-13 9.326111640779394513e-14
7.624270162897354542e-13 1.083799241782970213e-12 1.569008695134995038e-12 2.147321921824302251e-12 1.346667604448457967e-12 8.493398436430654029e-13 5.484004263737271855e-13 2.738300134321951016e-13 3.857392462255868823e-13 5.420820567939405453e-13 5.527630582711229372e-13 5.922846834202882255e-13 6.831545380964528243e-13 6.884036647151660210e-13 5.393500796170305273e-13 9.667926797854683407e-13 1.759106096482019973e-12 2.604003663372887900e-12 2.786369200554239196e-12 2.693653774314203958e-12
1.922351201516606592e-13 5.191645985561811925e-13 7.382879594598040981e-13 1.346667604448457967e-12 2.001721446872727883e-12 1.477964921451463139e-12 8.004497911465324966e-13 5.459275397570267930e-13 5.112065838845618148e-13 6.789828204920941821e-13 8.802291445648867891e-13 8.625738217001516829e-13 9.327558586369142606e-13 1.009623881628224208e-12 7.799812623918184643e-13 9.792852473738601300e-13 1.920484556492490659e-12 2.737739648962877277e-12 2.867587445577104487e-12 2.976169863695585119e-12
1.461788243982804965e-13 4.377493545276186284e-13 4.793999546584684859e-13 8.493398436430654029e-13 1.477964921451463139e-12 2.089700655333735556e-12 1.409462803644504601e-12 1.133250661031263700e-12 1.059122121095202890e-12 1.165181947810646187e-12 1.337789773790286693e-12 1.408691868859971397e-12 1.566156455962963518e-12 1.667968937369286685e-12 1.340301613599980756e-12 1.481155690158807548e-12 2.595900349512310866e-12 3.578372294313357394e-12 4.119158651974910694e-12 4.569824463656198326e-12
-1.357450123098959895e-14 2.303269121714727534e-13 4.275371579564306271e-13 5.484004263737271855e-13 8.004497911465324966e-13 1.409462803644504601e-12 1.954559436374335002e-12 1.644095057515484359e-12 1.431767036317352831e-12 1.564615878309369991e-12 1.697920532584776080e-12 1.857137566966414333e-12 2.072694147202299169e-12 2.355138375301047972e-12 2.385735133539026159e-12 2.645883706151362296e-12 3.442409449222338906e-12 4.165653264845698820e-12 4.854647366529402156e-12 5.446184634609528396e-12
1.841399093253841671e-13 2.671078541158075122e-13 2.955072210675915302e-13 2.738300134321951016e-13 5.459275397570267930e-13 1.133250661031263700e-12 1.644095057515484359e-12 2.355420337783088698e-12 2.208606505232018567e-12 2.397916360947940040e-12 2.728235846428990333e-12 2.971894719494786345e-12 3.234039020314967820e-12 3.352055776638694615e-12 3.250522698196148609e-12 3.251938496155142857e-12 3.598732127309753196e-12 4.494062014719149371e-12 5.487313168894185076e-12 6.386908776794843791e-12
1.877589192119924199e-13 4.351484684045237998e-13 3.013343818293663525e-13 3.857392462255868823e-13 5.112065838845618148e-13 1.059122121095202890e-12 1.431767036317352831e-12 2.208606505232018567e-12 3.053179116684503977e-12 3.281157019772875694e-12 3.520945154649253334e-12 3.745297169568021432e-12 4.137644661770782930e-12 4.163678227741203516e-12 3.886802495555954981e-12 3.591277104246025080e-12 3.596362369799254565e-12 4.399444732909465458e-12 5.101965291452590090e-12 5.673597849862701699e-12
5.188629295710707920e-13 8.142186025842793840e-13 4.369271355441106417e-13 5.420820567939405453e-13 6.789828204920941821e-13 1.165181947810646187e-12 1.564615878309369991e-12 2.397916360947940040e-12 3.281157019772875694e-12 4.541722261293475340e-12 5.017586848923088015e-12 5.421801375671434142e-12 6.139940352932258728e-12 6.396454743880123411e-12 6.195949767965911273e-12 6.056132706122653477e-12 6.139891569830275161e-12 6.527731545750730159e-12 6.611236167525384971e-12 7.269709496216586388e-12
4.947528677087225148e-13 8.292029755081343054e-13 2.125769233359231195e-13 5.527630582711229372e-13 8.802291445648867891e-13 1.337789773790286693e-12 1.697920532584776080e-12 2.728235846428990333e-12 3.520945154649253334e-12 5.017586848923088015e-12 6.817389099682381809e-12 7.834241411887625385e-12 9.060797029881890146e-12 9.883765821344678385e-12 1.042587228550178407e-11 1.126865162761271760e-11 1.272600076441984797e-11 1.444959696669233755e-11 1.530494799005443085e-11 1.717764061565799004e-11
6.451281504486873625e-13 1.145420287670366435e-12 2.841911536563728515e-13 5.922846834202882255e-13 8.625738217001516829e-13 1.408691868859971397e-12 1.857137566966414333e-12 2.971894719494786345e-12 3.745297169568021432e-12 5.421801375671434142e-12 7.834241411887625385e-12 1.053916249740786267e-11 1.261947244368487017e-11 1.451592342172294323e-11 1.632050820595235056e-11 1.810634779145983943e-11 2.033912108368991855e-11 2.267634309195391892e-11 2.389214960879161917e-11 2.681251910669283387e-11
7.552619203875623014e-13 1.357815656380137241e-12 3.730599627151661223e-13 6.831545380964528243e-13 9.327558586369142606e-13 1.566156455962963518e-12 2.072694147202299169e-12 3.234039020314967820e-12 4.137644661770782930e-12 6.139940352932258728e-12 9.060797029881890146e-12 1.261947244368487017e-11 1.671023519052828090e-11 2.036551513446258256e-11 2.385115513553344791e-11 2.636997515760932686e-11 2.925992872614732635e-11 3.236711678398600638e-11 3.442215201671206371e-11 3.905753126999953427e-11
1.170948354178696765e-12 1.583502163307213272e-12 2.433016179839429140e-13 6.884036647151660210e-13 1.009623881628224208e-12 1.667968937369286685e-12 2.355138375301047972e-12 3.352055776638694615e-12 4.163678227741203516e-12 6.396454743880123411e-12 9.883765821344678385e-12 1.451592342172294323e-11 2.036551513446258256e-11 2.756236337933419824e-11 3.433225132459828669e-11 3.873074745388453878e-11 4.284989724631034455e-11 4.714826980944958498e-11 5.054751333785139552e-11 5.770569793113089871e-11
1.724763446902956609e-12 1.607087455565551580e-12 1.948556387988735178e-14 5.393500796170305273e-13 7.799812623918184643e-13 1.340301613599980756e-12 2.385735133539026159e-12 3.250522698196148609e-12 3.886802495555954981e-12 6.195949767965911273e-12 1.042587228550178407e-11 1.632050820595235056e-11 2.385115513553344791e-11 3.433225132459828669e-11 4.602719582760899957e-11 5.412693991897196162e-11 6.146476565140689523e-11 6.854606616191926303e-11 7.417994029876904260e-11 8.476260542262420221e-11
2.485406722235709953e-12 2.093516134205188100e-12 2.565260366728480168e-13 9.667926797854683407e-13 9.792852473738601300e-13 1.481155690158807548e-12 2.645883706151362296e-12 3.251938496155142857e-12 3.591277104246025080e-12 6.056132706122653477e-12 1.126865162761271760e-11 1.810634779145983943e-11 2.636997515760932686e-11 3.873074745388453878e-11 5.412693991897196162e-11 6.971774121738297524e-11 8.542336025841245286e-11 9.941792474569070248e-11 1.097333046011027287e-10 1.255263100271822221e-10
3.506902210844523208e-12 2.482220237681477323e-12 2.527963041392916840e-13 1.759106096482019973e-12 1.920484556492490659e-12 2.595900349512310866e-12 3.442409449222338906e-12 3.598732127309753196e-12 3.596362369799254565e-12 6.139891569830275161e-12 1.272600076441984797e-11 2.033912108368991855e-11 2.925992872614732635e-11 4.284989724631034455e-11 6.146476565140689523e-11 8.542336025841245286e-11 1.170133148583346952e-10 1.470516606291312149e-10 1.684119506112700756e-10 1.944614796726825583e-10
4.793532538059168766e-12 3.149065681574886254e-12 3.674684241003728232e-13 2.604003663372887900e-12 2.737739648962877277e-12 3.578372294313357394e-12 4.165653264845698820e-12 4.494062014719149371e-12 4.399444732909465458e-12 6.527731545750730159e-12 1.444959696669233755e-11 2.267634309195391892e-11 3.236711678398600638e-11 4.714826980944958498e-11 6.854606616191926303e-11 9.941792474569070248e-11 1.470516606291312149e-10 2.037094395994316362e-10 2.490546608746568091e-10 2.929424544223382647e-10
5.664689844031408096e-12 3.222944707879100397e-12 3.937907058306566233e-13 2.786369200554239196e-12 2.867587445577104487e-12 4.119158651974910694e-12 4.854647366529402156e-12 5.487313168894185076e-12 5.101965291452590090e-12 6.611236167525384971e-12 1.530494799005443085e-11 2.389214960879161917e-11 3.442215201671206371e-11 5.054751333785139552e-11 7.417994029876904260e-11 1.097333046011027287e-10 1.684119506112700756e-10 2.490546608746568091e-10 3.296662538923619142e-10 4.054305571299695075e-10
6.958859125034883753e-12 3.849582176242853698e-12 9.326111640779394513e-14 2.693653774314203958e-12 2.976169863695585119e-12 4.569824463656198326e-12 5.446184634609528396e-12 6.386908776794843791e-12 5.673597849862701699e-12 7.269709496216586388e-12 1.717764061565799004e-11 2.681251910669283387e-11 3.905753126999953427e-11 5.770569793113089871e-11 8.476260542262420221e-11 1.255263100271822221e-10 1.944614796726825583e-10 2.929424544223382647e-10 4.054305571299695075e-10 5.315132203146740123e-10
