7.525784490493106235e-07 5.719246331354705054e-07 5.262947018584963630e-07 4.773816514146098269e-07 4.958369882704494717e-07 4.519850175751334017e-07 4.571783214344988570e-07 4.254024830816308332e-07 3.961691491318537178e-07 3.524293868510031853e-07 3.396664521133331315e-07 3.089788195669347245e-07 2.851589702936325107e-07 2.553859944727251036e-07 2.176696030075376722e-07 1.861760872102522489e-07 1.658473372430965179e-07 1.429886528906205404e-07 1.488434837497934689e-07 1.560541248937502575e-07
5.719246331354705054e-07 6.540856239976034896e-07 5.254869319873223691e-07 4.809548675071110039e-07 5.096577930241757632e-07 4.834215860188371190e-07 4.950367678043906513e-07 4.634134947880284871e-07 4.339916327829150689e-07 3.963963218898702335e-07 3.810342655937495333e-07 3.498065883130012705e-07 3.300841023021041001e-07 3.028380494385088980e-07 2.745713617335041850e-07 2.565264510467864721e-07 2.468759224733758784e-07 2.421271018676056609e-07 2.610419985919454896e-07 2.851906254642094374e-07
5.262947018584963630e-07 5.254869319873223691e-07 5.907202021028534404e-07 4.789721442740927169e-07 4.942528833450805324e-07 4.567058771888706561e-07 4.599293443647920689e-07 4.241351862158141405e-07 3.992607777944027165e-07 3.682980559976901129e-07 3.521636382539365202e-07 3.236336245346143314e-07 2.971610956204942473e-07 2.659507844555755665e-07 2.392393402667920899e-07 2.248648681965998607e-07 2.060096490484066892e-07 1.931791165696577773e-07 2.008567767415488816e-07 2.103417601934415941e-07
4.773816514146098269e-07 4.809548675071110039e-07 4.789721442740927169e-07 5.106207771698358385e-07 4.882975684831215640e-07 4.517734498481171419e-07 4.510900726359557194e-07 4.320960532508683822e-07 4.090068588779509389e-07 3.814142505948053658e-07 3.692557731757812320e-07 3.465087070222022344e-07 3.276391183586836895e-07 3.037645982104726706e-07 2.810416222692701211e-07 2.668726220405150041e-07 2.566385130829322080e-07 2.573626453136563888e-07 2.728901984450451732e-07 2.905754871125405952e-07
4.958369882704494717e-07 5.096577930241757632e-07 4.942528833450805324e-07 4.882975684831215640e-07 5.591263417562309288e-07 4.901406492196063597e-07 4.888260439759113491e-07 4.612726524582945732e-07 4.382860233438607693e-07 4.159592703335493714e-07 4.047588726194542166e-07 3.843708426186835358e-07 3.683320533647303748e-07 3.410784821920951942e-07 3.178926104037370247e-07 3.104532880724159104e-07 3.013491034677461093e-07 2.974604177548767638e-07 3.070975754683267217e-07 3.127879866419577312e-07
4.519850175751334017e-07 4.834215860188371190e-07 4.567058771888706561e-07 4.517734498481171419e-07 4.901406492196063597e-07 4.925043770804959152e-07 4.777794936367477483e-07 4.440418391598134632e-07 4.222184809520471624e-07 3.960946089041943122e-07 3.846694386077969507e-07 3.611506615701364377e-07 3.426634954594452272e-07 3.147413154803443147e-07 2.896950228440796095e-07 2.762464569463678467e-07 2.624021605351187496e-07 2.564330549438628302e-07 2.697048495441677939e-07 2.776257865307679362e-07
4.571783214344988570e-07 4.950367678043906513e-07 4.599293443647920689e-07 4.510900726359557194e-07 4.888260439759113491e-07 4.777794936367477483e-07 5.041238484787509357e-07 4.649826741129661743e-07 4.383109212182065046e-07 4.122025565777415387e-07 3.989396023550954117e-07 3.763137026838944495e-07 3.563771115994469848e-07 3.321093075417083291e-07 3.115851817561827761e-07 3.022941765377753916e-07 2.895262508372252337e-07 2.817685801960024696e-07 2.935246249155515489e-07 3.038026284215281279e-07
4.254024830816308332e-07 4.634134947880284871e-07 4.241351862158141405e-07 4.320960532508683822e-07 4.612726524582945732e-07 4.440418391598134632e-07 4.649826741129661743e-07 4.609411575362114131e-07 4.321351716843081338e-07 4.074779965166775806e-07 3.992433228874405485e-07 3.786581839234944034e-07 3.624321452842782289e-07 3.409459695677764891e-07 3.231597844907298620e-07 3.168849439000809796e-07 3.086814157563621265e-07 3.049169536736787259e-07 3.212926208714466223e-07 3.396191400902964884e-07
3.961691491318537178e-07 4.339916327829150689e-07 3.992607777944027165e-07 4.090068588779509389e-07 4.382860233438607693e-07 4.222184809520471624e-07 4.383109212182065046e-07 4.321351716843081338e-07 4.275948383268920435e-07 4.042140712099767562e-07 3.976485252997620618e-07 3.797681932146956163e-07 3.658788175912720252e-07 3.500862293835125493e-07 3.348155619179141144e-07 3.301276104941534276e-07 3.201375536297798199e-07 3.132458436318475995e-07 3.283176313050744805e-07 3.454480024490065187e-07
3.524293868510031853e-07 3.963963218898702335e-07 3.682980559976901129e-07 3.814142505948053658e-07 4.159592703335493714e-07 3.960946089041943122e-07 4.122025565777415387e-07 4.074779965166775806e-07 4.042140712099767562e-07 4.020723945660735499e-07 3.944535869880824883e-07 3.809965381369404240e-07 3.687109666997119819e-07 3.550645805126452460e-07 3.412371551334381890e-07 3.411988992024765435e-07 3.333181237827750064e-07 3.309822014389161215e-07 3.451424600936282779e-07 3.612594178127947073e-07
3.396664521133331315e-07 3.810342655937495333e-07 3.521636382539365202e-07 3.692557731757812320e-07 4.047588726194542166e-07 3.846694386077969507e-07 3.989396023550954117e-07 3.992433228874405485e-07 3.976485252997620618e-07 3.944535869880824883e-07 4.074877259401741831e-07 3.966049816493608757e-07 3.883365567080548477e-07 3.781696459576899537e-07 3.672451582717934652e-07 3.655027222848486152e-07 3.582116265849991211e-07 3.558766402867643497e-07 3.699369676529151760e-07 3.828678361571558708e-07
3.089788195669347245e-07 3.498065883130012705e-07 3.236336245346143314e-07 3.465087070222022344e-07 3.843708426186835358e-07 3.611506615701364377e-07 3.763137026838944495e-07 3.786581839234944034e-07 3.797681932146956163e-07 3.809965381369404240e-07 3.966049816493608757e-07 4.017980091728708900e-07 3.985671344485134560e-07 3.946464852223029612e-07 3.893924874424390210e-07 3.919928331617220531e-07 3.861406126986512362e-07 3.874569204105196539e-07 4.027124748135458293e-07 4.165887259633730622e-07
2.851589702936325107e-07 3.300841023021041001e-07 2.971610956204942473e-07 3.276391183586836895e-07 3.683320533647303748e-07 3.426634954594452272e-07 3.563771115994469848e-07 3.624321452842782289e-07 3.658788175912720252e-07 3.687109666997119819e-07 3.883365567080548477e-07 3.985671344485134560e-07 4.158732160030707033e-07 4.204683003993529859e-07 4.226990767981432410e-07 4.307760149527104619e-07 4.302131398262002682e-07 4.361097150813960321e-07 4.547828438537189386e-07 4.747903016959516626e-07
2.553859944727251036e-07 3.028380494385088980e-07 2.659507844555755665e-07 3.037645982104726706e-07 3.410784821920951942e-07 3.147413154803443147e-07 3.321093075417083291e-07 3.409459695677764891e-07 3.500862293835125493e-07 3.550645805126452460e-07 3.781696459576899537e-07 3.946464852223029612e-07 4.204683003993529859e-07 4.451498208406237347e-07 4.571065450586874805e-07 4.710486128463601056e-07 4.758137410859890263e-07 4.837466770203970200e-07 5.044815874388125267e-07 5.305722600729296540e-07
2.176696030075376722e-07 2.745713617335041850e-07 2.392393402667920899e-07 2.810416222692701211e-07 3.178926104037370247e-07 2.896950228440796095e-07 3.115851817561827761e-07 3.231597844907298620e-07 3.348155619179141144e-07 3.412371551334381890e-07 3.672451582717934652e-07 3.893924874424390210e-07 4.226990767981432410e-07 4.571065450586874805e-07 4.928645151997671098e-07 5.220843710144109958e-07 5.390881147194130668e-07 5.576139718332473075e-07 5.878191796223731464e-07 6.239287753779870291e-07
1.861760872102522489e-07 2.565264510467864721e-07 2.248648681965998607e-07 2.668726220405150041e-07 3.104532880724159104e-07 2.762464569463678467e-07 3.022941765377753916e-07 3.168849439000809796e-07 3.301276104941534276e-07 3.411988992024765435e-07 3.655027222848486152e-07 3.919928331617220531e-07 4.307760149527104619e-07 4.710486128463601056e-07 5.220843710144109958e-07 5.777031070170426595e-07 6.120066694175740868e-07 6.443164242650858298e-07 6.873630731939046473e-07 7.348223115721784622e-07
1.658473372430965179e-07 2.468759224733758784e-07 2.060096490484066892e-07 2.566385130829322080e-07 3.013491034677461093e-07 2.624021605351187496e-07 2.895262508372252337e-07 3.086814157563621265e-07 3.201375536297798199e-07 3.333181237827750064e-07 3.582116265849991211e-07 3.861406126986512362e-07 4.302131398262002682e-07 4.758137410859890263e-07 5.390881147194130668e-07 6.120066694175740868e-07 6.784241249251420777e-07 7.357754557686197377e-07 7.977983802939162605e-07 8.653816193865421427e-07
1.429886528906205404e-07 2.421271018676056609e-07 1.931791165696577773e-07 2.573626453136563888e-07 2.974604177548767638e-07 2.564330549438628302e-07 2.817685801960024696e-07 3.049169536736787259e-07 3.132458436318475995e-07 3.309822014389161215e-07 3.558766402867643497e-07 3.874569204105196539e-07 4.361097150813960321e-07 4.837466770203970200e-07 5.576139718332473075e-07 6.443164242650858298e-07 7.357754557686197377e-07 8.365199610706265003e-07 9.299426823839008641e-07 1.025076762081362939e-06
1.488434837497934689e-07 2.610419985919454896e-07 2.008567767415488816e-07 2.728901984450451732e-07 3.070975754683267217e-07 2.697048495441677939e-07 2.935246249155515489e-07 3.212926208714466223e-07 3.283176313050744805e-07 3.451424600936282779e-07 3.699369676529151760e-07 4.027124748135458293e-07 4.547828438537189386e-07 5.044815874388125267e-07 5.878191796223731464e-07 6.873630731939046473e-07 7.977983802939162605e-07 9.299426823839008641e-07 1.067898200852098425e-06 1.198527751552248561e-06
1.560541248937502575e-07 2.851906254642094374e-07 2.103417601934415941e-07 2.905754871125405952e-07 3.127879866419577312e-07 2.776257865307679362e-07 3.038026284215281279e-07 3.396191400902964884e-07 3.454480024490065187e-07 3.612594178127947073e-07 3.828678361571558708e-07 4.165887259633730622e-07 4.747903016959516626e-07 5.305722600729296540e-07 6.239287753779870291e-07 7.348223115721784622e-07 8.653816193865421427e-07 1.025076762081362939e-06 1.198527751552248561e-06 1.396224897422733253e-06
