1.268648756509374966e-10 9.911190295599606007e-11 7.357441123629997906e-11 6.962022505653315010e-11 5.942414915481024843e-11 4.813067379107026934e-11 4.031774515737533779e-11 3.504181728477332540e-11 3.637616157808605543e-11 2.943308677659770370e-11 2.780117843509643851e-11 2.124554281996481507e-11 2.107165409033035207e-11 2.080182410694324244e-11 1.887706500044250205e-11 1.493963902642142566e-11 1.062158356143264833e-11 4.270693574693423656e-12 3.080759438651867956e-12 2.580559793026091902e-12
9.911190295599606007e-11 1.088072963961010198e-10 8.152607591614592090e-11 7.802023691172114625e-11 6.255480437110844327e-11 5.086338910069697813e-11 4.330227100795950748e-11 3.610729996922730182e-11 3.439150519606099177e-11 2.841114233344448147e-11 2.586562020751147721e-11 2.337036184808057550e-11 2.022798729188006773e-11 1.973724341963062401e-11 1.795896882223941748e-11 1.259970479367685658e-11 8.800811804038282591e-12 3.634819271052340345e-12 2.734934861063722358e-12 1.290847727244351227e-12
7.357441123629997906e-11 8.152607591614592090e-11 8.400531634196887280e-11 7.214466248185373410e-11 5.545805185159313029e-11 4.212391210848959897e-11 3.600153351095187290e-11 3.144786413080928218e-11 2.922939196059388793e-11 2.183240738643135330e-11 1.791378378911659344e-11 1.865578085689319895e-11 1.755111696807561567e-11 1.808843509121683189e-11 1.672920871717338954e-11 1.106997172742793112e-11 6.175116117446419927e-12 2.216525951428416651e-12 1.471967146895464951e-12 4.181179571648318400e-13
6.962022505653315010e-11 7.802023691172114625e-11 7.214466248185373410e-11 8.870054811507441452e-11 6.891256695867394002e-11 5.028278424489064386e-11 4.050141303830147109e-11 3.507631130636881568e-11 3.338521390366642667e-11 2.614029897389544753e-11 2.118437575136000349e-11 2.095009463327200473e-11 1.968174429740214453e-11 1.760961040093318489e-11 1.552697710602568773e-11 1.316889328242401861e-11 8.842184348471221069e-12 5.519518183758826128e-12 1.738211452487964555e-12 8.056616837013935513e-13
5.942414915481024843e-11 6.255480437110844327e-11 5.545805185159313029e-11 6.891256695867394002e-11 7.174709311610209486e-11 5.495964676729589558e-11 4.330723612129330365e-11 3.643635568787068757e-11 3.216732524980889149e-11 2.284658646191989504e-11 1.889611339806916930e-11 1.832145765769370788e-11 1.719598083943881410e-11 1.573320896336179696e-11 1.428008651817974601e-11 1.225477327064841744e-11 8.323207704723090144e-12 6.358765240282690160e-12 2.465654523678955289e-12 1.808105270102752263e-12
4.813067379107026934e-11 5.086338910069697813e-11 4.212391210848959897e-11 5.028278424489064386e-11 5.495964676729589558e-11 5.735662203724297784e-11 4.494637286077357722e-11 3.401377941067978518e-11 2.864214809934695060e-11 1.985543343478711003e-11 1.712251592424588482e-11 1.523819230673978426e-11 1.395713159880587879e-11 1.212351305241052997e-11 1.186180141582446535e-11 1.004450362789118480e-11 7.939166949582463867e-12 5.155853998415099302e-12 3.044799586371858805e-12 2.779440249611541628e-12
4.031774515737533779e-11 4.330227100795950748e-11 3.600153351095187290e-11 4.050141303830147109e-11 4.330723612129330365e-11 4.494637286077357722e-11 4.878755620937159283e-11 3.931472627198459699e-11 3.146074447573582043e-11 2.244550255274754896e-11 1.947512552309168774e-11 1.639827687899848535e-11 1.351646623848889595e-11 1.163094773329474235e-11 1.107643804783909010e-11 1.071818110714056202e-11 9.128680791695183684e-12 5.960682633725530346e-12 2.964968394377482450e-12 3.114613473014472675e-12
3.504181728477332540e-11 3.610729996922730182e-11 3.144786413080928218e-11 3.507631130636881568e-11 3.643635568787068757e-11 3.401377941067978518e-11 3.931472627198459699e-11 4.428493422316490185e-11 3.553555520285418080e-11 2.392422157040144581e-11 1.972888075551902121e-11 1.709979692398936557e-11 1.324179726320188458e-11 1.132063697994325839e-11 1.064897832258205814e-11 1.091679135729896130e-11 9.288820066800844444e-12 7.262376099283795855e-12 4.539283297829215850e-12 4.196990351990140081e-12
3.637616157808605543e-11 3.439150519606099177e-11 2.922939196059388793e-11 3.338521390366642667e-11 3.216732524980889149e-11 2.864214809934695060e-11 3.146074447573582043e-11 3.553555520285418080e-11 4.371304291597306337e-11 3.188773623994533153e-11 2.484465677955747340e-11 2.018413040364531849e-11 1.574138838108852076e-11 1.362738306622398508e-11 1.205317542613803566e-11 1.078850698753327819e-11 8.025008768415788183e-12 4.984104777729028448e-12 1.368256585710368610e-12 -7.497681811763761850e-13
2.943308677659770370e-11 2.841114233344448147e-11 2.183240738643135330e-11 2.614029897389544753e-11 2.284658646191989504e-11 1.985543343478711003e-11 2.244550255274754896e-11 2.392422157040144581e-11 3.188773623994533153e-11 3.465493876250561442e-11 2.784918101082521418e-11 2.142482420285641135e-11 1.654208979853214188e-11 1.517962857923410087e-11 1.307939203296382880e-11 1.344867048178342564e-11 1.094997901613229749e-11 7.952643066850798042e-12 4.547721630485603795e-12 1.773032789383897749e-12
2.780117843509643851e-11 2.586562020751147721e-11 1.791378378911659344e-11 2.118437575136000349e-11 1.889611339806916930e-11 1.712251592424588482e-11 1.947512552309168774e-11 1.972888075551902121e-11 2.484465677955747340e-11 2.784918101082521418e-11 3.531285789574915503e-11 2.670082789798649561e-11 1.940256361477838836e-11 1.739414354661849218e-11 1.511679939547518233e-11 1.541022316284385909e-11 1.343182608992691590e-11 8.172347588413778738e-12 4.371540386885032000e-12 3.237462628264995899e-12
2.124554281996481507e-11 2.337036184808057550e-11 1.865578085689319895e-11 2.095009463327200473e-11 1.832145765769370788e-11 1.523819230673978426e-11 1.639827687899848535e-11 1.709979692398936557e-11 2.018413040364531849e-11 2.142482420285641135e-11 2.670082789798649561e-11 2.942215071023203454e-11 2.180180584933771469e-11 1.872230644795618816e-11 1.579344213219520170e-11 1.463666204632965536e-11 1.242240443934532826e-11 8.430442419409257046e-12 4.113348067470097877e-12 8.564201266098889292e-13
2.107165409033035207e-11 2.022798729188006773e-11 1.755111696807561567e-11 1.968174429740214453e-11 1.719598083943881410e-11 1.395713159880587879e-11 1.351646623848889595e-11 1.324179726320188458e-11 1.574138838108852076e-11 1.654208979853214188e-11 1.940256361477838836e-11 2.180180584933771469e-11 2.420240563586643216e-11 2.066960413835041867e-11 1.721708110145679250e-11 1.488087717162106846e-11 1.178429063932284518e-11 7.321212111266156789e-12 3.909442173400219361e-12 7.349803918048842742e-13
2.080182410694324244e-11 1.973724341963062401e-11 1.808843509121683189e-11 1.760961040093318489e-11 1.573320896336179696e-11 1.212351305241052997e-11 1.163094773329474235e-11 1.132063697994325839e-11 1.362738306622398508e-11 1.517962857923410087e-11 1.739414354661849218e-11 1.872230644795618816e-11 2.066960413835041867e-11 2.586558267235779495e-11 2.087551816237872155e-11 1.640843537881229496e-11 1.368071783296500275e-11 9.089277179835957774e-12 4.813698131413458147e-12 2.282846042955329898e-12
1.887706500044250205e-11 1.795896882223941748e-11 1.672920871717338954e-11 1.552697710602568773e-11 1.428008651817974601e-11 1.186180141582446535e-11 1.107643804783909010e-11 1.064897832258205814e-11 1.205317542613803566e-11 1.307939203296382880e-11 1.511679939547518233e-11 1.579344213219520170e-11 1.721708110145679250e-11 2.087551816237872155e-11 2.422207862379862208e-11 2.082579948693157958e-11 1.654196033070891151e-11 1.167955031509772399e-11 7.580596439186981741e-12 4.411055562039932332e-12
1.493963902642142566e-11 1.259970479367685658e-11 1.106997172742793112e-11 1.316889328242401861e-11 1.225477327064841744e-11 1.004450362789118480e-11 1.071818110714056202e-11 1.091679135729896130e-11 1.078850698753327819e-11 1.344867048178342564e-11 1.541022316284385909e-11 1.463666204632965536e-11 1.488087717162106846e-11 1.640843537881229496e-11 2.082579948693157958e-11 2.591943946850592433e-11 2.146308318401908271e-11 1.536840525498747220e-11 1.092581159668243098e-11 6.663175575244504328e-12
1.062158356143264833e-11 8.800811804038282591e-12 6.175116117446419927e-12 8.842184348471221069e-12 8.323207704723090144e-12 7.939166949582463867e-12 9.128680791695183684e-12 9.288820066800844444e-12 8.025008768415788183e-12 1.094997901613229749e-11 1.343182608992691590e-11 1.242240443934532826e-11 1.178429063932284518e-11 1.368071783296500275e-11 1.654196033070891151e-11 2.146308318401908271e-11 2.421285014365340046e-11 2.039248075464027885e-11 1.492671065401067556e-11 1.017029637589538699e-11
4.270693574693423656e-12 3.634819271052340345e-12 2.216525951428416651e-12 5.519518183758826128e-12 6.358765240282690160e-12 5.155853998415099302e-12 5.960682633725530346e-12 7.262376099283795855e-12 4.984104777729028448e-12 7.952643066850798042e-12 8.172347588413778738e-12 8.430442419409257046e-12 7.321212111266156789e-12 9.089277179835957774e-12 1.167955031509772399e-11 1.536840525498747220e-11 2.039248075464027885e-11 2.662623449495693537e-11 2.189329527985568724e-11 1.546850091271278686e-11
3.080759438651867956e-12 2.734934861063722358e-12 1.471967146895464951e-12 1.738211452487964555e-12 2.465654523678955289e-12 3.044799586371858805e-12 2.964968394377482450e-12 4.539283297829215850e-12 1.368256585710368610e-12 4.547721630485603795e-12 4.371540386885032000e-12 4.113348067470097877e-12 3.909442173400219361e-12 4.813698131413458147e-12 7.580596439186981741e-12 1.092581159668243098e-11 1.492671065401067556e-11 2.189329527985568724e-11 2.605247220581984126e-11 2.082187991719554858e-11
2.580559793026091902e-12 1.290847727244351227e-12 4.181179571648318400e-13 8.056616837013935513e-13 1.808105270102752263e-12 2.779440249611541628e-12 3.114613473014472675e-12 4.196990351990140081e-12 -7.497681811763761850e-13 1.773032789383897749e-12 3.237462628264995899e-12 8.564201266098889292e-13 7.349803918048842742e-13 2.282846042955329898e-12 4.411055562039932332e-12 6.663175575244504328e-12 1.017029637589538699e-11 1.546850091271278686e-11 2.082187991719554858e-11 2.443170268608970484e-11
