1.484536934190793421e-11 1.017545356634904735e-12 9.253331229477909947e-13 7.893894991842586996e-13 -8.280670337556992349e-13 -9.372514915808260013e-13 -1.070518225159604410e-12 -2.692527203051323107e-13 -4.556971754443700073e-14 2.507828938641947191e-13 1.135631165385775591e-13 3.027971121614685406e-13 2.737722062293954732e-13 -2.151387451775469463e-14 2.256613990913098562e-13 1.778291731237722526e-13 1.807469777095878261e-13 9.753748818810008803e-14 3.212114884334969512e-13 2.461718756193674094e-13
1.017545356634904735e-12 1.193187387713533075e-11 1.815203493250461243e-12 4.686389151988330703e-14 -1.730619730190399858e-13 -1.741521062091832000e-13 -3.035356160356255833e-13 -4.549057071481079903e-13 -2.735541800634521446e-13 -1.286108951592463194e-13 -7.050729392999746973e-14 2.203241928829656163e-13 2.294742103483465541e-13 9.586316829639400516e-14 1.757462073244249427e-15 2.948552453814712822e-13 1.776146484704465876e-13 1.333646320766578155e-13 1.090808792051158263e-13 3.258680151764095327e-13
9.253331229477909947e-13 1.815203493250461243e-12 6.861023062462029595e-12 1.393587719343416885e-12 6.753506670241462446e-13 -1.462667484753808057e-13 -2.071932204908338996e-13 -1.072965164230638476e-13 -6.676343125545686962e-14 -5.350714891524586304e-14 5.135989619805037889e-14 -1.547066858559538801e-13 -1.141007639536721483e-14 -1.142130333532570913e-13 -3.016606889162009165e-14 1.318171317250222726e-13 9.862615737470229977e-14 1.153921229276026161e-13 3.433258194272699384e-14 1.011185663739400069e-13
7.893894991842586996e-13 4.686389151988330703e-14 1.393587719343416885e-12 4.636091848858503424e-12 9.907637915906016727e-13 9.776467704445110212e-14 -1.006869577530721635e-13 -6.946064928361643941e-14 -1.898822233780155619e-13 1.343522023147984605e-14 -1.175029370817908144e-13 -5.752495342206038976e-14 -6.983505699893731817e-14 -4.012975872957410282e-14 4.189066210973132759e-14 1.079859933396269961e-13 8.470465632301379180e-14 2.843925727762750819e-14 -2.156890988923558637e-14 2.617735636329896237e-15
-8.280670337556992349e-13 -1.730619730190399858e-13 6.753506670241462446e-13 9.907637915906016727e-13 3.370880094107628110e-12 2.932728393823846314e-13 3.668504835221080491e-13 2.533459134694499618e-13 -1.742974635044808484e-13 -3.871158419651362474e-14 2.013685638888786399e-13 1.218073340267737128e-13 1.068012648705068567e-13 1.283627426178250253e-13 6.086550957980586541e-14 1.002236892573282696e-13 1.383359754320279603e-13 3.666139170630059143e-14 -9.907579211859995433e-14 -1.024617414779207852e-13
-9.372514915808260013e-13 -1.741521062091832000e-13 -1.462667484753808057e-13 9.776467704445110212e-14 2.932728393823846314e-13 2.383957049881501314e-12 3.973121180240694566e-13 2.468390553551812133e-13 1.493110966837120716e-14 -6.333527992512710282e-15 1.705453898776106663e-14 -8.344755753368890599e-14 -6.271104988939502937e-14 1.607387634066090200e-14 6.113178717116038820e-14 3.801730730169271936e-14 -5.729944313150848695e-15 3.682396781806925021e-14 1.140743845078924993e-14 8.960869624930757804e-15
-1.070518225159604410e-12 -3.035356160356255833e-13 -2.071932204908338996e-13 -1.006869577530721635e-13 3.668504835221080491e-13 3.973121180240694566e-13 1.686004540693454225e-12 5.313505311897450183e-13 1.822228846172698661e-13 3.992875351311512217e-14 -3.253824041258878185e-14 -2.511731306277793161e-14 -2.784922800670157543e-16 5.638546924759254806e-14 -4.834643427361359214e-14 -4.532506483512160810e-14 -8.681713253479468380e-14 -1.316506831130029863e-14 1.899139321794275307e-14 1.901151001112839330e-15
-2.692527203051323107e-13 -4.549057071481079903e-13 -1.072965164230638476e-13 -6.946064928361643941e-14 2.533459134694499618e-13 2.468390553551812133e-13 5.313505311897450183e-13 1.301468577628123748e-12 2.844596470736769083e-13 1.716698643692439933e-13 1.378991262974744152e-13 1.097657185257277895e-13 6.254716028008693487e-14 8.836572036465294185e-14 5.019737493097036294e-14 1.577710821710381712e-14 -2.063330027039873466e-14 1.655800471789519643e-14 -3.504138938563683453e-14 -7.122811103479367173e-14
-4.556971754443700073e-14 -2.735541800634521446e-13 -6.676343125545686962e-14 -1.898822233780155619e-13 -1.742974635044808484e-13 1.493110966837120716e-14 1.822228846172698661e-13 2.844596470736769083e-13 8.641058034458161655e-13 2.886285649910315251e-13 1.779711047734283384e-13 1.333971895778985844e-13 1.483558574184671639e-14 6.105889844562937149e-14 3.784269775903450978e-14 2.192408778766095529e-14 -6.800153057915912427e-14 -3.528909466149132186e-14 -1.111252842503731098e-13 -8.334888300645621303e-14
2.507828938641947191e-13 -1.286108951592463194e-13 -5.350714891524586304e-14 1.343522023147984605e-14 -3.871158419651362474e-14 -6.333527992512710282e-15 3.992875351311512217e-14 1.716698643692439933e-13 2.886285649910315251e-13 7.273891651495147497e-13 2.455232582150037540e-13 1.574972096831542020e-13 7.066577753691276751e-14 1.645653110038576226e-14 -7.103826427194469001e-15 -4.422097425326612358e-14 -7.378522668546735029e-14 -4.186026177793270283e-14 -9.261348476653861861e-15 3.167040768662433151e-14
1.135631165385775591e-13 -7.050729392999746973e-14 5.135989619805037889e-14 -1.175029370817908144e-13 2.013685638888786399e-13 1.705453898776106663e-14 -3.253824041258878185e-14 1.378991262974744152e-13 1.779711047734283384e-13 2.455232582150037540e-13 4.364099304730011052e-13 1.475864941141298894e-13 6.541146281294203702e-14 3.644231328079946371e-14 5.178159539203720448e-14 8.263347915898608852e-15 -1.940859274694782339e-14 2.016336843851142538e-15 -1.263677142235001445e-14 -2.943802310724528715e-15
3.027971121614685406e-13 2.203241928829656163e-13 -1.547066858559538801e-13 -5.752495342206038976e-14 1.218073340267737128e-13 -8.344755753368890599e-14 -2.511731306277793161e-14 1.097657185257277895e-13 1.333971895778985844e-13 1.574972096831542020e-13 1.475864941141298894e-13 4.136920625715255325e-13 1.993177367031810250e-13 1.172549896800060110e-13 7.720158961780368771e-14 4.239676867623902900e-14 1.230177767056680654e-14 -9.954826053102198278e-16 -7.615336504919989394e-14 -3.811565697746063341e-14
2.737722062293954732e-13 2.294742103483465541e-13 -1.141007639536721483e-14 -6.983505699893731817e-14 1.068012648705068567e-13 -6.271104988939502937e-14 -2.784922800670157543e-16 6.254716028008693487e-14 1.483558574184671639e-14 7.066577753691276751e-14 6.541146281294203702e-14 1.993177367031810250e-13 3.188302192928656413e-13 1.291167467475534743e-13 8.858416872290642247e-14 6.206906252660428592e-14 5.838985575513800898e-14 4.167662791668449978e-14 -2.449571648721789528e-15 1.780278894885422224e-14
-2.151387451775469463e-14 9.586316829639400516e-14 -1.142130333532570913e-13 -4.012975872957410282e-14 1.283627426178250253e-13 1.607387634066090200e-14 5.638546924759254806e-14 8.836572036465294185e-14 6.105889844562937149e-14 1.645653110038576226e-14 3.644231328079946371e-14 1.172549896800060110e-13 1.291167467475534743e-13 2.632234227028054606e-13 1.531908062630033181e-13 9.753275662476087128e-14 5.887714954717042014e-14 2.963352193650297568e-14 4.400860484071618292e-16 -1.250706914120294433e-14
2.256613990913098562e-13 1.757462073244249427e-15 -3.016606889162009165e-14 4.189066210973132759e-14 6.086550957980586541e-14 6.113178717116038820e-14 -4.834643427361359214e-14 5.019737493097036294e-14 3.784269775903450978e-14 -7.103826427194469001e-15 5.178159539203720448e-14 7.720158961780368771e-14 8.858416872290642247e-14 1.531908062630033181e-13 2.359180913876364191e-13 1.428329172665362149e-13 9.030052488454206960e-14 4.426147839750159963e-14 1.249339105088605396e-14 2.039881916028600445e-14
1.778291731237722526e-13 2.948552453814712822e-13 1.318171317250222726e-13 1.079859933396269961e-13 1.002236892573282696e-13 3.801730730169271936e-14 -4.532506483512160810e-14 1.577710821710381712e-14 2.192408778766095529e-14 -4.422097425326612358e-14 8.263347915898608852e-15 4.239676867623902900e-14 6.206906252660428592e-14 9.753275662476087128e-14 1.428329172665362149e-13 2.119864628090250551e-13 1.609557108172521533e-13 9.100750663306755602e-14 2.703460736218063222e-14 8.316125960947356905e-15
1.807469777095878261e-13 1.776146484704465876e-13 9.862615737470229977e-14 8.470465632301379180e-14 1.383359754320279603e-13 -5.729944313150848695e-15 -8.681713253479468380e-14 -2.063330027039873466e-14 -6.800153057915912427e-14 -7.378522668546735029e-14 -1.940859274694782339e-14 1.230177767056680654e-14 5.838985575513800898e-14 5.887714954717042014e-14 9.030052488454206960e-14 1.609557108172521533e-13 2.925427637305882900e-13 1.985881875342350272e-13 1.040109289354076588e-13 4.192670045909718518e-14
9.753748818810008803e-14 1.333646320766578155e-13 1.153921229276026161e-13 2.843925727762750819e-14 3.666139170630059143e-14 3.682396781806925021e-14 -1.316506831130029863e-14 1.655800471789519643e-14 -3.528909466149132186e-14 -4.186026177793270283e-14 2.016336843851142538e-15 -9.954826053102198278e-16 4.167662791668449978e-14 2.963352193650297568e-14 4.426147839750159963e-14 9.100750663306755602e-14 1.985881875342350272e-13 2.795569245763901902e-13 1.958959953725125127e-13 1.105495451011035371e-13
3.212114884334969512e-13 1.090808792051158263e-13 3.433258194272699384e-14 -2.156890988923558637e-14 -9.907579211859995433e-14 1.140743845078924993e-14 1.899139321794275307e-14 -3.504138938563683453e-14 -1.111252842503731098e-13 -9.261348476653861861e-15 -1.263677142235001445e-14 -7.615336504919989394e-14 -2.449571648721789528e-15 4.400860484071618292e-16 1.249339105088605396e-14 2.703460736218063222e-14 1.040109289354076588e-13 1.958959953725125127e-13 3.248099705105127098e-13 2.633569509181347926e-13
2.461718756193674094e-13 3.258680151764095327e-13 1.011185663739400069e-13 2.617735636329896237e-15 -1.024617414779207852e-13 8.960869624930757804e-15 1.901151001112839330e-15 -7.122811103479367173e-14 -8.334888300645621303e-14 3.167040768662433151e-14 -2.943802310724528715e-15 -3.811565697746063341e-14 1.780278894885422224e-14 -1.250706914120294433e-14 2.039881916028600445e-14 8.316125960947356905e-15 4.192670045909718518e-14 1.105495451011035371e-13 2.633569509181347926e-13 3.948642003613610974e-13
