1.377398147256397107e-10 1.089963580108903783e-10 8.129483418016019262e-11 7.702520222750393051e-11 6.662588496447559415e-11 5.337848735133766249e-11 4.457974122957754434e-11 3.820617054474867385e-11 3.938349774892126790e-11 3.234581862797060188e-11 3.038047970775234805e-11 2.323699258880974660e-11 2.282363800147478703e-11 2.267726411611486793e-11 2.053714459436675190e-11 1.640465883442015882e-11 1.204551096803890739e-11 5.625397855027394759e-12 3.569637026887719482e-12 2.887558554069704620e-12
1.089963580108903783e-10 1.180419135977910981e-10 8.831080305155873123e-11 8.438336293514170494e-11 6.874537293843241027e-11 5.520422016062434868e-11 4.688704202145021909e-11 3.918475798343495940e-11 3.707081039253968741e-11 3.083130464566138635e-11 2.791689081656078338e-11 2.506172032376597795e-11 2.164660545532129588e-11 2.112287597991071670e-11 1.910303991704222535e-11 1.375216100298327657e-11 1.006290783922921375e-11 5.028200747825286785e-12 3.500101476781982959e-12 1.752233251394619399e-12
8.129483418016019262e-11 8.831080305155873123e-11 8.955009088237273053e-11 7.662441203059701362e-11 6.020607189789609402e-11 4.558462951492595668e-11 3.891247571152741670e-11 3.399556156464592167e-11 3.149612537636783802e-11 2.381441382986437200e-11 1.969209019442156187e-11 2.020983496082303526e-11 1.888229376376521078e-11 1.934785281413844023e-11 1.770748904654694662e-11 1.185882024526755986e-11 6.879759076345202099e-12 3.088659656738390266e-12 1.919515301035148275e-12 8.246636228708514562e-13
7.702520222750393051e-11 8.438336293514170494e-11 7.662441203059701362e-11 9.250815285593647877e-11 7.278957833084452496e-11 5.320423074583985243e-11 4.290426358975249969e-11 3.710351706360192467e-11 3.523153017982182918e-11 2.784811424773417600e-11 2.258272356600722900e-11 2.202591452932492674e-11 2.060237258220832879e-11 1.847341461936192522e-11 1.614932132688951847e-11 1.379479784398861729e-11 9.419751717889257692e-12 6.168684066809670614e-12 2.022592088292386683e-12 1.068444350145449620e-12
6.662588496447559415e-11 6.874537293843241027e-11 6.020607189789609402e-11 7.278957833084452496e-11 7.557620652798619870e-11 5.783891659433317843e-11 4.567155969638204887e-11 3.843470740689075704e-11 3.389401952440665132e-11 2.434184415891815728e-11 2.015305746100481279e-11 1.922501574659269561e-11 1.800838666087233783e-11 1.648661898353688207e-11 1.488114768036815876e-11 1.288468906858172788e-11 8.933294426030865281e-12 7.023405875568280654e-12 2.846133599470965258e-12 2.161839515107554935e-12
5.337848735133766249e-11 5.520422016062434868e-11 4.558462951492595668e-11 5.320423074583985243e-11 5.783891659433317843e-11 5.939880533316743672e-11 4.667948413169714433e-11 3.554541794107924064e-11 2.990438717834133626e-11 2.097683900439860958e-11 1.813772041644936921e-11 1.607999427711194242e-11 1.466516955510963474e-11 1.274521676956261089e-11 1.238402856652651375e-11 1.062173206101771718e-11 8.497754575359161207e-12 5.732682002136297842e-12 3.421946068362995318e-12 3.139591688091999310e-12
4.457974122957754434e-11 4.688704202145021909e-11 3.891247571152741670e-11 4.290426358975249969e-11 4.567155969638204887e-11 4.667948413169714433e-11 5.029095854430071990e-11 4.054105380659658825e-11 3.252298734136476616e-11 2.339665094977145118e-11 2.032872326367148011e-11 1.706268354329477074e-11 1.410390908508749554e-11 1.212555811462457988e-11 1.148475835112063332e-11 1.116502338018127755e-11 9.559511377912065428e-12 6.403118143898699268e-12 3.241904198423011414e-12 3.379921813418910658e-12
3.820617054474867385e-11 3.918475798343495940e-11 3.399556156464592167e-11 3.710351706360192467e-11 3.843470740689075704e-11 3.554541794107924064e-11 4.054105380659658825e-11 4.524721026949740552e-11 3.639238129608305223e-11 2.471098415494900763e-11 2.040521553437941430e-11 1.762035371223926833e-11 1.370535995743439607e-11 1.171233875767317963e-11 1.097729464862209101e-11 1.127724079014890795e-11 9.625722423343561221e-12 7.594734443062409582e-12 4.734592394584324226e-12 4.363975588715241843e-12
3.938349774892126790e-11 3.707081039253968741e-11 3.149612537636783802e-11 3.523153017982182918e-11 3.389401952440665132e-11 2.990438717834133626e-11 3.252298734136476616e-11 3.639238129608305223e-11 4.445294210776770519e-11 3.253796050543846727e-11 2.541551197751260892e-11 2.062411076964048143e-11 1.610706817527756565e-11 1.393803940533042286e-11 1.230630231560193204e-11 1.103808002184711766e-11 8.272730460340428416e-12 5.243726699324650273e-12 1.507385849528568574e-12 -6.482720474205413594e-13
3.234581862797060188e-11 3.083130464566138635e-11 2.381441382986437200e-11 2.784811424773417600e-11 2.434184415891815728e-11 2.097683900439860958e-11 2.339665094977145118e-11 2.471098415494900763e-11 3.253796050543846727e-11 3.523626887434588575e-11 2.833904540732711807e-11 2.178258084310042507e-11 1.685351849193116716e-11 1.544764260083584832e-11 1.329319689850245793e-11 1.366430730584633609e-11 1.116921596694182219e-11 8.192297114644684335e-12 4.702895097914173292e-12 1.910240409921837956e-12
3.038047970775234805e-11 2.791689081656078338e-11 1.969209019442156187e-11 2.258272356600722900e-11 2.015305746100481279e-11 1.813772041644936921e-11 2.032872326367148011e-11 2.040521553437941430e-11 2.541551197751260892e-11 2.833904540732711807e-11 3.575855715193718937e-11 2.701817653015931360e-11 1.966609018206851760e-11 1.761632976622577676e-11 1.529520488033654288e-11 1.559179385246793006e-11 1.360586413614878544e-11 8.337786427195485691e-12 4.451899444503857519e-12 3.304741782217543157e-12
2.323699258880974660e-11 2.506172032376597795e-11 2.020983496082303526e-11 2.202591452932492674e-11 1.922501574659269561e-11 1.607999427711194242e-11 1.706268354329477074e-11 1.762035371223926833e-11 2.062411076964048143e-11 2.178258084310042507e-11 2.701817653015931360e-11 2.965820282130087072e-11 2.198877144922249531e-11 1.887865922524390621e-11 1.591215745881844939e-11 1.474363062033518947e-11 1.251808743839095648e-11 8.521638605430158829e-12 4.145411994524690533e-12 8.813538214957884395e-13
2.282363800147478703e-11 2.164660545532129588e-11 1.888229376376521078e-11 2.060237258220832879e-11 1.800838666087233783e-11 1.466516955510963474e-11 1.410390908508749554e-11 1.370535995743439607e-11 1.610706817527756565e-11 1.685351849193116716e-11 1.966609018206851760e-11 2.198877144922249531e-11 2.435184029204774846e-11 2.080037473976694871e-11 1.732350362195260878e-11 1.498582378857497272e-11 1.188218277431412121e-11 7.411602751406545927e-12 3.955477880079424134e-12 7.738092105514862621e-13
2.267726411611486793e-11 2.112287597991071670e-11 1.934785281413844023e-11 1.847341461936192522e-11 1.648661898353688207e-11 1.274521676956261089e-11 1.212555811462457988e-11 1.171233875767317963e-11 1.393803940533042286e-11 1.544764260083584832e-11 1.761632976622577676e-11 1.887865922524390621e-11 2.080037473976694871e-11 2.599975375340942755e-11 2.099419320407977480e-11 1.652601256806182193e-11 1.380426598373694962e-11 9.203576837989304837e-12 4.885595268113844793e-12 2.340509456651867989e-12
2.053714459436675190e-11 1.910303991704222535e-11 1.770748904654694662e-11 1.614932132688951847e-11 1.488114768036815876e-11 1.238402856652651375e-11 1.148475835112063332e-11 1.097729464862209101e-11 1.230630231560193204e-11 1.329319689850245793e-11 1.529520488033654288e-11 1.591215745881844939e-11 1.732350362195260878e-11 2.099419320407977480e-11 2.434235014158866981e-11 2.093298432195956074e-11 1.665587501850237660e-11 1.178709341184061665e-11 7.659494194690503456e-12 4.474118064155717930e-12
1.640465883442015882e-11 1.375216100298327657e-11 1.185882024526755986e-11 1.379479784398861729e-11 1.288468906858172788e-11 1.062173206101771718e-11 1.116502338018127755e-11 1.127724079014890795e-11 1.103808002184711766e-11 1.366430730584633609e-11 1.559179385246793006e-11 1.474363062033518947e-11 1.498582378857497272e-11 1.652601256806182193e-11 2.093298432195956074e-11 2.601275073004730405e-11 2.157010076901054390e-11 1.548047183136232553e-11 1.101628326559536544e-11 6.743009242033228371e-12
1.204551096803890739e-11 1.006290783922921375e-11 6.879759076345202099e-12 9.419751717889257692e-12 8.933294426030865281e-12 8.497754575359161207e-12 9.559511377912065428e-12 9.625722423343561221e-12 8.272730460340428416e-12 1.116921596694182219e-11 1.360586413614878544e-11 1.251808743839095648e-11 1.188218277431412121e-11 1.380426598373694962e-11 1.665587501850237660e-11 2.157010076901054390e-11 2.434695384321877291e-11 2.053856038536369853e-11 1.505328742476797190e-11 1.028057477612654287e-11
5.625397855027394759e-12 5.028200747825286785e-12 3.088659656738390266e-12 6.168684066809670614e-12 7.023405875568280654e-12 5.732682002136297842e-12 6.403118143898699268e-12 7.594734443062409582e-12 5.243726699324650273e-12 8.192297114644684335e-12 8.337786427195485691e-12 8.521638605430158829e-12 7.411602751406545927e-12 9.203576837989304837e-12 1.178709341184061665e-11 1.548047183136232553e-11 2.053856038536369853e-11 2.679670806537840407e-11 2.204837264322629874e-11 1.559101352104342775e-11
3.569637026887719482e-12 3.500101476781982959e-12 1.919515301035148275e-12 2.022592088292386683e-12 2.846133599470965258e-12 3.421946068362995318e-12 3.241904198423011414e-12 4.734592394584324226e-12 1.507385849528568574e-12 4.702895097914173292e-12 4.451899444503857519e-12 4.145411994524690533e-12 3.955477880079424134e-12 4.885595268113844793e-12 7.659494194690503456e-12 1.101628326559536544e-11 1.505328742476797190e-11 2.204837264322629874e-11 2.622537641357768772e-11 2.096755247926095563e-11
2.887558554069704620e-12 1.752233251394619399e-12 8.246636228708514562e-13 1.068444350145449620e-12 2.161839515107554935e-12 3.139591688091999310e-12 3.379921813418910658e-12 4.363975588715241843e-12 -6.482720474205413594e-13 1.910240409921837956e-12 3.304741782217543157e-12 8.813538214957884395e-13 7.738092105514862621e-13 2.340509456651867989e-12 4.474118064155717930e-12 6.743009242033228371e-12 1.028057477612654287e-11 1.559101352104342775e-11 2.096755247926095563e-11 2.456206377720994893e-11
