6.291648433510964924e-09 2.403021452373600752e-10 -1.127702787490350321e-10 3.457006011766852978e-10 -6.475550536881937630e-11 1.498721200289113746e-12 2.573972810802142358e-11 -1.158605131087255179e-10 -6.260302874998330872e-11 2.944542941160058501e-11 1.017134200635386382e-10 -1.609619641909810709e-11 1.209596099857597329e-10 1.611233648941555641e-11 -3.486544950230773531e-11 -8.260356238491424435e-12 2.388166628930193889e-11 3.985229297791680012e-11 2.155375890528620212e-11 -4.553190929232450426e-11
2.403021452373600752e-10 3.653477290822904716e-09 3.629929169573987530e-10 6.048565483749949798e-11 7.642519125352854179e-11 5.967268993351595387e-11 2.143401666440402000e-10 -7.984335039065212327e-11 4.170245364384074366e-11 -1.118431926218583669e-11 -2.915716089580106828e-11 2.476246347606037918e-11 4.641274171638821273e-11 5.483721305344823172e-11 -1.207479893198745352e-11 3.227866245867353712e-11 -2.089094844057861141e-11 4.202636209121791337e-12 -3.988993788145675977e-12 1.669092714489150037e-11
-1.127702787490350321e-10 3.629929169573987530e-10 2.630770345923567204e-09 1.696014366967718825e-10 9.913183077160289739e-11 1.679253000995391156e-12 -7.360635470408426644e-11 -1.136759562485632572e-10 -1.152640948219283349e-11 4.163250417068994124e-11 7.833564268348387491e-12 4.381967031807475971e-11 1.028901245090731959e-11 -1.597290289742482801e-11 2.108666585490453912e-11 2.635838784603897930e-11 -3.183840435102731451e-11 -1.820481037221999588e-11 -2.305655437398170637e-12 2.796630969956180475e-11
3.457006011766852978e-10 6.048565483749949798e-11 1.696014366967718825e-10 1.215901724125573562e-09 1.216139288793214512e-10 6.363509118575853106e-11 2.168070456628605303e-11 2.636679665856664672e-11 -5.130676419462312708e-11 -1.838944135602261118e-11 7.902382648079297133e-13 -7.033909477186180566e-12 -3.375162176819238408e-11 -1.954446455014099058e-11 -1.533200867928161999e-11 4.034753282085197181e-12 5.904053579961022301e-12 -1.271258625347460519e-11 -2.081280945134804442e-11 8.531358335501597233e-13
-6.475550536881937630e-11 7.642519125352854179e-11 9.913183077160289739e-11 1.216139288793214512e-10 9.254660992289501141e-10 7.252363633956733887e-11 1.054172995794431543e-10 9.802296014293226418e-11 1.724581346670755272e-11 -1.283263812608986485e-11 -3.650801704193647788e-11 6.512791885360158919e-12 -5.509764560837005834e-12 -9.967179269998285951e-12 3.856137876190696755e-12 -1.426851042864174666e-11 -1.202192542920783146e-12 4.780497173546671595e-12 -9.616032467434980517e-12 1.132902316542807794e-11
1.498721200289113746e-12 5.967268993351595387e-11 1.679253000995391156e-12 6.363509118575853106e-11 7.252363633956733887e-11 9.213418451587509457e-10 9.618627199740584468e-11 -6.939873018748788632e-12 4.727469093937038392e-11 4.522048086569707981e-12 2.693429419928036734e-11 -3.502093565633285956e-12 1.880776461107665891e-11 2.521651880257013234e-12 2.053369977278909800e-11 2.111897414613827298e-11 3.552663863092928211e-11 1.292693652027795451e-11 -2.511507571824468050e-12 1.644539297574051705e-12
2.573972810802142358e-11 2.143401666440402000e-10 -7.360635470408426644e-11 2.168070456628605303e-11 1.054172995794431543e-10 9.618627199740584468e-11 5.083035051114433483e-10 4.097475992398028233e-11 5.934515120022898656e-11 4.796444046640218799e-11 3.760258919651718831e-11 4.314600808954640844e-11 1.421415185038500676e-11 1.116637468274274868e-11 5.703147275153360043e-12 2.779928981196208085e-12 5.568438396533779549e-12 -1.781352870269579170e-12 -3.380586700375007208e-12 -1.393398672344414659e-11
-1.158605131087255179e-10 -7.984335039065212327e-11 -1.136759562485632572e-10 2.636679665856664672e-11 9.802296014293226418e-11 -6.939873018748788632e-12 4.097475992398028233e-11 3.191285114809325152e-10 4.547343719002833060e-11 3.851413639078946147e-12 1.376638883753201246e-11 -5.752856859416589746e-13 -3.567300290584950749e-11 -1.267913414468629301e-11 3.348917291664100593e-12 -3.306547558084581469e-12 -1.899292816717720925e-12 -1.525759763748837008e-13 -1.897492253214735984e-13 3.762698919125380957e-12
-6.260302874998330872e-11 4.170245364384074366e-11 -1.152640948219283349e-11 -5.130676419462312708e-11 1.724581346670755272e-11 4.727469093937038392e-11 5.934515120022898656e-11 4.547343719002833060e-11 1.989176135798269925e-10 4.477171749619435239e-11 2.733114288124849877e-11 1.702419917059557467e-11 9.898514027769604959e-13 -3.716267518465772641e-13 -1.147993975342991199e-11 -4.990631200486217811e-12 3.225874288436184597e-12 7.729264477760482532e-12 5.919029712965661395e-12 1.804960117583876157e-12
2.944542941160058501e-11 -1.118431926218583669e-11 4.163250417068994124e-11 -1.838944135602261118e-11 -1.283263812608986485e-11 4.522048086569707981e-12 4.796444046640218799e-11 3.851413639078946147e-12 4.477171749619435239e-11 1.565248226544512364e-10 5.188723698617098372e-11 3.432524190842035204e-11 1.592907500974385739e-11 1.434558841669188635e-11 7.405777360508811543e-12 1.348305577310112702e-12 -2.965494775266221748e-12 -2.532769229871862252e-12 4.397036335635040044e-12 -2.863024400120165925e-12
1.017134200635386382e-10 -2.915716089580106828e-11 7.833564268348387491e-12 7.902382648079297133e-13 -3.650801704193647788e-11 2.693429419928036734e-11 3.760258919651718831e-11 1.376638883753201246e-11 2.733114288124849877e-11 5.188723698617098372e-11 1.371595818114833661e-10 4.710033130590749598e-11 2.569362878573777607e-11 1.251981552682894652e-11 4.887965347001032015e-12 6.485665161460013245e-12 -1.106252547919489010e-12 -2.881670652841934646e-12 2.513940060968297104e-12 -3.764109208896800598e-12
-1.609619641909810709e-11 2.476246347606037918e-11 4.381967031807475971e-11 -7.033909477186180566e-12 6.512791885360158919e-12 -3.502093565633285956e-12 4.314600808954640844e-11 -5.752856859416589746e-13 1.702419917059557467e-11 3.432524190842035204e-11 4.710033130590749598e-11 8.311559705795892111e-11 2.863064600620174817e-11 1.700543688479436906e-11 8.947545251308478824e-12 3.571932340183692828e-12 2.072966185364831180e-12 -4.494098303153674789e-12 -2.718068272875823777e-12 -3.537291521092646615e-12
1.209596099857597329e-10 4.641274171638821273e-11 1.028901245090731959e-11 -3.375162176819238408e-11 -5.509764560837005834e-12 1.880776461107665891e-11 1.421415185038500676e-11 -3.567300290584950749e-11 9.898514027769604959e-13 1.592907500974385739e-11 2.569362878573777607e-11 2.863064600620174817e-11 6.790174844009813012e-11 2.551520158413837098e-11 1.117637907659220954e-11 9.960005018397068769e-12 3.981803193480602747e-12 2.666422299750863112e-12 2.355953912743946094e-12 7.372615809506793991e-13
1.611233648941555641e-11 5.483721305344823172e-11 -1.597290289742482801e-11 -1.954446455014099058e-11 -9.967179269998285951e-12 2.521651880257013234e-12 1.116637468274274868e-11 -1.267913414468629301e-11 -3.716267518465772641e-13 1.434558841669188635e-11 1.251981552682894652e-11 1.700543688479436906e-11 2.551520158413837098e-11 5.393952204990291971e-11 1.900938528859445058e-11 1.315190999036861293e-11 4.275351392046523058e-12 4.725946880909542087e-14 4.494771821239845836e-12 8.518733809725090937e-13
-3.486544950230773531e-11 -1.207479893198745352e-11 2.108666585490453912e-11 -1.533200867928161999e-11 3.856137876190696755e-12 2.053369977278909800e-11 5.703147275153360043e-12 3.348917291664100593e-12 -1.147993975342991199e-11 7.405777360508811543e-12 4.887965347001032015e-12 8.947545251308478824e-12 1.117637907659220954e-11 1.900938528859445058e-11 3.727122191934916522e-11 1.649637769296418015e-11 5.355333286770234689e-12 4.015107462764923567e-12 2.026962929208320293e-13 1.546517648209721261e-12
-8.260356238491424435e-12 3.227866245867353712e-11 2.635838784603897930e-11 4.034753282085197181e-12 -1.426851042864174666e-11 2.111897414613827298e-11 2.779928981196208085e-12 -3.306547558084581469e-12 -4.990631200486217811e-12 1.348305577310112702e-12 6.485665161460013245e-12 3.571932340183692828e-12 9.960005018397068769e-12 1.315190999036861293e-11 1.649637769296418015e-11 3.221848337788867039e-11 1.222630421041917842e-11 5.117942525378606124e-12 2.238117858411355019e-12 1.228904991797956949e-12
2.388166628930193889e-11 -2.089094844057861141e-11 -3.183840435102731451e-11 5.904053579961022301e-12 -1.202192542920783146e-12 3.552663863092928211e-11 5.568438396533779549e-12 -1.899292816717720925e-12 3.225874288436184597e-12 -2.965494775266221748e-12 -1.106252547919489010e-12 2.072966185364831180e-12 3.981803193480602747e-12 4.275351392046523058e-12 5.355333286770234689e-12 1.222630421041917842e-11 2.562398499655798605e-11 1.065575756084761629e-11 2.725292391683199131e-12 -1.386840622557791583e-12
3.985229297791680012e-11 4.202636209121791337e-12 -1.820481037221999588e-11 -1.271258625347460519e-11 4.780497173546671595e-12 1.292693652027795451e-11 -1.781352870269579170e-12 -1.525759763748837008e-13 7.729264477760482532e-12 -2.532769229871862252e-12 -2.881670652841934646e-12 -4.494098303153674789e-12 2.666422299750863112e-12 4.725946880909542087e-14 4.015107462764923567e-12 5.117942525378606124e-12 1.065575756084761629e-11 1.996694169397181336e-11 6.692151491728876836e-12 5.350352380642822650e-13
2.155375890528620212e-11 -3.988993788145675977e-12 -2.305655437398170637e-12 -2.081280945134804442e-11 -9.616032467434980517e-12 -2.511507571824468050e-12 -3.380586700375007208e-12 -1.897492253214735984e-13 5.919029712965661395e-12 4.397036335635040044e-12 2.513940060968297104e-12 -2.718068272875823777e-12 2.355953912743946094e-12 4.494771821239845836e-12 2.026962929208320293e-13 2.238117858411355019e-12 2.725292391683199131e-12 6.692151491728876836e-12 1.387294397543462235e-11 5.086830071240743701e-12
-4.553190929232450426e-11 1.669092714489150037e-11 2.796630969956180475e-11 8.531358335501597233e-13 1.132902316542807794e-11 1.644539297574051705e-12 -1.393398672344414659e-11 3.762698919125380957e-12 1.804960117583876157e-12 -2.863024400120165925e-12 -3.764109208896800598e-12 -3.537291521092646615e-12 7.372615809506793991e-13 8.518733809725090937e-13 1.546517648209721261e-12 1.228904991797956949e-12 -1.386840622557791583e-12 5.350352380642822650e-13 5.086830071240743701e-12 1.313279538018346238e-11
