2.589038450096896668e-09 -7.297508619419200629e-11 1.489187735657494276e-10 7.839128264926980862e-11 3.131323812308227596e-12 -8.932067321735328873e-11 -1.121246636813323918e-10 -2.445313709439745249e-11 -1.986721821339499692e-12 -5.791949713280572548e-12 5.012021561596100463e-11 3.690259169400092102e-11 3.367474367448060575e-11 2.725882610526645767e-11 1.963325164434768658e-11 2.642872387922962682e-11 -5.625786144797574161e-12 -2.493013476716711260e-11 -2.018992669940674984e-11 -2.142277539055884957e-11 -1.432048117696111221e-11 1.402641046806212649e-11 2.318300414002448539e-12 1.864622862280133921e-11 -3.554448061678311735e-12 -1.441819161784099182e-11
-7.297508619419200629e-11 1.465465729147557406e-09 -1.910528507191079591e-11 1.268212883443044707e-10 1.242233669440809010e-11 -2.822426914599016561e-11 4.301533293226937663e-11 -3.067892397027077678e-11 -4.469221761357182717e-11 6.599361122298513449e-12 -4.448364405078316999e-12 2.315227122480392645e-11 2.519817313265212874e-12 8.197335833481353329e-12 1.290579291056796594e-11 8.550687019156888735e-12 4.136776504438296614e-12 3.435922973802893823e-12 -1.347882008409854059e-11 -8.561510352693243668e-12 3.313835600302926857e-12 -9.850787852822374828e-13 -5.365747500090777420e-12 5.660869773662017751e-13 2.540753553690540300e-12 4.344446683575648215e-12
1.489187735657494276e-10 -1.910528507191079591e-11 1.120113384458660805e-09 4.028427946965859568e-11 8.449758898456023752e-11 -1.016550603770235199e-11 2.884865025334981371e-11 2.045092691823815940e-11 1.644393388302033070e-11 -1.708567187132268994e-12 1.189269710731975027e-11 3.512452954468407504e-11 3.202131930210085005e-11 2.458965372799806652e-11 8.268803140549818412e-12 3.024583494441157445e-11 -7.458475586369106999e-12 4.841377810166712985e-12 1.037748312901301112e-11 8.301455392629163017e-12 -1.076584234639696952e-12 -1.357702473962183555e-12 -3.320097758545078926e-12 3.759262083182122223e-13 7.733130126511010441e-12 -4.864335060096559914e-12
7.839128264926980862e-11 1.268212883443044707e-10 4.028427946965859568e-11 7.059431579548517273e-10 8.879911429213806401e-11 8.599805977262776462e-11 8.277237334689332020e-12 2.598370315496303909e-11 -1.090486490587366215e-11 -1.124139600951766721e-11 2.666051807814464269e-12 8.217092336273519569e-12 1.607192064400891623e-11 9.406743768964754259e-12 1.697159758869826232e-11 2.252575509516308150e-12 -5.231959599351183867e-12 -2.019911193566676203e-12 2.027226179577694906e-12 -1.211121561932650597e-11 -6.402923600247408997e-12 -3.598442777898637210e-13 -3.509450624758350284e-12 -4.383291827054314198e-12 -1.169868759299034419e-12 7.866026346111651203e-13
3.131323812308227596e-12 1.242233669440809010e-11 8.449758898456023752e-11 8.879911429213806401e-11 3.821921325390903720e-10 7.878501956377269534e-11 2.348712056981581729e-11 2.649471848871982559e-11 2.060996977447040544e-13 -1.790990822941899326e-11 3.726044599008878465e-13 2.543637885482486136e-12 1.311499381700546924e-12 -5.090465828602230437e-12 -8.387877296143067291e-12 -2.410750805670533589e-12 -4.028065723797733548e-12 -3.821264048843686859e-12 -2.579249893532233879e-12 5.016494297633294724e-12 1.384781508267255481e-11 2.569300836904824613e-12 1.434527331202694015e-12 1.338121585472679945e-12 1.488953542917656635e-12 -8.035260794294629859e-13
-8.932067321735328873e-11 -2.822426914599016561e-11 -1.016550603770235199e-11 8.599805977262776462e-11 7.878501956377269534e-11 3.048464061589061963e-10 1.603252710194814614e-11 2.803667241421343406e-11 -7.415900270034647730e-12 -6.524153828858159411e-12 -3.191723513852078878e-12 -1.925415933719505999e-11 -4.160442784796512826e-12 -1.056492969642956145e-11 1.124051428206034173e-12 7.699452421202827055e-12 6.364225394421925315e-12 -7.456090973757352321e-12 -4.556348771802995165e-12 6.086802509441441232e-12 8.785573971794553520e-12 1.092121761959916373e-11 3.165266301211569774e-12 3.034249506498799044e-12 7.056491589356718222e-13 1.265691698072118867e-12
-1.121246636813323918e-10 4.301533293226937663e-11 2.884865025334981371e-11 8.277237334689332020e-12 2.348712056981581729e-11 1.603252710194814614e-11 2.459914332578494015e-10 5.922737673973775635e-11 3.189438774437051943e-11 2.895148537883301886e-11 2.466270712683305484e-11 1.318282053659262818e-11 2.212594142058467563e-11 1.901330131793304962e-11 9.811076791950644879e-12 1.044005975993762237e-11 -9.909297331702852979e-14 1.262222620358529588e-12 -6.152217718412972679e-12 -2.295828185703314925e-12 -3.427312170532840897e-12 8.945299418500080312e-13 -4.018600608819742402e-12 1.385517634688926639e-12 -1.335532943235938953e-13 1.483615553473205729e-12
-2.445313709439745249e-11 -3.067892397027077678e-11 2.045092691823815940e-11 2.598370315496303909e-11 2.649471848871982559e-11 2.803667241421343406e-11 5.922737673973775635e-11 1.790211228040378382e-10 4.232158194316211733e-11 3.297644470373675437e-11 2.191176884883605367e-11 3.862723878495467903e-12 8.653984119052006551e-12 6.546468267038289151e-12 5.062005197406388732e-12 9.752482682912381196e-12 5.924729511733260179e-12 4.484681076117465720e-12 -1.925413370026154395e-12 -5.416393050202498752e-12 -4.695407712217000404e-12 1.820122870774709093e-12 4.702714911645242396e-13 1.858097152372315929e-12 -1.170907036752806715e-12 5.297858266055441601e-13
-1.986721821339499692e-12 -4.469221761357182717e-11 1.644393388302033070e-11 -1.090486490587366215e-11 2.060996977447040544e-13 -7.415900270034647730e-12 3.189438774437051943e-11 4.232158194316211733e-11 1.141677262065697181e-10 4.698243990755116887e-11 3.137040655497377992e-11 2.114404968431673554e-11 1.309405009845799033e-11 1.157785964886278893e-11 1.171079280923934211e-11 1.288791271726520829e-11 4.836391031126959452e-12 3.194057048821576342e-12 2.148013174948415179e-12 -9.649421240018536563e-13 -5.612096378013083550e-12 9.048892485766958722e-13 5.017604463079995475e-12 1.699698076650497364e-12 -2.302974009903064573e-12 -8.400385314384477148e-15
-5.791949713280572548e-12 6.599361122298513449e-12 -1.708567187132268994e-12 -1.124139600951766721e-11 -1.790990822941899326e-11 -6.524153828858159411e-12 2.895148537883301886e-11 3.297644470373675437e-11 4.698243990755116887e-11 9.621634106870402480e-11 3.422989793554155034e-11 1.185409723818826937e-11 1.396077825459237712e-11 9.774242961385162740e-12 1.006428687568165088e-11 5.907341739024759979e-12 3.219843452727071614e-12 1.569580217704742779e-12 -4.766171492756330235e-12 -4.331014266576331294e-12 -5.089975374121005734e-12 -8.144442531033284562e-13 1.277691035582041572e-12 1.663963026423042105e-12 4.466227949282052032e-13 2.172726999861060877e-13
5.012021561596100463e-11 -4.448364405078316999e-12 1.189269710731975027e-11 2.666051807814464269e-12 3.726044599008878465e-13 -3.191723513852078878e-12 2.466270712683305484e-11 2.191176884883605367e-11 3.137040655497377992e-11 3.422989793554155034e-11 7.042783187583843064e-11 2.570032277066237036e-11 2.078654834591851918e-11 9.572480824613690995e-12 1.066410797923607020e-11 6.413362881771238791e-12 2.400809151320689632e-12 2.909004923252409946e-12 -4.223412179578441982e-12 -2.941337045873326362e-12 -8.374222343494139037e-13 -1.024112856779526251e-12 1.912044843848954882e-12 3.067320721667685449e-12 -1.794126383301116135e-13 1.709176602703531941e-13
3.690259169400092102e-11 2.315227122480392645e-11 3.512452954468407504e-11 8.217092336273519569e-12 2.543637885482486136e-12 -1.925415933719505999e-11 1.318282053659262818e-11 3.862723878495467903e-12 2.114404968431673554e-11 1.185409723818826937e-11 2.570032277066237036e-11 5.701843762985546556e-11 2.810829408496310160e-11 1.364967046230633735e-11 8.004637304577578499e-12 7.053238163849792045e-12 2.922203892608906601e-12 5.278139001314922524e-12 1.105275178951816353e-12 6.796344749197845452e-13 1.386457120805613983e-12 2.521460121491826566e-12 2.510636307021419008e-12 1.087547877283276107e-12 1.267506555058394376e-12 4.537538154655757716e-13
3.367474367448060575e-11 2.519817313265212874e-12 3.202131930210085005e-11 1.607192064400891623e-11 1.311499381700546924e-12 -4.160442784796512826e-12 2.212594142058467563e-11 8.653984119052006551e-12 1.309405009845799033e-11 1.396077825459237712e-11 2.078654834591851918e-11 2.810829408496310160e-11 5.299200019583031228e-11 2.921334909854763846e-11 1.792188821184166789e-11 1.328857568823028158e-11 1.151361789598423237e-11 9.324802529489232629e-12 3.396600120341563509e-12 -9.412796563802003765e-13 -3.061427551525170004e-12 -9.969453857419143156e-13 1.422941683021998137e-12 6.079993383599906180e-13 2.807123961295595567e-13 5.282550554463119292e-13
2.725882610526645767e-11 8.197335833481353329e-12 2.458965372799806652e-11 9.406743768964754259e-12 -5.090465828602230437e-12 -1.056492969642956145e-11 1.901330131793304962e-11 6.546468267038289151e-12 1.157785964886278893e-11 9.774242961385162740e-12 9.572480824613690995e-12 1.364967046230633735e-11 2.921334909854763846e-11 4.815000418772340440e-11 2.819575900618308585e-11 1.633407042795699614e-11 1.002954950403010142e-11 7.322151235167892059e-12 2.966563165421485239e-12 -1.096849922199279485e-13 -2.296735288995898655e-12 6.469066721209119906e-14 1.987918364111655743e-12 1.306595957007691226e-13 -2.671971313282734017e-13 1.090067366219088561e-12
1.963325164434768658e-11 1.290579291056796594e-11 8.268803140549818412e-12 1.697159758869826232e-11 -8.387877296143067291e-12 1.124051428206034173e-12 9.811076791950644879e-12 5.062005197406388732e-12 1.171079280923934211e-11 1.006428687568165088e-11 1.066410797923607020e-11 8.004637304577578499e-12 1.792188821184166789e-11 2.819575900618308585e-11 4.603303751548906086e-11 2.834502993607060767e-11 1.521547610943280206e-11 9.690419031125407806e-12 2.320950297407460351e-12 -1.033571478804263061e-12 -3.328601767585833139e-12 -1.689286941103362138e-12 -1.290111884839899556e-12 9.576535386424367298e-14 -9.033368099045343729e-13 1.484859548514000058e-12
2.642872387922962682e-11 8.550687019156888735e-12 3.024583494441157445e-11 2.252575509516308150e-12 -2.410750805670533589e-12 7.699452421202827055e-12 1.044005975993762237e-11 9.752482682912381196e-12 1.288791271726520829e-11 5.907341739024759979e-12 6.413362881771238791e-12 7.053238163849792045e-12 1.328857568823028158e-11 1.633407042795699614e-11 2.834502993607060767e-11 4.369458967054390103e-11 2.701542662521217809e-11 1.278964705283018236e-11 7.931833688958273626e-12 1.991347575096055344e-12 -2.459696889569132052e-12 -1.141857986490778455e-12 -6.218208510079703345e-15 -2.370520538110077395e-13 -6.595948487015462009e-14 6.392156428927706644e-13
-5.625786144797574161e-12 4.136776504438296614e-12 -7.458475586369106999e-12 -5.231959599351183867e-12 -4.028065723797733548e-12 6.364225394421925315e-12 -9.909297331702852979e-14 5.924729511733260179e-12 4.836391031126959452e-12 3.219843452727071614e-12 2.400809151320689632e-12 2.922203892608906601e-12 1.151361789598423237e-11 1.002954950403010142e-11 1.521547610943280206e-11 2.701542662521217809e-11 4.516774398200591427e-11 2.576170281089029238e-11 1.381636186097473244e-11 6.810590121703934094e-12 6.567854356857774004e-13 1.955145837593989634e-13 3.750575357641675546e-13 -1.090197977496639279e-12 5.018019579600325006e-13 1.739629993907850665e-12
-2.493013476716711260e-11 3.435922973802893823e-12 4.841377810166712985e-12 -2.019911193566676203e-12 -3.821264048843686859e-12 -7.456090973757352321e-12 1.262222620358529588e-12 4.484681076117465720e-12 3.194057048821576342e-12 1.569580217704742779e-12 2.909004923252409946e-12 5.278139001314922524e-12 9.324802529489232629e-12 7.322151235167892059e-12 9.690419031125407806e-12 1.278964705283018236e-11 2.576170281089029238e-11 3.532480853815370005e-11 1.992701073658795214e-11 6.828215930607958840e-12 2.010526291719932369e-12 1.792031476033871997e-12 -5.130022174592724044e-13 -1.066849340759426913e-12 3.577130585316564444e-13 1.359880943473449850e-12
-2.018992669940674984e-11 -1.347882008409854059e-11 1.037748312901301112e-11 2.027226179577694906e-12 -2.579249893532233879e-12 -4.556348771802995165e-12 -6.152217718412972679e-12 -1.925413370026154395e-12 2.148013174948415179e-12 -4.766171492756330235e-12 -4.223412179578441982e-12 1.105275178951816353e-12 3.396600120341563509e-12 2.966563165421485239e-12 2.320950297407460351e-12 7.931833688958273626e-12 1.381636186097473244e-11 1.992701073658795214e-11 3.198842727477653369e-11 1.626144009398670217e-11 4.507168317584090247e-12 2.621827845256833194e-12 2.244716480026404327e-12 -6.642379248266839711e-13 9.423740175038641705e-13 5.933800568690751921e-13
-2.142277539055884957e-11 -8.561510352693243668e-12 8.301455392629163017e-12 -1.211121561932650597e-11 5.016494297633294724e-12 6.086802509441441232e-12 -2.295828185703314925e-12 -5.416393050202498752e-12 -9.649421240018536563e-13 -4.331014266576331294e-12 -2.941337045873326362e-12 6.796344749197845452e-13 -9.412796563802003765e-13 -1.096849922199279485e-13 -1.033571478804263061e-12 1.991347575096055344e-12 6.810590121703934094e-12 6.828215930607958840e-12 1.626144009398670217e-11 2.640389084694876274e-11 1.277019248951161273e-11 6.536877240763565105e-12 4.456322645022611970e-12 -2.189739686863418060e-15 1.033292753218358325e-12 -9.470927815097802985e-13
-1.432048117696111221e-11 3.313835600302926857e-12 -1.076584234639696952e-12 -6.402923600247408997e-12 1.384781508267255481e-11 8.785573971794553520e-12 -3.427312170532840897e-12 -4.695407712217000404e-12 -5.612096378013083550e-12 -5.089975374121005734e-12 -8.374222343494139037e-13 1.386457120805613983e-12 -3.061427551525170004e-12 -2.296735288995898655e-12 -3.328601767585833139e-12 -2.459696889569132052e-12 6.567854356857774004e-13 2.010526291719932369e-12 4.507168317584090247e-12 1.277019248951161273e-11 2.129623687990848648e-11 1.122251041857439017e-11 4.557265312039131301e-12 1.271645702160917343e-12 4.625245240065218734e-13 -1.214209268834379405e-12
1.402641046806212649e-11 -9.850787852822374828e-13 -1.357702473962183555e-12 -3.598442777898637210e-13 2.569300836904824613e-12 1.092121761959916373e-11 8.945299418500080312e-13 1.820122870774709093e-12 9.048892485766958722e-13 -8.144442531033284562e-13 -1.024112856779526251e-12 2.521460121491826566e-12 -9.969453857419143156e-13 6.469066721209119906e-14 -1.689286941103362138e-12 -1.141857986490778455e-12 1.955145837593989634e-13 1.792031476033871997e-12 2.621827845256833194e-12 6.536877240763565105e-12 1.122251041857439017e-11 2.004981884614036075e-11 8.625407423979788457e-12 1.654209808228331647e-12 -6.025336449695644611e-13 -1.045413478344990839e-12
2.318300414002448539e-12 -5.365747500090777420e-12 -3.320097758545078926e-12 -3.509450624758350284e-12 1.434527331202694015e-12 3.165266301211569774e-12 -4.018600608819742402e-12 4.702714911645242396e-13 5.017604463079995475e-12 1.277691035582041572e-12 1.912044843848954882e-12 2.510636307021419008e-12 1.422941683021998137e-12 1.987918364111655743e-12 -1.290111884839899556e-12 -6.218208510079703345e-15 3.750575357641675546e-13 -5.130022174592724044e-13 2.244716480026404327e-12 4.456322645022611970e-12 4.557265312039131301e-12 8.625407423979788457e-12 1.239666854188245972e-11 2.590972041783181379e-12 -1.763046304788882265e-13 -1.125456014046999657e-12
1.864622862280133921e-11 5.660869773662017751e-13 3.759262083182122223e-13 -4.383291827054314198e-12 1.338121585472679945e-12 3.034249506498799044e-12 1.385517634688926639e-12 1.858097152372315929e-12 1.699698076650497364e-12 1.663963026423042105e-12 3.067320721667685449e-12 1.087547877283276107e-12 6.079993383599906180e-13 1.306595957007691226e-13 9.576535386424367298e-14 -2.370520538110077395e-13 -1.090197977496639279e-12 -1.066849340759426913e-12 -6.642379248266839711e-13 -2.189739686863418060e-15 1.271645702160917343e-12 1.654209808228331647e-12 2.590972041783181379e-12 7.609047390904966088e-12 8.993467531525814485e-13 -1.413947004553190977e-12
-3.554448061678311735e-12 2.540753553690540300e-12 7.733130126511010441e-12 -1.169868759299034419e-12 1.488953542917656635e-12 7.056491589356718222e-13 -1.335532943235938953e-13 -1.170907036752806715e-12 -2.302974009903064573e-12 4.466227949282052032e-13 -1.794126383301116135e-13 1.267506555058394376e-12 2.807123961295595567e-13 -2.671971313282734017e-13 -9.033368099045343729e-13 -6.595948487015462009e-14 5.018019579600325006e-13 3.577130585316564444e-13 9.423740175038641705e-13 1.033292753218358325e-12 4.625245240065218734e-13 -6.025336449695644611e-13 -1.763046304788882265e-13 8.993467531525814485e-13 5.786783504881278125e-12 -2.419617892587438571e-14
-1.441819161784099182e-11 4.344446683575648215e-12 -4.864335060096559914e-12 7.866026346111651203e-13 -8.035260794294629859e-13 1.265691698072118867e-12 1.483615553473205729e-12 5.297858266055441601e-13 -8.400385314384477148e-15 2.172726999861060877e-13 1.709176602703531941e-13 4.537538154655757716e-13 5.282550554463119292e-13 1.090067366219088561e-12 1.484859548514000058e-12 6.392156428927706644e-13 1.739629993907850665e-12 1.359880943473449850e-12 5.933800568690751921e-13 -9.470927815097802985e-13 -1.214209268834379405e-12 -1.045413478344990839e-12 -1.125456014046999657e-12 -1.413947004553190977e-12 -2.419617892587438571e-14 4.598421493143284794e-12
