3.513299175659160794e-09 -1.213863152831967655e-10 3.074152638178686355e-11 -1.013588798963181956e-10 -1.290777506783579104e-10 -1.393612249058257460e-10 7.409090110428010987e-11 -2.060834815993806622e-11 -6.861600890740966212e-11 2.797245559399990368e-11 3.719686045238637098e-11 8.914882288234480832e-12 1.560154432492174283e-11 1.759946137893829676e-11 -1.516118614826942885e-11 -9.708445227675554027e-12 7.999955557836641298e-12 1.354951752299661015e-11 -2.163097937889226407e-11 -2.150329806121972188e-11 -4.374483989702592176e-12 3.245350029242619171e-12 3.412107810317781260e-12 6.613803237643076196e-12 4.842285167222660877e-12 -1.603293629224304355e-12
-1.213863152831967655e-10 2.309819988994839018e-09 9.700341743110563860e-11 7.076038565512257875e-11 9.745950003314390019e-11 2.424742357032620996e-11 -9.937778339613784546e-11 -1.043811648678602554e-11 7.056946207981728872e-11 1.526900632660448490e-11 2.681685563734736620e-12 1.215705307344268138e-11 5.469690400297956798e-12 -6.983912493748995005e-12 -1.795874340366287876e-11 4.186479097628076996e-12 -1.671414717315691579e-11 2.544146988504448585e-12 1.040818621153046247e-11 -3.477170429194865509e-11 -1.887255000433947390e-11 -7.031538325088623828e-12 -4.698954208605245020e-12 8.301012766824279681e-12 5.660067432437142782e-12 -5.700842203243527480e-13
3.074152638178686355e-11 9.700341743110563860e-11 1.375094753132271714e-09 1.360003320703358718e-10 1.284859582438257189e-11 1.157014467029091135e-11 5.353451823103474277e-11 -2.819749685025027177e-11 -2.158882144327283060e-11 -3.822405827910949388e-11 -4.569131972581951412e-12 1.247092537202079938e-11 2.608794182898411608e-11 -1.047396760396453115e-11 2.190582477247823285e-12 -3.349253132937507501e-12 1.034394182856232751e-11 2.441071918412122887e-11 2.701125484866281853e-11 1.467601265514133312e-11 -8.917999418093779035e-13 -4.674514495044852304e-12 5.813611758295784371e-12 2.084529221292875541e-12 1.241087352481742979e-12 -1.954350154354958234e-12
-1.013588798963181956e-10 7.076038565512257875e-11 1.360003320703358718e-10 8.764080302243675595e-10 -1.091677662177766858e-11 -6.942344948443094739e-12 -1.349651747795515816e-11 -3.004605982606000450e-11 7.682496544804712286e-13 2.056956225765941210e-11 -4.997949473629904788e-12 1.648927154024882715e-11 8.642630931405345400e-12 -2.373911697926522859e-12 -1.035956178742925319e-11 -5.640990924063178685e-12 5.002430835527361849e-12 1.137329723938725865e-12 2.046806918885334784e-12 8.696941699942239599e-12 1.084488569702029085e-12 -1.316818552734422632e-12 -9.848923831706063681e-13 -9.412837566890174579e-12 -1.235662889168251375e-11 -1.850750005007514710e-12
-1.290777506783579104e-10 9.745950003314390019e-11 1.284859582438257189e-11 -1.091677662177766858e-11 5.389265079711586879e-10 7.532945894491912003e-11 -5.826081872153240981e-12 2.693912006568083586e-12 -3.267854389873258890e-12 9.299241949434634755e-12 -2.268204510590353943e-12 -1.715440803722725404e-12 -1.566447722444446858e-12 -8.124987656739727431e-12 3.733255101302328814e-13 -1.878133010204126603e-12 -6.733343901315102764e-12 -5.004659014912875788e-12 7.451526643412494495e-13 2.757645566475112491e-12 -2.703387120995090571e-12 -2.323868353968092561e-12 1.590405228064697057e-12 3.689220330856999842e-12 4.805261492820232753e-12 -2.805651962522238746e-12
-1.393612249058257460e-10 2.424742357032620996e-11 1.157014467029091135e-11 -6.942344948443094739e-12 7.532945894491912003e-11 3.827198176178961001e-10 3.203491563763013805e-11 3.197536177219239491e-12 1.854144127402157189e-11 1.102224062937951710e-11 -8.983995277200521146e-12 -9.657219372519183929e-12 -4.286152545256921150e-13 -5.445382692405378440e-12 -4.497436967381996279e-12 3.233974692275719675e-13 -4.115443330815578097e-12 2.695463119808740182e-12 -1.785968158760621657e-12 8.660360003592497570e-13 2.691769283183031567e-12 -3.535299676671565921e-12 1.682304718018001813e-12 -3.840641853781601309e-13 -3.139019544668221398e-12 -2.998521070939882358e-12
7.409090110428010987e-11 -9.937778339613784546e-11 5.353451823103474277e-11 -1.349651747795515816e-11 -5.826081872153240981e-12 3.203491563763013805e-11 2.871948454749920178e-10 3.071252048125051109e-11 6.191296619738316598e-13 -8.281958491045949932e-12 -1.291734898141360415e-11 -3.045990936359955855e-12 1.516140682206811719e-12 -8.529178155001759979e-12 -1.556465766591151610e-12 -1.284077049730522483e-14 -2.726159029691035372e-12 -4.460242060182192936e-13 2.778935753372325936e-12 3.582068042946406742e-12 -3.349478357708637506e-14 2.910390292998424068e-12 6.859870425910574569e-13 -3.253902142604755037e-12 -1.925825117948450166e-12 -1.708876020631364151e-12
-2.060834815993806622e-11 -1.043811648678602554e-11 -2.819749685025027177e-11 -3.004605982606000450e-11 2.693912006568083586e-12 3.197536177219239491e-12 3.071252048125051109e-11 1.895708151195274787e-10 2.211888907565531076e-11 5.870960439880954279e-12 -4.110997224315571622e-12 2.205935484508342997e-12 -4.152361107569589682e-12 2.693317140699448218e-12 1.886959884654054260e-13 5.841069504737432585e-12 -2.540041676097381812e-12 -9.673001478474567441e-13 6.640102820831372780e-12 1.208801110887933124e-12 2.705188109151703570e-12 5.110675951081814789e-12 -2.737586029283760162e-13 1.275923883382483028e-12 1.442949254369954380e-12 9.349484183672236514e-13
-6.861600890740966212e-11 7.056946207981728872e-11 -2.158882144327283060e-11 7.682496544804712286e-13 -3.267854389873258890e-12 1.854144127402157189e-11 6.191296619738316598e-13 2.211888907565531076e-11 9.994395389663301694e-11 2.094718378670984317e-11 2.443416931098804216e-12 2.415775035133739992e-12 -6.793915129990646205e-12 1.933695109198173013e-12 -2.046115201864777541e-12 9.891095187991576090e-13 -3.589477777293155186e-12 -1.126671559105452692e-12 9.088376801958036135e-13 3.811039430152524956e-12 3.358817361365683866e-12 5.442256527220362679e-12 3.780593249129964734e-12 4.029951372660112635e-12 -5.997481232050580284e-13 7.321115531954795701e-13
2.797245559399990368e-11 1.526900632660448490e-11 -3.822405827910949388e-11 2.056956225765941210e-11 9.299241949434634755e-12 1.102224062937951710e-11 -8.281958491045949932e-12 5.870960439880954279e-12 2.094718378670984317e-11 8.955909309697193290e-11 1.939666937895990063e-11 1.474893257746680053e-11 1.374772682884649992e-12 -1.302138770798116175e-14 3.251962836723694460e-12 2.139176988164276576e-12 -1.127034470168851686e-12 -1.909430120667195584e-12 -8.156620584509042910e-12 2.176367077508631925e-13 -6.347778947185419050e-13 -1.965530420949912735e-12 -1.479584899529097592e-12 3.583370541343012377e-13 -2.567455452089431819e-13 -2.043909754333587899e-13
3.719686045238637098e-11 2.681685563734736620e-12 -4.569131972581951412e-12 -4.997949473629904788e-12 -2.268204510590353943e-12 -8.983995277200521146e-12 -1.291734898141360415e-11 -4.110997224315571622e-12 2.443416931098804216e-12 1.939666937895990063e-11 5.559237951761075841e-11 9.323194809528147189e-12 4.831928090003285719e-12 -1.160408358933850465e-12 -1.021086434195884404e-12 -2.348843243688943701e-12 -1.202823197521188048e-12 1.594111826159459431e-12 -3.949394783474270219e-12 9.587361654771720810e-13 -1.872112725394309632e-12 -4.872280620806593418e-13 -1.193317146487266335e-13 1.786242715582171060e-13 3.224698182752777290e-13 1.058720709460779661e-12
8.914882288234480832e-12 1.215705307344268138e-11 1.247092537202079938e-11 1.648927154024882715e-11 -1.715440803722725404e-12 -9.657219372519183929e-12 -3.045990936359955855e-12 2.205935484508342997e-12 2.415775035133739992e-12 1.474893257746680053e-11 9.323194809528147189e-12 5.022781162375251788e-11 1.599958079033905069e-11 1.115004526321230411e-11 4.658928381007462299e-12 3.170821088217353640e-12 1.773717695649099574e-12 2.883140584022738800e-12 3.805635415888938882e-13 1.913029107147680864e-12 5.916512263247993309e-13 -4.216705406954553194e-13 -6.260539598284965269e-13 -1.365898031258830335e-12 -3.459228516497121546e-13 4.502577826369061000e-13
1.560154432492174283e-11 5.469690400297956798e-12 2.608794182898411608e-11 8.642630931405345400e-12 -1.566447722444446858e-12 -4.286152545256921150e-13 1.516140682206811719e-12 -4.152361107569589682e-12 -6.793915129990646205e-12 1.374772682884649992e-12 4.831928090003285719e-12 1.599958079033905069e-11 4.224622904015742522e-11 1.396783154573282236e-11 7.034799284791490653e-12 5.323155398499222020e-12 3.262113355837127257e-12 1.978274804679814862e-12 1.141560429664851014e-12 9.448259314239405710e-13 3.946162348068361052e-15 2.230130994451625438e-13 -5.094663914054316658e-13 6.374410026287061289e-14 -1.070063630254046737e-12 -3.338165819277642793e-13
1.759946137893829676e-11 -6.983912493748995005e-12 -1.047396760396453115e-11 -2.373911697926522859e-12 -8.124987656739727431e-12 -5.445382692405378440e-12 -8.529178155001759979e-12 2.693317140699448218e-12 1.933695109198173013e-12 -1.302138770798116175e-14 -1.160408358933850465e-12 1.115004526321230411e-11 1.396783154573282236e-11 3.461383769801607126e-11 1.206872642903330275e-11 8.545783285648251027e-12 5.142392842834452111e-12 1.541656745531629763e-12 2.592349357997832420e-12 2.098125961168312883e-12 2.118222203312791602e-12 1.814809397172840530e-12 -6.187444202330849299e-14 9.044631508197817951e-13 -1.854931649409744228e-12 -6.860602308514037954e-13
-1.516118614826942885e-11 -1.795874340366287876e-11 2.190582477247823285e-12 -1.035956178742925319e-11 3.733255101302328814e-13 -4.497436967381996279e-12 -1.556465766591151610e-12 1.886959884654054260e-13 -2.046115201864777541e-12 3.251962836723694460e-12 -1.021086434195884404e-12 4.658928381007462299e-12 7.034799284791490653e-12 1.206872642903330275e-11 2.722479352608947883e-11 1.514735502152706094e-11 6.598569620436237775e-12 3.859688398027500154e-12 1.407703497017818760e-12 3.042090075714256786e-12 2.731210055467787906e-12 -8.579607074602949024e-13 2.011874839313768486e-13 -4.135253246146444854e-13 -1.540532107769789990e-12 -5.231514365760373061e-13
-9.708445227675554027e-12 4.186479097628076996e-12 -3.349253132937507501e-12 -5.640990924063178685e-12 -1.878133010204126603e-12 3.233974692275719675e-13 -1.284077049730522483e-14 5.841069504737432585e-12 9.891095187991576090e-13 2.139176988164276576e-12 -2.348843243688943701e-12 3.170821088217353640e-12 5.323155398499222020e-12 8.545783285648251027e-12 1.514735502152706094e-11 2.686060614580691887e-11 1.064903160486042122e-11 4.935810679694483968e-12 1.148842707418751000e-12 1.605939400390805861e-12 1.131828884085277665e-12 5.896982304737551545e-14 7.664943534718044455e-13 3.639945993094606246e-13 -1.204720992839526085e-12 3.590556225233741270e-13
7.999955557836641298e-12 -1.671414717315691579e-11 1.034394182856232751e-11 5.002430835527361849e-12 -6.733343901315102764e-12 -4.115443330815578097e-12 -2.726159029691035372e-12 -2.540041676097381812e-12 -3.589477777293155186e-12 -1.127034470168851686e-12 -1.202823197521188048e-12 1.773717695649099574e-12 3.262113355837127257e-12 5.142392842834452111e-12 6.598569620436237775e-12 1.064903160486042122e-11 2.052576308652426427e-11 9.219175651777169086e-12 3.683458686246392219e-12 2.781059973888635442e-12 1.934261095340506259e-12 5.712072944928755392e-13 -1.646122830736661957e-13 -1.208366410112658533e-14 -6.209422105934817141e-13 -1.833982226231004138e-13
1.354951752299661015e-11 2.544146988504448585e-12 2.441071918412122887e-11 1.137329723938725865e-12 -5.004659014912875788e-12 2.695463119808740182e-12 -4.460242060182192936e-13 -9.673001478474567441e-13 -1.126671559105452692e-12 -1.909430120667195584e-12 1.594111826159459431e-12 2.883140584022738800e-12 1.978274804679814862e-12 1.541656745531629763e-12 3.859688398027500154e-12 4.935810679694483968e-12 9.219175651777169086e-12 2.008960646462578999e-11 1.040365974015468832e-11 5.218948226579039601e-12 1.798380227048626066e-12 8.187002245143852681e-13 9.899994144785930967e-15 -3.477720204936510359e-13 -3.272418511488787306e-13 -1.307378603397953477e-13
-2.163097937889226407e-11 1.040818621153046247e-11 2.701125484866281853e-11 2.046806918885334784e-12 7.451526643412494495e-13 -1.785968158760621657e-12 2.778935753372325936e-12 6.640102820831372780e-12 9.088376801958036135e-13 -8.156620584509042910e-12 -3.949394783474270219e-12 3.805635415888938882e-13 1.141560429664851014e-12 2.592349357997832420e-12 1.407703497017818760e-12 1.148842707418751000e-12 3.683458686246392219e-12 1.040365974015468832e-11 1.937244775076640488e-11 8.335239026653531799e-12 3.344544562070867758e-12 1.932645047879981952e-12 6.979719600979431566e-13 -7.696660272672106204e-14 2.037815040651440809e-13 -3.647684206316768246e-13
-2.150329806121972188e-11 -3.477170429194865509e-11 1.467601265514133312e-11 8.696941699942239599e-12 2.757645566475112491e-12 8.660360003592497570e-13 3.582068042946406742e-12 1.208801110887933124e-12 3.811039430152524956e-12 2.176367077508631925e-13 9.587361654771720810e-13 1.913029107147680864e-12 9.448259314239405710e-13 2.098125961168312883e-12 3.042090075714256786e-12 1.605939400390805861e-12 2.781059973888635442e-12 5.218948226579039601e-12 8.335239026653531799e-12 1.889002840122918304e-11 8.641323713710573879e-12 2.676765634362870694e-12 1.053409651538805398e-12 -4.535084532416753995e-13 -4.306871347736359443e-13 -9.066671257750714341e-13
-4.374483989702592176e-12 -1.887255000433947390e-11 -8.917999418093779035e-13 1.084488569702029085e-12 -2.703387120995090571e-12 2.691769283183031567e-12 -3.349478357708637506e-14 2.705188109151703570e-12 3.358817361365683866e-12 -6.347778947185419050e-13 -1.872112725394309632e-12 5.916512263247993309e-13 3.946162348068361052e-15 2.118222203312791602e-12 2.731210055467787906e-12 1.131828884085277665e-12 1.934261095340506259e-12 1.798380227048626066e-12 3.344544562070867758e-12 8.641323713710573879e-12 1.366493643305108309e-11 5.126515811988434690e-12 2.436958747945199988e-12 5.198542792624608839e-13 -3.924772981337833668e-13 -1.177050424117735299e-12
3.245350029242619171e-12 -7.031538325088623828e-12 -4.674514495044852304e-12 -1.316818552734422632e-12 -2.323868353968092561e-12 -3.535299676671565921e-12 2.910390292998424068e-12 5.110675951081814789e-12 5.442256527220362679e-12 -1.965530420949912735e-12 -4.872280620806593418e-13 -4.216705406954553194e-13 2.230130994451625438e-13 1.814809397172840530e-12 -8.579607074602949024e-13 5.896982304737551545e-14 5.712072944928755392e-13 8.187002245143852681e-13 1.932645047879981952e-12 2.676765634362870694e-12 5.126515811988434690e-12 1.051424291371705643e-11 3.384404699574896904e-12 9.501261318561974740e-13 -7.980344926898190600e-14 -1.096654917143134804e-12
3.412107810317781260e-12 -4.698954208605245020e-12 5.813611758295784371e-12 -9.848923831706063681e-13 1.590405228064697057e-12 1.682304718018001813e-12 6.859870425910574569e-13 -2.737586029283760162e-13 3.780593249129964734e-12 -1.479584899529097592e-12 -1.193317146487266335e-13 -6.260539598284965269e-13 -5.094663914054316658e-13 -6.187444202330849299e-14 2.011874839313768486e-13 7.664943534718044455e-13 -1.646122830736661957e-13 9.899994144785930967e-15 6.979719600979431566e-13 1.053409651538805398e-12 2.436958747945199988e-12 3.384404699574896904e-12 6.283777862558278355e-12 1.656829587898459609e-12 -3.303292873518588990e-15 -1.897354491418637091e-13
6.613803237643076196e-12 8.301012766824279681e-12 2.084529221292875541e-12 -9.412837566890174579e-12 3.689220330856999842e-12 -3.840641853781601309e-13 -3.253902142604755037e-12 1.275923883382483028e-12 4.029951372660112635e-12 3.583370541343012377e-13 1.786242715582171060e-13 -1.365898031258830335e-12 6.374410026287061289e-14 9.044631508197817951e-13 -4.135253246146444854e-13 3.639945993094606246e-13 -1.208366410112658533e-14 -3.477720204936510359e-13 -7.696660272672106204e-14 -4.535084532416753995e-13 5.198542792624608839e-13 9.501261318561974740e-13 1.656829587898459609e-12 4.520778971409486703e-12 7.758544654015034361e-13 1.808709260595913486e-13
4.842285167222660877e-12 5.660067432437142782e-12 1.241087352481742979e-12 -1.235662889168251375e-11 4.805261492820232753e-12 -3.139019544668221398e-12 -1.925825117948450166e-12 1.442949254369954380e-12 -5.997481232050580284e-13 -2.567455452089431819e-13 3.224698182752777290e-13 -3.459228516497121546e-13 -1.070063630254046737e-12 -1.854931649409744228e-12 -1.540532107769789990e-12 -1.204720992839526085e-12 -6.209422105934817141e-13 -3.272418511488787306e-13 2.037815040651440809e-13 -4.306871347736359443e-13 -3.924772981337833668e-13 -7.980344926898190600e-14 -3.303292873518588990e-15 7.758544654015034361e-13 4.051012386523191671e-12 2.233452548340863249e-13
-1.603293629224304355e-12 -5.700842203243527480e-13 -1.954350154354958234e-12 -1.850750005007514710e-12 -2.805651962522238746e-12 -2.998521070939882358e-12 -1.708876020631364151e-12 9.349484183672236514e-13 7.321115531954795701e-13 -2.043909754333587899e-13 1.058720709460779661e-12 4.502577826369061000e-13 -3.338165819277642793e-13 -6.860602308514037954e-13 -5.231514365760373061e-13 3.590556225233741270e-13 -1.833982226231004138e-13 -1.307378603397953477e-13 -3.647684206316768246e-13 -9.066671257750714341e-13 -1.177050424117735299e-12 -1.096654917143134804e-12 -1.897354491418637091e-13 1.808709260595913486e-13 2.233452548340863249e-13 3.050220855969384825e-12
