3.132694968313266107e-09 2.101389291398577396e-10 1.373526926413199653e-11 3.298698496326049372e-11 -8.485573440806702528e-11 -3.268467432515229169e-11 -9.353760951597290996e-11 4.321812351244860255e-11 -9.584823016415860973e-12 -4.765158192417232936e-12 3.309741305884658535e-11 2.117228987441068630e-11 2.600731932011509651e-11 3.751151718465522942e-11 1.292661075695563335e-11 2.869671687086813181e-12 1.930582194930553597e-11 9.833218406842945184e-12 -1.568341978444370952e-11 -8.655059291441687347e-12 -2.676159481976854754e-12 -2.332100599529950974e-11 2.927247223558672200e-12 4.786828792032440663e-12 4.179532413134776143e-12 -3.396779075063883408e-12
2.101389291398577396e-10 1.599582416764195173e-09 5.007721970501943937e-11 2.692493573563059983e-11 8.336369686450740711e-11 -6.640889545789207902e-11 7.373990213542630756e-12 1.776015351338061254e-12 1.425424301923630383e-12 -2.993757974775487915e-11 -1.929377763849470292e-11 -8.150730482944604310e-12 -9.213233019198477535e-12 2.480411636581764357e-13 1.869068080604246485e-11 1.693873341132266633e-12 -6.546561922309275400e-12 -8.609658845553776609e-12 -4.705760817103735090e-12 -6.643178606562632444e-12 -4.665413120933094015e-12 -1.916905923788820002e-11 -2.704289066792595471e-12 2.006206873355043435e-11 6.722808022496341762e-12 -3.010095761051216831e-12
1.373526926413199653e-11 5.007721970501943937e-11 1.133702414732626097e-09 5.472274364349298212e-11 4.134367851742009748e-11 -6.514338071253362547e-12 -1.225692526306877073e-11 -3.662715634530176470e-11 1.136378617830097955e-11 2.826050580834338301e-13 -7.420374325687706055e-12 1.938200432894340392e-11 2.404279783129826916e-12 1.536531357968012745e-11 1.684039977284480584e-11 4.787779680485040131e-12 -1.279829200125147250e-11 -5.491649282146471246e-12 -2.336808459274646225e-12 -7.507544751398004354e-12 1.080458122443864233e-12 -9.490668241892439500e-13 7.226671608209055972e-12 2.869513263711704207e-13 -3.216638150821621131e-13 -1.867596546437444039e-13
3.298698496326049372e-11 2.692493573563059983e-11 5.472274364349298212e-11 6.250060176196898167e-10 1.735736838059297429e-11 -1.553523899991653128e-12 -2.630733378312830695e-11 -1.956501727615827602e-11 -5.918411515352156806e-12 -8.271924822835930441e-12 1.659098431121616573e-11 -6.769128636844529922e-12 1.156339924310801126e-11 1.009497270960524439e-11 2.261132228251177005e-12 -1.126004984048328845e-11 -9.429613340557752452e-12 -1.327034553376890748e-11 -1.484278532999543594e-11 -7.558104801931473818e-12 -1.273819958974889017e-11 -6.682838040997454032e-12 -3.634863141885194940e-12 -1.892240251329102505e-12 -1.191273656111557837e-12 2.690481924258029858e-12
-8.485573440806702528e-11 8.336369686450740711e-11 4.134367851742009748e-11 1.735736838059297429e-11 5.173815579212114172e-10 7.523983081097173269e-11 6.679721194167859474e-11 7.253321800741062411e-12 1.144532734488139561e-11 -1.160635032892296979e-12 -1.035168676921092200e-11 7.921122514569056506e-12 -1.067531093282766366e-12 1.965394563204555305e-12 1.390969723007491866e-11 1.677957608062495825e-11 1.706646974242079076e-12 -3.442357588425602692e-12 -1.229578254784374794e-12 4.076800251353689856e-12 9.104176616028873410e-12 4.494945441324833209e-12 3.892331047325240844e-12 3.611462181253444320e-12 1.393773735685305448e-12 -1.009373004700888711e-12
-3.268467432515229169e-11 -6.640889545789207902e-11 -6.514338071253362547e-12 -1.553523899991653128e-12 7.523983081097173269e-11 2.915227389274805099e-10 4.048194752580706107e-11 2.145528725478610376e-11 1.478267612503697348e-11 4.368206693568033930e-12 -5.257295209856155762e-12 -7.162208133765429550e-12 -7.117557939880113498e-12 -9.370678981165328522e-12 -1.864161902904272865e-11 -5.744356692355053481e-12 -5.532550443462316985e-13 3.525023270403071913e-12 1.847783598821608200e-12 1.810877797884239203e-12 2.072661718695273357e-12 7.654645623812069889e-12 3.007647543193119241e-12 1.568725378109317676e-12 -1.684237057972293653e-12 -6.592088211766721566e-13
-9.353760951597290996e-11 7.373990213542630756e-12 -1.225692526306877073e-11 -2.630733378312830695e-11 6.679721194167859474e-11 4.048194752580706107e-11 2.070669723158841706e-10 2.778084852104097896e-11 1.911135319486178827e-11 5.560033614455264484e-12 9.428863465776143583e-12 4.554078988297279769e-14 -3.161307887185382055e-13 -3.037692859833857734e-12 -3.381279698738146210e-12 -4.839778940336154323e-12 -2.360551502181468067e-12 8.948616929053693844e-13 -7.463245701106364240e-12 -4.378437493741607872e-12 3.508492341259020778e-12 3.783815075009709589e-12 8.043668630211601779e-13 5.163719208461538736e-13 7.549121181890076359e-13 1.963986502610928147e-12
4.321812351244860255e-11 1.776015351338061254e-12 -3.662715634530176470e-11 -1.956501727615827602e-11 7.253321800741062411e-12 2.145528725478610376e-11 2.778084852104097896e-11 1.667227418935388696e-10 3.074941911581861544e-11 8.860464069210914607e-12 -1.231686658676725636e-12 4.425016307598210441e-12 1.357582656139093857e-12 -4.378060112034882654e-12 -3.496012314052157856e-12 -6.845280557252867845e-13 5.945584752190745960e-12 1.810864627893241063e-13 -2.507300424584968865e-12 -1.403479381208605063e-12 5.864862683584522849e-13 -2.988333397540714889e-12 -2.496406069664679817e-12 -1.356699718226804953e-14 -2.110186950952863017e-13 -7.961333547025983981e-13
-9.584823016415860973e-12 1.425424301923630383e-12 1.136378617830097955e-11 -5.918411515352156806e-12 1.144532734488139561e-11 1.478267612503697348e-11 1.911135319486178827e-11 3.074941911581861544e-11 1.118704024029030778e-10 2.495518811299129614e-11 1.198253060894958590e-11 9.753902798352546490e-12 1.202335498124300320e-11 -4.359286343019098896e-12 1.101838779971291644e-13 -2.184735152054735893e-12 -4.486969794274709073e-12 -2.365946069008438591e-12 9.509124836439718429e-14 -2.921262651174947082e-13 -2.744962111493289444e-13 3.062770685644710907e-12 2.100463429982889639e-12 -1.126306461568576911e-12 -1.707285888088241674e-12 -5.359616009158620937e-13
-4.765158192417232936e-12 -2.993757974775487915e-11 2.826050580834338301e-13 -8.271924822835930441e-12 -1.160635032892296979e-12 4.368206693568033930e-12 5.560033614455264484e-12 8.860464069210914607e-12 2.495518811299129614e-11 8.128047664935375697e-11 2.171362607778000096e-11 1.487022050765378014e-11 5.289948040005617893e-12 -2.290531011779227524e-13 2.197386879086069070e-12 -1.189315281889316129e-13 2.194774517939739765e-12 -2.087736862120024765e-12 -2.214763674982960248e-12 -2.603005289266636795e-12 1.346109002177801192e-12 4.267820738174248131e-13 -1.911699448507693179e-12 5.555067718931771499e-13 1.268171217557335343e-13 9.577451885692505781e-13
3.309741305884658535e-11 -1.929377763849470292e-11 -7.420374325687706055e-12 1.659098431121616573e-11 -1.035168676921092200e-11 -5.257295209856155762e-12 9.428863465776143583e-12 -1.231686658676725636e-12 1.198253060894958590e-11 2.171362607778000096e-11 7.137844976182522067e-11 2.323757587031344594e-11 1.550816060110319840e-11 7.892732202244050622e-12 7.915888296233613963e-12 6.912969692464240434e-12 1.664733268179267172e-12 4.170245630502106981e-13 -4.492791672609686775e-12 -2.779245654934811920e-12 -1.105251080267793885e-12 -1.394151880947582028e-12 8.080513564768363605e-13 -1.268339958511873283e-12 -4.496434362402917804e-13 3.091213787371618053e-13
2.117228987441068630e-11 -8.150730482944604310e-12 1.938200432894340392e-11 -6.769128636844529922e-12 7.921122514569056506e-12 -7.162208133765429550e-12 4.554078988297279769e-14 4.425016307598210441e-12 9.753902798352546490e-12 1.487022050765378014e-11 2.323757587031344594e-11 4.776753285614557972e-11 2.170241731215387418e-11 8.520558955582798258e-12 8.398110609400446806e-12 4.970535074225651840e-12 3.396604156644882275e-12 -7.711125415530568488e-13 3.176943367154250072e-13 2.080612743534557544e-12 1.807589146944660267e-12 2.219655578685543332e-12 1.738832333252853170e-12 -9.107832325265046062e-13 -1.666026232600360603e-12 -1.726016560278940927e-13
2.600731932011509651e-11 -9.213233019198477535e-12 2.404279783129826916e-12 1.156339924310801126e-11 -1.067531093282766366e-12 -7.117557939880113498e-12 -3.161307887185382055e-13 1.357582656139093857e-12 1.202335498124300320e-11 5.289948040005617893e-12 1.550816060110319840e-11 2.170241731215387418e-11 4.644101656794221027e-11 1.987212971422545463e-11 1.122199095835575534e-11 4.993272918111497000e-12 3.709177594841167326e-12 1.827399117996196694e-12 3.587136371748989077e-12 5.485124214357757552e-12 6.335903309527203742e-13 9.501545827820953725e-13 8.911224908627601701e-13 3.685455208751101639e-13 -1.220677356123968142e-12 -7.780489011879393746e-13
3.751151718465522942e-11 2.480411636581764357e-13 1.536531357968012745e-11 1.009497270960524439e-11 1.965394563204555305e-12 -9.370678981165328522e-12 -3.037692859833857734e-12 -4.378060112034882654e-12 -4.359286343019098896e-12 -2.290531011779227524e-13 7.892732202244050622e-12 8.520558955582798258e-12 1.987212971422545463e-11 4.578220359691698941e-11 2.117312536843757718e-11 8.549994170048449587e-12 1.146654899420856408e-12 6.723327205180480501e-13 1.583530627290301937e-12 1.110577634212571744e-12 -2.453729394447061770e-12 -3.497939820983858227e-12 -4.932823247319183806e-13 4.490607946092589138e-13 5.233058072791432504e-14 3.361388133445344828e-13
1.292661075695563335e-11 1.869068080604246485e-11 1.684039977284480584e-11 2.261132228251177005e-12 1.390969723007491866e-11 -1.864161902904272865e-11 -3.381279698738146210e-12 -3.496012314052157856e-12 1.101838779971291644e-13 2.197386879086069070e-12 7.915888296233613963e-12 8.398110609400446806e-12 1.122199095835575534e-11 2.117312536843757718e-11 3.094154441820567494e-11 1.457403553171824159e-11 6.018506225586157844e-12 2.343017382294760365e-12 1.381212464937233084e-12 1.184296419187016183e-12 -1.571284076313193323e-12 -2.803485984079495388e-12 5.998867804511136106e-13 1.296142176794058936e-13 -1.655165063225153894e-13 5.352352397373509180e-13
2.869671687086813181e-12 1.693873341132266633e-12 4.787779680485040131e-12 -1.126004984048328845e-11 1.677957608062495825e-11 -5.744356692355053481e-12 -4.839778940336154323e-12 -6.845280557252867845e-13 -2.184735152054735893e-12 -1.189315281889316129e-13 6.912969692464240434e-12 4.970535074225651840e-12 4.993272918111497000e-12 8.549994170048449587e-12 1.457403553171824159e-11 2.772796248276425805e-11 1.223303564662452357e-11 4.239322550913913016e-12 3.163463466698354706e-12 1.707930540183420235e-12 -1.422753722555383518e-12 -1.189561070921263122e-12 1.807180106518375368e-13 -4.533271521561637184e-13 -7.538266958971320018e-13 1.969210208011760475e-13
1.930582194930553597e-11 -6.546561922309275400e-12 -1.279829200125147250e-11 -9.429613340557752452e-12 1.706646974242079076e-12 -5.532550443462316985e-13 -2.360551502181468067e-12 5.945584752190745960e-12 -4.486969794274709073e-12 2.194774517939739765e-12 1.664733268179267172e-12 3.396604156644882275e-12 3.709177594841167326e-12 1.146654899420856408e-12 6.018506225586157844e-12 1.223303564662452357e-11 2.222982590124029600e-11 9.623394885763038901e-12 2.803261205988362128e-12 2.149573780358841389e-12 1.059817653271014751e-13 -8.335847795154217453e-13 5.216849629877275593e-14 -5.053883275156588452e-14 2.719717104433686659e-13 9.432494013373086130e-13
9.833218406842945184e-12 -8.609658845553776609e-12 -5.491649282146471246e-12 -1.327034553376890748e-11 -3.442357588425602692e-12 3.525023270403071913e-12 8.948616929053693844e-13 1.810864627893241063e-13 -2.365946069008438591e-12 -2.087736862120024765e-12 4.170245630502106981e-13 -7.711125415530568488e-13 1.827399117996196694e-12 6.723327205180480501e-13 2.343017382294760365e-12 4.239322550913913016e-12 9.623394885763038901e-12 2.049600988655770513e-11 7.737660332785531923e-12 3.214465799583993718e-12 1.424981424430658074e-12 4.491605295466232550e-13 -6.280109739010688713e-13 -4.175971119269419106e-13 6.867809290882386547e-13 1.743493134059656190e-13
-1.568341978444370952e-11 -4.705760817103735090e-12 -2.336808459274646225e-12 -1.484278532999543594e-11 -1.229578254784374794e-12 1.847783598821608200e-12 -7.463245701106364240e-12 -2.507300424584968865e-12 9.509124836439718429e-14 -2.214763674982960248e-12 -4.492791672609686775e-12 3.176943367154250072e-13 3.587136371748989077e-12 1.583530627290301937e-12 1.381212464937233084e-12 3.163463466698354706e-12 2.803261205988362128e-12 7.737660332785531923e-12 1.695559175723558656e-11 9.321297319311656587e-12 2.032691173301659431e-12 1.535595280799829360e-13 2.925200941945451609e-13 2.123147102882628863e-14 3.765249964554352543e-13 -4.592253143359319874e-13
-8.655059291441687347e-12 -6.643178606562632444e-12 -7.507544751398004354e-12 -7.558104801931473818e-12 4.076800251353689856e-12 1.810877797884239203e-12 -4.378437493741607872e-12 -1.403479381208605063e-12 -2.921262651174947082e-13 -2.603005289266636795e-12 -2.779245654934811920e-12 2.080612743534557544e-12 5.485124214357757552e-12 1.110577634212571744e-12 1.184296419187016183e-12 1.707930540183420235e-12 2.149573780358841389e-12 3.214465799583993718e-12 9.321297319311656587e-12 1.603911970987864591e-11 5.016777241242958724e-12 8.140554819418991042e-13 1.971172396575960316e-12 8.720123334941844914e-13 4.319457113830504469e-13 -5.798102286733790041e-13
-2.676159481976854754e-12 -4.665413120933094015e-12 1.080458122443864233e-12 -1.273819958974889017e-11 9.104176616028873410e-12 2.072661718695273357e-12 3.508492341259020778e-12 5.864862683584522849e-13 -2.744962111493289444e-13 1.346109002177801192e-12 -1.105251080267793885e-12 1.807589146944660267e-12 6.335903309527203742e-13 -2.453729394447061770e-12 -1.571284076313193323e-12 -1.422753722555383518e-12 1.059817653271014751e-13 1.424981424430658074e-12 2.032691173301659431e-12 5.016777241242958724e-12 1.256764478202032698e-11 4.834178501326046706e-12 1.996908953531300698e-12 1.041626393796066663e-12 3.175822970208449161e-13 -5.001188456285620400e-13
-2.332100599529950974e-11 -1.916905923788820002e-11 -9.490668241892439500e-13 -6.682838040997454032e-12 4.494945441324833209e-12 7.654645623812069889e-12 3.783815075009709589e-12 -2.988333397540714889e-12 3.062770685644710907e-12 4.267820738174248131e-13 -1.394151880947582028e-12 2.219655578685543332e-12 9.501545827820953725e-13 -3.497939820983858227e-12 -2.803485984079495388e-12 -1.189561070921263122e-12 -8.335847795154217453e-13 4.491605295466232550e-13 1.535595280799829360e-13 8.140554819418991042e-13 4.834178501326046706e-12 1.114151415024826871e-11 4.085260548938707702e-12 1.687627074671024936e-13 -3.633292554465876555e-13 -2.172398165957004483e-13
2.927247223558672200e-12 -2.704289066792595471e-12 7.226671608209055972e-12 -3.634863141885194940e-12 3.892331047325240844e-12 3.007647543193119241e-12 8.043668630211601779e-13 -2.496406069664679817e-12 2.100463429982889639e-12 -1.911699448507693179e-12 8.080513564768363605e-13 1.738832333252853170e-12 8.911224908627601701e-13 -4.932823247319183806e-13 5.998867804511136106e-13 1.807180106518375368e-13 5.216849629877275593e-14 -6.280109739010688713e-13 2.925200941945451609e-13 1.971172396575960316e-12 1.996908953531300698e-12 4.085260548938707702e-12 8.546693373617072495e-12 1.358888047212583053e-12 -9.980113966545137597e-13 1.121107665382581627e-13
4.786828792032440663e-12 2.006206873355043435e-11 2.869513263711704207e-13 -1.892240251329102505e-12 3.611462181253444320e-12 1.568725378109317676e-12 5.163719208461538736e-13 -1.356699718226804953e-14 -1.126306461568576911e-12 5.555067718931771499e-13 -1.268339958511873283e-12 -9.107832325265046062e-13 3.685455208751101639e-13 4.490607946092589138e-13 1.296142176794058936e-13 -4.533271521561637184e-13 -5.053883275156588452e-14 -4.175971119269419106e-13 2.123147102882628863e-14 8.720123334941844914e-13 1.041626393796066663e-12 1.687627074671024936e-13 1.358888047212583053e-12 5.420055225586790436e-12 6.203408941020693250e-13 -9.386833380121601832e-14
4.179532413134776143e-12 6.722808022496341762e-12 -3.216638150821621131e-13 -1.191273656111557837e-12 1.393773735685305448e-12 -1.684237057972293653e-12 7.549121181890076359e-13 -2.110186950952863017e-13 -1.707285888088241674e-12 1.268171217557335343e-13 -4.496434362402917804e-13 -1.666026232600360603e-12 -1.220677356123968142e-12 5.233058072791432504e-14 -1.655165063225153894e-13 -7.538266958971320018e-13 2.719717104433686659e-13 6.867809290882386547e-13 3.765249964554352543e-13 4.319457113830504469e-13 3.175822970208449161e-13 -3.633292554465876555e-13 -9.980113966545137597e-13 6.203408941020693250e-13 3.360559466632449809e-12 -6.294987662979329741e-14
-3.396779075063883408e-12 -3.010095761051216831e-12 -1.867596546437444039e-13 2.690481924258029858e-12 -1.009373004700888711e-12 -6.592088211766721566e-13 1.963986502610928147e-12 -7.961333547025983981e-13 -5.359616009158620937e-13 9.577451885692505781e-13 3.091213787371618053e-13 -1.726016560278940927e-13 -7.780489011879393746e-13 3.361388133445344828e-13 5.352352397373509180e-13 1.969210208011760475e-13 9.432494013373086130e-13 1.743493134059656190e-13 -4.592253143359319874e-13 -5.798102286733790041e-13 -5.001188456285620400e-13 -2.172398165957004483e-13 1.121107665382581627e-13 -9.386833380121601832e-14 -6.294987662979329741e-14 2.730936823734134427e-12
