3.793327411714807047e-09 5.082661272759950540e-10 -7.025253698349112988e-11 2.124438179652207637e-10 7.954650683411226835e-11 2.076630653546325060e-10 1.984729206972016836e-10 9.267295540072835346e-11 1.796428457466245627e-10 7.908074311904316376e-11 8.107724673826869335e-11 6.214710639077018632e-11 7.712819812177520628e-11 1.115386546162426241e-10 9.213655703178035752e-11 6.562044107795328566e-11 6.667181521328121373e-11 1.436436520601652622e-11 1.282105689600039607e-11 1.523179534649356152e-11 -1.011718200804371254e-11 -1.791902488660375557e-11 -1.035504764353561688e-11 -9.445321601320404118e-12 2.182292839722681487e-11 6.313382665271011660e-12
5.082661272759950540e-10 2.533923217855996393e-09 2.801258719450421085e-10 3.889217547508788402e-10 2.710967475448051290e-10 1.267569223089584508e-10 1.882692505041757402e-10 1.683868848490016991e-10 1.499378865829429051e-10 2.499868370963356552e-11 1.107138381836562655e-10 1.134954555385668948e-10 1.045565627677254337e-10 9.473336668225289204e-11 4.960035198484995921e-11 6.294245358993971217e-11 3.770557266716253719e-11 2.801583012107294051e-11 1.980599450501987023e-11 -5.000484416230369121e-12 -2.059007530584428464e-11 -2.542370571053134818e-11 -5.968684766711604923e-12 -8.247627045099278776e-12 5.530727234696295772e-12 2.077493453115782005e-12
-7.025253698349112988e-11 2.801258719450421085e-10 1.655242466704388988e-09 1.315772483088350814e-10 1.131691169529739512e-10 1.824494011644595714e-13 5.740650133133690885e-11 8.861612149395014348e-11 1.109280636271745555e-10 8.595142828617119296e-11 5.308814260401544640e-11 3.746095850213706624e-12 -1.431459917725361919e-12 1.161876291305344737e-11 4.290786551368188806e-12 -1.120297529213553116e-11 2.428184341712816419e-11 -8.620999469781678821e-12 -1.249574827289257741e-11 1.972084876078990992e-11 9.796685997088714454e-12 1.564986991549122988e-11 2.863606359024802679e-12 -8.740591103121931141e-13 8.245070581790341051e-12 5.984470951797061178e-12
2.124438179652207637e-10 3.889217547508788402e-10 1.315772483088350814e-10 1.047416088199363094e-09 2.109669921849796780e-10 1.565632622375657899e-10 9.230135587155462033e-11 8.858607907834887341e-11 1.041055535253118415e-10 3.397312086806805142e-11 3.118945313441408877e-11 2.313399702638658864e-11 3.429852506338348548e-11 1.844661481523189024e-11 1.424225497339878298e-11 1.837479918196605866e-11 -4.132508070242524655e-12 1.442595286658541271e-11 5.580028665334046834e-12 1.639856967520729142e-11 -3.717553264096342575e-13 1.324560560544309807e-11 -2.126593718566211267e-12 -1.774798215739871386e-11 6.792083697266898310e-12 6.175120889920672727e-12
7.954650683411226835e-11 2.710967475448051290e-10 1.131691169529739512e-10 2.109669921849796780e-10 7.598716712497932653e-10 1.066929727182092267e-10 1.779570670730024940e-11 1.223638612767781943e-11 9.178181160437240319e-11 5.145921333442995582e-11 5.455999430262446001e-11 5.201486404243667233e-11 6.581373983623134822e-11 5.461275379058348505e-11 2.432060714053639754e-11 2.329905181293453114e-11 1.300049573209071312e-11 2.350317357592959304e-11 1.340682143131723330e-11 1.257251914900154145e-11 1.332182634738590238e-11 3.808002251269917339e-12 -8.067298059036756192e-12 -1.712543760049003626e-11 1.352310684228780894e-12 2.801725552472002476e-12
2.076630653546325060e-10 1.267569223089584508e-10 1.824494011644595714e-13 1.565632622375657899e-10 1.066929727182092267e-10 4.706432518667266561e-10 5.490974196259860914e-11 6.463793743177759165e-11 8.886811285737991186e-11 2.283484316159333641e-11 3.044863252375345207e-11 2.653381796446330123e-11 1.664617058521294605e-11 3.349017973697765769e-11 1.578158898590172330e-11 1.541836724486625811e-11 -8.341378489932963689e-14 4.534893787474291204e-12 1.362604581140422044e-11 5.704366591847210254e-13 -1.205196080096270003e-11 4.965388460313813371e-12 -1.857063878335442222e-12 2.867607558806449079e-12 6.328165170364934762e-13 1.928687976627202778e-12
1.984729206972016836e-10 1.882692505041757402e-10 5.740650133133690885e-11 9.230135587155462033e-11 1.779570670730024940e-11 5.490974196259860914e-11 3.632053782534050612e-10 9.862202097980831569e-11 7.416286678706728274e-11 6.371022781958408381e-11 3.426058151068570925e-11 2.074127392930718638e-11 3.620077283701073788e-11 3.275741482347594701e-11 2.232234072191811567e-11 1.128163330305695556e-11 3.837062798423886315e-12 -1.443149233177467673e-12 5.375952220835473177e-12 -3.921333347841159604e-13 -5.508468989489867050e-12 -3.760718946486123787e-12 -1.531638048713219997e-12 2.388031877342927436e-12 4.518529124942094967e-12 1.564404607151693422e-12
9.267295540072835346e-11 1.683868848490016991e-10 8.861612149395014348e-11 8.858607907834887341e-11 1.223638612767781943e-11 6.463793743177759165e-11 9.862202097980831569e-11 2.472873934989507643e-10 9.160732708998927194e-11 4.616597556915962809e-11 2.459758509723288012e-11 2.023177101057316042e-11 1.926514866925209338e-11 2.002931634286255135e-11 2.063762480463393507e-11 1.243861657164958228e-11 8.855994560879370538e-12 3.939620007471160147e-13 -1.948672795997208005e-12 6.860003214814059057e-13 -8.995167860032919190e-12 -6.360355074127161437e-12 -7.798191639509677153e-13 2.390950851259940679e-13 -3.570330963255287838e-13 8.550351691100321769e-12
1.796428457466245627e-10 1.499378865829429051e-10 1.109280636271745555e-10 1.041055535253118415e-10 9.178181160437240319e-11 8.886811285737991186e-11 7.416286678706728274e-11 9.160732708998927194e-11 2.368830849224627818e-10 8.517841253436116805e-11 5.103791782641122328e-11 3.390739491722441519e-11 3.832193951209495242e-11 3.199707393782301458e-11 1.554737898599655254e-11 8.403942705321308798e-12 5.321946095383591160e-12 4.804860442916761985e-12 1.006206982194916611e-11 1.003803390020037604e-12 -6.704220023288351567e-12 5.268391453982094255e-14 -5.282403455053325285e-12 7.283467968296100696e-13 2.550102277232857650e-12 5.173357467433416477e-12
7.908074311904316376e-11 2.499868370963356552e-11 8.595142828617119296e-11 3.397312086806805142e-11 5.145921333442995582e-11 2.283484316159333641e-11 6.371022781958408381e-11 4.616597556915962809e-11 8.517841253436116805e-11 1.389620416367932974e-10 5.919711599036314130e-11 3.487082875458561148e-11 2.743347226866813389e-11 2.139599654384180769e-11 1.268447141439187109e-11 1.011111057304936518e-12 2.554768294208956046e-12 4.803845119212473714e-12 1.064531588268977770e-11 6.140998856805681731e-12 -7.164471603579364577e-13 -1.610369841961017598e-12 -3.005537613309602590e-12 -1.397533194189344007e-12 2.080593483551673588e-12 4.866753672053791209e-12
8.107724673826869335e-11 1.107138381836562655e-10 5.308814260401544640e-11 3.118945313441408877e-11 5.455999430262446001e-11 3.044863252375345207e-11 3.426058151068570925e-11 2.459758509723288012e-11 5.103791782641122328e-11 5.919711599036314130e-11 1.030149569257609926e-10 4.981065484090698647e-11 4.281077284651807104e-11 2.379787345006420649e-11 1.139170678610448400e-11 3.462765716179728854e-12 -4.347847219904035405e-12 -2.640576230459944053e-12 3.602609707751510694e-12 5.532557060474801474e-13 -1.978774075340965513e-13 -2.603601804627465807e-12 -2.794721851711212412e-12 8.009196608064936956e-13 2.193725116197150582e-12 4.422935156731104546e-13
6.214710639077018632e-11 1.134954555385668948e-10 3.746095850213706624e-12 2.313399702638658864e-11 5.201486404243667233e-11 2.653381796446330123e-11 2.074127392930718638e-11 2.023177101057316042e-11 3.390739491722441519e-11 3.487082875458561148e-11 4.981065484090698647e-11 9.852394130027246218e-11 6.464897325751145710e-11 3.579826375744400141e-11 2.022756174560580060e-11 4.213876250280356945e-12 1.687272185419350751e-12 4.671634827028903109e-12 7.371916252915439076e-12 2.399366073379097443e-12 2.109486196085477165e-12 3.543083486360542831e-12 1.988981025550189065e-12 1.745727605278024315e-12 3.688248041632956473e-12 -1.560570335080017511e-13
7.712819812177520628e-11 1.045565627677254337e-10 -1.431459917725361919e-12 3.429852506338348548e-11 6.581373983623134822e-11 1.664617058521294605e-11 3.620077283701073788e-11 1.926514866925209338e-11 3.832193951209495242e-11 2.743347226866813389e-11 4.281077284651807104e-11 6.464897325751145710e-11 9.964085800280300050e-11 6.352287200918689514e-11 3.623721315412084361e-11 1.420146425017849853e-11 9.545128029816893853e-12 4.279590976010749379e-12 1.180978443900000796e-12 -4.949297235804671469e-12 9.993959487621490502e-14 6.115364815246318653e-13 1.882269082853279885e-12 1.220444949839449845e-12 1.815911385801436389e-12 1.772694197000411659e-12
1.115386546162426241e-10 9.473336668225289204e-11 1.161876291305344737e-11 1.844661481523189024e-11 5.461275379058348505e-11 3.349017973697765769e-11 3.275741482347594701e-11 2.002931634286255135e-11 3.199707393782301458e-11 2.139599654384180769e-11 2.379787345006420649e-11 3.579826375744400141e-11 6.352287200918689514e-11 8.999798046592143191e-11 5.101547770604308966e-11 2.464606228948811306e-11 1.427693580109824216e-11 1.037629396731859836e-11 1.884288275421968797e-12 -4.149401814034938545e-12 -1.520410697957769001e-12 -2.517396202134197454e-12 -1.749430350198446353e-12 1.047823220861174861e-12 2.384566535570454028e-12 3.877433449827841764e-12
9.213655703178035752e-11 4.960035198484995921e-11 4.290786551368188806e-12 1.424225497339878298e-11 2.432060714053639754e-11 1.578158898590172330e-11 2.232234072191811567e-11 2.063762480463393507e-11 1.554737898599655254e-11 1.268447141439187109e-11 1.139170678610448400e-11 2.022756174560580060e-11 3.623721315412084361e-11 5.101547770604308966e-11 7.079441385543838502e-11 4.108744633391334495e-11 2.057994385368067570e-11 1.232875777682800654e-11 5.548289434585178350e-12 1.916532197322339790e-12 -5.198554053048617781e-13 3.667529587522579232e-13 3.526190022610456921e-13 -1.213674970433966110e-12 8.282663910319968935e-13 9.385293809681934258e-13
6.562044107795328566e-11 6.294245358993971217e-11 -1.120297529213553116e-11 1.837479918196605866e-11 2.329905181293453114e-11 1.541836724486625811e-11 1.128163330305695556e-11 1.243861657164958228e-11 8.403942705321308798e-12 1.011111057304936518e-12 3.462765716179728854e-12 4.213876250280356945e-12 1.420146425017849853e-11 2.464606228948811306e-11 4.108744633391334495e-11 6.483625068317098754e-11 3.563171097737628997e-11 1.830403826336669649e-11 8.745813688823856908e-12 7.084837964441524937e-12 4.672653133182833393e-12 1.768615000229697850e-12 7.312809019978649428e-13 -4.764077383868116642e-12 -2.455114225391775480e-12 -3.055353168235920036e-14
6.667181521328121373e-11 3.770557266716253719e-11 2.428184341712816419e-11 -4.132508070242524655e-12 1.300049573209071312e-11 -8.341378489932963689e-14 3.837062798423886315e-12 8.855994560879370538e-12 5.321946095383591160e-12 2.554768294208956046e-12 -4.347847219904035405e-12 1.687272185419350751e-12 9.545128029816893853e-12 1.427693580109824216e-11 2.057994385368067570e-11 3.563171097737628997e-11 5.321205512547501429e-11 2.729147534531586086e-11 8.142500874086710804e-12 5.761134106635983817e-12 7.401358180586502839e-12 -1.223695967059052816e-12 2.496403211699512504e-12 -1.139898734907274968e-12 -1.633830293998634906e-12 8.916033977694951607e-13
1.436436520601652622e-11 2.801583012107294051e-11 -8.620999469781678821e-12 1.442595286658541271e-11 2.350317357592959304e-11 4.534893787474291204e-12 -1.443149233177467673e-12 3.939620007471160147e-13 4.804860442916761985e-12 4.803845119212473714e-12 -2.640576230459944053e-12 4.671634827028903109e-12 4.279590976010749379e-12 1.037629396731859836e-11 1.232875777682800654e-11 1.830403826336669649e-11 2.729147534531586086e-11 4.564299622564068080e-11 2.535573023110662530e-11 1.321065319843497699e-11 1.029435172230881457e-11 5.852180101253403465e-12 2.301313363336430190e-12 -1.196987733606979701e-12 -1.901820745936922453e-12 1.789437516823252277e-12
1.282105689600039607e-11 1.980599450501987023e-11 -1.249574827289257741e-11 5.580028665334046834e-12 1.340682143131723330e-11 1.362604581140422044e-11 5.375952220835473177e-12 -1.948672795997208005e-12 1.006206982194916611e-11 1.064531588268977770e-11 3.602609707751510694e-12 7.371916252915439076e-12 1.180978443900000796e-12 1.884288275421968797e-12 5.548289434585178350e-12 8.745813688823856908e-12 8.142500874086710804e-12 2.535573023110662530e-11 4.522725648314431254e-11 2.632215591972939483e-11 1.142657228426620076e-11 6.000895541091994506e-12 3.092310375452126090e-12 9.085938788941093286e-13 7.671456040451722974e-13 -7.878730538328143705e-13
1.523179534649356152e-11 -5.000484416230369121e-12 1.972084876078990992e-11 1.639856967520729142e-11 1.257251914900154145e-11 5.704366591847210254e-13 -3.921333347841159604e-13 6.860003214814059057e-13 1.003803390020037604e-12 6.140998856805681731e-12 5.532557060474801474e-13 2.399366073379097443e-12 -4.949297235804671469e-12 -4.149401814034938545e-12 1.916532197322339790e-12 7.084837964441524937e-12 5.761134106635983817e-12 1.321065319843497699e-11 2.632215591972939483e-11 4.246666474666131026e-11 2.061211838578844124e-11 1.272243345652972974e-11 7.856635159337677177e-12 1.376834304866318851e-12 -2.027649209586496306e-13 -2.113202819473133301e-12
-1.011718200804371254e-11 -2.059007530584428464e-11 9.796685997088714454e-12 -3.717553264096342575e-13 1.332182634738590238e-11 -1.205196080096270003e-11 -5.508468989489867050e-12 -8.995167860032919190e-12 -6.704220023288351567e-12 -7.164471603579364577e-13 -1.978774075340965513e-13 2.109486196085477165e-12 9.993959487621490502e-14 -1.520410697957769001e-12 -5.198554053048617781e-13 4.672653133182833393e-12 7.401358180586502839e-12 1.029435172230881457e-11 1.142657228426620076e-11 2.061211838578844124e-11 3.572841533466213303e-11 1.797800920209818562e-11 8.256658314913165661e-12 2.005913517852224787e-12 -1.496892543406324581e-12 -1.306401784899345355e-12
-1.791902488660375557e-11 -2.542370571053134818e-11 1.564986991549122988e-11 1.324560560544309807e-11 3.808002251269917339e-12 4.965388460313813371e-12 -3.760718946486123787e-12 -6.360355074127161437e-12 5.268391453982094255e-14 -1.610369841961017598e-12 -2.603601804627465807e-12 3.543083486360542831e-12 6.115364815246318653e-13 -2.517396202134197454e-12 3.667529587522579232e-13 1.768615000229697850e-12 -1.223695967059052816e-12 5.852180101253403465e-12 6.000895541091994506e-12 1.272243345652972974e-11 1.797800920209818562e-11 3.343292810521070947e-11 1.360946781235959227e-11 2.363076320622667194e-12 -1.900494676422099558e-12 -1.742647397388542505e-12
-1.035504764353561688e-11 -5.968684766711604923e-12 2.863606359024802679e-12 -2.126593718566211267e-12 -8.067298059036756192e-12 -1.857063878335442222e-12 -1.531638048713219997e-12 -7.798191639509677153e-13 -5.282403455053325285e-12 -3.005537613309602590e-12 -2.794721851711212412e-12 1.988981025550189065e-12 1.882269082853279885e-12 -1.749430350198446353e-12 3.526190022610456921e-13 7.312809019978649428e-13 2.496403211699512504e-12 2.301313363336430190e-12 3.092310375452126090e-12 7.856635159337677177e-12 8.256658314913165661e-12 1.360946781235959227e-11 2.210800145361528974e-11 5.045191303542859170e-12 -2.872609275658568448e-12 -3.456342806624900222e-12
-9.445321601320404118e-12 -8.247627045099278776e-12 -8.740591103121931141e-13 -1.774798215739871386e-11 -1.712543760049003626e-11 2.867607558806449079e-12 2.388031877342927436e-12 2.390950851259940679e-13 7.283467968296100696e-13 -1.397533194189344007e-12 8.009196608064936956e-13 1.745727605278024315e-12 1.220444949839449845e-12 1.047823220861174861e-12 -1.213674970433966110e-12 -4.764077383868116642e-12 -1.139898734907274968e-12 -1.196987733606979701e-12 9.085938788941093286e-13 1.376834304866318851e-12 2.005913517852224787e-12 2.363076320622667194e-12 5.045191303542859170e-12 1.143473252035454917e-11 7.904306629064334312e-14 -1.029231252357024258e-12
2.182292839722681487e-11 5.530727234696295772e-12 8.245070581790341051e-12 6.792083697266898310e-12 1.352310684228780894e-12 6.328165170364934762e-13 4.518529124942094967e-12 -3.570330963255287838e-13 2.550102277232857650e-12 2.080593483551673588e-12 2.193725116197150582e-12 3.688248041632956473e-12 1.815911385801436389e-12 2.384566535570454028e-12 8.282663910319968935e-13 -2.455114225391775480e-12 -1.633830293998634906e-12 -1.901820745936922453e-12 7.671456040451722974e-13 -2.027649209586496306e-13 -1.496892543406324581e-12 -1.900494676422099558e-12 -2.872609275658568448e-12 7.904306629064334312e-14 9.868703228970160775e-12 1.175740938777663187e-12
6.313382665271011660e-12 2.077493453115782005e-12 5.984470951797061178e-12 6.175120889920672727e-12 2.801725552472002476e-12 1.928687976627202778e-12 1.564404607151693422e-12 8.550351691100321769e-12 5.173357467433416477e-12 4.866753672053791209e-12 4.422935156731104546e-13 -1.560570335080017511e-13 1.772694197000411659e-12 3.877433449827841764e-12 9.385293809681934258e-13 -3.055353168235920036e-14 8.916033977694951607e-13 1.789437516823252277e-12 -7.878730538328143705e-13 -2.113202819473133301e-12 -1.306401784899345355e-12 -1.742647397388542505e-12 -3.456342806624900222e-12 -1.029231252357024258e-12 1.175740938777663187e-12 7.638977214644166285e-12
