2.624364672310154298e-09 -1.152568973562394931e-10 2.619564032247714072e-10 -4.979174850081983424e-11 3.169877960608842183e-11 -8.240097567730168758e-14 -3.491754935676507363e-11 -8.519126371526399732e-11 2.467131391037277748e-12 8.087340270365819075e-12 -5.671506685796624648e-11 -4.113651432136549405e-11 -4.833324223321272352e-12 5.114475159618690509e-14 -2.849895706053245750e-11 -2.330422734931492364e-12 -3.180029020668889476e-11 -5.554542207448676129e-12 1.081309634620399380e-11 2.245265541141433267e-12 -2.518677389195253385e-12 -1.411023957135981281e-11 -1.029740461754103410e-11 -1.226086458793573167e-12 1.023284599661251412e-11 3.028533699250939019e-12
-1.152568973562394931e-10 1.798416839358389981e-09 1.415077426896193164e-11 -6.563734449347259588e-11 -6.785427703130880943e-11 -1.322079209389788928e-11 1.964150006403749844e-11 -2.986649566940720887e-11 1.441268466102855898e-11 1.243975212622691988e-11 5.971452182197546108e-13 9.616857092830870687e-12 -1.371774002187273271e-11 7.891927646292294710e-12 1.278827311475103812e-12 -1.109150685059988170e-11 -3.659402451086366771e-13 1.145702443633553662e-11 4.255013447688876386e-12 6.349224023355233123e-13 -1.412355040055738540e-11 -7.095718372292039534e-12 -3.654083388405630649e-13 -6.288700605074631480e-12 1.751103173847813032e-12 5.956360858868644819e-14
2.619564032247714072e-10 1.415077426896193164e-11 1.118510985756248677e-09 2.136039583780351769e-11 1.325013427174758263e-11 -4.298096377478927050e-11 8.718354749861848135e-12 -5.398275604092210983e-11 4.654538095671031639e-11 -1.109234308543043908e-11 1.256371203258150891e-11 -3.786145103567271298e-12 2.054945968941889402e-11 1.107707964632800762e-11 7.825744692024991389e-12 1.177319421762820986e-11 2.692420509882279864e-13 -2.174989042919562624e-12 8.539108243316249134e-12 -4.493170029562320265e-12 -6.609662549341907734e-12 -5.198172401797563259e-12 1.306452706378712715e-13 2.561321868483017667e-12 2.380079447280448329e-13 2.435213092795274891e-13
-4.979174850081983424e-11 -6.563734449347259588e-11 2.136039583780351769e-11 8.877125479856486498e-10 7.865710633186473208e-11 5.930255700626628167e-11 -1.842021099745272487e-11 4.097688524226788114e-12 2.371811122631856558e-11 -2.479838187488073561e-11 -2.471911589943510980e-11 -1.087972999406972543e-11 3.059672866237259829e-12 -4.090375058088757433e-12 -1.119527546771484237e-11 -6.574356066807510746e-12 -1.439705780783019789e-11 -2.019318211227564483e-12 1.059014243407215197e-12 2.412306494541844521e-14 2.794368110430448288e-12 -5.496734367581027432e-12 4.218917270031149893e-12 1.116205409137363392e-11 2.371033795326567286e-12 7.347705194653368726e-12
3.169877960608842183e-11 -6.785427703130880943e-11 1.325013427174758263e-11 7.865710633186473208e-11 5.729134577435477034e-10 4.470157947653814189e-11 -3.640424180506750494e-12 -5.823101984010338287e-12 -1.822534447846826140e-11 1.104072904723753402e-11 1.221103272741866145e-11 -3.059792308417579690e-12 9.838959310158451937e-12 -2.831745009824058878e-12 -3.112002780621390251e-12 -1.732432038239129736e-13 -6.005242542474189440e-12 6.042565748699697664e-12 1.248115138984655749e-11 5.509368860567157728e-12 3.841009921793154420e-12 6.024653820481001210e-12 2.525840766384423299e-12 -6.810790396116380290e-13 -4.823930086036757355e-13 -2.452834036843156867e-12
-8.240097567730168758e-14 -1.322079209389788928e-11 -4.298096377478927050e-11 5.930255700626628167e-11 4.470157947653814189e-11 3.275143855828890842e-10 8.694695369017991222e-12 3.023018830349333628e-11 1.610920675671522581e-11 7.444775502492299565e-12 9.628024457938494494e-12 5.649443992351151444e-12 -2.519912571485556545e-12 -5.682042744327068397e-12 -7.397041599800613796e-12 -8.537575861421567813e-12 -9.942786772083608791e-12 5.494125928484443205e-12 7.198060052593872556e-12 3.214049409386313739e-12 6.962302279689601559e-12 3.598167982437209410e-12 1.745754728726567415e-12 2.211992321918844587e-12 -4.819879092465046346e-13 -1.618422894034924683e-12
-3.491754935676507363e-11 1.964150006403749844e-11 8.718354749861848135e-12 -1.842021099745272487e-11 -3.640424180506750494e-12 8.694695369017991222e-12 2.283167906486023105e-10 5.204691756926047075e-11 1.746443928870916301e-11 1.330073716645002058e-11 1.430351882170194664e-11 -5.433082530071330389e-12 -4.666782163328423876e-12 -2.623996426239147742e-12 -1.354400917481292439e-13 8.699282632007219803e-12 8.555365958754549428e-12 5.820147561395523850e-12 -1.845574524639265765e-13 -4.413887703592764955e-13 -1.607190003266558192e-12 -4.570003861860045260e-12 -5.437733976546956353e-13 -6.157842595579264310e-13 -1.715647577635790301e-12 -2.831257310188369722e-12
-8.519126371526399732e-11 -2.986649566940720887e-11 -5.398275604092210983e-11 4.097688524226788114e-12 -5.823101984010338287e-12 3.023018830349333628e-11 5.204691756926047075e-11 1.640470421081218151e-10 1.247040183044039284e-11 2.137963965714242849e-11 1.860581736720116436e-11 5.471461430354713515e-12 3.978156064996197872e-12 5.319762718762559269e-12 4.652723489037083719e-12 3.575480492452711915e-12 -4.367483018827519719e-12 -1.697413749111407566e-12 1.536999007198160064e-12 1.077323671272697905e-12 3.214047820704956332e-12 1.546157980646678769e-12 -1.130120256414676980e-12 2.511809847315568077e-13 -7.898290138998379055e-13 -4.625974336778534531e-13
2.467131391037277748e-12 1.441268466102855898e-11 4.654538095671031639e-11 2.371811122631856558e-11 -1.822534447846826140e-11 1.610920675671522581e-11 1.746443928870916301e-11 1.247040183044039284e-11 9.997322686062172114e-11 2.165343822875900037e-11 1.039848907973428778e-11 1.605498703752202766e-12 5.815592028536247019e-12 6.697603793669851556e-12 6.032226325634272172e-12 5.967440178754430998e-12 1.837588297131388806e-12 -5.681302019473573807e-13 6.587358427097597973e-13 -1.778579788162442584e-12 -2.950748126197980833e-13 -1.691920470620820409e-13 -1.135328620245663495e-12 7.118597484252676468e-13 -6.261758489481761463e-15 -7.729594050695362536e-13
8.087340270365819075e-12 1.243975212622691988e-11 -1.109234308543043908e-11 -2.479838187488073561e-11 1.104072904723753402e-11 7.444775502492299565e-12 1.330073716645002058e-11 2.137963965714242849e-11 2.165343822875900037e-11 8.377797217474955527e-11 2.325200526760548565e-11 1.019495704742809466e-11 6.579641920083801393e-12 2.608445083623155374e-12 4.490010312789553148e-12 2.131187582688859619e-12 -2.262655132904008411e-12 1.626381247441496246e-14 2.196022402737645860e-12 -3.873657310898256594e-14 -1.584412798714341014e-13 -5.043239843344176565e-13 -3.345980845112202617e-13 -1.118959964001252122e-12 -9.286551040813145968e-13 -3.618032089342685044e-13
-5.671506685796624648e-11 5.971452182197546108e-13 1.256371203258150891e-11 -2.471911589943510980e-11 1.221103272741866145e-11 9.628024457938494494e-12 1.430351882170194664e-11 1.860581736720116436e-11 1.039848907973428778e-11 2.325200526760548565e-11 5.897233172093025724e-11 1.355763204882023954e-11 6.681261980271519935e-12 1.910930688692959849e-12 3.821530379477047200e-12 9.366673886522409775e-13 2.893988675379160441e-12 2.758456796526599251e-12 3.943321300831063118e-13 -5.470199627448433829e-15 -1.156179987890578913e-12 -1.382001548649453827e-12 6.423091314658882277e-14 9.144102488877905191e-13 -3.598992628109643135e-13 -6.697632895070097117e-13
-4.113651432136549405e-11 9.616857092830870687e-12 -3.786145103567271298e-12 -1.087972999406972543e-11 -3.059792308417579690e-12 5.649443992351151444e-12 -5.433082530071330389e-12 5.471461430354713515e-12 1.605498703752202766e-12 1.019495704742809466e-11 1.355763204882023954e-11 4.709679584617213230e-11 1.577176943071639038e-11 7.410829965413041550e-12 5.722285302593955964e-12 5.377932773931778506e-13 1.310957893720354881e-12 2.020811957315476350e-12 -4.700914266689180528e-13 1.118238215191364063e-12 1.247032758372681327e-12 -1.230351305275675346e-13 1.598128352075654887e-12 9.341500328186802082e-13 4.186042332774022356e-13 -5.083776524599531075e-13
-4.833324223321272352e-12 -1.371774002187273271e-11 2.054945968941889402e-11 3.059672866237259829e-12 9.838959310158451937e-12 -2.519912571485556545e-12 -4.666782163328423876e-12 3.978156064996197872e-12 5.815592028536247019e-12 6.579641920083801393e-12 6.681261980271519935e-12 1.577176943071639038e-11 3.833295151678880608e-11 1.577276035983103808e-11 1.016609878642327678e-11 6.223208103697807742e-12 1.443340574981737116e-12 -1.514796826528046093e-12 -5.616309867683099428e-13 -1.744503193565945765e-12 2.826940031310938620e-13 -5.744396148563462570e-13 -3.236013913751868284e-13 1.288731361611025281e-12 6.488647614193594858e-14 -7.343963817902235469e-14
5.114475159618690509e-14 7.891927646292294710e-12 1.107707964632800762e-11 -4.090375058088757433e-12 -2.831745009824058878e-12 -5.682042744327068397e-12 -2.623996426239147742e-12 5.319762718762559269e-12 6.697603793669851556e-12 2.608445083623155374e-12 1.910930688692959849e-12 7.410829965413041550e-12 1.577276035983103808e-11 3.019347535431090916e-11 1.764513613793183258e-11 9.197482334919844985e-12 4.015031590066327260e-12 1.793203118972287478e-12 1.122456698832124937e-12 -1.481396705692321380e-12 -6.900383561388773081e-13 1.501342451586883546e-12 -3.750802913938881783e-13 -3.329942739867226033e-13 -1.855475104300480990e-13 -3.526341579730528185e-13
-2.849895706053245750e-11 1.278827311475103812e-12 7.825744692024991389e-12 -1.119527546771484237e-11 -3.112002780621390251e-12 -7.397041599800613796e-12 -1.354400917481292439e-13 4.652723489037083719e-12 6.032226325634272172e-12 4.490010312789553148e-12 3.821530379477047200e-12 5.722285302593955964e-12 1.016609878642327678e-11 1.764513613793183258e-11 2.913710600120105226e-11 1.243766489439295353e-11 4.658422522199402826e-12 3.481702089359739903e-12 9.756909932437824528e-13 -1.162690244370821977e-12 -3.532475505942776053e-13 1.603727904267590047e-12 2.061765456929055012e-13 -1.352557261160435806e-12 -5.590163516389800160e-13 -1.124659820341953061e-13
-2.330422734931492364e-12 -1.109150685059988170e-11 1.177319421762820986e-11 -6.574356066807510746e-12 -1.732432038239129736e-13 -8.537575861421567813e-12 8.699282632007219803e-12 3.575480492452711915e-12 5.967440178754430998e-12 2.131187582688859619e-12 9.366673886522409775e-13 5.377932773931778506e-13 6.223208103697807742e-12 9.197482334919844985e-12 1.243766489439295353e-11 2.254669278879381541e-11 9.650930828059030658e-12 3.686081113257276396e-12 1.032630811841932261e-12 -4.630961164642374314e-13 -8.637904008130098197e-13 1.113658695532191705e-12 2.955216427477744864e-13 -3.505999983920742231e-13 -6.920862667764044111e-13 9.479821290373069409e-14
-3.180029020668889476e-11 -3.659402451086366771e-13 2.692420509882279864e-13 -1.439705780783019789e-11 -6.005242542474189440e-12 -9.942786772083608791e-12 8.555365958754549428e-12 -4.367483018827519719e-12 1.837588297131388806e-12 -2.262655132904008411e-12 2.893988675379160441e-12 1.310957893720354881e-12 1.443340574981737116e-12 4.015031590066327260e-12 4.658422522199402826e-12 9.650930828059030658e-12 2.109412223946145553e-11 8.745733124046416174e-12 1.691940895865576081e-12 1.642317102251275794e-12 2.134074167358220704e-13 3.790164212718733419e-13 4.236816404634021652e-13 1.247041780322230937e-13 -3.563514737043497415e-13 -8.639027208317051647e-13
-5.554542207448676129e-12 1.145702443633553662e-11 -2.174989042919562624e-12 -2.019318211227564483e-12 6.042565748699697664e-12 5.494125928484443205e-12 5.820147561395523850e-12 -1.697413749111407566e-12 -5.681302019473573807e-13 1.626381247441496246e-14 2.758456796526599251e-12 2.020811957315476350e-12 -1.514796826528046093e-12 1.793203118972287478e-12 3.481702089359739903e-12 3.686081113257276396e-12 8.745733124046416174e-12 1.626406467498393979e-11 5.948145669138234048e-12 1.768345659273927507e-12 5.391842090285013289e-13 3.134613085989521223e-13 1.150053783786962680e-13 -6.427673462275065837e-13 -1.119859193294519489e-13 -1.288930805562102287e-12
1.081309634620399380e-11 4.255013447688876386e-12 8.539108243316249134e-12 1.059014243407215197e-12 1.248115138984655749e-11 7.198060052593872556e-12 -1.845574524639265765e-13 1.536999007198160064e-12 6.587358427097597973e-13 2.196022402737645860e-12 3.943321300831063118e-13 -4.700914266689180528e-13 -5.616309867683099428e-13 1.122456698832124937e-12 9.756909932437824528e-13 1.032630811841932261e-12 1.691940895865576081e-12 5.948145669138234048e-12 1.387188149965715960e-11 5.141356533433321046e-12 1.427008169323367581e-12 8.603781836205794515e-13 -8.709672763129011447e-13 8.807638635805347235e-14 9.215944599338052993e-14 -9.811705782808126546e-13
2.245265541141433267e-12 6.349224023355233123e-13 -4.493170029562320265e-12 2.412306494541844521e-14 5.509368860567157728e-12 3.214049409386313739e-12 -4.413887703592764955e-13 1.077323671272697905e-12 -1.778579788162442584e-12 -3.873657310898256594e-14 -5.470199627448433829e-15 1.118238215191364063e-12 -1.744503193565945765e-12 -1.481396705692321380e-12 -1.162690244370821977e-12 -4.630961164642374314e-13 1.642317102251275794e-12 1.768345659273927507e-12 5.141356533433321046e-12 1.130215747379103972e-11 5.454846028069812306e-12 1.752336905447261014e-12 -3.044236865460514216e-13 -1.811761299299918071e-13 1.857831064015489322e-13 -8.729012814753696381e-13
-2.518677389195253385e-12 -1.412355040055738540e-11 -6.609662549341907734e-12 2.794368110430448288e-12 3.841009921793154420e-12 6.962302279689601559e-12 -1.607190003266558192e-12 3.214047820704956332e-12 -2.950748126197980833e-13 -1.584412798714341014e-13 -1.156179987890578913e-12 1.247032758372681327e-12 2.826940031310938620e-13 -6.900383561388773081e-13 -3.532475505942776053e-13 -8.637904008130098197e-13 2.134074167358220704e-13 5.391842090285013289e-13 1.427008169323367581e-12 5.454846028069812306e-12 1.120032287452748491e-11 4.152243952155890710e-12 7.132395545920022342e-13 2.002928494271290108e-13 -3.957743763866117264e-13 -7.968153007086338214e-13
-1.411023957135981281e-11 -7.095718372292039534e-12 -5.198172401797563259e-12 -5.496734367581027432e-12 6.024653820481001210e-12 3.598167982437209410e-12 -4.570003861860045260e-12 1.546157980646678769e-12 -1.691920470620820409e-13 -5.043239843344176565e-13 -1.382001548649453827e-12 -1.230351305275675346e-13 -5.744396148563462570e-13 1.501342451586883546e-12 1.603727904267590047e-12 1.113658695532191705e-12 3.790164212718733419e-13 3.134613085989521223e-13 8.603781836205794515e-13 1.752336905447261014e-12 4.152243952155890710e-12 7.934759239797988493e-12 2.224588096535927163e-12 2.470765836982613184e-14 -3.854313338779735720e-13 -6.124709565158065544e-13
-1.029740461754103410e-11 -3.654083388405630649e-13 1.306452706378712715e-13 4.218917270031149893e-12 2.525840766384423299e-12 1.745754728726567415e-12 -5.437733976546956353e-13 -1.130120256414676980e-12 -1.135328620245663495e-12 -3.345980845112202617e-13 6.423091314658882277e-14 1.598128352075654887e-12 -3.236013913751868284e-13 -3.750802913938881783e-13 2.061765456929055012e-13 2.955216427477744864e-13 4.236816404634021652e-13 1.150053783786962680e-13 -8.709672763129011447e-13 -3.044236865460514216e-13 7.132395545920022342e-13 2.224588096535927163e-12 5.067075908874002002e-12 1.110277501523958263e-12 -3.098944362637973100e-14 -3.870341560285825654e-13
-1.226086458793573167e-12 -6.288700605074631480e-12 2.561321868483017667e-12 1.116205409137363392e-11 -6.810790396116380290e-13 2.211992321918844587e-12 -6.157842595579264310e-13 2.511809847315568077e-13 7.118597484252676468e-13 -1.118959964001252122e-12 9.144102488877905191e-13 9.341500328186802082e-13 1.288731361611025281e-12 -3.329942739867226033e-13 -1.352557261160435806e-12 -3.505999983920742231e-13 1.247041780322230937e-13 -6.427673462275065837e-13 8.807638635805347235e-14 -1.811761299299918071e-13 2.002928494271290108e-13 2.470765836982613184e-14 1.110277501523958263e-12 4.187209999973227992e-12 5.728547721502105787e-13 -1.594303881994255404e-13
1.023284599661251412e-11 1.751103173847813032e-12 2.380079447280448329e-13 2.371033795326567286e-12 -4.823930086036757355e-13 -4.819879092465046346e-13 -1.715647577635790301e-12 -7.898290138998379055e-13 -6.261758489481761463e-15 -9.286551040813145968e-13 -3.598992628109643135e-13 4.186042332774022356e-13 6.488647614193594858e-14 -1.855475104300480990e-13 -5.590163516389800160e-13 -6.920862667764044111e-13 -3.563514737043497415e-13 -1.119859193294519489e-13 9.215944599338052993e-14 1.857831064015489322e-13 -3.957743763866117264e-13 -3.854313338779735720e-13 -3.098944362637973100e-14 5.728547721502105787e-13 2.726416652138116575e-12 4.425666979168135474e-13
3.028533699250939019e-12 5.956360858868644819e-14 2.435213092795274891e-13 7.347705194653368726e-12 -2.452834036843156867e-12 -1.618422894034924683e-12 -2.831257310188369722e-12 -4.625974336778534531e-13 -7.729594050695362536e-13 -3.618032089342685044e-13 -6.697632895070097117e-13 -5.083776524599531075e-13 -7.343963817902235469e-14 -3.526341579730528185e-13 -1.124659820341953061e-13 9.479821290373069409e-14 -8.639027208317051647e-13 -1.288930805562102287e-12 -9.811705782808126546e-13 -8.729012814753696381e-13 -7.968153007086338214e-13 -6.124709565158065544e-13 -3.870341560285825654e-13 -1.594303881994255404e-13 4.425666979168135474e-13 2.220992721200827067e-12
