4.237040222573826480e-09 3.901230786318224970e-10 1.112041992773288586e-10 1.395565885317165336e-10 1.139111695673330484e-10 1.143585747367521397e-10 2.957930225306751436e-11 -5.646230751433001446e-11 -4.504506885627476329e-11 -1.742372491638423579e-11 -3.974829584233007945e-11 1.661246116577906991e-11 9.414111602520593684e-12 3.078900134578992023e-11 8.888212550380343792e-11 7.214192180900647202e-11 4.463635387035360043e-11 4.203295723381174774e-11 2.215967779040915007e-11 -8.108888776813228667e-13 -2.159912834348430895e-11 -5.433598367814676850e-11 -3.581588537407101087e-11 -1.480041223592278227e-11 4.999595119988204994e-12 -1.874879446931614988e-12
3.901230786318224970e-10 2.874877956547111460e-09 4.628512886531049280e-10 -4.205288101191531237e-11 1.843612544876627635e-10 2.415158984591664916e-11 -5.601026854949399546e-11 7.064738790053362594e-11 3.025066399763336614e-11 3.965236178153126696e-11 5.725615368015786031e-11 8.332683777960541119e-11 1.991503198503887691e-11 1.780995529007105494e-11 -4.436466340845151722e-11 7.743955331240229721e-12 1.532582692297130499e-11 -3.204098004027360756e-12 9.275345292100517811e-12 1.632256583477455621e-11 3.187488480274359444e-11 5.053434382475222216e-12 -1.421078851756881519e-11 -1.000058083189611374e-11 1.069791334096262359e-11 1.525282013612700186e-11
1.112041992773288586e-10 4.628512886531049280e-10 1.894412140912043032e-09 9.864351328869756273e-11 8.170288062745199363e-11 1.473437110500925411e-10 1.060696721203507788e-10 9.243994431597753926e-11 7.963196240596647563e-11 9.347706733513485206e-11 6.154335047449350471e-11 5.935313683248468345e-11 7.553951047964191239e-11 1.614303284781496016e-11 9.990953979806505642e-12 1.251772515692219416e-11 -4.074236914605940094e-12 3.990950957451103428e-12 2.890170178940740635e-12 -6.813429015477394018e-12 7.320616107916043067e-12 3.388105377679761803e-12 -1.196540395192511722e-11 -5.217299451727889906e-12 3.714923592614032968e-12 -2.263712296724969781e-12
1.395565885317165336e-10 -4.205288101191531237e-11 9.864351328869756273e-11 1.391201640643440616e-09 2.449142496189107525e-10 5.602058610357006939e-11 4.209964566568321129e-11 2.123489323464223483e-11 -3.828711750628820552e-11 7.060493351756660378e-11 1.386282876835207534e-11 -1.707579003599355376e-12 -1.515976603124089947e-12 -8.383582072771239483e-12 -3.306378088276905560e-12 -3.534358521453423394e-12 6.846116238479785907e-12 1.816459043446796553e-11 1.103405943337945069e-11 8.210472922999089603e-12 2.666556185654506214e-11 1.258506123184134750e-11 -7.723951619885816064e-13 1.618044004374248135e-12 9.433185029349124286e-12 1.300507599176356823e-12
1.139111695673330484e-10 1.843612544876627635e-10 8.170288062745199363e-11 2.449142496189107525e-10 8.858860366387973524e-10 1.214101489168282296e-10 7.356955061007493387e-11 1.337789006169918708e-11 2.871887996386141780e-11 6.407577247743443448e-11 -1.989689870717507553e-12 -7.980026913502811202e-12 -6.467786262793653270e-12 1.247340810686787502e-11 1.366031845101666395e-11 -6.269480858095137376e-12 -1.844689195798437932e-11 -6.461531940451858378e-12 1.991209111465195122e-11 1.464889866703866525e-11 -2.928620328600981235e-12 8.552626510627042652e-12 -2.190424102403802829e-12 -1.412917074163466682e-12 -2.717536978233547182e-12 2.104558298981005876e-12
1.143585747367521397e-10 2.415158984591664916e-11 1.473437110500925411e-10 5.602058610357006939e-11 1.214101489168282296e-10 5.438823742354035828e-10 8.384005083001684159e-11 4.721288653640105865e-11 4.294267800466832041e-11 1.896951636152875915e-11 -4.556751730040876349e-12 -5.045782374444454203e-12 -6.633504977095527586e-12 -1.223364197260617716e-11 1.432462859440696833e-11 1.232394473177497676e-11 1.352092926184458720e-11 1.229323051871602038e-11 6.933889523968726487e-12 -1.060403531675969928e-11 -3.060577969334479045e-13 -6.611213911790236519e-12 6.385484879535219411e-14 1.404073160348954684e-11 -2.434357623464240219e-12 -3.750317807407566428e-12
2.957930225306751436e-11 -5.601026854949399546e-11 1.060696721203507788e-10 4.209964566568321129e-11 7.356955061007493387e-11 8.384005083001684159e-11 3.211042355628181899e-10 4.374155712386677107e-11 3.000243279244489602e-11 3.640515894888548292e-11 1.688383154038026838e-11 3.845642372953942822e-12 7.147600943019081620e-12 2.322440118773196010e-12 7.975451481833833362e-12 3.400736965863652989e-12 -2.525205936556539501e-12 2.086392225460533645e-12 5.929662825333491934e-12 -4.951261978920363117e-12 -1.143961279675055744e-11 -8.982856153542338121e-12 -6.758825795118336452e-12 4.420389823541194904e-12 2.934827278441798734e-12 3.585166876857853687e-12
-5.646230751433001446e-11 7.064738790053362594e-11 9.243994431597753926e-11 2.123489323464223483e-11 1.337789006169918708e-11 4.721288653640105865e-11 4.374155712386677107e-11 2.750104509895157417e-10 4.070087876038613533e-11 3.951114372880729399e-11 2.515760131785461446e-11 2.920077869367097654e-11 1.614489859373975738e-11 1.355849749608181972e-11 8.729520613456493112e-12 9.824379127438987361e-12 1.164788446652280994e-11 9.727887928080725620e-12 6.715326834062102084e-12 3.703030717452564014e-12 2.809470194142241589e-12 1.530366115002635851e-13 8.718133847255889036e-13 4.325214147088771234e-12 5.257855924820288191e-12 2.719353452997249057e-12
-4.504506885627476329e-11 3.025066399763336614e-11 7.963196240596647563e-11 -3.828711750628820552e-11 2.871887996386141780e-11 4.294267800466832041e-11 3.000243279244489602e-11 4.070087876038613533e-11 1.784093937223532150e-10 5.496226011484751007e-11 3.621121958703055423e-11 1.916085073854619799e-11 1.697459186262798816e-11 9.751711019886364648e-12 -4.961999503011691884e-13 -3.137080193559371329e-12 9.222294777033412505e-13 2.230391199388819386e-12 1.731451900380141942e-12 -1.424864373806501151e-11 -1.248015138572513282e-11 -7.028114041407848739e-12 -1.655730398494100815e-12 -1.161503906882084614e-12 1.903584569160525401e-12 1.133038851331011082e-12
-1.742372491638423579e-11 3.965236178153126696e-11 9.347706733513485206e-11 7.060493351756660378e-11 6.407577247743443448e-11 1.896951636152875915e-11 3.640515894888548292e-11 3.951114372880729399e-11 5.496226011484751007e-11 1.761750124818947152e-10 4.953747430711314279e-11 3.059450315073578154e-11 2.445897221241492116e-11 8.143476535502513485e-12 4.593359674328951690e-12 4.659115542060507929e-12 6.317321952136292382e-12 8.594647543909792808e-12 8.997734027036301546e-12 4.317330454634228086e-12 4.073691375411542720e-12 -3.606733255110726306e-12 -9.808054126228445154e-13 -9.344692785240310823e-13 -1.556446482589825075e-13 5.835908597846834648e-12
-3.974829584233007945e-11 5.725615368015786031e-11 6.154335047449350471e-11 1.386282876835207534e-11 -1.989689870717507553e-12 -4.556751730040876349e-12 1.688383154038026838e-11 2.515760131785461446e-11 3.621121958703055423e-11 4.953747430711314279e-11 9.617984452878100789e-11 4.242335018316026586e-11 2.543046130081536846e-11 9.174604279521453388e-12 7.069872362711463993e-12 5.559708589182558005e-12 5.748217705910174581e-12 9.653512644901264000e-12 6.300929607242225224e-12 -1.364783181926420671e-12 -2.337529868208140720e-12 -2.541878163850206570e-12 1.813085016073282165e-12 -1.062501298546489890e-12 -4.726710891924435079e-13 3.430241927822744180e-12
1.661246116577906991e-11 8.332683777960541119e-11 5.935313683248468345e-11 -1.707579003599355376e-12 -7.980026913502811202e-12 -5.045782374444454203e-12 3.845642372953942822e-12 2.920077869367097654e-11 1.916085073854619799e-11 3.059450315073578154e-11 4.242335018316026586e-11 9.100465998009549889e-11 3.579067784866117778e-11 1.481338100012976255e-11 5.548157161458882569e-12 5.346338491207537760e-12 3.848070163869953542e-12 1.059304464105818295e-11 3.518457734852739959e-12 -2.216258864388151869e-12 -4.782093890796715503e-12 -2.378181085645417943e-12 3.294693187854055710e-12 1.721640742821363290e-12 1.805892677744439891e-12 3.718839776965364380e-12
9.414111602520593684e-12 1.991503198503887691e-11 7.553951047964191239e-11 -1.515976603124089947e-12 -6.467786262793653270e-12 -6.633504977095527586e-12 7.147600943019081620e-12 1.614489859373975738e-11 1.697459186262798816e-11 2.445897221241492116e-11 2.543046130081536846e-11 3.579067784866117778e-11 7.122239122946775164e-11 3.026595374354631226e-11 1.945471985879011600e-11 1.112637777141596860e-11 5.853657474735933168e-12 4.835129139499417643e-12 2.535776000425043646e-12 -3.424231690790248621e-12 -6.951157048069778839e-12 -8.813916896139804048e-12 -3.555122375594645985e-12 -2.747939045301317215e-12 2.991087893934231183e-13 1.998509541841707325e-12
3.078900134578992023e-11 1.780995529007105494e-11 1.614303284781496016e-11 -8.383582072771239483e-12 1.247340810686787502e-11 -1.223364197260617716e-11 2.322440118773196010e-12 1.355849749608181972e-11 9.751711019886364648e-12 8.143476535502513485e-12 9.174604279521453388e-12 1.481338100012976255e-11 3.026595374354631226e-11 6.090665493678610881e-11 3.442190768014078469e-11 1.702465606881486687e-11 1.374311267552773832e-11 4.363355103783053681e-12 5.720611290191800136e-12 7.741689089438787543e-13 -1.619550865989064175e-12 -3.148833216818697720e-12 1.631019341552439885e-12 1.291882589356517244e-12 -2.488854283841526456e-13 -3.460873159585193925e-13
8.888212550380343792e-11 -4.436466340845151722e-11 9.990953979806505642e-12 -3.306378088276905560e-12 1.366031845101666395e-11 1.432462859440696833e-11 7.975451481833833362e-12 8.729520613456493112e-12 -4.961999503011691884e-13 4.593359674328951690e-12 7.069872362711463993e-12 5.548157161458882569e-12 1.945471985879011600e-11 3.442190768014078469e-11 6.079880704728772064e-11 3.415253336230931023e-11 2.558400779228484169e-11 1.645919547745839915e-11 9.060270707237302190e-12 6.049044554439732442e-12 1.452357196201018024e-12 -1.428657998057450897e-12 1.109946245496637285e-12 6.168538307131538575e-13 1.614586876979447349e-12 9.114572275870583065e-13
7.214192180900647202e-11 7.743955331240229721e-12 1.251772515692219416e-11 -3.534358521453423394e-12 -6.269480858095137376e-12 1.232394473177497676e-11 3.400736965863652989e-12 9.824379127438987361e-12 -3.137080193559371329e-12 4.659115542060507929e-12 5.559708589182558005e-12 5.346338491207537760e-12 1.112637777141596860e-11 1.702465606881486687e-11 3.415253336230931023e-11 5.063254682499019314e-11 3.585472400376409589e-11 2.089186483131527009e-11 8.727209979321105404e-12 6.137702245278063784e-12 1.932862259581050466e-12 -1.481380295647563092e-12 1.338505746634616777e-12 2.952555952085778906e-13 -1.955790931889889254e-12 1.287611976369023024e-12
4.463635387035360043e-11 1.532582692297130499e-11 -4.074236914605940094e-12 6.846116238479785907e-12 -1.844689195798437932e-11 1.352092926184458720e-11 -2.525205936556539501e-12 1.164788446652280994e-11 9.222294777033412505e-13 6.317321952136292382e-12 5.748217705910174581e-12 3.848070163869953542e-12 5.853657474735933168e-12 1.374311267552773832e-11 2.558400779228484169e-11 3.585472400376409589e-11 5.773231764416704784e-11 3.151378611299176426e-11 1.390093583374050891e-11 8.046283421460663674e-12 5.728510969901900850e-12 3.428554896837097484e-13 1.405617766454605856e-12 1.631202369115461270e-12 -4.357967173338266491e-13 -1.544705936811316065e-12
4.203295723381174774e-11 -3.204098004027360756e-12 3.990950957451103428e-12 1.816459043446796553e-11 -6.461531940451858378e-12 1.229323051871602038e-11 2.086392225460533645e-12 9.727887928080725620e-12 2.230391199388819386e-12 8.594647543909792808e-12 9.653512644901264000e-12 1.059304464105818295e-11 4.835129139499417643e-12 4.363355103783053681e-12 1.645919547745839915e-11 2.089186483131527009e-11 3.151378611299176426e-11 5.271040461108235166e-11 2.934025130079433114e-11 1.605765707811118420e-11 6.350871133994344172e-12 -7.561843278284044448e-13 3.582806622264943691e-13 1.509744350028410578e-12 -1.097453595966232126e-12 4.004778414231811178e-13
2.215967779040915007e-11 9.275345292100517811e-12 2.890170178940740635e-12 1.103405943337945069e-11 1.991209111465195122e-11 6.933889523968726487e-12 5.929662825333491934e-12 6.715326834062102084e-12 1.731451900380141942e-12 8.997734027036301546e-12 6.300929607242225224e-12 3.518457734852739959e-12 2.535776000425043646e-12 5.720611290191800136e-12 9.060270707237302190e-12 8.727209979321105404e-12 1.390093583374050891e-11 2.934025130079433114e-11 4.727352663879423644e-11 3.115118675615905639e-11 1.134560843429954942e-11 3.784462974718865132e-12 3.023699935717896819e-13 1.615432416265185484e-12 -1.432635342138434447e-12 -4.965857761177406184e-13
-8.108888776813228667e-13 1.632256583477455621e-11 -6.813429015477394018e-12 8.210472922999089603e-12 1.464889866703866525e-11 -1.060403531675969928e-11 -4.951261978920363117e-12 3.703030717452564014e-12 -1.424864373806501151e-11 4.317330454634228086e-12 -1.364783181926420671e-12 -2.216258864388151869e-12 -3.424231690790248621e-12 7.741689089438787543e-13 6.049044554439732442e-12 6.137702245278063784e-12 8.046283421460663674e-12 1.605765707811118420e-11 3.115118675615905639e-11 5.237130514007172083e-11 2.633991828974753993e-11 9.950628644383682352e-12 8.124477944578364591e-13 9.640988461317511003e-13 -2.524920672922130488e-14 -7.075460989944717143e-13
-2.159912834348430895e-11 3.187488480274359444e-11 7.320616107916043067e-12 2.666556185654506214e-11 -2.928620328600981235e-12 -3.060577969334479045e-13 -1.143961279675055744e-11 2.809470194142241589e-12 -1.248015138572513282e-11 4.073691375411542720e-12 -2.337529868208140720e-12 -4.782093890796715503e-12 -6.951157048069778839e-12 -1.619550865989064175e-12 1.452357196201018024e-12 1.932862259581050466e-12 5.728510969901900850e-12 6.350871133994344172e-12 1.134560843429954942e-11 2.633991828974753993e-11 4.266204932522616036e-11 2.002978064326984717e-11 5.548217783802572431e-12 3.011054474348122645e-12 2.046651584686496684e-12 5.414710342647921233e-13
-5.433598367814676850e-11 5.053434382475222216e-12 3.388105377679761803e-12 1.258506123184134750e-11 8.552626510627042652e-12 -6.611213911790236519e-12 -8.982856153542338121e-12 1.530366115002635851e-13 -7.028114041407848739e-12 -3.606733255110726306e-12 -2.541878163850206570e-12 -2.378181085645417943e-12 -8.813916896139804048e-12 -3.148833216818697720e-12 -1.428657998057450897e-12 -1.481380295647563092e-12 3.428554896837097484e-13 -7.561843278284044448e-13 3.784462974718865132e-12 9.950628644383682352e-12 2.002978064326984717e-11 2.916257314016595343e-11 1.074111041144815977e-11 5.018560087799890559e-12 2.133018064813511310e-12 -2.212587508962383733e-12
-3.581588537407101087e-11 -1.421078851756881519e-11 -1.196540395192511722e-11 -7.723951619885816064e-13 -2.190424102403802829e-12 6.385484879535219411e-14 -6.758825795118336452e-12 8.718133847255889036e-13 -1.655730398494100815e-12 -9.808054126228445154e-13 1.813085016073282165e-12 3.294693187854055710e-12 -3.555122375594645985e-12 1.631019341552439885e-12 1.109946245496637285e-12 1.338505746634616777e-12 1.405617766454605856e-12 3.582806622264943691e-13 3.023699935717896819e-13 8.124477944578364591e-13 5.548217783802572431e-12 1.074111041144815977e-11 2.089094062290283966e-11 9.214495869152375510e-12 6.234608054589278730e-13 -9.182121553613974050e-13
-1.480041223592278227e-11 -1.000058083189611374e-11 -5.217299451727889906e-12 1.618044004374248135e-12 -1.412917074163466682e-12 1.404073160348954684e-11 4.420389823541194904e-12 4.325214147088771234e-12 -1.161503906882084614e-12 -9.344692785240310823e-13 -1.062501298546489890e-12 1.721640742821363290e-12 -2.747939045301317215e-12 1.291882589356517244e-12 6.168538307131538575e-13 2.952555952085778906e-13 1.631202369115461270e-12 1.509744350028410578e-12 1.615432416265185484e-12 9.640988461317511003e-13 3.011054474348122645e-12 5.018560087799890559e-12 9.214495869152375510e-12 1.598273276387652515e-11 2.371583758768483273e-12 3.722560160534314868e-13
4.999595119988204994e-12 1.069791334096262359e-11 3.714923592614032968e-12 9.433185029349124286e-12 -2.717536978233547182e-12 -2.434357623464240219e-12 2.934827278441798734e-12 5.257855924820288191e-12 1.903584569160525401e-12 -1.556446482589825075e-13 -4.726710891924435079e-13 1.805892677744439891e-12 2.991087893934231183e-13 -2.488854283841526456e-13 1.614586876979447349e-12 -1.955790931889889254e-12 -4.357967173338266491e-13 -1.097453595966232126e-12 -1.432635342138434447e-12 -2.524920672922130488e-14 2.046651584686496684e-12 2.133018064813511310e-12 6.234608054589278730e-13 2.371583758768483273e-12 1.047130030729639680e-11 1.822823460057046139e-12
-1.874879446931614988e-12 1.525282013612700186e-11 -2.263712296724969781e-12 1.300507599176356823e-12 2.104558298981005876e-12 -3.750317807407566428e-12 3.585166876857853687e-12 2.719353452997249057e-12 1.133038851331011082e-12 5.835908597846834648e-12 3.430241927822744180e-12 3.718839776965364380e-12 1.998509541841707325e-12 -3.460873159585193925e-13 9.114572275870583065e-13 1.287611976369023024e-12 -1.544705936811316065e-12 4.004778414231811178e-13 -4.965857761177406184e-13 -7.075460989944717143e-13 5.414710342647921233e-13 -2.212587508962383733e-12 -9.182121553613974050e-13 3.722560160534314868e-13 1.822823460057046139e-12 1.055752175227647156e-11
