2.285626528280519132e-09 1.527359632850732804e-10 2.371447758148758275e-10 1.071535886638468113e-10 1.286140696303715704e-10 6.214179341251045998e-11 5.985289783585303647e-11 4.362556754212536100e-11 5.358974452923789791e-11 3.334167877470542864e-11 3.748244244488776752e-11 -1.005124947851985233e-11 4.518900427452817974e-11 3.281815787598225109e-11 5.073730916415541574e-11 3.996881096341798000e-11 4.012831581113141959e-11 1.100679322968159876e-11 -8.636126971638129325e-12 -5.329455686387716450e-12 -6.038497269389145260e-12 2.648582016129118784e-12 1.674476281370904507e-12 -3.695183416863776643e-13 -2.899205738858087673e-12 3.088157444178911302e-12
1.527359632850732804e-10 1.542310969700004340e-09 1.216153538499354870e-10 2.148100185314702676e-10 8.061302384000423876e-11 9.636303408713108022e-11 -4.179840424572514526e-11 7.008794497286751624e-11 2.752146576004976000e-11 -2.065926559892117772e-11 -6.738900802198348345e-12 1.383547788493402912e-11 3.047374833344687490e-11 6.995549325727430657e-12 5.398554600259967037e-12 -7.189790954558681562e-12 -2.490981384241351489e-11 -2.579719499612111779e-11 -2.111219378948738593e-11 -1.934196574705219668e-11 -1.705069516798652631e-11 -1.432556028253327193e-11 -1.834831198620881967e-12 3.380232404799579188e-12 -1.995510922984891875e-13 1.898238344040019954e-12
2.371447758148758275e-10 1.216153538499354870e-10 1.179439508117296499e-09 8.570889044234568883e-11 7.911850353760974340e-11 3.971695643564010458e-11 6.802308771393026131e-11 8.149028233602116235e-11 8.426322529245145903e-11 6.236835310262562260e-11 1.552650772962911571e-11 -2.948900949583240547e-12 9.194077600966149546e-12 8.586523230875176209e-12 1.176465738487445501e-11 1.007311864573445518e-11 -1.412955982726467282e-12 -1.990440372557202328e-12 -1.182149748903537387e-12 -2.137322897316953232e-13 -5.318207354497907167e-13 5.090467504057751043e-12 -4.729802106927687614e-12 3.273435785627874417e-12 -4.139247008764560648e-12 -3.778840917474982276e-12
1.071535886638468113e-10 2.148100185314702676e-10 8.570889044234568883e-11 8.799298552351557182e-10 1.277161198699268395e-10 5.345303072208094838e-11 3.954176833679914870e-11 6.378993276408584071e-11 -1.708110344594790588e-12 5.560189952890378613e-12 1.977419160855052024e-11 4.033735965032098232e-12 -7.970897779614383246e-12 -9.932498729244309370e-12 -7.561131996720348482e-12 -3.379754178971014826e-13 -1.106221704704624830e-11 -7.259202490241103509e-12 4.999832375567841588e-12 3.332786698222205588e-12 7.651325809766382826e-12 1.690639354078556043e-11 9.366861810537625241e-12 2.775694011399557923e-12 -1.407677359277143187e-12 2.933707342895719032e-13
1.286140696303715704e-10 8.061302384000423876e-11 7.911850353760974340e-11 1.277161198699268395e-10 5.074023867665897826e-10 4.988195320426038380e-11 3.817597071661998565e-11 3.085543436841423598e-11 5.582601320848257094e-11 9.716897909633061802e-12 1.130118494648714947e-11 1.457163651120159493e-11 5.154727649684147106e-12 3.892168318093535656e-12 6.261275789329043904e-12 7.572204230070716919e-12 4.597848089790427118e-12 -1.001353704131584845e-11 -4.485605960331093660e-12 -1.659075066617202452e-12 -1.695145140087042830e-12 -2.590407307384650195e-12 -8.386700147324008806e-12 -4.342095804085449332e-12 7.229674331630346275e-13 -2.973708691087093120e-14
6.214179341251045998e-11 9.636303408713108022e-11 3.971695643564010458e-11 5.345303072208094838e-11 4.988195320426038380e-11 3.718047577470043458e-10 3.633459369903605457e-11 3.248162356240183079e-11 3.482396278897279283e-11 1.052777966515945555e-11 1.285228626728449245e-11 8.447237093817716931e-12 1.175232351119388642e-11 8.405334481646173927e-12 7.833905083329529865e-14 -2.697399530124430470e-13 -2.414443595376080083e-13 -4.576015131805411735e-12 -1.061290482113102435e-11 2.320242101857201640e-13 8.469703272193761318e-13 -4.317456767771570559e-12 1.550732415665588676e-12 4.795365133547638958e-12 -4.000227185980888664e-13 3.347871819073066426e-13
5.985289783585303647e-11 -4.179840424572514526e-11 6.802308771393026131e-11 3.954176833679914870e-11 3.817597071661998565e-11 3.633459369903605457e-11 2.465042720426046734e-10 5.191400778277656644e-11 3.930462369561357704e-11 1.242673420517815498e-11 1.146240176467597122e-11 3.429120851956690407e-12 1.492064408901676900e-11 -1.950938392850016838e-12 1.548224641273134172e-12 5.455023417929288672e-12 -2.863952038047413927e-12 1.391230010735762015e-12 6.628910261842694763e-12 5.499143867551074347e-12 8.899300090582806728e-12 6.654639586622183827e-12 9.772872532884342066e-14 -3.206511593816739245e-12 -1.505583794131087825e-12 -1.619122214305007997e-12
4.362556754212536100e-11 7.008794497286751624e-11 8.149028233602116235e-11 6.378993276408584071e-11 3.085543436841423598e-11 3.248162356240183079e-11 5.191400778277656644e-11 1.644585881006986728e-10 3.479761699561999424e-11 2.123345283092058661e-11 1.744978371127430666e-11 4.191371792492064445e-12 6.404884306922487670e-12 7.995389394326263953e-12 3.385798875391179820e-12 1.945625890333921293e-12 -5.427938446156554465e-12 -1.629531475934310466e-12 -9.566914662015887337e-14 -2.621487119391617226e-12 -3.621910477408941527e-12 1.312533749811344463e-12 -5.317178681551721009e-12 1.263335335772383441e-13 2.109718712652917428e-12 1.368936273321086588e-12
5.358974452923789791e-11 2.752146576004976000e-11 8.426322529245145903e-11 -1.708110344594790588e-12 5.582601320848257094e-11 3.482396278897279283e-11 3.930462369561357704e-11 3.479761699561999424e-11 1.242708270052402088e-10 3.594397826867074101e-11 1.744199810067846896e-11 1.193914365093753616e-11 8.735648460550480863e-12 1.300323975601030371e-11 5.311421080993944806e-12 2.929106135374060622e-12 1.734820652382435306e-12 -2.582743090477733604e-12 -1.497407340916979567e-12 5.013272946297686385e-12 3.483437303486208434e-12 2.826231214649413936e-12 2.844579356489888248e-12 5.786854583592536058e-12 5.794822437445284642e-13 -9.338521691359582572e-13
3.334167877470542864e-11 -2.065926559892117772e-11 6.236835310262562260e-11 5.560189952890378613e-12 9.716897909633061802e-12 1.052777966515945555e-11 1.242673420517815498e-11 2.123345283092058661e-11 3.594397826867074101e-11 9.384122351239904426e-11 3.689118864065043658e-11 1.901552022046154177e-11 9.210395722412838718e-12 1.306418257702123324e-11 7.886799471979745053e-12 2.487350795457730684e-12 -1.807132796159423232e-12 -6.186583674556622084e-12 -4.935246573472086378e-12 -7.483302528665948632e-12 -5.890152649288873690e-12 5.199733671441918945e-13 2.273195942169464623e-13 3.241481585447871675e-12 1.427807313233972358e-12 1.473029485495426278e-12
3.748244244488776752e-11 -6.738900802198348345e-12 1.552650772962911571e-11 1.977419160855052024e-11 1.130118494648714947e-11 1.285228626728449245e-11 1.146240176467597122e-11 1.744978371127430666e-11 1.744199810067846896e-11 3.689118864065043658e-11 7.275402713929518499e-11 2.535422847289966950e-11 1.464445013357802122e-11 1.191824789627422749e-11 7.279882519807624645e-12 3.407561023347402853e-12 -1.901981755448554018e-12 -7.409933101586237049e-12 -5.233871102548712722e-12 -3.793542273904441395e-12 -1.904192133263249373e-12 2.338428115399840655e-12 -3.388463623090767137e-13 -1.978952885111071508e-12 3.442061368420601634e-13 1.754898896835203438e-12
-1.005124947851985233e-11 1.383547788493402912e-11 -2.948900949583240547e-12 4.033735965032098232e-12 1.457163651120159493e-11 8.447237093817716931e-12 3.429120851956690407e-12 4.191371792492064445e-12 1.193914365093753616e-11 1.901552022046154177e-11 2.535422847289966950e-11 5.262311996519247210e-11 2.344657373527279082e-11 1.075643627616815071e-11 8.872828205886375606e-12 -8.043070484358299832e-13 -4.958848736257762605e-14 -7.303592643272723748e-12 -4.345271206843817343e-12 -1.484263609151320489e-12 4.078096859162110817e-13 3.658022517257383521e-12 -1.377900383918901107e-12 -6.157874325752989182e-13 -4.341721480723174150e-13 3.755039816616121627e-13
4.518900427452817974e-11 3.047374833344687490e-11 9.194077600966149546e-12 -7.970897779614383246e-12 5.154727649684147106e-12 1.175232351119388642e-11 1.492064408901676900e-11 6.404884306922487670e-12 8.735648460550480863e-12 9.210395722412838718e-12 1.464445013357802122e-11 2.344657373527279082e-11 4.355793267600702040e-11 1.742252332288860681e-11 9.850413428209168948e-12 4.104118716723439359e-12 3.447237116664725450e-13 -5.360031069419973628e-12 -2.303379691167645375e-12 -2.008484640627944906e-12 8.880417208198669646e-14 2.576649161695425342e-12 -8.506683694416405429e-13 -1.484063454021424792e-12 2.812165514282057491e-13 1.488787923896698355e-12
3.281815787598225109e-11 6.995549325727430657e-12 8.586523230875176209e-12 -9.932498729244309370e-12 3.892168318093535656e-12 8.405334481646173927e-12 -1.950938392850016838e-12 7.995389394326263953e-12 1.300323975601030371e-11 1.306418257702123324e-11 1.191824789627422749e-11 1.075643627616815071e-11 1.742252332288860681e-11 3.181542759919794833e-11 1.466310957938877180e-11 7.865289740272159863e-12 3.369152352560886736e-12 -3.744934618425017598e-13 6.337051644054904795e-14 2.768141916545255952e-12 2.551437947892692674e-12 3.577634573416810830e-12 1.441516307499887426e-14 1.362817621686483785e-12 1.708354145455455435e-12 -1.389064703658463518e-13
5.073730916415541574e-11 5.398554600259967037e-12 1.176465738487445501e-11 -7.561131996720348482e-12 6.261275789329043904e-12 7.833905083329529865e-14 1.548224641273134172e-12 3.385798875391179820e-12 5.311421080993944806e-12 7.886799471979745053e-12 7.279882519807624645e-12 8.872828205886375606e-12 9.850413428209168948e-12 1.466310957938877180e-11 2.957732101725676553e-11 1.162852202838577482e-11 5.745325708669312513e-12 -8.824556569491667133e-13 3.776705018482400934e-13 1.668779771376645949e-12 1.908115870799857349e-12 3.161903495983972784e-12 -7.019499864740121471e-13 -7.843846396185144733e-14 -6.780836798131102116e-13 -6.199871941213543777e-13
3.996881096341798000e-11 -7.189790954558681562e-12 1.007311864573445518e-11 -3.379754178971014826e-13 7.572204230070716919e-12 -2.697399530124430470e-13 5.455023417929288672e-12 1.945625890333921293e-12 2.929106135374060622e-12 2.487350795457730684e-12 3.407561023347402853e-12 -8.043070484358299832e-13 4.104118716723439359e-12 7.865289740272159863e-12 1.162852202838577482e-11 2.483235301646777762e-11 1.404755276901188550e-11 7.091879190261261569e-12 6.771392355566164209e-12 4.859056271416422929e-12 2.255457137211910247e-12 2.885161663060490340e-12 1.306343127021475585e-12 -8.102980893243669321e-13 -8.532072707691319163e-13 1.788822743701416633e-13
4.012831581113141959e-11 -2.490981384241351489e-11 -1.412955982726467282e-12 -1.106221704704624830e-11 4.597848089790427118e-12 -2.414443595376080083e-13 -2.863952038047413927e-12 -5.427938446156554465e-12 1.734820652382435306e-12 -1.807132796159423232e-12 -1.901981755448554018e-12 -4.958848736257762605e-14 3.447237116664725450e-13 3.369152352560886736e-12 5.745325708669312513e-12 1.404755276901188550e-11 2.773635470691328651e-11 1.360050586080548114e-11 9.014979221085292607e-12 5.680907382898327186e-12 3.673191371836901736e-12 1.714328634321254208e-12 3.213243895419543578e-13 -2.200633391937151671e-13 -4.684124239903087371e-13 -5.870901212754012604e-14
1.100679322968159876e-11 -2.579719499612111779e-11 -1.990440372557202328e-12 -7.259202490241103509e-12 -1.001353704131584845e-11 -4.576015131805411735e-12 1.391230010735762015e-12 -1.629531475934310466e-12 -2.582743090477733604e-12 -6.186583674556622084e-12 -7.409933101586237049e-12 -7.303592643272723748e-12 -5.360031069419973628e-12 -3.744934618425017598e-13 -8.824556569491667133e-13 7.091879190261261569e-12 1.360050586080548114e-11 2.326656722058704545e-11 1.401065467332346580e-11 7.244429380625115844e-12 2.744741687336561592e-12 7.956696158622604429e-13 -3.354802787205273888e-14 6.059659091884327584e-13 5.113681649834676383e-13 2.571731716760620955e-14
-8.636126971638129325e-12 -2.111219378948738593e-11 -1.182149748903537387e-12 4.999832375567841588e-12 -4.485605960331093660e-12 -1.061290482113102435e-11 6.628910261842694763e-12 -9.566914662015887337e-14 -1.497407340916979567e-12 -4.935246573472086378e-12 -5.233871102548712722e-12 -4.345271206843817343e-12 -2.303379691167645375e-12 6.337051644054904795e-14 3.776705018482400934e-13 6.771392355566164209e-12 9.014979221085292607e-12 1.401065467332346580e-11 2.211083849354987930e-11 1.254981618271321945e-11 5.699091592748087595e-12 2.674790326693245117e-12 1.324738076607664261e-12 4.927559286737969353e-14 -7.388108321756390712e-13 -2.127261139258121365e-13
-5.329455686387716450e-12 -1.934196574705219668e-11 -2.137322897316953232e-13 3.332786698222205588e-12 -1.659075066617202452e-12 2.320242101857201640e-13 5.499143867551074347e-12 -2.621487119391617226e-12 5.013272946297686385e-12 -7.483302528665948632e-12 -3.793542273904441395e-12 -1.484263609151320489e-12 -2.008484640627944906e-12 2.768141916545255952e-12 1.668779771376645949e-12 4.859056271416422929e-12 5.680907382898327186e-12 7.244429380625115844e-12 1.254981618271321945e-11 1.956518945718865213e-11 1.175438604731328839e-11 5.895115841229615662e-12 3.842636726705674696e-12 1.695281889138651358e-12 5.746858663363084660e-14 -7.157216120893921944e-13
-6.038497269389145260e-12 -1.705069516798652631e-11 -5.318207354497907167e-13 7.651325809766382826e-12 -1.695145140087042830e-12 8.469703272193761318e-13 8.899300090582806728e-12 -3.621910477408941527e-12 3.483437303486208434e-12 -5.890152649288873690e-12 -1.904192133263249373e-12 4.078096859162110817e-13 8.880417208198669646e-14 2.551437947892692674e-12 1.908115870799857349e-12 2.255457137211910247e-12 3.673191371836901736e-12 2.744741687336561592e-12 5.699091592748087595e-12 1.175438604731328839e-11 1.855223895401021192e-11 1.018550312525920516e-11 5.564776261539022425e-12 2.149005612522854338e-12 3.074840391774208301e-13 -8.289444387882240823e-13
2.648582016129118784e-12 -1.432556028253327193e-11 5.090467504057751043e-12 1.690639354078556043e-11 -2.590407307384650195e-12 -4.317456767771570559e-12 6.654639586622183827e-12 1.312533749811344463e-12 2.826231214649413936e-12 5.199733671441918945e-13 2.338428115399840655e-12 3.658022517257383521e-12 2.576649161695425342e-12 3.577634573416810830e-12 3.161903495983972784e-12 2.885161663060490340e-12 1.714328634321254208e-12 7.956696158622604429e-13 2.674790326693245117e-12 5.895115841229615662e-12 1.018550312525920516e-11 1.491352192982204610e-11 7.134017569241959953e-12 2.936897035552009088e-12 5.719652594123135249e-13 -7.843918662930209648e-13
1.674476281370904507e-12 -1.834831198620881967e-12 -4.729802106927687614e-12 9.366861810537625241e-12 -8.386700147324008806e-12 1.550732415665588676e-12 9.772872532884342066e-14 -5.317178681551721009e-12 2.844579356489888248e-12 2.273195942169464623e-13 -3.388463623090767137e-13 -1.377900383918901107e-12 -8.506683694416405429e-13 1.441516307499887426e-14 -7.019499864740121471e-13 1.306343127021475585e-12 3.213243895419543578e-13 -3.354802787205273888e-14 1.324738076607664261e-12 3.842636726705674696e-12 5.564776261539022425e-12 7.134017569241959953e-12 1.111722646140189093e-11 3.834102480889324220e-12 1.706133898271832192e-13 -5.823425642344589914e-13
-3.695183416863776643e-13 3.380232404799579188e-12 3.273435785627874417e-12 2.775694011399557923e-12 -4.342095804085449332e-12 4.795365133547638958e-12 -3.206511593816739245e-12 1.263335335772383441e-13 5.786854583592536058e-12 3.241481585447871675e-12 -1.978952885111071508e-12 -6.157874325752989182e-13 -1.484063454021424792e-12 1.362817621686483785e-12 -7.843846396185144733e-14 -8.102980893243669321e-13 -2.200633391937151671e-13 6.059659091884327584e-13 4.927559286737969353e-14 1.695281889138651358e-12 2.149005612522854338e-12 2.936897035552009088e-12 3.834102480889324220e-12 8.222534626964922659e-12 2.343247244827608292e-12 -2.894867085206932555e-13
-2.899205738858087673e-12 -1.995510922984891875e-13 -4.139247008764560648e-12 -1.407677359277143187e-12 7.229674331630346275e-13 -4.000227185980888664e-13 -1.505583794131087825e-12 2.109718712652917428e-12 5.794822437445284642e-13 1.427807313233972358e-12 3.442061368420601634e-13 -4.341721480723174150e-13 2.812165514282057491e-13 1.708354145455455435e-12 -6.780836798131102116e-13 -8.532072707691319163e-13 -4.684124239903087371e-13 5.113681649834676383e-13 -7.388108321756390712e-13 5.746858663363084660e-14 3.074840391774208301e-13 5.719652594123135249e-13 1.706133898271832192e-13 2.343247244827608292e-12 6.379679560266518121e-12 2.086039696736213181e-12
3.088157444178911302e-12 1.898238344040019954e-12 -3.778840917474982276e-12 2.933707342895719032e-13 -2.973708691087093120e-14 3.347871819073066426e-13 -1.619122214305007997e-12 1.368936273321086588e-12 -9.338521691359582572e-13 1.473029485495426278e-12 1.754898896835203438e-12 3.755039816616121627e-13 1.488787923896698355e-12 -1.389064703658463518e-13 -6.199871941213543777e-13 1.788822743701416633e-13 -5.870901212754012604e-14 2.571731716760620955e-14 -2.127261139258121365e-13 -7.157216120893921944e-13 -8.289444387882240823e-13 -7.843918662930209648e-13 -5.823425642344589914e-13 -2.894867085206932555e-13 2.086039696736213181e-12 4.867876277189701698e-12
