2.235835526587068661e-09 -8.161184749445694964e-12 1.137702824725302915e-11 3.276472789353150100e-13 2.499855586078303204e-11 -2.084381143872226219e-11 -4.766527980599768398e-11 -7.634998052174887412e-12 -1.441447987077239027e-11 2.890304508578756862e-12 -3.146178358293925377e-11 -3.988082476719945825e-11 -7.102162992367200406e-12 -8.489160982894074488e-12 -1.376955242019669528e-11 -1.353488487571601425e-11 1.779860688882759101e-11 1.436215076613576230e-11 5.426740634275009717e-12 2.284211243650966497e-11 2.669314663684073189e-11 5.571633140485977773e-12 -2.471111931788586327e-12 -6.234286488543825472e-13 -1.552918690667942672e-12 -4.709741083525432200e-12
-8.161184749445694964e-12 1.447341290132478192e-09 9.185384243945473775e-11 -8.538658624470842610e-12 4.431993055814776990e-11 4.775334468618022732e-11 -2.028088202025845318e-11 1.624267356289677076e-11 6.968386377551236938e-12 1.161207062036899195e-11 3.203760967150449614e-12 3.904822492231217577e-12 1.300498973522764817e-11 -1.213047122807967340e-11 1.284426516450134632e-11 2.232293524570180140e-11 7.776366911483489285e-12 1.960707959132160700e-11 8.333091233368339364e-12 9.796178278786250608e-12 -6.817151034973642816e-14 -4.888786515691149529e-12 -1.337113322454136989e-13 7.109462261568454452e-12 5.539622309030028120e-12 -7.248521644090386676e-13
1.137702824725302915e-11 9.185384243945473775e-11 8.763164658144614693e-10 1.202107850220581266e-11 4.483388273778456746e-11 1.293368615754344552e-11 6.232074820936746820e-11 4.872083426309464002e-11 2.930989227417958236e-11 3.541115761613780319e-12 -1.073849475056277981e-12 1.264205100357574589e-11 -1.428329160247748503e-12 -5.834593237449125901e-13 -1.109469639102818977e-11 -1.543264234666231382e-11 -1.544603771226054472e-11 -6.597692134267880163e-12 3.503456156969596343e-12 5.049604211181967079e-12 5.809786758190552764e-12 3.322122327675144221e-12 2.164615079186367243e-12 5.482333242268656626e-12 1.895962624756990888e-12 -7.897604777407189006e-13
3.276472789353150100e-13 -8.538658624470842610e-12 1.202107850220581266e-11 5.683697116036436006e-10 4.701999626949988370e-11 -3.835389197457721760e-11 6.644072407930663748e-12 -5.864303595687490667e-12 -1.685913315604849901e-11 -8.606781919840393990e-12 2.105191188376075426e-11 1.094919769025255265e-11 5.103270368375396976e-12 -2.508261583896264236e-12 -1.584341723404065230e-11 -7.875509194229961425e-12 -9.586734775169575878e-12 -6.333283723406119515e-15 8.450552185691416266e-12 -2.886967306552434101e-13 4.020038664590768003e-12 1.380016406509668075e-13 -3.409038703586518860e-12 -2.724449718565589016e-12 -1.735328775186219982e-13 3.228957425358961786e-12
2.499855586078303204e-11 4.431993055814776990e-11 4.483388273778456746e-11 4.701999626949988370e-11 4.343702672658702218e-10 6.812672698588568063e-11 3.700905067194060677e-11 3.723356123035119479e-12 3.824973176279372266e-13 1.389185743753315011e-11 -2.889067010570923752e-12 -7.820816615201665033e-12 -4.568025587567440011e-12 -1.281079642885162178e-11 -9.445772265853620164e-12 5.973497008704173419e-12 2.532706010445466868e-12 2.924712608039056819e-12 2.732074194397830334e-13 -1.045457274292106740e-11 -3.740885946853884690e-12 -6.412576675235495225e-14 3.950643500834175921e-12 4.481464896266576318e-13 -1.886430853479785013e-12 5.053492208105572070e-13
-2.084381143872226219e-11 4.775334468618022732e-11 1.293368615754344552e-11 -3.835389197457721760e-11 6.812672698588568063e-11 3.088982406507536955e-10 2.458155688285669266e-11 1.189839354594956370e-11 -4.735564216451694703e-12 7.513833221620243765e-13 -1.039459462116767655e-11 -1.207466643474976285e-11 -4.044027628346439067e-12 -3.829477929901510792e-12 3.406652160872911769e-12 2.601196327675712149e-12 -4.594460029445387971e-12 -1.470030694598702802e-12 5.730476090410523638e-12 2.266448695031454790e-12 9.786536474693493237e-13 -3.736532850095917774e-13 1.653779902174329654e-12 -1.228096696447814123e-12 7.239709674654575223e-13 2.151000953954867958e-13
-4.766527980599768398e-11 -2.028088202025845318e-11 6.232074820936746820e-11 6.644072407930663748e-12 3.700905067194060677e-11 2.458155688285669266e-11 1.632523103681721008e-10 2.782288019636191992e-11 1.015452137510508932e-11 1.180757047309049860e-11 -3.579494135606056587e-13 5.495990985412322205e-12 -4.675650325791354120e-13 -2.615779776772762617e-12 -5.500540757747347702e-12 -1.748925383421983489e-12 -4.761119542462407904e-12 1.480342019134458529e-12 1.301845065787576564e-12 -3.794940376665014607e-12 -2.063878348523040080e-12 -1.015932546751543748e-12 -2.804897603385659659e-12 7.363875143090100051e-13 -6.165225060555459284e-13 2.236597838238999388e-12
-7.634998052174887412e-12 1.624267356289677076e-11 4.872083426309464002e-11 -5.864303595687490667e-12 3.723356123035119479e-12 1.189839354594956370e-11 2.782288019636191992e-11 1.287910187595859800e-10 2.135381792925948134e-11 1.267816425023099685e-11 2.609961951207196830e-12 1.483440095127269939e-11 1.211158892938733152e-11 2.220567492470155365e-12 1.634229611599137278e-12 3.286839299597117157e-12 -8.168143164025750167e-13 -1.883445261617001769e-12 1.526980458174453550e-12 5.282657678989882562e-12 2.950897690358432624e-12 1.877666674069437678e-12 -2.152424924454981122e-12 3.023170704372398293e-13 8.713912520996910537e-13 9.172343331471892185e-13
-1.441447987077239027e-11 6.968386377551236938e-12 2.930989227417958236e-11 -1.685913315604849901e-11 3.824973176279372266e-13 -4.735564216451694703e-12 1.015452137510508932e-11 2.135381792925948134e-11 1.160782589523460971e-10 2.353134158519130608e-11 9.758308371419533086e-12 1.186034189280983937e-11 3.614036036157347280e-12 -2.203830117406074023e-12 4.124505278169491818e-12 4.890590501757919099e-12 5.330856343427039160e-13 1.393295244706501104e-12 2.640847505469093577e-14 1.705287562591554417e-12 2.118934684190396266e-12 -3.290711292975851399e-13 1.192238540623607003e-12 7.812596869301849084e-13 4.120676311402880787e-13 1.359603524433190639e-12
2.890304508578756862e-12 1.161207062036899195e-11 3.541115761613780319e-12 -8.606781919840393990e-12 1.389185743753315011e-11 7.513833221620243765e-13 1.180757047309049860e-11 1.267816425023099685e-11 2.353134158519130608e-11 6.090440565734358639e-11 1.702667223116863708e-11 9.315152313267965374e-12 3.136239453968489117e-12 2.583870922767848779e-12 1.901458651696173717e-12 -8.055538817897672116e-13 -2.559326234532992313e-13 1.332581269594325514e-13 -1.642010139835531804e-12 9.104626744068633808e-14 7.928439921694337116e-13 -5.981409051745676949e-13 4.324824173616002365e-13 -4.283548189722573366e-14 -1.047249801098550850e-13 1.489266004949244442e-12
-3.146178358293925377e-11 3.203760967150449614e-12 -1.073849475056277981e-12 2.105191188376075426e-11 -2.889067010570923752e-12 -1.039459462116767655e-11 -3.579494135606056587e-13 2.609961951207196830e-12 9.758308371419533086e-12 1.702667223116863708e-11 6.155966794657201086e-11 2.432402150453001711e-11 9.248196750619965261e-12 1.292039691956884721e-12 4.724802275862670137e-12 4.124344301702864212e-12 3.126393058629993217e-12 3.893588439081924436e-12 7.598337747908491822e-13 4.656894783578267143e-13 3.832108529369804812e-12 3.935920631557822376e-13 1.659911322737422019e-12 1.028715086715594959e-12 -1.927856095919530960e-12 -1.419908463478964899e-13
-3.988082476719945825e-11 3.904822492231217577e-12 1.264205100357574589e-11 1.094919769025255265e-11 -7.820816615201665033e-12 -1.207466643474976285e-11 5.495990985412322205e-12 1.483440095127269939e-11 1.186034189280983937e-11 9.315152313267965374e-12 2.432402150453001711e-11 5.138432356239924769e-11 1.705917011959775650e-11 8.983455024745510421e-12 4.560901356290648030e-12 5.664778423157005568e-12 1.341670831313949536e-12 1.538812055643617601e-12 -6.312345660109286650e-13 -2.606385520035608109e-12 1.036290755663881802e-12 8.029039263820509701e-13 8.370469320218705814e-13 -4.542697779722206549e-13 -1.060692050419295102e-14 3.569052640650012150e-13
-7.102162992367200406e-12 1.300498973522764817e-11 -1.428329160247748503e-12 5.103270368375396976e-12 -4.568025587567440011e-12 -4.044027628346439067e-12 -4.675650325791354120e-13 1.211158892938733152e-11 3.614036036157347280e-12 3.136239453968489117e-12 9.248196750619965261e-12 1.705917011959775650e-11 3.642172190604448411e-11 1.496551107748728881e-11 6.035015515686560335e-12 2.424301294674017107e-12 -9.508701303262650759e-13 -3.063346401612701705e-13 2.941265276924441598e-13 6.435720904974632781e-13 2.817086969146742693e-12 1.029444715747907709e-12 -1.639967290450892799e-13 -4.384655796062508322e-13 -5.075917892940289175e-13 5.637058506539864968e-13
-8.489160982894074488e-12 -1.213047122807967340e-11 -5.834593237449125901e-13 -2.508261583896264236e-12 -1.281079642885162178e-11 -3.829477929901510792e-12 -2.615779776772762617e-12 2.220567492470155365e-12 -2.203830117406074023e-12 2.583870922767848779e-12 1.292039691956884721e-12 8.983455024745510421e-12 1.496551107748728881e-11 2.576593762361247420e-11 1.020684443737808526e-11 8.373299535073946725e-12 5.118472261805046100e-12 2.016587260969261511e-12 4.332339936077192256e-13 1.054070329257024394e-12 1.536376549068074805e-12 7.178534890668152942e-13 -3.477206369722875177e-13 -3.361377080261836220e-13 -5.152411152773761071e-14 1.368880807090707702e-13
-1.376955242019669528e-11 1.284426516450134632e-11 -1.109469639102818977e-11 -1.584341723404065230e-11 -9.445772265853620164e-12 3.406652160872911769e-12 -5.500540757747347702e-12 1.634229611599137278e-12 4.124505278169491818e-12 1.901458651696173717e-12 4.724802275862670137e-12 4.560901356290648030e-12 6.035015515686560335e-12 1.020684443737808526e-11 2.584396623389002269e-11 1.455937708781529197e-11 5.931381685723452607e-12 1.850935962259101700e-12 6.753274502305630433e-14 5.639363901167852523e-14 1.522319172161362160e-12 1.382222353047938903e-12 3.099819925906942523e-13 2.553125536452378350e-14 -1.797131633121696438e-13 -4.008028153454980018e-13
-1.353488487571601425e-11 2.232293524570180140e-11 -1.543264234666231382e-11 -7.875509194229961425e-12 5.973497008704173419e-12 2.601196327675712149e-12 -1.748925383421983489e-12 3.286839299597117157e-12 4.890590501757919099e-12 -8.055538817897672116e-13 4.124344301702864212e-12 5.664778423157005568e-12 2.424301294674017107e-12 8.373299535073946725e-12 1.455937708781529197e-11 2.335914014034029492e-11 1.268540723479981650e-11 5.891325615541572992e-12 -4.244057856706751794e-13 4.231587936555702918e-13 5.975123697546950662e-13 7.857520006002403022e-13 -1.209721814577642636e-13 -1.448856333757953861e-13 1.764755863672947944e-13 -2.189365506624205140e-13
1.779860688882759101e-11 7.776366911483489285e-12 -1.544603771226054472e-11 -9.586734775169575878e-12 2.532706010445466868e-12 -4.594460029445387971e-12 -4.761119542462407904e-12 -8.168143164025750167e-13 5.330856343427039160e-13 -2.559326234532992313e-13 3.126393058629993217e-12 1.341670831313949536e-12 -9.508701303262650759e-13 5.118472261805046100e-12 5.931381685723452607e-12 1.268540723479981650e-11 1.961285404006222172e-11 8.566767206118324459e-12 1.619184102760801897e-13 7.918876562531263947e-13 8.368514348683285520e-13 7.306076315870221791e-13 -1.196432295309128062e-13 -3.128935733413911302e-13 -8.667097052932706873e-14 -7.897115775272183986e-14
1.436215076613576230e-11 1.960707959132160700e-11 -6.597692134267880163e-12 -6.333283723406119515e-15 2.924712608039056819e-12 -1.470030694598702802e-12 1.480342019134458529e-12 -1.883445261617001769e-12 1.393295244706501104e-12 1.332581269594325514e-13 3.893588439081924436e-12 1.538812055643617601e-12 -3.063346401612701705e-13 2.016587260969261511e-12 1.850935962259101700e-12 5.891325615541572992e-12 8.566767206118324459e-12 1.533264035460204941e-11 4.145248747790939471e-12 9.066688552813370291e-13 5.467634318990493541e-13 -5.406450473870121691e-13 -1.219933894819524447e-13 1.313152513978574086e-13 1.144991513203700193e-13 -6.292777092025937408e-13
5.426740634275009717e-12 8.333091233368339364e-12 3.503456156969596343e-12 8.450552185691416266e-12 2.732074194397830334e-13 5.730476090410523638e-12 1.301845065787576564e-12 1.526980458174453550e-12 2.640847505469093577e-14 -1.642010139835531804e-12 7.598337747908491822e-13 -6.312345660109286650e-13 2.941265276924441598e-13 4.332339936077192256e-13 6.753274502305630433e-14 -4.244057856706751794e-13 1.619184102760801897e-13 4.145248747790939471e-12 1.078335772845618285e-11 3.222595054882697705e-12 7.666224854012301757e-13 -2.732331534975667593e-14 1.386347876865352845e-13 3.250467756964051647e-13 2.705781936717097194e-13 -4.024626299201255510e-13
2.284211243650966497e-11 9.796178278786250608e-12 5.049604211181967079e-12 -2.886967306552434101e-13 -1.045457274292106740e-11 2.266448695031454790e-12 -3.794940376665014607e-12 5.282657678989882562e-12 1.705287562591554417e-12 9.104626744068633808e-14 4.656894783578267143e-13 -2.606385520035608109e-12 6.435720904974632781e-13 1.054070329257024394e-12 5.639363901167852523e-14 4.231587936555702918e-13 7.918876562531263947e-13 9.066688552813370291e-13 3.222595054882697705e-12 8.788257705735042148e-12 3.703494429427945614e-12 7.379309744983909157e-13 5.292324023055512154e-13 1.483525874997325681e-13 2.767096113507215151e-13 1.766364987317653789e-13
2.669314663684073189e-11 -6.817151034973642816e-14 5.809786758190552764e-12 4.020038664590768003e-12 -3.740885946853884690e-12 9.786536474693493237e-13 -2.063878348523040080e-12 2.950897690358432624e-12 2.118934684190396266e-12 7.928439921694337116e-13 3.832108529369804812e-12 1.036290755663881802e-12 2.817086969146742693e-12 1.536376549068074805e-12 1.522319172161362160e-12 5.975123697546950662e-13 8.368514348683285520e-13 5.467634318990493541e-13 7.666224854012301757e-13 3.703494429427945614e-12 9.792361716132413681e-12 3.487880167403300863e-12 6.158127892865896326e-13 4.318024097596863067e-13 -4.705663927407839367e-13 -1.996184764139000531e-13
5.571633140485977773e-12 -4.888786515691149529e-12 3.322122327675144221e-12 1.380016406509668075e-13 -6.412576675235495225e-14 -3.736532850095917774e-13 -1.015932546751543748e-12 1.877666674069437678e-12 -3.290711292975851399e-13 -5.981409051745676949e-13 3.935920631557822376e-13 8.029039263820509701e-13 1.029444715747907709e-12 7.178534890668152942e-13 1.382222353047938903e-12 7.857520006002403022e-13 7.306076315870221791e-13 -5.406450473870121691e-13 -2.732331534975667593e-14 7.379309744983909157e-13 3.487880167403300863e-12 6.649094255120688970e-12 1.139510827020045869e-12 3.551995024329232220e-13 -4.486711956876952005e-13 1.806747210339214264e-13
-2.471111931788586327e-12 -1.337113322454136989e-13 2.164615079186367243e-12 -3.409038703586518860e-12 3.950643500834175921e-12 1.653779902174329654e-12 -2.804897603385659659e-12 -2.152424924454981122e-12 1.192238540623607003e-12 4.324824173616002365e-13 1.659911322737422019e-12 8.370469320218705814e-13 -1.639967290450892799e-13 -3.477206369722875177e-13 3.099819925906942523e-13 -1.209721814577642636e-13 -1.196432295309128062e-13 -1.219933894819524447e-13 1.386347876865352845e-13 5.292324023055512154e-13 6.158127892865896326e-13 1.139510827020045869e-12 4.743402806095805908e-12 1.075882735706409718e-12 -2.688743042558651560e-13 -6.833888653271435207e-13
-6.234286488543825472e-13 7.109462261568454452e-12 5.482333242268656626e-12 -2.724449718565589016e-12 4.481464896266576318e-13 -1.228096696447814123e-12 7.363875143090100051e-13 3.023170704372398293e-13 7.812596869301849084e-13 -4.283548189722573366e-14 1.028715086715594959e-12 -4.542697779722206549e-13 -4.384655796062508322e-13 -3.361377080261836220e-13 2.553125536452378350e-14 -1.448856333757953861e-13 -3.128935733413911302e-13 1.313152513978574086e-13 3.250467756964051647e-13 1.483525874997325681e-13 4.318024097596863067e-13 3.551995024329232220e-13 1.075882735706409718e-12 2.953476339859144511e-12 7.814457199134861223e-14 -5.131900076036392297e-13
-1.552918690667942672e-12 5.539622309030028120e-12 1.895962624756990888e-12 -1.735328775186219982e-13 -1.886430853479785013e-12 7.239709674654575223e-13 -6.165225060555459284e-13 8.713912520996910537e-13 4.120676311402880787e-13 -1.047249801098550850e-13 -1.927856095919530960e-12 -1.060692050419295102e-14 -5.075917892940289175e-13 -5.152411152773761071e-14 -1.797131633121696438e-13 1.764755863672947944e-13 -8.667097052932706873e-14 1.144991513203700193e-13 2.705781936717097194e-13 2.767096113507215151e-13 -4.705663927407839367e-13 -4.486711956876952005e-13 -2.688743042558651560e-13 7.814457199134861223e-14 2.317657211466117987e-12 3.816686740995333469e-13
-4.709741083525432200e-12 -7.248521644090386676e-13 -7.897604777407189006e-13 3.228957425358961786e-12 5.053492208105572070e-13 2.151000953954867958e-13 2.236597838238999388e-12 9.172343331471892185e-13 1.359603524433190639e-12 1.489266004949244442e-12 -1.419908463478964899e-13 3.569052640650012150e-13 5.637058506539864968e-13 1.368880807090707702e-13 -4.008028153454980018e-13 -2.189365506624205140e-13 -7.897115775272183986e-14 -6.292777092025937408e-13 -4.024626299201255510e-13 1.766364987317653789e-13 -1.996184764139000531e-13 1.806747210339214264e-13 -6.833888653271435207e-13 -5.131900076036392297e-13 3.816686740995333469e-13 2.305143468719000713e-12
