3.889172626607825834e-09 6.416260282377550692e-10 3.341983233486901692e-10 1.825079192159231097e-10 2.347183564450513446e-10 1.582521629307053589e-10 9.890430450074274590e-11 -4.395638072555559049e-12 -3.213819860061564747e-11 7.708177646826603808e-11 5.646205886869169284e-11 5.978195585572519074e-11 -4.286725678038634832e-11 6.506572115580563802e-12 -9.311003368457582701e-12 -9.069867987301241640e-12 2.052145758943829814e-11 1.278708570183596426e-11 -3.679021911263561381e-12 -5.318160763713716363e-12 3.170876275253057597e-11 1.408649548910245405e-11 -3.626180316925761187e-12 -3.002033467456199196e-11 -2.210210924748180795e-11 -9.322464406005726215e-12
6.416260282377550692e-10 2.740274321325433166e-09 3.903803806276963271e-10 3.112530841232647305e-10 6.679727476771698420e-11 1.200356703817339019e-10 8.714070335712481961e-11 7.090327044587225374e-11 1.859768312021337253e-11 3.094545682920827236e-11 4.892499206712709315e-11 5.323770614548474168e-11 3.101007287342260111e-11 6.261295377329089042e-11 7.224116476387777336e-12 1.515048476580497975e-11 1.917288884049253028e-11 2.077535206026829246e-11 2.581983350623942523e-11 3.817935795724554986e-11 1.171957078002558706e-11 1.269512925520335846e-11 1.057426185497180631e-11 2.329175272358917394e-12 -1.136543081460140336e-13 -1.137182298953392203e-11
3.341983233486901692e-10 3.903803806276963271e-10 1.506295004992359167e-09 3.038263769701376894e-10 1.672121505112874942e-10 1.123509861713809975e-10 5.662456320601641885e-11 8.283241246488344930e-11 9.583059206063518178e-11 1.126144877064891691e-10 5.707899409288664342e-11 5.029435289540506715e-11 1.918461340393967963e-11 1.904301079464174948e-11 -2.009402725924762579e-11 -6.547154923684366855e-12 2.711546322120018420e-11 3.087042691751851891e-11 -1.974365835219129804e-13 -5.107366758103386840e-12 2.045936333795359314e-12 9.138776755474782230e-12 1.087159881605799983e-11 -6.678000640962564699e-12 -1.709230615979518615e-11 -5.799176124177369404e-12
1.825079192159231097e-10 3.112530841232647305e-10 3.038263769701376894e-10 1.151647265840050680e-09 9.765050536700443206e-11 7.125810588042262858e-11 9.299174887732491633e-11 2.862566839403446978e-11 5.225220721805292117e-11 2.447663316436520856e-11 9.008122395318724766e-12 2.818213393146359884e-11 1.962997744429582315e-12 2.650270145787390901e-11 8.533535666259251871e-12 2.756723925675738943e-12 1.242299836340885434e-11 1.380514325856607698e-11 5.269990021178650801e-12 2.928357796691326620e-12 1.992222766857222330e-11 8.671967510552545856e-12 2.302901106102278229e-12 6.625912026069619196e-12 2.546896836101129112e-12 -1.068505358557250322e-11
2.347183564450513446e-10 6.679727476771698420e-11 1.672121505112874942e-10 9.765050536700443206e-11 7.401403580808983182e-10 1.492108715587697963e-10 2.710812092829858700e-11 2.990143652267699520e-11 7.777553173318046091e-12 4.061234358790591329e-11 -2.665368809293140018e-12 2.185082734457618176e-11 1.255341453889036471e-11 2.190008742171159635e-11 1.707218424585628203e-11 1.650958121309022720e-11 1.518903605320703317e-11 1.096569676435425516e-11 1.891752316471697547e-11 4.879858211742361879e-12 5.953838302758053040e-12 4.452877964771311886e-12 3.534888158336156817e-12 3.187917785555482503e-12 6.575912472840168223e-12 -7.988754426269712943e-12
1.582521629307053589e-10 1.200356703817339019e-10 1.123509861713809975e-10 7.125810588042262858e-11 1.492108715587697963e-10 5.584409431653789123e-10 1.223044532969320023e-10 4.455707186355089253e-11 2.654105676327580025e-11 1.645855237680263268e-11 1.614490808857305381e-11 2.024416551913957642e-11 7.623588741597099598e-13 1.124964673003809979e-12 5.320258498464959309e-12 2.361594292948870015e-12 4.917857907371168208e-12 -4.858263223562415615e-12 -5.595506590999660316e-13 4.154233675576753562e-12 3.236713122669413005e-12 -5.422987073001155134e-14 -8.433941892248762498e-13 -2.675506918042232092e-12 2.696274279504522517e-12 9.677386081002960758e-13
9.890430450074274590e-11 8.714070335712481961e-11 5.662456320601641885e-11 9.299174887732491633e-11 2.710812092829858700e-11 1.223044532969320023e-10 4.004282269382632437e-10 3.962347489303051926e-11 2.616513369191696283e-11 3.216848875804251440e-11 4.611784308903874242e-11 2.197830504906821360e-11 1.305759242249120976e-11 -2.941761815398065762e-13 -3.550193829686574350e-13 5.605126694229907207e-12 -3.733064337910240314e-12 2.539626228225411060e-12 5.345947338078724247e-12 -3.380003837324837973e-12 -1.368815954948539859e-12 -2.401949595767794666e-12 -9.390450788251246390e-14 5.171564852012736419e-13 2.717542027568125704e-12 4.554281069715647606e-13
-4.395638072555559049e-12 7.090327044587225374e-11 8.283241246488344930e-11 2.862566839403446978e-11 2.990143652267699520e-11 4.455707186355089253e-11 3.962347489303051926e-11 2.171564280010322268e-10 4.603046192728133428e-11 3.298204281839240160e-11 2.969067516876130295e-11 2.509910256028826224e-11 3.518669696016759237e-12 -9.842947112024035639e-13 -9.016110235101163880e-12 -4.916549120401555136e-12 -1.249465294960279171e-12 9.762711742873170482e-12 1.341470395746068449e-11 8.044224613602294972e-12 8.205411855497866572e-12 3.530335123722236673e-12 2.177280635200896878e-12 5.385509559365750348e-12 4.622398495480277173e-12 -1.599402952572266059e-12
-3.213819860061564747e-11 1.859768312021337253e-11 9.583059206063518178e-11 5.225220721805292117e-11 7.777553173318046091e-12 2.654105676327580025e-11 2.616513369191696283e-11 4.603046192728133428e-11 1.506830577192443644e-10 2.532857686253191765e-11 2.366911786748342553e-11 2.237917425397052296e-11 4.097362860135904741e-12 7.848732176335596052e-12 -5.520013099899369112e-13 -4.390418476638963584e-12 -1.508788419722514158e-12 5.418039187221268548e-12 3.869239616885014844e-12 -8.160125524231542221e-14 -1.527102883135069161e-12 -7.431497293755428618e-13 8.582152686179531638e-13 1.576588976153330359e-12 -1.183575070812355816e-12 -6.238144396636800738e-14
7.708177646826603808e-11 3.094545682920827236e-11 1.126144877064891691e-10 2.447663316436520856e-11 4.061234358790591329e-11 1.645855237680263268e-11 3.216848875804251440e-11 3.298204281839240160e-11 2.532857686253191765e-11 1.154646980166514226e-10 3.296991765425248342e-11 2.125115452721863185e-11 1.005531170201371472e-11 6.781029017170132159e-12 -4.657506465435026231e-12 -1.714590800359465234e-12 -1.228017890735936659e-12 -9.479530275050713942e-13 2.880502555384740964e-12 3.276599049742664687e-12 1.512729926035833201e-12 3.216367046058306535e-12 1.242191294387563513e-12 -6.455602528242327798e-13 5.096163036756745715e-15 -5.100122229250813873e-13
5.646205886869169284e-11 4.892499206712709315e-11 5.707899409288664342e-11 9.008122395318724766e-12 -2.665368809293140018e-12 1.614490808857305381e-11 4.611784308903874242e-11 2.969067516876130295e-11 2.366911786748342553e-11 3.296991765425248342e-11 9.560389267825810005e-11 3.249369074637466314e-11 1.485202191881774809e-11 5.496157400422684035e-12 2.232956621325029076e-12 2.504693024424206798e-12 -2.137703860658349289e-12 -2.288512872940922438e-12 -1.625657349006432135e-12 2.790719099328406419e-12 7.162360860402621236e-12 4.276373904983768959e-12 4.827422383460536794e-12 2.029463258626058315e-12 -8.589260739715351156e-13 5.768246397054113505e-13
5.978195585572519074e-11 5.323770614548474168e-11 5.029435289540506715e-11 2.818213393146359884e-11 2.185082734457618176e-11 2.024416551913957642e-11 2.197830504906821360e-11 2.509910256028826224e-11 2.237917425397052296e-11 2.125115452721863185e-11 3.249369074637466314e-11 7.079327545031990971e-11 1.611316498690821692e-11 9.965121241435047373e-12 3.463158914880884434e-12 1.828418781598719537e-12 -2.379693576509485847e-12 -2.066878969431714141e-12 -2.113363854537657976e-12 -3.514632632794173077e-13 1.633301002773928868e-12 -1.874153795788112864e-12 -2.501331457525971774e-12 -1.534814259159218886e-12 -1.550137379470638071e-13 -1.173544868421022484e-12
-4.286725678038634832e-11 3.101007287342260111e-11 1.918461340393967963e-11 1.962997744429582315e-12 1.255341453889036471e-11 7.623588741597099598e-13 1.305759242249120976e-11 3.518669696016759237e-12 4.097362860135904741e-12 1.005531170201371472e-11 1.485202191881774809e-11 1.611316498690821692e-11 4.423035078626709668e-11 1.834309262135292094e-11 6.983140719041459472e-12 1.594205146810954950e-12 -2.665095410881622142e-12 -3.632679634880656677e-12 -7.694571563884017045e-13 2.009610967032108548e-12 -4.316867263309652398e-13 -1.975266816677418100e-12 -1.794327396208315348e-12 7.311833876784034883e-13 7.293522311864545079e-13 -1.622917335752793601e-12
6.506572115580563802e-12 6.261295377329089042e-11 1.904301079464174948e-11 2.650270145787390901e-11 2.190008742171159635e-11 1.124964673003809979e-12 -2.941761815398065762e-13 -9.842947112024035639e-13 7.848732176335596052e-12 6.781029017170132159e-12 5.496157400422684035e-12 9.965121241435047373e-12 1.834309262135292094e-11 4.479870970152515756e-11 1.811427735826941013e-11 9.381703660556458365e-12 8.467925200158371466e-12 5.199705999192899901e-12 1.809745830119708639e-12 2.596940958156505491e-12 9.016966662222246836e-13 1.921773311322358242e-12 1.712739823052096014e-12 1.235215688129707999e-12 -1.908337735460538774e-12 -2.535579115717095515e-12
-9.311003368457582701e-12 7.224116476387777336e-12 -2.009402725924762579e-11 8.533535666259251871e-12 1.707218424585628203e-11 5.320258498464959309e-12 -3.550193829686574350e-13 -9.016110235101163880e-12 -5.520013099899369112e-13 -4.657506465435026231e-12 2.232956621325029076e-12 3.463158914880884434e-12 6.983140719041459472e-12 1.811427735826941013e-11 4.010340423655260372e-11 2.287801399668007190e-11 1.488790880360230153e-11 6.928212703589179051e-12 6.511984668695201662e-12 4.241820453311368430e-12 3.837022592096311086e-12 2.165320109256824718e-12 -3.141643092639433892e-13 5.724216619508768258e-13 -1.303742269362458130e-12 -2.560966959505235411e-12
-9.069867987301241640e-12 1.515048476580497975e-11 -6.547154923684366855e-12 2.756723925675738943e-12 1.650958121309022720e-11 2.361594292948870015e-12 5.605126694229907207e-12 -4.916549120401555136e-12 -4.390418476638963584e-12 -1.714590800359465234e-12 2.504693024424206798e-12 1.828418781598719537e-12 1.594205146810954950e-12 9.381703660556458365e-12 2.287801399668007190e-11 3.640999915942350777e-11 2.193792379063131125e-11 8.974487057403590786e-12 5.675376517393225286e-12 2.616724711626933154e-12 1.965572243583080725e-12 1.362848391828129530e-12 -1.678558624238281244e-12 -3.741029788419986746e-13 3.044608459244317790e-13 -6.033933763913339929e-13
2.052145758943829814e-11 1.917288884049253028e-11 2.711546322120018420e-11 1.242299836340885434e-11 1.518903605320703317e-11 4.917857907371168208e-12 -3.733064337910240314e-12 -1.249465294960279171e-12 -1.508788419722514158e-12 -1.228017890735936659e-12 -2.137703860658349289e-12 -2.379693576509485847e-12 -2.665095410881622142e-12 8.467925200158371466e-12 1.488790880360230153e-11 2.193792379063131125e-11 3.415840830252026774e-11 1.826402825988774614e-11 9.828789946190100749e-12 4.942526278396161877e-12 2.656103427181252172e-12 1.371519801704966748e-12 5.010865530046345861e-13 1.077921940831542844e-12 -2.812352773189395761e-13 6.926799483404253806e-13
1.278708570183596426e-11 2.077535206026829246e-11 3.087042691751851891e-11 1.380514325856607698e-11 1.096569676435425516e-11 -4.858263223562415615e-12 2.539626228225411060e-12 9.762711742873170482e-12 5.418039187221268548e-12 -9.479530275050713942e-13 -2.288512872940922438e-12 -2.066878969431714141e-12 -3.632679634880656677e-12 5.199705999192899901e-12 6.928212703589179051e-12 8.974487057403590786e-12 1.826402825988774614e-11 2.747809306707144501e-11 1.303961523723283743e-11 4.856304813916893916e-12 2.468946297362258534e-12 1.795502555519857442e-12 4.038525388882654327e-13 -1.120728378329645750e-13 -1.733682675865606615e-12 4.124918367644531095e-13
-3.679021911263561381e-12 2.581983350623942523e-11 -1.974365835219129804e-13 5.269990021178650801e-12 1.891752316471697547e-11 -5.595506590999660316e-13 5.345947338078724247e-12 1.341470395746068449e-11 3.869239616885014844e-12 2.880502555384740964e-12 -1.625657349006432135e-12 -2.113363854537657976e-12 -7.694571563884017045e-13 1.809745830119708639e-12 6.511984668695201662e-12 5.675376517393225286e-12 9.828789946190100749e-12 1.303961523723283743e-11 2.676340374257089239e-11 1.517290709886763393e-11 7.014421835953245526e-12 3.226341243801486615e-12 1.779235635997565465e-12 1.469451173362026115e-12 1.390091992625153039e-12 -1.538744730952443049e-12
-5.318160763713716363e-12 3.817935795724554986e-11 -5.107366758103386840e-12 2.928357796691326620e-12 4.879858211742361879e-12 4.154233675576753562e-12 -3.380003837324837973e-12 8.044224613602294972e-12 -8.160125524231542221e-14 3.276599049742664687e-12 2.790719099328406419e-12 -3.514632632794173077e-13 2.009610967032108548e-12 2.596940958156505491e-12 4.241820453311368430e-12 2.616724711626933154e-12 4.942526278396161877e-12 4.856304813916893916e-12 1.517290709886763393e-11 2.453220072480040191e-11 1.419554629701332335e-11 5.742179764835600539e-12 2.316801628799025390e-12 1.200068787921474030e-12 1.347534053544884615e-13 -1.658145373527894082e-12
3.170876275253057597e-11 1.171957078002558706e-11 2.045936333795359314e-12 1.992222766857222330e-11 5.953838302758053040e-12 3.236713122669413005e-12 -1.368815954948539859e-12 8.205411855497866572e-12 -1.527102883135069161e-12 1.512729926035833201e-12 7.162360860402621236e-12 1.633301002773928868e-12 -4.316867263309652398e-13 9.016966662222246836e-13 3.837022592096311086e-12 1.965572243583080725e-12 2.656103427181252172e-12 2.468946297362258534e-12 7.014421835953245526e-12 1.419554629701332335e-11 2.558943765935255871e-11 1.411615396169204452e-11 4.105201116112317276e-12 1.142944977161773946e-12 -1.177703765791192796e-12 -2.754744598142413527e-12
1.408649548910245405e-11 1.269512925520335846e-11 9.138776755474782230e-12 8.671967510552545856e-12 4.452877964771311886e-12 -5.422987073001155134e-14 -2.401949595767794666e-12 3.530335123722236673e-12 -7.431497293755428618e-13 3.216367046058306535e-12 4.276373904983768959e-12 -1.874153795788112864e-12 -1.975266816677418100e-12 1.921773311322358242e-12 2.165320109256824718e-12 1.362848391828129530e-12 1.371519801704966748e-12 1.795502555519857442e-12 3.226341243801486615e-12 5.742179764835600539e-12 1.411615396169204452e-11 2.129170930085506843e-11 6.999369765042809099e-12 2.053646855432219925e-12 -1.481581142392167361e-12 -2.886931830399685538e-12
-3.626180316925761187e-12 1.057426185497180631e-11 1.087159881605799983e-11 2.302901106102278229e-12 3.534888158336156817e-12 -8.433941892248762498e-13 -9.390450788251246390e-14 2.177280635200896878e-12 8.582152686179531638e-13 1.242191294387563513e-12 4.827422383460536794e-12 -2.501331457525971774e-12 -1.794327396208315348e-12 1.712739823052096014e-12 -3.141643092639433892e-13 -1.678558624238281244e-12 5.010865530046345861e-13 4.038525388882654327e-13 1.779235635997565465e-12 2.316801628799025390e-12 4.105201116112317276e-12 6.999369765042809099e-12 1.163359071571233078e-11 5.180907640240737987e-12 -8.151338989354454217e-13 -6.358303858041603417e-13
-3.002033467456199196e-11 2.329175272358917394e-12 -6.678000640962564699e-12 6.625912026069619196e-12 3.187917785555482503e-12 -2.675506918042232092e-12 5.171564852012736419e-13 5.385509559365750348e-12 1.576588976153330359e-12 -6.455602528242327798e-13 2.029463258626058315e-12 -1.534814259159218886e-12 7.311833876784034883e-13 1.235215688129707999e-12 5.724216619508768258e-13 -3.741029788419986746e-13 1.077921940831542844e-12 -1.120728378329645750e-13 1.469451173362026115e-12 1.200068787921474030e-12 1.142944977161773946e-12 2.053646855432219925e-12 5.180907640240737987e-12 9.291935708926675109e-12 2.346972640912651911e-12 5.957426440685010435e-13
-2.210210924748180795e-11 -1.136543081460140336e-13 -1.709230615979518615e-11 2.546896836101129112e-12 6.575912472840168223e-12 2.696274279504522517e-12 2.717542027568125704e-12 4.622398495480277173e-12 -1.183575070812355816e-12 5.096163036756745715e-15 -8.589260739715351156e-13 -1.550137379470638071e-13 7.293522311864545079e-13 -1.908337735460538774e-12 -1.303742269362458130e-12 3.044608459244317790e-13 -2.812352773189395761e-13 -1.733682675865606615e-12 1.390091992625153039e-12 1.347534053544884615e-13 -1.177703765791192796e-12 -1.481581142392167361e-12 -8.151338989354454217e-13 2.346972640912651911e-12 8.703782289181046690e-12 2.021695996791648194e-12
-9.322464406005726215e-12 -1.137182298953392203e-11 -5.799176124177369404e-12 -1.068505358557250322e-11 -7.988754426269712943e-12 9.677386081002960758e-13 4.554281069715647606e-13 -1.599402952572266059e-12 -6.238144396636800738e-14 -5.100122229250813873e-13 5.768246397054113505e-13 -1.173544868421022484e-12 -1.622917335752793601e-12 -2.535579115717095515e-12 -2.560966959505235411e-12 -6.033933763913339929e-13 6.926799483404253806e-13 4.124918367644531095e-13 -1.538744730952443049e-12 -1.658145373527894082e-12 -2.754744598142413527e-12 -2.886931830399685538e-12 -6.358303858041603417e-13 5.957426440685010435e-13 2.021695996791648194e-12 6.410985481942174423e-12
