3.167973402422615165e-09 3.508639597179954939e-10 3.262709549046477018e-10 1.277880930678820954e-10 -9.378806900961875027e-11 1.936628019855008634e-11 -2.508621871646745889e-11 -1.224293154554854561e-11 -1.944068364173198243e-12 5.369937279238863703e-12 1.046759324594392715e-10 7.438004582406109419e-11 5.264132613446716693e-11 6.647283808889335325e-11 2.504829424575030722e-11 3.179136638948267762e-11 2.786379184077275606e-11 1.653924497842383602e-11 6.933862003430495356e-12 -2.756725761850923738e-11 -2.802889980891836141e-11 6.635976458317017254e-12 -9.750277275679253792e-12 5.446963092894774829e-12 -8.083368301886852641e-12 2.458389506631853214e-12
3.508639597179954939e-10 2.554029186849773244e-09 2.486314384090809456e-10 2.274809685713290889e-10 2.729871587043423075e-10 1.134419640018692805e-10 1.746414131386788577e-10 3.950115401391379167e-11 3.992454929980127830e-11 1.732739039403875729e-11 3.997036083979792775e-11 -9.799877385513753706e-12 3.645936941318878784e-11 5.175398365844082850e-11 2.246498018162005485e-11 4.347860667945631192e-11 4.839609496261390178e-11 3.786061135836492669e-11 3.977450898006077958e-11 3.727852908904872340e-11 -5.421216784441253268e-12 -9.822362951352458324e-12 -1.729694177848079926e-11 7.393680292769358828e-12 1.103092652846386299e-11 1.200206387074247682e-12
3.262709549046477018e-10 2.486314384090809456e-10 1.533283344281827952e-09 2.823811989920654629e-10 8.287333410713948895e-11 7.771710584977096049e-11 6.876563876081145406e-11 2.448699384540315766e-12 7.877506736689196755e-11 3.960027248173701841e-11 4.715756984916486392e-11 1.355882817013440010e-11 3.352435563599168002e-11 2.122623263337799182e-11 -6.113625128607149752e-12 -1.435929366193409213e-11 -1.883807658439350351e-11 -7.329998786980483900e-12 -6.534120637319518717e-12 -1.671284180983400975e-11 -1.415623379575416100e-11 -7.805343885335366244e-12 3.767240083234878704e-12 -1.575495770417654117e-11 -3.778202107370706542e-12 1.024952142636110242e-11
1.277880930678820954e-10 2.274809685713290889e-10 2.823811989920654629e-10 8.792769872023922636e-10 1.138186264744760042e-10 1.204145017271272057e-10 7.834040629071205711e-11 9.834557677442890452e-12 5.347897538501183845e-11 3.002084793133862129e-11 3.548967904563673753e-11 3.042382583078025819e-11 3.352780077793492145e-11 2.433555153149707085e-11 1.282754410645424317e-11 -2.972808089375886735e-12 1.264205358788547373e-11 -1.702213414379525023e-12 -6.534977708513629605e-12 -2.960213900076761184e-12 1.052783631342819277e-12 1.351169325555772840e-11 1.190667898598713849e-11 -1.583187846307156980e-12 1.023135229727819343e-12 -6.198135896736117503e-12
-9.378806900961875027e-11 2.729871587043423075e-10 8.287333410713948895e-11 1.138186264744760042e-10 6.075150643437376759e-10 6.340284102928890225e-11 6.687809396600092935e-11 1.386787451119186731e-11 5.863052910195409189e-11 1.743547028524088370e-11 2.503425261760619579e-11 1.968631969724417054e-11 2.391166508643168415e-12 1.644303340342588484e-12 8.431423369449700852e-12 2.002907875984746948e-11 1.537779530085716579e-11 7.283927760537476802e-12 6.488766189012673272e-12 2.053466755219522787e-11 1.377651819576804354e-11 -9.677437483333358952e-12 4.430749693220976298e-12 1.067432153528615224e-11 -4.535944049472157868e-12 -2.007177170483346995e-12
1.936628019855008634e-11 1.134419640018692805e-10 7.771710584977096049e-11 1.204145017271272057e-10 6.340284102928890225e-11 4.915833571677394226e-10 8.996406104920206360e-11 4.170602699331696028e-11 2.873129172586737545e-11 2.374732826513238977e-11 2.091447688337478584e-11 1.575255348087025720e-11 1.580817887267684503e-11 -2.811891113848615685e-12 7.170976865212409856e-13 5.524322296019176083e-12 1.258578926278019836e-11 3.942074987105915520e-12 5.128581891864611861e-13 4.900878997142615083e-12 -4.125908876586879658e-12 2.037237225288795010e-12 2.528349680250794742e-12 -9.381078867703868357e-13 8.444986295990167493e-12 1.172624659485787948e-12
-2.508621871646745889e-11 1.746414131386788577e-10 6.876563876081145406e-11 7.834040629071205711e-11 6.687809396600092935e-11 8.996406104920206360e-11 3.319146338251362614e-10 3.047998368596628764e-11 3.565455164685815146e-11 5.583281187870830051e-12 5.446490640022188509e-12 -1.069059813055254784e-11 1.061092284574074102e-11 1.227740886517131682e-11 -2.584738139501747281e-13 5.069592542900700449e-12 9.419279457935666171e-12 3.473652391098721564e-12 -6.817691531671614603e-12 -1.245550938885897470e-11 -1.018155594873049644e-11 -1.476817518273888070e-11 -5.681194013676907408e-12 -5.735289314874399631e-12 -7.854063949056630417e-12 5.896120075346344083e-13
-1.224293154554854561e-11 3.950115401391379167e-11 2.448699384540315766e-12 9.834557677442890452e-12 1.386787451119186731e-11 4.170602699331696028e-11 3.047998368596628764e-11 2.138949882571374505e-10 3.148056643842407241e-11 7.564147250144235442e-12 6.066512997793152285e-12 1.967226871437848255e-11 1.673345698744195917e-12 2.472044838990014818e-12 -5.072337781903062632e-12 6.703607255291277253e-12 1.148414384848598137e-11 5.091917898862371371e-12 5.167107079832309682e-12 2.133031925963046695e-13 -7.257147041001629952e-12 -6.328064278000089208e-12 -9.846104419220887656e-12 3.941649681476134023e-12 8.978428593394906407e-12 2.865082776970157348e-12
-1.944068364173198243e-12 3.992454929980127830e-11 7.877506736689196755e-11 5.347897538501183845e-11 5.863052910195409189e-11 2.873129172586737545e-11 3.565455164685815146e-11 3.148056643842407241e-11 1.736518198008961854e-10 4.170671540439806236e-11 2.872546389210363622e-11 2.657531202239076310e-11 2.187129820358730550e-11 2.258226045645809207e-11 1.526937289985189514e-11 8.725220263022870240e-12 1.464955708226849053e-11 1.374594254771840782e-11 2.361684759964062568e-12 -2.779167388353741539e-12 -8.743688481035298171e-12 -5.778019194583373754e-12 -2.648028022073257528e-13 1.244890508666644560e-12 -1.339449139732814140e-12 7.118418407049817377e-13
5.369937279238863703e-12 1.732739039403875729e-11 3.960027248173701841e-11 3.002084793133862129e-11 1.743547028524088370e-11 2.374732826513238977e-11 5.583281187870830051e-12 7.564147250144235442e-12 4.170671540439806236e-11 1.303972921737409876e-10 4.212848641546694570e-11 3.186962410702878794e-11 1.454179013171952986e-11 1.404854073749943359e-11 1.108612597782996687e-11 1.173923605336410449e-11 3.431076587541644996e-12 4.107755241953882150e-13 -1.522687694661676556e-12 -1.120876390156655550e-11 -1.403022311251597467e-11 -4.895658321411617806e-12 -8.019276772380527705e-12 -3.569590277219121713e-12 -2.868562974255694613e-13 -2.633748473366081293e-12
1.046759324594392715e-10 3.997036083979792775e-11 4.715756984916486392e-11 3.548967904563673753e-11 2.503425261760619579e-11 2.091447688337478584e-11 5.446490640022188509e-12 6.066512997793152285e-12 2.872546389210363622e-11 4.212848641546694570e-11 7.341357146547293055e-11 3.073419559787481016e-11 1.825726593242136539e-11 1.222539191310100302e-11 1.039492778808731676e-11 4.704814174097654206e-12 -6.313213328194944743e-13 -1.247767854351356970e-12 -8.957909708692792816e-14 -1.661174863506046766e-12 -6.139415314457525975e-12 -4.336317078889012847e-12 -3.504596169179731880e-12 -1.112434217208689433e-12 -2.371523179378960263e-12 -2.774723104233734424e-12
7.438004582406109419e-11 -9.799877385513753706e-12 1.355882817013440010e-11 3.042382583078025819e-11 1.968631969724417054e-11 1.575255348087025720e-11 -1.069059813055254784e-11 1.967226871437848255e-11 2.657531202239076310e-11 3.186962410702878794e-11 3.073419559787481016e-11 7.577920670039620001e-11 3.224333225710287005e-11 1.968337886691463570e-11 1.246811042027770557e-11 8.441130922491146388e-12 1.063972499414475628e-11 6.530515563330056952e-12 5.586075161916118729e-12 -1.675549293967558054e-12 -6.540628541367848616e-12 -2.814395642160225822e-12 -1.921165701995626869e-12 -8.620469103726307908e-13 1.235204688047594886e-12 6.337741217729105351e-13
5.264132613446716693e-11 3.645936941318878784e-11 3.352435563599168002e-11 3.352780077793492145e-11 2.391166508643168415e-12 1.580817887267684503e-11 1.061092284574074102e-11 1.673345698744195917e-12 2.187129820358730550e-11 1.454179013171952986e-11 1.825726593242136539e-11 3.224333225710287005e-11 7.084408355469945662e-11 4.018082457627506564e-11 2.889598624708903490e-11 1.895525647550638412e-11 1.465081406207346902e-11 9.439283171683491185e-12 3.810062918430284487e-12 -1.810055844854032357e-12 -1.052428478048098153e-11 -5.935168319980772537e-12 -8.296442683433168613e-13 1.032638847664085443e-12 3.480619537863210546e-12 -2.634101670307980758e-13
6.647283808889335325e-11 5.175398365844082850e-11 2.122623263337799182e-11 2.433555153149707085e-11 1.644303340342588484e-12 -2.811891113848615685e-12 1.227740886517131682e-11 2.472044838990014818e-12 2.258226045645809207e-11 1.404854073749943359e-11 1.222539191310100302e-11 1.968337886691463570e-11 4.018082457627506564e-11 6.823649657678258022e-11 3.580012888424842795e-11 2.421526168855475718e-11 1.427974865396200615e-11 9.138701038473146102e-12 9.751185738909504593e-12 6.586957641707863823e-13 -1.025197629676312956e-11 -3.527501921312828248e-12 3.176915989070126394e-12 8.162239952078850419e-13 1.116209782368729287e-12 1.538426902795631532e-12
2.504829424575030722e-11 2.246498018162005485e-11 -6.113625128607149752e-12 1.282754410645424317e-11 8.431423369449700852e-12 7.170976865212409856e-13 -2.584738139501747281e-13 -5.072337781903062632e-12 1.526937289985189514e-11 1.108612597782996687e-11 1.039492778808731676e-11 1.246811042027770557e-11 2.889598624708903490e-11 3.580012888424842795e-11 5.281582281236079639e-11 3.060189772085614723e-11 1.952426821676788739e-11 1.286355411569298906e-11 1.003236555556472211e-11 2.817185634215025409e-12 -1.989970290361718587e-12 9.424451067638159705e-13 2.163115736532883429e-12 2.049316597911009538e-12 -5.072371490821718611e-13 -1.788883634619872245e-12
3.179136638948267762e-11 4.347860667945631192e-11 -1.435929366193409213e-11 -2.972808089375886735e-12 2.002907875984746948e-11 5.524322296019176083e-12 5.069592542900700449e-12 6.703607255291277253e-12 8.725220263022870240e-12 1.173923605336410449e-11 4.704814174097654206e-12 8.441130922491146388e-12 1.895525647550638412e-11 2.421526168855475718e-11 3.060189772085614723e-11 5.624777663654726499e-11 3.324988695347818710e-11 2.154949848919914141e-11 1.463592742034285476e-11 2.053075796304209904e-12 -6.731803863526534231e-13 1.880316930685333975e-12 2.062030965513734415e-12 4.144288541376238496e-12 -8.239610381871392459e-13 1.331879434888340041e-12
2.786379184077275606e-11 4.839609496261390178e-11 -1.883807658439350351e-11 1.264205358788547373e-11 1.537779530085716579e-11 1.258578926278019836e-11 9.419279457935666171e-12 1.148414384848598137e-11 1.464955708226849053e-11 3.431076587541644996e-12 -6.313213328194944743e-13 1.063972499414475628e-11 1.465081406207346902e-11 1.427974865396200615e-11 1.952426821676788739e-11 3.324988695347818710e-11 5.420270749885118178e-11 3.304275142388314860e-11 1.575922964983860475e-11 5.434945866908096390e-12 -4.952867978720823913e-13 -1.128230063955179088e-12 8.779121050351542528e-13 3.829932709796866624e-12 1.525115904159477230e-12 1.371402178257282394e-12
1.653924497842383602e-11 3.786061135836492669e-11 -7.329998786980483900e-12 -1.702213414379525023e-12 7.283927760537476802e-12 3.942074987105915520e-12 3.473652391098721564e-12 5.091917898862371371e-12 1.374594254771840782e-11 4.107755241953882150e-13 -1.247767854351356970e-12 6.530515563330056952e-12 9.439283171683491185e-12 9.138701038473146102e-12 1.286355411569298906e-11 2.154949848919914141e-11 3.304275142388314860e-11 4.904003975325834014e-11 2.772475495836527330e-11 1.092894249549801772e-11 1.471752396953967814e-12 5.184352435262262793e-13 2.067255375550464438e-12 4.204924053040251183e-12 -1.080177340789636334e-12 1.232550452889468997e-12
6.933862003430495356e-12 3.977450898006077958e-11 -6.534120637319518717e-12 -6.534977708513629605e-12 6.488766189012673272e-12 5.128581891864611861e-13 -6.817691531671614603e-12 5.167107079832309682e-12 2.361684759964062568e-12 -1.522687694661676556e-12 -8.957909708692792816e-14 5.586075161916118729e-12 3.810062918430284487e-12 9.751185738909504593e-12 1.003236555556472211e-11 1.463592742034285476e-11 1.575922964983860475e-11 2.772475495836527330e-11 4.468134547899216413e-11 2.614234147384262721e-11 9.458116712731888667e-12 8.768089554480011606e-12 5.299640633323626670e-12 3.097479615327704427e-12 -8.937257686021503013e-13 1.262317134123981460e-12
-2.756725761850923738e-11 3.727852908904872340e-11 -1.671284180983400975e-11 -2.960213900076761184e-12 2.053466755219522787e-11 4.900878997142615083e-12 -1.245550938885897470e-11 2.133031925963046695e-13 -2.779167388353741539e-12 -1.120876390156655550e-11 -1.661174863506046766e-12 -1.675549293967558054e-12 -1.810055844854032357e-12 6.586957641707863823e-13 2.817185634215025409e-12 2.053075796304209904e-12 5.434945866908096390e-12 1.092894249549801772e-11 2.614234147384262721e-11 5.093116776859524885e-11 2.659016743530846465e-11 1.436675221602305595e-11 9.583781025650508050e-12 2.330806282956701316e-12 -1.433541220631685407e-13 -2.984376364074028954e-13
-2.802889980891836141e-11 -5.421216784441253268e-12 -1.415623379575416100e-11 1.052783631342819277e-12 1.377651819576804354e-11 -4.125908876586879658e-12 -1.018155594873049644e-11 -7.257147041001629952e-12 -8.743688481035298171e-12 -1.403022311251597467e-11 -6.139415314457525975e-12 -6.540628541367848616e-12 -1.052428478048098153e-11 -1.025197629676312956e-11 -1.989970290361718587e-12 -6.731803863526534231e-13 -4.952867978720823913e-13 1.471752396953967814e-12 9.458116712731888667e-12 2.659016743530846465e-11 4.389965510818658993e-11 2.480425399609177612e-11 1.393841441555141385e-11 4.801992298283686192e-12 -9.461358381112604877e-13 -1.251686159894957125e-12
6.635976458317017254e-12 -9.822362951352458324e-12 -7.805343885335366244e-12 1.351169325555772840e-11 -9.677437483333358952e-12 2.037237225288795010e-12 -1.476817518273888070e-11 -6.328064278000089208e-12 -5.778019194583373754e-12 -4.895658321411617806e-12 -4.336317078889012847e-12 -2.814395642160225822e-12 -5.935168319980772537e-12 -3.527501921312828248e-12 9.424451067638159705e-13 1.880316930685333975e-12 -1.128230063955179088e-12 5.184352435262262793e-13 8.768089554480011606e-12 1.436675221602305595e-11 2.480425399609177612e-11 3.816658514349757568e-11 2.016641609767672328e-11 5.691852850817337906e-12 7.817550191567808037e-14 -1.408129720103553257e-12
-9.750277275679253792e-12 -1.729694177848079926e-11 3.767240083234878704e-12 1.190667898598713849e-11 4.430749693220976298e-12 2.528349680250794742e-12 -5.681194013676907408e-12 -9.846104419220887656e-12 -2.648028022073257528e-13 -8.019276772380527705e-12 -3.504596169179731880e-12 -1.921165701995626869e-12 -8.296442683433168613e-13 3.176915989070126394e-12 2.163115736532883429e-12 2.062030965513734415e-12 8.779121050351542528e-13 2.067255375550464438e-12 5.299640633323626670e-12 9.583781025650508050e-12 1.393841441555141385e-11 2.016641609767672328e-11 3.205100212201843825e-11 1.166319342411768027e-11 1.554973919067662223e-12 -2.130506244042068497e-13
5.446963092894774829e-12 7.393680292769358828e-12 -1.575495770417654117e-11 -1.583187846307156980e-12 1.067432153528615224e-11 -9.381078867703868357e-13 -5.735289314874399631e-12 3.941649681476134023e-12 1.244890508666644560e-12 -3.569590277219121713e-12 -1.112434217208689433e-12 -8.620469103726307908e-13 1.032638847664085443e-12 8.162239952078850419e-13 2.049316597911009538e-12 4.144288541376238496e-12 3.829932709796866624e-12 4.204924053040251183e-12 3.097479615327704427e-12 2.330806282956701316e-12 4.801992298283686192e-12 5.691852850817337906e-12 1.166319342411768027e-11 1.808735465497907024e-11 4.014987928861920138e-12 -8.398436671919008901e-13
-8.083368301886852641e-12 1.103092652846386299e-11 -3.778202107370706542e-12 1.023135229727819343e-12 -4.535944049472157868e-12 8.444986295990167493e-12 -7.854063949056630417e-12 8.978428593394906407e-12 -1.339449139732814140e-12 -2.868562974255694613e-13 -2.371523179378960263e-12 1.235204688047594886e-12 3.480619537863210546e-12 1.116209782368729287e-12 -5.072371490821718611e-13 -8.239610381871392459e-13 1.525115904159477230e-12 -1.080177340789636334e-12 -8.937257686021503013e-13 -1.433541220631685407e-13 -9.461358381112604877e-13 7.817550191567808037e-14 1.554973919067662223e-12 4.014987928861920138e-12 1.472665293180803868e-11 3.145064802483925509e-12
2.458389506631853214e-12 1.200206387074247682e-12 1.024952142636110242e-11 -6.198135896736117503e-12 -2.007177170483346995e-12 1.172624659485787948e-12 5.896120075346344083e-13 2.865082776970157348e-12 7.118418407049817377e-13 -2.633748473366081293e-12 -2.774723104233734424e-12 6.337741217729105351e-13 -2.634101670307980758e-13 1.538426902795631532e-12 -1.788883634619872245e-12 1.331879434888340041e-12 1.371402178257282394e-12 1.232550452889468997e-12 1.262317134123981460e-12 -2.984376364074028954e-13 -1.251686159894957125e-12 -1.408129720103553257e-12 -2.130506244042068497e-13 -8.398436671919008901e-13 3.145064802483925509e-12 9.842262908528606292e-12
