2.716858304513729326e-09 2.539227575306810782e-10 1.021859766067664234e-10 7.280537746868458575e-11 7.143183410200946861e-11 5.722312946671782346e-11 -2.501477719042126887e-11 1.163328280728183940e-10 -3.299026132302281093e-12 4.487779049144912245e-11 -1.727495374509849984e-11 8.193074316524041840e-13 -3.353276346437199512e-11 -7.322541745688236055e-12 -1.992985029872526632e-11 2.764935712125790114e-12 -1.585690519848328780e-11 5.722781337805546242e-12 2.074031981318236192e-11 -5.555119452328812255e-12 1.037152918722714497e-11 -2.846553093686376756e-12 2.047816031757154595e-12 4.477514212167545672e-12 4.228583406579847043e-12 2.215439601211962042e-12
2.539227575306810782e-10 1.798075754065262406e-09 1.154937799100293268e-10 -1.058971749550751828e-11 -8.471618285195366272e-11 7.572269901353914876e-12 1.605756018022054868e-11 5.625244674928648405e-11 -1.462702567243544450e-11 -5.347184878698600611e-12 -1.256432086636568725e-11 -1.440166300467928960e-13 -5.722718062228396949e-12 -3.308634365827314125e-12 -4.666943458083978648e-12 9.273699399576797367e-12 -1.497956704828905452e-11 3.777869092285039728e-12 -5.390557038546298566e-12 -8.160759671768525908e-12 -1.237718414229785792e-11 -6.178859992368872913e-12 1.866593307666465329e-12 2.072734046138861567e-12 2.315258701857784273e-12 -4.611605508061032795e-12
1.021859766067664234e-10 1.154937799100293268e-10 1.077436772693040792e-09 7.355909725279681709e-11 3.972120170337236870e-11 -6.267188032662124887e-12 -2.628082923073575596e-11 2.295651968244729348e-11 -2.099422883818585756e-11 2.266622754362571979e-11 4.062176602155188976e-11 1.336798068268859183e-11 1.445005402167816596e-11 1.103236059125985617e-12 -1.197791547542676838e-11 -8.656981690882950903e-12 -3.333423262651005711e-12 -3.814692562144281681e-12 -6.076742344401083589e-13 -1.144982253102110748e-11 -1.514842942089499461e-11 -6.641647740190648072e-12 9.272155487038695917e-13 4.018732292761345991e-12 1.481296576077338327e-12 6.696076587352006491e-12
7.280537746868458575e-11 -1.058971749550751828e-11 7.355909725279681709e-11 7.968015940630515385e-10 5.015734281459926810e-11 -9.855920560642466368e-12 3.800244475124209135e-11 1.519305533533974475e-11 1.433634217641952263e-11 9.424466553459432250e-12 -4.683976955096153384e-12 -1.438160190869124195e-11 -1.307129605569022874e-11 -4.232015867794402236e-12 8.926813624320139405e-13 -1.945239064059252179e-12 -1.117969042788049718e-12 7.921386305892233605e-13 3.708945136982629106e-12 -4.341083977347995981e-12 -2.743036278563983867e-12 4.333686689371377785e-12 5.764718278500157723e-12 6.559212120412714304e-12 2.678270428309917783e-13 5.933100099862285222e-12
7.143183410200946861e-11 -8.471618285195366272e-11 3.972120170337236870e-11 5.015734281459926810e-11 5.292721739276050490e-10 5.452643446875825877e-11 -3.301554619294495115e-12 2.673146115123761036e-11 8.244450814013952707e-12 4.943439993500808795e-13 -1.271784087049072582e-11 1.054603553530031472e-11 -2.734087642050831040e-12 8.395854100844048109e-12 -5.313152304828062948e-12 9.673320278128318297e-12 -1.559408802595127135e-12 -9.682488841235174455e-12 -1.238317012553768891e-11 -8.117400052322109392e-12 2.374853414078692449e-12 2.615356037339190121e-12 4.101324249809389967e-12 1.781427343490489243e-13 -1.275715528194911387e-12 3.135331398042269205e-12
5.722312946671782346e-11 7.572269901353914876e-12 -6.267188032662124887e-12 -9.855920560642466368e-12 5.452643446875825877e-11 3.506792738299362724e-10 6.188023785544335618e-11 4.637519410114959401e-11 1.435200876224545460e-11 -3.593890003767966974e-13 -2.613406386995773845e-12 1.383502434685768569e-11 -3.994626445676032785e-12 3.187719495912662280e-13 3.239651951755338903e-13 7.248997577900231264e-13 -6.134192008686774205e-12 -6.691249759190908845e-12 2.285384923765581285e-12 -3.345126204913246985e-12 -2.169731996496657692e-12 -3.947219737826066345e-12 -5.069209214207291409e-12 -1.563833042267103412e-12 -1.238367965071718599e-12 -1.682496831891360565e-12
-2.501477719042126887e-11 1.605756018022054868e-11 -2.628082923073575596e-11 3.800244475124209135e-11 -3.301554619294495115e-12 6.188023785544335618e-11 2.371046509350677344e-10 1.374506391384632312e-11 2.532918242382086727e-11 1.064669137929174475e-11 2.430959050554653106e-12 2.201056364320665154e-12 -8.342259925823802819e-12 -2.185084361236151135e-12 5.288573245368169656e-12 7.949617263342047894e-12 -2.506050305632505820e-12 -2.120241566007812418e-13 6.114672394974441174e-12 2.224277449810502163e-12 4.271863662526349044e-12 1.097162058434861190e-12 -2.150754175679811890e-12 -4.297550743302372630e-13 -9.520038219223333381e-13 1.650397458493645280e-12
1.163328280728183940e-10 5.625244674928648405e-11 2.295651968244729348e-11 1.519305533533974475e-11 2.673146115123761036e-11 4.637519410114959401e-11 1.374506391384632312e-11 1.562272659826997743e-10 2.943418723798473050e-11 2.811233321214859149e-11 2.689167717674512972e-12 1.493758764101773360e-11 -8.630638597604075664e-13 3.916426042571782638e-12 1.274977957854755346e-12 3.192888516542264126e-12 -2.662155714869536803e-12 -1.391482229136180859e-12 -2.283413601910779863e-12 -4.105591266206536548e-12 1.318688802359993768e-12 1.132960961211150800e-13 -2.742626303512207146e-12 -7.524176667410902075e-13 -1.286482180151378923e-13 5.150925026397422590e-13
-3.299026132302281093e-12 -1.462702567243544450e-11 -2.099422883818585756e-11 1.433634217641952263e-11 8.244450814013952707e-12 1.435200876224545460e-11 2.532918242382086727e-11 2.943418723798473050e-11 9.906783746005350532e-11 1.643387513388082296e-11 7.381297227117414019e-12 3.971839261373305028e-12 -1.197393979519546323e-12 1.985223081752060118e-12 -1.475681963122958636e-12 2.916335963685732069e-12 -1.403388418383326179e-12 3.652495368725603008e-13 4.872570416043587161e-13 7.485155225040093779e-14 -1.209741211705873438e-12 -5.865684511813623545e-13 -1.360846670629371673e-14 5.169632731269744310e-13 1.916606474947600586e-14 7.636083584352840265e-13
4.487779049144912245e-11 -5.347184878698600611e-12 2.266622754362571979e-11 9.424466553459432250e-12 4.943439993500808795e-13 -3.593890003767966974e-13 1.064669137929174475e-11 2.811233321214859149e-11 1.643387513388082296e-11 7.234366115696725929e-11 1.620256255336367567e-11 1.067584254094241565e-11 2.312962479979940395e-12 5.330259210662966659e-12 3.190452507327296962e-12 1.534779466949300049e-12 -8.596693418277876922e-13 -2.410363692739272687e-12 -5.336861751754186679e-13 -1.001457156001382779e-12 -1.777851131710613777e-12 -6.973498188741686236e-13 -1.465264877443034869e-12 -6.330451537842461286e-13 -2.898229661370048229e-13 -1.340670950729677934e-13
-1.727495374509849984e-11 -1.256432086636568725e-11 4.062176602155188976e-11 -4.683976955096153384e-12 -1.271784087049072582e-11 -2.613406386995773845e-12 2.430959050554653106e-12 2.689167717674512972e-12 7.381297227117414019e-12 1.620256255336367567e-11 6.337641217642485677e-11 1.096578999356010153e-11 5.092399149158524576e-12 4.352065325217888361e-12 4.458226245194342703e-12 3.897625631244412417e-12 6.314606336476058036e-13 1.158464699965581512e-12 -5.618945322377654625e-13 -1.537985748006157433e-12 -2.763188726526091012e-12 -1.834806839924296866e-12 -1.742510426480751299e-12 -2.780665004107113246e-13 -3.493996729485889706e-13 7.047939121540102827e-14
8.193074316524041840e-13 -1.440166300467928960e-13 1.336798068268859183e-11 -1.438160190869124195e-11 1.054603553530031472e-11 1.383502434685768569e-11 2.201056364320665154e-12 1.493758764101773360e-11 3.971839261373305028e-12 1.067584254094241565e-11 1.096578999356010153e-11 4.186258149707451944e-11 9.743113182415861486e-12 5.208056845303229025e-12 3.467752833967686009e-12 4.369199123057610186e-12 2.415069806615521961e-12 3.325750335669140559e-12 2.304676508857067337e-12 -1.038722650158278623e-12 -6.805562994368468812e-13 1.027912143541978544e-14 -4.097735841360576709e-13 -7.097524407304716625e-13 -4.410531018307885868e-13 3.745262143854773817e-13
-3.353276346437199512e-11 -5.722718062228396949e-12 1.445005402167816596e-11 -1.307129605569022874e-11 -2.734087642050831040e-12 -3.994626445676032785e-12 -8.342259925823802819e-12 -8.630638597604075664e-13 -1.197393979519546323e-12 2.312962479979940395e-12 5.092399149158524576e-12 9.743113182415861486e-12 3.235470849666100540e-11 1.267832143107739740e-11 5.329275712168069581e-12 6.001572217507012608e-12 1.991451262155891535e-12 1.581051567349889690e-12 -1.876169006048540428e-12 -2.059161727476844184e-12 -1.520846246646164686e-12 -1.526676567553896382e-12 -1.690272033543595727e-12 -8.535799172921528743e-13 -1.114470857346818077e-13 -4.805995654347434544e-13
-7.322541745688236055e-12 -3.308634365827314125e-12 1.103236059125985617e-12 -4.232015867794402236e-12 8.395854100844048109e-12 3.187719495912662280e-13 -2.185084361236151135e-12 3.916426042571782638e-12 1.985223081752060118e-12 5.330259210662966659e-12 4.352065325217888361e-12 5.208056845303229025e-12 1.267832143107739740e-11 2.539476695070633742e-11 1.154644628642675640e-11 5.275952747930464308e-12 8.084355541495979833e-13 4.833625946594921064e-13 -8.744184242329395485e-13 -1.414422785307154636e-12 -1.022535021163137631e-12 -1.926676879252562428e-12 -1.372745182220964260e-12 4.926880265578400441e-14 -2.242012189644768756e-14 -1.592121330518849328e-13
-1.992985029872526632e-11 -4.666943458083978648e-12 -1.197791547542676838e-11 8.926813624320139405e-13 -5.313152304828062948e-12 3.239651951755338903e-13 5.288573245368169656e-12 1.274977957854755346e-12 -1.475681963122958636e-12 3.190452507327296962e-12 4.458226245194342703e-12 3.467752833967686009e-12 5.329275712168069581e-12 1.154644628642675640e-11 2.241115598598169434e-11 5.977007170412926640e-12 2.644758381311080711e-12 1.724065016865412252e-12 1.036207378227894635e-13 -1.029293655668731176e-12 -3.461968889616249109e-13 -1.208129038713097802e-12 -4.060651123136397635e-13 -6.648755344580373793e-13 5.340010445129731846e-13 -1.503937709011327441e-13
2.764935712125790114e-12 9.273699399576797367e-12 -8.656981690882950903e-12 -1.945239064059252179e-12 9.673320278128318297e-12 7.248997577900231264e-13 7.949617263342047894e-12 3.192888516542264126e-12 2.916335963685732069e-12 1.534779466949300049e-12 3.897625631244412417e-12 4.369199123057610186e-12 6.001572217507012608e-12 5.275952747930464308e-12 5.977007170412926640e-12 1.740290414183516560e-11 5.708988999715297317e-12 2.694721411665830418e-12 3.110913069538091657e-13 6.723401131800542471e-13 -2.389558303722985544e-13 -9.329500478594193518e-13 7.357838295502143074e-14 -1.075713113798843877e-13 6.554460628494724472e-13 7.964382078199507218e-14
-1.585690519848328780e-11 -1.497956704828905452e-11 -3.333423262651005711e-12 -1.117969042788049718e-12 -1.559408802595127135e-12 -6.134192008686774205e-12 -2.506050305632505820e-12 -2.662155714869536803e-12 -1.403388418383326179e-12 -8.596693418277876922e-13 6.314606336476058036e-13 2.415069806615521961e-12 1.991451262155891535e-12 8.084355541495979833e-13 2.644758381311080711e-12 5.708988999715297317e-12 1.450298524844763833e-11 5.269352628930064599e-12 1.097125094775903673e-12 6.756023798346537139e-13 -3.675872700045619143e-13 -4.069808750040047364e-13 2.937725518665219725e-13 -6.285575244582234414e-13 1.454796582735098651e-13 1.052067601089908056e-13
5.722781337805546242e-12 3.777869092285039728e-12 -3.814692562144281681e-12 7.921386305892233605e-13 -9.682488841235174455e-12 -6.691249759190908845e-12 -2.120241566007812418e-13 -1.391482229136180859e-12 3.652495368725603008e-13 -2.410363692739272687e-12 1.158464699965581512e-12 3.325750335669140559e-12 1.581051567349889690e-12 4.833625946594921064e-13 1.724065016865412252e-12 2.694721411665830418e-12 5.269352628930064599e-12 1.337538108837715529e-11 6.255134205410667779e-12 1.927542300098799009e-12 5.592895258062809344e-13 7.256359803587983428e-14 -6.602218268774329201e-14 -2.988359950014690607e-13 3.065950216867099134e-13 -3.607971267402622897e-13
2.074031981318236192e-11 -5.390557038546298566e-12 -6.076742344401083589e-13 3.708945136982629106e-12 -1.238317012553768891e-11 2.285384923765581285e-12 6.114672394974441174e-12 -2.283413601910779863e-12 4.872570416043587161e-13 -5.336861751754186679e-13 -5.618945322377654625e-13 2.304676508857067337e-12 -1.876169006048540428e-12 -8.744184242329395485e-13 1.036207378227894635e-13 3.110913069538091657e-13 1.097125094775903673e-12 6.255134205410667779e-12 1.175454567654657022e-11 3.583551398054479290e-12 3.782129584364804457e-13 -1.460519956218168638e-13 -6.976915819830948085e-13 -4.669022319773226211e-13 -6.102929651370490274e-14 -6.076654527637043815e-14
-5.555119452328812255e-12 -8.160759671768525908e-12 -1.144982253102110748e-11 -4.341083977347995981e-12 -8.117400052322109392e-12 -3.345126204913246985e-12 2.224277449810502163e-12 -4.105591266206536548e-12 7.485155225040093779e-14 -1.001457156001382779e-12 -1.537985748006157433e-12 -1.038722650158278623e-12 -2.059161727476844184e-12 -1.414422785307154636e-12 -1.029293655668731176e-12 6.723401131800542471e-13 6.756023798346537139e-13 1.927542300098799009e-12 3.583551398054479290e-12 9.094449368931575158e-12 3.054292951521052659e-12 1.430413739877632723e-13 -6.235441752635500966e-13 -4.811975450818779215e-13 1.885477412905618172e-13 -2.789371947379345783e-13
1.037152918722714497e-11 -1.237718414229785792e-11 -1.514842942089499461e-11 -2.743036278563983867e-12 2.374853414078692449e-12 -2.169731996496657692e-12 4.271863662526349044e-12 1.318688802359993768e-12 -1.209741211705873438e-12 -1.777851131710613777e-12 -2.763188726526091012e-12 -6.805562994368468812e-13 -1.520846246646164686e-12 -1.022535021163137631e-12 -3.461968889616249109e-13 -2.389558303722985544e-13 -3.675872700045619143e-13 5.592895258062809344e-13 3.782129584364804457e-13 3.054292951521052659e-12 7.574747503347818024e-12 2.586098941609572879e-12 -8.693551646130334582e-14 -3.193004230133740003e-13 -5.848024123259984095e-13 -9.195626984204502689e-13
-2.846553093686376756e-12 -6.178859992368872913e-12 -6.641647740190648072e-12 4.333686689371377785e-12 2.615356037339190121e-12 -3.947219737826066345e-12 1.097162058434861190e-12 1.132960961211150800e-13 -5.865684511813623545e-13 -6.973498188741686236e-13 -1.834806839924296866e-12 1.027912143541978544e-14 -1.526676567553896382e-12 -1.926676879252562428e-12 -1.208129038713097802e-12 -9.329500478594193518e-13 -4.069808750040047364e-13 7.256359803587983428e-14 -1.460519956218168638e-13 1.430413739877632723e-13 2.586098941609572879e-12 6.078233599291252930e-12 1.883989683641221177e-12 7.854267507613972957e-13 -8.443809295280513777e-15 -5.465121498517790589e-13
2.047816031757154595e-12 1.866593307666465329e-12 9.272155487038695917e-13 5.764718278500157723e-12 4.101324249809389967e-12 -5.069209214207291409e-12 -2.150754175679811890e-12 -2.742626303512207146e-12 -1.360846670629371673e-14 -1.465264877443034869e-12 -1.742510426480751299e-12 -4.097735841360576709e-13 -1.690272033543595727e-12 -1.372745182220964260e-12 -4.060651123136397635e-13 7.357838295502143074e-14 2.937725518665219725e-13 -6.602218268774329201e-14 -6.976915819830948085e-13 -6.235441752635500966e-13 -8.693551646130334582e-14 1.883989683641221177e-12 5.553368390606791903e-12 1.925232538470304787e-12 2.637817418888703393e-13 -1.833552853388489012e-13
4.477514212167545672e-12 2.072734046138861567e-12 4.018732292761345991e-12 6.559212120412714304e-12 1.781427343490489243e-13 -1.563833042267103412e-12 -4.297550743302372630e-13 -7.524176667410902075e-13 5.169632731269744310e-13 -6.330451537842461286e-13 -2.780665004107113246e-13 -7.097524407304716625e-13 -8.535799172921528743e-13 4.926880265578400441e-14 -6.648755344580373793e-13 -1.075713113798843877e-13 -6.285575244582234414e-13 -2.988359950014690607e-13 -4.669022319773226211e-13 -4.811975450818779215e-13 -3.193004230133740003e-13 7.854267507613972957e-13 1.925232538470304787e-12 3.490404343866766998e-12 6.435051168152071401e-13 -7.412803740409371667e-15
4.228583406579847043e-12 2.315258701857784273e-12 1.481296576077338327e-12 2.678270428309917783e-13 -1.275715528194911387e-12 -1.238367965071718599e-12 -9.520038219223333381e-13 -1.286482180151378923e-13 1.916606474947600586e-14 -2.898229661370048229e-13 -3.493996729485889706e-13 -4.410531018307885868e-13 -1.114470857346818077e-13 -2.242012189644768756e-14 5.340010445129731846e-13 6.554460628494724472e-13 1.454796582735098651e-13 3.065950216867099134e-13 -6.102929651370490274e-14 1.885477412905618172e-13 -5.848024123259984095e-13 -8.443809295280513777e-15 2.637817418888703393e-13 6.435051168152071401e-13 2.193826536731909662e-12 4.806649516359315396e-13
2.215439601211962042e-12 -4.611605508061032795e-12 6.696076587352006491e-12 5.933100099862285222e-12 3.135331398042269205e-12 -1.682496831891360565e-12 1.650397458493645280e-12 5.150925026397422590e-13 7.636083584352840265e-13 -1.340670950729677934e-13 7.047939121540102827e-14 3.745262143854773817e-13 -4.805995654347434544e-13 -1.592121330518849328e-13 -1.503937709011327441e-13 7.964382078199507218e-14 1.052067601089908056e-13 -3.607971267402622897e-13 -6.076654527637043815e-14 -2.789371947379345783e-13 -9.195626984204502689e-13 -5.465121498517790589e-13 -1.833552853388489012e-13 -7.412803740409371667e-15 4.806649516359315396e-13 2.205472919805490298e-12
