3.425743737179720581e-09 2.038069293794526105e-10 1.451589509347287172e-10 -3.809839514269408449e-11 -8.257003848659711354e-11 -2.759303611989796201e-11 -8.520374743690724679e-11 1.314163454490213699e-11 4.955640574061137327e-11 -2.959741179806351468e-13 1.669872991985474336e-11 -3.422255140432226288e-11 2.519153388399623702e-12 -2.381018405285441061e-11 -5.884084699306859798e-12 -1.483812687900817406e-11 -1.156027297203793901e-11 -6.705627207611657404e-12 -5.727296676299267432e-12 3.260464680039498014e-12 1.599398837380131559e-11 -4.285433550653153077e-12 -2.544181062069705711e-12 -7.758748547848977204e-12 1.016088383210858097e-11 -1.192714587784601927e-12
2.038069293794526105e-10 2.044224957706601187e-09 2.237687901938220201e-10 7.431668367881968182e-11 -1.428443564914746879e-10 9.812489419873893482e-12 -5.580898011953683155e-11 2.416672577350073508e-11 2.095522986687444136e-11 4.082964703686752966e-11 -1.251618500895822765e-11 -1.390723514470649690e-11 -6.400360136318469513e-12 -3.749062820428876440e-13 -1.926374899147219683e-11 -3.001865216958072457e-11 -1.736863437173805988e-11 3.895614740806507991e-12 2.486146802953653995e-12 -4.689352429392758589e-12 8.361961316183829466e-12 -9.573327967373194424e-12 1.437188236882852026e-12 -6.525188075967388622e-12 -8.485553642277412734e-12 -1.095967792278312569e-12
1.451589509347287172e-10 2.237687901938220201e-10 1.355894836998151435e-09 2.661595480853350402e-11 8.485680916546007643e-11 9.704813299440414103e-11 -2.744931404239255179e-11 6.023544062479390037e-11 -1.223918892949217947e-11 -2.344686653186853324e-11 -9.136068091741354830e-12 3.095480672252865775e-12 3.234688193698035963e-11 3.482687007262961809e-11 5.496631071596248705e-12 2.017090045491458160e-11 1.024685497505281006e-11 2.850389713339688660e-12 2.237500882204211817e-12 8.680533279345988604e-12 1.104328378828154749e-11 1.057926674280745269e-12 1.374924501798377827e-12 -1.257817047961855344e-12 -5.141174574787654305e-12 7.305301335640545589e-12
-3.809839514269408449e-11 7.431668367881968182e-11 2.661595480853350402e-11 7.555937675333540471e-10 -1.150698515408664265e-11 1.534757322690938291e-11 2.422529936831733852e-11 -2.066308949428491814e-12 2.188357188420407835e-11 2.761064120201877049e-11 3.088236024117447222e-11 1.257473925554560842e-11 1.381148954960615771e-11 2.311085107112254810e-12 9.918464427078662325e-12 4.717744197729908681e-12 4.354661361316302448e-12 6.994517026359564906e-12 -3.018655506990143799e-13 -2.617044728304216805e-12 7.212867958576340028e-12 -1.695245578077547220e-12 3.744170591893197153e-12 4.519672024526257168e-12 -9.443947928914635860e-13 -3.719598123175511140e-12
-8.257003848659711354e-11 -1.428443564914746879e-10 8.485680916546007643e-11 -1.150698515408664265e-11 6.902031707780836301e-10 1.375243637522095876e-10 -9.791333742569536912e-12 4.774324218623297992e-11 -8.476906741943267919e-12 6.466612459962178635e-12 1.981418464468142349e-12 -1.495860114681008576e-11 -1.129884736742796945e-11 -1.900649615861613868e-11 1.460231633385314468e-11 7.474151345959833386e-12 7.014040722747368163e-12 7.240192008935675934e-12 -2.306045301859945462e-13 2.207073694769625027e-12 4.914231922668404898e-12 1.604183916947385206e-12 -5.739845125365115863e-12 6.743992306861596809e-13 2.202986428570571201e-13 5.618752314791701248e-12
-2.759303611989796201e-11 9.812489419873893482e-12 9.704813299440414103e-11 1.534757322690938291e-11 1.375243637522095876e-10 4.385448132415981293e-10 2.958195765295632448e-11 4.566832568031700658e-11 9.901117474210455175e-12 1.252080221045140945e-11 -2.011140476788713817e-11 8.112437509665891300e-12 1.537212928700188646e-12 6.952699932172751690e-12 2.099799851376905131e-11 2.193594519872599898e-11 1.976014916642692352e-11 1.558562924376723293e-11 6.426694014021766603e-12 6.300422697078324184e-14 3.175745745103477751e-12 3.218759529033772952e-12 7.259939226329984265e-12 5.766128099014562431e-13 -3.369755767032162915e-12 -1.165555598433437270e-12
-8.520374743690724679e-11 -5.580898011953683155e-11 -2.744931404239255179e-11 2.422529936831733852e-11 -9.791333742569536912e-12 2.958195765295632448e-11 2.590306020800003671e-10 3.994681439059799820e-11 9.003183317226852431e-12 -3.162900821219979940e-12 3.885874939280926628e-12 2.112324264559410798e-12 8.574161211625615347e-12 -3.321654615995439011e-12 3.498385536395209666e-12 3.747429502234758511e-12 5.030037252483105051e-15 3.335396878588445528e-12 -2.396867007477669469e-12 -1.703124975174677444e-12 -9.969257283935963409e-13 6.087652315568872321e-12 5.662354228900205072e-12 -3.023499246195348100e-13 1.680234194996739704e-12 8.944224704973994055e-14
1.314163454490213699e-11 2.416672577350073508e-11 6.023544062479390037e-11 -2.066308949428491814e-12 4.774324218623297992e-11 4.566832568031700658e-11 3.994681439059799820e-11 2.198242772073348920e-10 3.029549203473597977e-11 8.028879789864874125e-12 1.498721425737705070e-12 6.504694346969113210e-13 1.521542151034670172e-11 8.917832747405193539e-12 4.681867264852361264e-12 1.119227670177192080e-11 5.650134103768022787e-12 8.937961080645595154e-12 8.904135556533178217e-12 4.623485432402972351e-12 3.475947114050930020e-12 7.217472170971157035e-12 1.762457703643404179e-13 1.587873138459243321e-12 3.760042179694609691e-12 -4.872913181670734334e-13
4.955640574061137327e-11 2.095522986687444136e-11 -1.223918892949217947e-11 2.188357188420407835e-11 -8.476906741943267919e-12 9.901117474210455175e-12 9.003183317226852431e-12 3.029549203473597977e-11 1.440824451695892067e-10 2.510015375714380236e-11 1.514440057194603009e-11 3.949196119817872961e-12 1.269920758013017353e-11 -1.334585190089758226e-12 -3.452259565537841725e-13 1.691636267697865960e-12 8.162682130884039453e-14 -2.895713648315088879e-14 -6.393129487044468597e-13 2.097829669857950844e-12 4.276820738226884931e-12 5.353224957872348283e-12 4.340301970234357555e-12 3.970113451502592471e-12 2.267909002737335418e-14 -4.562326454318240629e-13
-2.959741179806351468e-13 4.082964703686752966e-11 -2.344686653186853324e-11 2.761064120201877049e-11 6.466612459962178635e-12 1.252080221045140945e-11 -3.162900821219979940e-12 8.028879789864874125e-12 2.510015375714380236e-11 1.000272728608595084e-10 8.864004082072487259e-12 6.334872162903473583e-12 -2.084464696898404780e-12 1.199439974258213641e-12 -2.649814099204689205e-12 -2.066116401634807397e-12 -3.914577706214718157e-12 -5.257393187846505776e-12 -3.684983546661032896e-12 -2.859627429370326100e-12 1.963685689239516825e-12 4.001980055678914495e-13 2.863449890649191619e-13 -6.705390110865035545e-13 5.172003022858217277e-14 -1.828581948584577482e-13
1.669872991985474336e-11 -1.251618500895822765e-11 -9.136068091741354830e-12 3.088236024117447222e-11 1.981418464468142349e-12 -2.011140476788713817e-11 3.885874939280926628e-12 1.498721425737705070e-12 1.514440057194603009e-11 8.864004082072487259e-12 6.817147078861081326e-11 1.557451422758194256e-11 8.067972081371285148e-12 2.641679630356555372e-12 5.187043263417730984e-12 -1.776006601496699387e-12 -1.465236596281354405e-12 1.466808037917858047e-12 1.966721753035897266e-13 1.179916205209072278e-12 2.003237834153133758e-12 1.587128347172735622e-12 -2.019165944311593082e-12 -1.443904735733702260e-12 3.629671137380868899e-13 6.155050630286708466e-13
-3.422255140432226288e-11 -1.390723514470649690e-11 3.095480672252865775e-12 1.257473925554560842e-11 -1.495860114681008576e-11 8.112437509665891300e-12 2.112324264559410798e-12 6.504694346969113210e-13 3.949196119817872961e-12 6.334872162903473583e-12 1.557451422758194256e-11 4.832350657571394087e-11 1.543965107669234385e-11 8.118091687239020437e-12 5.280102425131024394e-12 4.728759913073848156e-12 2.238279554163657813e-12 1.633693501422730741e-12 -6.898275666833015685e-13 3.628581131683557772e-13 -1.168590442246024921e-12 2.719791314328825265e-12 1.316585869821756862e-12 5.056384583700025900e-13 -9.093755224579482144e-13 -1.480134812597410641e-12
2.519153388399623702e-12 -6.400360136318469513e-12 3.234688193698035963e-11 1.381148954960615771e-11 -1.129884736742796945e-11 1.537212928700188646e-12 8.574161211625615347e-12 1.521542151034670172e-11 1.269920758013017353e-11 -2.084464696898404780e-12 8.067972081371285148e-12 1.543965107669234385e-11 4.496419238128401986e-11 1.562124526171452213e-11 1.107514011766552246e-11 9.941189739184639572e-12 4.345594208742660379e-12 1.958218108064766437e-12 -3.639711785867863872e-13 2.623609067681142934e-12 1.019482393653899811e-12 1.858266562031804012e-12 -6.833477399560564735e-13 -1.824064754213568497e-13 -1.374737841078140205e-12 4.070187663511735604e-13
-2.381018405285441061e-11 -3.749062820428876440e-13 3.482687007262961809e-11 2.311085107112254810e-12 -1.900649615861613868e-11 6.952699932172751690e-12 -3.321654615995439011e-12 8.917832747405193539e-12 -1.334585190089758226e-12 1.199439974258213641e-12 2.641679630356555372e-12 8.118091687239020437e-12 1.562124526171452213e-11 3.338208707006299423e-11 1.381166127785218062e-11 1.011863669359308176e-11 4.221647586893508702e-12 7.000117500850181156e-13 -1.715087391612939331e-12 -1.240365683208377187e-12 -2.201556933960442471e-12 2.969547959444459985e-13 1.431324002411359007e-12 -2.156062381091363041e-13 2.535989953403821314e-13 -2.572109152199386761e-13
-5.884084699306859798e-12 -1.926374899147219683e-11 5.496631071596248705e-12 9.918464427078662325e-12 1.460231633385314468e-11 2.099799851376905131e-11 3.498385536395209666e-12 4.681867264852361264e-12 -3.452259565537841725e-13 -2.649814099204689205e-12 5.187043263417730984e-12 5.280102425131024394e-12 1.107514011766552246e-11 1.381166127785218062e-11 2.962808915888589962e-11 1.260049557283688690e-11 6.117171035280226564e-12 1.117469972106256523e-12 -1.004035512669786359e-12 2.457584072103032594e-12 1.023737106432431073e-12 2.521876578227203756e-12 -2.190170904394181335e-13 -8.040183150254934579e-13 1.276283263211176009e-13 -3.050286803614123693e-14
-1.483812687900817406e-11 -3.001865216958072457e-11 2.017090045491458160e-11 4.717744197729908681e-12 7.474151345959833386e-12 2.193594519872599898e-11 3.747429502234758511e-12 1.119227670177192080e-11 1.691636267697865960e-12 -2.066116401634807397e-12 -1.776006601496699387e-12 4.728759913073848156e-12 9.941189739184639572e-12 1.011863669359308176e-11 1.260049557283688690e-11 2.476538470720867257e-11 1.333345320792873673e-11 5.187238206201648297e-12 2.417349487778252270e-12 1.491408742318550303e-12 1.661783774975121949e-12 2.006443941728745536e-12 4.250126559567257412e-13 -1.010400467189281420e-14 6.338106878933100383e-13 5.684022554991004157e-13
-1.156027297203793901e-11 -1.736863437173805988e-11 1.024685497505281006e-11 4.354661361316302448e-12 7.014040722747368163e-12 1.976014916642692352e-11 5.030037252483105051e-15 5.650134103768022787e-12 8.162682130884039453e-14 -3.914577706214718157e-12 -1.465236596281354405e-12 2.238279554163657813e-12 4.345594208742660379e-12 4.221647586893508702e-12 6.117171035280226564e-12 1.333345320792873673e-11 2.262517829724621775e-11 1.014919554792824322e-11 7.151156929179913915e-12 3.810689989102881132e-12 2.949178012692526918e-12 2.728321939828182773e-12 1.850140212910228019e-12 4.075868595991070150e-13 -3.434016468419771565e-14 2.441961064260184540e-13
-6.705627207611657404e-12 3.895614740806507991e-12 2.850389713339688660e-12 6.994517026359564906e-12 7.240192008935675934e-12 1.558562924376723293e-11 3.335396878588445528e-12 8.937961080645595154e-12 -2.895713648315088879e-14 -5.257393187846505776e-12 1.466808037917858047e-12 1.633693501422730741e-12 1.958218108064766437e-12 7.000117500850181156e-13 1.117469972106256523e-12 5.187238206201648297e-12 1.014919554792824322e-11 1.787768678184408965e-11 8.770796137987759023e-12 2.434893764735898366e-12 3.113673912016518825e-12 1.470921403551396115e-12 8.170080552466890455e-13 3.449408518468420019e-13 9.043432524457231801e-13 -2.489285761474988487e-13
-5.727296676299267432e-12 2.486146802953653995e-12 2.237500882204211817e-12 -3.018655506990143799e-13 -2.306045301859945462e-13 6.426694014021766603e-12 -2.396867007477669469e-12 8.904135556533178217e-12 -6.393129487044468597e-13 -3.684983546661032896e-12 1.966721753035897266e-13 -6.898275666833015685e-13 -3.639711785867863872e-13 -1.715087391612939331e-12 -1.004035512669786359e-12 2.417349487778252270e-12 7.151156929179913915e-12 8.770796137987759023e-12 1.696527191137834588e-11 5.193147552124332028e-12 4.047903990780030055e-12 1.030091741968613946e-12 8.462205833088582349e-13 -6.988990438530235015e-13 1.964396379368451299e-13 -1.391589486496848615e-13
3.260464680039498014e-12 -4.689352429392758589e-12 8.680533279345988604e-12 -2.617044728304216805e-12 2.207073694769625027e-12 6.300422697078324184e-14 -1.703124975174677444e-12 4.623485432402972351e-12 2.097829669857950844e-12 -2.859627429370326100e-12 1.179916205209072278e-12 3.628581131683557772e-13 2.623609067681142934e-12 -1.240365683208377187e-12 2.457584072103032594e-12 1.491408742318550303e-12 3.810689989102881132e-12 2.434893764735898366e-12 5.193147552124332028e-12 1.362908190161563783e-11 6.981859474357354576e-12 3.308944443848901574e-12 9.012937192870309736e-13 -6.898808983598571526e-14 -7.445067946192598843e-13 -8.718457116969417338e-13
1.599398837380131559e-11 8.361961316183829466e-12 1.104328378828154749e-11 7.212867958576340028e-12 4.914231922668404898e-12 3.175745745103477751e-12 -9.969257283935963409e-13 3.475947114050930020e-12 4.276820738226884931e-12 1.963685689239516825e-12 2.003237834153133758e-12 -1.168590442246024921e-12 1.019482393653899811e-12 -2.201556933960442471e-12 1.023737106432431073e-12 1.661783774975121949e-12 2.949178012692526918e-12 3.113673912016518825e-12 4.047903990780030055e-12 6.981859474357354576e-12 1.331043451865870746e-11 5.010472244934582856e-12 1.645171201495175842e-12 8.370581068518305038e-14 -7.873988266730353782e-13 -9.979356013488514477e-13
-4.285433550653153077e-12 -9.573327967373194424e-12 1.057926674280745269e-12 -1.695245578077547220e-12 1.604183916947385206e-12 3.218759529033772952e-12 6.087652315568872321e-12 7.217472170971157035e-12 5.353224957872348283e-12 4.001980055678914495e-13 1.587128347172735622e-12 2.719791314328825265e-12 1.858266562031804012e-12 2.969547959444459985e-13 2.521876578227203756e-12 2.006443941728745536e-12 2.728321939828182773e-12 1.470921403551396115e-12 1.030091741968613946e-12 3.308944443848901574e-12 5.010472244934582856e-12 1.029825267183338419e-11 3.481122757310255501e-12 8.768373325691245745e-13 -5.733511263697528511e-13 -6.579262488221275847e-13
-2.544181062069705711e-12 1.437188236882852026e-12 1.374924501798377827e-12 3.744170591893197153e-12 -5.739845125365115863e-12 7.259939226329984265e-12 5.662354228900205072e-12 1.762457703643404179e-13 4.340301970234357555e-12 2.863449890649191619e-13 -2.019165944311593082e-12 1.316585869821756862e-12 -6.833477399560564735e-13 1.431324002411359007e-12 -2.190170904394181335e-13 4.250126559567257412e-13 1.850140212910228019e-12 8.170080552466890455e-13 8.462205833088582349e-13 9.012937192870309736e-13 1.645171201495175842e-12 3.481122757310255501e-12 8.239934434937392994e-12 2.908402477241206916e-12 -3.184023443840382070e-13 -1.156191428761110636e-12
-7.758748547848977204e-12 -6.525188075967388622e-12 -1.257817047961855344e-12 4.519672024526257168e-12 6.743992306861596809e-13 5.766128099014562431e-13 -3.023499246195348100e-13 1.587873138459243321e-12 3.970113451502592471e-12 -6.705390110865035545e-13 -1.443904735733702260e-12 5.056384583700025900e-13 -1.824064754213568497e-13 -2.156062381091363041e-13 -8.040183150254934579e-13 -1.010400467189281420e-14 4.075868595991070150e-13 3.449408518468420019e-13 -6.988990438530235015e-13 -6.898808983598571526e-14 8.370581068518305038e-14 8.768373325691245745e-13 2.908402477241206916e-12 5.750510415573625175e-12 9.135911657892037467e-13 -7.432915211483212527e-13
1.016088383210858097e-11 -8.485553642277412734e-12 -5.141174574787654305e-12 -9.443947928914635860e-13 2.202986428570571201e-13 -3.369755767032162915e-12 1.680234194996739704e-12 3.760042179694609691e-12 2.267909002737335418e-14 5.172003022858217277e-14 3.629671137380868899e-13 -9.093755224579482144e-13 -1.374737841078140205e-12 2.535989953403821314e-13 1.276283263211176009e-13 6.338106878933100383e-13 -3.434016468419771565e-14 9.043432524457231801e-13 1.964396379368451299e-13 -7.445067946192598843e-13 -7.873988266730353782e-13 -5.733511263697528511e-13 -3.184023443840382070e-13 9.135911657892037467e-13 4.551170299122081929e-12 9.172642855670527077e-13
-1.192714587784601927e-12 -1.095967792278312569e-12 7.305301335640545589e-12 -3.719598123175511140e-12 5.618752314791701248e-12 -1.165555598433437270e-12 8.944224704973994055e-14 -4.872913181670734334e-13 -4.562326454318240629e-13 -1.828581948584577482e-13 6.155050630286708466e-13 -1.480134812597410641e-12 4.070187663511735604e-13 -2.572109152199386761e-13 -3.050286803614123693e-14 5.684022554991004157e-13 2.441961064260184540e-13 -2.489285761474988487e-13 -1.391589486496848615e-13 -8.718457116969417338e-13 -9.979356013488514477e-13 -6.579262488221275847e-13 -1.156191428761110636e-12 -7.432915211483212527e-13 9.172642855670527077e-13 2.893892308458729977e-12
