6.514838476189567760e-09 3.357470177286617183e-09 2.207369882454971020e-09 1.908990299641912824e-09 1.591911588228625378e-09 1.238172290659342711e-09 1.063970651922575777e-09 8.943263550218890068e-10 6.626815579921025584e-10 5.038037292728473687e-10 4.888468208021409476e-10 3.572813224804416024e-10 3.645527980595701068e-10 3.535939230328371963e-10 3.565866597977130498e-10 2.839145239114543537e-10 2.422449733814557127e-10 1.732223344810930140e-10 1.104113519098208876e-10 6.513671198432251954e-11 4.691487635030835261e-11 4.866227053700718283e-13 1.889371478396507901e-11 7.199620625071472534e-11 7.035927605879343762e-11 4.540450665285367138e-11
3.357470177286617183e-09 4.945272245440257572e-09 1.922515382081489367e-09 1.777647408564861282e-09 1.465274320069000366e-09 1.201274700058026077e-09 1.027880934582403140e-09 8.387529423649785341e-10 6.627807052859803237e-10 5.367980955614955143e-10 4.969796358190425012e-10 3.728272163594955268e-10 2.816344831634575298e-10 2.223884886375988037e-10 1.963188679170287112e-10 2.187641103711082068e-10 2.043285966304283861e-10 1.111481711367246280e-10 6.429575220701554880e-11 2.578261561155301971e-11 1.799807633892488070e-11 2.628090393804983668e-11 5.537787277514263471e-11 5.822960316987600063e-11 4.619386906678714586e-11 5.212304072663342324e-11
2.207369882454971020e-09 1.922515382081489367e-09 2.835874542862894444e-09 1.375933822831581596e-09 1.114535877817768721e-09 7.992528317485320136e-10 6.214581480399301625e-10 5.751499523514670750e-10 4.128258156479602283e-10 3.552128891122530241e-10 3.404050789973476712e-10 2.423334124426250795e-10 2.643867032146311587e-10 2.002615337056298738e-10 1.774979591366192944e-10 1.904783432238647530e-10 1.590607593846109866e-10 1.087812352853466218e-10 5.631688792514292612e-11 3.293353965073351134e-11 1.438963693455863694e-11 2.255086868634186158e-11 3.742056778700886665e-11 3.315080749891249736e-11 1.346514427536946919e-11 2.607818734233857972e-11
1.908990299641912824e-09 1.777647408564861282e-09 1.375933822831581596e-09 2.074449817879544452e-09 1.071556627941938706e-09 7.579758452215867985e-10 5.384760342701180613e-10 5.336355947991712507e-10 3.720368796495619842e-10 2.981417671442827455e-10 2.666137458178541068e-10 2.107374828924063835e-10 2.170329172468353957e-10 1.580103839176055935e-10 1.438439730569673378e-10 1.546292874003208256e-10 1.278235312670367078e-10 9.287671072888511910e-11 6.455340668366202432e-11 2.837650875955435199e-11 1.193403883164546285e-11 2.679475882835411575e-11 3.554317121247381516e-11 3.215296178627086067e-11 1.937602259138098477e-11 2.003462046175779157e-11
1.591911588228625378e-09 1.465274320069000366e-09 1.114535877817768721e-09 1.071556627941938706e-09 1.457541587448123165e-09 7.085159798122231047e-10 5.327115168274443645e-10 4.669568369759454444e-10 3.664487560702195603e-10 2.779554776561084776e-10 2.764254699132236658e-10 1.721541928652632174e-10 1.861611179031594510e-10 1.450567048717181089e-10 1.412275645900276231e-10 1.450632635852724867e-10 1.430139998437975019e-10 1.053521593926650819e-10 6.208565661018145181e-11 2.712153157602949610e-11 2.396521288407549193e-11 1.666972330613380038e-11 1.034675243234642558e-11 2.567034063872082510e-11 2.841166517325922212e-11 2.424885534358486889e-11
1.238172290659342711e-09 1.201274700058026077e-09 7.992528317485320136e-10 7.579758452215867985e-10 7.085159798122231047e-10 9.946997383268189351e-10 4.667908849974091782e-10 3.779554225590849781e-10 3.170160495273745780e-10 2.408149575845780566e-10 2.131333220027661016e-10 1.297270363858325506e-10 1.158259055028260696e-10 8.886315465566560651e-11 8.884473942542554425e-11 8.537382284126259444e-11 8.414227985853292612e-11 6.847235990964721928e-11 2.248986558064446931e-11 3.203835074055267442e-12 4.681590733815561926e-12 1.325249986521098010e-12 1.345746544154557458e-11 2.127100786309813017e-11 1.732142644148006474e-11 2.559939255601806924e-11
1.063970651922575777e-09 1.027880934582403140e-09 6.214581480399301625e-10 5.384760342701180613e-10 5.327115168274443645e-10 4.667908849974091782e-10 6.641074326066224265e-10 3.417087243047502580e-10 2.677410278922893969e-10 2.435073776569096701e-10 1.945066507163532745e-10 1.418270484783536805e-10 1.179083559025804746e-10 8.455691636031529308e-11 9.171313926383996625e-11 8.405289154141570722e-11 7.451435178226152018e-11 4.997620854675982563e-11 2.430413282693120478e-11 2.823683300830341496e-11 5.346306223951728619e-12 -7.844296769431942117e-12 -2.666596789396253121e-12 1.890971987235924837e-11 1.185666944048481044e-11 1.157209573969441030e-11
8.943263550218890068e-10 8.387529423649785341e-10 5.751499523514670750e-10 5.336355947991712507e-10 4.669568369759454444e-10 3.779554225590849781e-10 3.417087243047502580e-10 4.693850980047507775e-10 2.281547353641141087e-10 1.805688104601096009e-10 1.586219640295687991e-10 1.216485892241128717e-10 1.087921154153425651e-10 8.732829272618702320e-11 8.792496024029215415e-11 8.134603930143510040e-11 8.533122441530781744e-11 5.831816841544321765e-11 3.257795528840611816e-11 1.782032225537886131e-11 7.642824630940179653e-12 8.490732682912107000e-12 1.042400142579634877e-11 2.419122886758464111e-11 1.294234130650841085e-11 1.771753117866937179e-11
6.626815579921025584e-10 6.627807052859803237e-10 4.128258156479602283e-10 3.720368796495619842e-10 3.664487560702195603e-10 3.170160495273745780e-10 2.677410278922893969e-10 2.281547353641141087e-10 3.422978898233784893e-10 1.849571113343605366e-10 1.462274983206696817e-10 1.106504058078486859e-10 8.826735551010836464e-11 7.245229573954330103e-11 6.947701283303204557e-11 5.832555617462737930e-11 4.870155572784895492e-11 3.835328719444687123e-11 2.125264055749118847e-11 1.887539084316396666e-11 9.884374302331477094e-12 2.188947707858163477e-12 5.791466991795278348e-12 1.025398631223813464e-11 4.063486671287465367e-12 1.110112040610040823e-11
5.038037292728473687e-10 5.367980955614955143e-10 3.552128891122530241e-10 2.981417671442827455e-10 2.779554776561084776e-10 2.408149575845780566e-10 2.435073776569096701e-10 1.805688104601096009e-10 1.849571113343605366e-10 2.604683435083882157e-10 1.544212075341530700e-10 1.061501800813143911e-10 8.075981577225446666e-11 6.573335740326987872e-11 6.490388802003034542e-11 5.043373120456192299e-11 3.910725523286281942e-11 3.083270783584981806e-11 1.784358458482216757e-11 7.040339094255406092e-12 3.741928213708521546e-12 2.376298203263333795e-12 1.238858791117644865e-12 3.084772965134625267e-12 4.658753003393250606e-12 1.335784763755957955e-11
4.888468208021409476e-10 4.969796358190425012e-10 3.404050789973476712e-10 2.666137458178541068e-10 2.764254699132236658e-10 2.131333220027661016e-10 1.945066507163532745e-10 1.586219640295687991e-10 1.462274983206696817e-10 1.544212075341530700e-10 2.111289594184031780e-10 1.272556567330944352e-10 8.760328338624550046e-11 6.393163892470436148e-11 6.146693264217150494e-11 6.061827145296019707e-11 4.668616843369924835e-11 3.653829596784704615e-11 1.935211874206140531e-11 1.078762365703564662e-11 1.362858169741237007e-11 1.112224733388543062e-11 6.278371095023302442e-12 5.430812729142959056e-12 6.557041477452771604e-12 1.653707721182365308e-11
3.572813224804416024e-10 3.728272163594955268e-10 2.423334124426250795e-10 2.107374828924063835e-10 1.721541928652632174e-10 1.297270363858325506e-10 1.418270484783536805e-10 1.216485892241128717e-10 1.106504058078486859e-10 1.061501800813143911e-10 1.272556567330944352e-10 1.685107157708458136e-10 1.013441503446610361e-10 7.523095229617463092e-11 6.529051506016215933e-11 5.094704484870755710e-11 3.635277538944615957e-11 3.211138988093442119e-11 1.919018694700879868e-11 7.356013089806719599e-12 1.772226165116056974e-11 1.295451599392602622e-11 1.090658867681346942e-11 1.126498131518101624e-11 4.964336817382968736e-12 1.203406550508721293e-11
3.645527980595701068e-10 2.816344831634575298e-10 2.643867032146311587e-10 2.170329172468353957e-10 1.861611179031594510e-10 1.158259055028260696e-10 1.179083559025804746e-10 1.087921154153425651e-10 8.826735551010836464e-11 8.075981577225446666e-11 8.760328338624550046e-11 1.013441503446610361e-10 1.287214806197199382e-10 7.913624098352729812e-11 6.392319168390018443e-11 4.416022626493555274e-11 3.251652754370876313e-11 2.889294576547708802e-11 2.012576617828515628e-11 7.957614732972655487e-12 4.861684397007833729e-12 6.506112899504906241e-12 1.075356406532141653e-11 1.408472908781897484e-11 5.599811704492175486e-12 8.825799864864523385e-12
3.535939230328371963e-10 2.223884886375988037e-10 2.002615337056298738e-10 1.580103839176055935e-10 1.450567048717181089e-10 8.886315465566560651e-11 8.455691636031529308e-11 8.732829272618702320e-11 7.245229573954330103e-11 6.573335740326987872e-11 6.393163892470436148e-11 7.523095229617463092e-11 7.913624098352729812e-11 1.037090268345498125e-10 7.562748570382425715e-11 4.814652746493599983e-11 2.960684049123831249e-11 2.213011531459290138e-11 1.555345200422523178e-11 5.630165019058701727e-12 2.749219384158547696e-12 2.748913300671721279e-12 5.886071681834804315e-12 1.298152696280323660e-11 4.425748572638287254e-12 6.383488774419441182e-12
3.565866597977130498e-10 1.963188679170287112e-10 1.774979591366192944e-10 1.438439730569673378e-10 1.412275645900276231e-10 8.884473942542554425e-11 9.171313926383996625e-11 8.792496024029215415e-11 6.947701283303204557e-11 6.490388802003034542e-11 6.146693264217150494e-11 6.529051506016215933e-11 6.392319168390018443e-11 7.562748570382425715e-11 1.085121570871554392e-10 7.955245956624121859e-11 5.583254940426407818e-11 3.844703545894071728e-11 2.263773310111434041e-11 8.951747896417966755e-12 9.451217823233935210e-12 1.874845830340782347e-12 -1.832166661128171642e-13 4.687953847760809393e-12 1.573015031761753436e-12 7.940378380726802419e-12
2.839145239114543537e-10 2.187641103711082068e-10 1.904783432238647530e-10 1.546292874003208256e-10 1.450632635852724867e-10 8.537382284126259444e-11 8.405289154141570722e-11 8.134603930143510040e-11 5.832555617462737930e-11 5.043373120456192299e-11 6.061827145296019707e-11 5.094704484870755710e-11 4.416022626493555274e-11 4.814652746493599983e-11 7.955245956624121859e-11 1.052589605651255302e-10 7.494358033948784852e-11 5.106961447898530034e-11 2.891094585117890538e-11 1.275378199779326161e-11 1.825844854443399333e-11 7.115116418452394139e-12 -2.737655001082069584e-13 -3.609588846362344528e-13 1.511143596847471726e-12 8.439398618023985007e-12
2.422449733814557127e-10 2.043285966304283861e-10 1.590607593846109866e-10 1.278235312670367078e-10 1.430139998437975019e-10 8.414227985853292612e-11 7.451435178226152018e-11 8.533122441530781744e-11 4.870155572784895492e-11 3.910725523286281942e-11 4.668616843369924835e-11 3.635277538944615957e-11 3.251652754370876313e-11 2.960684049123831249e-11 5.583254940426407818e-11 7.494358033948784852e-11 9.730598314558345082e-11 7.406950643578548306e-11 3.908175352862550594e-11 2.174192048811555141e-11 2.201668296861360420e-11 1.309181137566444708e-11 -1.174973853792793343e-12 3.781300697915529952e-12 3.582473847364705948e-12 7.975275266106784153e-12
1.732223344810930140e-10 1.111481711367246280e-10 1.087812352853466218e-10 9.287671072888511910e-11 1.053521593926650819e-10 6.847235990964721928e-11 4.997620854675982563e-11 5.831816841544321765e-11 3.835328719444687123e-11 3.083270783584981806e-11 3.653829596784704615e-11 3.211138988093442119e-11 2.889294576547708802e-11 2.213011531459290138e-11 3.844703545894071728e-11 5.106961447898530034e-11 7.406950643578548306e-11 1.000871223952657545e-10 6.352169046782976418e-11 3.558501465729339314e-11 3.298096412617884103e-11 1.892917063467154574e-11 -1.864366661411550830e-12 6.039891491569874093e-12 4.462965857636003465e-12 6.463054316898045481e-12
1.104113519098208876e-10 6.429575220701554880e-11 5.631688792514292612e-11 6.455340668366202432e-11 6.208565661018145181e-11 2.248986558064446931e-11 2.430413282693120478e-11 3.257795528840611816e-11 2.125264055749118847e-11 1.784358458482216757e-11 1.935211874206140531e-11 1.919018694700879868e-11 2.012576617828515628e-11 1.555345200422523178e-11 2.263773310111434041e-11 2.891094585117890538e-11 3.908175352862550594e-11 6.352169046782976418e-11 8.006013421791636944e-11 5.374949366144032661e-11 3.662242964835847672e-11 2.518830393818407137e-11 1.084195413162707968e-11 1.019241476743903415e-11 3.798958344128632892e-12 8.584739238534759926e-13
6.513671198432251954e-11 2.578261561155301971e-11 3.293353965073351134e-11 2.837650875955435199e-11 2.712153157602949610e-11 3.203835074055267442e-12 2.823683300830341496e-11 1.782032225537886131e-11 1.887539084316396666e-11 7.040339094255406092e-12 1.078762365703564662e-11 7.356013089806719599e-12 7.957614732972655487e-12 5.630165019058701727e-12 8.951747896417966755e-12 1.275378199779326161e-11 2.174192048811555141e-11 3.558501465729339314e-11 5.374949366144032661e-11 7.371807388286483220e-11 5.470958281432772061e-11 3.392603607228303446e-11 1.790570155090397716e-11 1.137942572385281769e-11 -1.821360440755273654e-12 -4.405894096501277904e-12
4.691487635030835261e-11 1.799807633892488070e-11 1.438963693455863694e-11 1.193403883164546285e-11 2.396521288407549193e-11 4.681590733815561926e-12 5.346306223951728619e-12 7.642824630940179653e-12 9.884374302331477094e-12 3.741928213708521546e-12 1.362858169741237007e-11 1.772226165116056974e-11 4.861684397007833729e-12 2.749219384158547696e-12 9.451217823233935210e-12 1.825844854443399333e-11 2.201668296861360420e-11 3.298096412617884103e-11 3.662242964835847672e-11 5.470958281432772061e-11 8.065378381688479259e-11 4.815177983133417323e-11 2.265164787304302265e-11 1.303012668477778580e-11 4.428024349253542638e-12 -4.515751763038057993e-13
4.866227053700718283e-13 2.628090393804983668e-11 2.255086868634186158e-11 2.679475882835411575e-11 1.666972330613380038e-11 1.325249986521098010e-12 -7.844296769431942117e-12 8.490732682912107000e-12 2.188947707858163477e-12 2.376298203263333795e-12 1.112224733388543062e-11 1.295451599392602622e-11 6.506112899504906241e-12 2.748913300671721279e-12 1.874845830340782347e-12 7.115116418452394139e-12 1.309181137566444708e-11 1.892917063467154574e-11 2.518830393818407137e-11 3.392603607228303446e-11 4.815177983133417323e-11 6.713219084837585168e-11 3.768017911602684024e-11 1.980362058269301468e-11 8.382961379780004173e-12 -9.510270505111585933e-13
1.889371478396507901e-11 5.537787277514263471e-11 3.742056778700886665e-11 3.554317121247381516e-11 1.034675243234642558e-11 1.345746544154557458e-11 -2.666596789396253121e-12 1.042400142579634877e-11 5.791466991795278348e-12 1.238858791117644865e-12 6.278371095023302442e-12 1.090658867681346942e-11 1.075356406532141653e-11 5.886071681834804315e-12 -1.832166661128171642e-13 -2.737655001082069584e-13 -1.174973853792793343e-12 -1.864366661411550830e-12 1.084195413162707968e-11 1.790570155090397716e-11 2.265164787304302265e-11 3.768017911602684024e-11 6.012630779493287054e-11 3.122191359153990956e-11 5.400073373038372642e-12 -7.530546609262549297e-13
7.199620625071472534e-11 5.822960316987600063e-11 3.315080749891249736e-11 3.215296178627086067e-11 2.567034063872082510e-11 2.127100786309813017e-11 1.890971987235924837e-11 2.419122886758464111e-11 1.025398631223813464e-11 3.084772965134625267e-12 5.430812729142959056e-12 1.126498131518101624e-11 1.408472908781897484e-11 1.298152696280323660e-11 4.687953847760809393e-12 -3.609588846362344528e-13 3.781300697915529952e-12 6.039891491569874093e-12 1.019241476743903415e-11 1.137942572385281769e-11 1.303012668477778580e-11 1.980362058269301468e-11 3.122191359153990956e-11 4.159677606020446408e-11 9.216403435352056057e-12 7.248075414111003841e-13
7.035927605879343762e-11 4.619386906678714586e-11 1.346514427536946919e-11 1.937602259138098477e-11 2.841166517325922212e-11 1.732142644148006474e-11 1.185666944048481044e-11 1.294234130650841085e-11 4.063486671287465367e-12 4.658753003393250606e-12 6.557041477452771604e-12 4.964336817382968736e-12 5.599811704492175486e-12 4.425748572638287254e-12 1.573015031761753436e-12 1.511143596847471726e-12 3.582473847364705948e-12 4.462965857636003465e-12 3.798958344128632892e-12 -1.821360440755273654e-12 4.428024349253542638e-12 8.382961379780004173e-12 5.400073373038372642e-12 9.216403435352056057e-12 2.705993995103066773e-11 1.172773028509147454e-11
4.540450665285367138e-11 5.212304072663342324e-11 2.607818734233857972e-11 2.003462046175779157e-11 2.424885534358486889e-11 2.559939255601806924e-11 1.157209573969441030e-11 1.771753117866937179e-11 1.110112040610040823e-11 1.335784763755957955e-11 1.653707721182365308e-11 1.203406550508721293e-11 8.825799864864523385e-12 6.383488774419441182e-12 7.940378380726802419e-12 8.439398618023985007e-12 7.975275266106784153e-12 6.463054316898045481e-12 8.584739238534759926e-13 -4.405894096501277904e-12 -4.515751763038057993e-13 -9.510270505111585933e-13 -7.530546609262549297e-13 7.248075414111003841e-13 1.172773028509147454e-11 2.478235959230469918e-11
