3.559186044761157027e-09 1.023698550793252424e-10 5.597271675546798168e-11 1.151336255847347630e-10 1.744218459506826095e-10 2.966942076364703521e-11 1.022883376313535959e-10 -7.407082160588129145e-12 1.233204933592903393e-11 3.121045005432345434e-11 5.689827059577756811e-11 -9.624505243893769921e-12 2.923954065880072876e-11 3.809783326674188771e-11 3.766023715757387113e-11 -2.649759090668691121e-12 -8.828969174342231894e-12 -1.630403440943613439e-12 -2.161497510790587852e-11 1.004703864974078313e-13 3.401668416819720080e-11 4.110404069349857063e-12 -2.594543595735030637e-13 8.644465077589085217e-12 -6.270981331176304957e-13 -2.071468039543667576e-12
1.023698550793252424e-10 2.066945793691539408e-09 -2.887829445987883456e-11 1.593027864136785053e-10 -1.402529552954221146e-10 -1.613963160247530494e-11 4.056806070622715490e-11 -1.222866669623035412e-11 1.204774172367726015e-12 3.397268907130905042e-12 -7.457583252208720944e-12 5.994669026510327376e-12 -1.821631200310787336e-12 -1.000462005435599032e-11 1.644364310307999385e-11 -1.771643359022377926e-11 1.724144751288389257e-11 -4.163612839826855316e-12 -1.147944743942046949e-11 -2.292556352457504517e-13 -5.518363421142096426e-14 8.344968091980819042e-12 -1.345229498513730144e-12 2.670796690411369194e-12 7.286178279205625314e-13 -1.429558261790957809e-12
5.597271675546798168e-11 -2.887829445987883456e-11 1.278492473616841064e-09 1.207836337760157618e-10 -6.749675706692984418e-12 -5.050049975996706856e-12 -2.436503886492392424e-11 2.134418885917112946e-11 -2.045062829419815387e-11 -1.607140974074822833e-12 -9.991044328151435631e-12 -6.265712489072027864e-12 1.070909750283493925e-12 1.347267099078848313e-11 -1.819951774980881495e-11 -1.063265769956276632e-11 -4.719368942857806858e-12 -1.308074634048259991e-11 3.788052599857116753e-12 -2.322601903702731946e-12 -1.170279220405254696e-11 -5.311526487466704444e-12 -6.962208944904371008e-12 -3.426066357879308596e-12 -1.984062462290119618e-12 4.165177539131354074e-12
1.151336255847347630e-10 1.593027864136785053e-10 1.207836337760157618e-10 8.577923758361401412e-10 1.209801678539856375e-10 3.926918216059293806e-11 7.625595748703253461e-11 1.257829620973624908e-11 1.457863747589129915e-11 1.213158150361206464e-11 6.535281055817166841e-13 -2.636533571148201730e-11 9.983866647954227837e-14 -6.701156852945691835e-12 6.991853612761414928e-12 -8.727650869116843920e-14 -6.785881673321164970e-12 -3.104563654186892949e-12 -1.195967916274731096e-12 -8.681962868031766642e-12 -1.253900221562090222e-12 7.770174809869515317e-12 7.019157128572308024e-12 7.797893364192616439e-13 -7.054926626823603449e-12 -6.353313327519726257e-13
1.744218459506826095e-10 -1.402529552954221146e-10 -6.749675706692984418e-12 1.209801678539856375e-10 5.355740119521982738e-10 1.242668662677332044e-11 2.543710344197599414e-11 -1.580613881648297487e-11 -5.337374973257066179e-12 9.445585820541421330e-12 -7.156205474878086049e-13 -2.094948373294490281e-11 -1.121099889163010912e-11 3.429913717203994385e-12 -7.134739170040704350e-12 -7.758368718351566786e-12 -3.072439969716192964e-12 -2.906580847858766250e-12 -2.806591833452859223e-12 -1.304463185920009602e-12 -5.959052154682010457e-12 -5.743987930696612799e-12 1.041471315243289122e-12 3.453411120763575678e-12 1.316276013828092625e-14 6.765901380251566210e-13
2.966942076364703521e-11 -1.613963160247530494e-11 -5.050049975996706856e-12 3.926918216059293806e-11 1.242668662677332044e-11 3.746578919151163022e-10 7.454453962843482986e-11 -1.176829918470243577e-11 4.456323685871477917e-11 7.026426253795295932e-12 -2.574321003810712083e-12 -2.201219638137851953e-12 4.169460617788706310e-12 3.997050444201638061e-13 8.209785957836461114e-12 1.122750479903213115e-11 8.597186755002952716e-13 -2.237671066549725528e-12 5.683337047165468336e-12 6.068970155006063770e-12 8.432614750937201155e-12 1.123075232145886657e-12 2.047250058565315257e-13 3.698818360152022536e-13 2.909138999613610112e-13 -1.745044267611899285e-12
1.022883376313535959e-10 4.056806070622715490e-11 -2.436503886492392424e-11 7.625595748703253461e-11 2.543710344197599414e-11 7.454453962843482986e-11 2.629954049312340717e-10 -6.295401601271476090e-12 1.670121091635382821e-11 -1.768385831579324429e-12 -4.350505648356953662e-12 1.699010969779835219e-12 5.210078356385932684e-12 -5.798607747844634280e-12 -3.158329680003585786e-12 1.388349329423272242e-12 1.040965983041927963e-11 3.805732525299040761e-12 -1.411865539207347808e-12 -1.523892661421811879e-12 7.788451196751705844e-13 2.325394660593897499e-12 8.260187125769248810e-13 2.267641387107477972e-12 -8.290780501978539109e-13 1.952818202577131609e-12
-7.407082160588129145e-12 -1.222866669623035412e-11 2.134418885917112946e-11 1.257829620973624908e-11 -1.580613881648297487e-11 -1.176829918470243577e-11 -6.295401601271476090e-12 1.686360461763748404e-10 2.403938271064830657e-11 1.288796209772673799e-11 2.007419726123878126e-12 3.154414837823943851e-12 2.145570684528191392e-12 3.734319475141699397e-12 2.345499076045136972e-12 7.919245502050778682e-12 7.758175596165952280e-13 -4.385506266624033974e-12 -9.414800470680233531e-13 8.985062356332753233e-13 3.387055910948812161e-12 -1.973170678448718880e-12 -7.130042148015181745e-13 4.175820677241864496e-12 -1.368237581957002994e-12 -2.464785167875977740e-12
1.233204933592903393e-11 1.204774172367726015e-12 -2.045062829419815387e-11 1.457863747589129915e-11 -5.337374973257066179e-12 4.456323685871477917e-11 1.670121091635382821e-11 2.403938271064830657e-11 1.308772521232477737e-10 2.352533411361996482e-11 1.160810498361750081e-12 2.368003655000501980e-12 2.878391579455164403e-12 2.651543994466046304e-12 -1.970715774187627750e-12 -9.109977179358122941e-13 -5.594795066935498276e-13 2.282772188102372901e-12 -1.977981933982206768e-12 -4.314543621926910916e-12 2.295447414741575550e-13 1.152226433420889664e-12 1.474431368864792102e-12 -3.640471712323070000e-13 -1.684671005223388187e-12 1.302795082710066930e-12
3.121045005432345434e-11 3.397268907130905042e-12 -1.607140974074822833e-12 1.213158150361206464e-11 9.445585820541421330e-12 7.026426253795295932e-12 -1.768385831579324429e-12 1.288796209772673799e-11 2.352533411361996482e-11 9.322008124825608584e-11 1.959939778638006753e-11 1.435650495790875431e-11 5.341513390084342720e-12 3.899191860401819958e-12 -1.241554393676497861e-12 -7.015800541674732045e-12 7.390524841341226091e-13 1.485312595901320212e-12 1.788198707881883010e-12 -2.230710616137307270e-12 -1.873772135152176295e-12 -9.403567044611713986e-13 -1.335979302051560015e-13 1.950028847082464978e-12 -1.010230850474158581e-12 -5.024347799932585421e-13
5.689827059577756811e-11 -7.457583252208720944e-12 -9.991044328151435631e-12 6.535281055817166841e-13 -7.156205474878086049e-13 -2.574321003810712083e-12 -4.350505648356953662e-12 2.007419726123878126e-12 1.160810498361750081e-12 1.959939778638006753e-11 6.712930111951149000e-11 1.533700579582275638e-11 8.489328270184784907e-12 7.309530667757380880e-12 2.591043160904536662e-12 -2.187841739344971718e-12 1.524502984961697664e-12 3.488417172395527105e-12 3.563562212556784534e-12 3.667353458371009730e-12 2.565489198439361155e-12 -1.044711883745241384e-12 9.295145344431495415e-13 2.653248599959722835e-12 7.043131394504441726e-13 -6.039988719483641210e-13
-9.624505243893769921e-12 5.994669026510327376e-12 -6.265712489072027864e-12 -2.636533571148201730e-11 -2.094948373294490281e-11 -2.201219638137851953e-12 1.699010969779835219e-12 3.154414837823943851e-12 2.368003655000501980e-12 1.435650495790875431e-11 1.533700579582275638e-11 4.978938636596842412e-11 1.565385482737484558e-11 8.168544169579955414e-12 3.871215030504204889e-12 3.249139254497126332e-13 1.254222235667917486e-12 4.960614185734777385e-13 -6.592444971633214128e-13 7.805767499020064958e-13 1.442889317082574264e-12 1.985213520808148291e-13 6.300650571696346399e-13 -2.613981005945580178e-13 2.939792466084867786e-16 1.371670570916293154e-13
2.923954065880072876e-11 -1.821631200310787336e-12 1.070909750283493925e-12 9.983866647954227837e-14 -1.121099889163010912e-11 4.169460617788706310e-12 5.210078356385932684e-12 2.145570684528191392e-12 2.878391579455164403e-12 5.341513390084342720e-12 8.489328270184784907e-12 1.565385482737484558e-11 4.124166976550375631e-11 1.474779383676186480e-11 7.211805358155343584e-12 3.150970922885960595e-12 9.477292505760573965e-13 2.568548945903481514e-12 -7.465476637285568259e-13 -2.842153698628099701e-14 -1.084572567546864346e-12 -9.602897127954647863e-14 1.027981169037491202e-12 2.488362985744019373e-13 2.875691448760325930e-13 6.750156013784946430e-13
3.809783326674188771e-11 -1.000462005435599032e-11 1.347267099078848313e-11 -6.701156852945691835e-12 3.429913717203994385e-12 3.997050444201638061e-13 -5.798607747844634280e-12 3.734319475141699397e-12 2.651543994466046304e-12 3.899191860401819958e-12 7.309530667757380880e-12 8.168544169579955414e-12 1.474779383676186480e-11 3.412941913071457978e-11 1.549690698831489400e-11 8.625507757368872229e-12 3.599557928828323622e-12 1.839452274385500835e-12 -5.630994470470450629e-13 3.971564999166574589e-13 -1.539228451377948009e-12 -1.787929436791632204e-12 3.232644314862380788e-14 -1.067286614970269939e-12 -1.128956902484289644e-12 -9.296027770639773724e-13
3.766023715757387113e-11 1.644364310307999385e-11 -1.819951774980881495e-11 6.991853612761414928e-12 -7.134739170040704350e-12 8.209785957836461114e-12 -3.158329680003585786e-12 2.345499076045136972e-12 -1.970715774187627750e-12 -1.241554393676497861e-12 2.591043160904536662e-12 3.871215030504204889e-12 7.211805358155343584e-12 1.549690698831489400e-11 3.245552086523507827e-11 1.452474068645070418e-11 5.228548890697358954e-12 3.384556308366002382e-13 -1.368583146137879797e-12 6.217650422699026187e-13 -7.429255407996492065e-13 -2.545125533191264182e-12 3.783218993166405533e-13 -4.138983581720181645e-13 1.422457024451154131e-13 -3.316208207718302776e-13
-2.649759090668691121e-12 -1.771643359022377926e-11 -1.063265769956276632e-11 -8.727650869116843920e-14 -7.758368718351566786e-12 1.122750479903213115e-11 1.388349329423272242e-12 7.919245502050778682e-12 -9.109977179358122941e-13 -7.015800541674732045e-12 -2.187841739344971718e-12 3.249139254497126332e-13 3.150970922885960595e-12 8.625507757368872229e-12 1.452474068645070418e-11 2.740755539411687799e-11 1.022280170974779178e-11 7.466059201185264533e-13 3.760126448306761209e-13 1.233618900424029745e-12 -7.132719352340576158e-13 -1.860660359166199677e-12 8.363419695172620948e-13 1.307905631839678934e-12 -4.527464284907858629e-13 -8.591691667364778901e-13
-8.828969174342231894e-12 1.724144751288389257e-11 -4.719368942857806858e-12 -6.785881673321164970e-12 -3.072439969716192964e-12 8.597186755002952716e-13 1.040965983041927963e-11 7.758175596165952280e-13 -5.594795066935498276e-13 7.390524841341226091e-13 1.524502984961697664e-12 1.254222235667917486e-12 9.477292505760573965e-13 3.599557928828323622e-12 5.228548890697358954e-12 1.022280170974779178e-11 2.132188043445933321e-11 7.164665139469498888e-12 1.503343196729364374e-12 -2.228509676683650503e-15 -1.764922837235109281e-12 -9.652087483983012299e-13 -1.925599224068146508e-13 9.116347135285767947e-13 -4.963051361079573692e-13 -1.292205079455510211e-12
-1.630403440943613439e-12 -4.163612839826855316e-12 -1.308074634048259991e-11 -3.104563654186892949e-12 -2.906580847858766250e-12 -2.237671066549725528e-12 3.805732525299040761e-12 -4.385506266624033974e-12 2.282772188102372901e-12 1.485312595901320212e-12 3.488417172395527105e-12 4.960614185734777385e-13 2.568548945903481514e-12 1.839452274385500835e-12 3.384556308366002382e-13 7.466059201185264533e-13 7.164665139469498888e-12 1.779119961053833122e-11 7.489433993331545574e-12 1.192725988892651068e-12 1.567582021274552730e-13 7.722641032975677572e-13 3.814229277433044922e-13 4.239960811831868593e-13 -6.897912926937134524e-13 2.180695897043348412e-13
-2.161497510790587852e-11 -1.147944743942046949e-11 3.788052599857116753e-12 -1.195967916274731096e-12 -2.806591833452859223e-12 5.683337047165468336e-12 -1.411865539207347808e-12 -9.414800470680233531e-13 -1.977981933982206768e-12 1.788198707881883010e-12 3.563562212556784534e-12 -6.592444971633214128e-13 -7.465476637285568259e-13 -5.630994470470450629e-13 -1.368583146137879797e-12 3.760126448306761209e-13 1.503343196729364374e-12 7.489433993331545574e-12 1.504383942186521440e-11 4.584343799622756774e-12 1.862752718616125653e-12 2.367782151848555064e-13 -9.321127146774892522e-13 2.865932275046545659e-13 -5.641321345195369612e-14 -1.431749681802270931e-14
1.004703864974078313e-13 -2.292556352457504517e-13 -2.322601903702731946e-12 -8.681962868031766642e-12 -1.304463185920009602e-12 6.068970155006063770e-12 -1.523892661421811879e-12 8.985062356332753233e-13 -4.314543621926910916e-12 -2.230710616137307270e-12 3.667353458371009730e-12 7.805767499020064958e-13 -2.842153698628099701e-14 3.971564999166574589e-13 6.217650422699026187e-13 1.233618900424029745e-12 -2.228509676683650503e-15 1.192725988892651068e-12 4.584343799622756774e-12 1.632843228532944761e-11 7.495862032326101081e-12 2.157719789146149698e-12 -1.774469977815446637e-13 4.711208484942662298e-13 1.543165941894943531e-12 -7.204730108426141746e-13
3.401668416819720080e-11 -5.518363421142096426e-14 -1.170279220405254696e-11 -1.253900221562090222e-12 -5.959052154682010457e-12 8.432614750937201155e-12 7.788451196751705844e-13 3.387055910948812161e-12 2.295447414741575550e-13 -1.873772135152176295e-12 2.565489198439361155e-12 1.442889317082574264e-12 -1.084572567546864346e-12 -1.539228451377948009e-12 -7.429255407996492065e-13 -7.132719352340576158e-13 -1.764922837235109281e-12 1.567582021274552730e-13 1.862752718616125653e-12 7.495862032326101081e-12 1.584948037011819999e-11 6.204429347362867910e-12 2.077616927603837774e-12 2.196770775863881231e-13 1.687074724431585506e-13 -1.040341605302799344e-12
4.110404069349857063e-12 8.344968091980819042e-12 -5.311526487466704444e-12 7.770174809869515317e-12 -5.743987930696612799e-12 1.123075232145886657e-12 2.325394660593897499e-12 -1.973170678448718880e-12 1.152226433420889664e-12 -9.403567044611713986e-13 -1.044711883745241384e-12 1.985213520808148291e-13 -9.602897127954647863e-14 -1.787929436791632204e-12 -2.545125533191264182e-12 -1.860660359166199677e-12 -9.652087483983012299e-13 7.722641032975677572e-13 2.367782151848555064e-13 2.157719789146149698e-12 6.204429347362867910e-12 1.056299372680074204e-11 3.770069599165791665e-12 3.746473579016820895e-13 1.805726034342439713e-13 -1.128764569099825446e-12
-2.594543595735030637e-13 -1.345229498513730144e-12 -6.962208944904371008e-12 7.019157128572308024e-12 1.041471315243289122e-12 2.047250058565315257e-13 8.260187125769248810e-13 -7.130042148015181745e-13 1.474431368864792102e-12 -1.335979302051560015e-13 9.295145344431495415e-13 6.300650571696346399e-13 1.027981169037491202e-12 3.232644314862380788e-14 3.783218993166405533e-13 8.363419695172620948e-13 -1.925599224068146508e-13 3.814229277433044922e-13 -9.321127146774892522e-13 -1.774469977815446637e-13 2.077616927603837774e-12 3.770069599165791665e-12 7.278361147889681670e-12 2.606412462425190446e-12 4.328958465297016008e-13 1.838471219256875809e-13
8.644465077589085217e-12 2.670796690411369194e-12 -3.426066357879308596e-12 7.797893364192616439e-13 3.453411120763575678e-12 3.698818360152022536e-13 2.267641387107477972e-12 4.175820677241864496e-12 -3.640471712323070000e-13 1.950028847082464978e-12 2.653248599959722835e-12 -2.613981005945580178e-13 2.488362985744019373e-13 -1.067286614970269939e-12 -4.138983581720181645e-13 1.307905631839678934e-12 9.116347135285767947e-13 4.239960811831868593e-13 2.865932275046545659e-13 4.711208484942662298e-13 2.196770775863881231e-13 3.746473579016820895e-13 2.606412462425190446e-12 5.607075169449412523e-12 1.240285438331295665e-12 -5.278850647342250961e-13
-6.270981331176304957e-13 7.286178279205625314e-13 -1.984062462290119618e-12 -7.054926626823603449e-12 1.316276013828092625e-14 2.909138999613610112e-13 -8.290780501978539109e-13 -1.368237581957002994e-12 -1.684671005223388187e-12 -1.010230850474158581e-12 7.043131394504441726e-13 2.939792466084867786e-16 2.875691448760325930e-13 -1.128956902484289644e-12 1.422457024451154131e-13 -4.527464284907858629e-13 -4.963051361079573692e-13 -6.897912926937134524e-13 -5.641321345195369612e-14 1.543165941894943531e-12 1.687074724431585506e-13 1.805726034342439713e-13 4.328958465297016008e-13 1.240285438331295665e-12 3.982276100560421369e-12 6.142068254813233424e-13
-2.071468039543667576e-12 -1.429558261790957809e-12 4.165177539131354074e-12 -6.353313327519726257e-13 6.765901380251566210e-13 -1.745044267611899285e-12 1.952818202577131609e-12 -2.464785167875977740e-12 1.302795082710066930e-12 -5.024347799932585421e-13 -6.039988719483641210e-13 1.371670570916293154e-13 6.750156013784946430e-13 -9.296027770639773724e-13 -3.316208207718302776e-13 -8.591691667364778901e-13 -1.292205079455510211e-12 2.180695897043348412e-13 -1.431749681802270931e-14 -7.204730108426141746e-13 -1.040341605302799344e-12 -1.128764569099825446e-12 1.838471219256875809e-13 -5.278850647342250961e-13 6.142068254813233424e-13 4.151562426114059127e-12
