5.669740156557596266e-09 1.952330640514178753e-09 1.722060581455549653e-09 9.782791112638637567e-10 8.501107208918294053e-10 6.377296227034636344e-10 5.860802600961847961e-10 3.886554361876126868e-10 3.415842003013478095e-10 3.122562935475159804e-10 2.577263085143773133e-10 2.533533036867322300e-10 1.542342612657804892e-10 1.324927313957012129e-10 1.125241526172465502e-10 4.819890758801100099e-11 2.601822307482205311e-11 4.517876373739818588e-11 -5.921772579360432104e-12 7.366807713129199782e-12 2.720595657549010953e-11 4.699644531492489639e-11 2.466401982320477417e-11 4.691909057083975376e-11 5.363167365495969246e-11 -9.005173336648486218e-12
1.952330640514178753e-09 4.068063947727207250e-09 1.400669478373947628e-09 9.892119537039242631e-10 8.684924098655249887e-10 6.485290600575952246e-10 4.306872088267928508e-10 3.298454340156802339e-10 3.298406108927678134e-10 2.799829781920982206e-10 2.201613982620450647e-10 2.010377696442939350e-10 1.390519035487666051e-10 8.652910872507608680e-11 4.232244105432278868e-11 1.920114538406160062e-11 2.109317279564403890e-11 6.382806209859307256e-11 4.967327531879583308e-11 1.877335960238460748e-11 6.087041906286037257e-12 2.385009439293633309e-11 3.432023398602901331e-11 4.687160569267727537e-11 4.188293329312208875e-11 -1.281472655022009011e-11
1.722060581455549653e-09 1.400669478373947628e-09 2.359790431195560771e-09 7.593772866139701207e-10 6.938712633575296551e-10 4.677252372865369735e-10 3.415631021894874345e-10 2.575929498811618009e-10 2.721673596713088008e-10 1.989717845720482116e-10 1.881198004907985754e-10 1.205861731495514128e-10 1.198752851905601206e-10 9.952036765691764019e-11 6.544504392135869787e-11 3.018947681672936245e-11 1.916799543244629169e-11 2.065568414811504063e-11 -1.174550253208068970e-12 -3.762509128071751754e-13 1.937081686026084092e-11 3.591105873922599266e-11 3.842659228644732811e-11 1.975441395431836737e-11 2.383243225376582067e-11 3.069532104322985880e-13
9.782791112638637567e-10 9.892119537039242631e-10 7.593772866139701207e-10 1.203869014338519749e-09 4.851221613202138430e-10 2.758343033966104869e-10 2.436271318971359437e-10 1.984169501478633766e-10 1.681482038224836085e-10 1.272016237871512205e-10 1.315794623177120204e-10 9.799786886608190338e-11 8.823691271821669029e-11 5.535519002944243946e-11 4.911566415642041469e-11 3.237759100653037217e-11 1.213886750715524006e-11 2.495642066065977353e-11 1.960232613304682262e-11 1.626522503527761704e-11 1.317345837248818061e-11 3.751939811103331141e-11 2.997606601966000232e-11 2.941416716693937459e-11 1.393218406215766924e-11 -2.333297470032075541e-12
8.501107208918294053e-10 8.684924098655249887e-10 6.938712633575296551e-10 4.851221613202138430e-10 9.887970258374540101e-10 3.121484625470336742e-10 1.835888670655706408e-10 1.687821324899419209e-10 1.412001598234637111e-10 1.119055684717502978e-10 1.032362802793773907e-10 1.012980390618133984e-10 7.677394223395878002e-11 4.213494085222865224e-11 2.672368317230153338e-11 1.666707574178767906e-11 1.062336693248187170e-11 1.426414350472183961e-11 6.395238074361216457e-12 5.147315834242647509e-12 5.569625816274925133e-12 7.259759879471531278e-12 8.549727729621974324e-12 1.056127212770068362e-11 9.105014873399662576e-12 8.307160248568111646e-13
6.377296227034636344e-10 6.485290600575952246e-10 4.677252372865369735e-10 2.758343033966104869e-10 3.121484625470336742e-10 6.124358077520465794e-10 2.014256083782211947e-10 1.709569575365068295e-10 1.065970666212829875e-10 1.195937298917723530e-10 1.115300348997797041e-10 6.629100275776619534e-11 5.878131569152209315e-11 3.275935843817538992e-11 2.283819144303962742e-11 1.723307244089140981e-11 1.751160961351061369e-11 1.271317136611768129e-11 1.859067261083338604e-12 -5.462986624499180913e-12 -3.170265869127576263e-12 7.217462998186497323e-12 4.240578181950015782e-12 1.010467148796280275e-11 1.397884693092872394e-11 -2.698409647508216763e-12
5.860802600961847961e-10 4.306872088267928508e-10 3.415631021894874345e-10 2.436271318971359437e-10 1.835888670655706408e-10 2.014256083782211947e-10 3.933779145926590509e-10 1.267836692614832354e-10 1.151976983077192943e-10 8.467775322030659314e-11 7.933593023931974981e-11 5.752201988453230904e-11 5.173847110201215561e-11 3.277515122942277686e-11 2.436493431312341643e-11 5.151126916135392875e-12 4.642036171073914543e-12 1.525138370164578862e-11 2.026454317679977640e-12 1.068540329758140464e-11 1.427503022313119153e-11 1.693975027978825185e-11 1.258597120370174575e-11 1.466638404056838434e-11 1.870593220545091839e-12 -5.134247634787834016e-12
3.886554361876126868e-10 3.298454340156802339e-10 2.575929498811618009e-10 1.984169501478633766e-10 1.687821324899419209e-10 1.709569575365068295e-10 1.267836692614832354e-10 3.058184312710091478e-10 1.148837276597982709e-10 8.197336035958386825e-11 6.455641080901446289e-11 4.110388962541893895e-11 3.720941614803556943e-11 3.025899272970484828e-11 1.787381136530218553e-11 1.937704568361874058e-11 1.467652598835290518e-11 6.295544399966170582e-12 -5.877332644356019528e-13 1.968336454392378371e-12 1.437120301321092995e-11 1.359501094055758709e-11 1.186671680042232409e-11 8.199405356351595835e-12 -5.592510377247744752e-12 -2.651731027971687383e-12
3.415842003013478095e-10 3.298406108927678134e-10 2.721673596713088008e-10 1.681482038224836085e-10 1.412001598234637111e-10 1.065970666212829875e-10 1.151976983077192943e-10 1.148837276597982709e-10 2.349525821260817169e-10 9.012815784130609701e-11 7.203445737404352809e-11 4.367455063564363858e-11 4.027521732118884912e-11 2.844421104493198417e-11 2.292145636128541480e-11 1.204551666035937234e-11 9.373909414357002758e-12 1.746619063204034692e-11 5.771855097324009128e-13 1.802430446014702457e-12 6.259228124456684414e-12 8.266926788077143824e-12 7.058250477342981019e-12 4.799040053174161556e-12 2.771872432594648296e-12 -3.873790346753480882e-12
3.122562935475159804e-10 2.799829781920982206e-10 1.989717845720482116e-10 1.272016237871512205e-10 1.119055684717502978e-10 1.195937298917723530e-10 8.467775322030659314e-11 8.197336035958386825e-11 9.012815784130609701e-11 1.480921263387956291e-10 6.974161166018312434e-11 4.619257916405427861e-11 3.814404763848580004e-11 2.584980552545338538e-11 2.145725090738146150e-11 1.244887477491537593e-11 1.470244581071259783e-11 1.506217896324784049e-11 3.211651532303047598e-12 -5.545775591378754199e-12 -1.087505422203204467e-11 -3.618526743321875336e-12 2.562941986280406519e-12 2.359394586813891577e-12 1.242351773045859986e-12 -6.016822937560971332e-12
2.577263085143773133e-10 2.201613982620450647e-10 1.881198004907985754e-10 1.315794623177120204e-10 1.032362802793773907e-10 1.115300348997797041e-10 7.933593023931974981e-11 6.455641080901446289e-11 7.203445737404352809e-11 6.974161166018312434e-11 1.342599707620346131e-10 5.798505161461484487e-11 4.452942661745832424e-11 2.780099982463517284e-11 2.153077223424599671e-11 9.988974741716387479e-12 8.824483210677410326e-12 1.041208310113380610e-11 6.344505815374464341e-12 7.889820896516270400e-12 2.168425051610248275e-12 5.264228217114929348e-12 5.678977658833444351e-12 3.681865078662407115e-12 2.272378222619815497e-12 -4.913850723174180272e-12
2.533533036867322300e-10 2.010377696442939350e-10 1.205861731495514128e-10 9.799786886608190338e-11 1.012980390618133984e-10 6.629100275776619534e-11 5.752201988453230904e-11 4.110388962541893895e-11 4.367455063564363858e-11 4.619257916405427861e-11 5.798505161461484487e-11 8.999265326466918473e-11 5.411928394611137694e-11 3.458111956910939092e-11 2.349071342320423788e-11 1.647041796734813227e-11 1.373355164058549790e-11 9.012567438617880447e-12 5.945391090453898516e-12 2.211337467404255196e-12 -1.284921492243051807e-12 -5.211159903944465402e-13 2.106473795800869099e-12 -1.318034020661677895e-12 1.056355311865201559e-12 7.138800618690765900e-13
1.542342612657804892e-10 1.390519035487666051e-10 1.198752851905601206e-10 8.823691271821669029e-11 7.677394223395878002e-11 5.878131569152209315e-11 5.173847110201215561e-11 3.720941614803556943e-11 4.027521732118884912e-11 3.814404763848580004e-11 4.452942661745832424e-11 5.411928394611137694e-11 8.385957662812026631e-11 4.749629747623746223e-11 2.824338477543675206e-11 1.875374133601847912e-11 1.226471347335617173e-11 6.783456371675242629e-12 -1.093632732917187389e-12 -1.133304184606423284e-12 -4.572055644443979005e-12 1.671121144981121326e-12 2.040539139205267582e-12 -1.119728771592517128e-12 -1.150144530026877528e-12 2.267393957886841906e-13
1.324927313957012129e-10 8.652910872507608680e-11 9.952036765691764019e-11 5.535519002944243946e-11 4.213494085222865224e-11 3.275935843817538992e-11 3.277515122942277686e-11 3.025899272970484828e-11 2.844421104493198417e-11 2.584980552545338538e-11 2.780099982463517284e-11 3.458111956910939092e-11 4.749629747623746223e-11 6.116485364215817342e-11 3.241354386229946792e-11 2.214649767281006928e-11 1.272577513340935796e-11 6.664652743854145239e-12 -7.981699098341274159e-13 -2.276647482869978257e-12 -4.091270444424849979e-12 2.938908550015894566e-12 1.218190259140389131e-14 2.463010401816676086e-13 -1.409054831390319095e-12 7.728128435765237481e-13
1.125241526172465502e-10 4.232244105432278868e-11 6.544504392135869787e-11 4.911566415642041469e-11 2.672368317230153338e-11 2.283819144303962742e-11 2.436493431312341643e-11 1.787381136530218553e-11 2.292145636128541480e-11 2.145725090738146150e-11 2.153077223424599671e-11 2.349071342320423788e-11 2.824338477543675206e-11 3.241354386229946792e-11 5.358349171013304660e-11 3.087998829748591761e-11 1.777251716038949296e-11 1.123366010879139437e-11 3.474822906914178970e-12 -1.890783624949484447e-12 -2.630983610100350486e-12 2.895490525580861447e-12 -2.576053164478012575e-14 4.153471687665733629e-12 -1.819228248586102677e-12 -2.026738235746028637e-12
4.819890758801100099e-11 1.920114538406160062e-11 3.018947681672936245e-11 3.237759100653037217e-11 1.666707574178767906e-11 1.723307244089140981e-11 5.151126916135392875e-12 1.937704568361874058e-11 1.204551666035937234e-11 1.244887477491537593e-11 9.988974741716387479e-12 1.647041796734813227e-11 1.875374133601847912e-11 2.214649767281006928e-11 3.087998829748591761e-11 4.784204745944437729e-11 2.804591048597708888e-11 1.653461922996502242e-11 8.152634456623645031e-12 4.217198252158805733e-12 6.193131133783677171e-12 3.866978337494649576e-12 2.488467879757388720e-13 2.345509794561438585e-12 -2.938075641116323620e-12 -2.792765298480311429e-12
2.601822307482205311e-11 2.109317279564403890e-11 1.916799543244629169e-11 1.213886750715524006e-11 1.062336693248187170e-11 1.751160961351061369e-11 4.642036171073914543e-12 1.467652598835290518e-11 9.373909414357002758e-12 1.470244581071259783e-11 8.824483210677410326e-12 1.373355164058549790e-11 1.226471347335617173e-11 1.272577513340935796e-11 1.777251716038949296e-11 2.804591048597708888e-11 4.002578619278249399e-11 2.378427978266368982e-11 8.994731920011716280e-12 4.505963811773751676e-12 3.764032436241100841e-12 2.253499725967162234e-12 -8.932981510259725335e-13 3.467085102157182651e-13 -2.734974455826479846e-12 -1.664335147564879415e-12
4.517876373739818588e-11 6.382806209859307256e-11 2.065568414811504063e-11 2.495642066065977353e-11 1.426414350472183961e-11 1.271317136611768129e-11 1.525138370164578862e-11 6.295544399966170582e-12 1.746619063204034692e-11 1.506217896324784049e-11 1.041208310113380610e-11 9.012567438617880447e-12 6.783456371675242629e-12 6.664652743854145239e-12 1.123366010879139437e-11 1.653461922996502242e-11 2.378427978266368982e-11 4.337929799481532079e-11 2.661365448726768580e-11 1.788450652061122858e-11 1.105605444727620458e-11 9.072393380928253410e-12 4.980066787786044919e-12 2.236938452401699796e-12 -1.588215879052981552e-12 -5.168157407314137949e-12
-5.921772579360432104e-12 4.967327531879583308e-11 -1.174550253208068970e-12 1.960232613304682262e-11 6.395238074361216457e-12 1.859067261083338604e-12 2.026454317679977640e-12 -5.877332644356019528e-13 5.771855097324009128e-13 3.211651532303047598e-12 6.344505815374464341e-12 5.945391090453898516e-12 -1.093632732917187389e-12 -7.981699098341274159e-13 3.474822906914178970e-12 8.152634456623645031e-12 8.994731920011716280e-12 2.661365448726768580e-11 4.219216368372235574e-11 3.059910592068349664e-11 1.421296827241728402e-11 1.048375155698799891e-11 8.482925118264792224e-12 2.346131316586669025e-12 -2.152421867823582250e-12 -6.114237585297057507e-12
7.366807713129199782e-12 1.877335960238460748e-11 -3.762509128071751754e-13 1.626522503527761704e-11 5.147315834242647509e-12 -5.462986624499180913e-12 1.068540329758140464e-11 1.968336454392378371e-12 1.802430446014702457e-12 -5.545775591378754199e-12 7.889820896516270400e-12 2.211337467404255196e-12 -1.133304184606423284e-12 -2.276647482869978257e-12 -1.890783624949484447e-12 4.217198252158805733e-12 4.505963811773751676e-12 1.788450652061122858e-11 3.059910592068349664e-11 4.903626464672578646e-11 3.093695991337269113e-11 1.691648921492828754e-11 1.216731444452056087e-11 2.737520513384779651e-12 -2.863740363787874453e-12 -6.339701346158225590e-12
2.720595657549010953e-11 6.087041906286037257e-12 1.937081686026084092e-11 1.317345837248818061e-11 5.569625816274925133e-12 -3.170265869127576263e-12 1.427503022313119153e-11 1.437120301321092995e-11 6.259228124456684414e-12 -1.087505422203204467e-11 2.168425051610248275e-12 -1.284921492243051807e-12 -4.572055644443979005e-12 -4.091270444424849979e-12 -2.630983610100350486e-12 6.193131133783677171e-12 3.764032436241100841e-12 1.105605444727620458e-11 1.421296827241728402e-11 3.093695991337269113e-11 4.800347861844066753e-11 2.843869085237953644e-11 1.252643613111757040e-11 -1.111961157131701529e-12 -1.458489856300942185e-12 -6.660877277055540015e-12
4.699644531492489639e-11 2.385009439293633309e-11 3.591105873922599266e-11 3.751939811103331141e-11 7.259759879471531278e-12 7.217462998186497323e-12 1.693975027978825185e-11 1.359501094055758709e-11 8.266926788077143824e-12 -3.618526743321875336e-12 5.264228217114929348e-12 -5.211159903944465402e-13 1.671121144981121326e-12 2.938908550015894566e-12 2.895490525580861447e-12 3.866978337494649576e-12 2.253499725967162234e-12 9.072393380928253410e-12 1.048375155698799891e-11 1.691648921492828754e-11 2.843869085237953644e-11 4.113788113020313755e-11 1.828647652225408658e-11 2.971537161273846162e-12 -8.052437283483316379e-13 -5.292847821705494279e-12
2.466401982320477417e-11 3.432023398602901331e-11 3.842659228644732811e-11 2.997606601966000232e-11 8.549727729621974324e-12 4.240578181950015782e-12 1.258597120370174575e-11 1.186671680042232409e-11 7.058250477342981019e-12 2.562941986280406519e-12 5.678977658833444351e-12 2.106473795800869099e-12 2.040539139205267582e-12 1.218190259140389131e-14 -2.576053164478012575e-14 2.488467879757388720e-13 -8.932981510259725335e-13 4.980066787786044919e-12 8.482925118264792224e-12 1.216731444452056087e-11 1.252643613111757040e-11 1.828647652225408658e-11 2.479037379577001654e-11 7.426023787497382408e-12 -9.229759755169954256e-13 -2.108470012010284246e-12
4.691909057083975376e-11 4.687160569267727537e-11 1.975441395431836737e-11 2.941416716693937459e-11 1.056127212770068362e-11 1.010467148796280275e-11 1.466638404056838434e-11 8.199405356351595835e-12 4.799040053174161556e-12 2.359394586813891577e-12 3.681865078662407115e-12 -1.318034020661677895e-12 -1.119728771592517128e-12 2.463010401816676086e-13 4.153471687665733629e-12 2.345509794561438585e-12 3.467085102157182651e-13 2.236938452401699796e-12 2.346131316586669025e-12 2.737520513384779651e-12 -1.111961157131701529e-12 2.971537161273846162e-12 7.426023787497382408e-12 1.882695734961435700e-11 3.186044631988183643e-12 -1.272505048587336232e-12
5.363167365495969246e-11 4.188293329312208875e-11 2.383243225376582067e-11 1.393218406215766924e-11 9.105014873399662576e-12 1.397884693092872394e-11 1.870593220545091839e-12 -5.592510377247744752e-12 2.771872432594648296e-12 1.242351773045859986e-12 2.272378222619815497e-12 1.056355311865201559e-12 -1.150144530026877528e-12 -1.409054831390319095e-12 -1.819228248586102677e-12 -2.938075641116323620e-12 -2.734974455826479846e-12 -1.588215879052981552e-12 -2.152421867823582250e-12 -2.863740363787874453e-12 -1.458489856300942185e-12 -8.052437283483316379e-13 -9.229759755169954256e-13 3.186044631988183643e-12 1.179900468059608887e-11 2.431412902584280754e-12
-9.005173336648486218e-12 -1.281472655022009011e-11 3.069532104322985880e-13 -2.333297470032075541e-12 8.307160248568111646e-13 -2.698409647508216763e-12 -5.134247634787834016e-12 -2.651731027971687383e-12 -3.873790346753480882e-12 -6.016822937560971332e-12 -4.913850723174180272e-12 7.138800618690765900e-13 2.267393957886841906e-13 7.728128435765237481e-13 -2.026738235746028637e-12 -2.792765298480311429e-12 -1.664335147564879415e-12 -5.168157407314137949e-12 -6.114237585297057507e-12 -6.339701346158225590e-12 -6.660877277055540015e-12 -5.292847821705494279e-12 -2.108470012010284246e-12 -1.272505048587336232e-12 2.431412902584280754e-12 1.110487817413253310e-11
