3.266242315203469222e-09 3.216633912623399727e-10 -6.577480447036391576e-11 8.375208906186679515e-11 7.392082550413249417e-11 -1.158012407274227812e-10 2.684248530872688589e-11 4.921628408458288125e-11 3.904247408270771668e-11 6.366503234061249033e-11 1.233955216156144798e-11 -6.058031815738943245e-12 1.100684510943158978e-11 2.166430036823186071e-11 4.101016326730608342e-11 3.404050685333364098e-11 2.867531740901231327e-11 5.056326574256227391e-11 3.382930363702024184e-11 1.924859128919909159e-11 -1.361449936214142794e-11 1.053954230840603300e-11 -1.435846053828608946e-11 -9.820210594051981868e-12 -1.645342457389762573e-11 7.400190879960272448e-13
3.216633912623399727e-10 2.602733391800176801e-09 -2.126292106719594110e-10 -3.705651322385647312e-11 1.375708136025446669e-10 1.618911221474628361e-11 -1.594536294830532736e-11 -1.367808243294612355e-11 -6.064605454136409614e-11 4.757243731599064691e-11 2.700145524602459141e-11 -1.503708677709251477e-11 -2.409266707314799764e-11 -2.331691462226332635e-11 -3.897966431920453676e-11 -2.759735363636602082e-11 4.305973433352930043e-13 -2.904192547164017152e-12 1.331135630998474513e-11 4.350173794565401569e-12 8.018142374611814559e-12 -1.692293663059490896e-12 -7.960854243174158476e-12 -2.171878961283602675e-12 -1.155045774774800074e-12 -5.120721874250375534e-12
-6.577480447036391576e-11 -2.126292106719594110e-10 1.433610861322582887e-09 1.111520042728804270e-10 -2.631865596822745849e-11 -2.559414841771579446e-11 2.247426465594718209e-11 3.034187981131170279e-11 2.061632571738520148e-11 -3.179722182387955552e-11 7.862381302425908096e-12 -1.113544388856112761e-11 -1.262136520269487247e-11 1.844728566904862227e-11 4.794242825023547578e-12 2.844473887723653197e-11 3.031086917282022883e-11 9.559035137645433185e-12 8.555522482781740483e-12 1.539776549678504538e-11 6.648139449011711089e-12 -9.599583349061904173e-12 -4.426486931573684194e-12 4.434378881343866717e-12 7.038955063486354422e-12 -2.166308772353391994e-12
8.375208906186679515e-11 -3.705651322385647312e-11 1.111520042728804270e-10 7.826340501864007709e-10 2.732085020273217309e-11 -3.076164371275437652e-11 9.208161425193751538e-12 -6.186311926437224317e-12 -4.379767194719249269e-11 -5.156758388387698698e-12 -5.359669493097262239e-12 6.166202325632873795e-12 -7.033789932217952194e-12 7.002706718249930223e-12 6.504420392277849832e-12 1.658609198719991600e-12 2.998821363674990994e-12 8.422957304955840538e-12 7.420527316545917031e-12 9.188552573958978590e-12 1.722217272656799463e-11 2.585286693004689359e-12 -6.833431643898869321e-12 8.734406092717660930e-12 5.425180743064417862e-12 -7.904906990120715750e-12
7.392082550413249417e-11 1.375708136025446669e-10 -2.631865596822745849e-11 2.732085020273217309e-11 5.143231986536204765e-10 9.553475357271005414e-11 3.301907940398276919e-11 -6.225380033910660462e-12 -8.544514376055165010e-13 8.615326754232499368e-12 -7.340447258978554731e-12 -1.093485622207674287e-11 -9.273246679302111428e-12 -7.824431324957815374e-12 -8.148124911376026366e-13 -7.983803264448229087e-12 -4.135713581862448284e-12 -6.087964468968892464e-12 -1.348756808767803827e-11 1.008971598056642352e-12 3.311640025213051744e-12 -4.481287909163461369e-12 -6.422973772542060883e-12 -4.059534639520371704e-12 -4.494718475959335221e-12 1.469400544858999280e-13
-1.158012407274227812e-10 1.618911221474628361e-11 -2.559414841771579446e-11 -3.076164371275437652e-11 9.553475357271005414e-11 3.858223064184766611e-10 1.825563780088444903e-11 1.711972716457982466e-11 -1.432789784165067511e-11 9.432837939871036125e-12 -1.402680814720135903e-12 -5.822507431825683302e-13 -1.466198759304439458e-11 -1.700880043220027384e-11 -1.091654008171938026e-11 -1.565355229450441335e-11 -1.998087692757605512e-12 -7.854693925007866466e-12 -3.392702566807938190e-12 1.984447758371468469e-12 1.631829394315526359e-12 -6.534005142146651108e-12 -1.165616377359830281e-13 -9.589253315154163337e-12 -4.236124075961598126e-12 -3.846782181988831564e-12
2.684248530872688589e-11 -1.594536294830532736e-11 2.247426465594718209e-11 9.208161425193751538e-12 3.301907940398276919e-11 1.825563780088444903e-11 2.478133568743455143e-10 4.050750865330191008e-11 2.782508624984362852e-11 2.325643101949122216e-11 7.674393407108687515e-12 -6.631719970455515077e-13 -5.239716233413797307e-12 -9.991254691798996728e-12 -8.659947655995522540e-12 8.613894978227726208e-13 6.678639960294463739e-12 1.194079422188088454e-11 5.368641186303305844e-12 -1.879163916768300912e-12 3.342498963062648971e-12 1.129847339005444234e-12 -7.245701763443203721e-13 1.435139662069130473e-12 3.380200965953021671e-12 1.148773704799399330e-12
4.921628408458288125e-11 -1.367808243294612355e-11 3.034187981131170279e-11 -6.186311926437224317e-12 -6.225380033910660462e-12 1.711972716457982466e-11 4.050750865330191008e-11 1.813369115144909586e-10 5.340855570942701183e-11 2.551258162551704691e-11 8.340395392120480296e-12 6.755601024163790071e-13 -1.391849238076825126e-12 -9.209803482266814581e-13 -1.405077811399325786e-12 -1.211446314255424626e-12 2.631537771804650813e-12 7.088712884483596680e-12 8.534328605980605945e-12 -3.776457115279515675e-13 -2.729243742012523008e-12 -5.389791180658166685e-12 7.067398513545628699e-13 2.964670876876500244e-12 -1.597327385097716976e-12 -2.248290090602619531e-12
3.904247408270771668e-11 -6.064605454136409614e-11 2.061632571738520148e-11 -4.379767194719249269e-11 -8.544514376055165010e-13 -1.432789784165067511e-11 2.782508624984362852e-11 5.340855570942701183e-11 1.342244985564995105e-10 4.647224357385641224e-11 1.337392675515406696e-11 1.453797088552278247e-11 6.448940016604201397e-12 6.925895378510569423e-12 3.642243735124938052e-12 6.787664417247765191e-13 -1.058996803723769412e-12 3.425907400791022968e-12 1.393655765125830397e-13 -2.130175741274007183e-12 -4.041802029027090403e-12 -5.460943109690286505e-12 -3.610022490091509827e-13 4.924129767209765696e-15 -7.035672478273592582e-12 -6.539682977289172827e-13
6.366503234061249033e-11 4.757243731599064691e-11 -3.179722182387955552e-11 -5.156758388387698698e-12 8.615326754232499368e-12 9.432837939871036125e-12 2.325643101949122216e-11 2.551258162551704691e-11 4.647224357385641224e-11 1.031552701585335642e-10 2.439376898210039033e-11 1.875632755246659736e-11 1.485610848365076887e-11 4.735235160559342154e-12 3.469342457566593091e-12 -4.859639136316771032e-12 -2.234995110155791222e-12 6.332024390386087099e-13 9.688448720669483363e-13 -3.032337498784591934e-12 -4.756646634841376090e-12 -4.586478362851430920e-12 -2.310278243345287469e-12 -1.706079226524896446e-12 -3.662794332485100877e-12 3.723868858060910821e-13
1.233955216156144798e-11 2.700145524602459141e-11 7.862381302425908096e-12 -5.359669493097262239e-12 -7.340447258978554731e-12 -1.402680814720135903e-12 7.674393407108687515e-12 8.340395392120480296e-12 1.337392675515406696e-11 2.439376898210039033e-11 7.927360879823078065e-11 2.191115556052497661e-11 1.600567162837558809e-11 1.087766664324951728e-11 5.582785710006314029e-12 4.609522568444937568e-12 5.056774529437321394e-12 6.412231390050444635e-12 -5.169635736732947639e-12 -4.207612670581020233e-12 -5.682487470135732611e-12 -4.055039494031842777e-12 -3.319795337492500228e-12 3.779746362732291587e-13 1.960224245412778967e-12 2.801874487107291380e-12
-6.058031815738943245e-12 -1.503708677709251477e-11 -1.113544388856112761e-11 6.166202325632873795e-12 -1.093485622207674287e-11 -5.822507431825683302e-13 -6.631719970455515077e-13 6.755601024163790071e-13 1.453797088552278247e-11 1.875632755246659736e-11 2.191115556052497661e-11 6.380336430885654095e-11 2.277842156190443065e-11 1.792926580699982772e-11 9.465429822433062960e-12 9.967448857267582655e-12 1.498373351030001746e-12 2.117183129914537966e-12 -6.676769941168975761e-12 -4.158185789976290440e-12 -1.117210279654578628e-12 9.184394593300146459e-13 -9.795766369304043894e-13 -1.889599873795404374e-12 -9.050523681729511710e-13 1.748541341937214409e-12
1.100684510943158978e-11 -2.409266707314799764e-11 -1.262136520269487247e-11 -7.033789932217952194e-12 -9.273246679302111428e-12 -1.466198759304439458e-11 -5.239716233413797307e-12 -1.391849238076825126e-12 6.448940016604201397e-12 1.485610848365076887e-11 1.600567162837558809e-11 2.277842156190443065e-11 4.918503147694298479e-11 2.486257520528314009e-11 1.506142116629715334e-11 1.399442279464521123e-11 4.671888758076280383e-12 7.079377631175111596e-13 -1.872688677953274916e-12 8.013704586770018456e-13 -3.850779034006816400e-12 -1.093260003578056909e-12 3.027153989788136934e-13 -2.676076650709536918e-12 -1.365818071218682194e-12 1.691232115787786119e-12
2.166430036823186071e-11 -2.331691462226332635e-11 1.844728566904862227e-11 7.002706718249930223e-12 -7.824431324957815374e-12 -1.700880043220027384e-11 -9.991254691798996728e-12 -9.209803482266814581e-13 6.925895378510569423e-12 4.735235160559342154e-12 1.087766664324951728e-11 1.792926580699982772e-11 2.486257520528314009e-11 4.738008789324350264e-11 2.598588073476625164e-11 1.809439781936400215e-11 5.943527991630702356e-12 3.141107857886270593e-12 5.862371515066538538e-13 1.345365226006869265e-12 -9.541783310439735891e-13 1.134244070975897941e-12 1.148725371728835154e-12 -1.674247317125479403e-12 -9.410555707527742000e-13 1.687144769778276726e-12
4.101016326730608342e-11 -3.897966431920453676e-11 4.794242825023547578e-12 6.504420392277849832e-12 -8.148124911376026366e-13 -1.091654008171938026e-11 -8.659947655995522540e-12 -1.405077811399325786e-12 3.642243735124938052e-12 3.469342457566593091e-12 5.582785710006314029e-12 9.465429822433062960e-12 1.506142116629715334e-11 2.598588073476625164e-11 3.956979931597602022e-11 2.300256543521185645e-11 1.131695039342103676e-11 4.320210348317121669e-12 4.352811789983573166e-12 4.400925675113896709e-12 2.841466958700981561e-13 2.577524090114778646e-13 -6.603056865673966220e-14 -1.987773397448778005e-13 -1.327937519239798991e-13 1.300743094188187759e-12
3.404050685333364098e-11 -2.759735363636602082e-11 2.844473887723653197e-11 1.658609198719991600e-12 -7.983803264448229087e-12 -1.565355229450441335e-11 8.613894978227726208e-13 -1.211446314255424626e-12 6.787664417247765191e-13 -4.859639136316771032e-12 4.609522568444937568e-12 9.967448857267582655e-12 1.399442279464521123e-11 1.809439781936400215e-11 2.300256543521185645e-11 4.112640558967900631e-11 2.344910742140983718e-11 1.098104519051348197e-11 6.422052402676467531e-12 4.211663187644491723e-12 -3.039596105864679305e-13 1.895857909409338564e-12 1.370993640726240746e-12 -2.727079733726377083e-13 -1.317677243192479984e-12 2.079018554118804225e-12
2.867531740901231327e-11 4.305973433352930043e-13 3.031086917282022883e-11 2.998821363674990994e-12 -4.135713581862448284e-12 -1.998087692757605512e-12 6.678639960294463739e-12 2.631537771804650813e-12 -1.058996803723769412e-12 -2.234995110155791222e-12 5.056774529437321394e-12 1.498373351030001746e-12 4.671888758076280383e-12 5.943527991630702356e-12 1.131695039342103676e-11 2.344910742140983718e-11 3.616481957310238501e-11 1.872395603242040084e-11 8.229765254733381581e-12 2.799412528126547156e-12 1.238965266922879363e-13 7.495227437819709443e-13 2.011654385148899783e-12 4.898382130035926854e-13 -6.714506431017139562e-13 2.856707946534596880e-13
5.056326574256227391e-11 -2.904192547164017152e-12 9.559035137645433185e-12 8.422957304955840538e-12 -6.087964468968892464e-12 -7.854693925007866466e-12 1.194079422188088454e-11 7.088712884483596680e-12 3.425907400791022968e-12 6.332024390386087099e-13 6.412231390050444635e-12 2.117183129914537966e-12 7.079377631175111596e-13 3.141107857886270593e-12 4.320210348317121669e-12 1.098104519051348197e-11 1.872395603242040084e-11 3.427524825182891450e-11 1.846146299404210369e-11 9.158215464609233754e-12 4.286319374738818023e-12 1.684786410341214992e-12 2.550096014322669386e-12 -1.759884376858769319e-14 -3.345610451520487088e-13 3.007007006259825689e-14
3.382930363702024184e-11 1.331135630998474513e-11 8.555522482781740483e-12 7.420527316545917031e-12 -1.348756808767803827e-11 -3.392702566807938190e-12 5.368641186303305844e-12 8.534328605980605945e-12 1.393655765125830397e-13 9.688448720669483363e-13 -5.169635736732947639e-12 -6.676769941168975761e-12 -1.872688677953274916e-12 5.862371515066538538e-13 4.352811789983573166e-12 6.422052402676467531e-12 8.229765254733381581e-12 1.846146299404210369e-11 3.411656791140346699e-11 2.109553468706142601e-11 9.984593065357348932e-12 1.694376250001585448e-12 9.027466334782295280e-13 1.465443238067743688e-12 -6.737274395069507305e-13 -1.451395874840839118e-12
1.924859128919909159e-11 4.350173794565401569e-12 1.539776549678504538e-11 9.188552573958978590e-12 1.008971598056642352e-12 1.984447758371468469e-12 -1.879163916768300912e-12 -3.776457115279515675e-13 -2.130175741274007183e-12 -3.032337498784591934e-12 -4.207612670581020233e-12 -4.158185789976290440e-12 8.013704586770018456e-13 1.345365226006869265e-12 4.400925675113896709e-12 4.211663187644491723e-12 2.799412528126547156e-12 9.158215464609233754e-12 2.109553468706142601e-11 3.372767642155821283e-11 2.073469136211927634e-11 5.693056811475936826e-12 9.359314868265381430e-13 1.025281303422675256e-12 2.657803488121393624e-13 -1.451902404556241651e-13
-1.361449936214142794e-11 8.018142374611814559e-12 6.648139449011711089e-12 1.722217272656799463e-11 3.311640025213051744e-12 1.631829394315526359e-12 3.342498963062648971e-12 -2.729243742012523008e-12 -4.041802029027090403e-12 -4.756646634841376090e-12 -5.682487470135732611e-12 -1.117210279654578628e-12 -3.850779034006816400e-12 -9.541783310439735891e-13 2.841466958700981561e-13 -3.039596105864679305e-13 1.238965266922879363e-13 4.286319374738818023e-12 9.984593065357348932e-12 2.073469136211927634e-11 3.240411708012508040e-11 1.144268852754487926e-11 3.447449181702569929e-12 1.806470653193832039e-12 1.246444420356977281e-12 -7.086049300721006127e-13
1.053954230840603300e-11 -1.692293663059490896e-12 -9.599583349061904173e-12 2.585286693004689359e-12 -4.481287909163461369e-12 -6.534005142146651108e-12 1.129847339005444234e-12 -5.389791180658166685e-12 -5.460943109690286505e-12 -4.586478362851430920e-12 -4.055039494031842777e-12 9.184394593300146459e-13 -1.093260003578056909e-12 1.134244070975897941e-12 2.577524090114778646e-13 1.895857909409338564e-12 7.495227437819709443e-13 1.684786410341214992e-12 1.694376250001585448e-12 5.693056811475936826e-12 1.144268852754487926e-11 1.696041470832653163e-11 7.500527975239780789e-12 1.590445820765447739e-12 1.118644151393207563e-12 -1.182075781554913330e-12
-1.435846053828608946e-11 -7.960854243174158476e-12 -4.426486931573684194e-12 -6.833431643898869321e-12 -6.422973772542060883e-12 -1.165616377359830281e-13 -7.245701763443203721e-13 7.067398513545628699e-13 -3.610022490091509827e-13 -2.310278243345287469e-12 -3.319795337492500228e-12 -9.795766369304043894e-13 3.027153989788136934e-13 1.148725371728835154e-12 -6.603056865673966220e-14 1.370993640726240746e-12 2.011654385148899783e-12 2.550096014322669386e-12 9.027466334782295280e-13 9.359314868265381430e-13 3.447449181702569929e-12 7.500527975239780789e-12 1.445210813807791979e-11 5.018124514273317116e-12 5.504522378566605713e-13 -7.349029071469276198e-13
-9.820210594051981868e-12 -2.171878961283602675e-12 4.434378881343866717e-12 8.734406092717660930e-12 -4.059534639520371704e-12 -9.589253315154163337e-12 1.435139662069130473e-12 2.964670876876500244e-12 4.924129767209765696e-15 -1.706079226524896446e-12 3.779746362732291587e-13 -1.889599873795404374e-12 -2.676076650709536918e-12 -1.674247317125479403e-12 -1.987773397448778005e-13 -2.727079733726377083e-13 4.898382130035926854e-13 -1.759884376858769319e-14 1.465443238067743688e-12 1.025281303422675256e-12 1.806470653193832039e-12 1.590445820765447739e-12 5.018124514273317116e-12 1.164884655383543416e-11 2.898914707102693060e-12 -3.078455652358393006e-13
-1.645342457389762573e-11 -1.155045774774800074e-12 7.038955063486354422e-12 5.425180743064417862e-12 -4.494718475959335221e-12 -4.236124075961598126e-12 3.380200965953021671e-12 -1.597327385097716976e-12 -7.035672478273592582e-12 -3.662794332485100877e-12 1.960224245412778967e-12 -9.050523681729511710e-13 -1.365818071218682194e-12 -9.410555707527742000e-13 -1.327937519239798991e-13 -1.317677243192479984e-12 -6.714506431017139562e-13 -3.345610451520487088e-13 -6.737274395069507305e-13 2.657803488121393624e-13 1.246444420356977281e-12 1.118644151393207563e-12 5.504522378566605713e-13 2.898914707102693060e-12 7.240272580239552314e-12 1.242113713311227667e-12
7.400190879960272448e-13 -5.120721874250375534e-12 -2.166308772353391994e-12 -7.904906990120715750e-12 1.469400544858999280e-13 -3.846782181988831564e-12 1.148773704799399330e-12 -2.248290090602619531e-12 -6.539682977289172827e-13 3.723868858060910821e-13 2.801874487107291380e-12 1.748541341937214409e-12 1.691232115787786119e-12 1.687144769778276726e-12 1.300743094188187759e-12 2.079018554118804225e-12 2.856707946534596880e-13 3.007007006259825689e-14 -1.451395874840839118e-12 -1.451902404556241651e-13 -7.086049300721006127e-13 -1.182075781554913330e-12 -7.349029071469276198e-13 -3.078455652358393006e-13 1.242113713311227667e-12 6.562562681912798248e-12
