3.578751333574696382e-09 9.878942448497908006e-10 7.921261872789872232e-10 6.740351367872165862e-10 4.631538859372344453e-10 4.473764825217900109e-10 4.291418264613904225e-10 2.766363500661596247e-10 1.844153915698961675e-10 1.600973497058451943e-10 1.915292724543924147e-10 1.056050543051174974e-10 1.362856317407935337e-10 4.678061020416138637e-11 5.758198721892991835e-11 2.947390515193863024e-11 2.390140576185127352e-11 1.015080684454617915e-11 -1.685511902765143054e-12 4.720652371050262095e-12 1.053875703755147596e-11 3.096459395599846792e-11 -6.430243656079187772e-12 2.001015173311962761e-11 1.357387323647139934e-11 -2.223903204399457906e-12
9.878942448497908006e-10 2.643754077412784674e-09 6.316112937629163761e-10 5.184474295063465009e-10 3.984082589823043647e-10 3.329337786746640212e-10 2.585112771670041998e-10 2.300964530297779592e-10 1.950230864119062959e-10 1.196844263929498782e-10 1.182576756194270892e-10 1.264442490349015890e-10 1.025130525522748852e-10 6.243406632289565762e-11 5.866909185169932002e-11 5.587212991414640577e-11 4.705346927958146445e-11 4.355240558688755887e-11 3.924832250408329747e-11 2.267245839346248950e-11 4.433041791264913046e-12 1.715841425037336160e-11 7.054787816469569504e-12 1.905942857755443116e-11 1.835730285599342172e-11 -2.573632486297412062e-11
7.921261872789872232e-10 6.316112937629163761e-10 1.586230022438464440e-09 5.866423818936402846e-10 4.197468990895179751e-10 3.064942842278900787e-10 1.982677646974384765e-10 1.543281719748867997e-10 1.589693183365351771e-10 1.126213361743202008e-10 1.266852666043275039e-10 1.168176540376511869e-10 1.079365222852348551e-10 7.930570255337906944e-11 5.967796060137999559e-11 3.828997052102573902e-11 3.199871998509945642e-11 3.770896366643265957e-11 1.780517666021936769e-11 1.506114905493160573e-11 1.221337298564918641e-11 2.123127642004310073e-11 1.113690625080370684e-11 2.165520917828105360e-12 9.667489534604429398e-12 -3.884192251403067469e-12
6.740351367872165862e-10 5.184474295063465009e-10 5.866423818936402846e-10 1.114878464930260679e-09 3.997421005074922158e-10 3.404832411325768380e-10 1.674461510744845206e-10 1.242139613329199909e-10 1.322547025590981444e-10 8.642537944522820096e-11 8.511226612223915483e-11 1.072375814990593914e-10 9.194293133331839910e-11 6.275423967161132094e-11 4.449333509521684984e-11 2.803734156300124950e-11 2.890490458568442052e-11 3.636622864733665155e-11 1.721581717881235552e-11 1.115467826890996362e-11 3.488621326833768228e-12 1.348287451290892415e-11 1.372789649906718392e-11 7.722333673212794674e-12 2.819091601908035922e-11 1.095871437640037029e-11
4.631538859372344453e-10 3.984082589823043647e-10 4.197468990895179751e-10 3.997421005074922158e-10 7.727120704196660828e-10 2.759138262028456811e-10 1.850497493898499390e-10 1.387573397527771280e-10 1.179613648455952924e-10 8.459034421291686512e-11 6.882690419906077467e-11 8.238323890574413244e-11 7.633602403204745563e-11 4.589582523291915658e-11 2.290139936512131534e-11 2.329061590530583495e-11 2.640970022804455434e-11 1.455169422060879275e-11 2.996018283492268545e-12 9.770159069401468256e-12 1.324520474575068803e-11 2.422976615082892773e-11 7.846965702905016687e-12 9.276464113930960853e-12 2.349227750790333100e-12 -4.154897962819795408e-12
4.473764825217900109e-10 3.329337786746640212e-10 3.064942842278900787e-10 3.404832411325768380e-10 2.759138262028456811e-10 4.939204825138897223e-10 1.931836933135136576e-10 1.091238441507696572e-10 1.147776195266853013e-10 8.761768183383247843e-11 7.685724669145283038e-11 6.795077675852899419e-11 6.384327817890195223e-11 2.678597851595674101e-11 1.771390416866751101e-11 3.839490435263566238e-12 1.387229445835964822e-11 1.869541442448043277e-11 2.231334061885120732e-12 2.132738822187355884e-12 5.352039081269205653e-12 1.380560934065446235e-11 1.155503976922888716e-11 7.733850200516737389e-12 6.899008456152031827e-12 1.758119501613077217e-12
4.291418264613904225e-10 2.585112771670041998e-10 1.982677646974384765e-10 1.674461510744845206e-10 1.850497493898499390e-10 1.931836933135136576e-10 3.517318418159468855e-10 1.175413514256867370e-10 1.030230209425583834e-10 8.066998679574275648e-11 6.655595930444444574e-11 5.212286514520066381e-11 4.180311127541980134e-11 2.700305718306639900e-11 1.565866084904416527e-11 1.211250405095597386e-11 1.673173321113113894e-11 1.625412225060142362e-11 3.896571158783315233e-12 3.935132053811351789e-12 2.412833458665755639e-12 1.320209773034614944e-11 1.062307378992357503e-11 1.578865021247898636e-11 8.107836617564756993e-12 1.934412739822675499e-12
2.766363500661596247e-10 2.300964530297779592e-10 1.543281719748867997e-10 1.242139613329199909e-10 1.387573397527771280e-10 1.091238441507696572e-10 1.175413514256867370e-10 2.233096034803647578e-10 8.859677936709172289e-11 7.263550543157942038e-11 5.347345971919163798e-11 4.182502613163688661e-11 3.517628902409730118e-11 2.389319526211345796e-11 1.339128962389725250e-11 4.682378655043456020e-12 8.921436776199752531e-12 1.070001519309346349e-11 3.141192567139360436e-13 -2.318906835865512974e-12 -2.592932338768871306e-12 7.024418491815858070e-12 6.180740723931059082e-12 8.402863888168380338e-12 7.321917467280092700e-12 -6.810112698073368210e-13
1.844153915698961675e-10 1.950230864119062959e-10 1.589693183365351771e-10 1.322547025590981444e-10 1.179613648455952924e-10 1.147776195266853013e-10 1.030230209425583834e-10 8.859677936709172289e-11 1.837423330487165174e-10 7.081962053599218405e-11 6.136931464641362336e-11 4.178477456572637889e-11 3.564664806644894840e-11 3.044530505203698842e-11 1.761763040736160549e-11 1.113652922117891384e-11 1.049437810602328655e-11 1.512025251464907032e-11 1.265717266457809802e-11 1.213879379692731119e-11 8.157257454053197382e-13 7.160972796586906916e-13 1.205661661598584860e-12 6.772285657518567632e-12 1.804117750828426538e-12 1.637840919023721448e-13
1.600973497058451943e-10 1.196844263929498782e-10 1.126213361743202008e-10 8.642537944522820096e-11 8.459034421291686512e-11 8.761768183383247843e-11 8.066998679574275648e-11 7.263550543157942038e-11 7.081962053599218405e-11 1.268651637407549242e-10 6.365710361934446994e-11 4.175903627424283249e-11 2.686771573064389745e-11 2.517979688651810594e-11 1.614613555908838602e-11 1.191493317241586294e-11 4.019936522736042961e-12 9.362849350516419866e-12 7.187111589875724279e-12 4.689247066690426662e-12 8.921616278601097855e-13 4.180471180580045029e-12 5.435102497820647640e-12 6.048482206768145808e-12 5.038880757879369167e-12 -2.862034277656163096e-12
1.915292724543924147e-10 1.182576756194270892e-10 1.266852666043275039e-10 8.511226612223915483e-11 6.882690419906077467e-11 7.685724669145283038e-11 6.655595930444444574e-11 5.347345971919163798e-11 6.136931464641362336e-11 6.365710361934446994e-11 1.120129400689653050e-10 4.702040312968510782e-11 3.150225499780772969e-11 2.356954329261504826e-11 2.178515393439917229e-11 8.859437090457389599e-12 4.578233777688016427e-12 8.327709109300394868e-12 3.067044251904316238e-12 6.807418444829325092e-12 5.099848970395485123e-12 6.391891230347075254e-12 5.097242367067484294e-13 1.065740234518113651e-12 4.362889930702364392e-12 1.850200072587387162e-12
1.056050543051174974e-10 1.264442490349015890e-10 1.168176540376511869e-10 1.072375814990593914e-10 8.238323890574413244e-11 6.795077675852899419e-11 5.212286514520066381e-11 4.182502613163688661e-11 4.178477456572637889e-11 4.175903627424283249e-11 4.702040312968510782e-11 7.770232402271644549e-11 4.048173964394291799e-11 2.525492434458046861e-11 1.839816414034437322e-11 1.241485725880896774e-11 7.236077669658344547e-12 9.293593068706800148e-12 2.625345361119013955e-12 4.583033746783367082e-12 1.359486107796537212e-12 3.000609666184466297e-12 7.320552586035646183e-13 -1.579322356966626113e-12 4.583146582697573100e-12 3.693041456895987685e-12
1.362856317407935337e-10 1.025130525522748852e-10 1.079365222852348551e-10 9.194293133331839910e-11 7.633602403204745563e-11 6.384327817890195223e-11 4.180311127541980134e-11 3.517628902409730118e-11 3.564664806644894840e-11 2.686771573064389745e-11 3.150225499780772969e-11 4.048173964394291799e-11 6.395268011819390436e-11 3.140070307901314009e-11 2.180164847621630208e-11 1.570703646531336532e-11 1.031873385075312270e-11 7.143905284609966756e-12 3.250262934069694526e-12 6.589190328186985842e-12 3.614707570955075765e-12 4.543492298093153378e-12 7.263705561243066967e-13 3.275607277980029790e-13 4.201642387008926157e-12 4.586293660972814899e-12
4.678061020416138637e-11 6.243406632289565762e-11 7.930570255337906944e-11 6.275423967161132094e-11 4.589582523291915658e-11 2.678597851595674101e-11 2.700305718306639900e-11 2.389319526211345796e-11 3.044530505203698842e-11 2.517979688651810594e-11 2.356954329261504826e-11 2.525492434458046861e-11 3.140070307901314009e-11 4.971041522015442627e-11 2.797125245606487431e-11 1.710240698206828287e-11 9.713043359901949997e-12 8.904300270713375271e-12 7.457839825440478883e-12 5.791567523768185406e-12 4.787570456941521403e-12 2.883321802164478930e-12 8.938447341378205629e-13 1.231597013563196097e-12 4.017035476484258307e-12 1.740138039156324742e-12
5.758198721892991835e-11 5.866909185169932002e-11 5.967796060137999559e-11 4.449333509521684984e-11 2.290139936512131534e-11 1.771390416866751101e-11 1.565866084904416527e-11 1.339128962389725250e-11 1.761763040736160549e-11 1.614613555908838602e-11 2.178515393439917229e-11 1.839816414034437322e-11 2.180164847621630208e-11 2.797125245606487431e-11 3.819312562260118586e-11 1.877501821002102037e-11 9.063438138467963013e-12 5.796557970416856913e-12 6.964569565058169367e-12 6.258706275065468403e-12 5.328317211242503781e-12 4.251806916467707184e-12 1.096282674103259656e-12 5.827907077546907970e-13 2.574621604077752330e-12 1.333100006017987398e-12
2.947390515193863024e-11 5.587212991414640577e-11 3.828997052102573902e-11 2.803734156300124950e-11 2.329061590530583495e-11 3.839490435263566238e-12 1.211250405095597386e-11 4.682378655043456020e-12 1.113652922117891384e-11 1.191493317241586294e-11 8.859437090457389599e-12 1.241485725880896774e-11 1.570703646531336532e-11 1.710240698206828287e-11 1.877501821002102037e-11 3.279307254560203779e-11 2.007714661515013360e-11 8.532056676538597133e-12 6.325890443338130569e-12 4.370059291728332472e-12 2.047616115641594698e-12 4.029522493491673681e-12 -7.528154300940858821e-13 -2.761578214448486749e-13 2.090127883443086721e-12 1.496390335654579482e-12
2.390140576185127352e-11 4.705346927958146445e-11 3.199871998509945642e-11 2.890490458568442052e-11 2.640970022804455434e-11 1.387229445835964822e-11 1.673173321113113894e-11 8.921436776199752531e-12 1.049437810602328655e-11 4.019936522736042961e-12 4.578233777688016427e-12 7.236077669658344547e-12 1.031873385075312270e-11 9.713043359901949997e-12 9.063438138467963013e-12 2.007714661515013360e-11 3.656327532294559740e-11 2.102082896416653832e-11 1.082913607160490442e-11 7.960224051259580491e-12 6.318144073389452191e-12 2.997936563080991469e-12 -2.984668508441022607e-13 1.620942287063537085e-12 1.674217004595769837e-12 1.605590404712453257e-12
1.015080684454617915e-11 4.355240558688755887e-11 3.770896366643265957e-11 3.636622864733665155e-11 1.455169422060879275e-11 1.869541442448043277e-11 1.625412225060142362e-11 1.070001519309346349e-11 1.512025251464907032e-11 9.362849350516419866e-12 8.327709109300394868e-12 9.293593068706800148e-12 7.143905284609966756e-12 8.904300270713375271e-12 5.796557970416856913e-12 8.532056676538597133e-12 2.102082896416653832e-11 3.337020031993722360e-11 1.837916656208596901e-11 1.042238004837408956e-11 5.168703915842980385e-12 1.071238014167654328e-12 2.318710953598749992e-13 9.277531524478172245e-13 1.020352451949758196e-12 2.269543495340383003e-12
-1.685511902765143054e-12 3.924832250408329747e-11 1.780517666021936769e-11 1.721581717881235552e-11 2.996018283492268545e-12 2.231334061885120732e-12 3.896571158783315233e-12 3.141192567139360436e-13 1.265717266457809802e-11 7.187111589875724279e-12 3.067044251904316238e-12 2.625345361119013955e-12 3.250262934069694526e-12 7.457839825440478883e-12 6.964569565058169367e-12 6.325890443338130569e-12 1.082913607160490442e-11 1.837916656208596901e-11 2.875033479423810247e-11 1.720204003066426151e-11 8.803477568001014588e-12 3.737332580703868809e-12 2.376449735640738591e-12 1.975596798735484750e-12 1.143007469273463910e-13 -1.919830139140862983e-12
4.720652371050262095e-12 2.267245839346248950e-11 1.506114905493160573e-11 1.115467826890996362e-11 9.770159069401468256e-12 2.132738822187355884e-12 3.935132053811351789e-12 -2.318906835865512974e-12 1.213879379692731119e-11 4.689247066690426662e-12 6.807418444829325092e-12 4.583033746783367082e-12 6.589190328186985842e-12 5.791567523768185406e-12 6.258706275065468403e-12 4.370059291728332472e-12 7.960224051259580491e-12 1.042238004837408956e-11 1.720204003066426151e-11 3.119937750282697906e-11 1.828919779640016612e-11 8.951389929347825126e-12 1.769854289071581799e-12 2.613207882106607844e-12 9.968015601357179782e-15 -1.267583372566719048e-12
1.053875703755147596e-11 4.433041791264913046e-12 1.221337298564918641e-11 3.488621326833768228e-12 1.324520474575068803e-11 5.352039081269205653e-12 2.412833458665755639e-12 -2.592932338768871306e-12 8.157257454053197382e-13 8.921616278601097855e-13 5.099848970395485123e-12 1.359486107796537212e-12 3.614707570955075765e-12 4.787570456941521403e-12 5.328317211242503781e-12 2.047616115641594698e-12 6.318144073389452191e-12 5.168703915842980385e-12 8.803477568001014588e-12 1.828919779640016612e-11 2.756644094155740729e-11 1.607568597119119137e-11 5.008716963876923263e-12 2.248788233740479409e-12 7.208077195610464820e-13 -1.812457693738148119e-13
3.096459395599846792e-11 1.715841425037336160e-11 2.123127642004310073e-11 1.348287451290892415e-11 2.422976615082892773e-11 1.380560934065446235e-11 1.320209773034614944e-11 7.024418491815858070e-12 7.160972796586906916e-13 4.180471180580045029e-12 6.391891230347075254e-12 3.000609666184466297e-12 4.543492298093153378e-12 2.883321802164478930e-12 4.251806916467707184e-12 4.029522493491673681e-12 2.997936563080991469e-12 1.071238014167654328e-12 3.737332580703868809e-12 8.951389929347825126e-12 1.607568597119119137e-11 2.434336098738872517e-11 1.031537411849308616e-11 3.396838356463697299e-12 1.529441961226514165e-12 -6.040668666106277081e-14
-6.430243656079187772e-12 7.054787816469569504e-12 1.113690625080370684e-11 1.372789649906718392e-11 7.846965702905016687e-12 1.155503976922888716e-11 1.062307378992357503e-11 6.180740723931059082e-12 1.205661661598584860e-12 5.435102497820647640e-12 5.097242367067484294e-13 7.320552586035646183e-13 7.263705561243066967e-13 8.938447341378205629e-13 1.096282674103259656e-12 -7.528154300940858821e-13 -2.984668508441022607e-13 2.318710953598749992e-13 2.376449735640738591e-12 1.769854289071581799e-12 5.008716963876923263e-12 1.031537411849308616e-11 1.682544907217200745e-11 6.738364210872710749e-12 8.778851263104916032e-13 -5.239782623495506307e-13
2.001015173311962761e-11 1.905942857755443116e-11 2.165520917828105360e-12 7.722333673212794674e-12 9.276464113930960853e-12 7.733850200516737389e-12 1.578865021247898636e-11 8.402863888168380338e-12 6.772285657518567632e-12 6.048482206768145808e-12 1.065740234518113651e-12 -1.579322356966626113e-12 3.275607277980029790e-13 1.231597013563196097e-12 5.827907077546907970e-13 -2.761578214448486749e-13 1.620942287063537085e-12 9.277531524478172245e-13 1.975596798735484750e-12 2.613207882106607844e-12 2.248788233740479409e-12 3.396838356463697299e-12 6.738364210872710749e-12 1.392038985582905225e-11 4.296499288883906801e-12 -7.186498713844739946e-14
1.357387323647139934e-11 1.835730285599342172e-11 9.667489534604429398e-12 2.819091601908035922e-11 2.349227750790333100e-12 6.899008456152031827e-12 8.107836617564756993e-12 7.321917467280092700e-12 1.804117750828426538e-12 5.038880757879369167e-12 4.362889930702364392e-12 4.583146582697573100e-12 4.201642387008926157e-12 4.017035476484258307e-12 2.574621604077752330e-12 2.090127883443086721e-12 1.674217004595769837e-12 1.020352451949758196e-12 1.143007469273463910e-13 9.968015601357179782e-15 7.208077195610464820e-13 1.529441961226514165e-12 8.778851263104916032e-13 4.296499288883906801e-12 1.195424768623593045e-11 3.886567062498904620e-12
-2.223903204399457906e-12 -2.573632486297412062e-11 -3.884192251403067469e-12 1.095871437640037029e-11 -4.154897962819795408e-12 1.758119501613077217e-12 1.934412739822675499e-12 -6.810112698073368210e-13 1.637840919023721448e-13 -2.862034277656163096e-12 1.850200072587387162e-12 3.693041456895987685e-12 4.586293660972814899e-12 1.740138039156324742e-12 1.333100006017987398e-12 1.496390335654579482e-12 1.605590404712453257e-12 2.269543495340383003e-12 -1.919830139140862983e-12 -1.267583372566719048e-12 -1.812457693738148119e-13 -6.040668666106277081e-14 -5.239782623495506307e-13 -7.186498713844739946e-14 3.886567062498904620e-12 1.001580034558295125e-11
