6.655562200091830695e-09 3.032882482867469425e-09 1.679909431025993873e-09 1.055985117912773471e-09 1.162883956598660288e-09 9.972525876605309850e-10 6.718174111419997673e-10 4.755946356666969006e-10 5.056877228797631439e-10 5.450521340238048607e-10 4.511274237305463644e-10 4.055676890275578116e-10 4.415435681890285537e-10 2.678611820903271053e-10 2.020869527609144451e-10 1.584700709755545822e-10 1.011244332398260409e-10 9.870591583567073123e-11 2.699211846143288513e-11 3.278590178314412394e-11 9.074036769130260026e-11 1.045181220327163177e-10 1.675568267921909477e-11 1.915809739491960717e-11 -1.574411630491858399e-11 -8.649293430436192769e-12
3.032882482867469425e-09 5.352556697258221511e-09 1.993085572927231410e-09 1.288720405864425988e-09 1.294132748454284611e-09 8.987759861174584256e-10 7.051694777840092113e-10 5.944612268656016575e-10 5.282851376879406501e-10 5.228864884508671281e-10 3.712058849388447533e-10 3.510164819535346460e-10 3.252848095184964703e-10 1.689728929526804306e-10 1.508600717743681342e-10 1.176166336089567362e-10 7.868456042251552259e-11 1.074356743292876027e-10 7.275067337116386526e-11 4.813833812668683853e-11 8.227361265394807527e-11 1.662884569010313063e-11 2.988941457511850188e-11 2.640587567820011349e-11 6.466359488955223028e-14 5.905066735245894597e-12
1.679909431025993873e-09 1.993085572927231410e-09 3.298101424752695387e-09 8.920440264169936768e-10 9.076190530856382723e-10 6.714899930099618542e-10 5.844628857006372770e-10 3.425715832620974782e-10 4.776086371898126964e-10 3.608378648552590251e-10 2.758545005339556537e-10 2.697665246882602551e-10 2.067492321417369903e-10 1.121663038889062682e-10 7.165122345255734487e-11 6.740062081616584041e-11 2.945057442087737416e-11 5.183978382324212412e-11 4.774790276412203062e-11 4.142232107185455581e-11 7.564864103948499078e-11 2.687494655527976534e-11 1.624377964750987887e-11 1.028970348528914298e-11 -8.766259059976665461e-12 -1.854771086053265394e-11
1.055985117912773471e-09 1.288720405864425988e-09 8.920440264169936768e-10 1.928068575670379328e-09 7.058066578454561788e-10 4.519004752139666097e-10 3.115626687499753192e-10 2.764846693870331413e-10 2.971354198563671049e-10 2.939149458063002226e-10 1.928194382973662456e-10 1.797315012805430771e-10 1.678840563687317410e-10 1.002528487726404772e-10 8.602956348619893982e-11 5.133180486918748689e-11 7.724611371081673757e-11 5.972672809212103198e-11 4.725536477828645706e-11 3.375365971380130416e-11 5.689031548906124211e-11 4.882515159429430234e-11 3.447143254575884439e-11 2.478528481700990738e-11 6.864016548673316697e-12 5.043819953255718450e-12
1.162883956598660288e-09 1.294132748454284611e-09 9.076190530856382723e-10 7.058066578454561788e-10 1.524632145803467493e-09 4.274480794289515064e-10 2.868650104555294123e-10 2.887462141794711125e-10 2.443974119692141304e-10 2.441856086194079485e-10 1.677790163223085365e-10 1.791581351406837195e-10 9.989815118115455522e-11 4.507332896721860774e-11 5.945577481191901140e-11 4.436877071405880913e-11 2.812382582911817981e-11 2.304391106491104480e-11 1.780296062213006603e-11 2.236658418955639745e-11 5.630934408175867386e-11 3.258027225321987097e-11 1.767789992453493950e-11 -4.106190203727424080e-12 8.507136229640021462e-12 2.920122569776940641e-12
9.972525876605309850e-10 8.987759861174584256e-10 6.714899930099618542e-10 4.519004752139666097e-10 4.274480794289515064e-10 9.740671906911842839e-10 3.232181123300208099e-10 2.437873081699524406e-10 2.189030811867190690e-10 1.922009441072317863e-10 1.076797829368951091e-10 1.062427023511205234e-10 1.166377301918700414e-10 5.223319990828566056e-11 4.507795854121546496e-11 3.571801762212330731e-11 1.808388553721989097e-11 1.665580474665254596e-11 3.416608459306935252e-12 1.874710267259079960e-11 4.501517104049357443e-11 1.952461831660507352e-11 1.397735467806351215e-11 9.121403089099433740e-12 1.886728559050342571e-13 -9.455487726678679882e-12
6.718174111419997673e-10 7.051694777840092113e-10 5.844628857006372770e-10 3.115626687499753192e-10 2.868650104555294123e-10 3.232181123300208099e-10 5.529879801099328901e-10 1.683530316498326665e-10 1.817397224546908350e-10 1.587772240742329396e-10 1.281285968783749936e-10 9.728621560984999617e-11 6.579346064432146226e-11 2.932221629391593647e-11 1.995364443434926614e-11 1.490031133792347519e-11 6.362498607141394349e-12 3.537804549924080261e-12 8.193889382177266823e-12 1.571722625215266153e-11 2.698185833442604230e-11 2.838394057629593176e-12 8.691637543754868477e-12 1.019210973607299644e-11 1.064710974425286595e-11 1.689868967901011140e-12
4.755946356666969006e-10 5.944612268656016575e-10 3.425715832620974782e-10 2.764846693870331413e-10 2.887462141794711125e-10 2.437873081699524406e-10 1.683530316498326665e-10 3.873393264086338551e-10 1.662765967647808919e-10 1.349571735980985592e-10 7.656979671983081756e-11 7.081104522703084850e-11 4.955362939713949394e-11 2.983496217922370172e-11 3.006358146382900768e-11 2.690033592674449294e-11 2.025312508161252679e-11 1.172173477088368099e-11 -1.158317573366740736e-13 -2.131231132359836689e-14 1.253309664137624636e-11 6.124495517957867574e-12 -3.857382561384106225e-13 5.214536990917245872e-12 7.592482871505870367e-12 2.612331980225108044e-12
5.056877228797631439e-10 5.282851376879406501e-10 4.776086371898126964e-10 2.971354198563671049e-10 2.443974119692141304e-10 2.189030811867190690e-10 1.817397224546908350e-10 1.662765967647808919e-10 3.617289110831835046e-10 1.635262490625941553e-10 1.072301134271031626e-10 8.965986607958007793e-11 7.498859355544633980e-11 4.715908399081412993e-11 2.994319220992628673e-11 3.654756884755219453e-11 2.438531712076926167e-11 3.082888311501465610e-11 2.302001313040489704e-11 2.107416846047889886e-12 2.010490424617029202e-11 1.760390532892410362e-11 6.443911352189441388e-12 1.096474103588661227e-11 1.243431665992706719e-11 -1.963334569331395978e-12
5.450521340238048607e-10 5.228864884508671281e-10 3.608378648552590251e-10 2.939149458063002226e-10 2.441856086194079485e-10 1.922009441072317863e-10 1.587772240742329396e-10 1.349571735980985592e-10 1.635262490625941553e-10 2.683522846511398887e-10 1.197027575819225103e-10 1.034902457539793308e-10 8.972714490523803045e-11 5.380437523222585468e-11 4.221946491341151419e-11 3.905837358801488657e-11 2.488076938335706516e-11 2.682318929282954622e-11 1.901801455157536736e-11 1.445367425625277192e-11 2.460590936600280268e-11 1.266263942633191661e-11 4.076587325274607576e-12 3.920710053586009497e-12 9.184286131025438058e-12 3.150267503110890005e-12
4.511274237305463644e-10 3.712058849388447533e-10 2.758545005339556537e-10 1.928194382973662456e-10 1.677790163223085365e-10 1.076797829368951091e-10 1.281285968783749936e-10 7.656979671983081756e-11 1.072301134271031626e-10 1.197027575819225103e-10 1.812848671123322822e-10 1.064907493713117075e-10 8.286623730796845357e-11 4.043518935150684673e-11 2.475024771260954385e-11 1.817523078642033618e-11 1.239915661828982597e-11 7.497235387022381384e-12 1.835971102503022816e-12 -1.018454304835425660e-12 1.663990998821650191e-11 1.440975531380744368e-11 1.238400459703578855e-11 6.506930060010910198e-12 6.496361228894633601e-12 3.036095812742760510e-12
4.055676890275578116e-10 3.510164819535346460e-10 2.697665246882602551e-10 1.797315012805430771e-10 1.791581351406837195e-10 1.062427023511205234e-10 9.728621560984999617e-11 7.081104522703084850e-11 8.965986607958007793e-11 1.034902457539793308e-10 1.064907493713117075e-10 1.658309252683880766e-10 9.389677625903686291e-11 6.038704689414000282e-11 4.298982603294809146e-11 2.468243788142701724e-11 1.672594522210768009e-11 9.762063982510772880e-12 1.032338697325023752e-11 6.775011258320668490e-12 1.680193333697363322e-11 1.457376762055525550e-11 8.658671605087630514e-12 6.829818581380481140e-12 4.420578359765533953e-12 4.012443438167952970e-12
4.415435681890285537e-10 3.252848095184964703e-10 2.067492321417369903e-10 1.678840563687317410e-10 9.989815118115455522e-11 1.166377301918700414e-10 6.579346064432146226e-11 4.955362939713949394e-11 7.498859355544633980e-11 8.972714490523803045e-11 8.286623730796845357e-11 9.389677625903686291e-11 1.514691885703138303e-10 8.530897559192585506e-11 5.840588341489716445e-11 4.012962482142846067e-11 2.826289520943467537e-11 1.870869454023919458e-11 1.025456220300428801e-11 4.689119168136326741e-12 1.343125419375696999e-11 1.006133945339723209e-11 6.697098883049000469e-12 5.403764527695237745e-12 5.021317315105154365e-12 1.065650324443787675e-12
2.678611820903271053e-10 1.689728929526804306e-10 1.121663038889062682e-10 1.002528487726404772e-10 4.507332896721860774e-11 5.223319990828566056e-11 2.932221629391593647e-11 2.983496217922370172e-11 4.715908399081412993e-11 5.380437523222585468e-11 4.043518935150684673e-11 6.038704689414000282e-11 8.530897559192585506e-11 1.087787737785280274e-10 7.116193768138525057e-11 4.394542321347945920e-11 2.065635863716403044e-11 1.027287011674332112e-11 1.056780668796044202e-11 -4.472186224519889704e-13 1.311310125593716624e-12 6.576891756056049030e-12 4.547256120441223404e-12 7.729390199820030621e-12 -1.511551253756220973e-12 -9.630183331749354327e-13
2.020869527609144451e-10 1.508600717743681342e-10 7.165122345255734487e-11 8.602956348619893982e-11 5.945577481191901140e-11 4.507795854121546496e-11 1.995364443434926614e-11 3.006358146382900768e-11 2.994319220992628673e-11 4.221946491341151419e-11 2.475024771260954385e-11 4.298982603294809146e-11 5.840588341489716445e-11 7.116193768138525057e-11 1.004381953887572871e-10 6.242239878196945747e-11 3.148432658044185145e-11 1.673061114830730957e-11 1.362013582717926768e-11 5.187973406534063742e-12 9.328910991263242288e-12 9.930621675639611860e-12 1.292942601928473480e-13 3.356753709231184907e-12 -6.433064636861565510e-12 -2.770110239138062307e-12
1.584700709755545822e-10 1.176166336089567362e-10 6.740062081616584041e-11 5.133180486918748689e-11 4.436877071405880913e-11 3.571801762212330731e-11 1.490031133792347519e-11 2.690033592674449294e-11 3.654756884755219453e-11 3.905837358801488657e-11 1.817523078642033618e-11 2.468243788142701724e-11 4.012962482142846067e-11 4.394542321347945920e-11 6.242239878196945747e-11 8.530274917082757834e-11 4.999765086014515171e-11 2.919423477156012179e-11 1.767889377987210609e-11 6.105268049031449839e-12 1.336744691122187246e-11 1.173942098096199214e-11 -4.390302675878469357e-13 1.812776606099426609e-12 -5.242197549433295470e-12 -4.403444700805329345e-12
1.011244332398260409e-10 7.868456042251552259e-11 2.945057442087737416e-11 7.724611371081673757e-11 2.812382582911817981e-11 1.808388553721989097e-11 6.362498607141394349e-12 2.025312508161252679e-11 2.438531712076926167e-11 2.488076938335706516e-11 1.239915661828982597e-11 1.672594522210768009e-11 2.826289520943467537e-11 2.065635863716403044e-11 3.148432658044185145e-11 4.999765086014515171e-11 6.544527280867688136e-11 4.307578115166078874e-11 2.107595084481371343e-11 6.219565124894992426e-12 7.757043516413976161e-12 6.931300472758155588e-12 -7.423528373389065601e-13 2.067996496714539250e-12 -6.786834423821356485e-13 -1.637970617586049129e-12
9.870591583567073123e-11 1.074356743292876027e-10 5.183978382324212412e-11 5.972672809212103198e-11 2.304391106491104480e-11 1.665580474665254596e-11 3.537804549924080261e-12 1.172173477088368099e-11 3.082888311501465610e-11 2.682318929282954622e-11 7.497235387022381384e-12 9.762063982510772880e-12 1.870869454023919458e-11 1.027287011674332112e-11 1.673061114830730957e-11 2.919423477156012179e-11 4.307578115166078874e-11 7.149113127825363544e-11 4.697210425723051355e-11 2.361176336083665235e-11 1.440341953165541500e-11 1.170564257332923255e-11 2.251520554805959342e-12 4.349032372934990712e-12 4.335916462233411103e-12 -4.098991127200694561e-12
2.699211846143288513e-11 7.275067337116386526e-11 4.774790276412203062e-11 4.725536477828645706e-11 1.780296062213006603e-11 3.416608459306935252e-12 8.193889382177266823e-12 -1.158317573366740736e-13 2.302001313040489704e-11 1.901801455157536736e-11 1.835971102503022816e-12 1.032338697325023752e-11 1.025456220300428801e-11 1.056780668796044202e-11 1.362013582717926768e-11 1.767889377987210609e-11 2.107595084481371343e-11 4.697210425723051355e-11 6.938658295605308706e-11 3.981801860962898131e-11 1.812058376774553200e-11 1.147150903354338279e-11 7.375971847801584133e-12 8.188490325775675456e-12 7.034972710454294914e-12 -5.846660722241881019e-12
3.278590178314412394e-11 4.813833812668683853e-11 4.142232107185455581e-11 3.375365971380130416e-11 2.236658418955639745e-11 1.874710267259079960e-11 1.571722625215266153e-11 -2.131231132359836689e-14 2.107416846047889886e-12 1.445367425625277192e-11 -1.018454304835425660e-12 6.775011258320668490e-12 4.689119168136326741e-12 -4.472186224519889704e-13 5.187973406534063742e-12 6.105268049031449839e-12 6.219565124894992426e-12 2.361176336083665235e-11 3.981801860962898131e-11 5.736752014484116814e-11 3.747035004695375331e-11 2.377665070605699416e-11 1.330886706122736843e-11 4.927643261547878420e-12 3.646821134648155751e-12 -5.205840489129218487e-12
9.074036769130260026e-11 8.227361265394807527e-11 7.564864103948499078e-11 5.689031548906124211e-11 5.630934408175867386e-11 4.501517104049357443e-11 2.698185833442604230e-11 1.253309664137624636e-11 2.010490424617029202e-11 2.460590936600280268e-11 1.663990998821650191e-11 1.680193333697363322e-11 1.343125419375696999e-11 1.311310125593716624e-12 9.328910991263242288e-12 1.336744691122187246e-11 7.757043516413976161e-12 1.440341953165541500e-11 1.812058376774553200e-11 3.747035004695375331e-11 6.920831032362635568e-11 4.251642498937211526e-11 1.866887071157602048e-11 1.432272796574432347e-12 2.268224884311749253e-12 -7.276043973423407925e-12
1.045181220327163177e-10 1.662884569010313063e-11 2.687494655527976534e-11 4.882515159429430234e-11 3.258027225321987097e-11 1.952461831660507352e-11 2.838394057629593176e-12 6.124495517957867574e-12 1.760390532892410362e-11 1.266263942633191661e-11 1.440975531380744368e-11 1.457376762055525550e-11 1.006133945339723209e-11 6.576891756056049030e-12 9.930621675639611860e-12 1.173942098096199214e-11 6.931300472758155588e-12 1.170564257332923255e-11 1.147150903354338279e-11 2.377665070605699416e-11 4.251642498937211526e-11 6.007481429375683759e-11 2.472629561667147835e-11 4.868723997877877999e-12 -7.645982509021712125e-13 -4.814626048540866925e-12
1.675568267921909477e-11 2.988941457511850188e-11 1.624377964750987887e-11 3.447143254575884439e-11 1.767789992453493950e-11 1.397735467806351215e-11 8.691637543754868477e-12 -3.857382561384106225e-13 6.443911352189441388e-12 4.076587325274607576e-12 1.238400459703578855e-11 8.658671605087630514e-12 6.697098883049000469e-12 4.547256120441223404e-12 1.292942601928473480e-13 -4.390302675878469357e-13 -7.423528373389065601e-13 2.251520554805959342e-12 7.375971847801584133e-12 1.330886706122736843e-11 1.866887071157602048e-11 2.472629561667147835e-11 3.468276135083922916e-11 1.107406657176595274e-11 1.762959448362690366e-12 -3.671602245222080697e-12
1.915809739491960717e-11 2.640587567820011349e-11 1.028970348528914298e-11 2.478528481700990738e-11 -4.106190203727424080e-12 9.121403089099433740e-12 1.019210973607299644e-11 5.214536990917245872e-12 1.096474103588661227e-11 3.920710053586009497e-12 6.506930060010910198e-12 6.829818581380481140e-12 5.403764527695237745e-12 7.729390199820030621e-12 3.356753709231184907e-12 1.812776606099426609e-12 2.067996496714539250e-12 4.349032372934990712e-12 8.188490325775675456e-12 4.927643261547878420e-12 1.432272796574432347e-12 4.868723997877877999e-12 1.107406657176595274e-11 2.569765731165703050e-11 5.048700405725117265e-12 -1.330153341663159482e-12
-1.574411630491858399e-11 6.466359488955223028e-14 -8.766259059976665461e-12 6.864016548673316697e-12 8.507136229640021462e-12 1.886728559050342571e-13 1.064710974425286595e-11 7.592482871505870367e-12 1.243431665992706719e-11 9.184286131025438058e-12 6.496361228894633601e-12 4.420578359765533953e-12 5.021317315105154365e-12 -1.511551253756220973e-12 -6.433064636861565510e-12 -5.242197549433295470e-12 -6.786834423821356485e-13 4.335916462233411103e-12 7.034972710454294914e-12 3.646821134648155751e-12 2.268224884311749253e-12 -7.645982509021712125e-13 1.762959448362690366e-12 5.048700405725117265e-12 1.915980219516239622e-11 2.738592209647068215e-12
-8.649293430436192769e-12 5.905066735245894597e-12 -1.854771086053265394e-11 5.043819953255718450e-12 2.920122569776940641e-12 -9.455487726678679882e-12 1.689868967901011140e-12 2.612331980225108044e-12 -1.963334569331395978e-12 3.150267503110890005e-12 3.036095812742760510e-12 4.012443438167952970e-12 1.065650324443787675e-12 -9.630183331749354327e-13 -2.770110239138062307e-12 -4.403444700805329345e-12 -1.637970617586049129e-12 -4.098991127200694561e-12 -5.846660722241881019e-12 -5.205840489129218487e-12 -7.276043973423407925e-12 -4.814626048540866925e-12 -3.671602245222080697e-12 -1.330153341663159482e-12 2.738592209647068215e-12 1.393834248261979512e-11
