4.804990124210326660e-09 1.678584827751666451e-09 1.580672742652401459e-09 1.206956938622669372e-09 1.182693413948235705e-09 9.205709337360563243e-10 6.882503102501552495e-10 5.659075064186248978e-10 4.649705479612748976e-10 3.699911962267364863e-10 3.043230201074503487e-10 2.251982648782351964e-10 2.259327318892392129e-10 2.025057614534900702e-10 1.777435394686494956e-10 1.530375315545330150e-10 9.681707649403943715e-11 8.737069495099386397e-11 6.643317860097382732e-11 7.040921206230062303e-11 7.182275318825927315e-11 6.557807183311262124e-11 2.832353985267126852e-11 3.825941590570649389e-11 1.637432919831266354e-11 1.163948599303988930e-11
1.678584827751666451e-09 2.799486936303371443e-09 1.132190386334409165e-09 9.977563628080858534e-10 8.251284296523442182e-10 5.211875573877639607e-10 5.830091210643397509e-10 4.179407125272539218e-10 3.527024342979685289e-10 3.055660025967112048e-10 2.583207836181233651e-10 1.594768439557315574e-10 1.130545014662618916e-10 1.132415172227708588e-10 8.190674964311798083e-11 8.916374696943972533e-11 7.698920950947961562e-11 8.888204357799981132e-11 6.750296408718220443e-11 5.402932141959969145e-11 4.404480744188481389e-11 3.249714460086460128e-11 3.838263575976953828e-11 1.624482681177238412e-11 8.328431766876678147e-12 -4.021399307716229348e-12
1.580672742652401459e-09 1.132190386334409165e-09 2.105529683806233630e-09 9.559635525389487613e-10 8.273004813814479695e-10 6.400902347040247697e-10 5.157458397848491646e-10 4.259725612860999073e-10 3.364315311302771532e-10 2.853641639254558633e-10 2.399086236718716511e-10 1.837189154503134682e-10 1.267397938434430577e-10 1.254549333454304830e-10 1.033138444447894513e-10 1.113345024781504018e-10 9.344015199663309035e-11 7.015287319418797291e-11 4.914519077879465852e-11 4.437435841858153309e-11 3.448918320179895839e-11 3.057828817534539709e-11 3.996210268199864901e-11 4.909452103447063973e-11 1.111111284964791704e-11 1.097258110958940862e-11
1.206956938622669372e-09 9.977563628080858534e-10 9.559635525389487613e-10 1.501172885861413303e-09 7.265166554790568731e-10 5.293174374637752776e-10 4.576314576276353437e-10 3.379521947908499288e-10 2.802715436835958335e-10 2.589114616504912383e-10 2.169689725559056217e-10 1.648979025791375403e-10 1.568414825662849141e-10 1.231862817993419090e-10 9.007643939727265010e-11 1.010181367762307722e-10 4.943937745079543782e-11 5.477612282177851670e-11 3.422784098652558513e-11 7.880490812604552461e-12 1.279126669461114408e-11 1.348196589095040884e-11 7.283492505686507573e-12 -1.449811157508835929e-12 1.215251305707596916e-11 1.486481693551445302e-11
1.182693413948235705e-09 8.251284296523442182e-10 8.273004813814479695e-10 7.265166554790568731e-10 1.017101870983331415e-09 4.902976621414679022e-10 4.419126492634633321e-10 3.453671356268913634e-10 2.681687874306650403e-10 2.185691959101341958e-10 1.780139604935370792e-10 1.371050395857846408e-10 1.218879708723197646e-10 9.194154749095622708e-11 8.453182823318238245e-11 8.662333818592265432e-11 5.484249315479980709e-11 3.909585987064942550e-11 2.552354950708795875e-11 2.424112202160736311e-11 2.388350232402968230e-11 2.678291333876332990e-11 1.588406119520177685e-11 1.148233944474592183e-11 1.774528724314360516e-11 1.630490663109007759e-11
9.205709337360563243e-10 5.211875573877639607e-10 6.400902347040247697e-10 5.293174374637752776e-10 4.902976621414679022e-10 6.689287694399074105e-10 3.586399525588747451e-10 2.688302108820263019e-10 2.168945913238999469e-10 1.566551593093699004e-10 1.156812956407914229e-10 9.894642085513142629e-11 7.744176773725952573e-11 7.381776352733547731e-11 5.466849043365660069e-11 5.322918457964300214e-11 4.010359825384290370e-11 2.884044983220191047e-11 1.093778422135433825e-11 6.686660020761049256e-12 8.809222627858803446e-12 5.056309189190940769e-13 -4.424031041427268034e-12 6.794551762949493671e-12 1.183208151988935655e-11 1.346636459452534532e-11
6.882503102501552495e-10 5.830091210643397509e-10 5.157458397848491646e-10 4.576314576276353437e-10 4.419126492634633321e-10 3.586399525588747451e-10 5.124054547194738036e-10 2.600582781371287928e-10 2.149008592650766583e-10 1.752482734106261245e-10 1.140166565544042018e-10 8.455221595585058653e-11 7.637909409024180462e-11 6.577458453555798996e-11 4.861987702567968248e-11 4.613132047120851471e-11 3.518277433627091060e-11 3.565795630548870116e-11 2.881592513578523601e-11 1.672483862789247820e-11 1.592915406274909381e-11 1.536916151262674723e-12 1.069582087032386849e-11 1.559119456332662701e-11 6.126679508561714367e-12 1.352728624139243899e-11
5.659075064186248978e-10 4.179407125272539218e-10 4.259725612860999073e-10 3.379521947908499288e-10 3.453671356268913634e-10 2.688302108820263019e-10 2.600582781371287928e-10 3.296116537828418228e-10 1.909286932409784906e-10 1.356206710649962842e-10 1.026392189520805632e-10 7.639878800985990314e-11 6.874961387183362949e-11 4.638684300478503385e-11 3.382836929302138088e-11 4.050246815696944309e-11 3.432168354204302824e-11 2.925035751289591897e-11 1.898390938072996177e-11 1.724271435919239497e-11 1.490083361394039215e-11 3.038558361291911796e-12 8.512183336425657672e-12 1.047211256838559015e-11 5.825644726779501884e-12 1.271416053682632311e-11
4.649705479612748976e-10 3.527024342979685289e-10 3.364315311302771532e-10 2.802715436835958335e-10 2.681687874306650403e-10 2.168945913238999469e-10 2.149008592650766583e-10 1.909286932409784906e-10 2.675082967794660309e-10 1.527391189822156647e-10 9.173951641899107489e-11 7.255182005583193973e-11 6.425014122555181773e-11 4.653696392367348613e-11 4.399779738116763545e-11 4.490708250691410139e-11 3.150862324748346591e-11 2.113950617499659522e-11 9.900964750589174503e-12 1.225420611252772421e-11 1.472481084586964994e-11 3.544960746114865445e-12 5.216426395820590145e-12 8.317007436471753162e-12 9.158349974688334292e-12 6.648309377174985809e-12
3.699911962267364863e-10 3.055660025967112048e-10 2.853641639254558633e-10 2.589114616504912383e-10 2.185691959101341958e-10 1.566551593093699004e-10 1.752482734106261245e-10 1.356206710649962842e-10 1.527391189822156647e-10 1.913818598616705895e-10 1.046662400518895824e-10 6.858167913711036012e-11 6.084754209861090672e-11 5.532432053357569946e-11 4.947875371004014490e-11 4.571921471272126932e-11 4.114054792010498913e-11 3.749853462081116021e-11 1.890733777402537890e-11 1.290853753872422896e-11 1.090082774548019024e-11 6.395994619062890894e-12 8.126232297056350072e-12 6.392993953180990560e-12 6.799699464322235156e-12 5.626543217071496263e-12
3.043230201074503487e-10 2.583207836181233651e-10 2.399086236718716511e-10 2.169689725559056217e-10 1.780139604935370792e-10 1.156812956407914229e-10 1.140166565544042018e-10 1.026392189520805632e-10 9.173951641899107489e-11 1.046662400518895824e-10 1.342006213273774868e-10 6.933503132047301824e-11 6.142486738826149758e-11 4.733060520479898532e-11 4.452505982770862312e-11 3.398269948217450286e-11 2.724109056257626553e-11 2.103594766360591030e-11 1.157296209949660162e-11 9.530151418598228867e-12 9.074788712497854916e-12 3.194381894213331052e-12 6.088761872698283582e-13 2.649635204092413136e-12 3.411988576869876782e-12 5.745445000928076716e-12
2.251982648782351964e-10 1.594768439557315574e-10 1.837189154503134682e-10 1.648979025791375403e-10 1.371050395857846408e-10 9.894642085513142629e-11 8.455221595585058653e-11 7.639878800985990314e-11 7.255182005583193973e-11 6.858167913711036012e-11 6.933503132047301824e-11 9.254216831323717656e-11 5.695669629980764711e-11 4.273499490408798661e-11 3.762914255774805338e-11 3.016908004984593898e-11 2.432879747827644913e-11 2.144247368722020063e-11 1.561841718493467664e-11 7.746933604300857385e-12 3.591434091648797581e-12 -7.497679807374512366e-13 -4.973191922838706344e-12 1.212466193126550586e-12 5.918440632809667961e-13 1.780266898834612452e-12
2.259327318892392129e-10 1.130545014662618916e-10 1.267397938434430577e-10 1.568414825662849141e-10 1.218879708723197646e-10 7.744176773725952573e-11 7.637909409024180462e-11 6.874961387183362949e-11 6.425014122555181773e-11 6.084754209861090672e-11 6.142486738826149758e-11 5.695669629980764711e-11 9.204807984480775783e-11 5.447300584505930389e-11 4.401469663265797139e-11 3.345320802990470066e-11 2.189996217599098334e-11 1.874262344817846623e-11 1.160347029110898840e-11 1.164347171246909871e-11 1.176080622073864265e-11 8.909328669654604600e-12 1.458320401915611831e-13 3.014354394137770282e-12 3.325667764193273273e-12 7.137035259411236246e-12
2.025057614534900702e-10 1.132415172227708588e-10 1.254549333454304830e-10 1.231862817993419090e-10 9.194154749095622708e-11 7.381776352733547731e-11 6.577458453555798996e-11 4.638684300478503385e-11 4.653696392367348613e-11 5.532432053357569946e-11 4.733060520479898532e-11 4.273499490408798661e-11 5.447300584505930389e-11 7.109416170842949251e-11 4.797457937541674533e-11 3.600360341821362946e-11 3.055154829308769029e-11 2.457773238316849365e-11 1.552675056450331328e-11 1.564228998394979854e-11 1.279974656924139829e-11 1.373887595140369622e-11 3.404453956717669016e-12 6.299007059824037757e-12 1.614683443253242207e-12 2.819047293974355416e-12
1.777435394686494956e-10 8.190674964311798083e-11 1.033138444447894513e-10 9.007643939727265010e-11 8.453182823318238245e-11 5.466849043365660069e-11 4.861987702567968248e-11 3.382836929302138088e-11 4.399779738116763545e-11 4.947875371004014490e-11 4.452505982770862312e-11 3.762914255774805338e-11 4.401469663265797139e-11 4.797457937541674533e-11 6.673916175606146597e-11 4.587545901176420460e-11 3.389809439407902090e-11 2.231868158491680591e-11 1.408596765023287746e-11 1.015478172204942763e-11 9.383538404706612152e-12 6.835318256360557054e-12 -8.221368754163153798e-13 1.915064989374484742e-12 2.252708370304060394e-12 1.767633621476231678e-12
1.530375315545330150e-10 8.916374696943972533e-11 1.113345024781504018e-10 1.010181367762307722e-10 8.662333818592265432e-11 5.322918457964300214e-11 4.613132047120851471e-11 4.050246815696944309e-11 4.490708250691410139e-11 4.571921471272126932e-11 3.398269948217450286e-11 3.016908004984593898e-11 3.345320802990470066e-11 3.600360341821362946e-11 4.587545901176420460e-11 6.121688358539643044e-11 4.568317652925899307e-11 2.822799148746908899e-11 1.660174153179803439e-11 9.554008541478633293e-12 9.638853985868864203e-12 6.805951168372628898e-12 -3.360344022369514356e-13 2.873351308243896063e-12 2.522210456943806296e-12 4.182697745107691414e-12
9.681707649403943715e-11 7.698920950947961562e-11 9.344015199663309035e-11 4.943937745079543782e-11 5.484249315479980709e-11 4.010359825384290370e-11 3.518277433627091060e-11 3.432168354204302824e-11 3.150862324748346591e-11 4.114054792010498913e-11 2.724109056257626553e-11 2.432879747827644913e-11 2.189996217599098334e-11 3.055154829308769029e-11 3.389809439407902090e-11 4.568317652925899307e-11 6.249530809628357436e-11 4.334271498489906108e-11 2.649798157647490286e-11 1.427004031129230644e-11 1.189092005833745068e-11 6.084158734624961192e-12 -5.380411657750180332e-13 2.876417391633010841e-12 2.731977950439904853e-12 2.842222148076191162e-12
8.737069495099386397e-11 8.888204357799981132e-11 7.015287319418797291e-11 5.477612282177851670e-11 3.909585987064942550e-11 2.884044983220191047e-11 3.565795630548870116e-11 2.925035751289591897e-11 2.113950617499659522e-11 3.749853462081116021e-11 2.103594766360591030e-11 2.144247368722020063e-11 1.874262344817846623e-11 2.457773238316849365e-11 2.231868158491680591e-11 2.822799148746908899e-11 4.334271498489906108e-11 6.142631242122355982e-11 3.884481502632585584e-11 2.095927266419895560e-11 1.616225197681221141e-11 3.452075260680924477e-12 -8.489401869091826354e-13 3.405284649728455411e-12 -5.603636744765458794e-13 7.159851477648971872e-13
6.643317860097382732e-11 6.750296408718220443e-11 4.914519077879465852e-11 3.422784098652558513e-11 2.552354950708795875e-11 1.093778422135433825e-11 2.881592513578523601e-11 1.898390938072996177e-11 9.900964750589174503e-12 1.890733777402537890e-11 1.157296209949660162e-11 1.561841718493467664e-11 1.160347029110898840e-11 1.552675056450331328e-11 1.408596765023287746e-11 1.660174153179803439e-11 2.649798157647490286e-11 3.884481502632585584e-11 5.092710164025343212e-11 3.491788641013237635e-11 1.857894801067135911e-11 7.906179249990831254e-12 1.618150158236733761e-12 5.006744969902986347e-12 1.400719405460373280e-12 1.081104299865680455e-12
7.040921206230062303e-11 5.402932141959969145e-11 4.437435841858153309e-11 7.880490812604552461e-12 2.424112202160736311e-11 6.686660020761049256e-12 1.672483862789247820e-11 1.724271435919239497e-11 1.225420611252772421e-11 1.290853753872422896e-11 9.530151418598228867e-12 7.746933604300857385e-12 1.164347171246909871e-11 1.564228998394979854e-11 1.015478172204942763e-11 9.554008541478633293e-12 1.427004031129230644e-11 2.095927266419895560e-11 3.491788641013237635e-11 5.725584813529517185e-11 3.831137321376285639e-11 2.039193795851582690e-11 6.642714821097554967e-12 7.329611974529911234e-12 1.520719538237113187e-12 -2.354426244401239284e-12
7.182275318825927315e-11 4.404480744188481389e-11 3.448918320179895839e-11 1.279126669461114408e-11 2.388350232402968230e-11 8.809222627858803446e-12 1.592915406274909381e-11 1.490083361394039215e-11 1.472481084586964994e-11 1.090082774548019024e-11 9.074788712497854916e-12 3.591434091648797581e-12 1.176080622073864265e-11 1.279974656924139829e-11 9.383538404706612152e-12 9.638853985868864203e-12 1.189092005833745068e-11 1.616225197681221141e-11 1.857894801067135911e-11 3.831137321376285639e-11 5.584624570902757193e-11 3.437350684716357184e-11 1.617225048189412889e-11 9.189867107964625093e-12 2.837533404089874047e-12 3.233219468729835379e-14
6.557807183311262124e-11 3.249714460086460128e-11 3.057828817534539709e-11 1.348196589095040884e-11 2.678291333876332990e-11 5.056309189190940769e-13 1.536916151262674723e-12 3.038558361291911796e-12 3.544960746114865445e-12 6.395994619062890894e-12 3.194381894213331052e-12 -7.497679807374512366e-13 8.909328669654604600e-12 1.373887595140369622e-11 6.835318256360557054e-12 6.805951168372628898e-12 6.084158734624961192e-12 3.452075260680924477e-12 7.906179249990831254e-12 2.039193795851582690e-11 3.437350684716357184e-11 5.433308347380974379e-11 3.160248054078688008e-11 1.160977956603918190e-11 4.665291650697555947e-12 3.204731085683810399e-13
2.832353985267126852e-11 3.838263575976953828e-11 3.996210268199864901e-11 7.283492505686507573e-12 1.588406119520177685e-11 -4.424031041427268034e-12 1.069582087032386849e-11 8.512183336425657672e-12 5.216426395820590145e-12 8.126232297056350072e-12 6.088761872698283582e-13 -4.973191922838706344e-12 1.458320401915611831e-13 3.404453956717669016e-12 -8.221368754163153798e-13 -3.360344022369514356e-13 -5.380411657750180332e-13 -8.489401869091826354e-13 1.618150158236733761e-12 6.642714821097554967e-12 1.617225048189412889e-11 3.160248054078688008e-11 4.357445634760615871e-11 1.828268864948329964e-11 3.180355011690420341e-12 2.243673984484941763e-12
3.825941590570649389e-11 1.624482681177238412e-11 4.909452103447063973e-11 -1.449811157508835929e-12 1.148233944474592183e-11 6.794551762949493671e-12 1.559119456332662701e-11 1.047211256838559015e-11 8.317007436471753162e-12 6.392993953180990560e-12 2.649635204092413136e-12 1.212466193126550586e-12 3.014354394137770282e-12 6.299007059824037757e-12 1.915064989374484742e-12 2.873351308243896063e-12 2.876417391633010841e-12 3.405284649728455411e-12 5.006744969902986347e-12 7.329611974529911234e-12 9.189867107964625093e-12 1.160977956603918190e-11 1.828268864948329964e-11 2.785103052444879623e-11 6.347582672699627508e-12 9.319250481669219389e-13
1.637432919831266354e-11 8.328431766876678147e-12 1.111111284964791704e-11 1.215251305707596916e-11 1.774528724314360516e-11 1.183208151988935655e-11 6.126679508561714367e-12 5.825644726779501884e-12 9.158349974688334292e-12 6.799699464322235156e-12 3.411988576869876782e-12 5.918440632809667961e-13 3.325667764193273273e-12 1.614683443253242207e-12 2.252708370304060394e-12 2.522210456943806296e-12 2.731977950439904853e-12 -5.603636744765458794e-13 1.400719405460373280e-12 1.520719538237113187e-12 2.837533404089874047e-12 4.665291650697555947e-12 3.180355011690420341e-12 6.347582672699627508e-12 1.687276990644319590e-11 6.007785114816371678e-12
1.163948599303988930e-11 -4.021399307716229348e-12 1.097258110958940862e-11 1.486481693551445302e-11 1.630490663109007759e-11 1.346636459452534532e-11 1.352728624139243899e-11 1.271416053682632311e-11 6.648309377174985809e-12 5.626543217071496263e-12 5.745445000928076716e-12 1.780266898834612452e-12 7.137035259411236246e-12 2.819047293974355416e-12 1.767633621476231678e-12 4.182697745107691414e-12 2.842222148076191162e-12 7.159851477648971872e-13 1.081104299865680455e-12 -2.354426244401239284e-12 3.233219468729835379e-14 3.204731085683810399e-13 2.243673984484941763e-12 9.319250481669219389e-13 6.007785114816371678e-12 1.663204295202037892e-11
