3.055213759048781626e-09 3.087489425400942072e-11 -1.717543456035436444e-11 4.255387019546775062e-11 -1.266848459637037266e-11 7.538748535573341667e-11 8.141919275482201355e-13 -4.101266825337018077e-12 -1.170406333966711548e-11 1.118571655496533232e-11 -1.129087767400044666e-11 -5.599466051119194666e-12 -4.244672060138870200e-12 -1.178150136350629653e-11 1.654005033483175988e-11 -2.567796967642718110e-11 -1.158439781851239676e-11 -1.709906263205376848e-11 -4.816366170357429483e-11 -4.124164935729403835e-12 1.453607424968682763e-11 9.478027963947756095e-12 -4.029149438831290782e-12 1.549700638093662956e-11 1.319827921493464955e-11 3.127032857540989918e-12
3.087489425400942072e-11 1.961628431507303209e-09 -1.559358209859044009e-11 2.050715978616651327e-11 -1.167026136750279486e-10 -3.698204457340226149e-11 2.636562909460576993e-11 -1.170192107638012066e-11 1.652123281713785244e-13 -3.398830082762081934e-11 1.935719700977471801e-12 1.698566498765467570e-12 -1.839726181304697938e-11 -9.202556534063417498e-12 2.258979344217328973e-11 2.835081865675114785e-11 4.462064588661296528e-11 1.461209709697410935e-11 -2.921250948834290108e-12 -1.987575556663580167e-11 -2.182165667906557195e-12 -1.679844684314534447e-12 -2.957391157472582481e-12 -1.524701611500597070e-12 -6.043495597800114909e-12 -6.813726989571935332e-13
-1.717543456035436444e-11 -1.559358209859044009e-11 1.143948537574027612e-09 1.582222431538493964e-10 1.346974159114797243e-10 1.404764636852687727e-11 3.419078154229213792e-11 -5.274878232335010371e-11 -5.557720236347840811e-12 4.833614883184690382e-11 2.376319548995017257e-11 -3.140801170403411193e-11 -9.801585459463696082e-12 4.984709181780841748e-12 -5.089898814872171104e-12 -4.787246586243850582e-12 -3.740527621798807655e-12 -1.234685049438827013e-11 -1.287430850389921212e-11 1.973275016135137086e-12 -5.160747591310737493e-12 -4.291623103326445861e-12 -7.016764208570346517e-12 -1.072657069684930055e-11 2.643404450777924157e-12 -3.668542343499858823e-13
4.255387019546775062e-11 2.050715978616651327e-11 1.582222431538493964e-10 8.508001146147223221e-10 3.956875386084828794e-11 5.433111185746973191e-12 -1.371243349932080188e-11 -3.943369114104246077e-11 -1.959390575740166830e-11 1.308454231928538965e-11 2.500019484980667349e-12 -2.366530811540467500e-11 -5.728063845877834609e-12 6.598671117241833086e-12 1.524466748283693133e-12 8.033720272589295175e-12 2.191286487770896489e-13 -1.196161267870902242e-12 1.431962623238977662e-11 1.729475486035619703e-11 1.583069855165568233e-11 9.848337233944028539e-12 -2.231970113201687352e-12 -1.823123002592897923e-12 -3.686044341288809912e-12 2.544296030890713116e-12
-1.266848459637037266e-11 -1.167026136750279486e-10 1.346974159114797243e-10 3.956875386084828794e-11 5.532980615547917205e-10 4.206417635653280440e-11 1.364490386443629164e-11 -1.685649610726727977e-11 1.242425009372352977e-11 -1.358100609471643137e-11 1.091953974451865576e-11 -1.016113155598237621e-11 -9.919423051320669274e-12 -1.944326848515732570e-11 -1.046110435228700052e-11 -5.824774654860020412e-12 1.707346944326763236e-12 -9.183459023327111192e-12 -1.839610618534803620e-12 1.441666779673038944e-12 -2.800983899399134343e-12 -1.822671362926546837e-12 9.821755326492642642e-13 -7.539499692921693686e-12 -5.269928888897613841e-13 -1.927970030518649282e-12
7.538748535573341667e-11 -3.698204457340226149e-11 1.404764636852687727e-11 5.433111185746973191e-12 4.206417635653280440e-11 3.353437538010796429e-10 6.312061260178103200e-11 2.362032999282082978e-11 2.231346084358911974e-13 2.966664240630157487e-13 -6.170027064218042454e-12 -9.624924246189681949e-12 -5.556968374407387463e-12 1.013341745082047269e-11 -5.871041335655908622e-12 -8.039055326632318563e-12 -1.129288162922549784e-11 -1.106102213563171815e-11 -2.700959875646069420e-12 1.101476202522037514e-11 9.133082541062575159e-13 1.263053808637958076e-12 -5.616992998043200858e-12 7.460887404334633450e-13 1.004999056758839184e-12 1.448962516601226660e-12
8.141919275482201355e-13 2.636562909460576993e-11 3.419078154229213792e-11 -1.371243349932080188e-11 1.364490386443629164e-11 6.312061260178103200e-11 2.604475071833183245e-10 2.160814108655664764e-11 8.316115342377517783e-12 -9.378787573305003203e-12 1.029497113456674965e-11 9.560119329688943454e-12 6.970488850298352759e-12 4.197558958970529323e-12 -6.976803623019923071e-12 -5.462771085274196294e-12 -7.450409719573443756e-12 -7.832498618390927891e-12 -3.540846573924410592e-12 -3.038612585350569556e-12 -4.648668794830111817e-12 -1.760186274417409450e-12 -3.424737250068600489e-12 -2.560256257300540681e-12 -1.531045731487538346e-12 -2.435509000215902841e-12
-4.101266825337018077e-12 -1.170192107638012066e-11 -5.274878232335010371e-11 -3.943369114104246077e-11 -1.685649610726727977e-11 2.362032999282082978e-11 2.160814108655664764e-11 1.768183055520564509e-10 1.923959870199058812e-11 1.381121334254228297e-11 2.177569411783742009e-11 9.047873786851197638e-12 8.898467304390345318e-12 1.310982009055640371e-11 -8.044376042219022616e-13 -2.269191096195000460e-12 1.514222078281998337e-13 1.026706302837195714e-11 7.297009739728372542e-12 3.676008527107534387e-12 6.448081675940074290e-13 2.019027259215499003e-12 2.687116120095977090e-12 3.601143318768159844e-12 6.132530231194350348e-13 -1.181630952964094115e-12
-1.170406333966711548e-11 1.652123281713785244e-13 -5.557720236347840811e-12 -1.959390575740166830e-11 1.242425009372352977e-11 2.231346084358911974e-13 8.316115342377517783e-12 1.923959870199058812e-11 1.319144873233313293e-10 3.067918214989528307e-11 4.695550244773854980e-12 6.861591395387878848e-12 7.875733960709097702e-12 4.619291112465551680e-12 6.037807286663272022e-13 3.645933152199543321e-12 3.347154903667192086e-12 -8.630443870756078119e-13 -7.723802885585265822e-13 1.718818624404649229e-12 1.456935973342265680e-13 1.543895594965087976e-13 3.837611484661156823e-12 -2.093579861399455554e-12 -7.349385009917195178e-13 1.234478853432562201e-12
1.118571655496533232e-11 -3.398830082762081934e-11 4.833614883184690382e-11 1.308454231928538965e-11 -1.358100609471643137e-11 2.966664240630157487e-13 -9.378787573305003203e-12 1.381121334254228297e-11 3.067918214989528307e-11 9.043568384422960221e-11 1.755885760965183257e-11 1.115657149691724654e-11 7.833013481602107272e-12 8.731510518169044477e-12 4.202156649868398335e-12 5.239232729453765025e-12 5.229186321361125610e-12 1.890698200368828225e-12 9.915673235376382350e-13 2.292474711044612991e-12 -2.235395920167722405e-13 2.632304008185163691e-12 1.686775613165691066e-12 6.712514535187961561e-13 -1.099705611213348081e-12 -1.069757190336522146e-12
-1.129087767400044666e-11 1.935719700977471801e-12 2.376319548995017257e-11 2.500019484980667349e-12 1.091953974451865576e-11 -6.170027064218042454e-12 1.029497113456674965e-11 2.177569411783742009e-11 4.695550244773854980e-12 1.755885760965183257e-11 8.144459267991046839e-11 2.633577187571135195e-11 1.092734781591465633e-11 1.149396629345135531e-12 -1.131325821950867667e-12 1.365306165711093299e-12 5.916448480304247843e-12 4.729956147497591210e-12 4.309878286122585579e-12 8.804544812162136418e-13 -8.614343283995702150e-13 -2.473989647935903303e-13 -1.415379484305920098e-12 -2.869881122577830311e-12 -2.489265334736031003e-12 -3.134143726829410638e-13
-5.599466051119194666e-12 1.698566498765467570e-12 -3.140801170403411193e-11 -2.366530811540467500e-11 -1.016113155598237621e-11 -9.624924246189681949e-12 9.560119329688943454e-12 9.047873786851197638e-12 6.861591395387878848e-12 1.115657149691724654e-11 2.633577187571135195e-11 5.468561366350053126e-11 2.328615822990538055e-11 1.331109966524066092e-11 6.807328728119277396e-12 6.503820392801500581e-12 1.012439378291739679e-11 5.907321876402826211e-12 2.830773720312511451e-12 2.535489816644876060e-12 5.761158484471835257e-14 9.794405128808030209e-15 -1.594863512381168053e-12 -1.937995934484673120e-12 -2.011457369981568827e-12 -4.835781466712228504e-13
-4.244672060138870200e-12 -1.839726181304697938e-11 -9.801585459463696082e-12 -5.728063845877834609e-12 -9.919423051320669274e-12 -5.556968374407387463e-12 6.970488850298352759e-12 8.898467304390345318e-12 7.875733960709097702e-12 7.833013481602107272e-12 1.092734781591465633e-11 2.328615822990538055e-11 4.924382761149692723e-11 2.272991051644238149e-11 1.040559742300103741e-11 6.450988395894432459e-12 6.410516610296368326e-12 2.097218554703212239e-12 1.458947342278374241e-12 6.907215436634269376e-13 -2.978164535718598796e-12 1.231209068813987377e-12 1.069695247950371509e-13 -1.247864149517085121e-12 -1.109695556525015205e-12 -4.361767757917493949e-13
-1.178150136350629653e-11 -9.202556534063417498e-12 4.984709181780841748e-12 6.598671117241833086e-12 -1.944326848515732570e-11 1.013341745082047269e-11 4.197558958970529323e-12 1.310982009055640371e-11 4.619291112465551680e-12 8.731510518169044477e-12 1.149396629345135531e-12 1.331109966524066092e-11 2.272991051644238149e-11 3.946273567070075003e-11 1.545089722147901438e-11 8.427197722169028251e-12 7.351633366017669333e-12 8.995577027618624229e-12 5.087339339280724808e-12 2.999121594845828680e-12 -2.512483756958058689e-12 -4.038064453654799900e-13 -1.368807412042085880e-12 -2.038161725489131583e-12 -1.696784284740553918e-13 1.471919763134477082e-13
1.654005033483175988e-11 2.258979344217328973e-11 -5.089898814872171104e-12 1.524466748283693133e-12 -1.046110435228700052e-11 -5.871041335655908622e-12 -6.976803623019923071e-12 -8.044376042219022616e-13 6.037807286663272022e-13 4.202156649868398335e-12 -1.131325821950867667e-12 6.807328728119277396e-12 1.040559742300103741e-11 1.545089722147901438e-11 3.076880459825099985e-11 1.735025021533967270e-11 1.022153322519227608e-11 8.112108732609985628e-12 3.900694526407384198e-12 4.526714927126949462e-13 9.527770586467067740e-13 1.268494097672622661e-12 -3.047994409777082723e-13 -5.429819990139329744e-13 3.248533719923860891e-13 2.943731682584880061e-13
-2.567796967642718110e-11 2.835081865675114785e-11 -4.787246586243850582e-12 8.033720272589295175e-12 -5.824774654860020412e-12 -8.039055326632318563e-12 -5.462771085274196294e-12 -2.269191096195000460e-12 3.645933152199543321e-12 5.239232729453765025e-12 1.365306165711093299e-12 6.503820392801500581e-12 6.450988395894432459e-12 8.427197722169028251e-12 1.735025021533967270e-11 3.242804417207608214e-11 1.871056099282517427e-11 6.846078395430572438e-12 3.117349611012556006e-12 8.968563012584169290e-13 9.631377281449420753e-13 7.812450844193069904e-13 7.463760261255748345e-13 2.641148779742801711e-13 3.980285881700661409e-13 2.631500448465149109e-13
-1.158439781851239676e-11 4.462064588661296528e-11 -3.740527621798807655e-12 2.191286487770896489e-13 1.707346944326763236e-12 -1.129288162922549784e-11 -7.450409719573443756e-12 1.514222078281998337e-13 3.347154903667192086e-12 5.229186321361125610e-12 5.916448480304247843e-12 1.012439378291739679e-11 6.410516610296368326e-12 7.351633366017669333e-12 1.022153322519227608e-11 1.871056099282517427e-11 3.327457108920555542e-11 1.396171557047284079e-11 5.494258195423333493e-12 1.346679274953788209e-12 1.438170065491828018e-12 -3.187354072011968036e-13 9.554208095513885612e-14 -6.878641518966086525e-13 -1.896756504037811364e-13 1.216244273757974900e-12
-1.709906263205376848e-11 1.461209709697410935e-11 -1.234685049438827013e-11 -1.196161267870902242e-12 -9.183459023327111192e-12 -1.106102213563171815e-11 -7.832498618390927891e-12 1.026706302837195714e-11 -8.630443870756078119e-13 1.890698200368828225e-12 4.729956147497591210e-12 5.907321876402826211e-12 2.097218554703212239e-12 8.995577027618624229e-12 8.112108732609985628e-12 6.846078395430572438e-12 1.396171557047284079e-11 2.721089531139035662e-11 1.293251107198905975e-11 5.325277158733903703e-12 -7.240891015664284352e-13 1.406150299048704871e-14 -2.773246322964734140e-13 7.046837494822664491e-13 -2.786789118984325545e-13 1.151541969452602117e-13
-4.816366170357429483e-11 -2.921250948834290108e-12 -1.287430850389921212e-11 1.431962623238977662e-11 -1.839610618534803620e-12 -2.700959875646069420e-12 -3.540846573924410592e-12 7.297009739728372542e-12 -7.723802885585265822e-13 9.915673235376382350e-13 4.309878286122585579e-12 2.830773720312511451e-12 1.458947342278374241e-12 5.087339339280724808e-12 3.900694526407384198e-12 3.117349611012556006e-12 5.494258195423333493e-12 1.293251107198905975e-11 1.886308449165754123e-11 8.487849040925895206e-12 6.447085041807013036e-13 2.665649971926578367e-13 8.126798408945782176e-13 2.333204202999343669e-13 2.699079896162597652e-14 1.025886750635803134e-12
-4.124164935729403835e-12 -1.987575556663580167e-11 1.973275016135137086e-12 1.729475486035619703e-11 1.441666779673038944e-12 1.101476202522037514e-11 -3.038612585350569556e-12 3.676008527107534387e-12 1.718818624404649229e-12 2.292474711044612991e-12 8.804544812162136418e-13 2.535489816644876060e-12 6.907215436634269376e-13 2.999121594845828680e-12 4.526714927126949462e-13 8.968563012584169290e-13 1.346679274953788209e-12 5.325277158733903703e-12 8.487849040925895206e-12 1.868127941397309579e-11 7.838039905779326697e-12 2.143469141948575578e-12 2.632156378950804732e-12 2.116027651417922954e-12 1.426577078663010504e-12 8.762199313271877420e-13
1.453607424968682763e-11 -2.182165667906557195e-12 -5.160747591310737493e-12 1.583069855165568233e-11 -2.800983899399134343e-12 9.133082541062575159e-13 -4.648668794830111817e-12 6.448081675940074290e-13 1.456935973342265680e-13 -2.235395920167722405e-13 -8.614343283995702150e-13 5.761158484471835257e-14 -2.978164535718598796e-12 -2.512483756958058689e-12 9.527770586467067740e-13 9.631377281449420753e-13 1.438170065491828018e-12 -7.240891015664284352e-13 6.447085041807013036e-13 7.838039905779326697e-12 1.686313632101380762e-11 5.684715805182309190e-12 3.616412154515330936e-12 1.819817620426436863e-12 1.004659332945198724e-12 2.730175318551035909e-13
9.478027963947756095e-12 -1.679844684314534447e-12 -4.291623103326445861e-12 9.848337233944028539e-12 -1.822671362926546837e-12 1.263053808637958076e-12 -1.760186274417409450e-12 2.019027259215499003e-12 1.543895594965087976e-13 2.632304008185163691e-12 -2.473989647935903303e-13 9.794405128808030209e-15 1.231209068813987377e-12 -4.038064453654799900e-13 1.268494097672622661e-12 7.812450844193069904e-13 -3.187354072011968036e-13 1.406150299048704871e-14 2.665649971926578367e-13 2.143469141948575578e-12 5.684715805182309190e-12 1.112276171921153703e-11 4.566403765805745490e-12 6.999118353755429491e-13 3.432989628404291681e-13 2.209855732926446348e-13
-4.029149438831290782e-12 -2.957391157472582481e-12 -7.016764208570346517e-12 -2.231970113201687352e-12 9.821755326492642642e-13 -5.616992998043200858e-12 -3.424737250068600489e-12 2.687116120095977090e-12 3.837611484661156823e-12 1.686775613165691066e-12 -1.415379484305920098e-12 -1.594863512381168053e-12 1.069695247950371509e-13 -1.368807412042085880e-12 -3.047994409777082723e-13 7.463760261255748345e-13 9.554208095513885612e-14 -2.773246322964734140e-13 8.126798408945782176e-13 2.632156378950804732e-12 3.616412154515330936e-12 4.566403765805745490e-12 9.202181087050540928e-12 2.635180727291363503e-12 3.115758759465286415e-13 -9.814386326633532365e-14
1.549700638093662956e-11 -1.524701611500597070e-12 -1.072657069684930055e-11 -1.823123002592897923e-12 -7.539499692921693686e-12 7.460887404334633450e-13 -2.560256257300540681e-12 3.601143318768159844e-12 -2.093579861399455554e-12 6.712514535187961561e-13 -2.869881122577830311e-12 -1.937995934484673120e-12 -1.247864149517085121e-12 -2.038161725489131583e-12 -5.429819990139329744e-13 2.641148779742801711e-13 -6.878641518966086525e-13 7.046837494822664491e-13 2.333204202999343669e-13 2.116027651417922954e-12 1.819817620426436863e-12 6.999118353755429491e-13 2.635180727291363503e-12 6.725545403171015785e-12 1.729144169589402150e-12 2.652508453597966051e-13
1.319827921493464955e-11 -6.043495597800114909e-12 2.643404450777924157e-12 -3.686044341288809912e-12 -5.269928888897613841e-13 1.004999056758839184e-12 -1.531045731487538346e-12 6.132530231194350348e-13 -7.349385009917195178e-13 -1.099705611213348081e-12 -2.489265334736031003e-12 -2.011457369981568827e-12 -1.109695556525015205e-12 -1.696784284740553918e-13 3.248533719923860891e-13 3.980285881700661409e-13 -1.896756504037811364e-13 -2.786789118984325545e-13 2.699079896162597652e-14 1.426577078663010504e-12 1.004659332945198724e-12 3.432989628404291681e-13 3.115758759465286415e-13 1.729144169589402150e-12 4.721285014553046850e-12 1.248494002170351838e-12
3.127032857540989918e-12 -6.813726989571935332e-13 -3.668542343499858823e-13 2.544296030890713116e-12 -1.927970030518649282e-12 1.448962516601226660e-12 -2.435509000215902841e-12 -1.181630952964094115e-12 1.234478853432562201e-12 -1.069757190336522146e-12 -3.134143726829410638e-13 -4.835781466712228504e-13 -4.361767757917493949e-13 1.471919763134477082e-13 2.943731682584880061e-13 2.631500448465149109e-13 1.216244273757974900e-12 1.151541969452602117e-13 1.025886750635803134e-12 8.762199313271877420e-13 2.730175318551035909e-13 2.209855732926446348e-13 -9.814386326633532365e-14 2.652508453597966051e-13 1.248494002170351838e-12 3.618201157435881480e-12
