2.411139600244996856e-13 7.063221513985850976e-14 4.942344791473824575e-15 9.355244120150396516e-15 8.057278590776239233e-15 1.555406092317014324e-14 5.043440143554073713e-15 1.439272313615602392e-14 6.588237738620050702e-15 -3.086666533532975348e-16 -1.177827337103777470e-14 -5.474001885779146735e-15 -4.208388117679188649e-15 2.688648406480727721e-15 1.047993988380818626e-14 8.311217198820622870e-15 -1.953006143343946334e-15 -1.863065695969066580e-14 -3.783532362610172451e-14 -6.225446974278751229e-14 -6.002496024354246134e-14 -6.789150423095484089e-14 -4.933273106050861358e-14 -1.177931467489921281e-14 7.625258661606206457e-14 6.228673043338719423e-14
7.063221513985850976e-14 2.152629041390980797e-13 5.336562889849155158e-14 2.921817169230264093e-14 2.175188094167101347e-14 1.691137467991937138e-14 2.098552271496833490e-14 1.797080126799728473e-14 1.428062304779588157e-14 1.435312950870053455e-14 7.148272141765166306e-15 1.280563075556185005e-14 6.610717756302436841e-15 1.238597467973254650e-14 2.622105532700551101e-14 3.366448851232156711e-14 2.591686229519323229e-14 2.890413430882200089e-14 2.607687835516028286e-14 3.794921863597290968e-14 4.790518910738392059e-14 5.309176536935502114e-14 3.715576896952321175e-14 2.038473554957873724e-14 9.997683637318800186e-14 1.653632738133062778e-13
4.942344791473824575e-15 5.336562889849155158e-14 1.400476348167993327e-13 4.914658011427102818e-14 3.015101730063397230e-14 2.716970623859546330e-14 2.071990882350512011e-14 1.564470948712198560e-14 2.013473875705221188e-15 3.646141495764525579e-16 -3.075889896481637657e-16 5.585073077414777474e-15 8.745794855886248525e-15 9.023326172040661416e-15 1.329235656857327675e-14 4.322828198367942639e-15 -5.688295067862262536e-15 -2.962365185839910198e-15 -6.095325349509431498e-15 1.529397349743612363e-15 3.666863339159474996e-15 3.027146102447715054e-14 4.050361193743726930e-14 3.082792663667511596e-14 3.895123394220408620e-14 2.602973279657247325e-14
9.355244120150396516e-15 2.921817169230264093e-14 4.914658011427102818e-14 1.017904965423620041e-13 4.322954505714312982e-14 3.990775861130309262e-14 2.572828828190993020e-14 1.080881411133150635e-14 1.616040589085278525e-15 1.006346601615300476e-15 -2.074655804958482682e-15 -4.894015330596901709e-15 -1.413837316518341060e-14 -1.041852698222494102e-14 -8.395446664478136351e-15 -1.305725596065488257e-14 -2.028524179222758338e-14 -1.340317753341826432e-14 -9.733119281493331058e-15 -1.057505024901850132e-14 -1.667289590901523412e-14 -8.965857484336814665e-15 -1.272236456483240757e-14 -3.095069912338629861e-15 2.428490205213630896e-14 -1.371273135378032995e-14
8.057278590776239233e-15 2.175188094167101347e-14 3.015101730063397230e-14 4.322954505714312982e-14 8.954611142291091298e-14 4.245076539467535867e-14 3.443672580620824593e-14 2.098747656751674380e-14 1.881042829800832123e-14 1.373645908384690873e-14 1.302717599562132927e-14 7.638125477122723875e-15 2.460210158206683457e-15 -2.382988644738458632e-15 5.188259478709446155e-15 2.390456252837003035e-15 -9.171657293547139997e-16 8.006607422705326515e-15 4.919659865180877896e-15 -2.187441438769756469e-15 -1.449574843718232138e-14 -2.671486820133269974e-14 -2.722992930429700545e-14 -1.167744270437717478e-14 5.177929851243651657e-14 8.929275914111569783e-14
1.555406092317014324e-14 1.691137467991937138e-14 2.716970623859546330e-14 3.990775861130309262e-14 4.245076539467535867e-14 8.280531211366208415e-14 5.532582828401946982e-14 2.800556056486612926e-14 2.116463077468054445e-14 1.539530190491398139e-14 4.806457378034159302e-16 5.361821291567718846e-15 4.487352521735386091e-15 1.132238965506928154e-14 2.115313854366318278e-14 2.491731724070980095e-14 1.724427184506817427e-14 2.447200677049526781e-14 2.639070818281533765e-14 2.419064840395774892e-14 1.769443884344209975e-15 -1.746398646787443860e-14 -1.838517209098846889e-14 2.536578732521200206e-14 1.072340903641394022e-13 1.434490575481933235e-13
5.043440143554073713e-15 2.098552271496833490e-14 2.071990882350512011e-14 2.572828828190993020e-14 3.443672580620824593e-14 5.532582828401946982e-14 8.891291621565755923e-14 4.988861123195009738e-14 3.590914868052099253e-14 3.343059508488248362e-14 1.407432372490242620e-14 1.996384697556305748e-14 1.599432310291341890e-14 1.896191448837667541e-14 3.154310887424214144e-14 3.525202915967733261e-14 2.983670918145241735e-14 4.235909264828275050e-14 5.686540196321608126e-14 6.455685159901647694e-14 4.123066894839170754e-14 2.022062489129784728e-14 1.536324666267209861e-14 4.228195105585255087e-14 9.735118216688559289e-14 1.858457637869605430e-13
1.439272313615602392e-14 1.797080126799728473e-14 1.564470948712198560e-14 1.080881411133150635e-14 2.098747656751674380e-14 2.800556056486612926e-14 4.988861123195009738e-14 7.979528489662123765e-14 5.487421533264031798e-14 3.700099009612672623e-14 2.476855555701274735e-14 2.702040753588253464e-14 2.322609243443350938e-14 2.515744745685419218e-14 3.521867098802461798e-14 3.691130585684161452e-14 3.067780906614525958e-14 4.338762561683574021e-14 5.576894945682724092e-14 6.043675491991288735e-14 4.603534304259017525e-14 3.064043323294468070e-14 2.917239789901695711e-14 3.271592322955615721e-14 3.406013792251756052e-14 4.938711072289181363e-14
6.588237738620050702e-15 1.428062304779588157e-14 2.013473875705221188e-15 1.616040589085278525e-15 1.881042829800832123e-14 2.116463077468054445e-14 3.590914868052099253e-14 5.487421533264031798e-14 7.069030370974675379e-14 5.096168733467931668e-14 4.229430502484276036e-14 4.155014182850419824e-14 3.538952459688203515e-14 3.183833380445497216e-14 4.084980835174197739e-14 4.365835856322777188e-14 4.061476974713990386e-14 5.135592072461571110e-14 6.007370035075413314e-14 5.912780104936913165e-14 3.906703802524013580e-14 8.950340731696675008e-15 2.110907600211066300e-15 1.021424057839621264e-14 9.992187421460961755e-15 4.793134876793469506e-15
-3.086666533532975348e-16 1.435312950870053455e-14 3.646141495764525579e-16 1.006346601615300476e-15 1.373645908384690873e-14 1.539530190491398139e-14 3.343059508488248362e-14 3.700099009612672623e-14 5.096168733467931668e-14 7.341553503484266751e-14 6.415760415507343459e-14 5.268501985763344052e-14 4.385323341852302423e-14 4.312512186129503765e-14 5.016788457314565838e-14 5.519097798474923936e-14 5.776379657340058474e-14 7.863380925995499136e-14 9.417554253971760696e-14 1.064491103255398856e-13 9.489215613097513463e-14 7.091174120156159098e-14 7.230932285461932059e-14 7.759588568194868953e-14 6.248760110933040713e-14 6.261791641966105046e-14
-1.177827337103777470e-14 7.148272141765166306e-15 -3.075889896481637657e-16 -2.074655804958482682e-15 1.302717599562132927e-14 4.806457378034159302e-16 1.407432372490242620e-14 2.476855555701274735e-14 4.229430502484276036e-14 6.415760415507343459e-14 9.283306008443699412e-14 7.521819028593611950e-14 6.303262569397003682e-14 5.481086773848760255e-14 5.996452011799920062e-14 6.594970112571944602e-14 7.257584335590754953e-14 9.205390053362355950e-14 1.096507754223542585e-13 1.243500612592974720e-13 1.232643216863455858e-13 9.593899957138890760e-14 9.995414932122731321e-14 9.946820480517376566e-14 4.278590002547527816e-14 -3.824537041365968036e-15
-5.474001885779146735e-15 1.280563075556185005e-14 5.585073077414777474e-15 -4.894015330596901709e-15 7.638125477122723875e-15 5.361821291567718846e-15 1.996384697556305748e-14 2.702040753588253464e-14 4.155014182850419824e-14 5.268501985763344052e-14 7.521819028593611950e-14 9.869794986345658494e-14 8.889272456633994468e-14 8.254591415113069439e-14 9.221718714913988963e-14 1.081110289025786479e-13 1.166161865909642843e-13 1.371361821511306311e-13 1.554049283433114284e-13 1.702583176045717819e-13 1.497084233845355496e-13 8.910069620533767383e-14 8.767839282946093575e-14 9.989577321814953069e-14 6.759071346244074820e-14 4.470466952918017002e-15
-4.208388117679188649e-15 6.610717756302436841e-15 8.745794855886248525e-15 -1.413837316518341060e-14 2.460210158206683457e-15 4.487352521735386091e-15 1.599432310291341890e-14 2.322609243443350938e-14 3.538952459688203515e-14 4.385323341852302423e-14 6.303262569397003682e-14 8.889272456633994468e-14 1.269916369204087804e-13 1.302717769284376549e-13 1.385670550566299799e-13 1.485486636590059969e-13 1.595621438556392080e-13 1.874763742820434553e-13 2.079786067746064279e-13 2.306043979497541044e-13 2.170309940260519185e-13 1.483105675696878619e-13 1.480294451480078188e-13 1.507158740504901637e-13 1.247457754567586260e-13 5.106095639302950867e-14
2.688648406480727721e-15 1.238597467973254650e-14 9.023326172040661416e-15 -1.041852698222494102e-14 -2.382988644738458632e-15 1.132238965506928154e-14 1.896191448837667541e-14 2.515744745685419218e-14 3.183833380445497216e-14 4.312512186129503765e-14 5.481086773848760255e-14 8.254591415113069439e-14 1.302717769284376549e-13 1.774643251076681850e-13 1.979599692278575837e-13 2.089518971697604068e-13 2.291872046802644999e-13 2.729619261869971923e-13 3.155157394760198430e-13 3.720550481546664823e-13 3.687002557976717317e-13 2.791156030662633733e-13 2.459858908402279582e-13 2.111904219924711308e-13 1.646039787397590254e-13 7.942807238921160340e-14
1.047993988380818626e-14 2.622105532700551101e-14 1.329235656857327675e-14 -8.395446664478136351e-15 5.188259478709446155e-15 2.115313854366318278e-14 3.154310887424214144e-14 3.521867098802461798e-14 4.084980835174197739e-14 5.016788457314565838e-14 5.996452011799920062e-14 9.221718714913988963e-14 1.385670550566299799e-13 1.979599692278575837e-13 2.815568607552682026e-13 3.143355635742582242e-13 3.434046976074021086e-13 3.974739746452758770e-13 4.550528417629685737e-13 5.172664040291903196e-13 4.923774276893512726e-13 3.576273632443041773e-13 3.079429425712040451e-13 2.802786860672287105e-13 2.360677180878092733e-13 1.537567946589339009e-13
8.311217198820622870e-15 3.366448851232156711e-14 4.322828198367942639e-15 -1.305725596065488257e-14 2.390456252837003035e-15 2.491731724070980095e-14 3.525202915967733261e-14 3.691130585684161452e-14 4.365835856322777188e-14 5.519097798474923936e-14 6.594970112571944602e-14 1.081110289025786479e-13 1.485486636590059969e-13 2.089518971697604068e-13 3.143355635742582242e-13 4.128476005103200829e-13 4.782553615675594151e-13 5.534743209128772037e-13 6.292339016171030245e-13 7.084677010414815759e-13 6.812666563758983357e-13 4.915153499645044919e-13 3.876644825514339923e-13 3.776841488226517660e-13 3.221880228776068014e-13 2.228856280473349380e-13
-1.953006143343946334e-15 2.591686229519323229e-14 -5.688295067862262536e-15 -2.028524179222758338e-14 -9.171657293547139997e-16 1.724427184506817427e-14 2.983670918145241735e-14 3.067780906614525958e-14 4.061476974713990386e-14 5.776379657340058474e-14 7.257584335590754953e-14 1.166161865909642843e-13 1.595621438556392080e-13 2.291872046802644999e-13 3.434046976074021086e-13 4.782553615675594151e-13 6.385585801863365547e-13 7.778105346992984212e-13 9.000894502069508960e-13 1.022370521484113351e-12 1.001295405755620198e-12 7.425270435657525640e-13 5.072403933768275364e-13 4.819169259235716627e-13 4.170785607315302637e-13 3.040700471915428077e-13
-1.863065695969066580e-14 2.890413430882200089e-14 -2.962365185839910198e-15 -1.340317753341826432e-14 8.006607422705326515e-15 2.447200677049526781e-14 4.235909264828275050e-14 4.338762561683574021e-14 5.135592072461571110e-14 7.863380925995499136e-14 9.205390053362355950e-14 1.371361821511306311e-13 1.874763742820434553e-13 2.729619261869971923e-13 3.974739746452758770e-13 5.534743209128772037e-13 7.778105346992984212e-13 1.058413602188576506e-12 1.280698618487688220e-12 1.481022716059567430e-12 1.487373356242929859e-12 1.205899257471988624e-12 8.515090650532745503e-13 8.160644168118155417e-13 7.373867374082381709e-13 5.486695682619900727e-13
-3.783532362610172451e-14 2.607687835516028286e-14 -6.095325349509431498e-15 -9.733119281493331058e-15 4.919659865180877896e-15 2.639070818281533765e-14 5.686540196321608126e-14 5.576894945682724092e-14 6.007370035075413314e-14 9.417554253971760696e-14 1.096507754223542585e-13 1.554049283433114284e-13 2.079786067746064279e-13 3.155157394760198430e-13 4.550528417629685737e-13 6.292339016171030245e-13 9.000894502069508960e-13 1.280698618487688220e-12 1.680254859514419831e-12 2.016646587411136997e-12 2.065627295119379134e-12 1.748614922067275136e-12 1.233389736576808182e-12 1.111736381653090603e-12 9.643966265139255873e-13 7.288201536593865506e-13
-6.225446974278751229e-14 3.794921863597290968e-14 1.529397349743612363e-15 -1.057505024901850132e-14 -2.187441438769756469e-15 2.419064840395774892e-14 6.455685159901647694e-14 6.043675491991288735e-14 5.912780104936913165e-14 1.064491103255398856e-13 1.243500612592974720e-13 1.702583176045717819e-13 2.306043979497541044e-13 3.720550481546664823e-13 5.172664040291903196e-13 7.084677010414815759e-13 1.022370521484113351e-12 1.481022716059567430e-12 2.016646587411136997e-12 2.598427889596814256e-12 2.788053966319335514e-12 2.482554360673507511e-12 1.801208091353631781e-12 1.440369962879369575e-12 1.121059015575342313e-12 7.970097577396682871e-13
-6.002496024354246134e-14 4.790518910738392059e-14 3.666863339159474996e-15 -1.667289590901523412e-14 -1.449574843718232138e-14 1.769443884344209975e-15 4.123066894839170754e-14 4.603534304259017525e-14 3.906703802524013580e-14 9.489215613097513463e-14 1.232643216863455858e-13 1.497084233845355496e-13 2.170309940260519185e-13 3.687002557976717317e-13 4.923774276893512726e-13 6.812666563758983357e-13 1.001295405755620198e-12 1.487373356242929859e-12 2.065627295119379134e-12 2.788053966319335514e-12 3.284326350124209080e-12 3.174422727138038201e-12 2.475788225517303812e-12 1.862513462663975517e-12 1.366414156539681646e-12 9.364527271030991052e-13
-6.789150423095484089e-14 5.309176536935502114e-14 3.027146102447715054e-14 -8.965857484336814665e-15 -2.671486820133269974e-14 -1.746398646787443860e-14 2.022062489129784728e-14 3.064043323294468070e-14 8.950340731696675008e-15 7.091174120156159098e-14 9.593899957138890760e-14 8.910069620533767383e-14 1.483105675696878619e-13 2.791156030662633733e-13 3.576273632443041773e-13 4.915153499645044919e-13 7.425270435657525640e-13 1.205899257471988624e-12 1.748614922067275136e-12 2.482554360673507511e-12 3.174422727138038201e-12 3.584705762176742378e-12 3.223863883736400288e-12 2.509132750999497727e-12 1.811035997444360307e-12 1.340683242536377764e-12
-4.933273106050861358e-14 3.715576896952321175e-14 4.050361193743726930e-14 -1.272236456483240757e-14 -2.722992930429700545e-14 -1.838517209098846889e-14 1.536324666267209861e-14 2.917239789901695711e-14 2.110907600211066300e-15 7.230932285461932059e-14 9.995414932122731321e-14 8.767839282946093575e-14 1.480294451480078188e-13 2.459858908402279582e-13 3.079429425712040451e-13 3.876644825514339923e-13 5.072403933768275364e-13 8.515090650532745503e-13 1.233389736576808182e-12 1.801208091353631781e-12 2.475788225517303812e-12 3.223863883736400288e-12 3.680760587947822674e-12 3.344758451278389755e-12 2.629089287458979083e-12 2.236019506228135367e-12
-1.177931467489921281e-14 2.038473554957873724e-14 3.082792663667511596e-14 -3.095069912338629861e-15 -1.167744270437717478e-14 2.536578732521200206e-14 4.228195105585255087e-14 3.271592322955615721e-14 1.021424057839621264e-14 7.759588568194868953e-14 9.946820480517376566e-14 9.989577321814953069e-14 1.507158740504901637e-13 2.111904219924711308e-13 2.802786860672287105e-13 3.776841488226517660e-13 4.819169259235716627e-13 8.160644168118155417e-13 1.111736381653090603e-12 1.440369962879369575e-12 1.862513462663975517e-12 2.509132750999497727e-12 3.344758451278389755e-12 4.138701641052377488e-12 4.154773555586099417e-12 3.688376367826318556e-12
7.625258661606206457e-14 9.997683637318800186e-14 3.895123394220408620e-14 2.428490205213630896e-14 5.177929851243651657e-14 1.072340903641394022e-13 9.735118216688559289e-14 3.406013792251756052e-14 9.992187421460961755e-15 6.248760110933040713e-14 4.278590002547527816e-14 6.759071346244074820e-14 1.247457754567586260e-13 1.646039787397590254e-13 2.360677180878092733e-13 3.221880228776068014e-13 4.170785607315302637e-13 7.373867374082381709e-13 9.643966265139255873e-13 1.121059015575342313e-12 1.366414156539681646e-12 1.811035997444360307e-12 2.629089287458979083e-12 4.154773555586099417e-12 5.765849550361446279e-12 6.044665453507165149e-12
6.228673043338719423e-14 1.653632738133062778e-13 2.602973279657247325e-14 -1.371273135378032995e-14 8.929275914111569783e-14 1.434490575481933235e-13 1.858457637869605430e-13 4.938711072289181363e-14 4.793134876793469506e-15 6.261791641966105046e-14 -3.824537041365968036e-15 4.470466952918017002e-15 5.106095639302950867e-14 7.942807238921160340e-14 1.537567946589339009e-13 2.228856280473349380e-13 3.040700471915428077e-13 5.486695682619900727e-13 7.288201536593865506e-13 7.970097577396682871e-13 9.364527271030991052e-13 1.340683242536377764e-12 2.236019506228135367e-12 3.688376367826318556e-12 6.044665453507165149e-12 8.833553945485524398e-12
