2.062331752246429086e-13 4.971348878403064078e-14 3.353218911520686895e-14 1.704572917000413476e-14 1.190853509276514062e-14 1.737825806218945076e-14 1.558909321366885054e-14 1.683807976150091447e-14 2.130933165670071547e-14 1.456355303922940044e-14 4.043781997440354665e-15 2.264091243284505060e-15 6.863218598402835708e-15 2.005961121304722842e-15 -5.334888685904666908e-15 -3.875844217643996219e-15 -7.746269247635078314e-15 5.612550130029908117e-15 -1.461511231273940127e-14 -3.385198872242890657e-14 -2.339217387647920820e-14 5.269264221978975106e-15 1.504808606245544658e-14 -7.025824971933879234e-15 4.284746296454860130e-14 1.437221010105602971e-13
4.971348878403064078e-14 1.731935795327709426e-13 4.605845988538240527e-14 2.659881262851166789e-14 1.752401415930812855e-14 1.638718489852198279e-14 9.631130531718123940e-15 7.683794496498910805e-15 -7.960517240250452029e-16 -9.757058184362681996e-15 -3.562293451740525266e-15 9.141819922050481348e-15 8.659495565891508677e-15 7.284031097738405158e-15 1.909974422025928028e-14 2.038839900415665002e-14 6.186974843962878599e-15 -4.664987555058726499e-15 -1.538714905133240041e-14 -1.650832722478826765e-14 -1.229586140247723538e-14 1.538648456730499385e-14 5.204533743278360440e-14 7.650243023276671990e-14 6.876576656891028983e-14 6.270397903272399815e-16
3.353218911520686895e-14 4.605845988538240527e-14 9.865486127612638692e-14 4.245259857813898312e-14 1.681748449479855378e-14 2.073352409302741955e-14 2.100673232279117452e-14 1.980698355438946031e-14 7.214436464685364787e-15 9.189076914116227670e-15 8.752538396981898167e-15 1.340959120633516130e-14 4.538456079832981490e-15 4.103750235128043003e-16 4.024882954408631505e-15 9.065353141840835225e-15 1.131883019724115475e-14 2.052808417941426418e-14 2.344536014488021817e-14 2.822175030656824429e-14 3.328885883910762766e-14 3.694520502409237527e-14 2.293620034922550482e-14 5.019595552460194245e-15 -1.318046235789652524e-14 -2.410346369111084782e-14
1.704572917000413476e-14 2.659881262851166789e-14 4.245259857813898312e-14 9.558756578907920137e-14 2.902826450363389452e-14 2.327101523506703986e-14 2.167977179428044499e-14 1.427971249507892929e-14 7.525989353230823978e-15 -6.715163596723272747e-17 5.637832373305668685e-15 5.707372606795782107e-16 2.389771224060751396e-15 4.974900834377965680e-18 1.371027150206912728e-15 -7.974398046969229460e-15 -1.811247257270388956e-14 -1.344668483111588727e-14 -1.260726364080969296e-14 -1.689347038357357253e-14 -1.554173544770299247e-14 1.275466770500473066e-14 4.570992831118246812e-14 5.289032212086492085e-14 5.562130226636320093e-14 6.517611147471966099e-14
1.190853509276514062e-14 1.752401415930812855e-14 1.681748449479855378e-14 2.902826450363389452e-14 7.238604110997951104e-14 4.134195571933627625e-14 2.760025677189140439e-14 2.287724620268705887e-14 2.136276498894938474e-14 1.390744473852570906e-14 1.530358540495842929e-14 1.195062712512918428e-14 3.456065200459058520e-15 6.142037644029131864e-15 1.172361221946292377e-14 6.333574579237965938e-15 4.144481579253929631e-15 1.254685348414074757e-14 1.788495580600840266e-14 2.224191260903472423e-14 1.440137395215228158e-14 3.339794348634778964e-15 7.655310519810702619e-15 2.411717904445571568e-14 6.863754158581568688e-14 7.134571916402714219e-14
1.737825806218945076e-14 1.638718489852198279e-14 2.073352409302741955e-14 2.327101523506703986e-14 4.134195571933627625e-14 8.286269696319898264e-14 5.182397459015322148e-14 3.496089453909194218e-14 2.705737469047793419e-14 1.759404216763991141e-14 6.021705907664911502e-15 1.127087732845000224e-14 6.476183345964767067e-15 8.317416880840808124e-15 1.843517604787916071e-14 2.303179629782962507e-14 1.639042228307612502e-14 2.699810784979037757e-14 3.272380895338213911e-14 2.699242746400972510e-14 -1.435023316049250075e-14 -4.419796250240102870e-14 -3.821884673982163814e-14 1.477147245962086373e-14 8.968919773296641841e-14 1.444090574596095732e-13
1.558909321366885054e-14 9.631130531718123940e-15 2.100673232279117452e-14 2.167977179428044499e-14 2.760025677189140439e-14 5.182397459015322148e-14 7.542483965639503029e-14 5.125947301004935047e-14 4.125364977222535626e-14 3.449072859044874483e-14 2.331817128060796542e-14 2.258480550490073476e-14 1.925875241199722263e-14 2.206151146864692404e-14 3.367635772012041254e-14 3.505054164686938487e-14 3.248130554665782123e-14 4.610550373947131526e-14 6.416048049209066594e-14 7.022507592855406446e-14 5.118823639988250031e-14 3.852878446159303406e-14 3.414091372112152015e-14 5.969105826786314265e-14 8.719933777519010627e-14 1.312988066346046773e-13
1.683807976150091447e-14 7.683794496498910805e-15 1.980698355438946031e-14 1.427971249507892929e-14 2.287724620268705887e-14 3.496089453909194218e-14 5.125947301004935047e-14 7.829911284969525856e-14 5.533450646410750621e-14 3.646041255050255478e-14 2.557834586517887613e-14 2.266793916828318924e-14 2.134704001403666108e-14 2.432419354843174915e-14 3.622834332284937418e-14 3.893432122559291588e-14 3.590536038690750045e-14 4.525486379474515574e-14 5.637226161507079038e-14 6.266367938989110245e-14 5.360734806763425429e-14 3.527698743633891726e-14 2.696664420448599554e-14 2.630048502947699630e-14 3.020785412215525598e-14 5.397724449414846472e-14
2.130933165670071547e-14 -7.960517240250452029e-16 7.214436464685364787e-15 7.525989353230823978e-15 2.136276498894938474e-14 2.705737469047793419e-14 4.125364977222535626e-14 5.533450646410750621e-14 7.290071884770583359e-14 5.092482874123864795e-14 4.326076486542229659e-14 4.086404348830465415e-14 3.642432049210154528e-14 3.458985805616125563e-14 4.194153473384237946e-14 4.271903839132352356e-14 4.132869219858775069e-14 5.129915717006007812e-14 6.228686015706624774e-14 6.236544302389729494e-14 4.388036925795250646e-14 2.345121208317478641e-14 2.563033414785944027e-14 4.427984824030361421e-14 4.444159525603965108e-14 3.650314235617753793e-14
1.456355303922940044e-14 -9.757058184362681996e-15 9.189076914116227670e-15 -6.715163596723272747e-17 1.390744473852570906e-14 1.759404216763991141e-14 3.449072859044874483e-14 3.646041255050255478e-14 5.092482874123864795e-14 7.534006584951747261e-14 6.402068411931495128e-14 5.718393213077161908e-14 4.870096350151747512e-14 4.852222672305781517e-14 5.501618012557384672e-14 5.892060260901435942e-14 6.377092451282539847e-14 8.389373184171758984e-14 1.021975892338948298e-13 1.151288510642773421e-13 1.058910764954354828e-13 7.969745052785260115e-14 7.958263196727774005e-14 8.171387748160381311e-14 5.392312661209401793e-14 4.546306063891272949e-14
4.043781997440354665e-15 -3.562293451740525266e-15 8.752538396981898167e-15 5.637832373305668685e-15 1.530358540495842929e-14 6.021705907664911502e-15 2.331817128060796542e-14 2.557834586517887613e-14 4.326076486542229659e-14 6.402068411931495128e-14 8.794972714166058566e-14 7.480484642814907410e-14 6.060598468639746346e-14 5.431025339763583070e-14 5.999228035271552410e-14 6.668314611810847048e-14 7.321701986355270717e-14 9.104148239516943940e-14 1.092647408848148012e-13 1.230525383381403431e-13 1.189811863626744618e-13 8.973937008976552157e-14 9.351194250276766274e-14 1.041930049884665292e-13 5.862627357168663405e-14 1.699745821073480680e-14
2.264091243284505060e-15 9.141819922050481348e-15 1.340959120633516130e-14 5.707372606795782107e-16 1.195062712512918428e-14 1.127087732845000224e-14 2.258480550490073476e-14 2.266793916828318924e-14 4.086404348830465415e-14 5.718393213077161908e-14 7.480484642814907410e-14 1.030567240327275178e-13 9.149870573833898485e-14 8.585918795165377662e-14 9.712126028516512112e-14 1.135192526004905271e-13 1.222479749677834269e-13 1.434967809314336360e-13 1.637081094338542593e-13 1.790662855689793140e-13 1.575131825351674764e-13 9.744749049252259382e-14 9.869745501364332641e-14 1.129132494992368186e-13 8.060833054662658067e-14 1.616372990163282658e-14
6.863218598402835708e-15 8.659495565891508677e-15 4.538456079832981490e-15 2.389771224060751396e-15 3.456065200459058520e-15 6.476183345964767067e-15 1.925875241199722263e-14 2.134704001403666108e-14 3.642432049210154528e-14 4.870096350151747512e-14 6.060598468639746346e-14 9.149870573833898485e-14 1.275719577171927536e-13 1.297568211372956794e-13 1.385052352077742882e-13 1.483195761375382585e-13 1.597884635722275575e-13 1.867537652383735549e-13 2.075895862681823785e-13 2.301703793259248188e-13 2.162691760854678847e-13 1.479906876122881541e-13 1.460108756174665742e-13 1.466449948433112820e-13 1.166476064202729574e-13 3.580716738317213877e-14
2.005961121304722842e-15 7.284031097738405158e-15 4.103750235128043003e-16 4.974900834377965680e-18 6.142037644029131864e-15 8.317416880840808124e-15 2.206151146864692404e-14 2.432419354843174915e-14 3.458985805616125563e-14 4.852222672305781517e-14 5.431025339763583070e-14 8.585918795165377662e-14 1.297568211372956794e-13 1.766255894458838543e-13 1.975786899311270644e-13 2.092915836221299995e-13 2.287256627678239026e-13 2.686884267385774796e-13 3.118055215902817988e-13 3.666836621933938257e-13 3.609983803034537527e-13 2.702490185328680918e-13 2.385183173918591157e-13 2.024324326691702769e-13 1.568003892190191879e-13 7.684227926784098757e-14
-5.334888685904666908e-15 1.909974422025928028e-14 4.024882954408631505e-15 1.371027150206912728e-15 1.172361221946292377e-14 1.843517604787916071e-14 3.367635772012041254e-14 3.622834332284937418e-14 4.194153473384237946e-14 5.501618012557384672e-14 5.999228035271552410e-14 9.712126028516512112e-14 1.385052352077742882e-13 1.975786899311270644e-13 2.802446799609016210e-13 3.131430784999936028e-13 3.434517623150758812e-13 3.958091110581542670e-13 4.559565541670353617e-13 5.193669199870427251e-13 4.935495292319963485e-13 3.587843169541826920e-13 3.089303818070932636e-13 2.821229861272145304e-13 2.370274703446804808e-13 1.546512756045763398e-13
-3.875844217643996219e-15 2.038839900415665002e-14 9.065353141840835225e-15 -7.974398046969229460e-15 6.333574579237965938e-15 2.303179629782962507e-14 3.505054164686938487e-14 3.893432122559291588e-14 4.271903839132352356e-14 5.892060260901435942e-14 6.668314611810847048e-14 1.135192526004905271e-13 1.483195761375382585e-13 2.092915836221299995e-13 3.131430784999936028e-13 4.128885441530017362e-13 4.791254400920910033e-13 5.520690106591439030e-13 6.288462356053493100e-13 7.074253224996344245e-13 6.781347846573477770e-13 4.862412381802349490e-13 3.804204853865122742e-13 3.696564610965692338e-13 3.156824046579495468e-13 2.196291503101699936e-13
-7.746269247635078314e-15 6.186974843962878599e-15 1.131883019724115475e-14 -1.811247257270388956e-14 4.144481579253929631e-15 1.639042228307612502e-14 3.248130554665782123e-14 3.590536038690750045e-14 4.132869219858775069e-14 6.377092451282539847e-14 7.321701986355270717e-14 1.222479749677834269e-13 1.597884635722275575e-13 2.287256627678239026e-13 3.434517623150758812e-13 4.791254400920910033e-13 6.386750712242615392e-13 7.758567679826835961e-13 9.001157223675738973e-13 1.023311029993794972e-12 1.002226431228222917e-12 7.442635089801823190e-13 5.073446981360306059e-13 4.792993258963205742e-13 4.110614549110839802e-13 2.972139341749247827e-13
5.612550130029908117e-15 -4.664987555058726499e-15 2.052808417941426418e-14 -1.344668483111588727e-14 1.254685348414074757e-14 2.699810784979037757e-14 4.610550373947131526e-14 4.525486379474515574e-14 5.129915717006007812e-14 8.389373184171758984e-14 9.104148239516943940e-14 1.434967809314336360e-13 1.867537652383735549e-13 2.686884267385774796e-13 3.958091110581542670e-13 5.520690106591439030e-13 7.758567679826835961e-13 1.054043563795993360e-12 1.277485517746432896e-12 1.476357771184226043e-12 1.482219420739013527e-12 1.203889084649548242e-12 8.506230965921987776e-13 8.152986962437815487e-13 7.368163927142209594e-13 5.504667531510005725e-13
-1.461511231273940127e-14 -1.538714905133240041e-14 2.344536014488021817e-14 -1.260726364080969296e-14 1.788495580600840266e-14 3.272380895338213911e-14 6.416048049209066594e-14 5.637226161507079038e-14 6.228686015706624774e-14 1.021975892338948298e-13 1.092647408848148012e-13 1.637081094338542593e-13 2.075895862681823785e-13 3.118055215902817988e-13 4.559565541670353617e-13 6.288462356053493100e-13 9.001157223675738973e-13 1.277485517746432896e-12 1.678551178510771436e-12 2.014451567700006961e-12 2.063618199426086719e-12 1.748863350725492122e-12 1.233444576328612066e-12 1.110646871994719480e-12 9.642719542727988335e-13 7.317316551217931962e-13
-3.385198872242890657e-14 -1.650832722478826765e-14 2.822175030656824429e-14 -1.689347038357357253e-14 2.224191260903472423e-14 2.699242746400972510e-14 7.022507592855406446e-14 6.266367938989110245e-14 6.236544302389729494e-14 1.151288510642773421e-13 1.230525383381403431e-13 1.790662855689793140e-13 2.301703793259248188e-13 3.666836621933938257e-13 5.193669199870427251e-13 7.074253224996344245e-13 1.023311029993794972e-12 1.476357771184226043e-12 2.014451567700006961e-12 2.594223171730936217e-12 2.783729820915745434e-12 2.481227626968986078e-12 1.800658374397682252e-12 1.439636796439056210e-12 1.121608138494894550e-12 7.998098355036392835e-13
-2.339217387647920820e-14 -1.229586140247723538e-14 3.328885883910762766e-14 -1.554173544770299247e-14 1.440137395215228158e-14 -1.435023316049250075e-14 5.118823639988250031e-14 5.360734806763425429e-14 4.388036925795250646e-14 1.058910764954354828e-13 1.189811863626744618e-13 1.575131825351674764e-13 2.162691760854678847e-13 3.609983803034537527e-13 4.935495292319963485e-13 6.781347846573477770e-13 1.002226431228222917e-12 1.482219420739013527e-12 2.063618199426086719e-12 2.783729820915745434e-12 3.280964071413496847e-12 3.173808265900356523e-12 2.474880571628675145e-12 1.860801798884601204e-12 1.367153350353742901e-12 9.409219283523670256e-13
5.269264221978975106e-15 1.538648456730499385e-14 3.694520502409237527e-14 1.275466770500473066e-14 3.339794348634778964e-15 -4.419796250240102870e-14 3.852878446159303406e-14 3.527698743633891726e-14 2.345121208317478641e-14 7.969745052785260115e-14 8.973937008976552157e-14 9.744749049252259382e-14 1.479906876122881541e-13 2.702490185328680918e-13 3.587843169541826920e-13 4.862412381802349490e-13 7.442635089801823190e-13 1.203889084649548242e-12 1.748863350725492122e-12 2.481227626968986078e-12 3.173808265900356523e-12 3.585716568503383483e-12 3.224882332413686228e-12 2.511110434532984367e-12 1.813098617168444835e-12 1.341687615171396900e-12
1.504808606245544658e-14 5.204533743278360440e-14 2.293620034922550482e-14 4.570992831118246812e-14 7.655310519810702619e-15 -3.821884673982163814e-14 3.414091372112152015e-14 2.696664420448599554e-14 2.563033414785944027e-14 7.958263196727774005e-14 9.351194250276766274e-14 9.869745501364332641e-14 1.460108756174665742e-13 2.385183173918591157e-13 3.089303818070932636e-13 3.804204853865122742e-13 5.073446981360306059e-13 8.506230965921987776e-13 1.233444576328612066e-12 1.800658374397682252e-12 2.474880571628675145e-12 3.224882332413686228e-12 3.681185404733543235e-12 3.346157595678798160e-12 2.631577654591418903e-12 2.238325957841384128e-12
-7.025824971933879234e-15 7.650243023276671990e-14 5.019595552460194245e-15 5.289032212086492085e-14 2.411717904445571568e-14 1.477147245962086373e-14 5.969105826786314265e-14 2.630048502947699630e-14 4.427984824030361421e-14 8.171387748160381311e-14 1.041930049884665292e-13 1.129132494992368186e-13 1.466449948433112820e-13 2.024324326691702769e-13 2.821229861272145304e-13 3.696564610965692338e-13 4.792993258963205742e-13 8.152986962437815487e-13 1.110646871994719480e-12 1.439636796439056210e-12 1.860801798884601204e-12 2.511110434532984367e-12 3.346157595678798160e-12 4.141182285594953005e-12 4.156705429704852823e-12 3.689401964297711396e-12
4.284746296454860130e-14 6.876576656891028983e-14 -1.318046235789652524e-14 5.562130226636320093e-14 6.863754158581568688e-14 8.968919773296641841e-14 8.719933777519010627e-14 3.020785412215525598e-14 4.444159525603965108e-14 5.392312661209401793e-14 5.862627357168663405e-14 8.060833054662658067e-14 1.166476064202729574e-13 1.568003892190191879e-13 2.370274703446804808e-13 3.156824046579495468e-13 4.110614549110839802e-13 7.368163927142209594e-13 9.642719542727988335e-13 1.121608138494894550e-12 1.367153350353742901e-12 1.813098617168444835e-12 2.631577654591418903e-12 4.156705429704852823e-12 5.764486434584918758e-12 6.040991741175675081e-12
1.437221010105602971e-13 6.270397903272399815e-16 -2.410346369111084782e-14 6.517611147471966099e-14 7.134571916402714219e-14 1.444090574596095732e-13 1.312988066346046773e-13 5.397724449414846472e-14 3.650314235617753793e-14 4.546306063891272949e-14 1.699745821073480680e-14 1.616372990163282658e-14 3.580716738317213877e-14 7.684227926784098757e-14 1.546512756045763398e-13 2.196291503101699936e-13 2.972139341749247827e-13 5.504667531510005725e-13 7.317316551217931962e-13 7.998098355036392835e-13 9.409219283523670256e-13 1.341687615171396900e-12 2.238325957841384128e-12 3.689401964297711396e-12 6.040991741175675081e-12 8.828975962574098803e-12
