2.117319671112100794e-13 5.681916581102880856e-14 2.931180224740600361e-14 -2.681238063225963165e-16 2.245668130809563539e-14 9.363540704204928952e-15 1.302839139838707608e-14 1.463824188993590727e-14 2.199729910148333113e-14 -2.099475802187297820e-15 -2.167820167706315290e-15 5.001771598122354584e-15 1.105737806969891287e-15 -3.816049534369471603e-15 -1.020230660007815732e-15 3.188234935837612548e-15 9.801777420039509472e-15 2.039419192973803174e-14 2.580667064613440565e-14 3.223666476540028719e-14 3.506691581011781227e-14 1.871294449409975499e-15 -6.498987329685344535e-14 -8.781429686406816798e-14 -7.464689765241953518e-14 -7.069247614653658861e-14
5.681916581102880856e-14 1.547343848139807672e-13 6.703148419985719447e-14 2.371329297696170643e-14 3.278278123675313486e-14 2.181026640022009847e-14 1.222709872976010312e-14 1.495297206702385668e-14 1.111086555069048349e-14 2.611407012135279738e-15 5.295907115860880189e-15 1.004486250386326567e-14 5.080837255762819466e-15 7.035045374574004702e-15 1.716143758399402436e-14 2.035837247823896019e-14 1.822477150163275220e-14 2.198521952978807449e-14 1.838326953626193637e-14 3.401939008861324324e-14 5.539014639481248543e-14 6.798145806373032483e-14 7.327861375607789863e-14 5.704522471533642670e-14 6.094243309503406141e-14 8.839082244345081799e-14
2.931180224740600361e-14 6.703148419985719447e-14 1.380006726972191715e-13 4.303138372155654014e-14 3.739129911915414404e-14 2.376067332956266951e-14 1.984201442689621961e-14 1.225437863377460832e-14 6.149240637829801043e-16 -3.201044952909598218e-15 9.939644412557475147e-16 1.189010995402038410e-15 -4.148217020928788983e-15 1.376541755057189220e-15 1.189063975854314304e-14 2.004559373590873868e-14 2.226170772625795449e-14 4.071969994852620687e-14 4.458126801488305049e-14 6.136642897431778176e-14 8.774260227210582979e-14 1.128263139413567034e-13 9.399764305350725364e-14 6.254079110388390040e-14 5.365236368594779125e-14 6.243001038815469507e-14
-2.681238063225963165e-16 2.371329297696170643e-14 4.303138372155654014e-14 9.882562579743714125e-14 3.795947195906567033e-14 2.829049392404466144e-14 1.456142905358465634e-14 1.047007260456524503e-14 5.521743804502860422e-15 7.256497298330847408e-16 -8.806182862400693382e-16 3.379494352653246901e-15 7.925683687751415063e-15 9.713215994563005395e-15 6.516597728891568229e-15 -2.791911090971071447e-15 -9.371069683817590095e-15 3.381977910034076981e-15 1.019655882609405106e-14 1.087158638614698115e-14 2.774065188622049137e-15 1.828303521052397705e-14 3.417065514334572936e-14 2.596935174577614557e-14 4.626636492674949329e-14 5.998511325864416070e-14
2.245668130809563539e-14 3.278278123675313486e-14 3.739129911915414404e-14 3.795947195906567033e-14 8.019088681078869043e-14 4.425488295820592721e-14 2.933980374316492743e-14 2.221958641484259550e-14 1.682970849982127702e-14 9.271643995163921541e-15 9.195377078843995808e-15 7.739417599718361947e-15 -2.922506840085303484e-15 -4.397868204214604696e-15 -2.454125919382297307e-15 -5.731614773735808582e-15 -1.071320113596538393e-14 -2.568797652257395176e-15 1.688384114560131241e-15 -8.754912295869103526e-16 -8.616919370048427894e-15 -6.542433695500390465e-15 -8.492402967761752295e-15 -5.037854283719200332e-15 3.722641039351341658e-14 3.746786642031058974e-14
9.363540704204928952e-15 2.181026640022009847e-14 2.376067332956266951e-14 2.829049392404466144e-14 4.425488295820592721e-14 7.308731556781307224e-14 5.046916769952810977e-14 2.861298152538447136e-14 2.016275679085261356e-14 1.400948751782353832e-14 5.071293568231913198e-15 9.837306092449475840e-15 4.709396159979468580e-15 9.213464096845763812e-15 2.112248139617524002e-14 2.700393197381232397e-14 2.556062371211983030e-14 3.867371787207591786e-14 4.388428732284448993e-14 4.384230451140389716e-14 1.744215032729276701e-14 -3.650896254417903587e-15 -6.601225484243152852e-15 3.573759859040939930e-14 1.036482159234611538e-13 1.324536329572637086e-13
1.302839139838707608e-14 1.222709872976010312e-14 1.984201442689621961e-14 1.456142905358465634e-14 2.933980374316492743e-14 5.046916769952810977e-14 7.297147451604052098e-14 4.459007252579668438e-14 3.532993848692874621e-14 2.786781281853164725e-14 1.742927563344271588e-14 1.810317281183704067e-14 1.529381728092689361e-14 1.652049514426292961e-14 2.573834540507919835e-14 3.002345951734532828e-14 2.695703917317862752e-14 3.975035054614754041e-14 5.528964424272616886e-14 6.742409534131107663e-14 5.605269224043732524e-14 4.644470480746887890e-14 3.411483086780034228e-14 4.791286146591584487e-14 7.145191812967459290e-14 1.027978852915339701e-13
1.463824188993590727e-14 1.495297206702385668e-14 1.225437863377460832e-14 1.047007260456524503e-14 2.221958641484259550e-14 2.861298152538447136e-14 4.459007252579668438e-14 7.614434029567620509e-14 5.469020007961448712e-14 3.370800644152704055e-14 2.356160326158629625e-14 2.479013262445099215e-14 2.216013165872035908e-14 2.575879431020451045e-14 3.824084764142961336e-14 4.103346648505653885e-14 3.900870971438235862e-14 5.192801319072013426e-14 6.450787495972787321e-14 6.940428051769492839e-14 5.264743874691517881e-14 2.859477511051016707e-14 2.032593724060318475e-14 2.643598723360986257e-14 3.122182920120099072e-14 2.388115487961467167e-14
2.199729910148333113e-14 1.111086555069048349e-14 6.149240637829801043e-16 5.521743804502860422e-15 1.682970849982127702e-14 2.016275679085261356e-14 3.532993848692874621e-14 5.469020007961448712e-14 7.156477216566663312e-14 5.044639605420727858e-14 4.373411124324143417e-14 4.307921755869547016e-14 3.480022886413535449e-14 3.299405411183727344e-14 4.057752640824423972e-14 4.335900221469267389e-14 4.127004961769746433e-14 4.949150890677636136e-14 5.719796929455459549e-14 5.581957574806680298e-14 3.374298444815467831e-14 5.316369229626890669e-16 -4.466836174670642410e-15 1.241011950235832007e-14 1.777000844579728011e-14 1.718920517320903882e-14
-2.099475802187297820e-15 2.611407012135279738e-15 -3.201044952909598218e-15 7.256497298330847408e-16 9.271643995163921541e-15 1.400948751782353832e-14 2.786781281853164725e-14 3.370800644152704055e-14 5.044639605420727858e-14 7.163817541130520200e-14 6.359684128013082704e-14 5.432069929494537005e-14 4.627856251958782284e-14 4.543731447809368679e-14 5.307676567916133478e-14 5.736768482107794658e-14 6.152002188084410817e-14 8.151070443071848087e-14 9.596693580639649733e-14 1.055869881694939922e-13 9.428054947732016900e-14 7.064985741203338627e-14 7.412458106711751584e-14 7.571208632806033133e-14 4.751565763101749480e-14 4.265494457802381786e-14
-2.167820167706315290e-15 5.295907115860880189e-15 9.939644412557475147e-16 -8.806182862400693382e-16 9.195377078843995808e-15 5.071293568231913198e-15 1.742927563344271588e-14 2.356160326158629625e-14 4.373411124324143417e-14 6.359684128013082704e-14 9.225859431250731411e-14 7.533851310309144195e-14 6.088228069914864673e-14 5.587192070375770183e-14 6.207767494768238614e-14 6.807836638793016560e-14 7.583003214887052090e-14 9.405887070832803316e-14 1.112490153261274422e-13 1.241661188520407066e-13 1.193368249935505350e-13 8.913981131831117045e-14 8.871060254678154396e-14 9.203263753889977429e-14 4.401090874775223444e-14 3.328477894757683609e-15
5.001771598122354584e-15 1.004486250386326567e-14 1.189010995402038410e-15 3.379494352653246901e-15 7.739417599718361947e-15 9.837306092449475840e-15 1.810317281183704067e-14 2.479013262445099215e-14 4.307921755869547016e-14 5.432069929494537005e-14 7.533851310309144195e-14 1.003367830429476545e-13 8.737106087199262878e-14 8.361990781657106342e-14 9.394977385140301227e-14 1.089571945014508672e-13 1.164693595505700607e-13 1.352885562720148705e-13 1.522369844588621156e-13 1.645201683747586192e-13 1.428946612274313734e-13 8.240810838962728590e-14 8.871495198441975699e-14 1.050533750044797542e-13 7.908152992518319934e-14 3.094355115987761599e-14
1.105737806969891287e-15 5.080837255762819466e-15 -4.148217020928788983e-15 7.925683687751415063e-15 -2.922506840085303484e-15 4.709396159979468580e-15 1.529381728092689361e-14 2.216013165872035908e-14 3.480022886413535449e-14 4.627856251958782284e-14 6.088228069914864673e-14 8.737106087199262878e-14 1.234580113253638471e-13 1.296560048476140662e-13 1.374666064443989587e-13 1.471198930909279157e-13 1.594560469703504624e-13 1.870478200160635147e-13 2.089569264935961358e-13 2.312665790541945668e-13 2.163799503433157287e-13 1.469747397358755947e-13 1.417526427101840769e-13 1.414969697870279328e-13 1.175777749969952783e-13 4.487883426432730479e-14
-3.816049534369471603e-15 7.035045374574004702e-15 1.376541755057189220e-15 9.713215994563005395e-15 -4.397868204214604696e-15 9.213464096845763812e-15 1.652049514426292961e-14 2.575879431020451045e-14 3.299405411183727344e-14 4.543731447809368679e-14 5.587192070375770183e-14 8.361990781657106342e-14 1.296560048476140662e-13 1.783540269061231598e-13 1.982462767625340570e-13 2.096419233880491022e-13 2.286952184370144164e-13 2.691745493138437403e-13 3.114091132856219817e-13 3.639172182458121497e-13 3.566765285115210590e-13 2.648717649370474259e-13 2.362669203439212526e-13 2.062946752846463542e-13 1.653687439826964106e-13 8.451660336254176837e-14
-1.020230660007815732e-15 1.716143758399402436e-14 1.189063975854314304e-14 6.516597728891568229e-15 -2.454125919382297307e-15 2.112248139617524002e-14 2.573834540507919835e-14 3.824084764142961336e-14 4.057752640824423972e-14 5.307676567916133478e-14 6.207767494768238614e-14 9.394977385140301227e-14 1.374666064443989587e-13 1.982462767625340570e-13 2.802600485695814043e-13 3.138618636012836524e-13 3.441914733984399124e-13 3.962021515565628668e-13 4.549778468433521779e-13 5.163768755032023609e-13 4.906854899121294719e-13 3.562867393135962944e-13 3.082634109345295322e-13 2.823015206875906002e-13 2.366655115679856799e-13 1.556040404237059952e-13
3.188234935837612548e-15 2.035837247823896019e-14 2.004559373590873868e-14 -2.791911090971071447e-15 -5.731614773735808582e-15 2.700393197381232397e-14 3.002345951734532828e-14 4.103346648505653885e-14 4.335900221469267389e-14 5.736768482107794658e-14 6.807836638793016560e-14 1.089571945014508672e-13 1.471198930909279157e-13 2.096419233880491022e-13 3.138618636012836524e-13 4.138193446395996520e-13 4.794705904327631179e-13 5.528084690908676491e-13 6.295442589178708286e-13 7.085572965775552793e-13 6.791579440163039223e-13 4.882535090154203578e-13 3.849388852011152699e-13 3.755382273252087595e-13 3.201597168521421876e-13 2.214176743850678544e-13
9.801777420039509472e-15 1.822477150163275220e-14 2.226170772625795449e-14 -9.371069683817590095e-15 -1.071320113596538393e-14 2.556062371211983030e-14 2.695703917317862752e-14 3.900870971438235862e-14 4.127004961769746433e-14 6.152002188084410817e-14 7.583003214887052090e-14 1.164693595505700607e-13 1.594560469703504624e-13 2.286952184370144164e-13 3.441914733984399124e-13 4.794705904327631179e-13 6.406617711338947715e-13 7.788153526229752317e-13 9.031852999083958305e-13 1.027605666469817899e-12 1.005558790947655992e-12 7.460276564489195323e-13 5.088904602148698662e-13 4.821632537604599952e-13 4.142847264151099655e-13 3.006848385057489369e-13
2.039419192973803174e-14 2.198521952978807449e-14 4.071969994852620687e-14 3.381977910034076981e-15 -2.568797652257395176e-15 3.867371787207591786e-14 3.975035054614754041e-14 5.192801319072013426e-14 4.949150890677636136e-14 8.151070443071848087e-14 9.405887070832803316e-14 1.352885562720148705e-13 1.870478200160635147e-13 2.691745493138437403e-13 3.962021515565628668e-13 5.528084690908676491e-13 7.788153526229752317e-13 1.056191794546278663e-12 1.278965610214375005e-12 1.479535879250664090e-12 1.484161235640802033e-12 1.203032127933161439e-12 8.486825132166121626e-13 8.132755631729643460e-13 7.339099178606208009e-13 5.465386892365968935e-13
2.580667064613440565e-14 1.838326953626193637e-14 4.458126801488305049e-14 1.019655882609405106e-14 1.688384114560131241e-15 4.388428732284448993e-14 5.528964424272616886e-14 6.450787495972787321e-14 5.719796929455459549e-14 9.596693580639649733e-14 1.112490153261274422e-13 1.522369844588621156e-13 2.089569264935961358e-13 3.114091132856219817e-13 4.549778468433521779e-13 6.295442589178708286e-13 9.031852999083958305e-13 1.278965610214375005e-12 1.678952591090475302e-12 2.016845976125191344e-12 2.064148628500607207e-12 1.749509741635308056e-12 1.234210263374998355e-12 1.111121316299262531e-12 9.631149779388702952e-13 7.263758602813431841e-13
3.223666476540028719e-14 3.401939008861324324e-14 6.136642897431778176e-14 1.087158638614698115e-14 -8.754912295869103526e-16 4.384230451140389716e-14 6.742409534131107663e-14 6.940428051769492839e-14 5.581957574806680298e-14 1.055869881694939922e-13 1.241661188520407066e-13 1.645201683747586192e-13 2.312665790541945668e-13 3.639172182458121497e-13 5.163768755032023609e-13 7.085572965775552793e-13 1.027605666469817899e-12 1.479535879250664090e-12 2.016845976125191344e-12 2.599633759739390175e-12 2.786703244035281471e-12 2.483678608726143331e-12 1.801570260973215952e-12 1.439436252383532880e-12 1.118834373456327184e-12 7.935556653828750110e-13
3.506691581011781227e-14 5.539014639481248543e-14 8.774260227210582979e-14 2.774065188622049137e-15 -8.616919370048427894e-15 1.744215032729276701e-14 5.605269224043732524e-14 5.264743874691517881e-14 3.374298444815467831e-14 9.428054947732016900e-14 1.193368249935505350e-13 1.428946612274313734e-13 2.163799503433157287e-13 3.566765285115210590e-13 4.906854899121294719e-13 6.791579440163039223e-13 1.005558790947655992e-12 1.484161235640802033e-12 2.064148628500607207e-12 2.786703244035281471e-12 3.279244288248160349e-12 3.172344521892726299e-12 2.472376888782391506e-12 1.858527632900080125e-12 1.364131490001016948e-12 9.360257510109996643e-13
1.871294449409975499e-15 6.798145806373032483e-14 1.128263139413567034e-13 1.828303521052397705e-14 -6.542433695500390465e-15 -3.650896254417903587e-15 4.644470480746887890e-14 2.859477511051016707e-14 5.316369229626890669e-16 7.064985741203338627e-14 8.913981131831117045e-14 8.240810838962728590e-14 1.469747397358755947e-13 2.648717649370474259e-13 3.562867393135962944e-13 4.882535090154203578e-13 7.460276564489195323e-13 1.203032127933161439e-12 1.749509741635308056e-12 2.483678608726143331e-12 3.172344521892726299e-12 3.585517118359126875e-12 3.223730501411854652e-12 2.509384753446345303e-12 1.811531737151067157e-12 1.341357194268174983e-12
-6.498987329685344535e-14 7.327861375607789863e-14 9.399764305350725364e-14 3.417065514334572936e-14 -8.492402967761752295e-15 -6.601225484243152852e-15 3.411483086780034228e-14 2.032593724060318475e-14 -4.466836174670642410e-15 7.412458106711751584e-14 8.871060254678154396e-14 8.871495198441975699e-14 1.417526427101840769e-13 2.362669203439212526e-13 3.082634109345295322e-13 3.849388852011152699e-13 5.088904602148698662e-13 8.486825132166121626e-13 1.234210263374998355e-12 1.801570260973215952e-12 2.472376888782391506e-12 3.223730501411854652e-12 3.680525278731435137e-12 3.344701208920909011e-12 2.629313535020778806e-12 2.237724291585891283e-12
-8.781429686406816798e-14 5.704522471533642670e-14 6.254079110388390040e-14 2.596935174577614557e-14 -5.037854283719200332e-15 3.573759859040939930e-14 4.791286146591584487e-14 2.643598723360986257e-14 1.241011950235832007e-14 7.571208632806033133e-14 9.203263753889977429e-14 1.050533750044797542e-13 1.414969697870279328e-13 2.062946752846463542e-13 2.823015206875906002e-13 3.755382273252087595e-13 4.821632537604599952e-13 8.132755631729643460e-13 1.111121316299262531e-12 1.439436252383532880e-12 1.858527632900080125e-12 2.509384753446345303e-12 3.344701208920909011e-12 4.138425901947748439e-12 4.153832737505267871e-12 3.687267255357659255e-12
-7.464689765241953518e-14 6.094243309503406141e-14 5.365236368594779125e-14 4.626636492674949329e-14 3.722641039351341658e-14 1.036482159234611538e-13 7.145191812967459290e-14 3.122182920120099072e-14 1.777000844579728011e-14 4.751565763101749480e-14 4.401090874775223444e-14 7.908152992518319934e-14 1.175777749969952783e-13 1.653687439826964106e-13 2.366655115679856799e-13 3.201597168521421876e-13 4.142847264151099655e-13 7.339099178606208009e-13 9.631149779388702952e-13 1.118834373456327184e-12 1.364131490001016948e-12 1.811531737151067157e-12 2.629313535020778806e-12 4.153832737505267871e-12 5.762773632862743263e-12 6.038162795513975973e-12
-7.069247614653658861e-14 8.839082244345081799e-14 6.243001038815469507e-14 5.998511325864416070e-14 3.746786642031058974e-14 1.324536329572637086e-13 1.027978852915339701e-13 2.388115487961467167e-14 1.718920517320903882e-14 4.265494457802381786e-14 3.328477894757683609e-15 3.094355115987761599e-14 4.487883426432730479e-14 8.451660336254176837e-14 1.556040404237059952e-13 2.214176743850678544e-13 3.006848385057489369e-13 5.465386892365968935e-13 7.263758602813431841e-13 7.935556653828750110e-13 9.360257510109996643e-13 1.341357194268174983e-12 2.237724291585891283e-12 3.687267255357659255e-12 6.038162795513975973e-12 8.827327742646198377e-12
