2.430159607071940649e-13 5.731150085168454341e-14 3.613143744970346849e-14 7.623138655930454044e-15 2.389874963779360233e-14 3.255987101357359522e-14 1.544532905367281000e-14 1.725365539652713497e-14 2.631286784944844417e-14 1.686331936156065931e-14 9.053846356743583811e-15 6.798565372845895781e-15 1.922988729515483157e-15 9.209140839007806487e-15 3.205687751996171660e-14 4.140015176845240174e-14 5.297056772839257050e-14 6.173285130039509333e-14 7.229401280398618099e-14 7.231327928261588765e-14 7.100433001916528439e-14 4.536215479174738415e-14 -7.868844125735883701e-15 2.619181767167356772e-14 8.428692198877934207e-14 6.569616093872521380e-14
5.731150085168454341e-14 2.036205979230876779e-13 6.441521963002166762e-14 1.717219004953816875e-14 1.743923476329364723e-14 1.850118932957127195e-14 9.332046102245729780e-15 1.446230069845793610e-14 8.369557308285637182e-15 3.901475838744724693e-15 7.160844212076882077e-15 1.197735168406714137e-14 5.988120033758435446e-15 4.603266272595045743e-15 6.354749838336205771e-15 1.148074821548131142e-14 1.876879085399142326e-15 -5.142735622275760787e-16 -9.746794227941444580e-15 -2.345755070362558677e-14 -1.033882238135835754e-14 2.801629090948487753e-14 6.396260326309865931e-14 8.578451645432157659e-14 1.209567086456949027e-13 1.894152963997708298e-13
3.613143744970346849e-14 6.441521963002166762e-14 1.226522448122274068e-13 3.256537156248692561e-14 1.745724036024800247e-14 2.308322894302188984e-14 2.183444089527106178e-14 6.604163762747511544e-15 6.215572138098523119e-15 -1.506562444254091756e-16 9.269328042961722109e-15 1.419728353916431584e-14 7.814257876100853502e-15 1.477533831468323044e-15 9.822579707927015940e-15 1.420152200036306466e-14 7.838003221880719510e-15 6.464089319457582407e-16 -2.553231422036449177e-15 -6.364690581272866891e-15 5.669272937582594313e-15 3.301311458009696096e-14 6.009642192451967253e-14 6.977271291996504990e-14 9.269020630834045414e-14 1.236269761481086359e-13
7.623138655930454044e-15 1.717219004953816875e-14 3.256537156248692561e-14 9.525935814945509252e-14 3.147556253792797416e-14 2.322158055286433704e-14 2.314619690115518687e-14 1.104218510779387846e-14 5.104251810290035491e-15 2.314351781154614196e-15 7.340659376987706000e-15 1.595947548474630970e-16 -1.770380749597530117e-15 -2.629393929433950094e-15 -4.985937817324230664e-15 -1.379659913263675530e-14 -1.662061829393430196e-14 -3.634503676021151571e-15 3.944682998823063201e-15 1.078230969002802658e-14 8.696996267716097596e-15 1.982764097030496997e-14 4.329753336785173286e-15 -1.152528590164985596e-14 2.990648580024184949e-15 8.279362451307838345e-15
2.389874963779360233e-14 1.743923476329364723e-14 1.745724036024800247e-14 3.147556253792797416e-14 8.528740113623066441e-14 3.551681621164228242e-14 2.655321713125330209e-14 1.537472327786899963e-14 1.420673988602856517e-14 1.242077452308874864e-14 1.229573833309603214e-14 7.615702052163532190e-15 2.565813494326085533e-15 1.865211884159688646e-15 7.197624485288427640e-15 5.306434658562093209e-15 4.310204849094895334e-15 2.016284181309814130e-14 2.383324827762588525e-14 1.917498241973338492e-14 1.417773104587410043e-14 4.973508265796957131e-15 -1.228227307665605662e-14 -6.577945079652627097e-15 4.642833536481372454e-14 3.319536974905206263e-14
3.255987101357359522e-14 1.850118932957127195e-14 2.308322894302188984e-14 2.322158055286433704e-14 3.551681621164228242e-14 9.912546684827046035e-14 5.905496045843362968e-14 3.002905199011976915e-14 2.034987997420337992e-14 1.757568736511133540e-14 6.203166138265877131e-15 1.075747939589803288e-14 3.117193453700918695e-15 4.106786553791643819e-15 1.155232871039136725e-14 1.578802755659243321e-14 6.957999665618754017e-15 8.821974707359903425e-15 9.113887690130476700e-15 1.168719971497476466e-14 -1.005265029397763046e-14 -3.037886063076627804e-14 -2.838310690053343760e-14 2.141677244815209399e-14 1.039074948582438273e-13 1.598345128540971343e-13
1.544532905367281000e-14 9.332046102245729780e-15 2.183444089527106178e-14 2.314619690115518687e-14 2.655321713125330209e-14 5.905496045843362968e-14 9.076796064951177136e-14 5.549156537195686670e-14 3.893169538823943006e-14 3.091212909376109101e-14 1.685758564194295441e-14 1.282533693985586646e-14 9.101609940050595180e-15 1.071665156734895958e-14 2.226725360807832224e-14 2.468218489873387802e-14 1.655354079139208177e-14 2.920629850566750804e-14 4.226462649940701451e-14 4.607908080660286594e-14 2.700972404390759319e-14 1.109108632782678603e-14 6.121946178471445434e-15 3.458673235908823044e-14 8.688129401378404922e-14 1.569383010561918446e-13
1.725365539652713497e-14 1.446230069845793610e-14 6.604163762747511544e-15 1.104218510779387846e-14 1.537472327786899963e-14 3.002905199011976915e-14 5.549156537195686670e-14 8.369063559784873870e-14 5.581196196523577500e-14 3.539687427075048012e-14 2.420115075759158071e-14 2.646491462095321564e-14 2.304469429804014388e-14 2.614968379653790825e-14 3.984584540555229221e-14 4.404685189049850594e-14 4.185643990492226941e-14 5.303334726500879572e-14 6.862005387154005226e-14 7.847339107376969720e-14 6.189551130772225761e-14 3.044426193015815898e-14 1.259954453947209388e-14 2.083606609817160115e-14 3.324010366359741638e-14 4.670971858396711908e-14
2.631286784944844417e-14 8.369557308285637182e-15 6.215572138098523119e-15 5.104251810290035491e-15 1.420673988602856517e-14 2.034987997420337992e-14 3.893169538823943006e-14 5.581196196523577500e-14 7.060409613259430745e-14 5.326332797402145239e-14 4.483651996976774190e-14 4.228292161922083743e-14 3.560244251283382018e-14 3.371750642449523685e-14 4.469935362610326637e-14 4.929931898961719415e-14 4.951082679411300056e-14 6.218839712846520590e-14 7.204219380017616623e-14 7.195506091736918321e-14 5.001772404232273844e-14 2.391822846597697901e-14 1.930266245697906734e-14 3.492333949061955331e-14 3.242005776239281520e-14 2.639486382627586184e-14
1.686331936156065931e-14 3.901475838744724693e-15 -1.506562444254091756e-16 2.314351781154614196e-15 1.242077452308874864e-14 1.757568736511133540e-14 3.091212909376109101e-14 3.539687427075048012e-14 5.326332797402145239e-14 7.606058896833259362e-14 6.533077147600639887e-14 5.337137212907264169e-14 4.805269374873973827e-14 4.582681395800893849e-14 5.411565318615902589e-14 5.992891095761578192e-14 6.323392666975575664e-14 8.263460735555370306e-14 9.820108082198578859e-14 1.093563138320841736e-13 9.718114568459921471e-14 7.483574109980925943e-14 8.383263840801517951e-14 9.479230817445162274e-14 7.511575079237611464e-14 6.754120822352651943e-14
9.053846356743583811e-15 7.160844212076882077e-15 9.269328042961722109e-15 7.340659376987706000e-15 1.229573833309603214e-14 6.203166138265877131e-15 1.685758564194295441e-14 2.420115075759158071e-14 4.483651996976774190e-14 6.533077147600639887e-14 8.843171419683075667e-14 7.031251014201789191e-14 6.264225335159264549e-14 5.665497314989705001e-14 6.310267984037735410e-14 6.993512782258276818e-14 7.622075799872298409e-14 9.624439686716541522e-14 1.148197231621514724e-13 1.306823000651652315e-13 1.288408098030914852e-13 1.044098244482148758e-13 1.076923422810117939e-13 1.089542009906828584e-13 6.372225994431149620e-14 2.334858524697111520e-14
6.798565372845895781e-15 1.197735168406714137e-14 1.419728353916431584e-14 1.595947548474630970e-16 7.615702052163532190e-15 1.075747939589803288e-14 1.282533693985586646e-14 2.646491462095321564e-14 4.228292161922083743e-14 5.337137212907264169e-14 7.031251014201789191e-14 9.615446303992192521e-14 8.694962451005216993e-14 8.349813898431263450e-14 9.476284123940161860e-14 1.099156439765720699e-13 1.178063080401942056e-13 1.347708918894820324e-13 1.530393217706224280e-13 1.667166426850986419e-13 1.452812746440902861e-13 8.372900881385622381e-14 8.252153699087375575e-14 9.347009290268009232e-14 6.106606842627623712e-14 1.840853472462047203e-15
1.922988729515483157e-15 5.988120033758435446e-15 7.814257876100853502e-15 -1.770380749597530117e-15 2.565813494326085533e-15 3.117193453700918695e-15 9.101609940050595180e-15 2.304469429804014388e-14 3.560244251283382018e-14 4.805269374873973827e-14 6.264225335159264549e-14 8.694962451005216993e-14 1.259635608069233872e-13 1.302005041971961429e-13 1.377726209843739696e-13 1.480630305246780770e-13 1.603458534182693763e-13 1.871635846931060334e-13 2.096447006069748900e-13 2.333093131620229763e-13 2.199306086750937781e-13 1.509466353339927862e-13 1.465153432496363106e-13 1.421087956725586330e-13 1.168314126166306998e-13 4.996657313588033084e-14
9.209140839007806487e-15 4.603266272595045743e-15 1.477533831468323044e-15 -2.629393929433950094e-15 1.865211884159688646e-15 4.106786553791643819e-15 1.071665156734895958e-14 2.614968379653790825e-14 3.371750642449523685e-14 4.582681395800893849e-14 5.665497314989705001e-14 8.349813898431263450e-14 1.302005041971961429e-13 1.792219766493285165e-13 1.981896359640323114e-13 2.106392829266866079e-13 2.295235362259214177e-13 2.713812646764116740e-13 3.147411920012205430e-13 3.698085152627922993e-13 3.638057637224999099e-13 2.733522277424301938e-13 2.426855186734400893e-13 2.089628514415843904e-13 1.615175665127452994e-13 8.043117314336365675e-14
3.205687751996171660e-14 6.354749838336205771e-15 9.822579707927015940e-15 -4.985937817324230664e-15 7.197624485288427640e-15 1.155232871039136725e-14 2.226725360807832224e-14 3.984584540555229221e-14 4.469935362610326637e-14 5.411565318615902589e-14 6.310267984037735410e-14 9.476284123940161860e-14 1.377726209843739696e-13 1.981896359640323114e-13 2.801396353549312426e-13 3.137563073963441991e-13 3.423025642842471913e-13 3.964503342369031794e-13 4.563472824892118923e-13 5.183376926272425435e-13 4.929324119415658247e-13 3.601292392661393725e-13 3.119815823727756072e-13 2.869403400402858279e-13 2.425220186570941621e-13 1.599586004570112367e-13
4.140015176845240174e-14 1.148074821548131142e-14 1.420152200036306466e-14 -1.379659913263675530e-14 5.306434658562093209e-15 1.578802755659243321e-14 2.468218489873387802e-14 4.404685189049850594e-14 4.929931898961719415e-14 5.992891095761578192e-14 6.993512782258276818e-14 1.099156439765720699e-13 1.480630305246780770e-13 2.106392829266866079e-13 3.137563073963441991e-13 4.123832513656346641e-13 4.778228489913157531e-13 5.523465605892200541e-13 6.300037087601107297e-13 7.090400108298230685e-13 6.792853860607711548e-13 4.882138778630906204e-13 3.843618611663107125e-13 3.760352587490891528e-13 3.222192292610911951e-13 2.248761826447493366e-13
5.297056772839257050e-14 1.876879085399142326e-15 7.838003221880719510e-15 -1.662061829393430196e-14 4.310204849094895334e-15 6.957999665618754017e-15 1.655354079139208177e-14 4.185643990492226941e-14 4.951082679411300056e-14 6.323392666975575664e-14 7.622075799872298409e-14 1.178063080401942056e-13 1.603458534182693763e-13 2.295235362259214177e-13 3.423025642842471913e-13 4.778228489913157531e-13 6.373092409325251969e-13 7.757236165855292738e-13 8.993332700566236990e-13 1.021131425786301135e-12 9.984899601193106823e-13 7.399428811504869237e-13 5.042716226650398378e-13 4.783594560788405414e-13 4.097174915286367191e-13 2.921373690062112187e-13
6.173285130039509333e-14 -5.142735622275760787e-16 6.464089319457582407e-16 -3.634503676021151571e-15 2.016284181309814130e-14 8.821974707359903425e-15 2.920629850566750804e-14 5.303334726500879572e-14 6.218839712846520590e-14 8.263460735555370306e-14 9.624439686716541522e-14 1.347708918894820324e-13 1.871635846931060334e-13 2.713812646764116740e-13 3.964503342369031794e-13 5.523465605892200541e-13 7.757236165855292738e-13 1.055747147540827774e-12 1.279092103640481204e-12 1.477809530016135790e-12 1.482492646900545755e-12 1.202523376019276486e-12 8.497215410746581063e-13 8.139356022955461044e-13 7.340562658737322301e-13 5.475251041906253104e-13
7.229401280398618099e-14 -9.746794227941444580e-15 -2.553231422036449177e-15 3.944682998823063201e-15 2.383324827762588525e-14 9.113887690130476700e-15 4.226462649940701451e-14 6.862005387154005226e-14 7.204219380017616623e-14 9.820108082198578859e-14 1.148197231621514724e-13 1.530393217706224280e-13 2.096447006069748900e-13 3.147411920012205430e-13 4.563472824892118923e-13 6.300037087601107297e-13 8.993332700566236990e-13 1.279092103640481204e-12 1.679879877688204952e-12 2.014701931769364808e-12 2.062585097693243685e-12 1.747330789947068679e-12 1.235056199012430377e-12 1.114165868942781475e-12 9.652218036415366612e-13 7.285935349625400166e-13
7.231327928261588765e-14 -2.345755070362558677e-14 -6.364690581272866891e-15 1.078230969002802658e-14 1.917498241973338492e-14 1.168719971497476466e-14 4.607908080660286594e-14 7.847339107376969720e-14 7.195506091736918321e-14 1.093563138320841736e-13 1.306823000651652315e-13 1.667166426850986419e-13 2.333093131620229763e-13 3.698085152627922993e-13 5.183376926272425435e-13 7.090400108298230685e-13 1.021131425786301135e-12 1.477809530016135790e-12 2.014701931769364808e-12 2.592243605652498253e-12 2.780959552585151500e-12 2.476610302240214375e-12 1.798985620375001450e-12 1.438256654129129570e-12 1.119018569168735743e-12 7.964739472567795919e-13
7.100433001916528439e-14 -1.033882238135835754e-14 5.669272937582594313e-15 8.696996267716097596e-15 1.417773104587410043e-14 -1.005265029397763046e-14 2.700972404390759319e-14 6.189551130772225761e-14 5.001772404232273844e-14 9.718114568459921471e-14 1.288408098030914852e-13 1.452812746440902861e-13 2.199306086750937781e-13 3.638057637224999099e-13 4.929324119415658247e-13 6.792853860607711548e-13 9.984899601193106823e-13 1.482492646900545755e-12 2.062585097693243685e-12 2.780959552585151500e-12 3.277384949730985300e-12 3.169191832166779658e-12 2.474006444841453957e-12 1.859379679110000267e-12 1.364476560600684355e-12 9.367615160478158192e-13
4.536215479174738415e-14 2.801629090948487753e-14 3.301311458009696096e-14 1.982764097030496997e-14 4.973508265796957131e-15 -3.037886063076627804e-14 1.109108632782678603e-14 3.044426193015815898e-14 2.391822846597697901e-14 7.483574109980925943e-14 1.044098244482148758e-13 8.372900881385622381e-14 1.509466353339927862e-13 2.733522277424301938e-13 3.601292392661393725e-13 4.882138778630906204e-13 7.399428811504869237e-13 1.202523376019276486e-12 1.747330789947068679e-12 2.476610302240214375e-12 3.169191832166779658e-12 3.580578036403180878e-12 3.223021220556779179e-12 2.508105487735685207e-12 1.811672960643147533e-12 1.341256488558443907e-12
-7.868844125735883701e-15 6.396260326309865931e-14 6.009642192451967253e-14 4.329753336785173286e-15 -1.228227307665605662e-14 -2.838310690053343760e-14 6.121946178471445434e-15 1.259954453947209388e-14 1.930266245697906734e-14 8.383263840801517951e-14 1.076923422810117939e-13 8.252153699087375575e-14 1.465153432496363106e-13 2.426855186734400893e-13 3.119815823727756072e-13 3.843618611663107125e-13 5.042716226650398378e-13 8.497215410746581063e-13 1.235056199012430377e-12 1.798985620375001450e-12 2.474006444841453957e-12 3.223021220556779179e-12 3.681156538577996131e-12 3.344735957576901536e-12 2.631400376050783214e-12 2.236753572761246759e-12
2.619181767167356772e-14 8.578451645432157659e-14 6.977271291996504990e-14 -1.152528590164985596e-14 -6.577945079652627097e-15 2.141677244815209399e-14 3.458673235908823044e-14 2.083606609817160115e-14 3.492333949061955331e-14 9.479230817445162274e-14 1.089542009906828584e-13 9.347009290268009232e-14 1.421087956725586330e-13 2.089628514415843904e-13 2.869403400402858279e-13 3.760352587490891528e-13 4.783594560788405414e-13 8.139356022955461044e-13 1.114165868942781475e-12 1.438256654129129570e-12 1.859379679110000267e-12 2.508105487735685207e-12 3.344735957576901536e-12 4.140391871435511288e-12 4.157564199173589526e-12 3.687300567287588273e-12
8.428692198877934207e-14 1.209567086456949027e-13 9.269020630834045414e-14 2.990648580024184949e-15 4.642833536481372454e-14 1.039074948582438273e-13 8.688129401378404922e-14 3.324010366359741638e-14 3.242005776239281520e-14 7.511575079237611464e-14 6.372225994431149620e-14 6.106606842627623712e-14 1.168314126166306998e-13 1.615175665127452994e-13 2.425220186570941621e-13 3.222192292610911951e-13 4.097174915286367191e-13 7.340562658737322301e-13 9.652218036415366612e-13 1.119018569168735743e-12 1.364476560600684355e-12 1.811672960643147533e-12 2.631400376050783214e-12 4.157564199173589526e-12 5.767003402697136597e-12 6.039959520553472212e-12
6.569616093872521380e-14 1.894152963997708298e-13 1.236269761481086359e-13 8.279362451307838345e-15 3.319536974905206263e-14 1.598345128540971343e-13 1.569383010561918446e-13 4.670971858396711908e-14 2.639486382627586184e-14 6.754120822352651943e-14 2.334858524697111520e-14 1.840853472462047203e-15 4.996657313588033084e-14 8.043117314336365675e-14 1.599586004570112367e-13 2.248761826447493366e-13 2.921373690062112187e-13 5.475251041906253104e-13 7.285935349625400166e-13 7.964739472567795919e-13 9.367615160478158192e-13 1.341256488558443907e-12 2.236753572761246759e-12 3.687300567287588273e-12 6.039959520553472212e-12 8.824919536798657529e-12
