2.062331752246432872e-13 4.971348878403089322e-14 3.353218911520717187e-14 1.704572917000429885e-14 1.190853509276555240e-14 1.737825806218925512e-14 1.558909321366935856e-14 1.683807976150090816e-14 2.130933165670042202e-14 1.456355303922929316e-14 4.043781997440316011e-15 2.264091243284905407e-15 6.863218598402766288e-15 2.005961121304185628e-15 -5.334888685904652708e-15 -3.875844217643728007e-15 -7.746269247635592651e-15 5.612550130029979904e-15 -1.461511231273949278e-14 -3.385198872242916532e-14 -2.339217387647964049e-14 5.269264221980062156e-15 1.504808606245558857e-14 -7.025824971934609719e-15 4.284746296454847509e-14 1.437221010105613320e-13
4.971348878403089322e-14 1.731935795327713717e-13 4.605845988538301111e-14 2.659881262851166158e-14 1.752401415930844725e-14 1.638718489852160098e-14 9.631130531718401619e-15 7.683794496499204261e-15 -7.960517240244722927e-16 -9.757058184362328587e-15 -3.562293451740730370e-15 9.141819922050528679e-15 8.659495565891281485e-15 7.284031097738670216e-15 1.909974422025934970e-14 2.038839900415717698e-14 6.186974843962608809e-15 -4.664987555059277124e-15 -1.538714905133272542e-14 -1.650832722478831498e-14 -1.229586140247805106e-14 1.538648456730518318e-14 5.204533743278304273e-14 7.650243023276656843e-14 6.876576656891113549e-14 6.270397903290282306e-16
3.353218911520717187e-14 4.605845988538301111e-14 9.865486127612633643e-14 4.245259857813891370e-14 1.681748449479860427e-14 2.073352409302703458e-14 2.100673232279099466e-14 1.980698355438910059e-14 7.214436464685642466e-15 9.189076914116155095e-15 8.752538396982171113e-15 1.340959120633545160e-14 4.538456079833233925e-15 4.103750235130253786e-16 4.024882954408761667e-15 9.065353141841187057e-15 1.131883019724094806e-14 2.052808417941437146e-14 2.344536014488008248e-14 2.822175030656731344e-14 3.328885883910728056e-14 3.694520502409214177e-14 2.293620034922473805e-14 5.019595552460508212e-15 -1.318046235789608979e-14 -2.410346369111033980e-14
1.704572917000429885e-14 2.659881262851166158e-14 4.245259857813891370e-14 9.558756578907862077e-14 2.902826450363390083e-14 2.327101523506657917e-14 2.167977179428031562e-14 1.427971249507877152e-14 7.525989353230647273e-15 -6.715163596728765191e-17 5.637832373305815413e-15 5.707372606799217597e-16 2.389771224060739958e-15 4.974900834446221408e-18 1.371027150207365534e-15 -7.974398046968888672e-15 -1.811247257270353931e-14 -1.344668483111517256e-14 -1.260726364080835821e-14 -1.689347038357276789e-14 -1.554173544770226040e-14 1.275466770500583664e-14 4.570992831118264482e-14 5.289032212086275622e-14 5.562130226636188195e-14 6.517611147471759102e-14
1.190853509276555240e-14 1.752401415930844725e-14 1.681748449479860427e-14 2.902826450363390083e-14 7.238604110997865276e-14 4.134195571933593546e-14 2.760025677189186824e-14 2.287724620268657293e-14 2.136276498894967819e-14 1.390744473852551816e-14 1.530358540495854920e-14 1.195062712512937676e-14 3.456065200459233647e-15 6.142037644028823419e-15 1.172361221946315412e-14 6.333574579238171831e-15 4.144481579253144715e-15 1.254685348414046989e-14 1.788495580600826382e-14 2.224191260903380285e-14 1.440137395215133180e-14 3.339794348634377039e-15 7.655310519809094921e-15 2.411717904445440933e-14 6.863754158581591407e-14 7.134571916402677616e-14
1.737825806218925512e-14 1.638718489852160098e-14 2.073352409302703458e-14 2.327101523506657917e-14 4.134195571933593546e-14 8.286269696319852826e-14 5.182397459015358751e-14 3.496089453909133634e-14 2.705737469047793735e-14 1.759404216763952014e-14 6.021705907664154985e-15 1.127087732844929069e-14 6.476183345964375003e-15 8.317416880840492580e-15 1.843517604787885148e-14 2.303179629782909811e-14 1.639042228307520995e-14 2.699810784978961396e-14 3.272380895338105994e-14 2.699242746400771193e-14 -1.435023316049390808e-14 -4.419796250240102239e-14 -3.821884673982177698e-14 1.477147245962109092e-14 8.968919773296778156e-14 1.444090574596144957e-13
1.558909321366935856e-14 9.631130531718401619e-15 2.100673232279099466e-14 2.167977179428031562e-14 2.760025677189186824e-14 5.182397459015358751e-14 7.542483965639573711e-14 5.125947301004878249e-14 4.125364977222591162e-14 3.449072859044878270e-14 2.331817128060823678e-14 2.258480550490082627e-14 1.925875241199725734e-14 2.206151146864712914e-14 3.367635772012014118e-14 3.505054164686891156e-14 3.248130554665631924e-14 4.610550373947038756e-14 6.416048049208995912e-14 7.022507592855156535e-14 5.118823639988034198e-14 3.852878446159278794e-14 3.414091372112237843e-14 5.969105826786440483e-14 8.719933777519221411e-14 1.312988066346060405e-13
1.683807976150090816e-14 7.683794496499204261e-15 1.980698355438910059e-14 1.427971249507877152e-14 2.287724620268657293e-14 3.496089453909133634e-14 5.125947301004878249e-14 7.829911284969464010e-14 5.533450646410765136e-14 3.646041255050193000e-14 2.557834586517902443e-14 2.266793916828331230e-14 2.134704001403690720e-14 2.432419354843171759e-14 3.622834332284895135e-14 3.893432122559260664e-14 3.590536038690678101e-14 4.525486379474418386e-14 5.637226161506947772e-14 6.266367938988761884e-14 5.360734806763165421e-14 3.527698743633786965e-14 2.696664420448575888e-14 2.630048502947845727e-14 3.020785412215592493e-14 5.397724449414702584e-14
2.130933165670042202e-14 -7.960517240244722927e-16 7.214436464685642466e-15 7.525989353230647273e-15 2.136276498894967819e-14 2.705737469047793735e-14 4.125364977222591162e-14 5.533450646410765136e-14 7.290071884770604816e-14 5.092482874123872999e-14 4.326076486542253009e-14 4.086404348830440802e-14 3.642432049210157683e-14 3.458985805616110417e-14 4.194153473384230373e-14 4.271903839132385804e-14 4.132869219858797157e-14 5.129915717006051988e-14 6.228686015706703029e-14 6.236544302389643666e-14 4.388036925795267685e-14 2.345121208317570465e-14 2.563033414785997039e-14 4.427984824030406228e-14 4.444159525604145599e-14 3.650314235618045356e-14
1.456355303922929316e-14 -9.757058184362328587e-15 9.189076914116155095e-15 -6.715163596728765191e-17 1.390744473852551816e-14 1.759404216763952014e-14 3.449072859044878270e-14 3.646041255050193000e-14 5.092482874123872999e-14 7.534006584951807845e-14 6.402068411931587267e-14 5.718393213077161908e-14 4.870096350151792950e-14 4.852222672305794770e-14 5.501618012557401711e-14 5.892060260901505362e-14 6.377092451282548682e-14 8.389373184171823355e-14 1.021975892338953852e-13 1.151288510642768372e-13 1.058910764954350284e-13 7.969745052785209628e-14 7.958263196727645263e-14 8.171387748160064504e-14 5.392312661209013042e-14 4.546306063890848226e-14
4.043781997440316011e-15 -3.562293451740730370e-15 8.752538396982171113e-15 5.637832373305815413e-15 1.530358540495854920e-14 6.021705907664154985e-15 2.331817128060823678e-14 2.557834586517902443e-14 4.326076486542253009e-14 6.402068411931587267e-14 8.794972714166287020e-14 7.480484642814935178e-14 6.060598468639804406e-14 5.431025339763622829e-14 5.999228035271581441e-14 6.668314611810881127e-14 7.321701986355290912e-14 9.104148239516956562e-14 1.092647408848157857e-13 1.230525383381400402e-13 1.189811863626752191e-13 8.973937008976644296e-14 9.351194250276826858e-14 1.041930049884664156e-13 5.862627357168759331e-14 1.699745821073421358e-14
2.264091243284905407e-15 9.141819922050528679e-15 1.340959120633545160e-14 5.707372606799217597e-16 1.195062712512937676e-14 1.127087732844929069e-14 2.258480550490082627e-14 2.266793916828331230e-14 4.086404348830440802e-14 5.718393213077161908e-14 7.480484642814935178e-14 1.030567240327257634e-13 9.149870573833829065e-14 8.585918795165357467e-14 9.712126028516428809e-14 1.135192526004903251e-13 1.222479749677825687e-13 1.434967809314324748e-13 1.637081094338535525e-13 1.790662855689767644e-13 1.575131825351666182e-13 9.744749049252307345e-14 9.869745501364439926e-14 1.129132494992362128e-13 8.060833054662865064e-14 1.616372990163588421e-14
6.863218598402766288e-15 8.659495565891281485e-15 4.538456079833233925e-15 2.389771224060739958e-15 3.456065200459233647e-15 6.476183345964375003e-15 1.925875241199725734e-14 2.134704001403690720e-14 3.642432049210157683e-14 4.870096350151792950e-14 6.060598468639804406e-14 9.149870573833829065e-14 1.275719577171923750e-13 1.297568211372953512e-13 1.385052352077740862e-13 1.483195761375387634e-13 1.597884635722281129e-13 1.867537652383737569e-13 2.075895862681834639e-13 2.301703793259232537e-13 2.162691760854671022e-13 1.479906876122879522e-13 1.460108756174659431e-13 1.466449948433082528e-13 1.166476064202733108e-13 3.580716738317172225e-14
2.005961121304185628e-15 7.284031097738670216e-15 4.103750235130253786e-16 4.974900834446221408e-18 6.142037644028823419e-15 8.317416880840492580e-15 2.206151146864712914e-14 2.432419354843171759e-14 3.458985805616110417e-14 4.852222672305794770e-14 5.431025339763622829e-14 8.585918795165357467e-14 1.297568211372953512e-13 1.766255894458835514e-13 1.975786899311263576e-13 2.092915836221304286e-13 2.287256627678254677e-13 2.686884267385773786e-13 3.118055215902827581e-13 3.666836621933908975e-13 3.609983803034528440e-13 2.702490185328672840e-13 2.385183173918584089e-13 2.024324326691656321e-13 1.568003892190170170e-13 7.684227926783630489e-14
-5.334888685904652708e-15 1.909974422025934970e-14 4.024882954408761667e-15 1.371027150207365534e-15 1.172361221946315412e-14 1.843517604787885148e-14 3.367635772012014118e-14 3.622834332284895135e-14 4.194153473384230373e-14 5.501618012557401711e-14 5.999228035271581441e-14 9.712126028516428809e-14 1.385052352077740862e-13 1.975786899311263576e-13 2.802446799608998540e-13 3.131430784999936533e-13 3.434517623150775473e-13 3.958091110581533078e-13 4.559565541670360686e-13 5.193669199870380803e-13 4.935495292319932183e-13 3.587843169541835503e-13 3.089303818070934151e-13 2.821229861272101380e-13 2.370274703446820459e-13 1.546512756045767185e-13
-3.875844217643728007e-15 2.038839900415717698e-14 9.065353141841187057e-15 -7.974398046968888672e-15 6.333574579238171831e-15 2.303179629782909811e-14 3.505054164686891156e-14 3.893432122559260664e-14 4.271903839132385804e-14 5.892060260901505362e-14 6.668314611810881127e-14 1.135192526004903251e-13 1.483195761375387634e-13 2.092915836221304286e-13 3.131430784999936533e-13 4.128885441530051693e-13 4.791254400920967588e-13 5.520690106591481439e-13 6.288462356053560753e-13 7.074253224996353333e-13 6.781347846573528257e-13 4.862412381802420172e-13 3.804204853865171210e-13 3.696564610965689813e-13 3.156824046579560596e-13 2.196291503101767084e-13
-7.746269247635592651e-15 6.186974843962608809e-15 1.131883019724094806e-14 -1.811247257270353931e-14 4.144481579253144715e-15 1.639042228307520995e-14 3.248130554665631924e-14 3.590536038690678101e-14 4.132869219858797157e-14 6.377092451282548682e-14 7.321701986355290912e-14 1.222479749677825687e-13 1.597884635722281129e-13 2.287256627678254677e-13 3.434517623150775473e-13 4.791254400920967588e-13 6.386750712242707279e-13 7.758567679826907653e-13 9.001157223675844996e-13 1.023311029993796183e-12 1.002226431228228773e-12 7.442635089801925174e-13 5.073446981360364624e-13 4.792993258963186557e-13 4.110614549110877163e-13 2.972139341749280643e-13
5.612550130029979904e-15 -4.664987555059277124e-15 2.052808417941437146e-14 -1.344668483111517256e-14 1.254685348414046989e-14 2.699810784978961396e-14 4.610550373947038756e-14 4.525486379474418386e-14 5.129915717006051988e-14 8.389373184171823355e-14 9.104148239516956562e-14 1.434967809314324748e-13 1.867537652383737569e-13 2.686884267385773786e-13 3.958091110581533078e-13 5.520690106591481439e-13 7.758567679826907653e-13 1.054043563796001640e-12 1.277485517746448042e-12 1.476357771184223417e-12 1.482219420739020595e-12 1.203889084649561571e-12 8.506230965922066536e-13 8.152986962437777117e-13 7.368163927142262100e-13 5.504667531510115787e-13
-1.461511231273949278e-14 -1.538714905133272542e-14 2.344536014488008248e-14 -1.260726364080835821e-14 1.788495580600826382e-14 3.272380895338105994e-14 6.416048049208995912e-14 5.637226161506947772e-14 6.228686015706703029e-14 1.021975892338953852e-13 1.092647408848157857e-13 1.637081094338535525e-13 2.075895862681834639e-13 3.118055215902827581e-13 4.559565541670360686e-13 6.288462356053560753e-13 9.001157223675844996e-13 1.277485517746448042e-12 1.678551178510795872e-12 2.014451567700012212e-12 2.063618199426104087e-12 1.748863350725515346e-12 1.233444576328628828e-12 1.110646871994718672e-12 9.642719542728044881e-13 7.317316551218059190e-13
-3.385198872242916532e-14 -1.650832722478831498e-14 2.822175030656731344e-14 -1.689347038357276789e-14 2.224191260903380285e-14 2.699242746400771193e-14 7.022507592855156535e-14 6.266367938988761884e-14 6.236544302389643666e-14 1.151288510642768372e-13 1.230525383381400402e-13 1.790662855689767644e-13 2.301703793259232537e-13 3.666836621933908975e-13 5.193669199870380803e-13 7.074253224996353333e-13 1.023311029993796183e-12 1.476357771184223417e-12 2.014451567700012212e-12 2.594223171730908752e-12 2.783729820915736548e-12 2.481227626968991329e-12 1.800658374397684473e-12 1.439636796439040862e-12 1.121608138494889098e-12 7.998098355036363553e-13
-2.339217387647964049e-14 -1.229586140247805106e-14 3.328885883910728056e-14 -1.554173544770226040e-14 1.440137395215133180e-14 -1.435023316049390808e-14 5.118823639988034198e-14 5.360734806763165421e-14 4.388036925795267685e-14 1.058910764954350284e-13 1.189811863626752191e-13 1.575131825351666182e-13 2.162691760854671022e-13 3.609983803034528440e-13 4.935495292319932183e-13 6.781347846573528257e-13 1.002226431228228773e-12 1.482219420739020595e-12 2.063618199426104087e-12 2.783729820915736548e-12 3.280964071413504117e-12 3.173808265900375103e-12 2.474880571628688473e-12 1.860801798884590703e-12 1.367153350353745729e-12 9.409219283523771230e-13
5.269264221980062156e-15 1.538648456730518318e-14 3.694520502409214177e-14 1.275466770500583664e-14 3.339794348634377039e-15 -4.419796250240102239e-14 3.852878446159278794e-14 3.527698743633786965e-14 2.345121208317570465e-14 7.969745052785209628e-14 8.973937008976644296e-14 9.744749049252307345e-14 1.479906876122879522e-13 2.702490185328672840e-13 3.587843169541835503e-13 4.862412381802420172e-13 7.442635089801925174e-13 1.203889084649561571e-12 1.748863350725515346e-12 2.481227626968991329e-12 3.173808265900375103e-12 3.585716568503408524e-12 3.224882332413713693e-12 2.511110434532979116e-12 1.813098617168461192e-12 1.341687615171425576e-12
1.504808606245558857e-14 5.204533743278304273e-14 2.293620034922473805e-14 4.570992831118264482e-14 7.655310519809094921e-15 -3.821884673982177698e-14 3.414091372112237843e-14 2.696664420448575888e-14 2.563033414785997039e-14 7.958263196727645263e-14 9.351194250276826858e-14 9.869745501364439926e-14 1.460108756174659431e-13 2.385183173918584089e-13 3.089303818070934151e-13 3.804204853865171210e-13 5.073446981360364624e-13 8.506230965922066536e-13 1.233444576328628828e-12 1.800658374397684473e-12 2.474880571628688473e-12 3.224882332413713693e-12 3.681185404733572316e-12 3.346157595678788870e-12 2.631577654591427788e-12 2.238325957841405130e-12
-7.025824971934609719e-15 7.650243023276656843e-14 5.019595552460508212e-15 5.289032212086275622e-14 2.411717904445440933e-14 1.477147245962109092e-14 5.969105826786440483e-14 2.630048502947845727e-14 4.427984824030406228e-14 8.171387748160064504e-14 1.041930049884664156e-13 1.129132494992362128e-13 1.466449948433082528e-13 2.024324326691656321e-13 2.821229861272101380e-13 3.696564610965689813e-13 4.792993258963186557e-13 8.152986962437777117e-13 1.110646871994718672e-12 1.439636796439040862e-12 1.860801798884590703e-12 2.511110434532979116e-12 3.346157595678788870e-12 4.141182285594896459e-12 4.156705429704819703e-12 3.689401964297700895e-12
4.284746296454847509e-14 6.876576656891113549e-14 -1.318046235789608979e-14 5.562130226636188195e-14 6.863754158581591407e-14 8.968919773296778156e-14 8.719933777519221411e-14 3.020785412215592493e-14 4.444159525604145599e-14 5.392312661209013042e-14 5.862627357168759331e-14 8.060833054662865064e-14 1.166476064202733108e-13 1.568003892190170170e-13 2.370274703446820459e-13 3.156824046579560596e-13 4.110614549110877163e-13 7.368163927142262100e-13 9.642719542728044881e-13 1.121608138494889098e-12 1.367153350353745729e-12 1.813098617168461192e-12 2.631577654591427788e-12 4.156705429704819703e-12 5.764486434584888870e-12 6.040991741175683159e-12
1.437221010105613320e-13 6.270397903290282306e-16 -2.410346369111033980e-14 6.517611147471759102e-14 7.134571916402677616e-14 1.444090574596144957e-13 1.312988066346060405e-13 5.397724449414702584e-14 3.650314235618045356e-14 4.546306063890848226e-14 1.699745821073421358e-14 1.616372990163588421e-14 3.580716738317172225e-14 7.684227926783630489e-14 1.546512756045767185e-13 2.196291503101767084e-13 2.972139341749280643e-13 5.504667531510115787e-13 7.317316551218059190e-13 7.998098355036363553e-13 9.409219283523771230e-13 1.341687615171425576e-12 2.238325957841405130e-12 3.689401964297700895e-12 6.040991741175683159e-12 8.828975962574168273e-12
