2.855835326229292782e-13 7.250937199366310987e-14 5.464503594256696613e-14 7.798069222277202668e-15 1.092632853780878625e-14 2.280394281180517548e-14 1.278891187368996181e-14 1.930950497087694925e-14 2.168995818590057688e-14 1.279753116081026990e-14 1.719594392091561824e-14 2.026373740745832277e-14 1.390793320361707140e-14 2.206673276089525204e-14 3.531271959141045896e-14 3.791605873632298412e-14 4.395470826930439290e-14 6.980590872307205095e-14 6.822490796836923841e-14 7.521953482246872962e-14 8.348406012220443940e-14 1.079289491261137734e-13 1.241450868120005001e-13 1.348140331337860463e-13 1.203831121359394476e-13 9.426543538512129454e-14
7.250937199366310987e-14 2.054344865050768927e-13 7.185930527038227865e-14 3.215810358093503625e-14 1.748842552958540083e-14 3.011445856999672555e-14 2.223685928053172926e-14 1.622426165639517583e-14 5.592720404270955080e-15 1.949103089372499700e-15 -6.611968769103322576e-15 5.893287044108948179e-15 9.073596392151315612e-15 1.616658123723187355e-14 2.670074055139858725e-14 3.602795884172684848e-14 3.386815602561276981e-14 3.512137420292709504e-14 4.521642850044430349e-14 6.990487518655395120e-14 9.689117237388665435e-14 1.255817825390020002e-13 9.721076546440934843e-14 3.111232032770651925e-14 2.498682762616948178e-14 4.425252563000628766e-14
5.464503594256696613e-14 7.185930527038227865e-14 1.509255456958973530e-13 4.150768672989178998e-14 2.526919735432961276e-14 2.600169406165280001e-14 1.202979193547955863e-14 6.482287723945259327e-15 -1.477920740227024137e-15 1.683115062698735288e-15 8.069981136205915917e-15 1.633607133156399738e-14 1.211968590599289847e-14 1.374059747890853652e-14 2.180041555461298264e-14 2.346078915446019442e-14 2.065569819307533982e-14 2.181607508222598738e-14 1.058907207023857553e-14 1.218297390743837549e-14 2.497832136333505200e-14 4.498905550641982167e-14 5.183793614171742502e-14 4.680908918650361037e-14 4.132728493982672078e-14 2.456008187765296464e-14
7.798069222277202668e-15 3.215810358093503625e-14 4.150768672989178998e-14 1.133181141341928909e-13 4.765150365119200972e-14 3.271660011200483630e-14 2.757746467491101392e-14 1.203849183632248367e-14 5.820480574559971969e-15 1.946689475838246537e-15 3.665995822735737251e-15 1.843615365085578210e-15 -2.324652958364282987e-15 -5.692897985286385933e-15 -5.837774185569730564e-15 -5.941971136274069908e-15 -1.103036008926745076e-14 1.184134625287636466e-16 1.529262823166693142e-14 3.449831039095208038e-14 3.332885671350570495e-14 4.647214518588951413e-14 3.774914051445059723e-14 2.053340998622336796e-14 5.065718242793161899e-14 1.018615209537971788e-13
1.092632853780878625e-14 1.748842552958540083e-14 2.526919735432961276e-14 4.765150365119200972e-14 8.923311596677721397e-14 3.889827031150001668e-14 1.914030591324760264e-14 1.380298682821440749e-14 1.411109800622774016e-14 5.054812542456074378e-15 5.222532837178279611e-15 1.015504161616174436e-14 4.531854094914329431e-15 7.610836607799804864e-15 1.305509991883529449e-14 1.643956664008760107e-14 6.937706879490776332e-15 7.176335339021120868e-15 1.755195723845182955e-15 -1.126856093713127819e-14 -2.992404279293605795e-14 -4.294177505624000208e-14 -1.772821464313784901e-14 2.883810735390806900e-14 1.008135068721977126e-13 1.060619559150510963e-13
2.280394281180517548e-14 3.011445856999672555e-14 2.600169406165280001e-14 3.271660011200483630e-14 3.889827031150001668e-14 9.407685275628550659e-14 5.396840343060693190e-14 3.203424708779820162e-14 2.553858246423170281e-14 2.170651613406531328e-14 3.878394134279722999e-15 1.036000066966313213e-14 7.105756152503613792e-15 8.841422589979544374e-15 2.080055159175833669e-14 2.402798979317379589e-14 1.672347032413260908e-14 1.977213955164692891e-14 1.851911537006794884e-14 1.273486378134223236e-14 -1.915821295126590917e-14 -4.210112330494518744e-14 -4.509436129450656901e-14 -1.936738076932879950e-15 9.729863632167409416e-14 1.497140147687945275e-13
1.278891187368996181e-14 2.223685928053172926e-14 1.202979193547955863e-14 2.757746467491101392e-14 1.914030591324760264e-14 5.396840343060693190e-14 8.029111373838780431e-14 4.846831254706385658e-14 3.776227289894456016e-14 3.487995461996754692e-14 2.311163065682304128e-14 2.189191272612055866e-14 1.824944877274501919e-14 2.255347625460089840e-14 2.814660295002133684e-14 2.946512400403055573e-14 2.417028538738536173e-14 3.764606555656239423e-14 5.646621669769320123e-14 6.972556740825162981e-14 5.492079232134186852e-14 4.411496473152238953e-14 3.866019570327710701e-14 6.000182397808044237e-14 8.402364880589417062e-14 1.285590731822566247e-13
1.930950497087694925e-14 1.622426165639517583e-14 6.482287723945259327e-15 1.203849183632248367e-14 1.380298682821440749e-14 3.203424708779820162e-14 4.846831254706385658e-14 7.698527274012123000e-14 5.343764096574007947e-14 3.408288556873574739e-14 2.111360228316640815e-14 2.594772272802294163e-14 2.344439519006875847e-14 2.328951670338129414e-14 3.650241349380990946e-14 3.919765086659431834e-14 3.532556674854635421e-14 4.567437253887841121e-14 6.065140350217357250e-14 6.436002129771907721e-14 4.980164339412250090e-14 2.607005759551741967e-14 2.441984930590419190e-14 3.860518155594342047e-14 5.041173964566903753e-14 5.175599430804845467e-14
2.168995818590057688e-14 5.592720404270955080e-15 -1.477920740227024137e-15 5.820480574559971969e-15 1.411109800622774016e-14 2.553858246423170281e-14 3.776227289894456016e-14 5.343764096574007947e-14 7.132532992676733371e-14 5.265393659672392974e-14 4.082193865236249908e-14 4.112458703504915322e-14 3.432097596829561095e-14 3.121999522556664050e-14 4.015829745819395960e-14 4.396194863272567912e-14 4.484605469378678618e-14 5.628534113521665850e-14 6.882333726646802749e-14 6.857610378992666029e-14 4.615314844783749604e-14 1.313613613414745160e-14 3.388691752750951965e-15 2.462306556545712240e-14 4.079283284133703418e-14 4.976164618110710418e-14
1.279753116081026990e-14 1.949103089372499700e-15 1.683115062698735288e-15 1.946689475838246537e-15 5.054812542456074378e-15 2.170651613406531328e-14 3.487995461996754692e-14 3.408288556873574739e-14 5.265393659672392974e-14 7.436965242804585012e-14 6.316044256182657429e-14 5.424862735514911463e-14 4.362060051372804498e-14 4.324477496377446506e-14 5.237296271066835457e-14 5.725826485138653544e-14 6.130867685573676325e-14 7.911855634137803212e-14 9.567982330171562037e-14 1.051852792674609823e-13 8.841778999820944723e-14 5.808367101884413775e-14 5.778808543344531360e-14 6.946227410022481175e-14 5.799503579160663016e-14 5.939227604113123946e-14
1.719594392091561824e-14 -6.611968769103322576e-15 8.069981136205915917e-15 3.665995822735737251e-15 5.222532837178279611e-15 3.878394134279722999e-15 2.311163065682304128e-14 2.111360228316640815e-14 4.082193865236249908e-14 6.316044256182657429e-14 9.189049499172673553e-14 7.442181579469237464e-14 6.188827966479690458e-14 5.697418973009187135e-14 6.352777579182218645e-14 7.004957122401796543e-14 7.688051804629885662e-14 9.631156938549015648e-14 1.150980546195190693e-13 1.293371203967042610e-13 1.256919907553521137e-13 9.648718128893350610e-14 1.031153216040599230e-13 1.120798993916918303e-13 6.142213821870153665e-14 1.703896953269520654e-14
2.026373740745832277e-14 5.893287044108948179e-15 1.633607133156399738e-14 1.843615365085578210e-15 1.015504161616174436e-14 1.036000066966313213e-14 2.189191272612055866e-14 2.594772272802294163e-14 4.112458703504915322e-14 5.424862735514911463e-14 7.442181579469237464e-14 1.027572906331995307e-13 8.815157811612849320e-14 8.497340319791538382e-14 9.668090143891690007e-14 1.131816319139326498e-13 1.232597266576517617e-13 1.450393901396032651e-13 1.653314534816273990e-13 1.794866446746074151e-13 1.557788994152894709e-13 9.336649618661057270e-14 9.635878219972843369e-14 1.139365477033808101e-13 8.259777570001938948e-14 2.222583110955035707e-14
1.390793320361707140e-14 9.073596392151315612e-15 1.211968590599289847e-14 -2.324652958364282987e-15 4.531854094914329431e-15 7.105756152503613792e-15 1.824944877274501919e-14 2.344439519006875847e-14 3.432097596829561095e-14 4.362060051372804498e-14 6.188827966479690458e-14 8.815157811612849320e-14 1.246697398533799234e-13 1.285430723003745824e-13 1.366363789603284383e-13 1.456165740787100550e-13 1.563926711181351725e-13 1.824811547781104125e-13 2.032622243459752713e-13 2.250072198920371156e-13 2.118929772911284802e-13 1.420467747365317333e-13 1.377087600012892860e-13 1.335369125409168034e-13 1.090918542839366616e-13 3.696305816057617088e-14
2.206673276089525204e-14 1.616658123723187355e-14 1.374059747890853652e-14 -5.692897985286385933e-15 7.610836607799804864e-15 8.841422589979544374e-15 2.255347625460089840e-14 2.328951670338129414e-14 3.121999522556664050e-14 4.324477496377446506e-14 5.697418973009187135e-14 8.497340319791538382e-14 1.285430723003745824e-13 1.778449964842786923e-13 1.979781148084078226e-13 2.099293262596224066e-13 2.297123320384106314e-13 2.710827654898945803e-13 3.146434941046992347e-13 3.701600999945080813e-13 3.657541539665060296e-13 2.725129685498555267e-13 2.388878230033126345e-13 2.044244860165971932e-13 1.617253667237627374e-13 8.617730227142367296e-14
3.531271959141045896e-14 2.670074055139858725e-14 2.180041555461298264e-14 -5.837774185569730564e-15 1.305509991883529449e-14 2.080055159175833669e-14 2.814660295002133684e-14 3.650241349380990946e-14 4.015829745819395960e-14 5.237296271066835457e-14 6.352777579182218645e-14 9.668090143891690007e-14 1.366363789603284383e-13 1.979781148084078226e-13 2.807237184218316575e-13 3.130704450579762655e-13 3.422336894249332000e-13 3.954233391586023972e-13 4.555808748095142633e-13 5.178828804318359366e-13 4.923236476979779164e-13 3.562710814210678813e-13 3.064250727131192184e-13 2.799204036527195347e-13 2.377948297865785070e-13 1.561735824711552195e-13
3.791605873632298412e-14 3.602795884172684848e-14 2.346078915446019442e-14 -5.941971136274069908e-15 1.643956664008760107e-14 2.402798979317379589e-14 2.946512400403055573e-14 3.919765086659431834e-14 4.396194863272567912e-14 5.725826485138653544e-14 7.004957122401796543e-14 1.131816319139326498e-13 1.456165740787100550e-13 2.099293262596224066e-13 3.130704450579762655e-13 4.117513794306867500e-13 4.769192637648734895e-13 5.507150567579385488e-13 6.269058497004066618e-13 7.046669976905437893e-13 6.758263139788065298e-13 4.839626318520386439e-13 3.802289408810574652e-13 3.717975857618157649e-13 3.191526704370283302e-13 2.206494118972744357e-13
4.395470826930439290e-14 3.386815602561276981e-14 2.065569819307533982e-14 -1.103036008926745076e-14 6.937706879490776332e-15 1.672347032413260908e-14 2.417028538738536173e-14 3.532556674854635421e-14 4.484605469378678618e-14 6.130867685573676325e-14 7.688051804629885662e-14 1.232597266576517617e-13 1.563926711181351725e-13 2.297123320384106314e-13 3.422336894249332000e-13 4.769192637648734895e-13 6.372949292501845664e-13 7.755197346511354052e-13 8.985657949066244487e-13 1.021781835771673323e-12 1.000694764945835315e-12 7.415160083671490592e-13 5.046944680340406447e-13 4.769191049595416388e-13 4.093987201418695839e-13 2.939796310989302484e-13
6.980590872307205095e-14 3.512137420292709504e-14 2.181607508222598738e-14 1.184134625287636466e-16 7.176335339021120868e-15 1.977213955164692891e-14 3.764606555656239423e-14 4.567437253887841121e-14 5.628534113521665850e-14 7.911855634137803212e-14 9.631156938549015648e-14 1.450393901396032651e-13 1.824811547781104125e-13 2.710827654898945803e-13 3.954233391586023972e-13 5.507150567579385488e-13 7.755197346511354052e-13 1.054947460480421583e-12 1.276864162085813798e-12 1.476164029511469257e-12 1.481676864039059205e-12 1.200853631170612021e-12 8.468985488795808585e-13 8.117907053450425197e-13 7.337320240037662707e-13 5.467220289647358212e-13
6.822490796836923841e-14 4.521642850044430349e-14 1.058907207023857553e-14 1.529262823166693142e-14 1.755195723845182955e-15 1.851911537006794884e-14 5.646621669769320123e-14 6.065140350217357250e-14 6.882333726646802749e-14 9.567982330171562037e-14 1.150980546195190693e-13 1.653314534816273990e-13 2.032622243459752713e-13 3.146434941046992347e-13 4.555808748095142633e-13 6.269058497004066618e-13 8.985657949066244487e-13 1.276864162085813798e-12 1.675096536162604674e-12 2.010443428780223904e-12 2.058244719723306450e-12 1.741189967945689192e-12 1.226644473909972115e-12 1.104282103615000225e-12 9.585253729049935557e-13 7.254052742295423837e-13
7.521953482246872962e-14 6.990487518655395120e-14 1.218297390743837549e-14 3.449831039095208038e-14 -1.126856093713127819e-14 1.273486378134223236e-14 6.972556740825162981e-14 6.436002129771907721e-14 6.857610378992666029e-14 1.051852792674609823e-13 1.293371203967042610e-13 1.794866446746074151e-13 2.250072198920371156e-13 3.701600999945080813e-13 5.178828804318359366e-13 7.046669976905437893e-13 1.021781835771673323e-12 1.476164029511469257e-12 2.010443428780223904e-12 2.590288796584087358e-12 2.779453580344623035e-12 2.474273357711762475e-12 1.794573804058193795e-12 1.434975467132411174e-12 1.119106488318826872e-12 7.973570191354256171e-13
8.348406012220443940e-14 9.689117237388665435e-14 2.497832136333505200e-14 3.332885671350570495e-14 -2.992404279293605795e-14 -1.915821295126590917e-14 5.492079232134186852e-14 4.980164339412250090e-14 4.615314844783749604e-14 8.841778999820944723e-14 1.256919907553521137e-13 1.557788994152894709e-13 2.118929772911284802e-13 3.657541539665060296e-13 4.923236476979779164e-13 6.758263139788065298e-13 1.000694764945835315e-12 1.481676864039059205e-12 2.058244719723306450e-12 2.779453580344623035e-12 3.275807039068136794e-12 3.166820106384869508e-12 2.469265034935916606e-12 1.856522437668271118e-12 1.365479163853960039e-12 9.377944170097655848e-13
1.079289491261137734e-13 1.255817825390020002e-13 4.498905550641982167e-14 4.647214518588951413e-14 -4.294177505624000208e-14 -4.210112330494518744e-14 4.411496473152238953e-14 2.607005759551741967e-14 1.313613613414745160e-14 5.808367101884413775e-14 9.648718128893350610e-14 9.336649618661057270e-14 1.420467747365317333e-13 2.725129685498555267e-13 3.562710814210678813e-13 4.839626318520386439e-13 7.415160083671490592e-13 1.200853631170612021e-12 1.741189967945689192e-12 2.474273357711762475e-12 3.166820106384869508e-12 3.576526267598513671e-12 3.217068678985805108e-12 2.503422807653940427e-12 1.808538971125569113e-12 1.338869588097628191e-12
1.241450868120005001e-13 9.721076546440934843e-14 5.183793614171742502e-14 3.774914051445059723e-14 -1.772821464313784901e-14 -4.509436129450656901e-14 3.866019570327710701e-14 2.441984930590419190e-14 3.388691752750951965e-15 5.778808543344531360e-14 1.031153216040599230e-13 9.635878219972843369e-14 1.377087600012892860e-13 2.388878230033126345e-13 3.064250727131192184e-13 3.802289408810574652e-13 5.046944680340406447e-13 8.468985488795808585e-13 1.226644473909972115e-12 1.794573804058193795e-12 2.469265034935916606e-12 3.217068678985805108e-12 3.675066890200608012e-12 3.340171085106225050e-12 2.627283201578106642e-12 2.235591198851325681e-12
1.348140331337860463e-13 3.111232032770651925e-14 4.680908918650361037e-14 2.053340998622336796e-14 2.883810735390806900e-14 -1.936738076932879950e-15 6.000182397808044237e-14 3.860518155594342047e-14 2.462306556545712240e-14 6.946227410022481175e-14 1.120798993916918303e-13 1.139365477033808101e-13 1.335369125409168034e-13 2.044244860165971932e-13 2.799204036527195347e-13 3.717975857618157649e-13 4.769191049595416388e-13 8.117907053450425197e-13 1.104282103615000225e-12 1.434975467132411174e-12 1.856522437668271118e-12 2.503422807653940427e-12 3.340171085106225050e-12 4.135225900744040880e-12 4.151284833117719519e-12 3.686889276071407143e-12
1.203831121359394476e-13 2.498682762616948178e-14 4.132728493982672078e-14 5.065718242793161899e-14 1.008135068721977126e-13 9.729863632167409416e-14 8.402364880589417062e-14 5.041173964566903753e-14 4.079283284133703418e-14 5.799503579160663016e-14 6.142213821870153665e-14 8.259777570001938948e-14 1.090918542839366616e-13 1.617253667237627374e-13 2.377948297865785070e-13 3.191526704370283302e-13 4.093987201418695839e-13 7.337320240037662707e-13 9.585253729049935557e-13 1.119106488318826872e-12 1.365479163853960039e-12 1.808538971125569113e-12 2.627283201578106642e-12 4.151284833117719519e-12 5.757462922682061056e-12 6.036356439842366178e-12
9.426543538512129454e-14 4.425252563000628766e-14 2.456008187765296464e-14 1.018615209537971788e-13 1.060619559150510963e-13 1.497140147687945275e-13 1.285590731822566247e-13 5.175599430804845467e-14 4.976164618110710418e-14 5.939227604113123946e-14 1.703896953269520654e-14 2.222583110955035707e-14 3.696305816057617088e-14 8.617730227142367296e-14 1.561735824711552195e-13 2.206494118972744357e-13 2.939796310989302484e-13 5.467220289647358212e-13 7.254052742295423837e-13 7.973570191354256171e-13 9.377944170097655848e-13 1.338869588097628191e-12 2.235591198851325681e-12 3.686889276071407143e-12 6.036356439842366178e-12 8.828424237269822940e-12
