2.117319671112101299e-13 5.681916581102892847e-14 2.931180224740606041e-14 -2.681238063230271332e-16 2.245668130809598249e-14 9.363540704204479301e-15 1.302839139838737112e-14 1.463824188993628277e-14 2.199729910148379813e-14 -2.099475802187115593e-15 -2.167820167706454523e-15 5.001771598121942799e-15 1.105737806969635893e-15 -3.816049534369598609e-15 -1.020230660008412702e-15 3.188234935837434660e-15 9.801777420039867615e-15 2.039419192973751425e-14 2.580667064613489474e-14 3.223666476540192802e-14 3.506691581011871472e-14 1.871294449411171018e-15 -6.498987329685320554e-14 -8.781429686406799128e-14 -7.464689765241969927e-14 -7.069247614653697989e-14
5.681916581102892847e-14 1.547343848139808682e-13 6.703148419985747215e-14 2.371329297696149502e-14 3.278278123675309069e-14 2.181026640021974821e-14 1.222709872975946099e-14 1.495297206702439942e-14 1.111086555069055133e-14 2.611407012135716372e-15 5.295907115860843902e-15 1.004486250386323411e-14 5.080837255762918074e-15 7.035045374574265026e-15 1.716143758399474695e-14 2.035837247823926943e-14 1.822477150163301410e-14 2.198521952978892646e-14 1.838326953626227400e-14 3.401939008861476416e-14 5.539014639481305341e-14 6.798145806373012288e-14 7.327861375607763357e-14 5.704522471533558104e-14 6.094243309503254680e-14 8.839082244344956843e-14
2.931180224740606041e-14 6.703148419985747215e-14 1.380006726972196259e-13 4.303138372155601634e-14 3.739129911915406200e-14 2.376067332956233819e-14 1.984201442689574945e-14 1.225437863377478976e-14 6.149240637833005790e-16 -3.201044952909137917e-15 9.939644412556818420e-16 1.189010995401885569e-15 -4.148217020929140815e-15 1.376541755057157074e-15 1.189063975854339232e-14 2.004559373590912049e-14 2.226170772625831421e-14 4.071969994852606172e-14 4.458126801488381411e-14 6.136642897431958668e-14 8.774260227210608223e-14 1.128263139413570568e-13 9.399764305350695072e-14 6.254079110388334505e-14 5.365236368594630819e-14 6.243001038815480866e-14
-2.681238063230271332e-16 2.371329297696149502e-14 4.303138372155601634e-14 9.882562579743697717e-14 3.795947195906526012e-14 2.829049392404435536e-14 1.456142905358419249e-14 1.047007260456504781e-14 5.521743804502200935e-15 7.256497298331626408e-16 -8.806182862401164726e-16 3.379494352653495393e-15 7.925683687751711675e-15 9.713215994563035372e-15 6.516597728891395469e-15 -2.791911090971301006e-15 -9.371069683817938772e-15 3.381977910033728699e-15 1.019655882609449598e-14 1.087158638614751600e-14 2.774065188621699278e-15 1.828303521052287895e-14 3.417065514334649298e-14 2.596935174577658417e-14 4.626636492674852773e-14 5.998511325864185092e-14
2.245668130809598249e-14 3.278278123675309069e-14 3.739129911915406200e-14 3.795947195906526012e-14 8.019088681078880403e-14 4.425488295820573157e-14 2.933980374316439100e-14 2.221958641484302780e-14 1.682970849982165567e-14 9.271643995164677270e-15 9.195377078844440726e-15 7.739417599718199442e-15 -2.922506840085517266e-15 -4.397868204214649661e-15 -2.454125919382318212e-15 -5.731614773735738373e-15 -1.071320113596530662e-14 -2.568797652256734899e-15 1.688384114561240774e-15 -8.754912295868926033e-16 -8.616919370048713462e-15 -6.542433695501316588e-15 -8.492402967762814101e-15 -5.037854283718955785e-15 3.722641039351483022e-14 3.746786642031377674e-14
9.363540704204479301e-15 2.181026640021974821e-14 2.376067332956233819e-14 2.829049392404435536e-14 4.425488295820573157e-14 7.308731556781198677e-14 5.046916769952730197e-14 2.861298152538433252e-14 2.016275679085238005e-14 1.400948751782391066e-14 5.071293568231783824e-15 9.837306092449239182e-15 4.709396159979504079e-15 9.213464096845669148e-15 2.112248139617496234e-14 2.700393197381203682e-14 2.556062371211977350e-14 3.867371787207620816e-14 4.388428732284427536e-14 4.384230451140518458e-14 1.744215032729392190e-14 -3.650896254416716351e-15 -6.601225484242816797e-15 3.573759859040748079e-14 1.036482159234586042e-13 1.324536329572614115e-13
1.302839139838737112e-14 1.222709872975946099e-14 1.984201442689574945e-14 1.456142905358419249e-14 2.933980374316439100e-14 5.046916769952730197e-14 7.297147451603991514e-14 4.459007252579701886e-14 3.532993848692918166e-14 2.786781281853202906e-14 1.742927563344276952e-14 1.810317281183668410e-14 1.529381728092726595e-14 1.652049514426287597e-14 2.573834540507942238e-14 3.002345951734535353e-14 2.695703917317853286e-14 3.975035054614792537e-14 5.528964424272567661e-14 6.742409534131122809e-14 5.605269224043555819e-14 4.644470480746810897e-14 3.411483086779996362e-14 4.791286146591507495e-14 7.145191812967422686e-14 1.027978852915327206e-13
1.463824188993628277e-14 1.495297206702439942e-14 1.225437863377478976e-14 1.047007260456504781e-14 2.221958641484302780e-14 2.861298152538433252e-14 4.459007252579701886e-14 7.614434029567609149e-14 5.469020007961434197e-14 3.370800644152729298e-14 2.356160326158625523e-14 2.479013262445082175e-14 2.216013165872009086e-14 2.575879431020385412e-14 3.824084764142911480e-14 4.103346648505526405e-14 3.900870971438126052e-14 5.192801319071880898e-14 6.450787495972683822e-14 6.940428051769586241e-14 5.264743874691518512e-14 2.859477511051001561e-14 2.032593724060179320e-14 2.643598723360808921e-14 3.122182920120189318e-14 2.388115487961558360e-14
2.199729910148379813e-14 1.111086555069055133e-14 6.149240637833005790e-16 5.521743804502200935e-15 1.682970849982165567e-14 2.016275679085238005e-14 3.532993848692918166e-14 5.469020007961434197e-14 7.156477216566600204e-14 5.044639605420722810e-14 4.373411124324140261e-14 4.307921755869507257e-14 3.480022886413508943e-14 3.299405411183625739e-14 4.057752640824360864e-14 4.335900221469189134e-14 4.127004961769712985e-14 4.949150890677546521e-14 5.719796929455347215e-14 5.581957574806673356e-14 3.374298444815344769e-14 5.316369229624860338e-16 -4.466836174671605609e-15 1.241011950235712889e-14 1.777000844579712549e-14 1.718920517320684895e-14
-2.099475802187115593e-15 2.611407012135716372e-15 -3.201044952909137917e-15 7.256497298331626408e-16 9.271643995164677270e-15 1.400948751782391066e-14 2.786781281853202906e-14 3.370800644152729298e-14 5.044639605420722810e-14 7.163817541130487384e-14 6.359684128013073869e-14 5.432069929494484625e-14 4.627856251958734952e-14 4.543731447809265811e-14 5.307676567916082360e-14 5.736768482107703781e-14 6.152002188084361592e-14 8.151070443071644877e-14 9.596693580639420017e-14 1.055869881694940427e-13 9.428054947731865438e-14 7.064985741203230080e-14 7.412458106711518081e-14 7.571208632805622926e-14 4.751565763101529861e-14 4.265494457802355281e-14
-2.167820167706454523e-15 5.295907115860843902e-15 9.939644412556818420e-16 -8.806182862401164726e-16 9.195377078844440726e-15 5.071293568231783824e-15 1.742927563344276952e-14 2.356160326158625523e-14 4.373411124324140261e-14 6.359684128013073869e-14 9.225859431250819764e-14 7.533851310309139146e-14 6.088228069914841954e-14 5.587192070375736104e-14 6.207767494768241138e-14 6.807836638792949665e-14 7.583003214887078596e-14 9.405887070832636709e-14 1.112490153261258140e-13 1.241661188520408329e-13 1.193368249935499292e-13 8.913981131831156173e-14 8.871060254678121580e-14 9.203263753889844900e-14 4.401090874775025913e-14 3.328477894753001326e-15
5.001771598121942799e-15 1.004486250386323411e-14 1.189010995401885569e-15 3.379494352653495393e-15 7.739417599718199442e-15 9.837306092449239182e-15 1.810317281183668410e-14 2.479013262445082175e-14 4.307921755869507257e-14 5.432069929494484625e-14 7.533851310309139146e-14 1.003367830429469351e-13 8.737106087199247732e-14 8.361990781657091196e-14 9.394977385140282294e-14 1.089571945014501730e-13 1.164693595505712471e-13 1.352885562720130025e-13 1.522369844588604495e-13 1.645201683747598813e-13 1.428946612274305404e-13 8.240810838962729852e-14 8.871495198441911328e-14 1.050533750044784542e-13 7.908152992518405762e-14 3.094355115987699752e-14
1.105737806969635893e-15 5.080837255762918074e-15 -4.148217020929140815e-15 7.925683687751711675e-15 -2.922506840085517266e-15 4.709396159979504079e-15 1.529381728092726595e-14 2.216013165872009086e-14 3.480022886413508943e-14 4.627856251958734952e-14 6.088228069914841954e-14 8.737106087199247732e-14 1.234580113253638471e-13 1.296560048476143187e-13 1.374666064443991354e-13 1.471198930909277390e-13 1.594560469703522294e-13 1.870478200160616466e-13 2.089569264935952775e-13 2.312665790541974950e-13 2.163799503433157792e-13 1.469747397358762258e-13 1.417526427101837740e-13 1.414969697870279581e-13 1.175777749969985852e-13 4.487883426432943787e-14
-3.816049534369598609e-15 7.035045374574265026e-15 1.376541755057157074e-15 9.713215994563035372e-15 -4.397868204214649661e-15 9.213464096845669148e-15 1.652049514426287597e-14 2.575879431020385412e-14 3.299405411183625739e-14 4.543731447809265811e-14 5.587192070375736104e-14 8.361990781657091196e-14 1.296560048476143187e-13 1.783540269061233365e-13 1.982462767625338046e-13 2.096419233880487741e-13 2.286952184370162844e-13 2.691745493138412160e-13 3.114091132856209719e-13 3.639172182458151790e-13 3.566765285115215134e-13 2.648717649370504046e-13 2.362669203439240799e-13 2.062946752846476164e-13 1.653687439826986825e-13 8.451660336254107417e-14
-1.020230660008412702e-15 1.716143758399474695e-14 1.189063975854339232e-14 6.516597728891395469e-15 -2.454125919382318212e-15 2.112248139617496234e-14 2.573834540507942238e-14 3.824084764142911480e-14 4.057752640824360864e-14 5.307676567916082360e-14 6.207767494768241138e-14 9.394977385140282294e-14 1.374666064443991354e-13 1.982462767625338046e-13 2.802600485695821111e-13 3.138618636012836524e-13 3.441914733984431941e-13 3.962021515565591308e-13 4.549778468433509662e-13 5.163768755032070057e-13 4.906854899121288660e-13 3.562867393135974556e-13 3.082634109345310973e-13 2.823015206875913575e-13 2.366655115679900723e-13 1.556040404237073583e-13
3.188234935837434660e-15 2.035837247823926943e-14 2.004559373590912049e-14 -2.791911090971301006e-15 -5.731614773735738373e-15 2.700393197381203682e-14 3.002345951734535353e-14 4.103346648505526405e-14 4.335900221469189134e-14 5.736768482107703781e-14 6.807836638792949665e-14 1.089571945014501730e-13 1.471198930909277390e-13 2.096419233880487741e-13 3.138618636012836524e-13 4.138193446395996015e-13 4.794705904327674598e-13 5.528084690908622975e-13 6.295442589178683042e-13 7.085572965775623474e-13 6.791579440163032155e-13 4.882535090154228822e-13 3.849388852011173399e-13 3.755382273252105266e-13 3.201597168521485995e-13 2.214176743850702778e-13
9.801777420039867615e-15 1.822477150163301410e-14 2.226170772625831421e-14 -9.371069683817938772e-15 -1.071320113596530662e-14 2.556062371211977350e-14 2.695703917317853286e-14 3.900870971438126052e-14 4.127004961769712985e-14 6.152002188084361592e-14 7.583003214887078596e-14 1.164693595505712471e-13 1.594560469703522294e-13 2.286952184370162844e-13 3.441914733984431941e-13 4.794705904327674598e-13 6.406617711339054748e-13 7.788153526229735151e-13 9.031852999083986578e-13 1.027605666469833247e-12 1.005558790947660031e-12 7.460276564489236722e-13 5.088904602148718857e-13 4.821632537604621156e-13 4.142847264151164279e-13 3.006848385057495427e-13
2.039419192973751425e-14 2.198521952978892646e-14 4.071969994852606172e-14 3.381977910033728699e-15 -2.568797652256734899e-15 3.867371787207620816e-14 3.975035054614792537e-14 5.192801319071880898e-14 4.949150890677546521e-14 8.151070443071644877e-14 9.405887070832636709e-14 1.352885562720130025e-13 1.870478200160616466e-13 2.691745493138412160e-13 3.962021515565591308e-13 5.528084690908622975e-13 7.788153526229735151e-13 1.056191794546254025e-12 1.278965610214355820e-12 1.479535879250661262e-12 1.484161235640782848e-12 1.203032127933150533e-12 8.486825132166019643e-13 8.132755631729527340e-13 7.339099178606121172e-13 5.465386892365828581e-13
2.580667064613489474e-14 1.838326953626227400e-14 4.458126801488381411e-14 1.019655882609449598e-14 1.688384114561240774e-15 4.388428732284427536e-14 5.528964424272567661e-14 6.450787495972683822e-14 5.719796929455347215e-14 9.596693580639420017e-14 1.112490153261258140e-13 1.522369844588604495e-13 2.089569264935952775e-13 3.114091132856209719e-13 4.549778468433509662e-13 6.295442589178683042e-13 9.031852999083986578e-13 1.278965610214355820e-12 1.678952591090460964e-12 2.016845976125199826e-12 2.064148628500596705e-12 1.749509741635304219e-12 1.234210263374993509e-12 1.111121316299253443e-12 9.631149779388684776e-13 7.263758602813271292e-13
3.223666476540192802e-14 3.401939008861476416e-14 6.136642897431958668e-14 1.087158638614751600e-14 -8.754912295868926033e-16 4.384230451140518458e-14 6.742409534131122809e-14 6.940428051769586241e-14 5.581957574806673356e-14 1.055869881694940427e-13 1.241661188520408329e-13 1.645201683747598813e-13 2.312665790541974950e-13 3.639172182458151790e-13 5.163768755032070057e-13 7.085572965775623474e-13 1.027605666469833247e-12 1.479535879250661262e-12 2.016845976125199826e-12 2.599633759739439854e-12 2.786703244035302878e-12 2.483678608726175239e-12 1.801570260973232916e-12 1.439436252383551459e-12 1.118834373456354851e-12 7.935556653828939942e-13
3.506691581011871472e-14 5.539014639481305341e-14 8.774260227210608223e-14 2.774065188621699278e-15 -8.616919370048713462e-15 1.744215032729392190e-14 5.605269224043555819e-14 5.264743874691518512e-14 3.374298444815344769e-14 9.428054947731865438e-14 1.193368249935499292e-13 1.428946612274305404e-13 2.163799503433157792e-13 3.566765285115215134e-13 4.906854899121288660e-13 6.791579440163032155e-13 1.005558790947660031e-12 1.484161235640782848e-12 2.064148628500596705e-12 2.786703244035302878e-12 3.279244288248153078e-12 3.172344521892730742e-12 2.472376888782395949e-12 1.858527632900077702e-12 1.364131490001023410e-12 9.360257510109930000e-13
1.871294449411171018e-15 6.798145806373012288e-14 1.128263139413570568e-13 1.828303521052287895e-14 -6.542433695501316588e-15 -3.650896254416716351e-15 4.644470480746810897e-14 2.859477511051001561e-14 5.316369229624860338e-16 7.064985741203230080e-14 8.913981131831156173e-14 8.240810838962729852e-14 1.469747397358762258e-13 2.648717649370504046e-13 3.562867393135974556e-13 4.882535090154228822e-13 7.460276564489236722e-13 1.203032127933150533e-12 1.749509741635304219e-12 2.483678608726175239e-12 3.172344521892730742e-12 3.585517118359145454e-12 3.223730501411870404e-12 2.509384753446352977e-12 1.811531737151079879e-12 1.341357194268175589e-12
-6.498987329685320554e-14 7.327861375607763357e-14 9.399764305350695072e-14 3.417065514334649298e-14 -8.492402967762814101e-15 -6.601225484242816797e-15 3.411483086779996362e-14 2.032593724060179320e-14 -4.466836174671605609e-15 7.412458106711518081e-14 8.871060254678121580e-14 8.871495198441911328e-14 1.417526427101837740e-13 2.362669203439240799e-13 3.082634109345310973e-13 3.849388852011173399e-13 5.088904602148718857e-13 8.486825132166019643e-13 1.234210263374993509e-12 1.801570260973232916e-12 2.472376888782395949e-12 3.223730501411870404e-12 3.680525278731464218e-12 3.344701208920927995e-12 2.629313535020805059e-12 2.237724291585896130e-12
-8.781429686406799128e-14 5.704522471533558104e-14 6.254079110388334505e-14 2.596935174577658417e-14 -5.037854283718955785e-15 3.573759859040748079e-14 4.791286146591507495e-14 2.643598723360808921e-14 1.241011950235712889e-14 7.571208632805622926e-14 9.203263753889844900e-14 1.050533750044784542e-13 1.414969697870279581e-13 2.062946752846476164e-13 2.823015206875913575e-13 3.755382273252105266e-13 4.821632537604621156e-13 8.132755631729527340e-13 1.111121316299253443e-12 1.439436252383551459e-12 1.858527632900077702e-12 2.509384753446352977e-12 3.344701208920927995e-12 4.138425901947767018e-12 4.153832737505304222e-12 3.687267255357651985e-12
-7.464689765241969927e-14 6.094243309503254680e-14 5.365236368594630819e-14 4.626636492674852773e-14 3.722641039351483022e-14 1.036482159234586042e-13 7.145191812967422686e-14 3.122182920120189318e-14 1.777000844579712549e-14 4.751565763101529861e-14 4.401090874775025913e-14 7.908152992518405762e-14 1.175777749969985852e-13 1.653687439826986825e-13 2.366655115679900723e-13 3.201597168521485995e-13 4.142847264151164279e-13 7.339099178606121172e-13 9.631149779388684776e-13 1.118834373456354851e-12 1.364131490001023410e-12 1.811531737151079879e-12 2.629313535020805059e-12 4.153832737505304222e-12 5.762773632862811925e-12 6.038162795513997784e-12
-7.069247614653697989e-14 8.839082244344956843e-14 6.243001038815480866e-14 5.998511325864185092e-14 3.746786642031377674e-14 1.324536329572614115e-13 1.027978852915327206e-13 2.388115487961558360e-14 1.718920517320684895e-14 4.265494457802355281e-14 3.328477894753001326e-15 3.094355115987699752e-14 4.487883426432943787e-14 8.451660336254107417e-14 1.556040404237073583e-13 2.214176743850702778e-13 3.006848385057495427e-13 5.465386892365828581e-13 7.263758602813271292e-13 7.935556653828939942e-13 9.360257510109930000e-13 1.341357194268175589e-12 2.237724291585896130e-12 3.687267255357651985e-12 6.038162795513997784e-12 8.827327742646185452e-12
