2.855835326229298336e-13 7.250937199366309725e-14 5.464503594256689671e-14 7.798069222277387262e-15 1.092632853780907655e-14 2.280394281180481576e-14 1.278891187369003754e-14 1.930950497087702498e-14 2.168995818590019192e-14 1.279753116081029987e-14 1.719594392091523959e-14 2.026373740745888129e-14 1.390793320361719288e-14 2.206673276089521418e-14 3.531271959141001719e-14 3.791605873632286421e-14 4.395470826930466427e-14 6.980590872307130627e-14 6.822490796836849372e-14 7.521953482246878011e-14 8.348406012220326557e-14 1.079289491261135841e-13 1.241450868119995661e-13 1.348140331337860968e-13 1.203831121359408613e-13 9.426543538512148387e-14
7.250937199366309725e-14 2.054344865050767665e-13 7.185930527038215244e-14 3.215810358093533918e-14 1.748842552958529670e-14 3.011445856999629641e-14 2.223685928053167877e-14 1.622426165639492023e-14 5.592720404270811507e-15 1.949103089372531649e-15 -6.611968769103479559e-15 5.893287044108948968e-15 9.073596392151148373e-15 1.616658123723186092e-14 2.670074055139843579e-14 3.602795884172715141e-14 3.386815602561251738e-14 3.512137420292676056e-14 4.521642850044351463e-14 6.990487518655354731e-14 9.689117237388577083e-14 1.255817825390033128e-13 9.721076546441003000e-14 3.111232032770691684e-14 2.498682762617036215e-14 4.425252563000637602e-14
5.464503594256689671e-14 7.185930527038215244e-14 1.509255456958979841e-13 4.150768672989237689e-14 2.526919735432941397e-14 2.600169406165292623e-14 1.202979193547944030e-14 6.482287723945077889e-15 -1.477920740226562851e-15 1.683115062699479381e-15 8.069981136205865429e-15 1.633607133156413306e-14 1.211968590599323295e-14 1.374059747890864380e-14 2.180041555461289428e-14 2.346078915446044054e-14 2.065569819307537768e-14 2.181607508222564344e-14 1.058907207023865442e-14 1.218297390743827767e-14 2.497832136333468597e-14 4.498905550642069257e-14 5.183793614171840321e-14 4.680908918650342105e-14 4.132728493982624746e-14 2.456008187765098933e-14
7.798069222277387262e-15 3.215810358093533918e-14 4.150768672989237689e-14 1.133181141341933200e-13 4.765150365119190244e-14 3.271660011200493727e-14 2.757746467491120325e-14 1.203849183632276450e-14 5.820480574559776331e-15 1.946689475838640179e-15 3.665995822735576323e-15 1.843615365085539950e-15 -2.324652958364322824e-15 -5.692897985286228161e-15 -5.837774185569702165e-15 -5.941971136274028888e-15 -1.103036008926709104e-14 1.184134625289325121e-16 1.529262823166691564e-14 3.449831039095259156e-14 3.332885671350557873e-14 4.647214518589015784e-14 3.774914051445205505e-14 2.053340998622420100e-14 5.065718242793304525e-14 1.018615209537987187e-13
1.092632853780907655e-14 1.748842552958529670e-14 2.526919735432941397e-14 4.765150365119190244e-14 8.923311596677726445e-14 3.889827031149950550e-14 1.914030591324707253e-14 1.380298682821403988e-14 1.411109800622748299e-14 5.054812542456101199e-15 5.222532837178493393e-15 1.015504161616118900e-14 4.531854094913940523e-15 7.610836607799427789e-15 1.305509991883432419e-14 1.643956664008699207e-14 6.937706879489913318e-15 7.176335339020325696e-15 1.755195723843930244e-15 -1.126856093713229267e-14 -2.992404279293554677e-14 -4.294177505623873990e-14 -1.772821464313552661e-14 2.883810735390940060e-14 1.008135068721969174e-13 1.060619559150461233e-13
2.280394281180481576e-14 3.011445856999629641e-14 2.600169406165292623e-14 3.271660011200493727e-14 3.889827031149950550e-14 9.407685275628442112e-14 5.396840343060651538e-14 3.203424708779731178e-14 2.553858246423102755e-14 2.170651613406534483e-14 3.878394134280250747e-15 1.036000066966321418e-14 7.105756152503799964e-15 8.841422589980118665e-15 2.080055159175852286e-14 2.402798979317395682e-14 1.672347032413325279e-14 1.977213955164773355e-14 1.851911537006835904e-14 1.273486378134267097e-14 -1.915821295126561256e-14 -4.210112330494450586e-14 -4.509436129450334415e-14 -1.936738076930153646e-15 9.729863632167651754e-14 1.497140147687934420e-13
1.278891187369003754e-14 2.223685928053167877e-14 1.202979193547944030e-14 2.757746467491120325e-14 1.914030591324707253e-14 5.396840343060651538e-14 8.029111373838723633e-14 4.846831254706341482e-14 3.776227289894423200e-14 3.487995461996800761e-14 2.311163065682322429e-14 2.189191272612053026e-14 1.824944877274508546e-14 2.255347625460121079e-14 2.814660295002167763e-14 2.946512400403128148e-14 2.417028538738575932e-14 3.764606555656261512e-14 5.646621669769331483e-14 6.972556740825248809e-14 5.492079232134207047e-14 4.411496473152344345e-14 3.866019570327823666e-14 6.000182397808170455e-14 8.402364880589401916e-14 1.285590731822550344e-13
1.930950497087702498e-14 1.622426165639492023e-14 6.482287723945077889e-15 1.203849183632276450e-14 1.380298682821403988e-14 3.203424708779731178e-14 4.846831254706341482e-14 7.698527274012071250e-14 5.343764096573968188e-14 3.408288556873577264e-14 2.111360228316636082e-14 2.594772272802243991e-14 2.344439519006863541e-14 2.328951670338091233e-14 3.650241349380950556e-14 3.919765086659422999e-14 3.532556674854581779e-14 4.567437253887800731e-14 6.065140350217311811e-14 6.436002129771953160e-14 4.980164339412204651e-14 2.607005759551767842e-14 2.441984930590367125e-14 3.860518155594260005e-14 5.041173964566792682e-14 5.175599430804461765e-14
2.168995818590019192e-14 5.592720404270811507e-15 -1.477920740226562851e-15 5.820480574559776331e-15 1.411109800622748299e-14 2.553858246423102755e-14 3.776227289894423200e-14 5.343764096573968188e-14 7.132532992676639970e-14 5.265393659672357002e-14 4.082193865236222771e-14 4.112458703504866729e-14 3.432097596829558570e-14 3.121999522556605990e-14 4.015829745819398485e-14 4.396194863272636701e-14 4.484605469378712697e-14 5.628534113521716337e-14 6.882333726646851974e-14 6.857610378992743022e-14 4.615314844783760332e-14 1.313613613414826097e-14 3.388691752753011287e-15 2.462306556546127181e-14 4.079283284134104159e-14 4.976164618111066983e-14
1.279753116081029987e-14 1.949103089372531649e-15 1.683115062699479381e-15 1.946689475838640179e-15 5.054812542456101199e-15 2.170651613406534483e-14 3.487995461996800761e-14 3.408288556873577264e-14 5.265393659672357002e-14 7.436965242804579964e-14 6.316044256182691508e-14 5.424862735514927240e-14 4.362060051372836052e-14 4.324477496377428204e-14 5.237296271066879633e-14 5.725826485138754518e-14 6.130867685573693995e-14 7.911855634137830980e-14 9.567982330171570872e-14 1.051852792674618532e-13 8.841778999821024240e-14 5.808367101884561450e-14 5.778808543344819136e-14 6.946227410023055466e-14 5.799503579161157790e-14 5.939227604113319584e-14
1.719594392091523959e-14 -6.611968769103479559e-15 8.069981136205865429e-15 3.665995822735576323e-15 5.222532837178493393e-15 3.878394134280250747e-15 2.311163065682322429e-14 2.111360228316636082e-14 4.082193865236222771e-14 6.316044256182691508e-14 9.189049499172665979e-14 7.442181579469210958e-14 6.188827966479737159e-14 5.697418973009129075e-14 6.352777579182184567e-14 7.004957122401897517e-14 7.688051804629852846e-14 9.631156938548939918e-14 1.150980546195185139e-13 1.293371203967038571e-13 1.256919907553515836e-13 9.648718128893185264e-14 1.031153216040593551e-13 1.120798993916941148e-13 6.142213821870455325e-14 1.703896953269768356e-14
2.026373740745888129e-14 5.893287044108948968e-15 1.633607133156413306e-14 1.843615365085539950e-15 1.015504161616118900e-14 1.036000066966321418e-14 2.189191272612053026e-14 2.594772272802243991e-14 4.112458703504866729e-14 5.424862735514927240e-14 7.442181579469210958e-14 1.027572906331985715e-13 8.815157811612826601e-14 8.497340319791413426e-14 9.668090143891654666e-14 1.131816319139338615e-13 1.232597266576510549e-13 1.450393901396025078e-13 1.653314534816275757e-13 1.794866446746090054e-13 1.557788994152909603e-13 9.336649618661162031e-14 9.635878219972919100e-14 1.139365477033815926e-13 8.259777570002004581e-14 2.222583110955167289e-14
1.390793320361719288e-14 9.073596392151148373e-15 1.211968590599323295e-14 -2.324652958364322824e-15 4.531854094913940523e-15 7.105756152503799964e-15 1.824944877274508546e-14 2.344439519006863541e-14 3.432097596829558570e-14 4.362060051372836052e-14 6.188827966479737159e-14 8.815157811612826601e-14 1.246697398533806807e-13 1.285430723003739008e-13 1.366363789603287160e-13 1.456165740787125289e-13 1.563926711181352230e-13 1.824811547781104377e-13 2.032622243459751955e-13 2.250072198920384031e-13 2.118929772911298938e-13 1.420467747365329702e-13 1.377087600012904472e-13 1.335369125409204890e-13 1.090918542839400694e-13 3.696305816057821560e-14
2.206673276089521418e-14 1.616658123723186092e-14 1.374059747890864380e-14 -5.692897985286228161e-15 7.610836607799427789e-15 8.841422589980118665e-15 2.255347625460121079e-14 2.328951670338091233e-14 3.121999522556605990e-14 4.324477496377428204e-14 5.697418973009129075e-14 8.497340319791413426e-14 1.285430723003739008e-13 1.778449964842763952e-13 1.979781148084067624e-13 2.099293262596241737e-13 2.297123320384091168e-13 2.710827654898927628e-13 3.146434941046973667e-13 3.701600999945074249e-13 3.657541539665046665e-13 2.725129685498544664e-13 2.388878230033089994e-13 2.044244860165957543e-13 1.617253667237603898e-13 8.617730227142148939e-14
3.531271959141001719e-14 2.670074055139843579e-14 2.180041555461289428e-14 -5.837774185569702165e-15 1.305509991883432419e-14 2.080055159175852286e-14 2.814660295002167763e-14 3.650241349380950556e-14 4.015829745819398485e-14 5.237296271066879633e-14 6.352777579182184567e-14 9.668090143891654666e-14 1.366363789603287160e-13 1.979781148084067624e-13 2.807237184218310517e-13 3.130704450579804559e-13 3.422336894249325436e-13 3.954233391586008826e-13 4.555808748095123448e-13 5.178828804318371483e-13 4.923236476979772096e-13 3.562710814210664676e-13 3.064250727131159367e-13 2.799204036527204940e-13 2.377948297865768914e-13 1.561735824711506505e-13
3.791605873632286421e-14 3.602795884172715141e-14 2.346078915446044054e-14 -5.941971136274028888e-15 1.643956664008699207e-14 2.402798979317395682e-14 2.946512400403128148e-14 3.919765086659422999e-14 4.396194863272636701e-14 5.725826485138754518e-14 7.004957122401897517e-14 1.131816319139338615e-13 1.456165740787125289e-13 2.099293262596241737e-13 3.130704450579804559e-13 4.117513794306979077e-13 4.769192637648797499e-13 5.507150567579457180e-13 6.269058497004143359e-13 7.046669976905573199e-13 6.758263139788154156e-13 4.839626318520449043e-13 3.802289408810586769e-13 3.717975857618230856e-13 3.191526704370317634e-13 2.206494118972712803e-13
4.395470826930466427e-14 3.386815602561251738e-14 2.065569819307537768e-14 -1.103036008926709104e-14 6.937706879489913318e-15 1.672347032413325279e-14 2.417028538738575932e-14 3.532556674854581779e-14 4.484605469378712697e-14 6.130867685573693995e-14 7.688051804629852846e-14 1.232597266576510549e-13 1.563926711181352230e-13 2.297123320384091168e-13 3.422336894249325436e-13 4.769192637648797499e-13 6.372949292501842635e-13 7.755197346511354052e-13 8.985657949066221263e-13 1.021781835771677362e-12 1.000694764945834103e-12 7.415160083671484534e-13 5.046944680340363028e-13 4.769191049595463846e-13 4.093987201418734209e-13 2.939796310989313591e-13
6.980590872307130627e-14 3.512137420292676056e-14 2.181607508222564344e-14 1.184134625289325121e-16 7.176335339020325696e-15 1.977213955164773355e-14 3.764606555656261512e-14 4.567437253887800731e-14 5.628534113521716337e-14 7.911855634137830980e-14 9.631156938548939918e-14 1.450393901396025078e-13 1.824811547781104377e-13 2.710827654898927628e-13 3.954233391586008826e-13 5.507150567579457180e-13 7.755197346511354052e-13 1.054947460480417746e-12 1.276864162085810567e-12 1.476164029511473902e-12 1.481676864039055569e-12 1.200853631170612425e-12 8.468985488795733864e-13 8.117907053450502948e-13 7.337320240037708145e-13 5.467220289647323880e-13
6.822490796836849372e-14 4.521642850044351463e-14 1.058907207023865442e-14 1.529262823166691564e-14 1.755195723843930244e-15 1.851911537006835904e-14 5.646621669769331483e-14 6.065140350217311811e-14 6.882333726646851974e-14 9.567982330171570872e-14 1.150980546195185139e-13 1.653314534816275757e-13 2.032622243459751955e-13 3.146434941046973667e-13 4.555808748095123448e-13 6.269058497004143359e-13 8.985657949066221263e-13 1.276864162085810567e-12 1.675096536162598817e-12 2.010443428780227539e-12 2.058244719723303219e-12 1.741189967945689596e-12 1.226644473909962220e-12 1.104282103615009515e-12 9.585253729049957771e-13 7.254052742295383447e-13
7.521953482246878011e-14 6.990487518655354731e-14 1.218297390743827767e-14 3.449831039095259156e-14 -1.126856093713229267e-14 1.273486378134267097e-14 6.972556740825248809e-14 6.436002129771953160e-14 6.857610378992743022e-14 1.051852792674618532e-13 1.293371203967038571e-13 1.794866446746090054e-13 2.250072198920384031e-13 3.701600999945074249e-13 5.178828804318371483e-13 7.046669976905573199e-13 1.021781835771677362e-12 1.476164029511473902e-12 2.010443428780227539e-12 2.590288796584104322e-12 2.779453580344629901e-12 2.474273357711779843e-12 1.794573804058190967e-12 1.434975467132430763e-12 1.119106488318843230e-12 7.973570191354374311e-13
8.348406012220326557e-14 9.689117237388577083e-14 2.497832136333468597e-14 3.332885671350557873e-14 -2.992404279293554677e-14 -1.915821295126561256e-14 5.492079232134207047e-14 4.980164339412204651e-14 4.615314844783760332e-14 8.841778999821024240e-14 1.256919907553515836e-13 1.557788994152909603e-13 2.118929772911298938e-13 3.657541539665046665e-13 4.923236476979772096e-13 6.758263139788154156e-13 1.000694764945834103e-12 1.481676864039055569e-12 2.058244719723303219e-12 2.779453580344629901e-12 3.275807039068129120e-12 3.166820106384876778e-12 2.469265034935901258e-12 1.856522437668283235e-12 1.365479163853965290e-12 9.377944170097641712e-13
1.079289491261135841e-13 1.255817825390033128e-13 4.498905550642069257e-14 4.647214518589015784e-14 -4.294177505623873990e-14 -4.210112330494450586e-14 4.411496473152344345e-14 2.607005759551767842e-14 1.313613613414826097e-14 5.808367101884561450e-14 9.648718128893185264e-14 9.336649618661162031e-14 1.420467747365329702e-13 2.725129685498544664e-13 3.562710814210664676e-13 4.839626318520449043e-13 7.415160083671484534e-13 1.200853631170612425e-12 1.741189967945689596e-12 2.474273357711779843e-12 3.166820106384876778e-12 3.576526267598547195e-12 3.217068678985808743e-12 2.503422807653972739e-12 1.808538971125588904e-12 1.338869588097636067e-12
1.241450868119995661e-13 9.721076546441003000e-14 5.183793614171840321e-14 3.774914051445205505e-14 -1.772821464313552661e-14 -4.509436129450334415e-14 3.866019570327823666e-14 2.441984930590367125e-14 3.388691752753011287e-15 5.778808543344819136e-14 1.031153216040593551e-13 9.635878219972919100e-14 1.377087600012904472e-13 2.388878230033089994e-13 3.064250727131159367e-13 3.802289408810586769e-13 5.046944680340363028e-13 8.468985488795733864e-13 1.226644473909962220e-12 1.794573804058190967e-12 2.469265034935901258e-12 3.217068678985808743e-12 3.675066890200583779e-12 3.340171085106239186e-12 2.627283201578108661e-12 2.235591198851317603e-12
1.348140331337860968e-13 3.111232032770691684e-14 4.680908918650342105e-14 2.053340998622420100e-14 2.883810735390940060e-14 -1.936738076930153646e-15 6.000182397808170455e-14 3.860518155594260005e-14 2.462306556546127181e-14 6.946227410023055466e-14 1.120798993916941148e-13 1.139365477033815926e-13 1.335369125409204890e-13 2.044244860165957543e-13 2.799204036527204940e-13 3.717975857618230856e-13 4.769191049595463846e-13 8.117907053450502948e-13 1.104282103615009515e-12 1.434975467132430763e-12 1.856522437668283235e-12 2.503422807653972739e-12 3.340171085106239186e-12 4.135225900744103888e-12 4.151284833117772026e-12 3.686889276071443493e-12
1.203831121359408613e-13 2.498682762617036215e-14 4.132728493982624746e-14 5.065718242793304525e-14 1.008135068721969174e-13 9.729863632167651754e-14 8.402364880589401916e-14 5.041173964566792682e-14 4.079283284134104159e-14 5.799503579161157790e-14 6.142213821870455325e-14 8.259777570002004581e-14 1.090918542839400694e-13 1.617253667237603898e-13 2.377948297865768914e-13 3.191526704370317634e-13 4.093987201418734209e-13 7.337320240037708145e-13 9.585253729049957771e-13 1.119106488318843230e-12 1.365479163853965290e-12 1.808538971125588904e-12 2.627283201578108661e-12 4.151284833117772026e-12 5.757462922682132950e-12 6.036356439842413030e-12
9.426543538512148387e-14 4.425252563000637602e-14 2.456008187765098933e-14 1.018615209537987187e-13 1.060619559150461233e-13 1.497140147687934420e-13 1.285590731822550344e-13 5.175599430804461765e-14 4.976164618111066983e-14 5.939227604113319584e-14 1.703896953269768356e-14 2.222583110955167289e-14 3.696305816057821560e-14 8.617730227142148939e-14 1.561735824711506505e-13 2.206494118972712803e-13 2.939796310989313591e-13 5.467220289647323880e-13 7.254052742295383447e-13 7.973570191354374311e-13 9.377944170097641712e-13 1.338869588097636067e-12 2.235591198851317603e-12 3.686889276071443493e-12 6.036356439842413030e-12 8.828424237269848790e-12
