2.117319671112091454e-13 5.681916581102887167e-14 2.931180224740623711e-14 -2.681238063228487027e-16 2.245668130809576477e-14 9.363540704204490346e-15 1.302839139838758253e-14 1.463824188993638374e-14 2.199729910148387071e-14 -2.099475802187230767e-15 -2.167820167706168167e-15 5.001771598121868646e-15 1.105737806969643979e-15 -3.816049534369582832e-15 -1.020230660008302656e-15 3.188234935837794380e-15 9.801777420039539449e-15 2.039419192973786450e-14 2.580667064613449400e-14 3.223666476540096245e-14 3.506691581011823510e-14 1.871294449410300510e-15 -6.498987329685412693e-14 -8.781429686406744854e-14 -7.464689765241977500e-14 -7.069247614653602063e-14
5.681916581102887167e-14 1.547343848139804895e-13 6.703148419985728282e-14 2.371329297696116685e-14 3.278278123675311593e-14 2.181026640021993754e-14 1.222709872975987750e-14 1.495297206702393557e-14 1.111086555069059235e-14 2.611407012135487602e-15 5.295907115860951187e-15 1.004486250386323254e-14 5.080837255762470001e-15 7.035045374574209017e-15 1.716143758399435568e-14 2.035837247823918423e-14 1.822477150163283740e-14 2.198521952978891384e-14 1.838326953626286407e-14 3.401939008861420881e-14 5.539014639481331846e-14 6.798145806373035008e-14 7.327861375607823941e-14 5.704522471533544220e-14 6.094243309503305167e-14 8.839082244345242096e-14
2.931180224740623711e-14 6.703148419985728282e-14 1.380006726972204589e-13 4.303138372155651490e-14 3.739129911915452269e-14 2.376067332956236344e-14 1.984201442689634267e-14 1.225437863377451365e-14 6.149240637833530383e-16 -3.201044952909362743e-15 9.939644412552091171e-16 1.189010995401940394e-15 -4.148217020929252045e-15 1.376541755057299858e-15 1.189063975854303734e-14 2.004559373590857776e-14 2.226170772625791347e-14 4.071969994852631415e-14 4.458126801488403499e-14 6.136642897431765555e-14 8.774260227210498413e-14 1.128263139413562869e-13 9.399764305350758181e-14 6.254079110388284017e-14 5.365236368594563924e-14 6.243001038815420282e-14
-2.681238063228487027e-16 2.371329297696116685e-14 4.303138372155651490e-14 9.882562579743705290e-14 3.795947195906563247e-14 2.829049392404462673e-14 1.456142905358457430e-14 1.047007260456492001e-14 5.521743804502519635e-15 7.256497298331015040e-16 -8.806182862402482124e-16 3.379494352652892308e-15 7.925683687751250980e-15 9.713215994562762426e-15 6.516597728891071247e-15 -2.791911090971581840e-15 -9.371069683818470464e-15 3.381977910033567772e-15 1.019655882609409050e-14 1.087158638614616389e-14 2.774065188620773155e-15 1.828303521052250030e-14 3.417065514334599442e-14 2.596935174577656840e-14 4.626636492674749905e-14 5.998511325864204025e-14
2.245668130809576477e-14 3.278278123675311593e-14 3.739129911915452269e-14 3.795947195906563247e-14 8.019088681078967493e-14 4.425488295820627431e-14 2.933980374316516093e-14 2.221958641484247875e-14 1.682970849982177873e-14 9.271643995163984650e-15 9.195377078844021052e-15 7.739417599717890208e-15 -2.922506840085823738e-15 -4.397868204215194764e-15 -2.454125919382803361e-15 -5.731614773736026308e-15 -1.071320113596581149e-14 -2.568797652256559378e-15 1.688384114561507606e-15 -8.754912295872123877e-16 -8.616919370049279864e-15 -6.542433695501744939e-15 -8.492402967762918231e-15 -5.037854283719333649e-15 3.722641039351469138e-14 3.746786642031239465e-14
9.363540704204490346e-15 2.181026640021993754e-14 2.376067332956236344e-14 2.829049392404462673e-14 4.425488295820627431e-14 7.308731556781237804e-14 5.046916769952716313e-14 2.861298152538394756e-14 2.016275679085234219e-14 1.400948751782341526e-14 5.071293568231563732e-15 9.837306092449128741e-15 4.709396159979534844e-15 9.213464096845269985e-15 2.112248139617470675e-14 2.700393197381184434e-14 2.556062371211871643e-14 3.867371787207610718e-14 4.388428732284418701e-14 4.384230451140204807e-14 1.744215032729140701e-14 -3.650896254418463678e-15 -6.601225484241948261e-15 3.573759859041003038e-14 1.036482159234618480e-13 1.324536329572638349e-13
1.302839139838758253e-14 1.222709872975987750e-14 1.984201442689634267e-14 1.456142905358457430e-14 2.933980374316516093e-14 5.046916769952716313e-14 7.297147451604004135e-14 4.459007252579702517e-14 3.532993848692926370e-14 2.786781281853197857e-14 1.742927563344295254e-14 1.810317281183704698e-14 1.529381728092698196e-14 1.652049514426275606e-14 2.573834540507953598e-14 3.002345951734547343e-14 2.695703917317852024e-14 3.975035054614837344e-14 5.528964424272746890e-14 6.742409534131261648e-14 5.605269224043839178e-14 4.644470480746994544e-14 3.411483086780202728e-14 4.791286146591487300e-14 7.145191812967353267e-14 1.027978852915322031e-13
1.463824188993638374e-14 1.495297206702393557e-14 1.225437863377451365e-14 1.047007260456492001e-14 2.221958641484247875e-14 2.861298152538394756e-14 4.459007252579702517e-14 7.614434029567634393e-14 5.469020007961509928e-14 3.370800644152731822e-14 2.356160326158619843e-14 2.479013262445084069e-14 2.216013165871974692e-14 2.575879431020335240e-14 3.824084764142896334e-14 4.103346648505588883e-14 3.900870971438100178e-14 5.192801319071892257e-14 6.450787495972616927e-14 6.940428051769239142e-14 5.264743874691161316e-14 2.859477511050568634e-14 2.032593724059913000e-14 2.643598723360664086e-14 3.122182920120100965e-14 2.388115487961547316e-14
2.199729910148387071e-14 1.111086555069059235e-14 6.149240637833530383e-16 5.521743804502519635e-15 1.682970849982177873e-14 2.016275679085234219e-14 3.532993848692926370e-14 5.469020007961509928e-14 7.156477216566735257e-14 5.044639605420746791e-14 4.373411124324212205e-14 4.307921755869586143e-14 3.480022886413510836e-14 3.299405411183663604e-14 4.057752640824417662e-14 4.335900221469266758e-14 4.127004961769677013e-14 4.949150890677660748e-14 5.719796929455479743e-14 5.581957574806655054e-14 3.374298444815412926e-14 5.316369229622701818e-16 -4.466836174671024219e-15 1.241011950235826643e-14 1.777000844579832140e-14 1.718920517320720236e-14
-2.099475802187230767e-15 2.611407012135487602e-15 -3.201044952909362743e-15 7.256497298331015040e-16 9.271643995163984650e-15 1.400948751782341526e-14 2.786781281853197857e-14 3.370800644152731822e-14 5.044639605420746791e-14 7.163817541130508841e-14 6.359684128013134453e-14 5.432069929494572977e-14 4.627856251958765244e-14 4.543731447809318823e-14 5.307676567916105710e-14 5.736768482107749220e-14 6.152002188084323727e-14 8.151070443071839252e-14 9.596693580639610605e-14 1.055869881694934242e-13 9.428054947731951266e-14 7.064985741203366395e-14 7.412458106711971203e-14 7.571208632806177022e-14 4.751565763101952060e-14 4.265494457802376738e-14
-2.167820167706168167e-15 5.295907115860951187e-15 9.939644412552091171e-16 -8.806182862402482124e-16 9.195377078844021052e-15 5.071293568231563732e-15 1.742927563344295254e-14 2.356160326158619843e-14 4.373411124324212205e-14 6.359684128013134453e-14 9.225859431250876562e-14 7.533851310309241383e-14 6.088228069914882343e-14 5.587192070375824456e-14 6.207767494768296674e-14 6.807836638793053163e-14 7.583003214887069761e-14 9.405887070832847492e-14 1.112490153261281617e-13 1.241661188520403532e-13 1.193368249935506360e-13 8.913981131831099375e-14 8.871060254678129153e-14 9.203263753889795675e-14 4.401090874775162228e-14 3.328477894755388419e-15
5.001771598121868646e-15 1.004486250386323254e-14 1.189010995401940394e-15 3.379494352652892308e-15 7.739417599717890208e-15 9.837306092449128741e-15 1.810317281183704698e-14 2.479013262445084069e-14 4.307921755869586143e-14 5.432069929494572977e-14 7.533851310309241383e-14 1.003367830429483992e-13 8.737106087199259092e-14 8.361990781657183335e-14 9.394977385140404725e-14 1.089571945014520032e-13 1.164693595505710957e-13 1.352885562720166123e-13 1.522369844588642865e-13 1.645201683747600580e-13 1.428946612274331910e-13 8.240810838962962093e-14 8.871495198442125898e-14 1.050533750044788328e-13 7.908152992518292166e-14 3.094355115987694073e-14
1.105737806969643979e-15 5.080837255762470001e-15 -4.148217020929252045e-15 7.925683687751250980e-15 -2.922506840085823738e-15 4.709396159979534844e-15 1.529381728092698196e-14 2.216013165871974692e-14 3.480022886413510836e-14 4.627856251958765244e-14 6.088228069914882343e-14 8.737106087199259092e-14 1.234580113253630898e-13 1.296560048476142934e-13 1.374666064443987568e-13 1.471198930909276632e-13 1.594560469703496041e-13 1.870478200160637671e-13 2.089569264935967417e-13 2.312665790541940114e-13 2.163799503433145422e-13 1.469747397358750393e-13 1.417526427101834458e-13 1.414969697870246512e-13 1.175777749969948744e-13 4.487883426432755723e-14
-3.816049534369582832e-15 7.035045374574209017e-15 1.376541755057299858e-15 9.713215994562762426e-15 -4.397868204215194764e-15 9.213464096845269985e-15 1.652049514426275606e-14 2.575879431020335240e-14 3.299405411183663604e-14 4.543731447809318823e-14 5.587192070375824456e-14 8.361990781657183335e-14 1.296560048476142934e-13 1.783540269061245987e-13 1.982462767625349405e-13 2.096419233880505411e-13 2.286952184370153757e-13 2.691745493138461637e-13 3.114091132856263741e-13 3.639172182458154314e-13 3.566765285115245931e-13 2.648717649370515153e-13 2.362669203439269071e-13 2.062946752846476669e-13 1.653687439826987078e-13 8.451660336254198294e-14
-1.020230660008302656e-15 1.716143758399435568e-14 1.189063975854303734e-14 6.516597728891071247e-15 -2.454125919382803361e-15 2.112248139617470675e-14 2.573834540507953598e-14 3.824084764142896334e-14 4.057752640824417662e-14 5.307676567916105710e-14 6.207767494768296674e-14 9.394977385140404725e-14 1.374666064443987568e-13 1.982462767625349405e-13 2.802600485695831208e-13 3.138618636012855709e-13 3.441914733984412756e-13 3.962021515565662495e-13 4.549778468433579334e-13 5.163768755032053902e-13 4.906854899121312894e-13 3.562867393135988187e-13 3.082634109345344295e-13 2.823015206875904992e-13 2.366655115679878509e-13 1.556040404237092516e-13
3.188234935837794380e-15 2.035837247823918423e-14 2.004559373590857776e-14 -2.791911090971581840e-15 -5.731614773736026308e-15 2.700393197381184434e-14 3.002345951734547343e-14 4.103346648505588883e-14 4.335900221469266758e-14 5.736768482107749220e-14 6.807836638793053163e-14 1.089571945014520032e-13 1.471198930909276632e-13 2.096419233880505411e-13 3.138618636012855709e-13 4.138193446396023278e-13 4.794705904327650364e-13 5.528084690908718901e-13 6.295442589178775939e-13 7.085572965775608328e-13 6.791579440163077593e-13 4.882535090154253056e-13 3.849388852011219847e-13 3.755382273252087090e-13 3.201597168521446110e-13 2.214176743850701011e-13
9.801777420039539449e-15 1.822477150163283740e-14 2.226170772625791347e-14 -9.371069683818470464e-15 -1.071320113596581149e-14 2.556062371211871643e-14 2.695703917317852024e-14 3.900870971438100178e-14 4.127004961769677013e-14 6.152002188084323727e-14 7.583003214887069761e-14 1.164693595505710957e-13 1.594560469703496041e-13 2.286952184370153757e-13 3.441914733984412756e-13 4.794705904327650364e-13 6.406617711338946705e-13 7.788153526229775541e-13 9.031852999084013841e-13 1.027605666469819111e-12 1.005558790947654578e-12 7.460276564489188255e-13 5.088904602148719867e-13 4.821632537604578747e-13 4.142847264151103189e-13 3.006848385057487349e-13
2.039419192973786450e-14 2.198521952978891384e-14 4.071969994852631415e-14 3.381977910033567772e-15 -2.568797652256559378e-15 3.867371787207610718e-14 3.975035054614837344e-14 5.192801319071892257e-14 4.949150890677660748e-14 8.151070443071839252e-14 9.405887070832847492e-14 1.352885562720166123e-13 1.870478200160637671e-13 2.691745493138461637e-13 3.962021515565662495e-13 5.528084690908718901e-13 7.788153526229775541e-13 1.056191794546285933e-12 1.278965610214390555e-12 1.479535879250673783e-12 1.484161235640809909e-12 1.203032127933170728e-12 8.486825132166256932e-13 8.132755631729692937e-13 7.339099178606257487e-13 5.465386892366040627e-13
2.580667064613449400e-14 1.838326953626286407e-14 4.458126801488403499e-14 1.019655882609409050e-14 1.688384114561507606e-15 4.388428732284418701e-14 5.528964424272746890e-14 6.450787495972616927e-14 5.719796929455479743e-14 9.596693580639610605e-14 1.112490153261281617e-13 1.522369844588642865e-13 2.089569264935967417e-13 3.114091132856263741e-13 4.549778468433579334e-13 6.295442589178775939e-13 9.031852999084013841e-13 1.278965610214390555e-12 1.678952591090501757e-12 2.016845976125208307e-12 2.064148628500622555e-12 1.749509741635325222e-12 1.234210263375022791e-12 1.111121316299271215e-12 9.631149779388809984e-13 7.263758602813525747e-13
3.223666476540096245e-14 3.401939008861420881e-14 6.136642897431765555e-14 1.087158638614616389e-14 -8.754912295872123877e-16 4.384230451140204807e-14 6.742409534131261648e-14 6.940428051769239142e-14 5.581957574806655054e-14 1.055869881694934242e-13 1.241661188520403532e-13 1.645201683747600580e-13 2.312665790541940114e-13 3.639172182458154314e-13 5.163768755032053902e-13 7.085572965775608328e-13 1.027605666469819111e-12 1.479535879250673783e-12 2.016845976125208307e-12 2.599633759739399868e-12 2.786703244035285914e-12 2.483678608726152621e-12 1.801570260973231502e-12 1.439436252383528437e-12 1.118834373456319510e-12 7.935556653828659233e-13
3.506691581011823510e-14 5.539014639481331846e-14 8.774260227210498413e-14 2.774065188620773155e-15 -8.616919370049279864e-15 1.744215032729140701e-14 5.605269224043839178e-14 5.264743874691161316e-14 3.374298444815412926e-14 9.428054947731951266e-14 1.193368249935506360e-13 1.428946612274331910e-13 2.163799503433145422e-13 3.566765285115245931e-13 4.906854899121312894e-13 6.791579440163077593e-13 1.005558790947654578e-12 1.484161235640809909e-12 2.064148628500622555e-12 2.786703244035285914e-12 3.279244288248161964e-12 3.172344521892728722e-12 2.472376888782413721e-12 1.858527632900071643e-12 1.364131490001014121e-12 9.360257510110039052e-13
1.871294449410300510e-15 6.798145806373035008e-14 1.128263139413562869e-13 1.828303521052250030e-14 -6.542433695501744939e-15 -3.650896254418463678e-15 4.644470480746994544e-14 2.859477511050568634e-14 5.316369229622701818e-16 7.064985741203366395e-14 8.913981131831099375e-14 8.240810838962962093e-14 1.469747397358750393e-13 2.648717649370515153e-13 3.562867393135988187e-13 4.882535090154253056e-13 7.460276564489188255e-13 1.203032127933170728e-12 1.749509741635325222e-12 2.483678608726152621e-12 3.172344521892728722e-12 3.585517118359126067e-12 3.223730501411880502e-12 2.509384753446336418e-12 1.811531737151062512e-12 1.341357194268178820e-12
-6.498987329685412693e-14 7.327861375607823941e-14 9.399764305350758181e-14 3.417065514334599442e-14 -8.492402967762918231e-15 -6.601225484241948261e-15 3.411483086780202728e-14 2.032593724059913000e-14 -4.466836174671024219e-15 7.412458106711971203e-14 8.871060254678129153e-14 8.871495198442125898e-14 1.417526427101834458e-13 2.362669203439269071e-13 3.082634109345344295e-13 3.849388852011219847e-13 5.088904602148719867e-13 8.486825132166256932e-13 1.234210263375022791e-12 1.801570260973231502e-12 2.472376888782413721e-12 3.223730501411880502e-12 3.680525278731496529e-12 3.344701208920932034e-12 2.629313535020806675e-12 2.237724291585921979e-12
-8.781429686406744854e-14 5.704522471533544220e-14 6.254079110388284017e-14 2.596935174577656840e-14 -5.037854283719333649e-15 3.573759859041003038e-14 4.791286146591487300e-14 2.643598723360664086e-14 1.241011950235826643e-14 7.571208632806177022e-14 9.203263753889795675e-14 1.050533750044788328e-13 1.414969697870246512e-13 2.062946752846476669e-13 2.823015206875904992e-13 3.755382273252087090e-13 4.821632537604578747e-13 8.132755631729692937e-13 1.111121316299271215e-12 1.439436252383528437e-12 1.858527632900071643e-12 2.509384753446336418e-12 3.344701208920932034e-12 4.138425901947741977e-12 4.153832737505271910e-12 3.687267255357657639e-12
-7.464689765241977500e-14 6.094243309503305167e-14 5.365236368594563924e-14 4.626636492674749905e-14 3.722641039351469138e-14 1.036482159234618480e-13 7.145191812967353267e-14 3.122182920120100965e-14 1.777000844579832140e-14 4.751565763101952060e-14 4.401090874775162228e-14 7.908152992518292166e-14 1.175777749969948744e-13 1.653687439826987078e-13 2.366655115679878509e-13 3.201597168521446110e-13 4.142847264151103189e-13 7.339099178606257487e-13 9.631149779388809984e-13 1.118834373456319510e-12 1.364131490001014121e-12 1.811531737151062512e-12 2.629313535020806675e-12 4.153832737505271910e-12 5.762773632862751341e-12 6.038162795513974358e-12
-7.069247614653602063e-14 8.839082244345242096e-14 6.243001038815420282e-14 5.998511325864204025e-14 3.746786642031239465e-14 1.324536329572638349e-13 1.027978852915322031e-13 2.388115487961547316e-14 1.718920517320720236e-14 4.265494457802376738e-14 3.328477894755388419e-15 3.094355115987694073e-14 4.487883426432755723e-14 8.451660336254198294e-14 1.556040404237092516e-13 2.214176743850701011e-13 3.006848385057487349e-13 5.465386892366040627e-13 7.263758602813525747e-13 7.935556653828659233e-13 9.360257510110039052e-13 1.341357194268178820e-12 2.237724291585921979e-12 3.687267255357657639e-12 6.038162795513974358e-12 8.827327742646217764e-12
