2.835591789342565675e-13 6.836171542695345752e-14 5.890649150518230079e-14 1.833953437935150825e-14 2.161456440544651728e-14 2.380134573741709356e-14 2.244060168939465726e-14 3.148583953482697337e-14 3.087302924175655580e-14 1.126409871429120571e-14 7.157098195108262294e-15 1.693919848867796920e-14 2.084865715957758664e-14 2.363067988960908004e-14 4.456736516745768347e-14 5.204963982296343003e-14 5.392584764398870798e-14 6.638978704379883435e-14 7.083650174122274040e-14 5.889049199141980784e-14 4.533648960475147340e-14 1.764561131362815329e-14 -7.573797855004562494e-15 1.889876524874272305e-14 1.022188141083581022e-13 1.216788436349828244e-13
6.836171542695345752e-14 1.493038891532143122e-13 4.916379341639673965e-14 2.745286205254077561e-14 7.189246440115112625e-15 1.054078030949387790e-14 5.823351359902454197e-15 2.342574191754553419e-15 -3.025925217322754708e-15 -6.916889595858319656e-15 -8.358261135480996943e-15 3.098886035608031479e-16 2.350160028420690120e-15 -1.331894686399746486e-15 3.889544269077834728e-15 4.584290055889476346e-15 2.960760692757719563e-15 5.600190263912768966e-15 -1.703587234046235852e-15 -1.923950032428496019e-14 -3.936658148223006929e-14 -2.022009550514159636e-14 -3.461573668397771131e-15 5.070779991801042746e-15 5.568751202048691371e-14 1.255674376801109792e-13
5.890649150518230079e-14 4.916379341639673965e-14 1.326896401879210587e-13 4.702813416845927504e-14 2.495576682910709960e-14 2.074587926094918299e-14 1.340710721447715320e-14 1.658731940655446068e-14 8.289271186350072014e-15 7.104070047738486729e-15 1.302996342036901907e-14 2.396668795658292999e-14 2.037455743915236813e-14 1.743605358809541361e-14 2.014675752202069686e-14 1.936280180588840753e-14 1.615658449319177413e-14 2.697985282975028003e-14 3.328097237819457790e-14 5.085921035249415325e-14 4.502948267834459442e-14 4.720217007002143728e-14 3.232706112892756268e-14 -2.154436873862438247e-15 -9.359191749006200343e-15 -2.301263804108865203e-15
1.833953437935150825e-14 2.745286205254077561e-14 4.702813416845927504e-14 9.173826651852094129e-14 3.451159999160206936e-14 2.756240289469572868e-14 1.418216002915570119e-14 1.402380309657183282e-14 1.128062581696043336e-14 1.053320281256445806e-16 4.172788434213408642e-15 2.192117306055452014e-15 -2.269904475796166594e-15 -5.041133879343737172e-15 -5.640296911971061593e-15 -1.062440656768938385e-14 -1.143736247254807721e-14 4.104961810777228380e-15 2.310390707872067675e-14 3.175737089896972734e-14 2.003212011731977977e-14 1.384969782012222749e-14 -1.010690145497017390e-14 -2.820724998130506641e-14 -2.602197528813011736e-14 2.342932396607726878e-15
2.161456440544651728e-14 7.189246440115112625e-15 2.495576682910709960e-14 3.451159999160206936e-14 7.873085346862157162e-14 4.198159893305760815e-14 2.310102156643760960e-14 1.872670330100113368e-14 1.446289834832860835e-14 1.231946221348654157e-14 1.153759029218400455e-14 1.497132850197640474e-14 8.757799655394726770e-15 9.734346976307266226e-15 1.729035154293332991e-14 1.492963849503946398e-14 7.876477829584821069e-15 5.255157367904674663e-15 3.701278023907275027e-15 -2.945213490808797935e-15 -2.739643380653985594e-14 -4.292116508709817057e-14 -2.399187676296554928e-14 -1.527278209799483713e-14 6.199682099872528964e-15 -1.652197487822813681e-15
2.380134573741709356e-14 1.054078030949387790e-14 2.074587926094918299e-14 2.756240289469572868e-14 4.198159893305760815e-14 8.674590317682105971e-14 5.117590224521289578e-14 3.171753821559423175e-14 2.233454106950427275e-14 1.676692823264786843e-14 4.684481983837477362e-15 9.296023859109418667e-15 1.878703365937270613e-15 2.499032827121173795e-15 1.431723434165431245e-14 1.685284401562094279e-14 1.439707031594160194e-14 2.081749523979949642e-14 2.244392183768716802e-14 1.869675283033278041e-14 -8.114072936487178715e-15 -2.583012802631350416e-14 -3.441957972819356368e-14 1.614424003921671300e-14 1.057794054263732401e-13 1.300888124979127121e-13
2.244060168939465726e-14 5.823351359902454197e-15 1.340710721447715320e-14 1.418216002915570119e-14 2.310102156643760960e-14 5.117590224521289578e-14 7.841964690416304534e-14 4.900061500243897093e-14 3.338005063696640937e-14 2.681525652233646878e-14 1.396919909071945223e-14 1.785604780148845186e-14 1.597472625338493256e-14 2.024940430534041050e-14 2.916997718855867821e-14 3.270359426444222269e-14 3.063034459271861725e-14 4.311012088840352295e-14 5.752874433466528483e-14 6.708199561477969110e-14 5.400827765175750725e-14 3.432511846920911390e-14 3.053108671241641849e-14 6.336074091368076347e-14 1.218562888076759165e-13 1.898838616776675149e-13
3.148583953482697337e-14 2.342574191754553419e-15 1.658731940655446068e-14 1.402380309657183282e-14 1.872670330100113368e-14 3.171753821559423175e-14 4.900061500243897093e-14 7.624088803193135061e-14 5.608429777969789016e-14 3.258203742338634092e-14 2.402182499353025294e-14 2.658106409282326191e-14 2.532862315313152654e-14 2.487615676355375656e-14 3.550727042894716645e-14 3.647788204298053329e-14 3.027202176156348018e-14 3.474896542923451653e-14 4.304673420101141246e-14 4.585592319793472594e-14 2.793651958176716585e-14 7.582313790896217823e-15 1.407306052454835727e-14 2.264051469150696326e-14 3.340177452619596361e-14 4.910784340123174816e-14
3.087302924175655580e-14 -3.025925217322754708e-15 8.289271186350072014e-15 1.128062581696043336e-14 1.446289834832860835e-14 2.233454106950427275e-14 3.338005063696640937e-14 5.608429777969789016e-14 7.622127440714980623e-14 5.203940574554358557e-14 4.469226685807029057e-14 4.375927156119209476e-14 3.874525158558117704e-14 3.408159097810640478e-14 4.429005687235470312e-14 4.882186356759502603e-14 4.700661643566118619e-14 5.718795435253236768e-14 6.587181870227023301e-14 6.237339839023791305e-14 4.005465827507753108e-14 1.054542819029742994e-14 4.297450258365602872e-15 1.091617715292734246e-14 8.418664785576376625e-15 1.799819438898425392e-14
1.126409871429120571e-14 -6.916889595858319656e-15 7.104070047738486729e-15 1.053320281256445806e-16 1.231946221348654157e-14 1.676692823264786843e-14 2.681525652233646878e-14 3.258203742338634092e-14 5.203940574554358557e-14 7.438085845177361427e-14 6.618013768868055187e-14 5.434351228970872945e-14 4.560251440782284127e-14 4.397053765654946127e-14 5.239380693527003797e-14 5.593987154144566697e-14 5.817771444994310502e-14 7.475581384791924001e-14 8.957165655948063483e-14 1.004037775488292641e-13 8.888131026024990779e-14 6.306804232620060011e-14 6.409708141248481677e-14 6.558589051863088099e-14 4.245517899044139127e-14 3.588061560887612768e-14
7.157098195108262294e-15 -8.358261135480996943e-15 1.302996342036901907e-14 4.172788434213408642e-15 1.153759029218400455e-14 4.684481983837477362e-15 1.396919909071945223e-14 2.402182499353025294e-14 4.469226685807029057e-14 6.618013768868055187e-14 9.469397855021293876e-14 7.538849672532882524e-14 6.407222123706635511e-14 5.648959389644767872e-14 6.367648698125456454e-14 6.880057407992495578e-14 7.498924853746171436e-14 9.351630468773442599e-14 1.095214085985050916e-13 1.235918848322081133e-13 1.221190825161612726e-13 9.917527237885464571e-14 1.067223482386176935e-13 1.144236436334944221e-13 6.928320771109018129e-14 2.814608234356082699e-14
1.693919848867796920e-14 3.098886035608031479e-16 2.396668795658292999e-14 2.192117306055452014e-15 1.497132850197640474e-14 9.296023859109418667e-15 1.785604780148845186e-14 2.658106409282326191e-14 4.375927156119209476e-14 5.434351228970872945e-14 7.538849672532882524e-14 1.009872358898849506e-13 8.880643137415096661e-14 8.319262916613855903e-14 9.406721850219808441e-14 1.090808303134720335e-13 1.151177637619055895e-13 1.326231806440107478e-13 1.514396511137748486e-13 1.648176484329817370e-13 1.415429789379023547e-13 8.141303776340808036e-14 8.328035744166826874e-14 9.557340366485803208e-14 6.088560406559260022e-14 -9.615950667015268114e-16
2.084865715957758664e-14 2.350160028420690120e-15 2.037455743915236813e-14 -2.269904475796166594e-15 8.757799655394726770e-15 1.878703365937270613e-15 1.597472625338493256e-14 2.532862315313152654e-14 3.874525158558117704e-14 4.560251440782284127e-14 6.407222123706635511e-14 8.880643137415096661e-14 1.261066006835778739e-13 1.285546200683400615e-13 1.369986763753224572e-13 1.459819701691257562e-13 1.566866369501553808e-13 1.839093065812958816e-13 2.056135327763536502e-13 2.270867123721528752e-13 2.106054715968650725e-13 1.422080566467700708e-13 1.410774982844599853e-13 1.444182378188740336e-13 1.244713316042747414e-13 5.948907170819726884e-14
2.363067988960908004e-14 -1.331894686399746486e-15 1.743605358809541361e-14 -5.041133879343737172e-15 9.734346976307266226e-15 2.499032827121173795e-15 2.024940430534041050e-14 2.487615676355375656e-14 3.408159097810640478e-14 4.397053765654946127e-14 5.648959389644767872e-14 8.319262916613855903e-14 1.285546200683400615e-13 1.765633446452822990e-13 1.965137643957890519e-13 2.082555676242698709e-13 2.273291780801712252e-13 2.682503178179520055e-13 3.116888204406095300e-13 3.669956376019371941e-13 3.640259673395397339e-13 2.754696511575011209e-13 2.452911355571490432e-13 2.092907159331544332e-13 1.658545603292582554e-13 9.077783155523857271e-14
4.456736516745768347e-14 3.889544269077834728e-15 2.014675752202069686e-14 -5.640296911971061593e-15 1.729035154293332991e-14 1.431723434165431245e-14 2.916997718855867821e-14 3.550727042894716645e-14 4.429005687235470312e-14 5.239380693527003797e-14 6.367648698125456454e-14 9.406721850219808441e-14 1.369986763753224572e-13 1.965137643957890519e-13 2.810747144712401904e-13 3.140207380614034332e-13 3.431401277800770575e-13 3.955296039529181836e-13 4.546393340146691280e-13 5.159736990465195374e-13 4.894561322068549109e-13 3.564211555960057046e-13 3.095912981426375654e-13 2.856433448256036848e-13 2.402989101743095357e-13 1.526545047074602621e-13
5.204963982296343003e-14 4.584290055889476346e-15 1.936280180588840753e-14 -1.062440656768938385e-14 1.492963849503946398e-14 1.685284401562094279e-14 3.270359426444222269e-14 3.647788204298053329e-14 4.882186356759502603e-14 5.593987154144566697e-14 6.880057407992495578e-14 1.090808303134720335e-13 1.459819701691257562e-13 2.082555676242698709e-13 3.140207380614034332e-13 4.128229701511841296e-13 4.777176367874099106e-13 5.505676858894204023e-13 6.283297830356899651e-13 7.056807844850620012e-13 6.748163162911772976e-13 4.823115353404990736e-13 3.779938399199535678e-13 3.696955169999935104e-13 3.190868383053970438e-13 2.243480290982829493e-13
5.392584764398870798e-14 2.960760692757719563e-15 1.615658449319177413e-14 -1.143736247254807721e-14 7.876477829584821069e-15 1.439707031594160194e-14 3.063034459271861725e-14 3.027202176156348018e-14 4.700661643566118619e-14 5.817771444994310502e-14 7.498924853746171436e-14 1.151177637619055895e-13 1.566866369501553808e-13 2.273291780801712252e-13 3.431401277800770575e-13 4.777176367874099106e-13 6.378924115411487335e-13 7.754926000345844163e-13 9.010313123464669167e-13 1.023332828249746914e-12 1.000767011908594819e-12 7.409373397054233039e-13 5.029833623117452903e-13 4.758443827849206913e-13 4.095188148675691093e-13 2.971868770061113819e-13
6.638978704379883435e-14 5.600190263912768966e-15 2.697985282975028003e-14 4.104961810777228380e-15 5.255157367904674663e-15 2.081749523979949642e-14 4.311012088840352295e-14 3.474896542923451653e-14 5.718795435253236768e-14 7.475581384791924001e-14 9.351630468773442599e-14 1.326231806440107478e-13 1.839093065812958816e-13 2.682503178179520055e-13 3.955296039529181836e-13 5.505676858894204023e-13 7.754926000345844163e-13 1.054093862913316477e-12 1.278500180640340382e-12 1.477056359314038230e-12 1.482397574169105797e-12 1.203021055307691700e-12 8.496840424166835874e-13 8.153787851034355333e-13 7.379748025071799725e-13 5.527796863184245115e-13
7.083650174122274040e-14 -1.703587234046235852e-15 3.328097237819457790e-14 2.310390707872067675e-14 3.701278023907275027e-15 2.244392183768716802e-14 5.752874433466528483e-14 4.304673420101141246e-14 6.587181870227023301e-14 8.957165655948063483e-14 1.095214085985050916e-13 1.514396511137748486e-13 2.056135327763536502e-13 3.116888204406095300e-13 4.546393340146691280e-13 6.283297830356899651e-13 9.010313123464669167e-13 1.278500180640340382e-12 1.680296003299413773e-12 2.014809747142616283e-12 2.063187396883887777e-12 1.746928362072485325e-12 1.231891941794664813e-12 1.109138087073397517e-12 9.616175838397669029e-13 7.279902676837132637e-13
5.889049199141980784e-14 -1.923950032428496019e-14 5.085921035249415325e-14 3.175737089896972734e-14 -2.945213490808797935e-15 1.869675283033278041e-14 6.708199561477969110e-14 4.585592319793472594e-14 6.237339839023791305e-14 1.004037775488292641e-13 1.235918848322081133e-13 1.648176484329817370e-13 2.270867123721528752e-13 3.669956376019371941e-13 5.159736990465195374e-13 7.056807844850620012e-13 1.023332828249746914e-12 1.477056359314038230e-12 2.014809747142616283e-12 2.592754779335399158e-12 2.781469643670300116e-12 2.476698324080660220e-12 1.797004392630540923e-12 1.436272491340274972e-12 1.116620528933346041e-12 7.940866384651951522e-13
4.533648960475147340e-14 -3.936658148223006929e-14 4.502948267834459442e-14 2.003212011731977977e-14 -2.739643380653985594e-14 -8.114072936487178715e-15 5.400827765175750725e-14 2.793651958176716585e-14 4.005465827507753108e-14 8.888131026024990779e-14 1.221190825161612726e-13 1.415429789379023547e-13 2.106054715968650725e-13 3.640259673395397339e-13 4.894561322068549109e-13 6.748163162911772976e-13 1.000767011908594819e-12 1.482397574169105797e-12 2.063187396883887777e-12 2.781469643670300116e-12 3.276897696940123797e-12 3.167947481438961501e-12 2.470314644255336932e-12 1.857267577305004648e-12 1.362998148541267283e-12 9.355873739612256923e-13
1.764561131362815329e-14 -2.022009550514159636e-14 4.720217007002143728e-14 1.384969782012222749e-14 -4.292116508709817057e-14 -2.583012802631350416e-14 3.432511846920911390e-14 7.582313790896217823e-15 1.054542819029742994e-14 6.306804232620060011e-14 9.917527237885464571e-14 8.141303776340808036e-14 1.422080566467700708e-13 2.754696511575011209e-13 3.564211555960057046e-13 4.823115353404990736e-13 7.409373397054233039e-13 1.203021055307691700e-12 1.746928362072485325e-12 2.476698324080660220e-12 3.167947481438961501e-12 3.576927211464946025e-12 3.217789881820996048e-12 2.504940760187319393e-12 1.808877261417921034e-12 1.339237400911849465e-12
-7.573797855004562494e-15 -3.461573668397771131e-15 3.232706112892756268e-14 -1.010690145497017390e-14 -2.399187676296554928e-14 -3.441957972819356368e-14 3.053108671241641849e-14 1.407306052454835727e-14 4.297450258365602872e-15 6.409708141248481677e-14 1.067223482386176935e-13 8.328035744166826874e-14 1.410774982844599853e-13 2.452911355571490432e-13 3.095912981426375654e-13 3.779938399199535678e-13 5.029833623117452903e-13 8.496840424166835874e-13 1.231891941794664813e-12 1.797004392630540923e-12 2.470314644255336932e-12 3.217789881820996048e-12 3.676134342744566299e-12 3.341726350787079369e-12 2.627372020686690020e-12 2.234245452557303883e-12
1.889876524874272305e-14 5.070779991801042746e-15 -2.154436873862438247e-15 -2.820724998130506641e-14 -1.527278209799483713e-14 1.614424003921671300e-14 6.336074091368076347e-14 2.264051469150696326e-14 1.091617715292734246e-14 6.558589051863088099e-14 1.144236436334944221e-13 9.557340366485803208e-14 1.444182378188740336e-13 2.092907159331544332e-13 2.856433448256036848e-13 3.696955169999935104e-13 4.758443827849206913e-13 8.153787851034355333e-13 1.109138087073397517e-12 1.436272491340274972e-12 1.857267577305004648e-12 2.504940760187319393e-12 3.341726350787079369e-12 4.137635948469556138e-12 4.154059430121978935e-12 3.688094933190268559e-12
1.022188141083581022e-13 5.568751202048691371e-14 -9.359191749006200343e-15 -2.602197528813011736e-14 6.199682099872528964e-15 1.057794054263732401e-13 1.218562888076759165e-13 3.340177452619596361e-14 8.418664785576376625e-15 4.245517899044139127e-14 6.928320771109018129e-14 6.088560406559260022e-14 1.244713316042747414e-13 1.658545603292582554e-13 2.402989101743095357e-13 3.190868383053970438e-13 4.095188148675691093e-13 7.379748025071799725e-13 9.616175838397669029e-13 1.116620528933346041e-12 1.362998148541267283e-12 1.808877261417921034e-12 2.627372020686690020e-12 4.154059430121978935e-12 5.763354556111717534e-12 6.042105675972837826e-12
1.216788436349828244e-13 1.255674376801109792e-13 -2.301263804108865203e-15 2.342932396607726878e-15 -1.652197487822813681e-15 1.300888124979127121e-13 1.898838616776675149e-13 4.910784340123174816e-14 1.799819438898425392e-14 3.588061560887612768e-14 2.814608234356082699e-14 -9.615950667015268114e-16 5.948907170819726884e-14 9.077783155523857271e-14 1.526545047074602621e-13 2.243480290982829493e-13 2.971868770061113819e-13 5.527796863184245115e-13 7.279902676837132637e-13 7.940866384651951522e-13 9.355873739612256923e-13 1.339237400911849465e-12 2.234245452557303883e-12 3.688094933190268559e-12 6.042105675972837826e-12 8.833684817613634515e-12
