2.855835326229280160e-13 7.250937199366292055e-14 5.464503594256622144e-14 7.798069222276928145e-15 1.092632853780920277e-14 2.280394281180423831e-14 1.278891187369007540e-14 1.930950497087687983e-14 2.168995818590081038e-14 1.279753116080938795e-14 1.719594392091410047e-14 2.026373740745852472e-14 1.390793320361711873e-14 2.206673276089555497e-14 3.531271959141047158e-14 3.791605873632252342e-14 4.395470826930466427e-14 6.980590872307135675e-14 6.822490796836774904e-14 7.521953482246780823e-14 8.348406012220173834e-14 1.079289491261124734e-13 1.241450868119968650e-13 1.348140331337834210e-13 1.203831121359384127e-13 9.426543538511753325e-14
7.250937199366292055e-14 2.054344865050767665e-13 7.185930527038123105e-14 3.215810358093528238e-14 1.748842552958561855e-14 3.011445856999635952e-14 2.223685928053190281e-14 1.622426165639553870e-14 5.592720404270985056e-15 1.949103089372129724e-15 -6.611968769104077516e-15 5.893287044108413332e-15 9.073596392151585402e-15 1.616658123723191141e-14 2.670074055139844210e-14 3.602795884172675382e-14 3.386815602561212610e-14 3.512137420292657124e-14 4.521642850044283305e-14 6.990487518655244921e-14 9.689117237388380183e-14 1.255817825390016973e-13 9.721076546440765711e-14 3.111232032770660129e-14 2.498682762616878128e-14 4.425252563000678622e-14
5.464503594256622144e-14 7.185930527038123105e-14 1.509255456958950053e-13 4.150768672989147443e-14 2.526919735432923726e-14 2.600169406165228567e-14 1.202979193547924309e-14 6.482287723944964293e-15 -1.477920740226948407e-15 1.683115062698532156e-15 8.069981136205269051e-15 1.633607133156345149e-14 1.211968590599301522e-14 1.374059747890862171e-14 2.180041555461215275e-14 2.346078915445981892e-14 2.065569819307494223e-14 2.181607508222546042e-14 1.058907207023800598e-14 1.218297390743774756e-14 2.497832136333444615e-14 4.498905550642033916e-14 5.183793614171600507e-14 4.680908918650283413e-14 4.132728493982703632e-14 2.456008187765074636e-14
7.798069222276928145e-15 3.215810358093528238e-14 4.150768672989147443e-14 1.133181141341927520e-13 4.765150365119228109e-14 3.271660011200479212e-14 2.757746467491095712e-14 1.203849183632246947e-14 5.820480574560207838e-15 1.946689475838189739e-15 3.665995822735099851e-15 1.843615365085654335e-15 -2.324652958364597742e-15 -5.692897985286477441e-15 -5.837774185570050842e-15 -5.941971136274248980e-15 -1.103036008926768900e-14 1.184134625284347162e-16 1.529262823166619304e-14 3.449831039095134201e-14 3.332885671350451850e-14 4.647214518588991171e-14 3.774914051445116521e-14 2.053340998622471218e-14 5.065718242793310836e-14 1.018615209537971536e-13
1.092632853780920277e-14 1.748842552958561855e-14 2.526919735432923726e-14 4.765150365119228109e-14 8.923311596677780719e-14 3.889827031150035116e-14 1.914030591324751429e-14 1.380298682821438855e-14 1.411109800622764234e-14 5.054812542455936327e-15 5.222532837178192048e-15 1.015504161616155030e-14 4.531854094913901869e-15 7.610836607799391501e-15 1.305509991883438256e-14 1.643956664008715615e-14 6.937706879490199674e-15 7.176335339020764303e-15 1.755195723844685973e-15 -1.126856093713228320e-14 -2.992404279293483364e-14 -4.294177505623956032e-14 -1.772821464313701597e-14 2.883810735390890204e-14 1.008135068721981165e-13 1.060619559150511216e-13
2.280394281180423831e-14 3.011445856999635952e-14 2.600169406165228567e-14 3.271660011200479212e-14 3.889827031150035116e-14 9.407685275628543086e-14 5.396840343060673626e-14 3.203424708779815744e-14 2.553858246423146931e-14 2.170651613406490622e-14 3.878394134279775064e-15 1.036000066966316053e-14 7.105756152503623259e-15 8.841422589979911984e-15 2.080055159175806217e-14 2.402798979317397260e-14 1.672347032413305084e-14 1.977213955164744009e-14 1.851911537006798670e-14 1.273486378134279719e-14 -1.915821295126504143e-14 -4.210112330494507384e-14 -4.509436129450433496e-14 -1.936738076930137475e-15 9.729863632167613889e-14 1.497140147687942245e-13
1.278891187369007540e-14 2.223685928053190281e-14 1.202979193547924309e-14 2.757746467491095712e-14 1.914030591324751429e-14 5.396840343060673626e-14 8.029111373838700914e-14 4.846831254706328860e-14 3.776227289894459172e-14 3.487995461996724400e-14 2.311163065682287088e-14 2.189191272612095625e-14 1.824944877274503182e-14 2.255347625460129598e-14 2.814660295002146306e-14 2.946512400403121837e-14 2.417028538738581927e-14 3.764606555656267822e-14 5.646621669769284782e-14 6.972556740825222303e-14 5.492079232134220931e-14 4.411496473152390414e-14 3.866019570327826191e-14 6.000182397808179290e-14 8.402364880589163364e-14 1.285590731822509197e-13
1.930950497087687983e-14 1.622426165639553870e-14 6.482287723944964293e-15 1.203849183632246947e-14 1.380298682821438855e-14 3.203424708779815744e-14 4.846831254706328860e-14 7.698527274012119213e-14 5.343764096574026880e-14 3.408288556873569691e-14 2.111360228316610838e-14 2.594772272802336446e-14 2.344439519006868274e-14 2.328951670338144560e-14 3.650241349381018714e-14 3.919765086659519556e-14 3.532556674854726929e-14 4.567437253887935153e-14 6.065140350217412785e-14 6.436002129772066756e-14 4.980164339412252614e-14 2.607005759551780779e-14 2.441984930590327051e-14 3.860518155594251170e-14 5.041173964566681610e-14 5.175599430804633421e-14
2.168995818590081038e-14 5.592720404270985056e-15 -1.477920740226948407e-15 5.820480574560207838e-15 1.411109800622764234e-14 2.553858246423146931e-14 3.776227289894459172e-14 5.343764096574026880e-14 7.132532992676671524e-14 5.265393659672343118e-14 4.082193865236207625e-14 4.112458703504926051e-14 3.432097596829499879e-14 3.121999522556604728e-14 4.015829745819343580e-14 4.396194863272552766e-14 4.484605469378647695e-14 5.628534113521657015e-14 6.882333726646800224e-14 6.857610378992721565e-14 4.615314844783750235e-14 1.313613613414962097e-14 3.388691752754502234e-15 2.462306556546177983e-14 4.079283284134200084e-14 4.976164618111262620e-14
1.279753116080938795e-14 1.949103089372129724e-15 1.683115062698532156e-15 1.946689475838189739e-15 5.054812542455936327e-15 2.170651613406490622e-14 3.487995461996724400e-14 3.408288556873569691e-14 5.265393659672343118e-14 7.436965242804530739e-14 6.316044256182634710e-14 5.424862735514970154e-14 4.362060051372805129e-14 4.324477496377441457e-14 5.237296271066825359e-14 5.725826485138720439e-14 6.130867685573649819e-14 7.911855634137770395e-14 9.567982330171515337e-14 1.051852792674615124e-13 8.841778999820846273e-14 5.808367101884375910e-14 5.778808543344431648e-14 6.946227410022482438e-14 5.799503579160681949e-14 5.939227604112930833e-14
1.719594392091410047e-14 -6.611968769104077516e-15 8.069981136205269051e-15 3.665995822735099851e-15 5.222532837178192048e-15 3.878394134279775064e-15 2.311163065682287088e-14 2.111360228316610838e-14 4.082193865236207625e-14 6.316044256182634710e-14 9.189049499172610444e-14 7.442181579469294262e-14 6.188827966479761140e-14 5.697418973009174514e-14 6.352777579182164372e-14 7.004957122401871011e-14 7.688051804629827602e-14 9.631156938548919723e-14 1.150980546195179586e-13 1.293371203967030998e-13 1.256919907553498671e-13 9.648718128893132253e-14 1.031153216040569822e-13 1.120798993916909467e-13 6.142213821870303864e-14 1.703896953269741535e-14
2.026373740745852472e-14 5.893287044108413332e-15 1.633607133156345149e-14 1.843615365085654335e-15 1.015504161616155030e-14 1.036000066966316053e-14 2.189191272612095625e-14 2.594772272802336446e-14 4.112458703504926051e-14 5.424862735514970154e-14 7.442181579469294262e-14 1.027572906332010454e-13 8.815157811612936411e-14 8.497340319791552266e-14 9.668090143891722824e-14 1.131816319139346314e-13 1.232597266576520394e-13 1.450393901396038457e-13 1.653314534816282573e-13 1.794866446746096365e-13 1.557788994152902283e-13 9.336649618661225140e-14 9.635878219972873662e-14 1.139365477033816683e-13 8.259777570002090409e-14 2.222583110955238286e-14
1.390793320361711873e-14 9.073596392151585402e-15 1.211968590599301522e-14 -2.324652958364597742e-15 4.531854094913901869e-15 7.105756152503623259e-15 1.824944877274503182e-14 2.344439519006868274e-14 3.432097596829499879e-14 4.362060051372805129e-14 6.188827966479761140e-14 8.815157811612936411e-14 1.246697398533814380e-13 1.285430723003748600e-13 1.366363789603289684e-13 1.456165740787126046e-13 1.563926711181357026e-13 1.824811547781113717e-13 2.032622243459757256e-13 2.250072198920383021e-13 2.118929772911283792e-13 1.420467747365341567e-13 1.377087600012907248e-13 1.335369125409197821e-13 1.090918542839385296e-13 3.696305816057629710e-14
2.206673276089555497e-14 1.616658123723191141e-14 1.374059747890862171e-14 -5.692897985286477441e-15 7.610836607799391501e-15 8.841422589979911984e-15 2.255347625460129598e-14 2.328951670338144560e-14 3.121999522556604728e-14 4.324477496377441457e-14 5.697418973009174514e-14 8.497340319791552266e-14 1.285430723003748600e-13 1.778449964842777331e-13 1.979781148084074439e-13 2.099293262596255116e-13 2.297123320384102780e-13 2.710827654898943279e-13 3.146434941046980230e-13 3.701600999945076269e-13 3.657541539665027480e-13 2.725129685498560315e-13 2.388878230033096558e-13 2.044244860165949970e-13 1.617253667237596072e-13 8.617730227142152726e-14
3.531271959141047158e-14 2.670074055139844210e-14 2.180041555461215275e-14 -5.837774185570050842e-15 1.305509991883438256e-14 2.080055159175806217e-14 2.814660295002146306e-14 3.650241349381018714e-14 4.015829745819343580e-14 5.237296271066825359e-14 6.352777579182164372e-14 9.668090143891722824e-14 1.366363789603289684e-13 1.979781148084074439e-13 2.807237184218318090e-13 3.130704450579809608e-13 3.422336894249327456e-13 3.954233391586023972e-13 4.555808748095136575e-13 5.178828804318364415e-13 4.923236476979723628e-13 3.562710814210678813e-13 3.064250727131153309e-13 2.799204036527184240e-13 2.377948297865754778e-13 1.561735824711510796e-13
3.791605873632252342e-14 3.602795884172675382e-14 2.346078915445981892e-14 -5.941971136274248980e-15 1.643956664008715615e-14 2.402798979317397260e-14 2.946512400403121837e-14 3.919765086659519556e-14 4.396194863272552766e-14 5.725826485138720439e-14 7.004957122401871011e-14 1.131816319139346314e-13 1.456165740787126046e-13 2.099293262596255116e-13 3.130704450579809608e-13 4.117513794306981096e-13 4.769192637648796489e-13 5.507150567579469297e-13 6.269058497004143359e-13 7.046669976905546945e-13 6.758263139788089532e-13 4.839626318520455102e-13 3.802289408810571623e-13 3.717975857618192990e-13 3.191526704370298953e-13 2.206494118972730221e-13
4.395470826930466427e-14 3.386815602561212610e-14 2.065569819307494223e-14 -1.103036008926768900e-14 6.937706879490199674e-15 1.672347032413305084e-14 2.417028538738581927e-14 3.532556674854726929e-14 4.484605469378647695e-14 6.130867685573649819e-14 7.688051804629827602e-14 1.232597266576520394e-13 1.563926711181357026e-13 2.297123320384102780e-13 3.422336894249327456e-13 4.769192637648796489e-13 6.372949292501841625e-13 7.755197346511367179e-13 8.985657949066222273e-13 1.021781835771674535e-12 1.000694764945824410e-12 7.415160083671495641e-13 5.046944680340346872e-13 4.769191049595397203e-13 4.093987201418700383e-13 2.939796310989325708e-13
6.980590872307135675e-14 3.512137420292657124e-14 2.181607508222546042e-14 1.184134625284347162e-16 7.176335339020764303e-15 1.977213955164744009e-14 3.764606555656267822e-14 4.567437253887935153e-14 5.628534113521657015e-14 7.911855634137770395e-14 9.631156938548919723e-14 1.450393901396038457e-13 1.824811547781113717e-13 2.710827654898943279e-13 3.954233391586023972e-13 5.507150567579469297e-13 7.755197346511367179e-13 1.054947460480422189e-12 1.276864162085814202e-12 1.476164029511473700e-12 1.481676864039045270e-12 1.200853631170617675e-12 8.468985488795752040e-13 8.117907053450437314e-13 7.337320240037703097e-13 5.467220289647347105e-13
6.822490796836774904e-14 4.521642850044283305e-14 1.058907207023800598e-14 1.529262823166619304e-14 1.755195723844685973e-15 1.851911537006798670e-14 5.646621669769284782e-14 6.065140350217412785e-14 6.882333726646800224e-14 9.567982330171515337e-14 1.150980546195179586e-13 1.653314534816282573e-13 2.032622243459757256e-13 3.146434941046980230e-13 4.555808748095136575e-13 6.269058497004143359e-13 8.985657949066222273e-13 1.276864162085814202e-12 1.675096536162600635e-12 2.010443428780223500e-12 2.058244719723281409e-12 1.741189967945692221e-12 1.226644473909959392e-12 1.104282103614996792e-12 9.585253729049945654e-13 7.254052742295423837e-13
7.521953482246780823e-14 6.990487518655244921e-14 1.218297390743774756e-14 3.449831039095134201e-14 -1.126856093713228320e-14 1.273486378134279719e-14 6.972556740825222303e-14 6.436002129772066756e-14 6.857610378992721565e-14 1.051852792674615124e-13 1.293371203967030998e-13 1.794866446746096365e-13 2.250072198920383021e-13 3.701600999945076269e-13 5.178828804318364415e-13 7.046669976905546945e-13 1.021781835771674535e-12 1.476164029511473700e-12 2.010443428780223500e-12 2.590288796584090590e-12 2.779453580344597589e-12 2.474273357711774188e-12 1.794573804058182284e-12 1.434975467132411982e-12 1.119106488318834748e-12 7.973570191354299590e-13
8.348406012220173834e-14 9.689117237388380183e-14 2.497832136333444615e-14 3.332885671350451850e-14 -2.992404279293483364e-14 -1.915821295126504143e-14 5.492079232134220931e-14 4.980164339412252614e-14 4.615314844783750235e-14 8.841778999820846273e-14 1.256919907553498671e-13 1.557788994152902283e-13 2.118929772911283792e-13 3.657541539665027480e-13 4.923236476979723628e-13 6.758263139788089532e-13 1.000694764945824410e-12 1.481676864039045270e-12 2.058244719723281409e-12 2.779453580344597589e-12 3.275807039068065708e-12 3.166820106384844870e-12 2.469265034935872581e-12 1.856522437668252942e-12 1.365479163853951355e-12 9.377944170097579108e-13
1.079289491261124734e-13 1.255817825390016973e-13 4.498905550642033916e-14 4.647214518588991171e-14 -4.294177505623956032e-14 -4.210112330494507384e-14 4.411496473152390414e-14 2.607005759551780779e-14 1.313613613414962097e-14 5.808367101884375910e-14 9.648718128893132253e-14 9.336649618661225140e-14 1.420467747365341567e-13 2.725129685498560315e-13 3.562710814210678813e-13 4.839626318520455102e-13 7.415160083671495641e-13 1.200853631170617675e-12 1.741189967945692221e-12 2.474273357711774188e-12 3.166820106384844870e-12 3.576526267598544771e-12 3.217068678985796222e-12 2.503422807653950929e-12 1.808538971125583047e-12 1.338869588097635663e-12
1.241450868119968650e-13 9.721076546440765711e-14 5.183793614171600507e-14 3.774914051445116521e-14 -1.772821464313701597e-14 -4.509436129450433496e-14 3.866019570327826191e-14 2.441984930590327051e-14 3.388691752754502234e-15 5.778808543344431648e-14 1.031153216040569822e-13 9.635878219972873662e-14 1.377087600012907248e-13 2.388878230033096558e-13 3.064250727131153309e-13 3.802289408810571623e-13 5.046944680340346872e-13 8.468985488795752040e-13 1.226644473909959392e-12 1.794573804058182284e-12 2.469265034935872581e-12 3.217068678985796222e-12 3.675066890200570046e-12 3.340171085106207279e-12 2.627283201578089678e-12 2.235591198851310737e-12
1.348140331337834210e-13 3.111232032770660129e-14 4.680908918650283413e-14 2.053340998622471218e-14 2.883810735390890204e-14 -1.936738076930137475e-15 6.000182397808179290e-14 3.860518155594251170e-14 2.462306556546177983e-14 6.946227410022482438e-14 1.120798993916909467e-13 1.139365477033816683e-13 1.335369125409197821e-13 2.044244860165949970e-13 2.799204036527184240e-13 3.717975857618192990e-13 4.769191049595397203e-13 8.117907053450437314e-13 1.104282103614996792e-12 1.434975467132411982e-12 1.856522437668252942e-12 2.503422807653950929e-12 3.340171085106207279e-12 4.135225900744042495e-12 4.151284833117721943e-12 3.686889276071411182e-12
1.203831121359384127e-13 2.498682762616878128e-14 4.132728493982703632e-14 5.065718242793310836e-14 1.008135068721981165e-13 9.729863632167613889e-14 8.402364880589163364e-14 5.041173964566681610e-14 4.079283284134200084e-14 5.799503579160681949e-14 6.142213821870303864e-14 8.259777570002090409e-14 1.090918542839385296e-13 1.617253667237596072e-13 2.377948297865754778e-13 3.191526704370298953e-13 4.093987201418700383e-13 7.337320240037703097e-13 9.585253729049945654e-13 1.119106488318834748e-12 1.365479163853951355e-12 1.808538971125583047e-12 2.627283201578089678e-12 4.151284833117721943e-12 5.757462922682069134e-12 6.036356439842365370e-12
9.426543538511753325e-14 4.425252563000678622e-14 2.456008187765074636e-14 1.018615209537971536e-13 1.060619559150511216e-13 1.497140147687942245e-13 1.285590731822509197e-13 5.175599430804633421e-14 4.976164618111262620e-14 5.939227604112930833e-14 1.703896953269741535e-14 2.222583110955238286e-14 3.696305816057629710e-14 8.617730227142152726e-14 1.561735824711510796e-13 2.206494118972730221e-13 2.939796310989325708e-13 5.467220289647347105e-13 7.254052742295423837e-13 7.973570191354299590e-13 9.377944170097579108e-13 1.338869588097635663e-12 2.235591198851310737e-12 3.686889276071411182e-12 6.036356439842365370e-12 8.828424237269785782e-12
