2.117319671112102561e-13 5.681916581102911780e-14 2.931180224740630022e-14 -2.681238063233450441e-16 2.245668130809578055e-14 9.363540704204427237e-15 1.302839139838729854e-14 1.463824188993556648e-14 2.199729910148336268e-14 -2.099475802187612576e-15 -2.167820167706340928e-15 5.001771598122057183e-15 1.105737806969697030e-15 -3.816049534369212067e-15 -1.020230660008131671e-15 3.188234935837747049e-15 9.801777420039537871e-15 2.039419192973856501e-14 2.580667064613399544e-14 3.223666476540162510e-14 3.506691581011916280e-14 1.871294449411437653e-15 -6.498987329685253659e-14 -8.781429686406830682e-14 -7.464689765241924488e-14 -7.069247614653786341e-14
5.681916581102911780e-14 1.547343848139810701e-13 6.703148419985772458e-14 2.371329297696105641e-14 3.278278123675283194e-14 2.181026640021990598e-14 1.222709872976000530e-14 1.495297206702424480e-14 1.111086555069062706e-14 2.611407012135323125e-15 5.295907115860759494e-15 1.004486250386321991e-14 5.080837255762623829e-15 7.035045374574255560e-15 1.716143758399442510e-14 2.035837247823894126e-14 1.822477150163298570e-14 2.198521952978867087e-14 1.838326953626238444e-14 3.401939008861413939e-14 5.539014639481290195e-14 6.798145806373008502e-14 7.327861375607788600e-14 5.704522471533507617e-14 6.094243309503392257e-14 8.839082244345110829e-14
2.931180224740630022e-14 6.703148419985772458e-14 1.380006726972209890e-13 4.303138372155636975e-14 3.739129911915415035e-14 2.376067332956257485e-14 1.984201442689653515e-14 1.225437863377442057e-14 6.149240637836481708e-16 -3.201044952908530889e-15 9.939644412555883620e-16 1.189010995402349813e-15 -4.148217020929116361e-15 1.376541755057542038e-15 1.189063975854343650e-14 2.004559373590900690e-14 2.226170772625827319e-14 4.071969994852697049e-14 4.458126801488506366e-14 6.136642897431913229e-14 8.774260227210635991e-14 1.128263139413577889e-13 9.399764305350847795e-14 6.254079110388364797e-14 5.365236368594546884e-14 6.243001038815261247e-14
-2.681238063233450441e-16 2.371329297696105641e-14 4.303138372155636975e-14 9.882562579743600529e-14 3.795947195906481205e-14 2.829049392404427963e-14 1.456142905358448910e-14 1.047007260456507463e-14 5.521743804502428127e-15 7.256497298331519911e-16 -8.806182862399894660e-16 3.379494352653093074e-15 7.925683687751364576e-15 9.713215994563092170e-15 6.516597728891044425e-15 -2.791911090971280495e-15 -9.371069683818230650e-15 3.381977910033521623e-15 1.019655882609405579e-14 1.087158638614619229e-14 2.774065188620517170e-15 1.828303521052258234e-14 3.417065514334489632e-14 2.596935174577598779e-14 4.626636492674661553e-14 5.998511325863983143e-14
2.245668130809578055e-14 3.278278123675283194e-14 3.739129911915415035e-14 3.795947195906481205e-14 8.019088681078879140e-14 4.425488295820568739e-14 2.933980374316431527e-14 2.221958641484256079e-14 1.682970849982145057e-14 9.271643995164475322e-15 9.195377078843991075e-15 7.739417599718085846e-15 -2.922506840086018981e-15 -4.397868204215088268e-15 -2.454125919382939045e-15 -5.731614773736502780e-15 -1.071320113596635107e-14 -2.568797652257829049e-15 1.688384114559719259e-15 -8.754912295871733391e-16 -8.616919370048596711e-15 -6.542433695501251112e-15 -8.492402967763754424e-15 -5.037854283720602926e-15 3.722641039351272238e-14 3.746786642031053925e-14
9.363540704204427237e-15 2.181026640021990598e-14 2.376067332956257485e-14 2.829049392404427963e-14 4.425488295820568739e-14 7.308731556781206250e-14 5.046916769952715051e-14 2.861298152538431359e-14 2.016275679085209291e-14 1.400948751782370556e-14 5.071293568231615797e-15 9.837306092449461640e-15 4.709396159979360506e-15 9.213464096845621817e-15 2.112248139617456791e-14 2.700393197381151618e-14 2.556062371211888682e-14 3.867371787207526152e-14 4.388428732284399768e-14 4.384230451140341754e-14 1.744215032729264710e-14 -3.650896254418217554e-15 -6.601225484244527836e-15 3.573759859040690650e-14 1.036482159234560041e-13 1.324536329572588114e-13
1.302839139838729854e-14 1.222709872976000530e-14 1.984201442689653515e-14 1.456142905358448910e-14 2.933980374316431527e-14 5.046916769952715051e-14 7.297147451604030641e-14 4.459007252579672856e-14 3.532993848692903651e-14 2.786781281853248976e-14 1.742927563344307245e-14 1.810317281183732150e-14 1.529381728092701351e-14 1.652049514426309370e-14 2.573834540507960224e-14 3.002345951734526517e-14 2.695703917317861490e-14 3.975035054614743312e-14 5.528964424272662955e-14 6.742409534131122809e-14 5.605269224043611986e-14 4.644470480746754730e-14 3.411483086779946506e-14 4.791286146591540942e-14 7.145191812967571623e-14 1.027978852915388169e-13
1.463824188993556648e-14 1.495297206702424480e-14 1.225437863377442057e-14 1.047007260456507463e-14 2.221958641484256079e-14 2.861298152538431359e-14 4.459007252579672856e-14 7.614434029567577595e-14 5.469020007961422837e-14 3.370800644152725512e-14 2.356160326158598701e-14 2.479013262445091326e-14 2.216013165872008455e-14 2.575879431020403398e-14 3.824084764142948083e-14 4.103346648505600242e-14 3.900870971438214405e-14 5.192801319071968619e-14 6.450787495972770912e-14 6.940428051769472645e-14 5.264743874691363895e-14 2.859477511050766796e-14 2.032593724060046791e-14 2.643598723360872977e-14 3.122182920120215823e-14 2.388115487961541636e-14
2.199729910148336268e-14 1.111086555069062706e-14 6.149240637836481708e-16 5.521743804502428127e-15 1.682970849982145057e-14 2.016275679085209291e-14 3.532993848692903651e-14 5.469020007961422837e-14 7.156477216566593893e-14 5.044639605420703246e-14 4.373411124324105551e-14 4.307921755869509150e-14 3.480022886413482437e-14 3.299405411183623845e-14 4.057752640824361495e-14 4.335900221469149376e-14 4.127004961769675120e-14 4.949150890677539579e-14 5.719796929455357312e-14 5.581957574806550294e-14 3.374298444815354866e-14 5.316369229635391631e-16 -4.466836174669031556e-15 1.241011950235944814e-14 1.777000844579886414e-14 1.718920517320850240e-14
-2.099475802187612576e-15 2.611407012135323125e-15 -3.201044952908530889e-15 7.256497298331519911e-16 9.271643995164475322e-15 1.400948751782370556e-14 2.786781281853248976e-14 3.370800644152725512e-14 5.044639605420703246e-14 7.163817541130498743e-14 6.359684128013083966e-14 5.432069929494554675e-14 4.627856251958726748e-14 4.543731447809260131e-14 5.307676567916065321e-14 5.736768482107659605e-14 6.152002188084335086e-14 8.151070443071619633e-14 9.596693580639504583e-14 1.055869881694929193e-13 9.428054947731885633e-14 7.064985741203344938e-14 7.412458106711916929e-14 7.571208632806193430e-14 4.751565763101887058e-14 4.265494457802534510e-14
-2.167820167706340928e-15 5.295907115860759494e-15 9.939644412555883620e-16 -8.806182862399894660e-16 9.195377078843991075e-15 5.071293568231615797e-15 1.742927563344307245e-14 2.356160326158598701e-14 4.373411124324105551e-14 6.359684128013083966e-14 9.225859431250721314e-14 7.533851310309160603e-14 6.088228069914840691e-14 5.587192070375723482e-14 6.207767494768202011e-14 6.807836638792919373e-14 7.583003214887098791e-14 9.405887070832641757e-14 1.112490153261273286e-13 1.241661188520402775e-13 1.193368249935503836e-13 8.913981131831115783e-14 8.871060254678184689e-14 9.203263753889796937e-14 4.401090874775033486e-14 3.328477894755370669e-15
5.001771598122057183e-15 1.004486250386321991e-14 1.189010995402349813e-15 3.379494352653093074e-15 7.739417599718085846e-15 9.837306092449461640e-15 1.810317281183732150e-14 2.479013262445091326e-14 4.307921755869509150e-14 5.432069929494554675e-14 7.533851310309160603e-14 1.003367830429481973e-13 8.737106087199307054e-14 8.361990781657136634e-14 9.394977385140323946e-14 1.089571945014511449e-13 1.164693595505722821e-13 1.352885562720140879e-13 1.522369844588634283e-13 1.645201683747593260e-13 1.428946612274315754e-13 8.240810838962747522e-14 8.871495198441965602e-14 1.050533750044789338e-13 7.908152992518350226e-14 3.094355115987580477e-14
1.105737806969697030e-15 5.080837255762623829e-15 -4.148217020929116361e-15 7.925683687751364576e-15 -2.922506840086018981e-15 4.709396159979360506e-15 1.529381728092701351e-14 2.216013165872008455e-14 3.480022886413482437e-14 4.627856251958726748e-14 6.088228069914840691e-14 8.737106087199307054e-14 1.234580113253644277e-13 1.296560048476146973e-13 1.374666064443996908e-13 1.471198930909285972e-13 1.594560469703537440e-13 1.870478200160632117e-13 2.089569264935982310e-13 2.312665790541966872e-13 2.163799503433166122e-13 1.469747397358769073e-13 1.417526427101854905e-13 1.414969697870285134e-13 1.175777749969980299e-13 4.487883426432872474e-14
-3.816049534369212067e-15 7.035045374574255560e-15 1.376541755057542038e-15 9.713215994563092170e-15 -4.397868204215088268e-15 9.213464096845621817e-15 1.652049514426309370e-14 2.575879431020403398e-14 3.299405411183623845e-14 4.543731447809260131e-14 5.587192070375723482e-14 8.361990781657136634e-14 1.296560048476146973e-13 1.783540269061234880e-13 1.982462767625342337e-13 2.096419233880495314e-13 2.286952184370177990e-13 2.691745493138422762e-13 3.114091132856237992e-13 3.639172182458136139e-13 3.566765285115213114e-13 2.648717649370483346e-13 2.362669203439236255e-13 2.062946752846451425e-13 1.653687439826960824e-13 8.451660336254036735e-14
-1.020230660008131671e-15 1.716143758399442510e-14 1.189063975854343650e-14 6.516597728891044425e-15 -2.454125919382939045e-15 2.112248139617456791e-14 2.573834540507960224e-14 3.824084764142948083e-14 4.057752640824361495e-14 5.307676567916065321e-14 6.207767494768202011e-14 9.394977385140323946e-14 1.374666064443996908e-13 1.982462767625342337e-13 2.802600485695821111e-13 3.138618636012840563e-13 3.441914733984451126e-13 3.962021515565600900e-13 4.549778468433549042e-13 5.163768755032036736e-13 4.906854899121286641e-13 3.562867393135971022e-13 3.082634109345321070e-13 2.823015206875898429e-13 2.366655115679856799e-13 1.556040404237051116e-13
3.188234935837747049e-15 2.035837247823894126e-14 2.004559373590900690e-14 -2.791911090971280495e-15 -5.731614773736502780e-15 2.700393197381151618e-14 3.002345951734526517e-14 4.103346648505600242e-14 4.335900221469149376e-14 5.736768482107659605e-14 6.807836638792919373e-14 1.089571945014511449e-13 1.471198930909285972e-13 2.096419233880495314e-13 3.138618636012840563e-13 4.138193446395998540e-13 4.794705904327695803e-13 5.528084690908634082e-13 6.295442589178733529e-13 7.085572965775576017e-13 6.791579440163035184e-13 4.882535090154219734e-13 3.849388852011177943e-13 3.755382273252076993e-13 3.201597168521432479e-13 2.214176743850667942e-13
9.801777420039537871e-15 1.822477150163298570e-14 2.226170772625827319e-14 -9.371069683818230650e-15 -1.071320113596635107e-14 2.556062371211888682e-14 2.695703917317861490e-14 3.900870971438214405e-14 4.127004961769675120e-14 6.152002188084335086e-14 7.583003214887098791e-14 1.164693595505722821e-13 1.594560469703537440e-13 2.286952184370177990e-13 3.441914733984451126e-13 4.794705904327695803e-13 6.406617711339106244e-13 7.788153526229780589e-13 9.031852999084091591e-13 1.027605666469831026e-12 1.005558790947664272e-12 7.460276564489248839e-13 5.088904602148755208e-13 4.821632537604636303e-13 4.142847264151141559e-13 3.006848385057495932e-13
2.039419192973856501e-14 2.198521952978867087e-14 4.071969994852697049e-14 3.381977910033521623e-15 -2.568797652257829049e-15 3.867371787207526152e-14 3.975035054614743312e-14 5.192801319071968619e-14 4.949150890677539579e-14 8.151070443071619633e-14 9.405887070832641757e-14 1.352885562720140879e-13 1.870478200160632117e-13 2.691745493138422762e-13 3.962021515565600900e-13 5.528084690908634082e-13 7.788153526229780589e-13 1.056191794546257862e-12 1.278965610214367735e-12 1.479535879250648944e-12 1.484161235640784867e-12 1.203032127933148312e-12 8.486825132166038828e-13 8.132755631729512193e-13 7.339099178606082801e-13 5.465386892365803338e-13
2.580667064613399544e-14 1.838326953626238444e-14 4.458126801488506366e-14 1.019655882609405579e-14 1.688384114559719259e-15 4.388428732284399768e-14 5.528964424272662955e-14 6.450787495972770912e-14 5.719796929455357312e-14 9.596693580639504583e-14 1.112490153261273286e-13 1.522369844588634283e-13 2.089569264935982310e-13 3.114091132856237992e-13 4.549778468433549042e-13 6.295442589178733529e-13 9.031852999084091591e-13 1.278965610214367735e-12 1.678952591090488833e-12 2.016845976125201037e-12 2.064148628500610438e-12 1.749509741635318760e-12 1.234210263375012694e-12 1.111121316299267176e-12 9.631149779388783731e-13 7.263758602813439919e-13
3.223666476540162510e-14 3.401939008861413939e-14 6.136642897431913229e-14 1.087158638614619229e-14 -8.754912295871733391e-16 4.384230451140341754e-14 6.742409534131122809e-14 6.940428051769472645e-14 5.581957574806550294e-14 1.055869881694929193e-13 1.241661188520402775e-13 1.645201683747593260e-13 2.312665790541966872e-13 3.639172182458136139e-13 5.163768755032036736e-13 7.085572965775576017e-13 1.027605666469831026e-12 1.479535879250648944e-12 2.016845976125201037e-12 2.599633759739399465e-12 2.786703244035281068e-12 2.483678608726155044e-12 1.801570260973223222e-12 1.439436252383531466e-12 1.118834373456325770e-12 7.935556653828688516e-13
3.506691581011916280e-14 5.539014639481290195e-14 8.774260227210635991e-14 2.774065188620517170e-15 -8.616919370048596711e-15 1.744215032729264710e-14 5.605269224043611986e-14 5.264743874691363895e-14 3.374298444815354866e-14 9.428054947731885633e-14 1.193368249935503836e-13 1.428946612274315754e-13 2.163799503433166122e-13 3.566765285115213114e-13 4.906854899121286641e-13 6.791579440163035184e-13 1.005558790947664272e-12 1.484161235640784867e-12 2.064148628500610438e-12 2.786703244035281068e-12 3.279244288248151867e-12 3.172344521892731146e-12 2.472376888782404027e-12 1.858527632900075278e-12 1.364131490001014524e-12 9.360257510109942117e-13
1.871294449411437653e-15 6.798145806373008502e-14 1.128263139413577889e-13 1.828303521052258234e-14 -6.542433695501251112e-15 -3.650896254418217554e-15 4.644470480746754730e-14 2.859477511050766796e-14 5.316369229635391631e-16 7.064985741203344938e-14 8.913981131831115783e-14 8.240810838962747522e-14 1.469747397358769073e-13 2.648717649370483346e-13 3.562867393135971022e-13 4.882535090154219734e-13 7.460276564489248839e-13 1.203032127933148312e-12 1.749509741635318760e-12 2.483678608726155044e-12 3.172344521892731146e-12 3.585517118359146262e-12 3.223730501411884137e-12 2.509384753446351766e-12 1.811531737151074629e-12 1.341357194268179426e-12
-6.498987329685253659e-14 7.327861375607788600e-14 9.399764305350847795e-14 3.417065514334489632e-14 -8.492402967763754424e-15 -6.601225484244527836e-15 3.411483086779946506e-14 2.032593724060046791e-14 -4.466836174669031556e-15 7.412458106711916929e-14 8.871060254678184689e-14 8.871495198441965602e-14 1.417526427101854905e-13 2.362669203439236255e-13 3.082634109345321070e-13 3.849388852011177943e-13 5.088904602148755208e-13 8.486825132166038828e-13 1.234210263375012694e-12 1.801570260973223222e-12 2.472376888782404027e-12 3.223730501411884137e-12 3.680525278731477950e-12 3.344701208920931226e-12 2.629313535020798597e-12 2.237724291585900169e-12
-8.781429686406830682e-14 5.704522471533507617e-14 6.254079110388364797e-14 2.596935174577598779e-14 -5.037854283720602926e-15 3.573759859040690650e-14 4.791286146591540942e-14 2.643598723360872977e-14 1.241011950235944814e-14 7.571208632806193430e-14 9.203263753889796937e-14 1.050533750044789338e-13 1.414969697870285134e-13 2.062946752846451425e-13 2.823015206875898429e-13 3.755382273252076993e-13 4.821632537604636303e-13 8.132755631729512193e-13 1.111121316299267176e-12 1.439436252383531466e-12 1.858527632900075278e-12 2.509384753446351766e-12 3.344701208920931226e-12 4.138425901947755709e-12 4.153832737505284835e-12 3.687267255357678642e-12
-7.464689765241924488e-14 6.094243309503392257e-14 5.365236368594546884e-14 4.626636492674661553e-14 3.722641039351272238e-14 1.036482159234560041e-13 7.145191812967571623e-14 3.122182920120215823e-14 1.777000844579886414e-14 4.751565763101887058e-14 4.401090874775033486e-14 7.908152992518350226e-14 1.175777749969980299e-13 1.653687439826960824e-13 2.366655115679856799e-13 3.201597168521432479e-13 4.142847264151141559e-13 7.339099178606082801e-13 9.631149779388783731e-13 1.118834373456325770e-12 1.364131490001014524e-12 1.811531737151074629e-12 2.629313535020798597e-12 4.153832737505284835e-12 5.762773632862744071e-12 6.038162795513970319e-12
-7.069247614653786341e-14 8.839082244345110829e-14 6.243001038815261247e-14 5.998511325863983143e-14 3.746786642031053925e-14 1.324536329572588114e-13 1.027978852915388169e-13 2.388115487961541636e-14 1.718920517320850240e-14 4.265494457802534510e-14 3.328477894755370669e-15 3.094355115987580477e-14 4.487883426432872474e-14 8.451660336254036735e-14 1.556040404237051116e-13 2.214176743850667942e-13 3.006848385057495932e-13 5.465386892365803338e-13 7.263758602813439919e-13 7.935556653828688516e-13 9.360257510109942117e-13 1.341357194268179426e-12 2.237724291585900169e-12 3.687267255357678642e-12 6.038162795513970319e-12 8.827327742646216149e-12
