2.835591789342575772e-13 6.836171542695370996e-14 5.890649150518252798e-14 1.833953437935153981e-14 2.161456440544662457e-14 2.380134573741743751e-14 2.244060168939481187e-14 3.148583953482655685e-14 3.087302924175666940e-14 1.126409871429192831e-14 7.157098195108226007e-15 1.693919848867821217e-14 2.084865715957796530e-14 2.363067988960900746e-14 4.456736516745743103e-14 5.204963982296238242e-14 5.392584764398832302e-14 6.638978704379908678e-14 7.083650174122261418e-14 5.889049199141974473e-14 4.533648960475148603e-14 1.764561131362817222e-14 -7.573797855003633216e-15 1.889876524874104435e-14 1.022188141083580264e-13 1.216788436349809311e-13
6.836171542695370996e-14 1.493038891532145141e-13 4.916379341639691004e-14 2.745286205254062415e-14 7.189246440115309840e-15 1.054078030949377219e-14 5.823351359902313780e-15 2.342574191754670170e-15 -3.025925217323211064e-15 -6.916889595858101931e-15 -8.358261135481216246e-15 3.098886035609256679e-16 2.350160028420778078e-15 -1.331894686399900708e-15 3.889544269078314355e-15 4.584290055889239688e-15 2.960760692757492766e-15 5.600190263913172074e-15 -1.703587234046395399e-15 -1.923950032428524102e-14 -3.936658148223064989e-14 -2.022009550514276702e-14 -3.461573668399052636e-15 5.070779991800992259e-15 5.568751202048464810e-14 1.255674376801082781e-13
5.890649150518252798e-14 4.916379341639691004e-14 1.326896401879208315e-13 4.702813416845940126e-14 2.495576682910695129e-14 2.074587926094890847e-14 1.340710721447733937e-14 1.658731940655451117e-14 8.289271186350300783e-15 7.104070047738613735e-15 1.302996342036893861e-14 2.396668795658345064e-14 2.037455743915267105e-14 1.743605358809536944e-14 2.014675752202077890e-14 1.936280180588834757e-14 1.615658449319160689e-14 2.697985282975031474e-14 3.328097237819452110e-14 5.085921035249436151e-14 4.502948267834577455e-14 4.720217007002228293e-14 3.232706112892777094e-14 -2.154436873862906042e-15 -9.359191749006301317e-15 -2.301263804109207963e-15
1.833953437935153981e-14 2.745286205254062415e-14 4.702813416845940126e-14 9.173826651852123159e-14 3.451159999160235335e-14 2.756240289469551096e-14 1.418216002915580374e-14 1.402380309657179022e-14 1.128062581696038129e-14 1.053320281263933452e-16 4.172788434213385765e-15 2.192117306055407838e-15 -2.269904475795946896e-15 -5.041133879343939120e-15 -5.640296911971061593e-15 -1.062440656768934598e-14 -1.143736247254820501e-14 4.104961810777551025e-15 2.310390707872080928e-14 3.175737089897040261e-14 2.003212011732080844e-14 1.384969782012254304e-14 -1.010690145496998300e-14 -2.820724998130511690e-14 -2.602197528813090307e-14 2.342932396605719227e-15
2.161456440544662457e-14 7.189246440115309840e-15 2.495576682910695129e-14 3.451159999160235335e-14 7.873085346862147064e-14 4.198159893305735571e-14 2.310102156643771373e-14 1.872670330100121888e-14 1.446289834832859572e-14 1.231946221348685554e-14 1.153759029218383889e-14 1.497132850197678339e-14 8.757799655395141710e-15 9.734346976307559682e-15 1.729035154293391997e-14 1.492963849504022444e-14 7.876477829585909697e-15 5.255157367905999160e-15 3.701278023908807783e-15 -2.945213490806754785e-15 -2.739643380653758402e-14 -4.292116508709661178e-14 -2.399187676296554297e-14 -1.527278209799494757e-14 6.199682099871329896e-15 -1.652197487823250513e-15
2.380134573741743751e-14 1.054078030949377219e-14 2.074587926094890847e-14 2.756240289469551096e-14 4.198159893305735571e-14 8.674590317682035289e-14 5.117590224521311035e-14 3.171753821559378999e-14 2.233454106950435480e-14 1.676692823264856263e-14 4.684481983837635923e-15 9.296023859109865162e-15 1.878703365937301773e-15 2.499032827121344978e-15 1.431723434165447338e-14 1.685284401562091754e-14 1.439707031594175024e-14 2.081749523979945225e-14 2.244392183768707651e-14 1.869675283033266997e-14 -8.114072936486931012e-15 -2.583012802631373451e-14 -3.441957972819420108e-14 1.614424003921629017e-14 1.057794054263701225e-13 1.300888124979119547e-13
2.244060168939481187e-14 5.823351359902313780e-15 1.340710721447733937e-14 1.418216002915580374e-14 2.310102156643771373e-14 5.117590224521311035e-14 7.841964690416382789e-14 4.900061500243884471e-14 3.338005063696645986e-14 2.681525652233658238e-14 1.396919909071907831e-14 1.785604780148863488e-14 1.597472625338499567e-14 2.024940430534068818e-14 2.916997718855908841e-14 3.270359426444217851e-14 3.063034459271902115e-14 4.311012088840417297e-14 5.752874433466645865e-14 6.708199561478091541e-14 5.400827765175823931e-14 3.432511846920970081e-14 3.053108671241633645e-14 6.336074091367950129e-14 1.218562888076725086e-13 1.898838616776675654e-13
3.148583953482655685e-14 2.342574191754670170e-15 1.658731940655451117e-14 1.402380309657179022e-14 1.872670330100121888e-14 3.171753821559378999e-14 4.900061500243884471e-14 7.624088803193056806e-14 5.608429777969751151e-14 3.258203742338615159e-14 2.402182499353035392e-14 2.658106409282331871e-14 2.532862315313208821e-14 2.487615676355430245e-14 3.550727042894725480e-14 3.647788204298057747e-14 3.027202176156402923e-14 3.474896542923569035e-14 4.304673420101238434e-14 4.585592319793559053e-14 2.793651958176894868e-14 7.582313790898660137e-15 1.407306052455184246e-14 2.264051469150928882e-14 3.340177452619508009e-14 4.910784340123229721e-14
3.087302924175666940e-14 -3.025925217323211064e-15 8.289271186350300783e-15 1.128062581696038129e-14 1.446289834832859572e-14 2.233454106950435480e-14 3.338005063696645986e-14 5.608429777969751151e-14 7.622127440714918777e-14 5.203940574554351615e-14 4.469226685806978570e-14 4.375927156119198117e-14 3.874525158558129063e-14 3.408159097810625332e-14 4.429005687235428661e-14 4.882186356759455902e-14 4.700661643566088957e-14 5.718795435253225408e-14 6.587181870227008155e-14 6.237339839023773634e-14 4.005465827507681795e-14 1.054542819029703235e-14 4.297450258365583150e-15 1.091617715292719415e-14 8.418664785575194911e-15 1.799819438898314951e-14
1.126409871429192831e-14 -6.916889595858101931e-15 7.104070047738613735e-15 1.053320281263933452e-16 1.231946221348685554e-14 1.676692823264856263e-14 2.681525652233658238e-14 3.258203742338615159e-14 5.203940574554351615e-14 7.438085845177292007e-14 6.618013768867965572e-14 5.434351228970852119e-14 4.560251440782287914e-14 4.397053765654908262e-14 5.239380693526960252e-14 5.593987154144526938e-14 5.817771444994315551e-14 7.475581384791951769e-14 8.957165655948132903e-14 1.004037775488299457e-13 8.888131026025003400e-14 6.306804232620134479e-14 6.409708141248504396e-14 6.558589051863075477e-14 4.245517899044049512e-14 3.588061560887581213e-14
7.157098195108226007e-15 -8.358261135481216246e-15 1.302996342036893861e-14 4.172788434213385765e-15 1.153759029218383889e-14 4.684481983837635923e-15 1.396919909071907831e-14 2.402182499353035392e-14 4.469226685806978570e-14 6.618013768867965572e-14 9.469397855021194164e-14 7.538849672532880000e-14 6.407222123706632987e-14 5.648959389644736317e-14 6.367648698125433734e-14 6.880057407992462762e-14 7.498924853746168912e-14 9.351630468773360558e-14 1.095214085985043217e-13 1.235918848322071288e-13 1.221190825161603891e-13 9.917527237885503698e-14 1.067223482386189809e-13 1.144236436334950280e-13 6.928320771108918417e-14 2.814608234356121196e-14
1.693919848867821217e-14 3.098886035609256679e-16 2.396668795658345064e-14 2.192117306055407838e-15 1.497132850197678339e-14 9.296023859109865162e-15 1.785604780148863488e-14 2.658106409282331871e-14 4.375927156119198117e-14 5.434351228970852119e-14 7.538849672532880000e-14 1.009872358898854934e-13 8.880643137415144624e-14 8.319262916613860952e-14 9.406721850219824849e-14 1.090808303134716549e-13 1.151177637619060186e-13 1.326231806440107983e-13 1.514396511137751010e-13 1.648176484329818885e-13 1.415429789379022537e-13 8.141303776340916584e-14 8.328035744167032609e-14 9.557340366486015254e-14 6.088560406559220894e-14 -9.615950667021369954e-16
2.084865715957796530e-14 2.350160028420778078e-15 2.037455743915267105e-14 -2.269904475795946896e-15 8.757799655395141710e-15 1.878703365937301773e-15 1.597472625338499567e-14 2.532862315313208821e-14 3.874525158558129063e-14 4.560251440782287914e-14 6.407222123706632987e-14 8.880643137415144624e-14 1.261066006835780759e-13 1.285546200683401373e-13 1.369986763753221795e-13 1.459819701691247465e-13 1.566866369501556080e-13 1.839093065812954272e-13 2.056135327763535745e-13 2.270867123721529762e-13 2.106054715968649968e-13 1.422080566467709796e-13 1.410774982844609698e-13 1.444182378188752200e-13 1.244713316042729239e-13 5.948907170819469400e-14
2.363067988960900746e-14 -1.331894686399900708e-15 1.743605358809536944e-14 -5.041133879343939120e-15 9.734346976307559682e-15 2.499032827121344978e-15 2.024940430534068818e-14 2.487615676355430245e-14 3.408159097810625332e-14 4.397053765654908262e-14 5.648959389644736317e-14 8.319262916613860952e-14 1.285546200683401373e-13 1.765633446452824505e-13 1.965137643957892791e-13 2.082555676242691389e-13 2.273291780801721340e-13 2.682503178179524094e-13 3.116888204406095300e-13 3.669956376019368912e-13 3.640259673395395319e-13 2.754696511575016762e-13 2.452911355571493966e-13 2.092907159331535497e-13 1.658545603292542164e-13 9.077783155523650274e-14
4.456736516745743103e-14 3.889544269078314355e-15 2.014675752202077890e-14 -5.640296911971061593e-15 1.729035154293391997e-14 1.431723434165447338e-14 2.916997718855908841e-14 3.550727042894725480e-14 4.429005687235428661e-14 5.239380693526960252e-14 6.367648698125433734e-14 9.406721850219824849e-14 1.369986763753221795e-13 1.965137643957892791e-13 2.810747144712395846e-13 3.140207380614014642e-13 3.431401277800777643e-13 3.955296039529176283e-13 4.546393340146692290e-13 5.159736990465191335e-13 4.894561322068533963e-13 3.564211555960056541e-13 3.095912981426378683e-13 2.856433448256037353e-13 2.402989101743057997e-13 1.526545047074634933e-13
5.204963982296238242e-14 4.584290055889239688e-15 1.936280180588834757e-14 -1.062440656768934598e-14 1.492963849504022444e-14 1.685284401562091754e-14 3.270359426444217851e-14 3.647788204298057747e-14 4.882186356759455902e-14 5.593987154144526938e-14 6.880057407992462762e-14 1.090808303134716549e-13 1.459819701691247465e-13 2.082555676242691389e-13 3.140207380614014642e-13 4.128229701511787275e-13 4.777176367874073863e-13 5.505676858894154545e-13 6.283297830356847144e-13 7.056807844850553369e-13 6.748163162911707343e-13 4.823115353404945298e-13 3.779938399199514473e-13 3.696955169999897238e-13 3.190868383053876028e-13 2.243480290982783297e-13
5.392584764398832302e-14 2.960760692757492766e-15 1.615658449319160689e-14 -1.143736247254820501e-14 7.876477829585909697e-15 1.439707031594175024e-14 3.063034459271902115e-14 3.027202176156402923e-14 4.700661643566088957e-14 5.817771444994315551e-14 7.498924853746168912e-14 1.151177637619060186e-13 1.566866369501556080e-13 2.273291780801721340e-13 3.431401277800777643e-13 4.777176367874073863e-13 6.378924115411504500e-13 7.754926000345852241e-13 9.010313123464690372e-13 1.023332828249749943e-12 1.000767011908595425e-12 7.409373397054261312e-13 5.029833623117485214e-13 4.758443827849221050e-13 4.095188148675624955e-13 2.971868770061098168e-13
6.638978704379908678e-14 5.600190263913172074e-15 2.697985282975031474e-14 4.104961810777551025e-15 5.255157367905999160e-15 2.081749523979945225e-14 4.311012088840417297e-14 3.474896542923569035e-14 5.718795435253225408e-14 7.475581384791951769e-14 9.351630468773360558e-14 1.326231806440107983e-13 1.839093065812954272e-13 2.682503178179524094e-13 3.955296039529176283e-13 5.505676858894154545e-13 7.754926000345852241e-13 1.054093862913313448e-12 1.278500180640339170e-12 1.477056359314037625e-12 1.482397574169103373e-12 1.203021055307691902e-12 8.496840424166833854e-13 8.153787851034314944e-13 7.379748025071660381e-13 5.527796863184220881e-13
7.083650174122261418e-14 -1.703587234046395399e-15 3.328097237819452110e-14 2.310390707872080928e-14 3.701278023908807783e-15 2.244392183768707651e-14 5.752874433466645865e-14 4.304673420101238434e-14 6.587181870227008155e-14 8.957165655948132903e-14 1.095214085985043217e-13 1.514396511137751010e-13 2.056135327763535745e-13 3.116888204406095300e-13 4.546393340146692290e-13 6.283297830356847144e-13 9.010313123464690372e-13 1.278500180640339170e-12 1.680296003299414379e-12 2.014809747142616687e-12 2.063187396883884142e-12 1.746928362072485325e-12 1.231891941794666227e-12 1.109138087073392670e-12 9.616175838397485256e-13 7.279902676837064984e-13
5.889049199141974473e-14 -1.923950032428524102e-14 5.085921035249436151e-14 3.175737089897040261e-14 -2.945213490806754785e-15 1.869675283033266997e-14 6.708199561478091541e-14 4.585592319793559053e-14 6.237339839023773634e-14 1.004037775488299457e-13 1.235918848322071288e-13 1.648176484329818885e-13 2.270867123721529762e-13 3.669956376019368912e-13 5.159736990465191335e-13 7.056807844850553369e-13 1.023332828249749943e-12 1.477056359314037625e-12 2.014809747142616687e-12 2.592754779335404005e-12 2.781469643670305366e-12 2.476698324080667490e-12 1.797004392630543750e-12 1.436272491340270933e-12 1.116620528933330087e-12 7.940866384651934356e-13
4.533648960475148603e-14 -3.936658148223064989e-14 4.502948267834577455e-14 2.003212011732080844e-14 -2.739643380653758402e-14 -8.114072936486931012e-15 5.400827765175823931e-14 2.793651958176894868e-14 4.005465827507681795e-14 8.888131026025003400e-14 1.221190825161603891e-13 1.415429789379022537e-13 2.106054715968649968e-13 3.640259673395395319e-13 4.894561322068533963e-13 6.748163162911707343e-13 1.000767011908595425e-12 1.482397574169103373e-12 2.063187396883884142e-12 2.781469643670305366e-12 3.276897696940127836e-12 3.167947481438965540e-12 2.470314644255340567e-12 1.857267577304998589e-12 1.362998148541249512e-12 9.355873739612258943e-13
1.764561131362817222e-14 -2.022009550514276702e-14 4.720217007002228293e-14 1.384969782012254304e-14 -4.292116508709661178e-14 -2.583012802631373451e-14 3.432511846920970081e-14 7.582313790898660137e-15 1.054542819029703235e-14 6.306804232620134479e-14 9.917527237885503698e-14 8.141303776340916584e-14 1.422080566467709796e-13 2.754696511575016762e-13 3.564211555960056541e-13 4.823115353404945298e-13 7.409373397054261312e-13 1.203021055307691902e-12 1.746928362072485325e-12 2.476698324080667490e-12 3.167947481438965540e-12 3.576927211464953699e-12 3.217789881820992817e-12 2.504940760187305661e-12 1.808877261417888116e-12 1.339237400911828462e-12
-7.573797855003633216e-15 -3.461573668399052636e-15 3.232706112892777094e-14 -1.010690145496998300e-14 -2.399187676296554297e-14 -3.441957972819420108e-14 3.053108671241633645e-14 1.407306052455184246e-14 4.297450258365583150e-15 6.409708141248504396e-14 1.067223482386189809e-13 8.328035744167032609e-14 1.410774982844609698e-13 2.452911355571493966e-13 3.095912981426378683e-13 3.779938399199514473e-13 5.029833623117485214e-13 8.496840424166833854e-13 1.231891941794666227e-12 1.797004392630543750e-12 2.470314644255340567e-12 3.217789881820992817e-12 3.676134342744559836e-12 3.341726350787062406e-12 2.627372020686651650e-12 2.234245452557290958e-12
1.889876524874104435e-14 5.070779991800992259e-15 -2.154436873862906042e-15 -2.820724998130511690e-14 -1.527278209799494757e-14 1.614424003921629017e-14 6.336074091367950129e-14 2.264051469150928882e-14 1.091617715292719415e-14 6.558589051863075477e-14 1.144236436334950280e-13 9.557340366486015254e-14 1.444182378188752200e-13 2.092907159331535497e-13 2.856433448256037353e-13 3.696955169999897238e-13 4.758443827849221050e-13 8.153787851034314944e-13 1.109138087073392670e-12 1.436272491340270933e-12 1.857267577304998589e-12 2.504940760187305661e-12 3.341726350787062406e-12 4.137635948469526249e-12 4.154059430121914312e-12 3.688094933190249980e-12
1.022188141083580264e-13 5.568751202048464810e-14 -9.359191749006301317e-15 -2.602197528813090307e-14 6.199682099871329896e-15 1.057794054263701225e-13 1.218562888076725086e-13 3.340177452619508009e-14 8.418664785575194911e-15 4.245517899044049512e-14 6.928320771108918417e-14 6.088560406559220894e-14 1.244713316042729239e-13 1.658545603292542164e-13 2.402989101743057997e-13 3.190868383053876028e-13 4.095188148675624955e-13 7.379748025071660381e-13 9.616175838397485256e-13 1.116620528933330087e-12 1.362998148541249512e-12 1.808877261417888116e-12 2.627372020686651650e-12 4.154059430121914312e-12 5.763354556111582633e-12 6.042105675972762701e-12
1.216788436349809311e-13 1.255674376801082781e-13 -2.301263804109207963e-15 2.342932396605719227e-15 -1.652197487823250513e-15 1.300888124979119547e-13 1.898838616776675654e-13 4.910784340123229721e-14 1.799819438898314951e-14 3.588061560887581213e-14 2.814608234356121196e-14 -9.615950667021369954e-16 5.948907170819469400e-14 9.077783155523650274e-14 1.526545047074634933e-13 2.243480290982783297e-13 2.971868770061098168e-13 5.527796863184220881e-13 7.279902676837064984e-13 7.940866384651934356e-13 9.355873739612258943e-13 1.339237400911828462e-12 2.234245452557290958e-12 3.688094933190249980e-12 6.042105675972762701e-12 8.833684817613611897e-12
