2.430159607071945698e-13 5.731150085168425311e-14 3.613143744970310246e-14 7.623138655930411445e-15 2.389874963779345403e-14 3.255987101357288209e-14 1.544532905367251338e-14 1.725365539652720754e-14 2.631286784944842524e-14 1.686331936156073189e-14 9.053846356744042929e-15 6.798565372845644923e-15 1.922988729515585314e-15 9.209140839007782821e-15 3.205687751996130640e-14 4.140015176845227552e-14 5.297056772839272827e-14 6.173285130039489138e-14 7.229401280398682470e-14 7.231327928261619057e-14 7.100433001916524652e-14 4.536215479174761765e-14 -7.868844125736386994e-15 2.619181767167193951e-14 8.428692198877742356e-14 6.569616093872633714e-14
5.731150085168425311e-14 2.036205979230875012e-13 6.441521963002122586e-14 1.717219004953829182e-14 1.743923476329368825e-14 1.850118932957049887e-14 9.332046102245699804e-15 1.446230069845819484e-14 8.369557308285802842e-15 3.901475838744476202e-15 7.160844212076719572e-15 1.197735168406700095e-14 5.988120033759020781e-15 4.603266272594779897e-15 6.354749838335811341e-15 1.148074821548141397e-14 1.876879085399203858e-15 -5.142735622274561718e-16 -9.746794227941110103e-15 -2.345755070362482000e-14 -1.033882238135883086e-14 2.801629090948590936e-14 6.396260326309964381e-14 8.578451645432007459e-14 1.209567086456945240e-13 1.894152963997694162e-13
3.613143744970310246e-14 6.441521963002122586e-14 1.226522448122266243e-13 3.256537156248678046e-14 1.745724036024791096e-14 2.308322894302191193e-14 2.183444089527077779e-14 6.604163762747512333e-15 6.215572138098704557e-15 -1.506562444253041092e-16 9.269328042961464940e-15 1.419728353916414071e-14 7.814257876101232155e-15 1.477533831468371756e-15 9.822579707926632553e-15 1.420152200036257083e-14 7.838003221880662712e-15 6.464089319454600513e-16 -2.553231422037063305e-15 -6.364690581273288931e-15 5.669272937582455474e-15 3.301311458009516236e-14 6.009642192452049294e-14 6.977271291996487320e-14 9.269020630834040365e-14 1.236269761481090651e-13
7.623138655930411445e-15 1.717219004953829182e-14 3.256537156248678046e-14 9.525935814945543331e-14 3.147556253792813824e-14 2.322158055286459579e-14 2.314619690115554975e-14 1.104218510779390054e-14 5.104251810289963705e-15 2.314351781154542015e-15 7.340659376987900060e-15 1.595947548475724775e-16 -1.770380749597377669e-15 -2.629393929433631000e-15 -4.985937817324120224e-15 -1.379659913263657071e-14 -1.662061829393407161e-14 -3.634503676020490505e-15 3.944682998823538884e-15 1.078230969002908997e-14 8.696996267717602742e-15 1.982764097030538334e-14 4.329753336786447297e-15 -1.152528590164949308e-14 2.990648580025583204e-15 8.279362451306898023e-15
2.389874963779345403e-14 1.743923476329368825e-14 1.745724036024791096e-14 3.147556253792813824e-14 8.528740113623134599e-14 3.551681621164293875e-14 2.655321713125333680e-14 1.537472327786940353e-14 1.420673988602842002e-14 1.242077452308815699e-14 1.229573833309542156e-14 7.615702052163546389e-15 2.565813494326018480e-15 1.865211884159625537e-15 7.197624485288061609e-15 5.306434658562051399e-15 4.310204849094650787e-15 2.016284181309766799e-14 2.383324827762546557e-14 1.917498241973167467e-14 1.417773104587180011e-14 4.973508265794596070e-15 -1.228227307665782209e-14 -6.577945079652911876e-15 4.642833536481697465e-14 3.319536974905444184e-14
3.255987101357288209e-14 1.850118932957049887e-14 2.308322894302191193e-14 2.322158055286459579e-14 3.551681621164293875e-14 9.912546684827077590e-14 5.905496045843373065e-14 3.002905199011972498e-14 2.034987997420291922e-14 1.757568736511126283e-14 6.203166138265619963e-15 1.075747939589748541e-14 3.117193453701389645e-15 4.106786553791633564e-15 1.155232871039128363e-14 1.578802755659157809e-14 6.957999665618232580e-15 8.821974707359794562e-15 9.113887690130659716e-15 1.168719971497489876e-14 -1.005265029397772355e-14 -3.037886063076586152e-14 -2.838310690053368688e-14 2.141677244815213501e-14 1.039074948582454934e-13 1.598345128540965537e-13
1.544532905367251338e-14 9.332046102245699804e-15 2.183444089527077779e-14 2.314619690115554975e-14 2.655321713125333680e-14 5.905496045843373065e-14 9.076796064951233934e-14 5.549156537195675310e-14 3.893169538823917763e-14 3.091212909376092062e-14 1.685758564194263886e-14 1.282533693985572288e-14 9.101609940050928080e-15 1.071665156734921202e-14 2.226725360807824336e-14 2.468218489873352777e-14 1.655354079139199973e-14 2.920629850566771630e-14 4.226462649940758880e-14 4.607908080660289749e-14 2.700972404390773518e-14 1.109108632782563903e-14 6.121946178472149887e-15 3.458673235908879842e-14 8.688129401378680077e-14 1.569383010561960350e-13
1.725365539652720754e-14 1.446230069845819484e-14 6.604163762747512333e-15 1.104218510779390054e-14 1.537472327786940353e-14 3.002905199011972498e-14 5.549156537195675310e-14 8.369063559784782994e-14 5.581196196523536480e-14 3.539687427075079566e-14 2.420115075759160596e-14 2.646491462095303893e-14 2.304469429803994193e-14 2.614968379653761164e-14 3.984584540555195773e-14 4.404685189049836079e-14 4.185643990492242087e-14 5.303334726500858115e-14 6.862005387154059500e-14 7.847339107377027781e-14 6.189551130772585482e-14 3.044426193016171832e-14 1.259954453947669136e-14 2.083606609817506267e-14 3.324010366360131651e-14 4.670971858397042599e-14
2.631286784944842524e-14 8.369557308285802842e-15 6.215572138098704557e-15 5.104251810289963705e-15 1.420673988602842002e-14 2.034987997420291922e-14 3.893169538823917763e-14 5.581196196523536480e-14 7.060409613259334820e-14 5.326332797402107374e-14 4.483651996976750209e-14 4.228292161922072384e-14 3.560244251283363085e-14 3.371750642449453003e-14 4.469935362610260373e-14 4.929931898961691647e-14 4.951082679411286172e-14 6.218839712846494085e-14 7.204219380017567398e-14 7.195506091736819871e-14 5.001772404232396275e-14 2.391822846597792880e-14 1.930266245698055986e-14 3.492333949061906106e-14 3.242005776239157826e-14 2.639486382627516449e-14
1.686331936156073189e-14 3.901475838744476202e-15 -1.506562444253041092e-16 2.314351781154542015e-15 1.242077452308815699e-14 1.757568736511126283e-14 3.091212909376092062e-14 3.539687427075079566e-14 5.326332797402107374e-14 7.606058896833244216e-14 6.533077147600602021e-14 5.337137212907274898e-14 4.805269374873946690e-14 4.582681395800796030e-14 5.411565318615804770e-14 5.992891095761531491e-14 6.323392666975552945e-14 8.263460735555254186e-14 9.820108082198421087e-14 1.093563138320820405e-13 9.718114568459770009e-14 7.483574109980645739e-14 8.383263840801266777e-14 9.479230817444757115e-14 7.511575079237181062e-14 6.754120822352390672e-14
9.053846356744042929e-15 7.160844212076719572e-15 9.269328042961464940e-15 7.340659376987900060e-15 1.229573833309542156e-14 6.203166138265619963e-15 1.685758564194263886e-14 2.420115075759160596e-14 4.483651996976750209e-14 6.533077147600602021e-14 8.843171419683044113e-14 7.031251014201787929e-14 6.264225335159236781e-14 5.665497314989632426e-14 6.310267984037665990e-14 6.993512782258237691e-14 7.622075799872332488e-14 9.624439686716525114e-14 1.148197231621514219e-13 1.306823000651644742e-13 1.288408098030925707e-13 1.044098244482137777e-13 1.076923422810098249e-13 1.089542009906805108e-13 6.372225994430869417e-14 2.334858524696982778e-14
6.798565372845644923e-15 1.197735168406700095e-14 1.419728353916414071e-14 1.595947548475724775e-16 7.615702052163546389e-15 1.075747939589748541e-14 1.282533693985572288e-14 2.646491462095303893e-14 4.228292161922072384e-14 5.337137212907274898e-14 7.031251014201787929e-14 9.615446303992216503e-14 8.694962451005220779e-14 8.349813898431178884e-14 9.476284123940153025e-14 1.099156439765721961e-13 1.178063080401948367e-13 1.347708918894821838e-13 1.530393217706234377e-13 1.667166426850989195e-13 1.452812746440920279e-13 8.372900881385643838e-14 8.252153699087450044e-14 9.347009290268071079e-14 6.106606842627563128e-14 1.840853472461800289e-15
1.922988729515585314e-15 5.988120033759020781e-15 7.814257876101232155e-15 -1.770380749597377669e-15 2.565813494326018480e-15 3.117193453701389645e-15 9.101609940050928080e-15 2.304469429803994193e-14 3.560244251283363085e-14 4.805269374873946690e-14 6.264225335159236781e-14 8.694962451005220779e-14 1.259635608069231347e-13 1.302005041971945021e-13 1.377726209843732123e-13 1.480630305246778751e-13 1.603458534182696035e-13 1.871635846931045693e-13 2.096447006069735521e-13 2.333093131620206539e-13 2.199306086750934751e-13 1.509466353339901103e-13 1.465153432496348465e-13 1.421087956725571184e-13 1.168314126166301950e-13 4.996657313588339162e-14
9.209140839007782821e-15 4.603266272594779897e-15 1.477533831468371756e-15 -2.629393929433631000e-15 1.865211884159625537e-15 4.106786553791633564e-15 1.071665156734921202e-14 2.614968379653761164e-14 3.371750642449453003e-14 4.582681395800796030e-14 5.665497314989632426e-14 8.349813898431178884e-14 1.302005041971945021e-13 1.792219766493250581e-13 1.981896359640296609e-13 2.106392829266842603e-13 2.295235362259198021e-13 2.713812646764080389e-13 3.147411920012178167e-13 3.698085152627876040e-13 3.638057637225005662e-13 2.733522277424273666e-13 2.426855186734367067e-13 2.089628514415816641e-13 1.615175665127447188e-13 8.043117314336691316e-14
3.205687751996130640e-14 6.354749838335811341e-15 9.822579707926632553e-15 -4.985937817324120224e-15 7.197624485288061609e-15 1.155232871039128363e-14 2.226725360807824336e-14 3.984584540555195773e-14 4.469935362610260373e-14 5.411565318615804770e-14 6.310267984037665990e-14 9.476284123940153025e-14 1.377726209843732123e-13 1.981896359640296609e-13 2.801396353549295261e-13 3.137563073963426844e-13 3.423025642842474438e-13 3.964503342369009580e-13 4.563472824892111855e-13 5.183376926272388075e-13 4.929324119415682481e-13 3.601292392661369491e-13 3.119815823727731334e-13 2.869403400402846162e-13 2.425220186570947174e-13 1.599586004570138620e-13
4.140015176845227552e-14 1.148074821548141397e-14 1.420152200036257083e-14 -1.379659913263657071e-14 5.306434658562051399e-15 1.578802755659157809e-14 2.468218489873352777e-14 4.404685189049836079e-14 4.929931898961691647e-14 5.992891095761531491e-14 6.993512782258237691e-14 1.099156439765721961e-13 1.480630305246778751e-13 2.106392829266842603e-13 3.137563073963426844e-13 4.123832513656337049e-13 4.778228489913169647e-13 5.523465605892184385e-13 6.300037087601121434e-13 7.090400108298206451e-13 6.792853860607767084e-13 4.882138778630895097e-13 3.843618611663091979e-13 3.760352587490863255e-13 3.222192292610895291e-13 2.248761826447507755e-13
5.297056772839272827e-14 1.876879085399203858e-15 7.838003221880662712e-15 -1.662061829393407161e-14 4.310204849094650787e-15 6.957999665618232580e-15 1.655354079139199973e-14 4.185643990492242087e-14 4.951082679411286172e-14 6.323392666975552945e-14 7.622075799872332488e-14 1.178063080401948367e-13 1.603458534182696035e-13 2.295235362259198021e-13 3.423025642842474438e-13 4.778228489913169647e-13 6.373092409325292359e-13 7.757236165855306874e-13 8.993332700566289497e-13 1.021131425786303559e-12 9.984899601193272421e-13 7.399428811504891451e-13 5.042716226650435738e-13 4.783594560788415512e-13 4.097174915286397988e-13 2.921373690062176811e-13
6.173285130039489138e-14 -5.142735622274561718e-16 6.464089319454600513e-16 -3.634503676020490505e-15 2.016284181309766799e-14 8.821974707359794562e-15 2.920629850566771630e-14 5.303334726500858115e-14 6.218839712846494085e-14 8.263460735555254186e-14 9.624439686716525114e-14 1.347708918894821838e-13 1.871635846931045693e-13 2.713812646764080389e-13 3.964503342369009580e-13 5.523465605892184385e-13 7.757236165855306874e-13 1.055747147540823735e-12 1.279092103640483628e-12 1.477809530016130337e-12 1.482492646900560093e-12 1.202523376019270832e-12 8.497215410746567936e-13 8.139356022955418635e-13 7.340562658737316243e-13 5.475251041906284406e-13
7.229401280398682470e-14 -9.746794227941110103e-15 -2.553231422037063305e-15 3.944682998823538884e-15 2.383324827762546557e-14 9.113887690130659716e-15 4.226462649940758880e-14 6.862005387154059500e-14 7.204219380017567398e-14 9.820108082198421087e-14 1.148197231621514219e-13 1.530393217706234377e-13 2.096447006069735521e-13 3.147411920012178167e-13 4.563472824892111855e-13 6.300037087601121434e-13 8.993332700566289497e-13 1.279092103640483628e-12 1.679879877688216464e-12 2.014701931769368847e-12 2.062585097693277613e-12 1.747330789947072516e-12 1.235056199012435628e-12 1.114165868942785514e-12 9.652218036415453449e-13 7.285935349625543549e-13
7.231327928261619057e-14 -2.345755070362482000e-14 -6.364690581273288931e-15 1.078230969002908997e-14 1.917498241973167467e-14 1.168719971497489876e-14 4.607908080660289749e-14 7.847339107377027781e-14 7.195506091736819871e-14 1.093563138320820405e-13 1.306823000651644742e-13 1.667166426850989195e-13 2.333093131620206539e-13 3.698085152627876040e-13 5.183376926272388075e-13 7.090400108298206451e-13 1.021131425786303559e-12 1.477809530016130337e-12 2.014701931769368847e-12 2.592243605652493002e-12 2.780959552585185023e-12 2.476610302240207105e-12 1.798985620374996199e-12 1.438256654129125127e-12 1.119018569168735339e-12 7.964739472567830250e-13
7.100433001916524652e-14 -1.033882238135883086e-14 5.669272937582455474e-15 8.696996267717602742e-15 1.417773104587180011e-14 -1.005265029397772355e-14 2.700972404390773518e-14 6.189551130772585482e-14 5.001772404232396275e-14 9.718114568459770009e-14 1.288408098030925707e-13 1.452812746440920279e-13 2.199306086750934751e-13 3.638057637225005662e-13 4.929324119415682481e-13 6.792853860607767084e-13 9.984899601193272421e-13 1.482492646900560093e-12 2.062585097693277613e-12 2.780959552585185023e-12 3.277384949731066483e-12 3.169191832166817220e-12 2.474006444841485057e-12 1.859379679110018443e-12 1.364476560600700309e-12 9.367615160478358121e-13
4.536215479174761765e-14 2.801629090948590936e-14 3.301311458009516236e-14 1.982764097030538334e-14 4.973508265794596070e-15 -3.037886063076586152e-14 1.109108632782563903e-14 3.044426193016171832e-14 2.391822846597792880e-14 7.483574109980645739e-14 1.044098244482137777e-13 8.372900881385643838e-14 1.509466353339901103e-13 2.733522277424273666e-13 3.601292392661369491e-13 4.882138778630895097e-13 7.399428811504891451e-13 1.202523376019270832e-12 1.747330789947072516e-12 2.476610302240207105e-12 3.169191832166817220e-12 3.580578036403164318e-12 3.223021220556770697e-12 2.508105487735675917e-12 1.811672960643138850e-12 1.341256488558437445e-12
-7.868844125736386994e-15 6.396260326309964381e-14 6.009642192452049294e-14 4.329753336786447297e-15 -1.228227307665782209e-14 -2.838310690053368688e-14 6.121946178472149887e-15 1.259954453947669136e-14 1.930266245698055986e-14 8.383263840801266777e-14 1.076923422810098249e-13 8.252153699087450044e-14 1.465153432496348465e-13 2.426855186734367067e-13 3.119815823727731334e-13 3.843618611663091979e-13 5.042716226650435738e-13 8.497215410746567936e-13 1.235056199012435628e-12 1.798985620374996199e-12 2.474006444841485057e-12 3.223021220556770697e-12 3.681156538577994516e-12 3.344735957576903152e-12 2.631400376050785637e-12 2.236753572761264530e-12
2.619181767167193951e-14 8.578451645432007459e-14 6.977271291996487320e-14 -1.152528590164949308e-14 -6.577945079652911876e-15 2.141677244815213501e-14 3.458673235908879842e-14 2.083606609817506267e-14 3.492333949061906106e-14 9.479230817444757115e-14 1.089542009906805108e-13 9.347009290268071079e-14 1.421087956725571184e-13 2.089628514415816641e-13 2.869403400402846162e-13 3.760352587490863255e-13 4.783594560788415512e-13 8.139356022955418635e-13 1.114165868942785514e-12 1.438256654129125127e-12 1.859379679110018443e-12 2.508105487735675917e-12 3.344735957576903152e-12 4.140391871435502402e-12 4.157564199173576602e-12 3.687300567287602005e-12
8.428692198877742356e-14 1.209567086456945240e-13 9.269020630834040365e-14 2.990648580025583204e-15 4.642833536481697465e-14 1.039074948582454934e-13 8.688129401378680077e-14 3.324010366360131651e-14 3.242005776239157826e-14 7.511575079237181062e-14 6.372225994430869417e-14 6.106606842627563128e-14 1.168314126166301950e-13 1.615175665127447188e-13 2.425220186570947174e-13 3.222192292610895291e-13 4.097174915286397988e-13 7.340562658737316243e-13 9.652218036415453449e-13 1.119018569168735339e-12 1.364476560600700309e-12 1.811672960643138850e-12 2.631400376050785637e-12 4.157564199173576602e-12 5.767003402697127711e-12 6.039959520553511794e-12
6.569616093872633714e-14 1.894152963997694162e-13 1.236269761481090651e-13 8.279362451306898023e-15 3.319536974905444184e-14 1.598345128540965537e-13 1.569383010561960350e-13 4.670971858397042599e-14 2.639486382627516449e-14 6.754120822352390672e-14 2.334858524696982778e-14 1.840853472461800289e-15 4.996657313588339162e-14 8.043117314336691316e-14 1.599586004570138620e-13 2.248761826447507755e-13 2.921373690062176811e-13 5.475251041906284406e-13 7.285935349625543549e-13 7.964739472567830250e-13 9.367615160478358121e-13 1.341256488558437445e-12 2.236753572761264530e-12 3.687300567287602005e-12 6.039959520553511794e-12 8.824919536798788392e-12
