2.430159607071948727e-13 5.731150085168461914e-14 3.613143744970350636e-14 7.623138655930395668e-15 2.389874963779368437e-14 3.255987101357377193e-14 1.544532905367320758e-14 1.725365539652689200e-14 2.631286784944831480e-14 1.686331936156111685e-14 9.053846356743924599e-15 6.798565372845253648e-15 1.922988729515778585e-15 9.209140839007879062e-15 3.205687751996151466e-14 4.140015176845214931e-14 5.297056772839290498e-14 6.173285130039453797e-14 7.229401280398608002e-14 7.231327928261668282e-14 7.100433001916542323e-14 4.536215479174634285e-14 -7.868844125736945507e-15 2.619181767167291139e-14 8.428692198877753715e-14 6.569616093872361083e-14
5.731150085168461914e-14 2.036205979230879304e-13 6.441521963002128897e-14 1.717219004953784374e-14 1.743923476329395015e-14 1.850118932957088699e-14 9.332046102245669827e-15 1.446230069845730185e-14 8.369557308285678202e-15 3.901475838744312119e-15 7.160844212076637530e-15 1.197735168406676429e-14 5.988120033758310017e-15 4.603266272594410710e-15 6.354749838335760065e-15 1.148074821548083968e-14 1.876879085399080795e-15 -5.142735622278846219e-16 -9.746794227941122725e-15 -2.345755070362513238e-14 -1.033882238135942724e-14 2.801629090948474816e-14 6.396260326309781366e-14 8.578451645431924156e-14 1.209567086456932618e-13 1.894152963997678511e-13
3.613143744970350636e-14 6.441521963002128897e-14 1.226522448122270029e-13 3.256537156248675521e-14 1.745724036024816655e-14 2.308322894302168158e-14 2.183444089527092925e-14 6.604163762747610940e-15 6.215572138098273050e-15 -1.506562444251965283e-16 9.269328042961302435e-15 1.419728353916417542e-14 7.814257876101162735e-15 1.477533831468263091e-15 9.822579707926836079e-15 1.420152200036303626e-14 7.838003221880923036e-15 6.464089319458282522e-16 -2.553231422035875280e-15 -6.364690581271887914e-15 5.669272937583889623e-15 3.301311458009711242e-14 6.009642192452108617e-14 6.977271291996549167e-14 9.269020630834137553e-14 1.236269761481109079e-13
7.623138655930395668e-15 1.717219004953784374e-14 3.256537156248675521e-14 9.525935814945601391e-14 3.147556253792807513e-14 2.322158055286403096e-14 2.314619690115560024e-14 1.104218510779408356e-14 5.104251810289876930e-15 2.314351781154616168e-15 7.340659376987789619e-15 1.595947548473139283e-16 -1.770380749597390291e-15 -2.629393929433822693e-15 -4.985937817323987695e-15 -1.379659913263665275e-14 -1.662061829393414418e-14 -3.634503676020851015e-15 3.944682998823425288e-15 1.078230969002872709e-14 8.696996267716698708e-15 1.982764097030461341e-14 4.329753336785152776e-15 -1.152528590165117336e-14 2.990648580023389382e-15 8.279362451306964287e-15
2.389874963779368437e-14 1.743923476329395015e-14 1.745724036024816655e-14 3.147556253792807513e-14 8.528740113623120715e-14 3.551681621164273680e-14 2.655321713125339044e-14 1.537472327786940038e-14 1.420673988602887914e-14 1.242077452308837787e-14 1.229573833309583019e-14 7.615702052163694695e-15 2.565813494326251588e-15 1.865211884159474865e-15 7.197624485288282490e-15 5.306434658561960680e-15 4.310204849094846425e-15 2.016284181309793935e-14 2.383324827762567383e-14 1.917498241973290845e-14 1.417773104587297551e-14 4.973508265795559269e-15 -1.228227307665756492e-14 -6.577945079652724127e-15 4.642833536481558626e-14 3.319536974905358356e-14
3.255987101357377193e-14 1.850118932957088699e-14 2.308322894302168158e-14 2.322158055286403096e-14 3.551681621164273680e-14 9.912546684827093998e-14 5.905496045843380638e-14 3.002905199012002790e-14 2.034987997420343356e-14 1.757568736511161624e-14 6.203166138265907108e-15 1.075747939589755009e-14 3.117193453701100527e-15 4.106786553791395328e-15 1.155232871039166071e-14 1.578802755659214922e-14 6.957999665619036429e-15 8.821974707360242635e-15 9.113887690131163009e-15 1.168719971497569709e-14 -1.005265029397690944e-14 -3.037886063076507897e-14 -2.838310690053336187e-14 2.141677244815173112e-14 1.039074948582442817e-13 1.598345128540965285e-13
1.544532905367320758e-14 9.332046102245669827e-15 2.183444089527092925e-14 2.314619690115560024e-14 2.655321713125339044e-14 5.905496045843380638e-14 9.076796064951245293e-14 5.549156537195706234e-14 3.893169538823948055e-14 3.091212909376143180e-14 1.685758564194318475e-14 1.282533693985618516e-14 9.101609940050681955e-15 1.071665156734865508e-14 2.226725360807813291e-14 2.468218489873298503e-14 1.655354079139178831e-14 2.920629850566718619e-14 4.226462649940725433e-14 4.607908080660326983e-14 2.700972404390832840e-14 1.109108632782791568e-14 6.121946178472904827e-15 3.458673235909105141e-14 8.688129401378794935e-14 1.569383010561974486e-13
1.725365539652689200e-14 1.446230069845730185e-14 6.604163762747610940e-15 1.104218510779408356e-14 1.537472327786940038e-14 3.002905199012002790e-14 5.549156537195706234e-14 8.369063559784887754e-14 5.581196196523600851e-14 3.539687427075095343e-14 2.420115075759208243e-14 2.646491462095331346e-14 2.304469429803976207e-14 2.614968379653735605e-14 3.984584540555251940e-14 4.404685189049813360e-14 4.185643990492288157e-14 5.303334726500918068e-14 6.862005387154084743e-14 7.847339107377142639e-14 6.189551130772542568e-14 3.044426193015992602e-14 1.259954453947355801e-14 2.083606609817184412e-14 3.324010366359810427e-14 4.670971858397007889e-14
2.631286784944831480e-14 8.369557308285678202e-15 6.215572138098273050e-15 5.104251810289876930e-15 1.420673988602887914e-14 2.034987997420343356e-14 3.893169538823948055e-14 5.581196196523600851e-14 7.060409613259424434e-14 5.326332797402131986e-14 4.483651996976803220e-14 4.228292161922103938e-14 3.560244251283346046e-14 3.371750642449430915e-14 4.469935362610273625e-14 4.929931898961639898e-14 4.951082679411260929e-14 6.218839712846461268e-14 7.204219380017558563e-14 7.195506091736900650e-14 5.001772404232357148e-14 2.391822846597802978e-14 1.930266245698019383e-14 3.492333949061981837e-14 3.242005776239266374e-14 2.639486382627712717e-14
1.686331936156111685e-14 3.901475838744312119e-15 -1.506562444251965283e-16 2.314351781154616168e-15 1.242077452308837787e-14 1.757568736511161624e-14 3.091212909376143180e-14 3.539687427075095343e-14 5.326332797402131986e-14 7.606058896833200040e-14 6.533077147600593186e-14 5.337137212907242081e-14 4.805269374873905670e-14 4.582681395800778991e-14 5.411565318615799721e-14 5.992891095761421682e-14 6.323392666975460806e-14 8.263460735555202437e-14 9.820108082198383222e-14 1.093563138320823561e-13 9.718114568459778845e-14 7.483574109980747976e-14 8.383263840801303380e-14 9.479230817444906052e-14 7.511575079237236598e-14 6.754120822352380575e-14
9.053846356743924599e-15 7.160844212076637530e-15 9.269328042961302435e-15 7.340659376987789619e-15 1.229573833309583019e-14 6.203166138265907108e-15 1.685758564194318475e-14 2.420115075759208243e-14 4.483651996976803220e-14 6.533077147600593186e-14 8.843171419683075667e-14 7.031251014201792978e-14 6.264225335159273384e-14 5.665497314989735293e-14 6.310267984037760653e-14 6.993512782258259148e-14 7.622075799872345110e-14 9.624439686716549095e-14 1.148197231621515229e-13 1.306823000651658626e-13 1.288408098030928484e-13 1.044098244482140175e-13 1.076923422810104055e-13 1.089542009906803593e-13 6.372225994430643487e-14 2.334858524696614222e-14
6.798565372845253648e-15 1.197735168406676429e-14 1.419728353916417542e-14 1.595947548473139283e-16 7.615702052163694695e-15 1.075747939589755009e-14 1.282533693985618516e-14 2.646491462095331346e-14 4.228292161922103938e-14 5.337137212907242081e-14 7.031251014201792978e-14 9.615446303992181162e-14 8.694962451005213206e-14 8.349813898431182671e-14 9.476284123940150500e-14 1.099156439765713883e-13 1.178063080401938522e-13 1.347708918894813760e-13 1.530393217706215697e-13 1.667166426850979603e-13 1.452812746440895540e-13 8.372900881385387616e-14 8.252153699087164791e-14 9.347009290267874179e-14 6.106606842627484873e-14 1.840853472461397576e-15
1.922988729515778585e-15 5.988120033758310017e-15 7.814257876101162735e-15 -1.770380749597390291e-15 2.565813494326251588e-15 3.117193453701100527e-15 9.101609940050681955e-15 2.304469429803976207e-14 3.560244251283346046e-14 4.805269374873905670e-14 6.264225335159273384e-14 8.694962451005213206e-14 1.259635608069234881e-13 1.302005041971957895e-13 1.377726209843741968e-13 1.480630305246779003e-13 1.603458534182700579e-13 1.871635846931059577e-13 2.096447006069745366e-13 2.333093131620228753e-13 2.199306086750943082e-13 1.509466353339905900e-13 1.465153432496352251e-13 1.421087956725583805e-13 1.168314126166317601e-13 4.996657313588208527e-14
9.209140839007879062e-15 4.603266272594410710e-15 1.477533831468263091e-15 -2.629393929433822693e-15 1.865211884159474865e-15 4.106786553791395328e-15 1.071665156734865508e-14 2.614968379653735605e-14 3.371750642449430915e-14 4.582681395800778991e-14 5.665497314989735293e-14 8.349813898431182671e-14 1.302005041971957895e-13 1.792219766493270019e-13 1.981896359640313522e-13 2.106392829266845379e-13 2.295235362259203575e-13 2.713812646764096545e-13 3.147411920012184731e-13 3.698085152627910371e-13 3.638057637225018789e-13 2.733522277424275180e-13 2.426855186734381203e-13 2.089628514415823962e-13 1.615175665127430023e-13 8.043117314335955467e-14
3.205687751996151466e-14 6.354749838335760065e-15 9.822579707926836079e-15 -4.985937817323987695e-15 7.197624485288282490e-15 1.155232871039166071e-14 2.226725360807813291e-14 3.984584540555251940e-14 4.469935362610273625e-14 5.411565318615799721e-14 6.310267984037760653e-14 9.476284123940150500e-14 1.377726209843741968e-13 1.981896359640313522e-13 2.801396353549321514e-13 3.137563073963432903e-13 3.423025642842486050e-13 3.964503342369036843e-13 4.563472824892125992e-13 5.183376926272445630e-13 4.929324119415705705e-13 3.601292392661372521e-13 3.119815823727743451e-13 2.869403400402866357e-13 2.425220186570975447e-13 1.599586004570142154e-13
4.140015176845214931e-14 1.148074821548083968e-14 1.420152200036303626e-14 -1.379659913263665275e-14 5.306434658561960680e-15 1.578802755659214922e-14 2.468218489873298503e-14 4.404685189049813360e-14 4.929931898961639898e-14 5.992891095761421682e-14 6.993512782258259148e-14 1.099156439765713883e-13 1.480630305246779003e-13 2.106392829266845379e-13 3.137563073963432903e-13 4.123832513656307766e-13 4.778228489913144404e-13 5.523465605892162170e-13 6.300037087601052771e-13 7.090400108298197364e-13 6.792853860607732753e-13 4.882138778630851678e-13 3.843618611663066735e-13 3.760352587490864769e-13 3.222192292610874591e-13 2.248761826447425966e-13
5.297056772839290498e-14 1.876879085399080795e-15 7.838003221880923036e-15 -1.662061829393414418e-14 4.310204849094846425e-15 6.957999665619036429e-15 1.655354079139178831e-14 4.185643990492288157e-14 4.951082679411260929e-14 6.323392666975460806e-14 7.622075799872345110e-14 1.178063080401938522e-13 1.603458534182700579e-13 2.295235362259203575e-13 3.423025642842486050e-13 4.778228489913144404e-13 6.373092409325269135e-13 7.757236165855298797e-13 8.993332700566243049e-13 1.021131425786306386e-12 9.984899601193238089e-13 7.399428811504860149e-13 5.042716226650395348e-13 4.783594560788426619e-13 4.097174915286401017e-13 2.921373690062135411e-13
6.173285130039453797e-14 -5.142735622278846219e-16 6.464089319458282522e-16 -3.634503676020851015e-15 2.016284181309793935e-14 8.821974707360242635e-15 2.920629850566718619e-14 5.303334726500918068e-14 6.218839712846461268e-14 8.263460735555202437e-14 9.624439686716549095e-14 1.347708918894813760e-13 1.871635846931059577e-13 2.713812646764096545e-13 3.964503342369036843e-13 5.523465605892162170e-13 7.757236165855298797e-13 1.055747147540825553e-12 1.279092103640477771e-12 1.477809530016135386e-12 1.482492646900558074e-12 1.202523376019270024e-12 8.497215410746534615e-13 8.139356022955454986e-13 7.340562658737313214e-13 5.475251041906199588e-13
7.229401280398608002e-14 -9.746794227941122725e-15 -2.553231422035875280e-15 3.944682998823425288e-15 2.383324827762567383e-14 9.113887690131163009e-15 4.226462649940725433e-14 6.862005387154084743e-14 7.204219380017558563e-14 9.820108082198383222e-14 1.148197231621515229e-13 1.530393217706215697e-13 2.096447006069745366e-13 3.147411920012184731e-13 4.563472824892125992e-13 6.300037087601052771e-13 8.993332700566243049e-13 1.279092103640477771e-12 1.679879877688198692e-12 2.014701931769364808e-12 2.062585097693264688e-12 1.747330789947056360e-12 1.235056199012423309e-12 1.114165868942780465e-12 9.652218036415352475e-13 7.285935349625314338e-13
7.231327928261668282e-14 -2.345755070362513238e-14 -6.364690581271887914e-15 1.078230969002872709e-14 1.917498241973290845e-14 1.168719971497569709e-14 4.607908080660326983e-14 7.847339107377142639e-14 7.195506091736900650e-14 1.093563138320823561e-13 1.306823000651658626e-13 1.667166426850979603e-13 2.333093131620228753e-13 3.698085152627910371e-13 5.183376926272445630e-13 7.090400108298197364e-13 1.021131425786306386e-12 1.477809530016135386e-12 2.014701931769364808e-12 2.592243605652508350e-12 2.780959552585189870e-12 2.476610302240207105e-12 1.798985620375000238e-12 1.438256654129133205e-12 1.119018569168739782e-12 7.964739472567723217e-13
7.100433001916542323e-14 -1.033882238135942724e-14 5.669272937583889623e-15 8.696996267716698708e-15 1.417773104587297551e-14 -1.005265029397690944e-14 2.700972404390832840e-14 6.189551130772542568e-14 5.001772404232357148e-14 9.718114568459778845e-14 1.288408098030928484e-13 1.452812746440895540e-13 2.199306086750943082e-13 3.638057637225018789e-13 4.929324119415705705e-13 6.792853860607732753e-13 9.984899601193238089e-13 1.482492646900558074e-12 2.062585097693264688e-12 2.780959552585189870e-12 3.277384949731062445e-12 3.169191832166802276e-12 2.474006444841475768e-12 1.859379679110016827e-12 1.364476560600691423e-12 9.367615160478016828e-13
4.536215479174634285e-14 2.801629090948474816e-14 3.301311458009711242e-14 1.982764097030461341e-14 4.973508265795559269e-15 -3.037886063076507897e-14 1.109108632782791568e-14 3.044426193015992602e-14 2.391822846597802978e-14 7.483574109980747976e-14 1.044098244482140175e-13 8.372900881385387616e-14 1.509466353339905900e-13 2.733522277424275180e-13 3.601292392661372521e-13 4.882138778630851678e-13 7.399428811504860149e-13 1.202523376019270024e-12 1.747330789947056360e-12 2.476610302240207105e-12 3.169191832166802276e-12 3.580578036403135641e-12 3.223021220556752118e-12 2.508105487735668243e-12 1.811672960643137638e-12 1.341256488558425934e-12
-7.868844125736945507e-15 6.396260326309781366e-14 6.009642192452108617e-14 4.329753336785152776e-15 -1.228227307665756492e-14 -2.838310690053336187e-14 6.121946178472904827e-15 1.259954453947355801e-14 1.930266245698019383e-14 8.383263840801303380e-14 1.076923422810104055e-13 8.252153699087164791e-14 1.465153432496352251e-13 2.426855186734381203e-13 3.119815823727743451e-13 3.843618611663066735e-13 5.042716226650395348e-13 8.497215410746534615e-13 1.235056199012423309e-12 1.798985620375000238e-12 2.474006444841475768e-12 3.223021220556752118e-12 3.681156538577981591e-12 3.344735957576892246e-12 2.631400376050774328e-12 2.236753572761226160e-12
2.619181767167291139e-14 8.578451645431924156e-14 6.977271291996549167e-14 -1.152528590165117336e-14 -6.577945079652724127e-15 2.141677244815173112e-14 3.458673235909105141e-14 2.083606609817184412e-14 3.492333949061981837e-14 9.479230817444906052e-14 1.089542009906803593e-13 9.347009290267874179e-14 1.421087956725583805e-13 2.089628514415823962e-13 2.869403400402866357e-13 3.760352587490864769e-13 4.783594560788426619e-13 8.139356022955454986e-13 1.114165868942780465e-12 1.438256654129133205e-12 1.859379679110016827e-12 2.508105487735668243e-12 3.344735957576892246e-12 4.140391871435500786e-12 4.157564199173578217e-12 3.687300567287581003e-12
8.428692198877753715e-14 1.209567086456932618e-13 9.269020630834137553e-14 2.990648580023389382e-15 4.642833536481558626e-14 1.039074948582442817e-13 8.688129401378794935e-14 3.324010366359810427e-14 3.242005776239266374e-14 7.511575079237236598e-14 6.372225994430643487e-14 6.106606842627484873e-14 1.168314126166317601e-13 1.615175665127430023e-13 2.425220186570975447e-13 3.222192292610874591e-13 4.097174915286401017e-13 7.340562658737313214e-13 9.652218036415352475e-13 1.119018569168739782e-12 1.364476560600691423e-12 1.811672960643137638e-12 2.631400376050774328e-12 4.157564199173578217e-12 5.767003402697120441e-12 6.039959520553457672e-12
6.569616093872361083e-14 1.894152963997678511e-13 1.236269761481109079e-13 8.279362451306964287e-15 3.319536974905358356e-14 1.598345128540965285e-13 1.569383010561974486e-13 4.670971858397007889e-14 2.639486382627712717e-14 6.754120822352380575e-14 2.334858524696614222e-14 1.840853472461397576e-15 4.996657313588208527e-14 8.043117314335955467e-14 1.599586004570142154e-13 2.248761826447425966e-13 2.921373690062135411e-13 5.475251041906199588e-13 7.285935349625314338e-13 7.964739472567723217e-13 9.367615160478016828e-13 1.341256488558425934e-12 2.236753572761226160e-12 3.687300567287581003e-12 6.039959520553457672e-12 8.824919536798665607e-12
