2.411139600244995342e-13 7.063221513985834568e-14 4.942344791474344434e-15 9.355244120150303430e-15 8.057278590776288142e-15 1.555406092317037675e-14 5.043440143554281972e-15 1.439272313615677491e-14 6.588237738620256594e-15 -3.086666533529024141e-16 -1.177827337103742760e-14 -5.474001885778216668e-15 -4.208388117679415841e-15 2.688648406480461086e-15 1.047993988380823201e-14 8.311217198820703333e-15 -1.953006143343881253e-15 -1.863065695969018301e-14 -3.783532362610164878e-14 -6.225446974278728510e-14 -6.002496024354267591e-14 -6.789150423095306122e-14 -4.933273106050689702e-14 -1.177931467489858646e-14 7.625258661606375589e-14 6.228673043338783794e-14
7.063221513985834568e-14 2.152629041390985846e-13 5.336562889849202490e-14 2.921817169230226859e-14 2.175188094167096930e-14 1.691137467991950706e-14 2.098552271496784265e-14 1.797080126799740779e-14 1.428062304779605512e-14 1.435312950870067970e-14 7.148272141765230993e-15 1.280563075556218295e-14 6.610717756301917771e-15 1.238597467973262539e-14 2.622105532700536902e-14 3.366448851232105592e-14 2.591686229519307767e-14 2.890413430882201983e-14 2.607687835516034597e-14 3.794921863597387525e-14 4.790518910738480411e-14 5.309176536935615079e-14 3.715576896952188015e-14 2.038473554957873724e-14 9.997683637318778729e-14 1.653632738133041321e-13
4.942344791474344434e-15 5.336562889849202490e-14 1.400476348167997113e-13 4.914658011427133110e-14 3.015101730063411114e-14 2.716970623859566840e-14 2.071990882350565969e-14 1.564470948712176787e-14 2.013473875705321768e-15 3.646141495766087523e-16 -3.075889896476924706e-16 5.585073077414879237e-15 8.745794855886213815e-15 9.023326172040812877e-15 1.329235656857336510e-14 4.322828198368191131e-15 -5.688295067862153673e-15 -2.962365185839598204e-15 -6.095325349509495395e-15 1.529397349743553396e-15 3.666863339159138153e-15 3.027146102447672771e-14 4.050361193743713046e-14 3.082792663667512858e-14 3.895123394220694503e-14 2.602973279657286137e-14
9.355244120150303430e-15 2.921817169230226859e-14 4.914658011427133110e-14 1.017904965423614866e-13 4.322954505714346430e-14 3.990775861130266348e-14 2.572828828191002802e-14 1.080881411133122236e-14 1.616040589085062377e-15 1.006346601615075651e-15 -2.074655804958280339e-15 -4.894015330596618508e-15 -1.413837316518384605e-14 -1.041852698222526446e-14 -8.395446664478286235e-15 -1.305725596065461909e-14 -2.028524179222745401e-14 -1.340317753341817123e-14 -9.733119281493501452e-15 -1.057505024901962308e-14 -1.667289590901575477e-14 -8.965857484337936425e-15 -1.272236456483369025e-14 -3.095069912338009816e-15 2.428490205213778571e-14 -1.371273135378153217e-14
8.057278590776288142e-15 2.175188094167096930e-14 3.015101730063411114e-14 4.322954505714346430e-14 8.954611142291131688e-14 4.245076539467520090e-14 3.443672580620894644e-14 2.098747656751645665e-14 1.881042829800828336e-14 1.373645908384700655e-14 1.302717599562141446e-14 7.638125477122971577e-15 2.460210158206800208e-15 -2.382988644738640859e-15 5.188259478709274972e-15 2.390456252836975425e-15 -9.171657293548169460e-16 8.006607422705192409e-15 4.919659865181009636e-15 -2.187441438770253057e-15 -1.449574843718166505e-14 -2.671486820133358326e-14 -2.722992930429731784e-14 -1.167744270437750137e-14 5.177929851243722970e-14 8.929275914111506674e-14
1.555406092317037675e-14 1.691137467991950706e-14 2.716970623859566840e-14 3.990775861130266348e-14 4.245076539467520090e-14 8.280531211366238708e-14 5.532582828401970963e-14 2.800556056486580425e-14 2.116463077468076849e-14 1.539530190491428116e-14 4.806457378037015964e-16 5.361821291567858474e-15 4.487352521735626694e-15 1.132238965506954817e-14 2.115313854366331215e-14 2.491731724070990508e-14 1.724427184506819321e-14 2.447200677049530568e-14 2.639070818281547334e-14 2.419064840395675496e-14 1.769443884344061669e-15 -1.746398646787528426e-14 -1.838517209098831111e-14 2.536578732521223556e-14 1.072340903641406266e-13 1.434490575481942575e-13
5.043440143554281972e-15 2.098552271496784265e-14 2.071990882350565969e-14 2.572828828191002802e-14 3.443672580620894644e-14 5.532582828401970963e-14 8.891291621565863208e-14 4.988861123194980077e-14 3.590914868052110612e-14 3.343059508488269819e-14 1.407432372490254453e-14 1.996384697556356866e-14 1.599432310291381648e-14 1.896191448837697517e-14 3.154310887424231183e-14 3.525202915967741465e-14 2.983670918145269503e-14 4.235909264828338159e-14 5.686540196321736869e-14 6.455685159901700705e-14 4.123066894839442754e-14 2.022062489130038741e-14 1.536324666267560115e-14 4.228195105585653935e-14 9.735118216688884931e-14 1.858457637869626635e-13
1.439272313615677491e-14 1.797080126799740779e-14 1.564470948712176787e-14 1.080881411133122236e-14 2.098747656751645665e-14 2.800556056486580425e-14 4.988861123194980077e-14 7.979528489662053084e-14 5.487421533264034954e-14 3.700099009612610145e-14 2.476855555701166188e-14 2.702040753588194457e-14 2.322609243443290984e-14 2.515744745685360526e-14 3.521867098802421408e-14 3.691130585684102130e-14 3.067780906614476102e-14 4.338762561683454745e-14 5.576894945682622486e-14 6.043675491991114554e-14 4.603534304258876161e-14 3.064043323294216897e-14 2.917239789901286765e-14 3.271592322955341197e-14 3.406013792251631097e-14 4.938711072289085437e-14
6.588237738620256594e-15 1.428062304779605512e-14 2.013473875705321768e-15 1.616040589085062377e-15 1.881042829800828336e-14 2.116463077468076849e-14 3.590914868052110612e-14 5.487421533264034954e-14 7.069030370974664020e-14 5.096168733467927882e-14 4.229430502484232491e-14 4.155014182850376910e-14 3.538952459688190262e-14 3.183833380445463137e-14 4.084980835174225507e-14 4.365835856322765828e-14 4.061476974713996066e-14 5.135592072461586888e-14 6.007370035075475160e-14 5.912780104936925787e-14 3.906703802524086786e-14 8.950340731697422848e-15 2.110907600209873148e-15 1.021424057839485106e-14 9.992187421460632011e-15 4.793134876794895767e-15
-3.086666533529024141e-16 1.435312950870067970e-14 3.646141495766087523e-16 1.006346601615075651e-15 1.373645908384700655e-14 1.539530190491428116e-14 3.343059508488269819e-14 3.700099009612610145e-14 5.096168733467927882e-14 7.341553503484302092e-14 6.415760415507328313e-14 5.268501985763324488e-14 4.385323341852292957e-14 4.312512186129479783e-14 5.016788457314554478e-14 5.519097798474863352e-14 5.776379657340023133e-14 7.863380925995468844e-14 9.417554253971817494e-14 1.064491103255407312e-13 9.489215613097725509e-14 7.091174120156422893e-14 7.230932285461945943e-14 7.759588568194976238e-14 6.248760110933089938e-14 6.261791641966266605e-14
-1.177827337103742760e-14 7.148272141765230993e-15 -3.075889896476924706e-16 -2.074655804958280339e-15 1.302717599562141446e-14 4.806457378037015964e-16 1.407432372490254453e-14 2.476855555701166188e-14 4.229430502484232491e-14 6.415760415507328313e-14 9.283306008443655236e-14 7.521819028593563988e-14 6.303262569397017566e-14 5.481086773848726807e-14 5.996452011799950354e-14 6.594970112571905475e-14 7.257584335590781459e-14 9.205390053362396340e-14 1.096507754223552177e-13 1.243500612592990623e-13 1.232643216863479334e-13 9.593899957139144457e-14 9.995414932122598792e-14 9.946820480517437151e-14 4.278590002547663500e-14 -3.824537041365310126e-15
-5.474001885778216668e-15 1.280563075556218295e-14 5.585073077414879237e-15 -4.894015330596618508e-15 7.638125477122971577e-15 5.361821291567858474e-15 1.996384697556356866e-14 2.702040753588194457e-14 4.155014182850376910e-14 5.268501985763324488e-14 7.521819028593563988e-14 9.869794986345580239e-14 8.889272456633919999e-14 8.254591415112988659e-14 9.221718714913885464e-14 1.081110289025767420e-13 1.166161865909632240e-13 1.371361821511295961e-13 1.554049283433102925e-13 1.702583176045702168e-13 1.497084233845344136e-13 8.910069620533638641e-14 8.767839282945677056e-14 9.989577321814821802e-14 6.759071346243987730e-14 4.470466952919317044e-15
-4.208388117679415841e-15 6.610717756301917771e-15 8.745794855886213815e-15 -1.413837316518384605e-14 2.460210158206800208e-15 4.487352521735626694e-15 1.599432310291381648e-14 2.322609243443290984e-14 3.538952459688190262e-14 4.385323341852292957e-14 6.303262569397017566e-14 8.889272456633919999e-14 1.269916369204083765e-13 1.302717769284369229e-13 1.385670550566290711e-13 1.485486636590040532e-13 1.595621438556388041e-13 1.874763742820430766e-13 2.079786067746062764e-13 2.306043979497538519e-13 2.170309940260523729e-13 1.483105675696891241e-13 1.480294451480056984e-13 1.507158740504905171e-13 1.247457754567579949e-13 5.106095639303066356e-14
2.688648406480461086e-15 1.238597467973262539e-14 9.023326172040812877e-15 -1.041852698222526446e-14 -2.382988644738640859e-15 1.132238965506954817e-14 1.896191448837697517e-14 2.515744745685360526e-14 3.183833380445463137e-14 4.312512186129479783e-14 5.481086773848726807e-14 8.254591415112988659e-14 1.302717769284369229e-13 1.774643251076672762e-13 1.979599692278560439e-13 2.089518971697572009e-13 2.291872046802625309e-13 2.729619261869950718e-13 3.155157394760173187e-13 3.720550481546632006e-13 3.687002557976683995e-13 2.791156030662616063e-13 2.459858908402239697e-13 2.111904219924697676e-13 1.646039787397572079e-13 7.942807238921213351e-14
1.047993988380823201e-14 2.622105532700536902e-14 1.329235656857336510e-14 -8.395446664478286235e-15 5.188259478709274972e-15 2.115313854366331215e-14 3.154310887424231183e-14 3.521867098802421408e-14 4.084980835174225507e-14 5.016788457314554478e-14 5.996452011799950354e-14 9.221718714913885464e-14 1.385670550566290711e-13 1.979599692278560439e-13 2.815568607552662336e-13 3.143355635742542862e-13 3.434046976074007454e-13 3.974739746452746148e-13 4.550528417629684728e-13 5.172664040291907235e-13 4.923774276893525853e-13 3.576273632443079133e-13 3.079429425712027829e-13 2.802786860672301746e-13 2.360677180878076577e-13 1.537567946589343048e-13
8.311217198820703333e-15 3.366448851232105592e-14 4.322828198368191131e-15 -1.305725596065461909e-14 2.390456252836975425e-15 2.491731724070990508e-14 3.525202915967741465e-14 3.691130585684102130e-14 4.365835856322765828e-14 5.519097798474863352e-14 6.594970112571905475e-14 1.081110289025767420e-13 1.485486636590040532e-13 2.089518971697572009e-13 3.143355635742542862e-13 4.128476005103132671e-13 4.782553615675542654e-13 5.534743209128715491e-13 6.292339016170976728e-13 7.084677010414752146e-13 6.812666563758942967e-13 4.915153499645042899e-13 3.876644825514290445e-13 3.776841488226517155e-13 3.221880228776045295e-13 2.228856280473380934e-13
-1.953006143343881253e-15 2.591686229519307767e-14 -5.688295067862153673e-15 -2.028524179222745401e-14 -9.171657293548169460e-16 1.724427184506819321e-14 2.983670918145269503e-14 3.067780906614476102e-14 4.061476974713996066e-14 5.776379657340023133e-14 7.257584335590781459e-14 1.166161865909632240e-13 1.595621438556388041e-13 2.291872046802625309e-13 3.434046976074007454e-13 4.782553615675542654e-13 6.385585801863328187e-13 7.778105346992944832e-13 9.000894502069485736e-13 1.022370521484110120e-12 1.001295405755617572e-12 7.425270435657525640e-13 5.072403933768232955e-13 4.819169259235726725e-13 4.170785607315271335e-13 3.040700471915427067e-13
-1.863065695969018301e-14 2.890413430882201983e-14 -2.962365185839598204e-15 -1.340317753341817123e-14 8.006607422705192409e-15 2.447200677049530568e-14 4.235909264828338159e-14 4.338762561683454745e-14 5.135592072461586888e-14 7.863380925995468844e-14 9.205390053362396340e-14 1.371361821511295961e-13 1.874763742820430766e-13 2.729619261869950718e-13 3.974739746452746148e-13 5.534743209128715491e-13 7.778105346992944832e-13 1.058413602188572669e-12 1.280698618487685191e-12 1.481022716059563593e-12 1.487373356242929657e-12 1.205899257471992259e-12 8.515090650532683909e-13 8.160644168118179651e-13 7.373867374082338290e-13 5.486695682619857308e-13
-3.783532362610164878e-14 2.607687835516034597e-14 -6.095325349509495395e-15 -9.733119281493501452e-15 4.919659865181009636e-15 2.639070818281547334e-14 5.686540196321736869e-14 5.576894945682622486e-14 6.007370035075475160e-14 9.417554253971817494e-14 1.096507754223552177e-13 1.554049283433102925e-13 2.079786067746062764e-13 3.155157394760173187e-13 4.550528417629684728e-13 6.292339016170976728e-13 9.000894502069485736e-13 1.280698618487685191e-12 1.680254859514420437e-12 2.016646587411136189e-12 2.065627295119383173e-12 1.748614922067279983e-12 1.233389736576804547e-12 1.111736381653095248e-12 9.643966265139247795e-13 7.288201536593866516e-13
-6.225446974278728510e-14 3.794921863597387525e-14 1.529397349743553396e-15 -1.057505024901962308e-14 -2.187441438770253057e-15 2.419064840395675496e-14 6.455685159901700705e-14 6.043675491991114554e-14 5.912780104936925787e-14 1.064491103255407312e-13 1.243500612592990623e-13 1.702583176045702168e-13 2.306043979497538519e-13 3.720550481546632006e-13 5.172664040291907235e-13 7.084677010414752146e-13 1.022370521484110120e-12 1.481022716059563593e-12 2.016646587411136189e-12 2.598427889596812641e-12 2.788053966319337130e-12 2.482554360673513973e-12 1.801208091353626530e-12 1.440369962879376441e-12 1.121059015575337668e-12 7.970097577396668735e-13
-6.002496024354267591e-14 4.790518910738480411e-14 3.666863339159138153e-15 -1.667289590901575477e-14 -1.449574843718166505e-14 1.769443884344061669e-15 4.123066894839442754e-14 4.603534304258876161e-14 3.906703802524086786e-14 9.489215613097725509e-14 1.232643216863479334e-13 1.497084233845344136e-13 2.170309940260523729e-13 3.687002557976683995e-13 4.923774276893525853e-13 6.812666563758942967e-13 1.001295405755617572e-12 1.487373356242929657e-12 2.065627295119383173e-12 2.788053966319337130e-12 3.284326350124213119e-12 3.174422727138045068e-12 2.475788225517298561e-12 1.862513462663988846e-12 1.366414156539681848e-12 9.364527271031043559e-13
-6.789150423095306122e-14 5.309176536935615079e-14 3.027146102447672771e-14 -8.965857484337936425e-15 -2.671486820133358326e-14 -1.746398646787528426e-14 2.022062489130038741e-14 3.064043323294216897e-14 8.950340731697422848e-15 7.091174120156422893e-14 9.593899957139144457e-14 8.910069620533638641e-14 1.483105675696891241e-13 2.791156030662616063e-13 3.576273632443079133e-13 4.915153499645042899e-13 7.425270435657525640e-13 1.205899257471992259e-12 1.748614922067279983e-12 2.482554360673513973e-12 3.174422727138045068e-12 3.584705762176763784e-12 3.223863883736400692e-12 2.509132750999521961e-12 1.811035997444360307e-12 1.340683242536381197e-12
-4.933273106050689702e-14 3.715576896952188015e-14 4.050361193743713046e-14 -1.272236456483369025e-14 -2.722992930429731784e-14 -1.838517209098831111e-14 1.536324666267560115e-14 2.917239789901286765e-14 2.110907600209873148e-15 7.230932285461945943e-14 9.995414932122598792e-14 8.767839282945677056e-14 1.480294451480056984e-13 2.459858908402239697e-13 3.079429425712027829e-13 3.876644825514290445e-13 5.072403933768232955e-13 8.515090650532683909e-13 1.233389736576804547e-12 1.801208091353626530e-12 2.475788225517298561e-12 3.223863883736400692e-12 3.680760587947808134e-12 3.344758451278399853e-12 2.629089287458970601e-12 2.236019506228142637e-12
-1.177931467489858646e-14 2.038473554957873724e-14 3.082792663667512858e-14 -3.095069912338009816e-15 -1.167744270437750137e-14 2.536578732521223556e-14 4.228195105585653935e-14 3.271592322955341197e-14 1.021424057839485106e-14 7.759588568194976238e-14 9.946820480517437151e-14 9.989577321814821802e-14 1.507158740504905171e-13 2.111904219924697676e-13 2.802786860672301746e-13 3.776841488226517155e-13 4.819169259235726725e-13 8.160644168118179651e-13 1.111736381653095248e-12 1.440369962879376441e-12 1.862513462663988846e-12 2.509132750999521961e-12 3.344758451278399853e-12 4.138701641052418685e-12 4.154773555586111534e-12 3.688376367826325018e-12
7.625258661606375589e-14 9.997683637318778729e-14 3.895123394220694503e-14 2.428490205213778571e-14 5.177929851243722970e-14 1.072340903641406266e-13 9.735118216688884931e-14 3.406013792251631097e-14 9.992187421460632011e-15 6.248760110933089938e-14 4.278590002547663500e-14 6.759071346243987730e-14 1.247457754567579949e-13 1.646039787397572079e-13 2.360677180878076577e-13 3.221880228776045295e-13 4.170785607315271335e-13 7.373867374082338290e-13 9.643966265139247795e-13 1.121059015575337668e-12 1.366414156539681848e-12 1.811035997444360307e-12 2.629089287458970601e-12 4.154773555586111534e-12 5.765849550361413159e-12 6.044665453507123951e-12
6.228673043338783794e-14 1.653632738133041321e-13 2.602973279657286137e-14 -1.371273135378153217e-14 8.929275914111506674e-14 1.434490575481942575e-13 1.858457637869626635e-13 4.938711072289085437e-14 4.793134876794895767e-15 6.261791641966266605e-14 -3.824537041365310126e-15 4.470466952919317044e-15 5.106095639303066356e-14 7.942807238921213351e-14 1.537567946589343048e-13 2.228856280473380934e-13 3.040700471915427067e-13 5.486695682619857308e-13 7.288201536593866516e-13 7.970097577396668735e-13 9.364527271031043559e-13 1.340683242536381197e-12 2.236019506228142637e-12 3.688376367826325018e-12 6.044665453507123951e-12 8.833553945485427462e-12
