1.364613677324616906e-08 2.185129439799313440e-09 1.113078150938714210e-09 -1.481521046199960795e-09 -4.452515080244864770e-11 -1.366710855184386584e-10 2.891643742106064051e-10 -2.280445459203090795e-10 2.062677459948551304e-11 1.518694761218032848e-11 1.461004335894950144e-12 -4.505620527331107654e-11 -5.609704536294507054e-12 -6.766152164867305366e-11 -2.049765024838970810e-11 -2.302312646618911551e-11 7.477535466449881320e-11 5.417333917996234515e-11 -3.051179780820415548e-11 -2.797837500570190028e-11
2.185129439799313440e-09 7.846070296242008120e-09 3.751749337726826770e-10 3.039851690598917004e-10 2.138029134831315314e-10 2.714526770528708947e-10 1.132735237788855157e-10 -2.662993041546689834e-10 1.038158687837875634e-11 -1.452206174164938697e-11 2.436003785187184959e-11 1.316459965246230874e-11 -3.748547867609311229e-11 8.658639098056307713e-11 1.601741572513669953e-10 7.044391171331721755e-11 1.222680893261399804e-10 1.029499579657598591e-10 -2.260763216249776353e-11 -2.901217716783159391e-11
1.113078150938714210e-09 3.751749337726826770e-10 4.740982485437468225e-09 2.550264482505324461e-10 -7.350336620900633229e-11 7.787936933069183989e-11 -1.894983166296895890e-10 -9.972207654659358375e-11 -6.701952816873363010e-11 -2.463796047115385050e-11 7.798329135677090001e-11 -3.924091455900974620e-11 -3.843753439711930819e-11 -3.029491382922546636e-11 -1.434679722172951954e-11 -4.866275892790803617e-11 -9.784190068973225244e-12 1.087552173255613119e-11 -1.327474325942009710e-11 6.953979390349059103e-12
-1.481521046199960795e-09 3.039851690598917004e-10 2.550264482505324461e-10 3.189947311001374863e-09 4.164525103238493348e-10 1.399274484769923322e-10 -1.711092985475519088e-10 -7.345871365591780177e-11 4.735670012402465149e-12 -7.213385984074257352e-11 5.244874569544354364e-12 1.056746795898671074e-11 -3.519097749998494488e-11 -3.684855212012464044e-11 5.814750324810768120e-12 2.211608631703774726e-12 -1.729212236131535072e-11 1.221999002077253589e-11 5.887202839464163405e-13 1.461481040465957608e-12
-4.452515080244864770e-11 2.138029134831315314e-10 -7.350336620900633229e-11 4.164525103238493348e-10 2.073552327904510776e-09 1.506970151466627637e-10 7.799991946404961666e-11 3.996661537296129762e-11 2.220689801972218247e-11 4.633435580832381236e-11 -3.557435505555877475e-11 -7.546713718797579310e-11 2.703835437352389811e-11 9.785953253097659902e-12 1.719194785621681730e-11 2.087777551245367764e-11 3.133326459719014576e-11 -1.513656080925464082e-12 -1.799722086417071462e-11 -1.703964196682091990e-11
-1.366710855184386584e-10 2.714526770528708947e-10 7.787936933069183989e-11 1.399274484769923322e-10 1.506970151466627637e-10 1.580254165031032964e-09 -1.711292990366999137e-11 -3.712303591434019189e-11 2.231570542553266738e-11 7.526585240778441479e-11 3.612263030457260607e-11 -1.595165986214481623e-12 5.213628445199583920e-12 2.843158107468322347e-11 3.785970973569138564e-11 3.187348834577595816e-11 7.182258587345167911e-12 1.194445108703352091e-11 3.897494983607541116e-12 -5.004957742951404598e-12
2.891643742106064051e-10 1.132735237788855157e-10 -1.894983166296895890e-10 -1.711092985475519088e-10 7.799991946404961666e-11 -1.711292990366999137e-11 1.026094466949326652e-09 2.036876557018073481e-10 9.263179303432326696e-11 -4.245563824657518997e-11 -3.903307832276675993e-11 1.206269017295331875e-11 -8.951883775701095122e-12 2.620299685616693552e-11 1.557306766712627320e-11 2.454138370014890291e-11 3.419191630635329465e-11 -6.374223975913140499e-12 -1.637654167282520703e-11 2.585824295236239832e-12
-2.280445459203090795e-10 -2.662993041546689834e-10 -9.972207654659358375e-11 -7.345871365591780177e-11 3.996661537296129762e-11 -3.712303591434019189e-11 2.036876557018073481e-10 5.689272197049172150e-10 1.218020219061104247e-10 4.874018381349536829e-11 -6.390896556469473869e-12 -7.480041712938761842e-12 -1.082686162355841473e-11 -4.780158829532733903e-12 9.771099818668932193e-12 2.086572058461970865e-12 -7.498693133659693264e-12 -6.196180390933087299e-12 -1.035878681918418067e-11 -5.827292241937847798e-12
2.062677459948551304e-11 1.038158687837875634e-11 -6.701952816873363010e-11 4.735670012402465149e-12 2.220689801972218247e-11 2.231570542553266738e-11 9.263179303432326696e-11 1.218020219061104247e-10 5.158030203066988516e-10 7.490314859168977801e-11 5.358272934035416716e-11 4.673987929031771821e-11 6.427677863415924723e-12 1.613077943134810403e-11 -4.522770628352082467e-12 8.142577615504877423e-12 1.069504214450845784e-11 -4.822382940637917303e-12 1.489433800850475378e-12 -1.471554791302799512e-11
1.518694761218032848e-11 -1.452206174164938697e-11 -2.463796047115385050e-11 -7.213385984074257352e-11 4.633435580832381236e-11 7.526585240778441479e-11 -4.245563824657518997e-11 4.874018381349536829e-11 7.490314859168977801e-11 3.463994712496220406e-10 2.974689590079294517e-11 -8.589492059553534963e-13 3.002890876354709435e-12 -1.109450578796331095e-12 1.866851940827103081e-11 -1.735341327114284059e-12 -8.611719696126119333e-13 8.187860217769576641e-12 5.421697523140740317e-12 -4.459826495718149632e-12
1.461004335894950144e-12 2.436003785187184959e-11 7.798329135677090001e-11 5.244874569544354364e-12 -3.557435505555877475e-11 3.612263030457260607e-11 -3.903307832276675993e-11 -6.390896556469473869e-12 5.358272934035416716e-11 2.974689590079294517e-11 1.786586217305230899e-10 1.738620933021771243e-11 2.052912143830571561e-11 -3.920824213991325720e-12 7.393786518627373656e-12 -5.162017071483884002e-12 -9.218978589567966430e-12 8.570003986152948000e-12 5.083348003566277534e-12 -2.977631725383212312e-12
-4.505620527331107654e-11 1.316459965246230874e-11 -3.924091455900974620e-11 1.056746795898671074e-11 -7.546713718797579310e-11 -1.595165986214481623e-12 1.206269017295331875e-11 -7.480041712938761842e-12 4.673987929031771821e-11 -8.589492059553534963e-13 1.738620933021771243e-11 1.496829945199244031e-10 4.809115464145655852e-12 2.734168224676701583e-11 1.658870633654871747e-11 -1.764274666862874051e-12 2.440940344006996185e-12 2.297343135714067557e-12 1.904264101935666197e-12 6.200350102689810797e-12
-5.609704536294507054e-12 -3.748547867609311229e-11 -3.843753439711930819e-11 -3.519097749998494488e-11 2.703835437352389811e-11 5.213628445199583920e-12 -8.951883775701095122e-12 -1.082686162355841473e-11 6.427677863415924723e-12 3.002890876354709435e-12 2.052912143830571561e-11 4.809115464145655852e-12 1.188285436199548963e-10 2.320798787281097549e-11 1.073224741667804177e-11 -1.611840842718737218e-12 3.161726982972231811e-12 -5.147475289591997829e-12 -3.990978435479304727e-12 -5.837880604811920966e-12
-6.766152164867305366e-11 8.658639098056307713e-11 -3.029491382922546636e-11 -3.684855212012464044e-11 9.785953253097659902e-12 2.843158107468322347e-11 2.620299685616693552e-11 -4.780158829532733903e-12 1.613077943134810403e-11 -1.109450578796331095e-12 -3.920824213991325720e-12 2.734168224676701583e-11 2.320798787281097549e-11 1.043972072996337493e-10 3.575522705404480699e-11 9.003089496194130162e-12 5.468247055111864875e-12 -5.412428118229885265e-12 2.390988133597502657e-12 -3.572221423839812865e-12
-2.049765024838970810e-11 1.601741572513669953e-10 -1.434679722172951954e-11 5.814750324810768120e-12 1.719194785621681730e-11 3.785970973569138564e-11 1.557306766712627320e-11 9.771099818668932193e-12 -4.522770628352082467e-12 1.866851940827103081e-11 7.393786518627373656e-12 1.658870633654871747e-11 1.073224741667804177e-11 3.575522705404480699e-11 6.979945027257219337e-11 1.682793327000755630e-11 7.956738646373470870e-12 4.498613808022705335e-12 4.272261377748650291e-12 2.349133627380867515e-12
-2.302312646618911551e-11 7.044391171331721755e-11 -4.866275892790803617e-11 2.211608631703774726e-12 2.087777551245367764e-11 3.187348834577595816e-11 2.454138370014890291e-11 2.086572058461970865e-12 8.142577615504877423e-12 -1.735341327114284059e-12 -5.162017071483884002e-12 -1.764274666862874051e-12 -1.611840842718737218e-12 9.003089496194130162e-12 1.682793327000755630e-11 4.406993031420819500e-11 2.078198360020951532e-11 4.883324529103777137e-12 2.495421590005010251e-12 2.455506999196496412e-12
7.477535466449881320e-11 1.222680893261399804e-10 -9.784190068973225244e-12 -1.729212236131535072e-11 3.133326459719014576e-11 7.182258587345167911e-12 3.419191630635329465e-11 -7.498693133659693264e-12 1.069504214450845784e-11 -8.611719696126119333e-13 -9.218978589567966430e-12 2.440940344006996185e-12 3.161726982972231811e-12 5.468247055111864875e-12 7.956738646373470870e-12 2.078198360020951532e-11 3.985279237718938918e-11 1.576197458166680023e-11 3.805058548699758426e-12 1.107391018331180414e-12
5.417333917996234515e-11 1.029499579657598591e-10 1.087552173255613119e-11 1.221999002077253589e-11 -1.513656080925464082e-12 1.194445108703352091e-11 -6.374223975913140499e-12 -6.196180390933087299e-12 -4.822382940637917303e-12 8.187860217769576641e-12 8.570003986152948000e-12 2.297343135714067557e-12 -5.147475289591997829e-12 -5.412428118229885265e-12 4.498613808022705335e-12 4.883324529103777137e-12 1.576197458166680023e-11 2.759046867451629817e-11 8.074098278541282090e-12 2.317942117324313752e-12
-3.051179780820415548e-11 -2.260763216249776353e-11 -1.327474325942009710e-11 5.887202839464163405e-13 -1.799722086417071462e-11 3.897494983607541116e-12 -1.637654167282520703e-11 -1.035878681918418067e-11 1.489433800850475378e-12 5.421697523140740317e-12 5.083348003566277534e-12 1.904264101935666197e-12 -3.990978435479304727e-12 2.390988133597502657e-12 4.272261377748650291e-12 2.495421590005010251e-12 3.805058548699758426e-12 8.074098278541282090e-12 1.959558596218457903e-11 7.293057362425067572e-12
-2.797837500570190028e-11 -2.901217716783159391e-11 6.953979390349059103e-12 1.461481040465957608e-12 -1.703964196682091990e-11 -5.004957742951404598e-12 2.585824295236239832e-12 -5.827292241937847798e-12 -1.471554791302799512e-11 -4.459826495718149632e-12 -2.977631725383212312e-12 6.200350102689810797e-12 -5.837880604811920966e-12 -3.572221423839812865e-12 2.349133627380867515e-12 2.455506999196496412e-12 1.107391018331180414e-12 2.317942117324313752e-12 7.293057362425067572e-12 1.839758182853879326e-11
