1.404934122847515510e-08 1.173117500707089091e-09 2.635909338029876541e-10 5.641205281342923658e-10 -4.440948532763279989e-10 5.217691560320771876e-10 1.161898310861623130e-10 -3.434564156926008221e-11 -2.064162431286151395e-10 -2.903137997690583332e-10 3.009196467210692589e-10 -1.640288612120949862e-10 -4.215142527784833258e-11 8.985784108838269881e-11 3.091131039755876394e-11 1.037032693152654484e-10 -4.668603974333616747e-11 5.738758508954049405e-13 -7.422481362893585372e-11 -1.822743622871020592e-11
1.173117500707089091e-09 1.226848360712248966e-08 4.881733010911197785e-10 -1.515950005438321501e-10 -3.549786334661569921e-10 2.522179783824699025e-10 8.505422842192069119e-11 -5.842257786983240589e-10 -7.147155285980995772e-11 9.897648602327349331e-12 -4.999854944721897812e-12 -1.869486372892066273e-11 2.408180881361353462e-11 -5.394018426094642811e-11 -1.060533305431439748e-10 -1.701401291234079579e-11 3.978298781575844159e-12 -2.727857479666413215e-11 5.199254605563654518e-11 9.114989695157648694e-12
2.635909338029876541e-10 4.881733010911197785e-10 5.797124528684080603e-09 -7.938314349888898479e-10 -5.973181421257537211e-10 -1.842308515154602613e-10 1.408037305228351344e-10 1.184633472533863826e-10 -1.545203336898384694e-10 1.066469914520607022e-11 -1.641850585338500703e-10 -7.636975072676340792e-11 -6.864030945793640141e-11 -1.173855694312221934e-10 1.693170037257432845e-11 3.049574317008331001e-11 1.971820635023249688e-11 -7.720231083522561735e-12 2.782913588393279971e-11 -6.311673089254709855e-12
5.641205281342923658e-10 -1.515950005438321501e-10 -7.938314349888898479e-10 3.894920343525520588e-09 3.591622099625841392e-10 2.834703266396376216e-10 -1.762062398045832645e-10 -9.738601449690864099e-11 2.442886179214796809e-10 -1.094869433463346685e-10 8.658671141055204896e-11 6.137130426177921233e-11 6.608862165773316827e-11 5.309102825736911783e-11 5.703248600550137264e-12 -8.676855218212570207e-12 -7.322528983340398012e-12 -9.101079135456935919e-12 -4.732792330424006282e-11 -3.976383848663661717e-12
-4.440948532763279989e-10 -3.549786334661569921e-10 -5.973181421257537211e-10 3.591622099625841392e-10 2.641449931633925016e-09 2.908348981105131804e-10 6.321026570771645992e-11 7.279780478033620695e-11 -6.549248754406988520e-11 -1.494457684682836933e-10 2.098588700467977496e-11 -2.382697793075309562e-11 -4.155439392358734722e-11 -7.030514264647388876e-12 -4.057300673944050709e-12 -1.324123280530580798e-11 -1.386225304952462759e-11 -1.393122298335463222e-11 1.878158222481342756e-13 -1.674920432987433042e-12
5.217691560320771876e-10 2.522179783824699025e-10 -1.842308515154602613e-10 2.834703266396376216e-10 2.908348981105131804e-10 1.685782951278258799e-09 2.557883336532697567e-10 -4.053536911165718683e-11 4.891729309906189200e-12 -1.546288228652424159e-10 3.230957365259985503e-11 2.218284824149600405e-11 3.655410595954195419e-11 2.749417519314098276e-11 2.531743795448135642e-11 -2.921437852688306790e-12 -5.064617622198555475e-12 -1.009217396698279069e-11 -8.792670139478593420e-12 4.118995901587879587e-12
1.161898310861623130e-10 8.505422842192069119e-11 1.408037305228351344e-10 -1.762062398045832645e-10 6.321026570771645992e-11 2.557883336532697567e-10 1.371227190772980971e-09 9.432946074484214704e-11 3.981379922063026272e-12 -1.343371767475239886e-11 -1.126621441038048906e-11 -1.537327309649286099e-11 -5.590804055750621054e-11 4.029039491552272672e-12 6.894535967766688763e-12 3.508080385402266366e-11 -1.086462329574096506e-11 -4.049908834855112703e-13 3.299319099305201008e-12 2.845254752262488956e-12
-3.434564156926008221e-11 -5.842257786983240589e-10 1.184633472533863826e-10 -9.738601449690864099e-11 7.279780478033620695e-11 -4.053536911165718683e-11 9.432946074484214704e-11 8.372976417213633986e-10 -3.407846764206856511e-11 5.516375519216469610e-11 7.066231381642757696e-11 1.624114588620809390e-11 -8.207177041349180855e-12 4.788431343718854340e-11 3.265619471237188587e-11 2.656690586045337944e-11 1.773307973633317214e-11 1.287441173138971462e-11 1.828605324364116564e-11 -6.396927056714139608e-12
-2.064162431286151395e-10 -7.147155285980995772e-11 -1.545203336898384694e-10 2.442886179214796809e-10 -6.549248754406988520e-11 4.891729309906189200e-12 3.981379922063026272e-12 -3.407846764206856511e-11 5.824488532904163593e-10 -3.682081547940064127e-11 4.172895714318153235e-11 4.329898127246930804e-11 3.930723216072909270e-11 2.474585901121148886e-11 1.216226012916506278e-11 -4.262772898651836641e-12 1.418657250459495966e-11 -8.176397323728264584e-12 -1.526197218823695320e-12 -1.558778877380107103e-12
-2.903137997690583332e-10 9.897648602327349331e-12 1.066469914520607022e-11 -1.094869433463346685e-10 -1.494457684682836933e-10 -1.546288228652424159e-10 -1.343371767475239886e-11 5.516375519216469610e-11 -3.682081547940064127e-11 3.170671768257697479e-10 2.557932905851238894e-11 1.991162867979577800e-12 1.629277605790055159e-11 -5.185239814199608287e-12 -2.363556951827978211e-12 -1.204249360170189298e-11 -5.566314612816586188e-12 8.092935951140571933e-12 1.029601149432531878e-11 -1.977430992678605171e-12
3.009196467210692589e-10 -4.999854944721897812e-12 -1.641850585338500703e-10 8.658671141055204896e-11 2.098588700467977496e-11 3.230957365259985503e-11 -1.126621441038048906e-11 7.066231381642757696e-11 4.172895714318153235e-11 2.557932905851238894e-11 2.476586328374586802e-10 2.830228444448044732e-11 1.437591220374122839e-11 2.328005279200940696e-11 7.389472177979182721e-12 4.523032560452575138e-12 -3.574403002090167381e-12 -1.217137120342174726e-11 -4.527555171592068572e-12 2.945444478962277708e-12
-1.640288612120949862e-10 -1.869486372892066273e-11 -7.636975072676340792e-11 6.137130426177921233e-11 -2.382697793075309562e-11 2.218284824149600405e-11 -1.537327309649286099e-11 1.624114588620809390e-11 4.329898127246930804e-11 1.991162867979577800e-12 2.830228444448044732e-11 1.370235227873604865e-10 5.260202584251211169e-11 3.469359669034921637e-11 9.752266167059530417e-12 -1.277068222170821732e-11 -8.023445766180128246e-12 1.919950229065537621e-12 2.206464505225965999e-12 5.761943812065266669e-12
-4.215142527784833258e-11 2.408180881361353462e-11 -6.864030945793640141e-11 6.608862165773316827e-11 -4.155439392358734722e-11 3.655410595954195419e-11 -5.590804055750621054e-11 -8.207177041349180855e-12 3.930723216072909270e-11 1.629277605790055159e-11 1.437591220374122839e-11 5.260202584251211169e-11 1.567554162556286397e-10 4.982296653813557129e-11 1.669529569117906843e-11 4.357154670554355502e-12 1.819491196073975682e-12 9.538840510130210816e-13 7.708686643287424107e-12 8.773049593795431553e-12
8.985784108838269881e-11 -5.394018426094642811e-11 -1.173855694312221934e-10 5.309102825736911783e-11 -7.030514264647388876e-12 2.749417519314098276e-11 4.029039491552272672e-12 4.788431343718854340e-11 2.474585901121148886e-11 -5.185239814199608287e-12 2.328005279200940696e-11 3.469359669034921637e-11 4.982296653813557129e-11 8.884225776037742007e-11 3.266588729056945876e-11 3.016505298333891993e-12 -6.416127740788540487e-12 -5.180501117177208586e-12 -1.774282428156282325e-14 2.493455160584267669e-12
3.091131039755876394e-11 -1.060533305431439748e-10 1.693170037257432845e-11 5.703248600550137264e-12 -4.057300673944050709e-12 2.531743795448135642e-11 6.894535967766688763e-12 3.265619471237188587e-11 1.216226012916506278e-11 -2.363556951827978211e-12 7.389472177979182721e-12 9.752266167059530417e-12 1.669529569117906843e-11 3.266588729056945876e-11 7.697665348530920686e-11 2.152091178910349492e-11 5.110555294862376872e-12 9.406252647343429639e-13 7.068653755491838606e-13 9.811817459785084418e-13
1.037032693152654484e-10 -1.701401291234079579e-11 3.049574317008331001e-11 -8.676855218212570207e-12 -1.324123280530580798e-11 -2.921437852688306790e-12 3.508080385402266366e-11 2.656690586045337944e-11 -4.262772898651836641e-12 -1.204249360170189298e-11 4.523032560452575138e-12 -1.277068222170821732e-11 4.357154670554355502e-12 3.016505298333891993e-12 2.152091178910349492e-11 4.928354898194229522e-11 1.760902214396552725e-11 8.632126855642791973e-12 1.355300132625927875e-12 2.016692364973096470e-12
-4.668603974333616747e-11 3.978298781575844159e-12 1.971820635023249688e-11 -7.322528983340398012e-12 -1.386225304952462759e-11 -5.064617622198555475e-12 -1.086462329574096506e-11 1.773307973633317214e-11 1.418657250459495966e-11 -5.566314612816586188e-12 -3.574403002090167381e-12 -8.023445766180128246e-12 1.819491196073975682e-12 -6.416127740788540487e-12 5.110555294862376872e-12 1.760902214396552725e-11 4.179732396775617029e-11 1.207284118167456999e-11 9.728037569258552323e-13 1.410341361085310930e-12
5.738758508954049405e-13 -2.727857479666413215e-11 -7.720231083522561735e-12 -9.101079135456935919e-12 -1.393122298335463222e-11 -1.009217396698279069e-11 -4.049908834855112703e-13 1.287441173138971462e-11 -8.176397323728264584e-12 8.092935951140571933e-12 -1.217137120342174726e-11 1.919950229065537621e-12 9.538840510130210816e-13 -5.180501117177208586e-12 9.406252647343429639e-13 8.632126855642791973e-12 1.207284118167456999e-11 2.460914744701442098e-11 7.608594969195682567e-12 1.659738973776547537e-12
-7.422481362893585372e-11 5.199254605563654518e-11 2.782913588393279971e-11 -4.732792330424006282e-11 1.878158222481342756e-13 -8.792670139478593420e-12 3.299319099305201008e-12 1.828605324364116564e-11 -1.526197218823695320e-12 1.029601149432531878e-11 -4.527555171592068572e-12 2.206464505225965999e-12 7.708686643287424107e-12 -1.774282428156282325e-14 7.068653755491838606e-13 1.355300132625927875e-12 9.728037569258552323e-13 7.608594969195682567e-12 1.989737954037334142e-11 4.186665829354440288e-12
-1.822743622871020592e-11 9.114989695157648694e-12 -6.311673089254709855e-12 -3.976383848663661717e-12 -1.674920432987433042e-12 4.118995901587879587e-12 2.845254752262488956e-12 -6.396927056714139608e-12 -1.558778877380107103e-12 -1.977430992678605171e-12 2.945444478962277708e-12 5.761943812065266669e-12 8.773049593795431553e-12 2.493455160584267669e-12 9.811817459785084418e-13 2.016692364973096470e-12 1.410341361085310930e-12 1.659738973776547537e-12 4.186665829354440288e-12 1.371913807391992804e-11
