3.146975301355617454e-12 6.889873750686565713e-13 -8.898469643324501246e-14 1.993841114477629810e-13 9.639588025438081593e-14 9.510796474800480048e-14 -1.750371275025158803e-13 2.571353759162480474e-14 1.223707897727888331e-13 5.292517729128406713e-14 1.107441291341069327e-13 -4.672526612575999765e-14 -4.164821711061958266e-14 1.589311137524880176e-14 2.653386419107062471e-14 7.478133711400490655e-14 1.075150241600841797e-13 1.238289218524746230e-13 1.518443625303371734e-13 9.286026390583205620e-14
6.889873750686565713e-13 2.512975327511495418e-12 3.446580930547595195e-13 1.766300735218769841e-13 1.051714995927937648e-13 5.545505173592413456e-14 1.945490444708791744e-14 2.124545514552268463e-14 3.010244192717013481e-14 6.095033600260402140e-14 3.742768794581935210e-14 -2.768339948144977986e-14 -9.365143619221800453e-14 -1.850905590178167489e-14 -3.642864148671383815e-14 -3.874737721924585630e-14 4.933383076580090707e-15 3.736259661851844423e-14 -4.692856857741267261e-15 -3.079565874430576157e-14
-8.898469643324501246e-14 3.446580930547595195e-13 1.891627558030175165e-12 2.768493418067301955e-13 1.937706823939849870e-13 1.649985595058389603e-13 5.116316899313553795e-14 -5.107355925147133772e-14 -5.139824636618785097e-14 -3.422174236974526594e-14 -1.268824187943523535e-13 -1.106690062314560676e-13 -9.295736386385169264e-14 -5.184977732671602439e-14 -5.346384811675745505e-14 -4.575502324719494033e-14 -4.689162246729882277e-14 -7.288971060662951209e-15 7.988654879294300873e-15 3.459677328818587641e-15
1.993841114477629810e-13 1.766300735218769841e-13 2.768493418067301955e-13 1.153773324522758934e-12 2.764897237231702962e-13 1.861859345582579802e-13 2.081627551403871216e-14 2.215884249888069208e-14 6.979642761114572351e-14 -6.958746980895967186e-15 -5.388100336765501381e-14 -6.752337584991885646e-14 1.024951403762197849e-16 -7.612433434260941993e-14 -3.335472333280874671e-14 3.133598910656118489e-14 3.867082653491455485e-14 1.714048832621096113e-14 8.666775136074275591e-15 -2.863950550560300117e-15
9.639588025438081593e-14 1.051714995927937648e-13 1.937706823939849870e-13 2.764897237231702962e-13 7.710025719370436116e-13 1.796393861054763090e-13 4.456324737922471438e-14 -1.632503859508429390e-14 1.013045938887868701e-13 6.493652577693214170e-14 3.397476688391209951e-14 -9.406617377700419458e-16 1.214933427502094087e-14 1.775008582534237631e-15 4.782900223642910392e-15 3.008724313426222534e-14 3.663003058806499365e-14 3.943973245413646747e-14 3.546267391454814375e-14 2.171128253527852784e-14
9.510796474800480048e-14 5.545505173592413456e-14 1.649985595058389603e-13 1.861859345582579802e-13 1.796393861054763090e-13 5.812319044696730900e-13 2.040984052845404997e-13 1.017956144765177785e-13 5.591830380538145684e-14 4.485798294645501955e-14 3.714926011294900866e-14 8.382435384598303183e-15 -1.594676062374416134e-14 1.047069989939189498e-16 4.868208812272399521e-15 4.515921752544422163e-14 3.787705614927073292e-14 3.153936425116109894e-14 1.226410590027215106e-14 1.788415336946860624e-15
-1.750371275025158803e-13 1.945490444708791744e-14 5.116316899313553795e-14 2.081627551403871216e-14 4.456324737922471438e-14 2.040984052845404997e-13 4.537046203724253245e-13 1.449839288086592226e-13 7.847431519151511151e-14 6.182855415049918179e-14 2.958142929523876697e-14 1.209980732885976642e-14 -1.867243717441456332e-15 2.021981766718388735e-14 2.603039087327291879e-15 4.666572379562866912e-15 3.575955193042774473e-15 1.570078706093188357e-15 -6.137664303715176366e-15 1.404399593864703508e-15
2.571353759162480474e-14 2.124545514552268463e-14 -5.107355925147133772e-14 2.215884249888069208e-14 -1.632503859508429390e-14 1.017956144765177785e-13 1.449839288086592226e-13 3.086342765189710980e-13 1.213890093635880321e-13 9.048405332433487797e-14 7.579781578282942466e-14 4.271238492835612112e-14 2.265755306091430890e-14 2.978630556702863810e-14 9.049597876346262679e-15 6.215194441806672038e-15 2.582408731563704463e-15 3.285961541931751513e-15 -1.090127512980997169e-14 -1.988930295313550302e-14
1.223707897727888331e-13 3.010244192717013481e-14 -5.139824636618785097e-14 6.979642761114572351e-14 1.013045938887868701e-13 5.591830380538145684e-14 7.847431519151511151e-14 1.213890093635880321e-13 3.323540937525435732e-13 1.469641450644485138e-13 1.319806559301988781e-13 4.722033956498926294e-14 1.593056296571428211e-14 1.322750148031329236e-14 -5.704561637406734404e-15 -1.014967727604522195e-14 -1.228232970303843286e-14 -2.122598972646419216e-14 -1.902488012537866428e-14 -1.980958701399039594e-14
5.292517729128406713e-14 6.095033600260402140e-14 -3.422174236974526594e-14 -6.958746980895967186e-15 6.493652577693214170e-14 4.485798294645501955e-14 6.182855415049918179e-14 9.048405332433487797e-14 1.469641450644485138e-13 2.409756370660846029e-13 1.653543416528900042e-13 7.656492510892941712e-14 3.107731307707942507e-14 1.836558263326331251e-14 9.101354430866367535e-15 -1.337439216046758348e-14 -9.251636311734869673e-16 -8.653336047532640534e-15 -9.701563910268794789e-15 -7.200738714007703474e-15
1.107441291341069327e-13 3.742768794581935210e-14 -1.268824187943523535e-13 -5.388100336765501381e-14 3.397476688391209951e-14 3.714926011294900866e-14 2.958142929523876697e-14 7.579781578282942466e-14 1.319806559301988781e-13 1.653543416528900042e-13 2.411059332241933993e-13 1.173999923746098097e-13 5.600916278691607159e-14 4.171722646880379686e-14 1.915050373517026221e-14 -4.866392560841650009e-15 -6.464664267364638800e-16 3.888802902402277758e-15 -4.394043400074436998e-15 -2.837434487831164617e-15
-4.672526612575999765e-14 -2.768339948144977986e-14 -1.106690062314560676e-13 -6.752337584991885646e-14 -9.406617377700419458e-16 8.382435384598303183e-15 1.209980732885976642e-14 4.271238492835612112e-14 4.722033956498926294e-14 7.656492510892941712e-14 1.173999923746098097e-13 1.475849125628578977e-13 7.587682897265420356e-14 5.080664729659097333e-14 3.299186300579121633e-14 9.196320941943804685e-15 9.744180159853307839e-15 1.665819581018284529e-14 1.481133832185985604e-15 -6.043252615938799755e-15
-4.164821711061958266e-14 -9.365143619221800453e-14 -9.295736386385169264e-14 1.024951403762197849e-16 1.214933427502094087e-14 -1.594676062374416134e-14 -1.867243717441456332e-15 2.265755306091430890e-14 1.593056296571428211e-14 3.107731307707942507e-14 5.600916278691607159e-14 7.587682897265420356e-14 1.260063684374103794e-13 8.227683449614102128e-14 5.965174600311120881e-14 3.110014474159138218e-14 2.270111577880321433e-14 2.823999668405320714e-14 1.753491297554627222e-14 4.322313641421536774e-15
1.589311137524880176e-14 -1.850905590178167489e-14 -5.184977732671602439e-14 -7.612433434260941993e-14 1.775008582534237631e-15 1.047069989939189498e-16 2.021981766718388735e-14 2.978630556702863810e-14 1.322750148031329236e-14 1.836558263326331251e-14 4.171722646880379686e-14 5.080664729659097333e-14 8.227683449614102128e-14 1.246774461609331002e-13 8.892362225017000025e-14 5.449547240832143727e-14 3.836203339046108137e-14 3.371617583604005186e-14 2.559677889085362360e-14 2.528810307755400374e-14
2.653386419107062471e-14 -3.642864148671383815e-14 -5.346384811675745505e-14 -3.335472333280874671e-14 4.782900223642910392e-15 4.868208812272399521e-15 2.603039087327291879e-15 9.049597876346262679e-15 -5.704561637406734404e-15 9.101354430866367535e-15 1.915050373517026221e-14 3.299186300579121633e-14 5.965174600311120881e-14 8.892362225017000025e-14 1.137669653290048927e-13 8.644322081487882185e-14 6.028564633532108218e-14 5.022669566760106871e-14 4.173268774129785420e-14 3.632307845362881976e-14
7.478133711400490655e-14 -3.874737721924585630e-14 -4.575502324719494033e-14 3.133598910656118489e-14 3.008724313426222534e-14 4.515921752544422163e-14 4.666572379562866912e-15 6.215194441806672038e-15 -1.014967727604522195e-14 -1.337439216046758348e-14 -4.866392560841650009e-15 9.196320941943804685e-15 3.110014474159138218e-14 5.449547240832143727e-14 8.644322081487882185e-14 1.310622064994993723e-13 1.065678507390063502e-13 8.549395774777404846e-14 7.071432702661568059e-14 5.270257048493606983e-14
1.075150241600841797e-13 4.933383076580090707e-15 -4.689162246729882277e-14 3.867082653491455485e-14 3.663003058806499365e-14 3.787705614927073292e-14 3.575955193042774473e-15 2.582408731563704463e-15 -1.228232970303843286e-14 -9.251636311734869673e-16 -6.464664267364638800e-16 9.744180159853307839e-15 2.270111577880321433e-14 3.836203339046108137e-14 6.028564633532108218e-14 1.065678507390063502e-13 1.426104047976079597e-13 1.211007222117108978e-13 9.710819902475323552e-14 8.514459486762025756e-14
1.238289218524746230e-13 3.736259661851844423e-14 -7.288971060662951209e-15 1.714048832621096113e-14 3.943973245413646747e-14 3.153936425116109894e-14 1.570078706093188357e-15 3.285961541931751513e-15 -2.122598972646419216e-14 -8.653336047532640534e-15 3.888802902402277758e-15 1.665819581018284529e-14 2.823999668405320714e-14 3.371617583604005186e-14 5.022669566760106871e-14 8.549395774777404846e-14 1.211007222117108978e-13 1.632176156809422259e-13 1.434512221998710539e-13 1.227771386676356333e-13
1.518443625303371734e-13 -4.692856857741267261e-15 7.988654879294300873e-15 8.666775136074275591e-15 3.546267391454814375e-14 1.226410590027215106e-14 -6.137664303715176366e-15 -1.090127512980997169e-14 -1.902488012537866428e-14 -9.701563910268794789e-15 -4.394043400074436998e-15 1.481133832185985604e-15 1.753491297554627222e-14 2.559677889085362360e-14 4.173268774129785420e-14 7.071432702661568059e-14 9.710819902475323552e-14 1.434512221998710539e-13 1.938023460983386294e-13 1.789306666380010084e-13
9.286026390583205620e-14 -3.079565874430576157e-14 3.459677328818587641e-15 -2.863950550560300117e-15 2.171128253527852784e-14 1.788415336946860624e-15 1.404399593864703508e-15 -1.988930295313550302e-14 -1.980958701399039594e-14 -7.200738714007703474e-15 -2.837434487831164617e-15 -6.043252615938799755e-15 4.322313641421536774e-15 2.528810307755400374e-14 3.632307845362881976e-14 5.270257048493606983e-14 8.514459486762025756e-14 1.227771386676356333e-13 1.789306666380010084e-13 2.392594948760547336e-13
