1.267245387798890259e-06 1.088132375361104786e-06 1.020717031664872874e-06 9.641355289801180560e-07 9.060893433472446325e-07 8.322261197663786142e-07 7.902462830887341543e-07 7.499568361948439788e-07 7.045077732495047992e-07 6.544238810814070156e-07 6.079508800679054174e-07 5.732771791284168582e-07 5.403327202564856414e-07 5.099996263931345737e-07 4.522872781193354623e-07 3.833989348480282140e-07 3.238548681306568519e-07 2.696730767577683734e-07 2.178786866973373844e-07 1.872449571869224463e-07
1.088132375361104786e-06 1.117496002546274415e-06 9.914219055972076682e-07 9.119075030762126489e-07 8.587938125727613894e-07 7.953705122278333461e-07 7.547342953833715044e-07 7.155801866546050535e-07 6.793083277966157782e-07 6.335082840271165242e-07 5.879029967052248938e-07 5.503744614306732206e-07 5.235203907387669998e-07 4.980078027105591755e-07 4.410014979984712902e-07 3.753282169438621542e-07 3.116445809597836676e-07 2.617538194987388833e-07 2.067116010552999888e-07 1.817641027552844940e-07
1.020717031664872874e-06 9.914219055972076682e-07 9.813626423154251659e-07 8.892966163963663238e-07 8.318014752978191938e-07 7.701368552594823093e-07 7.308276636847863601e-07 6.947834913165915237e-07 6.536953319236507709e-07 6.102151383807451871e-07 5.647777599614143467e-07 5.307414460223192694e-07 5.095350996881272417e-07 4.818714700009692688e-07 4.276820477186402121e-07 3.639502558201904187e-07 3.064093182416436931e-07 2.630474708908614996e-07 2.124875900683076601e-07 1.762504272100694322e-07
9.641355289801180560e-07 9.119075030762126489e-07 8.892966163963663238e-07 8.723184394794650849e-07 7.950188902596540637e-07 7.373495454095976698e-07 7.026131846751808931e-07 6.716745993492685686e-07 6.346225173497083248e-07 5.939409200765242772e-07 5.539592021061475574e-07 5.216183485691682071e-07 4.960718146313974538e-07 4.702387047475329576e-07 4.221103492327948903e-07 3.645748711087925171e-07 3.155440354435070907e-07 2.783878704571641653e-07 2.441803151957805861e-07 2.223917146326970224e-07
9.060893433472446325e-07 8.587938125727613894e-07 8.318014752978191938e-07 7.950188902596540637e-07 7.737979121313446908e-07 7.089775633475845629e-07 6.745505820629330214e-07 6.417404773793536690e-07 6.033891275643009346e-07 5.671123641878232031e-07 5.313973579188448787e-07 5.011166754166444809e-07 4.752415734120206493e-07 4.498555356279018005e-07 4.017110268838673178e-07 3.462156862236480454e-07 2.954990300868564467e-07 2.561654078210975514e-07 2.148137302940802642e-07 1.886759127445879253e-07
8.322261197663786142e-07 7.953705122278333461e-07 7.701368552594823093e-07 7.373495454095976698e-07 7.089775633475845629e-07 6.829459628349796957e-07 6.446065347705205935e-07 6.164123004190541757e-07 5.804035448730383681e-07 5.458775190752135760e-07 5.100518792234695572e-07 4.789204036045085506e-07 4.537680901755623744e-07 4.275415102429448787e-07 3.799098191835205907e-07 3.281970705463670616e-07 2.813014889213285452e-07 2.439686402249678448e-07 2.060920741657700856e-07 1.848174205239864344e-07
7.902462830887341543e-07 7.547342953833715044e-07 7.308276636847863601e-07 7.026131846751808931e-07 6.745505820629330214e-07 6.446065347705205935e-07 6.285931840046466657e-07 5.982403739006065820e-07 5.652456605133455241e-07 5.335896209821678427e-07 5.012161266959048127e-07 4.712972732478854088e-07 4.467181343153282640e-07 4.212191323528900563e-07 3.742487993556538255e-07 3.240875078968402796e-07 2.790914471936226272e-07 2.438700647840864282e-07 2.089414675978909556e-07 1.911569372829540879e-07
7.499568361948439788e-07 7.155801866546050535e-07 6.947834913165915237e-07 6.716745993492685686e-07 6.417404773793536690e-07 6.164123004190541757e-07 5.982403739006065820e-07 5.904007287636636101e-07 5.588633906592087164e-07 5.289887120766774065e-07 4.983022364926956859e-07 4.708015388339059228e-07 4.491383588786639465e-07 4.264638967486497723e-07 3.832240617552013150e-07 3.396116609912819118e-07 3.007260522076129559e-07 2.720236764011262334e-07 2.439596292132351972e-07 2.293568146422015546e-07
7.045077732495047992e-07 6.793083277966157782e-07 6.536953319236507709e-07 6.346225173497083248e-07 6.033891275643009346e-07 5.804035448730383681e-07 5.652456605133455241e-07 5.588633906592087164e-07 5.433137320209300760e-07 5.142628236131720445e-07 4.857659172385669357e-07 4.595536437520485144e-07 4.407007355298144382e-07 4.201209248279320856e-07 3.804114868636954025e-07 3.389767922679376359e-07 3.029394188467264185e-07 2.751138775628808838e-07 2.469980785717430482e-07 2.328232434005290858e-07
6.544238810814070156e-07 6.335082840271165242e-07 6.102151383807451871e-07 5.939409200765242772e-07 5.671123641878232031e-07 5.458775190752135760e-07 5.335896209821678427e-07 5.289887120766774065e-07 5.142628236131720445e-07 4.998798193375155562e-07 4.717886577331153969e-07 4.475214841427135733e-07 4.304664011118362318e-07 4.116068904249224548e-07 3.725956435098635007e-07 3.330102070567441651e-07 3.007394417809424228e-07 2.761813587962511829e-07 2.474980962519759315e-07 2.344219818854970743e-07
6.079508800679054174e-07 5.879029967052248938e-07 5.647777599614143467e-07 5.539592021061475574e-07 5.313973579188448787e-07 5.100518792234695572e-07 5.012161266959048127e-07 4.983022364926956859e-07 4.857659172385669357e-07 4.717886577331153969e-07 4.586677667141118384e-07 4.384057241875869536e-07 4.233820443555649228e-07 4.075706854295320878e-07 3.721194345982214505e-07 3.345817983396399688e-07 3.063060810879292919e-07 2.875174759506995847e-07 2.662337270311589433e-07 2.588925596661094387e-07
5.732771791284168582e-07 5.503744614306732206e-07 5.307414460223192694e-07 5.216183485691682071e-07 5.011166754166444809e-07 4.789204036045085506e-07 4.712972732478854088e-07 4.708015388339059228e-07 4.595536437520485144e-07 4.475214841427135733e-07 4.384057241875869536e-07 4.329100193455684712e-07 4.231035140514923624e-07 4.115010774322131078e-07 3.783459919795398821e-07 3.439358234015014355e-07 3.186432340826771705e-07 3.029601354465110038e-07 2.855873547937491637e-07 2.790909477653163838e-07
5.403327202564856414e-07 5.235203907387669998e-07 5.095350996881272417e-07 4.960718146313974538e-07 4.752415734120206493e-07 4.537680901755623744e-07 4.467181343153282640e-07 4.491383588786639465e-07 4.407007355298144382e-07 4.304664011118362318e-07 4.233820443555649228e-07 4.231035140514923624e-07 4.270573262802252882e-07 4.229117694910711938e-07 3.938172609596747523e-07 3.633275426583033018e-07 3.421109326938494510e-07 3.304160356970983020e-07 3.146143869696300191e-07 3.072029014112845631e-07
5.099996263931345737e-07 4.980078027105591755e-07 4.818714700009692688e-07 4.702387047475329576e-07 4.498555356279018005e-07 4.275415102429448787e-07 4.212191323528900563e-07 4.264638967486497723e-07 4.201209248279320856e-07 4.116068904249224548e-07 4.075706854295320878e-07 4.115010774322131078e-07 4.229117694910711938e-07 4.377255812356274138e-07 4.199525076394546462e-07 3.966414577184471268e-07 3.825920573154996928e-07 3.753049073018308120e-07 3.609727977996478767e-07 3.517247949020125341e-07
4.522872781193354623e-07 4.410014979984712902e-07 4.276820477186402121e-07 4.221103492327948903e-07 4.017110268838673178e-07 3.799098191835205907e-07 3.742487993556538255e-07 3.832240617552013150e-07 3.804114868636954025e-07 3.725956435098635007e-07 3.721194345982214505e-07 3.783459919795398821e-07 3.938172609596747523e-07 4.199525076394546462e-07 4.295656474692469221e-07 4.239864191746959994e-07 4.213039274637719246e-07 4.206111592098987095e-07 4.100440412045535123e-07 4.022120399445866693e-07
3.833989348480282140e-07 3.753282169438621542e-07 3.639502558201904187e-07 3.645748711087925171e-07 3.462156862236480454e-07 3.281970705463670616e-07 3.240875078968402796e-07 3.396116609912819118e-07 3.389767922679376359e-07 3.330102070567441651e-07 3.345817983396399688e-07 3.439358234015014355e-07 3.633275426583033018e-07 3.966414577184471268e-07 4.239864191746959994e-07 4.496614555841160926e-07 4.671841128823866920e-07 4.751255409670508599e-07 4.706718254442449263e-07 4.651910406951599522e-07
3.238548681306568519e-07 3.116445809597836676e-07 3.064093182416436931e-07 3.155440354435070907e-07 2.954990300868564467e-07 2.813014889213285452e-07 2.790914471936226272e-07 3.007260522076129559e-07 3.029394188467264185e-07 3.007394417809424228e-07 3.063060810879292919e-07 3.186432340826771705e-07 3.421109326938494510e-07 3.825920573154996928e-07 4.213039274637719246e-07 4.671841128823866920e-07 5.204200584339940026e-07 5.506625288170949854e-07 5.567710893856876200e-07 5.548703098812031571e-07
2.696730767577683734e-07 2.617538194987388833e-07 2.630474708908614996e-07 2.783878704571641653e-07 2.561654078210975514e-07 2.439686402249678448e-07 2.438700647840864282e-07 2.720236764011262334e-07 2.751138775628808838e-07 2.761813587962511829e-07 2.875174759506995847e-07 3.029601354465110038e-07 3.304160356970983020e-07 3.753049073018308120e-07 4.206111592098987095e-07 4.751255409670508599e-07 5.506625288170949854e-07 6.137553713137839392e-07 6.404890537977892500e-07 6.482005539700193668e-07
2.178786866973373844e-07 2.067116010552999888e-07 2.124875900683076601e-07 2.441803151957805861e-07 2.148137302940802642e-07 2.060920741657700856e-07 2.089414675978909556e-07 2.439596292132351972e-07 2.469980785717430482e-07 2.474980962519759315e-07 2.662337270311589433e-07 2.855873547937491637e-07 3.146143869696300191e-07 3.609727977996478767e-07 4.100440412045535123e-07 4.706718254442449263e-07 5.567710893856876200e-07 6.404890537977892500e-07 7.050386491497027387e-07 7.372190461875093380e-07
1.872449571869224463e-07 1.817641027552844940e-07 1.762504272100694322e-07 2.223917146326970224e-07 1.886759127445879253e-07 1.848174205239864344e-07 1.911569372829540879e-07 2.293568146422015546e-07 2.328232434005290858e-07 2.344219818854970743e-07 2.588925596661094387e-07 2.790909477653163838e-07 3.072029014112845631e-07 3.517247949020125341e-07 4.022120399445866693e-07 4.651910406951599522e-07 5.548703098812031571e-07 6.482005539700193668e-07 7.372190461875093380e-07 8.118326262726848742e-07
