9.584523302769749178e-12 4.382104859446896612e-12 3.038474599007648127e-12 1.628876750738523617e-12 2.056597774649290636e-12 1.546014680366275523e-12 3.827409809294846821e-13 1.086254506573084628e-12 1.136000216858432750e-12 5.834603853607962710e-13 3.538535508336639448e-13 1.763860655204654483e-13 -3.569821420796561603e-13 -9.034146840456985729e-13 -1.960248722211114393e-13 3.513481672764796373e-13 2.552163444850695850e-13 7.343439878842084902e-13 6.926776241871912216e-13 4.392433911889572850e-13
4.382104859446896612e-12 8.082514138249322666e-12 5.338145765162807287e-12 2.507558247593810025e-12 1.715262321844070525e-12 1.479667578460312495e-12 3.962770106308249032e-13 7.246774066795653481e-13 1.151589058913651227e-12 4.556431994399643887e-13 1.206463655310357035e-13 -5.153234608135847677e-13 -2.156025048312792700e-13 -9.625384664241302626e-14 -3.295609283558860230e-13 2.568604307980076352e-14 3.643984079681884594e-13 6.393322295393520611e-13 3.489248795541089789e-13 6.024496061763559824e-13
3.038474599007648127e-12 5.338145765162807287e-12 6.809001164785365970e-12 3.624133619627021977e-12 2.288918030761718858e-12 1.821764156727644176e-12 1.059760192812654349e-12 1.330027972738669535e-12 1.106042263763608146e-12 3.567037186164922825e-13 -8.683426885088803397e-15 -6.276820851987070991e-13 -2.046277350361026094e-13 -4.328644233122071932e-13 -4.633984316564859917e-13 -1.484206210681190310e-13 1.283368332779387391e-13 5.661112319523753977e-13 7.962460419386180470e-13 6.095745084248264299e-13
1.628876750738523617e-12 2.507558247593810025e-12 3.624133619627021977e-12 5.303048888331120091e-12 3.482764609114802755e-12 1.850737051031296074e-12 1.217686283791986313e-12 1.018183640837431725e-12 4.794433992118341694e-13 3.285638823228271748e-14 -3.308250822925978037e-13 -4.591541607373938282e-13 -5.306513342633808303e-13 -6.655065486722894769e-13 -5.404275352334498379e-13 -1.573646011075634653e-13 -1.545206662440745114e-14 5.431719010122469095e-13 2.250456043147603925e-13 3.246208923282179869e-13
2.056597774649290636e-12 1.715262321844070525e-12 2.288918030761718858e-12 3.482764609114802755e-12 5.024384871341689163e-12 3.187016557089835624e-12 1.430852080223390602e-12 1.278053097504115145e-12 6.202576628356088317e-13 1.579654398747314837e-13 -3.029102695206300872e-13 -4.712670993263054914e-14 7.090318127870451793e-15 -1.581195868450679370e-13 1.073961388595859013e-14 3.028043768206870145e-13 4.556256109575032801e-13 3.619303911701925779e-13 -2.598116270968617913e-14 -3.895995585970243898e-13
1.546014680366275523e-12 1.479667578460312495e-12 1.821764156727644176e-12 1.850737051031296074e-12 3.187016557089835624e-12 4.450492235306770219e-12 2.376600296341144237e-12 1.724767546364497516e-12 9.378052898224559070e-13 3.845876914015596327e-13 -1.063216133701541496e-13 7.767613335942667370e-14 1.822526008165531969e-13 9.581452730035479791e-14 2.416079880034297412e-13 2.541297488826281875e-13 5.531218426644981361e-13 2.748640467034422822e-13 -2.149501445300509724e-13 -5.113239605484994355e-13
3.827409809294846821e-13 3.962770106308249032e-13 1.059760192812654349e-12 1.217686283791986313e-12 1.430852080223390602e-12 2.376600296341144237e-12 3.540840636189620753e-12 2.786394070709781844e-12 1.618457349709478091e-12 9.177150294199087478e-13 4.170953685578506109e-13 -1.188109713980829505e-13 4.484865899606924605e-14 5.484090321516427120e-14 3.840456328765324002e-13 6.563278691201516847e-13 7.123640079166305959e-13 6.090006999279446424e-13 1.915788406831838709e-13 3.460032814709598798e-13
1.086254506573084628e-12 7.246774066795653481e-13 1.330027972738669535e-12 1.018183640837431725e-12 1.278053097504115145e-12 1.724767546364497516e-12 2.786394070709781844e-12 4.356811614492209589e-12 2.992745112594440915e-12 1.609310584570376355e-12 1.075539912752130577e-12 2.572187129514757261e-13 3.341741271483336425e-13 2.221327577484973648e-14 4.377229024882553441e-13 8.896394317252537418e-13 7.589191407073917835e-13 1.108649242341258400e-12 9.017962591687686019e-13 1.136127720689412210e-12
1.136000216858432750e-12 1.151589058913651227e-12 1.106042263763608146e-12 4.794433992118341694e-13 6.202576628356088317e-13 9.378052898224559070e-13 1.618457349709478091e-12 2.992745112594440915e-12 4.274745930361920244e-12 2.973684899735214870e-12 2.349355722388201403e-12 1.407023085502522764e-12 1.127998552733466409e-12 4.775778948279134415e-13 2.397322848078660130e-13 5.453556465720821804e-13 7.924638572768649028e-13 1.238577795903910761e-12 1.040127113204230071e-12 1.172670405901571092e-12
5.834603853607962710e-13 4.556431994399643887e-13 3.567037186164922825e-13 3.285638823228271748e-14 1.579654398747314837e-13 3.845876914015596327e-13 9.177150294199087478e-13 1.609310584570376355e-12 2.973684899735214870e-12 4.496504939065282292e-12 3.685963738532606469e-12 2.167211026664625250e-12 1.817261233774912251e-12 1.184622561163013516e-12 9.494195616986049229e-13 9.145876320184230104e-13 1.188931654623274211e-12 1.537388860926588904e-12 1.196343082928203344e-12 1.274044487995741556e-12
3.538535508336639448e-13 1.206463655310357035e-13 -8.683426885088803397e-15 -3.308250822925978037e-13 -3.029102695206300872e-13 -1.063216133701541496e-13 4.170953685578506109e-13 1.075539912752130577e-12 2.349355722388201403e-12 3.685963738532606469e-12 4.499706117243170960e-12 3.340788113140331161e-12 2.688812569029152251e-12 1.957339050978857259e-12 1.340228552407600460e-12 1.264732364870319119e-12 1.446129889877056723e-12 1.677171228259090313e-12 1.340689961734749683e-12 1.007967085166922068e-12
1.763860655204654483e-13 -5.153234608135847677e-13 -6.276820851987070991e-13 -4.591541607373938282e-13 -4.712670993263054914e-14 7.767613335942667370e-14 -1.188109713980829505e-13 2.572187129514757261e-13 1.407023085502522764e-12 2.167211026664625250e-12 3.340788113140331161e-12 4.495221777766995202e-12 3.812078344934412477e-12 2.669224540833153363e-12 1.845641599428296537e-12 1.773579120711848349e-12 1.735666193410088786e-12 1.567134745842524531e-12 1.112502950226055215e-12 6.271143662281415270e-13
-3.569821420796561603e-13 -2.156025048312792700e-13 -2.046277350361026094e-13 -5.306513342633808303e-13 7.090318127870451793e-15 1.822526008165531969e-13 4.484865899606924605e-14 3.341741271483336425e-13 1.127998552733466409e-12 1.817261233774912251e-12 2.688812569029152251e-12 3.812078344934412477e-12 5.430128529959855695e-12 4.396001629410879606e-12 3.490144885121471536e-12 3.160605986471687984e-12 2.467295471019070125e-12 2.098199647226315061e-12 1.541111218602392266e-12 8.059443100150153082e-13
-9.034146840456985729e-13 -9.625384664241302626e-14 -4.328644233122071932e-13 -6.655065486722894769e-13 -1.581195868450679370e-13 9.581452730035479791e-14 5.484090321516427120e-14 2.221327577484973648e-14 4.775778948279134415e-13 1.184622561163013516e-12 1.957339050978857259e-12 2.669224540833153363e-12 4.396001629410879606e-12 5.729999495843928487e-12 4.866115857010754233e-12 3.816804344994205593e-12 2.649630862262051059e-12 1.659149990220712798e-12 9.266725392343753783e-13 4.743647053563476712e-13
-1.960248722211114393e-13 -3.295609283558860230e-13 -4.633984316564859917e-13 -5.404275352334498379e-13 1.073961388595859013e-14 2.416079880034297412e-13 3.840456328765324002e-13 4.377229024882553441e-13 2.397322848078660130e-13 9.494195616986049229e-13 1.340228552407600460e-12 1.845641599428296537e-12 3.490144885121471536e-12 4.866115857010754233e-12 6.539362229091492378e-12 5.898924359134458325e-12 4.015957455498136576e-12 2.549623949144686414e-12 1.539983617077053804e-12 7.455096720324409185e-13
3.513481672764796373e-13 2.568604307980076352e-14 -1.484206210681190310e-13 -1.573646011075634653e-13 3.028043768206870145e-13 2.541297488826281875e-13 6.563278691201516847e-13 8.896394317252537418e-13 5.453556465720821804e-13 9.145876320184230104e-13 1.264732364870319119e-12 1.773579120711848349e-12 3.160605986471687984e-12 3.816804344994205593e-12 5.898924359134458325e-12 7.315293957344537751e-12 5.661346474317472485e-12 3.793018475892167460e-12 2.052819335908692064e-12 8.888469495704752088e-13
2.552163444850695850e-13 3.643984079681884594e-13 1.283368332779387391e-13 -1.545206662440745114e-14 4.556256109575032801e-13 5.531218426644981361e-13 7.123640079166305959e-13 7.589191407073917835e-13 7.924638572768649028e-13 1.188931654623274211e-12 1.446129889877056723e-12 1.735666193410088786e-12 2.467295471019070125e-12 2.649630862262051059e-12 4.015957455498136576e-12 5.661346474317472485e-12 6.906409023205193458e-12 5.794650624285371395e-12 3.563837055054906986e-12 1.791153057080511190e-12
7.343439878842084902e-13 6.393322295393520611e-13 5.661112319523753977e-13 5.431719010122469095e-13 3.619303911701925779e-13 2.748640467034422822e-13 6.090006999279446424e-13 1.108649242341258400e-12 1.238577795903910761e-12 1.537388860926588904e-12 1.677171228259090313e-12 1.567134745842524531e-12 2.098199647226315061e-12 1.659149990220712798e-12 2.549623949144686414e-12 3.793018475892167460e-12 5.794650624285371395e-12 7.137118942198448462e-12 5.184786773369516264e-12 3.112060679816518373e-12
6.926776241871912216e-13 3.489248795541089789e-13 7.962460419386180470e-13 2.250456043147603925e-13 -2.598116270968617913e-14 -2.149501445300509724e-13 1.915788406831838709e-13 9.017962591687686019e-13 1.040127113204230071e-12 1.196343082928203344e-12 1.340689961734749683e-12 1.112502950226055215e-12 1.541111218602392266e-12 9.266725392343753783e-13 1.539983617077053804e-12 2.052819335908692064e-12 3.563837055054906986e-12 5.184786773369516264e-12 6.022069535299565620e-12 4.533325089026982703e-12
4.392433911889572850e-13 6.024496061763559824e-13 6.095745084248264299e-13 3.246208923282179869e-13 -3.895995585970243898e-13 -5.113239605484994355e-13 3.460032814709598798e-13 1.136127720689412210e-12 1.172670405901571092e-12 1.274044487995741556e-12 1.007967085166922068e-12 6.271143662281415270e-13 8.059443100150153082e-13 4.743647053563476712e-13 7.455096720324409185e-13 8.888469495704752088e-13 1.791153057080511190e-12 3.112060679816518373e-12 4.533325089026982703e-12 6.155293418424117771e-12
