1.113388379830649712e-11 5.114875949264441955e-12 3.533278120446827731e-12 1.885035414495718621e-12 2.352418850903706461e-12 1.785891498635694659e-12 4.742790878553093665e-13 1.285047033952716287e-12 1.334537825974736268e-12 7.353938568304034788e-13 4.614257288770612045e-13 2.532215308223095872e-13 -2.877179533980136164e-13 -8.904468042890081942e-13 -1.098240452631450306e-13 4.945941136061408794e-13 4.106884583316874626e-13 9.292136783961187841e-13 8.808179830512559840e-13 5.945438190898093623e-13
5.114875949264441955e-12 9.194209478498518757e-12 6.045559619233840399e-12 2.832821801950835468e-12 1.951800992330873706e-12 1.700558357995491887e-12 4.921828768472348363e-13 8.726911161584670010e-13 1.321329496968857532e-12 5.581785545442569700e-13 1.731325624164744535e-13 -5.275226894644119794e-13 -1.697126447906764156e-13 -3.963590233480459184e-14 -2.660569473057876091e-13 1.328517958360941810e-13 4.983221517202229270e-13 7.972674576870056254e-13 4.943004558981376278e-13 7.448194764660431894e-13
3.533278120446827731e-12 6.045559619233840399e-12 7.595652276026618334e-12 4.022463460424810019e-12 2.546024952810442380e-12 2.036357544622527331e-12 1.182347587813534093e-12 1.499429363087796885e-12 1.251361387525610514e-12 4.417356996905789510e-13 2.950937848331419731e-14 -6.446744046843560540e-13 -1.788290511360777305e-13 -4.243184417872699559e-13 -4.406326116903712827e-13 -9.572117916879729207e-14 2.011451286029231333e-13 6.635314534442914455e-13 8.977548523293378375e-13 6.966293284718240951e-13
1.885035414495718621e-12 2.832821801950835468e-12 4.022463460424810019e-12 5.802120000475629983e-12 3.803456573660398036e-12 2.039584011792014956e-12 1.331914147772552354e-12 1.124341366741786435e-12 5.429408064155139411e-13 6.317642215052281676e-14 -3.348570125066997298e-13 -4.729009285609357595e-13 -5.287801753229214304e-13 -6.732350214383843671e-13 -5.357371043379950795e-13 -1.296070544039562349e-13 2.759019052411192432e-14 6.163835098648030557e-13 2.787175221162546484e-13 3.775795210744120721e-13
2.352418850903706461e-12 1.951800992330873706e-12 2.546024952810442380e-12 3.803456573660398036e-12 5.445246658112044482e-12 3.455350899405676716e-12 1.548045811388000118e-12 1.389990721492048223e-12 6.895769623720651279e-13 1.928895102498457529e-13 -3.032922893981125511e-13 -3.350367521380059478e-14 3.415277573081163882e-14 -1.411012942455815949e-13 3.761870789007853806e-14 3.414798592442174587e-13 5.023642183820539722e-13 4.054317868922305010e-13 2.952653754256124756e-15 -3.768902388536655308e-13
1.785891498635694659e-12 1.700558357995491887e-12 2.036357544622527331e-12 2.039584011792014956e-12 3.455350899405676716e-12 4.794231007030003686e-12 2.552598936500590974e-12 1.856210707747692518e-12 1.023031810024043015e-12 4.321169546178382956e-13 -9.215868577152295302e-14 1.044312775855983660e-13 2.195435695485634721e-13 1.264364103283326350e-13 2.758707046873700641e-13 2.866446993754615884e-13 5.909093621111032251e-13 3.038223778102247800e-13 -2.012206548613673155e-13 -5.125641391277703314e-13
4.742790878553093665e-13 4.921828768472348363e-13 1.182347587813534093e-12 1.331914147772552354e-12 1.548045811388000118e-12 2.552598936500590974e-12 3.763901655605421218e-12 2.958369515823524223e-12 1.725520828680842224e-12 9.816039113680312152e-13 4.519425111169968059e-13 -1.016222741708486244e-13 7.434732331231134738e-14 8.345977305236226603e-14 4.190847904764427809e-13 6.931733532121328357e-13 7.437468655573329954e-13 6.398454639940420213e-13 2.146765770734146565e-13 3.705702000938279184e-13
1.285047033952716287e-12 8.726911161584670010e-13 1.499429363087796885e-12 1.124341366741786435e-12 1.389990721492048223e-12 1.856210707747692518e-12 2.958369515823524223e-12 4.599295967237125329e-12 3.160378680900881471e-12 1.701498149240060641e-12 1.135879422507694186e-12 2.894359077456315928e-13 3.695695514698518365e-13 4.139565353514804061e-14 4.638502958398561217e-13 9.215698875948355865e-13 7.796319492487422850e-13 1.140517715478918475e-12 9.357043415128543135e-13 1.173227232742462084e-12
1.334537825974736268e-12 1.321329496968857532e-12 1.251361387525610514e-12 5.429408064155139411e-13 6.895769623720651279e-13 1.023031810024043015e-12 1.725520828680842224e-12 3.160378680900881471e-12 4.487982410770990780e-12 3.119007722814587564e-12 2.459515526387639751e-12 1.481602350523343816e-12 1.189481691168142182e-12 5.117360066531412090e-13 2.608504577992859674e-13 5.669374929719201831e-13 8.134525475516224202e-13 1.270739880088679443e-12 1.075097968232614654e-12 1.206919098128209581e-12
7.353938568304034788e-13 5.581785545442569700e-13 4.417356996905789510e-13 6.317642215052281676e-14 1.928895102498457529e-13 4.321169546178382956e-13 9.816039113680312152e-13 1.701498149240060641e-12 3.119007722814587564e-12 4.680963457815067376e-12 3.830664197461298849e-12 2.262182696632615887e-12 1.895175941046260294e-12 1.238833400591278261e-12 9.887814074840116631e-13 9.445018638861874217e-13 1.218533390533638040e-12 1.572051444311248282e-12 1.228745780910300367e-12 1.304226484373178706e-12
4.614257288770612045e-13 1.731325624164744535e-13 2.950937848331419731e-14 -3.348570125066997298e-13 -3.032922893981125511e-13 -9.215868577152295302e-14 4.519425111169968059e-13 1.135879422507694186e-12 2.459515526387639751e-12 3.830664197461298849e-12 4.652444210769440338e-12 3.452936066448156667e-12 2.773234325002531182e-12 2.016437120148527339e-12 1.377893190813041642e-12 1.292912885606602603e-12 1.472976963441414249e-12 1.706026742069145256e-12 1.369249591809815980e-12 1.029398856322133524e-12
2.532215308223095872e-13 -5.275226894644119794e-13 -6.446744046843560540e-13 -4.729009285609357595e-13 -3.350367521380059478e-14 1.044312775855983660e-13 -1.016222741708486244e-13 2.894359077456315928e-13 1.481602350523343816e-12 2.262182696632615887e-12 3.452936066448156667e-12 4.619666650974107690e-12 3.908868278647051738e-12 2.733788720050844986e-12 1.884784718327525651e-12 1.801338447092450242e-12 1.757880291694867492e-12 1.585500270100840681e-12 1.132625032682606089e-12 6.421540132935874458e-13
-2.877179533980136164e-13 -1.697126447906764156e-13 -1.788290511360777305e-13 -5.287801753229214304e-13 3.415277573081163882e-14 2.195435695485634721e-13 7.434732331231134738e-14 3.695695514698518365e-13 1.189481691168142182e-12 1.895175941046260294e-12 2.773234325002531182e-12 3.908868278647051738e-12 5.545271939880408674e-12 4.483570045078862295e-12 3.551909996372709574e-12 3.206164932920130124e-12 2.499649763966522989e-12 2.124429846762682442e-12 1.568788394953099773e-12 8.308833667456853509e-13
-8.904468042890081942e-13 -3.963590233480459184e-14 -4.243184417872699559e-13 -6.732350214383843671e-13 -1.411012942455815949e-13 1.264364103283326350e-13 8.345977305236226603e-14 4.139565353514804061e-14 5.117360066531412090e-13 1.238833400591278261e-12 2.016437120148527339e-12 2.733788720050844986e-12 4.483570045078862295e-12 5.826653211005088191e-12 4.936673520623468382e-12 3.862601776854099832e-12 2.679062294890037453e-12 1.678558349404873564e-12 9.463632155460054196e-13 4.987455607274528543e-13
-1.098240452631450306e-13 -2.660569473057876091e-13 -4.406326116903712827e-13 -5.357371043379950795e-13 3.761870789007853806e-14 2.758707046873700641e-13 4.190847904764427809e-13 4.638502958398561217e-13 2.608504577992859674e-13 9.887814074840116631e-13 1.377893190813041642e-12 1.884784718327525651e-12 3.551909996372709574e-12 4.936673520623468382e-12 6.608649838279651679e-12 5.947333800407102145e-12 4.042458284945278471e-12 2.563866131249203968e-12 1.553424051332636812e-12 7.624245939145188960e-13
4.945941136061408794e-13 1.328517958360941810e-13 -9.572117916879729207e-14 -1.296070544039562349e-13 3.414798592442174587e-13 2.866446993754615884e-13 6.931733532121328357e-13 9.215698875948355865e-13 5.669374929719201831e-13 9.445018638861874217e-13 1.292912885606602603e-12 1.801338447092450242e-12 3.206164932920130124e-12 3.862601776854099832e-12 5.947333800407102145e-12 7.360510489446427456e-12 5.687545901936210488e-12 3.805644567245456956e-12 2.061291055281773378e-12 8.976165420017274112e-13
4.106884583316874626e-13 4.983221517202229270e-13 2.011451286029231333e-13 2.759019052411192432e-14 5.023642183820539722e-13 5.909093621111032251e-13 7.437468655573329954e-13 7.796319492487422850e-13 8.134525475516224202e-13 1.218533390533638040e-12 1.472976963441414249e-12 1.757880291694867492e-12 2.499649763966522989e-12 2.679062294890037453e-12 4.042458284945278471e-12 5.687545901936210488e-12 6.931440821637675872e-12 5.809177904359734674e-12 3.571751025396074705e-12 1.794005386717029030e-12
9.292136783961187841e-13 7.972674576870056254e-13 6.635314534442914455e-13 6.163835098648030557e-13 4.054317868922305010e-13 3.038223778102247800e-13 6.398454639940420213e-13 1.140517715478918475e-12 1.270739880088679443e-12 1.572051444311248282e-12 1.706026742069145256e-12 1.585500270100840681e-12 2.124429846762682442e-12 1.678558349404873564e-12 2.563866131249203968e-12 3.805644567245456956e-12 5.809177904359734674e-12 7.153756425641578287e-12 5.196385109512993294e-12 3.116816522684594293e-12
8.808179830512559840e-13 4.943004558981376278e-13 8.977548523293378375e-13 2.787175221162546484e-13 2.952653754256124756e-15 -2.012206548613673155e-13 2.146765770734146565e-13 9.357043415128543135e-13 1.075097968232614654e-12 1.228745780910300367e-12 1.369249591809815980e-12 1.132625032682606089e-12 1.568788394953099773e-12 9.463632155460054196e-13 1.553424051332636812e-12 2.061291055281773378e-12 3.571751025396074705e-12 5.196385109512993294e-12 6.042719136993947856e-12 4.549655220399210420e-12
5.945438190898093623e-13 7.448194764660431894e-13 6.966293284718240951e-13 3.775795210744120721e-13 -3.768902388536655308e-13 -5.125641391277703314e-13 3.705702000938279184e-13 1.173227232742462084e-12 1.206919098128209581e-12 1.304226484373178706e-12 1.029398856322133524e-12 6.421540132935874458e-13 8.308833667456853509e-13 4.987455607274528543e-13 7.624245939145188960e-13 8.976165420017274112e-13 1.794005386717029030e-12 3.116816522684594293e-12 4.549655220399210420e-12 6.176359447387809098e-12
