5.651422957048978576e-13 2.968666089688393628e-13 1.758456970214785887e-13 1.029982287759671883e-13 1.030118082521722221e-13 5.960994200050778236e-14 6.389612489950002442e-14 5.843157143052067299e-14 5.698595981809450688e-14 2.453586588367777210e-14 2.183090684721577160e-14 6.357900636376299308e-16 -6.903469514039787055e-14 -1.391064105489009820e-13 -2.587830360936777173e-13 -5.331585610399982493e-13 -8.554444589681619266e-13 -1.062915389655671290e-12 -9.402203942418948172e-13 -1.096219714928357904e-12
2.968666089688393628e-13 5.739788085907865969e-13 2.541268525972520539e-13 1.270630603256966816e-13 1.014367842531559339e-13 3.689654878445275280e-14 7.967625332321265528e-15 1.764165274871016047e-14 -1.199453401638419505e-14 -2.549329871726726252e-14 4.739402935209995644e-14 7.734612816674511057e-14 5.477816395874100673e-14 4.053214728471790278e-14 -7.161619604472023950e-14 -2.902017276365657046e-13 -4.941138985702969009e-13 -6.425025713964139256e-13 -5.456420963227087960e-13 -5.298715290536198114e-13
1.758456970214785887e-13 2.541268525972520539e-13 4.853661029512488069e-13 2.655625123473859522e-13 1.436490756989214421e-13 8.195653847245132395e-14 2.165219469871804152e-14 2.100389793310338744e-14 -6.299553232977802981e-15 -5.660018888598184765e-14 -7.114461541434840721e-15 2.339237672024497907e-14 8.548840275256639409e-14 1.507890515157308875e-13 1.127110925360942446e-13 -9.088111279064503265e-14 -4.324739909924771131e-13 -7.680617203949530993e-13 -8.156078285457810357e-13 -8.279736655130385501e-13
1.029982287759671883e-13 1.270630603256966816e-13 2.655625123473859522e-13 4.311184899772365706e-13 2.619088086664813959e-13 2.065366428321236606e-13 1.472526965736852704e-13 1.788404110529784406e-13 1.639955180899555327e-13 1.575232179586129571e-13 1.999726123929188077e-13 2.300037690106628510e-13 2.664708484950763039e-13 2.799733065595846709e-13 2.629168899075408536e-13 3.182518875573023625e-13 4.437642316551403194e-13 6.029934355256447866e-13 9.507620454017325116e-13 1.374624236849050940e-12
1.030118082521722221e-13 1.014367842531559339e-13 1.436490756989214421e-13 2.619088086664813959e-13 4.084054245697367416e-13 3.445105345627991490e-13 2.835118364853793934e-13 3.411946226191270398e-13 3.681644019915934650e-13 4.076487689847051588e-13 4.902914966717884006e-13 5.511006406592321817e-13 6.118956671252787117e-13 5.764950591054374618e-13 4.948213858004721074e-13 4.750214522736307767e-13 4.903861608021605985e-13 6.063983928141373291e-13 9.094591945837836012e-13 1.106467661295029173e-12
5.960994200050778236e-14 3.689654878445275280e-14 8.195653847245132395e-14 2.065366428321236606e-13 3.445105345627991490e-13 5.052305049352954199e-13 4.522938591149559944e-13 4.790462133556062605e-13 5.023597347236211259e-13 5.450390200935908291e-13 5.930885942025071207e-13 6.185331332487121934e-13 6.695052050607136034e-13 6.138131801812197472e-13 4.789655962172517763e-13 4.329690390519333761e-13 4.388920695272106475e-13 5.842913311148924753e-13 1.039182265963700185e-12 1.551860735573095925e-12
6.389612489950002442e-14 7.967625332321265528e-15 2.165219469871804152e-14 1.472526965736852704e-13 2.835118364853793934e-13 4.522938591149559944e-13 6.156644018417689686e-13 6.235593065096093266e-13 6.347246061579076750e-13 6.931988179461739510e-13 7.532751233235486604e-13 7.757068070388571770e-13 8.518603239308005503e-13 8.592394015932255289e-13 7.929883247030920202e-13 7.914296272942387199e-13 8.393038530756361098e-13 1.070784623098048685e-12 1.681566873883096436e-12 2.460528236139087974e-12
5.843157143052067299e-14 1.764165274871016047e-14 2.100389793310338744e-14 1.788404110529784406e-13 3.411946226191270398e-13 4.790462133556062605e-13 6.235593065096093266e-13 8.188528096684059672e-13 8.334881844240198194e-13 9.523980441105133642e-13 1.083422222514716174e-12 1.186671587359447695e-12 1.305556314084239326e-12 1.284928185519211841e-12 1.169889750619227319e-12 1.167759587377016487e-12 1.225621830229401527e-12 1.358440206818585024e-12 1.814879369756913345e-12 2.618998504136214458e-12
5.698595981809450688e-14 -1.199453401638419505e-14 -6.299553232977802981e-15 1.639955180899555327e-13 3.681644019915934650e-13 5.023597347236211259e-13 6.347246061579076750e-13 8.334881844240198194e-13 1.133389803019690848e-12 1.306728311390872030e-12 1.487596233505211699e-12 1.714609282991541428e-12 1.970876401833830056e-12 2.072907876726342786e-12 2.094612153726307424e-12 2.161774760203125335e-12 2.228758566418300303e-12 2.432171977120134243e-12 2.745005618689244158e-12 3.271211747320166605e-12
2.453586588367777210e-14 -2.549329871726726252e-14 -5.660018888598184765e-14 1.575232179586129571e-13 4.076487689847051588e-13 5.450390200935908291e-13 6.931988179461739510e-13 9.523980441105133642e-13 1.306728311390872030e-12 1.775945035741198017e-12 2.085465331218865545e-12 2.422298175531827096e-12 2.786727620294922786e-12 2.933498006874362460e-12 2.987485740295087506e-12 3.102609543741423033e-12 3.338820925669279016e-12 3.739467960661595990e-12 4.119361752389713611e-12 4.773977813081872457e-12
2.183090684721577160e-14 4.739402935209995644e-14 -7.114461541434840721e-15 1.999726123929188077e-13 4.902914966717884006e-13 5.930885942025071207e-13 7.532751233235486604e-13 1.083422222514716174e-12 1.487596233505211699e-12 2.085465331218865545e-12 2.845581335995272479e-12 3.512366923695499570e-12 4.103760347786907427e-12 4.415738564729042030e-12 4.497887706087776494e-12 4.693194740382815742e-12 5.074175159851661037e-12 5.551489016464121764e-12 5.758250459024740294e-12 6.406792775965093990e-12
6.357900636376299308e-16 7.734612816674511057e-14 2.339237672024497907e-14 2.300037690106628510e-13 5.511006406592321817e-13 6.185331332487121934e-13 7.757068070388571770e-13 1.186671587359447695e-12 1.714609282991541428e-12 2.422298175531827096e-12 3.512366923695499570e-12 4.776154574323632241e-12 5.819988218701018331e-12 6.564136376147601085e-12 7.101409606384340215e-12 7.605389755627066991e-12 8.171706950933415947e-12 8.624219097431362734e-12 8.650186790046694108e-12 9.511923847233531928e-12
-6.903469514039787055e-14 5.477816395874100673e-14 8.548840275256639409e-14 2.664708484950763039e-13 6.118956671252787117e-13 6.695052050607136034e-13 8.518603239308005503e-13 1.305556314084239326e-12 1.970876401833830056e-12 2.786727620294922786e-12 4.103760347786907427e-12 5.819988218701018331e-12 7.750891525921221493e-12 9.373473901390961829e-12 1.062744190727011755e-11 1.140933463562905323e-11 1.203039452785043065e-11 1.242421863699970453e-11 1.244332109061755907e-11 1.363508735385604167e-11
-1.391064105489009820e-13 4.053214728471790278e-14 1.507890515157308875e-13 2.799733065595846709e-13 5.764950591054374618e-13 6.138131801812197472e-13 8.592394015932255289e-13 1.284928185519211841e-12 2.072907876726342786e-12 2.933498006874362460e-12 4.415738564729042030e-12 6.564136376147601085e-12 9.373473901390961829e-12 1.271559533044474855e-11 1.553835463813226263e-11 1.716668688271294712e-11 1.843694090403621943e-11 1.933813404280253512e-11 1.982080396520067764e-11 2.182360593959828238e-11
-2.587830360936777173e-13 -7.161619604472023950e-14 1.127110925360942446e-13 2.629168899075408536e-13 4.948213858004721074e-13 4.789655962172517763e-13 7.929883247030920202e-13 1.169889750619227319e-12 2.094612153726307424e-12 2.987485740295087506e-12 4.497887706087776494e-12 7.101409606384340215e-12 1.062744190727011755e-11 1.553835463813226263e-11 2.076933949886805801e-11 2.432218365649555385e-11 2.724130230580315987e-11 2.953648105097753843e-11 3.118519833937438025e-11 3.472567656881422903e-11
-5.331585610399982493e-13 -2.902017276365657046e-13 -9.088111279064503265e-14 3.182518875573023625e-13 4.750214522736307767e-13 4.329690390519333761e-13 7.914296272942387199e-13 1.167759587377016487e-12 2.161774760203125335e-12 3.102609543741423033e-12 4.693194740382815742e-12 7.605389755627066991e-12 1.140933463562905323e-11 1.716668688271294712e-11 2.432218365649555385e-11 3.126992006468650427e-11 3.807382497714165408e-11 4.380461132669640389e-11 4.785144891488238257e-11 5.387395676075054505e-11
-8.554444589681619266e-13 -4.941138985702969009e-13 -4.324739909924771131e-13 4.437642316551403194e-13 4.903861608021605985e-13 4.388920695272106475e-13 8.393038530756361098e-13 1.225621830229401527e-12 2.228758566418300303e-12 3.338820925669279016e-12 5.074175159851661037e-12 8.171706950933415947e-12 1.203039452785043065e-11 1.843694090403621943e-11 2.724130230580315987e-11 3.807382497714165408e-11 5.179563023912857285e-11 6.503115458828851340e-11 7.436567890075793737e-11 8.517779376319967449e-11
-1.062915389655671290e-12 -6.425025713964139256e-13 -7.680617203949530993e-13 6.029934355256447866e-13 6.063983928141373291e-13 5.842913311148924753e-13 1.070784623098048685e-12 1.358440206818585024e-12 2.432171977120134243e-12 3.739467960661595990e-12 5.551489016464121764e-12 8.624219097431362734e-12 1.242421863699970453e-11 1.933813404280253512e-11 2.953648105097753843e-11 4.380461132669640389e-11 6.503115458828851340e-11 9.074173972719693039e-11 1.110528855149716028e-10 1.303185263026900571e-10
-9.402203942418948172e-13 -5.456420963227087960e-13 -8.156078285457810357e-13 9.507620454017325116e-13 9.094591945837836012e-13 1.039182265963700185e-12 1.681566873883096436e-12 1.814879369756913345e-12 2.745005618689244158e-12 4.119361752389713611e-12 5.758250459024740294e-12 8.650186790046694108e-12 1.244332109061755907e-11 1.982080396520067764e-11 3.118519833937438025e-11 4.785144891488238257e-11 7.436567890075793737e-11 1.110528855149716028e-10 1.465806216996945438e-10 1.797003075616578977e-10
-1.096219714928357904e-12 -5.298715290536198114e-13 -8.279736655130385501e-13 1.374624236849050940e-12 1.106467661295029173e-12 1.551860735573095925e-12 2.460528236139087974e-12 2.618998504136214458e-12 3.271211747320166605e-12 4.773977813081872457e-12 6.406792775965093990e-12 9.511923847233531928e-12 1.363508735385604167e-11 2.182360593959828238e-11 3.472567656881422903e-11 5.387395676075054505e-11 8.517779376319967449e-11 1.303185263026900571e-10 1.797003075616578977e-10 2.340364742942092938e-10
