2.860209235117268920e-04 2.857409023326356787e-04 2.857816964461822799e-04 2.857444707234177038e-04 2.853136993814951380e-04 2.852386445547006239e-04 2.850748692149548567e-04 2.851315954317233409e-04 2.849805048227747276e-04 2.849380762730945992e-04 2.849194390186334186e-04 2.850121089959119745e-04 2.851653808253108865e-04 2.853832430750283689e-04 2.857312909557125453e-04 2.859807898449953124e-04 2.862107900113831471e-04 2.866439072942043929e-04 2.866998820972239460e-04 2.861127471100872164e-04 2.855006244344381852e-04 2.847261619363810367e-04 2.844413100750908981e-04 2.848031104549726190e-04 2.852790273741044927e-04 2.857171293075530028e-04
2.857409023326356787e-04 2.855109213625866443e-04 2.855377846915856219e-04 2.855004061269440872e-04 2.850711929618449298e-04 2.849966611846230366e-04 2.848329942656946780e-04 2.848902970123874949e-04 2.847413748979334743e-04 2.847004418014824237e-04 2.846822190585957760e-04 2.847766118631530111e-04 2.849312545470278650e-04 2.851482037237634327e-04 2.854958051800529791e-04 2.857411596360388720e-04 2.859662663837401727e-04 2.863919181608431887e-04 2.864395852771449858e-04 2.858424220337690618e-04 2.852269407597013916e-04 2.844440054144683149e-04 2.841665900917574429e-04 2.845462326596688704e-04 2.850327039811071370e-04 2.854406305087308152e-04
2.857816964461822799e-04 2.855377846915856219e-04 2.856000756312017169e-04 2.855567356610039177e-04 2.851269794810515714e-04 2.850534248621207009e-04 2.848903868717383037e-04 2.849485489898571922e-04 2.847996980048135302e-04 2.847566122241562952e-04 2.847389859584921880e-04 2.848327002477417901e-04 2.849887778371458383e-04 2.852083348865796868e-04 2.855590635848146677e-04 2.858103757316347187e-04 2.860412261498458198e-04 2.864707566743023579e-04 2.865175331459606151e-04 2.859184720274196155e-04 2.852979066116456772e-04 2.845043752604625004e-04 2.842306934399343879e-04 2.846226925234058625e-04 2.851133040760573355e-04 2.855308323305753241e-04
2.857444707234177038e-04 2.855004061269440872e-04 2.855567356610039177e-04 2.855360752015995303e-04 2.851013650605538417e-04 2.850259270434584401e-04 2.848631422469840484e-04 2.849210405392445331e-04 2.847727605795511937e-04 2.847303492883737977e-04 2.847126930199564247e-04 2.848056450258078937e-04 2.849603463603511081e-04 2.851803442533388925e-04 2.855297500323764536e-04 2.857777551901191778e-04 2.860059123421525469e-04 2.864343872432282222e-04 2.864812438994197006e-04 2.858784228093462260e-04 2.852555568939814422e-04 2.844718976053531713e-04 2.842067405718920144e-04 2.846028217700988109e-04 2.850829061007554947e-04 2.855004978852149363e-04
2.853136993814951380e-04 2.850711929618449298e-04 2.851269794810515714e-04 2.851013650605538417e-04 2.846875465115730232e-04 2.846122471319010487e-04 2.844505178312695657e-04 2.845117797553231771e-04 2.843648519903560902e-04 2.843249481023846573e-04 2.843080441376384117e-04 2.844022497930913276e-04 2.845558193702603638e-04 2.847737314902636986e-04 2.851194375078130918e-04 2.853643364686118435e-04 2.855885045307746117e-04 2.860137839099182074e-04 2.860556430430199397e-04 2.854434315588016860e-04 2.848079788614020762e-04 2.840209626590111075e-04 2.837610486342914142e-04 2.841658929747399565e-04 2.846426399278419888e-04 2.850645593248621627e-04
2.852386445547006239e-04 2.849966611846230366e-04 2.850534248621207009e-04 2.850259270434584401e-04 2.846122471319010487e-04 2.845559324518263391e-04 2.843926795156751300e-04 2.844559571882723011e-04 2.843109047743801665e-04 2.842724939918054878e-04 2.842588840627174158e-04 2.843563251413449861e-04 2.845137934893217390e-04 2.847342556468229128e-04 2.850803740513699574e-04 2.853227758937749731e-04 2.855436113984767413e-04 2.859690257934693154e-04 2.860100814832120040e-04 2.853901255670465101e-04 2.847370808154342818e-04 2.839350962024216507e-04 2.836821295298896884e-04 2.840955405484927362e-04 2.845833627792517711e-04 2.850163313310210200e-04
2.850748692149548567e-04 2.848329942656946780e-04 2.848903868717383037e-04 2.848631422469840484e-04 2.844505178312695657e-04 2.843926795156751300e-04 2.842443747302108486e-04 2.843091301827884365e-04 2.841682299474778957e-04 2.841326819980031929e-04 2.841214248814762739e-04 2.842202191667977332e-04 2.843814303473091664e-04 2.846039019728498426e-04 2.849510567579418554e-04 2.851927168319999301e-04 2.854118685108573169e-04 2.858347342790772670e-04 2.858773510694145067e-04 2.852544224445854740e-04 2.845962008832412724e-04 2.837872738894223440e-04 2.835261185449854961e-04 2.839281303018281613e-04 2.844069939499298087e-04 2.848508707308204115e-04
2.851315954317233409e-04 2.848902970123874949e-04 2.849485489898571922e-04 2.849210405392445331e-04 2.845117797553231771e-04 2.844559571882723011e-04 2.843091301827884365e-04 2.843877318236037646e-04 2.842495010422377917e-04 2.842170149200209136e-04 2.842097535377753658e-04 2.843140285179368478e-04 2.844803007593723091e-04 2.847058394212946325e-04 2.850527442183124044e-04 2.852917299648469402e-04 2.855093581757849096e-04 2.859310919477249437e-04 2.859698260187801895e-04 2.853370371423165483e-04 2.846641017859094101e-04 2.838421249015741338e-04 2.835805385187275141e-04 2.839873225208006786e-04 2.844770048580868541e-04 2.849175077363203640e-04
2.849805048227747276e-04 2.847413748979334743e-04 2.847996980048135302e-04 2.847727605795511937e-04 2.843648519903560902e-04 2.843109047743801665e-04 2.841682299474778957e-04 2.842495010422377917e-04 2.841261522359807084e-04 2.840997925897702421e-04 2.840978909996059922e-04 2.842093692783963297e-04 2.843836849381349953e-04 2.846155435724669839e-04 2.849673601191509277e-04 2.852086482822222945e-04 2.854240815839911871e-04 2.858435474512420341e-04 2.858818015457980331e-04 2.852435768122054413e-04 2.845511649858695506e-04 2.837009250476023856e-04 2.834290603951571097e-04 2.838274383905092292e-04 2.843276126667607659e-04 2.847780138389797836e-04
2.849380762730945992e-04 2.847004418014824237e-04 2.847566122241562952e-04 2.847303492883737977e-04 2.843249481023846573e-04 2.842724939918054878e-04 2.841326819980031929e-04 2.842170149200209136e-04 2.840997925897702421e-04 2.840888708773411020e-04 2.840946288545423675e-04 2.842136308960001669e-04 2.843965114272289279e-04 2.846348671446363959e-04 2.849894573399265412e-04 2.852305063168661782e-04 2.854440811482889212e-04 2.858614943242047718e-04 2.858998182022923717e-04 2.852583416197867518e-04 2.845519656762203237e-04 2.836826582587393991e-04 2.834007961815583490e-04 2.837826162619895738e-04 2.842835526869823639e-04 2.847367108373250973e-04
2.849194390186334186e-04 2.846822190585957760e-04 2.847389859584921880e-04 2.847126930199564247e-04 2.843080441376384117e-04 2.842588840627174158e-04 2.841214248814762739e-04 2.842097535377753658e-04 2.840978909996059922e-04 2.840946288545423675e-04 2.841194763165108051e-04 2.842507980071098256e-04 2.844452520395824874e-04 2.846947646599296087e-04 2.850562672126835694e-04 2.853003536937379222e-04 2.855134143514730430e-04 2.859282956280775911e-04 2.859636325308900513e-04 2.853136382553433091e-04 2.845830404205120802e-04 2.836833161131108541e-04 2.833911851299092031e-04 2.837625272995818854e-04 2.842739156249111032e-04 2.847251861527527674e-04
2.850121089959119745e-04 2.847766118631530111e-04 2.848327002477417901e-04 2.848056450258078937e-04 2.844022497930913276e-04 2.843563251413449861e-04 2.842202191667977332e-04 2.843140285179368478e-04 2.842093692783963297e-04 2.842136308960001669e-04 2.842507980071098256e-04 2.844057407299971406e-04 2.846181931661030044e-04 2.848829672931172145e-04 2.852547550322577204e-04 2.855053524689693469e-04 2.857233516573887437e-04 2.861393785673914977e-04 2.861727449657764147e-04 2.855115559878368360e-04 2.847479046753713622e-04 2.837957154247619561e-04 2.834752070738064990e-04 2.838296183550620150e-04 2.843571174249261754e-04 2.848216200973729614e-04
2.851653808253108865e-04 2.849312545470278650e-04 2.849887778371458383e-04 2.849603463603511081e-04 2.845558193702603638e-04 2.845137934893217390e-04 2.843814303473091664e-04 2.844803007593723091e-04 2.843836849381349953e-04 2.843965114272289279e-04 2.844452520395824874e-04 2.846181931661030044e-04 2.848592923639763899e-04 2.851481486108568982e-04 2.855366722530854723e-04 2.857975684711412689e-04 2.860208732056410434e-04 2.864359382173929680e-04 2.864632224770221410e-04 2.857858769170205948e-04 2.849848591266307385e-04 2.839732376334887058e-04 2.836294988645216637e-04 2.839748624778271014e-04 2.845325185066911885e-04 2.850041821679997578e-04
2.853832430750283689e-04 2.851482037237634327e-04 2.852083348865796868e-04 2.851803442533388925e-04 2.847737314902636986e-04 2.847342556468229128e-04 2.846039019728498426e-04 2.847058394212946325e-04 2.846155435724669839e-04 2.846348671446363959e-04 2.846947646599296087e-04 2.848829672931172145e-04 2.851481486108568982e-04 2.854809809942671127e-04 2.859037537991856179e-04 2.861913663312852778e-04 2.864305415650504616e-04 2.868530578723371845e-04 2.868743734390932928e-04 2.861783804032826551e-04 2.853337549856583828e-04 2.842472387456477134e-04 2.838757036983133265e-04 2.842167114732449063e-04 2.848053741132723789e-04 2.852666175488313563e-04
2.857312909557125453e-04 2.854958051800529791e-04 2.855590635848146677e-04 2.855297500323764536e-04 2.851194375078130918e-04 2.850803740513699574e-04 2.849510567579418554e-04 2.850527442183124044e-04 2.849673601191509277e-04 2.849894573399265412e-04 2.850562672126835694e-04 2.852547550322577204e-04 2.855366722530854723e-04 2.859037537991856179e-04 2.863788880874905385e-04 2.867132941431799914e-04 2.869838570855819094e-04 2.874184463259479936e-04 2.874356088119868285e-04 2.867222633940846974e-04 2.858365199718552107e-04 2.846618935779824050e-04 2.842423373254125371e-04 2.845808913851617444e-04 2.852287347296716892e-04 2.856927015963713198e-04
2.859807898449953124e-04 2.857411596360388720e-04 2.858103757316347187e-04 2.857777551901191778e-04 2.853643364686118435e-04 2.853227758937749731e-04 2.851927168319999301e-04 2.852917299648469402e-04 2.852086482822222945e-04 2.852305063168661782e-04 2.853003536937379222e-04 2.855053524689693469e-04 2.857975684711412689e-04 2.861913663312852778e-04 2.867132941431799914e-04 2.871209490712349336e-04 2.874523205934517950e-04 2.879173259359598639e-04 2.879388523880248621e-04 2.872095730667765081e-04 2.862771449650970928e-04 2.849960949473233666e-04 2.845174513021447166e-04 2.848514790527150592e-04 2.855367736619684993e-04 2.860036040957337285e-04
2.862107900113831471e-04 2.859662663837401727e-04 2.860412261498458198e-04 2.860059123421525469e-04 2.855885045307746117e-04 2.855436113984767413e-04 2.854118685108573169e-04 2.855093581757849096e-04 2.854240815839911871e-04 2.854440811482889212e-04 2.855134143514730430e-04 2.857233516573887437e-04 2.860208732056410434e-04 2.864305415650504616e-04 2.869838570855819094e-04 2.874523205934517950e-04 2.878855389064168728e-04 2.884245814092690520e-04 2.884855209072342852e-04 2.877612777211819737e-04 2.867949093774859576e-04 2.853932317794089218e-04 2.848144648234322818e-04 2.851426952741540613e-04 2.858660879712182179e-04 2.863144689042398418e-04
2.866439072942043929e-04 2.863919181608431887e-04 2.864707566743023579e-04 2.864343872432282222e-04 2.860137839099182074e-04 2.859690257934693154e-04 2.858347342790772670e-04 2.859310919477249437e-04 2.858435474512420341e-04 2.858614943242047718e-04 2.859282956280775911e-04 2.861393785673914977e-04 2.864359382173929680e-04 2.868530578723371845e-04 2.874184463259479936e-04 2.879173259359598639e-04 2.884245814092690520e-04 2.890875934679983691e-04 2.892448362128931705e-04 2.885517228800639771e-04 2.875753593976390198e-04 2.860770494667051788e-04 2.853673708136727030e-04 2.856695546985729955e-04 2.864059008550728230e-04 2.868233418966901734e-04
2.866998820972239460e-04 2.864395852771449858e-04 2.865175331459606151e-04 2.864812438994197006e-04 2.860556430430199397e-04 2.860100814832120040e-04 2.858773510694145067e-04 2.859698260187801895e-04 2.858818015457980331e-04 2.858998182022923717e-04 2.859636325308900513e-04 2.861727449657764147e-04 2.864632224770221410e-04 2.868743734390932928e-04 2.874356088119868285e-04 2.879388523880248621e-04 2.884855209072342852e-04 2.892448362128931705e-04 2.895708134849155047e-04 2.889968077967652654e-04 2.880679581216828819e-04 2.865128663780787052e-04 2.856086731747748417e-04 2.857987700461091566e-04 2.865220132658825793e-04 2.869502036892687485e-04
2.861127471100872164e-04 2.858424220337690618e-04 2.859184720274196155e-04 2.858784228093462260e-04 2.854434315588016860e-04 2.853901255670465101e-04 2.852544224445854740e-04 2.853370371423165483e-04 2.852435768122054413e-04 2.852583416197867518e-04 2.853136382553433091e-04 2.855115559878368360e-04 2.857858769170205948e-04 2.861783804032826551e-04 2.867222633940846974e-04 2.872095730667765081e-04 2.877612777211819737e-04 2.885517228800639771e-04 2.889968077967652654e-04 2.886511599969453917e-04 2.879032293328110401e-04 2.863966117677589694e-04 2.852794804156276801e-04 2.852553573862747003e-04 2.859428637081070637e-04 2.863858019352112194e-04
2.855006244344381852e-04 2.852269407597013916e-04 2.852979066116456772e-04 2.852555568939814422e-04 2.848079788614020762e-04 2.847370808154342818e-04 2.845962008832412724e-04 2.846641017859094101e-04 2.845511649858695506e-04 2.845519656762203237e-04 2.845830404205120802e-04 2.847479046753713622e-04 2.849848591266307385e-04 2.853337549856583828e-04 2.858365199718552107e-04 2.862771449650970928e-04 2.867949093774859576e-04 2.875753593976390198e-04 2.880679581216828819e-04 2.879032293328110401e-04 2.875322320148105326e-04 2.863051373409000364e-04 2.851110707444604758e-04 2.848020108255392650e-04 2.853785632391245882e-04 2.858164925406516451e-04
2.847261619363810367e-04 2.844440054144683149e-04 2.845043752604625004e-04 2.844718976053531713e-04 2.840209626590111075e-04 2.839350962024216507e-04 2.837872738894223440e-04 2.838421249015741338e-04 2.837009250476023856e-04 2.836826582587393991e-04 2.836833161131108541e-04 2.837957154247619561e-04 2.839732376334887058e-04 2.842472387456477134e-04 2.846618935779824050e-04 2.849960949473233666e-04 2.853932317794089218e-04 2.860770494667051788e-04 2.865128663780787052e-04 2.863966117677589694e-04 2.863051373409000364e-04 2.857503409709266032e-04 2.849681943461292231e-04 2.845472832796831428e-04 2.847235172173204773e-04 2.851171972546594257e-04
2.844413100750908981e-04 2.841665900917574429e-04 2.842306934399343879e-04 2.842067405718920144e-04 2.837610486342914142e-04 2.836821295298896884e-04 2.835261185449854961e-04 2.835805385187275141e-04 2.834290603951571097e-04 2.834007961815583490e-04 2.833911851299092031e-04 2.834752070738064990e-04 2.836294988645216637e-04 2.838757036983133265e-04 2.842423373254125371e-04 2.845174513021447166e-04 2.848144648234322818e-04 2.853673708136727030e-04 2.856086731747748417e-04 2.852794804156276801e-04 2.851110707444604758e-04 2.849681943461292231e-04 2.850881920770780573e-04 2.851470472779031899e-04 2.848414891849487124e-04 2.850044824047049926e-04
2.848031104549726190e-04 2.845462326596688704e-04 2.846226925234058625e-04 2.846028217700988109e-04 2.841658929747399565e-04 2.840955405484927362e-04 2.839281303018281613e-04 2.839873225208006786e-04 2.838274383905092292e-04 2.837826162619895738e-04 2.837625272995818854e-04 2.838296183550620150e-04 2.839748624778271014e-04 2.842167114732449063e-04 2.845808913851617444e-04 2.848514790527150592e-04 2.851426952741540613e-04 2.856695546985729955e-04 2.857987700461091566e-04 2.852553573862747003e-04 2.848020108255392650e-04 2.845472832796831428e-04 2.851470472779031899e-04 2.862615247471369129e-04 2.860248628827817313e-04 2.857001905005898635e-04
2.852790273741044927e-04 2.850327039811071370e-04 2.851133040760573355e-04 2.850829061007554947e-04 2.846426399278419888e-04 2.845833627792517711e-04 2.844069939499298087e-04 2.844770048580868541e-04 2.843276126667607659e-04 2.842835526869823639e-04 2.842739156249111032e-04 2.843571174249261754e-04 2.845325185066911885e-04 2.848053741132723789e-04 2.852287347296716892e-04 2.855367736619684993e-04 2.858660879712182179e-04 2.864059008550728230e-04 2.865220132658825793e-04 2.859428637081070637e-04 2.853785632391245882e-04 2.847235172173204773e-04 2.848414891849487124e-04 2.860248628827817313e-04 2.870495308148826585e-04 2.868046199626700550e-04
2.857171293075530028e-04 2.854406305087308152e-04 2.855308323305753241e-04 2.855004978852149363e-04 2.850645593248621627e-04 2.850163313310210200e-04 2.848508707308204115e-04 2.849175077363203640e-04 2.847780138389797836e-04 2.847367108373250973e-04 2.847251861527527674e-04 2.848216200973729614e-04 2.850041821679997578e-04 2.852666175488313563e-04 2.856927015963713198e-04 2.860036040957337285e-04 2.863144689042398418e-04 2.868233418966901734e-04 2.869502036892687485e-04 2.863858019352112194e-04 2.858164925406516451e-04 2.851171972546594257e-04 2.850044824047049926e-04 2.857001905005898635e-04 2.868046199626700550e-04 2.876836671302119165e-04
