6.277241226572598601e-04 6.210342430999016630e-04 6.157158054838662072e-04 6.123699704244999582e-04 6.088666129283368906e-04 6.059347670955692782e-04 6.037457884131195536e-04 6.014214015676091216e-04 5.994983613806601636e-04 5.975965680460250829e-04 5.962145714943456291e-04 5.949735856354402587e-04 5.939396467000750352e-04 5.935128260869986438e-04 5.929724646574432599e-04 5.923470240687637046e-04 5.914900887382515187e-04 5.904221751782712550e-04 5.896942244748623997e-04 5.890876433053376764e-04 5.893766661959672776e-04 5.914334762794907141e-04 5.942554660361401477e-04 5.928735729068624130e-04 5.905276414255824407e-04 5.913968261934650968e-04
6.210342430999016630e-04 6.145502549985449063e-04 6.092546076270594991e-04 6.059443969652706296e-04 6.024755470279705497e-04 5.995804224890100877e-04 5.974162773905452401e-04 5.951159027731607078e-04 5.932096071573884173e-04 5.913210661551651258e-04 5.899475987562591544e-04 5.887186351909195125e-04 5.876948376370569804e-04 5.872711752066865024e-04 5.867358860297427516e-04 5.861206527083412388e-04 5.852833729050373884e-04 5.842454420120741327e-04 5.835375316338980035e-04 5.829365577618645169e-04 5.832389170747189280e-04 5.852738163165230366e-04 5.880293959644900415e-04 5.866449236628496454e-04 5.843324752353092370e-04 5.852086445597129340e-04
6.157158054838662072e-04 6.092546076270594991e-04 6.040953490295354394e-04 6.007970769171685176e-04 5.973632650299636393e-04 5.944861684362237088e-04 5.923455387536922471e-04 5.900647882296743011e-04 5.881721743619664671e-04 5.863005870334521159e-04 5.849422192746694645e-04 5.837230293593557344e-04 5.827102578884429777e-04 5.822971253695091113e-04 5.817687252976929757e-04 5.811607814890586317e-04 5.803278429612516390e-04 5.793022615592719263e-04 5.786091700443251945e-04 5.780217869282571093e-04 5.783261451588548718e-04 5.803485392418539224e-04 5.830991582415603804e-04 5.817622496854536187e-04 5.794833673120827625e-04 5.803203711633620355e-04
6.123699704244999582e-04 6.059443969652706296e-04 6.007970769171685176e-04 5.975697610646934143e-04 5.941449256676610211e-04 5.912828089185126262e-04 5.891525701118885926e-04 5.868833062422889723e-04 5.850040775517930834e-04 5.831430777235148497e-04 5.817970335091135611e-04 5.805871783754042127e-04 5.795837204506525293e-04 5.791731851588734692e-04 5.786520630001031019e-04 5.780496172916865924e-04 5.772247604457308957e-04 5.762114083766175458e-04 5.755194093305660008e-04 5.749325755760272732e-04 5.752136931372732551e-04 5.771845955882753216e-04 5.798885800614801602e-04 5.785483160320064634e-04 5.763153884002012025e-04 5.771713547977652984e-04
6.088666129283368906e-04 6.024755470279705497e-04 5.973632650299636393e-04 5.941449256676610211e-04 5.907830450152568198e-04 5.879303445891267271e-04 5.858094276781538115e-04 5.835545618164498247e-04 5.816902081710509766e-04 5.798455680433702106e-04 5.785072759636871462e-04 5.773047581842481865e-04 5.763083360650976105e-04 5.759046079766652355e-04 5.753941022430128982e-04 5.748072659972986104e-04 5.739877977419500588e-04 5.729788858911325075e-04 5.722878962285366878e-04 5.716948212310280376e-04 5.719606534937334572e-04 5.739043108889981112e-04 5.765715886588681843e-04 5.752601342812703120e-04 5.730772444003546249e-04 5.739479129938716926e-04
6.059347670955692782e-04 5.995804224890100877e-04 5.944861684362237088e-04 5.912828089185126262e-04 5.879303445891267271e-04 5.851337172011273138e-04 5.830218457196309099e-04 5.807832511356744026e-04 5.789335158770965830e-04 5.771019171120673899e-04 5.757735169412431936e-04 5.745854173523806977e-04 5.736031681437558667e-04 5.732075859516560677e-04 5.727045070099778899e-04 5.721293354567085236e-04 5.713222939192805997e-04 5.703287422916284918e-04 5.696444292462336193e-04 5.690410463966651036e-04 5.692800665373827246e-04 5.711727409283318168e-04 5.738028308878746634e-04 5.725203622448395667e-04 5.703639530410031582e-04 5.712121785792066307e-04
6.037457884131195536e-04 5.974162773905452401e-04 5.923455387536922471e-04 5.891525701118885926e-04 5.858094276781538115e-04 5.830218457196309099e-04 5.809504030354491980e-04 5.787241378060853066e-04 5.768853750740207415e-04 5.750625150930727862e-04 5.737460072613989256e-04 5.725702143742139117e-04 5.715993979891991058e-04 5.712128766747693242e-04 5.707165473105583944e-04 5.701439133832114647e-04 5.693370676862997623e-04 5.683448799615052789e-04 5.676708536900835133e-04 5.670786839984242461e-04 5.673132140091357786e-04 5.691823354059191839e-04 5.718031669228183008e-04 5.705153601504935838e-04 5.683579545169021707e-04 5.692061055850949729e-04
6.014214015676091216e-04 5.951159027731607078e-04 5.900647882296743011e-04 5.868833062422889723e-04 5.835545618164498247e-04 5.807832511356744026e-04 5.787241378060853066e-04 5.765310109136021887e-04 5.747026410058786536e-04 5.728893268097414154e-04 5.715823539313880531e-04 5.704179616515432649e-04 5.694585772555767894e-04 5.690821518705294416e-04 5.685962139956277387e-04 5.680362499269210174e-04 5.672437711399797152e-04 5.662613491309115505e-04 5.655900007828481083e-04 5.649901096727166783e-04 5.651978830549551436e-04 5.670197182813638444e-04 5.696136408866982670e-04 5.683353716068732017e-04 5.662018782065954530e-04 5.670822749799857244e-04
5.994983613806601636e-04 5.932096071573884173e-04 5.881721743619664671e-04 5.850040775517930834e-04 5.816902081710509766e-04 5.789335158770965830e-04 5.768853750740207415e-04 5.747026410058786536e-04 5.729032722867281446e-04 5.711015031832036197e-04 5.698059653675669693e-04 5.686531942198731673e-04 5.677077946559357579e-04 5.673391961206733416e-04 5.668596448641982427e-04 5.663076167362933802e-04 5.655212183445093924e-04 5.645456440224129371e-04 5.638749237609878579e-04 5.632655906742341017e-04 5.634498601458348124e-04 5.652391279392213240e-04 5.678185976966638538e-04 5.665473627089302007e-04 5.644325845575641574e-04 5.653146722006144277e-04
5.975965680460250829e-04 5.913210661551651258e-04 5.863005870334521159e-04 5.831430777235148497e-04 5.798455680433702106e-04 5.771019171120673899e-04 5.750625150930727862e-04 5.728893268097414154e-04 5.711015031832036197e-04 5.693309902736604349e-04 5.680527314915438664e-04 5.669167795728386741e-04 5.659872200413176326e-04 5.656329961342904458e-04 5.651655828773429228e-04 5.646258191675450171e-04 5.638475095941784029e-04 5.628743543681176322e-04 5.622056924013910800e-04 5.615844585616971410e-04 5.617344092233307173e-04 5.634668689044451282e-04 5.660164836917010818e-04 5.647761756247597588e-04 5.626974755318505739e-04 5.635633200754862956e-04
5.962145714943456291e-04 5.899475987562591544e-04 5.849422192746694645e-04 5.817970335091135611e-04 5.785072759636871462e-04 5.757735169412431936e-04 5.737460072613989256e-04 5.715823539313880531e-04 5.698059653675669693e-04 5.680527314915438664e-04 5.668139424671155219e-04 5.657062824642362670e-04 5.648006746554678440e-04 5.644686320602130235e-04 5.640189877605445877e-04 5.634938261936537273e-04 5.627288562096528432e-04 5.617703555639417439e-04 5.611057363737604730e-04 5.604655271790958499e-04 5.605624363465484296e-04 5.622049330471570738e-04 5.646985339260177442e-04 5.634771354275806615e-04 5.614496336096324236e-04 5.623180889703176775e-04
5.949735856354402587e-04 5.887186351909195125e-04 5.837230293593557344e-04 5.805871783754042127e-04 5.773047581842481865e-04 5.745854173523806977e-04 5.725702143742139117e-04 5.704179616515432649e-04 5.686531942198731673e-04 5.669167795728386741e-04 5.657062824642362670e-04 5.646457363437664637e-04 5.637723841080082400e-04 5.634694683047204505e-04 5.630437393504317311e-04 5.625390484887559002e-04 5.617907457351556475e-04 5.608497189678798974e-04 5.601873864566107126e-04 5.595185288738741165e-04 5.595553889315593677e-04 5.611036882941562330e-04 5.635438529594591480e-04 5.623394544497602914e-04 5.603462244398976343e-04 5.612134721114807366e-04
5.939396467000750352e-04 5.876948376370569804e-04 5.827102578884429777e-04 5.795837204506525293e-04 5.763083360650976105e-04 5.736031681437558667e-04 5.715993979891991058e-04 5.694585772555767894e-04 5.677077946559357579e-04 5.659872200413176326e-04 5.648006746554678440e-04 5.637723841080082400e-04 5.629530156010507675e-04 5.626936025094487603e-04 5.623023233215398813e-04 5.618291138590796258e-04 5.611055070446903078e-04 5.601909386334413864e-04 5.595371864917773495e-04 5.588451719254170251e-04 5.588241595739811734e-04 5.602644753715367186e-04 5.626330622750442710e-04 5.614352086284613973e-04 5.594787033641620243e-04 5.603229616624542378e-04
5.935128260869986438e-04 5.872711752066865024e-04 5.822971253695091113e-04 5.791731851588734692e-04 5.759046079766652355e-04 5.732075859516560677e-04 5.712128766747693242e-04 5.690821518705294416e-04 5.673391961206733416e-04 5.656329961342904458e-04 5.644686320602130235e-04 5.634694683047204505e-04 5.626936025094487603e-04 5.624983866172651465e-04 5.621560541474711912e-04 5.617264198698735918e-04 5.610362701986506715e-04 5.601536472472492612e-04 5.595167239066368113e-04 5.588034105953643181e-04 5.587016195810604914e-04 5.599998121708915644e-04 5.622840420576929663e-04 5.611282686088101468e-04 5.592545368742087410e-04 5.600865643334909660e-04
5.929724646574432599e-04 5.867358860297427516e-04 5.817687252976929757e-04 5.786520630001031019e-04 5.753941022430128982e-04 5.727045070099778899e-04 5.707165473105583944e-04 5.685962139956277387e-04 5.668596448641982427e-04 5.651655828773429228e-04 5.640189877605445877e-04 5.630437393504317311e-04 5.623023233215398813e-04 5.621560541474711912e-04 5.618919957825801092e-04 5.615367209833975080e-04 5.609042120350666780e-04 5.600661895478381601e-04 5.594533735591281955e-04 5.587202196759837470e-04 5.585330724198840548e-04 5.596641946003554427e-04 5.618320451297959071e-04 5.607033598654208436e-04 5.588764433084440243e-04 5.596913573872526774e-04
5.923470240687637046e-04 5.861206527083412388e-04 5.811607814890586317e-04 5.780496172916865924e-04 5.748072659972986104e-04 5.721293354567085236e-04 5.701439133832114647e-04 5.680362499269210174e-04 5.663076167362933802e-04 5.646258191675450171e-04 5.634938261936537273e-04 5.625390484887559002e-04 5.618291138590796258e-04 5.617264198698735918e-04 5.615367209833975080e-04 5.612940112707446964e-04 5.607608426133867162e-04 5.600073450570502683e-04 5.594502791810573600e-04 5.587089159353236714e-04 5.584232950887935186e-04 5.593249291547377827e-04 5.612943901502591556e-04 5.601785888684141434e-04 5.584375722068750424e-04 5.592550514868112723e-04
5.914900887382515187e-04 5.852833729050373884e-04 5.803278429612516390e-04 5.772247604457308957e-04 5.739877977419500588e-04 5.713222939192805997e-04 5.693370676862997623e-04 5.672437711399797152e-04 5.655212183445093924e-04 5.638475095941784029e-04 5.627288562096528432e-04 5.617907457351556475e-04 5.611055070446903078e-04 5.610362701986506715e-04 5.609042120350666780e-04 5.607608426133867162e-04 5.603845328019907120e-04 5.597684911502078366e-04 5.592948057100753743e-04 5.585572825641500283e-04 5.581582966420190048e-04 5.587849116816912898e-04 5.605018768220366683e-04 5.593926572961982913e-04 5.577506365049945221e-04 5.586237364338866992e-04
5.904221751782712550e-04 5.842454420120741327e-04 5.793022615592719263e-04 5.762114083766175458e-04 5.729788858911325075e-04 5.703287422916284918e-04 5.683448799615052789e-04 5.662613491309115505e-04 5.645456440224129371e-04 5.628743543681176322e-04 5.617703555639417439e-04 5.608497189678798974e-04 5.601909386334413864e-04 5.601536472472492612e-04 5.600661895478381601e-04 5.600073450570502683e-04 5.597684911502078366e-04 5.593615271379782060e-04 5.590485005925111602e-04 5.583685299023474291e-04 5.579078052488474840e-04 5.582726653977737293e-04 5.596699010759785325e-04 5.585289669184517487e-04 5.570036449466125340e-04 5.578848947516697014e-04
5.896942244748623997e-04 5.835375316338980035e-04 5.786091700443251945e-04 5.755194093305660008e-04 5.722878962285366878e-04 5.696444292462336193e-04 5.676708536900835133e-04 5.655900007828481083e-04 5.638749237609878579e-04 5.622056924013910800e-04 5.611057363737604730e-04 5.601873864566107126e-04 5.595371864917773495e-04 5.595167239066368113e-04 5.594533735591281955e-04 5.594502791810573600e-04 5.592948057100753743e-04 5.590485005925111602e-04 5.589935945005369399e-04 5.585020247332268600e-04 5.581034045245021179e-04 5.583259961352352030e-04 5.593871530359366276e-04 5.580821258442787919e-04 5.565712688227606635e-04 5.574192146381437086e-04
5.890876433053376764e-04 5.829365577618645169e-04 5.780217869282571093e-04 5.749325755760272732e-04 5.716948212310280376e-04 5.690410463966651036e-04 5.670786839984242461e-04 5.649901096727166783e-04 5.632655906742341017e-04 5.615844585616971410e-04 5.604655271790958499e-04 5.595185288738741165e-04 5.588451719254170251e-04 5.588034105953643181e-04 5.587202196759837470e-04 5.587089159353236714e-04 5.585572825641500283e-04 5.583685299023474291e-04 5.585020247332268600e-04 5.583466284232213757e-04 5.582451535453771159e-04 5.585714594503961338e-04 5.594210625223012970e-04 5.577864104812036089e-04 5.561493969635463754e-04 5.569196876971225672e-04
5.893766661959672776e-04 5.832389170747189280e-04 5.783261451588548718e-04 5.752136931372732551e-04 5.719606534937334572e-04 5.692800665373827246e-04 5.673132140091357786e-04 5.651978830549551436e-04 5.634498601458348124e-04 5.617344092233307173e-04 5.605624363465484296e-04 5.595553889315593677e-04 5.588241595739811734e-04 5.587016195810604914e-04 5.585330724198840548e-04 5.584232950887935186e-04 5.581582966420190048e-04 5.579078052488474840e-04 5.581034045245021179e-04 5.582451535453771159e-04 5.587698444356423719e-04 5.597225053573919116e-04 5.607276935750753156e-04 5.585800769035648237e-04 5.565003910155771503e-04 5.571473108427159576e-04
5.914334762794907141e-04 5.852738163165230366e-04 5.803485392418539224e-04 5.771845955882753216e-04 5.739043108889981112e-04 5.711727409283318168e-04 5.691823354059191839e-04 5.670197182813638444e-04 5.652391279392213240e-04 5.634668689044451282e-04 5.622049330471570738e-04 5.611036882941562330e-04 5.602644753715367186e-04 5.599998121708915644e-04 5.596641946003554427e-04 5.593249291547377827e-04 5.587849116816912898e-04 5.582726653977737293e-04 5.583259961352352030e-04 5.585714594503961338e-04 5.597225053573919116e-04 5.620193742556916236e-04 5.640503213252320153e-04 5.615552887628503685e-04 5.585665568693827781e-04 5.590391239392173946e-04
5.942554660361401477e-04 5.880293959644900415e-04 5.830991582415603804e-04 5.798885800614801602e-04 5.765715886588681843e-04 5.738028308878746634e-04 5.718031669228183008e-04 5.696136408866982670e-04 5.678185976966638538e-04 5.660164836917010818e-04 5.646985339260177442e-04 5.635438529594591480e-04 5.626330622750442710e-04 5.622840420576929663e-04 5.618320451297959071e-04 5.612943901502591556e-04 5.605018768220366683e-04 5.596699010759785325e-04 5.593871530359366276e-04 5.594210625223012970e-04 5.607276935750753156e-04 5.640503213252320153e-04 5.678153835253492258e-04 5.659124687357414227e-04 5.618817529764264049e-04 5.619514543445694411e-04
5.928735729068624130e-04 5.866449236628496454e-04 5.817622496854536187e-04 5.785483160320064634e-04 5.752601342812703120e-04 5.725203622448395667e-04 5.705153601504935838e-04 5.683353716068732017e-04 5.665473627089302007e-04 5.647761756247597588e-04 5.634771354275806615e-04 5.623394544497602914e-04 5.614352086284613973e-04 5.611282686088101468e-04 5.607033598654208436e-04 5.601785888684141434e-04 5.593926572961982913e-04 5.585289669184517487e-04 5.580821258442787919e-04 5.577864104812036089e-04 5.585800769035648237e-04 5.615552887628503685e-04 5.659124687357414227e-04 5.657698708205382209e-04 5.622096028501823552e-04 5.615433847296291909e-04
5.905276414255824407e-04 5.843324752353092370e-04 5.794833673120827625e-04 5.763153884002012025e-04 5.730772444003546249e-04 5.703639530410031582e-04 5.683579545169021707e-04 5.662018782065954530e-04 5.644325845575641574e-04 5.626974755318505739e-04 5.614496336096324236e-04 5.603462244398976343e-04 5.594787033641620243e-04 5.592545368742087410e-04 5.588764433084440243e-04 5.584375722068750424e-04 5.577506365049945221e-04 5.570036449466125340e-04 5.565712688227606635e-04 5.561493969635463754e-04 5.565003910155771503e-04 5.585665568693827781e-04 5.618817529764264049e-04 5.622096028501823552e-04 5.610398520268852903e-04 5.605082558540372102e-04
5.913968261934650968e-04 5.852086445597129340e-04 5.803203711633620355e-04 5.771713547977652984e-04 5.739479129938716926e-04 5.712121785792066307e-04 5.692061055850949729e-04 5.670822749799857244e-04 5.653146722006144277e-04 5.635633200754862956e-04 5.623180889703176775e-04 5.612134721114807366e-04 5.603229616624542378e-04 5.600865643334909660e-04 5.596913573872526774e-04 5.592550514868112723e-04 5.586237364338866992e-04 5.578848947516697014e-04 5.574192146381437086e-04 5.569196876971225672e-04 5.571473108427159576e-04 5.590391239392173946e-04 5.619514543445694411e-04 5.615433847296291909e-04 5.605082558540372102e-04 5.622331250974167824e-04
