2.872112868837360037e-04 2.863185557990358425e-04 2.860647897536366642e-04 2.858956380167819162e-04 2.855609259552151420e-04 2.854243695598674595e-04 2.850385698268321404e-04 2.848008927452179580e-04 2.844967812687487730e-04 2.843696098819523143e-04 2.843415844811150034e-04 2.844910874666002035e-04 2.849298109765455297e-04 2.851944009750962327e-04 2.854061608827147952e-04 2.855399295950666319e-04 2.856096133653546372e-04 2.862671133052281983e-04 2.866071056400115789e-04 2.869624171201520389e-04 2.874447665958178928e-04 2.872815668276175742e-04 2.864777347024815126e-04 2.849541355035180431e-04 2.858084777935950243e-04 2.854610176069200824e-04
2.863185557990358425e-04 2.855077838938103259e-04 2.852348990284472147e-04 2.850618205472812993e-04 2.847269464444395414e-04 2.845923865970681759e-04 2.842124287720835889e-04 2.839791842775367110e-04 2.836827314453503591e-04 2.835562067253605918e-04 2.835304839241769800e-04 2.836843651259805333e-04 2.841291440838086759e-04 2.843962440449259430e-04 2.846033937514636436e-04 2.847308970064472218e-04 2.847915657815339868e-04 2.854459375287439309e-04 2.857783502139798191e-04 2.861132443272723386e-04 2.865661700484423212e-04 2.863824298424329251e-04 2.855913295981934888e-04 2.841044072266366645e-04 2.849581899323386062e-04 2.845985048198544859e-04
2.860647897536366642e-04 2.852348990284472147e-04 2.850190536407898518e-04 2.848296424342458902e-04 2.844954331899745659e-04 2.843642006481397083e-04 2.839815565449146364e-04 2.837500069388633689e-04 2.834553466370977716e-04 2.833362969068770943e-04 2.833150379160827292e-04 2.834744724631808595e-04 2.839223917064591352e-04 2.841929566756163359e-04 2.844075947025528580e-04 2.845392612398053357e-04 2.846022804089593547e-04 2.852668863971515359e-04 2.856108136465435304e-04 2.859543228266951112e-04 2.864063156363657399e-04 2.861880758289227764e-04 2.853611938193528004e-04 2.838533307735455246e-04 2.846950590375057436e-04 2.843328096239302227e-04
2.858956380167819162e-04 2.850618205472812993e-04 2.848296424342458902e-04 2.846897574074364360e-04 2.843425510655672923e-04 2.842102069953837966e-04 2.838291419783616669e-04 2.835968574749259704e-04 2.833050927410503796e-04 2.831823859606259677e-04 2.831610948838489145e-04 2.833206653590501279e-04 2.837734950570324995e-04 2.840485438694917214e-04 2.842639456204843536e-04 2.843970570588348515e-04 2.844670590093835330e-04 2.851288193550013798e-04 2.854703118293871978e-04 2.858095483073107290e-04 2.862601894755759492e-04 2.860624446247097847e-04 2.852559579581221620e-04 2.837275238348181358e-04 2.845554536608595046e-04 2.841859930349104903e-04
2.855609259552151420e-04 2.847269464444395414e-04 2.844954331899745659e-04 2.843425510655672923e-04 2.840310498788951952e-04 2.838956766085657161e-04 2.835160991661042434e-04 2.832845563338538429e-04 2.829964359717079933e-04 2.828786759750382307e-04 2.828630906600727163e-04 2.830276892716754203e-04 2.834859654726586760e-04 2.837674309662450945e-04 2.839918102153496577e-04 2.841341746636668990e-04 2.842083017226335181e-04 2.848729563330617111e-04 2.852137165005532056e-04 2.855467880899227682e-04 2.859825292809793965e-04 2.857509888433322292e-04 2.849175405160336611e-04 2.833869346554368138e-04 2.842439283489795539e-04 2.838861355425542437e-04
2.854243695598674595e-04 2.845923865970681759e-04 2.843642006481397083e-04 2.842102069953837966e-04 2.838956766085657161e-04 2.837876186192641844e-04 2.834048977028024059e-04 2.831735354394351476e-04 2.828870900335650799e-04 2.827731019853249681e-04 2.827612455907310457e-04 2.829304874049606063e-04 2.833928393119844826e-04 2.836798425254364675e-04 2.839055588329407378e-04 2.840497054255937837e-04 2.841248722462239441e-04 2.847848133788540188e-04 2.851185710642146370e-04 2.854450237259304021e-04 2.858647180820721970e-04 2.856101147552752130e-04 2.847735223070001057e-04 2.832515557583291030e-04 2.841138798597978759e-04 2.837486912267692444e-04
2.850385698268321404e-04 2.842124287720835889e-04 2.839815565449146364e-04 2.838291419783616669e-04 2.835160991661042434e-04 2.834048977028024059e-04 2.830477210543099311e-04 2.828212656514324870e-04 2.825414755194862858e-04 2.824340439452166875e-04 2.824282057342605064e-04 2.826026523841521413e-04 2.830739395902597141e-04 2.833691102901417149e-04 2.836040340121161662e-04 2.837564306365261929e-04 2.838413456815374941e-04 2.845076866525266457e-04 2.848478660196291832e-04 2.851718312142888841e-04 2.855667709742560180e-04 2.852744933408560345e-04 2.844360109967498961e-04 2.829011075062806864e-04 2.837424638170106452e-04 2.833637606779873595e-04
2.848008927452179580e-04 2.839791842775367110e-04 2.837500069388633689e-04 2.835968574749259704e-04 2.832845563338538429e-04 2.831735354394351476e-04 2.828212656514324870e-04 2.826177610493716698e-04 2.823458205125685145e-04 2.822472287360608639e-04 2.822504886074509432e-04 2.824371735466479384e-04 2.829214033108648453e-04 2.832248179782989703e-04 2.834693105043164922e-04 2.836331630510229734e-04 2.837284901318362857e-04 2.844051921072387524e-04 2.847473662097418012e-04 2.850683365271748627e-04 2.854389689538214757e-04 2.851013032618986728e-04 2.842391427585195108e-04 2.826853463276253454e-04 2.835242128447172790e-04 2.831515654962735466e-04
2.844967812687487730e-04 2.836827314453503591e-04 2.834553466370977716e-04 2.833050927410503796e-04 2.829964359717079933e-04 2.828870900335650799e-04 2.825414755194862858e-04 2.823458205125685145e-04 2.821011590280770990e-04 2.820148555533218463e-04 2.820314136425054177e-04 2.822330356557126011e-04 2.827348479677690616e-04 2.830502777347156736e-04 2.833074335431636664e-04 2.834862832209991733e-04 2.835944626671772165e-04 2.842781435665968207e-04 2.846216985433266283e-04 2.849323587547062829e-04 2.852681624996766720e-04 2.848680952133825044e-04 2.839709036581770213e-04 2.824166458088305269e-04 2.832618539086695602e-04 2.828899767560326991e-04
2.843696098819523143e-04 2.835562067253605918e-04 2.833362969068770943e-04 2.831823859606259677e-04 2.828786759750382307e-04 2.827731019853249681e-04 2.824340439452166875e-04 2.822472287360608639e-04 2.820148555533218463e-04 2.819581602115317173e-04 2.819929169079016620e-04 2.822133270269429773e-04 2.827377100528971491e-04 2.830740092941760725e-04 2.833514895114036796e-04 2.835488564569378710e-04 2.836713030973288534e-04 2.843639441164310180e-04 2.847089900152031169e-04 2.850085199730461260e-04 2.852941749109391494e-04 2.848084567580123818e-04 2.838662765496823199e-04 2.823066758299690453e-04 2.831582514081438032e-04 2.827623732726375588e-04
2.843415844811150034e-04 2.835304839241769800e-04 2.833150379160827292e-04 2.831610948838489145e-04 2.828630906600727163e-04 2.827612455907310457e-04 2.824282057342605064e-04 2.822504886074509432e-04 2.820314136425054177e-04 2.819929169079016620e-04 2.820650857755654874e-04 2.823154689896261024e-04 2.828725919136056252e-04 2.832371584789023498e-04 2.835407527970314570e-04 2.837593360199700053e-04 2.839018673562572698e-04 2.846093734477319519e-04 2.849561586186049591e-04 2.852353900947750612e-04 2.854466910505600551e-04 2.848417090082196808e-04 2.838424355736034687e-04 2.822932833618398813e-04 2.831522050644919193e-04 2.827600063311594566e-04
2.844910874666002035e-04 2.836843651259805333e-04 2.834744724631808595e-04 2.833206653590501279e-04 2.830276892716754203e-04 2.829304874049606063e-04 2.826026523841521413e-04 2.824371735466479384e-04 2.822330356557126011e-04 2.822133270269429773e-04 2.823154689896261024e-04 2.826132357312139266e-04 2.832142578202870948e-04 2.836143062692112848e-04 2.839521324703774083e-04 2.841980376865169849e-04 2.843591326822311207e-04 2.850759475059599533e-04 2.854195521447902019e-04 2.856736644084485201e-04 2.858039635465339573e-04 2.850617882694638362e-04 2.839949536091330431e-04 2.824398248053356275e-04 2.833150889154649639e-04 2.829001233974745761e-04
2.849298109765455297e-04 2.841291440838086759e-04 2.839223917064591352e-04 2.837734950570324995e-04 2.834859654726586760e-04 2.833928393119844826e-04 2.830739395902597141e-04 2.829214033108648453e-04 2.827348479677690616e-04 2.827377100528971491e-04 2.828725919136056252e-04 2.832142578202870948e-04 2.838856552049592950e-04 2.843435086276802277e-04 2.847369921459015196e-04 2.850311842604892881e-04 2.852297344124175610e-04 2.859722418333855709e-04 2.863159876793161399e-04 2.865389953657937754e-04 2.865597566991785012e-04 2.856227340809087143e-04 2.844678183904821717e-04 2.829158049740998124e-04 2.837866267812734857e-04 2.833400845892579422e-04
2.851944009750962327e-04 2.843962440449259430e-04 2.841929566756163359e-04 2.840485438694917214e-04 2.837674309662450945e-04 2.836798425254364675e-04 2.833691102901417149e-04 2.832248179782989703e-04 2.830502777347156736e-04 2.830740092941760725e-04 2.832371584789023498e-04 2.836143062692112848e-04 2.843435086276802277e-04 2.848796949909344661e-04 2.853463581841156295e-04 2.857010346325222945e-04 2.859493089305944536e-04 2.867259649878150141e-04 2.870773698519342920e-04 2.872707898648478499e-04 2.871890529254322974e-04 2.860537287035041479e-04 2.848155637260264741e-04 2.832715883612201284e-04 2.841280924668230178e-04 2.836297185266746057e-04
2.854061608827147952e-04 2.846033937514636436e-04 2.844075947025528580e-04 2.842639456204843536e-04 2.839918102153496577e-04 2.839055588329407378e-04 2.836040340121161662e-04 2.834693105043164922e-04 2.833074335431636664e-04 2.833514895114036796e-04 2.835407527970314570e-04 2.839521324703774083e-04 2.847369921459015196e-04 2.853463581841156295e-04 2.859140741522312444e-04 2.863562342846392495e-04 2.866791002993634573e-04 2.875142885060421346e-04 2.878899177697476176e-04 2.880673628160847709e-04 2.878795843271631525e-04 2.865178757138697675e-04 2.851582127796242522e-04 2.835840211679001429e-04 2.844254169206009500e-04 2.839020973802010100e-04
2.855399295950666319e-04 2.847308970064472218e-04 2.845392612398053357e-04 2.843970570588348515e-04 2.841341746636668990e-04 2.840497054255937837e-04 2.837564306365261929e-04 2.836331630510229734e-04 2.834862832209991733e-04 2.835488564569378710e-04 2.837593360199700053e-04 2.841980376865169849e-04 2.850311842604892881e-04 2.857010346325222945e-04 2.863562342846392495e-04 2.869223121607874009e-04 2.873587643551751641e-04 2.882721781679041030e-04 2.886723221814809469e-04 2.888489408566168146e-04 2.885714466281542184e-04 2.869584703299568108e-04 2.854434806186763925e-04 2.838424807684426050e-04 2.846742874196330213e-04 2.841416952781692555e-04
2.856096133653546372e-04 2.847915657815339868e-04 2.846022804089593547e-04 2.844670590093835330e-04 2.842083017226335181e-04 2.841248722462239441e-04 2.838413456815374941e-04 2.837284901318362857e-04 2.835944626671772165e-04 2.836713030973288534e-04 2.839018673562572698e-04 2.843591326822311207e-04 2.852297344124175610e-04 2.859493089305944536e-04 2.866791002993634573e-04 2.873587643551751641e-04 2.879725342284990036e-04 2.890392626232569581e-04 2.895321738994959372e-04 2.897672997314235653e-04 2.894399804017341936e-04 2.875540146219314648e-04 2.857808970220513832e-04 2.840963685677314141e-04 2.848840858011470085e-04 2.843445216669653356e-04
2.862671133052281983e-04 2.854459375287439309e-04 2.852668863971515359e-04 2.851288193550013798e-04 2.848729563330617111e-04 2.847848133788540188e-04 2.845076866525266457e-04 2.844051921072387524e-04 2.842781435665968207e-04 2.843639441164310180e-04 2.846093734477319519e-04 2.850759475059599533e-04 2.859722418333855709e-04 2.867259649878150141e-04 2.875142885060421346e-04 2.882721781679041030e-04 2.890392626232569581e-04 2.903220018359660881e-04 2.909908951351992848e-04 2.913502685583048879e-04 2.910262313178404807e-04 2.889024814959381248e-04 2.867868825730541648e-04 2.849394775407921242e-04 2.856368510106124846e-04 2.851167265442903598e-04
2.866071056400115789e-04 2.857783502139798191e-04 2.856108136465435304e-04 2.854703118293871978e-04 2.852137165005532056e-04 2.851185710642146370e-04 2.848478660196291832e-04 2.847473662097418012e-04 2.846216985433266283e-04 2.847089900152031169e-04 2.849561586186049591e-04 2.854195521447902019e-04 2.863159876793161399e-04 2.870773698519342920e-04 2.878899177697476176e-04 2.886723221814809469e-04 2.895321738994959372e-04 2.909908951351992848e-04 2.919428517428798980e-04 2.925694238574376026e-04 2.923903046730307932e-04 2.901885620410252459e-04 2.876692225393339655e-04 2.855224705394871160e-04 2.861009477039169312e-04 2.855748664992411472e-04
2.869624171201520389e-04 2.861132443272723386e-04 2.859543228266951112e-04 2.858095483073107290e-04 2.855467880899227682e-04 2.854450237259304021e-04 2.851718312142888841e-04 2.850683365271748627e-04 2.849323587547062829e-04 2.850085199730461260e-04 2.852353900947750612e-04 2.856736644084485201e-04 2.865389953657937754e-04 2.872707898648478499e-04 2.880673628160847709e-04 2.888489408566168146e-04 2.897672997314235653e-04 2.913502685583048879e-04 2.925694238574376026e-04 2.936435393595070967e-04 2.938490611621822506e-04 2.917520669337038538e-04 2.888070396117079310e-04 2.861679417711717214e-04 2.866286365886055402e-04 2.860944554736710157e-04
2.874447665958178928e-04 2.865661700484423212e-04 2.864063156363657399e-04 2.862601894755759492e-04 2.859825292809793965e-04 2.858647180820721970e-04 2.855667709742560180e-04 2.854389689538214757e-04 2.852681624996766720e-04 2.852941749109391494e-04 2.854466910505600551e-04 2.858039635465339573e-04 2.865597566991785012e-04 2.871890529254322974e-04 2.878795843271631525e-04 2.885714466281542184e-04 2.894399804017341936e-04 2.910262313178404807e-04 2.923903046730307932e-04 2.938490611621822506e-04 2.947950574358806897e-04 2.933662452686688015e-04 2.903692647426011708e-04 2.871201143023104844e-04 2.873355881334246106e-04 2.867331724195031073e-04
2.872815668276175742e-04 2.863824298424329251e-04 2.861880758289227764e-04 2.860624446247097847e-04 2.857509888433322292e-04 2.856101147552752130e-04 2.852744933408560345e-04 2.851013032618986728e-04 2.848680952133825044e-04 2.848084567580123818e-04 2.848417090082196808e-04 2.850617882694638362e-04 2.856227340809087143e-04 2.860537287035041479e-04 2.865178757138697675e-04 2.869584703299568108e-04 2.875540146219314648e-04 2.889024814959381248e-04 2.901885620410252459e-04 2.917520669337038538e-04 2.933662452686688015e-04 2.933592357484707475e-04 2.911570577183612363e-04 2.875319361161305710e-04 2.872410773041817020e-04 2.864474954013723805e-04
2.864777347024815126e-04 2.855913295981934888e-04 2.853611938193528004e-04 2.852559579581221620e-04 2.849175405160336611e-04 2.847735223070001057e-04 2.844360109967498961e-04 2.842391427585195108e-04 2.839709036581770213e-04 2.838662765496823199e-04 2.838424355736034687e-04 2.839949536091330431e-04 2.844678183904821717e-04 2.848155637260264741e-04 2.851582127796242522e-04 2.854434806186763925e-04 2.857808970220513832e-04 2.867868825730541648e-04 2.876692225393339655e-04 2.888070396117079310e-04 2.903692647426011708e-04 2.911570577183612363e-04 2.906818309551966232e-04 2.879821958631856912e-04 2.871283003239309727e-04 2.857442932740524434e-04
2.849541355035180431e-04 2.841044072266366645e-04 2.838533307735455246e-04 2.837275238348181358e-04 2.833869346554368138e-04 2.832515557583291030e-04 2.829011075062806864e-04 2.826853463276253454e-04 2.824166458088305269e-04 2.823066758299690453e-04 2.822932833618398813e-04 2.824398248053356275e-04 2.829158049740998124e-04 2.832715883612201284e-04 2.835840211679001429e-04 2.838424807684426050e-04 2.840963685677314141e-04 2.849394775407921242e-04 2.855224705394871160e-04 2.861679417711717214e-04 2.871201143023104844e-04 2.875319361161305710e-04 2.879821958631856912e-04 2.874449003892388965e-04 2.870580805163096857e-04 2.849775518731411587e-04
2.858084777935950243e-04 2.849581899323386062e-04 2.846950590375057436e-04 2.845554536608595046e-04 2.842439283489795539e-04 2.841138798597978759e-04 2.837424638170106452e-04 2.835242128447172790e-04 2.832618539086695602e-04 2.831582514081438032e-04 2.831522050644919193e-04 2.833150889154649639e-04 2.837866267812734857e-04 2.841280924668230178e-04 2.844254169206009500e-04 2.846742874196330213e-04 2.848840858011470085e-04 2.856368510106124846e-04 2.861009477039169312e-04 2.866286365886055402e-04 2.873355881334246106e-04 2.872410773041817020e-04 2.871283003239309727e-04 2.870580805163096857e-04 2.888590397089310560e-04 2.872703480125690179e-04
2.854610176069200824e-04 2.845985048198544859e-04 2.843328096239302227e-04 2.841859930349104903e-04 2.838861355425542437e-04 2.837486912267692444e-04 2.833637606779873595e-04 2.831515654962735466e-04 2.828899767560326991e-04 2.827623732726375588e-04 2.827600063311594566e-04 2.829001233974745761e-04 2.833400845892579422e-04 2.836297185266746057e-04 2.839020973802010100e-04 2.841416952781692555e-04 2.843445216669653356e-04 2.851167265442903598e-04 2.855748664992411472e-04 2.860944554736710157e-04 2.867331724195031073e-04 2.864474954013723805e-04 2.857442932740524434e-04 2.849775518731411587e-04 2.872703480125690179e-04 2.881785594279225970e-04
