2.698439193151695335e-04 2.698575461182399059e-04 2.696364407885340009e-04 2.691429462152639032e-04 2.688904344986748685e-04 2.686191885568807729e-04 2.682710661033500007e-04 2.679838065850125516e-04 2.677204022698792367e-04 2.674127242900181732e-04 2.671432008463702564e-04 2.669623247419003454e-04 2.669397569146417497e-04 2.667772622659544480e-04 2.666294196547701334e-04 2.664667336176557524e-04 2.661627745729619400e-04 2.661847979286109190e-04 2.664887989373412522e-04 2.666393946830967988e-04 2.669002755050115818e-04 2.677952563492618930e-04 2.685156877967999692e-04 2.679888590939098173e-04 2.674388394402659385e-04 2.676397622227413213e-04
2.698575461182399059e-04 2.699376967989676880e-04 2.696974312885072438e-04 2.691979925476758215e-04 2.689409289332555771e-04 2.686684055236235888e-04 2.683202869378470239e-04 2.680297656798607468e-04 2.677620269283123924e-04 2.674482565906123556e-04 2.671735702001017056e-04 2.669833668117217187e-04 2.669567837972826622e-04 2.667926783970156089e-04 2.666425523530305958e-04 2.664750267201387553e-04 2.661715594048208564e-04 2.661870574774212917e-04 2.664877045182094894e-04 2.666376680987132494e-04 2.669136197931538902e-04 2.678326418816764118e-04 2.685614738070998429e-04 2.680132367558053872e-04 2.674751461174003885e-04 2.676752629718488199e-04
2.696364407885340009e-04 2.696974312885072438e-04 2.695031861817142899e-04 2.689917789268781302e-04 2.687382329473836872e-04 2.684651517021650565e-04 2.681190724588353039e-04 2.678300248132834153e-04 2.675641917420795452e-04 2.672545090450273485e-04 2.669825613577459585e-04 2.667984233730650158e-04 2.667729666935137844e-04 2.666075642367020425e-04 2.664588887159737127e-04 2.662953356685781627e-04 2.659946790405400257e-04 2.660124577976770324e-04 2.663219638931316798e-04 2.664792572406163621e-04 2.667462098141838733e-04 2.676330295001530025e-04 2.683334485234192455e-04 2.677908198132007873e-04 2.672627266149353652e-04 2.674637341226398049e-04
2.691429462152639032e-04 2.691979925476758215e-04 2.689917789268781302e-04 2.685165422892595065e-04 2.682573018333172274e-04 2.679830325896451876e-04 2.676382694918561867e-04 2.673500508277385228e-04 2.670870357780329878e-04 2.667772532538970173e-04 2.665061091059144202e-04 2.663235416421131101e-04 2.663019927768053006e-04 2.661382361364772529e-04 2.659906251961535479e-04 2.658283419054578473e-04 2.655310220966738857e-04 2.655528578853316832e-04 2.658604342638826450e-04 2.660094680254064016e-04 2.662619000393425385e-04 2.671387039628322978e-04 2.678461149632683667e-04 2.673118792420899449e-04 2.667745235580752075e-04 2.669884581946276514e-04
2.688904344986748685e-04 2.689409289332555771e-04 2.687382329473836872e-04 2.682573018333172274e-04 2.680211513586079532e-04 2.677447981902147055e-04 2.673990705684671184e-04 2.671128489688970949e-04 2.668503201088873763e-04 2.665439677520589894e-04 2.662739941628241430e-04 2.660919421849368784e-04 2.660715932252333618e-04 2.659077677751204042e-04 2.657629034920428531e-04 2.656044297777847177e-04 2.653081239182440080e-04 2.653250105592894030e-04 2.656267876667569943e-04 2.657689517369557866e-04 2.660082173506298766e-04 2.668751394086076728e-04 2.675843237123121283e-04 2.670521202032430201e-04 2.665196884228031933e-04 2.667280566476999703e-04
2.686191885568807729e-04 2.686684055236235888e-04 2.684651517021650565e-04 2.679830325896451876e-04 2.677447981902147055e-04 2.674882683531146568e-04 2.671420922160405199e-04 2.668573564827967965e-04 2.665970865550747215e-04 2.662941989771958669e-04 2.660258280560990870e-04 2.658464201091077415e-04 2.658257808967517998e-04 2.656611091035538177e-04 2.655162358708217725e-04 2.653571487834765065e-04 2.650597286283756229e-04 2.650806980376214147e-04 2.653888072437757045e-04 2.655321570606122015e-04 2.657639107863276739e-04 2.666249917267368924e-04 2.673274231525966048e-04 2.667838452253944864e-04 2.662563085445388564e-04 2.664762222680898125e-04
2.682710661033500007e-04 2.683202869378470239e-04 2.681190724588353039e-04 2.676382694918561867e-04 2.673990705684671184e-04 2.671420922160405199e-04 2.668137950047814837e-04 2.665307311619827496e-04 2.662732385241315205e-04 2.659729901392902810e-04 2.657068612331840458e-04 2.655296942661731141e-04 2.655114754306814903e-04 2.653496841395131716e-04 2.652049900134733859e-04 2.650425770894804787e-04 2.647429903210688504e-04 2.647616814094651706e-04 2.650645744210075811e-04 2.651961286010220162e-04 2.654111745950517515e-04 2.662599414387855170e-04 2.669619420510659742e-04 2.664394947637477545e-04 2.659233617823474017e-04 2.661442637654468806e-04
2.679838065850125516e-04 2.680297656798607468e-04 2.678300248132834153e-04 2.673500508277385228e-04 2.671128489688970949e-04 2.668573564827967965e-04 2.665307311619827496e-04 2.662633990675493867e-04 2.660095697395070853e-04 2.657125491197132212e-04 2.654504875297185014e-04 2.652779128273865562e-04 2.652642514208257006e-04 2.651053704206494661e-04 2.649618746151425437e-04 2.647989398722254114e-04 2.645013107056645870e-04 2.645198354924708953e-04 2.648184375727574312e-04 2.649363046909579151e-04 2.651258941495358325e-04 2.659584215173307550e-04 2.666638000680795410e-04 2.661547736041227643e-04 2.656433187507388342e-04 2.658559739960535779e-04
2.677204022698792367e-04 2.677620269283123924e-04 2.675641917420795452e-04 2.670870357780329878e-04 2.668503201088873763e-04 2.665970865550747215e-04 2.662732385241315205e-04 2.660095697395070853e-04 2.657724108727918468e-04 2.654806421447370281e-04 2.652244813575254474e-04 2.650574877243989740e-04 2.650474705429889302e-04 2.648902756963424305e-04 2.647464310227275490e-04 2.645807695481049724e-04 2.642761162536843341e-04 2.642878332238600110e-04 2.645773901557727046e-04 2.646768113133593611e-04 2.648423283476725068e-04 2.656625942893365514e-04 2.663696826335610300e-04 2.658639284742448879e-04 2.653621226156526011e-04 2.655831116280624876e-04
2.674127242900181732e-04 2.674482565906123556e-04 2.672545090450273485e-04 2.667772532538970173e-04 2.665439677520589894e-04 2.662941989771958669e-04 2.659729901392902810e-04 2.657125491197132212e-04 2.654806421447370281e-04 2.652072025376751591e-04 2.649605982171475416e-04 2.648023454016575420e-04 2.648023317027536601e-04 2.646546563021722398e-04 2.645199008430863309e-04 2.643596094065304818e-04 2.640587757510508109e-04 2.640708267861346025e-04 2.643550687122249009e-04 2.644394212767333806e-04 2.645695919649047553e-04 2.653535636543061368e-04 2.660442609240471824e-04 2.655301052784107591e-04 2.650466519640288891e-04 2.652891739671639579e-04
2.671432008463702564e-04 2.671735702001017056e-04 2.669825613577459585e-04 2.665061091059144202e-04 2.662739941628241430e-04 2.660258280560990870e-04 2.657068612331840458e-04 2.654504875297185014e-04 2.652244813575254474e-04 2.649605982171475416e-04 2.647347276250572421e-04 2.645910920876995008e-04 2.646031028262836485e-04 2.644655926799868175e-04 2.643404947786680216e-04 2.641875606284336338e-04 2.638934038084495308e-04 2.639080566270171299e-04 2.641898990947817130e-04 2.642644853572226229e-04 2.643606185617265758e-04 2.651009288413124507e-04 2.657635390860403710e-04 2.652329452298015050e-04 2.647645885942840043e-04 2.650376129299776909e-04
2.669623247419003454e-04 2.669833668117217187e-04 2.667984233730650158e-04 2.663235416421131101e-04 2.660919421849368784e-04 2.658464201091077415e-04 2.655296942661731141e-04 2.652779128273865562e-04 2.650574877243989740e-04 2.648023454016575420e-04 2.645910920876995008e-04 2.644748719040404517e-04 2.645070073929920687e-04 2.643849157224759778e-04 2.642734243864321196e-04 2.641319351256459945e-04 2.638468614715611680e-04 2.638698030816354978e-04 2.641532235263760009e-04 2.642179224658069417e-04 2.642692580732967553e-04 2.649463085420507486e-04 2.655678013642162778e-04 2.650251119724775727e-04 2.645789041633851268e-04 2.648807660141767298e-04
2.669397569146417497e-04 2.669567837972826622e-04 2.667729666935137844e-04 2.663019927768053006e-04 2.660715932252333618e-04 2.658257808967517998e-04 2.655114754306814903e-04 2.652642514208257006e-04 2.650474705429889302e-04 2.648023317027536601e-04 2.646031028262836485e-04 2.645070073929920687e-04 2.645733119189425954e-04 2.644797063532445310e-04 2.643915539185687788e-04 2.642682709784358822e-04 2.639995644296482067e-04 2.640358849539321579e-04 2.643238031201407138e-04 2.643741519801739970e-04 2.643685592590648537e-04 2.649616242565436741e-04 2.655249459786684463e-04 2.649669445759479463e-04 2.645685811761487832e-04 2.649122050728513469e-04
2.667772622659544480e-04 2.667926783970156089e-04 2.666075642367020425e-04 2.661382361364772529e-04 2.659077677751204042e-04 2.656611091035538177e-04 2.653496841395131716e-04 2.651053704206494661e-04 2.648902756963424305e-04 2.646546563021722398e-04 2.644655926799868175e-04 2.643849157224759778e-04 2.644797063532445310e-04 2.644296962322785342e-04 2.643774807685347309e-04 2.642796820381701039e-04 2.640267486008942145e-04 2.640739988737807035e-04 2.643639983910472881e-04 2.643969117873637854e-04 2.643326657533849730e-04 2.648335081646176073e-04 2.653375310741448224e-04 2.647696773447566574e-04 2.644115235629622852e-04 2.647877364523357983e-04
2.666294196547701334e-04 2.666425523530305958e-04 2.664588887159737127e-04 2.659906251961535479e-04 2.657629034920428531e-04 2.655162358708217725e-04 2.652049900134733859e-04 2.649618746151425437e-04 2.647464310227275490e-04 2.645199008430863309e-04 2.643404947786680216e-04 2.642734243864321196e-04 2.643915539185687788e-04 2.643774807685347309e-04 2.643749519390116670e-04 2.643201387802305972e-04 2.640967980202396930e-04 2.641600315340636549e-04 2.644543093253907268e-04 2.644692287600669653e-04 2.643384465528990173e-04 2.647305457138381807e-04 2.651716236988833648e-04 2.646043738187170728e-04 2.642818888130738127e-04 2.646809754147236488e-04
2.664667336176557524e-04 2.664750267201387553e-04 2.662953356685781627e-04 2.658283419054578473e-04 2.656044297777847177e-04 2.653571487834765065e-04 2.650425770894804787e-04 2.647989398722254114e-04 2.645807695481049724e-04 2.643596094065304818e-04 2.641875606284336338e-04 2.641319351256459945e-04 2.642682709784358822e-04 2.642796820381701039e-04 2.643201387802305972e-04 2.643373982256100535e-04 2.641764077500310861e-04 2.642779232788075106e-04 2.645932540868954370e-04 2.646080538044463023e-04 2.644115250998203825e-04 2.646643520981992420e-04 2.650025939126457561e-04 2.644409588372777058e-04 2.641587450539701395e-04 2.645695020494955442e-04
2.661627745729619400e-04 2.661715594048208564e-04 2.659946790405400257e-04 2.655310220966738857e-04 2.653081239182440080e-04 2.650597286283756229e-04 2.647429903210688504e-04 2.645013107056645870e-04 2.642761162536843341e-04 2.640587757510508109e-04 2.638934038084495308e-04 2.638468614715611680e-04 2.639995644296482067e-04 2.640267486008942145e-04 2.640967980202396930e-04 2.641764077500310861e-04 2.641138624868333740e-04 2.642945068025752626e-04 2.646557193073163805e-04 2.646884707215423223e-04 2.644433751436436365e-04 2.645491353223074953e-04 2.647409847544346970e-04 2.641667228260048662e-04 2.639207464246575503e-04 2.643285881714013208e-04
2.661847979286109190e-04 2.661870574774212917e-04 2.660124577976770324e-04 2.655528578853316832e-04 2.653250105592894030e-04 2.650806980376214147e-04 2.647616814094651706e-04 2.645198354924708953e-04 2.642878332238600110e-04 2.640708267861346025e-04 2.639080566270171299e-04 2.638698030816354978e-04 2.640358849539321579e-04 2.640739988737807035e-04 2.641600315340636549e-04 2.642779232788075106e-04 2.642945068025752626e-04 2.646090333921397616e-04 2.650777685487138834e-04 2.651581080679691086e-04 2.648877448420803205e-04 2.648403854041074643e-04 2.648186868386817388e-04 2.642024545491402461e-04 2.640240955434074600e-04 2.644506323448353523e-04
2.664887989373412522e-04 2.664877045182094894e-04 2.663219638931316798e-04 2.658604342638826450e-04 2.656267876667569943e-04 2.653888072437757045e-04 2.650645744210075811e-04 2.648184375727574312e-04 2.645773901557727046e-04 2.643550687122249009e-04 2.641898990947817130e-04 2.641532235263760009e-04 2.643238031201407138e-04 2.643639983910472881e-04 2.644543093253907268e-04 2.645932540868954370e-04 2.646557193073163805e-04 2.650777685487138834e-04 2.657211459253368767e-04 2.659247329974264926e-04 2.656714687882025770e-04 2.655070345439795518e-04 2.652412433752269713e-04 2.645318488553500842e-04 2.644026117643592843e-04 2.648431919032781111e-04
2.666393946830967988e-04 2.666376680987132494e-04 2.664792572406163621e-04 2.660094680254064016e-04 2.657689517369557866e-04 2.655321570606122015e-04 2.651961286010220162e-04 2.649363046909579151e-04 2.646768113133593611e-04 2.644394212767333806e-04 2.642644853572226229e-04 2.642179224658069417e-04 2.643741519801739970e-04 2.643969117873637854e-04 2.644692287600669653e-04 2.646080538044463023e-04 2.646884707215423223e-04 2.651581080679691086e-04 2.659247329974264926e-04 2.663867777829993224e-04 2.663450031758178159e-04 2.662092410902379414e-04 2.657240020095855918e-04 2.647779600532248557e-04 2.646356646163189460e-04 2.650672129002249171e-04
2.669002755050115818e-04 2.669136197931538902e-04 2.667462098141838733e-04 2.662619000393425385e-04 2.660082173506298766e-04 2.657639107863276739e-04 2.654111745950517515e-04 2.651258941495358325e-04 2.648423283476725068e-04 2.645695919649047553e-04 2.643606185617265758e-04 2.642692580732967553e-04 2.643685592590648537e-04 2.643326657533849730e-04 2.643384465528990173e-04 2.644115250998203825e-04 2.644433751436436365e-04 2.648877448420803205e-04 2.656714687882025770e-04 2.663450031758178159e-04 2.667904282759452376e-04 2.670696322818770160e-04 2.666363992411793413e-04 2.653180610987953040e-04 2.649510408262541390e-04 2.653032876036539906e-04
2.677952563492618930e-04 2.678326418816764118e-04 2.676330295001530025e-04 2.671387039628322978e-04 2.668751394086076728e-04 2.666249917267368924e-04 2.662599414387855170e-04 2.659584215173307550e-04 2.656625942893365514e-04 2.653535636543061368e-04 2.651009288413124507e-04 2.649463085420507486e-04 2.649616242565436741e-04 2.648335081646176073e-04 2.647305457138381807e-04 2.646643520981992420e-04 2.645491353223074953e-04 2.648403854041074643e-04 2.655070345439795518e-04 2.662092410902379414e-04 2.670696322818770160e-04 2.681941259234975686e-04 2.683688857681130482e-04 2.668082382909792312e-04 2.659181392462460145e-04 2.661392557690612387e-04
2.685156877967999692e-04 2.685614738070998429e-04 2.683334485234192455e-04 2.678461149632683667e-04 2.675843237123121283e-04 2.673274231525966048e-04 2.669619420510659742e-04 2.666638000680795410e-04 2.663696826335610300e-04 2.660442609240471824e-04 2.657635390860403710e-04 2.655678013642162778e-04 2.655249459786684463e-04 2.653375310741448224e-04 2.651716236988833648e-04 2.650025939126457561e-04 2.647409847544346970e-04 2.648186868386817388e-04 2.652412433752269713e-04 2.657240020095855918e-04 2.666363992411793413e-04 2.683688857681130482e-04 2.696691079613809335e-04 2.684300305685242234e-04 2.668164450481671167e-04 2.668269573319295598e-04
2.679888590939098173e-04 2.680132367558053872e-04 2.677908198132007873e-04 2.673118792420899449e-04 2.670521202032430201e-04 2.667838452253944864e-04 2.664394947637477545e-04 2.661547736041227643e-04 2.658639284742448879e-04 2.655301052784107591e-04 2.652329452298015050e-04 2.650251119724775727e-04 2.649669445759479463e-04 2.647696773447566574e-04 2.646043738187170728e-04 2.644409588372777058e-04 2.641667228260048662e-04 2.642024545491402461e-04 2.645318488553500842e-04 2.647779600532248557e-04 2.653180610987953040e-04 2.668082382909792312e-04 2.684300305685242234e-04 2.683165049592551254e-04 2.668451865661569298e-04 2.664013212666640823e-04
2.674388394402659385e-04 2.674751461174003885e-04 2.672627266149353652e-04 2.667745235580752075e-04 2.665196884228031933e-04 2.662563085445388564e-04 2.659233617823474017e-04 2.656433187507388342e-04 2.653621226156526011e-04 2.650466519640288891e-04 2.647645885942840043e-04 2.645789041633851268e-04 2.645685811761487832e-04 2.644115235629622852e-04 2.642818888130738127e-04 2.641587450539701395e-04 2.639207464246575503e-04 2.640240955434074600e-04 2.644026117643592843e-04 2.646356646163189460e-04 2.649510408262541390e-04 2.659181392462460145e-04 2.668164450481671167e-04 2.668451865661569298e-04 2.668499965123626375e-04 2.666073135353605743e-04
2.676397622227413213e-04 2.676752629718488199e-04 2.674637341226398049e-04 2.669884581946276514e-04 2.667280566476999703e-04 2.664762222680898125e-04 2.661442637654468806e-04 2.658559739960535779e-04 2.655831116280624876e-04 2.652891739671639579e-04 2.650376129299776909e-04 2.648807660141767298e-04 2.649122050728513469e-04 2.647877364523357983e-04 2.646809754147236488e-04 2.645695020494955442e-04 2.643285881714013208e-04 2.644506323448353523e-04 2.648431919032781111e-04 2.650672129002249171e-04 2.653032876036539906e-04 2.661392557690612387e-04 2.668269573319295598e-04 2.664013212666640823e-04 2.666073135353605743e-04 2.676508017438495061e-04
