1.186172997569408060e-04 1.185462687750513279e-04 1.180756339841636124e-04 1.179779488894852006e-04 1.179032730787050743e-04 1.179162512166032252e-04 1.176815511669621278e-04 1.175611449762552929e-04 1.173366182387037101e-04 1.171118981581961834e-04 1.170254285194071044e-04 1.172096297389915937e-04 1.171531896855009436e-04 1.170802543592186620e-04 1.171481602253802155e-04 1.171999525077774729e-04 1.174257777052236740e-04 1.177250536443497471e-04 1.179142150926059540e-04 1.180119107590267135e-04 1.177008925699775383e-04 1.175054915283244245e-04 1.173399130664960505e-04 1.170647312940737344e-04 1.161380960402435663e-04 1.158576674441552683e-04
1.185462687750513279e-04 1.185494731375980493e-04 1.180564046324195939e-04 1.179594989011448837e-04 1.178851609404320429e-04 1.178952336146568436e-04 1.176639176538726503e-04 1.175445460890073182e-04 1.173188063045521958e-04 1.170969066709034539e-04 1.170114994306456653e-04 1.171970890503688274e-04 1.171410859736815520e-04 1.170716293202207905e-04 1.171463149464454893e-04 1.172034404765515098e-04 1.174299023579228020e-04 1.177361281473677976e-04 1.179293083225004402e-04 1.180216754520107978e-04 1.177005366452037535e-04 1.174835816505047245e-04 1.173149243637490186e-04 1.170471816123630395e-04 1.161025055289958556e-04 1.158167637371996665e-04
1.180756339841636124e-04 1.180564046324195939e-04 1.176141636686264786e-04 1.175068198236099145e-04 1.174310785319758655e-04 1.174407810814084282e-04 1.172093902192880707e-04 1.170891488163237421e-04 1.168671300873740505e-04 1.166464139424539979e-04 1.165629244598930225e-04 1.167482915487898042e-04 1.166970655045945575e-04 1.166292518203330568e-04 1.167058506874134034e-04 1.167665009953746481e-04 1.169927204992005516e-04 1.172905899936252546e-04 1.174743778448919106e-04 1.175621285531146427e-04 1.172342001047045037e-04 1.170165708579286285e-04 1.168596468814279813e-04 1.166155690114992622e-04 1.156758638161424149e-04 1.153757847597577187e-04
1.179779488894852006e-04 1.179594989011448837e-04 1.175068198236099145e-04 1.174349658473092906e-04 1.173556320090280830e-04 1.173666798789552726e-04 1.171381291524557680e-04 1.170211343403472400e-04 1.167995195480860083e-04 1.165800268617281588e-04 1.164960136435853704e-04 1.166846452609632148e-04 1.166356243461333841e-04 1.165691444632720755e-04 1.166470900675254556e-04 1.167051824447034978e-04 1.169257759951237589e-04 1.172225139302208053e-04 1.174033806340599975e-04 1.174883234903905321e-04 1.171581603709306114e-04 1.169325367061678961e-04 1.167719718168531024e-04 1.165139129063506667e-04 1.155844415313406198e-04 1.153038583907349068e-04
1.179032730787050743e-04 1.178851609404320429e-04 1.174310785319758655e-04 1.173556320090280830e-04 1.173017730451813965e-04 1.173074299587734798e-04 1.170818749637688632e-04 1.169641425809153228e-04 1.167434829051007170e-04 1.165253697312898279e-04 1.164448104771024486e-04 1.166367269025737094e-04 1.165911208147476331e-04 1.165281449059530879e-04 1.166060165229048311e-04 1.166649462208502961e-04 1.168874005029133797e-04 1.171858542068133396e-04 1.173680226852885487e-04 1.174485745525039802e-04 1.171114735541230092e-04 1.168753033690882951e-04 1.167136525124791809e-04 1.164708370358260691e-04 1.155502972408427146e-04 1.152507509443194460e-04
1.179162512166032252e-04 1.178952336146568436e-04 1.174407810814084282e-04 1.173666798789552726e-04 1.173074299587734798e-04 1.173347592143876046e-04 1.171053696479237860e-04 1.169885329829578564e-04 1.167703831294803933e-04 1.165541162824905902e-04 1.164789483631793878e-04 1.166741088516985573e-04 1.166303590295616143e-04 1.165684048647484426e-04 1.166477244972564145e-04 1.167058872402719759e-04 1.169287692237479877e-04 1.172269500850259169e-04 1.174073165794715907e-04 1.174857214305590950e-04 1.171439927447542542e-04 1.169016356364575561e-04 1.167427249617204580e-04 1.164897249278370404e-04 1.155549411565007001e-04 1.152580854737691215e-04
1.176815511669621278e-04 1.176639176538726503e-04 1.172093902192880707e-04 1.171381291524557680e-04 1.170818749637688632e-04 1.171053696479237860e-04 1.168954545954134348e-04 1.167809491873179678e-04 1.165658964697745731e-04 1.163538084339971705e-04 1.162802419722589256e-04 1.164775237428996928e-04 1.164372167610402796e-04 1.163777591715328219e-04 1.164552411596193963e-04 1.165102361802968037e-04 1.167329883808966784e-04 1.170332818902633721e-04 1.172159965320167181e-04 1.172973435972730146e-04 1.169542545488562419e-04 1.166987585370620736e-04 1.165261652319464269e-04 1.162639496302158204e-04 1.153362042638977290e-04 1.150464967477322453e-04
1.175611449762552929e-04 1.175445460890073182e-04 1.170891488163237421e-04 1.170211343403472400e-04 1.169641425809153228e-04 1.169885329829578564e-04 1.167809491873179678e-04 1.166808331227994956e-04 1.164691859266682797e-04 1.162596237265717876e-04 1.161895961112134867e-04 1.163901667934811419e-04 1.163539356455586051e-04 1.162988614347509685e-04 1.163785817344773377e-04 1.164331465684110417e-04 1.166510759746573972e-04 1.169462275569108702e-04 1.171268179603150163e-04 1.172050288181940742e-04 1.168545176421799912e-04 1.165941981657559557e-04 1.164209102230345046e-04 1.161478437392654913e-04 1.152329488797365002e-04 1.149542759978642361e-04
1.173366182387037101e-04 1.173188063045521958e-04 1.168671300873740505e-04 1.167995195480860083e-04 1.167434829051007170e-04 1.167703831294803933e-04 1.165658964697745731e-04 1.164691859266682797e-04 1.162754959264627720e-04 1.160725243398719051e-04 1.160105774953142462e-04 1.162178571428998044e-04 1.161859489619966834e-04 1.161334050374461903e-04 1.162145890425451505e-04 1.162708711848311669e-04 1.164874642436281027e-04 1.167808125230319736e-04 1.169609754412427442e-04 1.170318174285014316e-04 1.166637008910542650e-04 1.163793288676771414e-04 1.162007636336152367e-04 1.159274618875888349e-04 1.150168692934421319e-04 1.147372997877979891e-04
1.171118981581961834e-04 1.170969066709034539e-04 1.166464139424539979e-04 1.165800268617281588e-04 1.165253697312898279e-04 1.165541162824905902e-04 1.163538084339971705e-04 1.162596237265717876e-04 1.160725243398719051e-04 1.158866097410580267e-04 1.158335397788121021e-04 1.160478651381153170e-04 1.160232656056556846e-04 1.159770276701787477e-04 1.160625611110176767e-04 1.161213470608878361e-04 1.163368912670083354e-04 1.166272648398963444e-04 1.168059069110659434e-04 1.168662212379250768e-04 1.164779391933592768e-04 1.161650933118212520e-04 1.159881796805148124e-04 1.157077382530372024e-04 1.147800661413461525e-04 1.145096315898361602e-04
1.170254285194071044e-04 1.170114994306456653e-04 1.165629244598930225e-04 1.164960136435853704e-04 1.164448104771024486e-04 1.164789483631793878e-04 1.162802419722589256e-04 1.161895961112134867e-04 1.160105774953142462e-04 1.158335397788121021e-04 1.158011502092083102e-04 1.160283850109416879e-04 1.160120701776043824e-04 1.159732830674509309e-04 1.160654281062765243e-04 1.161276918409609389e-04 1.163435127160309751e-04 1.166347270781589322e-04 1.168133194050965365e-04 1.168627524341183689e-04 1.164522697065884183e-04 1.161054424351066724e-04 1.159245678094947453e-04 1.156406553312945714e-04 1.147101753241828293e-04 1.144314964940230619e-04
1.172096297389915937e-04 1.171970890503688274e-04 1.167482915487898042e-04 1.166846452609632148e-04 1.166367269025737094e-04 1.166741088516985573e-04 1.164775237428996928e-04 1.163901667934811419e-04 1.162178571428998044e-04 1.160478651381153170e-04 1.160283850109416879e-04 1.162817477261299481e-04 1.162810682890237348e-04 1.162524700948141881e-04 1.163552943927928648e-04 1.164250447093527404e-04 1.166431299342239310e-04 1.169345007336708246e-04 1.171145961068120956e-04 1.171525364359966490e-04 1.167106853518554935e-04 1.163185235658233932e-04 1.161354868866794099e-04 1.158525602477803660e-04 1.149186024316043575e-04 1.146295192882721488e-04
1.171531896855009436e-04 1.171410859736815520e-04 1.166970655045945575e-04 1.166356243461333841e-04 1.165911208147476331e-04 1.166303590295616143e-04 1.164372167610402796e-04 1.163539356455586051e-04 1.161859489619966834e-04 1.160232656056556846e-04 1.160120701776043824e-04 1.162810682890237348e-04 1.163063422212905792e-04 1.162968531038309174e-04 1.164139610270592269e-04 1.164934764518493526e-04 1.167167892424397118e-04 1.170113717552119363e-04 1.171923983483086563e-04 1.172178407148085873e-04 1.167485656630535759e-04 1.163176089561491014e-04 1.161278336706771911e-04 1.158425556714007856e-04 1.149096534458881588e-04 1.146083519701790877e-04
1.170802543592186620e-04 1.170716293202207905e-04 1.166292518203330568e-04 1.165691444632720755e-04 1.165281449059530879e-04 1.165684048647484426e-04 1.163777591715328219e-04 1.162988614347509685e-04 1.161334050374461903e-04 1.159770276701787477e-04 1.159732830674509309e-04 1.162524700948141881e-04 1.162968531038309174e-04 1.163235605391217285e-04 1.164680921922092672e-04 1.165657985783404244e-04 1.168006171891377757e-04 1.171041236987016814e-04 1.172889871014968469e-04 1.173004925228098678e-04 1.167909641707327672e-04 1.162950655450602482e-04 1.160825451723551129e-04 1.158102616552963786e-04 1.148782419498146147e-04 1.145598771016228840e-04
1.171481602253802155e-04 1.171463149464454893e-04 1.167058506874134034e-04 1.166470900675254556e-04 1.166060165229048311e-04 1.166477244972564145e-04 1.164552411596193963e-04 1.163785817344773377e-04 1.162145890425451505e-04 1.160625611110176767e-04 1.160654281062765243e-04 1.163552943927928648e-04 1.164139610270592269e-04 1.164680921922092672e-04 1.166582056538494798e-04 1.167944002194850960e-04 1.170517966308093073e-04 1.173658770351390646e-04 1.175556372637705840e-04 1.175612380898512552e-04 1.170100533205079002e-04 1.164285242389321488e-04 1.161761690696036476e-04 1.159066406541342601e-04 1.149716530833637634e-04 1.146397695199268902e-04
1.171999525077774729e-04 1.172034404765515098e-04 1.167665009953746481e-04 1.167051824447034978e-04 1.166649462208502961e-04 1.167058872402719759e-04 1.165102361802968037e-04 1.164331465684110417e-04 1.162708711848311669e-04 1.161213470608878361e-04 1.161276918409609389e-04 1.164250447093527404e-04 1.164934764518493526e-04 1.165657985783404244e-04 1.167944002194850960e-04 1.169934426264792883e-04 1.173003279863589975e-04 1.176442093025851111e-04 1.178543580185326535e-04 1.178645928490383566e-04 1.172712749036253178e-04 1.165900833121305167e-04 1.162691188667152795e-04 1.160002018236861007e-04 1.150558045064251712e-04 1.147124827882909081e-04
1.174257777052236740e-04 1.174299023579228020e-04 1.169927204992005516e-04 1.169257759951237589e-04 1.168874005029133797e-04 1.169287692237479877e-04 1.167329883808966784e-04 1.166510759746573972e-04 1.164874642436281027e-04 1.163368912670083354e-04 1.163435127160309751e-04 1.166431299342239310e-04 1.167167892424397118e-04 1.168006171891377757e-04 1.170517966308093073e-04 1.173003279863589975e-04 1.176881810909766619e-04 1.180981012094020312e-04 1.183492137612754326e-04 1.183727114639876427e-04 1.177381435000119525e-04 1.169526649215039932e-04 1.165226695565961952e-04 1.162463608464959244e-04 1.152869074215698850e-04 1.149570515954055915e-04
1.177250536443497471e-04 1.177361281473677976e-04 1.172905899936252546e-04 1.172225139302208053e-04 1.171858542068133396e-04 1.172269500850259169e-04 1.170332818902633721e-04 1.169462275569108702e-04 1.167808125230319736e-04 1.166272648398963444e-04 1.166347270781589322e-04 1.169345007336708246e-04 1.170113717552119363e-04 1.171041236987016814e-04 1.173658770351390646e-04 1.176442093025851111e-04 1.180981012094020312e-04 1.186165335700928980e-04 1.189530275045386562e-04 1.190133315746230307e-04 1.183564832192331444e-04 1.174690784413761529e-04 1.168667207979698293e-04 1.165602630789563878e-04 1.156179097675199055e-04 1.153181298107859364e-04
1.179142150926059540e-04 1.179293083225004402e-04 1.174743778448919106e-04 1.174033806340599975e-04 1.173680226852885487e-04 1.174073165794715907e-04 1.172159965320167181e-04 1.171268179603150163e-04 1.169609754412427442e-04 1.168059069110659434e-04 1.168133194050965365e-04 1.171145961068120956e-04 1.171923983483086563e-04 1.172889871014968469e-04 1.175556372637705840e-04 1.178543580185326535e-04 1.183492137612754326e-04 1.189530275045386562e-04 1.194264838126552945e-04 1.195813469095063084e-04 1.189394445382404138e-04 1.179722505229337660e-04 1.171700764070854567e-04 1.167947477910410509e-04 1.158813086302392959e-04 1.155757237786438340e-04
1.180119107590267135e-04 1.180216754520107978e-04 1.175621285531146427e-04 1.174883234903905321e-04 1.174485745525039802e-04 1.174857214305590950e-04 1.172973435972730146e-04 1.172050288181940742e-04 1.170318174285014316e-04 1.168662212379250768e-04 1.168627524341183689e-04 1.171525364359966490e-04 1.172178407148085873e-04 1.173004925228098678e-04 1.175612380898512552e-04 1.178645928490383566e-04 1.183727114639876427e-04 1.190133315746230307e-04 1.195813469095063084e-04 1.199435796145934495e-04 1.194666428769024669e-04 1.185272614642328046e-04 1.175214213226270977e-04 1.169275259496585815e-04 1.160240845128341893e-04 1.157256877040024217e-04
1.177008925699775383e-04 1.177005366452037535e-04 1.172342001047045037e-04 1.171581603709306114e-04 1.171114735541230092e-04 1.171439927447542542e-04 1.169542545488562419e-04 1.168545176421799912e-04 1.166637008910542650e-04 1.164779391933592768e-04 1.164522697065884183e-04 1.167106853518554935e-04 1.167485656630535759e-04 1.167909641707327672e-04 1.170100533205079002e-04 1.172712749036253178e-04 1.177381435000119525e-04 1.183564832192331444e-04 1.189394445382404138e-04 1.194666428769024669e-04 1.193392468206682505e-04 1.186931477186580760e-04 1.176652395597103587e-04 1.167347018039183485e-04 1.157758395030889344e-04 1.155267945304050691e-04
1.175054915283244245e-04 1.174835816505047245e-04 1.170165708579286285e-04 1.169325367061678961e-04 1.168753033690882951e-04 1.169016356364575561e-04 1.166987585370620736e-04 1.165941981657559557e-04 1.163793288676771414e-04 1.161650933118212520e-04 1.161054424351066724e-04 1.163185235658233932e-04 1.163176089561491014e-04 1.162950655450602482e-04 1.164285242389321488e-04 1.165900833121305167e-04 1.169526649215039932e-04 1.174690784413761529e-04 1.179722505229337660e-04 1.185272614642328046e-04 1.186931477186580760e-04 1.186790145023503500e-04 1.180262246693385782e-04 1.168820735272157660e-04 1.157001275985611863e-04 1.154967272059995804e-04
1.173399130664960505e-04 1.173149243637490186e-04 1.168596468814279813e-04 1.167719718168531024e-04 1.167136525124791809e-04 1.167427249617204580e-04 1.165261652319464269e-04 1.164209102230345046e-04 1.162007636336152367e-04 1.159881796805148124e-04 1.159245678094947453e-04 1.161354868866794099e-04 1.161278336706771911e-04 1.160825451723551129e-04 1.161761690696036476e-04 1.162691188667152795e-04 1.165226695565961952e-04 1.168667207979698293e-04 1.171700764070854567e-04 1.175214213226270977e-04 1.176652395597103587e-04 1.180262246693385782e-04 1.182325907995928981e-04 1.174506817934963839e-04 1.158892785277166525e-04 1.154961231121371366e-04
1.170647312940737344e-04 1.170471816123630395e-04 1.166155690114992622e-04 1.165139129063506667e-04 1.164708370358260691e-04 1.164897249278370404e-04 1.162639496302158204e-04 1.161478437392654913e-04 1.159274618875888349e-04 1.157077382530372024e-04 1.156406553312945714e-04 1.158525602477803660e-04 1.158425556714007856e-04 1.158102616552963786e-04 1.159066406541342601e-04 1.160002018236861007e-04 1.162463608464959244e-04 1.165602630789563878e-04 1.167947477910410509e-04 1.169275259496585815e-04 1.167347018039183485e-04 1.168820735272157660e-04 1.174506817934963839e-04 1.176978014205661352e-04 1.162586866053969247e-04 1.154032973432700751e-04
1.161380960402435663e-04 1.161025055289958556e-04 1.156758638161424149e-04 1.155844415313406198e-04 1.155502972408427146e-04 1.155549411565007001e-04 1.153362042638977290e-04 1.152329488797365002e-04 1.150168692934421319e-04 1.147800661413461525e-04 1.147101753241828293e-04 1.149186024316043575e-04 1.149096534458881588e-04 1.148782419498146147e-04 1.149716530833637634e-04 1.150558045064251712e-04 1.152869074215698850e-04 1.156179097675199055e-04 1.158813086302392959e-04 1.160240845128341893e-04 1.157758395030889344e-04 1.157001275985611863e-04 1.158892785277166525e-04 1.162586866053969247e-04 1.158101364345215893e-04 1.149330612527063361e-04
1.158576674441552683e-04 1.158167637371996665e-04 1.153757847597577187e-04 1.153038583907349068e-04 1.152507509443194460e-04 1.152580854737691215e-04 1.150464967477322453e-04 1.149542759978642361e-04 1.147372997877979891e-04 1.145096315898361602e-04 1.144314964940230619e-04 1.146295192882721488e-04 1.146083519701790877e-04 1.145598771016228840e-04 1.146397695199268902e-04 1.147124827882909081e-04 1.149570515954055915e-04 1.153181298107859364e-04 1.155757237786438340e-04 1.157256877040024217e-04 1.155267945304050691e-04 1.154967272059995804e-04 1.154961231121371366e-04 1.154032973432700751e-04 1.149330612527063361e-04 1.150465826736782641e-04
