3.110057534842364246e-04 3.085267407694703345e-04 3.065173253204839503e-04 3.051283921554537228e-04 3.041597528303504943e-04 3.026845594445566026e-04 3.015194990658407207e-04 3.004861968249925388e-04 2.995679756012610052e-04 2.986456216710599515e-04 2.980562671269801431e-04 2.977113171997951128e-04 2.976943682312162840e-04 2.977615654927316994e-04 2.979812113636101591e-04 2.978876616235941709e-04 2.977437730246844101e-04 2.984768409781432368e-04 2.985722451980823652e-04 2.987902965562861507e-04 2.991804491926543914e-04 2.989425725833503200e-04 2.980188899041699853e-04 2.965357550999036715e-04 2.972838472867631227e-04 2.969794742233166523e-04
3.085267407694703345e-04 3.061658710868063178e-04 3.041464235755053300e-04 3.027692105540185437e-04 3.018190831731372057e-04 3.003570849221772658e-04 2.991936416072744236e-04 2.981712969982107625e-04 2.972642458361833789e-04 2.963517386658322044e-04 2.957710714509377342e-04 2.954353422885997327e-04 2.954216365890114065e-04 2.954946952260859971e-04 2.957193471199147405e-04 2.956313768080215550e-04 2.954917482239329462e-04 2.962252923701713171e-04 2.963176697775654839e-04 2.965444077930319664e-04 2.969458675130533199e-04 2.967218977301210427e-04 2.958016789071616043e-04 2.942802231870095177e-04 2.950051295086990517e-04 2.947211686140362662e-04
3.065173253204839503e-04 3.041464235755053300e-04 3.022117489756529114e-04 3.008278299442659659e-04 2.998857514433141006e-04 2.984347491232647049e-04 2.972793358119460785e-04 2.962637416317290707e-04 2.953628159063587198e-04 2.944594073240185432e-04 2.938791453123839074e-04 2.935428540889424088e-04 2.935280755731882094e-04 2.935996620326194453e-04 2.938201047074315026e-04 2.937246605483628966e-04 2.935736932156651985e-04 2.942950601839153875e-04 2.943822976607584968e-04 2.945973289632989418e-04 2.949776454049049534e-04 2.947511391842315745e-04 2.938332521029934463e-04 2.923227230243610557e-04 2.930536295493590287e-04 2.928285581357773100e-04
3.051283921554537228e-04 3.027692105540185437e-04 3.008278299442659659e-04 2.995029357449840958e-04 2.985570509959914682e-04 2.971074482863506538e-04 2.959604077545947430e-04 2.949499492043951222e-04 2.940501889594158958e-04 2.931504025139652437e-04 2.925747010652767215e-04 2.922412268716291723e-04 2.922315378405464063e-04 2.923099891010886133e-04 2.925381819779206442e-04 2.924587343503205132e-04 2.923263667351808852e-04 2.930553470516922537e-04 2.931453581398083636e-04 2.933547693837154939e-04 2.937221855490704703e-04 2.934883814747977744e-04 2.925840448111372526e-04 2.910829571508021549e-04 2.917849590803145259e-04 2.915289000355206044e-04
3.041597528303504943e-04 3.018190831731372057e-04 2.998857514433141006e-04 2.985570509959914682e-04 2.976623706167498789e-04 2.962095440295256076e-04 2.950684261208936718e-04 2.940661483208304437e-04 2.931751009756900601e-04 2.922855716684770260e-04 2.917184011865779918e-04 2.913952620088102212e-04 2.913969658200403988e-04 2.914833696608659240e-04 2.917173347877508927e-04 2.916415220958953609e-04 2.915156066180341283e-04 2.922466868866512024e-04 2.923339298598064844e-04 2.925408197022334321e-04 2.929007277848634256e-04 2.926239264543552287e-04 2.916816524928543585e-04 2.901689029897477445e-04 2.908688881180236294e-04 2.906136327128604072e-04
3.026845594445566026e-04 3.003570849221772658e-04 2.984347491232647049e-04 2.971074482863506538e-04 2.962095440295256076e-04 2.947948075627414744e-04 2.936552757625847843e-04 2.926577470542733009e-04 2.917740904925469024e-04 2.908926179335838110e-04 2.903329690140996175e-04 2.900157257101629912e-04 2.900217140773581233e-04 2.901139903499436461e-04 2.903538804412237012e-04 2.902841271588999200e-04 2.901625089991155928e-04 2.908847419926980662e-04 2.909658961791694652e-04 2.911703692828913675e-04 2.915160185744709192e-04 2.912189864572003106e-04 2.902700428212200102e-04 2.887510803412498346e-04 2.894350187280855932e-04 2.891681103411150632e-04
3.015194990658407207e-04 2.991936416072744236e-04 2.972793358119460785e-04 2.959604077545947430e-04 2.950684261208936718e-04 2.936552757625847843e-04 2.925489801031309835e-04 2.915611770648953208e-04 2.906829215067463501e-04 2.898107311899084169e-04 2.892587905695908853e-04 2.889466484123892598e-04 2.889623788497357377e-04 2.890640247732843989e-04 2.893100118344201963e-04 2.892519130589793074e-04 2.891406077303544978e-04 2.898687081978490888e-04 2.899555078496552848e-04 2.901608346513438893e-04 2.904817027985072018e-04 2.901446686849037731e-04 2.891874314493818581e-04 2.876611624671620475e-04 2.883260622262877521e-04 2.880635671410047014e-04
3.004861968249925388e-04 2.981712969982107625e-04 2.962637416317290707e-04 2.949499492043951222e-04 2.940661483208304437e-04 2.926577470542733009e-04 2.915611770648953208e-04 2.906074906889942293e-04 2.897370494409509342e-04 2.888746396787065965e-04 2.883340959842392278e-04 2.880306603650834626e-04 2.880576166828136301e-04 2.881678503468941706e-04 2.884238807976140977e-04 2.883779170837192209e-04 2.882783905784283172e-04 2.890159925535578950e-04 2.891089053357097718e-04 2.893138155346242340e-04 2.896186139079048763e-04 2.892425738561934601e-04 2.882694244553533664e-04 2.867147740498682349e-04 2.873541093700247829e-04 2.870920199093874746e-04
2.995679756012610052e-04 2.972642458361833789e-04 2.953628159063587198e-04 2.940501889594158958e-04 2.931751009756900601e-04 2.917740904925469024e-04 2.906829215067463501e-04 2.897370494409509342e-04 2.888942614616403590e-04 2.880442609497067168e-04 2.875154781973339587e-04 2.872235812368156469e-04 2.872626583499612320e-04 2.873845767228231014e-04 2.876525981071656316e-04 2.876203262019315018e-04 2.875297193620386508e-04 2.882683337472730892e-04 2.883560685276668600e-04 2.885468424029820995e-04 2.888256274931546457e-04 2.884069561591489847e-04 2.874233384116979453e-04 2.858869187968893265e-04 2.865412509817256027e-04 2.862766204660608760e-04
2.986456216710599515e-04 2.963517386658322044e-04 2.944594073240185432e-04 2.931504025139652437e-04 2.922855716684770260e-04 2.908926179335838110e-04 2.898107311899084169e-04 2.888746396787065965e-04 2.880442609497067168e-04 2.872303831178463392e-04 2.867226636650995982e-04 2.864505155056703742e-04 2.865122492522412939e-04 2.866544968881076013e-04 2.869401995871001705e-04 2.869235070960952753e-04 2.868468364186620850e-04 2.875959016596617832e-04 2.876837542984848959e-04 2.878588161997553459e-04 2.880836760646971850e-04 2.875847839379604620e-04 2.865702273387301866e-04 2.850461743880938715e-04 2.856896598275555986e-04 2.853900001294992794e-04
2.980562671269801431e-04 2.957710714509377342e-04 2.938791453123839074e-04 2.925747010652767215e-04 2.917184011865779918e-04 2.903329690140996175e-04 2.892587905695908853e-04 2.883340959842392278e-04 2.875154781973339587e-04 2.867226636650995982e-04 2.862547988237146420e-04 2.860127681686994790e-04 2.861058017523592043e-04 2.862763707253451924e-04 2.865870754036932574e-04 2.865899790781465902e-04 2.865300486610800035e-04 2.872917000824438505e-04 2.873831567756710546e-04 2.875439463231315861e-04 2.877012297500890865e-04 2.870908516452909008e-04 2.860214530807518628e-04 2.845040621666710475e-04 2.851545226890890876e-04 2.848490029985401603e-04
2.977113171997951128e-04 2.954353422885997327e-04 2.935428540889424088e-04 2.922412268716291723e-04 2.913952620088102212e-04 2.900157257101629912e-04 2.889466484123892598e-04 2.880306603650834626e-04 2.872235812368156469e-04 2.864505155056703742e-04 2.860127681686994790e-04 2.858254834551647583e-04 2.859624452959754512e-04 2.861718238064052486e-04 2.865160002245236391e-04 2.865447904379501325e-04 2.865020956265492704e-04 2.872706456384972610e-04 2.873558137783518225e-04 2.874948606243790086e-04 2.875759112922344736e-04 2.868326630888989957e-04 2.856981176149185381e-04 2.841773332630135804e-04 2.848440641084190117e-04 2.845128409674830454e-04
2.976943682312162840e-04 2.954216365890114065e-04 2.935280755731882094e-04 2.922315378405464063e-04 2.913969658200403988e-04 2.900217140773581233e-04 2.889623788497357377e-04 2.880576166828136301e-04 2.872626583499612320e-04 2.865122492522412939e-04 2.861058017523592043e-04 2.859624452959754512e-04 2.861678124410815729e-04 2.864370891902632025e-04 2.868351674701184349e-04 2.869115039229645455e-04 2.869025888637917790e-04 2.876919335568391134e-04 2.877741420527585802e-04 2.878842164320838132e-04 2.878598744208095872e-04 2.869351867432046025e-04 2.857184321576563039e-04 2.842104277185804610e-04 2.848813117044393987e-04 2.845160845052664570e-04
2.977615654927316994e-04 2.954946952260859971e-04 2.935996620326194453e-04 2.923099891010886133e-04 2.914833696608659240e-04 2.901139903499436461e-04 2.890640247732843989e-04 2.881678503468941706e-04 2.873845767228231014e-04 2.866544968881076013e-04 2.862763707253451924e-04 2.861718238064052486e-04 2.864370891902632025e-04 2.867901468386034342e-04 2.872644811594704138e-04 2.874024975134774882e-04 2.874438288550712939e-04 2.882703292106926453e-04 2.883619794278361424e-04 2.884496126964299165e-04 2.883274770003028151e-04 2.872057640622944575e-04 2.859005116683528257e-04 2.844042929564464107e-04 2.850770955424245120e-04 2.846545474409238803e-04
2.979812113636101591e-04 2.957193471199147405e-04 2.938201047074315026e-04 2.925381819779206442e-04 2.917173347877508927e-04 2.903538804412237012e-04 2.893100118344201963e-04 2.884238807976140977e-04 2.876525981071656316e-04 2.869401995871001705e-04 2.865870754036932574e-04 2.865160002245236391e-04 2.868351674701184349e-04 2.872644811594704138e-04 2.878463850614266682e-04 2.880758532221440829e-04 2.881903691546251257e-04 2.890726943826112246e-04 2.891841298854509745e-04 2.892621622978215406e-04 2.890462185419169277e-04 2.877067775542313825e-04 2.862867343295775763e-04 2.847630269967743339e-04 2.854210902916476432e-04 2.849704664403598649e-04
2.978876616235941709e-04 2.956313768080215550e-04 2.937246605483628966e-04 2.924587343503205132e-04 2.916415220958953609e-04 2.902841271588999200e-04 2.892519130589793074e-04 2.883779170837192209e-04 2.876203262019315018e-04 2.869235070960952753e-04 2.865899790781465902e-04 2.865447904379501325e-04 2.869115039229645455e-04 2.874024975134774882e-04 2.880758532221440829e-04 2.884381625973011479e-04 2.886720099669921468e-04 2.896282989769946364e-04 2.897499392439820761e-04 2.898180786314492885e-04 2.895057040379902472e-04 2.879076302304479137e-04 2.863516117364649336e-04 2.848299251907090990e-04 2.854695238554047477e-04 2.850124782209939611e-04
2.977437730246844101e-04 2.954917482239329462e-04 2.935736932156651985e-04 2.923263667351808852e-04 2.915156066180341283e-04 2.901625089991155928e-04 2.891406077303544978e-04 2.882783905784283172e-04 2.875297193620386508e-04 2.868468364186620850e-04 2.865300486610800035e-04 2.865020956265492704e-04 2.869025888637917790e-04 2.874438288550712939e-04 2.881903691546251257e-04 2.886720099669921468e-04 2.890858724271435634e-04 2.901867111489948381e-04 2.903764293972663463e-04 2.904789294243260143e-04 2.901011167921560985e-04 2.882316449692867580e-04 2.864446801368307092e-04 2.848680182097698167e-04 2.854678511016435038e-04 2.850200259388915836e-04
2.984768409781432368e-04 2.962252923701713171e-04 2.942950601839153875e-04 2.930553470516922537e-04 2.922466868866512024e-04 2.908847419926980662e-04 2.898687081978490888e-04 2.890159925535578950e-04 2.882683337472730892e-04 2.875959016596617832e-04 2.872917000824438505e-04 2.872706456384972610e-04 2.876919335568391134e-04 2.882703292106926453e-04 2.890726943826112246e-04 2.896282989769946364e-04 2.901867111489948381e-04 2.915032130659263700e-04 2.918595041641012535e-04 2.920736410304178819e-04 2.916971415670152135e-04 2.896044257850714267e-04 2.874896474858118587e-04 2.857418913228258772e-04 2.862347047149391924e-04 2.858046679078334409e-04
2.985722451980823652e-04 2.963176697775654839e-04 2.943822976607584968e-04 2.931453581398083636e-04 2.923339298598064844e-04 2.909658961791694652e-04 2.899555078496552848e-04 2.891089053357097718e-04 2.883560685276668600e-04 2.876837542984848959e-04 2.873831567756710546e-04 2.873558137783518225e-04 2.877741420527585802e-04 2.883619794278361424e-04 2.891841298854509745e-04 2.897499392439820761e-04 2.903764293972663463e-04 2.918595041641012535e-04 2.925004721305973754e-04 2.929807898925968911e-04 2.927558050669589102e-04 2.905997486373036796e-04 2.880962910867746396e-04 2.860497103010782344e-04 2.864109912916727339e-04 2.859649829625501025e-04
2.987902965562861507e-04 2.965444077930319664e-04 2.945973289632989418e-04 2.933547693837154939e-04 2.925408197022334321e-04 2.911703692828913675e-04 2.901608346513438893e-04 2.893138155346242340e-04 2.885468424029820995e-04 2.878588161997553459e-04 2.875439463231315861e-04 2.874948606243790086e-04 2.878842164320838132e-04 2.884496126964299165e-04 2.892621622978215406e-04 2.898180786314492885e-04 2.904789294243260143e-04 2.920736410304178819e-04 2.929807898925968911e-04 2.939203709288858916e-04 2.940766620620225498e-04 2.919959452742885574e-04 2.890502172142827533e-04 2.864985666385658149e-04 2.867567856211291222e-04 2.863238729440513572e-04
2.991804491926543914e-04 2.969458675130533199e-04 2.949776454049049534e-04 2.937221855490704703e-04 2.929007277848634256e-04 2.915160185744709192e-04 2.904817027985072018e-04 2.896186139079048763e-04 2.888256274931546457e-04 2.880836760646971850e-04 2.877012297500890865e-04 2.875759112922344736e-04 2.878598744208095872e-04 2.883274770003028151e-04 2.890462185419169277e-04 2.895057040379902472e-04 2.901011167921560985e-04 2.916971415670152135e-04 2.927558050669589102e-04 2.940766620620225498e-04 2.949759882042555679e-04 2.935359557399935902e-04 2.905362417966155918e-04 2.873750361864685680e-04 2.873569940681289236e-04 2.868677858992586512e-04
2.989425725833503200e-04 2.967218977301210427e-04 2.947511391842315745e-04 2.934883814747977744e-04 2.926239264543552287e-04 2.912189864572003106e-04 2.901446686849037731e-04 2.892425738561934601e-04 2.884069561591489847e-04 2.875847839379604620e-04 2.870908516452909008e-04 2.868326630888989957e-04 2.869351867432046025e-04 2.872057640622944575e-04 2.877067775542313825e-04 2.879076302304479137e-04 2.882316449692867580e-04 2.896044257850714267e-04 2.905997486373036796e-04 2.919959452742885574e-04 2.935359557399935902e-04 2.934897883542976092e-04 2.912865360022022878e-04 2.877713923132002431e-04 2.872290993556808657e-04 2.865380211769044953e-04
2.980188899041699853e-04 2.958016789071616043e-04 2.938332521029934463e-04 2.925840448111372526e-04 2.916816524928543585e-04 2.902700428212200102e-04 2.891874314493818581e-04 2.882694244553533664e-04 2.874233384116979453e-04 2.865702273387301866e-04 2.860214530807518628e-04 2.856981176149185381e-04 2.857184321576563039e-04 2.859005116683528257e-04 2.862867343295775763e-04 2.863516117364649336e-04 2.864446801368307092e-04 2.874896474858118587e-04 2.880962910867746396e-04 2.890502172142827533e-04 2.905362417966155918e-04 2.912865360022022878e-04 2.908238521677018046e-04 2.882350225091532539e-04 2.871075795862840100e-04 2.857915877181465853e-04
2.965357550999036715e-04 2.942802231870095177e-04 2.923227230243610557e-04 2.910829571508021549e-04 2.901689029897477445e-04 2.887510803412498346e-04 2.876611624671620475e-04 2.867147740498682349e-04 2.858869187968893265e-04 2.850461743880938715e-04 2.845040621666710475e-04 2.841773332630135804e-04 2.842104277185804610e-04 2.844042929564464107e-04 2.847630269967743339e-04 2.848299251907090990e-04 2.848680182097698167e-04 2.857418913228258772e-04 2.860497103010782344e-04 2.864985666385658149e-04 2.873750361864685680e-04 2.877713923132002431e-04 2.882350225091532539e-04 2.878552907357541032e-04 2.872069319202846761e-04 2.851718978880103867e-04
2.972838472867631227e-04 2.950051295086990517e-04 2.930536295493590287e-04 2.917849590803145259e-04 2.908688881180236294e-04 2.894350187280855932e-04 2.883260622262877521e-04 2.873541093700247829e-04 2.865412509817256027e-04 2.856896598275555986e-04 2.851545226890890876e-04 2.848440641084190117e-04 2.848813117044393987e-04 2.850770955424245120e-04 2.854210902916476432e-04 2.854695238554047477e-04 2.854678511016435038e-04 2.862347047149391924e-04 2.864109912916727339e-04 2.867567856211291222e-04 2.873569940681289236e-04 2.872290993556808657e-04 2.871075795862840100e-04 2.872069319202846761e-04 2.887575289512758466e-04 2.872104084947608407e-04
2.969794742233166523e-04 2.947211686140362662e-04 2.928285581357773100e-04 2.915289000355206044e-04 2.906136327128604072e-04 2.891681103411150632e-04 2.880635671410047014e-04 2.870920199093874746e-04 2.862766204660608760e-04 2.853900001294992794e-04 2.848490029985401603e-04 2.845128409674830454e-04 2.845160845052664570e-04 2.846545474409238803e-04 2.849704664403598649e-04 2.850124782209939611e-04 2.850200259388915836e-04 2.858046679078334409e-04 2.859649829625501025e-04 2.863238729440513572e-04 2.868677858992586512e-04 2.865380211769044953e-04 2.857915877181465853e-04 2.851718978880103867e-04 2.872104084947608407e-04 2.880958886418935627e-04
