2.608609549880154988e-04 2.606472858246749904e-04 2.606362963228658382e-04 2.608766169477858281e-04 2.608521854974201609e-04 2.607522359315249134e-04 2.606978189682434286e-04 2.606752201395619957e-04 2.606793377108074412e-04 2.605915879041329950e-04 2.606277017672511184e-04 2.606053967782918251e-04 2.607322306520341577e-04 2.607299383124086372e-04 2.606201238041999462e-04 2.605216477350700026e-04 2.602942131161267952e-04 2.603970304612260919e-04 2.606660273600663077e-04 2.611262719882792636e-04 2.618666938610492677e-04 2.628410042143007152e-04 2.634794145686367465e-04 2.628173156771411532e-04 2.624214341304180703e-04 2.628685671230960208e-04
2.606472858246749904e-04 2.605216492244128855e-04 2.604871814392870988e-04 2.607278184831002916e-04 2.607034431972511841e-04 2.605970588929427674e-04 2.605377932438661848e-04 2.605127450744341316e-04 2.605149050655268571e-04 2.604216969848454277e-04 2.604537941485594757e-04 2.604289406561184216e-04 2.605537324940715937e-04 2.605513650334825328e-04 2.604418099087202581e-04 2.603434177976012140e-04 2.601182277172653921e-04 2.602279460845750218e-04 2.605094639336961158e-04 2.609792020665587398e-04 2.617194602852506075e-04 2.626814915814472753e-04 2.632985323208257371e-04 2.626216776976562852e-04 2.621927786728412259e-04 2.626258386570785711e-04
2.606362963228658382e-04 2.604871814392870988e-04 2.605146136716047361e-04 2.607418641502110674e-04 2.607137608660777526e-04 2.606092478398606927e-04 2.605533541132498557e-04 2.605291399447312714e-04 2.605311336747800021e-04 2.604391943816092834e-04 2.604738540516461881e-04 2.604491532358673539e-04 2.605745150721645691e-04 2.605739424977234213e-04 2.604673043943570086e-04 2.603733605190782906e-04 2.601498242561241757e-04 2.602546464472967535e-04 2.605307653350557749e-04 2.609977973521422200e-04 2.617370226676201729e-04 2.626926493401961129e-04 2.633058432047178819e-04 2.626157652305230504e-04 2.622055501965050018e-04 2.626448775285269771e-04
2.608766169477858281e-04 2.607278184831002916e-04 2.607418641502110674e-04 2.610055862758695663e-04 2.609722770423080341e-04 2.608684402316086373e-04 2.608127903490329875e-04 2.607883272426773165e-04 2.607922397958985575e-04 2.607001195085139190e-04 2.607352748630580985e-04 2.607123941555373309e-04 2.608377920488496671e-04 2.608342598094790963e-04 2.607231502139565932e-04 2.606257330566885992e-04 2.604019793246536009e-04 2.605031210535767587e-04 2.607790115170615470e-04 2.612438665936291917e-04 2.619813190008335587e-04 2.629581150687618500e-04 2.636017075355475922e-04 2.629088534287749262e-04 2.624672909641534934e-04 2.629090710060617343e-04
2.608521854974201609e-04 2.607034431972511841e-04 2.607137608660777526e-04 2.609722770423080341e-04 2.609704339829632984e-04 2.608594413983475642e-04 2.608039141619352677e-04 2.607832860270260658e-04 2.607903268864711268e-04 2.606980378177787649e-04 2.607335345730146781e-04 2.607109509537235245e-04 2.608370747199017983e-04 2.608332784276025081e-04 2.607213225855644343e-04 2.606231475631062941e-04 2.604012104060649153e-04 2.605066127230850270e-04 2.607822358468386251e-04 2.612528569349486856e-04 2.619992059435861964e-04 2.629669295100959571e-04 2.635865775258139083e-04 2.628867877028868484e-04 2.624677961588178072e-04 2.629078328600251363e-04
2.607522359315249134e-04 2.605970588929427674e-04 2.606092478398606927e-04 2.608684402316086373e-04 2.608594413983475642e-04 2.607739635755217328e-04 2.607180830499906650e-04 2.606997313778334374e-04 2.607087381354045901e-04 2.606184230978103177e-04 2.606542901089350592e-04 2.606332636494405192e-04 2.607603463909351584e-04 2.607577147749984910e-04 2.606485117195765861e-04 2.605522173819809005e-04 2.603264618960852506e-04 2.604315378421955722e-04 2.607077082763414357e-04 2.611752325954472351e-04 2.619167391750644772e-04 2.628810110919706775e-04 2.635054953931510670e-04 2.628175222373552904e-04 2.624030723860859234e-04 2.628596837801272447e-04
2.606978189682434286e-04 2.605377932438661848e-04 2.605533541132498557e-04 2.608127903490329875e-04 2.608039141619352677e-04 2.607180830499906650e-04 2.606874391782617977e-04 2.606722919689369701e-04 2.606839104036430413e-04 2.605992531889641281e-04 2.606386183731163237e-04 2.606181506966867415e-04 2.607475436849011115e-04 2.607492889156625597e-04 2.606434463022755366e-04 2.605506106303426403e-04 2.603300864027233239e-04 2.604372122399136597e-04 2.607102832528110608e-04 2.611661995732744777e-04 2.618835539522163186e-04 2.628230096346804512e-04 2.634437320549774331e-04 2.627670026485753288e-04 2.623470605189134625e-04 2.628017087692007805e-04
2.606752201395619957e-04 2.605127450744341316e-04 2.605291399447312714e-04 2.607883272426773165e-04 2.607832860270260658e-04 2.606997313778334374e-04 2.606722919689369701e-04 2.606742790072238644e-04 2.606889049048030757e-04 2.606081715359116237e-04 2.606511515077420435e-04 2.606327595506768109e-04 2.607649337773142325e-04 2.607671028765823807e-04 2.606619243699233009e-04 2.605671745409866586e-04 2.603435400606308840e-04 2.604474295065829911e-04 2.607144551947983562e-04 2.611594179974303541e-04 2.618570717091854073e-04 2.627838402630968350e-04 2.634065921145406584e-04 2.627462022344136854e-04 2.623301545594879471e-04 2.627840303621690608e-04
2.606793377108074412e-04 2.605149050655268571e-04 2.605311336747800021e-04 2.607922397958985575e-04 2.607903268864711268e-04 2.607087381354045901e-04 2.606839104036430413e-04 2.606889049048030757e-04 2.607226476367009564e-04 2.606472469415757219e-04 2.606945552801193111e-04 2.606801018621773889e-04 2.608164551268979522e-04 2.608210117494581793e-04 2.607180320860783213e-04 2.606254245302270589e-04 2.604008938294902816e-04 2.605045740078518819e-04 2.607663435179346958e-04 2.611969819118002386e-04 2.618692437242183479e-04 2.627737091329019215e-04 2.633834981535433813e-04 2.627295124843812783e-04 2.623384220194855819e-04 2.628060782595672065e-04
2.605915879041329950e-04 2.604216969848454277e-04 2.604391943816092834e-04 2.607001195085139190e-04 2.606980378177787649e-04 2.606184230978103177e-04 2.605992531889641281e-04 2.606081715359116237e-04 2.606472469415757219e-04 2.605914294676387106e-04 2.606480922938646510e-04 2.606424191813857855e-04 2.607890524126668034e-04 2.608025488829710577e-04 2.607049947999760678e-04 2.606136141624897247e-04 2.603875994543042283e-04 2.604893837665922681e-04 2.607412188238958416e-04 2.611521146127688837e-04 2.617854712769353384e-04 2.626517926567277744e-04 2.632498198199728265e-04 2.625946698069035181e-04 2.622183890995048294e-04 2.627076507916858311e-04
2.606277017672511184e-04 2.604537941485594757e-04 2.604738540516461881e-04 2.607352748630580985e-04 2.607335345730146781e-04 2.606542901089350592e-04 2.606386183731163237e-04 2.606511515077420435e-04 2.606945552801193111e-04 2.606480922938646510e-04 2.607292361870953978e-04 2.607368483494076688e-04 2.608964929445612454e-04 2.609206687369581591e-04 2.608309091287739799e-04 2.607452307019417605e-04 2.605241896518561105e-04 2.606276864323891032e-04 2.608770573771265039e-04 2.612790091342083671e-04 2.618806611728790126e-04 2.627049758074950802e-04 2.632764237118086453e-04 2.626084929443828534e-04 2.622473157380267187e-04 2.627702306636440620e-04
2.606053967782918251e-04 2.604289406561184216e-04 2.604491532358673539e-04 2.607123941555373309e-04 2.607109509537235245e-04 2.606332636494405192e-04 2.606181506966867415e-04 2.606327595506768109e-04 2.606801018621773889e-04 2.606424191813857855e-04 2.607368483494076688e-04 2.607701210917468307e-04 2.609488787664147207e-04 2.609875568406727609e-04 2.609110888744111496e-04 2.608356527989261404e-04 2.606206414182828351e-04 2.607291881107230334e-04 2.609786291794838841e-04 2.613716738151632677e-04 2.619382493223076707e-04 2.627085046976781872e-04 2.632556116203521287e-04 2.625751814945903248e-04 2.622239099215088677e-04 2.627697335860930124e-04
2.607322306520341577e-04 2.605537324940715937e-04 2.605745150721645691e-04 2.608377920488496671e-04 2.608370747199017983e-04 2.607603463909351584e-04 2.607475436849011115e-04 2.607649337773142325e-04 2.608164551268979522e-04 2.607890524126668034e-04 2.608964929445612454e-04 2.609488787664147207e-04 2.611654747184545934e-04 2.612337704134253674e-04 2.611806833328686049e-04 2.611224214472776008e-04 2.609221634369645031e-04 2.610435236277065980e-04 2.612935462270607142e-04 2.616732268388086689e-04 2.621910316820852296e-04 2.628842165801894507e-04 2.633831015053351792e-04 2.626852934703732432e-04 2.623752979606662527e-04 2.629608956703925250e-04
2.607299383124086372e-04 2.605513650334825328e-04 2.605739424977234213e-04 2.608342598094790963e-04 2.608332784276025081e-04 2.607577147749984910e-04 2.607492889156625597e-04 2.607671028765823807e-04 2.608210117494581793e-04 2.608025488829710577e-04 2.609206687369581591e-04 2.609875568406727609e-04 2.612337704134253674e-04 2.613462648310637911e-04 2.613276326554440378e-04 2.612932469895865050e-04 2.611077794801388609e-04 2.612398920750388627e-04 2.614903783725561789e-04 2.618535225759472383e-04 2.623192115790546849e-04 2.629298902671936403e-04 2.633725155674564557e-04 2.626590959040515125e-04 2.623889526187624739e-04 2.630034694214544418e-04
2.606201238041999462e-04 2.604418099087202581e-04 2.604673043943570086e-04 2.607231502139565932e-04 2.607213225855644343e-04 2.606485117195765861e-04 2.606434463022755366e-04 2.606619243699233009e-04 2.607180320860783213e-04 2.607049947999760678e-04 2.608309091287739799e-04 2.609110888744111496e-04 2.611806833328686049e-04 2.613276326554440378e-04 2.613595499175379549e-04 2.613670741427984883e-04 2.612107918969396253e-04 2.613608012480681973e-04 2.616163561693782215e-04 2.619568620434356413e-04 2.623645272857303345e-04 2.628805909907573667e-04 2.632668897887988579e-04 2.625545222818734779e-04 2.623158400498357351e-04 2.629544814716269210e-04
2.605216477350700026e-04 2.603434177976012140e-04 2.603733605190782906e-04 2.606257330566885992e-04 2.606231475631062941e-04 2.605522173819809005e-04 2.605506106303426403e-04 2.605671745409866586e-04 2.606254245302270589e-04 2.606136141624897247e-04 2.607452307019417605e-04 2.608356527989261404e-04 2.611224214472776008e-04 2.612932469895865050e-04 2.613670741427984883e-04 2.614445279710481736e-04 2.613457737701561966e-04 2.615323787638381401e-04 2.618100926905215066e-04 2.621484409840562626e-04 2.624953888259430276e-04 2.628826140207330027e-04 2.631679194706258002e-04 2.624531303364127264e-04 2.622580367965712377e-04 2.629108524126664822e-04
2.602942131161267952e-04 2.601182277172653921e-04 2.601498242561241757e-04 2.604019793246536009e-04 2.604012104060649153e-04 2.603264618960852506e-04 2.603300864027233239e-04 2.603435400606308840e-04 2.604008938294902816e-04 2.603875994543042283e-04 2.605241896518561105e-04 2.606206414182828351e-04 2.609221634369645031e-04 2.611077794801388609e-04 2.612107918969396253e-04 2.613457737701561966e-04 2.613402756248578321e-04 2.616023436675686260e-04 2.619293791910992479e-04 2.622822245537990244e-04 2.625803088944540114e-04 2.628290107092949015e-04 2.629894328343744471e-04 2.622637431332577223e-04 2.620885761811073849e-04 2.627289663105891043e-04
2.603970304612260919e-04 2.602279460845750218e-04 2.602546464472967535e-04 2.605031210535767587e-04 2.605066127230850270e-04 2.604315378421955722e-04 2.604372122399136597e-04 2.604474295065829911e-04 2.605045740078518819e-04 2.604893837665922681e-04 2.606276864323891032e-04 2.607291881107230334e-04 2.610435236277065980e-04 2.612398920750388627e-04 2.613608012480681973e-04 2.615323787638381401e-04 2.616023436675686260e-04 2.619955923490471469e-04 2.624331795045015537e-04 2.628402852369742014e-04 2.631118237828858277e-04 2.632060409761707398e-04 2.631574809625545340e-04 2.623922136700532941e-04 2.622828669576717430e-04 2.629392717991451594e-04
2.606660273600663077e-04 2.605094639336961158e-04 2.605307653350557749e-04 2.607790115170615470e-04 2.607822358468386251e-04 2.607077082763414357e-04 2.607102832528110608e-04 2.607144551947983562e-04 2.607663435179346958e-04 2.607412188238958416e-04 2.608770573771265039e-04 2.609786291794838841e-04 2.612935462270607142e-04 2.614903783725561789e-04 2.616163561693782215e-04 2.618100926905215066e-04 2.619293791910992479e-04 2.624331795045015537e-04 2.630568631522966095e-04 2.636041053961560147e-04 2.639025287555849387e-04 2.638769412328275917e-04 2.635814310498567608e-04 2.627126277821431794e-04 2.626440851180049580e-04 2.633144349705543734e-04
2.611262719882792636e-04 2.609792020665587398e-04 2.609977973521422200e-04 2.612438665936291917e-04 2.612528569349486856e-04 2.611752325954472351e-04 2.611661995732744777e-04 2.611594179974303541e-04 2.611969819118002386e-04 2.611521146127688837e-04 2.612790091342083671e-04 2.613716738151632677e-04 2.616732268388086689e-04 2.618535225759472383e-04 2.619568620434356413e-04 2.621484409840562626e-04 2.622822245537990244e-04 2.628402852369742014e-04 2.636041053961560147e-04 2.644221066137651221e-04 2.649227285511362583e-04 2.649200489906947250e-04 2.643915196580430473e-04 2.632778854793831969e-04 2.632049863273367091e-04 2.638822873269130813e-04
2.618666938610492677e-04 2.617194602852506075e-04 2.617370226676201729e-04 2.619813190008335587e-04 2.619992059435861964e-04 2.619167391750644772e-04 2.618835539522163186e-04 2.618570717091854073e-04 2.618692437242183479e-04 2.617854712769353384e-04 2.618806611728790126e-04 2.619382493223076707e-04 2.621910316820852296e-04 2.623192115790546849e-04 2.623645272857303345e-04 2.624953888259430276e-04 2.625803088944540114e-04 2.631118237828858277e-04 2.639025287555849387e-04 2.649227285511362583e-04 2.658883571038850226e-04 2.662891787405213644e-04 2.658057177155622548e-04 2.643304640102331349e-04 2.640422995979978087e-04 2.646415736018270363e-04
2.628410042143007152e-04 2.626814915814472753e-04 2.626926493401961129e-04 2.629581150687618500e-04 2.629669295100959571e-04 2.628810110919706775e-04 2.628230096346804512e-04 2.627838402630968350e-04 2.627737091329019215e-04 2.626517926567277744e-04 2.627049758074950802e-04 2.627085046976781872e-04 2.628842165801894507e-04 2.629298902671936403e-04 2.628805909907573667e-04 2.628826140207330027e-04 2.628290107092949015e-04 2.632060409761707398e-04 2.638769412328275917e-04 2.649200489906947250e-04 2.662891787405213644e-04 2.675052483133420235e-04 2.676092028301202993e-04 2.659130712997570599e-04 2.651262588126480934e-04 2.656289898772570520e-04
2.634794145686367465e-04 2.632985323208257371e-04 2.633058432047178819e-04 2.636017075355475922e-04 2.635865775258139083e-04 2.635054953931510670e-04 2.634437320549774331e-04 2.634065921145406584e-04 2.633834981535433813e-04 2.632498198199728265e-04 2.632764237118086453e-04 2.632556116203521287e-04 2.633831015053351792e-04 2.633725155674564557e-04 2.632668897887988579e-04 2.631679194706258002e-04 2.629894328343744471e-04 2.631574809625545340e-04 2.635814310498567608e-04 2.643915196580430473e-04 2.658057177155622548e-04 2.676092028301202993e-04 2.688413728743010121e-04 2.674891667305125749e-04 2.660112430413372978e-04 2.663131681549746007e-04
2.628173156771411532e-04 2.626216776976562852e-04 2.626157652305230504e-04 2.629088534287749262e-04 2.628867877028868484e-04 2.628175222373552904e-04 2.627670026485753288e-04 2.627462022344136854e-04 2.627295124843812783e-04 2.625946698069035181e-04 2.626084929443828534e-04 2.625751814945903248e-04 2.626852934703732432e-04 2.626590959040515125e-04 2.625545222818734779e-04 2.624531303364127264e-04 2.622637431332577223e-04 2.623922136700532941e-04 2.627126277821431794e-04 2.632778854793831969e-04 2.643304640102331349e-04 2.659130712997570599e-04 2.674891667305125749e-04 2.672617557073012355e-04 2.659094958592095326e-04 2.657502086441025191e-04
2.624214341304180703e-04 2.621927786728412259e-04 2.622055501965050018e-04 2.624672909641534934e-04 2.624677961588178072e-04 2.624030723860859234e-04 2.623470605189134625e-04 2.623301545594879471e-04 2.623384220194855819e-04 2.622183890995048294e-04 2.622473157380267187e-04 2.622239099215088677e-04 2.623752979606662527e-04 2.623889526187624739e-04 2.623158400498357351e-04 2.622580367965712377e-04 2.620885761811073849e-04 2.622828669576717430e-04 2.626440851180049580e-04 2.632049863273367091e-04 2.640422995979978087e-04 2.651262588126480934e-04 2.660112430413372978e-04 2.659094958592095326e-04 2.659978593120333897e-04 2.660207623245899053e-04
2.628685671230960208e-04 2.626258386570785711e-04 2.626448775285269771e-04 2.629090710060617343e-04 2.629078328600251363e-04 2.628596837801272447e-04 2.628017087692007805e-04 2.627840303621690608e-04 2.628060782595672065e-04 2.627076507916858311e-04 2.627702306636440620e-04 2.627697335860930124e-04 2.629608956703925250e-04 2.630034694214544418e-04 2.629544814716269210e-04 2.629108524126664822e-04 2.627289663105891043e-04 2.629392717991451594e-04 2.633144349705543734e-04 2.638822873269130813e-04 2.646415736018270363e-04 2.656289898772570520e-04 2.663131681549746007e-04 2.657502086441025191e-04 2.660207623245899053e-04 2.673277484873315055e-04
