1.142661284775287799e-04 1.142809014887380528e-04 1.144171536416702675e-04 1.143374052559456225e-04 1.145845611990641748e-04 1.146277508220315539e-04 1.146369957337364494e-04 1.146514365386326590e-04 1.145899823405513072e-04 1.145700453437563198e-04 1.145227916673109697e-04 1.147247933173153173e-04 1.147594518681845836e-04 1.146421455644420963e-04 1.147404179240210084e-04 1.147630376182921471e-04 1.149027118640977985e-04 1.150790482651581196e-04 1.152795193748001174e-04 1.154743571968685725e-04 1.152057389998008123e-04 1.150497949931714750e-04 1.148542656593912902e-04 1.145187358773847069e-04 1.137124688749005600e-04 1.135694059476215835e-04
1.142809014887380528e-04 1.143767432006426198e-04 1.144944332837607770e-04 1.144112231680810196e-04 1.146596301620037158e-04 1.147062761284801572e-04 1.147205949176408524e-04 1.147363534308704335e-04 1.146798169233439850e-04 1.146615167801383274e-04 1.146178997528916080e-04 1.148224722786498421e-04 1.148639370917858566e-04 1.147533126624047191e-04 1.148515909636671370e-04 1.148734298152549711e-04 1.150099990822582449e-04 1.151887088884133924e-04 1.153915703494546701e-04 1.155788236836232443e-04 1.153109504163211702e-04 1.151537407555735257e-04 1.149464514362230866e-04 1.146001285391139710e-04 1.137943075270996939e-04 1.136486457751816813e-04
1.144171536416702675e-04 1.144944332837607770e-04 1.146597987931890253e-04 1.145668058929525101e-04 1.148146046316838204e-04 1.148629501446462963e-04 1.148756243838432807e-04 1.148924019756593937e-04 1.148334137393034409e-04 1.148127639600224922e-04 1.147670364221127021e-04 1.149692476722647126e-04 1.150061893456431851e-04 1.148898723918188636e-04 1.149872096237064024e-04 1.150050576034046318e-04 1.151362691785224251e-04 1.153081274728652859e-04 1.155047824746033378e-04 1.156886460321496858e-04 1.154200148402466830e-04 1.152606714819749944e-04 1.150606098094816105e-04 1.147312119125636515e-04 1.139341867959715101e-04 1.137807402786963462e-04
1.143374052559456225e-04 1.144112231680810196e-04 1.145668058929525101e-04 1.145188338521414324e-04 1.147597108384689824e-04 1.148041078813825320e-04 1.148185898956194639e-04 1.148372889933087877e-04 1.147800751065365589e-04 1.147645305503896060e-04 1.147184253114758929e-04 1.149227125681175977e-04 1.149624443596556267e-04 1.148476149838412294e-04 1.149480977310270451e-04 1.149662806579879897e-04 1.151020759941191431e-04 1.152775314106289217e-04 1.154788376749380760e-04 1.156644953743397430e-04 1.153845906839305114e-04 1.152101217596948726e-04 1.149900823067157322e-04 1.146509584773845459e-04 1.138562350386557089e-04 1.137202745233605619e-04
1.145845611990641748e-04 1.146596301620037158e-04 1.148146046316838204e-04 1.147597108384689824e-04 1.150305519396515772e-04 1.150697739599367133e-04 1.150841758350248830e-04 1.151041623421514011e-04 1.150462151562162442e-04 1.150296547091607320e-04 1.149840115395148768e-04 1.151914988673352608e-04 1.152334981875787818e-04 1.151170153337799162e-04 1.152146450113624484e-04 1.152330511964706191e-04 1.153666791592771363e-04 1.155424371117564172e-04 1.157481134305248779e-04 1.159368164754071771e-04 1.156584962631925097e-04 1.154728437221266103e-04 1.152484177427932839e-04 1.149246937388549765e-04 1.141430630645546310e-04 1.139896848574307444e-04
1.146277508220315539e-04 1.147062761284801572e-04 1.148629501446462963e-04 1.148041078813825320e-04 1.150697739599367133e-04 1.151334229099844136e-04 1.151440998543164733e-04 1.151641511988345506e-04 1.151073757121584003e-04 1.150923234933152127e-04 1.150479136789606674e-04 1.152560138443844696e-04 1.152994103899482970e-04 1.151854623015173827e-04 1.152836016921179646e-04 1.153005819123814103e-04 1.154331785291265992e-04 1.156068883851001886e-04 1.158114117663933547e-04 1.159963498125410000e-04 1.157163133665777916e-04 1.155240581458995947e-04 1.152955757398769972e-04 1.149643680795877298e-04 1.141810255875800792e-04 1.140228413753304777e-04
1.146369957337364494e-04 1.147205949176408524e-04 1.148756243838432807e-04 1.148185898956194639e-04 1.150841758350248830e-04 1.151440998543164733e-04 1.151765610807435624e-04 1.151972850971018527e-04 1.151447991961124945e-04 1.151314430719667359e-04 1.150915556276424197e-04 1.153036860708739846e-04 1.153500548593367441e-04 1.152377684742995841e-04 1.153347063981659991e-04 1.153508530687337474e-04 1.154808331003224239e-04 1.156548291737115856e-04 1.158539178399853201e-04 1.160377229738001985e-04 1.157618221475645510e-04 1.155714872077147462e-04 1.153502275673860220e-04 1.150135985380742922e-04 1.142232710753007092e-04 1.140609439348419139e-04
1.146514365386326590e-04 1.147363534308704335e-04 1.148924019756593937e-04 1.148372889933087877e-04 1.151041623421514011e-04 1.151641511988345506e-04 1.151972850971018527e-04 1.152320939303170399e-04 1.151805735635031211e-04 1.151693448576980702e-04 1.151326534767360563e-04 1.153489003977753078e-04 1.153973919319735089e-04 1.152872293881259351e-04 1.153851903457271840e-04 1.154025288256622873e-04 1.155342090650280073e-04 1.157096992730874592e-04 1.159098609478255009e-04 1.160911441090184301e-04 1.158090462631446030e-04 1.156110792539611834e-04 1.153843911141420550e-04 1.150294519769144312e-04 1.142306333443479638e-04 1.140779122012769973e-04
1.145899823405513072e-04 1.146798169233439850e-04 1.148334137393034409e-04 1.147800751065365589e-04 1.150462151562162442e-04 1.151073757121584003e-04 1.151447991961124945e-04 1.151805735635031211e-04 1.151505250311910970e-04 1.151466087320063015e-04 1.151167961522361655e-04 1.153390020006080818e-04 1.153930087914580515e-04 1.152864403047793517e-04 1.153851962932884480e-04 1.154011539939665468e-04 1.155298868739923203e-04 1.157038366917237577e-04 1.159055703010529735e-04 1.160843132622719934e-04 1.157914936869799445e-04 1.155691399443517248e-04 1.153393222817636690e-04 1.149880492717487811e-04 1.141896500555003553e-04 1.140367867041320048e-04
1.145700453437563198e-04 1.146615167801383274e-04 1.148127639600224922e-04 1.147645305503896060e-04 1.150296547091607320e-04 1.150923234933152127e-04 1.151314430719667359e-04 1.151693448576980702e-04 1.151466087320063015e-04 1.151628756335736173e-04 1.151413075151803132e-04 1.153694468771926390e-04 1.154288392470896769e-04 1.153266449436447680e-04 1.154297585521898880e-04 1.154475518399009722e-04 1.155753058157419559e-04 1.157465760673950930e-04 1.159480099249156479e-04 1.161209973363177726e-04 1.158144835064769479e-04 1.155695467998468063e-04 1.153356303673056421e-04 1.149703084208101504e-04 1.141623731933058300e-04 1.140063861022678799e-04
1.145227916673109697e-04 1.146178997528916080e-04 1.147670364221127021e-04 1.147184253114758929e-04 1.149840115395148768e-04 1.150479136789606674e-04 1.150915556276424197e-04 1.151326534767360563e-04 1.151167961522361655e-04 1.151413075151803132e-04 1.151407491084603473e-04 1.153811523058521330e-04 1.154506380223287637e-04 1.153585896773478062e-04 1.154668241780155979e-04 1.154885622407577110e-04 1.156174257068961407e-04 1.157895900297548709e-04 1.159884307535068127e-04 1.161530895494164363e-04 1.158272049540175712e-04 1.155558530240897194e-04 1.153223144911709978e-04 1.149512032215384652e-04 1.141387802285983064e-04 1.139851001905746144e-04
1.147247933173153173e-04 1.148224722786498421e-04 1.149692476722647126e-04 1.149227125681175977e-04 1.151914988673352608e-04 1.152560138443844696e-04 1.153036860708739846e-04 1.153489003977753078e-04 1.153390020006080818e-04 1.153694468771926390e-04 1.153811523058521330e-04 1.156481032446294677e-04 1.157329146918457399e-04 1.156542409904908831e-04 1.157754707158893307e-04 1.158066004462768962e-04 1.159392172804448324e-04 1.161114321228904895e-04 1.163094135233630271e-04 1.164634148266373818e-04 1.161097419956604119e-04 1.157920971207032087e-04 1.155559022541545954e-04 1.151821365757322598e-04 1.143602386424977133e-04 1.142052064321682836e-04
1.147594518681845836e-04 1.148639370917858566e-04 1.150061893456431851e-04 1.149624443596556267e-04 1.152334981875787818e-04 1.152994103899482970e-04 1.153500548593367441e-04 1.153973919319735089e-04 1.153930087914580515e-04 1.154288392470896769e-04 1.154506380223287637e-04 1.157329146918457399e-04 1.158471484339280083e-04 1.157908262451022314e-04 1.159270177964501078e-04 1.159705118045136082e-04 1.161072669912463501e-04 1.162813618173302269e-04 1.164801075954974898e-04 1.166257901495560166e-04 1.162457181874881407e-04 1.158870176149311577e-04 1.156436521316784823e-04 1.152647222200443481e-04 1.144382958551245561e-04 1.142682661725875627e-04
1.146421455644420963e-04 1.147533126624047191e-04 1.148898723918188636e-04 1.148476149838412294e-04 1.151170153337799162e-04 1.151854623015173827e-04 1.152377684742995841e-04 1.152872293881259351e-04 1.152864403047793517e-04 1.153266449436447680e-04 1.153585896773478062e-04 1.156542409904908831e-04 1.157908262451022314e-04 1.157746046041206408e-04 1.159404250327403718e-04 1.160048491084255079e-04 1.161549214610871881e-04 1.163381435590977520e-04 1.165407429187280202e-04 1.166778999401971189e-04 1.162607180556703585e-04 1.158367242061292631e-04 1.155654768592976771e-04 1.151890637101152519e-04 1.143620348931920010e-04 1.141736226847204426e-04
1.147404179240210084e-04 1.148515909636671370e-04 1.149872096237064024e-04 1.149480977310270451e-04 1.152146450113624484e-04 1.152836016921179646e-04 1.153347063981659991e-04 1.153851903457271840e-04 1.153851962932884480e-04 1.154297585521898880e-04 1.154668241780155979e-04 1.157754707158893307e-04 1.159270177964501078e-04 1.159404250327403718e-04 1.161567880074621293e-04 1.162598816326149078e-04 1.164340058503909896e-04 1.166297705031049876e-04 1.168398103184847944e-04 1.169727330205747989e-04 1.165140236532340374e-04 1.160033764830488450e-04 1.156893434580668608e-04 1.153128446292004528e-04 1.144873144867860493e-04 1.142785881495425024e-04
1.147630376182921471e-04 1.148734298152549711e-04 1.150050576034046318e-04 1.149662806579879897e-04 1.152330511964706191e-04 1.153005819123814103e-04 1.153508530687337474e-04 1.154025288256622873e-04 1.154011539939665468e-04 1.154475518399009722e-04 1.154885622407577110e-04 1.158066004462768962e-04 1.159705118045136082e-04 1.160048491084255079e-04 1.162598816326149078e-04 1.164241285292366739e-04 1.166455137243069419e-04 1.168719843569286773e-04 1.171024725839200133e-04 1.172398409853558378e-04 1.167431274372739938e-04 1.161305263095823429e-04 1.157484748948995858e-04 1.153724832514208871e-04 1.145546308590529052e-04 1.143370809474704333e-04
1.149027118640977985e-04 1.150099990822582449e-04 1.151362691785224251e-04 1.151020759941191431e-04 1.153666791592771363e-04 1.154331785291265992e-04 1.154808331003224239e-04 1.155342090650280073e-04 1.155298868739923203e-04 1.155753058157419559e-04 1.156174257068961407e-04 1.159392172804448324e-04 1.161072669912463501e-04 1.161549214610871881e-04 1.164340058503909896e-04 1.166455137243069419e-04 1.169488499099620351e-04 1.172468537184265952e-04 1.175238765952749169e-04 1.176774305188306327e-04 1.171394644817006918e-04 1.164136478085847680e-04 1.159123933331607172e-04 1.155304912647866226e-04 1.147200218968716037e-04 1.145180799118235542e-04
1.150790482651581196e-04 1.151887088884133924e-04 1.153081274728652859e-04 1.152775314106289217e-04 1.155424371117564172e-04 1.156068883851001886e-04 1.156548291737115856e-04 1.157096992730874592e-04 1.157038366917237577e-04 1.157465760673950930e-04 1.157895900297548709e-04 1.161114321228904895e-04 1.162813618173302269e-04 1.163381435590977520e-04 1.166297705031049876e-04 1.168719843569286773e-04 1.172468537184265952e-04 1.176650531177083714e-04 1.180347253140893359e-04 1.182276986282636977e-04 1.176707290374190467e-04 1.168436580842530993e-04 1.161700602761327254e-04 1.157568124267699768e-04 1.149565203915170843e-04 1.147749156770743351e-04
1.152795193748001174e-04 1.153915703494546701e-04 1.155047824746033378e-04 1.154788376749380760e-04 1.157481134305248779e-04 1.158114117663933547e-04 1.158539178399853201e-04 1.159098609478255009e-04 1.159055703010529735e-04 1.159480099249156479e-04 1.159884307535068127e-04 1.163094135233630271e-04 1.164801075954974898e-04 1.165407429187280202e-04 1.168398103184847944e-04 1.171024725839200133e-04 1.175238765952749169e-04 1.180347253140893359e-04 1.185549270750705644e-04 1.188498578186633246e-04 1.183126115135079776e-04 1.173940043089233027e-04 1.165085616220666728e-04 1.160129460203118104e-04 1.152335027921197057e-04 1.150469338108042045e-04
1.154743571968685725e-04 1.155788236836232443e-04 1.156886460321496858e-04 1.156644953743397430e-04 1.159368164754071771e-04 1.159963498125410000e-04 1.160377229738001985e-04 1.160911441090184301e-04 1.160843132622719934e-04 1.161209973363177726e-04 1.161530895494164363e-04 1.164634148266373818e-04 1.166257901495560166e-04 1.166778999401971189e-04 1.169727330205747989e-04 1.172398409853558378e-04 1.176774305188306327e-04 1.182276986282636977e-04 1.188498578186633246e-04 1.193566462905657020e-04 1.189882272747304684e-04 1.180936007801873403e-04 1.170144382158689483e-04 1.163000564823187216e-04 1.155319406338479007e-04 1.153568920513797427e-04
1.152057389998008123e-04 1.153109504163211702e-04 1.154200148402466830e-04 1.153845906839305114e-04 1.156584962631925097e-04 1.157163133665777916e-04 1.157618221475645510e-04 1.158090462631446030e-04 1.157914936869799445e-04 1.158144835064769479e-04 1.158272049540175712e-04 1.161097419956604119e-04 1.162457181874881407e-04 1.162607180556703585e-04 1.165140236532340374e-04 1.167431274372739938e-04 1.171394644817006918e-04 1.176707290374190467e-04 1.183126115135079776e-04 1.189882272747304684e-04 1.189596788632291645e-04 1.183458910950256008e-04 1.172410171522971585e-04 1.162030008601698170e-04 1.153856468106761394e-04 1.152348611534843793e-04
1.150497949931714750e-04 1.151537407555735257e-04 1.152606714819749944e-04 1.152101217596948726e-04 1.154728437221266103e-04 1.155240581458995947e-04 1.155714872077147462e-04 1.156110792539611834e-04 1.155691399443517248e-04 1.155695467998468063e-04 1.155558530240897194e-04 1.157920971207032087e-04 1.158870176149311577e-04 1.158367242061292631e-04 1.160033764830488450e-04 1.161305263095823429e-04 1.164136478085847680e-04 1.168436580842530993e-04 1.173940043089233027e-04 1.180936007801873403e-04 1.183458910950256008e-04 1.183770011187312149e-04 1.176292276220174072e-04 1.163862783297804539e-04 1.153593048849578203e-04 1.152720557224563023e-04
1.148542656593912902e-04 1.149464514362230866e-04 1.150606098094816105e-04 1.149900823067157322e-04 1.152484177427932839e-04 1.152955757398769972e-04 1.153502275673860220e-04 1.153843911141420550e-04 1.153393222817636690e-04 1.153356303673056421e-04 1.153223144911709978e-04 1.155559022541545954e-04 1.156436521316784823e-04 1.155654768592976771e-04 1.156893434580668608e-04 1.157484748948995858e-04 1.159123933331607172e-04 1.161700602761327254e-04 1.165085616220666728e-04 1.170144382158689483e-04 1.172410171522971585e-04 1.176292276220174072e-04 1.177203794617350012e-04 1.168439173467217978e-04 1.154481448145209534e-04 1.151923143340310713e-04
1.145187358773847069e-04 1.146001285391139710e-04 1.147312119125636515e-04 1.146509584773845459e-04 1.149246937388549765e-04 1.149643680795877298e-04 1.150135985380742922e-04 1.150294519769144312e-04 1.149880492717487811e-04 1.149703084208101504e-04 1.149512032215384652e-04 1.151821365757322598e-04 1.152647222200443481e-04 1.151890637101152519e-04 1.153128446292004528e-04 1.153724832514208871e-04 1.155304912647866226e-04 1.157568124267699768e-04 1.160129460203118104e-04 1.163000564823187216e-04 1.162030008601698170e-04 1.163862783297804539e-04 1.168439173467217978e-04 1.169724688272391063e-04 1.156905823586553431e-04 1.149812639156352114e-04
1.137124688749005600e-04 1.137943075270996939e-04 1.139341867959715101e-04 1.138562350386557089e-04 1.141430630645546310e-04 1.141810255875800792e-04 1.142232710753007092e-04 1.142306333443479638e-04 1.141896500555003553e-04 1.141623731933058300e-04 1.141387802285983064e-04 1.143602386424977133e-04 1.144382958551245561e-04 1.143620348931920010e-04 1.144873144867860493e-04 1.145546308590529052e-04 1.147200218968716037e-04 1.149565203915170843e-04 1.152335027921197057e-04 1.155319406338479007e-04 1.153856468106761394e-04 1.153593048849578203e-04 1.154481448145209534e-04 1.156905823586553431e-04 1.153767078831372271e-04 1.146542306267162281e-04
1.135694059476215835e-04 1.136486457751816813e-04 1.137807402786963462e-04 1.137202745233605619e-04 1.139896848574307444e-04 1.140228413753304777e-04 1.140609439348419139e-04 1.140779122012769973e-04 1.140367867041320048e-04 1.140063861022678799e-04 1.139851001905746144e-04 1.142052064321682836e-04 1.142682661725875627e-04 1.141736226847204426e-04 1.142785881495425024e-04 1.143370809474704333e-04 1.145180799118235542e-04 1.147749156770743351e-04 1.150469338108042045e-04 1.153568920513797427e-04 1.152348611534843793e-04 1.152720557224563023e-04 1.151923143340310713e-04 1.149812639156352114e-04 1.146542306267162281e-04 1.149124133459158178e-04
