2.965853129606790535e-04 2.955389327298674922e-04 2.946561249039887013e-04 2.943876716182525070e-04 2.937199630404607026e-04 2.929408718362962421e-04 2.920813550504616578e-04 2.915001932705724359e-04 2.909559024287065995e-04 2.905220271760142409e-04 2.901548867941746465e-04 2.901080318180904475e-04 2.903290847116303747e-04 2.905622796026524602e-04 2.909114824174495548e-04 2.909945934925752746e-04 2.909886032394466758e-04 2.915980121085855192e-04 2.918526419029394904e-04 2.922085195042005271e-04 2.926603846220245846e-04 2.924718245126381629e-04 2.915620414542195987e-04 2.901209426981796028e-04 2.906342005448826304e-04 2.901943041523948595e-04
2.955389327298674922e-04 2.945840784717973352e-04 2.936740298765759928e-04 2.934091592787486198e-04 2.927441018122850036e-04 2.919690950924576128e-04 2.911094344079370386e-04 2.905295594149420323e-04 2.899843297086794332e-04 2.895510369002153930e-04 2.891866398948400563e-04 2.891451921009530212e-04 2.893767528664738502e-04 2.896186488403320529e-04 2.899668612579665372e-04 2.900533435288209726e-04 2.900564746210771566e-04 2.906856900346338154e-04 2.909682463304546335e-04 2.913429866203533854e-04 2.917875597102460362e-04 2.915759429652533792e-04 2.906274787269316935e-04 2.891683631458437116e-04 2.896801116628153921e-04 2.892278926898579345e-04
2.946561249039887013e-04 2.936740298765759928e-04 2.928394471083375287e-04 2.925564527109720853e-04 2.918919815533311960e-04 2.911185677455541696e-04 2.902609196254615862e-04 2.896896972047052483e-04 2.891517711601807668e-04 2.887187904500655732e-04 2.883574049534014770e-04 2.883163848400614520e-04 2.885401716517888102e-04 2.887702131140247336e-04 2.891110427585236544e-04 2.891872872025705852e-04 2.891837862102643580e-04 2.898025347879381913e-04 2.900766155555138475e-04 2.904405762025870992e-04 2.908715678266032834e-04 2.906469794510530675e-04 2.897030167303262589e-04 2.882630316746776660e-04 2.887995989042373038e-04 2.883608435821008583e-04
2.943876716182525070e-04 2.934091592787486198e-04 2.925564527109720853e-04 2.923191899743635288e-04 2.916474838773968313e-04 2.908769940759831757e-04 2.900214770885063491e-04 2.894506472571543019e-04 2.889122982413158680e-04 2.884835357449510836e-04 2.881257204163449842e-04 2.880886383497985683e-04 2.883215342552581631e-04 2.885646360867411106e-04 2.889186224757268212e-04 2.890123200511496488e-04 2.890273910636929531e-04 2.896554918976902140e-04 2.899247865883547784e-04 2.902801177692632194e-04 2.906858616464723247e-04 2.904257481137774953e-04 2.894574679049601832e-04 2.880065154991500332e-04 2.885476462255900216e-04 2.881205849578287567e-04
2.937199630404607026e-04 2.927441018122850036e-04 2.918919815533311960e-04 2.916474838773968313e-04 2.910097890068754647e-04 2.902383464789125181e-04 2.893874975982272161e-04 2.888157654590195120e-04 2.882795565049264060e-04 2.878570132351315021e-04 2.875029613261416558e-04 2.874684391631163877e-04 2.877069687422398954e-04 2.879558219525730654e-04 2.883162189827044152e-04 2.884096607123851357e-04 2.884248521263238908e-04 2.890502362024761495e-04 2.893208235648567477e-04 2.896780699052445437e-04 2.900812040588168035e-04 2.898001882428626465e-04 2.888220906369514968e-04 2.873748760447068459e-04 2.879053143767306778e-04 2.874722618464171497e-04
2.929408718362962421e-04 2.919690950924576128e-04 2.911185677455541696e-04 2.908769940759831757e-04 2.902383464789125181e-04 2.894965030479965768e-04 2.886460282866197243e-04 2.880797047484929120e-04 2.875476056854660593e-04 2.871305086401577402e-04 2.867830634027872879e-04 2.867540285587688066e-04 2.869976401633468556e-04 2.872522514484278822e-04 2.876159191951349007e-04 2.877163507845036387e-04 2.877376421726569964e-04 2.883639483235657017e-04 2.886288146428606311e-04 2.889821185728487160e-04 2.893713541187153265e-04 2.890578027923706192e-04 2.880689138205426675e-04 2.866285188477293009e-04 2.871742428734986143e-04 2.867447508134946736e-04
2.920813550504616578e-04 2.911094344079370386e-04 2.902609196254615862e-04 2.900214770885063491e-04 2.893874975982272161e-04 2.886460282866197243e-04 2.878228758700180842e-04 2.872616057649970554e-04 2.867356583756139397e-04 2.863255551540782868e-04 2.859813235415853807e-04 2.859551022553887900e-04 2.862031041059365016e-04 2.864592712566899914e-04 2.868262376478300795e-04 2.869329703148365053e-04 2.869598007252535058e-04 2.875864047622626548e-04 2.878485652352022299e-04 2.881935369341193012e-04 2.885565593138506393e-04 2.882094432951395196e-04 2.872282296313668679e-04 2.858061374731728135e-04 2.863412042099207984e-04 2.859112742243327698e-04
2.915001932705724359e-04 2.905295594149420323e-04 2.896896972047052483e-04 2.894506472571543019e-04 2.888157654590195120e-04 2.880797047484929120e-04 2.872616057649970554e-04 2.867275676650365263e-04 2.862083273460650575e-04 2.858059660610620710e-04 2.854711375982053770e-04 2.854544528223075181e-04 2.857122422971943303e-04 2.859732252983278669e-04 2.863484527018282980e-04 2.864645473194972871e-04 2.864999776945444197e-04 2.871347975942866023e-04 2.873982795910513355e-04 2.877404249601990625e-04 2.880861350868086073e-04 2.877032999736266606e-04 2.867028780490459136e-04 2.852594791138684800e-04 2.858038993470481690e-04 2.853771010917923964e-04
2.909559024287065995e-04 2.899843297086794332e-04 2.891517711601807668e-04 2.889122982413158680e-04 2.882795565049264060e-04 2.875476056854660593e-04 2.867356583756139397e-04 2.862083273460650575e-04 2.857114361003586407e-04 2.853210843898031980e-04 2.849952690802735975e-04 2.849866771812730099e-04 2.852535329657057087e-04 2.855219288566322408e-04 2.859075655790648766e-04 2.860359170005395972e-04 2.860806816116489844e-04 2.867189094651516681e-04 2.869806698972494820e-04 2.873115133264901480e-04 2.876294736012311695e-04 2.872003677325661196e-04 2.861898862157998620e-04 2.847690744643635325e-04 2.853170438492081654e-04 2.848869224888417534e-04
2.905220271760142409e-04 2.895510369002153930e-04 2.887187904500655732e-04 2.884835357449510836e-04 2.878570132351315021e-04 2.871305086401577402e-04 2.863255551540782868e-04 2.858059660610620710e-04 2.853210843898031980e-04 2.849569420035594127e-04 2.846465132984747409e-04 2.846523144586378244e-04 2.849366940439737247e-04 2.852209140398807678e-04 2.856249117567703452e-04 2.857669641200297032e-04 2.858229661415959545e-04 2.864707158169294259e-04 2.867340487876405089e-04 2.870548881290597900e-04 2.873340849834058212e-04 2.868300211679821517e-04 2.857814602797971123e-04 2.843644159270556585e-04 2.849190285036583780e-04 2.844748220464295716e-04
2.901548867941746465e-04 2.891866398948400563e-04 2.883574049534014770e-04 2.881257204163449842e-04 2.875029613261416558e-04 2.867830634027872879e-04 2.859813235415853807e-04 2.854711375982053770e-04 2.849952690802735975e-04 2.846465132984747409e-04 2.843713616650159746e-04 2.844056703622525233e-04 2.847173922691751823e-04 2.850267393989287671e-04 2.854568132272886365e-04 2.856204888345467816e-04 2.856961178101553997e-04 2.863542963703263953e-04 2.866191401733582736e-04 2.869251096537326490e-04 2.871457376772479429e-04 2.865369646625804431e-04 2.854417630182332251e-04 2.840279272819236736e-04 2.845974172695236613e-04 2.841393362514553749e-04
2.901080318180904475e-04 2.891451921009530212e-04 2.883163848400614520e-04 2.880886383497985683e-04 2.874684391631163877e-04 2.867540285587688066e-04 2.859551022553887900e-04 2.854544528223075181e-04 2.849866771812730099e-04 2.846523144586378244e-04 2.844056703622525233e-04 2.844883254673819992e-04 2.848426996772077135e-04 2.851884788302962897e-04 2.856533729493353387e-04 2.858416965510791343e-04 2.859331634745577175e-04 2.865961891728382744e-04 2.868567900862677243e-04 2.871431884254835071e-04 2.872927164829152877e-04 2.865605347204123110e-04 2.854078908873382389e-04 2.839775483597349885e-04 2.845637719380048839e-04 2.840703354551340847e-04
2.903290847116303747e-04 2.893767528664738502e-04 2.885401716517888102e-04 2.883215342552581631e-04 2.877069687422398954e-04 2.869976401633468556e-04 2.862031041059365016e-04 2.857122422971943303e-04 2.852535329657057087e-04 2.849366940439737247e-04 2.847173922691751823e-04 2.848426996772077135e-04 2.852655879302286313e-04 2.856707463195340261e-04 2.861949033462087943e-04 2.864351267566366314e-04 2.865620304130372400e-04 2.872456912492143272e-04 2.875082232898668066e-04 2.877760381301890601e-04 2.878324695597023913e-04 2.869147175172702467e-04 2.856655331984508288e-04 2.842282253069768820e-04 2.848249709341953303e-04 2.842914745701573070e-04
2.905622796026524602e-04 2.896186488403320529e-04 2.887702131140247336e-04 2.885646360867411106e-04 2.879558219525730654e-04 2.872522514484278822e-04 2.864592712566899914e-04 2.859732252983278669e-04 2.855219288566322408e-04 2.852209140398807678e-04 2.850267393989287671e-04 2.851884788302962897e-04 2.856707463195340261e-04 2.861576215967216773e-04 2.867599293358576011e-04 2.870654557255646836e-04 2.872422017317522325e-04 2.879573634322207137e-04 2.882274318112755963e-04 2.884772500940432222e-04 2.884397556689897112e-04 2.873297053242351742e-04 2.859964279008276765e-04 2.845572547295364615e-04 2.851460275109394464e-04 2.845606796286442148e-04
2.909114824174495548e-04 2.899668612579665372e-04 2.891110427585236544e-04 2.889186224757268212e-04 2.883162189827044152e-04 2.876159191951349007e-04 2.868262376478300795e-04 2.863484527018282980e-04 2.859075655790648766e-04 2.856249117567703452e-04 2.854568132272886365e-04 2.856533729493353387e-04 2.861949033462087943e-04 2.867599293358576011e-04 2.874755204286689992e-04 2.878780804709321476e-04 2.881272966516285018e-04 2.888949928002500396e-04 2.891810008130773699e-04 2.894154246313575349e-04 2.892799319863930958e-04 2.879421342567770438e-04 2.864944379104444904e-04 2.850208473227048168e-04 2.855825160470643921e-04 2.849816405286086833e-04
2.909945934925752746e-04 2.900533435288209726e-04 2.891872872025705852e-04 2.890123200511496488e-04 2.884096607123851357e-04 2.877163507845036387e-04 2.869329703148365053e-04 2.864645473194972871e-04 2.860359170005395972e-04 2.857669641200297032e-04 2.856204888345467816e-04 2.858416965510791343e-04 2.864351267566366314e-04 2.870654557255646836e-04 2.878780804709321476e-04 2.884159081606355425e-04 2.887805102114498947e-04 2.896249814969289148e-04 2.899305339949950701e-04 2.901568507367107514e-04 2.899213782327370189e-04 2.883223866981292284e-04 2.867242651341785293e-04 2.852212423629857450e-04 2.857812673080579384e-04 2.852058603976111400e-04
2.909886032394466758e-04 2.900564746210771566e-04 2.891837862102643580e-04 2.890273910636929531e-04 2.884248521263238908e-04 2.877376421726569964e-04 2.869598007252535058e-04 2.864999776945444197e-04 2.860806816116489844e-04 2.858229661415959545e-04 2.856961178101553997e-04 2.859331634745577175e-04 2.865620304130372400e-04 2.872422017317522325e-04 2.881272966516285018e-04 2.887805102114498947e-04 2.893252925020640726e-04 2.903213884937253225e-04 2.907091119796805173e-04 2.909758793249453347e-04 2.906664482128773204e-04 2.887847460497849298e-04 2.869296413067586775e-04 2.853626350855860590e-04 2.859108755347490355e-04 2.853794849628982287e-04
2.915980121085855192e-04 2.906856900346338154e-04 2.898025347879381913e-04 2.896554918976902140e-04 2.890502362024761495e-04 2.883639483235657017e-04 2.875864047622626548e-04 2.871347975942866023e-04 2.867189094651516681e-04 2.864707158169294259e-04 2.863542963703263953e-04 2.865961891728382744e-04 2.872456912492143272e-04 2.879573634322207137e-04 2.888949928002500396e-04 2.896249814969289148e-04 2.903213884937253225e-04 2.915382791999293838e-04 2.921102755191753932e-04 2.925054065887790623e-04 2.922031927185949826e-04 2.900980632200507491e-04 2.878915135282618777e-04 2.861436195833734182e-04 2.865874318457735902e-04 2.860691439394922849e-04
2.918526419029394904e-04 2.909682463304546335e-04 2.900766155555138475e-04 2.899247865883547784e-04 2.893208235648567477e-04 2.886288146428606311e-04 2.878485652352022299e-04 2.873982795910513355e-04 2.869806698972494820e-04 2.867340487876405089e-04 2.866191401733582736e-04 2.868567900862677243e-04 2.875082232898668066e-04 2.882274318112755963e-04 2.891810008130773699e-04 2.899305339949950701e-04 2.907091119796805173e-04 2.921102755191753932e-04 2.929712557127863923e-04 2.936328364712879565e-04 2.934776999132176567e-04 2.913007642886200556e-04 2.886897005839493741e-04 2.866300069406625206e-04 2.869232424820067134e-04 2.863773318711944653e-04
2.922085195042005271e-04 2.913429866203533854e-04 2.904405762025870992e-04 2.902801177692632194e-04 2.896780699052445437e-04 2.889821185728487160e-04 2.881935369341193012e-04 2.877404249601990625e-04 2.873115133264901480e-04 2.870548881290597900e-04 2.869251096537326490e-04 2.871431884254835071e-04 2.877760381301890601e-04 2.884772500940432222e-04 2.894154246313575349e-04 2.901568507367107514e-04 2.909758793249453347e-04 2.925054065887790623e-04 2.936328364712879565e-04 2.947367545954637292e-04 2.949607214856022003e-04 2.928768227559691681e-04 2.898187020755787265e-04 2.872483682459265751e-04 2.874093555806359794e-04 2.868679195752268409e-04
2.926603846220245846e-04 2.917875597102460362e-04 2.908715678266032834e-04 2.906858616464723247e-04 2.900812040588168035e-04 2.893713541187153265e-04 2.885565593138506393e-04 2.880861350868086073e-04 2.876294736012311695e-04 2.873340849834058212e-04 2.871457376772479429e-04 2.872927164829152877e-04 2.878324695597023913e-04 2.884397556689897112e-04 2.892799319863930958e-04 2.899213782327370189e-04 2.906664482128773204e-04 2.922031927185949826e-04 2.934776999132176567e-04 2.949607214856022003e-04 2.959018602144351633e-04 2.944659072612655117e-04 2.913309944112234674e-04 2.881500041411550134e-04 2.880491526619534653e-04 2.874526050383948718e-04
2.924718245126381629e-04 2.915759429652533792e-04 2.906469794510530675e-04 2.904257481137774953e-04 2.898001882428626465e-04 2.890578027923706192e-04 2.882094432951395196e-04 2.877032999736266606e-04 2.872003677325661196e-04 2.868300211679821517e-04 2.865369646625804431e-04 2.865605347204123110e-04 2.869147175172702467e-04 2.873297053242351742e-04 2.879421342567770438e-04 2.883223866981292284e-04 2.887847460497849298e-04 2.900980632200507491e-04 2.913007642886200556e-04 2.928768227559691681e-04 2.944659072612655117e-04 2.944475997045494561e-04 2.920998917423756167e-04 2.885664373022741192e-04 2.879432592446553424e-04 2.871197427894937176e-04
2.915620414542195987e-04 2.906274787269316935e-04 2.897030167303262589e-04 2.894574679049601832e-04 2.888220906369514968e-04 2.880689138205426675e-04 2.872282296313668679e-04 2.867028780490459136e-04 2.861898862157998620e-04 2.857814602797971123e-04 2.854417630182332251e-04 2.854078908873382389e-04 2.856655331984508288e-04 2.859964279008276765e-04 2.864944379104444904e-04 2.867242651341785293e-04 2.869296413067586775e-04 2.878915135282618777e-04 2.886897005839493741e-04 2.898187020755787265e-04 2.913309944112234674e-04 2.920998917423756167e-04 2.914552555397129053e-04 2.888773955664655888e-04 2.877091895703469751e-04 2.862841613287677670e-04
2.901209426981796028e-04 2.891683631458437116e-04 2.882630316746776660e-04 2.880065154991500332e-04 2.873748760447068459e-04 2.866285188477293009e-04 2.858061374731728135e-04 2.852594791138684800e-04 2.847690744643635325e-04 2.843644159270556585e-04 2.840279272819236736e-04 2.839775483597349885e-04 2.842282253069768820e-04 2.845572547295364615e-04 2.850208473227048168e-04 2.852212423629857450e-04 2.853626350855860590e-04 2.861436195833734182e-04 2.866300069406625206e-04 2.872483682459265751e-04 2.881500041411550134e-04 2.885664373022741192e-04 2.888773955664655888e-04 2.885641336861024956e-04 2.878660049764193533e-04 2.857011303981321464e-04
2.906342005448826304e-04 2.896801116628153921e-04 2.887995989042373038e-04 2.885476462255900216e-04 2.879053143767306778e-04 2.871742428734986143e-04 2.863412042099207984e-04 2.858038993470481690e-04 2.853170438492081654e-04 2.849190285036583780e-04 2.845974172695236613e-04 2.845637719380048839e-04 2.848249709341953303e-04 2.851460275109394464e-04 2.855825160470643921e-04 2.857812673080579384e-04 2.859108755347490355e-04 2.865874318457735902e-04 2.869232424820067134e-04 2.874093555806359794e-04 2.880491526619534653e-04 2.879432592446553424e-04 2.877091895703469751e-04 2.878660049764193533e-04 2.893341029978498645e-04 2.876516128011782783e-04
2.901943041523948595e-04 2.892278926898579345e-04 2.883608435821008583e-04 2.881205849578287567e-04 2.874722618464171497e-04 2.867447508134946736e-04 2.859112742243327698e-04 2.853771010917923964e-04 2.848869224888417534e-04 2.844748220464295716e-04 2.841393362514553749e-04 2.840703354551340847e-04 2.842914745701573070e-04 2.845606796286442148e-04 2.849816405286086833e-04 2.852058603976111400e-04 2.853794849628982287e-04 2.860691439394922849e-04 2.863773318711944653e-04 2.868679195752268409e-04 2.874526050383948718e-04 2.871197427894937176e-04 2.862841613287677670e-04 2.857011303981321464e-04 2.876516128011782783e-04 2.884412924977520511e-04
