2.600720888831366089e-04 2.601517573288118280e-04 2.603222958720111959e-04 2.602234081636552372e-04 2.602037700481507621e-04 2.601174711282901110e-04 2.600579365889657871e-04 2.599641032538403803e-04 2.599152039989900036e-04 2.598270997054110461e-04 2.598811319510345181e-04 2.597867219791874494e-04 2.599275824118306975e-04 2.599239152057923477e-04 2.599009466650996922e-04 2.598477223566248817e-04 2.595736740351894554e-04 2.596292829024688027e-04 2.598597420247544462e-04 2.603507025113421347e-04 2.613474319645471837e-04 2.623555486092515377e-04 2.629655075435757307e-04 2.623722720371628983e-04 2.619636575006386095e-04 2.624144577218426723e-04
2.601517573288118280e-04 2.603076391706605043e-04 2.604521376889113718e-04 2.603482905547368272e-04 2.603278560742755716e-04 2.602363791063915226e-04 2.601765797391725047e-04 2.600796808438469868e-04 2.600285517277835614e-04 2.599419138265323184e-04 2.599947819765978862e-04 2.598987999595958501e-04 2.600412979516731802e-04 2.600400541473203188e-04 2.600183664348034969e-04 2.599633812518967429e-04 2.596938686695964547e-04 2.597499716756539287e-04 2.599815005525014152e-04 2.604744520819127175e-04 2.614712785554816773e-04 2.624660584623798388e-04 2.630633944600199985e-04 2.624804918524103027e-04 2.620675194105097166e-04 2.625327245003333701e-04
2.603222958720111959e-04 2.604521376889113718e-04 2.606501781380198175e-04 2.605371937369085986e-04 2.605135748540488342e-04 2.604222554737395021e-04 2.603619214644105491e-04 2.602641604352842666e-04 2.602114080474677692e-04 2.601212382126634470e-04 2.601763035286224672e-04 2.600804772631992202e-04 2.602228296799581489e-04 2.602209273483072202e-04 2.601970014043010352e-04 2.601423189833780591e-04 2.598721676349134593e-04 2.599305375513004694e-04 2.601636303447739862e-04 2.606595076331552911e-04 2.616644085348990463e-04 2.626705442745591828e-04 2.632809764231394591e-04 2.626694554798481625e-04 2.622308358444457011e-04 2.627064282240095037e-04
2.602234081636552372e-04 2.603482905547368272e-04 2.605371937369085986e-04 2.604671561970400145e-04 2.604350242133871506e-04 2.603433072121854436e-04 2.602846252329378551e-04 2.601892119618216012e-04 2.601363865810291283e-04 2.600443320960709858e-04 2.600972845178437876e-04 2.600005349086665458e-04 2.601390358229367910e-04 2.601311597381453255e-04 2.601042483349498145e-04 2.600494869068809608e-04 2.597789232204674196e-04 2.598285316561148371e-04 2.600595828260395307e-04 2.605511554376365368e-04 2.615625748681876805e-04 2.625850174487466245e-04 2.632131508595978060e-04 2.626024857799010232e-04 2.621408002005776823e-04 2.626004169159352466e-04
2.602037700481507621e-04 2.603278560742755716e-04 2.605135748540488342e-04 2.604350242133871506e-04 2.604307866443826341e-04 2.603313871278511364e-04 2.602742225728217813e-04 2.601794322778101494e-04 2.601273154339092154e-04 2.600374875427826932e-04 2.600904617275460475e-04 2.599947945286378058e-04 2.601356256596000179e-04 2.601300093295346675e-04 2.601055267354270353e-04 2.600508134166164579e-04 2.597783804016936572e-04 2.598268107126609598e-04 2.600551856337727065e-04 2.605467403038182021e-04 2.615576860559361717e-04 2.625746041305610716e-04 2.631929430858045288e-04 2.625883248347835974e-04 2.621422480514888393e-04 2.625966801064931813e-04
2.601174711282901110e-04 2.602363791063915226e-04 2.604222554737395021e-04 2.603433072121854436e-04 2.603313871278511364e-04 2.602588238837018494e-04 2.602008867913608659e-04 2.601085049511824812e-04 2.600600348888781909e-04 2.599742999812052965e-04 2.600295841030650151e-04 2.599372438469378286e-04 2.600808408007009172e-04 2.600766514671359149e-04 2.600552491074126791e-04 2.599998746099408558e-04 2.597257471214610360e-04 2.597746489993325164e-04 2.600045770947545650e-04 2.604936916989594904e-04 2.614977300732041691e-04 2.625004056970547104e-04 2.631150510411685425e-04 2.625098915166009569e-04 2.620573174687017195e-04 2.625246443779921364e-04
2.600579365889657871e-04 2.601765797391725047e-04 2.603619214644105491e-04 2.602846252329378551e-04 2.602742225728217813e-04 2.602008867913608659e-04 2.601618545591798939e-04 2.600737524144042072e-04 2.600274884111089427e-04 2.599452549649040943e-04 2.600045271703395940e-04 2.599149927838797689e-04 2.600618750748218111e-04 2.600609235461645661e-04 2.600410447110971558e-04 2.599873644962068611e-04 2.597166671022931158e-04 2.597669019219625498e-04 2.599954650772603472e-04 2.604794002093657941e-04 2.614645389961158493e-04 2.624474683552906564e-04 2.630623650200529171e-04 2.624577520609068342e-04 2.620060132687953625e-04 2.624805036927232126e-04
2.599641032538403803e-04 2.600796808438469868e-04 2.602641604352842666e-04 2.601892119618216012e-04 2.601794322778101494e-04 2.601085049511824812e-04 2.600737524144042072e-04 2.600042364992701319e-04 2.599622119443008436e-04 2.598833468663334315e-04 2.599475248226236837e-04 2.598591462551141191e-04 2.600110118374078321e-04 2.600130145212109674e-04 2.599961135459395462e-04 2.599451070676036765e-04 2.596774670327492668e-04 2.597269854811313779e-04 2.599501186812169838e-04 2.604196622094559054e-04 2.613791966611292276e-04 2.623384818123820732e-04 2.629496595365921757e-04 2.623647940899889253e-04 2.619230462564021435e-04 2.623867272584589987e-04
2.599152039989900036e-04 2.600285517277835614e-04 2.602114080474677692e-04 2.601363865810291283e-04 2.601273154339092154e-04 2.600600348888781909e-04 2.600274884111089427e-04 2.599622119443008436e-04 2.599375082141866782e-04 2.598626985666112679e-04 2.599319090377379625e-04 2.598485679459458303e-04 2.600048294115076138e-04 2.600085173742249997e-04 2.599931194659172232e-04 2.599422720047157203e-04 2.596726784090233652e-04 2.597182415754002369e-04 2.599323274098976327e-04 2.603871970900427987e-04 2.613260405558153637e-04 2.622717642216386186e-04 2.628751796230220563e-04 2.622917046555582957e-04 2.618626983944690140e-04 2.623492743112374533e-04
2.598270997054110461e-04 2.599419138265323184e-04 2.601212382126634470e-04 2.600443320960709858e-04 2.600374875427826932e-04 2.599742999812052965e-04 2.599452549649040943e-04 2.598833468663334315e-04 2.598626985666112679e-04 2.598069277209158348e-04 2.598846342399862620e-04 2.598090820009846215e-04 2.599743953427908951e-04 2.599855067726221424e-04 2.599751596652264242e-04 2.599265372890092411e-04 2.596560253637787675e-04 2.596976370050687872e-04 2.599005557259560588e-04 2.603367506533052034e-04 2.612445435697773456e-04 2.621552197342679716e-04 2.627459653751710710e-04 2.621602611395815272e-04 2.617436350284948403e-04 2.622482838635055912e-04
2.598811319510345181e-04 2.599947819765978862e-04 2.601763035286224672e-04 2.600972845178437876e-04 2.600904617275460475e-04 2.600295841030650151e-04 2.600045271703395940e-04 2.599475248226236837e-04 2.599319090377379625e-04 2.598846342399862620e-04 2.599860606698853761e-04 2.599238174941882404e-04 2.601003330638750164e-04 2.601194367703434248e-04 2.601159453656416167e-04 2.600737193893613831e-04 2.598094110579988970e-04 2.598520936198234601e-04 2.600497030742231794e-04 2.604734865414691123e-04 2.613459941433631298e-04 2.622159733841619516e-04 2.627822137682299841e-04 2.621856685450323337e-04 2.617863682549565483e-04 2.623211154554214663e-04
2.597867219791874494e-04 2.598987999595958501e-04 2.600804772631992202e-04 2.600005349086665458e-04 2.599947945286378058e-04 2.599372438469378286e-04 2.599149927838797689e-04 2.598591462551141191e-04 2.598485679459458303e-04 2.598090820009846215e-04 2.599238174941882404e-04 2.598862949748300690e-04 2.600803107964636419e-04 2.601126400749563137e-04 2.601214414495822778e-04 2.600897989809057651e-04 2.598320282100041452e-04 2.598796806908864384e-04 2.600758700630524407e-04 2.604881534755581801e-04 2.613230173626341626e-04 2.621394171731174401e-04 2.626803149487573399e-04 2.620829162524953865e-04 2.616967219961584528e-04 2.622517348501253237e-04
2.599275824118306975e-04 2.600412979516731802e-04 2.602228296799581489e-04 2.601390358229367910e-04 2.601356256596000179e-04 2.600808408007009172e-04 2.600618750748218111e-04 2.600110118374078321e-04 2.600048294115076138e-04 2.599743953427908951e-04 2.601003330638750164e-04 2.600803107964636419e-04 2.603091118329931334e-04 2.603682302129010679e-04 2.603987108122367711e-04 2.603822195659679750e-04 2.601349390428228030e-04 2.601914421185206163e-04 2.603859015498364345e-04 2.607779890117517953e-04 2.615589036674586848e-04 2.623027879893630610e-04 2.628039036276081080e-04 2.621973056373898378e-04 2.618513795397327693e-04 2.624435356714444924e-04
2.599239152057923477e-04 2.600400541473203188e-04 2.602209273483072202e-04 2.601311597381453255e-04 2.601300093295346675e-04 2.600766514671359149e-04 2.600609235461645661e-04 2.600130145212109674e-04 2.600085173742249997e-04 2.599855067726221424e-04 2.601194367703434248e-04 2.601126400749563137e-04 2.603682302129010679e-04 2.604686733576933619e-04 2.605312826936999815e-04 2.605377187586353760e-04 2.603044752038111902e-04 2.603670988767520103e-04 2.605599126052622443e-04 2.609342640018329738e-04 2.616668273808652346e-04 2.623392342452156691e-04 2.628017785127717250e-04 2.621865951320249055e-04 2.618653441763427138e-04 2.624743498455321092e-04
2.599009466650996922e-04 2.600183664348034969e-04 2.601970014043010352e-04 2.601042483349498145e-04 2.601055267354270353e-04 2.600552491074126791e-04 2.600410447110971558e-04 2.599961135459395462e-04 2.599931194659172232e-04 2.599751596652264242e-04 2.601159453656416167e-04 2.601214414495822778e-04 2.603987108122367711e-04 2.605312826936999815e-04 2.606443993465697357e-04 2.606947309535260137e-04 2.604892913414601045e-04 2.605679041063461185e-04 2.607677356110848685e-04 2.611209212411220635e-04 2.617982311352661353e-04 2.623808150956219573e-04 2.627923090151048193e-04 2.621713873735123440e-04 2.618736952653189821e-04 2.625025005366505540e-04
2.598477223566248817e-04 2.599633812518967429e-04 2.601423189833780591e-04 2.600494869068809608e-04 2.600508134166164579e-04 2.599998746099408558e-04 2.599873644962068611e-04 2.599451070676036765e-04 2.599422720047157203e-04 2.599265372890092411e-04 2.600737193893613831e-04 2.600897989809057651e-04 2.603822195659679750e-04 2.605377187586353760e-04 2.606947309535260137e-04 2.608160574732381145e-04 2.606675085384946972e-04 2.607790219316291386e-04 2.609981700053363844e-04 2.613475943406326344e-04 2.619682716066613253e-04 2.624257495498158736e-04 2.627411100121427169e-04 2.621091046506606489e-04 2.618470712179595374e-04 2.624941786161812509e-04
2.595736740351894554e-04 2.596938686695964547e-04 2.598721676349134593e-04 2.597789232204674196e-04 2.597783804016936572e-04 2.597257471214610360e-04 2.597166671022931158e-04 2.596774670327492668e-04 2.596726784090233652e-04 2.596560253637787675e-04 2.598094110579988970e-04 2.598320282100041452e-04 2.601349390428228030e-04 2.603044752038111902e-04 2.604892913414601045e-04 2.606675085384946972e-04 2.606134494302408326e-04 2.608034369682117127e-04 2.610725929930002407e-04 2.614392783125955464e-04 2.620162719283730549e-04 2.623327188595143359e-04 2.625192216737553728e-04 2.618618711867417301e-04 2.616143481374039615e-04 2.622537000920347437e-04
2.596292829024688027e-04 2.597499716756539287e-04 2.599305375513004694e-04 2.598285316561148371e-04 2.598268107126609598e-04 2.597746489993325164e-04 2.597669019219625498e-04 2.597269854811313779e-04 2.597182415754002369e-04 2.596976370050687872e-04 2.598520936198234601e-04 2.598796806908864384e-04 2.601914421185206163e-04 2.603670988767520103e-04 2.605679041063461185e-04 2.607790219316291386e-04 2.608034369682117127e-04 2.611296381261620728e-04 2.615142273543907023e-04 2.619447814910261458e-04 2.624988117193457712e-04 2.626500413026785228e-04 2.626127291293498998e-04 2.619082728652888901e-04 2.617283001618722713e-04 2.623857747523619991e-04
2.598597420247544462e-04 2.599815005525014152e-04 2.601636303447739862e-04 2.600595828260395307e-04 2.600551856337727065e-04 2.600045770947545650e-04 2.599954650772603472e-04 2.599501186812169838e-04 2.599323274098976327e-04 2.599005557259560588e-04 2.600497030742231794e-04 2.600758700630524407e-04 2.603859015498364345e-04 2.605599126052622443e-04 2.607677356110848685e-04 2.609981700053363844e-04 2.610725929930002407e-04 2.615142273543907023e-04 2.620898284912930574e-04 2.626667126395232344e-04 2.632476147402515779e-04 2.632650206583879177e-04 2.629705726139636352e-04 2.621827543682716437e-04 2.620603387812266995e-04 2.627207457126111054e-04
2.603507025113421347e-04 2.604744520819127175e-04 2.606595076331552911e-04 2.605511554376365368e-04 2.605467403038182021e-04 2.604936916989594904e-04 2.604794002093657941e-04 2.604196622094559054e-04 2.603871970900427987e-04 2.603367506533052034e-04 2.604734865414691123e-04 2.604881534755581801e-04 2.607779890117517953e-04 2.609342640018329738e-04 2.611209212411220635e-04 2.613475943406326344e-04 2.614392783125955464e-04 2.619447814910261458e-04 2.626667126395232344e-04 2.635069275133486715e-04 2.642919659498598069e-04 2.643300056188228561e-04 2.638080632139155803e-04 2.627880608230650822e-04 2.626635423628450672e-04 2.633235238479937775e-04
2.613474319645471837e-04 2.614712785554816773e-04 2.616644085348990463e-04 2.615625748681876805e-04 2.615576860559361717e-04 2.614977300732041691e-04 2.614645389961158493e-04 2.613791966611292276e-04 2.613260405558153637e-04 2.612445435697773456e-04 2.613459941433631298e-04 2.613230173626341626e-04 2.615589036674586848e-04 2.616668273808652346e-04 2.617982311352661353e-04 2.619682716066613253e-04 2.620162719283730549e-04 2.624988117193457712e-04 2.632476147402515779e-04 2.642919659498598069e-04 2.655362620813662392e-04 2.659700515224127770e-04 2.654931663493665197e-04 2.641138778949617062e-04 2.637812172681821112e-04 2.643685982168429379e-04
2.623555486092515377e-04 2.624660584623798388e-04 2.626705442745591828e-04 2.625850174487466245e-04 2.625746041305610716e-04 2.625004056970547104e-04 2.624474683552906564e-04 2.623384818123820732e-04 2.622717642216386186e-04 2.621552197342679716e-04 2.622159733841619516e-04 2.621394171731174401e-04 2.623027879893630610e-04 2.623392342452156691e-04 2.623808150956219573e-04 2.624257495498158736e-04 2.623327188595143359e-04 2.626500413026785228e-04 2.632650206583879177e-04 2.643300056188228561e-04 2.659700515224127770e-04 2.672317164605138989e-04 2.673655459354504237e-04 2.657632663644806802e-04 2.649170043523060977e-04 2.654074893044365427e-04
2.629655075435757307e-04 2.630633944600199985e-04 2.632809764231394591e-04 2.632131508595978060e-04 2.631929430858045288e-04 2.631150510411685425e-04 2.630623650200529171e-04 2.629496595365921757e-04 2.628751796230220563e-04 2.627459653751710710e-04 2.627822137682299841e-04 2.626803149487573399e-04 2.628039036276081080e-04 2.628017785127717250e-04 2.627923090151048193e-04 2.627411100121427169e-04 2.625192216737553728e-04 2.626127291293498998e-04 2.629705726139636352e-04 2.638080632139155803e-04 2.654931663493665197e-04 2.673655459354504237e-04 2.686510220312132388e-04 2.673902555344954729e-04 2.658210092897388610e-04 2.661031562682378347e-04
2.623722720371628983e-04 2.624804918524103027e-04 2.626694554798481625e-04 2.626024857799010232e-04 2.625883248347835974e-04 2.625098915166009569e-04 2.624577520609068342e-04 2.623647940899889253e-04 2.622917046555582957e-04 2.621602611395815272e-04 2.621856685450323337e-04 2.620829162524953865e-04 2.621973056373898378e-04 2.621865951320249055e-04 2.621713873735123440e-04 2.621091046506606489e-04 2.618618711867417301e-04 2.619082728652888901e-04 2.621827543682716437e-04 2.627880608230650822e-04 2.641138778949617062e-04 2.657632663644806802e-04 2.673902555344954729e-04 2.672633122449190541e-04 2.658284050868540515e-04 2.656467659851308714e-04
2.619636575006386095e-04 2.620675194105097166e-04 2.622308358444457011e-04 2.621408002005776823e-04 2.621422480514888393e-04 2.620573174687017195e-04 2.620060132687953625e-04 2.619230462564021435e-04 2.618626983944690140e-04 2.617436350284948403e-04 2.617863682549565483e-04 2.616967219961584528e-04 2.618513795397327693e-04 2.618653441763427138e-04 2.618736952653189821e-04 2.618470712179595374e-04 2.616143481374039615e-04 2.617283001618722713e-04 2.620603387812266995e-04 2.626635423628450672e-04 2.637812172681821112e-04 2.649170043523060977e-04 2.658210092897388610e-04 2.658284050868540515e-04 2.658305976520595635e-04 2.658424012131184130e-04
2.624144577218426723e-04 2.625327245003333701e-04 2.627064282240095037e-04 2.626004169159352466e-04 2.625966801064931813e-04 2.625246443779921364e-04 2.624805036927232126e-04 2.623867272584589987e-04 2.623492743112374533e-04 2.622482838635055912e-04 2.623211154554214663e-04 2.622517348501253237e-04 2.624435356714444924e-04 2.624743498455321092e-04 2.625025005366505540e-04 2.624941786161812509e-04 2.622537000920347437e-04 2.623857747523619991e-04 2.627207457126111054e-04 2.633235238479937775e-04 2.643685982168429379e-04 2.654074893044365427e-04 2.661031562682378347e-04 2.656467659851308714e-04 2.658424012131184130e-04 2.671399232177620636e-04
