6.302216098417805180e-04 6.299626054640615610e-04 6.307374037457172270e-04 6.308306007585904197e-04 6.308540539412699905e-04 6.311297808000842233e-04 6.313162617671772003e-04 6.315680026610920447e-04 6.320375554986964193e-04 6.320995336353927175e-04 6.320291639640176996e-04 6.324999257754575048e-04 6.329480924272402713e-04 6.336669080096217705e-04 6.342179505270521041e-04 6.352581624283070057e-04 6.363154954261234474e-04 6.371451015545107717e-04 6.383329207948364560e-04 6.388810406637559971e-04 6.381081158802884073e-04 6.347970043740901614e-04 6.304296589556223317e-04 6.297495242935316354e-04 6.316101115203901504e-04 6.333503682698304015e-04
6.299626054640615610e-04 6.297653203784439472e-04 6.305301626006622326e-04 6.306153503134912745e-04 6.306383922157273326e-04 6.309108598919399222e-04 6.311006176099145980e-04 6.313518101770388942e-04 6.318218241035132620e-04 6.318857231040743384e-04 6.318134859742323764e-04 6.322837858905631069e-04 6.327311050741377422e-04 6.334454564867052651e-04 6.339943339723562010e-04 6.350351049275899940e-04 6.360948374011655797e-04 6.369198134578118575e-04 6.380939640883575995e-04 6.386168331519318300e-04 6.378182443106276750e-04 6.344911978223671508e-04 6.301319786841521947e-04 6.295062069908894352e-04 6.314149209484912510e-04 6.331220147082300366e-04
6.307374037457172270e-04 6.305301626006622326e-04 6.313367949282605064e-04 6.314134051422588736e-04 6.314358013580016185e-04 6.317103687509003198e-04 6.319047513701623502e-04 6.321562913868681221e-04 6.326294430732056244e-04 6.326967394800991993e-04 6.326290785356982393e-04 6.331053589283649119e-04 6.335585399044237889e-04 6.342800207265905611e-04 6.348347251980538709e-04 6.358772590882271879e-04 6.369375508015420349e-04 6.377694508225309434e-04 6.389502700302766760e-04 6.394764209724974630e-04 6.386740697823582681e-04 6.353200732422397291e-04 6.309320642974318091e-04 6.302692705643193546e-04 6.321638599735263488e-04 6.339040464480584199e-04
6.308306007585904197e-04 6.306153503134912745e-04 6.314134051422588736e-04 6.315236294360890160e-04 6.315401618875945717e-04 6.318144853148842735e-04 6.320117452817256877e-04 6.322672168171255018e-04 6.327421825364518224e-04 6.328109524360088934e-04 6.327472358321595920e-04 6.332300804790681054e-04 6.336892111135426602e-04 6.344174730658112089e-04 6.349822782127741887e-04 6.360386614781389850e-04 6.371123531515223565e-04 6.379559057560964816e-04 6.391462800901106600e-04 6.396740633104053275e-04 6.388489997725567545e-04 6.354579056093017124e-04 6.310539725781086698e-04 6.303971363653853351e-04 6.322877358665159823e-04 6.340500422652714041e-04
6.308540539412699905e-04 6.306383922157273326e-04 6.314358013580016185e-04 6.315401618875945717e-04 6.315801515796824750e-04 6.318550346436655005e-04 6.320525864929642463e-04 6.323087644058199373e-04 6.327859241752121274e-04 6.328567527967211186e-04 6.327962148349086831e-04 6.332829161674256553e-04 6.337474110982328638e-04 6.344836288245712204e-04 6.350566431508321242e-04 6.361217622773029283e-04 6.371977894608485187e-04 6.380443372556963977e-04 6.392350461432426975e-04 6.397609984597625284e-04 6.389271747638958091e-04 6.355133204509729253e-04 6.310861344428068172e-04 6.303963492899398264e-04 6.322902941376115984e-04 6.340466701819421486e-04
6.311297808000842233e-04 6.309108598919399222e-04 6.317103687509003198e-04 6.318144853148842735e-04 6.318550346436655005e-04 6.321538050945087368e-04 6.323521160791423712e-04 6.326102109568865380e-04 6.330912790423031669e-04 6.331650179495178351e-04 6.331092396353503807e-04 6.336012826338626239e-04 6.340709990598460610e-04 6.348120393929284873e-04 6.353896190384669554e-04 6.364612088814053945e-04 6.375464395020801400e-04 6.384074980043865505e-04 6.396151929435720971e-04 6.401473599661075759e-04 6.392938362711045363e-04 6.358444579752380206e-04 6.313806311416465030e-04 6.306662705686401880e-04 6.325779713272052440e-04 6.343356692253392928e-04
6.313162617671772003e-04 6.311006176099145980e-04 6.319047513701623502e-04 6.320117452817256877e-04 6.320525864929642463e-04 6.323521160791423712e-04 6.325712021973276325e-04 6.328339378389445961e-04 6.333198240038410975e-04 6.334001840644444591e-04 6.333503524546200405e-04 6.338512330494912176e-04 6.343348054956554887e-04 6.350875643027458070e-04 6.356788272139071629e-04 6.367630457503633927e-04 6.378625779544237935e-04 6.387382191181988685e-04 6.399586873046817425e-04 6.404900606741681249e-04 6.396209891085388125e-04 6.361312229285014629e-04 6.316232686694602623e-04 6.308914502112655809e-04 6.327980670357213292e-04 6.345605222233591160e-04
6.315680026610920447e-04 6.313518101770388942e-04 6.321562913868681221e-04 6.322672168171255018e-04 6.323087644058199373e-04 6.326102109568865380e-04 6.328339378389445961e-04 6.331144958216339096e-04 6.336062133906561564e-04 6.336941690936212339e-04 6.336537082442270184e-04 6.341654029473638545e-04 6.346624065314257403e-04 6.354301011691180926e-04 6.360369082176712966e-04 6.371384588595716339e-04 6.382540084212528358e-04 6.391460336637106495e-04 6.403837125899912571e-04 6.409120727987683078e-04 6.400099914530666496e-04 6.364627525754532012e-04 6.319194699467965302e-04 6.311776876733423336e-04 6.330586029233924552e-04 6.348415707157108309e-04
6.320375554986964193e-04 6.318218241035132620e-04 6.326294430732056244e-04 6.327421825364518224e-04 6.327859241752121274e-04 6.330912790423031669e-04 6.333198240038410975e-04 6.336062133906561564e-04 6.341166060722223550e-04 6.342135351127830851e-04 6.341828093531317765e-04 6.347072384490301403e-04 6.352192980390109151e-04 6.360008769910518913e-04 6.366223627123845322e-04 6.377391729018504034e-04 6.388679562786837287e-04 6.397732430593011492e-04 6.410197080487723331e-04 6.415461862391796770e-04 6.406220845249819369e-04 6.370190349583160347e-04 6.324187392331269029e-04 6.316388572364195573e-04 6.335443833252521733e-04 6.353633905131826718e-04
6.320995336353927175e-04 6.318857231040743384e-04 6.326967394800991993e-04 6.328109524360088934e-04 6.328567527967211186e-04 6.331650179495178351e-04 6.334001840644444591e-04 6.336941690936212339e-04 6.342135351127830851e-04 6.343333311408334493e-04 6.343194058616522793e-04 6.348603641511180087e-04 6.353898002448056265e-04 6.361874694585845005e-04 6.368254688588650785e-04 6.379571402911324209e-04 6.390978142433296995e-04 6.400128628117657432e-04 6.412606400676498656e-04 6.417661607192095283e-04 6.407922744736958874e-04 6.371271560069196498e-04 6.325051204077296882e-04 6.317271438182032279e-04 6.336013938767622814e-04 6.354205664181333552e-04
6.320291639640176996e-04 6.318134859742323764e-04 6.326290785356982393e-04 6.327472358321595920e-04 6.327962148349086831e-04 6.331092396353503807e-04 6.333503524546200405e-04 6.336537082442270184e-04 6.341828093531317765e-04 6.343194058616522793e-04 6.343375064711828182e-04 6.349053549247258470e-04 6.354610800046091995e-04 6.362838918138760767e-04 6.369473498842825833e-04 6.381030573635584555e-04 6.392652179739849710e-04 6.401970594226795690e-04 6.414539803683836413e-04 6.419425219158881668e-04 6.409115003026939978e-04 6.371535705189475176e-04 6.324748775023854817e-04 6.316773091430336311e-04 6.335282127529305715e-04 6.353396859012400578e-04
6.324999257754575048e-04 6.322837858905631069e-04 6.331053589283649119e-04 6.332300804790681054e-04 6.332829161674256553e-04 6.336012826338626239e-04 6.338512330494912176e-04 6.341654029473638545e-04 6.347072384490301403e-04 6.348603641511180087e-04 6.349053549247258470e-04 6.355167016881777551e-04 6.361122553930507670e-04 6.369733091903114711e-04 6.376774525509939801e-04 6.388738379792555187e-04 6.400718564256174673e-04 6.410338986668991969e-04 6.423110996001637389e-04 6.427831277353390858e-04 6.416700051533719791e-04 6.377632831409464111e-04 6.329781997300563566e-04 6.321421241017063757e-04 6.339854560073558947e-04 6.358068186153123004e-04
6.329480924272402713e-04 6.327311050741377422e-04 6.335585399044237889e-04 6.336892111135426602e-04 6.337474110982328638e-04 6.340709990598460610e-04 6.343348054956554887e-04 6.346624065314257403e-04 6.352192980390109151e-04 6.353898002448056265e-04 6.354610800046091995e-04 6.361122553930507670e-04 6.367685383437248631e-04 6.376880756540568825e-04 6.384519344195930830e-04 6.397030530134030588e-04 6.409527037126856426e-04 6.419578035050276703e-04 6.432661140300091531e-04 6.437284708411197690e-04 6.425235986014487784e-04 6.384395640358564092e-04 6.335190529795333347e-04 6.326322388569572677e-04 6.344850640505782713e-04 6.363317767576582651e-04
6.336669080096217705e-04 6.334454564867052651e-04 6.342800207265905611e-04 6.344174730658112089e-04 6.344836288245712204e-04 6.348120393929284873e-04 6.350875643027458070e-04 6.354301011691180926e-04 6.360008769910518913e-04 6.361874694585845005e-04 6.362838918138760767e-04 6.369733091903114711e-04 6.376880756540568825e-04 6.386894116304750501e-04 6.395324241646834678e-04 6.408548155505720085e-04 6.421713266630469557e-04 6.432341989747669079e-04 6.445847380254339726e-04 6.450375304742293195e-04 6.437279009764621364e-04 6.394261058407439517e-04 6.343488055552109345e-04 6.334284260532504129e-04 6.353028263784409610e-04 6.371586271692165990e-04
6.342179505270521041e-04 6.339943339723562010e-04 6.348347251980538709e-04 6.349822782127741887e-04 6.350566431508321242e-04 6.353896190384669554e-04 6.356788272139071629e-04 6.360369082176712966e-04 6.366223627123845322e-04 6.368254688588650785e-04 6.369473498842825833e-04 6.376774525509939801e-04 6.384519344195930830e-04 6.395324241646834678e-04 6.404823658996794226e-04 6.419054371749093523e-04 6.433177296387801881e-04 6.444685539076152334e-04 6.458882835924217424e-04 6.463512155665959106e-04 6.449377405164217775e-04 6.403863377682807428e-04 6.350982615283848418e-04 6.341043808133763017e-04 6.359473185231051236e-04 6.377669438294967684e-04
6.352581624283070057e-04 6.350351049275899940e-04 6.358772590882271879e-04 6.360386614781389850e-04 6.361217622773029283e-04 6.364612088814053945e-04 6.367630457503633927e-04 6.371384588595716339e-04 6.377391729018504034e-04 6.379571402911324209e-04 6.381030573635584555e-04 6.388738379792555187e-04 6.397030530134030588e-04 6.408548155505720085e-04 6.419054371749093523e-04 6.434656075734795574e-04 6.450112958556427408e-04 6.462832070426305364e-04 6.478030418915487875e-04 6.482947279849220158e-04 6.467742438374404984e-04 6.419261590214266891e-04 6.363646626502596909e-04 6.352848683601849305e-04 6.371137508243905319e-04 6.388664999077852845e-04
6.363154954261234474e-04 6.360948374011655797e-04 6.369375508015420349e-04 6.371123531515223565e-04 6.371977894608485187e-04 6.375464395020801400e-04 6.378625779544237935e-04 6.382540084212528358e-04 6.388679562786837287e-04 6.390978142433296995e-04 6.392652179739849710e-04 6.400718564256174673e-04 6.409527037126856426e-04 6.421713266630469557e-04 6.433177296387801881e-04 6.450112958556427408e-04 6.467402971620958519e-04 6.481968000523682938e-04 6.498720172617980170e-04 6.504333419107588858e-04 6.488294956660514614e-04 6.436568517866929828e-04 6.377404565411641697e-04 6.365395597583426357e-04 6.383354245165374485e-04 6.400203301791885027e-04
6.371451015545107717e-04 6.369198134578118575e-04 6.377694508225309434e-04 6.379559057560964816e-04 6.380443372556963977e-04 6.384074980043865505e-04 6.387382191181988685e-04 6.391460336637106495e-04 6.397732430593011492e-04 6.400128628117657432e-04 6.401970594226795690e-04 6.410338986668991969e-04 6.419578035050276703e-04 6.432341989747669079e-04 6.444685539076152334e-04 6.462832070426305364e-04 6.481968000523682938e-04 6.499210361808818856e-04 6.518547506242105714e-04 6.525775694220528004e-04 6.509543299939862674e-04 6.454641062477896448e-04 6.390838649775908891e-04 6.376075768225897972e-04 6.393019191608026973e-04 6.409278273706562647e-04
6.383329207948364560e-04 6.380939640883575995e-04 6.389502700302766760e-04 6.391462800901106600e-04 6.392350461432426975e-04 6.396151929435720971e-04 6.399586873046817425e-04 6.403837125899912571e-04 6.410197080487723331e-04 6.412606400676498656e-04 6.414539803683836413e-04 6.423110996001637389e-04 6.432661140300091531e-04 6.445847380254339726e-04 6.458882835924217424e-04 6.478030418915487875e-04 6.498720172617980170e-04 6.518547506242105714e-04 6.541474071197834117e-04 6.551716543848125785e-04 6.536694348485821158e-04 6.479860940100892362e-04 6.411111181829762988e-04 6.392333048875719053e-04 6.407373446158585832e-04 6.422587059296462706e-04
6.388810406637559971e-04 6.386168331519318300e-04 6.394764209724974630e-04 6.396740633104053275e-04 6.397609984597625284e-04 6.401473599661075759e-04 6.404900606741681249e-04 6.409120727987683078e-04 6.415461862391796770e-04 6.417661607192095283e-04 6.419425219158881668e-04 6.427831277353390858e-04 6.437284708411197690e-04 6.450375304742293195e-04 6.463512155665959106e-04 6.482947279849220158e-04 6.504333419107588858e-04 6.525775694220528004e-04 6.551716543848125785e-04 6.566742955796866978e-04 6.556190699003631387e-04 6.500905468033128928e-04 6.427818955002449590e-04 6.402158285102206841e-04 6.414710060818263520e-04 6.429119056243208941e-04
6.381081158802884073e-04 6.378182443106276750e-04 6.386740697823582681e-04 6.388489997725567545e-04 6.389271747638958091e-04 6.392938362711045363e-04 6.396209891085388125e-04 6.400099914530666496e-04 6.406220845249819369e-04 6.407922744736958874e-04 6.409115003026939978e-04 6.416700051533719791e-04 6.425235986014487784e-04 6.437279009764621364e-04 6.449377405164217775e-04 6.467742438374404984e-04 6.488294956660514614e-04 6.509543299939862674e-04 6.536694348485821158e-04 6.556190699003631387e-04 6.554655424646977681e-04 6.508163234302809545e-04 6.435415538115247126e-04 6.401690000921461286e-04 6.409770056350697076e-04 6.422231015654283025e-04
6.347970043740901614e-04 6.344911978223671508e-04 6.353200732422397291e-04 6.354579056093017124e-04 6.355133204509729253e-04 6.358444579752380206e-04 6.361312229285014629e-04 6.364627525754532012e-04 6.370190349583160347e-04 6.371271560069196498e-04 6.371535705189475176e-04 6.377632831409464111e-04 6.384395640358564092e-04 6.394261058407439517e-04 6.403863377682807428e-04 6.419261590214266891e-04 6.436568517866929828e-04 6.454641062477896448e-04 6.479860940100892362e-04 6.500905468033128928e-04 6.508163234302809545e-04 6.479376885306895083e-04 6.418141492339966793e-04 6.380535356309608884e-04 6.379772516155018383e-04 6.388969311910467058e-04
6.304296589556223317e-04 6.301319786841521947e-04 6.309320642974318091e-04 6.310539725781086698e-04 6.310861344428068172e-04 6.313806311416465030e-04 6.316232686694602623e-04 6.319194699467965302e-04 6.324187392331269029e-04 6.325051204077296882e-04 6.324748775023854817e-04 6.329781997300563566e-04 6.335190529795333347e-04 6.343488055552109345e-04 6.350982615283848418e-04 6.363646626502596909e-04 6.377404565411641697e-04 6.390838649775908891e-04 6.411111181829762988e-04 6.427818955002449590e-04 6.435415538115247126e-04 6.418141492339966793e-04 6.378218461343264541e-04 6.352580068386376021e-04 6.344282510578227834e-04 6.347598203056440888e-04
6.297495242935316354e-04 6.295062069908894352e-04 6.302692705643193546e-04 6.303971363653853351e-04 6.303963492899398264e-04 6.306662705686401880e-04 6.308914502112655809e-04 6.311776876733423336e-04 6.316388572364195573e-04 6.317271438182032279e-04 6.316773091430336311e-04 6.321421241017063757e-04 6.326322388569572677e-04 6.334284260532504129e-04 6.341043808133763017e-04 6.352848683601849305e-04 6.365395597583426357e-04 6.376075768225897972e-04 6.392333048875719053e-04 6.402158285102206841e-04 6.401690000921461286e-04 6.380535356309608884e-04 6.352580068386376021e-04 6.354193943565849536e-04 6.354062815779877409e-04 6.348710194569130369e-04
6.316101115203901504e-04 6.314149209484912510e-04 6.321638599735263488e-04 6.322877358665159823e-04 6.322902941376115984e-04 6.325779713272052440e-04 6.327980670357213292e-04 6.330586029233924552e-04 6.335443833252521733e-04 6.336013938767622814e-04 6.335282127529305715e-04 6.339854560073558947e-04 6.344850640505782713e-04 6.353028263784409610e-04 6.359473185231051236e-04 6.371137508243905319e-04 6.383354245165374485e-04 6.393019191608026973e-04 6.407373446158585832e-04 6.414710060818263520e-04 6.409770056350697076e-04 6.379772516155018383e-04 6.344282510578227834e-04 6.354062815779877409e-04 6.385609179122107978e-04 6.388863108888461016e-04
6.333503682698304015e-04 6.331220147082300366e-04 6.339040464480584199e-04 6.340500422652714041e-04 6.340466701819421486e-04 6.343356692253392928e-04 6.345605222233591160e-04 6.348415707157108309e-04 6.353633905131826718e-04 6.354205664181333552e-04 6.353396859012400578e-04 6.358068186153123004e-04 6.363317767576582651e-04 6.371586271692165990e-04 6.377669438294967684e-04 6.388664999077852845e-04 6.400203301791885027e-04 6.409278273706562647e-04 6.422587059296462706e-04 6.429119056243208941e-04 6.422231015654283025e-04 6.388969311910467058e-04 6.347598203056440888e-04 6.348710194569130369e-04 6.388863108888461016e-04 6.422761335609116808e-04
