6.263105696186920977e-04 6.274106523212006487e-04 6.278469066530176831e-04 6.283773501321864323e-04 6.288573907810809157e-04 6.289791988671849772e-04 6.295631922620720158e-04 6.298093919034977728e-04 6.303144431945580757e-04 6.306188693540929445e-04 6.306137751360576908e-04 6.309940603870122953e-04 6.314982258024369466e-04 6.322092629638441721e-04 6.328393748317906638e-04 6.338851429152965065e-04 6.350292080129938278e-04 6.360652546994056663e-04 6.373057129954471994e-04 6.379460206773830038e-04 6.374206345348536759e-04 6.338828606573161401e-04 6.294329240115996297e-04 6.283183551956113104e-04 6.297856136892441723e-04 6.315854447274030616e-04
6.274106523212006487e-04 6.285729403091678625e-04 6.289910786746610470e-04 6.295226186780760900e-04 6.300038395272160481e-04 6.301243236908569143e-04 6.307133321978467900e-04 6.309616977719737516e-04 6.314693285445133804e-04 6.317751468806261528e-04 6.317734760923855372e-04 6.321579184670787039e-04 6.326663666090837383e-04 6.333803116320287866e-04 6.340170143086992565e-04 6.350691167107048356e-04 6.362161007135548954e-04 6.372470305367463825e-04 6.384869858610299227e-04 6.391295840927574499e-04 6.385937107880531064e-04 6.350366636883533625e-04 6.305931310134472003e-04 6.294816447095279372e-04 6.309275605371996495e-04 6.327251638497648082e-04
6.278469066530176831e-04 6.289910786746610470e-04 6.294540284359544319e-04 6.299759982470671052e-04 6.304602997568606142e-04 6.305860607563082247e-04 6.311768407586654901e-04 6.314256076291566459e-04 6.319381592138985414e-04 6.322494805369990650e-04 6.322519241999867380e-04 6.326412436268857853e-04 6.331567000735823913e-04 6.338793603744843300e-04 6.345262224442649963e-04 6.355892153609931337e-04 6.367510083998846994e-04 6.378009938732216765e-04 6.390508660804807180e-04 6.396893659179258770e-04 6.391395086550194114e-04 6.355481253099597768e-04 6.310498563632510995e-04 6.298975449191664610e-04 6.313639668382004487e-04 6.331824172596257601e-04
6.283773501321864323e-04 6.295226186780760900e-04 6.299759982470671052e-04 6.305277850689630474e-04 6.310044282954612761e-04 6.311288974168542676e-04 6.317177561207038732e-04 6.319667787090694220e-04 6.324789224594326359e-04 6.327900104035521969e-04 6.327947825934007817e-04 6.331894313100008831e-04 6.337086780995330928e-04 6.344375753359384612e-04 6.350928640412179926e-04 6.361663028725203246e-04 6.373389465884652608e-04 6.383984613033104197e-04 6.396550158983408448e-04 6.402945496325462013e-04 6.397303057460169669e-04 6.361076449846908868e-04 6.315876549854502857e-04 6.304368984100340361e-04 6.319090630387647978e-04 6.336979533407552032e-04
6.288573907810809157e-04 6.300038395272160481e-04 6.304602997568606142e-04 6.310044282954612761e-04 6.315026377549522955e-04 6.316265231347837966e-04 6.322179822240661011e-04 6.324705838645888322e-04 6.329862607704409266e-04 6.333012142461793507e-04 6.333090067685970530e-04 6.337090789576788150e-04 6.342348289902727081e-04 6.349710743350089762e-04 6.356334029748887324e-04 6.367135660233965702e-04 6.378896851194068357e-04 6.389545174572815135e-04 6.402158299685303941e-04 6.408591232597819634e-04 6.402923765092909635e-04 6.366423327656085601e-04 6.320995600622469120e-04 6.309144953234681113e-04 6.323740578485933204e-04 6.341907509866595485e-04
6.289791988671849772e-04 6.301243236908569143e-04 6.305860607563082247e-04 6.311288974168542676e-04 6.316265231347837966e-04 6.317675149144700956e-04 6.323609707358358954e-04 6.326174348922971192e-04 6.331369760874100807e-04 6.334565848249745952e-04 6.334707006370446022e-04 6.338785714467086831e-04 6.344118211669203585e-04 6.351568681899962421e-04 6.358282808571794845e-04 6.369197569678734794e-04 6.381062420411365288e-04 6.391836461241899407e-04 6.404564867394748652e-04 6.410951473289568147e-04 6.405045560335315743e-04 6.368137403286552216e-04 6.322363049826918747e-04 6.310467514244347351e-04 6.325176186631724243e-04 6.343298143851651980e-04
6.295631922620720158e-04 6.307133321978467900e-04 6.311768407586654901e-04 6.317177561207038732e-04 6.322179822240661011e-04 6.323609707358358954e-04 6.329721516008391790e-04 6.332330449569851562e-04 6.337575172037294806e-04 6.340830541373119501e-04 6.341032426062888014e-04 6.345190872139903166e-04 6.350625555818575777e-04 6.358191415765543321e-04 6.365037161480063084e-04 6.376081058977855608e-04 6.388079717291467174e-04 6.398985710590294551e-04 6.411809977059842189e-04 6.418125605487687117e-04 6.411979510180779076e-04 6.374671116884054458e-04 6.328576994200323233e-04 6.316536632448439522e-04 6.331220616034572129e-04 6.349475139841428625e-04
6.298093919034977728e-04 6.309616977719737516e-04 6.314256076291566459e-04 6.319667787090694220e-04 6.324705838645888322e-04 6.326174348922971192e-04 6.332330449569851562e-04 6.335101686882645263e-04 6.340429419627000322e-04 6.343768799428561823e-04 6.344055162999149254e-04 6.348326877905599618e-04 6.353860959295487467e-04 6.361540940888439155e-04 6.368495254176557681e-04 6.379665459465501311e-04 6.391775704959263204e-04 6.402821612706944372e-04 6.415795031506395111e-04 6.422116724560144371e-04 6.415762358006914029e-04 6.378005630101421953e-04 6.331528704510148682e-04 6.319196186668909294e-04 6.333636678877283726e-04 6.352126186501373195e-04
6.303144431945580757e-04 6.314693285445133804e-04 6.319381592138985414e-04 6.324789224594326359e-04 6.329862607704409266e-04 6.331369760874100807e-04 6.337575172037294806e-04 6.340429419627000322e-04 6.345975267154306933e-04 6.349417151209227426e-04 6.349803886454861773e-04 6.354211740805317280e-04 6.359907006644144149e-04 6.367759822087582433e-04 6.374879540028343620e-04 6.386241150300591167e-04 6.398543480764480118e-04 6.409760549252824452e-04 6.422872908738154430e-04 6.429181490448970023e-04 6.422532131093747296e-04 6.384183108449901275e-04 6.337163564039456241e-04 6.324566083695226095e-04 6.338957122217627827e-04 6.357624668658139145e-04
6.306188693540929445e-04 6.317751468806261528e-04 6.322494805369990650e-04 6.327900104035521969e-04 6.333012142461793507e-04 6.334565848249745952e-04 6.340830541373119501e-04 6.343768799428561823e-04 6.349417151209227426e-04 6.353075492508985546e-04 6.353632237843018617e-04 6.358224252733678163e-04 6.364102339810951466e-04 6.372136461269043393e-04 6.379445344012048096e-04 6.390974821827501455e-04 6.403409828634981475e-04 6.414732399536776306e-04 6.427890558475838831e-04 6.434054083658068785e-04 6.426978638070250573e-04 6.388031208688820309e-04 6.340751326214422601e-04 6.328057101657317326e-04 6.342159553801738833e-04 6.360835820808140653e-04
6.306137751360576908e-04 6.317734760923855372e-04 6.322519241999867380e-04 6.327947825934007817e-04 6.333090067685970530e-04 6.334707006370446022e-04 6.341032426062888014e-04 6.344055162999149254e-04 6.349803886454861773e-04 6.353632237843018617e-04 6.354468090033106456e-04 6.359324290035367651e-04 6.365452068266821625e-04 6.373739234467533073e-04 6.381292587158704250e-04 6.393060952688807506e-04 6.405720774151867341e-04 6.417198529292924203e-04 6.430417520017541735e-04 6.436350987606434754e-04 6.428644103017862972e-04 6.388798631005652680e-04 6.341107354917820734e-04 6.328431217703325449e-04 6.342320930604663240e-04 6.360899443185085355e-04
6.309940603870122953e-04 6.321579184670787039e-04 6.326412436268857853e-04 6.331894313100008831e-04 6.337090789576788150e-04 6.338785714467086831e-04 6.345190872139903166e-04 6.348326877905599618e-04 6.354211740805317280e-04 6.358224252733678163e-04 6.359324290035367651e-04 6.364632924205047837e-04 6.371168739631678573e-04 6.379869873913329758e-04 6.387835959873076550e-04 6.400020053567099512e-04 6.413076045141222767e-04 6.424900268135331745e-04 6.438355561112735041e-04 6.444086809061466388e-04 6.435430144436559080e-04 6.393943910595868913e-04 6.345169185751797954e-04 6.332361941057044032e-04 6.346312696401670492e-04 6.365006679589649621e-04
6.314982258024369466e-04 6.326663666090837383e-04 6.331567000735823913e-04 6.337086780995330928e-04 6.342348289902727081e-04 6.344118211669203585e-04 6.350625555818575777e-04 6.353860959295487467e-04 6.359907006644144149e-04 6.364102339810951466e-04 6.365452068266821625e-04 6.371168739631678573e-04 6.378282721808501299e-04 6.387573692108374640e-04 6.396115299203803620e-04 6.408828825615523308e-04 6.422403678407134862e-04 6.434655932688701941e-04 6.448410525170656217e-04 6.454044580559850988e-04 6.444459539824934791e-04 6.401234176293101865e-04 6.351196000642609371e-04 6.337880452785028818e-04 6.351810554333467852e-04 6.370712903761148764e-04
6.322092629638441721e-04 6.333803116320287866e-04 6.338793603744843300e-04 6.344375753359384612e-04 6.349710743350089762e-04 6.351568681899962421e-04 6.358191415765543321e-04 6.361540940888439155e-04 6.367759822087582433e-04 6.372136461269043393e-04 6.373739234467533073e-04 6.379869873913329758e-04 6.387573692108374640e-04 6.397693449661216334e-04 6.407023330921732479e-04 6.420452123007027844e-04 6.434729263142845764e-04 6.447600605642168090e-04 6.461836117213408349e-04 6.467468299093045991e-04 6.456853192651621680e-04 6.411485978283715725e-04 6.359820739227964835e-04 6.346015804877397359e-04 6.359883738303785282e-04 6.378864437231759844e-04
6.328393748317906638e-04 6.340170143086992565e-04 6.345262224442649963e-04 6.350928640412179926e-04 6.356334029748887324e-04 6.358282808571794845e-04 6.365037161480063084e-04 6.368495254176557681e-04 6.374879540028343620e-04 6.379445344012048096e-04 6.381292587158704250e-04 6.387835959873076550e-04 6.396115299203803620e-04 6.407023330921732479e-04 6.417389488888990828e-04 6.431817881717334390e-04 6.447064557121849919e-04 6.460785145611260384e-04 6.475640656028264436e-04 6.481297027757649924e-04 6.469569357705293872e-04 6.421748295995015300e-04 6.368163199169483025e-04 6.353801721649222434e-04 6.367280939494812577e-04 6.385935495775402855e-04
6.338851429152965065e-04 6.350691167107048356e-04 6.355892153609931337e-04 6.361663028725203246e-04 6.367135660233965702e-04 6.369197569678734794e-04 6.376081058977855608e-04 6.379665459465501311e-04 6.386241150300591167e-04 6.390974821827501455e-04 6.393060952688807506e-04 6.400020053567099512e-04 6.408828825615523308e-04 6.420452123007027844e-04 6.431817881717334390e-04 6.447602503817800607e-04 6.464232287463830828e-04 6.479202663969960054e-04 6.495057175874143851e-04 6.500976831742541267e-04 6.488177510800938359e-04 6.437423217388447581e-04 6.381159092769512304e-04 6.365948179658532371e-04 6.379205246959078609e-04 6.397204276042334692e-04
6.350292080129938278e-04 6.362161007135548954e-04 6.367510083998846994e-04 6.373389465884652608e-04 6.378896851194068357e-04 6.381062420411365288e-04 6.388079717291467174e-04 6.391775704959263204e-04 6.398543480764480118e-04 6.403409828634981475e-04 6.405720774151867341e-04 6.413076045141222767e-04 6.422403678407134862e-04 6.434729263142845764e-04 6.447064557121849919e-04 6.464232287463830828e-04 6.482829543673458098e-04 6.499781536729390147e-04 6.517252532013296119e-04 6.523890875307691633e-04 6.510252208776116196e-04 6.456257713414673008e-04 6.396440620947964036e-04 6.379968296932354973e-04 6.392772433214480039e-04 6.409856818925947471e-04
6.360652546994056663e-04 6.372470305367463825e-04 6.378009938732216765e-04 6.383984613033104197e-04 6.389545174572815135e-04 6.391836461241899407e-04 6.398985710590294551e-04 6.402821612706944372e-04 6.409760549252824452e-04 6.414732399536776306e-04 6.417198529292924203e-04 6.424900268135331745e-04 6.434655932688701941e-04 6.447600605642168090e-04 6.460785145611260384e-04 6.479202663969960054e-04 6.499781536729390147e-04 6.519501575488214186e-04 6.539622935120531066e-04 6.547949090059527501e-04 6.534220628128607810e-04 6.476980982431381709e-04 6.412342991537090409e-04 6.392968064579577321e-04 6.404723797831828784e-04 6.421197941468597325e-04
6.373057129954471994e-04 6.384869858610299227e-04 6.390508660804807180e-04 6.396550158983408448e-04 6.402158299685303941e-04 6.404564867394748652e-04 6.411809977059842189e-04 6.415795031506395111e-04 6.422872908738154430e-04 6.427890558475838831e-04 6.430417520017541735e-04 6.438355561112735041e-04 6.448410525170656217e-04 6.461836117213408349e-04 6.475640656028264436e-04 6.495057175874143851e-04 6.517252532013296119e-04 6.539622935120531066e-04 6.563344440983889848e-04 6.574690209902476698e-04 6.562249122063432962e-04 6.502975580148868864e-04 6.433252346175702017e-04 6.409873354686598844e-04 6.419761995314695203e-04 6.435127120175572740e-04
6.379460206773830038e-04 6.391295840927574499e-04 6.396893659179258770e-04 6.402945496325462013e-04 6.408591232597819634e-04 6.410951473289568147e-04 6.418125605487687117e-04 6.422116724560144371e-04 6.429181490448970023e-04 6.434054083658068785e-04 6.436350987606434754e-04 6.444086809061466388e-04 6.454044580559850988e-04 6.467468299093045991e-04 6.481297027757649924e-04 6.500976831742541267e-04 6.523890875307691633e-04 6.547949090059527501e-04 6.574690209902476698e-04 6.590840819158531091e-04 6.582967369908370109e-04 6.525269163847502614e-04 6.451124591641479869e-04 6.420735770465220600e-04 6.428177493938329670e-04 6.442563746975800984e-04
6.374206345348536759e-04 6.385937107880531064e-04 6.391395086550194114e-04 6.397303057460169669e-04 6.402923765092909635e-04 6.405045560335315743e-04 6.411979510180779076e-04 6.415762358006914029e-04 6.422532131093747296e-04 6.426978638070250573e-04 6.428644103017862972e-04 6.435430144436559080e-04 6.444459539824934791e-04 6.456853192651621680e-04 6.469569357705293872e-04 6.488177510800938359e-04 6.510252208776116196e-04 6.534220628128607810e-04 6.562249122063432962e-04 6.582967369908370109e-04 6.584137406327276185e-04 6.535145662272319900e-04 6.461175656794112794e-04 6.422654255845680659e-04 6.425872589030026802e-04 6.438213866269017595e-04
6.338828606573161401e-04 6.350366636883533625e-04 6.355481253099597768e-04 6.361076449846908868e-04 6.366423327656085601e-04 6.368137403286552216e-04 6.374671116884054458e-04 6.378005630101421953e-04 6.384183108449901275e-04 6.388031208688820309e-04 6.388798631005652680e-04 6.393943910595868913e-04 6.401234176293101865e-04 6.411485978283715725e-04 6.421748295995015300e-04 6.437423217388447581e-04 6.456257713414673008e-04 6.476980982431381709e-04 6.502975580148868864e-04 6.525269163847502614e-04 6.535145662272319900e-04 6.504032026521581024e-04 6.441564433487229719e-04 6.398983546771130557e-04 6.393470853188908034e-04 6.402467854963854064e-04
6.294329240115996297e-04 6.305931310134472003e-04 6.310498563632510995e-04 6.315876549854502857e-04 6.320995600622469120e-04 6.322363049826918747e-04 6.328576994200323233e-04 6.331528704510148682e-04 6.337163564039456241e-04 6.340751326214422601e-04 6.341107354917820734e-04 6.345169185751797954e-04 6.351196000642609371e-04 6.359820739227964835e-04 6.368163199169483025e-04 6.381159092769512304e-04 6.396440620947964036e-04 6.412342991537090409e-04 6.433252346175702017e-04 6.451124591641479869e-04 6.461175656794112794e-04 6.441564433487229719e-04 6.400389932574672685e-04 6.369754571893160473e-04 6.356445413406444991e-04 6.359627882573365811e-04
6.283183551956113104e-04 6.294816447095279372e-04 6.298975449191664610e-04 6.304368984100340361e-04 6.309144953234681113e-04 6.310467514244347351e-04 6.316536632448439522e-04 6.319196186668909294e-04 6.324566083695226095e-04 6.328057101657317326e-04 6.328431217703325449e-04 6.332361941057044032e-04 6.337880452785028818e-04 6.346015804877397359e-04 6.353801721649222434e-04 6.365948179658532371e-04 6.379968296932354973e-04 6.392968064579577321e-04 6.409873354686598844e-04 6.420735770465220600e-04 6.422654255845680659e-04 6.398983546771130557e-04 6.369754571893160473e-04 6.366712985274340045e-04 6.361680199714743423e-04 6.356092926845338144e-04
6.297856136892441723e-04 6.309275605371996495e-04 6.313639668382004487e-04 6.319090630387647978e-04 6.323740578485933204e-04 6.325176186631724243e-04 6.331220616034572129e-04 6.333636678877283726e-04 6.338957122217627827e-04 6.342159553801738833e-04 6.342320930604663240e-04 6.346312696401670492e-04 6.351810554333467852e-04 6.359883738303785282e-04 6.367280939494812577e-04 6.379205246959078609e-04 6.392772433214480039e-04 6.404723797831828784e-04 6.419761995314695203e-04 6.428177493938329670e-04 6.425872589030026802e-04 6.393470853188908034e-04 6.356445413406444991e-04 6.361680199714743423e-04 6.388634322672631476e-04 6.391783082790349069e-04
6.315854447274030616e-04 6.327251638497648082e-04 6.331824172596257601e-04 6.336979533407552032e-04 6.341907509866595485e-04 6.343298143851651980e-04 6.349475139841428625e-04 6.352126186501373195e-04 6.357624668658139145e-04 6.360835820808140653e-04 6.360899443185085355e-04 6.365006679589649621e-04 6.370712903761148764e-04 6.378864437231759844e-04 6.385935495775402855e-04 6.397204276042334692e-04 6.409856818925947471e-04 6.421197941468597325e-04 6.435127120175572740e-04 6.442563746975800984e-04 6.438213866269017595e-04 6.402467854963854064e-04 6.359627882573365811e-04 6.356092926845338144e-04 6.391783082790349069e-04 6.426050852935190783e-04
