5.540569944198807861e-04 5.535217963284227603e-04 5.535693609303520783e-04 5.538257638911753353e-04 5.537583190498855841e-04 5.540359550662434613e-04 5.541644889304457198e-04 5.539308655950066999e-04 5.538891814083267374e-04 5.541032679043436920e-04 5.543215771348611494e-04 5.547805143595946819e-04 5.549492045819898059e-04 5.554088631398756189e-04 5.555759338924574995e-04 5.553969519450889384e-04 5.551701240355515904e-04 5.548827805110288867e-04 5.540888771178060102e-04 5.533977168304249480e-04 5.539492920359081292e-04 5.558373313596393778e-04 5.584219613904279050e-04 5.577707557742972791e-04 5.558608018492463242e-04 5.564278632475468675e-04
5.535217963284227603e-04 5.530774624142738814e-04 5.531005644313172773e-04 5.533519393608788989e-04 5.532822852968160036e-04 5.535577096662919715e-04 5.536862091641582811e-04 5.534512250239822465e-04 5.534105158039112496e-04 5.536255727037291390e-04 5.538417830423295572e-04 5.542957813581726127e-04 5.544577563300752366e-04 5.549120851555339531e-04 5.550821298648624981e-04 5.549090268512881429e-04 5.546928973599086782e-04 5.544161776884791231e-04 5.536199672097124810e-04 5.529241302862949840e-04 5.534736194186067569e-04 5.553738672106631538e-04 5.579787806093811607e-04 5.573373789810051951e-04 5.553808926938304897e-04 5.559121773289144508e-04
5.535693609303520783e-04 5.531005644313172773e-04 5.531826146873978145e-04 5.534215607755099166e-04 5.533512081243103153e-04 5.536284991183602682e-04 5.537620349179429554e-04 5.535283170093874532e-04 5.534911368770506317e-04 5.537097567466932975e-04 5.539369954406626146e-04 5.543968857271852494e-04 5.545663318619279553e-04 5.550264495508025302e-04 5.551988001469913272e-04 5.550252622315012766e-04 5.548000434777977923e-04 5.545115656363753479e-04 5.537030253528745383e-04 5.529912328096853397e-04 5.535126793726296950e-04 5.553835023561364036e-04 5.580107003922101091e-04 5.574094162568554028e-04 5.554829613554168686e-04 5.560131596093029378e-04
5.538257638911753353e-04 5.533519393608788989e-04 5.534215607755099166e-04 5.536997692301841604e-04 5.536196419118802987e-04 5.538983914247169000e-04 5.540295829031547173e-04 5.537974192749672538e-04 5.537604539069458133e-04 5.539791504356765192e-04 5.542047042341939449e-04 5.546670393542729944e-04 5.548408841892248956e-04 5.553019631660538729e-04 5.554743314766270998e-04 5.553057146455431248e-04 5.550818909839623028e-04 5.548020759457419557e-04 5.540083178918651062e-04 5.533217736725196687e-04 5.538637497389721108e-04 5.557269078894698597e-04 5.583084344337293147e-04 5.576602157766131270e-04 5.557470442407926601e-04 5.562739120198156037e-04
5.537583190498855841e-04 5.532822852968160036e-04 5.533512081243103153e-04 5.536196419118802987e-04 5.535745467378944693e-04 5.538467720084392547e-04 5.539770606239797796e-04 5.537476871610700659e-04 5.537143501149179243e-04 5.539342441909827141e-04 5.541623718497160284e-04 5.546297782783186957e-04 5.548082146498925374e-04 5.552744645105585136e-04 5.554524337789367144e-04 5.552859772073807498e-04 5.550590669069258541e-04 5.547742156619496273e-04 5.539735559183571684e-04 5.532802977008238060e-04 5.538093474259806132e-04 5.556554776652494277e-04 5.582281625193296140e-04 5.575953620937297052e-04 5.557076015282069216e-04 5.562481128582340067e-04
5.540359550662434613e-04 5.535577096662919715e-04 5.536284991183602682e-04 5.538983914247169000e-04 5.538467720084392547e-04 5.541443200891431374e-04 5.542770923393184213e-04 5.540480331563377202e-04 5.540162152423582821e-04 5.542377066439878579e-04 5.544698703123252794e-04 5.549429040213348964e-04 5.551281067971646464e-04 5.556013119769618105e-04 5.557844311259534358e-04 5.556247142629861099e-04 5.554057795153556111e-04 5.551282140979915073e-04 5.543272068751728832e-04 5.536303890484452032e-04 5.541491722157177975e-04 5.559758493363674064e-04 5.585278628926971427e-04 5.578709552929750652e-04 5.559962115022596156e-04 5.565484638650597784e-04
5.541644889304457198e-04 5.536862091641582811e-04 5.537620349179429554e-04 5.540295829031547173e-04 5.539770606239797796e-04 5.542770923393184213e-04 5.544343530670998868e-04 5.542066257774884343e-04 5.541791401326496462e-04 5.544029972965674406e-04 5.546403585066676193e-04 5.551183872377486554e-04 5.553072841441025623e-04 5.557856236952548852e-04 5.559728499243856000e-04 5.558173876497699310e-04 5.556040316291281514e-04 5.553345258140810706e-04 5.545375949686851252e-04 5.538482385854193385e-04 5.543585572640405976e-04 5.561456999954797345e-04 5.586646564812708772e-04 5.580062466637372839e-04 5.561432704105294085e-04 5.567112768892919748e-04
5.539308655950066999e-04 5.534512250239822465e-04 5.535283170093874532e-04 5.537974192749672538e-04 5.537476871610700659e-04 5.540480331563377202e-04 5.542066257774884343e-04 5.540014320627786046e-04 5.539755716607497240e-04 5.542030780185530636e-04 5.544461718382042532e-04 5.549296699680697498e-04 5.551248762949242575e-04 5.556094087160881947e-04 5.558035311609478037e-04 5.556545149769995641e-04 5.554466750984111143e-04 5.551839526470704958e-04 5.543877341274063703e-04 5.536933721911100302e-04 5.541868803902282991e-04 5.559483177234908653e-04 5.584482324570153510e-04 5.577830476355920405e-04 5.559266510746843897e-04 5.565287686765281721e-04
5.538891814083267374e-04 5.534105158039112496e-04 5.534911368770506317e-04 5.537604539069458133e-04 5.537143501149179243e-04 5.540162152423582821e-04 5.541791401326496462e-04 5.539755716607497240e-04 5.539703754729785384e-04 5.542050400653952260e-04 5.544546373398819483e-04 5.549470052619352809e-04 5.551520560464791440e-04 5.556443970789526126e-04 5.558459599846990624e-04 5.557032724716088083e-04 5.554996950739241870e-04 5.552390948680303298e-04 5.544410674895333029e-04 5.537359080163055608e-04 5.542004292948006896e-04 5.559247275797517219e-04 5.584092178334455628e-04 5.577645790600025116e-04 5.559328222731271677e-04 5.565438875369886195e-04
5.541032679043436920e-04 5.536255727037291390e-04 5.537097567466932975e-04 5.539791504356765192e-04 5.539342441909827141e-04 5.542377066439878579e-04 5.544029972965674406e-04 5.542030780185530636e-04 5.542050400653952260e-04 5.544632474406755275e-04 5.547237081234112754e-04 5.552280420127932593e-04 5.554452266548935355e-04 5.559467741001506043e-04 5.561575178994162183e-04 5.560233702739452930e-04 5.558254946525490901e-04 5.555711514249602823e-04 5.547773355224923895e-04 5.540586791314124158e-04 5.544878294739953410e-04 5.561652647288385263e-04 5.586246682297021189e-04 5.580003483296393403e-04 5.561893938264653734e-04 5.568026474518943027e-04
5.543215771348611494e-04 5.538417830423295572e-04 5.539369954406626146e-04 5.542047042341939449e-04 5.541623718497160284e-04 5.544698703123252794e-04 5.546403585066676193e-04 5.544461718382042532e-04 5.544546373398819483e-04 5.547237081234112754e-04 5.550139695454980654e-04 5.555397167010968753e-04 5.557774996804603403e-04 5.562981717881171437e-04 5.565233299916623163e-04 5.563988732338172273e-04 5.562085071523749846e-04 5.559630264906381637e-04 5.551699185933281358e-04 5.544346423300404187e-04 5.548252683445988216e-04 5.564404298421119421e-04 5.588528911017795866e-04 5.582255721151382260e-04 5.564444411942794750e-04 5.570668242320622092e-04
5.547805143595946819e-04 5.542957813581726127e-04 5.543968857271852494e-04 5.546670393542729944e-04 5.546297782783186957e-04 5.549429040213348964e-04 5.551183872377486554e-04 5.549296699680697498e-04 5.549470052619352809e-04 5.552280420127932593e-04 5.555397167010968753e-04 5.561011451086056131e-04 5.563699098734729235e-04 5.569198401272700645e-04 5.571687475907122385e-04 5.570647241141890929e-04 5.568909515850609549e-04 5.566608455929710235e-04 5.558681440817889782e-04 5.551050845051839567e-04 5.554411859622314504e-04 5.569656252416067301e-04 5.593155998003791849e-04 5.586880022495251119e-04 5.569468123743199443e-04 5.575847353876012573e-04
5.549492045819898059e-04 5.544577563300752366e-04 5.545663318619279553e-04 5.548408841892248956e-04 5.548082146498925374e-04 5.551281067971646464e-04 5.553072841441025623e-04 5.551248762949242575e-04 5.551520560464791440e-04 5.554452266548935355e-04 5.557774996804603403e-04 5.563699098734729235e-04 5.566864652640286142e-04 5.572761903113005681e-04 5.575575047805248624e-04 5.574824685877212372e-04 5.573308009221659151e-04 5.571249491069436323e-04 5.563436107900199571e-04 5.555564125437088482e-04 5.558316401910797389e-04 5.572553839715981049e-04 5.595300522363375745e-04 5.589061241721890970e-04 5.572235096282543388e-04 5.578607733649379279e-04
5.554088631398756189e-04 5.549120851555339531e-04 5.550264495508025302e-04 5.553019631660538729e-04 5.552744645105585136e-04 5.556013119769618105e-04 5.557856236952548852e-04 5.556094087160881947e-04 5.556443970789526126e-04 5.559467741001506043e-04 5.562981717881171437e-04 5.569198401272700645e-04 5.572761903113005681e-04 5.579258784245180432e-04 5.582573118228861342e-04 5.582234306309594380e-04 5.581033734705400902e-04 5.579242756259803794e-04 5.571540404882935164e-04 5.563334313863541568e-04 5.565264466921342407e-04 5.578263852377922773e-04 5.600191320776745684e-04 5.594250191469390303e-04 5.578232242327037368e-04 5.584476971415264744e-04
5.555759338924574995e-04 5.550821298648624981e-04 5.551988001469913272e-04 5.554743314766270998e-04 5.554524337789367144e-04 5.557844311259534358e-04 5.559728499243856000e-04 5.558035311609478037e-04 5.558459599846990624e-04 5.561575178994162183e-04 5.565233299916623163e-04 5.571687475907122385e-04 5.575575047805248624e-04 5.582573118228861342e-04 5.586621827298112342e-04 5.586993609808054264e-04 5.586384809297364378e-04 5.585087170665638820e-04 5.577593568096497626e-04 5.569089639679661611e-04 5.570000372877411321e-04 5.581243947641274317e-04 5.601997872481127762e-04 5.596484676600291296e-04 5.581078108359032635e-04 5.587247134992028887e-04
5.553969519450889384e-04 5.549090268512881429e-04 5.550252622315012766e-04 5.553057146455431248e-04 5.552859772073807498e-04 5.556247142629861099e-04 5.558173876497699310e-04 5.556545149769995641e-04 5.557032724716088083e-04 5.560233702739452930e-04 5.563988732338172273e-04 5.570647241141890929e-04 5.574824685877212372e-04 5.582234306309594380e-04 5.586993609808054264e-04 5.588511172255284038e-04 5.588941899428228558e-04 5.588570431588155574e-04 5.581616946197788488e-04 5.573001674190953452e-04 5.572735478140726983e-04 5.581478891602574067e-04 5.600154840778460291e-04 5.594818191631618009e-04 5.580303659191561362e-04 5.586831529396806993e-04
5.551701240355515904e-04 5.546928973599086782e-04 5.548000434777977923e-04 5.550818909839623028e-04 5.550590669069258541e-04 5.554057795153556111e-04 5.556040316291281514e-04 5.554466750984111143e-04 5.554996950739241870e-04 5.558254946525490901e-04 5.562085071523749846e-04 5.568909515850609549e-04 5.573308009221659151e-04 5.581033734705400902e-04 5.586384809297364378e-04 5.588941899428228558e-04 5.590824882251505456e-04 5.591800868840296436e-04 5.585625364619309450e-04 5.576983023963609076e-04 5.575520836023425009e-04 5.581437096557809565e-04 5.597636903320446890e-04 5.592394392901808408e-04 5.578844040533381243e-04 5.585987865560907610e-04
5.548827805110288867e-04 5.544161776884791231e-04 5.545115656363753479e-04 5.548020759457419557e-04 5.547742156619496273e-04 5.551282140979915073e-04 5.553345258140810706e-04 5.551839526470704958e-04 5.552390948680303298e-04 5.555711514249602823e-04 5.559630264906381637e-04 5.566608455929710235e-04 5.571249491069436323e-04 5.579242756259803794e-04 5.585087170665638820e-04 5.588570431588155574e-04 5.591800868840296436e-04 5.594697308356466050e-04 5.590017467106196030e-04 5.581862852298462643e-04 5.579706705061199994e-04 5.582824180571962884e-04 5.595618758812631122e-04 5.589831896824756568e-04 5.577584889148219259e-04 5.585069526477175021e-04
5.540888771178060102e-04 5.536199672097124810e-04 5.537030253528745383e-04 5.540083178918651062e-04 5.539735559183571684e-04 5.543272068751728832e-04 5.545375949686851252e-04 5.543877341274063703e-04 5.544410674895333029e-04 5.547773355224923895e-04 5.551699185933281358e-04 5.558681440817889782e-04 5.563436107900199571e-04 5.571540404882935164e-04 5.577593568096497626e-04 5.581616946197788488e-04 5.585625364619309450e-04 5.590017467106196030e-04 5.587765469928231924e-04 5.581488475591864186e-04 5.580041642570992069e-04 5.581826623552103416e-04 5.591177645163775394e-04 5.583500611149047957e-04 5.571317267617411631e-04 5.578280488790390672e-04
5.533977168304249480e-04 5.529241302862949840e-04 5.529912328096853397e-04 5.533217736725196687e-04 5.532802977008238060e-04 5.536303890484452032e-04 5.538482385854193385e-04 5.536933721911100302e-04 5.537359080163055608e-04 5.540586791314124158e-04 5.544346423300404187e-04 5.551050845051839567e-04 5.555564125437088482e-04 5.563334313863541568e-04 5.569089639679661611e-04 5.573001674190953452e-04 5.576983023963609076e-04 5.581862852298462643e-04 5.581488475591864186e-04 5.578840219496182572e-04 5.580646248675368796e-04 5.583793614867832303e-04 5.590875033564449538e-04 5.579473235947528167e-04 5.565646285388030964e-04 5.571842134943087764e-04
5.539492920359081292e-04 5.534736194186067569e-04 5.535126793726296950e-04 5.538637497389721108e-04 5.538093474259806132e-04 5.541491722157177975e-04 5.543585572640405976e-04 5.541868803902282991e-04 5.542004292948006896e-04 5.544878294739953410e-04 5.548252683445988216e-04 5.554411859622314504e-04 5.558316401910797389e-04 5.565264466921342407e-04 5.570000372877411321e-04 5.572735478140726983e-04 5.575520836023425009e-04 5.579706705061199994e-04 5.580041642570992069e-04 5.580646248675368796e-04 5.588871432746186137e-04 5.598493152755936765e-04 5.607239922182130328e-04 5.590690755781854574e-04 5.572267479929028265e-04 5.577079922774346495e-04
5.558373313596393778e-04 5.553738672106631538e-04 5.553835023561364036e-04 5.557269078894698597e-04 5.556554776652494277e-04 5.559758493363674064e-04 5.561456999954797345e-04 5.559483177234908653e-04 5.559247275797517219e-04 5.561652647288385263e-04 5.564404298421119421e-04 5.569656252416067301e-04 5.572553839715981049e-04 5.578263852377922773e-04 5.581243947641274317e-04 5.581478891602574067e-04 5.581437096557809565e-04 5.582824180571962884e-04 5.581826623552103416e-04 5.583793614867832303e-04 5.598493152755936765e-04 5.621516963957758897e-04 5.640230817685224851e-04 5.620168443686432902e-04 5.592819982152071219e-04 5.595360802681947779e-04
5.584219613904279050e-04 5.579787806093811607e-04 5.580107003922101091e-04 5.583084344337293147e-04 5.582281625193296140e-04 5.585278628926971427e-04 5.586646564812708772e-04 5.584482324570153510e-04 5.584092178334455628e-04 5.586246682297021189e-04 5.588528911017795866e-04 5.593155998003791849e-04 5.595300522363375745e-04 5.600191320776745684e-04 5.601997872481127762e-04 5.600154840778460291e-04 5.597636903320446890e-04 5.595618758812631122e-04 5.591177645163775394e-04 5.590875033564449538e-04 5.607239922182130328e-04 5.640230817685224851e-04 5.675880279908616368e-04 5.661744101400769747e-04 5.624123010055327634e-04 5.622992886438376095e-04
5.577707557742972791e-04 5.573373789810051951e-04 5.574094162568554028e-04 5.576602157766131270e-04 5.575953620937297052e-04 5.578709552929750652e-04 5.580062466637372839e-04 5.577830476355920405e-04 5.577645790600025116e-04 5.580003483296393403e-04 5.582255721151382260e-04 5.586880022495251119e-04 5.589061241721890970e-04 5.594250191469390303e-04 5.596484676600291296e-04 5.594818191631618009e-04 5.592394392901808408e-04 5.589831896824756568e-04 5.583500611149047957e-04 5.579473235947528167e-04 5.590690755781854574e-04 5.620168443686432902e-04 5.661744101400769747e-04 5.664974222980866982e-04 5.632068443460020932e-04 5.624084989958446712e-04
5.558608018492463242e-04 5.553808926938304897e-04 5.554829613554168686e-04 5.557470442407926601e-04 5.557076015282069216e-04 5.559962115022596156e-04 5.561432704105294085e-04 5.559266510746843897e-04 5.559328222731271677e-04 5.561893938264653734e-04 5.564444411942794750e-04 5.569468123743199443e-04 5.572235096282543388e-04 5.578232242327037368e-04 5.581078108359032635e-04 5.580303659191561362e-04 5.578844040533381243e-04 5.577584889148219259e-04 5.571317267617411631e-04 5.565646285388030964e-04 5.572267479929028265e-04 5.592819982152071219e-04 5.624123010055327634e-04 5.632068443460020932e-04 5.623004263972513359e-04 5.616329792949558428e-04
5.564278632475468675e-04 5.559121773289144508e-04 5.560131596093029378e-04 5.562739120198156037e-04 5.562481128582340067e-04 5.565484638650597784e-04 5.567112768892919748e-04 5.565287686765281721e-04 5.565438875369886195e-04 5.568026474518943027e-04 5.570668242320622092e-04 5.575847353876012573e-04 5.578607733649379279e-04 5.584476971415264744e-04 5.587247134992028887e-04 5.586831529396806993e-04 5.585987865560907610e-04 5.585069526477175021e-04 5.578280488790390672e-04 5.571842134943087764e-04 5.577079922774346495e-04 5.595360802681947779e-04 5.622992886438376095e-04 5.624084989958446712e-04 5.616329792949558428e-04 5.631644114512766993e-04
