1.189719581741037501e-04 1.189008241982092510e-04 1.184449133235322883e-04 1.181995499513015100e-04 1.180484125939545450e-04 1.179660032994363553e-04 1.177213565585231108e-04 1.174601543337115993e-04 1.173661305969870829e-04 1.172641858848283571e-04 1.171474109525063402e-04 1.173580412670979442e-04 1.173102560855103683e-04 1.171866929608344652e-04 1.172160430746765133e-04 1.172488564346697371e-04 1.174813088652974287e-04 1.177573976372239741e-04 1.178730500875661353e-04 1.180247295456586461e-04 1.177814427504144859e-04 1.175657148021491016e-04 1.173700178465216334e-04 1.170737467607839693e-04 1.161251643718872394e-04 1.159896369080648391e-04
1.189008241982092510e-04 1.189240931076076174e-04 1.184346116932033304e-04 1.181879271498068512e-04 1.180325317093969002e-04 1.179457065189781789e-04 1.177010948525966601e-04 1.174385013513923364e-04 1.173452474086472891e-04 1.172459656862480414e-04 1.171310347829337766e-04 1.173415030441885394e-04 1.172883812028502570e-04 1.171586618268414235e-04 1.171878432361558154e-04 1.172241930193761590e-04 1.174540918532979887e-04 1.177251479594504526e-04 1.178355097978652443e-04 1.179912896671321207e-04 1.177539737114763259e-04 1.175326722742167087e-04 1.173478726248016954e-04 1.170587719235762370e-04 1.160984686030681992e-04 1.159450856101536660e-04
1.184449133235322883e-04 1.184346116932033304e-04 1.180208421654767444e-04 1.177536607329986780e-04 1.175981220783389009e-04 1.175139808722080933e-04 1.172696769181338016e-04 1.170098151065078880e-04 1.169167704699875096e-04 1.168189654052490748e-04 1.167059540044231903e-04 1.169174041985399597e-04 1.168697852175160442e-04 1.167474789305943599e-04 1.167808751421463216e-04 1.168146037817956889e-04 1.170386378806875338e-04 1.173042383993609758e-04 1.174109736816899787e-04 1.175567806862786954e-04 1.173195178433055147e-04 1.171118722719417126e-04 1.169373592202037761e-04 1.166434995429379813e-04 1.156615012284333542e-04 1.155066269468297803e-04
1.181995499513015100e-04 1.181879271498068512e-04 1.177536607329986780e-04 1.175327635743513569e-04 1.173705147300068774e-04 1.172876611180037159e-04 1.170461596667577651e-04 1.167883685650303771e-04 1.166976435763642092e-04 1.166015639811704440e-04 1.164898661763439633e-04 1.167010559357177475e-04 1.166527988225915643e-04 1.165318512704440412e-04 1.165624479349019251e-04 1.165948002778266886e-04 1.168179266504335809e-04 1.170831402215031678e-04 1.171864468255294701e-04 1.173317276891119762e-04 1.170878574097269974e-04 1.168651216829841641e-04 1.166835302970555427e-04 1.164025146735317130e-04 1.154477418598724503e-04 1.152858863715979231e-04
1.180484125939545450e-04 1.180325317093969002e-04 1.175981220783389009e-04 1.173705147300068774e-04 1.172380091098462100e-04 1.171506486819414968e-04 1.169097942707191570e-04 1.166520777567873172e-04 1.165618507308356828e-04 1.164676436702321400e-04 1.163548121995438173e-04 1.165671150396150110e-04 1.165204955535388125e-04 1.163980145447269875e-04 1.164246628335976693e-04 1.164539762712282924e-04 1.166774666894652518e-04 1.169442720752084835e-04 1.170488088400236802e-04 1.171947332819672408e-04 1.169554250644162628e-04 1.167383569974306061e-04 1.165588801204923324e-04 1.162773700936117202e-04 1.153146409917739829e-04 1.151459203910989570e-04
1.179660032994363553e-04 1.179457065189781789e-04 1.175139808722080933e-04 1.172876611180037159e-04 1.171506486819414968e-04 1.170872099257134216e-04 1.168452470183437784e-04 1.165884637549617625e-04 1.165018297099709369e-04 1.164090724839488185e-04 1.162985982667249011e-04 1.165134754122061037e-04 1.164690066654105864e-04 1.163468977288869698e-04 1.163740265811823041e-04 1.163996114029268165e-04 1.166203650430941056e-04 1.168818911476301569e-04 1.169853477843037080e-04 1.171305241923646705e-04 1.168878969702185803e-04 1.166654463616799127e-04 1.164838320199536011e-04 1.162029905769641742e-04 1.152485831410526222e-04 1.150803438733791423e-04
1.177213565585231108e-04 1.177010948525966601e-04 1.172696769181338016e-04 1.170461596667577651e-04 1.169097942707191570e-04 1.168452470183437784e-04 1.166244806046758890e-04 1.163699294769638982e-04 1.162865291234780419e-04 1.161962826781595090e-04 1.160866810170087086e-04 1.163056197693290706e-04 1.162666670427560471e-04 1.161470237439382640e-04 1.161716967830420680e-04 1.161960352061974376e-04 1.164158855183323966e-04 1.166788931806541361e-04 1.167805983937080687e-04 1.169198751640014317e-04 1.166671011412220382e-04 1.164302567054454289e-04 1.162473891102169479e-04 1.159654627551693262e-04 1.150159860902911233e-04 1.148564981436629831e-04
1.174601543337115993e-04 1.174385013513923364e-04 1.170098151065078880e-04 1.167883685650303771e-04 1.166520777567873172e-04 1.165884637549617625e-04 1.163699294769638982e-04 1.161327963965923417e-04 1.160530840331058946e-04 1.159648668222563106e-04 1.158581824889227507e-04 1.160803787377551606e-04 1.160448330404142671e-04 1.159293319920496902e-04 1.159543937453165653e-04 1.159760404694210972e-04 1.161919876517565072e-04 1.164521736914376999e-04 1.165512530153437187e-04 1.166885786928890099e-04 1.164306658101946110e-04 1.161880942694388055e-04 1.160042635214142534e-04 1.157139378198365537e-04 1.147721181628204350e-04 1.146210072553479194e-04
1.173661305969870829e-04 1.173452474086472891e-04 1.169167704699875096e-04 1.166976435763642092e-04 1.165618507308356828e-04 1.165018297099709369e-04 1.162865291234780419e-04 1.160530840331058946e-04 1.159909115604985854e-04 1.159099645956315370e-04 1.158096283158957605e-04 1.160390159575733617e-04 1.160098969266050022e-04 1.158987853580503420e-04 1.159270125687956034e-04 1.159504960057976047e-04 1.161660058818261122e-04 1.164266404786470872e-04 1.165262676555922991e-04 1.166560823856092286e-04 1.163792704295706689e-04 1.161094640200932597e-04 1.159163124349159985e-04 1.156198388428642080e-04 1.146816483211077995e-04 1.145346290887379960e-04
1.172641858848283571e-04 1.172459656862480414e-04 1.168189654052490748e-04 1.166015639811704440e-04 1.164676436702321400e-04 1.164090724839488185e-04 1.161962826781595090e-04 1.159648668222563106e-04 1.159099645956315370e-04 1.158493620079502497e-04 1.157581799595097221e-04 1.159952629541862200e-04 1.159736067774052128e-04 1.158689759505999127e-04 1.159022194817768448e-04 1.159263349013990943e-04 1.161425847567342456e-04 1.164019894464598495e-04 1.165040810513112463e-04 1.166299389401865443e-04 1.163360168115833810e-04 1.160342518694300372e-04 1.158313017908836476e-04 1.155204759344400435e-04 1.145656826334482065e-04 1.144253308536523665e-04
1.171474109525063402e-04 1.171310347829337766e-04 1.167059540044231903e-04 1.164898661763439633e-04 1.163548121995438173e-04 1.162985982667249011e-04 1.160866810170087086e-04 1.158581824889227507e-04 1.158096283158957605e-04 1.157581799595097221e-04 1.156864803370615652e-04 1.159341894726347846e-04 1.159206855717446257e-04 1.158237947753662934e-04 1.158641310821636653e-04 1.158918111332938791e-04 1.161085705847923663e-04 1.163701618997571628e-04 1.164721405719362855e-04 1.165904707470779222e-04 1.162737209009288532e-04 1.159376661059318173e-04 1.157288524322193894e-04 1.154134982717781817e-04 1.144583634952162885e-04 1.143225703359116710e-04
1.173580412670979442e-04 1.173415030441885394e-04 1.169174041985399597e-04 1.167010559357177475e-04 1.165671150396150110e-04 1.165134754122061037e-04 1.163056197693290706e-04 1.160803787377551606e-04 1.160390159575733617e-04 1.159952629541862200e-04 1.159341894726347846e-04 1.162069219203447985e-04 1.162098403220832645e-04 1.161254220730320325e-04 1.161791069482046734e-04 1.162143012927607420e-04 1.164327587680010119e-04 1.166923158425317754e-04 1.167898591536958012e-04 1.168948645548399868e-04 1.165430449699529311e-04 1.161611612575195188e-04 1.159525872659050987e-04 1.156410415657251587e-04 1.146795971603558500e-04 1.145381250979717562e-04
1.173102560855103683e-04 1.172883812028502570e-04 1.168697852175160442e-04 1.166527988225915643e-04 1.165204955535388125e-04 1.164690066654105864e-04 1.162666670427560471e-04 1.160448330404142671e-04 1.160098969266050022e-04 1.159736067774052128e-04 1.159206855717446257e-04 1.162098403220832645e-04 1.162416676834541665e-04 1.161758528669106850e-04 1.162425291142059569e-04 1.162872320574732195e-04 1.165084955474859972e-04 1.167699780229372201e-04 1.168667061027460588e-04 1.169627668111711017e-04 1.165821082451110112e-04 1.161595766108993106e-04 1.159445245426703668e-04 1.156360383670795486e-04 1.146705939535492516e-04 1.145144429061537234e-04
1.171866929608344652e-04 1.171586618268414235e-04 1.167474789305943599e-04 1.165318512704440412e-04 1.163980145447269875e-04 1.163468977288869698e-04 1.161470237439382640e-04 1.159293319920496902e-04 1.158987853580503420e-04 1.158689759505999127e-04 1.158237947753662934e-04 1.161254220730320325e-04 1.161758528669106850e-04 1.161477772540846866e-04 1.162446671632696510e-04 1.163112256127677444e-04 1.165449492063994627e-04 1.168152073608106094e-04 1.169139487747242418e-04 1.169997872150760804e-04 1.165812630276038755e-04 1.160866830283171190e-04 1.158451415718757228e-04 1.155423811578183604e-04 1.145697904666376281e-04 1.143974281564799790e-04
1.172160430746765133e-04 1.171878432361558154e-04 1.167808751421463216e-04 1.165624479349019251e-04 1.164246628335976693e-04 1.163740265811823041e-04 1.161716967830420680e-04 1.159543937453165653e-04 1.159270125687956034e-04 1.159022194817768448e-04 1.158641310821636653e-04 1.161791069482046734e-04 1.162425291142059569e-04 1.162446671632696510e-04 1.163911914200312379e-04 1.164965015874215175e-04 1.167547930966999814e-04 1.170348650633508723e-04 1.171369935702129317e-04 1.172189866132678513e-04 1.167579739813772062e-04 1.161731274011316235e-04 1.158903323632706300e-04 1.155892933066504863e-04 1.146098259901641106e-04 1.144215312407984567e-04
1.172488564346697371e-04 1.172241930193761590e-04 1.168146037817956889e-04 1.165948002778266886e-04 1.164539762712282924e-04 1.163996114029268165e-04 1.161960352061974376e-04 1.159760404694210972e-04 1.159504960057976047e-04 1.159263349013990943e-04 1.158918111332938791e-04 1.162143012927607420e-04 1.162872320574732195e-04 1.163112256127677444e-04 1.164965015874215175e-04 1.166646966377281010e-04 1.169709751741085781e-04 1.172797028267262201e-04 1.173972997686246106e-04 1.174815603641430088e-04 1.169758098552384234e-04 1.162886340437435694e-04 1.159388922393355428e-04 1.156448503569038083e-04 1.146679723410976714e-04 1.144708226676373477e-04
1.174813088652974287e-04 1.174540918532979887e-04 1.170386378806875338e-04 1.168179266504335809e-04 1.166774666894652518e-04 1.166203650430941056e-04 1.164158855183323966e-04 1.161919876517565072e-04 1.161660058818261122e-04 1.161425847567342456e-04 1.161085705847923663e-04 1.164327587680010119e-04 1.165084955474859972e-04 1.165449492063994627e-04 1.167547930966999814e-04 1.169709751741085781e-04 1.173602364053847306e-04 1.177364491039273992e-04 1.178950114083561344e-04 1.179930497765506047e-04 1.174461577765503696e-04 1.166483918738112991e-04 1.161826070429610710e-04 1.158790930273679470e-04 1.148971139207198978e-04 1.147107064233803409e-04
1.177573976372239741e-04 1.177251479594504526e-04 1.173042383993609758e-04 1.170831402215031678e-04 1.169442720752084835e-04 1.168818911476301569e-04 1.166788931806541361e-04 1.164521736914376999e-04 1.164266404786470872e-04 1.164019894464598495e-04 1.163701618997571628e-04 1.166923158425317754e-04 1.167699780229372201e-04 1.168152073608106094e-04 1.170348650633508723e-04 1.172797028267262201e-04 1.177364491039273992e-04 1.182236732248536818e-04 1.184689825420110409e-04 1.186043689591593451e-04 1.180332010561681603e-04 1.171307125410189841e-04 1.164878880264648469e-04 1.161505517485698783e-04 1.151960804985136433e-04 1.150354442581322473e-04
1.178730500875661353e-04 1.178355097978652443e-04 1.174109736816899787e-04 1.171864468255294701e-04 1.170488088400236802e-04 1.169853477843037080e-04 1.167805983937080687e-04 1.165512530153437187e-04 1.165262676555922991e-04 1.165040810513112463e-04 1.164721405719362855e-04 1.167898591536958012e-04 1.168667061027460588e-04 1.169139487747242418e-04 1.171369935702129317e-04 1.173972997686246106e-04 1.178950114083561344e-04 1.184689825420110409e-04 1.188538848410570148e-04 1.190882392685709755e-04 1.185416856597394642e-04 1.175660482256260129e-04 1.167233627008940994e-04 1.163051697999685789e-04 1.153825443696437913e-04 1.152193320605006199e-04
1.180247295456586461e-04 1.179912896671321207e-04 1.175567806862786954e-04 1.173317276891119762e-04 1.171947332819672408e-04 1.171305241923646705e-04 1.169198751640014317e-04 1.166885786928890099e-04 1.166560823856092286e-04 1.166299389401865443e-04 1.165904707470779222e-04 1.168948645548399868e-04 1.169627668111711017e-04 1.169997872150760804e-04 1.172189866132678513e-04 1.174815603641430088e-04 1.179930497765506047e-04 1.186043689591593451e-04 1.190882392685709755e-04 1.195271072523915884e-04 1.191431549301407458e-04 1.181957824389555752e-04 1.171605579440106100e-04 1.165321109304174414e-04 1.156132356793463110e-04 1.154541763645702829e-04
1.177814427504144859e-04 1.177539737114763259e-04 1.173195178433055147e-04 1.170878574097269974e-04 1.169554250644162628e-04 1.168878969702185803e-04 1.166671011412220382e-04 1.164306658101946110e-04 1.163792704295706689e-04 1.163360168115833810e-04 1.162737209009288532e-04 1.165430449699529311e-04 1.165821082451110112e-04 1.165812630276038755e-04 1.167579739813772062e-04 1.169758098552384234e-04 1.174461577765503696e-04 1.180332010561681603e-04 1.185416856597394642e-04 1.191431549301407458e-04 1.191041132911126058e-04 1.184519666577855501e-04 1.173999510922688169e-04 1.164447746180599880e-04 1.154699533896368926e-04 1.153396388609372031e-04
1.175657148021491016e-04 1.175326722742167087e-04 1.171118722719417126e-04 1.168651216829841641e-04 1.167383569974306061e-04 1.166654463616799127e-04 1.164302567054454289e-04 1.161880942694388055e-04 1.161094640200932597e-04 1.160342518694300372e-04 1.159376661059318173e-04 1.161611612575195188e-04 1.161595766108993106e-04 1.160866830283171190e-04 1.161731274011316235e-04 1.162886340437435694e-04 1.166483918738112991e-04 1.171307125410189841e-04 1.175660482256260129e-04 1.181957824389555752e-04 1.184519666577855501e-04 1.184482993501397301e-04 1.177695519517240892e-04 1.166013846664747160e-04 1.154096446839369912e-04 1.153242670727647239e-04
1.173700178465216334e-04 1.173478726248016954e-04 1.169373592202037761e-04 1.166835302970555427e-04 1.165588801204923324e-04 1.164838320199536011e-04 1.162473891102169479e-04 1.160042635214142534e-04 1.159163124349159985e-04 1.158313017908836476e-04 1.157288524322193894e-04 1.159525872659050987e-04 1.159445245426703668e-04 1.158451415718757228e-04 1.158903323632706300e-04 1.159388922393355428e-04 1.161826070429610710e-04 1.164878880264648469e-04 1.167233627008940994e-04 1.171605579440106100e-04 1.173999510922688169e-04 1.177695519517240892e-04 1.179305320771718770e-04 1.171285713254362275e-04 1.155699431674861189e-04 1.153046178344112148e-04
1.170737467607839693e-04 1.170587719235762370e-04 1.166434995429379813e-04 1.164025146735317130e-04 1.162773700936117202e-04 1.162029905769641742e-04 1.159654627551693262e-04 1.157139378198365537e-04 1.156198388428642080e-04 1.155204759344400435e-04 1.154134982717781817e-04 1.156410415657251587e-04 1.156360383670795486e-04 1.155423811578183604e-04 1.155892933066504863e-04 1.156448503569038083e-04 1.158790930273679470e-04 1.161505517485698783e-04 1.163051697999685789e-04 1.165321109304174414e-04 1.164447746180599880e-04 1.166013846664747160e-04 1.171285713254362275e-04 1.173382463624481628e-04 1.158828000565053929e-04 1.151744306327387836e-04
1.161251643718872394e-04 1.160984686030681992e-04 1.156615012284333542e-04 1.154477418598724503e-04 1.153146409917739829e-04 1.152485831410526222e-04 1.150159860902911233e-04 1.147721181628204350e-04 1.146816483211077995e-04 1.145656826334482065e-04 1.144583634952162885e-04 1.146795971603558500e-04 1.146705939535492516e-04 1.145697904666376281e-04 1.146098259901641106e-04 1.146679723410976714e-04 1.148971139207198978e-04 1.151960804985136433e-04 1.153825443696437913e-04 1.156132356793463110e-04 1.154699533896368926e-04 1.154096446839369912e-04 1.155699431674861189e-04 1.158828000565053929e-04 1.154126913340046634e-04 1.146959965144591113e-04
1.159896369080648391e-04 1.159450856101536660e-04 1.155066269468297803e-04 1.152858863715979231e-04 1.151459203910989570e-04 1.150803438733791423e-04 1.148564981436629831e-04 1.146210072553479194e-04 1.145346290887379960e-04 1.144253308536523665e-04 1.143225703359116710e-04 1.145381250979717562e-04 1.145144429061537234e-04 1.143974281564799790e-04 1.144215312407984567e-04 1.144708226676373477e-04 1.147107064233803409e-04 1.150354442581322473e-04 1.152193320605006199e-04 1.154541763645702829e-04 1.153396388609372031e-04 1.153242670727647239e-04 1.153046178344112148e-04 1.151744306327387836e-04 1.146959965144591113e-04 1.149446397076952793e-04
