2.847215775748953410e-04 2.848268935621011701e-04 2.846683560588680645e-04 2.843469056799740420e-04 2.838182958578691541e-04 2.835956178515586365e-04 2.834239903312036398e-04 2.832815581589107198e-04 2.829059141214873433e-04 2.828998506511487261e-04 2.827103147436121769e-04 2.826969184517331567e-04 2.827553327215323316e-04 2.829421937879010931e-04 2.834543004101412484e-04 2.839071502832190468e-04 2.844004805468600366e-04 2.850294166324733786e-04 2.852480721580570805e-04 2.850191352181950018e-04 2.844369160747137518e-04 2.834194879509141897e-04 2.831169064197280438e-04 2.834009877132453981e-04 2.839735212855743580e-04 2.847702389638947324e-04
2.848268935621011701e-04 2.849989952746990931e-04 2.848237157474987251e-04 2.845061623314533092e-04 2.839784987601852223e-04 2.837560383669282581e-04 2.835838014026487901e-04 2.834437346534083419e-04 2.830689543099401337e-04 2.830647803140400260e-04 2.828782073665343419e-04 2.828706949068514700e-04 2.829338054334213162e-04 2.831236578053368189e-04 2.836399287320498421e-04 2.840946411524302275e-04 2.845954242686722321e-04 2.852338990657278701e-04 2.854585440598227911e-04 2.852164777104854014e-04 2.846106347972858909e-04 2.835766817647731729e-04 2.832690802212129745e-04 2.835729600394662746e-04 2.841465770823066233e-04 2.849433065762266575e-04
2.846683560588680645e-04 2.848237157474987251e-04 2.846924034766863784e-04 2.843652872315588693e-04 2.838362060594278600e-04 2.836154644116256661e-04 2.834399312879990504e-04 2.833000332576554744e-04 2.829237655113438503e-04 2.829193185157686304e-04 2.827340877333049218e-04 2.827266727206159376e-04 2.827864498837649385e-04 2.829724525580657704e-04 2.834866897004908407e-04 2.839401722667487128e-04 2.844353874827197214e-04 2.850669838804949772e-04 2.852877879719506633e-04 2.850507700362917463e-04 2.844523512183722361e-04 2.834304624196237396e-04 2.831330109611642420e-04 2.834262055756521840e-04 2.840044700928707989e-04 2.847943429457397294e-04
2.843469056799740420e-04 2.845061623314533092e-04 2.843652872315588693e-04 2.840753077386811158e-04 2.835392799830010547e-04 2.833183589806564126e-04 2.831426998406486560e-04 2.830045607663002599e-04 2.826311644050611099e-04 2.826261706363488693e-04 2.824427744053043042e-04 2.824372331798315292e-04 2.824995903830022719e-04 2.826857399201417259e-04 2.831963170014622339e-04 2.836456826170128949e-04 2.841367558753544868e-04 2.847683941688961126e-04 2.849915245026350729e-04 2.847538090328618110e-04 2.841568800788852375e-04 2.831207603968417244e-04 2.828069036640780041e-04 2.831062966620657181e-04 2.836881580674612316e-04 2.844797565505171916e-04
2.838182958578691541e-04 2.839784987601852223e-04 2.838362060594278600e-04 2.835392799830010547e-04 2.830303153790133023e-04 2.828071811487556006e-04 2.826315963327601750e-04 2.824955698161674069e-04 2.821262169804954222e-04 2.821229671866357330e-04 2.819416290360178437e-04 2.819397764158720638e-04 2.820038253809926823e-04 2.821922315241862816e-04 2.827038138140469475e-04 2.831533684507543539e-04 2.836470816079701002e-04 2.842806155128210321e-04 2.845024354338974971e-04 2.842633719475914727e-04 2.836523823771104581e-04 2.826075197264028512e-04 2.822966733713953413e-04 2.825939139277353941e-04 2.831822967530928971e-04 2.839859421452901682e-04
2.835956178515586365e-04 2.837560383669282581e-04 2.836154644116256661e-04 2.833183589806564126e-04 2.828071811487556006e-04 2.826047972523991285e-04 2.824269007069395436e-04 2.822941809767237783e-04 2.819265976397195570e-04 2.819246441573707474e-04 2.817449391340956359e-04 2.817439093835045778e-04 2.818082398493299413e-04 2.819959563164635722e-04 2.825036571623003008e-04 2.829498088800657968e-04 2.834373447087018398e-04 2.840656418756499742e-04 2.842848689103163020e-04 2.840460863720107101e-04 2.834315870181834153e-04 2.823849231138578675e-04 2.820755185716294976e-04 2.823751760843735015e-04 2.829570476229962260e-04 2.837620129570831177e-04
2.834239903312036398e-04 2.835838014026487901e-04 2.834399312879990504e-04 2.831426998406486560e-04 2.826315963327601750e-04 2.824269007069395436e-04 2.822675796323778478e-04 2.821372819382344361e-04 2.817742497612668877e-04 2.817747122345296983e-04 2.815977193439742738e-04 2.815991280364484126e-04 2.816676512640736338e-04 2.818589537730431939e-04 2.823673501447213790e-04 2.828148439287947328e-04 2.833035607185977411e-04 2.839331854815502513e-04 2.841503655599341522e-04 2.839043309457775889e-04 2.832792584120684865e-04 2.822264355363638148e-04 2.819128509023124713e-04 2.822070277065661845e-04 2.827843221305036494e-04 2.835905285819649417e-04
2.832815581589107198e-04 2.834437346534083419e-04 2.833000332576554744e-04 2.830045607663002599e-04 2.824955698161674069e-04 2.822941809767237783e-04 2.821372819382344361e-04 2.820255262766647010e-04 2.816675407565707458e-04 2.816695889538667580e-04 2.814960886793520592e-04 2.815013107754465289e-04 2.815742492483998445e-04 2.817682594133273568e-04 2.822769049943874052e-04 2.827248148475809968e-04 2.832154808750082884e-04 2.838425471376965561e-04 2.840564291362939159e-04 2.838066599748874570e-04 2.831723523434233098e-04 2.821016034635411159e-04 2.817745911811986022e-04 2.820590350665206822e-04 2.826497555708634138e-04 2.834622038678611278e-04
2.829059141214873433e-04 2.830689543099401337e-04 2.829237655113438503e-04 2.826311644050611099e-04 2.821262169804954222e-04 2.819265976397195570e-04 2.817742497612668877e-04 2.816675407565707458e-04 2.813301096790109279e-04 2.813391507329471449e-04 2.811717386593509519e-04 2.811823714506405292e-04 2.812614255311583138e-04 2.814604598224841039e-04 2.819725030015602881e-04 2.824225926934697704e-04 2.829152564357079657e-04 2.835423607674500564e-04 2.837552757236789787e-04 2.834980447300571439e-04 2.828425821644529837e-04 2.817415838378931362e-04 2.813945751638473455e-04 2.816704125228256103e-04 2.822791349809858873e-04 2.830962780809635716e-04
2.828998506511487261e-04 2.830647803140400260e-04 2.829193185157686304e-04 2.826261706363488693e-04 2.821229671866357330e-04 2.819246441573707474e-04 2.817747122345296983e-04 2.816695889538667580e-04 2.813391507329471449e-04 2.813640696886099564e-04 2.812048120849076883e-04 2.812227408156455074e-04 2.813103543571319099e-04 2.815146676391304652e-04 2.820286726523417897e-04 2.824767942630805281e-04 2.829675912479467773e-04 2.835930529625747083e-04 2.838055422596038485e-04 2.835423560029822648e-04 2.828696357179897431e-04 2.817462250407388471e-04 2.813902470961131708e-04 2.816562022517691264e-04 2.822712645676688338e-04 2.830967839209729909e-04
2.827103147436121769e-04 2.828782073665343419e-04 2.827340877333049218e-04 2.824427744053043042e-04 2.819416290360178437e-04 2.817449391340956359e-04 2.815977193439742738e-04 2.814960886793520592e-04 2.811717386593509519e-04 2.812048120849076883e-04 2.810672840861167974e-04 2.810977765451014515e-04 2.811973959841079828e-04 2.814114186171755034e-04 2.819309864406963312e-04 2.823793851855470609e-04 2.828697501622317494e-04 2.834945834477035280e-04 2.836996662722291156e-04 2.834265945404578608e-04 2.827318776767099424e-04 2.815791062774785259e-04 2.812140788109230736e-04 2.814734649656558418e-04 2.820980781616615456e-04 2.829171109027146802e-04
2.826969184517331567e-04 2.828706949068514700e-04 2.827266727206159376e-04 2.824372331798315292e-04 2.819397764158720638e-04 2.817439093835045778e-04 2.815991280364484126e-04 2.815013107754465289e-04 2.811823714506405292e-04 2.812227408156455074e-04 2.810977765451014515e-04 2.811521295059716012e-04 2.812686850685552063e-04 2.814962594244223770e-04 2.820247914083024126e-04 2.824779712705173551e-04 2.829727147194067462e-04 2.836013300203039152e-04 2.838032415773008676e-04 2.835229034949410536e-04 2.827980368342007406e-04 2.816003608316360691e-04 2.812098726838927441e-04 2.814536141158289128e-04 2.820987639121989008e-04 2.829216540088212175e-04
2.827553327215323316e-04 2.829338054334213162e-04 2.827864498837649385e-04 2.824995903830022719e-04 2.820038253809926823e-04 2.818082398493299413e-04 2.816676512640736338e-04 2.815742492483998445e-04 2.812614255311583138e-04 2.813103543571319099e-04 2.811973959841079828e-04 2.812686850685552063e-04 2.814174769892331110e-04 2.816700562052766306e-04 2.822151606708600199e-04 2.826772805394033440e-04 2.831790298538329953e-04 2.838070041262166364e-04 2.840007801168273837e-04 2.837066704564329364e-04 2.829482165632656271e-04 2.816930737766331467e-04 2.812735520153870298e-04 2.815062024802429111e-04 2.821828667960919507e-04 2.830138090675514894e-04
2.829421937879010931e-04 2.831236578053368189e-04 2.829724525580657704e-04 2.826857399201417259e-04 2.821922315241862816e-04 2.819959563164635722e-04 2.818589537730431939e-04 2.817682594133273568e-04 2.814604598224841039e-04 2.815146676391304652e-04 2.814114186171755034e-04 2.814962594244223770e-04 2.816700562052766306e-04 2.819663685192907434e-04 2.825471149584219224e-04 2.830327132936235040e-04 2.835505765679689131e-04 2.841864958668106856e-04 2.843750645338974457e-04 2.840639457021119246e-04 2.832651166619481065e-04 2.819366688613499788e-04 2.814791262562219552e-04 2.817000182930517690e-04 2.824093923157544399e-04 2.832401343167853199e-04
2.834543004101412484e-04 2.836399287320498421e-04 2.834866897004908407e-04 2.831963170014622339e-04 2.827038138140469475e-04 2.825036571623003008e-04 2.823673501447213790e-04 2.822769049943874052e-04 2.819725030015602881e-04 2.820286726523417897e-04 2.819309864406963312e-04 2.820247914083024126e-04 2.822151606708600199e-04 2.825471149584219224e-04 2.831878012518175103e-04 2.837213402492138573e-04 2.842715553569689110e-04 2.849216689623002051e-04 2.851110422396139891e-04 2.847801530885797302e-04 2.839387034485781058e-04 2.825291075145367208e-04 2.820280515077202665e-04 2.822341433750916607e-04 2.829854843126367362e-04 2.838268725830230248e-04
2.839071502832190468e-04 2.840946411524302275e-04 2.839401722667487128e-04 2.836456826170128949e-04 2.831533684507543539e-04 2.829498088800657968e-04 2.828148439287947328e-04 2.827248148475809968e-04 2.824225926934697704e-04 2.824767942630805281e-04 2.823793851855470609e-04 2.824779712705173551e-04 2.826772805394033440e-04 2.830327132936235040e-04 2.837213402492138573e-04 2.843299618492699308e-04 2.849417753350405092e-04 2.856243905842537978e-04 2.858227411206587412e-04 2.854772785561431763e-04 2.845870022963201888e-04 2.830765772849198978e-04 2.825171013158940753e-04 2.827226019212207737e-04 2.835047874958253463e-04 2.843438526741970894e-04
2.844004805468600366e-04 2.845954242686722321e-04 2.844353874827197214e-04 2.841367558753544868e-04 2.836470816079701002e-04 2.834373447087018398e-04 2.833035607185977411e-04 2.832154808750082884e-04 2.829152564357079657e-04 2.829675912479467773e-04 2.828697501622317494e-04 2.829727147194067462e-04 2.831790298538329953e-04 2.835505765679689131e-04 2.842715553569689110e-04 2.849417753350405092e-04 2.856525341822414182e-04 2.864077063282097040e-04 2.866464922463597144e-04 2.863075538692959896e-04 2.853845663944969678e-04 2.837561341006493930e-04 2.830937259687110849e-04 2.832878748041083440e-04 2.840903539496414322e-04 2.849128746477791831e-04
2.850294166324733786e-04 2.852338990657278701e-04 2.850669838804949772e-04 2.847683941688961126e-04 2.842806155128210321e-04 2.840656418756499742e-04 2.839331854815502513e-04 2.838425471376965561e-04 2.835423607674500564e-04 2.835930529625747083e-04 2.834945834477035280e-04 2.836013300203039152e-04 2.838070041262166364e-04 2.841864958668106856e-04 2.849216689623002051e-04 2.856243905842537978e-04 2.864077063282097040e-04 2.872872840683719634e-04 2.876227169348574198e-04 2.873261055218500671e-04 2.863959732802831885e-04 2.846744359492327735e-04 2.838719827489591353e-04 2.840332709056280045e-04 2.848401784168688071e-04 2.856320067486848007e-04
2.852480721580570805e-04 2.854585440598227911e-04 2.852877879719506633e-04 2.849915245026350729e-04 2.845024354338974971e-04 2.842848689103163020e-04 2.841503655599341522e-04 2.840564291362939159e-04 2.837552757236789787e-04 2.838055422596038485e-04 2.836996662722291156e-04 2.838032415773008676e-04 2.840007801168273837e-04 2.843750645338974457e-04 2.851110422396139891e-04 2.858227411206587412e-04 2.866464922463597144e-04 2.876227169348574198e-04 2.881271254154395907e-04 2.879604211702196589e-04 2.870740220805983187e-04 2.852951873200254562e-04 2.843000036724961438e-04 2.843445897643460431e-04 2.851254335444595067e-04 2.859396712194295668e-04
2.850191352181950018e-04 2.852164777104854014e-04 2.850507700362917463e-04 2.847538090328618110e-04 2.842633719475914727e-04 2.840460863720107101e-04 2.839043309457775889e-04 2.838066599748874570e-04 2.834980447300571439e-04 2.835423560029822648e-04 2.834265945404578608e-04 2.835229034949410536e-04 2.837066704564329364e-04 2.840639457021119246e-04 2.847801530885797302e-04 2.854772785561431763e-04 2.863075538692959896e-04 2.873261055218500671e-04 2.879604211702196589e-04 2.880353674652204321e-04 2.873238567739498824e-04 2.855764187934302237e-04 2.843678517843500810e-04 2.841978976258687384e-04 2.849496121637871623e-04 2.857734282281787909e-04
2.844369160747137518e-04 2.846106347972858909e-04 2.844523512183722361e-04 2.841568800788852375e-04 2.836523823771104581e-04 2.834315870181834153e-04 2.832792584120684865e-04 2.831723523434233098e-04 2.828425821644529837e-04 2.828696357179897431e-04 2.827318776767099424e-04 2.827980368342007406e-04 2.829482165632656271e-04 2.832651166619481065e-04 2.839387034485781058e-04 2.845870022963201888e-04 2.853845663944969678e-04 2.863959732802831885e-04 2.870740220805983187e-04 2.873238567739498824e-04 2.869829623692741398e-04 2.855067716451734181e-04 2.842347771312625157e-04 2.838061637418489097e-04 2.844406464195391605e-04 2.852622896449959699e-04
2.834194879509141897e-04 2.835766817647731729e-04 2.834304624196237396e-04 2.831207603968417244e-04 2.826075197264028512e-04 2.823849231138578675e-04 2.822264355363638148e-04 2.821016034635411159e-04 2.817415838378931362e-04 2.817462250407388471e-04 2.815791062774785259e-04 2.816003608316360691e-04 2.816930737766331467e-04 2.819366688613499788e-04 2.825291075145367208e-04 2.830765772849198978e-04 2.837561341006493930e-04 2.846744359492327735e-04 2.852951873200254562e-04 2.855764187934302237e-04 2.855067716451734181e-04 2.846838017322448678e-04 2.838399182273365910e-04 2.833157257560554258e-04 2.835631992935532539e-04 2.843428615714779350e-04
2.831169064197280438e-04 2.832690802212129745e-04 2.831330109611642420e-04 2.828069036640780041e-04 2.822966733713953413e-04 2.820755185716294976e-04 2.819128509023124713e-04 2.817745911811986022e-04 2.813945751638473455e-04 2.813902470961131708e-04 2.812140788109230736e-04 2.812098726838927441e-04 2.812735520153870298e-04 2.814791262562219552e-04 2.820280515077202665e-04 2.825171013158940753e-04 2.830937259687110849e-04 2.838719827489591353e-04 2.843000036724961438e-04 2.843678517843500810e-04 2.842347771312625157e-04 2.838399182273365910e-04 2.838912252105404662e-04 2.838353811318448570e-04 2.836315357308174644e-04 2.841812769513649942e-04
2.834009877132453981e-04 2.835729600394662746e-04 2.834262055756521840e-04 2.831062966620657181e-04 2.825939139277353941e-04 2.823751760843735015e-04 2.822070277065661845e-04 2.820590350665206822e-04 2.816704125228256103e-04 2.816562022517691264e-04 2.814734649656558418e-04 2.814536141158289128e-04 2.815062024802429111e-04 2.817000182930517690e-04 2.822341433750916607e-04 2.827226019212207737e-04 2.832878748041083440e-04 2.840332709056280045e-04 2.843445897643460431e-04 2.841978976258687384e-04 2.838061637418489097e-04 2.833157257560554258e-04 2.838353811318448570e-04 2.848134567162908430e-04 2.846841183438025857e-04 2.847728611036942940e-04
2.839735212855743580e-04 2.841465770823066233e-04 2.840044700928707989e-04 2.836881580674612316e-04 2.831822967530928971e-04 2.829570476229962260e-04 2.827843221305036494e-04 2.826497555708634138e-04 2.822791349809858873e-04 2.822712645676688338e-04 2.820980781616615456e-04 2.820987639121989008e-04 2.821828667960919507e-04 2.824093923157544399e-04 2.829854843126367362e-04 2.835047874958253463e-04 2.840903539496414322e-04 2.848401784168688071e-04 2.851254335444595067e-04 2.849496121637871623e-04 2.844406464195391605e-04 2.835631992935532539e-04 2.836315357308174644e-04 2.846841183438025857e-04 2.858159101802691259e-04 2.859711829720416962e-04
2.847702389638947324e-04 2.849433065762266575e-04 2.847943429457397294e-04 2.844797565505171916e-04 2.839859421452901682e-04 2.837620129570831177e-04 2.835905285819649417e-04 2.834622038678611278e-04 2.830962780809635716e-04 2.830967839209729909e-04 2.829171109027146802e-04 2.829216540088212175e-04 2.830138090675514894e-04 2.832401343167853199e-04 2.838268725830230248e-04 2.843438526741970894e-04 2.849128746477791831e-04 2.856320067486848007e-04 2.859396712194295668e-04 2.857734282281787909e-04 2.852622896449959699e-04 2.843428615714779350e-04 2.841812769513649942e-04 2.847728611036942940e-04 2.859711829720416962e-04 2.872370214502968080e-04
