5.943510801403276578e-04 5.909958888916902638e-04 5.873819976101533327e-04 5.855429548572917446e-04 5.836171522526295910e-04 5.819219547758587444e-04 5.806370191133373819e-04 5.796962732299797529e-04 5.789655594925184742e-04 5.777521185348405332e-04 5.770493107351499021e-04 5.765421552525341192e-04 5.761582952510279536e-04 5.761604623061597572e-04 5.758492795428738972e-04 5.755223030286296107e-04 5.748267621080756099e-04 5.739317729026512408e-04 5.732112217909194089e-04 5.725571216651368549e-04 5.727840257087975142e-04 5.748046999443996892e-04 5.775506204911902463e-04 5.768728339640434143e-04 5.745777804890915942e-04 5.752239044818194431e-04
5.909958888916902638e-04 5.877675248551122783e-04 5.841477564499747378e-04 5.823243183280565720e-04 5.804113007520600529e-04 5.787296313467435969e-04 5.774506962839839972e-04 5.765151984131367154e-04 5.757890647379098562e-04 5.745890028451565348e-04 5.738901120144839201e-04 5.733898014750332542e-04 5.730114619984079611e-04 5.730149926222626510e-04 5.727134793302555852e-04 5.724030031929749386e-04 5.717239395723467928e-04 5.708488536610310717e-04 5.701373760689860308e-04 5.694920133658430477e-04 5.697444553964852365e-04 5.717722844092480109e-04 5.745014988685347461e-04 5.737825610954704362e-04 5.714660331091077610e-04 5.721109422091350634e-04
5.873819976101533327e-04 5.841477564499747378e-04 5.806106374801168297e-04 5.787786522555393547e-04 5.768770847206325814e-04 5.752046031492844816e-04 5.739369730641863442e-04 5.730066455576869871e-04 5.722820391660091068e-04 5.710871345645151999e-04 5.703918465660450833e-04 5.698930614714711696e-04 5.695166306022075506e-04 5.695203521211254522e-04 5.692158802053408828e-04 5.689085109768320494e-04 5.682345894883239663e-04 5.673668163038605820e-04 5.666648546380653219e-04 5.660235000503382932e-04 5.662609897569563684e-04 5.682655720299471542e-04 5.709898267860591490e-04 5.703185629393787027e-04 5.680120011962594634e-04 5.686690618332411636e-04
5.855429548572917446e-04 5.823243183280565720e-04 5.787786522555393547e-04 5.770039087085208429e-04 5.750955261094422210e-04 5.734299832977595964e-04 5.721671284185240233e-04 5.712400679211723613e-04 5.705190375904159320e-04 5.693287063772554295e-04 5.686350022421995422e-04 5.681397293775728276e-04 5.677667332211789068e-04 5.677740709676582388e-04 5.674773007720879418e-04 5.671759004000222855e-04 5.665093450468752746e-04 5.656513884170034446e-04 5.649540547503215712e-04 5.643086499763241923e-04 5.645259721080009415e-04 5.664863416071859491e-04 5.691709563746808658e-04 5.685097591189242159e-04 5.662667336033948848e-04 5.669053108952019785e-04
5.836171522526295910e-04 5.804113007520600529e-04 5.768770847206325814e-04 5.750955261094422210e-04 5.732321284564668344e-04 5.715665072199236372e-04 5.703087601169037207e-04 5.693868311607064086e-04 5.686723454443900995e-04 5.674892749088233674e-04 5.668011534501326155e-04 5.663094250014833082e-04 5.659424646408600179e-04 5.659520352280218800e-04 5.656580472224882056e-04 5.653609355165586372e-04 5.646884276104009032e-04 5.638277789474997444e-04 5.631263691574307003e-04 5.624794948283249685e-04 5.626970184812963779e-04 5.646507899476327884e-04 5.673230917292691484e-04 5.666576539737936628e-04 5.644050463079728925e-04 5.650597428757883622e-04
5.819219547758587444e-04 5.787296313467435969e-04 5.752046031492844816e-04 5.734299832977595964e-04 5.715665072199236372e-04 5.699312557345654435e-04 5.686755686456958919e-04 5.677597437934013645e-04 5.670508997081094875e-04 5.658760077699244483e-04 5.651940055027404987e-04 5.647102266739005214e-04 5.643516482661143372e-04 5.643693829764799596e-04 5.640849490132272305e-04 5.637971873350527399e-04 5.631333199847527284e-04 5.622793753122887900e-04 5.615801324895404976e-04 5.609318252419293440e-04 5.611358764950428188e-04 5.630575468482698458e-04 5.657039263004477779e-04 5.650400568328974894e-04 5.628265178102714351e-04 5.634830389261251665e-04
5.806370191133373819e-04 5.774506962839839972e-04 5.739369730641863442e-04 5.721671284185240233e-04 5.703087601169037207e-04 5.686755686456958919e-04 5.674503930490557013e-04 5.665414019852166479e-04 5.658369031280780816e-04 5.646664222681732452e-04 5.639901962259524781e-04 5.635134903236184824e-04 5.631624038757561618e-04 5.631879719194479586e-04 5.629122038659762316e-04 5.626316435039288143e-04 5.619735352957573810e-04 5.611272504211755729e-04 5.604356834608045226e-04 5.597876945015043326e-04 5.599717654680808846e-04 5.618535978895479455e-04 5.644779902837244578e-04 5.638362600251533869e-04 5.616528218700846250e-04 5.623020918071811990e-04
5.796962732299797529e-04 5.765151984131367154e-04 5.730066455576869871e-04 5.712400679211723613e-04 5.693868311607064086e-04 5.677597437934013645e-04 5.665414019852166479e-04 5.656545171427521937e-04 5.649551350901355984e-04 5.637910387279093443e-04 5.631222201205809356e-04 5.626549857082631650e-04 5.623127108240806192e-04 5.623465815126045889e-04 5.620777204645416693e-04 5.618067272285929723e-04 5.611590493475454577e-04 5.603223594541152696e-04 5.596357865828829794e-04 5.589837775553258828e-04 5.591458365099789482e-04 5.609863624237724968e-04 5.635872299837831534e-04 5.629393502071963979e-04 5.607739293653078889e-04 5.614439055184599226e-04
5.789655594925184742e-04 5.757890647379098562e-04 5.722820391660091068e-04 5.705190375904159320e-04 5.686723454443900995e-04 5.670508997081094875e-04 5.658369031280780816e-04 5.649551350901355984e-04 5.642775873511817614e-04 5.631221292165374199e-04 5.624612168543513101e-04 5.620022360474137427e-04 5.616696281632924245e-04 5.617112551252468862e-04 5.614508751075990289e-04 5.611892577119941298e-04 5.605481172687236087e-04 5.597188744449832845e-04 5.590317503574104103e-04 5.583711384762072780e-04 5.585139862304684504e-04 5.603177180332284246e-04 5.628863239567075604e-04 5.622359843156476663e-04 5.600956956920772256e-04 5.607660236841470686e-04
5.777521185348405332e-04 5.745890028451565348e-04 5.710871345645151999e-04 5.693287063772554295e-04 5.674892749088233674e-04 5.658760077699244483e-04 5.646664222681732452e-04 5.637910387279093443e-04 5.631221292165374199e-04 5.619928722355228314e-04 5.613462375720167487e-04 5.609017111719705314e-04 5.605844702773808783e-04 5.606426682546355230e-04 5.603955028553362456e-04 5.601429898346946962e-04 5.595086783891509629e-04 5.586835511754921057e-04 5.579948157305346856e-04 5.573180441564640816e-04 5.574214741493568230e-04 5.591693686337366942e-04 5.617089336508903881e-04 5.610877308336742215e-04 5.590069674562626921e-04 5.596711478136195007e-04
5.770493107351499021e-04 5.738901120144839201e-04 5.703918465660450833e-04 5.686350022421995422e-04 5.668011534501326155e-04 5.651940055027404987e-04 5.639901962259524781e-04 5.631222201205809356e-04 5.624612168543513101e-04 5.613462375720167487e-04 5.607306373800479988e-04 5.603077765759242402e-04 5.600092118067335947e-04 5.600860533295431510e-04 5.598539652894211167e-04 5.596142169501413903e-04 5.589896957866986264e-04 5.581703849003830271e-04 5.574790938086526251e-04 5.567870035211667503e-04 5.568497632674520572e-04 5.585248378993361990e-04 5.610172310539902028e-04 5.603924666792891229e-04 5.583436778819724422e-04 5.590152822473920709e-04
5.765421552525341192e-04 5.733898014750332542e-04 5.698930614714711696e-04 5.681397293775728276e-04 5.663094250014833082e-04 5.647102266739005214e-04 5.635134903236184824e-04 5.626549857082631650e-04 5.620022360474137427e-04 5.609017111719705314e-04 5.603077765759242402e-04 5.599252001858823734e-04 5.596570997217033055e-04 5.597648396384003952e-04 5.595580948940269200e-04 5.593407965623773325e-04 5.587352226667163194e-04 5.579345972512764857e-04 5.572426242262199783e-04 5.565238600560597475e-04 5.565305713472192776e-04 5.581001696651409450e-04 5.605205928482812159e-04 5.599045228173735525e-04 5.579038035757968340e-04 5.585955387296718221e-04
5.761582952510279536e-04 5.730114619984079611e-04 5.695166306022075506e-04 5.677667332211789068e-04 5.659424646408600179e-04 5.643516482661143372e-04 5.631624038757561618e-04 5.623127108240806192e-04 5.616696281632924245e-04 5.605844702773808783e-04 5.600092118067335947e-04 5.596570997217033055e-04 5.594375920867564449e-04 5.595871485595830998e-04 5.594152213402180281e-04 5.592283096485197629e-04 5.586455918458342520e-04 5.578682490534060375e-04 5.571802312748154896e-04 5.564416112156741773e-04 5.563996268142967121e-04 5.578674289996941437e-04 5.602171356958588529e-04 5.596026217730221478e-04 5.576520043734513148e-04 5.583343789277248753e-04
5.761604623061597572e-04 5.730149926222626510e-04 5.695203521211254522e-04 5.677740709676582388e-04 5.659520352280218800e-04 5.643693829764799596e-04 5.631879719194479586e-04 5.623465815126045889e-04 5.617112551252468862e-04 5.606426682546355230e-04 5.600860533295431510e-04 5.597648396384003952e-04 5.595871485595830998e-04 5.598006971046034803e-04 5.596829489718060154e-04 5.595443615980326933e-04 5.589971558139598127e-04 5.582495034553943726e-04 5.575724086649237266e-04 5.568109728697009540e-04 5.566894894541622816e-04 5.580120194404375239e-04 5.602707880405555273e-04 5.596922004875479846e-04 5.578285396877026353e-04 5.585026496806976947e-04
5.758492795428738972e-04 5.727134793302555852e-04 5.692158802053408828e-04 5.674773007720879418e-04 5.656580472224882056e-04 5.640849490132272305e-04 5.629122038659762316e-04 5.620777204645416693e-04 5.614508751075990289e-04 5.603955028553362456e-04 5.598539652894211167e-04 5.595580948940269200e-04 5.594152213402180281e-04 5.596829489718060154e-04 5.596439851488792163e-04 5.595823817863178210e-04 5.590939181162795984e-04 5.583940730428986953e-04 5.577401964104085905e-04 5.569573125802470192e-04 5.567480115018745698e-04 5.578962815155507791e-04 5.600338033301865883e-04 5.594833094324734015e-04 5.576836087686306729e-04 5.583404179770594822e-04
5.755223030286296107e-04 5.724030031929749386e-04 5.689085109768320494e-04 5.671759004000222855e-04 5.653609355165586372e-04 5.637971873350527399e-04 5.626316435039288143e-04 5.618067272285929723e-04 5.611892577119941298e-04 5.601429898346946962e-04 5.596142169501413903e-04 5.593407965623773325e-04 5.592283096485197629e-04 5.595443615980326933e-04 5.595823817863178210e-04 5.596397277743469850e-04 5.592571149650588103e-04 5.586474530020311838e-04 5.580489364518384987e-04 5.572566611749146283e-04 5.569437281321233451e-04 5.578489988659989223e-04 5.597871916907272687e-04 5.592553553602243582e-04 5.575517034698621033e-04 5.582225217859299298e-04
5.748267621080756099e-04 5.717239395723467928e-04 5.682345894883239663e-04 5.665093450468752746e-04 5.646884276104009032e-04 5.631333199847527284e-04 5.619735352957573810e-04 5.611590493475454577e-04 5.605481172687236087e-04 5.595086783891509629e-04 5.589896957866986264e-04 5.587352226667163194e-04 5.586455918458342520e-04 5.589971558139598127e-04 5.590939181162795984e-04 5.592571149650588103e-04 5.590322202994920785e-04 5.585649324142653730e-04 5.580538734633424310e-04 5.572657341331673821e-04 5.568379730059696544e-04 5.574575415593480653e-04 5.591337189157621684e-04 5.586021254270434827e-04 5.569924348679028327e-04 5.577285341361913965e-04
5.739317729026512408e-04 5.708488536610310717e-04 5.673668163038605820e-04 5.656513884170034446e-04 5.638277789474997444e-04 5.622793753122887900e-04 5.611272504211755729e-04 5.603223594541152696e-04 5.597188744449832845e-04 5.586835511754921057e-04 5.581703849003830271e-04 5.579345972512764857e-04 5.578682490534060375e-04 5.582495034553943726e-04 5.583940730428986953e-04 5.586474530020311838e-04 5.585649324142653730e-04 5.583079558110525583e-04 5.579635290674152823e-04 5.572339215485382947e-04 5.567394344649560876e-04 5.570792274657838765e-04 5.584135023657118635e-04 5.578347895280728018e-04 5.563527795112908859e-04 5.571062198621169314e-04
5.732112217909194089e-04 5.701373760689860308e-04 5.666648546380653219e-04 5.649540547503215712e-04 5.631263691574307003e-04 5.615801324895404976e-04 5.604356834608045226e-04 5.596357865828829794e-04 5.590317503574104103e-04 5.579948157305346856e-04 5.574790938086526251e-04 5.572426242262199783e-04 5.571802312748154896e-04 5.575724086649237266e-04 5.577401964104085905e-04 5.580489364518384987e-04 5.580538734633424310e-04 5.579635290674152823e-04 5.578885253782141142e-04 5.573566540333413279e-04 5.569189593328371241e-04 5.571060419215955644e-04 5.580936912932644512e-04 5.573389092290160747e-04 5.558714433530257239e-04 5.565814713947056080e-04
5.725571216651368549e-04 5.694920133658430477e-04 5.660235000503382932e-04 5.643086499763241923e-04 5.624794948283249685e-04 5.609318252419293440e-04 5.597876945015043326e-04 5.589837775553258828e-04 5.583711384762072780e-04 5.573180441564640816e-04 5.567870035211667503e-04 5.565238600560597475e-04 5.564416112156741773e-04 5.568109728697009540e-04 5.569573125802470192e-04 5.572566611749146283e-04 5.572657341331673821e-04 5.572339215485382947e-04 5.573566540333413279e-04 5.571660504028518122e-04 5.570220541636896000e-04 5.573242222210615313e-04 5.580978717467596512e-04 5.569904466794359981e-04 5.553770680934437716e-04 5.559967800813360147e-04
5.727840257087975142e-04 5.697444553964852365e-04 5.662609897569563684e-04 5.645259721080009415e-04 5.626970184812963779e-04 5.611358764950428188e-04 5.599717654680808846e-04 5.591458365099789482e-04 5.585139862304684504e-04 5.574214741493568230e-04 5.568497632674520572e-04 5.565305713472192776e-04 5.563996268142967121e-04 5.566894894541622816e-04 5.567480115018745698e-04 5.569437281321233451e-04 5.568379730059696544e-04 5.567394344649560876e-04 5.569189593328371241e-04 5.570220541636896000e-04 5.574813082635474712e-04 5.584178931242225448e-04 5.593726317317482223e-04 5.577769671300045065e-04 5.557119906387814751e-04 5.561749291766748295e-04
5.748046999443996892e-04 5.717722844092480109e-04 5.682655720299471542e-04 5.664863416071859491e-04 5.646507899476327884e-04 5.630575468482698458e-04 5.618535978895479455e-04 5.609863624237724968e-04 5.603177180332284246e-04 5.591693686337366942e-04 5.585248378993361990e-04 5.581001696651409450e-04 5.578674289996941437e-04 5.580120194404375239e-04 5.578962815155507791e-04 5.578489988659989223e-04 5.574575415593480653e-04 5.570792274657838765e-04 5.571060419215955644e-04 5.573242222210615313e-04 5.584178931242225448e-04 5.607119793659677510e-04 5.627104137662143363e-04 5.607753523315966342e-04 5.577867985189345710e-04 5.580618200933982424e-04
5.775506204911902463e-04 5.745014988685347461e-04 5.709898267860591490e-04 5.691709563746808658e-04 5.673230917292691484e-04 5.657039263004477779e-04 5.644779902837244578e-04 5.635872299837831534e-04 5.628863239567075604e-04 5.617089336508903881e-04 5.610172310539902028e-04 5.605205928482812159e-04 5.602171356958588529e-04 5.602707880405555273e-04 5.600338033301865883e-04 5.597871916907272687e-04 5.591337189157621684e-04 5.584135023657118635e-04 5.580936912932644512e-04 5.580978717467596512e-04 5.593726317317482223e-04 5.627104137662143363e-04 5.664251126262329506e-04 5.650760693535851259e-04 5.610638075643770151e-04 5.609682463388844173e-04
5.768728339640434143e-04 5.737825610954704362e-04 5.703185629393787027e-04 5.685097591189242159e-04 5.666576539737936628e-04 5.650400568328974894e-04 5.638362600251533869e-04 5.629393502071963979e-04 5.622359843156476663e-04 5.610877308336742215e-04 5.603924666792891229e-04 5.599045228173735525e-04 5.596026217730221478e-04 5.596922004875479846e-04 5.594833094324734015e-04 5.592553553602243582e-04 5.586021254270434827e-04 5.578347895280728018e-04 5.573389092290160747e-04 5.569904466794359981e-04 5.577769671300045065e-04 5.607753523315966342e-04 5.650760693535851259e-04 5.654855362421338247e-04 5.619660646692728728e-04 5.611974976175538666e-04
5.745777804890915942e-04 5.714660331091077610e-04 5.680120011962594634e-04 5.662667336033948848e-04 5.644050463079728925e-04 5.628265178102714351e-04 5.616528218700846250e-04 5.607739293653078889e-04 5.600956956920772256e-04 5.590069674562626921e-04 5.583436778819724422e-04 5.579038035757968340e-04 5.576520043734513148e-04 5.578285396877026353e-04 5.576836087686306729e-04 5.575517034698621033e-04 5.569924348679028327e-04 5.563527795112908859e-04 5.558714433530257239e-04 5.553770680934437716e-04 5.557119906387814751e-04 5.577867985189345710e-04 5.610638075643770151e-04 5.619660646692728728e-04 5.608629516776228539e-04 5.602347899575700098e-04
5.752239044818194431e-04 5.721109422091350634e-04 5.686690618332411636e-04 5.669053108952019785e-04 5.650597428757883622e-04 5.634830389261251665e-04 5.623020918071811990e-04 5.614439055184599226e-04 5.607660236841470686e-04 5.596711478136195007e-04 5.590152822473920709e-04 5.585955387296718221e-04 5.583343789277248753e-04 5.585026496806976947e-04 5.583404179770594822e-04 5.582225217859299298e-04 5.577285341361913965e-04 5.571062198621169314e-04 5.565814713947056080e-04 5.559967800813360147e-04 5.561749291766748295e-04 5.580618200933982424e-04 5.609682463388844173e-04 5.611974976175538666e-04 5.602347899575700098e-04 5.617988506815634574e-04
