2.832148889495795857e-04 2.832264150227087741e-04 2.836081344793216392e-04 2.834079929498375928e-04 2.832818988852064219e-04 2.832767176558890370e-04 2.831641194096434430e-04 2.830996670556392759e-04 2.830153734659233478e-04 2.829909845831275923e-04 2.829032984254764268e-04 2.832165896691290433e-04 2.837587261081385708e-04 2.842302567505546897e-04 2.846653001240862001e-04 2.847587119601652206e-04 2.847971091210876448e-04 2.853953358644926042e-04 2.856669119359650142e-04 2.861550425801789258e-04 2.865413825953462123e-04 2.862342366437991854e-04 2.853468775130590853e-04 2.838259280907725560e-04 2.843422543089280108e-04 2.836761149795703654e-04
2.832264150227087741e-04 2.833152543445297249e-04 2.836769567759367026e-04 2.834771661628115611e-04 2.833540429252771409e-04 2.833530548614709120e-04 2.832420829975656985e-04 2.831759575891977542e-04 2.830938347449548482e-04 2.830692177909136095e-04 2.829849078081719100e-04 2.833004373292443800e-04 2.838496505042878860e-04 2.843312709726327587e-04 2.847792029523377481e-04 2.848898117221122990e-04 2.849508290888748256e-04 2.855644566417338444e-04 2.858486622674775708e-04 2.863402852944867648e-04 2.867065833321959310e-04 2.863487405303681088e-04 2.854340139144682020e-04 2.839023393395758549e-04 2.844352760299968569e-04 2.837784629696999501e-04
2.836081344793216392e-04 2.836769567759367026e-04 2.840868263451505268e-04 2.838747532302030225e-04 2.837530026388427901e-04 2.837478917046388853e-04 2.836363110222739955e-04 2.835702632108610629e-04 2.834871613278196114e-04 2.834627871850648037e-04 2.833770332369110203e-04 2.836915476435045245e-04 2.842407840110138277e-04 2.847216450757880202e-04 2.851642391822968754e-04 2.852695259068938755e-04 2.853181979152032773e-04 2.859167767777700815e-04 2.861868898096989731e-04 2.866584868501220306e-04 2.870131126816559148e-04 2.866672002989746702e-04 2.857818087846682870e-04 2.842967700177231579e-04 2.848321610851619191e-04 2.841623182406925545e-04
2.834079929498375928e-04 2.834771661628115611e-04 2.838747532302030225e-04 2.836978195933334860e-04 2.835698287012979675e-04 2.835667131011213537e-04 2.834557313561452438e-04 2.833905913412077806e-04 2.833106917632370754e-04 2.832866860089829617e-04 2.832059479023418748e-04 2.835238007050173612e-04 2.840788940934376870e-04 2.845631792628954817e-04 2.850090747948856931e-04 2.851208446208534355e-04 2.851704323557283224e-04 2.857668208446418928e-04 2.860345392561420793e-04 2.865073653035166298e-04 2.868631810372447057e-04 2.865120446077874046e-04 2.856116802248861975e-04 2.841022170382270155e-04 2.846160032899563205e-04 2.839542336675902673e-04
2.832818988852064219e-04 2.833540429252771409e-04 2.837530026388427901e-04 2.835698287012979675e-04 2.834696679752945494e-04 2.834639379395190411e-04 2.833531162333732096e-04 2.832860696576536665e-04 2.832082603782578711e-04 2.831902903734500611e-04 2.831142254554565502e-04 2.834386777075595647e-04 2.840015223830515091e-04 2.844933735287932114e-04 2.849450190967838773e-04 2.850633078774416447e-04 2.851229558153663200e-04 2.857230941037201388e-04 2.859846293663122988e-04 2.864469750240586040e-04 2.867841393178223041e-04 2.863916954779860088e-04 2.854633057626319707e-04 2.839536601104673016e-04 2.844886468058493360e-04 2.838338035280570711e-04
2.832767176558890370e-04 2.833530548614709120e-04 2.837478917046388853e-04 2.835667131011213537e-04 2.834639379395190411e-04 2.834848636100233631e-04 2.833762534560182772e-04 2.833116670793958572e-04 2.832406610647964147e-04 2.832267622698703548e-04 2.831559612207069747e-04 2.834877503831278859e-04 2.840573499253348506e-04 2.845564835765277702e-04 2.850135660315605206e-04 2.851358498446872444e-04 2.851996990095080229e-04 2.858054921689219693e-04 2.860733471554758310e-04 2.865395034429978364e-04 2.868659233212613791e-04 2.864468798281531920e-04 2.854991305700586022e-04 2.839803922691300220e-04 2.845186480679602874e-04 2.838804555552082746e-04
2.831641194096434430e-04 2.832420829975656985e-04 2.836363110222739955e-04 2.834557313561452438e-04 2.833531162333732096e-04 2.833762534560182772e-04 2.832913642793453719e-04 2.832294639414618758e-04 2.831630033666255675e-04 2.831536609866177256e-04 2.830881202834220818e-04 2.834237643684631505e-04 2.839999928008835528e-04 2.845062863178877640e-04 2.849701003227092370e-04 2.851001374430563846e-04 2.851704560817420434e-04 2.857763521836260761e-04 2.860404638833456822e-04 2.864958292468794973e-04 2.867969236022344299e-04 2.863386991192275926e-04 2.854051208620300966e-04 2.839205856914058619e-04 2.844570938450310883e-04 2.838017504637775222e-04
2.830996670556392759e-04 2.831759575891977542e-04 2.835702632108610629e-04 2.833905913412077806e-04 2.832860696576536665e-04 2.833116670793958572e-04 2.832294639414618758e-04 2.831842509598159890e-04 2.831231597868936567e-04 2.831189677948575006e-04 2.830593273756096956e-04 2.834008131552641016e-04 2.839841037206954273e-04 2.844960226493203751e-04 2.849670903315906344e-04 2.851041661326190004e-04 2.851818564499828930e-04 2.857956487070796819e-04 2.860584097376107611e-04 2.865119980015543174e-04 2.868024640742624807e-04 2.863210285283929982e-04 2.853754847102366672e-04 2.838658661283184332e-04 2.843992434444097715e-04 2.837444968933079117e-04
2.830153734659233478e-04 2.830938347449548482e-04 2.834871613278196114e-04 2.833106917632370754e-04 2.832082603782578711e-04 2.832406610647964147e-04 2.831630033666255675e-04 2.831231597868936567e-04 2.830852620196580094e-04 2.830912528173771311e-04 2.830427134231001149e-04 2.833964984481397460e-04 2.839949866201296486e-04 2.845200459802525034e-04 2.850052236991510129e-04 2.851555600263872871e-04 2.852421753978149829e-04 2.858601439576075845e-04 2.861144832839754661e-04 2.865480161393524090e-04 2.868050508643132522e-04 2.862622765623165774e-04 2.852923582775436246e-04 2.838114025838158090e-04 2.843626197401513136e-04 2.837094559152320439e-04
2.829909845831275923e-04 2.830692177909136095e-04 2.834627871850648037e-04 2.832866860089829617e-04 2.831902903734500611e-04 2.832267622698703548e-04 2.831536609866177256e-04 2.831189677948575006e-04 2.830912528173771311e-04 2.831198280232910709e-04 2.830872815227106426e-04 2.834574165369686339e-04 2.840732136773900475e-04 2.846167314980051948e-04 2.851196464508521235e-04 2.852853482072940298e-04 2.853850217375659905e-04 2.860113637719346904e-04 2.862624885176295788e-04 2.866797390005022556e-04 2.868940969823960668e-04 2.862722078943732247e-04 2.852685650720107558e-04 2.837991917627013649e-04 2.843659104653786730e-04 2.837026364313257058e-04
2.829032984254764268e-04 2.829849078081719100e-04 2.833770332369110203e-04 2.832059479023418748e-04 2.831142254554565502e-04 2.831559612207069747e-04 2.830881202834220818e-04 2.830593273756096956e-04 2.830427134231001149e-04 2.830872815227106426e-04 2.830866150454465317e-04 2.834840901525438215e-04 2.841280753913448336e-04 2.846989415371837802e-04 2.852292121635292203e-04 2.854156958284601898e-04 2.855324631509492499e-04 2.861691230976176202e-04 2.864201471488132746e-04 2.868196246011047845e-04 2.869781148956730157e-04 2.862510635980650814e-04 2.851833447770565650e-04 2.837002974647678897e-04 2.842879061134099823e-04 2.836298792417030765e-04
2.832165896691290433e-04 2.833004373292443800e-04 2.836915476435045245e-04 2.835238007050173612e-04 2.834386777075595647e-04 2.834877503831278859e-04 2.834237643684631505e-04 2.834008131552641016e-04 2.833964984481397460e-04 2.834574165369686339e-04 2.834840901525438215e-04 2.839261674383796678e-04 2.846123287667595898e-04 2.852220384919545385e-04 2.857879589341118243e-04 2.860009359471041204e-04 2.861354957087829652e-04 2.867817675694617164e-04 2.870284935795090688e-04 2.874006477764556779e-04 2.874830807171742083e-04 2.866287836287957310e-04 2.854907050265749957e-04 2.839908750602848360e-04 2.845992738904213736e-04 2.839265401376957383e-04
2.837587261081385708e-04 2.838496505042878860e-04 2.842407840110138277e-04 2.840788940934376870e-04 2.840015223830515091e-04 2.840573499253348506e-04 2.839999928008835528e-04 2.839841037206954273e-04 2.839949866201296486e-04 2.840732136773900475e-04 2.841280753913448336e-04 2.846123287667595898e-04 2.853624034273990139e-04 2.860311883616890524e-04 2.866554951609725805e-04 2.869181513901771343e-04 2.870865327374025680e-04 2.877552256971312845e-04 2.880022311130513157e-04 2.883473889715166671e-04 2.883378281500835580e-04 2.873001591851284480e-04 2.860623227260685386e-04 2.845494552420734110e-04 2.851748846096835367e-04 2.844791226915660250e-04
2.842302567505546897e-04 2.843312709726327587e-04 2.847216450757880202e-04 2.845631792628954817e-04 2.844933735287932114e-04 2.845564835765277702e-04 2.845062863178877640e-04 2.844960226493203751e-04 2.845200459802525034e-04 2.846167314980051948e-04 2.846989415371837802e-04 2.852220384919545385e-04 2.860311883616890524e-04 2.867822187413319253e-04 2.874844814587496728e-04 2.878100845211832895e-04 2.880310519424407532e-04 2.887392992036677433e-04 2.889957364856131166e-04 2.893146157612970829e-04 2.892075299752121373e-04 2.879693689000440370e-04 2.866432319174042802e-04 2.851229319204804128e-04 2.857308141683260094e-04 2.849898805321542756e-04
2.846653001240862001e-04 2.847792029523377481e-04 2.851642391822968754e-04 2.850090747948856931e-04 2.849450190967838773e-04 2.850135660315605206e-04 2.849701003227092370e-04 2.849670903315906344e-04 2.850052236991510129e-04 2.851196464508521235e-04 2.852292121635292203e-04 2.857879589341118243e-04 2.866554951609725805e-04 2.874844814587496728e-04 2.882918657117748175e-04 2.887079919094989538e-04 2.890035496370615292e-04 2.897682033419346341e-04 2.900437467534477888e-04 2.903489863808488588e-04 2.901436158934603401e-04 2.886769655540793165e-04 2.872240409482253198e-04 2.856625929600834358e-04 2.862474221213534412e-04 2.854922366571037819e-04
2.847587119601652206e-04 2.848898117221122990e-04 2.852695259068938755e-04 2.851208446208534355e-04 2.850633078774416447e-04 2.851358498446872444e-04 2.851001374430563846e-04 2.851041661326190004e-04 2.851555600263872871e-04 2.852853482072940298e-04 2.854156958284601898e-04 2.860009359471041204e-04 2.869181513901771343e-04 2.878100845211832895e-04 2.887079919094989538e-04 2.892478654591496218e-04 2.896578288783485753e-04 2.905008252606808240e-04 2.907991695022354409e-04 2.910958284705274278e-04 2.907936437246828442e-04 2.890713845528977287e-04 2.874694997317596033e-04 2.858861337233474520e-04 2.864664559890464125e-04 2.857259444893177759e-04
2.847971091210876448e-04 2.849508290888748256e-04 2.853181979152032773e-04 2.851704323557283224e-04 2.851229558153663200e-04 2.851996990095080229e-04 2.851704560817420434e-04 2.851818564499828930e-04 2.852421753978149829e-04 2.853850217375659905e-04 2.855324631509492499e-04 2.861354957087829652e-04 2.870865327374025680e-04 2.880310519424407532e-04 2.890035496370615292e-04 2.896578288783485753e-04 2.902464300247261948e-04 2.912434602156548677e-04 2.916266926554705397e-04 2.919692348739764921e-04 2.915956625154859016e-04 2.895911829135004397e-04 2.877343629093557717e-04 2.860714530575030187e-04 2.866238564197554897e-04 2.859220188343809181e-04
2.853953358644926042e-04 2.855644566417338444e-04 2.859167767777700815e-04 2.857668208446418928e-04 2.857230941037201388e-04 2.858054921689219693e-04 2.857763521836260761e-04 2.857956487070796819e-04 2.858601439576075845e-04 2.860113637719346904e-04 2.861691230976176202e-04 2.867817675694617164e-04 2.877552256971312845e-04 2.887392992036677433e-04 2.897682033419346341e-04 2.905008252606808240e-04 2.912434602156548677e-04 2.924542067669716429e-04 2.930136710660033927e-04 2.934830819773882383e-04 2.931101905821575492e-04 2.908710582229396538e-04 2.886698944101264981e-04 2.868364101110679383e-04 2.872868152071856511e-04 2.865986074351900342e-04
2.856669119359650142e-04 2.858486622674775708e-04 2.861868898096989731e-04 2.860345392561420793e-04 2.859846293663122988e-04 2.860733471554758310e-04 2.860404638833456822e-04 2.860584097376107611e-04 2.861144832839754661e-04 2.862624885176295788e-04 2.864201471488132746e-04 2.870284935795090688e-04 2.880022311130513157e-04 2.889957364856131166e-04 2.900437467534477888e-04 2.907991695022354409e-04 2.916266926554705397e-04 2.930136710660033927e-04 2.938543121764649853e-04 2.945910270050816821e-04 2.943648672191311716e-04 2.920474130660408760e-04 2.894488160860598245e-04 2.873238961766172092e-04 2.876294568168960715e-04 2.869025707647934590e-04
2.861550425801789258e-04 2.863402852944867648e-04 2.866584868501220306e-04 2.865073653035166298e-04 2.864469750240586040e-04 2.865395034429978364e-04 2.864958292468794973e-04 2.865119980015543174e-04 2.865480161393524090e-04 2.866797390005022556e-04 2.868196246011047845e-04 2.874006477764556779e-04 2.883473889715166671e-04 2.893146157612970829e-04 2.903489863808488588e-04 2.910958284705274278e-04 2.919692348739764921e-04 2.934830819773882383e-04 2.945910270050816821e-04 2.957814115702335749e-04 2.959478204677467119e-04 2.937384328636451409e-04 2.906951752101170796e-04 2.880435616678341838e-04 2.881914496992926482e-04 2.874369484066892464e-04
2.865413825953462123e-04 2.867065833321959310e-04 2.870131126816559148e-04 2.868631810372447057e-04 2.867841393178223041e-04 2.868659233212613791e-04 2.867969236022344299e-04 2.868024640742624807e-04 2.868050508643132522e-04 2.868940969823960668e-04 2.869781148956730157e-04 2.874830807171742083e-04 2.883378281500835580e-04 2.892075299752121373e-04 2.901436158934603401e-04 2.907936437246828442e-04 2.915956625154859016e-04 2.931101905821575492e-04 2.943648672191311716e-04 2.959478204677467119e-04 2.968505062078132754e-04 2.952988248708953746e-04 2.921727801154077046e-04 2.888927270430682306e-04 2.887685131478368960e-04 2.879537763339008911e-04
2.862342366437991854e-04 2.863487405303681088e-04 2.866672002989746702e-04 2.865120446077874046e-04 2.863916954779860088e-04 2.864468798281531920e-04 2.863386991192275926e-04 2.863210285283929982e-04 2.862622765623165774e-04 2.862722078943732247e-04 2.862510635980650814e-04 2.866287836287957310e-04 2.873001591851284480e-04 2.879693689000440370e-04 2.886769655540793165e-04 2.890713845528977287e-04 2.895911829135004397e-04 2.908710582229396538e-04 2.920474130660408760e-04 2.937384328636451409e-04 2.952988248708953746e-04 2.951589538081499835e-04 2.928392354930421464e-04 2.892087851807659455e-04 2.885741449950377240e-04 2.875209495597126912e-04
2.853468775130590853e-04 2.854340139144682020e-04 2.857818087846682870e-04 2.856116802248861975e-04 2.854633057626319707e-04 2.854991305700586022e-04 2.854051208620300966e-04 2.853754847102366672e-04 2.852923582775436246e-04 2.852685650720107558e-04 2.851833447770565650e-04 2.854907050265749957e-04 2.860623227260685386e-04 2.866432319174042802e-04 2.872240409482253198e-04 2.874694997317596033e-04 2.877343629093557717e-04 2.886698944101264981e-04 2.894488160860598245e-04 2.906951752101170796e-04 2.921727801154077046e-04 2.928392354930421464e-04 2.922626164287266950e-04 2.895859484028241834e-04 2.884156007895203287e-04 2.867717430624809670e-04
2.838259280907725560e-04 2.839023393395758549e-04 2.842967700177231579e-04 2.841022170382270155e-04 2.839536601104673016e-04 2.839803922691300220e-04 2.839205856914058619e-04 2.838658661283184332e-04 2.838114025838158090e-04 2.837991917627013649e-04 2.837002974647678897e-04 2.839908750602848360e-04 2.845494552420734110e-04 2.851229319204804128e-04 2.856625929600834358e-04 2.858861337233474520e-04 2.860714530575030187e-04 2.868364101110679383e-04 2.873238961766172092e-04 2.880435616678341838e-04 2.888927270430682306e-04 2.892087851807659455e-04 2.895859484028241834e-04 2.891641105663282402e-04 2.884567729826960575e-04 2.860875980883459662e-04
2.843422543089280108e-04 2.844352760299968569e-04 2.848321610851619191e-04 2.846160032899563205e-04 2.844886468058493360e-04 2.845186480679602874e-04 2.844570938450310883e-04 2.843992434444097715e-04 2.843626197401513136e-04 2.843659104653786730e-04 2.842879061134099823e-04 2.845992738904213736e-04 2.851748846096835367e-04 2.857308141683260094e-04 2.862474221213534412e-04 2.864664559890464125e-04 2.866238564197554897e-04 2.872868152071856511e-04 2.876294568168960715e-04 2.881914496992926482e-04 2.887685131478368960e-04 2.885741449950377240e-04 2.884156007895203287e-04 2.884567729826960575e-04 2.899277437288820189e-04 2.880405355560296862e-04
2.836761149795703654e-04 2.837784629696999501e-04 2.841623182406925545e-04 2.839542336675902673e-04 2.838338035280570711e-04 2.838804555552082746e-04 2.838017504637775222e-04 2.837444968933079117e-04 2.837094559152320439e-04 2.837026364313257058e-04 2.836298792417030765e-04 2.839265401376957383e-04 2.844791226915660250e-04 2.849898805321542756e-04 2.854922366571037819e-04 2.857259444893177759e-04 2.859220188343809181e-04 2.865986074351900342e-04 2.869025707647934590e-04 2.874369484066892464e-04 2.879537763339008911e-04 2.875209495597126912e-04 2.867717430624809670e-04 2.860875980883459662e-04 2.880405355560296862e-04 2.886038840383503513e-04
