3.163708653239134978e-04 3.135286381626498781e-04 3.117527254511559000e-04 3.099740932808171226e-04 3.078795591765773809e-04 3.064384800828435650e-04 3.050299413035913979e-04 3.039830880041175768e-04 3.027683542569656935e-04 3.017681978955105812e-04 3.008782694970769185e-04 3.000957915290152433e-04 2.996771341260909141e-04 2.995811091584107077e-04 2.996403406164954556e-04 2.998759923494934425e-04 3.001741716858169332e-04 3.007107278202617810e-04 3.008408332866567710e-04 3.002776536504430695e-04 2.996990958707078617e-04 2.988619777046979471e-04 2.985411847246120581e-04 2.990293841009238366e-04 2.996585303934763277e-04 3.003931760295157610e-04
3.135286381626498781e-04 3.107813135163509468e-04 3.090062473966908771e-04 3.072383687313682350e-04 3.051657782334070076e-04 3.037429632133278575e-04 3.023481549730512368e-04 3.013116193201031924e-04 3.001130334150542704e-04 2.991275614527927839e-04 2.982513825882092970e-04 2.974818316100106652e-04 2.970727109648711815e-04 2.969851157206321226e-04 2.970551400757848550e-04 2.972961624535777787e-04 2.975938503047071467e-04 2.981277132674302810e-04 2.982646792133613516e-04 2.976982425523059259e-04 2.971052537444424861e-04 2.962419145954355037e-04 2.958934531133592598e-04 2.963542647535857290e-04 2.969970817312462446e-04 2.977289584487957316e-04
3.117527254511559000e-04 3.090062473966908771e-04 3.072889398038963424e-04 3.055186179110116486e-04 3.034557541315814557e-04 3.020429538881447208e-04 3.006573377735275365e-04 2.996272221508587534e-04 2.984358374678304331e-04 2.974528323352488711e-04 2.965816696700666042e-04 2.958141032300134424e-04 2.954047168453930285e-04 2.953135542582724805e-04 2.953789941856389280e-04 2.956132789944030097e-04 2.959078190586237516e-04 2.964392247409512846e-04 2.965766593095850098e-04 2.960183290073315756e-04 2.954303578512383968e-04 2.945792156355889744e-04 2.942405314801756536e-04 2.947243640849472554e-04 2.953655019501164698e-04 2.960523275794453850e-04
3.099740932808171226e-04 3.072383687313682350e-04 3.055186179110116486e-04 3.037974182315560687e-04 3.017408125832460731e-04 3.003369835701980039e-04 2.989589132448809694e-04 2.979357473236275006e-04 2.967492487830350402e-04 2.957727928464484062e-04 2.949065333579143104e-04 2.941441894486466926e-04 2.937386223799963209e-04 2.936495410075340667e-04 2.937181227637656201e-04 2.939564330193477032e-04 2.942520799401872832e-04 2.947821500966783023e-04 2.949203457894381008e-04 2.943673394948270760e-04 2.937809719764080470e-04 2.929310007671323611e-04 2.925971513167820387e-04 2.930676464158403342e-04 2.936986904945298863e-04 2.943869898174897954e-04
3.078795591765773809e-04 3.051657782334070076e-04 3.034557541315814557e-04 3.017408125832460731e-04 2.997244636372494342e-04 2.983294310130695914e-04 2.969630305082705747e-04 2.959484154275459126e-04 2.947730767701651133e-04 2.938054194786087056e-04 2.929475470271418990e-04 2.921926094147747036e-04 2.917903757410230357e-04 2.917031108418812282e-04 2.917707771350236032e-04 2.920062652705735558e-04 2.922955295377550411e-04 2.928193659565141594e-04 2.929551748477058834e-04 2.923992807448002273e-04 2.918027743464206660e-04 2.909531890017152565e-04 2.906126632399550240e-04 2.910794013904363740e-04 2.917098401479007071e-04 2.924080797135423767e-04
3.064384800828435650e-04 3.037429632133278575e-04 3.020429538881447208e-04 3.003369835701980039e-04 2.983294310130695914e-04 2.969639481266683452e-04 2.956034453041908963e-04 2.945944359787462338e-04 2.934267885741884303e-04 2.924675045377982899e-04 2.916169379219166950e-04 2.908689829982872145e-04 2.904731031938523572e-04 2.903880562859163426e-04 2.904558421738117095e-04 2.906883964377126196e-04 2.909718903586741611e-04 2.914926371052311139e-04 2.916303891429800174e-04 2.910729223835747601e-04 2.904625100205536340e-04 2.896131990453002956e-04 2.892893947923813776e-04 2.897564526931422041e-04 2.903645607322379182e-04 2.910639629168542590e-04
3.050299413035913979e-04 3.023481549730512368e-04 3.006573377735275365e-04 2.989589132448809694e-04 2.969630305082705747e-04 2.956034453041908963e-04 2.942706549115945867e-04 2.932691509634556310e-04 2.921122178871874298e-04 2.911614360729852433e-04 2.903185206339653772e-04 2.895749340080320654e-04 2.891862310037752234e-04 2.891037686642300040e-04 2.891707006762171857e-04 2.893988856660914197e-04 2.896801384799589500e-04 2.901978939387588594e-04 2.903366100916776778e-04 2.897770900809145843e-04 2.891567206427807951e-04 2.882993784908935734e-04 2.879721010334440894e-04 2.884428227711335327e-04 2.890559607172245001e-04 2.897468004901711789e-04
3.039830880041175768e-04 3.013116193201031924e-04 2.996272221508587534e-04 2.979357473236275006e-04 2.959484154275459126e-04 2.945944359787462338e-04 2.932691509634556310e-04 2.922906528894652104e-04 2.911424499527999932e-04 2.902010494583173467e-04 2.893659600558341803e-04 2.886313192837348354e-04 2.882500191425285858e-04 2.881731633887384863e-04 2.882424941701581590e-04 2.884691468644886344e-04 2.887480817952789046e-04 2.892594712694034824e-04 2.893903311567291468e-04 2.888263431925622076e-04 2.881973200753651029e-04 2.873268877163688041e-04 2.869854589386887735e-04 2.874464987495736084e-04 2.880764982992921395e-04 2.887607516192334796e-04
3.027683542569656935e-04 3.001130334150542704e-04 2.984358374678304331e-04 2.967492487830350402e-04 2.947730767701651133e-04 2.934267885741884303e-04 2.921122178871874298e-04 2.911424499527999932e-04 2.900173001009257704e-04 2.890865214371487525e-04 2.882614046999524746e-04 2.875378777703408773e-04 2.871656776082423903e-04 2.870959469529813760e-04 2.871724078943577022e-04 2.874022735589996957e-04 2.876801955302684191e-04 2.881871380833077789e-04 2.883135277495962510e-04 2.877422812797186032e-04 2.870981420242682222e-04 2.862015276381025685e-04 2.858494854540013998e-04 2.863046993875118548e-04 2.869398138646245093e-04 2.876249283879598749e-04
3.017681978955105812e-04 2.991275614527927839e-04 2.974528323352488711e-04 2.957727928464484062e-04 2.938054194786087056e-04 2.924675045377982899e-04 2.911614360729852433e-04 2.902010494583173467e-04 2.890865214371487525e-04 2.881802142183127074e-04 2.873687138931691116e-04 2.866571668230121677e-04 2.862974540071973697e-04 2.862350679857155540e-04 2.863171120175804496e-04 2.865468176598832050e-04 2.868221721387210284e-04 2.873242458633278409e-04 2.874501481087379687e-04 2.868774950059280637e-04 2.862172273603757664e-04 2.852981453993490464e-04 2.849263787797299283e-04 2.853638474533468756e-04 2.860100700990747188e-04 2.866972467691884536e-04
3.008782694970769185e-04 2.982513825882092970e-04 2.965816696700666042e-04 2.949065333579143104e-04 2.929475470271418990e-04 2.916169379219166950e-04 2.903185206339653772e-04 2.893659600558341803e-04 2.882614046999524746e-04 2.873687138931691116e-04 2.865832561564088865e-04 2.858906381212350132e-04 2.855456399030428306e-04 2.854935846309531854e-04 2.855841389035812593e-04 2.858181387816215234e-04 2.860912922054542596e-04 2.865867714856065425e-04 2.867051878205536522e-04 2.861267804552301104e-04 2.854415841142416148e-04 2.844889095790688609e-04 2.840978470268624143e-04 2.845188771563602844e-04 2.851820820016797873e-04 2.858772947243341583e-04
3.000957915290152433e-04 2.974818316100106652e-04 2.958141032300134424e-04 2.941441894486466926e-04 2.921926094147747036e-04 2.908689829982872145e-04 2.895749340080320654e-04 2.886313192837348354e-04 2.875378777703408773e-04 2.866571668230121677e-04 2.858906381212350132e-04 2.852296764099798015e-04 2.849054607298133067e-04 2.848702690261909203e-04 2.849719637845468732e-04 2.852131624729180759e-04 2.854891071475415890e-04 2.859838235528970639e-04 2.860968621254800616e-04 2.855077106430026169e-04 2.847890129452958501e-04 2.837836775231341842e-04 2.833606703511317793e-04 2.837625967017281875e-04 2.844550298752452624e-04 2.851578497803317351e-04
2.996771341260909141e-04 2.970727109648711815e-04 2.954047168453930285e-04 2.937386223799963209e-04 2.917903757410230357e-04 2.904731031938523572e-04 2.891862310037752234e-04 2.882500191425285858e-04 2.871656776082423903e-04 2.862974540071973697e-04 2.855456399030428306e-04 2.849054607298133067e-04 2.846144351757689921e-04 2.846040123953148511e-04 2.847213650719706874e-04 2.849715732352945383e-04 2.852472078618614867e-04 2.857369499022814293e-04 2.858413425576351473e-04 2.852358779038561675e-04 2.844794395661157907e-04 2.834125556979106230e-04 2.829638657702399042e-04 2.833625187650150507e-04 2.840921890304848991e-04 2.848026803347853764e-04
2.995811091584107077e-04 2.969851157206321226e-04 2.953135542582724805e-04 2.936495410075340667e-04 2.917031108418812282e-04 2.903880562859163426e-04 2.891037686642300040e-04 2.881731633887384863e-04 2.870959469529813760e-04 2.862350679857155540e-04 2.854935846309531854e-04 2.848702690261909203e-04 2.846040123953148511e-04 2.846390695057039234e-04 2.847897007541968302e-04 2.850669375511980788e-04 2.853542976400200311e-04 2.858483082656688556e-04 2.859440259960798533e-04 2.853214248742437530e-04 2.845250572837970541e-04 2.833903643383312693e-04 2.829110968299413113e-04 2.833032760957649517e-04 2.840687369436766603e-04 2.847754097689719787e-04
2.996403406164954556e-04 2.970551400757848550e-04 2.953789941856389280e-04 2.937181227637656201e-04 2.917707771350236032e-04 2.904558421738117095e-04 2.891707006762171857e-04 2.882424941701581590e-04 2.871724078943577022e-04 2.863171120175804496e-04 2.855841389035812593e-04 2.849719637845468732e-04 2.847213650719706874e-04 2.847897007541968302e-04 2.849964847949281940e-04 2.853235285202719053e-04 2.856397596602530176e-04 2.861434379042270817e-04 2.862322295885318135e-04 2.855914634573199088e-04 2.847547692301475881e-04 2.835405076461248834e-04 2.830178567052660720e-04 2.834031434493778615e-04 2.842110322609921972e-04 2.849303612476374601e-04
2.998759923494934425e-04 2.972961624535777787e-04 2.956132789944030097e-04 2.939564330193477032e-04 2.920062652705735558e-04 2.906883964377126196e-04 2.893988856660914197e-04 2.884691468644886344e-04 2.874022735589996957e-04 2.865468176598832050e-04 2.858181387816215234e-04 2.852131624729180759e-04 2.849715732352945383e-04 2.850669375511980788e-04 2.853235285202719053e-04 2.857344278872118266e-04 2.861112665787046662e-04 2.866441752956859685e-04 2.867355883755349100e-04 2.860738838274755856e-04 2.851895794705086151e-04 2.838700363200861846e-04 2.832888407960656128e-04 2.836732800883196362e-04 2.845193765651345477e-04 2.852407442659965161e-04
3.001741716858169332e-04 2.975938503047071467e-04 2.959078190586237516e-04 2.942520799401872832e-04 2.922955295377550411e-04 2.909718903586741611e-04 2.896801384799589500e-04 2.887480817952789046e-04 2.876801955302684191e-04 2.868221721387210284e-04 2.860912922054542596e-04 2.854891071475415890e-04 2.852472078618614867e-04 2.853542976400200311e-04 2.856397596602530176e-04 2.861112665787046662e-04 2.865896753470913638e-04 2.871987391607160977e-04 2.873298507177526038e-04 2.866760730328881453e-04 2.857737533108124545e-04 2.843517004504909733e-04 2.836636838616483783e-04 2.840338191424278207e-04 2.849152778995482681e-04 2.856108024959892549e-04
3.007107278202617810e-04 2.981277132674302810e-04 2.964392247409512846e-04 2.947821500966783023e-04 2.928193659565141594e-04 2.914926371052311139e-04 2.901978939387588594e-04 2.892594712694034824e-04 2.881871380833077789e-04 2.873242458633278409e-04 2.865867714856065425e-04 2.859838235528970639e-04 2.857369499022814293e-04 2.858483082656688556e-04 2.861434379042270817e-04 2.866441752956859685e-04 2.871987391607160977e-04 2.879430444654528356e-04 2.881754045452316216e-04 2.875555470172615593e-04 2.866427967260130015e-04 2.851274127664780978e-04 2.843012081025181694e-04 2.846397216666579611e-04 2.855284134087336862e-04 2.861881007697014939e-04
3.008408332866567710e-04 2.982646792133613516e-04 2.965766593095850098e-04 2.949203457894381008e-04 2.929551748477058834e-04 2.916303891429800174e-04 2.903366100916776778e-04 2.893903311567291468e-04 2.883135277495962510e-04 2.874501481087379687e-04 2.867051878205536522e-04 2.860968621254800616e-04 2.858413425576351473e-04 2.859440259960798533e-04 2.862322295885318135e-04 2.867355883755349100e-04 2.873298507177526038e-04 2.881754045452316216e-04 2.885850495630707183e-04 2.880845552308408252e-04 2.872196331000476631e-04 2.856453833970828602e-04 2.846161604520989412e-04 2.848410368609889578e-04 2.857209609902463046e-04 2.863971651054433441e-04
3.002776536504430695e-04 2.976982425523059259e-04 2.960183290073315756e-04 2.943673394948270760e-04 2.923992807448002273e-04 2.910729223835747601e-04 2.897770900809145843e-04 2.888263431925622076e-04 2.877422812797186032e-04 2.868774950059280637e-04 2.861267804552301104e-04 2.855077106430026169e-04 2.852358779038561675e-04 2.853214248742437530e-04 2.855914634573199088e-04 2.860738838274755856e-04 2.866760730328881453e-04 2.875555470172615593e-04 2.880845552308408252e-04 2.878164963034274835e-04 2.871370601441091742e-04 2.856147428542594492e-04 2.843772062950514538e-04 2.843868195684327296e-04 2.852409082712192216e-04 2.859341178333297943e-04
2.996990958707078617e-04 2.971052537444424861e-04 2.954303578512383968e-04 2.937809719764080470e-04 2.918027743464206660e-04 2.904625100205536340e-04 2.891567206427807951e-04 2.881973200753651029e-04 2.870981420242682222e-04 2.862172273603757664e-04 2.854415841142416148e-04 2.847890129452958501e-04 2.844794395661157907e-04 2.845250572837970541e-04 2.847547692301475881e-04 2.851895794705086151e-04 2.857737533108124545e-04 2.866427967260130015e-04 2.872196331000476631e-04 2.871370601441091742e-04 2.868353763614605386e-04 2.856031852137427764e-04 2.843012633212000100e-04 2.840204913026871808e-04 2.847396130773222522e-04 2.854183362754087339e-04
2.988619777046979471e-04 2.962419145954355037e-04 2.945792156355889744e-04 2.929310007671323611e-04 2.909531890017152565e-04 2.896131990453002956e-04 2.882993784908935734e-04 2.873268877163688041e-04 2.862015276381025685e-04 2.852981453993490464e-04 2.844889095790688609e-04 2.837836775231341842e-04 2.834125556979106230e-04 2.833903643383312693e-04 2.835405076461248834e-04 2.838700363200861846e-04 2.843517004504909733e-04 2.851274127664780978e-04 2.856453833970828602e-04 2.856147428542594492e-04 2.856031852137427764e-04 2.850351559000951856e-04 2.841427261977221594e-04 2.837405154798979066e-04 2.840498525988831811e-04 2.846781416780751564e-04
2.985411847246120581e-04 2.958934531133592598e-04 2.942405314801756536e-04 2.925971513167820387e-04 2.906126632399550240e-04 2.892893947923813776e-04 2.879721010334440894e-04 2.869854589386887735e-04 2.858494854540013998e-04 2.849263787797299283e-04 2.840978470268624143e-04 2.833606703511317793e-04 2.829638657702399042e-04 2.829110968299413113e-04 2.830178567052660720e-04 2.832888407960656128e-04 2.836636838616483783e-04 2.843012081025181694e-04 2.846161604520989412e-04 2.843772062950514538e-04 2.843012633212000100e-04 2.841427261977221594e-04 2.841618400109978859e-04 2.842318167674495960e-04 2.840691193916477933e-04 2.844797336279722530e-04
2.990293841009238366e-04 2.963542647535857290e-04 2.947243640849472554e-04 2.930676464158403342e-04 2.910794013904363740e-04 2.897564526931422041e-04 2.884428227711335327e-04 2.874464987495736084e-04 2.863046993875118548e-04 2.853638474533468756e-04 2.845188771563602844e-04 2.837625967017281875e-04 2.833625187650150507e-04 2.833032760957649517e-04 2.834031434493778615e-04 2.836732800883196362e-04 2.840338191424278207e-04 2.846397216666579611e-04 2.848410368609889578e-04 2.843868195684327296e-04 2.840204913026871808e-04 2.837405154798979066e-04 2.842318167674495960e-04 2.853655441413974572e-04 2.852824889303036708e-04 2.852088588621087763e-04
2.996585303934763277e-04 2.969970817312462446e-04 2.953655019501164698e-04 2.936986904945298863e-04 2.917098401479007071e-04 2.903645607322379182e-04 2.890559607172245001e-04 2.880764982992921395e-04 2.869398138646245093e-04 2.860100700990747188e-04 2.851820820016797873e-04 2.844550298752452624e-04 2.840921890304848991e-04 2.840687369436766603e-04 2.842110322609921972e-04 2.845193765651345477e-04 2.849152778995482681e-04 2.855284134087336862e-04 2.857209609902463046e-04 2.852409082712192216e-04 2.847396130773222522e-04 2.840498525988831811e-04 2.840691193916477933e-04 2.852824889303036708e-04 2.864691765731901220e-04 2.864728762452021203e-04
3.003931760295157610e-04 2.977289584487957316e-04 2.960523275794453850e-04 2.943869898174897954e-04 2.924080797135423767e-04 2.910639629168542590e-04 2.897468004901711789e-04 2.887607516192334796e-04 2.876249283879598749e-04 2.866972467691884536e-04 2.858772947243341583e-04 2.851578497803317351e-04 2.848026803347853764e-04 2.847754097689719787e-04 2.849303612476374601e-04 2.852407442659965161e-04 2.856108024959892549e-04 2.861881007697014939e-04 2.863971651054433441e-04 2.859341178333297943e-04 2.854183362754087339e-04 2.846781416780751564e-04 2.844797336279722530e-04 2.852088588621087763e-04 2.864728762452021203e-04 2.876120088678259853e-04
