5.520440965103823837e-04 5.526955493310005754e-04 5.530524404795113215e-04 5.532543139581040745e-04 5.535840953493364764e-04 5.537177104995375789e-04 5.538654344574984708e-04 5.539794114408591553e-04 5.540740213864169374e-04 5.542454758550540133e-04 5.545416237008948335e-04 5.549179803349698183e-04 5.551668965287898496e-04 5.553444552819260249e-04 5.552808882353225430e-04 5.550643360039699513e-04 5.547308631912033260e-04 5.543998162471029103e-04 5.536187859455325841e-04 5.528705628501128823e-04 5.535031659209527612e-04 5.553597909112249200e-04 5.577866055716332056e-04 5.573243326528223808e-04 5.553688003830622218e-04 5.555384199760705823e-04
5.526955493310005754e-04 5.534089326326847554e-04 5.537478323164431388e-04 5.539504711518397585e-04 5.542736423169999189e-04 5.544078153467343895e-04 5.545575414411324988e-04 5.546699457065854552e-04 5.547637350140591662e-04 5.549345657935374383e-04 5.552341289520914538e-04 5.556133156010203012e-04 5.558660025529806340e-04 5.560488047003964455e-04 5.559893185165050607e-04 5.557799267957327753e-04 5.554557608298135935e-04 5.551330211080608007e-04 5.543651820297876417e-04 5.536192913605246686e-04 5.542383950258500044e-04 5.560722611139272582e-04 5.584918870776349161e-04 5.580410525737214238e-04 5.560621460529239493e-04 5.562180800617289814e-04
5.530524404795113215e-04 5.537478323164431388e-04 5.541382525077913953e-04 5.543232079539518135e-04 5.546484104924173262e-04 5.547853723781908048e-04 5.549354448478908356e-04 5.550495083991185442e-04 5.551452901535542305e-04 5.553194093069663316e-04 5.556200457935324280e-04 5.560024786419097377e-04 5.562565240168149475e-04 5.564429246487542476e-04 5.563874317740345873e-04 5.561833632536349872e-04 5.558585683557546071e-04 5.555317332650320855e-04 5.547573679329425916e-04 5.540026498040768110e-04 5.546062417945463218e-04 5.564256778638694599e-04 5.588502254844917054e-04 5.584108683252672276e-04 5.564405209337653681e-04 5.565962330121006305e-04
5.532543139581040745e-04 5.539504711518397585e-04 5.543232079539518135e-04 5.545477980477222677e-04 5.548662949636927900e-04 5.550018492906539248e-04 5.551501729175063998e-04 5.552665837151163960e-04 5.553627382072865316e-04 5.555377914003951315e-04 5.558415709292641041e-04 5.562291947567662596e-04 5.564877577185044092e-04 5.566761099782675760e-04 5.566182451525408890e-04 5.564103051983017648e-04 5.560798711587082270e-04 5.557500913764036599e-04 5.549736979812576985e-04 5.542207535244813264e-04 5.548322903353821497e-04 5.566596981010616969e-04 5.590999133430150101e-04 5.586595628410157433e-04 5.566809981617396128e-04 5.568562252103424499e-04
5.535840953493364764e-04 5.542736423169999189e-04 5.546484104924173262e-04 5.548662949636927900e-04 5.552087900726633942e-04 5.553413410532614730e-04 5.554892839140215723e-04 5.556062993237441145e-04 5.557066262227756698e-04 5.558823539149363672e-04 5.561869442402918220e-04 5.565769947588885755e-04 5.568379703285578682e-04 5.570286753768966545e-04 5.569747229678645136e-04 5.567725450899003829e-04 5.564433365492407312e-04 5.561131244022347224e-04 5.553287583726556958e-04 5.545688693335853363e-04 5.551676055456008238e-04 5.569782196845254191e-04 5.594104207307737733e-04 5.589872920351171646e-04 5.570423827117585488e-04 5.572013064759589844e-04
5.537177104995375789e-04 5.544078153467343895e-04 5.547853723781908048e-04 5.550018492906539248e-04 5.553413410532614730e-04 5.554978824059087156e-04 5.556449637829649971e-04 5.557636771736782682e-04 5.558656302377754923e-04 5.560461458082414932e-04 5.563548121752638978e-04 5.567492477603278164e-04 5.570154350168452515e-04 5.572117141205482332e-04 5.571628759378289327e-04 5.569651235786584600e-04 5.566393296929799967e-04 5.563108612775520632e-04 5.555212062973122504e-04 5.547557593836524061e-04 5.553483972500937102e-04 5.571362452617415395e-04 5.595525406096054201e-04 5.591189097983743830e-04 5.571822872596443816e-04 5.573718114907788438e-04
5.538654344574984708e-04 5.545575414411324988e-04 5.549354448478908356e-04 5.551501729175063998e-04 5.554892839140215723e-04 5.556449637829649971e-04 5.558129776732390623e-04 5.559343236269851350e-04 5.560399007897955451e-04 5.562225311844375695e-04 5.565346342533302165e-04 5.569343064301771626e-04 5.572059175683514477e-04 5.574087035102731624e-04 5.573635565308245271e-04 5.571675801759286891e-04 5.568470325780230327e-04 5.565244604700858621e-04 5.557401768296233065e-04 5.549689427104696673e-04 5.555412036523971371e-04 5.573028545555831683e-04 5.597031756197849272e-04 5.592657105438516001e-04 5.573394248389748834e-04 5.575481555628024897e-04
5.539794114408591553e-04 5.546699457065854552e-04 5.550495083991185442e-04 5.552665837151163960e-04 5.556062993237441145e-04 5.557636771736782682e-04 5.559343236269851350e-04 5.560716423697193702e-04 5.561808063165738164e-04 5.563679432511901488e-04 5.566880022945955644e-04 5.570949771658094797e-04 5.573712119785510051e-04 5.575800679799961012e-04 5.575409342129297036e-04 5.573489624485300975e-04 5.570334560404549291e-04 5.567181746983482270e-04 5.559358046269646889e-04 5.551615763556322532e-04 5.557218325769013164e-04 5.574583459595775425e-04 5.598359098803585123e-04 5.593950101609432334e-04 5.574826050723854110e-04 5.576962614430587117e-04
5.540740213864169374e-04 5.547637350140591662e-04 5.551452901535542305e-04 5.553627382072865316e-04 5.557066262227756698e-04 5.558656302377754923e-04 5.560399007897955451e-04 5.561808063165738164e-04 5.563087085020132841e-04 5.565021094171444587e-04 5.568278160965697441e-04 5.572430791727684025e-04 5.575290486291979665e-04 5.577476586474734059e-04 5.577154367816860919e-04 5.575291214749123446e-04 5.572129113333044656e-04 5.568973872597246045e-04 5.561135668135647322e-04 5.553304542240771174e-04 5.558633551649343283e-04 5.575670923497959112e-04 5.599288831873105131e-04 5.594994906643834497e-04 5.576088811076350057e-04 5.578369274753228104e-04
5.542454758550540133e-04 5.549345657935374383e-04 5.553194093069663316e-04 5.555377914003951315e-04 5.558823539149363672e-04 5.560461458082414932e-04 5.562225311844375695e-04 5.563679432511901488e-04 5.565021094171444587e-04 5.567171068685622609e-04 5.570540093872718536e-04 5.574809238757741240e-04 5.577800446201842998e-04 5.580081460457451872e-04 5.579852620210119752e-04 5.578060692110201535e-04 5.574942894560066479e-04 5.571816752307444907e-04 5.563990546771065485e-04 5.556033297360377359e-04 5.561055088767523575e-04 5.577703121226690406e-04 5.601121000880144619e-04 5.596931137465117716e-04 5.578249457359558613e-04 5.580561553206487288e-04
5.545416237008948335e-04 5.552341289520914538e-04 5.556200457935324280e-04 5.558415709292641041e-04 5.561869442402918220e-04 5.563548121752638978e-04 5.565346342533302165e-04 5.566880022945955644e-04 5.568278160965697441e-04 5.570540093872718536e-04 5.574201603177799790e-04 5.578674980203865170e-04 5.581847337959199495e-04 5.584323401442717804e-04 5.584249464601414529e-04 5.582581258791953667e-04 5.579561358431181896e-04 5.576554309430147797e-04 5.568786524928375555e-04 5.560690903695457953e-04 5.565344540820014053e-04 5.581299142184495150e-04 5.604184912720101873e-04 5.600062946914116180e-04 5.581710843366740303e-04 5.584028768679607808e-04
5.549179803349698183e-04 5.556133156010203012e-04 5.560024786419097377e-04 5.562291947567662596e-04 5.565769947588885755e-04 5.567492477603278164e-04 5.569343064301771626e-04 5.570949771658094797e-04 5.572430791727684025e-04 5.574809238757741240e-04 5.578674980203865170e-04 5.583488265016761957e-04 5.586948590803015669e-04 5.589722686471088183e-04 5.589879099203277175e-04 5.588407535849401189e-04 5.585554957345740179e-04 5.582698690510572636e-04 5.574928562632647548e-04 5.566543491285668365e-04 5.570575955752244627e-04 5.585544257568506249e-04 5.607773374084758754e-04 5.603749277341957659e-04 5.585931972850296991e-04 5.588513971134089625e-04
5.551668965287898496e-04 5.558660025529806340e-04 5.562565240168149475e-04 5.564877577185044092e-04 5.568379703285578682e-04 5.570154350168452515e-04 5.572059175683514477e-04 5.573712119785510051e-04 5.575290486291979665e-04 5.577800446201842998e-04 5.581847337959199495e-04 5.586948590803015669e-04 5.590874601694488738e-04 5.594073999901927070e-04 5.594552363486448004e-04 5.593374500471777217e-04 5.590741510423331622e-04 5.588101513528723717e-04 5.580419855895201592e-04 5.571784433774943030e-04 5.575218047745533713e-04 5.589191190561710156e-04 5.610714084527266199e-04 5.606734167247119519e-04 5.589457790929621642e-04 5.591980414185216157e-04
5.553444552819260249e-04 5.560488047003964455e-04 5.564429246487542476e-04 5.566761099782675760e-04 5.570286753768966545e-04 5.572117141205482332e-04 5.574087035102731624e-04 5.575800679799961012e-04 5.577476586474734059e-04 5.580081460457451872e-04 5.584323401442717804e-04 5.589722686471088183e-04 5.594073999901927070e-04 5.597926269039760335e-04 5.598913445378579570e-04 5.598196402369168961e-04 5.595928828067376834e-04 5.593562561597554108e-04 5.586015263790052032e-04 5.577034815366681752e-04 5.579531911174596698e-04 5.592146119079481831e-04 5.612748569767510168e-04 5.609114347724620479e-04 5.592706691620443014e-04 5.595190754900334620e-04
5.552808882353225430e-04 5.559893185165050607e-04 5.563874317740345873e-04 5.566182451525408890e-04 5.569747229678645136e-04 5.571628759378289327e-04 5.573635565308245271e-04 5.575409342129297036e-04 5.577154367816860919e-04 5.579852620210119752e-04 5.584249464601414529e-04 5.589879099203277175e-04 5.594552363486448004e-04 5.598913445378579570e-04 5.600601344144478079e-04 5.600584173764295301e-04 5.598910426364856743e-04 5.597000994998930232e-04 5.589655116049183949e-04 5.580386711739072090e-04 5.581876688725956846e-04 5.592727451688891396e-04 5.612079638273346572e-04 5.608833657171342869e-04 5.593157597216192808e-04 5.595648409655665234e-04
5.550643360039699513e-04 5.557799267957327753e-04 5.561833632536349872e-04 5.564103051983017648e-04 5.567725450899003829e-04 5.569651235786584600e-04 5.571675801759286891e-04 5.573489624485300975e-04 5.575291214749123446e-04 5.578060692110201535e-04 5.582581258791953667e-04 5.588407535849401189e-04 5.593374500471777217e-04 5.598196402369168961e-04 5.600584173764295301e-04 5.601655476149089864e-04 5.601017493804926872e-04 5.599984622942104275e-04 5.593152802729022249e-04 5.583720797562883925e-04 5.584010880071578042e-04 5.592434609960876156e-04 5.609828043235021329e-04 5.606847933830822004e-04 5.592122751724624106e-04 5.594902370125965588e-04
5.547308631912033260e-04 5.554557608298135935e-04 5.558585683557546071e-04 5.560798711587082270e-04 5.564433365492407312e-04 5.566393296929799967e-04 5.568470325780230327e-04 5.570334560404549291e-04 5.572129113333044656e-04 5.574942894560066479e-04 5.579561358431181896e-04 5.585554957345740179e-04 5.590741510423331622e-04 5.595928828067376834e-04 5.598910426364856743e-04 5.601017493804926872e-04 5.601908075517705865e-04 5.602262563548659775e-04 5.596225104533005760e-04 5.586773883267482982e-04 5.585867187093265579e-04 5.591481369000251504e-04 5.606345773632407260e-04 5.603341405380354249e-04 5.589597561898581668e-04 5.593194191712601640e-04
5.543998162471029103e-04 5.551330211080608007e-04 5.555317332650320855e-04 5.557500913764036599e-04 5.561131244022347224e-04 5.563108612775520632e-04 5.565244604700858621e-04 5.567181746983482270e-04 5.568973872597246045e-04 5.571816752307444907e-04 5.576554309430147797e-04 5.582698690510572636e-04 5.588101513528723717e-04 5.593562561597554108e-04 5.597000994998930232e-04 5.599984622942104275e-04 5.602262563548659775e-04 5.604591444732972801e-04 5.600094218922048580e-04 5.591062730670184021e-04 5.589456163468943485e-04 5.592302238323609278e-04 5.603636459224111809e-04 5.599844092663763470e-04 5.587442988409741179e-04 5.591804573471870817e-04
5.536187859455325841e-04 5.543651820297876417e-04 5.547573679329425916e-04 5.549736979812576985e-04 5.553287583726556958e-04 5.555212062973122504e-04 5.557401768296233065e-04 5.559358046269646889e-04 5.561135668135647322e-04 5.563990546771065485e-04 5.568786524928375555e-04 5.574928562632647548e-04 5.580419855895201592e-04 5.586015263790052032e-04 5.589655116049183949e-04 5.593152802729022249e-04 5.596225104533005760e-04 5.600094218922048580e-04 5.598041198047706054e-04 5.590797685884129438e-04 5.589864570007006600e-04 5.591370979794638672e-04 5.599129780040329853e-04 5.593387421063528674e-04 5.581331829956062349e-04 5.585544503164468436e-04
5.528705628501128823e-04 5.536192913605246686e-04 5.540026498040768110e-04 5.542207535244813264e-04 5.545688693335853363e-04 5.547557593836524061e-04 5.549689427104696673e-04 5.551615763556322532e-04 5.553304542240771174e-04 5.556033297360377359e-04 5.560690903695457953e-04 5.566543491285668365e-04 5.571784433774943030e-04 5.577034815366681752e-04 5.580386711739072090e-04 5.583720797562883925e-04 5.586773883267482982e-04 5.591062730670184021e-04 5.590797685884129438e-04 5.587085209381355017e-04 5.589378775910433658e-04 5.592400827569839021e-04 5.598061146797493528e-04 5.588576546503129690e-04 5.575012553739043834e-04 5.578414315190775245e-04
5.535031659209527612e-04 5.542383950258500044e-04 5.546062417945463218e-04 5.548322903353821497e-04 5.551676055456008238e-04 5.553483972500937102e-04 5.555412036523971371e-04 5.557218325769013164e-04 5.558633551649343283e-04 5.561055088767523575e-04 5.565344540820014053e-04 5.570575955752244627e-04 5.575218047745533713e-04 5.579531911174596698e-04 5.581876688725956846e-04 5.584010880071578042e-04 5.585867187093265579e-04 5.589456163468943485e-04 5.589864570007006600e-04 5.589378775910433658e-04 5.598044268965650903e-04 5.607511152270646098e-04 5.614866265057454325e-04 5.600190334900561392e-04 5.582110345676092721e-04 5.584178369479249901e-04
5.553597909112249200e-04 5.560722611139272582e-04 5.564256778638694599e-04 5.566596981010616969e-04 5.569782196845254191e-04 5.571362452617415395e-04 5.573028545555831683e-04 5.574583459595775425e-04 5.575670923497959112e-04 5.577703121226690406e-04 5.581299142184495150e-04 5.585544257568506249e-04 5.589191190561710156e-04 5.592146119079481831e-04 5.592727451688891396e-04 5.592434609960876156e-04 5.591481369000251504e-04 5.592302238323609278e-04 5.591370979794638672e-04 5.592400827569839021e-04 5.607511152270646098e-04 5.630442145619243919e-04 5.647879983594624549e-04 5.629465740832822552e-04 5.602091950726176620e-04 5.601559148366357056e-04
5.577866055716332056e-04 5.584918870776349161e-04 5.588502254844917054e-04 5.590999133430150101e-04 5.594104207307737733e-04 5.595525406096054201e-04 5.597031756197849272e-04 5.598359098803585123e-04 5.599288831873105131e-04 5.601121000880144619e-04 5.604184912720101873e-04 5.607773374084758754e-04 5.610714084527266199e-04 5.612748569767510168e-04 5.612079638273346572e-04 5.609828043235021329e-04 5.606345773632407260e-04 5.603636459224111809e-04 5.599129780040329853e-04 5.598061146797493528e-04 5.614866265057454325e-04 5.647879983594624549e-04 5.682337280066393666e-04 5.669744149803841856e-04 5.631667032218709611e-04 5.627263244838895655e-04
5.573243326528223808e-04 5.580410525737214238e-04 5.584108683252672276e-04 5.586595628410157433e-04 5.589872920351171646e-04 5.591189097983743830e-04 5.592657105438516001e-04 5.593950101609432334e-04 5.594994906643834497e-04 5.596931137465117716e-04 5.600062946914116180e-04 5.603749277341957659e-04 5.606734167247119519e-04 5.609114347724620479e-04 5.608833657171342869e-04 5.606847933830822004e-04 5.603341405380354249e-04 5.599844092663763470e-04 5.593387421063528674e-04 5.588576546503129690e-04 5.600190334900561392e-04 5.629465740832822552e-04 5.669744149803841856e-04 5.674695691061095934e-04 5.641246552813496302e-04 5.629941965167300100e-04
5.553688003830622218e-04 5.560621460529239493e-04 5.564405209337653681e-04 5.566809981617396128e-04 5.570423827117585488e-04 5.571822872596443816e-04 5.573394248389748834e-04 5.574826050723854110e-04 5.576088811076350057e-04 5.578249457359558613e-04 5.581710843366740303e-04 5.585931972850296991e-04 5.589457790929621642e-04 5.592706691620443014e-04 5.593157597216192808e-04 5.592122751724624106e-04 5.589597561898581668e-04 5.587442988409741179e-04 5.581331829956062349e-04 5.575012553739043834e-04 5.582110345676092721e-04 5.602091950726176620e-04 5.631667032218709611e-04 5.641246552813496302e-04 5.631753663698726596e-04 5.621705492547032085e-04
5.555384199760705823e-04 5.562180800617289814e-04 5.565962330121006305e-04 5.568562252103424499e-04 5.572013064759589844e-04 5.573718114907788438e-04 5.575481555628024897e-04 5.576962614430587117e-04 5.578369274753228104e-04 5.580561553206487288e-04 5.584028768679607808e-04 5.588513971134089625e-04 5.591980414185216157e-04 5.595190754900334620e-04 5.595648409655665234e-04 5.594902370125965588e-04 5.593194191712601640e-04 5.591804573471870817e-04 5.585544503164468436e-04 5.578414315190775245e-04 5.584178369479249901e-04 5.601559148366357056e-04 5.627263244838895655e-04 5.629941965167300100e-04 5.621705492547032085e-04 5.633471446391011099e-04
