2.862416383045384154e-04 2.846166496177786375e-04 2.829450216816855766e-04 2.820537996249062652e-04 2.809604489363371274e-04 2.797091760069594425e-04 2.788661388303993890e-04 2.778467513697876188e-04 2.771260771367258695e-04 2.763352282430495176e-04 2.757621500656709155e-04 2.752713058697054869e-04 2.750176380533359282e-04 2.747168329728598944e-04 2.744580811591991465e-04 2.741184711710807284e-04 2.736978370116067722e-04 2.736324939481936521e-04 2.738068184814212297e-04 2.739540463814386473e-04 2.743968552288883521e-04 2.754397142739661354e-04 2.761645811510973726e-04 2.756440079545207961e-04 2.750000086601610922e-04 2.754691098831711128e-04
2.846166496177786375e-04 2.830862025825357548e-04 2.814025353163883175e-04 2.805159141546512353e-04 2.794250162481455449e-04 2.781773023532003682e-04 2.773359322122398831e-04 2.763253709056908802e-04 2.756106210643815895e-04 2.748231143048844539e-04 2.742511617819747395e-04 2.737599834948370491e-04 2.735061455246927398e-04 2.732024487488259718e-04 2.729411521319044737e-04 2.725997290246531422e-04 2.721751427915669705e-04 2.721063183003506899e-04 2.722850716618145433e-04 2.724419967534005772e-04 2.728963236931905350e-04 2.739304094561631768e-04 2.746437040841474093e-04 2.740969152577228413e-04 2.734538424064524823e-04 2.739393935496751151e-04
2.829450216816855766e-04 2.814025353163883175e-04 2.797867417275195405e-04 2.788876950479718831e-04 2.778026018873345224e-04 2.765631421870065414e-04 2.757301066323802983e-04 2.747228264218162103e-04 2.740126762071609765e-04 2.732285997372320245e-04 2.726596726801900532e-04 2.721734119011909553e-04 2.719212830336160220e-04 2.716230271639867968e-04 2.713668056800562435e-04 2.710319537906972207e-04 2.706159150928180734e-04 2.705467729384544327e-04 2.707246786287939122e-04 2.708745113256620912e-04 2.713145631092869943e-04 2.723401332977695081e-04 2.730357171884206075e-04 2.724801703782241363e-04 2.718488643281609537e-04 2.723369174138613800e-04
2.820537996249062652e-04 2.805159141546512353e-04 2.788876950479718831e-04 2.780366587709725656e-04 2.769450680566747829e-04 2.757064333457458628e-04 2.748753387381402393e-04 2.738719171461220900e-04 2.731661091899621730e-04 2.723887905900099432e-04 2.718233763292617284e-04 2.713417059329513393e-04 2.710926107494002310e-04 2.707936428899276209e-04 2.705383367966856102e-04 2.702051243708738755e-04 2.697875061541483359e-04 2.697223364501684156e-04 2.699066684672206374e-04 2.700630464238191271e-04 2.705000934140641515e-04 2.714922409185193688e-04 2.721763347760312282e-04 2.716387592471906074e-04 2.710068091611002794e-04 2.714878956746962467e-04
2.809604489363371274e-04 2.794250162481455449e-04 2.778026018873345224e-04 2.769450680566747829e-04 2.758872542023157689e-04 2.746458234503047530e-04 2.738193170764960968e-04 2.728204556440020820e-04 2.721164696246912754e-04 2.713419068441907532e-04 2.707779400413675417e-04 2.702988283069594050e-04 2.700516501119101537e-04 2.697536687577096006e-04 2.695002470220252220e-04 2.691705352538063920e-04 2.687567077714637649e-04 2.686909840434182337e-04 2.688760578543315468e-04 2.690285304779714321e-04 2.694559433589485621e-04 2.704465984225299865e-04 2.711278171899809074e-04 2.705987060914509740e-04 2.699853514306144110e-04 2.704657881601945052e-04
2.797091760069594425e-04 2.781773023532003682e-04 2.765631421870065414e-04 2.757064333457458628e-04 2.746458234503047530e-04 2.734377929738341837e-04 2.726120044320432586e-04 2.716170689105383931e-04 2.709188727371793291e-04 2.701505784564849490e-04 2.695897759830543261e-04 2.691146831563145979e-04 2.688690036726479912e-04 2.685735256119134548e-04 2.683233509730800792e-04 2.679927369096234829e-04 2.675804023312312744e-04 2.675165136713789560e-04 2.676998294371920380e-04 2.678448396574984705e-04 2.682552430169352011e-04 2.692341146556910059e-04 2.699215239264639060e-04 2.693979730077111822e-04 2.687954149401142277e-04 2.692911547440342713e-04
2.788661388303993890e-04 2.773359322122398831e-04 2.757301066323802983e-04 2.748753387381402393e-04 2.738193170764960968e-04 2.726120044320432586e-04 2.718139652536725450e-04 2.708223602576340983e-04 2.701294625258698467e-04 2.693695999210688656e-04 2.688147765284319203e-04 2.683460472556684897e-04 2.681053529000848958e-04 2.678149729028343122e-04 2.675659934239147894e-04 2.672327851862137419e-04 2.668204074268127972e-04 2.667548620662145431e-04 2.669356683907909479e-04 2.670738062977311600e-04 2.674657975684438397e-04 2.684236565005367688e-04 2.690996966923141567e-04 2.685797404091634145e-04 2.679779286947886864e-04 2.684646665964230219e-04
2.778467513697876188e-04 2.763253709056908802e-04 2.747228264218162103e-04 2.738719171461220900e-04 2.728204556440020820e-04 2.716170689105383931e-04 2.708223602576340983e-04 2.698537797757021451e-04 2.691671264944170525e-04 2.684126538657928811e-04 2.678638525321071586e-04 2.674006508595102162e-04 2.671675733333988894e-04 2.668824874624476013e-04 2.666376716919720779e-04 2.663044130790046264e-04 2.658947090166460933e-04 2.658316721160425733e-04 2.660114422108988920e-04 2.661426532965335432e-04 2.665118406637306142e-04 2.674480534935318610e-04 2.681184381913262384e-04 2.676137196377498229e-04 2.670167066637363362e-04 2.674976644811984756e-04
2.771260771367258695e-04 2.756106210643815895e-04 2.740126762071609765e-04 2.731661091899621730e-04 2.721164696246912754e-04 2.709188727371793291e-04 2.701294625258698467e-04 2.691671264944170525e-04 2.685027900689687425e-04 2.677564973319956432e-04 2.672146764751870580e-04 2.667588445976185377e-04 2.665320834097867158e-04 2.662522872753614561e-04 2.660113679113077271e-04 2.656803820884114380e-04 2.652700074081037660e-04 2.652037822768341189e-04 2.653761201114583786e-04 2.654886510976123791e-04 2.658282543509295497e-04 2.667360008049132129e-04 2.674022445193687003e-04 2.669075197123277907e-04 2.663352156440697976e-04 2.668397863331983138e-04
2.763352282430495176e-04 2.748231143048844539e-04 2.732285997372320245e-04 2.723887905900099432e-04 2.713419068441907532e-04 2.701505784564849490e-04 2.693695999210688656e-04 2.684126538657928811e-04 2.677564973319956432e-04 2.670339883122174545e-04 2.665032287568074617e-04 2.660595407374246940e-04 2.658447363040027924e-04 2.655752016928030748e-04 2.653421053149693188e-04 2.650144046152130731e-04 2.646062792055603853e-04 2.645378147923905859e-04 2.647033519601012306e-04 2.648022519408175634e-04 2.651047073929323726e-04 2.659675695587192354e-04 2.666072298213450912e-04 2.661058311730480730e-04 2.655668009534768400e-04 2.660954936052295993e-04
2.757621500656709155e-04 2.742511617819747395e-04 2.726596726801900532e-04 2.718233763292617284e-04 2.707779400413675417e-04 2.695897759830543261e-04 2.688147765284319203e-04 2.678638525321071586e-04 2.672146764751870580e-04 2.665032287568074617e-04 2.659973144738102409e-04 2.655705667661154511e-04 2.653694839862906062e-04 2.651116572144348411e-04 2.648877627810406420e-04 2.645668258542853359e-04 2.641635402932024151e-04 2.640954150784887225e-04 2.642580322501256011e-04 2.643469006432636829e-04 2.646147058424828621e-04 2.654316318098344312e-04 2.660418598855185390e-04 2.655234174023645018e-04 2.649988368832569344e-04 2.655537045698186903e-04
2.752713058697054869e-04 2.737599834948370491e-04 2.721734119011909553e-04 2.713417059329513393e-04 2.702988283069594050e-04 2.691146831563145979e-04 2.683460472556684897e-04 2.674006508595102162e-04 2.667588445976185377e-04 2.660595407374246940e-04 2.655705667661154511e-04 2.651741543667210312e-04 2.649948400286263072e-04 2.647537904451409321e-04 2.645442370032076071e-04 2.642340428557736899e-04 2.638405021045136145e-04 2.637788164779791334e-04 2.639419386252208548e-04 2.640206066082617328e-04 2.642414983099804844e-04 2.649925011683957644e-04 2.655653773840586235e-04 2.650343878606034815e-04 2.645323612117611253e-04 2.651155134328030127e-04
2.750176380533359282e-04 2.735061455246927398e-04 2.719212830336160220e-04 2.710926107494002310e-04 2.700516501119101537e-04 2.688690036726479912e-04 2.681053529000848958e-04 2.671675733333988894e-04 2.665320834097867158e-04 2.658447363040027924e-04 2.653694839862906062e-04 2.649948400286263072e-04 2.648532446955523473e-04 2.646422318556329372e-04 2.644567251993447930e-04 2.641648840924404784e-04 2.637861311148052769e-04 2.637335918954383058e-04 2.638995408360625145e-04 2.639625907350614175e-04 2.641219259821960051e-04 2.647894339186940824e-04 2.653112204935682361e-04 2.647828748902747832e-04 2.643226254480822630e-04 2.649290659235010981e-04
2.747168329728598944e-04 2.732024487488259718e-04 2.716230271639867968e-04 2.707936428899276209e-04 2.697536687577096006e-04 2.685735256119134548e-04 2.678149729028343122e-04 2.668824874624476013e-04 2.662522872753614561e-04 2.655752016928030748e-04 2.651116572144348411e-04 2.647537904451409321e-04 2.646422318556329372e-04 2.644766828523891964e-04 2.643250399198625962e-04 2.640565254390696216e-04 2.636934092725956970e-04 2.636504042584086882e-04 2.638191105629890377e-04 2.638688142866043467e-04 2.639713111060830041e-04 2.645452539227781852e-04 2.650044741140675036e-04 2.644650476725764676e-04 2.640431171519297513e-04 2.646784806167441187e-04
2.744580811591991465e-04 2.729411521319044737e-04 2.713668056800562435e-04 2.705383367966856102e-04 2.695002470220252220e-04 2.683233509730800792e-04 2.675659934239147894e-04 2.666376716919720779e-04 2.660113679113077271e-04 2.653421053149693188e-04 2.648877627810406420e-04 2.645442370032076071e-04 2.644567251993447930e-04 2.643250399198625962e-04 2.642236032085786891e-04 2.639970922064268743e-04 2.636639523880113093e-04 2.636339497953604587e-04 2.638064636383256499e-04 2.638420199851071826e-04 2.638831112557663938e-04 2.643556641853984381e-04 2.647533209425107989e-04 2.642113157346332982e-04 2.638154707705933871e-04 2.644722126274599351e-04
2.741184711710807284e-04 2.725997290246531422e-04 2.710319537906972207e-04 2.702051243708738755e-04 2.691705352538063920e-04 2.679927369096234829e-04 2.672327851862137419e-04 2.663044130790046264e-04 2.656803820884114380e-04 2.650144046152130731e-04 2.645668258542853359e-04 2.642340428557736899e-04 2.641648840924404784e-04 2.640565254390696216e-04 2.639970922064268743e-04 2.638430057279805233e-04 2.635680099866034441e-04 2.635673444698151727e-04 2.637564624983906869e-04 2.637917942590265320e-04 2.637745309031770376e-04 2.641193586097930618e-04 2.644192842584854064e-04 2.638876733072509123e-04 2.635383233392762079e-04 2.642009847113455838e-04
2.736978370116067722e-04 2.721751427915669705e-04 2.706159150928180734e-04 2.697875061541483359e-04 2.687567077714637649e-04 2.675804023312312744e-04 2.668204074268127972e-04 2.658947090166460933e-04 2.652700074081037660e-04 2.646062792055603853e-04 2.641635402932024151e-04 2.638405021045136145e-04 2.637861311148052769e-04 2.636934092725956970e-04 2.636639523880113093e-04 2.635680099866034441e-04 2.633873171926998579e-04 2.634611822834480375e-04 2.636980140801364523e-04 2.637478550853450269e-04 2.636776935331420785e-04 2.638849791636459262e-04 2.640499431228856479e-04 2.635124895713375514e-04 2.632071294681740314e-04 2.638644734857071238e-04
2.736324939481936521e-04 2.721063183003506899e-04 2.705467729384544327e-04 2.697223364501684156e-04 2.686909840434182337e-04 2.675165136713789560e-04 2.667548620662145431e-04 2.658316721160425733e-04 2.652037822768341189e-04 2.645378147923905859e-04 2.640954150784887225e-04 2.637788164779791334e-04 2.637335918954383058e-04 2.636504042584086882e-04 2.636339497953604587e-04 2.635673444698151727e-04 2.634611822834480375e-04 2.636637777261682694e-04 2.640108817095769469e-04 2.641127275419155422e-04 2.640179563555494031e-04 2.640810194623917622e-04 2.640451588786600894e-04 2.634680271539686274e-04 2.632269476834758325e-04 2.638879867834645950e-04
2.738068184814212297e-04 2.722850716618145433e-04 2.707246786287939122e-04 2.699066684672206374e-04 2.688760578543315468e-04 2.676998294371920380e-04 2.669356683907909479e-04 2.660114422108988920e-04 2.653761201114583786e-04 2.647033519601012306e-04 2.642580322501256011e-04 2.639419386252208548e-04 2.638995408360625145e-04 2.638191105629890377e-04 2.638064636383256499e-04 2.637564624983906869e-04 2.636980140801364523e-04 2.640108817095769469e-04 2.645472867441075841e-04 2.647820300001360832e-04 2.647038460784024104e-04 2.646497952828754090e-04 2.643715959971100699e-04 2.636935385762651397e-04 2.634834850543652830e-04 2.641538564413206300e-04
2.739540463814386473e-04 2.724419967534005772e-04 2.708745113256620912e-04 2.700630464238191271e-04 2.690285304779714321e-04 2.678448396574984705e-04 2.670738062977311600e-04 2.661426532965335432e-04 2.654886510976123791e-04 2.648022519408175634e-04 2.643469006432636829e-04 2.640206066082617328e-04 2.639625907350614175e-04 2.638688142866043467e-04 2.638420199851071826e-04 2.637917942590265320e-04 2.637478550853450269e-04 2.641127275419155422e-04 2.647820300001360832e-04 2.652855430728468162e-04 2.654137768034521170e-04 2.653825860676891583e-04 2.648688728447937016e-04 2.639576589686397942e-04 2.637405963970611235e-04 2.643930713418812155e-04
2.743968552288883521e-04 2.728963236931905350e-04 2.713145631092869943e-04 2.705000934140641515e-04 2.694559433589485621e-04 2.682552430169352011e-04 2.674657975684438397e-04 2.665118406637306142e-04 2.658282543509295497e-04 2.651047073929323726e-04 2.646147058424828621e-04 2.642414983099804844e-04 2.641219259821960051e-04 2.639713111060830041e-04 2.638831112557663938e-04 2.637745309031770376e-04 2.636776935331420785e-04 2.640179563555494031e-04 2.647038460784024104e-04 2.654137768034521170e-04 2.660305126674676677e-04 2.664181070764762489e-04 2.659514321626076767e-04 2.646806019654142491e-04 2.642620011672499160e-04 2.648294147349112442e-04
2.754397142739661354e-04 2.739304094561631768e-04 2.723401332977695081e-04 2.714922409185193688e-04 2.704465984225299865e-04 2.692341146556910059e-04 2.684236565005367688e-04 2.674480534935318610e-04 2.667360008049132129e-04 2.659675695587192354e-04 2.654316318098344312e-04 2.649925011683957644e-04 2.647894339186940824e-04 2.645452539227781852e-04 2.643556641853984381e-04 2.641193586097930618e-04 2.638849791636459262e-04 2.640810194623917622e-04 2.646497952828754090e-04 2.653825860676891583e-04 2.664181070764762489e-04 2.676529999756319263e-04 2.677904289667582829e-04 2.662709259732598576e-04 2.653407718435867426e-04 2.658004645189354252e-04
2.761645811510973726e-04 2.746437040841474093e-04 2.730357171884206075e-04 2.721763347760312282e-04 2.711278171899809074e-04 2.699215239264639060e-04 2.690996966923141567e-04 2.681184381913262384e-04 2.674022445193687003e-04 2.666072298213450912e-04 2.660418598855185390e-04 2.655653773840586235e-04 2.653112204935682361e-04 2.650044741140675036e-04 2.647533209425107989e-04 2.644192842584854064e-04 2.640499431228856479e-04 2.640451588786600894e-04 2.643715959971100699e-04 2.648688728447937016e-04 2.659514321626076767e-04 2.677904289667582829e-04 2.690562795120494586e-04 2.678657082197357839e-04 2.662246734283150291e-04 2.664752812660577661e-04
2.756440079545207961e-04 2.740969152577228413e-04 2.724801703782241363e-04 2.716387592471906074e-04 2.705987060914509740e-04 2.693979730077111822e-04 2.685797404091634145e-04 2.676137196377498229e-04 2.669075197123277907e-04 2.661058311730480730e-04 2.655234174023645018e-04 2.650343878606034815e-04 2.647828748902747832e-04 2.644650476725764676e-04 2.642113157346332982e-04 2.638876733072509123e-04 2.635124895713375514e-04 2.634680271539686274e-04 2.636935385762651397e-04 2.639576589686397942e-04 2.646806019654142491e-04 2.662709259732598576e-04 2.678657082197357839e-04 2.677756162105279065e-04 2.662662371982793845e-04 2.660755387448820964e-04
2.750000086601610922e-04 2.734538424064524823e-04 2.718488643281609537e-04 2.710068091611002794e-04 2.699853514306144110e-04 2.687954149401142277e-04 2.679779286947886864e-04 2.670167066637363362e-04 2.663352156440697976e-04 2.655668009534768400e-04 2.649988368832569344e-04 2.645323612117611253e-04 2.643226254480822630e-04 2.640431171519297513e-04 2.638154707705933871e-04 2.635383233392762079e-04 2.632071294681740314e-04 2.632269476834758325e-04 2.634834850543652830e-04 2.637405963970611235e-04 2.642620011672499160e-04 2.653407718435867426e-04 2.662246734283150291e-04 2.662662371982793845e-04 2.662100817729586987e-04 2.662291307341423585e-04
2.754691098831711128e-04 2.739393935496751151e-04 2.723369174138613800e-04 2.714878956746962467e-04 2.704657881601945052e-04 2.692911547440342713e-04 2.684646665964230219e-04 2.674976644811984756e-04 2.668397863331983138e-04 2.660954936052295993e-04 2.655537045698186903e-04 2.651155134328030127e-04 2.649290659235010981e-04 2.646784806167441187e-04 2.644722126274599351e-04 2.642009847113455838e-04 2.638644734857071238e-04 2.638879867834645950e-04 2.641538564413206300e-04 2.643930713418812155e-04 2.648294147349112442e-04 2.658004645189354252e-04 2.664752812660577661e-04 2.660755387448820964e-04 2.662291307341423585e-04 2.675115060259711870e-04
