6.786266470584415402e-04 6.737574683354203382e-04 6.702377006509987675e-04 6.672504272464444778e-04 6.650418238223808690e-04 6.629117158569411850e-04 6.617876694333593842e-04 6.612148889780558028e-04 6.602712858234272442e-04 6.593911819849128733e-04 6.586223608978803573e-04 6.583843342259805814e-04 6.583744048233527730e-04 6.587292774225355068e-04 6.589176248157615958e-04 6.598747130295055203e-04 6.607026938150829592e-04 6.613095095863926213e-04 6.625087886470641240e-04 6.628823462699128628e-04 6.619836984957324939e-04 6.582993778764917011e-04 6.536984317474858275e-04 6.525732170696781380e-04 6.546999618811294485e-04 6.567740113368141343e-04
6.737574683354203382e-04 6.689997180702847478e-04 6.654892142140986190e-04 6.625255579477997954e-04 6.603289808720350269e-04 6.582186420402012968e-04 6.571048309522368579e-04 6.565374749869356402e-04 6.556026277373938876e-04 6.547355372128565955e-04 6.539792814074061201e-04 6.537485923761534494e-04 6.537441803613975233e-04 6.541023912628067061e-04 6.542976149105266589e-04 6.552580873339790583e-04 6.560934129531154502e-04 6.567120727825058761e-04 6.579155697988939592e-04 6.582800979925483402e-04 6.573582781543880083e-04 6.536455838369407143e-04 6.490581296455376781e-04 6.479609143641886903e-04 6.500833208055853060e-04 6.521531958816952383e-04
6.702377006509987675e-04 6.654892142140986190e-04 6.620481973456995026e-04 6.590874146966508662e-04 6.569042975060230020e-04 6.548067197797835916e-04 6.537026134027949581e-04 6.531392017786433364e-04 6.522092296434093802e-04 6.513456631864825153e-04 6.505942334459242655e-04 6.503678402848030041e-04 6.503647947745183969e-04 6.507167548483048158e-04 6.509132106946089293e-04 6.518749981098651437e-04 6.527101430277683705e-04 6.533312937581438372e-04 6.545349727447842634e-04 6.548977543074639175e-04 6.539854250074039928e-04 6.502985770749714674e-04 6.457230322685044484e-04 6.446004976464911286e-04 6.466724170537490029e-04 6.487436093430297207e-04
6.672504272464444778e-04 6.625255579477997954e-04 6.590874146966508662e-04 6.561832992962772851e-04 6.540044426469609909e-04 6.519168055248183947e-04 6.508185808274589935e-04 6.502567285155523439e-04 6.493341943920636445e-04 6.484746041913563549e-04 6.477266427882563769e-04 6.474989326570725979e-04 6.474961396819019048e-04 6.478460236343674570e-04 6.480420609521632793e-04 6.489958900206030910e-04 6.498234846651576189e-04 6.504432794267853190e-04 6.516486780189763642e-04 6.520210190255346441e-04 6.511212639813554947e-04 6.474496486298881096e-04 6.428838952326419416e-04 6.417558516468244980e-04 6.438240459380909853e-04 6.459009336741065952e-04
6.650418238223808690e-04 6.603289808720350269e-04 6.569042975060230020e-04 6.540044426469609909e-04 6.518645136256770835e-04 6.497850430302507495e-04 6.486914558849976803e-04 6.481339143188673182e-04 6.472155781588279175e-04 6.463636402521792407e-04 6.456190057940048698e-04 6.453956323890952963e-04 6.453973330973940964e-04 6.457497265473288511e-04 6.459472412696878364e-04 6.468998194339689633e-04 6.477197111185560184e-04 6.483367702205374223e-04 6.495313138934591434e-04 6.498908241470697893e-04 6.489664293997612519e-04 6.452634442382590039e-04 6.406872684949923256e-04 6.395717673632315709e-04 6.416775174123371533e-04 6.437381520526103389e-04
6.629117158569411850e-04 6.582186420402012968e-04 6.548067197797835916e-04 6.519168055248183947e-04 6.497850430302507495e-04 6.477398682015083394e-04 6.466511868438658316e-04 6.460970503628462626e-04 6.451838671741732005e-04 6.443389100876406074e-04 6.436021507059068014e-04 6.433858425169598511e-04 6.433945744628710847e-04 6.437523224827075693e-04 6.439573875197963232e-04 6.449174941401582132e-04 6.457441754796958405e-04 6.463764521485355647e-04 6.475802929837711722e-04 6.479356242708087486e-04 6.469922267457105204e-04 6.432658371138804537e-04 6.386613426633252349e-04 6.375037805747761329e-04 6.396156787073810487e-04 6.416912128637920288e-04
6.617876694333593842e-04 6.571048309522368579e-04 6.537026134027949581e-04 6.508185808274589935e-04 6.486914558849976803e-04 6.466511868438658316e-04 6.455868244678021573e-04 6.450362188236073279e-04 6.441284257652202770e-04 6.432915516589639976e-04 6.425653144196286776e-04 6.423602727013983781e-04 6.423805853957897981e-04 6.427494140525891663e-04 6.429678466060600355e-04 6.439405575424806804e-04 6.447794308646104299e-04 6.454256122312694056e-04 6.466428237096815248e-04 6.469985828800173385e-04 6.460365698340500692e-04 6.422747800187802222e-04 6.376382556657092483e-04 6.364492488200504785e-04 6.385291460386564128e-04 6.405896289290205188e-04
6.612148889780558028e-04 6.565374749869356402e-04 6.531392017786433364e-04 6.502567285155523439e-04 6.481339143188673182e-04 6.460970503628462626e-04 6.450362188236073279e-04 6.445029585901890278e-04 6.436017699381767383e-04 6.427710635505796098e-04 6.420525892304187413e-04 6.418556174005406179e-04 6.418851792004639546e-04 6.422628295776762995e-04 6.424899031337893193e-04 6.434689369188290996e-04 6.443132066279900908e-04 6.449670650471794279e-04 6.461892267977778536e-04 6.465421419025782880e-04 6.455608819305152634e-04 6.417658326557158397e-04 6.371055846423948326e-04 6.359040948616910549e-04 6.379693407748861234e-04 6.400588796447764968e-04
6.602712858234272442e-04 6.556026277373938876e-04 6.522092296434093802e-04 6.493341943920636445e-04 6.472155781588279175e-04 6.451838671741732005e-04 6.441284257652202770e-04 6.436017699381767383e-04 6.427230540429128237e-04 6.419044049917135581e-04 6.412014438591445232e-04 6.410180428483635640e-04 6.410610229045693616e-04 6.414505025348120554e-04 6.416888401862239381e-04 6.426772895842899512e-04 6.435299098252408607e-04 6.441946565548876654e-04 6.454215046823297535e-04 6.457690572657097828e-04 6.447579980203853355e-04 6.409184035520229398e-04 6.362308291185859608e-04 6.350153716207854182e-04 6.370842443418788708e-04 6.391923566013579415e-04
6.593911819849128733e-04 6.547355372128565955e-04 6.513456631864825153e-04 6.484746041913563549e-04 6.463636402521792407e-04 6.443389100876406074e-04 6.432915516589639976e-04 6.427710635505796098e-04 6.419044049917135581e-04 6.411110224983179685e-04 6.404283188700954366e-04 6.402619435474111434e-04 6.403242441215111500e-04 6.407306683799522413e-04 6.409852066277746266e-04 6.419873291633478420e-04 6.428530780078654458e-04 6.435284660898213426e-04 6.447553295080321904e-04 6.450834376347107683e-04 6.440260581921687655e-04 6.401193628293939996e-04 6.354027725525954358e-04 6.341873403823641451e-04 6.362505646356878030e-04 6.383489616829828754e-04
6.586223608978803573e-04 6.539792814074061201e-04 6.505942334459242655e-04 6.477266427882563769e-04 6.456190057940048698e-04 6.436021507059068014e-04 6.425653144196286776e-04 6.420525892304187413e-04 6.412014438591445232e-04 6.404283188700954366e-04 6.397862617147559222e-04 6.396499657123361085e-04 6.397400946310832131e-04 6.401736604403201200e-04 6.404527118102061687e-04 6.414793972091462461e-04 6.423687035326640241e-04 6.430651433908287891e-04 6.443013665692118438e-04 6.446025553417911950e-04 6.434715437933545903e-04 6.394523045335515771e-04 6.346743977275609572e-04 6.334560229342445789e-04 6.355185140410577220e-04 6.376132690541291099e-04
6.583843342259805814e-04 6.537485923761534494e-04 6.503678402848030041e-04 6.474989326570725979e-04 6.453956323890952963e-04 6.433858425169598511e-04 6.423602727013983781e-04 6.418556174005406179e-04 6.410180428483635640e-04 6.402619435474111434e-04 6.396499657123361085e-04 6.395581036035081829e-04 6.396837009891829812e-04 6.401503140582169614e-04 6.404618055839547339e-04 6.415204764810320632e-04 6.424388798096434920e-04 6.431605926143446833e-04 6.444091395941612928e-04 6.446844278498683502e-04 6.434590361948479883e-04 6.392972778407622668e-04 6.344543935552460169e-04 6.332498617673275364e-04 6.353112162469255883e-04 6.374041529993969496e-04
6.583744048233527730e-04 6.537441803613975233e-04 6.503647947745183969e-04 6.474961396819019048e-04 6.453973330973940964e-04 6.433945744628710847e-04 6.423805853957897981e-04 6.418851792004639546e-04 6.410610229045693616e-04 6.403242441215111500e-04 6.397400946310832131e-04 6.396837009891829812e-04 6.398655993612111480e-04 6.403842040593778207e-04 6.407447812613583987e-04 6.418503229608455828e-04 6.428118250865902730e-04 6.435710258863213068e-04 6.448414760579803100e-04 6.451000320371087652e-04 6.437795890757434022e-04 6.394442588722743914e-04 6.344853502904411382e-04 6.332506977900927668e-04 6.353327859901984447e-04 6.374535635417471861e-04
6.587292774225355068e-04 6.541023912628067061e-04 6.507167548483048158e-04 6.478460236343674570e-04 6.457497265473288511e-04 6.437523224827075693e-04 6.427494140525891663e-04 6.422628295776762995e-04 6.414505025348120554e-04 6.407306683799522413e-04 6.401736604403201200e-04 6.401503140582169614e-04 6.403842040593778207e-04 6.409823297074646823e-04 6.414146644376204649e-04 6.425869399080580717e-04 6.436105469115400079e-04 6.444275571428530539e-04 6.457439550400152252e-04 6.459985189507149242e-04 6.445780399168571807e-04 6.400203497604745311e-04 6.349118592885856461e-04 6.336521546438654865e-04 6.357692587589384341e-04 6.379107732414728005e-04
6.589176248157615958e-04 6.542976149105266589e-04 6.509132106946089293e-04 6.480420609521632793e-04 6.459472412696878364e-04 6.439573875197963232e-04 6.429678466060600355e-04 6.424899031337893193e-04 6.416888401862239381e-04 6.409852066277746266e-04 6.404527118102061687e-04 6.404618055839547339e-04 6.407447812613583987e-04 6.414146644376204649e-04 6.419484862703997473e-04 6.432184681230441060e-04 6.443299030630910123e-04 6.452285150512682057e-04 6.466107874824697944e-04 6.468741174542698077e-04 6.453612074284359760e-04 6.405680300441409999e-04 6.352789381149039809e-04 6.339518379548277072e-04 6.360284964673933086e-04 6.381300423926911276e-04
6.598747130295055203e-04 6.552580873339790583e-04 6.518749981098651437e-04 6.489958900206030910e-04 6.468998194339689633e-04 6.449174941401582132e-04 6.439405575424806804e-04 6.434689369188290996e-04 6.426772895842899512e-04 6.419873291633478420e-04 6.414793972091462461e-04 6.415204764810320632e-04 6.418503229608455828e-04 6.425869399080580717e-04 6.432184681230441060e-04 6.446283209181800054e-04 6.458736070879626248e-04 6.468922139674521945e-04 6.483726698790441946e-04 6.486643227770748929e-04 6.470524407726359036e-04 6.419650976799719504e-04 6.364088686701634525e-04 6.349820853382236565e-04 6.370192244485586505e-04 6.390535454004455046e-04
6.607026938150829592e-04 6.560934129531154502e-04 6.527101430277683705e-04 6.498234846651576189e-04 6.477197111185560184e-04 6.457441754796958405e-04 6.447794308646104299e-04 6.443132066279900908e-04 6.435299098252408607e-04 6.428530780078654458e-04 6.423687035326640241e-04 6.424388798096434920e-04 6.428118250865902730e-04 6.436105469115400079e-04 6.443299030630910123e-04 6.458736070879626248e-04 6.473068415158867578e-04 6.485116562036961430e-04 6.501467028641016565e-04 6.505081134339896860e-04 6.488182515664842314e-04 6.434101959768260973e-04 6.375045996202398542e-04 6.359409030441792428e-04 6.379103679541720104e-04 6.398715388832165599e-04
6.613095095863926213e-04 6.567120727825058761e-04 6.533312937581438372e-04 6.504432794267853190e-04 6.483367702205374223e-04 6.463764521485355647e-04 6.454256122312694056e-04 6.449670650471794279e-04 6.441946565548876654e-04 6.435284660898213426e-04 6.430651433908287891e-04 6.431605926143446833e-04 6.435710258863213068e-04 6.444275571428530539e-04 6.452285150512682057e-04 6.468922139674521945e-04 6.485116562036961430e-04 6.499890437430302622e-04 6.518819763947606045e-04 6.524102323271545540e-04 6.507020862863727596e-04 6.449684579777982584e-04 6.386084315337841114e-04 6.367761233185460518e-04 6.386542842355317053e-04 6.405444421031884208e-04
6.625087886470641240e-04 6.579155697988939592e-04 6.545349727447842634e-04 6.516486780189763642e-04 6.495313138934591434e-04 6.475802929837711722e-04 6.466428237096815248e-04 6.461892267977778536e-04 6.454215046823297535e-04 6.447553295080321904e-04 6.443013665692118438e-04 6.444091395941612928e-04 6.448414760579803100e-04 6.457439550400152252e-04 6.466107874824697944e-04 6.483726698790441946e-04 6.501467028641016565e-04 6.518819763947606045e-04 6.541281544532687739e-04 6.549484931516093159e-04 6.533465574416931357e-04 6.473937263003581941e-04 6.405548408403835331e-04 6.383428491023338761e-04 6.400363784938785687e-04 6.418161481118168877e-04
6.628823462699128628e-04 6.582800979925483402e-04 6.548977543074639175e-04 6.520210190255346441e-04 6.498908241470697893e-04 6.479356242708087486e-04 6.469985828800173385e-04 6.465421419025782880e-04 6.457690572657097828e-04 6.450834376347107683e-04 6.446025553417911950e-04 6.446844278498683502e-04 6.451000320371087652e-04 6.459985189507149242e-04 6.468741174542698077e-04 6.486643227770748929e-04 6.505081134339896860e-04 6.524102323271545540e-04 6.549484931516093159e-04 6.562309552586849219e-04 6.550580262791934772e-04 6.492446411304216404e-04 6.420063613014128116e-04 6.391316341105190068e-04 6.406000454134931285e-04 6.423023790719281211e-04
6.619836984957324939e-04 6.573582781543880083e-04 6.539854250074039928e-04 6.511212639813554947e-04 6.489664293997612519e-04 6.469922267457105204e-04 6.460365698340500692e-04 6.455608819305152634e-04 6.447579980203853355e-04 6.440260581921687655e-04 6.434715437933545903e-04 6.434590361948479883e-04 6.437795890757434022e-04 6.445780399168571807e-04 6.453612074284359760e-04 6.470524407726359036e-04 6.488182515664842314e-04 6.507020862863727596e-04 6.533465574416931357e-04 6.550580262791934772e-04 6.547757319996216343e-04 6.498430190963535051e-04 6.426712410379830168e-04 6.390245807952778375e-04 6.401009034252640693e-04 6.416118165523549679e-04
6.582993778764917011e-04 6.536455838369407143e-04 6.502985770749714674e-04 6.474496486298881096e-04 6.452634442382590039e-04 6.432658371138804537e-04 6.422747800187802222e-04 6.417658326557158397e-04 6.409184035520229398e-04 6.401193628293939996e-04 6.394523045335515771e-04 6.392972778407622668e-04 6.394442588722743914e-04 6.400203497604745311e-04 6.405680300441409999e-04 6.419650976799719504e-04 6.434101959768260973e-04 6.449684579777982584e-04 6.473937263003581941e-04 6.492446411304216404e-04 6.498430190963535051e-04 6.466849425628954815e-04 6.406807324182081393e-04 6.366861102902672846e-04 6.369119119020074521e-04 6.380813720054408613e-04
6.536984317474858275e-04 6.490581296455376781e-04 6.457230322685044484e-04 6.428838952326419416e-04 6.406872684949923256e-04 6.386613426633252349e-04 6.376382556657092483e-04 6.371055846423948326e-04 6.362308291185859608e-04 6.354027725525954358e-04 6.346743977275609572e-04 6.344543935552460169e-04 6.344853502904411382e-04 6.349118592885856461e-04 6.352789381149039809e-04 6.364088686701634525e-04 6.375045996202398542e-04 6.386084315337841114e-04 6.405548408403835331e-04 6.420063613014128116e-04 6.426712410379830168e-04 6.406807324182081393e-04 6.367634723833556732e-04 6.339147453409444159e-04 6.333406048826940946e-04 6.339232532708022208e-04
6.525732170696781380e-04 6.479609143641886903e-04 6.446004976464911286e-04 6.417558516468244980e-04 6.395717673632315709e-04 6.375037805747761329e-04 6.364492488200504785e-04 6.359040948616910549e-04 6.350153716207854182e-04 6.341873403823641451e-04 6.334560229342445789e-04 6.332498617673275364e-04 6.332506977900927668e-04 6.336521546438654865e-04 6.339518379548277072e-04 6.349820853382236565e-04 6.359409030441792428e-04 6.367761233185460518e-04 6.383428491023338761e-04 6.391316341105190068e-04 6.390245807952778375e-04 6.366861102902672846e-04 6.339147453409444159e-04 6.337370755080540133e-04 6.339653641362862340e-04 6.337227167620869406e-04
6.546999618811294485e-04 6.500833208055853060e-04 6.466724170537490029e-04 6.438240459380909853e-04 6.416775174123371533e-04 6.396156787073810487e-04 6.385291460386564128e-04 6.379693407748861234e-04 6.370842443418788708e-04 6.362505646356878030e-04 6.355185140410577220e-04 6.353112162469255883e-04 6.353327859901984447e-04 6.357692587589384341e-04 6.360284964673933086e-04 6.370192244485586505e-04 6.379103679541720104e-04 6.386542842355317053e-04 6.400363784938785687e-04 6.406000454134931285e-04 6.401009034252640693e-04 6.369119119020074521e-04 6.333406048826940946e-04 6.339653641362862340e-04 6.373934374990479360e-04 6.380164915527400653e-04
6.567740113368141343e-04 6.521531958816952383e-04 6.487436093430297207e-04 6.459009336741065952e-04 6.437381520526103389e-04 6.416912128637920288e-04 6.405896289290205188e-04 6.400588796447764968e-04 6.391923566013579415e-04 6.383489616829828754e-04 6.376132690541291099e-04 6.374041529993969496e-04 6.374535635417471861e-04 6.379107732414728005e-04 6.381300423926911276e-04 6.390535454004455046e-04 6.398715388832165599e-04 6.405444421031884208e-04 6.418161481118168877e-04 6.423023790719281211e-04 6.416118165523549679e-04 6.380813720054408613e-04 6.339232532708022208e-04 6.337227167620869406e-04 6.380164915527400653e-04 6.416037698447904850e-04
