1.146556665632657301e-04 1.144439154757502899e-04 1.145888134064837374e-04 1.145019706584570878e-04 1.146979033594044956e-04 1.147703699544914670e-04 1.148494529402218798e-04 1.148498335848823653e-04 1.148110403015641378e-04 1.146982248691877967e-04 1.146451092605428850e-04 1.148881716301809215e-04 1.149496804447927963e-04 1.148005372647266029e-04 1.148461820011982830e-04 1.148663362327573018e-04 1.150572071639948546e-04 1.152859653606481277e-04 1.154336376463311264e-04 1.156650813744048795e-04 1.154546472779261596e-04 1.152096163366395629e-04 1.150192069264238898e-04 1.147829884277529758e-04 1.139092170694767968e-04 1.137734200049952976e-04
1.144439154757502899e-04 1.143291827674333992e-04 1.144425963145265522e-04 1.143603581035001235e-04 1.145479308815616933e-04 1.146189273927958915e-04 1.147024674866181968e-04 1.147072397297374562e-04 1.146778106976690978e-04 1.145695706859864031e-04 1.145207837191802456e-04 1.147674506085598724e-04 1.148352307873087727e-04 1.146885283830418527e-04 1.147386990877129149e-04 1.147603804910262245e-04 1.149500149260952470e-04 1.151766852498945572e-04 1.153304657340549006e-04 1.155490044544732904e-04 1.153149773923274331e-04 1.150559077164148118e-04 1.148830479645015563e-04 1.146500099470827033e-04 1.137645087092416864e-04 1.136436671410500412e-04
1.145888134064837374e-04 1.144425963145265522e-04 1.146166484073305559e-04 1.145137227204922231e-04 1.147028617569894308e-04 1.147769128431007780e-04 1.148582064021336560e-04 1.148641900497979646e-04 1.148282969574849208e-04 1.147190852536639346e-04 1.146723607685007286e-04 1.149209586143695153e-04 1.149912983932958687e-04 1.148456901546459323e-04 1.148925251777035142e-04 1.149105083569338417e-04 1.150955053491797202e-04 1.153173049312566575e-04 1.154641371095685085e-04 1.156741937857056396e-04 1.154335338381602319e-04 1.151686693679779218e-04 1.149949421507520040e-04 1.147765054789159943e-04 1.139003820658819740e-04 1.137836111316364580e-04
1.145019706584570878e-04 1.143603581035001235e-04 1.145137227204922231e-04 1.144518275497969511e-04 1.146361666252238232e-04 1.147073072775330196e-04 1.147919839669428970e-04 1.147957379893820219e-04 1.147640354114806742e-04 1.146561085409670888e-04 1.146108020837336073e-04 1.148610406960116887e-04 1.149321282877918920e-04 1.147872338540148040e-04 1.148360496902009519e-04 1.148541113608181992e-04 1.150391394832239831e-04 1.152589322064347392e-04 1.153996612090164918e-04 1.156039743705902182e-04 1.153577250413396024e-04 1.150878951611002517e-04 1.149113899740282605e-04 1.146951743745279587e-04 1.138245619807477582e-04 1.136921052293744577e-04
1.146979033594044956e-04 1.145479308815616933e-04 1.147028617569894308e-04 1.146361666252238232e-04 1.148491574619930677e-04 1.149164898938521105e-04 1.150014720206820408e-04 1.150063731144783223e-04 1.149775902530682584e-04 1.148695090471338733e-04 1.148243910284716030e-04 1.150770656203434515e-04 1.151499755835856957e-04 1.150066543858361032e-04 1.150555570682066427e-04 1.150743437270213362e-04 1.152608555021090861e-04 1.154829769873746173e-04 1.156240650443736309e-04 1.158306222080433557e-04 1.155874982626511259e-04 1.153062422580102665e-04 1.151206760535124972e-04 1.149065175369960338e-04 1.140531867747926676e-04 1.139087964646157033e-04
1.147703699544914670e-04 1.146189273927958915e-04 1.147769128431007780e-04 1.147073072775330196e-04 1.149164898938521105e-04 1.150059462354936877e-04 1.150885610899937147e-04 1.150952203514697182e-04 1.150640711664884143e-04 1.149565623556370346e-04 1.149122623026242149e-04 1.151676775489976376e-04 1.152433611376212124e-04 1.151034732740834559e-04 1.151546076009140560e-04 1.151731108456844547e-04 1.153602840884749599e-04 1.155844574372815993e-04 1.157251778565329757e-04 1.159254101824676075e-04 1.156728292343160871e-04 1.153750753004177692e-04 1.151930230072107671e-04 1.149859293410235680e-04 1.141297597290149868e-04 1.139780689043594304e-04
1.148494529402218798e-04 1.147024674866181968e-04 1.148582064021336560e-04 1.147919839669428970e-04 1.150014720206820408e-04 1.150885610899937147e-04 1.151918450893486270e-04 1.151982344213356457e-04 1.151705722124620753e-04 1.150654979850571861e-04 1.150242935658979924e-04 1.152833553658257559e-04 1.153620320008187406e-04 1.152238557199334749e-04 1.152749288307829655e-04 1.152944241701231903e-04 1.154847508907762282e-04 1.157098845477742328e-04 1.158536193325923895e-04 1.160596358760702311e-04 1.158103017730690486e-04 1.155067214878904565e-04 1.153106605354314786e-04 1.150786449393093671e-04 1.142174080427731347e-04 1.140628629306337486e-04
1.148498335848823653e-04 1.147072397297374562e-04 1.148641900497979646e-04 1.147957379893820219e-04 1.150063731144783223e-04 1.150952203514697182e-04 1.151982344213356457e-04 1.152203268397017854e-04 1.151959121103360420e-04 1.150941079263146472e-04 1.150558276685161908e-04 1.153177719424789403e-04 1.153987768980887845e-04 1.152611275235351817e-04 1.153116110241117270e-04 1.153305669372689361e-04 1.155177928657311168e-04 1.157386481337417943e-04 1.158792665786586223e-04 1.160817860578686460e-04 1.158263280912389900e-04 1.155140103450986576e-04 1.153221322681351294e-04 1.150828255216989395e-04 1.142138334900699573e-04 1.140644252397270142e-04
1.148110403015641378e-04 1.146778106976690978e-04 1.148282969574849208e-04 1.147640354114806742e-04 1.149775902530682584e-04 1.150640711664884143e-04 1.151705722124620753e-04 1.151959121103360420e-04 1.151925249684513096e-04 1.150958955662774631e-04 1.150649019354885974e-04 1.153346315448361794e-04 1.154218108146225062e-04 1.152865870535368253e-04 1.153402313063422205e-04 1.153615684466566575e-04 1.155485813037084421e-04 1.157662266385531556e-04 1.159045312657679030e-04 1.160980019395281538e-04 1.158246094392804211e-04 1.154875418749018294e-04 1.153033061881736691e-04 1.150716808891239694e-04 1.141992575184675102e-04 1.140531834802398453e-04
1.146982248691877967e-04 1.145695706859864031e-04 1.147190852536639346e-04 1.146561085409670888e-04 1.148695090471338733e-04 1.149565623556370346e-04 1.150654979850571861e-04 1.150941079263146472e-04 1.150958955662774631e-04 1.150156775454896663e-04 1.149928639269349952e-04 1.152683293480401814e-04 1.153611721267587916e-04 1.152316945572212344e-04 1.152909749056024702e-04 1.153146324050105076e-04 1.155010580055722735e-04 1.157160335587208670e-04 1.158526386114947551e-04 1.160395295318867822e-04 1.157502036844245595e-04 1.153925794278437680e-04 1.152060685939920937e-04 1.149648968326613224e-04 1.140818535855123254e-04 1.139298347625288351e-04
1.146451092605428850e-04 1.145207837191802456e-04 1.146723607685007286e-04 1.146108020837336073e-04 1.148243910284716030e-04 1.149122623026242149e-04 1.150242935658979924e-04 1.150558276685161908e-04 1.150649019354885974e-04 1.149928639269349952e-04 1.149913980558337753e-04 1.152794242610954989e-04 1.153827743637589478e-04 1.152629422728202309e-04 1.153293937397483995e-04 1.153563777746759601e-04 1.155425855797353627e-04 1.157537043350499473e-04 1.158856045243237127e-04 1.160617695750754580e-04 1.157502806328430624e-04 1.153595181945979133e-04 1.151760465567726750e-04 1.149300152941340545e-04 1.140361210954041887e-04 1.138868117120791032e-04
1.148881716301809215e-04 1.147674506085598724e-04 1.149209586143695153e-04 1.148610406960116887e-04 1.150770656203434515e-04 1.151676775489976376e-04 1.152833553658257559e-04 1.153177719424789403e-04 1.153346315448361794e-04 1.152683293480401814e-04 1.152794242610954989e-04 1.155917501683355976e-04 1.157104096204813754e-04 1.156013397224186601e-04 1.156795310628886802e-04 1.157149787397565691e-04 1.159059009709280272e-04 1.161168580502135612e-04 1.162463661459012346e-04 1.164118388016672514e-04 1.160732874937827252e-04 1.156370433525456923e-04 1.154545951665913675e-04 1.152042052402989486e-04 1.142937189151492522e-04 1.141409344432136859e-04
1.149496804447927963e-04 1.148352307873087727e-04 1.149912983932958687e-04 1.149321282877918920e-04 1.151499755835856957e-04 1.152433611376212124e-04 1.153620320008187406e-04 1.153987768980887845e-04 1.154218108146225062e-04 1.153611721267587916e-04 1.153827743637589478e-04 1.157104096204813754e-04 1.158551182034408313e-04 1.157647800349714546e-04 1.158572286458749373e-04 1.159057001533112598e-04 1.161040034966348647e-04 1.163169840725956981e-04 1.164475967073893696e-04 1.166026631390666414e-04 1.162334021382529782e-04 1.157533264725078560e-04 1.155677740081523708e-04 1.153169196445276906e-04 1.143947371984591679e-04 1.142333455677270102e-04
1.148005372647266029e-04 1.146885283830418527e-04 1.148456901546459323e-04 1.147872338540148040e-04 1.150066543858361032e-04 1.151034732740834559e-04 1.152238557199334749e-04 1.152611275235351817e-04 1.152865870535368253e-04 1.152316945572212344e-04 1.152629422728202309e-04 1.156013397224186601e-04 1.157647800349714546e-04 1.157100029642852454e-04 1.158286706368906552e-04 1.158970080776026789e-04 1.161087928950111839e-04 1.163299594186713168e-04 1.164640628465924880e-04 1.166097896527009152e-04 1.162057424950645938e-04 1.156678369461028517e-04 1.154625643186926731e-04 1.152124470234994961e-04 1.142762457164523272e-04 1.141021047738834300e-04
1.148461820011982830e-04 1.147386990877129149e-04 1.148925251777035142e-04 1.148360496902009519e-04 1.150555570682066427e-04 1.151546076009140560e-04 1.152749288307829655e-04 1.153116110241117270e-04 1.153402313063422205e-04 1.152909749056024702e-04 1.153293937397483995e-04 1.156795310628886802e-04 1.158572286458749373e-04 1.158286706368906552e-04 1.159933728047856305e-04 1.160989063442169480e-04 1.163332257631150430e-04 1.165656103988490800e-04 1.167054351856790256e-04 1.168450628159431177e-04 1.164005927950536689e-04 1.157788222310290736e-04 1.155326510717221339e-04 1.152771901409130253e-04 1.143391125994394473e-04 1.141514432940444421e-04
1.148663362327573018e-04 1.147603804910262245e-04 1.149105083569338417e-04 1.148541113608181992e-04 1.150743437270213362e-04 1.151731108456844547e-04 1.152944241701231903e-04 1.153305669372689361e-04 1.153615684466566575e-04 1.153146324050105076e-04 1.153563777746759601e-04 1.157149787397565691e-04 1.159057001533112598e-04 1.158970080776026789e-04 1.160989063442169480e-04 1.162648365581716090e-04 1.165452477833711084e-04 1.168060841761594978e-04 1.169677127490365693e-04 1.171141782863516147e-04 1.166373194785567702e-04 1.159133748209197984e-04 1.155932105959973764e-04 1.153272447558165414e-04 1.143921567146133442e-04 1.141981198310212112e-04
1.150572071639948546e-04 1.149500149260952470e-04 1.150955053491797202e-04 1.150391394832239831e-04 1.152608555021090861e-04 1.153602840884749599e-04 1.154847508907762282e-04 1.155177928657311168e-04 1.155485813037084421e-04 1.155010580055722735e-04 1.155425855797353627e-04 1.159059009709280272e-04 1.161040034966348647e-04 1.161087928950111839e-04 1.163332257631150430e-04 1.165452477833711084e-04 1.169050836980763488e-04 1.172335445185993257e-04 1.174420826047999718e-04 1.176049863570276515e-04 1.170918878197114326e-04 1.162570265985612527e-04 1.158144124850321057e-04 1.155303365090190685e-04 1.145935259365671706e-04 1.144064737744450655e-04
1.152859653606481277e-04 1.151766852498945572e-04 1.153173049312566575e-04 1.152589322064347392e-04 1.154829769873746173e-04 1.155844574372815993e-04 1.157098845477742328e-04 1.157386481337417943e-04 1.157662266385531556e-04 1.157160335587208670e-04 1.157537043350499473e-04 1.161168580502135612e-04 1.163169840725956981e-04 1.163299594186713168e-04 1.165656103988490800e-04 1.168060841761594978e-04 1.172335445185993257e-04 1.176750011128007025e-04 1.179733234257332610e-04 1.181778751640571670e-04 1.176531279351836532e-04 1.167268423974783320e-04 1.161074033895499448e-04 1.157799987299034836e-04 1.148542974488497121e-04 1.146884701890690052e-04
1.154336376463311264e-04 1.153304657340549006e-04 1.154641371095685085e-04 1.153996612090164918e-04 1.156240650443736309e-04 1.157251778565329757e-04 1.158536193325923895e-04 1.158792665786586223e-04 1.159045312657679030e-04 1.158526386114947551e-04 1.158856045243237127e-04 1.162463661459012346e-04 1.164475967073893696e-04 1.164640628465924880e-04 1.167054351856790256e-04 1.169677127490365693e-04 1.174420826047999718e-04 1.179733234257332610e-04 1.184218087740684250e-04 1.187281189898957553e-04 1.182221710712957679e-04 1.172086986271641423e-04 1.163724974156805881e-04 1.159719687676742943e-04 1.150775183112879283e-04 1.149058968182623105e-04
1.156650813744048795e-04 1.155490044544732904e-04 1.156741937857056396e-04 1.156039743705902182e-04 1.158306222080433557e-04 1.159254101824676075e-04 1.160596358760702311e-04 1.160817860578686460e-04 1.160980019395281538e-04 1.160395295318867822e-04 1.160617695750754580e-04 1.164118388016672514e-04 1.166026631390666414e-04 1.166097896527009152e-04 1.168450628159431177e-04 1.171141782863516147e-04 1.176049863570276515e-04 1.181778751640571670e-04 1.187281189898957553e-04 1.192370349593329108e-04 1.188931283715896864e-04 1.179034073035927622e-04 1.168685863181714022e-04 1.162584368309041151e-04 1.153784804598540636e-04 1.152162794857642601e-04
1.154546472779261596e-04 1.153149773923274331e-04 1.154335338381602319e-04 1.153577250413396024e-04 1.155874982626511259e-04 1.156728292343160871e-04 1.158103017730690486e-04 1.158263280912389900e-04 1.158246094392804211e-04 1.157502036844245595e-04 1.157502806328430624e-04 1.160732874937827252e-04 1.162334021382529782e-04 1.162057424950645938e-04 1.164005927950536689e-04 1.166373194785567702e-04 1.170918878197114326e-04 1.176531279351836532e-04 1.182221710712957679e-04 1.188931283715896864e-04 1.188804189266515747e-04 1.181718818841358167e-04 1.171147348641670804e-04 1.161849336537180700e-04 1.152588411552865508e-04 1.151289379607381717e-04
1.152096163366395629e-04 1.150559077164148118e-04 1.151686693679779218e-04 1.150878951611002517e-04 1.153062422580102665e-04 1.153750753004177692e-04 1.155067214878904565e-04 1.155140103450986576e-04 1.154875418749018294e-04 1.153925794278437680e-04 1.153595181945979133e-04 1.156370433525456923e-04 1.157533264725078560e-04 1.156678369461028517e-04 1.157788222310290736e-04 1.159133748209197984e-04 1.162570265985612527e-04 1.167268423974783320e-04 1.172086986271641423e-04 1.179034073035927622e-04 1.181718818841358167e-04 1.181149854084814039e-04 1.174237985240287777e-04 1.162922249918846377e-04 1.151405457366530240e-04 1.150577060621250870e-04
1.150192069264238898e-04 1.148830479645015563e-04 1.149949421507520040e-04 1.149113899740282605e-04 1.151206760535124972e-04 1.151930230072107671e-04 1.153106605354314786e-04 1.153221322681351294e-04 1.153033061881736691e-04 1.152060685939920937e-04 1.151760465567726750e-04 1.154545951665913675e-04 1.155677740081523708e-04 1.154625643186926731e-04 1.155326510717221339e-04 1.155932105959973764e-04 1.158144124850321057e-04 1.161074033895499448e-04 1.163724974156805881e-04 1.168685863181714022e-04 1.171147348641670804e-04 1.174237985240287777e-04 1.175904537809874402e-04 1.168350619261007917e-04 1.153056958531233946e-04 1.150285752204153913e-04
1.147829884277529758e-04 1.146500099470827033e-04 1.147765054789159943e-04 1.146951743745279587e-04 1.149065175369960338e-04 1.149859293410235680e-04 1.150786449393093671e-04 1.150828255216989395e-04 1.150716808891239694e-04 1.149648968326613224e-04 1.149300152941340545e-04 1.152042052402989486e-04 1.153169196445276906e-04 1.152124470234994961e-04 1.152771901409130253e-04 1.153272447558165414e-04 1.155303365090190685e-04 1.157799987299034836e-04 1.159719687676742943e-04 1.162584368309041151e-04 1.161849336537180700e-04 1.162922249918846377e-04 1.168350619261007917e-04 1.170803527736270663e-04 1.156759425633410368e-04 1.149629357221608624e-04
1.139092170694767968e-04 1.137645087092416864e-04 1.139003820658819740e-04 1.138245619807477582e-04 1.140531867747926676e-04 1.141297597290149868e-04 1.142174080427731347e-04 1.142138334900699573e-04 1.141992575184675102e-04 1.140818535855123254e-04 1.140361210954041887e-04 1.142937189151492522e-04 1.143947371984591679e-04 1.142762457164523272e-04 1.143391125994394473e-04 1.143921567146133442e-04 1.145935259365671706e-04 1.148542974488497121e-04 1.150775183112879283e-04 1.153784804598540636e-04 1.152588411552865508e-04 1.151405457366530240e-04 1.153056958531233946e-04 1.156759425633410368e-04 1.152598125687680111e-04 1.145543582990728805e-04
1.137734200049952976e-04 1.136436671410500412e-04 1.137836111316364580e-04 1.136921052293744577e-04 1.139087964646157033e-04 1.139780689043594304e-04 1.140628629306337486e-04 1.140644252397270142e-04 1.140531834802398453e-04 1.139298347625288351e-04 1.138868117120791032e-04 1.141409344432136859e-04 1.142333455677270102e-04 1.141021047738834300e-04 1.141514432940444421e-04 1.141981198310212112e-04 1.144064737744450655e-04 1.146884701890690052e-04 1.149058968182623105e-04 1.152162794857642601e-04 1.151289379607381717e-04 1.150577060621250870e-04 1.150285752204153913e-04 1.149629357221608624e-04 1.145543582990728805e-04 1.148294275833604906e-04
