8.707973740047036366e-11 1.547699982129722645e-11 1.043670066547866095e-11 3.957171361741973150e-12 -6.775488501656608086e-13 2.946223752808642984e-12 4.565728329878200340e-12 8.923242521056907463e-13 1.063739247487396319e-12 1.344264338534363556e-12 2.491735135818138718e-12 2.579406173648247156e-12 3.486064163186817363e-12 4.749557505609889215e-12 4.437649465325011897e-12 6.150046156520174672e-12 1.213935054728164165e-11 1.953775782046790822e-11 3.128297198826490243e-11 4.727933503087372261e-11 5.532730223569341655e-11 5.816667306316877505e-11 4.450567790346933710e-11 1.320540015325181778e-11 -1.714203689028074873e-11 -3.897820630387145009e-11
1.547699982129722645e-11 5.741889059063974682e-11 1.406172537780024332e-11 1.186158235472511312e-11 2.272868168557405596e-12 7.896803412362638730e-12 3.712972983533304838e-12 1.002671005864796653e-14 -1.030950093523938585e-12 1.685282021731856274e-12 2.384599771267023993e-12 4.402066154749481490e-12 3.761955204619783842e-12 8.385461974739355334e-12 1.050316526265285439e-11 1.010577465858990223e-11 9.414567029628196938e-12 1.153035642441936375e-11 1.741387133787776664e-11 1.801509425851069952e-11 1.757127097318765199e-11 1.342867432011378964e-11 1.883403017975721786e-11 1.951340058404051699e-11 -6.139691277504583738e-12 -2.307692367105336447e-11
1.043670066547866095e-11 1.406172537780024332e-11 4.158597245985031408e-11 1.272426372767006054e-11 7.291550324463134489e-12 4.235655848297067133e-12 1.738233010047512354e-12 -7.642027855167773641e-14 1.795161200586875236e-12 1.764728123122816010e-12 2.456923449084218134e-12 5.685923198448145657e-13 7.518158734982527781e-14 2.877357063381199879e-12 3.965007948638755469e-12 6.274074976512337976e-12 1.168982621497029403e-11 1.592378861788566872e-11 1.656553131381394484e-11 1.395293996128350459e-11 3.790026977206921942e-12 -5.310366320816739654e-12 -3.706578615719193630e-12 1.427817473194573729e-11 5.142548005389270099e-12 -4.299727135534208768e-12
3.957171361741973150e-12 1.186158235472511312e-11 1.272426372767006054e-11 3.765639615286755525e-11 1.432059616064468073e-11 6.816028268739326218e-12 5.779638431493780286e-12 2.866503606282943251e-12 3.344277447075710250e-12 2.327091445454299991e-12 2.056922821357983640e-12 1.401138424857189898e-12 -5.778124382230177851e-13 9.379718637424638074e-13 1.567343215408101573e-12 2.832298537203605517e-12 4.015188338372901959e-12 3.274103569413353811e-12 7.192909107777128470e-12 1.178978944244157422e-11 1.060047817363316304e-11 1.184249598902654060e-11 2.500841863694211656e-11 2.888247919151455295e-11 2.038197729994268140e-11 -7.382140629177493368e-12
-6.775488501656608086e-13 2.272868168557405596e-12 7.291550324463134489e-12 1.432059616064468073e-11 3.323338563894600978e-11 1.340625249595910677e-11 9.384832575559605032e-12 6.924065634620772005e-12 6.047021820319671598e-12 7.322113695687560826e-12 6.316178909987794753e-12 5.756330712976000414e-12 3.292128664307103744e-12 5.612230589149128483e-12 5.479095225017681408e-12 6.224782004154344991e-12 7.847111477994608404e-12 9.393492350639509908e-12 1.245278693860026305e-11 1.403829611338245050e-11 1.462006224348828790e-11 6.578944235719090499e-12 6.967858114821195096e-12 1.176499563295819073e-11 1.658545789199507220e-11 -3.823364783203674501e-13
2.946223752808642984e-12 7.896803412362638730e-12 4.235655848297067133e-12 6.816028268739326218e-12 1.340625249595910677e-11 2.447288927572063782e-11 1.201294593642001766e-11 6.066704355881403270e-12 5.479827851620614091e-12 7.511646999621767718e-12 7.374813181524075244e-12 7.383115710484499814e-12 5.994977626912379588e-12 6.596696796464756606e-12 7.528838583249245706e-12 6.336783920950375580e-12 8.467234093052526599e-12 9.814197230838117917e-12 1.486881171094284190e-11 1.859104249997201293e-11 2.071958749920852865e-11 1.596855161786837912e-11 1.687765994278609222e-11 1.879224816273645306e-11 4.229639434505450498e-12 -1.804088147142578065e-11
4.565728329878200340e-12 3.712972983533304838e-12 1.738233010047512354e-12 5.779638431493780286e-12 9.384832575559605032e-12 1.201294593642001766e-11 2.209048666667997709e-11 1.171447449702566575e-11 1.040750254814458430e-11 1.090478878747879676e-11 9.201248166007778079e-12 8.284197237788935846e-12 6.998670216643249366e-12 8.629158003998643198e-12 1.040118653694215034e-11 1.109803638610054952e-11 1.460190047120661038e-11 1.482448100325096726e-11 1.750899483781016815e-11 2.214035863209934546e-11 2.360639552331182363e-11 1.667626897951922353e-11 1.443468811646300483e-11 1.071618572377263256e-11 -9.729819123032520353e-13 -1.312516945207906110e-11
8.923242521056907463e-13 1.002671005864796653e-14 -7.642027855167773641e-14 2.866503606282943251e-12 6.924065634620772005e-12 6.066704355881403270e-12 1.171447449702566575e-11 2.067201223145750072e-11 1.636636178792410734e-11 1.335742889218633413e-11 1.105916309693174162e-11 7.723545616286583674e-12 6.035470815250571017e-12 6.921901619515111921e-12 7.796109639608380166e-12 7.617607399295355618e-12 1.165262418570464131e-11 1.379881260597382864e-11 1.705754316628060662e-11 1.951129014385448329e-11 1.841605486422462276e-11 1.172696783725465616e-11 9.022643103223022606e-12 8.924692202256917943e-12 5.337714093487001017e-12 -1.222863926309563655e-11
1.063739247487396319e-12 -1.030950093523938585e-12 1.795161200586875236e-12 3.344277447075710250e-12 6.047021820319671598e-12 5.479827851620614091e-12 1.040750254814458430e-11 1.636636178792410734e-11 2.337324864626446086e-11 1.787601479375282568e-11 1.416839153738401261e-11 1.054272909437190202e-11 9.921609666571571570e-12 1.201650356994166089e-11 1.316734234441245682e-11 1.360711773006556661e-11 1.781711272635528309e-11 2.071111417914272708e-11 2.337460183713685482e-11 2.439218094268126075e-11 1.945529132254271938e-11 9.500403093790860377e-12 4.907111109372121441e-12 1.027459809022843987e-11 7.904207133040910712e-12 -7.810177496164188126e-12
1.344264338534363556e-12 1.685282021731856274e-12 1.764728123122816010e-12 2.327091445454299991e-12 7.322113695687560826e-12 7.511646999621767718e-12 1.090478878747879676e-11 1.335742889218633413e-11 1.787601479375282568e-11 2.629326370954295725e-11 2.150769091853945703e-11 1.669950414206881866e-11 1.582809796965281697e-11 1.798054306550580813e-11 1.771034172566216336e-11 1.955808147792826768e-11 2.247859182630131675e-11 2.790597166345042834e-11 3.336311273902311008e-11 3.535093746417641133e-11 3.451441393389478944e-11 2.390088369472356588e-11 1.444436095029464048e-11 1.350929226145180079e-11 7.747303818621496502e-12 -8.251416339036343696e-12
2.491735135818138718e-12 2.384599771267023993e-12 2.456923449084218134e-12 2.056922821357983640e-12 6.316178909987794753e-12 7.374813181524075244e-12 9.201248166007778079e-12 1.105916309693174162e-11 1.416839153738401261e-11 2.150769091853945703e-11 2.905760125669379514e-11 2.511987898681121019e-11 2.035491608103577014e-11 1.985520831982843653e-11 2.021955949179133752e-11 2.293116894102939077e-11 2.790367317902424358e-11 3.402805215334482700e-11 4.062095391958719335e-11 4.377118464890496630e-11 4.428009466547597659e-11 3.363048131783988933e-11 2.294427954504458450e-11 2.042180542097529778e-11 1.051345819854346791e-11 -4.409923077464225987e-12
2.579406173648247156e-12 4.402066154749481490e-12 5.685923198448145657e-13 1.401138424857189898e-12 5.756330712976000414e-12 7.383115710484499814e-12 8.284197237788935846e-12 7.723545616286583674e-12 1.054272909437190202e-11 1.669950414206881866e-11 2.511987898681121019e-11 3.357898349130432840e-11 2.961324512321491200e-11 2.976856811040239232e-11 3.045927656126759729e-11 3.410068213005980814e-11 3.860863304554220795e-11 4.492325637492899343e-11 5.245346577742880123e-11 5.676859054645280120e-11 5.564580518620548214e-11 3.278736417145759109e-11 1.022442290587723319e-11 7.186109713381815930e-12 2.407651406983473680e-12 1.863266405912907080e-12
3.486064163186817363e-12 3.761955204619783842e-12 7.518158734982527781e-14 -5.778124382230177851e-13 3.292128664307103744e-12 5.994977626912379588e-12 6.998670216643249366e-12 6.035470815250571017e-12 9.921609666571571570e-12 1.582809796965281697e-11 2.035491608103577014e-11 2.961324512321491200e-11 3.940837651877876993e-11 4.395917876556463288e-11 4.446536559867513724e-11 4.843192364949101086e-11 4.983725742720955629e-11 5.593643204135682508e-11 6.561586922679761003e-11 7.024817206135680158e-11 6.488934896331067595e-11 3.154722128582048821e-11 3.132056911470237807e-12 2.199354858805374412e-13 -2.116767847331081203e-12 -1.872050977448875920e-12
4.749557505609889215e-12 8.385461974739355334e-12 2.877357063381199879e-12 9.379718637424638074e-13 5.612230589149128483e-12 6.596696796464756606e-12 8.629158003998643198e-12 6.921901619515111921e-12 1.201650356994166089e-11 1.798054306550580813e-11 1.985520831982843653e-11 2.976856811040239232e-11 4.395917876556463288e-11 6.323749426198176833e-11 6.733099030914874180e-11 7.325333819296994740e-11 7.452273914614048299e-11 8.563218007762500435e-11 9.868556711133051391e-11 1.061309732634811674e-10 9.581827555130661557e-11 4.591255508523861745e-11 5.115718172495151796e-12 9.372842689260742197e-13 3.696697528644156785e-14 -1.741538055805012331e-12
4.437649465325011897e-12 1.050316526265285439e-11 3.965007948638755469e-12 1.567343215408101573e-12 5.479095225017681408e-12 7.528838583249245706e-12 1.040118653694215034e-11 7.796109639608380166e-12 1.316734234441245682e-11 1.771034172566216336e-11 2.021955949179133752e-11 3.045927656126759729e-11 4.446536559867513724e-11 6.733099030914874180e-11 8.667187244545074870e-11 9.822792673511589947e-11 1.017566194303221272e-10 1.164122362696354827e-10 1.326103814508718551e-10 1.448202367942212951e-10 1.351253794715838657e-10 7.414411909156424895e-11 1.905837125027373703e-11 3.159024867829091288e-12 -6.663349078368805073e-12 -8.634594662057971454e-12
6.150046156520174672e-12 1.010577465858990223e-11 6.274074976512337976e-12 2.832298537203605517e-12 6.224782004154344991e-12 6.336783920950375580e-12 1.109803638610054952e-11 7.617607399295355618e-12 1.360711773006556661e-11 1.955808147792826768e-11 2.293116894102939077e-11 3.410068213005980814e-11 4.843192364949101086e-11 7.325333819296994740e-11 9.822792673511589947e-11 1.297978883353763752e-10 1.423013977040757561e-10 1.614345398767472086e-10 1.804329707531609366e-10 1.947605798498979515e-10 1.851975348602749221e-10 1.091251997869433969e-10 2.979665161872348760e-11 5.933564111666884896e-12 -4.368185600726761850e-12 -5.269922359700707692e-12
1.213935054728164165e-11 9.414567029628196938e-12 1.168982621497029403e-11 4.015188338372901959e-12 7.847111477994608404e-12 8.467234093052526599e-12 1.460190047120661038e-11 1.165262418570464131e-11 1.781711272635528309e-11 2.247859182630131675e-11 2.790367317902424358e-11 3.860863304554220795e-11 4.983725742720955629e-11 7.452273914614048299e-11 1.017566194303221272e-10 1.423013977040757561e-10 1.842231980766843305e-10 2.166195470324782654e-10 2.431873294439730300e-10 2.661928495321724604e-10 2.594410777485150700e-10 1.751894160434087489e-10 7.027746013722460681e-11 1.705357492112834239e-11 -1.718354529858758621e-11 -8.720336718532342349e-12
1.953775782046790822e-11 1.153035642441936375e-11 1.592378861788566872e-11 3.274103569413353811e-12 9.393492350639509908e-12 9.814197230838117917e-12 1.482448100325096726e-11 1.379881260597382864e-11 2.071111417914272708e-11 2.790597166345042834e-11 3.402805215334482700e-11 4.492325637492899343e-11 5.593643204135682508e-11 8.563218007762500435e-11 1.164122362696354827e-10 1.614345398767472086e-10 2.166195470324782654e-10 2.844274074472642372e-10 3.293482492624145410e-10 3.586757286618661487e-10 3.474407448775071154e-10 2.467582109273290465e-10 1.062284183188478007e-10 2.773695373490277789e-11 -1.237974992472437800e-11 2.897442048503711650e-12
3.128297198826490243e-11 1.741387133787776664e-11 1.656553131381394484e-11 7.192909107777128470e-12 1.245278693860026305e-11 1.486881171094284190e-11 1.750899483781016815e-11 1.705754316628060662e-11 2.337460183713685482e-11 3.336311273902311008e-11 4.062095391958719335e-11 5.245346577742880123e-11 6.561586922679761003e-11 9.868556711133051391e-11 1.326103814508718551e-10 1.804329707531609366e-10 2.431873294439730300e-10 3.293482492624145410e-10 4.223490690895334540e-10 4.832644539062583025e-10 4.799268138450784287e-10 3.681626038968919648e-10 1.848857224176891089e-10 4.741950529278763601e-11 -2.563899245243293830e-11 -9.887073462707364825e-12
4.727933503087372261e-11 1.801509425851069952e-11 1.395293996128350459e-11 1.178978944244157422e-11 1.403829611338245050e-11 1.859104249997201293e-11 2.214035863209934546e-11 1.951129014385448329e-11 2.439218094268126075e-11 3.535093746417641133e-11 4.377118464890496630e-11 5.676859054645280120e-11 7.024817206135680158e-11 1.061309732634811674e-10 1.448202367942212951e-10 1.947605798498979515e-10 2.661928495321724604e-10 3.586757286618661487e-10 4.832644539062583025e-10 6.171918907992605355e-10 6.538418861815809859e-10 5.520200536409060224e-10 3.325562727643157711e-10 9.149133022687036543e-11 -5.616107489582647953e-11 -3.407284125753277392e-11
5.532730223569341655e-11 1.757127097318765199e-11 3.790026977206921942e-12 1.060047817363316304e-11 1.462006224348828790e-11 2.071958749920852865e-11 2.360639552331182363e-11 1.841605486422462276e-11 1.945529132254271938e-11 3.451441393389478944e-11 4.428009466547597659e-11 5.564580518620548214e-11 6.488934896331067595e-11 9.581827555130661557e-11 1.351253794715838657e-10 1.851975348602749221e-10 2.594410777485150700e-10 3.474407448775071154e-10 4.799268138450784287e-10 6.538418861815809859e-10 7.764489620510448501e-10 7.280061355917894121e-10 4.964293772902479648e-10 1.510398298435127259e-10 -8.499432541528787894e-11 -6.551833001811508980e-11
5.816667306316877505e-11 1.342867432011378964e-11 -5.310366320816739654e-12 1.184249598902654060e-11 6.578944235719090499e-12 1.596855161786837912e-11 1.667626897951922353e-11 1.172696783725465616e-11 9.500403093790860377e-12 2.390088369472356588e-11 3.363048131783988933e-11 3.278736417145759109e-11 3.154722128582048821e-11 4.591255508523861745e-11 7.414411909156424895e-11 1.091251997869433969e-10 1.751894160434087489e-10 2.467582109273290465e-10 3.681626038968919648e-10 5.520200536409060224e-10 7.280061355917894121e-10 8.260564557680517429e-10 6.711397459491918435e-10 2.655777502053205314e-10 -8.044606816903553028e-11 -7.998902665627312308e-11
4.450567790346933710e-11 1.883403017975721786e-11 -3.706578615719193630e-12 2.500841863694211656e-11 6.967858114821195096e-12 1.687765994278609222e-11 1.443468811646300483e-11 9.022643103223022606e-12 4.907111109372121441e-12 1.444436095029464048e-11 2.294427954504458450e-11 1.022442290587723319e-11 3.132056911470237807e-12 5.115718172495151796e-12 1.905837125027373703e-11 2.979665161872348760e-11 7.027746013722460681e-11 1.062284183188478007e-10 1.848857224176891089e-10 3.325562727643157711e-10 4.964293772902479648e-10 6.711397459491918435e-10 7.305800681566662368e-10 4.439957985836400635e-10 2.276176905899433154e-11 -7.963149248592466180e-11
1.320540015325181778e-11 1.951340058404051699e-11 1.427817473194573729e-11 2.888247919151455295e-11 1.176499563295819073e-11 1.879224816273645306e-11 1.071618572377263256e-11 8.924692202256917943e-12 1.027459809022843987e-11 1.350929226145180079e-11 2.042180542097529778e-11 7.186109713381815930e-12 2.199354858805374412e-13 9.372842689260742197e-13 3.159024867829091288e-12 5.933564111666884896e-12 1.705357492112834239e-11 2.773695373490277789e-11 4.741950529278763601e-11 9.149133022687036543e-11 1.510398298435127259e-10 2.655777502053205314e-10 4.439957985836400635e-10 5.428764074110863181e-10 3.223740331845734523e-10 2.632930033220440415e-11
-1.714203689028074873e-11 -6.139691277504583738e-12 5.142548005389270099e-12 2.038197729994268140e-11 1.658545789199507220e-11 4.229639434505450498e-12 -9.729819123032520353e-13 5.337714093487001017e-12 7.904207133040910712e-12 7.747303818621496502e-12 1.051345819854346791e-11 2.407651406983473680e-12 -2.116767847331081203e-12 3.696697528644156785e-14 -6.663349078368805073e-12 -4.368185600726761850e-12 -1.718354529858758621e-11 -1.237974992472437800e-11 -2.563899245243293830e-11 -5.616107489582647953e-11 -8.499432541528787894e-11 -8.044606816903553028e-11 2.276176905899433154e-11 3.223740331845734523e-10 5.941231949015170930e-10 3.316526212260399955e-10
-3.897820630387145009e-11 -2.307692367105336447e-11 -4.299727135534208768e-12 -7.382140629177493368e-12 -3.823364783203674501e-13 -1.804088147142578065e-11 -1.312516945207906110e-11 -1.222863926309563655e-11 -7.810177496164188126e-12 -8.251416339036343696e-12 -4.409923077464225987e-12 1.863266405912907080e-12 -1.872050977448875920e-12 -1.741538055805012331e-12 -8.634594662057971454e-12 -5.269922359700707692e-12 -8.720336718532342349e-12 2.897442048503711650e-12 -9.887073462707364825e-12 -3.407284125753277392e-11 -6.551833001811508980e-11 -7.998902665627312308e-11 -7.963149248592466180e-11 2.632930033220440415e-11 3.316526212260399955e-10 5.685534599240288094e-10
