1.403955078918429484e-10 1.227532417419676060e-11 7.132294159676693301e-12 1.160887015646002136e-12 1.028497042421757255e-11 8.229194748107705514e-12 4.079178694169444230e-12 2.422603811122512823e-12 3.293623716187872051e-12 -7.619151214257646514e-13 1.564814636962697851e-12 3.910475495606177278e-12 7.715697055384150357e-12 -1.137345757250572057e-12 -4.170800604092650870e-12 -5.389561631469285097e-12 -5.754279375001259791e-12 -1.021547888860354231e-11 -4.249636599762194572e-12 -3.239247272396849685e-12 -2.023098141230672075e-11 -4.929601216598387646e-11 -3.975631302663465792e-11 -1.981482128719502613e-11 -3.467712691554021219e-11 -2.607939011362285575e-11
1.227532417419676060e-11 9.528171228813180891e-11 1.249162375579498239e-11 5.298944426001538175e-12 6.050213001625247982e-12 1.075794183344930457e-11 5.637755663496481948e-12 7.553838002462243355e-12 5.503684372361285296e-12 9.474404070965647119e-12 1.330636486535452945e-11 1.526072803110813450e-11 1.471066723892785387e-11 1.490122308791141447e-11 1.854763571465466319e-11 1.964479400070502065e-11 2.458975165208845298e-11 2.970584754250482811e-11 2.730275212105755721e-11 2.947073811813016305e-11 1.712744321836541353e-11 -1.237515690076695736e-11 -4.615702545405573669e-11 -5.108363903032100333e-11 -6.492876071690056744e-11 -5.997795845980818925e-11
7.132294159676693301e-12 1.249162375579498239e-11 7.865057491642829828e-11 1.657162370114261849e-11 8.773073650587031243e-12 2.476554997841744865e-12 2.581651951741655766e-12 1.956995646653755695e-12 4.196627387131487168e-12 7.639804303289802995e-12 1.197828734964913681e-11 1.417223111522946936e-11 1.294796860931310516e-11 1.042490814844301909e-11 1.245059384914328965e-11 9.020610176665015185e-12 8.417489801449666535e-12 6.551907312205832039e-12 1.853562683119322124e-12 -7.629913697891333113e-12 -1.700367145086533191e-11 -2.763223582785285850e-11 -4.060660759787871694e-11 -2.637939476187561381e-11 -7.989809966001138312e-12 -1.251239564012835931e-11
1.160887015646002136e-12 5.298944426001538175e-12 1.657162370114261849e-11 5.807402476581454754e-11 1.229637125366753744e-11 7.121054991800322058e-12 6.351854623879340396e-12 3.099282644997582849e-12 2.837268970317931450e-12 2.635684114180549372e-12 3.661703843841498005e-12 2.774755744972194847e-12 7.154060648034796462e-12 9.839057542803293281e-12 1.063060549917591031e-11 1.202565321178112067e-11 1.753843865684186305e-11 1.845511285447163634e-11 2.272635848206208441e-11 2.310522102714047338e-11 2.701781224388687643e-11 4.737956935876012770e-11 3.175773375636673887e-11 1.399532918977392661e-11 -1.595870693443475240e-11 -2.490480204727180712e-11
1.028497042421757255e-11 6.050213001625247982e-12 8.773073650587031243e-12 1.229637125366753744e-11 4.530121694458972278e-11 1.573354804721708798e-11 1.084417335814177412e-11 8.777611977585053844e-12 7.430802349777115160e-12 5.085213761412571372e-12 5.561467507874570712e-12 6.678395693983588490e-12 1.903279390682350411e-12 4.154468959833122019e-12 5.810559856231333859e-12 9.200769542084257490e-12 1.144399460914255288e-11 1.502019519637309394e-11 1.832927577278602445e-11 1.818691476472288596e-11 1.667525071974502988e-11 -2.487904960086152039e-12 -1.499690301855140796e-11 -2.057469435445463613e-11 -2.140573112929755927e-11 -9.754394306841115324e-12
8.229194748107705514e-12 1.075794183344930457e-11 2.476554997841744865e-12 7.121054991800322058e-12 1.573354804721708798e-11 3.954107078308794757e-11 2.022927640936330644e-11 1.690305783138006146e-11 1.497271131560855148e-11 1.296249239114504023e-11 1.496468727292686058e-11 1.266094135822627923e-11 1.047121927789391790e-11 9.859103058747219710e-12 1.152931333219712057e-11 1.504539097984554176e-11 1.864392158331385268e-11 2.426603062165402141e-11 2.522453372673328618e-11 1.922766549673308009e-11 1.473760759859423974e-11 -5.831669134037431081e-12 -2.409499207136583498e-11 -1.410410679527284611e-11 -1.368431525045300062e-11 8.691852789790325751e-12
4.079178694169444230e-12 5.637755663496481948e-12 2.581651951741655766e-12 6.351854623879340396e-12 1.084417335814177412e-11 2.022927640936330644e-11 4.405388616078689564e-11 2.962350608581814494e-11 2.446728719464140933e-11 2.101706024335070850e-11 2.300675808113365744e-11 2.417072978380287649e-11 2.563501714065467735e-11 2.570417355062979095e-11 2.597715489319253240e-11 3.022467412807930529e-11 3.743343977833333708e-11 4.968231948624599096e-11 5.755449832291986918e-11 5.696652843462582315e-11 5.176724246348924991e-11 2.085648566627251515e-11 -1.172092706037442789e-11 -2.591175395152116615e-11 -3.756542866163541516e-11 -1.920118837686858885e-11
2.422603811122512823e-12 7.553838002462243355e-12 1.956995646653755695e-12 3.099282644997582849e-12 8.777611977585053844e-12 1.690305783138006146e-11 2.962350608581814494e-11 4.428158308872932871e-11 3.438840032188227564e-11 2.861191119175076049e-11 2.973405240390446403e-11 3.019597152151219607e-11 3.030129533745929031e-11 3.418844503334279841e-11 3.395700562037327916e-11 3.870036436488269637e-11 4.865176648718740206e-11 6.176938917027704178e-11 6.675417773553652578e-11 6.669017803871327136e-11 6.724377079285329926e-11 3.460008062167492062e-11 -7.723115694638813698e-12 -3.828325547279957881e-11 -5.827022800099739751e-11 -2.689666840025124462e-11
3.293623716187872051e-12 5.503684372361285296e-12 4.196627387131487168e-12 2.837268970317931450e-12 7.430802349777115160e-12 1.497271131560855148e-11 2.446728719464140933e-11 3.438840032188227564e-11 4.288985898089366205e-11 3.442590827954708462e-11 3.142845512365734447e-11 3.003553728751649991e-11 2.824669260002890907e-11 3.260704275868048983e-11 3.504962474744073808e-11 4.095116261741236884e-11 4.591262181544969268e-11 5.613087770436832498e-11 5.940823610660409801e-11 6.065402878517942224e-11 5.838693062185072252e-11 3.232670881135526383e-11 4.146096660451238378e-12 -1.811315884228893072e-11 -4.372006405761568562e-11 -1.187253535800095290e-11
-7.619151214257646514e-13 9.474404070965647119e-12 7.639804303289802995e-12 2.635684114180549372e-12 5.085213761412571372e-12 1.296249239114504023e-11 2.101706024335070850e-11 2.861191119175076049e-11 3.442590827954708462e-11 4.221189563525100396e-11 4.197904513761431426e-11 3.788620468628130744e-11 3.912189286834912322e-11 4.096091668253754763e-11 4.380155130303981165e-11 5.195294314433052989e-11 6.022972414396678284e-11 7.236428248599140848e-11 7.435311750080139616e-11 7.529757779613576627e-11 6.763189761644400167e-11 3.746224975588640515e-11 8.317049620268553325e-12 -2.989798802998395786e-12 -3.544983438241526375e-11 -2.336617322882875352e-11
1.564814636962697851e-12 1.330636486535452945e-11 1.197828734964913681e-11 3.661703843841498005e-12 5.561467507874570712e-12 1.496468727292686058e-11 2.300675808113365744e-11 2.973405240390446403e-11 3.142845512365734447e-11 4.197904513761431426e-11 6.038479029745268942e-11 5.906917972738343691e-11 6.256953202586240750e-11 6.464985691637959378e-11 6.995999758767274241e-11 7.889178910536040230e-11 8.793266839195321553e-11 1.053865785554597554e-10 1.150262143529375734e-10 1.210076038137981453e-10 1.097572918511537261e-10 5.881356358290591573e-11 5.134650035399429521e-12 -1.902312369526833903e-11 -5.218726941381933500e-11 -3.766955043510593597e-11
3.910475495606177278e-12 1.526072803110813450e-11 1.417223111522946936e-11 2.774755744972194847e-12 6.678395693983588490e-12 1.266094135822627923e-11 2.417072978380287649e-11 3.019597152151219607e-11 3.003553728751649991e-11 3.788620468628130744e-11 5.906917972738343691e-11 7.908395652260314261e-11 8.382752181332641652e-11 8.723979783714522421e-11 9.561508876927928468e-11 1.052875369779098305e-10 1.141544616870992411e-10 1.312453535265474913e-10 1.452197802886836227e-10 1.602085583978597509e-10 1.511021692342217791e-10 8.610970509586884174e-11 1.148254871428136681e-11 -3.175879566561460750e-11 -5.703256454619030789e-11 -4.258544502275790273e-11
7.715697055384150357e-12 1.471066723892785387e-11 1.294796860931310516e-11 7.154060648034796462e-12 1.903279390682350411e-12 1.047121927789391790e-11 2.563501714065467735e-11 3.030129533745929031e-11 2.824669260002890907e-11 3.912189286834912322e-11 6.256953202586240750e-11 8.382752181332641652e-11 1.112615561341289572e-10 1.193453260073844320e-10 1.304194095105306930e-10 1.415483849255308778e-10 1.548805097490150325e-10 1.786457934159293335e-10 1.940625708173474484e-10 2.119046866157872048e-10 1.991186585181413027e-10 1.230198615341867734e-10 2.589119993051879167e-11 -2.792974871430489424e-11 -5.250797297619948799e-11 -4.947725283155576163e-11
-1.137345757250572057e-12 1.490122308791141447e-11 1.042490814844301909e-11 9.839057542803293281e-12 4.154468959833122019e-12 9.859103058747219710e-12 2.570417355062979095e-11 3.418844503334279841e-11 3.260704275868048983e-11 4.096091668253754763e-11 6.464985691637959378e-11 8.723979783714522421e-11 1.193453260073844320e-10 1.516038167606433457e-10 1.686997374539111668e-10 1.795363024778386190e-10 1.921173320018324530e-10 2.217861152381590022e-10 2.448778978654641917e-10 2.666220631381743832e-10 2.526988541073784233e-10 1.656991415377772537e-10 4.083629016035498008e-11 -3.953067690603145647e-11 -6.956313063822251140e-11 -5.991937683925273199e-11
-4.170800604092650870e-12 1.854763571465466319e-11 1.245059384914328965e-11 1.063060549917591031e-11 5.810559856231333859e-12 1.152931333219712057e-11 2.597715489319253240e-11 3.395700562037327916e-11 3.504962474744073808e-11 4.380155130303981165e-11 6.995999758767274241e-11 9.561508876927928468e-11 1.304194095105306930e-10 1.686997374539111668e-10 2.187006246435068408e-10 2.420175734123924159e-10 2.609999516649937663e-10 3.004614179735557531e-10 3.354112065492507377e-10 3.724778459330301134e-10 3.721612193178042357e-10 2.697828122012410158e-10 9.754908137457839534e-11 -2.449956258838153638e-11 -6.939356613747959809e-11 -5.854191086010146036e-11
-5.389561631469285097e-12 1.964479400070502065e-11 9.020610176665015185e-12 1.202565321178112067e-11 9.200769542084257490e-12 1.504539097984554176e-11 3.022467412807930529e-11 3.870036436488269637e-11 4.095116261741236884e-11 5.195294314433052989e-11 7.889178910536040230e-11 1.052875369779098305e-10 1.415483849255308778e-10 1.795363024778386190e-10 2.420175734123924159e-10 3.047977108853961944e-10 3.484247563188658245e-10 4.022782810116296574e-10 4.442172232051618832e-10 4.958445650479519531e-10 5.088198741371483279e-10 3.878141409274714685e-10 1.578168484765382020e-10 -9.082382676519040301e-12 -9.374251610137599482e-11 -6.851325297791007875e-11
-5.754279375001259791e-12 2.458975165208845298e-11 8.417489801449666535e-12 1.753843865684186305e-11 1.144399460914255288e-11 1.864392158331385268e-11 3.743343977833333708e-11 4.865176648718740206e-11 4.591262181544969268e-11 6.022972414396678284e-11 8.793266839195321553e-11 1.141544616870992411e-10 1.548805097490150325e-10 1.921173320018324530e-10 2.609999516649937663e-10 3.484247563188658245e-10 4.494201844860582429e-10 5.429200537514884902e-10 5.970703432793682419e-10 6.644426861107392646e-10 6.884916634867131265e-10 5.534485311953019932e-10 2.490777031799132370e-10 2.279981477573601494e-11 -1.137684139897909246e-10 -8.590244673539195878e-11
-1.021547888860354231e-11 2.970584754250482811e-11 6.551907312205832039e-12 1.845511285447163634e-11 1.502019519637309394e-11 2.426603062165402141e-11 4.968231948624599096e-11 6.176938917027704178e-11 5.613087770436832498e-11 7.236428248599140848e-11 1.053865785554597554e-10 1.312453535265474913e-10 1.786457934159293335e-10 2.217861152381590022e-10 3.004614179735557531e-10 4.022782810116296574e-10 5.429200537514884902e-10 7.169079091609708052e-10 8.241818543345937192e-10 9.299133315727890095e-10 9.776479751133092740e-10 8.132573925335238291e-10 3.853012882425170226e-10 4.186020533164532301e-11 -1.550579266537361510e-10 -1.212053457863657459e-10
-4.249636599762194572e-12 2.730275212105755721e-11 1.853562683119322124e-12 2.272635848206208441e-11 1.832927577278602445e-11 2.522453372673328618e-11 5.755449832291986918e-11 6.675417773553652578e-11 5.940823610660409801e-11 7.435311750080139616e-11 1.150262143529375734e-10 1.452197802886836227e-10 1.940625708173474484e-10 2.448778978654641917e-10 3.354112065492507377e-10 4.442172232051618832e-10 5.970703432793682419e-10 8.241818543345937192e-10 1.060951022850324531e-09 1.270032987742316903e-09 1.377688406083185417e-09 1.203163809966148693e-09 6.468752721489835559e-10 1.130058977574543494e-10 -1.768879613455389603e-10 -1.882347620445545601e-10
-3.239247272396849685e-12 2.947073811813016305e-11 -7.629913697891333113e-12 2.310522102714047338e-11 1.818691476472288596e-11 1.922766549673308009e-11 5.696652843462582315e-11 6.669017803871327136e-11 6.065402878517942224e-11 7.529757779613576627e-11 1.210076038137981453e-10 1.602085583978597509e-10 2.119046866157872048e-10 2.666220631381743832e-10 3.724778459330301134e-10 4.958445650479519531e-10 6.644426861107392646e-10 9.299133315727890095e-10 1.270032987742316903e-09 1.653965985158572415e-09 1.889618818227542252e-09 1.745840427631086551e-09 1.077977157867305661e-09 2.782278160635809901e-10 -1.568970802585232192e-10 -2.426084488420613191e-10
-2.023098141230672075e-11 1.712744321836541353e-11 -1.700367145086533191e-11 2.701781224388687643e-11 1.667525071974502988e-11 1.473760759859423974e-11 5.176724246348924991e-11 6.724377079285329926e-11 5.838693062185072252e-11 6.763189761644400167e-11 1.097572918511537261e-10 1.511021692342217791e-10 1.991186585181413027e-10 2.526988541073784233e-10 3.721612193178042357e-10 5.088198741371483279e-10 6.884916634867131265e-10 9.776479751133092740e-10 1.377688406083185417e-09 1.889618818227542252e-09 2.360747073929469095e-09 2.360449738481985986e-09 1.630983136413146770e-09 5.477584493550724028e-10 -1.047653432505122662e-10 -2.666349807799229506e-10
-4.929601216598387646e-11 -1.237515690076695736e-11 -2.763223582785285850e-11 4.737956935876012770e-11 -2.487904960086152039e-12 -5.831669134037431081e-12 2.085648566627251515e-11 3.460008062167492062e-11 3.232670881135526383e-11 3.746224975588640515e-11 5.881356358290591573e-11 8.610970509586884174e-11 1.230198615341867734e-10 1.656991415377772537e-10 2.697828122012410158e-10 3.878141409274714685e-10 5.534485311953019932e-10 8.132573925335238291e-10 1.203163809966148693e-09 1.745840427631086551e-09 2.360449738481985986e-09 2.716830156259989202e-09 2.180443012168419170e-09 9.587351098129976995e-10 -2.761102023054597676e-11 -2.756001110455299625e-10
-3.975631302663465792e-11 -4.615702545405573669e-11 -4.060660759787871694e-11 3.175773375636673887e-11 -1.499690301855140796e-11 -2.409499207136583498e-11 -1.172092706037442789e-11 -7.723115694638813698e-12 4.146096660451238378e-12 8.317049620268553325e-12 5.134650035399429521e-12 1.148254871428136681e-11 2.589119993051879167e-11 4.083629016035498008e-11 9.754908137457839534e-11 1.578168484765382020e-10 2.490777031799132370e-10 3.853012882425170226e-10 6.468752721489835559e-10 1.077977157867305661e-09 1.630983136413146770e-09 2.180443012168419170e-09 2.260467647124811829e-09 1.451285635500658050e-09 2.915660563099187833e-10 -1.574860895520779973e-10
-1.981482128719502613e-11 -5.108363903032100333e-11 -2.637939476187561381e-11 1.399532918977392661e-11 -2.057469435445463613e-11 -1.410410679527284611e-11 -2.591175395152116615e-11 -3.828325547279957881e-11 -1.811315884228893072e-11 -2.989798802998395786e-12 -1.902312369526833903e-11 -3.175879566561460750e-11 -2.792974871430489424e-11 -3.953067690603145647e-11 -2.449956258838153638e-11 -9.082382676519040301e-12 2.279981477573601494e-11 4.186020533164532301e-11 1.130058977574543494e-10 2.782278160635809901e-10 5.477584493550724028e-10 9.587351098129976995e-10 1.451285635500658050e-09 1.667074391528835974e-09 1.000834199484475236e-09 2.196006078705762050e-10
-3.467712691554021219e-11 -6.492876071690056744e-11 -7.989809966001138312e-12 -1.595870693443475240e-11 -2.140573112929755927e-11 -1.368431525045300062e-11 -3.756542866163541516e-11 -5.827022800099739751e-11 -4.372006405761568562e-11 -3.544983438241526375e-11 -5.218726941381933500e-11 -5.703256454619030789e-11 -5.250797297619948799e-11 -6.956313063822251140e-11 -6.939356613747959809e-11 -9.374251610137599482e-11 -1.137684139897909246e-10 -1.550579266537361510e-10 -1.768879613455389603e-10 -1.568970802585232192e-10 -1.047653432505122662e-10 -2.761102023054597676e-11 2.915660563099187833e-10 1.000834199484475236e-09 1.624084019953389985e-09 9.904235014947857364e-10
-2.607939011362285575e-11 -5.997795845980818925e-11 -1.251239564012835931e-11 -2.490480204727180712e-11 -9.754394306841115324e-12 8.691852789790325751e-12 -1.920118837686858885e-11 -2.689666840025124462e-11 -1.187253535800095290e-11 -2.336617322882875352e-11 -3.766955043510593597e-11 -4.258544502275790273e-11 -4.947725283155576163e-11 -5.991937683925273199e-11 -5.854191086010146036e-11 -6.851325297791007875e-11 -8.590244673539195878e-11 -1.212053457863657459e-10 -1.882347620445545601e-10 -2.426084488420613191e-10 -2.666349807799229506e-10 -2.756001110455299625e-10 -1.574860895520779973e-10 2.196006078705762050e-10 9.904235014947857364e-10 1.626707577769430172e-09
