9.335832703569039903e-11 2.293732358068256349e-11 1.528649070344290002e-11 1.261320164396773748e-11 -1.420512842741943905e-12 2.787701693995524709e-12 1.595324391742611200e-12 -8.920116448335736773e-13 -6.305313918150637864e-15 -2.582608740662754574e-13 -2.675142897663611706e-13 6.739651850089400859e-13 1.193697934456173935e-12 6.438243172131185623e-13 -2.588551301940230336e-12 -2.129521035147402403e-12 1.342667645993884352e-12 -7.384035240021195601e-13 1.570620516718626899e-12 2.472167853871655135e-12 2.766888709504845040e-12 3.521988403336518936e-12 1.176580764083640127e-11 1.435681301499567117e-11 5.626172062715224303e-13 4.177409268901980150e-12
2.293732358068256349e-11 6.022514585689914770e-11 8.497597160412656615e-12 2.891964926087685297e-12 4.272335825828857150e-12 6.115971392224840546e-12 5.526679958487166723e-12 2.313225292023028371e-12 5.839363025872900365e-14 2.128522324165710835e-12 -1.140483572784429089e-12 -1.381427227922663278e-12 -2.086223996573467580e-12 -4.135281818187073872e-12 -6.529036162393551813e-12 -5.118807402319820545e-12 -2.883759901615134533e-12 -1.649441982542263538e-12 -2.103114044720375779e-12 -8.398608469153510275e-12 -1.453263767409072538e-11 -1.920476341308263262e-11 -1.747832802018200329e-11 -6.460834277069963433e-12 -9.346794805038098561e-12 -1.478715138434272637e-11
1.528649070344290002e-11 8.497597160412656615e-12 4.233201200593585032e-11 1.253382164692466703e-11 6.851227546766199069e-12 4.412547014144823310e-12 4.549777673055316855e-12 1.004286062570089525e-12 1.581566824670898721e-12 2.288319745619474371e-12 1.026240673672941242e-12 3.271361898133535402e-12 3.104849706816331221e-12 3.038947588531516753e-12 1.694317631215309951e-12 3.390823353788607062e-13 -1.246149509737125895e-12 -2.718218875334404989e-12 -3.833017748485896853e-12 -5.839807399686097930e-13 1.666934139554235007e-12 3.115929908644670282e-12 4.024432937454234988e-12 1.153777124277668078e-12 7.348663145504357091e-12 1.245457718989425734e-11
1.261320164396773748e-11 2.891964926087685297e-12 1.253382164692466703e-11 3.656430768324251270e-11 9.719614640164247650e-12 7.179838349929281799e-12 5.800816822284239326e-12 1.185072242386959024e-12 4.682767510893794405e-13 -2.334822906828990283e-12 -1.570798361655523311e-12 -6.743828889404245215e-13 -5.345708888806586720e-13 3.857671057292283381e-13 3.355199316952008527e-12 4.974495376492243129e-12 4.577173786795266492e-12 4.536756174207141285e-12 3.044429096879613478e-12 4.277774432155300501e-12 3.512868760875529002e-12 8.350174032712795259e-13 4.629163954444496256e-12 2.232897987557474065e-12 5.824217090900145225e-12 1.635625351996157536e-11
-1.420512842741943905e-12 4.272335825828857150e-12 6.851227546766199069e-12 9.719614640164247650e-12 2.651432503125859607e-11 1.045069180213653523e-11 6.660873768069330548e-12 2.388022683899052263e-12 3.095517230878482752e-12 2.078526837117236936e-12 2.762592273533384485e-12 1.394546334579118079e-12 1.552790809620453783e-12 8.090271381445911961e-13 5.212332411753321312e-13 -1.641440251054587340e-13 1.827487424897432481e-12 5.110262731865681111e-12 5.668913016445004123e-12 3.920915664972605357e-12 3.698467206213526095e-13 -3.293804091775725159e-12 1.446983416942201733e-12 1.265055580629873052e-11 1.765931947232031531e-11 1.066281153009479316e-11
2.787701693995524709e-12 6.115971392224840546e-12 4.412547014144823310e-12 7.179838349929281799e-12 1.045069180213653523e-11 2.106611147335972006e-11 9.838657771219167377e-12 7.369694754182436202e-12 6.854287450497037008e-12 2.233838573108221871e-12 1.422209971009900486e-12 8.588863132604266529e-13 1.509492739648149507e-12 2.306626280535226600e-12 2.349846686256719100e-12 2.315565865273349622e-12 3.198927212154617751e-12 5.319999267444046332e-12 5.172937605190838039e-12 4.417983214920830859e-12 3.147543811946914160e-12 -5.122149495433902691e-13 -4.716479695699609509e-12 -1.927765674178690332e-12 3.653012757411287846e-12 4.905037643425977766e-12
1.595324391742611200e-12 5.526679958487166723e-12 4.549777673055316855e-12 5.800816822284239326e-12 6.660873768069330548e-12 9.838657771219167377e-12 1.606815856073940306e-11 8.957356787916757136e-12 8.464982432421114207e-12 5.329622075749180116e-12 4.706519037329008552e-12 4.243585300291479190e-12 5.263939404820193012e-12 5.660421504481258930e-12 6.644357300420800500e-12 6.486828325950340434e-12 7.419120360125873101e-12 9.738533646586636165e-12 1.086831855337401222e-11 1.159890487866186654e-11 1.102038926349088244e-11 4.806222153333587266e-12 1.269556633786723598e-12 1.101474444045933650e-12 -2.222112366518827431e-13 -3.266899845422940835e-13
-8.920116448335736773e-13 2.313225292023028371e-12 1.004286062570089525e-12 1.185072242386959024e-12 2.388022683899052263e-12 7.369694754182436202e-12 8.957356787916757136e-12 1.775800329995359019e-11 1.278976405389437252e-11 9.385299067625061905e-12 8.017705902072950793e-12 6.399177058996458464e-12 5.624477322242319941e-12 5.371635188621664149e-12 4.837096849941767633e-12 5.677428290349169289e-12 7.674329613209343579e-12 9.546888632712121445e-12 1.128356311970897942e-11 1.162912291707151715e-11 1.031260054141766007e-11 2.640094510802085466e-12 -4.218273479705483502e-12 -8.029551759139907997e-12 -4.076482999014991195e-12 -1.016730795553480856e-13
-6.305313918150637864e-15 5.839363025872900365e-14 1.581566824670898721e-12 4.682767510893794405e-13 3.095517230878482752e-12 6.854287450497037008e-12 8.464982432421114207e-12 1.278976405389437252e-11 1.877877179414587538e-11 1.376553789552551100e-11 1.194366486972099110e-11 1.024930593308774162e-11 9.894658643067612741e-12 1.034223669254956512e-11 1.086245697669399725e-11 1.104918786498388048e-11 1.213680822050786285e-11 1.242588237776999979e-11 1.236449474856380753e-11 1.090202037603636991e-11 6.939684776279180393e-12 -4.858245910768853843e-12 -1.057536358466596283e-11 -9.357017391904620192e-12 -7.078081366033710777e-12 -3.893699434986860446e-12
-2.582608740662754574e-13 2.128522324165710835e-12 2.288319745619474371e-12 -2.334822906828990283e-12 2.078526837117236936e-12 2.233838573108221871e-12 5.329622075749180116e-12 9.385299067625061905e-12 1.376553789552551100e-11 1.911208115963226311e-11 1.625664745635429074e-11 1.408029832708821254e-11 1.262851056548777980e-11 1.289630332320747032e-11 1.344988571063886069e-11 1.439174883767116669e-11 1.507262936869625952e-11 1.368372463598962316e-11 1.449268126292959544e-11 1.355004616301713794e-11 1.063486686588276088e-11 9.185306055712665222e-14 -4.730280958472395059e-12 -1.500999218974954271e-12 -4.387040865273927918e-12 -5.413800971128143623e-12
-2.675142897663611706e-13 -1.140483572784429089e-12 1.026240673672941242e-12 -1.570798361655523311e-12 2.762592273533384485e-12 1.422209971009900486e-12 4.706519037329008552e-12 8.017705902072950793e-12 1.194366486972099110e-11 1.625664745635429074e-11 2.192776824672436616e-11 1.955255003811220932e-11 1.724084377562123529e-11 1.554414068369168635e-11 1.446311801885815683e-11 1.495406671967206671e-11 1.540996941413522428e-11 1.340409166361182913e-11 1.276399144717895873e-11 1.150801944344139615e-11 7.973657129023275364e-12 -3.693704483182534497e-12 -9.386499159536850790e-12 -3.626679720928674777e-13 -3.781274169865576634e-13 -4.106795827083497764e-12
6.739651850089400859e-13 -1.381427227922663278e-12 3.271361898133535402e-12 -6.743828889404245215e-13 1.394546334579118079e-12 8.588863132604266529e-13 4.243585300291479190e-12 6.399177058996458464e-12 1.024930593308774162e-11 1.408029832708821254e-11 1.955255003811220932e-11 2.599875934941990426e-11 2.393552024577273621e-11 2.232378973666272923e-11 2.049672888366415126e-11 1.989286901698013144e-11 1.910899755155557177e-11 1.554601052599881798e-11 1.304319907288360859e-11 1.240904379901664500e-11 9.124278473472627458e-12 -3.989290268890216618e-12 -1.023983929760939564e-11 -4.148426702183069020e-12 -7.593994463659795862e-12 -7.037505815736680972e-12
1.193697934456173935e-12 -2.086223996573467580e-12 3.104849706816331221e-12 -5.345708888806586720e-13 1.552790809620453783e-12 1.509492739648149507e-12 5.263939404820193012e-12 5.624477322242319941e-12 9.894658643067612741e-12 1.262851056548777980e-11 1.724084377562123529e-11 2.393552024577273621e-11 3.242336137127014778e-11 3.258342600862097242e-11 3.173841225026730005e-11 3.121020231848760801e-11 3.085105713940133479e-11 3.064483677571728339e-11 2.944740299680571850e-11 2.974211744451049809e-11 2.677010009814610857e-11 7.784375851948114168e-12 -4.304433102615602288e-12 2.275083031209488010e-13 -8.948326670145737224e-12 -1.127212472970876738e-11
6.438243172131185623e-13 -4.135281818187073872e-12 3.038947588531516753e-12 3.857671057292283381e-13 8.090271381445911961e-13 2.306626280535226600e-12 5.660421504481258930e-12 5.371635188621664149e-12 1.034223669254956512e-11 1.289630332320747032e-11 1.554414068369168635e-11 2.232378973666272923e-11 3.258342600862097242e-11 4.264847055450680980e-11 4.372660498539218946e-11 4.342601497011759542e-11 4.300858649451522083e-11 4.338664945013908388e-11 4.299419822327870913e-11 4.568836208731461077e-11 4.371941612878513659e-11 2.109375983828968716e-11 -5.355213160598316054e-14 -2.707556520782922811e-12 -1.492795822155053762e-11 -1.072077693706070180e-11
-2.588551301940230336e-12 -6.529036162393551813e-12 1.694317631215309951e-12 3.355199316952008527e-12 5.212332411753321312e-13 2.349846686256719100e-12 6.644357300420800500e-12 4.837096849941767633e-12 1.086245697669399725e-11 1.344988571063886069e-11 1.446311801885815683e-11 2.049672888366415126e-11 3.173841225026730005e-11 4.372660498539218946e-11 5.848020583442865021e-11 6.259619435491462026e-11 6.307625773374251790e-11 6.526065597438204199e-11 6.503293877959586866e-11 6.919361009305253155e-11 6.757000216704171260e-11 4.027724780130032449e-11 8.826502161487740996e-12 2.281526705049321280e-12 -1.643837962103521454e-11 -1.054858818280848173e-11
-2.129521035147402403e-12 -5.118807402319820545e-12 3.390823353788607062e-13 4.974495376492243129e-12 -1.641440251054587340e-13 2.315565865273349622e-12 6.486828325950340434e-12 5.677428290349169289e-12 1.104918786498388048e-11 1.439174883767116669e-11 1.495406671967206671e-11 1.989286901698013144e-11 3.121020231848760801e-11 4.342601497011759542e-11 6.259619435491462026e-11 7.875815162109386870e-11 8.177284031589730684e-11 8.549171112426837014e-11 8.826940445017995665e-11 9.501206132449381405e-11 9.503805365882425435e-11 6.484688719009707182e-11 1.986815898025764019e-11 5.891806229012690265e-12 -2.138875559653171138e-11 -1.351831438874959898e-11
1.342667645993884352e-12 -2.883759901615134533e-12 -1.246149509737125895e-12 4.577173786795266492e-12 1.827487424897432481e-12 3.198927212154617751e-12 7.419120360125873101e-12 7.674329613209343579e-12 1.213680822050786285e-11 1.507262936869625952e-11 1.540996941413522428e-11 1.910899755155557177e-11 3.085105713940133479e-11 4.300858649451522083e-11 6.307625773374251790e-11 8.177284031589730684e-11 9.961772456307424303e-11 1.103410672535422500e-10 1.146653874336292828e-10 1.215502663896820673e-10 1.230086547230883162e-10 9.087681728213125264e-11 2.846211107338751398e-11 3.718122970424058677e-12 -2.514468627089784800e-11 -1.996552048280344075e-11
-7.384035240021195601e-13 -1.649441982542263538e-12 -2.718218875334404989e-12 4.536756174207141285e-12 5.110262731865681111e-12 5.319999267444046332e-12 9.738533646586636165e-12 9.546888632712121445e-12 1.242588237776999979e-11 1.368372463598962316e-11 1.340409166361182913e-11 1.554601052599881798e-11 3.064483677571728339e-11 4.338664945013908388e-11 6.526065597438204199e-11 8.549171112426837014e-11 1.103410672535422500e-10 1.433223027807796835e-10 1.557708756669947507e-10 1.646162782301546879e-10 1.675340679346231709e-10 1.322646163484249074e-10 4.771331011388096677e-11 5.128394100145287798e-12 -2.719406258027661625e-11 -2.031636905569807248e-11
1.570620516718626899e-12 -2.103114044720375779e-12 -3.833017748485896853e-12 3.044429096879613478e-12 5.668913016445004123e-12 5.172937605190838039e-12 1.086831855337401222e-11 1.128356311970897942e-11 1.236449474856380753e-11 1.449268126292959544e-11 1.276399144717895873e-11 1.304319907288360859e-11 2.944740299680571850e-11 4.299419822327870913e-11 6.503293877959586866e-11 8.826940445017995665e-11 1.146653874336292828e-10 1.557708756669947507e-10 1.953321901816486783e-10 2.199727002245043391e-10 2.269834937594508260e-10 1.863782259079558947e-10 7.600485945245563571e-11 5.585268909018160793e-12 -3.009677208994521172e-11 -2.344056822975292440e-11
2.472167853871655135e-12 -8.398608469153510275e-12 -5.839807399686097930e-13 4.277774432155300501e-12 3.920915664972605357e-12 4.417983214920830859e-12 1.159890487866186654e-11 1.162912291707151715e-11 1.090202037603636991e-11 1.355004616301713794e-11 1.150801944344139615e-11 1.240904379901664500e-11 2.974211744451049809e-11 4.568836208731461077e-11 6.919361009305253155e-11 9.501206132449381405e-11 1.215502663896820673e-10 1.646162782301546879e-10 2.199727002245043391e-10 2.858377020623336911e-10 3.130279365483950014e-10 2.729043122369156592e-10 1.390869868030852159e-10 1.964210860583725061e-11 -2.978044383876926752e-11 -2.017664499111753789e-11
2.766888709504845040e-12 -1.453263767409072538e-11 1.666934139554235007e-12 3.512868760875529002e-12 3.698467206213526095e-13 3.147543811946914160e-12 1.102038926349088244e-11 1.031260054141766007e-11 6.939684776279180393e-12 1.063486686588276088e-11 7.973657129023275364e-12 9.124278473472627458e-12 2.677010009814610857e-11 4.371941612878513659e-11 6.757000216704171260e-11 9.503805365882425435e-11 1.230086547230883162e-10 1.675340679346231709e-10 2.269834937594508260e-10 3.130279365483950014e-10 3.948341649981239693e-10 3.847439589357293833e-10 2.447990091899634886e-10 6.553946655028883270e-11 -2.140172073893530077e-11 -1.851379050171306833e-11
3.521988403336518936e-12 -1.920476341308263262e-11 3.115929908644670282e-12 8.350174032712795259e-13 -3.293804091775725159e-12 -5.122149495433902691e-13 4.806222153333587266e-12 2.640094510802085466e-12 -4.858245910768853843e-12 9.185306055712665222e-14 -3.693704483182534497e-12 -3.989290268890216618e-12 7.784375851948114168e-12 2.109375983828968716e-11 4.027724780130032449e-11 6.484688719009707182e-11 9.087681728213125264e-11 1.322646163484249074e-10 1.863782259079558947e-10 2.729043122369156592e-10 3.847439589357293833e-10 4.491695362570368647e-10 3.472713836028804664e-10 1.358148894312094267e-10 1.620483157774780618e-12 -4.213065634634443043e-12
1.176580764083640127e-11 -1.747832802018200329e-11 4.024432937454234988e-12 4.629163954444496256e-12 1.446983416942201733e-12 -4.716479695699609509e-12 1.269556633786723598e-12 -4.218273479705483502e-12 -1.057536358466596283e-11 -4.730280958472395059e-12 -9.386499159536850790e-12 -1.023983929760939564e-11 -4.304433102615602288e-12 -5.355213160598316054e-14 8.826502161487740996e-12 1.986815898025764019e-11 2.846211107338751398e-11 4.771331011388096677e-11 7.600485945245563571e-11 1.390869868030852159e-10 2.447990091899634886e-10 3.472713836028804664e-10 3.994198181919112663e-10 2.645969232646170525e-10 7.679077364529433716e-11 6.363001754835628844e-12
1.435681301499567117e-11 -6.460834277069963433e-12 1.153777124277668078e-12 2.232897987557474065e-12 1.265055580629873052e-11 -1.927765674178690332e-12 1.101474444045933650e-12 -8.029551759139907997e-12 -9.357017391904620192e-12 -1.500999218974954271e-12 -3.626679720928674777e-13 -4.148426702183069020e-12 2.275083031209488010e-13 -2.707556520782922811e-12 2.281526705049321280e-12 5.891806229012690265e-12 3.718122970424058677e-12 5.128394100145287798e-12 5.585268909018160793e-12 1.964210860583725061e-11 6.553946655028883270e-11 1.358148894312094267e-10 2.645969232646170525e-10 3.241844453810382797e-10 1.849556529478445482e-10 2.869637909121978035e-11
5.626172062715224303e-13 -9.346794805038098561e-12 7.348663145504357091e-12 5.824217090900145225e-12 1.765931947232031531e-11 3.653012757411287846e-12 -2.222112366518827431e-13 -4.076482999014991195e-12 -7.078081366033710777e-12 -4.387040865273927918e-12 -3.781274169865576634e-13 -7.593994463659795862e-12 -8.948326670145737224e-12 -1.492795822155053762e-11 -1.643837962103521454e-11 -2.138875559653171138e-11 -2.514468627089784800e-11 -2.719406258027661625e-11 -3.009677208994521172e-11 -2.978044383876926752e-11 -2.140172073893530077e-11 1.620483157774780618e-12 7.679077364529433716e-11 1.849556529478445482e-10 2.602737300598570036e-10 1.361853105880608347e-10
4.177409268901980150e-12 -1.478715138434272637e-11 1.245457718989425734e-11 1.635625351996157536e-11 1.066281153009479316e-11 4.905037643425977766e-12 -3.266899845422940835e-13 -1.016730795553480856e-13 -3.893699434986860446e-12 -5.413800971128143623e-12 -4.106795827083497764e-12 -7.037505815736680972e-12 -1.127212472970876738e-11 -1.072077693706070180e-11 -1.054858818280848173e-11 -1.351831438874959898e-11 -1.996552048280344075e-11 -2.031636905569807248e-11 -2.344056822975292440e-11 -2.017664499111753789e-11 -1.851379050171306833e-11 -4.213065634634443043e-12 6.363001754835628844e-12 2.869637909121978035e-11 1.361853105880608347e-10 2.672425773484201393e-10
