8.892166756233890103e-11 9.911671141040195861e-12 9.396874506474817534e-12 8.325393167862774821e-12 1.095068235066022229e-11 5.218058500705212291e-12 7.801732580004944336e-12 2.843379368056912904e-12 1.704802832821482852e-13 -6.049087516199365769e-13 1.823619791333622405e-12 3.600640813386634985e-12 -1.466666720993225947e-12 -4.891621579808632144e-12 -9.699439275238151784e-12 -1.444929652267533758e-11 -2.066196584218973994e-11 -2.561855851139003408e-11 -3.290559930231825956e-11 -3.112597702353757711e-11 -3.364141523485023952e-11 -2.064785907218789965e-11 7.163453383989527545e-12 2.528728548563059403e-11 2.133524092079027673e-11 1.087974875188013877e-11
9.911671141040195861e-12 6.291335916261627617e-11 1.976703226456979545e-11 1.087819542929910808e-11 7.564439626255483074e-12 6.450767647843949537e-12 4.471752153038254013e-12 2.406570492697033811e-12 -3.946591568607893507e-13 -2.095199390333845904e-12 -2.810204211450607382e-12 -2.199212691881291980e-12 -5.376420867328301621e-12 -1.085045243623168319e-11 -1.182887767372013374e-11 -1.530591325209659066e-11 -2.255483214153435407e-11 -2.760597088421633032e-11 -2.536708881239888972e-11 -2.305217373563242535e-11 -2.386241456361662568e-11 -2.104357512159980371e-11 -6.969060560301119384e-12 -2.259238033183394781e-12 -1.185049479109015274e-11 -6.729824822493828186e-12
9.396874506474817534e-12 1.976703226456979545e-11 4.523099162515713992e-11 1.218701555602309439e-11 7.602053022145176790e-12 3.702281901367113608e-12 5.506934038176959434e-12 4.692246708658242489e-12 2.116224007359541354e-12 2.728933310569816509e-12 1.727489635004319489e-12 6.559002566023758195e-13 -3.719010290367171670e-12 -7.707156794413695731e-12 -1.321384171279865698e-11 -1.411918285808507702e-11 -1.874304097846270712e-11 -2.266696021765072635e-11 -2.757115616180745558e-11 -2.802638668806804952e-11 -2.397316868147571284e-11 -1.528655374764289944e-11 -6.509389047902527502e-12 -1.075768078287931690e-11 -2.695558430819648119e-11 -2.036428486950057101e-11
8.325393167862774821e-12 1.087819542929910808e-11 1.218701555602309439e-11 3.681654868949710351e-11 1.487030080838195869e-11 7.473595794703762044e-12 7.908146328516614872e-12 7.436345682689203031e-12 4.434864630573220447e-12 3.990737221069954677e-12 1.530732023096672192e-12 -1.554851148985898219e-12 -2.544691950357473745e-12 -4.282672742682544155e-12 -6.202678471373665549e-12 -6.518610210958010080e-12 -6.539138896817285788e-12 -7.608384941611587226e-12 -1.135865943382774830e-11 -1.697037037944037533e-11 -2.332043274983197509e-11 -2.766095241213452164e-11 -2.809870504584232115e-11 -1.781813716907109999e-11 -2.340830629758625903e-11 5.648217858326847473e-12
1.095068235066022229e-11 7.564439626255483074e-12 7.602053022145176790e-12 1.487030080838195869e-11 2.772597659699909034e-11 1.245581862294256164e-11 1.017910877253524808e-11 8.731533127345640911e-12 5.694413647412446014e-12 4.916936869426008770e-12 2.091627182126915890e-12 3.396996375331176069e-12 1.694489304419217049e-12 -7.044233934587994125e-14 -1.432403697413900948e-12 -1.120675744082439156e-12 -3.747172826681121398e-13 -8.411374327065623881e-13 -2.605401104925661845e-12 -1.299541508987556858e-12 2.640290467879007814e-12 5.844398849971983053e-12 1.041811630608439599e-11 7.623979852650645654e-12 -1.556885355534019390e-11 -1.811056455599493063e-11
5.218058500705212291e-12 6.450767647843949537e-12 3.702281901367113608e-12 7.473595794703762044e-12 1.245581862294256164e-11 2.414462885906281861e-11 1.282915668084713087e-11 8.478944222588719878e-12 4.805023702552200119e-12 4.030641779425842079e-12 6.409601205365241237e-13 1.732144752960598808e-12 2.848646394792803861e-12 7.941298165126696735e-13 -3.866686931557768644e-13 -2.455935412854623306e-12 -4.059253510536033415e-12 -5.876258105172185037e-12 -9.162058641666025947e-12 -8.749318300218229825e-12 -4.237273998187486996e-12 -2.749847320448940230e-13 5.694807671710765485e-12 2.613717828225833794e-12 -1.046077057228947130e-11 -1.969533455139347667e-11
7.801732580004944336e-12 4.471752153038254013e-12 5.506934038176959434e-12 7.908146328516614872e-12 1.017910877253524808e-11 1.282915668084713087e-11 2.501697752236936581e-11 1.544694861352054028e-11 8.657875229246980667e-12 6.438721307235601856e-12 2.854619858405981972e-12 4.280262733877152223e-12 3.850801658518486746e-12 2.170449781282594047e-12 7.448271575545641359e-13 6.943575667826244141e-13 1.158986303674752877e-12 -5.410488935943402818e-14 -5.784420353401896495e-12 -6.886742826869035810e-12 -6.446981557374742632e-12 -7.908299967110054174e-12 -1.550116465262286292e-12 7.146366283871468290e-13 1.651270482794488745e-12 1.129522893371698632e-12
2.843379368056912904e-12 2.406570492697033811e-12 4.692246708658242489e-12 7.436345682689203031e-12 8.731533127345640911e-12 8.478944222588719878e-12 1.544694861352054028e-11 2.469867286013911531e-11 1.730765651138491064e-11 1.416361982665705853e-11 1.090228400800657777e-11 1.297912558780238917e-11 1.145172958082969499e-11 1.006761776055637900e-11 8.069352111574943636e-12 8.570495203771269024e-12 1.034837035367267835e-11 1.189386914104207139e-11 1.103783769757823371e-11 1.287420030872611688e-11 1.308363877542049318e-11 6.718738702205271755e-12 5.678221234664803231e-12 2.022520931564691414e-12 -1.469724718763056630e-11 -1.973383542678015653e-11
1.704802832821482852e-13 -3.946591568607893507e-13 2.116224007359541354e-12 4.434864630573220447e-12 5.694413647412446014e-12 4.805023702552200119e-12 8.657875229246980667e-12 1.730765651138491064e-11 2.310192311509976359e-11 1.949174597974919864e-11 1.490212790990669189e-11 1.584687855206890634e-11 1.450038838836707436e-11 1.367026379107928535e-11 1.282266576497964625e-11 1.481257556038562471e-11 1.989630218224681221e-11 2.508770893913535882e-11 2.475254770350379719e-11 2.744090877983832132e-11 3.274754634175103551e-11 2.361570812825559698e-11 1.501074720980959954e-11 5.436373301368962583e-12 -6.398421403401253702e-12 3.816881328989782644e-12
-6.049087516199365769e-13 -2.095199390333845904e-12 2.728933310569816509e-12 3.990737221069954677e-12 4.916936869426008770e-12 4.030641779425842079e-12 6.438721307235601856e-12 1.416361982665705853e-11 1.949174597974919864e-11 2.628202007530721598e-11 2.113039347195823796e-11 2.042737037926953054e-11 1.947559296113458200e-11 1.909959817152869988e-11 1.919119665752695719e-11 2.297860830276996836e-11 2.899664950684273020e-11 3.464621857307971652e-11 3.723357059093725087e-11 4.109861248574781631e-11 4.614766034581160195e-11 3.803914123613822254e-11 2.664533997361787694e-11 1.479489131281503195e-11 -6.675154692557292364e-12 1.402362902644676508e-12
1.823619791333622405e-12 -2.810204211450607382e-12 1.727489635004319489e-12 1.530732023096672192e-12 2.091627182126915890e-12 6.409601205365241237e-13 2.854619858405981972e-12 1.090228400800657777e-11 1.490212790990669189e-11 2.113039347195823796e-11 2.955246183363185518e-11 2.856154662162269555e-11 2.738395229147129005e-11 2.743252103899895559e-11 2.802271171877564163e-11 3.168614271447691004e-11 3.622500922776917219e-11 4.124973112999691933e-11 4.509582834734206388e-11 5.060382457161952626e-11 5.429608745959292753e-11 4.151706954772605370e-11 2.723139031505644220e-11 1.792556370743829031e-11 4.398174018932436266e-12 1.897811872454673005e-12
3.600640813386634985e-12 -2.199212691881291980e-12 6.559002566023758195e-13 -1.554851148985898219e-12 3.396996375331176069e-12 1.732144752960598808e-12 4.280262733877152223e-12 1.297912558780238917e-11 1.584687855206890634e-11 2.042737037926953054e-11 2.856154662162269555e-11 3.916238452743559734e-11 3.920940209088611121e-11 3.795425474851705669e-11 3.858174475510518250e-11 4.362615335900899184e-11 4.955398071577886444e-11 5.527186128000184105e-11 5.698056006858184842e-11 6.124637866138299742e-11 6.311969482395912080e-11 4.264869410463919889e-11 2.968266028883350323e-11 2.452481257757193056e-11 6.045674277371089871e-12 1.115412338031983082e-12
-1.466666720993225947e-12 -5.376420867328301621e-12 -3.719010290367171670e-12 -2.544691950357473745e-12 1.694489304419217049e-12 2.848646394792803861e-12 3.850801658518486746e-12 1.145172958082969499e-11 1.450038838836707436e-11 1.947559296113458200e-11 2.738395229147129005e-11 3.920940209088611121e-11 5.237859681449882375e-11 5.423326120211922882e-11 5.559236075179820628e-11 6.103597367261485680e-11 6.851439301155374916e-11 7.531711986317592207e-11 7.789879061507440080e-11 7.968472288572792812e-11 7.613758781904978053e-11 4.328416369823375061e-11 1.546421488800206268e-11 9.777343627036342257e-12 -5.503701712587284765e-12 -7.340699296251343896e-12
-4.891621579808632144e-12 -1.085045243623168319e-11 -7.707156794413695731e-12 -4.282672742682544155e-12 -7.044233934587994125e-14 7.941298165126696735e-13 2.170449781282594047e-12 1.006761776055637900e-11 1.367026379107928535e-11 1.909959817152869988e-11 2.743252103899895559e-11 3.795425474851705669e-11 5.423326120211922882e-11 7.334216911845519169e-11 8.049813196532337458e-11 8.753897677383156580e-11 9.975023627979188914e-11 1.123101058793495758e-10 1.184944940359035861e-10 1.233309845004584893e-10 1.162480410682801787e-10 7.406425487012777893e-11 1.879060075053307908e-11 -1.743919533440717813e-12 -2.450373421073645199e-11 -2.602444203302448123e-11
-9.699439275238151784e-12 -1.182887767372013374e-11 -1.321384171279865698e-11 -6.202678471373665549e-12 -1.432403697413900948e-12 -3.866686931557768644e-13 7.448271575545641359e-13 8.069352111574943636e-12 1.282266576497964625e-11 1.919119665752695719e-11 2.802271171877564163e-11 3.858174475510518250e-11 5.559236075179820628e-11 8.049813196532337458e-11 1.070313061536743077e-10 1.214804023855708454e-10 1.398396858052372147e-10 1.608324671243821772e-10 1.745009172966332986e-10 1.846028367654475256e-10 1.832450000597692240e-10 1.305830140852567800e-10 3.677476819953352082e-11 -1.287796101668253736e-11 -3.993096582670321886e-11 -2.855332952530807267e-11
-1.444929652267533758e-11 -1.530591325209659066e-11 -1.411918285808507702e-11 -6.518610210958010080e-12 -1.120675744082439156e-12 -2.455935412854623306e-12 6.943575667826244141e-13 8.570495203771269024e-12 1.481257556038562471e-11 2.297860830276996836e-11 3.168614271447691004e-11 4.362615335900899184e-11 6.103597367261485680e-11 8.753897677383156580e-11 1.214804023855708454e-10 1.601878964394726246e-10 1.927853060542234521e-10 2.250679201010360721e-10 2.449085399060991237e-10 2.598466930206201751e-10 2.664135270232784016e-10 2.058460400281189003e-10 8.003641150481955684e-11 1.181173859303741027e-11 -4.018249223223683883e-11 -4.620747367121055405e-11
-2.066196584218973994e-11 -2.255483214153435407e-11 -1.874304097846270712e-11 -6.539138896817285788e-12 -3.747172826681121398e-13 -4.059253510536033415e-12 1.158986303674752877e-12 1.034837035367267835e-11 1.989630218224681221e-11 2.899664950684273020e-11 3.622500922776917219e-11 4.955398071577886444e-11 6.851439301155374916e-11 9.975023627979188914e-11 1.398396858052372147e-10 1.927853060542234521e-10 2.611056505361528820e-10 3.193787162479863131e-10 3.544426605556630002e-10 3.866740140404417112e-10 4.066133005650783774e-10 3.329570996100357938e-10 1.457864455217147848e-10 2.988729514099903792e-11 -5.245509468037472747e-11 -5.805113319983074855e-11
-2.561855851139003408e-11 -2.760597088421633032e-11 -2.266696021765072635e-11 -7.608384941611587226e-12 -8.411374327065623881e-13 -5.876258105172185037e-12 -5.410488935943402818e-14 1.189386914104207139e-11 2.508770893913535882e-11 3.464621857307971652e-11 4.124973112999691933e-11 5.527186128000184105e-11 7.531711986317592207e-11 1.123101058793495758e-10 1.608324671243821772e-10 2.250679201010360721e-10 3.193787162479863131e-10 4.249101259303008483e-10 4.952432630525522484e-10 5.544522887477054722e-10 5.928745176337884546e-10 5.093497328277848983e-10 2.407506528085319393e-10 4.642274436480634782e-11 -7.915680156335383398e-11 -8.875016279588380140e-11
-3.290559930231825956e-11 -2.536708881239888972e-11 -2.757115616180745558e-11 -1.135865943382774830e-11 -2.605401104925661845e-12 -9.162058641666025947e-12 -5.784420353401896495e-12 1.103783769757823371e-11 2.475254770350379719e-11 3.723357059093725087e-11 4.509582834734206388e-11 5.698056006858184842e-11 7.789879061507440080e-11 1.184944940359035861e-10 1.745009172966332986e-10 2.449085399060991237e-10 3.544426605556630002e-10 4.952432630525522484e-10 6.395205469318464353e-10 7.606908447423135182e-10 8.341281025515811924e-10 7.551533035184714036e-10 4.014958730945174812e-10 9.447027383661252052e-11 -1.028461664955284613e-10 -1.508980994276346553e-10
-3.112597702353757711e-11 -2.305217373563242535e-11 -2.802638668806804952e-11 -1.697037037944037533e-11 -1.299541508987556858e-12 -8.749318300218229825e-12 -6.886742826869035810e-12 1.287420030872611688e-11 2.744090877983832132e-11 4.109861248574781631e-11 5.060382457161952626e-11 6.124637866138299742e-11 7.968472288572792812e-11 1.233309845004584893e-10 1.846028367654475256e-10 2.598466930206201751e-10 3.866740140404417112e-10 5.544522887477054722e-10 7.606908447423135182e-10 1.015546896972564575e-09 1.197568114935713395e-09 1.172489856012497842e-09 7.452841137725987638e-10 2.430206241588751872e-10 -8.147965941435467570e-11 -1.860541189071841826e-10
-3.364141523485023952e-11 -2.386241456361662568e-11 -2.397316868147571284e-11 -2.332043274983197509e-11 2.640290467879007814e-12 -4.237273998187486996e-12 -6.446981557374742632e-12 1.308363877542049318e-11 3.274754634175103551e-11 4.614766034581160195e-11 5.429608745959292753e-11 6.311969482395912080e-11 7.613758781904978053e-11 1.162480410682801787e-10 1.832450000597692240e-10 2.664135270232784016e-10 4.066133005650783774e-10 5.928745176337884546e-10 8.341281025515811924e-10 1.197568114935713395e-09 1.556968380041469327e-09 1.653164222468123198e-09 1.193460179533298399e-09 4.838099561240831485e-10 -3.340886560739583022e-11 -2.115799259962024692e-10
-2.064785907218789965e-11 -2.104357512159980371e-11 -1.528655374764289944e-11 -2.766095241213452164e-11 5.844398849971983053e-12 -2.749847320448940230e-13 -7.908299967110054174e-12 6.718738702205271755e-12 2.361570812825559698e-11 3.803914123613822254e-11 4.151706954772605370e-11 4.264869410463919889e-11 4.328416369823375061e-11 7.406425487012777893e-11 1.305830140852567800e-10 2.058460400281189003e-10 3.329570996100357938e-10 5.093497328277848983e-10 7.551533035184714036e-10 1.172489856012497842e-09 1.653164222468123198e-09 1.986764868244009560e-09 1.652026379978885528e-09 8.171917373956610748e-10 5.119008663018581549e-11 -1.852409391900317992e-10
7.163453383989527545e-12 -6.969060560301119384e-12 -6.509389047902527502e-12 -2.809870504584232115e-11 1.041811630608439599e-11 5.694807671710765485e-12 -1.550116465262286292e-12 5.678221234664803231e-12 1.501074720980959954e-11 2.664533997361787694e-11 2.723139031505644220e-11 2.968266028883350323e-11 1.546421488800206268e-11 1.879060075053307908e-11 3.677476819953352082e-11 8.003641150481955684e-11 1.457864455217147848e-10 2.407506528085319393e-10 4.014958730945174812e-10 7.452841137725987638e-10 1.193460179533298399e-09 1.652026379978885528e-09 1.750002649709476356e-09 1.176351072840085121e-09 2.705660171780564661e-10 -1.103066598826113250e-10
2.528728548563059403e-11 -2.259238033183394781e-12 -1.075768078287931690e-11 -1.781813716907109999e-11 7.623979852650645654e-12 2.613717828225833794e-12 7.146366283871468290e-13 2.022520931564691414e-12 5.436373301368962583e-12 1.479489131281503195e-11 1.792556370743829031e-11 2.452481257757193056e-11 9.777343627036342257e-12 -1.743919533440717813e-12 -1.287796101668253736e-11 1.181173859303741027e-11 2.988729514099903792e-11 4.642274436480634782e-11 9.447027383661252052e-11 2.430206241588751872e-10 4.838099561240831485e-10 8.171917373956610748e-10 1.176351072840085121e-09 1.277137998745581201e-09 7.365614483117045537e-10 1.403790138789439756e-10
2.133524092079027673e-11 -1.185049479109015274e-11 -2.695558430819648119e-11 -2.340830629758625903e-11 -1.556885355534019390e-11 -1.046077057228947130e-11 1.651270482794488745e-12 -1.469724718763056630e-11 -6.398421403401253702e-12 -6.675154692557292364e-12 4.398174018932436266e-12 6.045674277371089871e-12 -5.503701712587284765e-12 -2.450373421073645199e-11 -3.993096582670321886e-11 -4.018249223223683883e-11 -5.245509468037472747e-11 -7.915680156335383398e-11 -1.028461664955284613e-10 -8.147965941435467570e-11 -3.340886560739583022e-11 5.119008663018581549e-11 2.705660171780564661e-10 7.365614483117045537e-10 1.179400332315922808e-09 7.444665736525417646e-10
1.087974875188013877e-11 -6.729824822493828186e-12 -2.036428486950057101e-11 5.648217858326847473e-12 -1.811056455599493063e-11 -1.969533455139347667e-11 1.129522893371698632e-12 -1.973383542678015653e-11 3.816881328989782644e-12 1.402362902644676508e-12 1.897811872454673005e-12 1.115412338031983082e-12 -7.340699296251343896e-12 -2.602444203302448123e-11 -2.855332952530807267e-11 -4.620747367121055405e-11 -5.805113319983074855e-11 -8.875016279588380140e-11 -1.508980994276346553e-10 -1.860541189071841826e-10 -2.115799259962024692e-10 -1.852409391900317992e-10 -1.103066598826113250e-10 1.403790138789439756e-10 7.444665736525417646e-10 1.184495983211544729e-09
