6.488175230586726316e-11 1.308926215056077911e-11 5.556955788077663453e-12 4.604184028464417974e-12 6.529886384255191078e-12 5.387567095310111277e-13 9.080119543158989576e-13 3.024342311152643484e-13 -3.589302301164701886e-13 6.558546876691851502e-13 -2.416905981132638248e-13 -2.832575867349416283e-12 -3.415279063626993021e-12 -3.936849885047313424e-12 -5.723647157937151915e-12 -6.682388749808948591e-12 -2.171882825627798425e-12 -3.312518380292282956e-12 -9.230380775437954307e-12 -1.775928413840581386e-11 -1.927264962713079672e-11 -2.066592797527534514e-11 -1.698340280301695924e-11 -1.057100625880347451e-11 -3.174810015626896082e-12 5.481955142612572154e-12
1.308926215056077911e-11 5.554708548296960405e-11 8.983429481285825367e-12 9.063149072597838502e-12 4.420414353669046273e-12 4.271103201827909691e-12 5.783159740643923896e-13 -2.489600076482673040e-12 -2.749359852076756304e-12 -3.785336277046959374e-12 -4.969264126503648080e-12 -5.591277431810548063e-12 -4.214508462229353918e-12 -8.104452771232441768e-12 -7.152197797167109664e-12 -6.782314592486436411e-12 -7.566506391502975150e-12 -1.020125114271117468e-11 -1.094327237399699932e-11 -1.505717876646199193e-11 -2.005535561037211197e-11 -1.867388209789435399e-11 -9.990595469543507606e-12 -5.477260662101837144e-13 1.949445399074049770e-12 3.408574232499787010e-13
5.556955788077663453e-12 8.983429481285825367e-12 3.338973835116410779e-11 6.121102053396815783e-12 6.678712427989495872e-12 4.234033581849566732e-12 3.603962349822917985e-12 1.931978417784296936e-13 1.481279616720620114e-13 1.433177273240467082e-12 4.326624462970075925e-13 1.093398471302218414e-12 1.819656988297656385e-12 1.841838133727441566e-12 1.741557022889994939e-12 2.886062328397587873e-12 1.758530080985572438e-12 8.019697996398206514e-13 1.432729684148382213e-12 2.887074518308657662e-12 1.057773682878208454e-12 8.754349644730088007e-13 -1.384147045974472060e-12 -6.772298872919406185e-13 3.138381984908431972e-12 8.708404553409941945e-12
4.604184028464417974e-12 9.063149072597838502e-12 6.121102053396815783e-12 2.844018780164636341e-11 1.090735624671159027e-11 6.032946420576698135e-12 5.323613038210651047e-12 1.831555280595711268e-12 1.004875114958289562e-12 1.315211883971979253e-12 2.339386219959648076e-12 2.963223263497295712e-12 4.602494403313878017e-12 4.960850104660024841e-12 4.625640803180591169e-12 4.252825569680165640e-12 4.740086472610409541e-12 6.154814558363446171e-12 7.424500529823590267e-12 7.763196712484697967e-12 3.180239198106617637e-12 -1.941927706017817182e-12 2.123586097795649306e-12 6.305819059476317353e-12 9.323938873656004078e-12 9.416019812835742424e-12
6.529886384255191078e-12 4.420414353669046273e-12 6.678712427989495872e-12 1.090735624671159027e-11 2.509275515319981232e-11 1.193350862762757448e-11 7.732789667267648945e-12 3.343773867311366520e-12 3.041371561772493124e-12 1.938512528069224007e-12 1.561572502043668256e-12 6.501794245669244341e-13 6.444015997898384433e-13 6.087601352601809984e-13 1.209590330618870369e-12 5.849858496110096754e-13 1.921878286306237928e-12 5.815270519127026556e-12 7.766358189702185216e-12 9.121965230697659869e-12 1.054187334531615815e-11 1.011735638499297627e-11 8.193407658359882057e-12 6.139757584511138259e-12 6.978891838026321345e-12 1.130592967489177776e-11
5.387567095310111277e-13 4.271103201827909691e-12 4.234033581849566732e-12 6.032946420576698135e-12 1.193350862762757448e-11 2.214123382926097974e-11 1.131899854282982690e-11 6.200801067651887045e-12 6.009351146293817966e-12 2.924406761359982553e-12 1.958206601205238150e-12 7.611182628259518722e-13 7.746666223156590029e-13 3.038745280350313709e-13 1.129860827355657702e-13 3.008760681344077138e-13 1.482065352500042841e-12 4.689866908093509441e-12 4.450286725324487991e-12 3.972506147544345727e-12 3.283813146288059838e-12 1.640076042399361435e-12 -3.805783586752834487e-13 1.783018715700122959e-12 7.101501379322269085e-12 7.583228483809122657e-12
9.080119543158989576e-13 5.783159740643923896e-13 3.603962349822917985e-12 5.323613038210651047e-12 7.732789667267648945e-12 1.131899854282982690e-11 1.766509283029651079e-11 1.074983790013699872e-11 8.337708437205859269e-12 5.648654602873284557e-12 4.309306765862507054e-12 3.399540005995657386e-12 3.524658118196860904e-12 5.217595049963080070e-12 5.906970404318363890e-12 6.018998768609243987e-12 6.814628828396404546e-12 1.029347084638510707e-11 1.154182300118415944e-11 1.252185677985622781e-11 1.037225983546836523e-11 4.384605924592402618e-12 -1.878788110601315184e-13 -2.852741740734691414e-12 -7.502769134622637350e-13 1.633207644553920770e-13
3.024342311152643484e-13 -2.489600076482673040e-12 1.931978417784296936e-13 1.831555280595711268e-12 3.343773867311366520e-12 6.200801067651887045e-12 1.074983790013699872e-11 1.765439862450035423e-11 1.287166113588168692e-11 9.961569947048411470e-12 8.054720753814781151e-12 6.040931700342473736e-12 4.942051579660770599e-12 5.891073610982949872e-12 6.124477521274754505e-12 7.898897524370450105e-12 9.910488445834887551e-12 1.158890005207586514e-11 1.346816620207345198e-11 1.402346084701775680e-11 1.315184641471698651e-11 4.043706875807119621e-12 -3.366921058172611253e-12 -6.832159929020745020e-12 -2.792876200459869141e-12 -3.731786629415581659e-12
-3.589302301164701886e-13 -2.749359852076756304e-12 1.481279616720620114e-13 1.004875114958289562e-12 3.041371561772493124e-12 6.009351146293817966e-12 8.337708437205859269e-12 1.287166113588168692e-11 1.889415089698510513e-11 1.462640268174573614e-11 1.214648990210452461e-11 1.045480013747573299e-11 9.664202892333266815e-12 1.064384307847197528e-11 1.133596526114676473e-11 1.159529869507201752e-11 1.241807179940081351e-11 1.147593173691852570e-11 1.169495702030016169e-11 9.572099366171811534e-12 6.874292440650362173e-12 -1.959166430106956534e-12 -8.451612764838532237e-12 -7.721357846686529843e-12 -7.177977105534810899e-12 -6.084482922554201828e-12
6.558546876691851502e-13 -3.785336277046959374e-12 1.433177273240467082e-12 1.315211883971979253e-12 1.938512528069224007e-12 2.924406761359982553e-12 5.648654602873284557e-12 9.961569947048411470e-12 1.462640268174573614e-11 1.956286378457856516e-11 1.571809389748508332e-11 1.346300717263113849e-11 1.188830889730417318e-11 1.242062537429659508e-11 1.244971897431754833e-11 1.279897655454614192e-11 1.351411749452839972e-11 1.245546806381861206e-11 1.326002052868325369e-11 1.215403776183246252e-11 9.710063075735854384e-12 6.898231252222404383e-13 -2.247841600288917827e-12 1.131672879518777379e-13 -4.275884364595077084e-12 -4.698577282146331583e-12
-2.416905981132638248e-13 -4.969264126503648080e-12 4.326624462970075925e-13 2.339386219959648076e-12 1.561572502043668256e-12 1.958206601205238150e-12 4.309306765862507054e-12 8.054720753814781151e-12 1.214648990210452461e-11 1.571809389748508332e-11 2.058473370683348181e-11 1.858058933454114599e-11 1.617581124629962028e-11 1.538954630777313039e-11 1.418053879859382748e-11 1.447380476491491977e-11 1.502499241946691049e-11 1.309961019079081717e-11 1.216995264985935201e-11 1.053934254118699486e-11 5.954565002034237139e-12 -6.408003686179007372e-12 -1.225019837060133332e-11 -2.688066068300446147e-12 -1.316444457655609618e-12 -4.395624932301109899e-12
-2.832575867349416283e-12 -5.591277431810548063e-12 1.093398471302218414e-12 2.963223263497295712e-12 6.501794245669244341e-13 7.611182628259518722e-13 3.399540005995657386e-12 6.040931700342473736e-12 1.045480013747573299e-11 1.346300717263113849e-11 1.858058933454114599e-11 2.494467805970813496e-11 2.315789022654872133e-11 2.238119328908506925e-11 2.043667704436691500e-11 1.941218453978896585e-11 1.836079008571079643e-11 1.518731598856150705e-11 1.260418924117975718e-11 1.212803955708803335e-11 9.027635787449707665e-12 -4.101470433100838772e-12 -9.920760395021963314e-12 -3.244187391868854409e-12 -6.734072354210487395e-12 -5.958651295159140139e-12
-3.415279063626993021e-12 -4.214508462229353918e-12 1.819656988297656385e-12 4.602494403313878017e-12 6.444015997898384433e-13 7.746666223156590029e-13 3.524658118196860904e-12 4.942051579660770599e-12 9.664202892333266815e-12 1.188830889730417318e-11 1.617581124629962028e-11 2.315789022654872133e-11 3.106461782111559187e-11 3.207072431049977848e-11 3.083774119302506617e-11 3.018391930851301014e-11 2.946779272994469259e-11 2.870239815075723044e-11 2.665810229297524114e-11 2.685869244876974447e-11 2.393178354942488215e-11 5.549242984063823072e-12 -5.905791339695660045e-12 -9.060946993243264391e-13 -9.718964359344179253e-12 -1.090848010897878306e-11
-3.936849885047313424e-12 -8.104452771232441768e-12 1.841838133727441566e-12 4.960850104660024841e-12 6.087601352601809984e-13 3.038745280350313709e-13 5.217595049963080070e-12 5.891073610982949872e-12 1.064384307847197528e-11 1.242062537429659508e-11 1.538954630777313039e-11 2.238119328908506925e-11 3.207072431049977848e-11 4.257517297035787485e-11 4.358648040487229951e-11 4.294421912143286848e-11 4.279963706427241248e-11 4.323125726023316378e-11 4.288511260845141691e-11 4.575561745908380084e-11 4.389711235083361094e-11 2.119325999240469000e-11 -4.578972353043685350e-13 -3.367485220734995261e-12 -1.514817971744128417e-11 -1.110210890522787841e-11
-5.723647157937151915e-12 -7.152197797167109664e-12 1.741557022889994939e-12 4.625640803180591169e-12 1.209590330618870369e-12 1.129860827355657702e-13 5.906970404318363890e-12 6.124477521274754505e-12 1.133596526114676473e-11 1.244971897431754833e-11 1.418053879859382748e-11 2.043667704436691500e-11 3.083774119302506617e-11 4.358648040487229951e-11 5.837655916539851854e-11 6.212539019193406270e-11 6.242539169302247001e-11 6.386817577252362741e-11 6.393346374780210703e-11 6.824392708701234384e-11 6.666912540919034501e-11 4.011610528530298780e-11 9.525838620149253898e-12 2.660230854257375779e-12 -1.748815501639451983e-11 -1.119929143568548649e-11
-6.682388749808948591e-12 -6.782314592486436411e-12 2.886062328397587873e-12 4.252825569680165640e-12 5.849858496110096754e-13 3.008760681344077138e-13 6.018998768609243987e-12 7.898897524370450105e-12 1.159529869507201752e-11 1.279897655454614192e-11 1.447380476491491977e-11 1.941218453978896585e-11 3.018391930851301014e-11 4.294421912143286848e-11 6.212539019193406270e-11 7.844994233398044402e-11 8.208951091068202602e-11 8.535752674398331303e-11 8.775214271489361319e-11 9.446277058544116171e-11 9.510988840327547553e-11 6.548497992695685839e-11 2.075882697047859864e-11 6.909316189358191077e-12 -2.071020252178972354e-11 -1.314812391408657135e-11
-2.171882825627798425e-12 -7.566506391502975150e-12 1.758530080985572438e-12 4.740086472610409541e-12 1.921878286306237928e-12 1.482065352500042841e-12 6.814628828396404546e-12 9.910488445834887551e-12 1.241807179940081351e-11 1.351411749452839972e-11 1.502499241946691049e-11 1.836079008571079643e-11 2.946779272994469259e-11 4.279963706427241248e-11 6.242539169302247001e-11 8.208951091068202602e-11 9.995071519738651043e-11 1.103510916472836558e-10 1.142773358831459578e-10 1.216486168132764210e-10 1.235019376438421951e-10 9.131613624228207384e-11 2.893433743585668355e-11 3.913142851976141808e-12 -2.519285599307654660e-11 -1.991842672071450296e-11
-3.312518380292282956e-12 -1.020125114271117468e-11 8.019697996398206514e-13 6.154814558363446171e-12 5.815270519127026556e-12 4.689866908093509441e-12 1.029347084638510707e-11 1.158890005207586514e-11 1.147593173691852570e-11 1.245546806381861206e-11 1.309961019079081717e-11 1.518731598856150705e-11 2.870239815075723044e-11 4.323125726023316378e-11 6.386817577252362741e-11 8.535752674398331303e-11 1.103510916472836558e-10 1.430484575201790366e-10 1.551912859851105310e-10 1.641904249431592602e-10 1.671674901928614910e-10 1.317505913777757600e-10 4.739684343284446573e-11 5.273192718470567872e-12 -2.752334767234303460e-11 -2.042607506103417105e-11
-9.230380775437954307e-12 -1.094327237399699932e-11 1.432729684148382213e-12 7.424500529823590267e-12 7.766358189702185216e-12 4.450286725324487991e-12 1.154182300118415944e-11 1.346816620207345198e-11 1.169495702030016169e-11 1.326002052868325369e-11 1.216995264985935201e-11 1.260418924117975718e-11 2.665810229297524114e-11 4.288511260845141691e-11 6.393346374780210703e-11 8.775214271489361319e-11 1.142773358831459578e-10 1.551912859851105310e-10 1.944184496305583484e-10 2.193464373793176306e-10 2.269925572078713981e-10 1.862386099357310199e-10 7.623429550404301916e-11 5.678288175517002209e-12 -3.021081543735909263e-11 -2.326094525077422837e-11
-1.775928413840581386e-11 -1.505717876646199193e-11 2.887074518308657662e-12 7.763196712484697967e-12 9.121965230697659869e-12 3.972506147544345727e-12 1.252185677985622781e-11 1.402346084701775680e-11 9.572099366171811534e-12 1.215403776183246252e-11 1.053934254118699486e-11 1.212803955708803335e-11 2.685869244876974447e-11 4.575561745908380084e-11 6.824392708701234384e-11 9.446277058544116171e-11 1.216486168132764210e-10 1.641904249431592602e-10 2.193464373793176306e-10 2.846466292105452086e-10 3.125690444771942175e-10 2.719445702860204781e-10 1.382503271037934622e-10 1.939144028815216747e-11 -3.029144558260423705e-11 -2.013142674068437001e-11
-1.927264962713079672e-11 -2.005535561037211197e-11 1.057773682878208454e-12 3.180239198106617637e-12 1.054187334531615815e-11 3.283813146288059838e-12 1.037225983546836523e-11 1.315184641471698651e-11 6.874292440650362173e-12 9.710063075735854384e-12 5.954565002034237139e-12 9.027635787449707665e-12 2.393178354942488215e-11 4.389711235083361094e-11 6.666912540919034501e-11 9.510988840327547553e-11 1.235019376438421951e-10 1.671674901928614910e-10 2.269925572078713981e-10 3.125690444771942175e-10 3.952059264168554581e-10 3.845961006798333203e-10 2.440114439907414700e-10 6.504239654295595410e-11 -2.201277227463828803e-11 -1.871169532680988860e-11
-2.066592797527534514e-11 -1.867388209789435399e-11 8.754349644730088007e-13 -1.941927706017817182e-12 1.011735638499297627e-11 1.640076042399361435e-12 4.384605924592402618e-12 4.043706875807119621e-12 -1.959166430106956534e-12 6.898231252222404383e-13 -6.408003686179007372e-12 -4.101470433100838772e-12 5.549242984063823072e-12 2.119325999240469000e-11 4.011610528530298780e-11 6.548497992695685839e-11 9.131613624228207384e-11 1.317505913777757600e-10 1.862386099357310199e-10 2.719445702860204781e-10 3.845961006798333203e-10 4.492166354583610726e-10 3.468427006677064419e-10 1.358333428716091178e-10 1.568191512527985271e-12 -4.177621297697271011e-12
-1.698340280301695924e-11 -9.990595469543507606e-12 -1.384147045974472060e-12 2.123586097795649306e-12 8.193407658359882057e-12 -3.805783586752834487e-13 -1.878788110601315184e-13 -3.366921058172611253e-12 -8.451612764838532237e-12 -2.247841600288917827e-12 -1.225019837060133332e-11 -9.920760395021963314e-12 -5.905791339695660045e-12 -4.578972353043685350e-13 9.525838620149253898e-12 2.075882697047859864e-11 2.893433743585668355e-11 4.739684343284446573e-11 7.623429550404301916e-11 1.382503271037934622e-10 2.440114439907414700e-10 3.468427006677064419e-10 3.986985968156141146e-10 2.643610531668498897e-10 7.657907257781953623e-11 6.107381152496985266e-12
-1.057100625880347451e-11 -5.477260662101837144e-13 -6.772298872919406185e-13 6.305819059476317353e-12 6.139757584511138259e-12 1.783018715700122959e-12 -2.852741740734691414e-12 -6.832159929020745020e-12 -7.721357846686529843e-12 1.131672879518777379e-13 -2.688066068300446147e-12 -3.244187391868854409e-12 -9.060946993243264391e-13 -3.367485220734995261e-12 2.660230854257375779e-12 6.909316189358191077e-12 3.913142851976141808e-12 5.273192718470567872e-12 5.678288175517002209e-12 1.939144028815216747e-11 6.504239654295595410e-11 1.358333428716091178e-10 2.643610531668498897e-10 3.243087339022316931e-10 1.853128495241957418e-10 2.873845132115054957e-11
-3.174810015626896082e-12 1.949445399074049770e-12 3.138381984908431972e-12 9.323938873656004078e-12 6.978891838026321345e-12 7.101501379322269085e-12 -7.502769134622637350e-13 -2.792876200459869141e-12 -7.177977105534810899e-12 -4.275884364595077084e-12 -1.316444457655609618e-12 -6.734072354210487395e-12 -9.718964359344179253e-12 -1.514817971744128417e-11 -1.748815501639451983e-11 -2.071020252178972354e-11 -2.519285599307654660e-11 -2.752334767234303460e-11 -3.021081543735909263e-11 -3.029144558260423705e-11 -2.201277227463828803e-11 1.568191512527985271e-12 7.657907257781953623e-11 1.853128495241957418e-10 2.612325330610173599e-10 1.365325967783185806e-10
5.481955142612572154e-12 3.408574232499787010e-13 8.708404553409941945e-12 9.416019812835742424e-12 1.130592967489177776e-11 7.583228483809122657e-12 1.633207644553920770e-13 -3.731786629415581659e-12 -6.084482922554201828e-12 -4.698577282146331583e-12 -4.395624932301109899e-12 -5.958651295159140139e-12 -1.090848010897878306e-11 -1.110210890522787841e-11 -1.119929143568548649e-11 -1.314812391408657135e-11 -1.991842672071450296e-11 -2.042607506103417105e-11 -2.326094525077422837e-11 -2.013142674068437001e-11 -1.871169532680988860e-11 -4.177621297697271011e-12 6.107381152496985266e-12 2.873845132115054957e-11 1.365325967783185806e-10 2.670727168978688108e-10
