4.632426946543454618e-11 1.375630380445658583e-11 8.050197025772070177e-12 4.025694924544629803e-12 2.117466677623451743e-12 4.908304285605314179e-12 1.534208028541793163e-12 7.770615163103374031e-13 6.670321785575069953e-13 -3.910011075511526120e-13 7.890022682930496247e-13 4.668556456588658795e-13 -1.148399242622234556e-12 -2.685468291696273603e-12 -2.922509130002786864e-12 -2.045154455407547618e-12 -2.094401613692584178e-12 -1.910802607491262044e-12 -1.091757762908738805e-12 -2.927636541568554338e-12 -7.411013062029968848e-12 -1.047803709467007626e-11 -1.168337609379005869e-11 -5.861818523647892625e-12 -3.680343676400652802e-12 2.759514597619555599e-12
1.375630380445658583e-11 4.972984535983401621e-11 1.287210677908306561e-11 3.000190183442493373e-12 5.405389952878023302e-12 2.456994297469514832e-12 -1.967671296488103512e-12 -1.024987966055485505e-12 -1.014003767256754894e-12 -1.442961984261202361e-13 -1.532322612816886886e-12 -1.397120880157583108e-12 -1.480481116096849495e-12 -2.626343913976077279e-12 -3.974553784145895735e-12 -1.786009497760064467e-12 5.069832799993148313e-13 1.986247263957774945e-12 9.534565563609236779e-13 -1.402021988205107711e-12 -3.104170827236434410e-12 -3.396355156767381390e-12 -1.667917318868878024e-12 -2.948237812103460112e-12 -1.291987032499454996e-11 -9.404473815994206386e-12
8.050197025772070177e-12 1.287210677908306561e-11 2.883380429299212044e-11 1.035456210575858612e-11 4.768910627295860470e-12 6.488124778980728700e-13 9.675493789027048686e-13 -1.121763274275141115e-12 -3.171831717043571036e-12 -1.115864562071410039e-12 -1.720931009634909696e-12 -6.459385604869125459e-13 -1.278550543940638020e-12 -1.676139251553760165e-12 -9.252960605310440289e-13 -9.438738881719066527e-13 -1.716504906613275482e-12 -4.585731327646068432e-12 -6.548880924385641881e-12 -5.184867579602170105e-12 -3.425697506126140819e-12 -5.189407677334070306e-12 -4.512876433735673108e-12 -2.442194971211059381e-12 5.551415563352989264e-12 1.446463100515175406e-11
4.025694924544629803e-12 3.000190183442493373e-12 1.035456210575858612e-11 2.423746292967894075e-11 9.445591430884949768e-12 4.691296436038887610e-12 5.133972045045730722e-12 -2.230935299187996576e-14 -5.796462030526239060e-13 -1.213652219425655959e-12 -1.200841239304861717e-12 7.123055902136701024e-13 3.727810771816349630e-13 1.297900701276956994e-13 9.692551960734955158e-13 1.513811232637832457e-12 8.863619463235376873e-15 5.120755482939354741e-13 1.269006155270504725e-12 3.350852811024941494e-12 1.998746559036062616e-12 3.565075156083885556e-12 8.018188457736636123e-12 1.127058761234878405e-11 1.378380203121876308e-11 1.190273186663898437e-11
2.117466677623451743e-12 5.405389952878023302e-12 4.768910627295860470e-12 9.445591430884949768e-12 2.490247084510724838e-11 1.189476235431283231e-11 7.363186687957735374e-12 3.188300766796334593e-12 7.212927265866283475e-13 1.649464710245390375e-14 2.383378277124578872e-13 -1.774541408514807121e-13 5.259025248220252596e-13 4.498008117173659476e-13 2.685760680596469506e-13 7.898989772056693139e-14 2.993663398965567763e-13 2.399878646486413929e-12 3.789173898554887529e-12 6.472071760537232597e-12 5.031374554343059702e-12 3.825527470791004861e-12 3.749223633915313994e-12 5.836460028453629274e-14 -2.241427836485650423e-12 4.345821415689848521e-12
4.908304285605314179e-12 2.456994297469514832e-12 6.488124778980728700e-13 4.691296436038887610e-12 1.189476235431283231e-11 1.775749084309066635e-11 1.014205834741812451e-11 6.198586202832807612e-12 4.666774203075380693e-12 3.196221724591974253e-12 1.430601608920256452e-12 4.003789951030781870e-13 1.262470937883700033e-12 2.179323957019573732e-12 1.422958812555726597e-12 1.265778989612113510e-12 2.067472138196319162e-12 3.269214032155764453e-12 3.710181702316113815e-12 4.320143481831299154e-12 4.339042102814958691e-12 3.253987694773112995e-12 1.829764706894018431e-12 1.051245869874198256e-12 2.389850526546657160e-12 4.229171370635742004e-12
1.534208028541793163e-12 -1.967671296488103512e-12 9.675493789027048686e-13 5.133972045045730722e-12 7.363186687957735374e-12 1.014205834741812451e-11 1.601088341847918992e-11 1.031056890029912589e-11 8.398959321365173713e-12 5.990531122886886108e-12 5.149610863796229985e-12 4.287746094507788871e-12 4.117547518344195956e-12 5.887924791318591808e-12 5.205488378377850735e-12 4.873178743158997954e-12 5.754028838661735593e-12 8.751492078035190511e-12 9.306222766620159047e-12 1.018459424318823062e-11 9.355537187305594714e-12 3.442995848583227623e-12 -6.918672997698807323e-13 -2.654591577063731619e-12 1.165033638931009549e-12 4.808382618425081448e-12
7.770615163103374031e-13 -1.024987966055485505e-12 -1.121763274275141115e-12 -2.230935299187996576e-14 3.188300766796334593e-12 6.198586202832807612e-12 1.031056890029912589e-11 1.605453342066122545e-11 1.228033258008874315e-11 9.580780268168888504e-12 8.397979617438350153e-12 6.543272567661200815e-12 6.063389909683703284e-12 6.941423813064095881e-12 7.631758828464878958e-12 8.969888055380936654e-12 1.095156636139295353e-11 1.235093898231653499e-11 1.219778839674367766e-11 1.104325049940921100e-11 9.469240646723649191e-12 1.776773135524189144e-12 -5.201967277294021789e-12 -7.002846732147404657e-12 -4.049245970662049224e-12 -1.198737119237371295e-13
6.670321785575069953e-13 -1.014003767256754894e-12 -3.171831717043571036e-12 -5.796462030526239060e-13 7.212927265866283475e-13 4.666774203075380693e-12 8.398959321365173713e-12 1.228033258008874315e-11 1.854945458527701078e-11 1.445585658233298138e-11 1.249487795672956361e-11 9.841051384178028069e-12 9.369699886680343870e-12 1.005764830605152239e-11 1.074036411618488085e-11 1.024234873583890092e-11 1.126634281869297548e-11 1.076435958262372036e-11 1.101733835047623737e-11 8.559103508513016670e-12 4.626255976087800483e-12 -5.575053169402413839e-12 -9.596670212133637610e-12 -7.570842747336028943e-12 -5.179424712252011062e-12 -4.684440948651626054e-12
-3.910011075511526120e-13 -1.442961984261202361e-13 -1.115864562071410039e-12 -1.213652219425655959e-12 1.649464710245390375e-14 3.196221724591974253e-12 5.990531122886886108e-12 9.580780268168888504e-12 1.445585658233298138e-11 1.912508532783863685e-11 1.629458319449689224e-11 1.377528644468179365e-11 1.301990689105078973e-11 1.307544133696256427e-11 1.323389268982521864e-11 1.362788321410900011e-11 1.473385679175165276e-11 1.305178295692623170e-11 1.371633044635668000e-11 1.280440428607974896e-11 1.045894201198996380e-11 -1.488709476870393977e-13 -3.813165721777908920e-12 4.892112530676117287e-13 -1.420294975984965964e-12 -5.403562629421405936e-12
7.890022682930496247e-13 -1.532322612816886886e-12 -1.720931009634909696e-12 -1.200841239304861717e-12 2.383378277124578872e-13 1.430601608920256452e-12 5.149610863796229985e-12 8.397979617438350153e-12 1.249487795672956361e-11 1.629458319449689224e-11 2.058566101349568386e-11 1.872360091515784766e-11 1.653570199886414435e-11 1.507502603752294737e-11 1.400049544972146002e-11 1.426675934826463133e-11 1.496431538103640217e-11 1.257528805707180527e-11 1.160903431349370436e-11 1.033248129796787811e-11 6.906869935099415230e-12 -3.778646552045293212e-12 -8.645901188880533770e-12 -1.166792661679862783e-12 -2.155892577058195695e-12 -5.091713962481987603e-12
4.668556456588658795e-13 -1.397120880157583108e-12 -6.459385604869125459e-13 7.123055902136701024e-13 -1.774541408514807121e-13 4.003789951030781870e-13 4.287746094507788871e-12 6.543272567661200815e-12 9.841051384178028069e-12 1.377528644468179365e-11 1.872360091515784766e-11 2.531578316586870718e-11 2.372815216759233151e-11 2.229052520738762194e-11 2.046438389810417990e-11 1.984876900602216069e-11 1.922639728334288851e-11 1.593174344695762011e-11 1.362188564179724260e-11 1.387242409774187762e-11 1.128387667957135214e-11 -1.660809384981543529e-12 -7.346387166832690199e-12 -1.368484460467803424e-12 -5.511788112262293823e-12 -6.153535318224346890e-12
-1.148399242622234556e-12 -1.480481116096849495e-12 -1.278550543940638020e-12 3.727810771816349630e-13 5.259025248220252596e-13 1.262470937883700033e-12 4.117547518344195956e-12 6.063389909683703284e-12 9.369699886680343870e-12 1.301990689105078973e-11 1.653570199886414435e-11 2.372815216759233151e-11 3.137327215581486089e-11 3.204489561260266733e-11 3.085110482446700734e-11 3.014097256950610753e-11 2.959299357112395923e-11 2.899563171075124637e-11 2.731932953848329178e-11 2.729289786902890319e-11 2.423750061421816522e-11 5.854058097181740230e-12 -5.395801614715261384e-12 -2.600761442297254600e-13 -9.683935883663168047e-12 -1.131837053259486206e-11
-2.685468291696273603e-12 -2.626343913976077279e-12 -1.676139251553760165e-12 1.297900701276956994e-13 4.498008117173659476e-13 2.179323957019573732e-12 5.887924791318591808e-12 6.941423813064095881e-12 1.005764830605152239e-11 1.307544133696256427e-11 1.507502603752294737e-11 2.229052520738762194e-11 3.204489561260266733e-11 4.256266191626067912e-11 4.357522060302778491e-11 4.302921294408808711e-11 4.272181031041486657e-11 4.329061003297267600e-11 4.308454606527508591e-11 4.577966705329220718e-11 4.412636283570702284e-11 2.118620596362571864e-11 -4.329982506410438936e-13 -3.476228318771295519e-12 -1.478588774377908888e-11 -1.080375230324155966e-11
-2.922509130002786864e-12 -3.974553784145895735e-12 -9.252960605310440289e-13 9.692551960734955158e-13 2.685760680596469506e-13 1.422958812555726597e-12 5.205488378377850735e-12 7.631758828464878958e-12 1.074036411618488085e-11 1.323389268982521864e-11 1.400049544972146002e-11 2.046438389810417990e-11 3.085110482446700734e-11 4.357522060302778491e-11 5.872592837066716962e-11 6.256249929891208305e-11 6.247683058534826574e-11 6.405121120702321814e-11 6.441057232479060091e-11 6.855852253734095274e-11 6.681066701882257601e-11 4.026151477042464239e-11 9.647191311873332091e-12 2.757414317933994737e-12 -1.698620011613413979e-11 -1.070170095784094244e-11
-2.045154455407547618e-12 -1.786009497760064467e-12 -9.438738881719066527e-13 1.513811232637832457e-12 7.898989772056693139e-14 1.265778989612113510e-12 4.873178743158997954e-12 8.969888055380936654e-12 1.024234873583890092e-11 1.362788321410900011e-11 1.426675934826463133e-11 1.984876900602216069e-11 3.014097256950610753e-11 4.302921294408808711e-11 6.256249929891208305e-11 7.877345135199334384e-11 8.187319977123581810e-11 8.521053832228865258e-11 8.786384674711129144e-11 9.444987905087775544e-11 9.463210959272104660e-11 6.481951830967462556e-11 2.011900379974895469e-11 6.436148115785890888e-12 -2.089141425736163499e-11 -1.259837308363720904e-11
-2.094401613692584178e-12 5.069832799993148313e-13 -1.716504906613275482e-12 8.863619463235376873e-15 2.993663398965567763e-13 2.067472138196319162e-12 5.754028838661735593e-12 1.095156636139295353e-11 1.126634281869297548e-11 1.473385679175165276e-11 1.496431538103640217e-11 1.922639728334288851e-11 2.959299357112395923e-11 4.272181031041486657e-11 6.247683058534826574e-11 8.187319977123581810e-11 9.933777474067097246e-11 1.096847263110964801e-10 1.142136740490421429e-10 1.212705324562013864e-10 1.227619743564274085e-10 9.081097591699496096e-11 2.942318580672005161e-11 4.996425449459363299e-12 -2.468773976076792362e-11 -1.972558797762115381e-11
-1.910802607491262044e-12 1.986247263957774945e-12 -4.585731327646068432e-12 5.120755482939354741e-13 2.399878646486413929e-12 3.269214032155764453e-12 8.751492078035190511e-12 1.235093898231653499e-11 1.076435958262372036e-11 1.305178295692623170e-11 1.257528805707180527e-11 1.593174344695762011e-11 2.899563171075124637e-11 4.329061003297267600e-11 6.405121120702321814e-11 8.521053832228865258e-11 1.096847263110964801e-10 1.424664164919371308e-10 1.552692036238153211e-10 1.643800132450197183e-10 1.671612742380019309e-10 1.322590926029625638e-10 4.807882449484060338e-11 5.552144158300585974e-12 -2.711282519268869895e-11 -2.008827150404087347e-11
-1.091757762908738805e-12 9.534565563609236779e-13 -6.548880924385641881e-12 1.269006155270504725e-12 3.789173898554887529e-12 3.710181702316113815e-12 9.306222766620159047e-12 1.219778839674367766e-11 1.101733835047623737e-11 1.371633044635668000e-11 1.160903431349370436e-11 1.362188564179724260e-11 2.731932953848329178e-11 4.308454606527508591e-11 6.441057232479060091e-11 8.786384674711129144e-11 1.142136740490421429e-10 1.552692036238153211e-10 1.947457493797143599e-10 2.196971827735066881e-10 2.268069248393144714e-10 1.863230016254898906e-10 7.639291154361728331e-11 5.999819913586023647e-12 -2.975484198732470193e-11 -2.295881338811924761e-11
-2.927636541568554338e-12 -1.402021988205107711e-12 -5.184867579602170105e-12 3.350852811024941494e-12 6.472071760537232597e-12 4.320143481831299154e-12 1.018459424318823062e-11 1.104325049940921100e-11 8.559103508513016670e-12 1.280440428607974896e-11 1.033248129796787811e-11 1.387242409774187762e-11 2.729289786902890319e-11 4.577966705329220718e-11 6.855852253734095274e-11 9.444987905087775544e-11 1.212705324562013864e-10 1.643800132450197183e-10 2.196971827735066881e-10 2.853556762646004429e-10 3.125887935349501852e-10 2.722884488993469833e-10 1.385546175678060068e-10 1.937461363431074179e-11 -3.042667769705343084e-11 -2.032351316431289143e-11
-7.411013062029968848e-12 -3.104170827236434410e-12 -3.425697506126140819e-12 1.998746559036062616e-12 5.031374554343059702e-12 4.339042102814958691e-12 9.355537187305594714e-12 9.469240646723649191e-12 4.626255976087800483e-12 1.045894201198996380e-11 6.906869935099415230e-12 1.128387667957135214e-11 2.423750061421816522e-11 4.412636283570702284e-11 6.681066701882257601e-11 9.463210959272104660e-11 1.227619743564274085e-10 1.671612742380019309e-10 2.268069248393144714e-10 3.125887935349501852e-10 3.943842775476418971e-10 3.841617325827563795e-10 2.440391025625317527e-10 6.498340485629428620e-11 -2.178622538459016351e-11 -1.835910011316150262e-11
-1.047803709467007626e-11 -3.396355156767381390e-12 -5.189407677334070306e-12 3.565075156083885556e-12 3.825527470791004861e-12 3.253987694773112995e-12 3.442995848583227623e-12 1.776773135524189144e-12 -5.575053169402413839e-12 -1.488709476870393977e-13 -3.778646552045293212e-12 -1.660809384981543529e-12 5.854058097181740230e-12 2.118620596362571864e-11 4.026151477042464239e-11 6.481951830967462556e-11 9.081097591699496096e-11 1.322590926029625638e-10 1.863230016254898906e-10 2.722884488993469833e-10 3.841617325827563795e-10 4.490374144923018676e-10 3.469647437579291690e-10 1.360738491420689880e-10 1.971409535710158580e-12 -3.924401193643354085e-12
-1.168337609379005869e-11 -1.667917318868878024e-12 -4.512876433735673108e-12 8.018188457736636123e-12 3.749223633915313994e-12 1.829764706894018431e-12 -6.918672997698807323e-13 -5.201967277294021789e-12 -9.596670212133637610e-12 -3.813165721777908920e-12 -8.645901188880533770e-12 -7.346387166832690199e-12 -5.395801614715261384e-12 -4.329982506410438936e-13 9.647191311873332091e-12 2.011900379974895469e-11 2.942318580672005161e-11 4.807882449484060338e-11 7.639291154361728331e-11 1.385546175678060068e-10 2.440391025625317527e-10 3.469647437579291690e-10 3.983262997775712553e-10 2.642775720985808634e-10 7.641212517459846915e-11 5.809255804642487197e-12
-5.861818523647892625e-12 -2.948237812103460112e-12 -2.442194971211059381e-12 1.127058761234878405e-11 5.836460028453629274e-14 1.051245869874198256e-12 -2.654591577063731619e-12 -7.002846732147404657e-12 -7.570842747336028943e-12 4.892112530676117287e-13 -1.166792661679862783e-12 -1.368484460467803424e-12 -2.600761442297254600e-13 -3.476228318771295519e-12 2.757414317933994737e-12 6.436148115785890888e-12 4.996425449459363299e-12 5.552144158300585974e-12 5.999819913586023647e-12 1.937461363431074179e-11 6.498340485629428620e-11 1.360738491420689880e-10 2.642775720985808634e-10 3.243975838112599122e-10 1.849799146317009600e-10 2.866614399866468811e-11
-3.680343676400652802e-12 -1.291987032499454996e-11 5.551415563352989264e-12 1.378380203121876308e-11 -2.241427836485650423e-12 2.389850526546657160e-12 1.165033638931009549e-12 -4.049245970662049224e-12 -5.179424712252011062e-12 -1.420294975984965964e-12 -2.155892577058195695e-12 -5.511788112262293823e-12 -9.683935883663168047e-12 -1.478588774377908888e-11 -1.698620011613413979e-11 -2.089141425736163499e-11 -2.468773976076792362e-11 -2.711282519268869895e-11 -2.975484198732470193e-11 -3.042667769705343084e-11 -2.178622538459016351e-11 1.971409535710158580e-12 7.641212517459846915e-11 1.849799146317009600e-10 2.603564842596739978e-10 1.360948061459370592e-10
2.759514597619555599e-12 -9.404473815994206386e-12 1.446463100515175406e-11 1.190273186663898437e-11 4.345821415689848521e-12 4.229171370635742004e-12 4.808382618425081448e-12 -1.198737119237371295e-13 -4.684440948651626054e-12 -5.403562629421405936e-12 -5.091713962481987603e-12 -6.153535318224346890e-12 -1.131837053259486206e-11 -1.080375230324155966e-11 -1.070170095784094244e-11 -1.259837308363720904e-11 -1.972558797762115381e-11 -2.008827150404087347e-11 -2.295881338811924761e-11 -2.032351316431289143e-11 -1.835910011316150262e-11 -3.924401193643354085e-12 5.809255804642487197e-12 2.866614399866468811e-11 1.360948061459370592e-10 2.671240160525269470e-10
