5.286512256303128490e-11 1.270523879062790008e-11 1.050380463864925476e-11 6.346969552822059651e-12 6.131593823664486927e-12 1.400918721419448475e-12 1.478138174175052287e-12 1.802146693137708491e-12 -3.186939681186834246e-13 -7.110057532079302976e-13 -1.239697444436328018e-13 1.656799157506463910e-13 1.827975834230008093e-12 6.370793219585433838e-13 -6.767647156889459808e-13 -1.592763635689496570e-12 -3.712913559147463347e-13 -9.514822548464106043e-13 -1.467079194429445251e-12 -2.419940591935707387e-12 -1.223853452472250144e-13 9.307445051288595790e-13 1.097468065214248928e-11 1.388939845225111557e-11 1.696658429027333852e-12 1.831304203765929654e-12
1.270523879062790008e-11 3.889176720405363735e-11 6.983833410549400367e-12 3.548584367581006900e-12 5.440831137767034542e-12 3.163671428975397715e-12 1.679114810616975239e-13 6.420662898992113023e-13 2.480592936914335542e-13 1.353645653982423402e-12 -1.324411609136383867e-13 3.294524548079698676e-13 8.978918296045823330e-13 -2.424358529946949148e-12 -4.361462065194008768e-12 -3.756651154591545496e-12 -4.170837731133090996e-12 -6.771656358584250337e-12 -8.937275715129347876e-12 -1.013601115562956305e-11 -8.056817065138239164e-12 -4.749370669937493873e-12 3.425692930037301516e-12 -2.186270847705633039e-12 -1.508743651913871349e-11 -9.466430289634581826e-12
1.050380463864925476e-11 6.983833410549400367e-12 2.846369131700240285e-11 9.616683110103290173e-12 7.037233770008259093e-12 1.570586213976420165e-12 3.096241892265931074e-13 -6.110283426136164327e-13 -2.138523149980514263e-12 -2.634615992127677732e-12 -1.766601978971181327e-12 -6.587606627081660705e-13 -5.224297007531575957e-13 2.055907505106073377e-13 -5.446968107503020729e-15 -1.020750525397704407e-12 -1.510284358374945400e-12 -5.781529935063004209e-13 -4.467046236329233162e-12 -6.253019699354801723e-12 -8.298411202881495240e-12 -1.028249357201043819e-11 -6.244335465992818436e-12 -1.608100658767761644e-12 5.665457770838400925e-12 8.826564618518618383e-12
6.346969552822059651e-12 3.548584367581006900e-12 9.616683110103290173e-12 2.346578522934855309e-11 8.241688540278560825e-12 3.812112796776673448e-12 4.180436316475540488e-12 1.964060224677415053e-12 -3.004661679813602284e-13 -2.736486295292912551e-14 -6.364710715281308432e-13 8.130733524570440872e-13 3.211565793208956239e-13 1.663033472511801761e-12 1.407973848171988713e-12 2.505007875593569168e-12 3.528801396038140170e-12 4.570705939807175655e-12 4.491156246790271718e-12 3.751928542678261718e-13 -3.916591137500287398e-12 -6.177520427755653618e-12 -7.431393387900579013e-12 -2.352607034245087017e-12 4.579103577760639352e-13 1.141019211307337095e-12
6.131593823664486927e-12 5.440831137767034542e-12 7.037233770008259093e-12 8.241688540278560825e-12 2.032746604884709618e-11 9.980729233674522702e-12 5.413113934018075699e-12 1.593924859092653142e-12 9.873708693243171529e-13 6.836348101176368728e-13 4.062756966664882870e-13 -1.117088457915358079e-12 3.780545844268957996e-13 -4.563466940558632380e-13 -1.588090411517626226e-13 -6.616504259867623076e-13 1.115045204636655290e-13 3.501559094301547268e-12 5.143875535448473677e-12 5.419099752652649134e-12 3.401772386082475891e-12 1.492016232100678099e-12 2.387799783096234471e-12 5.686593936523496886e-12 7.540516576377691025e-12 5.940908341597489072e-12
1.400918721419448475e-12 3.163671428975397715e-12 1.570586213976420165e-12 3.812112796776673448e-12 9.980729233674522702e-12 1.892032774178546758e-11 1.028409359076848030e-11 6.412057486622839793e-12 4.653338595445075472e-12 3.656984096865543641e-12 2.505122388840469101e-12 1.646390214886456595e-12 2.962914427907163899e-12 3.908379423746281790e-12 3.044646649486564835e-12 2.433019107604517296e-12 2.900915983288420239e-12 4.197451642988553581e-12 4.175895537273426685e-12 4.155560625171697000e-12 2.248523195380835673e-12 -1.781539525650469942e-12 -3.742031435601025940e-12 -1.241309883057063917e-12 2.942275010384456309e-12 2.824036380111311451e-12
1.478138174175052287e-12 1.679114810616975239e-13 3.096241892265931074e-13 4.180436316475540488e-12 5.413113934018075699e-12 1.028409359076848030e-11 1.614040228776074958e-11 1.050891604547647130e-11 7.456765926598861781e-12 5.862193222799024183e-12 5.080498338925585868e-12 4.294991758662111640e-12 4.159417509487788922e-12 5.669991447863695183e-12 5.745220305017571574e-12 6.208310550219381529e-12 7.544145316382015604e-12 1.130422379114014383e-11 1.362813135176199607e-11 1.528084069402758002e-11 1.658945923202666487e-11 1.263537031900204542e-11 5.959150851540857943e-12 8.175103658392720159e-13 1.383532784182948851e-12 4.308245054881334880e-12
1.802146693137708491e-12 6.420662898992113023e-13 -6.110283426136164327e-13 1.964060224677415053e-12 1.593924859092653142e-12 6.412057486622839793e-12 1.050891604547647130e-11 1.788701371816384647e-11 1.263870815647466912e-11 1.009243511488721474e-11 8.645844576319440378e-12 7.903869208661646360e-12 7.370848658858057328e-12 8.026548334300982594e-12 7.499544545112965618e-12 7.705838295185178794e-12 1.018471542880664765e-11 1.151362576272105398e-11 1.189307365657609639e-11 1.153285444098720425e-11 1.072651293447735621e-11 2.319802754523087650e-12 -5.273118983844390265e-12 -7.353166642763930574e-12 -3.572256555944719260e-12 -1.954454443134664823e-12
-3.186939681186834246e-13 2.480592936914335542e-13 -2.138523149980514263e-12 -3.004661679813602284e-13 9.873708693243171529e-13 4.653338595445075472e-12 7.456765926598861781e-12 1.263870815647466912e-11 1.739238010241867440e-11 1.412725042958994671e-11 1.172329032885205693e-11 1.008967398305131002e-11 9.166180664693278284e-12 9.791384127955562560e-12 1.065978086298286278e-11 1.032457407368748028e-11 1.109727754713500618e-11 1.103408407887875420e-11 1.125837725256643808e-11 9.659381007205240894e-12 6.343087912053031858e-12 -4.070300348475144980e-12 -8.489328983245424346e-12 -6.294184349156881855e-12 -4.256534232267446752e-12 -1.777247723543061326e-12
-7.110057532079302976e-13 1.353645653982423402e-12 -2.634615992127677732e-12 -2.736486295292912551e-14 6.836348101176368728e-13 3.656984096865543641e-12 5.862193222799024183e-12 1.009243511488721474e-11 1.412725042958994671e-11 1.894466354137604132e-11 1.579775519716192997e-11 1.343675469051027863e-11 1.227977870403236823e-11 1.234869340281270318e-11 1.219484767520316630e-11 1.249910729163010562e-11 1.361242492599231652e-11 1.225690123002652971e-11 1.266889549743464685e-11 1.198834126306532030e-11 9.569124812265585450e-12 1.385086018854927317e-13 -3.000526957530570503e-12 7.686018473715421555e-13 -2.860920277020429489e-12 -6.235802095386261340e-12
-1.239697444436328018e-13 -1.324411609136383867e-13 -1.766601978971181327e-12 -6.364710715281308432e-13 4.062756966664882870e-13 2.505122388840469101e-12 5.080498338925585868e-12 8.645844576319440378e-12 1.172329032885205693e-11 1.579775519716192997e-11 2.085376227122446889e-11 1.880957386341551123e-11 1.659229469025428491e-11 1.534234849273124154e-11 1.455516129140254108e-11 1.496000981453293174e-11 1.539282829435803266e-11 1.331949995937403026e-11 1.250091122652816993e-11 1.147000927632752785e-11 8.072706985667783754e-12 -3.687196123051944487e-12 -9.439117122211078400e-12 -1.913567839499386677e-12 -2.290448183538786298e-12 -4.128102488507626319e-12
1.656799157506463910e-13 3.294524548079698676e-13 -6.587606627081660705e-13 8.130733524570440872e-13 -1.117088457915358079e-12 1.646390214886456595e-12 4.294991758662111640e-12 7.903869208661646360e-12 1.008967398305131002e-11 1.343675469051027863e-11 1.880957386341551123e-11 2.547296091425024456e-11 2.358734862873099459e-11 2.204477525943796053e-11 2.038987412713483461e-11 1.964920339458773167e-11 1.913360639439398740e-11 1.603303604085183949e-11 1.402223907671380484e-11 1.422888725678439442e-11 1.158139883922657357e-11 -1.555039450383296120e-12 -7.454317264631747556e-12 -2.217278405614324733e-12 -6.814043854416015291e-12 -7.595721959178002465e-12
1.827975834230008093e-12 8.978918296045823330e-13 -5.224297007531575957e-13 3.211565793208956239e-13 3.780545844268957996e-13 2.962914427907163899e-12 4.159417509487788922e-12 7.370848658858057328e-12 9.166180664693278284e-12 1.227977870403236823e-11 1.659229469025428491e-11 2.358734862873099459e-11 3.176430981233787248e-11 3.218722145133165524e-11 3.140835697231390902e-11 3.026283234974921801e-11 2.977929317336685733e-11 2.877010036602267523e-11 2.696603414935487498e-11 2.710222964569072336e-11 2.430596947261115266e-11 5.792310237013123147e-12 -5.566498939020166067e-12 -6.000518044082990122e-13 -1.011717763016038054e-11 -1.156049603588207592e-11
6.370793219585433838e-13 -2.424358529946949148e-12 2.055907505106073377e-13 1.663033472511801761e-12 -4.563466940558632380e-13 3.908379423746281790e-12 5.669991447863695183e-12 8.026548334300982594e-12 9.791384127955562560e-12 1.234869340281270318e-11 1.534234849273124154e-11 2.204477525943796053e-11 3.218722145133165524e-11 4.229200797764949514e-11 4.358458198969075917e-11 4.301959827203080166e-11 4.293482474039288095e-11 4.345943126090691018e-11 4.339112821411439290e-11 4.625486742467125681e-11 4.457667855141751597e-11 2.207268224683896493e-11 -6.906210386284707582e-14 -3.533516374644647571e-12 -1.443380884424670722e-11 -9.317893338285647806e-12
-6.767647156889459808e-13 -4.361462065194008768e-12 -5.446968107503020729e-15 1.407973848171988713e-12 -1.588090411517626226e-13 3.044646649486564835e-12 5.745220305017571574e-12 7.499544545112965618e-12 1.065978086298286278e-11 1.219484767520316630e-11 1.455516129140254108e-11 2.038987412713483461e-11 3.140835697231390902e-11 4.358458198969075917e-11 5.851002757459635591e-11 6.213745325402300564e-11 6.252836619243214708e-11 6.419160073135710843e-11 6.423922625283911021e-11 6.810880394463617378e-11 6.624772808951996515e-11 3.925763547465908015e-11 8.656047206242047131e-12 2.767025720091356896e-12 -1.701360757073456608e-11 -1.104333863630700048e-11
-1.592763635689496570e-12 -3.756651154591545496e-12 -1.020750525397704407e-12 2.505007875593569168e-12 -6.616504259867623076e-13 2.433019107604517296e-12 6.208310550219381529e-12 7.705838295185178794e-12 1.032457407368748028e-11 1.249910729163010562e-11 1.496000981453293174e-11 1.964920339458773167e-11 3.026283234974921801e-11 4.301959827203080166e-11 6.213745325402300564e-11 7.805932466984647587e-11 8.155318565063398314e-11 8.498686446825205017e-11 8.751967873716712221e-11 9.425749818400550922e-11 9.475746298317981875e-11 6.550216470387015104e-11 2.073940109963280056e-11 6.578496475374394824e-12 -2.076815196280228487e-11 -1.238681589920697530e-11
-3.712913559147463347e-13 -4.170837731133090996e-12 -1.510284358374945400e-12 3.528801396038140170e-12 1.115045204636655290e-13 2.900915983288420239e-12 7.544145316382015604e-12 1.018471542880664765e-11 1.109727754713500618e-11 1.361242492599231652e-11 1.539282829435803266e-11 1.913360639439398740e-11 2.977929317336685733e-11 4.293482474039288095e-11 6.252836619243214708e-11 8.155318565063398314e-11 9.953906200583667778e-11 1.101060463011550709e-10 1.143488688889862850e-10 1.215116601160541161e-10 1.228791747999852869e-10 9.112950878841805013e-11 2.926759278809345816e-11 4.470894387107740144e-12 -2.506976993463416217e-11 -1.984503464627082682e-11
-9.514822548464106043e-13 -6.771656358584250337e-12 -5.781529935063004209e-13 4.570705939807175655e-12 3.501559094301547268e-12 4.197451642988553581e-12 1.130422379114014383e-11 1.151362576272105398e-11 1.103408407887875420e-11 1.225690123002652971e-11 1.331949995937403026e-11 1.603303604085183949e-11 2.877010036602267523e-11 4.345943126090691018e-11 6.419160073135710843e-11 8.498686446825205017e-11 1.101060463011550709e-10 1.429073646453129391e-10 1.552645918295290650e-10 1.646415810116386520e-10 1.674303192482851049e-10 1.324734813989893750e-10 4.820036479361849823e-11 5.513036819565562203e-12 -2.740273900665535773e-11 -1.993999922711267726e-11
-1.467079194429445251e-12 -8.937275715129347876e-12 -4.467046236329233162e-12 4.491156246790271718e-12 5.143875535448473677e-12 4.175895537273426685e-12 1.362813135176199607e-11 1.189307365657609639e-11 1.125837725256643808e-11 1.266889549743464685e-11 1.250091122652816993e-11 1.402223907671380484e-11 2.696603414935487498e-11 4.339112821411439290e-11 6.423922625283911021e-11 8.751967873716712221e-11 1.143488688889862850e-10 1.552645918295290650e-10 1.943415450353518943e-10 2.194904877969374543e-10 2.262246580603400686e-10 1.859468240208278296e-10 7.597013140399863181e-11 5.679350425243958374e-12 -3.028297387063190755e-11 -2.301641934139721926e-11
-2.419940591935707387e-12 -1.013601115562956305e-11 -6.253019699354801723e-12 3.751928542678261718e-13 5.419099752652649134e-12 4.155560625171697000e-12 1.528084069402758002e-11 1.153285444098720425e-11 9.659381007205240894e-12 1.198834126306532030e-11 1.147000927632752785e-11 1.422888725678439442e-11 2.710222964569072336e-11 4.625486742467125681e-11 6.810880394463617378e-11 9.425749818400550922e-11 1.215116601160541161e-10 1.646415810116386520e-10 2.194904877969374543e-10 2.856509328486954628e-10 3.125498683621290971e-10 2.724172952503515087e-10 1.385543927358069895e-10 1.933720782352598769e-11 -3.053987699322758678e-11 -2.014937833255293625e-11
-1.223853452472250144e-13 -8.056817065138239164e-12 -8.298411202881495240e-12 -3.916591137500287398e-12 3.401772386082475891e-12 2.248523195380835673e-12 1.658945923202666487e-11 1.072651293447735621e-11 6.343087912053031858e-12 9.569124812265585450e-12 8.072706985667783754e-12 1.158139883922657357e-11 2.430596947261115266e-11 4.457667855141751597e-11 6.624772808951996515e-11 9.475746298317981875e-11 1.228791747999852869e-10 1.674303192482851049e-10 2.262246580603400686e-10 3.125498683621290971e-10 3.939578642120453820e-10 3.839875155324780583e-10 2.440547196510048327e-10 6.505085100011856249e-11 -2.205855528609091173e-11 -1.838106046825180029e-11
9.307445051288595790e-13 -4.749370669937493873e-12 -1.028249357201043819e-11 -6.177520427755653618e-12 1.492016232100678099e-12 -1.781539525650469942e-12 1.263537031900204542e-11 2.319802754523087650e-12 -4.070300348475144980e-12 1.385086018854927317e-13 -3.687196123051944487e-12 -1.555039450383296120e-12 5.792310237013123147e-12 2.207268224683896493e-11 3.925763547465908015e-11 6.550216470387015104e-11 9.112950878841805013e-11 1.324734813989893750e-10 1.859468240208278296e-10 2.724172952503515087e-10 3.839875155324780583e-10 4.486933237445962081e-10 3.470228619405061898e-10 1.359994468906474916e-10 1.689374405375935674e-12 -3.822662577835005709e-12
1.097468065214248928e-11 3.425692930037301516e-12 -6.244335465992818436e-12 -7.431393387900579013e-12 2.387799783096234471e-12 -3.742031435601025940e-12 5.959150851540857943e-12 -5.273118983844390265e-12 -8.489328983245424346e-12 -3.000526957530570503e-12 -9.439117122211078400e-12 -7.454317264631747556e-12 -5.566498939020166067e-12 -6.906210386284707582e-14 8.656047206242047131e-12 2.073940109963280056e-11 2.926759278809345816e-11 4.820036479361849823e-11 7.597013140399863181e-11 1.385543927358069895e-10 2.440547196510048327e-10 3.470228619405061898e-10 3.988026110202550652e-10 2.642213129897393108e-10 7.619426648571292497e-11 6.182382818580687244e-12
1.388939845225111557e-11 -2.186270847705633039e-12 -1.608100658767761644e-12 -2.352607034245087017e-12 5.686593936523496886e-12 -1.241309883057063917e-12 8.175103658392720159e-13 -7.353166642763930574e-12 -6.294184349156881855e-12 7.686018473715421555e-13 -1.913567839499386677e-12 -2.217278405614324733e-12 -6.000518044082990122e-13 -3.533516374644647571e-12 2.767025720091356896e-12 6.578496475374394824e-12 4.470894387107740144e-12 5.513036819565562203e-12 5.679350425243958374e-12 1.933720782352598769e-11 6.505085100011856249e-11 1.359994468906474916e-10 2.642213129897393108e-10 3.243410965215664833e-10 1.849504489501649393e-10 2.848086207637424978e-11
1.696658429027333852e-12 -1.508743651913871349e-11 5.665457770838400925e-12 4.579103577760639352e-13 7.540516576377691025e-12 2.942275010384456309e-12 1.383532784182948851e-12 -3.572256555944719260e-12 -4.256534232267446752e-12 -2.860920277020429489e-12 -2.290448183538786298e-12 -6.814043854416015291e-12 -1.011717763016038054e-11 -1.443380884424670722e-11 -1.701360757073456608e-11 -2.076815196280228487e-11 -2.506976993463416217e-11 -2.740273900665535773e-11 -3.028297387063190755e-11 -3.053987699322758678e-11 -2.205855528609091173e-11 1.689374405375935674e-12 7.619426648571292497e-11 1.849504489501649393e-10 2.606791637653963082e-10 1.362448553413771584e-10
1.831304203765929654e-12 -9.466430289634581826e-12 8.826564618518618383e-12 1.141019211307337095e-12 5.940908341597489072e-12 2.824036380111311451e-12 4.308245054881334880e-12 -1.954454443134664823e-12 -1.777247723543061326e-12 -6.235802095386261340e-12 -4.128102488507626319e-12 -7.595721959178002465e-12 -1.156049603588207592e-11 -9.317893338285647806e-12 -1.104333863630700048e-11 -1.238681589920697530e-11 -1.984503464627082682e-11 -1.993999922711267726e-11 -2.301641934139721926e-11 -2.014937833255293625e-11 -1.838106046825180029e-11 -3.822662577835005709e-12 6.182382818580687244e-12 2.848086207637424978e-11 1.362448553413771584e-10 2.671119854602196901e-10
