9.815842086145682446e-11 1.871661406365112934e-11 1.193224249031996239e-11 1.955339238611869674e-12 -5.169910257442242394e-12 1.983830818940168649e-12 2.261022674181729272e-12 -1.144682179202818631e-12 -6.268712298983349355e-12 -2.552624006624199235e-12 -4.079901385871472424e-12 -4.167883130299707809e-12 -6.060169201384497951e-12 -7.513470923938852908e-12 -1.083746661846750301e-11 -1.196266460248919333e-11 -1.568611911235973766e-11 -2.212207579274522191e-11 -2.902745120068275132e-11 -3.646516488246874227e-11 -3.065876938023547679e-11 -1.773306999329851356e-11 -4.384879515497678219e-12 1.690280717695280897e-11 1.861319442304960738e-11 8.525694802672743081e-12
1.871661406365112934e-11 6.974713619200111121e-11 1.324855588325282973e-11 1.083190466457544158e-11 5.637500791204373893e-12 1.330627356797026539e-12 1.573476973319716020e-12 4.642406283956914506e-12 2.525495704120261387e-12 2.173489972552987951e-12 3.262863408156292086e-13 2.234065432079534906e-12 7.121152986056315893e-13 -2.561100020796279110e-12 -2.459767529443618607e-12 -4.695817232616353228e-12 -6.745564763495662227e-12 -6.798501283428826745e-12 9.667202388575347327e-14 9.525416001517151157e-12 1.414215027150534491e-11 2.698486881540183766e-11 3.068778519510899786e-11 1.025058609950683639e-11 -2.107699108553895193e-11 -1.196200593710256063e-11
1.193224249031996239e-11 1.324855588325282973e-11 4.940935066450163821e-11 1.136108204602546447e-11 7.781104607197958340e-12 4.185777835300117933e-12 6.945174831517957791e-12 4.462542694683523633e-12 2.234861613249671763e-12 3.990833983514643152e-12 8.243268578351048267e-13 -1.315882267835508555e-12 -5.193367044028438186e-12 -6.802439823646786380e-12 -8.081522171175873068e-12 -8.857235393201689414e-12 -1.047220380643743893e-11 -1.081879175224898291e-11 -1.507681161858238867e-11 -1.646000159881876817e-11 -1.423653334656346001e-11 -6.424160145501380307e-12 5.992068201477293788e-12 6.865663166971772175e-12 -7.198051705216779910e-12 1.133110641242215588e-11
1.955339238611869674e-12 1.083190466457544158e-11 1.136108204602546447e-11 3.802828541417617195e-11 1.516709487293353979e-11 8.823228801761512893e-12 3.812295213112162813e-12 4.405035300057182992e-12 3.879770683053123202e-12 3.520859434797109480e-12 2.452550618048964672e-12 8.720078367713540476e-13 1.165303772239992586e-12 -6.993638591973132510e-13 -4.353833085681841265e-12 -7.649721280821305141e-12 -8.222564084028171902e-12 -1.197389236413251135e-11 -2.134349221616332932e-11 -2.923913215581805124e-11 -3.595514227896149630e-11 -4.240812928047201195e-11 -3.758070442871591153e-11 -2.954235686890574033e-11 -2.914706333394610161e-11 1.150567843679179224e-11
-5.169910257442242394e-12 5.637500791204373893e-12 7.781104607197958340e-12 1.516709487293353979e-11 2.916245429157349581e-11 1.499007328830116041e-11 7.637134394214751210e-12 5.979951396848893605e-12 3.688260623481793830e-12 3.295409893532975484e-12 7.197236330373828766e-13 1.441453255293230663e-12 1.154892335251942488e-12 -3.245090840524285146e-13 4.583181309825080880e-13 -1.686724901544561589e-12 -1.059391003569056913e-12 -1.291082538571270826e-13 -1.975575366504765954e-12 -2.081425195623184222e-12 8.868657595426712996e-13 -1.959725496453542690e-12 -2.992688672819715773e-12 4.217633698009065313e-12 -8.277205300873992998e-13 4.027405250664847413e-12
1.983830818940168649e-12 1.330627356797026539e-12 4.185777835300117933e-12 8.823228801761512893e-12 1.499007328830116041e-11 2.646474473258806671e-11 9.840964317903666171e-12 7.908687136632874261e-12 4.163827323271109429e-12 3.190366628531113206e-12 4.519261445646249452e-13 1.070498434685603228e-12 1.525929725245503394e-12 -1.409193031400172973e-12 -3.579203670235959524e-12 -3.507716542481427801e-12 -3.613718758881864509e-12 -4.593073127355689744e-12 -6.552594160165056167e-12 -2.024060460980008394e-12 3.101259105100935607e-12 3.127778661512059443e-12 3.221920960735038727e-12 -1.722554790333968744e-12 -1.372743364008331038e-11 -1.275100770291205834e-11
2.261022674181729272e-12 1.573476973319716020e-12 6.945174831517957791e-12 3.812295213112162813e-12 7.637134394214751210e-12 9.840964317903666171e-12 2.440873048746653374e-11 1.321399396147107475e-11 8.865382012588329284e-12 6.702408819217519249e-12 5.373762942711289956e-12 6.478434185606885982e-12 6.221381127031135265e-12 5.986670457834147441e-12 6.846133255191350677e-12 8.181488154942445206e-12 8.979108729869784495e-12 7.426772794589017682e-12 3.925602480379776686e-12 3.886471573548617304e-12 4.499898858862255950e-12 5.567814449162228835e-13 7.802704886491210690e-12 1.317424909982335677e-11 1.222492557162939851e-12 -1.033305057529059950e-11
-1.144682179202818631e-12 4.642406283956914506e-12 4.462542694683523633e-12 4.405035300057182992e-12 5.979951396848893605e-12 7.908687136632874261e-12 1.321399396147107475e-11 2.234020438132591197e-11 1.666620391661286766e-11 1.342000994924354642e-11 1.105084146087794792e-11 1.123773556490829354e-11 9.648674929799161699e-12 9.227888348419971160e-12 7.369079567649570180e-12 9.124178611552714630e-12 1.124143398581322926e-11 1.334414940445009791e-11 1.194386780511157514e-11 1.422792491032704604e-11 1.776082614398510020e-11 1.421978712374853500e-11 1.414594939535622619e-11 2.892328872541913471e-12 -2.164097743043460598e-11 -2.502456274290437051e-11
-6.268712298983349355e-12 2.525495704120261387e-12 2.234861613249671763e-12 3.879770683053123202e-12 3.688260623481793830e-12 4.163827323271109429e-12 8.865382012588329284e-12 1.666620391661286766e-11 2.501952026975754876e-11 1.901188677394575694e-11 1.592105419084838985e-11 1.714400650680541621e-11 1.537957054186515889e-11 1.490120818592066648e-11 1.469369374225858256e-11 1.782589524492132297e-11 2.387467971046513776e-11 2.956170364350776192e-11 2.818135570218811621e-11 3.035387257788675781e-11 3.381359508281165380e-11 2.075799101662808631e-11 1.146030397776214370e-11 8.094165556713982985e-12 -2.357050334046921741e-12 3.133462653342815452e-13
-2.552624006624199235e-12 2.173489972552987951e-12 3.990833983514643152e-12 3.520859434797109480e-12 3.295409893532975484e-12 3.190366628531113206e-12 6.702408819217519249e-12 1.342000994924354642e-11 1.901188677394575694e-11 2.524280037348663758e-11 2.041984055562091105e-11 1.934626051560347573e-11 1.809155312087977760e-11 1.840562852547172252e-11 1.849696773356417327e-11 2.294155262968073481e-11 2.813158148879553086e-11 3.398799302964082351e-11 3.618520809520891453e-11 4.066257171998028905e-11 4.705343547538674096e-11 3.904852917517886988e-11 2.761201989027533035e-11 1.477428050810580153e-11 -6.208507761272581594e-12 1.356513165585175830e-13
-4.079901385871472424e-12 3.262863408156292086e-13 8.243268578351048267e-13 2.452550618048964672e-12 7.197236330373828766e-13 4.519261445646249452e-13 5.373762942711289956e-12 1.105084146087794792e-11 1.592105419084838985e-11 2.041984055562091105e-11 3.012979580910649792e-11 2.868781232144801824e-11 2.676154812667614997e-11 2.700247010865901208e-11 2.756251225992239732e-11 3.111374295710729127e-11 3.497532154347052759e-11 3.879677279551929438e-11 4.176857443597250088e-11 4.897083429274747438e-11 5.423606366405697719e-11 4.400631537748953091e-11 3.236590562609142409e-11 2.071020168080149555e-11 5.780051981123018816e-12 3.347310781033453616e-12
-4.167883130299707809e-12 2.234065432079534906e-12 -1.315882267835508555e-12 8.720078367713540476e-13 1.441453255293230663e-12 1.070498434685603228e-12 6.478434185606885982e-12 1.123773556490829354e-11 1.714400650680541621e-11 1.934626051560347573e-11 2.868781232144801824e-11 3.991626313320758652e-11 3.893257513080915465e-11 3.767922571657190596e-11 3.807797569516442858e-11 4.289551781338650226e-11 4.932002123994916912e-11 5.542328332583028455e-11 5.724537370343142081e-11 6.215715095236451527e-11 6.390843966760670540e-11 4.202756632680150155e-11 2.714503006847352148e-11 2.062033109148693772e-11 5.362292164127481289e-12 2.526544222444294909e-12
-6.060169201384497951e-12 7.121152986056315893e-13 -5.193367044028438186e-12 1.165303772239992586e-12 1.154892335251942488e-12 1.525929725245503394e-12 6.221381127031135265e-12 9.648674929799161699e-12 1.537957054186515889e-11 1.809155312087977760e-11 2.676154812667614997e-11 3.893257513080915465e-11 5.111676092556467730e-11 5.332269019544974263e-11 5.406399383494887556e-11 5.898154980807641936e-11 6.655012612292311091e-11 7.269665294665406747e-11 7.477080160344588070e-11 7.699462385078768511e-11 7.254636556520997884e-11 3.960446359822704409e-11 1.355352811847769989e-11 9.730040747892898791e-12 -4.128300990375472724e-12 -6.111986631411732354e-12
-7.513470923938852908e-12 -2.561100020796279110e-12 -6.802439823646786380e-12 -6.993638591973132510e-13 -3.245090840524285146e-13 -1.409193031400172973e-12 5.986670457834147441e-12 9.227888348419971160e-12 1.490120818592066648e-11 1.840562852547172252e-11 2.700247010865901208e-11 3.767922571657190596e-11 5.332269019544974263e-11 7.336245835455746615e-11 8.030104254294942827e-11 8.791924721593224521e-11 1.003965915755198682e-10 1.131937377804644285e-10 1.195128668419664623e-10 1.245164869624418075e-10 1.175318460161113066e-10 7.524370875481436602e-11 1.904812987669271069e-11 -4.774401809757815660e-12 -2.943704989926309558e-11 -2.795703338502512570e-11
-1.083746661846750301e-11 -2.459767529443618607e-12 -8.081522171175873068e-12 -4.353833085681841265e-12 4.583181309825080880e-13 -3.579203670235959524e-12 6.846133255191350677e-12 7.369079567649570180e-12 1.469369374225858256e-11 1.849696773356417327e-11 2.756251225992239732e-11 3.807797569516442858e-11 5.406399383494887556e-11 8.030104254294942827e-11 1.060004297961694090e-10 1.215119290391314569e-10 1.399531405519168722e-10 1.609684414739305850e-10 1.742529463511195329e-10 1.856451698278994031e-10 1.861346418845422712e-10 1.346091947362662522e-10 4.098134590412227570e-11 -1.001332021672300392e-11 -3.800592256190893861e-11 -2.703719376444272049e-11
-1.196266460248919333e-11 -4.695817232616353228e-12 -8.857235393201689414e-12 -7.649721280821305141e-12 -1.686724901544561589e-12 -3.507716542481427801e-12 8.181488154942445206e-12 9.124178611552714630e-12 1.782589524492132297e-11 2.294155262968073481e-11 3.111374295710729127e-11 4.289551781338650226e-11 5.898154980807641936e-11 8.791924721593224521e-11 1.215119290391314569e-10 1.619465337819050392e-10 1.944127730070706320e-10 2.273638955555283053e-10 2.462694944876144910e-10 2.607945277282525200e-10 2.670032690238038304e-10 2.061949082756658268e-10 7.953282416082687570e-11 1.107035573131853831e-11 -4.135271718501110230e-11 -4.706338619801392005e-11
-1.568611911235973766e-11 -6.745564763495662227e-12 -1.047220380643743893e-11 -8.222564084028171902e-12 -1.059391003569056913e-12 -3.613718758881864509e-12 8.979108729869784495e-12 1.124143398581322926e-11 2.387467971046513776e-11 2.813158148879553086e-11 3.497532154347052759e-11 4.932002123994916912e-11 6.655012612292311091e-11 1.003965915755198682e-10 1.399531405519168722e-10 1.944127730070706320e-10 2.610048934297479652e-10 3.198095401232965158e-10 3.539445380853812633e-10 3.864894349426059099e-10 4.062360591927844364e-10 3.326484452042164534e-10 1.450631361546569141e-10 2.867441129265616121e-11 -5.185977754262366049e-11 -5.599789330867035460e-11
-2.212207579274522191e-11 -6.798501283428826745e-12 -1.081879175224898291e-11 -1.197389236413251135e-11 -1.291082538571270826e-13 -4.593073127355689744e-12 7.426772794589017682e-12 1.334414940445009791e-11 2.956170364350776192e-11 3.398799302964082351e-11 3.879677279551929438e-11 5.542328332583028455e-11 7.269665294665406747e-11 1.131937377804644285e-10 1.609684414739305850e-10 2.273638955555283053e-10 3.198095401232965158e-10 4.259361755362844041e-10 4.954683484162226524e-10 5.554472037682610024e-10 5.941889683781718453e-10 5.108232720194585727e-10 2.418931419276344617e-10 4.736895150385131989e-11 -7.733698368186470002e-11 -8.769828793903521080e-11
-2.902745120068275132e-11 9.667202388575347327e-14 -1.507681161858238867e-11 -2.134349221616332932e-11 -1.975575366504765954e-12 -6.552594160165056167e-12 3.925602480379776686e-12 1.194386780511157514e-11 2.818135570218811621e-11 3.618520809520891453e-11 4.176857443597250088e-11 5.724537370343142081e-11 7.477080160344588070e-11 1.195128668419664623e-10 1.742529463511195329e-10 2.462694944876144910e-10 3.539445380853812633e-10 4.954683484162226524e-10 6.386937381299138006e-10 7.597902879275419565e-10 8.326072054097859378e-10 7.535830033748321952e-10 4.006406930661541103e-10 9.312512092130051171e-11 -1.025604854684036053e-10 -1.503766472157797160e-10
-3.646516488246874227e-11 9.525416001517151157e-12 -1.646000159881876817e-11 -2.923913215581805124e-11 -2.081425195623184222e-12 -2.024060460980008394e-12 3.886471573548617304e-12 1.422792491032704604e-11 3.035387257788675781e-11 4.066257171998028905e-11 4.897083429274747438e-11 6.215715095236451527e-11 7.699462385078768511e-11 1.245164869624418075e-10 1.856451698278994031e-10 2.607945277282525200e-10 3.864894349426059099e-10 5.554472037682610024e-10 7.597902879275419565e-10 1.015260464999119643e-09 1.197314974690051917e-09 1.172967863178341739e-09 7.464841315068759395e-10 2.427945683174218193e-10 -8.011600283258327432e-11 -1.853079823273416985e-10
-3.065876938023547679e-11 1.414215027150534491e-11 -1.423653334656346001e-11 -3.595514227896149630e-11 8.868657595426712996e-13 3.101259105100935607e-12 4.499898858862255950e-12 1.776082614398510020e-11 3.381359508281165380e-11 4.705343547538674096e-11 5.423606366405697719e-11 6.390843966760670540e-11 7.254636556520997884e-11 1.175318460161113066e-10 1.861346418845422712e-10 2.670032690238038304e-10 4.062360591927844364e-10 5.941889683781718453e-10 8.326072054097859378e-10 1.197314974690051917e-09 1.556290353442705978e-09 1.653378137962611674e-09 1.195082661188514645e-09 4.843190892946588709e-10 -3.042589841340438682e-11 -2.086150621894049266e-10
-1.773306999329851356e-11 2.698486881540183766e-11 -6.424160145501380307e-12 -4.240812928047201195e-11 -1.959725496453542690e-12 3.127778661512059443e-12 5.567814449162228835e-13 1.421978712374853500e-11 2.075799101662808631e-11 3.904852917517886988e-11 4.400631537748953091e-11 4.202756632680150155e-11 3.960446359822704409e-11 7.524370875481436602e-11 1.346091947362662522e-10 2.061949082756658268e-10 3.326484452042164534e-10 5.108232720194585727e-10 7.535830033748321952e-10 1.172967863178341739e-09 1.653378137962611674e-09 1.987908034821401416e-09 1.653612708183585527e-09 8.174085445673709992e-10 5.410873476219234105e-11 -1.822315987460759465e-10
-4.384879515497678219e-12 3.068778519510899786e-11 5.992068201477293788e-12 -3.758070442871591153e-11 -2.992688672819715773e-12 3.221920960735038727e-12 7.802704886491210690e-12 1.414594939535622619e-11 1.146030397776214370e-11 2.761201989027533035e-11 3.236590562609142409e-11 2.714503006847352148e-11 1.355352811847769989e-11 1.904812987669271069e-11 4.098134590412227570e-11 7.953282416082687570e-11 1.450631361546569141e-10 2.418931419276344617e-10 4.006406930661541103e-10 7.464841315068759395e-10 1.195082661188514645e-09 1.653612708183585527e-09 1.751384912404759168e-09 1.175856803784010426e-09 2.718622533687790959e-10 -1.090748629087664250e-10
1.690280717695280897e-11 1.025058609950683639e-11 6.865663166971772175e-12 -2.954235686890574033e-11 4.217633698009065313e-12 -1.722554790333968744e-12 1.317424909982335677e-11 2.892328872541913471e-12 8.094165556713982985e-12 1.477428050810580153e-11 2.071020168080149555e-11 2.062033109148693772e-11 9.730040747892898791e-12 -4.774401809757815660e-12 -1.001332021672300392e-11 1.107035573131853831e-11 2.867441129265616121e-11 4.736895150385131989e-11 9.312512092130051171e-11 2.427945683174218193e-10 4.843190892946588709e-10 8.174085445673709992e-10 1.175856803784010426e-09 1.276699120130799542e-09 7.372190255088173684e-10 1.411486823675604972e-10
1.861319442304960738e-11 -2.107699108553895193e-11 -7.198051705216779910e-12 -2.914706333394610161e-11 -8.277205300873992998e-13 -1.372743364008331038e-11 1.222492557162939851e-12 -2.164097743043460598e-11 -2.357050334046921741e-12 -6.208507761272581594e-12 5.780051981123018816e-12 5.362292164127481289e-12 -4.128300990375472724e-12 -2.943704989926309558e-11 -3.800592256190893861e-11 -4.135271718501110230e-11 -5.185977754262366049e-11 -7.733698368186470002e-11 -1.025604854684036053e-10 -8.011600283258327432e-11 -3.042589841340438682e-11 5.410873476219234105e-11 2.718622533687790959e-10 7.372190255088173684e-10 1.179325411034093148e-09 7.446922778846411583e-10
8.525694802672743081e-12 -1.196200593710256063e-11 1.133110641242215588e-11 1.150567843679179224e-11 4.027405250664847413e-12 -1.275100770291205834e-11 -1.033305057529059950e-11 -2.502456274290437051e-11 3.133462653342815452e-13 1.356513165585175830e-13 3.347310781033453616e-12 2.526544222444294909e-12 -6.111986631411732354e-12 -2.795703338502512570e-11 -2.703719376444272049e-11 -4.706338619801392005e-11 -5.599789330867035460e-11 -8.769828793903521080e-11 -1.503766472157797160e-10 -1.853079823273416985e-10 -2.086150621894049266e-10 -1.822315987460759465e-10 -1.090748629087664250e-10 1.411486823675604972e-10 7.446922778846411583e-10 1.185032275733512637e-09
