8.859289149489715493e-11 1.834907123810902848e-11 4.332101152848445661e-12 4.242531210926617648e-12 5.371695932416818726e-12 2.366491012844950598e-12 2.657034031870516467e-12 2.715202894269315375e-12 -8.242043342313698002e-13 7.512765111437852950e-12 9.252221605827075486e-12 1.096350500349154789e-11 1.274001786457616482e-11 1.571356099938903716e-11 2.443692857071453249e-11 2.981972551905636726e-11 2.855323127316049837e-11 2.398341881378281953e-11 1.903868645730919963e-11 1.544943108715846706e-11 -1.938123244610207535e-12 -2.121064211970062721e-11 -4.793117038217933059e-11 -3.896503333177903302e-11 -3.218767576458524761e-11 -1.488826940932810202e-11
1.834907123810902848e-11 7.401011745495614294e-11 1.810766086053793334e-11 1.024493042740973090e-11 2.343441820425445040e-12 1.948681246934830993e-12 2.206480004013929975e-12 4.727512244051787436e-12 4.870668531267340547e-12 8.973954358707246271e-12 9.060036164267208413e-12 7.626967681147519510e-12 9.574464963476156341e-12 1.260477155993250076e-11 1.587681637054909231e-11 1.798304967481020972e-11 1.815062265943707659e-11 2.820173927272169593e-11 3.675253193243345475e-11 3.929409476334673463e-11 2.491672305483460877e-11 6.095816496728765047e-14 -4.058212717166626953e-11 -6.871405225015528953e-11 -8.890196889226060785e-11 -5.830542855327209654e-11
4.332101152848445661e-12 1.810766086053793334e-11 4.868812192444425362e-11 1.345961181960972690e-11 8.843760464842245245e-12 7.074073039064497123e-12 1.508868844211169903e-12 -1.970961198655384240e-13 2.526540326216208786e-12 5.017153958353299714e-12 6.711775165811157481e-12 6.356025144197874835e-12 6.834135608657441204e-12 3.001850169568671390e-12 2.601987764147506919e-12 7.899582191323721344e-12 1.113380727876776188e-11 1.218875638535006246e-11 1.571873358134476131e-11 2.102300317568933367e-11 2.185558561470664814e-11 1.537504298485072750e-11 -5.158087353612952019e-12 -1.032362790662448897e-11 -3.115615994454188141e-11 -3.158012437513823674e-11
4.242531210926617648e-12 1.024493042740973090e-11 1.345961181960972690e-11 4.041681979303166949e-11 1.825899492865698240e-11 8.925459271575433695e-12 5.679613853630598369e-12 4.842559515258720891e-12 4.930685586615407624e-12 4.604834805534528783e-12 4.727878296007764712e-12 5.173330116985505006e-12 7.253251726033844704e-12 8.521048751304141933e-12 9.892701657763970329e-12 5.697026429889302604e-12 6.624602957710486482e-12 1.097771687080728160e-11 1.419374293091900046e-11 1.372527509381207051e-11 1.418371341244911295e-11 8.137063952196021065e-12 -1.111226297953504139e-11 -1.624770752840453588e-11 -2.559587571479696356e-11 -2.453781628573432323e-11
5.371695932416818726e-12 2.343441820425445040e-12 8.843760464842245245e-12 1.825899492865698240e-11 3.554971798370237842e-11 2.031579360977713173e-11 1.465781442436454621e-11 1.283798255845484856e-11 1.331605489674378695e-11 1.119557215846851088e-11 1.491476208693988053e-11 1.557068654646932313e-11 1.458257971731326754e-11 1.574881572368110039e-11 1.900052405319035749e-11 2.414561958003006998e-11 2.841032631789226850e-11 3.554240157983407116e-11 4.040669574626709530e-11 4.030336019519755754e-11 4.208718985442258419e-11 3.256619988788225382e-11 4.187883855211504759e-12 -1.573359647131489695e-11 -2.860846221506491979e-11 -2.284299021147337264e-11
2.366491012844950598e-12 1.948681246934830993e-12 7.074073039064497123e-12 8.925459271575433695e-12 2.031579360977713173e-11 3.092010999105201291e-11 1.914411457488805831e-11 1.806399134097652785e-11 1.440041072396987624e-11 1.174539967414516804e-11 1.579956453913339168e-11 1.613969482957129029e-11 1.491929831391682012e-11 1.371534620662771432e-11 1.235569153941939457e-11 1.392869128078379752e-11 1.577199581211084126e-11 1.992973921639742807e-11 1.873190199733662598e-11 1.354557250870060015e-11 1.453413012139502497e-11 1.084261955004362110e-12 -7.776582592326277220e-12 2.495507833598755415e-12 -9.077881229401441154e-13 4.494223797348462026e-12
2.657034031870516467e-12 2.206480004013929975e-12 1.508868844211169903e-12 5.679613853630598369e-12 1.465781442436454621e-11 1.914411457488805831e-11 3.622417800498661319e-11 2.629159511490555267e-11 2.385464716690199745e-11 2.107323413681542184e-11 2.301549788623423213e-11 2.453323069510398789e-11 2.384435801811083239e-11 2.585902385715381540e-11 2.623055830257939340e-11 2.817134149068181389e-11 3.133655506783392867e-11 4.374788648195674373e-11 4.550494921137545102e-11 3.953949709193644027e-11 2.783003253412549626e-11 -2.256224241681981098e-12 -3.396842729276385000e-11 -4.491969476651612620e-11 -5.354449995158017171e-11 -2.862242008140007005e-11
2.715202894269315375e-12 4.727512244051787436e-12 -1.970961198655384240e-13 4.842559515258720891e-12 1.283798255845484856e-11 1.806399134097652785e-11 2.629159511490555267e-11 4.081753839234727561e-11 3.381878085801483558e-11 2.929766939318261363e-11 2.984409354288245004e-11 2.903705558084100477e-11 2.883362748164275787e-11 3.266464753176795981e-11 3.060476468248332975e-11 3.586083518281313542e-11 4.548564039659423233e-11 6.034628578237541631e-11 6.736738562876379586e-11 7.105624711894936994e-11 7.405937435328515729e-11 4.843727586138266984e-11 1.036001530113655043e-11 -1.980382918716909986e-11 -4.956137990171692942e-11 -2.948664754712752321e-11
-8.242043342313698002e-13 4.870668531267340547e-12 2.526540326216208786e-12 4.930685586615407624e-12 1.331605489674378695e-11 1.440041072396987624e-11 2.385464716690199745e-11 3.381878085801483558e-11 4.363647135927700276e-11 3.539270644011860716e-11 3.336769159264031770e-11 3.079888183279639979e-11 2.892619968469281345e-11 3.325890561681844784e-11 3.499710404625079973e-11 4.271644704674586957e-11 5.096152010429152892e-11 6.323332677008424301e-11 6.487209915680575423e-11 6.358175172213107667e-11 6.082567512427758233e-11 2.900607722174715904e-11 -5.882817146909003906e-12 -2.147977619531369852e-11 -4.433171413117061580e-11 -2.190106793888551109e-11
7.512765111437852950e-12 8.973954358707246271e-12 5.017153958353299714e-12 4.604834805534528783e-12 1.119557215846851088e-11 1.174539967414516804e-11 2.107323413681542184e-11 2.929766939318261363e-11 3.539270644011860716e-11 4.426915895081414622e-11 4.286803463611979715e-11 4.058494731667289790e-11 4.167233333005544872e-11 4.425302031075560106e-11 4.751435378615896650e-11 5.631547599736442645e-11 6.460338082205891833e-11 7.796398751087936321e-11 8.362649775022036191e-11 8.619798201167195320e-11 7.912347285369847995e-11 4.634581849243606021e-11 9.106131484952432089e-12 -4.591336542826900290e-12 -3.405588993070401269e-11 -2.282048909805215416e-11
9.252221605827075486e-12 9.060036164267208413e-12 6.711775165811157481e-12 4.727878296007764712e-12 1.491476208693988053e-11 1.579956453913339168e-11 2.301549788623423213e-11 2.984409354288245004e-11 3.336769159264031770e-11 4.286803463611979715e-11 6.032367710357278495e-11 5.986879688280933475e-11 6.054946621499217919e-11 6.275818357953217500e-11 6.765702093342493204e-11 7.578440014755282913e-11 8.474831269708585880e-11 1.008799476654465046e-10 1.098164184927133779e-10 1.145951102961879464e-10 1.031547782835019952e-10 5.403400317158237526e-11 5.506361173105376176e-12 -1.302859178464731998e-11 -4.740925981879764727e-11 -3.486331175698140135e-11
1.096350500349154789e-11 7.626967681147519510e-12 6.356025144197874835e-12 5.173330116985505006e-12 1.557068654646932313e-11 1.613969482957129029e-11 2.453323069510398789e-11 2.903705558084100477e-11 3.079888183279639979e-11 4.058494731667289790e-11 5.986879688280933475e-11 7.941554326847184755e-11 8.356757825852194893e-11 8.788002975278221286e-11 9.774927805378554054e-11 1.077481003350638064e-10 1.180224619368731003e-10 1.351820621373158655e-10 1.499646162143766194e-10 1.634903890055241261e-10 1.544276675122446555e-10 8.933658751601955101e-11 1.369204910249206122e-11 -2.597617761259162189e-11 -5.351888970154739178e-11 -4.445280581392849033e-11
1.274001786457616482e-11 9.574464963476156341e-12 6.834135608657441204e-12 7.253251726033844704e-12 1.458257971731326754e-11 1.491929831391682012e-11 2.384435801811083239e-11 2.883362748164275787e-11 2.892619968469281345e-11 4.167233333005544872e-11 6.054946621499217919e-11 8.356757825852194893e-11 1.077656116931547475e-10 1.176996676580446531e-10 1.288587544885212887e-10 1.389704063614713630e-10 1.516416327422941921e-10 1.730560593179620505e-10 1.879157041159610386e-10 2.026549802614425544e-10 1.892441804321039460e-10 1.145518200583683828e-10 1.989417698928214592e-11 -2.710576064532473416e-11 -4.644602412832176669e-11 -4.124347408844152429e-11
1.571356099938903716e-11 1.260477155993250076e-11 3.001850169568671390e-12 8.521048751304141933e-12 1.574881572368110039e-11 1.371534620662771432e-11 2.585902385715381540e-11 3.266464753176795981e-11 3.325890561681844784e-11 4.425302031075560106e-11 6.275818357953217500e-11 8.788002975278221286e-11 1.176996676580446531e-10 1.511773347445109550e-10 1.682869187176143229e-10 1.785570921096441893e-10 1.911870984213176268e-10 2.198344766411171427e-10 2.441117616939185843e-10 2.654040202021633067e-10 2.525619161120398554e-10 1.649809043143195469e-10 3.838491719439702344e-11 -4.349761074752427802e-11 -6.956600367058953067e-11 -5.355859442251689995e-11
2.443692857071453249e-11 1.587681637054909231e-11 2.601987764147506919e-12 9.892701657763970329e-12 1.900052405319035749e-11 1.235569153941939457e-11 2.623055830257939340e-11 3.060476468248332975e-11 3.499710404625079973e-11 4.751435378615896650e-11 6.765702093342493204e-11 9.774927805378554054e-11 1.288587544885212887e-10 1.682869187176143229e-10 2.177271579666321365e-10 2.411776188307837039e-10 2.602093437058678170e-10 2.989726483031500425e-10 3.338525894279769460e-10 3.696401060840614276e-10 3.691782280456404107e-10 2.663209156395210511e-10 9.437728312343712877e-11 -2.538369098524089929e-11 -7.187295262903284851e-11 -6.227735560342852368e-11
2.981972551905636726e-11 1.798304967481020972e-11 7.899582191323721344e-12 5.697026429889302604e-12 2.414561958003006998e-11 1.392869128078379752e-11 2.817134149068181389e-11 3.586083518281313542e-11 4.271644704674586957e-11 5.631547599736442645e-11 7.578440014755282913e-11 1.077481003350638064e-10 1.389704063614713630e-10 1.785570921096441893e-10 2.411776188307837039e-10 3.049371278249486061e-10 3.487709663175723988e-10 4.024069112526980841e-10 4.443478777756282399e-10 4.950316826146182758e-10 5.084229773748795914e-10 3.884567479210165352e-10 1.578994173958935638e-10 -8.928351077925665764e-12 -9.513293736024649590e-11 -7.004060888718543159e-11
2.855323127316049837e-11 1.815062265943707659e-11 1.113380727876776188e-11 6.624602957710486482e-12 2.841032631789226850e-11 1.577199581211084126e-11 3.133655506783392867e-11 4.548564039659423233e-11 5.096152010429152892e-11 6.460338082205891833e-11 8.474831269708585880e-11 1.180224619368731003e-10 1.516416327422941921e-10 1.911870984213176268e-10 2.602093437058678170e-10 3.487709663175723988e-10 4.491705261408629823e-10 5.421409187651758015e-10 5.965560305414296758e-10 6.628335643277133354e-10 6.872321226538611859e-10 5.530406335168181372e-10 2.472773523570739352e-10 2.120954503829201877e-11 -1.157052787490223278e-10 -8.761371123880546447e-11
2.398341881378281953e-11 2.820173927272169593e-11 1.218875638535006246e-11 1.097771687080728160e-11 3.554240157983407116e-11 1.992973921639742807e-11 4.374788648195674373e-11 6.034628578237541631e-11 6.323332677008424301e-11 7.796398751087936321e-11 1.008799476654465046e-10 1.351820621373158655e-10 1.730560593179620505e-10 2.198344766411171427e-10 2.989726483031500425e-10 4.024069112526980841e-10 5.421409187651758015e-10 7.168486015306763505e-10 8.245465978382529731e-10 9.294639924328076687e-10 9.789787031469741715e-10 8.160013270290025775e-10 3.869572803355402393e-10 4.399954712960013821e-11 -1.544901878985419097e-10 -1.207644183505012241e-10
1.903868645730919963e-11 3.675253193243345475e-11 1.571873358134476131e-11 1.419374293091900046e-11 4.040669574626709530e-11 1.873190199733662598e-11 4.550494921137545102e-11 6.736738562876379586e-11 6.487209915680575423e-11 8.362649775022036191e-11 1.098164184927133779e-10 1.499646162143766194e-10 1.879157041159610386e-10 2.441117616939185843e-10 3.338525894279769460e-10 4.443478777756282399e-10 5.965560305414296758e-10 8.245465978382529731e-10 1.061423453846390163e-09 1.269069622188747203e-09 1.377839854526047373e-09 1.205107604458471292e-09 6.468262622326041233e-10 1.131744152518348833e-10 -1.792808167063126514e-10 -1.907795808461036381e-10
1.544943108715846706e-11 3.929409476334673463e-11 2.102300317568933367e-11 1.372527509381207051e-11 4.030336019519755754e-11 1.354557250870060015e-11 3.953949709193644027e-11 7.105624711894936994e-11 6.358175172213107667e-11 8.619798201167195320e-11 1.145951102961879464e-10 1.634903890055241261e-10 2.026549802614425544e-10 2.654040202021633067e-10 3.696401060840614276e-10 4.950316826146182758e-10 6.628335643277133354e-10 9.294639924328076687e-10 1.269069622188747203e-09 1.651012013775103556e-09 1.887489771711887576e-09 1.745213715240432370e-09 1.076023881748062475e-09 2.768833489003810028e-10 -1.595559765935409603e-10 -2.440362380149744291e-10
-1.938123244610207535e-12 2.491672305483460877e-11 2.185558561470664814e-11 1.418371341244911295e-11 4.208718985442258419e-11 1.453413012139502497e-11 2.783003253412549626e-11 7.405937435328515729e-11 6.082567512427758233e-11 7.912347285369847995e-11 1.031547782835019952e-10 1.544276675122446555e-10 1.892441804321039460e-10 2.525619161120398554e-10 3.691782280456404107e-10 5.084229773748795914e-10 6.872321226538611859e-10 9.789787031469741715e-10 1.377839854526047373e-09 1.887489771711887576e-09 2.358983686613373424e-09 2.359982873039051352e-09 1.629039211290149867e-09 5.468452758654771848e-10 -1.085733951388242825e-10 -2.713756817220743705e-10
-2.121064211970062721e-11 6.095816496728765047e-14 1.537504298485072750e-11 8.137063952196021065e-12 3.256619988788225382e-11 1.084261955004362110e-12 -2.256224241681981098e-12 4.843727586138266984e-11 2.900607722174715904e-11 4.634581849243606021e-11 5.403400317158237526e-11 8.933658751601955101e-11 1.145518200583683828e-10 1.649809043143195469e-10 2.663209156395210511e-10 3.884567479210165352e-10 5.530406335168181372e-10 8.160013270290025775e-10 1.205107604458471292e-09 1.745213715240432370e-09 2.359982873039051352e-09 2.716834205999544819e-09 2.178788715593889049e-09 9.577947551866992594e-10 -3.043086664251208286e-11 -2.768711718972453244e-10
-4.793117038217933059e-11 -4.058212717166626953e-11 -5.158087353612952019e-12 -1.111226297953504139e-11 4.187883855211504759e-12 -7.776582592326277220e-12 -3.396842729276385000e-11 1.036001530113655043e-11 -5.882817146909003906e-12 9.106131484952432089e-12 5.506361173105376176e-12 1.369204910249206122e-11 1.989417698928214592e-11 3.838491719439702344e-11 9.437728312343712877e-11 1.578994173958935638e-10 2.472773523570739352e-10 3.869572803355402393e-10 6.468262622326041233e-10 1.076023881748062475e-09 1.629039211290149867e-09 2.178788715593889049e-09 2.259396300456882389e-09 1.451126865721694535e-09 2.887904179302141460e-10 -1.581887259560211849e-10
-3.896503333177903302e-11 -6.871405225015528953e-11 -1.032362790662448897e-11 -1.624770752840453588e-11 -1.573359647131489695e-11 2.495507833598755415e-12 -4.491969476651612620e-11 -1.980382918716909986e-11 -2.147977619531369852e-11 -4.591336542826900290e-12 -1.302859178464731998e-11 -2.597617761259162189e-11 -2.710576064532473416e-11 -4.349761074752427802e-11 -2.538369098524089929e-11 -8.928351077925665764e-12 2.120954503829201877e-11 4.399954712960013821e-11 1.131744152518348833e-10 2.768833489003810028e-10 5.468452758654771848e-10 9.577947551866992594e-10 1.451126865721694535e-09 1.667581129691251748e-09 9.997056351518709276e-10 2.201522138454913556e-10
-3.218767576458524761e-11 -8.890196889226060785e-11 -3.115615994454188141e-11 -2.559587571479696356e-11 -2.860846221506491979e-11 -9.077881229401441154e-13 -5.354449995158017171e-11 -4.956137990171692942e-11 -4.433171413117061580e-11 -3.405588993070401269e-11 -4.740925981879764727e-11 -5.351888970154739178e-11 -4.644602412832176669e-11 -6.956600367058953067e-11 -7.187295262903284851e-11 -9.513293736024649590e-11 -1.157052787490223278e-10 -1.544901878985419097e-10 -1.792808167063126514e-10 -1.595559765935409603e-10 -1.085733951388242825e-10 -3.043086664251208286e-11 2.887904179302141460e-10 9.997056351518709276e-10 1.624165929716360442e-09 9.911795649233037201e-10
-1.488826940932810202e-11 -5.830542855327209654e-11 -3.158012437513823674e-11 -2.453781628573432323e-11 -2.284299021147337264e-11 4.494223797348462026e-12 -2.862242008140007005e-11 -2.948664754712752321e-11 -2.190106793888551109e-11 -2.282048909805215416e-11 -3.486331175698140135e-11 -4.445280581392849033e-11 -4.124347408844152429e-11 -5.355859442251689995e-11 -6.227735560342852368e-11 -7.004060888718543159e-11 -8.761371123880546447e-11 -1.207644183505012241e-10 -1.907795808461036381e-10 -2.440362380149744291e-10 -2.713756817220743705e-10 -2.768711718972453244e-10 -1.581887259560211849e-10 2.201522138454913556e-10 9.911795649233037201e-10 1.627329502661930335e-09
