1.279762878132955483e-10 9.262638627283111603e-12 6.042575156245722852e-12 2.738023753413165134e-12 1.931717184624492155e-12 -1.187183354106792517e-12 3.336177655831083999e-12 1.924247278955316012e-12 3.080766181137765995e-12 4.248707811557088345e-12 8.898178784763869563e-12 1.227811756658319817e-11 1.019156805761878706e-11 1.019906371173347790e-11 1.779991154809704992e-11 2.044558734152836030e-11 2.563876656602804795e-11 2.703034471661529060e-11 2.355045449049415294e-11 2.553274105209895012e-11 2.329390690049335293e-11 -6.078053531043375044e-12 -2.414751385555406198e-11 -2.307129109446600960e-11 -1.619475312601040195e-11 -1.333898893508614408e-11
9.262638627283111603e-12 8.782626462393141196e-11 2.065419331294004995e-11 1.137486394813311972e-11 -1.806538049045275427e-13 2.025564303249729046e-12 -1.756413531768286617e-12 6.014148476440857451e-12 1.304909442271710532e-12 3.755439414555598413e-12 9.384588184453145104e-12 6.575957446818856350e-12 1.014189514228318063e-11 9.239078117285636439e-12 3.269969616579136004e-12 7.536500985023286154e-12 1.533953665308731388e-11 2.332046272565428828e-11 2.015805981615895643e-11 1.764429088901936664e-11 9.694461735144659817e-12 7.403286091786284150e-12 -5.783360960922294605e-12 -2.472180551607384947e-11 -6.319555008725171102e-11 -4.260164077303451694e-11
6.042575156245722852e-12 2.065419331294004995e-11 6.352920796316552547e-11 1.894610634870891268e-11 6.697724530197874578e-12 3.111075043715255056e-12 -1.940564261805709103e-12 -6.161460314749825859e-14 -7.082552079506889057e-13 3.828006838894966347e-12 6.607540102179369278e-12 3.195063302104161490e-12 3.902580761576329812e-12 5.303111094811194606e-13 -2.283263861826548072e-12 -7.210888329950206462e-13 2.065006655798450859e-12 -1.348665836710776616e-13 1.660774612693538087e-12 -2.521984345733707555e-12 -2.069016977396885186e-11 -3.248781963315778423e-11 -2.446137947921504848e-11 1.673061025783950901e-11 1.853304105123299566e-11 -2.316199629961993267e-11
2.738023753413165134e-12 1.137486394813311972e-11 1.894610634870891268e-11 4.312984018843431103e-11 1.079625491084458720e-11 9.219247226172752211e-12 3.178462103884384994e-12 5.715746653171677283e-12 4.896068792390290029e-12 9.361372867138372635e-12 1.072697450723941006e-11 9.536714424927939354e-12 1.076828082038637015e-11 1.176609800530775765e-11 1.299470088639051337e-11 1.612764505488045227e-11 2.037385480896467855e-11 2.664775778612239842e-11 2.551627346636106570e-11 2.741042204715968333e-11 2.746744090578454759e-11 1.725604533333542582e-11 3.007855479375236830e-12 3.268894476807109715e-12 -1.423490052506190704e-12 -5.437468646478664952e-12
1.931717184624492155e-12 -1.806538049045275427e-13 6.697724530197874578e-12 1.079625491084458720e-11 4.077470547708061274e-11 1.649248334370670967e-11 1.149069555753979789e-11 1.165721773018567339e-11 9.062662665818293997e-12 6.991308491977759240e-12 8.716476874943723695e-12 8.972435949972222978e-12 8.563737816063059051e-12 9.109622335532951830e-12 1.277116990251397953e-11 2.118739408471729029e-11 2.522033462419869431e-11 2.955573944199038460e-11 3.180214198790182274e-11 3.483136729755766048e-11 3.384239058001400444e-11 1.826261478940379759e-11 -3.092219961176859486e-12 -1.465194208367026793e-11 -1.851988592111684164e-11 -1.826463442294107559e-11
-1.187183354106792517e-12 2.025564303249729046e-12 3.111075043715255056e-12 9.219247226172752211e-12 1.649248334370670967e-11 3.224693505488269033e-11 1.854630482085851206e-11 1.621038268046674960e-11 9.844229447694819324e-12 9.920699552475261715e-12 1.364240579025404839e-11 1.545562118743565946e-11 1.444231507740746251e-11 1.490758277979953594e-11 1.601051731306418321e-11 1.800643693073731019e-11 1.987536264170410240e-11 2.689378443372800902e-11 3.262453615351175252e-11 2.895422140831539607e-11 2.577829627388157749e-11 3.339307349548437661e-12 -1.971930348028972327e-11 -2.454464590216457019e-11 -2.394684925975741025e-11 8.538266830292782310e-13
3.336177655831083999e-12 -1.756413531768286617e-12 -1.940564261805709103e-12 3.178462103884384994e-12 1.149069555753979789e-11 1.854630482085851206e-11 3.745247245649201844e-11 2.709444437902702977e-11 2.449429196517244906e-11 2.072935167182786623e-11 2.329390468802290276e-11 2.309319536151575235e-11 2.207418311788590235e-11 2.342764609818712869e-11 2.374432463530887550e-11 2.698658517198802462e-11 3.121202811447269365e-11 4.392648910811295155e-11 4.710582416592883054e-11 4.601948913195423154e-11 4.370917360147711001e-11 1.824238667833340083e-11 -6.672305387296774117e-12 -2.995131642249436371e-11 -5.687503894894444863e-11 -2.316500300173739923e-11
1.924247278955316012e-12 6.014148476440857451e-12 -6.161460314749825859e-14 5.715746653171677283e-12 1.165721773018567339e-11 1.621038268046674960e-11 2.709444437902702977e-11 4.104028861183962978e-11 3.291067632055994769e-11 2.761584538742551363e-11 2.956199032134907390e-11 3.018114177565544712e-11 2.963388953298935059e-11 3.207262826999496098e-11 3.155061886858262261e-11 3.679614926988371268e-11 4.592689839148939354e-11 5.874159447313060986e-11 6.477325134828795995e-11 6.679068063440216526e-11 6.509839165926485644e-11 3.609622372694128342e-11 -2.336450839514003325e-12 -2.492528101134048905e-11 -4.424672553653589138e-11 -2.840559295847565366e-11
3.080766181137765995e-12 1.304909442271710532e-12 -7.082552079506889057e-13 4.896068792390290029e-12 9.062662665818293997e-12 9.844229447694819324e-12 2.449429196517244906e-11 3.291067632055994769e-11 4.308227468175127068e-11 3.414339261815485494e-11 3.239069162110044291e-11 3.012623614644395426e-11 2.792641845712280983e-11 3.136832004119880656e-11 3.288276434860038619e-11 3.973306385098086590e-11 4.824940102099822354e-11 6.157831001918716756e-11 6.345022465411961479e-11 6.440749809850043835e-11 6.248560392271658416e-11 3.555768185457029795e-11 6.159787528439894125e-12 -1.700194013595917439e-11 -4.340340765518151852e-11 -1.768861141742518210e-11
4.248707811557088345e-12 3.755439414555598413e-12 3.828006838894966347e-12 9.361372867138372635e-12 6.991308491977759240e-12 9.920699552475261715e-12 2.072935167182786623e-11 2.761584538742551363e-11 3.414339261815485494e-11 4.374222344544849498e-11 4.240700940645415218e-11 4.092584696769445595e-11 4.179734106254056406e-11 4.429552983632753922e-11 4.570894921650729766e-11 5.405732599634264632e-11 6.167832653522075653e-11 7.423232049745432943e-11 7.838255294450536913e-11 7.765176127441833152e-11 6.757514437889252463e-11 3.175606256798883143e-11 -3.132434280778410984e-12 -9.014414464954619601e-12 -2.876142896778678591e-11 -1.601715525719673070e-11
8.898178784763869563e-12 9.384588184453145104e-12 6.607540102179369278e-12 1.072697450723941006e-11 8.716476874943723695e-12 1.364240579025404839e-11 2.329390468802290276e-11 2.956199032134907390e-11 3.239069162110044291e-11 4.240700940645415218e-11 6.075621752846454782e-11 6.112135472909249927e-11 6.193009175613496850e-11 6.412183894741472206e-11 6.859637080850881893e-11 7.772241180464687495e-11 8.698081083779803998e-11 1.037863533300912113e-10 1.134828800547360408e-10 1.193212935324628275e-10 1.078497612799152492e-10 5.928766050777494171e-11 7.175162814457541803e-12 -1.705506700165286462e-11 -5.285427081760002567e-11 -3.646374931298804626e-11
1.227811756658319817e-11 6.575957446818856350e-12 3.195063302104161490e-12 9.536714424927939354e-12 8.972435949972222978e-12 1.545562118743565946e-11 2.309319536151575235e-11 3.018114177565544712e-11 3.012623614644395426e-11 4.092584696769445595e-11 6.112135472909249927e-11 8.261141567824847087e-11 8.598383821457502160e-11 8.904814240578363961e-11 9.810916972369525417e-11 1.097824034504707279e-10 1.213519926764464486e-10 1.387798807411226478e-10 1.532658601315859715e-10 1.677691984002057955e-10 1.585437005741515104e-10 9.377099795764358085e-11 1.710280344044914218e-11 -2.737049577411542821e-11 -5.671085476106971985e-11 -4.408625990534746653e-11
1.019156805761878706e-11 1.014189514228318063e-11 3.902580761576329812e-12 1.076828082038637015e-11 8.563737816063059051e-12 1.444231507740746251e-11 2.207418311788590235e-11 2.963388953298935059e-11 2.792641845712280983e-11 4.179734106254056406e-11 6.193009175613496850e-11 8.598383821457502160e-11 1.100484155251266745e-10 1.183281440476100424e-10 1.279820681603518684e-10 1.403921676443631084e-10 1.533040983496355741e-10 1.754451359565476167e-10 1.909398239089261645e-10 2.067509339160335872e-10 1.935452585653693756e-10 1.191391728048605156e-10 2.581304489888993578e-11 -2.243206738703007444e-11 -4.566280976717905058e-11 -4.321996726500835139e-11
1.019906371173347790e-11 9.239078117285636439e-12 5.303111094811194606e-13 1.176609800530775765e-11 9.109622335532951830e-12 1.490758277979953594e-11 2.342764609818712869e-11 3.207262826999496098e-11 3.136832004119880656e-11 4.429552983632753922e-11 6.412183894741472206e-11 8.904814240578363961e-11 1.183281440476100424e-10 1.509687156887789348e-10 1.669811783194839806e-10 1.793496792625244907e-10 1.915309713471043283e-10 2.201614597346913392e-10 2.448316764609871164e-10 2.675036761088913834e-10 2.548883790265034479e-10 1.695934866497673432e-10 4.302974219923477275e-11 -3.973366943582824248e-11 -6.521038817485069606e-11 -5.105988208856334504e-11
1.779991154809704992e-11 3.269969616579136004e-12 -2.283263861826548072e-12 1.299470088639051337e-11 1.277116990251397953e-11 1.601051731306418321e-11 2.374432463530887550e-11 3.155061886858262261e-11 3.288276434860038619e-11 4.570894921650729766e-11 6.859637080850881893e-11 9.810916972369525417e-11 1.279820681603518684e-10 1.669811783194839806e-10 2.154455163778651377e-10 2.407762019980971092e-10 2.589696309348846899e-10 2.974410092921655853e-10 3.318617965188622817e-10 3.677493072572684125e-10 3.668372011205729252e-10 2.647932846301108091e-10 9.358806751580138169e-11 -2.638837754217336334e-11 -7.139115420731239212e-11 -5.904360998439258846e-11
2.044558734152836030e-11 7.536500985023286154e-12 -7.210888329950206462e-13 1.612764505488045227e-11 2.118739408471729029e-11 1.800643693073731019e-11 2.698658517198802462e-11 3.679614926988371268e-11 3.973306385098086590e-11 5.405732599634264632e-11 7.772241180464687495e-11 1.097824034504707279e-10 1.403921676443631084e-10 1.793496792625244907e-10 2.407762019980971092e-10 3.064629426014473139e-10 3.489738686082335248e-10 4.028976132808538850e-10 4.459233587488091621e-10 4.975708349323996639e-10 5.114967261610522476e-10 3.908110395910050940e-10 1.592077776205266115e-10 -9.234994260083675021e-12 -9.478559801734695486e-11 -6.993852833534893006e-11
2.563876656602804795e-11 1.533953665308731388e-11 2.065006655798450859e-12 2.037385480896467855e-11 2.522033462419869431e-11 1.987536264170410240e-11 3.121202811447269365e-11 4.592689839148939354e-11 4.824940102099822354e-11 6.167832653522075653e-11 8.698081083779803998e-11 1.213519926764464486e-10 1.533040983496355741e-10 1.915309713471043283e-10 2.589696309348846899e-10 3.489738686082335248e-10 4.485945078295413822e-10 5.418683721110061672e-10 5.971325466574309434e-10 6.640901783564111528e-10 6.891187260065516279e-10 5.540567251006631634e-10 2.484383915285202077e-10 2.118673359374630918e-11 -1.161261170642288086e-10 -8.869875823798458787e-11
2.703034471661529060e-11 2.332046272565428828e-11 -1.348665836710776616e-13 2.664775778612239842e-11 2.955573944199038460e-11 2.689378443372800902e-11 4.392648910811295155e-11 5.874159447313060986e-11 6.157831001918716756e-11 7.423232049745432943e-11 1.037863533300912113e-10 1.387798807411226478e-10 1.754451359565476167e-10 2.201614597346913392e-10 2.974410092921655853e-10 4.028976132808538850e-10 5.418683721110061672e-10 7.164001040315383655e-10 8.245426007868583802e-10 9.295626890451797660e-10 9.788882471354464260e-10 8.144847784488764549e-10 3.858919533592741969e-10 4.400602430250315273e-11 -1.548798428677447857e-10 -1.244087150404103851e-10
2.355045449049415294e-11 2.015805981615895643e-11 1.660774612693538087e-12 2.551627346636106570e-11 3.180214198790182274e-11 3.262453615351175252e-11 4.710582416592883054e-11 6.477325134828795995e-11 6.345022465411961479e-11 7.838255294450536913e-11 1.134828800547360408e-10 1.532658601315859715e-10 1.909398239089261645e-10 2.448316764609871164e-10 3.318617965188622817e-10 4.459233587488091621e-10 5.971325466574309434e-10 8.245426007868583802e-10 1.061651074651809572e-09 1.270450361024956440e-09 1.380471576891874533e-09 1.205951616273265071e-09 6.478810099399446109e-10 1.145065930821080463e-10 -1.771252215135160125e-10 -1.905488519554062927e-10
2.553274105209895012e-11 1.764429088901936664e-11 -2.521984345733707555e-12 2.741042204715968333e-11 3.483136729755766048e-11 2.895422140831539607e-11 4.601948913195423154e-11 6.679068063440216526e-11 6.440749809850043835e-11 7.765176127441833152e-11 1.193212935324628275e-10 1.677691984002057955e-10 2.067509339160335872e-10 2.675036761088913834e-10 3.677493072572684125e-10 4.975708349323996639e-10 6.640901783564111528e-10 9.295626890451797660e-10 1.270450361024956440e-09 1.654129639819979653e-09 1.891741385511078288e-09 1.748245767330646196e-09 1.078432865554818585e-09 2.776927546204966890e-10 -1.617227191176437827e-10 -2.471953158354763553e-10
2.329390690049335293e-11 9.694461735144659817e-12 -2.069016977396885186e-11 2.746744090578454759e-11 3.384239058001400444e-11 2.577829627388157749e-11 4.370917360147711001e-11 6.509839165926485644e-11 6.248560392271658416e-11 6.757514437889252463e-11 1.078497612799152492e-10 1.585437005741515104e-10 1.935452585653693756e-10 2.548883790265034479e-10 3.668372011205729252e-10 5.114967261610522476e-10 6.891187260065516279e-10 9.788882471354464260e-10 1.380471576891874533e-09 1.891741385511078288e-09 2.364600709726848771e-09 2.363675331042368268e-09 1.631628155567439108e-09 5.488279538060499291e-10 -1.075027516864876160e-10 -2.726221747848401443e-10
-6.078053531043375044e-12 7.403286091786284150e-12 -3.248781963315778423e-11 1.725604533333542582e-11 1.826261478940379759e-11 3.339307349548437661e-12 1.824238667833340083e-11 3.609622372694128342e-11 3.555768185457029795e-11 3.175606256798883143e-11 5.928766050777494171e-11 9.377099795764358085e-11 1.191391728048605156e-10 1.695934866497673432e-10 2.647932846301108091e-10 3.908110395910050940e-10 5.540567251006631634e-10 8.144847784488764549e-10 1.205951616273265071e-09 1.748245767330646196e-09 2.363675331042368268e-09 2.718461112735640473e-09 2.179075315844360536e-09 9.586854016981851578e-10 -3.104428382152988409e-11 -2.795790674706532477e-10
-2.414751385555406198e-11 -5.783360960922294605e-12 -2.446137947921504848e-11 3.007855479375236830e-12 -3.092219961176859486e-12 -1.971930348028972327e-11 -6.672305387296774117e-12 -2.336450839514003325e-12 6.159787528439894125e-12 -3.132434280778410984e-12 7.175162814457541803e-12 1.710280344044914218e-11 2.581304489888993578e-11 4.302974219923477275e-11 9.358806751580138169e-11 1.592077776205266115e-10 2.484383915285202077e-10 3.858919533592741969e-10 6.478810099399446109e-10 1.078432865554818585e-09 1.631628155567439108e-09 2.179075315844360536e-09 2.258093732849031585e-09 1.452152783576160046e-09 2.899477551287947040e-10 -1.585183303265418943e-10
-2.307129109446600960e-11 -2.472180551607384947e-11 1.673061025783950901e-11 3.268894476807109715e-12 -1.465194208367026793e-11 -2.454464590216457019e-11 -2.995131642249436371e-11 -2.492528101134048905e-11 -1.700194013595917439e-11 -9.014414464954619601e-12 -1.705506700165286462e-11 -2.737049577411542821e-11 -2.243206738703007444e-11 -3.973366943582824248e-11 -2.638837754217336334e-11 -9.234994260083675021e-12 2.118673359374630918e-11 4.400602430250315273e-11 1.145065930821080463e-10 2.776927546204966890e-10 5.488279538060499291e-10 9.586854016981851578e-10 1.452152783576160046e-09 1.670419330782848096e-09 1.000974770969107082e-09 2.220583127857396538e-10
-1.619475312601040195e-11 -6.319555008725171102e-11 1.853304105123299566e-11 -1.423490052506190704e-12 -1.851988592111684164e-11 -2.394684925975741025e-11 -5.687503894894444863e-11 -4.424672553653589138e-11 -4.340340765518151852e-11 -2.876142896778678591e-11 -5.285427081760002567e-11 -5.671085476106971985e-11 -4.566280976717905058e-11 -6.521038817485069606e-11 -7.139115420731239212e-11 -9.478559801734695486e-11 -1.161261170642288086e-10 -1.548798428677447857e-10 -1.771252215135160125e-10 -1.617227191176437827e-10 -1.075027516864876160e-10 -3.104428382152988409e-11 2.899477551287947040e-10 1.000974770969107082e-09 1.623021527217051577e-09 9.911279858065450284e-10
-1.333898893508614408e-11 -4.260164077303451694e-11 -2.316199629961993267e-11 -5.437468646478664952e-12 -1.826463442294107559e-11 8.538266830292782310e-13 -2.316500300173739923e-11 -2.840559295847565366e-11 -1.768861141742518210e-11 -1.601715525719673070e-11 -3.646374931298804626e-11 -4.408625990534746653e-11 -4.321996726500835139e-11 -5.105988208856334504e-11 -5.904360998439258846e-11 -6.993852833534893006e-11 -8.869875823798458787e-11 -1.244087150404103851e-10 -1.905488519554062927e-10 -2.471953158354763553e-10 -2.726221747848401443e-10 -2.795790674706532477e-10 -1.585183303265418943e-10 2.220583127857396538e-10 9.911279858065450284e-10 1.629228412029275376e-09
