6.716073115111575778e-11 1.441791527126700955e-11 9.957750209589106365e-12 5.160653609672423928e-12 2.194207045226447830e-12 4.648101287343293189e-12 5.087267508499198966e-12 6.000923253012620163e-12 3.052386065391914128e-12 1.845156793973971422e-12 7.249613236311797959e-13 1.780733211630803280e-12 2.617215557573466452e-12 2.723547910929692168e-12 -3.097284716520531764e-12 -6.192337927199856002e-12 -1.455950941352932781e-11 -2.144363540600587153e-11 -2.620534448051995803e-11 -2.800689365318378962e-11 -3.166550911312748671e-11 -2.264601202107302619e-11 -5.351794928263033014e-12 6.723675278133763231e-12 3.060885563621280640e-12 -1.342977555050501195e-11
1.441791527126700955e-11 4.125678184172445549e-11 1.321335244524483778e-11 5.502010188850316215e-12 5.875080378834606824e-12 5.731415630976136706e-13 3.130118906633558127e-12 1.768383481852390014e-12 1.817326856543761900e-12 2.804382230245117008e-12 8.142287701133993855e-13 3.708529840679610440e-12 8.670545094698058883e-13 -3.734601238249531625e-12 -6.445990457216990032e-12 -6.471664828692391548e-12 -9.743053939862441583e-12 -1.374955380837743835e-11 -1.500056842461035680e-11 -1.340726283892954338e-11 -1.896619515057446010e-11 -2.086160689277696825e-11 -6.748199877895800787e-12 1.016913323828337292e-12 -1.796182739130634199e-12 -2.251427411449617493e-12
9.957750209589106365e-12 1.321335244524483778e-11 3.724118004295941332e-11 1.573741391813777217e-11 6.870871845229399438e-12 6.069088386322622923e-12 5.165454358031924206e-12 3.304609317934613378e-12 1.345423062408268666e-12 2.045841003587148159e-12 1.812076106974912597e-12 -8.749985413817909687e-13 -2.857073454246994100e-12 -8.499926882697151804e-12 -1.156424540339715635e-11 -1.463339437379923850e-11 -1.714710576187498064e-11 -1.749080047846761870e-11 -1.871919295803772251e-11 -1.331006107538296781e-11 -9.979819551344838886e-12 -3.372644955241065723e-12 3.266811957970004964e-12 -2.376726994056632978e-12 -1.653106057313698486e-11 -1.375494131639072308e-11
5.160653609672423928e-12 5.502010188850316215e-12 1.573741391813777217e-11 3.330747813674144417e-11 1.620271180332775201e-11 8.819290698101291799e-12 6.946600823031044355e-12 5.317090972360370611e-12 3.787747738448721836e-12 2.874255789549603616e-12 -8.496149615797522676e-13 -1.795057842596672527e-12 -1.628084092795488711e-12 -3.204686357210470859e-12 -5.872327956675657240e-12 -8.411309577983229089e-12 -8.279367389775265083e-12 -9.068584303805962381e-12 -1.619473305226234033e-11 -2.045250571340712755e-11 -2.087142021016374313e-11 -1.638342246352086718e-11 -1.144190967495686653e-11 -9.759541488831026789e-12 -2.712620452900472047e-11 -4.899034148115639297e-12
2.194207045226447830e-12 5.875080378834606824e-12 6.870871845229399438e-12 1.620271180332775201e-11 2.881538065507506438e-11 1.402472921520831828e-11 9.319065966924167312e-12 7.359519030173469037e-12 4.380533022195813542e-12 3.976991452675764117e-12 1.679865470648617401e-12 1.947754714543727771e-12 2.317846095011586376e-12 1.785139360147190205e-12 5.304666680480228021e-13 -1.388066728502403771e-12 -2.058476250513731854e-12 -2.799312654866443321e-12 -4.219133411445688402e-12 -5.396070385616381174e-12 -7.867957845387810441e-12 -1.088900068364909877e-11 -1.576282747785578326e-11 -1.237036884224898128e-11 -1.166278905071113550e-11 -3.091543750615273455e-12
4.648101287343293189e-12 5.731415630976136706e-13 6.069088386322622923e-12 8.819290698101291799e-12 1.402472921520831828e-11 2.066293388382279333e-11 1.382211468315272507e-11 8.562096654960294489e-12 4.945337507338556341e-12 4.328080959898040802e-12 8.865845604311744896e-13 1.554190963570487242e-12 2.051970492909673630e-12 3.198827106163394995e-13 -4.286037378141784317e-13 -1.127768716306762135e-12 -6.873163702450737926e-13 -8.522844227065671411e-13 -4.227759273241549865e-12 -4.965463399797293971e-12 -2.366176283188351954e-12 -2.328047359587058889e-12 -3.059221186294976212e-12 -4.500808341648333323e-12 -1.202053929373793458e-11 -1.437431321189530291e-11
5.087267508499198966e-12 3.130118906633558127e-12 5.165454358031924206e-12 6.946600823031044355e-12 9.319065966924167312e-12 1.382211468315272507e-11 2.252731689320053418e-11 1.359126898965696506e-11 9.299725503189850199e-12 7.578894308472215962e-12 5.831850177461941671e-12 5.807468604427223808e-12 6.434381192449034704e-12 5.168263726375179854e-12 6.243529881615471140e-12 7.623530015320232250e-12 8.402926756386410451e-12 7.617035640968452653e-12 4.265352973776575939e-12 3.487751093947827415e-12 1.618843405115698438e-12 -3.947300790449234525e-12 -2.242093047234124051e-12 -8.122822605881045343e-13 -5.464534707650246365e-12 -1.150393423080141613e-11
6.000923253012620163e-12 1.768383481852390014e-12 3.304609317934613378e-12 5.317090972360370611e-12 7.359519030173469037e-12 8.562096654960294489e-12 1.359126898965696506e-11 2.178708106914602575e-11 1.598072351489362946e-11 1.296427174485003354e-11 1.041611696806003516e-11 1.067999054519833279e-11 8.986252423962416820e-12 7.872429007684949792e-12 6.540759120934893975e-12 7.424815742775216952e-12 9.189174324667240935e-12 1.024983129118939365e-11 6.258166009885565923e-12 5.504292181335638651e-12 6.599230162412854054e-12 3.571752818218176800e-12 7.645622543525998788e-12 6.568237627585987257e-12 -2.528372679233245407e-12 -6.525249115218087403e-12
3.052386065391914128e-12 1.817326856543761900e-12 1.345423062408268666e-12 3.787747738448721836e-12 4.380533022195813542e-12 4.945337507338556341e-12 9.299725503189850199e-12 1.598072351489362946e-11 2.242615046819176919e-11 1.871814057075412834e-11 1.578002190843669530e-11 1.556020691425581387e-11 1.475637284755528798e-11 1.414115124519934392e-11 1.358709727573179208e-11 1.580211003563465604e-11 1.966536768228419177e-11 2.443911608992006303e-11 2.314205536329925417e-11 2.498093502381216211e-11 2.758295175729766153e-11 1.853677755660063058e-11 1.335830308189107033e-11 7.712913827370854213e-12 -4.176480364792155241e-12 2.280175946259005976e-12
1.845156793973971422e-12 2.804382230245117008e-12 2.045841003587148159e-12 2.874255789549603616e-12 3.976991452675764117e-12 4.328080959898040802e-12 7.578894308472215962e-12 1.296427174485003354e-11 1.871814057075412834e-11 2.466793791461268432e-11 2.133647901051256793e-11 1.925565595074182394e-11 1.813871445988450874e-11 1.763220481343451284e-11 1.741716433062087012e-11 2.099541672584237838e-11 2.599951676687479591e-11 3.154521880472773430e-11 3.341531268598843088e-11 3.636651617947055804e-11 4.070566749404346346e-11 3.240256960907937624e-11 2.339883998448187571e-11 1.299055486940875161e-11 -6.789980196155400855e-12 6.895686633084983612e-13
7.249613236311797959e-13 8.142287701133993855e-13 1.812076106974912597e-12 -8.496149615797522676e-13 1.679865470648617401e-12 8.865845604311744896e-13 5.831850177461941671e-12 1.041611696806003516e-11 1.578002190843669530e-11 2.133647901051256793e-11 3.044111104888688665e-11 2.889244584138200725e-11 2.738046175441966160e-11 2.752445604699254353e-11 2.780924743467513399e-11 3.202647858694691007e-11 3.648584728230413660e-11 4.095403072178777752e-11 4.293980901308616733e-11 4.864682896179168059e-11 5.337874366187727083e-11 4.184466879229462011e-11 2.923224650060006780e-11 1.865283838737349366e-11 1.854741762652945250e-12 -1.973105565575462893e-12
1.780733211630803280e-12 3.708529840679610440e-12 -8.749985413817909687e-13 -1.795057842596672527e-12 1.947754714543727771e-12 1.554190963570487242e-12 5.807468604427223808e-12 1.067999054519833279e-11 1.556020691425581387e-11 1.925565595074182394e-11 2.889244584138200725e-11 3.950294732455207553e-11 3.909896107989742768e-11 3.809835613772644820e-11 3.844350849518695063e-11 4.404135395623100151e-11 5.000297458161902571e-11 5.615339150220491874e-11 5.827687270665946208e-11 6.286153576015926378e-11 6.416862667013085250e-11 4.274448925393972971e-11 2.977745130171124125e-11 2.525655117062213583e-11 4.064882642660249778e-12 -4.274460929327128876e-12
2.617215557573466452e-12 8.670545094698058883e-13 -2.857073454246994100e-12 -1.628084092795488711e-12 2.317846095011586376e-12 2.051970492909673630e-12 6.434381192449034704e-12 8.986252423962416820e-12 1.475637284755528798e-11 1.813871445988450874e-11 2.738046175441966160e-11 3.909896107989742768e-11 5.181833322171504449e-11 5.452254499557509919e-11 5.524611373464919885e-11 6.096514525709695547e-11 6.820101903424365648e-11 7.496963978296561712e-11 7.733322779483627494e-11 7.990130584111375961e-11 7.585385543249459911e-11 4.279894777862168857e-11 1.531043203289714478e-11 9.101484696571604948e-12 -8.055014889865039446e-12 -1.191892032710432693e-11
2.723547910929692168e-12 -3.734601238249531625e-12 -8.499926882697151804e-12 -3.204686357210470859e-12 1.785139360147190205e-12 3.198827106163394995e-13 5.168263726375179854e-12 7.872429007684949792e-12 1.414115124519934392e-11 1.763220481343451284e-11 2.752445604699254353e-11 3.809835613772644820e-11 5.452254499557509919e-11 7.413891526750247068e-11 8.038929172710108121e-11 8.783356059329332536e-11 9.996659674459505962e-11 1.131133474534816188e-10 1.192015664157935780e-10 1.231561398423687264e-10 1.144168247155394245e-10 7.149827014233775826e-11 1.508712211886053792e-11 -6.071112001936400239e-12 -2.930230300730062800e-11 -2.798310950347851259e-11
-3.097284716520531764e-12 -6.445990457216990032e-12 -1.156424540339715635e-11 -5.872327956675657240e-12 5.304666680480228021e-13 -4.286037378141784317e-13 6.243529881615471140e-12 6.540759120934893975e-12 1.358709727573179208e-11 1.741716433062087012e-11 2.780924743467513399e-11 3.844350849518695063e-11 5.524611373464919885e-11 8.038929172710108121e-11 1.060036134763637317e-10 1.212787643520388187e-10 1.394105147754625012e-10 1.607388045593807987e-10 1.741451382546168802e-10 1.847029607032000120e-10 1.835950815622694187e-10 1.308249071551370414e-10 3.626650968279353108e-11 -1.322815068879892713e-11 -4.015662679821967274e-11 -2.829757165935063453e-11
-6.192337927199856002e-12 -6.471664828692391548e-12 -1.463339437379923850e-11 -8.411309577983229089e-12 -1.388066728502403771e-12 -1.127768716306762135e-12 7.623530015320232250e-12 7.424815742775216952e-12 1.580211003563465604e-11 2.099541672584237838e-11 3.202647858694691007e-11 4.404135395623100151e-11 6.096514525709695547e-11 8.783356059329332536e-11 1.212787643520388187e-10 1.604229492651205788e-10 1.930262005445938806e-10 2.257149328015837077e-10 2.451643183068632579e-10 2.607041925296635776e-10 2.669124765899723743e-10 2.063982662102781523e-10 8.015429877823843145e-11 1.161919190556342432e-11 -3.996197072072329814e-11 -4.556771031495265039e-11
-1.455950941352932781e-11 -9.743053939862441583e-12 -1.714710576187498064e-11 -8.279367389775265083e-12 -2.058476250513731854e-12 -6.873163702450737926e-13 8.402926756386410451e-12 9.189174324667240935e-12 1.966536768228419177e-11 2.599951676687479591e-11 3.648584728230413660e-11 5.000297458161902571e-11 6.820101903424365648e-11 9.996659674459505962e-11 1.394105147754625012e-10 1.930262005445938806e-10 2.606675598581689013e-10 3.192434049449912439e-10 3.539623146496660662e-10 3.861245301593361546e-10 4.055927444020890055e-10 3.318837508883477255e-10 1.452292070389384029e-10 2.951037141659234926e-11 -5.273428845131399637e-11 -5.771435378321334500e-11
-2.144363540600587153e-11 -1.374955380837743835e-11 -1.749080047846761870e-11 -9.068584303805962381e-12 -2.799312654866443321e-12 -8.522844227065671411e-13 7.617035640968452653e-12 1.024983129118939365e-11 2.443911608992006303e-11 3.154521880472773430e-11 4.095403072178777752e-11 5.615339150220491874e-11 7.496963978296561712e-11 1.131133474534816188e-10 1.607388045593807987e-10 2.257149328015837077e-10 3.192434049449912439e-10 4.255887933344142278e-10 4.956856635264068917e-10 5.548103314969112127e-10 5.929650840425979932e-10 5.090787649390259766e-10 2.401324308237480159e-10 4.639210851806901071e-11 -7.954190215075930515e-11 -8.938712935865238660e-11
-2.620534448051995803e-11 -1.500056842461035680e-11 -1.871919295803772251e-11 -1.619473305226234033e-11 -4.219133411445688402e-12 -4.227759273241549865e-12 4.265352973776575939e-12 6.258166009885565923e-12 2.314205536329925417e-11 3.341531268598843088e-11 4.293980901308616733e-11 5.827687270665946208e-11 7.733322779483627494e-11 1.192015664157935780e-10 1.741451382546168802e-10 2.451643183068632579e-10 3.539623146496660662e-10 4.956856635264068917e-10 6.397741293022203664e-10 7.608026181035401600e-10 8.338377811654226468e-10 7.540610887984306962e-10 3.997775997850142584e-10 9.342392994385615569e-11 -1.032242045057038244e-10 -1.514446962199850577e-10
-2.800689365318378962e-11 -1.340726283892954338e-11 -1.331006107538296781e-11 -2.045250571340712755e-11 -5.396070385616381174e-12 -4.965463399797293971e-12 3.487751093947827415e-12 5.504292181335638651e-12 2.498093502381216211e-11 3.636651617947055804e-11 4.864682896179168059e-11 6.286153576015926378e-11 7.990130584111375961e-11 1.231561398423687264e-10 1.847029607032000120e-10 2.607041925296635776e-10 3.861245301593361546e-10 5.548103314969112127e-10 7.608026181035401600e-10 1.015307866930607273e-09 1.197046133491278362e-09 1.171223036108531405e-09 7.437265421733219010e-10 2.415154542031303644e-10 -8.263076976793058408e-11 -1.872380630688489478e-10
-3.166550911312748671e-11 -1.896619515057446010e-11 -9.979819551344838886e-12 -2.087142021016374313e-11 -7.867957845387810441e-12 -2.366176283188351954e-12 1.618843405115698438e-12 6.599230162412854054e-12 2.758295175729766153e-11 4.070566749404346346e-11 5.337874366187727083e-11 6.416862667013085250e-11 7.585385543249459911e-11 1.144168247155394245e-10 1.835950815622694187e-10 2.669124765899723743e-10 4.055927444020890055e-10 5.929650840425979932e-10 8.338377811654226468e-10 1.197046133491278362e-09 1.557040548503613316e-09 1.652952529954790924e-09 1.193614383286306111e-09 4.842095683184201624e-10 -3.222474604458074978e-11 -2.111416529415679599e-10
-2.264601202107302619e-11 -2.086160689277696825e-11 -3.372644955241065723e-12 -1.638342246352086718e-11 -1.088900068364909877e-11 -2.328047359587058889e-12 -3.947300790449234525e-12 3.571752818218176800e-12 1.853677755660063058e-11 3.240256960907937624e-11 4.184466879229462011e-11 4.274448925393972971e-11 4.279894777862168857e-11 7.149827014233775826e-11 1.308249071551370414e-10 2.063982662102781523e-10 3.318837508883477255e-10 5.090787649390259766e-10 7.540610887984306962e-10 1.171223036108531405e-09 1.652952529954790924e-09 1.987014848949363206e-09 1.652557372756643289e-09 8.176294412589200738e-10 5.217096759529899891e-11 -1.838669915696899205e-10
-5.351794928263033014e-12 -6.748199877895800787e-12 3.266811957970004964e-12 -1.144190967495686653e-11 -1.576282747785578326e-11 -3.059221186294976212e-12 -2.242093047234124051e-12 7.645622543525998788e-12 1.335830308189107033e-11 2.339883998448187571e-11 2.923224650060006780e-11 2.977745130171124125e-11 1.531043203289714478e-11 1.508712211886053792e-11 3.626650968279353108e-11 8.015429877823843145e-11 1.452292070389384029e-10 2.401324308237480159e-10 3.997775997850142584e-10 7.437265421733219010e-10 1.193614383286306111e-09 1.652557372756643289e-09 1.750626816544559162e-09 1.176900620089866153e-09 2.713637788018200082e-10 -1.097952659337712211e-10
6.723675278133763231e-12 1.016913323828337292e-12 -2.376726994056632978e-12 -9.759541488831026789e-12 -1.237036884224898128e-11 -4.500808341648333323e-12 -8.122822605881045343e-13 6.568237627585987257e-12 7.712913827370854213e-12 1.299055486940875161e-11 1.865283838737349366e-11 2.525655117062213583e-11 9.101484696571604948e-12 -6.071112001936400239e-12 -1.322815068879892713e-11 1.161919190556342432e-11 2.951037141659234926e-11 4.639210851806901071e-11 9.342392994385615569e-11 2.415154542031303644e-10 4.842095683184201624e-10 8.176294412589200738e-10 1.176900620089866153e-09 1.277902562310742412e-09 7.367984854101752417e-10 1.400005444112872143e-10
3.060885563621280640e-12 -1.796182739130634199e-12 -1.653106057313698486e-11 -2.712620452900472047e-11 -1.166278905071113550e-11 -1.202053929373793458e-11 -5.464534707650246365e-12 -2.528372679233245407e-12 -4.176480364792155241e-12 -6.789980196155400855e-12 1.854741762652945250e-12 4.064882642660249778e-12 -8.055014889865039446e-12 -2.930230300730062800e-11 -4.015662679821967274e-11 -3.996197072072329814e-11 -5.273428845131399637e-11 -7.954190215075930515e-11 -1.032242045057038244e-10 -8.263076976793058408e-11 -3.222474604458074978e-11 5.217096759529899891e-11 2.713637788018200082e-10 7.367984854101752417e-10 1.180384690925928212e-09 7.453510435351500076e-10
-1.342977555050501195e-11 -2.251427411449617493e-12 -1.375494131639072308e-11 -4.899034148115639297e-12 -3.091543750615273455e-12 -1.437431321189530291e-11 -1.150393423080141613e-11 -6.525249115218087403e-12 2.280175946259005976e-12 6.895686633084983612e-13 -1.973105565575462893e-12 -4.274460929327128876e-12 -1.191892032710432693e-11 -2.798310950347851259e-11 -2.829757165935063453e-11 -4.556771031495265039e-11 -5.771435378321334500e-11 -8.938712935865238660e-11 -1.514446962199850577e-10 -1.872380630688489478e-10 -2.111416529415679599e-10 -1.838669915696899205e-10 -1.097952659337712211e-10 1.400005444112872143e-10 7.453510435351500076e-10 1.184848476952753632e-09
