1.003758808775713761e-10 1.607343352803575903e-11 8.059277748511463325e-12 3.271112651644650030e-12 6.998876291547084988e-12 2.248872503381018882e-12 3.102749707466857719e-12 1.713761961859104341e-12 5.120094924982119350e-12 4.106666518251490515e-12 5.496887300466619604e-12 7.637339104146552341e-12 6.321384335237238094e-12 1.139149674230601530e-11 1.376569804610769949e-11 1.449099382514606606e-11 2.694059684668488945e-11 3.448914666593246674e-11 3.659255244032469922e-11 4.580864478665727392e-11 4.900003132222559415e-11 4.198447922862217544e-11 2.672557978299461295e-11 1.342789105886510611e-11 -9.405811921126350134e-12 -2.256206310784836666e-11
1.607343352803575903e-11 7.388854295990445729e-11 1.979082450769974414e-11 7.195229018219773862e-12 6.206468636240188911e-12 4.549209566681696385e-12 2.037517153608354851e-12 3.077100528510548244e-12 2.668489398685535416e-12 7.065338563655195531e-13 1.832611688619559846e-12 2.348608477058480509e-13 -2.638038353587603276e-12 -3.063341063466736704e-13 -3.338844601140685466e-13 -1.336089623412686853e-12 1.456135198773527784e-12 3.682455537301675664e-13 -4.162503485837014446e-12 4.654619555927463133e-12 8.111467118622144577e-12 1.666568877260400587e-11 3.482105232383246836e-11 3.831304281766427405e-11 2.539368746213112709e-11 1.785292787718253819e-11
8.059277748511463325e-12 1.979082450769974414e-11 5.496233974182534084e-11 1.472893885276233753e-11 8.725332702316952974e-12 6.252993902137880429e-12 9.538465756859743205e-13 1.336248817804424730e-12 3.187913821564344384e-13 -3.804237175181018702e-13 -9.196211941471452001e-13 -9.844168842966033098e-13 -1.238266112045905017e-12 4.448701627507509115e-12 8.043658177146787170e-12 1.175363042508945598e-11 1.908234593281621039e-11 2.175820572420109054e-11 2.226450429226103547e-11 2.576279406935436131e-11 2.538904527806728390e-11 2.288184794390145413e-11 1.865981118006269604e-11 1.462593275010495988e-11 4.056299850898722655e-13 2.627051275111681629e-12
3.271112651644650030e-12 7.195229018219773862e-12 1.472893885276233753e-11 4.641024634332564725e-11 6.998973348613955818e-12 7.530455263559144488e-12 3.023246171312650448e-12 3.007996800155576979e-13 3.288883320819268754e-12 1.165065603326873660e-12 -3.605320406073884303e-13 -4.290378096739884362e-13 -1.946330114051188126e-12 -1.458118682697497911e-12 1.912959911357545545e-12 1.368319904392091069e-12 1.669166664267211539e-12 -1.319423638758483939e-12 -5.731086051259117032e-13 -2.018217172033136032e-12 -1.063358327335865019e-12 1.744733286605105746e-12 1.574728205961716076e-11 2.244657202026732662e-11 1.097526385856124667e-11 -9.861407358481124995e-12
6.998876291547084988e-12 6.206468636240188911e-12 8.725332702316952974e-12 6.998973348613955818e-12 3.369651241519717582e-11 1.327416104495165963e-11 6.751615810884383249e-12 7.552444597481813321e-12 7.737802882058154100e-12 8.975004925065677294e-12 9.682138398125246099e-12 7.501747949704230471e-12 5.567553198539916631e-12 8.452745044560334554e-12 1.088087624104166530e-11 1.231739351329543260e-11 1.488601314631711131e-11 1.716751796857116842e-11 2.064821885585253425e-11 2.668876967443374822e-11 2.946138585830375392e-11 2.621348594005229374e-11 2.295984936467767311e-11 2.150976018292223500e-11 2.208795749056708927e-11 2.084058215112056727e-12
2.248872503381018882e-12 4.549209566681696385e-12 6.252993902137880429e-12 7.530455263559144488e-12 1.327416104495165963e-11 2.893278812799469439e-11 1.489150793266442315e-11 8.718107078261466754e-12 7.493536135661428912e-12 8.289181014907164856e-12 7.264941972753033205e-12 6.841398895281775196e-12 4.222542005820650900e-12 6.735251266486045163e-12 8.352085931967504139e-12 8.519199348792111043e-12 1.129009677074005446e-11 1.418238974004645771e-11 1.929331306213104964e-11 2.601420773075196920e-11 2.912569425337219048e-11 2.483139861718245357e-11 2.752798981473897921e-11 2.445568354442857334e-11 1.142282793198403224e-11 -5.390226161853910096e-12
3.102749707466857719e-12 2.037517153608354851e-12 9.538465756859743205e-13 3.023246171312650448e-12 6.751615810884383249e-12 1.489150793266442315e-11 2.388080829442114229e-11 1.427620622353907429e-11 1.053712244447175612e-11 1.078299514710504963e-11 9.918556761845783990e-12 9.130367298471385229e-12 6.100142691214930162e-12 6.947629198615736565e-12 7.181404605387136832e-12 5.938843369616177546e-12 9.977829300018094278e-12 1.242013934851983669e-11 1.599685760939787196e-11 2.014194866605085802e-11 2.274263301259939064e-11 1.694039052184342080e-11 1.409127604033847375e-11 7.158532318823565476e-12 -6.759973133969444225e-12 -1.868964947603407688e-11
1.713761961859104341e-12 3.077100528510548244e-12 1.336248817804424730e-12 3.007996800155576979e-13 7.552444597481813321e-12 8.718107078261466754e-12 1.427620622353907429e-11 2.367708912607276110e-11 1.483767792110598936e-11 1.362432395630663230e-11 1.039550950103798738e-11 8.114359191505117756e-12 5.618802911383725331e-12 6.751808115230504427e-12 8.254050208419924030e-12 8.141963673467646981e-12 1.233284113768562292e-11 1.377289232186701912e-11 1.608946754929195995e-11 1.769964756653851287e-11 1.736708861489236271e-11 1.483798288910430529e-11 1.528115133987728531e-11 1.485228731405351222e-11 6.481769945169576756e-12 -1.054057183737168122e-11
5.120094924982119350e-12 2.668489398685535416e-12 3.187913821564344384e-13 3.288883320819268754e-12 7.737802882058154100e-12 7.493536135661428912e-12 1.053712244447175612e-11 1.483767792110598936e-11 2.201239505071717989e-11 1.863521666408047793e-11 1.528257637389707059e-11 1.160607192399963889e-11 9.538611344175456040e-12 1.151611044631054965e-11 1.303820143853121023e-11 1.310822529779761091e-11 1.758929580510750887e-11 2.137504233583286544e-11 2.469657865808265015e-11 2.618387239604121351e-11 2.293087308113322049e-11 1.620827432299913697e-11 1.130594048043824164e-11 1.172629468328725637e-11 4.217647314923923104e-12 -6.643198659702115944e-12
4.106666518251490515e-12 7.065338563655195531e-13 -3.804237175181018702e-13 1.165065603326873660e-12 8.975004925065677294e-12 8.289181014907164856e-12 1.078299514710504963e-11 1.362432395630663230e-11 1.863521666408047793e-11 2.719929976705401671e-11 2.157468395126609098e-11 1.681488111223156310e-11 1.464053324031837426e-11 1.644738711503432045e-11 1.570830287662911936e-11 1.581765760657196784e-11 1.786464886884219567e-11 2.207290966845903832e-11 2.712314202515462081e-11 3.014024669584960416e-11 2.782239277890538437e-11 1.704611348073026617e-11 8.876012927129328427e-12 1.024403544792980102e-11 8.541675828132411027e-12 -5.696197731974173206e-12
5.496887300466619604e-12 1.832611688619559846e-12 -9.196211941471452001e-13 -3.605320406073884303e-13 9.682138398125246099e-12 7.264941972753033205e-12 9.918556761845783990e-12 1.039550950103798738e-11 1.528257637389707059e-11 2.157468395126609098e-11 2.942824738366150759e-11 2.582850731296799221e-11 2.041529809829608445e-11 2.049593100252793550e-11 2.149694415044127365e-11 2.467408513054942462e-11 2.910708641141276769e-11 3.520001147115636919e-11 4.173643262120762974e-11 4.518114309012746050e-11 4.578747338367459513e-11 3.307375766425257851e-11 1.969058858669333210e-11 1.955174629297522969e-11 1.246978579482573073e-11 -2.408973079314080656e-12
7.637339104146552341e-12 2.348608477058480509e-13 -9.844168842966033098e-13 -4.290378096739884362e-13 7.501747949704230471e-12 6.841398895281775196e-12 9.130367298471385229e-12 8.114359191505117756e-12 1.160607192399963889e-11 1.681488111223156310e-11 2.582850731296799221e-11 3.414672350776191242e-11 3.001485780369223814e-11 2.980478170134502872e-11 3.077703324317482375e-11 3.421138750868196519e-11 3.857982210020981458e-11 4.481951474563062465e-11 5.294552825112383217e-11 5.805789494736049165e-11 5.768487931860535071e-11 3.485597739630726621e-11 1.261757379217875780e-11 8.257189627517530317e-12 2.418880508297751823e-12 6.659871722901581889e-13
6.321384335237238094e-12 -2.638038353587603276e-12 -1.238266112045905017e-12 -1.946330114051188126e-12 5.567553198539916631e-12 4.222542005820650900e-12 6.100142691214930162e-12 5.618802911383725331e-12 9.538611344175456040e-12 1.464053324031837426e-11 2.041529809829608445e-11 3.001485780369223814e-11 3.990935398481706398e-11 4.387043959137394205e-11 4.461545978856674804e-11 4.813864748466264895e-11 4.942500181947808168e-11 5.586485567704819032e-11 6.571739039597179800e-11 7.071531197613847340e-11 6.585075412880718828e-11 3.295679503833827025e-11 4.618746037674089630e-12 5.676446210557258032e-13 -3.844476761649619901e-12 -3.439434438144804003e-12
1.139149674230601530e-11 -3.063341063466736704e-13 4.448701627507509115e-12 -1.458118682697497911e-12 8.452745044560334554e-12 6.735251266486045163e-12 6.947629198615736565e-12 6.751808115230504427e-12 1.151611044631054965e-11 1.644738711503432045e-11 2.049593100252793550e-11 2.980478170134502872e-11 4.387043959137394205e-11 6.333170168954119236e-11 6.806120838650950657e-11 7.433575414742170889e-11 7.517334055196375421e-11 8.567172318168908994e-11 9.907647873624728222e-11 1.071736486267672506e-10 9.715020782961525569e-11 4.687719047709167964e-11 4.838183414760694954e-12 -1.106232802238833620e-12 -2.640830197396764345e-12 -2.494420178251759966e-12
1.376569804610769949e-11 -3.338844601140685466e-13 8.043658177146787170e-12 1.912959911357545545e-12 1.088087624104166530e-11 8.352085931967504139e-12 7.181404605387136832e-12 8.254050208419924030e-12 1.303820143853121023e-11 1.570830287662911936e-11 2.149694415044127365e-11 3.077703324317482375e-11 4.461545978856674804e-11 6.806120838650950657e-11 8.734960084589187998e-11 9.907406275177094319e-11 1.020148612611367834e-10 1.162205681543387372e-10 1.330501818628618656e-10 1.454195947347987151e-10 1.356951110510153391e-10 7.469256591796124546e-11 1.895672999131592930e-11 2.316038049320275620e-12 -7.108077021072897882e-12 -8.037452181118844713e-12
1.449099382514606606e-11 -1.336089623412686853e-12 1.175363042508945598e-11 1.368319904392091069e-12 1.231739351329543260e-11 8.519199348792111043e-12 5.938843369616177546e-12 8.141963673467646981e-12 1.310822529779761091e-11 1.581765760657196784e-11 2.467408513054942462e-11 3.421138750868196519e-11 4.813864748466264895e-11 7.433575414742170889e-11 9.907406275177094319e-11 1.317832194409694286e-10 1.434241852434880706e-10 1.622442539200235644e-10 1.813433112244983911e-10 1.951458672841180499e-10 1.858094088869402986e-10 1.097233870159593712e-10 2.991840512104238784e-11 6.127493633412547037e-12 -4.836605236360972301e-12 -3.872722387164591435e-12
2.694059684668488945e-11 1.456135198773527784e-12 1.908234593281621039e-11 1.669166664267211539e-12 1.488601314631711131e-11 1.129009677074005446e-11 9.977829300018094278e-12 1.233284113768562292e-11 1.758929580510750887e-11 1.786464886884219567e-11 2.910708641141276769e-11 3.857982210020981458e-11 4.942500181947808168e-11 7.517334055196375421e-11 1.020148612611367834e-10 1.434241852434880706e-10 1.844500155959150101e-10 2.162480707462979490e-10 2.431114156935086881e-10 2.655387699042956642e-10 2.581956866817720337e-10 1.739513944040107739e-10 6.884892684208604576e-11 1.588743295042374505e-11 -1.804769779906183892e-11 -8.407011103173030871e-12
3.448914666593246674e-11 3.682455537301675664e-13 2.175820572420109054e-11 -1.319423638758483939e-12 1.716751796857116842e-11 1.418238974004645771e-11 1.242013934851983669e-11 1.377289232186701912e-11 2.137504233583286544e-11 2.207290966845903832e-11 3.520001147115636919e-11 4.481951474563062465e-11 5.586485567704819032e-11 8.567172318168908994e-11 1.162205681543387372e-10 1.622442539200235644e-10 2.162480707462979490e-10 2.837394766055947740e-10 3.292104305713321975e-10 3.584125550429550898e-10 3.470530496889996796e-10 2.466226210107614175e-10 1.060096628604973825e-10 2.834701597918601677e-11 -1.160212575446655229e-11 4.871189599026150873e-12
3.659255244032469922e-11 -4.162503485837014446e-12 2.226450429226103547e-11 -5.731086051259117032e-13 2.064821885585253425e-11 1.929331306213104964e-11 1.599685760939787196e-11 1.608946754929195995e-11 2.469657865808265015e-11 2.712314202515462081e-11 4.173643262120762974e-11 5.294552825112383217e-11 6.571739039597179800e-11 9.907647873624728222e-11 1.330501818628618656e-10 1.813433112244983911e-10 2.431114156935086881e-10 3.292104305713321975e-10 4.229872967439427145e-10 4.838686178025669504e-10 4.802538983407287067e-10 3.685061811254428590e-10 1.852273927173439874e-10 4.863843606785675485e-11 -2.522320058662588591e-11 -9.587891466876572119e-12
4.580864478665727392e-11 4.654619555927463133e-12 2.576279406935436131e-11 -2.018217172033136032e-12 2.668876967443374822e-11 2.601420773075196920e-11 2.014194866605085802e-11 1.769964756653851287e-11 2.618387239604121351e-11 3.014024669584960416e-11 4.518114309012746050e-11 5.805789494736049165e-11 7.071531197613847340e-11 1.071736486267672506e-10 1.454195947347987151e-10 1.951458672841180499e-10 2.655387699042956642e-10 3.584125550429550898e-10 4.838686178025669504e-10 6.175402565465689601e-10 6.536428811604376574e-10 5.519303925407183965e-10 3.321489522835713182e-10 9.151297855638731225e-11 -5.607768362336354421e-11 -3.275473243241353263e-11
4.900003132222559415e-11 8.111467118622144577e-12 2.538904527806728390e-11 -1.063358327335865019e-12 2.946138585830375392e-11 2.912569425337219048e-11 2.274263301259939064e-11 1.736708861489236271e-11 2.293087308113322049e-11 2.782239277890538437e-11 4.578747338367459513e-11 5.768487931860535071e-11 6.585075412880718828e-11 9.715020782961525569e-11 1.356951110510153391e-10 1.858094088869402986e-10 2.581956866817720337e-10 3.470530496889996796e-10 4.802538983407287067e-10 6.536428811604376574e-10 7.766228126481905641e-10 7.290067414431956665e-10 4.964788201366200886e-10 1.513851163979032961e-10 -8.552907943883919874e-11 -6.520490293867706695e-11
4.198447922862217544e-11 1.666568877260400587e-11 2.288184794390145413e-11 1.744733286605105746e-12 2.621348594005229374e-11 2.483139861718245357e-11 1.694039052184342080e-11 1.483798288910430529e-11 1.620827432299913697e-11 1.704611348073026617e-11 3.307375766425257851e-11 3.485597739630726621e-11 3.295679503833827025e-11 4.687719047709167964e-11 7.469256591796124546e-11 1.097233870159593712e-10 1.739513944040107739e-10 2.466226210107614175e-10 3.685061811254428590e-10 5.519303925407183965e-10 7.290067414431956665e-10 8.277601326917236787e-10 6.717804385694718076e-10 2.667751966733372464e-10 -7.978088378875876512e-11 -7.944730868695482690e-11
2.672557978299461295e-11 3.482105232383246836e-11 1.865981118006269604e-11 1.574728205961716076e-11 2.295984936467767311e-11 2.752798981473897921e-11 1.409127604033847375e-11 1.528115133987728531e-11 1.130594048043824164e-11 8.876012927129328427e-12 1.969058858669333210e-11 1.261757379217875780e-11 4.618746037674089630e-12 4.838183414760694954e-12 1.895672999131592930e-11 2.991840512104238784e-11 6.884892684208604576e-11 1.060096628604973825e-10 1.852273927173439874e-10 3.321489522835713182e-10 4.964788201366200886e-10 6.717804385694718076e-10 7.297739379314398999e-10 4.441232172825421524e-10 2.267689521089441183e-11 -8.001798452055366276e-11
1.342789105886510611e-11 3.831304281766427405e-11 1.462593275010495988e-11 2.244657202026732662e-11 2.150976018292223500e-11 2.445568354442857334e-11 7.158532318823565476e-12 1.485228731405351222e-11 1.172629468328725637e-11 1.024403544792980102e-11 1.955174629297522969e-11 8.257189627517530317e-12 5.676446210557258032e-13 -1.106232802238833620e-12 2.316038049320275620e-12 6.127493633412547037e-12 1.588743295042374505e-11 2.834701597918601677e-11 4.863843606785675485e-11 9.151297855638731225e-11 1.513851163979032961e-10 2.667751966733372464e-10 4.441232172825421524e-10 5.433508443560979311e-10 3.223882905283729829e-10 2.602688929522336193e-11
-9.405811921126350134e-12 2.539368746213112709e-11 4.056299850898722655e-13 1.097526385856124667e-11 2.208795749056708927e-11 1.142282793198403224e-11 -6.759973133969444225e-12 6.481769945169576756e-12 4.217647314923923104e-12 8.541675828132411027e-12 1.246978579482573073e-11 2.418880508297751823e-12 -3.844476761649619901e-12 -2.640830197396764345e-12 -7.108077021072897882e-12 -4.836605236360972301e-12 -1.804769779906183892e-11 -1.160212575446655229e-11 -2.522320058662588591e-11 -5.607768362336354421e-11 -8.552907943883919874e-11 -7.978088378875876512e-11 2.267689521089441183e-11 3.223882905283729829e-10 5.946342217208787722e-10 3.320259123964605412e-10
-2.256206310784836666e-11 1.785292787718253819e-11 2.627051275111681629e-12 -9.861407358481124995e-12 2.084058215112056727e-12 -5.390226161853910096e-12 -1.868964947603407688e-11 -1.054057183737168122e-11 -6.643198659702115944e-12 -5.696197731974173206e-12 -2.408973079314080656e-12 6.659871722901581889e-13 -3.439434438144804003e-12 -2.494420178251759966e-12 -8.037452181118844713e-12 -3.872722387164591435e-12 -8.407011103173030871e-12 4.871189599026150873e-12 -9.587891466876572119e-12 -3.275473243241353263e-11 -6.520490293867706695e-11 -7.944730868695482690e-11 -8.001798452055366276e-11 2.602688929522336193e-11 3.320259123964605412e-10 5.690691733285325000e-10
