8.819713234143486503e-11 1.574869056758482820e-11 1.306503621048888166e-11 9.512181240426022849e-12 7.131662480559997624e-12 1.646825805358061166e-12 8.844338057581273832e-12 5.932730461585661460e-12 6.970787562746425337e-13 -1.301317862036890262e-12 -4.677253957966742022e-12 -6.105663490215802831e-12 -6.823911651626294331e-12 -6.088853968630372558e-12 -9.326262609583415060e-12 -1.116428253835309545e-11 -1.739918906471021949e-11 -2.519702537150922378e-11 -3.876284193684094381e-11 -4.392998239244302005e-11 -5.130212088638819981e-11 -6.427923429502829292e-11 -6.121347905744682721e-11 -2.182309559932042797e-11 3.971590941008038828e-11 4.265312411477501594e-11
1.574869056758482820e-11 5.187408632690819929e-11 1.388170730816306407e-11 6.921093261545565457e-12 7.846474697620634026e-12 2.878842483508540223e-12 4.435106036967363344e-12 4.251897832087865144e-12 2.793265645538309131e-12 1.067251517843016441e-12 -2.041781142291533828e-12 -2.120064759484200136e-12 -4.321474359228475895e-12 -1.009200811776146288e-11 -1.194484150320474758e-11 -1.526438102859689697e-11 -1.893825344551090978e-11 -1.817354896785620131e-11 -1.215616627377286884e-11 -3.056091679121830808e-12 3.562608116608343998e-12 1.478702626855058073e-11 2.380946187557309407e-11 1.985992851345887532e-11 1.766960162887231102e-11 2.744889380287999728e-12
1.306503621048888166e-11 1.388170730816306407e-11 4.518292927834593709e-11 1.934231094594053597e-11 9.588174686469657092e-12 3.460406608740200228e-12 3.269421278575656972e-12 2.661722880996421421e-12 1.976436674050584173e-12 5.075021368016581502e-13 8.431022290271984685e-13 7.551712243272112579e-13 1.797884063596422380e-12 -1.655064440475240986e-12 -4.985448165424316187e-12 -5.759371280417036451e-12 -9.089219693003593032e-12 -1.374624334081615507e-11 -1.732233233657262138e-11 -1.560563483079493775e-11 -1.328176290485170651e-11 -8.667214464152619555e-12 -4.113448470680337163e-12 -2.360417963560711903e-13 -9.939531632469226347e-12 -1.456988928553681427e-12
9.512181240426022849e-12 6.921093261545565457e-12 1.934231094594053597e-11 3.540393564586116042e-11 1.413044608716079940e-11 6.528438136313120356e-12 6.459693312381397938e-12 4.839465220460794131e-12 4.730345636552435365e-12 2.658648186641627196e-12 1.380443609978229980e-13 -2.852918948503380386e-12 -2.433993384336112259e-12 -5.115265587611877945e-12 -6.792153876422965636e-12 -8.809319441601329445e-12 -7.999405658203430493e-12 -7.936963560808299502e-12 -7.844233457820658226e-12 -7.401717001461426976e-12 -9.313719583043879676e-12 -6.693137295763637255e-12 -2.376894931528510058e-12 -4.903319471292516569e-12 -1.977560494515883449e-11 3.286765412927724186e-12
7.131662480559997624e-12 7.846474697620634026e-12 9.588174686469657092e-12 1.413044608716079940e-11 3.013784594919130590e-11 1.086645977467298376e-11 7.123630731183468332e-12 5.624440260319554696e-12 2.825811232620965589e-12 3.109834879803739805e-12 1.022660067859779224e-12 2.822751651916215594e-12 1.820872204658401464e-12 1.155777061801911534e-12 -2.492665937737264215e-13 -1.426209337853282922e-12 -1.140689717112846089e-12 -3.146874233981228626e-13 -1.610615222787789389e-12 -8.656708905280005474e-13 -2.726891491860231129e-13 1.797650473046136376e-12 1.318964531082763363e-12 4.483945602480927084e-12 -9.384021512197738893e-13 4.712545507246156264e-12
1.646825805358061166e-12 2.878842483508540223e-12 3.460406608740200228e-12 6.528438136313120356e-12 1.086645977467298376e-11 2.407993787556071826e-11 1.423817535859624264e-11 7.468988733641828627e-12 4.671328971135871674e-12 6.053236652623575624e-12 1.928468227436685411e-12 2.166691823695359846e-12 3.629294676028487263e-12 2.500889128918913716e-12 1.943072503794855394e-12 9.808048733979755263e-13 2.785434696945188539e-12 3.195787362188646622e-12 4.041310879687951078e-13 -4.556930259721210730e-13 1.457235344797808015e-13 -2.823127586573491605e-12 -1.237757799121143935e-12 -5.048361901944398692e-12 -1.421674652768015606e-11 -8.261284856791079407e-12
8.844338057581273832e-12 4.435106036967363344e-12 3.269421278575656972e-12 6.459693312381397938e-12 7.123630731183468332e-12 1.423817535859624264e-11 2.554146490776321495e-11 1.533705093217637837e-11 8.744215234956328489e-12 6.228361530459722431e-12 4.115396225293813357e-12 4.621897964817469231e-12 4.938971706756183121e-12 4.337471787294558221e-12 4.510711348622431910e-12 4.996525475008388663e-12 4.930597775127022652e-12 2.709789016487186392e-12 -3.252271576055271259e-13 -1.067111045622772531e-12 -3.448649235403267406e-12 -1.076497170283291355e-11 -1.333191367406254546e-11 -1.453180961300764275e-11 -1.012692110393667013e-11 -1.092617189005340190e-11
5.932730461585661460e-12 4.251897832087865144e-12 2.661722880996421421e-12 4.839465220460794131e-12 5.624440260319554696e-12 7.468988733641828627e-12 1.533705093217637837e-11 2.327114866192627056e-11 1.654911815478553409e-11 1.268164798911539350e-11 1.043734820459871781e-11 1.174347786498023194e-11 9.689432472690332861e-12 8.728443794407974804e-12 7.611507743345013359e-12 8.255249246182401489e-12 9.800859846767369904e-12 1.246799156105472015e-11 1.198312222666372558e-11 1.389711348718351449e-11 1.521671842125721302e-11 9.571072795882155496e-12 7.467662378318436841e-12 2.390108802043555272e-12 -1.034543638249649386e-11 -1.334930063560379673e-11
6.970787562746425337e-13 2.793265645538309131e-12 1.976436674050584173e-12 4.730345636552435365e-12 2.825811232620965589e-12 4.671328971135871674e-12 8.744215234956328489e-12 1.654911815478553409e-11 2.459490095116861505e-11 1.910270335646143623e-11 1.487091390576690969e-11 1.586762350341604004e-11 1.488618791532219890e-11 1.411723237762735966e-11 1.367997099791823610e-11 1.670534112985528628e-11 2.226065535869540775e-11 2.868075074224267131e-11 2.770436658255281155e-11 3.062369518135869055e-11 3.482004430897218777e-11 2.588377648864344774e-11 1.841083471977884619e-11 1.400706481544839991e-11 8.664660082195247725e-13 6.986476217268534035e-12
-1.301317862036890262e-12 1.067251517843016441e-12 5.075021368016581502e-13 2.658648186641627196e-12 3.109834879803739805e-12 6.053236652623575624e-12 6.228361530459722431e-12 1.268164798911539350e-11 1.910270335646143623e-11 2.513849385789207656e-11 2.101000894984622908e-11 1.935741361883489737e-11 1.834409883663433236e-11 1.723919499140745523e-11 1.686444507391897034e-11 2.087191513694717093e-11 2.610818036446242798e-11 3.181905712207765883e-11 3.328856503603496111e-11 3.658385409672867820e-11 4.045351438717782109e-11 3.187440778157175409e-11 2.274835157295138846e-11 1.338066981822590421e-11 -5.677514287895467619e-12 6.707512714971910831e-13
-4.677253957966742022e-12 -2.041781142291533828e-12 8.431022290271984685e-13 1.380443609978229980e-13 1.022660067859779224e-12 1.928468227436685411e-12 4.115396225293813357e-12 1.043734820459871781e-11 1.487091390576690969e-11 2.101000894984622908e-11 3.028392751950247603e-11 2.847959048496553123e-11 2.778743928966606834e-11 2.787387070300957857e-11 2.873019159183510505e-11 3.253582036234589440e-11 3.686989558236900928e-11 4.214148724505347289e-11 4.614348900973496538e-11 5.320228241415214943e-11 5.814795240654666422e-11 4.574801985596194576e-11 3.088481932794687301e-11 1.810859832869264456e-11 1.196030448711868509e-12 -3.460248430594502204e-12
-6.105663490215802831e-12 -2.120064759484200136e-12 7.551712243272112579e-13 -2.852918948503380386e-12 2.822751651916215594e-12 2.166691823695359846e-12 4.621897964817469231e-12 1.174347786498023194e-11 1.586762350341604004e-11 1.935741361883489737e-11 2.847959048496553123e-11 3.928073367002042126e-11 3.880195631045142005e-11 3.752466162457611063e-11 3.769943559917432536e-11 4.306030620871498121e-11 4.818679171499548221e-11 5.311319329296862519e-11 5.387747162092636406e-11 5.799910877901806227e-11 5.956998456689000704e-11 4.009358280055315209e-11 3.053869970097821958e-11 2.582640385668260768e-11 4.695504685410917210e-12 1.096573456168047341e-12
-6.823911651626294331e-12 -4.321474359228475895e-12 1.797884063596422380e-12 -2.433993384336112259e-12 1.820872204658401464e-12 3.629294676028487263e-12 4.938971706756183121e-12 9.689432472690332861e-12 1.488618791532219890e-11 1.834409883663433236e-11 2.778743928966606834e-11 3.880195631045142005e-11 5.226564927052631718e-11 5.458813611467629307e-11 5.552433104431350503e-11 6.108436674791512307e-11 6.880326619816423029e-11 7.604412511182915756e-11 7.881756447397838934e-11 8.196649505588297973e-11 7.903351827303356559e-11 4.688985673789495696e-11 1.946437647203129108e-11 1.271416258263571422e-11 -6.019516327587750618e-12 -1.025984662786809188e-11
-6.088853968630372558e-12 -1.009200811776146288e-11 -1.655064440475240986e-12 -5.115265587611877945e-12 1.155777061801911534e-12 2.500889128918913716e-12 4.337471787294558221e-12 8.728443794407974804e-12 1.411723237762735966e-11 1.723919499140745523e-11 2.787387070300957857e-11 3.752466162457611063e-11 5.458813611467629307e-11 7.410142402800027315e-11 8.018633449288315475e-11 8.739358004557892493e-11 9.962285289263898738e-11 1.120135660477830702e-10 1.174874243184533032e-10 1.215627458158714698e-10 1.134918960971168681e-10 7.129300843035262846e-11 1.664729000556585100e-11 -3.462324028067520576e-12 -2.720227395776529333e-11 -2.801404491647085353e-11
-9.326262609583415060e-12 -1.194484150320474758e-11 -4.985448165424316187e-12 -6.792153876422965636e-12 -2.492665937737264215e-13 1.943072503794855394e-12 4.510711348622431910e-12 7.611507743345013359e-12 1.367997099791823610e-11 1.686444507391897034e-11 2.873019159183510505e-11 3.769943559917432536e-11 5.552433104431350503e-11 8.018633449288315475e-11 1.062808911937953871e-10 1.206676484968963843e-10 1.390742027658265069e-10 1.597687729560837830e-10 1.730283443213830323e-10 1.837426638753164458e-10 1.824956281039793685e-10 1.290173354364498597e-10 3.480156889068079872e-11 -1.474937523188436047e-11 -4.002700710638453282e-11 -2.758409081703537386e-11
-1.116428253835309545e-11 -1.526438102859689697e-11 -5.759371280417036451e-12 -8.809319441601329445e-12 -1.426209337853282922e-12 9.808048733979755263e-13 4.996525475008388663e-12 8.255249246182401489e-12 1.670534112985528628e-11 2.087191513694717093e-11 3.253582036234589440e-11 4.306030620871498121e-11 6.108436674791512307e-11 8.739358004557892493e-11 1.206676484968963843e-10 1.594411018228211411e-10 1.923231752093148668e-10 2.246009520977769478e-10 2.437387700280986314e-10 2.587442128803929391e-10 2.645386921546384617e-10 2.043177824425812009e-10 7.900717424477475431e-11 1.077532457179905699e-11 -3.972046541567037776e-11 -4.412925716602064638e-11
-1.739918906471021949e-11 -1.893825344551090978e-11 -9.089219693003593032e-12 -7.999405658203430493e-12 -1.140689717112846089e-12 2.785434696945188539e-12 4.930597775127022652e-12 9.800859846767369904e-12 2.226065535869540775e-11 2.610818036446242798e-11 3.686989558236900928e-11 4.818679171499548221e-11 6.880326619816423029e-11 9.962285289263898738e-11 1.390742027658265069e-10 1.923231752093148668e-10 2.599932819354997837e-10 3.181714102744014757e-10 3.531034996809196073e-10 3.854710800726336094e-10 4.044767027017996817e-10 3.306115434113942726e-10 1.432726335604637992e-10 2.692459147000974632e-11 -5.383549925445612186e-11 -5.783628913839369558e-11
-2.519702537150922378e-11 -1.817354896785620131e-11 -1.374624334081615507e-11 -7.936963560808299502e-12 -3.146874233981228626e-13 3.195787362188646622e-12 2.709789016487186392e-12 1.246799156105472015e-11 2.868075074224267131e-11 3.181905712207765883e-11 4.214148724505347289e-11 5.311319329296862519e-11 7.604412511182915756e-11 1.120135660477830702e-10 1.597687729560837830e-10 2.246009520977769478e-10 3.181714102744014757e-10 4.237984932873702500e-10 4.939479969456193741e-10 5.536252990153321925e-10 5.921030796827845297e-10 5.084130891562762071e-10 2.393133108061974022e-10 4.476498047442515071e-11 -8.110648506937088008e-11 -9.036831383399479315e-11
-3.876284193684094381e-11 -1.215616627377286884e-11 -1.732233233657262138e-11 -7.844233457820658226e-12 -1.610615222787789389e-12 4.041310879687951078e-13 -3.252271576055271259e-13 1.198312222666372558e-11 2.770436658255281155e-11 3.328856503603496111e-11 4.614348900973496538e-11 5.387747162092636406e-11 7.881756447397838934e-11 1.174874243184533032e-10 1.730283443213830323e-10 2.437387700280986314e-10 3.531034996809196073e-10 4.939479969456193741e-10 6.378949307596279736e-10 7.592513165958983790e-10 8.324758771772111632e-10 7.533007433124558909e-10 3.999152068797398614e-10 9.329254142423117868e-11 -1.035981014154550868e-10 -1.523625160923808841e-10
-4.392998239244302005e-11 -3.056091679121830808e-12 -1.560563483079493775e-11 -7.401717001461426976e-12 -8.656708905280005474e-13 -4.556930259721210730e-13 -1.067111045622772531e-12 1.389711348718351449e-11 3.062369518135869055e-11 3.658385409672867820e-11 5.320228241415214943e-11 5.799910877901806227e-11 8.196649505588297973e-11 1.215627458158714698e-10 1.837426638753164458e-10 2.587442128803929391e-10 3.854710800726336094e-10 5.536252990153321925e-10 7.592513165958983790e-10 1.015228535119669881e-09 1.197976694187687022e-09 1.172957967443346342e-09 7.454099857816403379e-10 2.432246493890814131e-10 -8.047238848809481608e-11 -1.861451289402511651e-10
-5.130212088638819981e-11 3.562608116608343998e-12 -1.328176290485170651e-11 -9.313719583043879676e-12 -2.726891491860231129e-13 1.457235344797808015e-13 -3.448649235403267406e-12 1.521671842125721302e-11 3.482004430897218777e-11 4.045351438717782109e-11 5.814795240654666422e-11 5.956998456689000704e-11 7.903351827303356559e-11 1.134918960971168681e-10 1.824956281039793685e-10 2.645386921546384617e-10 4.044767027017996817e-10 5.921030796827845297e-10 8.324758771772111632e-10 1.197976694187687022e-09 1.558672660951635328e-09 1.654790266196222148e-09 1.194620346260815720e-09 4.846787777606160820e-10 -3.257422178546174289e-11 -2.118872843879163913e-10
-6.427923429502829292e-11 1.478702626855058073e-11 -8.667214464152619555e-12 -6.693137295763637255e-12 1.797650473046136376e-12 -2.823127586573491605e-12 -1.076497170283291355e-11 9.571072795882155496e-12 2.588377648864344774e-11 3.187440778157175409e-11 4.574801985596194576e-11 4.009358280055315209e-11 4.688985673789495696e-11 7.129300843035262846e-11 1.290173354364498597e-10 2.043177824425812009e-10 3.306115434113942726e-10 5.084130891562762071e-10 7.533007433124558909e-10 1.172957967443346342e-09 1.654790266196222148e-09 1.987918992235793245e-09 1.652078898617922031e-09 8.174083434090984614e-10 5.144538912736151731e-11 -1.853873442663079393e-10
-6.121347905744682721e-11 2.380946187557309407e-11 -4.113448470680337163e-12 -2.376894931528510058e-12 1.318964531082763363e-12 -1.237757799121143935e-12 -1.333191367406254546e-11 7.467662378318436841e-12 1.841083471977884619e-11 2.274835157295138846e-11 3.088481932794687301e-11 3.053869970097821958e-11 1.946437647203129108e-11 1.664729000556585100e-11 3.480156889068079872e-11 7.900717424477475431e-11 1.432726335604637992e-10 2.393133108061974022e-10 3.999152068797398614e-10 7.454099857816403379e-10 1.194620346260815720e-09 1.652078898617922031e-09 1.748163465788037307e-09 1.175966358022920609e-09 2.715170941653767199e-10 -1.093708027398887760e-10
-2.182309559932042797e-11 1.985992851345887532e-11 -2.360417963560711903e-13 -4.903319471292516569e-12 4.483945602480927084e-12 -5.048361901944398692e-12 -1.453180961300764275e-11 2.390108802043555272e-12 1.400706481544839991e-11 1.338066981822590421e-11 1.810859832869264456e-11 2.582640385668260768e-11 1.271416258263571422e-11 -3.462324028067520576e-12 -1.474937523188436047e-11 1.077532457179905699e-11 2.692459147000974632e-11 4.476498047442515071e-11 9.329254142423117868e-11 2.432246493890814131e-10 4.846787777606160820e-10 8.174083434090984614e-10 1.175966358022920609e-09 1.278619065623165352e-09 7.375841966950584326e-10 1.412503855563943918e-10
3.971590941008038828e-11 1.766960162887231102e-11 -9.939531632469226347e-12 -1.977560494515883449e-11 -9.384021512197738893e-13 -1.421674652768015606e-11 -1.012692110393667013e-11 -1.034543638249649386e-11 8.664660082195247725e-13 -5.677514287895467619e-12 1.196030448711868509e-12 4.695504685410917210e-12 -6.019516327587750618e-12 -2.720227395776529333e-11 -4.002700710638453282e-11 -3.972046541567037776e-11 -5.383549925445612186e-11 -8.110648506937088008e-11 -1.035981014154550868e-10 -8.047238848809481608e-11 -3.257422178546174289e-11 5.144538912736151731e-11 2.715170941653767199e-10 7.375841966950584326e-10 1.181653888680352145e-09 7.458261049617183059e-10
4.265312411477501594e-11 2.744889380287999728e-12 -1.456988928553681427e-12 3.286765412927724186e-12 4.712545507246156264e-12 -8.261284856791079407e-12 -1.092617189005340190e-11 -1.334930063560379673e-11 6.986476217268534035e-12 6.707512714971910831e-13 -3.460248430594502204e-12 1.096573456168047341e-12 -1.025984662786809188e-11 -2.801404491647085353e-11 -2.758409081703537386e-11 -4.412925716602064638e-11 -5.783628913839369558e-11 -9.036831383399479315e-11 -1.523625160923808841e-10 -1.861451289402511651e-10 -2.118872843879163913e-10 -1.853873442663079393e-10 -1.093708027398887760e-10 1.412503855563943918e-10 7.458261049617183059e-10 1.185764385359344256e-09
