5.325070925826664691e-11 7.985984179450741264e-12 5.115087543572261750e-12 -4.956156360988119502e-13 4.237316523147427212e-12 -5.146151095643449398e-15 -1.280965112126817900e-12 -1.495774067640476071e-12 9.435668430307220114e-13 1.883668017035298319e-13 3.310893533324125457e-13 -2.001764569756612927e-13 -2.444305920458466005e-12 -6.145258545867440375e-12 -4.354113884663924973e-12 -3.463584119783001390e-12 -3.679185772094627237e-12 -4.979304748213886345e-12 -7.311074705035746478e-12 -1.296721865530817812e-11 -1.404712260332187243e-11 -6.125238181050933634e-12 5.164599534794295610e-12 8.953128667815305778e-12 -1.775585738880498075e-12 7.288714074519598581e-12
7.985984179450741264e-12 4.679440426355795739e-11 9.283855139672189622e-12 5.015305600483563250e-12 5.141407922323752866e-12 -4.953435494436772074e-14 -1.748319552356659284e-12 -1.609633823731940467e-12 1.035294351282079675e-13 -2.968498096343316671e-12 -1.240666150454851596e-12 -1.866794018190262129e-12 -1.661667357336847183e-13 -1.025188538501052282e-12 4.198841780557680147e-13 5.029327857187996674e-12 6.170693044571112642e-12 6.837377669219013992e-12 6.429671930565197154e-12 2.232735793123675472e-12 9.027711039526344209e-13 -2.577916124044599698e-12 -4.561926826543170374e-13 6.272682688776207431e-12 4.718884467250101968e-12 -4.585266364469167496e-12
5.115087543572261750e-12 9.283855139672189622e-12 3.334810272275216496e-11 1.195638485871940006e-11 7.286763978727602406e-12 2.772242150298833474e-12 2.652186460798514328e-12 2.781777809207326021e-13 -1.387707039906526954e-12 -6.244367479890323018e-13 -9.612571934000043341e-13 -6.524190735688029882e-13 -1.771907520054352806e-12 -2.285891242409210281e-12 4.379818470557696838e-13 2.576871880604970153e-12 1.158268291386868679e-12 -5.942480642887107346e-13 2.846113690510256040e-13 -1.789699154621149355e-12 -1.818078836358491764e-12 3.176064911762591842e-14 2.212905953708653162e-12 4.520887083736059692e-12 3.936906527140533446e-12 6.889453928007585628e-12
-4.956156360988119502e-13 5.015305600483563250e-12 1.195638485871940006e-11 2.803125431380010558e-11 1.054422421288302025e-11 4.280632259605693220e-12 1.826137334578297718e-12 -1.541209538742228167e-12 -1.752118928014373779e-12 -9.164180467644647900e-13 -6.850848931720930396e-14 1.794207266415983001e-12 2.212244751330232631e-12 1.813522484514361608e-12 1.929044122225952462e-12 1.500496786042774819e-12 -8.600584367460168738e-13 -3.238131165955729087e-12 -3.335442855191622412e-12 -3.249295508939123306e-12 -6.623928183679926645e-12 -6.861725994234766608e-12 -2.642811605172684537e-12 -1.460307885550648980e-12 2.610245001162927439e-13 8.889938167080040015e-13
4.237316523147427212e-12 5.141407922323752866e-12 7.286763978727602406e-12 1.054422421288302025e-11 2.312751845522347018e-11 1.088190328593548257e-11 5.635238788290520754e-12 2.773613060731467336e-12 1.636563071992541337e-12 3.551583239376040530e-13 3.204133482786135780e-13 -4.211634314783723355e-13 -4.621705897310042333e-13 -1.443500691208223576e-13 -1.680797171507764322e-13 -2.795648168983482114e-14 -1.262942876319808836e-13 2.672218120804287725e-12 4.937353912697629116e-12 5.955386590478485314e-12 3.329076002802291521e-12 1.198353427942366455e-12 1.649575808490256047e-12 2.635956979937729740e-12 3.128594585452174568e-12 6.754638486628860392e-12
-5.146151095643449398e-15 -4.953435494436772074e-14 2.772242150298833474e-12 4.280632259605693220e-12 1.088190328593548257e-11 1.986811902342280306e-11 1.117238256489093039e-11 7.060198764533768776e-12 6.710366417100748437e-12 4.413471971055042477e-12 3.920188311243287594e-12 1.774709213053410858e-12 1.952929295393580045e-12 1.833469678738610876e-12 1.176376888048929557e-12 1.446932564222868824e-12 3.070022313722431582e-12 5.271251194997813529e-12 5.429634222610177239e-12 4.759069060201114121e-12 3.900478208865290976e-12 3.555537225475815581e-13 8.914104885553350535e-13 3.996495958274768981e-12 2.339924395225763623e-12 -3.975614068886602321e-12
-1.280965112126817900e-12 -1.748319552356659284e-12 2.652186460798514328e-12 1.826137334578297718e-12 5.635238788290520754e-12 1.117238256489093039e-11 1.703804372814328400e-11 1.062795654132454378e-11 7.934799719252031297e-12 5.426564131222641258e-12 4.761482673203274400e-12 4.208760872806897447e-12 4.709470268246382392e-12 5.645138062237934408e-12 5.189220445013790238e-12 5.517718600146816924e-12 6.637367877660704801e-12 9.437086044445887569e-12 1.110827842330738642e-11 1.219595413606488840e-11 1.183989649279652153e-11 5.605344397999133846e-12 -3.029328001535074383e-12 -7.312177360217276901e-12 -2.421891901537521337e-12 -3.971173126861766684e-13
-1.495774067640476071e-12 -1.609633823731940467e-12 2.781777809207326021e-13 -1.541209538742228167e-12 2.773613060731467336e-12 7.060198764533768776e-12 1.062795654132454378e-11 1.716837071438622533e-11 1.214751980068499058e-11 9.523567384395752403e-12 7.884363155010016019e-12 5.807479529931746472e-12 5.070422456782714535e-12 6.085623963852737911e-12 6.503042085928567387e-12 7.329690996822697297e-12 8.474886367179693910e-12 1.026790956268445498e-11 1.120587282883253680e-11 9.637247595770233934e-12 8.083756014494994039e-12 1.454450998412803275e-13 -5.800791686355699554e-12 -7.951776187440710063e-12 -3.149770815726839124e-12 2.257884116744954406e-13
9.435668430307220114e-13 1.035294351282079675e-13 -1.387707039906526954e-12 -1.752118928014373779e-12 1.636563071992541337e-12 6.710366417100748437e-12 7.934799719252031297e-12 1.214751980068499058e-11 1.884858956007149901e-11 1.429042176932942348e-11 1.295152134841581392e-11 1.035799545258074039e-11 1.002467143509599378e-11 1.036893157258215917e-11 1.157006056239068372e-11 1.207438046607214227e-11 1.215675820692479517e-11 1.124559934858769179e-11 1.131487648855377513e-11 9.307312852829737499e-12 5.737128687555518703e-12 -4.352067855801294330e-12 -9.431891363959606326e-12 -7.101912637855746920e-12 -6.541357302832957045e-12 -4.550785612594825807e-12
1.883668017035298319e-13 -2.968498096343316671e-12 -6.244367479890323018e-13 -9.164180467644647900e-13 3.551583239376040530e-13 4.413471971055042477e-12 5.426564131222641258e-12 9.523567384395752403e-12 1.429042176932942348e-11 2.013065551609094372e-11 1.645636068653883749e-11 1.375433374908515456e-11 1.277138538744217201e-11 1.311682670749442848e-11 1.346749577939176774e-11 1.406844495641810589e-11 1.495607282353855575e-11 1.357253494788044920e-11 1.470905765033777786e-11 1.430965208404585705e-11 1.198340818532075904e-11 2.333826899627789515e-12 -1.994254420594513241e-12 -1.825366649064595356e-13 -4.999368217863686792e-12 -6.954869663413355664e-12
3.310893533324125457e-13 -1.240666150454851596e-12 -9.612571934000043341e-13 -6.850848931720930396e-14 3.204133482786135780e-13 3.920188311243287594e-12 4.761482673203274400e-12 7.884363155010016019e-12 1.295152134841581392e-11 1.645636068653883749e-11 2.103649853644580460e-11 1.880179008637704138e-11 1.705596137532746613e-11 1.545222574055835960e-11 1.448399907237356458e-11 1.468765463076099527e-11 1.566137959926584391e-11 1.374251087529749126e-11 1.249499715285829953e-11 1.157955697152010999e-11 8.894515526297290005e-12 -2.714068488982260302e-12 -8.917696792922534464e-12 -2.217194315389372810e-12 -2.183004784683159032e-12 -4.519244918646472216e-12
-2.001764569756612927e-13 -1.866794018190262129e-12 -6.524190735688029882e-13 1.794207266415983001e-12 -4.211634314783723355e-13 1.774709213053410858e-12 4.208760872806897447e-12 5.807479529931746472e-12 1.035799545258074039e-11 1.375433374908515456e-11 1.880179008637704138e-11 2.532094026797189254e-11 2.376337113604648715e-11 2.198696516050873595e-11 2.025656853167990546e-11 1.975400911071339171e-11 1.908605455285017767e-11 1.575477603896763346e-11 1.357441311357377969e-11 1.360868731951663539e-11 1.101912891470932217e-11 -1.893059183602638730e-12 -7.973085200168423306e-12 -2.861117016490620302e-12 -7.170576108564175796e-12 -6.969115718904638192e-12
-2.444305920458466005e-12 -1.661667357336847183e-13 -1.771907520054352806e-12 2.212244751330232631e-12 -4.621705897310042333e-13 1.952929295393580045e-12 4.709470268246382392e-12 5.070422456782714535e-12 1.002467143509599378e-11 1.277138538744217201e-11 1.705596137532746613e-11 2.376337113604648715e-11 3.185652909645506261e-11 3.221941732698740333e-11 3.117989526182943738e-11 3.020420863933088979e-11 2.972182684212091866e-11 2.870291281003270535e-11 2.730083354203836412e-11 2.783041756054182830e-11 2.492683318324457999e-11 5.911438589702868501e-12 -5.182017495331392559e-12 -6.826318426216969117e-13 -9.995831806277320651e-12 -1.145692890958620208e-11
-6.145258545867440375e-12 -1.025188538501052282e-12 -2.285891242409210281e-12 1.813522484514361608e-12 -1.443500691208223576e-13 1.833469678738610876e-12 5.645138062237934408e-12 6.085623963852737911e-12 1.036893157258215917e-11 1.311682670749442848e-11 1.545222574055835960e-11 2.198696516050873595e-11 3.221941732698740333e-11 4.298969659336089748e-11 4.381049974009048070e-11 4.323103321993640748e-11 4.308451600801379442e-11 4.315306835172806741e-11 4.283498944864996239e-11 4.568291584001732488e-11 4.424456303283462862e-11 2.148569445968593202e-11 -3.308583212954471235e-14 -2.832807501264817816e-12 -1.465976022110374410e-11 -1.157040523529591773e-11
-4.354113884663924973e-12 4.198841780557680147e-13 4.379818470557696838e-13 1.929044122225952462e-12 -1.680797171507764322e-13 1.176376888048929557e-12 5.189220445013790238e-12 6.503042085928567387e-12 1.157006056239068372e-11 1.346749577939176774e-11 1.448399907237356458e-11 2.025656853167990546e-11 3.117989526182943738e-11 4.381049974009048070e-11 5.855924280458152561e-11 6.264831550960740393e-11 6.308097530499608788e-11 6.440524467103294780e-11 6.459331125380130554e-11 6.863512652940065761e-11 6.696014565323395863e-11 4.007682231812413124e-11 9.032706956130538085e-12 2.353803720965613220e-12 -1.728770307301993206e-11 -1.112092733551610305e-11
-3.463584119783001390e-12 5.029327857187996674e-12 2.576871880604970153e-12 1.500496786042774819e-12 -2.795648168983482114e-14 1.446932564222868824e-12 5.517718600146816924e-12 7.329690996822697297e-12 1.207438046607214227e-11 1.406844495641810589e-11 1.468765463076099527e-11 1.975400911071339171e-11 3.020420863933088979e-11 4.323103321993640748e-11 6.264831550960740393e-11 7.871065200205695948e-11 8.222225531751783188e-11 8.536884008204515061e-11 8.801194471298561418e-11 9.464886846782182792e-11 9.497380979521401525e-11 6.558215181636503437e-11 2.082432130386860317e-11 6.862054691777431835e-12 -2.061075216233395120e-11 -1.228439514915639136e-11
-3.679185772094627237e-12 6.170693044571112642e-12 1.158268291386868679e-12 -8.600584367460168738e-13 -1.262942876319808836e-13 3.070022313722431582e-12 6.637367877660704801e-12 8.474886367179693910e-12 1.215675820692479517e-11 1.495607282353855575e-11 1.566137959926584391e-11 1.908605455285017767e-11 2.972182684212091866e-11 4.308451600801379442e-11 6.308097530499608788e-11 8.222225531751783188e-11 1.000908398815549035e-10 1.104286878578387937e-10 1.148268923511577461e-10 1.220024053701835942e-10 1.236424874789884140e-10 9.170705517081531554e-11 2.956838750288581743e-11 4.450361897459232675e-12 -2.533525416426243420e-11 -2.025945586215425004e-11
-4.979304748213886345e-12 6.837377669219013992e-12 -5.942480642887107346e-13 -3.238131165955729087e-12 2.672218120804287725e-12 5.271251194997813529e-12 9.437086044445887569e-12 1.026790956268445498e-11 1.124559934858769179e-11 1.357253494788044920e-11 1.374251087529749126e-11 1.575477603896763346e-11 2.870291281003270535e-11 4.315306835172806741e-11 6.440524467103294780e-11 8.536884008204515061e-11 1.104286878578387937e-10 1.428831266290478339e-10 1.554231536746624363e-10 1.643559135498166921e-10 1.671194160847466047e-10 1.320124605463226703e-10 4.740110304110208377e-11 4.952236328150129762e-12 -2.774020408144902480e-11 -2.040434353971514999e-11
-7.311074705035746478e-12 6.429671930565197154e-12 2.846113690510256040e-13 -3.335442855191622412e-12 4.937353912697629116e-12 5.429634222610177239e-12 1.110827842330738642e-11 1.120587282883253680e-11 1.131487648855377513e-11 1.470905765033777786e-11 1.249499715285829953e-11 1.357441311357377969e-11 2.730083354203836412e-11 4.283498944864996239e-11 6.459331125380130554e-11 8.801194471298561418e-11 1.148268923511577461e-10 1.554231536746624363e-10 1.950922606976606797e-10 2.198869852637847056e-10 2.271378743841669532e-10 1.868141706077872037e-10 7.641991159729773683e-11 5.922827501488412444e-12 -2.983065721406263268e-11 -2.296830900274459066e-11
-1.296721865530817812e-11 2.232735793123675472e-12 -1.789699154621149355e-12 -3.249295508939123306e-12 5.955386590478485314e-12 4.759069060201114121e-12 1.219595413606488840e-11 9.637247595770233934e-12 9.307312852829737499e-12 1.430965208404585705e-11 1.157955697152010999e-11 1.360868731951663539e-11 2.783041756054182830e-11 4.568291584001732488e-11 6.863512652940065761e-11 9.464886846782182792e-11 1.220024053701835942e-10 1.643559135498166921e-10 2.198869852637847056e-10 2.852879808756367509e-10 3.127417317884004676e-10 2.728236716461870845e-10 1.388422186818957307e-10 1.971236795375132302e-11 -3.019331315592389527e-11 -2.016258844076948946e-11
-1.404712260332187243e-11 9.027711039526344209e-13 -1.818078836358491764e-12 -6.623928183679926645e-12 3.329076002802291521e-12 3.900478208865290976e-12 1.183989649279652153e-11 8.083756014494994039e-12 5.737128687555518703e-12 1.198340818532075904e-11 8.894515526297290005e-12 1.101912891470932217e-11 2.492683318324457999e-11 4.424456303283462862e-11 6.696014565323395863e-11 9.497380979521401525e-11 1.236424874789884140e-10 1.671194160847466047e-10 2.271378743841669532e-10 3.127417317884004676e-10 3.945038291280939212e-10 3.845432633298033474e-10 2.442069670641506382e-10 6.534081661964228608e-11 -2.158687446516573961e-11 -1.820652615047740011e-11
-6.125238181050933634e-12 -2.577916124044599698e-12 3.176064911762591842e-14 -6.861725994234766608e-12 1.198353427942366455e-12 3.555537225475815581e-13 5.605344397999133846e-12 1.454450998412803275e-13 -4.352067855801294330e-12 2.333826899627789515e-12 -2.714068488982260302e-12 -1.893059183602638730e-12 5.911438589702868501e-12 2.148569445968593202e-11 4.007682231812413124e-11 6.558215181636503437e-11 9.170705517081531554e-11 1.320124605463226703e-10 1.868141706077872037e-10 2.728236716461870845e-10 3.845432633298033474e-10 4.493716538665634175e-10 3.470345810488994709e-10 1.360075086635494110e-10 1.634222091641869902e-12 -4.289955589489601519e-12
5.164599534794295610e-12 -4.561926826543170374e-13 2.212905953708653162e-12 -2.642811605172684537e-12 1.649575808490256047e-12 8.914104885553350535e-13 -3.029328001535074383e-12 -5.800791686355699554e-12 -9.431891363959606326e-12 -1.994254420594513241e-12 -8.917696792922534464e-12 -7.973085200168423306e-12 -5.182017495331392559e-12 -3.308583212954471235e-14 9.032706956130538085e-12 2.082432130386860317e-11 2.956838750288581743e-11 4.740110304110208377e-11 7.641991159729773683e-11 1.388422186818957307e-10 2.442069670641506382e-10 3.470345810488994709e-10 3.986218938328852019e-10 2.642666701459087786e-10 7.629982799843855613e-11 5.970392081061529400e-12
8.953128667815305778e-12 6.272682688776207431e-12 4.520887083736059692e-12 -1.460307885550648980e-12 2.635956979937729740e-12 3.996495958274768981e-12 -7.312177360217276901e-12 -7.951776187440710063e-12 -7.101912637855746920e-12 -1.825366649064595356e-13 -2.217194315389372810e-12 -2.861117016490620302e-12 -6.826318426216969117e-13 -2.832807501264817816e-12 2.353803720965613220e-12 6.862054691777431835e-12 4.450361897459232675e-12 4.952236328150129762e-12 5.922827501488412444e-12 1.971236795375132302e-11 6.534081661964228608e-11 1.360075086635494110e-10 2.642666701459087786e-10 3.240204437047675107e-10 1.849877023840536033e-10 2.870165975949646172e-11
-1.775585738880498075e-12 4.718884467250101968e-12 3.936906527140533446e-12 2.610245001162927439e-13 3.128594585452174568e-12 2.339924395225763623e-12 -2.421891901537521337e-12 -3.149770815726839124e-12 -6.541357302832957045e-12 -4.999368217863686792e-12 -2.183004784683159032e-12 -7.170576108564175796e-12 -9.995831806277320651e-12 -1.465976022110374410e-11 -1.728770307301993206e-11 -2.061075216233395120e-11 -2.533525416426243420e-11 -2.774020408144902480e-11 -2.983065721406263268e-11 -3.019331315592389527e-11 -2.158687446516573961e-11 1.634222091641869902e-12 7.629982799843855613e-11 1.849877023840536033e-10 2.606406124279239589e-10 1.361590150087377720e-10
7.288714074519598581e-12 -4.585266364469167496e-12 6.889453928007585628e-12 8.889938167080040015e-13 6.754638486628860392e-12 -3.975614068886602321e-12 -3.971173126861766684e-13 2.257884116744954406e-13 -4.550785612594825807e-12 -6.954869663413355664e-12 -4.519244918646472216e-12 -6.969115718904638192e-12 -1.145692890958620208e-11 -1.157040523529591773e-11 -1.112092733551610305e-11 -1.228439514915639136e-11 -2.025945586215425004e-11 -2.040434353971514999e-11 -2.296830900274459066e-11 -2.016258844076948946e-11 -1.820652615047740011e-11 -4.289955589489601519e-12 5.970392081061529400e-12 2.870165975949646172e-11 1.361590150087377720e-10 2.670208046545400034e-10
