7.198150478094216838e-11 1.173796192436164123e-11 1.028926692488076975e-11 1.143131296302179363e-11 1.107700666194217892e-11 7.433961429929331209e-12 2.395438211215899355e-12 1.413175349386001950e-12 -2.351245458174036347e-12 -4.030977896649342012e-12 -5.887673086155563174e-12 -5.386238199871395275e-12 -3.103309885417128084e-12 -5.660589031234852520e-12 -1.127824442727573133e-11 -1.451678538803140674e-11 -1.655611745233386918e-11 -2.248579272251650493e-11 -3.433746702493968225e-11 -4.083776187771538124e-11 -4.163470906894486453e-11 -4.720564308303374991e-11 -3.954226323683922630e-11 -4.009777538002329517e-11 -1.245366786158972829e-11 1.302138866567023326e-11
1.173796192436164123e-11 4.692748032793015007e-11 1.321564001600415561e-11 7.947091274450116487e-12 6.777503169718738116e-12 1.996361832514080847e-12 3.473928762002555081e-12 4.852343795960191731e-12 4.245587442721427389e-12 3.608702378933378229e-12 3.986930706565304508e-12 6.976260013893545291e-12 7.007956588111876574e-12 1.518943987693204095e-12 -4.691551218053786387e-12 -7.242227616624956010e-12 -1.005888189567298867e-11 -1.361258980694179113e-11 -1.805886514183016590e-11 -1.994503815578360781e-11 -2.837203431768812597e-11 -3.630749963372320311e-11 -1.783721162595418052e-11 2.430244966533912652e-12 -3.065097225356486318e-13 -1.072460194130221532e-11
1.028926692488076975e-11 1.321564001600415561e-11 3.809782352221519887e-11 1.127291607975436370e-11 6.533289936889788183e-12 3.236216372230411947e-12 3.511999831403617783e-12 4.488023921320881115e-12 3.356783989582753581e-12 3.599173975248445568e-12 6.845763476399211438e-13 -5.301953764838778655e-14 -1.554544259390754290e-12 -6.505236601340879476e-12 -9.124278102600044433e-12 -9.154188921230572662e-12 -9.062636208619776606e-12 -8.541501205169088192e-12 -9.940046814877487542e-12 1.561264889396543944e-12 1.246586250476175182e-11 2.328148781272674436e-11 3.566825996968489858e-11 2.244424135058095187e-11 -2.609854709053705182e-12 1.115120130619212738e-11
1.143131296302179363e-11 7.947091274450116487e-12 1.127291607975436370e-11 3.451837438696146803e-11 1.509209932198237313e-11 8.243396207454178097e-12 5.497853448587340725e-12 5.257025837715155703e-12 2.173275516792901014e-12 6.230544798179912422e-13 -2.792130644565786186e-12 -3.532247459163417324e-12 -4.647532415172141404e-12 -6.427358153426304813e-12 -8.442340422378255890e-12 -9.772467362114656167e-12 -1.081243311966970224e-11 -1.398645616170492672e-11 -2.133290481528313970e-11 -2.579081802643104693e-11 -2.050252453220307863e-11 -1.714627449511509941e-11 -1.470351844520635451e-11 -1.332102412010274310e-11 -2.150513542034306764e-11 -3.022769869476726412e-12
1.107700666194217892e-11 6.777503169718738116e-12 6.533289936889788183e-12 1.509209932198237313e-11 2.752291072823970610e-11 1.253433539658298742e-11 8.129490216927850612e-12 8.095837550894440093e-12 3.152263392489354411e-12 3.509013926832337993e-12 1.610385604891965178e-12 2.451272030090849428e-12 2.414925977538763298e-12 2.100686752547162292e-12 1.878741202410725419e-12 1.226983098744851830e-12 4.486155310931603824e-12 5.936989989421053183e-12 3.168455243786008501e-12 2.102039448010201570e-12 -3.640052335856041905e-13 -4.836521574899469863e-12 -1.151162689120252678e-11 -1.031259309482803904e-11 -1.341789565460385376e-11 -6.464613398713248866e-12
7.433961429929331209e-12 1.996361832514080847e-12 3.236216372230411947e-12 8.243396207454178097e-12 1.253433539658298742e-11 2.278069039848923758e-11 1.358658294745258758e-11 9.070402128872980210e-12 3.202013779812898052e-12 4.607991223119415720e-12 1.746298386703556961e-12 2.306842720242621210e-12 3.144089013598257575e-12 2.014655662682526753e-12 7.171810723078619306e-13 5.012599765645804353e-13 6.297710403325961431e-13 -7.446159672035163818e-13 -4.307973641343251115e-12 -2.450035449035797937e-12 3.171439483784213581e-12 2.531673646415006437e-12 4.321151334160143151e-12 4.252867890669906180e-12 1.985717969892524221e-12 -1.356499791366082567e-11
2.395438211215899355e-12 3.473928762002555081e-12 3.511999831403617783e-12 5.497853448587340725e-12 8.129490216927850612e-12 1.358658294745258758e-11 2.143935742597233684e-11 1.502247033179864319e-11 8.040564906863495815e-12 6.154448392613748254e-12 3.849686165851803832e-12 4.284663933273996342e-12 5.331547051353667087e-12 4.620885061446196225e-12 5.467431749497575483e-12 6.599846971646070862e-12 7.563598275039696204e-12 6.468223131759173761e-12 4.158989512803934302e-12 6.910079725080153538e-12 9.039337694950510704e-12 7.293393165023952710e-12 9.055309444224832364e-12 4.016269610934492825e-12 -5.293935980178379298e-12 -9.430195191322988063e-12
1.413175349386001950e-12 4.852343795960191731e-12 4.488023921320881115e-12 5.257025837715155703e-12 8.095837550894440093e-12 9.070402128872980210e-12 1.502247033179864319e-11 2.272113808857700205e-11 1.658663200551789116e-11 1.326361769892871292e-11 1.065579751109106955e-11 1.094453901896144297e-11 9.854584742116169568e-12 9.203810995369794230e-12 7.591008987383357239e-12 9.233255712216763470e-12 1.200093242446831030e-11 1.387541690211244691e-11 1.121141711730194123e-11 1.295649419945164414e-11 1.386749452873929914e-11 9.250871630428340731e-12 1.012510032683742777e-11 8.370029576731737537e-12 -8.320276897759786483e-12 -1.095830239614546359e-11
-2.351245458174036347e-12 4.245587442721427389e-12 3.356783989582753581e-12 2.173275516792901014e-12 3.152263392489354411e-12 3.202013779812898052e-12 8.040564906863495815e-12 1.658663200551789116e-11 2.508263777367287006e-11 1.902549385972737839e-11 1.555209200368333164e-11 1.547745910907236959e-11 1.527421625701198923e-11 1.445234698735001756e-11 1.400208850699995182e-11 1.642666212600387719e-11 2.226815057548031134e-11 2.756426675205906801e-11 2.675470863301684509e-11 2.890170768104888052e-11 3.326901223698601459e-11 2.447746438105874245e-11 1.672397818328408595e-11 8.500699461379038610e-12 -1.012863627615295267e-11 -1.331712761095405685e-12
-4.030977896649342012e-12 3.608702378933378229e-12 3.599173975248445568e-12 6.230544798179912422e-13 3.509013926832337993e-12 4.607991223119415720e-12 6.154448392613748254e-12 1.326361769892871292e-11 1.902549385972737839e-11 2.537277299518021249e-11 2.160636636641267665e-11 1.931901970596992448e-11 1.910388502398101047e-11 1.827188018320433516e-11 1.815217984186613575e-11 2.180199042831214701e-11 2.712618716642096205e-11 3.236524787109236449e-11 3.450135691521136855e-11 3.774926906678750958e-11 4.245102714260062333e-11 3.458835681114941402e-11 2.508411653115984556e-11 1.278804601486208001e-11 -9.181283477985481652e-12 -1.371084626478884122e-12
-5.887673086155563174e-12 3.986930706565304508e-12 6.845763476399211438e-13 -2.792130644565786186e-12 1.610385604891965178e-12 1.746298386703556961e-12 3.849686165851803832e-12 1.065579751109106955e-11 1.555209200368333164e-11 2.160636636641267665e-11 3.025213035791875758e-11 2.817852748862253423e-11 2.770887362309051709e-11 2.835911307557446610e-11 2.967952006587760944e-11 3.335145401580011169e-11 3.816905915100839501e-11 4.317960046289746490e-11 4.673847285390552730e-11 5.324894150603815670e-11 5.697789101293260440e-11 4.374770306670738878e-11 2.825067961601828866e-11 1.444807272363000534e-11 -4.177570445936913264e-12 -5.140497739657924855e-12
-5.386238199871395275e-12 6.976260013893545291e-12 -5.301953764838778655e-14 -3.532247459163417324e-12 2.451272030090849428e-12 2.306842720242621210e-12 4.284663933273996342e-12 1.094453901896144297e-11 1.547745910907236959e-11 1.931901970596992448e-11 2.817852748862253423e-11 3.802256161713491756e-11 3.804830735683712674e-11 3.701667907046506794e-11 3.787235874268323254e-11 4.269051888217095140e-11 4.859534043615403927e-11 5.449075868833542778e-11 5.647014525029737601e-11 6.056778678222640181e-11 6.221414369960067393e-11 4.124658773026972226e-11 2.754621190236343464e-11 2.105419173497985630e-11 3.038836181789573812e-13 -3.537487960807471074e-12
-3.103309885417128084e-12 7.007956588111876574e-12 -1.554544259390754290e-12 -4.647532415172141404e-12 2.414925977538763298e-12 3.144089013598257575e-12 5.331547051353667087e-12 9.854584742116169568e-12 1.527421625701198923e-11 1.910388502398101047e-11 2.770887362309051709e-11 3.804830735683712674e-11 5.153882095286816804e-11 5.381497083051455680e-11 5.491407981297183717e-11 6.022016285163712794e-11 6.798082773305666115e-11 7.449513634265959267e-11 7.628713732615340974e-11 7.777208719769702220e-11 7.362750212018533735e-11 4.147403181017019953e-11 1.661397235045875756e-11 1.325263141966994445e-11 -2.972369986903319019e-12 -6.751251267694240122e-12
-5.660589031234852520e-12 1.518943987693204095e-12 -6.505236601340879476e-12 -6.427358153426304813e-12 2.100686752547162292e-12 2.014655662682526753e-12 4.620885061446196225e-12 9.203810995369794230e-12 1.445234698735001756e-11 1.827188018320433516e-11 2.835911307557446610e-11 3.701667907046506794e-11 5.381497083051455680e-11 7.342352123916566473e-11 8.012916541104777430e-11 8.723970595101542292e-11 9.957398841118323649e-11 1.121623691894697076e-10 1.183672088708268151e-10 1.226912499343252483e-10 1.153178343892067916e-10 7.330266974220165114e-11 1.821078461587775923e-11 -3.324341613714709955e-12 -2.742820784816041523e-11 -2.706175648786480885e-11
-1.127824442727573133e-11 -4.691551218053786387e-12 -9.124278102600044433e-12 -8.442340422378255890e-12 1.878741202410725419e-12 7.171810723078619306e-13 5.467431749497575483e-12 7.591008987383357239e-12 1.400208850699995182e-11 1.815217984186613575e-11 2.967952006587760944e-11 3.787235874268323254e-11 5.491407981297183717e-11 8.012916541104777430e-11 1.058317009136317499e-10 1.209531481884897636e-10 1.387942140672529205e-10 1.595681554091239696e-10 1.732827720418063729e-10 1.833333664473638771e-10 1.821066605089282124e-10 1.288805380217984699e-10 3.588757602809534597e-11 -1.330008151056790811e-11 -3.976052837199489715e-11 -2.765409127206985817e-11
-1.451678538803140674e-11 -7.242227616624956010e-12 -9.154188921230572662e-12 -9.772467362114656167e-12 1.226983098744851830e-12 5.012599765645804353e-13 6.599846971646070862e-12 9.233255712216763470e-12 1.642666212600387719e-11 2.180199042831214701e-11 3.335145401580011169e-11 4.269051888217095140e-11 6.022016285163712794e-11 8.723970595101542292e-11 1.209531481884897636e-10 1.605961545540122636e-10 1.932351835967598251e-10 2.253998197370298914e-10 2.456725488076201052e-10 2.605289350974256330e-10 2.666855031146332555e-10 2.061594787938657950e-10 7.986641328262307947e-11 1.035320869406304456e-11 -4.219756219186693589e-11 -4.593960025801423509e-11
-1.655611745233386918e-11 -1.005888189567298867e-11 -9.062636208619776606e-12 -1.081243311966970224e-11 4.486155310931603824e-12 6.297710403325961431e-13 7.563598275039696204e-12 1.200093242446831030e-11 2.226815057548031134e-11 2.712618716642096205e-11 3.816905915100839501e-11 4.859534043615403927e-11 6.798082773305666115e-11 9.957398841118323649e-11 1.387942140672529205e-10 1.932351835967598251e-10 2.609499340014535519e-10 3.187070843601224636e-10 3.539950864565122293e-10 3.858842328370118898e-10 4.048964962234585116e-10 3.308740422558394259e-10 1.439794007520408370e-10 2.796021016059963106e-11 -5.510283570598611974e-11 -5.834764335996526040e-11
-2.248579272251650493e-11 -1.361258980694179113e-11 -8.541501205169088192e-12 -1.398645616170492672e-11 5.936989989421053183e-12 -7.446159672035163818e-13 6.468223131759173761e-12 1.387541690211244691e-11 2.756426675205906801e-11 3.236524787109236449e-11 4.317960046289746490e-11 5.449075868833542778e-11 7.449513634265959267e-11 1.121623691894697076e-10 1.595681554091239696e-10 2.253998197370298914e-10 3.187070843601224636e-10 4.237616810331516670e-10 4.947705915852957597e-10 5.541394132294674524e-10 5.924726925101586799e-10 5.090331546017363595e-10 2.401819502347490944e-10 4.593726372785500886e-11 -8.007273162811946325e-11 -8.946268344058115630e-11
-3.433746702493968225e-11 -1.805886514183016590e-11 -9.940046814877487542e-12 -2.133290481528313970e-11 3.168455243786008501e-12 -4.307973641343251115e-12 4.158989512803934302e-12 1.121141711730194123e-11 2.675470863301684509e-11 3.450135691521136855e-11 4.673847285390552730e-11 5.647014525029737601e-11 7.628713732615340974e-11 1.183672088708268151e-10 1.732827720418063729e-10 2.456725488076201052e-10 3.539950864565122293e-10 4.947705915852957597e-10 6.395114012092556775e-10 7.607021661448374033e-10 8.333277132313562371e-10 7.534528656624231524e-10 3.993382929154228028e-10 9.319489798686769383e-11 -1.027197637256414207e-10 -1.509986487001402142e-10
-4.083776187771538124e-11 -1.994503815578360781e-11 1.561264889396543944e-12 -2.579081802643104693e-11 2.102039448010201570e-12 -2.450035449035797937e-12 6.910079725080153538e-12 1.295649419945164414e-11 2.890170768104888052e-11 3.774926906678750958e-11 5.324894150603815670e-11 6.056778678222640181e-11 7.777208719769702220e-11 1.226912499343252483e-10 1.833333664473638771e-10 2.605289350974256330e-10 3.858842328370118898e-10 5.541394132294674524e-10 7.607021661448374033e-10 1.015795104317531697e-09 1.197353479121190908e-09 1.171665661744198054e-09 7.445651633615166243e-10 2.423354379705666165e-10 -8.179456079126001494e-11 -1.865209615669145642e-10
-4.163470906894486453e-11 -2.837203431768812597e-11 1.246586250476175182e-11 -2.050252453220307863e-11 -3.640052335856041905e-13 3.171439483784213581e-12 9.039337694950510704e-12 1.386749452873929914e-11 3.326901223698601459e-11 4.245102714260062333e-11 5.697789101293260440e-11 6.221414369960067393e-11 7.362750212018533735e-11 1.153178343892067916e-10 1.821066605089282124e-10 2.666855031146332555e-10 4.048964962234585116e-10 5.924726925101586799e-10 8.333277132313562371e-10 1.197353479121190908e-09 1.557686795282321206e-09 1.653618473835725972e-09 1.194607252643637004e-09 4.846648961139055546e-10 -3.265949760419820753e-11 -2.103838984173994111e-10
-4.720564308303374991e-11 -3.630749963372320311e-11 2.328148781272674436e-11 -1.714627449511509941e-11 -4.836521574899469863e-12 2.531673646415006437e-12 7.293393165023952710e-12 9.250871630428340731e-12 2.447746438105874245e-11 3.458835681114941402e-11 4.374770306670738878e-11 4.124658773026972226e-11 4.147403181017019953e-11 7.330266974220165114e-11 1.288805380217984699e-10 2.061594787938657950e-10 3.308740422558394259e-10 5.090331546017363595e-10 7.534528656624231524e-10 1.171665661744198054e-09 1.653618473835725972e-09 1.986555645728505980e-09 1.652157578287311358e-09 8.171722252638774064e-10 5.142085615895016538e-11 -1.838587872809466249e-10
-3.954226323683922630e-11 -1.783721162595418052e-11 3.566825996968489858e-11 -1.470351844520635451e-11 -1.151162689120252678e-11 4.321151334160143151e-12 9.055309444224832364e-12 1.012510032683742777e-11 1.672397818328408595e-11 2.508411653115984556e-11 2.825067961601828866e-11 2.754621190236343464e-11 1.661397235045875756e-11 1.821078461587775923e-11 3.588757602809534597e-11 7.986641328262307947e-11 1.439794007520408370e-10 2.401819502347490944e-10 3.993382929154228028e-10 7.445651633615166243e-10 1.194607252643637004e-09 1.652157578287311358e-09 1.749922188659235484e-09 1.175937146609476724e-09 2.704940468499612028e-10 -1.086477305188695531e-10
-4.009777538002329517e-11 2.430244966533912652e-12 2.244424135058095187e-11 -1.332102412010274310e-11 -1.031259309482803904e-11 4.252867890669906180e-12 4.016269610934492825e-12 8.370029576731737537e-12 8.500699461379038610e-12 1.278804601486208001e-11 1.444807272363000534e-11 2.105419173497985630e-11 1.325263141966994445e-11 -3.324341613714709955e-12 -1.330008151056790811e-11 1.035320869406304456e-11 2.796021016059963106e-11 4.593726372785500886e-11 9.319489798686769383e-11 2.423354379705666165e-10 4.846648961139055546e-10 8.171722252638774064e-10 1.175937146609476724e-09 1.277093671105397014e-09 7.368820799775636609e-10 1.416085049302094784e-10
-1.245366786158972829e-11 -3.065097225356486318e-13 -2.609854709053705182e-12 -2.150513542034306764e-11 -1.341789565460385376e-11 1.985717969892524221e-12 -5.293935980178379298e-12 -8.320276897759786483e-12 -1.012863627615295267e-11 -9.181283477985481652e-12 -4.177570445936913264e-12 3.038836181789573812e-13 -2.972369986903319019e-12 -2.742820784816041523e-11 -3.976052837199489715e-11 -4.219756219186693589e-11 -5.510283570598611974e-11 -8.007273162811946325e-11 -1.027197637256414207e-10 -8.179456079126001494e-11 -3.265949760419820753e-11 5.142085615895016538e-11 2.704940468499612028e-10 7.368820799775636609e-10 1.180070138094607081e-09 7.449035507659661212e-10
1.302138866567023326e-11 -1.072460194130221532e-11 1.115120130619212738e-11 -3.022769869476726412e-12 -6.464613398713248866e-12 -1.356499791366082567e-11 -9.430195191322988063e-12 -1.095830239614546359e-11 -1.331712761095405685e-12 -1.371084626478884122e-12 -5.140497739657924855e-12 -3.537487960807471074e-12 -6.751251267694240122e-12 -2.706175648786480885e-11 -2.765409127206985817e-11 -4.593960025801423509e-11 -5.834764335996526040e-11 -8.946268344058115630e-11 -1.509986487001402142e-10 -1.865209615669145642e-10 -2.103838984173994111e-10 -1.838587872809466249e-10 -1.086477305188695531e-10 1.416085049302094784e-10 7.449035507659661212e-10 1.184476722067011748e-09
