8.013437071567531007e-11 2.237210748920254434e-11 1.285154615477503610e-11 6.103773444234272365e-12 2.459719807283829993e-12 9.180448829214292817e-13 -6.747298928217201178e-13 -1.147722136714253394e-13 1.224813281174920280e-14 1.647191390706117486e-12 1.245635560065181543e-12 2.774597626601422225e-12 7.269371324316148735e-14 7.097485738682908711e-13 -2.610060447122705296e-12 -7.047942161368815965e-12 -5.704399216071771295e-12 -1.180911225867802546e-13 3.235301153020988012e-12 1.035805090635583731e-11 7.360267150516928177e-12 7.774456439400652978e-12 1.184929764379881745e-11 9.998256992495715433e-12 -6.804482326712452317e-12 -9.337925805787412751e-12
2.237210748920254434e-11 4.808662128419033290e-11 1.133278651190758381e-11 6.272674906788402464e-12 3.381942144772960543e-12 2.300629834179724052e-12 1.058357022376550108e-13 -1.103858917618441040e-12 -9.100375621635869315e-13 -2.350391694176251272e-12 -4.088868312781039015e-12 -1.473994060083510167e-12 -8.055797956536591119e-13 1.488539805902799951e-12 3.181963936305927380e-12 5.818996436175725953e-12 8.935211076490039116e-12 1.506127643741464346e-11 1.845771151541612688e-11 2.066825022112202081e-11 1.716697169705813910e-11 1.754066240749480512e-11 2.297015676458393503e-11 3.084928306620070725e-11 9.700993737145701724e-12 -4.360180481150190422e-12
1.285154615477503610e-11 1.133278651190758381e-11 3.778959623768775657e-11 1.261551295753417783e-11 3.137631414245662737e-12 3.954560586457614699e-12 1.416302951348163257e-12 -1.462195846528466753e-12 1.688148887810662962e-13 -5.599252825800980648e-13 -2.300412294930073917e-12 -7.050214029489872960e-13 -5.522025604054672637e-14 1.180105671098668157e-13 -3.899424623117428613e-14 -2.896625997660380687e-12 -1.711232921518937460e-12 1.940521506082171048e-13 -1.515004218873453343e-13 7.863122816034843186e-13 2.617617415586626100e-12 8.941112616753214833e-12 1.927750152841192118e-11 2.317614281144288443e-11 5.047424449016665680e-12 5.920678407404693507e-12
6.103773444234272365e-12 6.272674906788402464e-12 1.261551295753417783e-11 2.797495633100893611e-11 1.083364978364532084e-11 7.079372300478499013e-12 4.760465699732612809e-12 2.736439072246850371e-12 3.926901758077202556e-12 3.476385908181182137e-12 1.659222509410280593e-12 1.013919688667236669e-12 -1.241192207185049878e-12 -1.060782961900359632e-12 4.576175040480413696e-13 1.420256008164983668e-12 4.273467829558669421e-12 5.246774522911397685e-12 1.159075177280684115e-11 1.610549093924549812e-11 1.942514680535099347e-11 2.535664017766018073e-11 2.717319867584227082e-11 1.917616910469693564e-11 7.195352942444807054e-12 -8.616770118221554489e-12
2.459719807283829993e-12 3.381942144772960543e-12 3.137631414245662737e-12 1.083364978364532084e-11 2.711291351893529739e-11 1.226113212851760645e-11 8.822311942877616379e-12 6.525751215668455590e-12 6.761898617567179693e-12 7.452069116896659699e-12 3.857242828752158957e-12 3.784957756603052820e-12 2.469899061176363266e-12 4.448347549207636020e-12 5.547402266699011596e-12 5.751030452566802671e-12 6.476943972296115344e-12 6.909372423761963319e-12 9.180714599438712511e-12 1.335665939443611200e-11 1.326286288546258624e-11 1.074520382324916528e-11 1.526409460524568790e-11 1.668477084396080634e-11 2.008026495222389723e-11 6.443071320638243397e-12
9.180448829214292817e-13 2.300629834179724052e-12 3.954560586457614699e-12 7.079372300478499013e-12 1.226113212851760645e-11 2.256219873395938971e-11 1.326510809347305375e-11 7.672637880925520733e-12 7.636569726663756153e-12 7.626290109299816606e-12 5.961973103499404204e-12 6.721833563817350842e-12 3.801164132351140260e-12 4.650601641019328098e-12 5.249069030422348458e-12 5.622195715040716315e-12 1.011551390569533220e-11 1.271558607676788823e-11 1.713847390589076957e-11 2.265703072694840137e-11 2.714161527124078614e-11 2.457127696367818201e-11 2.827901706793916723e-11 2.670054427290010880e-11 1.261956929148903944e-11 -1.184751143718125909e-12
-6.747298928217201178e-13 1.058357022376550108e-13 1.416302951348163257e-12 4.760465699732612809e-12 8.822311942877616379e-12 1.326510809347305375e-11 2.201651558005882766e-11 1.384762510949275706e-11 1.198427435146228475e-11 1.177816058645237122e-11 9.512234126312411816e-12 9.585547453048321537e-12 7.528498536328886781e-12 8.757687085946631097e-12 9.372602308917498529e-12 8.720959924303456558e-12 1.114632695164245201e-11 1.108250071426045773e-11 1.334828852501667551e-11 1.443266273977271103e-11 1.289718765013999765e-11 5.782066825050465292e-12 9.380521670458745173e-12 1.384047447695876778e-11 2.812265241125510884e-13 -2.300102903747005796e-11
-1.147722136714253394e-13 -1.103858917618441040e-12 -1.462195846528466753e-12 2.736439072246850371e-12 6.525751215668455590e-12 7.672637880925520733e-12 1.384762510949275706e-11 2.207440673404745392e-11 1.632790622355816188e-11 1.402006775067783651e-11 1.124872336084833769e-11 8.850570620649851784e-12 5.719709812534796478e-12 6.728221671384231922e-12 8.300467246302503974e-12 9.054405369598625048e-12 1.327693304290572930e-11 1.524383211985084764e-11 1.782745907245198556e-11 2.064571745486654825e-11 1.934246750115552350e-11 1.506893936885268313e-11 1.194992548217062634e-11 9.914340441776337763e-12 3.140997218562993220e-12 -1.356372880283910208e-11
1.224813281174920280e-14 -9.100375621635869315e-13 1.688148887810662962e-13 3.926901758077202556e-12 6.761898617567179693e-12 7.636569726663756153e-12 1.198427435146228475e-11 1.632790622355816188e-11 2.232982503009881918e-11 1.852773712553640515e-11 1.515698869880914030e-11 1.161651921768947208e-11 1.040997037702900228e-11 1.268199878899918488e-11 1.455991771516981743e-11 1.643674291369623742e-11 2.082344178636414914e-11 2.424632333830351341e-11 2.831021008119318812e-11 3.015282078946892493e-11 2.675830748734421931e-11 1.745977948744346521e-11 1.079428032212479825e-11 1.050848261246268677e-11 3.502660226952239616e-12 -8.410759013791892776e-12
1.647191390706117486e-12 -2.350391694176251272e-12 -5.599252825800980648e-13 3.476385908181182137e-12 7.452069116896659699e-12 7.626290109299816606e-12 1.177816058645237122e-11 1.402006775067783651e-11 1.852773712553640515e-11 2.572139759006494214e-11 2.167959498687864899e-11 1.767290916426927550e-11 1.570035237121686564e-11 1.704288355726914267e-11 1.673139767061211689e-11 1.799302156191204553e-11 2.042239484660358364e-11 2.482236646532527432e-11 2.944181066380459803e-11 3.195041961880223543e-11 3.119338906846435884e-11 1.965884979987598579e-11 1.151924868193450171e-11 1.416746306811273231e-11 1.165938411083550207e-11 -3.733501493836530088e-12
1.245635560065181543e-12 -4.088868312781039015e-12 -2.300412294930073917e-12 1.659222509410280593e-12 3.857242828752158957e-12 5.961973103499404204e-12 9.512234126312411816e-12 1.124872336084833769e-11 1.515698869880914030e-11 2.167959498687864899e-11 2.861463899531684059e-11 2.517443451166124934e-11 2.008880252605505719e-11 1.958135733043054669e-11 2.062172465735154928e-11 2.389519263146629944e-11 2.807001867406747505e-11 3.428934267332717717e-11 3.996548333980625000e-11 4.297504457196915493e-11 4.328634877990248273e-11 3.109902545377890275e-11 1.879418345956692233e-11 1.834696677515760485e-11 1.195584615284494998e-11 -1.925833914407005450e-12
2.774597626601422225e-12 -1.473994060083510167e-12 -7.050214029489872960e-13 1.013919688667236669e-12 3.784957756603052820e-12 6.721833563817350842e-12 9.585547453048321537e-12 8.850570620649851784e-12 1.161651921768947208e-11 1.767290916426927550e-11 2.517443451166124934e-11 3.400196548909899322e-11 2.967659579256384076e-11 2.957327087163023073e-11 3.066102849071409933e-11 3.426091036459627750e-11 3.909018301615176761e-11 4.567113984924047970e-11 5.300260430698783321e-11 5.753340492017399648e-11 5.782534955805716681e-11 3.472678335098499631e-11 1.167322395052893845e-11 7.920994340955258866e-12 2.743169132602878142e-12 -3.245931892256211441e-13
7.269371324316148735e-14 -8.055797956536591119e-13 -5.522025604054672637e-14 -1.241192207185049878e-12 2.469899061176363266e-12 3.801164132351140260e-12 7.528498536328886781e-12 5.719709812534796478e-12 1.040997037702900228e-11 1.570035237121686564e-11 2.008880252605505719e-11 2.967659579256384076e-11 3.938397591701161717e-11 4.391179528341471779e-11 4.466242857122504611e-11 4.857090818272538067e-11 5.001208283537455084e-11 5.575739696694142932e-11 6.511229667660931587e-11 6.867303254413292556e-11 6.281867254659839463e-11 2.924006557185618749e-11 1.378016912919038524e-12 -1.437966588459208645e-12 -3.374976418689857726e-12 -2.239918334097324556e-12
7.097485738682908711e-13 1.488539805902799951e-12 1.180105671098668157e-13 -1.060782961900359632e-12 4.448347549207636020e-12 4.650601641019328098e-12 8.757687085946631097e-12 6.728221671384231922e-12 1.268199878899918488e-11 1.704288355726914267e-11 1.958135733043054669e-11 2.957327087163023073e-11 4.391179528341471779e-11 6.335314895570758814e-11 6.772905587245984490e-11 7.343135690385541458e-11 7.396182668667130942e-11 8.429707688890826886e-11 9.758464229508453919e-11 1.046485106254390301e-10 9.435918700392022886e-11 4.385049263849756325e-11 2.376452476864091346e-12 -1.751785792154121763e-12 -2.820809165919232139e-13 -1.100925539003880274e-12
-2.610060447122705296e-12 3.181963936305927380e-12 -3.899424623117428613e-14 4.576175040480413696e-13 5.547402266699011596e-12 5.249069030422348458e-12 9.372602308917498529e-12 8.300467246302503974e-12 1.455991771516981743e-11 1.673139767061211689e-11 2.062172465735154928e-11 3.066102849071409933e-11 4.466242857122504611e-11 6.772905587245984490e-11 8.671322292279994072e-11 9.848409859785921737e-11 1.017248753384142082e-10 1.163079198644971123e-10 1.327585441526660066e-10 1.447262296410073193e-10 1.351793856749931503e-10 7.437457254243188110e-11 1.876728877232015110e-11 2.029186852257171883e-12 -7.749478818245871119e-12 -9.048456433839688592e-12
-7.047942161368815965e-12 5.818996436175725953e-12 -2.896625997660380687e-12 1.420256008164983668e-12 5.751030452566802671e-12 5.622195715040716315e-12 8.720959924303456558e-12 9.054405369598625048e-12 1.643674291369623742e-11 1.799302156191204553e-11 2.389519263146629944e-11 3.426091036459627750e-11 4.857090818272538067e-11 7.343135690385541458e-11 9.848409859785921737e-11 1.307399746502009813e-10 1.428773194960729688e-10 1.621257244048738133e-10 1.816396927169887382e-10 1.952031813351974202e-10 1.861164286200009292e-10 1.110484399618220456e-10 3.165331691565056788e-11 7.579467883637164895e-12 -4.088656325151186207e-12 -5.107486461078415051e-12
-5.704399216071771295e-12 8.935211076490039116e-12 -1.711232921518937460e-12 4.273467829558669421e-12 6.476943972296115344e-12 1.011551390569533220e-11 1.114632695164245201e-11 1.327693304290572930e-11 2.082344178636414914e-11 2.042239484660358364e-11 2.807001867406747505e-11 3.909018301615176761e-11 5.001208283537455084e-11 7.396182668667130942e-11 1.017248753384142082e-10 1.428773194960729688e-10 1.842231640473268567e-10 2.163919401312969284e-10 2.433389309941886361e-10 2.654317731726721859e-10 2.585370670419352263e-10 1.749888942361315557e-10 6.964177402794295708e-11 1.608664452593040087e-11 -1.785622964612724048e-11 -8.677608292244343314e-12
-1.180911225867802546e-13 1.506127643741464346e-11 1.940521506082171048e-13 5.246774522911397685e-12 6.909372423761963319e-12 1.271558607676788823e-11 1.108250071426045773e-11 1.524383211985084764e-11 2.424632333830351341e-11 2.482236646532527432e-11 3.428934267332717717e-11 4.567113984924047970e-11 5.575739696694142932e-11 8.429707688890826886e-11 1.163079198644971123e-10 1.621257244048738133e-10 2.163919401312969284e-10 2.842308847391052936e-10 3.300891813709758803e-10 3.587928349749866505e-10 3.477928780780923274e-10 2.476787880475495109e-10 1.069955066464830038e-10 2.839476011599449976e-11 -1.189100132856006831e-11 4.187575414118477007e-12
3.235301153020988012e-12 1.845771151541612688e-11 -1.515004218873453343e-13 1.159075177280684115e-11 9.180714599438712511e-12 1.713847390589076957e-11 1.334828852501667551e-11 1.782745907245198556e-11 2.831021008119318812e-11 2.944181066380459803e-11 3.996548333980625000e-11 5.300260430698783321e-11 6.511229667660931587e-11 9.758464229508453919e-11 1.327585441526660066e-10 1.816396927169887382e-10 2.433389309941886361e-10 3.300891813709758803e-10 4.239818734177066232e-10 4.841611294765419925e-10 4.808817725639288443e-10 3.690556480467806678e-10 1.852258530772939473e-10 4.746253309242700830e-11 -2.606149730812656487e-11 -9.993551360166551302e-12
1.035805090635583731e-11 2.066825022112202081e-11 7.863122816034843186e-13 1.610549093924549812e-11 1.335665939443611200e-11 2.265703072694840137e-11 1.443266273977271103e-11 2.064571745486654825e-11 3.015282078946892493e-11 3.195041961880223543e-11 4.297504457196915493e-11 5.753340492017399648e-11 6.867303254413292556e-11 1.046485106254390301e-10 1.447262296410073193e-10 1.952031813351974202e-10 2.654317731726721859e-10 3.587928349749866505e-10 4.841611294765419925e-10 6.169671057838440184e-10 6.534650899511570164e-10 5.515925195505094469e-10 3.321270286894878026e-10 9.090404253963074810e-11 -5.641615576437105768e-11 -3.313068872133190850e-11
7.360267150516928177e-12 1.716697169705813910e-11 2.617617415586626100e-12 1.942514680535099347e-11 1.326286288546258624e-11 2.714161527124078614e-11 1.289718765013999765e-11 1.934246750115552350e-11 2.675830748734421931e-11 3.119338906846435884e-11 4.328634877990248273e-11 5.782534955805716681e-11 6.281867254659839463e-11 9.435918700392022886e-11 1.351793856749931503e-10 1.861164286200009292e-10 2.585370670419352263e-10 3.477928780780923274e-10 4.808817725639288443e-10 6.534650899511570164e-10 7.764373188762653281e-10 7.282330638805556753e-10 4.970281219208341398e-10 1.516874990078383173e-10 -8.473679027712068330e-11 -6.511197752685696755e-11
7.774456439400652978e-12 1.754066240749480512e-11 8.941112616753214833e-12 2.535664017766018073e-11 1.074520382324916528e-11 2.457127696367818201e-11 5.782066825050465292e-12 1.506893936885268313e-11 1.745977948744346521e-11 1.965884979987598579e-11 3.109902545377890275e-11 3.472678335098499631e-11 2.924006557185618749e-11 4.385049263849756325e-11 7.437457254243188110e-11 1.110484399618220456e-10 1.749888942361315557e-10 2.476787880475495109e-10 3.690556480467806678e-10 5.515925195505094469e-10 7.282330638805556753e-10 8.256167818474935423e-10 6.706395706658148594e-10 2.656434469742805823e-10 -8.015606571635338465e-11 -7.970658676583825104e-11
1.184929764379881745e-11 2.297015676458393503e-11 1.927750152841192118e-11 2.717319867584227082e-11 1.526409460524568790e-11 2.827901706793916723e-11 9.380521670458745173e-12 1.194992548217062634e-11 1.079428032212479825e-11 1.151924868193450171e-11 1.879418345956692233e-11 1.167322395052893845e-11 1.378016912919038524e-12 2.376452476864091346e-12 1.876728877232015110e-11 3.165331691565056788e-11 6.964177402794295708e-11 1.069955066464830038e-10 1.852258530772939473e-10 3.321270286894878026e-10 4.970281219208341398e-10 6.706395706658148594e-10 7.299679906284969511e-10 4.439201488335850182e-10 2.233983210038425502e-11 -7.999876661855790092e-11
9.998256992495715433e-12 3.084928306620070725e-11 2.317614281144288443e-11 1.917616910469693564e-11 1.668477084396080634e-11 2.670054427290010880e-11 1.384047447695876778e-11 9.914340441776337763e-12 1.050848261246268677e-11 1.416746306811273231e-11 1.834696677515760485e-11 7.920994340955258866e-12 -1.437966588459208645e-12 -1.751785792154121763e-12 2.029186852257171883e-12 7.579467883637164895e-12 1.608664452593040087e-11 2.839476011599449976e-11 4.746253309242700830e-11 9.090404253963074810e-11 1.516874990078383173e-10 2.656434469742805823e-10 4.439201488335850182e-10 5.433590901840847572e-10 3.224735428371695567e-10 2.640419412484977701e-11
-6.804482326712452317e-12 9.700993737145701724e-12 5.047424449016665680e-12 7.195352942444807054e-12 2.008026495222389723e-11 1.261956929148903944e-11 2.812265241125510884e-13 3.140997218562993220e-12 3.502660226952239616e-12 1.165938411083550207e-11 1.195584615284494998e-11 2.743169132602878142e-12 -3.374976418689857726e-12 -2.820809165919232139e-13 -7.749478818245871119e-12 -4.088656325151186207e-12 -1.785622964612724048e-11 -1.189100132856006831e-11 -2.606149730812656487e-11 -5.641615576437105768e-11 -8.473679027712068330e-11 -8.015606571635338465e-11 2.233983210038425502e-11 3.224735428371695567e-10 5.939107019087197652e-10 3.316002805083651235e-10
-9.337925805787412751e-12 -4.360180481150190422e-12 5.920678407404693507e-12 -8.616770118221554489e-12 6.443071320638243397e-12 -1.184751143718125909e-12 -2.300102903747005796e-11 -1.356372880283910208e-11 -8.410759013791892776e-12 -3.733501493836530088e-12 -1.925833914407005450e-12 -3.245931892256211441e-13 -2.239918334097324556e-12 -1.100925539003880274e-12 -9.048456433839688592e-12 -5.107486461078415051e-12 -8.677608292244343314e-12 4.187575414118477007e-12 -9.993551360166551302e-12 -3.313068872133190850e-11 -6.511197752685696755e-11 -7.970658676583825104e-11 -7.999876661855790092e-11 2.640419412484977701e-11 3.316002805083651235e-10 5.690357686319196853e-10
