5.200775727289707602e-11 1.053769436950094954e-11 5.542262526441830836e-12 5.769529814933009042e-12 6.018212018473912532e-12 3.895877869997110823e-12 2.467062360633304119e-12 9.362210505039691016e-13 -2.934131654450089405e-12 -3.456831469671856203e-12 -3.780051650304932758e-12 -2.703340455532901992e-12 4.521734311083867624e-13 2.399805788941430518e-12 3.374042896960718394e-12 5.915377192924266529e-12 8.716038730310557853e-12 7.407994520993704193e-12 2.877891388802859913e-12 -1.051093122208057682e-13 1.260011260137133056e-12 -3.580576165608423050e-13 -4.956009168463743131e-12 -4.901153112837336363e-12 4.813565479407439507e-12 1.425405025745846582e-11
1.053769436950094954e-11 3.944233745705108654e-11 7.042734157480350783e-12 5.087145502802212877e-12 6.786586895759013386e-12 4.055903991975323777e-12 2.738969289314153681e-12 2.897214926860842497e-12 3.208339287709710512e-12 7.265525000445745521e-13 4.610103354644032915e-13 -8.091043582714042912e-13 -1.946467717316474573e-12 -6.660120069033202265e-12 -7.524097345319222712e-12 -7.540627423741974689e-12 -5.773312640490617859e-12 -4.366073007353759147e-12 -1.037249862369731584e-11 -1.694302612361649816e-11 -1.696414577383101462e-11 -1.694904209911909773e-11 -8.401481789045731655e-12 -2.785840986817477380e-12 -9.185295973101083057e-12 -1.196665269441889937e-11
5.542262526441830836e-12 7.042734157480350783e-12 3.538790401095524323e-11 1.069720399152543525e-11 4.344943185529666772e-12 2.697022193567752893e-12 1.323261464032361621e-13 -7.075916585871975726e-13 -1.366915624049113370e-12 2.921359410519925451e-13 -1.131895820601093354e-12 -8.036137884870433746e-13 -3.707596897715569715e-14 -2.376749603986891925e-12 -1.618923582828332482e-12 -1.811905180768944538e-12 -1.988271404434923572e-12 -2.833780821709404982e-12 -4.076679154427800345e-12 -3.551301927512452386e-12 -1.355700465898305781e-12 9.699154885312264314e-13 4.606083080800367217e-12 4.909280954919453132e-12 5.627775446908232601e-12 8.164333649808089145e-12
5.769529814933009042e-12 5.087145502802212877e-12 1.069720399152543525e-11 2.779863319716635033e-11 1.081471634229476867e-11 4.011481475291076124e-12 2.207939770149811385e-12 1.810077556836658715e-13 -3.013977483480582901e-13 -1.481571044042675235e-12 -3.132507460596357716e-13 9.620640472055029377e-13 -2.913224532527440880e-13 -3.271295120436996908e-13 3.943559432812167226e-13 -7.847890718476484134e-13 -3.786357116673063165e-12 -5.357628879620748253e-12 -5.843355017694030445e-12 -4.807842016428560417e-12 -5.528914485389696539e-12 -8.745860185414708940e-12 -5.669266590859542545e-12 8.038462854744322161e-13 5.469758532792691913e-12 1.289861981032776042e-11
6.018212018473912532e-12 6.786586895759013386e-12 4.344943185529666772e-12 1.081471634229476867e-11 2.361584831787268068e-11 1.158479818069283331e-11 6.615988294585138983e-12 2.954570595356860682e-12 1.931918693379292995e-12 -7.175751219561333410e-13 5.668992683100293719e-14 -1.948422287615480123e-14 6.723749123243657867e-13 1.040239128674396985e-12 2.553935654754049857e-13 -5.400545064313933597e-13 -3.867416950700407560e-13 1.555257430549056025e-12 2.476952241719779441e-12 3.153528895457124848e-12 1.989776205711265971e-12 -1.521066634347680095e-12 1.722286374683498443e-14 1.201727492935502491e-13 6.259974010920500565e-12 9.801633270066153182e-12
3.895877869997110823e-12 4.055903991975323777e-12 2.697022193567752893e-12 4.011481475291076124e-12 1.158479818069283331e-11 2.078223579566810654e-11 1.088064852855964014e-11 7.305598171664481066e-12 6.022211396670103709e-12 3.212554297482218257e-12 2.363074999444943235e-12 8.289917207952673424e-13 1.971091749197558505e-12 3.156344707571612424e-12 3.395446466675600476e-12 3.630131861790159751e-12 4.258570753710963789e-12 5.918873271528578711e-12 5.510707533308896207e-12 5.138675374567664669e-12 4.175064245422974818e-12 1.473919290921677474e-13 -7.969098470218649449e-13 -6.115786524704520774e-13 -8.841141311232759887e-13 4.273551333855085646e-12
2.467062360633304119e-12 2.738969289314153681e-12 1.323261464032361621e-13 2.207939770149811385e-12 6.615988294585138983e-12 1.088064852855964014e-11 1.492342427041888503e-11 1.046065592524482451e-11 8.017100394897415290e-12 5.825301372479097829e-12 4.959067324035750817e-12 3.945448538180990858e-12 4.007209050678702201e-12 5.726080909114142043e-12 4.726327592407326872e-12 4.949793257089705166e-12 5.950377179154274632e-12 8.404558274598615555e-12 9.085958506098226833e-12 9.311817364643305636e-12 7.975666373909069547e-12 1.768510775520606745e-12 -5.273842888539697088e-12 -8.631094138454059633e-12 -4.940563114868277348e-12 7.103143735677931440e-13
9.362210505039691016e-13 2.897214926860842497e-12 -7.075916585871975726e-13 1.810077556836658715e-13 2.954570595356860682e-12 7.305598171664481066e-12 1.046065592524482451e-11 1.642720814116005406e-11 1.129884668641460108e-11 8.932199164588856591e-12 7.413682281024812473e-12 6.361905783952895944e-12 5.984297679378750172e-12 6.534638068411036499e-12 6.654763352878594312e-12 7.951352534726716944e-12 9.870252395468480891e-12 1.159694007390787693e-11 1.314473014175683779e-11 1.404769228946979694e-11 1.326260502699295610e-11 6.644068854312362866e-12 -1.399703003285239587e-12 -6.395492795260448400e-12 -4.039690447001757433e-12 -4.241375871492334341e-13
-2.934131654450089405e-12 3.208339287709710512e-12 -1.366915624049113370e-12 -3.013977483480582901e-13 1.931918693379292995e-12 6.022211396670103709e-12 8.017100394897415290e-12 1.129884668641460108e-11 1.851390434903220130e-11 1.410437174116931241e-11 1.221710916535624875e-11 1.076626347296016069e-11 9.317311726229623160e-12 9.814010408417019471e-12 1.097590631569894060e-11 1.079105386444227294e-11 1.146147410911372693e-11 1.048634997182535475e-11 1.022855834235179399e-11 7.965831414407920965e-12 3.553875226012053732e-12 -7.392170560822877087e-12 -1.140388223289349069e-11 -8.400281509128914566e-12 -6.293162496081239971e-12 -4.228241539824400386e-12
-3.456831469671856203e-12 7.265525000445745521e-13 2.921359410519925451e-13 -1.481571044042675235e-12 -7.175751219561333410e-13 3.212554297482218257e-12 5.825301372479097829e-12 8.932199164588856591e-12 1.410437174116931241e-11 1.980701405328781428e-11 1.564723159888147114e-11 1.393102173641388231e-11 1.258972914516585697e-11 1.239924070279449236e-11 1.264844488115099194e-11 1.296942475315162013e-11 1.382817872030333495e-11 1.268429374326429777e-11 1.314633291391301215e-11 1.252590051555860459e-11 9.922887557334467652e-12 9.217407551899017056e-13 -2.592007601814399476e-12 3.613414872936876081e-13 -3.637343994750792022e-12 -6.377568978956093536e-12
-3.780051650304932758e-12 4.610103354644032915e-13 -1.131895820601093354e-12 -3.132507460596357716e-13 5.668992683100293719e-14 2.363074999444943235e-12 4.959067324035750817e-12 7.413682281024812473e-12 1.221710916535624875e-11 1.564723159888147114e-11 1.972387722688526637e-11 1.857503382106268536e-11 1.657364552921857670e-11 1.521179655812251931e-11 1.385864549440200144e-11 1.406054866494911936e-11 1.472911117612232122e-11 1.302597580031903908e-11 1.203325461330262902e-11 1.097419957311809664e-11 7.545091145060874645e-12 -3.505169453772044752e-12 -9.201557643178148268e-12 -1.051510343133291038e-12 -1.679956159068386146e-12 -4.466641416343595334e-12
-2.703340455532901992e-12 -8.091043582714042912e-13 -8.036137884870433746e-13 9.620640472055029377e-13 -1.948422287615480123e-14 8.289917207952673424e-13 3.945448538180990858e-12 6.361905783952895944e-12 1.076626347296016069e-11 1.393102173641388231e-11 1.857503382106268536e-11 2.551465130291340532e-11 2.377219687605598474e-11 2.245189015835446083e-11 2.101444329288479892e-11 2.023379727861895367e-11 1.930728881583641921e-11 1.641319331873228020e-11 1.433842488425529499e-11 1.423831697100456348e-11 1.139876551850143298e-11 -1.325398829191658303e-12 -7.450302547948505776e-12 -1.472755319859339877e-12 -5.882411971638433818e-12 -5.980347837825876064e-12
4.521734311083867624e-13 -1.946467717316474573e-12 -3.707596897715569715e-14 -2.913224532527440880e-13 6.723749123243657867e-13 1.971091749197558505e-12 4.007209050678702201e-12 5.984297679378750172e-12 9.317311726229623160e-12 1.258972914516585697e-11 1.657364552921857670e-11 2.377219687605598474e-11 3.171629616785536305e-11 3.221093623492017465e-11 3.161455980136578831e-11 3.097530492627557946e-11 3.019898837825854698e-11 2.955967641922084678e-11 2.812132313868093661e-11 2.856924040205028244e-11 2.548538753528214229e-11 6.689295864568510743e-12 -5.096321498836828049e-12 -6.438720511364117992e-13 -9.609180167592478623e-12 -1.145216459747393962e-11
2.399805788941430518e-12 -6.660120069033202265e-12 -2.376749603986891925e-12 -3.271295120436996908e-13 1.040239128674396985e-12 3.156344707571612424e-12 5.726080909114142043e-12 6.534638068411036499e-12 9.814010408417019471e-12 1.239924070279449236e-11 1.521179655812251931e-11 2.245189015835446083e-11 3.221093623492017465e-11 4.240364660077826894e-11 4.340621474525952101e-11 4.276061724050002659e-11 4.232585810469213766e-11 4.283262880131483704e-11 4.263574819630918042e-11 4.546304554090887722e-11 4.352816444060839401e-11 2.095920810427812605e-11 -1.219582081721124120e-12 -4.108518820893819373e-12 -1.486512260675924000e-11 -1.086921050612063749e-11
3.374042896960718394e-12 -7.524097345319222712e-12 -1.618923582828332482e-12 3.943559432812167226e-13 2.553935654754049857e-13 3.395446466675600476e-12 4.726327592407326872e-12 6.654763352878594312e-12 1.097590631569894060e-11 1.264844488115099194e-11 1.385864549440200144e-11 2.101444329288479892e-11 3.161455980136578831e-11 4.340621474525952101e-11 5.855194780295122601e-11 6.258579019400349001e-11 6.239802198765570691e-11 6.384462059986329000e-11 6.404854021398413949e-11 6.820820596495127292e-11 6.606723569390335723e-11 3.911727656664112539e-11 8.222804443141892600e-12 2.718996469886917148e-12 -1.655372506054270807e-11 -1.091154146492798695e-11
5.915377192924266529e-12 -7.540627423741974689e-12 -1.811905180768944538e-12 -7.847890718476484134e-13 -5.400545064313933597e-13 3.630131861790159751e-12 4.949793257089705166e-12 7.951352534726716944e-12 1.079105386444227294e-11 1.296942475315162013e-11 1.406054866494911936e-11 2.023379727861895367e-11 3.097530492627557946e-11 4.276061724050002659e-11 6.258579019400349001e-11 7.881877775422009396e-11 8.186377787861939940e-11 8.531309897736100962e-11 8.795179040958162423e-11 9.470822987985124158e-11 9.487629266702979103e-11 6.528508700624002026e-11 2.009275451202113691e-11 6.522553320709570280e-12 -2.032200222043692168e-11 -1.226804458568182886e-11
8.716038730310557853e-12 -5.773312640490617859e-12 -1.988271404434923572e-12 -3.786357116673063165e-12 -3.867416950700407560e-13 4.258570753710963789e-12 5.950377179154274632e-12 9.870252395468480891e-12 1.146147410911372693e-11 1.382817872030333495e-11 1.472911117612232122e-11 1.930728881583641921e-11 3.019898837825854698e-11 4.232585810469213766e-11 6.239802198765570691e-11 8.186377787861939940e-11 9.926093688205251639e-11 1.097503649980905761e-10 1.141731753431233933e-10 1.212493834660457134e-10 1.226479349538396396e-10 9.072502137069430425e-11 2.872208814080283463e-11 4.236823389768053359e-12 -2.480437689020013683e-11 -2.000338196665906640e-11
7.407994520993704193e-12 -4.366073007353759147e-12 -2.833780821709404982e-12 -5.357628879620748253e-12 1.555257430549056025e-12 5.918873271528578711e-12 8.404558274598615555e-12 1.159694007390787693e-11 1.048634997182535475e-11 1.268429374326429777e-11 1.302597580031903908e-11 1.641319331873228020e-11 2.955967641922084678e-11 4.283262880131483704e-11 6.384462059986329000e-11 8.531309897736100962e-11 1.097503649980905761e-10 1.426847791109666068e-10 1.552057655919931611e-10 1.643259800636209640e-10 1.674089500052618977e-10 1.326502039127658851e-10 4.824189039180862302e-11 5.717185268031636948e-12 -2.731283147318949641e-11 -2.065220266744612234e-11
2.877891388802859913e-12 -1.037249862369731584e-11 -4.076679154427800345e-12 -5.843355017694030445e-12 2.476952241719779441e-12 5.510707533308896207e-12 9.085958506098226833e-12 1.314473014175683779e-11 1.022855834235179399e-11 1.314633291391301215e-11 1.203325461330262902e-11 1.433842488425529499e-11 2.812132313868093661e-11 4.263574819630918042e-11 6.404854021398413949e-11 8.795179040958162423e-11 1.141731753431233933e-10 1.552057655919931611e-10 1.947085110946089042e-10 2.197691521308952145e-10 2.269855749487892945e-10 1.866862706812586201e-10 7.644522398851034574e-11 6.185547791492480090e-12 -2.973925228841305779e-11 -2.311892031699285571e-11
-1.051093122208057682e-13 -1.694302612361649816e-11 -3.551301927512452386e-12 -4.807842016428560417e-12 3.153528895457124848e-12 5.138675374567664669e-12 9.311817364643305636e-12 1.404769228946979694e-11 7.965831414407920965e-12 1.252590051555860459e-11 1.097419957311809664e-11 1.423831697100456348e-11 2.856924040205028244e-11 4.546304554090887722e-11 6.820820596495127292e-11 9.470822987985124158e-11 1.212493834660457134e-10 1.643259800636209640e-10 2.197691521308952145e-10 2.853465171221765681e-10 3.126571313924235953e-10 2.724253218922795620e-10 1.381400418550912036e-10 1.953020293955599680e-11 -2.998675463100254060e-11 -2.001584192378326454e-11
1.260011260137133056e-12 -1.696414577383101462e-11 -1.355700465898305781e-12 -5.528914485389696539e-12 1.989776205711265971e-12 4.175064245422974818e-12 7.975666373909069547e-12 1.326260502699295610e-11 3.553875226012053732e-12 9.922887557334467652e-12 7.545091145060874645e-12 1.139876551850143298e-11 2.548538753528214229e-11 4.352816444060839401e-11 6.606723569390335723e-11 9.487629266702979103e-11 1.226479349538396396e-10 1.674089500052618977e-10 2.269855749487892945e-10 3.126571313924235953e-10 3.951130229545479633e-10 3.849266127518820687e-10 2.442013338324184312e-10 6.548398129421963338e-11 -2.165816564005966588e-11 -1.906731346636637935e-11
-3.580576165608423050e-13 -1.694904209911909773e-11 9.699154885312264314e-13 -8.745860185414708940e-12 -1.521066634347680095e-12 1.473919290921677474e-13 1.768510775520606745e-12 6.644068854312362866e-12 -7.392170560822877087e-12 9.217407551899017056e-13 -3.505169453772044752e-12 -1.325398829191658303e-12 6.689295864568510743e-12 2.095920810427812605e-11 3.911727656664112539e-11 6.528508700624002026e-11 9.072502137069430425e-11 1.326502039127658851e-10 1.866862706812586201e-10 2.724253218922795620e-10 3.849266127518820687e-10 4.497508710509788470e-10 3.472652803850328221e-10 1.364094108124419400e-10 1.894807439528421564e-12 -4.369971883492539837e-12
-4.956009168463743131e-12 -8.401481789045731655e-12 4.606083080800367217e-12 -5.669266590859542545e-12 1.722286374683498443e-14 -7.969098470218649449e-13 -5.273842888539697088e-12 -1.399703003285239587e-12 -1.140388223289349069e-11 -2.592007601814399476e-12 -9.201557643178148268e-12 -7.450302547948505776e-12 -5.096321498836828049e-12 -1.219582081721124120e-12 8.222804443141892600e-12 2.009275451202113691e-11 2.872208814080283463e-11 4.824189039180862302e-11 7.644522398851034574e-11 1.381400418550912036e-10 2.442013338324184312e-10 3.472652803850328221e-10 3.986094382163469494e-10 2.644782557547257769e-10 7.669944833051519578e-11 5.920340862893444629e-12
-4.901153112837336363e-12 -2.785840986817477380e-12 4.909280954919453132e-12 8.038462854744322161e-13 1.201727492935502491e-13 -6.115786524704520774e-13 -8.631094138454059633e-12 -6.395492795260448400e-12 -8.400281509128914566e-12 3.613414872936876081e-13 -1.051510343133291038e-12 -1.472755319859339877e-12 -6.438720511364117992e-13 -4.108518820893819373e-12 2.718996469886917148e-12 6.522553320709570280e-12 4.236823389768053359e-12 5.717185268031636948e-12 6.185547791492480090e-12 1.953020293955599680e-11 6.548398129421963338e-11 1.364094108124419400e-10 2.644782557547257769e-10 3.242205400001966825e-10 1.852952418774258718e-10 2.873628068200596291e-11
4.813565479407439507e-12 -9.185295973101083057e-12 5.627775446908232601e-12 5.469758532792691913e-12 6.259974010920500565e-12 -8.841141311232759887e-13 -4.940563114868277348e-12 -4.039690447001757433e-12 -6.293162496081239971e-12 -3.637343994750792022e-12 -1.679956159068386146e-12 -5.882411971638433818e-12 -9.609180167592478623e-12 -1.486512260675924000e-11 -1.655372506054270807e-11 -2.032200222043692168e-11 -2.480437689020013683e-11 -2.731283147318949641e-11 -2.973925228841305779e-11 -2.998675463100254060e-11 -2.165816564005966588e-11 1.894807439528421564e-12 7.669944833051519578e-11 1.852952418774258718e-10 2.604280801841628477e-10 1.361043983766692737e-10
1.425405025745846582e-11 -1.196665269441889937e-11 8.164333649808089145e-12 1.289861981032776042e-11 9.801633270066153182e-12 4.273551333855085646e-12 7.103143735677931440e-13 -4.241375871492334341e-13 -4.228241539824400386e-12 -6.377568978956093536e-12 -4.466641416343595334e-12 -5.980347837825876064e-12 -1.145216459747393962e-11 -1.086921050612063749e-11 -1.091154146492798695e-11 -1.226804458568182886e-11 -2.000338196665906640e-11 -2.065220266744612234e-11 -2.311892031699285571e-11 -2.001584192378326454e-11 -1.906731346636637935e-11 -4.369971883492539837e-12 5.920340862893444629e-12 2.873628068200596291e-11 1.361043983766692737e-10 2.672704740197242256e-10
