9.555224581240008978e-11 2.056544487324509882e-11 4.420023864236856931e-12 5.962702879417749581e-12 8.764946650289180214e-12 6.297752705126851141e-12 4.810794232622422853e-12 6.668712250670072288e-12 3.766070652444155837e-12 4.308819535402290108e-12 1.090523008425314729e-11 1.280288350711219349e-11 1.013095313333605313e-11 5.356801501160002884e-12 1.270410604279426713e-11 1.505466517184870819e-11 4.434782089267174650e-12 2.156863470433823823e-12 9.821657839332344744e-12 2.558475214814313345e-11 3.608269659900737577e-11 1.747896082813602683e-11 -1.781258820828470730e-11 -5.047666668447676809e-11 -5.535796910278072003e-11 -5.647196588865079179e-11
2.056544487324509882e-11 6.881140234064189524e-11 1.511773359178826030e-11 6.339636639715889142e-12 3.613574841416829736e-12 4.260023979473988227e-12 -6.225179142689521382e-12 -6.501259252471606864e-12 -3.091259878235076542e-12 3.242454676129410169e-12 5.853911790941450472e-12 3.660191114294456271e-12 4.537690242725463467e-12 -1.337200534953745117e-12 -2.714755190443897919e-12 -3.550867509394490919e-12 -6.504768258554448004e-12 -1.080734726501216612e-11 -1.294753540507940287e-11 -1.945539715420905730e-11 -4.240710115553320577e-11 -5.396908954804301502e-11 -6.290545984704048382e-11 -5.449185935463150667e-11 -2.444946409302694605e-11 1.072683959662440611e-11
4.420023864236856931e-12 1.511773359178826030e-11 4.985140146817568548e-11 1.702655336948674420e-11 7.798478280120106952e-12 6.275481371934362647e-12 2.713815340144637354e-12 1.590858804887845038e-12 3.914233903033175788e-12 3.368763677709568610e-12 1.280808526441174838e-12 -8.203795944681774048e-13 9.604958270369298451e-13 6.869281014215070513e-13 -2.680631647417149744e-12 -5.099051934617650861e-12 -3.371693922960018713e-12 -2.448321805534033826e-12 -2.384694786395933548e-12 -1.092115397987733562e-11 -2.164113145612161265e-11 -2.836088565145828897e-11 -3.144515828376462754e-11 -1.892113789106210860e-11 -3.692763524386292615e-11 -5.879420675649453577e-11
5.962702879417749581e-12 6.339636639715889142e-12 1.702655336948674420e-11 3.732647175294903054e-11 1.546755502977741630e-11 1.056368431359092415e-11 6.642623151083228175e-12 7.140171936721224969e-12 6.932921183591356517e-12 7.595480389820395589e-12 8.458754532388128296e-12 7.718409597715055525e-12 6.506951070858658539e-12 6.600282857684537226e-12 1.291978039567279681e-11 1.574284907619644848e-11 1.929669710237874880e-11 2.236791147889831462e-11 2.379433177554211336e-11 2.483508005826153105e-11 2.504572029164196495e-11 2.190348472757660721e-11 1.138101968242888174e-11 1.116932740538454324e-11 -1.748494780139723132e-11 -4.273828093887527749e-11
8.764946650289180214e-12 3.613574841416829736e-12 7.798478280120106952e-12 1.546755502977741630e-11 3.448343966522464705e-11 1.720386108562199384e-11 9.882706825013175303e-12 1.013168340964597834e-11 8.631178243806921556e-12 5.454229910363893133e-12 7.853049927504925344e-12 8.706919987898408043e-12 7.272710203104857297e-12 6.501449121270076040e-12 9.847745821693756195e-12 1.495152087683480675e-11 1.740919396244623722e-11 2.167114585160048324e-11 2.812127060621897864e-11 3.420745769983811818e-11 3.757781643261776786e-11 2.509819827625333740e-11 1.641717576220584450e-11 -3.065825429429314142e-12 -2.255780032784695862e-11 -2.399934251050280234e-11
6.297752705126851141e-12 4.260023979473988227e-12 6.275481371934362647e-12 1.056368431359092415e-11 1.720386108562199384e-11 3.525139337931825280e-11 2.102974208223358904e-11 1.774012839687479991e-11 1.433910187471918514e-11 1.213182566628074323e-11 1.506769987842032765e-11 1.549786287502294417e-11 1.586052201666803336e-11 1.525384949257678242e-11 1.807797382710369776e-11 2.193158336411302285e-11 2.571727927389787557e-11 3.459298250016840852e-11 3.864401857657558433e-11 3.807118040064103951e-11 3.795654384527144540e-11 1.762449138906784628e-11 -9.393292580830561197e-12 -1.425079034672307706e-11 -1.933047443153992363e-11 3.083276699755636265e-12
4.810794232622422853e-12 -6.225179142689521382e-12 2.713815340144637354e-12 6.642623151083228175e-12 9.882706825013175303e-12 2.102974208223358904e-11 3.691888151350667433e-11 2.720920688631614496e-11 2.296902255769010637e-11 2.012429890212395501e-11 2.193028960485732211e-11 2.404712765740316773e-11 2.305352929939340097e-11 2.520410725719919698e-11 2.794642129259590303e-11 3.290734736931844900e-11 4.014258669693132817e-11 5.495876159764249576e-11 6.074080527363715739e-11 5.968789855688773235e-11 5.702396716335269658e-11 2.956404313175075618e-11 -5.625491478032805348e-12 -2.374736727421740804e-11 -4.856346115088392105e-11 -2.418434018010861215e-11
6.668712250670072288e-12 -6.501259252471606864e-12 1.590858804887845038e-12 7.140171936721224969e-12 1.013168340964597834e-11 1.774012839687479991e-11 2.720920688631614496e-11 4.506478551748722873e-11 3.459640846392849520e-11 2.999706318988246721e-11 3.124986032191433003e-11 3.331887310858789246e-11 3.313190989446197438e-11 3.743083960015079269e-11 3.745432226813487791e-11 4.479503831284144098e-11 5.482282289579559817e-11 6.904318178024486839e-11 7.666487055347680064e-11 8.155446388163232571e-11 8.298969702295851621e-11 5.165939956090058280e-11 9.212161180630910113e-12 -2.208549652858010753e-11 -5.326371716813451395e-11 -3.629482925774494935e-11
3.766070652444155837e-12 -3.091259878235076542e-12 3.914233903033175788e-12 6.932921183591356517e-12 8.631178243806921556e-12 1.433910187471918514e-11 2.296902255769010637e-11 3.459640846392849520e-11 4.298034352962800466e-11 3.545769611757001175e-11 3.194449846806968835e-11 3.121379731765889021e-11 2.963241171524002561e-11 3.296362764905538602e-11 3.394941614810355632e-11 4.033823437956762588e-11 4.883223038858610556e-11 5.979400400930206499e-11 6.123640642514293659e-11 5.874662645599665881e-11 5.321915733811914476e-11 2.175489887466933524e-11 -1.521146243108360491e-11 -3.195752811380285588e-11 -4.445221465601908588e-11 -1.616910104568177191e-11
4.308819535402290108e-12 3.242454676129410169e-12 3.368763677709568610e-12 7.595480389820395589e-12 5.454229910363893133e-12 1.213182566628074323e-11 2.012429890212395501e-11 2.999706318988246721e-11 3.545769611757001175e-11 4.333570412152629054e-11 4.241772109290967936e-11 4.184210596069100912e-11 4.272191132736224650e-11 4.557605140237045513e-11 4.931439494620399818e-11 5.755656890464232456e-11 6.644835791147945684e-11 7.909527765259037713e-11 8.514135295301682805e-11 8.656160821368425620e-11 7.863127139423338270e-11 4.208130799193370040e-11 1.622741414621387864e-14 -1.441883302571133776e-11 -3.598087492828383106e-11 -1.883774813977135629e-11
1.090523008425314729e-11 5.853911790941450472e-12 1.280808526441174838e-12 8.458754532388128296e-12 7.853049927504925344e-12 1.506769987842032765e-11 2.193028960485732211e-11 3.124986032191433003e-11 3.194449846806968835e-11 4.241772109290967936e-11 5.951183516656242195e-11 5.991256947830654539e-11 6.087881698279540216e-11 6.244281259049804187e-11 6.758155840100929823e-11 7.547892278995876978e-11 8.422705693695078501e-11 1.009973197004436538e-10 1.116436321896748584e-10 1.181657125448659347e-10 1.104021589922456604e-10 6.493331392491082116e-11 1.621776687924114976e-11 -9.817520290291726610e-12 -4.783648806912605715e-11 -3.722503842572990751e-11
1.280288350711219349e-11 3.660191114294456271e-12 -8.203795944681774048e-13 7.718409597715055525e-12 8.706919987898408043e-12 1.549786287502294417e-11 2.404712765740316773e-11 3.331887310858789246e-11 3.121379731765889021e-11 4.184210596069100912e-11 5.991256947830654539e-11 8.224199825827822338e-11 8.593526406428697369e-11 8.901586260485305836e-11 9.809343159018084682e-11 1.083424427209023134e-10 1.187849416740122812e-10 1.361650124225964642e-10 1.506710139559880062e-10 1.634893678486956049e-10 1.545936008570561693e-10 8.877642310919356569e-11 1.352725741129327150e-11 -2.731288228249265484e-11 -5.634833264722758461e-11 -4.513701241408570919e-11
1.013095313333605313e-11 4.537690242725463467e-12 9.604958270369298451e-13 6.506951070858658539e-12 7.272710203104857297e-12 1.586052201666803336e-11 2.305352929939340097e-11 3.313190989446197438e-11 2.963241171524002561e-11 4.272191132736224650e-11 6.087881698279540216e-11 8.593526406428697369e-11 1.110272555449532070e-10 1.192417019506184874e-10 1.296750028725807648e-10 1.406775577499510022e-10 1.536503613438029155e-10 1.754752278647501369e-10 1.908980630327125709e-10 2.064642887336195550e-10 1.941448749197965591e-10 1.191932363551478873e-10 2.507137891684393204e-11 -2.318135256889065144e-11 -4.618468924076516172e-11 -4.436415435641339446e-11
5.356801501160002884e-12 -1.337200534953745117e-12 6.869281014215070513e-13 6.600282857684537226e-12 6.501449121270076040e-12 1.525384949257678242e-11 2.520410725719919698e-11 3.743083960015079269e-11 3.296362764905538602e-11 4.557605140237045513e-11 6.244281259049804187e-11 8.901586260485305836e-11 1.192417019506184874e-10 1.513435620702962308e-10 1.678421962821494587e-10 1.792213146447874411e-10 1.919943246101694582e-10 2.205254243181592366e-10 2.459994005162693146e-10 2.678049435044503699e-10 2.559092363279752484e-10 1.694891581903102121e-10 4.360073841493376020e-11 -3.998873741074642398e-11 -7.022728775257095414e-11 -5.877139896392658321e-11
1.270410604279426713e-11 -2.714755190443897919e-12 -2.680631647417149744e-12 1.291978039567279681e-11 9.847745821693756195e-12 1.807797382710369776e-11 2.794642129259590303e-11 3.745432226813487791e-11 3.394941614810355632e-11 4.931439494620399818e-11 6.758155840100929823e-11 9.809343159018084682e-11 1.296750028725807648e-10 1.678421962821494587e-10 2.167645036402364544e-10 2.409512785853015825e-10 2.595804244614041723e-10 2.982338609336273764e-10 3.335085092134804325e-10 3.683889040958540459e-10 3.672152547495438312e-10 2.632267933827961124e-10 9.098911448852814550e-11 -2.882425283868685243e-11 -7.347598464653240229e-11 -6.036703600564159366e-11
1.505466517184870819e-11 -3.550867509394490919e-12 -5.099051934617650861e-12 1.574284907619644848e-11 1.495152087683480675e-11 2.193158336411302285e-11 3.290734736931844900e-11 4.479503831284144098e-11 4.033823437956762588e-11 5.755656890464232456e-11 7.547892278995876978e-11 1.083424427209023134e-10 1.406775577499510022e-10 1.792213146447874411e-10 2.409512785853015825e-10 3.050059552514662535e-10 3.480561676412088027e-10 4.018261469467167753e-10 4.450421783036858159e-10 4.964137236503074824e-10 5.109441478603768616e-10 3.903259899386951727e-10 1.598009204904483563e-10 -8.122730765901881344e-12 -9.316387342560651129e-11 -6.884042433183148120e-11
4.434782089267174650e-12 -6.504768258554448004e-12 -3.371693922960018713e-12 1.929669710237874880e-11 1.740919396244623722e-11 2.571727927389787557e-11 4.014258669693132817e-11 5.482282289579559817e-11 4.883223038858610556e-11 6.644835791147945684e-11 8.422705693695078501e-11 1.187849416740122812e-10 1.536503613438029155e-10 1.919943246101694582e-10 2.595804244614041723e-10 3.480561676412088027e-10 4.487271552954306094e-10 5.420063569935229253e-10 5.975176560285174257e-10 6.643624297971783520e-10 6.901647847915318102e-10 5.557593761060920177e-10 2.498746646415458152e-10 2.228328565790738578e-11 -1.152558729799616533e-10 -8.569888997686013064e-11
2.156863470433823823e-12 -1.080734726501216612e-11 -2.448321805534033826e-12 2.236791147889831462e-11 2.167114585160048324e-11 3.459298250016840852e-11 5.495876159764249576e-11 6.904318178024486839e-11 5.979400400930206499e-11 7.909527765259037713e-11 1.009973197004436538e-10 1.361650124225964642e-10 1.754752278647501369e-10 2.205254243181592366e-10 2.982338609336273764e-10 4.018261469467167753e-10 5.420063569935229253e-10 7.160021359506142685e-10 8.244154067313469619e-10 9.296767140380727889e-10 9.804346741682158542e-10 8.173718938256461065e-10 3.879885217971545139e-10 4.444872467158614193e-11 -1.544902941300798410e-10 -1.215404404595274939e-10
9.821657839332344744e-12 -1.294753540507940287e-11 -2.384694786395933548e-12 2.379433177554211336e-11 2.812127060621897864e-11 3.864401857657558433e-11 6.074080527363715739e-11 7.666487055347680064e-11 6.123640642514293659e-11 8.514135295301682805e-11 1.116436321896748584e-10 1.506710139559880062e-10 1.908980630327125709e-10 2.459994005162693146e-10 3.335085092134804325e-10 4.450421783036858159e-10 5.975176560285174257e-10 8.244154067313469619e-10 1.061693762020884831e-09 1.269429444398961818e-09 1.380129711347184830e-09 1.206087472798314395e-09 6.477022090084624959e-10 1.142196100013852192e-10 -1.785828827511934379e-10 -1.898524415432119665e-10
2.558475214814313345e-11 -1.945539715420905730e-11 -1.092115397987733562e-11 2.483508005826153105e-11 3.420745769983811818e-11 3.807118040064103951e-11 5.968789855688773235e-11 8.155446388163232571e-11 5.874662645599665881e-11 8.656160821368425620e-11 1.181657125448659347e-10 1.634893678486956049e-10 2.064642887336195550e-10 2.678049435044503699e-10 3.683889040958540459e-10 4.964137236503074824e-10 6.643624297971783520e-10 9.296767140380727889e-10 1.269429444398961818e-09 1.651069091881636798e-09 1.889305975774472170e-09 1.746513028400367168e-09 1.077556016072388876e-09 2.787704275166794268e-10 -1.590809082921226483e-10 -2.440909324989594577e-10
3.608269659900737577e-11 -4.240710115553320577e-11 -2.164113145612161265e-11 2.504572029164196495e-11 3.757781643261776786e-11 3.795654384527144540e-11 5.702396716335269658e-11 8.298969702295851621e-11 5.321915733811914476e-11 7.863127139423338270e-11 1.104021589922456604e-10 1.545936008570561693e-10 1.941448749197965591e-10 2.559092363279752484e-10 3.672152547495438312e-10 5.109441478603768616e-10 6.901647847915318102e-10 9.804346741682158542e-10 1.380129711347184830e-09 1.889305975774472170e-09 2.363097317086150715e-09 2.363786917914815084e-09 1.631735871489848442e-09 5.495891722832405738e-10 -1.083688066169081265e-10 -2.718080946618949993e-10
1.747896082813602683e-11 -5.396908954804301502e-11 -2.836088565145828897e-11 2.190348472757660721e-11 2.509819827625333740e-11 1.762449138906784628e-11 2.956404313175075618e-11 5.165939956090058280e-11 2.175489887466933524e-11 4.208130799193370040e-11 6.493331392491082116e-11 8.877642310919356569e-11 1.191932363551478873e-10 1.694891581903102121e-10 2.632267933827961124e-10 3.903259899386951727e-10 5.557593761060920177e-10 8.173718938256461065e-10 1.206087472798314395e-09 1.746513028400367168e-09 2.363786917914815084e-09 2.719925957019930810e-09 2.180380828845346491e-09 9.601663473042203265e-10 -3.160625193289934387e-11 -2.799637932462369284e-10
-1.781258820828470730e-11 -6.290545984704048382e-11 -3.144515828376462754e-11 1.138101968242888174e-11 1.641717576220584450e-11 -9.393292580830561197e-12 -5.625491478032805348e-12 9.212161180630910113e-12 -1.521146243108360491e-11 1.622741414621387864e-14 1.621776687924114976e-11 1.352725741129327150e-11 2.507137891684393204e-11 4.360073841493376020e-11 9.098911448852814550e-11 1.598009204904483563e-10 2.498746646415458152e-10 3.879885217971545139e-10 6.477022090084624959e-10 1.077556016072388876e-09 1.631735871489848442e-09 2.180380828845346491e-09 2.258645212694417404e-09 1.451523246215908401e-09 2.883374333031067590e-10 -1.580924718836768724e-10
-5.047666668447676809e-11 -5.449185935463150667e-11 -1.892113789106210860e-11 1.116932740538454324e-11 -3.065825429429314142e-12 -1.425079034672307706e-11 -2.374736727421740804e-11 -2.208549652858010753e-11 -3.195752811380285588e-11 -1.441883302571133776e-11 -9.817520290291726610e-12 -2.731288228249265484e-11 -2.318135256889065144e-11 -3.998873741074642398e-11 -2.882425283868685243e-11 -8.122730765901881344e-12 2.228328565790738578e-11 4.444872467158614193e-11 1.142196100013852192e-10 2.787704275166794268e-10 5.495891722832405738e-10 9.601663473042203265e-10 1.451523246215908401e-09 1.668223855705873710e-09 9.989847195957058936e-10 2.205051011751315377e-10
-5.535796910278072003e-11 -2.444946409302694605e-11 -3.692763524386292615e-11 -1.748494780139723132e-11 -2.255780032784695862e-11 -1.933047443153992363e-11 -4.856346115088392105e-11 -5.326371716813451395e-11 -4.445221465601908588e-11 -3.598087492828383106e-11 -4.783648806912605715e-11 -5.634833264722758461e-11 -4.618468924076516172e-11 -7.022728775257095414e-11 -7.347598464653240229e-11 -9.316387342560651129e-11 -1.152558729799616533e-10 -1.544902941300798410e-10 -1.785828827511934379e-10 -1.590809082921226483e-10 -1.083688066169081265e-10 -3.160625193289934387e-11 2.883374333031067590e-10 9.989847195957058936e-10 1.622889432655706692e-09 9.907159124483512634e-10
-5.647196588865079179e-11 1.072683959662440611e-11 -5.879420675649453577e-11 -4.273828093887527749e-11 -2.399934251050280234e-11 3.083276699755636265e-12 -2.418434018010861215e-11 -3.629482925774494935e-11 -1.616910104568177191e-11 -1.883774813977135629e-11 -3.722503842572990751e-11 -4.513701241408570919e-11 -4.436415435641339446e-11 -5.877139896392658321e-11 -6.036703600564159366e-11 -6.884042433183148120e-11 -8.569888997686013064e-11 -1.215404404595274939e-10 -1.898524415432119665e-10 -2.440909324989594577e-10 -2.718080946618949993e-10 -2.799637932462369284e-10 -1.580924718836768724e-10 2.205051011751315377e-10 9.907159124483512634e-10 1.627674981069208780e-09
