9.866046522408475497e-11 1.386661583211242056e-11 6.832651917716768282e-12 -4.749599210539759488e-12 1.017188947706032585e-11 4.660144403617081577e-12 2.350687074708774143e-12 -4.872010758872076502e-14 2.584656327689332509e-12 4.990345574348166639e-12 6.377991595540126160e-12 6.139729801953647144e-12 4.178386563273661830e-12 -2.328806656397103185e-12 4.177939277650646002e-12 6.478503161407584933e-12 -7.492423890104137354e-13 -7.906292756861095434e-12 -1.394687155537610005e-11 -1.305406584691237949e-11 -2.232670949984318385e-11 -4.215741959174194866e-11 -5.277468409819628279e-11 -7.941407459786694044e-11 -8.280803989136523503e-11 -2.859675218594203899e-11
1.386661583211242056e-11 7.247651389665710339e-11 1.856963184389717066e-11 1.699231837951510308e-11 8.233658983610417124e-12 7.900036054408450666e-12 3.657377892949491628e-12 9.398046357533760120e-12 6.685397137974293702e-12 1.137313956515228465e-11 1.213922539010127818e-11 9.807396938455223812e-12 1.691407505332124459e-11 1.625060905356900951e-11 1.408644178298211855e-11 1.696802651553160397e-11 2.706695459121488925e-11 3.142272045181244146e-11 2.714865222350884328e-11 2.387082004690124964e-11 -3.264717710296596673e-13 -2.112913685092437754e-11 -4.081852865472765040e-11 -3.729586487207842530e-11 -4.676548484394907683e-11 -1.319178463649784323e-11
6.832651917716768282e-12 1.856963184389717066e-11 4.993691837392347604e-11 1.725697229512082734e-11 1.008294905615183453e-11 7.590661388247062721e-12 1.123864119945367442e-12 3.741926080102817570e-12 4.232338469415310740e-12 5.966929827876605198e-12 3.966377581496033246e-12 4.442126067469804038e-12 5.059144477652499580e-12 2.385213669717424470e-12 3.978464112109646930e-13 -1.869002417268843999e-13 -2.596083419129094022e-12 -6.303880093791636354e-12 -1.326357228561644422e-11 -2.040149189872566407e-11 -3.209091622547918050e-11 -4.228903388890081120e-11 -4.090011957486425611e-11 -1.170223517089223488e-11 1.095739695621869295e-12 -2.180952311799472567e-11
-4.749599210539759488e-12 1.699231837951510308e-11 1.725697229512082734e-11 4.412713690641809311e-11 1.850078135421037297e-11 1.037768214544105089e-11 5.449911688736333621e-12 7.951899448681424181e-12 8.293056533594541284e-12 9.924643821869647451e-12 1.086575828263317276e-11 1.366504408876779044e-11 1.745162325987153483e-11 1.852124570135630116e-11 1.921194493248740448e-11 1.941705233013139845e-11 2.317726612097705438e-11 3.044525736713373408e-11 3.233201178577782279e-11 3.212452785446114277e-11 2.550106022016836990e-11 1.958578175485119455e-11 1.785372812620262471e-11 1.576242850990112116e-11 -1.046253089100576386e-11 -1.611367292739369228e-11
1.017188947706032585e-11 8.233658983610417124e-12 1.008294905615183453e-11 1.850078135421037297e-11 3.196812361516031722e-11 1.694702401272875352e-11 9.602869067459165190e-12 7.536107522058356789e-12 5.365962570270112353e-12 6.096695530200605583e-12 8.561885323850441203e-12 8.153445655206766794e-12 7.881249254923511623e-12 9.304042822473630083e-12 1.425319393791667610e-11 2.020685280610322904e-11 2.261181713297203841e-11 2.469350678694702777e-11 2.674228547307113250e-11 2.906138235060905298e-11 2.794499731311768080e-11 1.308566733200540956e-11 1.024759839716954987e-12 -6.922921348687775824e-12 -1.795426926873878235e-11 -1.626090617383352452e-11
4.660144403617081577e-12 7.900036054408450666e-12 7.590661388247062721e-12 1.037768214544105089e-11 1.694702401272875352e-11 3.171697176126018320e-11 2.016804977241120514e-11 1.731551343347596015e-11 1.323158504276931673e-11 1.288715499974500151e-11 1.614600846856759244e-11 1.663431966465344876e-11 1.554621726848369612e-11 1.478693654126279697e-11 1.319811684934945689e-11 1.668854919235240055e-11 2.045143356613669741e-11 2.693643235478090028e-11 2.743124702659865676e-11 2.625158129330641717e-11 2.880336064021257254e-11 1.711883594966903069e-11 7.016264060242734530e-13 -8.011873489976305178e-12 -2.724480390051175845e-11 -7.877002529612750374e-12
2.350687074708774143e-12 3.657377892949491628e-12 1.123864119945367442e-12 5.449911688736333621e-12 9.602869067459165190e-12 2.016804977241120514e-11 3.718416243970722842e-11 2.949971710319153077e-11 2.494069049592586842e-11 2.164750036661203943e-11 2.386396943803279784e-11 2.425921869316556252e-11 2.425430208957199146e-11 2.649674469164681062e-11 2.694830141047006424e-11 2.959964932548521596e-11 3.326155681949403995e-11 4.559487659579651223e-11 4.793909567683183700e-11 4.469994318545369056e-11 3.608754184403259889e-11 8.447476723003953805e-12 -1.695819985149527284e-11 -2.548889106789334993e-11 -4.292236853026951709e-11 -2.150216403988516161e-11
-4.872010758872076502e-14 9.398046357533760120e-12 3.741926080102817570e-12 7.951899448681424181e-12 7.536107522058356789e-12 1.731551343347596015e-11 2.949971710319153077e-11 4.341957198081948670e-11 3.451557886737769422e-11 2.998167454706790486e-11 3.075639219696726227e-11 3.130854164844781774e-11 3.213742350735340360e-11 3.568556538173917448e-11 3.402116587721691287e-11 3.769689137168400995e-11 4.558920176111728871e-11 6.071371819810103614e-11 6.689381913169585390e-11 6.667901894036568539e-11 6.341047893959951972e-11 3.182853167752789752e-11 -1.798268020888991157e-12 -2.348925308455220786e-11 -4.696117469934231528e-11 -2.380049515662721702e-11
2.584656327689332509e-12 6.685397137974293702e-12 4.232338469415310740e-12 8.293056533594541284e-12 5.365962570270112353e-12 1.323158504276931673e-11 2.494069049592586842e-11 3.451557886737769422e-11 4.148514229148508112e-11 3.406697185429027569e-11 3.182368909575593011e-11 2.880818561819903788e-11 2.786158995731062851e-11 3.206615506192054578e-11 3.266421269320180862e-11 3.681069870339133662e-11 4.254394802641892126e-11 5.492865690051220711e-11 5.699419048096028038e-11 5.741453940529732471e-11 5.580971191556300012e-11 2.867462344768713639e-11 -1.315946182155545150e-12 -2.146502593097863361e-11 -4.112040907654149665e-11 -1.717832381717896534e-11
4.990345574348166639e-12 1.137313956515228465e-11 5.966929827876605198e-12 9.924643821869647451e-12 6.096695530200605583e-12 1.288715499974500151e-11 2.164750036661203943e-11 2.998167454706790486e-11 3.406697185429027569e-11 4.378958384315773837e-11 4.215004191171697408e-11 4.021715879065924304e-11 4.142572962955395765e-11 4.375139420883365022e-11 4.587179376651965846e-11 5.407999147677586440e-11 6.244480895661847096e-11 7.496499467198823611e-11 7.861357164856256605e-11 8.054783741765253302e-11 7.306864704066921405e-11 4.198887576305901767e-11 7.208678035513591204e-12 -5.636755535089853537e-12 -3.594617110972299669e-11 -2.217505579880258520e-11
6.377991595540126160e-12 1.213922539010127818e-11 3.966377581496033246e-12 1.086575828263317276e-11 8.561885323850441203e-12 1.614600846856759244e-11 2.386396943803279784e-11 3.075639219696726227e-11 3.182368909575593011e-11 4.215004191171697408e-11 6.072338368661746797e-11 6.035149875759166773e-11 6.183863893413359758e-11 6.454464444152614376e-11 6.897073488176702936e-11 7.827057330862535764e-11 8.702632181533444073e-11 1.034970321317526273e-10 1.115739829034423420e-10 1.173550748877717303e-10 1.052135139894440804e-10 5.624723221084171219e-11 8.650087291027672877e-12 -1.221949397382243119e-11 -4.791415927765111090e-11 -3.331494679008960573e-11
6.139729801953647144e-12 9.807396938455223812e-12 4.442126067469804038e-12 1.366504408876779044e-11 8.153445655206766794e-12 1.663431966465344876e-11 2.425921869316556252e-11 3.130854164844781774e-11 2.880818561819903788e-11 4.021715879065924304e-11 6.035149875759166773e-11 8.100947070547953654e-11 8.495654381983757306e-11 8.808132217591820218e-11 9.658031853411184655e-11 1.068753515016433416e-10 1.163203698936187562e-10 1.325441611618967006e-10 1.461742517756761883e-10 1.597960290876263008e-10 1.502987955389132578e-10 8.513487924726654128e-11 1.357015937117672966e-11 -2.733315645621382176e-11 -5.537103735799785222e-11 -4.575956737199038611e-11
4.178386563273661830e-12 1.691407505332124459e-11 5.059144477652499580e-12 1.745162325987153483e-11 7.881249254923511623e-12 1.554621726848369612e-11 2.425430208957199146e-11 3.213742350735340360e-11 2.786158995731062851e-11 4.142572962955395765e-11 6.183863893413359758e-11 8.495654381983757306e-11 1.103081962273907457e-10 1.194567393772853540e-10 1.299276358549216353e-10 1.410232389491751638e-10 1.522469506947499283e-10 1.738891965968923744e-10 1.893255702943156657e-10 2.061804937973817147e-10 1.940366041401483974e-10 1.177720933733091023e-10 2.351008136582825117e-11 -2.511542509790888917e-11 -4.432203768321043593e-11 -4.274514850728622226e-11
-2.328806656397103185e-12 1.625060905356900951e-11 2.385213669717424470e-12 1.852124570135630116e-11 9.304042822473630083e-12 1.478693654126279697e-11 2.649674469164681062e-11 3.568556538173917448e-11 3.206615506192054578e-11 4.375139420883365022e-11 6.454464444152614376e-11 8.808132217591820218e-11 1.194567393772853540e-10 1.526909598548596875e-10 1.689045472790304845e-10 1.807884892659766983e-10 1.929514864257875318e-10 2.221792575855925429e-10 2.470693438144953277e-10 2.696777838972944181e-10 2.575050917867594637e-10 1.717310845802771421e-10 4.647829107799741867e-11 -3.707509458667829655e-11 -6.704615096766795100e-11 -5.393907696345905764e-11
4.177939277650646002e-12 1.408644178298211855e-11 3.978464112109646930e-13 1.921194493248740448e-11 1.425319393791667610e-11 1.319811684934945689e-11 2.694830141047006424e-11 3.402116587721691287e-11 3.266421269320180862e-11 4.587179376651965846e-11 6.897073488176702936e-11 9.658031853411184655e-11 1.299276358549216353e-10 1.689045472790304845e-10 2.175968211722948169e-10 2.421851589708186931e-10 2.607560878355152935e-10 2.988608152671378249e-10 3.327278746313613689e-10 3.685049625409490584e-10 3.671848328044156357e-10 2.650935731276795412e-10 9.418697219445861706e-11 -2.667213463609070882e-11 -7.194554571912341256e-11 -5.938532036597213005e-11
6.478503161407584933e-12 1.696802651553160397e-11 -1.869002417268843999e-13 1.941705233013139845e-11 2.020685280610322904e-11 1.668854919235240055e-11 2.959964932548521596e-11 3.769689137168400995e-11 3.681069870339133662e-11 5.407999147677586440e-11 7.827057330862535764e-11 1.068753515016433416e-10 1.410232389491751638e-10 1.807884892659766983e-10 2.421851589708186931e-10 3.064479992845765494e-10 3.494783448459873313e-10 4.033926117184560226e-10 4.455768753788523006e-10 4.971486813215788109e-10 5.095054019524462156e-10 3.872581119150793228e-10 1.578104606930001327e-10 -9.337369918603145532e-12 -9.357600435727509590e-11 -6.906110975750737594e-11
-7.492423890104137354e-13 2.706695459121488925e-11 -2.596083419129094022e-12 2.317726612097705438e-11 2.261181713297203841e-11 2.045143356613669741e-11 3.326155681949403995e-11 4.558920176111728871e-11 4.254394802641892126e-11 6.244480895661847096e-11 8.702632181533444073e-11 1.163203698936187562e-10 1.522469506947499283e-10 1.929514864257875318e-10 2.607560878355152935e-10 3.494783448459873313e-10 4.503520038906216954e-10 5.434844410764619310e-10 5.983016786266631824e-10 6.655272923804835287e-10 6.894549282318319289e-10 5.541524804542141583e-10 2.489885287154985777e-10 2.186471531836110322e-11 -1.144473719996087028e-10 -8.681648973862394824e-11
-7.906292756861095434e-12 3.142272045181244146e-11 -6.303880093791636354e-12 3.044525736713373408e-11 2.469350678694702777e-11 2.693643235478090028e-11 4.559487659579651223e-11 6.071371819810103614e-11 5.492865690051220711e-11 7.496499467198823611e-11 1.034970321317526273e-10 1.325441611618967006e-10 1.738891965968923744e-10 2.221792575855925429e-10 2.988608152671378249e-10 4.033926117184560226e-10 5.434844410764619310e-10 7.176116531354617937e-10 8.250024307280752905e-10 9.300165687566778313e-10 9.782113505613337512e-10 8.139947364898629168e-10 3.867545416404961716e-10 4.344297098794632088e-11 -1.549166441718991121e-10 -1.222713197045689231e-10
-1.394687155537610005e-11 2.714865222350884328e-11 -1.326357228561644422e-11 3.233201178577782279e-11 2.674228547307113250e-11 2.743124702659865676e-11 4.793909567683183700e-11 6.689381913169585390e-11 5.699419048096028038e-11 7.861357164856256605e-11 1.115739829034423420e-10 1.461742517756761883e-10 1.893255702943156657e-10 2.470693438144953277e-10 3.327278746313613689e-10 4.455768753788523006e-10 5.983016786266631824e-10 8.250024307280752905e-10 1.062423640135596637e-09 1.271110094544826370e-09 1.380046528364192701e-09 1.205540051885159475e-09 6.486966637129432339e-10 1.136252927356866133e-10 -1.777183726139643133e-10 -1.900343588842785999e-10
-1.305406584691237949e-11 2.387082004690124964e-11 -2.040149189872566407e-11 3.212452785446114277e-11 2.906138235060905298e-11 2.625158129330641717e-11 4.469994318545369056e-11 6.667901894036568539e-11 5.741453940529732471e-11 8.054783741765253302e-11 1.173550748877717303e-10 1.597960290876263008e-10 2.061804937973817147e-10 2.696777838972944181e-10 3.685049625409490584e-10 4.971486813215788109e-10 6.655272923804835287e-10 9.300165687566778313e-10 1.271110094544826370e-09 1.654047729220298429e-09 1.889716572139587220e-09 1.745829784733456694e-09 1.077477171427137082e-09 2.750930183277792623e-10 -1.623270088942162873e-10 -2.463234931365548035e-10
-2.232670949984318385e-11 -3.264717710296596673e-13 -3.209091622547918050e-11 2.550106022016836990e-11 2.794499731311768080e-11 2.880336064021257254e-11 3.608754184403259889e-11 6.341047893959951972e-11 5.580971191556300012e-11 7.306864704066921405e-11 1.052135139894440804e-10 1.502987955389132578e-10 1.940366041401483974e-10 2.575050917867594637e-10 3.671848328044156357e-10 5.095054019524462156e-10 6.894549282318319289e-10 9.782113505613337512e-10 1.380046528364192701e-09 1.889716572139587220e-09 2.360736712011452907e-09 2.360829924790611616e-09 1.632135155830122829e-09 5.480687117568252176e-10 -1.079021638969385615e-10 -2.717809924044519976e-10
-4.215741959174194866e-11 -2.112913685092437754e-11 -4.228903388890081120e-11 1.958578175485119455e-11 1.308566733200540956e-11 1.711883594966903069e-11 8.447476723003953805e-12 3.182853167752789752e-11 2.867462344768713639e-11 4.198887576305901767e-11 5.624723221084171219e-11 8.513487924726654128e-11 1.177720933733091023e-10 1.717310845802771421e-10 2.650935731276795412e-10 3.872581119150793228e-10 5.541524804542141583e-10 8.139947364898629168e-10 1.205540051885159475e-09 1.745829784733456694e-09 2.360829924790611616e-09 2.717041185560989097e-09 2.179723221497233996e-09 9.565444132168405585e-10 -3.198626034420203791e-11 -2.790496488198851241e-10
-5.277468409819628279e-11 -4.081852865472765040e-11 -4.090011957486425611e-11 1.785372812620262471e-11 1.024759839716954987e-12 7.016264060242734530e-13 -1.695819985149527284e-11 -1.798268020888991157e-12 -1.315946182155545150e-12 7.208678035513591204e-12 8.650087291027672877e-12 1.357015937117672966e-11 2.351008136582825117e-11 4.647829107799741867e-11 9.418697219445861706e-11 1.578104606930001327e-10 2.489885287154985777e-10 3.867545416404961716e-10 6.486966637129432339e-10 1.077477171427137082e-09 1.632135155830122829e-09 2.179723221497233996e-09 2.259705142389139671e-09 1.450871868330153160e-09 2.891658297775006468e-10 -1.591994396412768584e-10
-7.941407459786694044e-11 -3.729586487207842530e-11 -1.170223517089223488e-11 1.576242850990112116e-11 -6.922921348687775824e-12 -8.011873489976305178e-12 -2.548889106789334993e-11 -2.348925308455220786e-11 -2.146502593097863361e-11 -5.636755535089853537e-12 -1.221949397382243119e-11 -2.733315645621382176e-11 -2.511542509790888917e-11 -3.707509458667829655e-11 -2.667213463609070882e-11 -9.337369918603145532e-12 2.186471531836110322e-11 4.344297098794632088e-11 1.136252927356866133e-10 2.750930183277792623e-10 5.480687117568252176e-10 9.565444132168405585e-10 1.450871868330153160e-09 1.668644183104851120e-09 1.000366125915269491e-09 2.192646186582526416e-10
-8.280803989136523503e-11 -4.676548484394907683e-11 1.095739695621869295e-12 -1.046253089100576386e-11 -1.795426926873878235e-11 -2.724480390051175845e-11 -4.292236853026951709e-11 -4.696117469934231528e-11 -4.112040907654149665e-11 -3.594617110972299669e-11 -4.791415927765111090e-11 -5.537103735799785222e-11 -4.432203768321043593e-11 -6.704615096766795100e-11 -7.194554571912341256e-11 -9.357600435727509590e-11 -1.144473719996087028e-10 -1.549166441718991121e-10 -1.777183726139643133e-10 -1.623270088942162873e-10 -1.079021638969385615e-10 -3.198626034420203791e-11 2.891658297775006468e-10 1.000366125915269491e-09 1.624169061698073519e-09 9.913474396640876038e-10
-2.859675218594203899e-11 -1.319178463649784323e-11 -2.180952311799472567e-11 -1.611367292739369228e-11 -1.626090617383352452e-11 -7.877002529612750374e-12 -2.150216403988516161e-11 -2.380049515662721702e-11 -1.717832381717896534e-11 -2.217505579880258520e-11 -3.331494679008960573e-11 -4.575956737199038611e-11 -4.274514850728622226e-11 -5.393907696345905764e-11 -5.938532036597213005e-11 -6.906110975750737594e-11 -8.681648973862394824e-11 -1.222713197045689231e-10 -1.900343588842785999e-10 -2.463234931365548035e-10 -2.717809924044519976e-10 -2.790496488198851241e-10 -1.591994396412768584e-10 2.192646186582526416e-10 9.913474396640876038e-10 1.627401865028863351e-09
