9.366865666328446544e-11 1.400935996897153676e-11 1.216036840103104761e-11 6.830484126459156850e-12 3.285186043336128983e-12 8.279662215146704469e-13 -9.538855255146942432e-12 -6.874012539696255363e-12 -6.476084520095645133e-12 -5.871041940226335500e-12 -8.232294343979192983e-12 -1.009354120834127285e-11 -1.126358258607112368e-11 -1.361955163380756328e-11 -1.249949651504064184e-11 -1.526568454480323562e-11 -2.011933842138611826e-11 -2.919081352497154801e-11 -3.043516020026025640e-11 -2.955881942816291120e-11 -4.717827210465740800e-11 -4.281370668704298740e-11 -2.368654492324975628e-11 -1.133762423752593374e-11 -1.253070702919454517e-11 -1.708879176654217572e-11
1.400935996897153676e-11 9.246095055168132623e-11 2.784524270778753040e-11 1.316511592888477662e-11 -7.405553496146700775e-12 1.794073441178149888e-12 1.216140651775560631e-12 1.117623984962037737e-12 4.833443432922559010e-12 2.906492656749572446e-12 1.666141878658470336e-13 -2.510316657735774343e-12 9.125054095276212771e-13 -3.161296214139972911e-12 -4.713060290268604487e-12 -8.460130507337223003e-12 -8.637730763956602279e-12 -7.686523289506160097e-13 -1.993900603714009607e-12 -2.083284256757148935e-11 -5.480270230270188858e-11 -8.668438897563361003e-11 -9.471344600098969635e-11 -5.269166046076893023e-11 -1.535449774416533046e-11 1.206430336920230091e-11
1.216036840103104761e-11 2.784524270778753040e-11 6.446777388178799908e-11 2.109526568892469539e-11 9.024108176763003566e-12 8.071818330447484836e-12 1.342426521916824802e-12 9.464137217386818377e-13 1.765987367197213289e-12 2.546014307666708999e-12 5.934949586747630396e-12 5.681736295518989619e-12 4.534819927474206885e-12 4.163857363031272988e-12 2.454557835193057448e-12 3.417904820003129213e-13 1.120205824925548235e-12 5.368816290906175894e-12 8.016055709414358653e-12 7.004619561440914623e-12 -5.459431253896796376e-12 -2.211140117510464193e-11 -4.109358794769858524e-11 -2.244886293195234905e-11 -1.411814191900785493e-11 -1.494676225527146140e-11
6.830484126459156850e-12 1.316511592888477662e-11 2.109526568892469539e-11 5.001639239067306409e-11 1.413404363083197985e-11 7.838586317012782298e-12 3.809607633329505813e-12 5.295944241525850653e-12 5.711467667718196961e-12 5.044666486268190483e-12 3.597914604465465666e-12 2.017205092320556211e-12 3.140429673747451848e-12 5.955156930325205903e-12 1.061136174075011614e-11 9.251783329667652449e-12 5.444504603842141969e-12 8.293009563845481737e-12 1.182210332468821852e-11 8.614472991795163457e-12 1.398136115513969398e-12 -2.210282085202620295e-12 -1.412186722923891441e-11 -1.109682508778770585e-11 -1.423219814385983147e-11 -2.306455269152570613e-11
3.285186043336128983e-12 -7.405553496146700775e-12 9.024108176763003566e-12 1.413404363083197985e-11 3.829747287351364250e-11 1.477190796113502945e-11 1.148620894842766818e-11 1.089992676191824659e-11 8.445778759159232054e-12 8.789710391727124703e-12 1.170682884421989518e-11 1.316275875975657839e-11 1.191461517898928370e-11 1.153138732102531463e-11 1.516489897445274000e-11 2.147865319200888376e-11 2.625491647409693380e-11 3.160949737193439702e-11 3.271065514655165317e-11 3.691571963698450324e-11 4.711101258882662755e-11 4.147855390367574248e-11 2.055539093228592866e-11 5.237019744637033358e-13 -1.573170533482569555e-11 -2.957351911891590170e-11
8.279662215146704469e-13 1.794073441178149888e-12 8.071818330447484836e-12 7.838586317012782298e-12 1.477190796113502945e-11 3.007650467001486720e-11 1.885587791642286511e-11 1.560453897001406575e-11 1.165798605470082282e-11 1.100082345414990490e-11 1.229036563396078514e-11 1.238647428779770210e-11 9.634337737963814294e-12 1.007041731938230131e-11 1.091705984711112366e-11 1.193788287508921561e-11 1.421701929674482007e-11 2.326690679150375856e-11 2.470821740492236403e-11 2.197823619714385287e-11 2.113788080517231074e-11 1.600502725819772998e-11 9.338540535885603369e-12 4.370552909843705612e-12 -1.277910630072687643e-11 8.861437581605695611e-12
-9.538855255146942432e-12 1.216140651775560631e-12 1.342426521916824802e-12 3.809607633329505813e-12 1.148620894842766818e-11 1.885587791642286511e-11 3.875390700342795469e-11 2.989116540746449110e-11 2.408765650110236879e-11 2.005710796389707936e-11 2.236895757115943217e-11 2.254981548194901180e-11 2.231751816180243325e-11 2.359077311104507113e-11 2.234948722739331738e-11 2.409643843769458674e-11 2.668142474690785542e-11 3.934220091208014307e-11 4.540629960851039388e-11 4.429589566139853492e-11 3.961692206569948085e-11 1.351715140490418988e-11 -1.708230416117976724e-11 -4.123503090350417816e-11 -5.585908267761622631e-11 -2.518565541075513653e-11
-6.874012539696255363e-12 1.117623984962037737e-12 9.464137217386818377e-13 5.295944241525850653e-12 1.089992676191824659e-11 1.560453897001406575e-11 2.989116540746449110e-11 4.460792014911410704e-11 3.379549337011491944e-11 2.764108289240767999e-11 2.920856134523208578e-11 3.010243010855848425e-11 2.935653780402419569e-11 3.329198068450273737e-11 3.244247706618592775e-11 3.752372150710931003e-11 4.455080647182333409e-11 5.647751798743239647e-11 6.067576823660639720e-11 6.168427153335922567e-11 6.184268574280563951e-11 3.414939797561050969e-11 -2.774376274686953344e-12 -3.137217142282887022e-11 -5.213404979057959894e-11 -2.334992575830311582e-11
-6.476084520095645133e-12 4.833443432922559010e-12 1.765987367197213289e-12 5.711467667718196961e-12 8.445778759159232054e-12 1.165798605470082282e-11 2.408765650110236879e-11 3.379549337011491944e-11 4.204325671124013127e-11 3.296145379077747986e-11 3.072224243956376469e-11 3.018471632998831324e-11 2.764329360254824852e-11 3.067529624154666794e-11 3.303757370148124932e-11 3.895673215387533731e-11 4.684556197974441042e-11 5.814936331831262686e-11 5.774842969931794027e-11 5.677633144301655706e-11 5.241475105871409975e-11 2.443894863830613537e-11 -5.853313331054443609e-12 -2.373967951418099640e-11 -4.124034732600798797e-11 -1.201890895894343430e-11
-5.871041940226335500e-12 2.906492656749572446e-12 2.546014307666708999e-12 5.044666486268190483e-12 8.789710391727124703e-12 1.100082345414990490e-11 2.005710796389707936e-11 2.764108289240767999e-11 3.296145379077747986e-11 4.358831462852587062e-11 4.186399476459794646e-11 3.931576266983347878e-11 3.921276457327616533e-11 4.222027653008307770e-11 4.452548221012140447e-11 5.361028012692440552e-11 6.290393161744347353e-11 7.673244550359598282e-11 8.032694117216453280e-11 8.114640736211333089e-11 7.365677748053406050e-11 4.239113387600740698e-11 8.128142238776932017e-12 -1.878891804975293186e-12 -2.930700792435108727e-11 -1.450738743482106712e-11
-8.232294343979192983e-12 1.666141878658470336e-13 5.934949586747630396e-12 3.597914604465465666e-12 1.170682884421989518e-11 1.229036563396078514e-11 2.236895757115943217e-11 2.920856134523208578e-11 3.072224243956376469e-11 4.186399476459794646e-11 5.945842014488967968e-11 6.028973529733373037e-11 6.057606234064067999e-11 6.282883480848694147e-11 6.823516903265344397e-11 7.735730965090389625e-11 8.600444155880621681e-11 1.024570419506903025e-10 1.122980062880665160e-10 1.203059248129584523e-10 1.117098920440563344e-10 6.504135043949944455e-11 1.628252491927099594e-11 -8.686432901993151698e-12 -4.716524317610683399e-11 -3.572227863472623516e-11
-1.009354120834127285e-11 -2.510316657735774343e-12 5.681736295518989619e-12 2.017205092320556211e-12 1.316275875975657839e-11 1.238647428779770210e-11 2.254981548194901180e-11 3.010243010855848425e-11 3.018471632998831324e-11 3.931576266983347878e-11 6.028973529733373037e-11 8.204931828476522116e-11 8.444939887610337429e-11 8.755084381562647569e-11 9.753970389741203006e-11 1.081480115805547790e-10 1.187302423040769286e-10 1.356372665329760383e-10 1.502132700590821295e-10 1.651024045981725278e-10 1.562751302487803550e-10 8.952963865924367530e-11 1.280745617212228212e-11 -2.909175089795006471e-11 -5.733854546643335617e-11 -4.915704074286359050e-11
-1.126358258607112368e-11 9.125054095276212771e-13 4.534819927474206885e-12 3.140429673747451848e-12 1.191461517898928370e-11 9.634337737963814294e-12 2.231751816180243325e-11 2.935653780402419569e-11 2.764329360254824852e-11 3.921276457327616533e-11 6.057606234064067999e-11 8.444939887610337429e-11 1.101959240882924483e-10 1.186856691870267839e-10 1.303751281913005078e-10 1.402699054726135082e-10 1.523117274998156234e-10 1.747684753442883775e-10 1.902238182482418492e-10 2.060869247418953098e-10 1.922329017367633665e-10 1.178837447375088064e-10 2.698173022558893938e-11 -2.109097885003048896e-11 -4.550384307760720934e-11 -4.206971451231186918e-11
-1.361955163380756328e-11 -3.161296214139972911e-12 4.163857363031272988e-12 5.955156930325205903e-12 1.153138732102531463e-11 1.007041731938230131e-11 2.359077311104507113e-11 3.329198068450273737e-11 3.067529624154666794e-11 4.222027653008307770e-11 6.282883480848694147e-11 8.755084381562647569e-11 1.186856691870267839e-10 1.510537079332102638e-10 1.693725179665775591e-10 1.793734584508176370e-10 1.920402809617001844e-10 2.214350217059967414e-10 2.451881152050013468e-10 2.666333539636861492e-10 2.539754421338777641e-10 1.685169253005453793e-10 4.327496787105478359e-11 -3.876780009435650102e-11 -6.781859943513678812e-11 -5.392650663515506724e-11
-1.249949651504064184e-11 -4.713060290268604487e-12 2.454557835193057448e-12 1.061136174075011614e-11 1.516489897445274000e-11 1.091705984711112366e-11 2.234948722739331738e-11 3.244247706618592775e-11 3.303757370148124932e-11 4.452548221012140447e-11 6.823516903265344397e-11 9.753970389741203006e-11 1.303751281913005078e-10 1.693725179665775591e-10 2.202110982001750799e-10 2.428237203844531503e-10 2.619845267349481114e-10 3.016322276653194573e-10 3.360165416350757542e-10 3.715025676104723705e-10 3.699757966656677315e-10 2.668299729174263350e-10 9.314052621710878440e-11 -2.930143340498829837e-11 -7.587367904954912975e-11 -6.367249027739463173e-11
-1.526568454480323562e-11 -8.460130507337223003e-12 3.417904820003129213e-13 9.251783329667652449e-12 2.147865319200888376e-11 1.193788287508921561e-11 2.409643843769458674e-11 3.752372150710931003e-11 3.895673215387533731e-11 5.361028012692440552e-11 7.735730965090389625e-11 1.081480115805547790e-10 1.402699054726135082e-10 1.793734584508176370e-10 2.428237203844531503e-10 3.046274117812265910e-10 3.484147152886290648e-10 4.023773936803838661e-10 4.441028378602717656e-10 4.955618175388746694e-10 5.086949282370357176e-10 3.885386105511130596e-10 1.597964871223172923e-10 -7.202724891952310778e-12 -9.335148659243334410e-11 -7.016962451325731558e-11
-2.011933842138611826e-11 -8.637730763956602279e-12 1.120205824925548235e-12 5.444504603842141969e-12 2.625491647409693380e-11 1.421701929674482007e-11 2.668142474690785542e-11 4.455080647182333409e-11 4.684556197974441042e-11 6.290393161744347353e-11 8.600444155880621681e-11 1.187302423040769286e-10 1.523117274998156234e-10 1.920402809617001844e-10 2.619845267349481114e-10 3.484147152886290648e-10 4.497037226294452312e-10 5.426257376982640286e-10 5.978528809820649774e-10 6.647218319525203796e-10 6.893753047937579455e-10 5.547839990732668094e-10 2.498071065221910665e-10 2.167498093219969920e-11 -1.182644544415993007e-10 -9.045818945776587248e-11
-2.919081352497154801e-11 -7.686523289506160097e-13 5.368816290906175894e-12 8.293009563845481737e-12 3.160949737193439702e-11 2.326690679150375856e-11 3.934220091208014307e-11 5.647751798743239647e-11 5.814936331831262686e-11 7.673244550359598282e-11 1.024570419506903025e-10 1.356372665329760383e-10 1.747684753442883775e-10 2.214350217059967414e-10 3.016322276653194573e-10 4.023773936803838661e-10 5.426257376982640286e-10 7.170498951916430322e-10 8.253143604426833867e-10 9.294314712869475508e-10 9.781355343613639984e-10 8.146414009376238271e-10 3.864092776746075907e-10 4.121696178629366726e-11 -1.571377032101764721e-10 -1.237237838516438651e-10
-3.043516020026025640e-11 -1.993900603714009607e-12 8.016055709414358653e-12 1.182210332468821852e-11 3.271065514655165317e-11 2.470821740492236403e-11 4.540629960851039388e-11 6.067576823660639720e-11 5.774842969931794027e-11 8.032694117216453280e-11 1.122980062880665160e-10 1.502132700590821295e-10 1.902238182482418492e-10 2.451881152050013468e-10 3.360165416350757542e-10 4.441028378602717656e-10 5.978528809820649774e-10 8.253143604426833867e-10 1.063149803766239700e-09 1.270724743268023668e-09 1.380365694785811521e-09 1.207159004647373328e-09 6.495971748985343446e-10 1.133181524303867730e-10 -1.795832729594047262e-10 -1.911143024683223545e-10
-2.955881942816291120e-11 -2.083284256757148935e-11 7.004619561440914623e-12 8.614472991795163457e-12 3.691571963698450324e-11 2.197823619714385287e-11 4.429589566139853492e-11 6.168427153335922567e-11 5.677633144301655706e-11 8.114640736211333089e-11 1.203059248129584523e-10 1.651024045981725278e-10 2.060869247418953098e-10 2.666333539636861492e-10 3.715025676104723705e-10 4.955618175388746694e-10 6.647218319525203796e-10 9.294314712869475508e-10 1.270724743268023668e-09 1.653267945739554543e-09 1.890258065944306914e-09 1.747707065324483527e-09 1.079772760089398140e-09 2.764144355180962399e-10 -1.611691570723983843e-10 -2.451887141581065037e-10
-4.717827210465740800e-11 -5.480270230270188858e-11 -5.459431253896796376e-12 1.398136115513969398e-12 4.711101258882662755e-11 2.113788080517231074e-11 3.961692206569948085e-11 6.184268574280563951e-11 5.241475105871409975e-11 7.365677748053406050e-11 1.117098920440563344e-10 1.562751302487803550e-10 1.922329017367633665e-10 2.539754421338777641e-10 3.699757966656677315e-10 5.086949282370357176e-10 6.893753047937579455e-10 9.781355343613639984e-10 1.380365694785811521e-09 1.890258065944306914e-09 2.361556026606184815e-09 2.361938833141445203e-09 1.632900500352122691e-09 5.472950277519850528e-10 -1.095847986463601474e-10 -2.723409173834652602e-10
-4.281370668704298740e-11 -8.668438897563361003e-11 -2.211140117510464193e-11 -2.210282085202620295e-12 4.147855390367574248e-11 1.600502725819772998e-11 1.351715140490418988e-11 3.414939797561050969e-11 2.443894863830613537e-11 4.239113387600740698e-11 6.504135043949944455e-11 8.952963865924367530e-11 1.178837447375088064e-10 1.685169253005453793e-10 2.668299729174263350e-10 3.885386105511130596e-10 5.547839990732668094e-10 8.146414009376238271e-10 1.207159004647373328e-09 1.747707065324483527e-09 2.361938833141445203e-09 2.718426509959409063e-09 2.181580042061091723e-09 9.574330240571199850e-10 -3.160531926978378740e-11 -2.780161877040050337e-10
-2.368654492324975628e-11 -9.471344600098969635e-11 -4.109358794769858524e-11 -1.412186722923891441e-11 2.055539093228592866e-11 9.338540535885603369e-12 -1.708230416117976724e-11 -2.774376274686953344e-12 -5.853313331054443609e-12 8.128142238776932017e-12 1.628252491927099594e-11 1.280745617212228212e-11 2.698173022558893938e-11 4.327496787105478359e-11 9.314052621710878440e-11 1.597964871223172923e-10 2.498071065221910665e-10 3.864092776746075907e-10 6.495971748985343446e-10 1.079772760089398140e-09 1.632900500352122691e-09 2.181580042061091723e-09 2.261336925445720712e-09 1.451208419641485642e-09 2.896790330898359819e-10 -1.584519858626146340e-10
-1.133762423752593374e-11 -5.269166046076893023e-11 -2.244886293195234905e-11 -1.109682508778770585e-11 5.237019744637033358e-13 4.370552909843705612e-12 -4.123503090350417816e-11 -3.137217142282887022e-11 -2.373967951418099640e-11 -1.878891804975293186e-12 -8.686432901993151698e-12 -2.909175089795006471e-11 -2.109097885003048896e-11 -3.876780009435650102e-11 -2.930143340498829837e-11 -7.202724891952310778e-12 2.167498093219969920e-11 4.121696178629366726e-11 1.133181524303867730e-10 2.764144355180962399e-10 5.472950277519850528e-10 9.574330240571199850e-10 1.451208419641485642e-09 1.666863902867768155e-09 1.000252413330699726e-09 2.199775738260098036e-10
-1.253070702919454517e-11 -1.535449774416533046e-11 -1.411814191900785493e-11 -1.423219814385983147e-11 -1.573170533482569555e-11 -1.277910630072687643e-11 -5.585908267761622631e-11 -5.213404979057959894e-11 -4.124034732600798797e-11 -2.930700792435108727e-11 -4.716524317610683399e-11 -5.733854546643335617e-11 -4.550384307760720934e-11 -6.781859943513678812e-11 -7.587367904954912975e-11 -9.335148659243334410e-11 -1.182644544415993007e-10 -1.571377032101764721e-10 -1.795832729594047262e-10 -1.611691570723983843e-10 -1.095847986463601474e-10 -3.160531926978378740e-11 2.896790330898359819e-10 1.000252413330699726e-09 1.624860904689306527e-09 9.910169487905306460e-10
-1.708879176654217572e-11 1.206430336920230091e-11 -1.494676225527146140e-11 -2.306455269152570613e-11 -2.957351911891590170e-11 8.861437581605695611e-12 -2.518565541075513653e-11 -2.334992575830311582e-11 -1.201890895894343430e-11 -1.450738743482106712e-11 -3.572227863472623516e-11 -4.915704074286359050e-11 -4.206971451231186918e-11 -5.392650663515506724e-11 -6.367249027739463173e-11 -7.016962451325731558e-11 -9.045818945776587248e-11 -1.237237838516438651e-10 -1.911143024683223545e-10 -2.451887141581065037e-10 -2.723409173834652602e-10 -2.780161877040050337e-10 -1.584519858626146340e-10 2.199775738260098036e-10 9.910169487905306460e-10 1.626447539798907331e-09
