8.144584683110886103e-11 2.224128937329059661e-11 1.691617738620096175e-12 6.520140567019224178e-12 5.770113108293040302e-12 5.641539637504995399e-12 2.775346792493661940e-12 1.420774553369711081e-12 -1.928329572566766520e-12 5.746783336059480900e-13 -1.104564212217492071e-12 -2.689465367385066870e-13 -8.358548423463149780e-13 -1.593468949705955341e-12 -3.559621583782719232e-12 -4.748003923735178853e-12 -8.278365354745149995e-12 -8.513005374518351923e-12 -1.474683308877570662e-11 -1.772126498297053346e-11 -9.530094504177699523e-12 -4.305117011279820576e-12 9.610687397653095368e-12 2.480673637046865947e-11 1.326094053704856633e-11 -2.310497419929255888e-11
2.224128937329059661e-11 5.448858038357611434e-11 9.733976907304802825e-12 5.207396991202926602e-12 -2.742876943568184827e-13 3.217780336262474028e-13 -9.513030701413914510e-13 -1.498192271721551534e-13 -2.884325149036249103e-14 6.184885921184115550e-14 7.262048975052711109e-13 5.482265443528183743e-13 -6.152845871496076276e-13 2.081046060767586986e-12 2.791772929652027818e-12 2.727378238312666005e-12 2.466756596698274596e-12 6.655109002256724943e-12 7.837075576731085291e-12 1.158225537191608258e-11 1.428047177164027816e-11 1.791245509287067711e-11 2.225351781928183758e-11 1.861751454325332197e-11 2.066537316108336528e-13 -2.094727885663317478e-11
1.691617738620096175e-12 9.733976907304802825e-12 4.200333024436740919e-11 1.258040236515588887e-11 5.581860955421771027e-13 9.150811865161812005e-13 -9.915358688781908533e-13 -6.017469584017184071e-13 -1.037543900766404516e-12 -2.848040532912567149e-13 -7.037711043109254412e-13 1.723719285388499654e-13 -1.385460549959593509e-12 1.382367657788290736e-12 4.170636313571935985e-12 7.157970422261562729e-12 1.221693618773610358e-11 1.501706109679621969e-11 1.249766035551674910e-11 9.655910190910963576e-12 3.808971312268900384e-12 -1.656780876786064327e-12 -2.302308498216450020e-12 6.419547583841147976e-13 -5.897987882365810285e-12 2.699508212203750851e-12
6.520140567019224178e-12 5.207396991202926602e-12 1.258040236515588887e-11 4.104260855273393826e-11 1.159667112998587390e-11 9.087277748975612685e-12 6.412270902351838680e-12 2.327600310159336630e-12 2.803509897493190763e-12 3.702292220666022766e-12 3.322977491965989534e-12 5.343908721829918824e-12 3.105585200824680041e-12 4.858429644258316143e-12 7.026005808187925111e-12 8.207824646207481416e-12 9.890580808782551487e-12 8.145828923916891828e-12 1.210001771426789728e-11 1.247617157471538145e-11 7.410223973656354325e-12 2.648782075066680062e-12 7.772195895638811791e-12 1.484208721028851145e-11 9.308674462880197643e-12 -5.993791582784929303e-12
5.770113108293040302e-12 -2.742876943568184827e-13 5.581860955421771027e-13 1.159667112998587390e-11 3.067632179259625583e-11 1.244578815253562823e-11 8.639256449856724134e-12 4.628586358692427552e-12 7.707655903519494323e-12 8.149448790830632520e-12 5.004174837018765502e-12 4.333385797707102169e-12 2.931352352822760473e-12 4.001650845537726227e-12 4.825530766173067211e-12 5.441265215279106290e-12 7.268092223086285396e-12 7.267295486613609091e-12 1.180174652778583756e-11 1.774931774429435255e-11 2.000625705925814462e-11 1.864538173371744690e-11 1.722111084768743848e-11 1.115189452497851980e-11 1.138478038624654764e-11 2.633080997189313481e-12
5.641539637504995399e-12 3.217780336262474028e-13 9.150811865161812005e-13 9.087277748975612685e-12 1.244578815253562823e-11 2.549169138679497716e-11 1.128674340130359259e-11 6.872795697558895802e-12 7.059386551616705020e-12 8.952654872776308103e-12 6.038802558330155008e-12 6.151619947442359127e-12 2.918703364698217125e-12 4.316437130612574835e-12 5.056227961709997066e-12 4.912911322113589878e-12 7.283183029913857746e-12 7.750514550183573170e-12 1.046694901130541203e-11 1.394767999836580554e-11 1.678610782519181766e-11 1.493762143686400427e-11 1.922102869316717653e-11 2.159507262137741410e-11 1.516603525792869576e-11 -1.022424316073782203e-12
2.775346792493661940e-12 -9.513030701413914510e-13 -9.915358688781908533e-13 6.412270902351838680e-12 8.639256449856724134e-12 1.128674340130359259e-11 2.241857456306532875e-11 1.476228956056575027e-11 1.309506582296215602e-11 1.232459959628122536e-11 1.028146770657211445e-11 1.015096477926983577e-11 6.936245349782392324e-12 7.361263741504590377e-12 8.811177372577220422e-12 8.816763123645300979e-12 1.309866803978362519e-11 1.311333753500326532e-11 1.615051083577261271e-11 1.992080118872308668e-11 1.956060634920617895e-11 1.174123591863604540e-11 1.488262357460274438e-11 1.571810016111519942e-11 3.303051764753541249e-12 -1.568203561692212167e-11
1.420774553369711081e-12 -1.498192271721551534e-13 -6.017469584017184071e-13 2.327600310159336630e-12 4.628586358692427552e-12 6.872795697558895802e-12 1.476228956056575027e-11 2.257735500252177902e-11 1.686627051593477306e-11 1.414588169451395407e-11 1.121465443460189499e-11 8.965202916312611428e-12 6.499777103273742504e-12 8.194020484927632413e-12 8.739896472852404398e-12 8.639997227335699105e-12 1.258260142570371274e-11 1.254843110191719494e-11 1.334852397794672231e-11 1.481252237241871639e-11 1.486477792921662306e-11 1.068877358961266528e-11 1.068835651541742393e-11 1.106047298762993575e-11 3.582762149391718925e-12 -1.867698669110064741e-11
-1.928329572566766520e-12 -2.884325149036249103e-14 -1.037543900766404516e-12 2.803509897493190763e-12 7.707655903519494323e-12 7.059386551616705020e-12 1.309506582296215602e-11 1.686627051593477306e-11 2.374263310726620164e-11 1.956546973718930248e-11 1.576802292836600084e-11 1.254358392082423515e-11 1.170057643586698974e-11 1.422937093607316647e-11 1.557006718418338996e-11 1.597529743604400635e-11 1.993947471634115489e-11 2.317710932594661652e-11 2.710639309456030777e-11 2.990930088209271297e-11 2.716509355460027586e-11 1.885340281494314501e-11 1.256767000255761570e-11 1.120976441496222609e-11 3.044327068353715397e-12 -9.298255877980210624e-12
5.746783336059480900e-13 6.184885921184115550e-14 -2.848040532912567149e-13 3.702292220666022766e-12 8.149448790830632520e-12 8.952654872776308103e-12 1.232459959628122536e-11 1.414588169451395407e-11 1.956546973718930248e-11 2.801197606325696246e-11 2.187080497137881786e-11 1.807795827484614648e-11 1.578239200887212650e-11 1.792481562432744547e-11 1.813786380269572607e-11 1.935145421502670104e-11 2.241868256758703820e-11 2.679892471993391232e-11 3.201825915432850169e-11 3.592818086107145119e-11 3.615164504429695532e-11 2.560732154511615044e-11 1.554113720097632127e-11 1.490995181404208694e-11 9.496289668110550744e-12 -4.963373336253136694e-12
-1.104564212217492071e-12 7.262048975052711109e-13 -7.037711043109254412e-13 3.322977491965989534e-12 5.004174837018765502e-12 6.038802558330155008e-12 1.028146770657211445e-11 1.121465443460189499e-11 1.576802292836600084e-11 2.187080497137881786e-11 2.934325311536215233e-11 2.573134346449469523e-11 2.063179679310587365e-11 2.043017829856424096e-11 2.066359722861006594e-11 2.339674806559431236e-11 2.799734750342049909e-11 3.366780090164055007e-11 3.918160157102832326e-11 4.209263875638125247e-11 4.256994524010966683e-11 2.989480498451146416e-11 1.733738630947366582e-11 1.793906349495108392e-11 1.100308610357069828e-11 -4.594970659077217237e-12
-2.689465367385066870e-13 5.482265443528183743e-13 1.723719285388499654e-13 5.343908721829918824e-12 4.333385797707102169e-12 6.151619947442359127e-12 1.015096477926983577e-11 8.965202916312611428e-12 1.254358392082423515e-11 1.807795827484614648e-11 2.573134346449469523e-11 3.394819061658244340e-11 3.016746418242124955e-11 3.005002698236704099e-11 3.122424893518318075e-11 3.453954341447196346e-11 3.940418018809351414e-11 4.557658200385420646e-11 5.249977169590221867e-11 5.763300382148407232e-11 5.884670869622992951e-11 3.618814440976881708e-11 1.297244714555119860e-11 8.089430000113608283e-12 1.007234068026996350e-12 -2.876362604840952922e-12
-8.358548423463149780e-13 -6.152845871496076276e-13 -1.385460549959593509e-12 3.105585200824680041e-12 2.931352352822760473e-12 2.918703364698217125e-12 6.936245349782392324e-12 6.499777103273742504e-12 1.170057643586698974e-11 1.578239200887212650e-11 2.063179679310587365e-11 3.016746418242124955e-11 4.022916297436215843e-11 4.420327305659637186e-11 4.565107982021589520e-11 4.902036557922714914e-11 5.133540172311608458e-11 5.753409771281363925e-11 6.710346229644754828e-11 7.089872218233974673e-11 6.491151042006104733e-11 3.084273512768868749e-11 2.504671164537434639e-12 1.824769904490718765e-13 -2.738426065831469335e-12 -2.830884422821461004e-12
-1.593468949705955341e-12 2.081046060767586986e-12 1.382367657788290736e-12 4.858429644258316143e-12 4.001650845537726227e-12 4.316437130612574835e-12 7.361263741504590377e-12 8.194020484927632413e-12 1.422937093607316647e-11 1.792481562432744547e-11 2.043017829856424096e-11 3.005002698236704099e-11 4.420327305659637186e-11 6.270602838217285287e-11 6.756353930957249100e-11 7.250681087055566056e-11 7.437741747491214650e-11 8.480591061960154430e-11 9.802155822107069660e-11 1.052802250721334884e-10 9.487164528023066212e-11 4.472531886537571809e-11 3.534899273753057739e-12 -6.132230282536732529e-13 -1.209492126732054602e-13 -4.549237665185639742e-13
-3.559621583782719232e-12 2.791772929652027818e-12 4.170636313571935985e-12 7.026005808187925111e-12 4.825530766173067211e-12 5.056227961709997066e-12 8.811177372577220422e-12 8.739896472852404398e-12 1.557006718418338996e-11 1.813786380269572607e-11 2.066359722861006594e-11 3.122424893518318075e-11 4.565107982021589520e-11 6.756353930957249100e-11 8.727524589270944353e-11 9.827868197158219448e-11 1.027259266655745988e-10 1.166949045430305531e-10 1.334537227241897036e-10 1.457025528622066431e-10 1.366151077398460710e-10 7.590948905683420515e-11 1.987418587326697765e-11 3.377317471529987982e-12 -7.225921794317421259e-12 -8.728964997815366378e-12
-4.748003923735178853e-12 2.727378238312666005e-12 7.157970422261562729e-12 8.207824646207481416e-12 5.441265215279106290e-12 4.912911322113589878e-12 8.816763123645300979e-12 8.639997227335699105e-12 1.597529743604400635e-11 1.935145421502670104e-11 2.339674806559431236e-11 3.453954341447196346e-11 4.902036557922714914e-11 7.250681087055566056e-11 9.827868197158219448e-11 1.292913798122449116e-10 1.427786623203137629e-10 1.611558117747923768e-10 1.807455549680186601e-10 1.943214875347813324e-10 1.855523736995944798e-10 1.106569908114815289e-10 3.146881664022213313e-11 7.170470187283087179e-12 -4.485732026988376261e-12 -4.849645617496560187e-12
-8.278365354745149995e-12 2.466756596698274596e-12 1.221693618773610358e-11 9.890580808782551487e-12 7.268092223086285396e-12 7.283183029913857746e-12 1.309866803978362519e-11 1.258260142570371274e-11 1.993947471634115489e-11 2.241868256758703820e-11 2.799734750342049909e-11 3.940418018809351414e-11 5.133540172311608458e-11 7.437741747491214650e-11 1.027259266655745988e-10 1.427786623203137629e-10 1.854510161993231613e-10 2.168902690137352633e-10 2.442768247500930508e-10 2.666879616383065773e-10 2.597168289462307342e-10 1.754987162543257235e-10 7.050633075092952539e-11 1.724905823503708407e-11 -1.789619290390900068e-11 -9.755848516231934614e-12
-8.513005374518351923e-12 6.655109002256724943e-12 1.501706109679621969e-11 8.145828923916891828e-12 7.267295486613609091e-12 7.750514550183573170e-12 1.311333753500326532e-11 1.254843110191719494e-11 2.317710932594661652e-11 2.679892471993391232e-11 3.366780090164055007e-11 4.557658200385420646e-11 5.753409771281363925e-11 8.480591061960154430e-11 1.166949045430305531e-10 1.611558117747923768e-10 2.168902690137352633e-10 2.841237836980509106e-10 3.299450714987117278e-10 3.587893796189728865e-10 3.476431264990812410e-10 2.476417580410780776e-10 1.068628681333416386e-10 2.881731005420999727e-11 -1.164282155008276325e-11 3.948418931433545886e-12
-1.474683308877570662e-11 7.837075576731085291e-12 1.249766035551674910e-11 1.210001771426789728e-11 1.180174652778583756e-11 1.046694901130541203e-11 1.615051083577261271e-11 1.334852397794672231e-11 2.710639309456030777e-11 3.201825915432850169e-11 3.918160157102832326e-11 5.249977169590221867e-11 6.710346229644754828e-11 9.802155822107069660e-11 1.334537227241897036e-10 1.807455549680186601e-10 2.442768247500930508e-10 3.299450714987117278e-10 4.244431526370190216e-10 4.847135577467006733e-10 4.807495804112937530e-10 3.696528198802380094e-10 1.860878359389647387e-10 4.905258802377350923e-11 -2.575627972017162764e-11 -9.880739244014630274e-12
-1.772126498297053346e-11 1.158225537191608258e-11 9.655910190910963576e-12 1.247617157471538145e-11 1.774931774429435255e-11 1.394767999836580554e-11 1.992080118872308668e-11 1.481252237241871639e-11 2.990930088209271297e-11 3.592818086107145119e-11 4.209263875638125247e-11 5.763300382148407232e-11 7.089872218233974673e-11 1.052802250721334884e-10 1.457025528622066431e-10 1.943214875347813324e-10 2.666879616383065773e-10 3.587893796189728865e-10 4.847135577467006733e-10 6.176670634768796162e-10 6.535028302144571823e-10 5.524882846677673873e-10 3.327155507822203404e-10 9.223342678791759421e-11 -5.569301272354912880e-11 -3.294939847504253767e-11
-9.530094504177699523e-12 1.428047177164027816e-11 3.808971312268900384e-12 7.410223973656354325e-12 2.000625705925814462e-11 1.678610782519181766e-11 1.956060634920617895e-11 1.486477792921662306e-11 2.716509355460027586e-11 3.615164504429695532e-11 4.256994524010966683e-11 5.884670869622992951e-11 6.491151042006104733e-11 9.487164528023066212e-11 1.366151077398460710e-10 1.855523736995944798e-10 2.597168289462307342e-10 3.476431264990812410e-10 4.807495804112937530e-10 6.535028302144571823e-10 7.759804921277358587e-10 7.285551012665594161e-10 4.965404869783097753e-10 1.520513978658536129e-10 -8.459184321105424116e-11 -6.511438670794897072e-11
-4.305117011279820576e-12 1.791245509287067711e-11 -1.656780876786064327e-12 2.648782075066680062e-12 1.864538173371744690e-11 1.493762143686400427e-11 1.174123591863604540e-11 1.068877358961266528e-11 1.885340281494314501e-11 2.560732154511615044e-11 2.989480498451146416e-11 3.618814440976881708e-11 3.084273512768868749e-11 4.472531886537571809e-11 7.590948905683420515e-11 1.106569908114815289e-10 1.754987162543257235e-10 2.476417580410780776e-10 3.696528198802380094e-10 5.524882846677673873e-10 7.285551012665594161e-10 8.280485329144536523e-10 6.719928304869822837e-10 2.673165094848890698e-10 -7.949111450763170597e-11 -7.968970064677232022e-11
9.610687397653095368e-12 2.225351781928183758e-11 -2.302308498216450020e-12 7.772195895638811791e-12 1.722111084768743848e-11 1.922102869316717653e-11 1.488262357460274438e-11 1.068835651541742393e-11 1.256767000255761570e-11 1.554113720097632127e-11 1.733738630947366582e-11 1.297244714555119860e-11 2.504671164537434639e-12 3.534899273753057739e-12 1.987418587326697765e-11 3.146881664022213313e-11 7.050633075092952539e-11 1.068628681333416386e-10 1.860878359389647387e-10 3.327155507822203404e-10 4.965404869783097753e-10 6.719928304869822837e-10 7.301408100059048425e-10 4.446433054535875039e-10 2.289797490332126630e-11 -8.022365513304934412e-11
2.480673637046865947e-11 1.861751454325332197e-11 6.419547583841147976e-13 1.484208721028851145e-11 1.115189452497851980e-11 2.159507262137741410e-11 1.571810016111519942e-11 1.106047298762993575e-11 1.120976441496222609e-11 1.490995181404208694e-11 1.793906349495108392e-11 8.089430000113608283e-12 1.824769904490718765e-13 -6.132230282536732529e-13 3.377317471529987982e-12 7.170470187283087179e-12 1.724905823503708407e-11 2.881731005420999727e-11 4.905258802377350923e-11 9.223342678791759421e-11 1.520513978658536129e-10 2.673165094848890698e-10 4.446433054535875039e-10 5.433977967317632089e-10 3.226265850820489121e-10 2.644875379693205268e-11
1.326094053704856633e-11 2.066537316108336528e-13 -5.897987882365810285e-12 9.308674462880197643e-12 1.138478038624654764e-11 1.516603525792869576e-11 3.303051764753541249e-12 3.582762149391718925e-12 3.044327068353715397e-12 9.496289668110550744e-12 1.100308610357069828e-11 1.007234068026996350e-12 -2.738426065831469335e-12 -1.209492126732054602e-13 -7.225921794317421259e-12 -4.485732026988376261e-12 -1.789619290390900068e-11 -1.164282155008276325e-11 -2.575627972017162764e-11 -5.569301272354912880e-11 -8.459184321105424116e-11 -7.949111450763170597e-11 2.289797490332126630e-11 3.226265850820489121e-10 5.940529479188093814e-10 3.314689938199418263e-10
-2.310497419929255888e-11 -2.094727885663317478e-11 2.699508212203750851e-12 -5.993791582784929303e-12 2.633080997189313481e-12 -1.022424316073782203e-12 -1.568203561692212167e-11 -1.867698669110064741e-11 -9.298255877980210624e-12 -4.963373336253136694e-12 -4.594970659077217237e-12 -2.876362604840952922e-12 -2.830884422821461004e-12 -4.549237665185639742e-13 -8.728964997815366378e-12 -4.849645617496560187e-12 -9.755848516231934614e-12 3.948418931433545886e-12 -9.880739244014630274e-12 -3.294939847504253767e-11 -6.511438670794897072e-11 -7.968970064677232022e-11 -8.022365513304934412e-11 2.644875379693205268e-11 3.314689938199418263e-10 5.687055772275261791e-10
