7.216038229087917421e-11 1.456545556885810225e-11 3.908119144826757545e-12 1.885034131845899074e-12 3.472725101749906528e-12 5.480582659711041799e-12 2.561070713411350197e-13 5.140063238236383871e-12 4.117780500147638951e-12 7.606847307427129614e-12 7.866865199502471094e-12 6.110815579621422011e-12 4.395216984535742743e-12 4.563894379709760375e-12 2.254038371121706170e-12 1.475350341447113388e-12 4.449657214138663626e-12 1.149080610160544019e-11 1.535272150919739023e-11 1.805172738097392541e-11 2.352204737652713699e-11 2.620954719181021030e-11 3.299469459237588565e-11 3.439507194770425623e-11 1.314357121969060897e-11 -1.858602622907329902e-11
1.456545556885810225e-11 4.840812574044401174e-11 9.368218404661614840e-12 4.709042362398276219e-12 3.086134715290262153e-12 1.537079575075094415e-12 1.759344642182218199e-12 -3.056322649934502847e-12 -4.485594263539784317e-12 -1.977730228240959903e-12 -3.208092012034367861e-12 4.507960946655177611e-13 2.341393803178973996e-12 3.702969342805561838e-12 3.680121121874276031e-12 4.430036728194836180e-12 7.574656754390047136e-12 1.130132670376915750e-11 1.490798884248644780e-11 1.910645919403601536e-11 2.397156414817840174e-11 1.897252455209615829e-11 1.794084703064902495e-11 7.683230667823296343e-12 -1.982795076090303753e-11 -1.812909092905927655e-11
3.908119144826757545e-12 9.368218404661614840e-12 3.500493786975532278e-11 7.399196555850606309e-12 3.417413598661409050e-12 1.532904391530779403e-12 1.159870495876550560e-12 -1.323520089383985936e-13 -2.248502737883184630e-13 5.248280342913793027e-13 -3.508683876613892550e-13 8.690089299670191802e-13 1.768235277340771535e-13 4.124839631632675249e-13 3.015151760569916151e-12 3.964291683424539716e-12 8.447041975155319166e-12 8.155615495021988063e-12 9.424743303969077104e-12 6.417782134039148378e-12 -1.055346519478303400e-12 -3.637363055680985072e-12 6.363735789433898891e-13 1.031717568529002847e-11 1.740857399434507374e-12 -5.281570507035307998e-12
1.885034131845899074e-12 4.709042362398276219e-12 7.399196555850606309e-12 2.969447034995468620e-11 9.066174499301312791e-12 6.712948149082288477e-12 6.479789793163742083e-12 3.215382148485662122e-12 4.952418463880297402e-12 5.427711000194671256e-12 2.794535315387622537e-12 1.596516247073185186e-12 7.245714056750263880e-13 2.832172345270300590e-12 3.254656080612547627e-12 4.709510653634207686e-12 7.053147507065134053e-12 7.526469035242257156e-12 1.137236007050474499e-11 1.324717329397761085e-11 1.142339404002088559e-11 1.149539214630973563e-11 1.253631520018343225e-11 1.257342333994936163e-11 6.989913739289306156e-12 -6.623334483372206353e-12
3.472725101749906528e-12 3.086134715290262153e-12 3.417413598661409050e-12 9.066174499301312791e-12 2.718328520600266213e-11 1.121062675813039460e-11 8.173953036901494900e-12 3.921082600027985176e-12 4.709963686857861028e-12 5.538463165329347474e-12 4.122009574532120594e-12 2.967084812493266098e-12 1.199757039298708317e-12 2.512798421223577046e-12 2.957351087747091064e-12 3.493809059842854239e-12 5.627648444361999620e-12 4.396589178015404809e-12 6.524628201616213183e-12 1.082253786089794384e-11 8.324792747513547671e-12 5.577941532202789922e-12 5.733135115223611670e-12 8.968546371765110807e-12 1.307300019838077764e-11 2.379263758083454763e-12
5.480582659711041799e-12 1.537079575075094415e-12 1.532904391530779403e-12 6.712948149082288477e-12 1.121062675813039460e-11 2.186283870770626321e-11 1.399061161043150606e-11 9.268610644766954942e-12 7.955677955887353311e-12 1.047610739976890237e-11 8.390038055804659722e-12 6.828542424243667819e-12 4.367881907569460770e-12 5.576659369929154069e-12 6.341026643728823665e-12 6.552295381324549874e-12 8.289930764980208609e-12 9.683850585573699226e-12 1.212499374287233305e-11 1.409511033720130086e-11 1.555948482577300494e-11 1.056676433415883876e-11 1.594124043635821720e-11 2.000251661629051834e-11 1.250987763792158570e-11 -8.052018186624252838e-12
2.561070713411350197e-13 1.759344642182218199e-12 1.159870495876550560e-12 6.479789793163742083e-12 8.173953036901494900e-12 1.399061161043150606e-11 2.379193494527052700e-11 1.373239422312606981e-11 1.092438672262838048e-11 1.041198233499843010e-11 8.854619758711581813e-12 8.578184221327942224e-12 7.464724629575218734e-12 8.769600893590745946e-12 1.116570232140676468e-11 1.066899034134630216e-11 1.506009629508057747e-11 1.656504216440524040e-11 1.914701161430642810e-11 2.153172738641828009e-11 1.950201161024656265e-11 9.022270341944574595e-12 9.380727995724556467e-12 9.584567948533888049e-12 -1.012978509519826925e-12 -1.969802075606858162e-11
5.140063238236383871e-12 -3.056322649934502847e-12 -1.323520089383985936e-13 3.215382148485662122e-12 3.921082600027985176e-12 9.268610644766954942e-12 1.373239422312606981e-11 2.214590964382930522e-11 1.577001138144288248e-11 1.405971160851161196e-11 1.099178620704604339e-11 8.495036357132586604e-12 6.717098419863823959e-12 7.430986033101135655e-12 8.094645937298563874e-12 8.614978594499793088e-12 1.340822270983480947e-11 1.546170863430627381e-11 1.565293597579711276e-11 1.606414629352587368e-11 1.534132488813117748e-11 9.980420597067758971e-12 7.072603316943368144e-12 8.744059635791041619e-12 3.821490610599981538e-12 -1.521856930104110197e-11
4.117780500147638951e-12 -4.485594263539784317e-12 -2.248502737883184630e-13 4.952418463880297402e-12 4.709963686857861028e-12 7.955677955887353311e-12 1.092438672262838048e-11 1.577001138144288248e-11 2.128671881436059952e-11 1.769231555791685491e-11 1.450599006765264547e-11 1.087540329149795794e-11 1.045490527181761689e-11 1.260119970651349792e-11 1.388902432116173312e-11 1.497989585453210889e-11 1.816365222747993850e-11 2.124912876259277837e-11 2.444141055797234097e-11 2.499564842532081231e-11 2.133506873144078040e-11 1.316186153068047776e-11 9.080710111811309184e-12 1.296926174332371240e-11 7.674523477482708983e-12 -5.724814344119895543e-12
7.606847307427129614e-12 -1.977730228240959903e-12 5.248280342913793027e-13 5.427711000194671256e-12 5.538463165329347474e-12 1.047610739976890237e-11 1.041198233499843010e-11 1.405971160851161196e-11 1.769231555791685491e-11 2.594171724174425027e-11 2.150011180908949030e-11 1.658161044003451887e-11 1.540518094410744980e-11 1.762015654492477958e-11 1.744477469752150524e-11 1.927415148256365376e-11 2.204855875126711548e-11 2.695067403812073101e-11 3.253634136783056417e-11 3.589329746489762652e-11 3.513370634273099654e-11 2.362632448765795919e-11 1.310455051293525839e-11 1.349725066233185055e-11 9.524906231883718595e-12 -6.589549502094495670e-12
7.866865199502471094e-12 -3.208092012034367861e-12 -3.508683876613892550e-13 2.794535315387622537e-12 4.122009574532120594e-12 8.390038055804659722e-12 8.854619758711581813e-12 1.099178620704604339e-11 1.450599006765264547e-11 2.150011180908949030e-11 2.920800629972110881e-11 2.488533730518534072e-11 2.055550534477469004e-11 2.039211310983835878e-11 2.069573408130486174e-11 2.388184092456982213e-11 2.789856133234805640e-11 3.371053208766624527e-11 3.922855512319585630e-11 4.260124049101649767e-11 4.298234103173653284e-11 3.086974439758585420e-11 1.907809822890441229e-11 1.971950730650526571e-11 1.341916726107513383e-11 -4.866265468802977155e-12
6.110815579621422011e-12 4.507960946655177611e-13 8.690089299670191802e-13 1.596516247073185186e-12 2.967084812493266098e-12 6.828542424243667819e-12 8.578184221327942224e-12 8.495036357132586604e-12 1.087540329149795794e-11 1.658161044003451887e-11 2.488533730518534072e-11 3.348455084760247396e-11 3.023337293886946306e-11 3.002693986790593470e-11 3.085043896320839918e-11 3.493358055672477460e-11 3.977086318830503238e-11 4.636524674047710411e-11 5.384901028047627648e-11 5.849473325017750148e-11 5.794075672304373614e-11 3.393727587853147941e-11 1.021458804967665648e-11 6.809167193918036764e-12 3.057229531484781385e-12 3.166307983233008717e-12
4.395216984535742743e-12 2.341393803178973996e-12 1.768235277340771535e-13 7.245714056750263880e-13 1.199757039298708317e-12 4.367881907569460770e-12 7.464724629575218734e-12 6.717098419863823959e-12 1.045490527181761689e-11 1.540518094410744980e-11 2.055550534477469004e-11 3.023337293886946306e-11 3.993767496479704971e-11 4.406898021491939345e-11 4.508570776246073444e-11 4.857554640331910390e-11 4.979780367851585185e-11 5.576931851447793793e-11 6.514377970195404774e-11 6.913469255035198553e-11 6.375410261477519968e-11 3.115621045560165463e-11 3.556355187383735941e-12 4.554210838307843365e-13 -3.487040120420980286e-12 -3.153855591778442610e-12
4.563894379709760375e-12 3.702969342805561838e-12 4.124839631632675249e-13 2.832172345270300590e-12 2.512798421223577046e-12 5.576659369929154069e-12 8.769600893590745946e-12 7.430986033101135655e-12 1.260119970651349792e-11 1.762015654492477958e-11 2.039211310983835878e-11 3.002693986790593470e-11 4.406898021491939345e-11 6.318615305608117767e-11 6.779601367301467739e-11 7.383432142204341858e-11 7.487655444947847293e-11 8.525731729437202843e-11 9.851044459261174785e-11 1.055860382862464273e-10 9.568768539733448434e-11 4.592202690962398651e-11 4.693951039902510142e-12 3.040822546511571320e-14 -2.435155824026013354e-14 -1.005627733494631262e-12
2.254038371121706170e-12 3.680121121874276031e-12 3.015151760569916151e-12 3.254656080612547627e-12 2.957351087747091064e-12 6.341026643728823665e-12 1.116570232140676468e-11 8.094645937298563874e-12 1.388902432116173312e-11 1.744477469752150524e-11 2.069573408130486174e-11 3.085043896320839918e-11 4.508570776246073444e-11 6.779601367301467739e-11 8.737938487208321333e-11 9.914043433686885023e-11 1.021561299986970496e-10 1.165641696781973502e-10 1.332333247971271710e-10 1.452470826421822096e-10 1.356221090357649263e-10 7.492537689466297595e-11 1.946347629930662884e-11 2.194926583940276164e-12 -7.792210449900075362e-12 -9.498616502856726982e-12
1.475350341447113388e-12 4.430036728194836180e-12 3.964291683424539716e-12 4.709510653634207686e-12 3.493809059842854239e-12 6.552295381324549874e-12 1.066899034134630216e-11 8.614978594499793088e-12 1.497989585453210889e-11 1.927415148256365376e-11 2.388184092456982213e-11 3.493358055672477460e-11 4.857554640331910390e-11 7.383432142204341858e-11 9.914043433686885023e-11 1.306195186043469734e-10 1.428792846290676527e-10 1.616024323148051902e-10 1.807191876818437379e-10 1.942484963178398713e-10 1.848319850946737407e-10 1.093450764752402099e-10 3.039441133469364952e-11 7.196645582056042785e-12 -4.148188753825011191e-12 -5.976819175473834642e-12
4.449657214138663626e-12 7.574656754390047136e-12 8.447041975155319166e-12 7.053147507065134053e-12 5.627648444361999620e-12 8.289930764980208609e-12 1.506009629508057747e-11 1.340822270983480947e-11 1.816365222747993850e-11 2.204855875126711548e-11 2.789856133234805640e-11 3.977086318830503238e-11 4.979780367851585185e-11 7.487655444947847293e-11 1.021561299986970496e-10 1.428792846290676527e-10 1.848941848590652771e-10 2.166345479274684815e-10 2.437846717551030655e-10 2.663315534923287606e-10 2.593215240545903695e-10 1.755084836813679606e-10 7.026089461742564947e-11 1.632242227485545174e-11 -1.836329778840669764e-11 -9.285353858282500517e-12
1.149080610160544019e-11 1.130132670376915750e-11 8.155615495021988063e-12 7.526469035242257156e-12 4.396589178015404809e-12 9.683850585573699226e-12 1.656504216440524040e-11 1.546170863430627381e-11 2.124912876259277837e-11 2.695067403812073101e-11 3.371053208766624527e-11 4.636524674047710411e-11 5.576931851447793793e-11 8.525731729437202843e-11 1.165641696781973502e-10 1.616024323148051902e-10 2.166345479274684815e-10 2.836307382563992422e-10 3.291549644963468750e-10 3.582226579893681453e-10 3.467542446220436581e-10 2.467820760020986956e-10 1.063215780136044657e-10 2.784024566490399059e-11 -1.207477746169058087e-11 3.507812962602194235e-12
1.535272150919739023e-11 1.490798884248644780e-11 9.424743303969077104e-12 1.137236007050474499e-11 6.524628201616213183e-12 1.212499374287233305e-11 1.914701161430642810e-11 1.565293597579711276e-11 2.444141055797234097e-11 3.253634136783056417e-11 3.922855512319585630e-11 5.384901028047627648e-11 6.514377970195404774e-11 9.851044459261174785e-11 1.332333247971271710e-10 1.807191876818437379e-10 2.437846717551030655e-10 3.291549644963468750e-10 4.236409066763213154e-10 4.846252361292321081e-10 4.809280055109943573e-10 3.701255603746324404e-10 1.871485544408621669e-10 4.898804292727816912e-11 -2.560764435050993889e-11 -9.849874160326295258e-12
1.805172738097392541e-11 1.910645919403601536e-11 6.417782134039148378e-12 1.324717329397761085e-11 1.082253786089794384e-11 1.409511033720130086e-11 2.153172738641828009e-11 1.606414629352587368e-11 2.499564842532081231e-11 3.589329746489762652e-11 4.260124049101649767e-11 5.849473325017750148e-11 6.913469255035198553e-11 1.055860382862464273e-10 1.452470826421822096e-10 1.942484963178398713e-10 2.663315534923287606e-10 3.582226579893681453e-10 4.846252361292321081e-10 6.169153874516105066e-10 6.530641752254594539e-10 5.516485226358092397e-10 3.321794865202470883e-10 9.078287394505602745e-11 -5.635067936312140853e-11 -3.312681824384569526e-11
2.352204737652713699e-11 2.397156414817840174e-11 -1.055346519478303400e-12 1.142339404002088559e-11 8.324792747513547671e-12 1.555948482577300494e-11 1.950201161024656265e-11 1.534132488813117748e-11 2.133506873144078040e-11 3.513370634273099654e-11 4.298234103173653284e-11 5.794075672304373614e-11 6.375410261477519968e-11 9.568768539733448434e-11 1.356221090357649263e-10 1.848319850946737407e-10 2.593215240545903695e-10 3.467542446220436581e-10 4.809280055109943573e-10 6.530641752254594539e-10 7.758954218593823309e-10 7.281834727406748917e-10 4.972685046565242514e-10 1.517337107564553633e-10 -8.495796941862646009e-11 -6.563264720642955882e-11
2.620954719181021030e-11 1.897252455209615829e-11 -3.637363055680985072e-12 1.149539214630973563e-11 5.577941532202789922e-12 1.056676433415883876e-11 9.022270341944574595e-12 9.980420597067758971e-12 1.316186153068047776e-11 2.362632448765795919e-11 3.086974439758585420e-11 3.393727587853147941e-11 3.115621045560165463e-11 4.592202690962398651e-11 7.492537689466297595e-11 1.093450764752402099e-10 1.755084836813679606e-10 2.467820760020986956e-10 3.701255603746324404e-10 5.516485226358092397e-10 7.281834727406748917e-10 8.262947468529218886e-10 6.714813416153972076e-10 2.665296689272457354e-10 -7.941363594533334481e-11 -8.013933262147032892e-11
3.299469459237588565e-11 1.794084703064902495e-11 6.363735789433898891e-13 1.253631520018343225e-11 5.733135115223611670e-12 1.594124043635821720e-11 9.380727995724556467e-12 7.072603316943368144e-12 9.080710111811309184e-12 1.310455051293525839e-11 1.907809822890441229e-11 1.021458804967665648e-11 3.556355187383735941e-12 4.693951039902510142e-12 1.946347629930662884e-11 3.039441133469364952e-11 7.026089461742564947e-11 1.063215780136044657e-10 1.871485544408621669e-10 3.321794865202470883e-10 4.972685046565242514e-10 6.714813416153972076e-10 7.302471456606739487e-10 4.437998485841475277e-10 2.231747103508380019e-11 -8.067761392313899006e-11
3.439507194770425623e-11 7.683230667823296343e-12 1.031717568529002847e-11 1.257342333994936163e-11 8.968546371765110807e-12 2.000251661629051834e-11 9.584567948533888049e-12 8.744059635791041619e-12 1.296926174332371240e-11 1.349725066233185055e-11 1.971950730650526571e-11 6.809167193918036764e-12 4.554210838307843365e-13 3.040822546511571320e-14 2.194926583940276164e-12 7.196645582056042785e-12 1.632242227485545174e-11 2.784024566490399059e-11 4.898804292727816912e-11 9.078287394505602745e-11 1.517337107564553633e-10 2.665296689272457354e-10 4.437998485841475277e-10 5.431537845849361107e-10 3.226899988933177461e-10 2.626003289467365276e-11
1.314357121969060897e-11 -1.982795076090303753e-11 1.740857399434507374e-12 6.989913739289306156e-12 1.307300019838077764e-11 1.250987763792158570e-11 -1.012978509519826925e-12 3.821490610599981538e-12 7.674523477482708983e-12 9.524906231883718595e-12 1.341916726107513383e-11 3.057229531484781385e-12 -3.487040120420980286e-12 -2.435155824026013354e-14 -7.792210449900075362e-12 -4.148188753825011191e-12 -1.836329778840669764e-11 -1.207477746169058087e-11 -2.560764435050993889e-11 -5.635067936312140853e-11 -8.495796941862646009e-11 -7.941363594533334481e-11 2.231747103508380019e-11 3.226899988933177461e-10 5.943011708293893356e-10 3.316897835947204276e-10
-1.858602622907329902e-11 -1.812909092905927655e-11 -5.281570507035307998e-12 -6.623334483372206353e-12 2.379263758083454763e-12 -8.052018186624252838e-12 -1.969802075606858162e-11 -1.521856930104110197e-11 -5.724814344119895543e-12 -6.589549502094495670e-12 -4.866265468802977155e-12 3.166307983233008717e-12 -3.153855591778442610e-12 -1.005627733494631262e-12 -9.498616502856726982e-12 -5.976819175473834642e-12 -9.285353858282500517e-12 3.507812962602194235e-12 -9.849874160326295258e-12 -3.312681824384569526e-11 -6.563264720642955882e-11 -8.013933262147032892e-11 -8.067761392313899006e-11 2.626003289467365276e-11 3.316897835947204276e-10 5.686947769191663476e-10
