8.703101778102924113e-11 1.894263395054502306e-11 1.131523972609700184e-11 4.487445011702396120e-12 8.136451709333460839e-12 4.245852683654369946e-12 5.890622848613300593e-12 8.610733176307299807e-12 3.817172930842192543e-12 9.183597810905938662e-13 6.373632312589437588e-13 4.988496171737937132e-12 7.445848329839366119e-12 8.952483524948170604e-12 7.690657758952603014e-12 1.075770598867011111e-11 1.070282062879274406e-11 1.608250922453117061e-11 1.902409805187271245e-11 1.917697337899457832e-11 8.313147155305007288e-12 -1.663920505157920584e-11 -5.733000971673573123e-11 -5.308503474226510432e-11 -2.799004976760766028e-11 -1.968567101670844156e-11
1.894263395054502306e-11 6.294056282990166770e-11 1.708734357539162621e-11 9.358766223726812283e-12 8.517239500331456563e-12 2.265774724944953159e-12 4.600166684426002451e-12 8.824978968705686299e-12 8.903503744845187654e-12 7.501137909674511466e-12 4.266280348999091337e-12 3.897479338557254044e-12 9.204957313417758153e-12 1.603260116627232854e-11 1.970151288043306663e-11 2.339399839047578160e-11 2.948669260606865270e-11 3.563619524495136618e-11 2.818481861192102271e-11 1.743743068483447383e-11 -4.033432882784951925e-12 -2.918614327784512220e-11 -1.491132314189462815e-11 1.551895352829348892e-12 -1.443258303828394348e-11 -1.211129445149959437e-11
1.131523972609700184e-11 1.708734357539162621e-11 4.701987007719328848e-11 1.424632189230074070e-11 7.355234048355766353e-12 3.669395124297912793e-12 2.778327702815617612e-12 4.546002440056178338e-12 8.308217662710573787e-12 6.958031123759616248e-12 6.193031699998440644e-12 6.511509552933861132e-12 9.024999896556909933e-12 1.366158355976920586e-11 1.772492710849622292e-11 1.941335608945281970e-11 2.496255572682939532e-11 3.202899950108764462e-11 2.836953948790893662e-11 2.004487071752579228e-11 -6.440962458434062623e-12 -2.929173347144165280e-11 -3.031410722896207717e-11 -4.210723072351482197e-12 -1.328788912367485922e-12 -4.449728886341393428e-12
4.487445011702396120e-12 9.358766223726812283e-12 1.424632189230074070e-11 3.567296130643002209e-11 1.383733300807824675e-11 8.680276155008540284e-12 3.776590192477728441e-12 3.821702568254572361e-12 4.922237195933743117e-12 6.631950223121469151e-12 5.550436765153069607e-12 4.315184408136603204e-12 5.297061793528674331e-12 8.221732146061920710e-12 1.175637240829214605e-11 1.591468096847365963e-11 2.259201872127415009e-11 2.822372785949307904e-11 3.245602505556151791e-11 3.544535762413429953e-11 2.740248636087813532e-11 9.985526097488910622e-12 7.731589011250796940e-12 1.076284051360738290e-11 6.177060960813576727e-12 -3.016312439083963118e-12
8.136451709333460839e-12 8.517239500331456563e-12 7.355234048355766353e-12 1.383733300807824675e-11 3.345795603842686545e-11 1.842930241609840088e-11 1.226598713665251861e-11 1.105405911899896920e-11 7.829786807272290907e-12 7.000382078092678961e-12 4.393718692366729688e-12 3.261961340514841427e-12 4.557889100337193598e-12 7.100507935827038141e-12 9.462965720642149972e-12 1.452662673258428575e-11 1.593731522558033734e-11 1.521424954742982772e-11 1.548108471877033439e-11 1.148763648370438977e-11 2.146107162961400789e-12 -6.078903496713249008e-12 -2.127913838741777512e-11 -2.519783149900215153e-11 -9.108765201894056020e-13 -7.233424918032639227e-12
4.245852683654369946e-12 2.265774724944953159e-12 3.669395124297912793e-12 8.680276155008540284e-12 1.842930241609840088e-11 3.111840324355227477e-11 1.644665361135573180e-11 1.252942683690938340e-11 1.012654793833608525e-11 7.931035323555616056e-12 6.976709612715066802e-12 4.860270953740119346e-12 8.643193987454423811e-12 9.626929797948575866e-12 1.149793298321917571e-11 1.383347623767685468e-11 1.580770507724742295e-11 2.011250660527440242e-11 2.471576766451780580e-11 2.195832713410720417e-11 1.207558439260650685e-11 1.240373350333053096e-12 -1.919254729769588265e-11 -8.815806049973324149e-12 1.231373917552359879e-11 1.073170710950675574e-11
5.890622848613300593e-12 4.600166684426002451e-12 2.778327702815617612e-12 3.776590192477728441e-12 1.226598713665251861e-11 1.644665361135573180e-11 2.886696380222053221e-11 1.948534389187142141e-11 1.865578534844180676e-11 1.384771541032439389e-11 1.323557392585360289e-11 1.322459806560273843e-11 1.807562467792309710e-11 2.147847803362135703e-11 2.441257660404282002e-11 2.755975930991615686e-11 3.303256518568540254e-11 4.192661557883290252e-11 4.815528621017071343e-11 4.282523680103873767e-11 2.264465911811697122e-11 -8.001658158931365330e-12 -2.311158032987977930e-11 -1.383824232162778007e-11 -1.596478212662779711e-11 -1.553291594732548446e-11
8.610733176307299807e-12 8.824978968705686299e-12 4.546002440056178338e-12 3.821702568254572361e-12 1.105405911899896920e-11 1.252942683690938340e-11 1.948534389187142141e-11 3.003042198238247137e-11 2.627235616617163133e-11 1.991999969860261141e-11 1.708361789845981420e-11 1.623574634159128788e-11 1.930543334140341681e-11 2.250782554002625854e-11 2.676846949761729358e-11 3.250262336422707498e-11 3.871787604568908680e-11 4.516574848339849381e-11 5.135189001953754200e-11 5.051801303699964062e-11 2.959094609367819282e-11 -7.712651587669303400e-12 -2.096891539315813111e-11 -1.173900636036571165e-11 -1.181552803989162302e-11 5.197450775552546830e-13
3.817172930842192543e-12 8.903503744845187654e-12 8.308217662710573787e-12 4.922237195933743117e-12 7.829786807272290907e-12 1.012654793833608525e-11 1.865578534844180676e-11 2.627235616617163133e-11 3.962379466426200840e-11 3.347206401772104987e-11 2.972181772522785289e-11 2.768572928644747952e-11 2.987650542861030014e-11 3.582322551841825196e-11 4.123510406352422911e-11 4.617960914790860113e-11 5.291487061512031414e-11 6.181009443776974586e-11 6.952334761136807527e-11 6.821631666227957653e-11 4.216491636887895875e-11 -4.386577910744665873e-12 -1.415080105710208999e-11 -7.023675206680497906e-12 -2.422233926257443085e-11 -9.252102281565233797e-12
9.183597810905938662e-13 7.501137909674511466e-12 6.958031123759616248e-12 6.631950223121469151e-12 7.000382078092678961e-12 7.931035323555616056e-12 1.384771541032439389e-11 1.991999969860261141e-11 3.347206401772104987e-11 4.431573907244752603e-11 4.132908691350201156e-11 3.874334232505878446e-11 4.309881910757526048e-11 5.068407673226879791e-11 5.885224447739630327e-11 6.635065600623621767e-11 7.570610833202817022e-11 8.620342454069465557e-11 9.496494463855070608e-11 1.004241785614260242e-10 8.117721327902599696e-11 3.658441528678283384e-11 2.877904681095820321e-11 1.414188849020754710e-11 -1.688820352573333953e-11 -1.200042452337171360e-11
6.373632312589437588e-13 4.266280348999091337e-12 6.193031699998440644e-12 5.550436765153069607e-12 4.393718692366729688e-12 6.976709612715066802e-12 1.323557392585360289e-11 1.708361789845981420e-11 2.972181772522785289e-11 4.132908691350201156e-11 5.544599564101382662e-11 5.260639097471857898e-11 5.633144351768241754e-11 6.292300578114123612e-11 7.140636715698059695e-11 7.844236671758630130e-11 8.803992333742501601e-11 9.930637814970959066e-11 1.089421752142990732e-10 1.182259122783764494e-10 1.018778684592443285e-10 4.623546309420834787e-11 3.575122906130241775e-11 1.935328253182855079e-11 -1.584700426849260473e-11 -9.699453913924104991e-12
4.988496171737937132e-12 3.897479338557254044e-12 6.511509552933861132e-12 4.315184408136603204e-12 3.261961340514841427e-12 4.860270953740119346e-12 1.322459806560273843e-11 1.623574634159128788e-11 2.768572928644747952e-11 3.874334232505878446e-11 5.260639097471857898e-11 7.271823824844761256e-11 8.393723403062779931e-11 9.339878633428999276e-11 1.041033502123882797e-10 1.127137628209540150e-10 1.261044944654906220e-10 1.413281615946173193e-10 1.518171174476684757e-10 1.630206089850290962e-10 1.386892625709503949e-10 4.600205555507833505e-11 8.913180092651878606e-12 1.373796058430768191e-12 -4.460359765585413224e-12 -3.946984565837344614e-12
7.445848329839366119e-12 9.204957313417758153e-12 9.024999896556909933e-12 5.297061793528674331e-12 4.557889100337193598e-12 8.643193987454423811e-12 1.807562467792309710e-11 1.930543334140341681e-11 2.987650542861030014e-11 4.309881910757526048e-11 5.633144351768241754e-11 8.393723403062779931e-11 1.187116930175876543e-10 1.350433842993009534e-10 1.502749566261098140e-10 1.631398407894842372e-10 1.828000395839909419e-10 2.045333425437868744e-10 2.156157097813247169e-10 2.236105280827846089e-10 1.764305966886775554e-10 3.953870263612891688e-11 -2.198726493498792496e-11 -1.658649633805459064e-11 7.647201451324686936e-12 1.964921985857775478e-12
8.952483524948170604e-12 1.603260116627232854e-11 1.366158355976920586e-11 8.221732146061920710e-12 7.100507935827038141e-12 9.626929797948575866e-12 2.147847803362135703e-11 2.250782554002625854e-11 3.582322551841825196e-11 5.068407673226879791e-11 6.292300578114123612e-11 9.339878633428999276e-11 1.350433842993009534e-10 1.787254388951864422e-10 2.065525440779942090e-10 2.260778542690214157e-10 2.527900990952344405e-10 2.826459930667439191e-10 3.005254447861886709e-10 3.145653001198895225e-10 2.511108386251817160e-10 7.050902734369399485e-11 -2.195142125763653192e-11 -3.388887748028447994e-11 -1.129244919056540649e-11 -1.013873418208021887e-11
7.690657758952603014e-12 1.970151288043306663e-11 1.772492710849622292e-11 1.175637240829214605e-11 9.462965720642149972e-12 1.149793298321917571e-11 2.441257660404282002e-11 2.676846949761729358e-11 4.123510406352422911e-11 5.885224447739630327e-11 7.140636715698059695e-11 1.041033502123882797e-10 1.502749566261098140e-10 2.065525440779942090e-10 2.712459671756267020e-10 3.124347925915468423e-10 3.557361144695923175e-10 3.984448920051367166e-10 4.279054754934962418e-10 4.579252087779817339e-10 3.825176124307731019e-10 1.374847692305696227e-10 -4.173943797973288407e-12 -3.871630784009270535e-11 -1.956532110733799707e-11 -5.373959143589734125e-12
1.075770598867011111e-11 2.339399839047578160e-11 1.941335608945281970e-11 1.591468096847365963e-11 1.452662673258428575e-11 1.383347623767685468e-11 2.755975930991615686e-11 3.250262336422707498e-11 4.617960914790860113e-11 6.635065600623621767e-11 7.844236671758630130e-11 1.127137628209540150e-10 1.631398407894842372e-10 2.260778542690214157e-10 3.124347925915468423e-10 3.950103741568216414e-10 4.680831365347275482e-10 5.322590832112851409e-10 5.775869469021822682e-10 6.274729296244944630e-10 5.471647322198095657e-10 2.307231832091138322e-10 1.189696624078673693e-11 -5.333986707768253554e-11 -2.349429394356755589e-11 -2.118158556732906616e-11
1.070282062879274406e-11 2.948669260606865270e-11 2.496255572682939532e-11 2.259201872127415009e-11 1.593731522558033734e-11 1.580770507724742295e-11 3.303256518568540254e-11 3.871787604568908680e-11 5.291487061512031414e-11 7.570610833202817022e-11 8.803992333742501601e-11 1.261044944654906220e-10 1.828000395839909419e-10 2.527900990952344405e-10 3.557361144695923175e-10 4.680831365347275482e-10 6.140884987480112027e-10 7.367754923066670497e-10 8.114029990049072394e-10 8.845668790882957304e-10 7.925299203669296760e-10 3.961409933498071714e-10 7.946107188712001378e-11 -2.386878961071670310e-11 2.974195643510139835e-13 -3.569922828792247216e-11
1.608250922453117061e-11 3.563619524495136618e-11 3.202899950108764462e-11 2.822372785949307904e-11 1.521424954742982772e-11 2.011250660527440242e-11 4.192661557883290252e-11 4.516574848339849381e-11 6.181009443776974586e-11 8.620342454069465557e-11 9.930637814970959066e-11 1.413281615946173193e-10 2.045333425437868744e-10 2.826459930667439191e-10 3.984448920051367166e-10 5.322590832112851409e-10 7.367754923066670497e-10 9.649513034185417019e-10 1.108670452106399504e-09 1.233993674589147174e-09 1.157698884343249551e-09 6.796617497651359696e-10 2.059943655578611100e-10 1.882250686922071176e-11 9.747690729605432319e-12 -7.039376060101614764e-11
1.902409805187271245e-11 2.818481861192102271e-11 2.836953948790893662e-11 3.245602505556151791e-11 1.548108471877033439e-11 2.471576766451780580e-11 4.815528621017071343e-11 5.135189001953754200e-11 6.952334761136807527e-11 9.496494463855070608e-11 1.089421752142990732e-10 1.518171174476684757e-10 2.156157097813247169e-10 3.005254447861886709e-10 4.279054754934962418e-10 5.775869469021822682e-10 8.114029990049072394e-10 1.108670452106399504e-09 1.379524317662271598e-09 1.619697398921459361e-09 1.613461626383514200e-09 1.092094177324503032e-09 4.202088680959116774e-10 7.793269702345254341e-11 2.333250319027047466e-11 -1.148237122248798493e-10
1.917697337899457832e-11 1.743743068483447383e-11 2.004487071752579228e-11 3.544535762413429953e-11 1.148763648370438977e-11 2.195832713410720417e-11 4.282523680103873767e-11 5.051801303699964062e-11 6.821631666227957653e-11 1.004241785614260242e-10 1.182259122783764494e-10 1.630206089850290962e-10 2.236105280827846089e-10 3.145653001198895225e-10 4.579252087779817339e-10 6.274729296244944630e-10 8.845668790882957304e-10 1.233993674589147174e-09 1.619697398921459361e-09 2.077062307970662514e-09 2.235487326224504491e-09 1.703011186902908010e-09 7.880223259632762779e-10 1.620429551240937615e-10 4.450562202395227105e-11 -1.528681208600942437e-10
8.313147155305007288e-12 -4.033432882784951925e-12 -6.440962458434062623e-12 2.740248636087813532e-11 2.146107162961400789e-12 1.207558439260650685e-11 2.264465911811697122e-11 2.959094609367819282e-11 4.216491636887895875e-11 8.117721327902599696e-11 1.018778684592443285e-10 1.386892625709503949e-10 1.764305966886775554e-10 2.511108386251817160e-10 3.825176124307731019e-10 5.471647322198095657e-10 7.925299203669296760e-10 1.157698884343249551e-09 1.613461626383514200e-09 2.235487326224504491e-09 2.723998631336481092e-09 2.433242323999817543e-09 1.415423923526439021e-09 3.715457895419707452e-10 4.737451949725105434e-11 -2.113919125899549565e-10
-1.663920505157920584e-11 -2.918614327784512220e-11 -2.929173347144165280e-11 9.985526097488910622e-12 -6.078903496713249008e-12 1.240373350333053096e-12 -8.001658158931365330e-12 -7.712651587669303400e-12 -4.386577910744665873e-12 3.658441528678283384e-11 4.623546309420834787e-11 4.600205555507833505e-11 3.953870263612891688e-11 7.050902734369399485e-11 1.374847692305696227e-10 2.307231832091138322e-10 3.961409933498071714e-10 6.796617497651359696e-10 1.092094177324503032e-09 1.703011186902908010e-09 2.433242323999817543e-09 2.791462716931055200e-09 2.125776664286066624e-09 8.312315707948686599e-10 7.743579614825467262e-11 -2.670369878943332949e-10
-5.733000971673573123e-11 -1.491132314189462815e-11 -3.031410722896207717e-11 7.731589011250796940e-12 -2.127913838741777512e-11 -1.919254729769588265e-11 -2.311158032987977930e-11 -2.096891539315813111e-11 -1.415080105710208999e-11 2.877904681095820321e-11 3.575122906130241775e-11 8.913180092651878606e-12 -2.198726493498792496e-11 -2.195142125763653192e-11 -4.173943797973288407e-12 1.189696624078673693e-11 7.946107188712001378e-11 2.059943655578611100e-10 4.202088680959116774e-10 7.880223259632762779e-10 1.415423923526439021e-09 2.125776664286066624e-09 2.393747808432577831e-09 1.526085363333979438e-09 2.731456623247056894e-10 -1.631923860606814544e-10
-5.308503474226510432e-11 1.551895352829348892e-12 -4.210723072351482197e-12 1.076284051360738290e-11 -2.519783149900215153e-11 -8.815806049973324149e-12 -1.383824232162778007e-11 -1.173900636036571165e-11 -7.023675206680497906e-12 1.414188849020754710e-11 1.935328253182855079e-11 1.373796058430768191e-12 -1.658649633805459064e-11 -3.388887748028447994e-11 -3.871630784009270535e-11 -5.333986707768253554e-11 -2.386878961071670310e-11 1.882250686922071176e-11 7.793269702345254341e-11 1.620429551240937615e-10 3.715457895419707452e-10 8.312315707948686599e-10 1.526085363333979438e-09 1.803616362518611668e-09 8.807768913215102954e-10 1.173822723409948217e-10
-2.799004976760766028e-11 -1.443258303828394348e-11 -1.328788912367485922e-12 6.177060960813576727e-12 -9.108765201894056020e-13 1.231373917552359879e-11 -1.596478212662779711e-11 -1.181552803989162302e-11 -2.422233926257443085e-11 -1.688820352573333953e-11 -1.584700426849260473e-11 -4.460359765585413224e-12 7.647201451324686936e-12 -1.129244919056540649e-11 -1.956532110733799707e-11 -2.349429394356755589e-11 2.974195643510139835e-13 9.747690729605432319e-12 2.333250319027047466e-11 4.450562202395227105e-11 4.737451949725105434e-11 7.743579614825467262e-11 2.731456623247056894e-10 8.807768913215102954e-10 1.605404594733980530e-09 8.549304812066124248e-10
-1.968567101670844156e-11 -1.211129445149959437e-11 -4.449728886341393428e-12 -3.016312439083963118e-12 -7.233424918032639227e-12 1.073170710950675574e-11 -1.553291594732548446e-11 5.197450775552546830e-13 -9.252102281565233797e-12 -1.200042452337171360e-11 -9.699453913924104991e-12 -3.946984565837344614e-12 1.964921985857775478e-12 -1.013873418208021887e-11 -5.373959143589734125e-12 -2.118158556732906616e-11 -3.569922828792247216e-11 -7.039376060101614764e-11 -1.148237122248798493e-10 -1.528681208600942437e-10 -2.113919125899549565e-10 -2.670369878943332949e-10 -1.631923860606814544e-10 1.173822723409948217e-10 8.549304812066124248e-10 1.465349034935274827e-09
