8.703101778102937037e-11 1.894263395054508122e-11 1.131523972609702284e-11 4.487445011702437317e-12 8.136451709333409140e-12 4.245852683653983821e-12 5.890622848613276359e-12 8.610733176307501755e-12 3.817172930842191735e-12 9.183597810906176961e-13 6.373632312587988608e-13 4.988496171737902397e-12 7.445848329839576145e-12 8.952483524948052666e-12 7.690657758952522235e-12 1.075770598867027429e-11 1.070282062879292178e-11 1.608250922453129662e-11 1.902409805187260905e-11 1.917697337899451370e-11 8.313147155305178541e-12 -1.663920505157933186e-11 -5.733000971673538226e-11 -5.308503474226484583e-11 -2.799004976760804479e-11 -1.968567101670931721e-11
1.894263395054508122e-11 6.294056282990196497e-11 1.708734357539163591e-11 9.358766223726754121e-12 8.517239500331324084e-12 2.265774724945004050e-12 4.600166684426179358e-12 8.824978968705620059e-12 8.903503744845092335e-12 7.501137909674406453e-12 4.266280348998961283e-12 3.897479338557114296e-12 9.204957313417892247e-12 1.603260116627255795e-11 1.970151288043283075e-11 2.339399839047560712e-11 2.948669260606828434e-11 3.563619524495120462e-11 2.818481861192063820e-11 1.743743068483400854e-11 -4.033432882785447103e-12 -2.918614327784541300e-11 -1.491132314189475093e-11 1.551895352829392715e-12 -1.443258303828328432e-11 -1.211129445149877203e-11
1.131523972609702284e-11 1.708734357539163591e-11 4.701987007719296536e-11 1.424632189230051129e-11 7.355234048355619335e-12 3.669395124298012960e-12 2.778327702815580857e-12 4.546002440056125831e-12 8.308217662710400919e-12 6.958031123759767306e-12 6.193031699998342093e-12 6.511509552933680994e-12 9.024999896556777455e-12 1.366158355976895221e-11 1.772492710849599027e-11 1.941335608945241903e-11 2.496255572682858429e-11 3.202899950108694668e-11 2.836953948790838408e-11 2.004487071752554348e-11 -6.440962458434321117e-12 -2.929173347144123921e-11 -3.031410722896133400e-11 -4.210723072350928050e-12 -1.328788912367508339e-12 -4.449728886341053347e-12
4.487445011702437317e-12 9.358766223726754121e-12 1.424632189230051129e-11 3.567296130643024827e-11 1.383733300807828876e-11 8.680276155008533822e-12 3.776590192477534570e-12 3.821702568254510161e-12 4.922237195933937795e-12 6.631950223121556392e-12 5.550436765153019524e-12 4.315184408136384292e-12 5.297061793528440879e-12 8.221732146061793079e-12 1.175637240829216383e-11 1.591468096847387935e-11 2.259201872127437950e-11 2.822372785949348293e-11 3.245602505556201551e-11 3.544535762413501685e-11 2.740248636087864261e-11 9.985526097489317750e-12 7.731589011250522290e-12 1.076284051360644747e-11 6.177060960812550021e-12 -3.016312439084396903e-12
8.136451709333409140e-12 8.517239500331324084e-12 7.355234048355619335e-12 1.383733300807828876e-11 3.345795603842702700e-11 1.842930241609842026e-11 1.226598713665236190e-11 1.105405911899906613e-11 7.829786807272562325e-12 7.000382078092808208e-12 4.393718692366816121e-12 3.261961340514908878e-12 4.557889100337028808e-12 7.100507935826899200e-12 9.462965720641922174e-12 1.452662673258412419e-11 1.593731522558023717e-11 1.521424954742999574e-11 1.548108471877068982e-11 1.148763648370483406e-11 2.146107162962142747e-12 -6.078903496712152832e-12 -2.127913838741798191e-11 -2.519783149900265559e-11 -9.108765201903075035e-13 -7.233424918033089976e-12
4.245852683653983821e-12 2.265774724945004050e-12 3.669395124298012960e-12 8.680276155008533822e-12 1.842930241609842026e-11 3.111840324355224246e-11 1.644665361135562194e-11 1.252942683690945610e-11 1.012654793833632758e-11 7.931035323555827698e-12 6.976709612715089420e-12 4.860270953740351183e-12 8.643193987454414118e-12 9.626929797948685726e-12 1.149793298321924195e-11 1.383347623767673512e-11 1.580770507724737771e-11 2.011250660527462537e-11 2.471576766451820647e-11 2.195832713410780840e-11 1.207558439260708523e-11 1.240373350334024064e-12 -1.919254729769612176e-11 -8.815806049974141636e-12 1.231373917552164231e-11 1.073170710950538088e-11
5.890622848613276359e-12 4.600166684426179358e-12 2.778327702815580857e-12 3.776590192477534570e-12 1.226598713665236190e-11 1.644665361135562194e-11 2.886696380222020586e-11 1.948534389187128247e-11 1.865578534844182938e-11 1.384771541032438742e-11 1.323557392585346395e-11 1.322459806560264796e-11 1.807562467792283537e-11 2.147847803362103391e-11 2.441257660404238058e-11 2.755975930991572712e-11 3.303256518568509235e-11 4.192661557883287667e-11 4.815528621017037093e-11 4.282523680103824007e-11 2.264465911811621835e-11 -8.001658158931806385e-12 -2.311158032988053539e-11 -1.383824232162787216e-11 -1.596478212662747076e-11 -1.553291594732446018e-11
8.610733176307501755e-12 8.824978968705620059e-12 4.546002440056125831e-12 3.821702568254510161e-12 1.105405911899906613e-11 1.252942683690945610e-11 1.948534389187128247e-11 3.003042198238252953e-11 2.627235616617164426e-11 1.991999969860255648e-11 1.708361789845969788e-11 1.623574634159134605e-11 1.930543334140353314e-11 2.250782554002638779e-11 2.676846949761717725e-11 3.250262336422673894e-11 3.871787604568867967e-11 4.516574848339810607e-11 5.135189001953679237e-11 5.051801303699892976e-11 2.959094609367733979e-11 -7.712651587670156430e-12 -2.096891539315983071e-11 -1.173900636036676017e-11 -1.181552803989224502e-11 5.197450775555610387e-13
3.817172930842191735e-12 8.903503744845092335e-12 8.308217662710400919e-12 4.922237195933937795e-12 7.829786807272562325e-12 1.012654793833632758e-11 1.865578534844182938e-11 2.627235616617164426e-11 3.962379466426220873e-11 3.347206401772125667e-11 2.972181772522779473e-11 2.768572928644760553e-11 2.987650542861015150e-11 3.582322551841790946e-11 4.123510406352360227e-11 4.617960914790801305e-11 5.291487061511977130e-11 6.181009443776948736e-11 6.952334761136775216e-11 6.821631666227908539e-11 4.216491636887833190e-11 -4.386577910745371885e-12 -1.415080105710282831e-11 -7.023675206678955021e-12 -2.422233926257267309e-11 -9.252102281563902553e-12
9.183597810906176961e-13 7.501137909674406453e-12 6.958031123759767306e-12 6.631950223121556392e-12 7.000382078092808208e-12 7.931035323555827698e-12 1.384771541032438742e-11 1.991999969860255648e-11 3.347206401772125667e-11 4.431573907244804948e-11 4.132908691350241222e-11 3.874334232505923683e-11 4.309881910757571931e-11 5.068407673226919858e-11 5.885224447739671686e-11 6.635065600623642447e-11 7.570610833202809267e-11 8.620342454069460387e-11 9.496494463855011155e-11 1.004241785614247059e-10 8.117721327902423920e-11 3.658441528678124410e-11 2.877904681095742450e-11 1.414188849020800270e-11 -1.688820352573376927e-11 -1.200042452337172168e-11
6.373632312587988608e-13 4.266280348998961283e-12 6.193031699998342093e-12 5.550436765153019524e-12 4.393718692366816121e-12 6.976709612715089420e-12 1.323557392585346395e-11 1.708361789845969788e-11 2.972181772522779473e-11 4.132908691350241222e-11 5.544599564101404634e-11 5.260639097471910890e-11 5.633144351768269542e-11 6.292300578114145584e-11 7.140636715698092007e-11 7.844236671758658565e-11 8.803992333742465412e-11 9.930637814970934509e-11 1.089421752142981944e-10 1.182259122783749760e-10 1.018778684592434496e-10 4.623546309420790196e-11 3.575122906130247591e-11 1.935328253182887714e-11 -1.584700426849219437e-11 -9.699453913922785056e-12
4.988496171737902397e-12 3.897479338557114296e-12 6.511509552933680994e-12 4.315184408136384292e-12 3.261961340514908878e-12 4.860270953740351183e-12 1.322459806560264796e-11 1.623574634159134605e-11 2.768572928644760553e-11 3.874334232505923683e-11 5.260639097471910890e-11 7.271823824844838804e-11 8.393723403062825168e-11 9.339878633429034173e-11 1.041033502123885253e-10 1.127137628209546871e-10 1.261044944654908288e-10 1.413281615946180947e-10 1.518171174476686308e-10 1.630206089850284241e-10 1.386892625709506017e-10 4.600205555507842552e-11 8.913180092651907687e-12 1.373796058430853615e-12 -4.460359765586376114e-12 -3.946984565837785670e-12
7.445848329839576145e-12 9.204957313417892247e-12 9.024999896556777455e-12 5.297061793528440879e-12 4.557889100337028808e-12 8.643193987454414118e-12 1.807562467792283537e-11 1.930543334140353314e-11 2.987650542861015150e-11 4.309881910757571931e-11 5.633144351768269542e-11 8.393723403062825168e-11 1.187116930175877318e-10 1.350433842993010826e-10 1.502749566261099691e-10 1.631398407894842113e-10 1.828000395839906059e-10 2.045333425437874431e-10 2.156157097813243808e-10 2.236105280827830321e-10 1.764305966886764697e-10 3.953870263612734653e-11 -2.198726493498870044e-11 -1.658649633805307845e-11 7.647201451325115067e-12 1.964921985857911187e-12
8.952483524948052666e-12 1.603260116627255795e-11 1.366158355976895221e-11 8.221732146061793079e-12 7.100507935826899200e-12 9.626929797948685726e-12 2.147847803362103391e-11 2.250782554002638779e-11 3.582322551841790946e-11 5.068407673226919858e-11 6.292300578114145584e-11 9.339878633429034173e-11 1.350433842993010826e-10 1.787254388951862612e-10 2.065525440779942090e-10 2.260778542690213640e-10 2.527900990952336651e-10 2.826459930667442293e-10 3.005254447861886192e-10 3.145653001198885402e-10 2.511108386251820262e-10 7.050902734369391731e-11 -2.195142125763627665e-11 -3.388887748028274803e-11 -1.129244919056529179e-11 -1.013873418208012355e-11
7.690657758952522235e-12 1.970151288043283075e-11 1.772492710849599027e-11 1.175637240829216383e-11 9.462965720641922174e-12 1.149793298321924195e-11 2.441257660404238058e-11 2.676846949761717725e-11 4.123510406352360227e-11 5.885224447739671686e-11 7.140636715698092007e-11 1.041033502123885253e-10 1.502749566261099691e-10 2.065525440779942090e-10 2.712459671756268571e-10 3.124347925915467389e-10 3.557361144695913869e-10 3.984448920051379057e-10 4.279054754934962935e-10 4.579252087779813720e-10 3.825176124307741359e-10 1.374847692305697520e-10 -4.173943797973798933e-12 -3.871630784009213020e-11 -1.956532110733829111e-11 -5.373959143589479670e-12
1.075770598867027429e-11 2.339399839047560712e-11 1.941335608945241903e-11 1.591468096847387935e-11 1.452662673258412419e-11 1.383347623767673512e-11 2.755975930991572712e-11 3.250262336422673894e-11 4.617960914790801305e-11 6.635065600623642447e-11 7.844236671758658565e-11 1.127137628209546871e-10 1.631398407894842113e-10 2.260778542690213640e-10 3.124347925915467389e-10 3.950103741568209176e-10 4.680831365347258938e-10 5.322590832112855544e-10 5.775869469021814410e-10 6.274729296244936358e-10 5.471647322198113234e-10 2.307231832091147627e-10 1.189696624078690010e-11 -5.333986707768155326e-11 -2.349429394356837338e-11 -2.118158556732951206e-11
1.070282062879292178e-11 2.948669260606828434e-11 2.496255572682858429e-11 2.259201872127437950e-11 1.593731522558023717e-11 1.580770507724737771e-11 3.303256518568509235e-11 3.871787604568867967e-11 5.291487061511977130e-11 7.570610833202809267e-11 8.803992333742465412e-11 1.261044944654908288e-10 1.828000395839906059e-10 2.527900990952336651e-10 3.557361144695913869e-10 4.680831365347258938e-10 6.140884987480074804e-10 7.367754923066662225e-10 8.114029990049041374e-10 8.845668790882918012e-10 7.925299203669287455e-10 3.961409933498064993e-10 7.946107188711958727e-11 -2.386878961071479025e-11 2.974195643510931978e-13 -3.569922828792173545e-11
1.608250922453129662e-11 3.563619524495120462e-11 3.202899950108694668e-11 2.822372785949348293e-11 1.521424954742999574e-11 2.011250660527462537e-11 4.192661557883287667e-11 4.516574848339810607e-11 6.181009443776948736e-11 8.620342454069460387e-11 9.930637814970934509e-11 1.413281615946180947e-10 2.045333425437874431e-10 2.826459930667442293e-10 3.984448920051379057e-10 5.322590832112855544e-10 7.367754923066662225e-10 9.649513034185445970e-10 1.108670452106400744e-09 1.233993674589146554e-09 1.157698884343252446e-09 6.796617497651378307e-10 2.059943655578617821e-10 1.882250686922239197e-11 9.747690729604537284e-12 -7.039376060101702652e-11
1.902409805187260905e-11 2.818481861192063820e-11 2.836953948790838408e-11 3.245602505556201551e-11 1.548108471877068982e-11 2.471576766451820647e-11 4.815528621017037093e-11 5.135189001953679237e-11 6.952334761136775216e-11 9.496494463855011155e-11 1.089421752142981944e-10 1.518171174476686308e-10 2.156157097813243808e-10 3.005254447861886192e-10 4.279054754934962935e-10 5.775869469021814410e-10 8.114029990049041374e-10 1.108670452106400744e-09 1.379524317662269323e-09 1.619697398921454605e-09 1.613461626383513373e-09 1.092094177324502412e-09 4.202088680959122461e-10 7.793269702345422362e-11 2.333250319026841964e-11 -1.148237122248806765e-10
1.917697337899451370e-11 1.743743068483400854e-11 2.004487071752554348e-11 3.544535762413501685e-11 1.148763648370483406e-11 2.195832713410780840e-11 4.282523680103824007e-11 5.051801303699892976e-11 6.821631666227908539e-11 1.004241785614247059e-10 1.182259122783749760e-10 1.630206089850284241e-10 2.236105280827830321e-10 3.145653001198885402e-10 4.579252087779813720e-10 6.274729296244936358e-10 8.845668790882918012e-10 1.233993674589146554e-09 1.619697398921454605e-09 2.077062307970653002e-09 2.235487326224503250e-09 1.703011186902905942e-09 7.880223259632765881e-10 1.620429551240945887e-10 4.450562202395049390e-11 -1.528681208600931322e-10
8.313147155305178541e-12 -4.033432882785447103e-12 -6.440962458434321117e-12 2.740248636087864261e-11 2.146107162962142747e-12 1.207558439260708523e-11 2.264465911811621835e-11 2.959094609367733979e-11 4.216491636887833190e-11 8.117721327902423920e-11 1.018778684592434496e-10 1.386892625709506017e-10 1.764305966886764697e-10 2.511108386251820262e-10 3.825176124307741359e-10 5.471647322198113234e-10 7.925299203669287455e-10 1.157698884343252446e-09 1.613461626383513373e-09 2.235487326224503250e-09 2.723998631336487296e-09 2.433242323999821265e-09 1.415423923526443571e-09 3.715457895419690908e-10 4.737451949724694429e-11 -2.113919125899560939e-10
-1.663920505157933186e-11 -2.918614327784541300e-11 -2.929173347144123921e-11 9.985526097489317750e-12 -6.078903496712152832e-12 1.240373350334024064e-12 -8.001658158931806385e-12 -7.712651587670156430e-12 -4.386577910745371885e-12 3.658441528678124410e-11 4.623546309420790196e-11 4.600205555507842552e-11 3.953870263612734653e-11 7.050902734369391731e-11 1.374847692305697520e-10 2.307231832091147627e-10 3.961409933498064993e-10 6.796617497651378307e-10 1.092094177324502412e-09 1.703011186902905942e-09 2.433242323999821265e-09 2.791462716931058509e-09 2.125776664286074895e-09 8.312315707948666953e-10 7.743579614825206183e-11 -2.670369878943333983e-10
-5.733000971673538226e-11 -1.491132314189475093e-11 -3.031410722896133400e-11 7.731589011250522290e-12 -2.127913838741798191e-11 -1.919254729769612176e-11 -2.311158032988053539e-11 -2.096891539315983071e-11 -1.415080105710282831e-11 2.877904681095742450e-11 3.575122906130247591e-11 8.913180092651907687e-12 -2.198726493498870044e-11 -2.195142125763627665e-11 -4.173943797973798933e-12 1.189696624078690010e-11 7.946107188711958727e-11 2.059943655578617821e-10 4.202088680959122461e-10 7.880223259632765881e-10 1.415423923526443571e-09 2.125776664286074895e-09 2.393747808432592306e-09 1.526085363333977370e-09 2.731456623247033113e-10 -1.631923860606819197e-10
-5.308503474226484583e-11 1.551895352829392715e-12 -4.210723072350928050e-12 1.076284051360644747e-11 -2.519783149900265559e-11 -8.815806049974141636e-12 -1.383824232162787216e-11 -1.173900636036676017e-11 -7.023675206678955021e-12 1.414188849020800270e-11 1.935328253182887714e-11 1.373796058430853615e-12 -1.658649633805307845e-11 -3.388887748028274803e-11 -3.871630784009213020e-11 -5.333986707768155326e-11 -2.386878961071479025e-11 1.882250686922239197e-11 7.793269702345422362e-11 1.620429551240945887e-10 3.715457895419690908e-10 8.312315707948666953e-10 1.526085363333977370e-09 1.803616362518605051e-09 8.807768913215037814e-10 1.173822723409946149e-10
-2.799004976760804479e-11 -1.443258303828328432e-11 -1.328788912367508339e-12 6.177060960812550021e-12 -9.108765201903075035e-13 1.231373917552164231e-11 -1.596478212662747076e-11 -1.181552803989224502e-11 -2.422233926257267309e-11 -1.688820352573376927e-11 -1.584700426849219437e-11 -4.460359765586376114e-12 7.647201451325115067e-12 -1.129244919056529179e-11 -1.956532110733829111e-11 -2.349429394356837338e-11 2.974195643510931978e-13 9.747690729604537284e-12 2.333250319026841964e-11 4.450562202395049390e-11 4.737451949724694429e-11 7.743579614825206183e-11 2.731456623247033113e-10 8.807768913215037814e-10 1.605404594733965640e-09 8.549304812066056006e-10
-1.968567101670931721e-11 -1.211129445149877203e-11 -4.449728886341053347e-12 -3.016312439084396903e-12 -7.233424918033089976e-12 1.073170710950538088e-11 -1.553291594732446018e-11 5.197450775555610387e-13 -9.252102281563902553e-12 -1.200042452337172168e-11 -9.699453913922785056e-12 -3.946984565837785670e-12 1.964921985857911187e-12 -1.013873418208012355e-11 -5.373959143589479670e-12 -2.118158556732951206e-11 -3.569922828792173545e-11 -7.039376060101702652e-11 -1.148237122248806765e-10 -1.528681208600931322e-10 -2.113919125899560939e-10 -2.670369878943333983e-10 -1.631923860606819197e-10 1.173822723409946149e-10 8.549304812066056006e-10 1.465349034935261592e-09
