5.604500755106462498e-11 1.302612532886835949e-11 5.302969042442402363e-12 8.168433340629105581e-13 9.743758566359098110e-13 6.587223735248726194e-13 -1.234696882560715034e-13 -1.953883901887661681e-12 -1.197832301106121699e-12 -1.950903027540509785e-12 -9.344467464244644087e-13 -3.383372179572321610e-12 -7.475105420946859253e-12 -5.793457960748322136e-12 -1.087343693807001146e-12 1.764765130869233960e-12 3.168707037683066663e-12 7.800608306976263013e-13 -5.757742899644588318e-12 -6.806672664996515137e-12 -3.452533736811791555e-12 3.482479990715401607e-12 1.202585093940374389e-11 1.271939060533561175e-11 8.309813033424980991e-12 -3.017797877381144518e-13
1.302612532886835949e-11 4.641676415462193730e-11 1.080634247128427923e-11 5.089046477637069559e-12 5.280587408246410644e-12 4.545840428781849755e-12 3.938845062062049771e-12 7.247357486671234186e-13 -8.885009049916338416e-13 -5.107410389147459200e-13 -1.339559997510800278e-12 4.160866985129952858e-13 -1.728847890481007306e-12 -3.588543874642784183e-12 -2.801476742342531824e-12 -1.677805839275747271e-12 -9.771421720978871646e-13 -3.418842263808132516e-12 -7.682111158059787907e-12 -1.100321620282585685e-11 -9.767991428463885334e-12 -8.340697418230285932e-13 -9.836467198870997812e-13 -8.141301122922427140e-13 -4.592767999057599433e-12 -5.404498899486005411e-12
5.302969042442402363e-12 1.080634247128427923e-11 3.243166937362240473e-11 1.163764328435399298e-11 4.789795932567799207e-12 4.545807577120823042e-12 4.058479487554022807e-12 1.437433363211397528e-12 8.711271722940716179e-13 1.184340829251255027e-12 6.249605204325309975e-13 -1.335426907296131218e-13 -2.668906088292490269e-12 -2.708173636123833428e-12 -3.584173684062166058e-12 -2.038460683973693276e-12 -1.391567947778359608e-12 -3.818772683532951471e-12 -4.574432198345053513e-12 -2.823854707294139040e-12 -1.048881211997448361e-12 -1.646894810836588270e-12 -4.517617236128828491e-12 -6.619737283914793513e-12 3.588237729771624448e-12 7.966325756800028475e-12
8.168433340629105581e-13 5.089046477637069559e-12 1.163764328435399298e-11 2.709136770362279399e-11 1.083870125498721546e-11 8.733391640167431642e-12 6.167590840609748006e-12 2.671673019166456348e-12 2.241276560876955672e-12 1.371810325862655447e-12 1.217831770964819593e-12 4.935032426145842666e-13 -1.668708842514170371e-14 2.138395785334989495e-12 3.618492980669008783e-12 3.825500371033996140e-12 4.543565024274605569e-12 3.894326557394716447e-12 6.028114458205242717e-12 8.959384998730364392e-12 1.269629707910444381e-11 1.132014601311832650e-11 8.248252842537333374e-12 7.730511424560179788e-12 1.317011318717173949e-11 6.649389859628249163e-12
9.743758566359098110e-13 5.280587408246410644e-12 4.789795932567799207e-12 1.083870125498721546e-11 2.540360956600018567e-11 1.273317957006487106e-11 8.689786911302283375e-12 4.506617593896450612e-12 3.074933296767211348e-12 1.789046367360719727e-12 1.695928664578822474e-12 1.450824860242911129e-12 -4.050874084503465728e-14 -1.718311290078428711e-12 -6.031752190019622511e-13 -1.731418691912071484e-12 -1.212988144483249774e-12 -3.474524184405336399e-12 -3.222452229820456350e-12 -1.170142889125525167e-12 -7.118907126595117809e-13 1.687944930957374755e-12 -1.735222405993766444e-13 -6.800854368233052450e-12 -3.438262021559419680e-12 8.757378295723234924e-12
6.587223735248726194e-13 4.545840428781849755e-12 4.545807577120823042e-12 8.733391640167431642e-12 1.273317957006487106e-11 2.109917883706441984e-11 1.280373486624102690e-11 8.529655584071915251e-12 6.672360217757211589e-12 4.111440490818489459e-12 2.413557857984549117e-12 2.398845732633666957e-12 2.274181991730705156e-12 3.582016069464897580e-13 -1.019037779990410999e-13 6.722103213673855561e-13 1.798783403700339438e-12 -1.383543852582900524e-12 -1.906974733388669422e-12 5.911200158425682097e-13 6.530602882668474304e-13 2.677496065262668943e-12 2.913798240071133168e-12 -1.600947580455418883e-12 6.115894810622274014e-13 3.795135287313230078e-12
-1.234696882560715034e-13 3.938845062062049771e-12 4.058479487554022807e-12 6.167590840609748006e-12 8.689786911302283375e-12 1.280373486624102690e-11 1.913386951673578679e-11 1.277197028324353084e-11 9.505908065273487243e-12 6.663819937513009250e-12 4.270382551052308321e-12 3.121040964442133592e-12 1.566296338273969035e-12 3.874466542921300506e-13 1.087035423708070066e-12 3.050238760853886174e-12 4.910540797113661753e-12 3.564866214448437837e-12 3.469646920654064658e-12 5.149607424157522235e-12 5.496618543740250160e-12 3.762056643752875854e-12 4.712290560939981621e-13 -4.095687980972791234e-12 1.655059534966378250e-12 7.906973909787398323e-13
-1.953883901887661681e-12 7.247357486671234186e-13 1.437433363211397528e-12 2.671673019166456348e-12 4.506617593896450612e-12 8.529655584071915251e-12 1.277197028324353084e-11 1.976626922114839575e-11 1.435019786808653386e-11 1.107772454360400078e-11 8.408455457746115174e-12 7.625684906431514124e-12 5.698415141542469910e-12 5.223973881118086122e-12 5.905035517676132245e-12 8.835834905203028986e-12 1.061867830623010059e-11 9.782409826133924080e-12 1.009594872917114637e-11 1.112306998782858919e-11 9.134056490146473442e-12 2.816485361878513918e-12 -4.240604829711486558e-12 -9.417742912701875974e-12 -5.743668130642500699e-12 -7.517161115648172758e-12
-1.197832301106121699e-12 -8.885009049916338416e-13 8.711271722940716179e-13 2.241276560876955672e-12 3.074933296767211348e-12 6.672360217757211589e-12 9.505908065273487243e-12 1.435019786808653386e-11 2.163884650975413199e-11 1.641945953768938410e-11 1.206272466767491177e-11 1.025717718100474328e-11 7.590082022906032128e-12 7.067307553960738180e-12 6.629461268965392532e-12 7.157725735253069282e-12 1.058986025546963892e-11 8.918097233663611198e-12 8.865728026545747826e-12 9.637610125263196349e-12 6.350277421919430367e-12 7.548593486092592822e-13 -3.234781527448959633e-13 -4.222213707573008301e-12 -6.652042741983247392e-12 -8.425040414480635157e-12
-1.950903027540509785e-12 -5.107410389147459200e-13 1.184340829251255027e-12 1.371810325862655447e-12 1.789046367360719727e-12 4.111440490818489459e-12 6.663819937513009250e-12 1.107772454360400078e-11 1.641945953768938410e-11 2.145926582918313123e-11 1.698227290869494390e-11 1.257647612587257773e-11 1.016718100953395618e-11 8.806994774029050861e-12 6.835802640134250285e-12 7.760267771851441546e-12 9.484422008724048580e-12 7.346953667741917460e-12 7.133928710953424024e-12 7.480631659477689194e-12 6.141956496095238395e-12 5.561388181603811921e-13 -1.349234180224830686e-12 -6.709138480252293719e-12 -6.146022072930959244e-12 -1.245914989209730406e-11
-9.344467464244644087e-13 -1.339559997510800278e-12 6.249605204325309975e-13 1.217831770964819593e-12 1.695928664578822474e-12 2.413557857984549117e-12 4.270382551052308321e-12 8.408455457746115174e-12 1.206272466767491177e-11 1.698227290869494390e-11 2.301340859112856849e-11 1.959025296325928127e-11 1.562920590430415582e-11 1.352279228836933985e-11 1.179982194502126251e-11 1.144230830625075284e-11 1.190120846026174444e-11 1.175651104793925778e-11 1.152285473379833750e-11 1.174064617526537500e-11 7.927326424391814510e-12 -3.071399223991809385e-12 -8.197179200995789705e-12 -1.197378318401085536e-11 -8.141659100485568096e-12 -9.078815892741865686e-12
-3.383372179572321610e-12 4.160866985129952858e-13 -1.335426907296131218e-13 4.935032426145842666e-13 1.450824860242911129e-12 2.398845732633666957e-12 3.121040964442133592e-12 7.625684906431514124e-12 1.025717718100474328e-11 1.257647612587257773e-11 1.959025296325928127e-11 2.778348216105643726e-11 2.589814399618913089e-11 2.290875911091087670e-11 2.030803996526966358e-11 1.856927594575465131e-11 1.830390823131692377e-11 1.737643743020618748e-11 1.655315278937700851e-11 1.813114584961956515e-11 1.148294970885576038e-11 -2.912102350431418537e-12 -4.507971710177914194e-12 -6.980594727005808524e-12 -8.317520309300403658e-12 -5.826511108374995906e-12
-7.475105420946859253e-12 -1.728847890481007306e-12 -2.668906088292490269e-12 -1.668708842514170371e-14 -4.050874084503465728e-14 2.274181991730705156e-12 1.566296338273969035e-12 5.698415141542469910e-12 7.590082022906032128e-12 1.016718100953395618e-11 1.562920590430415582e-11 2.589814399618913089e-11 3.632474121557829940e-11 3.476899451482802455e-11 3.153281310664700871e-11 2.924764861388630956e-11 2.803466565212292274e-11 2.817449674915626699e-11 2.804657982573389836e-11 2.853759850142618119e-11 1.769053934675043257e-11 -5.133235366223575131e-12 -5.489369146982086039e-12 -2.069374620211408965e-12 -8.615692931137438703e-12 -8.064253802382507020e-12
-5.793457960748322136e-12 -3.588543874642784183e-12 -2.708173636123833428e-12 2.138395785334989495e-12 -1.718311290078428711e-12 3.582016069464897580e-13 3.874466542921300506e-13 5.223973881118086122e-12 7.067307553960738180e-12 8.806994774029050861e-12 1.352279228836933985e-11 2.290875911091087670e-11 3.476899451482802455e-11 4.647147066733258389e-11 4.763096727265393301e-11 4.688820108516537309e-11 4.603839178549128347e-11 4.646508909747149724e-11 4.769532942654223479e-11 4.892787880680235474e-11 3.562238172152753427e-11 -3.191252591532871858e-13 -6.609027031896157976e-12 -1.914162139146793024e-12 -7.042854932589064698e-12 -4.519946191869455733e-12
-1.087343693807001146e-12 -2.801476742342531824e-12 -3.584173684062166058e-12 3.618492980669008783e-12 -6.031752190019622511e-13 -1.019037779990410999e-13 1.087035423708070066e-12 5.905035517676132245e-12 6.629461268965392532e-12 6.835802640134250285e-12 1.179982194502126251e-11 2.030803996526966358e-11 3.153281310664700871e-11 4.763096727265393301e-11 6.424103515398243592e-11 6.804101818404595243e-11 6.827192652805722753e-11 6.912482942767901958e-11 7.083710005950811396e-11 7.554300501606065628e-11 6.211917638564653321e-11 1.311572405384779954e-11 -3.783157933017708420e-12 -3.494059856733896493e-12 -4.246582021111017846e-12 -3.371811736899233162e-12
1.764765130869233960e-12 -1.677805839275747271e-12 -2.038460683973693276e-12 3.825500371033996140e-12 -1.731418691912071484e-12 6.722103213673855561e-13 3.050238760853886174e-12 8.835834905203028986e-12 7.157725735253069282e-12 7.760267771851441546e-12 1.144230830625075284e-11 1.856927594575465131e-11 2.924764861388630956e-11 4.688820108516537309e-11 6.804101818404595243e-11 8.813226160060714779e-11 9.501752199467774178e-11 9.892941561383909336e-11 1.032315108582019093e-10 1.119510489929348596e-10 1.006550846366416365e-10 3.994475992152063306e-11 6.240612986902322941e-12 8.540774609643437176e-13 -5.126408938634864695e-12 -8.321539458744018200e-12
3.168707037683066663e-12 -9.771421720978871646e-13 -1.391567947778359608e-12 4.543565024274605569e-12 -1.212988144483249774e-12 1.798783403700339438e-12 4.910540797113661753e-12 1.061867830623010059e-11 1.058986025546963892e-11 9.484422008724048580e-12 1.190120846026174444e-11 1.830390823131692377e-11 2.803466565212292274e-11 4.603839178549128347e-11 6.827192652805722753e-11 9.501752199467774178e-11 1.194188708724424558e-10 1.290650479890190070e-10 1.361599147547027244e-10 1.487213283578120656e-10 1.377566606303561738e-10 6.700940403315156515e-11 1.542154086584304462e-11 5.815119643452528768e-12 -7.008314139462589419e-12 -1.286294495105808532e-11
7.800608306976263013e-13 -3.418842263808132516e-12 -3.818772683532951471e-12 3.894326557394716447e-12 -3.474524184405336399e-12 -1.383543852582900524e-12 3.564866214448437837e-12 9.782409826133924080e-12 8.918097233663611198e-12 7.346953667741917460e-12 1.175651104793925778e-11 1.737643743020618748e-11 2.817449674915626699e-11 4.646508909747149724e-11 6.912482942767901958e-11 9.892941561383909336e-11 1.290650479890190070e-10 1.604590877323388532e-10 1.776229985505555846e-10 1.935965164538689752e-10 1.831423037883824735e-10 1.022170941940447324e-10 2.627443479798182905e-11 9.970249332515110213e-12 -1.018368054669457254e-11 -1.542588562515753359e-11
-5.757742899644588318e-12 -7.682111158059787907e-12 -4.574432198345053513e-12 6.028114458205242717e-12 -3.222452229820456350e-12 -1.906974733388669422e-12 3.469646920654064658e-12 1.009594872917114637e-11 8.865728026545747826e-12 7.133928710953424024e-12 1.152285473379833750e-11 1.655315278937700851e-11 2.804657982573389836e-11 4.769532942654223479e-11 7.083710005950811396e-11 1.032315108582019093e-10 1.361599147547027244e-10 1.776229985505555846e-10 2.212260725657402819e-10 2.513623062283642737e-10 2.453522882376474524e-10 1.580028526689251566e-10 5.320194755487057769e-11 2.058047376350090793e-11 -6.791503991444225130e-12 -1.679757820815854435e-11
-6.806672664996515137e-12 -1.100321620282585685e-11 -2.823854707294139040e-12 8.959384998730364392e-12 -1.170142889125525167e-12 5.911200158425682097e-13 5.149607424157522235e-12 1.112306998782858919e-11 9.637610125263196349e-12 7.480631659477689194e-12 1.174064617526537500e-11 1.813114584961956515e-11 2.853759850142618119e-11 4.892787880680235474e-11 7.554300501606065628e-11 1.119510489929348596e-10 1.487213283578120656e-10 1.935965164538689752e-10 2.513623062283642737e-10 3.262125983555778722e-10 3.448565007612164817e-10 2.566275728706146168e-10 1.196185810079145138e-10 4.081644384298199441e-11 1.783377354959172243e-12 -1.401600400220293297e-11
-3.452533736811791555e-12 -9.767991428463885334e-12 -1.048881211997448361e-12 1.269629707910444381e-11 -7.118907126595117809e-13 6.530602882668474304e-13 5.496618543740250160e-12 9.134056490146473442e-12 6.350277421919430367e-12 6.141956496095238395e-12 7.927326424391814510e-12 1.148294970885576038e-11 1.769053934675043257e-11 3.562238172152753427e-11 6.211917638564653321e-11 1.006550846366416365e-10 1.377566606303561738e-10 1.831423037883824735e-10 2.453522882376474524e-10 3.448565007612164817e-10 4.373009646924076025e-10 3.950303716413940045e-10 2.417001130876470854e-10 7.497798578750927839e-11 -3.471850387676442124e-13 -1.701059654149069435e-11
3.482479990715401607e-12 -8.340697418230285932e-13 -1.646894810836588270e-12 1.132014601311832650e-11 1.687944930957374755e-12 2.677496065262668943e-12 3.762056643752875854e-12 2.816485361878513918e-12 7.548593486092592822e-13 5.561388181603811921e-13 -3.071399223991809385e-12 -2.912102350431418537e-12 -5.133235366223575131e-12 -3.191252591532871858e-13 1.311572405384779954e-11 3.994475992152063306e-11 6.700940403315156515e-11 1.022170941940447324e-10 1.580028526689251566e-10 2.566275728706146168e-10 3.950303716413940045e-10 4.864651825183512822e-10 3.912235087350202359e-10 1.581595323919250124e-10 1.228373144468235860e-11 -9.232152880834812124e-12
1.202585093940374389e-11 -9.836467198870997812e-13 -4.517617236128828491e-12 8.248252842537333374e-12 -1.735222405993766444e-13 2.913798240071133168e-12 4.712290560939981621e-13 -4.240604829711486558e-12 -3.234781527448959633e-13 -1.349234180224830686e-12 -8.197179200995789705e-12 -4.507971710177914194e-12 -5.489369146982086039e-12 -6.609027031896157976e-12 -3.783157933017708420e-12 6.240612986902322941e-12 1.542154086584304462e-11 2.627443479798182905e-11 5.320194755487057769e-11 1.196185810079145138e-10 2.417001130876470854e-10 3.912235087350202359e-10 4.570036051927598163e-10 2.881667756371977547e-10 6.927384348042127710e-11 1.568785447051425710e-11
1.271939060533561175e-11 -8.141301122922427140e-13 -6.619737283914793513e-12 7.730511424560179788e-12 -6.800854368233052450e-12 -1.600947580455418883e-12 -4.095687980972791234e-12 -9.417742912701875974e-12 -4.222213707573008301e-12 -6.709138480252293719e-12 -1.197378318401085536e-11 -6.980594727005808524e-12 -2.069374620211408965e-12 -1.914162139146793024e-12 -3.494059856733896493e-12 8.540774609643437176e-13 5.815119643452528768e-12 9.970249332515110213e-12 2.058047376350090793e-11 4.081644384298199441e-11 7.497798578750927839e-11 1.581595323919250124e-10 2.881667756371977547e-10 3.612635797590744702e-10 2.047874208914824101e-10 4.655343058838358582e-11
8.309813033424980991e-12 -4.592767999057599433e-12 3.588237729771624448e-12 1.317011318717173949e-11 -3.438262021559419680e-12 6.115894810622274014e-13 1.655059534966378250e-12 -5.743668130642500699e-12 -6.652042741983247392e-12 -6.146022072930959244e-12 -8.141659100485568096e-12 -8.317520309300403658e-12 -8.615692931137438703e-12 -7.042854932589064698e-12 -4.246582021111017846e-12 -5.126408938634864695e-12 -7.008314139462589419e-12 -1.018368054669457254e-11 -6.791503991444225130e-12 1.783377354959172243e-12 -3.471850387676442124e-13 1.228373144468235860e-11 6.927384348042127710e-11 2.047874208914824101e-10 3.082786322131176365e-10 1.651514671242776250e-10
-3.017797877381144518e-13 -5.404498899486005411e-12 7.966325756800028475e-12 6.649389859628249163e-12 8.757378295723234924e-12 3.795135287313230078e-12 7.906973909787398323e-13 -7.517161115648172758e-12 -8.425040414480635157e-12 -1.245914989209730406e-11 -9.078815892741865686e-12 -5.826511108374995906e-12 -8.064253802382507020e-12 -4.519946191869455733e-12 -3.371811736899233162e-12 -8.321539458744018200e-12 -1.286294495105808532e-11 -1.542588562515753359e-11 -1.679757820815854435e-11 -1.401600400220293297e-11 -1.701059654149069435e-11 -9.232152880834812124e-12 1.568785447051425710e-11 4.655343058838358582e-11 1.651514671242776250e-10 3.365401449578518729e-10
