8.703101778102907311e-11 1.894263395054500690e-11 1.131523972609701961e-11 4.487445011702440548e-12 8.136451709333359057e-12 4.245852683654176884e-12 5.890622848613383796e-12 8.610733176307411283e-12 3.817172930842130343e-12 9.183597810904700718e-13 6.373632312587836137e-13 4.988496171737727914e-12 7.445848329839240103e-12 8.952483524948139908e-12 7.690657758952741955e-12 1.075770598867016281e-11 1.070282062879280545e-11 1.608250922453150988e-11 1.902409805187295155e-11 1.917697337899522132e-11 8.313147155305755305e-12 -1.663920505157904751e-11 -5.733000971673562783e-11 -5.308503474226510432e-11 -2.799004976760802863e-11 -1.968567101670892947e-11
1.894263395054500690e-11 6.294056282990157723e-11 1.708734357539175869e-11 9.358766223726860750e-12 8.517239500331143139e-12 2.265774724944829566e-12 4.600166684426203592e-12 8.824978968705503737e-12 8.903503744845234506e-12 7.501137909674356369e-12 4.266280348999211699e-12 3.897479338556879228e-12 9.204957313417832470e-12 1.603260116627227361e-11 1.970151288043298908e-11 2.339399839047568144e-11 2.948669260606848468e-11 3.563619524495139203e-11 2.818481861192112934e-11 1.743743068483480664e-11 -4.033432882784503600e-12 -2.918614327784468276e-11 -1.491132314189382358e-11 1.551895352829983616e-12 -1.443258303828365106e-11 -1.211129445149931002e-11
1.131523972609701961e-11 1.708734357539175869e-11 4.701987007719329494e-11 1.424632189230071324e-11 7.355234048355499781e-12 3.669395124297778699e-12 2.778327702815580050e-12 4.546002440056205803e-12 8.308217662710704649e-12 6.958031123759782654e-12 6.193031699998416410e-12 6.511509552933673724e-12 9.024999896557047258e-12 1.366158355976918970e-11 1.772492710849620030e-11 1.941335608945274861e-11 2.496255572682915621e-11 3.202899950108766400e-11 2.836953948790894308e-11 2.004487071752612510e-11 -6.440962458433434160e-12 -2.929173347144103241e-11 -3.031410722896120476e-11 -4.210723072351009637e-12 -1.328788912368201223e-12 -4.449728886341249640e-12
4.487445011702440548e-12 9.358766223726860750e-12 1.424632189230071324e-11 3.567296130643044214e-11 1.383733300807831299e-11 8.680276155008650144e-12 3.776590192477686436e-12 3.821702568254813891e-12 4.922237195934071889e-12 6.631950223121562855e-12 5.550436765153223088e-12 4.315184408136650056e-12 5.297061793528755918e-12 8.221732146061836699e-12 1.175637240829231408e-11 1.591468096847403121e-11 2.259201872127447643e-11 2.822372785949369619e-11 3.245602505556195735e-11 3.544535762413456448e-11 2.740248636087790590e-11 9.985526097488501878e-12 7.731589011250512597e-12 1.076284051360700808e-11 6.177060960813603384e-12 -3.016312439083368178e-12
8.136451709333359057e-12 8.517239500331143139e-12 7.355234048355499781e-12 1.383733300807831299e-11 3.345795603842693653e-11 1.842930241609864322e-11 1.226598713665252507e-11 1.105405911899925677e-11 7.829786807272468621e-12 7.000382078092692693e-12 4.393718692366649716e-12 3.261961340514785285e-12 4.557889100337019922e-12 7.100507935826966247e-12 9.462965720642072424e-12 1.452662673258416296e-11 1.593731522558027594e-11 1.521424954742986650e-11 1.548108471877057350e-11 1.148763648370541244e-11 2.146107162962847547e-12 -6.078903496711389467e-12 -2.127913838741690916e-11 -2.519783149900198350e-11 -9.108765201900661751e-13 -7.233424918032731316e-12
4.245852683654176884e-12 2.265774724944829566e-12 3.669395124297778699e-12 8.680276155008650144e-12 1.842930241609864322e-11 3.111840324355275945e-11 1.644665361135599676e-11 1.252942683690969198e-11 1.012654793833642937e-11 7.931035323555742072e-12 6.976709612715044184e-12 4.860270953740285752e-12 8.643193987454530440e-12 9.626929797948819820e-12 1.149793298321926618e-11 1.383347623767668827e-11 1.580770507724714184e-11 2.011250660527417947e-11 2.471576766451770240e-11 2.195832713410704262e-11 1.207558439260578307e-11 1.240373350332582758e-12 -1.919254729769638671e-11 -8.815806049973642420e-12 1.231373917552213507e-11 1.073170710950567491e-11
5.890622848613383796e-12 4.600166684426203592e-12 2.778327702815580050e-12 3.776590192477686436e-12 1.226598713665252507e-11 1.644665361135599676e-11 2.886696380222080686e-11 1.948534389187161851e-11 1.865578534844184230e-11 1.384771541032451990e-11 1.323557392585361582e-11 1.322459806560282405e-11 1.807562467792311002e-11 2.147847803362134734e-11 2.441257660404264877e-11 2.755975930991606316e-11 3.303256518568506650e-11 4.192661557883231445e-11 4.815528621016983455e-11 4.282523680103761968e-11 2.264465911811555919e-11 -8.001658158932880751e-12 -2.311158032988088113e-11 -1.383824232162787377e-11 -1.596478212662789081e-11 -1.553291594732573649e-11
8.610733176307411283e-12 8.824978968705503737e-12 4.546002440056205803e-12 3.821702568254813891e-12 1.105405911899925677e-11 1.252942683690969198e-11 1.948534389187161851e-11 3.003042198238237443e-11 2.627235616617134053e-11 1.991999969860226890e-11 1.708361789845954278e-11 1.623574634159092599e-11 1.930543334140318417e-11 2.250782554002607760e-11 2.676846949761694784e-11 3.250262336422645460e-11 3.871787604568824669e-11 4.516574848339758262e-11 5.135189001953619783e-11 5.051801303699767607e-11 2.959094609367582114e-11 -7.712651587671579762e-12 -2.096891539316018614e-11 -1.173900636036761643e-11 -1.181552803989301243e-11 5.197450775554061443e-13
3.817172930842130343e-12 8.903503744845234506e-12 8.308217662710704649e-12 4.922237195934071889e-12 7.829786807272468621e-12 1.012654793833642937e-11 1.865578534844184230e-11 2.627235616617134053e-11 3.962379466426193732e-11 3.347206401772084954e-11 2.972181772522761378e-11 2.768572928644730827e-11 2.987650542861017735e-11 3.582322551841792238e-11 4.123510406352377029e-11 4.617960914790831678e-11 5.291487061511970668e-11 6.181009443776882820e-11 6.952334761136652431e-11 6.821631666227730178e-11 4.216491636887668400e-11 -4.386577910746823490e-12 -1.415080105710396084e-11 -7.023675206681359014e-12 -2.422233926257440500e-11 -9.252102281564655417e-12
9.183597810904700718e-13 7.501137909674356369e-12 6.958031123759782654e-12 6.631950223121562855e-12 7.000382078092692693e-12 7.931035323555742072e-12 1.384771541032451990e-11 1.991999969860226890e-11 3.347206401772084954e-11 4.431573907244754542e-11 4.132908691350205679e-11 3.874334232505871984e-11 4.309881910757547374e-11 5.068407673226875914e-11 5.885224447739653592e-11 6.635065600623650202e-11 7.570610833202828654e-11 8.620342454069461680e-11 9.496494463855055099e-11 1.004241785614253651e-10 8.117721327902559629e-11 3.658441528678180633e-11 2.877904681095695275e-11 1.414188849020733707e-11 -1.688820352573346877e-11 -1.200042452337159244e-11
6.373632312587836137e-13 4.266280348999211699e-12 6.193031699998416410e-12 5.550436765153223088e-12 4.393718692366649716e-12 6.976709612715044184e-12 1.323557392585361582e-11 1.708361789845954278e-11 2.972181772522761378e-11 4.132908691350205679e-11 5.544599564101323208e-11 5.260639097471790690e-11 5.633144351768198457e-11 6.292300578114042187e-11 7.140636715698010581e-11 7.844236671758608158e-11 8.803992333742405958e-11 9.930637814970863424e-11 1.089421752142979229e-10 1.182259122783752087e-10 1.018778684592442251e-10 4.623546309420827678e-11 3.575122906130180383e-11 1.935328253182874790e-11 -1.584700426849121532e-11 -9.699453913923001545e-12
4.988496171737727914e-12 3.897479338556879228e-12 6.511509552933673724e-12 4.315184408136650056e-12 3.261961340514785285e-12 4.860270953740285752e-12 1.322459806560282405e-11 1.623574634159092599e-11 2.768572928644730827e-11 3.874334232505871984e-11 5.260639097471790690e-11 7.271823824844716019e-11 8.393723403062774762e-11 9.339878633428942408e-11 1.041033502123879308e-10 1.127137628209538858e-10 1.261044944654898465e-10 1.413281615946169057e-10 1.518171174476675968e-10 1.630206089850271834e-10 1.386892625709489990e-10 4.600205555507671300e-11 8.913180092649077178e-12 1.373796058428544941e-12 -4.460359765585521468e-12 -3.946984565836954450e-12
7.445848329839240103e-12 9.204957313417832470e-12 9.024999896557047258e-12 5.297061793528755918e-12 4.557889100337019922e-12 8.643193987454530440e-12 1.807562467792311002e-11 1.930543334140318417e-11 2.987650542861017735e-11 4.309881910757547374e-11 5.633144351768198457e-11 8.393723403062774762e-11 1.187116930175874992e-10 1.350433842993001779e-10 1.502749566261098657e-10 1.631398407894844957e-10 1.828000395839906059e-10 2.045333425437871587e-10 2.156157097813244842e-10 2.236105280827833165e-10 1.764305966886771677e-10 3.953870263612814140e-11 -2.198726493498787326e-11 -1.658649633805294274e-11 7.647201451325491499e-12 1.964921985857294437e-12
8.952483524948139908e-12 1.603260116627227361e-11 1.366158355976918970e-11 8.221732146061836699e-12 7.100507935826966247e-12 9.626929797948819820e-12 2.147847803362134734e-11 2.250782554002607760e-11 3.582322551841792238e-11 5.068407673226875914e-11 6.292300578114042187e-11 9.339878633428942408e-11 1.350433842993001779e-10 1.787254388951844259e-10 2.065525440779932009e-10 2.260778542690205368e-10 2.527900990952326828e-10 2.826459930667424198e-10 3.005254447861868098e-10 3.145653001198861104e-10 2.511108386251804235e-10 7.050902734369336154e-11 -2.195142125763715553e-11 -3.388887748028463504e-11 -1.129244919056521101e-11 -1.013873418207966149e-11
7.690657758952741955e-12 1.970151288043298908e-11 1.772492710849620030e-11 1.175637240829231408e-11 9.462965720642072424e-12 1.149793298321926618e-11 2.441257660404264877e-11 2.676846949761694784e-11 4.123510406352377029e-11 5.885224447739653592e-11 7.140636715698010581e-11 1.041033502123879308e-10 1.502749566261098657e-10 2.065525440779932009e-10 2.712459671756269088e-10 3.124347925915470491e-10 3.557361144695915937e-10 3.984448920051370785e-10 4.279054754934958282e-10 4.579252087779797694e-10 3.825176124307720680e-10 1.374847692305688214e-10 -4.173943797974185866e-12 -3.871630784009229822e-11 -1.956532110733796476e-11 -5.373959143589176747e-12
1.075770598867016281e-11 2.339399839047568144e-11 1.941335608945274861e-11 1.591468096847403121e-11 1.452662673258416296e-11 1.383347623767668827e-11 2.755975930991606316e-11 3.250262336422645460e-11 4.617960914790831678e-11 6.635065600623650202e-11 7.844236671758608158e-11 1.127137628209538858e-10 1.631398407894844957e-10 2.260778542690205368e-10 3.124347925915470491e-10 3.950103741568224686e-10 4.680831365347271346e-10 5.322590832112856578e-10 5.775869469021818546e-10 6.274729296244934290e-10 5.471647322198107030e-10 2.307231832091155899e-10 1.189696624078652206e-11 -5.333986707768256138e-11 -2.349429394356781761e-11 -2.118158556732860087e-11
1.070282062879280545e-11 2.948669260606848468e-11 2.496255572682915621e-11 2.259201872127447643e-11 1.593731522558027594e-11 1.580770507724714184e-11 3.303256518568506650e-11 3.871787604568824669e-11 5.291487061511970668e-11 7.570610833202828654e-11 8.803992333742405958e-11 1.261044944654898465e-10 1.828000395839906059e-10 2.527900990952326828e-10 3.557361144695915937e-10 4.680831365347271346e-10 6.140884987480090313e-10 7.367754923066664293e-10 8.114029990049051714e-10 8.845668790882905605e-10 7.925299203669281251e-10 3.961409933498081537e-10 7.946107188711967774e-11 -2.386878961071607303e-11 2.974195643506183161e-13 -3.569922828792165791e-11
1.608250922453150988e-11 3.563619524495139203e-11 3.202899950108766400e-11 2.822372785949369619e-11 1.521424954742986650e-11 2.011250660527417947e-11 4.192661557883231445e-11 4.516574848339758262e-11 6.181009443776882820e-11 8.620342454069461680e-11 9.930637814970863424e-11 1.413281615946169057e-10 2.045333425437871587e-10 2.826459930667424198e-10 3.984448920051370785e-10 5.322590832112856578e-10 7.367754923066664293e-10 9.649513034185433563e-10 1.108670452106399090e-09 1.233993674589142832e-09 1.157698884343249344e-09 6.796617497651393817e-10 2.059943655578616529e-10 1.882250686922195576e-11 9.747690729604845861e-12 -7.039376060101621226e-11
1.902409805187295155e-11 2.818481861192112934e-11 2.836953948790894308e-11 3.245602505556195735e-11 1.548108471877057350e-11 2.471576766451770240e-11 4.815528621016983455e-11 5.135189001953619783e-11 6.952334761136652431e-11 9.496494463855055099e-11 1.089421752142979229e-10 1.518171174476675968e-10 2.156157097813244842e-10 3.005254447861868098e-10 4.279054754934958282e-10 5.775869469021818546e-10 8.114029990049051714e-10 1.108670452106399090e-09 1.379524317662269323e-09 1.619697398921450882e-09 1.613461626383509857e-09 1.092094177324505721e-09 4.202088680959120393e-10 7.793269702345334474e-11 2.333250319026927590e-11 -1.148237122248786603e-10
1.917697337899522132e-11 1.743743068483480664e-11 2.004487071752612510e-11 3.544535762413456448e-11 1.148763648370541244e-11 2.195832713410704262e-11 4.282523680103761968e-11 5.051801303699767607e-11 6.821631666227730178e-11 1.004241785614253651e-10 1.182259122783752087e-10 1.630206089850271834e-10 2.236105280827833165e-10 3.145653001198861104e-10 4.579252087779797694e-10 6.274729296244934290e-10 8.845668790882905605e-10 1.233993674589142832e-09 1.619697398921450882e-09 2.077062307970643075e-09 2.235487326224494565e-09 1.703011186902907803e-09 7.880223259632750371e-10 1.620429551240938132e-10 4.450562202395082994e-11 -1.528681208600914003e-10
8.313147155305755305e-12 -4.033432882784503600e-12 -6.440962458433434160e-12 2.740248636087790590e-11 2.146107162962847547e-12 1.207558439260578307e-11 2.264465911811555919e-11 2.959094609367582114e-11 4.216491636887668400e-11 8.117721327902559629e-11 1.018778684592442251e-10 1.386892625709489990e-10 1.764305966886771677e-10 2.511108386251804235e-10 3.825176124307720680e-10 5.471647322198107030e-10 7.925299203669281251e-10 1.157698884343249344e-09 1.613461626383509857e-09 2.235487326224494565e-09 2.723998631336475302e-09 2.433242323999824574e-09 1.415423923526441503e-09 3.715457895419690391e-10 4.737451949724763576e-11 -2.113919125899531212e-10
-1.663920505157904751e-11 -2.918614327784468276e-11 -2.929173347144103241e-11 9.985526097488501878e-12 -6.078903496711389467e-12 1.240373350332582758e-12 -8.001658158932880751e-12 -7.712651587671579762e-12 -4.386577910746823490e-12 3.658441528678180633e-11 4.623546309420827678e-11 4.600205555507671300e-11 3.953870263612814140e-11 7.050902734369336154e-11 1.374847692305688214e-10 2.307231832091155899e-10 3.961409933498081537e-10 6.796617497651393817e-10 1.092094177324505721e-09 1.703011186902907803e-09 2.433242323999824574e-09 2.791462716931077947e-09 2.125776664286081099e-09 8.312315707948699007e-10 7.743579614825432366e-11 -2.670369878943314338e-10
-5.733000971673562783e-11 -1.491132314189382358e-11 -3.031410722896120476e-11 7.731589011250512597e-12 -2.127913838741690916e-11 -1.919254729769638671e-11 -2.311158032988088113e-11 -2.096891539316018614e-11 -1.415080105710396084e-11 2.877904681095695275e-11 3.575122906130180383e-11 8.913180092649077178e-12 -2.198726493498787326e-11 -2.195142125763715553e-11 -4.173943797974185866e-12 1.189696624078652206e-11 7.946107188711967774e-11 2.059943655578616529e-10 4.202088680959120393e-10 7.880223259632750371e-10 1.415423923526441503e-09 2.125776664286081099e-09 2.393747808432589825e-09 1.526085363333981713e-09 2.731456623247063615e-10 -1.631923860606801361e-10
-5.308503474226510432e-11 1.551895352829983616e-12 -4.210723072351009637e-12 1.076284051360700808e-11 -2.519783149900198350e-11 -8.815806049973642420e-12 -1.383824232162787377e-11 -1.173900636036761643e-11 -7.023675206681359014e-12 1.414188849020733707e-11 1.935328253182874790e-11 1.373796058428544941e-12 -1.658649633805294274e-11 -3.388887748028463504e-11 -3.871630784009229822e-11 -5.333986707768256138e-11 -2.386878961071607303e-11 1.882250686922195576e-11 7.793269702345334474e-11 1.620429551240938132e-10 3.715457895419690391e-10 8.312315707948699007e-10 1.526085363333981713e-09 1.803616362518608566e-09 8.807768913215074003e-10 1.173822723409929088e-10
-2.799004976760802863e-11 -1.443258303828365106e-11 -1.328788912368201223e-12 6.177060960813603384e-12 -9.108765201900661751e-13 1.231373917552213507e-11 -1.596478212662789081e-11 -1.181552803989301243e-11 -2.422233926257440500e-11 -1.688820352573346877e-11 -1.584700426849121532e-11 -4.460359765585521468e-12 7.647201451325491499e-12 -1.129244919056521101e-11 -1.956532110733796476e-11 -2.349429394356781761e-11 2.974195643506183161e-13 9.747690729604845861e-12 2.333250319026927590e-11 4.450562202395082994e-11 4.737451949724763576e-11 7.743579614825432366e-11 2.731456623247063615e-10 8.807768913215074003e-10 1.605404594733974326e-09 8.549304812066049802e-10
-1.968567101670892947e-11 -1.211129445149931002e-11 -4.449728886341249640e-12 -3.016312439083368178e-12 -7.233424918032731316e-12 1.073170710950567491e-11 -1.553291594732573649e-11 5.197450775554061443e-13 -9.252102281564655417e-12 -1.200042452337159244e-11 -9.699453913923001545e-12 -3.946984565836954450e-12 1.964921985857294437e-12 -1.013873418207966149e-11 -5.373959143589176747e-12 -2.118158556732860087e-11 -3.569922828792165791e-11 -7.039376060101621226e-11 -1.148237122248786603e-10 -1.528681208600914003e-10 -2.113919125899531212e-10 -2.670369878943314338e-10 -1.631923860606801361e-10 1.173822723409929088e-10 8.549304812066049802e-10 1.465349034935254768e-09
