5.918704747020283114e-11 1.787214892837606428e-11 1.020581380456002365e-11 4.495003084034198351e-12 1.432758401839477149e-12 2.252433044113902385e-12 2.901834166875978852e-12 6.632220479259487055e-12 2.462413614578029434e-12 4.906628113087634061e-12 1.115402569155550682e-12 3.124619747331770935e-12 5.748847527342786198e-12 4.465786662203796427e-12 3.275464177884169423e-12 2.395084355103874032e-12 2.763270793177850370e-12 6.170392120252423470e-12 5.514796478727419903e-12 -1.984897403096194909e-13 -1.427205217949654977e-11 -1.556230501514203720e-11 -1.826154307710779505e-11 -9.604994273072352007e-12 3.567117966037195437e-12 -1.976847574130069393e-11
1.787214892837606428e-11 4.402085582038071237e-11 1.717618476284887629e-11 6.401842479317283342e-12 2.826637091886548981e-12 2.827431809234083375e-12 4.177286572176269040e-12 3.541776841916563336e-12 1.234278884413488061e-12 2.449747351348890273e-12 -6.272637800277525518e-13 1.036433741872892120e-12 1.752142733456991995e-12 3.591778409647471254e-13 -7.439085812017703788e-13 9.425794275800995995e-13 1.508338302431013180e-12 2.086123079231217007e-13 5.412045944234546921e-12 6.583037239547059373e-12 2.890920814786608355e-13 1.200792252014840581e-12 -5.352795366352759826e-12 3.478562782164846675e-12 1.296502695672214302e-11 -1.113031804382852082e-11
1.020581380456002365e-11 1.717618476284887629e-11 3.943460001347377618e-11 1.512214867012833168e-11 8.394009393043993217e-12 5.004207114227765920e-12 3.732552424327736089e-12 2.909512800174404438e-12 2.295198321974074765e-12 2.020073997457719943e-12 -5.490085920694837281e-13 2.403633004039208197e-12 3.687756501702689524e-12 1.846625478415771245e-12 -7.623304667867655881e-13 -3.794541252076626447e-12 -4.693112145810768437e-12 -6.558432291710593739e-12 -1.574123937733064411e-12 2.853262581063083412e-12 -3.183994524133846007e-12 -5.919086202905974150e-12 -1.101037167973539638e-12 1.217247651264272688e-11 6.957126488441734075e-12 -8.527771190953299729e-12
4.495003084034198351e-12 6.401842479317283342e-12 1.512214867012833168e-11 3.165559279912915251e-11 1.324704839908511569e-11 6.317705964066725154e-12 4.830730086655503934e-12 2.931377587800198906e-12 4.876524687386300617e-13 1.230932418799586125e-13 -3.512102532047288612e-12 -3.140783481898947891e-12 -3.935042077223517778e-12 -4.492269116542736691e-12 -5.197833195751201431e-12 -5.220575583178486002e-12 -5.081463012191842265e-12 -7.615721665720631286e-12 -7.257847887613463300e-12 -6.481057625879110121e-12 -8.141511801961972993e-12 -8.242216499341343292e-12 1.846552721523482671e-12 1.009903166023868590e-11 4.076765397277413850e-13 -9.802625490415228054e-13
1.432758401839477149e-12 2.826637091886548981e-12 8.394009393043993217e-12 1.324704839908511569e-11 2.575004535124642897e-11 9.781941242424167944e-12 5.680751854950848289e-12 2.825754636341470142e-12 1.910317293707065909e-12 2.618044758246863819e-12 1.127696311433865390e-12 2.237322002021044116e-12 1.633490354080603676e-12 1.761299909794403417e-12 1.124174798659050551e-12 3.199732250533779715e-12 5.679855358685934963e-12 6.327953557415148662e-12 1.152544558249153550e-11 1.533556163805904755e-11 1.229611269501138413e-11 5.666232570716625792e-12 5.206155189382472991e-12 7.243732620158529822e-12 -3.817730998159388541e-13 -4.612467303618880537e-12
2.252433044113902385e-12 2.827431809234083375e-12 5.004207114227765920e-12 6.317705964066725154e-12 9.781941242424167944e-12 1.971892811895654897e-11 1.271399595078300908e-11 9.392866179328649429e-12 6.517831581505930621e-12 7.388866709304461868e-12 5.496490591337102721e-12 5.226902016305568630e-12 5.001048699041288015e-12 2.457214479653465636e-12 3.486278526782510728e-12 6.090689703549573372e-12 7.618406491065137171e-12 8.007961853956533710e-12 1.256582158826351232e-11 1.614722494096890626e-11 2.105695761649850930e-11 1.986054335571783269e-11 1.018786201638571215e-11 -2.523026539236914925e-12 -2.716505427031111690e-13 -8.050573522552842412e-12
2.901834166875978852e-12 4.177286572176269040e-12 3.732552424327736089e-12 4.830730086655503934e-12 5.680751854950848289e-12 1.271399595078300908e-11 2.273315598827983436e-11 1.759067499779158878e-11 1.272444061583731491e-11 1.129986930280279285e-11 9.532185333913647112e-12 8.185445500707981635e-12 7.966806233900584459e-12 7.712193385372066580e-12 9.593832121522620492e-12 1.258190469398814443e-11 1.598763018810163042e-11 1.804153887526075298e-11 2.076381549353920899e-11 2.035822012555729086e-11 1.571520362661587592e-11 6.751380130146188997e-12 1.938480456735111638e-12 -2.631050029725359920e-12 8.206715608279684412e-12 7.886877636074631149e-12
6.632220479259487055e-12 3.541776841916563336e-12 2.909512800174404438e-12 2.931377587800198906e-12 2.825754636341470142e-12 9.392866179328649429e-12 1.759067499779158878e-11 2.822010980517923882e-11 2.044654908665174711e-11 1.616266512468638409e-11 1.361008862349438975e-11 1.065709720416837141e-11 1.053278151642220203e-11 1.145230417055759054e-11 1.273217011339929994e-11 1.456598149965053695e-11 1.873630704046996540e-11 2.198472375598547507e-11 2.528133677803334153e-11 2.544714675612425059e-11 2.026700977780081575e-11 5.346951799059272067e-12 -2.977092093231655011e-12 -5.609434635053464816e-12 1.404709751512988704e-11 1.051251579708748668e-11
2.462413614578029434e-12 1.234278884413488061e-12 2.295198321974074765e-12 4.876524687386300617e-13 1.910317293707065909e-12 6.517831581505930621e-12 1.272444061583731491e-11 2.044654908665174711e-11 2.875984036713355294e-11 2.446944489303098394e-11 2.074944499047656515e-11 1.960603995335039885e-11 2.029311090214239240e-11 2.267278971565357136e-11 2.524633039885947117e-11 2.745275043185887175e-11 3.152884777848958220e-11 3.615693199000543580e-11 4.360817218184555370e-11 4.920538657591578008e-11 5.219598845136465488e-11 3.481414747608851597e-11 2.244916262147379805e-11 9.164230967880972826e-12 8.829002240516901896e-12 8.439227215042940394e-12
4.906628113087634061e-12 2.449747351348890273e-12 2.020073997457719943e-12 1.230932418799586125e-13 2.618044758246863819e-12 7.388866709304461868e-12 1.129986930280279285e-11 1.616266512468638409e-11 2.446944489303098394e-11 3.266143284180322026e-11 2.870888612001446880e-11 2.636025594792004212e-11 2.707421445821015991e-11 2.935604664154301527e-11 3.207337063994033129e-11 3.463378737868102531e-11 3.886691917790624100e-11 4.293598106316690022e-11 4.811079304667227154e-11 5.334452205164353492e-11 5.529173110600569773e-11 4.111095444329445468e-11 3.383176233203768148e-11 2.506246558369291639e-11 1.636317005050227803e-11 -5.129215696009583155e-13
1.115402569155550682e-12 -6.272637800277525518e-13 -5.490085920694837281e-13 -3.512102532047288612e-12 1.127696311433865390e-12 5.496490591337102721e-12 9.532185333913647112e-12 1.361008862349438975e-11 2.074944499047656515e-11 2.870888612001446880e-11 3.707301141928282183e-11 3.640478942786610942e-11 3.589150836084056207e-11 3.948216569270423016e-11 4.182836932001314844e-11 4.372679516360624893e-11 4.866295875125556986e-11 5.355552500607197305e-11 5.746258573365190871e-11 6.268584654676640916e-11 6.101007632683251119e-11 4.050866758819247247e-11 2.868718781045373592e-11 2.007754654231778689e-11 1.793588437015414798e-11 -9.176087084958277002e-12
3.124619747331770935e-12 1.036433741872892120e-12 2.403633004039208197e-12 -3.140783481898947891e-12 2.237322002021044116e-12 5.226902016305568630e-12 8.185445500707981635e-12 1.065709720416837141e-11 1.960603995335039885e-11 2.636025594792004212e-11 3.640478942786610942e-11 5.165947265003952707e-11 5.455860769418996516e-11 5.791912008270723812e-11 6.087717110958571732e-11 6.333596162912706458e-11 6.928476580732929544e-11 7.498292383629903466e-11 8.042543075500505761e-11 8.700898862823201965e-11 8.204717915703285647e-11 5.042657870709296374e-11 3.911548154681401748e-11 2.405955059808838353e-11 3.296780063945115680e-12 -2.044164007476800509e-11
5.748847527342786198e-12 1.752142733456991995e-12 3.687756501702689524e-12 -3.935042077223517778e-12 1.633490354080603676e-12 5.001048699041288015e-12 7.966806233900584459e-12 1.053278151642220203e-11 2.029311090214239240e-11 2.707421445821015991e-11 3.589150836084056207e-11 5.455860769418996516e-11 7.292494007222932108e-11 8.058819553587634676e-11 8.473948470086878462e-11 8.867646254177380456e-11 9.563920991665356741e-11 1.034701548895514048e-10 1.118716485746083459e-10 1.220135246410289075e-10 1.124920818179548184e-10 6.061028984609444951e-11 3.915198222899746483e-11 2.422592360242577408e-11 1.255065953658916701e-11 -1.364046405915648441e-11
4.465786662203796427e-12 3.591778409647471254e-13 1.846625478415771245e-12 -4.492269116542736691e-12 1.761299909794403417e-12 2.457214479653465636e-12 7.712193385372066580e-12 1.145230417055759054e-11 2.267278971565357136e-11 2.935604664154301527e-11 3.948216569270423016e-11 5.791912008270723812e-11 8.058819553587634676e-11 1.096242775925489567e-10 1.205460835420319720e-10 1.289133755453904868e-10 1.391674569739495185e-10 1.539438269042464054e-10 1.670809699854273627e-10 1.769546692565322252e-10 1.548194593839433447e-10 6.814638025832627849e-11 1.775385914089498385e-11 2.824098822337426556e-13 8.915114618344662927e-12 -6.768298701582656425e-12
3.275464177884169423e-12 -7.439085812017703788e-13 -7.623304667867655881e-13 -5.197833195751201431e-12 1.124174798659050551e-12 3.486278526782510728e-12 9.593832121522620492e-12 1.273217011339929994e-11 2.524633039885947117e-11 3.207337063994033129e-11 4.182836932001314844e-11 6.087717110958571732e-11 8.473948470086878462e-11 1.205460835420319720e-10 1.576325343508444483e-10 1.798462040339733521e-10 1.998829134300493460e-10 2.215028333895359568e-10 2.398172154513074741e-10 2.535516031182651083e-10 2.325410629772167370e-10 1.193593665160650315e-10 4.143314999516315367e-11 -2.918889729348334331e-12 -6.135547112775435385e-12 -2.892336797197661065e-12
2.395084355103874032e-12 9.425794275800995995e-13 -3.794541252076626447e-12 -5.220575583178486002e-12 3.199732250533779715e-12 6.090689703549573372e-12 1.258190469398814443e-11 1.456598149965053695e-11 2.745275043185887175e-11 3.463378737868102531e-11 4.372679516360624893e-11 6.333596162912706458e-11 8.867646254177380456e-11 1.289133755453904868e-10 1.798462040339733521e-10 2.306037873770863144e-10 2.718030674262296527e-10 3.064270512680052575e-10 3.313714623732325189e-10 3.494473695894436755e-10 3.288833717265631579e-10 1.758424564421976301e-10 5.898572042048733096e-11 -5.616278018693187316e-12 -1.239752990276467462e-11 -1.291858201098072692e-11
2.763270793177850370e-12 1.508338302431013180e-12 -4.693112145810768437e-12 -5.081463012191842265e-12 5.679855358685934963e-12 7.618406491065137171e-12 1.598763018810163042e-11 1.873630704046996540e-11 3.152884777848958220e-11 3.886691917790624100e-11 4.866295875125556986e-11 6.928476580732929544e-11 9.563920991665356741e-11 1.391674569739495185e-10 1.998829134300493460e-10 2.718030674262296527e-10 3.562584699354897624e-10 4.221991639766145269e-10 4.647747501574752879e-10 4.964306951268075172e-10 4.730530844888514190e-10 2.621913059823963227e-10 8.455972199941463828e-11 -5.964406651492786873e-12 -2.054893961037409015e-11 -3.551481394365108877e-11
6.170392120252423470e-12 2.086123079231217007e-13 -6.558432291710593739e-12 -7.615721665720631286e-12 6.327953557415148662e-12 8.007961853956533710e-12 1.804153887526075298e-11 2.198472375598547507e-11 3.615693199000543580e-11 4.293598106316690022e-11 5.355552500607197305e-11 7.498292383629903466e-11 1.034701548895514048e-10 1.539438269042464054e-10 2.215028333895359568e-10 3.064270512680052575e-10 4.221991639766145269e-10 5.536026423136534400e-10 6.431364862077075486e-10 7.057190796175910480e-10 6.878731784783446262e-10 4.281067324272063544e-10 1.654221443814402056e-10 1.560696571818975784e-11 -3.952329272839535313e-11 -7.831754349296197367e-11
5.514796478727419903e-12 5.412045944234546921e-12 -1.574123937733064411e-12 -7.257847887613463300e-12 1.152544558249153550e-11 1.256582158826351232e-11 2.076381549353920899e-11 2.528133677803334153e-11 4.360817218184555370e-11 4.811079304667227154e-11 5.746258573365190871e-11 8.042543075500505761e-11 1.118716485746083459e-10 1.670809699854273627e-10 2.398172154513074741e-10 3.313714623732325189e-10 4.647747501574752879e-10 6.431364862077075486e-10 8.253105328644328865e-10 9.675612261108639554e-10 9.903844042432136202e-10 7.043620248225488308e-10 3.215964324278886546e-10 5.526674615839350260e-11 -4.489054187377192412e-11 -1.023971508028202980e-10
-1.984897403096194909e-13 6.583037239547059373e-12 2.853262581063083412e-12 -6.481057625879110121e-12 1.533556163805904755e-11 1.614722494096890626e-11 2.035822012555729086e-11 2.544714675612425059e-11 4.920538657591578008e-11 5.334452205164353492e-11 6.268584654676640916e-11 8.700898862823201965e-11 1.220135246410289075e-10 1.769546692565322252e-10 2.535516031182651083e-10 3.494473695894436755e-10 4.964306951268075172e-10 7.057190796175910480e-10 9.675612261108639554e-10 1.250287005120049165e-09 1.380251032909296891e-09 1.110123493167118150e-09 5.952085208521191556e-10 1.277374614357597978e-10 -4.860393372017302046e-11 -1.398283604992427974e-10
-1.427205217949654977e-11 2.890920814786608355e-13 -3.183994524133846007e-12 -8.141511801961972993e-12 1.229611269501138413e-11 2.105695761649850930e-11 1.571520362661587592e-11 2.026700977780081575e-11 5.219598845136465488e-11 5.529173110600569773e-11 6.101007632683251119e-11 8.204717915703285647e-11 1.124920818179548184e-10 1.548194593839433447e-10 2.325410629772167370e-10 3.288833717265631579e-10 4.730530844888514190e-10 6.878731784783446262e-10 9.903844042432136202e-10 1.380251032909296891e-09 1.691491376362180086e-09 1.546106556526504753e-09 9.641736539005465172e-10 2.361550892040570212e-10 -7.976645703221882992e-11 -1.958880203168953249e-10
-1.556230501514203720e-11 1.200792252014840581e-12 -5.919086202905974150e-12 -8.242216499341343292e-12 5.666232570716625792e-12 1.986054335571783269e-11 6.751380130146188997e-12 5.346951799059272067e-12 3.481414747608851597e-11 4.111095444329445468e-11 4.050866758819247247e-11 5.042657870709296374e-11 6.061028984609444951e-11 6.814638025832627849e-11 1.193593665160650315e-10 1.758424564421976301e-10 2.621913059823963227e-10 4.281067324272063544e-10 7.043620248225488308e-10 1.110123493167118150e-09 1.546106556526504753e-09 1.758149608074877428e-09 1.378608683653236942e-09 5.096765279660284195e-10 -6.602062566868498846e-11 -2.133473271540811882e-10
-1.826154307710779505e-11 -5.352795366352759826e-12 -1.101037167973539638e-12 1.846552721523482671e-12 5.206155189382472991e-12 1.018786201638571215e-11 1.938480456735111638e-12 -2.977092093231655011e-12 2.244916262147379805e-11 3.383176233203768148e-11 2.868718781045373592e-11 3.911548154681401748e-11 3.915198222899746483e-11 1.775385914089498385e-11 4.143314999516315367e-11 5.898572042048733096e-11 8.455972199941463828e-11 1.654221443814402056e-10 3.215964324278886546e-10 5.952085208521191556e-10 9.641736539005465172e-10 1.378608683653236942e-09 1.538451269758124808e-09 9.685090584857124527e-10 9.057785288591411934e-11 -1.629394363387677025e-10
-9.604994273072352007e-12 3.478562782164846675e-12 1.217247651264272688e-11 1.009903166023868590e-11 7.243732620158529822e-12 -2.523026539236914925e-12 -2.631050029725359920e-12 -5.609434635053464816e-12 9.164230967880972826e-12 2.506246558369291639e-11 2.007754654231778689e-11 2.405955059808838353e-11 2.422592360242577408e-11 2.824098822337426556e-13 -2.918889729348334331e-12 -5.616278018693187316e-12 -5.964406651492786873e-12 1.560696571818975784e-11 5.526674615839350260e-11 1.277374614357597978e-10 2.361550892040570212e-10 5.096765279660284195e-10 9.685090584857124527e-10 1.147189655961357021e-09 4.980196411941583108e-10 -1.216112573211069118e-11
3.567117966037195437e-12 1.296502695672214302e-11 6.957126488441734075e-12 4.076765397277413850e-13 -3.817730998159388541e-13 -2.716505427031111690e-13 8.206715608279684412e-12 1.404709751512988704e-11 8.829002240516901896e-12 1.636317005050227803e-11 1.793588437015414798e-11 3.296780063945115680e-12 1.255065953658916701e-11 8.915114618344662927e-12 -6.135547112775435385e-12 -1.239752990276467462e-11 -2.054893961037409015e-11 -3.952329272839535313e-11 -4.489054187377192412e-11 -4.860393372017302046e-11 -7.976645703221882992e-11 -6.602062566868498846e-11 9.057785288591411934e-11 4.980196411941583108e-10 9.582897995890959058e-10 5.060583781742822400e-10
-1.976847574130069393e-11 -1.113031804382852082e-11 -8.527771190953299729e-12 -9.802625490415228054e-13 -4.612467303618880537e-12 -8.050573522552842412e-12 7.886877636074631149e-12 1.051251579708748668e-11 8.439227215042940394e-12 -5.129215696009583155e-13 -9.176087084958277002e-12 -2.044164007476800509e-11 -1.364046405915648441e-11 -6.768298701582656425e-12 -2.892336797197661065e-12 -1.291858201098072692e-11 -3.551481394365108877e-11 -7.831754349296197367e-11 -1.023971508028202980e-10 -1.398283604992427974e-10 -1.958880203168953249e-10 -2.133473271540811882e-10 -1.629394363387677025e-10 -1.216112573211069118e-11 5.060583781742822400e-10 9.891252686561686813e-10
