7.220937488604809941e-11 2.133630261596729573e-11 1.509071181693325981e-11 9.671710855903225614e-12 1.140825365333299631e-12 4.441429371221544007e-12 3.751358424104987933e-12 7.168936907049368661e-12 4.255745519615559646e-12 4.233987375128233912e-12 3.841335681556424372e-12 2.511502663401949858e-12 1.449708936527894034e-12 3.125351353380861423e-12 5.121947892498328106e-12 6.952258519210129169e-12 7.138165898256977900e-12 9.708852355408103127e-12 5.454173709352747098e-12 2.861435997574308693e-12 4.759328059835864675e-12 5.608619299450344931e-12 2.219211453989070972e-11 3.473237114427928312e-11 1.339902383169634349e-11 -9.089624934859243483e-12
2.133630261596729573e-11 4.853065032223237564e-11 1.352323050022820916e-11 6.776098648630883410e-12 1.908538216179639084e-12 4.655009738584526097e-12 4.094279882827594109e-12 2.107403844844715869e-12 1.980400736207103722e-12 2.647330965366278101e-12 9.697675015799252566e-13 -6.250348100410115211e-13 7.069807287846791627e-13 -5.591593405887774615e-13 -1.556390186084838670e-12 -2.352934469846283011e-12 -4.115540912805855860e-12 -3.536820147025752508e-12 -2.626758230038744239e-12 -4.168889996847962058e-12 -4.673192691194050623e-12 -1.351108658548129195e-12 1.009548768578720067e-11 2.102323813734726010e-11 8.495023419460056644e-12 -9.547929692462876386e-12
1.509071181693325981e-11 1.352323050022820916e-11 3.609179128615156027e-11 1.377038289281718300e-11 4.597449244355413139e-12 6.616386973259863733e-12 4.281530739814576415e-12 3.602606003885549507e-12 2.253548985253944574e-12 3.494375191442921734e-13 -1.162975279745790495e-12 -1.568760350159564344e-12 -2.934152822281891361e-12 -1.815786047064007055e-12 3.715052463565180342e-13 2.142676057402064643e-13 2.992388854863131821e-12 6.983442278601815482e-12 9.994007774875288054e-12 1.200571786255612412e-11 1.216216710415736493e-11 9.471250912633832188e-12 1.068246245141511246e-11 9.532855647127699886e-12 9.723600591027175199e-14 -1.547037422397293053e-11
9.671710855903225614e-12 6.776098648630883410e-12 1.377038289281718300e-11 3.373972814103370245e-11 1.074208638378377584e-11 7.356120872813407890e-12 5.960259586471346437e-12 4.185930458818810379e-12 1.889336206054974133e-12 1.468515387284927639e-12 1.766339571113451685e-13 -1.832746474807978004e-12 -3.011154631475528084e-12 -1.257151620690659093e-12 1.401677328152122793e-12 4.164276830666686703e-12 8.537009416748639395e-12 1.208454817562519142e-11 1.343781485130672529e-11 1.402238948802371407e-11 1.583108164991217767e-11 1.063923934031894008e-11 4.699212809228207988e-12 3.917909523007962022e-12 4.128572159310736671e-13 -1.198403137784072903e-11
1.140825365333299631e-12 1.908538216179639084e-12 4.597449244355413139e-12 1.074208638378377584e-11 2.245597567219823277e-11 1.287000020397445583e-11 9.316384274407429272e-12 5.851314545787607607e-12 4.564767762796206256e-12 2.651910898646306680e-12 2.592445470466694550e-12 2.381004327199721771e-12 1.183170689241171255e-12 1.053278735417596243e-12 3.120172879955655272e-12 4.942506061607097160e-12 8.191719941975240298e-12 1.187436618456122019e-11 1.532582410617963388e-11 1.657223460734764645e-11 1.301824256314710276e-11 4.839930148581913993e-12 -3.709822274641130579e-12 5.521340246101149333e-12 1.277729940604795382e-11 -3.624723979980521112e-13
4.441429371221544007e-12 4.655009738584526097e-12 6.616386973259863733e-12 7.356120872813407890e-12 1.287000020397445583e-11 2.409961795691219290e-11 1.346696237244266447e-11 7.648343487239741531e-12 4.890541436652896676e-12 5.018290062049740361e-12 3.253054891469750580e-12 2.888828483929083768e-12 1.841551441408675969e-12 1.743348288254026887e-12 2.617309913423670577e-12 5.863490106406141196e-12 8.803135254169636597e-12 1.167975622575078853e-11 1.429733094250570707e-11 1.420472001902078643e-11 1.028209910666132330e-11 3.160198246359453324e-12 -6.534342399227972680e-13 2.241502444208393454e-12 3.155534343711058966e-12 1.831177553216260862e-12
3.751358424104987933e-12 4.094279882827594109e-12 4.281530739814576415e-12 5.960259586471346437e-12 9.316384274407429272e-12 1.346696237244266447e-11 1.976231141508022436e-11 1.114791438685665383e-11 8.191689117199251932e-12 6.812483251498559582e-12 5.752993103712581548e-12 4.524315988409352563e-12 2.964392816416840819e-12 2.977751602258960807e-12 3.734904367208294137e-12 4.248421608217278344e-12 5.544734770429971582e-12 7.409129114654531904e-12 1.103966745679340990e-11 1.037065496301193279e-11 9.266212357362666876e-12 2.630601713415864126e-12 1.496320233486712696e-12 1.762497501509288148e-12 -3.096108751742965584e-12 -3.877607519390974558e-12
7.168936907049368661e-12 2.107403844844715869e-12 3.602606003885549507e-12 4.185930458818810379e-12 5.851314545787607607e-12 7.648343487239741531e-12 1.114791438685665383e-11 1.987198420642833064e-11 1.354351455116513450e-11 1.011366535709344271e-11 8.195361853396157406e-12 6.604404503625971845e-12 5.655382800801109965e-12 5.195834904826411553e-12 5.709282245806561608e-12 4.975149166181108198e-12 7.190701892896580363e-12 1.047101819747437699e-11 1.386793468547270163e-11 1.389880717101544414e-11 1.458042727111232054e-11 1.374349537103259289e-11 1.775477987241506132e-11 1.664930719738628321e-11 2.191236496336537287e-12 -8.999491171628023201e-12
4.255745519615559646e-12 1.980400736207103722e-12 2.253548985253944574e-12 1.889336206054974133e-12 4.564767762796206256e-12 4.890541436652896676e-12 8.191689117199251932e-12 1.354351455116513450e-11 2.075529627149414128e-11 1.600061052784210768e-11 1.383547054246929613e-11 1.075299072839153929e-11 1.047616669642159031e-11 1.093185318780777453e-11 1.115093213369558679e-11 1.135710423817306427e-11 1.321826638967518160e-11 1.477812043091519389e-11 1.748165458920023234e-11 1.825912077439186786e-11 1.549430273508852203e-11 7.697762453853730176e-12 1.145351516947926320e-11 1.551167093528095110e-11 5.196126557808475548e-12 -6.012889433399790828e-12
4.233987375128233912e-12 2.647330965366278101e-12 3.494375191442921734e-13 1.468515387284927639e-12 2.651910898646306680e-12 5.018290062049740361e-12 6.812483251498559582e-12 1.011366535709344271e-11 1.600061052784210768e-11 2.491952427557009594e-11 2.092342517598760950e-11 1.538154284569330993e-11 1.572297979480563170e-11 1.578554289885215146e-11 1.564185126167108340e-11 1.646159169679766246e-11 1.766398555225784643e-11 1.960550856564535318e-11 2.025414107168902035e-11 2.254908609889184109e-11 2.240461398558630601e-11 1.284744332148052858e-11 1.753675111336200763e-11 2.007525610142120453e-11 1.258946095059569858e-11 1.467455962102026142e-12
3.841335681556424372e-12 9.697675015799252566e-13 -1.162975279745790495e-12 1.766339571113451685e-13 2.592445470466694550e-12 3.253054891469750580e-12 5.752993103712581548e-12 8.195361853396157406e-12 1.383547054246929613e-11 2.092342517598760950e-11 2.828857328035634784e-11 2.446678540649702506e-11 2.379447216910521059e-11 2.197620141176276923e-11 2.048164613426747900e-11 2.073088032922953199e-11 2.126414531519947095e-11 2.269520131207591486e-11 2.444096831466782031e-11 2.811538345052648236e-11 2.887690336569277842e-11 1.843089627309027829e-11 1.906583114847893523e-11 1.935586994279367073e-11 1.661062910237457317e-11 -1.714672290019507238e-12
2.511502663401949858e-12 -6.250348100410115211e-13 -1.568760350159564344e-12 -1.832746474807978004e-12 2.381004327199721771e-12 2.888828483929083768e-12 4.524315988409352563e-12 6.604404503625971845e-12 1.075299072839153929e-11 1.538154284569330993e-11 2.446678540649702506e-11 3.205933567495106924e-11 3.257513207765330535e-11 2.996646358215622298e-11 2.752116416008870249e-11 2.789837882835294334e-11 2.862621943749653421e-11 3.280022190538539941e-11 3.595120829259226044e-11 4.047780006785018308e-11 3.848286016098940862e-11 1.806456145105331591e-11 1.129447799721025807e-11 8.411851513107270539e-12 1.722083188213910760e-11 1.317606251203911150e-11
1.449708936527894034e-12 7.069807287846791627e-13 -2.934152822281891361e-12 -3.011154631475528084e-12 1.183170689241171255e-12 1.841551441408675969e-12 2.964392816416840819e-12 5.655382800801109965e-12 1.047616669642159031e-11 1.572297979480563170e-11 2.379447216910521059e-11 3.257513207765330535e-11 4.559576930565674580e-11 4.453549687504780969e-11 4.171846566981591650e-11 4.409824337181750625e-11 4.561314791421656191e-11 5.142108526408164471e-11 5.669089540634094693e-11 6.065552718010660691e-11 5.640071785145342054e-11 2.714184889287455360e-11 1.581477539249352210e-11 1.184626177159914815e-11 1.983669104079152872e-11 1.274011417902077462e-11
3.125351353380861423e-12 -5.591593405887774615e-13 -1.815786047064007055e-12 -1.257151620690659093e-12 1.053278735417596243e-12 1.743348288254026887e-12 2.977751602258960807e-12 5.195834904826411553e-12 1.093185318780777453e-11 1.578554289885215146e-11 2.197620141176276923e-11 2.996646358215622298e-11 4.453549687504780969e-11 5.659234026364766636e-11 5.913089457736721370e-11 6.447459072867059886e-11 6.977376226292666873e-11 7.942111660247153854e-11 8.909709743923141163e-11 9.524369915842948428e-11 8.174629020926194086e-11 2.917938253220698664e-11 9.380294598439794828e-12 1.466258352126631546e-11 2.129515204014874880e-11 7.806460089214149954e-12
5.121947892498328106e-12 -1.556390186084838670e-12 3.715052463565180342e-13 1.401677328152122793e-12 3.120172879955655272e-12 2.617309913423670577e-12 3.734904367208294137e-12 5.709282245806561608e-12 1.115093213369558679e-11 1.564185126167108340e-11 2.048164613426747900e-11 2.752116416008870249e-11 4.171846566981591650e-11 5.913089457736721370e-11 7.978182202630147396e-11 9.407570372564802536e-11 1.069135602278653908e-10 1.217653257437881075e-10 1.358408836853870879e-10 1.443497159132052456e-10 1.209212480298807146e-10 4.314200166755125666e-11 6.275068791517619007e-12 1.994072626699370700e-11 2.831640668518014068e-11 7.348422315117491098e-12
6.952258519210129169e-12 -2.352934469846283011e-12 2.142676057402064643e-13 4.164276830666686703e-12 4.942506061607097160e-12 5.863490106406141196e-12 4.248421608217278344e-12 4.975149166181108198e-12 1.135710423817306427e-11 1.646159169679766246e-11 2.073088032922953199e-11 2.789837882835294334e-11 4.409824337181750625e-11 6.447459072867059886e-11 9.407570372564802536e-11 1.327257127787779288e-10 1.621854179127977303e-10 1.887857054735593211e-10 2.095323789459127366e-10 2.223551477281481893e-10 1.897366338391051421e-10 7.399402991539126993e-11 6.156949162488239994e-12 2.651993421311903935e-11 4.048733454656299499e-11 1.225897677462447585e-11
7.138165898256977900e-12 -4.115540912805855860e-12 2.992388854863131821e-12 8.537009416748639395e-12 8.191719941975240298e-12 8.803135254169636597e-12 5.544734770429971582e-12 7.190701892896580363e-12 1.321826638967518160e-11 1.766398555225784643e-11 2.126414531519947095e-11 2.862621943749653421e-11 4.561314791421656191e-11 6.977376226292666873e-11 1.069135602278653908e-10 1.621854179127977303e-10 2.270869564083829087e-10 2.762524968296147941e-10 3.108026094703525280e-10 3.305755000479044308e-10 2.909692918078354581e-10 1.329815013148746460e-10 1.155166328416671169e-11 2.543659667970814623e-11 4.206878765759053199e-11 7.236362195863843424e-12
9.708852355408103127e-12 -3.536820147025752508e-12 6.983442278601815482e-12 1.208454817562519142e-11 1.187436618456122019e-11 1.167975622575078853e-11 7.409129114654531904e-12 1.047101819747437699e-11 1.477812043091519389e-11 1.960550856564535318e-11 2.269520131207591486e-11 3.280022190538539941e-11 5.142108526408164471e-11 7.942111660247153854e-11 1.217653257437881075e-10 1.887857054735593211e-10 2.762524968296147941e-10 3.671676170223360459e-10 4.271388058764632963e-10 4.547145510722282959e-10 4.103779536807857580e-10 2.157873149802252585e-10 2.940499527135710841e-11 2.692082489163208622e-11 3.803718342095920701e-11 -2.550436962938778571e-12
5.454173709352747098e-12 -2.626758230038744239e-12 9.994007774875288054e-12 1.343781485130672529e-11 1.532582410617963388e-11 1.429733094250570707e-11 1.103966745679340990e-11 1.386793468547270163e-11 1.748165458920023234e-11 2.025414107168902035e-11 2.444096831466782031e-11 3.595120829259226044e-11 5.669089540634094693e-11 8.909709743923141163e-11 1.358408836853870879e-10 2.095323789459127366e-10 3.108026094703525280e-10 4.271388058764632963e-10 5.376252002783470553e-10 5.978721389812350973e-10 5.605101756612094231e-10 3.428937150827257097e-10 8.395447204536910021e-11 4.219573428328478981e-11 4.154519730025964866e-11 -1.146235276809418604e-11
2.861435997574308693e-12 -4.168889996847962058e-12 1.200571786255612412e-11 1.402238948802371407e-11 1.657223460734764645e-11 1.420472001902078643e-11 1.037065496301193279e-11 1.389880717101544414e-11 1.825912077439186786e-11 2.254908609889184109e-11 2.811538345052648236e-11 4.047780006785018308e-11 6.065552718010660691e-11 9.524369915842948428e-11 1.443497159132052456e-10 2.223551477281481893e-10 3.305755000479044308e-10 4.547145510722282959e-10 5.978721389812350973e-10 7.365023539989337559e-10 7.455085747249383587e-10 5.298517026726166399e-10 1.958420120142543550e-10 6.807226504300639903e-11 5.042242894680114419e-11 -2.127825010249813815e-11
4.759328059835864675e-12 -4.673192691194050623e-12 1.216216710415736493e-11 1.583108164991217767e-11 1.301824256314710276e-11 1.028209910666132330e-11 9.266212357362666876e-12 1.458042727111232054e-11 1.549430273508852203e-11 2.240461398558630601e-11 2.887690336569277842e-11 3.848286016098940862e-11 5.640071785145342054e-11 8.174629020926194086e-11 1.209212480298807146e-10 1.897366338391051421e-10 2.909692918078354581e-10 4.103779536807857580e-10 5.605101756612094231e-10 7.455085747249383587e-10 8.603404154400290011e-10 7.382648295514701031e-10 3.902366191544105622e-10 1.257214974519508699e-10 2.791785228029225060e-11 -3.956890300384219464e-11
5.608619299450344931e-12 -1.351108658548129195e-12 9.471250912633832188e-12 1.063923934031894008e-11 4.839930148581913993e-12 3.160198246359453324e-12 2.630601713415864126e-12 1.374349537103259289e-11 7.697762453853730176e-12 1.284744332148052858e-11 1.843089627309027829e-11 1.806456145105331591e-11 2.714184889287455360e-11 2.917938253220698664e-11 4.314200166755125666e-11 7.399402991539126993e-11 1.329815013148746460e-10 2.157873149802252585e-10 3.428937150827257097e-10 5.298517026726166399e-10 7.382648295514701031e-10 8.543799946867518502e-10 6.267690931595844505e-10 2.449833042692501436e-10 -1.978035433391372604e-12 -5.476606882377346244e-11
2.219211453989070972e-11 1.009548768578720067e-11 1.068246245141511246e-11 4.699212809228207988e-12 -3.709822274641130579e-12 -6.534342399227972680e-13 1.496320233486712696e-12 1.775477987241506132e-11 1.145351516947926320e-11 1.753675111336200763e-11 1.906583114847893523e-11 1.129447799721025807e-11 1.581477539249352210e-11 9.380294598439794828e-12 6.275068791517619007e-12 6.156949162488239994e-12 1.155166328416671169e-11 2.940499527135710841e-11 8.395447204536910021e-11 1.958420120142543550e-10 3.902366191544105622e-10 6.267690931595844505e-10 7.107496999510955920e-10 4.464116193038606593e-10 6.349531507777513086e-11 -2.230290341699092204e-11
3.473237114427928312e-11 2.102323813734726010e-11 9.532855647127699886e-12 3.917909523007962022e-12 5.521340246101149333e-12 2.241502444208393454e-12 1.762497501509288148e-12 1.664930719738628321e-11 1.551167093528095110e-11 2.007525610142120453e-11 1.935586994279367073e-11 8.411851513107270539e-12 1.184626177159914815e-11 1.466258352126631546e-11 1.994072626699370700e-11 2.651993421311903935e-11 2.543659667970814623e-11 2.692082489163208622e-11 4.219573428328478981e-11 6.807226504300639903e-11 1.257214974519508699e-10 2.449833042692501436e-10 4.464116193038606593e-10 5.864153439753673142e-10 3.276013518902498735e-10 7.115198021765237721e-11
1.339902383169634349e-11 8.495023419460056644e-12 9.723600591027175199e-14 4.128572159310736671e-13 1.277729940604795382e-11 3.155534343711058966e-12 -3.096108751742965584e-12 2.191236496336537287e-12 5.196126557808475548e-12 1.258946095059569858e-11 1.661062910237457317e-11 1.722083188213910760e-11 1.983669104079152872e-11 2.129515204014874880e-11 2.831640668518014068e-11 4.048733454656299499e-11 4.206878765759053199e-11 3.803718342095920701e-11 4.154519730025964866e-11 5.042242894680114419e-11 2.791785228029225060e-11 -1.978035433391372604e-12 6.349531507777513086e-11 3.276013518902498735e-10 5.656524300117056138e-10 3.109631693880192506e-10
-9.089624934859243483e-12 -9.547929692462876386e-12 -1.547037422397293053e-11 -1.198403137784072903e-11 -3.624723979980521112e-13 1.831177553216260862e-12 -3.877607519390974558e-12 -8.999491171628023201e-12 -6.012889433399790828e-12 1.467455962102026142e-12 -1.714672290019507238e-12 1.317606251203911150e-11 1.274011417902077462e-11 7.806460089214149954e-12 7.348422315117491098e-12 1.225897677462447585e-11 7.236362195863843424e-12 -2.550436962938778571e-12 -1.146235276809418604e-11 -2.127825010249813815e-11 -3.956890300384219464e-11 -5.476606882377346244e-11 -2.230290341699092204e-11 7.115198021765237721e-11 3.109631693880192506e-10 5.192059352784303339e-10
