5.918704747020318011e-11 1.787214892837608044e-11 1.020581380456013028e-11 4.495003084034284785e-12 1.432758401839603367e-12 2.252433044114156840e-12 2.901834166876140006e-12 6.632220479259524214e-12 2.462413614578118695e-12 4.906628113087575092e-12 1.115402569155252808e-12 3.124619747331527386e-12 5.748847527342761964e-12 4.465786662203792388e-12 3.275464177884036137e-12 2.395084355103776693e-12 2.763270793177776457e-12 6.170392120252241717e-12 5.514796478727265614e-12 -1.984897403096948176e-13 -1.427205217949689228e-11 -1.556230501514249925e-11 -1.826154307710827004e-11 -9.604994273072482870e-12 3.567117966037337204e-12 -1.976847574130042898e-11
1.787214892837608044e-11 4.402085582038054435e-11 1.717618476284893446e-11 6.401842479317211448e-12 2.826637091886617644e-12 2.827431809234175867e-12 4.177286572176297312e-12 3.541776841916528197e-12 1.234278884413809159e-12 2.449747351348918546e-12 -6.272637800277438680e-13 1.036433741872947656e-12 1.752142733457007141e-12 3.591778409647409659e-13 -7.439085812018961926e-13 9.425794275798683686e-13 1.508338302430789421e-12 2.086123079229558759e-13 5.412045944234464526e-12 6.583037239547132883e-12 2.890920814787364146e-13 1.200792252015210954e-12 -5.352795366352302615e-12 3.478562782165079723e-12 1.296502695672214302e-11 -1.113031804382848366e-11
1.020581380456013028e-11 1.717618476284893446e-11 3.943460001347375679e-11 1.512214867012834461e-11 8.394009393043977061e-12 5.004207114227859624e-12 3.732552424327858066e-12 2.909512800174562362e-12 2.295198321974246018e-12 2.020073997457817686e-12 -5.490085920693884085e-13 2.403633004039228392e-12 3.687756501702738799e-12 1.846625478415785785e-12 -7.623304667867279247e-13 -3.794541252076469735e-12 -4.693112145810670694e-12 -6.558432291710597778e-12 -1.574123937733002008e-12 2.853262581063195291e-12 -3.183994524133870645e-12 -5.919086202905778664e-12 -1.101037167973269835e-12 1.217247651264274788e-11 6.957126488441564439e-12 -8.527771190953503293e-12
4.495003084034284785e-12 6.401842479317211448e-12 1.512214867012834461e-11 3.165559279912917836e-11 1.324704839908501876e-11 6.317705964066654876e-12 4.830730086655581482e-12 2.931377587799962223e-12 4.876524687386666144e-13 1.230932418799008300e-13 -3.512102532047503081e-12 -3.140783481899087640e-12 -3.935042077223621176e-12 -4.492269116542936216e-12 -5.197833195751484966e-12 -5.220575583178594246e-12 -5.081463012191843880e-12 -7.615721665720624824e-12 -7.257847887613239541e-12 -6.481057625878647256e-12 -8.141511801961456005e-12 -8.242216499340939396e-12 1.846552721523828810e-12 1.009903166023912049e-11 4.076765397275881062e-13 -9.802625490419321547e-13
1.432758401839603367e-12 2.826637091886617644e-12 8.394009393043977061e-12 1.324704839908501876e-11 2.575004535124614786e-11 9.781941242424066162e-12 5.680751854950830518e-12 2.825754636341346954e-12 1.910317293707012998e-12 2.618044758246847259e-12 1.127696311433530156e-12 2.237322002020825204e-12 1.633490354080346798e-12 1.761299909794233780e-12 1.124174798658932411e-12 3.199732250533768406e-12 5.679855358685929308e-12 6.327953557415259330e-12 1.152544558249170190e-11 1.533556163805919941e-11 1.229611269501142614e-11 5.666232570716416574e-12 5.206155189382521459e-12 7.243732620158635643e-12 -3.817730998158344467e-13 -4.612467303619193153e-12
2.252433044114156840e-12 2.827431809234175867e-12 5.004207114227859624e-12 6.317705964066654876e-12 9.781941242424066162e-12 1.971892811895675900e-11 1.271399595078309955e-11 9.392866179328588036e-12 6.517831581506021902e-12 7.388866709304770445e-12 5.496490591337343443e-12 5.226902016305859436e-12 5.001048699041664446e-12 2.457214479653821065e-12 3.486278526783025697e-12 6.090689703550155791e-12 7.618406491065736554e-12 8.007961853957213872e-12 1.256582158826418117e-11 1.614722494096966235e-11 2.105695761649907476e-11 1.986054335571786501e-11 1.018786201638535026e-11 -2.523026539237877815e-12 -2.716505427033714805e-13 -8.050573522553407867e-12
2.901834166876140006e-12 4.177286572176297312e-12 3.732552424327858066e-12 4.830730086655581482e-12 5.680751854950830518e-12 1.271399595078309955e-11 2.273315598828008316e-11 1.759067499779152739e-11 1.272444061583753948e-11 1.129986930280285586e-11 9.532185333913430624e-12 8.185445500708012331e-12 7.966806233900590921e-12 7.712193385372232986e-12 9.593832121522911298e-12 1.258190469398862103e-11 1.598763018810238652e-11 1.804153887526200990e-11 2.076381549354047238e-11 2.035822012555863503e-11 1.571520362661685173e-11 6.751380130146275431e-12 1.938480456734587380e-12 -2.631050029725555003e-12 8.206715608279716724e-12 7.886877636073807200e-12
6.632220479259524214e-12 3.541776841916528197e-12 2.909512800174562362e-12 2.931377587799962223e-12 2.825754636341346954e-12 9.392866179328588036e-12 1.759067499779152739e-11 2.822010980517901910e-11 2.044654908665202823e-11 1.616266512468655857e-11 1.361008862349438491e-11 1.065709720416852651e-11 1.053278151642252353e-11 1.145230417055797182e-11 1.273217011339961660e-11 1.456598149965098285e-11 1.873630704047037253e-11 2.198472375598595005e-11 2.528133677803380359e-11 2.544714675612480312e-11 2.026700977780141028e-11 5.346951799059936881e-12 -2.977092093230723221e-12 -5.609434635052508389e-12 1.404709751513026509e-11 1.051251579708796328e-11
2.462413614578118695e-12 1.234278884413809159e-12 2.295198321974246018e-12 4.876524687386666144e-13 1.910317293707012998e-12 6.517831581506021902e-12 1.272444061583753948e-11 2.044654908665202823e-11 2.875984036713397623e-11 2.446944489303149770e-11 2.074944499047666531e-11 1.960603995335041177e-11 2.029311090214224377e-11 2.267278971565365860e-11 2.524633039885962949e-11 2.745275043185899130e-11 3.152884777848971791e-11 3.615693199000601742e-11 4.360817218184590266e-11 4.920538657591620659e-11 5.219598845136502970e-11 3.481414747608858705e-11 2.244916262147318090e-11 9.164230967880407370e-12 8.829002240517249247e-12 8.439227215043979216e-12
4.906628113087575092e-12 2.449747351348918546e-12 2.020073997457817686e-12 1.230932418799008300e-13 2.618044758246847259e-12 7.388866709304770445e-12 1.129986930280285586e-11 1.616266512468655857e-11 2.446944489303149770e-11 3.266143284180382772e-11 2.870888612001473699e-11 2.636025594792019722e-11 2.707421445821021484e-11 2.935604664154328022e-11 3.207337063994054454e-11 3.463378737868110932e-11 3.886691917790620222e-11 4.293598106316703593e-11 4.811079304667195489e-11 5.334452205164326350e-11 5.529173110600502564e-11 4.111095444329354995e-11 3.383176233203763625e-11 2.506246558369339784e-11 1.636317005050207123e-11 -5.129215696008837965e-13
1.115402569155252808e-12 -6.272637800277438680e-13 -5.490085920693884085e-13 -3.512102532047503081e-12 1.127696311433530156e-12 5.496490591337343443e-12 9.532185333913430624e-12 1.361008862349438491e-11 2.074944499047666531e-11 2.870888612001473699e-11 3.707301141928283476e-11 3.640478942786615466e-11 3.589150836084058792e-11 3.948216569270424955e-11 4.182836932001336170e-11 4.372679516360646865e-11 4.866295875125575081e-11 5.355552500607238664e-11 5.746258573365182470e-11 6.268584654676671935e-11 6.101007632683335129e-11 4.050866758819328026e-11 2.868718781045400411e-11 2.007754654231700817e-11 1.793588437015403812e-11 -9.176087084958078285e-12
3.124619747331527386e-12 1.036433741872947656e-12 2.403633004039228392e-12 -3.140783481899087640e-12 2.237322002020825204e-12 5.226902016305859436e-12 8.185445500708012331e-12 1.065709720416852651e-11 1.960603995335041177e-11 2.636025594792019722e-11 3.640478942786615466e-11 5.165947265003935259e-11 5.455860769418983591e-11 5.791912008270705072e-11 6.087717110958570440e-11 6.333596162912702580e-11 6.928476580732943762e-11 7.498292383629929315e-11 8.042543075500456647e-11 8.700898862823158021e-11 8.204717915703346393e-11 5.042657870709393309e-11 3.911548154681505145e-11 2.405955059808825105e-11 3.296780063944763886e-12 -2.044164007476804386e-11
5.748847527342761964e-12 1.752142733457007141e-12 3.687756501702738799e-12 -3.935042077223621176e-12 1.633490354080346798e-12 5.001048699041664446e-12 7.966806233900590921e-12 1.053278151642252353e-11 2.029311090214224377e-11 2.707421445821021484e-11 3.589150836084058792e-11 5.455860769418983591e-11 7.292494007222899796e-11 8.058819553587612704e-11 8.473948470086866829e-11 8.867646254177357191e-11 9.563920991665341231e-11 1.034701548895511205e-10 1.118716485746068467e-10 1.220135246410268913e-10 1.124920818179533450e-10 6.061028984609328629e-11 3.915198222899694785e-11 2.422592360242549620e-11 1.255065953658941904e-11 -1.364046405915664920e-11
4.465786662203792388e-12 3.591778409647409659e-13 1.846625478415785785e-12 -4.492269116542936216e-12 1.761299909794233780e-12 2.457214479653821065e-12 7.712193385372232986e-12 1.145230417055797182e-11 2.267278971565365860e-11 2.935604664154328022e-11 3.948216569270424955e-11 5.791912008270705072e-11 8.058819553587612704e-11 1.096242775925488920e-10 1.205460835420321012e-10 1.289133755453908745e-10 1.391674569739499321e-10 1.539438269042468965e-10 1.670809699854263805e-10 1.769546692565308293e-10 1.548194593839425175e-10 6.814638025832551593e-11 1.775385914089461226e-11 2.824098822337302358e-13 8.915114618344711395e-12 -6.768298701582293725e-12
3.275464177884036137e-12 -7.439085812018961926e-13 -7.623304667867279247e-13 -5.197833195751484966e-12 1.124174798658932411e-12 3.486278526783025697e-12 9.593832121522911298e-12 1.273217011339961660e-11 2.524633039885962949e-11 3.207337063994054454e-11 4.182836932001336170e-11 6.087717110958570440e-11 8.473948470086866829e-11 1.205460835420321012e-10 1.576325343508451721e-10 1.798462040339740242e-10 1.998829134300504834e-10 2.215028333895374819e-10 2.398172154513066470e-10 2.535516031182641777e-10 2.325410629772166336e-10 1.193593665160650573e-10 4.143314999516387099e-11 -2.918889729348057258e-12 -6.135547112775529896e-12 -2.892336797197399744e-12
2.395084355103776693e-12 9.425794275798683686e-13 -3.794541252076469735e-12 -5.220575583178594246e-12 3.199732250533768406e-12 6.090689703550155791e-12 1.258190469398862103e-11 1.456598149965098285e-11 2.745275043185899130e-11 3.463378737868110932e-11 4.372679516360646865e-11 6.333596162912702580e-11 8.867646254177357191e-11 1.289133755453908745e-10 1.798462040339740242e-10 2.306037873770873742e-10 2.718030674262312554e-10 3.064270512680076356e-10 3.313714623732317951e-10 3.494473695894425381e-10 3.288833717265632096e-10 1.758424564421975525e-10 5.898572042048809352e-11 -5.616278018692786650e-12 -1.239752990276420933e-11 -1.291858201098042965e-11
2.763270793177776457e-12 1.508338302430789421e-12 -4.693112145810670694e-12 -5.081463012191843880e-12 5.679855358685929308e-12 7.618406491065736554e-12 1.598763018810238652e-11 1.873630704047037253e-11 3.152884777848971791e-11 3.886691917790620222e-11 4.866295875125575081e-11 6.928476580732943762e-11 9.563920991665341231e-11 1.391674569739499321e-10 1.998829134300504834e-10 2.718030674262312554e-10 3.562584699354919337e-10 4.221991639766178873e-10 4.647747501574750811e-10 4.964306951268060696e-10 4.730530844888517292e-10 2.621913059823968914e-10 8.455972199941537499e-11 -5.964406651493000131e-12 -2.054893961037421617e-11 -3.551481394365094660e-11
6.170392120252241717e-12 2.086123079229558759e-13 -6.558432291710597778e-12 -7.615721665720624824e-12 6.327953557415259330e-12 8.007961853957213872e-12 1.804153887526200990e-11 2.198472375598595005e-11 3.615693199000601742e-11 4.293598106316703593e-11 5.355552500607238664e-11 7.498292383629929315e-11 1.034701548895511205e-10 1.539438269042468965e-10 2.215028333895374819e-10 3.064270512680076356e-10 4.221991639766178873e-10 5.536026423136591269e-10 6.431364862077077554e-10 7.057190796175906344e-10 6.878731784783464874e-10 4.281067324272085257e-10 1.654221443814417824e-10 1.560696571818983539e-11 -3.952329272839504293e-11 -7.831754349296216754e-11
5.514796478727265614e-12 5.412045944234464526e-12 -1.574123937733002008e-12 -7.257847887613239541e-12 1.152544558249170190e-11 1.256582158826418117e-11 2.076381549354047238e-11 2.528133677803380359e-11 4.360817218184590266e-11 4.811079304667195489e-11 5.746258573365182470e-11 8.042543075500456647e-11 1.118716485746068467e-10 1.670809699854263805e-10 2.398172154513066470e-10 3.313714623732317951e-10 4.647747501574750811e-10 6.431364862077077554e-10 8.253105328644251317e-10 9.675612261108544429e-10 9.903844042432074163e-10 7.043620248225455221e-10 3.215964324278880342e-10 5.526674615839215843e-11 -4.489054187377108401e-11 -1.023971508028192769e-10
-1.984897403096948176e-13 6.583037239547132883e-12 2.853262581063195291e-12 -6.481057625878647256e-12 1.533556163805919941e-11 1.614722494096966235e-11 2.035822012555863503e-11 2.544714675612480312e-11 4.920538657591620659e-11 5.334452205164326350e-11 6.268584654676671935e-11 8.700898862823158021e-11 1.220135246410268913e-10 1.769546692565308293e-10 2.535516031182641777e-10 3.494473695894425381e-10 4.964306951268060696e-10 7.057190796175906344e-10 9.675612261108544429e-10 1.250287005120032621e-09 1.380251032909284277e-09 1.110123493167110292e-09 5.952085208521163638e-10 1.277374614357577040e-10 -4.860393372017126270e-11 -1.398283604992408587e-10
-1.427205217949689228e-11 2.890920814787364146e-13 -3.183994524133870645e-12 -8.141511801961456005e-12 1.229611269501142614e-11 2.105695761649907476e-11 1.571520362661685173e-11 2.026700977780141028e-11 5.219598845136502970e-11 5.529173110600502564e-11 6.101007632683335129e-11 8.204717915703346393e-11 1.124920818179533450e-10 1.548194593839425175e-10 2.325410629772166336e-10 3.288833717265632096e-10 4.730530844888517292e-10 6.878731784783464874e-10 9.903844042432074163e-10 1.380251032909284277e-09 1.691491376362173055e-09 1.546106556526499583e-09 9.641736539005456900e-10 2.361550892040540743e-10 -7.976645703221720141e-11 -1.958880203168940842e-10
-1.556230501514249925e-11 1.200792252015210954e-12 -5.919086202905778664e-12 -8.242216499340939396e-12 5.666232570716416574e-12 1.986054335571786501e-11 6.751380130146275431e-12 5.346951799059936881e-12 3.481414747608858705e-11 4.111095444329354995e-11 4.050866758819328026e-11 5.042657870709393309e-11 6.061028984609328629e-11 6.814638025832551593e-11 1.193593665160650573e-10 1.758424564421975525e-10 2.621913059823968914e-10 4.281067324272085257e-10 7.043620248225455221e-10 1.110123493167110292e-09 1.546106556526499583e-09 1.758149608074873912e-09 1.378608683653235908e-09 5.096765279660230428e-10 -6.602062566868392864e-11 -2.133473271540799474e-10
-1.826154307710827004e-11 -5.352795366352302615e-12 -1.101037167973269835e-12 1.846552721523828810e-12 5.206155189382521459e-12 1.018786201638535026e-11 1.938480456734587380e-12 -2.977092093230723221e-12 2.244916262147318090e-11 3.383176233203763625e-11 2.868718781045400411e-11 3.911548154681505145e-11 3.915198222899694785e-11 1.775385914089461226e-11 4.143314999516387099e-11 5.898572042048809352e-11 8.455972199941537499e-11 1.654221443814417824e-10 3.215964324278880342e-10 5.952085208521163638e-10 9.641736539005456900e-10 1.378608683653235908e-09 1.538451269758125635e-09 9.685090584857070760e-10 9.057785288591547643e-11 -1.629394363387669529e-10
-9.604994273072482870e-12 3.478562782165079723e-12 1.217247651264274788e-11 1.009903166023912049e-11 7.243732620158635643e-12 -2.523026539237877815e-12 -2.631050029725555003e-12 -5.609434635052508389e-12 9.164230967880407370e-12 2.506246558369339784e-11 2.007754654231700817e-11 2.405955059808825105e-11 2.422592360242549620e-11 2.824098822337302358e-13 -2.918889729348057258e-12 -5.616278018692786650e-12 -5.964406651493000131e-12 1.560696571818983539e-11 5.526674615839215843e-11 1.277374614357577040e-10 2.361550892040540743e-10 5.096765279660230428e-10 9.685090584857070760e-10 1.147189655961343372e-09 4.980196411941562429e-10 -1.216112573210950050e-11
3.567117966037337204e-12 1.296502695672214302e-11 6.957126488441564439e-12 4.076765397275881062e-13 -3.817730998158344467e-13 -2.716505427033714805e-13 8.206715608279716724e-12 1.404709751513026509e-11 8.829002240517249247e-12 1.636317005050207123e-11 1.793588437015403812e-11 3.296780063944763886e-12 1.255065953658941904e-11 8.915114618344711395e-12 -6.135547112775529896e-12 -1.239752990276420933e-11 -2.054893961037421617e-11 -3.952329272839504293e-11 -4.489054187377108401e-11 -4.860393372017126270e-11 -7.976645703221720141e-11 -6.602062566868392864e-11 9.057785288591547643e-11 4.980196411941562429e-10 9.582897995890971465e-10 5.060583781742812060e-10
-1.976847574130042898e-11 -1.113031804382848366e-11 -8.527771190953503293e-12 -9.802625490419321547e-13 -4.612467303619193153e-12 -8.050573522553407867e-12 7.886877636073807200e-12 1.051251579708796328e-11 8.439227215043979216e-12 -5.129215696008837965e-13 -9.176087084958078285e-12 -2.044164007476804386e-11 -1.364046405915664920e-11 -6.768298701582293725e-12 -2.892336797197399744e-12 -1.291858201098042965e-11 -3.551481394365094660e-11 -7.831754349296216754e-11 -1.023971508028192769e-10 -1.398283604992408587e-10 -1.958880203168940842e-10 -2.133473271540799474e-10 -1.629394363387669529e-10 -1.216112573210950050e-11 5.060583781742812060e-10 9.891252686561643386e-10
