5.604500755106443757e-11 1.302612532886815108e-11 5.302969042442387823e-12 8.168433340628218018e-13 9.743758566357020061e-13 6.587223735248112271e-13 -1.234696882563338596e-13 -1.953883901887751750e-12 -1.197832301106129776e-12 -1.950903027540507362e-12 -9.344467464245756822e-13 -3.383372179572252140e-12 -7.475105420946681538e-12 -5.793457960748257513e-12 -1.087343693807001954e-12 1.764765130869040089e-12 3.168707037682957207e-12 7.800608306974793839e-13 -5.757742899644711910e-12 -6.806672664996624997e-12 -3.452533736811926052e-12 3.482479990715206928e-12 1.202585093940351610e-11 1.271939060533549865e-11 8.309813033425000379e-12 -3.017797877380359948e-13
1.302612532886815108e-11 4.641676415462155602e-11 1.080634247128428408e-11 5.089046477636958083e-12 5.280587408246243430e-12 4.545840428781816636e-12 3.938845062062088545e-12 7.247357486669819537e-13 -8.885009049916865501e-13 -5.107410389147818668e-13 -1.339559997510799471e-12 4.160866985128749750e-13 -1.728847890481006499e-12 -3.588543874642879099e-12 -2.801476742342610987e-12 -1.677805839275766658e-12 -9.771421720978869626e-13 -3.418842263808090914e-12 -7.682111158059731361e-12 -1.100321620282578899e-11 -9.767991428463752856e-12 -8.340697418229855782e-13 -9.836467198869994128e-13 -8.141301122921463846e-13 -4.592767999057659210e-12 -5.404498899486116079e-12
5.302969042442387823e-12 1.080634247128428408e-11 3.243166937362236595e-11 1.163764328435407861e-11 4.789795932567816170e-12 4.545807577120819811e-12 4.058479487554248181e-12 1.437433363211326847e-12 8.711271722940415276e-13 1.184340829251251796e-12 6.249605204326634756e-13 -1.335426907296206444e-13 -2.668906088292467651e-12 -2.708173636124011547e-12 -3.584173684062151518e-12 -2.038460683973744571e-12 -1.391567947778351732e-12 -3.818772683532981359e-12 -4.574432198345098750e-12 -2.823854707294256574e-12 -1.048881211997592956e-12 -1.646894810836739732e-12 -4.517617236129019938e-12 -6.619737283914805630e-12 3.588237729771741174e-12 7.966325756800067249e-12
8.168433340628218018e-13 5.089046477636958083e-12 1.163764328435407861e-11 2.709136770362271645e-11 1.083870125498707975e-11 8.733391640167397714e-12 6.167590840609785165e-12 2.671673019166468061e-12 2.241276560876976675e-12 1.371810325862610614e-12 1.217831770964981555e-12 4.935032426145501373e-13 -1.668708842497363532e-14 2.138395785334938604e-12 3.618492980669110565e-12 3.825500371033928286e-12 4.543565024274579719e-12 3.894326557394680096e-12 6.028114458205115893e-12 8.959384998730068740e-12 1.269629707910421601e-11 1.132014601311815363e-11 8.248252842537280060e-12 7.730511424560397892e-12 1.317011318717169910e-11 6.649389859628272589e-12
9.743758566357020061e-13 5.280587408246243430e-12 4.789795932567816170e-12 1.083870125498707975e-11 2.540360956599994010e-11 1.273317957006485167e-11 8.689786911302244601e-12 4.506617593896364986e-12 3.074933296767183883e-12 1.789046367360688223e-12 1.695928664578940008e-12 1.450824860242721903e-12 -4.050874084493213692e-14 -1.718311290078536552e-12 -6.031752190021005857e-13 -1.731418691912240919e-12 -1.212988144483423046e-12 -3.474524184405478570e-12 -3.222452229820732615e-12 -1.170142889125944613e-12 -7.118907126601128803e-13 1.687944930956851507e-12 -1.735222405996078248e-13 -6.800854368232858579e-12 -3.438262021559134932e-12 8.757378295723317319e-12
6.587223735248112271e-13 4.545840428781816636e-12 4.545807577120819811e-12 8.733391640167397714e-12 1.273317957006485167e-11 2.109917883706452647e-11 1.280373486624110768e-11 8.529655584071939485e-12 6.672360217757238246e-12 4.111440490818470072e-12 2.413557857984705829e-12 2.398845732633733600e-12 2.274181991730794417e-12 3.582016069464478537e-13 -1.019037779991138013e-13 6.722103213672861975e-13 1.798783403700136278e-12 -1.383543852583080460e-12 -1.906974733388945283e-12 5.911200158421956149e-13 6.530602882666322544e-13 2.677496065262520309e-12 2.913798240070875886e-12 -1.600947580455594174e-12 6.115894810623508929e-13 3.795135287312931195e-12
-1.234696882563338596e-13 3.938845062062088545e-12 4.058479487554248181e-12 6.167590840609785165e-12 8.689786911302244601e-12 1.280373486624110768e-11 1.913386951673580295e-11 1.277197028324358738e-11 9.505908065273374152e-12 6.663819937512905853e-12 4.270382551052322861e-12 3.121040964442116224e-12 1.566296338273906633e-12 3.874466542918219784e-13 1.087035423707714839e-12 3.050238760853523071e-12 4.910540797113268357e-12 3.564866214448155917e-12 3.469646920653821916e-12 5.149607424157323518e-12 5.496618543740160495e-12 3.762056643752914628e-12 4.712290560938233757e-13 -4.095687980973313876e-12 1.655059534965997174e-12 7.906973909783450232e-13
-1.953883901887751750e-12 7.247357486669819537e-13 1.437433363211326847e-12 2.671673019166468061e-12 4.506617593896364986e-12 8.529655584071939485e-12 1.277197028324358738e-11 1.976626922114858639e-11 1.435019786808642239e-11 1.107772454360393131e-11 8.408455457746194337e-12 7.625684906431575516e-12 5.698415141542642778e-12 5.223973881118275146e-12 5.905035517676222718e-12 8.835834905203079069e-12 1.061867830623005374e-11 9.782409826133925695e-12 1.009594872917111729e-11 1.112306998782850680e-11 9.134056490146378122e-12 2.816485361878344685e-12 -4.240604829711617420e-12 -9.417742912702042379e-12 -5.743668130642459501e-12 -7.517161115648463564e-12
-1.197832301106129776e-12 -8.885009049916865501e-13 8.711271722940415276e-13 2.241276560876976675e-12 3.074933296767183883e-12 6.672360217757238246e-12 9.505908065273374152e-12 1.435019786808642239e-11 2.163884650975410291e-11 1.641945953768930978e-11 1.206272466767477606e-11 1.025717718100465604e-11 7.590082022905864107e-12 7.067307553960602471e-12 6.629461268965331947e-12 7.157725735253071706e-12 1.058986025546958238e-11 8.918097233663643510e-12 8.865728026545733285e-12 9.637610125263238354e-12 6.350277421919384323e-12 7.548593486093152219e-13 -3.234781527445367476e-13 -4.222213707572490505e-12 -6.652042741982929121e-12 -8.425040414480237722e-12
-1.950903027540507362e-12 -5.107410389147818668e-13 1.184340829251251796e-12 1.371810325862610614e-12 1.789046367360688223e-12 4.111440490818470072e-12 6.663819937512905853e-12 1.107772454360393131e-11 1.641945953768930978e-11 2.145926582918289213e-11 1.698227290869481465e-11 1.257647612587258581e-11 1.016718100953394487e-11 8.806994774029060555e-12 6.835802640134229283e-12 7.760267771851370460e-12 9.484422008723927411e-12 7.346953667741846374e-12 7.133928710953293161e-12 7.480631659477694041e-12 6.141956496095126920e-12 5.561388181601576352e-13 -1.349234180224961953e-12 -6.709138480251897900e-12 -6.146022072930653091e-12 -1.245914989209736868e-11
-9.344467464245756822e-13 -1.339559997510799471e-12 6.249605204326634756e-13 1.217831770964981555e-12 1.695928664578940008e-12 2.413557857984705829e-12 4.270382551052322861e-12 8.408455457746194337e-12 1.206272466767477606e-11 1.698227290869481465e-11 2.301340859112838754e-11 1.959025296325916818e-11 1.562920590430409443e-11 1.352279228836940609e-11 1.179982194502155009e-11 1.144230830625092247e-11 1.190120846026192054e-11 1.175651104793944519e-11 1.152285473379854592e-11 1.174064617526563673e-11 7.927326424392034230e-12 -3.071399223991824733e-12 -8.197179200995849482e-12 -1.197378318401072127e-11 -8.141659100485282137e-12 -9.078815892741602346e-12
-3.383372179572252140e-12 4.160866985128749750e-13 -1.335426907296206444e-13 4.935032426145501373e-13 1.450824860242721903e-12 2.398845732633733600e-12 3.121040964442116224e-12 7.625684906431575516e-12 1.025717718100465604e-11 1.257647612587258581e-11 1.959025296325916818e-11 2.778348216105620138e-11 2.589814399618892087e-11 2.290875911091086701e-11 2.030803996526955372e-11 1.856927594575447683e-11 1.830390823131673313e-11 1.737643743020609378e-11 1.655315278937679849e-11 1.813114584961933250e-11 1.148294970885543565e-11 -2.912102350431753771e-12 -4.507971710178013552e-12 -6.980594727005783483e-12 -8.317520309300389118e-12 -5.826511108375354566e-12
-7.475105420946681538e-12 -1.728847890481006499e-12 -2.668906088292467651e-12 -1.668708842497363532e-14 -4.050874084493213692e-14 2.274181991730794417e-12 1.566296338273906633e-12 5.698415141542642778e-12 7.590082022905864107e-12 1.016718100953394487e-11 1.562920590430409443e-11 2.589814399618892087e-11 3.632474121557793751e-11 3.476899451482796639e-11 3.153281310664696994e-11 2.924764861388624494e-11 2.803466565212282257e-11 2.817449674915628638e-11 2.804657982573387574e-11 2.853759850142627166e-11 1.769053934675075246e-11 -5.133235366223399840e-12 -5.489369146982081193e-12 -2.069374620211449758e-12 -8.615692931137059040e-12 -8.064253802382397160e-12
-5.793457960748257513e-12 -3.588543874642879099e-12 -2.708173636124011547e-12 2.138395785334938604e-12 -1.718311290078536552e-12 3.582016069464478537e-13 3.874466542918219784e-13 5.223973881118275146e-12 7.067307553960602471e-12 8.806994774029060555e-12 1.352279228836940609e-11 2.290875911091086701e-11 3.476899451482796639e-11 4.647147066733286177e-11 4.763096727265422382e-11 4.688820108516541833e-11 4.603839178549113484e-11 4.646508909747148432e-11 4.769532942654209909e-11 4.892787880680237413e-11 3.562238172152766998e-11 -3.191252591534213301e-13 -6.609027031896338922e-12 -1.914162139147096350e-12 -7.042854932589235950e-12 -4.519946191869251361e-12
-1.087343693807001954e-12 -2.801476742342610987e-12 -3.584173684062151518e-12 3.618492980669110565e-12 -6.031752190021005857e-13 -1.019037779991138013e-13 1.087035423707714839e-12 5.905035517676222718e-12 6.629461268965331947e-12 6.835802640134229283e-12 1.179982194502155009e-11 2.030803996526955372e-11 3.153281310664696994e-11 4.763096727265422382e-11 6.424103515398284951e-11 6.804101818404617215e-11 6.827192652805717583e-11 6.912482942767908420e-11 7.083710005950820443e-11 7.554300501606082430e-11 6.211917638564683048e-11 1.311572405384770261e-11 -3.783157933017823127e-12 -3.494059856733991813e-12 -4.246582021110957261e-12 -3.371811736899237605e-12
1.764765130869040089e-12 -1.677805839275766658e-12 -2.038460683973744571e-12 3.825500371033928286e-12 -1.731418691912240919e-12 6.722103213672861975e-13 3.050238760853523071e-12 8.835834905203079069e-12 7.157725735253071706e-12 7.760267771851370460e-12 1.144230830625092247e-11 1.856927594575447683e-11 2.924764861388624494e-11 4.688820108516541833e-11 6.804101818404617215e-11 8.813226160060683760e-11 9.501752199467722479e-11 9.892941561383862807e-11 1.032315108582013665e-10 1.119510489929347433e-10 1.006550846366417528e-10 3.994475992152062014e-11 6.240612986902525697e-12 8.540774609644971984e-13 -5.126408938635008483e-12 -8.321539458744095748e-12
3.168707037682957207e-12 -9.771421720978869626e-13 -1.391567947778351732e-12 4.543565024274579719e-12 -1.212988144483423046e-12 1.798783403700136278e-12 4.910540797113268357e-12 1.061867830623005374e-11 1.058986025546958238e-11 9.484422008723927411e-12 1.190120846026192054e-11 1.830390823131673313e-11 2.803466565212282257e-11 4.603839178549113484e-11 6.827192652805717583e-11 9.501752199467722479e-11 1.194188708724419647e-10 1.290650479890185417e-10 1.361599147547020523e-10 1.487213283578119105e-10 1.377566606303565873e-10 6.700940403315174610e-11 1.542154086584313833e-11 5.815119643452485955e-12 -7.008314139462875378e-12 -1.286294495105805786e-11
7.800608306974793839e-13 -3.418842263808090914e-12 -3.818772683532981359e-12 3.894326557394680096e-12 -3.474524184405478570e-12 -1.383543852583080460e-12 3.564866214448155917e-12 9.782409826133925695e-12 8.918097233663643510e-12 7.346953667741846374e-12 1.175651104793944519e-11 1.737643743020609378e-11 2.817449674915628638e-11 4.646508909747148432e-11 6.912482942767908420e-11 9.892941561383862807e-11 1.290650479890185417e-10 1.604590877323386205e-10 1.776229985505550676e-10 1.935965164538689752e-10 1.831423037883829129e-10 1.022170941940447065e-10 2.627443479798177735e-11 9.970249332515032664e-12 -1.018368054669489565e-11 -1.542588562515749482e-11
-5.757742899644711910e-12 -7.682111158059731361e-12 -4.574432198345098750e-12 6.028114458205115893e-12 -3.222452229820732615e-12 -1.906974733388945283e-12 3.469646920653821916e-12 1.009594872917111729e-11 8.865728026545733285e-12 7.133928710953293161e-12 1.152285473379854592e-11 1.655315278937679849e-11 2.804657982573387574e-11 4.769532942654209909e-11 7.083710005950820443e-11 1.032315108582013665e-10 1.361599147547020523e-10 1.776229985505550676e-10 2.212260725657389894e-10 2.513623062283635500e-10 2.453522882376472973e-10 1.580028526689245879e-10 5.320194755487037089e-11 2.058047376350094024e-11 -6.791503991444362455e-12 -1.679757820815850558e-11
-6.806672664996624997e-12 -1.100321620282578899e-11 -2.823854707294256574e-12 8.959384998730068740e-12 -1.170142889125944613e-12 5.911200158421956149e-13 5.149607424157323518e-12 1.112306998782850680e-11 9.637610125263238354e-12 7.480631659477694041e-12 1.174064617526563673e-11 1.813114584961933250e-11 2.853759850142627166e-11 4.892787880680237413e-11 7.554300501606082430e-11 1.119510489929347433e-10 1.487213283578119105e-10 1.935965164538689752e-10 2.513623062283635500e-10 3.262125983555780273e-10 3.448565007612179292e-10 2.566275728706149787e-10 1.196185810079147981e-10 4.081644384298192979e-11 1.783377354958807322e-12 -1.401600400220289743e-11
-3.452533736811926052e-12 -9.767991428463752856e-12 -1.048881211997592956e-12 1.269629707910421601e-11 -7.118907126601128803e-13 6.530602882666322544e-13 5.496618543740160495e-12 9.134056490146378122e-12 6.350277421919384323e-12 6.141956496095126920e-12 7.927326424392034230e-12 1.148294970885543565e-11 1.769053934675075246e-11 3.562238172152766998e-11 6.211917638564683048e-11 1.006550846366417528e-10 1.377566606303565873e-10 1.831423037883829129e-10 2.453522882376472973e-10 3.448565007612179292e-10 4.373009646924101358e-10 3.950303716413954521e-10 2.417001130876475507e-10 7.497798578750964028e-11 -3.471850387679268391e-13 -1.701059654149056510e-11
3.482479990715206928e-12 -8.340697418229855782e-13 -1.646894810836739732e-12 1.132014601311815363e-11 1.687944930956851507e-12 2.677496065262520309e-12 3.762056643752914628e-12 2.816485361878344685e-12 7.548593486093152219e-13 5.561388181601576352e-13 -3.071399223991824733e-12 -2.912102350431753771e-12 -5.133235366223399840e-12 -3.191252591534213301e-13 1.311572405384770261e-11 3.994475992152062014e-11 6.700940403315174610e-11 1.022170941940447065e-10 1.580028526689245879e-10 2.566275728706149787e-10 3.950303716413954521e-10 4.864651825183519026e-10 3.912235087350207012e-10 1.581595323919256328e-10 1.228373144468239252e-11 -9.232152880834285442e-12
1.202585093940351610e-11 -9.836467198869994128e-13 -4.517617236129019938e-12 8.248252842537280060e-12 -1.735222405996078248e-13 2.913798240070875886e-12 4.712290560938233757e-13 -4.240604829711617420e-12 -3.234781527445367476e-13 -1.349234180224961953e-12 -8.197179200995849482e-12 -4.507971710178013552e-12 -5.489369146982081193e-12 -6.609027031896338922e-12 -3.783157933017823127e-12 6.240612986902525697e-12 1.542154086584313833e-11 2.627443479798177735e-11 5.320194755487037089e-11 1.196185810079147981e-10 2.417001130876475507e-10 3.912235087350207012e-10 4.570036051927587306e-10 2.881667756371981683e-10 6.927384348042138049e-11 1.568785447051473531e-11
1.271939060533549865e-11 -8.141301122921463846e-13 -6.619737283914805630e-12 7.730511424560397892e-12 -6.800854368232858579e-12 -1.600947580455594174e-12 -4.095687980973313876e-12 -9.417742912702042379e-12 -4.222213707572490505e-12 -6.709138480251897900e-12 -1.197378318401072127e-11 -6.980594727005783483e-12 -2.069374620211449758e-12 -1.914162139147096350e-12 -3.494059856733991813e-12 8.540774609644971984e-13 5.815119643452485955e-12 9.970249332515032664e-12 2.058047376350094024e-11 4.081644384298192979e-11 7.497798578750964028e-11 1.581595323919256328e-10 2.881667756371981683e-10 3.612635797590767450e-10 2.047874208914832373e-10 4.655343058838374738e-11
8.309813033425000379e-12 -4.592767999057659210e-12 3.588237729771741174e-12 1.317011318717169910e-11 -3.438262021559134932e-12 6.115894810623508929e-13 1.655059534965997174e-12 -5.743668130642459501e-12 -6.652042741982929121e-12 -6.146022072930653091e-12 -8.141659100485282137e-12 -8.317520309300389118e-12 -8.615692931137059040e-12 -7.042854932589235950e-12 -4.246582021110957261e-12 -5.126408938635008483e-12 -7.008314139462875378e-12 -1.018368054669489565e-11 -6.791503991444362455e-12 1.783377354958807322e-12 -3.471850387679268391e-13 1.228373144468239252e-11 6.927384348042138049e-11 2.047874208914832373e-10 3.082786322131187221e-10 1.651514671242776250e-10
-3.017797877380359948e-13 -5.404498899486116079e-12 7.966325756800067249e-12 6.649389859628272589e-12 8.757378295723317319e-12 3.795135287312931195e-12 7.906973909783450232e-13 -7.517161115648463564e-12 -8.425040414480237722e-12 -1.245914989209736868e-11 -9.078815892741602346e-12 -5.826511108375354566e-12 -8.064253802382397160e-12 -4.519946191869251361e-12 -3.371811736899237605e-12 -8.321539458744095748e-12 -1.286294495105805786e-11 -1.542588562515749482e-11 -1.679757820815850558e-11 -1.401600400220289743e-11 -1.701059654149056510e-11 -9.232152880834285442e-12 1.568785447051473531e-11 4.655343058838374738e-11 1.651514671242776250e-10 3.365401449578502703e-10
