7.220937488604660015e-11 2.133630261596715679e-11 1.509071181693309179e-11 9.671710855903054362e-12 1.140825365333323057e-12 4.441429371221460804e-12 3.751358424105042055e-12 7.168936907049255570e-12 4.255745519615402127e-12 4.233987375128236335e-12 3.841335681556774146e-12 2.511502663401955512e-12 1.449708936528003288e-12 3.125351353380791145e-12 5.121947892498261059e-12 6.952258519210065353e-12 7.138165898256940742e-12 9.708852355408243683e-12 5.454173709352995091e-12 2.861435997574626963e-12 4.759328059835843673e-12 5.608619299450283539e-12 2.219211453989024767e-11 3.473237114427875967e-11 1.339902383169630956e-11 -9.089624934858984989e-12
2.133630261596715679e-11 4.853065032223267937e-11 1.352323050022826894e-11 6.776098648631073241e-12 1.908538216179647566e-12 4.655009738584655344e-12 4.094279882827863912e-12 2.107403844844692039e-12 1.980400736207048388e-12 2.647330965366223979e-12 9.697675015802396903e-13 -6.250348100411696467e-13 7.069807287847328810e-13 -5.591593405887946271e-13 -1.556390186084819081e-12 -2.352934469846233735e-12 -4.115540912805865554e-12 -3.536820147025432622e-12 -2.626758230038453029e-12 -4.168889996847816655e-12 -4.673192691193953688e-12 -1.351108658548185135e-12 1.009548768578713928e-11 2.102323813734757998e-11 8.495023419460510624e-12 -9.547929692462772989e-12
1.509071181693309179e-11 1.352323050022826894e-11 3.609179128615147626e-11 1.377038289281702952e-11 4.597449244355407484e-12 6.616386973259806380e-12 4.281530739814403548e-12 3.602606003885560008e-12 2.253548985253942151e-12 3.494375191442821264e-13 -1.162975279745598442e-12 -1.568760350159574441e-12 -2.934152822281822699e-12 -1.815786047063872759e-12 3.715052463566648507e-13 2.142676057402236551e-13 2.992388854863123339e-12 6.983442278601859102e-12 9.994007774875433457e-12 1.200571786255646663e-11 1.216216710415794170e-11 9.471250912634355638e-12 1.068246245141554383e-11 9.532855647127921221e-12 9.723600591030393751e-14 -1.547037422397303069e-11
9.671710855903054362e-12 6.776098648631073241e-12 1.377038289281702952e-11 3.373972814103354089e-11 1.074208638378375969e-11 7.356120872813630841e-12 5.960259586471449835e-12 4.185930458818504226e-12 1.889336206054869927e-12 1.468515387284852514e-12 1.766339571112428312e-13 -1.832746474808003045e-12 -3.011154631475513543e-12 -1.257151620690620117e-12 1.401677328152025656e-12 4.164276830666758597e-12 8.537009416748809032e-12 1.208454817562522535e-11 1.343781485130673660e-11 1.402238948802373992e-11 1.583108164991219705e-11 1.063923934031852972e-11 4.699212809227702309e-12 3.917909523007418377e-12 4.128572159307422698e-13 -1.198403137784054001e-11
1.140825365333323057e-12 1.908538216179647566e-12 4.597449244355407484e-12 1.074208638378375969e-11 2.245597567219828124e-11 1.287000020397462385e-11 9.316384274407658685e-12 5.851314545787550253e-12 4.564767762796109320e-12 2.651910898646292140e-12 2.592445470466547531e-12 2.381004327199695518e-12 1.183170689241137529e-12 1.053278735417540506e-12 3.120172879955500176e-12 4.942506061606928332e-12 8.191719941975136900e-12 1.187436618456089545e-11 1.532582410617912981e-11 1.657223460734723609e-11 1.301824256314677157e-11 4.839930148581968116e-12 -3.709822274640977906e-12 5.521340246101105712e-12 1.277729940604811376e-11 -3.624723979976347343e-13
4.441429371221460804e-12 4.655009738584655344e-12 6.616386973259806380e-12 7.356120872813630841e-12 1.287000020397462385e-11 2.409961795691235123e-11 1.346696237244275656e-11 7.648343487239554123e-12 4.890541436652948375e-12 5.018290062049715320e-12 3.253054891469731597e-12 2.888828483928967446e-12 1.841551441408534605e-12 1.743348288253784347e-12 2.617309913423266276e-12 5.863490106405832618e-12 8.803135254169088913e-12 1.167975622574998074e-11 1.429733094250479426e-11 1.420472001901981223e-11 1.028209910666054459e-11 3.160198246359148786e-12 -6.534342399229050075e-13 2.241502444208336908e-12 3.155534343710879232e-12 1.831177553215443375e-12
3.751358424105042055e-12 4.094279882827863912e-12 4.281530739814403548e-12 5.960259586471449835e-12 9.316384274407658685e-12 1.346696237244275656e-11 1.976231141508039238e-11 1.114791438685647288e-11 8.191689117199335943e-12 6.812483251498599164e-12 5.752993103712638094e-12 4.524315988409474540e-12 2.964392816417087599e-12 2.977751602259176488e-12 3.734904367208407228e-12 4.248421608217493217e-12 5.544734770430200188e-12 7.409129114654623992e-12 1.103966745679335982e-11 1.037065496301168399e-11 9.266212357362484315e-12 2.630601713415547067e-12 1.496320233486679980e-12 1.762497501509635701e-12 -3.096108751742991030e-12 -3.877607519390775840e-12
7.168936907049255570e-12 2.107403844844692039e-12 3.602606003885560008e-12 4.185930458818504226e-12 5.851314545787550253e-12 7.648343487239554123e-12 1.114791438685647288e-11 1.987198420642819493e-11 1.354351455116506180e-11 1.011366535709331831e-11 8.195361853396024928e-12 6.604404503625677808e-12 5.655382800800968601e-12 5.195834904826233031e-12 5.709282245806290189e-12 4.975149166180633215e-12 7.190701892895975325e-12 1.047101819747362574e-11 1.386793468547168381e-11 1.389880717101444894e-11 1.458042727111139965e-11 1.374349537103190627e-11 1.775477987241434723e-11 1.664930719738559497e-11 2.191236496336422177e-12 -8.999491171627879414e-12
4.255745519615402127e-12 1.980400736207048388e-12 2.253548985253942151e-12 1.889336206054869927e-12 4.564767762796109320e-12 4.890541436652948375e-12 8.191689117199335943e-12 1.354351455116506180e-11 2.075529627149411543e-11 1.600061052784206891e-11 1.383547054246920728e-11 1.075299072839123555e-11 1.047616669642138351e-11 1.093185318780776161e-11 1.115093213369554478e-11 1.135710423817322583e-11 1.321826638967534962e-11 1.477812043091541361e-11 1.748165458920031959e-11 1.825912077439201326e-11 1.549430273508864804e-11 7.697762453853775413e-12 1.145351516947886576e-11 1.551167093528125160e-11 5.196126557809309191e-12 -6.012889433400053361e-12
4.233987375128236335e-12 2.647330965366223979e-12 3.494375191442821264e-13 1.468515387284852514e-12 2.651910898646292140e-12 5.018290062049715320e-12 6.812483251498599164e-12 1.011366535709331831e-11 1.600061052784206891e-11 2.491952427557010563e-11 2.092342517598771290e-11 1.538154284569301912e-11 1.572297979480550245e-11 1.578554289885218377e-11 1.564185126167113187e-11 1.646159169679784017e-11 1.766398555225795629e-11 1.960550856564553089e-11 2.025414107168916899e-11 2.254908609889207696e-11 2.240461398558653542e-11 1.284744332148093571e-11 1.753675111336224351e-11 2.007525610142166013e-11 1.258946095059607016e-11 1.467455962102237784e-12
3.841335681556774146e-12 9.697675015802396903e-13 -1.162975279745598442e-12 1.766339571112428312e-13 2.592445470466547531e-12 3.253054891469731597e-12 5.752993103712638094e-12 8.195361853396024928e-12 1.383547054246920728e-11 2.092342517598771290e-11 2.828857328035635107e-11 2.446678540649672456e-11 2.379447216910508457e-11 2.197620141176282093e-11 2.048164613426735622e-11 2.073088032922959338e-11 2.126414531519942249e-11 2.269520131207571129e-11 2.444096831466723223e-11 2.811538345052583612e-11 2.887690336569199648e-11 1.843089627308942849e-11 1.906583114847865088e-11 1.935586994279416510e-11 1.661062910237526141e-11 -1.714672290018510218e-12
2.511502663401955512e-12 -6.250348100411696467e-13 -1.568760350159574441e-12 -1.832746474808003045e-12 2.381004327199695518e-12 2.888828483928967446e-12 4.524315988409474540e-12 6.604404503625677808e-12 1.075299072839123555e-11 1.538154284569301912e-11 2.446678540649672456e-11 3.205933567495059102e-11 3.257513207765280775e-11 2.996646358215624237e-11 2.752116416008829213e-11 2.789837882835269131e-11 2.862621943749617555e-11 3.280022190538493412e-11 3.595120829259154958e-11 4.047780006784969194e-11 3.848286016098910489e-11 1.806456145105287647e-11 1.129447799720981863e-11 8.411851513106852102e-12 1.722083188213912052e-11 1.317606251203931506e-11
1.449708936528003288e-12 7.069807287847328810e-13 -2.934152822281822699e-12 -3.011154631475513543e-12 1.183170689241137529e-12 1.841551441408534605e-12 2.964392816417087599e-12 5.655382800800968601e-12 1.047616669642138351e-11 1.572297979480550245e-11 2.379447216910508457e-11 3.257513207765280775e-11 4.559576930565605433e-11 4.453549687504781616e-11 4.171846566981527027e-11 4.409824337181695048e-11 4.561314791421594153e-11 5.142108526408089508e-11 5.669089540633969969e-11 6.065552718010580558e-11 5.640071785145316851e-11 2.714184889287465053e-11 1.581477539249396477e-11 1.184626177159964576e-11 1.983669104079180983e-11 1.274011417902124152e-11
3.125351353380791145e-12 -5.591593405887946271e-13 -1.815786047063872759e-12 -1.257151620690620117e-12 1.053278735417540506e-12 1.743348288253784347e-12 2.977751602259176488e-12 5.195834904826233031e-12 1.093185318780776161e-11 1.578554289885218377e-11 2.197620141176282093e-11 2.996646358215624237e-11 4.453549687504781616e-11 5.659234026364852585e-11 5.913089457736740757e-11 6.447459072867098660e-11 6.977376226292712110e-11 7.942111660247192628e-11 8.909709743923110143e-11 9.524369915842947136e-11 8.174629020926252247e-11 2.917938253220680569e-11 9.380294598439494329e-12 1.466258352126612158e-11 2.129515204014897175e-11 7.806460089214167726e-12
5.121947892498261059e-12 -1.556390186084819081e-12 3.715052463566648507e-13 1.401677328152025656e-12 3.120172879955500176e-12 2.617309913423266276e-12 3.734904367208407228e-12 5.709282245806290189e-12 1.115093213369554478e-11 1.564185126167113187e-11 2.048164613426735622e-11 2.752116416008829213e-11 4.171846566981527027e-11 5.913089457736740757e-11 7.978182202630113792e-11 9.407570372564777979e-11 1.069135602278648221e-10 1.217653257437875130e-10 1.358408836853853042e-10 1.443497159132038239e-10 1.209212480298799908e-10 4.314200166755028731e-11 6.275068791517273272e-12 1.994072626699383302e-11 2.831640668518030547e-11 7.348422315117216448e-12
6.952258519210065353e-12 -2.352934469846233735e-12 2.142676057402236551e-13 4.164276830666758597e-12 4.942506061606928332e-12 5.863490106405832618e-12 4.248421608217493217e-12 4.975149166180633215e-12 1.135710423817322583e-11 1.646159169679784017e-11 2.073088032922959338e-11 2.789837882835269131e-11 4.409824337181695048e-11 6.447459072867098660e-11 9.407570372564777979e-11 1.327257127787778513e-10 1.621854179127976011e-10 1.887857054735588817e-10 2.095323789459107979e-10 2.223551477281472845e-10 1.897366338391053230e-10 7.399402991539074002e-11 6.156949162487983924e-12 2.651993421311882286e-11 4.048733454656306608e-11 1.225897677462450008e-11
7.138165898256940742e-12 -4.115540912805865554e-12 2.992388854863123339e-12 8.537009416748809032e-12 8.191719941975136900e-12 8.803135254169088913e-12 5.544734770430200188e-12 7.190701892895975325e-12 1.321826638967534962e-11 1.766398555225795629e-11 2.126414531519942249e-11 2.862621943749617555e-11 4.561314791421594153e-11 6.977376226292712110e-11 1.069135602278648221e-10 1.621854179127976011e-10 2.270869564083824951e-10 2.762524968296139669e-10 3.108026094703495812e-10 3.305755000479031383e-10 2.909692918078356649e-10 1.329815013148741549e-10 1.155166328416664061e-11 2.543659667970762601e-11 4.206878765759032519e-11 7.236362195863882198e-12
9.708852355408243683e-12 -3.536820147025432622e-12 6.983442278601859102e-12 1.208454817562522535e-11 1.187436618456089545e-11 1.167975622574998074e-11 7.409129114654623992e-12 1.047101819747362574e-11 1.477812043091541361e-11 1.960550856564553089e-11 2.269520131207571129e-11 3.280022190538493412e-11 5.142108526408089508e-11 7.942111660247192628e-11 1.217653257437875130e-10 1.887857054735588817e-10 2.762524968296139669e-10 3.671676170223349602e-10 4.271388058764592638e-10 4.547145510722258143e-10 4.103779536807855512e-10 2.157873149802244572e-10 2.940499527135737983e-11 2.692082489163241580e-11 3.803718342096002126e-11 -2.550436962938004704e-12
5.454173709352995091e-12 -2.626758230038453029e-12 9.994007774875433457e-12 1.343781485130673660e-11 1.532582410617912981e-11 1.429733094250479426e-11 1.103966745679335982e-11 1.386793468547168381e-11 1.748165458920031959e-11 2.025414107168916899e-11 2.444096831466723223e-11 3.595120829259154958e-11 5.669089540633969969e-11 8.909709743923110143e-11 1.358408836853853042e-10 2.095323789459107979e-10 3.108026094703495812e-10 4.271388058764592638e-10 5.376252002783385767e-10 5.978721389812282731e-10 5.605101756612061144e-10 3.428937150827222459e-10 8.395447204536854445e-11 4.219573428328437622e-11 4.154519730025939663e-11 -1.146235276809412464e-11
2.861435997574626963e-12 -4.168889996847816655e-12 1.200571786255646663e-11 1.402238948802373992e-11 1.657223460734723609e-11 1.420472001901981223e-11 1.037065496301168399e-11 1.389880717101444894e-11 1.825912077439201326e-11 2.254908609889207696e-11 2.811538345052583612e-11 4.047780006784969194e-11 6.065552718010580558e-11 9.524369915842947136e-11 1.443497159132038239e-10 2.223551477281472845e-10 3.305755000479031383e-10 4.547145510722258143e-10 5.978721389812282731e-10 7.365023539989293098e-10 7.455085747249378417e-10 5.298517026726143652e-10 1.958420120142532952e-10 6.807226504300546845e-11 5.042242894680100848e-11 -2.127825010249818338e-11
4.759328059835843673e-12 -4.673192691193953688e-12 1.216216710415794170e-11 1.583108164991219705e-11 1.301824256314677157e-11 1.028209910666054459e-11 9.266212357362484315e-12 1.458042727111139965e-11 1.549430273508864804e-11 2.240461398558653542e-11 2.887690336569199648e-11 3.848286016098910489e-11 5.640071785145316851e-11 8.174629020926252247e-11 1.209212480298799908e-10 1.897366338391053230e-10 2.909692918078356649e-10 4.103779536807855512e-10 5.605101756612061144e-10 7.455085747249378417e-10 8.603404154400319996e-10 7.382648295514691726e-10 3.902366191544094248e-10 1.257214974519502495e-10 2.791785228029186286e-11 -3.956890300384258238e-11
5.608619299450283539e-12 -1.351108658548185135e-12 9.471250912634355638e-12 1.063923934031852972e-11 4.839930148581968116e-12 3.160198246359148786e-12 2.630601713415547067e-12 1.374349537103190627e-11 7.697762453853775413e-12 1.284744332148093571e-11 1.843089627308942849e-11 1.806456145105287647e-11 2.714184889287465053e-11 2.917938253220680569e-11 4.314200166755028731e-11 7.399402991539074002e-11 1.329815013148741549e-10 2.157873149802244572e-10 3.428937150827222459e-10 5.298517026726143652e-10 7.382648295514691726e-10 8.543799946867480245e-10 6.267690931595808316e-10 2.449833042692487477e-10 -1.978035433391563648e-12 -5.476606882377254479e-11
2.219211453989024767e-11 1.009548768578713928e-11 1.068246245141554383e-11 4.699212809227702309e-12 -3.709822274640977906e-12 -6.534342399229050075e-13 1.496320233486679980e-12 1.775477987241434723e-11 1.145351516947886576e-11 1.753675111336224351e-11 1.906583114847865088e-11 1.129447799720981863e-11 1.581477539249396477e-11 9.380294598439494329e-12 6.275068791517273272e-12 6.156949162487983924e-12 1.155166328416664061e-11 2.940499527135737983e-11 8.395447204536854445e-11 1.958420120142532952e-10 3.902366191544094248e-10 6.267690931595808316e-10 7.107496999510907323e-10 4.464116193038586947e-10 6.349531507777576417e-11 -2.230290341698993330e-11
3.473237114427875967e-11 2.102323813734757998e-11 9.532855647127921221e-12 3.917909523007418377e-12 5.521340246101105712e-12 2.241502444208336908e-12 1.762497501509635701e-12 1.664930719738559497e-11 1.551167093528125160e-11 2.007525610142166013e-11 1.935586994279416510e-11 8.411851513106852102e-12 1.184626177159964576e-11 1.466258352126612158e-11 1.994072626699383302e-11 2.651993421311882286e-11 2.543659667970762601e-11 2.692082489163241580e-11 4.219573428328437622e-11 6.807226504300546845e-11 1.257214974519502495e-10 2.449833042692487477e-10 4.464116193038586947e-10 5.864153439753655564e-10 3.276013518902512177e-10 7.115198021765229966e-11
1.339902383169630956e-11 8.495023419460510624e-12 9.723600591030393751e-14 4.128572159307422698e-13 1.277729940604811376e-11 3.155534343710879232e-12 -3.096108751742991030e-12 2.191236496336422177e-12 5.196126557809309191e-12 1.258946095059607016e-11 1.661062910237526141e-11 1.722083188213912052e-11 1.983669104079180983e-11 2.129515204014897175e-11 2.831640668518030547e-11 4.048733454656306608e-11 4.206878765759032519e-11 3.803718342096002126e-11 4.154519730025939663e-11 5.042242894680100848e-11 2.791785228029186286e-11 -1.978035433391563648e-12 6.349531507777576417e-11 3.276013518902512177e-10 5.656524300117109905e-10 3.109631693880201812e-10
-9.089624934858984989e-12 -9.547929692462772989e-12 -1.547037422397303069e-11 -1.198403137784054001e-11 -3.624723979976347343e-13 1.831177553215443375e-12 -3.877607519390775840e-12 -8.999491171627879414e-12 -6.012889433400053361e-12 1.467455962102237784e-12 -1.714672290018510218e-12 1.317606251203931506e-11 1.274011417902124152e-11 7.806460089214167726e-12 7.348422315117216448e-12 1.225897677462450008e-11 7.236362195863882198e-12 -2.550436962938004704e-12 -1.146235276809412464e-11 -2.127825010249818338e-11 -3.956890300384258238e-11 -5.476606882377254479e-11 -2.230290341698993330e-11 7.115198021765229966e-11 3.109631693880201812e-10 5.192059352784278524e-10
