8.703101778102903433e-11 1.894263395054500044e-11 1.131523972609695660e-11 4.487445011702306455e-12 8.136451709333339670e-12 4.245852683654361061e-12 5.890622848613615633e-12 8.610733176307432285e-12 3.817172930842279785e-12 9.183597810904470497e-13 6.373632312588475304e-13 4.988496171737807077e-12 7.445848329839172248e-12 8.952483524948162526e-12 7.690657758952541622e-12 1.075770598866986231e-11 1.070282062879264066e-11 1.608250922453114476e-11 1.902409805187279646e-11 1.917697337899481096e-11 8.313147155305139767e-12 -1.663920505157903459e-11 -5.733000971673570538e-11 -5.308503474226538866e-11 -2.799004976760796401e-11 -1.968567101670912334e-11
1.894263395054500044e-11 6.294056282990226223e-11 1.708734357539170053e-11 9.358766223726716963e-12 8.517239500331324084e-12 2.265774724945119968e-12 4.600166684426014568e-12 8.824978968705812314e-12 8.903503744845307208e-12 7.501137909674391912e-12 4.266280348998856269e-12 3.897479338556895384e-12 9.204957313417868013e-12 1.603260116627233500e-11 1.970151288043281460e-11 2.339399839047555219e-11 2.948669260606852991e-11 3.563619524495137911e-11 2.818481861192112611e-11 1.743743068483461923e-11 -4.033432882784846912e-12 -2.918614327784492833e-11 -1.491132314189450859e-11 1.551895352829196421e-12 -1.443258303828391440e-11 -1.211129445149980601e-11
1.131523972609695660e-11 1.708734357539170053e-11 4.701987007719309461e-11 1.424632189230068254e-11 7.355234048355562789e-12 3.669395124298002458e-12 2.778327702815459688e-12 4.546002440056394827e-12 8.308217662710554400e-12 6.958031123759742264e-12 6.193031699998345325e-12 6.511509552933795700e-12 9.024999896556835616e-12 1.366158355976895221e-11 1.772492710849595796e-11 1.941335608945250627e-11 2.496255572682883309e-11 3.202899950108709532e-11 2.836953948790844548e-11 2.004487071752550471e-11 -6.440962458434338081e-12 -2.929173347144157525e-11 -3.031410722896257477e-11 -4.210723072352107429e-12 -1.328788912368397113e-12 -4.449728886342021891e-12
4.487445011702306455e-12 9.358766223726716963e-12 1.424632189230068254e-11 3.567296130643032582e-11 1.383733300807828876e-11 8.680276155008601676e-12 3.776590192477692090e-12 3.821702568254828432e-12 4.922237195933986263e-12 6.631950223121480460e-12 5.550436765153112420e-12 4.315184408136352788e-12 5.297061793528387565e-12 8.221732146061670294e-12 1.175637240829208951e-11 1.591468096847364670e-11 2.259201872127394006e-11 2.822372785949301765e-11 3.245602505556137574e-11 3.544535762413422198e-11 2.740248636087792852e-11 9.985526097489047947e-12 7.731589011250961730e-12 1.076284051360741198e-11 6.177060960813436979e-12 -3.016312439083707452e-12
8.136451709333339670e-12 8.517239500331324084e-12 7.355234048355562789e-12 1.383733300807828876e-11 3.345795603842694299e-11 1.842930241609831687e-11 1.226598713665250407e-11 1.105405911899895304e-11 7.829786807272439541e-12 7.000382078092728236e-12 4.393718692366628713e-12 3.261961340514531638e-12 4.557889100336742849e-12 7.100507935826638283e-12 9.462965720641736382e-12 1.452662673258390609e-11 1.593731522558002068e-11 1.521424954742959831e-11 1.548108471877032470e-11 1.148763648370458203e-11 2.146107162961770354e-12 -6.078903496712162526e-12 -2.127913838741722905e-11 -2.519783149900156991e-11 -9.108765201893009927e-13 -7.233424918032554409e-12
4.245852683654361061e-12 2.265774724945119968e-12 3.669395124298002458e-12 8.680276155008601676e-12 1.842930241609831687e-11 3.111840324355217784e-11 1.644665361135574150e-11 1.252942683690940117e-11 1.012654793833631951e-11 7.931035323555648368e-12 6.976709612715080535e-12 4.860270953740019180e-12 8.643193987454187936e-12 9.626929797948529014e-12 1.149793298321907716e-11 1.383347623767657195e-11 1.580770507724715799e-11 2.011250660527419239e-11 2.471576766451750853e-11 2.195832713410709431e-11 1.207558439260607549e-11 1.240373350333086417e-12 -1.919254729769648365e-11 -8.815806049974312888e-12 1.231373917552160354e-11 1.073170710950603196e-11
5.890622848613615633e-12 4.600166684426014568e-12 2.778327702815459688e-12 3.776590192477692090e-12 1.226598713665250407e-11 1.644665361135574150e-11 2.886696380222055160e-11 1.948534389187134063e-11 1.865578534844179707e-11 1.384771541032449728e-11 1.323557392585381777e-11 1.322459806560275782e-11 1.807562467792301955e-11 2.147847803362126010e-11 2.441257660404272632e-11 2.755975930991597268e-11 3.303256518568524745e-11 4.192661557883275389e-11 4.815528621017052602e-11 4.282523680103890569e-11 2.264465911811718124e-11 -8.001658158930845111e-12 -2.311158032988008626e-11 -1.383824232162841176e-11 -1.596478212662800713e-11 -1.553291594732487700e-11
8.610733176307432285e-12 8.824978968705812314e-12 4.546002440056394827e-12 3.821702568254828432e-12 1.105405911899895304e-11 1.252942683690940117e-11 1.948534389187134063e-11 3.003042198238248429e-11 2.627235616617147624e-11 1.991999969860256617e-11 1.708361789845968495e-11 1.623574634159097123e-11 1.930543334140345559e-11 2.250782554002631024e-11 2.676846949761736143e-11 3.250262336422691989e-11 3.871787604568890585e-11 4.516574848339813192e-11 5.135189001953672129e-11 5.051801303699845801e-11 2.959094609367643506e-11 -7.712651587671182328e-12 -2.096891539316027338e-11 -1.173900636036809788e-11 -1.181552803989444384e-11 5.197450775550934272e-13
3.817172930842279785e-12 8.903503744845307208e-12 8.308217662710554400e-12 4.922237195933986263e-12 7.829786807272439541e-12 1.012654793833631951e-11 1.865578534844179707e-11 2.627235616617147624e-11 3.962379466426210534e-11 3.347206401772097232e-11 2.972181772522775595e-11 2.768572928644732119e-11 2.987650542861027429e-11 3.582322551841805163e-11 4.123510406352391246e-11 4.617960914790819400e-11 5.291487061511979715e-11 6.181009443776904792e-11 6.952334761136711885e-11 6.821631666227832283e-11 4.216491636887704589e-11 -4.386577910746180486e-12 -1.415080105710330814e-11 -7.023675206680557683e-12 -2.422233926257477658e-11 -9.252102281565770172e-12
9.183597810904470497e-13 7.501137909674391912e-12 6.958031123759742264e-12 6.631950223121480460e-12 7.000382078092728236e-12 7.931035323555648368e-12 1.384771541032449728e-11 1.991999969860256617e-11 3.347206401772097232e-11 4.431573907244764235e-11 4.132908691350234114e-11 3.874334232505906881e-11 4.309881910757552544e-11 5.068407673226888193e-11 5.885224447739645837e-11 6.635065600623625645e-11 7.570610833202810560e-11 8.620342454069464265e-11 9.496494463855021495e-11 1.004241785614252617e-10 8.117721327902463987e-11 3.658441528678156076e-11 2.877904681095692367e-11 1.414188849020705596e-11 -1.688820352573361741e-11 -1.200042452337151327e-11
6.373632312588475304e-13 4.266280348998856269e-12 6.193031699998345325e-12 5.550436765153112420e-12 4.393718692366628713e-12 6.976709612715080535e-12 1.323557392585381777e-11 1.708361789845968495e-11 2.972181772522775595e-11 4.132908691350234114e-11 5.544599564101376846e-11 5.260639097471862422e-11 5.633144351768272127e-11 6.292300578114141707e-11 7.140636715698103639e-11 7.844236671758674074e-11 8.803992333742518403e-11 9.930637814970993963e-11 1.089421752142995515e-10 1.182259122783774834e-10 1.018778684592450135e-10 4.623546309420845773e-11 3.575122906130130623e-11 1.935328253182823737e-11 -1.584700426849200050e-11 -9.699453913923335972e-12
4.988496171737807077e-12 3.897479338556895384e-12 6.511509552933795700e-12 4.315184408136352788e-12 3.261961340514531638e-12 4.860270953740019180e-12 1.322459806560275782e-11 1.623574634159097123e-11 2.768572928644732119e-11 3.874334232505906881e-11 5.260639097471862422e-11 7.271823824844757378e-11 8.393723403062823875e-11 9.339878633429016079e-11 1.041033502123884090e-10 1.127137628209544415e-10 1.261044944654911131e-10 1.413281615946186634e-10 1.518171174476697423e-10 1.630206089850304404e-10 1.386892625709518425e-10 4.600205555507962752e-11 8.913180092651645961e-12 1.373796058430463047e-12 -4.460359765585206429e-12 -3.946984565837541716e-12
7.445848329839172248e-12 9.204957313417868013e-12 9.024999896556835616e-12 5.297061793528387565e-12 4.557889100336742849e-12 8.643193987454187936e-12 1.807562467792301955e-11 1.930543334140345559e-11 2.987650542861027429e-11 4.309881910757552544e-11 5.633144351768272127e-11 8.393723403062823875e-11 1.187116930175884556e-10 1.350433842993013669e-10 1.502749566261106153e-10 1.631398407894848059e-10 1.828000395839912263e-10 2.045333425437875723e-10 2.156157097813248203e-10 2.236105280827844538e-10 1.764305966886767799e-10 3.953870263612790875e-11 -2.198726493498797020e-11 -1.658649633805289427e-11 7.647201451325137685e-12 1.964921985857371581e-12
8.952483524948162526e-12 1.603260116627233500e-11 1.366158355976895221e-11 8.221732146061670294e-12 7.100507935826638283e-12 9.626929797948529014e-12 2.147847803362126010e-11 2.250782554002631024e-11 3.582322551841805163e-11 5.068407673226888193e-11 6.292300578114141707e-11 9.339878633429016079e-11 1.350433842993013669e-10 1.787254388951862354e-10 2.065525440779943641e-10 2.260778542690214415e-10 2.527900990952340786e-10 2.826459930667438157e-10 3.005254447861879471e-10 3.145653001198885402e-10 2.511108386251809405e-10 7.050902734369363296e-11 -2.195142125763664501e-11 -3.388887748028298714e-11 -1.129244919056483619e-11 -1.013873418207954356e-11
7.690657758952541622e-12 1.970151288043281460e-11 1.772492710849595796e-11 1.175637240829208951e-11 9.462965720641736382e-12 1.149793298321907716e-11 2.441257660404272632e-11 2.676846949761736143e-11 4.123510406352391246e-11 5.885224447739645837e-11 7.140636715698103639e-11 1.041033502123884090e-10 1.502749566261106153e-10 2.065525440779943641e-10 2.712459671756272190e-10 3.124347925915469457e-10 3.557361144695921107e-10 3.984448920051378023e-10 4.279054754934966037e-10 4.579252087779826128e-10 3.825176124307733087e-10 1.374847692305701914e-10 -4.173943797973956452e-12 -3.871630784009269889e-11 -1.956532110733832988e-11 -5.373959143589425548e-12
1.075770598866986231e-11 2.339399839047555219e-11 1.941335608945250627e-11 1.591468096847364670e-11 1.452662673258390609e-11 1.383347623767657195e-11 2.755975930991597268e-11 3.250262336422691989e-11 4.617960914790819400e-11 6.635065600623625645e-11 7.844236671758674074e-11 1.127137628209544415e-10 1.631398407894848059e-10 2.260778542690214415e-10 3.124347925915469457e-10 3.950103741568216931e-10 4.680831365347271346e-10 5.322590832112858646e-10 5.775869469021828886e-10 6.274729296244960139e-10 5.471647322198103929e-10 2.307231832091142458e-10 1.189696624078544769e-11 -5.333986707768312361e-11 -2.349429394356840569e-11 -2.118158556732986103e-11
1.070282062879264066e-11 2.948669260606852991e-11 2.496255572682883309e-11 2.259201872127394006e-11 1.593731522558002068e-11 1.580770507724715799e-11 3.303256518568524745e-11 3.871787604568890585e-11 5.291487061511979715e-11 7.570610833202810560e-11 8.803992333742518403e-11 1.261044944654911131e-10 1.828000395839912263e-10 2.527900990952340786e-10 3.557361144695921107e-10 4.680831365347271346e-10 6.140884987480104789e-10 7.367754923066671531e-10 8.114029990049066190e-10 8.845668790882958338e-10 7.925299203669281251e-10 3.961409933498071197e-10 7.946107188711891518e-11 -2.386878961071601810e-11 2.974195643505944862e-13 -3.569922828792251094e-11
1.608250922453114476e-11 3.563619524495137911e-11 3.202899950108709532e-11 2.822372785949301765e-11 1.521424954742959831e-11 2.011250660527419239e-11 4.192661557883275389e-11 4.516574848339813192e-11 6.181009443776904792e-11 8.620342454069464265e-11 9.930637814970993963e-11 1.413281615946186634e-10 2.045333425437875723e-10 2.826459930667438157e-10 3.984448920051378023e-10 5.322590832112858646e-10 7.367754923066671531e-10 9.649513034185441834e-10 1.108670452106401365e-09 1.233993674589149035e-09 1.157698884343250998e-09 6.796617497651363832e-10 2.059943655578603863e-10 1.882250686922151309e-11 9.747690729604695612e-12 -7.039376060101696190e-11
1.902409805187279646e-11 2.818481861192112611e-11 2.836953948790844548e-11 3.245602505556137574e-11 1.548108471877032470e-11 2.471576766451750853e-11 4.815528621017052602e-11 5.135189001953672129e-11 6.952334761136711885e-11 9.496494463855021495e-11 1.089421752142995515e-10 1.518171174476697423e-10 2.156157097813248203e-10 3.005254447861879471e-10 4.279054754934966037e-10 5.775869469021828886e-10 8.114029990049066190e-10 1.108670452106401365e-09 1.379524317662273459e-09 1.619697398921461222e-09 1.613461626383514820e-09 1.092094177324503859e-09 4.202088680959104367e-10 7.793269702345361616e-11 2.333250319026952470e-11 -1.148237122248806119e-10
1.917697337899481096e-11 1.743743068483461923e-11 2.004487071752550471e-11 3.544535762413422198e-11 1.148763648370458203e-11 2.195832713410709431e-11 4.282523680103890569e-11 5.051801303699845801e-11 6.821631666227832283e-11 1.004241785614252617e-10 1.182259122783774834e-10 1.630206089850304404e-10 2.236105280827844538e-10 3.145653001198885402e-10 4.579252087779826128e-10 6.274729296244960139e-10 8.845668790882958338e-10 1.233993674589149035e-09 1.619697398921461222e-09 2.077062307970663755e-09 2.235487326224506559e-09 1.703011186902908837e-09 7.880223259632753473e-10 1.620429551240952607e-10 4.450562202395113367e-11 -1.528681208600937009e-10
8.313147155305139767e-12 -4.033432882784846912e-12 -6.440962458434338081e-12 2.740248636087792852e-11 2.146107162961770354e-12 1.207558439260607549e-11 2.264465911811718124e-11 2.959094609367643506e-11 4.216491636887704589e-11 8.117721327902463987e-11 1.018778684592450135e-10 1.386892625709518425e-10 1.764305966886767799e-10 2.511108386251809405e-10 3.825176124307733087e-10 5.471647322198103929e-10 7.925299203669281251e-10 1.157698884343250998e-09 1.613461626383514820e-09 2.235487326224506559e-09 2.723998631336481920e-09 2.433242323999817543e-09 1.415423923526437574e-09 3.715457895419706935e-10 4.737451949724837247e-11 -2.113919125899550858e-10
-1.663920505157903459e-11 -2.918614327784492833e-11 -2.929173347144157525e-11 9.985526097489047947e-12 -6.078903496712162526e-12 1.240373350333086417e-12 -8.001658158930845111e-12 -7.712651587671182328e-12 -4.386577910746180486e-12 3.658441528678156076e-11 4.623546309420845773e-11 4.600205555507962752e-11 3.953870263612790875e-11 7.050902734369363296e-11 1.374847692305701914e-10 2.307231832091142458e-10 3.961409933498071197e-10 6.796617497651363832e-10 1.092094177324503859e-09 1.703011186902908837e-09 2.433242323999817543e-09 2.791462716931058095e-09 2.125776664286066624e-09 8.312315707948687633e-10 7.743579614825312166e-11 -2.670369878943334500e-10
-5.733000971673570538e-11 -1.491132314189450859e-11 -3.031410722896257477e-11 7.731589011250961730e-12 -2.127913838741722905e-11 -1.919254729769648365e-11 -2.311158032988008626e-11 -2.096891539316027338e-11 -1.415080105710330814e-11 2.877904681095692367e-11 3.575122906130130623e-11 8.913180092651645961e-12 -2.198726493498797020e-11 -2.195142125763664501e-11 -4.173943797973956452e-12 1.189696624078544769e-11 7.946107188711891518e-11 2.059943655578603863e-10 4.202088680959104367e-10 7.880223259632753473e-10 1.415423923526437574e-09 2.125776664286066624e-09 2.393747808432579071e-09 1.526085363333979852e-09 2.731456623247048622e-10 -1.631923860606814802e-10
-5.308503474226538866e-11 1.551895352829196421e-12 -4.210723072352107429e-12 1.076284051360741198e-11 -2.519783149900156991e-11 -8.815806049974312888e-12 -1.383824232162841176e-11 -1.173900636036809788e-11 -7.023675206680557683e-12 1.414188849020705596e-11 1.935328253182823737e-11 1.373796058430463047e-12 -1.658649633805289427e-11 -3.388887748028298714e-11 -3.871630784009269889e-11 -5.333986707768312361e-11 -2.386878961071601810e-11 1.882250686922151309e-11 7.793269702345361616e-11 1.620429551240952607e-10 3.715457895419706935e-10 8.312315707948687633e-10 1.526085363333979852e-09 1.803616362518612909e-09 8.807768913215078139e-10 1.173822723409941237e-10
-2.799004976760796401e-11 -1.443258303828391440e-11 -1.328788912368397113e-12 6.177060960813436979e-12 -9.108765201893009927e-13 1.231373917552160354e-11 -1.596478212662800713e-11 -1.181552803989444384e-11 -2.422233926257477658e-11 -1.688820352573361741e-11 -1.584700426849200050e-11 -4.460359765585206429e-12 7.647201451325137685e-12 -1.129244919056483619e-11 -1.956532110733832988e-11 -2.349429394356840569e-11 2.974195643505944862e-13 9.747690729604695612e-12 2.333250319026952470e-11 4.450562202395113367e-11 4.737451949724837247e-11 7.743579614825312166e-11 2.731456623247048622e-10 8.807768913215078139e-10 1.605404594733978462e-09 8.549304812066121146e-10
-1.968567101670912334e-11 -1.211129445149980601e-11 -4.449728886342021891e-12 -3.016312439083707452e-12 -7.233424918032554409e-12 1.073170710950603196e-11 -1.553291594732487700e-11 5.197450775550934272e-13 -9.252102281565770172e-12 -1.200042452337151327e-11 -9.699453913923335972e-12 -3.946984565837541716e-12 1.964921985857371581e-12 -1.013873418207954356e-11 -5.373959143589425548e-12 -2.118158556732986103e-11 -3.569922828792251094e-11 -7.039376060101696190e-11 -1.148237122248806119e-10 -1.528681208600937009e-10 -2.113919125899550858e-10 -2.670369878943334500e-10 -1.631923860606814802e-10 1.173822723409941237e-10 8.549304812066121146e-10 1.465349034935277308e-09
