5.604500755106480593e-11 1.302612532886830133e-11 5.302969042442490413e-12 8.168433340627630348e-13 9.743758566358631609e-13 6.587223735248059765e-13 -1.234696882562620417e-13 -1.953883901887673394e-12 -1.197832301106174811e-12 -1.950903027540637821e-12 -9.344467464245314555e-13 -3.383372179572126124e-12 -7.475105420946836634e-12 -5.793457960748343139e-12 -1.087343693806989635e-12 1.764765130869236787e-12 3.168707037683054950e-12 7.800608306975932828e-13 -5.757742899644693331e-12 -6.806672664996600763e-12 -3.452533736811782669e-12 3.482479990715409685e-12 1.202585093940378913e-11 1.271939060533541141e-11 8.309813033424950295e-12 -3.017797877379241154e-13
1.302612532886830133e-11 4.641676415462206008e-11 1.080634247128440687e-11 5.089046477637060673e-12 5.280587408246304015e-12 4.545840428781878028e-12 3.938845062062174171e-12 7.247357486671167543e-13 -8.885009049916860452e-13 -5.107410389146820034e-13 -1.339559997510786546e-12 4.160866985129792814e-13 -1.728847890481061025e-12 -3.588543874642823361e-12 -2.801476742342596851e-12 -1.677805839275799979e-12 -9.771421720979972264e-13 -3.418842263808175733e-12 -7.682111158059841221e-12 -1.100321620282592632e-11 -9.767991428463857869e-12 -8.340697418231438048e-13 -9.836467198871474410e-13 -8.141301122922846183e-13 -4.592767999057340132e-12 -5.404498899485935133e-12
5.302969042442490413e-12 1.080634247128440687e-11 3.243166937362261798e-11 1.163764328435408022e-11 4.789795932567903412e-12 4.545807577120846468e-12 4.058479487554224755e-12 1.437433363211400356e-12 8.711271722940602078e-13 1.184340829251242102e-12 6.249605204327467793e-13 -1.335426907297346442e-13 -2.668906088292616285e-12 -2.708173636123948943e-12 -3.584173684062268244e-12 -2.038460683973778095e-12 -1.391567947778398584e-12 -3.818772683533010440e-12 -4.574432198345080171e-12 -2.823854707294281615e-12 -1.048881211997613554e-12 -1.646894810836684802e-12 -4.517617236128961777e-12 -6.619737283914530172e-12 3.588237729771849419e-12 7.966325756800089867e-12
8.168433340627630348e-13 5.089046477637060673e-12 1.163764328435408022e-11 2.709136770362269706e-11 1.083870125498711207e-11 8.733391640167497881e-12 6.167590840609896640e-12 2.671673019166451905e-12 2.241276560876773515e-12 1.371810325862650398e-12 1.217831770964838374e-12 4.935032426145535704e-13 -1.668708842508518972e-14 2.138395785334909523e-12 3.618492980669051596e-12 3.825500371034046224e-12 4.543565024274568410e-12 3.894326557394705945e-12 6.028114458205310571e-12 8.959384998730466174e-12 1.269629707910476854e-11 1.132014601311869162e-11 8.248252842537664570e-12 7.730511424560451207e-12 1.317011318717191235e-11 6.649389859627926853e-12
9.743758566358631609e-13 5.280587408246304015e-12 4.789795932567903412e-12 1.083870125498711207e-11 2.540360956599995302e-11 1.273317957006485329e-11 8.689786911302263988e-12 4.506617593896242201e-12 3.074933296767067561e-12 1.789046367360720737e-12 1.695928664578862661e-12 1.450824860242737453e-12 -4.050874084514949018e-14 -1.718311290078620966e-12 -6.031752190021686423e-13 -1.731418691912293022e-12 -1.212988144483436980e-12 -3.474524184405497957e-12 -3.222452229820739078e-12 -1.170142889125779622e-12 -7.118907126599081046e-13 1.687944930957069409e-12 -1.735222405994254402e-13 -6.800854368232616241e-12 -3.438262021558941062e-12 8.757378295723339937e-12
6.587223735248059765e-13 4.545840428781878028e-12 4.545807577120846468e-12 8.733391640167497881e-12 1.273317957006485329e-11 2.109917883706447154e-11 1.280373486624105113e-11 8.529655584071813469e-12 6.672360217757180893e-12 4.111440490818609820e-12 2.413557857984597584e-12 2.398845732633716232e-12 2.274181991730892968e-12 3.582016069466829721e-13 -1.019037779989100859e-13 6.722103213673634428e-13 1.798783403700187976e-12 -1.383543852583064304e-12 -1.906974733388882679e-12 5.911200158422516556e-13 6.530602882665477390e-13 2.677496065262438318e-12 2.913798240070698979e-12 -1.600947580455822779e-12 6.115894810624027936e-13 3.795135287313381944e-12
-1.234696882562620417e-13 3.938845062062174171e-12 4.058479487554224755e-12 6.167590840609896640e-12 8.689786911302263988e-12 1.280373486624105113e-11 1.913386951673588050e-11 1.277197028324356799e-11 9.505908065273353149e-12 6.663819937513101339e-12 4.270382551052329323e-12 3.121040964442144497e-12 1.566296338274101110e-12 3.874466542921495892e-13 1.087035423708028061e-12 3.050238760853735521e-12 4.910540797113478383e-12 3.564866214448392601e-12 3.469646920653971358e-12 5.149607424157300092e-12 5.496618543739992474e-12 3.762056643752476804e-12 4.712290560937151314e-13 -4.095687980973023071e-12 1.655059534966196093e-12 7.906973909785749415e-13
-1.953883901887673394e-12 7.247357486671167543e-13 1.437433363211400356e-12 2.671673019166451905e-12 4.506617593896242201e-12 8.529655584071813469e-12 1.277197028324356799e-11 1.976626922114841837e-11 1.435019786808633515e-11 1.107772454360410579e-11 8.408455457746126483e-12 7.625684906431539973e-12 5.698415141542490105e-12 5.223973881118277569e-12 5.905035517676348734e-12 8.835834905203258399e-12 1.061867830623034616e-11 9.782409826134113104e-12 1.009594872917131924e-11 1.112306998782865705e-11 9.134056490146505753e-12 2.816485361878314393e-12 -4.240604829711647309e-12 -9.417742912701884052e-12 -5.743668130642390839e-12 -7.517161115648429636e-12
-1.197832301106174811e-12 -8.885009049916860452e-13 8.711271722940602078e-13 2.241276560876773515e-12 3.074933296767067561e-12 6.672360217757180893e-12 9.505908065273353149e-12 1.435019786808633515e-11 2.163884650975395104e-11 1.641945953768942934e-11 1.206272466767481807e-11 1.025717718100483375e-11 7.590082022905854413e-12 7.067307553960588739e-12 6.629461268965276210e-12 7.157725735252884297e-12 1.058986025546943536e-11 8.918097233663315546e-12 8.865728026545447326e-12 9.637610125262965320e-12 6.350277421919164603e-12 7.548593486091310450e-13 -3.234781527450097107e-13 -4.222213707573171475e-12 -6.652042741983183576e-12 -8.425040414480060008e-12
-1.950903027540637821e-12 -5.107410389146820034e-13 1.184340829251242102e-12 1.371810325862650398e-12 1.789046367360720737e-12 4.111440490818609820e-12 6.663819937513101339e-12 1.107772454360410579e-11 1.641945953768942934e-11 2.145926582918353190e-11 1.698227290869515069e-11 1.257647612587287015e-11 1.016718100953411613e-11 8.806994774029235038e-12 6.835802640134443348e-12 7.760267771851617645e-12 9.484422008724234373e-12 7.346953667741925538e-12 7.133928710953415138e-12 7.480631659477742508e-12 6.141956496095143076e-12 5.561388181600575698e-13 -1.349234180225062927e-12 -6.709138480251914864e-12 -6.146022072930741948e-12 -1.245914989209774835e-11
-9.344467464245314555e-13 -1.339559997510786546e-12 6.249605204327467793e-13 1.217831770964838374e-12 1.695928664578862661e-12 2.413557857984597584e-12 4.270382551052329323e-12 8.408455457746126483e-12 1.206272466767481807e-11 1.698227290869515069e-11 2.301340859112858141e-11 1.959025296325945899e-11 1.562920590430418167e-11 1.352279228836932531e-11 1.179982194502138207e-11 1.144230830625084816e-11 1.190120846026187530e-11 1.175651104793933371e-11 1.152285473379859761e-11 1.174064617526560119e-11 7.927326424391879133e-12 -3.071399223991902685e-12 -8.197179200995960957e-12 -1.197378318401096199e-11 -8.141659100485870211e-12 -9.078815892741860840e-12
-3.383372179572126124e-12 4.160866985129792814e-13 -1.335426907297346442e-13 4.935032426145535704e-13 1.450824860242737453e-12 2.398845732633716232e-12 3.121040964442144497e-12 7.625684906431539973e-12 1.025717718100483375e-11 1.257647612587287015e-11 1.959025296325945899e-11 2.778348216105667637e-11 2.589814399618918905e-11 2.290875911091098010e-11 2.030803996526972820e-11 1.856927594575464162e-11 1.830390823131695285e-11 1.737643743020616809e-11 1.655315278937695035e-11 1.813114584961948114e-11 1.148294970885560852e-11 -2.912102350431673800e-12 -4.507971710177877035e-12 -6.980594727005693818e-12 -8.317520309300431123e-12 -5.826511108374715601e-12
-7.475105420946836634e-12 -1.728847890481061025e-12 -2.668906088292616285e-12 -1.668708842508518972e-14 -4.050874084514949018e-14 2.274181991730892968e-12 1.566296338274101110e-12 5.698415141542490105e-12 7.590082022905854413e-12 1.016718100953411613e-11 1.562920590430418167e-11 2.589814399618918905e-11 3.632474121557835756e-11 3.476899451482809563e-11 3.153281310664705395e-11 2.924764861388638065e-11 2.803466565212289043e-11 2.817449674915626376e-11 2.804657982573390482e-11 2.853759850142605840e-11 1.769053934675020962e-11 -5.133235366223949139e-12 -5.489369146982184590e-12 -2.069374620211044650e-12 -8.615692931136991186e-12 -8.064253802382193596e-12
-5.793457960748343139e-12 -3.588543874642823361e-12 -2.708173636123948943e-12 2.138395785334909523e-12 -1.718311290078620966e-12 3.582016069466829721e-13 3.874466542921495892e-13 5.223973881118277569e-12 7.067307553960588739e-12 8.806994774029235038e-12 1.352279228836932531e-11 2.290875911091098010e-11 3.476899451482809563e-11 4.647147066733274545e-11 4.763096727265415919e-11 4.688820108516555404e-11 4.603839178549134810e-11 4.646508909747142616e-11 4.769532942654217663e-11 4.892787880680227073e-11 3.562238172152732747e-11 -3.191252591535659756e-13 -6.609027031896416470e-12 -1.914162139146979220e-12 -7.042854932589076007e-12 -4.519946191869414536e-12
-1.087343693806989635e-12 -2.801476742342596851e-12 -3.584173684062268244e-12 3.618492980669051596e-12 -6.031752190021686423e-13 -1.019037779989100859e-13 1.087035423708028061e-12 5.905035517676348734e-12 6.629461268965276210e-12 6.835802640134443348e-12 1.179982194502138207e-11 2.030803996526972820e-11 3.153281310664705395e-11 4.763096727265415919e-11 6.424103515398278489e-11 6.804101818404639187e-11 6.827192652805746017e-11 6.912482942767895495e-11 7.083710005950829490e-11 7.554300501606068213e-11 6.211917638564661076e-11 1.311572405384781731e-11 -3.783157933017510511e-12 -3.494059856733859739e-12 -4.246582021111129321e-12 -3.371811736899298997e-12
1.764765130869236787e-12 -1.677805839275799979e-12 -2.038460683973778095e-12 3.825500371034046224e-12 -1.731418691912293022e-12 6.722103213673634428e-13 3.050238760853735521e-12 8.835834905203258399e-12 7.157725735252884297e-12 7.760267771851617645e-12 1.144230830625084816e-11 1.856927594575464162e-11 2.924764861388638065e-11 4.688820108516555404e-11 6.804101818404639187e-11 8.813226160060750968e-11 9.501752199467811660e-11 9.892941561383910629e-11 1.032315108582021678e-10 1.119510489929352345e-10 1.006550846366420630e-10 3.994475992152082047e-11 6.240612986902403720e-12 8.540774609642880808e-13 -5.126408938635008483e-12 -8.321539458744228226e-12
3.168707037683054950e-12 -9.771421720979972264e-13 -1.391567947778398584e-12 4.543565024274568410e-12 -1.212988144483436980e-12 1.798783403700187976e-12 4.910540797113478383e-12 1.061867830623034616e-11 1.058986025546943536e-11 9.484422008724234373e-12 1.190120846026187530e-11 1.830390823131695285e-11 2.803466565212289043e-11 4.603839178549134810e-11 6.827192652805746017e-11 9.501752199467811660e-11 1.194188708724429470e-10 1.290650479890191104e-10 1.361599147547032414e-10 1.487213283578127635e-10 1.377566606303569492e-10 6.700940403315200459e-11 1.542154086584309632e-11 5.815119643452347014e-12 -7.008314139462926269e-12 -1.286294495105813217e-11
7.800608306975932828e-13 -3.418842263808175733e-12 -3.818772683533010440e-12 3.894326557394705945e-12 -3.474524184405497957e-12 -1.383543852583064304e-12 3.564866214448392601e-12 9.782409826134113104e-12 8.918097233663315546e-12 7.346953667741925538e-12 1.175651104793933371e-11 1.737643743020616809e-11 2.817449674915626376e-11 4.646508909747142616e-11 6.912482942767895495e-11 9.892941561383910629e-11 1.290650479890191104e-10 1.604590877323384654e-10 1.776229985505556363e-10 1.935965164538690011e-10 1.831423037883826286e-10 1.022170941940445385e-10 2.627443479798137992e-11 9.970249332514657848e-12 -1.018368054669497320e-11 -1.542588562515772747e-11
-5.757742899644693331e-12 -7.682111158059841221e-12 -4.574432198345080171e-12 6.028114458205310571e-12 -3.222452229820739078e-12 -1.906974733388882679e-12 3.469646920653971358e-12 1.009594872917131924e-11 8.865728026545447326e-12 7.133928710953415138e-12 1.152285473379859761e-11 1.655315278937695035e-11 2.804657982573390482e-11 4.769532942654217663e-11 7.083710005950829490e-11 1.032315108582021678e-10 1.361599147547032414e-10 1.776229985505556363e-10 2.212260725657407989e-10 2.513623062283651009e-10 2.453522882376482279e-10 1.580028526689255444e-10 5.320194755487041613e-11 2.058047376350089177e-11 -6.791503991444210590e-12 -1.679757820815847327e-11
-6.806672664996600763e-12 -1.100321620282592632e-11 -2.823854707294281615e-12 8.959384998730466174e-12 -1.170142889125779622e-12 5.911200158422516556e-13 5.149607424157300092e-12 1.112306998782865705e-11 9.637610125262965320e-12 7.480631659477742508e-12 1.174064617526560119e-11 1.813114584961948114e-11 2.853759850142605840e-11 4.892787880680227073e-11 7.554300501606068213e-11 1.119510489929352345e-10 1.487213283578127635e-10 1.935965164538690011e-10 2.513623062283651009e-10 3.262125983555787511e-10 3.448565007612178775e-10 2.566275728706153406e-10 1.196185810079145913e-10 4.081644384298159374e-11 1.783377354959043400e-12 -1.401600400220308160e-11
-3.452533736811782669e-12 -9.767991428463857869e-12 -1.048881211997613554e-12 1.269629707910476854e-11 -7.118907126599081046e-13 6.530602882665477390e-13 5.496618543739992474e-12 9.134056490146505753e-12 6.350277421919164603e-12 6.141956496095143076e-12 7.927326424391879133e-12 1.148294970885560852e-11 1.769053934675020962e-11 3.562238172152732747e-11 6.211917638564661076e-11 1.006550846366420630e-10 1.377566606303569492e-10 1.831423037883826286e-10 2.453522882376482279e-10 3.448565007612178775e-10 4.373009646924096705e-10 3.950303716413958140e-10 2.417001130876472922e-10 7.497798578750891650e-11 -3.471850387678762006e-13 -1.701059654149115641e-11
3.482479990715409685e-12 -8.340697418231438048e-13 -1.646894810836684802e-12 1.132014601311869162e-11 1.687944930957069409e-12 2.677496065262438318e-12 3.762056643752476804e-12 2.816485361878314393e-12 7.548593486091310450e-13 5.561388181600575698e-13 -3.071399223991902685e-12 -2.912102350431673800e-12 -5.133235366223949139e-12 -3.191252591535659756e-13 1.311572405384781731e-11 3.994475992152082047e-11 6.700940403315200459e-11 1.022170941940445385e-10 1.580028526689255444e-10 2.566275728706153406e-10 3.950303716413958140e-10 4.864651825183529365e-10 3.912235087350207012e-10 1.581595323919245213e-10 1.228373144468282550e-11 -9.232152880834857360e-12
1.202585093940378913e-11 -9.836467198871474410e-13 -4.517617236128961777e-12 8.248252842537664570e-12 -1.735222405994254402e-13 2.913798240070698979e-12 4.712290560937151314e-13 -4.240604829711647309e-12 -3.234781527450097107e-13 -1.349234180225062927e-12 -8.197179200995960957e-12 -4.507971710177877035e-12 -5.489369146982184590e-12 -6.609027031896416470e-12 -3.783157933017510511e-12 6.240612986902403720e-12 1.542154086584309632e-11 2.627443479798137992e-11 5.320194755487041613e-11 1.196185810079145913e-10 2.417001130876472922e-10 3.912235087350207012e-10 4.570036051927579552e-10 2.881667756371954283e-10 6.927384348042153559e-11 1.568785447051355270e-11
1.271939060533541141e-11 -8.141301122922846183e-13 -6.619737283914530172e-12 7.730511424560451207e-12 -6.800854368232616241e-12 -1.600947580455822779e-12 -4.095687980973023071e-12 -9.417742912701884052e-12 -4.222213707573171475e-12 -6.709138480251914864e-12 -1.197378318401096199e-11 -6.980594727005693818e-12 -2.069374620211044650e-12 -1.914162139146979220e-12 -3.494059856733859739e-12 8.540774609642880808e-13 5.815119643452347014e-12 9.970249332514657848e-12 2.058047376350089177e-11 4.081644384298159374e-11 7.497798578750891650e-11 1.581595323919245213e-10 2.881667756371954283e-10 3.612635797590708513e-10 2.047874208914818414e-10 4.655343058838240321e-11
8.309813033424950295e-12 -4.592767999057340132e-12 3.588237729771849419e-12 1.317011318717191235e-11 -3.438262021558941062e-12 6.115894810624027936e-13 1.655059534966196093e-12 -5.743668130642390839e-12 -6.652042741983183576e-12 -6.146022072930741948e-12 -8.141659100485870211e-12 -8.317520309300431123e-12 -8.615692931136991186e-12 -7.042854932589076007e-12 -4.246582021111129321e-12 -5.126408938635008483e-12 -7.008314139462926269e-12 -1.018368054669497320e-11 -6.791503991444210590e-12 1.783377354959043400e-12 -3.471850387678762006e-13 1.228373144468282550e-11 6.927384348042153559e-11 2.047874208914818414e-10 3.082786322131178950e-10 1.651514671242758931e-10
-3.017797877379241154e-13 -5.404498899485935133e-12 7.966325756800089867e-12 6.649389859627926853e-12 8.757378295723339937e-12 3.795135287313381944e-12 7.906973909785749415e-13 -7.517161115648429636e-12 -8.425040414480060008e-12 -1.245914989209774835e-11 -9.078815892741860840e-12 -5.826511108374715601e-12 -8.064253802382193596e-12 -4.519946191869414536e-12 -3.371811736899298997e-12 -8.321539458744228226e-12 -1.286294495105813217e-11 -1.542588562515772747e-11 -1.679757820815847327e-11 -1.401600400220308160e-11 -1.701059654149115641e-11 -9.232152880834857360e-12 1.568785447051355270e-11 4.655343058838240321e-11 1.651514671242758931e-10 3.365401449578455140e-10
