8.703101778102974519e-11 1.894263395054495843e-11 1.131523972609696953e-11 4.487445011702215982e-12 8.136451709333271815e-12 4.245852683654284320e-12 5.890622848613310287e-12 8.610733176307293345e-12 3.817172930842018060e-12 9.183597810903989860e-13 6.373632312587448396e-13 4.988496171737826464e-12 7.445848329839461438e-12 8.952483524948070438e-12 7.690657758952591705e-12 1.075770598867014342e-11 1.070282062879279414e-11 1.608250922453143233e-11 1.902409805187275768e-11 1.917697337899506623e-11 8.313147155305598593e-12 -1.663920505157843359e-11 -5.733000971673508499e-11 -5.308503474226480705e-11 -2.799004976760788969e-11 -1.968567101670928489e-11
1.894263395054495843e-11 6.294056282990202959e-11 1.708734357539178777e-11 9.358766223726716963e-12 8.517239500331102749e-12 2.265774724945031515e-12 4.600166684426076768e-12 8.824978968705603904e-12 8.903503744845192501e-12 7.501137909674270743e-12 4.266280348999110724e-12 3.897479338557132875e-12 9.204957313417908403e-12 1.603260116627236085e-11 1.970151288043279198e-11 2.339399839047548434e-11 2.948669260606828434e-11 3.563619524495118524e-11 2.818481861192084499e-11 1.743743068483427349e-11 -4.033432882784959196e-12 -2.918614327784509635e-11 -1.491132314189466369e-11 1.551895352828775560e-12 -1.443258303828415997e-11 -1.211129445149953621e-11
1.131523972609696953e-11 1.708734357539178777e-11 4.701987007719329494e-11 1.424632189230081179e-11 7.355234048355632260e-12 3.669395124298038001e-12 2.778327702815538852e-12 4.546002440056243769e-12 8.308217662710646488e-12 6.958031123759819812e-12 6.193031699998583624e-12 6.511509552933806202e-12 9.024999896556774224e-12 1.366158355976898452e-11 1.772492710849608398e-11 1.941335608945281323e-11 2.496255572682912067e-11 3.202899950108745721e-11 2.836953948790864581e-11 2.004487071752582783e-11 -6.440962458433712849e-12 -2.929173347144089670e-11 -3.031410722896165066e-11 -4.210723072351428882e-12 -1.328788912367552161e-12 -4.449728886341605877e-12
4.487445011702215982e-12 9.358766223726716963e-12 1.424632189230081179e-11 3.567296130643074587e-11 1.383733300807822575e-11 8.680276155008527359e-12 3.776590192477577383e-12 3.821702568254645062e-12 4.922237195933878827e-12 6.631950223121621016e-12 5.550436765153343449e-12 4.315184408136543427e-12 5.297061793528646866e-12 8.221732146062070959e-12 1.175637240829231084e-11 1.591468096847401829e-11 2.259201872127462184e-11 2.822372785949398700e-11 3.245602505556244849e-11 3.544535762413551445e-11 2.740248636087934055e-11 9.985526097489655408e-12 7.731589011251399554e-12 1.076284051360743137e-11 6.177060960813336004e-12 -3.016312439083908188e-12
8.136451709333271815e-12 8.517239500331102749e-12 7.355234048355632260e-12 1.383733300807822575e-11 3.345795603842691068e-11 1.842930241609851074e-11 1.226598713665242168e-11 1.105405911899895143e-11 7.829786807272384611e-12 7.000382078092681384e-12 4.393718692366566513e-12 3.261961340514773976e-12 4.557889100336985187e-12 7.100507935827111650e-12 9.462965720642214595e-12 1.452662673258449093e-11 1.593731522558073477e-11 1.521424954743053858e-11 1.548108471877118742e-11 1.148763648370552230e-11 2.146107162963016376e-12 -6.078903496711341808e-12 -2.127913838741693178e-11 -2.519783149900212891e-11 -9.108765201901917870e-13 -7.233424918033461561e-12
4.245852683654284320e-12 2.265774724945031515e-12 3.669395124298038001e-12 8.680276155008527359e-12 1.842930241609851074e-11 3.111840324355227477e-11 1.644665361135582228e-11 1.252942683690943025e-11 1.012654793833629850e-11 7.931035323555606363e-12 6.976709612714708950e-12 4.860270953739878624e-12 8.643193987454095847e-12 9.626929797948424001e-12 1.149793298321870073e-11 1.383347623767608081e-11 1.580770507724657961e-11 2.011250660527379496e-11 2.471576766451725650e-11 2.195832713410679382e-11 1.207558439260604318e-11 1.240373350333320677e-12 -1.919254729769618961e-11 -8.815806049974304810e-12 1.231373917552189273e-11 1.073170710950559737e-11
5.890622848613310287e-12 4.600166684426076768e-12 2.778327702815538852e-12 3.776590192477577383e-12 1.226598713665242168e-11 1.644665361135582228e-11 2.886696380222036096e-11 1.948534389187138910e-11 1.865578534844165166e-11 1.384771541032454575e-11 1.323557392585367560e-11 1.322459806560267704e-11 1.807562467792318111e-11 2.147847803362145074e-11 2.441257660404301389e-11 2.755975930991654460e-11 3.303256518568600354e-11 4.192661557883357460e-11 4.815528621017165047e-11 4.282523680103970056e-11 2.264465911811805689e-11 -8.001658158930636700e-12 -2.311158032987995701e-11 -1.383824232162814842e-11 -1.596478212662803621e-11 -1.553291594732531644e-11
8.610733176307293345e-12 8.824978968705603904e-12 4.546002440056243769e-12 3.821702568254645062e-12 1.105405911899895143e-11 1.252942683690943025e-11 1.948534389187138910e-11 3.003042198238269109e-11 2.627235616617160549e-11 1.991999969860244339e-11 1.708361789845961063e-11 1.623574634159098739e-11 1.930543334140343620e-11 2.250782554002626500e-11 2.676846949761715464e-11 3.250262336422678418e-11 3.871787604568856981e-11 4.516574848339779588e-11 5.135189001953639171e-11 5.051801303699772130e-11 2.959094609367580175e-11 -7.712651587671502214e-12 -2.096891539316008274e-11 -1.173900636036767621e-11 -1.181552803989288641e-11 5.197450775561977820e-13
3.817172930842018060e-12 8.903503744845192501e-12 8.308217662710646488e-12 4.922237195933878827e-12 7.829786807272384611e-12 1.012654793833629850e-11 1.865578534844165166e-11 2.627235616617160549e-11 3.962379466426195024e-11 3.347206401772100464e-11 2.972181772522783350e-11 2.768572928644727272e-11 2.987650542861035184e-11 3.582322551841843291e-11 4.123510406352423558e-11 4.617960914790848480e-11 5.291487061511975192e-11 6.181009443776900915e-11 6.952334761136683450e-11 6.821631666227780585e-11 4.216491636887714283e-11 -4.386577910745802439e-12 -1.415080105710308034e-11 -7.023675206681041551e-12 -2.422233926257341626e-11 -9.252102281563939712e-12
9.183597810903989860e-13 7.501137909674270743e-12 6.958031123759819812e-12 6.631950223121621016e-12 7.000382078092681384e-12 7.931035323555606363e-12 1.384771541032454575e-11 1.991999969860244339e-11 3.347206401772100464e-11 4.431573907244786854e-11 4.132908691350251562e-11 3.874334232505871338e-11 4.309881910757560299e-11 5.068407673226913396e-11 5.885224447739670394e-11 6.635065600623668296e-11 7.570610833202820900e-11 8.620342454069475897e-11 9.496494463855008570e-11 1.004241785614243828e-10 8.117721327902458817e-11 3.658441528678166415e-11 2.877904681095809658e-11 1.414188849020844375e-11 -1.688820352573258020e-11 -1.200042452337089612e-11
6.373632312587448396e-13 4.266280348999110724e-12 6.193031699998583624e-12 5.550436765153343449e-12 4.393718692366566513e-12 6.976709612714708950e-12 1.323557392585367560e-11 1.708361789845961063e-11 2.972181772522783350e-11 4.132908691350251562e-11 5.544599564101391709e-11 5.260639097471821709e-11 5.633144351768249509e-11 6.292300578114154632e-11 7.140636715698107516e-11 7.844236671758712848e-11 8.803992333742530035e-11 9.930637814971008180e-11 1.089421752142992154e-10 1.182259122783760358e-10 1.018778684592439020e-10 4.623546309420722988e-11 3.575122906130070523e-11 1.935328253182791102e-11 -1.584700426849218790e-11 -9.699453913924345714e-12
4.988496171737826464e-12 3.897479338557132875e-12 6.511509552933806202e-12 4.315184408136543427e-12 3.261961340514773976e-12 4.860270953739878624e-12 1.322459806560267704e-11 1.623574634159098739e-11 2.768572928644727272e-11 3.874334232505871338e-11 5.260639097471821709e-11 7.271823824844653981e-11 8.393723403062716600e-11 9.339878633428938530e-11 1.041033502123873492e-10 1.127137628209539116e-10 1.261044944654900533e-10 1.413281615946172934e-10 1.518171174476683465e-10 1.630206089850278296e-10 1.386892625709503173e-10 4.600205555507860001e-11 8.913180092651119280e-12 1.373796058428879772e-12 -4.460359765587158866e-12 -3.946984565837334113e-12
7.445848329839461438e-12 9.204957313417908403e-12 9.024999896556774224e-12 5.297061793528646866e-12 4.557889100336985187e-12 8.643193987454095847e-12 1.807562467792318111e-11 1.930543334140343620e-11 2.987650542861035184e-11 4.309881910757560299e-11 5.633144351768249509e-11 8.393723403062716600e-11 1.187116930175870339e-10 1.350433842993006173e-10 1.502749566261094780e-10 1.631398407894842889e-10 1.828000395839903216e-10 2.045333425437867968e-10 2.156157097813242257e-10 2.236105280827825151e-10 1.764305966886762113e-10 3.953870263612739823e-11 -2.198726493498841610e-11 -1.658649633805341126e-11 7.647201451324982589e-12 1.964921985856761293e-12
8.952483524948070438e-12 1.603260116627236085e-11 1.366158355976898452e-11 8.221732146062070959e-12 7.100507935827111650e-12 9.626929797948424001e-12 2.147847803362145074e-11 2.250782554002626500e-11 3.582322551841843291e-11 5.068407673226913396e-11 6.292300578114154632e-11 9.339878633428938530e-11 1.350433842993006173e-10 1.787254388951863129e-10 2.065525440779940023e-10 2.260778542690218810e-10 2.527900990952341303e-10 2.826459930667438674e-10 3.005254447861882056e-10 3.145653001198872995e-10 2.511108386251809405e-10 7.050902734369310305e-11 -2.195142125763669994e-11 -3.388887748028380139e-11 -1.129244919056561329e-11 -1.013873418207962434e-11
7.690657758952591705e-12 1.970151288043279198e-11 1.772492710849608398e-11 1.175637240829231084e-11 9.462965720642214595e-12 1.149793298321870073e-11 2.441257660404301389e-11 2.676846949761715464e-11 4.123510406352423558e-11 5.885224447739670394e-11 7.140636715698107516e-11 1.041033502123873492e-10 1.502749566261094780e-10 2.065525440779940023e-10 2.712459671756262367e-10 3.124347925915473593e-10 3.557361144695920590e-10 3.984448920051375438e-10 4.279054754934961901e-10 4.579252087779804415e-10 3.825176124307741876e-10 1.374847692305705792e-10 -4.173943797972677715e-12 -3.871630784009163906e-11 -1.956532110733796153e-11 -5.373959143590507183e-12
1.075770598867014342e-11 2.339399839047548434e-11 1.941335608945281323e-11 1.591468096847401829e-11 1.452662673258449093e-11 1.383347623767608081e-11 2.755975930991654460e-11 3.250262336422678418e-11 4.617960914790848480e-11 6.635065600623668296e-11 7.844236671758712848e-11 1.127137628209539116e-10 1.631398407894842889e-10 2.260778542690218810e-10 3.124347925915473593e-10 3.950103741568228821e-10 4.680831365347279617e-10 5.322590832112866918e-10 5.775869469021835090e-10 6.274729296244937392e-10 5.471647322198116336e-10 2.307231832091146077e-10 1.189696624078544931e-11 -5.333986707768373753e-11 -2.349429394356891944e-11 -2.118158556732974471e-11
1.070282062879279414e-11 2.948669260606828434e-11 2.496255572682912067e-11 2.259201872127462184e-11 1.593731522558073477e-11 1.580770507724657961e-11 3.303256518568600354e-11 3.871787604568856981e-11 5.291487061511975192e-11 7.570610833202820900e-11 8.803992333742530035e-11 1.261044944654900533e-10 1.828000395839903216e-10 2.527900990952341303e-10 3.557361144695920590e-10 4.680831365347279617e-10 6.140884987480105823e-10 7.367754923066678769e-10 8.114029990049066190e-10 8.845668790882924216e-10 7.925299203669295726e-10 3.961409933498071197e-10 7.946107188711917368e-11 -2.386878961071616996e-11 2.974195643509538029e-13 -3.569922828792233645e-11
1.608250922453143233e-11 3.563619524495118524e-11 3.202899950108745721e-11 2.822372785949398700e-11 1.521424954743053858e-11 2.011250660527379496e-11 4.192661557883357460e-11 4.516574848339779588e-11 6.181009443776900915e-11 8.620342454069475897e-11 9.930637814971008180e-11 1.413281615946172934e-10 2.045333425437867968e-10 2.826459930667438674e-10 3.984448920051375438e-10 5.322590832112866918e-10 7.367754923066678769e-10 9.649513034185456310e-10 1.108670452106402812e-09 1.233993674589146967e-09 1.157698884343253480e-09 6.796617497651389681e-10 2.059943655578612134e-10 1.882250686922151309e-11 9.747690729604771544e-12 -7.039376060101822852e-11
1.902409805187275768e-11 2.818481861192084499e-11 2.836953948790864581e-11 3.245602505556244849e-11 1.548108471877118742e-11 2.471576766451725650e-11 4.815528621017165047e-11 5.135189001953639171e-11 6.952334761136683450e-11 9.496494463855008570e-11 1.089421752142992154e-10 1.518171174476683465e-10 2.156157097813242257e-10 3.005254447861882056e-10 4.279054754934961901e-10 5.775869469021835090e-10 8.114029990049066190e-10 1.108670452106402812e-09 1.379524317662273046e-09 1.619697398921454605e-09 1.613461626383515854e-09 1.092094177324504480e-09 4.202088680959106435e-10 7.793269702345337059e-11 2.333250319026927913e-11 -1.148237122248817493e-10
1.917697337899506623e-11 1.743743068483427349e-11 2.004487071752582783e-11 3.544535762413551445e-11 1.148763648370552230e-11 2.195832713410679382e-11 4.282523680103970056e-11 5.051801303699772130e-11 6.821631666227780585e-11 1.004241785614243828e-10 1.182259122783760358e-10 1.630206089850278296e-10 2.236105280827825151e-10 3.145653001198872995e-10 4.579252087779804415e-10 6.274729296244937392e-10 8.845668790882924216e-10 1.233993674589146967e-09 1.619697398921454605e-09 2.077062307970648866e-09 2.235487326224501182e-09 1.703011186902906356e-09 7.880223259632730725e-10 1.620429551240952866e-10 4.450562202395203194e-11 -1.528681208600946832e-10
8.313147155305598593e-12 -4.033432882784959196e-12 -6.440962458433712849e-12 2.740248636087934055e-11 2.146107162963016376e-12 1.207558439260604318e-11 2.264465911811805689e-11 2.959094609367580175e-11 4.216491636887714283e-11 8.117721327902458817e-11 1.018778684592439020e-10 1.386892625709503173e-10 1.764305966886762113e-10 2.511108386251809405e-10 3.825176124307741876e-10 5.471647322198116336e-10 7.925299203669295726e-10 1.157698884343253480e-09 1.613461626383515854e-09 2.235487326224501182e-09 2.723998631336483988e-09 2.433242323999821265e-09 1.415423923526436747e-09 3.715457895419716241e-10 4.737451949724960677e-11 -2.113919125899578516e-10
-1.663920505157843359e-11 -2.918614327784509635e-11 -2.929173347144089670e-11 9.985526097489655408e-12 -6.078903496711341808e-12 1.240373350333320677e-12 -8.001658158930636700e-12 -7.712651587671502214e-12 -4.386577910745802439e-12 3.658441528678166415e-11 4.623546309420722988e-11 4.600205555507860001e-11 3.953870263612739823e-11 7.050902734369310305e-11 1.374847692305705792e-10 2.307231832091146077e-10 3.961409933498071197e-10 6.796617497651389681e-10 1.092094177324504480e-09 1.703011186902906356e-09 2.433242323999821265e-09 2.791462716931060577e-09 2.125776664286064969e-09 8.312315707948701075e-10 7.743579614825431073e-11 -2.670369878943363968e-10
-5.733000971673508499e-11 -1.491132314189466369e-11 -3.031410722896165066e-11 7.731589011251399554e-12 -2.127913838741693178e-11 -1.919254729769618961e-11 -2.311158032987995701e-11 -2.096891539316008274e-11 -1.415080105710308034e-11 2.877904681095809658e-11 3.575122906130070523e-11 8.913180092651119280e-12 -2.198726493498841610e-11 -2.195142125763669994e-11 -4.173943797972677715e-12 1.189696624078544931e-11 7.946107188711917368e-11 2.059943655578612134e-10 4.202088680959106435e-10 7.880223259632730725e-10 1.415423923526436747e-09 2.125776664286064969e-09 2.393747808432574935e-09 1.526085363333978404e-09 2.731456623247049139e-10 -1.631923860606834706e-10
-5.308503474226480705e-11 1.551895352828775560e-12 -4.210723072351428882e-12 1.076284051360743137e-11 -2.519783149900212891e-11 -8.815806049974304810e-12 -1.383824232162814842e-11 -1.173900636036767621e-11 -7.023675206681041551e-12 1.414188849020844375e-11 1.935328253182791102e-11 1.373796058428879772e-12 -1.658649633805341126e-11 -3.388887748028380139e-11 -3.871630784009163906e-11 -5.333986707768373753e-11 -2.386878961071616996e-11 1.882250686922151309e-11 7.793269702345337059e-11 1.620429551240952866e-10 3.715457895419716241e-10 8.312315707948701075e-10 1.526085363333978404e-09 1.803616362518613736e-09 8.807768913215100886e-10 1.173822723409945373e-10
-2.799004976760788969e-11 -1.443258303828415997e-11 -1.328788912367552161e-12 6.177060960813336004e-12 -9.108765201901917870e-13 1.231373917552189273e-11 -1.596478212662803621e-11 -1.181552803989288641e-11 -2.422233926257341626e-11 -1.688820352573258020e-11 -1.584700426849218790e-11 -4.460359765587158866e-12 7.647201451324982589e-12 -1.129244919056561329e-11 -1.956532110733796153e-11 -2.349429394356891944e-11 2.974195643509538029e-13 9.747690729604771544e-12 2.333250319026927913e-11 4.450562202395203194e-11 4.737451949724960677e-11 7.743579614825431073e-11 2.731456623247049139e-10 8.807768913215100886e-10 1.605404594733979082e-09 8.549304812066129418e-10
-1.968567101670928489e-11 -1.211129445149953621e-11 -4.449728886341605877e-12 -3.016312439083908188e-12 -7.233424918033461561e-12 1.073170710950559737e-11 -1.553291594732531644e-11 5.197450775561977820e-13 -9.252102281563939712e-12 -1.200042452337089612e-11 -9.699453913924345714e-12 -3.946984565837334113e-12 1.964921985856761293e-12 -1.013873418207962434e-11 -5.373959143590507183e-12 -2.118158556732974471e-11 -3.569922828792233645e-11 -7.039376060101822852e-11 -1.148237122248817493e-10 -1.528681208600946832e-10 -2.113919125899578516e-10 -2.670369878943363968e-10 -1.631923860606834706e-10 1.173822723409945373e-10 8.549304812066129418e-10 1.465349034935277929e-09
