8.703101778102907311e-11 1.894263395054501336e-11 1.131523972609710039e-11 4.487445011702464782e-12 8.136451709333486688e-12 4.245852683654199502e-12 5.890622848613425801e-12 8.610733176307551839e-12 3.817172930842124688e-12 9.183597810902562085e-13 6.373632312592018488e-13 4.988496171737811924e-12 7.445848329839362888e-12 8.952483524947999352e-12 7.690657758952527082e-12 1.075770598867014019e-11 1.070282062879271660e-11 1.608250922453127077e-11 1.902409805187278999e-11 1.917697337899465910e-11 8.313147155305157538e-12 -1.663920505157949664e-11 -5.733000971673556321e-11 -5.308503474226511078e-11 -2.799004976760792200e-11 -1.968567101670889392e-11
1.894263395054501336e-11 6.294056282990214591e-11 1.708734357539166822e-11 9.358766223726925374e-12 8.517239500331445253e-12 2.265774724944868744e-12 4.600166684426003259e-12 8.824978968705594210e-12 8.903503744845144033e-12 7.501137909674122109e-12 4.266280348999050948e-12 3.897479338557024631e-12 9.204957313417990798e-12 1.603260116627237700e-11 1.970151288043300200e-11 2.339399839047582361e-11 2.948669260606880779e-11 3.563619524495135326e-11 2.818481861192128120e-11 1.743743068483474201e-11 -4.033432882784635270e-12 -2.918614327784490894e-11 -1.491132314189451183e-11 1.551895352829387262e-12 -1.443258303828364621e-11 -1.211129445149903861e-11
1.131523972609710039e-11 1.708734357539166822e-11 4.701987007719308168e-11 1.424632189230081986e-11 7.355234048355748582e-12 3.669395124297975801e-12 2.778327702815628517e-12 4.546002440056252655e-12 8.308217662710641642e-12 6.958031123759776192e-12 6.193031699998726603e-12 6.511509552933989571e-12 9.024999896557116728e-12 1.366158355976924301e-11 1.772492710849628108e-11 1.941335608945284231e-11 2.496255572682934362e-11 3.202899950108741843e-11 2.836953948790900770e-11 2.004487071752588276e-11 -6.440962458434136940e-12 -2.929173347144193714e-11 -3.031410722896170882e-11 -4.210723072350641283e-12 -1.328788912367114337e-12 -4.449728886341605877e-12
4.487445011702464782e-12 9.358766223726925374e-12 1.424632189230081986e-11 3.567296130643048738e-11 1.383733300807832915e-11 8.680276155008596830e-12 3.776590192477839916e-12 3.821702568254558628e-12 4.922237195933959606e-12 6.631950223121500655e-12 5.550436765153202085e-12 4.315184408136541004e-12 5.297061793528688872e-12 8.221732146061925557e-12 1.175637240829235608e-11 1.591468096847399244e-11 2.259201872127456691e-11 2.822372785949359279e-11 3.245602505556236448e-11 3.544535762413519133e-11 2.740248636087842935e-11 9.985526097488663437e-12 7.731589011250040845e-12 1.076284051360678352e-11 6.177060960813606615e-12 -3.016312439084247058e-12
8.136451709333486688e-12 8.517239500331445253e-12 7.355234048355748582e-12 1.383733300807832915e-11 3.345795603842694299e-11 1.842930241609865291e-11 1.226598713665251215e-11 1.105405911899907744e-11 7.829786807272489624e-12 7.000382078092867177e-12 4.393718692366829046e-12 3.261961340514866064e-12 4.557889100337133013e-12 7.100507935827018754e-12 9.462965720642083733e-12 1.452662673258408218e-11 1.593731522558021132e-11 1.521424954742986650e-11 1.548108471877095801e-11 1.148763648370532358e-11 2.146107162963051111e-12 -6.078903496711239218e-12 -2.127913838741713534e-11 -2.519783149900284623e-11 -9.108765201904028231e-13 -7.233424918032961537e-12
4.245852683654199502e-12 2.265774724944868744e-12 3.669395124297975801e-12 8.680276155008596830e-12 1.842930241609865291e-11 3.111840324355252680e-11 1.644665361135598707e-11 1.252942683690970329e-11 1.012654793833642129e-11 7.931035323555973101e-12 6.976709612715263096e-12 4.860270953740407728e-12 8.643193987454674227e-12 9.626929797948848900e-12 1.149793298321944390e-11 1.383347623767702270e-11 1.580770507724776869e-11 2.011250660527484186e-11 2.471576766451849081e-11 2.195832713410786657e-11 1.207558439260645677e-11 1.240373350332622744e-12 -1.919254729769656766e-11 -8.815806049973791054e-12 1.231373917552193312e-11 1.073170710950530171e-11
5.890622848613425801e-12 4.600166684426003259e-12 2.778327702815628517e-12 3.776590192477839916e-12 1.226598713665251215e-11 1.644665361135598707e-11 2.886696380222058391e-11 1.948534389187163467e-11 1.865578534844178091e-11 1.384771541032442297e-11 1.323557392585362551e-11 1.322459806560279013e-11 1.807562467792333944e-11 2.147847803362145074e-11 2.441257660404322392e-11 2.755975930991665769e-11 3.303256518568630081e-11 4.192661557883381371e-11 4.815528621017193482e-11 4.282523680104019816e-11 2.264465911811861265e-11 -8.001658158930426674e-12 -2.311158032987958220e-11 -1.383824232162780107e-11 -1.596478212662844011e-11 -1.553291594732619209e-11
8.610733176307551839e-12 8.824978968705594210e-12 4.546002440056252655e-12 3.821702568254558628e-12 1.105405911899907744e-11 1.252942683690970329e-11 1.948534389187163467e-11 3.003042198238254245e-11 2.627235616617154409e-11 1.991999969860232383e-11 1.708361789845966879e-11 1.623574634159102293e-11 1.930543334140343297e-11 2.250782554002610991e-11 2.676846949761700600e-11 3.250262336422640290e-11 3.871787604568834363e-11 4.516574848339739521e-11 5.135189001953654034e-11 5.051801303699823183e-11 2.959094609367618949e-11 -7.712651587671519985e-12 -2.096891539315991149e-11 -1.173900636036740802e-11 -1.181552803989329354e-11 5.197450775567473845e-13
3.817172930842124688e-12 8.903503744845144033e-12 8.308217662710641642e-12 4.922237195933959606e-12 7.829786807272489624e-12 1.012654793833642129e-11 1.865578534844178091e-11 2.627235616617154409e-11 3.962379466426197609e-11 3.347206401772080430e-11 2.972181772522754269e-11 2.768572928644706916e-11 2.987650542860989301e-11 3.582322551841754110e-11 4.123510406352357642e-11 4.617960914790791612e-11 5.291487061511964852e-11 6.181009443776850508e-11 6.952334761136709300e-11 6.821631666227828406e-11 4.216491636887767274e-11 -4.386577910745682077e-12 -1.415080105710286224e-11 -7.023675206680938962e-12 -2.422233926257408834e-11 -9.252102281564532632e-12
9.183597810902562085e-13 7.501137909674122109e-12 6.958031123759776192e-12 6.631950223121500655e-12 7.000382078092867177e-12 7.931035323555973101e-12 1.384771541032442297e-11 1.991999969860232383e-11 3.347206401772080430e-11 4.431573907244750664e-11 4.132908691350201156e-11 3.874334232505868107e-11 4.309881910757544789e-11 5.068407673226862343e-11 5.885224447739605770e-11 6.635065600623580408e-11 7.570610833202761446e-11 8.620342454069333725e-11 9.496494463854951701e-11 1.004241785614241501e-10 8.117721327902448477e-11 3.658441528678189680e-11 2.877904681095833569e-11 1.414188849020798169e-11 -1.688820352573304226e-11 -1.200042452337168937e-11
6.373632312592018488e-13 4.266280348999050948e-12 6.193031699998726603e-12 5.550436765153202085e-12 4.393718692366829046e-12 6.976709612715263096e-12 1.323557392585362551e-11 1.708361789845966879e-11 2.972181772522754269e-11 4.132908691350201156e-11 5.544599564101347765e-11 5.260639097471808785e-11 5.633144351768229476e-11 6.292300578114091301e-11 7.140636715698058403e-11 7.844236671758649517e-11 8.803992333742511941e-11 9.930637814970924170e-11 1.089421752142990086e-10 1.182259122783762168e-10 1.018778684592445353e-10 4.623546309420834140e-11 3.575122906130173921e-11 1.935328253182810166e-11 -1.584700426849195849e-11 -9.699453913923819032e-12
4.988496171737811924e-12 3.897479338557024631e-12 6.511509552933989571e-12 4.315184408136541004e-12 3.261961340514866064e-12 4.860270953740407728e-12 1.322459806560279013e-11 1.623574634159102293e-11 2.768572928644706916e-11 3.874334232505868107e-11 5.260639097471808785e-11 7.271823824844719897e-11 8.393723403062801903e-11 9.339878633428979889e-11 1.041033502123882927e-10 1.127137628209541314e-10 1.261044944654909063e-10 1.413281615946175519e-10 1.518171174476691737e-10 1.630206089850290445e-10 1.386892625709507568e-10 4.600205555507846430e-11 8.913180092651182288e-12 1.373796058430036330e-12 -4.460359765584972976e-12 -3.946984565836909214e-12
7.445848329839362888e-12 9.204957313417990798e-12 9.024999896557116728e-12 5.297061793528688872e-12 4.557889100337133013e-12 8.643193987454674227e-12 1.807562467792333944e-11 1.930543334140343297e-11 2.987650542860989301e-11 4.309881910757544789e-11 5.633144351768229476e-11 8.393723403062801903e-11 1.187116930175884298e-10 1.350433842993011343e-10 1.502749566261106412e-10 1.631398407894848834e-10 1.828000395839914331e-10 2.045333425437872104e-10 2.156157097813250788e-10 2.236105280827840144e-10 1.764305966886765990e-10 3.953870263612699110e-11 -2.198726493498922712e-11 -1.658649633805455186e-11 7.647201451324199029e-12 1.964921985857365523e-12
8.952483524947999352e-12 1.603260116627237700e-11 1.366158355976924301e-11 8.221732146061925557e-12 7.100507935827018754e-12 9.626929797948848900e-12 2.147847803362145074e-11 2.250782554002610991e-11 3.582322551841754110e-11 5.068407673226862343e-11 6.292300578114091301e-11 9.339878633428979889e-11 1.350433842993011343e-10 1.787254388951855633e-10 2.065525440779937696e-10 2.260778542690208987e-10 2.527900990952341303e-10 2.826459930667426783e-10 3.005254447861879988e-10 3.145653001198876614e-10 2.511108386251806303e-10 7.050902734369311597e-11 -2.195142125763662239e-11 -3.388887748028290313e-11 -1.129244919056473764e-11 -1.013873418207890378e-11
7.690657758952527082e-12 1.970151288043300200e-11 1.772492710849628108e-11 1.175637240829235608e-11 9.462965720642083733e-12 1.149793298321944390e-11 2.441257660404322392e-11 2.676846949761700600e-11 4.123510406352357642e-11 5.885224447739605770e-11 7.140636715698058403e-11 1.041033502123882927e-10 1.502749566261106412e-10 2.065525440779937696e-10 2.712459671756263401e-10 3.124347925915464804e-10 3.557361144695925760e-10 3.984448920051358378e-10 4.279054754934961901e-10 4.579252087779808550e-10 3.825176124307723782e-10 1.374847692305690540e-10 -4.173943797973894252e-12 -3.871630784009170369e-11 -1.956532110733677569e-11 -5.373959143588751040e-12
1.075770598867014019e-11 2.339399839047582361e-11 1.941335608945284231e-11 1.591468096847399244e-11 1.452662673258408218e-11 1.383347623767702270e-11 2.755975930991665769e-11 3.250262336422640290e-11 4.617960914790791612e-11 6.635065600623580408e-11 7.844236671758649517e-11 1.127137628209541314e-10 1.631398407894848834e-10 2.260778542690208987e-10 3.124347925915464804e-10 3.950103741568211244e-10 4.680831365347277550e-10 5.322590832112841069e-10 5.775869469021823716e-10 6.274729296244939460e-10 5.471647322198097725e-10 2.307231832091145043e-10 1.189696624078628941e-11 -5.333986707768206378e-11 -2.349429394356740402e-11 -2.118158556732873335e-11
1.070282062879271660e-11 2.948669260606880779e-11 2.496255572682934362e-11 2.259201872127456691e-11 1.593731522558021132e-11 1.580770507724776869e-11 3.303256518568630081e-11 3.871787604568834363e-11 5.291487061511964852e-11 7.570610833202761446e-11 8.803992333742511941e-11 1.261044944654909063e-10 1.828000395839914331e-10 2.527900990952341303e-10 3.557361144695925760e-10 4.680831365347277550e-10 6.140884987480124434e-10 7.367754923066671531e-10 8.114029990049081699e-10 8.845668790882961439e-10 7.925299203669297794e-10 3.961409933498086707e-10 7.946107188712024643e-11 -2.386878961071559158e-11 2.974195643507010645e-13 -3.569922828792213612e-11
1.608250922453127077e-11 3.563619524495135326e-11 3.202899950108741843e-11 2.822372785949359279e-11 1.521424954742986650e-11 2.011250660527484186e-11 4.192661557883381371e-11 4.516574848339739521e-11 6.181009443776850508e-11 8.620342454069333725e-11 9.930637814970924170e-11 1.413281615946175519e-10 2.045333425437872104e-10 2.826459930667426783e-10 3.984448920051358378e-10 5.322590832112841069e-10 7.367754923066671531e-10 9.649513034185404611e-10 1.108670452106400331e-09 1.233993674589146140e-09 1.157698884343247896e-09 6.796617497651360730e-10 2.059943655578606448e-10 1.882250686922190729e-11 9.747690729606123791e-12 -7.039376060101521706e-11
1.902409805187278999e-11 2.818481861192128120e-11 2.836953948790900770e-11 3.245602505556236448e-11 1.548108471877095801e-11 2.471576766451849081e-11 4.815528621017193482e-11 5.135189001953654034e-11 6.952334761136709300e-11 9.496494463854951701e-11 1.089421752142990086e-10 1.518171174476691737e-10 2.156157097813250788e-10 3.005254447861879988e-10 4.279054754934961901e-10 5.775869469021823716e-10 8.114029990049081699e-10 1.108670452106400331e-09 1.379524317662273666e-09 1.619697398921459154e-09 1.613461626383514820e-09 1.092094177324505307e-09 4.202088680959116774e-10 7.793269702345294407e-11 2.333250319026964425e-11 -1.148237122248799139e-10
1.917697337899465910e-11 1.743743068483474201e-11 2.004487071752588276e-11 3.544535762413519133e-11 1.148763648370532358e-11 2.195832713410786657e-11 4.282523680104019816e-11 5.051801303699823183e-11 6.821631666227828406e-11 1.004241785614241501e-10 1.182259122783762168e-10 1.630206089850290445e-10 2.236105280827840144e-10 3.145653001198876614e-10 4.579252087779808550e-10 6.274729296244939460e-10 8.845668790882961439e-10 1.233993674589146140e-09 1.619697398921459154e-09 2.077062307970660860e-09 2.235487326224504077e-09 1.703011186902910078e-09 7.880223259632779322e-10 1.620429551240943560e-10 4.450562202395249723e-11 -1.528681208600928220e-10
8.313147155305157538e-12 -4.033432882784635270e-12 -6.440962458434136940e-12 2.740248636087842935e-11 2.146107162963051111e-12 1.207558439260645677e-11 2.264465911811861265e-11 2.959094609367618949e-11 4.216491636887767274e-11 8.117721327902448477e-11 1.018778684592445353e-10 1.386892625709507568e-10 1.764305966886765990e-10 2.511108386251806303e-10 3.825176124307723782e-10 5.471647322198097725e-10 7.925299203669297794e-10 1.157698884343247896e-09 1.613461626383514820e-09 2.235487326224504077e-09 2.723998631336477370e-09 2.433242323999817956e-09 1.415423923526439642e-09 3.715457895419671263e-10 4.737451949725009791e-11 -2.113919125899543878e-10
-1.663920505157949664e-11 -2.918614327784490894e-11 -2.929173347144193714e-11 9.985526097488663437e-12 -6.078903496711239218e-12 1.240373350332622744e-12 -8.001658158930426674e-12 -7.712651587671519985e-12 -4.386577910745682077e-12 3.658441528678189680e-11 4.623546309420834140e-11 4.600205555507846430e-11 3.953870263612699110e-11 7.050902734369311597e-11 1.374847692305690540e-10 2.307231832091145043e-10 3.961409933498086707e-10 6.796617497651360730e-10 1.092094177324505307e-09 1.703011186902910078e-09 2.433242323999817956e-09 2.791462716931065126e-09 2.125776664286074068e-09 8.312315707948651444e-10 7.743579614825424611e-11 -2.670369878943323126e-10
-5.733000971673556321e-11 -1.491132314189451183e-11 -3.031410722896170882e-11 7.731589011250040845e-12 -2.127913838741713534e-11 -1.919254729769656766e-11 -2.311158032987958220e-11 -2.096891539315991149e-11 -1.415080105710286224e-11 2.877904681095833569e-11 3.575122906130173921e-11 8.913180092651182288e-12 -2.198726493498922712e-11 -2.195142125763662239e-11 -4.173943797973894252e-12 1.189696624078628941e-11 7.946107188712024643e-11 2.059943655578606448e-10 4.202088680959116774e-10 7.880223259632779322e-10 1.415423923526439642e-09 2.125776664286074068e-09 2.393747808432588170e-09 1.526085363333975716e-09 2.731456623247042935e-10 -1.631923860606812734e-10
-5.308503474226511078e-11 1.551895352829387262e-12 -4.210723072350641283e-12 1.076284051360678352e-11 -2.519783149900284623e-11 -8.815806049973791054e-12 -1.383824232162780107e-11 -1.173900636036740802e-11 -7.023675206680938962e-12 1.414188849020798169e-11 1.935328253182810166e-11 1.373796058430036330e-12 -1.658649633805455186e-11 -3.388887748028290313e-11 -3.871630784009170369e-11 -5.333986707768206378e-11 -2.386878961071559158e-11 1.882250686922190729e-11 7.793269702345294407e-11 1.620429551240943560e-10 3.715457895419671263e-10 8.312315707948651444e-10 1.526085363333975716e-09 1.803616362518600915e-09 8.807768913215045051e-10 1.173822723409934775e-10
-2.799004976760792200e-11 -1.443258303828364621e-11 -1.328788912367114337e-12 6.177060960813606615e-12 -9.108765201904028231e-13 1.231373917552193312e-11 -1.596478212662844011e-11 -1.181552803989329354e-11 -2.422233926257408834e-11 -1.688820352573304226e-11 -1.584700426849195849e-11 -4.460359765584972976e-12 7.647201451324199029e-12 -1.129244919056473764e-11 -1.956532110733677569e-11 -2.349429394356740402e-11 2.974195643507010645e-13 9.747690729606123791e-12 2.333250319026964425e-11 4.450562202395249723e-11 4.737451949725009791e-11 7.743579614825424611e-11 2.731456623247042935e-10 8.807768913215045051e-10 1.605404594733969983e-09 8.549304812066043598e-10
-1.968567101670889392e-11 -1.211129445149903861e-11 -4.449728886341605877e-12 -3.016312439084247058e-12 -7.233424918032961537e-12 1.073170710950530171e-11 -1.553291594732619209e-11 5.197450775567473845e-13 -9.252102281564532632e-12 -1.200042452337168937e-11 -9.699453913923819032e-12 -3.946984565836909214e-12 1.964921985857365523e-12 -1.013873418207890378e-11 -5.373959143588751040e-12 -2.118158556732873335e-11 -3.569922828792213612e-11 -7.039376060101521706e-11 -1.148237122248799139e-10 -1.528681208600928220e-10 -2.113919125899543878e-10 -2.670369878943323126e-10 -1.631923860606812734e-10 1.173822723409934775e-10 8.549304812066043598e-10 1.465349034935255595e-09
