7.220937488604780215e-11 2.133630261596718264e-11 1.509071181693318873e-11 9.671710855903041437e-12 1.140825365333481183e-12 4.441429371221640134e-12 3.751358424104875650e-12 7.168936907049443785e-12 4.255745519615784213e-12 4.233987375128229873e-12 3.841335681556634398e-12 2.511502663401936933e-12 1.449708936527965524e-12 3.125351353380689767e-12 5.121947892498169778e-12 6.952258519210021732e-12 7.138165898256845422e-12 9.708852355408043350e-12 5.454173709352684090e-12 2.861435997574317175e-12 4.759328059835765317e-12 5.608619299450317466e-12 2.219211453989034460e-11 3.473237114427899878e-11 1.339902383169615770e-11 -9.089624934858826662e-12
2.133630261596718264e-11 4.853065032223234979e-11 1.352323050022823340e-11 6.776098648630935916e-12 1.908538216179816799e-12 4.655009738584626263e-12 4.094279882827529485e-12 2.107403844844723139e-12 1.980400736207226103e-12 2.647330965366133910e-12 9.697675015800017951e-13 -6.250348100411090622e-13 7.069807287848138623e-13 -5.591593405888177502e-13 -1.556390186084865529e-12 -2.352934469846237370e-12 -4.115540912805994801e-12 -3.536820147025655169e-12 -2.626758230038757971e-12 -4.168889996847885317e-12 -4.673192691194011041e-12 -1.351108658548071236e-12 1.009548768578719906e-11 2.102323813734749274e-11 8.495023419460265055e-12 -9.547929692462677669e-12
1.509071181693318873e-11 1.352323050022823340e-11 3.609179128615137932e-11 1.377038289281707153e-11 4.597449244355403445e-12 6.616386973259829806e-12 4.281530739814548950e-12 3.602606003885606456e-12 2.253548985254075841e-12 3.494375191441591399e-13 -1.162975279745698002e-12 -1.568760350159558689e-12 -2.934152822282038380e-12 -1.815786047064036943e-12 3.715052463566323370e-13 2.142676057402878747e-13 2.992388854863061543e-12 6.983442278601881721e-12 9.994007774875456075e-12 1.200571786255641170e-11 1.216216710415780437e-11 9.471250912634373409e-12 1.068246245141559714e-11 9.532855647128032697e-12 9.723600591024980272e-14 -1.547037422397305008e-11
9.671710855903041437e-12 6.776098648630935916e-12 1.377038289281707153e-11 3.373972814103357966e-11 1.074208638378391640e-11 7.356120872813550062e-12 5.960259586471618664e-12 4.185930458818757873e-12 1.889336206055102572e-12 1.468515387285005995e-12 1.766339571114622733e-13 -1.832746474807919842e-12 -3.011154631475511120e-12 -1.257151620690630417e-12 1.401677328152090280e-12 4.164276830666733555e-12 8.537009416748767026e-12 1.208454817562522050e-11 1.343781485130676406e-11 1.402238948802362360e-11 1.583108164991199026e-11 1.063923934031856203e-11 4.699212809227692616e-12 3.917909523007706760e-12 4.128572159308778276e-13 -1.198403137784100045e-11
1.140825365333481183e-12 1.908538216179816799e-12 4.597449244355403445e-12 1.074208638378391640e-11 2.245597567219837171e-11 1.287000020397448329e-11 9.316384274407619911e-12 5.851314545787598721e-12 4.564767762796236952e-12 2.651910898646309103e-12 2.592445470466607308e-12 2.381004327199723791e-12 1.183170689241149646e-12 1.053278735417620275e-12 3.120172879955515928e-12 4.942506061606963874e-12 8.191719941975046427e-12 1.187436618456095846e-11 1.532582410617939477e-11 1.657223460734765291e-11 1.301824256314746627e-11 4.839930148582459254e-12 -3.709822274640578048e-12 5.521340246101175990e-12 1.277729940604764847e-11 -3.624723979979937481e-13
4.441429371221640134e-12 4.655009738584626263e-12 6.616386973259829806e-12 7.356120872813550062e-12 1.287000020397448329e-11 2.409961795691208627e-11 1.346696237244280018e-11 7.648343487239649442e-12 4.890541436653002497e-12 5.018290062049691086e-12 3.253054891469723115e-12 2.888828483929053072e-12 1.841551441408631944e-12 1.743348288254009519e-12 2.617309913423576873e-12 5.863490106406118577e-12 8.803135254169623672e-12 1.167975622575056558e-11 1.429733094250545988e-11 1.420472001902050209e-11 1.028209910666104704e-11 3.160198246359056293e-12 -6.534342399230560649e-13 2.241502444208220586e-12 3.155534343710452313e-12 1.831177553215602106e-12
3.751358424104875650e-12 4.094279882827529485e-12 4.281530739814548950e-12 5.960259586471618664e-12 9.316384274407619911e-12 1.346696237244280018e-11 1.976231141508051517e-11 1.114791438685648581e-11 8.191689117199450650e-12 6.812483251498494150e-12 5.752993103712426452e-12 4.524315988409304095e-12 2.964392816416946639e-12 2.977751602259069455e-12 3.734904367208414498e-12 4.248421608217402744e-12 5.544734770430096790e-12 7.409129114654439815e-12 1.103966745679325157e-11 1.037065496301159513e-11 9.266212357362624871e-12 2.630601713415851606e-12 1.496320233487140018e-12 1.762497501509916207e-12 -3.096108751742841184e-12 -3.877607519390439798e-12
7.168936907049443785e-12 2.107403844844723139e-12 3.602606003885606456e-12 4.185930458818757873e-12 5.851314545787598721e-12 7.648343487239649442e-12 1.114791438685648581e-11 1.987198420642807861e-11 1.354351455116506503e-11 1.011366535709330054e-11 8.195361853395997463e-12 6.604404503625757780e-12 5.655382800800917710e-12 5.195834904826262111e-12 5.709282245806564839e-12 4.975149166181120315e-12 7.190701892896510892e-12 1.047101819747436729e-11 1.386793468547259177e-11 1.389880717101534236e-11 1.458042727111224622e-11 1.374349537103258643e-11 1.775477987241472205e-11 1.664930719738617658e-11 2.191236496336546577e-12 -8.999491171627890723e-12
4.255745519615784213e-12 1.980400736207226103e-12 2.253548985254075841e-12 1.889336206055102572e-12 4.564767762796236952e-12 4.890541436653002497e-12 8.191689117199450650e-12 1.354351455116506503e-11 2.075529627149434808e-11 1.600061052784211414e-11 1.383547054246922666e-11 1.075299072839130987e-11 1.047616669642145137e-11 1.093185318780779392e-11 1.115093213369558840e-11 1.135710423817314020e-11 1.321826638967503458e-11 1.477812043091511957e-11 1.748165458920012572e-11 1.825912077439187109e-11 1.549430273508831846e-11 7.697762453853512072e-12 1.145351516947900309e-11 1.551167093528143255e-11 5.196126557808694460e-12 -6.012889433400236730e-12
4.233987375128229873e-12 2.647330965366133910e-12 3.494375191441591399e-13 1.468515387285005995e-12 2.651910898646309103e-12 5.018290062049691086e-12 6.812483251498494150e-12 1.011366535709330054e-11 1.600061052784211414e-11 2.491952427556995700e-11 2.092342517598763858e-11 1.538154284569303528e-11 1.572297979480550892e-11 1.578554289885202867e-11 1.564185126167096061e-11 1.646159169679772708e-11 1.766398555225783997e-11 1.960550856564542103e-11 2.025414107168929500e-11 2.254908609889242593e-11 2.240461398558684562e-11 1.284744332148108435e-11 1.753675111336183638e-11 2.007525610142095573e-11 1.258946095059535284e-11 1.467455962101344162e-12
3.841335681556634398e-12 9.697675015800017951e-13 -1.162975279745698002e-12 1.766339571114622733e-13 2.592445470466607308e-12 3.253054891469723115e-12 5.752993103712426452e-12 8.195361853395997463e-12 1.383547054246922666e-11 2.092342517598763858e-11 2.828857328035645770e-11 2.446678540649694428e-11 2.379447216910525583e-11 2.197620141176299218e-11 2.048164613426754363e-11 2.073088032922989388e-11 2.126414531519976822e-11 2.269520131207631229e-11 2.444096831466821451e-11 2.811538345052701227e-11 2.887690336569310800e-11 1.843089627309044308e-11 1.906583114847909032e-11 1.935586994279382260e-11 1.661062910237454732e-11 -1.714672290018870090e-12
2.511502663401936933e-12 -6.250348100411090622e-13 -1.568760350159558689e-12 -1.832746474807919842e-12 2.381004327199723791e-12 2.888828483929053072e-12 4.524315988409304095e-12 6.604404503625757780e-12 1.075299072839130987e-11 1.538154284569303528e-11 2.446678540649694428e-11 3.205933567495073319e-11 3.257513207765289822e-11 2.996646358215624237e-11 2.752116416008831475e-11 2.789837882835275593e-11 2.862621943749607539e-11 3.280022190538473379e-11 3.595120829259170467e-11 4.047780006784969194e-11 3.848286016098873008e-11 1.806456145105273430e-11 1.129447799720981217e-11 8.411851513107336779e-12 1.722083188213956319e-11 1.317606251203965595e-11
1.449708936527965524e-12 7.069807287848138623e-13 -2.934152822282038380e-12 -3.011154631475511120e-12 1.183170689241149646e-12 1.841551441408631944e-12 2.964392816416946639e-12 5.655382800800917710e-12 1.047616669642145137e-11 1.572297979480550892e-11 2.379447216910525583e-11 3.257513207765289822e-11 4.559576930565649377e-11 4.453549687504813927e-11 4.171846566981551584e-11 4.409824337181731884e-11 4.561314791421605785e-11 5.142108526408101786e-11 5.669089540634042994e-11 6.065552718010632256e-11 5.640071785145297464e-11 2.714184889287449867e-11 1.581477539249379675e-11 1.184626177159941150e-11 1.983669104079137363e-11 1.274011417902093779e-11
3.125351353380689767e-12 -5.591593405888177502e-13 -1.815786047064036943e-12 -1.257151620690630417e-12 1.053278735417620275e-12 1.743348288254009519e-12 2.977751602259069455e-12 5.195834904826262111e-12 1.093185318780779392e-11 1.578554289885202867e-11 2.197620141176299218e-11 2.996646358215624237e-11 4.453549687504813927e-11 5.659234026364844184e-11 5.913089457736743342e-11 6.447459072867112877e-11 6.977376226292687553e-11 7.942111660247165486e-11 8.909709743923157965e-11 9.524369915843004004e-11 8.174629020926200548e-11 2.917938253220683800e-11 9.380294598439510485e-12 1.466258352126608927e-11 2.129515204014891682e-11 7.806460089214298588e-12
5.121947892498169778e-12 -1.556390186084865529e-12 3.715052463566323370e-13 1.401677328152090280e-12 3.120172879955515928e-12 2.617309913423576873e-12 3.734904367208414498e-12 5.709282245806564839e-12 1.115093213369558840e-11 1.564185126167096061e-11 2.048164613426754363e-11 2.752116416008831475e-11 4.171846566981551584e-11 5.913089457736743342e-11 7.978182202630126716e-11 9.407570372564814168e-11 1.069135602278648997e-10 1.217653257437877198e-10 1.358408836853866226e-10 1.443497159132053490e-10 1.209212480298800684e-10 4.314200166755104987e-11 6.275068791517568924e-12 1.994072626699368761e-11 2.831640668517980141e-11 7.348422315117064583e-12
6.952258519210021732e-12 -2.352934469846237370e-12 2.142676057402878747e-13 4.164276830666733555e-12 4.942506061606963874e-12 5.863490106406118577e-12 4.248421608217402744e-12 4.975149166181120315e-12 1.135710423817314020e-11 1.646159169679772708e-11 2.073088032922989388e-11 2.789837882835275593e-11 4.409824337181731884e-11 6.447459072867112877e-11 9.407570372564814168e-11 1.327257127787783683e-10 1.621854179127978854e-10 1.887857054735593470e-10 2.095323789459126074e-10 2.223551477281490940e-10 1.897366338391048577e-10 7.399402991539112776e-11 6.156949162488294924e-12 2.651993421311916213e-11 4.048733454656299499e-11 1.225897677462424482e-11
7.138165898256845422e-12 -4.115540912805994801e-12 2.992388854863061543e-12 8.537009416748767026e-12 8.191719941975046427e-12 8.803135254169623672e-12 5.544734770430096790e-12 7.190701892896510892e-12 1.321826638967503458e-11 1.766398555225783997e-11 2.126414531519976822e-11 2.862621943749607539e-11 4.561314791421605785e-11 6.977376226292687553e-11 1.069135602278648997e-10 1.621854179127978854e-10 2.270869564083823400e-10 2.762524968296140186e-10 3.108026094703517008e-10 3.305755000479050512e-10 2.909692918078343207e-10 1.329815013148746202e-10 1.155166328416668261e-11 2.543659667970785219e-11 4.206878765759015071e-11 7.236362195863586546e-12
9.708852355408043350e-12 -3.536820147025655169e-12 6.983442278601881721e-12 1.208454817562522050e-11 1.187436618456095846e-11 1.167975622575056558e-11 7.409129114654439815e-12 1.047101819747436729e-11 1.477812043091511957e-11 1.960550856564542103e-11 2.269520131207631229e-11 3.280022190538473379e-11 5.142108526408101786e-11 7.942111660247165486e-11 1.217653257437877198e-10 1.887857054735593470e-10 2.762524968296140186e-10 3.671676170223348051e-10 4.271388058764619004e-10 4.547145510722278306e-10 4.103779536807831730e-10 2.157873149802241728e-10 2.940499527135696624e-11 2.692082489163241580e-11 3.803718342095965291e-11 -2.550436962938077810e-12
5.454173709352684090e-12 -2.626758230038757971e-12 9.994007774875456075e-12 1.343781485130676406e-11 1.532582410617939477e-11 1.429733094250545988e-11 1.103966745679325157e-11 1.386793468547259177e-11 1.748165458920012572e-11 2.025414107168929500e-11 2.444096831466821451e-11 3.595120829259170467e-11 5.669089540634042994e-11 8.909709743923157965e-11 1.358408836853866226e-10 2.095323789459126074e-10 3.108026094703517008e-10 4.271388058764619004e-10 5.376252002783458146e-10 5.978721389812346837e-10 5.605101756612069415e-10 3.428937150827241588e-10 8.395447204536893219e-11 4.219573428328485444e-11 4.154519730025940955e-11 -1.146235276809421512e-11
2.861435997574317175e-12 -4.168889996847885317e-12 1.200571786255641170e-11 1.402238948802362360e-11 1.657223460734765291e-11 1.420472001902050209e-11 1.037065496301159513e-11 1.389880717101534236e-11 1.825912077439187109e-11 2.254908609889242593e-11 2.811538345052701227e-11 4.047780006784969194e-11 6.065552718010632256e-11 9.524369915843004004e-11 1.443497159132053490e-10 2.223551477281490940e-10 3.305755000479050512e-10 4.547145510722278306e-10 5.978721389812346837e-10 7.365023539989360307e-10 7.455085747249378417e-10 5.298517026726167433e-10 1.958420120142549495e-10 6.807226504300681262e-11 5.042242894680127990e-11 -2.127825010249807352e-11
4.759328059835765317e-12 -4.673192691194011041e-12 1.216216710415780437e-11 1.583108164991199026e-11 1.301824256314746627e-11 1.028209910666104704e-11 9.266212357362624871e-12 1.458042727111224622e-11 1.549430273508831846e-11 2.240461398558684562e-11 2.887690336569310800e-11 3.848286016098873008e-11 5.640071785145297464e-11 8.174629020926200548e-11 1.209212480298800684e-10 1.897366338391048577e-10 2.909692918078343207e-10 4.103779536807831730e-10 5.605101756612069415e-10 7.455085747249378417e-10 8.603404154400252787e-10 7.382648295514676216e-10 3.902366191544094248e-10 1.257214974519503529e-10 2.791785228029167868e-11 -3.956890300384275040e-11
5.608619299450317466e-12 -1.351108658548071236e-12 9.471250912634373409e-12 1.063923934031856203e-11 4.839930148582459254e-12 3.160198246359056293e-12 2.630601713415851606e-12 1.374349537103258643e-11 7.697762453853512072e-12 1.284744332148108435e-11 1.843089627309044308e-11 1.806456145105273430e-11 2.714184889287449867e-11 2.917938253220683800e-11 4.314200166755104987e-11 7.399402991539112776e-11 1.329815013148746202e-10 2.157873149802241728e-10 3.428937150827241588e-10 5.298517026726167433e-10 7.382648295514676216e-10 8.543799946867487483e-10 6.267690931595832097e-10 2.449833042692496783e-10 -1.978035433391312424e-12 -5.476606882377293253e-11
2.219211453989034460e-11 1.009548768578719906e-11 1.068246245141559714e-11 4.699212809227692616e-12 -3.709822274640578048e-12 -6.534342399230560649e-13 1.496320233487140018e-12 1.775477987241472205e-11 1.145351516947900309e-11 1.753675111336183638e-11 1.906583114847909032e-11 1.129447799720981217e-11 1.581477539249379675e-11 9.380294598439510485e-12 6.275068791517568924e-12 6.156949162488294924e-12 1.155166328416668261e-11 2.940499527135696624e-11 8.395447204536893219e-11 1.958420120142549495e-10 3.902366191544094248e-10 6.267690931595832097e-10 7.107496999510946614e-10 4.464116193038614347e-10 6.349531507777506624e-11 -2.230290341699026611e-11
3.473237114427899878e-11 2.102323813734749274e-11 9.532855647128032697e-12 3.917909523007706760e-12 5.521340246101175990e-12 2.241502444208220586e-12 1.762497501509916207e-12 1.664930719738617658e-11 1.551167093528143255e-11 2.007525610142095573e-11 1.935586994279382260e-11 8.411851513107336779e-12 1.184626177159941150e-11 1.466258352126608927e-11 1.994072626699368761e-11 2.651993421311916213e-11 2.543659667970785219e-11 2.692082489163241580e-11 4.219573428328485444e-11 6.807226504300681262e-11 1.257214974519503529e-10 2.449833042692496783e-10 4.464116193038614347e-10 5.864153439753704161e-10 3.276013518902508041e-10 7.115198021765281664e-11
1.339902383169615770e-11 8.495023419460265055e-12 9.723600591024980272e-14 4.128572159308778276e-13 1.277729940604764847e-11 3.155534343710452313e-12 -3.096108751742841184e-12 2.191236496336546577e-12 5.196126557808694460e-12 1.258946095059535284e-11 1.661062910237454732e-11 1.722083188213956319e-11 1.983669104079137363e-11 2.129515204014891682e-11 2.831640668517980141e-11 4.048733454656299499e-11 4.206878765759015071e-11 3.803718342095965291e-11 4.154519730025940955e-11 5.042242894680127990e-11 2.791785228029167868e-11 -1.978035433391312424e-12 6.349531507777506624e-11 3.276013518902508041e-10 5.656524300117061308e-10 3.109631693880191472e-10
-9.089624934858826662e-12 -9.547929692462677669e-12 -1.547037422397305008e-11 -1.198403137784100045e-11 -3.624723979979937481e-13 1.831177553215602106e-12 -3.877607519390439798e-12 -8.999491171627890723e-12 -6.012889433400236730e-12 1.467455962101344162e-12 -1.714672290018870090e-12 1.317606251203965595e-11 1.274011417902093779e-11 7.806460089214298588e-12 7.348422315117064583e-12 1.225897677462424482e-11 7.236362195863586546e-12 -2.550436962938077810e-12 -1.146235276809421512e-11 -2.127825010249807352e-11 -3.956890300384275040e-11 -5.476606882377293253e-11 -2.230290341699026611e-11 7.115198021765281664e-11 3.109631693880191472e-10 5.192059352784276456e-10
