7.220937488604678110e-11 2.133630261596714709e-11 1.509071181693318873e-11 9.671710855903131910e-12 1.140825365333437764e-12 4.441429371221438186e-12 3.751358424104944312e-12 7.168936907049569801e-12 4.255745519615680008e-12 4.233987375128237951e-12 3.841335681556407408e-12 2.511502663401926836e-12 1.449708936527930587e-12 3.125351353380810128e-12 5.121947892498378189e-12 6.952258519210047582e-12 7.138165898256813110e-12 9.708852355408158057e-12 5.454173709352725288e-12 2.861435997574451268e-12 4.759328059835634454e-12 5.608619299450090476e-12 2.219211453989005703e-11 3.473237114427863042e-11 1.339902383169621747e-11 -9.089624934859043151e-12
2.133630261596714709e-11 4.853065032223218823e-11 1.352323050022822855e-11 6.776098648630985192e-12 1.908538216179719460e-12 4.655009738584483284e-12 4.094279882827678927e-12 2.107403844844657708e-12 1.980400736207137649e-12 2.647330965366130678e-12 9.697675015798981955e-13 -6.250348100410798807e-13 7.069807287846471539e-13 -5.591593405888167405e-13 -1.556390186084807570e-12 -2.352934469846259989e-12 -4.115540912806019842e-12 -3.536820147025635782e-12 -2.626758230038619434e-12 -4.168889996847833618e-12 -4.673192691193832519e-12 -1.351108658548099509e-12 1.009548768578715544e-11 2.102323813734737642e-11 8.495023419460216588e-12 -9.547929692463126802e-12
1.509071181693318873e-11 1.352323050022822855e-11 3.609179128615146334e-11 1.377038289281729771e-11 4.597449244355456760e-12 6.616386973259659361e-12 4.281530739814490789e-12 3.602606003885709046e-12 2.253548985253839965e-12 3.494375191441877156e-13 -1.162975279745781811e-12 -1.568760350159571008e-12 -2.934152822281955581e-12 -1.815786047063889319e-12 3.715052463566491997e-13 2.142676057402068177e-13 2.992388854862953298e-12 6.983442278601803365e-12 9.994007774875373680e-12 1.200571786255631476e-11 1.216216710415779953e-11 9.471250912634333020e-12 1.068246245141574254e-11 9.532855647128092474e-12 9.723600591020774697e-14 -1.547037422397301777e-11
9.671710855903131910e-12 6.776098648630985192e-12 1.377038289281729771e-11 3.373972814103389632e-11 1.074208638378396487e-11 7.356120872813432124e-12 5.960259586471441757e-12 4.185930458818805533e-12 1.889336206054695040e-12 1.468515387284942583e-12 1.766339571114333442e-13 -1.832746474808050705e-12 -3.011154631475503850e-12 -1.257151620690654852e-12 1.401677328152292026e-12 4.164276830667026784e-12 8.537009416749025520e-12 1.208454817562565510e-11 1.343781485130738122e-11 1.402238948802439908e-11 1.583108164991269789e-11 1.063923934031916949e-11 4.699212809227855790e-12 3.917909523007750380e-12 4.128572159312650132e-13 -1.198403137784066764e-11
1.140825365333437764e-12 1.908538216179719460e-12 4.597449244355456760e-12 1.074208638378396487e-11 2.245597567219866898e-11 1.287000020397466909e-11 9.316384274407758852e-12 5.851314545787681924e-12 4.564767762796245837e-12 2.651910898646484395e-12 2.592445470466760789e-12 2.381004327199896255e-12 1.183170689241365731e-12 1.053278735417843226e-12 3.120172879955824505e-12 4.942506061607260335e-12 8.191719941975419628e-12 1.187436618456134620e-11 1.532582410617987945e-11 1.657223460734814405e-11 1.301824256314771992e-11 4.839930148582568306e-12 -3.709822274640521502e-12 5.521340246101622700e-12 1.277729940604841103e-11 -3.624723979977070823e-13
4.441429371221438186e-12 4.655009738584483284e-12 6.616386973259659361e-12 7.356120872813432124e-12 1.287000020397466909e-11 2.409961795691233184e-11 1.346696237244289388e-11 7.648343487239675292e-12 4.890541436653088931e-12 5.018290062049852644e-12 3.253054891469696054e-12 2.888828483928959772e-12 1.841551441408522892e-12 1.743348288253848566e-12 2.617309913423289298e-12 5.863490106405828580e-12 8.803135254169158383e-12 1.167975622575014714e-11 1.429733094250507860e-11 1.420472001902015797e-11 1.028209910666066899e-11 3.160198246359156460e-12 -6.534342399227461751e-13 2.241502444208380529e-12 3.155534343710887310e-12 1.831177553216074261e-12
3.751358424104944312e-12 4.094279882827678927e-12 4.281530739814490789e-12 5.960259586471441757e-12 9.316384274407758852e-12 1.346696237244289388e-11 1.976231141508037300e-11 1.114791438685657466e-11 8.191689117199332712e-12 6.812483251498580584e-12 5.752993103712433722e-12 4.524315988409281477e-12 2.964392816416981779e-12 2.977751602259063396e-12 3.734904367208478314e-12 4.248421608217672547e-12 5.544734770430431217e-12 7.409129114655121593e-12 1.103966745679417084e-11 1.037065496301269858e-11 9.266212357363377735e-12 2.630601713416563272e-12 1.496320233487243820e-12 1.762497501509757274e-12 -3.096108751743104929e-12 -3.877607519390949516e-12
7.168936907049569801e-12 2.107403844844657708e-12 3.602606003885709046e-12 4.185930458818805533e-12 5.851314545787681924e-12 7.648343487239675292e-12 1.114791438685657466e-11 1.987198420642832741e-11 1.354351455116513611e-11 1.011366535709339909e-11 8.195361853395952226e-12 6.604404503625710120e-12 5.655382800800819160e-12 5.195834904826266958e-12 5.709282245806484060e-12 4.975149166181116276e-12 7.190701892896507661e-12 1.047101819747431075e-11 1.386793468547256430e-11 1.389880717101521473e-11 1.458042727111203942e-11 1.374349537103266398e-11 1.775477987241521965e-11 1.664930719738649647e-11 2.191236496336235980e-12 -8.999491171628249384e-12
4.255745519615680008e-12 1.980400736207137649e-12 2.253548985253839965e-12 1.889336206054695040e-12 4.564767762796245837e-12 4.890541436653088931e-12 8.191689117199332712e-12 1.354351455116513611e-11 2.075529627149415420e-11 1.600061052784205921e-11 1.383547054246909257e-11 1.075299072839123717e-11 1.047616669642130112e-11 1.093185318780774061e-11 1.115093213369558517e-11 1.135710423817318867e-11 1.321826638967518644e-11 1.477812043091522620e-11 1.748165458920034867e-11 1.825912077439190663e-11 1.549430273508811490e-11 7.697762453853193801e-12 1.145351516947823084e-11 1.551167093528069907e-11 5.196126557808666995e-12 -6.012889433400379710e-12
4.233987375128237951e-12 2.647330965366130678e-12 3.494375191441877156e-13 1.468515387284942583e-12 2.651910898646484395e-12 5.018290062049852644e-12 6.812483251498580584e-12 1.011366535709339909e-11 1.600061052784205921e-11 2.491952427557008624e-11 2.092342517598772906e-11 1.538154284569308698e-11 1.572297979480548953e-11 1.578554289885227101e-11 1.564185126167127404e-11 1.646159169679793064e-11 1.766398555225799829e-11 1.960550856564562460e-11 2.025414107168950826e-11 2.254908609889257133e-11 2.240461398558687470e-11 1.284744332148129922e-11 1.753675111336250846e-11 2.007525610142208987e-11 1.258946095059610409e-11 1.467455962101944353e-12
3.841335681556407408e-12 9.697675015798981955e-13 -1.162975279745781811e-12 1.766339571114333442e-13 2.592445470466760789e-12 3.253054891469696054e-12 5.752993103712433722e-12 8.195361853395952226e-12 1.383547054246909257e-11 2.092342517598772906e-11 2.828857328035655464e-11 2.446678540649686350e-11 2.379447216910507165e-11 2.197620141176295018e-11 2.048164613426749193e-11 2.073088032922971617e-11 2.126414531519962928e-11 2.269520131207612812e-11 2.444096831466786878e-11 2.811538345052653083e-11 2.887690336569237775e-11 1.843089627308973545e-11 1.906583114847833746e-11 1.935586994279325068e-11 1.661062910237424682e-11 -1.714672290019298019e-12
2.511502663401926836e-12 -6.250348100410798807e-13 -1.568760350159571008e-12 -1.832746474808050705e-12 2.381004327199896255e-12 2.888828483928959772e-12 4.524315988409281477e-12 6.604404503625710120e-12 1.075299072839123717e-11 1.538154284569308698e-11 2.446678540649686350e-11 3.205933567495076550e-11 3.257513207765301454e-11 2.996646358215626176e-11 2.752116416008846339e-11 2.789837882835279793e-11 2.862621943749624018e-11 3.280022190538519908e-11 3.595120829259206656e-11 4.047780006785018308e-11 3.848286016098891102e-11 1.806456145105288939e-11 1.129447799721007551e-11 8.411851513107270539e-12 1.722083188213909144e-11 1.317606251203934899e-11
1.449708936527930587e-12 7.069807287846471539e-13 -2.934152822281955581e-12 -3.011154631475503850e-12 1.183170689241365731e-12 1.841551441408522892e-12 2.964392816416981779e-12 5.655382800800819160e-12 1.047616669642130112e-11 1.572297979480548953e-11 2.379447216910507165e-11 3.257513207765301454e-11 4.559576930565659071e-11 4.453549687504815220e-11 4.171846566981583249e-11 4.409824337181726068e-11 4.561314791421611601e-11 5.142108526408142499e-11 5.669089540634064966e-11 6.065552718010671031e-11 5.640071785145326545e-11 2.714184889287457945e-11 1.581477539249366427e-11 1.184626177159938888e-11 1.983669104079178399e-11 1.274011417902139177e-11
3.125351353380810128e-12 -5.591593405888167405e-13 -1.815786047063889319e-12 -1.257151620690654852e-12 1.053278735417843226e-12 1.743348288253848566e-12 2.977751602259063396e-12 5.195834904826266958e-12 1.093185318780774061e-11 1.578554289885227101e-11 2.197620141176295018e-11 2.996646358215626176e-11 4.453549687504815220e-11 5.659234026364863571e-11 5.913089457736791164e-11 6.447459072867116755e-11 6.977376226292712110e-11 7.942111660247246911e-11 8.909709743923216126e-11 9.524369915843086723e-11 8.174629020926297483e-11 2.917938253220740023e-11 9.380294598439917613e-12 1.466258352126612482e-11 2.129515204014861309e-11 7.806460089214214578e-12
5.121947892498378189e-12 -1.556390186084807570e-12 3.715052463566491997e-13 1.401677328152292026e-12 3.120172879955824505e-12 2.617309913423289298e-12 3.734904367208478314e-12 5.709282245806484060e-12 1.115093213369558517e-11 1.564185126167127404e-11 2.048164613426749193e-11 2.752116416008846339e-11 4.171846566981583249e-11 5.913089457736791164e-11 7.978182202630222359e-11 9.407570372564856819e-11 1.069135602278654684e-10 1.217653257437890381e-10 1.358408836853878633e-10 1.443497159132063830e-10 1.209212480298809989e-10 4.314200166755125020e-11 6.275068791517513994e-12 1.994072626699386210e-11 2.831640668517973032e-11 7.348422315117096895e-12
6.952258519210047582e-12 -2.352934469846259989e-12 2.142676057402068177e-13 4.164276830667026784e-12 4.942506061607260335e-12 5.863490106405828580e-12 4.248421608217672547e-12 4.975149166181116276e-12 1.135710423817318867e-11 1.646159169679793064e-11 2.073088032922971617e-11 2.789837882835279793e-11 4.409824337181726068e-11 6.447459072867116755e-11 9.407570372564856819e-11 1.327257127787781873e-10 1.621854179127975494e-10 1.887857054735603293e-10 2.095323789459132278e-10 2.223551477281496368e-10 1.897366338391055298e-10 7.399402991539148965e-11 6.156949162488212529e-12 2.651993421311926230e-11 4.048733454656306608e-11 1.225897677462434498e-11
7.138165898256813110e-12 -4.115540912806019842e-12 2.992388854862953298e-12 8.537009416749025520e-12 8.191719941975419628e-12 8.803135254169158383e-12 5.544734770430431217e-12 7.190701892896507661e-12 1.321826638967518644e-11 1.766398555225799829e-11 2.126414531519962928e-11 2.862621943749624018e-11 4.561314791421611601e-11 6.977376226292712110e-11 1.069135602278654684e-10 1.621854179127975494e-10 2.270869564083817197e-10 2.762524968296151560e-10 3.108026094703522178e-10 3.305755000479050512e-10 2.909692918078346826e-10 1.329815013148746460e-10 1.155166328416669554e-11 2.543659667970813976e-11 4.206878765759021533e-11 7.236362195863748105e-12
9.708852355408158057e-12 -3.536820147025635782e-12 6.983442278601803365e-12 1.208454817562565510e-11 1.187436618456134620e-11 1.167975622575014714e-11 7.409129114655121593e-12 1.047101819747431075e-11 1.477812043091522620e-11 1.960550856564562460e-11 2.269520131207612812e-11 3.280022190538519908e-11 5.142108526408142499e-11 7.942111660247246911e-11 1.217653257437890381e-10 1.887857054735603293e-10 2.762524968296151560e-10 3.671676170223386825e-10 4.271388058764659329e-10 4.547145510722316046e-10 4.103779536807867919e-10 2.157873149802260340e-10 2.940499527135726350e-11 2.692082489163293925e-11 3.803718342095970461e-11 -2.550436962938381136e-12
5.454173709352725288e-12 -2.626758230038619434e-12 9.994007774875373680e-12 1.343781485130738122e-11 1.532582410617987945e-11 1.429733094250507860e-11 1.103966745679417084e-11 1.386793468547256430e-11 1.748165458920034867e-11 2.025414107168950826e-11 2.444096831466786878e-11 3.595120829259206656e-11 5.669089540634064966e-11 8.909709743923216126e-11 1.358408836853878633e-10 2.095323789459132278e-10 3.108026094703522178e-10 4.271388058764659329e-10 5.376252002783492267e-10 5.978721389812391298e-10 5.605101756612107672e-10 3.428937150827275192e-10 8.395447204536981107e-11 4.219573428328553298e-11 4.154519730025981668e-11 -1.146235276809421835e-11
2.861435997574451268e-12 -4.168889996847833618e-12 1.200571786255631476e-11 1.402238948802439908e-11 1.657223460734814405e-11 1.420472001902015797e-11 1.037065496301269858e-11 1.389880717101521473e-11 1.825912077439190663e-11 2.254908609889257133e-11 2.811538345052653083e-11 4.047780006785018308e-11 6.065552718010671031e-11 9.524369915843086723e-11 1.443497159132063830e-10 2.223551477281496368e-10 3.305755000479050512e-10 4.547145510722316046e-10 5.978721389812391298e-10 7.365023539989402700e-10 7.455085747249418742e-10 5.298517026726200520e-10 1.958420120142552597e-10 6.807226504300740715e-11 5.042242894680222340e-11 -2.127825010249800567e-11
4.759328059835634454e-12 -4.673192691193832519e-12 1.216216710415779953e-11 1.583108164991269789e-11 1.301824256314771992e-11 1.028209910666066899e-11 9.266212357363377735e-12 1.458042727111203942e-11 1.549430273508811490e-11 2.240461398558687470e-11 2.887690336569237775e-11 3.848286016098891102e-11 5.640071785145326545e-11 8.174629020926297483e-11 1.209212480298809989e-10 1.897366338391055298e-10 2.909692918078346826e-10 4.103779536807867919e-10 5.605101756612107672e-10 7.455085747249418742e-10 8.603404154400300350e-10 7.382648295514715507e-10 3.902366191544106139e-10 1.257214974519506889e-10 2.791785228029219244e-11 -3.956890300384214940e-11
5.608619299450090476e-12 -1.351108658548099509e-12 9.471250912634333020e-12 1.063923934031916949e-11 4.839930148582568306e-12 3.160198246359156460e-12 2.630601713416563272e-12 1.374349537103266398e-11 7.697762453853193801e-12 1.284744332148129922e-11 1.843089627308973545e-11 1.806456145105288939e-11 2.714184889287457945e-11 2.917938253220740023e-11 4.314200166755125020e-11 7.399402991539148965e-11 1.329815013148746460e-10 2.157873149802260340e-10 3.428937150827275192e-10 5.298517026726200520e-10 7.382648295514715507e-10 8.543799946867537114e-10 6.267690931595850709e-10 2.449833042692503504e-10 -1.978035433390566830e-12 -5.476606882377268050e-11
2.219211453989005703e-11 1.009548768578715544e-11 1.068246245141574254e-11 4.699212809227855790e-12 -3.709822274640521502e-12 -6.534342399227461751e-13 1.496320233487243820e-12 1.775477987241521965e-11 1.145351516947823084e-11 1.753675111336250846e-11 1.906583114847833746e-11 1.129447799721007551e-11 1.581477539249366427e-11 9.380294598439917613e-12 6.275068791517513994e-12 6.156949162488212529e-12 1.155166328416669554e-11 2.940499527135726350e-11 8.395447204536981107e-11 1.958420120142552597e-10 3.902366191544106139e-10 6.267690931595850709e-10 7.107496999510949716e-10 4.464116193038602974e-10 6.349531507777572539e-11 -2.230290341699056984e-11
3.473237114427863042e-11 2.102323813734737642e-11 9.532855647128092474e-12 3.917909523007750380e-12 5.521340246101622700e-12 2.241502444208380529e-12 1.762497501509757274e-12 1.664930719738649647e-11 1.551167093528069907e-11 2.007525610142208987e-11 1.935586994279325068e-11 8.411851513107270539e-12 1.184626177159938888e-11 1.466258352126612482e-11 1.994072626699386210e-11 2.651993421311926230e-11 2.543659667970813976e-11 2.692082489163293925e-11 4.219573428328553298e-11 6.807226504300740715e-11 1.257214974519506889e-10 2.449833042692503504e-10 4.464116193038602974e-10 5.864153439753675210e-10 3.276013518902502871e-10 7.115198021765246768e-11
1.339902383169621747e-11 8.495023419460216588e-12 9.723600591020774697e-14 4.128572159312650132e-13 1.277729940604841103e-11 3.155534343710887310e-12 -3.096108751743104929e-12 2.191236496336235980e-12 5.196126557808666995e-12 1.258946095059610409e-11 1.661062910237424682e-11 1.722083188213909144e-11 1.983669104079178399e-11 2.129515204014861309e-11 2.831640668517973032e-11 4.048733454656306608e-11 4.206878765759021533e-11 3.803718342095970461e-11 4.154519730025981668e-11 5.042242894680222340e-11 2.791785228029219244e-11 -1.978035433390566830e-12 6.349531507777572539e-11 3.276013518902502871e-10 5.656524300117066478e-10 3.109631693880196125e-10
-9.089624934859043151e-12 -9.547929692463126802e-12 -1.547037422397301777e-11 -1.198403137784066764e-11 -3.624723979977070823e-13 1.831177553216074261e-12 -3.877607519390949516e-12 -8.999491171628249384e-12 -6.012889433400379710e-12 1.467455962101944353e-12 -1.714672290019298019e-12 1.317606251203934899e-11 1.274011417902139177e-11 7.806460089214214578e-12 7.348422315117096895e-12 1.225897677462434498e-11 7.236362195863748105e-12 -2.550436962938381136e-12 -1.146235276809421835e-11 -2.127825010249800567e-11 -3.956890300384214940e-11 -5.476606882377268050e-11 -2.230290341699056984e-11 7.115198021765246768e-11 3.109631693880196125e-10 5.192059352784284728e-10
