5.604500755106487701e-11 1.302612532886818501e-11 5.302969042442407210e-12 8.168433340626592333e-13 9.743758566358904239e-13 6.587223735247936576e-13 -1.234696882563621576e-13 -1.953883901887512239e-12 -1.197832301106124122e-12 -1.950903027540486359e-12 -9.344467464244823821e-13 -3.383372179572252948e-12 -7.475105420946741315e-12 -5.793457960748364949e-12 -1.087343693806857359e-12 1.764765130869310700e-12 3.168707037683151481e-12 7.800608306976960745e-13 -5.757742899644537427e-12 -6.806672664996424664e-12 -3.452533736811654230e-12 3.482479990715586591e-12 1.202585093940370027e-11 1.271939060533543403e-11 8.309813033424837204e-12 -3.017797877379854068e-13
1.302612532886818501e-11 4.641676415462179512e-11 1.080634247128421138e-11 5.089046477636958891e-12 5.280587408246288667e-12 4.545840428781953153e-12 3.938845062062085313e-12 7.247357486671535089e-13 -8.885009049917556164e-13 -5.107410389146980583e-13 -1.339559997510635892e-12 4.160866985128270123e-13 -1.728847890481032752e-12 -3.588543874642850422e-12 -2.801476742342534651e-12 -1.677805839275804018e-12 -9.771421720979414887e-13 -3.418842263808134939e-12 -7.682111158059812141e-12 -1.100321620282598286e-11 -9.767991428463801324e-12 -8.340697418229447846e-13 -9.836467198872088333e-13 -8.141301122925213018e-13 -4.592767999057637400e-12 -5.404498899485742070e-12
5.302969042442407210e-12 1.080634247128421138e-11 3.243166937362233364e-11 1.163764328435398167e-11 4.789795932567808900e-12 4.545807577120840005e-12 4.058479487554255451e-12 1.437433363211456699e-12 8.711271722941511855e-13 1.184340829251318640e-12 6.249605204326040018e-13 -1.335426907297028374e-13 -2.668906088292571048e-12 -2.708173636123906938e-12 -3.584173684062168482e-12 -2.038460683973712664e-12 -1.391567947778368696e-12 -3.818772683533041136e-12 -4.574432198345206186e-12 -2.823854707294247284e-12 -1.048881211997569732e-12 -1.646894810836650471e-12 -4.517617236128796987e-12 -6.619737283914712734e-12 3.588237729771778737e-12 7.966325756800120564e-12
8.168433340626592333e-13 5.089046477636958891e-12 1.163764328435398167e-11 2.709136770362275522e-11 1.083870125498706037e-11 8.733391640167501112e-12 6.167590840609918451e-12 2.671673019166487448e-12 2.241276560876989196e-12 1.371810325862717849e-12 1.217831770964866647e-12 4.935032426145444828e-13 -1.668708842506527256e-14 2.138395785334951932e-12 3.618492980669042710e-12 3.825500371033924247e-12 4.543565024274519943e-12 3.894326557394664748e-12 6.028114458205209597e-12 8.959384998730362777e-12 1.269629707910442442e-11 1.132014601311796784e-11 8.248252842536703295e-12 7.730511424560076390e-12 1.317011318717182673e-11 6.649389859628166768e-12
9.743758566358904239e-13 5.280587408246288667e-12 4.789795932567808900e-12 1.083870125498706037e-11 2.540360956599994979e-11 1.273317957006489368e-11 8.689786911302391620e-12 4.506617593896289861e-12 3.074933296767234774e-12 1.789046367360900673e-12 1.695928664578912139e-12 1.450824860242818031e-12 -4.050874084508740368e-14 -1.718311290078503836e-12 -6.031752190020875601e-13 -1.731418691912169025e-12 -1.212988144483368318e-12 -3.474524184405526230e-12 -3.222452229820888116e-12 -1.170142889126076486e-12 -7.118907126602064833e-13 1.687944930956822628e-12 -1.735222405997352290e-13 -6.800854368233079107e-12 -3.438262021559325168e-12 8.757378295723273698e-12
6.587223735247936576e-13 4.545840428781953153e-12 4.545807577120840005e-12 8.733391640167501112e-12 1.273317957006489368e-11 2.109917883706449093e-11 1.280373486624117877e-11 8.529655584071800544e-12 6.672360217757214012e-12 4.111440490818735836e-12 2.413557857984690481e-12 2.398845732633859212e-12 2.274181991730852174e-12 3.582016069466518216e-13 -1.019037779988742022e-13 6.722103213674689608e-13 1.798783403700295009e-12 -1.383543852582939702e-12 -1.906974733388844309e-12 5.911200158423610107e-13 6.530602882666575989e-13 2.677496065262472649e-12 2.913798240070749063e-12 -1.600947580455658192e-12 6.115894810623090896e-13 3.795135287313182419e-12
-1.234696882563621576e-13 3.938845062062085313e-12 4.058479487554255451e-12 6.167590840609918451e-12 8.689786911302391620e-12 1.280373486624117877e-11 1.913386951673604529e-11 1.277197028324349529e-11 9.505908065273396770e-12 6.663819937513054487e-12 4.270382551052326900e-12 3.121040964442131976e-12 1.566296338273951466e-12 3.874466542920859249e-13 1.087035423708010087e-12 3.050238760853841746e-12 4.910540797113582589e-12 3.564866214448489940e-12 3.469646920654033154e-12 5.149607424157525466e-12 5.496618543740240467e-12 3.762056643752867776e-12 4.712290560938658859e-13 -4.095687980973041650e-12 1.655059534966254456e-12 7.906973909786890423e-13
-1.953883901887512239e-12 7.247357486671535089e-13 1.437433363211456699e-12 2.671673019166487448e-12 4.506617593896289861e-12 8.529655584071800544e-12 1.277197028324349529e-11 1.976626922114835697e-11 1.435019786808627699e-11 1.107772454360399755e-11 8.408455457746174950e-12 7.625684906431546435e-12 5.698415141542487681e-12 5.223973881118236372e-12 5.905035517676202523e-12 8.835834905202970825e-12 1.061867830622999073e-11 9.782409826133838454e-12 1.009594872917097997e-11 1.112306998782827900e-11 9.134056490145954838e-12 2.816485361878080537e-12 -4.240604829711649732e-12 -9.417742912701706337e-12 -5.743668130642126690e-12 -7.517161115648148524e-12
-1.197832301106124122e-12 -8.885009049917556164e-13 8.711271722941511855e-13 2.241276560876989196e-12 3.074933296767234774e-12 6.672360217757214012e-12 9.505908065273396770e-12 1.435019786808627699e-11 2.163884650975397366e-11 1.641945953768942611e-11 1.206272466767499255e-11 1.025717718100478206e-11 7.590082022906027281e-12 7.067307553960842386e-12 6.629461268965487044e-12 7.157725735252961038e-12 1.058986025546937396e-11 8.918097233663284850e-12 8.865728026545413399e-12 9.637610125262743984e-12 6.350277421918893184e-12 7.548593486087240180e-13 -3.234781527451308798e-13 -4.222213707573190055e-12 -6.652042741983350789e-12 -8.425040414480484907e-12
-1.950903027540486359e-12 -5.107410389146980583e-13 1.184340829251318640e-12 1.371810325862717849e-12 1.789046367360900673e-12 4.111440490818735836e-12 6.663819937513054487e-12 1.107772454360399755e-11 1.641945953768942611e-11 2.145926582918326371e-11 1.698227290869503114e-11 1.257647612587269244e-11 1.016718100953411613e-11 8.806994774029267350e-12 6.835802640134534629e-12 7.760267771851687116e-12 9.484422008724258607e-12 7.346953667742035398e-12 7.133928710953617894e-12 7.480631659477889527e-12 6.141956496095366027e-12 5.561388181601977220e-13 -1.349234180224949836e-12 -6.709138480251959292e-12 -6.146022072930586852e-12 -1.245914989209752216e-11
-9.344467464244823821e-13 -1.339559997510635892e-12 6.249605204326040018e-13 1.217831770964866647e-12 1.695928664578912139e-12 2.413557857984690481e-12 4.270382551052326900e-12 8.408455457746174950e-12 1.206272466767499255e-11 1.698227290869503114e-11 2.301340859112850063e-11 1.959025296325931358e-11 1.562920590430424629e-11 1.352279228836949171e-11 1.179982194502145800e-11 1.144230830625087401e-11 1.190120846026192700e-11 1.175651104793941288e-11 1.152285473379868162e-11 1.174064617526582091e-11 7.927326424392105316e-12 -3.071399223991756474e-12 -8.197179200995910874e-12 -1.197378318401068734e-11 -8.141659100485463083e-12 -9.078815892741954544e-12
-3.383372179572252948e-12 4.160866985128270123e-13 -1.335426907297028374e-13 4.935032426145444828e-13 1.450824860242818031e-12 2.398845732633859212e-12 3.121040964442131976e-12 7.625684906431546435e-12 1.025717718100478206e-11 1.257647612587269244e-11 1.959025296325931358e-11 2.778348216105642434e-11 2.589814399618917290e-11 2.290875911091089609e-11 2.030803996526959895e-11 1.856927594575449944e-11 1.830390823131691408e-11 1.737643743020618748e-11 1.655315278937701821e-11 1.813114584961963946e-11 1.148294970885576685e-11 -2.912102350431590597e-12 -4.507971710177807565e-12 -6.980594727005587189e-12 -8.317520309300759088e-12 -5.826511108375370722e-12
-7.475105420946741315e-12 -1.728847890481032752e-12 -2.668906088292571048e-12 -1.668708842506527256e-14 -4.050874084508740368e-14 2.274181991730852174e-12 1.566296338273951466e-12 5.698415141542487681e-12 7.590082022906027281e-12 1.016718100953411613e-11 1.562920590430424629e-11 2.589814399618917290e-11 3.632474121557840926e-11 3.476899451482819903e-11 3.153281310664704749e-11 2.924764861388627079e-11 2.803466565212297444e-11 2.817449674915642532e-11 2.804657982573398560e-11 2.853759850142626197e-11 1.769053934675053274e-11 -5.133235366223464463e-12 -5.489369146981722532e-12 -2.069374620210830585e-12 -8.615692931136933025e-12 -8.064253802382288916e-12
-5.793457960748364949e-12 -3.588543874642850422e-12 -2.708173636123906938e-12 2.138395785334951932e-12 -1.718311290078503836e-12 3.582016069466518216e-13 3.874466542920859249e-13 5.223973881118236372e-12 7.067307553960842386e-12 8.806994774029267350e-12 1.352279228836949171e-11 2.290875911091089609e-11 3.476899451482819903e-11 4.647147066733275191e-11 4.763096727265397179e-11 4.688820108516539894e-11 4.603839178549136748e-11 4.646508909747173635e-11 4.769532942654245451e-11 4.892787880680269079e-11 3.562238172152794786e-11 -3.191252591531781337e-13 -6.609027031896030345e-12 -1.914162139146692050e-12 -7.042854932589238374e-12 -4.519946191869314369e-12
-1.087343693806857359e-12 -2.801476742342534651e-12 -3.584173684062168482e-12 3.618492980669042710e-12 -6.031752190020875601e-13 -1.019037779988742022e-13 1.087035423708010087e-12 5.905035517676202523e-12 6.629461268965487044e-12 6.835802640134534629e-12 1.179982194502145800e-11 2.030803996526959895e-11 3.153281310664704749e-11 4.763096727265397179e-11 6.424103515398261687e-11 6.804101818404609460e-11 6.827192652805727923e-11 6.912482942767905835e-11 7.083710005950829490e-11 7.554300501606090185e-11 6.211917638564688218e-11 1.311572405384788840e-11 -3.783157933017516973e-12 -3.494059856734010392e-12 -4.246582021111450015e-12 -3.371811736899501349e-12
1.764765130869310700e-12 -1.677805839275804018e-12 -2.038460683973712664e-12 3.825500371033924247e-12 -1.731418691912169025e-12 6.722103213674689608e-13 3.050238760853841746e-12 8.835834905202970825e-12 7.157725735252961038e-12 7.760267771851687116e-12 1.144230830625087401e-11 1.856927594575449944e-11 2.924764861388627079e-11 4.688820108516539894e-11 6.804101818404609460e-11 8.813226160060709609e-11 9.501752199467757376e-11 9.892941561383895119e-11 1.032315108582018964e-10 1.119510489929350535e-10 1.006550846366419079e-10 3.994475992152041981e-11 6.240612986902130686e-12 8.540774609643946086e-13 -5.126408938634665170e-12 -8.321539458743887338e-12
3.168707037683151481e-12 -9.771421720979414887e-13 -1.391567947778368696e-12 4.543565024274519943e-12 -1.212988144483368318e-12 1.798783403700295009e-12 4.910540797113582589e-12 1.061867830622999073e-11 1.058986025546937396e-11 9.484422008724258607e-12 1.190120846026192700e-11 1.830390823131691408e-11 2.803466565212297444e-11 4.603839178549136748e-11 6.827192652805727923e-11 9.501752199467757376e-11 1.194188708724421973e-10 1.290650479890188778e-10 1.361599147547027244e-10 1.487213283578123758e-10 1.377566606303568975e-10 6.700940403315166855e-11 1.542154086584298323e-11 5.815119643452458490e-12 -7.008314139462779250e-12 -1.286294495105820487e-11
7.800608306976960745e-13 -3.418842263808134939e-12 -3.818772683533041136e-12 3.894326557394664748e-12 -3.474524184405526230e-12 -1.383543852582939702e-12 3.564866214448489940e-12 9.782409826133838454e-12 8.918097233663284850e-12 7.346953667742035398e-12 1.175651104793941288e-11 1.737643743020618748e-11 2.817449674915642532e-11 4.646508909747173635e-11 6.912482942767905835e-11 9.892941561383895119e-11 1.290650479890188778e-10 1.604590877323388532e-10 1.776229985505558689e-10 1.935965164538694664e-10 1.831423037883831456e-10 1.022170941940446936e-10 2.627443479798128944e-11 9.970249332514722472e-12 -1.018368054669486657e-11 -1.542588562515765961e-11
-5.757742899644537427e-12 -7.682111158059812141e-12 -4.574432198345206186e-12 6.028114458205209597e-12 -3.222452229820888116e-12 -1.906974733388844309e-12 3.469646920654033154e-12 1.009594872917097997e-11 8.865728026545413399e-12 7.133928710953617894e-12 1.152285473379868162e-11 1.655315278937701821e-11 2.804657982573398560e-11 4.769532942654245451e-11 7.083710005950829490e-11 1.032315108582018964e-10 1.361599147547027244e-10 1.776229985505558689e-10 2.212260725657407213e-10 2.513623062283652043e-10 2.453522882376486415e-10 1.580028526689254410e-10 5.320194755487029334e-11 2.058047376350092409e-11 -6.791503991444093460e-12 -1.679757820815839895e-11
-6.806672664996424664e-12 -1.100321620282598286e-11 -2.823854707294247284e-12 8.959384998730362777e-12 -1.170142889126076486e-12 5.911200158423610107e-13 5.149607424157525466e-12 1.112306998782827900e-11 9.637610125262743984e-12 7.480631659477889527e-12 1.174064617526582091e-11 1.813114584961963946e-11 2.853759850142626197e-11 4.892787880680269079e-11 7.554300501606090185e-11 1.119510489929350535e-10 1.487213283578123758e-10 1.935965164538694664e-10 2.513623062283652043e-10 3.262125983555792681e-10 3.448565007612189115e-10 2.566275728706150304e-10 1.196185810079139192e-10 4.081644384298171007e-11 1.783377354959181533e-12 -1.401600400220308160e-11
-3.452533736811654230e-12 -9.767991428463801324e-12 -1.048881211997569732e-12 1.269629707910442442e-11 -7.118907126602064833e-13 6.530602882666575989e-13 5.496618543740240467e-12 9.134056490145954838e-12 6.350277421918893184e-12 6.141956496095366027e-12 7.927326424392105316e-12 1.148294970885576685e-11 1.769053934675053274e-11 3.562238172152794786e-11 6.211917638564688218e-11 1.006550846366419079e-10 1.377566606303568975e-10 1.831423037883831456e-10 2.453522882376486415e-10 3.448565007612189115e-10 4.373009646924108079e-10 3.950303716413955038e-10 2.417001130876461031e-10 7.497798578750899405e-11 -3.471850387678437879e-13 -1.701059654149117580e-11
3.482479990715586591e-12 -8.340697418229447846e-13 -1.646894810836650471e-12 1.132014601311796784e-11 1.687944930956822628e-12 2.677496065262472649e-12 3.762056643752867776e-12 2.816485361878080537e-12 7.548593486087240180e-13 5.561388181601977220e-13 -3.071399223991756474e-12 -2.912102350431590597e-12 -5.133235366223464463e-12 -3.191252591531781337e-13 1.311572405384788840e-11 3.994475992152041981e-11 6.700940403315166855e-11 1.022170941940446936e-10 1.580028526689254410e-10 2.566275728706150304e-10 3.950303716413955038e-10 4.864651825183512822e-10 3.912235087350177544e-10 1.581595323919244179e-10 1.228373144468286104e-11 -9.232152880835128779e-12
1.202585093940370027e-11 -9.836467198872088333e-13 -4.517617236128796987e-12 8.248252842536703295e-12 -1.735222405997352290e-13 2.913798240070749063e-12 4.712290560938658859e-13 -4.240604829711649732e-12 -3.234781527451308798e-13 -1.349234180224949836e-12 -8.197179200995910874e-12 -4.507971710177807565e-12 -5.489369146981722532e-12 -6.609027031896030345e-12 -3.783157933017516973e-12 6.240612986902130686e-12 1.542154086584298323e-11 2.627443479798128944e-11 5.320194755487029334e-11 1.196185810079139192e-10 2.417001130876461031e-10 3.912235087350177544e-10 4.570036051927544396e-10 2.881667756371948596e-10 6.927384348042156144e-11 1.568785447051380796e-11
1.271939060533543403e-11 -8.141301122925213018e-13 -6.619737283914712734e-12 7.730511424560076390e-12 -6.800854368233079107e-12 -1.600947580455658192e-12 -4.095687980973041650e-12 -9.417742912701706337e-12 -4.222213707573190055e-12 -6.709138480251959292e-12 -1.197378318401068734e-11 -6.980594727005587189e-12 -2.069374620210830585e-12 -1.914162139146692050e-12 -3.494059856734010392e-12 8.540774609643946086e-13 5.815119643452458490e-12 9.970249332514722472e-12 2.058047376350092409e-11 4.081644384298171007e-11 7.497798578750899405e-11 1.581595323919244179e-10 2.881667756371948596e-10 3.612635797590729193e-10 2.047874208914824101e-10 4.655343058838297190e-11
8.309813033424837204e-12 -4.592767999057637400e-12 3.588237729771778737e-12 1.317011318717182673e-11 -3.438262021559325168e-12 6.115894810623090896e-13 1.655059534966254456e-12 -5.743668130642126690e-12 -6.652042741983350789e-12 -6.146022072930586852e-12 -8.141659100485463083e-12 -8.317520309300759088e-12 -8.615692931136933025e-12 -7.042854932589238374e-12 -4.246582021111450015e-12 -5.126408938634665170e-12 -7.008314139462779250e-12 -1.018368054669486657e-11 -6.791503991444093460e-12 1.783377354959181533e-12 -3.471850387678437879e-13 1.228373144468286104e-11 6.927384348042156144e-11 2.047874208914824101e-10 3.082786322131190323e-10 1.651514671242780903e-10
-3.017797877379854068e-13 -5.404498899485742070e-12 7.966325756800120564e-12 6.649389859628166768e-12 8.757378295723273698e-12 3.795135287313182419e-12 7.906973909786890423e-13 -7.517161115648148524e-12 -8.425040414480484907e-12 -1.245914989209752216e-11 -9.078815892741954544e-12 -5.826511108375370722e-12 -8.064253802382288916e-12 -4.519946191869314369e-12 -3.371811736899501349e-12 -8.321539458743887338e-12 -1.286294495105820487e-11 -1.542588562515765961e-11 -1.679757820815839895e-11 -1.401600400220308160e-11 -1.701059654149117580e-11 -9.232152880835128779e-12 1.568785447051380796e-11 4.655343058838297190e-11 1.651514671242780903e-10 3.365401449578510974e-10
