5.918704747020323181e-11 1.787214892837619030e-11 1.020581380456003657e-11 4.495003084034259744e-12 1.432758401839630630e-12 2.252433044113980741e-12 2.901834166876133544e-12 6.632220479259650230e-12 2.462413614578052860e-12 4.906628113087625176e-12 1.115402569155395787e-12 3.124619747331500324e-12 5.748847527342813663e-12 4.465786662203778655e-12 3.275464177884031290e-12 2.395084355103890188e-12 2.763270793177805134e-12 6.170392120252462244e-12 5.514796478727468370e-12 -1.984897403096892135e-13 -1.427205217949678403e-11 -1.556230501514206628e-11 -1.826154307710806970e-11 -9.604994273072373010e-12 3.567117966037271773e-12 -1.976847574130043867e-11
1.787214892837619030e-11 4.402085582038104195e-11 1.717618476284904432e-11 6.401842479317241336e-12 2.826637091886622491e-12 2.827431809234075701e-12 4.177286572176417674e-12 3.541776841916636442e-12 1.234278884413773212e-12 2.449747351348985997e-12 -6.272637800277943551e-13 1.036433741872837190e-12 1.752142733456896271e-12 3.591778409646624585e-13 -7.439085812018690306e-13 9.425794275799909513e-13 1.508338302430848996e-12 2.086123079231195046e-13 5.412045944234525111e-12 6.583037239546960822e-12 2.890920814786636627e-13 1.200792252014874912e-12 -5.352795366352750940e-12 3.478562782164853541e-12 1.296502695672217533e-11 -1.113031804382839319e-11
1.020581380456003657e-11 1.717618476284904432e-11 3.943460001347385373e-11 1.512214867012827675e-11 8.394009393043980292e-12 5.004207114227694027e-12 3.732552424327976004e-12 2.909512800174650412e-12 2.295198321974123637e-12 2.020073997457847575e-12 -5.490085920693980010e-13 2.403633004039179520e-12 3.687756501702670945e-12 1.846625478415589492e-12 -7.623304667868870601e-13 -3.794541252076557784e-12 -4.693112145810663424e-12 -6.558432291710437027e-12 -1.574123937732809956e-12 2.853262581063494175e-12 -3.183994524133307613e-12 -5.919086202905432928e-12 -1.101037167973421498e-12 1.217247651264272042e-11 6.957126488441980452e-12 -8.527771190952900679e-12
4.495003084034259744e-12 6.401842479317241336e-12 1.512214867012827675e-11 3.165559279912886170e-11 1.324704839908512862e-11 6.317705964066634681e-12 4.830730086655507165e-12 2.931377587800152458e-12 4.876524687386392504e-13 1.230932418800936402e-13 -3.512102532047263974e-12 -3.140783481898952738e-12 -3.935042077223529087e-12 -4.492269116542752847e-12 -5.197833195751488198e-12 -5.220575583178617672e-12 -5.081463012191916582e-12 -7.615721665720485883e-12 -7.257847887613155531e-12 -6.481057625878309598e-12 -8.141511801960951942e-12 -8.242216499340472491e-12 1.846552721524063474e-12 1.009903166023929013e-11 4.076765397283896393e-13 -9.802625490413982032e-13
1.432758401839630630e-12 2.826637091886622491e-12 8.394009393043980292e-12 1.324704839908512862e-11 2.575004535124689426e-11 9.781941242424258417e-12 5.680751854950861214e-12 2.825754636341605044e-12 1.910317293707061466e-12 2.618044758247025781e-12 1.127696311433906789e-12 2.237322002021163266e-12 1.633490354080555208e-12 1.761299909794581535e-12 1.124174798659081045e-12 3.199732250533975605e-12 5.679855358686261311e-12 6.327953557415672113e-12 1.152544558249226897e-11 1.533556163805981333e-11 1.229611269501225978e-11 5.666232570717067655e-12 5.206155189382798532e-12 7.243732620158889290e-12 -3.817730998158875592e-13 -4.612467303619282010e-12
2.252433044113980741e-12 2.827431809234075701e-12 5.004207114227694027e-12 6.317705964066634681e-12 9.781941242424258417e-12 1.971892811895691086e-11 1.271399595078315933e-11 9.392866179328794832e-12 6.517831581506023517e-12 7.388866709304741364e-12 5.496490591337524389e-12 5.226902016305791581e-12 5.001048699041479462e-12 2.457214479653657891e-12 3.486278526782649265e-12 6.090689703549734123e-12 7.618406491065384356e-12 8.007961853956743736e-12 1.256582158826370134e-11 1.614722494096908720e-11 2.105695761649879364e-11 1.986054335571791347e-11 1.018786201638548274e-11 -2.523026539237442818e-12 -2.716505427027834067e-13 -8.050573522553204303e-12
2.901834166876133544e-12 4.177286572176417674e-12 3.732552424327976004e-12 4.830730086655507165e-12 5.680751854950861214e-12 1.271399595078315933e-11 2.273315598827997007e-11 1.759067499779158232e-11 1.272444061583744254e-11 1.129986930280271369e-11 9.532185333913558255e-12 8.185445500707957401e-12 7.966806233900439056e-12 7.712193385371992263e-12 9.593832121522604337e-12 1.258190469398826883e-11 1.598763018810167566e-11 1.804153887526097270e-11 2.076381549353922515e-11 2.035822012555688050e-11 1.571520362661538155e-11 6.751380130145459559e-12 1.938480456734290112e-12 -2.631050029725662843e-12 8.206715608280358112e-12 7.886877636075335545e-12
6.632220479259650230e-12 3.541776841916636442e-12 2.909512800174650412e-12 2.931377587800152458e-12 2.825754636341605044e-12 9.392866179328794832e-12 1.759067499779158232e-11 2.822010980517949731e-11 2.044654908665190867e-11 1.616266512468657473e-11 1.361008862349462724e-11 1.065709720416861375e-11 1.053278151642257361e-11 1.145230417055795728e-11 1.273217011339955682e-11 1.456598149965092792e-11 1.873630704047019805e-11 2.198472375598581757e-11 2.528133677803379390e-11 2.544714675612465772e-11 2.026700977780133920e-11 5.346951799059659000e-12 -2.977092093231610582e-12 -5.609434635053068190e-12 1.404709751513029740e-11 1.051251579708733320e-11
2.462413614578052860e-12 1.234278884413773212e-12 2.295198321974123637e-12 4.876524687386392504e-13 1.910317293707061466e-12 6.517831581506023517e-12 1.272444061583744254e-11 2.044654908665190867e-11 2.875984036713365634e-11 2.446944489303114550e-11 2.074944499047670732e-11 1.960603995335069611e-11 2.029311090214267028e-11 2.267278971565404957e-11 2.524633039885992999e-11 2.745275043185951152e-11 3.152884777849013797e-11 3.615693199000614666e-11 4.360817218184631625e-11 4.920538657591649094e-11 5.219598845136568886e-11 3.481414747608902003e-11 2.244916262147327137e-11 9.164230967879966315e-12 8.829002240516242737e-12 8.439227215042678668e-12
4.906628113087625176e-12 2.449747351348985997e-12 2.020073997457847575e-12 1.230932418800936402e-13 2.618044758247025781e-12 7.388866709304741364e-12 1.129986930280271369e-11 1.616266512468657473e-11 2.446944489303114550e-11 3.266143284180350460e-11 2.870888612001460128e-11 2.636025594792009059e-11 2.707421445821020192e-11 2.935604664154310574e-11 3.207337063994021496e-11 3.463378737868094776e-11 3.886691917790596312e-11 4.293598106316681621e-11 4.811079304667222631e-11 5.334452205164356077e-11 5.529173110600592391e-11 4.111095444329501045e-11 3.383176233203846989e-11 2.506246558369364664e-11 1.636317005050172227e-11 -5.129215696012978917e-13
1.115402569155395787e-12 -6.272637800277943551e-13 -5.490085920693980010e-13 -3.512102532047263974e-12 1.127696311433906789e-12 5.496490591337524389e-12 9.532185333913558255e-12 1.361008862349462724e-11 2.074944499047670732e-11 2.870888612001460128e-11 3.707301141928291230e-11 3.640478942786610296e-11 3.589150836084062669e-11 3.948216569270426247e-11 4.182836932001310321e-11 4.372679516360626831e-11 4.866295875125557632e-11 5.355552500607207645e-11 5.746258573365180532e-11 6.268584654676635746e-11 6.101007632683276968e-11 4.050866758819269865e-11 2.868718781045401057e-11 2.007754654231758332e-11 1.793588437015453249e-11 -9.176087084957764861e-12
3.124619747331500324e-12 1.036433741872837190e-12 2.403633004039179520e-12 -3.140783481898952738e-12 2.237322002021163266e-12 5.226902016305791581e-12 8.185445500707957401e-12 1.065709720416861375e-11 1.960603995335069611e-11 2.636025594792009059e-11 3.640478942786610296e-11 5.165947265003937844e-11 5.455860769418994577e-11 5.791912008270714765e-11 6.087717110958536835e-11 6.333596162912666391e-11 6.928476580732895940e-11 7.498292383629875032e-11 8.042543075500456647e-11 8.700898862823147681e-11 8.204717915703298571e-11 5.042657870709354535e-11 3.911548154681504499e-11 2.405955059808884559e-11 3.296780063945102352e-12 -2.044164007476754949e-11
5.748847527342813663e-12 1.752142733456896271e-12 3.687756501702670945e-12 -3.935042077223529087e-12 1.633490354080555208e-12 5.001048699041479462e-12 7.966806233900439056e-12 1.053278151642257361e-11 2.029311090214267028e-11 2.707421445821020192e-11 3.589150836084062669e-11 5.455860769418994577e-11 7.292494007222914013e-11 8.058819553587632091e-11 8.473948470086864244e-11 8.867646254177364946e-11 9.563920991665360618e-11 1.034701548895513919e-10 1.118716485746079582e-10 1.220135246410275375e-10 1.124920818179542626e-10 6.061028984609380327e-11 3.915198222899685737e-11 2.422592360242524417e-11 1.255065953658921871e-11 -1.364046405915707410e-11
4.465786662203778655e-12 3.591778409646624585e-13 1.846625478415589492e-12 -4.492269116542752847e-12 1.761299909794581535e-12 2.457214479653657891e-12 7.712193385371992263e-12 1.145230417055795728e-11 2.267278971565404957e-11 2.935604664154310574e-11 3.948216569270426247e-11 5.791912008270714765e-11 8.058819553587632091e-11 1.096242775925489050e-10 1.205460835420321012e-10 1.289133755453906160e-10 1.391674569739502422e-10 1.539438269042469482e-10 1.670809699854278280e-10 1.769546692565315531e-10 1.548194593839437324e-10 6.814638025832603292e-11 1.775385914089445070e-11 2.824098822336077541e-13 8.915114618345145988e-12 -6.768298701582195174e-12
3.275464177884031290e-12 -7.439085812018690306e-13 -7.623304667868870601e-13 -5.197833195751488198e-12 1.124174798659081045e-12 3.486278526782649265e-12 9.593832121522604337e-12 1.273217011339955682e-11 2.524633039885992999e-11 3.207337063994021496e-11 4.182836932001310321e-11 6.087717110958536835e-11 8.473948470086864244e-11 1.205460835420321012e-10 1.576325343508446292e-10 1.798462040339732746e-10 1.998829134300501215e-10 2.215028333895364479e-10 2.398172154513077326e-10 2.535516031182644362e-10 2.325410629772176676e-10 1.193593665160655226e-10 4.143314999516376113e-11 -2.918889729348166714e-12 -6.135547112775018563e-12 -2.892336797196732103e-12
2.395084355103890188e-12 9.425794275799909513e-13 -3.794541252076557784e-12 -5.220575583178617672e-12 3.199732250533975605e-12 6.090689703549734123e-12 1.258190469398826883e-11 1.456598149965092792e-11 2.745275043185951152e-11 3.463378737868094776e-11 4.372679516360626831e-11 6.333596162912666391e-11 8.867646254177364946e-11 1.289133755453906160e-10 1.798462040339732746e-10 2.306037873770863920e-10 2.718030674262305316e-10 3.064270512680055677e-10 3.313714623732327774e-10 3.494473695894422279e-10 3.288833717265628994e-10 1.758424564421964152e-10 5.898572042048708539e-11 -5.616278018692534619e-12 -1.239752990276376181e-11 -1.291858201098026002e-11
2.763270793177805134e-12 1.508338302430848996e-12 -4.693112145810663424e-12 -5.081463012191916582e-12 5.679855358686261311e-12 7.618406491065384356e-12 1.598763018810167566e-11 1.873630704047019805e-11 3.152884777849013797e-11 3.886691917790596312e-11 4.866295875125557632e-11 6.928476580732895940e-11 9.563920991665360618e-11 1.391674569739502422e-10 1.998829134300501215e-10 2.718030674262305316e-10 3.562584699354918303e-10 4.221991639766159745e-10 4.647747501574773041e-10 4.964306951268065866e-10 4.730530844888529700e-10 2.621913059823965812e-10 8.455972199941521989e-11 -5.964406651492259384e-12 -2.054893961037374765e-11 -3.551481394365062348e-11
6.170392120252462244e-12 2.086123079231195046e-13 -6.558432291710437027e-12 -7.615721665720485883e-12 6.327953557415672113e-12 8.007961853956743736e-12 1.804153887526097270e-11 2.198472375598581757e-11 3.615693199000614666e-11 4.293598106316681621e-11 5.355552500607207645e-11 7.498292383629875032e-11 1.034701548895513919e-10 1.539438269042469482e-10 2.215028333895364479e-10 3.064270512680055677e-10 4.221991639766159745e-10 5.536026423136543706e-10 6.431364862077085825e-10 7.057190796175897038e-10 6.878731784783445228e-10 4.281067324272053721e-10 1.654221443814407743e-10 1.560696571819045578e-11 -3.952329272839524327e-11 -7.831754349296252943e-11
5.514796478727468370e-12 5.412045944234525111e-12 -1.574123937732809956e-12 -7.257847887613155531e-12 1.152544558249226897e-11 1.256582158826370134e-11 2.076381549353922515e-11 2.528133677803379390e-11 4.360817218184631625e-11 4.811079304667222631e-11 5.746258573365180532e-11 8.042543075500456647e-11 1.118716485746079582e-10 1.670809699854278280e-10 2.398172154513077326e-10 3.313714623732327774e-10 4.647747501574773041e-10 6.431364862077085825e-10 8.253105328644344375e-10 9.675612261108610603e-10 9.903844042432150678e-10 7.043620248225479003e-10 3.215964324278898953e-10 5.526674615839363185e-11 -4.489054187377139421e-11 -1.023971508028197293e-10
-1.984897403096892135e-13 6.583037239546960822e-12 2.853262581063494175e-12 -6.481057625878309598e-12 1.533556163805981333e-11 1.614722494096908720e-11 2.035822012555688050e-11 2.544714675612465772e-11 4.920538657591649094e-11 5.334452205164356077e-11 6.268584654676635746e-11 8.700898862823147681e-11 1.220135246410275375e-10 1.769546692565315531e-10 2.535516031182644362e-10 3.494473695894422279e-10 4.964306951268065866e-10 7.057190796175897038e-10 9.675612261108610603e-10 1.250287005120037377e-09 1.380251032909290480e-09 1.110123493167109465e-09 5.952085208521184318e-10 1.277374614357595652e-10 -4.860393372017249055e-11 -1.398283604992420477e-10
-1.427205217949678403e-11 2.890920814786636627e-13 -3.183994524133307613e-12 -8.141511801960951942e-12 1.229611269501225978e-11 2.105695761649879364e-11 1.571520362661538155e-11 2.026700977780133920e-11 5.219598845136568886e-11 5.529173110600592391e-11 6.101007632683276968e-11 8.204717915703298571e-11 1.124920818179542626e-10 1.548194593839437324e-10 2.325410629772176676e-10 3.288833717265628994e-10 4.730530844888529700e-10 6.878731784783445228e-10 9.903844042432150678e-10 1.380251032909290480e-09 1.691491376362181120e-09 1.546106556526500410e-09 9.641736539005496191e-10 2.361550892040575381e-10 -7.976645703221801566e-11 -1.958880203168954025e-10
-1.556230501514206628e-11 1.200792252014874912e-12 -5.919086202905432928e-12 -8.242216499340472491e-12 5.666232570717067655e-12 1.986054335571791347e-11 6.751380130145459559e-12 5.346951799059659000e-12 3.481414747608902003e-11 4.111095444329501045e-11 4.050866758819269865e-11 5.042657870709354535e-11 6.061028984609380327e-11 6.814638025832603292e-11 1.193593665160655226e-10 1.758424564421964152e-10 2.621913059823965812e-10 4.281067324272053721e-10 7.043620248225479003e-10 1.110123493167109465e-09 1.546106556526500410e-09 1.758149608074869363e-09 1.378608683653236115e-09 5.096765279660255244e-10 -6.602062566868456195e-11 -2.133473271540804644e-10
-1.826154307710806970e-11 -5.352795366352750940e-12 -1.101037167973421498e-12 1.846552721524063474e-12 5.206155189382798532e-12 1.018786201638548274e-11 1.938480456734290112e-12 -2.977092093231610582e-12 2.244916262147327137e-11 3.383176233203846989e-11 2.868718781045401057e-11 3.911548154681504499e-11 3.915198222899685737e-11 1.775385914089445070e-11 4.143314999516376113e-11 5.898572042048708539e-11 8.455972199941521989e-11 1.654221443814407743e-10 3.215964324278898953e-10 5.952085208521184318e-10 9.641736539005496191e-10 1.378608683653236115e-09 1.538451269758131012e-09 9.685090584857136935e-10 9.057785288591423566e-11 -1.629394363387677542e-10
-9.604994273072373010e-12 3.478562782164853541e-12 1.217247651264272042e-11 1.009903166023929013e-11 7.243732620158889290e-12 -2.523026539237442818e-12 -2.631050029725662843e-12 -5.609434635053068190e-12 9.164230967879966315e-12 2.506246558369364664e-11 2.007754654231758332e-11 2.405955059808884559e-11 2.422592360242524417e-11 2.824098822336077541e-13 -2.918889729348166714e-12 -5.616278018692534619e-12 -5.964406651492259384e-12 1.560696571819045578e-11 5.526674615839363185e-11 1.277374614357595652e-10 2.361550892040575381e-10 5.096765279660255244e-10 9.685090584857136935e-10 1.147189655961353919e-09 4.980196411941575871e-10 -1.216112573211056517e-11
3.567117966037271773e-12 1.296502695672217533e-11 6.957126488441980452e-12 4.076765397283896393e-13 -3.817730998158875592e-13 -2.716505427027834067e-13 8.206715608280358112e-12 1.404709751513029740e-11 8.829002240516242737e-12 1.636317005050172227e-11 1.793588437015453249e-11 3.296780063945102352e-12 1.255065953658921871e-11 8.915114618345145988e-12 -6.135547112775018563e-12 -1.239752990276376181e-11 -2.054893961037374765e-11 -3.952329272839524327e-11 -4.489054187377139421e-11 -4.860393372017249055e-11 -7.976645703221801566e-11 -6.602062566868456195e-11 9.057785288591423566e-11 4.980196411941575871e-10 9.582897995890965262e-10 5.060583781742818264e-10
-1.976847574130043867e-11 -1.113031804382839319e-11 -8.527771190952900679e-12 -9.802625490413982032e-13 -4.612467303619282010e-12 -8.050573522553204303e-12 7.886877636075335545e-12 1.051251579708733320e-11 8.439227215042678668e-12 -5.129215696012978917e-13 -9.176087084957764861e-12 -2.044164007476754949e-11 -1.364046405915707410e-11 -6.768298701582195174e-12 -2.892336797196732103e-12 -1.291858201098026002e-11 -3.551481394365062348e-11 -7.831754349296252943e-11 -1.023971508028197293e-10 -1.398283604992420477e-10 -1.958880203168954025e-10 -2.133473271540804644e-10 -1.629394363387677542e-10 -1.216112573211056517e-11 5.060583781742818264e-10 9.891252686561661998e-10
