5.604500755106443757e-11 1.302612532886830618e-11 5.302969042442512223e-12 8.168433340627931251e-13 9.743758566358607375e-13 6.587223735247672024e-13 -1.234696882561740427e-13 -1.953883901887728324e-12 -1.197832301106150577e-12 -1.950903027540443142e-12 -9.344467464242650856e-13 -3.383372179572328880e-12 -7.475105420946565216e-12 -5.793457960748322944e-12 -1.087343693806859177e-12 1.764765130869256578e-12 3.168707037683136133e-12 7.800608306975597594e-13 -5.757742899644653749e-12 -6.806672664996548257e-12 -3.452533736811787516e-12 3.482479990715415339e-12 1.202585093940365181e-11 1.271939060533551643e-11 8.309813033424992301e-12 -3.017797877377579119e-13
1.302612532886830618e-11 4.641676415462195668e-11 1.080634247128430993e-11 5.089046477637073598e-12 5.280587408246353290e-12 4.545840428781973348e-12 3.938845062062181441e-12 7.247357486671676453e-13 -8.885009049916708991e-13 -5.107410389147214843e-13 -1.339559997510710815e-12 4.160866985128651805e-13 -1.728847890481065064e-12 -3.588543874642833458e-12 -2.801476742342591196e-12 -1.677805839275831685e-12 -9.771421720979206880e-13 -3.418842263808093338e-12 -7.682111158059810525e-12 -1.100321620282589562e-11 -9.767991428463820711e-12 -8.340697418229558918e-13 -9.836467198868257372e-13 -8.141301122919625106e-13 -4.592767999057578431e-12 -5.404498899486012681e-12
5.302969042442512223e-12 1.080634247128430993e-11 3.243166937362255982e-11 1.163764328435410123e-11 4.789795932567715196e-12 4.545807577120793961e-12 4.058479487554265145e-12 1.437433363211519505e-12 8.711271722941605761e-13 1.184340829251347923e-12 6.249605204327183046e-13 -1.335426907296752462e-13 -2.668906088292576703e-12 -2.708173636123957829e-12 -3.584173684062282785e-12 -2.038460683973654098e-12 -1.391567947778320228e-12 -3.818772683532924006e-12 -4.574432198345022817e-12 -2.823854707294246880e-12 -1.048881211997554989e-12 -1.646894810836739732e-12 -4.517617236128931081e-12 -6.619737283914505131e-12 3.588237729771800143e-12 7.966325756799920231e-12
8.168433340627931251e-13 5.089046477637073598e-12 1.163764328435410123e-11 2.709136770362295232e-11 1.083870125498713145e-11 8.733391640167404177e-12 6.167590840609830401e-12 2.671673019166467657e-12 2.241276560877018276e-12 1.371810325862690989e-12 1.217831770964967419e-12 4.935032426146246563e-13 -1.668708842496671859e-14 2.138395785335155496e-12 3.618492980669140857e-12 3.825500371034035722e-12 4.543565024274555485e-12 3.894326557394767338e-12 6.028114458205174862e-12 8.959384998730320771e-12 1.269629707910440826e-11 1.132014601311800661e-11 8.248252842537071649e-12 7.730511424560155554e-12 1.317011318717171040e-11 6.649389859627996323e-12
9.743758566358607375e-13 5.280587408246353290e-12 4.789795932567715196e-12 1.083870125498713145e-11 2.540360956600003703e-11 1.273317957006496961e-11 8.689786911302231677e-12 4.506617593896440110e-12 3.074933296767160861e-12 1.789046367360888758e-12 1.695928664578953942e-12 1.450824860242850746e-12 -4.050874084495651587e-14 -1.718311290078509289e-12 -6.031752190020449490e-13 -1.731418691912234659e-12 -1.212988144483423853e-12 -3.474524184405440604e-12 -3.222452229820782295e-12 -1.170142889125996716e-12 -7.118907126600840016e-13 1.687944930957075669e-12 -1.735222405994184982e-13 -6.800854368232646937e-12 -3.438262021559010128e-12 8.757378295723370633e-12
6.587223735247672024e-13 4.545840428781973348e-12 4.545807577120793961e-12 8.733391640167404177e-12 1.273317957006496961e-11 2.109917883706441338e-11 1.280373486624099944e-11 8.529655584071837703e-12 6.672360217757189778e-12 4.111440490818580739e-12 2.413557857984585871e-12 2.398845732633724310e-12 2.274181991730810573e-12 3.582016069465376703e-13 -1.019037779989277311e-13 6.722103213674247341e-13 1.798783403700242704e-12 -1.383543852582931422e-12 -1.906974733388642361e-12 5.911200158426441423e-13 6.530602882670272655e-13 2.677496065262933092e-12 2.913798240071194561e-12 -1.600947580455479669e-12 6.115894810622457787e-13 3.795135287312919886e-12
-1.234696882561740427e-13 3.938845062062181441e-12 4.058479487554265145e-12 6.167590840609830401e-12 8.689786911302231677e-12 1.280373486624099944e-11 1.913386951673580295e-11 1.277197028324345167e-11 9.505908065273398386e-12 6.663819937512987440e-12 4.270382551052285703e-12 3.121040964442133188e-12 1.566296338273853319e-12 3.874466542919039189e-13 1.087035423707893361e-12 3.050238760853737540e-12 4.910540797113413760e-12 3.564866214448235081e-12 3.469646920653799702e-12 5.149607424157283936e-12 5.496618543739933505e-12 3.762056643752625438e-12 4.712290560939070834e-13 -4.095687980972665218e-12 1.655059534966501843e-12 7.906973909790167036e-13
-1.953883901887728324e-12 7.247357486671676453e-13 1.437433363211519505e-12 2.671673019166467657e-12 4.506617593896440110e-12 8.529655584071837703e-12 1.277197028324345167e-11 1.976626922114845068e-11 1.435019786808638523e-11 1.107772454360396685e-11 8.408455457746218571e-12 7.625684906431502815e-12 5.698415141542398824e-12 5.223973881118133782e-12 5.905035517676124167e-12 8.835834905203142077e-12 1.061867830623023791e-11 9.782409826134100179e-12 1.009594872917131601e-11 1.112306998782875560e-11 9.134056490146885416e-12 2.816485361879173886e-12 -4.240604829711092354e-12 -9.417742912701950291e-12 -5.743668130642536242e-12 -7.517161115648093594e-12
-1.197832301106150577e-12 -8.885009049916708991e-13 8.711271722941605761e-13 2.241276560877018276e-12 3.074933296767160861e-12 6.672360217757189778e-12 9.505908065273398386e-12 1.435019786808638523e-11 2.163884650975419661e-11 1.641945953768943580e-11 1.206272466767505394e-11 1.025717718100491130e-11 7.590082022905944886e-12 7.067307553960753528e-12 6.629461268965451501e-12 7.157725735253137945e-12 1.058986025546960822e-11 8.918097233663494876e-12 8.865728026545524875e-12 9.637610125262947548e-12 6.350277421918988504e-12 7.548593486088251941e-13 -3.234781527448815240e-13 -4.222213707572813623e-12 -6.652042741983154496e-12 -8.425040414480581842e-12
-1.950903027540443142e-12 -5.107410389147214843e-13 1.184340829251347923e-12 1.371810325862690989e-12 1.789046367360888758e-12 4.111440490818580739e-12 6.663819937512987440e-12 1.107772454360396685e-11 1.641945953768943580e-11 2.145926582918325079e-11 1.698227290869520562e-11 1.257647612587283138e-11 1.016718100953405473e-11 8.806994774029202726e-12 6.835802640134337527e-12 7.760267771851501323e-12 9.484422008724059890e-12 7.346953667741959465e-12 7.133928710953491071e-12 7.480631659477834597e-12 6.141956496095209315e-12 5.561388181600923049e-13 -1.349234180225120684e-12 -6.709138480252188706e-12 -6.146022072931005289e-12 -1.245914989209748016e-11
-9.344467464242650856e-13 -1.339559997510710815e-12 6.249605204327183046e-13 1.217831770964967419e-12 1.695928664578953942e-12 2.413557857984585871e-12 4.270382551052285703e-12 8.408455457746218571e-12 1.206272466767505394e-11 1.698227290869520562e-11 2.301340859112882698e-11 1.959025296325957208e-11 1.562920590430419459e-11 1.352279228836940932e-11 1.179982194502144669e-11 1.144230830625104526e-11 1.190120846026208371e-11 1.175651104793954859e-11 1.152285473379866547e-11 1.174064617526575628e-11 7.927326424392094007e-12 -3.071399223991729009e-12 -8.197179200995802630e-12 -1.197378318401079559e-11 -8.141659100485647260e-12 -9.078815892742069250e-12
-3.383372179572328880e-12 4.160866985128651805e-13 -1.335426907296752462e-13 4.935032426146246563e-13 1.450824860242850746e-12 2.398845732633724310e-12 3.121040964442133188e-12 7.625684906431502815e-12 1.025717718100491130e-11 1.257647612587283138e-11 1.959025296325957208e-11 2.778348216105710288e-11 2.589814399618941523e-11 2.290875911091132583e-11 2.030803996527004162e-11 1.856927594575505521e-11 1.830390823131731798e-11 1.737643743020654291e-11 1.655315278937739949e-11 1.813114584962005305e-11 1.148294970885613520e-11 -2.912102350431460139e-12 -4.507971710177787370e-12 -6.980594727005565378e-12 -8.317520309300484438e-12 -5.826511108375050836e-12
-7.475105420946565216e-12 -1.728847890481065064e-12 -2.668906088292576703e-12 -1.668708842496671859e-14 -4.050874084495651587e-14 2.274181991730810573e-12 1.566296338273853319e-12 5.698415141542398824e-12 7.590082022905944886e-12 1.016718100953405473e-11 1.562920590430419459e-11 2.589814399618941523e-11 3.632474121557815077e-11 3.476899451482820549e-11 3.153281310664696994e-11 2.924764861388647112e-11 2.803466565212295828e-11 2.817449674915623468e-11 2.804657982573385312e-11 2.853759850142620057e-11 1.769053934675053274e-11 -5.133235366223550089e-12 -5.489369146981755652e-12 -2.069374620210695683e-12 -8.615692931136795700e-12 -8.064253802382537716e-12
-5.793457960748322944e-12 -3.588543874642833458e-12 -2.708173636123957829e-12 2.138395785335155496e-12 -1.718311290078509289e-12 3.582016069465376703e-13 3.874466542919039189e-13 5.223973881118133782e-12 7.067307553960753528e-12 8.806994774029202726e-12 1.352279228836940932e-11 2.290875911091132583e-11 3.476899451482820549e-11 4.647147066733323659e-11 4.763096727265423028e-11 4.688820108516591593e-11 4.603839178549148381e-11 4.646508909747160064e-11 4.769532942654244159e-11 4.892787880680280711e-11 3.562238172152812234e-11 -3.191252591530984146e-13 -6.609027031895971376e-12 -1.914162139146770406e-12 -7.042854932589038041e-12 -4.519946191869639910e-12
-1.087343693806859177e-12 -2.801476742342591196e-12 -3.584173684062282785e-12 3.618492980669140857e-12 -6.031752190020449490e-13 -1.019037779989277311e-13 1.087035423707893361e-12 5.905035517676124167e-12 6.629461268965451501e-12 6.835802640134337527e-12 1.179982194502144669e-11 2.030803996527004162e-11 3.153281310664696994e-11 4.763096727265423028e-11 6.424103515398237130e-11 6.804101818404630139e-11 6.827192652805708536e-11 6.912482942767868354e-11 7.083710005950789424e-11 7.554300501606053996e-11 6.211917638564686926e-11 1.311572405384785770e-11 -3.783157933017513742e-12 -3.494059856733977273e-12 -4.246582021111069545e-12 -3.371811736899435110e-12
1.764765130869256578e-12 -1.677805839275831685e-12 -2.038460683973654098e-12 3.825500371034035722e-12 -1.731418691912234659e-12 6.722103213674247341e-13 3.050238760853737540e-12 8.835834905203142077e-12 7.157725735253137945e-12 7.760267771851501323e-12 1.144230830625104526e-11 1.856927594575505521e-11 2.924764861388647112e-11 4.688820108516591593e-11 6.804101818404630139e-11 8.813226160060816884e-11 9.501752199467819415e-11 9.892941561383928723e-11 1.032315108582021807e-10 1.119510489929355446e-10 1.006550846366427480e-10 3.994475992152115651e-11 6.240612986902759957e-12 8.540774609646760237e-13 -5.126408938634808958e-12 -8.321539458744129676e-12
3.168707037683136133e-12 -9.771421720979206880e-13 -1.391567947778320228e-12 4.543565024274555485e-12 -1.212988144483423853e-12 1.798783403700242704e-12 4.910540797113413760e-12 1.061867830623023791e-11 1.058986025546960822e-11 9.484422008724059890e-12 1.190120846026208371e-11 1.830390823131731798e-11 2.803466565212295828e-11 4.603839178549148381e-11 6.827192652805708536e-11 9.501752199467819415e-11 1.194188708724424300e-10 1.290650479890187227e-10 1.361599147547023367e-10 1.487213283578120914e-10 1.377566606303567424e-10 6.700940403315182365e-11 1.542154086584316095e-11 5.815119643452523921e-12 -7.008314139462819640e-12 -1.286294495105819518e-11
7.800608306975597594e-13 -3.418842263808093338e-12 -3.818772683532924006e-12 3.894326557394767338e-12 -3.474524184405440604e-12 -1.383543852582931422e-12 3.564866214448235081e-12 9.782409826134100179e-12 8.918097233663494876e-12 7.346953667741959465e-12 1.175651104793954859e-11 1.737643743020654291e-11 2.817449674915623468e-11 4.646508909747160064e-11 6.912482942767868354e-11 9.892941561383928723e-11 1.290650479890187227e-10 1.604590877323383103e-10 1.776229985505548608e-10 1.935965164538686909e-10 1.831423037883827578e-10 1.022170941940446936e-10 2.627443479798157702e-11 9.970249332514788711e-12 -1.018368054669488273e-11 -1.542588562515773716e-11
-5.757742899644653749e-12 -7.682111158059810525e-12 -4.574432198345022817e-12 6.028114458205174862e-12 -3.222452229820782295e-12 -1.906974733388642361e-12 3.469646920653799702e-12 1.009594872917131601e-11 8.865728026545524875e-12 7.133928710953491071e-12 1.152285473379866547e-11 1.655315278937739949e-11 2.804657982573385312e-11 4.769532942654244159e-11 7.083710005950789424e-11 1.032315108582021807e-10 1.361599147547023367e-10 1.776229985505548608e-10 2.212260725657390669e-10 2.513623062283637051e-10 2.453522882376473490e-10 1.580028526689247172e-10 5.320194755487021580e-11 2.058047376350071729e-11 -6.791503991444309141e-12 -1.679757820815870591e-11
-6.806672664996548257e-12 -1.100321620282589562e-11 -2.823854707294246880e-12 8.959384998730320771e-12 -1.170142889125996716e-12 5.911200158426441423e-13 5.149607424157283936e-12 1.112306998782875560e-11 9.637610125262947548e-12 7.480631659477834597e-12 1.174064617526575628e-11 1.813114584962005305e-11 2.853759850142620057e-11 4.892787880680280711e-11 7.554300501606053996e-11 1.119510489929355446e-10 1.487213283578120914e-10 1.935965164538686909e-10 2.513623062283637051e-10 3.262125983555778722e-10 3.448565007612177224e-10 2.566275728706149270e-10 1.196185810079144879e-10 4.081644384298155497e-11 1.783377354958947677e-12 -1.401600400220335464e-11
-3.452533736811787516e-12 -9.767991428463820711e-12 -1.048881211997554989e-12 1.269629707910440826e-11 -7.118907126600840016e-13 6.530602882670272655e-13 5.496618543739933505e-12 9.134056490146885416e-12 6.350277421918988504e-12 6.141956496095209315e-12 7.927326424392094007e-12 1.148294970885613520e-11 1.769053934675053274e-11 3.562238172152812234e-11 6.211917638564686926e-11 1.006550846366427480e-10 1.377566606303567424e-10 1.831423037883827578e-10 2.453522882376473490e-10 3.448565007612177224e-10 4.373009646924100841e-10 3.950303716413959174e-10 2.417001130876475507e-10 7.497798578750881310e-11 -3.471850387678949313e-13 -1.701059654149089468e-11
3.482479990715415339e-12 -8.340697418229558918e-13 -1.646894810836739732e-12 1.132014601311800661e-11 1.687944930957075669e-12 2.677496065262933092e-12 3.762056643752625438e-12 2.816485361879173886e-12 7.548593486088251941e-13 5.561388181600923049e-13 -3.071399223991729009e-12 -2.912102350431460139e-12 -5.133235366223550089e-12 -3.191252591530984146e-13 1.311572405384785770e-11 3.994475992152115651e-11 6.700940403315182365e-11 1.022170941940446936e-10 1.580028526689247172e-10 2.566275728706149270e-10 3.950303716413959174e-10 4.864651825183525230e-10 3.912235087350208563e-10 1.581595323919243403e-10 1.228373144468207910e-11 -9.232152880835209558e-12
1.202585093940365181e-11 -9.836467198868257372e-13 -4.517617236128931081e-12 8.248252842537071649e-12 -1.735222405994184982e-13 2.913798240071194561e-12 4.712290560939070834e-13 -4.240604829711092354e-12 -3.234781527448815240e-13 -1.349234180225120684e-12 -8.197179200995802630e-12 -4.507971710177787370e-12 -5.489369146981755652e-12 -6.609027031895971376e-12 -3.783157933017513742e-12 6.240612986902759957e-12 1.542154086584316095e-11 2.627443479798157702e-11 5.320194755487021580e-11 1.196185810079144879e-10 2.417001130876475507e-10 3.912235087350208563e-10 4.570036051927598163e-10 2.881667756371965140e-10 6.927384348042112200e-11 1.568785447051389843e-11
1.271939060533551643e-11 -8.141301122919625106e-13 -6.619737283914505131e-12 7.730511424560155554e-12 -6.800854368232646937e-12 -1.600947580455479669e-12 -4.095687980972665218e-12 -9.417742912701950291e-12 -4.222213707572813623e-12 -6.709138480252188706e-12 -1.197378318401079559e-11 -6.980594727005565378e-12 -2.069374620210695683e-12 -1.914162139146770406e-12 -3.494059856733977273e-12 8.540774609646760237e-13 5.815119643452523921e-12 9.970249332514788711e-12 2.058047376350071729e-11 4.081644384298155497e-11 7.497798578750881310e-11 1.581595323919243403e-10 2.881667756371965140e-10 3.612635797590734363e-10 2.047874208914819707e-10 4.655343058838297836e-11
8.309813033424992301e-12 -4.592767999057578431e-12 3.588237729771800143e-12 1.317011318717171040e-11 -3.438262021559010128e-12 6.115894810622457787e-13 1.655059534966501843e-12 -5.743668130642536242e-12 -6.652042741983154496e-12 -6.146022072931005289e-12 -8.141659100485647260e-12 -8.317520309300484438e-12 -8.615692931136795700e-12 -7.042854932589038041e-12 -4.246582021111069545e-12 -5.126408938634808958e-12 -7.008314139462819640e-12 -1.018368054669488273e-11 -6.791503991444309141e-12 1.783377354958947677e-12 -3.471850387678949313e-13 1.228373144468207910e-11 6.927384348042112200e-11 2.047874208914819707e-10 3.082786322131173263e-10 1.651514671242769012e-10
-3.017797877377579119e-13 -5.404498899486012681e-12 7.966325756799920231e-12 6.649389859627996323e-12 8.757378295723370633e-12 3.795135287312919886e-12 7.906973909790167036e-13 -7.517161115648093594e-12 -8.425040414480581842e-12 -1.245914989209748016e-11 -9.078815892742069250e-12 -5.826511108375050836e-12 -8.064253802382537716e-12 -4.519946191869639910e-12 -3.371811736899435110e-12 -8.321539458744129676e-12 -1.286294495105819518e-11 -1.542588562515773716e-11 -1.679757820815870591e-11 -1.401600400220335464e-11 -1.701059654149089468e-11 -9.232152880835209558e-12 1.568785447051389843e-11 4.655343058838297836e-11 1.651514671242769012e-10 3.365401449578503220e-10
