7.220937488604707836e-11 2.133630261596718910e-11 1.509071181693314672e-11 9.671710855903172300e-12 1.140825365333391720e-12 4.441429371221487461e-12 3.751358424104828798e-12 7.168936907049299998e-12 4.255745519615685662e-12 4.233987375128380123e-12 3.841335681556532616e-12 2.511502663401952685e-12 1.449708936528021464e-12 3.125351353380770950e-12 5.121947892498268329e-12 6.952258519210012847e-12 7.138165898256860770e-12 9.708852355408128976e-12 5.454173709352806067e-12 2.861435997574431073e-12 4.759328059835756431e-12 5.608619299450317466e-12 2.219211453989022182e-11 3.473237114427855934e-11 1.339902383169616416e-11 -9.089624934858896132e-12
2.133630261596718910e-11 4.853065032223248550e-11 1.352323050022821078e-11 6.776098648630988423e-12 1.908538216179805086e-12 4.655009738584602029e-12 4.094279882827629652e-12 2.107403844844609644e-12 1.980400736207102914e-12 2.647330965366175107e-12 9.697675015799442398e-13 -6.250348100411020950e-13 7.069807287847502485e-13 -5.591593405888580389e-13 -1.556390186084932576e-12 -2.352934469846305629e-12 -4.115540912805977029e-12 -3.536820147025707272e-12 -2.626758230038818959e-12 -4.168889996848058993e-12 -4.673192691193973075e-12 -1.351108658548345482e-12 1.009548768578690664e-11 2.102323813734722132e-11 8.495023419460240821e-12 -9.547929692462777835e-12
1.509071181693314672e-11 1.352323050022821078e-11 3.609179128615143102e-11 1.377038289281706668e-11 4.597449244355489071e-12 6.616386973259852424e-12 4.281530739814637000e-12 3.602606003885574145e-12 2.253548985253860968e-12 3.494375191441339468e-13 -1.162975279745651352e-12 -1.568760350159420557e-12 -2.934152822281908729e-12 -1.815786047063950307e-12 3.715052463566220376e-13 2.142676057401753138e-13 2.992388854863019134e-12 6.983442278601745204e-12 9.994007774875331675e-12 1.200571786255646663e-11 1.216216710415799178e-11 9.471250912634439648e-12 1.068246245141571185e-11 9.532855647128223336e-12 9.723600591051101034e-14 -1.547037422397310824e-11
9.671710855903172300e-12 6.776098648630988423e-12 1.377038289281706668e-11 3.373972814103365075e-11 1.074208638378385339e-11 7.356120872813572680e-12 5.960259586471609778e-12 4.185930458818740909e-12 1.889336206054908702e-12 1.468515387284942381e-12 1.766339571115020319e-13 -1.832746474807846737e-12 -3.011154631475459825e-12 -1.257151620690579930e-12 1.401677328152203573e-12 4.164276830666891075e-12 8.537009416748804185e-12 1.208454817562524797e-11 1.343781485130692400e-11 1.402238948802413251e-11 1.583108164991262034e-11 1.063923934031907417e-11 4.699212809228006848e-12 3.917909523007912747e-12 4.128572159312047821e-13 -1.198403137784071934e-11
1.140825365333391720e-12 1.908538216179805086e-12 4.597449244355489071e-12 1.074208638378385339e-11 2.245597567219835232e-11 1.287000020397452691e-11 9.316384274407660301e-12 5.851314545787579334e-12 4.564767762796067315e-12 2.651910898646348281e-12 2.592445470466735343e-12 2.381004327199787607e-12 1.183170689241300098e-12 1.053278735417672378e-12 3.120172879955625384e-12 4.942506061607071311e-12 8.191719941975243529e-12 1.187436618456112810e-11 1.532582410617968235e-11 1.657223460734788556e-11 1.301824256314756805e-11 4.839930148582368781e-12 -3.709822274640910051e-12 5.521340246101066938e-12 1.277729940604796351e-11 -3.624723979979703726e-13
4.441429371221487461e-12 4.655009738584602029e-12 6.616386973259852424e-12 7.356120872813572680e-12 1.287000020397452691e-11 2.409961795691209597e-11 1.346696237244273394e-11 7.648343487239641364e-12 4.890541436652863556e-12 5.018290062049698356e-12 3.253054891469704940e-12 2.888828483929031262e-12 1.841551441408613365e-12 1.743348288253874618e-12 2.617309913423372905e-12 5.863490106405913398e-12 8.803135254169145458e-12 1.167975622575008413e-11 1.429733094250504791e-11 1.420472001902026783e-11 1.028209910666092910e-11 3.160198246359193618e-12 -6.534342399230059817e-13 2.241502444208380933e-12 3.155534343711066640e-12 1.831177553215970460e-12
3.751358424104828798e-12 4.094279882827629652e-12 4.281530739814637000e-12 5.960259586471609778e-12 9.316384274407660301e-12 1.346696237244273394e-11 1.976231141508030837e-11 1.114791438685651650e-11 8.191689117199205080e-12 6.812483251498596740e-12 5.752993103712544390e-12 4.524315988409357410e-12 2.964392816417006012e-12 2.977751602259095304e-12 3.734904367208482353e-12 4.248421608217538453e-12 5.544734770430238962e-12 7.409129114654764548e-12 1.103966745679344221e-11 1.037065496301154505e-11 9.266212357362145042e-12 2.630601713415260301e-12 1.496320233486675133e-12 1.762497501509912572e-12 -3.096108751742801602e-12 -3.877607519390615897e-12
7.168936907049299998e-12 2.107403844844609644e-12 3.602606003885574145e-12 4.185930458818740909e-12 5.851314545787579334e-12 7.648343487239641364e-12 1.114791438685651650e-11 1.987198420642826602e-11 1.354351455116501979e-11 1.011366535709338617e-11 8.195361853396108938e-12 6.604404503625796554e-12 5.655382800800990412e-12 5.195834904826323504e-12 5.709282245806463057e-12 4.975149166180992683e-12 7.190701892896475349e-12 1.047101819747433660e-11 1.386793468547259662e-11 1.389880717101535205e-11 1.458042727111228499e-11 1.374349537103266075e-11 1.775477987241498701e-11 1.664930719738624767e-11 2.191236496336706520e-12 -8.999491171627420587e-12
4.255745519615685662e-12 1.980400736207102914e-12 2.253548985253860968e-12 1.889336206054908702e-12 4.564767762796067315e-12 4.890541436652863556e-12 8.191689117199205080e-12 1.354351455116501979e-11 2.075529627149417036e-11 1.600061052784204952e-11 1.383547054246917173e-11 1.075299072839126787e-11 1.047616669642133182e-11 1.093185318780767760e-11 1.115093213369557548e-11 1.135710423817315797e-11 1.321826638967501681e-11 1.477812043091491601e-11 1.748165458919979614e-11 1.825912077439162875e-11 1.549430273508820537e-11 7.697762453853617085e-12 1.145351516947932621e-11 1.551167093528145840e-11 5.196126557808825323e-12 -6.012889433400105060e-12
4.233987375128380123e-12 2.647330965366175107e-12 3.494375191441339468e-13 1.468515387284942381e-12 2.651910898646348281e-12 5.018290062049698356e-12 6.812483251498596740e-12 1.011366535709338617e-11 1.600061052784204952e-11 2.491952427557016379e-11 2.092342517598783245e-11 1.538154284569313221e-11 1.572297979480557354e-11 1.578554289885220639e-11 1.564185126167118033e-11 1.646159169679783048e-11 1.766398555225785935e-11 1.960550856564541457e-11 2.025414107168898804e-11 2.254908609889211897e-11 2.240461398558666467e-11 1.284744332148080647e-11 1.753675111336172975e-11 2.007525610142107852e-11 1.258946095059610086e-11 1.467455962102647739e-12
3.841335681556532616e-12 9.697675015799442398e-13 -1.162975279745651352e-12 1.766339571115020319e-13 2.592445470466735343e-12 3.253054891469704940e-12 5.752993103712544390e-12 8.195361853396108938e-12 1.383547054246917173e-11 2.092342517598783245e-11 2.828857328035657079e-11 2.446678540649681826e-11 2.379447216910506519e-11 2.197620141176294695e-11 2.048164613426754363e-11 2.073088032922973879e-11 2.126414531519963251e-11 2.269520131207621536e-11 2.444096831466788170e-11 2.811538345052663746e-11 2.887690336569286243e-11 1.843089627309047862e-11 1.906583114847927773e-11 1.935586994279384522e-11 1.661062910237429529e-11 -1.714672290019633253e-12
2.511502663401952685e-12 -6.250348100411020950e-13 -1.568760350159420557e-12 -1.832746474807846737e-12 2.381004327199787607e-12 2.888828483929031262e-12 4.524315988409357410e-12 6.604404503625796554e-12 1.075299072839126787e-11 1.538154284569313221e-11 2.446678540649681826e-11 3.205933567495075904e-11 3.257513207765285299e-11 2.996646358215636516e-11 2.752116416008869926e-11 2.789837882835297565e-11 2.862621943749639850e-11 3.280022190538526370e-11 3.595120829259202133e-11 4.047780006785028002e-11 3.848286016098924706e-11 1.806456145105287970e-11 1.129447799720956821e-11 8.411851513106842409e-12 1.722083188213929178e-11 1.317606251203992899e-11
1.449708936528021464e-12 7.069807287847502485e-13 -2.934152822281908729e-12 -3.011154631475459825e-12 1.183170689241300098e-12 1.841551441408613365e-12 2.964392816417006012e-12 5.655382800800990412e-12 1.047616669642133182e-11 1.572297979480557354e-11 2.379447216910506519e-11 3.257513207765285299e-11 4.559576930565629344e-11 4.453549687504797771e-11 4.171846566981588419e-11 4.409824337181726068e-11 4.561314791421590922e-11 5.142108526408106956e-11 5.669089540633993880e-11 6.065552718010610284e-11 5.640071785145292294e-11 2.714184889287443727e-11 1.581477539249369658e-11 1.184626177159924671e-11 1.983669104079152549e-11 1.274011417902064376e-11
3.125351353380770950e-12 -5.591593405888580389e-13 -1.815786047063950307e-12 -1.257151620690579930e-12 1.053278735417672378e-12 1.743348288253874618e-12 2.977751602259095304e-12 5.195834904826323504e-12 1.093185318780767760e-11 1.578554289885220639e-11 2.197620141176294695e-11 2.996646358215636516e-11 4.453549687504797771e-11 5.659234026364853232e-11 5.913089457736792456e-11 6.447459072867128387e-11 6.977376226292690138e-11 7.942111660247205552e-11 8.909709743923151503e-11 9.524369915843035024e-11 8.174629020926289729e-11 2.917938253220747131e-11 9.380294598440077556e-12 1.466258352126657072e-11 2.129515204014903961e-11 7.806460089214284048e-12
5.121947892498268329e-12 -1.556390186084932576e-12 3.715052463566220376e-13 1.401677328152203573e-12 3.120172879955625384e-12 2.617309913423372905e-12 3.734904367208482353e-12 5.709282245806463057e-12 1.115093213369557548e-11 1.564185126167118033e-11 2.048164613426754363e-11 2.752116416008869926e-11 4.171846566981588419e-11 5.913089457736792456e-11 7.978182202630224944e-11 9.407570372564861989e-11 1.069135602278654554e-10 1.217653257437886245e-10 1.358408836853867518e-10 1.443497159132059694e-10 1.209212480298814901e-10 4.314200166755148930e-11 6.275068791517680400e-12 1.994072626699385240e-11 2.831640668518027316e-11 7.348422315117452324e-12
6.952258519210012847e-12 -2.352934469846305629e-12 2.142676057401753138e-13 4.164276830666891075e-12 4.942506061607071311e-12 5.863490106405913398e-12 4.248421608217538453e-12 4.975149166180992683e-12 1.135710423817315797e-11 1.646159169679783048e-11 2.073088032922973879e-11 2.789837882835297565e-11 4.409824337181726068e-11 6.447459072867128387e-11 9.407570372564861989e-11 1.327257127787786268e-10 1.621854179127977562e-10 1.887857054735598123e-10 2.095323789459122455e-10 2.223551477281494300e-10 1.897366338391062277e-10 7.399402991539165767e-11 6.156949162488308657e-12 2.651993421311930754e-11 4.048733454656336981e-11 1.225897677462489751e-11
7.138165898256860770e-12 -4.115540912805977029e-12 2.992388854863019134e-12 8.537009416748804185e-12 8.191719941975243529e-12 8.803135254169145458e-12 5.544734770430238962e-12 7.190701892896475349e-12 1.321826638967501681e-11 1.766398555225785935e-11 2.126414531519963251e-11 2.862621943749639850e-11 4.561314791421590922e-11 6.977376226292690138e-11 1.069135602278654554e-10 1.621854179127977562e-10 2.270869564083817455e-10 2.762524968296140186e-10 3.108026094703499948e-10 3.305755000479042757e-10 2.909692918078349928e-10 1.329815013148744392e-10 1.155166328416662768e-11 2.543659667970796851e-11 4.206878765759049321e-11 7.236362195864168965e-12
9.708852355408128976e-12 -3.536820147025707272e-12 6.983442278601745204e-12 1.208454817562524797e-11 1.187436618456112810e-11 1.167975622575008413e-11 7.409129114654764548e-12 1.047101819747433660e-11 1.477812043091491601e-11 1.960550856564541457e-11 2.269520131207621536e-11 3.280022190538526370e-11 5.142108526408106956e-11 7.942111660247205552e-11 1.217653257437886245e-10 1.887857054735598123e-10 2.762524968296140186e-10 3.671676170223362010e-10 4.271388058764611766e-10 4.547145510722287095e-10 4.103779536807858097e-10 2.157873149802247932e-10 2.940499527135688869e-11 2.692082489163233502e-11 3.803718342095978216e-11 -2.550436962938135971e-12
5.454173709352806067e-12 -2.626758230038818959e-12 9.994007774875331675e-12 1.343781485130692400e-11 1.532582410617968235e-11 1.429733094250504791e-11 1.103966745679344221e-11 1.386793468547259662e-11 1.748165458919979614e-11 2.025414107168898804e-11 2.444096831466788170e-11 3.595120829259202133e-11 5.669089540633993880e-11 8.909709743923151503e-11 1.358408836853867518e-10 2.095323789459122455e-10 3.108026094703499948e-10 4.271388058764611766e-10 5.376252002783415753e-10 5.978721389812330294e-10 5.605101756612074585e-10 3.428937150827242622e-10 8.395447204536902267e-11 4.219573428328478335e-11 4.154519730025920276e-11 -1.146235276809422804e-11
2.861435997574431073e-12 -4.168889996848058993e-12 1.200571786255646663e-11 1.402238948802413251e-11 1.657223460734788556e-11 1.420472001902026783e-11 1.037065496301154505e-11 1.389880717101535205e-11 1.825912077439162875e-11 2.254908609889211897e-11 2.811538345052663746e-11 4.047780006785028002e-11 6.065552718010610284e-11 9.524369915843035024e-11 1.443497159132059694e-10 2.223551477281494300e-10 3.305755000479042757e-10 4.547145510722287095e-10 5.978721389812330294e-10 7.365023539989358239e-10 7.455085747249408402e-10 5.298517026726173637e-10 1.958420120142550012e-10 6.807226504300700649e-11 5.042242894680140915e-11 -2.127825010249783442e-11
4.759328059835756431e-12 -4.673192691193973075e-12 1.216216710415799178e-11 1.583108164991262034e-11 1.301824256314756805e-11 1.028209910666092910e-11 9.266212357362145042e-12 1.458042727111228499e-11 1.549430273508820537e-11 2.240461398558666467e-11 2.887690336569286243e-11 3.848286016098924706e-11 5.640071785145292294e-11 8.174629020926289729e-11 1.209212480298814901e-10 1.897366338391062277e-10 2.909692918078349928e-10 4.103779536807858097e-10 5.605101756612074585e-10 7.455085747249408402e-10 8.603404154400321030e-10 7.382648295514707235e-10 3.902366191544110275e-10 1.257214974519510508e-10 2.791785228029232492e-11 -3.956890300384238851e-11
5.608619299450317466e-12 -1.351108658548345482e-12 9.471250912634439648e-12 1.063923934031907417e-11 4.839930148582368781e-12 3.160198246359193618e-12 2.630601713415260301e-12 1.374349537103266075e-11 7.697762453853617085e-12 1.284744332148080647e-11 1.843089627309047862e-11 1.806456145105287970e-11 2.714184889287443727e-11 2.917938253220747131e-11 4.314200166755148930e-11 7.399402991539165767e-11 1.329815013148744392e-10 2.157873149802247932e-10 3.428937150827242622e-10 5.298517026726173637e-10 7.382648295514707235e-10 8.543799946867508162e-10 6.267690931595836233e-10 2.449833042692495749e-10 -1.978035433391028484e-12 -5.476606882377264172e-11
2.219211453989022182e-11 1.009548768578690664e-11 1.068246245141571185e-11 4.699212809228006848e-12 -3.709822274640910051e-12 -6.534342399230059817e-13 1.496320233486675133e-12 1.775477987241498701e-11 1.145351516947932621e-11 1.753675111336172975e-11 1.906583114847927773e-11 1.129447799720956821e-11 1.581477539249369658e-11 9.380294598440077556e-12 6.275068791517680400e-12 6.156949162488308657e-12 1.155166328416662768e-11 2.940499527135688869e-11 8.395447204536902267e-11 1.958420120142550012e-10 3.902366191544110275e-10 6.267690931595836233e-10 7.107496999510941444e-10 4.464116193038593668e-10 6.349531507777546690e-11 -2.230290341699081218e-11
3.473237114427855934e-11 2.102323813734722132e-11 9.532855647128223336e-12 3.917909523007912747e-12 5.521340246101066938e-12 2.241502444208380933e-12 1.762497501509912572e-12 1.664930719738624767e-11 1.551167093528145840e-11 2.007525610142107852e-11 1.935586994279384522e-11 8.411851513106842409e-12 1.184626177159924671e-11 1.466258352126657072e-11 1.994072626699385240e-11 2.651993421311930754e-11 2.543659667970796851e-11 2.692082489163233502e-11 4.219573428328478335e-11 6.807226504300700649e-11 1.257214974519510508e-10 2.449833042692495749e-10 4.464116193038593668e-10 5.864153439753653496e-10 3.276013518902504939e-10 7.115198021765346288e-11
1.339902383169616416e-11 8.495023419460240821e-12 9.723600591051101034e-14 4.128572159312047821e-13 1.277729940604796351e-11 3.155534343711066640e-12 -3.096108751742801602e-12 2.191236496336706520e-12 5.196126557808825323e-12 1.258946095059610086e-11 1.661062910237429529e-11 1.722083188213929178e-11 1.983669104079152549e-11 2.129515204014903961e-11 2.831640668518027316e-11 4.048733454656336981e-11 4.206878765759049321e-11 3.803718342095978216e-11 4.154519730025920276e-11 5.042242894680140915e-11 2.791785228029232492e-11 -1.978035433391028484e-12 6.349531507777546690e-11 3.276013518902504939e-10 5.656524300117081988e-10 3.109631693880224042e-10
-9.089624934858896132e-12 -9.547929692462777835e-12 -1.547037422397310824e-11 -1.198403137784071934e-11 -3.624723979979703726e-13 1.831177553215970460e-12 -3.877607519390615897e-12 -8.999491171627420587e-12 -6.012889433400105060e-12 1.467455962102647739e-12 -1.714672290019633253e-12 1.317606251203992899e-11 1.274011417902064376e-11 7.806460089214284048e-12 7.348422315117452324e-12 1.225897677462489751e-11 7.236362195864168965e-12 -2.550436962938135971e-12 -1.146235276809422804e-11 -2.127825010249783442e-11 -3.956890300384238851e-11 -5.476606882377264172e-11 -2.230290341699081218e-11 7.115198021765346288e-11 3.109631693880224042e-10 5.192059352784364344e-10
