5.918704747020286992e-11 1.787214892837600935e-11 1.020581380455996872e-11 4.495003084034246819e-12 1.432758401839576911e-12 2.252433044113856341e-12 2.901834166876102444e-12 6.632220479259487055e-12 2.462413614578184530e-12 4.906628113087689799e-12 1.115402569155499387e-12 3.124619747331621493e-12 5.748847527342778120e-12 4.465786662203901440e-12 3.275464177883973533e-12 2.395084355103809812e-12 2.763270793177793421e-12 6.170392120252378234e-12 5.514796478727399708e-12 -1.984897403093506218e-13 -1.427205217949645122e-11 -1.556230501514186594e-11 -1.826154307710779182e-11 -9.604994273072482870e-12 3.567117966037032666e-12 -1.976847574130050653e-11
1.787214892837600935e-11 4.402085582038077699e-11 1.717618476284889568e-11 6.401842479317304344e-12 2.826637091886644705e-12 2.827431809233977150e-12 4.177286572176385362e-12 3.541776841916545969e-12 1.234278884413530874e-12 2.449747351348699230e-12 -6.272637800278043515e-13 1.036433741872975524e-12 1.752142733456985735e-12 3.591778409648100828e-13 -7.439085812019043716e-13 9.425794275799982214e-13 1.508338302430882317e-12 2.086123079231673411e-13 5.412045944234497646e-12 6.583037239547003636e-12 2.890920814787196529e-13 1.200792252015144715e-12 -5.352795366352324425e-12 3.478562782165061144e-12 1.296502695672234982e-11 -1.113031804382843520e-11
1.020581380455996872e-11 1.717618476284889568e-11 3.943460001347376972e-11 1.512214867012817012e-11 8.394009393043991602e-12 5.004207114227662523e-12 3.732552424327794250e-12 2.909512800174478352e-12 2.295198321973993986e-12 2.020073997457549903e-12 -5.490085920694157725e-13 2.403633004039295842e-12 3.687756501702804231e-12 1.846625478415780535e-12 -7.623304667867697280e-13 -3.794541252076499623e-12 -4.693112145810704621e-12 -6.558432291710582430e-12 -1.574123937732936577e-12 2.853262581063210639e-12 -3.183994524133728069e-12 -5.919086202905874791e-12 -1.101037167973842964e-12 1.217247651264234883e-11 6.957126488441619368e-12 -8.527771190953084856e-12
4.495003084034246819e-12 6.401842479317304344e-12 1.512214867012817012e-11 3.165559279912876477e-11 1.324704839908487820e-11 6.317705964066522397e-12 4.830730086655373879e-12 2.931377587799873365e-12 4.876524687386109776e-13 1.230932418799187529e-13 -3.512102532047329405e-12 -3.140783481899054924e-12 -3.935042077223574324e-12 -4.492269116542914406e-12 -5.197833195751463964e-12 -5.220575583178679872e-12 -5.081463012191955356e-12 -7.615721665720676523e-12 -7.257847887613479456e-12 -6.481057625879009955e-12 -8.141511801961756505e-12 -8.242216499340748756e-12 1.846552721523970982e-12 1.009903166023902355e-11 4.076765397276011823e-13 -9.802625490419685055e-13
1.432758401839576911e-12 2.826637091886644705e-12 8.394009393043991602e-12 1.324704839908487820e-11 2.575004535124650329e-11 9.781941242424213180e-12 5.680751854950756201e-12 2.825754636341333625e-12 1.910317293707013402e-12 2.618044758246837565e-12 1.127696311433824192e-12 2.237322002021087737e-12 1.633490354080560661e-12 1.761299909794454308e-12 1.124174798659146679e-12 3.199732250534025284e-12 5.679855358686232231e-12 6.327953557415389385e-12 1.152544558249164859e-11 1.533556163805890214e-11 1.229611269501135021e-11 5.666232570716196854e-12 5.206155189382059401e-12 7.243732620158610601e-12 -3.817730998158338409e-13 -4.612467303618470986e-12
2.252433044113856341e-12 2.827431809233977150e-12 5.004207114227662523e-12 6.317705964066522397e-12 9.781941242424213180e-12 1.971892811895685270e-11 1.271399595078301231e-11 9.392866179328646198e-12 6.517831581506038057e-12 7.388866709304634735e-12 5.496490591337414529e-12 5.226902016305762500e-12 5.001048699041624865e-12 2.457214479653723322e-12 3.486278526782779320e-12 6.090689703549816517e-12 7.618406491065308423e-12 8.007961853956569252e-12 1.256582158826337176e-11 1.614722494096877701e-11 2.105695761649859331e-11 1.986054335571762267e-11 1.018786201638559906e-11 -2.523026539236989646e-12 -2.716505427027919391e-13 -8.050573522552543528e-12
2.901834166876102444e-12 4.177286572176385362e-12 3.732552424327794250e-12 4.830730086655373879e-12 5.680751854950756201e-12 1.271399595078301231e-11 2.273315598827982790e-11 1.759067499779140784e-11 1.272444061583745708e-11 1.129986930280271369e-11 9.532185333913567949e-12 8.185445500707910549e-12 7.966806233900388973e-12 7.712193385371875941e-12 9.593832121522546175e-12 1.258190469398810727e-11 1.598763018810153672e-11 1.804153887526090484e-11 2.076381549353959350e-11 2.035822012555748796e-11 1.571520362661595346e-11 6.751380130145813373e-12 1.938480456734443593e-12 -2.631050029725778761e-12 8.206715608279220738e-12 7.886877636074190094e-12
6.632220479259487055e-12 3.541776841916545969e-12 2.909512800174478352e-12 2.931377587799873365e-12 2.825754636341333625e-12 9.392866179328646198e-12 1.759067499779140784e-11 2.822010980517878969e-11 2.044654908665187636e-11 1.616266512468646164e-11 1.361008862349448669e-11 1.065709720416846673e-11 1.053278151642225696e-11 1.145230417055759054e-11 1.273217011339936295e-11 1.456598149965061450e-11 1.873630704046991693e-11 2.198472375598558493e-11 2.528133677803354833e-11 2.544714675612448970e-11 2.026700977780123580e-11 5.346951799059663847e-12 -2.977092093231004737e-12 -5.609434635052883205e-12 1.404709751512962854e-11 1.051251579708735905e-11
2.462413614578184530e-12 1.234278884413530874e-12 2.295198321973993986e-12 4.876524687386109776e-13 1.910317293707013402e-12 6.517831581506038057e-12 1.272444061583745708e-11 2.044654908665187636e-11 2.875984036713386314e-11 2.446944489303126829e-11 2.074944499047685918e-11 1.960603995335064118e-11 2.029311090214244733e-11 2.267278971565364568e-11 2.524633039885987506e-11 2.745275043185928211e-11 3.152884777848991825e-11 3.615693199000614020e-11 4.360817218184632272e-11 4.920538657591621952e-11 5.219598845136548206e-11 3.481414747608866460e-11 2.244916262147336184e-11 9.164230967880535002e-12 8.829002240516846966e-12 8.439227215043344290e-12
4.906628113087689799e-12 2.449747351348699230e-12 2.020073997457549903e-12 1.230932418799187529e-13 2.618044758246837565e-12 7.388866709304634735e-12 1.129986930280271369e-11 1.616266512468646164e-11 2.446944489303126829e-11 3.266143284180355630e-11 2.870888612001455927e-11 2.636025594792018429e-11 2.707421445821015668e-11 2.935604664154293772e-11 3.207337063994029251e-11 3.463378737868079912e-11 3.886691917790593081e-11 4.293598106316674512e-11 4.811079304667229739e-11 5.334452205164341214e-11 5.529173110600587221e-11 4.111095444329460978e-11 3.383176233203796583e-11 2.506246558369318458e-11 1.636317005050193229e-11 -5.129215696009916369e-13
1.115402569155499387e-12 -6.272637800278043515e-13 -5.490085920694157725e-13 -3.512102532047329405e-12 1.127696311433824192e-12 5.496490591337414529e-12 9.532185333913567949e-12 1.361008862349448669e-11 2.074944499047685918e-11 2.870888612001455927e-11 3.707301141928287353e-11 3.640478942786633560e-11 3.589150836084080764e-11 3.948216569270429478e-11 4.182836932001338755e-11 4.372679516360634586e-11 4.866295875125572496e-11 5.355552500607261282e-11 5.746258573365245801e-11 6.268584654676679690e-11 6.101007632683324790e-11 4.050866758819294422e-11 2.868718781045431753e-11 2.007754654231751224e-11 1.793588437015409305e-11 -9.176087084957559681e-12
3.124619747331621493e-12 1.036433741872975524e-12 2.403633004039295842e-12 -3.140783481899054924e-12 2.237322002021087737e-12 5.226902016305762500e-12 8.185445500707910549e-12 1.065709720416846673e-11 1.960603995335064118e-11 2.636025594792018429e-11 3.640478942786633560e-11 5.165947265003973387e-11 5.455860769419014610e-11 5.791912008270717996e-11 6.087717110958587242e-11 6.333596162912710335e-11 6.928476580732948931e-11 7.498292383629957750e-11 8.042543075500563922e-11 8.700898862823247201e-11 8.204717915703386459e-11 5.042657870709353889e-11 3.911548154681477357e-11 2.405955059808858710e-11 3.296780063944983202e-12 -2.044164007476826681e-11
5.748847527342778120e-12 1.752142733456985735e-12 3.687756501702804231e-12 -3.935042077223574324e-12 1.633490354080560661e-12 5.001048699041624865e-12 7.966806233900388973e-12 1.053278151642225696e-11 2.029311090214244733e-11 2.707421445821015668e-11 3.589150836084080764e-11 5.455860769419014610e-11 7.292494007222934693e-11 8.058819553587620459e-11 8.473948470086864244e-11 8.867646254177346852e-11 9.563920991665305042e-11 1.034701548895511334e-10 1.118716485746075446e-10 1.220135246410270205e-10 1.124920818179536422e-10 6.061028984609304072e-11 3.915198222899678629e-11 2.422592360242558021e-11 1.255065953658956444e-11 -1.364046405915661043e-11
4.465786662203901440e-12 3.591778409648100828e-13 1.846625478415780535e-12 -4.492269116542914406e-12 1.761299909794454308e-12 2.457214479653723322e-12 7.712193385371875941e-12 1.145230417055759054e-11 2.267278971565364568e-11 2.935604664154293772e-11 3.948216569270429478e-11 5.791912008270717996e-11 8.058819553587620459e-11 1.096242775925485431e-10 1.205460835420317393e-10 1.289133755453900990e-10 1.391674569739492341e-10 1.539438269042464571e-10 1.670809699854271042e-10 1.769546692565305191e-10 1.548194593839426985e-10 6.814638025832510234e-11 1.775385914089432146e-11 2.824098822336826264e-13 8.915114618345047437e-12 -6.768298701582641076e-12
3.275464177883973533e-12 -7.439085812019043716e-13 -7.623304667867697280e-13 -5.197833195751463964e-12 1.124174798659146679e-12 3.486278526782779320e-12 9.593832121522546175e-12 1.273217011339936295e-11 2.524633039885987506e-11 3.207337063994029251e-11 4.182836932001338755e-11 6.087717110958587242e-11 8.473948470086864244e-11 1.205460835420317393e-10 1.576325343508446551e-10 1.798462040339732229e-10 1.998829134300496045e-10 2.215028333895367064e-10 2.398172154513077843e-10 2.535516031182636607e-10 2.325410629772171506e-10 1.193593665160646954e-10 4.143314999516341216e-11 -2.918889729348333523e-12 -6.135547112775521819e-12 -2.892336797196989385e-12
2.395084355103809812e-12 9.425794275799982214e-13 -3.794541252076499623e-12 -5.220575583178679872e-12 3.199732250534025284e-12 6.090689703549816517e-12 1.258190469398810727e-11 1.456598149965061450e-11 2.745275043185928211e-11 3.463378737868079912e-11 4.372679516360634586e-11 6.333596162912710335e-11 8.867646254177346852e-11 1.289133755453900990e-10 1.798462040339732229e-10 2.306037873770862627e-10 2.718030674262296010e-10 3.064270512680062397e-10 3.313714623732332427e-10 3.494473695894421245e-10 3.288833717265636748e-10 1.758424564421965703e-10 5.898572042048709832e-11 -5.616278018692929630e-12 -1.239752990276412694e-11 -1.291858201097998375e-11
2.763270793177793421e-12 1.508338302430882317e-12 -4.693112145810704621e-12 -5.081463012191955356e-12 5.679855358686232231e-12 7.618406491065308423e-12 1.598763018810153672e-11 1.873630704046991693e-11 3.152884777848991825e-11 3.886691917790593081e-11 4.866295875125572496e-11 6.928476580732948931e-11 9.563920991665305042e-11 1.391674569739492341e-10 1.998829134300496045e-10 2.718030674262296010e-10 3.562584699354898141e-10 4.221991639766158194e-10 4.647747501574768906e-10 4.964306951268045186e-10 4.730530844888527632e-10 2.621913059823959608e-10 8.455972199941498725e-11 -5.964406651492687515e-12 -2.054893961037403845e-11 -3.551481394365013234e-11
6.170392120252378234e-12 2.086123079231673411e-13 -6.558432291710582430e-12 -7.615721665720676523e-12 6.327953557415389385e-12 8.007961853956569252e-12 1.804153887526090484e-11 2.198472375598558493e-11 3.615693199000614020e-11 4.293598106316674512e-11 5.355552500607261282e-11 7.498292383629957750e-11 1.034701548895511334e-10 1.539438269042464571e-10 2.215028333895367064e-10 3.064270512680062397e-10 4.221991639766158194e-10 5.536026423136567487e-10 6.431364862077107539e-10 7.057190796175892902e-10 6.878731784783481417e-10 4.281067324272075952e-10 1.654221443814413688e-10 1.560696571819011327e-11 -3.952329272839503647e-11 -7.831754349296113356e-11
5.514796478727399708e-12 5.412045944234497646e-12 -1.574123937732936577e-12 -7.257847887613479456e-12 1.152544558249164859e-11 1.256582158826337176e-11 2.076381549353959350e-11 2.528133677803354833e-11 4.360817218184632272e-11 4.811079304667229739e-11 5.746258573365245801e-11 8.042543075500563922e-11 1.118716485746075446e-10 1.670809699854271042e-10 2.398172154513077843e-10 3.313714623732332427e-10 4.647747501574768906e-10 6.431364862077107539e-10 8.253105328644374360e-10 9.675612261108612671e-10 9.903844042432181697e-10 7.043620248225493478e-10 3.215964324278903089e-10 5.526674615839347029e-11 -4.489054187377207921e-11 -1.023971508028192769e-10
-1.984897403093506218e-13 6.583037239547003636e-12 2.853262581063210639e-12 -6.481057625879009955e-12 1.533556163805890214e-11 1.614722494096877701e-11 2.035822012555748796e-11 2.544714675612448970e-11 4.920538657591621952e-11 5.334452205164341214e-11 6.268584654676679690e-11 8.700898862823247201e-11 1.220135246410270205e-10 1.769546692565305191e-10 2.535516031182636607e-10 3.494473695894421245e-10 4.964306951268045186e-10 7.057190796175892902e-10 9.675612261108612671e-10 1.250287005120033035e-09 1.380251032909290274e-09 1.110123493167109051e-09 5.952085208521176046e-10 1.277374614357596944e-10 -4.860393372017298815e-11 -1.398283604992404192e-10
-1.427205217949645122e-11 2.890920814787196529e-13 -3.183994524133728069e-12 -8.141511801961756505e-12 1.229611269501135021e-11 2.105695761649859331e-11 1.571520362661595346e-11 2.026700977780123580e-11 5.219598845136548206e-11 5.529173110600587221e-11 6.101007632683324790e-11 8.204717915703386459e-11 1.124920818179536422e-10 1.548194593839426985e-10 2.325410629772171506e-10 3.288833717265636748e-10 4.730530844888527632e-10 6.878731784783481417e-10 9.903844042432181697e-10 1.380251032909290274e-09 1.691491376362186083e-09 1.546106556526503719e-09 9.641736539005510667e-10 2.361550892040582619e-10 -7.976645703221868775e-11 -1.958880203168929468e-10
-1.556230501514186594e-11 1.200792252015144715e-12 -5.919086202905874791e-12 -8.242216499340748756e-12 5.666232570716196854e-12 1.986054335571762267e-11 6.751380130145813373e-12 5.346951799059663847e-12 3.481414747608866460e-11 4.111095444329460978e-11 4.050866758819294422e-11 5.042657870709353889e-11 6.061028984609304072e-11 6.814638025832510234e-11 1.193593665160646954e-10 1.758424564421965703e-10 2.621913059823959608e-10 4.281067324272075952e-10 7.043620248225493478e-10 1.110123493167109051e-09 1.546106556526503719e-09 1.758149608074870396e-09 1.378608683653236736e-09 5.096765279660271788e-10 -6.602062566868608706e-11 -2.133473271540791202e-10
-1.826154307710779182e-11 -5.352795366352324425e-12 -1.101037167973842964e-12 1.846552721523970982e-12 5.206155189382059401e-12 1.018786201638559906e-11 1.938480456734443593e-12 -2.977092093231004737e-12 2.244916262147336184e-11 3.383176233203796583e-11 2.868718781045431753e-11 3.911548154681477357e-11 3.915198222899678629e-11 1.775385914089432146e-11 4.143314999516341216e-11 5.898572042048709832e-11 8.455972199941498725e-11 1.654221443814413688e-10 3.215964324278903089e-10 5.952085208521176046e-10 9.641736539005510667e-10 1.378608683653236736e-09 1.538451269758129978e-09 9.685090584857151410e-10 9.057785288591339555e-11 -1.629394363387655570e-10
-9.604994273072482870e-12 3.478562782165061144e-12 1.217247651264234883e-11 1.009903166023902355e-11 7.243732620158610601e-12 -2.523026539236989646e-12 -2.631050029725778761e-12 -5.609434635052883205e-12 9.164230967880535002e-12 2.506246558369318458e-11 2.007754654231751224e-11 2.405955059808858710e-11 2.422592360242558021e-11 2.824098822336826264e-13 -2.918889729348333523e-12 -5.616278018692929630e-12 -5.964406651492687515e-12 1.560696571819011327e-11 5.526674615839347029e-11 1.277374614357596944e-10 2.361550892040582619e-10 5.096765279660271788e-10 9.685090584857151410e-10 1.147189655961360123e-09 4.980196411941570701e-10 -1.216112573210988016e-11
3.567117966037032666e-12 1.296502695672234982e-11 6.957126488441619368e-12 4.076765397276011823e-13 -3.817730998158338409e-13 -2.716505427027919391e-13 8.206715608279220738e-12 1.404709751512962854e-11 8.829002240516846966e-12 1.636317005050193229e-11 1.793588437015409305e-11 3.296780063944983202e-12 1.255065953658956444e-11 8.915114618345047437e-12 -6.135547112775521819e-12 -1.239752990276412694e-11 -2.054893961037403845e-11 -3.952329272839503647e-11 -4.489054187377207921e-11 -4.860393372017298815e-11 -7.976645703221868775e-11 -6.602062566868608706e-11 9.057785288591339555e-11 4.980196411941570701e-10 9.582897995890917699e-10 5.060583781742799652e-10
-1.976847574130050653e-11 -1.113031804382843520e-11 -8.527771190953084856e-12 -9.802625490419685055e-13 -4.612467303618470986e-12 -8.050573522552543528e-12 7.886877636074190094e-12 1.051251579708735905e-11 8.439227215043344290e-12 -5.129215696009916369e-13 -9.176087084957559681e-12 -2.044164007476826681e-11 -1.364046405915661043e-11 -6.768298701582641076e-12 -2.892336797196989385e-12 -1.291858201097998375e-11 -3.551481394365013234e-11 -7.831754349296113356e-11 -1.023971508028192769e-10 -1.398283604992404192e-10 -1.958880203168929468e-10 -2.133473271540791202e-10 -1.629394363387655570e-10 -1.216112573210988016e-11 5.060583781742799652e-10 9.891252686561599959e-10
