5.604500755106403044e-11 1.302612532886813331e-11 5.302969042442429020e-12 8.168433340627479897e-13 9.743758566358922414e-13 6.587223735247746745e-13 -1.234696882563355509e-13 -1.953883901887664912e-12 -1.197832301106175821e-12 -1.950903027540630147e-12 -9.344467464245037886e-13 -3.383372179572268296e-12 -7.475105420946773626e-12 -5.793457960748278515e-12 -1.087343693806861600e-12 1.764765130869193166e-12 3.168707037683083223e-12 7.800608306975788435e-13 -5.757742899644614167e-12 -6.806672664996594301e-12 -3.452533736811901415e-12 3.482479990715069604e-12 1.202585093940328022e-11 1.271939060533513353e-11 8.309813033424743500e-12 -3.017797877382237563e-13
1.302612532886813331e-11 4.641676415462178220e-11 1.080634247128428085e-11 5.089046477636967777e-12 5.280587408246359753e-12 4.545840428781910340e-12 3.938845062062001303e-12 7.247357486669381309e-13 -8.885009049917584437e-13 -5.107410389148586072e-13 -1.339559997510784325e-12 4.160866985129145064e-13 -1.728847890481116359e-12 -3.588543874642790241e-12 -2.801476742342536267e-12 -1.677805839275814520e-12 -9.771421720980085355e-13 -3.418842263808279130e-12 -7.682111158059907460e-12 -1.100321620282599094e-11 -9.767991428463891797e-12 -8.340697418230505046e-13 -9.836467198870127414e-13 -8.141301122923490398e-13 -4.592767999057639015e-12 -5.404498899486154853e-12
5.302969042442429020e-12 1.080634247128428085e-11 3.243166937362245643e-11 1.163764328435409638e-11 4.789795932567745892e-12 4.545807577120812540e-12 4.058479487554031693e-12 1.437433363211304632e-12 8.711271722941833963e-13 1.184340829251244525e-12 6.249605204326323756e-13 -1.335426907297264401e-13 -2.668906088292529851e-12 -2.708173636123954194e-12 -3.584173684062241991e-12 -2.038460683973739321e-12 -1.391567947778362637e-12 -3.818772683532923198e-12 -4.574432198345017970e-12 -2.823854707294130558e-12 -1.048881211997396056e-12 -1.646894810836435799e-12 -4.517617236128684704e-12 -6.619737283914570562e-12 3.588237729771743194e-12 7.966325756800070480e-12
8.168433340627479897e-13 5.089046477636967777e-12 1.163764328435409638e-11 2.709136770362260012e-11 1.083870125498709753e-11 8.733391640167447797e-12 6.167590840609781933e-12 2.671673019166382839e-12 2.241276560876927399e-12 1.371810325862615865e-12 1.217831770964897949e-12 4.935032426146578768e-13 -1.668708842503691143e-14 2.138395785335011305e-12 3.618492980669128336e-12 3.825500371033996140e-12 4.543565024274620109e-12 3.894326557394785917e-12 6.028114458205301686e-12 8.959384998730459712e-12 1.269629707910449389e-11 1.132014601311824087e-11 8.248252842537244517e-12 7.730511424560200791e-12 1.317011318717176049e-11 6.649389859628292784e-12
9.743758566358922414e-13 5.280587408246359753e-12 4.789795932567745892e-12 1.083870125498709753e-11 2.540360956599989486e-11 1.273317957006495022e-11 8.689786911302304378e-12 4.506617593896344791e-12 3.074933296767313130e-12 1.789046367360907337e-12 1.695928664578925669e-12 1.450824860242915976e-12 -4.050874084508000732e-14 -1.718311290078448502e-12 -6.031752190020141518e-13 -1.731418691912213252e-12 -1.212988144483370135e-12 -3.474524184405470896e-12 -3.222452229820785122e-12 -1.170142889125865854e-12 -7.118907126599911054e-13 1.687944930957063149e-12 -1.735222405995751849e-13 -6.800854368232970863e-12 -3.438262021559066674e-12 8.757378295723285007e-12
6.587223735247746745e-13 4.545840428781910340e-12 4.545807577120812540e-12 8.733391640167447797e-12 1.273317957006495022e-11 2.109917883706464925e-11 1.280373486624108991e-11 8.529655584071816700e-12 6.672360217757216436e-12 4.111440490818476534e-12 2.413557857984469549e-12 2.398845732633726734e-12 2.274181991730801283e-12 3.582016069465342876e-13 -1.019037779989657732e-13 6.722103213673254765e-13 1.798783403700155665e-12 -1.383543852583107925e-12 -1.906974733388942860e-12 5.911200158421163502e-13 6.530602882663644708e-13 2.677496065262259796e-12 2.913798240070804800e-12 -1.600947580455527935e-12 6.115894810621457133e-13 3.795135287313326206e-12
-1.234696882563355509e-13 3.938845062062001303e-12 4.058479487554031693e-12 6.167590840609781933e-12 8.689786911302304378e-12 1.280373486624108991e-11 1.913386951673601621e-11 1.277197028324357123e-11 9.505908065273477549e-12 6.663819937513055295e-12 4.270382551052275201e-12 3.121040964442084720e-12 1.566296338273994077e-12 3.874466542920652757e-13 1.087035423708069056e-12 3.050238760853809030e-12 4.910540797113558355e-12 3.564866214448353827e-12 3.469646920654034366e-12 5.149607424157485076e-12 5.496618543740138685e-12 3.762056643752694908e-12 4.712290560937053369e-13 -4.095687980973302567e-12 1.655059534966012522e-12 7.906973909786095756e-13
-1.953883901887664912e-12 7.247357486669381309e-13 1.437433363211304632e-12 2.671673019166382839e-12 4.506617593896344791e-12 8.529655584071816700e-12 1.277197028324357123e-11 1.976626922114826650e-11 1.435019786808631738e-11 1.107772454360378591e-11 8.408455457746005314e-12 7.625684906431423651e-12 5.698415141542412557e-12 5.223973881118084507e-12 5.905035517676179905e-12 8.835834905203079069e-12 1.061867830623002466e-11 9.782409826133885306e-12 1.009594872917117060e-11 1.112306998782864897e-11 9.134056490146429821e-12 2.816485361878503417e-12 -4.240604829711509176e-12 -9.417742912701801657e-12 -5.743668130642119420e-12 -7.517161115647982119e-12
-1.197832301106175821e-12 -8.885009049917584437e-13 8.711271722941833963e-13 2.241276560876927399e-12 3.074933296767313130e-12 6.672360217757216436e-12 9.505908065273477549e-12 1.435019786808631738e-11 2.163884650975426770e-11 1.641945953768938410e-11 1.206272466767501355e-11 1.025717718100479013e-11 7.590082022905967504e-12 7.067307553960816536e-12 6.629461268965632447e-12 7.157725735253268807e-12 1.058986025546983764e-11 8.918097233663853537e-12 8.865728026546011166e-12 9.637610125263496848e-12 6.350277421919648471e-12 7.548593486095281765e-13 -3.234781527445046378e-13 -4.222213707572809584e-12 -6.652042741983321709e-12 -8.425040414480547915e-12
-1.950903027540630147e-12 -5.107410389148586072e-13 1.184340829251244525e-12 1.371810325862615865e-12 1.789046367360907337e-12 4.111440490818476534e-12 6.663819937513055295e-12 1.107772454360378591e-11 1.641945953768938410e-11 2.145926582918301491e-11 1.698227290869503760e-11 1.257647612587258904e-11 1.016718100953395134e-11 8.806994774029054092e-12 6.835802640134238976e-12 7.760267771851378538e-12 9.484422008723920949e-12 7.346953667741843143e-12 7.133928710953448258e-12 7.480631659477858831e-12 6.141956496095365219e-12 5.561388181605232628e-13 -1.349234180224740214e-12 -6.709138480251918095e-12 -6.146022072930819496e-12 -1.245914989209733799e-11
-9.344467464245037886e-13 -1.339559997510784325e-12 6.249605204326323756e-13 1.217831770964897949e-12 1.695928664578925669e-12 2.413557857984469549e-12 4.270382551052275201e-12 8.408455457746005314e-12 1.206272466767501355e-11 1.698227290869503760e-11 2.301340859112877528e-11 1.959025296325937174e-11 1.562920590430421721e-11 1.352279228836954341e-11 1.179982194502151939e-11 1.144230830625093378e-11 1.190120846026185914e-11 1.175651104793938703e-11 1.152285473379856530e-11 1.174064617526569974e-11 7.927326424392076235e-12 -3.071399223991800903e-12 -8.197179200995749315e-12 -1.197378318401075843e-11 -8.141659100485661800e-12 -9.078815892741993318e-12
-3.383372179572268296e-12 4.160866985129145064e-13 -1.335426907297264401e-13 4.935032426146578768e-13 1.450824860242915976e-12 2.398845732633726734e-12 3.121040964442084720e-12 7.625684906431423651e-12 1.025717718100479013e-11 1.257647612587258904e-11 1.959025296325937174e-11 2.778348216105627570e-11 2.589814399618891117e-11 2.290875911091092194e-11 2.030803996526974112e-11 1.856927594575471916e-11 1.830390823131691731e-11 1.737643743020613901e-11 1.655315278937690835e-11 1.813114584961950052e-11 1.148294970885554066e-11 -2.912102350431843840e-12 -4.507971710178045056e-12 -6.980594727005770558e-12 -8.317520309300612069e-12 -5.826511108374965210e-12
-7.475105420946773626e-12 -1.728847890481116359e-12 -2.668906088292529851e-12 -1.668708842503691143e-14 -4.050874084508000732e-14 2.274181991730801283e-12 1.566296338273994077e-12 5.698415141542412557e-12 7.590082022905967504e-12 1.016718100953395134e-11 1.562920590430421721e-11 2.589814399618891117e-11 3.632474121557782765e-11 3.476899451482787591e-11 3.153281310664683423e-11 2.924764861388622555e-11 2.803466565212261901e-11 2.817449674915606989e-11 2.804657982573357847e-11 2.853759850142581930e-11 1.769053934675009976e-11 -5.133235366223942677e-12 -5.489369146982064229e-12 -2.069374620211020820e-12 -8.615692931137013804e-12 -8.064253802382831753e-12
-5.793457960748278515e-12 -3.588543874642790241e-12 -2.708173636123954194e-12 2.138395785335011305e-12 -1.718311290078448502e-12 3.582016069465342876e-13 3.874466542920652757e-13 5.223973881118084507e-12 7.067307553960816536e-12 8.806994774029054092e-12 1.352279228836954341e-11 2.290875911091092194e-11 3.476899451482787591e-11 4.647147066733289408e-11 4.763096727265417858e-11 4.688820108516580607e-11 4.603839178549125762e-11 4.646508909747167819e-11 4.769532942654249329e-11 4.892787880680282003e-11 3.562238172152815465e-11 -3.191252591529249914e-13 -6.609027031895940680e-12 -1.914162139146884708e-12 -7.042854932589194753e-12 -4.519946191869427460e-12
-1.087343693806861600e-12 -2.801476742342536267e-12 -3.584173684062241991e-12 3.618492980669128336e-12 -6.031752190020141518e-13 -1.019037779989657732e-13 1.087035423708069056e-12 5.905035517676179905e-12 6.629461268965632447e-12 6.835802640134238976e-12 1.179982194502151939e-11 2.030803996526974112e-11 3.153281310664683423e-11 4.763096727265417858e-11 6.424103515398274611e-11 6.804101818404677961e-11 6.827192652805721460e-11 6.912482942767920052e-11 7.083710005950833368e-11 7.554300501606081138e-11 6.211917638564695973e-11 1.311572405384799018e-11 -3.783157933017415999e-12 -3.494059856734077035e-12 -4.246582021111464556e-12 -3.371811736899688354e-12
1.764765130869193166e-12 -1.677805839275814520e-12 -2.038460683973739321e-12 3.825500371033996140e-12 -1.731418691912213252e-12 6.722103213673254765e-13 3.050238760853809030e-12 8.835834905203079069e-12 7.157725735253268807e-12 7.760267771851378538e-12 1.144230830625093378e-11 1.856927594575471916e-11 2.924764861388622555e-11 4.688820108516580607e-11 6.804101818404677961e-11 8.813226160060863413e-11 9.501752199467832339e-11 9.892941561383993347e-11 1.032315108582028269e-10 1.119510489929360229e-10 1.006550846366430194e-10 3.994475992152098849e-11 6.240612986902523273e-12 8.540774609642142687e-13 -5.126408938635252436e-12 -8.321539458744184606e-12
3.168707037683083223e-12 -9.771421720980085355e-13 -1.391567947778362637e-12 4.543565024274620109e-12 -1.212988144483370135e-12 1.798783403700155665e-12 4.910540797113558355e-12 1.061867830623002466e-11 1.058986025546983764e-11 9.484422008723920949e-12 1.190120846026185914e-11 1.830390823131691731e-11 2.803466565212261901e-11 4.603839178549125762e-11 6.827192652805721460e-11 9.501752199467832339e-11 1.194188708724420939e-10 1.290650479890191104e-10 1.361599147547026210e-10 1.487213283578121690e-10 1.377566606303568458e-10 6.700940403315146175e-11 1.542154086584301554e-11 5.815119643452260580e-12 -7.008314139462986046e-12 -1.286294495105828889e-11
7.800608306975788435e-13 -3.418842263808279130e-12 -3.818772683532923198e-12 3.894326557394785917e-12 -3.474524184405470896e-12 -1.383543852583107925e-12 3.564866214448353827e-12 9.782409826133885306e-12 8.918097233663853537e-12 7.346953667741843143e-12 1.175651104793938703e-11 1.737643743020613901e-11 2.817449674915606989e-11 4.646508909747167819e-11 6.912482942767920052e-11 9.892941561383993347e-11 1.290650479890191104e-10 1.604590877323395769e-10 1.776229985505561533e-10 1.935965164538697507e-10 1.831423037883837143e-10 1.022170941940447453e-10 2.627443479798175473e-11 9.970249332514745090e-12 -1.018368054669517030e-11 -1.542588562515792780e-11
-5.757742899644614167e-12 -7.682111158059907460e-12 -4.574432198345017970e-12 6.028114458205301686e-12 -3.222452229820785122e-12 -1.906974733388942860e-12 3.469646920654034366e-12 1.009594872917117060e-11 8.865728026546011166e-12 7.133928710953448258e-12 1.152285473379856530e-11 1.655315278937690835e-11 2.804657982573357847e-11 4.769532942654249329e-11 7.083710005950833368e-11 1.032315108582028269e-10 1.361599147547026210e-10 1.776229985505561533e-10 2.212260725657403853e-10 2.513623062283649458e-10 2.453522882376485898e-10 1.580028526689248723e-10 5.320194755487058415e-11 2.058047376350075930e-11 -6.791503991444408499e-12 -1.679757820815887070e-11
-6.806672664996594301e-12 -1.100321620282599094e-11 -2.823854707294130558e-12 8.959384998730459712e-12 -1.170142889125865854e-12 5.911200158421163502e-13 5.149607424157485076e-12 1.112306998782864897e-11 9.637610125263496848e-12 7.480631659477858831e-12 1.174064617526569974e-11 1.813114584961950052e-11 2.853759850142581930e-11 4.892787880680282003e-11 7.554300501606081138e-11 1.119510489929360229e-10 1.487213283578121690e-10 1.935965164538697507e-10 2.513623062283649458e-10 3.262125983555790613e-10 3.448565007612185496e-10 2.566275728706147202e-10 1.196185810079147723e-10 4.081644384298147096e-11 1.783377354958653438e-12 -1.401600400220366644e-11
-3.452533736811901415e-12 -9.767991428463891797e-12 -1.048881211997396056e-12 1.269629707910449389e-11 -7.118907126599911054e-13 6.530602882663644708e-13 5.496618543740138685e-12 9.134056490146429821e-12 6.350277421919648471e-12 6.141956496095365219e-12 7.927326424392076235e-12 1.148294970885554066e-11 1.769053934675009976e-11 3.562238172152815465e-11 6.211917638564695973e-11 1.006550846366430194e-10 1.377566606303568458e-10 1.831423037883837143e-10 2.453522882376485898e-10 3.448565007612185496e-10 4.373009646924117901e-10 3.950303716413954004e-10 2.417001130876481710e-10 7.497798578750907160e-11 -3.471850387680014086e-13 -1.701059654149105301e-11
3.482479990715069604e-12 -8.340697418230505046e-13 -1.646894810836435799e-12 1.132014601311824087e-11 1.687944930957063149e-12 2.677496065262259796e-12 3.762056643752694908e-12 2.816485361878503417e-12 7.548593486095281765e-13 5.561388181605232628e-13 -3.071399223991800903e-12 -2.912102350431843840e-12 -5.133235366223942677e-12 -3.191252591529249914e-13 1.311572405384799018e-11 3.994475992152098849e-11 6.700940403315146175e-11 1.022170941940447453e-10 1.580028526689248723e-10 2.566275728706147202e-10 3.950303716413954004e-10 4.864651825183503516e-10 3.912235087350203393e-10 1.581595323919242111e-10 1.228373144468257185e-11 -9.232152880834765272e-12
1.202585093940328022e-11 -9.836467198870127414e-13 -4.517617236128684704e-12 8.248252842537244517e-12 -1.735222405995751849e-13 2.913798240070804800e-12 4.712290560937053369e-13 -4.240604829711509176e-12 -3.234781527445046378e-13 -1.349234180224740214e-12 -8.197179200995749315e-12 -4.507971710178045056e-12 -5.489369146982064229e-12 -6.609027031895940680e-12 -3.783157933017415999e-12 6.240612986902523273e-12 1.542154086584301554e-11 2.627443479798175473e-11 5.320194755487058415e-11 1.196185810079147723e-10 2.417001130876481710e-10 3.912235087350203393e-10 4.570036051927599197e-10 2.881667756371964623e-10 6.927384348042171654e-11 1.568785447051407615e-11
1.271939060533513353e-11 -8.141301122923490398e-13 -6.619737283914570562e-12 7.730511424560200791e-12 -6.800854368232970863e-12 -1.600947580455527935e-12 -4.095687980973302567e-12 -9.417742912701801657e-12 -4.222213707572809584e-12 -6.709138480251918095e-12 -1.197378318401075843e-11 -6.980594727005770558e-12 -2.069374620211020820e-12 -1.914162139146884708e-12 -3.494059856734077035e-12 8.540774609642142687e-13 5.815119643452260580e-12 9.970249332514745090e-12 2.058047376350075930e-11 4.081644384298147096e-11 7.497798578750907160e-11 1.581595323919242111e-10 2.881667756371964623e-10 3.612635797590722989e-10 2.047874208914824618e-10 4.655343058838281034e-11
8.309813033424743500e-12 -4.592767999057639015e-12 3.588237729771743194e-12 1.317011318717176049e-11 -3.438262021559066674e-12 6.115894810621457133e-13 1.655059534966012522e-12 -5.743668130642119420e-12 -6.652042741983321709e-12 -6.146022072930819496e-12 -8.141659100485661800e-12 -8.317520309300612069e-12 -8.615692931137013804e-12 -7.042854932589194753e-12 -4.246582021111464556e-12 -5.126408938635252436e-12 -7.008314139462986046e-12 -1.018368054669517030e-11 -6.791503991444408499e-12 1.783377354958653438e-12 -3.471850387680014086e-13 1.228373144468257185e-11 6.927384348042171654e-11 2.047874208914824618e-10 3.082786322131193942e-10 1.651514671242772889e-10
-3.017797877382237563e-13 -5.404498899486154853e-12 7.966325756800070480e-12 6.649389859628292784e-12 8.757378295723285007e-12 3.795135287313326206e-12 7.906973909786095756e-13 -7.517161115647982119e-12 -8.425040414480547915e-12 -1.245914989209733799e-11 -9.078815892741993318e-12 -5.826511108374965210e-12 -8.064253802382831753e-12 -4.519946191869427460e-12 -3.371811736899688354e-12 -8.321539458744184606e-12 -1.286294495105828889e-11 -1.542588562515792780e-11 -1.679757820815887070e-11 -1.401600400220366644e-11 -1.701059654149105301e-11 -9.232152880834765272e-12 1.568785447051407615e-11 4.655343058838281034e-11 1.651514671242772889e-10 3.365401449578491329e-10
