7.220937488604769875e-11 2.133630261596729250e-11 1.509071181693330505e-11 9.671710855903068902e-12 1.140825365333575291e-12 4.441429371221392949e-12 3.751358424105050941e-12 7.168936907049417936e-12 4.255745519615818948e-12 4.233987375128237951e-12 3.841335681556436488e-12 2.511502663401862212e-12 1.449708936527844961e-12 3.125351353380811340e-12 5.121947892498216630e-12 6.952258519210099281e-12 7.138165898256891466e-12 9.708852355408080509e-12 5.454173709352690553e-12 2.861435997574372508e-12 4.759328059835855790e-12 5.608619299450256074e-12 2.219211453989046416e-11 3.473237114427881137e-11 1.339902383169654544e-11 -9.089624934859057691e-12
2.133630261596729250e-11 4.853065032223246612e-11 1.352323050022831095e-11 6.776098648630936724e-12 1.908538216179633430e-12 4.655009738584455819e-12 4.094279882827762130e-12 2.107403844844854405e-12 1.980400736207225295e-12 2.647330965366083423e-12 9.697675015799416145e-13 -6.250348100411341038e-13 7.069807287847231874e-13 -5.591593405888832825e-13 -1.556390186084878050e-12 -2.352934469846251911e-12 -4.115540912805959258e-12 -3.536820147025710503e-12 -2.626758230038751913e-12 -4.168889996847969328e-12 -4.673192691194101514e-12 -1.351108658548330134e-12 1.009548768578692764e-11 2.102323813734701776e-11 8.495023419459998483e-12 -9.547929692463212428e-12
1.509071181693330505e-11 1.352323050022831095e-11 3.609179128615157966e-11 1.377038289281702629e-11 4.597449244355468069e-12 6.616386973259769221e-12 4.281530739814615997e-12 3.602606003885811636e-12 2.253548985253922360e-12 3.494375191441412674e-13 -1.162975279745758587e-12 -1.568760350159484372e-12 -2.934152822281785137e-12 -1.815786047063947278e-12 3.715052463565494372e-13 2.142676057402586427e-13 2.992388854863032462e-12 6.983442278601841331e-12 9.994007774875317135e-12 1.200571786255634061e-11 1.216216710415788354e-11 9.471250912634454189e-12 1.068246245141581686e-11 9.532855647128116707e-12 9.723600591065477235e-14 -1.547037422397265588e-11
9.671710855903068902e-12 6.776098648630936724e-12 1.377038289281702629e-11 3.373972814103365721e-11 1.074208638378386470e-11 7.356120872813443433e-12 5.960259586471400559e-12 4.185930458818775644e-12 1.889336206054923242e-12 1.468515387284903607e-12 1.766339571113649847e-13 -1.832746474808014354e-12 -3.011154631475301902e-12 -1.257151620690566399e-12 1.401677328152130064e-12 4.164276830666804641e-12 8.537009416748789645e-12 1.208454817562528351e-11 1.343781485130698540e-11 1.402238948802387402e-11 1.583108164991232630e-11 1.063923934031883022e-11 4.699212809227658688e-12 3.917909523007285899e-12 4.128572159305042736e-13 -1.198403137784108931e-11
1.140825365333575291e-12 1.908538216179633430e-12 4.597449244355468069e-12 1.074208638378386470e-11 2.245597567219862697e-11 1.287000020397459477e-11 9.316384274407678072e-12 5.851314545787699695e-12 4.564767762796061660e-12 2.651910898646378170e-12 2.592445470466672335e-12 2.381004327199787607e-12 1.183170689241190036e-12 1.053278735417719836e-12 3.120172879955619325e-12 4.942506061607240140e-12 8.191719941975482636e-12 1.187436618456142698e-11 1.532582410618004747e-11 1.657223460734830884e-11 1.301824256314809635e-11 4.839930148583145071e-12 -3.709822274640005322e-12 5.521340246101431253e-12 1.277729940604777125e-11 -3.624723979978781326e-13
4.441429371221392949e-12 4.655009738584455819e-12 6.616386973259769221e-12 7.356120872813443433e-12 1.287000020397459477e-11 2.409961795691233508e-11 1.346696237244264670e-11 7.648343487239704372e-12 4.890541436652966146e-12 5.018290062049750862e-12 3.253054891469840649e-12 2.888828483929132640e-12 1.841551441408711108e-12 1.743348288254077778e-12 2.617309913423619282e-12 5.863490106406167853e-12 8.803135254169434648e-12 1.167975622575053650e-11 1.429733094250561659e-11 1.420472001902080905e-11 1.028209910666151233e-11 3.160198246359747361e-12 -6.534342399225633108e-13 2.241502444208548550e-12 3.155534343710746350e-12 1.831177553215859388e-12
3.751358424105050941e-12 4.094279882827762130e-12 4.281530739814615997e-12 5.960259586471400559e-12 9.316384274407678072e-12 1.346696237244264670e-11 1.976231141508023729e-11 1.114791438685660859e-11 8.191689117199293938e-12 6.812483251498650055e-12 5.752993103712556507e-12 4.524315988409379220e-12 2.964392816416996723e-12 2.977751602259040778e-12 3.734904367208358760e-12 4.248421608217382549e-12 5.544734770430013587e-12 7.409129114654333187e-12 1.103966745679326934e-11 1.037065496301167591e-11 9.266212357362668492e-12 2.630601713416034571e-12 1.496320233487254927e-12 1.762497501509703152e-12 -3.096108751742933676e-12 -3.877607519390499575e-12
7.168936907049417936e-12 2.107403844844854405e-12 3.602606003885811636e-12 4.185930458818775644e-12 5.851314545787699695e-12 7.648343487239704372e-12 1.114791438685660859e-11 1.987198420642846635e-11 1.354351455116509411e-11 1.011366535709323592e-11 8.195361853395952226e-12 6.604404503625704465e-12 5.655382800800810274e-12 5.195834904826165984e-12 5.709282245806340272e-12 4.975149166180966834e-12 7.190701892896502007e-12 1.047101819747415727e-11 1.386793468547247868e-11 1.389880717101524219e-11 1.458042727111228822e-11 1.374349537103274314e-11 1.775477987241531012e-11 1.664930719738674204e-11 2.191236496337029233e-12 -8.999491171627596686e-12
4.255745519615818948e-12 1.980400736207225295e-12 2.253548985253922360e-12 1.889336206054923242e-12 4.564767762796061660e-12 4.890541436652966146e-12 8.191689117199293938e-12 1.354351455116509411e-11 2.075529627149418329e-11 1.600061052784227247e-11 1.383547054246928321e-11 1.075299072839146497e-11 1.047616669642144491e-11 1.093185318780774061e-11 1.115093213369553186e-11 1.135710423817324198e-11 1.321826638967534962e-11 1.477812043091522297e-11 1.748165458920013864e-11 1.825912077439180323e-11 1.549430273508835724e-11 7.697762453853331126e-12 1.145351516947907256e-11 1.551167093528144547e-11 5.196126557809238105e-12 -6.012889433399438630e-12
4.233987375128237951e-12 2.647330965366083423e-12 3.494375191441412674e-13 1.468515387284903607e-12 2.651910898646378170e-12 5.018290062049750862e-12 6.812483251498650055e-12 1.011366535709323592e-11 1.600061052784227247e-11 2.491952427557034151e-11 2.092342517598797786e-11 1.538154284569329054e-11 1.572297979480578033e-11 1.578554289885242934e-11 1.564185126167137097e-11 1.646159169679799527e-11 1.766398555225816632e-11 1.960550856564564722e-11 2.025414107168943071e-11 2.254908609889237100e-11 2.240461398558699748e-11 1.284744332148121844e-11 1.753675111336274111e-11 2.007525610142215450e-11 1.258946095059665662e-11 1.467455962102512030e-12
3.841335681556436488e-12 9.697675015799416145e-13 -1.162975279745758587e-12 1.766339571113649847e-13 2.592445470466672335e-12 3.253054891469840649e-12 5.752993103712556507e-12 8.195361853395952226e-12 1.383547054246928321e-11 2.092342517598797786e-11 2.828857328035639631e-11 2.446678540649669871e-11 2.379447216910506519e-11 2.197620141176289848e-11 2.048164613426748224e-11 2.073088032922965154e-11 2.126414531519956466e-11 2.269520131207599241e-11 2.444096831466793986e-11 2.811538345052682486e-11 2.887690336569313385e-11 1.843089627309046570e-11 1.906583114847919372e-11 1.935586994279366104e-11 1.661062910237454409e-11 -1.714672290019302058e-12
2.511502663401862212e-12 -6.250348100411341038e-13 -1.568760350159484372e-12 -1.832746474808014354e-12 2.381004327199787607e-12 2.888828483929132640e-12 4.524315988409379220e-12 6.604404503625704465e-12 1.075299072839146497e-11 1.538154284569329054e-11 2.446678540649669871e-11 3.205933567495050701e-11 3.257513207765277544e-11 2.996646358215615190e-11 2.752116416008836645e-11 2.789837882835270100e-11 2.862621943749610124e-11 3.280022190538477902e-11 3.595120829259155604e-11 4.047780006784944637e-11 3.848286016098843281e-11 1.806456145105234656e-11 1.129447799720994464e-11 8.411851513107264077e-12 1.722083188213929501e-11 1.317606251203961718e-11
1.449708936527844961e-12 7.069807287847231874e-13 -2.934152822281785137e-12 -3.011154631475301902e-12 1.183170689241190036e-12 1.841551441408711108e-12 2.964392816416996723e-12 5.655382800800810274e-12 1.047616669642144491e-11 1.572297979480578033e-11 2.379447216910506519e-11 3.257513207765277544e-11 4.559576930565642915e-11 4.453549687504798418e-11 4.171846566981561924e-11 4.409824337181724129e-11 4.561314791421596091e-11 5.142108526408098555e-11 5.669089540634027484e-11 6.065552718010614162e-11 5.640071785145312974e-11 2.714184889287428218e-11 1.581477539249357703e-11 1.184626177159922247e-11 1.983669104079176783e-11 1.274011417902109127e-11
3.125351353380811340e-12 -5.591593405888832825e-13 -1.815786047063947278e-12 -1.257151620690566399e-12 1.053278735417719836e-12 1.743348288254077778e-12 2.977751602259040778e-12 5.195834904826165984e-12 1.093185318780774061e-11 1.578554289885242934e-11 2.197620141176289848e-11 2.996646358215615190e-11 4.453549687504798418e-11 5.659234026364840307e-11 5.913089457736747220e-11 6.447459072867101245e-11 6.977376226292694015e-11 7.942111660247192628e-11 8.909709743923168305e-11 9.524369915843025976e-11 8.174629020926262587e-11 2.917938253220694786e-11 9.380294598439770594e-12 1.466258352126641239e-11 2.129515204014924640e-11 7.806460089214416526e-12
5.121947892498216630e-12 -1.556390186084878050e-12 3.715052463565494372e-13 1.401677328152130064e-12 3.120172879955619325e-12 2.617309913423619282e-12 3.734904367208358760e-12 5.709282245806340272e-12 1.115093213369553186e-11 1.564185126167137097e-11 2.048164613426748224e-11 2.752116416008836645e-11 4.171846566981561924e-11 5.913089457736747220e-11 7.978182202630118962e-11 9.407570372564768931e-11 1.069135602278646024e-10 1.217653257437876681e-10 1.358408836853865192e-10 1.443497159132053232e-10 1.209212480298807663e-10 4.314200166755122435e-11 6.275068791517835496e-12 1.994072626699393318e-11 2.831640668518059304e-11 7.348422315117596111e-12
6.952258519210099281e-12 -2.352934469846251911e-12 2.142676057402586427e-13 4.164276830666804641e-12 4.942506061607240140e-12 5.863490106406167853e-12 4.248421608217382549e-12 4.975149166180966834e-12 1.135710423817324198e-11 1.646159169679799527e-11 2.073088032922965154e-11 2.789837882835270100e-11 4.409824337181724129e-11 6.447459072867101245e-11 9.407570372564768931e-11 1.327257127787777479e-10 1.621854179127971358e-10 1.887857054735591143e-10 2.095323789459124006e-10 2.223551477281486287e-10 1.897366338391055815e-10 7.399402991539098559e-11 6.156949162488101054e-12 2.651993421311867423e-11 4.048733454656302730e-11 1.225897677462417050e-11
7.138165898256891466e-12 -4.115540912805959258e-12 2.992388854863032462e-12 8.537009416748789645e-12 8.191719941975482636e-12 8.803135254169434648e-12 5.544734770430013587e-12 7.190701892896502007e-12 1.321826638967534962e-11 1.766398555225816632e-11 2.126414531519956466e-11 2.862621943749610124e-11 4.561314791421596091e-11 6.977376226292694015e-11 1.069135602278646024e-10 1.621854179127971358e-10 2.270869564083816421e-10 2.762524968296137601e-10 3.108026094703515457e-10 3.305755000479045859e-10 2.909692918078354064e-10 1.329815013148744134e-10 1.155166328416678439e-11 2.543659667970762924e-11 4.206878765759061600e-11 7.236362195863982365e-12
9.708852355408080509e-12 -3.536820147025710503e-12 6.983442278601841331e-12 1.208454817562528351e-11 1.187436618456142698e-11 1.167975622575053650e-11 7.409129114654333187e-12 1.047101819747415727e-11 1.477812043091522297e-11 1.960550856564564722e-11 2.269520131207599241e-11 3.280022190538477902e-11 5.142108526408098555e-11 7.942111660247192628e-11 1.217653257437876681e-10 1.887857054735591143e-10 2.762524968296137601e-10 3.671676170223353221e-10 4.271388058764625208e-10 4.547145510722290197e-10 4.103779536807854478e-10 2.157873149802245606e-10 2.940499527135723119e-11 2.692082489163224778e-11 3.803718342095998249e-11 -2.550436962938086695e-12
5.454173709352690553e-12 -2.626758230038751913e-12 9.994007774875317135e-12 1.343781485130698540e-11 1.532582410618004747e-11 1.429733094250561659e-11 1.103966745679326934e-11 1.386793468547247868e-11 1.748165458920013864e-11 2.025414107168943071e-11 2.444096831466793986e-11 3.595120829259155604e-11 5.669089540634027484e-11 8.909709743923168305e-11 1.358408836853865192e-10 2.095323789459124006e-10 3.108026094703515457e-10 4.271388058764625208e-10 5.376252002783462282e-10 5.978721389812365449e-10 5.605101756612097333e-10 3.428937150827252961e-10 8.395447204536943626e-11 4.219573428328462826e-11 4.154519730025962927e-11 -1.146235276809432174e-11
2.861435997574372508e-12 -4.168889996847969328e-12 1.200571786255634061e-11 1.402238948802387402e-11 1.657223460734830884e-11 1.420472001902080905e-11 1.037065496301167591e-11 1.389880717101524219e-11 1.825912077439180323e-11 2.254908609889237100e-11 2.811538345052682486e-11 4.047780006784944637e-11 6.065552718010614162e-11 9.524369915843025976e-11 1.443497159132053232e-10 2.223551477281486287e-10 3.305755000479045859e-10 4.547145510722290197e-10 5.978721389812365449e-10 7.365023539989375816e-10 7.455085747249414606e-10 5.298517026726181909e-10 1.958420120142555699e-10 6.807226504300672214e-11 5.042242894680195845e-11 -2.127825010249781503e-11
4.759328059835855790e-12 -4.673192691194101514e-12 1.216216710415788354e-11 1.583108164991232630e-11 1.301824256314809635e-11 1.028209910666151233e-11 9.266212357362668492e-12 1.458042727111228822e-11 1.549430273508835724e-11 2.240461398558699748e-11 2.887690336569313385e-11 3.848286016098843281e-11 5.640071785145312974e-11 8.174629020926262587e-11 1.209212480298807663e-10 1.897366338391055815e-10 2.909692918078354064e-10 4.103779536807854478e-10 5.605101756612097333e-10 7.455085747249414606e-10 8.603404154400323098e-10 7.382648295514707235e-10 3.902366191544106656e-10 1.257214974519505855e-10 2.791785228029246386e-11 -3.956890300384220757e-11
5.608619299450256074e-12 -1.351108658548330134e-12 9.471250912634454189e-12 1.063923934031883022e-11 4.839930148583145071e-12 3.160198246359747361e-12 2.630601713416034571e-12 1.374349537103274314e-11 7.697762453853331126e-12 1.284744332148121844e-11 1.843089627309046570e-11 1.806456145105234656e-11 2.714184889287428218e-11 2.917938253220694786e-11 4.314200166755122435e-11 7.399402991539098559e-11 1.329815013148744134e-10 2.157873149802245606e-10 3.428937150827252961e-10 5.298517026726181909e-10 7.382648295514707235e-10 8.543799946867515400e-10 6.267690931595836233e-10 2.449833042692491096e-10 -1.978035433391183177e-12 -5.476606882377314579e-11
2.219211453989046416e-11 1.009548768578692764e-11 1.068246245141581686e-11 4.699212809227658688e-12 -3.709822274640005322e-12 -6.534342399225633108e-13 1.496320233487254927e-12 1.775477987241531012e-11 1.145351516947907256e-11 1.753675111336274111e-11 1.906583114847919372e-11 1.129447799720994464e-11 1.581477539249357703e-11 9.380294598439770594e-12 6.275068791517835496e-12 6.156949162488101054e-12 1.155166328416678439e-11 2.940499527135723119e-11 8.395447204536943626e-11 1.958420120142555699e-10 3.902366191544106656e-10 6.267690931595836233e-10 7.107496999510937308e-10 4.464116193038590566e-10 6.349531507777628116e-11 -2.230290341699053107e-11
3.473237114427881137e-11 2.102323813734701776e-11 9.532855647128116707e-12 3.917909523007285899e-12 5.521340246101431253e-12 2.241502444208548550e-12 1.762497501509703152e-12 1.664930719738674204e-11 1.551167093528144547e-11 2.007525610142215450e-11 1.935586994279366104e-11 8.411851513107264077e-12 1.184626177159922247e-11 1.466258352126641239e-11 1.994072626699393318e-11 2.651993421311867423e-11 2.543659667970762924e-11 2.692082489163224778e-11 4.219573428328462826e-11 6.807226504300672214e-11 1.257214974519505855e-10 2.449833042692491096e-10 4.464116193038590566e-10 5.864153439753648326e-10 3.276013518902523034e-10 7.115198021765254523e-11
1.339902383169654544e-11 8.495023419459998483e-12 9.723600591065477235e-14 4.128572159305042736e-13 1.277729940604777125e-11 3.155534343710746350e-12 -3.096108751742933676e-12 2.191236496337029233e-12 5.196126557809238105e-12 1.258946095059665662e-11 1.661062910237454409e-11 1.722083188213929501e-11 1.983669104079176783e-11 2.129515204014924640e-11 2.831640668518059304e-11 4.048733454656302730e-11 4.206878765759061600e-11 3.803718342095998249e-11 4.154519730025962927e-11 5.042242894680195845e-11 2.791785228029246386e-11 -1.978035433391183177e-12 6.349531507777628116e-11 3.276013518902523034e-10 5.656524300117146094e-10 3.109631693880223008e-10
-9.089624934859057691e-12 -9.547929692463212428e-12 -1.547037422397265588e-11 -1.198403137784108931e-11 -3.624723979978781326e-13 1.831177553215859388e-12 -3.877607519390499575e-12 -8.999491171627596686e-12 -6.012889433399438630e-12 1.467455962102512030e-12 -1.714672290019302058e-12 1.317606251203961718e-11 1.274011417902109127e-11 7.806460089214416526e-12 7.348422315117596111e-12 1.225897677462417050e-11 7.236362195863982365e-12 -2.550436962938086695e-12 -1.146235276809432174e-11 -2.127825010249781503e-11 -3.956890300384220757e-11 -5.476606882377314579e-11 -2.230290341699053107e-11 7.115198021765254523e-11 3.109631693880223008e-10 5.192059352784306441e-10
