5.918704747020285699e-11 1.787214892837613537e-11 1.020581380456000911e-11 4.495003084034221777e-12 1.432758401839676472e-12 2.252433044113866034e-12 2.901834166876320144e-12 6.632220479259449897e-12 2.462413614577959560e-12 4.906628113087608212e-12 1.115402569155373371e-12 3.124619747331603722e-12 5.748847527342849206e-12 4.465786662203768154e-12 3.275464177884120147e-12 2.395084355103865550e-12 2.763270793177818866e-12 6.170392120252396005e-12 5.514796478727486950e-12 -1.984897403095825848e-13 -1.427205217949671779e-11 -1.556230501514215029e-11 -1.826154307710815048e-11 -9.604994273072390782e-12 3.567117966037419195e-12 -1.976847574130052268e-11
1.787214892837613537e-11 4.402085582038108072e-11 1.717618476284907663e-11 6.401842479317259108e-12 2.826637091886662476e-12 2.827431809234001384e-12 4.177286572176389401e-12 3.541776841916672792e-12 1.234278884413518959e-12 2.449747351348921777e-12 -6.272637800278613010e-13 1.036433741872958561e-12 1.752142733457012392e-12 3.591778409648360332e-13 -7.439085812017089865e-13 9.425794275801959289e-13 1.508338302431063667e-12 2.086123079232651598e-13 5.412045944234840958e-12 6.583037239547296057e-12 2.890920814790250494e-13 1.200792252015383014e-12 -5.352795366352349467e-12 3.478562782164914126e-12 1.296502695672194915e-11 -1.113031804382862907e-11
1.020581380456000911e-11 1.717618476284907663e-11 3.943460001347389896e-11 1.512214867012830260e-11 8.394009393044009373e-12 5.004207114227751380e-12 3.732552424327950155e-12 2.909512800174498950e-12 2.295198321974137773e-12 2.020073997457840708e-12 -5.490085920695359318e-13 2.403633004039200523e-12 3.687756501702708103e-12 1.846625478415769629e-12 -7.623304667867859849e-13 -3.794541252076389763e-12 -4.693112145810676349e-12 -6.558432291710587276e-12 -1.574123937733001403e-12 2.853262581062934374e-12 -3.183994524134282216e-12 -5.919086202906158327e-12 -1.101037167973943535e-12 1.217247651264245869e-11 6.957126488441692070e-12 -8.527771190953206025e-12
4.495003084034221777e-12 6.401842479317259108e-12 1.512214867012830260e-11 3.165559279912897156e-11 1.324704839908510600e-11 6.317705964066652452e-12 4.830730086655528976e-12 2.931377587800032097e-12 4.876524687386626764e-13 1.230932418799316271e-13 -3.512102532047445728e-12 -3.140783481898988685e-12 -3.935042077223588056e-12 -4.492269116542773042e-12 -5.197833195751392878e-12 -5.220575583178565973e-12 -5.081463012191883462e-12 -7.615721665720695910e-12 -7.257847887613502074e-12 -6.481057625878992991e-12 -8.141511801961964915e-12 -8.242216499341238279e-12 1.846552721523544467e-12 1.009903166023913180e-11 4.076765397278030297e-13 -9.802625490418029078e-13
1.432758401839676472e-12 2.826637091886662476e-12 8.394009393044009373e-12 1.324704839908510600e-11 2.575004535124646775e-11 9.781941242424264879e-12 5.680751854950798206e-12 2.825754636341522649e-12 1.910317293707158401e-12 2.618044758246968428e-12 1.127696311433953237e-12 2.237322002021202444e-12 1.633490354080643662e-12 1.761299909794574871e-12 1.124174798659043483e-12 3.199732250534007109e-12 5.679855358686108638e-12 6.327953557415467741e-12 1.152544558249206218e-11 1.533556163805939974e-11 1.229611269501188335e-11 5.666232570716583787e-12 5.206155189381948733e-12 7.243732620157988600e-12 -3.817730998155995303e-13 -4.612467303618181795e-12
2.252433044113866034e-12 2.827431809234001384e-12 5.004207114227751380e-12 6.317705964066652452e-12 9.781941242424264879e-12 1.971892811895677515e-11 1.271399595078305916e-11 9.392866179328673663e-12 6.517831581505929813e-12 7.388866709304633120e-12 5.496490591337227121e-12 5.226902016305529048e-12 5.001048699041451997e-12 2.457214479653675259e-12 3.486278526782610895e-12 6.090689703549704234e-12 7.618406491065172714e-12 8.007961853956401231e-12 1.256582158826321020e-11 1.614722494096844420e-11 2.105695761649832835e-11 1.986054335571738033e-11 1.018786201638504330e-11 -2.523026539237654460e-12 -2.716505427026821801e-13 -8.050573522552781020e-12
2.901834166876320144e-12 4.177286572176389401e-12 3.732552424327950155e-12 4.830730086655528976e-12 5.680751854950798206e-12 1.271399595078305916e-11 2.273315598827977620e-11 1.759067499779146277e-11 1.272444061583730845e-11 1.129986930280281709e-11 9.532185333913614801e-12 8.185445500707828154e-12 7.966806233900403513e-12 7.712193385372035884e-12 9.593832121522594643e-12 1.258190469398821713e-11 1.598763018810169505e-11 1.804153887526108902e-11 2.076381549353938671e-11 2.035822012555699036e-11 1.571520362661541386e-11 6.751380130145513681e-12 1.938480456734549010e-12 -2.631050029725451201e-12 8.206715608279642407e-12 7.886877636074448588e-12
6.632220479259449897e-12 3.541776841916672792e-12 2.909512800174498950e-12 2.931377587800032097e-12 2.825754636341522649e-12 9.392866179328673663e-12 1.759067499779146277e-11 2.822010980517905787e-11 2.044654908665186020e-11 1.616266512468636470e-11 1.361008862349454162e-11 1.065709720416840534e-11 1.053278151642231673e-11 1.145230417055774725e-11 1.273217011339932741e-11 1.456598149965059834e-11 1.873630704046988462e-11 2.198472375598542337e-11 2.528133677803319936e-11 2.544714675612372714e-11 2.026700977780038277e-11 5.346951799059011149e-12 -2.977092093231706306e-12 -5.609434635052864626e-12 1.404709751512998720e-11 1.051251579708676775e-11
2.462413614577959560e-12 1.234278884413518959e-12 2.295198321974137773e-12 4.876524687386626764e-13 1.910317293707158401e-12 6.517831581505929813e-12 1.272444061583730845e-11 2.044654908665186020e-11 2.875984036713363695e-11 2.446944489303108734e-11 2.074944499047680748e-11 1.960603995335051194e-11 2.029311090214230516e-11 2.267278971565356813e-11 2.524633039885955195e-11 2.745275043185889760e-11 3.152884777848980839e-11 3.615693199000594633e-11 4.360817218184585096e-11 4.920538657591545696e-11 5.219598845136459672e-11 3.481414747608823162e-11 2.244916262147342647e-11 9.164230967880596394e-12 8.829002240516412373e-12 8.439227215043258664e-12
4.906628113087608212e-12 2.449747351348921777e-12 2.020073997457840708e-12 1.230932418799316271e-13 2.618044758246968428e-12 7.388866709304633120e-12 1.129986930280281709e-11 1.616266512468636470e-11 2.446944489303108734e-11 3.266143284180358215e-11 2.870888612001476930e-11 2.636025594792021337e-11 2.707421445821018576e-11 2.935604664154328022e-11 3.207337063994036360e-11 3.463378737868096068e-11 3.886691917790633793e-11 4.293598106316745598e-11 4.811079304667287254e-11 5.334452205164376110e-11 5.529173110600602731e-11 4.111095444329454516e-11 3.383176233203812092e-11 2.506246558369358848e-11 1.636317005050190321e-11 -5.129215696017506600e-13
1.115402569155373371e-12 -6.272637800278613010e-13 -5.490085920695359318e-13 -3.512102532047445728e-12 1.127696311433953237e-12 5.496490591337227121e-12 9.532185333913614801e-12 1.361008862349454162e-11 2.074944499047680748e-11 2.870888612001476930e-11 3.707301141928295754e-11 3.640478942786631622e-11 3.589150836084067193e-11 3.948216569270443696e-11 4.182836932001320660e-11 4.372679516360618430e-11 4.866295875125575727e-11 5.355552500607253527e-11 5.746258573365205735e-11 6.268584654676577585e-11 6.101007632683260166e-11 4.050866758819273096e-11 2.868718781045425937e-11 2.007754654231783535e-11 1.793588437015463266e-11 -9.176087084957160631e-12
3.124619747331603722e-12 1.036433741872958561e-12 2.403633004039200523e-12 -3.140783481898988685e-12 2.237322002021202444e-12 5.226902016305529048e-12 8.185445500707828154e-12 1.065709720416840534e-11 1.960603995335051194e-11 2.636025594792021337e-11 3.640478942786631622e-11 5.165947265003970802e-11 5.455860769419016549e-11 5.791912008270746431e-11 6.087717110958580779e-11 6.333596162912705165e-11 6.928476580732968318e-11 7.498292383630004279e-11 8.042543075500582017e-11 8.700898862823196795e-11 8.204717915703345100e-11 5.042657870709397186e-11 3.911548154681567830e-11 2.405955059808940458e-11 3.296780063945080541e-12 -2.044164007476827328e-11
5.748847527342849206e-12 1.752142733457012392e-12 3.687756501702708103e-12 -3.935042077223588056e-12 1.633490354080643662e-12 5.001048699041451997e-12 7.966806233900403513e-12 1.053278151642231673e-11 2.029311090214230516e-11 2.707421445821018576e-11 3.589150836084067193e-11 5.455860769419016549e-11 7.292494007222917891e-11 8.058819553587626921e-11 8.473948470086861659e-11 8.867646254177340389e-11 9.563920991665370958e-11 1.034701548895520252e-10 1.118716485746086044e-10 1.220135246410278736e-10 1.124920818179542497e-10 6.061028984609441073e-11 3.915198222899794305e-11 2.422592360242583871e-11 1.255065953658926717e-11 -1.364046405915663951e-11
4.465786662203768154e-12 3.591778409648360332e-13 1.846625478415769629e-12 -4.492269116542773042e-12 1.761299909794574871e-12 2.457214479653675259e-12 7.712193385372035884e-12 1.145230417055774725e-11 2.267278971565356813e-11 2.935604664154328022e-11 3.948216569270443696e-11 5.791912008270746431e-11 8.058819553587626921e-11 1.096242775925490988e-10 1.205460835420319461e-10 1.289133755453904351e-10 1.391674569739502164e-10 1.539438269042476979e-10 1.670809699854281899e-10 1.769546692565312429e-10 1.548194593839429570e-10 6.814638025832598122e-11 1.775385914089505170e-11 2.824098822340345720e-13 8.915114618345023203e-12 -6.768298701582454476e-12
3.275464177884120147e-12 -7.439085812017089865e-13 -7.623304667867859849e-13 -5.197833195751392878e-12 1.124174798659043483e-12 3.486278526782610895e-12 9.593832121522594643e-12 1.273217011339932741e-11 2.524633039885955195e-11 3.207337063994036360e-11 4.182836932001320660e-11 6.087717110958580779e-11 8.473948470086861659e-11 1.205460835420319461e-10 1.576325343508442415e-10 1.798462040339730419e-10 1.998829134300500181e-10 2.215028333895378179e-10 2.398172154513086632e-10 2.535516031182639192e-10 2.325410629772170472e-10 1.193593665160654709e-10 4.143314999516425227e-11 -2.918889729347883179e-12 -6.135547112775153465e-12 -2.892336797197097629e-12
2.395084355103865550e-12 9.425794275801959289e-13 -3.794541252076389763e-12 -5.220575583178565973e-12 3.199732250534007109e-12 6.090689703549704234e-12 1.258190469398821713e-11 1.456598149965059834e-11 2.745275043185889760e-11 3.463378737868096068e-11 4.372679516360618430e-11 6.333596162912705165e-11 8.867646254177340389e-11 1.289133755453904351e-10 1.798462040339730419e-10 2.306037873770861593e-10 2.718030674262307901e-10 3.064270512680078941e-10 3.313714623732340698e-10 3.494473695894418143e-10 3.288833717265629511e-10 1.758424564421966995e-10 5.898572042048743436e-11 -5.616278018692878739e-12 -1.239752990276418994e-11 -1.291858201098034887e-11
2.763270793177818866e-12 1.508338302431063667e-12 -4.693112145810676349e-12 -5.081463012191883462e-12 5.679855358686108638e-12 7.618406491065172714e-12 1.598763018810169505e-11 1.873630704046988462e-11 3.152884777848980839e-11 3.886691917790633793e-11 4.866295875125575727e-11 6.928476580732968318e-11 9.563920991665370958e-11 1.391674569739502164e-10 1.998829134300500181e-10 2.718030674262307901e-10 3.562584699354922956e-10 4.221991639766192315e-10 4.647747501574795789e-10 4.964306951268059662e-10 4.730530844888527632e-10 2.621913059823967880e-10 8.455972199941562056e-11 -5.964406651492689130e-12 -2.054893961037427433e-11 -3.551481394365090136e-11
6.170392120252396005e-12 2.086123079232651598e-13 -6.558432291710587276e-12 -7.615721665720695910e-12 6.327953557415467741e-12 8.007961853956401231e-12 1.804153887526108902e-11 2.198472375598542337e-11 3.615693199000594633e-11 4.293598106316745598e-11 5.355552500607253527e-11 7.498292383630004279e-11 1.034701548895520252e-10 1.539438269042476979e-10 2.215028333895378179e-10 3.064270512680078941e-10 4.221991639766192315e-10 5.536026423136621254e-10 6.431364862077157170e-10 7.057190796175929092e-10 6.878731784783491757e-10 4.281067324272093529e-10 1.654221443814428681e-10 1.560696571819071104e-11 -3.952329272839508817e-11 -7.831754349296246481e-11
5.514796478727486950e-12 5.412045944234840958e-12 -1.574123937733001403e-12 -7.257847887613502074e-12 1.152544558249206218e-11 1.256582158826321020e-11 2.076381549353938671e-11 2.528133677803319936e-11 4.360817218184585096e-11 4.811079304667287254e-11 5.746258573365205735e-11 8.042543075500582017e-11 1.118716485746086044e-10 1.670809699854281899e-10 2.398172154513086632e-10 3.313714623732340698e-10 4.647747501574795789e-10 6.431364862077157170e-10 8.253105328644415719e-10 9.675612261108627147e-10 9.903844042432181697e-10 7.043620248225513124e-10 3.215964324278925837e-10 5.526674615839438148e-11 -4.489054187377120033e-11 -1.023971508028198714e-10
-1.984897403095825848e-13 6.583037239547296057e-12 2.853262581062934374e-12 -6.481057625878992991e-12 1.533556163805939974e-11 1.614722494096844420e-11 2.035822012555699036e-11 2.544714675612372714e-11 4.920538657591545696e-11 5.334452205164376110e-11 6.268584654676577585e-11 8.700898862823196795e-11 1.220135246410278736e-10 1.769546692565312429e-10 2.535516031182639192e-10 3.494473695894418143e-10 4.964306951268059662e-10 7.057190796175929092e-10 9.675612261108627147e-10 1.250287005120032414e-09 1.380251032909286138e-09 1.110123493167108224e-09 5.952085208521181216e-10 1.277374614357585571e-10 -4.860393372017241946e-11 -1.398283604992401866e-10
-1.427205217949671779e-11 2.890920814790250494e-13 -3.183994524134282216e-12 -8.141511801961964915e-12 1.229611269501188335e-11 2.105695761649832835e-11 1.571520362661541386e-11 2.026700977780038277e-11 5.219598845136459672e-11 5.529173110600602731e-11 6.101007632683260166e-11 8.204717915703345100e-11 1.124920818179542497e-10 1.548194593839429570e-10 2.325410629772170472e-10 3.288833717265629511e-10 4.730530844888527632e-10 6.878731784783491757e-10 9.903844042432181697e-10 1.380251032909286138e-09 1.691491376362177811e-09 1.546106556526499583e-09 9.641736539005494123e-10 2.361550892040566593e-10 -7.976645703221731773e-11 -1.958880203168930502e-10
-1.556230501514215029e-11 1.200792252015383014e-12 -5.919086202906158327e-12 -8.242216499341238279e-12 5.666232570716583787e-12 1.986054335571738033e-11 6.751380130145513681e-12 5.346951799059011149e-12 3.481414747608823162e-11 4.111095444329454516e-11 4.050866758819273096e-11 5.042657870709397186e-11 6.061028984609441073e-11 6.814638025832598122e-11 1.193593665160654709e-10 1.758424564421966995e-10 2.621913059823967880e-10 4.281067324272093529e-10 7.043620248225513124e-10 1.110123493167108224e-09 1.546106556526499583e-09 1.758149608074870603e-09 1.378608683653238390e-09 5.096765279660250074e-10 -6.602062566868416128e-11 -2.133473271540787584e-10
-1.826154307710815048e-11 -5.352795366352349467e-12 -1.101037167973943535e-12 1.846552721523544467e-12 5.206155189381948733e-12 1.018786201638504330e-11 1.938480456734549010e-12 -2.977092093231706306e-12 2.244916262147342647e-11 3.383176233203812092e-11 2.868718781045425937e-11 3.911548154681567830e-11 3.915198222899794305e-11 1.775385914089505170e-11 4.143314999516425227e-11 5.898572042048743436e-11 8.455972199941562056e-11 1.654221443814428681e-10 3.215964324278925837e-10 5.952085208521181216e-10 9.641736539005494123e-10 1.378608683653238390e-09 1.538451269758135562e-09 9.685090584857122459e-10 9.057785288591357650e-11 -1.629394363387678059e-10
-9.604994273072390782e-12 3.478562782164914126e-12 1.217247651264245869e-11 1.009903166023913180e-11 7.243732620157988600e-12 -2.523026539237654460e-12 -2.631050029725451201e-12 -5.609434635052864626e-12 9.164230967880596394e-12 2.506246558369358848e-11 2.007754654231783535e-11 2.405955059808940458e-11 2.422592360242583871e-11 2.824098822340345720e-13 -2.918889729347883179e-12 -5.616278018692878739e-12 -5.964406651492689130e-12 1.560696571819071104e-11 5.526674615839438148e-11 1.277374614357585571e-10 2.361550892040566593e-10 5.096765279660250074e-10 9.685090584857122459e-10 1.147189655961350817e-09 4.980196411941538647e-10 -1.216112573211039715e-11
3.567117966037419195e-12 1.296502695672194915e-11 6.957126488441692070e-12 4.076765397278030297e-13 -3.817730998155995303e-13 -2.716505427026821801e-13 8.206715608279642407e-12 1.404709751512998720e-11 8.829002240516412373e-12 1.636317005050190321e-11 1.793588437015463266e-11 3.296780063945080541e-12 1.255065953658926717e-11 8.915114618345023203e-12 -6.135547112775153465e-12 -1.239752990276418994e-11 -2.054893961037427433e-11 -3.952329272839508817e-11 -4.489054187377120033e-11 -4.860393372017241946e-11 -7.976645703221731773e-11 -6.602062566868416128e-11 9.057785288591357650e-11 4.980196411941538647e-10 9.582897995890851524e-10 5.060583781742798618e-10
-1.976847574130052268e-11 -1.113031804382862907e-11 -8.527771190953206025e-12 -9.802625490418029078e-13 -4.612467303618181795e-12 -8.050573522552781020e-12 7.886877636074448588e-12 1.051251579708676775e-11 8.439227215043258664e-12 -5.129215696017506600e-13 -9.176087084957160631e-12 -2.044164007476827328e-11 -1.364046405915663951e-11 -6.768298701582454476e-12 -2.892336797197097629e-12 -1.291858201098034887e-11 -3.551481394365090136e-11 -7.831754349296246481e-11 -1.023971508028198714e-10 -1.398283604992401866e-10 -1.958880203168930502e-10 -2.133473271540787584e-10 -1.629394363387678059e-10 -1.216112573211039715e-11 5.060583781742798618e-10 9.891252686561684745e-10
