6.721521242454366096e-12 5.110453877908179943e-13 5.300127081050850296e-13 -9.605974850025439273e-14 1.984780589689946673e-13 3.648771881661241179e-14 6.427305007416985741e-14 1.413220077504191161e-13 7.140567943084967145e-14 8.373367937758100258e-14 1.162760991426717295e-13 8.706406243285354272e-14 -2.577054906548421703e-14 3.958956092469220951e-14 7.727218936826542461e-14 2.134813926561136559e-14 1.954263477674627390e-14 -2.149019222950806026e-14 -4.773799161120979136e-14 -3.525678674889654031e-14 -3.858744820404977980e-14 -3.199545302244840724e-14 -8.554046635243559271e-15 1.749257651759358591e-14 3.158823890931742953e-15 -6.353011296529302975e-14
5.110453877908179943e-13 3.808518394048090058e-12 1.142252553780945052e-13 -1.720627334543859588e-13 -2.072699159201265326e-13 -1.615912724901981103e-13 1.149997885475234415e-13 1.070916235638599081e-13 7.739599117561490150e-14 -1.384233612432608631e-14 -4.140708654425049727e-14 -5.002290333418559871e-14 2.710808726554966524e-15 -4.730959878674808231e-15 -2.554783846656391920e-15 4.856236365978721330e-14 9.237345184876736095e-14 -1.552401735181514118e-14 -5.866702412070899363e-14 -3.029157159187321549e-14 -5.302278995227135331e-14 -2.051908081134966880e-14 -4.918827385986037454e-15 -2.393383192919920352e-14 -2.094816694202075587e-14 1.943796115303468776e-14
5.300127081050850296e-13 1.142252553780945052e-13 3.830195294824974809e-12 5.818170606057023351e-13 1.294119104432154074e-14 5.038890840095670021e-14 -2.758684759564896690e-14 -1.160513631246071140e-13 9.457063045534496147e-14 6.281725782439735905e-14 3.331630792584046659e-14 9.923565327082861653e-14 -2.032970251979351421e-14 -4.225605257231326709e-15 1.002560471643276328e-14 5.527655471886058272e-14 2.945470898025651027e-14 3.766500995152696596e-14 -2.607681893813668153e-14 1.862109205671055124e-15 1.511197429688135765e-14 4.782194631640554094e-14 9.023775364283324403e-14 7.691115471803622007e-14 4.476704226903286658e-15 -2.940561122726694481e-14
-9.605974850025439273e-14 -1.720627334543859588e-13 5.818170606057023351e-13 2.037934987896019617e-12 1.768980628593904385e-13 3.357932418492700350e-14 7.625387730473476463e-14 -1.482031793849452184e-14 3.862284672982895666e-14 -5.813185129296927905e-15 3.257464266184145442e-14 -4.447382853571115947e-14 -7.270995722697273995e-15 -1.459004511380257205e-14 -2.495661076879031467e-14 -1.410438632576885330e-14 -1.677294059271013780e-14 9.925366794479839695e-15 -1.020183944336914469e-14 2.401586519234043628e-14 1.684992745413242035e-14 -4.664190595554548368e-15 -3.719548433358242849e-16 2.759441294938794937e-14 -6.790460227796682561e-15 -2.107164652356734792e-14
1.984780589689946673e-13 -2.072699159201265326e-13 1.294119104432154074e-14 1.768980628593904385e-13 1.325376384026429186e-12 1.991990933273304286e-13 8.504590393220388666e-14 5.657329248105141221e-14 1.003012739249164685e-13 -2.349311520264170614e-15 7.913778953642492786e-14 -6.894010704696413241e-15 -2.032814237536057983e-14 -2.680706201326989967e-14 -7.058930700256500704e-14 -2.320480746238860825e-14 -3.033102978100844446e-14 -2.422387178280445435e-14 -2.919351637476671035e-14 -2.072514981546637493e-14 -3.832990805920218396e-14 -5.769100083361890682e-15 1.441466719668376218e-14 2.773426089599492339e-14 -8.762323025643687827e-15 -1.665574970659429674e-14
3.648771881661241179e-14 -1.615912724901981103e-13 5.038890840095670021e-14 3.357932418492700350e-14 1.991990933273304286e-13 9.752711616983402197e-13 6.184553519525940548e-14 1.328857825674573273e-13 9.158905705772999305e-14 4.068976365905362849e-14 2.264160113583984493e-14 4.538805588356650261e-14 -4.106530348595394532e-15 2.335058894226436927e-14 -3.379514113911100201e-15 1.199246435746031678e-14 -1.189904184180637220e-14 5.257363076771133877e-16 -2.946700733274807550e-15 3.415865649525073729e-14 2.642230662259339977e-14 3.188166380661570542e-14 1.688547164728192683e-14 6.348299139051023592e-15 -1.976418036428897753e-14 -2.080207875732124137e-14
6.427305007416985741e-14 1.149997885475234415e-13 -2.758684759564896690e-14 7.625387730473476463e-14 8.504590393220388666e-14 6.184553519525940548e-14 6.132180103497860534e-13 4.916799610956592745e-14 9.394074103079179144e-14 3.791649365157163444e-14 2.641757582305594655e-14 -2.886340162914871584e-14 2.363892905614990153e-15 2.515536957146841966e-15 4.226082582391913593e-15 9.182714928877664293e-15 7.855933590461474935e-15 3.721147025870840783e-15 8.641933542999082460e-15 1.003557985659840307e-14 1.994750423605771578e-14 2.633857230520559798e-14 2.574634138242206797e-14 3.310530806269896402e-14 1.544785819808127300e-14 -5.432984697651038980e-15
1.413220077504191161e-13 1.070916235638599081e-13 -1.160513631246071140e-13 -1.482031793849452184e-14 5.657329248105141221e-14 1.328857825674573273e-13 4.916799610956592745e-14 4.907540085004578410e-13 1.006822599870184450e-13 5.057262561308228618e-14 1.018443711563247476e-14 2.077685267347245948e-14 5.639832493569107612e-15 2.707793047031670409e-14 3.283003581694682476e-14 1.138998589389911253e-14 2.477465055818636171e-14 1.386760339417978832e-14 1.925250651467209968e-14 3.967979692861341579e-15 1.057786375453538576e-14 5.884023622769167474e-15 -2.942120348346046721e-15 -7.553657927300067678e-15 -2.891633566033130661e-15 -4.469330306433553078e-15
7.140567943084967145e-14 7.739599117561490150e-14 9.457063045534496147e-14 3.862284672982895666e-14 1.003012739249164685e-13 9.158905705772999305e-14 9.394074103079179144e-14 1.006822599870184450e-13 3.408608779648507608e-13 6.507621923901346115e-14 3.765313440153993827e-14 1.505455969392625291e-14 1.240398522450981357e-14 5.697246326502209584e-15 -5.903539688343405644e-16 -1.194119168244600600e-15 3.470205793142179879e-14 1.849915022810472382e-14 1.247006120680722227e-14 5.682856061881926623e-16 1.452648627688297251e-15 -1.217408034671574244e-14 -5.789043467816052053e-15 1.249305028313164269e-16 8.095036773585460065e-15 -5.564294665542677421e-15
8.373367937758100258e-14 -1.384233612432608631e-14 6.281725782439735905e-14 -5.813185129296927905e-15 -2.349311520264170614e-15 4.068976365905362849e-14 3.791649365157163444e-14 5.057262561308228618e-14 6.507621923901346115e-14 2.281457483397054428e-13 4.105082628905199152e-14 1.952700270575099784e-14 2.791510298460912080e-15 -2.277790955757000496e-15 2.353119358283202783e-15 2.741597644039393198e-14 1.982456364295725629e-14 1.396644949547738595e-14 1.187024467252217856e-14 3.855699476274957008e-15 1.997655268939535179e-14 2.503628730840611690e-14 1.862406066790412577e-14 7.654624186393294574e-15 5.926955303014394139e-15 4.108993877384446303e-15
1.162760991426717295e-13 -4.140708654425049727e-14 3.331630792584046659e-14 3.257464266184145442e-14 7.913778953642492786e-14 2.264160113583984493e-14 2.641757582305594655e-14 1.018443711563247476e-14 3.765313440153993827e-14 4.105082628905199152e-14 1.834230418775260856e-13 3.569594967602042295e-14 2.539523284500054921e-14 2.029254183512028734e-14 6.938135829391364949e-15 4.602831248623252795e-15 1.250557863267693935e-15 6.567063237231457223e-15 1.427380484632499725e-15 6.071579833398807186e-15 3.194256628539098803e-15 8.330157960492295775e-15 2.054632693888439930e-14 1.138581160733819953e-14 6.519383305094391980e-15 3.882232072363893093e-15
8.706406243285354272e-14 -5.002290333418559871e-14 9.923565327082861653e-14 -4.447382853571115947e-14 -6.894010704696413241e-15 4.538805588356650261e-14 -2.886340162914871584e-14 2.077685267347245948e-14 1.505455969392625291e-14 1.952700270575099784e-14 3.569594967602042295e-14 1.794660483970068812e-13 7.721097816626240122e-14 3.431201629891019896e-14 1.993073586194142462e-14 1.588232796249680613e-14 1.927365107943718099e-14 6.326653231746349285e-15 -1.416085111569411352e-15 -5.970508872700607986e-15 6.831536293857871057e-15 9.259170787381156127e-15 1.898843721418816852e-15 -8.163833028327939319e-15 -5.220474904758296282e-15 -4.537810908476859580e-15
-2.577054906548421703e-14 2.710808726554966524e-15 -2.032970251979351421e-14 -7.270995722697273995e-15 -2.032814237536057983e-14 -4.106530348595394532e-15 2.363892905614990153e-15 5.639832493569107612e-15 1.240398522450981357e-14 2.791510298460912080e-15 2.539523284500054921e-14 7.721097816626240122e-14 1.611605145923392836e-13 7.606886112692869893e-14 3.979891878622945833e-14 1.692621054632291350e-14 1.077890915984240453e-14 1.461664789721020540e-14 1.555832506664183710e-14 1.362228148377936069e-14 1.910487506947362451e-14 1.140736943945624678e-14 5.666893644693874838e-15 2.039801528267694835e-15 1.674787425034341891e-15 -2.434114523784197711e-15
3.958956092469220951e-14 -4.730959878674808231e-15 -4.225605257231326709e-15 -1.459004511380257205e-14 -2.680706201326989967e-14 2.335058894226436927e-14 2.515536957146841966e-15 2.707793047031670409e-14 5.697246326502209584e-15 -2.277790955757000496e-15 2.029254183512028734e-14 3.431201629891019896e-14 7.606886112692869893e-14 1.451874203623530158e-13 6.915698025660413981e-14 2.039719504356289689e-14 -2.238288011995346247e-15 -1.368575306198628295e-15 4.798767218462386426e-15 1.073516537496473053e-14 1.282221622455557175e-14 1.162838629060047647e-14 1.492290934510412675e-14 1.259501818317712510e-14 7.730274147967451092e-15 8.754228422955837899e-15
7.727218936826542461e-14 -2.554783846656391920e-15 1.002560471643276328e-14 -2.495661076879031467e-14 -7.058930700256500704e-14 -3.379514113911100201e-15 4.226082582391913593e-15 3.283003581694682476e-14 -5.903539688343405644e-16 2.353119358283202783e-15 6.938135829391364949e-15 1.993073586194142462e-14 3.979891878622945833e-14 6.915698025660413981e-14 1.045026483037228075e-13 3.341553356953271570e-14 2.193434859377746577e-14 1.850206130619810350e-14 1.410946669436751330e-14 1.483687445303468402e-14 1.909108366936921373e-14 8.991921341385221743e-15 1.146472439982769291e-14 6.375932661289792869e-15 5.138104586515234139e-15 4.984481315490430536e-16
2.134813926561136559e-14 4.856236365978721330e-14 5.527655471886058272e-14 -1.410438632576885330e-14 -2.320480746238860825e-14 1.199246435746031678e-14 9.182714928877664293e-15 1.138998589389911253e-14 -1.194119168244600600e-15 2.741597644039393198e-14 4.602831248623252795e-15 1.588232796249680613e-14 1.692621054632291350e-14 2.039719504356289689e-14 3.341553356953271570e-14 7.350491753768111234e-14 3.536545408089281667e-14 2.046006132287816252e-14 8.165240960385964352e-15 8.575276347393612886e-15 1.203529164368836381e-14 1.938896085566387857e-14 1.560715004228063276e-14 8.283363558356248080e-15 3.017206615241102509e-15 2.385282889250634452e-15
1.954263477674627390e-14 9.237345184876736095e-14 2.945470898025651027e-14 -1.677294059271013780e-14 -3.033102978100844446e-14 -1.189904184180637220e-14 7.855933590461474935e-15 2.477465055818636171e-14 3.470205793142179879e-14 1.982456364295725629e-14 1.250557863267693935e-15 1.927365107943718099e-14 1.077890915984240453e-14 -2.238288011995346247e-15 2.193434859377746577e-14 3.536545408089281667e-14 7.914157383863528165e-14 4.694731334613475572e-14 2.011248173702697599e-14 8.627652724629165152e-15 8.225335215386240236e-15 1.061866495686045859e-14 4.398827841239883572e-15 -3.106236644681130171e-15 -1.928901714471512431e-15 -4.510926098986659286e-15
-2.149019222950806026e-14 -1.552401735181514118e-14 3.766500995152696596e-14 9.925366794479839695e-15 -2.422387178280445435e-14 5.257363076771133877e-16 3.721147025870840783e-15 1.386760339417978832e-14 1.849915022810472382e-14 1.396644949547738595e-14 6.567063237231457223e-15 6.326653231746349285e-15 1.461664789721020540e-14 -1.368575306198628295e-15 1.850206130619810350e-14 2.046006132287816252e-14 4.694731334613475572e-14 6.784515556300269865e-14 4.454301909862966768e-14 3.295324780423907658e-14 2.861991641482489702e-14 2.173529062600085830e-14 1.611330876259832259e-14 9.482459665980958717e-15 4.708681224105921223e-15 1.269454634313704278e-16
-4.773799161120979136e-14 -5.866702412070899363e-14 -2.607681893813668153e-14 -1.020183944336914469e-14 -2.919351637476671035e-14 -2.946700733274807550e-15 8.641933542999082460e-15 1.925250651467209968e-14 1.247006120680722227e-14 1.187024467252217856e-14 1.427380484632499725e-15 -1.416085111569411352e-15 1.555832506664183710e-14 4.798767218462386426e-15 1.410946669436751330e-14 8.165240960385964352e-15 2.011248173702697599e-14 4.454301909862966768e-14 7.777713012604701969e-14 5.461264623594543515e-14 4.428880252784572114e-14 2.698277898002283319e-14 1.285431315312280198e-14 8.360334919471057534e-15 4.875669446461508305e-15 3.935947533146695194e-15
-3.525678674889654031e-14 -3.029157159187321549e-14 1.862109205671055124e-15 2.401586519234043628e-14 -2.072514981546637493e-14 3.415865649525073729e-14 1.003557985659840307e-14 3.967979692861341579e-15 5.682856061881926623e-16 3.855699476274957008e-15 6.071579833398807186e-15 -5.970508872700607986e-15 1.362228148377936069e-14 1.073516537496473053e-14 1.483687445303468402e-14 8.575276347393612886e-15 8.627652724629165152e-15 3.295324780423907658e-14 5.461264623594543515e-14 8.832178203464937464e-14 6.636948122571105084e-14 4.375012288695908450e-14 3.036781683625006081e-14 1.480949949270943018e-14 4.613250202963735171e-15 4.806425411491314251e-15
-3.858744820404977980e-14 -5.302278995227135331e-14 1.511197429688135765e-14 1.684992745413242035e-14 -3.832990805920218396e-14 2.642230662259339977e-14 1.994750423605771578e-14 1.057786375453538576e-14 1.452648627688297251e-15 1.997655268939535179e-14 3.194256628539098803e-15 6.831536293857871057e-15 1.910487506947362451e-14 1.282221622455557175e-14 1.909108366936921373e-14 1.203529164368836381e-14 8.225335215386240236e-15 2.861991641482489702e-14 4.428880252784572114e-14 6.636948122571105084e-14 9.267278439253595106e-14 6.444896775117102036e-14 3.882070191898987184e-14 1.936354122625871717e-14 7.839073470222003566e-15 4.934306701536804491e-15
-3.199545302244840724e-14 -2.051908081134966880e-14 4.782194631640554094e-14 -4.664190595554548368e-15 -5.769100083361890682e-15 3.188166380661570542e-14 2.633857230520559798e-14 5.884023622769167474e-15 -1.217408034671574244e-14 2.503628730840611690e-14 8.330157960492295775e-15 9.259170787381156127e-15 1.140736943945624678e-14 1.162838629060047647e-14 8.991921341385221743e-15 1.938896085566387857e-14 1.061866495686045859e-14 2.173529062600085830e-14 2.698277898002283319e-14 4.375012288695908450e-14 6.444896775117102036e-14 8.595495675479263424e-14 5.714792074456900052e-14 2.199238249055039907e-14 -1.865338783554144057e-15 4.359294841227435815e-15
-8.554046635243559271e-15 -4.918827385986037454e-15 9.023775364283324403e-14 -3.719548433358242849e-16 1.441466719668376218e-14 1.688547164728192683e-14 2.574634138242206797e-14 -2.942120348346046721e-15 -5.789043467816052053e-15 1.862406066790412577e-14 2.054632693888439930e-14 1.898843721418816852e-15 5.666893644693874838e-15 1.492290934510412675e-14 1.146472439982769291e-14 1.560715004228063276e-14 4.398827841239883572e-15 1.611330876259832259e-14 1.285431315312280198e-14 3.036781683625006081e-14 3.882070191898987184e-14 5.714792074456900052e-14 8.225926511019992509e-14 4.354349110312769077e-14 1.405676421956649499e-14 1.122783828467538546e-14
1.749257651759358591e-14 -2.393383192919920352e-14 7.691115471803622007e-14 2.759441294938794937e-14 2.773426089599492339e-14 6.348299139051023592e-15 3.310530806269896402e-14 -7.553657927300067678e-15 1.249305028313164269e-16 7.654624186393294574e-15 1.138581160733819953e-14 -8.163833028327939319e-15 2.039801528267694835e-15 1.259501818317712510e-14 6.375932661289792869e-15 8.283363558356248080e-15 -3.106236644681130171e-15 9.482459665980958717e-15 8.360334919471057534e-15 1.480949949270943018e-14 1.936354122625871717e-14 2.199238249055039907e-14 4.354349110312769077e-14 5.696884499541189236e-14 2.953634267025266599e-14 1.264373252933164903e-14
3.158823890931742953e-15 -2.094816694202075587e-14 4.476704226903286658e-15 -6.790460227796682561e-15 -8.762323025643687827e-15 -1.976418036428897753e-14 1.544785819808127300e-14 -2.891633566033130661e-15 8.095036773585460065e-15 5.926955303014394139e-15 6.519383305094391980e-15 -5.220474904758296282e-15 1.674787425034341891e-15 7.730274147967451092e-15 5.138104586515234139e-15 3.017206615241102509e-15 -1.928901714471512431e-15 4.708681224105921223e-15 4.875669446461508305e-15 4.613250202963735171e-15 7.839073470222003566e-15 -1.865338783554144057e-15 1.405676421956649499e-14 2.953634267025266599e-14 4.886838809833019054e-14 2.294266427096539493e-14
-6.353011296529302975e-14 1.943796115303468776e-14 -2.940561122726694481e-14 -2.107164652356734792e-14 -1.665574970659429674e-14 -2.080207875732124137e-14 -5.432984697651038980e-15 -4.469330306433553078e-15 -5.564294665542677421e-15 4.108993877384446303e-15 3.882232072363893093e-15 -4.537810908476859580e-15 -2.434114523784197711e-15 8.754228422955837899e-15 4.984481315490430536e-16 2.385282889250634452e-15 -4.510926098986659286e-15 1.269454634313704278e-16 3.935947533146695194e-15 4.806425411491314251e-15 4.934306701536804491e-15 4.359294841227435815e-15 1.122783828467538546e-14 1.264373252933164903e-14 2.294266427096539493e-14 4.307770066659141735e-14
