1.058221242686087747e-11 6.745307619988463760e-13 -2.491337672795862120e-14 1.832586370948988364e-13 7.024330880562932315e-13 2.314002709154435888e-13 2.576666954450760015e-13 3.652030171963389012e-13 4.794956581811548016e-14 1.049853340305347957e-13 5.418553117504133919e-15 1.384622324317770430e-14 -6.590197693379900049e-14 3.691888011616252782e-14 1.845041282178397843e-14 -3.052373170460273121e-14 5.380598823768870342e-14 -2.409310949804196207e-14 2.228212691880669919e-14 -5.991196015455868454e-14 -1.929644165727050709e-14 -5.126049701077791581e-14 -3.937719757418364158e-14 -1.039779595869803655e-14 1.891576499198267589e-14 -2.841118952585227839e-17
6.745307619988463760e-13 6.816934531216191118e-12 2.764682320186913814e-13 8.958276539106934598e-14 6.132642631614721787e-14 1.651237242204190139e-13 -5.923710710717570796e-14 1.821409146007268376e-13 -2.881167423793069860e-14 1.517972407290218666e-13 -1.182805650484741469e-13 -1.880098979065613612e-14 -4.212466865227441070e-14 -6.382381060804281077e-14 -3.416782719871991955e-14 -1.217102155605530186e-14 1.420783365485860743e-14 4.415763149687051163e-14 1.733975404323948122e-14 -4.694160889224119383e-15 -1.295415723271261375e-14 -6.693258334592226641e-14 -9.294545052059956226e-14 -4.759091967031735786e-14 -3.819221896542448268e-14 1.870708909484176506e-16
-2.491337672795862120e-14 2.764682320186913814e-13 4.191334574130071244e-12 7.501854755954147128e-14 -2.068461410613563430e-13 -2.003667465687265618e-15 -1.419275533338206123e-14 1.359337571804278434e-13 2.660443228875885070e-14 5.698934165389179373e-14 1.130643639294943606e-13 1.246331019860867701e-13 1.209072164217102302e-13 8.591319497854017734e-15 -7.148990394527304449e-14 -2.114756223668509645e-14 -2.852028061239927897e-14 -1.963459101159640128e-14 3.885470621205202574e-14 1.877883260409132475e-14 -5.891108761845574619e-15 -3.541505532824500625e-14 -2.948549506130726646e-15 1.604779079028873912e-14 -1.727272174984411925e-16 -5.192391493189654623e-15
1.832586370948988364e-13 8.958276539106934598e-14 7.501854755954147128e-14 2.693642983243152397e-12 2.512243462379069578e-14 6.498451111634316895e-14 -3.042538996906543132e-14 4.502060677864222039e-14 1.120608195187912965e-13 -5.194752668229922589e-14 -4.464648067512630408e-14 -4.862696184805641050e-14 5.405754228351003303e-14 -4.487858465854228561e-14 5.173813497585851844e-14 2.152301121050300772e-14 -6.055916630005091128e-16 4.479538092522397025e-14 1.490431781855202724e-14 4.861347805877926220e-14 7.816933208552565204e-14 6.220709041539625587e-14 4.745986802091860859e-14 2.976822471685896010e-15 2.309437789424481159e-14 1.226430305559886254e-14
7.024330880562932315e-13 6.132642631614721787e-14 -2.068461410613563430e-13 2.512243462379069578e-14 1.515033805828315838e-12 2.734559122997415035e-13 1.030016217822393028e-13 9.258876695055863274e-15 -1.256582865413839858e-15 -3.746046845464261186e-14 -1.623624156818149442e-14 3.138045788583052844e-14 -2.451952102070211965e-15 4.590406623977895205e-15 -1.776531126595672155e-14 1.222054276993032058e-14 1.595988568306401846e-14 8.235811670463357081e-16 -7.168208620733456077e-15 -1.570647651546315386e-14 3.223723531566299505e-15 -1.121638771888699184e-14 -2.179247677162084574e-14 -9.681895684798191822e-15 -1.219679458416066531e-15 -1.461757735690516540e-14
2.314002709154435888e-13 1.651237242204190139e-13 -2.003667465687265618e-15 6.498451111634316895e-14 2.734559122997415035e-13 9.995428803939945334e-13 1.815998539544988485e-13 -1.228753333209493816e-14 -3.074275459371533411e-14 4.710354493028888097e-14 -1.004833638370841950e-14 3.866859086324597697e-15 -3.339125897893549922e-15 2.678687463486290279e-14 -4.921089121875319410e-15 4.872242767043592256e-15 1.382949109052007511e-14 -7.918038244436065325e-15 2.001043979732079589e-14 -1.492199148142711037e-15 -4.392359713353575008e-15 -7.872005582245206114e-15 1.105485757825179625e-15 -1.212465240703926053e-15 9.820400156107670323e-15 4.060248924078271109e-15
2.576666954450760015e-13 -5.923710710717570796e-14 -1.419275533338206123e-14 -3.042538996906543132e-14 1.030016217822393028e-13 1.815998539544988485e-13 7.215437206915397133e-13 -3.397686064010681290e-14 1.486347716616926265e-14 3.158973943758658157e-14 1.184909445714539816e-14 1.022145035970654887e-14 -1.875725009866475513e-14 -2.285857588110192265e-14 -2.266927021160578635e-14 -2.048460696845323342e-14 2.185264486772037337e-14 -7.882063853052820142e-15 -1.860435477863410883e-14 -2.478684455236802105e-15 -1.573982081803229858e-14 -3.418446542083886831e-14 -1.560839571810640975e-14 2.175480410851741724e-15 -1.214789146585179031e-15 -2.123618200515700690e-14
3.652030171963389012e-13 1.821409146007268376e-13 1.359337571804278434e-13 4.502060677864222039e-14 9.258876695055863274e-15 -1.228753333209493816e-14 -3.397686064010681290e-14 5.145922171714647414e-13 8.120897295874784164e-14 4.839204563791513560e-14 3.945064397736400956e-15 -9.759840337547751313e-15 -8.063023849787505242e-16 -2.084894364797715874e-14 -1.299435083710622871e-14 -2.403485045556285341e-14 -1.161344533343261173e-14 -1.562035451464116046e-15 -8.629856231730667013e-15 4.945918684709078305e-15 2.301061787715759015e-15 -5.966357045008756279e-16 -3.597314318287499021e-15 -1.345500932337456179e-14 4.384031423440386596e-15 -1.211125130065840017e-15
4.794956581811548016e-14 -2.881167423793069860e-14 2.660443228875885070e-14 1.120608195187912965e-13 -1.256582865413839858e-15 -3.074275459371533411e-14 1.486347716616926265e-14 8.120897295874784164e-14 3.391867785484030793e-13 7.886572490324317032e-14 2.624583499545267189e-14 8.455293286633777063e-15 4.156225173870900401e-14 9.021666235430976418e-15 2.180540868644660652e-14 -4.421699496081243657e-15 -2.873978521420719638e-15 1.127788886612556187e-14 -8.061507833084113944e-15 1.189709524367556847e-15 -1.328858602634736178e-15 1.329045781037883370e-14 9.632482529426626136e-15 4.036645699711866794e-15 3.938239501441358491e-15 -2.951085205297231816e-15
1.049853340305347957e-13 1.517972407290218666e-13 5.698934165389179373e-14 -5.194752668229922589e-14 -3.746046845464261186e-14 4.710354493028888097e-14 3.158973943758658157e-14 4.839204563791513560e-14 7.886572490324317032e-14 2.591795222284049286e-13 3.878920047628634262e-14 3.918852648317518570e-14 2.572271842994031902e-14 1.766030082068830963e-14 1.222558720077901399e-14 -2.874630619385270889e-15 1.931555716717571226e-15 -1.244397650103369232e-14 3.314839851788113447e-15 5.561612063591069659e-15 1.791702608409772110e-16 -1.077884331522545608e-15 -7.190389467570246656e-15 -3.787477166375894393e-15 -3.869984690106544903e-15 -5.063492048217703080e-15
5.418553117504133919e-15 -1.182805650484741469e-13 1.130643639294943606e-13 -4.464648067512630408e-14 -1.623624156818149442e-14 -1.004833638370841950e-14 1.184909445714539816e-14 3.945064397736400956e-15 2.624583499545267189e-14 3.878920047628634262e-14 1.666963884412633253e-13 3.994996625807984875e-14 2.777000107550033840e-14 1.075273882776851828e-14 1.010669372512824223e-14 2.932515534373426901e-15 -8.138830670686305081e-16 -3.051182822031246126e-15 5.586677674094019597e-16 7.669273056899429859e-15 3.936705478824760498e-16 4.973411109481509620e-15 -2.646355299162077400e-15 3.286738082087870159e-16 -7.747399907154310151e-16 -4.989609162938166346e-17
1.384622324317770430e-14 -1.880098979065613612e-14 1.246331019860867701e-13 -4.862696184805641050e-14 3.138045788583052844e-14 3.866859086324597697e-15 1.022145035970654887e-14 -9.759840337547751313e-15 8.455293286633777063e-15 3.918852648317518570e-14 3.994996625807984875e-14 1.156848032932169405e-13 3.939112223113051163e-14 2.342437034116491561e-14 7.719001174443542236e-15 8.826070544101907262e-15 8.127235404286820775e-16 -1.103531276748003052e-14 -3.449351403233911690e-15 -2.843281717521304779e-15 -4.254178621267728157e-15 -6.302922384538694492e-15 -7.924343366668537731e-15 3.383182911851059897e-15 2.131613515353506813e-15 -9.444392556058027298e-16
-6.590197693379900049e-14 -4.212466865227441070e-14 1.209072164217102302e-13 5.405754228351003303e-14 -2.451952102070211965e-15 -3.339125897893549922e-15 -1.875725009866475513e-14 -8.063023849787505242e-16 4.156225173870900401e-14 2.572271842994031902e-14 2.777000107550033840e-14 3.939112223113051163e-14 1.270361226089412570e-13 3.782208968440246793e-14 4.852101973793694154e-15 -2.088861742370094200e-15 -3.038536092685559985e-15 9.024853873404669238e-16 7.895380867065787647e-15 1.543124207834825058e-15 2.386647302677371363e-15 6.745507845321214522e-15 2.298933261323994433e-15 4.654683302027843805e-15 1.113441768077520021e-15 -3.096904423160861405e-15
3.691888011616252782e-14 -6.382381060804281077e-14 8.591319497854017734e-15 -4.487858465854228561e-14 4.590406623977895205e-15 2.678687463486290279e-14 -2.285857588110192265e-14 -2.084894364797715874e-14 9.021666235430976418e-15 1.766030082068830963e-14 1.075273882776851828e-14 2.342437034116491561e-14 3.782208968440246793e-14 9.748988897791676428e-14 4.234478476912363952e-14 1.487641499466750279e-14 9.486401022521204480e-15 7.461944356573619659e-15 1.442629339738670237e-14 7.281035487105267712e-16 3.313303978918829539e-15 5.832376458846733644e-15 4.128341607413101107e-15 8.583705343749597536e-16 -1.232706161851928450e-15 2.304600952612973897e-16
1.845041282178397843e-14 -3.416782719871991955e-14 -7.148990394527304449e-14 5.173813497585851844e-14 -1.776531126595672155e-14 -4.921089121875319410e-15 -2.266927021160578635e-14 -1.299435083710622871e-14 2.180540868644660652e-14 1.222558720077901399e-14 1.010669372512824223e-14 7.719001174443542236e-15 4.852101973793694154e-15 4.234478476912363952e-14 8.571286650156325077e-14 3.752027841210948294e-14 1.510219729662049980e-14 6.113704484005504265e-15 7.391989637537421297e-15 1.800985275964967562e-15 3.677984639376593808e-15 9.536331842688255495e-15 7.897040751595954844e-15 -2.739309785198557447e-15 -2.280319588131098210e-15 -3.032943583623001067e-16
-3.052373170460273121e-14 -1.217102155605530186e-14 -2.114756223668509645e-14 2.152301121050300772e-14 1.222054276993032058e-14 4.872242767043592256e-15 -2.048460696845323342e-14 -2.403485045556285341e-14 -4.421699496081243657e-15 -2.874630619385270889e-15 2.932515534373426901e-15 8.826070544101907262e-15 -2.088861742370094200e-15 1.487641499466750279e-14 3.752027841210948294e-14 6.670361058190995127e-14 2.866273417772112389e-14 1.300981026981913059e-14 1.391042599780934415e-14 8.675641499636666076e-15 5.358811203704974956e-15 6.095006762670373251e-15 5.050903442134925294e-15 -1.015070603122872970e-15 -5.732968363169244003e-15 -5.657818338675834261e-15
5.380598823768870342e-14 1.420783365485860743e-14 -2.852028061239927897e-14 -6.055916630005091128e-16 1.595988568306401846e-14 1.382949109052007511e-14 2.185264486772037337e-14 -1.161344533343261173e-14 -2.873978521420719638e-15 1.931555716717571226e-15 -8.138830670686305081e-16 8.127235404286820775e-16 -3.038536092685559985e-15 9.486401022521204480e-15 1.510219729662049980e-14 2.866273417772112389e-14 5.413928574253041589e-14 2.707814599037136491e-14 1.217839634776100598e-14 6.206780824491127230e-15 4.279158121435888803e-15 4.576655956606518823e-15 4.424856538451491003e-15 2.035832763251830675e-15 -4.124073846964244007e-15 -4.248827490401268019e-15
-2.409310949804196207e-14 4.415763149687051163e-14 -1.963459101159640128e-14 4.479538092522397025e-14 8.235811670463357081e-16 -7.918038244436065325e-15 -7.882063853052820142e-15 -1.562035451464116046e-15 1.127788886612556187e-14 -1.244397650103369232e-14 -3.051182822031246126e-15 -1.103531276748003052e-14 9.024853873404669238e-16 7.461944356573619659e-15 6.113704484005504265e-15 1.300981026981913059e-14 2.707814599037136491e-14 5.540747571290629845e-14 2.253098629067812099e-14 1.311562085556808769e-14 9.636540036090328230e-15 9.252046094268867981e-15 9.211020676779231015e-15 1.546750519175071234e-15 3.555938156702354231e-15 6.561674802584897319e-17
2.228212691880669919e-14 1.733975404323948122e-14 3.885470621205202574e-14 1.490431781855202724e-14 -7.168208620733456077e-15 2.001043979732079589e-14 -1.860435477863410883e-14 -8.629856231730667013e-15 -8.061507833084113944e-15 3.314839851788113447e-15 5.586677674094019597e-16 -3.449351403233911690e-15 7.895380867065787647e-15 1.442629339738670237e-14 7.391989637537421297e-15 1.391042599780934415e-14 1.217839634776100598e-14 2.253098629067812099e-14 4.754354412200293470e-14 2.613150388064171193e-14 1.306688676288670258e-14 9.780995557591973086e-15 6.794692603874621582e-15 3.019764016451587737e-15 2.425123039268468374e-16 -6.636000671433277465e-16
-5.991196015455868454e-14 -4.694160889224119383e-15 1.877883260409132475e-14 4.861347805877926220e-14 -1.570647651546315386e-14 -1.492199148142711037e-15 -2.478684455236802105e-15 4.945918684709078305e-15 1.189709524367556847e-15 5.561612063591069659e-15 7.669273056899429859e-15 -2.843281717521304779e-15 1.543124207834825058e-15 7.281035487105267712e-16 1.800985275964967562e-15 8.675641499636666076e-15 6.206780824491127230e-15 1.311562085556808769e-14 2.613150388064171193e-14 4.901972218530242493e-14 2.389886301960561120e-14 1.593300498397457770e-14 8.372284762490558881e-15 -6.342509612589909694e-16 -3.309976097285733653e-15 -3.258455657812316829e-15
-1.929644165727050709e-14 -1.295415723271261375e-14 -5.891108761845574619e-15 7.816933208552565204e-14 3.223723531566299505e-15 -4.392359713353575008e-15 -1.573982081803229858e-14 2.301061787715759015e-15 -1.328858602634736178e-15 1.791702608409772110e-16 3.936705478824760498e-16 -4.254178621267728157e-15 2.386647302677371363e-15 3.313303978918829539e-15 3.677984639376593808e-15 5.358811203704974956e-15 4.279158121435888803e-15 9.636540036090328230e-15 1.306688676288670258e-14 2.389886301960561120e-14 3.711443794172745869e-14 2.492414591146567445e-14 1.183449913351161696e-14 3.085839054214168951e-15 9.502018077248172802e-16 3.751709682092094852e-16
-5.126049701077791581e-14 -6.693258334592226641e-14 -3.541505532824500625e-14 6.220709041539625587e-14 -1.121638771888699184e-14 -7.872005582245206114e-15 -3.418446542083886831e-14 -5.966357045008756279e-16 1.329045781037883370e-14 -1.077884331522545608e-15 4.973411109481509620e-15 -6.302922384538694492e-15 6.745507845321214522e-15 5.832376458846733644e-15 9.536331842688255495e-15 6.095006762670373251e-15 4.576655956606518823e-15 9.252046094268867981e-15 9.780995557591973086e-15 1.593300498397457770e-14 2.492414591146567445e-14 4.618367942046787852e-14 2.716030405787536097e-14 8.434217735877576624e-15 1.127118329138015995e-15 2.576998767932292316e-15
-3.937719757418364158e-14 -9.294545052059956226e-14 -2.948549506130726646e-15 4.745986802091860859e-14 -2.179247677162084574e-14 1.105485757825179625e-15 -1.560839571810640975e-14 -3.597314318287499021e-15 9.632482529426626136e-15 -7.190389467570246656e-15 -2.646355299162077400e-15 -7.924343366668537731e-15 2.298933261323994433e-15 4.128341607413101107e-15 7.897040751595954844e-15 5.050903442134925294e-15 4.424856538451491003e-15 9.211020676779231015e-15 6.794692603874621582e-15 8.372284762490558881e-15 1.183449913351161696e-14 2.716030405787536097e-14 3.655007680163522492e-14 1.025957844795746916e-14 -7.161103576170525117e-16 5.138797811718163113e-16
-1.039779595869803655e-14 -4.759091967031735786e-14 1.604779079028873912e-14 2.976822471685896010e-15 -9.681895684798191822e-15 -1.212465240703926053e-15 2.175480410851741724e-15 -1.345500932337456179e-14 4.036645699711866794e-15 -3.787477166375894393e-15 3.286738082087870159e-16 3.383182911851059897e-15 4.654683302027843805e-15 8.583705343749597536e-16 -2.739309785198557447e-15 -1.015070603122872970e-15 2.035832763251830675e-15 1.546750519175071234e-15 3.019764016451587737e-15 -6.342509612589909694e-16 3.085839054214168951e-15 8.434217735877576624e-15 1.025957844795746916e-14 2.006532205547587605e-14 7.320427126861014619e-15 2.304978277913179457e-15
1.891576499198267589e-14 -3.819221896542448268e-14 -1.727272174984411925e-16 2.309437789424481159e-14 -1.219679458416066531e-15 9.820400156107670323e-15 -1.214789146585179031e-15 4.384031423440386596e-15 3.938239501441358491e-15 -3.869984690106544903e-15 -7.747399907154310151e-16 2.131613515353506813e-15 1.113441768077520021e-15 -1.232706161851928450e-15 -2.280319588131098210e-15 -5.732968363169244003e-15 -4.124073846964244007e-15 3.555938156702354231e-15 2.425123039268468374e-16 -3.309976097285733653e-15 9.502018077248172802e-16 1.127118329138015995e-15 -7.161103576170525117e-16 7.320427126861014619e-15 2.198957144206067608e-14 1.187505031543764060e-14
-2.841118952585227839e-17 1.870708909484176506e-16 -5.192391493189654623e-15 1.226430305559886254e-14 -1.461757735690516540e-14 4.060248924078271109e-15 -2.123618200515700690e-14 -1.211125130065840017e-15 -2.951085205297231816e-15 -5.063492048217703080e-15 -4.989609162938166346e-17 -9.444392556058027298e-16 -3.096904423160861405e-15 2.304600952612973897e-16 -3.032943583623001067e-16 -5.657818338675834261e-15 -4.248827490401268019e-15 6.561674802584897319e-17 -6.636000671433277465e-16 -3.258455657812316829e-15 3.751709682092094852e-16 2.576998767932292316e-15 5.138797811718163113e-16 2.304978277913179457e-15 1.187505031543764060e-14 2.213393884351996077e-14
