9.357765844610735796e-12 6.644559056347052937e-13 1.306019918162454455e-12 1.095429322425652953e-13 -6.948540225631107833e-14 -1.786405780501299962e-13 1.016197072534524474e-13 -3.243516452590358969e-13 -2.160772541443521816e-13 5.497951014898258188e-14 -2.724095162395799435e-14 3.190036705449249053e-14 -2.292508543995613103e-14 4.974957665535903024e-14 1.665601513098171344e-14 2.616483770565037933e-14 -6.037824114348574454e-14 -9.287672972560041352e-14 -1.440113499731874444e-13 1.236118897677918603e-14 2.973642267408151903e-14 6.761492265597731478e-15 3.689794530559658949e-14 -1.300155911183294825e-14 -1.595281822349283142e-14 4.303460544913726681e-14
6.644559056347052937e-13 6.545106618897512429e-12 -4.393425874825825099e-13 2.299717914179588884e-14 3.793545378472577198e-13 -2.008429091365937578e-13 5.172966466423456084e-15 -1.865732185634001625e-13 -1.136975367323886876e-13 1.113621340411040825e-13 4.112614720374004322e-14 -3.105440243627208343e-14 -2.648503244646933540e-14 -5.001722366744687454e-14 -5.068474760629259387e-14 -8.665516129455207957e-14 -8.554733165237147815e-14 -7.583686429208517067e-14 -5.454987858161269506e-14 -3.516513898456275678e-14 -2.584457379127722765e-14 -1.058812205470222886e-14 2.172192884923706042e-14 1.762251320501407593e-14 -4.318937858430328513e-14 1.004220623583989569e-14
1.306019918162454455e-12 -4.393425874825825099e-13 3.942998912524996606e-12 1.209097068624302012e-13 2.644319460730811907e-13 -7.216410018568018554e-14 -7.996561123513771414e-14 1.950622962540583666e-13 5.467125856935427110e-14 -6.003029860301572127e-15 -1.965921907827725731e-14 -3.020745605639790837e-14 -2.328976538936339618e-14 5.614586207127504653e-14 1.871066921366682520e-14 2.676816860396607070e-15 2.314849542881371945e-14 2.507021893422362198e-14 -3.414831090685050868e-14 -3.298507190621651722e-16 -5.946451043788169262e-15 -3.312963005011710590e-15 -2.176146001027041285e-15 -7.239594521999132628e-15 -1.760277893651741284e-14 -2.487021179417594915e-14
1.095429322425652953e-13 2.299717914179588884e-14 1.209097068624302012e-13 2.414069917044715656e-12 1.270884869074549712e-13 1.047407457134210912e-13 2.046921000561140385e-15 9.714151987734911265e-14 1.347828448749705416e-14 -4.996936064785869760e-14 -2.174019926233699360e-14 1.783850740831906215e-14 1.988364868060990525e-14 6.031038488412928054e-14 1.117005684023324614e-14 3.162022860128359041e-15 -9.116074912863137270e-15 -8.550301212042673172e-15 2.870912090117566664e-15 3.991061992259987342e-15 1.322690586078320492e-15 1.522037829960142185e-14 2.650858737594174055e-14 4.447380067733802287e-15 1.122488328223176134e-14 7.083025599303145762e-15
-6.948540225631107833e-14 3.793545378472577198e-13 2.644319460730811907e-13 1.270884869074549712e-13 1.783382470436983596e-12 -1.421773804107347542e-13 -6.170607983249956915e-14 -6.976572322598439881e-14 2.125448151353885180e-13 -3.220124483202157532e-14 -3.805856106896934328e-14 -5.077351052778224542e-14 -6.876401283083819982e-14 9.589361581111700452e-15 2.965573350772723153e-14 6.814472872236116115e-15 7.539818554282977679e-16 1.359825709790201332e-14 1.030942263912818299e-14 -1.002563040153784203e-14 -1.046841270720462124e-14 3.135148992553092959e-15 -4.849874388987753464e-15 -6.331488838557616816e-15 -1.056915991275414768e-14 -2.631450087384793035e-14
-1.786405780501299962e-13 -2.008429091365937578e-13 -7.216410018568018554e-14 1.047407457134210912e-13 -1.421773804107347542e-13 9.222138299540286649e-13 8.922927580885242021e-14 7.531569273847006780e-14 -1.072076433658192310e-13 -1.763041014873947919e-14 -9.545730741499561146e-15 1.783763274537137895e-14 3.025549396271487957e-14 1.143205352106683953e-15 -2.196409924256506862e-14 -7.063285019846765100e-15 8.885462834477429455e-15 -2.086270410763291756e-15 -1.405802723078291357e-14 -1.628558156476550515e-15 1.324721372810335777e-14 3.695435336944998728e-14 2.514536849810109158e-14 1.403769802698138003e-14 1.361907330148300096e-14 -4.682811142207745230e-16
1.016197072534524474e-13 5.172966466423456084e-15 -7.996561123513771414e-14 2.046921000561140385e-15 -6.170607983249956915e-14 8.922927580885242021e-14 6.449652726163124838e-13 2.507884436509632099e-14 -4.155136444804277059e-15 3.081593782226796639e-14 -1.905210778245335177e-14 -2.555259929510720506e-14 -4.481367015924000105e-15 -8.383239090387502960e-15 1.294870361913367857e-14 6.430524013704562876e-15 -1.174465269727647898e-14 -3.273600774238648453e-14 -3.163720885394646976e-14 -4.301984333385738697e-15 2.554207081533636198e-15 -8.605759872113031442e-16 -1.670717774357380561e-15 -8.441924518969623506e-15 -2.894696900952466365e-15 -1.088826605884026999e-14
-3.243516452590358969e-13 -1.865732185634001625e-13 1.950622962540583666e-13 9.714151987734911265e-14 -6.976572322598439881e-14 7.531569273847006780e-14 2.507884436509632099e-14 6.458290807309028272e-13 1.260333422776253817e-13 7.642970624438395713e-14 4.483873268060315270e-14 3.196871629729955479e-14 1.851138868321741720e-14 1.099790687654213574e-14 1.207532762242650870e-14 -1.208974053896466483e-15 -1.401523201032729049e-14 -7.331811158181857941e-15 -1.980107074383594618e-15 1.410586950643522107e-14 2.240697130915851466e-16 -9.809204665341338607e-15 -7.377720289501496165e-15 1.197854624335469968e-15 5.491963190640011158e-15 -8.471419617426654648e-16
-2.160772541443521816e-13 -1.136975367323886876e-13 5.467125856935427110e-14 1.347828448749705416e-14 2.125448151353885180e-13 -1.072076433658192310e-13 -4.155136444804277059e-15 1.260333422776253817e-13 3.675283478311626320e-13 5.192755011341489076e-14 1.724056020405954548e-14 4.784862658149014136e-15 -8.442368792506480274e-15 5.565393962157458425e-15 1.822311363071831440e-14 4.806516374584501159e-15 -1.970695630429004898e-15 1.250956497175192239e-14 1.374856490638437379e-14 -3.417251576280106457e-15 -8.114522291505554791e-15 -1.407392650919414717e-14 -1.649546973346308582e-14 -8.669177405319272384e-15 -2.325737028409351070e-15 -8.244639544319556865e-15
5.497951014898258188e-14 1.113621340411040825e-13 -6.003029860301572127e-15 -4.996936064785869760e-14 -3.220124483202157532e-14 -1.763041014873947919e-14 3.081593782226796639e-14 7.642970624438395713e-14 5.192755011341489076e-14 2.583145012332515821e-13 4.181920542750620697e-14 2.071777511971102651e-14 2.552555247590820249e-14 -4.242238170461008358e-15 -7.059120885660836720e-15 -4.754215162132832437e-15 -1.921443399784265256e-14 -2.761076198886580602e-15 4.077485384549663528e-16 6.769821947282862161e-15 -4.967952078610798804e-15 -8.806420290665203778e-15 -7.702190378336413598e-15 -2.568600599556555113e-15 -6.285166463418062690e-15 -3.467410735328758511e-15
-2.724095162395799435e-14 4.112614720374004322e-14 -1.965921907827725731e-14 -2.174019926233699360e-14 -3.805856106896934328e-14 -9.545730741499561146e-15 -1.905210778245335177e-14 4.483873268060315270e-14 1.724056020405954548e-14 4.181920542750620697e-14 1.902067687755043977e-13 7.126424176422489663e-14 2.990330969452886271e-14 4.304747187523905188e-14 2.092817168914380027e-14 3.093083348845919718e-14 9.263223518338008944e-15 1.879313822743293878e-14 2.051349380003687261e-14 5.968336958839614029e-15 -4.855105054215784917e-15 -4.250287863125015951e-15 -1.912184887865409197e-15 -8.707727162846507264e-15 -1.231297514686137888e-14 1.787719621476955190e-16
3.190036705449249053e-14 -3.105440243627208343e-14 -3.020745605639790837e-14 1.783850740831906215e-14 -5.077351052778224542e-14 1.783763274537137895e-14 -2.555259929510720506e-14 3.196871629729955479e-14 4.784862658149014136e-15 2.071777511971102651e-14 7.126424176422489663e-14 1.505590280018575364e-13 4.757485160760833947e-14 3.575985551459523435e-14 1.496674353274665202e-14 8.656695833346219764e-15 1.866315459699355595e-15 1.158275571981360526e-14 5.648662311461759401e-15 2.126246742561687328e-15 -2.857680415759862622e-15 -5.759757144399759345e-16 1.482986506233733197e-15 -2.086331542250528892e-15 -5.853664628943745718e-15 1.907973056698785987e-16
-2.292508543995613103e-14 -2.648503244646933540e-14 -2.328976538936339618e-14 1.988364868060990525e-14 -6.876401283083819982e-14 3.025549396271487957e-14 -4.481367015924000105e-15 1.851138868321741720e-14 -8.442368792506480274e-15 2.552555247590820249e-14 2.990330969452886271e-14 4.757485160760833947e-14 1.048583671989548773e-13 4.116662248300623404e-14 2.693847186871403263e-14 1.288043995747536340e-14 6.798954105085897209e-17 4.922229847004428845e-15 5.551800630342283485e-15 4.536543473455654419e-15 1.129103872762878075e-15 -2.806800334017156336e-15 -5.938568782644461337e-15 -5.309365398599066425e-15 -4.751863408267458761e-15 2.720388339022676594e-15
4.974957665535903024e-14 -5.001722366744687454e-14 5.614586207127504653e-14 6.031038488412928054e-14 9.589361581111700452e-15 1.143205352106683953e-15 -8.383239090387502960e-15 1.099790687654213574e-14 5.565393962157458425e-15 -4.242238170461008358e-15 4.304747187523905188e-14 3.575985551459523435e-14 4.116662248300623404e-14 1.082677939599677405e-13 5.025872033853004159e-14 3.333996054927108839e-14 7.980969704381254630e-15 9.039888628291727727e-15 1.151999218519609195e-14 5.467471449091408361e-15 -4.424547335280664254e-15 -8.406304233170384817e-15 -2.894329319295665108e-15 -4.946842459530672021e-15 -2.302186940179346543e-15 1.427230011710604167e-15
1.665601513098171344e-14 -5.068474760629259387e-14 1.871066921366682520e-14 1.117005684023324614e-14 2.965573350772723153e-14 -2.196409924256506862e-14 1.294870361913367857e-14 1.207532762242650870e-14 1.822311363071831440e-14 -7.059120885660836720e-15 2.092817168914380027e-14 1.496674353274665202e-14 2.693847186871403263e-14 5.025872033853004159e-14 8.480425885142442149e-14 3.690679175598991158e-14 8.594890272682497320e-15 1.820993616116134223e-15 2.139401719436307312e-15 2.373154640782662302e-16 -3.565833366819484789e-15 -6.817811094226734918e-15 -2.364665241752152263e-15 -4.641480734861149145e-15 -7.668211770272960954e-16 -2.069360909227959974e-15
2.616483770565037933e-14 -8.665516129455207957e-14 2.676816860396607070e-15 3.162022860128359041e-15 6.814472872236116115e-15 -7.063285019846765100e-15 6.430524013704562876e-15 -1.208974053896466483e-15 4.806516374584501159e-15 -4.754215162132832437e-15 3.093083348845919718e-14 8.656695833346219764e-15 1.288043995747536340e-14 3.333996054927108839e-14 3.690679175598991158e-14 6.944254731814164012e-14 2.352300344226749469e-14 1.210769357241960706e-14 1.290532245639923492e-14 2.434122336921890950e-15 -2.961181147750980479e-17 -2.259440269159866133e-15 -8.072774401589461465e-16 -3.075329798733623303e-15 -3.412190254636495546e-15 -8.136073690718470666e-16
-6.037824114348574454e-14 -8.554733165237147815e-14 2.314849542881371945e-14 -9.116074912863137270e-15 7.539818554282977679e-16 8.885462834477429455e-15 -1.174465269727647898e-14 -1.401523201032729049e-14 -1.970695630429004898e-15 -1.921443399784265256e-14 9.263223518338008944e-15 1.866315459699355595e-15 6.798954105085897209e-17 7.980969704381254630e-15 8.594890272682497320e-15 2.352300344226749469e-14 4.644714742319532160e-14 2.288130558512396501e-14 1.394166019910364042e-14 5.658335601731886099e-15 5.969523151802964716e-15 3.699447278474393782e-15 1.610522950359620633e-15 1.829684101748558548e-15 3.660055619141188882e-16 -1.696280771963627323e-15
-9.287672972560041352e-14 -7.583686429208517067e-14 2.507021893422362198e-14 -8.550301212042673172e-15 1.359825709790201332e-14 -2.086270410763291756e-15 -3.273600774238648453e-14 -7.331811158181857941e-15 1.250956497175192239e-14 -2.761076198886580602e-15 1.879313822743293878e-14 1.158275571981360526e-14 4.922229847004428845e-15 9.039888628291727727e-15 1.820993616116134223e-15 1.210769357241960706e-14 2.288130558512396501e-14 4.982656916895649948e-14 2.275297938337401263e-14 5.775203035340456485e-15 1.650937912349405016e-15 1.217612534607763188e-15 2.811272271464241418e-15 1.072561508438627670e-15 -1.136768204305657311e-15 1.657421035627636700e-15
-1.440113499731874444e-13 -5.454987858161269506e-14 -3.414831090685050868e-14 2.870912090117566664e-15 1.030942263912818299e-14 -1.405802723078291357e-14 -3.163720885394646976e-14 -1.980107074383594618e-15 1.374856490638437379e-14 4.077485384549663528e-16 2.051349380003687261e-14 5.648662311461759401e-15 5.551800630342283485e-15 1.151999218519609195e-14 2.139401719436307312e-15 1.290532245639923492e-14 1.394166019910364042e-14 2.275297938337401263e-14 4.690623460040815202e-14 1.763987416267129923e-14 4.893071553658530361e-15 2.562708374532576328e-15 -1.489353312819875039e-15 1.680347621555954293e-16 1.080108709334149478e-15 2.690633095017110329e-15
1.236118897677918603e-14 -3.516513898456275678e-14 -3.298507190621651722e-16 3.991061992259987342e-15 -1.002563040153784203e-14 -1.628558156476550515e-15 -4.301984333385738697e-15 1.410586950643522107e-14 -3.417251576280106457e-15 6.769821947282862161e-15 5.968336958839614029e-15 2.126246742561687328e-15 4.536543473455654419e-15 5.467471449091408361e-15 2.373154640782662302e-16 2.434122336921890950e-15 5.658335601731886099e-15 5.775203035340456485e-15 1.763987416267129923e-14 3.239514191747981987e-14 1.224449835372483827e-14 3.484899130886148010e-15 -1.986297757178905667e-16 9.560013402032416395e-16 7.434655491281638866e-16 1.967929002792461694e-15
2.973642267408151903e-14 -2.584457379127722765e-14 -5.946451043788169262e-15 1.322690586078320492e-15 -1.046841270720462124e-14 1.324721372810335777e-14 2.554207081533636198e-15 2.240697130915851466e-16 -8.114522291505554791e-15 -4.967952078610798804e-15 -4.855105054215784917e-15 -2.857680415759862622e-15 1.129103872762878075e-15 -4.424547335280664254e-15 -3.565833366819484789e-15 -2.961181147750980479e-17 5.969523151802964716e-15 1.650937912349405016e-15 4.893071553658530361e-15 1.224449835372483827e-14 2.638543760813980080e-14 1.383337033254025058e-14 3.908369378294483666e-15 2.725490919915898228e-15 2.899445287469936383e-15 2.498199347271347056e-15
6.761492265597731478e-15 -1.058812205470222886e-14 -3.312963005011710590e-15 1.522037829960142185e-14 3.135148992553092959e-15 3.695435336944998728e-14 -8.605759872113031442e-16 -9.809204665341338607e-15 -1.407392650919414717e-14 -8.806420290665203778e-15 -4.250287863125015951e-15 -5.759757144399759345e-16 -2.806800334017156336e-15 -8.406304233170384817e-15 -6.817811094226734918e-15 -2.259440269159866133e-15 3.699447278474393782e-15 1.217612534607763188e-15 2.562708374532576328e-15 3.484899130886148010e-15 1.383337033254025058e-14 2.823830584399139981e-14 1.094539506966526662e-14 5.936307904866675407e-15 3.548642395523047494e-15 5.634304132405382950e-15
3.689794530559658949e-14 2.172192884923706042e-14 -2.176146001027041285e-15 2.650858737594174055e-14 -4.849874388987753464e-15 2.514536849810109158e-14 -1.670717774357380561e-15 -7.377720289501496165e-15 -1.649546973346308582e-14 -7.702190378336413598e-15 -1.912184887865409197e-15 1.482986506233733197e-15 -5.938568782644461337e-15 -2.894329319295665108e-15 -2.364665241752152263e-15 -8.072774401589461465e-16 1.610522950359620633e-15 2.811272271464241418e-15 -1.489353312819875039e-15 -1.986297757178905667e-16 3.908369378294483666e-15 1.094539506966526662e-14 2.521350582435386900e-14 1.145357744130307742e-14 3.878761903728613777e-15 2.971291016995770782e-15
-1.300155911183294825e-14 1.762251320501407593e-14 -7.239594521999132628e-15 4.447380067733802287e-15 -6.331488838557616816e-15 1.403769802698138003e-14 -8.441924518969623506e-15 1.197854624335469968e-15 -8.669177405319272384e-15 -2.568600599556555113e-15 -8.707727162846507264e-15 -2.086331542250528892e-15 -5.309365398599066425e-15 -4.946842459530672021e-15 -4.641480734861149145e-15 -3.075329798733623303e-15 1.829684101748558548e-15 1.072561508438627670e-15 1.680347621555954293e-16 9.560013402032416395e-16 2.725490919915898228e-15 5.936307904866675407e-15 1.145357744130307742e-14 1.905306713901631719e-14 7.908865713553574078e-15 3.267834598238842837e-15
-1.595281822349283142e-14 -4.318937858430328513e-14 -1.760277893651741284e-14 1.122488328223176134e-14 -1.056915991275414768e-14 1.361907330148300096e-14 -2.894696900952466365e-15 5.491963190640011158e-15 -2.325737028409351070e-15 -6.285166463418062690e-15 -1.231297514686137888e-14 -5.853664628943745718e-15 -4.751863408267458761e-15 -2.302186940179346543e-15 -7.668211770272960954e-16 -3.412190254636495546e-15 3.660055619141188882e-16 -1.136768204305657311e-15 1.080108709334149478e-15 7.434655491281638866e-16 2.899445287469936383e-15 3.548642395523047494e-15 3.878761903728613777e-15 7.908865713553574078e-15 1.354142862742625914e-14 4.979776118317934514e-15
4.303460544913726681e-14 1.004220623583989569e-14 -2.487021179417594915e-14 7.083025599303145762e-15 -2.631450087384793035e-14 -4.682811142207745230e-16 -1.088826605884026999e-14 -8.471419617426654648e-16 -8.244639544319556865e-15 -3.467410735328758511e-15 1.787719621476955190e-16 1.907973056698785987e-16 2.720388339022676594e-15 1.427230011710604167e-15 -2.069360909227959974e-15 -8.136073690718470666e-16 -1.696280771963627323e-15 1.657421035627636700e-15 2.690633095017110329e-15 1.967929002792461694e-15 2.498199347271347056e-15 5.634304132405382950e-15 2.971291016995770782e-15 3.267834598238842837e-15 4.979776118317934514e-15 1.838234818788574365e-14
