9.111902090581069635e-12 -2.655829048176048736e-13 4.042927961586488020e-13 4.450714251031251033e-13 -1.551143934240509734e-13 -3.848376060408334532e-13 3.950274415820641456e-14 1.111821994801146192e-13 -1.422878582441801544e-13 8.741372155820019384e-14 6.041682148385335911e-14 2.697324016056216243e-14 1.410656751552731213e-13 1.789182370823069368e-13 1.189009748479488257e-13 8.503037253010826877e-14 6.527980671254162684e-14 6.381681684264717588e-14 -1.216606948192026513e-14 1.040858642361845902e-13 1.518749601335537006e-13 -1.867674799994019250e-14 -1.367846524442433275e-14 1.481516008772865124e-15 4.502189912635937293e-14 -4.056154088637569674e-15
-2.655829048176048736e-13 5.802132887872962417e-12 3.894851287947546762e-13 -1.025546856925820581e-13 -2.271519830069145543e-14 3.636487031492256574e-14 1.120223501070224130e-14 4.471568664763258077e-14 -7.052677203012854570e-14 1.062095422717000566e-13 -8.033094631699320633e-14 -7.042909661604919323e-14 -2.945710676097717632e-14 7.010316137769703847e-14 3.490811348073537468e-14 -2.506168438922808759e-14 -8.491340148022707929e-15 3.802792884802779296e-14 4.717621215174643655e-15 -3.501391751566110138e-15 -5.103446647830686647e-14 -4.976262609307703687e-14 -9.029109441015490985e-15 1.559442976917627391e-15 4.844200534134399504e-15 1.190749517500596892e-14
4.042927961586488020e-13 3.894851287947546762e-13 4.470849562057777277e-12 5.521807649925937782e-13 3.782156852415901957e-13 -2.510483069285601846e-13 2.882634872463800647e-14 -2.915116750793388532e-14 -1.355188212062629344e-13 -3.508126690644743863e-14 1.144952494905056155e-13 2.214856658616244563e-15 -8.798659178260362344e-14 4.442886759132523279e-14 3.368073839273735620e-14 -3.112075182368082296e-14 -4.510671086495429133e-14 7.557405051415827018e-15 -5.207153570557661912e-14 -6.896120900915401179e-14 -3.043546143429802175e-15 4.923594262296941309e-14 7.176509622458127109e-14 5.084478952489679736e-14 -1.220267018162258148e-15 -7.878284395326033741e-15
4.450714251031251033e-13 -1.025546856925820581e-13 5.521807649925937782e-13 2.330086556227261875e-12 2.154047642553408925e-13 2.159747117216166512e-14 1.644161666217911376e-13 7.685801206196441031e-14 -6.534326803259180175e-14 -2.143659426149623478e-14 7.600996892394190188e-14 6.553466372814233111e-15 -5.086440988994891666e-14 8.308367476290290293e-15 3.944691406367000372e-14 -1.743468441732111073e-14 -5.639698928633852016e-14 -6.074553748971043151e-14 2.596618672531977482e-15 1.605869409720550588e-14 1.582022729697524775e-14 -1.356921166156154499e-15 1.940209554280723359e-14 4.371380614250801931e-14 2.793651780243127977e-14 3.514322010772906975e-14
-1.551143934240509734e-13 -2.271519830069145543e-14 3.782156852415901957e-13 2.154047642553408925e-13 1.844534397467094338e-12 -3.263835843160145153e-14 5.108924113395445486e-14 -1.112990751900942726e-13 3.421632430150469284e-14 -1.565621468188751340e-14 3.343638421341462548e-14 3.951544531202195113e-14 1.300250440245538021e-14 -2.413884745976157018e-15 -2.420104369236282481e-15 -1.141699155031611459e-14 6.375149424424187124e-15 1.199343327062227076e-14 -1.103570667776219510e-14 3.412225236862190478e-14 3.743947962525150225e-14 2.338679865599400729e-14 3.800146018036931429e-14 9.064658115572520834e-17 -2.390640959696126239e-14 1.628672058286183867e-14
-3.848376060408334532e-13 3.636487031492256574e-14 -2.510483069285601846e-13 2.159747117216166512e-14 -3.263835843160145153e-14 1.014638917749144162e-12 9.378491208046158275e-14 -1.503890156934917910e-14 5.308144422055696874e-14 7.402936038270350157e-14 3.801490308486339171e-14 3.165658408196364894e-14 3.492245288755032458e-14 2.004273844268670705e-14 1.756235170487357083e-17 -1.034587132255224900e-14 7.336639314459168165e-15 1.288134549497765254e-15 2.920289847356285711e-14 1.041074782308291043e-14 -4.197669535228235915e-15 -2.411676064883171290e-14 -2.846517202600506703e-14 1.521804596048778305e-14 -1.632784317225378872e-15 7.554765973239268205e-15
3.950274415820641456e-14 1.120223501070224130e-14 2.882634872463800647e-14 1.644161666217911376e-13 5.108924113395445486e-14 9.378491208046158275e-14 8.622987249089023348e-13 9.076949997701984076e-14 -1.885309407205859850e-14 4.210393471447570504e-14 2.964239458862787410e-16 3.119697317316649673e-14 1.320445259219703260e-14 3.632392382714303500e-14 5.071449141336348673e-15 1.519664725763666289e-14 2.362176617482509017e-14 6.694438898831096847e-15 -2.267278715937488087e-15 -8.292685019694863444e-15 -2.116330314826551732e-14 -8.390675023774525300e-15 6.931929226888332590e-15 1.830497106504583787e-14 -9.001266820442563795e-15 1.071971544549578863e-14
1.111821994801146192e-13 4.471568664763258077e-14 -2.915116750793388532e-14 7.685801206196441031e-14 -1.112990751900942726e-13 -1.503890156934917910e-14 9.076949997701984076e-14 5.998091054002223064e-13 5.706482727175708245e-15 1.903386032723117352e-14 -7.676417013310484718e-15 -6.159833885367939083e-14 -6.538276791797753893e-14 -1.877404017937467000e-14 -1.484027554548930186e-14 7.689038968562696407e-15 2.267403661005972639e-14 1.650394610447067138e-15 5.423900919158004847e-15 1.331804743104360145e-14 9.139677089395606698e-16 2.727534814084077554e-15 -2.671098286641860018e-15 -8.366827897531467959e-15 -9.639620969748287955e-15 -7.066042308294306328e-15
-1.422878582441801544e-13 -7.052677203012854570e-14 -1.355188212062629344e-13 -6.534326803259180175e-14 3.421632430150469284e-14 5.308144422055696874e-14 -1.885309407205859850e-14 5.706482727175708245e-15 4.082646949806053947e-13 6.957243903458931339e-14 3.013674709564738126e-14 2.949721165395146978e-14 3.038854882089311336e-14 1.656318390459470650e-14 1.888737341224564093e-14 1.054647760128166368e-14 3.072377828540394370e-15 -2.303746682381144515e-15 1.907728764086325842e-14 1.713251392701383536e-14 1.910600152572588117e-14 1.644532945715266044e-14 -2.517810495711889473e-15 -2.054410528856401008e-16 1.113659521804289884e-14 5.564534538160746828e-15
8.741372155820019384e-14 1.062095422717000566e-13 -3.508126690644743863e-14 -2.143659426149623478e-14 -1.565621468188751340e-14 7.402936038270350157e-14 4.210393471447570504e-14 1.903386032723117352e-14 6.957243903458931339e-14 2.944418627267049121e-13 6.449007955555723931e-14 5.172569956813844647e-14 3.212121082996340102e-14 4.070383436634194647e-14 3.938010054199433757e-14 4.555128024926134108e-15 3.293903768761794073e-14 1.726175432185246955e-14 8.724290406495440007e-15 1.837524033580547660e-14 3.574577900530643243e-15 1.222009005567566580e-15 -1.477803931009646738e-14 -5.503069693183496854e-15 1.163540526600658211e-15 1.945876513818342505e-14
6.041682148385335911e-14 -8.033094631699320633e-14 1.144952494905056155e-13 7.600996892394190188e-14 3.343638421341462548e-14 3.801490308486339171e-14 2.964239458862787410e-16 -7.676417013310484718e-15 3.013674709564738126e-14 6.449007955555723931e-14 1.972151998712355321e-13 7.230784810725719461e-14 1.988139722838298866e-14 6.218730720626611788e-15 9.810473978964209377e-15 -8.667803134461846173e-16 4.022268587974190244e-15 -1.590698613409062053e-15 1.219526241598128858e-15 7.738624363761211798e-15 2.650132373523984744e-15 3.548802233854353471e-15 -1.305480509278379993e-15 7.761684817918612052e-15 8.416022441371723593e-15 8.009012903481050519e-15
2.697324016056216243e-14 -7.042909661604919323e-14 2.214856658616244563e-15 6.553466372814233111e-15 3.951544531202195113e-14 3.165658408196364894e-14 3.119697317316649673e-14 -6.159833885367939083e-14 2.949721165395146978e-14 5.172569956813844647e-14 7.230784810725719461e-14 2.167850242262840720e-13 8.385256678913230733e-14 4.335630480444909386e-14 4.615669242986379820e-14 1.500285658637874429e-14 1.574273509335523329e-15 1.214371608553670621e-15 1.401081452517761770e-14 5.884486377473387538e-15 1.567877104719241364e-14 9.874065915478873947e-15 -6.830486878113128387e-15 -6.398543031130640891e-16 -5.467500515375843809e-15 -5.200678064721548554e-16
1.410656751552731213e-13 -2.945710676097717632e-14 -8.798659178260362344e-14 -5.086440988994891666e-14 1.300250440245538021e-14 3.492245288755032458e-14 1.320445259219703260e-14 -6.538276791797753893e-14 3.038854882089311336e-14 3.212121082996340102e-14 1.988139722838298866e-14 8.385256678913230733e-14 1.435772103689427128e-13 6.319225747334098915e-14 3.510884632303413024e-14 1.839347227824766291e-14 5.132041300537602621e-15 6.478068413455726147e-15 5.543877023193313098e-15 8.840456861984026057e-15 1.433472326228643657e-14 4.717279345629987599e-15 3.735871428702764503e-17 -4.209456618424718322e-15 -4.961307461372067956e-15 -4.461432329380237717e-15
1.789182370823069368e-13 7.010316137769703847e-14 4.442886759132523279e-14 8.308367476290290293e-15 -2.413884745976157018e-15 2.004273844268670705e-14 3.632392382714303500e-14 -1.877404017937467000e-14 1.656318390459470650e-14 4.070383436634194647e-14 6.218730720626611788e-15 4.335630480444909386e-14 6.319225747334098915e-14 1.466004838438684629e-13 7.687059614367406117e-14 3.391338958926766050e-14 2.875514269663974520e-14 1.417794763014385786e-14 3.924865267822364734e-15 5.744037914469954627e-15 8.420195545615839104e-15 -1.888857767323296042e-15 1.843201055485566220e-17 2.550020046987372507e-15 2.165581208259170703e-15 -1.665150171235378777e-16
1.189009748479488257e-13 3.490811348073537468e-14 3.368073839273735620e-14 3.944691406367000372e-14 -2.420104369236282481e-15 1.756235170487357083e-17 5.071449141336348673e-15 -1.484027554548930186e-14 1.888737341224564093e-14 3.938010054199433757e-14 9.810473978964209377e-15 4.615669242986379820e-14 3.510884632303413024e-14 7.687059614367406117e-14 1.310912794637929125e-13 6.364843419916271878e-14 4.249573463635952676e-14 2.203936438303774956e-14 1.774322622416148906e-14 1.429177592064243928e-14 1.576272821481813520e-14 2.067451864532016707e-15 8.160072573471180876e-16 4.319266692556726868e-15 5.931004546663014542e-15 4.496808178852314795e-15
8.503037253010826877e-14 -2.506168438922808759e-14 -3.112075182368082296e-14 -1.743468441732111073e-14 -1.141699155031611459e-14 -1.034587132255224900e-14 1.519664725763666289e-14 7.689038968562696407e-15 1.054647760128166368e-14 4.555128024926134108e-15 -8.667803134461846173e-16 1.500285658637874429e-14 1.839347227824766291e-14 3.391338958926766050e-14 6.364843419916271878e-14 9.225883765264169535e-14 4.766460114888891356e-14 2.449837901896246933e-14 2.027448951555975865e-14 1.652007538930073719e-14 1.037927093299436391e-14 9.530175464642559044e-16 -1.735160989178783764e-15 -2.558883583748579483e-15 4.918719011595804636e-15 8.287938022445914013e-16
6.527980671254162684e-14 -8.491340148022707929e-15 -4.510671086495429133e-14 -5.639698928633852016e-14 6.375149424424187124e-15 7.336639314459168165e-15 2.362176617482509017e-14 2.267403661005972639e-14 3.072377828540394370e-15 3.293903768761794073e-14 4.022268587974190244e-15 1.574273509335523329e-15 5.132041300537602621e-15 2.875514269663974520e-14 4.249573463635952676e-14 4.766460114888891356e-14 9.202856336097349858e-14 4.448251573076305889e-14 2.778153459965961676e-14 2.725195108196568007e-14 7.164389324162578957e-15 1.432015679335283994e-16 8.418502661986512826e-17 2.047252601556584491e-15 3.119998229842614890e-15 5.152123644441356241e-15
6.381681684264717588e-14 3.802792884802779296e-14 7.557405051415827018e-15 -6.074553748971043151e-14 1.199343327062227076e-14 1.288134549497765254e-15 6.694438898831096847e-15 1.650394610447067138e-15 -2.303746682381144515e-15 1.726175432185246955e-14 -1.590698613409062053e-15 1.214371608553670621e-15 6.478068413455726147e-15 1.417794763014385786e-14 2.203936438303774956e-14 2.449837901896246933e-14 4.448251573076305889e-14 7.967864013742126076e-14 5.319627509777755950e-14 3.818190755623985197e-14 2.068787667838246461e-14 1.846783129259683458e-15 -8.761499899448364850e-16 -5.900974373396975792e-16 -4.083599129739358475e-15 1.442034249366580694e-15
-1.216606948192026513e-14 4.717621215174643655e-15 -5.207153570557661912e-14 2.596618672531977482e-15 -1.103570667776219510e-14 2.920289847356285711e-14 -2.267278715937488087e-15 5.423900919158004847e-15 1.907728764086325842e-14 8.724290406495440007e-15 1.219526241598128858e-15 1.401081452517761770e-14 5.543877023193313098e-15 3.924865267822364734e-15 1.774322622416148906e-14 2.027448951555975865e-14 2.778153459965961676e-14 5.319627509777755950e-14 9.391491731898034256e-14 6.060922940789864324e-14 2.732476411104807385e-14 3.849463786537479794e-15 -1.447687451394965347e-15 2.767230214126738239e-15 -3.405723984493694598e-15 -1.602168631881841307e-15
1.040858642361845902e-13 -3.501391751566110138e-15 -6.896120900915401179e-14 1.605869409720550588e-14 3.412225236862190478e-14 1.041074782308291043e-14 -8.292685019694863444e-15 1.331804743104360145e-14 1.713251392701383536e-14 1.837524033580547660e-14 7.738624363761211798e-15 5.884486377473387538e-15 8.840456861984026057e-15 5.744037914469954627e-15 1.429177592064243928e-14 1.652007538930073719e-14 2.725195108196568007e-14 3.818190755623985197e-14 6.060922940789864324e-14 9.288545224895515596e-14 4.970276481342492303e-14 1.179289558994598551e-14 2.335090538057114227e-15 7.385243410007774671e-17 2.582675705171841886e-15 4.169835753971448348e-15
1.518749601335537006e-13 -5.103446647830686647e-14 -3.043546143429802175e-15 1.582022729697524775e-14 3.743947962525150225e-14 -4.197669535228235915e-15 -2.116330314826551732e-14 9.139677089395606698e-16 1.910600152572588117e-14 3.574577900530643243e-15 2.650132373523984744e-15 1.567877104719241364e-14 1.433472326228643657e-14 8.420195545615839104e-15 1.576272821481813520e-14 1.037927093299436391e-14 7.164389324162578957e-15 2.068787667838246461e-14 2.732476411104807385e-14 4.970276481342492303e-14 7.071615829458450264e-14 2.995791338933012248e-14 7.730279204082927112e-15 -1.986957345987551628e-15 -6.940579853269749805e-17 -2.902071832927175582e-15
-1.867674799994019250e-14 -4.976262609307703687e-14 4.923594262296941309e-14 -1.356921166156154499e-15 2.338679865599400729e-14 -2.411676064883171290e-14 -8.390675023774525300e-15 2.727534814084077554e-15 1.644532945715266044e-14 1.222009005567566580e-15 3.548802233854353471e-15 9.874065915478873947e-15 4.717279345629987599e-15 -1.888857767323296042e-15 2.067451864532016707e-15 9.530175464642559044e-16 1.432015679335283994e-16 1.846783129259683458e-15 3.849463786537479794e-15 1.179289558994598551e-14 2.995791338933012248e-14 4.958601265908547198e-14 1.754110855210379524e-14 1.010232806950263678e-15 -1.650201290545539952e-16 -1.466500802693592895e-15
-1.367846524442433275e-14 -9.029109441015490985e-15 7.176509622458127109e-14 1.940209554280723359e-14 3.800146018036931429e-14 -2.846517202600506703e-14 6.931929226888332590e-15 -2.671098286641860018e-15 -2.517810495711889473e-15 -1.477803931009646738e-14 -1.305480509278379993e-15 -6.830486878113128387e-15 3.735871428702764503e-17 1.843201055485566220e-17 8.160072573471180876e-16 -1.735160989178783764e-15 8.418502661986512826e-17 -8.761499899448364850e-16 -1.447687451394965347e-15 2.335090538057114227e-15 7.730279204082927112e-15 1.754110855210379524e-14 3.645413126409616612e-14 1.511435773470932383e-14 5.671661997214676486e-15 4.394526386548073951e-15
1.481516008772865124e-15 1.559442976917627391e-15 5.084478952489679736e-14 4.371380614250801931e-14 9.064658115572520834e-17 1.521804596048778305e-14 1.830497106504583787e-14 -8.366827897531467959e-15 -2.054410528856401008e-16 -5.503069693183496854e-15 7.761684817918612052e-15 -6.398543031130640891e-16 -4.209456618424718322e-15 2.550020046987372507e-15 4.319266692556726868e-15 -2.558883583748579483e-15 2.047252601556584491e-15 -5.900974373396975792e-16 2.767230214126738239e-15 7.385243410007774671e-17 -1.986957345987551628e-15 1.010232806950263678e-15 1.511435773470932383e-14 3.907606453814589381e-14 2.107287928927770268e-14 7.063532631526290584e-15
4.502189912635937293e-14 4.844200534134399504e-15 -1.220267018162258148e-15 2.793651780243127977e-14 -2.390640959696126239e-14 -1.632784317225378872e-15 -9.001266820442563795e-15 -9.639620969748287955e-15 1.113659521804289884e-14 1.163540526600658211e-15 8.416022441371723593e-15 -5.467500515375843809e-15 -4.961307461372067956e-15 2.165581208259170703e-15 5.931004546663014542e-15 4.918719011595804636e-15 3.119998229842614890e-15 -4.083599129739358475e-15 -3.405723984493694598e-15 2.582675705171841886e-15 -6.940579853269749805e-17 -1.650201290545539952e-16 5.671661997214676486e-15 2.107287928927770268e-14 4.163854322623235472e-14 1.893803015654059937e-14
-4.056154088637569674e-15 1.190749517500596892e-14 -7.878284395326033741e-15 3.514322010772906975e-14 1.628672058286183867e-14 7.554765973239268205e-15 1.071971544549578863e-14 -7.066042308294306328e-15 5.564534538160746828e-15 1.945876513818342505e-14 8.009012903481050519e-15 -5.200678064721548554e-16 -4.461432329380237717e-15 -1.665150171235378777e-16 4.496808178852314795e-15 8.287938022445914013e-16 5.152123644441356241e-15 1.442034249366580694e-15 -1.602168631881841307e-15 4.169835753971448348e-15 -2.902071832927175582e-15 -1.466500802693592895e-15 4.394526386548073951e-15 7.063532631526290584e-15 1.893803015654059937e-14 4.086311305706817018e-14
