1.058221242686095664e-11 6.745307619988531413e-13 -2.491337672796123706e-14 1.832586370949037337e-13 7.024330880562959578e-13 2.314002709154442957e-13 2.576666954450751432e-13 3.652030171963401129e-13 4.794956581811601658e-14 1.049853340305346063e-13 5.418553117503304037e-15 1.384622324317635534e-14 -6.590197693379917719e-14 3.691888011616166954e-14 1.845041282178557193e-14 -3.052373170460139961e-14 5.380598823768865294e-14 -2.409310949803974379e-14 2.228212691880544648e-14 -5.991196015456334197e-14 -1.929644165727518976e-14 -5.126049701077964500e-14 -3.937719757418445569e-14 -1.039779595869865975e-14 1.891576499198440191e-14 -2.841118952041712537e-17
6.745307619988531413e-13 6.816934531216135380e-12 2.764682320186885037e-13 8.958276539106221468e-14 6.132642631614155070e-14 1.651237242204167672e-13 -5.923710710717009127e-14 1.821409146007279735e-13 -2.881167423793092579e-14 1.517972407290208316e-13 -1.182805650484727585e-13 -1.880098979065727208e-14 -4.212466865227468207e-14 -6.382381060804215444e-14 -3.416782719871650536e-14 -1.217102155605581620e-14 1.420783365485775231e-14 4.415763149687036648e-14 1.733975404323826953e-14 -4.694160889225383927e-15 -1.295415723271084512e-14 -6.693258334592525777e-14 -9.294545052059807289e-14 -4.759091967031702970e-14 -3.819221896541803926e-14 1.870708909555783136e-16
-2.491337672796123706e-14 2.764682320186885037e-13 4.191334574130091439e-12 7.501854755953943917e-14 -2.068461410613593975e-13 -2.003667465689451946e-15 -1.419275533338085112e-14 1.359337571804317057e-13 2.660443228875625377e-14 5.698934165389233647e-14 1.130643639294932625e-13 1.246331019860900265e-13 1.209072164217106846e-13 8.591319497856586265e-15 -7.148990394527404161e-14 -2.114756223668710647e-14 -2.852028061240124797e-14 -1.963459101159823460e-14 3.885470621205093395e-14 1.877883260408982907e-14 -5.891108761844488358e-15 -3.541505532824186974e-14 -2.948549506127407514e-15 1.604779079028783350e-14 -1.727272174959716142e-16 -5.192391493189358012e-15
1.832586370949037337e-13 8.958276539106221468e-14 7.501854755953943917e-14 2.693642983243155628e-12 2.512243462378879936e-14 6.498451111634275243e-14 -3.042538996906569638e-14 4.502060677863963923e-14 1.120608195187936189e-13 -5.194752668229628501e-14 -4.464648067512788811e-14 -4.862696184805529347e-14 5.405754228351038644e-14 -4.487858465854159142e-14 5.173813497585841747e-14 2.152301121050257858e-14 -6.055916630015666795e-16 4.479538092522502417e-14 1.490431781855335884e-14 4.861347805877955881e-14 7.816933208552571515e-14 6.220709041539591508e-14 4.745986802092168830e-14 2.976822471689996904e-15 2.309437789424111656e-14 1.226430305559874105e-14
7.024330880562959578e-13 6.132642631614155070e-14 -2.068461410613593975e-13 2.512243462378879936e-14 1.515033805828318867e-12 2.734559122997433716e-13 1.030016217822391766e-13 9.258876695055175388e-15 -1.256582865413098329e-15 -3.746046845464339441e-14 -1.623624156818013757e-14 3.138045788583139934e-14 -2.451952102069402988e-15 4.590406623978304624e-15 -1.776531126595560767e-14 1.222054276992964531e-14 1.595988568306475053e-14 8.235811670475179148e-16 -7.168208620733527075e-15 -1.570647651546504712e-14 3.223723531565826978e-15 -1.121638771888558925e-14 -2.179247677162167246e-14 -9.681895684797600177e-15 -1.219679458417060101e-15 -1.461757735690251799e-14
2.314002709154442957e-13 1.651237242204167672e-13 -2.003667465689451946e-15 6.498451111634275243e-14 2.734559122997433716e-13 9.995428803939902925e-13 1.815998539544978893e-13 -1.228753333209463998e-14 -3.074275459371660260e-14 4.710354493028840765e-14 -1.004833638370827592e-14 3.866859086324558254e-15 -3.339125897894239386e-15 2.678687463486272293e-14 -4.921089121875485071e-15 4.872242767043910167e-15 1.382949109052014295e-14 -7.918038244435808156e-15 2.001043979732052768e-14 -1.492199148143213738e-15 -4.392359713353825866e-15 -7.872005582243970758e-15 1.105485757824354674e-15 -1.212465240705312476e-15 9.820400156104600077e-15 4.060248924076762018e-15
2.576666954450751432e-13 -5.923710710717009127e-14 -1.419275533338085112e-14 -3.042538996906569638e-14 1.030016217822391766e-13 1.815998539544978893e-13 7.215437206915377948e-13 -3.397686064010642162e-14 1.486347716616824975e-14 3.158973943758589368e-14 1.184909445714456197e-14 1.022145035970631537e-14 -1.875725009866547141e-14 -2.285857588110274938e-14 -2.266927021160648686e-14 -2.048460696845357420e-14 2.185264486772074256e-14 -7.882063853052845385e-15 -1.860435477863435811e-14 -2.478684455237304609e-15 -1.573982081803279399e-14 -3.418446542083778915e-14 -1.560839571810737216e-14 2.175480410852563323e-15 -1.214789146583919418e-15 -2.123618200515511363e-14
3.652030171963401129e-13 1.821409146007279735e-13 1.359337571804317057e-13 4.502060677863963923e-14 9.258876695055175388e-15 -1.228753333209463998e-14 -3.397686064010642162e-14 5.145922171714659530e-13 8.120897295874704647e-14 4.839204563791596863e-14 3.945064397736788287e-15 -9.759840337547552520e-15 -8.063023849786448168e-16 -2.084894364797719345e-14 -1.299435083710586741e-14 -2.403485045556216553e-14 -1.161344533343278686e-14 -1.562035451464005605e-15 -8.629856231730701723e-15 4.945918684707756963e-15 2.301061787715127138e-15 -5.966357045003859425e-16 -3.597314318288936325e-15 -1.345500932337562359e-14 4.384031423440175970e-15 -1.211125130066172719e-15
4.794956581811601658e-14 -2.881167423793092579e-14 2.660443228875625377e-14 1.120608195187936189e-13 -1.256582865413098329e-15 -3.074275459371660260e-14 1.486347716616824975e-14 8.120897295874704647e-14 3.391867785484022210e-13 7.886572490324377617e-14 2.624583499545343866e-14 8.455293286633040267e-15 4.156225173870933218e-14 9.021666235429933544e-15 2.180540868644665385e-14 -4.421699496081087462e-15 -2.873978521421054510e-15 1.127788886612475723e-14 -8.061507833083840999e-15 1.189709524367670048e-15 -1.328858602634776015e-15 1.329045781037854024e-14 9.632482529426648224e-15 4.036645699712125540e-15 3.938239501437594835e-15 -2.951085205297523694e-15
1.049853340305346063e-13 1.517972407290208316e-13 5.698934165389233647e-14 -5.194752668229628501e-14 -3.746046845464339441e-14 4.710354493028840765e-14 3.158973943758589368e-14 4.839204563791596863e-14 7.886572490324377617e-14 2.591795222284061908e-13 3.878920047628688535e-14 3.918852648317420120e-14 2.572271842994046101e-14 1.766030082068825914e-14 1.222558720077946206e-14 -2.874630619384900125e-15 1.931555716717282503e-15 -1.244397650103429028e-14 3.314839851787425561e-15 5.561612063591769378e-15 1.791702608411917072e-16 -1.077884331522824471e-15 -7.190389467570066795e-15 -3.787477166375274349e-15 -3.869984690107860723e-15 -5.063492048216563176e-15
5.418553117503304037e-15 -1.182805650484727585e-13 1.130643639294932625e-13 -4.464648067512788811e-14 -1.623624156818013757e-14 -1.004833638370827592e-14 1.184909445714456197e-14 3.945064397736788287e-15 2.624583499545343866e-14 3.878920047628688535e-14 1.666963884412643855e-13 3.994996625808044828e-14 2.777000107550073283e-14 1.075273882776900264e-14 1.010669372512818859e-14 2.932515534373081380e-15 -8.138830670685916567e-16 -3.051182822031871693e-15 5.586677674094647727e-16 7.669273056899425126e-15 3.936705478827960808e-16 4.973411109482457831e-15 -2.646355299161145361e-15 3.286738082093902973e-16 -7.747399907158049352e-16 -4.989609162954346622e-17
1.384622324317635534e-14 -1.880098979065727208e-14 1.246331019860900265e-13 -4.862696184805529347e-14 3.138045788583139934e-14 3.866859086324558254e-15 1.022145035970631537e-14 -9.759840337547552520e-15 8.455293286633040267e-15 3.918852648317420120e-14 3.994996625808044828e-14 1.156848032932169910e-13 3.939112223113083349e-14 2.342437034116508916e-14 7.719001174443439684e-15 8.826070544101607495e-15 8.127235404285866254e-16 -1.103531276748028295e-14 -3.449351403234102200e-15 -2.843281717521856981e-15 -4.254178621267760501e-15 -6.302922384538617184e-15 -7.924343366669061535e-15 3.383182911851143911e-15 2.131613515352625261e-15 -9.444392556062190512e-16
-6.590197693379917719e-14 -4.212466865227468207e-14 1.209072164217106846e-13 5.405754228351038644e-14 -2.451952102069402988e-15 -3.339125897894239386e-15 -1.875725009866547141e-14 -8.063023849786448168e-16 4.156225173870933218e-14 2.572271842994046101e-14 2.777000107550073283e-14 3.939112223113083349e-14 1.270361226089413327e-13 3.782208968440271405e-14 4.852101973793917402e-15 -2.088861742370177425e-15 -3.038536092685536319e-15 9.024853873403785713e-16 7.895380867065782914e-15 1.543124207835065661e-15 2.386647302677746861e-15 6.745507845321165613e-15 2.298933261322968125e-15 4.654683302028070997e-15 1.113441768075733646e-15 -3.096904423161346949e-15
3.691888011616166954e-14 -6.382381060804215444e-14 8.591319497856586265e-15 -4.487858465854159142e-14 4.590406623978304624e-15 2.678687463486272293e-14 -2.285857588110274938e-14 -2.084894364797719345e-14 9.021666235429933544e-15 1.766030082068825914e-14 1.075273882776900264e-14 2.342437034116508916e-14 3.782208968440271405e-14 9.748988897791694098e-14 4.234478476912351962e-14 1.487641499466780571e-14 9.486401022521213947e-15 7.461944356573430333e-15 1.442629339738648149e-14 7.281035487102846895e-16 3.313303978918891464e-15 5.832376458846332114e-15 4.128341607412846305e-15 8.583705343747125444e-16 -1.232706161852673923e-15 2.304600952604318121e-16
1.845041282178557193e-14 -3.416782719871650536e-14 -7.148990394527404161e-14 5.173813497585841747e-14 -1.776531126595560767e-14 -4.921089121875485071e-15 -2.266927021160648686e-14 -1.299435083710586741e-14 2.180540868644665385e-14 1.222558720077946206e-14 1.010669372512818859e-14 7.719001174443439684e-15 4.852101973793917402e-15 4.234478476912351962e-14 8.571286650156282163e-14 3.752027841210972906e-14 1.510219729662049665e-14 6.113704484005350437e-15 7.391989637537386587e-15 1.800985275964548282e-15 3.677984639376357939e-15 9.536331842688075635e-15 7.897040751596224635e-15 -2.739309785198682087e-15 -2.280319588131787675e-15 -3.032943583628002938e-16
-3.052373170460139961e-14 -1.217102155605581620e-14 -2.114756223668710647e-14 2.152301121050257858e-14 1.222054276992964531e-14 4.872242767043910167e-15 -2.048460696845357420e-14 -2.403485045556216553e-14 -4.421699496081087462e-15 -2.874630619384900125e-15 2.932515534373081380e-15 8.826070544101607495e-15 -2.088861742370177425e-15 1.487641499466780571e-14 3.752027841210972906e-14 6.670361058190971146e-14 2.866273417772080204e-14 1.300981026981922210e-14 1.391042599780928578e-14 8.675641499636206959e-15 5.358811203704850316e-15 6.095006762670708517e-15 5.050903442135654202e-15 -1.015070603122850093e-15 -5.732968363169006556e-15 -5.657818338675439042e-15
5.380598823768865294e-14 1.420783365485775231e-14 -2.852028061240124797e-14 -6.055916630015666795e-16 1.595988568306475053e-14 1.382949109052014295e-14 2.185264486772074256e-14 -1.161344533343278686e-14 -2.873978521421054510e-15 1.931555716717282503e-15 -8.138830670685916567e-16 8.127235404285866254e-16 -3.038536092685536319e-15 9.486401022521213947e-15 1.510219729662049665e-14 2.866273417772080204e-14 5.413928574253008772e-14 2.707814599037117558e-14 1.217839634776101387e-14 6.206780824490827462e-15 4.279158121435772841e-15 4.576655956606829634e-15 4.424856538451427894e-15 2.035832763251768355e-15 -4.124073846963953706e-15 -4.248827490401192288e-15
-2.409310949803974379e-14 4.415763149687036648e-14 -1.963459101159823460e-14 4.479538092522502417e-14 8.235811670475179148e-16 -7.918038244435808156e-15 -7.882063853052845385e-15 -1.562035451464005605e-15 1.127788886612475723e-14 -1.244397650103429028e-14 -3.051182822031871693e-15 -1.103531276748028295e-14 9.024853873403785713e-16 7.461944356573430333e-15 6.113704484005350437e-15 1.300981026981922210e-14 2.707814599037117558e-14 5.540747571290622903e-14 2.253098629067782123e-14 1.311562085556768064e-14 9.636540036089954310e-15 9.252046094269082551e-15 9.211020676779529204e-15 1.546750519174921548e-15 3.555938156702245369e-15 6.561674802562989172e-17
2.228212691880544648e-14 1.733975404323826953e-14 3.885470621205093395e-14 1.490431781855335884e-14 -7.168208620733527075e-15 2.001043979732052768e-14 -1.860435477863435811e-14 -8.629856231730701723e-15 -8.061507833083840999e-15 3.314839851787425561e-15 5.586677674094647727e-16 -3.449351403234102200e-15 7.895380867065782914e-15 1.442629339738648149e-14 7.391989637537386587e-15 1.391042599780928578e-14 1.217839634776101387e-14 2.253098629067782123e-14 4.754354412200224051e-14 2.613150388064145949e-14 1.306688676288684142e-14 9.780995557592104037e-15 6.794692603875030212e-15 3.019764016450909711e-15 2.425123039261245859e-16 -6.636000671431954151e-16
-5.991196015456334197e-14 -4.694160889225383927e-15 1.877883260408982907e-14 4.861347805877955881e-14 -1.570647651546504712e-14 -1.492199148143213738e-15 -2.478684455237304609e-15 4.945918684707756963e-15 1.189709524367670048e-15 5.561612063591769378e-15 7.669273056899425126e-15 -2.843281717521856981e-15 1.543124207835065661e-15 7.281035487102846895e-16 1.800985275964548282e-15 8.675641499636206959e-15 6.206780824490827462e-15 1.311562085556768064e-14 2.613150388064145949e-14 4.901972218530229871e-14 2.389886301960560489e-14 1.593300498397447042e-14 8.372284762490819205e-15 -6.342509612594995874e-16 -3.309976097285743119e-15 -3.258455657812409126e-15
-1.929644165727518976e-14 -1.295415723271084512e-14 -5.891108761844488358e-15 7.816933208552571515e-14 3.223723531565826978e-15 -4.392359713353825866e-15 -1.573982081803279399e-14 2.301061787715127138e-15 -1.328858602634776015e-15 1.791702608411917072e-16 3.936705478827960808e-16 -4.254178621267760501e-15 2.386647302677746861e-15 3.313303978918891464e-15 3.677984639376357939e-15 5.358811203704850316e-15 4.279158121435772841e-15 9.636540036089954310e-15 1.306688676288684142e-14 2.389886301960560489e-14 3.711443794172696013e-14 2.492414591146507176e-14 1.183449913351139450e-14 3.085839054213359974e-15 9.502018077241402403e-16 3.751709682087033323e-16
-5.126049701077964500e-14 -6.693258334592525777e-14 -3.541505532824186974e-14 6.220709041539591508e-14 -1.121638771888558925e-14 -7.872005582243970758e-15 -3.418446542083778915e-14 -5.966357045003859425e-16 1.329045781037854024e-14 -1.077884331522824471e-15 4.973411109482457831e-15 -6.302922384538617184e-15 6.745507845321165613e-15 5.832376458846332114e-15 9.536331842688075635e-15 6.095006762670708517e-15 4.576655956606829634e-15 9.252046094269082551e-15 9.780995557592104037e-15 1.593300498397447042e-14 2.492414591146507176e-14 4.618367942046610516e-14 2.716030405787474882e-14 8.434217735876697833e-15 1.127118329136349723e-15 2.576998767931482550e-15
-3.937719757418445569e-14 -9.294545052059807289e-14 -2.948549506127407514e-15 4.745986802092168830e-14 -2.179247677162167246e-14 1.105485757824354674e-15 -1.560839571810737216e-14 -3.597314318288936325e-15 9.632482529426648224e-15 -7.190389467570066795e-15 -2.646355299161145361e-15 -7.924343366669061535e-15 2.298933261322968125e-15 4.128341607412846305e-15 7.897040751596224635e-15 5.050903442135654202e-15 4.424856538451427894e-15 9.211020676779529204e-15 6.794692603875030212e-15 8.372284762490819205e-15 1.183449913351139450e-14 2.716030405787474882e-14 3.655007680163516812e-14 1.025957844795707473e-14 -7.161103576181175725e-16 5.138797811710157161e-16
-1.039779595869865975e-14 -4.759091967031702970e-14 1.604779079028783350e-14 2.976822471689996904e-15 -9.681895684797600177e-15 -1.212465240705312476e-15 2.175480410852563323e-15 -1.345500932337562359e-14 4.036645699712125540e-15 -3.787477166375274349e-15 3.286738082093902973e-16 3.383182911851143911e-15 4.654683302028070997e-15 8.583705343747125444e-16 -2.739309785198682087e-15 -1.015070603122850093e-15 2.035832763251768355e-15 1.546750519174921548e-15 3.019764016450909711e-15 -6.342509612594995874e-16 3.085839054213359974e-15 8.434217735876697833e-15 1.025957844795707473e-14 2.006532205547578138e-14 7.320427126860861580e-15 2.304978277912347604e-15
1.891576499198440191e-14 -3.819221896541803926e-14 -1.727272174959716142e-16 2.309437789424111656e-14 -1.219679458417060101e-15 9.820400156104600077e-15 -1.214789146583919418e-15 4.384031423440175970e-15 3.938239501437594835e-15 -3.869984690107860723e-15 -7.747399907158049352e-16 2.131613515352625261e-15 1.113441768075733646e-15 -1.232706161852673923e-15 -2.280319588131787675e-15 -5.732968363169006556e-15 -4.124073846963953706e-15 3.555938156702245369e-15 2.425123039261245859e-16 -3.309976097285743119e-15 9.502018077241402403e-16 1.127118329136349723e-15 -7.161103576181175725e-16 7.320427126860861580e-15 2.198957144206128193e-14 1.187505031543679179e-14
-2.841118952041712537e-17 1.870708909555783136e-16 -5.192391493189358012e-15 1.226430305559874105e-14 -1.461757735690251799e-14 4.060248924076762018e-15 -2.123618200515511363e-14 -1.211125130066172719e-15 -2.951085205297523694e-15 -5.063492048216563176e-15 -4.989609162954346622e-17 -9.444392556062190512e-16 -3.096904423161346949e-15 2.304600952604318121e-16 -3.032943583628002938e-16 -5.657818338675439042e-15 -4.248827490401192288e-15 6.561674802562989172e-17 -6.636000671431954151e-16 -3.258455657812409126e-15 3.751709682087033323e-16 2.576998767931482550e-15 5.138797811710157161e-16 2.304978277912347604e-15 1.187505031543679179e-14 2.213393884351832310e-14
