1.058221242686093240e-11 6.745307619988443566e-13 -2.491337672796058073e-14 1.832586370948991898e-13 7.024330880562982802e-13 2.314002709154409635e-13 2.576666954450780210e-13 3.652030171963399110e-13 4.794956581811407914e-14 1.049853340305355151e-13 5.418553117498493564e-15 1.384622324318031542e-14 -6.590197693379748587e-14 3.691888011616468614e-14 1.845041282178456534e-14 -3.052373170460448564e-14 5.380598823768672180e-14 -2.409310949804242592e-14 2.228212691880411488e-14 -5.991196015456207980e-14 -1.929644165726936482e-14 -5.126049701077933576e-14 -3.937719757419060249e-14 -1.039779595869720036e-14 1.891576499198536432e-14 -2.841118951972639136e-17
6.745307619988443566e-13 6.816934531216144266e-12 2.764682320186861813e-13 8.958276539106407008e-14 6.132642631614334299e-14 1.651237242204202256e-13 -5.923710710717214862e-14 1.821409146007262317e-13 -2.881167423793307149e-14 1.517972407290186354e-13 -1.182805650484738188e-13 -1.880098979065489288e-14 -4.212466865227458109e-14 -6.382381060804243212e-14 -3.416782719871933264e-14 -1.217102155605780097e-14 1.420783365486021355e-14 4.415763149687090291e-14 1.733975404324064873e-14 -4.694160889226571951e-15 -1.295415723271190378e-14 -6.693258334592073917e-14 -9.294545052060101376e-14 -4.759091967032052593e-14 -3.819221896541995777e-14 1.870708909439460665e-16
-2.491337672796058073e-14 2.764682320186861813e-13 4.191334574130085784e-12 7.501854755954012075e-14 -2.068461410613533390e-13 -2.003667465687843853e-15 -1.419275533338194132e-14 1.359337571804283483e-13 2.660443228875784411e-14 5.698934165388856256e-14 1.130643639294944868e-13 1.246331019860895216e-13 1.209072164217104322e-13 8.591319497852443168e-15 -7.148990394527349887e-14 -2.114756223668658267e-14 -2.852028061239926635e-14 -1.963459101159678625e-14 3.885470621205009460e-14 1.877883260409119853e-14 -5.891108761842971378e-15 -3.541505532824256394e-14 -2.948549506132872742e-15 1.604779079028768835e-14 -1.727272174981891761e-16 -5.192391493194937625e-15
1.832586370948991898e-13 8.958276539106407008e-14 7.501854755954012075e-14 2.693642983243158456e-12 2.512243462378969551e-14 6.498451111634296700e-14 -3.042538996906640951e-14 4.502060677864032081e-14 1.120608195187925334e-13 -5.194752668229814673e-14 -4.464648067512795753e-14 -4.862696184805468763e-14 5.405754228351052528e-14 -4.487858465854297981e-14 5.173813497585820290e-14 2.152301121050444660e-14 -6.055916630020839750e-16 4.479538092522511883e-14 1.490431781855195151e-14 4.861347805878003213e-14 7.816933208552455394e-14 6.220709041539884333e-14 4.745986802092004747e-14 2.976822471691046483e-15 2.309437789424116389e-14 1.226430305559435656e-14
7.024330880562982802e-13 6.132642631614334299e-14 -2.068461410613533390e-13 2.512243462378969551e-14 1.515033805828318262e-12 2.734559122997432201e-13 1.030016217822397445e-13 9.258876695053599244e-15 -1.256582865413535555e-15 -3.746046845464309779e-14 -1.623624156818090119e-14 3.138045788583188528e-14 -2.451952102069302803e-15 4.590406623978541282e-15 -1.776531126595634289e-14 1.222054276992961849e-14 1.595988568306361772e-14 8.235811670478026936e-16 -7.168208620733569673e-15 -1.570647651546425826e-14 3.223723531565981594e-15 -1.121638771888592530e-14 -2.179247677162376768e-14 -9.681895684796928067e-15 -1.219679458419566115e-15 -1.461757735690310806e-14
2.314002709154409635e-13 1.651237242204202256e-13 -2.003667465687843853e-15 6.498451111634296700e-14 2.734559122997432201e-13 9.995428803939935236e-13 1.815998539544991262e-13 -1.228753333209630289e-14 -3.074275459371544771e-14 4.710354493028854649e-14 -1.004833638370758173e-14 3.866859086324866698e-15 -3.339125897892567790e-15 2.678687463486228116e-14 -4.921089121875893701e-15 4.872242767044256477e-15 1.382949109051998518e-14 -7.918038244436248340e-15 2.001043979732162893e-14 -1.492199148144207703e-15 -4.392359713353466146e-15 -7.872005582243213451e-15 1.105485757826103579e-15 -1.212465240702779247e-15 9.820400156104600077e-15 4.060248924078250598e-15
2.576666954450780210e-13 -5.923710710717214862e-14 -1.419275533338194132e-14 -3.042538996906640951e-14 1.030016217822397445e-13 1.815998539544991262e-13 7.215437206915360782e-13 -3.397686064010553179e-14 1.486347716616835073e-14 3.158973943758660050e-14 1.184909445714483018e-14 1.022145035970655992e-14 -1.875725009866415559e-14 -2.285857588110222242e-14 -2.266927021160645215e-14 -2.048460696845307880e-14 2.185264486772006414e-14 -7.882063853052455688e-15 -1.860435477863516906e-14 -2.478684455237394145e-15 -1.573982081803195779e-14 -3.418446542083720855e-14 -1.560839571810779815e-14 2.175480410851526365e-15 -1.214789146584996607e-15 -2.123618200515637581e-14
3.652030171963399110e-13 1.821409146007262317e-13 1.359337571804283483e-13 4.502060677864032081e-14 9.258876695053599244e-15 -1.228753333209630289e-14 -3.397686064010553179e-14 5.145922171714610053e-13 8.120897295874704647e-14 4.839204563791516715e-14 3.945064397736318914e-15 -9.759840337548407646e-15 -8.063023849791085684e-16 -2.084894364797728496e-14 -1.299435083710678722e-14 -2.403485045556272088e-14 -1.161344533343260542e-14 -1.562035451464598434e-15 -8.629856231730767987e-15 4.945918684708555290e-15 2.301061787714673148e-15 -5.966357045009908016e-16 -3.597314318289184816e-15 -1.345500932337571984e-14 4.384031423440302187e-15 -1.211125130066334632e-15
4.794956581811407914e-14 -2.881167423793307149e-14 2.660443228875784411e-14 1.120608195187925334e-13 -1.256582865413535555e-15 -3.074275459371544771e-14 1.486347716616835073e-14 8.120897295874704647e-14 3.391867785484030288e-13 7.886572490324440726e-14 2.624583499545347021e-14 8.455293286633567226e-15 4.156225173870927538e-14 9.021666235430959063e-15 2.180540868644664439e-14 -4.421699496080671733e-15 -2.873978521421261586e-15 1.127788886612493867e-14 -8.061507833083637472e-15 1.189709524368532470e-15 -1.328858602633995437e-15 1.329045781037776401e-14 9.632482529427102608e-15 4.036645699711930691e-15 3.938239501438708707e-15 -2.951085205296918244e-15
1.049853340305355151e-13 1.517972407290186354e-13 5.698934165388856256e-14 -5.194752668229814673e-14 -3.746046845464309779e-14 4.710354493028854649e-14 3.158973943758660050e-14 4.839204563791516715e-14 7.886572490324440726e-14 2.591795222284067966e-13 3.878920047628684749e-14 3.918852648317455461e-14 2.572271842994011707e-14 1.766030082068848002e-14 1.222558720077901872e-14 -2.874630619385026737e-15 1.931555716717342062e-15 -1.244397650103440072e-14 3.314839851787905188e-15 5.561612063590182979e-15 1.791702608412277976e-16 -1.077884331522584460e-15 -7.190389467570158303e-15 -3.787477166374719779e-15 -3.869984690108100537e-15 -5.063492048216989950e-15
5.418553117498493564e-15 -1.182805650484738188e-13 1.130643639294944868e-13 -4.464648067512795753e-14 -1.623624156818090119e-14 -1.004833638370758173e-14 1.184909445714483018e-14 3.945064397736318914e-15 2.624583499545347021e-14 3.878920047628684749e-14 1.666963884412635777e-13 3.994996625808000021e-14 2.777000107550078647e-14 1.075273882776865711e-14 1.010669372512831007e-14 2.932515534373410729e-15 -8.138830670688300899e-16 -3.051182822031732065e-15 5.586677674093788855e-16 7.669273056899819556e-15 3.936705478827332677e-16 4.973411109481567207e-15 -2.646355299161851786e-15 3.286738082095003927e-16 -7.747399907160068836e-16 -4.989609162850162132e-17
1.384622324318031542e-14 -1.880098979065489288e-14 1.246331019860895216e-13 -4.862696184805468763e-14 3.138045788583188528e-14 3.866859086324866698e-15 1.022145035970655992e-14 -9.759840337548407646e-15 8.455293286633567226e-15 3.918852648317455461e-14 3.994996625808000021e-14 1.156848032932169405e-13 3.939112223113009511e-14 2.342437034116484935e-14 7.719001174443138339e-15 8.826070544101804710e-15 8.127235404286875996e-16 -1.103531276748008416e-14 -3.449351403234457581e-15 -2.843281717521602574e-15 -4.254178621267003983e-15 -6.302922384538947717e-15 -7.924343366668832765e-15 3.383182911850755002e-15 2.131613515352340482e-15 -9.444392556054635196e-16
-6.590197693379748587e-14 -4.212466865227458109e-14 1.209072164217104322e-13 5.405754228351052528e-14 -2.451952102069302803e-15 -3.339125897892567790e-15 -1.875725009866415559e-14 -8.063023849791085684e-16 4.156225173870927538e-14 2.572271842994011707e-14 2.777000107550078647e-14 3.939112223113009511e-14 1.270361226089411560e-13 3.782208968440265094e-14 4.852101973793922924e-15 -2.088861742370267749e-15 -3.038536092685614811e-15 9.024853873407124567e-16 7.895380867065929642e-15 1.543124207835539174e-15 2.386647302677963403e-15 6.745507845319883714e-15 2.298933261323701766e-15 4.654683302027377588e-15 1.113441768075966557e-15 -3.096904423161326833e-15
3.691888011616468614e-14 -6.382381060804243212e-14 8.591319497852443168e-15 -4.487858465854297981e-14 4.590406623978541282e-15 2.678687463486228116e-14 -2.285857588110222242e-14 -2.084894364797728496e-14 9.021666235430959063e-15 1.766030082068848002e-14 1.075273882776865711e-14 2.342437034116484935e-14 3.782208968440265094e-14 9.748988897791714293e-14 4.234478476912365846e-14 1.487641499466739866e-14 9.486401022521442716e-15 7.461944356573666991e-15 1.442629339738667713e-14 7.281035487104161335e-16 3.313303978919388841e-15 5.832376458845950305e-15 4.128341607413205236e-15 8.583705343747864015e-16 -1.232706161852332544e-15 2.304600952613490108e-16
1.845041282178456534e-14 -3.416782719871933264e-14 -7.148990394527349887e-14 5.173813497585820290e-14 -1.776531126595634289e-14 -4.921089121875893701e-15 -2.266927021160645215e-14 -1.299435083710678722e-14 2.180540868644664439e-14 1.222558720077901872e-14 1.010669372512831007e-14 7.719001174443138339e-15 4.852101973793922924e-15 4.234478476912365846e-14 8.571286650156330126e-14 3.752027841210986790e-14 1.510219729662077748e-14 6.113704484005570529e-15 7.391989637537515960e-15 1.800985275965013710e-15 3.677984639376365039e-15 9.536331842688184497e-15 7.897040751596207280e-15 -2.739309785198458051e-15 -2.280319588131575471e-15 -3.032943583621656059e-16
-3.052373170460448564e-14 -1.217102155605780097e-14 -2.114756223668658267e-14 2.152301121050444660e-14 1.222054276992961849e-14 4.872242767044256477e-15 -2.048460696845307880e-14 -2.403485045556272088e-14 -4.421699496080671733e-15 -2.874630619385026737e-15 2.932515534373410729e-15 8.826070544101804710e-15 -2.088861742370267749e-15 1.487641499466739866e-14 3.752027841210986790e-14 6.670361058190977457e-14 2.866273417772069475e-14 1.300981026981924261e-14 1.391042599780931260e-14 8.675641499636295311e-15 5.358811203704490596e-15 6.095006762670735339e-15 5.050903442134897684e-15 -1.015070603122647750e-15 -5.732968363169271613e-15 -5.657818338675530550e-15
5.380598823768672180e-14 1.420783365486021355e-14 -2.852028061239926635e-14 -6.055916630020839750e-16 1.595988568306361772e-14 1.382949109051998518e-14 2.185264486772006414e-14 -1.161344533343260542e-14 -2.873978521421261586e-15 1.931555716717342062e-15 -8.138830670688300899e-16 8.127235404286875996e-16 -3.038536092685614811e-15 9.486401022521442716e-15 1.510219729662077748e-14 2.866273417772069475e-14 5.413928574253020763e-14 2.707814599037160472e-14 1.217839634776109433e-14 6.206780824490730433e-15 4.279158121435046300e-15 4.576655956606888799e-15 4.424856538450986132e-15 2.035832763251848030e-15 -4.124073846964204564e-15 -4.248827490401350849e-15
-2.409310949804242592e-14 4.415763149687090291e-14 -1.963459101159678625e-14 4.479538092522511883e-14 8.235811670478026936e-16 -7.918038244436248340e-15 -7.882063853052455688e-15 -1.562035451464598434e-15 1.127788886612493867e-14 -1.244397650103440072e-14 -3.051182822031732065e-15 -1.103531276748008416e-14 9.024853873407124567e-16 7.461944356573666991e-15 6.113704484005570529e-15 1.300981026981924261e-14 2.707814599037160472e-14 5.540747571290677177e-14 2.253098629067791589e-14 1.311562085556783999e-14 9.636540036089540947e-15 9.252046094268921623e-15 9.211020676779366699e-15 1.546750519174205262e-15 3.555938156701899059e-15 6.561674802491884455e-17
2.228212691880411488e-14 1.733975404324064873e-14 3.885470621205009460e-14 1.490431781855195151e-14 -7.168208620733569673e-15 2.001043979732162893e-14 -1.860435477863516906e-14 -8.629856231730767987e-15 -8.061507833083637472e-15 3.314839851787905188e-15 5.586677674093788855e-16 -3.449351403234457581e-15 7.895380867065929642e-15 1.442629339738667713e-14 7.391989637537515960e-15 1.391042599780931260e-14 1.217839634776109433e-14 2.253098629067791589e-14 4.754354412200261285e-14 2.613150388064133958e-14 1.306688676288683511e-14 9.780995557592388027e-15 6.794692603875018379e-15 3.019764016451116393e-15 2.425123039262109662e-16 -6.636000671435595730e-16
-5.991196015456207980e-14 -4.694160889226571951e-15 1.877883260409119853e-14 4.861347805878003213e-14 -1.570647651546425826e-14 -1.492199148144207703e-15 -2.478684455237394145e-15 4.945918684708555290e-15 1.189709524368532470e-15 5.561612063590182979e-15 7.669273056899819556e-15 -2.843281717521602574e-15 1.543124207835539174e-15 7.281035487104161335e-16 1.800985275965013710e-15 8.675641499636295311e-15 6.206780824490730433e-15 1.311562085556783999e-14 2.613150388064133958e-14 4.901972218530145936e-14 2.389886301960515681e-14 1.593300498397457139e-14 8.372284762491011687e-15 -6.342509612596075628e-16 -3.309976097286380124e-15 -3.258455657812636712e-15
-1.929644165726936482e-14 -1.295415723271190378e-14 -5.891108761842971378e-15 7.816933208552455394e-14 3.223723531565981594e-15 -4.392359713353466146e-15 -1.573982081803195779e-14 2.301061787714673148e-15 -1.328858602633995437e-15 1.791702608412277976e-16 3.936705478827332677e-16 -4.254178621267003983e-15 2.386647302677963403e-15 3.313303978919388841e-15 3.677984639376365039e-15 5.358811203704490596e-15 4.279158121435046300e-15 9.636540036089540947e-15 1.306688676288683511e-14 2.389886301960515681e-14 3.711443794172666983e-14 2.492414591146531788e-14 1.183449913351174949e-14 3.085839054213443594e-15 9.502018077243546133e-16 3.751709682087906001e-16
-5.126049701077933576e-14 -6.693258334592073917e-14 -3.541505532824256394e-14 6.220709041539884333e-14 -1.121638771888592530e-14 -7.872005582243213451e-15 -3.418446542083720855e-14 -5.966357045009908016e-16 1.329045781037776401e-14 -1.077884331522584460e-15 4.973411109481567207e-15 -6.302922384538947717e-15 6.745507845319883714e-15 5.832376458845950305e-15 9.536331842688184497e-15 6.095006762670735339e-15 4.576655956606888799e-15 9.252046094268921623e-15 9.780995557592388027e-15 1.593300498397457139e-14 2.492414591146531788e-14 4.618367942046577699e-14 2.716030405787538306e-14 8.434217735877204282e-15 1.127118329137027157e-15 2.576998767931378420e-15
-3.937719757419060249e-14 -9.294545052060101376e-14 -2.948549506132872742e-15 4.745986802092004747e-14 -2.179247677162376768e-14 1.105485757826103579e-15 -1.560839571810779815e-14 -3.597314318289184816e-15 9.632482529427102608e-15 -7.190389467570158303e-15 -2.646355299161851786e-15 -7.924343366668832765e-15 2.298933261323701766e-15 4.128341607413205236e-15 7.897040751596207280e-15 5.050903442134897684e-15 4.424856538450986132e-15 9.211020676779366699e-15 6.794692603875018379e-15 8.372284762491011687e-15 1.183449913351174949e-14 2.716030405787538306e-14 3.655007680163598853e-14 1.025957844795732243e-14 -7.161103576173211188e-16 5.138797811716448327e-16
-1.039779595869720036e-14 -4.759091967032052593e-14 1.604779079028768835e-14 2.976822471691046483e-15 -9.681895684796928067e-15 -1.212465240702779247e-15 2.175480410851526365e-15 -1.345500932337571984e-14 4.036645699711930691e-15 -3.787477166374719779e-15 3.286738082095003927e-16 3.383182911850755002e-15 4.654683302027377588e-15 8.583705343747864015e-16 -2.739309785198458051e-15 -1.015070603122647750e-15 2.035832763251848030e-15 1.546750519174205262e-15 3.019764016451116393e-15 -6.342509612596075628e-16 3.085839054213443594e-15 8.434217735877204282e-15 1.025957844795732243e-14 2.006532205547564254e-14 7.320427126861214989e-15 2.304978277912862730e-15
1.891576499198536432e-14 -3.819221896541995777e-14 -1.727272174981891761e-16 2.309437789424116389e-14 -1.219679458419566115e-15 9.820400156104600077e-15 -1.214789146584996607e-15 4.384031423440302187e-15 3.938239501438708707e-15 -3.869984690108100537e-15 -7.747399907160068836e-16 2.131613515352340482e-15 1.113441768075966557e-15 -1.232706161852332544e-15 -2.280319588131575471e-15 -5.732968363169271613e-15 -4.124073846964204564e-15 3.555938156701899059e-15 2.425123039262109662e-16 -3.309976097286380124e-15 9.502018077243546133e-16 1.127118329137027157e-15 -7.161103576173211188e-16 7.320427126861214989e-15 2.198957144206151858e-14 1.187505031543731244e-14
-2.841118951972639136e-17 1.870708909439460665e-16 -5.192391493194937625e-15 1.226430305559435656e-14 -1.461757735690310806e-14 4.060248924078250598e-15 -2.123618200515637581e-14 -1.211125130066334632e-15 -2.951085205296918244e-15 -5.063492048216989950e-15 -4.989609162850162132e-17 -9.444392556054635196e-16 -3.096904423161326833e-15 2.304600952613490108e-16 -3.032943583621656059e-16 -5.657818338675530550e-15 -4.248827490401350849e-15 6.561674802491884455e-17 -6.636000671435595730e-16 -3.258455657812636712e-15 3.751709682087906001e-16 2.576998767931378420e-15 5.138797811716448327e-16 2.304978277912862730e-15 1.187505031543731244e-14 2.213393884351900467e-14
