1.018377250695823257e-11 4.900903780878502817e-13 6.472076693368451567e-13 4.995545098715534495e-14 -6.895342863635451618e-13 2.325211905983453704e-13 4.099727988327877047e-14 1.961170514768364112e-13 1.873533525251421366e-13 -1.167970165784634211e-13 5.094077212216332960e-14 1.068677646845385898e-14 5.671886484007085819e-14 2.057752141532800016e-14 -7.625990312159452135e-14 -7.028286632711411763e-14 -8.753009414973153249e-14 1.489380598012581351e-14 2.357968484513627544e-14 1.181561806221252020e-14 1.666673125094166871e-15 -8.547854833755531222e-14 -3.150675560504660829e-14 7.445792426598800372e-15 -5.313660333594129551e-14 7.889125720663874816e-16
4.900903780878502817e-13 5.990890823770848993e-12 9.004908595037482837e-13 6.047720838940121933e-13 -2.595272376955540256e-13 1.815551665740098391e-13 -3.316542223619397611e-14 1.107237989162068741e-14 -5.479146063063248006e-14 6.109397353938642634e-14 8.490748984484279691e-14 -8.416225747859573478e-14 -1.801843704798932048e-14 -2.030563196591956945e-14 -1.210129400391145392e-14 7.316602995253001164e-15 1.028338189890118768e-14 -4.182852901740658495e-14 -2.556099033106655610e-14 -3.245543599322530299e-14 -5.554497049255755855e-14 -8.298467977061538582e-14 -1.230784954982198759e-13 -8.542849361133388809e-14 -7.277946054163455078e-14 -5.122603898792445156e-14
6.472076693368451567e-13 9.004908595037482837e-13 3.953119582544208869e-12 -1.373264169369621267e-13 -1.999855064131753052e-13 -3.218157232368682018e-13 2.034802701709570095e-13 1.744157329993485473e-13 -5.406530418162231453e-14 -1.067839114341074321e-15 -9.526621334434669076e-15 -9.492349242314905711e-14 -9.654988585119304747e-15 -2.753192171817743626e-14 -7.109995411123489393e-14 -7.069762276323444005e-14 -7.034893068439125549e-15 -1.847254926871827390e-14 -2.886772050360826668e-14 -3.501656463405259337e-14 5.493352095750446171e-15 -2.747837478481428161e-14 1.087540678778844890e-15 4.528977027809094307e-14 2.284810924307217991e-15 -8.083743152218079760e-15
4.995545098715534495e-14 6.047720838940121933e-13 -1.373264169369621267e-13 2.743431511127803308e-12 5.327286576803637290e-13 4.055466397233458219e-13 2.043729637231963704e-13 6.633155954074829442e-14 -2.305892072068333051e-15 6.809687129378469731e-14 7.213028111430022524e-14 1.191485052534454210e-13 2.934166531765370780e-14 2.026784987119694714e-14 3.969385835051421146e-14 4.993924264371671858e-14 2.946167880974615851e-15 -7.029358179545275954e-15 2.121514436582450267e-15 -2.527600078379504689e-14 -7.777704027191692462e-15 -6.128568343227332922e-15 -2.685925476087196926e-14 -5.496243393498127686e-15 8.504399041097875153e-15 6.621280719716957547e-15
-6.895342863635451618e-13 -2.595272376955540256e-13 -1.999855064131753052e-13 5.327286576803637290e-13 1.839387523390873282e-12 2.892420054606106306e-13 1.392821664557141806e-13 3.460816248662862132e-14 3.189455035624364463e-14 6.444913319114483826e-14 4.042950927591261921e-14 4.919007790713263888e-14 8.877159058406272439e-16 -7.698656928047376688e-16 4.360966877025097562e-14 1.386863667679317262e-14 -2.739713508542869167e-14 -5.404190888635662814e-14 -3.489624554407175429e-15 -9.487384372420313565e-15 -8.045123585358665676e-16 -5.631340206715815537e-16 -5.666856150042219688e-15 -9.214971413948747856e-15 1.266225035518411949e-14 9.228399589124635672e-16
2.325211905983453704e-13 1.815551665740098391e-13 -3.218157232368682018e-13 4.055466397233458219e-13 2.892420054606106306e-13 1.204623668833410207e-12 2.174938923515178292e-13 5.518565108202415704e-14 -1.471837695747660565e-14 4.741806334543193825e-14 2.794198263139445051e-14 3.283444363035002751e-14 3.627612181520905085e-14 -2.199919241040321164e-14 1.200187056062856773e-14 2.473924837025438725e-15 -4.575986703926357384e-14 -4.832606695516439204e-14 -2.174308976252367619e-14 -1.449612074763453829e-14 -5.936945329220870105e-15 -2.475136651977352311e-14 -3.166594725140026109e-14 -1.818152636719350673e-14 -3.339577634110331897e-15 -3.810617173806437770e-15
4.099727988327877047e-14 -3.316542223619397611e-14 2.034802701709570095e-13 2.043729637231963704e-13 1.392821664557141806e-13 2.174938923515178292e-13 9.712845752242837756e-13 1.981636808454506610e-13 -1.096895444229918291e-15 4.307613064418083065e-14 2.790727495190746673e-14 2.142260954712520993e-15 -2.251310311840506205e-14 -2.875435389280306105e-15 -1.468658483158220572e-15 -2.138335138310081541e-14 -3.319242891822255108e-14 -1.122231842652066507e-14 -7.599858545563339640e-15 -2.672650337690235948e-14 -3.664901865433749679e-14 -2.844251378347772967e-14 -2.325671035131788674e-15 1.763314942549024539e-14 -1.357823625867576544e-14 -1.548000926397505649e-14
1.961170514768364112e-13 1.107237989162068741e-14 1.744157329993485473e-13 6.633155954074829442e-14 3.460816248662862132e-14 5.518565108202415704e-14 1.981636808454506610e-13 5.084938856306039352e-13 9.472262157502537747e-14 2.634499368857790377e-15 4.244842363076601524e-14 1.323688200929430739e-14 -2.897653672672231794e-15 7.410513714481156630e-15 1.284296382819614336e-14 -1.599335343229947946e-14 -2.251260146900507951e-14 -1.113217588962828571e-14 1.523363015455595194e-15 -5.387527979232787579e-15 1.006103134035869887e-14 -1.031791855009230590e-14 4.604879018627047719e-15 1.690716294618750334e-14 4.179072155988815738e-15 1.353281427518067352e-14
1.873533525251421366e-13 -5.479146063063248006e-14 -5.406530418162231453e-14 -2.305892072068333051e-15 3.189455035624364463e-14 -1.471837695747660565e-14 -1.096895444229918291e-15 9.472262157502537747e-14 3.727751841256107502e-13 3.384330791093235478e-14 2.953862702974833036e-14 2.481148326087802903e-14 1.760558483100736111e-14 1.219911412798761542e-14 1.305563942364271293e-14 4.179363340039354224e-15 7.236211573993647590e-15 3.371054595045515087e-15 1.742980117255265679e-14 1.177264891140228497e-14 9.246247569342765626e-15 -6.163695211936639742e-15 6.500390656350335006e-16 1.153120855487967992e-14 -4.769746337601336400e-15 4.882705299963100315e-15
-1.167970165784634211e-13 6.109397353938642634e-14 -1.067839114341074321e-15 6.809687129378469731e-14 6.444913319114483826e-14 4.741806334543193825e-14 4.307613064418083065e-14 2.634499368857790377e-15 3.384330791093235478e-14 3.187131248775264274e-13 4.631613316157526108e-14 1.786867057538195462e-14 7.734521721835681486e-15 -1.207166947870747831e-14 -1.623072696664097733e-14 -7.715715362635318360e-15 -4.950244441403626263e-15 -2.021079134394337934e-14 -6.496573414627599228e-15 -3.458157060884084608e-15 1.896521943023978715e-15 -6.274830822838479007e-16 -1.151864634687321588e-14 -3.643661717488380684e-15 -1.650040351236699630e-15 -3.384864273991320205e-15
5.094077212216332960e-14 8.490748984484279691e-14 -9.526621334434669076e-15 7.213028111430022524e-14 4.042950927591261921e-14 2.794198263139445051e-14 2.790727495190746673e-14 4.244842363076601524e-14 2.953862702974833036e-14 4.631613316157526108e-14 1.576464575650748395e-13 6.732399577432112976e-14 2.350490489584401697e-14 2.072088394717367156e-14 1.872244038840866453e-14 9.972843315451794003e-15 5.846346039657702755e-16 -8.566312705600692792e-15 9.027617154952350703e-15 6.858065023557355571e-15 5.087513649566618597e-15 7.202564588727361463e-15 4.038050766158577206e-15 5.377394784675899973e-16 -9.349327194023167464e-15 -8.655278525166610549e-15
1.068677646845385898e-14 -8.416225747859573478e-14 -9.492349242314905711e-14 1.191485052534454210e-13 4.919007790713263888e-14 3.283444363035002751e-14 2.142260954712520993e-15 1.323688200929430739e-14 2.481148326087802903e-14 1.786867057538195462e-14 6.732399577432112976e-14 1.916548577276533506e-13 5.948644728943682410e-14 5.330046071946186098e-14 4.638416156222551117e-14 3.177124373449821903e-14 7.854199537935284960e-15 -2.670226268158709787e-15 5.001737046480074673e-15 1.270633219358800241e-14 1.242377303849255443e-14 5.622955880102871521e-15 1.168345309043987396e-14 4.275394130955321093e-15 -3.051253020955726956e-15 -7.449157237512664217e-15
5.671886484007085819e-14 -1.801843704798932048e-14 -9.654988585119304747e-15 2.934166531765370780e-14 8.877159058406272439e-16 3.627612181520905085e-14 -2.251310311840506205e-14 -2.897653672672231794e-15 1.760558483100736111e-14 7.734521721835681486e-15 2.350490489584401697e-14 5.948644728943682410e-14 1.216621666094418608e-13 4.697850225304397643e-14 3.276003966221101915e-14 1.652804595393390100e-14 3.218256590091011060e-16 2.016580761310015141e-15 3.808363232415499617e-15 1.076878336384366088e-14 8.440758366493797873e-15 2.450191479685555913e-15 6.759997608008970328e-16 4.819887179247212942e-15 5.449030360872535431e-15 -3.273396273981370519e-15
2.057752141532800016e-14 -2.030563196591956945e-14 -2.753192171817743626e-14 2.026784987119694714e-14 -7.698656928047376688e-16 -2.199919241040321164e-14 -2.875435389280306105e-15 7.410513714481156630e-15 1.219911412798761542e-14 -1.207166947870747831e-14 2.072088394717367156e-14 5.330046071946186098e-14 4.697850225304397643e-14 1.098564306243334722e-13 5.161426687726646661e-14 3.660241286789634085e-14 1.670637068366695603e-14 1.154161770069843812e-14 6.686413437937662683e-15 1.053797018432270010e-14 4.615528180063256994e-15 5.266910251496290244e-15 1.232499507219238152e-14 9.209694620829416961e-15 1.282415110533496310e-15 -1.075834514393797615e-15
-7.625990312159452135e-14 -1.210129400391145392e-14 -7.109995411123489393e-14 3.969385835051421146e-14 4.360966877025097562e-14 1.200187056062856773e-14 -1.468658483158220572e-15 1.284296382819614336e-14 1.305563942364271293e-14 -1.623072696664097733e-14 1.872244038840866453e-14 4.638416156222551117e-14 3.276003966221101915e-14 5.161426687726646661e-14 1.026504720135747439e-13 4.496125342756826529e-14 1.276110096082477109e-14 7.632815854827117982e-15 1.403555715118931920e-14 1.404849470287662741e-14 1.447046090856570365e-14 1.447285868703629543e-14 1.212619362341478960e-14 7.795889517766878982e-15 2.379429314546261227e-16 -5.970002562808717077e-15
-7.028286632711411763e-14 7.316602995253001164e-15 -7.069762276323444005e-14 4.993924264371671858e-14 1.386863667679317262e-14 2.473924837025438725e-15 -2.138335138310081541e-14 -1.599335343229947946e-14 4.179363340039354224e-15 -7.715715362635318360e-15 9.972843315451794003e-15 3.177124373449821903e-14 1.652804595393390100e-14 3.660241286789634085e-14 4.496125342756826529e-14 9.190173337382848744e-14 4.306834350982488845e-14 2.474621098071609249e-14 1.602754438940836784e-14 1.299157932160951261e-14 2.175731907447566395e-14 2.087019937285484414e-14 9.354600993954393280e-15 -1.987745045495820487e-15 -7.443599203279040620e-15 -5.438522021384472483e-15
-8.753009414973153249e-14 1.028338189890118768e-14 -7.034893068439125549e-15 2.946167880974615851e-15 -2.739713508542869167e-14 -4.575986703926357384e-14 -3.319242891822255108e-14 -2.251260146900507951e-14 7.236211573993647590e-15 -4.950244441403626263e-15 5.846346039657702755e-16 7.854199537935284960e-15 3.218256590091011060e-16 1.670637068366695603e-14 1.276110096082477109e-14 4.306834350982488845e-14 7.314328513536425243e-14 4.122510797188969443e-14 2.499897246419957635e-14 2.219032322135598548e-14 2.329235259722113673e-14 2.343658304186754511e-14 1.475218958184193705e-14 -1.063194918745452590e-16 -6.535061406011245407e-15 -5.337493212958124359e-15
1.489380598012581351e-14 -4.182852901740658495e-14 -1.847254926871827390e-14 -7.029358179545275954e-15 -5.404190888635662814e-14 -4.832606695516439204e-14 -1.122231842652066507e-14 -1.113217588962828571e-14 3.371054595045515087e-15 -2.021079134394337934e-14 -8.566312705600692792e-15 -2.670226268158709787e-15 2.016580761310015141e-15 1.154161770069843812e-14 7.632815854827117982e-15 2.474621098071609249e-14 4.122510797188969443e-14 7.457706655147013596e-14 3.957889952871787498e-14 2.723303963045228367e-14 2.826525986882806087e-14 2.364733428775342279e-14 1.545767069512182069e-14 2.452180825959207717e-15 1.212484252779546032e-15 -8.635538125329762881e-17
2.357968484513627544e-14 -2.556099033106655610e-14 -2.886772050360826668e-14 2.121514436582450267e-15 -3.489624554407175429e-15 -2.174308976252367619e-14 -7.599858545563339640e-15 1.523363015455595194e-15 1.742980117255265679e-14 -6.496573414627599228e-15 9.027617154952350703e-15 5.001737046480074673e-15 3.808363232415499617e-15 6.686413437937662683e-15 1.403555715118931920e-14 1.602754438940836784e-14 2.499897246419957635e-14 3.957889952871787498e-14 5.964458193601313861e-14 4.430629392418281903e-14 3.547339641459108682e-14 2.371471333882705626e-14 1.027498337951921191e-14 3.041532269418411438e-15 4.901480796364256027e-15 1.560997202336569945e-15
1.181561806221252020e-14 -3.245543599322530299e-14 -3.501656463405259337e-14 -2.527600078379504689e-14 -9.487384372420313565e-15 -1.449612074763453829e-14 -2.672650337690235948e-14 -5.387527979232787579e-15 1.177264891140228497e-14 -3.458157060884084608e-15 6.858065023557355571e-15 1.270633219358800241e-14 1.076878336384366088e-14 1.053797018432270010e-14 1.404849470287662741e-14 1.299157932160951261e-14 2.219032322135598548e-14 2.723303963045228367e-14 4.430629392418281903e-14 7.772615690397572780e-14 5.603271997581132045e-14 3.616367913206081956e-14 1.842681034485139999e-14 5.141129631741412863e-15 6.659217628184086961e-15 2.742274311938095856e-15
1.666673125094166871e-15 -5.554497049255755855e-14 5.493352095750446171e-15 -7.777704027191692462e-15 -8.045123585358665676e-16 -5.936945329220870105e-15 -3.664901865433749679e-14 1.006103134035869887e-14 9.246247569342765626e-15 1.896521943023978715e-15 5.087513649566618597e-15 1.242377303849255443e-14 8.440758366493797873e-15 4.615528180063256994e-15 1.447046090856570365e-14 2.175731907447566395e-14 2.329235259722113673e-14 2.826525986882806087e-14 3.547339641459108682e-14 5.603271997581132045e-14 7.705919786385942735e-14 5.010798726200115715e-14 2.995630012585424687e-14 1.044669260382936087e-14 3.995540295237728937e-15 -2.501041965651705753e-15
-8.547854833755531222e-14 -8.298467977061538582e-14 -2.747837478481428161e-14 -6.128568343227332922e-15 -5.631340206715815537e-16 -2.475136651977352311e-14 -2.844251378347772967e-14 -1.031791855009230590e-14 -6.163695211936639742e-15 -6.274830822838479007e-16 7.202564588727361463e-15 5.622955880102871521e-15 2.450191479685555913e-15 5.266910251496290244e-15 1.447285868703629543e-14 2.087019937285484414e-14 2.343658304186754511e-14 2.364733428775342279e-14 2.371471333882705626e-14 3.616367913206081956e-14 5.010798726200115715e-14 7.295433204187055050e-14 4.871531593677494777e-14 2.716538682005880171e-14 9.697427985453535710e-15 -2.302718888883800352e-15
-3.150675560504660829e-14 -1.230784954982198759e-13 1.087540678778844890e-15 -2.685925476087196926e-14 -5.666856150042219688e-15 -3.166594725140026109e-14 -2.325671035131788674e-15 4.604879018627047719e-15 6.500390656350335006e-16 -1.151864634687321588e-14 4.038050766158577206e-15 1.168345309043987396e-14 6.759997608008970328e-16 1.232499507219238152e-14 1.212619362341478960e-14 9.354600993954393280e-15 1.475218958184193705e-14 1.545767069512182069e-14 1.027498337951921191e-14 1.842681034485139999e-14 2.995630012585424687e-14 4.871531593677494777e-14 6.630510124247169877e-14 4.143137091326579660e-14 1.219509836569263644e-14 -2.327056545087753106e-15
7.445792426598800372e-15 -8.542849361133388809e-14 4.528977027809094307e-14 -5.496243393498127686e-15 -9.214971413948747856e-15 -1.818152636719350673e-14 1.763314942549024539e-14 1.690716294618750334e-14 1.153120855487967992e-14 -3.643661717488380684e-15 5.377394784675899973e-16 4.275394130955321093e-15 4.819887179247212942e-15 9.209694620829416961e-15 7.795889517766878982e-15 -1.987745045495820487e-15 -1.063194918745452590e-16 2.452180825959207717e-15 3.041532269418411438e-15 5.141129631741412863e-15 1.044669260382936087e-14 2.716538682005880171e-14 4.143137091326579660e-14 5.289047902537395527e-14 2.097858912992983489e-14 3.475110914171332397e-15
-5.313660333594129551e-14 -7.277946054163455078e-14 2.284810924307217991e-15 8.504399041097875153e-15 1.266225035518411949e-14 -3.339577634110331897e-15 -1.357823625867576544e-14 4.179072155988815738e-15 -4.769746337601336400e-15 -1.650040351236699630e-15 -9.349327194023167464e-15 -3.051253020955726956e-15 5.449030360872535431e-15 1.282415110533496310e-15 2.379429314546261227e-16 -7.443599203279040620e-15 -6.535061406011245407e-15 1.212484252779546032e-15 4.901480796364256027e-15 6.659217628184086961e-15 3.995540295237728937e-15 9.697427985453535710e-15 1.219509836569263644e-14 2.097858912992983489e-14 3.843901381664489480e-14 1.570084355385126617e-14
7.889125720663874816e-16 -5.122603898792445156e-14 -8.083743152218079760e-15 6.621280719716957547e-15 9.228399589124635672e-16 -3.810617173806437770e-15 -1.548000926397505649e-14 1.353281427518067352e-14 4.882705299963100315e-15 -3.384864273991320205e-15 -8.655278525166610549e-15 -7.449157237512664217e-15 -3.273396273981370519e-15 -1.075834514393797615e-15 -5.970002562808717077e-15 -5.438522021384472483e-15 -5.337493212958124359e-15 -8.635538125329762881e-17 1.560997202336569945e-15 2.742274311938095856e-15 -2.501041965651705753e-15 -2.302718888883800352e-15 -2.327056545087753106e-15 3.475110914171332397e-15 1.570084355385126617e-14 3.301657360813830496e-14
