7.480323782186852059e-12 7.085540413894160167e-13 2.458303333277587138e-13 7.514509757424371617e-14 3.203073123256159874e-13 1.565888176824454592e-13 2.106439838758467622e-13 7.968979891749634867e-14 1.128156635590748970e-13 -1.682697895308788831e-13 5.906952695245309174e-14 1.473506004009470911e-13 7.957538583637989626e-15 1.232110775821453558e-14 5.915540775992120596e-14 2.901375924390458309e-14 -4.768730993196669318e-14 -9.811100143112968894e-14 -7.973276347804307521e-14 -7.141555503168789777e-14 5.145590010292183486e-16 -3.222680428862827008e-14 -6.065231026297776338e-14 -2.939522900549778029e-14 -5.387625862122092928e-15 1.436020367270979504e-14
7.085540413894160167e-13 4.544532594771811108e-12 3.240168688217620849e-13 1.214474243606498755e-13 1.505375667180850916e-13 -1.331125425796432393e-13 -1.497632474867025848e-14 -1.050611769416893002e-13 -4.463197353382067850e-14 3.965912386544881523e-14 6.295299430775211071e-14 6.686141872761337266e-15 -3.639262434377829201e-16 6.754423689286155289e-14 5.218747636864596877e-14 3.659415967092487539e-14 -1.219736749471688501e-14 -4.537091564522259294e-14 -5.942909476261967239e-14 -5.152187068794844438e-14 -3.755695333841125545e-14 -5.071690593862975090e-14 -2.126271136084648571e-14 1.659863031142242234e-14 4.410114695611470040e-14 7.175735766689747254e-15
2.458303333277587138e-13 3.240168688217620849e-13 3.714427387192223040e-12 2.783799319165829029e-13 -3.186785858079446948e-14 2.718506428785349610e-14 -5.433276656511664745e-14 8.952619177383197770e-14 5.766985416586408566e-14 1.566289726949216001e-13 -2.904233589169006433e-14 -2.503069010830933112e-14 -4.017450680710893393e-14 -5.059743514858746224e-14 -2.507481833841511945e-14 -1.314860388017602800e-14 3.524630089736721447e-15 -1.722117492936322481e-14 -1.236613655634384116e-15 3.643375304129889604e-14 2.862560526509328299e-14 -3.605933732648093175e-15 -2.900550833013979262e-14 -2.001995022329275491e-14 -1.477595816170482932e-14 -2.925171783147949596e-14
7.514509757424371617e-14 1.214474243606498755e-13 2.783799319165829029e-13 2.151650438603939852e-12 2.850438307062724390e-13 2.524706732845877258e-13 6.407738805894399614e-14 5.615220547583391808e-14 -5.434760964749168389e-14 4.373988778055595413e-14 7.659001468097380366e-14 6.910466194003230572e-14 5.611369979210928617e-14 2.488456863105422724e-14 1.054155615016325078e-14 5.786695005619662912e-15 -9.110203046573708726e-15 -4.259801672264922853e-14 -8.938611874678800264e-15 5.559282449399730725e-15 8.422788477619015860e-15 1.503741236262993003e-14 -8.932280027922019739e-15 3.044775971694366415e-15 2.948921859314185572e-14 2.185192454223333807e-14
3.203073123256159874e-13 1.505375667180850916e-13 -3.186785858079446948e-14 2.850438307062724390e-13 1.302038136339524275e-12 1.035252815025748759e-13 -1.659576809395901503e-14 4.831636135452831069e-14 2.398580121794220185e-14 2.719043818794748850e-14 -8.610074501673588802e-15 3.762716968183748233e-14 1.082550338245518903e-14 1.628259676386780449e-14 2.770257332774742052e-14 3.235927954915577920e-14 -8.161166851513516243e-15 -3.853481796552249142e-14 -1.885919421920812043e-14 -1.908302721177016768e-14 -9.395806375081694226e-15 3.544847532026686667e-15 1.171947891361962542e-14 1.628937340383786673e-14 9.511843315478215916e-15 4.055536690980917998e-15
1.565888176824454592e-13 -1.331125425796432393e-13 2.718506428785349610e-14 2.524706732845877258e-13 1.035252815025748759e-13 1.102768925059489090e-12 3.345412966112745579e-14 7.878240834349686112e-14 -2.778766842316052985e-16 1.371718122867439020e-14 -4.132372220070248191e-15 1.101315384357612933e-14 -4.805339875484432505e-15 -1.251141667842139377e-14 -9.678240709460763806e-15 1.523697658900824403e-14 -6.913096921764830172e-15 -3.449134242071365529e-14 -1.199924157724088347e-14 -8.851022402645256078e-15 -2.035945948028536313e-14 -3.183410327058852941e-15 -3.760867509437226519e-14 -2.306359282703752754e-14 1.424151770272632454e-15 1.265340751362295445e-14
2.106439838758467622e-13 -1.497632474867025848e-14 -5.433276656511664745e-14 6.407738805894399614e-14 -1.659576809395901503e-14 3.345412966112745579e-14 7.323357647015883199e-13 1.474769524055083944e-13 7.495460551529192921e-14 3.852208870677246139e-14 -3.432331206847138086e-14 4.092785738181143890e-14 -1.544654962147405541e-14 -7.377282071253420563e-15 -1.664961578586267869e-14 -9.810898422777098457e-15 -1.228982098866665429e-14 -2.130845801648698417e-14 -2.040341527605902505e-14 2.906807167236141323e-16 -1.375748373410221848e-14 -3.823169706549563631e-15 1.046012927154132137e-14 1.450572232696269435e-14 5.344423594119871360e-15 -8.700066932011698595e-15
7.968979891749634867e-14 -1.050611769416893002e-13 8.952619177383197770e-14 5.615220547583391808e-14 4.831636135452831069e-14 7.878240834349686112e-14 1.474769524055083944e-13 3.867173293391254084e-13 7.793656598392517953e-14 4.621733743024567554e-14 1.869242493429225365e-16 2.141834333982384530e-18 1.127460995887082964e-14 9.242602505740825084e-15 3.186025376383952199e-15 -6.197608439252202094e-15 -8.512540382738339731e-15 -1.258926796516414295e-14 -3.817430685245519609e-15 -2.804307469267056088e-16 -2.885015505303796360e-15 1.089319079248847718e-14 5.352806603475513799e-15 -3.727596627278105538e-15 4.604725143049147247e-15 1.646617889348624246e-15
1.128156635590748970e-13 -4.463197353382067850e-14 5.766985416586408566e-14 -5.434760964749168389e-14 2.398580121794220185e-14 -2.778766842316052985e-16 7.495460551529192921e-14 7.793656598392517953e-14 3.183082550489112705e-13 7.540048384075445450e-14 2.620560367216408588e-14 3.369371941264644026e-15 8.293611486847068123e-15 1.342139035461740492e-14 1.121701314183760912e-15 -1.404766243013180005e-14 -9.605763814203366664e-15 -7.247335236390474644e-15 8.614887688602937859e-15 1.215919430696960334e-15 8.967399161955519807e-15 8.566379858012149603e-15 4.111458433358999950e-15 -9.309695255324665822e-15 -3.759780173615604821e-15 -3.386050679650679122e-15
-1.682697895308788831e-13 3.965912386544881523e-14 1.566289726949216001e-13 4.373988778055595413e-14 2.719043818794748850e-14 1.371718122867439020e-14 3.852208870677246139e-14 4.621733743024567554e-14 7.540048384075445450e-14 2.339519045058696528e-13 5.593307629300636901e-14 3.590001169470334635e-14 1.257549372242257022e-14 9.840239587461415636e-15 4.909770801806562430e-15 7.549423007169678857e-15 1.258301595231865453e-14 -5.312296159925104620e-15 3.605841456443390602e-15 2.620768223337605123e-15 -5.686616761416938437e-15 4.027117003925919726e-15 -1.334461415535003233e-15 3.085498224130116443e-15 6.112542321478708032e-15 2.542739019237117622e-15
5.906952695245309174e-14 6.295299430775211071e-14 -2.904233589169006433e-14 7.659001468097380366e-14 -8.610074501673588802e-15 -4.132372220070248191e-15 -3.432331206847138086e-14 1.869242493429225365e-16 2.620560367216408588e-14 5.593307629300636901e-14 1.913021190926387570e-13 6.449332399093256081e-14 2.566091717057037659e-14 2.234415447792277383e-14 2.006216524361069528e-14 7.284778787274294113e-15 7.681261398910965141e-15 1.624362672661339552e-15 6.089833957820104247e-15 3.995853747928312179e-15 5.275422024429795236e-15 1.053509032829901129e-14 1.130011904756321702e-14 5.065954247356450819e-15 4.092877744797849630e-15 3.441032595200482444e-15
1.473506004009470911e-13 6.686141872761337266e-15 -2.503069010830933112e-14 6.910466194003230572e-14 3.762716968183748233e-14 1.101315384357612933e-14 4.092785738181143890e-14 2.141834333982384530e-18 3.369371941264644026e-15 3.590001169470334635e-14 6.449332399093256081e-14 1.372251432934745171e-13 3.869738978715348053e-14 1.603827540739993024e-14 7.138303749410601949e-15 1.253492547098432128e-14 2.804867424465064574e-15 -5.016006338471673405e-15 -1.421546874363465538e-15 1.893705338436347337e-15 8.324376048785948302e-15 1.291735905640701694e-14 3.381010078489497495e-15 2.097541802995029675e-16 -1.593190288707746152e-15 2.422361472994551804e-15
7.957538583637989626e-15 -3.639262434377829201e-16 -4.017450680710893393e-14 5.611369979210928617e-14 1.082550338245518903e-14 -4.805339875484432505e-15 -1.544654962147405541e-14 1.127460995887082964e-14 8.293611486847068123e-15 1.257549372242257022e-14 2.566091717057037659e-14 3.869738978715348053e-14 1.242978268188327078e-13 5.450470282598141814e-14 1.889943881303021542e-14 8.043040125736705182e-15 -2.415026271000575000e-15 -2.319781638973464080e-15 -2.625955979825879969e-15 -4.277642901206928093e-15 1.258845142032872289e-15 3.574915010860997728e-15 3.632754074040922406e-15 1.681648650091025741e-15 1.552838586392234444e-15 3.334119662298922010e-15
1.232110775821453558e-14 6.754423689286155289e-14 -5.059743514858746224e-14 2.488456863105422724e-14 1.628259676386780449e-14 -1.251141667842139377e-14 -7.377282071253420563e-15 9.242602505740825084e-15 1.342139035461740492e-14 9.840239587461415636e-15 2.234415447792277383e-14 1.603827540739993024e-14 5.450470282598141814e-14 1.190120520402842097e-13 5.506303139722388906e-14 1.510011752815070116e-14 1.090808019494056397e-15 -2.674874146964086219e-15 8.687801598879831904e-15 1.224890682606749472e-14 1.328617142000539821e-14 1.812003125423156121e-15 7.898804629767611228e-17 -3.835458176363723313e-15 2.934436763080635353e-15 5.245641560968436702e-15
5.915540775992120596e-14 5.218747636864596877e-14 -2.507481833841511945e-14 1.054155615016325078e-14 2.770257332774742052e-14 -9.678240709460763806e-15 -1.664961578586267869e-14 3.186025376383952199e-15 1.121701314183760912e-15 4.909770801806562430e-15 2.006216524361069528e-14 7.138303749410601949e-15 1.889943881303021542e-14 5.506303139722388906e-14 8.929805694698011416e-14 3.693932293916831060e-14 1.357024496055417567e-14 2.897464306870478707e-15 1.107723176925060109e-14 1.249957866339758656e-14 9.713547527005126540e-15 -5.494346466058184601e-16 4.303098168591026960e-16 -8.077737594041997088e-16 2.641206038112913075e-15 3.830465917524400695e-15
2.901375924390458309e-14 3.659415967092487539e-14 -1.314860388017602800e-14 5.786695005619662912e-15 3.235927954915577920e-14 1.523697658900824403e-14 -9.810898422777098457e-15 -6.197608439252202094e-15 -1.404766243013180005e-14 7.549423007169678857e-15 7.284778787274294113e-15 1.253492547098432128e-14 8.043040125736705182e-15 1.510011752815070116e-14 3.693932293916831060e-14 7.809204097080990316e-14 3.306364921607984340e-14 9.526446719739887921e-15 1.092036551251499705e-14 5.970578993917092241e-15 2.080324755342699500e-15 -1.855432383021567045e-15 -4.315412319913738773e-16 2.153365313786086027e-15 1.938507134806317038e-15 6.840807995111453561e-17
-4.768730993196669318e-14 -1.219736749471688501e-14 3.524630089736721447e-15 -9.110203046573708726e-15 -8.161166851513516243e-15 -6.913096921764830172e-15 -1.228982098866665429e-14 -8.512540382738339731e-15 -9.605763814203366664e-15 1.258301595231865453e-14 7.681261398910965141e-15 2.804867424465064574e-15 -2.415026271000575000e-15 1.090808019494056397e-15 1.357024496055417567e-14 3.306364921607984340e-14 6.005757813471785907e-14 2.753524447806712010e-14 1.724517336210405644e-14 1.119072772216454984e-14 5.039637226129501782e-15 -3.079418462440037631e-15 -2.973724251123067109e-15 1.473967069738672867e-16 1.853815010767418806e-15 3.465939402834825976e-16
-9.811100143112968894e-14 -4.537091564522259294e-14 -1.722117492936322481e-14 -4.259801672264922853e-14 -3.853481796552249142e-14 -3.449134242071365529e-14 -2.130845801648698417e-14 -1.258926796516414295e-14 -7.247335236390474644e-15 -5.312296159925104620e-15 1.624362672661339552e-15 -5.016006338471673405e-15 -2.319781638973464080e-15 -2.674874146964086219e-15 2.897464306870478707e-15 9.526446719739887921e-15 2.753524447806712010e-14 5.012519388723169381e-14 2.570463060981405092e-14 1.316802158108465402e-14 9.730416743838264905e-15 -4.617640269540921785e-16 1.220017696703710661e-15 4.265964345207758755e-15 1.325613140581291569e-15 -2.619656680121949474e-15
-7.973276347804307521e-14 -5.942909476261967239e-14 -1.236613655634384116e-15 -8.938611874678800264e-15 -1.885919421920812043e-14 -1.199924157724088347e-14 -2.040341527605902505e-14 -3.817430685245519609e-15 8.614887688602937859e-15 3.605841456443390602e-15 6.089833957820104247e-15 -1.421546874363465538e-15 -2.625955979825879969e-15 8.687801598879831904e-15 1.107723176925060109e-14 1.092036551251499705e-14 1.724517336210405644e-14 2.570463060981405092e-14 4.960669826279940935e-14 3.313002626995806726e-14 2.041434301417553600e-14 7.184068722711794792e-15 1.785947790079929126e-15 4.864583219445513285e-16 -3.258276907044980227e-15 -2.766985867910766951e-15
-7.141555503168789777e-14 -5.152187068794844438e-14 3.643375304129889604e-14 5.559282449399730725e-15 -1.908302721177016768e-14 -8.851022402645256078e-15 2.906807167236141323e-16 -2.804307469267056088e-16 1.215919430696960334e-15 2.620768223337605123e-15 3.995853747928312179e-15 1.893705338436347337e-15 -4.277642901206928093e-15 1.224890682606749472e-14 1.249957866339758656e-14 5.970578993917092241e-15 1.119072772216454984e-14 1.316802158108465402e-14 3.313002626995806726e-14 6.038509339612511703e-14 3.495975530751533898e-14 1.431921722523504318e-14 -1.997501580155517496e-16 -5.083790287326505100e-15 -3.962712420781879893e-15 -4.983698130706280428e-16
5.145590010292183486e-16 -3.755695333841125545e-14 2.862560526509328299e-14 8.422788477619015860e-15 -9.395806375081694226e-15 -2.035945948028536313e-14 -1.375748373410221848e-14 -2.885015505303796360e-15 8.967399161955519807e-15 -5.686616761416938437e-15 5.275422024429795236e-15 8.324376048785948302e-15 1.258845142032872289e-15 1.328617142000539821e-14 9.713547527005126540e-15 2.080324755342699500e-15 5.039637226129501782e-15 9.730416743838264905e-15 2.041434301417553600e-14 3.495975530751533898e-14 4.994971717705020448e-14 1.827589449526183598e-14 1.832422748668181321e-15 -6.566277564009017470e-15 -3.994370171571000942e-15 -3.454539923690131903e-16
-3.222680428862827008e-14 -5.071690593862975090e-14 -3.605933732648093175e-15 1.503741236262993003e-14 3.544847532026686667e-15 -3.183410327058852941e-15 -3.823169706549563631e-15 1.089319079248847718e-14 8.566379858012149603e-15 4.027117003925919726e-15 1.053509032829901129e-14 1.291735905640701694e-14 3.574915010860997728e-15 1.812003125423156121e-15 -5.494346466058184601e-16 -1.855432383021567045e-15 -3.079418462440037631e-15 -4.617640269540921785e-16 7.184068722711794792e-15 1.431921722523504318e-14 1.827589449526183598e-14 3.310337115185327362e-14 1.109703907180486754e-14 -1.020780207646747806e-15 -4.933234934668385550e-15 4.759162904077450718e-16
-6.065231026297776338e-14 -2.126271136084648571e-14 -2.900550833013979262e-14 -8.932280027922019739e-15 1.171947891361962542e-14 -3.760867509437226519e-14 1.046012927154132137e-14 5.352806603475513799e-15 4.111458433358999950e-15 -1.334461415535003233e-15 1.130011904756321702e-14 3.381010078489497495e-15 3.632754074040922406e-15 7.898804629767611228e-17 4.303098168591026960e-16 -4.315412319913738773e-16 -2.973724251123067109e-15 1.220017696703710661e-15 1.785947790079929126e-15 -1.997501580155517496e-16 1.832422748668181321e-15 1.109703907180486754e-14 2.865701869658082264e-14 1.477037225019747143e-14 2.381527901667190322e-15 -1.987882760650531943e-15
-2.939522900549778029e-14 1.659863031142242234e-14 -2.001995022329275491e-14 3.044775971694366415e-15 1.628937340383786673e-14 -2.306359282703752754e-14 1.450572232696269435e-14 -3.727596627278105538e-15 -9.309695255324665822e-15 3.085498224130116443e-15 5.065954247356450819e-15 2.097541802995029675e-16 1.681648650091025741e-15 -3.835458176363723313e-15 -8.077737594041997088e-16 2.153365313786086027e-15 1.473967069738672867e-16 4.265964345207758755e-15 4.864583219445513285e-16 -5.083790287326505100e-15 -6.566277564009017470e-15 -1.020780207646747806e-15 1.477037225019747143e-14 2.684795041613339854e-14 1.151855394905608322e-14 -1.567957535590901184e-15
-5.387625862122092928e-15 4.410114695611470040e-14 -1.477595816170482932e-14 2.948921859314185572e-14 9.511843315478215916e-15 1.424151770272632454e-15 5.344423594119871360e-15 4.604725143049147247e-15 -3.759780173615604821e-15 6.112542321478708032e-15 4.092877744797849630e-15 -1.593190288707746152e-15 1.552838586392234444e-15 2.934436763080635353e-15 2.641206038112913075e-15 1.938507134806317038e-15 1.853815010767418806e-15 1.325613140581291569e-15 -3.258276907044980227e-15 -3.962712420781879893e-15 -3.994370171571000942e-15 -4.933234934668385550e-15 2.381527901667190322e-15 1.151855394905608322e-14 2.037257309211483025e-14 6.614961357251876289e-15
1.436020367270979504e-14 7.175735766689747254e-15 -2.925171783147949596e-14 2.185192454223333807e-14 4.055536690980917998e-15 1.265340751362295445e-14 -8.700066932011698595e-15 1.646617889348624246e-15 -3.386050679650679122e-15 2.542739019237117622e-15 3.441032595200482444e-15 2.422361472994551804e-15 3.334119662298922010e-15 5.245641560968436702e-15 3.830465917524400695e-15 6.840807995111453561e-17 3.465939402834825976e-16 -2.619656680121949474e-15 -2.766985867910766951e-15 -4.983698130706280428e-16 -3.454539923690131903e-16 4.759162904077450718e-16 -1.987882760650531943e-15 -1.567957535590901184e-15 6.614961357251876289e-15 1.801576820248647380e-14
