7.480323782186900526e-12 7.085540413894152089e-13 2.458303333277557350e-13 7.514509757424333752e-14 3.203073123256169972e-13 1.565888176824476807e-13 2.106439838758452981e-13 7.968979891749436705e-14 1.128156635590742533e-13 -1.682697895308781510e-13 5.906952695245827929e-14 1.473506004009510796e-13 7.957538583638515007e-15 1.232110775821586244e-14 5.915540775992249338e-14 2.901375924390546661e-14 -4.768730993196517857e-14 -9.811100143112879279e-14 -7.973276347804961329e-14 -7.141555503168306363e-14 5.145590010204126888e-16 -3.222680428861862705e-14 -6.065231026297819252e-14 -2.939522900549768562e-14 -5.387625862116893546e-15 1.436020367271364784e-14
7.085540413894152089e-13 4.544532594771803030e-12 3.240168688217629432e-13 1.214474243606481841e-13 1.505375667180815828e-13 -1.331125425796398314e-13 -1.497632474867281124e-14 -1.050611769416897294e-13 -4.463197353382171349e-14 3.965912386544819676e-14 6.295299430775327191e-14 6.686141872758427158e-15 -3.639262434374057952e-16 6.754423689286296653e-14 5.218747636864125454e-14 3.659415967092522249e-14 -1.219736749471347240e-14 -4.537091564522369104e-14 -5.942909476262219674e-14 -5.152187068794592634e-14 -3.755695333842002758e-14 -5.071690593862347788e-14 -2.126271136084234261e-14 1.659863031142762567e-14 4.410114695611025753e-14 7.175735766689330736e-15
2.458303333277557350e-13 3.240168688217629432e-13 3.714427387192227079e-12 2.783799319165851243e-13 -3.186785858079886817e-14 2.718506428785833655e-14 -5.433276656511842712e-14 8.952619177383250782e-14 5.766985416586494394e-14 1.566289726949225089e-13 -2.904233589168921236e-14 -2.503069010830935005e-14 -4.017450680710935675e-14 -5.059743514858740544e-14 -2.507481833841723360e-14 -1.314860388017604063e-14 3.524630089737458637e-15 -1.722117492936252746e-14 -1.236613655634962548e-15 3.643375304130007618e-14 2.862560526509290434e-14 -3.605933732649689830e-15 -2.900550833014220338e-14 -2.001995022329623221e-14 -1.477595816170540677e-14 -2.925171783147370888e-14
7.514509757424333752e-14 1.214474243606481841e-13 2.783799319165851243e-13 2.151650438603939852e-12 2.850438307062707225e-13 2.524706732845892909e-13 6.407738805894332719e-14 5.615220547583598174e-14 -5.434760964749242226e-14 4.373988778055751923e-14 7.659001468097064821e-14 6.910466194003322711e-14 5.611369979210722251e-14 2.488456863105404423e-14 1.054155615016178823e-14 5.786695005619472797e-15 -9.110203046571678198e-15 -4.259801672264924746e-14 -8.938611874681015385e-15 5.559282449399872720e-15 8.422788477618630896e-15 1.503741236262946302e-14 -8.932280027922778623e-15 3.044775971696629262e-15 2.948921859313913573e-14 2.185192454222768667e-14
3.203073123256169972e-13 1.505375667180815828e-13 -3.186785858079886817e-14 2.850438307062707225e-13 1.302038136339513976e-12 1.035252815025762895e-13 -1.659576809396118913e-14 4.831636135452890392e-14 2.398580121794187684e-14 2.719043818794803124e-14 -8.610074501674655342e-15 3.762716968183798089e-14 1.082550338245435283e-14 1.628259676386759939e-14 2.770257332774838608e-14 3.235927954915609474e-14 -8.161166851512239866e-15 -3.853481796552158265e-14 -1.885919421920642596e-14 -1.908302721176848267e-14 -9.395806375081465456e-15 3.544847532028682485e-15 1.171947891362180268e-14 1.628937340383922041e-14 9.511843315476854342e-15 4.055536690977982646e-15
1.565888176824476807e-13 -1.331125425796398314e-13 2.718506428785833655e-14 2.524706732845892909e-13 1.035252815025762895e-13 1.102768925059488888e-12 3.345412966112822572e-14 7.878240834349617954e-14 -2.778766842329561242e-16 1.371718122867646332e-14 -4.132372220072436491e-15 1.101315384357492237e-14 -4.805339875484987075e-15 -1.251141667842125966e-14 -9.678240709460198982e-15 1.523697658900722798e-14 -6.913096921765696342e-15 -3.449134242071380045e-14 -1.199924157724130472e-14 -8.851022402647696814e-15 -2.035945948028541678e-14 -3.183410327058619044e-15 -3.760867509437205693e-14 -2.306359282703727195e-14 1.424151770270444943e-15 1.265340751362497866e-14
2.106439838758452981e-13 -1.497632474867281124e-14 -5.433276656511842712e-14 6.407738805894332719e-14 -1.659576809396118913e-14 3.345412966112822572e-14 7.323357647015876131e-13 1.474769524055057185e-13 7.495460551529153794e-14 3.852208870677080163e-14 -3.432331206847180369e-14 4.092785738181055537e-14 -1.544654962147418163e-14 -7.377282071252475507e-15 -1.664961578586192454e-14 -9.810898422777478688e-15 -1.228982098866556724e-14 -2.130845801648749220e-14 -2.040341527605710339e-14 2.906807167249591895e-16 -1.375748373410295686e-14 -3.823169706548016674e-15 1.046012927154374790e-14 1.450572232696454344e-14 5.344423594119551872e-15 -8.700066932013200586e-15
7.968979891749436705e-14 -1.050611769416897294e-13 8.952619177383250782e-14 5.615220547583598174e-14 4.831636135452890392e-14 7.878240834349617954e-14 1.474769524055057185e-13 3.867173293391234898e-13 7.793656598392475039e-14 4.621733743024632556e-14 1.869242493429295130e-16 2.141834334235210983e-18 1.127460995887060245e-14 9.242602505741041232e-15 3.186025376384285493e-15 -6.197608439251808452e-15 -8.512540382737274769e-15 -1.258926796516393469e-14 -3.817430685245327127e-15 -2.804307469252527735e-16 -2.885015505303645687e-15 1.089319079248965416e-14 5.352806603478202237e-15 -3.727596627277960388e-15 4.604725143049381538e-15 1.646617889349938488e-15
1.128156635590742533e-13 -4.463197353382171349e-14 5.766985416586494394e-14 -5.434760964749242226e-14 2.398580121794187684e-14 -2.778766842329561242e-16 7.495460551529153794e-14 7.793656598392475039e-14 3.183082550489091501e-13 7.540048384075521181e-14 2.620560367216441089e-14 3.369371941264452333e-15 8.293611486846975037e-15 1.342139035461669967e-14 1.121701314183600182e-15 -1.404766243013214084e-14 -9.605763814203764250e-15 -7.247335236390719191e-15 8.614887688603300735e-15 1.215919430696815381e-15 8.967399161956048344e-15 8.566379858012567700e-15 4.111458433359303662e-15 -9.309695255324001601e-15 -3.759780173614825427e-15 -3.386050679651861230e-15
-1.682697895308781510e-13 3.965912386544819676e-14 1.566289726949225089e-13 4.373988778055751923e-14 2.719043818794803124e-14 1.371718122867646332e-14 3.852208870677080163e-14 4.621733743024632556e-14 7.540048384075521181e-14 2.339519045058710159e-13 5.593307629300710738e-14 3.590001169470362402e-14 1.257549372242282266e-14 9.840239587461071693e-15 4.909770801805290786e-15 7.549423007169068279e-15 1.258301595231953647e-14 -5.312296159925086476e-15 3.605841456444177885e-15 2.620768223337849670e-15 -5.686616761416388601e-15 4.027117003925066179e-15 -1.334461415535300240e-15 3.085498224131125396e-15 6.112542321478547894e-15 2.542739019237465904e-15
5.906952695245827929e-14 6.295299430775327191e-14 -2.904233589168921236e-14 7.659001468097064821e-14 -8.610074501674655342e-15 -4.132372220072436491e-15 -3.432331206847180369e-14 1.869242493429295130e-16 2.620560367216441089e-14 5.593307629300710738e-14 1.913021190926386812e-13 6.449332399093315403e-14 2.566091717057046495e-14 2.234415447792301680e-14 2.006216524360997268e-14 7.284778787274259403e-15 7.681261398911152890e-15 1.624362672661525920e-15 6.089833957820785034e-15 3.995853747928548837e-15 5.275422024430427902e-15 1.053509032829970549e-14 1.130011904756289201e-14 5.065954247357157638e-15 4.092877744797466243e-15 3.441032595198909455e-15
1.473506004009510796e-13 6.686141872758427158e-15 -2.503069010830935005e-14 6.910466194003322711e-14 3.762716968183798089e-14 1.101315384357492237e-14 4.092785738181055537e-14 2.141834334235210983e-18 3.369371941264452333e-15 3.590001169470362402e-14 6.449332399093315403e-14 1.372251432934746433e-13 3.869738978715355626e-14 1.603827540740024894e-14 7.138303749410822830e-15 1.253492547098453427e-14 2.804867424464944273e-15 -5.016006338471765702e-15 -1.421546874364116349e-15 1.893705338436359959e-15 8.324376048785549138e-15 1.291735905640732618e-14 3.381010078488175364e-15 2.097541802993558943e-16 -1.593190288707259819e-15 2.422361472993041530e-15
7.957538583638515007e-15 -3.639262434374057952e-16 -4.017450680710935675e-14 5.611369979210722251e-14 1.082550338245435283e-14 -4.805339875484987075e-15 -1.544654962147418163e-14 1.127460995887060245e-14 8.293611486846975037e-15 1.257549372242282266e-14 2.566091717057046495e-14 3.869738978715355626e-14 1.242978268188315466e-13 5.450470282598167689e-14 1.889943881302980836e-14 8.043040125735886344e-15 -2.415026271000217646e-15 -2.319781638973468813e-15 -2.625955979826987530e-15 -4.277642901206324614e-15 1.258845142032536234e-15 3.574915010861547564e-15 3.632754074041519573e-15 1.681648650091828012e-15 1.552838586392311950e-15 3.334119662296875705e-15
1.232110775821586244e-14 6.754423689286296653e-14 -5.059743514858740544e-14 2.488456863105404423e-14 1.628259676386759939e-14 -1.251141667842125966e-14 -7.377282071252475507e-15 9.242602505741041232e-15 1.342139035461669967e-14 9.840239587461071693e-15 2.234415447792301680e-14 1.603827540740024894e-14 5.450470282598167689e-14 1.190120520402858505e-13 5.506303139722496191e-14 1.510011752815063174e-14 1.090808019494096235e-15 -2.674874146964479861e-15 8.687801598878238405e-15 1.224890682606824730e-14 1.328617142000544239e-14 1.812003125423277212e-15 7.898804629699886287e-17 -3.835458176363785633e-15 2.934436763081386743e-15 5.245641560967246311e-15
5.915540775992249338e-14 5.218747636864125454e-14 -2.507481833841723360e-14 1.054155615016178823e-14 2.770257332774838608e-14 -9.678240709460198982e-15 -1.664961578586192454e-14 3.186025376384285493e-15 1.121701314183600182e-15 4.909770801805290786e-15 2.006216524360997268e-14 7.138303749410822830e-15 1.889943881302980836e-14 5.506303139722496191e-14 8.929805694698130061e-14 3.693932293916827274e-14 1.357024496055441863e-14 2.897464306870497640e-15 1.107723176924995580e-14 1.249957866339849060e-14 9.713547527005263802e-15 -5.494346466051591696e-16 4.303098168595655108e-16 -8.077737594037459165e-16 2.641206038113291333e-15 3.830465917523748307e-15
2.901375924390546661e-14 3.659415967092522249e-14 -1.314860388017604063e-14 5.786695005619472797e-15 3.235927954915609474e-14 1.523697658900722798e-14 -9.810898422777478688e-15 -6.197608439251808452e-15 -1.404766243013214084e-14 7.549423007169068279e-15 7.284778787274259403e-15 1.253492547098453427e-14 8.043040125735886344e-15 1.510011752815063174e-14 3.693932293916827274e-14 7.809204097081044590e-14 3.306364921608005797e-14 9.526446719739793258e-15 1.092036551251428392e-14 5.970578993917204259e-15 2.080324755342847805e-15 -1.855432383021321315e-15 -4.315412319918303813e-16 2.153365313786110876e-15 1.938507134807421838e-15 6.840807995122554313e-17
-4.768730993196517857e-14 -1.219736749471347240e-14 3.524630089737458637e-15 -9.110203046571678198e-15 -8.161166851512239866e-15 -6.913096921765696342e-15 -1.228982098866556724e-14 -8.512540382737274769e-15 -9.605763814203764250e-15 1.258301595231953647e-14 7.681261398911152890e-15 2.804867424464944273e-15 -2.415026271000217646e-15 1.090808019494096235e-15 1.357024496055441863e-14 3.306364921608005797e-14 6.005757813471843968e-14 2.753524447806720845e-14 1.724517336210440038e-14 1.119072772216522669e-14 5.039637226129986143e-15 -3.079418462440089696e-15 -2.973724251123853997e-15 1.473967069740446078e-16 1.853815010767788387e-15 3.465939402832771979e-16
-9.811100143112879279e-14 -4.537091564522369104e-14 -1.722117492936252746e-14 -4.259801672264924746e-14 -3.853481796552158265e-14 -3.449134242071380045e-14 -2.130845801648749220e-14 -1.258926796516393469e-14 -7.247335236390719191e-15 -5.312296159925086476e-15 1.624362672661525920e-15 -5.016006338471765702e-15 -2.319781638973468813e-15 -2.674874146964479861e-15 2.897464306870497640e-15 9.526446719739793258e-15 2.753524447806720845e-14 5.012519388723254578e-14 2.570463060981498178e-14 1.316802158108448678e-14 9.730416743838705090e-15 -4.617640269550934402e-16 1.220017696702671336e-15 4.265964345207458199e-15 1.325613140581126697e-15 -2.619656680122188893e-15
-7.973276347804961329e-14 -5.942909476262219674e-14 -1.236613655634962548e-15 -8.938611874681015385e-15 -1.885919421920642596e-14 -1.199924157724130472e-14 -2.040341527605710339e-14 -3.817430685245327127e-15 8.614887688603300735e-15 3.605841456444177885e-15 6.089833957820785034e-15 -1.421546874364116349e-15 -2.625955979826987530e-15 8.687801598878238405e-15 1.107723176924995580e-14 1.092036551251428392e-14 1.724517336210440038e-14 2.570463060981498178e-14 4.960669826279945984e-14 3.313002626995833862e-14 2.041434301417548867e-14 7.184068722711417716e-15 1.785947790079706273e-15 4.864583219448632244e-16 -3.258276907044603546e-15 -2.766985867911185836e-15
-7.141555503168306363e-14 -5.152187068794592634e-14 3.643375304130007618e-14 5.559282449399872720e-15 -1.908302721176848267e-14 -8.851022402647696814e-15 2.906807167249591895e-16 -2.804307469252527735e-16 1.215919430696815381e-15 2.620768223337849670e-15 3.995853747928548837e-15 1.893705338436359959e-15 -4.277642901206324614e-15 1.224890682606824730e-14 1.249957866339849060e-14 5.970578993917204259e-15 1.119072772216522669e-14 1.316802158108448678e-14 3.313002626995833862e-14 6.038509339612625299e-14 3.495975530751528218e-14 1.431921722523525775e-14 -1.997501580157639779e-16 -5.083790287326468812e-15 -3.962712420782165461e-15 -4.983698130704431535e-16
5.145590010204126888e-16 -3.755695333842002758e-14 2.862560526509290434e-14 8.422788477618630896e-15 -9.395806375081465456e-15 -2.035945948028541678e-14 -1.375748373410295686e-14 -2.885015505303645687e-15 8.967399161956048344e-15 -5.686616761416388601e-15 5.275422024430427902e-15 8.324376048785549138e-15 1.258845142032536234e-15 1.328617142000544239e-14 9.713547527005263802e-15 2.080324755342847805e-15 5.039637226129986143e-15 9.730416743838705090e-15 2.041434301417548867e-14 3.495975530751528218e-14 4.994971717704923892e-14 1.827589449526171292e-14 1.832422748668155683e-15 -6.566277564008738213e-15 -3.994370171570939411e-15 -3.454539923695819590e-16
-3.222680428861862705e-14 -5.071690593862347788e-14 -3.605933732649689830e-15 1.503741236262946302e-14 3.544847532028682485e-15 -3.183410327058619044e-15 -3.823169706548016674e-15 1.089319079248965416e-14 8.566379858012567700e-15 4.027117003925066179e-15 1.053509032829970549e-14 1.291735905640732618e-14 3.574915010861547564e-15 1.812003125423277212e-15 -5.494346466051591696e-16 -1.855432383021321315e-15 -3.079418462440089696e-15 -4.617640269550934402e-16 7.184068722711417716e-15 1.431921722523525775e-14 1.827589449526171292e-14 3.310337115185372800e-14 1.109703907180470187e-14 -1.020780207646353375e-15 -4.933234934668353207e-15 4.759162904080604189e-16
-6.065231026297819252e-14 -2.126271136084234261e-14 -2.900550833014220338e-14 -8.932280027922778623e-15 1.171947891362180268e-14 -3.760867509437205693e-14 1.046012927154374790e-14 5.352806603478202237e-15 4.111458433359303662e-15 -1.334461415535300240e-15 1.130011904756289201e-14 3.381010078488175364e-15 3.632754074041519573e-15 7.898804629699886287e-17 4.303098168595655108e-16 -4.315412319918303813e-16 -2.973724251123853997e-15 1.220017696702671336e-15 1.785947790079706273e-15 -1.997501580157639779e-16 1.832422748668155683e-15 1.109703907180470187e-14 2.865701869658028622e-14 1.477037225019759134e-14 2.381527901666952875e-15 -1.987882760650554820e-15
-2.939522900549768562e-14 1.659863031142762567e-14 -2.001995022329623221e-14 3.044775971696629262e-15 1.628937340383922041e-14 -2.306359282703727195e-14 1.450572232696454344e-14 -3.727596627277960388e-15 -9.309695255324001601e-15 3.085498224131125396e-15 5.065954247357157638e-15 2.097541802993558943e-16 1.681648650091828012e-15 -3.835458176363785633e-15 -8.077737594037459165e-16 2.153365313786110876e-15 1.473967069740446078e-16 4.265964345207458199e-15 4.864583219448632244e-16 -5.083790287326468812e-15 -6.566277564008738213e-15 -1.020780207646353375e-15 1.477037225019759134e-14 2.684795041613366360e-14 1.151855394905559255e-14 -1.567957535591292853e-15
-5.387625862116893546e-15 4.410114695611025753e-14 -1.477595816170540677e-14 2.948921859313913573e-14 9.511843315476854342e-15 1.424151770270444943e-15 5.344423594119551872e-15 4.604725143049381538e-15 -3.759780173614825427e-15 6.112542321478547894e-15 4.092877744797466243e-15 -1.593190288707259819e-15 1.552838586392311950e-15 2.934436763081386743e-15 2.641206038113291333e-15 1.938507134807421838e-15 1.853815010767788387e-15 1.325613140581126697e-15 -3.258276907044603546e-15 -3.962712420782165461e-15 -3.994370171570939411e-15 -4.933234934668353207e-15 2.381527901666952875e-15 1.151855394905559255e-14 2.037257309211524992e-14 6.614961357252147657e-15
1.436020367271364784e-14 7.175735766689330736e-15 -2.925171783147370888e-14 2.185192454222768667e-14 4.055536690977982646e-15 1.265340751362497866e-14 -8.700066932013200586e-15 1.646617889349938488e-15 -3.386050679651861230e-15 2.542739019237465904e-15 3.441032595198909455e-15 2.422361472993041530e-15 3.334119662296875705e-15 5.245641560967246311e-15 3.830465917523748307e-15 6.840807995122554313e-17 3.465939402832771979e-16 -2.619656680122188893e-15 -2.766985867911185836e-15 -4.983698130704431535e-16 -3.454539923695819590e-16 4.759162904080604189e-16 -1.987882760650554820e-15 -1.567957535591292853e-15 6.614961357252147657e-15 1.801576820248712698e-14
