1.018377250695822773e-11 4.900903780878469496e-13 6.472076693368423294e-13 4.995545098715057392e-14 -6.895342863635496047e-13 2.325211905983445626e-13 4.099727988327492083e-14 1.961170514768340383e-13 1.873533525251426162e-13 -1.167970165784632696e-13 5.094077212216332329e-14 1.068677646845251002e-14 5.671886484007219610e-14 2.057752141532626151e-14 -7.625990312159627578e-14 -7.028286632711413025e-14 -8.753009414972846540e-14 1.489380598012735021e-14 2.357968484513399090e-14 1.181561806221525439e-14 1.666673125088980702e-15 -8.547854833756018423e-14 -3.150675560504796513e-14 7.445792426600933452e-15 -5.313660333593815900e-14 7.889125720682506724e-16
4.900903780878469496e-13 5.990890823770808604e-12 9.004908595037476779e-13 6.047720838940115875e-13 -2.595272376955583170e-13 1.815551665740052448e-13 -3.316542223619257509e-14 1.107237989161491295e-14 -5.479146063063261890e-14 6.109397353938781474e-14 8.490748984484362995e-14 -8.416225747859351334e-14 -1.801843704798924475e-14 -2.030563196592132388e-14 -1.210129400391119675e-14 7.316602995252004044e-15 1.028338189890320085e-14 -4.182852901740794179e-14 -2.556099033106840203e-14 -3.245543599322576999e-14 -5.554497049255599345e-14 -8.298467977061638294e-14 -1.230784954982198759e-13 -8.542849361133113654e-14 -7.277946054163557315e-14 -5.122603898792077863e-14
6.472076693368423294e-13 9.004908595037476779e-13 3.953119582544219371e-12 -1.373264169369636918e-13 -1.999855064131766431e-13 -3.218157232368672425e-13 2.034802701709565047e-13 1.744157329993459977e-13 -5.406530418162367768e-14 -1.067839114341691211e-15 -9.526621334436044849e-15 -9.492349242314865321e-14 -9.654988585116726749e-15 -2.753192171817902029e-14 -7.109995411123390943e-14 -7.069762276323619448e-14 -7.034893068437995900e-15 -1.847254926871967807e-14 -2.886772050361140951e-14 -3.501656463405473907e-14 5.493352095751706771e-15 -2.747837478481455929e-14 1.087540678779311304e-15 4.528977027809511457e-14 2.284810924309244969e-15 -8.083743152216992710e-15
4.995545098715057392e-14 6.047720838940115875e-13 -1.373264169369636918e-13 2.743431511127817444e-12 5.327286576803651426e-13 4.055466397233469831e-13 2.043729637231948557e-13 6.633155954074590890e-14 -2.305892072069394857e-15 6.809687129378637601e-14 7.213028111430161364e-14 1.191485052534451685e-13 2.934166531765445249e-14 2.026784987119789377e-14 3.969385835051472895e-14 4.993924264371513455e-14 2.946167880974582718e-15 -7.029358179544075307e-15 2.121514436584937939e-15 -2.527600078379440634e-14 -7.777704027191630931e-15 -6.128568343226067589e-15 -2.685925476086870022e-14 -5.496243393501658627e-15 8.504399041097062627e-15 6.621280719718102973e-15
-6.895342863635496047e-13 -2.595272376955583170e-13 -1.999855064131766431e-13 5.327286576803651426e-13 1.839387523390883379e-12 2.892420054606115393e-13 1.392821664557156448e-13 3.460816248662944173e-14 3.189455035624393493e-14 6.444913319114741310e-14 4.042950927591282747e-14 4.919007790713189420e-14 8.877159058408428001e-16 -7.698656928036047659e-16 4.360966877025172662e-14 1.386863667679325151e-14 -2.739713508542768824e-14 -5.404190888635530917e-14 -3.489624554405301095e-15 -9.487384372420300943e-15 -8.045123585364596924e-16 -5.631340206715682417e-16 -5.666856150042773468e-15 -9.214971413952231466e-15 1.266225035518716922e-14 9.228399589168263625e-16
2.325211905983445626e-13 1.815551665740052448e-13 -3.218157232368672425e-13 4.055466397233469831e-13 2.892420054606115393e-13 1.204623668833406168e-12 2.174938923515158602e-13 5.518565108202485123e-14 -1.471837695747638792e-14 4.741806334543116832e-14 2.794198263139494592e-14 3.283444363034895466e-14 3.627612181520842607e-14 -2.199919241040362185e-14 1.200187056062840996e-14 2.473924837025001302e-15 -4.575986703926298692e-14 -4.832606695516380512e-14 -2.174308976252354366e-14 -1.449612074763332659e-14 -5.936945329223534877e-15 -2.475136651977245657e-14 -3.166594725139942805e-14 -1.818152636719349095e-14 -3.339577634109470066e-15 -3.810617173804003345e-15
4.099727988327492083e-14 -3.316542223619257509e-14 2.034802701709565047e-13 2.043729637231948557e-13 1.392821664557156448e-13 2.174938923515158602e-13 9.712845752242831698e-13 1.981636808454514941e-13 -1.096895444230502442e-15 4.307613064418148067e-14 2.790727495190872890e-14 2.142260954711346774e-15 -2.251310311840508729e-14 -2.875435389280917867e-15 -1.468658483158130248e-15 -2.138335138310120353e-14 -3.319242891822251322e-14 -1.122231842652141448e-14 -7.599858545561389576e-15 -2.672650337690128662e-14 -3.664901865433785651e-14 -2.844251378347884670e-14 -2.325671035132770806e-15 1.763314942548916938e-14 -1.357823625867750251e-14 -1.548000926397417613e-14
1.961170514768340383e-13 1.107237989161491295e-14 1.744157329993459977e-13 6.633155954074590890e-14 3.460816248662944173e-14 5.518565108202485123e-14 1.981636808454514941e-13 5.084938856306016128e-13 9.472262157502477163e-14 2.634499368858864805e-15 4.244842363076597738e-14 1.323688200929291584e-14 -2.897653672671798315e-15 7.410513714480901039e-15 1.284296382819631849e-14 -1.599335343229987389e-14 -2.251260146900414550e-14 -1.113217588962812478e-14 1.523363015456061608e-15 -5.387527979233167810e-15 1.006103134035814509e-14 -1.031791855009265299e-14 4.604879018627473704e-15 1.690716294618779679e-14 4.179072155987076299e-15 1.353281427518015287e-14
1.873533525251426162e-13 -5.479146063063261890e-14 -5.406530418162367768e-14 -2.305892072069394857e-15 3.189455035624393493e-14 -1.471837695747638792e-14 -1.096895444230502442e-15 9.472262157502477163e-14 3.727751841256111036e-13 3.384330791093288489e-14 2.953862702974927068e-14 2.481148326087761251e-14 1.760558483100747786e-14 1.219911412798731881e-14 1.305563942364254411e-14 4.179363340039612182e-15 7.236211573993931580e-15 3.371054595045172327e-15 1.742980117255277354e-14 1.177264891140330260e-14 9.246247569344215552e-15 -6.163695211937449113e-15 6.500390656349278919e-16 1.153120855488049718e-14 -4.769746337601449207e-15 4.882705299961466584e-15
-1.167970165784632696e-13 6.109397353938781474e-14 -1.067839114341691211e-15 6.809687129378637601e-14 6.444913319114741310e-14 4.741806334543116832e-14 4.307613064418148067e-14 2.634499368858864805e-15 3.384330791093288489e-14 3.187131248775258721e-13 4.631613316157541885e-14 1.786867057538333671e-14 7.734521721835694107e-15 -1.207166947870681093e-14 -1.623072696663975933e-14 -7.715715362635327827e-15 -4.950244441403358050e-15 -2.021079134394363809e-14 -6.496573414627300250e-15 -3.458157060883939852e-15 1.896521943023590990e-15 -6.274830822835081975e-16 -1.151864634687228818e-14 -3.643661717488109316e-15 -1.650040351236016674e-15 -3.384864273991701225e-15
5.094077212216332329e-14 8.490748984484362995e-14 -9.526621334436044849e-15 7.213028111430161364e-14 4.042950927591282747e-14 2.794198263139494592e-14 2.790727495190872890e-14 4.244842363076597738e-14 2.953862702974927068e-14 4.631613316157541885e-14 1.576464575650770862e-13 6.732399577432191231e-14 2.350490489584366672e-14 2.072088394717357374e-14 1.872244038840889172e-14 9.972843315451853956e-15 5.846346039663975186e-16 -8.566312705600129545e-15 9.027617154952491120e-15 6.858065023557481000e-15 5.087513649567132934e-15 7.202564588728080904e-15 4.038050766158835952e-15 5.377394784668368324e-16 -9.349327194023189552e-15 -8.655278525167535094e-15
1.068677646845251002e-14 -8.416225747859351334e-14 -9.492349242314865321e-14 1.191485052534451685e-13 4.919007790713189420e-14 3.283444363034895466e-14 2.142260954711346774e-15 1.323688200929291584e-14 2.481148326087761251e-14 1.786867057538333671e-14 6.732399577432191231e-14 1.916548577276557235e-13 5.948644728943657167e-14 5.330046071946239741e-14 4.638416156222554903e-14 3.177124373449849671e-14 7.854199537935330714e-15 -2.670226268158908975e-15 5.001737046480015509e-15 1.270633219358800241e-14 1.242377303849222942e-14 5.622955880102410826e-15 1.168345309043944325e-14 4.275394130953955574e-15 -3.051253020956501617e-15 -7.449157237513419946e-15
5.671886484007219610e-14 -1.801843704798924475e-14 -9.654988585116726749e-15 2.934166531765445249e-14 8.877159058408428001e-16 3.627612181520842607e-14 -2.251310311840508729e-14 -2.897653672671798315e-15 1.760558483100747786e-14 7.734521721835694107e-15 2.350490489584366672e-14 5.948644728943657167e-14 1.216621666094400685e-13 4.697850225304340214e-14 3.276003966221031864e-14 1.652804595393360754e-14 3.218256590091388727e-16 2.016580761309397069e-15 3.808363232415918502e-15 1.076878336384314339e-14 8.440758366494716107e-15 2.450191479686358974e-15 6.759997608015014975e-16 4.819887179247072524e-15 5.449030360871789957e-15 -3.273396273982268637e-15
2.057752141532626151e-14 -2.030563196592132388e-14 -2.753192171817902029e-14 2.026784987119789377e-14 -7.698656928036047659e-16 -2.199919241040362185e-14 -2.875435389280917867e-15 7.410513714480901039e-15 1.219911412798731881e-14 -1.207166947870681093e-14 2.072088394717357374e-14 5.330046071946239741e-14 4.697850225304340214e-14 1.098564306243340906e-13 5.161426687726661176e-14 3.660241286789722438e-14 1.670637068366700021e-14 1.154161770069797585e-14 6.686413437937977439e-15 1.053797018432251235e-14 4.615528180063935414e-15 5.266910251497476691e-15 1.232499507219291321e-14 9.209694620829173992e-15 1.282415110532940754e-15 -1.075834514395610023e-15
-7.625990312159627578e-14 -1.210129400391119675e-14 -7.109995411123390943e-14 3.969385835051472895e-14 4.360966877025172662e-14 1.200187056062840996e-14 -1.468658483158130248e-15 1.284296382819631849e-14 1.305563942364254411e-14 -1.623072696663975933e-14 1.872244038840889172e-14 4.638416156222554903e-14 3.276003966221031864e-14 5.161426687726661176e-14 1.026504720135742011e-13 4.496125342756839151e-14 1.276110096082460227e-14 7.632815854827043829e-15 1.403555715118921191e-14 1.404849470287689720e-14 1.447046090856568787e-14 1.447285868703637747e-14 1.212619362341471229e-14 7.795889517765914994e-15 2.379429314547213283e-16 -5.970002562810028953e-15
-7.028286632711413025e-14 7.316602995252004044e-15 -7.069762276323619448e-14 4.993924264371513455e-14 1.386863667679325151e-14 2.473924837025001302e-15 -2.138335138310120353e-14 -1.599335343229987389e-14 4.179363340039612182e-15 -7.715715362635327827e-15 9.972843315451853956e-15 3.177124373449849671e-14 1.652804595393360754e-14 3.660241286789722438e-14 4.496125342756839151e-14 9.190173337382916901e-14 4.306834350982507778e-14 2.474621098071649639e-14 1.602754438940833628e-14 1.299157932160988022e-14 2.175731907447567341e-14 2.087019937285506502e-14 9.354600993954841353e-15 -1.987745045496465381e-15 -7.443599203278625679e-15 -5.438522021386277397e-15
-8.753009414972846540e-14 1.028338189890320085e-14 -7.034893068437995900e-15 2.946167880974582718e-15 -2.739713508542768824e-14 -4.575986703926298692e-14 -3.319242891822251322e-14 -2.251260146900414550e-14 7.236211573993931580e-15 -4.950244441403358050e-15 5.846346039663975186e-16 7.854199537935330714e-15 3.218256590091388727e-16 1.670637068366700021e-14 1.276110096082460227e-14 4.306834350982507778e-14 7.314328513536384853e-14 4.122510797188938520e-14 2.499897246419986980e-14 2.219032322135647142e-14 2.329235259722204234e-14 2.343658304186815727e-14 1.475218958184287737e-14 -1.063194918739778091e-16 -6.535061406010853343e-15 -5.337493212958907698e-15
1.489380598012735021e-14 -4.182852901740794179e-14 -1.847254926871967807e-14 -7.029358179544075307e-15 -5.404190888635530917e-14 -4.832606695516380512e-14 -1.122231842652141448e-14 -1.113217588962812478e-14 3.371054595045172327e-15 -2.021079134394363809e-14 -8.566312705600129545e-15 -2.670226268158908975e-15 2.016580761309397069e-15 1.154161770069797585e-14 7.632815854827043829e-15 2.474621098071649639e-14 4.122510797188938520e-14 7.457706655146970682e-14 3.957889952871841772e-14 2.723303963045246353e-14 2.826525986882865725e-14 2.364733428775382037e-14 1.545767069512227192e-14 2.452180825959375744e-15 1.212484252779201102e-15 -8.635538125461109455e-17
2.357968484513399090e-14 -2.556099033106840203e-14 -2.886772050361140951e-14 2.121514436584937939e-15 -3.489624554405301095e-15 -2.174308976252354366e-14 -7.599858545561389576e-15 1.523363015456061608e-15 1.742980117255277354e-14 -6.496573414627300250e-15 9.027617154952491120e-15 5.001737046480015509e-15 3.808363232415918502e-15 6.686413437937977439e-15 1.403555715118921191e-14 1.602754438940833628e-14 2.499897246419986980e-14 3.957889952871841772e-14 5.964458193601228033e-14 4.430629392418196075e-14 3.547339641459012126e-14 2.371471333882638100e-14 1.027498337951835363e-14 3.041532269417801649e-15 4.901480796364690690e-15 1.560997202335883833e-15
1.181561806221525439e-14 -3.245543599322576999e-14 -3.501656463405473907e-14 -2.527600078379440634e-14 -9.487384372420300943e-15 -1.449612074763332659e-14 -2.672650337690128662e-14 -5.387527979233167810e-15 1.177264891140330260e-14 -3.458157060883939852e-15 6.858065023557481000e-15 1.270633219358800241e-14 1.076878336384314339e-14 1.053797018432251235e-14 1.404849470287689720e-14 1.299157932160988022e-14 2.219032322135647142e-14 2.723303963045246353e-14 4.430629392418196075e-14 7.772615690397579091e-14 5.603271997581173066e-14 3.616367913206108462e-14 1.842681034485106866e-14 5.141129631740597181e-15 6.659217628183929189e-15 2.742274311937002101e-15
1.666673125088980702e-15 -5.554497049255599345e-14 5.493352095751706771e-15 -7.777704027191630931e-15 -8.045123585364596924e-16 -5.936945329223534877e-15 -3.664901865433785651e-14 1.006103134035814509e-14 9.246247569344215552e-15 1.896521943023590990e-15 5.087513649567132934e-15 1.242377303849222942e-14 8.440758366494716107e-15 4.615528180063935414e-15 1.447046090856568787e-14 2.175731907447567341e-14 2.329235259722204234e-14 2.826525986882865725e-14 3.547339641459012126e-14 5.603271997581173066e-14 7.705919786385947783e-14 5.010798726200120763e-14 2.995630012585454348e-14 1.044669260382910212e-14 3.995540295238593529e-15 -2.501041965651797261e-15
-8.547854833756018423e-14 -8.298467977061638294e-14 -2.747837478481455929e-14 -6.128568343226067589e-15 -5.631340206715682417e-16 -2.475136651977245657e-14 -2.844251378347884670e-14 -1.031791855009265299e-14 -6.163695211937449113e-15 -6.274830822835081975e-16 7.202564588728080904e-15 5.622955880102410826e-15 2.450191479686358974e-15 5.266910251497476691e-15 1.447285868703637747e-14 2.087019937285506502e-14 2.343658304186815727e-14 2.364733428775382037e-14 2.371471333882638100e-14 3.616367913206108462e-14 5.010798726200120763e-14 7.295433204187133305e-14 4.871531593677620363e-14 2.716538682005925294e-14 9.697427985453570420e-15 -2.302718888883326641e-15
-3.150675560504796513e-14 -1.230784954982198759e-13 1.087540678779311304e-15 -2.685925476086870022e-14 -5.666856150042773468e-15 -3.166594725139942805e-14 -2.325671035132770806e-15 4.604879018627473704e-15 6.500390656349278919e-16 -1.151864634687228818e-14 4.038050766158835952e-15 1.168345309043944325e-14 6.759997608015014975e-16 1.232499507219291321e-14 1.212619362341471229e-14 9.354600993954841353e-15 1.475218958184287737e-14 1.545767069512227192e-14 1.027498337951835363e-14 1.842681034485106866e-14 2.995630012585454348e-14 4.871531593677620363e-14 6.630510124247359203e-14 4.143137091326673061e-14 1.219509836569226252e-14 -2.327056545088082455e-15
7.445792426600933452e-15 -8.542849361133113654e-14 4.528977027809511457e-14 -5.496243393501658627e-15 -9.214971413952231466e-15 -1.818152636719349095e-14 1.763314942548916938e-14 1.690716294618779679e-14 1.153120855488049718e-14 -3.643661717488109316e-15 5.377394784668368324e-16 4.275394130953955574e-15 4.819887179247072524e-15 9.209694620829173992e-15 7.795889517765914994e-15 -1.987745045496465381e-15 -1.063194918739778091e-16 2.452180825959375744e-15 3.041532269417801649e-15 5.141129631740597181e-15 1.044669260382910212e-14 2.716538682005925294e-14 4.143137091326673061e-14 5.289047902537531211e-14 2.097858912992940260e-14 3.475110914171107572e-15
-5.313660333593815900e-14 -7.277946054163557315e-14 2.284810924309244969e-15 8.504399041097062627e-15 1.266225035518716922e-14 -3.339577634109470066e-15 -1.357823625867750251e-14 4.179072155987076299e-15 -4.769746337601449207e-15 -1.650040351236016674e-15 -9.349327194023189552e-15 -3.051253020956501617e-15 5.449030360871789957e-15 1.282415110532940754e-15 2.379429314547213283e-16 -7.443599203278625679e-15 -6.535061406010853343e-15 1.212484252779201102e-15 4.901480796364690690e-15 6.659217628183929189e-15 3.995540295238593529e-15 9.697427985453570420e-15 1.219509836569226252e-14 2.097858912992940260e-14 3.843901381664309620e-14 1.570084355385043313e-14
7.889125720682506724e-16 -5.122603898792077863e-14 -8.083743152216992710e-15 6.621280719718102973e-15 9.228399589168263625e-16 -3.810617173804003345e-15 -1.548000926397417613e-14 1.353281427518015287e-14 4.882705299961466584e-15 -3.384864273991701225e-15 -8.655278525167535094e-15 -7.449157237513419946e-15 -3.273396273982268637e-15 -1.075834514395610023e-15 -5.970002562810028953e-15 -5.438522021386277397e-15 -5.337493212958907698e-15 -8.635538125461109455e-17 1.560997202335883833e-15 2.742274311937002101e-15 -2.501041965651797261e-15 -2.302718888883326641e-15 -2.327056545088082455e-15 3.475110914171107572e-15 1.570084355385043313e-14 3.301657360813776853e-14
