7.480323782186918298e-12 7.085540413894214693e-13 2.458303333277567448e-13 7.514509757424337539e-14 3.203073123256166942e-13 1.565888176824450806e-13 2.106439838758457272e-13 7.968979891749716908e-14 1.128156635590730921e-13 -1.682697895308768131e-13 5.906952695245540153e-14 1.473506004009533768e-13 7.957538583635302765e-15 1.232110775821507200e-14 5.915540775992384391e-14 2.901375924390321994e-14 -4.768730993196460428e-14 -9.811100143113162007e-14 -7.973276347804665979e-14 -7.141555503168600450e-14 5.145590010223509200e-16 -3.222680428861818528e-14 -6.065231026297841971e-14 -2.939522900549743950e-14 -5.387625862120744765e-15 1.436020367270881685e-14
7.085540413894214693e-13 4.544532594771838573e-12 3.240168688217567332e-13 1.214474243606491434e-13 1.505375667180852683e-13 -1.331125425796415227e-13 -1.497632474867145124e-14 -1.050611769416909032e-13 -4.463197353382132221e-14 3.965912386544942739e-14 6.295299430775445836e-14 6.686141872760792163e-15 -3.639262434373168019e-16 6.754423689286161600e-14 5.218747636864252303e-14 3.659415967092617543e-14 -1.219736749471158702e-14 -4.537091564522423377e-14 -5.942909476262199479e-14 -5.152187068794672782e-14 -3.755695333842021691e-14 -5.071690593861962193e-14 -2.126271136084697164e-14 1.659863031143009007e-14 4.410114695611435330e-14 7.175735766689094077e-15
2.458303333277567448e-13 3.240168688217567332e-13 3.714427387192215770e-12 2.783799319165807319e-13 -3.186785858079883030e-14 2.718506428785733628e-14 -5.433276656511727222e-14 8.952619177383114466e-14 5.766985416586525948e-14 1.566289726949239477e-13 -2.904233589169083426e-14 -2.503069010830704342e-14 -4.017450680710931258e-14 -5.059743514858679960e-14 -2.507481833841542868e-14 -1.314860388017701724e-14 3.524630089737705156e-15 -1.722117492936205730e-14 -1.236613655635233522e-15 3.643375304130073882e-14 2.862560526509390146e-14 -3.605933732652525785e-15 -2.900550833013866928e-14 -2.001995022329721356e-14 -1.477595816170437178e-14 -2.925171783147463658e-14
7.514509757424337539e-14 1.214474243606491434e-13 2.783799319165807319e-13 2.151650438603939045e-12 2.850438307062725905e-13 2.524706732845875743e-13 6.407738805894227958e-14 5.615220547583653079e-14 -5.434760964749216352e-14 4.373988778055783478e-14 7.659001468097149387e-14 6.910466194003344168e-14 5.611369979210873081e-14 2.488456863105561879e-14 1.054155615016388029e-14 5.786695005620732607e-15 -9.110203046572329797e-15 -4.259801672264847754e-14 -8.938611874680322765e-15 5.559282449398586877e-15 8.422788477617682685e-15 1.503741236262822609e-14 -8.932280027922609807e-15 3.044775971695900749e-15 2.948921859314289702e-14 2.185192454223116081e-14
3.203073123256166942e-13 1.505375667180852683e-13 -3.186785858079883030e-14 2.850438307062725905e-13 1.302038136339522256e-12 1.035252815025748002e-13 -1.659576809396052018e-14 4.831636135452908693e-14 2.398580121794331888e-14 2.719043818794722344e-14 -8.610074501673849127e-15 3.762716968183788623e-14 1.082550338245559135e-14 1.628259676386830305e-14 2.770257332774820307e-14 3.235927954915591173e-14 -8.161166851513016106e-15 -3.853481796552257346e-14 -1.885919421920747041e-14 -1.908302721177042327e-14 -9.395806375081347127e-15 3.544847532028328681e-15 1.171947891362031331e-14 1.628937340383977892e-14 9.511843315477191975e-15 4.055536690977495130e-15
1.565888176824450806e-13 -1.331125425796415227e-13 2.718506428785733628e-14 2.524706732845875743e-13 1.035252815025748002e-13 1.102768925059492119e-12 3.345412966112695092e-14 7.878240834349831262e-14 -2.778766842329412838e-16 1.371718122867498815e-14 -4.132372220071067817e-15 1.101315384357467151e-14 -4.805339875484458538e-15 -1.251141667842116342e-14 -9.678240709460494016e-15 1.523697658900791902e-14 -6.913096921765204881e-15 -3.449134242071255720e-14 -1.199924157724216616e-14 -8.851022402646057561e-15 -2.035945948028465316e-14 -3.183410327058314938e-15 -3.760867509437181081e-14 -2.306359282703763483e-14 1.424151770271733941e-15 1.265340751362271305e-14
2.106439838758457272e-13 -1.497632474867145124e-14 -5.433276656511727222e-14 6.407738805894227958e-14 -1.659576809396052018e-14 3.345412966112695092e-14 7.323357647015859975e-13 1.474769524055079147e-13 7.495460551529080588e-14 3.852208870677066279e-14 -3.432331206847009344e-14 4.092785738181156512e-14 -1.544654962147509671e-14 -7.377282071252786318e-15 -1.664961578586265660e-14 -9.810898422777305138e-15 -1.228982098866526590e-14 -2.130845801648699995e-14 -2.040341527605840974e-14 2.906807167240893224e-16 -1.375748373410151324e-14 -3.823169706546506795e-15 1.046012927154411394e-14 1.450572232696518084e-14 5.344423594119763286e-15 -8.700066932010467972e-15
7.968979891749716908e-14 -1.050611769416909032e-13 8.952619177383114466e-14 5.615220547583653079e-14 4.831636135452908693e-14 7.878240834349831262e-14 1.474769524055079147e-13 3.867173293391236413e-13 7.793656598392466204e-14 4.621733743024652750e-14 1.869242493437750733e-16 2.141834334844404966e-18 1.127460995887032635e-14 9.242602505741394641e-15 3.186025376383814937e-15 -6.197608439251914159e-15 -8.512540382737617135e-15 -1.258926796516369803e-14 -3.817430685245796499e-15 -2.804307469260214691e-16 -2.885015505303678031e-15 1.089319079248974093e-14 5.352806603478042098e-15 -3.727596627278306698e-15 4.604725143049942418e-15 1.646617889351320770e-15
1.128156635590730921e-13 -4.463197353382132221e-14 5.766985416586525948e-14 -5.434760964749216352e-14 2.398580121794331888e-14 -2.778766842329412838e-16 7.495460551529080588e-14 7.793656598392466204e-14 3.183082550489120783e-13 7.540048384075427780e-14 2.620560367216365673e-14 3.369371941264147044e-15 8.293611486846059959e-15 1.342139035461698209e-14 1.121701314183092352e-15 -1.404766243013183318e-14 -9.605763814203237291e-15 -7.247335236390528286e-15 8.614887688603542127e-15 1.215919430697567757e-15 8.967399161956076743e-15 8.566379858012816980e-15 4.111458433359596329e-15 -9.309695255323815430e-15 -3.759780173615434427e-15 -3.386050679653350600e-15
-1.682697895308768131e-13 3.965912386544942739e-14 1.566289726949239477e-13 4.373988778055783478e-14 2.719043818794722344e-14 1.371718122867498815e-14 3.852208870677066279e-14 4.621733743024652750e-14 7.540048384075427780e-14 2.339519045058716723e-13 5.593307629300708214e-14 3.590001169470367451e-14 1.257549372242247556e-14 9.840239587461186867e-15 4.909770801806032316e-15 7.549423007169614171e-15 1.258301595231943076e-14 -5.312296159924838774e-15 3.605841456444723777e-15 2.620768223338384912e-15 -5.686616761415538998e-15 4.027117003924918662e-15 -1.334461415535627222e-15 3.085498224131252008e-15 6.112542321479171882e-15 2.542739019237558595e-15
5.906952695245540153e-14 6.295299430775445836e-14 -2.904233589169083426e-14 7.659001468097149387e-14 -8.610074501673849127e-15 -4.132372220071067817e-15 -3.432331206847009344e-14 1.869242493437750733e-16 2.620560367216365673e-14 5.593307629300708214e-14 1.913021190926374695e-13 6.449332399093262391e-14 2.566091717057082151e-14 2.234415447792342385e-14 2.006216524361054697e-14 7.284778787274464507e-15 7.681261398910316698e-15 1.624362672661719783e-15 6.089833957820875753e-15 3.995853747928413942e-15 5.275422024430384515e-15 1.053509032829880776e-14 1.130011904756209526e-14 5.065954247357824225e-15 4.092877744798117054e-15 3.441032595200054881e-15
1.473506004009533768e-13 6.686141872760792163e-15 -2.503069010830704342e-14 6.910466194003344168e-14 3.762716968183788623e-14 1.101315384357467151e-14 4.092785738181156512e-14 2.141834334844404966e-18 3.369371941264147044e-15 3.590001169470367451e-14 6.449332399093262391e-14 1.372251432934749462e-13 3.869738978715345529e-14 1.603827540740004699e-14 7.138303749410627193e-15 1.253492547098416509e-14 2.804867424464624390e-15 -5.016006338472085980e-15 -1.421546874363742034e-15 1.893705338436204948e-15 8.324376048785604359e-15 1.291735905640728200e-14 3.381010078488644342e-15 2.097541803004846063e-16 -1.593190288707872961e-15 2.422361472993712061e-15
7.957538583635302765e-15 -3.639262434373168019e-16 -4.017450680710931258e-14 5.611369979210873081e-14 1.082550338245559135e-14 -4.805339875484458538e-15 -1.544654962147509671e-14 1.127460995887032635e-14 8.293611486846059959e-15 1.257549372242247556e-14 2.566091717057082151e-14 3.869738978715345529e-14 1.242978268188325059e-13 5.450470282598176524e-14 1.889943881303058460e-14 8.043040125736272886e-15 -2.415026271000004260e-15 -2.319781638973469996e-15 -2.625955979826093750e-15 -4.277642901206150276e-15 1.258845142032396014e-15 3.574915010861717958e-15 3.632754074041865883e-15 1.681648650091688581e-15 1.552838586392582529e-15 3.334119662298447115e-15
1.232110775821507200e-14 6.754423689286161600e-14 -5.059743514858679960e-14 2.488456863105561879e-14 1.628259676386830305e-14 -1.251141667842116342e-14 -7.377282071252786318e-15 9.242602505741394641e-15 1.342139035461698209e-14 9.840239587461186867e-15 2.234415447792342385e-14 1.603827540740004699e-14 5.450470282598176524e-14 1.190120520402854971e-13 5.506303139722440655e-14 1.510011752815071694e-14 1.090808019494272348e-15 -2.674874146964034943e-15 8.687801598878972045e-15 1.224890682606790966e-14 1.328617142000508109e-14 1.812003125422725798e-15 7.898804629683963623e-17 -3.835458176363742246e-15 2.934436763081345328e-15 5.245641560967602087e-15
5.915540775992384391e-14 5.218747636864252303e-14 -2.507481833841542868e-14 1.054155615016388029e-14 2.770257332774820307e-14 -9.678240709460494016e-15 -1.664961578586265660e-14 3.186025376383814937e-15 1.121701314183092352e-15 4.909770801806032316e-15 2.006216524361054697e-14 7.138303749410627193e-15 1.889943881303058460e-14 5.506303139722440655e-14 8.929805694698122488e-14 3.693932293916837371e-14 1.357024496055466634e-14 2.897464306870458986e-15 1.107723176925024137e-14 1.249957866339787213e-14 9.713547527004913548e-15 -5.494346466057235010e-16 4.303098168593149489e-16 -8.077737594034317527e-16 2.641206038113387180e-15 3.830465917524489837e-15
2.901375924390321994e-14 3.659415967092617543e-14 -1.314860388017701724e-14 5.786695005620732607e-15 3.235927954915591173e-14 1.523697658900791902e-14 -9.810898422777305138e-15 -6.197608439251914159e-15 -1.404766243013183318e-14 7.549423007169614171e-15 7.284778787274464507e-15 1.253492547098416509e-14 8.043040125736272886e-15 1.510011752815071694e-14 3.693932293916837371e-14 7.809204097081015560e-14 3.306364921608014632e-14 9.526446719740085136e-15 1.092036551251462155e-14 5.970578993916942357e-15 2.080324755342327946e-15 -1.855432383021833680e-15 -4.315412319910944726e-16 2.153365313786620480e-15 1.938507134806959959e-15 6.840807995149757688e-17
-4.768730993196460428e-14 -1.219736749471158702e-14 3.524630089737705156e-15 -9.110203046572329797e-15 -8.161166851513016106e-15 -6.913096921765204881e-15 -1.228982098866526590e-14 -8.512540382737617135e-15 -9.605763814203237291e-15 1.258301595231943076e-14 7.681261398910316698e-15 2.804867424464624390e-15 -2.415026271000004260e-15 1.090808019494272348e-15 1.357024496055466634e-14 3.306364921608014632e-14 6.005757813471837657e-14 2.753524447806693708e-14 1.724517336210398071e-14 1.119072772216513045e-14 5.039637226129990087e-15 -3.079418462440970854e-15 -2.973724251123799171e-15 1.473967069741908183e-16 1.853815010767102473e-15 3.465939402828762101e-16
-9.811100143113162007e-14 -4.537091564522423377e-14 -1.722117492936205730e-14 -4.259801672264847754e-14 -3.853481796552257346e-14 -3.449134242071255720e-14 -2.130845801648699995e-14 -1.258926796516369803e-14 -7.247335236390528286e-15 -5.312296159924838774e-15 1.624362672661719783e-15 -5.016006338472085980e-15 -2.319781638973469996e-15 -2.674874146964034943e-15 2.897464306870458986e-15 9.526446719740085136e-15 2.753524447806693708e-14 5.012519388723216713e-14 2.570463060981463152e-14 1.316802158108490487e-14 9.730416743838730333e-15 -4.617640269552919373e-16 1.220017696702902867e-15 4.265964345207063769e-15 1.325613140580707220e-15 -2.619656680122555319e-15
-7.973276347804665979e-14 -5.942909476262199479e-14 -1.236613655635233522e-15 -8.938611874680322765e-15 -1.885919421920747041e-14 -1.199924157724216616e-14 -2.040341527605840974e-14 -3.817430685245796499e-15 8.614887688603542127e-15 3.605841456444723777e-15 6.089833957820875753e-15 -1.421546874363742034e-15 -2.625955979826093750e-15 8.687801598878972045e-15 1.107723176925024137e-14 1.092036551251462155e-14 1.724517336210398071e-14 2.570463060981463152e-14 4.960669826279918216e-14 3.313002626995817454e-14 2.041434301417562435e-14 7.184068722711064307e-15 1.785947790079853001e-15 4.864583219442574778e-16 -3.258276907044840993e-15 -2.766985867911411450e-15
-7.141555503168600450e-14 -5.152187068794672782e-14 3.643375304130073882e-14 5.559282449398586877e-15 -1.908302721177042327e-14 -8.851022402646057561e-15 2.906807167240893224e-16 -2.804307469260214691e-16 1.215919430697567757e-15 2.620768223338384912e-15 3.995853747928413942e-15 1.893705338436204948e-15 -4.277642901206150276e-15 1.224890682606790966e-14 1.249957866339787213e-14 5.970578993916942357e-15 1.119072772216513045e-14 1.316802158108490487e-14 3.313002626995817454e-14 6.038509339612576074e-14 3.495975530751556617e-14 1.431921722523466452e-14 -1.997501580152781628e-16 -5.083790287326923985e-15 -3.962712420781832562e-15 -4.983698130706123642e-16
5.145590010223509200e-16 -3.755695333842021691e-14 2.862560526509390146e-14 8.422788477617682685e-15 -9.395806375081347127e-15 -2.035945948028465316e-14 -1.375748373410151324e-14 -2.885015505303678031e-15 8.967399161956076743e-15 -5.686616761415538998e-15 5.275422024430384515e-15 8.324376048785604359e-15 1.258845142032396014e-15 1.328617142000508109e-14 9.713547527004913548e-15 2.080324755342327946e-15 5.039637226129990087e-15 9.730416743838730333e-15 2.041434301417562435e-14 3.495975530751556617e-14 4.994971717704966806e-14 1.827589449526155515e-14 1.832422748668337516e-15 -6.566277564008580441e-15 -3.994370171570671987e-15 -3.454539923695400508e-16
-3.222680428861818528e-14 -5.071690593861962193e-14 -3.605933732652525785e-15 1.503741236262822609e-14 3.544847532028328681e-15 -3.183410327058314938e-15 -3.823169706546506795e-15 1.089319079248974093e-14 8.566379858012816980e-15 4.027117003924918662e-15 1.053509032829880776e-14 1.291735905640728200e-14 3.574915010861717958e-15 1.812003125422725798e-15 -5.494346466057235010e-16 -1.855432383021833680e-15 -3.079418462440970854e-15 -4.617640269552919373e-16 7.184068722711064307e-15 1.431921722523466452e-14 1.827589449526155515e-14 3.310337115185446007e-14 1.109703907180492749e-14 -1.020780207646199548e-15 -4.933234934668023463e-15 4.759162904077179547e-16
-6.065231026297841971e-14 -2.126271136084697164e-14 -2.900550833013866928e-14 -8.932280027922609807e-15 1.171947891362031331e-14 -3.760867509437181081e-14 1.046012927154411394e-14 5.352806603478042098e-15 4.111458433359596329e-15 -1.334461415535627222e-15 1.130011904756209526e-14 3.381010078488644342e-15 3.632754074041865883e-15 7.898804629683963623e-17 4.303098168593149489e-16 -4.315412319910944726e-16 -2.973724251123799171e-15 1.220017696702902867e-15 1.785947790079853001e-15 -1.997501580152781628e-16 1.832422748668337516e-15 1.109703907180492749e-14 2.865701869657981290e-14 1.477037225019754401e-14 2.381527901667337445e-15 -1.987882760650402569e-15
-2.939522900549743950e-14 1.659863031143009007e-14 -2.001995022329721356e-14 3.044775971695900749e-15 1.628937340383977892e-14 -2.306359282703763483e-14 1.450572232696518084e-14 -3.727596627278306698e-15 -9.309695255323815430e-15 3.085498224131252008e-15 5.065954247357824225e-15 2.097541803004846063e-16 1.681648650091688581e-15 -3.835458176363742246e-15 -8.077737594034317527e-16 2.153365313786620480e-15 1.473967069741908183e-16 4.265964345207063769e-15 4.864583219442574778e-16 -5.083790287326923985e-15 -6.566277564008580441e-15 -1.020780207646199548e-15 1.477037225019754401e-14 2.684795041613362574e-14 1.151855394905618577e-14 -1.567957535590566707e-15
-5.387625862120744765e-15 4.410114695611435330e-14 -1.477595816170437178e-14 2.948921859314289702e-14 9.511843315477191975e-15 1.424151770271733941e-15 5.344423594119763286e-15 4.604725143049942418e-15 -3.759780173615434427e-15 6.112542321479171882e-15 4.092877744798117054e-15 -1.593190288707872961e-15 1.552838586392582529e-15 2.934436763081345328e-15 2.641206038113387180e-15 1.938507134806959959e-15 1.853815010767102473e-15 1.325613140580707220e-15 -3.258276907044840993e-15 -3.962712420781832562e-15 -3.994370171570671987e-15 -4.933234934668023463e-15 2.381527901667337445e-15 1.151855394905618577e-14 2.037257309211520890e-14 6.614961357252315684e-15
1.436020367270881685e-14 7.175735766689094077e-15 -2.925171783147463658e-14 2.185192454223116081e-14 4.055536690977495130e-15 1.265340751362271305e-14 -8.700066932010467972e-15 1.646617889351320770e-15 -3.386050679653350600e-15 2.542739019237558595e-15 3.441032595200054881e-15 2.422361472993712061e-15 3.334119662298447115e-15 5.245641560967602087e-15 3.830465917524489837e-15 6.840807995149757688e-17 3.465939402828762101e-16 -2.619656680122555319e-15 -2.766985867911411450e-15 -4.983698130706123642e-16 -3.454539923695400508e-16 4.759162904077179547e-16 -1.987882760650402569e-15 -1.567957535590566707e-15 6.614961357252315684e-15 1.801576820248683037e-14
