9.111902090581074482e-12 -2.655829048176048231e-13 4.042927961586487011e-13 4.450714251031271227e-13 -1.551143934240549114e-13 -3.848376060408345640e-13 3.950274415819919491e-14 1.111821994801119434e-13 -1.422878582441815681e-13 8.741372155820030744e-14 6.041682148385035513e-14 2.697324016055993153e-14 1.410656751552700163e-13 1.789182370823075427e-13 1.189009748479468820e-13 8.503037253010556771e-14 6.527980671254205598e-14 6.381681684264576224e-14 -1.216606948191838764e-14 1.040858642361821037e-13 1.518749601335547861e-13 -1.867674799994055853e-14 -1.367846524442331196e-14 1.481516008779179955e-15 4.502189912635250668e-14 -4.056154088632913028e-15
-2.655829048176048231e-13 5.802132887872933336e-12 3.894851287947544238e-13 -1.025546856925804551e-13 -2.271519830069113357e-14 3.636487031492112055e-14 1.120223501070474672e-14 4.471568664763360314e-14 -7.052677203012546598e-14 1.062095422716991857e-13 -8.033094631699159074e-14 -7.042909661605233605e-14 -2.945710676097571851e-14 7.010316137769807346e-14 3.490811348073621403e-14 -2.506168438922955487e-14 -8.491340148023339018e-15 3.802792884802684001e-14 4.717621215171728814e-15 -3.501391751567114752e-15 -5.103446647830432949e-14 -4.976262609307981997e-14 -9.029109441014822031e-15 1.559442976917176360e-15 4.844200534131331624e-15 1.190749517501343943e-14
4.042927961586487011e-13 3.894851287947544238e-13 4.470849562057778085e-12 5.521807649925975142e-13 3.782156852415903472e-13 -2.510483069285589729e-13 2.882634872463651710e-14 -2.915116750793176486e-14 -1.355188212062655092e-13 -3.508126690644840420e-14 1.144952494905050096e-13 2.214856658615316468e-15 -8.798659178260506232e-14 4.442886759132599010e-14 3.368073839273548818e-14 -3.112075182368117637e-14 -4.510671086495482775e-14 7.557405051413133846e-15 -5.207153570557454915e-14 -6.896120900915338070e-14 -3.043546143430415515e-15 4.923594262297168501e-14 7.176509622458259637e-14 5.084478952489655124e-14 -1.220267018168432365e-15 -7.878284395331129783e-15
4.450714251031271227e-13 -1.025546856925804551e-13 5.521807649925975142e-13 2.330086556227250969e-12 2.154047642553414983e-13 2.159747117216164618e-14 1.644161666217915920e-13 7.685801206196470061e-14 -6.534326803259319015e-14 -2.143659426149549957e-14 7.600996892394138439e-14 6.553466372814169214e-15 -5.086440988995128324e-14 8.308367476290514329e-15 3.944691406366945467e-14 -1.743468441732083936e-14 -5.639698928633894299e-14 -6.074553748971151699e-14 2.596618672538232755e-15 1.605869409720197494e-14 1.582022729697464506e-14 -1.356921166159205813e-15 1.940209554280823387e-14 4.371380614250567797e-14 2.793651780243139337e-14 3.514322010773345582e-14
-1.551143934240549114e-13 -2.271519830069113357e-14 3.782156852415903472e-13 2.154047642553414983e-13 1.844534397467084645e-12 -3.263835843160284623e-14 5.108924113395470729e-14 -1.112990751900915589e-13 3.421632430150611910e-14 -1.565621468188530459e-14 3.343638421341469490e-14 3.951544531202151568e-14 1.300250440245588509e-14 -2.413884745976450868e-15 -2.420104369235904222e-15 -1.141699155031564916e-14 6.375149424424228145e-15 1.199343327062230231e-14 -1.103570667775950508e-14 3.412225236862279461e-14 3.743947962525311152e-14 2.338679865599439857e-14 3.800146018036820989e-14 9.064658115908781423e-17 -2.390640959696092791e-14 1.628672058286264015e-14
-3.848376060408345640e-13 3.636487031492112055e-14 -2.510483069285589729e-13 2.159747117216164618e-14 -3.263835843160284623e-14 1.014638917749145374e-12 9.378491208046206237e-14 -1.503890156934847228e-14 5.308144422055713913e-14 7.402936038270472588e-14 3.801490308486395338e-14 3.165658408196250667e-14 3.492245288754930852e-14 2.004273844268574779e-14 1.756235170494262081e-17 -1.034587132255112409e-14 7.336639314459884451e-15 1.288134549497708456e-15 2.920289847356209981e-14 1.041074782308281261e-14 -4.197669535227870672e-15 -2.411676064883210417e-14 -2.846517202600571705e-14 1.521804596048919669e-14 -1.632784317225785530e-15 7.554765973239665791e-15
3.950274415819919491e-14 1.120223501070474672e-14 2.882634872463651710e-14 1.644161666217915920e-13 5.108924113395470729e-14 9.378491208046206237e-14 8.622987249088978920e-13 9.076949997701833876e-14 -1.885309407205692611e-14 4.210393471447626671e-14 2.964239458859916449e-16 3.119697317316512727e-14 1.320445259219804076e-14 3.632392382714430349e-14 5.071449141336553777e-15 1.519664725763636628e-14 2.362176617482492608e-14 6.694438898829911189e-15 -2.267278715938558965e-15 -8.292685019693812681e-15 -2.116330314826407528e-14 -8.390675023773291521e-15 6.931929226889859036e-15 1.830497106504476818e-14 -9.001266820443422076e-15 1.071971544549825777e-14
1.111821994801119434e-13 4.471568664763360314e-14 -2.915116750793176486e-14 7.685801206196470061e-14 -1.112990751900915589e-13 -1.503890156934847228e-14 9.076949997701833876e-14 5.998091054002231142e-13 5.706482727176445041e-15 1.903386032723077278e-14 -7.676417013310918592e-15 -6.159833885368042581e-14 -6.538276791797705930e-14 -1.877404017937497292e-14 -1.484027554548861082e-14 7.689038968562734272e-15 2.267403661005890913e-14 1.650394610446750608e-15 5.423900919155151537e-15 1.331804743104364405e-14 9.139677089402108884e-16 2.727534814086485946e-15 -2.671098286641520019e-15 -8.366827897532703315e-15 -9.639620969748037097e-15 -7.066042308295133843e-15
-1.422878582441815681e-13 -7.052677203012546598e-14 -1.355188212062655092e-13 -6.534326803259319015e-14 3.421632430150611910e-14 5.308144422055713913e-14 -1.885309407205692611e-14 5.706482727176445041e-15 4.082646949806053443e-13 6.957243903458993186e-14 3.013674709564796187e-14 2.949721165395222078e-14 3.038854882089254538e-14 1.656318390459417954e-14 1.888737341224554942e-14 1.054647760128147435e-14 3.072377828540322978e-15 -2.303746682381459271e-15 1.907728764086295235e-14 1.713251392701352928e-14 1.910600152572655013e-14 1.644532945715281190e-14 -2.517810495712678334e-15 -2.054410528853164706e-16 1.113659521804232297e-14 5.564534538158293470e-15
8.741372155820030744e-14 1.062095422716991857e-13 -3.508126690644840420e-14 -2.143659426149549957e-14 -1.565621468188530459e-14 7.402936038270472588e-14 4.210393471447626671e-14 1.903386032723077278e-14 6.957243903458993186e-14 2.944418627267054170e-13 6.449007955555736552e-14 5.172569956813752508e-14 3.212121082996289615e-14 4.070383436634171296e-14 3.938010054199427447e-14 4.555128024925727055e-15 3.293903768761791549e-14 1.726175432185295865e-14 8.724290406494919359e-15 1.837524033580583317e-14 3.574577900530593545e-15 1.222009005567386523e-15 -1.477803931009595304e-14 -5.503069693183455045e-15 1.163540526599984524e-15 1.945876513818275925e-14
6.041682148385035513e-14 -8.033094631699159074e-14 1.144952494905050096e-13 7.600996892394138439e-14 3.343638421341469490e-14 3.801490308486395338e-14 2.964239458859916449e-16 -7.676417013310918592e-15 3.013674709564796187e-14 6.449007955555736552e-14 1.972151998712347495e-13 7.230784810725662663e-14 1.988139722838195683e-14 6.218730720626237868e-15 9.810473978963791281e-15 -8.667803134459832606e-16 4.022268587974232843e-15 -1.590698613409087494e-15 1.219526241598456827e-15 7.738624363760345629e-15 2.650132373524160659e-15 3.548802233854140479e-15 -1.305480509279009306e-15 7.761684817919315716e-15 8.416022441369631534e-15 8.009012903480485694e-15
2.697324016055993153e-14 -7.042909661605233605e-14 2.214856658615316468e-15 6.553466372814169214e-15 3.951544531202151568e-14 3.165658408196250667e-14 3.119697317316512727e-14 -6.159833885368042581e-14 2.949721165395222078e-14 5.172569956813752508e-14 7.230784810725662663e-14 2.167850242262845012e-13 8.385256678913196654e-14 4.335630480444937785e-14 4.615669242986380451e-14 1.500285658637870642e-14 1.574273509335357076e-15 1.214371608553471433e-15 1.401081452517790485e-14 5.884486377473985494e-15 1.567877104719283332e-14 9.874065915479848979e-15 -6.830486878113759476e-15 -6.398543031121820440e-16 -5.467500515375335782e-15 -5.200678064711557631e-16
1.410656751552700163e-13 -2.945710676097571851e-14 -8.798659178260506232e-14 -5.086440988995128324e-14 1.300250440245588509e-14 3.492245288754930852e-14 1.320445259219804076e-14 -6.538276791797705930e-14 3.038854882089254538e-14 3.212121082996289615e-14 1.988139722838195683e-14 8.385256678913196654e-14 1.435772103689431924e-13 6.319225747334105226e-14 3.510884632303391567e-14 1.839347227824747042e-14 5.132041300537259467e-15 6.478068413455771112e-15 5.543877023193899222e-15 8.840456861984578260e-15 1.433472326228617467e-14 4.717279345630050708e-15 3.735871428691338346e-17 -4.209456618425140362e-15 -4.961307461372995656e-15 -4.461432329380932703e-15
1.789182370823075427e-13 7.010316137769807346e-14 4.442886759132599010e-14 8.308367476290514329e-15 -2.413884745976450868e-15 2.004273844268574779e-14 3.632392382714430349e-14 -1.877404017937497292e-14 1.656318390459417954e-14 4.070383436634171296e-14 6.218730720626237868e-15 4.335630480444937785e-14 6.319225747334105226e-14 1.466004838438687911e-13 7.687059614367397282e-14 3.391338958926745224e-14 2.875514269663916460e-14 1.417794763014407400e-14 3.924865267822780464e-15 5.744037914468836022e-15 8.420195545615902213e-15 -1.888857767323320103e-15 1.843201055518748299e-17 2.550020046987415105e-15 2.165581208257934952e-15 -1.665150171227064430e-16
1.189009748479468820e-13 3.490811348073621403e-14 3.368073839273548818e-14 3.944691406366945467e-14 -2.420104369235904222e-15 1.756235170494262081e-17 5.071449141336553777e-15 -1.484027554548861082e-14 1.888737341224554942e-14 3.938010054199427447e-14 9.810473978963791281e-15 4.615669242986380451e-14 3.510884632303391567e-14 7.687059614367397282e-14 1.310912794637924833e-13 6.364843419916251683e-14 4.249573463635967823e-14 2.203936438303812822e-14 1.774322622416192766e-14 1.429177592064207325e-14 1.576272821481823933e-14 2.067451864531997380e-15 8.160072573464463726e-16 4.319266692556643248e-15 5.931004546662192549e-15 4.496808178853901194e-15
8.503037253010556771e-14 -2.506168438922955487e-14 -3.112075182368117637e-14 -1.743468441732083936e-14 -1.141699155031564916e-14 -1.034587132255112409e-14 1.519664725763636628e-14 7.689038968562734272e-15 1.054647760128147435e-14 4.555128024925727055e-15 -8.667803134459832606e-16 1.500285658637870642e-14 1.839347227824747042e-14 3.391338958926745224e-14 6.364843419916251683e-14 9.225883765264161962e-14 4.766460114888900822e-14 2.449837901896284482e-14 2.027448951555959457e-14 1.652007538930081923e-14 1.037927093299469365e-14 9.530175464635841893e-16 -1.735160989179342672e-15 -2.558883583748243034e-15 4.918719011596376560e-15 8.287938022452816545e-16
6.527980671254205598e-14 -8.491340148023339018e-15 -4.510671086495482775e-14 -5.639698928633894299e-14 6.375149424424228145e-15 7.336639314459884451e-15 2.362176617482492608e-14 2.267403661005890913e-14 3.072377828540322978e-15 3.293903768761791549e-14 4.022268587974232843e-15 1.574273509335357076e-15 5.132041300537259467e-15 2.875514269663916460e-14 4.249573463635967823e-14 4.766460114888900822e-14 9.202856336097349858e-14 4.448251573076353220e-14 2.778153459965932015e-14 2.725195108196583468e-14 7.164389324162324944e-15 1.432015679332003565e-16 8.418502661931359123e-17 2.047252601556351383e-15 3.119998229841789347e-15 5.152123644442472480e-15
6.381681684264576224e-14 3.802792884802684001e-14 7.557405051413133846e-15 -6.074553748971151699e-14 1.199343327062230231e-14 1.288134549497708456e-15 6.694438898829911189e-15 1.650394610446750608e-15 -2.303746682381459271e-15 1.726175432185295865e-14 -1.590698613409087494e-15 1.214371608553471433e-15 6.478068413455771112e-15 1.417794763014407400e-14 2.203936438303812822e-14 2.449837901896284482e-14 4.448251573076353220e-14 7.967864013742146270e-14 5.319627509777762892e-14 3.818190755624023693e-14 2.068787667838248354e-14 1.846783129259910650e-15 -8.761499899447818564e-16 -5.900974373396198764e-16 -4.083599129740414760e-15 1.442034249367421422e-15
-1.216606948191838764e-14 4.717621215171728814e-15 -5.207153570557454915e-14 2.596618672538232755e-15 -1.103570667775950508e-14 2.920289847356209981e-14 -2.267278715938558965e-15 5.423900919155151537e-15 1.907728764086295235e-14 8.724290406494919359e-15 1.219526241598456827e-15 1.401081452517790485e-14 5.543877023193899222e-15 3.924865267822780464e-15 1.774322622416192766e-14 2.027448951555959457e-14 2.778153459965932015e-14 5.319627509777762892e-14 9.391491731898132705e-14 6.060922940790014523e-14 2.732476411104863236e-14 3.849463786538237890e-15 -1.447687451394563620e-15 2.767230214126764271e-15 -3.405723984493592046e-15 -1.602168631881718639e-15
1.040858642361821037e-13 -3.501391751567114752e-15 -6.896120900915338070e-14 1.605869409720197494e-14 3.412225236862279461e-14 1.041074782308281261e-14 -8.292685019693812681e-15 1.331804743104364405e-14 1.713251392701352928e-14 1.837524033580583317e-14 7.738624363760345629e-15 5.884486377473985494e-15 8.840456861984578260e-15 5.744037914468836022e-15 1.429177592064207325e-14 1.652007538930081923e-14 2.725195108196583468e-14 3.818190755624023693e-14 6.060922940790014523e-14 9.288545224895605211e-14 4.970276481342506818e-14 1.179289558994567785e-14 2.335090538057355618e-15 7.385243410054255835e-17 2.582675705171397363e-15 4.169835753971408116e-15
1.518749601335547861e-13 -5.103446647830432949e-14 -3.043546143430415515e-15 1.582022729697464506e-14 3.743947962525311152e-14 -4.197669535227870672e-15 -2.116330314826407528e-14 9.139677089402108884e-16 1.910600152572655013e-14 3.574577900530593545e-15 2.650132373524160659e-15 1.567877104719283332e-14 1.433472326228617467e-14 8.420195545615902213e-15 1.576272821481823933e-14 1.037927093299469365e-14 7.164389324162324944e-15 2.068787667838248354e-14 2.732476411104863236e-14 4.970276481342506818e-14 7.071615829458461623e-14 2.995791338933005937e-14 7.730279204082922379e-15 -1.986957345986794716e-15 -6.940579853244461882e-17 -2.902071832926683727e-15
-1.867674799994055853e-14 -4.976262609307981997e-14 4.923594262297168501e-14 -1.356921166159205813e-15 2.338679865599439857e-14 -2.411676064883210417e-14 -8.390675023773291521e-15 2.727534814086485946e-15 1.644532945715281190e-14 1.222009005567386523e-15 3.548802233854140479e-15 9.874065915479848979e-15 4.717279345630050708e-15 -1.888857767323320103e-15 2.067451864531997380e-15 9.530175464635841893e-16 1.432015679332003565e-16 1.846783129259910650e-15 3.849463786538237890e-15 1.179289558994567785e-14 2.995791338933005937e-14 4.958601265908469574e-14 1.754110855210319255e-14 1.010232806950468190e-15 -1.650201290539021495e-16 -1.466500802693435320e-15
-1.367846524442331196e-14 -9.029109441014822031e-15 7.176509622458259637e-14 1.940209554280823387e-14 3.800146018036820989e-14 -2.846517202600571705e-14 6.931929226889859036e-15 -2.671098286641520019e-15 -2.517810495712678334e-15 -1.477803931009595304e-14 -1.305480509279009306e-15 -6.830486878113759476e-15 3.735871428691338346e-17 1.843201055518748299e-17 8.160072573464463726e-16 -1.735160989179342672e-15 8.418502661931359123e-17 -8.761499899447818564e-16 -1.447687451394563620e-15 2.335090538057355618e-15 7.730279204082922379e-15 1.754110855210319255e-14 3.645413126409619136e-14 1.511435773470977190e-14 5.671661997214806649e-15 4.394526386548503091e-15
1.481516008779179955e-15 1.559442976917176360e-15 5.084478952489655124e-14 4.371380614250567797e-14 9.064658115908781423e-17 1.521804596048919669e-14 1.830497106504476818e-14 -8.366827897532703315e-15 -2.054410528853164706e-16 -5.503069693183455045e-15 7.761684817919315716e-15 -6.398543031121820440e-16 -4.209456618425140362e-15 2.550020046987415105e-15 4.319266692556643248e-15 -2.558883583748243034e-15 2.047252601556351383e-15 -5.900974373396198764e-16 2.767230214126764271e-15 7.385243410054255835e-17 -1.986957345986794716e-15 1.010232806950468190e-15 1.511435773470977190e-14 3.907606453814568555e-14 2.107287928927774055e-14 7.063532631526779678e-15
4.502189912635250668e-14 4.844200534131331624e-15 -1.220267018168432365e-15 2.793651780243139337e-14 -2.390640959696092791e-14 -1.632784317225785530e-15 -9.001266820443422076e-15 -9.639620969748037097e-15 1.113659521804232297e-14 1.163540526599984524e-15 8.416022441369631534e-15 -5.467500515375335782e-15 -4.961307461372995656e-15 2.165581208257934952e-15 5.931004546662192549e-15 4.918719011596376560e-15 3.119998229841789347e-15 -4.083599129740414760e-15 -3.405723984493592046e-15 2.582675705171397363e-15 -6.940579853244461882e-17 -1.650201290539021495e-16 5.671661997214806649e-15 2.107287928927774055e-14 4.163854322623202024e-14 1.893803015654053941e-14
-4.056154088632913028e-15 1.190749517501343943e-14 -7.878284395331129783e-15 3.514322010773345582e-14 1.628672058286264015e-14 7.554765973239665791e-15 1.071971544549825777e-14 -7.066042308295133843e-15 5.564534538158293470e-15 1.945876513818275925e-14 8.009012903480485694e-15 -5.200678064711557631e-16 -4.461432329380932703e-15 -1.665150171227064430e-16 4.496808178853901194e-15 8.287938022452816545e-16 5.152123644442472480e-15 1.442034249367421422e-15 -1.602168631881718639e-15 4.169835753971408116e-15 -2.902071832926683727e-15 -1.466500802693435320e-15 4.394526386548503091e-15 7.063532631526779678e-15 1.893803015654053941e-14 4.086311305706820173e-14
