7.480323782186831056e-12 7.085540413894150069e-13 2.458303333277582089e-13 7.514509757424332490e-14 3.203073123256162903e-13 1.565888176824452068e-13 2.106439838758457272e-13 7.968979891749364761e-14 1.128156635590690026e-13 -1.682697895308788073e-13 5.906952695245475781e-14 1.473506004009490854e-13 7.957538583639512127e-15 1.232110775821685325e-14 5.915540775992138267e-14 2.901375924390316945e-14 -4.768730993196451593e-14 -9.811100143113111520e-14 -7.973276347804417330e-14 -7.141555503168320247e-14 5.145590010264303170e-16 -3.222680428862265970e-14 -6.065231026297587011e-14 -2.939522900549225826e-14 -5.387625862119122867e-15 1.436020367271231624e-14
7.085540413894150069e-13 4.544532594771843419e-12 3.240168688217562789e-13 1.214474243606519959e-13 1.505375667180832741e-13 -1.331125425796393265e-13 -1.497632474867026479e-14 -1.050611769416930237e-13 -4.463197353382156202e-14 3.965912386544954729e-14 6.295299430775168156e-14 6.686141872762862923e-15 -3.639262434367831868e-16 6.754423689286234806e-14 5.218747636864164582e-14 3.659415967092332291e-14 -1.219736749471585792e-14 -4.537091564522633530e-14 -5.942909476261618878e-14 -5.152187068794339567e-14 -3.755695333841617163e-14 -5.071690593862588864e-14 -2.126271136084580413e-14 1.659863031142421464e-14 4.410114695611184156e-14 7.175735766683901795e-15
2.458303333277582089e-13 3.240168688217562789e-13 3.714427387192233542e-12 2.783799319165818931e-13 -3.186785858079932255e-14 2.718506428785720375e-14 -5.433276656511593432e-14 8.952619177383028638e-14 5.766985416586322737e-14 1.566289726949217263e-13 -2.904233589168897255e-14 -2.503069010830773762e-14 -4.017450680710743825e-14 -5.059743514858715300e-14 -2.507481833841822441e-14 -1.314860388017728229e-14 3.524630089738616685e-15 -1.722117492936602685e-14 -1.236613655630170416e-15 3.643375304130246801e-14 2.862560526509412234e-14 -3.605933732652439799e-15 -2.900550833014097906e-14 -2.001995022329126554e-14 -1.477595816170425188e-14 -2.925171783147300837e-14
7.514509757424332490e-14 1.214474243606519959e-13 2.783799319165818931e-13 2.151650438603932986e-12 2.850438307062680467e-13 2.524706732845857063e-13 6.407738805894614184e-14 5.615220547583510452e-14 -5.434760964749242226e-14 4.373988778055763283e-14 7.659001468097315995e-14 6.910466194003317662e-14 5.611369979211089545e-14 2.488456863105509183e-14 1.054155615016287370e-14 5.786695005618369180e-15 -9.110203046570901959e-15 -4.259801672264767605e-14 -8.938611874676730293e-15 5.559282449401999489e-15 8.422788477618561476e-15 1.503741236262800521e-14 -8.932280027925206737e-15 3.044775971697547891e-15 2.948921859314263196e-14 2.185192454222486570e-14
3.203073123256162903e-13 1.505375667180832741e-13 -3.186785858079932255e-14 2.850438307062680467e-13 1.302038136339520236e-12 1.035252815025741817e-13 -1.659576809395955146e-14 4.831636135452959180e-14 2.398580121794180111e-14 2.719043818794643143e-14 -8.610074501673096553e-15 3.762716968183796827e-14 1.082550338245626977e-14 1.628259676386732487e-14 2.770257332774764456e-14 3.235927954915557725e-14 -8.161166851513088681e-15 -3.853481796552256084e-14 -1.885919421920617983e-14 -1.908302721176690811e-14 -9.395806375082746566e-15 3.544847532027371004e-15 1.171947891362028807e-14 1.628937340383753540e-14 9.511843315478963756e-15 4.055536690978127797e-15
1.565888176824452068e-13 -1.331125425796393265e-13 2.718506428785720375e-14 2.524706732845857063e-13 1.035252815025741817e-13 1.102768925059485657e-12 3.345412966112688781e-14 7.878240834349754269e-14 -2.778766842320155555e-16 1.371718122867513646e-14 -4.132372220071515102e-15 1.101315384357496024e-14 -4.805339875484564245e-15 -1.251141667842054968e-14 -9.678240709460127984e-15 1.523697658900732580e-14 -6.913096921765276668e-15 -3.449134242071075860e-14 -1.199924157724374861e-14 -8.851022402647259785e-15 -2.035945948028494346e-14 -3.183410327058921572e-15 -3.760867509437319920e-14 -2.306359282703777051e-14 1.424151770270142415e-15 1.265340751362611304e-14
2.106439838758457272e-13 -1.497632474867026479e-14 -5.433276656511593432e-14 6.407738805894614184e-14 -1.659576809395955146e-14 3.345412966112688781e-14 7.323357647015814537e-13 1.474769524055065768e-13 7.495460551529090685e-14 3.852208870677088367e-14 -3.432331206847013761e-14 4.092785738180921115e-14 -1.544654962147434256e-14 -7.377282071253531003e-15 -1.664961578586259349e-14 -9.810898422777753211e-15 -1.228982098866536371e-14 -2.130845801648842306e-14 -2.040341527605602738e-14 2.906807167253547539e-16 -1.375748373410124661e-14 -3.823169706547543358e-15 1.046012927154286754e-14 1.450572232696372303e-14 5.344423594119496651e-15 -8.700066932013538219e-15
7.968979891749364761e-14 -1.050611769416930237e-13 8.952619177383028638e-14 5.615220547583510452e-14 4.831636135452959180e-14 7.878240834349754269e-14 1.474769524055065768e-13 3.867173293391249540e-13 7.793656598392515429e-14 4.621733743024563767e-14 1.869242493426358596e-16 2.141834334643479243e-18 1.127460995887088171e-14 9.242602505741481416e-15 3.186025376382979139e-15 -6.197608439252183950e-15 -8.512540382737467251e-15 -1.258926796516430230e-14 -3.817430685244970562e-15 -2.804307469258317974e-16 -2.885015505303868146e-15 1.089319079248818530e-14 5.352806603476445444e-15 -3.727596627276511251e-15 4.604725143050265062e-15 1.646617889351509899e-15
1.128156635590690026e-13 -4.463197353382156202e-14 5.766985416586322737e-14 -5.434760964749242226e-14 2.398580121794180111e-14 -2.778766842320155555e-16 7.495460551529090685e-14 7.793656598392515429e-14 3.183082550489094530e-13 7.540048384075427780e-14 2.620560367216326862e-14 3.369371941264063819e-15 8.293611486846296617e-15 1.342139035461740965e-14 1.121701314183426041e-15 -1.404766243013205880e-14 -9.605763814203563879e-15 -7.247335236390676592e-15 8.614887688603041989e-15 1.215919430697140786e-15 8.967399161954876096e-15 8.566379858011248724e-15 4.111458433359308395e-15 -9.309695255324769951e-15 -3.759780173615331087e-15 -3.386050679651583946e-15
-1.682697895308788073e-13 3.965912386544954729e-14 1.566289726949217263e-13 4.373988778055763283e-14 2.719043818794643143e-14 1.371718122867513646e-14 3.852208870677088367e-14 4.621733743024563767e-14 7.540048384075427780e-14 2.339519045058707635e-13 5.593307629300715156e-14 3.590001169470361771e-14 1.257549372242300725e-14 9.840239587460964408e-15 4.909770801805810646e-15 7.549423007169188186e-15 1.258301595231929508e-14 -5.312296159925575570e-15 3.605841456443811854e-15 2.620768223338177836e-15 -5.686616761417623168e-15 4.027117003924800333e-15 -1.334461415536613693e-15 3.085498224129967348e-15 6.112542321478995967e-15 2.542739019237446182e-15
5.906952695245475781e-14 6.295299430775168156e-14 -2.904233589168897255e-14 7.659001468097315995e-14 -8.610074501673096553e-15 -4.132372220071515102e-15 -3.432331206847013761e-14 1.869242493426358596e-16 2.620560367216326862e-14 5.593307629300715156e-14 1.913021190926375958e-13 6.449332399093300257e-14 2.566091717057152202e-14 2.234415447792320928e-14 2.006216524361082149e-14 7.284778787274540238e-15 7.681261398910742683e-15 1.624362672661793541e-15 6.089833957820927029e-15 3.995853747928596169e-15 5.275422024428982709e-15 1.053509032829820507e-14 1.130011904756204319e-14 5.065954247356883903e-15 4.092877744797216963e-15 3.441032595199723165e-15
1.473506004009490854e-13 6.686141872762862923e-15 -2.503069010830773762e-14 6.910466194003317662e-14 3.762716968183796827e-14 1.101315384357496024e-14 4.092785738180921115e-14 2.141834334643479243e-18 3.369371941264063819e-15 3.590001169470361771e-14 6.449332399093300257e-14 1.372251432934743909e-13 3.869738978715363830e-14 1.603827540739992708e-14 7.138303749410958515e-15 1.253492547098395683e-14 2.804867424464708009e-15 -5.016006338471873776e-15 -1.421546874364289306e-15 1.893705338436024299e-15 8.324376048785981434e-15 1.291735905640708952e-14 3.381010078488584783e-15 2.097541802996406484e-16 -1.593190288707710259e-15 2.422361472993664335e-15
7.957538583639512127e-15 -3.639262434367831868e-16 -4.017450680710743825e-14 5.611369979211089545e-14 1.082550338245626977e-14 -4.805339875484564245e-15 -1.544654962147434256e-14 1.127460995887088171e-14 8.293611486846296617e-15 1.257549372242300725e-14 2.566091717057152202e-14 3.869738978715363830e-14 1.242978268188330360e-13 5.450470282598215020e-14 1.889943881303011760e-14 8.043040125736004673e-15 -2.415026270999985721e-15 -2.319781638973451458e-15 -2.625955979825881152e-15 -4.277642901206165264e-15 1.258845142032585341e-15 3.574915010861452901e-15 3.632754074041906115e-15 1.681648650091265555e-15 1.552838586392764362e-15 3.334119662297625517e-15
1.232110775821685325e-14 6.754423689286234806e-14 -5.059743514858715300e-14 2.488456863105509183e-14 1.628259676386732487e-14 -1.251141667842054968e-14 -7.377282071253531003e-15 9.242602505741481416e-15 1.342139035461740965e-14 9.840239587460964408e-15 2.234415447792320928e-14 1.603827540739992708e-14 5.450470282598215020e-14 1.190120520402860020e-13 5.506303139722428664e-14 1.510011752815007638e-14 1.090808019493885806e-15 -2.674874146963797496e-15 8.687801598878989400e-15 1.224890682606820943e-14 1.328617142000548026e-14 1.812003125423226724e-15 7.898804629716309385e-17 -3.835458176364323636e-15 2.934436763081394632e-15 5.245641560967602876e-15
5.915540775992138267e-14 5.218747636864164582e-14 -2.507481833841822441e-14 1.054155615016287370e-14 2.770257332774764456e-14 -9.678240709460127984e-15 -1.664961578586259349e-14 3.186025376382979139e-15 1.121701314183426041e-15 4.909770801805810646e-15 2.006216524361082149e-14 7.138303749410958515e-15 1.889943881303011760e-14 5.506303139722428664e-14 8.929805694698021514e-14 3.693932293916836109e-14 1.357024496055452276e-14 2.897464306870797801e-15 1.107723176925093557e-14 1.249957866339834860e-14 9.713547527004776286e-15 -5.494346466062623916e-16 4.303098168597155916e-16 -8.077737594041442913e-16 2.641206038114293976e-15 3.830465917523743574e-15
2.901375924390316945e-14 3.659415967092332291e-14 -1.314860388017728229e-14 5.786695005618369180e-15 3.235927954915557725e-14 1.523697658900732580e-14 -9.810898422777753211e-15 -6.197608439252183950e-15 -1.404766243013205880e-14 7.549423007169188186e-15 7.284778787274540238e-15 1.253492547098395683e-14 8.043040125736004673e-15 1.510011752815007638e-14 3.693932293916836109e-14 7.809204097081000413e-14 3.306364921608027885e-14 9.526446719740713069e-15 1.092036551251458211e-14 5.970578993917013355e-15 2.080324755342550799e-15 -1.855432383021886139e-15 -4.315412319910598121e-16 2.153365313785262456e-15 1.938507134807567382e-15 6.840807995118065201e-17
-4.768730993196451593e-14 -1.219736749471585792e-14 3.524630089738616685e-15 -9.110203046570901959e-15 -8.161166851513088681e-15 -6.913096921765276668e-15 -1.228982098866536371e-14 -8.512540382737467251e-15 -9.605763814203563879e-15 1.258301595231929508e-14 7.681261398910742683e-15 2.804867424464708009e-15 -2.415026270999985721e-15 1.090808019493885806e-15 1.357024496055452276e-14 3.306364921608027885e-14 6.005757813471799791e-14 2.753524447806722107e-14 1.724517336210403750e-14 1.119072772216502789e-14 5.039637226129090786e-15 -3.079418462440428117e-15 -2.973724251123960099e-15 1.473967069733086253e-16 1.853815010767407367e-15 3.465939402833298544e-16
-9.811100143113111520e-14 -4.537091564522633530e-14 -1.722117492936602685e-14 -4.259801672264767605e-14 -3.853481796552256084e-14 -3.449134242071075860e-14 -2.130845801648842306e-14 -1.258926796516430230e-14 -7.247335236390676592e-15 -5.312296159925575570e-15 1.624362672661793541e-15 -5.016006338471873776e-15 -2.319781638973451458e-15 -2.674874146963797496e-15 2.897464306870797801e-15 9.526446719740713069e-15 2.753524447806722107e-14 5.012519388723207878e-14 2.570463060981478930e-14 1.316802158108463508e-14 9.730416743838111866e-15 -4.617640269543566441e-16 1.220017696702668970e-15 4.265964345206797923e-15 1.325613140580625179e-15 -2.619656680122248452e-15
-7.973276347804417330e-14 -5.942909476261618878e-14 -1.236613655630170416e-15 -8.938611874676730293e-15 -1.885919421920617983e-14 -1.199924157724374861e-14 -2.040341527605602738e-14 -3.817430685244970562e-15 8.614887688603041989e-15 3.605841456443811854e-15 6.089833957820927029e-15 -1.421546874364289306e-15 -2.625955979825881152e-15 8.687801598878989400e-15 1.107723176925093557e-14 1.092036551251458211e-14 1.724517336210403750e-14 2.570463060981478930e-14 4.960669826280019190e-14 3.313002626995886243e-14 2.041434301417466825e-14 7.184068722711351452e-15 1.785947790079346552e-15 4.864583219443905981e-16 -3.258276907044665866e-15 -2.766985867910819410e-15
-7.141555503168320247e-14 -5.152187068794339567e-14 3.643375304130246801e-14 5.559282449401999489e-15 -1.908302721176690811e-14 -8.851022402647259785e-15 2.906807167253547539e-16 -2.804307469258317974e-16 1.215919430697140786e-15 2.620768223338177836e-15 3.995853747928596169e-15 1.893705338436024299e-15 -4.277642901206165264e-15 1.224890682606820943e-14 1.249957866339834860e-14 5.970578993917013355e-15 1.119072772216502789e-14 1.316802158108463508e-14 3.313002626995886243e-14 6.038509339612607628e-14 3.495975530751478362e-14 1.431921722523519148e-14 -1.997501580156278747e-16 -5.083790287326144590e-15 -3.962712420781877527e-15 -4.983698130700828413e-16
5.145590010264303170e-16 -3.755695333841617163e-14 2.862560526509412234e-14 8.422788477618561476e-15 -9.395806375082746566e-15 -2.035945948028494346e-14 -1.375748373410124661e-14 -2.885015505303868146e-15 8.967399161954876096e-15 -5.686616761417623168e-15 5.275422024428982709e-15 8.324376048785981434e-15 1.258845142032585341e-15 1.328617142000548026e-14 9.713547527004776286e-15 2.080324755342550799e-15 5.039637226129090786e-15 9.730416743838111866e-15 2.041434301417466825e-14 3.495975530751478362e-14 4.994971717704894862e-14 1.827589449526164981e-14 1.832422748668676331e-15 -6.566277564009190231e-15 -3.994370171570776116e-15 -3.454539923698210825e-16
-3.222680428862265970e-14 -5.071690593862588864e-14 -3.605933732652439799e-15 1.503741236262800521e-14 3.544847532027371004e-15 -3.183410327058921572e-15 -3.823169706547543358e-15 1.089319079248818530e-14 8.566379858011248724e-15 4.027117003924800333e-15 1.053509032829820507e-14 1.291735905640708952e-14 3.574915010861452901e-15 1.812003125423226724e-15 -5.494346466062623916e-16 -1.855432383021886139e-15 -3.079418462440428117e-15 -4.617640269543566441e-16 7.184068722711351452e-15 1.431921722523519148e-14 1.827589449526164981e-14 3.310337115185358285e-14 1.109703907180485334e-14 -1.020780207646209211e-15 -4.933234934668616686e-15 4.759162904078857848e-16
-6.065231026297587011e-14 -2.126271136084580413e-14 -2.900550833014097906e-14 -8.932280027925206737e-15 1.171947891362028807e-14 -3.760867509437319920e-14 1.046012927154286754e-14 5.352806603476445444e-15 4.111458433359308395e-15 -1.334461415536613693e-15 1.130011904756204319e-14 3.381010078488584783e-15 3.632754074041906115e-15 7.898804629716309385e-17 4.303098168597155916e-16 -4.315412319910598121e-16 -2.973724251123960099e-15 1.220017696702668970e-15 1.785947790079346552e-15 -1.997501580156278747e-16 1.832422748668676331e-15 1.109703907180485334e-14 2.865701869658027991e-14 1.477037225019733575e-14 2.381527901666522157e-15 -1.987882760651180386e-15
-2.939522900549225826e-14 1.659863031142421464e-14 -2.001995022329126554e-14 3.044775971697547891e-15 1.628937340383753540e-14 -2.306359282703777051e-14 1.450572232696372303e-14 -3.727596627276511251e-15 -9.309695255324769951e-15 3.085498224129967348e-15 5.065954247356883903e-15 2.097541802996406484e-16 1.681648650091265555e-15 -3.835458176364323636e-15 -8.077737594041442913e-16 2.153365313785262456e-15 1.473967069733086253e-16 4.265964345206797923e-15 4.864583219443905981e-16 -5.083790287326144590e-15 -6.566277564009190231e-15 -1.020780207646209211e-15 1.477037225019733575e-14 2.684795041613354685e-14 1.151855394905592702e-14 -1.567957535591504268e-15
-5.387625862119122867e-15 4.410114695611184156e-14 -1.477595816170425188e-14 2.948921859314263196e-14 9.511843315478963756e-15 1.424151770270142415e-15 5.344423594119496651e-15 4.604725143050265062e-15 -3.759780173615331087e-15 6.112542321478995967e-15 4.092877744797216963e-15 -1.593190288707710259e-15 1.552838586392764362e-15 2.934436763081394632e-15 2.641206038114293976e-15 1.938507134807567382e-15 1.853815010767407367e-15 1.325613140580625179e-15 -3.258276907044665866e-15 -3.962712420781877527e-15 -3.994370171570776116e-15 -4.933234934668616686e-15 2.381527901666522157e-15 1.151855394905592702e-14 2.037257309211532566e-14 6.614961357252123202e-15
1.436020367271231624e-14 7.175735766683901795e-15 -2.925171783147300837e-14 2.185192454222486570e-14 4.055536690978127797e-15 1.265340751362611304e-14 -8.700066932013538219e-15 1.646617889351509899e-15 -3.386050679651583946e-15 2.542739019237446182e-15 3.441032595199723165e-15 2.422361472993664335e-15 3.334119662297625517e-15 5.245641560967602876e-15 3.830465917523743574e-15 6.840807995118065201e-17 3.465939402833298544e-16 -2.619656680122248452e-15 -2.766985867910819410e-15 -4.983698130700828413e-16 -3.454539923698210825e-16 4.759162904078857848e-16 -1.987882760651180386e-15 -1.567957535591504268e-15 6.614961357252123202e-15 1.801576820248704809e-14
