1.018377250695822773e-11 4.900903780878493730e-13 6.472076693368382904e-13 4.995545098715347693e-14 -6.895342863635467774e-13 2.325211905983418363e-13 4.099727988327586115e-14 1.961170514768370170e-13 1.873533525251463522e-13 -1.167970165784618055e-13 5.094077212216056543e-14 1.068677646845482139e-14 5.671886484006982951e-14 2.057752141532475321e-14 -7.625990312159549323e-14 -7.028286632711458464e-14 -8.753009414972922270e-14 1.489380598012704098e-14 2.357968484513082599e-14 1.181561806221203900e-14 1.666673125087917317e-15 -8.547854833755731908e-14 -3.150675560504191299e-14 7.445792426601419390e-15 -5.313660333594060763e-14 7.889125720702945124e-16
4.900903780878493730e-13 5.990890823770834453e-12 9.004908595037453554e-13 6.047720838940105777e-13 -2.595272376955582665e-13 1.815551665740104702e-13 -3.316542223619459458e-14 1.107237989161747990e-14 -5.479146063063138197e-14 6.109397353938734773e-14 8.490748984484463969e-14 -8.416225747859501534e-14 -1.801843704798739250e-14 -2.030563196592176880e-14 -1.210129400390913309e-14 7.316602995252805527e-15 1.028338189890303361e-14 -4.182852901740983506e-14 -2.556099033106791294e-14 -3.245543599322593408e-14 -5.554497049256176791e-14 -8.298467977061558777e-14 -1.230784954982191691e-13 -8.542849361133220939e-14 -7.277946054163557315e-14 -5.122603898791426579e-14
6.472076693368382904e-13 9.004908595037453554e-13 3.953119582544210485e-12 -1.373264169369633384e-13 -1.999855064131744217e-13 -3.218157232368686057e-13 2.034802701709549901e-13 1.744157329993471085e-13 -5.406530418162444761e-14 -1.067839114341010818e-15 -9.526621334434834736e-15 -9.492349242315097562e-14 -9.654988585118733611e-15 -2.753192171818038345e-14 -7.109995411123508325e-14 -7.069762276323623234e-14 -7.034893068440179467e-15 -1.847254926871840011e-14 -2.886772050360673945e-14 -3.501656463405192441e-14 5.493352095749388309e-15 -2.747837478481409544e-14 1.087540678773846470e-15 4.528977027809197805e-14 2.284810924305522729e-15 -8.083743152214411557e-15
4.995545098715347693e-14 6.047720838940105777e-13 -1.373264169369633384e-13 2.743431511127816233e-12 5.327286576803659504e-13 4.055466397233489016e-13 2.043729637231954111e-13 6.633155954074635066e-14 -2.305892072068968084e-15 6.809687129378401574e-14 7.213028111430003592e-14 1.191485052534430733e-13 2.934166531765365100e-14 2.026784987119619298e-14 3.969385835051454594e-14 4.993924264371524183e-14 2.946167880976680300e-15 -7.029358179544862591e-15 2.121514436582525603e-15 -2.527600078379487019e-14 -7.777704027192552321e-15 -6.128568343224291074e-15 -2.685925476086943229e-14 -5.496243393497669358e-15 8.504399041098269584e-15 6.621280719716462142e-15
-6.895342863635467774e-13 -2.595272376955582665e-13 -1.999855064131744217e-13 5.327286576803659504e-13 1.839387523390880956e-12 2.892420054606120442e-13 1.392821664557157457e-13 3.460816248663007913e-14 3.189455035624118338e-14 6.444913319114815778e-14 4.042950927591169783e-14 4.919007790713183740e-14 8.877159058406369074e-16 -7.698656928047980167e-16 4.360966877025148680e-14 1.386863667679422023e-14 -2.739713508542638189e-14 -5.404190888635463390e-14 -3.489624554408895145e-15 -9.487384372420086373e-15 -8.045123585350423065e-16 -5.631340206720514190e-16 -5.666856150042930451e-15 -9.214971413948721035e-15 1.266225035518607271e-14 9.228399589145696286e-16
2.325211905983418363e-13 1.815551665740104702e-13 -3.218157232368686057e-13 4.055466397233489016e-13 2.892420054606120442e-13 1.204623668833413640e-12 2.174938923515169962e-13 5.518565108202474395e-14 -1.471837695747724936e-14 4.741806334543123774e-14 2.794198263139398035e-14 3.283444363034985080e-14 3.627612181520887414e-14 -2.199919241040489981e-14 1.200187056062798555e-14 2.473924837024713367e-15 -4.575986703926229904e-14 -4.832606695516330656e-14 -2.174308976252621632e-14 -1.449612074763438051e-14 -5.936945329222581144e-15 -2.475136651977446974e-14 -3.166594725139939019e-14 -1.818152636719325114e-14 -3.339577634108373944e-15 -3.810617173808357858e-15
4.099727988327586115e-14 -3.316542223619459458e-14 2.034802701709549901e-13 2.043729637231954111e-13 1.392821664557157457e-13 2.174938923515169962e-13 9.712845752242835737e-13 1.981636808454511154e-13 -1.096895444229770774e-15 4.307613064418069181e-14 2.790727495190841336e-14 2.142260954712750946e-15 -2.251310311840406177e-14 -2.875435389281318213e-15 -1.468658483158823065e-15 -2.138335138310115620e-14 -3.319242891822186320e-14 -1.122231842652073133e-14 -7.599858545561996999e-15 -2.672650337690104681e-14 -3.664901865433497874e-14 -2.844251378348073365e-14 -2.325671035134907436e-15 1.763314942548967110e-14 -1.357823625867551143e-14 -1.548000926397515431e-14
1.961170514768370170e-13 1.107237989161747990e-14 1.744157329993471085e-13 6.633155954074635066e-14 3.460816248663007913e-14 5.518565108202474395e-14 1.981636808454511154e-13 5.084938856306069644e-13 9.472262157502390073e-14 2.634499368858388728e-15 4.244842363076607835e-14 1.323688200929340651e-14 -2.897653672671908361e-15 7.410513714480834774e-15 1.284296382819540341e-14 -1.599335343230026832e-14 -2.251260146900449259e-14 -1.113217588962797490e-14 1.523363015455030764e-15 -5.387527979233320849e-15 1.006103134036023242e-14 -1.031791855009187518e-14 4.604879018627399551e-15 1.690716294618858881e-14 4.179072155988015044e-15 1.353281427517989255e-14
1.873533525251463522e-13 -5.479146063063138197e-14 -5.406530418162444761e-14 -2.305892072068968084e-15 3.189455035624118338e-14 -1.471837695747724936e-14 -1.096895444229770774e-15 9.472262157502390073e-14 3.727751841256070141e-13 3.384330791093202030e-14 2.953862702974809055e-14 2.481148326087704769e-14 1.760558483100678050e-14 1.219911412798695436e-14 1.305563942364207868e-14 4.179363340038112557e-15 7.236211573993625502e-15 3.371054595045793949e-15 1.742980117255207303e-14 1.177264891140340042e-14 9.246247569343081170e-15 -6.163695211936361274e-15 6.500390656359866418e-16 1.153120855488018952e-14 -4.769746337601100530e-15 4.882705299961655910e-15
-1.167970165784618055e-13 6.109397353938734773e-14 -1.067839114341010818e-15 6.809687129378401574e-14 6.444913319114815778e-14 4.741806334543123774e-14 4.307613064418069181e-14 2.634499368858388728e-15 3.384330791093202030e-14 3.187131248775261245e-13 4.631613316157534312e-14 1.786867057538168957e-14 7.734521721836131136e-15 -1.207166947870737418e-14 -1.623072696664065232e-14 -7.715715362635024904e-15 -4.950244441403077215e-15 -2.021079134394442064e-14 -6.496573414628082800e-15 -3.458157060884145350e-15 1.896521943024324630e-15 -6.274830822827679502e-16 -1.151864634687244280e-14 -3.643661717486918136e-15 -1.650040351237411380e-15 -3.384864273991709508e-15
5.094077212216056543e-14 8.490748984484463969e-14 -9.526621334434834736e-15 7.213028111430003592e-14 4.042950927591169783e-14 2.794198263139398035e-14 2.790727495190841336e-14 4.244842363076607835e-14 2.953862702974809055e-14 4.631613316157534312e-14 1.576464575650753696e-13 6.732399577432148317e-14 2.350490489584369827e-14 2.072088394717357374e-14 1.872244038840873710e-14 9.972843315452022773e-15 5.846346039661573104e-16 -8.566312705600530287e-15 9.027617154951754324e-15 6.858065023556923275e-15 5.087513649566805557e-15 7.202564588728140857e-15 4.038050766158529874e-15 5.377394784672469414e-16 -9.349327194023230573e-15 -8.655278525166577417e-15
1.068677646845482139e-14 -8.416225747859501534e-14 -9.492349242315097562e-14 1.191485052534430733e-13 4.919007790713183740e-14 3.283444363034985080e-14 2.142260954712750946e-15 1.323688200929340651e-14 2.481148326087704769e-14 1.786867057538168957e-14 6.732399577432148317e-14 1.916548577276536031e-13 5.948644728943703867e-14 5.330046071946189885e-14 4.638416156222592769e-14 3.177124373449851565e-14 7.854199537935341758e-15 -2.670226268158400948e-15 5.001737046479877458e-15 1.270633219358757169e-14 1.242377303849199118e-14 5.622955880103222564e-15 1.168345309043937383e-14 4.275394130955595616e-15 -3.051253020956902753e-15 -7.449157237513524075e-15
5.671886484006982951e-14 -1.801843704798739250e-14 -9.654988585118733611e-15 2.934166531765365100e-14 8.877159058406369074e-16 3.627612181520887414e-14 -2.251310311840406177e-14 -2.897653672671908361e-15 1.760558483100678050e-14 7.734521721836131136e-15 2.350490489584369827e-14 5.948644728943703867e-14 1.216621666094416841e-13 4.697850225304371137e-14 3.276003966221074778e-14 1.652804595393326045e-14 3.218256590088352106e-16 2.016580761309914167e-15 3.808363232415248759e-15 1.076878336384311972e-14 8.440758366494100795e-15 2.450191479686424844e-15 6.759997608011247178e-16 4.819887179247194798e-15 5.449030360871382116e-15 -3.273396273982065111e-15
2.057752141532475321e-14 -2.030563196592176880e-14 -2.753192171818038345e-14 2.026784987119619298e-14 -7.698656928047980167e-16 -2.199919241040489981e-14 -2.875435389281318213e-15 7.410513714480834774e-15 1.219911412798695436e-14 -1.207166947870737418e-14 2.072088394717357374e-14 5.330046071946189885e-14 4.697850225304371137e-14 1.098564306243334469e-13 5.161426687726659283e-14 3.660241286789662484e-14 1.670637068366640068e-14 1.154161770069845390e-14 6.686413437938125745e-15 1.053797018432250919e-14 4.615528180063638013e-15 5.266910251497225044e-15 1.232499507219221113e-14 9.209694620829386985e-15 1.282415110533215475e-15 -1.075834514395571960e-15
-7.625990312159549323e-14 -1.210129400390913309e-14 -7.109995411123508325e-14 3.969385835051454594e-14 4.360966877025148680e-14 1.200187056062798555e-14 -1.468658483158823065e-15 1.284296382819540341e-14 1.305563942364207868e-14 -1.623072696664065232e-14 1.872244038840873710e-14 4.638416156222592769e-14 3.276003966221074778e-14 5.161426687726659283e-14 1.026504720135752235e-13 4.496125342756856190e-14 1.276110096082462278e-14 7.632815854827211067e-15 1.403555715118863762e-14 1.404849470287669999e-14 1.447046090856541650e-14 1.447285868703645636e-14 1.212619362341433995e-14 7.795889517766303113e-15 2.379429314543484436e-16 -5.970002562810363430e-15
-7.028286632711458464e-14 7.316602995252805527e-15 -7.069762276323623234e-14 4.993924264371524183e-14 1.386863667679422023e-14 2.473924837024713367e-15 -2.138335138310115620e-14 -1.599335343230026832e-14 4.179363340038112557e-15 -7.715715362635024904e-15 9.972843315452022773e-15 3.177124373449851565e-14 1.652804595393326045e-14 3.660241286789662484e-14 4.496125342756856190e-14 9.190173337382915639e-14 4.306834350982506515e-14 2.474621098071633862e-14 1.602754438940838046e-14 1.299157932161012161e-14 2.175731907447583119e-14 2.087019937285547523e-14 9.354600993954469011e-15 -1.987745045496812874e-15 -7.443599203279086374e-15 -5.438522021386287652e-15
-8.753009414972922270e-14 1.028338189890303361e-14 -7.034893068440179467e-15 2.946167880976680300e-15 -2.739713508542638189e-14 -4.575986703926229904e-14 -3.319242891822186320e-14 -2.251260146900449259e-14 7.236211573993625502e-15 -4.950244441403077215e-15 5.846346039661573104e-16 7.854199537935341758e-15 3.218256590088352106e-16 1.670637068366640068e-14 1.276110096082462278e-14 4.306834350982506515e-14 7.314328513536355823e-14 4.122510797188909490e-14 2.499897246419966786e-14 2.219032322135663866e-14 2.329235259722154063e-14 2.343658304186775652e-14 1.475218958184262493e-14 -1.063194918747976451e-16 -6.535061406010984294e-15 -5.337493212959027605e-15
1.489380598012704098e-14 -4.182852901740983506e-14 -1.847254926871840011e-14 -7.029358179544862591e-15 -5.404190888635463390e-14 -4.832606695516330656e-14 -1.122231842652073133e-14 -1.113217588962797490e-14 3.371054595045793949e-15 -2.021079134394442064e-14 -8.566312705600530287e-15 -2.670226268158400948e-15 2.016580761309914167e-15 1.154161770069845390e-14 7.632815854827211067e-15 2.474621098071633862e-14 4.122510797188909490e-14 7.457706655146942914e-14 3.957889952871827888e-14 2.723303963045262130e-14 2.826525986882845530e-14 2.364733428775374149e-14 1.545767069512275470e-14 2.452180825959415582e-15 1.212484252779322390e-15 -8.635538125370661622e-17
2.357968484513082599e-14 -2.556099033106791294e-14 -2.886772050360673945e-14 2.121514436582525603e-15 -3.489624554408895145e-15 -2.174308976252621632e-14 -7.599858545561996999e-15 1.523363015455030764e-15 1.742980117255207303e-14 -6.496573414628082800e-15 9.027617154951754324e-15 5.001737046479877458e-15 3.808363232415248759e-15 6.686413437938125745e-15 1.403555715118863762e-14 1.602754438940838046e-14 2.499897246419966786e-14 3.957889952871827888e-14 5.964458193601157351e-14 4.430629392418239620e-14 3.547339641458990669e-14 2.371471333882666499e-14 1.027498337951908885e-14 3.041532269417745245e-15 4.901480796364492685e-15 1.560997202337206161e-15
1.181561806221203900e-14 -3.245543599322593408e-14 -3.501656463405192441e-14 -2.527600078379487019e-14 -9.487384372420086373e-15 -1.449612074763438051e-14 -2.672650337690104681e-14 -5.387527979233320849e-15 1.177264891140340042e-14 -3.458157060884145350e-15 6.858065023556923275e-15 1.270633219358757169e-14 1.076878336384311972e-14 1.053797018432250919e-14 1.404849470287669999e-14 1.299157932161012161e-14 2.219032322135663866e-14 2.723303963045262130e-14 4.430629392418239620e-14 7.772615690397661132e-14 5.603271997581137725e-14 3.616367913206119822e-14 1.842681034485154829e-14 5.141129631740838573e-15 6.659217628183919722e-15 2.742274311938039453e-15
1.666673125087917317e-15 -5.554497049256176791e-14 5.493352095749388309e-15 -7.777704027192552321e-15 -8.045123585350423065e-16 -5.936945329222581144e-15 -3.664901865433497874e-14 1.006103134036023242e-14 9.246247569343081170e-15 1.896521943024324630e-15 5.087513649566805557e-15 1.242377303849199118e-14 8.440758366494100795e-15 4.615528180063638013e-15 1.447046090856541650e-14 2.175731907447583119e-14 2.329235259722154063e-14 2.826525986882845530e-14 3.547339641458990669e-14 5.603271997581137725e-14 7.705919786385863217e-14 5.010798726200162415e-14 2.995630012585458134e-14 1.044669260382962119e-14 3.995540295237910375e-15 -2.501041965651554292e-15
-8.547854833755731908e-14 -8.298467977061558777e-14 -2.747837478481409544e-14 -6.128568343224291074e-15 -5.631340206720514190e-16 -2.475136651977446974e-14 -2.844251378348073365e-14 -1.031791855009187518e-14 -6.163695211936361274e-15 -6.274830822827679502e-16 7.202564588728140857e-15 5.622955880103222564e-15 2.450191479686424844e-15 5.266910251497225044e-15 1.447285868703645636e-14 2.087019937285547523e-14 2.343658304186775652e-14 2.364733428775374149e-14 2.371471333882666499e-14 3.616367913206119822e-14 5.010798726200162415e-14 7.295433204187245639e-14 4.871531593677617208e-14 2.716538682005991243e-14 9.697427985453466290e-15 -2.302718888883338868e-15
-3.150675560504191299e-14 -1.230784954982191691e-13 1.087540678773846470e-15 -2.685925476086943229e-14 -5.666856150042930451e-15 -3.166594725139939019e-14 -2.325671035134907436e-15 4.604879018627399551e-15 6.500390656359866418e-16 -1.151864634687244280e-14 4.038050766158529874e-15 1.168345309043937383e-14 6.759997608011247178e-16 1.232499507219221113e-14 1.212619362341433995e-14 9.354600993954469011e-15 1.475218958184262493e-14 1.545767069512275470e-14 1.027498337951908885e-14 1.842681034485154829e-14 2.995630012585458134e-14 4.871531593677617208e-14 6.630510124247152206e-14 4.143137091326647186e-14 1.219509836569210633e-14 -2.327056545087941644e-15
7.445792426601419390e-15 -8.542849361133220939e-14 4.528977027809197805e-14 -5.496243393497669358e-15 -9.214971413948721035e-15 -1.818152636719325114e-14 1.763314942548967110e-14 1.690716294618858881e-14 1.153120855488018952e-14 -3.643661717486918136e-15 5.377394784672469414e-16 4.275394130955595616e-15 4.819887179247194798e-15 9.209694620829386985e-15 7.795889517766303113e-15 -1.987745045496812874e-15 -1.063194918747976451e-16 2.452180825959415582e-15 3.041532269417745245e-15 5.141129631740838573e-15 1.044669260382962119e-14 2.716538682005991243e-14 4.143137091326647186e-14 5.289047902537593058e-14 2.097858912992957615e-14 3.475110914171337130e-15
-5.313660333594060763e-14 -7.277946054163557315e-14 2.284810924305522729e-15 8.504399041098269584e-15 1.266225035518607271e-14 -3.339577634108373944e-15 -1.357823625867551143e-14 4.179072155988015044e-15 -4.769746337601100530e-15 -1.650040351237411380e-15 -9.349327194023230573e-15 -3.051253020956902753e-15 5.449030360871382116e-15 1.282415110533215475e-15 2.379429314543484436e-16 -7.443599203279086374e-15 -6.535061406010984294e-15 1.212484252779322390e-15 4.901480796364492685e-15 6.659217628183919722e-15 3.995540295237910375e-15 9.697427985453466290e-15 1.219509836569210633e-14 2.097858912992957615e-14 3.843901381664218743e-14 1.570084355385104845e-14
7.889125720702945124e-16 -5.122603898791426579e-14 -8.083743152214411557e-15 6.621280719716462142e-15 9.228399589145696286e-16 -3.810617173808357858e-15 -1.548000926397515431e-14 1.353281427517989255e-14 4.882705299961655910e-15 -3.384864273991709508e-15 -8.655278525166577417e-15 -7.449157237513524075e-15 -3.273396273982065111e-15 -1.075834514395571960e-15 -5.970002562810363430e-15 -5.438522021386287652e-15 -5.337493212959027605e-15 -8.635538125370661622e-17 1.560997202337206161e-15 2.742274311938039453e-15 -2.501041965651554292e-15 -2.302718888883338868e-15 -2.327056545087941644e-15 3.475110914171337130e-15 1.570084355385104845e-14 3.301657360813877197e-14
