9.357765844610706715e-12 6.644559056347058995e-13 1.306019918162463745e-12 1.095429322425658380e-13 -6.948540225631321141e-14 -1.786405780501296681e-13 1.016197072534493677e-13 -3.243516452590370581e-13 -2.160772541443499602e-13 5.497951014898260712e-14 -2.724095162396159787e-14 3.190036705448895644e-14 -2.292508543995480890e-14 4.974957665535663210e-14 1.665601513097881675e-14 2.616483770565141747e-14 -6.037824114348539113e-14 -9.287672972559872220e-14 -1.440113499731869143e-13 1.236118897677752311e-14 2.973642267407835728e-14 6.761492265593922069e-15 3.689794530559630550e-14 -1.300155911182939206e-14 -1.595281822349725220e-14 4.303460544913289968e-14
6.644559056347058995e-13 6.545106618897505159e-12 -4.393425874825860440e-13 2.299717914179597088e-14 3.793545378472557003e-13 -2.008429091365943132e-13 5.172966466422069267e-15 -1.865732185634015004e-13 -1.136975367323877536e-13 1.113621340411048019e-13 4.112614720373597270e-14 -3.105440243626997559e-14 -2.648503244646966672e-14 -5.001722366744637598e-14 -5.068474760629222152e-14 -8.665516129455166305e-14 -8.554733165237197040e-14 -7.583686429208715229e-14 -5.454987858161321255e-14 -3.516513898456411994e-14 -2.584457379127683006e-14 -1.058812205470043657e-14 2.172192884923719295e-14 1.762251320501457133e-14 -4.318937858429197602e-14 1.004220623583960539e-14
1.306019918162463745e-12 -4.393425874825860440e-13 3.942998912525056382e-12 1.209097068624298225e-13 2.644319460730848257e-13 -7.216410018568052633e-14 -7.996561123514127348e-14 1.950622962540546053e-13 5.467125856935583620e-14 -6.003029860299612597e-15 -1.965921907827840905e-14 -3.020745605639946716e-14 -2.328976538936402411e-14 5.614586207127499605e-14 1.871066921366641815e-14 2.676816860396615747e-15 2.314849542881276966e-14 2.507021893422604852e-14 -3.414831090685031935e-14 -3.298507190627156492e-16 -5.946451043790961040e-15 -3.312963005011518502e-15 -2.176146001026181821e-15 -7.239594521998670355e-15 -1.760277893652877875e-14 -2.487021179416493981e-14
1.095429322425658380e-13 2.299717914179597088e-14 1.209097068624298225e-13 2.414069917044704750e-12 1.270884869074523206e-13 1.047407457134208892e-13 2.046921000560342057e-15 9.714151987735017288e-14 1.347828448749789193e-14 -4.996936064785746066e-14 -2.174019926233703146e-14 1.783850740831989835e-14 1.988364868060962758e-14 6.031038488412925530e-14 1.117005684023167158e-14 3.162022860127186399e-15 -9.116074912862111751e-15 -8.550301212044039479e-15 2.870912090116175902e-15 3.991061992259830359e-15 1.322690586076578885e-15 1.522037829960260830e-14 2.650858737594024171e-14 4.447380067727535576e-15 1.122488328222954938e-14 7.083025599303391097e-15
-6.948540225631321141e-14 3.793545378472557003e-13 2.644319460730848257e-13 1.270884869074523206e-13 1.783382470436985010e-12 -1.421773804107357134e-13 -6.170607983249762540e-14 -6.976572322598451241e-14 2.125448151353881898e-13 -3.220124483202242729e-14 -3.805856106896965882e-14 -5.077351052778300273e-14 -6.876401283083879305e-14 9.589361581111916600e-15 2.965573350772578634e-14 6.814472872236833190e-15 7.539818554283431274e-16 1.359825709790156209e-14 1.030942263912852220e-14 -1.002563040153719043e-14 -1.046841270720534068e-14 3.135148992553234954e-15 -4.849874388988589656e-15 -6.331488838554777706e-15 -1.056915991275568280e-14 -2.631450087384621063e-14
-1.786405780501296681e-13 -2.008429091365943132e-13 -7.216410018568052633e-14 1.047407457134208892e-13 -1.421773804107357134e-13 9.222138299540325020e-13 8.922927580885219301e-14 7.531569273847061053e-14 -1.072076433658192815e-13 -1.763041014873959279e-14 -9.545730741500372095e-15 1.783763274537181756e-14 3.025549396271396450e-14 1.143205352106650426e-15 -2.196409924256372125e-14 -7.063285019846906306e-15 8.885462834477093400e-15 -2.086270410762946235e-15 -1.405802723078392331e-14 -1.628558156475301748e-15 1.324721372810329939e-14 3.695435336945109800e-14 2.514536849810077288e-14 1.403769802698117019e-14 1.361907330148068644e-14 -4.682811142172601477e-16
1.016197072534493677e-13 5.172966466422069267e-15 -7.996561123514127348e-14 2.046921000560342057e-15 -6.170607983249762540e-14 8.922927580885219301e-14 6.449652726163140994e-13 2.507884436509643143e-14 -4.155136444802842910e-15 3.081593782226823776e-14 -1.905210778245324133e-14 -2.555259929510779197e-14 -4.481367015923994583e-15 -8.383239090387230014e-15 1.294870361913470251e-14 6.430524013704040651e-15 -1.174465269727672668e-14 -3.273600774238711562e-14 -3.163720885394573139e-14 -4.301984333385846771e-15 2.554207081533110422e-15 -8.605759872092229180e-16 -1.670717774359679696e-15 -8.441924518972318255e-15 -2.894696900950326580e-15 -1.088826605884087583e-14
-3.243516452590370581e-13 -1.865732185634015004e-13 1.950622962540546053e-13 9.714151987735017288e-14 -6.976572322598451241e-14 7.531569273847061053e-14 2.507884436509643143e-14 6.458290807309034330e-13 1.260333422776246497e-13 7.642970624438352799e-14 4.483873268060297599e-14 3.196871629730012277e-14 1.851138868321780847e-14 1.099790687654257592e-14 1.207532762242641719e-14 -1.208974053897209787e-15 -1.401523201032772752e-14 -7.331811158181635482e-15 -1.980107074383819838e-15 1.410586950643524315e-14 2.240697130900645186e-16 -9.809204665342930528e-15 -7.377720289501781732e-15 1.197854624334726664e-15 5.491963190641389298e-15 -8.471419617413505323e-16
-2.160772541443499602e-13 -1.136975367323877536e-13 5.467125856935583620e-14 1.347828448749789193e-14 2.125448151353881898e-13 -1.072076433658192815e-13 -4.155136444802842910e-15 1.260333422776246497e-13 3.675283478311625310e-13 5.192755011341417763e-14 1.724056020406097805e-14 4.784862658149997057e-15 -8.442368792506538650e-15 5.565393962157560188e-15 1.822311363071803041e-14 4.806516374584389929e-15 -1.970695630428819515e-15 1.250956497175203915e-14 1.374856490638507429e-14 -3.417251576280888218e-15 -8.114522291505703097e-15 -1.407392650919497074e-14 -1.649546973346301009e-14 -8.669177405319475910e-15 -2.325737028407800170e-15 -8.244639544321655235e-15
5.497951014898260712e-14 1.113621340411048019e-13 -6.003029860299612597e-15 -4.996936064785746066e-14 -3.220124483202242729e-14 -1.763041014873959279e-14 3.081593782226823776e-14 7.642970624438352799e-14 5.192755011341417763e-14 2.583145012332524909e-13 4.181920542750530452e-14 2.071777511971129788e-14 2.552555247590758087e-14 -4.242238170460757500e-15 -7.059120885660659227e-15 -4.754215162133285244e-15 -1.921443399784275985e-14 -2.761076198886552203e-15 4.077485384552904760e-16 6.769821947282449587e-15 -4.967952078610448550e-15 -8.806420290665489345e-15 -7.702190378334799589e-15 -2.568600599557029612e-15 -6.285166463415046875e-15 -3.467410735330344515e-15
-2.724095162396159787e-14 4.112614720373597270e-14 -1.965921907827840905e-14 -2.174019926233703146e-14 -3.805856106896965882e-14 -9.545730741500372095e-15 -1.905210778245324133e-14 4.483873268060297599e-14 1.724056020406097805e-14 4.181920542750530452e-14 1.902067687755024287e-13 7.126424176422418982e-14 2.990330969452847143e-14 4.304747187523919072e-14 2.092817168914329225e-14 3.093083348845862920e-14 9.263223518337750197e-15 1.879313822743308394e-14 2.051349380003676848e-14 5.968336958839012917e-15 -4.855105054214888771e-15 -4.250287863126553441e-15 -1.912184887864827017e-15 -8.707727162846399979e-15 -1.231297514685878353e-14 1.787719621472479391e-16
3.190036705448895644e-14 -3.105440243626997559e-14 -3.020745605639946716e-14 1.783850740831989835e-14 -5.077351052778300273e-14 1.783763274537181756e-14 -2.555259929510779197e-14 3.196871629730012277e-14 4.784862658149997057e-15 2.071777511971129788e-14 7.126424176422418982e-14 1.505590280018572082e-13 4.757485160760775887e-14 3.575985551459509551e-14 1.496674353274610613e-14 8.656695833345645473e-15 1.866315459699663645e-15 1.158275571981329760e-14 5.648662311461349982e-15 2.126246742561386772e-15 -2.857680415759243366e-15 -5.759757144404456026e-16 1.482986506233896294e-15 -2.086331542249969984e-15 -5.853664628943331566e-15 1.907973056696087097e-16
-2.292508543995480890e-14 -2.648503244646966672e-14 -2.328976538936402411e-14 1.988364868060962758e-14 -6.876401283083879305e-14 3.025549396271396450e-14 -4.481367015923994583e-15 1.851138868321780847e-14 -8.442368792506538650e-15 2.552555247590758087e-14 2.990330969452847143e-14 4.757485160760775887e-14 1.048583671989535142e-13 4.116662248300644230e-14 2.693847186871425982e-14 1.288043995747510307e-14 6.798954105102028182e-17 4.922229847004047036e-15 5.551800630341661074e-15 4.536543473455291543e-15 1.129103872763353955e-15 -2.806800334017206429e-15 -5.938568782644414795e-15 -5.309365398599661226e-15 -4.751863408267449294e-15 2.720388339022255736e-15
4.974957665535663210e-14 -5.001722366744637598e-14 5.614586207127499605e-14 6.031038488412925530e-14 9.589361581111916600e-15 1.143205352106650426e-15 -8.383239090387230014e-15 1.099790687654257592e-14 5.565393962157560188e-15 -4.242238170460757500e-15 4.304747187523919072e-14 3.575985551459509551e-14 4.116662248300644230e-14 1.082677939599689522e-13 5.025872033853014887e-14 3.333996054927106314e-14 7.980969704381038483e-15 9.039888628291858678e-15 1.151999218519598309e-14 5.467471449091515646e-15 -4.424547335280452839e-15 -8.406304233170193913e-15 -2.894329319295909655e-15 -4.946842459531207658e-15 -2.302186940179408074e-15 1.427230011710361001e-15
1.665601513097881675e-14 -5.068474760629222152e-14 1.871066921366641815e-14 1.117005684023167158e-14 2.965573350772578634e-14 -2.196409924256372125e-14 1.294870361913470251e-14 1.207532762242641719e-14 1.822311363071803041e-14 -7.059120885660659227e-15 2.092817168914329225e-14 1.496674353274610613e-14 2.693847186871425982e-14 5.025872033853014887e-14 8.480425885142443411e-14 3.690679175598948244e-14 8.594890272682342703e-15 1.820993616115929119e-15 2.139401719436314806e-15 2.373154640785819225e-16 -3.565833366818871844e-15 -6.817811094226561368e-15 -2.364665241752711960e-15 -4.641480734861050537e-15 -7.668211770273689664e-16 -2.069360909228776051e-15
2.616483770565141747e-14 -8.665516129455166305e-14 2.676816860396615747e-15 3.162022860127186399e-15 6.814472872236833190e-15 -7.063285019846906306e-15 6.430524013704040651e-15 -1.208974053897209787e-15 4.806516374584389929e-15 -4.754215162133285244e-15 3.093083348845862920e-14 8.656695833345645473e-15 1.288043995747510307e-14 3.333996054927106314e-14 3.690679175598948244e-14 6.944254731814128671e-14 2.352300344226716968e-14 1.210769357241932149e-14 1.290532245639927594e-14 2.434122336921928026e-15 -2.961181147688198861e-17 -2.259440269159657085e-15 -8.072774401596427107e-16 -3.075329798733260427e-15 -3.412190254636205245e-15 -8.136073690726558463e-16
-6.037824114348539113e-14 -8.554733165237197040e-14 2.314849542881276966e-14 -9.116074912862111751e-15 7.539818554283431274e-16 8.885462834477093400e-15 -1.174465269727672668e-14 -1.401523201032772752e-14 -1.970695630428819515e-15 -1.921443399784275985e-14 9.263223518337750197e-15 1.866315459699663645e-15 6.798954105102028182e-17 7.980969704381038483e-15 8.594890272682342703e-15 2.352300344226716968e-14 4.644714742319523325e-14 2.288130558512383879e-14 1.394166019910345425e-14 5.658335601731463269e-15 5.969523151803049124e-15 3.699447278474615451e-15 1.610522950359116748e-15 1.829684101749042514e-15 3.660055619133565035e-16 -1.696280771963554551e-15
-9.287672972559872220e-14 -7.583686429208715229e-14 2.507021893422604852e-14 -8.550301212044039479e-15 1.359825709790156209e-14 -2.086270410762946235e-15 -3.273600774238711562e-14 -7.331811158181635482e-15 1.250956497175203915e-14 -2.761076198886552203e-15 1.879313822743308394e-14 1.158275571981329760e-14 4.922229847004047036e-15 9.039888628291858678e-15 1.820993616115929119e-15 1.210769357241932149e-14 2.288130558512383879e-14 4.982656916895675823e-14 2.275297938337399370e-14 5.775203035339950825e-15 1.650937912349864922e-15 1.217612534607203491e-15 2.811272271463767707e-15 1.072561508439045963e-15 -1.136768204306762899e-15 1.657421035627523301e-15
-1.440113499731869143e-13 -5.454987858161321255e-14 -3.414831090685031935e-14 2.870912090116175902e-15 1.030942263912852220e-14 -1.405802723078392331e-14 -3.163720885394573139e-14 -1.980107074383819838e-15 1.374856490638507429e-14 4.077485384552904760e-16 2.051349380003676848e-14 5.648662311461349982e-15 5.551800630341661074e-15 1.151999218519598309e-14 2.139401719436314806e-15 1.290532245639927594e-14 1.394166019910345425e-14 2.275297938337399370e-14 4.690623460040779230e-14 1.763987416267096476e-14 4.893071553658973701e-15 2.562708374531794961e-15 -1.489353312820340467e-15 1.680347621552879461e-16 1.080108709334883907e-15 2.690633095017279934e-15
1.236118897677752311e-14 -3.516513898456411994e-14 -3.298507190627156492e-16 3.991061992259830359e-15 -1.002563040153719043e-14 -1.628558156475301748e-15 -4.301984333385846771e-15 1.410586950643524315e-14 -3.417251576280888218e-15 6.769821947282449587e-15 5.968336958839012917e-15 2.126246742561386772e-15 4.536543473455291543e-15 5.467471449091515646e-15 2.373154640785819225e-16 2.434122336921928026e-15 5.658335601731463269e-15 5.775203035339950825e-15 1.763987416267096476e-14 3.239514191747913830e-14 1.224449835372485089e-14 3.484899130886317616e-15 -1.986297757178708452e-16 9.560013402031392848e-16 7.434655491286994245e-16 1.967929002792412390e-15
2.973642267407835728e-14 -2.584457379127683006e-14 -5.946451043790961040e-15 1.322690586076578885e-15 -1.046841270720534068e-14 1.324721372810329939e-14 2.554207081533110422e-15 2.240697130900645186e-16 -8.114522291505703097e-15 -4.967952078610448550e-15 -4.855105054214888771e-15 -2.857680415759243366e-15 1.129103872763353955e-15 -4.424547335280452839e-15 -3.565833366818871844e-15 -2.961181147688198861e-17 5.969523151803049124e-15 1.650937912349864922e-15 4.893071553658973701e-15 1.224449835372485089e-14 2.638543760813918233e-14 1.383337033254020482e-14 3.908369378294377170e-15 2.725490919916094655e-15 2.899445287469513159e-15 2.498199347271250026e-15
6.761492265593922069e-15 -1.058812205470043657e-14 -3.312963005011518502e-15 1.522037829960260830e-14 3.135148992553234954e-15 3.695435336945109800e-14 -8.605759872092229180e-16 -9.809204665342930528e-15 -1.407392650919497074e-14 -8.806420290665489345e-15 -4.250287863126553441e-15 -5.759757144404456026e-16 -2.806800334017206429e-15 -8.406304233170193913e-15 -6.817811094226561368e-15 -2.259440269159657085e-15 3.699447278474615451e-15 1.217612534607203491e-15 2.562708374531794961e-15 3.484899130886317616e-15 1.383337033254020482e-14 2.823830584399157651e-14 1.094539506966479015e-14 5.936307904867091926e-15 3.548642395523075104e-15 5.634304132405336407e-15
3.689794530559630550e-14 2.172192884923719295e-14 -2.176146001026181821e-15 2.650858737594024171e-14 -4.849874388988589656e-15 2.514536849810077288e-14 -1.670717774359679696e-15 -7.377720289501781732e-15 -1.649546973346301009e-14 -7.702190378334799589e-15 -1.912184887864827017e-15 1.482986506233896294e-15 -5.938568782644414795e-15 -2.894329319295909655e-15 -2.364665241752711960e-15 -8.072774401596427107e-16 1.610522950359116748e-15 2.811272271463767707e-15 -1.489353312820340467e-15 -1.986297757178708452e-16 3.908369378294377170e-15 1.094539506966479015e-14 2.521350582435290344e-14 1.145357744130305218e-14 3.878761903728048953e-15 2.971291016995975492e-15
-1.300155911182939206e-14 1.762251320501457133e-14 -7.239594521998670355e-15 4.447380067727535576e-15 -6.331488838554777706e-15 1.403769802698117019e-14 -8.441924518972318255e-15 1.197854624334726664e-15 -8.669177405319475910e-15 -2.568600599557029612e-15 -8.707727162846399979e-15 -2.086331542249969984e-15 -5.309365398599661226e-15 -4.946842459531207658e-15 -4.641480734861050537e-15 -3.075329798733260427e-15 1.829684101749042514e-15 1.072561508439045963e-15 1.680347621552879461e-16 9.560013402031392848e-16 2.725490919916094655e-15 5.936307904867091926e-15 1.145357744130305218e-14 1.905306713901637714e-14 7.908865713553143360e-15 3.267834598239171003e-15
-1.595281822349725220e-14 -4.318937858429197602e-14 -1.760277893652877875e-14 1.122488328222954938e-14 -1.056915991275568280e-14 1.361907330148068644e-14 -2.894696900950326580e-15 5.491963190641389298e-15 -2.325737028407800170e-15 -6.285166463415046875e-15 -1.231297514685878353e-14 -5.853664628943331566e-15 -4.751863408267449294e-15 -2.302186940179408074e-15 -7.668211770273689664e-16 -3.412190254636205245e-15 3.660055619133565035e-16 -1.136768204306762899e-15 1.080108709334883907e-15 7.434655491286994245e-16 2.899445287469513159e-15 3.548642395523075104e-15 3.878761903728048953e-15 7.908865713553143360e-15 1.354142862742480290e-14 4.979776118317493540e-15
4.303460544913289968e-14 1.004220623583960539e-14 -2.487021179416493981e-14 7.083025599303391097e-15 -2.631450087384621063e-14 -4.682811142172601477e-16 -1.088826605884087583e-14 -8.471419617413505323e-16 -8.244639544321655235e-15 -3.467410735330344515e-15 1.787719621472479391e-16 1.907973056696087097e-16 2.720388339022255736e-15 1.427230011710361001e-15 -2.069360909228776051e-15 -8.136073690726558463e-16 -1.696280771963554551e-15 1.657421035627523301e-15 2.690633095017279934e-15 1.967929002792412390e-15 2.498199347271250026e-15 5.634304132405336407e-15 2.971291016995975492e-15 3.267834598239171003e-15 4.979776118317493540e-15 1.838234818788597085e-14
