1.058221242686098733e-11 6.745307619988472848e-13 -2.491337672796227520e-14 1.832586370949029764e-13 7.024330880562993910e-13 2.314002709154422257e-13 2.576666954450775666e-13 3.652030171963420314e-13 4.794956581811468499e-14 1.049853340305331548e-13 5.418553117499093887e-15 1.384622324317769798e-14 -6.590197693379759947e-14 3.691888011616650368e-14 1.845041282178720645e-14 -3.052373170460095154e-14 5.380598823768895586e-14 -2.409310949803957340e-14 2.228212691880145168e-14 -5.991196015456489445e-14 -1.929644165727229307e-14 -5.126049701077637596e-14 -3.937719757418985150e-14 -1.039779595869326867e-14 1.891576499198109501e-14 -2.841118952997847699e-17
6.745307619988472848e-13 6.816934531216097414e-12 2.764682320186920378e-13 8.958276539106110396e-14 6.132642631614214392e-14 1.651237242204162371e-13 -5.923710710717307001e-14 1.821409146007224957e-13 -2.881167423793171465e-14 1.517972407290186607e-13 -1.182805650484733896e-13 -1.880098979065546086e-14 -4.212466865227198732e-14 -6.382381060804027380e-14 -3.416782719871772967e-14 -1.217102155605476543e-14 1.420783365485905077e-14 4.415763149687101019e-14 1.733975404324121987e-14 -4.694160889225173301e-15 -1.295415723271384122e-14 -6.693258334592029741e-14 -9.294545052060069822e-14 -4.759091967032016621e-14 -3.819221896542055731e-14 1.870708909468260251e-16
-2.491337672796227520e-14 2.764682320186920378e-13 4.191334574130090631e-12 7.501854755954067611e-14 -2.068461410613565197e-13 -2.003667465690700319e-15 -1.419275533338186243e-14 1.359337571804256977e-13 2.660443228875764216e-14 5.698934165388666929e-14 1.130643639294944111e-13 1.246331019860916168e-13 1.209072164217117701e-13 8.591319497854795551e-15 -7.148990394527314546e-14 -2.114756223668688874e-14 -2.852028061239862264e-14 -1.963459101159688091e-14 3.885470621205172281e-14 1.877883260409048225e-14 -5.891108761846601716e-15 -3.541505532824216004e-14 -2.948549506132197477e-15 1.604779079028892844e-14 -1.727272174978078605e-16 -5.192391493189472397e-15
1.832586370949029764e-13 8.958276539106110396e-14 7.501854755954067611e-14 2.693642983243145935e-12 2.512243462378979648e-14 6.498451111634290389e-14 -3.042538996906490121e-14 4.502060677864295876e-14 1.120608195187942878e-13 -5.194752668229429708e-14 -4.464648067512565405e-14 -4.862696184805787462e-14 5.405754228351074616e-14 -4.487858465854343420e-14 5.173813497585819028e-14 2.152301121050140791e-14 -6.055916630023137308e-16 4.479538092522384403e-14 1.490431781855173694e-14 4.861347805877959037e-14 7.816933208552385975e-14 6.220709041539934820e-14 4.745986802091730854e-14 2.976822471686334617e-15 2.309437789424344212e-14 1.226430305560139320e-14
7.024330880562993910e-13 6.132642631614214392e-14 -2.068461410613565197e-13 2.512243462378979648e-14 1.515033805828320685e-12 2.734559122997417055e-13 1.030016217822384066e-13 9.258876695054932419e-15 -1.256582865414574682e-15 -3.746046845464389928e-14 -1.623624156818137766e-14 3.138045788583129206e-14 -2.451952102068442155e-15 4.590406623979241002e-15 -1.776531126595460109e-14 1.222054276993011863e-14 1.595988568306401215e-14 8.235811670471837336e-16 -7.168208620732853388e-15 -1.570647651546453910e-14 3.223723531567100199e-15 -1.121638771888599157e-14 -2.179247677162363830e-14 -9.681895684797843146e-15 -1.219679458418497406e-15 -1.461757735690761087e-14
2.314002709154422257e-13 1.651237242204162371e-13 -2.003667465690700319e-15 6.498451111634290389e-14 2.734559122997417055e-13 9.995428803939904944e-13 1.815998539544988233e-13 -1.228753333209452007e-14 -3.074275459371581374e-14 4.710354493028870426e-14 -1.004833638370754860e-14 3.866859086324343684e-15 -3.339125897893361779e-15 2.678687463486308580e-14 -4.921089121875197925e-15 4.872242767044403994e-15 1.382949109052034332e-14 -7.918038244435893353e-15 2.001043979732170466e-14 -1.492199148142111108e-15 -4.392359713351999653e-15 -7.872005582243431177e-15 1.105485757826184240e-15 -1.212465240705081932e-15 9.820400156106952460e-15 4.060248924078916397e-15
2.576666954450775666e-13 -5.923710710717307001e-14 -1.419275533338186243e-14 -3.042538996906490121e-14 1.030016217822384066e-13 1.815998539544988233e-13 7.215437206915410260e-13 -3.397686064010592937e-14 1.486347716616782377e-14 3.158973943758644273e-14 1.184909445714357747e-14 1.022145035970594776e-14 -1.875725009866474882e-14 -2.285857588110226975e-14 -2.266927021160611767e-14 -2.048460696845338172e-14 2.185264486772041124e-14 -7.882063853052591372e-15 -1.860435477863365129e-14 -2.478684455236903868e-15 -1.573982081803029487e-14 -3.418446542083790274e-14 -1.560839571810798116e-14 2.175480410851201355e-15 -1.214789146585115725e-15 -2.123618200515758119e-14
3.652030171963420314e-13 1.821409146007224957e-13 1.359337571804256977e-13 4.502060677864295876e-14 9.258876695054932419e-15 -1.228753333209452007e-14 -3.397686064010592937e-14 5.145922171714645394e-13 8.120897295874772805e-14 4.839204563791444771e-14 3.945064397736482209e-15 -9.759840337547981661e-15 -8.063023849788939983e-16 -2.084894364797739225e-14 -1.299435083710581219e-14 -2.403485045556195096e-14 -1.161344533343259122e-14 -1.562035451464685406e-15 -8.629856231730818474e-15 4.945918684708009398e-15 2.301061787715890361e-15 -5.966357045001463260e-16 -3.597314318289856137e-15 -1.345500932337527334e-14 4.384031423440948265e-15 -1.211125130067748271e-15
4.794956581811468499e-14 -2.881167423793171465e-14 2.660443228875764216e-14 1.120608195187942878e-13 -1.256582865414574682e-15 -3.074275459371581374e-14 1.486347716616782377e-14 8.120897295874772805e-14 3.391867785484040891e-13 7.886572490324391501e-14 2.624583499545349546e-14 8.455293286632882494e-15 4.156225173870909867e-14 9.021666235430856511e-15 2.180540868644720606e-14 -4.421699496080930479e-15 -2.873978521421218987e-15 1.127788886612512484e-14 -8.061507833083746335e-15 1.189709524367805930e-15 -1.328858602635121142e-15 1.329045781037819472e-14 9.632482529426578804e-15 4.036645699710933571e-15 3.938239501439412371e-15 -2.951085205295564953e-15
1.049853340305331548e-13 1.517972407290186607e-13 5.698934165388666929e-14 -5.194752668229429708e-14 -3.746046845464389928e-14 4.710354493028870426e-14 3.158973943758644273e-14 4.839204563791444771e-14 7.886572490324391501e-14 2.591795222284062917e-13 3.878920047628714410e-14 3.918852648317427693e-14 2.572271842994056830e-14 1.766030082068847371e-14 1.222558720078009000e-14 -2.874630619384889081e-15 1.931555716717530994e-15 -1.244397650103390531e-14 3.314839851788273981e-15 5.561612063591326038e-15 1.791702608415438596e-16 -1.077884331522637905e-15 -7.190389467569994220e-15 -3.787477166375107899e-15 -3.869984690107878867e-15 -5.063492048217385958e-15
5.418553117499093887e-15 -1.182805650484733896e-13 1.130643639294944111e-13 -4.464648067512565405e-14 -1.623624156818137766e-14 -1.004833638370754860e-14 1.184909445714357747e-14 3.945064397736482209e-15 2.624583499545349546e-14 3.878920047628714410e-14 1.666963884412635272e-13 3.994996625807972253e-14 2.777000107550017116e-14 1.075273882776861136e-14 1.010669372512849309e-14 2.932515534373008016e-15 -8.138830670684433508e-16 -3.051182822031708004e-15 5.586677674096450274e-16 7.669273056899901598e-15 3.936705478826044369e-16 4.973411109481851197e-15 -2.646355299161987470e-15 3.286738082096457403e-16 -7.747399907154547796e-16 -4.989609162858124697e-17
1.384622324317769798e-14 -1.880098979065546086e-14 1.246331019860916168e-13 -4.862696184805787462e-14 3.138045788583129206e-14 3.866859086324343684e-15 1.022145035970594776e-14 -9.759840337547981661e-15 8.455293286632882494e-15 3.918852648317427693e-14 3.994996625807972253e-14 1.156848032932179250e-13 3.939112223113087135e-14 2.342437034116495348e-14 7.719001174443094163e-15 8.826070544101508099e-15 8.127235404285120780e-16 -1.103531276748007627e-14 -3.449351403233847003e-15 -2.843281717521262180e-15 -4.254178621267289551e-15 -6.302922384538551709e-15 -7.924343366669329748e-15 3.383182911850935257e-15 2.131613515353089900e-15 -9.444392556050335904e-16
-6.590197693379759947e-14 -4.212466865227198732e-14 1.209072164217117701e-13 5.405754228351074616e-14 -2.451952102068442155e-15 -3.339125897893361779e-15 -1.875725009866474882e-14 -8.063023849788939983e-16 4.156225173870909867e-14 2.572271842994056830e-14 2.777000107550017116e-14 3.939112223113087135e-14 1.270361226089414589e-13 3.782208968440280871e-14 4.852101973793937912e-15 -2.088861742370303248e-15 -3.038536092685679892e-15 9.024853873404117035e-16 7.895380867065727694e-15 1.543124207834885800e-15 2.386647302677017953e-15 6.745507845320629187e-15 2.298933261324147867e-15 4.654683302027805939e-15 1.113441768077336611e-15 -3.096904423159122361e-15
3.691888011616650368e-14 -6.382381060804027380e-14 8.591319497854795551e-15 -4.487858465854343420e-14 4.590406623979241002e-15 2.678687463486308580e-14 -2.285857588110226975e-14 -2.084894364797739225e-14 9.021666235430856511e-15 1.766030082068847371e-14 1.075273882776861136e-14 2.342437034116495348e-14 3.782208968440280871e-14 9.748988897791695360e-14 4.234478476912367739e-14 1.487641499466773629e-14 9.486401022521515292e-15 7.461944356573785320e-15 1.442629339738644678e-14 7.281035487100799801e-16 3.313303978918483229e-15 5.832376458846549050e-15 4.128341607413349598e-15 8.583705343748244640e-16 -1.232706161851989784e-15 2.304600952613534482e-16
1.845041282178720645e-14 -3.416782719871772967e-14 -7.148990394527314546e-14 5.173813497585819028e-14 -1.776531126595460109e-14 -4.921089121875197925e-15 -2.266927021160611767e-14 -1.299435083710581219e-14 2.180540868644720606e-14 1.222558720078009000e-14 1.010669372512849309e-14 7.719001174443094163e-15 4.852101973793937912e-15 4.234478476912367739e-14 8.571286650156290998e-14 3.752027841210959654e-14 1.510219729662067335e-14 6.113704484005451411e-15 7.391989637537594846e-15 1.800985275964630323e-15 3.677984639376311396e-15 9.536331842688755633e-15 7.897040751595984821e-15 -2.739309785198953850e-15 -2.280319588131619648e-15 -3.032943583621821227e-16
-3.052373170460095154e-14 -1.217102155605476543e-14 -2.114756223668688874e-14 2.152301121050140791e-14 1.222054276993011863e-14 4.872242767044403994e-15 -2.048460696845338172e-14 -2.403485045556195096e-14 -4.421699496080930479e-15 -2.874630619384889081e-15 2.932515534373008016e-15 8.826070544101508099e-15 -2.088861742370303248e-15 1.487641499466773629e-14 3.752027841210959654e-14 6.670361058190950951e-14 2.866273417772100398e-14 1.300981026981921264e-14 1.391042599780946721e-14 8.675641499636071275e-15 5.358811203704425120e-15 6.095006762671122669e-15 5.050903442135041257e-15 -1.015070603122836288e-15 -5.732968363169141451e-15 -5.657818338674708557e-15
5.380598823768895586e-14 1.420783365485905077e-14 -2.852028061239862264e-14 -6.055916630023137308e-16 1.595988568306401215e-14 1.382949109052034332e-14 2.185264486772041124e-14 -1.161344533343259122e-14 -2.873978521421218987e-15 1.931555716717530994e-15 -8.138830670684433508e-16 8.127235404285120780e-16 -3.038536092685679892e-15 9.486401022521515292e-15 1.510219729662067335e-14 2.866273417772100398e-14 5.413928574253042851e-14 2.707814599037130180e-14 1.217839634776120478e-14 6.206780824490878738e-15 4.279158121435267181e-15 4.576655956606973996e-15 4.424856538451177825e-15 2.035832763251969515e-15 -4.124073846964246374e-15 -4.248827490401039249e-15
-2.409310949803957340e-14 4.415763149687101019e-14 -1.963459101159688091e-14 4.479538092522384403e-14 8.235811670471837336e-16 -7.918038244435893353e-15 -7.882063853052591372e-15 -1.562035451464685406e-15 1.127788886612512484e-14 -1.244397650103390531e-14 -3.051182822031708004e-15 -1.103531276748007627e-14 9.024853873404117035e-16 7.461944356573785320e-15 6.113704484005451411e-15 1.300981026981921264e-14 2.707814599037130180e-14 5.540747571290593242e-14 2.253098629067814308e-14 1.311562085556787470e-14 9.636540036089572501e-15 9.252046094269197725e-15 9.211020676779305168e-15 1.546750519174702639e-15 3.555938156702393674e-15 6.561674802582769859e-17
2.228212691880145168e-14 1.733975404324121987e-14 3.885470621205172281e-14 1.490431781855173694e-14 -7.168208620732853388e-15 2.001043979732170466e-14 -1.860435477863365129e-14 -8.629856231730818474e-15 -8.061507833083746335e-15 3.314839851788273981e-15 5.586677674096450274e-16 -3.449351403233847003e-15 7.895380867065727694e-15 1.442629339738644678e-14 7.391989637537594846e-15 1.391042599780946721e-14 1.217839634776120478e-14 2.253098629067814308e-14 4.754354412200242352e-14 2.613150388064174664e-14 1.306688676288615195e-14 9.780995557592340695e-15 6.794692603875031001e-15 3.019764016451300592e-15 2.425123039266727456e-16 -6.636000671432210531e-16
-5.991196015456489445e-14 -4.694160889225173301e-15 1.877883260409048225e-14 4.861347805877959037e-14 -1.570647651546453910e-14 -1.492199148142111108e-15 -2.478684455236903868e-15 4.945918684708009398e-15 1.189709524367805930e-15 5.561612063591326038e-15 7.669273056899901598e-15 -2.843281717521262180e-15 1.543124207834885800e-15 7.281035487100799801e-16 1.800985275964630323e-15 8.675641499636071275e-15 6.206780824490878738e-15 1.311562085556787470e-14 2.613150388064174664e-14 4.901972218530275941e-14 2.389886301960524832e-14 1.593300498397473232e-14 8.372284762490910713e-15 -6.342509612592816646e-16 -3.309976097285748641e-15 -3.258455657811963025e-15
-1.929644165727229307e-14 -1.295415723271384122e-14 -5.891108761846601716e-15 7.816933208552385975e-14 3.223723531567100199e-15 -4.392359713351999653e-15 -1.573982081803029487e-14 2.301061787715890361e-15 -1.328858602635121142e-15 1.791702608415438596e-16 3.936705478826044369e-16 -4.254178621267289551e-15 2.386647302677017953e-15 3.313303978918483229e-15 3.677984639376311396e-15 5.358811203704425120e-15 4.279158121435267181e-15 9.636540036089572501e-15 1.306688676288615195e-14 2.389886301960524832e-14 3.711443794172669507e-14 2.492414591146522007e-14 1.183449913351154281e-14 3.085839054213306726e-15 9.502018077247711318e-16 3.751709682090611301e-16
-5.126049701077637596e-14 -6.693258334592029741e-14 -3.541505532824216004e-14 6.220709041539934820e-14 -1.121638771888599157e-14 -7.872005582243431177e-15 -3.418446542083790274e-14 -5.966357045001463260e-16 1.329045781037819472e-14 -1.077884331522637905e-15 4.973411109481851197e-15 -6.302922384538551709e-15 6.745507845320629187e-15 5.832376458846549050e-15 9.536331842688755633e-15 6.095006762671122669e-15 4.576655956606973996e-15 9.252046094269197725e-15 9.780995557592340695e-15 1.593300498397473232e-14 2.492414591146522007e-14 4.618367942046683091e-14 2.716030405787570176e-14 8.434217735876901359e-15 1.127118329136826787e-15 2.576998767932207908e-15
-3.937719757418985150e-14 -9.294545052060069822e-14 -2.948549506132197477e-15 4.745986802091730854e-14 -2.179247677162363830e-14 1.105485757826184240e-15 -1.560839571810798116e-14 -3.597314318289856137e-15 9.632482529426578804e-15 -7.190389467569994220e-15 -2.646355299161987470e-15 -7.924343366669329748e-15 2.298933261324147867e-15 4.128341607413349598e-15 7.897040751595984821e-15 5.050903442135041257e-15 4.424856538451177825e-15 9.211020676779305168e-15 6.794692603875031001e-15 8.372284762490910713e-15 1.183449913351154281e-14 2.716030405787570176e-14 3.655007680163616524e-14 1.025957844795700057e-14 -7.161103576177426664e-16 5.138797811720380798e-16
-1.039779595869326867e-14 -4.759091967032016621e-14 1.604779079028892844e-14 2.976822471686334617e-15 -9.681895684797843146e-15 -1.212465240705081932e-15 2.175480410851201355e-15 -1.345500932337527334e-14 4.036645699710933571e-15 -3.787477166375107899e-15 3.286738082096457403e-16 3.383182911850935257e-15 4.654683302027805939e-15 8.583705343748244640e-16 -2.739309785198953850e-15 -1.015070603122836288e-15 2.035832763251969515e-15 1.546750519174702639e-15 3.019764016451300592e-15 -6.342509612592816646e-16 3.085839054213306726e-15 8.434217735876901359e-15 1.025957844795700057e-14 2.006532205547546268e-14 7.320427126860716429e-15 2.304978277912824864e-15
1.891576499198109501e-14 -3.819221896542055731e-14 -1.727272174978078605e-16 2.309437789424344212e-14 -1.219679458418497406e-15 9.820400156106952460e-15 -1.214789146585115725e-15 4.384031423440948265e-15 3.938239501439412371e-15 -3.869984690107878867e-15 -7.747399907154547796e-16 2.131613515353089900e-15 1.113441768077336611e-15 -1.232706161851989784e-15 -2.280319588131619648e-15 -5.732968363169141451e-15 -4.124073846964246374e-15 3.555938156702393674e-15 2.425123039266727456e-16 -3.309976097285748641e-15 9.502018077247711318e-16 1.127118329136826787e-15 -7.161103576177426664e-16 7.320427126860716429e-15 2.198957144206070448e-14 1.187505031543641314e-14
-2.841118952997847699e-17 1.870708909468260251e-16 -5.192391493189472397e-15 1.226430305560139320e-14 -1.461757735690761087e-14 4.060248924078916397e-15 -2.123618200515758119e-14 -1.211125130067748271e-15 -2.951085205295564953e-15 -5.063492048217385958e-15 -4.989609162858124697e-17 -9.444392556050335904e-16 -3.096904423159122361e-15 2.304600952613534482e-16 -3.032943583621821227e-16 -5.657818338674708557e-15 -4.248827490401039249e-15 6.561674802582769859e-17 -6.636000671432210531e-16 -3.258455657811963025e-15 3.751709682090611301e-16 2.576998767932207908e-15 5.138797811720380798e-16 2.304978277912824864e-15 1.187505031543641314e-14 2.213393884351832941e-14
