6.686499390026935679e-11 6.322869405171039783e-12 4.325377327950671146e-12 2.341559023930363191e-12 7.202181437692296001e-13 -8.473004709141575767e-14 -1.018493266025176694e-12 -2.979960449221788756e-13 7.634754038683474591e-13 -1.989515172524333477e-12 -1.682233932814209887e-12 -2.509567567535011619e-12 -6.026040141160803838e-12 -7.714195362633843049e-12 -7.297343374968732344e-12 -6.904046409351354971e-12 -3.255737383992972030e-12 -1.860505317925396693e-12 -5.103327308250906367e-12 -3.559307724260121280e-12 -2.313378081137473030e-12 -3.410253486590791109e-12 -3.922853069766927631e-12 -6.316456940324640822e-13 8.754104570719609168e-12 3.875107203380724356e-12
6.322869405171039783e-12 4.235764476100496148e-11 1.112135794170897627e-11 1.740965198512689735e-12 4.825894921900033787e-12 2.833045026254280343e-12 -1.716115267865030499e-12 -3.850977091718711345e-12 -2.405871090887174501e-12 -3.710901820286782742e-12 -8.011144620286207049e-13 -7.783102016550406370e-13 4.533555447967590497e-13 -2.958558143980438873e-13 3.430573431750891540e-12 1.854735318402375888e-12 -9.503112050225424344e-13 -1.514569688667763040e-12 -5.554742186332431201e-12 -3.024146131691527626e-12 2.294958143371088359e-12 9.829460232577327549e-12 1.206284736211534499e-11 2.959558141091037111e-12 -1.239011748209020879e-12 1.737420896128228265e-12
4.325377327950671146e-12 1.112135794170897627e-11 3.971257293764438862e-11 1.112406193523196978e-11 7.790898586615332198e-12 7.465004084793637636e-12 4.496040008477802265e-12 1.810741379940688207e-12 1.488125451934042622e-12 1.742349305669962563e-12 3.571017901793879558e-12 5.129015195598166192e-13 -1.115345807846489976e-12 9.871872323280465838e-14 6.439042114792818646e-13 -3.921820118808336642e-12 -6.258895389944544570e-12 -8.809578973872321720e-12 -1.143732939191639620e-11 -1.275355151837489599e-11 -1.008989521023969799e-11 -2.393877427953525544e-12 -8.862696428257482636e-13 -5.592111284908607552e-12 -3.210321434600538303e-13 2.606409404773774077e-12
2.341559023930363191e-12 1.740965198512689735e-12 1.112406193523196978e-11 3.049804278874453964e-11 1.159371870294976813e-11 6.614537088984497728e-12 4.872280340529544256e-12 2.180397459787796777e-12 2.710232048983647287e-12 6.583725727380562607e-13 6.046757590776610632e-13 -4.542921149350188187e-13 -1.702661892953842719e-12 -1.188931164586552522e-12 9.528159741271284852e-14 -7.959090680718052543e-13 1.645184910299240968e-13 -7.181238951452494222e-13 2.402176239133061746e-12 3.981672345389871707e-12 4.740988693265204538e-12 7.503148371299364246e-12 5.971149974327803916e-12 3.361513478741413306e-12 7.135771619107797138e-12 1.139091242821455125e-11
7.202181437692296001e-13 4.825894921900033787e-12 7.790898586615332198e-12 1.159371870294976813e-11 2.522436459289521364e-11 1.223010054331376428e-11 8.350488935013295238e-12 4.359385016272152020e-12 1.953623962897873244e-12 1.255549340623587936e-12 1.449773410264570993e-12 2.413742063380127595e-12 1.685704466124787564e-12 8.515439136643485596e-13 2.282452975427360293e-12 2.445711790781330078e-12 2.384720763638474361e-12 1.858826296161443681e-12 3.851910263244901630e-12 6.230654595300888462e-12 7.602236886077290491e-12 9.188844192818175031e-12 5.431561363192130766e-12 -2.016358252481715819e-12 -1.144557173954968274e-12 5.059382682041685687e-12
-8.473004709141575767e-14 2.833045026254280343e-12 7.465004084793637636e-12 6.614537088984497728e-12 1.223010054331376428e-11 2.387642935208334273e-11 1.315916643196294862e-11 8.911541310973551838e-12 7.286800291510578510e-12 3.868738333657912644e-12 2.568218610623069577e-12 2.092355790086346363e-12 1.219727033881572122e-12 -1.833830423501762820e-13 6.292179070907938746e-13 2.125980712044915562e-12 2.907070300142810454e-12 -4.760997241083539304e-13 -4.293439381256960632e-13 3.741260815656939875e-12 6.514974499631320016e-12 4.981785524560474029e-12 1.354024573463397442e-12 -4.718445985245487797e-12 1.118058312728422230e-12 3.950911854028458877e-12
-1.018493266025176694e-12 -1.716115267865030499e-12 4.496040008477802265e-12 4.872280340529544256e-12 8.350488935013295238e-12 1.315916643196294862e-11 1.915070712623001116e-11 1.221329980619649636e-11 9.135139423552831221e-12 5.818469461098420443e-12 3.351448331658647688e-12 3.252337205603707850e-12 2.293027087680864080e-12 1.605395113227213141e-12 2.361833134291482361e-12 4.351556253070759334e-12 5.446116255374894491e-12 3.700126492108918600e-12 3.413929946645614742e-12 6.242429866603468545e-12 8.161052032473990227e-12 5.322851494235419247e-12 7.039314395580677048e-13 -2.379245285521499581e-12 5.474240186256894976e-12 1.840183012619730014e-12
-2.979960449221788756e-13 -3.850977091718711345e-12 1.810741379940688207e-12 2.180397459787796777e-12 4.359385016272152020e-12 8.911541310973551838e-12 1.221329980619649636e-11 1.998007883936598936e-11 1.427061478590741827e-11 1.100290259253638587e-11 7.650082656975116473e-12 7.398906046543365869e-12 5.087956643924049163e-12 4.746415945509094656e-12 4.540218742283276393e-12 6.536448131652735594e-12 8.587736293879197695e-12 7.208340701780185938e-12 7.827476561155116324e-12 7.463465170613699052e-12 2.903962051248439353e-12 -4.359331652977707537e-12 -8.845281030191045681e-12 -9.785825928264955575e-12 -6.435854949804238415e-12 -9.896243056295568639e-12
7.634754038683474591e-13 -2.405871090887174501e-12 1.488125451934042622e-12 2.710232048983647287e-12 1.953623962897873244e-12 7.286800291510578510e-12 9.135139423552831221e-12 1.427061478590741827e-11 2.137814138990833314e-11 1.622840840055599199e-11 1.168418177797780317e-11 1.085434440145813412e-11 8.200981273091713701e-12 7.646708815647441981e-12 7.021063202825657256e-12 8.323749035748265520e-12 1.175738023478181692e-11 9.807346881913126853e-12 1.025352671778444330e-11 1.135711766174105517e-11 8.117127240233109543e-12 2.481985733159980804e-12 3.427627794433137838e-13 -2.717489345617323670e-12 -5.287195597867266871e-12 -9.364133304366730369e-12
-1.989515172524333477e-12 -3.710901820286782742e-12 1.742349305669962563e-12 6.583725727380562607e-13 1.255549340623587936e-12 3.868738333657912644e-12 5.818469461098420443e-12 1.100290259253638587e-11 1.622840840055599199e-11 2.242428680425327035e-11 1.731066714024942936e-11 1.355742571718745590e-11 1.025231986992446420e-11 9.562011963473984056e-12 8.199957874586591158e-12 8.941353263022568856e-12 1.042857080317295368e-11 8.570218442407893316e-12 8.132239002896744822e-12 7.788423128289735903e-12 5.836673694096635852e-12 -3.065076689634283912e-13 -3.257671187410915789e-12 -7.063513417528453976e-12 -3.883986281192504452e-12 -1.113116698020184200e-11
-1.682233932814209887e-12 -8.011144620286207049e-13 3.571017901793879558e-12 6.046757590776610632e-13 1.449773410264570993e-12 2.568218610623069577e-12 3.351448331658647688e-12 7.650082656975116473e-12 1.168418177797780317e-11 1.731066714024942936e-11 2.262188975410262086e-11 1.937657367151841518e-11 1.460218932018681981e-11 1.305437786443377817e-11 1.120702154705650094e-11 1.083095600287367779e-11 1.100420856474757089e-11 1.048632894320906327e-11 1.008253633824789878e-11 9.829726787599689121e-12 6.323604888961753582e-12 -4.327688891437626370e-12 -8.804109126252442763e-12 -1.211350940232852050e-11 -7.870279587495283726e-12 -7.127552361019925900e-12
-2.509567567535011619e-12 -7.783102016550406370e-13 5.129015195598166192e-13 -4.542921149350188187e-13 2.413742063380127595e-12 2.092355790086346363e-12 3.252337205603707850e-12 7.398906046543365869e-12 1.085434440145813412e-11 1.355742571718745590e-11 1.937657367151841518e-11 2.861144873559453948e-11 2.594164586620178134e-11 2.310636877091521404e-11 2.036286624012010943e-11 1.867525744165493132e-11 1.875547238027849436e-11 1.782613301449798673e-11 1.662024047237518844e-11 1.732688241251534602e-11 1.012106076939164490e-11 -5.047675123147933085e-12 -6.615519909287117831e-12 -8.418553158497998129e-12 -9.352296571195651451e-12 -5.299577927637954034e-12
-6.026040141160803838e-12 4.533555447967590497e-13 -1.115345807846489976e-12 -1.702661892953842719e-12 1.685704466124787564e-12 1.219727033881572122e-12 2.293027087680864080e-12 5.087956643924049163e-12 8.200981273091713701e-12 1.025231986992446420e-11 1.460218932018681981e-11 2.594164586620178134e-11 3.638179925733111224e-11 3.485115513871618120e-11 3.148897765503144446e-11 2.924200896244692142e-11 2.840482630440987527e-11 2.857365941975154196e-11 2.828856636651583506e-11 2.826469413012819906e-11 1.715366634980356264e-11 -6.710996340435870674e-12 -7.335808508135443668e-12 -3.556243304053765490e-12 -9.877045530223843121e-12 -7.764081760376155192e-12
-7.714195362633843049e-12 -2.958558143980438873e-13 9.871872323280465838e-14 -1.188931164586552522e-12 8.515439136643485596e-13 -1.833830423501762820e-13 1.605395113227213141e-12 4.746415945509094656e-12 7.646708815647441981e-12 9.562011963473984056e-12 1.305437786443377817e-11 2.310636877091521404e-11 3.485115513871618120e-11 4.694089299429646047e-11 4.794593574756408349e-11 4.678234862230683573e-11 4.634420277662988059e-11 4.680442513632267151e-11 4.777573061504128381e-11 4.871546969312876540e-11 3.527606349695861102e-11 -6.351625280358597143e-13 -6.399541068301582102e-12 -9.859080986951883182e-13 -5.821903584268069348e-12 -4.120364765544541993e-12
-7.297343374968732344e-12 3.430573431750891540e-12 6.439042114792818646e-13 9.528159741271284852e-14 2.282452975427360293e-12 6.292179070907938746e-13 2.361833134291482361e-12 4.540218742283276393e-12 7.021063202825657256e-12 8.199957874586591158e-12 1.120702154705650094e-11 2.036286624012010943e-11 3.148897765503144446e-11 4.794593574756408349e-11 6.446677313560712657e-11 6.811339044466182413e-11 6.821656062524519992e-11 6.920490631236545441e-11 7.074263203348029058e-11 7.556326614235225842e-11 6.290417664375593944e-11 1.374989585107874109e-11 -3.149526368347547889e-12 -3.653921760478689714e-12 -4.741441734246557522e-12 -3.682560519425887045e-12
-6.904046409351354971e-12 1.854735318402375888e-12 -3.921820118808336642e-12 -7.959090680718052543e-13 2.445711790781330078e-12 2.125980712044915562e-12 4.351556253070759334e-12 6.536448131652735594e-12 8.323749035748265520e-12 8.941353263022568856e-12 1.083095600287367779e-11 1.867525744165493132e-11 2.924200896244692142e-11 4.678234862230683573e-11 6.811339044466182413e-11 8.805050076872770078e-11 9.480819672123425903e-11 9.883314745127290387e-11 1.027812531900494881e-10 1.111667727388613366e-10 1.001554416431149914e-10 3.944977262658109489e-11 5.911520170040849409e-12 1.029036528723714721e-12 -4.416767857401627006e-12 -7.880482106274707745e-12
-3.255737383992972030e-12 -9.503112050225424344e-13 -6.258895389944544570e-12 1.645184910299240968e-13 2.384720763638474361e-12 2.907070300142810454e-12 5.446116255374894491e-12 8.587736293879197695e-12 1.175738023478181692e-11 1.042857080317295368e-11 1.100420856474757089e-11 1.875547238027849436e-11 2.840482630440987527e-11 4.634420277662988059e-11 6.821656062524519992e-11 9.480819672123425903e-11 1.190642898710213542e-10 1.288911481477545656e-10 1.358110133331411536e-10 1.480031301880802597e-10 1.371196817376545485e-10 6.623430170013678084e-11 1.476931216227451032e-11 5.444969391821168923e-12 -7.122504952036963382e-12 -1.287433935163357253e-11
-1.860505317925396693e-12 -1.514569688667763040e-12 -8.809578973872321720e-12 -7.181238951452494222e-13 1.858826296161443681e-12 -4.760997241083539304e-13 3.700126492108918600e-12 7.208340701780185938e-12 9.807346881913126853e-12 8.570218442407893316e-12 1.048632894320906327e-11 1.782613301449798673e-11 2.857365941975154196e-11 4.680442513632267151e-11 6.920490631236545441e-11 9.883314745127290387e-11 1.288911481477545656e-10 1.608443005885665980e-10 1.776148236644331825e-10 1.936997516772138845e-10 1.833267242618487252e-10 1.021117673179222696e-10 2.608243951960260835e-11 9.784963667238994908e-12 -1.024324229591040693e-11 -1.540102582291630929e-11
-5.103327308250906367e-12 -5.554742186332431201e-12 -1.143732939191639620e-11 2.402176239133061746e-12 3.851910263244901630e-12 -4.293439381256960632e-13 3.413929946645614742e-12 7.827476561155116324e-12 1.025352671778444330e-11 8.132239002896744822e-12 1.008253633824789878e-11 1.662024047237518844e-11 2.828856636651583506e-11 4.777573061504128381e-11 7.074263203348029058e-11 1.027812531900494881e-10 1.358110133331411536e-10 1.776148236644331825e-10 2.207090313325407677e-10 2.506607402969118580e-10 2.446100235101638653e-10 1.573128906102730716e-10 5.303996842764011063e-11 2.071216740678547515e-11 -6.754844297628748623e-12 -1.695787476164358962e-11
-3.559307724260121280e-12 -3.024146131691527626e-12 -1.275355151837489599e-11 3.981672345389871707e-12 6.230654595300888462e-12 3.741260815656939875e-12 6.242429866603468545e-12 7.463465170613699052e-12 1.135711766174105517e-11 7.788423128289735903e-12 9.829726787599689121e-12 1.732688241251534602e-11 2.826469413012819906e-11 4.871546969312876540e-11 7.556326614235225842e-11 1.111667727388613366e-10 1.480031301880802597e-10 1.936997516772138845e-10 2.506607402969118580e-10 3.257930604305140104e-10 3.447041692731497001e-10 2.566254667107412185e-10 1.200658551921920261e-10 4.137428768426785040e-11 2.266403087939346280e-12 -1.358864367050442670e-11
-2.313378081137473030e-12 2.294958143371088359e-12 -1.008989521023969799e-11 4.740988693265204538e-12 7.602236886077290491e-12 6.514974499631320016e-12 8.161052032473990227e-12 2.903962051248439353e-12 8.117127240233109543e-12 5.836673694096635852e-12 6.323604888961753582e-12 1.012106076939164490e-11 1.715366634980356264e-11 3.527606349695861102e-11 6.290417664375593944e-11 1.001554416431149914e-10 1.371196817376545485e-10 1.833267242618487252e-10 2.446100235101638653e-10 3.447041692731497001e-10 4.372965691105220395e-10 3.950286225944259705e-10 2.420114550336664508e-10 7.529533115728252626e-11 -3.046403557187741054e-13 -1.696454505889652824e-11
-3.410253486590791109e-12 9.829460232577327549e-12 -2.393877427953525544e-12 7.503148371299364246e-12 9.188844192818175031e-12 4.981785524560474029e-12 5.322851494235419247e-12 -4.359331652977707537e-12 2.481985733159980804e-12 -3.065076689634283912e-13 -4.327688891437626370e-12 -5.047675123147933085e-12 -6.710996340435870674e-12 -6.351625280358597143e-13 1.374989585107874109e-11 3.944977262658109489e-11 6.623430170013678084e-11 1.021117673179222696e-10 1.573128906102730716e-10 2.566254667107412185e-10 3.950286225944259705e-10 4.864985811815458286e-10 3.919117680632925323e-10 1.586220847834836901e-10 1.249422147135386550e-11 -8.848209137756679057e-12
-3.922853069766927631e-12 1.206284736211534499e-11 -8.862696428257482636e-13 5.971149974327803916e-12 5.431561363192130766e-12 1.354024573463397442e-12 7.039314395580677048e-13 -8.845281030191045681e-12 3.427627794433137838e-13 -3.257671187410915789e-12 -8.804109126252442763e-12 -6.615519909287117831e-12 -7.335808508135443668e-12 -6.399541068301582102e-12 -3.149526368347547889e-12 5.911520170040849409e-12 1.476931216227451032e-11 2.608243951960260835e-11 5.303996842764011063e-11 1.200658551921920261e-10 2.420114550336664508e-10 3.919117680632925323e-10 4.580042596278406102e-10 2.886995320939996773e-10 6.953684460422335865e-11 1.600888677570277981e-11
-6.316456940324640822e-13 2.959558141091037111e-12 -5.592111284908607552e-12 3.361513478741413306e-12 -2.016358252481715819e-12 -4.718445985245487797e-12 -2.379245285521499581e-12 -9.785825928264955575e-12 -2.717489345617323670e-12 -7.063513417528453976e-12 -1.211350940232852050e-11 -8.418553158497998129e-12 -3.556243304053765490e-12 -9.859080986951883182e-13 -3.653921760478689714e-12 1.029036528723714721e-12 5.444969391821168923e-12 9.784963667238994908e-12 2.071216740678547515e-11 4.137428768426785040e-11 7.529533115728252626e-11 1.586220847834836901e-10 2.886995320939996773e-10 3.615138186280851096e-10 2.049695687622213438e-10 4.688324130523190203e-11
8.754104570719609168e-12 -1.239011748209020879e-12 -3.210321434600538303e-13 7.135771619107797138e-12 -1.144557173954968274e-12 1.118058312728422230e-12 5.474240186256894976e-12 -6.435854949804238415e-12 -5.287195597867266871e-12 -3.883986281192504452e-12 -7.870279587495283726e-12 -9.352296571195651451e-12 -9.877045530223843121e-12 -5.821903584268069348e-12 -4.741441734246557522e-12 -4.416767857401627006e-12 -7.122504952036963382e-12 -1.024324229591040693e-11 -6.754844297628748623e-12 2.266403087939346280e-12 -3.046403557187741054e-13 1.249422147135386550e-11 6.953684460422335865e-11 2.049695687622213438e-10 3.084050434919933145e-10 1.650985291888463948e-10
3.875107203380724356e-12 1.737420896128228265e-12 2.606409404773774077e-12 1.139091242821455125e-11 5.059382682041685687e-12 3.950911854028458877e-12 1.840183012619730014e-12 -9.896243056295568639e-12 -9.364133304366730369e-12 -1.113116698020184200e-11 -7.127552361019925900e-12 -5.299577927637954034e-12 -7.764081760376155192e-12 -4.120364765544541993e-12 -3.682560519425887045e-12 -7.880482106274707745e-12 -1.287433935163357253e-11 -1.540102582291630929e-11 -1.695787476164358962e-11 -1.358864367050442670e-11 -1.696454505889652824e-11 -8.848209137756679057e-12 1.600888677570277981e-11 4.688324130523190203e-11 1.650985291888463948e-10 3.364431127377470501e-10
