5.750278837921027809e-11 1.218911922765942931e-11 6.031468848661314494e-12 2.346885919597262538e-12 1.556575302903419026e-12 1.928956100098732228e-12 1.754508504644175364e-12 2.871839412749167231e-12 3.165878912005330256e-12 8.888327755024612773e-13 -2.714963094212543347e-12 -6.784866361306389956e-13 -3.106478363205760627e-13 1.709397708682153395e-12 2.309134666931696612e-12 4.664917255432889049e-12 9.838935166047514824e-12 1.898986003170248581e-11 2.494676489630354171e-11 2.818597184348947583e-11 1.824072407482983523e-11 6.803412485894520191e-12 -2.407860086076175638e-12 -2.000622006962771354e-12 1.303642300219636407e-11 3.766058394432290286e-11
1.218911922765942931e-11 4.420917324082155968e-11 9.896394452451565169e-12 5.484778013940220042e-12 4.912712135794044594e-12 4.177622233698656562e-12 4.022592336135056937e-12 3.906453392180645740e-13 1.776099784693766703e-12 3.929965069129371207e-12 2.072745678212262968e-12 5.881937706808852961e-12 6.971554218944934651e-12 5.562953900392035617e-12 5.720685447491342684e-12 6.935737430189517721e-12 8.308358513579446770e-12 5.810789902438963912e-12 1.075601197990359398e-11 1.863098943587553768e-11 1.395605121017169255e-11 4.642617307563928463e-12 4.434539691102811034e-12 1.716820767726429775e-11 5.655835002860203354e-12 -1.233177546753749559e-11
6.031468848661314494e-12 9.896394452451565169e-12 3.812801930167612534e-11 1.476398401966307367e-11 8.114172542911268749e-12 6.466879817773115148e-12 3.867298745770169908e-12 7.051146975231267027e-13 -1.192967763765048888e-13 1.885950951970605338e-12 -1.355616328208552244e-13 -1.335256659265639188e-12 -9.094343707241059026e-13 -7.490908700494943694e-13 -2.766718970878631529e-12 -6.309215542076674308e-12 -7.182185555986132792e-12 -1.044179010818431818e-11 -1.142396877014068421e-11 -1.271680275319881736e-11 -2.231791010065251850e-11 -1.945835819062084669e-11 -1.454897815951500751e-11 3.852032266877297417e-12 5.938658533301439647e-12 7.148562740180101082e-12
2.346885919597262538e-12 5.484778013940220042e-12 1.476398401966307367e-11 3.184750259115445813e-11 1.551344303157684793e-11 1.005370623830291877e-11 5.844146826185765506e-12 3.427375276358215603e-12 3.225317378772521905e-12 2.781095042221825521e-12 -1.070423122160497957e-12 -2.295087461255873221e-13 -1.961383046913844481e-12 -5.886840867442325884e-13 2.573654303235819588e-12 4.956017279765003567e-12 8.915683377050524357e-12 9.187493826196359488e-12 1.616225551196471728e-11 1.987260646186538773e-11 1.953094301562040527e-11 2.000247090081255652e-11 1.800531494834490144e-11 8.587610828869592173e-12 -8.778824355378275872e-12 -8.345429565506158587e-12
1.556575302903419026e-12 4.912712135794044594e-12 8.114172542911268749e-12 1.551344303157684793e-11 2.650676266486646595e-11 1.286413194051979806e-11 8.959199165203502461e-12 5.387031733620958037e-12 4.255092765347966467e-12 5.332034553421051044e-12 2.906252870662198734e-12 3.979341693177291581e-12 3.209893044913131968e-12 3.420565336830881131e-12 5.082604211381389865e-12 5.033008933445885198e-12 8.045473602642540049e-12 1.207417840425887352e-11 1.860271113721510480e-11 2.129370107543193676e-11 1.984211024593662175e-11 1.393104873811648924e-11 1.147648409445048721e-11 1.022546551211645061e-11 -3.528660452315255804e-12 -1.564840340051490518e-11
1.928956100098732228e-12 4.177622233698656562e-12 6.466879817773115148e-12 1.005370623830291877e-11 1.286413194051979806e-11 2.223620693288588362e-11 1.374507946397686507e-11 9.458487796781094462e-12 5.786815607404805792e-12 6.917243592762088635e-12 4.988209133122517500e-12 5.554159651373788704e-12 6.003920355775107585e-12 2.919923499424194187e-12 3.864870012846281591e-12 6.685852088711206709e-12 9.878431540051377635e-12 1.123571760576263243e-11 1.688464902081398001e-11 2.319639576960097192e-11 2.800255828519488271e-11 2.756766776954248217e-11 2.040850343763157634e-11 7.238917016941241265e-12 9.905507447324082844e-12 -4.044701092098691777e-12
1.754508504644175364e-12 4.022592336135056937e-12 3.867298745770169908e-12 5.844146826185765506e-12 8.959199165203502461e-12 1.374507946397686507e-11 2.513093143783958980e-11 1.855481541266929947e-11 1.322093569374957404e-11 1.261282433046479945e-11 1.123206808085216099e-11 1.014391146707262108e-11 1.043446134675229497e-11 1.058258861744318293e-11 1.252697331369346631e-11 1.518082735456095811e-11 1.861293474716517798e-11 2.160262834592292558e-11 2.651537183960850296e-11 2.865397062907889514e-11 2.657627132336171605e-11 1.582782943398278896e-11 1.115146635512663103e-11 4.919641478459615735e-12 1.402644023703685105e-11 9.515830893293661022e-12
2.871839412749167231e-12 3.906453392180645740e-13 7.051146975231267027e-13 3.427375276358215603e-12 5.387031733620958037e-12 9.458487796781094462e-12 1.855481541266929947e-11 2.735845084551185583e-11 2.008088581729227621e-11 1.643536733594448216e-11 1.390695871870439461e-11 1.187770853506485565e-11 1.237857789701200547e-11 1.386484072652502028e-11 1.571783921592569697e-11 1.832027652059673179e-11 2.237123451872091435e-11 2.428533723169129017e-11 2.537770754771253896e-11 2.271142799573757904e-11 1.657552699395050066e-11 1.533136306484526460e-12 -3.094929911014812529e-12 -3.037008922746896919e-12 1.031910559512363168e-11 9.460398918432152558e-12
3.165878912005330256e-12 1.776099784693766703e-12 -1.192967763765048888e-13 3.225317378772521905e-12 4.255092765347966467e-12 5.786815607404805792e-12 1.322093569374957404e-11 2.008088581729227621e-11 2.838589947085929273e-11 2.487957562573371768e-11 2.159944869842471215e-11 2.090188137242640986e-11 2.199126703580037140e-11 2.466999189621621967e-11 2.761792423178980577e-11 2.891984166289421360e-11 3.335066643130502191e-11 3.732152508359774355e-11 4.444017349764330150e-11 5.046943847517266204e-11 5.203651070142287422e-11 3.657544567723065403e-11 2.629956679019632420e-11 1.427621632990355477e-11 1.173919286170525898e-11 8.734795692977442831e-12
8.888327755024612773e-13 3.929965069129371207e-12 1.885950951970605338e-12 2.781095042221825521e-12 5.332034553421051044e-12 6.917243592762088635e-12 1.261282433046479945e-11 1.643536733594448216e-11 2.487957562573371768e-11 3.212695511077167504e-11 2.829889331501161184e-11 2.666823243975151893e-11 2.756553839393113536e-11 3.004201103974019103e-11 3.322876478580929877e-11 3.490866014586364709e-11 3.896909508253547726e-11 4.243060579291467125e-11 4.784546934228918240e-11 5.219838735747024809e-11 5.295030647886651236e-11 3.874803192198332637e-11 3.410372456157579512e-11 2.558671665225816625e-11 1.381899911574857644e-11 -2.287942169203730662e-12
-2.714963094212543347e-12 2.072745678212262968e-12 -1.355616328208552244e-13 -1.070423122160497957e-12 2.906252870662198734e-12 4.988209133122517500e-12 1.123206808085216099e-11 1.390695871870439461e-11 2.159944869842471215e-11 2.829889331501161184e-11 3.649452910460875501e-11 3.559242992837133896e-11 3.549177056019093083e-11 3.867441422648635168e-11 4.117771651685427386e-11 4.235843689311083478e-11 4.746698273626317649e-11 5.188827814439140935e-11 5.623084835956682474e-11 6.210627723335942084e-11 6.053706617211979797e-11 3.950618086309990919e-11 2.637360942513918971e-11 1.811153253473619159e-11 2.107825741174459671e-11 -5.887422867227183726e-12
-6.784866361306389956e-13 5.881937706808852961e-12 -1.335256659265639188e-12 -2.295087461255873221e-13 3.979341693177291581e-12 5.554159651373788704e-12 1.014391146707262108e-11 1.187770853506485565e-11 2.090188137242640986e-11 2.666823243975151893e-11 3.559242992837133896e-11 5.107312131581482082e-11 5.440233756686611697e-11 5.800553543723177076e-11 6.148062493112410460e-11 6.431156982339442898e-11 7.042419004877141169e-11 7.600441694780886443e-11 8.112521531139218590e-11 8.698353774238632739e-11 8.129184762053119616e-11 4.829979388955759879e-11 3.542519529097546867e-11 2.139662895699041216e-11 3.115650395811412828e-12 -2.035071906788629057e-11
-3.106478363205760627e-13 6.971554218944934651e-12 -9.094343707241059026e-13 -1.961383046913844481e-12 3.209893044913131968e-12 6.003920355775107585e-12 1.043446134675229497e-11 1.237857789701200547e-11 2.199126703580037140e-11 2.756553839393113536e-11 3.549177056019093083e-11 5.440233756686611697e-11 7.357212432006776294e-11 8.099095505168861493e-11 8.571871538135530120e-11 8.964432358761790909e-11 9.625266366010837491e-11 1.040192949186935418e-10 1.127920223634699044e-10 1.222541477731386162e-10 1.124209621465370722e-10 5.954897237037544909e-11 3.833214842328325156e-11 2.436523120176018769e-11 1.490702824598162317e-11 -9.617285646216561526e-12
1.709397708682153395e-12 5.562953900392035617e-12 -7.490908700494943694e-13 -5.886840867442325884e-13 3.420565336830881131e-12 2.919923499424194187e-12 1.058258861744318293e-11 1.386484072652502028e-11 2.466999189621621967e-11 3.004201103974019103e-11 3.867441422648635168e-11 5.800553543723177076e-11 8.099095505168861493e-11 1.090382584943161369e-10 1.210856158856569576e-10 1.297364554545748420e-10 1.403589821038318085e-10 1.548352325200711913e-10 1.683429770918599741e-10 1.777858245941937229e-10 1.556784484161163428e-10 6.787093449638938292e-11 1.736992900507699702e-11 4.106451870628886846e-13 1.150659501271497105e-11 -3.521162584175176803e-12
2.309134666931696612e-12 5.720685447491342684e-12 -2.766718970878631529e-12 2.573654303235819588e-12 5.082604211381389865e-12 3.864870012846281591e-12 1.252697331369346631e-11 1.571783921592569697e-11 2.761792423178980577e-11 3.322876478580929877e-11 4.117771651685427386e-11 6.148062493112410460e-11 8.571871538135530120e-11 1.210856158856569576e-10 1.585232829021260778e-10 1.804832235554239538e-10 2.006703725060517264e-10 2.220255009640958269e-10 2.408429232778902730e-10 2.543114973784748899e-10 2.327296860328417782e-10 1.183702918262066016e-10 4.017617024338141267e-11 -3.547786298150151981e-12 -5.381466490941912748e-12 -1.196711626345088356e-12
4.664917255432889049e-12 6.935737430189517721e-12 -6.309215542076674308e-12 4.956017279765003567e-12 5.033008933445885198e-12 6.685852088711206709e-12 1.518082735456095811e-11 1.832027652059673179e-11 2.891984166289421360e-11 3.490866014586364709e-11 4.235843689311083478e-11 6.431156982339442898e-11 8.964432358761790909e-11 1.297364554545748420e-10 1.804832235554239538e-10 2.314998476392757290e-10 2.727373918982845728e-10 3.073506319736102826e-10 3.327551816725342081e-10 3.507125701093779828e-10 3.298967104896555544e-10 1.757777862869858037e-10 5.806868859911979443e-11 -6.128543327339772408e-12 -1.232565950354655740e-11 -1.349826920481936704e-11
9.838935166047514824e-12 8.308358513579446770e-12 -7.182185555986132792e-12 8.915683377050524357e-12 8.045473602642540049e-12 9.878431540051377635e-12 1.861293474716517798e-11 2.237123451872091435e-11 3.335066643130502191e-11 3.896909508253547726e-11 4.746698273626317649e-11 7.042419004877141169e-11 9.625266366010837491e-11 1.403589821038318085e-10 2.006703725060517264e-10 2.727373918982845728e-10 3.564736631214653847e-10 4.221950782960696697e-10 4.648983264063823012e-10 4.960530732321714183e-10 4.725796439774047984e-10 2.611939424541177288e-10 8.385976824386379532e-11 -6.151093352961805518e-12 -2.068210678617399391e-11 -3.580964819375693911e-11
1.898986003170248581e-11 5.810789902438963912e-12 -1.044179010818431818e-11 9.187493826196359488e-12 1.207417840425887352e-11 1.123571760576263243e-11 2.160262834592292558e-11 2.428533723169129017e-11 3.732152508359774355e-11 4.243060579291467125e-11 5.188827814439140935e-11 7.600441694780886443e-11 1.040192949186935418e-10 1.548352325200711913e-10 2.220255009640958269e-10 3.073506319736102826e-10 4.221950782960696697e-10 5.531323375738090700e-10 6.428366877862279672e-10 7.055128955248326045e-10 6.877431635370679944e-10 4.284093098671015950e-10 1.666777046396868975e-10 1.711809401793684906e-11 -3.891550615667294864e-11 -7.771727708644941090e-11
2.494676489630354171e-11 1.075601197990359398e-11 -1.142396877014068421e-11 1.616225551196471728e-11 1.860271113721510480e-11 1.688464902081398001e-11 2.651537183960850296e-11 2.537770754771253896e-11 4.444017349764330150e-11 4.784546934228918240e-11 5.623084835956682474e-11 8.112521531139218590e-11 1.127920223634699044e-10 1.683429770918599741e-10 2.408429232778902730e-10 3.327551816725342081e-10 4.648983264063823012e-10 6.428366877862279672e-10 8.250713244070699410e-10 9.678952207573557574e-10 9.908076679540349041e-10 7.050144504804282579e-10 3.226079912636567584e-10 5.603610051239980148e-11 -4.449864415994277789e-11 -1.029994585435874816e-10
2.818597184348947583e-11 1.863098943587553768e-11 -1.271680275319881736e-11 1.987260646186538773e-11 2.129370107543193676e-11 2.319639576960097192e-11 2.865397062907889514e-11 2.271142799573757904e-11 5.046943847517266204e-11 5.219838735747024809e-11 6.210627723335942084e-11 8.698353774238632739e-11 1.222541477731386162e-10 1.777858245941937229e-10 2.543114973784748899e-10 3.507125701093779828e-10 4.960530732321714183e-10 7.055128955248326045e-10 9.678952207573557574e-10 1.251180285883892470e-09 1.380812817890269500e-09 1.111233305397879910e-09 5.963605919061566974e-10 1.287258494803307333e-10 -4.795412787370173896e-11 -1.398201213589631439e-10
1.824072407482983523e-11 1.395605121017169255e-11 -2.231791010065251850e-11 1.953094301562040527e-11 1.984211024593662175e-11 2.800255828519488271e-11 2.657627132336171605e-11 1.657552699395050066e-11 5.203651070142287422e-11 5.295030647886651236e-11 6.053706617211979797e-11 8.129184762053119616e-11 1.124209621465370722e-10 1.556784484161163428e-10 2.327296860328417782e-10 3.298967104896555544e-10 4.725796439774047984e-10 6.877431635370679944e-10 9.908076679540349041e-10 1.380812817890269500e-09 1.691984254037190320e-09 1.547419655715945532e-09 9.654293120633098818e-10 2.368739511877293555e-10 -7.967844003093962524e-11 -1.960949428494775645e-10
6.803412485894520191e-12 4.642617307563928463e-12 -1.945835819062084669e-11 2.000247090081255652e-11 1.393104873811648924e-11 2.756766776954248217e-11 1.582782943398278896e-11 1.533136306484526460e-12 3.657544567723065403e-11 3.874803192198332637e-11 3.950618086309990919e-11 4.829979388955759879e-11 5.954897237037544909e-11 6.787093449638938292e-11 1.183702918262066016e-10 1.757777862869858037e-10 2.611939424541177288e-10 4.284093098671015950e-10 7.050144504804282579e-10 1.111233305397879910e-09 1.547419655715945532e-09 1.759496526084449812e-09 1.379670458010029510e-09 5.101018242836887717e-10 -6.573042419535086503e-11 -2.138901771483943048e-10
-2.407860086076175638e-12 4.434539691102811034e-12 -1.454897815951500751e-11 1.800531494834490144e-11 1.147648409445048721e-11 2.040850343763157634e-11 1.115146635512663103e-11 -3.094929911014812529e-12 2.629956679019632420e-11 3.410372456157579512e-11 2.637360942513918971e-11 3.542519529097546867e-11 3.833214842328325156e-11 1.736992900507699702e-11 4.017617024338141267e-11 5.806868859911979443e-11 8.385976824386379532e-11 1.666777046396868975e-10 3.226079912636567584e-10 5.963605919061566974e-10 9.654293120633098818e-10 1.379670458010029510e-09 1.539302556612056476e-09 9.679740379279143478e-10 9.066854361469012806e-11 -1.624115380535505942e-10
-2.000622006962771354e-12 1.716820767726429775e-11 3.852032266877297417e-12 8.587610828869592173e-12 1.022546551211645061e-11 7.238917016941241265e-12 4.919641478459615735e-12 -3.037008922746896919e-12 1.427621632990355477e-11 2.558671665225816625e-11 1.811153253473619159e-11 2.139662895699041216e-11 2.436523120176018769e-11 4.106451870628886846e-13 -3.547786298150151981e-12 -6.128543327339772408e-12 -6.151093352961805518e-12 1.711809401793684906e-11 5.603610051239980148e-11 1.287258494803307333e-10 2.368739511877293555e-10 5.101018242836887717e-10 9.679740379279143478e-10 1.145917867661947872e-09 4.981577085750740664e-10 -1.099782117197262635e-11
1.303642300219636407e-11 5.655835002860203354e-12 5.938658533301439647e-12 -8.778824355378275872e-12 -3.528660452315255804e-12 9.905507447324082844e-12 1.402644023703685105e-11 1.031910559512363168e-11 1.173919286170525898e-11 1.381899911574857644e-11 2.107825741174459671e-11 3.115650395811412828e-12 1.490702824598162317e-11 1.150659501271497105e-11 -5.381466490941912748e-12 -1.232565950354655740e-11 -2.068210678617399391e-11 -3.891550615667294864e-11 -4.449864415994277789e-11 -4.795412787370173896e-11 -7.967844003093962524e-11 -6.573042419535086503e-11 9.066854361469012806e-11 4.981577085750740664e-10 9.581755390072884275e-10 5.063625012889822802e-10
3.766058394432290286e-11 -1.233177546753749559e-11 7.148562740180101082e-12 -8.345429565506158587e-12 -1.564840340051490518e-11 -4.044701092098691777e-12 9.515830893293661022e-12 9.460398918432152558e-12 8.734795692977442831e-12 -2.287942169203730662e-12 -5.887422867227183726e-12 -2.035071906788629057e-11 -9.617285646216561526e-12 -3.521162584175176803e-12 -1.196711626345088356e-12 -1.349826920481936704e-11 -3.580964819375693911e-11 -7.771727708644941090e-11 -1.029994585435874816e-10 -1.398201213589631439e-10 -1.960949428494775645e-10 -2.138901771483943048e-10 -1.624115380535505942e-10 -1.099782117197262635e-11 5.063625012889822802e-10 9.898215622565705498e-10
