8.182937893761084606e-11 1.517122524928814874e-11 1.472185124257944616e-11 6.467772536206379456e-12 6.673728620781347465e-12 7.386684381490459233e-12 1.167909435868502056e-12 4.292642639025781978e-12 1.970472712128153774e-12 1.459701930157160554e-12 2.876011436424748611e-13 3.912146316954283929e-12 8.348301298081872187e-12 1.181740910338849824e-11 1.665664554058700570e-11 1.985341607003953013e-11 2.250370338321078162e-11 2.676835606977680701e-11 3.345470520292564754e-11 3.902054311447620177e-11 2.797077860927581123e-11 1.564533956021798944e-11 -3.478045602771945233e-12 -9.221194573027278067e-12 -4.678652289906368133e-13 -1.083344037631414296e-12
1.517122524928814874e-11 6.171603377914335099e-11 1.702758653966935362e-11 1.071204534785619577e-11 4.159761014815570771e-12 4.335712830460177951e-12 -6.744710085808132410e-13 2.928363022437053153e-12 2.891699105583448307e-12 -1.436102887519204343e-13 -1.653658073778669788e-12 6.189997684118285885e-13 9.024594975216057783e-12 1.069175201925993676e-11 9.517947682141749899e-12 7.855422400955315895e-12 7.491827568695255836e-12 1.117286450702844813e-11 1.069943676143659959e-11 6.113346583785604879e-12 -1.034563964190635772e-11 -2.030845475194157413e-11 -3.507550435767881559e-11 -3.296792843722079783e-11 -8.296227478926475147e-12 -6.868566920306844913e-12
1.472185124257944616e-11 1.702758653966935362e-11 5.774537274251841018e-11 1.620047849208402491e-11 8.025340029069548704e-12 8.081443877502294216e-12 4.319361841494637472e-12 2.810219215079010275e-12 6.293343263621966887e-12 6.486605170483576090e-12 6.095852812025394752e-12 6.743898605360592398e-12 1.062415970064434630e-11 1.712697021363829442e-11 2.246282971707212346e-11 2.496900439839134298e-11 3.098149039398017383e-11 3.813608821406461728e-11 3.872653856362225455e-11 3.875863586853940172e-11 2.865061370815231866e-11 1.885708296135966928e-11 3.957085756432670629e-12 -6.521579569375252940e-12 -1.517927375520092915e-11 -6.462817962498709708e-12
6.467772536206379456e-12 1.071204534785619577e-11 1.620047849208402491e-11 3.599436093467113667e-11 1.379619361406371191e-11 8.404740962521775833e-12 3.880465595864630291e-12 2.405929203216853270e-12 1.787197791016993880e-12 1.294323236103494694e-12 1.742243048599370167e-12 -1.368185946510659688e-12 -2.357143531777002514e-12 -9.970429642343772716e-13 1.350769707625026958e-12 3.960865398074265004e-12 6.172127632331389129e-12 5.656188865773696222e-12 8.855067900766819198e-12 1.818554989098382557e-11 1.883310177697243076e-11 1.391837714164219848e-11 -2.769159091175946784e-12 -1.581168260758934357e-11 1.565314370536252275e-13 9.266574422174008568e-14
6.673728620781347465e-12 4.159761014815570771e-12 8.025340029069548704e-12 1.379619361406371191e-11 3.509182016755881236e-11 1.895256739849560283e-11 1.152767598677887230e-11 1.109057755129648725e-11 7.375565459269581878e-12 8.075249143454276124e-12 8.622473267393961565e-12 8.153550302809084256e-12 9.552451609997143596e-12 1.160578699452934595e-11 1.714957789178485788e-11 2.042688269068400542e-11 2.017926876183572469e-11 2.016076818449698308e-11 2.531105190074089933e-11 2.995546230184228651e-11 2.238306940622174149e-11 3.471156842431905384e-12 -1.083775710840219289e-11 -1.376474788594472665e-11 -4.289022630182180853e-12 1.628818259122078850e-12
7.386684381490459233e-12 4.335712830460177951e-12 8.081443877502294216e-12 8.404740962521775833e-12 1.895256739849560283e-11 3.094429695768803551e-11 1.649207001614614432e-11 1.380875460262865431e-11 1.075907462735054353e-11 9.398217465985496020e-12 7.076505309209597323e-12 5.718744944037096449e-12 8.509540448124424068e-12 9.680035132737406285e-12 1.428151533992538166e-11 1.865625283930547256e-11 2.277793192349352191e-11 2.838793050998047296e-11 3.353281301729484864e-11 3.135601612009843354e-11 2.095846899882321227e-11 3.069313283886376932e-12 -2.290963040589462619e-11 -1.385774479500923145e-11 -1.135486276875648510e-12 8.385860089289154127e-12
1.167909435868502056e-12 -6.744710085808132410e-13 4.319361841494637472e-12 3.880465595864630291e-12 1.152767598677887230e-11 1.649207001614614432e-11 2.967388956229734907e-11 1.991749801712950569e-11 1.576898429832513312e-11 1.235297631377002438e-11 1.154396521314094441e-11 1.091758100324266653e-11 1.533850556497945622e-11 1.821457293014468867e-11 2.099890575520744305e-11 2.310660190822010208e-11 2.549665387323242552e-11 3.171034141046772787e-11 3.887348158132245300e-11 3.259721325509962791e-11 1.600091609940960167e-11 -1.253143991203633590e-11 -3.171733244595683600e-11 -2.286201488136411743e-11 -1.307578036992140635e-11 -1.131446983000673709e-11
4.292642639025781978e-12 2.928363022437053153e-12 2.810219215079010275e-12 2.405929203216853270e-12 1.109057755129648725e-11 1.380875460262865431e-11 1.991749801712950569e-11 3.225567442631527549e-11 2.616314842658027762e-11 2.093521366216579652e-11 1.702489485681540253e-11 1.719527791313954493e-11 2.081848067422644552e-11 2.429448564476318470e-11 2.846136296059197130e-11 3.322122637099862741e-11 3.926647908524947985e-11 4.600604968067146013e-11 5.318866111492930981e-11 5.088495543117520366e-11 2.937644551681256826e-11 -4.617170170065109840e-12 -1.492069064281363082e-11 -6.473800897447555552e-12 -4.747778087156305140e-12 6.824732117219895553e-12
1.970472712128153774e-12 2.891699105583448307e-12 6.293343263621966887e-12 1.787197791016993880e-12 7.375565459269581878e-12 1.075907462735054353e-11 1.576898429832513312e-11 2.616314842658027762e-11 3.993282609562484562e-11 3.353366389448212829e-11 2.961677235909446610e-11 2.823424836045554097e-11 3.120130557034845436e-11 3.730368397998669822e-11 4.437919832565832713e-11 4.968482504402293023e-11 5.731982822054410962e-11 6.687837444592907227e-11 7.385604289129258398e-11 7.183851459474882124e-11 4.521293643595712132e-11 1.627998148455529065e-12 -4.001595323258989143e-12 2.950717439927346874e-12 -2.076168111844011997e-11 -7.566801855537917541e-12
1.459701930157160554e-12 -1.436102887519204343e-13 6.486605170483576090e-12 1.294323236103494694e-12 8.075249143454276124e-12 9.398217465985496020e-12 1.235297631377002438e-11 2.093521366216579652e-11 3.353366389448212829e-11 4.406322467215452657e-11 4.049381454021739422e-11 3.769284738572905053e-11 4.161428052368871251e-11 4.883485526501456633e-11 5.579283296139424245e-11 6.308696971406750278e-11 7.178507370682267749e-11 8.140458792735713779e-11 9.062479875663951283e-11 9.745537121288626757e-11 8.024406927094003900e-11 3.887949435830294783e-11 3.114556400421064851e-11 2.105887419435697620e-11 -9.123061576645912314e-12 -1.368151104671575342e-11
2.876011436424748611e-13 -1.653658073778669788e-12 6.095852812025394752e-12 1.742243048599370167e-12 8.622473267393961565e-12 7.076505309209597323e-12 1.154396521314094441e-11 1.702489485681540253e-11 2.961677235909446610e-11 4.049381454021739422e-11 5.469245964463351430e-11 5.311498164500607443e-11 5.691146065169822956e-11 6.387164287074902906e-11 7.214751000758168042e-11 7.817176330051501687e-11 8.781599097928131586e-11 9.846899758980639481e-11 1.075585562014440262e-10 1.177622549548696771e-10 1.008533186888112310e-10 4.476947860291654230e-11 3.542238661295198771e-11 1.754374616662394979e-11 -1.802730827862231040e-11 -1.110127975491539436e-11
3.912146316954283929e-12 6.189997684118285885e-13 6.743898605360592398e-12 -1.368185946510659688e-12 8.153550302809084256e-12 5.718744944037096449e-12 1.091758100324266653e-11 1.719527791313954493e-11 2.823424836045554097e-11 3.769284738572905053e-11 5.311498164500607443e-11 7.307041387893728930e-11 8.399783965507300102e-11 9.391482929697948012e-11 1.048192481710885176e-10 1.136734592872689894e-10 1.278568496950211860e-10 1.442167915677017151e-10 1.549382629747665153e-10 1.665919848220490925e-10 1.420710474618882938e-10 4.783125362266447518e-11 8.187426900660724053e-12 -9.925121273388842755e-13 -4.689372605242947923e-12 2.908283674639752245e-13
8.348301298081872187e-12 9.024594975216057783e-12 1.062415970064434630e-11 -2.357143531777002514e-12 9.552451609997143596e-12 8.509540448124424068e-12 1.533850556497945622e-11 2.081848067422644552e-11 3.120130557034845436e-11 4.161428052368871251e-11 5.691146065169822956e-11 8.399783965507300102e-11 1.174816961390968705e-10 1.345711897013716259e-10 1.495651709639476088e-10 1.628137212990283251e-10 1.817441447581814954e-10 2.025395028233422516e-10 2.135430960480782418e-10 2.219829452858258299e-10 1.753298698059348653e-10 3.858082088171292013e-11 -2.119780492709363333e-11 -1.494035239325827325e-11 7.872285919508801735e-12 4.079051977263670220e-12
1.181740910338849824e-11 1.069175201925993676e-11 1.712697021363829442e-11 -9.970429642343772716e-13 1.160578699452934595e-11 9.680035132737406285e-12 1.821457293014468867e-11 2.429448564476318470e-11 3.730368397998669822e-11 4.883485526501456633e-11 6.387164287074902906e-11 9.391482929697948012e-11 1.345711897013716259e-10 1.790633370342051144e-10 2.062523750514968977e-10 2.259355955505325066e-10 2.523408735519055137e-10 2.822661000831196532e-10 2.997009419966325968e-10 3.134448108412007843e-10 2.492814780131591295e-10 6.754947845019305921e-11 -2.523805424195706553e-11 -3.434645837864707619e-11 -1.117337692716028439e-11 -1.124877190416248132e-11
1.665664554058700570e-11 9.517947682141749899e-12 2.246282971707212346e-11 1.350769707625026958e-12 1.714957789178485788e-11 1.428151533992538166e-11 2.099890575520744305e-11 2.846136296059197130e-11 4.437919832565832713e-11 5.579283296139424245e-11 7.214751000758168042e-11 1.048192481710885176e-10 1.495651709639476088e-10 2.062523750514968977e-10 2.704082850298341932e-10 3.116166249632446066e-10 3.549296145770608208e-10 3.979528223824326294e-10 4.282276292770944146e-10 4.590224178044836307e-10 3.844622374218431407e-10 1.405837398889856229e-10 -2.044743676452940454e-12 -3.854517937731960709e-11 -2.056508175389011334e-11 -5.912016131144896438e-12
1.985341607003953013e-11 7.855422400955315895e-12 2.496900439839134298e-11 3.960865398074265004e-12 2.042688269068400542e-11 1.865625283930547256e-11 2.310660190822010208e-11 3.322122637099862741e-11 4.968482504402293023e-11 6.308696971406750278e-11 7.817176330051501687e-11 1.136734592872689894e-10 1.628137212990283251e-10 2.259355955505325066e-10 3.116166249632446066e-10 3.935499895732530320e-10 4.665598770639114275e-10 5.311139050240208733e-10 5.773571302102701337e-10 6.272484440791782829e-10 5.474748635048472949e-10 2.313310433447205461e-10 1.262118945723469849e-11 -5.346790931284731258e-11 -2.464638438402141709e-11 -2.162564841206139428e-11
2.250370338321078162e-11 7.491827568695255836e-12 3.098149039398017383e-11 6.172127632331389129e-12 2.017926876183572469e-11 2.277793192349352191e-11 2.549665387323242552e-11 3.926647908524947985e-11 5.731982822054410962e-11 7.178507370682267749e-11 8.781599097928131586e-11 1.278568496950211860e-10 1.817441447581814954e-10 2.523408735519055137e-10 3.549296145770608208e-10 4.665598770639114275e-10 6.124406573788950604e-10 7.358097648935843031e-10 8.105077287880576141e-10 8.838121892626061273e-10 7.923173040285235188e-10 3.958189655796005696e-10 7.977543966541279557e-11 -2.254166243095639479e-11 -3.322330928264015337e-14 -3.657078911391292204e-11
2.676835606977680701e-11 1.117286450702844813e-11 3.813608821406461728e-11 5.656188865773696222e-12 2.016076818449698308e-11 2.838793050998047296e-11 3.171034141046772787e-11 4.600604968067146013e-11 6.687837444592907227e-11 8.140458792735713779e-11 9.846899758980639481e-11 1.442167915677017151e-10 2.025395028233422516e-10 2.822661000831196532e-10 3.979528223824326294e-10 5.311139050240208733e-10 7.358097648935843031e-10 9.647142061372245402e-10 1.108184031212282152e-09 1.234321810358446033e-09 1.159233336760752167e-09 6.807000682082926081e-10 2.069102448579096984e-10 2.076419273014053387e-11 1.128288888682587159e-11 -7.080987364320048040e-11
3.345470520292564754e-11 1.069943676143659959e-11 3.872653856362225455e-11 8.855067900766819198e-12 2.531105190074089933e-11 3.353281301729484864e-11 3.887348158132245300e-11 5.318866111492930981e-11 7.385604289129258398e-11 9.062479875663951283e-11 1.075585562014440262e-10 1.549382629747665153e-10 2.135430960480782418e-10 2.997009419966325968e-10 4.282276292770944146e-10 5.773571302102701337e-10 8.105077287880576141e-10 1.108184031212282152e-09 1.378536478888348369e-09 1.619280474462209933e-09 1.614192047351121611e-09 1.092055601816326802e-09 4.199114185840773278e-10 7.889599455745142062e-11 2.483745391732064058e-11 -1.145998241656322408e-10
3.902054311447620177e-11 6.113346583785604879e-12 3.875863586853940172e-11 1.818554989098382557e-11 2.995546230184228651e-11 3.135601612009843354e-11 3.259721325509962791e-11 5.088495543117520366e-11 7.183851459474882124e-11 9.745537121288626757e-11 1.177622549548696771e-10 1.665919848220490925e-10 2.219829452858258299e-10 3.134448108412007843e-10 4.590224178044836307e-10 6.272484440791782829e-10 8.838121892626061273e-10 1.234321810358446033e-09 1.619280474462209933e-09 2.077798072075563129e-09 2.237799543159476201e-09 1.704575331440864256e-09 7.888851047189268849e-10 1.642923783261300428e-10 4.665931403473915115e-11 -1.531443938288055798e-10
2.797077860927581123e-11 -1.034563964190635772e-11 2.865061370815231866e-11 1.883310177697243076e-11 2.238306940622174149e-11 2.095846899882321227e-11 1.600091609940960167e-11 2.937644551681256826e-11 4.521293643595712132e-11 8.024406927094003900e-11 1.008533186888112310e-10 1.420710474618882938e-10 1.753298698059348653e-10 2.492814780131591295e-10 3.844622374218431407e-10 5.474748635048472949e-10 7.923173040285235188e-10 1.159233336760752167e-09 1.614192047351121611e-09 2.237799543159476201e-09 2.728437603492070135e-09 2.436200396759566735e-09 1.415759891267383393e-09 3.722069003328395847e-10 4.798659533905009452e-11 -2.117245881388775816e-10
1.564533956021798944e-11 -2.030845475194157413e-11 1.885708296135966928e-11 1.391837714164219848e-11 3.471156842431905384e-12 3.069313283886376932e-12 -1.253143991203633590e-11 -4.617170170065109840e-12 1.627998148455529065e-12 3.887949435830294783e-11 4.476947860291654230e-11 4.783125362266447518e-11 3.858082088171292013e-11 6.754947845019305921e-11 1.405837398889856229e-10 2.313310433447205461e-10 3.958189655796005696e-10 6.807000682082926081e-10 1.092055601816326802e-09 1.704575331440864256e-09 2.436200396759566735e-09 2.793241652998111035e-09 2.126374380324925685e-09 8.316993781600672784e-10 7.774021762164160790e-11 -2.680693693270512157e-10
-3.478045602771945233e-12 -3.507550435767881559e-11 3.957085756432670629e-12 -2.769159091175946784e-12 -1.083775710840219289e-11 -2.290963040589462619e-11 -3.171733244595683600e-11 -1.492069064281363082e-11 -4.001595323258989143e-12 3.114556400421064851e-11 3.542238661295198771e-11 8.187426900660724053e-12 -2.119780492709363333e-11 -2.523805424195706553e-11 -2.044743676452940454e-12 1.262118945723469849e-11 7.977543966541279557e-11 2.069102448579096984e-10 4.199114185840773278e-10 7.888851047189268849e-10 1.415759891267383393e-09 2.126374380324925685e-09 2.393625931437973672e-09 1.525592371930480847e-09 2.737724611317925357e-10 -1.628214910419854916e-10
-9.221194573027278067e-12 -3.296792843722079783e-11 -6.521579569375252940e-12 -1.581168260758934357e-11 -1.376474788594472665e-11 -1.385774479500923145e-11 -2.286201488136411743e-11 -6.473800897447555552e-12 2.950717439927346874e-12 2.105887419435697620e-11 1.754374616662394979e-11 -9.925121273388842755e-13 -1.494035239325827325e-11 -3.434645837864707619e-11 -3.854517937731960709e-11 -5.346790931284731258e-11 -2.254166243095639479e-11 2.076419273014053387e-11 7.889599455745142062e-11 1.642923783261300428e-10 3.722069003328395847e-10 8.316993781600672784e-10 1.525592371930480847e-09 1.801960879882981903e-09 8.809495172018389371e-10 1.185735957885994336e-10
-4.678652289906368133e-13 -8.296227478926475147e-12 -1.517927375520092915e-11 1.565314370536252275e-13 -4.289022630182180853e-12 -1.135486276875648510e-12 -1.307578036992140635e-11 -4.747778087156305140e-12 -2.076168111844011997e-11 -9.123061576645912314e-12 -1.802730827862231040e-11 -4.689372605242947923e-12 7.872285919508801735e-12 -1.117337692716028439e-11 -2.056508175389011334e-11 -2.464638438402141709e-11 -3.322330928264015337e-14 1.128288888682587159e-11 2.483745391732064058e-11 4.665931403473915115e-11 4.798659533905009452e-11 7.774021762164160790e-11 2.737724611317925357e-10 8.809495172018389371e-10 1.605827754606899013e-09 8.553821777632719730e-10
-1.083344037631414296e-12 -6.868566920306844913e-12 -6.462817962498709708e-12 9.266574422174008568e-14 1.628818259122078850e-12 8.385860089289154127e-12 -1.131446983000673709e-11 6.824732117219895553e-12 -7.566801855537917541e-12 -1.368151104671575342e-11 -1.110127975491539436e-11 2.908283674639752245e-13 4.079051977263670220e-12 -1.124877190416248132e-11 -5.912016131144896438e-12 -2.162564841206139428e-11 -3.657078911391292204e-11 -7.080987364320048040e-11 -1.145998241656322408e-10 -1.531443938288055798e-10 -2.117245881388775816e-10 -2.680693693270512157e-10 -1.628214910419854916e-10 1.185735957885994336e-10 8.553821777632719730e-10 1.465858065134652705e-09
