7.508460192161408527e-11 1.820168187658489897e-11 9.323059631647455487e-12 4.367119945904632873e-12 -3.377362460509112245e-12 -6.365602570651718648e-13 -1.343170198162436177e-12 1.500419954504120971e-12 -1.028374844295957540e-12 -2.295616663822011888e-12 -4.592744355414461922e-13 -2.565706861829574441e-13 -1.454105444027840745e-12 -2.733033146514378351e-12 -8.487689976134232380e-13 3.313341295904275417e-12 7.985854477564675210e-12 8.319121183380484319e-12 8.819093376029419069e-12 1.237451537339006239e-11 2.256303429664363822e-11 2.685152394318748157e-11 3.146081534676030934e-11 1.648590651006041454e-11 4.381037062454288579e-12 -3.676662492026586796e-12
1.820168187658489897e-11 6.659262614931250159e-11 1.487318630987567727e-11 1.088039516149216484e-11 6.653098904107496765e-12 6.846786702780351003e-12 6.446951606565152206e-12 1.869508473135022057e-12 1.118010025021251447e-12 -4.373477249328999698e-13 -4.114923748672113132e-12 -3.218089100472480031e-12 -4.321993975736843561e-12 -5.662329886380592090e-12 -1.825373057153208803e-12 -4.845266256237289441e-13 2.595430143035729804e-12 8.474920540554996013e-12 1.173829449245120207e-11 1.417322692964992677e-11 1.452723606083008789e-11 7.377215986159164914e-12 -3.165352949270434903e-12 1.056940770935880968e-11 1.597230535146261887e-11 -8.273300656062057610e-12
9.323059631647455487e-12 1.487318630987567727e-11 4.579627593470591202e-11 1.899441137115535663e-11 6.570772330224483664e-12 3.775321980980034830e-12 4.660923718998212568e-12 2.849973724635117578e-12 6.211230586584574520e-13 -1.741758908625181897e-12 -2.448578526842617930e-12 -4.456761542302589799e-12 -4.874453254950902505e-12 -3.824904756362457899e-12 -3.291767605724373017e-12 -1.515785644571621838e-12 8.730385315631911021e-13 2.113520642898579757e-12 2.424671555897462223e-12 4.020426756942702381e-12 9.021874980129228083e-12 1.211018311259954701e-11 9.612721560729255061e-12 6.820231249970900675e-12 5.029989905698616876e-12 -1.855576858383662123e-11
4.367119945904632873e-12 1.088039516149216484e-11 1.899441137115535663e-11 3.408885962881695263e-11 1.115926609512219644e-11 9.242597051787180391e-12 7.298402543555948331e-12 1.759253871630194236e-12 6.784298797016765240e-13 7.763251371147961265e-15 2.556702552006634909e-13 -2.194012601451408892e-12 -3.997457979907807427e-12 -1.454382752123568200e-12 2.490603511118488337e-12 4.878832086171494739e-12 6.962840785229405269e-12 1.245384044430490352e-11 1.957748412603941652e-11 2.574985302422777188e-11 3.078425838079458377e-11 2.663475400628490907e-11 1.323043165407450706e-11 8.885951016929435349e-12 1.110900171656210244e-11 -8.210368870859602817e-12
-3.377362460509112245e-12 6.653098904107496765e-12 6.570772330224483664e-12 1.115926609512219644e-11 2.889094420952142933e-11 1.555215208504880951e-11 9.106598436652011733e-12 4.401125584312426921e-12 3.923635175866309398e-12 2.708332567270767714e-12 3.764137500032168687e-12 3.155711797160828886e-12 3.122428800193426744e-12 2.306958722814824867e-12 4.272481059334837607e-12 5.156350081338960874e-12 6.920341037370329511e-12 8.683576139628519321e-12 1.169877930614618334e-11 1.605543277868207006e-11 1.701789857374652330e-11 1.195119335535339863e-11 8.594024137483992493e-12 1.350820646346068974e-11 1.571210849860001835e-11 6.732972605450128289e-12
-6.365602570651718648e-13 6.846786702780351003e-12 3.775321980980034830e-12 9.242597051787180391e-12 1.555215208504880951e-11 2.938483102908410643e-11 1.387224507660891877e-11 7.580832404591053028e-12 5.709574904240338529e-12 4.166170349887793847e-12 2.693980969344549547e-12 3.636492729067326180e-12 1.837641640239416171e-12 1.689894454410342370e-12 4.222709318718147587e-12 7.754776852789757493e-12 1.096923356225690274e-11 1.462656223035742658e-11 1.733056719900084108e-11 1.976185809200175285e-11 1.682883675054032721e-11 7.331046996320932304e-12 2.129498400362694514e-12 6.762940463162214750e-12 6.661768010283898584e-12 2.710641873359688447e-12
-1.343170198162436177e-12 6.446951606565152206e-12 4.660923718998212568e-12 7.298402543555948331e-12 9.106598436652011733e-12 1.387224507660891877e-11 1.942705311014177339e-11 1.038336904039766928e-11 7.857920398526984324e-12 6.425979837465185265e-12 5.646083817818171441e-12 5.270718366777348368e-12 3.798044120439908580e-12 4.150404531944075374e-12 4.216732297066260233e-12 4.448025882953993502e-12 6.647897652244014817e-12 1.026218601851981179e-11 1.468825503733497527e-11 1.541948932358240486e-11 1.552580147687670881e-11 7.580466920543058925e-12 4.169647102058761316e-12 -1.502748912678897004e-12 -9.130473191154610559e-12 -9.072421804774621860e-12
1.500419954504120971e-12 1.869508473135022057e-12 2.849973724635117578e-12 1.759253871630194236e-12 4.401125584312426921e-12 7.580832404591053028e-12 1.038336904039766928e-11 2.068093567729805118e-11 1.417178935531868750e-11 1.071371486818614250e-11 9.400778171241768311e-12 7.459405080438900747e-12 6.589144427987102332e-12 5.894109641595336889e-12 5.466678791541640817e-12 4.013180219835068705e-12 3.903170685742794750e-12 4.930375166657455676e-12 6.679145120949920038e-12 6.200296655736012296e-12 7.365690499882879400e-12 1.070220509223460521e-11 2.025617093758772623e-11 1.632677658391502434e-11 8.581478488873659461e-13 -4.937366010831764632e-12
-1.028374844295957540e-12 1.118010025021251447e-12 6.211230586584574520e-13 6.784298797016765240e-13 3.923635175866309398e-12 5.709574904240338529e-12 7.857920398526984324e-12 1.417178935531868750e-11 2.247469371754592528e-11 1.674971728055221670e-11 1.451405337119708547e-11 1.139210629709567345e-11 1.067530123583124174e-11 1.139678580886867989e-11 1.137186944823714581e-11 1.134167407731653628e-11 1.427149737461338881e-11 1.624187866929292865e-11 1.897235388884217229e-11 1.969642065632768346e-11 1.863852721023169361e-11 1.039155071792866730e-11 1.467761358619639784e-11 1.974612747339255962e-11 7.895532605457220157e-12 -2.844952628342995728e-12
-2.295616663822011888e-12 -4.373477249328999698e-13 -1.741758908625181897e-12 7.763251371147961265e-15 2.708332567270767714e-12 4.166170349887793847e-12 6.425979837465185265e-12 1.071371486818614250e-11 1.674971728055221670e-11 2.509283861678578022e-11 2.060926946430545576e-11 1.620074201313726132e-11 1.675021694088340775e-11 1.626743744421865834e-11 1.469776795137886880e-11 1.459793083620903426e-11 1.575397843776013557e-11 1.757623695428649163e-11 1.828602763156784236e-11 1.937033109806505708e-11 1.915318031225737593e-11 1.067808826996789804e-11 1.595294559441167893e-11 1.950867194874541241e-11 1.416845933714569772e-11 1.883476992113928887e-12
-4.592744355414461922e-13 -4.114923748672113132e-12 -2.448578526842617930e-12 2.556702552006634909e-13 3.764137500032168687e-12 2.693980969344549547e-12 5.646083817818171441e-12 9.400778171241768311e-12 1.451405337119708547e-11 2.060926946430545576e-11 2.848491314763352254e-11 2.448581899323006730e-11 2.427035058953987082e-11 2.242693885933320073e-11 2.086159023473201810e-11 2.126581753107023881e-11 2.257417387116979101e-11 2.516938838373858027e-11 2.775653742243200175e-11 3.111416376690822857e-11 3.206965819280038985e-11 2.120505856835173142e-11 2.074133774812029271e-11 2.046026304041250944e-11 1.689459182480675927e-11 -1.214898762098019601e-12
-2.565706861829574441e-13 -3.218089100472480031e-12 -4.456761542302589799e-12 -2.194012601451408892e-12 3.155711797160828886e-12 3.636492729067326180e-12 5.270718366777348368e-12 7.459405080438900747e-12 1.139210629709567345e-11 1.620074201313726132e-11 2.448581899323006730e-11 3.190479701145789684e-11 3.195823053416099694e-11 2.968931714211966813e-11 2.696706735181160330e-11 2.738942707942420608e-11 2.890560290140472232e-11 3.308638041755994909e-11 3.589480026108840966e-11 3.995722950173041367e-11 3.777603606932846643e-11 1.823016263240299894e-11 1.165453103955065527e-11 8.483542253170155667e-12 1.679468241279555295e-11 1.238433851021004425e-11
-1.454105444027840745e-12 -4.321993975736843561e-12 -4.874453254950902505e-12 -3.997457979907807427e-12 3.122428800193426744e-12 1.837641640239416171e-12 3.798044120439908580e-12 6.589144427987102332e-12 1.067530123583124174e-11 1.675021694088340775e-11 2.427035058953987082e-11 3.195823053416099694e-11 4.477181123979523551e-11 4.438082324096563813e-11 4.152469973174271793e-11 4.382374542619885282e-11 4.581677098388879665e-11 5.176675577611224594e-11 5.712939650638879863e-11 6.125029551310879753e-11 5.654095582741992117e-11 2.661100656812832243e-11 1.466354844194803890e-11 9.717039128492252202e-12 1.805725216445447598e-11 1.155442965251709392e-11
-2.733033146514378351e-12 -5.662329886380592090e-12 -3.824904756362457899e-12 -1.454382752123568200e-12 2.306958722814824867e-12 1.689894454410342370e-12 4.150404531944075374e-12 5.894109641595336889e-12 1.139678580886867989e-11 1.626743744421865834e-11 2.242693885933320073e-11 2.968931714211966813e-11 4.438082324096563813e-11 5.710617740783540437e-11 5.956634274872084070e-11 6.491499613024995354e-11 7.005910869901162984e-11 7.983854657745079819e-11 8.956043767468370063e-11 9.506722951114618881e-11 8.142073991315730831e-11 2.810014507154039379e-11 8.140602458645938208e-12 1.367601303249438694e-11 2.112098747097936525e-11 8.637146150474374355e-12
-8.487689976134232380e-13 -1.825373057153208803e-12 -3.291767605724373017e-12 2.490603511118488337e-12 4.272481059334837607e-12 4.222709318718147587e-12 4.216732297066260233e-12 5.466678791541640817e-12 1.137186944823714581e-11 1.469776795137886880e-11 2.086159023473201810e-11 2.696706735181160330e-11 4.152469973174271793e-11 5.956634274872084070e-11 7.972487810662278803e-11 9.432462394432323300e-11 1.073310180414113357e-10 1.222396355854272415e-10 1.360897692331962067e-10 1.441522978236246042e-10 1.207219938405216702e-10 4.218663274625212373e-11 5.245239746043265379e-12 1.954838679459861303e-11 2.867219891668679762e-11 7.414508179078425961e-12
3.313341295904275417e-12 -4.845266256237289441e-13 -1.515785644571621838e-12 4.878832086171494739e-12 5.156350081338960874e-12 7.754776852789757493e-12 4.448025882953993502e-12 4.013180219835068705e-12 1.134167407731653628e-11 1.459793083620903426e-11 2.126581753107023881e-11 2.738942707942420608e-11 4.382374542619885282e-11 6.491499613024995354e-11 9.432462394432323300e-11 1.334938765016437705e-10 1.625351557304524025e-10 1.894033398381195414e-10 2.105740682047805795e-10 2.231120892822106860e-10 1.905732177828758980e-10 7.364599275767582984e-11 4.786724594631261635e-12 2.532299227226905899e-11 4.000073805232613724e-11 1.235889286614226536e-11
7.985854477564675210e-12 2.595430143035729804e-12 8.730385315631911021e-13 6.962840785229405269e-12 6.920341037370329511e-12 1.096923356225690274e-11 6.647897652244014817e-12 3.903170685742794750e-12 1.427149737461338881e-11 1.575397843776013557e-11 2.257417387116979101e-11 2.890560290140472232e-11 4.581677098388879665e-11 7.005910869901162984e-11 1.073310180414113357e-10 1.625351557304524025e-10 2.264034750851041518e-10 2.754771555655789607e-10 3.099675315635123654e-10 3.294645116921973432e-10 2.899280180563446809e-10 1.318681912973988325e-10 1.079132666582607740e-11 2.474578209906804856e-11 4.208711533148019898e-11 7.324583573894564312e-12
8.319121183380484319e-12 8.474920540554996013e-12 2.113520642898579757e-12 1.245384044430490352e-11 8.683576139628519321e-12 1.462656223035742658e-11 1.026218601851981179e-11 4.930375166657455676e-12 1.624187866929292865e-11 1.757623695428649163e-11 2.516938838373858027e-11 3.308638041755994909e-11 5.176675577611224594e-11 7.983854657745079819e-11 1.222396355854272415e-10 1.894033398381195414e-10 2.754771555655789607e-10 3.669039637310677452e-10 4.268447644748248132e-10 4.543652463135589535e-10 4.104433737515828528e-10 2.158998523205165810e-10 2.914730211932133727e-11 2.647912577478055689e-11 3.789012748134182693e-11 -3.174307454790674450e-12
8.819093376029419069e-12 1.173829449245120207e-11 2.424671555897462223e-12 1.957748412603941652e-11 1.169877930614618334e-11 1.733056719900084108e-11 1.468825503733497527e-11 6.679145120949920038e-12 1.897235388884217229e-11 1.828602763156784236e-11 2.775653742243200175e-11 3.589480026108840966e-11 5.712939650638879863e-11 8.956043767468370063e-11 1.360897692331962067e-10 2.105740682047805795e-10 3.099675315635123654e-10 4.268447644748248132e-10 5.373107315040507448e-10 5.973470649291007627e-10 5.601339062599853238e-10 3.423402505096435072e-10 8.377250028889238378e-11 4.247157208221720914e-11 4.260751112195678224e-11 -1.089294449694502732e-11
1.237451537339006239e-11 1.417322692964992677e-11 4.020426756942702381e-12 2.574985302422777188e-11 1.605543277868207006e-11 1.976185809200175285e-11 1.541948932358240486e-11 6.200296655736012296e-12 1.969642065632768346e-11 1.937033109806505708e-11 3.111416376690822857e-11 3.995722950173041367e-11 6.125029551310879753e-11 9.506722951114618881e-11 1.441522978236246042e-10 2.231120892822106860e-10 3.294645116921973432e-10 4.543652463135589535e-10 5.973470649291007627e-10 7.358108227485792090e-10 7.451919351869498751e-10 5.298277199296606931e-10 1.961191624019037804e-10 6.814890240044617823e-11 5.078186715030054924e-11 -2.133173560352446394e-11
2.256303429664363822e-11 1.452723606083008789e-11 9.021874980129228083e-12 3.078425838079458377e-11 1.701789857374652330e-11 1.682883675054032721e-11 1.552580147687670881e-11 7.365690499882879400e-12 1.863852721023169361e-11 1.915318031225737593e-11 3.206965819280038985e-11 3.777603606932846643e-11 5.654095582741992117e-11 8.142073991315730831e-11 1.207219938405216702e-10 1.905732177828758980e-10 2.899280180563446809e-10 4.104433737515828528e-10 5.601339062599853238e-10 7.451919351869498751e-10 8.599730056862499487e-10 7.378755186156797839e-10 3.903173827350272674e-10 1.257272329382151793e-10 2.790019016069356818e-11 -3.973101017703158836e-11
2.685152394318748157e-11 7.377215986159164914e-12 1.211018311259954701e-11 2.663475400628490907e-11 1.195119335535339863e-11 7.331046996320932304e-12 7.580466920543058925e-12 1.070220509223460521e-11 1.039155071792866730e-11 1.067808826996789804e-11 2.120505856835173142e-11 1.823016263240299894e-11 2.661100656812832243e-11 2.810014507154039379e-11 4.218663274625212373e-11 7.364599275767582984e-11 1.318681912973988325e-10 2.158998523205165810e-10 3.423402505096435072e-10 5.298277199296606931e-10 7.378755186156797839e-10 8.542813231100227668e-10 6.268515108897014741e-10 2.447809173191087929e-10 -2.104312716308609644e-12 -5.465663827914804001e-11
3.146081534676030934e-11 -3.165352949270434903e-12 9.612721560729255061e-12 1.323043165407450706e-11 8.594024137483992493e-12 2.129498400362694514e-12 4.169647102058761316e-12 2.025617093758772623e-11 1.467761358619639784e-11 1.595294559441167893e-11 2.074133774812029271e-11 1.165453103955065527e-11 1.466354844194803890e-11 8.140602458645938208e-12 5.245239746043265379e-12 4.786724594631261635e-12 1.079132666582607740e-11 2.914730211932133727e-11 8.377250028889238378e-11 1.961191624019037804e-10 3.903173827350272674e-10 6.268515108897014741e-10 7.111359716024598029e-10 4.463862211732595503e-10 6.345679272945868669e-11 -2.192180873437621174e-11
1.648590651006041454e-11 1.056940770935880968e-11 6.820231249970900675e-12 8.885951016929435349e-12 1.350820646346068974e-11 6.762940463162214750e-12 -1.502748912678897004e-12 1.632677658391502434e-11 1.974612747339255962e-11 1.950867194874541241e-11 2.046026304041250944e-11 8.483542253170155667e-12 9.717039128492252202e-12 1.367601303249438694e-11 1.954838679459861303e-11 2.532299227226905899e-11 2.474578209906804856e-11 2.647912577478055689e-11 4.247157208221720914e-11 6.814890240044617823e-11 1.257272329382151793e-10 2.447809173191087929e-10 4.463862211732595503e-10 5.864146525742123066e-10 3.278568284175791750e-10 7.145229030040143144e-11
4.381037062454288579e-12 1.597230535146261887e-11 5.029989905698616876e-12 1.110900171656210244e-11 1.571210849860001835e-11 6.661768010283898584e-12 -9.130473191154610559e-12 8.581478488873659461e-13 7.895532605457220157e-12 1.416845933714569772e-11 1.689459182480675927e-11 1.679468241279555295e-11 1.805725216445447598e-11 2.112098747097936525e-11 2.867219891668679762e-11 4.000073805232613724e-11 4.208711533148019898e-11 3.789012748134182693e-11 4.260751112195678224e-11 5.078186715030054924e-11 2.790019016069356818e-11 -2.104312716308609644e-12 6.345679272945868669e-11 3.278568284175791750e-10 5.660065836721320083e-10 3.113617297124873752e-10
-3.676662492026586796e-12 -8.273300656062057610e-12 -1.855576858383662123e-11 -8.210368870859602817e-12 6.732972605450128289e-12 2.710641873359688447e-12 -9.072421804774621860e-12 -4.937366010831764632e-12 -2.844952628342995728e-12 1.883476992113928887e-12 -1.214898762098019601e-12 1.238433851021004425e-11 1.155442965251709392e-11 8.637146150474374355e-12 7.414508179078425961e-12 1.235889286614226536e-11 7.324583573894564312e-12 -3.174307454790674450e-12 -1.089294449694502732e-11 -2.133173560352446394e-11 -3.973101017703158836e-11 -5.465663827914804001e-11 -2.192180873437621174e-11 7.145229030040143144e-11 3.113617297124873752e-10 5.195885470592918738e-10
