6.492937048547415018e-11 1.746672714957860459e-11 5.961803366301310751e-12 4.770812434078106618e-12 3.652883219980824275e-12 3.935109375017158165e-12 6.365493468590785053e-12 5.650619066772863122e-12 1.804870196118620853e-12 2.435707490034781080e-13 2.496788294352245578e-12 2.602540544341198713e-12 9.767893360312117191e-13 -1.653687709121812237e-12 -1.335660911597811824e-12 2.155395391867613041e-12 3.378189562906316849e-12 1.482572407677097177e-12 8.395540198351156514e-12 1.272684774389648342e-11 1.217822000422243086e-11 7.786430815112983217e-12 8.116015502599165277e-12 1.013524329388365593e-11 -7.089230916257962097e-12 -1.795435075463641454e-11
1.746672714957860459e-11 5.554189611983545062e-11 1.444633299922965616e-11 4.691772211758033102e-12 6.499875830778067797e-12 4.302984179977697766e-12 5.963281774260098076e-12 3.823457351432557300e-12 -2.490477677331121565e-13 1.088493479681315107e-12 -2.160682167049053601e-12 -3.316190675201186859e-12 -2.525565170749026494e-12 -2.433021874694289251e-12 8.348471012325744032e-13 -5.877980735790166766e-13 -3.009453806776060027e-14 -1.587622747018714377e-13 -1.489493630423780484e-12 -3.061495645961785982e-12 -9.016316520459160230e-12 -1.600695342400109835e-11 -1.481590959132147728e-11 1.134781172766263388e-11 8.200754513171076473e-12 -1.966362243662712490e-11
5.961803366301310751e-12 1.444633299922965616e-11 3.750856684502495430e-11 1.022003111088223128e-11 7.298074162859184805e-12 6.098510609843299822e-12 3.520261808452135150e-12 2.995992664547254610e-12 1.654465001838400489e-12 5.443935140759159615e-13 -1.002375174491453012e-12 -2.011571450238665951e-12 -3.719960178365402835e-12 -2.900389281669719150e-12 -1.455839088965805306e-12 -1.214943380163269058e-12 2.261567083264614696e-12 4.909497043874845043e-12 5.359340472319292148e-12 8.736175484998301754e-13 -4.146763071710884064e-12 -8.366058743832721171e-12 -3.017931687051117607e-12 8.656227708898863200e-12 6.609869257117322057e-12 -1.383498372868151859e-11
4.770812434078106618e-12 4.691772211758033102e-12 1.022003111088223128e-11 2.986331002846008471e-11 1.339268714618814527e-11 7.461839151034099715e-12 4.577255857864243023e-12 2.693792337708298974e-12 1.288932303240968317e-12 1.242652087642024603e-12 2.557077623165943569e-13 -2.315888188549032537e-12 -3.575050352940143612e-12 -4.341980052053259051e-12 -2.409622869248588997e-12 2.783078984815572137e-13 3.117090246891962696e-12 4.213756876957100266e-12 7.005419969007719705e-12 1.004519352998115922e-11 1.329907933906465811e-11 1.197271213239855644e-11 1.006374719285246824e-11 1.774990747584317735e-11 1.877319673516656000e-11 -8.875142741204052230e-12
3.652883219980824275e-12 6.499875830778067797e-12 7.298074162859184805e-12 1.339268714618814527e-11 2.559849143131455939e-11 1.277429819216822122e-11 1.116843471674927628e-11 6.099220048309325187e-12 4.808779328878421738e-12 3.831200098748077622e-12 2.893580624684642877e-12 1.571652705841652294e-12 1.383175255390297070e-12 1.146459252493957943e-12 3.180400016677267815e-12 4.319313962984019773e-12 6.609566517269223805e-12 9.530536271804653164e-12 1.161313805175368229e-11 1.076873994504560494e-11 8.315702479899319696e-12 2.127406845900733525e-12 -8.605667588395039356e-13 1.095906617008987031e-11 1.409153068351858446e-11 -4.830544806918026505e-14
3.935109375017158165e-12 4.302984179977697766e-12 6.098510609843299822e-12 7.461839151034099715e-12 1.277429819216822122e-11 2.324876298165177419e-11 1.285833152044776202e-11 6.058707420458291204e-12 4.989521478754099001e-12 5.407711737915617040e-12 3.397689655994015710e-12 2.438781655705368393e-12 1.322828064356534205e-12 2.221133051378322807e-12 3.437397170096052730e-12 5.081698713317368051e-12 5.992020525568143075e-12 6.949279518056392472e-12 1.046884297488122097e-11 1.336111790175492054e-11 1.193685668139739081e-11 6.599082765157039198e-12 3.722423006182138600e-12 5.647601434972846815e-12 4.707719575379741549e-12 -3.255403412690403399e-12
6.365493468590785053e-12 5.963281774260098076e-12 3.520261808452135150e-12 4.577255857864243023e-12 1.116843471674927628e-11 1.285833152044776202e-11 2.017597203329047471e-11 1.028292912077239378e-11 6.732001366496403142e-12 6.098846700252977642e-12 5.944987299850712632e-12 5.228347445729032413e-12 4.115904590817177710e-12 4.854130266797416325e-12 5.687141760451368615e-12 5.933103656707399095e-12 9.141438142612765003e-12 1.178910393913965027e-11 1.737890368284542067e-11 1.985777838774759409e-11 1.857136136564295081e-11 9.079783968728057882e-12 4.741580710149698449e-12 5.486082675503803798e-12 2.265053317735930312e-12 -4.375746240150593703e-12
5.650619066772863122e-12 3.823457351432557300e-12 2.995992664547254610e-12 2.693792337708298974e-12 6.099220048309325187e-12 6.058707420458291204e-12 1.028292912077239378e-11 1.946639227390917245e-11 1.440698405569482427e-11 1.094518815498147014e-11 9.090669142761287117e-12 7.089694298430446107e-12 6.613204744396451993e-12 5.906652504230205195e-12 5.809246738894240231e-12 4.410268377173514620e-12 5.435911442240318473e-12 6.645961990938063148e-12 9.088468041704425792e-12 1.003633275247966723e-11 1.057995606321054232e-11 9.313750370987231118e-12 1.343795803608888834e-11 1.126066650000785046e-11 1.442904451436336149e-14 -7.287023068935862534e-12
1.804870196118620853e-12 -2.490477677331121565e-13 1.654465001838400489e-12 1.288932303240968317e-12 4.808779328878421738e-12 4.989521478754099001e-12 6.732001366496403142e-12 1.440698405569482427e-11 2.087507132649930099e-11 1.651512088686698198e-11 1.434719650384040541e-11 1.076919829555708976e-11 1.069140570440377985e-11 1.067640894915265074e-11 1.057495996713772743e-11 9.958562909030183310e-12 1.198031552843748053e-11 1.274696202157685157e-11 1.452136774953757520e-11 1.374425113933114803e-11 1.170497462249721541e-11 5.385479936854833609e-12 1.239080532327200750e-11 1.803178644803036363e-11 7.414829631264077631e-12 -4.913750807725884084e-12
2.435707490034781080e-13 1.088493479681315107e-12 5.443935140759159615e-13 1.242652087642024603e-12 3.831200098748077622e-12 5.407711737915617040e-12 6.098846700252977642e-12 1.094518815498147014e-11 1.651512088686698198e-11 2.528388385587302123e-11 2.075160642830318929e-11 1.511467343821042559e-11 1.550207810144089595e-11 1.501571357840909735e-11 1.340031688431210672e-11 1.266983671087480717e-11 1.361515712543908010e-11 1.514297990347002278e-11 1.520582136942484540e-11 1.620524715590440169e-11 1.589221190502698669e-11 7.498574748987646789e-12 1.313046810130300132e-11 1.715169049412997769e-11 1.198058429109291743e-11 -3.428186086663181117e-13
2.496788294352245578e-12 -2.160682167049053601e-12 -1.002375174491453012e-12 2.557077623165943569e-13 2.893580624684642877e-12 3.397689655994015710e-12 5.944987299850712632e-12 9.090669142761287117e-12 1.434719650384040541e-11 2.075160642830318929e-11 2.848132359304757897e-11 2.453860877860996390e-11 2.444924661117800010e-11 2.231327009824737145e-11 2.102198600386161664e-11 2.127317371612155105e-11 2.219912957792904726e-11 2.452758432299916526e-11 2.733884540067859360e-11 3.084385458147699858e-11 3.130700817324163582e-11 1.988553095362919569e-11 1.961968852310061836e-11 1.824784976188349589e-11 1.451537868377737093e-11 -1.333647146255016565e-12
2.602540544341198713e-12 -3.316190675201186859e-12 -2.011571450238665951e-12 -2.315888188549032537e-12 1.571652705841652294e-12 2.438781655705368393e-12 5.228347445729032413e-12 7.089694298430446107e-12 1.076919829555708976e-11 1.511467343821042559e-11 2.453860877860996390e-11 3.157982819867494725e-11 3.189019837973690939e-11 2.879365878948381097e-11 2.607653253427573157e-11 2.634738627206378908e-11 2.750099540974564954e-11 3.158213460427770019e-11 3.421091426477000788e-11 3.796659102062400602e-11 3.559477782354025026e-11 1.616940501370730990e-11 1.043344341193859475e-11 8.447991678652049651e-12 1.691213205489730113e-11 1.081540583482872106e-11
9.767893360312117191e-13 -2.525565170749026494e-12 -3.719960178365402835e-12 -3.575050352940143612e-12 1.383175255390297070e-12 1.322828064356534205e-12 4.115904590817177710e-12 6.613204744396451993e-12 1.069140570440377985e-11 1.550207810144089595e-11 2.444924661117800010e-11 3.189019837973690939e-11 4.529757342750830765e-11 4.432518214239587361e-11 4.210908968657075354e-11 4.465626833724650687e-11 4.661406427503640467e-11 5.270185066370212731e-11 5.794100570501174966e-11 6.197562226523265387e-11 5.746884912536542979e-11 2.750961267373147398e-11 1.713987300985191119e-11 1.408865266209681132e-11 2.105435625007132839e-11 1.425934200508753159e-11
-1.653687709121812237e-12 -2.433021874694289251e-12 -2.900389281669719150e-12 -4.341980052053259051e-12 1.146459252493957943e-12 2.221133051378322807e-12 4.854130266797416325e-12 5.906652504230205195e-12 1.067640894915265074e-11 1.501571357840909735e-11 2.231327009824737145e-11 2.879365878948381097e-11 4.432518214239587361e-11 5.572270120579987171e-11 5.847819080384097814e-11 6.320452850620298766e-11 6.808522740153481948e-11 7.756416270975440186e-11 8.751024504498961295e-11 9.346152332994859437e-11 7.994481526902599734e-11 2.803979849754307736e-11 8.535697996945574324e-12 1.378776693898454744e-11 2.064955656028471010e-11 8.527714576093597430e-12
-1.335660911597811824e-12 8.348471012325744032e-13 -1.455839088965805306e-12 -2.409622869248588997e-12 3.180400016677267815e-12 3.437397170096052730e-12 5.687141760451368615e-12 5.809246738894240231e-12 1.057495996713772743e-11 1.340031688431210672e-11 2.102198600386161664e-11 2.607653253427573157e-11 4.210908968657075354e-11 5.847819080384097814e-11 8.000038740451209483e-11 9.439846431800009686e-11 1.073714317758258979e-10 1.222745874475231677e-10 1.367288391786059860e-10 1.453302010000476245e-10 1.220115848774625023e-10 4.400001327171118675e-11 6.897277176680581654e-12 2.017601086428226955e-11 2.794595866714925975e-11 7.222322316606385062e-12
2.155395391867613041e-12 -5.877980735790166766e-13 -1.214943380163269058e-12 2.783078984815572137e-13 4.319313962984019773e-12 5.081698713317368051e-12 5.933103656707399095e-12 4.410268377173514620e-12 9.958562909030183310e-12 1.266983671087480717e-11 2.127317371612155105e-11 2.634738627206378908e-11 4.465626833724650687e-11 6.320452850620298766e-11 9.439846431800009686e-11 1.333475973283306672e-10 1.624586190209376842e-10 1.888995836614257541e-10 2.101068096058658790e-10 2.228937952187997851e-10 1.905484909645328398e-10 7.450808056944606142e-11 6.554931689179026378e-12 2.691671772367804940e-11 4.107196914034676453e-11 1.294650264879252162e-11
3.378189562906316849e-12 -3.009453806776060027e-14 2.261567083264614696e-12 3.117090246891962696e-12 6.609566517269223805e-12 5.992020525568143075e-12 9.141438142612765003e-12 5.435911442240318473e-12 1.198031552843748053e-11 1.361515712543908010e-11 2.219912957792904726e-11 2.750099540974564954e-11 4.661406427503640467e-11 6.808522740153481948e-11 1.073714317758258979e-10 1.624586190209376842e-10 2.267423140216649605e-10 2.756239496491580571e-10 3.104091896302833809e-10 3.299407994370422233e-10 2.906433496509269113e-10 1.327135384627819489e-10 1.197262108815347243e-11 2.624279021819701989e-11 4.314030539919063058e-11 7.432357868915389098e-12
1.482572407677097177e-12 -1.587622747018714377e-13 4.909497043874845043e-12 4.213756876957100266e-12 9.530536271804653164e-12 6.949279518056392472e-12 1.178910393913965027e-11 6.645961990938063148e-12 1.274696202157685157e-11 1.514297990347002278e-11 2.452758432299916526e-11 3.158213460427770019e-11 5.270185066370212731e-11 7.756416270975440186e-11 1.222745874475231677e-10 1.888995836614257541e-10 2.756239496491580571e-10 3.662071033440948913e-10 4.264310604918742262e-10 4.538891350538362172e-10 4.097855553950040108e-10 2.155255432378635370e-10 2.968433134333486516e-11 2.745722118405573492e-11 3.911807415682056734e-11 -2.190724376336390130e-12
8.395540198351156514e-12 -1.489493630423780484e-12 5.359340472319292148e-12 7.005419969007719705e-12 1.161313805175368229e-11 1.046884297488122097e-11 1.737890368284542067e-11 9.088468041704425792e-12 1.452136774953757520e-11 1.520582136942484540e-11 2.733884540067859360e-11 3.421091426477000788e-11 5.794100570501174966e-11 8.751024504498961295e-11 1.367288391786059860e-10 2.101068096058658790e-10 3.104091896302833809e-10 4.264310604918742262e-10 5.371740595796169989e-10 5.973511926256288803e-10 5.602813562685133060e-10 3.427031677542778142e-10 8.405691098477994025e-11 4.205597676704260293e-11 4.182564250559432034e-11 -1.186930347791740575e-11
1.272684774389648342e-11 -3.061495645961785982e-12 8.736175484998301754e-13 1.004519352998115922e-11 1.076873994504560494e-11 1.336111790175492054e-11 1.985777838774759409e-11 1.003633275247966723e-11 1.374425113933114803e-11 1.620524715590440169e-11 3.084385458147699858e-11 3.796659102062400602e-11 6.197562226523265387e-11 9.346152332994859437e-11 1.453302010000476245e-10 2.228937952187997851e-10 3.299407994370422233e-10 4.538891350538362172e-10 5.973511926256288803e-10 7.356138705692632981e-10 7.449803048093501303e-10 5.297302413553680285e-10 1.962104522157578774e-10 6.831832510381011887e-11 5.122461931632559795e-11 -2.149552471915289368e-11
1.217822000422243086e-11 -9.016316520459160230e-12 -4.146763071710884064e-12 1.329907933906465811e-11 8.315702479899319696e-12 1.193685668139739081e-11 1.857136136564295081e-11 1.057995606321054232e-11 1.170497462249721541e-11 1.589221190502698669e-11 3.130700817324163582e-11 3.559477782354025026e-11 5.746884912536542979e-11 7.994481526902599734e-11 1.220115848774625023e-10 1.905484909645328398e-10 2.906433496509269113e-10 4.097855553950040108e-10 5.602813562685133060e-10 7.449803048093501303e-10 8.600743483314633287e-10 7.380564304754783596e-10 3.901710392983975935e-10 1.252404847278178358e-10 2.821927368577338980e-11 -3.950251322276708260e-11
7.786430815112983217e-12 -1.600695342400109835e-11 -8.366058743832721171e-12 1.197271213239855644e-11 2.127406845900733525e-12 6.599082765157039198e-12 9.079783968728057882e-12 9.313750370987231118e-12 5.385479936854833609e-12 7.498574748987646789e-12 1.988553095362919569e-11 1.616940501370730990e-11 2.750961267373147398e-11 2.803979849754307736e-11 4.400001327171118675e-11 7.450808056944606142e-11 1.327135384627819489e-10 2.155255432378635370e-10 3.427031677542778142e-10 5.297302413553680285e-10 7.380564304754783596e-10 8.547893120275141138e-10 6.272964821427622937e-10 2.450826043738478702e-10 -1.997078450571300411e-12 -5.481067503636849934e-11
8.116015502599165277e-12 -1.481590959132147728e-11 -3.017931687051117607e-12 1.006374719285246824e-11 -8.605667588395039356e-13 3.722423006182138600e-12 4.741580710149698449e-12 1.343795803608888834e-11 1.239080532327200750e-11 1.313046810130300132e-11 1.961968852310061836e-11 1.043344341193859475e-11 1.713987300985191119e-11 8.535697996945574324e-12 6.897277176680581654e-12 6.554931689179026378e-12 1.197262108815347243e-11 2.968433134333486516e-11 8.405691098477994025e-11 1.962104522157578774e-10 3.901710392983975935e-10 6.272964821427622937e-10 7.111970290114096587e-10 4.467642865229711090e-10 6.385698938046899929e-11 -2.182060033513642503e-11
1.013524329388365593e-11 1.134781172766263388e-11 8.656227708898863200e-12 1.774990747584317735e-11 1.095906617008987031e-11 5.647601434972846815e-12 5.486082675503803798e-12 1.126066650000785046e-11 1.803178644803036363e-11 1.715169049412997769e-11 1.824784976188349589e-11 8.447991678652049651e-12 1.408865266209681132e-11 1.378776693898454744e-11 2.017601086428226955e-11 2.691671772367804940e-11 2.624279021819701989e-11 2.745722118405573492e-11 4.205597676704260293e-11 6.831832510381011887e-11 1.252404847278178358e-10 2.450826043738478702e-10 4.467642865229711090e-10 5.866900912883520592e-10 3.276112729156017522e-10 7.148134275973069706e-11
-7.089230916257962097e-12 8.200754513171076473e-12 6.609869257117322057e-12 1.877319673516656000e-11 1.409153068351858446e-11 4.707719575379741549e-12 2.265053317735930312e-12 1.442904451436336149e-14 7.414829631264077631e-12 1.198058429109291743e-11 1.451537868377737093e-11 1.691213205489730113e-11 2.105435625007132839e-11 2.064955656028471010e-11 2.794595866714925975e-11 4.107196914034676453e-11 4.314030539919063058e-11 3.911807415682056734e-11 4.182564250559432034e-11 5.122461931632559795e-11 2.821927368577338980e-11 -1.997078450571300411e-12 6.385698938046899929e-11 3.276112729156017522e-10 5.654486188292382372e-10 3.111228287875663238e-10
-1.795435075463641454e-11 -1.966362243662712490e-11 -1.383498372868151859e-11 -8.875142741204052230e-12 -4.830544806918026505e-14 -3.255403412690403399e-12 -4.375746240150593703e-12 -7.287023068935862534e-12 -4.913750807725884084e-12 -3.428186086663181117e-13 -1.333647146255016565e-12 1.081540583482872106e-11 1.425934200508753159e-11 8.527714576093597430e-12 7.222322316606385062e-12 1.294650264879252162e-11 7.432357868915389098e-12 -2.190724376336390130e-12 -1.186930347791740575e-11 -2.149552471915289368e-11 -3.950251322276708260e-11 -5.481067503636849934e-11 -2.182060033513642503e-11 7.148134275973069706e-11 3.111228287875663238e-10 5.193770596502902189e-10
