8.646443700897792126e-11 1.738633917922814818e-11 2.880493708262507708e-12 8.755599785657945365e-12 3.274189889705525381e-12 1.611071545110112526e-12 1.327594436158131634e-12 1.726047412273829940e-12 3.185331511169092026e-12 7.280508549123632246e-13 -2.845104249754186897e-12 -6.566500447421382981e-12 -8.443712628542815044e-12 -1.060849288623435774e-11 -7.936190919148407683e-12 -5.431693996315662163e-12 1.266342053688376143e-13 4.308231304195408422e-12 5.489878554200489794e-12 2.640616822162060747e-12 3.330487783384293608e-12 9.294013460160703215e-12 1.865985149251216557e-11 3.259026282264584370e-11 2.139209599925766499e-11 -3.834139953368692267e-12
1.738633917922814818e-11 6.076224434134510937e-11 1.074913537265850789e-11 6.981354544061345382e-12 3.793307420559610711e-12 4.677827707340633356e-12 4.773394291911053072e-12 2.579417627127895642e-12 -2.709348763035543764e-12 -2.505287750043279595e-12 -1.884511190164004929e-12 5.558030883281080400e-14 1.762752017502395239e-12 2.639321847696431205e-12 4.524899607564500066e-12 6.715345281710637778e-12 1.392053736688815606e-11 2.155177049951980575e-11 2.615891909783750074e-11 2.391251221153872437e-11 2.317759990006804051e-11 1.729894687165202335e-11 7.021206980522230303e-12 1.242355253012029702e-11 1.304001747582101125e-11 5.965919466506025388e-12
2.880493708262507708e-12 1.074913537265850789e-11 4.070253500081557615e-11 1.055451318622148720e-11 7.927896004373420916e-12 5.628628994772058835e-12 4.799992977407557366e-12 3.145321775848795538e-12 -8.441311798317753473e-13 -1.314635701504754506e-12 -3.079194420544641702e-12 -4.097775396991187980e-12 -5.664047883741371142e-12 -5.858146473104726479e-12 -3.178962614547814763e-12 -1.323444118234598238e-12 -1.053413385323296824e-12 -1.436687106004158081e-12 -3.784411957800319984e-12 -5.526290656667853889e-12 6.518861656227048262e-13 1.847689453140485164e-12 6.269509139488711342e-12 8.190625340180956122e-12 1.072893795423425410e-12 -1.993564015529898983e-11
8.755599785657945365e-12 6.981354544061345382e-12 1.055451318622148720e-11 3.392653862251100764e-11 1.169674721167775644e-11 6.138246505521456460e-12 5.215187787437454615e-12 4.376533248405062483e-12 2.074909882819989836e-12 4.030844471762158180e-12 2.551124761171726116e-12 1.921587678842962345e-12 2.619298705635578700e-12 3.140352325687591635e-12 6.806294537051613042e-12 1.133813742192131426e-11 1.591647803930084139e-11 1.888100295864471525e-11 1.978223134753256444e-11 2.240528466826218043e-11 2.314851399931224836e-11 1.107586909858820830e-11 7.833690582676739183e-12 1.960917462902744384e-11 1.750349170117553386e-11 -3.022434019015211325e-12
3.274189889705525381e-12 3.793307420559610711e-12 7.927896004373420916e-12 1.169674721167775644e-11 2.581479421339057192e-11 1.365188777380574449e-11 1.023914840445154308e-11 6.861698105296662683e-12 4.136593321818825072e-12 4.140865618516842100e-12 3.071050832043403735e-12 3.142465124086377045e-12 1.753451250757421257e-12 1.468150541816809105e-12 4.878606583465903967e-12 6.303771818209919669e-12 8.985370344851384632e-12 1.071458779236266224e-11 9.874268079296808867e-12 8.213795759530112999e-12 7.192311414900380479e-12 1.954500136506084616e-12 3.853352849069057459e-12 1.073340836546857579e-11 9.621489609258510016e-12 1.091140148461553536e-12
1.611071545110112526e-12 4.677827707340633356e-12 5.628628994772058835e-12 6.138246505521456460e-12 1.365188777380574449e-11 2.759253540762101052e-11 1.515631764827406952e-11 8.766955933196688298e-12 6.232119006962068350e-12 6.549806256207803688e-12 4.259496432754219800e-12 3.801900914184492640e-12 2.278477803048169588e-12 1.977608275087383781e-12 1.980971388482048960e-12 4.010592123307382675e-12 5.819853744002873744e-12 8.302391148594373343e-12 8.815098000102567899e-12 8.849035010452940004e-12 5.113748821986957282e-12 -3.223459891528611128e-12 -6.191927530082177122e-12 -2.135689855113208954e-12 5.142242622720262776e-12 3.209401403667475728e-12
1.327594436158131634e-12 4.773394291911053072e-12 4.799992977407557366e-12 5.215187787437454615e-12 1.023914840445154308e-11 1.515631764827406952e-11 2.162824500475972205e-11 1.155089863987473578e-11 8.618597679736008785e-12 7.169508781014637344e-12 7.439787873129924099e-12 6.115600651767136360e-12 5.833006534517013866e-12 6.896135056212296145e-12 7.132086565806502826e-12 8.468921407114593602e-12 1.172353927077765771e-11 1.542320494366321529e-11 2.051034226351899818e-11 1.995410758988260116e-11 1.756171815874744483e-11 7.183621059483650199e-12 3.845778435779655474e-12 3.976847636042070151e-12 -1.832736314335344966e-12 -7.880247769387480588e-12
1.726047412273829940e-12 2.579417627127895642e-12 3.145321775848795538e-12 4.376533248405062483e-12 6.861698105296662683e-12 8.766955933196688298e-12 1.155089863987473578e-11 2.105813797885776824e-11 1.437525651402949682e-11 9.910437157030888085e-12 8.871063071301153369e-12 7.103420327379697066e-12 6.475583181789565893e-12 6.472739099305795163e-12 6.636411495565364021e-12 6.193929754901786179e-12 6.608372078489322502e-12 7.842660950998455638e-12 1.108439058638059575e-11 1.261424222868858682e-11 1.391007386389934294e-11 1.240788554442910479e-11 1.812897381800626651e-11 1.423071491451107404e-11 1.969887366865445574e-12 -8.075479065917501651e-12
3.185331511169092026e-12 -2.709348763035543764e-12 -8.441311798317753473e-13 2.074909882819989836e-12 4.136593321818825072e-12 6.232119006962068350e-12 8.618597679736008785e-12 1.437525651402949682e-11 2.288519773421259217e-11 1.665165002065944128e-11 1.497438160238380242e-11 1.162856861046959472e-11 1.116581900669949452e-11 1.164871729131791484e-11 1.164829930369821179e-11 1.142967226186717513e-11 1.360443656145543424e-11 1.430444531549114186e-11 1.609402051914978089e-11 1.541482401757310419e-11 1.330460341447385128e-11 6.217159242476691059e-12 1.259447275064726774e-11 1.738737335205562619e-11 4.833230492336070530e-12 -8.521369742524412493e-12
7.280508549123632246e-13 -2.505287750043279595e-12 -1.314635701504754506e-12 4.030844471762158180e-12 4.140865618516842100e-12 6.549806256207803688e-12 7.169508781014637344e-12 9.910437157030888085e-12 1.665165002065944128e-11 2.458727724997473489e-11 2.067905668030253048e-11 1.527602715958729821e-11 1.562891542818752938e-11 1.445901955644396039e-11 1.364226925358383812e-11 1.456593041481551981e-11 1.653585854781395930e-11 1.849483064837555040e-11 1.876708194528014373e-11 2.112467360894925771e-11 2.130629183542429439e-11 1.162810969505325359e-11 1.482740362920781454e-11 1.724593404982581277e-11 1.183394041040973620e-11 1.484057299991746062e-12
-2.845104249754186897e-12 -1.884511190164004929e-12 -3.079194420544641702e-12 2.551124761171726116e-12 3.071050832043403735e-12 4.259496432754219800e-12 7.439787873129924099e-12 8.871063071301153369e-12 1.497438160238380242e-11 2.067905668030253048e-11 2.944284007285896196e-11 2.482626998229136383e-11 2.468831140174804775e-11 2.311773983648132820e-11 2.118395595002974520e-11 2.142582744954083796e-11 2.206551032954221993e-11 2.391233536419974793e-11 2.637935674365864817e-11 2.935559951166463479e-11 2.939370778694949666e-11 1.724972019913720402e-11 1.813650848699891693e-11 1.806907386115911446e-11 1.603229438041466516e-11 9.886584119955341656e-15
-6.566500447421382981e-12 5.558030883281080400e-14 -4.097775396991187980e-12 1.921587678842962345e-12 3.142465124086377045e-12 3.801900914184492640e-12 6.115600651767136360e-12 7.103420327379697066e-12 1.162856861046959472e-11 1.527602715958729821e-11 2.482626998229136383e-11 3.242619703922182856e-11 3.266642998246287535e-11 2.929098693474587108e-11 2.610700673327508978e-11 2.622190339909161141e-11 2.764701887510588722e-11 3.103244807080899291e-11 3.381144331932962143e-11 3.864877257441381025e-11 3.698903968794477750e-11 1.797001835054267537e-11 1.215368700391678943e-11 1.022893002352125161e-11 1.876955090371195628e-11 1.181577360108830060e-11
-8.443712628542815044e-12 1.762752017502395239e-12 -5.664047883741371142e-12 2.619298705635578700e-12 1.753451250757421257e-12 2.278477803048169588e-12 5.833006534517013866e-12 6.475583181789565893e-12 1.116581900669949452e-11 1.562891542818752938e-11 2.468831140174804775e-11 3.266642998246287535e-11 4.553725833137913128e-11 4.443780365946093725e-11 4.172615684618406456e-11 4.386239794578879827e-11 4.607015571428231856e-11 5.182034136172348872e-11 5.724693302167336920e-11 6.117752331474837577e-11 5.712376237812003832e-11 2.802839913320009173e-11 1.738619584347221089e-11 1.329120412765701046e-11 2.030686162407855866e-11 1.271432871865610720e-11
-1.060849288623435774e-11 2.639321847696431205e-12 -5.858146473104726479e-12 3.140352325687591635e-12 1.468150541816809105e-12 1.977608275087383781e-12 6.896135056212296145e-12 6.472739099305795163e-12 1.164871729131791484e-11 1.445901955644396039e-11 2.311773983648132820e-11 2.929098693474587108e-11 4.443780365946093725e-11 5.641930391617078599e-11 5.904244075974050955e-11 6.394279127702471593e-11 6.917146878730765022e-11 7.887946811359130432e-11 8.909415603477899729e-11 9.512362140841408779e-11 8.152428593553814998e-11 2.859249079783425206e-11 8.578286146672378808e-12 1.466333306474508010e-11 2.278554112501322207e-11 9.074453683800103595e-12
-7.936190919148407683e-12 4.524899607564500066e-12 -3.178962614547814763e-12 6.806294537051613042e-12 4.878606583465903967e-12 1.980971388482048960e-12 7.132086565806502826e-12 6.636411495565364021e-12 1.164829930369821179e-11 1.364226925358383812e-11 2.118395595002974520e-11 2.610700673327508978e-11 4.172615684618406456e-11 5.904244075974050955e-11 8.025001115856308591e-11 9.463308514161062380e-11 1.077571463775399448e-10 1.227439765329116544e-10 1.372013043799936469e-10 1.457940013188761591e-10 1.220095045058350310e-10 4.349684992608756959e-11 6.304727054947822283e-12 2.080349433459787875e-11 2.992113870424063181e-11 8.878392316257105858e-12
-5.431693996315662163e-12 6.715345281710637778e-12 -1.323444118234598238e-12 1.133813742192131426e-11 6.303771818209919669e-12 4.010592123307382675e-12 8.468921407114593602e-12 6.193929754901786179e-12 1.142967226186717513e-11 1.456593041481551981e-11 2.142582744954083796e-11 2.622190339909161141e-11 4.386239794578879827e-11 6.394279127702471593e-11 9.463308514161062380e-11 1.332899034293352384e-10 1.623260671008355990e-10 1.888797997282567826e-10 2.099060896276576821e-10 2.227791006247997113e-10 1.899978322847173815e-10 7.376933049119279370e-11 6.034838023108152548e-12 2.651203290256635827e-11 4.037649872771816188e-11 1.234294121718423233e-11
1.266342053688376143e-13 1.392053736688815606e-11 -1.053413385323296824e-12 1.591647803930084139e-11 8.985370344851384632e-12 5.819853744002873744e-12 1.172353927077765771e-11 6.608372078489322502e-12 1.360443656145543424e-11 1.653585854781395930e-11 2.206551032954221993e-11 2.764701887510588722e-11 4.607015571428231856e-11 6.917146878730765022e-11 1.077571463775399448e-10 1.623260671008355990e-10 2.269467561119309175e-10 2.758851741592365421e-10 3.103289736969050923e-10 3.302330697399113914e-10 2.905761932288333766e-10 1.323921693674692481e-10 1.146141108560452285e-11 2.608456602475132915e-11 4.333311688066268224e-11 7.963723618190057075e-12
4.308231304195408422e-12 2.155177049951980575e-11 -1.436687106004158081e-12 1.888100295864471525e-11 1.071458779236266224e-11 8.302391148594373343e-12 1.542320494366321529e-11 7.842660950998455638e-12 1.430444531549114186e-11 1.849483064837555040e-11 2.391233536419974793e-11 3.103244807080899291e-11 5.182034136172348872e-11 7.887946811359130432e-11 1.227439765329116544e-10 1.888797997282567826e-10 2.758851741592365421e-10 3.667040136268226767e-10 4.264894203543693379e-10 4.543546168298381522e-10 4.099715848433020175e-10 2.146782244717382966e-10 2.841450445642699251e-11 2.599624201753349809e-11 3.760000279686099794e-11 -2.954794933962291698e-12
5.489878554200489794e-12 2.615891909783750074e-11 -3.784411957800319984e-12 1.978223134753256444e-11 9.874268079296808867e-12 8.815098000102567899e-12 2.051034226351899818e-11 1.108439058638059575e-11 1.609402051914978089e-11 1.876708194528014373e-11 2.637935674365864817e-11 3.381144331932962143e-11 5.724693302167336920e-11 8.909415603477899729e-11 1.372013043799936469e-10 2.099060896276576821e-10 3.103289736969050923e-10 4.264894203543693379e-10 5.375075985369657518e-10 5.980088908352917425e-10 5.610547817621018462e-10 3.428351867821947846e-10 8.382752547637155287e-11 4.171643852064303036e-11 4.147456796723526639e-11 -1.155640688847277314e-11
2.640616822162060747e-12 2.391251221153872437e-11 -5.526290656667853889e-12 2.240528466826218043e-11 8.213795759530112999e-12 8.849035010452940004e-12 1.995410758988260116e-11 1.261424222868858682e-11 1.541482401757310419e-11 2.112467360894925771e-11 2.935559951166463479e-11 3.864877257441381025e-11 6.117752331474837577e-11 9.512362140841408779e-11 1.457940013188761591e-10 2.227791006247997113e-10 3.302330697399113914e-10 4.543546168298381522e-10 5.980088908352917425e-10 7.364048944985879795e-10 7.457158964011633075e-10 5.293873117962740677e-10 1.959243570411807555e-10 6.842355815781448698e-11 5.068804695100543818e-11 -2.190150359000285545e-11
3.330487783384293608e-12 2.317759990006804051e-11 6.518861656227048262e-13 2.314851399931224836e-11 7.192311414900380479e-12 5.113748821986957282e-12 1.756171815874744483e-11 1.391007386389934294e-11 1.330460341447385128e-11 2.130629183542429439e-11 2.939370778694949666e-11 3.698903968794477750e-11 5.712376237812003832e-11 8.152428593553814998e-11 1.220095045058350310e-10 1.899978322847173815e-10 2.905761932288333766e-10 4.099715848433020175e-10 5.610547817621018462e-10 7.457158964011633075e-10 8.613606691181980644e-10 7.386018557605161677e-10 3.905958666591378940e-10 1.253450311133855430e-10 2.741522038858531247e-11 -3.992597061470913094e-11
9.294013460160703215e-12 1.729894687165202335e-11 1.847689453140485164e-12 1.107586909858820830e-11 1.954500136506084616e-12 -3.223459891528611128e-12 7.183621059483650199e-12 1.240788554442910479e-11 6.217159242476691059e-12 1.162810969505325359e-11 1.724972019913720402e-11 1.797001835054267537e-11 2.802839913320009173e-11 2.859249079783425206e-11 4.349684992608756959e-11 7.376933049119279370e-11 1.323921693674692481e-10 2.146782244717382966e-10 3.428351867821947846e-10 5.293873117962740677e-10 7.386018557605161677e-10 8.551523651117996410e-10 6.275564419922839591e-10 2.450121797210539216e-10 -2.309423783077132951e-12 -5.480336508611170998e-11
1.865985149251216557e-11 7.021206980522230303e-12 6.269509139488711342e-12 7.833690582676739183e-12 3.853352849069057459e-12 -6.191927530082177122e-12 3.845778435779655474e-12 1.812897381800626651e-11 1.259447275064726774e-11 1.482740362920781454e-11 1.813650848699891693e-11 1.215368700391678943e-11 1.738619584347221089e-11 8.578286146672378808e-12 6.304727054947822283e-12 6.034838023108152548e-12 1.146141108560452285e-11 2.841450445642699251e-11 8.382752547637155287e-11 1.959243570411807555e-10 3.905958666591378940e-10 6.275564419922839591e-10 7.112124375960893523e-10 4.465493707638662536e-10 6.358003343889983720e-11 -2.187851814545672230e-11
3.259026282264584370e-11 1.242355253012029702e-11 8.190625340180956122e-12 1.960917462902744384e-11 1.073340836546857579e-11 -2.135689855113208954e-12 3.976847636042070151e-12 1.423071491451107404e-11 1.738737335205562619e-11 1.724593404982581277e-11 1.806907386115911446e-11 1.022893002352125161e-11 1.329120412765701046e-11 1.466333306474508010e-11 2.080349433459787875e-11 2.651203290256635827e-11 2.608456602475132915e-11 2.599624201753349809e-11 4.171643852064303036e-11 6.842355815781448698e-11 1.253450311133855430e-10 2.450121797210539216e-10 4.465493707638662536e-10 5.868796217761496187e-10 3.276307967807233103e-10 7.150460555420283002e-11
2.139209599925766499e-11 1.304001747582101125e-11 1.072893795423425410e-12 1.750349170117553386e-11 9.621489609258510016e-12 5.142242622720262776e-12 -1.832736314335344966e-12 1.969887366865445574e-12 4.833230492336070530e-12 1.183394041040973620e-11 1.603229438041466516e-11 1.876955090371195628e-11 2.030686162407855866e-11 2.278554112501322207e-11 2.992113870424063181e-11 4.037649872771816188e-11 4.333311688066268224e-11 3.760000279686099794e-11 4.147456796723526639e-11 5.068804695100543818e-11 2.741522038858531247e-11 -2.309423783077132951e-12 6.358003343889983720e-11 3.276307967807233103e-10 5.657600786776708958e-10 3.112641665694388956e-10
-3.834139953368692267e-12 5.965919466506025388e-12 -1.993564015529898983e-11 -3.022434019015211325e-12 1.091140148461553536e-12 3.209401403667475728e-12 -7.880247769387480588e-12 -8.075479065917501651e-12 -8.521369742524412493e-12 1.484057299991746062e-12 9.886584119955341656e-15 1.181577360108830060e-11 1.271432871865610720e-11 9.074453683800103595e-12 8.878392316257105858e-12 1.234294121718423233e-11 7.963723618190057075e-12 -2.954794933962291698e-12 -1.155640688847277314e-11 -2.190150359000285545e-11 -3.992597061470913094e-11 -5.480336508611170998e-11 -2.187851814545672230e-11 7.150460555420283002e-11 3.112641665694388956e-10 5.191707715493993409e-10
