5.007791728750107435e-11 1.056015874178820950e-11 5.016618136237022654e-12 -5.475702358284661884e-13 1.566478385304775426e-12 -5.470081559972239795e-13 -2.400395833159349410e-13 -1.674633076395769401e-12 -1.646545408267286982e-12 -1.927444403871094831e-12 -3.866099621128541127e-12 -4.621169152391725394e-12 -6.469142628897096605e-12 -7.035618503256892604e-12 -1.981186689980339910e-12 4.602872846846718019e-13 -1.071580054987755148e-13 3.222783626587142499e-12 4.107575524580934867e-12 6.965718660929013940e-12 1.163609747413280758e-11 1.574636781313596823e-11 5.964284516284965919e-12 -4.728784090914565125e-12 -3.494074259364016036e-12 -7.112655393430768135e-12
1.056015874178820950e-11 3.508830303024566639e-11 8.458303213726098008e-12 5.570426896333723835e-12 3.742649591800728267e-12 3.905227942082009819e-12 4.466182802452351672e-12 2.580391202374768451e-12 1.373004527591128419e-12 1.911183586669791769e-12 5.302144405014378344e-13 3.404728717833331048e-13 -4.011265103659381730e-13 8.961775498042013645e-13 2.649876898596941578e-12 5.257445578894905374e-12 8.186510493353398504e-12 7.927672761705920207e-12 6.489420056857555538e-12 5.594566811875205844e-12 5.766783702546406354e-12 4.864732858860982522e-12 3.790934593818192226e-12 8.275468211008540299e-12 1.519771818765495395e-11 9.562125857539688474e-13
5.016618136237022654e-12 8.458303213726098008e-12 3.095095488863347766e-11 1.374226420823829163e-11 6.956545630662219897e-12 8.122595037187719231e-12 6.922133013480000850e-12 4.578823900144729850e-12 2.709949518152546693e-12 1.029329039508918651e-12 4.833756122988806043e-13 2.291101399050150648e-14 -9.145262471230470462e-13 -5.570320007030844303e-14 -7.058034989201862484e-14 -6.368746255559988954e-13 -1.788696754845055931e-12 -4.789080763677274368e-12 -4.508753517740107348e-12 -4.391982236727739365e-12 4.034019457976004134e-12 1.076629365147285470e-11 1.250383511141440034e-11 5.929000747318685067e-12 1.773645394732553230e-12 1.945534077716738630e-12
-5.475702358284661884e-13 5.570426896333723835e-12 1.374226420823829163e-11 2.937538641099227921e-11 1.097305804925719644e-11 7.970660150615471623e-12 6.304079061269718076e-12 4.608507825654192909e-12 4.642599404404396767e-12 2.776115367614508051e-12 3.455628641506922169e-12 2.278587234969522743e-12 -4.231951103128683324e-13 7.095473345674800584e-14 -4.366122549819974355e-13 -2.332188323702001576e-12 -2.106487550178654496e-12 -3.464086064569337891e-12 -1.473119041227513672e-12 6.319229759672714022e-13 2.631304176820820714e-12 7.598492169144030906e-12 1.017223515442728057e-11 9.632172778280615807e-12 1.050798419262407958e-11 6.175016120071068484e-12
1.566478385304775426e-12 3.742649591800728267e-12 6.956545630662219897e-12 1.097305804925719644e-11 2.397188426081860745e-11 1.360415702831703622e-11 7.749247620395308649e-12 4.904487920856760405e-12 2.068191993833504080e-12 1.394280321924662216e-12 2.472749105525887818e-12 2.559953531554966741e-12 1.706889580495756049e-12 1.212400034784927451e-12 1.864689554125958666e-12 2.198742048972415852e-12 1.669255348853772876e-12 -3.507668895806452494e-13 -1.201140141841817870e-12 2.468584961495333818e-13 2.678114148663828013e-12 6.168911856341682021e-12 6.601609151555061679e-12 -3.433256525953324310e-12 -4.671996764119727514e-12 6.202057320157370867e-12
-5.470081559972239795e-13 3.905227942082009819e-12 8.122595037187719231e-12 7.970660150615471623e-12 1.360415702831703622e-11 2.154798867483685053e-11 1.239692545277660739e-11 9.814704377718762004e-12 8.064343849216560751e-12 5.079739040000682680e-12 3.972280519683584201e-12 3.113267775674469308e-12 3.895579404312001156e-12 1.929411939788067870e-12 1.959418003146191761e-12 3.003662705443294424e-12 3.655068568714111627e-12 1.597291985954944643e-12 3.447220835527035203e-13 2.192418686633462990e-12 3.375956164948285675e-12 3.040664482754578579e-12 8.419725277757712937e-13 -4.969297406894600442e-12 -6.674301537030878757e-13 5.373939874514429177e-12
-2.400395833159349410e-13 4.466182802452351672e-12 6.922133013480000850e-12 6.304079061269718076e-12 7.749247620395308649e-12 1.239692545277660739e-11 1.842950076125924222e-11 1.266917809510496855e-11 9.023791729071213792e-12 5.699168067716795006e-12 3.651280976780004149e-12 2.888127592855090903e-12 2.070756712592839386e-12 1.185413060396051416e-12 2.202186012198877631e-12 4.411651694268898776e-12 5.478649565246197260e-12 4.781359484148647296e-12 4.531627275834256268e-12 7.042737489246459084e-12 8.976259997651363189e-12 7.606100320459308611e-12 1.869999377689568019e-12 -3.553962644177014670e-12 1.916626272967383988e-13 -1.244543395254395164e-12
-1.674633076395769401e-12 2.580391202374768451e-12 4.578823900144729850e-12 4.608507825654192909e-12 4.904487920856760405e-12 9.814704377718762004e-12 1.266917809510496855e-11 2.106639043518532783e-11 1.550140068442279538e-11 1.179191239169287649e-11 8.514123002538504401e-12 7.236430156643610727e-12 5.821919183901462858e-12 4.876364003800512748e-12 5.177580009011630162e-12 8.554242890320400900e-12 1.058631327280067804e-11 9.045872224176578635e-12 1.043596543054745103e-11 1.158457522895980484e-11 1.005926852938757172e-11 4.551129102100439879e-12 2.194463673058686289e-13 -5.079645209101234550e-12 -5.869474779052418769e-12 -9.344313957530220181e-12
-1.646545408267286982e-12 1.373004527591128419e-12 2.709949518152546693e-12 4.642599404404396767e-12 2.068191993833504080e-12 8.064343849216560751e-12 9.023791729071213792e-12 1.550140068442279538e-11 2.172445840708059051e-11 1.669114388479288921e-11 1.229148915265263784e-11 1.030409983604476756e-11 8.491547974179728187e-12 6.971572152580149177e-12 5.774737436922841012e-12 6.823124256648000642e-12 1.002030305143627167e-11 7.856097212929450146e-12 8.092209101387256400e-12 8.503366086136306840e-12 5.423931155525625612e-12 8.017934623221147073e-13 -2.729964231510176808e-13 -2.717562367317533547e-12 -6.201123491076730311e-12 -9.175282836241351478e-12
-1.927444403871094831e-12 1.911183586669791769e-12 1.029329039508918651e-12 2.776115367614508051e-12 1.394280321924662216e-12 5.079739040000682680e-12 5.699168067716795006e-12 1.179191239169287649e-11 1.669114388479288921e-11 2.194404764035697342e-11 1.761303565850717834e-11 1.308704344954397581e-11 1.101550124631195585e-11 9.357346374734435679e-12 7.984106440874039384e-12 8.816880965357555647e-12 1.052249308024901361e-11 9.019544251319613374e-12 8.852822262791612598e-12 8.956867556780816485e-12 7.210215300703083387e-12 1.476520598311459006e-12 -4.990657582300237942e-13 -5.713368633425260178e-12 -4.843514123531309910e-12 -1.164524529044132056e-11
-3.866099621128541127e-12 5.302144405014378344e-13 4.833756122988806043e-13 3.455628641506922169e-12 2.472749105525887818e-12 3.972280519683584201e-12 3.651280976780004149e-12 8.514123002538504401e-12 1.229148915265263784e-11 1.761303565850717834e-11 2.306676282918431794e-11 1.957356462506800198e-11 1.568657168743271730e-11 1.347503227749568700e-11 1.160268161504756494e-11 1.140758809374683241e-11 1.185997304584124985e-11 1.124131062543466993e-11 1.052929316942219640e-11 9.934094358010505726e-12 5.741506774097165475e-12 -5.143711229237431810e-12 -9.047536486266680603e-12 -1.088144383231179145e-11 -6.689811687890626261e-12 -8.425259344498509408e-12
-4.621169152391725394e-12 3.404728717833331048e-13 2.291101399050150648e-14 2.278587234969522743e-12 2.559953531554966741e-12 3.113267775674469308e-12 2.888127592855090903e-12 7.236430156643610727e-12 1.030409983604476756e-11 1.308704344954397581e-11 1.957356462506800198e-11 2.796722623877500846e-11 2.616196260644910599e-11 2.335859158486529792e-11 2.063813144479250531e-11 1.911382716235391975e-11 1.867813681043699095e-11 1.779177077512488112e-11 1.706422192105354762e-11 1.797739922351721016e-11 1.049752575084927616e-11 -4.825187992891554358e-12 -7.023745101305966154e-12 -9.302118445885918131e-12 -9.584667197122831763e-12 -5.673749342308406306e-12
-6.469142628897096605e-12 -4.011265103659381730e-13 -9.145262471230470462e-13 -4.231951103128683324e-13 1.706889580495756049e-12 3.895579404312001156e-12 2.070756712592839386e-12 5.821919183901462858e-12 8.491547974179728187e-12 1.101550124631195585e-11 1.568657168743271730e-11 2.616196260644910599e-11 3.672465310561077054e-11 3.509685825585593564e-11 3.147656679155747762e-11 2.940882594199504453e-11 2.814353323480172431e-11 2.802374384571548079e-11 2.788621464141407935e-11 2.815816280290267254e-11 1.673928754611067032e-11 -6.415991378275021297e-12 -6.503749969128291557e-12 -2.828691350887605700e-12 -9.268929486825541116e-12 -9.294720441007085098e-12
-7.035618503256892604e-12 8.961775498042013645e-13 -5.570320007030844303e-14 7.095473345674800584e-14 1.212400034784927451e-12 1.929411939788067870e-12 1.185413060396051416e-12 4.876364003800512748e-12 6.971572152580149177e-12 9.357346374734435679e-12 1.347503227749568700e-11 2.335859158486529792e-11 3.509685825585593564e-11 4.706063891322561054e-11 4.788321993280480165e-11 4.712513578969562337e-11 4.624784132924214622e-11 4.638316968473669207e-11 4.760362280869477317e-11 4.887235872785100606e-11 3.520269539162686143e-11 -7.960863993643195101e-13 -6.601616710427221918e-12 -1.314309690946426719e-12 -6.864687105804961129e-12 -5.147885567219597784e-12
-1.981186689980339910e-12 2.649876898596941578e-12 -7.058034989201862484e-14 -4.366122549819974355e-13 1.864689554125958666e-12 1.959418003146191761e-12 2.202186012198877631e-12 5.177580009011630162e-12 5.774737436922841012e-12 7.984106440874039384e-12 1.160268161504756494e-11 2.063813144479250531e-11 3.147656679155747762e-11 4.788321993280480165e-11 6.402065192240442653e-11 6.807263877480433900e-11 6.817623456075059823e-11 6.889671569385211260e-11 7.072236230587395098e-11 7.564731670778334035e-11 6.269241693464992517e-11 1.353084116330525992e-11 -3.651416800263041391e-12 -3.639544178660749240e-12 -4.539433271269800399e-12 -4.305143958493091307e-12
4.602872846846718019e-13 5.257445578894905374e-12 -6.368746255559988954e-13 -2.332188323702001576e-12 2.198742048972415852e-12 3.003662705443294424e-12 4.411651694268898776e-12 8.554242890320400900e-12 6.823124256648000642e-12 8.816880965357555647e-12 1.140758809374683241e-11 1.911382716235391975e-11 2.940882594199504453e-11 4.712513578969562337e-11 6.807263877480433900e-11 8.849228290883951608e-11 9.516760637487310347e-11 9.898958542364274632e-11 1.033325677798067855e-10 1.119406154579077254e-10 1.007116172470511934e-10 3.972277379250414559e-11 6.341233319950556258e-12 1.548835973317840974e-12 -4.435337418404372482e-12 -8.423586200102658328e-12
-1.071580054987755148e-13 8.186510493353398504e-12 -1.788696754845055931e-12 -2.106487550178654496e-12 1.669255348853772876e-12 3.655068568714111627e-12 5.478649565246197260e-12 1.058631327280067804e-11 1.002030305143627167e-11 1.052249308024901361e-11 1.185997304584124985e-11 1.867813681043699095e-11 2.814353323480172431e-11 4.624784132924214622e-11 6.817623456075059823e-11 9.516760637487310347e-11 1.191458321646550521e-10 1.288172256079068921e-10 1.359895126828643140e-10 1.482984892432164789e-10 1.373111867111674347e-10 6.621140452209759020e-11 1.421002373162057449e-11 4.770653365808691346e-12 -7.541817394135221180e-12 -1.339946826317422799e-11
3.222783626587142499e-12 7.927672761705920207e-12 -4.789080763677274368e-12 -3.464086064569337891e-12 -3.507668895806452494e-13 1.597291985954944643e-12 4.781359484148647296e-12 9.045872224176578635e-12 7.856097212929450146e-12 9.019544251319613374e-12 1.124131062543466993e-11 1.779177077512488112e-11 2.802374384571548079e-11 4.638316968473669207e-11 6.889671569385211260e-11 9.898958542364274632e-11 1.288172256079068921e-10 1.604010970831380007e-10 1.775987787674266796e-10 1.933230474169513404e-10 1.827213708188272703e-10 1.014793562384036739e-10 2.556067238265005846e-11 9.440870718271441028e-12 -1.022412069100873764e-11 -1.554707350110915985e-11
4.107575524580934867e-12 6.489420056857555538e-12 -4.508753517740107348e-12 -1.473119041227513672e-12 -1.201140141841817870e-12 3.447220835527035203e-13 4.531627275834256268e-12 1.043596543054745103e-11 8.092209101387256400e-12 8.852822262791612598e-12 1.052929316942219640e-11 1.706422192105354762e-11 2.788621464141407935e-11 4.760362280869477317e-11 7.072236230587395098e-11 1.033325677798067855e-10 1.359895126828643140e-10 1.775987787674266796e-10 2.214362619573438602e-10 2.511428250493123145e-10 2.449472308857828258e-10 1.575135680996928662e-10 5.302944803154592332e-11 2.040437267969694816e-11 -7.233482086259158384e-12 -1.702038654705361655e-11
6.965718660929013940e-12 5.594566811875205844e-12 -4.391982236727739365e-12 6.319229759672714022e-13 2.468584961495333818e-13 2.192418686633462990e-12 7.042737489246459084e-12 1.158457522895980484e-11 8.503366086136306840e-12 8.956867556780816485e-12 9.934094358010505726e-12 1.797739922351721016e-11 2.815816280290267254e-11 4.887235872785100606e-11 7.564731670778334035e-11 1.119406154579077254e-10 1.482984892432164789e-10 1.933230474169513404e-10 2.511428250493123145e-10 3.256160786147228719e-10 3.444303928585996594e-10 2.562500149952533107e-10 1.195408261558463141e-10 4.074286435703187573e-11 1.566177553191272190e-12 -1.425452151821404876e-11
1.163609747413280758e-11 5.766783702546406354e-12 4.034019457976004134e-12 2.631304176820820714e-12 2.678114148663828013e-12 3.375956164948285675e-12 8.976259997651363189e-12 1.005926852938757172e-11 5.423931155525625612e-12 7.210215300703083387e-12 5.741506774097165475e-12 1.049752575084927616e-11 1.673928754611067032e-11 3.520269539162686143e-11 6.269241693464992517e-11 1.007116172470511934e-10 1.373111867111674347e-10 1.827213708188272703e-10 2.449472308857828258e-10 3.444303928585996594e-10 4.372343162233616508e-10 3.950242543939674979e-10 2.419044797856197178e-10 7.516341409774176326e-11 -2.539546870058061060e-13 -1.674949675719198546e-11
1.574636781313596823e-11 4.864732858860982522e-12 1.076629365147285470e-11 7.598492169144030906e-12 6.168911856341682021e-12 3.040664482754578579e-12 7.606100320459308611e-12 4.551129102100439879e-12 8.017934623221147073e-13 1.476520598311459006e-12 -5.143711229237431810e-12 -4.825187992891554358e-12 -6.415991378275021297e-12 -7.960863993643195101e-13 1.353084116330525992e-11 3.972277379250414559e-11 6.621140452209759020e-11 1.014793562384036739e-10 1.575135680996928662e-10 2.562500149952533107e-10 3.950242543939674979e-10 4.864023781608223786e-10 3.913799644568747050e-10 1.580398540948768771e-10 1.215273668894085480e-11 -9.148331089674404463e-12
5.964284516284965919e-12 3.790934593818192226e-12 1.250383511141440034e-11 1.017223515442728057e-11 6.601609151555061679e-12 8.419725277757712937e-13 1.869999377689568019e-12 2.194463673058686289e-13 -2.729964231510176808e-13 -4.990657582300237942e-13 -9.047536486266680603e-12 -7.023745101305966154e-12 -6.503749969128291557e-12 -6.601616710427221918e-12 -3.651416800263041391e-12 6.341233319950556258e-12 1.421002373162057449e-11 2.556067238265005846e-11 5.302944803154592332e-11 1.195408261558463141e-10 2.419044797856197178e-10 3.913799644568747050e-10 4.574387662365576780e-10 2.883918368035830872e-10 6.954317120437397104e-11 1.577759233528901343e-11
-4.728784090914565125e-12 8.275468211008540299e-12 5.929000747318685067e-12 9.632172778280615807e-12 -3.433256525953324310e-12 -4.969297406894600442e-12 -3.553962644177014670e-12 -5.079645209101234550e-12 -2.717562367317533547e-12 -5.713368633425260178e-12 -1.088144383231179145e-11 -9.302118445885918131e-12 -2.828691350887605700e-12 -1.314309690946426719e-12 -3.639544178660749240e-12 1.548835973317840974e-12 4.770653365808691346e-12 9.440870718271441028e-12 2.040437267969694816e-11 4.074286435703187573e-11 7.516341409774176326e-11 1.580398540948768771e-10 2.883918368035830872e-10 3.613615404799919362e-10 2.050018334539666540e-10 4.670609678188692406e-11
-3.494074259364016036e-12 1.519771818765495395e-11 1.773645394732553230e-12 1.050798419262407958e-11 -4.671996764119727514e-12 -6.674301537030878757e-13 1.916626272967383988e-13 -5.869474779052418769e-12 -6.201123491076730311e-12 -4.843514123531309910e-12 -6.689811687890626261e-12 -9.584667197122831763e-12 -9.268929486825541116e-12 -6.864687105804961129e-12 -4.539433271269800399e-12 -4.435337418404372482e-12 -7.541817394135221180e-12 -1.022412069100873764e-11 -7.233482086259158384e-12 1.566177553191272190e-12 -2.539546870058061060e-13 1.215273668894085480e-11 6.954317120437397104e-11 2.050018334539666540e-10 3.084649787421153276e-10 1.652448471083973948e-10
-7.112655393430768135e-12 9.562125857539688474e-13 1.945534077716738630e-12 6.175016120071068484e-12 6.202057320157370867e-12 5.373939874514429177e-12 -1.244543395254395164e-12 -9.344313957530220181e-12 -9.175282836241351478e-12 -1.164524529044132056e-11 -8.425259344498509408e-12 -5.673749342308406306e-12 -9.294720441007085098e-12 -5.147885567219597784e-12 -4.305143958493091307e-12 -8.423586200102658328e-12 -1.339946826317422799e-11 -1.554707350110915985e-11 -1.702038654705361655e-11 -1.425452151821404876e-11 -1.674949675719198546e-11 -9.148331089674404463e-12 1.577759233528901343e-11 4.670609678188692406e-11 1.652448471083973948e-10 3.362966620002248026e-10
