8.262378768054102236e-11 1.584457178933011613e-11 4.199256450727658417e-12 6.032737589400194437e-12 4.545239744185904978e-12 6.058983719610407609e-13 -2.056748245484248088e-14 -1.696515238446166386e-12 -3.467450118642516604e-12 -2.248334720129700175e-12 -1.709794368111096505e-12 2.808476551669808048e-12 1.679368748418483203e-12 -1.169992210187619839e-12 -1.803238307889653051e-12 -3.952166083453263084e-12 -7.817833877526272029e-12 -1.290397362852668865e-11 -1.860319665029972799e-11 -1.866156874956212025e-11 -2.757280404517051540e-11 -2.147784806593889788e-11 -5.813808687535794840e-12 1.022896794364322707e-11 3.449507688835371894e-11 2.803190009095953043e-11
1.584457178933011613e-11 6.153698289244072096e-11 1.284021407179838391e-11 1.274802178768654565e-11 4.765581648455630894e-12 5.022707840288675933e-12 3.550189145396389466e-12 1.729251026930965609e-13 2.028899883006458759e-12 1.262772925266380584e-12 -1.285418789670114695e-12 -4.286009677569094588e-13 1.452298645234867966e-12 1.664977604200230358e-12 1.026394356411058005e-12 3.713701632405864596e-13 -2.987534958807605222e-13 -1.757127367861073567e-12 3.866314190811515705e-12 1.214816966579788280e-11 9.120449970687473241e-12 1.229943728391514543e-11 1.080596990553552113e-11 8.562769111360574223e-12 1.207820122297219729e-11 1.453730586447981238e-11
4.199256450727658417e-12 1.284021407179838391e-11 3.902559691296658063e-11 1.426785439321464405e-11 9.720867040543607695e-12 6.848018911161094193e-12 4.656333066705895914e-12 1.414162725892924167e-12 -2.871750711522683040e-12 -8.534949524122273549e-13 -2.287094146570105762e-12 -2.681922855422242400e-12 -1.384486891108011897e-12 -8.682991859998245356e-13 -2.607563360823407660e-13 -7.795630101921463854e-13 1.151883342856463030e-13 3.917239132717433130e-13 2.545111793209188136e-12 5.126194938541860249e-12 -6.476789871504963033e-12 -1.320343378538279142e-11 -8.263771140336761270e-12 2.058618282245105935e-12 1.417320727779576747e-11 8.026972279427042948e-12
6.032737589400194437e-12 1.274802178768654565e-11 1.426785439321464405e-11 3.993926058881916722e-11 1.732324212294977915e-11 9.374046470765492416e-12 7.925220487987449607e-12 5.369547403541707472e-12 3.181957057906093964e-12 2.791547880548377916e-12 -1.249680843988728510e-12 -4.493054065248435870e-13 -6.592247786478801551e-13 -3.375752029565562390e-12 -2.860323045021963881e-12 -3.651750599844533775e-14 3.818489964452774505e-12 2.915314342330268382e-12 4.748013021343091674e-12 5.803243620530442137e-12 -9.246004939324654464e-14 -3.701891515410581353e-12 7.077820349487699164e-13 5.209620358738375946e-12 -6.727081485056236142e-13 -7.153270503053442880e-12
4.545239744185904978e-12 4.765581648455630894e-12 9.720867040543607695e-12 1.732324212294977915e-11 2.883867041235412236e-11 1.339123704976402422e-11 9.847359695129424425e-12 6.516282871617936580e-12 3.846611530038341335e-12 4.705009473726746553e-12 3.367884798408823507e-12 3.266104398487533877e-12 1.849361778898129352e-12 5.709203501404555657e-13 1.104184916505727185e-12 2.174743305616196050e-12 4.340317344244796693e-12 4.336067498850132809e-12 9.367935970544489237e-12 1.507037621056401739e-11 1.683735284763780034e-11 1.661865297997796826e-11 1.921696992826581954e-11 1.316906104946459183e-11 -4.210407544074122751e-12 -4.925019961155056759e-12
6.058983719610407609e-13 5.022707840288675933e-12 6.848018911161094193e-12 9.374046470765492416e-12 1.339123704976402422e-11 2.382112968284841417e-11 1.278549574864411644e-11 9.664129405564479116e-12 5.619103696467153077e-12 6.687737680448761689e-12 5.125835749679880565e-12 4.673001427066768109e-12 5.626144696173909179e-12 4.369023257540197342e-12 5.732318762191097768e-12 7.088396812743265160e-12 8.026063590933030454e-12 7.556682170133424342e-12 1.068675791640083635e-11 1.210788595324668886e-11 1.081812644728215637e-11 7.760192511338077924e-12 2.442799286486687638e-12 7.537529836552669384e-14 3.524467719599060834e-12 -9.039479247604439852e-13
-2.056748245484248088e-14 3.550189145396389466e-12 4.656333066705895914e-12 7.925220487987449607e-12 9.847359695129424425e-12 1.278549574864411644e-11 2.486127011573949415e-11 1.693684537642554949e-11 1.272285508118285050e-11 1.167001554676997547e-11 1.167282138498465758e-11 9.975656958456623823e-12 9.697589448453607418e-12 1.091949829971348441e-11 1.383323850666452076e-11 1.701061846414836012e-11 1.987608922553439779e-11 2.145788902154053823e-11 2.306442066963554548e-11 2.267292641371885543e-11 1.756110545176828463e-11 6.555703519237768613e-12 1.440087442678149333e-12 -1.574237116646986712e-12 9.105423618728678752e-12 5.414667196160053102e-12
-1.696515238446166386e-12 1.729251026930965609e-13 1.414162725892924167e-12 5.369547403541707472e-12 6.516282871617936580e-12 9.664129405564479116e-12 1.693684537642554949e-11 2.757812849929392914e-11 1.954389717529580062e-11 1.599826741500908030e-11 1.399367747894675412e-11 1.148754092274460186e-11 1.141207741912242343e-11 1.239574900668657971e-11 1.381376299231323959e-11 1.675516752593522156e-11 2.163141024657211382e-11 2.573321428119403466e-11 2.810553826412352252e-11 2.743021310854625508e-11 2.157177865682898708e-11 6.684247103714639384e-12 -1.514572952903704413e-12 -4.309955912228873790e-12 1.144546088462565934e-11 9.580424901397517290e-12
-3.467450118642516604e-12 2.028899883006458759e-12 -2.871750711522683040e-12 3.181957057906093964e-12 3.846611530038341335e-12 5.619103696467153077e-12 1.272285508118285050e-11 1.954389717529580062e-11 2.773754791457038813e-11 2.433463550464486998e-11 2.047465299565724273e-11 1.909574392227635781e-11 1.973538739300627930e-11 2.224610598665888385e-11 2.428104893582967436e-11 2.605197327805675466e-11 2.983305414334551531e-11 3.487959947216196496e-11 4.325053279234720597e-11 5.046621107858454751e-11 5.575655162609907633e-11 4.263768894422343553e-11 2.922932103478567295e-11 1.109105604372890905e-11 9.965644388089345630e-12 7.439015058599654710e-12
-2.248334720129700175e-12 1.262772925266380584e-12 -8.534949524122273549e-13 2.791547880548377916e-12 4.705009473726746553e-12 6.687737680448761689e-12 1.167001554676997547e-11 1.599826741500908030e-11 2.433463550464486998e-11 3.330277918235644992e-11 2.864685915283867433e-11 2.662845590901962573e-11 2.753962108085163191e-11 3.037877266105485866e-11 3.308469791624970280e-11 3.482943520500396563e-11 3.883320985365630612e-11 4.265979989134506908e-11 4.830658689888026552e-11 5.342313254990121840e-11 5.394689927218094208e-11 3.901518446389031604e-11 3.273776688033832557e-11 2.428747911441141499e-11 1.616290162753689776e-11 -1.974398397010521640e-12
-1.709794368111096505e-12 -1.285418789670114695e-12 -2.287094146570105762e-12 -1.249680843988728510e-12 3.367884798408823507e-12 5.125835749679880565e-12 1.167282138498465758e-11 1.399367747894675412e-11 2.047465299565724273e-11 2.864685915283867433e-11 3.695711593499536216e-11 3.591104100652642454e-11 3.610066010110539748e-11 3.905381293210139084e-11 4.172861754614196436e-11 4.311527046071417702e-11 4.777177456099635682e-11 5.238690053915649781e-11 5.685702326383205307e-11 6.304848928670447567e-11 6.219026675988894530e-11 4.262815773960876681e-11 3.014141014530995720e-11 2.059379120769522037e-11 2.100277199472855822e-11 -4.431238651084216928e-12
2.808476551669808048e-12 -4.286009677569094588e-13 -2.681922855422242400e-12 -4.493054065248435870e-13 3.266104398487533877e-12 4.673001427066768109e-12 9.975656958456623823e-12 1.148754092274460186e-11 1.909574392227635781e-11 2.662845590901962573e-11 3.591104100652642454e-11 5.113233079519069775e-11 5.420532062187945655e-11 5.764705094887161070e-11 6.091742161188856860e-11 6.342823498122405011e-11 7.023710510522610832e-11 7.678028490468261620e-11 8.307554076043486250e-11 9.002122260685545752e-11 8.514117397328054947e-11 5.195454593406300303e-11 3.729075166017625434e-11 2.082154499906334620e-11 3.033145937497064006e-12 -2.240170307544069977e-11
1.679368748418483203e-12 1.452298645234867966e-12 -1.384486891108011897e-12 -6.592247786478801551e-13 1.849361778898129352e-12 5.626144696173909179e-12 9.697589448453607418e-12 1.141207741912242343e-11 1.973538739300627930e-11 2.753962108085163191e-11 3.610066010110539748e-11 5.420532062187945655e-11 7.224637830293190533e-11 7.962222325561753968e-11 8.437652446464897986e-11 8.805373632266328573e-11 9.503341472867582238e-11 1.022822285148864189e-10 1.114251331139621318e-10 1.208847943014240096e-10 1.112034705396525162e-10 5.952184098333975662e-11 3.769512361568949565e-11 2.235688505129392781e-11 1.288334051814394763e-11 -1.234952138310609258e-11
-1.169992210187619839e-12 1.664977604200230358e-12 -8.682991859998245356e-13 -3.375752029565562390e-12 5.709203501404555657e-13 4.369023257540197342e-12 1.091949829971348441e-11 1.239574900668657971e-11 2.224610598665888385e-11 3.037877266105485866e-11 3.905381293210139084e-11 5.764705094887161070e-11 7.962222325561753968e-11 1.093683576360100039e-10 1.209073489915608324e-10 1.285730565598893290e-10 1.397520458678576521e-10 1.539549109453488427e-10 1.676928632187488659e-10 1.766525762876773834e-10 1.536099498089301289e-10 6.695181051599901109e-11 1.825340156044096999e-11 1.932787678547960772e-12 1.035837033387176633e-11 -5.454946446605571729e-12
-1.803238307889653051e-12 1.026394356411058005e-12 -2.607563360823407660e-13 -2.860323045021963881e-12 1.104184916505727185e-12 5.732318762191097768e-12 1.383323850666452076e-11 1.381376299231323959e-11 2.428104893582967436e-11 3.308469791624970280e-11 4.172861754614196436e-11 6.091742161188856860e-11 8.437652446464897986e-11 1.209073489915608324e-10 1.583063695123450844e-10 1.797741370473908772e-10 2.011655424621631405e-10 2.223354483808491670e-10 2.414992188371844773e-10 2.548379460025970490e-10 2.327150213142426967e-10 1.187673297686123187e-10 4.185522477341431918e-11 -6.465876175110017974e-13 -3.688164008187195197e-12 -1.529622591945918056e-12
-3.952166083453263084e-12 3.713701632405864596e-13 -7.795630101921463854e-13 -3.651750599844533775e-14 2.174743305616196050e-12 7.088396812743265160e-12 1.701061846414836012e-11 1.675516752593522156e-11 2.605197327805675466e-11 3.482943520500396563e-11 4.311527046071417702e-11 6.342823498122405011e-11 8.805373632266328573e-11 1.285730565598893290e-10 1.797741370473908772e-10 2.300814035274290581e-10 2.724430457835698524e-10 3.065967363655150693e-10 3.323970165773251705e-10 3.506955914996373388e-10 3.302659998064860120e-10 1.776058693088787350e-10 6.076617012670774571e-11 -4.034924263806090696e-12 -1.175631683911201540e-11 -1.311326185401679679e-11
-7.817833877526272029e-12 -2.987534958807605222e-13 1.151883342856463030e-13 3.818489964452774505e-12 4.340317344244796693e-12 8.026063590933030454e-12 1.987608922553439779e-11 2.163141024657211382e-11 2.983305414334551531e-11 3.883320985365630612e-11 4.777177456099635682e-11 7.023710510522610832e-11 9.503341472867582238e-11 1.397520458678576521e-10 2.011655424621631405e-10 2.724430457835698524e-10 3.577542045715099443e-10 4.234213282037813860e-10 4.665367971277172081e-10 4.981094777489561854e-10 4.742802754153340286e-10 2.623786733954121651e-10 8.419629820857472829e-11 -6.488301396772076425e-12 -2.148491591125522097e-11 -3.711877100627991476e-11
-1.290397362852668865e-11 -1.757127367861073567e-12 3.917239132717433130e-13 2.915314342330268382e-12 4.336067498850132809e-12 7.556682170133424342e-12 2.145788902154053823e-11 2.573321428119403466e-11 3.487959947216196496e-11 4.265979989134506908e-11 5.238690053915649781e-11 7.678028490468261620e-11 1.022822285148864189e-10 1.539549109453488427e-10 2.223354483808491670e-10 3.065967363655150693e-10 4.234213282037813860e-10 5.544210061636281213e-10 6.442205772306470512e-10 7.072071861677469524e-10 6.888189123427410441e-10 4.290113041701197000e-10 1.668229383702759258e-10 1.667632718045822344e-11 -4.035935599724776322e-11 -7.905208334207649190e-11
-1.860319665029972799e-11 3.866314190811515705e-12 2.545111793209188136e-12 4.748013021343091674e-12 9.367935970544489237e-12 1.068675791640083635e-11 2.306442066963554548e-11 2.810553826412352252e-11 4.325053279234720597e-11 4.830658689888026552e-11 5.685702326383205307e-11 8.307554076043486250e-11 1.114251331139621318e-10 1.676928632187488659e-10 2.414992188371844773e-10 3.323970165773251705e-10 4.665367971277172081e-10 6.442205772306470512e-10 8.258891548966766507e-10 9.690745034598119851e-10 9.917675532511757260e-10 7.056046457595214111e-10 3.225887972789790866e-10 5.570459053652995276e-11 -4.469011241352238340e-11 -1.025610772740990661e-10
-1.866156874956212025e-11 1.214816966579788280e-11 5.126194938541860249e-12 5.803243620530442137e-12 1.507037621056401739e-11 1.210788595324668886e-11 2.267292641371885543e-11 2.743021310854625508e-11 5.046621107858454751e-11 5.342313254990121840e-11 6.304848928670447567e-11 9.002122260685545752e-11 1.208847943014240096e-10 1.766525762876773834e-10 2.548379460025970490e-10 3.506955914996373388e-10 4.981094777489561854e-10 7.072071861677469524e-10 9.690745034598119851e-10 1.252727680991261069e-09 1.381863064311041814e-09 1.111395476488270093e-09 5.965370318598542864e-10 1.294278029652889594e-10 -4.783676099720319652e-11 -1.401979248556693929e-10
-2.757280404517051540e-11 9.120449970687473241e-12 -6.476789871504963033e-12 -9.246004939324654464e-14 1.683735284763780034e-11 1.081812644728215637e-11 1.756110545176828463e-11 2.157177865682898708e-11 5.575655162609907633e-11 5.394689927218094208e-11 6.219026675988894530e-11 8.514117397328054947e-11 1.112034705396525162e-10 1.536099498089301289e-10 2.327150213142426967e-10 3.302659998064860120e-10 4.742802754153340286e-10 6.888189123427410441e-10 9.917675532511757260e-10 1.381863064311041814e-09 1.692460501734022978e-09 1.546931321031205372e-09 9.651608631294989947e-10 2.364947522622746533e-10 -8.079799504459176311e-11 -1.964434255362120533e-10
-2.147784806593889788e-11 1.229943728391514543e-11 -1.320343378538279142e-11 -3.701891515410581353e-12 1.661865297997796826e-11 7.760192511338077924e-12 6.555703519237768613e-12 6.684247103714639384e-12 4.263768894422343553e-11 3.901518446389031604e-11 4.262815773960876681e-11 5.195454593406300303e-11 5.952184098333975662e-11 6.695181051599901109e-11 1.187673297686123187e-10 1.776058693088787350e-10 2.623786733954121651e-10 4.290113041701197000e-10 7.056046457595214111e-10 1.111395476488270093e-09 1.546931321031205372e-09 1.758869534962495676e-09 1.379544460013157124e-09 5.098780332822689183e-10 -6.647961252194950123e-11 -2.132879484551164264e-10
-5.813808687535794840e-12 1.080596990553552113e-11 -8.263771140336761270e-12 7.077820349487699164e-13 1.921696992826581954e-11 2.442799286486687638e-12 1.440087442678149333e-12 -1.514572952903704413e-12 2.922932103478567295e-11 3.273776688033832557e-11 3.014141014530995720e-11 3.729075166017625434e-11 3.769512361568949565e-11 1.825340156044096999e-11 4.185522477341431918e-11 6.076617012670774571e-11 8.419629820857472829e-11 1.668229383702759258e-10 3.225887972789790866e-10 5.965370318598542864e-10 9.651608631294989947e-10 1.379544460013157124e-09 1.540067895600600611e-09 9.689054531061129492e-10 9.034033794215974100e-11 -1.622630450467400316e-10
1.022896794364322707e-11 8.562769111360574223e-12 2.058618282245105935e-12 5.209620358738375946e-12 1.316906104946459183e-11 7.537529836552669384e-14 -1.574237116646986712e-12 -4.309955912228873790e-12 1.109105604372890905e-11 2.428747911441141499e-11 2.059379120769522037e-11 2.082154499906334620e-11 2.235688505129392781e-11 1.932787678547960772e-12 -6.465876175110017974e-13 -4.034924263806090696e-12 -6.488301396772076425e-12 1.667632718045822344e-11 5.570459053652995276e-11 1.294278029652889594e-10 2.364947522622746533e-10 5.098780332822689183e-10 9.689054531061129492e-10 1.147330165979062986e-09 4.981436784267674633e-10 -1.041256527232527880e-11
3.449507688835371894e-11 1.207820122297219729e-11 1.417320727779576747e-11 -6.727081485056236142e-13 -4.210407544074122751e-12 3.524467719599060834e-12 9.105423618728678752e-12 1.144546088462565934e-11 9.965644388089345630e-12 1.616290162753689776e-11 2.100277199472855822e-11 3.033145937497064006e-12 1.288334051814394763e-11 1.035837033387176633e-11 -3.688164008187195197e-12 -1.175631683911201540e-11 -2.148491591125522097e-11 -4.035935599724776322e-11 -4.469011241352238340e-11 -4.783676099720319652e-11 -8.079799504459176311e-11 -6.647961252194950123e-11 9.034033794215974100e-11 4.981436784267674633e-10 9.571846164180613461e-10 5.059535736595724262e-10
2.803190009095953043e-11 1.453730586447981238e-11 8.026972279427042948e-12 -7.153270503053442880e-12 -4.925019961155056759e-12 -9.039479247604439852e-13 5.414667196160053102e-12 9.580424901397517290e-12 7.439015058599654710e-12 -1.974398397010521640e-12 -4.431238651084216928e-12 -2.240170307544069977e-11 -1.234952138310609258e-11 -5.454946446605571729e-12 -1.529622591945918056e-12 -1.311326185401679679e-11 -3.711877100627991476e-11 -7.905208334207649190e-11 -1.025610772740990661e-10 -1.401979248556693929e-10 -1.964434255362120533e-10 -2.132879484551164264e-10 -1.622630450467400316e-10 -1.041256527232527880e-11 5.059535736595724262e-10 9.888492313677373889e-10
