6.313928544995776275e-11 1.442798959534265485e-11 5.840648762491111292e-12 2.214128963342830184e-12 -4.387652962789705351e-12 -2.904141042523287294e-12 9.115635886791070440e-13 6.847443452786397197e-13 1.736511737092323836e-13 -1.627433035173387516e-12 -1.203275015610324561e-12 -4.141738395686098782e-12 -7.421004424234362871e-12 -6.913225937249263396e-12 -2.701156297145336353e-12 -8.001596741859951161e-13 -7.077536155814180784e-14 -3.310627211857660334e-12 -5.535629621071074749e-12 -8.484498387806333419e-12 -9.776439915009751849e-12 -9.417982051155490329e-12 -3.812852289971121263e-12 4.887541685440441603e-12 5.789726227468464923e-12 -9.839116371450251045e-12
1.442798959534265485e-11 3.952281405416911025e-11 1.880838072082028776e-11 7.080061053328300362e-12 2.271121950225546500e-12 2.717905701690497688e-13 3.625859189056080210e-12 6.262956284240060688e-13 -4.779587830062591009e-14 5.588300538499134251e-13 2.662709999804827553e-13 -9.933069392493427887e-13 -3.379021837911022861e-12 -2.033486197332277779e-12 5.198616702647702783e-13 -2.587064633046002508e-13 -9.036186734233568800e-13 -4.572174610113832462e-12 -7.446123588963273853e-12 -1.087905515480500284e-11 -1.165919886982866270e-11 -7.952279966096542223e-12 -4.155260932483043706e-12 -5.798287055383154342e-12 -2.555494053500506743e-12 -4.683293337098270742e-14
5.840648762491111292e-12 1.880838072082028776e-11 3.759239364354083742e-11 1.244161593051513558e-11 8.684084604707473678e-12 6.315983918339169877e-12 4.495448065517182771e-12 1.606301838798133736e-12 -1.867583679290369203e-13 9.903624756737844994e-13 8.263037144091813673e-13 -9.713183417994852937e-13 -2.762424731441323848e-12 -1.229692003417183607e-12 7.460012098128867610e-13 1.970025160100239862e-12 4.462684491408240370e-13 -2.474592711420500837e-12 -2.450450832386068957e-12 -3.724695552742995462e-12 -4.852342884048344084e-13 4.526330181635224700e-13 7.258457006144357808e-12 8.279667929464217039e-12 9.593336672595231362e-12 4.114874060463762986e-12
2.214128963342830184e-12 7.080061053328300362e-12 1.244161593051513558e-11 2.954999735656585353e-11 1.342694981124556500e-11 7.735408916032668103e-12 3.606105453149537103e-12 2.850241032253295130e-12 1.528876460382489750e-12 1.291680684538549012e-12 1.386260082978880624e-12 1.691463775975016077e-13 -2.759399702635782713e-13 4.468826542064705711e-13 1.073017159891882145e-12 6.379734226697705342e-13 6.556829619228418793e-13 -1.756694571556745868e-12 4.454512992287136823e-13 2.396177494148392439e-12 5.495811386593855727e-12 9.316112492944061934e-12 7.457845887970716076e-12 1.787548806830197436e-12 4.869948437773584910e-12 1.203929655188368800e-11
-4.387652962789705351e-12 2.271121950225546500e-12 8.684084604707473678e-12 1.342694981124556500e-11 2.601548556589842521e-11 1.323354042681609767e-11 7.717249991268870395e-12 4.967758662342421148e-12 2.458636466164479271e-12 2.339660762490970670e-12 1.939521018094644129e-12 1.329811464148081237e-12 4.009766329831986440e-13 7.582827245872693214e-14 1.067858149375972399e-12 3.179439806588717456e-13 3.480622995647384584e-13 -3.340186319260005238e-13 1.290536236035286612e-12 4.921542851955821382e-12 7.914557544862650163e-12 1.054275009391122463e-11 8.960695536433266817e-12 -6.250367419102683961e-13 4.168110329416356048e-13 5.367228533815393336e-12
-2.904141042523287294e-12 2.717905701690497688e-13 6.315983918339169877e-12 7.735408916032668103e-12 1.323354042681609767e-11 2.352724439283222548e-11 1.254776165915186489e-11 9.060211354752822881e-12 7.089833391657554585e-12 4.547681580807861228e-12 3.355281494576974697e-12 4.080856912776552445e-12 3.781146835067375405e-12 8.533593098259722825e-13 1.492096238275219819e-12 2.050727840965780593e-12 2.397561370664876182e-12 -4.412617842107987415e-13 -2.205282517723822380e-12 4.097160071635645034e-13 1.755644074221866098e-12 4.473036520993872311e-12 2.728307589647665746e-12 -5.277457374934607607e-12 3.781354118538494797e-13 6.710256594641344441e-12
9.115635886791070440e-13 3.625859189056080210e-12 4.495448065517182771e-12 3.606105453149537103e-12 7.717249991268870395e-12 1.254776165915186489e-11 1.873854393199491723e-11 1.245671092447061276e-11 8.956855493967967633e-12 6.427914361520196401e-12 4.284689145111325730e-12 3.666604352368257508e-12 2.806850667334435965e-12 1.538210091542235376e-12 3.021245967587649449e-12 5.809739410649107351e-12 7.451030323973257414e-12 6.303432865079280787e-12 6.180142397845010055e-12 7.490670025031833169e-12 6.763144906575029073e-12 1.878456725838502024e-12 -2.695010173813077756e-12 -5.002597957880113626e-12 8.731643690163689037e-13 -1.148340922948775310e-12
6.847443452786397197e-13 6.262956284240060688e-13 1.606301838798133736e-12 2.850241032253295130e-12 4.967758662342421148e-12 9.060211354752822881e-12 1.245671092447061276e-11 1.998142801077092118e-11 1.427592110577278752e-11 1.073245481582442871e-11 7.852604083973604870e-12 5.698305143553842281e-12 4.030322409782122317e-12 2.874701138812314478e-12 3.330279129277028761e-12 6.288291508257716706e-12 8.657076972613741427e-12 7.742572519170168408e-12 8.688043131477824236e-12 1.003580566896272996e-11 8.066069405845183181e-12 2.086158717310647912e-12 -3.339937593387158949e-12 -6.226785856053344067e-12 -4.403028990653898202e-12 -8.355438872855166257e-12
1.736511737092323836e-13 -4.779587830062591009e-14 -1.867583679290369203e-13 1.528876460382489750e-12 2.458636466164479271e-12 7.089833391657554585e-12 8.956855493967967633e-12 1.427592110577278752e-11 2.096650660820854877e-11 1.580987641713593943e-11 1.147062599468748874e-11 9.537813476501200854e-12 7.677127791352793591e-12 6.809276240303031248e-12 5.978347278421781146e-12 7.193371076057647235e-12 1.053417969050970723e-11 8.942468783192501459e-12 9.086319074935710812e-12 8.891453899183731339e-12 5.900620234858406074e-12 9.865653771391939375e-13 -2.984583825221410742e-13 -3.815488889220862927e-12 -7.084484977833892268e-12 -7.796937257615550717e-12
-1.627433035173387516e-12 5.588300538499134251e-13 9.903624756737844994e-13 1.291680684538549012e-12 2.339660762490970670e-12 4.547681580807861228e-12 6.427914361520196401e-12 1.073245481582442871e-11 1.580987641713593943e-11 2.147323693516615770e-11 1.713235401477725700e-11 1.295374850889286059e-11 1.012631613412792210e-11 8.809084324384351780e-12 7.428763859505684288e-12 8.566104306807089869e-12 1.041810847570793963e-11 8.676352475586570914e-12 8.240816611100636264e-12 8.976717077510384986e-12 7.862541759076647549e-12 2.471953820327642411e-12 -8.553931162421600755e-13 -7.249887029895596782e-12 -4.257900706234343008e-12 -1.023696623107419645e-11
-1.203275015610324561e-12 2.662709999804827553e-13 8.263037144091813673e-13 1.386260082978880624e-12 1.939521018094644129e-12 3.355281494576974697e-12 4.284689145111325730e-12 7.852604083973604870e-12 1.147062599468748874e-11 1.713235401477725700e-11 2.284827474418948741e-11 1.945112520303681408e-11 1.483698831562123196e-11 1.314544337963229393e-11 1.152821017331785826e-11 1.113165293385233162e-11 1.168071073210135629e-11 1.072927136973040872e-11 9.880442305094788730e-12 9.962565766741289028e-12 5.850266103389431167e-12 -4.918823541114863953e-12 -9.921256279938310611e-12 -1.214790479468442461e-11 -7.309303951198472246e-12 -8.978094408753321654e-12
-4.141738395686098782e-12 -9.933069392493427887e-13 -9.713183417994852937e-13 1.691463775975016077e-13 1.329811464148081237e-12 4.080856912776552445e-12 3.666604352368257508e-12 5.698305143553842281e-12 9.537813476501200854e-12 1.295374850889286059e-11 1.945112520303681408e-11 2.794790698867335579e-11 2.552696367586866305e-11 2.296590047970720253e-11 2.060994778208893802e-11 1.883815544778519117e-11 1.863472438395307548e-11 1.758494528152989765e-11 1.657279646189194692e-11 1.767435641422490198e-11 1.088920549919084857e-11 -4.092202758551174102e-12 -6.067142090186299663e-12 -9.055288673898309245e-12 -9.734109843907300147e-12 -4.660183607071209304e-12
-7.421004424234362871e-12 -3.379021837911022861e-12 -2.762424731441323848e-12 -2.759399702635782713e-13 4.009766329831986440e-13 3.781146835067375405e-12 2.806850667334435965e-12 4.030322409782122317e-12 7.677127791352793591e-12 1.012631613412792210e-11 1.483698831562123196e-11 2.552696367586866305e-11 3.607310816805669089e-11 3.459565885915793807e-11 3.125515778160983004e-11 2.941886194258293401e-11 2.834799817037704884e-11 2.859364160144748230e-11 2.841921934823312341e-11 2.889033543421572467e-11 1.762225668551512416e-11 -5.263080507569859478e-12 -5.812867682418011058e-12 -1.941497276713164759e-12 -8.967759077337024761e-12 -8.967680481147319025e-12
-6.913225937249263396e-12 -2.033486197332277779e-12 -1.229692003417183607e-12 4.468826542064705711e-13 7.582827245872693214e-14 8.533593098259722825e-13 1.538210091542235376e-12 2.874701138812314478e-12 6.809276240303031248e-12 8.809084324384351780e-12 1.314544337963229393e-11 2.296590047970720253e-11 3.459565885915793807e-11 4.687444952704501442e-11 4.777935556190756859e-11 4.692266865326841563e-11 4.605052691117813984e-11 4.656887478155763061e-11 4.756947598920132986e-11 4.881766704783013223e-11 3.541888975202222981e-11 -2.887696957962495668e-13 -5.906615293557270187e-12 -7.011421770731072967e-13 -6.437532871680476521e-12 -4.212277551288077430e-12
-2.701156297145336353e-12 5.198616702647702783e-13 7.460012098128867610e-13 1.073017159891882145e-12 1.067858149375972399e-12 1.492096238275219819e-12 3.021245967587649449e-12 3.330279129277028761e-12 5.978347278421781146e-12 7.428763859505684288e-12 1.152821017331785826e-11 2.060994778208893802e-11 3.125515778160983004e-11 4.777935556190756859e-11 6.392560142125439913e-11 6.776734113739331567e-11 6.776009262596376701e-11 6.864482283293152100e-11 7.025544441389802237e-11 7.517551207299659503e-11 6.202921255708015295e-11 1.295532903996157494e-11 -3.758069383173056192e-12 -3.530852908483299510e-12 -3.774612680135775135e-12 -2.897926878066576398e-12
-8.001596741859951161e-13 -2.587064633046002508e-13 1.970025160100239862e-12 6.379734226697705342e-13 3.179439806588717456e-13 2.050727840965780593e-12 5.809739410649107351e-12 6.288291508257716706e-12 7.193371076057647235e-12 8.566104306807089869e-12 1.113165293385233162e-11 1.883815544778519117e-11 2.941886194258293401e-11 4.692266865326841563e-11 6.776734113739331567e-11 8.781285356949794538e-11 9.460821067859888715e-11 9.857722361420311475e-11 1.026811572940228514e-10 1.114452958505580987e-10 1.004606630127138011e-10 3.965008324782962799e-11 6.400646461069814992e-12 1.541567679804508481e-12 -4.652802004705548654e-12 -8.993677651606154892e-12
-7.077536155814180784e-14 -9.036186734233568800e-13 4.462684491408240370e-13 6.556829619228418793e-13 3.480622995647384584e-13 2.397561370664876182e-12 7.451030323973257414e-12 8.657076972613741427e-12 1.053417969050970723e-11 1.041810847570793963e-11 1.168071073210135629e-11 1.863472438395307548e-11 2.834799817037704884e-11 4.605052691117813984e-11 6.776009262596376701e-11 9.460821067859888715e-11 1.189054252901856558e-10 1.286952051296153731e-10 1.356654432178182343e-10 1.482133427284550569e-10 1.375445748617137630e-10 6.653155209983065050e-11 1.487870318848833000e-11 4.948577427212662934e-12 -7.746291486065971897e-12 -1.375713190949444839e-11
-3.310627211857660334e-12 -4.572174610113832462e-12 -2.474592711420500837e-12 -1.756694571556745868e-12 -3.340186319260005238e-13 -4.412617842107987415e-13 6.303432865079280787e-12 7.742572519170168408e-12 8.942468783192501459e-12 8.676352475586570914e-12 1.072927136973040872e-11 1.758494528152989765e-11 2.859364160144748230e-11 4.656887478155763061e-11 6.864482283293152100e-11 9.857722361420311475e-11 1.286952051296153731e-10 1.605692558283861094e-10 1.775640965883510205e-10 1.936916380678067680e-10 1.833803484898961263e-10 1.019280052971429304e-10 2.618123944420363537e-11 9.927535110677851903e-12 -1.015949622697869955e-11 -1.539440085368385896e-11
-5.535629621071074749e-12 -7.446123588963273853e-12 -2.450450832386068957e-12 4.454512992287136823e-13 1.290536236035286612e-12 -2.205282517723822380e-12 6.180142397845010055e-12 8.688043131477824236e-12 9.086319074935710812e-12 8.240816611100636264e-12 9.880442305094788730e-12 1.657279646189194692e-11 2.841921934823312341e-11 4.756947598920132986e-11 7.025544441389802237e-11 1.026811572940228514e-10 1.356654432178182343e-10 1.775640965883510205e-10 2.209562515272912117e-10 2.512010270687378049e-10 2.453815283237166546e-10 1.579291592881105780e-10 5.372053399064305023e-11 2.089573606664906740e-11 -6.880394777440041300e-12 -1.697953423351710806e-11
-8.484498387806333419e-12 -1.087905515480500284e-11 -3.724695552742995462e-12 2.396177494148392439e-12 4.921542851955821382e-12 4.097160071635645034e-13 7.490670025031833169e-12 1.003580566896272996e-11 8.891453899183731339e-12 8.976717077510384986e-12 9.962565766741289028e-12 1.767435641422490198e-11 2.889033543421572467e-11 4.881766704783013223e-11 7.517551207299659503e-11 1.114452958505580987e-10 1.482133427284550569e-10 1.936916380678067680e-10 2.512010270687378049e-10 3.261614483886291977e-10 3.452418912742045579e-10 2.565334797096653282e-10 1.198263711573386385e-10 4.086394802128053900e-11 1.855912960029452242e-12 -1.385434357148236129e-11
-9.776439915009751849e-12 -1.165919886982866270e-11 -4.852342884048344084e-13 5.495811386593855727e-12 7.914557544862650163e-12 1.755644074221866098e-12 6.763144906575029073e-12 8.066069405845183181e-12 5.900620234858406074e-12 7.862541759076647549e-12 5.850266103389431167e-12 1.088920549919084857e-11 1.762225668551512416e-11 3.541888975202222981e-11 6.202921255708015295e-11 1.004606630127138011e-10 1.375445748617137630e-10 1.833803484898961263e-10 2.453815283237166546e-10 3.452418912742045579e-10 4.380026868359722492e-10 3.952061757882700302e-10 2.422802829742316738e-10 7.538735720505873651e-11 -3.206216024813626243e-13 -1.707607078367259614e-11
-9.417982051155490329e-12 -7.952279966096542223e-12 4.526330181635224700e-13 9.316112492944061934e-12 1.054275009391122463e-11 4.473036520993872311e-12 1.878456725838502024e-12 2.086158717310647912e-12 9.865653771391939375e-13 2.471953820327642411e-12 -4.918823541114863953e-12 -4.092202758551174102e-12 -5.263080507569859478e-12 -2.887696957962495668e-13 1.295532903996157494e-11 3.965008324782962799e-11 6.653155209983065050e-11 1.019280052971429304e-10 1.579291592881105780e-10 2.565334797096653282e-10 3.952061757882700302e-10 4.863871441139121465e-10 3.917529009360418315e-10 1.583242268350805225e-10 1.225913984267245055e-11 -9.150976118968046335e-12
-3.812852289971121263e-12 -4.155260932483043706e-12 7.258457006144357808e-12 7.457845887970716076e-12 8.960695536433266817e-12 2.728307589647665746e-12 -2.695010173813077756e-12 -3.339937593387158949e-12 -2.984583825221410742e-13 -8.553931162421600755e-13 -9.921256279938310611e-12 -6.067142090186299663e-12 -5.812867682418011058e-12 -5.906615293557270187e-12 -3.758069383173056192e-12 6.400646461069814992e-12 1.487870318848833000e-11 2.618123944420363537e-11 5.372053399064305023e-11 1.198263711573386385e-10 2.422802829742316738e-10 3.917529009360418315e-10 4.577007385628483072e-10 2.884372172433030576e-10 6.943242175837241532e-11 1.604602821170151041e-11
4.887541685440441603e-12 -5.798287055383154342e-12 8.279667929464217039e-12 1.787548806830197436e-12 -6.250367419102683961e-13 -5.277457374934607607e-12 -5.002597957880113626e-12 -6.226785856053344067e-12 -3.815488889220862927e-12 -7.249887029895596782e-12 -1.214790479468442461e-11 -9.055288673898309245e-12 -1.941497276713164759e-12 -7.011421770731072967e-13 -3.530852908483299510e-12 1.541567679804508481e-12 4.948577427212662934e-12 9.927535110677851903e-12 2.089573606664906740e-11 4.086394802128053900e-11 7.538735720505873651e-11 1.583242268350805225e-10 2.884372172433030576e-10 3.612348699347917331e-10 2.047305531923853078e-10 4.651097693940925730e-11
5.789726227468464923e-12 -2.555494053500506743e-12 9.593336672595231362e-12 4.869948437773584910e-12 4.168110329416356048e-13 3.781354118538494797e-13 8.731643690163689037e-13 -4.403028990653898202e-12 -7.084484977833892268e-12 -4.257900706234343008e-12 -7.309303951198472246e-12 -9.734109843907300147e-12 -8.967759077337024761e-12 -6.437532871680476521e-12 -3.774612680135775135e-12 -4.652802004705548654e-12 -7.746291486065971897e-12 -1.015949622697869955e-11 -6.880394777440041300e-12 1.855912960029452242e-12 -3.206216024813626243e-13 1.225913984267245055e-11 6.943242175837241532e-11 2.047305531923853078e-10 3.084115359146817798e-10 1.651297684418723848e-10
-9.839116371450251045e-12 -4.683293337098270742e-14 4.114874060463762986e-12 1.203929655188368800e-11 5.367228533815393336e-12 6.710256594641344441e-12 -1.148340922948775310e-12 -8.355438872855166257e-12 -7.796937257615550717e-12 -1.023696623107419645e-11 -8.978094408753321654e-12 -4.660183607071209304e-12 -8.967680481147319025e-12 -4.212277551288077430e-12 -2.897926878066576398e-12 -8.993677651606154892e-12 -1.375713190949444839e-11 -1.539440085368385896e-11 -1.697953423351710806e-11 -1.385434357148236129e-11 -1.707607078367259614e-11 -9.150976118968046335e-12 1.604602821170151041e-11 4.651097693940925730e-11 1.651297684418723848e-10 3.363924224625251514e-10
