7.204129997483823044e-11 1.502168692522703586e-11 1.068411915225554243e-11 4.334728178927995785e-12 4.054798978575520775e-12 4.794683456436104428e-12 3.955968297366465323e-12 1.655848235325097660e-12 -3.819214058557448954e-12 -4.822111034019528653e-12 -7.442114586510724607e-12 -7.703876946693232756e-12 -7.614289978838698691e-12 -6.011480098312135744e-12 -2.281183642066546961e-12 4.988742589960886844e-12 7.253076655623091928e-12 4.553439359778356942e-12 6.921634030341690223e-12 1.124306681607988648e-11 -7.871694689107438148e-13 -1.267076252001704770e-11 -3.055493816395850118e-11 -4.233137945042714568e-11 -5.023821941857779521e-12 4.220296394811266505e-11
1.502168692522703586e-11 5.811963522551121761e-11 1.247872084941059186e-11 9.338255114453230952e-12 7.288549195452404159e-12 3.743300725954217892e-12 1.361798524256326128e-12 -9.184430977655634711e-13 -7.451211648611855684e-13 2.920045901142655422e-12 3.770151547653779368e-13 -2.486483037504167871e-13 5.488883965978916476e-13 1.967611041222434862e-12 3.334244041463473110e-12 2.447022842671032590e-12 -4.036368703459160828e-12 -1.090346682619729827e-11 -1.031494194553236438e-11 -9.701628512010970338e-12 -1.674932372390576939e-11 -9.904669399484052655e-12 -1.071973417634540805e-11 -7.237524453392300596e-12 -3.701985712051036019e-12 3.553092121764048617e-12
1.068411915225554243e-11 1.247872084941059186e-11 4.284701990255648051e-11 1.437570419896056337e-11 9.422029134779004216e-12 6.780480418170499641e-12 5.280052659893279468e-12 2.793876669062369432e-12 2.528631688381526606e-12 3.644106628232436425e-12 -3.784437773617862487e-13 2.897284231539922532e-12 3.546566626683311308e-12 9.650656765479362138e-13 -8.213927966531708955e-13 -2.946771966174951714e-12 -5.240463892283914547e-12 -1.020885223999882675e-11 -9.338295397140079652e-12 -1.039127311101630474e-11 -1.681561415935563856e-11 -9.302473093547880368e-12 8.159226709907711159e-12 2.956481221474073815e-11 2.588983576828625991e-11 1.539907717839036558e-11
4.334728178927995785e-12 9.338255114453230952e-12 1.437570419896056337e-11 3.679869299201916748e-11 1.585060380441651288e-11 1.153532115585377143e-11 6.622541733161451788e-12 4.914309663850514619e-12 3.076850657442144509e-12 2.647298308777846857e-12 -5.269239754959551729e-13 -9.676546359257349632e-14 -1.469070209393627255e-12 -2.270392415186938459e-12 -5.248440127809990572e-12 -2.852622434497512303e-12 -1.731121631701643574e-12 -5.230391778339374284e-12 -1.574087698277727060e-12 -1.683895548883711665e-12 -8.613687846072940044e-12 -1.144082189856328987e-11 -1.056041876299483419e-11 5.459336742760625727e-12 1.251729187493015064e-11 3.708354869700028070e-12
4.054798978575520775e-12 7.288549195452404159e-12 9.422029134779004216e-12 1.585060380441651288e-11 2.574546637218812480e-11 1.159724278809475655e-11 6.053774682397304799e-12 3.473782318967738426e-12 2.096227557369396551e-12 3.204120968903319054e-12 1.520251851249066320e-12 2.454244059351561337e-12 8.302827474379488555e-13 1.518092090513607834e-12 2.621613423259621818e-12 4.713356501491360218e-12 1.000932046994480592e-11 1.298694337753755659e-11 1.924192871021760457e-11 2.439209311980995693e-11 2.351614344133649313e-11 1.617714175377775211e-11 3.121276691253674848e-12 -6.628897688874526624e-12 -5.564682398818592867e-12 -1.397654962667748678e-12
4.794683456436104428e-12 3.743300725954217892e-12 6.780480418170499641e-12 1.153532115585377143e-11 1.159724278809475655e-11 2.535988872475343855e-11 1.589106191049067150e-11 1.112579988884606241e-11 6.821450564284754153e-12 7.831980188941045585e-12 5.923869161324457000e-12 5.204013952645490827e-12 5.319239815034709350e-12 4.372018990733269286e-12 5.097969279570642537e-12 9.266145110897805739e-12 1.277890070038695938e-11 1.681056258274258228e-11 2.318081880289768345e-11 2.852897870775354752e-11 2.801181106008373775e-11 1.761486606680620715e-11 1.975211164289549807e-12 -3.927707155879153087e-12 1.541937912896363258e-11 3.430850958666355334e-12
3.955968297366465323e-12 1.361798524256326128e-12 5.280052659893279468e-12 6.622541733161451788e-12 6.053774682397304799e-12 1.589106191049067150e-11 2.718111504138386618e-11 1.947588100402008221e-11 1.480198658093914434e-11 1.304011256364459433e-11 1.076867661983508565e-11 9.566329829088171340e-12 8.548316929283017531e-12 9.118450676803744643e-12 1.248651486031450588e-11 1.660481745771250608e-11 2.059999702436779104e-11 2.483166144494854135e-11 2.865575083056326442e-11 2.846366025318359770e-11 2.409365444538507109e-11 1.243477548661302678e-11 5.974840833048499759e-12 -3.733184583117617183e-12 4.829656958831197615e-12 1.236505229633065611e-11
1.655848235325097660e-12 -9.184430977655634711e-13 2.793876669062369432e-12 4.914309663850514619e-12 3.473782318967738426e-12 1.112579988884606241e-11 1.947588100402008221e-11 3.032840829566686186e-11 2.207826001716143869e-11 1.853733077584505807e-11 1.606247742082060388e-11 1.425536871204638124e-11 1.488555070139115958e-11 1.654511075919205465e-11 1.774188413976749340e-11 2.048997609865710223e-11 2.407754752146136770e-11 2.682140052178413251e-11 2.897927338363838719e-11 2.885623144092277699e-11 2.294858300958424617e-11 8.222371671584781266e-12 8.629941777751567532e-13 -1.658364185052956408e-12 1.278379138851283903e-11 4.822495254380035428e-12
-3.819214058557448954e-12 -7.451211648611855684e-13 2.528631688381526606e-12 3.076850657442144509e-12 2.096227557369396551e-12 6.821450564284754153e-12 1.480198658093914434e-11 2.207826001716143869e-11 3.033234488704629989e-11 2.551297447278922072e-11 2.084799685447724736e-11 2.004727970780045980e-11 2.097061488924830563e-11 2.337192062466781468e-11 2.521290392351270137e-11 2.626947895938099541e-11 3.006658916724375252e-11 3.494147092376424334e-11 4.211307939000523258e-11 4.794005338999233903e-11 5.044306033659963524e-11 3.711621588087465366e-11 2.751442248677208068e-11 1.310758322297649854e-11 1.591122004851223303e-11 1.333035376196429816e-11
-4.822111034019528653e-12 2.920045901142655422e-12 3.644106628232436425e-12 2.647298308777846857e-12 3.204120968903319054e-12 7.831980188941045585e-12 1.304011256364459433e-11 1.853733077584505807e-11 2.551297447278922072e-11 3.336461181095905236e-11 2.902703004713354633e-11 2.673587373825723477e-11 2.694751602973811760e-11 2.948517708103317923e-11 3.150187536660546945e-11 3.355992568535368552e-11 3.736599807541189093e-11 4.118054455484035029e-11 4.756537665391191353e-11 5.261464053605165235e-11 5.329839925358139916e-11 3.865548986846524775e-11 3.184287755084402666e-11 2.293863016859016660e-11 1.698701031960189982e-11 1.525404330174111682e-12
-7.442114586510724607e-12 3.770151547653779368e-13 -3.784437773617862487e-13 -5.269239754959551729e-13 1.520251851249066320e-12 5.923869161324457000e-12 1.076867661983508565e-11 1.606247742082060388e-11 2.084799685447724736e-11 2.902703004713354633e-11 3.671505156994948807e-11 3.598569343986914128e-11 3.597902913405468968e-11 3.974160591269657252e-11 4.143332757022883367e-11 4.281636079616743957e-11 4.717913543498350760e-11 5.154164002572176971e-11 5.612394512241684196e-11 6.208985974909233771e-11 6.011973727058629279e-11 3.830852103874010633e-11 2.532945910861893045e-11 1.684860992120232656e-11 1.808692556696980072e-11 -5.631542439445308926e-12
-7.703876946693232756e-12 -2.486483037504167871e-13 2.897284231539922532e-12 -9.676546359257349632e-14 2.454244059351561337e-12 5.204013952645490827e-12 9.566329829088171340e-12 1.425536871204638124e-11 2.004727970780045980e-11 2.673587373825723477e-11 3.598569343986914128e-11 5.163399510463129651e-11 5.429731549915465427e-11 5.794798869016463168e-11 6.073034036986950284e-11 6.353690551070752502e-11 7.005912855835428281e-11 7.551698274847315339e-11 8.047071400091579841e-11 8.658071188228343315e-11 8.107331940045570642e-11 4.850683002514105088e-11 3.647144543054494813e-11 2.169354940952140971e-11 1.299219927663737605e-12 -2.060392398191900352e-11
-7.614289978838698691e-12 5.488883965978916476e-13 3.546566626683311308e-12 -1.469070209393627255e-12 8.302827474379488555e-13 5.319239815034709350e-12 8.548316929283017531e-12 1.488555070139115958e-11 2.097061488924830563e-11 2.694751602973811760e-11 3.597902913405468968e-11 5.429731549915465427e-11 7.167047929255090110e-11 7.971710988497604710e-11 8.355075811764398847e-11 8.737678989524661758e-11 9.427750903926251516e-11 1.019499966515550386e-10 1.101769929320002513e-10 1.193861458550265930e-10 1.097078099131972862e-10 5.828148299818037177e-11 3.758249756849677637e-11 2.515696089141695787e-11 1.460151061413137223e-11 -1.147304733009359155e-11
-6.011480098312135744e-12 1.967611041222434862e-12 9.650656765479362138e-13 -2.270392415186938459e-12 1.518092090513607834e-12 4.372018990733269286e-12 9.118450676803744643e-12 1.654511075919205465e-11 2.337192062466781468e-11 2.948517708103317923e-11 3.974160591269657252e-11 5.794798869016463168e-11 7.971710988497604710e-11 1.090488275071624399e-10 1.196692832542271549e-10 1.281696193970952666e-10 1.389317240585165841e-10 1.535933746115877269e-10 1.674232126876300166e-10 1.779262155326717627e-10 1.566622272764165975e-10 7.063067405867850666e-11 2.014665088371935535e-11 1.622982346103081816e-12 1.028458796394597385e-11 -5.217355643259747262e-12
-2.281183642066546961e-12 3.334244041463473110e-12 -8.213927966531708955e-13 -5.248440127809990572e-12 2.621613423259621818e-12 5.097969279570642537e-12 1.248651486031450588e-11 1.774188413976749340e-11 2.521290392351270137e-11 3.150187536660546945e-11 4.143332757022883367e-11 6.073034036986950284e-11 8.355075811764398847e-11 1.196692832542271549e-10 1.565138512616324627e-10 1.787842163977327945e-10 1.996253385316137513e-10 2.211329199342280475e-10 2.397767546081265377e-10 2.536681910465588018e-10 2.335698157271323977e-10 1.205175545526957297e-10 4.237174213084727651e-11 -2.176287695133543879e-12 -5.969361217477396783e-12 -2.955980561068550635e-12
4.988742589960886844e-12 2.447022842671032590e-12 -2.946771966174951714e-12 -2.852622434497512303e-12 4.713356501491360218e-12 9.266145110897805739e-12 1.660481745771250608e-11 2.048997609865710223e-11 2.626947895938099541e-11 3.355992568535368552e-11 4.281636079616743957e-11 6.353690551070752502e-11 8.737678989524661758e-11 1.281696193970952666e-10 1.787842163977327945e-10 2.303558759557730993e-10 2.720734623682999630e-10 3.063946135576154872e-10 3.317413114472610780e-10 3.500692445701394741e-10 3.300132954066440847e-10 1.769122046383061905e-10 5.847629547445133627e-11 -6.706354745055803659e-12 -1.235132772359997211e-11 -1.359499066830452507e-11
7.253076655623091928e-12 -4.036368703459160828e-12 -5.240463892283914547e-12 -1.731121631701643574e-12 1.000932046994480592e-11 1.277890070038695938e-11 2.059999702436779104e-11 2.407754752146136770e-11 3.006658916724375252e-11 3.736599807541189093e-11 4.717913543498350760e-11 7.005912855835428281e-11 9.427750903926251516e-11 1.389317240585165841e-10 1.996253385316137513e-10 2.720734623682999630e-10 3.564585021862517128e-10 4.220592061071207761e-10 4.650779613657987740e-10 4.970958056420441462e-10 4.745800049496360233e-10 2.637686807283252120e-10 8.505043949071806878e-11 -6.532196574938793094e-12 -2.084830492481169438e-11 -3.605976388273415452e-11
4.553439359778356942e-12 -1.090346682619729827e-11 -1.020885223999882675e-11 -5.230391778339374284e-12 1.298694337753755659e-11 1.681056258274258228e-11 2.483166144494854135e-11 2.682140052178413251e-11 3.494147092376424334e-11 4.118054455484035029e-11 5.154164002572176971e-11 7.551698274847315339e-11 1.019499966515550386e-10 1.535933746115877269e-10 2.211329199342280475e-10 3.063946135576154872e-10 4.220592061071207761e-10 5.533672552554047285e-10 6.430888617181318746e-10 7.062154559217935167e-10 6.882461173187452885e-10 4.284547310543019532e-10 1.659760776880285244e-10 1.617902642988263262e-11 -3.865347277630239191e-11 -7.769794864663866491e-11
6.921634030341690223e-12 -1.031494194553236438e-11 -9.338295397140079652e-12 -1.574087698277727060e-12 1.924192871021760457e-11 2.318081880289768345e-11 2.865575083056326442e-11 2.897927338363838719e-11 4.211307939000523258e-11 4.756537665391191353e-11 5.612394512241684196e-11 8.047071400091579841e-11 1.101769929320002513e-10 1.674232126876300166e-10 2.397767546081265377e-10 3.317413114472610780e-10 4.650779613657987740e-10 6.430888617181318746e-10 8.248509668713865941e-10 9.678486281973176606e-10 9.905236151984647024e-10 7.051407172651472405e-10 3.229509298101480526e-10 5.666242139193237501e-11 -4.372019801401929926e-11 -1.025438034907946339e-10
1.124306681607988648e-11 -9.701628512010970338e-12 -1.039127311101630474e-11 -1.683895548883711665e-12 2.439209311980995693e-11 2.852897870775354752e-11 2.846366025318359770e-11 2.885623144092277699e-11 4.794005338999233903e-11 5.261464053605165235e-11 6.208985974909233771e-11 8.658071188228343315e-11 1.193861458550265930e-10 1.779262155326717627e-10 2.536681910465588018e-10 3.500692445701394741e-10 4.970958056420441462e-10 7.062154559217935167e-10 9.678486281973176606e-10 1.251611331318761139e-09 1.380991247252132672e-09 1.111395826410065033e-09 5.966974094972491969e-10 1.290174527148982503e-10 -4.737051855580730949e-11 -1.394621559205569339e-10
-7.871694689107438148e-13 -1.674932372390576939e-11 -1.681561415935563856e-11 -8.613687846072940044e-12 2.351614344133649313e-11 2.801181106008373775e-11 2.409365444538507109e-11 2.294858300958424617e-11 5.044306033659963524e-11 5.329839925358139916e-11 6.011973727058629279e-11 8.107331940045570642e-11 1.097078099131972862e-10 1.566622272764165975e-10 2.335698157271323977e-10 3.300132954066440847e-10 4.745800049496360233e-10 6.882461173187452885e-10 9.905236151984647024e-10 1.380991247252132672e-09 1.691174796631533337e-09 1.546303974765235752e-09 9.648210333948361099e-10 2.367557755598651153e-10 -7.961882597947466303e-11 -1.954026791225651291e-10
-1.267076252001704770e-11 -9.904669399484052655e-12 -9.302473093547880368e-12 -1.144082189856328987e-11 1.617714175377775211e-11 1.761486606680620715e-11 1.243477548661302678e-11 8.222371671584781266e-12 3.711621588087465366e-11 3.865548986846524775e-11 3.830852103874010633e-11 4.850683002514105088e-11 5.828148299818037177e-11 7.063067405867850666e-11 1.205175545526957297e-10 1.769122046383061905e-10 2.637686807283252120e-10 4.284547310543019532e-10 7.051407172651472405e-10 1.111395826410065033e-09 1.546303974765235752e-09 1.758549106959150538e-09 1.379123628357340205e-09 5.103298109985241654e-10 -6.582071957313435029e-11 -2.132460292873971722e-10
-3.055493816395850118e-11 -1.071973417634540805e-11 8.159226709907711159e-12 -1.056041876299483419e-11 3.121276691253674848e-12 1.975211164289549807e-12 5.974840833048499759e-12 8.629941777751567532e-13 2.751442248677208068e-11 3.184287755084402666e-11 2.532945910861893045e-11 3.647144543054494813e-11 3.758249756849677637e-11 2.014665088371935535e-11 4.237174213084727651e-11 5.847629547445133627e-11 8.505043949071806878e-11 1.659760776880285244e-10 3.229509298101480526e-10 5.966974094972491969e-10 9.648210333948361099e-10 1.379123628357340205e-09 1.538697251229431537e-09 9.684159798929114736e-10 9.041872491604817657e-11 -1.621639540600082636e-10
-4.233137945042714568e-11 -7.237524453392300596e-12 2.956481221474073815e-11 5.459336742760625727e-12 -6.628897688874526624e-12 -3.927707155879153087e-12 -3.733184583117617183e-12 -1.658364185052956408e-12 1.310758322297649854e-11 2.293863016859016660e-11 1.684860992120232656e-11 2.169354940952140971e-11 2.515696089141695787e-11 1.622982346103081816e-12 -2.176287695133543879e-12 -6.706354745055803659e-12 -6.532196574938793094e-12 1.617902642988263262e-11 5.666242139193237501e-11 1.290174527148982503e-10 2.367557755598651153e-10 5.103298109985241654e-10 9.684159798929114736e-10 1.146809035352655463e-09 4.980577447706872529e-10 -1.095349184102969747e-11
-5.023821941857779521e-12 -3.701985712051036019e-12 2.588983576828625991e-11 1.251729187493015064e-11 -5.564682398818592867e-12 1.541937912896363258e-11 4.829656958831197615e-12 1.278379138851283903e-11 1.591122004851223303e-11 1.698701031960189982e-11 1.808692556696980072e-11 1.299219927663737605e-12 1.460151061413137223e-11 1.028458796394597385e-11 -5.969361217477396783e-12 -1.235132772359997211e-11 -2.084830492481169438e-11 -3.865347277630239191e-11 -4.372019801401929926e-11 -4.737051855580730949e-11 -7.961882597947466303e-11 -6.582071957313435029e-11 9.041872491604817657e-11 4.980577447706872529e-10 9.583793860975865789e-10 5.068255081304999047e-10
4.220296394811266505e-11 3.553092121764048617e-12 1.539907717839036558e-11 3.708354869700028070e-12 -1.397654962667748678e-12 3.430850958666355334e-12 1.236505229633065611e-11 4.822495254380035428e-12 1.333035376196429816e-11 1.525404330174111682e-12 -5.631542439445308926e-12 -2.060392398191900352e-11 -1.147304733009359155e-11 -5.217355643259747262e-12 -2.955980561068550635e-12 -1.359499066830452507e-11 -3.605976388273415452e-11 -7.769794864663866491e-11 -1.025438034907946339e-10 -1.394621559205569339e-10 -1.954026791225651291e-10 -2.132460292873971722e-10 -1.621639540600082636e-10 -1.095349184102969747e-11 5.068255081304999047e-10 9.896647690872916246e-10
