6.711579083629149922e-11 1.711170648496912256e-11 1.229489673960378867e-11 5.480464233266377622e-12 7.918217275761770136e-13 2.216681971544600546e-12 1.761770225855563654e-12 1.527270585288074361e-12 1.133268115884271139e-12 2.147060632467990032e-12 2.825607058157097043e-12 4.084885481630767626e-12 6.778817945589506110e-12 8.481029303198966591e-12 1.460483483727103540e-11 1.501733508415631816e-11 1.331345781432218927e-11 8.776761800768401598e-12 6.475699552154774502e-12 1.511780257611869790e-11 3.937654508362981443e-12 -8.052617359237609928e-12 -6.282335567117956631e-12 -7.388816143415030635e-13 6.500249497373146206e-12 6.108296046775110240e-12
1.711170648496912256e-11 6.760340487233391256e-11 1.941374438403715310e-11 4.806534474439482016e-12 6.649736339792243698e-12 4.307601368004563376e-12 8.491477276924410578e-13 -1.088498053368003938e-12 6.429335001694847524e-13 1.716199932851230480e-12 1.017369998843030127e-12 3.263412928575486782e-12 5.850227173988232689e-12 1.072163901771941291e-11 1.635634762127235875e-11 1.749203419479316677e-11 2.588802418305907346e-11 3.623223400872131829e-11 4.148390122671905668e-11 4.832284600547497513e-11 4.960664101700856220e-11 4.046449297797728947e-11 2.747061539598055785e-11 5.519688140846157639e-12 -2.933007513410473922e-11 -3.065190960414340844e-11
1.229489673960378867e-11 1.941374438403715310e-11 5.021165640644325883e-11 1.332225417819837835e-11 7.246318067014984688e-12 2.724350092612693353e-12 6.209661751308114869e-12 3.996322062271312085e-12 4.562196068100758176e-12 7.157080712065497979e-12 6.831916831350539827e-12 7.342736791534971716e-12 1.156896594819423343e-11 1.793133534749787876e-11 2.148344572424251992e-11 1.969276695596520790e-11 2.447147353563786635e-11 2.999897685793788574e-11 3.194699649967973074e-11 2.673423559527267257e-11 -1.586180448188383046e-12 -2.398722272243346334e-11 -1.918866922309187247e-11 -4.274719070230216939e-12 -8.753398308746896250e-12 -5.765819075425094936e-12
5.480464233266377622e-12 4.806534474439482016e-12 1.332225417819837835e-11 3.706280757953190476e-11 1.483646491346433102e-11 7.692144805330352192e-12 4.638637927475622455e-12 6.489159848388095297e-12 5.378107383251770918e-12 5.349207558572051062e-12 3.654811142318282341e-12 2.422018617957250804e-12 2.799904081861082452e-12 4.846365784828827077e-12 8.322561896580182425e-12 1.125542073000643365e-11 1.166703236689187262e-11 6.799482819839155169e-12 1.054665416725695786e-11 1.008781466652102096e-11 8.015679060542653477e-13 -7.042680097582282027e-12 -4.038531470188673475e-12 -1.749798041262570112e-12 -1.592559974331836194e-12 -8.713929685585274418e-12
7.918217275761770136e-13 6.649736339792243698e-12 7.246318067014984688e-12 1.483646491346433102e-11 3.529802179363589098e-11 1.917479591977049178e-11 1.253204905641863192e-11 1.130225553938710371e-11 6.642146668675622631e-12 6.501769190743724964e-12 4.265959619094852841e-12 2.211037298943700752e-12 6.256766041497658827e-12 1.063366914244937075e-11 1.497100825177765621e-11 1.755202396268671182e-11 1.710822612815676909e-11 1.803215036866926636e-11 2.235437283892281873e-11 2.112940836649136577e-11 1.064392994008984982e-11 -6.467597779368793942e-12 -2.572728694622077393e-11 -2.362084752719283849e-11 -1.206778100539065555e-11 -7.934428333954940980e-12
2.216681971544600546e-12 4.307601368004563376e-12 2.724350092612693353e-12 7.692144805330352192e-12 1.917479591977049178e-11 3.146313311433895259e-11 1.726528585054311825e-11 1.468088837720563301e-11 1.119499391072376128e-11 8.915784899500085444e-12 5.826921938931496516e-12 5.065224004557737696e-12 8.518082154384623933e-12 8.275453764134016131e-12 1.109836152901990800e-11 1.287956112196603999e-11 1.433801193147081836e-11 2.088114098040611662e-11 3.006954918772837897e-11 3.005910269335708675e-11 2.464021552234686265e-11 7.254758568871578444e-12 -1.426934889043895711e-11 -9.140238892755498485e-13 6.222540649913054180e-12 1.636774228258123995e-11
1.761770225855563654e-12 8.491477276924410578e-13 6.209661751308114869e-12 4.638637927475622455e-12 1.253204905641863192e-11 1.726528585054311825e-11 2.885113196960442123e-11 2.033231547509877271e-11 1.659599247947642083e-11 1.309381348626002387e-11 1.057550769189039430e-11 8.599430281807545787e-12 1.362417146918475120e-11 1.525678697228249028e-11 1.610253014834250427e-11 1.721988667032396713e-11 1.934376179503839115e-11 2.514704204988363433e-11 3.297223521826890555e-11 2.660921867910992243e-11 6.468641946655572373e-12 -1.835165191136866083e-11 -3.232906877231837354e-11 -1.375665942925814257e-11 -5.243682729617554103e-12 -7.193528691203116345e-12
1.527270585288074361e-12 -1.088498053368003938e-12 3.996322062271312085e-12 6.489159848388095297e-12 1.130225553938710371e-11 1.468088837720563301e-11 2.033231547509877271e-11 3.150975544972146856e-11 2.627743506713776333e-11 2.145160667466134245e-11 1.704497891737609371e-11 1.676647078391999563e-11 2.124045313637567033e-11 2.507528964112934306e-11 2.942366694515456886e-11 3.383575770496493180e-11 3.959917065784202961e-11 4.470024174305531184e-11 5.272035697081616247e-11 5.143699255679719147e-11 2.871720639412714217e-11 -6.509577738201322460e-12 -2.021366662858585694e-11 -9.445620901608968890e-12 -6.413751341592446772e-12 4.348277820190450501e-12
1.133268115884271139e-12 6.429335001694847524e-13 4.562196068100758176e-12 5.378107383251770918e-12 6.642146668675622631e-12 1.119499391072376128e-11 1.659599247947642083e-11 2.627743506713776333e-11 4.080694482838660885e-11 3.482606525823504116e-11 3.015916015107949391e-11 2.866021942901302565e-11 3.171086955302790665e-11 3.773338448158220397e-11 4.293410612404806223e-11 4.664927458902167490e-11 5.137917674557170084e-11 5.800508146947249511e-11 6.292732211406086649e-11 5.887929598216678920e-11 2.776085076380602371e-11 -1.868185473085730218e-11 -2.039232864070008454e-11 -5.395174039193213097e-12 -1.747980408410554423e-11 -3.337095503590283154e-12
2.147060632467990032e-12 1.716199932851230480e-12 7.157080712065497979e-12 5.349207558572051062e-12 6.501769190743724964e-12 8.915784899500085444e-12 1.309381348626002387e-11 2.145160667466134245e-11 3.482606525823504116e-11 4.510518818178426895e-11 4.053375591462881313e-11 3.756470318454866511e-11 4.029917886518539632e-11 4.757127229185451141e-11 5.470999948866448556e-11 6.239516454664234573e-11 7.176650833926646274e-11 8.235414267214997489e-11 9.137894132435737189e-11 9.808077492016396562e-11 7.988617622516035695e-11 3.693885627925412875e-11 2.652702264673755736e-11 1.148195652129392520e-11 -1.967198663396057670e-11 -1.226822876519602053e-11
2.825607058157097043e-12 1.017369998843030127e-12 6.831916831350539827e-12 3.654811142318282341e-12 4.265959619094852841e-12 5.826921938931496516e-12 1.057550769189039430e-11 1.704497891737609371e-11 3.015916015107949391e-11 4.053375591462881313e-11 5.360012740860931222e-11 5.276925559598337810e-11 5.565092458327310297e-11 6.292719651904634079e-11 7.133380706280423856e-11 7.785527159419781978e-11 8.776025642182905912e-11 9.841653310909813357e-11 1.067099253374977430e-10 1.158121440388008280e-10 9.810348892859003437e-11 3.894634171572032520e-11 2.938001529746630576e-11 1.619594800779491381e-11 -1.637834572124773419e-11 -8.142528203798999236e-12
4.084885481630767626e-12 3.263412928575486782e-12 7.342736791534971716e-12 2.422018617957250804e-12 2.211037298943700752e-12 5.065224004557737696e-12 8.599430281807545787e-12 1.676647078391999563e-11 2.866021942901302565e-11 3.756470318454866511e-11 5.276925559598337810e-11 7.280800178363607515e-11 8.298057668402517209e-11 9.258543283355229431e-11 1.029772169147412717e-10 1.119569787632218903e-10 1.248279882488384418e-10 1.392140784887999119e-10 1.491509358801025943e-10 1.608413318215832718e-10 1.368270206487042134e-10 4.467394430821299051e-11 1.106269094162269051e-11 4.654497615977460271e-12 -4.002244659237352867e-12 2.616566734034879589e-12
6.778817945589506110e-12 5.850227173988232689e-12 1.156896594819423343e-11 2.799904081861082452e-12 6.256766041497658827e-12 8.518082154384623933e-12 1.362417146918475120e-11 2.124045313637567033e-11 3.171086955302790665e-11 4.029917886518539632e-11 5.565092458327310297e-11 8.298057668402517209e-11 1.169746934648261052e-10 1.340877309815448909e-10 1.485682780638520990e-10 1.622077002183373907e-10 1.813548669216069279e-10 2.016743105251290009e-10 2.116158278337912495e-10 2.192804751409720626e-10 1.728794535829895183e-10 3.814817842459234518e-11 -1.975691374712063459e-11 -1.290678946546093972e-11 9.112587296360733779e-12 4.421137264470399468e-12
8.481029303198966591e-12 1.072163901771941291e-11 1.793133534749787876e-11 4.846365784828827077e-12 1.063366914244937075e-11 8.275453764134016131e-12 1.525678697228249028e-11 2.507528964112934306e-11 3.773338448158220397e-11 4.757127229185451141e-11 6.292719651904634079e-11 9.258543283355229431e-11 1.340877309815448909e-10 1.787262996243594182e-10 2.060864070008364181e-10 2.265153699231547785e-10 2.531895923537630247e-10 2.827214342335675463e-10 2.998458435549473190e-10 3.140399394558914753e-10 2.515467308273239596e-10 7.153638896618406382e-11 -2.079931329516992402e-11 -3.324214586486544626e-11 -1.231753411712584952e-11 -1.347329066314861362e-11
1.460483483727103540e-11 1.635634762127235875e-11 2.148344572424251992e-11 8.322561896580182425e-12 1.497100825177765621e-11 1.109836152901990800e-11 1.610253014834250427e-11 2.942366694515456886e-11 4.293410612404806223e-11 5.470999948866448556e-11 7.133380706280423856e-11 1.029772169147412717e-10 1.485682780638520990e-10 2.060864070008364181e-10 2.698395016484004754e-10 3.119168690445707816e-10 3.554955874070247465e-10 3.977571670096337116e-10 4.272556903641059966e-10 4.578545226825866373e-10 3.827460120689361416e-10 1.377742775624110974e-10 -4.448578346664356082e-12 -3.894379040853904426e-11 -2.233683635474631538e-11 -6.060840337883310613e-12
1.501733508415631816e-11 1.749203419479316677e-11 1.969276695596520790e-11 1.125542073000643365e-11 1.755202396268671182e-11 1.287956112196603999e-11 1.721988667032396713e-11 3.383575770496493180e-11 4.664927458902167490e-11 6.239516454664234573e-11 7.785527159419781978e-11 1.119569787632218903e-10 1.622077002183373907e-10 2.265153699231547785e-10 3.119168690445707816e-10 3.950688559438537437e-10 4.684288701882160936e-10 5.322785664261474335e-10 5.777951105467855576e-10 6.277851822914704095e-10 5.481070848326043112e-10 2.319911630348732344e-10 1.312740546376003549e-11 -5.314662858338201672e-11 -2.384960264709793900e-11 -2.104109033954043056e-11
1.331345781432218927e-11 2.588802418305907346e-11 2.447147353563786635e-11 1.166703236689187262e-11 1.710822612815676909e-11 1.433801193147081836e-11 1.934376179503839115e-11 3.959917065784202961e-11 5.137917674557170084e-11 7.176650833926646274e-11 8.776025642182905912e-11 1.248279882488384418e-10 1.813548669216069279e-10 2.531895923537630247e-10 3.554955874070247465e-10 4.684288701882160936e-10 6.143885650471957232e-10 7.369086071248775654e-10 8.110220390551903197e-10 8.841701074843128001e-10 7.920724159600785933e-10 3.947756680717751979e-10 7.828925784696471723e-11 -2.351255810359543246e-11 1.642771524335018023e-13 -3.598917437205677094e-11
8.776761800768401598e-12 3.623223400872131829e-11 2.999897685793788574e-11 6.799482819839155169e-12 1.803215036866926636e-11 2.088114098040611662e-11 2.514704204988363433e-11 4.470024174305531184e-11 5.800508146947249511e-11 8.235414267214997489e-11 9.841653310909813357e-11 1.392140784887999119e-10 2.016743105251290009e-10 2.827214342335675463e-10 3.977571670096337116e-10 5.322785664261474335e-10 7.369086071248775654e-10 9.648446843538170872e-10 1.107882207767835359e-09 1.234089739629448837e-09 1.158783759625445384e-09 6.804974902166075454e-10 2.057897559420271072e-10 1.971380089891619224e-11 1.030365898588072485e-11 -7.143207221202541587e-11
6.475699552154774502e-12 4.148390122671905668e-11 3.194699649967973074e-11 1.054665416725695786e-11 2.235437283892281873e-11 3.006954918772837897e-11 3.297223521826890555e-11 5.272035697081616247e-11 6.292732211406086649e-11 9.137894132435737189e-11 1.067099253374977430e-10 1.491509358801025943e-10 2.116158278337912495e-10 2.998458435549473190e-10 4.272556903641059966e-10 5.777951105467855576e-10 8.110220390551903197e-10 1.107882207767835359e-09 1.378679381497130495e-09 1.619897019662613626e-09 1.615028577893466736e-09 1.092697038794814399e-09 4.182246608166193317e-10 7.750558692119578685e-11 2.516361186267328537e-11 -1.130955486102120987e-10
1.511780257611869790e-11 4.832284600547497513e-11 2.673423559527267257e-11 1.008781466652102096e-11 2.112940836649136577e-11 3.005910269335708675e-11 2.660921867910992243e-11 5.143699255679719147e-11 5.887929598216678920e-11 9.808077492016396562e-11 1.158121440388008280e-10 1.608413318215832718e-10 2.192804751409720626e-10 3.140399394558914753e-10 4.578545226825866373e-10 6.277851822914704095e-10 8.841701074843128001e-10 1.234089739629448837e-09 1.619897019662613626e-09 2.077915007661948871e-09 2.238031634225189349e-09 1.704491828810208283e-09 7.881525686223377054e-10 1.644629094542283059e-10 4.584445539588197189e-11 -1.529794213942515148e-10
3.937654508362981443e-12 4.960664101700856220e-11 -1.586180448188383046e-12 8.015679060542653477e-13 1.064392994008984982e-11 2.464021552234686265e-11 6.468641946655572373e-12 2.871720639412714217e-11 2.776085076380602371e-11 7.988617622516035695e-11 9.810348892859003437e-11 1.368270206487042134e-10 1.728794535829895183e-10 2.515467308273239596e-10 3.827460120689361416e-10 5.481070848326043112e-10 7.920724159600785933e-10 1.158783759625445384e-09 1.615028577893466736e-09 2.238031634225189349e-09 2.729464056185141547e-09 2.437092595185505166e-09 1.415687463734915635e-09 3.725673097482123193e-10 4.804768729453354226e-11 -2.112593756694374608e-10
-8.052617359237609928e-12 4.046449297797728947e-11 -2.398722272243346334e-11 -7.042680097582282027e-12 -6.467597779368793942e-12 7.254758568871578444e-12 -1.835165191136866083e-11 -6.509577738201322460e-12 -1.868185473085730218e-11 3.693885627925412875e-11 3.894634171572032520e-11 4.467394430821299051e-11 3.814817842459234518e-11 7.153638896618406382e-11 1.377742775624110974e-10 2.319911630348732344e-10 3.947756680717751979e-10 6.804974902166075454e-10 1.092697038794814399e-09 1.704491828810208283e-09 2.437092595185505166e-09 2.793864799505213631e-09 2.126034417697959035e-09 8.321588567235528317e-10 7.827550037306301892e-11 -2.668599392946313365e-10
-6.282335567117956631e-12 2.747061539598055785e-11 -1.918866922309187247e-11 -4.038531470188673475e-12 -2.572728694622077393e-11 -1.426934889043895711e-11 -3.232906877231837354e-11 -2.021366662858585694e-11 -2.039232864070008454e-11 2.652702264673755736e-11 2.938001529746630576e-11 1.106269094162269051e-11 -1.975691374712063459e-11 -2.079931329516992402e-11 -4.448578346664356082e-12 1.312740546376003549e-11 7.828925784696471723e-11 2.057897559420271072e-10 4.182246608166193317e-10 7.881525686223377054e-10 1.415687463734915635e-09 2.126034417697959035e-09 2.393584472774246499e-09 1.525937055143041673e-09 2.732623085059713456e-10 -1.632145193134608449e-10
-7.388816143415030635e-13 5.519688140846157639e-12 -4.274719070230216939e-12 -1.749798041262570112e-12 -2.362084752719283849e-11 -9.140238892755498485e-13 -1.375665942925814257e-11 -9.445620901608968890e-12 -5.395174039193213097e-12 1.148195652129392520e-11 1.619594800779491381e-11 4.654497615977460271e-12 -1.290678946546093972e-11 -3.324214586486544626e-11 -3.894379040853904426e-11 -5.314662858338201672e-11 -2.351255810359543246e-11 1.971380089891619224e-11 7.750558692119578685e-11 1.644629094542283059e-10 3.725673097482123193e-10 8.321588567235528317e-10 1.525937055143041673e-09 1.802218552251756399e-09 8.803474632198104830e-10 1.179426394923608680e-10
6.500249497373146206e-12 -2.933007513410473922e-11 -8.753398308746896250e-12 -1.592559974331836194e-12 -1.206778100539065555e-11 6.222540649913054180e-12 -5.243682729617554103e-12 -6.413751341592446772e-12 -1.747980408410554423e-11 -1.967198663396057670e-11 -1.637834572124773419e-11 -4.002244659237352867e-12 9.112587296360733779e-12 -1.231753411712584952e-11 -2.233683635474631538e-11 -2.384960264709793900e-11 1.642771524335018023e-13 1.030365898588072485e-11 2.516361186267328537e-11 4.584445539588197189e-11 4.804768729453354226e-11 7.827550037306301892e-11 2.732623085059713456e-10 8.803474632198104830e-10 1.605167577342133162e-09 8.553348858520417621e-10
6.108296046775110240e-12 -3.065190960414340844e-11 -5.765819075425094936e-12 -8.713929685585274418e-12 -7.934428333954940980e-12 1.636774228258123995e-11 -7.193528691203116345e-12 4.348277820190450501e-12 -3.337095503590283154e-12 -1.226822876519602053e-11 -8.142528203798999236e-12 2.616566734034879589e-12 4.421137264470399468e-12 -1.347329066314861362e-11 -6.060840337883310613e-12 -2.104109033954043056e-11 -3.598917437205677094e-11 -7.143207221202541587e-11 -1.130955486102120987e-10 -1.529794213942515148e-10 -2.112593756694374608e-10 -2.668599392946313365e-10 -1.632145193134608449e-10 1.179426394923608680e-10 8.553348858520417621e-10 1.465157226167739845e-09
