7.853728629591567451e-11 1.240619905304413012e-11 9.014302507648668008e-12 2.897443282709078642e-12 2.086694013934053060e-12 9.987923985991231848e-13 3.071471004694962258e-12 2.517386794541495531e-12 1.562264902066053268e-12 3.047422441641069859e-12 3.282575586680463751e-12 5.914952821591365572e-12 5.566406354181863104e-12 4.953434581215905302e-12 5.679830308644710913e-12 7.148166227190577489e-12 5.732920259306056455e-12 6.608616260800586542e-12 1.113161866453176058e-11 8.405194211161139579e-12 -4.834719813832366343e-12 -1.498409907179140983e-11 -1.382097489229252758e-11 -2.425776018357998091e-12 1.392247766007632418e-11 1.739301561224406275e-12
1.240619905304413012e-11 4.796415342916195048e-11 1.151291928459458280e-11 5.036129979128282999e-12 5.230754330544362409e-12 4.585925095635579839e-12 2.594816582421639834e-12 4.501291799503377024e-13 -6.887194800855788222e-13 -6.251542154078398476e-14 3.274584427624651048e-13 1.623263606210600024e-12 1.531639646890609220e-12 -1.416814259036081559e-12 -2.640333650559725015e-12 -5.813493895744307947e-12 -8.942466159953293626e-12 -9.236418441632375674e-12 -9.687842824723376405e-12 -1.329476841694269599e-11 -2.536525171383566946e-11 -2.318222236786722673e-11 -9.455595511247195030e-12 1.123235303326344387e-11 1.611995921435743271e-11 7.224557832306198394e-12
9.014302507648668008e-12 1.151291928459458280e-11 4.074157364029655924e-11 1.384637886612730893e-11 9.210910087146199774e-12 7.956478688316421701e-12 6.038317617199392691e-12 5.240964913823009478e-12 1.432028828613278837e-12 1.743806866900239598e-12 6.711908508599266216e-13 2.560686193172498777e-12 1.525956303992192929e-12 1.472892662100735024e-12 -2.269994715924998627e-13 1.071456638008820674e-13 3.116942319317005017e-13 -2.845112827918107202e-12 -2.150716225539075978e-12 -3.190635444797506529e-12 -2.108179218778774579e-12 -1.478086758943579936e-12 -2.701867238624833254e-12 7.748646091678391257e-12 8.649209324728239334e-12 -3.089490821013411184e-12
2.897443282709078642e-12 5.036129979128282999e-12 1.384637886612730893e-11 3.016726135722293627e-11 1.334295652355978075e-11 7.957737547418228930e-12 3.254339249449268981e-12 2.611066021105464270e-12 2.260993958218740853e-12 2.306261980350097007e-12 8.489572646125457595e-13 5.321862652095464596e-13 2.101636040914830178e-13 1.801072781860690027e-12 1.382990596752769108e-12 1.229070999601510490e-12 2.264963907067410458e-12 -3.039940235328428401e-14 -2.455948588449475150e-13 1.866292144559167162e-12 6.262179968601266890e-13 -6.322812728559379939e-13 3.365534956840734520e-12 7.212866912456493426e-12 1.107078027046002200e-12 -7.745531495068091979e-12
2.086694013934053060e-12 5.230754330544362409e-12 9.210910087146199774e-12 1.334295652355978075e-11 2.482259698908446764e-11 1.095309856476523232e-11 6.797368036232514361e-12 3.451000385837100355e-12 1.959829108669812101e-12 2.202123798006477441e-12 9.134121067636959692e-13 2.145159298312315795e-12 1.435240543964039408e-12 7.380134938256082410e-14 -9.992638112269505638e-13 -1.174065250625383833e-12 8.981430200637804866e-13 3.057011265402849035e-12 1.042805671268182668e-11 1.674467917582287914e-11 2.046788923247772596e-11 2.027212414798107652e-11 1.612667753056336546e-11 1.167300652798090828e-11 5.454281774761564657e-12 -3.002594858375595891e-12
9.987923985991231848e-13 4.585925095635579839e-12 7.956478688316421701e-12 7.957737547418228930e-12 1.095309856476523232e-11 2.224085121565695135e-11 1.461880329282340459e-11 1.034237633469632029e-11 5.843490233428218692e-12 6.019161235045696032e-12 5.463152167098601399e-12 6.300058695430887116e-12 5.394716284733472769e-12 3.970624285196453808e-12 5.863174254348005396e-12 6.901541348040585698e-12 7.353718854082910628e-12 8.651060727844153614e-12 1.297696188984532477e-11 1.591985252887963834e-11 1.848541467010115769e-11 1.703864905655898383e-11 1.322331521346646311e-11 5.520679002516176075e-12 5.472813259231440892e-12 -1.475230180643222903e-12
3.071471004694962258e-12 2.594816582421639834e-12 6.038317617199392691e-12 3.254339249449268981e-12 6.797368036232514361e-12 1.461880329282340459e-11 2.661753843653539634e-11 1.997253028619331846e-11 1.396807568066662292e-11 1.185633132728784524e-11 1.048042129925380375e-11 1.010310084226081672e-11 8.968628419849191384e-12 7.794133182127395534e-12 9.917554002491052567e-12 1.328852921645224198e-11 1.619605393726185609e-11 1.779237741779741114e-11 2.181902765515522670e-11 2.189741254375951757e-11 1.832298786969497534e-11 9.607901506813018128e-12 4.480894226422654041e-12 1.235863187529365082e-12 1.521333092660214655e-11 1.837797542946051551e-11
2.517386794541495531e-12 4.501291799503377024e-13 5.240964913823009478e-12 2.611066021105464270e-12 3.451000385837100355e-12 1.034237633469632029e-11 1.997253028619331846e-11 2.970894373155466658e-11 2.160241857269417218e-11 1.742963484114294652e-11 1.461559190398735489e-11 1.294609643078563956e-11 1.391819467222069693e-11 1.495262811711321252e-11 1.651631403336230711e-11 1.942855576083458548e-11 2.325533085885278430e-11 2.657180360038940092e-11 2.894561266109231087e-11 2.902347443315002504e-11 2.526061958030059115e-11 1.319356886644898129e-11 8.372131950279245054e-12 2.050650821638735448e-12 5.965034792036619579e-12 1.849729161577340163e-12
1.562264902066053268e-12 -6.887194800855788222e-13 1.432028828613278837e-12 2.260993958218740853e-12 1.959829108669812101e-12 5.843490233428218692e-12 1.396807568066662292e-11 2.160241857269417218e-11 2.858196208176629127e-11 2.447444567967193116e-11 2.089547644708660658e-11 2.016111483401811475e-11 2.116564087947952993e-11 2.364190246818648328e-11 2.558558158529110124e-11 2.758332755113544106e-11 3.078203685188397551e-11 3.531266577762852513e-11 4.263098220191002206e-11 4.785590406133668720e-11 4.930090741656891307e-11 3.536926005335174303e-11 2.399853770419314688e-11 1.032858139247720430e-11 8.157441557191946585e-12 1.080648820063204323e-11
3.047422441641069859e-12 -6.251542154078398476e-14 1.743806866900239598e-12 2.306261980350097007e-12 2.202123798006477441e-12 6.019161235045696032e-12 1.185633132728784524e-11 1.742963484114294652e-11 2.447444567967193116e-11 3.334053362811954848e-11 2.922423441138648877e-11 2.740632436158297617e-11 2.806124312140030130e-11 3.061449380626991364e-11 3.292204295721833934e-11 3.502978907800619668e-11 3.905270472517032821e-11 4.300022098021432936e-11 4.971391090498833315e-11 5.609009606786824428e-11 5.711201173357469731e-11 4.105261245674382632e-11 3.246608142878855925e-11 2.229399800319848668e-11 1.306698239615879568e-11 -4.396162794045046517e-12
3.282575586680463751e-12 3.274584427624651048e-13 6.711908508599266216e-13 8.489572646125457595e-13 9.134121067636959692e-13 5.463152167098601399e-12 1.048042129925380375e-11 1.461559190398735489e-11 2.089547644708660658e-11 2.922423441138648877e-11 3.718216600857695600e-11 3.619041915157332126e-11 3.634629014425808852e-11 4.010973049614336134e-11 4.228128022732792523e-11 4.415454926879391013e-11 4.919004853847754610e-11 5.356788104104870897e-11 5.833322547573009235e-11 6.512640921846707265e-11 6.335623014808873277e-11 4.219920942958065355e-11 2.634196823850564047e-11 1.495737775084371710e-11 1.637031115347562977e-11 -9.820335177941908418e-12
5.914952821591365572e-12 1.623263606210600024e-12 2.560686193172498777e-12 5.321862652095464596e-13 2.145159298312315795e-12 6.300058695430887116e-12 1.010310084226081672e-11 1.294609643078563956e-11 2.016111483401811475e-11 2.740632436158297617e-11 3.619041915157332126e-11 5.148242902563874037e-11 5.482556151911262172e-11 5.856017423905575234e-11 6.172929639281709704e-11 6.483770040464530062e-11 7.164497686766110067e-11 7.652010227574715045e-11 8.137456680812377840e-11 8.758120654140935109e-11 8.226990849122160989e-11 4.940124047665596218e-11 3.696109455222474848e-11 2.309749650805457315e-11 5.360767197342432660e-12 -1.832641809958133341e-11
5.566406354181863104e-12 1.531639646890609220e-12 1.525956303992192929e-12 2.101636040914830178e-13 1.435240543964039408e-12 5.394716284733472769e-12 8.968628419849191384e-12 1.391819467222069693e-11 2.116564087947952993e-11 2.806124312140030130e-11 3.634629014425808852e-11 5.482556151911262172e-11 7.333475769864785405e-11 8.085063003597142153e-11 8.510234739171374415e-11 8.893942895058623863e-11 9.616348763624607626e-11 1.032591778089950958e-10 1.114611475000343559e-10 1.207629201647311422e-10 1.109307920258505865e-10 5.851213198659932809e-11 3.687173224585189050e-11 2.298185622693573736e-11 1.305145606875028127e-11 -9.864491712739984043e-12
4.953434581215905302e-12 -1.416814259036081559e-12 1.472892662100735024e-12 1.801072781860690027e-12 7.380134938256082410e-14 3.970624285196453808e-12 7.794133182127395534e-12 1.495262811711321252e-11 2.364190246818648328e-11 3.061449380626991364e-11 4.010973049614336134e-11 5.856017423905575234e-11 8.085063003597142153e-11 1.099227977395743913e-10 1.210184495717420847e-10 1.293769863503534876e-10 1.403328346488384976e-10 1.545198282003332222e-10 1.684404246137940202e-10 1.787089045366911795e-10 1.572205529500914150e-10 7.094286820824653590e-11 2.052806371786018913e-11 2.243157795224089615e-12 9.743206577087300291e-12 -7.674100080420603642e-12
5.679830308644710913e-12 -2.640333650559725015e-12 -2.269994715924998627e-13 1.382990596752769108e-12 -9.992638112269505638e-13 5.863174254348005396e-12 9.917554002491052567e-12 1.651631403336230711e-11 2.558558158529110124e-11 3.292204295721833934e-11 4.228128022732792523e-11 6.172929639281709704e-11 8.510234739171374415e-11 1.210184495717420847e-10 1.578057393579079437e-10 1.794778599262924066e-10 2.004634447724720462e-10 2.212914757710748362e-10 2.400352680580300943e-10 2.532019479191073991e-10 2.315906177822871030e-10 1.181557804809802221e-10 4.046087119505524407e-11 -3.020234380008264829e-12 -6.548963550339251109e-12 -2.956566496808749103e-12
7.148166227190577489e-12 -5.813493895744307947e-12 1.071456638008820674e-13 1.229070999601510490e-12 -1.174065250625383833e-12 6.901541348040585698e-12 1.328852921645224198e-11 1.942855576083458548e-11 2.758332755113544106e-11 3.502978907800619668e-11 4.415454926879391013e-11 6.483770040464530062e-11 8.893942895058623863e-11 1.293769863503534876e-10 1.794778599262924066e-10 2.299406670954615672e-10 2.720433468418229802e-10 3.058820542045458853e-10 3.313216547040489730e-10 3.494554316897519532e-10 3.287314579376418135e-10 1.758408703837772518e-10 5.937672768564053297e-11 -4.802066265885074914e-12 -1.220958255708875733e-11 -1.377291155215264567e-11
5.732920259306056455e-12 -8.942466159953293626e-12 3.116942319317005017e-13 2.264963907067410458e-12 8.981430200637804866e-13 7.353718854082910628e-12 1.619605393726185609e-11 2.325533085885278430e-11 3.078203685188397551e-11 3.905270472517032821e-11 4.919004853847754610e-11 7.164497686766110067e-11 9.616348763624607626e-11 1.403328346488384976e-10 2.004634447724720462e-10 2.720433468418229802e-10 3.576190186331795042e-10 4.227176932542781585e-10 4.656786153883726938e-10 4.975788750999940441e-10 4.740467520584980252e-10 2.628646364049660420e-10 8.460155030279941557e-11 -5.426325633347615392e-12 -1.961626172672138108e-11 -3.500609815300096783e-11
6.608616260800586542e-12 -9.236418441632375674e-12 -2.845112827918107202e-12 -3.039940235328428401e-14 3.057011265402849035e-12 8.651060727844153614e-12 1.779237741779741114e-11 2.657180360038940092e-11 3.531266577762852513e-11 4.300022098021432936e-11 5.356788104104870897e-11 7.652010227574715045e-11 1.032591778089950958e-10 1.545198282003332222e-10 2.212914757710748362e-10 3.058820542045458853e-10 4.227176932542781585e-10 5.526611532255092043e-10 6.420247373552554721e-10 7.052905668976009073e-10 6.874188009701307816e-10 4.286122155592592672e-10 1.666913685751894316e-10 1.706325879592634657e-11 -3.952940615060138563e-11 -7.811818292409520772e-11
1.113161866453176058e-11 -9.687842824723376405e-12 -2.150716225539075978e-12 -2.455948588449475150e-13 1.042805671268182668e-11 1.297696188984532477e-11 2.181902765515522670e-11 2.894561266109231087e-11 4.263098220191002206e-11 4.971391090498833315e-11 5.833322547573009235e-11 8.137456680812377840e-11 1.114611475000343559e-10 1.684404246137940202e-10 2.400352680580300943e-10 3.313216547040489730e-10 4.656786153883726938e-10 6.420247373552554721e-10 8.236482030106974328e-10 9.666058788473160456e-10 9.890932284535751530e-10 7.037750225579798074e-10 3.212006358649151167e-10 5.531816687272708717e-11 -4.413732388436602007e-11 -1.022527063416213865e-10
8.405194211161139579e-12 -1.329476841694269599e-11 -3.190635444797506529e-12 1.866292144559167162e-12 1.674467917582287914e-11 1.591985252887963834e-11 2.189741254375951757e-11 2.902347443315002504e-11 4.785590406133668720e-11 5.609009606786824428e-11 6.512640921846707265e-11 8.758120654140935109e-11 1.207629201647311422e-10 1.787089045366911795e-10 2.532019479191073991e-10 3.494554316897519532e-10 4.975788750999940441e-10 7.052905668976009073e-10 9.666058788473160456e-10 1.250376905188239986e-09 1.379939382209144254e-09 1.110714081532431454e-09 5.959490732088259031e-10 1.288279343488433826e-10 -4.827271007813657825e-11 -1.398328276605286706e-10
-4.834719813832366343e-12 -2.536525171383566946e-11 -2.108179218778774579e-12 6.262179968601266890e-13 2.046788923247772596e-11 1.848541467010115769e-11 1.832298786969497534e-11 2.526061958030059115e-11 4.930090741656891307e-11 5.711201173357469731e-11 6.335623014808873277e-11 8.226990849122160989e-11 1.109307920258505865e-10 1.572205529500914150e-10 2.315906177822871030e-10 3.287314579376418135e-10 4.740467520584980252e-10 6.874188009701307816e-10 9.890932284535751530e-10 1.379939382209144254e-09 1.690665771463369038e-09 1.546239503258815411e-09 9.643784019887723969e-10 2.371086149707407131e-10 -7.971472715156516660e-11 -1.960416837528054930e-10
-1.498409907179140983e-11 -2.318222236786722673e-11 -1.478086758943579936e-12 -6.322812728559379939e-13 2.027212414798107652e-11 1.703864905655898383e-11 9.607901506813018128e-12 1.319356886644898129e-11 3.536926005335174303e-11 4.105261245674382632e-11 4.219920942958065355e-11 4.940124047665596218e-11 5.851213198659932809e-11 7.094286820824653590e-11 1.181557804809802221e-10 1.758408703837772518e-10 2.628646364049660420e-10 4.286122155592592672e-10 7.037750225579798074e-10 1.110714081532431454e-09 1.546239503258815411e-09 1.757581508744743856e-09 1.377406332264922355e-09 5.093969655000539892e-10 -6.563089318547796131e-11 -2.132403125407645992e-10
-1.382097489229252758e-11 -9.455595511247195030e-12 -2.701867238624833254e-12 3.365534956840734520e-12 1.612667753056336546e-11 1.322331521346646311e-11 4.480894226422654041e-12 8.372131950279245054e-12 2.399853770419314688e-11 3.246608142878855925e-11 2.634196823850564047e-11 3.696109455222474848e-11 3.687173224585189050e-11 2.052806371786018913e-11 4.046087119505524407e-11 5.937672768564053297e-11 8.460155030279941557e-11 1.666913685751894316e-10 3.212006358649151167e-10 5.959490732088259031e-10 9.643784019887723969e-10 1.377406332264922355e-09 1.537376004733711544e-09 9.682351984373518861e-10 9.119806053625251587e-11 -1.620969154873941756e-10
-2.425776018357998091e-12 1.123235303326344387e-11 7.748646091678391257e-12 7.212866912456493426e-12 1.167300652798090828e-11 5.520679002516176075e-12 1.235863187529365082e-12 2.050650821638735448e-12 1.032858139247720430e-11 2.229399800319848668e-11 1.495737775084371710e-11 2.309749650805457315e-11 2.298185622693573736e-11 2.243157795224089615e-12 -3.020234380008264829e-12 -4.802066265885074914e-12 -5.426325633347615392e-12 1.706325879592634657e-11 5.531816687272708717e-11 1.288279343488433826e-10 2.371086149707407131e-10 5.093969655000539892e-10 9.682351984373518861e-10 1.146936345841285412e-09 4.981487467907309182e-10 -1.065257734311127532e-11
1.392247766007632418e-11 1.611995921435743271e-11 8.649209324728239334e-12 1.107078027046002200e-12 5.454281774761564657e-12 5.472813259231440892e-12 1.521333092660214655e-11 5.965034792036619579e-12 8.157441557191946585e-12 1.306698239615879568e-11 1.637031115347562977e-11 5.360767197342432660e-12 1.305145606875028127e-11 9.743206577087300291e-12 -6.548963550339251109e-12 -1.220958255708875733e-11 -1.961626172672138108e-11 -3.952940615060138563e-11 -4.413732388436602007e-11 -4.827271007813657825e-11 -7.971472715156516660e-11 -6.563089318547796131e-11 9.119806053625251587e-11 4.981487467907309182e-10 9.587195651619718901e-10 5.066518131172509223e-10
1.739301561224406275e-12 7.224557832306198394e-12 -3.089490821013411184e-12 -7.745531495068091979e-12 -3.002594858375595891e-12 -1.475230180643222903e-12 1.837797542946051551e-11 1.849729161577340163e-12 1.080648820063204323e-11 -4.396162794045046517e-12 -9.820335177941908418e-12 -1.832641809958133341e-11 -9.864491712739984043e-12 -7.674100080420603642e-12 -2.956566496808749103e-12 -1.377291155215264567e-11 -3.500609815300096783e-11 -7.811818292409520772e-11 -1.022527063416213865e-10 -1.398328276605286706e-10 -1.960416837528054930e-10 -2.132403125407645992e-10 -1.620969154873941756e-10 -1.065257734311127532e-11 5.066518131172509223e-10 9.900275019332883596e-10
