8.991691451097649021e-11 1.961752113257898950e-11 4.071128880155067124e-12 6.085181626509012562e-13 3.699547337653452506e-12 -8.263067717613077957e-13 4.167317609616611451e-12 5.231782283612026813e-12 1.274629361103513772e-12 -1.217533625947042673e-12 -1.671897446650077369e-12 -1.830892333252136974e-12 3.631854883636734650e-12 7.578341509562825293e-12 1.025457507354889791e-11 9.808254843261187658e-12 5.646542724299946554e-12 4.583082112877710846e-12 8.458396939074714229e-12 1.525497543570248390e-11 1.198322307501274422e-11 3.324424391458352050e-13 8.970051464192326885e-12 2.290467454693270623e-11 -1.742046201050538584e-11 -1.907681769648966053e-11
1.961752113257898950e-11 7.750695557042004658e-11 1.723212050066860525e-11 1.383912538758352624e-11 5.760833775372035344e-12 7.868042700304650063e-12 6.251809945669125223e-12 5.753177343502247501e-12 5.462632301980509326e-12 5.248237282748657103e-12 4.152304977829097475e-12 8.697598132736413620e-12 1.406702241318436367e-11 1.952525309301072368e-11 2.315755531333849563e-11 2.392470341066282417e-11 3.014950293534164183e-11 3.551225298516276157e-11 3.363984186572769918e-11 2.983951291626564443e-11 1.395260720960927827e-11 -1.482597660156881211e-11 -2.895711614364874278e-11 -2.846138127740470893e-11 -5.948878012000952138e-11 -4.946347546575279304e-11
4.071128880155067124e-12 1.723212050066860525e-11 5.456734437201180490e-11 1.191489116805273885e-11 8.664913751478808524e-12 1.000808137950969609e-11 7.041974997897904843e-12 3.981304657256949892e-12 5.910583478960694688e-12 4.560030905259271711e-12 2.436228502493352944e-12 2.514517757154181303e-12 6.057042701123342929e-12 1.056144546572640566e-11 1.041082959876813596e-11 9.302120794171246779e-12 1.211162274075387408e-11 1.655701883538593699e-11 1.759446235221732213e-11 7.350419596197147667e-12 -2.208770430307708375e-11 -4.802091141866378158e-11 -4.679767804015488167e-11 -2.633312377308096899e-11 -2.538439335007558863e-11 -4.561886006540827069e-12
6.085181626509012562e-13 1.383912538758352624e-11 1.191489116805273885e-11 4.074271448536663167e-11 1.187601974390972277e-11 9.713147568751493687e-12 3.192194750239973525e-12 2.279432539653317098e-12 8.093284206376162035e-13 3.733235489429325446e-13 3.311326702872857540e-12 2.104423321479088289e-12 3.256058737297853537e-12 4.214042955318731122e-12 4.855363648422888588e-12 5.750719989986626443e-12 1.063410339485784145e-11 8.660908554250798843e-12 5.772334618797456603e-12 2.219769787575109272e-12 -1.101444227305224549e-11 -2.685486136489439153e-11 -3.790252561152105916e-11 -3.376916213576269604e-11 -2.104697924000031740e-11 -9.672929521546142280e-12
3.699547337653452506e-12 5.760833775372035344e-12 8.664913751478808524e-12 1.187601974390972277e-11 3.476733398185287120e-11 1.859535140034787542e-11 8.610981269432407298e-12 8.242413720632645041e-12 3.406031531081142925e-12 4.567384231960574491e-12 2.507006627659188879e-12 2.793990558540774531e-12 3.353922493461824428e-12 3.617276417614644793e-12 6.766485704189276529e-12 1.210991877939087165e-11 1.336700493895193453e-11 9.999087291631551890e-12 7.701682586840139926e-12 5.859501164434193526e-12 -6.815548131113015887e-12 -2.328612645716090198e-11 -2.675447378372141408e-11 -1.002243657322421922e-11 1.351444729213085038e-11 9.400158937231445390e-12
-8.263067717613077957e-13 7.868042700304650063e-12 1.000808137950969609e-11 9.713147568751493687e-12 1.859535140034787542e-11 3.826054613576118352e-11 1.793569801798439251e-11 1.676003845776836661e-11 1.222659948072973644e-11 9.684532359118115165e-12 7.930245111665041210e-12 9.419912864788460628e-12 1.347387401845159330e-11 1.502975124500748251e-11 2.006286868866721340e-11 2.478293039989588099e-11 2.926988219300831660e-11 3.624464805389794842e-11 4.080972003726159056e-11 3.742378428166713344e-11 2.003529064367615890e-11 -1.417053238015887260e-11 -4.091869224395819413e-11 -2.072317999661365925e-11 1.305664153328913336e-12 1.449723078505232861e-11
4.167317609616611451e-12 6.251809945669125223e-12 7.041974997897904843e-12 3.192194750239973525e-12 8.610981269432407298e-12 1.793569801798439251e-11 2.637708752799418544e-11 2.044029905643597802e-11 1.679388095568697705e-11 1.326846348758490737e-11 1.066297813050214977e-11 9.396034279237921276e-12 1.444387147115475759e-11 1.767502487304884768e-11 1.988073605474523801e-11 2.309948837047014170e-11 2.698363678340065251e-11 3.382305871882976248e-11 4.047138700655405205e-11 3.751588607419550320e-11 1.800528109102375671e-11 -1.484487150724382580e-11 -4.250919412502640808e-11 -4.004065484411946297e-11 -2.454204029941294579e-11 -9.905300331119745509e-12
5.231782283612026813e-12 5.753177343502247501e-12 3.981304657256949892e-12 2.279432539653317098e-12 8.242413720632645041e-12 1.676003845776836661e-11 2.044029905643597802e-11 3.594909011942398834e-11 2.870916631883330031e-11 2.399304819750085918e-11 1.980982821144318588e-11 1.852225007664080504e-11 2.297023415595673795e-11 2.685132281362480927e-11 3.099803213872606399e-11 3.563091786031661172e-11 4.034609798266991142e-11 4.421163464615013357e-11 5.061492429663242114e-11 4.786154304186729652e-11 2.483410295952735468e-11 -9.115124380145603562e-12 -1.881793539477809589e-11 -1.036146113737282664e-11 -1.401921962125504307e-11 5.946075983110545632e-12
1.274629361103513772e-12 5.462632301980509326e-12 5.910583478960694688e-12 8.093284206376162035e-13 3.406031531081142925e-12 1.222659948072973644e-11 1.679388095568697705e-11 2.870916631883330031e-11 4.258490708280576707e-11 3.575741938545620450e-11 3.124032080794782716e-11 2.964490341705390572e-11 3.288223308193831130e-11 3.885159541585198944e-11 4.581109539622622142e-11 5.064289215718007285e-11 5.878033915664836062e-11 6.875945473789348202e-11 7.642535148627863404e-11 7.410997474551997347e-11 4.571483614526964298e-11 -1.768543342818899135e-12 -9.562894768325975813e-12 4.271269095436119141e-12 -1.114056801134872384e-11 -7.745113845091299516e-12
-1.217533625947042673e-12 5.248237282748657103e-12 4.560030905259271711e-12 3.733235489429325446e-13 4.567384231960574491e-12 9.684532359118115165e-12 1.326846348758490737e-11 2.399304819750085918e-11 3.575741938545620450e-11 4.577860464626017094e-11 4.221698925825160099e-11 3.851951201899099660e-11 4.104236003726930752e-11 4.829185463468218371e-11 5.707654806849060241e-11 6.453419886559759668e-11 7.477630395949296363e-11 8.579793260391496103e-11 9.570309755271376251e-11 1.013478806810578731e-10 8.240766919988895255e-11 3.639322600222585672e-11 2.856953002777090375e-11 1.535976843939793199e-11 -1.742910201377797271e-11 -9.950294803349799508e-12
-1.671897446650077369e-12 4.152304977829097475e-12 2.436228502493352944e-12 3.311326702872857540e-12 2.507006627659188879e-12 7.930245111665041210e-12 1.066297813050214977e-11 1.980982821144318588e-11 3.124032080794782716e-11 4.221698925825160099e-11 5.559481922592707998e-11 5.342976139553607572e-11 5.633923114655885100e-11 6.237815623147720536e-11 7.093404660186218783e-11 7.703501021219107334e-11 8.582606065073169446e-11 9.598636815278668911e-11 1.054647804982871096e-10 1.157129018803368749e-10 9.897708611683623875e-11 4.258053954408508304e-11 3.212838940055413088e-11 1.623632919897120793e-11 -1.741639552523328980e-11 -1.070982900150214631e-11
-1.830892333252136974e-12 8.697598132736413620e-12 2.514517757154181303e-12 2.104423321479088289e-12 2.793990558540774531e-12 9.419912864788460628e-12 9.396034279237921276e-12 1.852225007664080504e-11 2.964490341705390572e-11 3.851951201899099660e-11 5.342976139553607572e-11 7.402828800690056913e-11 8.401398369977892139e-11 9.353882004023980181e-11 1.044124394015352575e-10 1.132578045321239090e-10 1.265014968421645114e-10 1.413345454123887470e-10 1.518419202401381438e-10 1.649287768171353413e-10 1.426059537359062685e-10 4.873097896626131811e-11 1.150035907581136599e-11 -1.639021085528752354e-13 -7.184172423108206696e-12 4.732327337555896052e-13
3.631854883636734650e-12 1.406702241318436367e-11 6.057042701123342929e-12 3.256058737297853537e-12 3.353922493461824428e-12 1.347387401845159330e-11 1.444387147115475759e-11 2.297023415595673795e-11 3.288223308193831130e-11 4.104236003726930752e-11 5.633923114655885100e-11 8.401398369977892139e-11 1.172652816639876317e-10 1.343883979205084149e-10 1.488809395738924416e-10 1.616010807265280537e-10 1.798418874666854852e-10 1.993014068473004852e-10 2.086479662614941514e-10 2.159744270089214350e-10 1.691000513468581049e-10 3.441849202813739938e-11 -2.299927134487255535e-11 -1.656266331573528061e-11 5.227515212869338554e-12 3.143876831459698078e-12
7.578341509562825293e-12 1.952525309301072368e-11 1.056144546572640566e-11 4.214042955318731122e-12 3.617276417614644793e-12 1.502975124500748251e-11 1.767502487304884768e-11 2.685132281362480927e-11 3.885159541585198944e-11 4.829185463468218371e-11 6.237815623147720536e-11 9.353882004023980181e-11 1.343883979205084149e-10 1.782411082905095693e-10 2.059793639677105819e-10 2.257278500913064111e-10 2.518385009373512148e-10 2.816969362084407861e-10 2.993291046186508504e-10 3.142047165226347022e-10 2.508900536421106835e-10 7.027651412997728647e-11 -2.336918341875722788e-11 -3.463752468851552646e-11 -1.353293287590904546e-11 -1.244392309390183946e-11
1.025457507354889791e-11 2.315755531333849563e-11 1.041082959876813596e-11 4.855363648422888588e-12 6.766485704189276529e-12 2.006286868866721340e-11 1.988073605474523801e-11 3.099803213872606399e-11 4.581109539622622142e-11 5.707654806849060241e-11 7.093404660186218783e-11 1.044124394015352575e-10 1.488809395738924416e-10 2.059793639677105819e-10 2.703176996890869450e-10 3.115198521439601542e-10 3.544731801453632589e-10 3.973535359716267249e-10 4.276467429695907258e-10 4.592753266736128704e-10 3.852604267336356325e-10 1.425756137198811292e-10 1.563711032100601070e-13 -3.674837849957395686e-11 -2.176982778080277325e-11 -7.696697574454594671e-12
9.808254843261187658e-12 2.392470341066282417e-11 9.302120794171246779e-12 5.750719989986626443e-12 1.210991877939087165e-11 2.478293039989588099e-11 2.309948837047014170e-11 3.563091786031661172e-11 5.064289215718007285e-11 6.453419886559759668e-11 7.703501021219107334e-11 1.132578045321239090e-10 1.616010807265280537e-10 2.257278500913064111e-10 3.115198521439601542e-10 3.931656956997201976e-10 4.663346024710181354e-10 5.316065546383107747e-10 5.781078271836898276e-10 6.288281219865034915e-10 5.482811586393640865e-10 2.315103435115668074e-10 1.083134223541304699e-11 -5.366373513024019778e-11 -2.311720579953654884e-11 -1.956070596775226232e-11
5.646542724299946554e-12 3.014950293534164183e-11 1.211162274075387408e-11 1.063410339485784145e-11 1.336700493895193453e-11 2.926988219300831660e-11 2.698363678340065251e-11 4.034609798266991142e-11 5.878033915664836062e-11 7.477630395949296363e-11 8.582606065073169446e-11 1.265014968421645114e-10 1.798418874666854852e-10 2.518385009373512148e-10 3.544731801453632589e-10 4.663346024710181354e-10 6.114680338489308143e-10 7.355318059392504737e-10 8.107475471583966387e-10 8.845526582827112899e-10 7.928106941100964214e-10 3.964420752685282292e-10 7.901715653517430350e-11 -2.445537336431081766e-11 -1.403339046044441509e-12 -3.599516750251085239e-11
4.583082112877710846e-12 3.551225298516276157e-11 1.655701883538593699e-11 8.660908554250798843e-12 9.999087291631551890e-12 3.624464805389794842e-11 3.382305871882976248e-11 4.421163464615013357e-11 6.875945473789348202e-11 8.579793260391496103e-11 9.598636815278668911e-11 1.413345454123887470e-10 1.993014068473004852e-10 2.816969362084407861e-10 3.973535359716267249e-10 5.316065546383107747e-10 7.355318059392504737e-10 9.654621616085569254e-10 1.109787257390997846e-09 1.236371106477671106e-09 1.160362693386726101e-09 6.814390683744512018e-10 2.057588175266507784e-10 1.888633344437178913e-11 9.730447359437060956e-12 -7.079221655225370231e-11
8.458396939074714229e-12 3.363984186572769918e-11 1.759446235221732213e-11 5.772334618797456603e-12 7.701682586840139926e-12 4.080972003726159056e-11 4.047138700655405205e-11 5.061492429663242114e-11 7.642535148627863404e-11 9.570309755271376251e-11 1.054647804982871096e-10 1.518419202401381438e-10 2.086479662614941514e-10 2.993291046186508504e-10 4.276467429695907258e-10 5.781078271836898276e-10 8.107475471583966387e-10 1.109787257390997846e-09 1.381417627490036817e-09 1.622338532811672588e-09 1.615827226747169791e-09 1.094284222345100516e-09 4.207023363222190147e-10 7.871832236093889158e-11 2.238953025907871270e-11 -1.162922432592709118e-10
1.525497543570248390e-11 2.983951291626564443e-11 7.350419596197147667e-12 2.219769787575109272e-12 5.859501164434193526e-12 3.742378428166713344e-11 3.751588607419550320e-11 4.786154304186729652e-11 7.410997474551997347e-11 1.013478806810578731e-10 1.157129018803368749e-10 1.649287768171353413e-10 2.159744270089214350e-10 3.142047165226347022e-10 4.592753266736128704e-10 6.288281219865034915e-10 8.845526582827112899e-10 1.236371106477671106e-09 1.622338532811672588e-09 2.080857571689986983e-09 2.239235729406193939e-09 1.706283815238961686e-09 7.895885528227773250e-10 1.642741882842542384e-10 4.536056676567037266e-11 -1.519782597169982273e-10
1.198322307501274422e-11 1.395260720960927827e-11 -2.208770430307708375e-11 -1.101444227305224549e-11 -6.815548131113015887e-12 2.003529064367615890e-11 1.800528109102375671e-11 2.483410295952735468e-11 4.571483614526964298e-11 8.240766919988895255e-11 9.897708611683623875e-11 1.426059537359062685e-10 1.691000513468581049e-10 2.508900536421106835e-10 3.852604267336356325e-10 5.482811586393640865e-10 7.928106941100964214e-10 1.160362693386726101e-09 1.615827226747169791e-09 2.239235729406193939e-09 2.726900886052757187e-09 2.435472952402153775e-09 1.415215458835072072e-09 3.719868505204441056e-10 4.696155522739320209e-11 -2.100509312307190926e-10
3.324424391458352050e-13 -1.482597660156881211e-11 -4.802091141866378158e-11 -2.685486136489439153e-11 -2.328612645716090198e-11 -1.417053238015887260e-11 -1.484487150724382580e-11 -9.115124380145603562e-12 -1.768543342818899135e-12 3.639322600222585672e-11 4.258053954408508304e-11 4.873097896626131811e-11 3.441849202813739938e-11 7.027651412997728647e-11 1.425756137198811292e-10 2.315103435115668074e-10 3.964420752685282292e-10 6.814390683744512018e-10 1.094284222345100516e-09 1.706283815238961686e-09 2.435472952402153775e-09 2.793465283726967650e-09 2.125821240199769648e-09 8.311934829533543824e-10 7.732182001163449060e-11 -2.667325621265258940e-10
8.970051464192326885e-12 -2.895711614364874278e-11 -4.679767804015488167e-11 -3.790252561152105916e-11 -2.675447378372141408e-11 -4.091869224395819413e-11 -4.250919412502640808e-11 -1.881793539477809589e-11 -9.562894768325975813e-12 2.856953002777090375e-11 3.212838940055413088e-11 1.150035907581136599e-11 -2.299927134487255535e-11 -2.336918341875722788e-11 1.563711032100601070e-13 1.083134223541304699e-11 7.901715653517430350e-11 2.057588175266507784e-10 4.207023363222190147e-10 7.895885528227773250e-10 1.415215458835072072e-09 2.125821240199769648e-09 2.392734694150424088e-09 1.524975831751249795e-09 2.735383784403682628e-10 -1.618341644049767435e-10
2.290467454693270623e-11 -2.846138127740470893e-11 -2.633312377308096899e-11 -3.376916213576269604e-11 -1.002243657322421922e-11 -2.072317999661365925e-11 -4.004065484411946297e-11 -1.036146113737282664e-11 4.271269095436119141e-12 1.535976843939793199e-11 1.623632919897120793e-11 -1.639021085528752354e-13 -1.656266331573528061e-11 -3.463752468851552646e-11 -3.674837849957395686e-11 -5.366373513024019778e-11 -2.445537336431081766e-11 1.888633344437178913e-11 7.871832236093889158e-11 1.642741882842542384e-10 3.719868505204441056e-10 8.311934829533543824e-10 1.524975831751249795e-09 1.800616831098074483e-09 8.802821163741347634e-10 1.187580884217691258e-10
-1.742046201050538584e-11 -5.948878012000952138e-11 -2.538439335007558863e-11 -2.104697924000031740e-11 1.351444729213085038e-11 1.305664153328913336e-12 -2.454204029941294579e-11 -1.401921962125504307e-11 -1.114056801134872384e-11 -1.742910201377797271e-11 -1.741639552523328980e-11 -7.184172423108206696e-12 5.227515212869338554e-12 -1.353293287590904546e-11 -2.176982778080277325e-11 -2.311720579953654884e-11 -1.403339046044441509e-12 9.730447359437060956e-12 2.238953025907871270e-11 4.536056676567037266e-11 4.696155522739320209e-11 7.732182001163449060e-11 2.735383784403682628e-10 8.802821163741347634e-10 1.605055259783731578e-09 8.562572002854179828e-10
-1.907681769648966053e-11 -4.946347546575279304e-11 -4.561886006540827069e-12 -9.672929521546142280e-12 9.400158937231445390e-12 1.449723078505232861e-11 -9.905300331119745509e-12 5.946075983110545632e-12 -7.745113845091299516e-12 -9.950294803349799508e-12 -1.070982900150214631e-11 4.732327337555896052e-13 3.143876831459698078e-12 -1.244392309390183946e-11 -7.696697574454594671e-12 -1.956070596775226232e-11 -3.599516750251085239e-11 -7.079221655225370231e-11 -1.162922432592709118e-10 -1.519782597169982273e-10 -2.100509312307190926e-10 -2.667325621265258940e-10 -1.618341644049767435e-10 1.187580884217691258e-10 8.562572002854179828e-10 1.466134770439514491e-09
