6.377453847510379837e-11 1.431469465582355924e-11 7.985228456072116194e-12 4.798377346384353236e-12 1.799384717908958105e-12 5.401290454827262837e-13 -8.477973460500081956e-14 -2.473459989578442586e-12 -9.898436895690507961e-13 -4.331171515726815491e-12 -6.912446800378370371e-12 -5.672992955445012237e-12 -5.440305691975868038e-12 -4.648884531679042861e-12 -3.374271380343981269e-12 -3.274160306992824175e-12 -1.667837508820569235e-13 -1.687898907954626666e-12 -4.191957281445653345e-12 -5.322090246505003319e-12 -4.010790540077916078e-12 -6.116418440169795513e-12 -4.777797567006679002e-13 4.409933518993476840e-12 -2.218943867343281874e-12 -7.095646281288860158e-12
1.431469465582355924e-11 4.810643041614488217e-11 1.235960133658703285e-11 5.425344145623643405e-12 3.530241673345627333e-12 1.893750894731285405e-12 -4.537265062455912434e-13 -1.702469090660224742e-12 -5.819499671430966281e-12 -5.104865622925084213e-12 -3.537424827692853410e-12 -4.672281126849590594e-12 -3.973133239989298984e-12 -2.686334230753249915e-12 1.705392270992753226e-13 7.650663885991654388e-13 3.874740695364676552e-13 -9.818888329932038776e-13 -6.127999685333968558e-12 -1.344026055837307541e-11 -1.697476252226162434e-11 -1.490433197713657086e-11 -6.509373321504327927e-12 7.017506611732933080e-12 1.202707176951276148e-11 9.206724440897613174e-12
7.985228456072116194e-12 1.235960133658703285e-11 4.054296456433124999e-11 1.447269794590404187e-11 6.136402195039085293e-12 5.505773947383910181e-12 4.274241816145456860e-12 2.399191425544297377e-12 4.578935373952104973e-13 5.086360754134278364e-13 -1.158515493821289417e-12 -1.920338275163239821e-12 -2.122433066227886558e-12 -2.760575649427405072e-12 -2.154188712195011275e-12 -2.182314082370555839e-12 3.856441187737371809e-13 -1.054243966102222756e-12 7.252118850486630034e-14 3.503437452522283316e-12 8.537617827917219727e-12 9.947542699333812831e-12 7.018750631328218972e-12 -4.744545759323227994e-13 -2.407803576265533369e-12 -5.450272309392282925e-12
4.798377346384353236e-12 5.425344145623643405e-12 1.447269794590404187e-11 3.309936818697477900e-11 1.004405624316122509e-11 6.862415858705033674e-12 4.748146049886945918e-12 3.501613224009298043e-12 1.524678222789681423e-12 1.051133083866964135e-12 1.461255392856997482e-12 2.525828932305438781e-12 1.682092932354828582e-12 4.055769427313266185e-12 4.425729642555310434e-12 1.490441455625378361e-12 8.808319891533558555e-14 -1.066999804388801098e-12 -4.130994644911214971e-13 -1.330808377358590943e-12 1.799998680203028098e-12 5.380423882946209605e-12 7.812136182828205970e-12 6.863452531659234127e-12 7.573620801235887657e-12 7.746332112128850542e-12
1.799384717908958105e-12 3.530241673345627333e-12 6.136402195039085293e-12 1.004405624316122509e-11 2.208458000001731949e-11 1.032616720307313008e-11 7.412080390338791248e-12 3.807931835936674447e-12 3.412373775915876030e-12 2.280752551186601300e-12 3.087692380445911888e-12 3.472612603690562399e-12 1.479454534423210144e-12 -3.681885325838148332e-13 -1.680268638710797425e-12 -3.420458631112383041e-12 -2.483014893911561679e-12 -3.515225665560924178e-12 -3.736602683766463344e-12 -1.050856607045132501e-12 -9.198065054682483831e-13 2.912058489694641279e-13 7.941848497565895106e-13 -2.302537272948153493e-12 3.959066982169355600e-12 9.758750936342721342e-12
5.401290454827262837e-13 1.893750894731285405e-12 5.505773947383910181e-12 6.862415858705033674e-12 1.032616720307313008e-11 2.159246612613707382e-11 1.236864583341799356e-11 7.831564311089681157e-12 5.554478622659265457e-12 3.585912368618494003e-12 1.597700098840195245e-12 1.121122903881704393e-12 1.305610847211795100e-12 -4.587315603640779900e-13 6.463805436152487534e-13 2.847738717807180112e-12 3.690990391057968800e-12 2.259642672842465961e-12 1.674282747823622360e-12 3.177358920498829538e-12 6.522085321024293567e-12 6.575475657955080447e-12 4.226439376457796733e-12 -1.507207856054290775e-12 6.796887942986209933e-13 6.237946617562364892e-12
-8.477973460500081956e-14 -4.537265062455912434e-13 4.274241816145456860e-12 4.748146049886945918e-12 7.412080390338791248e-12 1.236864583341799356e-11 1.949810932969410500e-11 1.282457376662778545e-11 1.012134253451048325e-11 6.548116778644828721e-12 3.548819455873050914e-12 2.749893920757020621e-12 2.320941290855778384e-12 2.098374338811761588e-12 2.696081829776048569e-12 5.609420271024294821e-12 6.991501552423322472e-12 5.634409233650469031e-12 5.632441110569193253e-12 7.969419879782866256e-12 7.891176956002475457e-12 3.679623108328219398e-12 -1.331127663570104401e-12 -5.059961769576934832e-12 3.299912419266349125e-12 5.628177027465802237e-13
-2.473459989578442586e-12 -1.702469090660224742e-12 2.399191425544297377e-12 3.501613224009298043e-12 3.807931835936674447e-12 7.831564311089681157e-12 1.282457376662778545e-11 2.062294853076836081e-11 1.456287465603186846e-11 1.071222233327814438e-11 7.849635873268130684e-12 6.345514620304686900e-12 4.414808632845344700e-12 3.250862791375903129e-12 3.633731880102338379e-12 6.823353050273522683e-12 8.793796050099452406e-12 7.583795920596088124e-12 7.720271690953702761e-12 7.610889778243288715e-12 5.017919021153652895e-12 -5.965831323890440700e-14 -4.194625830544810844e-12 -8.330123630375749587e-12 -5.880801992643600980e-12 -8.355234748933435871e-12
-9.898436895690507961e-13 -5.819499671430966281e-12 4.578935373952104973e-13 1.524678222789681423e-12 3.412373775915876030e-12 5.554478622659265457e-12 1.012134253451048325e-11 1.456287465603186846e-11 2.336123438777779810e-11 1.721035387450776562e-11 1.253202935218237498e-11 1.087300732395585452e-11 8.769387951388385182e-12 8.129001833130177335e-12 6.836722055108315614e-12 8.353295842529869200e-12 1.178721708236414732e-11 1.017739162181475672e-11 1.054833625627987375e-11 1.151960153472108268e-11 8.595433930888819650e-12 4.195304506247029018e-12 3.348195449969738851e-12 -2.851697321734228870e-12 -7.527453527267536132e-12 -8.057511609059352124e-12
-4.331171515726815491e-12 -5.104865622925084213e-12 5.086360754134278364e-13 1.051133083866964135e-12 2.280752551186601300e-12 3.585912368618494003e-12 6.548116778644828721e-12 1.071222233327814438e-11 1.721035387450776562e-11 2.139850964898110662e-11 1.753221402155706181e-11 1.319024617187182514e-11 1.036171857356209149e-11 9.185147735070741996e-12 6.998281188979667205e-12 8.384580575943623785e-12 9.724338380751148513e-12 8.286317850226188810e-12 7.640061696135886185e-12 7.948658003051330174e-12 6.267568717318258188e-12 8.241052404858137236e-13 -1.869071753732700610e-12 -7.956284868977188997e-12 -5.482091934150140285e-12 -1.043715438227782211e-11
-6.912446800378370371e-12 -3.537424827692853410e-12 -1.158515493821289417e-12 1.461255392856997482e-12 3.087692380445911888e-12 1.597700098840195245e-12 3.548819455873050914e-12 7.849635873268130684e-12 1.253202935218237498e-11 1.753221402155706181e-11 2.346420067008680375e-11 2.016760863890981258e-11 1.579015229545702900e-11 1.351541153817059967e-11 1.159402422168379852e-11 1.152223616489531047e-11 1.195509070194374166e-11 1.110815861935862520e-11 1.028460089608211611e-11 9.778973333396406853e-12 5.388254691849281397e-12 -4.658942084429212671e-12 -7.958109925616294249e-12 -1.068269751486536324e-11 -7.813365054264630448e-12 -8.994735130757963969e-12
-5.672992955445012237e-12 -4.672281126849590594e-12 -1.920338275163239821e-12 2.525828932305438781e-12 3.472612603690562399e-12 1.121122903881704393e-12 2.749893920757020621e-12 6.345514620304686900e-12 1.087300732395585452e-11 1.319024617187182514e-11 2.016760863890981258e-11 2.899710759466583944e-11 2.680486472090021182e-11 2.398613058419147509e-11 2.108986279448911270e-11 1.924285469377170766e-11 1.850798475135085458e-11 1.747891457750923472e-11 1.592487287288790197e-11 1.664220276019773814e-11 9.166402649302242572e-12 -5.733670931338799208e-12 -6.875656133064868389e-12 -9.853837039123365229e-12 -1.059999213462666533e-11 -5.338135847521303352e-12
-5.440305691975868038e-12 -3.973133239989298984e-12 -2.122433066227886558e-12 1.682092932354828582e-12 1.479454534423210144e-12 1.305610847211795100e-12 2.320941290855778384e-12 4.414808632845344700e-12 8.769387951388385182e-12 1.036171857356209149e-11 1.579015229545702900e-11 2.680486472090021182e-11 3.687956161053727140e-11 3.530292523110050364e-11 3.196976428772776440e-11 2.979471616960971056e-11 2.847729254836346272e-11 2.850492978147333298e-11 2.843867781621065922e-11 2.903836750419431801e-11 1.770573173472500425e-11 -5.237570361395585922e-12 -5.785793835453537314e-12 -2.445824644394833562e-12 -8.079411033514148627e-12 -6.954861925162087428e-12
-4.648884531679042861e-12 -2.686334230753249915e-12 -2.760575649427405072e-12 4.055769427313266185e-12 -3.681885325838148332e-13 -4.587315603640779900e-13 2.098374338811761588e-12 3.250862791375903129e-12 8.129001833130177335e-12 9.185147735070741996e-12 1.351541153817059967e-11 2.398613058419147509e-11 3.530292523110050364e-11 4.722469693631859257e-11 4.814261153958438554e-11 4.726459832338802957e-11 4.613718891297263255e-11 4.649543376951936549e-11 4.755967785695809622e-11 4.859232959397932489e-11 3.468930916033630238e-11 -1.052855292862537922e-12 -6.553189320298650612e-12 -1.290826531695942318e-12 -6.707994107983302572e-12 -4.865987610711989515e-12
-3.374271380343981269e-12 1.705392270992753226e-13 -2.154188712195011275e-12 4.425729642555310434e-12 -1.680268638710797425e-12 6.463805436152487534e-13 2.696081829776048569e-12 3.633731880102338379e-12 6.836722055108315614e-12 6.998281188979667205e-12 1.159402422168379852e-11 2.108986279448911270e-11 3.196976428772776440e-11 4.814261153958438554e-11 6.426745973510526601e-11 6.808406332894921681e-11 6.773359717989614149e-11 6.888926359515512126e-11 7.068993967876649766e-11 7.547920900818260923e-11 6.241590575897090898e-11 1.363351073971944206e-11 -3.054445960147898869e-12 -2.911711081385196308e-12 -4.519233989738287124e-12 -3.945127154926121206e-12
-3.274160306992824175e-12 7.650663885991654388e-13 -2.182314082370555839e-12 1.490441455625378361e-12 -3.420458631112383041e-12 2.847738717807180112e-12 5.609420271024294821e-12 6.823353050273522683e-12 8.353295842529869200e-12 8.384580575943623785e-12 1.152223616489531047e-11 1.924285469377170766e-11 2.979471616960971056e-11 4.726459832338802957e-11 6.808406332894921681e-11 8.829530260989241198e-11 9.476389000646223304e-11 9.892667456573748191e-11 1.031211020880387887e-10 1.117696680922070583e-10 1.005302154580558158e-10 3.997176569573163189e-11 6.830140191176883580e-12 2.107876501521117797e-12 -4.389967514902199446e-12 -8.374724239826585732e-12
-1.667837508820569235e-13 3.874740695364676552e-13 3.856441187737371809e-13 8.808319891533558555e-14 -2.483014893911561679e-12 3.690990391057968800e-12 6.991501552423322472e-12 8.793796050099452406e-12 1.178721708236414732e-11 9.724338380751148513e-12 1.195509070194374166e-11 1.850798475135085458e-11 2.847729254836346272e-11 4.613718891297263255e-11 6.773359717989614149e-11 9.476389000646223304e-11 1.185410249260564402e-10 1.285889173327104023e-10 1.357428596074144052e-10 1.482176922635638011e-10 1.372483123764125694e-10 6.646748864483601521e-11 1.508812892731759007e-11 5.686458924065913332e-12 -6.944225722946842140e-12 -1.290768826085349387e-11
-1.687898907954626666e-12 -9.818888329932038776e-13 -1.054243966102222756e-12 -1.066999804388801098e-12 -3.515225665560924178e-12 2.259642672842465961e-12 5.634409233650469031e-12 7.583795920596088124e-12 1.017739162181475672e-11 8.286317850226188810e-12 1.110815861935862520e-11 1.747891457750923472e-11 2.850492978147333298e-11 4.649543376951936549e-11 6.888926359515512126e-11 9.892667456573748191e-11 1.285889173327104023e-10 1.604722651232986874e-10 1.776616956921534456e-10 1.936865926335768214e-10 1.829814521423599119e-10 1.019768619656390895e-10 2.618311622701280695e-11 9.764121334387736343e-12 -1.043639485271541715e-11 -1.637338978556229533e-11
-4.191957281445653345e-12 -6.127999685333968558e-12 7.252118850486630034e-14 -4.130994644911214971e-13 -3.736602683766463344e-12 1.674282747823622360e-12 5.632441110569193253e-12 7.720271690953702761e-12 1.054833625627987375e-11 7.640061696135886185e-12 1.028460089608211611e-11 1.592487287288790197e-11 2.843867781621065922e-11 4.755967785695809622e-11 7.068993967876649766e-11 1.031211020880387887e-10 1.357428596074144052e-10 1.776616956921534456e-10 2.212949155711737377e-10 2.514596336931625334e-10 2.451893634092031303e-10 1.578602595993387138e-10 5.337070107088813423e-11 2.067377738890082359e-11 -7.015731902809444958e-12 -1.723016489880282708e-11
-5.322090246505003319e-12 -1.344026055837307541e-11 3.503437452522283316e-12 -1.330808377358590943e-12 -1.050856607045132501e-12 3.177358920498829538e-12 7.969419879782866256e-12 7.610889778243288715e-12 1.151960153472108268e-11 7.948658003051330174e-12 9.778973333396406853e-12 1.664220276019773814e-11 2.903836750419431801e-11 4.859232959397932489e-11 7.547920900818260923e-11 1.117696680922070583e-10 1.482176922635638011e-10 1.936865926335768214e-10 2.514596336931625334e-10 3.260768810549356777e-10 3.448089281435268201e-10 2.567803219896699448e-10 1.199899674116271524e-10 4.090600893254774509e-11 1.583761888993557584e-12 -1.458737701840701053e-11
-4.010790540077916078e-12 -1.697476252226162434e-11 8.537617827917219727e-12 1.799998680203028098e-12 -9.198065054682483831e-13 6.522085321024293567e-12 7.891176956002475457e-12 5.017919021153652895e-12 8.595433930888819650e-12 6.267568717318258188e-12 5.388254691849281397e-12 9.166402649302242572e-12 1.770573173472500425e-11 3.468930916033630238e-11 6.241590575897090898e-11 1.005302154580558158e-10 1.372483123764125694e-10 1.829814521423599119e-10 2.451893634092031303e-10 3.448089281435268201e-10 4.371120105298211380e-10 3.951693335639940627e-10 2.423569558788559914e-10 7.540349616964036619e-11 -2.739473865679497426e-14 -1.688184868487154359e-11
-6.116418440169795513e-12 -1.490433197713657086e-11 9.947542699333812831e-12 5.380423882946209605e-12 2.912058489694641279e-13 6.575475657955080447e-12 3.679623108328219398e-12 -5.965831323890440700e-14 4.195304506247029018e-12 8.241052404858137236e-13 -4.658942084429212671e-12 -5.733670931338799208e-12 -5.237570361395585922e-12 -1.052855292862537922e-12 1.363351073971944206e-11 3.997176569573163189e-11 6.646748864483601521e-11 1.019768619656390895e-10 1.578602595993387138e-10 2.567803219896699448e-10 3.951693335639940627e-10 4.869231279354059893e-10 3.922965628942724027e-10 1.585761467889618131e-10 1.229938918722757858e-11 -9.067269935033223377e-12
-4.777797567006679002e-13 -6.509373321504327927e-12 7.018750631328218972e-12 7.812136182828205970e-12 7.941848497565895106e-13 4.226439376457796733e-12 -1.331127663570104401e-12 -4.194625830544810844e-12 3.348195449969738851e-12 -1.869071753732700610e-12 -7.958109925616294249e-12 -6.875656133064868389e-12 -5.785793835453537314e-12 -6.553189320298650612e-12 -3.054445960147898869e-12 6.830140191176883580e-12 1.508812892731759007e-11 2.618311622701280695e-11 5.337070107088813423e-11 1.199899674116271524e-10 2.423569558788559914e-10 3.922965628942724027e-10 4.580973439456322796e-10 2.885377901861446895e-10 6.948611024565302291e-11 1.613911673747102579e-11
4.409933518993476840e-12 7.017506611732933080e-12 -4.744545759323227994e-13 6.863452531659234127e-12 -2.302537272948153493e-12 -1.507207856054290775e-12 -5.059961769576934832e-12 -8.330123630375749587e-12 -2.851697321734228870e-12 -7.956284868977188997e-12 -1.068269751486536324e-11 -9.853837039123365229e-12 -2.445824644394833562e-12 -1.290826531695942318e-12 -2.911711081385196308e-12 2.107876501521117797e-12 5.686458924065913332e-12 9.764121334387736343e-12 2.067377738890082359e-11 4.090600893254774509e-11 7.540349616964036619e-11 1.585761467889618131e-10 2.885377901861446895e-10 3.611955621168283670e-10 2.046858652397228647e-10 4.660150450196966433e-11
-2.218943867343281874e-12 1.202707176951276148e-11 -2.407803576265533369e-12 7.573620801235887657e-12 3.959066982169355600e-12 6.796887942986209933e-13 3.299912419266349125e-12 -5.880801992643600980e-12 -7.527453527267536132e-12 -5.482091934150140285e-12 -7.813365054264630448e-12 -1.059999213462666533e-11 -8.079411033514148627e-12 -6.707994107983302572e-12 -4.519233989738287124e-12 -4.389967514902199446e-12 -6.944225722946842140e-12 -1.043639485271541715e-11 -7.015731902809444958e-12 1.583761888993557584e-12 -2.739473865679497426e-14 1.229938918722757858e-11 6.948611024565302291e-11 2.046858652397228647e-10 3.085045918646540544e-10 1.651223833546384429e-10
-7.095646281288860158e-12 9.206724440897613174e-12 -5.450272309392282925e-12 7.746332112128850542e-12 9.758750936342721342e-12 6.237946617562364892e-12 5.628177027465802237e-13 -8.355234748933435871e-12 -8.057511609059352124e-12 -1.043715438227782211e-11 -8.994735130757963969e-12 -5.338135847521303352e-12 -6.954861925162087428e-12 -4.865987610711989515e-12 -3.945127154926121206e-12 -8.374724239826585732e-12 -1.290768826085349387e-11 -1.637338978556229533e-11 -1.723016489880282708e-11 -1.458737701840701053e-11 -1.688184868487154359e-11 -9.067269935033223377e-12 1.613911673747102579e-11 4.660150450196966433e-11 1.651223833546384429e-10 3.362530298663575013e-10
