7.347817012278276558e-11 1.486697651023830093e-11 4.384628912821098596e-12 2.644798204602747938e-12 7.909232696382424302e-13 3.427365439897458158e-12 1.999454665736402503e-12 9.821467397973125445e-13 1.854150923490286188e-12 1.682659085157824666e-12 1.452239213449014088e-12 1.575287206005002722e-12 8.820496796428438889e-13 9.306057508858300406e-13 4.519902922054551837e-12 7.928783554290830696e-12 1.132054383624316887e-11 8.813230987625643570e-12 1.135439344835829652e-11 1.531437692182243966e-11 1.502037818445704247e-11 7.209765156504870296e-12 4.988714743372591744e-12 8.355044659349140785e-12 7.346153178410199871e-12 -7.514449953101568764e-12
1.486697651023830093e-11 5.623683670970799587e-11 1.051833089179606852e-11 4.813810192530313275e-12 6.812834507038810961e-12 -6.593276140937292131e-14 2.223658482444288023e-12 2.855352791362638555e-13 -7.628003324297885937e-13 -1.485011098735354115e-12 -5.572016563289363106e-13 4.902806680250256156e-15 -3.813990039526776687e-12 -6.891489478807528769e-12 -4.466175176835348081e-12 -2.441331566447299170e-12 -4.174790076937061780e-12 -5.457944860976202899e-12 -6.611827465511917141e-12 -6.542406525129427716e-12 -8.637807944799076003e-12 -1.123607177439754394e-11 -1.541151947815213394e-11 -2.055879082643421845e-11 -1.473656792677892067e-11 -7.622522259042189767e-12
4.384628912821098596e-12 1.051833089179606852e-11 3.692407248658771432e-11 1.029532120644388367e-11 7.607399640706294499e-12 5.812722257520587978e-12 2.873483558730532725e-12 3.981180699591976407e-12 1.380550734430623786e-12 2.922600050512822208e-12 3.167677723417551777e-12 1.265674308575354608e-12 -1.722513316714236008e-12 -2.300556529532167870e-12 -4.083608724440141983e-12 -6.133294966189614937e-12 -6.094704804000485574e-12 -7.316721923862216953e-12 -8.866782416277712136e-12 -1.256723917928851951e-11 -1.229647274960204856e-11 -6.814501668369559570e-12 -3.765750087495707217e-12 -8.914374501446019838e-12 -1.893892388722314488e-13 4.259926623464350679e-13
2.644798204602747938e-12 4.813810192530313275e-12 1.029532120644388367e-11 3.043897419856785582e-11 1.113861980500877039e-11 7.299643418491229327e-12 5.107826663133984006e-12 1.927020160345201467e-12 1.719157399121808467e-12 6.791826435807920382e-13 -6.370326107145719022e-13 -1.191228422364315866e-12 -2.662287891954567882e-13 6.220657296908120572e-13 1.034128537220136204e-12 1.629429261940201717e-12 4.967071807375369723e-13 5.837111026732773687e-13 3.322905877977842194e-12 1.971350946302059808e-12 2.042865298098881944e-12 2.413273188276357167e-12 3.919444018052205506e-12 9.834319674083267249e-12 1.155886655490608418e-11 6.235752037617210771e-12
7.909232696382424302e-13 6.812834507038810961e-12 7.607399640706294499e-12 1.113861980500877039e-11 2.494057303095048888e-11 1.192866607924249714e-11 8.692528193229743266e-12 4.594509125688550997e-12 2.775603409039837216e-12 2.097103277154237508e-12 1.495716331356281717e-12 1.533015283898198907e-12 3.573298685095722386e-13 -3.504747460361770968e-13 -2.997863354977809880e-13 -2.287176305317858975e-13 -1.255482526295180321e-12 -2.825044126900471494e-12 -1.901689870942766414e-12 -1.344460703482214404e-12 -2.107160153582994888e-13 4.604090238631668866e-12 6.916861008965120243e-12 1.023143244888796346e-12 3.417599335600469307e-12 8.356098919103884153e-12
3.427365439897458158e-12 -6.593276140937292131e-14 5.812722257520587978e-12 7.299643418491229327e-12 1.192866607924249714e-11 2.398250663584203020e-11 1.220862288702623976e-11 8.715296851901422496e-12 8.018058995839067549e-12 5.068052320109146931e-12 2.727049904739900935e-12 2.891868224950057012e-12 3.362224421827814368e-12 2.200636293984729748e-12 2.019845465986555707e-12 2.678015823413879909e-12 2.331270251798445106e-12 -2.436729101265997346e-13 -2.552868163988743102e-13 2.286427680002213451e-12 1.838771742480633438e-12 2.912090074284638623e-12 3.328300613160392865e-12 5.928848108224873561e-13 4.732830630326456784e-13 2.383319924723171511e-12
1.999454665736402503e-12 2.223658482444288023e-12 2.873483558730532725e-12 5.107826663133984006e-12 8.692528193229743266e-12 1.220862288702623976e-11 2.049918679746229004e-11 1.278830046573676845e-11 8.778134227405302981e-12 6.311914519379423755e-12 3.014757067969219145e-12 2.410055252512623731e-12 1.678524910022285700e-12 1.165374288646981605e-12 1.845293504067462457e-12 4.938087799471522018e-12 5.953621544802973165e-12 4.051331336086558995e-12 3.386104529213986477e-12 5.957916676349520755e-12 8.228614437691597880e-12 7.931678573010928673e-12 7.399586635120119846e-12 3.883395012204661222e-13 1.236428628024831103e-12 8.918781057539772377e-13
9.821467397973125445e-13 2.855352791362638555e-13 3.981180699591976407e-12 1.927020160345201467e-12 4.594509125688550997e-12 8.715296851901422496e-12 1.278830046573676845e-11 2.031079662135234264e-11 1.530593585024081430e-11 1.138067219159727060e-11 8.032323607892302190e-12 7.977136935819286857e-12 5.396436746782961430e-12 4.716185773186511829e-12 4.751982284499581477e-12 8.673175827932485749e-12 1.116842115912928873e-11 1.022757567131861194e-11 1.110873636498568713e-11 1.227623850763044241e-11 1.036770913088816438e-11 4.725430542253659454e-12 -2.115575544215782465e-12 -6.995890888877105570e-12 -7.641518221849463445e-12 -1.161266554630331519e-11
1.854150923490286188e-12 -7.628003324297885937e-13 1.380550734430623786e-12 1.719157399121808467e-12 2.775603409039837216e-12 8.018058995839067549e-12 8.778134227405302981e-12 1.530593585024081430e-11 2.226763654963456252e-11 1.625468846427186005e-11 1.154146277667935755e-11 1.109827426648321489e-11 8.813619174365803784e-12 7.957371049543614658e-12 7.018736131864177594e-12 8.716340817134339623e-12 1.170705212238229920e-11 1.015223761094165534e-11 1.023347561890823366e-11 1.044606097570586151e-11 6.124262064863768744e-12 3.192551950297294364e-13 -2.269180923736906069e-12 -5.913124682322649920e-12 -7.370745875566038232e-12 -6.641447171298193208e-12
1.682659085157824666e-12 -1.485011098735354115e-12 2.922600050512822208e-12 6.791826435807920382e-13 2.097103277154237508e-12 5.068052320109146931e-12 6.311914519379423755e-12 1.138067219159727060e-11 1.625468846427186005e-11 2.135940199822007048e-11 1.699348773508317376e-11 1.328282709106549962e-11 1.063830896920031234e-11 9.293767672408422705e-12 7.561895678109157703e-12 8.026308928842628501e-12 9.743516847281917896e-12 8.245811645918855369e-12 7.542492744569976177e-12 8.093805087911245497e-12 5.846619324052750967e-12 -1.707614042661117842e-13 -2.476064753411754267e-12 -7.135983972236248942e-12 -3.795441786209211365e-12 -7.452414040997586663e-12
1.452239213449014088e-12 -5.572016563289363106e-13 3.167677723417551777e-12 -6.370326107145719022e-13 1.495716331356281717e-12 2.727049904739900935e-12 3.014757067969219145e-12 8.032323607892302190e-12 1.154146277667935755e-11 1.699348773508317376e-11 2.300724723523575560e-11 1.988301675710027440e-11 1.563920705139077159e-11 1.382757643468448510e-11 1.228916760556604307e-11 1.213708095140453285e-11 1.286791455302634977e-11 1.246485288459737334e-11 1.238890484999517245e-11 1.264610623845185504e-11 8.676049553580107278e-12 -2.793117966033590523e-12 -7.807565796328686907e-12 -1.077653314852419763e-11 -6.018940144454285808e-12 -7.518566356767621656e-12
1.575287206005002722e-12 4.902806680250256156e-15 1.265674308575354608e-12 -1.191228422364315866e-12 1.533015283898198907e-12 2.891868224950057012e-12 2.410055252512623731e-12 7.977136935819286857e-12 1.109827426648321489e-11 1.328282709106549962e-11 1.988301675710027440e-11 2.880210145821483392e-11 2.645800236958527844e-11 2.328433777111939530e-11 2.047038654556964973e-11 1.868164316960882751e-11 1.819513751434477567e-11 1.755416923739711949e-11 1.674735682274735336e-11 1.819816512100894948e-11 1.131889371341210735e-11 -3.041098337644358654e-12 -5.111124470346410610e-12 -8.528639515241659060e-12 -1.051857957275439644e-11 -6.618495014517133712e-12
8.820496796428438889e-13 -3.813990039526776687e-12 -1.722513316714236008e-12 -2.662287891954567882e-13 3.573298685095722386e-13 3.362224421827814368e-12 1.678524910022285700e-12 5.396436746782961430e-12 8.813619174365803784e-12 1.063830896920031234e-11 1.563920705139077159e-11 2.645800236958527844e-11 3.698309282450348696e-11 3.508709006126142802e-11 3.179278411868220584e-11 2.969343928499650227e-11 2.846711632742660367e-11 2.890617941592212656e-11 2.871891836839856763e-11 2.916533173453080114e-11 1.746273132738226018e-11 -6.246439871054738761e-12 -6.531226518948722508e-12 -2.563085773850776853e-12 -9.091354034872691347e-12 -8.221366504186250144e-12
9.306057508858300406e-13 -6.891489478807528769e-12 -2.300556529532167870e-12 6.220657296908120572e-13 -3.504747460361770968e-13 2.200636293984729748e-12 1.165374288646981605e-12 4.716185773186511829e-12 7.957371049543614658e-12 9.293767672408422705e-12 1.382757643468448510e-11 2.328433777111939530e-11 3.508709006126142802e-11 4.657790583467744226e-11 4.737037026800264816e-11 4.657109439732713280e-11 4.562666770558211909e-11 4.607601747203659956e-11 4.697204992354324480e-11 4.827441130926655102e-11 3.490753705207678922e-11 -4.184315375227371617e-13 -5.990096881090929401e-12 -6.898429515865777558e-13 -5.960247605973369684e-12 -4.606824807754441708e-12
4.519902922054551837e-12 -4.466175176835348081e-12 -4.083608724440141983e-12 1.034128537220136204e-12 -2.997863354977809880e-13 2.019845465986555707e-12 1.845293504067462457e-12 4.751982284499581477e-12 7.018736131864177594e-12 7.561895678109157703e-12 1.228916760556604307e-11 2.047038654556964973e-11 3.179278411868220584e-11 4.737037026800264816e-11 6.366496773093449804e-11 6.739780785034748768e-11 6.747484768931372242e-11 6.860647723128838284e-11 7.016463529973896344e-11 7.499008816840288661e-11 6.195449369913890115e-11 1.298858593402132926e-11 -4.298997193915005118e-12 -4.590924334097169266e-12 -4.505057127717401148e-12 -3.505690174430097478e-12
7.928783554290830696e-12 -2.441331566447299170e-12 -6.133294966189614937e-12 1.629429261940201717e-12 -2.287176305317858975e-13 2.678015823413879909e-12 4.938087799471522018e-12 8.673175827932485749e-12 8.716340817134339623e-12 8.026308928842628501e-12 1.213708095140453285e-11 1.868164316960882751e-11 2.969343928499650227e-11 4.657109439732713280e-11 6.739780785034748768e-11 8.791885627025747459e-11 9.467848114346480801e-11 9.872512757002140711e-11 1.027422285422605954e-10 1.115057454964096235e-10 9.991426319058426715e-11 3.931320486459362899e-11 6.152983747766668533e-12 1.702812295861271080e-12 -4.071925022541244356e-12 -8.086941837168449736e-12
1.132054383624316887e-11 -4.174790076937061780e-12 -6.094704804000485574e-12 4.967071807375369723e-13 -1.255482526295180321e-12 2.331270251798445106e-12 5.953621544802973165e-12 1.116842115912928873e-11 1.170705212238229920e-11 9.743516847281917896e-12 1.286791455302634977e-11 1.819513751434477567e-11 2.846711632742660367e-11 4.562666770558211909e-11 6.747484768931372242e-11 9.467848114346480801e-11 1.190430377184154597e-10 1.289191907220874871e-10 1.357842205595985686e-10 1.483155478230874704e-10 1.372302923257715016e-10 6.674102355888244467e-11 1.504049494170241263e-11 5.571835570039339388e-12 -6.901646312279378725e-12 -1.336565840269867120e-11
8.813230987625643570e-12 -5.457944860976202899e-12 -7.316721923862216953e-12 5.837111026732773687e-13 -2.825044126900471494e-12 -2.436729101265997346e-13 4.051331336086558995e-12 1.022757567131861194e-11 1.015223761094165534e-11 8.245811645918855369e-12 1.246485288459737334e-11 1.755416923739711949e-11 2.890617941592212656e-11 4.607601747203659956e-11 6.860647723128838284e-11 9.872512757002140711e-11 1.289191907220874871e-10 1.610120761655832100e-10 1.778428296702282883e-10 1.939567146768527869e-10 1.831774708875645721e-10 1.023867897495048723e-10 2.648573627228933444e-11 1.008679663420687955e-11 -1.036502708482360487e-11 -1.587407006534263775e-11
1.135439344835829652e-11 -6.611827465511917141e-12 -8.866782416277712136e-12 3.322905877977842194e-12 -1.901689870942766414e-12 -2.552868163988743102e-13 3.386104529213986477e-12 1.110873636498568713e-11 1.023347561890823366e-11 7.542492744569976177e-12 1.238890484999517245e-11 1.674735682274735336e-11 2.871891836839856763e-11 4.697204992354324480e-11 7.016463529973896344e-11 1.027422285422605954e-10 1.357842205595985686e-10 1.778428296702282883e-10 2.212013623149004412e-10 2.513426865588310154e-10 2.451294530292729124e-10 1.582163332997692397e-10 5.374219291885047933e-11 2.097581429857487334e-11 -6.931270385045665489e-12 -1.717698783094882554e-11
1.531437692182243966e-11 -6.542406525129427716e-12 -1.256723917928851951e-11 1.971350946302059808e-12 -1.344460703482214404e-12 2.286427680002213451e-12 5.957916676349520755e-12 1.227623850763044241e-11 1.044606097570586151e-11 8.093805087911245497e-12 1.264610623845185504e-11 1.819816512100894948e-11 2.916533173453080114e-11 4.827441130926655102e-11 7.499008816840288661e-11 1.115057454964096235e-10 1.483155478230874704e-10 1.939567146768527869e-10 2.513426865588310154e-10 3.260618117668615180e-10 3.446336514827078614e-10 2.566296220274920956e-10 1.196476649694335417e-10 4.095408728609356443e-11 1.848142041938803238e-12 -1.389038530709223795e-11
1.502037818445704247e-11 -8.637807944799076003e-12 -1.229647274960204856e-11 2.042865298098881944e-12 -2.107160153582994888e-13 1.838771742480633438e-12 8.228614437691597880e-12 1.036770913088816438e-11 6.124262064863768744e-12 5.846619324052750967e-12 8.676049553580107278e-12 1.131889371341210735e-11 1.746273132738226018e-11 3.490753705207678922e-11 6.195449369913890115e-11 9.991426319058426715e-11 1.372302923257715016e-10 1.831774708875645721e-10 2.451294530292729124e-10 3.446336514827078614e-10 4.368730459195573317e-10 3.949599205893420475e-10 2.419043154247817523e-10 7.545780661446045886e-11 -2.422202215570132526e-13 -1.686097278325262000e-11
7.209765156504870296e-12 -1.123607177439754394e-11 -6.814501668369559570e-12 2.413273188276357167e-12 4.604090238631668866e-12 2.912090074284638623e-12 7.931678573010928673e-12 4.725430542253659454e-12 3.192551950297294364e-13 -1.707614042661117842e-13 -2.793117966033590523e-12 -3.041098337644358654e-12 -6.246439871054738761e-12 -4.184315375227371617e-13 1.298858593402132926e-11 3.931320486459362899e-11 6.674102355888244467e-11 1.023867897495048723e-10 1.582163332997692397e-10 2.566296220274920956e-10 3.949599205893420475e-10 4.868665765288832398e-10 3.919087780221963571e-10 1.586968704537267846e-10 1.226458996579872795e-11 -8.858214273536557271e-12
4.988714743372591744e-12 -1.541151947815213394e-11 -3.765750087495707217e-12 3.919444018052205506e-12 6.916861008965120243e-12 3.328300613160392865e-12 7.399586635120119846e-12 -2.115575544215782465e-12 -2.269180923736906069e-12 -2.476064753411754267e-12 -7.807565796328686907e-12 -5.111124470346410610e-12 -6.531226518948722508e-12 -5.990096881090929401e-12 -4.298997193915005118e-12 6.152983747766668533e-12 1.504049494170241263e-11 2.648573627228933444e-11 5.374219291885047933e-11 1.196476649694335417e-10 2.419043154247817523e-10 3.919087780221963571e-10 4.577228209030904570e-10 2.885590304211499670e-10 6.934751616076998280e-11 1.603660061430252722e-11
8.355044659349140785e-12 -2.055879082643421845e-11 -8.914374501446019838e-12 9.834319674083267249e-12 1.023143244888796346e-12 5.928848108224873561e-13 3.883395012204661222e-13 -6.995890888877105570e-12 -5.913124682322649920e-12 -7.135983972236248942e-12 -1.077653314852419763e-11 -8.528639515241659060e-12 -2.563085773850776853e-12 -6.898429515865777558e-13 -4.590924334097169266e-12 1.702812295861271080e-12 5.571835570039339388e-12 1.008679663420687955e-11 2.097581429857487334e-11 4.095408728609356443e-11 7.545780661446045886e-11 1.586968704537267846e-10 2.885590304211499670e-10 3.612165179483825216e-10 2.046831625377519135e-10 4.670218616721830844e-11
7.346153178410199871e-12 -1.473656792677892067e-11 -1.893892388722314488e-13 1.155886655490608418e-11 3.417599335600469307e-12 4.732830630326456784e-13 1.236428628024831103e-12 -7.641518221849463445e-12 -7.370745875566038232e-12 -3.795441786209211365e-12 -6.018940144454285808e-12 -1.051857957275439644e-11 -9.091354034872691347e-12 -5.960247605973369684e-12 -4.505057127717401148e-12 -4.071925022541244356e-12 -6.901646312279378725e-12 -1.036502708482360487e-11 -6.931270385045665489e-12 1.848142041938803238e-12 -2.422202215570132526e-13 1.226458996579872795e-11 6.934751616076998280e-11 2.046831625377519135e-10 3.084179437661776593e-10 1.653545377255775314e-10
-7.514449953101568764e-12 -7.622522259042189767e-12 4.259926623464350679e-13 6.235752037617210771e-12 8.356098919103884153e-12 2.383319924723171511e-12 8.918781057539772377e-13 -1.161266554630331519e-11 -6.641447171298193208e-12 -7.452414040997586663e-12 -7.518566356767621656e-12 -6.618495014517133712e-12 -8.221366504186250144e-12 -4.606824807754441708e-12 -3.505690174430097478e-12 -8.086941837168449736e-12 -1.336565840269867120e-11 -1.587407006534263775e-11 -1.717698783094882554e-11 -1.389038530709223795e-11 -1.686097278325262000e-11 -8.858214273536557271e-12 1.603660061430252722e-11 4.670218616721830844e-11 1.653545377255775314e-10 3.364410327254668702e-10
