8.672847476000471137e-11 2.028459953460920041e-11 5.815025995151612737e-12 6.660119967911873261e-12 3.377775073491303096e-12 1.652225445972144696e-12 1.962447607124419992e-12 2.814273444828910547e-12 -3.020625022414813583e-12 -5.695484502055296288e-12 -4.736370001208276960e-12 -1.746058538538963990e-12 -2.531664854903775180e-12 -6.085797309360364538e-13 -8.805049764467164534e-13 1.040078976332140612e-12 1.992217696716475511e-12 4.401561360061763427e-13 4.773118064780529531e-12 1.074285839070255334e-11 1.222916813142406862e-11 3.621599718941257523e-12 3.238408152314710124e-12 7.103614024764945564e-12 5.554080717964424299e-13 -1.301586711778651362e-11
2.028459953460920041e-11 5.832516916003007412e-11 8.620210204640586831e-12 6.828250916461927181e-12 4.562876053298391763e-12 3.823700147060772465e-12 3.831290381327880734e-13 3.179844529076260530e-12 -4.090583614603233722e-13 -1.374642320101261138e-12 -6.406266719195953192e-13 -1.132328151395388691e-12 -4.474076194449965525e-12 -3.323331468003189977e-12 -2.056580657890164942e-12 -4.241089361700137039e-12 -7.989957190389015134e-12 -9.345605108025669606e-12 -1.004593978673033205e-11 -8.949108647986646883e-12 -9.089089418821290070e-12 -4.299633075821566129e-12 7.697801704939175356e-12 2.545306140942790714e-11 3.036711060493926364e-11 1.256623190856043778e-12
5.815025995151612737e-12 8.620210204640586831e-12 4.259368572463325444e-11 1.171501674800806511e-11 6.160577230383455411e-12 8.639591125434157728e-12 7.865248626024824119e-12 4.660530530422151178e-12 3.400695767707439025e-12 2.058933234624765269e-12 -2.257465244233487021e-12 -4.008480957600552738e-12 -5.214659535114453171e-12 -1.378151358530354907e-12 1.317563418127792811e-12 1.494575660851063108e-12 3.342481077206166147e-12 3.278867107073189999e-12 3.327111745132712309e-13 -6.890491482502793212e-12 -1.432332050029741292e-11 -2.028369221778702833e-11 -1.364412838997210178e-11 -5.314901311470488760e-12 -1.170280715792418576e-11 -1.691652000690719954e-11
6.660119967911873261e-12 6.828250916461927181e-12 1.171501674800806511e-11 3.246727432755412827e-11 1.136527787665161372e-11 1.023058449645731750e-11 7.968718416665428613e-12 3.679178517297139481e-12 2.163680468427169737e-12 1.705175723892555577e-12 2.507737578656751210e-12 -2.691645160874269989e-13 -1.701976935810203126e-12 -1.066123659276728174e-12 1.426139951883826288e-12 3.851154482392859639e-12 5.966202023168570951e-12 7.665886714935618252e-12 1.019974594246181070e-11 1.560046929071395338e-11 2.037795107863959049e-11 2.105020491453219952e-11 2.217054481672699159e-11 1.943262666588678263e-11 1.489134216728546792e-11 -2.063076187547744185e-12
3.377775073491303096e-12 4.562876053298391763e-12 6.160577230383455411e-12 1.136527787665161372e-11 2.508745859909828005e-11 1.313401363199210780e-11 8.676495006849655236e-12 7.678488767371351469e-12 4.245506663815991286e-12 4.377302157892558726e-12 4.862584313248822346e-12 3.052596438446102872e-12 2.183341639783534671e-12 2.018849527007704423e-12 4.643062894232844532e-12 7.060142277144195072e-12 1.071865568077099984e-11 1.284066453061131794e-11 1.484177361359777343e-11 1.837397927487650857e-11 1.625583967801100260e-11 9.633682155039670010e-12 3.457906207773097786e-12 1.154516574241296305e-11 1.629879508879576144e-11 5.211987168159183087e-12
1.652225445972144696e-12 3.823700147060772465e-12 8.639591125434157728e-12 1.023058449645731750e-11 1.313401363199210780e-11 2.479232106614796438e-11 1.345807993482546972e-11 7.718016814378807114e-12 6.058256032954837830e-12 4.877698306820922783e-12 3.832546440145364620e-12 2.492406541157829322e-12 1.554614214765483700e-12 1.581521276997377474e-12 3.509736577074148509e-12 6.306255710941618564e-12 8.238238701437079195e-12 9.595006784515691980e-12 1.126377969591901975e-11 1.206142830828171983e-11 8.009652668570400056e-12 1.698729299087134676e-12 2.510829368615887643e-12 1.161599123483494925e-11 1.328394193615062886e-11 5.441701059505604904e-12
1.962447607124419992e-12 3.831290381327880734e-13 7.865248626024824119e-12 7.968718416665428613e-12 8.676495006849655236e-12 1.345807993482546972e-11 2.177071741046806442e-11 1.158373130858338412e-11 7.268679772373391316e-12 7.214695567768487207e-12 6.418111451873460722e-12 4.491252544474863790e-12 3.903956842983427183e-12 4.239063468824012164e-12 4.036040985005512463e-12 5.307287642208966305e-12 7.586314997358615477e-12 9.321910169061114529e-12 1.385675583612182141e-11 1.513620388572232130e-11 1.530005236408298678e-11 7.159936577498497349e-12 4.353381996086755256e-12 5.934646965465771495e-12 3.288767777244064927e-12 -2.489954032869397912e-12
2.814273444828910547e-12 3.179844529076260530e-12 4.660530530422151178e-12 3.679178517297139481e-12 7.678488767371351469e-12 7.718016814378807114e-12 1.158373130858338412e-11 2.105622309563654825e-11 1.471967974715040116e-11 1.154124240355564513e-11 9.033269031083103372e-12 7.014733934370096177e-12 7.451109543299515422e-12 7.152953135435862793e-12 7.235317971089031856e-12 6.680119056385671832e-12 7.425727474500123065e-12 9.031560272020228959e-12 1.286706540504996247e-11 1.519202115004333326e-11 1.632956849459043570e-11 1.348962088065581687e-11 1.799865258443061601e-11 1.824244540537226611e-11 5.225403619042582626e-12 -4.173443361552731542e-12
-3.020625022414813583e-12 -4.090583614603233722e-13 3.400695767707439025e-12 2.163680468427169737e-12 4.245506663815991286e-12 6.058256032954837830e-12 7.268679772373391316e-12 1.471967974715040116e-11 2.203166379258482464e-11 1.693357283510513899e-11 1.445075732289739512e-11 1.091960277791438068e-11 1.037206744920157360e-11 1.084468410186869888e-11 1.082849113393979353e-11 9.987946466709463213e-12 1.203890793341666942e-11 1.360792269049283839e-11 1.596088305097286122e-11 1.524447880431028085e-11 1.289227327354549158e-11 7.451520070661355476e-12 1.552795001181181551e-11 2.078014227628945547e-11 1.058608075278213646e-11 -3.532799819924490395e-12
-5.695484502055296288e-12 -1.374642320101261138e-12 2.058933234624765269e-12 1.705175723892555577e-12 4.377302157892558726e-12 4.877698306820922783e-12 7.214695567768487207e-12 1.154124240355564513e-11 1.693357283510513899e-11 2.597584591018807976e-11 2.058441986912068897e-11 1.518830520649216459e-11 1.621059564009512399e-11 1.640766841753801541e-11 1.563094582366097974e-11 1.566115081611412075e-11 1.651554586197255147e-11 1.781527091491369485e-11 1.832630495605928944e-11 1.974939965413851429e-11 1.866490225706012007e-11 8.643100586056434660e-12 1.439847836173865791e-11 1.928804482585543100e-11 1.345866849962644231e-11 1.505498880656723242e-12
-4.736370001208276960e-12 -6.406266719195953192e-13 -2.257465244233487021e-12 2.507737578656751210e-12 4.862584313248822346e-12 3.832546440145364620e-12 6.418111451873460722e-12 9.033269031083103372e-12 1.445075732289739512e-11 2.058441986912068897e-11 2.847606124614755902e-11 2.373827835235184246e-11 2.372945642632426174e-11 2.171157841084434929e-11 2.004682226839366034e-11 2.034661944957064932e-11 2.097781027809705954e-11 2.227606975992974171e-11 2.443138256490697231e-11 2.864341490041916512e-11 2.945188836007960803e-11 1.893991327206102778e-11 1.974335944948031094e-11 1.935784344705045065e-11 1.780190328740276244e-11 1.019357574215294611e-12
-1.746058538538963990e-12 -1.132328151395388691e-12 -4.008480957600552738e-12 -2.691645160874269989e-13 3.052596438446102872e-12 2.492406541157829322e-12 4.491252544474863790e-12 7.014733934370096177e-12 1.091960277791438068e-11 1.518830520649216459e-11 2.373827835235184246e-11 3.127661763813278057e-11 3.211983147372804998e-11 2.909694204737450509e-11 2.665743848215657954e-11 2.655499864805663595e-11 2.790306026661866213e-11 3.155861282648917247e-11 3.432558008223182813e-11 3.848722425792903638e-11 3.618051680865165568e-11 1.600177472631694170e-11 9.843217969586793331e-12 8.366603112594398042e-12 1.837636133676552726e-11 1.236174341901963659e-11
-2.531664854903775180e-12 -4.474076194449965525e-12 -5.214659535114453171e-12 -1.701976935810203126e-12 2.183341639783534671e-12 1.554614214765483700e-12 3.903956842983427183e-12 7.451109543299515422e-12 1.037206744920157360e-11 1.621059564009512399e-11 2.372945642632426174e-11 3.211983147372804998e-11 4.607611078408699150e-11 4.469972843065564601e-11 4.251520876693326666e-11 4.460977462950815040e-11 4.661245170776045133e-11 5.272368508126214040e-11 5.813546337170933485e-11 6.211929291599763752e-11 5.740878125659127681e-11 2.697058891250662095e-11 1.519442792525664644e-11 1.134810535933167969e-11 1.933047657907158077e-11 1.326506028125909211e-11
-6.085797309360364538e-13 -3.323331468003189977e-12 -1.378151358530354907e-12 -1.066123659276728174e-12 2.018849527007704423e-12 1.581521276997377474e-12 4.239063468824012164e-12 7.152953135435862793e-12 1.084468410186869888e-11 1.640766841753801541e-11 2.171157841084434929e-11 2.909694204737450509e-11 4.469972843065564601e-11 5.622937201818161918e-11 5.903919642571663028e-11 6.381236816732235997e-11 6.882409460618738172e-11 7.799820213230275496e-11 8.784111893479206979e-11 9.365838214855251253e-11 8.010084495095207018e-11 2.702301326767790653e-11 7.217392677519391142e-12 1.371508966821927467e-11 2.175884417648824998e-11 8.894291528383749642e-12
-8.805049764467164534e-13 -2.056580657890164942e-12 1.317563418127792811e-12 1.426139951883826288e-12 4.643062894232844532e-12 3.509736577074148509e-12 4.036040985005512463e-12 7.235317971089031856e-12 1.082849113393979353e-11 1.563094582366097974e-11 2.004682226839366034e-11 2.665743848215657954e-11 4.251520876693326666e-11 5.903919642571663028e-11 8.043908451284914612e-11 9.443817336902840423e-11 1.074302513285246099e-10 1.224790152824084891e-10 1.368722410487238423e-10 1.453233302323350704e-10 1.219602069490397884e-10 4.376337853796806955e-11 6.479727426788152060e-12 1.949506731443730639e-11 2.790928826216185067e-11 7.205425084785043299e-12
1.040078976332140612e-12 -4.241089361700137039e-12 1.494575660851063108e-12 3.851154482392859639e-12 7.060142277144195072e-12 6.306255710941618564e-12 5.307287642208966305e-12 6.680119056385671832e-12 9.987946466709463213e-12 1.566115081611412075e-11 2.034661944957064932e-11 2.655499864805663595e-11 4.460977462950815040e-11 6.381236816732235997e-11 9.443817336902840423e-11 1.331322768214003572e-10 1.622340393027848138e-10 1.889012710774643838e-10 2.103106554585904490e-10 2.229312299215067882e-10 1.901420293476069913e-10 7.374502723905209100e-11 6.124345788328010865e-12 2.700450072272132735e-11 4.041248261567927088e-11 1.217448884357338007e-11
1.992217696716475511e-12 -7.989957190389015134e-12 3.342481077206166147e-12 5.966202023168570951e-12 1.071865568077099984e-11 8.238238701437079195e-12 7.586314997358615477e-12 7.425727474500123065e-12 1.203890793341666942e-11 1.651554586197255147e-11 2.097781027809705954e-11 2.790306026661866213e-11 4.661245170776045133e-11 6.882409460618738172e-11 1.074302513285246099e-10 1.622340393027848138e-10 2.263618928070433537e-10 2.751921918545221241e-10 3.095886472620112829e-10 3.291464571523346274e-10 2.897319333796319461e-10 1.317325279675163386e-10 1.107391914218278218e-11 2.542587257990111223e-11 4.236260126396656050e-11 7.216515025444958533e-12
4.401561360061763427e-13 -9.345605108025669606e-12 3.278867107073189999e-12 7.665886714935618252e-12 1.284066453061131794e-11 9.595006784515691980e-12 9.321910169061114529e-12 9.031560272020228959e-12 1.360792269049283839e-11 1.781527091491369485e-11 2.227606975992974171e-11 3.155861282648917247e-11 5.272368508126214040e-11 7.799820213230275496e-11 1.224790152824084891e-10 1.889012710774643838e-10 2.751921918545221241e-10 3.659999051405501026e-10 4.258871657213360296e-10 4.534108196182858447e-10 4.091412867792749913e-10 2.143983414218527254e-10 2.902546839123452881e-11 2.677477264843507337e-11 3.762004215006514223e-11 -2.701415231795040017e-12
4.773118064780529531e-12 -1.004593978673033205e-11 3.327111745132712309e-13 1.019974594246181070e-11 1.484177361359777343e-11 1.126377969591901975e-11 1.385675583612182141e-11 1.286706540504996247e-11 1.596088305097286122e-11 1.832630495605928944e-11 2.443138256490697231e-11 3.432558008223182813e-11 5.813546337170933485e-11 8.784111893479206979e-11 1.368722410487238423e-10 2.103106554585904490e-10 3.095886472620112829e-10 4.258871657213360296e-10 5.362905930457433885e-10 5.965410946472237097e-10 5.593985575529701515e-10 3.412632516938380272e-10 8.347657823964883581e-11 4.161886963236566545e-11 4.097527042758096789e-11 -1.127100812276412735e-11
1.074285839070255334e-11 -8.949108647986646883e-12 -6.890491482502793212e-12 1.560046929071395338e-11 1.837397927487650857e-11 1.206142830828171983e-11 1.513620388572232130e-11 1.519202115004333326e-11 1.524447880431028085e-11 1.974939965413851429e-11 2.864341490041916512e-11 3.848722425792903638e-11 6.211929291599763752e-11 9.365838214855251253e-11 1.453233302323350704e-10 2.229312299215067882e-10 3.291464571523346274e-10 4.534108196182858447e-10 5.965410946472237097e-10 7.355727112409159338e-10 7.454243012610127751e-10 5.295691075048552061e-10 1.967146684721687735e-10 6.883653707790251554e-11 5.102260301421473575e-11 -2.101636873647325249e-11
1.222916813142406862e-11 -9.089089418821290070e-12 -1.432332050029741292e-11 2.037795107863959049e-11 1.625583967801100260e-11 8.009652668570400056e-12 1.530005236408298678e-11 1.632956849459043570e-11 1.289227327354549158e-11 1.866490225706012007e-11 2.945188836007960803e-11 3.618051680865165568e-11 5.740878125659127681e-11 8.010084495095207018e-11 1.219602069490397884e-10 1.901420293476069913e-10 2.897319333796319461e-10 4.091412867792749913e-10 5.593985575529701515e-10 7.454243012610127751e-10 8.607811016336559000e-10 7.381189374878262829e-10 3.907537278655073614e-10 1.256779378588695309e-10 2.809547984825332581e-11 -3.932505085340267775e-11
3.621599718941257523e-12 -4.299633075821566129e-12 -2.028369221778702833e-11 2.105020491453219952e-11 9.633682155039670010e-12 1.698729299087134676e-12 7.159936577498497349e-12 1.348962088065581687e-11 7.451520070661355476e-12 8.643100586056434660e-12 1.893991327206102778e-11 1.600177472631694170e-11 2.697058891250662095e-11 2.702301326767790653e-11 4.376337853796806955e-11 7.374502723905209100e-11 1.317325279675163386e-10 2.143983414218527254e-10 3.412632516938380272e-10 5.295691075048552061e-10 7.381189374878262829e-10 8.542408492112179398e-10 6.272829559234354432e-10 2.450073701561288247e-10 -2.047329491102533963e-12 -5.458414092437580723e-11
3.238408152314710124e-12 7.697801704939175356e-12 -1.364412838997210178e-11 2.217054481672699159e-11 3.457906207773097786e-12 2.510829368615887643e-12 4.353381996086755256e-12 1.799865258443061601e-11 1.552795001181181551e-11 1.439847836173865791e-11 1.974335944948031094e-11 9.843217969586793331e-12 1.519442792525664644e-11 7.217392677519391142e-12 6.479727426788152060e-12 6.124345788328010865e-12 1.107391914218278218e-11 2.902546839123452881e-11 8.347657823964883581e-11 1.967146684721687735e-10 3.907537278655073614e-10 6.272829559234354432e-10 7.112191231262710771e-10 4.467416845325389974e-10 6.368115327519902842e-11 -2.171157998941964210e-11
7.103614024764945564e-12 2.545306140942790714e-11 -5.314901311470488760e-12 1.943262666588678263e-11 1.154516574241296305e-11 1.161599123483494925e-11 5.934646965465771495e-12 1.824244540537226611e-11 2.078014227628945547e-11 1.928804482585543100e-11 1.935784344705045065e-11 8.366603112594398042e-12 1.134810535933167969e-11 1.371508966821927467e-11 1.949506731443730639e-11 2.700450072272132735e-11 2.542587257990111223e-11 2.677477264843507337e-11 4.161886963236566545e-11 6.883653707790251554e-11 1.256779378588695309e-10 2.450073701561288247e-10 4.467416845325389974e-10 5.871997384394866327e-10 3.278016501487169452e-10 7.172718947345947420e-11
5.554080717964424299e-13 3.036711060493926364e-11 -1.170280715792418576e-11 1.489134216728546792e-11 1.629879508879576144e-11 1.328394193615062886e-11 3.288767777244064927e-12 5.225403619042582626e-12 1.058608075278213646e-11 1.345866849962644231e-11 1.780190328740276244e-11 1.837636133676552726e-11 1.933047657907158077e-11 2.175884417648824998e-11 2.790928826216185067e-11 4.041248261567927088e-11 4.236260126396656050e-11 3.762004215006514223e-11 4.097527042758096789e-11 5.102260301421473575e-11 2.809547984825332581e-11 -2.047329491102533963e-12 6.368115327519902842e-11 3.278016501487169452e-10 5.657480634841989711e-10 3.114457909951772798e-10
-1.301586711778651362e-11 1.256623190856043778e-12 -1.691652000690719954e-11 -2.063076187547744185e-12 5.211987168159183087e-12 5.441701059505604904e-12 -2.489954032869397912e-12 -4.173443361552731542e-12 -3.532799819924490395e-12 1.505498880656723242e-12 1.019357574215294611e-12 1.236174341901963659e-11 1.326506028125909211e-11 8.894291528383749642e-12 7.205425084785043299e-12 1.217448884357338007e-11 7.216515025444958533e-12 -2.701415231795040017e-12 -1.127100812276412735e-11 -2.101636873647325249e-11 -3.932505085340267775e-11 -5.458414092437580723e-11 -2.171157998941964210e-11 7.172718947345947420e-11 3.114457909951772798e-10 5.196505560823206991e-10
