1.000963570741014817e-10 2.249742856667747027e-11 1.541054181277192161e-11 4.046382403051244453e-12 8.382428322574293359e-13 5.442333013174414749e-12 2.987078860048409916e-12 1.788821631369870485e-12 -2.309645717032306256e-12 -4.177777627266955756e-12 -3.459010284390877670e-12 4.309784103860053457e-12 8.177127694798895709e-12 1.269035842240380596e-11 1.799914615379594385e-11 2.331309216700123175e-11 3.120365654104635670e-11 3.436360615864209286e-11 3.019424624558741306e-11 3.051306780842528700e-11 1.757031580408217247e-12 -3.080959649124268844e-11 -3.971328298411103608e-11 -9.189564074626153746e-12 -1.441080204134402777e-11 -5.055223749753155538e-13
2.249742856667747027e-11 7.541488655531452517e-11 2.132591444496770871e-11 1.368233380869140126e-11 6.999188404106474408e-12 4.854199713596133351e-12 6.139016835324779158e-12 5.371259670651653782e-12 9.545276412965869337e-12 6.699456170206298139e-12 2.111973339812863883e-12 5.964876609247562978e-12 1.363800734975054936e-11 2.024219823542506480e-11 2.475157009358647792e-11 2.782553231694905858e-11 3.495912211320433115e-11 4.731143368938361485e-11 5.441534538941008416e-11 6.048153407210549006e-11 4.275388933828235223e-11 1.499750280200086212e-11 -3.876942082984078361e-12 -1.051763699831349964e-13 6.280458766118657667e-12 -2.266715682129108723e-11
1.541054181277192161e-11 2.132591444496770871e-11 5.895535240771065595e-11 8.642655742801850299e-12 3.069906171428652558e-12 5.292448615330723267e-12 2.951435885542457130e-12 1.983777355699259819e-12 5.417306417763819177e-13 3.259819217222885135e-12 -1.089737435593275678e-12 -4.646450637038711727e-12 -4.647388826975447636e-12 -1.681777755967438098e-12 -2.242816001003198470e-12 -4.720821522211469288e-12 8.320512573823791505e-13 7.129209006004585149e-12 8.031186326405293559e-12 6.813366040709592661e-12 -4.334827606894729177e-12 -6.136437435624726407e-12 -5.551444610910337646e-12 7.814339701570119090e-12 -3.869695540202648880e-12 -3.260279538511725711e-11
4.046382403051244453e-12 1.368233380869140126e-11 8.642655742801850299e-12 4.085808106141423025e-11 1.068888790620156865e-11 6.371459929456191548e-12 3.499966307418600388e-12 4.253347587515318661e-12 4.588837767181350709e-12 4.334949838218358832e-12 3.032283565063801594e-12 8.913694886057918192e-13 4.837377846564594620e-13 2.310380261251134431e-12 5.010946856630733477e-12 5.301871822131019515e-12 1.338217877254059608e-12 -5.692396799556767738e-12 -7.840896700578426597e-12 -7.502981368459417859e-12 -1.686670289069589072e-11 -2.747515908923465036e-11 -1.179157828288698088e-11 -2.334686232289941792e-12 3.486162776135558783e-12 -4.006800006598100114e-12
8.382428322574293359e-13 6.999188404106474408e-12 3.069906171428652558e-12 1.068888790620156865e-11 3.588333384193122808e-11 1.714485322784843303e-11 1.399164352223752004e-11 1.333610651706057167e-11 1.078293195470171065e-11 9.135278600538176536e-12 6.635696833482203102e-12 3.981209203043133354e-12 3.388091313489074061e-12 5.824284850114133023e-12 9.231753507949713909e-12 1.425897728030786404e-11 1.707773857590635234e-11 2.204884250470828762e-11 2.650309489021041309e-11 2.893667350041158186e-11 1.871987743605293328e-11 -1.081793021191798297e-12 -2.799578362384347080e-11 -2.593029025556737053e-11 2.240581442586396749e-12 -1.728938534102029675e-11
5.442333013174414749e-12 4.854199713596133351e-12 5.292448615330723267e-12 6.371459929456191548e-12 1.714485322784843303e-11 3.244042886188447896e-11 1.618828937299501105e-11 1.409537822924095364e-11 9.603141009420041045e-12 7.796101034818705418e-12 4.778385973027574801e-12 4.716013614258083415e-12 7.488052406200612068e-12 9.056942436909041018e-12 1.454531021967523370e-11 1.888135079320554630e-11 2.420675079169362807e-11 3.019060044769048313e-11 3.302672958356798639e-11 2.935542011406098332e-11 1.539427456005767473e-11 -6.833377622554204191e-12 -3.139677702910034009e-11 -1.718957766920915432e-11 1.338994706042445342e-11 2.373416097439967092e-11
2.987078860048409916e-12 6.139016835324779158e-12 2.951435885542457130e-12 3.499966307418600388e-12 1.399164352223752004e-11 1.618828937299501105e-11 2.951228176290446723e-11 1.964695576469276988e-11 1.635724089911549754e-11 1.216820755022847079e-11 1.065239017528432487e-11 9.919154173809301159e-12 1.417014062163994792e-11 1.645500695059854478e-11 1.835366539513142762e-11 1.935478249023403859e-11 2.153978443006989808e-11 2.976482272618476856e-11 3.782217910673882011e-11 3.544327844720109861e-11 1.953708461244834284e-11 -8.497953635344890404e-13 -1.812372004051748406e-11 -1.155466506630744214e-11 -1.664905442152930015e-11 -1.915745057377865253e-11
1.788821631369870485e-12 5.371259670651653782e-12 1.983777355699259819e-12 4.253347587515318661e-12 1.333610651706057167e-11 1.409537822924095364e-11 1.964695576469276988e-11 3.307008967619757932e-11 2.622882655897363238e-11 2.134321338485485394e-11 1.753664463018833785e-11 1.618850912853666801e-11 2.008635841778431848e-11 2.318844659215155956e-11 2.767299938612635812e-11 3.166857536050923809e-11 3.608691213311121856e-11 4.091118398348326713e-11 4.842965892789522629e-11 4.770125624050840671e-11 3.040540296819989820e-11 2.033169372226790110e-12 -6.468839676920267828e-12 -6.795183080998391380e-12 -1.311640319199365136e-11 -6.426523526776588853e-12
-2.309645717032306256e-12 9.545276412965869337e-12 5.417306417763819177e-13 4.588837767181350709e-12 1.078293195470171065e-11 9.603141009420041045e-12 1.635724089911549754e-11 2.622882655897363238e-11 4.108969680861870163e-11 3.425976911491456952e-11 3.076636127027270290e-11 2.927686031714279625e-11 3.239854392746616593e-11 3.807584467467423192e-11 4.394445696740561987e-11 4.807117075728494801e-11 5.501348805846987202e-11 6.327658688523998717e-11 6.989661952712443087e-11 6.689025744620160552e-11 3.821365326845964397e-11 -1.047141208590019079e-11 -1.909549410863559494e-11 -8.998115962870440119e-12 -1.629459742340581918e-11 -1.387683759367907622e-12
-4.177777627266955756e-12 6.699456170206298139e-12 3.259819217222885135e-12 4.334949838218358832e-12 9.135278600538176536e-12 7.796101034818705418e-12 1.216820755022847079e-11 2.134321338485485394e-11 3.425976911491456952e-11 4.540359107163859549e-11 4.237902080128193300e-11 3.847309227517856731e-11 4.204785503553937120e-11 4.926528413454018969e-11 5.719902311954399195e-11 6.332507589464755363e-11 7.259378218412571635e-11 8.165849660685555368e-11 9.005933149797475386e-11 9.637529518921088210e-11 7.964727490259604633e-11 3.697609682252305544e-11 2.927587163492156481e-11 1.396978953426347463e-11 -1.251465103396259845e-11 -1.023494572529601523e-11
-3.459010284390877670e-12 2.111973339812863883e-12 -1.089737435593275678e-12 3.032283565063801594e-12 6.635696833482203102e-12 4.778385973027574801e-12 1.065239017528432487e-11 1.753664463018833785e-11 3.076636127027270290e-11 4.237902080128193300e-11 5.663186462846673538e-11 5.333375097161158020e-11 5.630134997927013593e-11 6.272973624486651783e-11 7.147010882596173359e-11 7.778781809370520820e-11 8.772601034244761757e-11 9.827655828572391201e-11 1.084267669194934921e-10 1.187499724412352125e-10 1.041363461131180594e-10 4.961217304244592449e-11 4.149258679416594439e-11 2.630736941015177205e-11 -1.208082302092651953e-11 -1.243008693005670073e-11
4.309784103860053457e-12 5.964876609247562978e-12 -4.646450637038711727e-12 8.913694886057918192e-13 3.981209203043133354e-12 4.716013614258083415e-12 9.919154173809301159e-12 1.618850912853666801e-11 2.927686031714279625e-11 3.847309227517856731e-11 5.333375097161158020e-11 7.242127740690795440e-11 8.374828169344431742e-11 9.308745664463945821e-11 1.039064244859225948e-10 1.122050554802846008e-10 1.253934341924478584e-10 1.399872868422921650e-10 1.501055969973577496e-10 1.614397310598124674e-10 1.369244249893859471e-10 4.442251889850246402e-11 6.816248364198556444e-12 -3.809901589822851054e-12 -7.832980309740660974e-12 -4.270939564478609689e-13
8.177127694798895709e-12 1.363800734975054936e-11 -4.647388826975447636e-12 4.837377846564594620e-13 3.388091313489074061e-12 7.488052406200612068e-12 1.417014062163994792e-11 2.008635841778431848e-11 3.239854392746616593e-11 4.204785503553937120e-11 5.630134997927013593e-11 8.374828169344431742e-11 1.183338889434121181e-10 1.350530474433910092e-10 1.502225765552847554e-10 1.622628225754131272e-10 1.809993662867407160e-10 2.015530297604992587e-10 2.120871611634468797e-10 2.194866076551678054e-10 1.722587384447543262e-10 3.702005269318807709e-11 -1.889312043025161100e-11 -1.018888727012450928e-11 1.251302613401786834e-11 5.742636581354358952e-12
1.269035842240380596e-11 2.024219823542506480e-11 -1.681777755967438098e-12 2.310380261251134431e-12 5.824284850114133023e-12 9.056942436909041018e-12 1.645500695059854478e-11 2.318844659215155956e-11 3.807584467467423192e-11 4.926528413454018969e-11 6.272973624486651783e-11 9.308745664463945821e-11 1.350530474433910092e-10 1.785511450506135032e-10 2.061261369449268345e-10 2.248914054933157977e-10 2.504764599656900434e-10 2.802838891008115028e-10 2.980020811184506717e-10 3.108564998381361818e-10 2.459710373404996732e-10 6.529309819492615158e-11 -2.455575985824354979e-11 -3.419593897567492244e-11 -1.172546599916615129e-11 -1.136607821660149686e-11
1.799914615379594385e-11 2.475157009358647792e-11 -2.242816001003198470e-12 5.010946856630733477e-12 9.231753507949713909e-12 1.454531021967523370e-11 1.835366539513142762e-11 2.767299938612635812e-11 4.394445696740561987e-11 5.719902311954399195e-11 7.147010882596173359e-11 1.039064244859225948e-10 1.502225765552847554e-10 2.061261369449268345e-10 2.711706342770015873e-10 3.123510706430120252e-10 3.553906977035561776e-10 3.990634014588852771e-10 4.291740662998383260e-10 4.593040178296571318e-10 3.833990835120653918e-10 1.380952024463920010e-10 -4.079527038074337987e-12 -3.712762476676905047e-11 -1.777356998403859988e-11 -5.197351353550195206e-12
2.331309216700123175e-11 2.782553231694905858e-11 -4.720821522211469288e-12 5.301871822131019515e-12 1.425897728030786404e-11 1.888135079320554630e-11 1.935478249023403859e-11 3.166857536050923809e-11 4.807117075728494801e-11 6.332507589464755363e-11 7.778781809370520820e-11 1.122050554802846008e-10 1.622628225754131272e-10 2.248914054933157977e-10 3.123510706430120252e-10 3.942448925745222561e-10 4.672206771975546795e-10 5.327251988711888042e-10 5.785751937226725374e-10 6.281541089816053746e-10 5.480624031336578497e-10 2.315262234687189714e-10 1.239707052720000811e-11 -5.244057044781959071e-11 -2.396637557833487374e-11 -2.088275415901252215e-11
3.120365654104635670e-11 3.495912211320433115e-11 8.320512573823791505e-13 1.338217877254059608e-12 1.707773857590635234e-11 2.420675079169362807e-11 2.153978443006989808e-11 3.608691213311121856e-11 5.501348805846987202e-11 7.259378218412571635e-11 8.772601034244761757e-11 1.253934341924478584e-10 1.809993662867407160e-10 2.504764599656900434e-10 3.553906977035561776e-10 4.672206771975546795e-10 6.126188310704091005e-10 7.364744486182093795e-10 8.107971711636706957e-10 8.835876232202238360e-10 7.916257405049949342e-10 3.953313611124115418e-10 7.967156966567232062e-11 -2.276202430114959974e-11 -4.305489796292102572e-13 -3.691091293048164308e-11
3.436360615864209286e-11 4.731143368938361485e-11 7.129209006004585149e-12 -5.692396799556767738e-12 2.204884250470828762e-11 3.019060044769048313e-11 2.976482272618476856e-11 4.091118398348326713e-11 6.327658688523998717e-11 8.165849660685555368e-11 9.827655828572391201e-11 1.399872868422921650e-10 2.015530297604992587e-10 2.802838891008115028e-10 3.990634014588852771e-10 5.327251988711888042e-10 7.364744486182093795e-10 9.665109160478513557e-10 1.109598384154047678e-09 1.235882296355987111e-09 1.159713434968207746e-09 6.807574278410252680e-10 2.069873931340852938e-10 1.933441677836535250e-11 7.666090543502867487e-12 -7.228702732908952812e-11
3.019424624558741306e-11 5.441534538941008416e-11 8.031186326405293559e-12 -7.840896700578426597e-12 2.650309489021041309e-11 3.302672958356798639e-11 3.782217910673882011e-11 4.842965892789522629e-11 6.989661952712443087e-11 9.005933149797475386e-11 1.084267669194934921e-10 1.501055969973577496e-10 2.120871611634468797e-10 2.980020811184506717e-10 4.291740662998383260e-10 5.785751937226725374e-10 8.107971711636706957e-10 1.109598384154047678e-09 1.379147309571075781e-09 1.620367157682455636e-09 1.615137809600297883e-09 1.093821598444696079e-09 4.212242984734194593e-10 7.901292844900081365e-11 2.293333132669752158e-11 -1.153254037669285762e-10
3.051306780842528700e-11 6.048153407210549006e-11 6.813366040709592661e-12 -7.502981368459417859e-12 2.893667350041158186e-11 2.935542011406098332e-11 3.544327844720109861e-11 4.770125624050840671e-11 6.689025744620160552e-11 9.637529518921088210e-11 1.187499724412352125e-10 1.614397310598124674e-10 2.194866076551678054e-10 3.108564998381361818e-10 4.593040178296571318e-10 6.281541089816053746e-10 8.835876232202238360e-10 1.235882296355987111e-09 1.620367157682455636e-09 2.078787125933872775e-09 2.238088739465029876e-09 1.705076795864567895e-09 7.897392436025925595e-10 1.647611327508544496e-10 4.484036340580499211e-11 -1.537567236678173360e-10
1.757031580408217247e-12 4.275388933828235223e-11 -4.334827606894729177e-12 -1.686670289069589072e-11 1.871987743605293328e-11 1.539427456005767473e-11 1.953708461244834284e-11 3.040540296819989820e-11 3.821365326845964397e-11 7.964727490259604633e-11 1.041363461131180594e-10 1.369244249893859471e-10 1.722587384447543262e-10 2.459710373404996732e-10 3.833990835120653918e-10 5.480624031336578497e-10 7.916257405049949342e-10 1.159713434968207746e-09 1.615137809600297883e-09 2.238088739465029876e-09 2.727832530866802542e-09 2.436242977206110104e-09 1.416312932152370138e-09 3.719009088876672745e-10 4.649294683249177148e-11 -2.118256527237495394e-10
-3.080959649124268844e-11 1.499750280200086212e-11 -6.136437435624726407e-12 -2.747515908923465036e-11 -1.081793021191798297e-12 -6.833377622554204191e-12 -8.497953635344890404e-13 2.033169372226790110e-12 -1.047141208590019079e-11 3.697609682252305544e-11 4.961217304244592449e-11 4.442251889850246402e-11 3.702005269318807709e-11 6.529309819492615158e-11 1.380952024463920010e-10 2.315262234687189714e-10 3.953313611124115418e-10 6.807574278410252680e-10 1.093821598444696079e-09 1.705076795864567895e-09 2.436242977206110104e-09 2.794015222535540230e-09 2.127710787857201331e-09 8.320560978843892342e-10 7.749387051351573413e-11 -2.670663061969362089e-10
-3.971328298411103608e-11 -3.876942082984078361e-12 -5.551444610910337646e-12 -1.179157828288698088e-11 -2.799578362384347080e-11 -3.139677702910034009e-11 -1.812372004051748406e-11 -6.468839676920267828e-12 -1.909549410863559494e-11 2.927587163492156481e-11 4.149258679416594439e-11 6.816248364198556444e-12 -1.889312043025161100e-11 -2.455575985824354979e-11 -4.079527038074337987e-12 1.239707052720000811e-11 7.967156966567232062e-11 2.069873931340852938e-10 4.212242984734194593e-10 7.897392436025925595e-10 1.416312932152370138e-09 2.127710787857201331e-09 2.395886616350800418e-09 1.526521437094960323e-09 2.735783796084764642e-10 -1.616073037025883927e-10
-9.189564074626153746e-12 -1.051763699831349964e-13 7.814339701570119090e-12 -2.334686232289941792e-12 -2.593029025556737053e-11 -1.718957766920915432e-11 -1.155466506630744214e-11 -6.795183080998391380e-12 -8.998115962870440119e-12 1.396978953426347463e-11 2.630736941015177205e-11 -3.809901589822851054e-12 -1.018888727012450928e-11 -3.419593897567492244e-11 -3.712762476676905047e-11 -5.244057044781959071e-11 -2.276202430114959974e-11 1.933441677836535250e-11 7.901292844900081365e-11 1.647611327508544496e-10 3.719009088876672745e-10 8.320560978843892342e-10 1.526521437094960323e-09 1.802558974489496295e-09 8.807171920352978822e-10 1.191756591939029525e-10
-1.441080204134402777e-11 6.280458766118657667e-12 -3.869695540202648880e-12 3.486162776135558783e-12 2.240581442586396749e-12 1.338994706042445342e-11 -1.664905442152930015e-11 -1.311640319199365136e-11 -1.629459742340581918e-11 -1.251465103396259845e-11 -1.208082302092651953e-11 -7.832980309740660974e-12 1.251302613401786834e-11 -1.172546599916615129e-11 -1.777356998403859988e-11 -2.396637557833487374e-11 -4.305489796292102572e-13 7.666090543502867487e-12 2.293333132669752158e-11 4.484036340580499211e-11 4.649294683249177148e-11 7.749387051351573413e-11 2.735783796084764642e-10 8.807171920352978822e-10 1.605371305656378706e-09 8.557743880425297577e-10
-5.055223749753155538e-13 -2.266715682129108723e-11 -3.260279538511725711e-11 -4.006800006598100114e-12 -1.728938534102029675e-11 2.373416097439967092e-11 -1.915745057377865253e-11 -6.426523526776588853e-12 -1.387683759367907622e-12 -1.023494572529601523e-11 -1.243008693005670073e-11 -4.270939564478609689e-13 5.742636581354358952e-12 -1.136607821660149686e-11 -5.197351353550195206e-12 -2.088275415901252215e-11 -3.691091293048164308e-11 -7.228702732908952812e-11 -1.153254037669285762e-10 -1.537567236678173360e-10 -2.118256527237495394e-10 -2.670663061969362089e-10 -1.616073037025883927e-10 1.191756591939029525e-10 8.557743880425297577e-10 1.466116209753133913e-09
