9.243619116393332711e-11 1.285195434432726974e-11 1.183632249011953562e-11 6.683059015548518648e-12 1.819140996443400877e-12 2.216077358369153802e-12 1.730888093650144213e-12 4.672153940706175369e-12 3.062065010594598391e-12 1.767126766285881983e-12 1.724689881336135964e-12 8.499777957300016718e-12 1.109775790519289828e-11 1.496723760783372289e-11 1.788362812045937331e-11 1.715976213323007187e-11 1.927681740285137716e-11 1.504970759148398326e-11 1.541913249401962653e-11 1.986689115153800849e-11 4.544092692808634149e-12 -1.028438105039333857e-11 4.523134043927761483e-12 2.623454841280521937e-11 1.170045632726450861e-11 4.200364824525022679e-12
1.285195434432726974e-11 6.978190012729614456e-11 1.649592125029469659e-11 7.792720625188166521e-12 2.463391596209076269e-12 2.077064176820696446e-12 2.603089747929789297e-12 3.991976573313298923e-12 7.105566783458486957e-13 -6.205466584236742455e-13 -1.542167000305988736e-12 1.040039528833367012e-12 4.321991342818828499e-12 6.930553778669687779e-12 4.241725957970602549e-12 2.624450847409362689e-12 3.521806920622779269e-12 9.086071071872962128e-12 7.207510401428761527e-12 2.897342310219716672e-12 -4.469884565977543371e-12 1.100590516523967665e-12 2.297903592883995928e-11 1.709292876720566212e-11 -2.246671581148616396e-11 -3.290476475912480054e-11
1.183632249011953562e-11 1.649592125029469659e-11 5.962208533909204701e-11 1.463746705446830097e-11 9.204413974263593400e-12 1.015705257579329619e-11 4.545921220427934436e-12 6.003522161467926473e-12 4.979090284344516500e-12 3.343963747475383342e-12 1.939486049038048715e-12 -1.303829222937769531e-12 -2.178589715226794977e-12 -1.301569919358989946e-12 -2.144227216921502112e-13 -4.241066258828641130e-13 -6.311963713750036532e-13 -2.290378539725468798e-13 -2.965937013380182447e-12 -1.074972717622096712e-11 -3.016360595437422623e-11 -2.989343138845477825e-11 -9.176410393197434564e-12 1.092839939469539072e-11 -1.200924171059590496e-11 -1.461123282152000769e-11
6.683059015548518648e-12 7.792720625188166521e-12 1.463746705446830097e-11 3.621464703864842849e-11 1.158307470445221698e-11 7.624889884757501432e-12 5.411039142120035397e-12 7.548554768806145194e-12 7.295035490980401811e-12 5.523255124862586284e-12 5.761287082791986752e-12 4.675419961154936331e-12 3.914915349664687097e-12 5.536909848046571782e-12 9.164486084297671256e-12 1.125379477389745123e-11 1.326665161281176989e-11 1.159317773165401410e-11 1.257088212528368363e-11 1.459171423754831843e-11 7.738713801608686580e-12 -3.584142871823623779e-12 -1.003610087287426913e-11 -7.787649423438067235e-12 -1.239181902425614314e-12 -8.372769091029213294e-12
1.819140996443400877e-12 2.463391596209076269e-12 9.204413974263593400e-12 1.158307470445221698e-11 3.537013930086090375e-11 1.766818643796514614e-11 1.055859797035003600e-11 9.302603590110438645e-12 5.970548405304062756e-12 4.878350874943620663e-12 4.590388669905096768e-12 2.172768180874003397e-12 2.401376755099991916e-12 4.630458389105500539e-12 1.005249117846017201e-11 1.292286112084920483e-11 1.150679304615245443e-11 9.600629624843995920e-12 1.073265910245813028e-11 5.114984515282337768e-12 -4.188214117823034807e-12 -1.534554361328976495e-11 -2.245032023283433152e-11 -1.549904208650795817e-11 7.814344067533739889e-13 6.644857394956896430e-12
2.216077358369153802e-12 2.077064176820696446e-12 1.015705257579329619e-11 7.624889884757501432e-12 1.766818643796514614e-11 3.366267327906491039e-11 2.076858430904593409e-11 1.548053976491633235e-11 9.999835443217314189e-12 6.793905469320755518e-12 5.135177598191401260e-12 2.771626650575965355e-12 5.775811798250026746e-12 7.181563719130504165e-12 1.065415743226010612e-11 1.495124197580875115e-11 1.723374349421711009e-11 2.275872502121373651e-11 3.020129312520806080e-11 2.826926813401901486e-11 1.470511097956887667e-11 -6.465604378917892844e-12 -3.749410401478592639e-11 -3.065985260296473764e-11 -8.078086121309077040e-12 -1.707968725763075440e-13
1.730888093650144213e-12 2.603089747929789297e-12 4.545921220427934436e-12 5.411039142120035397e-12 1.055859797035003600e-11 2.076858430904593409e-11 3.195790157856963318e-11 2.206207056182713244e-11 1.791669844340288251e-11 1.442174596313510963e-11 1.182616259165725592e-11 1.069330291245729251e-11 1.643058605373464848e-11 2.057338535435198540e-11 2.284137258977470298e-11 2.636766601484254297e-11 3.210460913347584989e-11 4.129241347137643045e-11 4.882792055472548021e-11 4.303354178817750317e-11 2.514765291964495535e-11 -6.349161900850514805e-12 -3.186505538401664520e-11 -2.319937438509577455e-11 -1.163192736312967689e-11 -1.669517629060416068e-11
4.672153940706175369e-12 3.991976573313298923e-12 6.003522161467926473e-12 7.548554768806145194e-12 9.302603590110438645e-12 1.548053976491633235e-11 2.206207056182713244e-11 3.435232759867840037e-11 2.714965803802639194e-11 2.137791290494006983e-11 1.723159402452729212e-11 1.623891707425900729e-11 2.076828827881874510e-11 2.492003879795324762e-11 2.824235834244884296e-11 3.319306162760515653e-11 4.054368647251627961e-11 4.792856836380265748e-11 5.707846888844368241e-11 5.636549561820414419e-11 3.583683963685936234e-11 2.140047634510714471e-12 -1.219322480985582223e-11 -4.057429973688438490e-12 -5.529115443252951054e-12 4.273355635454386167e-12
3.062065010594598391e-12 7.105566783458486957e-13 4.979090284344516500e-12 7.295035490980401811e-12 5.970548405304062756e-12 9.999835443217314189e-12 1.791669844340288251e-11 2.714965803802639194e-11 4.123170283498566550e-11 3.451002300882770958e-11 2.994311428761715802e-11 2.838254030130402370e-11 3.238754785126565301e-11 3.831835889989530600e-11 4.395023273812940345e-11 4.830531342130315277e-11 5.516409670673546970e-11 6.300509873022510390e-11 6.881508944550516057e-11 6.339407437958704366e-11 3.071978438624568915e-11 -1.759279587883110312e-11 -1.785572044727356750e-11 4.914792737017071388e-13 -1.397233059506828541e-11 -2.678613984937265532e-12
1.767126766285881983e-12 -6.205466584236742455e-13 3.343963747475383342e-12 5.523255124862586284e-12 4.878350874943620663e-12 6.793905469320755518e-12 1.442174596313510963e-11 2.137791290494006983e-11 3.451002300882770958e-11 4.611703979363789081e-11 4.193939009102943259e-11 3.896258818422058152e-11 4.378535276875184097e-11 5.043522664233761095e-11 5.888665775385679518e-11 6.648034030556050721e-11 7.579220732669859387e-11 8.601238116487249591e-11 9.503304467228068353e-11 1.005519505537032175e-10 8.045928126956487930e-11 3.570226956584337482e-11 2.795570385726246435e-11 1.782342801036367256e-11 -1.003869877410359565e-11 -4.250549227284854055e-12
1.724689881336135964e-12 -1.542167000305988736e-12 1.939486049038048715e-12 5.761287082791986752e-12 4.590388669905096768e-12 5.135177598191401260e-12 1.182616259165725592e-11 1.723159402452729212e-11 2.994311428761715802e-11 4.193939009102943259e-11 5.510564790187920164e-11 5.342004270478660682e-11 5.683351187881580164e-11 6.348435529791774126e-11 7.223793399065085295e-11 7.917885501797116733e-11 8.996155019222530541e-11 1.022122679036649358e-10 1.134234616854064911e-10 1.262193707808296402e-10 1.113936865864597042e-10 5.555249176577004036e-11 4.225404046040175159e-11 2.291338176875845989e-11 -1.418083884790426939e-11 -7.722794794403455512e-12
8.499777957300016718e-12 1.040039528833367012e-12 -1.303829222937769531e-12 4.675419961154936331e-12 2.172768180874003397e-12 2.771626650575965355e-12 1.069330291245729251e-11 1.623891707425900729e-11 2.838254030130402370e-11 3.896258818422058152e-11 5.342004270478660682e-11 7.416589438896654402e-11 8.458562033177664465e-11 9.414207985987777181e-11 1.046695127726451004e-10 1.135646052667825455e-10 1.264635833418945583e-10 1.405084498478632211e-10 1.501760331249294203e-10 1.620427363476683990e-10 1.378066384961290485e-10 4.566317474734434261e-11 1.038355007615523907e-11 1.882959433725365611e-12 -1.263200337926963230e-12 5.911723512164759798e-12
1.109775790519289828e-11 4.321991342818828499e-12 -2.178589715226794977e-12 3.914915349664687097e-12 2.401376755099991916e-12 5.775811798250026746e-12 1.643058605373464848e-11 2.076828827881874510e-11 3.238754785126565301e-11 4.378535276875184097e-11 5.683351187881580164e-11 8.458562033177664465e-11 1.197155394882307853e-10 1.365583913522550964e-10 1.513954706166830484e-10 1.645208775216417818e-10 1.834660673237265664e-10 2.035221518974723721e-10 2.151134889656225405e-10 2.240621571097982719e-10 1.763383575610325203e-10 3.914217931310311073e-11 -2.177015130099740496e-11 -1.603666466348920493e-11 6.228567449269610149e-12 3.091955343332503226e-12
1.496723760783372289e-11 6.930553778669687779e-12 -1.301569919358989946e-12 5.536909848046571782e-12 4.630458389105500539e-12 7.181563719130504165e-12 2.057338535435198540e-11 2.492003879795324762e-11 3.831835889989530600e-11 5.043522664233761095e-11 6.348435529791774126e-11 9.414207985987777181e-11 1.365583913522550964e-10 1.800221458943530095e-10 2.078848282190317705e-10 2.279599733220702527e-10 2.547255700614378293e-10 2.841780397673348773e-10 3.026103660761014634e-10 3.180637394509721537e-10 2.539335347546856315e-10 7.105831176427971683e-11 -2.363690681376769092e-11 -3.526367090492957543e-11 -1.213365510308824592e-11 -1.394989035726314242e-11
1.788362812045937331e-11 4.241725957970602549e-12 -2.144227216921502112e-13 9.164486084297671256e-12 1.005249117846017201e-11 1.065415743226010612e-11 2.284137258977470298e-11 2.824235834244884296e-11 4.395023273812940345e-11 5.888665775385679518e-11 7.223793399065085295e-11 1.046695127726451004e-10 1.513954706166830484e-10 2.078848282190317705e-10 2.711953573129824799e-10 3.124151236252019264e-10 3.548423078540829623e-10 3.964197954863542093e-10 4.265341958254159238e-10 4.574306455384125019e-10 3.819939966144661521e-10 1.381840382040719964e-10 -3.211967501380927410e-12 -3.896376788276714686e-11 -2.063896787683452710e-11 -7.019243337841697684e-12
1.715976213323007187e-11 2.624450847409362689e-12 -4.241066258828641130e-13 1.125379477389745123e-11 1.292286112084920483e-11 1.495124197580875115e-11 2.636766601484254297e-11 3.319306162760515653e-11 4.830531342130315277e-11 6.648034030556050721e-11 7.917885501797116733e-11 1.135646052667825455e-10 1.645208775216417818e-10 2.279599733220702527e-10 3.124151236252019264e-10 3.948590306314732367e-10 4.677086432271322204e-10 5.317179971098781755e-10 5.777984098813444154e-10 6.275897910730509468e-10 5.467389327171388057e-10 2.307709275874542299e-10 1.278487008103130289e-11 -5.234010308633739489e-11 -2.434676309375681648e-11 -2.210044970434528743e-11
1.927681740285137716e-11 3.521806920622779269e-12 -6.311963713750036532e-13 1.326665161281176989e-11 1.150679304615245443e-11 1.723374349421711009e-11 3.210460913347584989e-11 4.054368647251627961e-11 5.516409670673546970e-11 7.579220732669859387e-11 8.996155019222530541e-11 1.264635833418945583e-10 1.834660673237265664e-10 2.547255700614378293e-10 3.548423078540829623e-10 4.677086432271322204e-10 6.130787911251294184e-10 7.358089829290889122e-10 8.104816143014436308e-10 8.838947084773474631e-10 7.904595193161432248e-10 3.940236007112575155e-10 7.834800757233349010e-11 -2.378854721006303106e-11 -1.507870918043417556e-12 -3.636242972293238171e-11
1.504970759148398326e-11 9.086071071872962128e-12 -2.290378539725468798e-13 1.159317773165401410e-11 9.600629624843995920e-12 2.275872502121373651e-11 4.129241347137643045e-11 4.792856836380265748e-11 6.300509873022510390e-11 8.601238116487249591e-11 1.022122679036649358e-10 1.405084498478632211e-10 2.035221518974723721e-10 2.841780397673348773e-10 3.964197954863542093e-10 5.317179971098781755e-10 7.358089829290889122e-10 9.639808252638307752e-10 1.107752784633359146e-09 1.234703389366548283e-09 1.157384681641820496e-09 6.799085347411047422e-10 2.068299348165746825e-10 2.015318129329322677e-11 8.778844524666552882e-12 -7.261699990094986871e-11
1.541913249401962653e-11 7.207510401428761527e-12 -2.965937013380182447e-12 1.257088212528368363e-11 1.073265910245813028e-11 3.020129312520806080e-11 4.882792055472548021e-11 5.707846888844368241e-11 6.881508944550516057e-11 9.503304467228068353e-11 1.134234616854064911e-10 1.501760331249294203e-10 2.151134889656225405e-10 3.026103660761014634e-10 4.265341958254159238e-10 5.777984098813444154e-10 8.104816143014436308e-10 1.107752784633359146e-09 1.378648847771633163e-09 1.620725096977355416e-09 1.613621402995605935e-09 1.092129065556859956e-09 4.199675673660229711e-10 7.870844239281925598e-11 2.392718676882369491e-11 -1.147402308075489926e-10
1.986689115153800849e-11 2.897342310219716672e-12 -1.074972717622096712e-11 1.459171423754831843e-11 5.114984515282337768e-12 2.826926813401901486e-11 4.303354178817750317e-11 5.636549561820414419e-11 6.339407437958704366e-11 1.005519505537032175e-10 1.262193707808296402e-10 1.620427363476683990e-10 2.240621571097982719e-10 3.180637394509721537e-10 4.574306455384125019e-10 6.275897910730509468e-10 8.838947084773474631e-10 1.234703389366548283e-09 1.620725096977355416e-09 2.080496981583474525e-09 2.238312335238692124e-09 1.705365134538421240e-09 7.894023970834297370e-10 1.638332174561977661e-10 4.524670828231256680e-11 -1.529228101663718516e-10
4.544092692808634149e-12 -4.469884565977543371e-12 -3.016360595437422623e-11 7.738713801608686580e-12 -4.188214117823034807e-12 1.470511097956887667e-11 2.514765291964495535e-11 3.583683963685936234e-11 3.071978438624568915e-11 8.045928126956487930e-11 1.113936865864597042e-10 1.378066384961290485e-10 1.763383575610325203e-10 2.539335347546856315e-10 3.819939966144661521e-10 5.467389327171388057e-10 7.904595193161432248e-10 1.157384681641820496e-09 1.613621402995605935e-09 2.238312335238692124e-09 2.726802087281367248e-09 2.435229007958043044e-09 1.414958714395857893e-09 3.716410696219118004e-10 4.724662424743562995e-11 -2.115642124862108890e-10
-1.028438105039333857e-11 1.100590516523967665e-12 -2.989343138845477825e-11 -3.584142871823623779e-12 -1.534554361328976495e-11 -6.465604378917892844e-12 -6.349161900850514805e-12 2.140047634510714471e-12 -1.759279587883110312e-11 3.570226956584337482e-11 5.555249176577004036e-11 4.566317474734434261e-11 3.914217931310311073e-11 7.105831176427971683e-11 1.381840382040719964e-10 2.307709275874542299e-10 3.940236007112575155e-10 6.799085347411047422e-10 1.092129065556859956e-09 1.705365134538421240e-09 2.435229007958043044e-09 2.792307821816553202e-09 2.125513513302975361e-09 8.328205485313013185e-10 7.822933881458175034e-11 -2.670649212658995315e-10
4.523134043927761483e-12 2.297903592883995928e-11 -9.176410393197434564e-12 -1.003610087287426913e-11 -2.245032023283433152e-11 -3.749410401478592639e-11 -3.186505538401664520e-11 -1.219322480985582223e-11 -1.785572044727356750e-11 2.795570385726246435e-11 4.225404046040175159e-11 1.038355007615523907e-11 -2.177015130099740496e-11 -2.363690681376769092e-11 -3.211967501380927410e-12 1.278487008103130289e-11 7.834800757233349010e-11 2.068299348165746825e-10 4.199675673660229711e-10 7.894023970834297370e-10 1.414958714395857893e-09 2.125513513302975361e-09 2.392383635559363647e-09 1.526371399654480046e-09 2.739242626899271158e-10 -1.620517878277877142e-10
2.623454841280521937e-11 1.709292876720566212e-11 1.092839939469539072e-11 -7.787649423438067235e-12 -1.549904208650795817e-11 -3.065985260296473764e-11 -2.319937438509577455e-11 -4.057429973688438490e-12 4.914792737017071388e-13 1.782342801036367256e-11 2.291338176875845989e-11 1.882959433725365611e-12 -1.603666466348920493e-11 -3.526367090492957543e-11 -3.896376788276714686e-11 -5.234010308633739489e-11 -2.378854721006303106e-11 2.015318129329322677e-11 7.870844239281925598e-11 1.638332174561977661e-10 3.716410696219118004e-10 8.328205485313013185e-10 1.526371399654480046e-09 1.802536161464101328e-09 8.802081587345990299e-10 1.186833482686462825e-10
1.170045632726450861e-11 -2.246671581148616396e-11 -1.200924171059590496e-11 -1.239181902425614314e-12 7.814344067533739889e-13 -8.078086121309077040e-12 -1.163192736312967689e-11 -5.529115443252951054e-12 -1.397233059506828541e-11 -1.003869877410359565e-11 -1.418083884790426939e-11 -1.263200337926963230e-12 6.228567449269610149e-12 -1.213365510308824592e-11 -2.063896787683452710e-11 -2.434676309375681648e-11 -1.507870918043417556e-12 8.778844524666552882e-12 2.392718676882369491e-11 4.524670828231256680e-11 4.724662424743562995e-11 7.822933881458175034e-11 2.739242626899271158e-10 8.802081587345990299e-10 1.605559701133979930e-09 8.561180222553888036e-10
4.200364824525022679e-12 -3.290476475912480054e-11 -1.461123282152000769e-11 -8.372769091029213294e-12 6.644857394956896430e-12 -1.707968725763075440e-13 -1.669517629060416068e-11 4.273355635454386167e-12 -2.678613984937265532e-12 -4.250549227284854055e-12 -7.722794794403455512e-12 5.911723512164759798e-12 3.091955343332503226e-12 -1.394989035726314242e-11 -7.019243337841697684e-12 -2.210044970434528743e-11 -3.636242972293238171e-11 -7.261699990094986871e-11 -1.147402308075489926e-10 -1.529228101663718516e-10 -2.115642124862108890e-10 -2.670649212658995315e-10 -1.620517878277877142e-10 1.186833482686462825e-10 8.561180222553888036e-10 1.467096042130175955e-09
