1.076779392541439885e-11 1.717328872090261202e-12 1.277398829181122052e-12 5.429845510316177919e-13 6.909651243147222075e-13 -3.448891818314365713e-13 -1.107767266627653692e-13 -3.596391475280329869e-14 -8.953041534037729236e-14 -6.837439758645585792e-14 -8.251539561275940913e-14 -6.261390572201692941e-14 -1.606489067102611872e-13 -3.247641816349467158e-14 5.219006595740188383e-15 9.759182894880769456e-14 1.353235955206296726e-14 3.766616299664623214e-14 3.205460667178791719e-14 4.464014282844931476e-14
1.717328872090261202e-12 5.626837932117298166e-12 1.417069963012126498e-12 5.577735992463361886e-13 1.642623230461474450e-13 -1.181691022139324515e-13 -1.182415066768282709e-13 9.259422708598104475e-14 2.696977578074690945e-14 9.461451452083035024e-14 5.997915032959102802e-15 7.338873108533346793e-14 6.709404012524599395e-14 6.424649747626612280e-14 2.549364448568959363e-14 6.797471723680261656e-14 -1.431400891816212631e-13 -1.712368292463015794e-13 -1.217624378066500972e-13 -8.096108309582529797e-14
1.277398829181122052e-12 1.417069963012126498e-12 3.990928225075678973e-12 7.650050351588013406e-13 1.708467814499172290e-13 7.530109424982449922e-15 -9.861107440095593968e-14 -3.459497014578418585e-14 8.807993648398357151e-14 1.743916546959510586e-13 6.708878045122757942e-14 9.022906053924026346e-14 2.937443986306050040e-14 5.126094543392248393e-14 7.525569710783896232e-14 6.460299656921349208e-14 -9.009054417287689922e-14 -1.744307858982114647e-13 -1.038770107350309336e-13 8.400620470777765591e-14
5.429845510316177919e-13 5.577735992463361886e-13 7.650050351588013406e-13 2.942924471143941573e-12 5.401398304412390621e-13 1.272406450214896058e-13 9.203117622732876372e-14 -9.745374808719326082e-14 7.133782175595632711e-15 1.271167511780742327e-13 -1.406070594801812226e-14 -3.719234246474022884e-14 1.661764492547510871e-14 -5.836395930178013129e-14 -8.800037421468859579e-14 -4.933200031676110996e-14 -1.043848713917306230e-13 -9.711563153015055532e-14 -1.667038382570137250e-14 4.376444163635766802e-14
6.909651243147222075e-13 1.642623230461474450e-13 1.708467814499172290e-13 5.401398304412390621e-13 2.030937587302066391e-12 5.248747728763809844e-13 2.318545661679822020e-13 -5.394818653173911934e-14 4.966484155916404641e-14 1.028563592838555251e-13 -1.689866037388608411e-15 -2.524422048299359987e-15 3.997963049586730039e-14 1.508176884336717462e-14 1.530660411758219726e-14 4.508408763928879587e-15 6.092502790290755303e-14 2.520052051616195526e-14 5.225323803912256166e-14 1.092357659359073758e-13
-3.448891818314365713e-13 -1.181691022139324515e-13 7.530109424982449922e-15 1.272406450214896058e-13 5.248747728763809844e-13 1.260980936437808087e-12 4.835225298515256037e-14 -1.601039236138268836e-13 -4.718634685174300261e-15 3.402698859463032539e-14 -5.399729895859236037e-14 -8.235227873630922331e-15 2.696122102241528120e-14 1.630236443829321827e-14 4.087872592966637088e-15 -1.029716055337186383e-14 -5.568058366821345820e-16 -1.564144988805203993e-14 -5.123755677502867358e-14 -6.658937754922625700e-14
-1.107767266627653692e-13 -1.182415066768282709e-13 -9.861107440095593968e-14 9.203117622732876372e-14 2.318545661679822020e-13 4.835225298515256037e-14 7.711285098972401715e-13 9.274765734113058730e-14 -8.573798895890760285e-14 6.147453400740796549e-14 -1.129884360147923189e-15 4.082517178297331416e-14 2.175111106670586669e-15 -1.461133617866062738e-14 -1.078326579845876908e-14 3.072145394707077483e-15 3.009185410771485624e-14 -2.313093129502048072e-14 2.313022748299057329e-14 2.021109234280116184e-14
-3.596391475280329869e-14 9.259422708598104475e-14 -3.459497014578418585e-14 -9.745374808719326082e-14 -5.394818653173911934e-14 -1.601039236138268836e-13 9.274765734113058730e-14 5.610242987092123461e-13 9.079623220933071484e-14 9.746965216279669463e-14 1.795668648482026214e-14 1.184788581332203220e-14 -2.951187894055063559e-14 8.255309771568643277e-15 6.182050782456853844e-15 3.828415571878981188e-16 7.119690192335297572e-15 -8.421066337478311311e-16 2.130291534852887174e-15 -1.468314660516788951e-14
-8.953041534037729236e-14 2.696977578074690945e-14 8.807993648398357151e-14 7.133782175595632711e-15 4.966484155916404641e-14 -4.718634685174300261e-15 -8.573798895890760285e-14 9.079623220933071484e-14 3.991782981942058544e-13 1.432294243288451267e-13 8.120317497894359848e-14 2.725087362173157605e-14 -2.450066857415545820e-14 -1.411549053773725981e-14 2.689332471554744075e-15 -9.387670712726855122e-15 -1.482224707986015344e-14 -1.479590008424262693e-14 -1.680720549778279405e-14 -7.930835147138965769e-15
-6.837439758645585792e-14 9.461451452083035024e-14 1.743916546959510586e-13 1.271167511780742327e-13 1.028563592838555251e-13 3.402698859463032539e-14 6.147453400740796549e-14 9.746965216279669463e-14 1.432294243288451267e-13 4.296427562916524623e-13 1.599368972651040103e-13 7.112813863489101136e-14 1.158496771386095487e-14 -2.216556922128978238e-14 -1.622949081102401957e-14 3.539116280046478588e-15 -1.364924048215151085e-14 -2.836485101479272209e-14 3.124031948119348942e-16 3.348225472128466712e-14
-8.251539561275940913e-14 5.997915032959102802e-15 6.708878045122757942e-14 -1.406070594801812226e-14 -1.689866037388608411e-15 -5.399729895859236037e-14 -1.129884360147923189e-15 1.795668648482026214e-14 8.120317497894359848e-14 1.599368972651040103e-13 4.188394819780633462e-13 1.888584154962157781e-13 8.957930766587240382e-14 1.887141428930424552e-14 3.916879209204350948e-14 7.684790752640859245e-15 -8.998185867636094224e-15 -7.738601409569723417e-15 -4.619397932930500387e-15 -2.201219749403827943e-14
-6.261390572201692941e-14 7.338873108533346793e-14 9.022906053924026346e-14 -3.719234246474022884e-14 -2.524422048299359987e-15 -8.235227873630922331e-15 4.082517178297331416e-14 1.184788581332203220e-14 2.725087362173157605e-14 7.112813863489101136e-14 1.888584154962157781e-13 2.903430501473106449e-13 1.451142353563526298e-13 6.965078989189380253e-14 6.442015268848818997e-14 4.729696915114764986e-14 1.835079722786937073e-14 4.642349957954738670e-16 4.297380379521570414e-15 -6.973957871688002016e-15
-1.606489067102611872e-13 6.709404012524599395e-14 2.937443986306050040e-14 1.661764492547510871e-14 3.997963049586730039e-14 2.696122102241528120e-14 2.175111106670586669e-15 -2.951187894055063559e-14 -2.450066857415545820e-14 1.158496771386095487e-14 8.957930766587240382e-14 1.451142353563526298e-13 1.912854061843815246e-13 8.658669296964956344e-14 6.249682132333850658e-14 3.006976151201409310e-14 1.054242664701439046e-14 8.601808588428756610e-15 5.566978961296521079e-15 -1.773532744910559174e-14
-3.247641816349467158e-14 6.424649747626612280e-14 5.126094543392248393e-14 -5.836395930178013129e-14 1.508176884336717462e-14 1.630236443829321827e-14 -1.461133617866062738e-14 8.255309771568643277e-15 -1.411549053773725981e-14 -2.216556922128978238e-14 1.887141428930424552e-14 6.965078989189380253e-14 8.658669296964956344e-14 1.396159467715487028e-13 8.459536663244835612e-14 4.700191748858871088e-14 2.388062828569130524e-14 8.687793035868235455e-15 -4.982084030740994359e-15 -7.435757529797934470e-15
5.219006595740188383e-15 2.549364448568959363e-14 7.525569710783896232e-14 -8.800037421468859579e-14 1.530660411758219726e-14 4.087872592966637088e-15 -1.078326579845876908e-14 6.182050782456853844e-15 2.689332471554744075e-15 -1.622949081102401957e-14 3.916879209204350948e-14 6.442015268848818997e-14 6.249682132333850658e-14 8.459536663244835612e-14 1.353484367593773263e-13 7.164128531157526871e-14 5.075360727591972629e-14 2.848274262201431901e-14 1.161476683102212449e-14 8.569742689381986452e-15
9.759182894880769456e-14 6.797471723680261656e-14 6.460299656921349208e-14 -4.933200031676110996e-14 4.508408763928879587e-15 -1.029716055337186383e-14 3.072145394707077483e-15 3.828415571878981188e-16 -9.387670712726855122e-15 3.539116280046478588e-15 7.684790752640859245e-15 4.729696915114764986e-14 3.006976151201409310e-14 4.700191748858871088e-14 7.164128531157526871e-14 1.282693696324178212e-13 8.840381282304954592e-14 5.394231966022429262e-14 3.216535008907810512e-14 2.762238187700573353e-14
1.353235955206296726e-14 -1.431400891816212631e-13 -9.009054417287689922e-14 -1.043848713917306230e-13 6.092502790290755303e-14 -5.568058366821345820e-16 3.009185410771485624e-14 7.119690192335297572e-15 -1.482224707986015344e-14 -1.364924048215151085e-14 -8.998185867636094224e-15 1.835079722786937073e-14 1.054242664701439046e-14 2.388062828569130524e-14 5.075360727591972629e-14 8.840381282304954592e-14 1.474857479226202867e-13 1.046463153455758314e-13 6.711846013736934295e-14 3.751487088683680146e-14
3.766616299664623214e-14 -1.712368292463015794e-13 -1.744307858982114647e-13 -9.711563153015055532e-14 2.520052051616195526e-14 -1.564144988805203993e-14 -2.313093129502048072e-14 -8.421066337478311311e-16 -1.479590008424262693e-14 -2.836485101479272209e-14 -7.738601409569723417e-15 4.642349957954738670e-16 8.601808588428756610e-15 8.687793035868235455e-15 2.848274262201431901e-14 5.394231966022429262e-14 1.046463153455758314e-13 1.497101274579941722e-13 1.106606134685191222e-13 7.027514040473631675e-14
3.205460667178791719e-14 -1.217624378066500972e-13 -1.038770107350309336e-13 -1.667038382570137250e-14 5.225323803912256166e-14 -5.123755677502867358e-14 2.313022748299057329e-14 2.130291534852887174e-15 -1.680720549778279405e-14 3.124031948119348942e-16 -4.619397932930500387e-15 4.297380379521570414e-15 5.566978961296521079e-15 -4.982084030740994359e-15 1.161476683102212449e-14 3.216535008907810512e-14 6.711846013736934295e-14 1.106606134685191222e-13 1.636195071013870871e-13 1.341001191236142404e-13
4.464014282844931476e-14 -8.096108309582529797e-14 8.400620470777765591e-14 4.376444163635766802e-14 1.092357659359073758e-13 -6.658937754922625700e-14 2.021109234280116184e-14 -1.468314660516788951e-14 -7.930835147138965769e-15 3.348225472128466712e-14 -2.201219749403827943e-14 -6.973957871688002016e-15 -1.773532744910559174e-14 -7.435757529797934470e-15 8.569742689381986452e-15 2.762238187700573353e-14 3.751487088683680146e-14 7.027514040473631675e-14 1.341001191236142404e-13 1.981707747247308830e-13
