1.409168359979442714e-06 1.106590243656850115e-06 1.098308638717661504e-06 9.723018411754628741e-07 9.498635117391683713e-07 9.449105469993293429e-07 8.985784850772054123e-07 8.497197902087599459e-07 8.184334879241441801e-07 7.758753083715478886e-07 7.193742941374367878e-07 6.723960572930488386e-07 6.558370559339110910e-07 6.290936470140931178e-07 5.887106161590472110e-07 5.403175092440205839e-07 5.064055579159442353e-07 4.818333466360869441e-07 4.931014915664751976e-07 5.053817127039033377e-07
1.106590243656850115e-06 1.225136443108375416e-06 1.138664331198374793e-06 9.934288123402220074e-07 9.406485001243128919e-07 9.389300292362836557e-07 8.831099104563411335e-07 8.544660770476172387e-07 8.066172593430799641e-07 7.506692525246008803e-07 7.027463898760519717e-07 6.630833959971805082e-07 6.340304069606473400e-07 6.128134336920864861e-07 5.824202127718018878e-07 5.424981984180891318e-07 5.263385238617764317e-07 5.207435991416520946e-07 5.552595706242273748e-07 5.857794929352733509e-07
1.098308638717661504e-06 1.138664331198374793e-06 1.267251047318686308e-06 1.065269409050606919e-06 9.969747135766585581e-07 9.889054891367774778e-07 9.380270629548595789e-07 9.046783214473829200e-07 8.529964607794795268e-07 8.058472757220141081e-07 7.563697071476856854e-07 7.161471788920064238e-07 6.778410851151131063e-07 6.517175934820954911e-07 6.141477733270499544e-07 5.646413415523094211e-07 5.322663231225750809e-07 5.172833001502497649e-07 5.387187501148405825e-07 5.696877102277705666e-07
9.723018411754628741e-07 9.934288123402220074e-07 1.065269409050606919e-06 1.063223541238674609e-06 9.451107955207865039e-07 9.284990116391274350e-07 8.981812994672818855e-07 8.659750631793463232e-07 8.194685266849041891e-07 7.783028906368557264e-07 7.301610080557658155e-07 7.020095399369094886e-07 6.705216580733877590e-07 6.487026326492969675e-07 6.244273689113061995e-07 5.893547265880368585e-07 5.650677540116899238e-07 5.635726315733084517e-07 5.871672232061087068e-07 6.263345470620211299e-07
9.498635117391683713e-07 9.406485001243128919e-07 9.969747135766585581e-07 9.451107955207865039e-07 9.351708694426841456e-07 8.972069630269825719e-07 8.601719203891251713e-07 8.278833008567464354e-07 7.773024450938609192e-07 7.340898288050672713e-07 6.925575867297454932e-07 6.629301756211878318e-07 6.384246269541741125e-07 6.189183140440459891e-07 5.953051451416730028e-07 5.608285726576653726e-07 5.347337632263224551e-07 5.227759765985103979e-07 5.431233300472076524e-07 5.730524982182854943e-07
9.449105469993293429e-07 9.389300292362836557e-07 9.889054891367774778e-07 9.284990116391274350e-07 8.972069630269825719e-07 9.356680653919440438e-07 8.828480892987125188e-07 8.451570791902912696e-07 8.031683215228012906e-07 7.606454081946916253e-07 7.181260991242748438e-07 6.848977482464863580e-07 6.607369967290298570e-07 6.441100224845143228e-07 6.215920816679761919e-07 5.815348980484883213e-07 5.513153799313261809e-07 5.376597446062558210e-07 5.549051532279447492e-07 5.785587408386423407e-07
8.985784850772054123e-07 8.831099104563411335e-07 9.380270629548595789e-07 8.981812994672818855e-07 8.601719203891251713e-07 8.828480892987125188e-07 8.944484157183006019e-07 8.514856275717126987e-07 8.066650913494268623e-07 7.664851931206643526e-07 7.251981955911583484e-07 6.979777531057747305e-07 6.754091613467560300e-07 6.592081955418307257e-07 6.449310186980100259e-07 6.169350392081842021e-07 5.966337533065903232e-07 5.929864212671250272e-07 6.151212203843014391e-07 6.504239736600582421e-07
8.497197902087599459e-07 8.544660770476172387e-07 9.046783214473829200e-07 8.659750631793463232e-07 8.278833008567464354e-07 8.451570791902912696e-07 8.514856275717126987e-07 8.519283080532706789e-07 7.995914094519245865e-07 7.630930022858038155e-07 7.231531631795345088e-07 6.983861530239779312e-07 6.720173481665761428e-07 6.566449089789273576e-07 6.436769273008769295e-07 6.205522305367014340e-07 6.031159731996637911e-07 6.039606018909238382e-07 6.304448525794201907e-07 6.701014301860070035e-07
8.184334879241441801e-07 8.066172593430799641e-07 8.529964607794795268e-07 8.194685266849041891e-07 7.773024450938609192e-07 8.031683215228012906e-07 8.066650913494268623e-07 7.995914094519245865e-07 7.848451528555954775e-07 7.453274039308236371e-07 7.068808553485091307e-07 6.865267630228092252e-07 6.655369220843264915e-07 6.549078255362046558e-07 6.446400719049748979e-07 6.259469196777795225e-07 6.097162902129730656e-07 6.082859234571495415e-07 6.312360415409746036e-07 6.718361856227256436e-07
7.758753083715478886e-07 7.506692525246008803e-07 8.058472757220141081e-07 7.783028906368557264e-07 7.340898288050672713e-07 7.606454081946916253e-07 7.664851931206643526e-07 7.630930022858038155e-07 7.453274039308236371e-07 7.302853623959708238e-07 6.933470332474779688e-07 6.758601915532489626e-07 6.554250867044015476e-07 6.459590422919494012e-07 6.381329059083508404e-07 6.244726790857510841e-07 6.130316127333368813e-07 6.172247127749512480e-07 6.423038271267575143e-07 6.815070524255665242e-07
7.193742941374367878e-07 7.027463898760519717e-07 7.563697071476856854e-07 7.301610080557658155e-07 6.925575867297454932e-07 7.181260991242748438e-07 7.251981955911583484e-07 7.231531631795345088e-07 7.068808553485091307e-07 6.933470332474779688e-07 6.896131802275498826e-07 6.779125456660903853e-07 6.610342042880649872e-07 6.552191638827699502e-07 6.484742454968288453e-07 6.406599325413009435e-07 6.333259854344451719e-07 6.377096471606909389e-07 6.632418459660231010e-07 7.056517857710126789e-07
6.723960572930488386e-07 6.630833959971805082e-07 7.161471788920064238e-07 7.020095399369094886e-07 6.629301756211878318e-07 6.848977482464863580e-07 6.979777531057747305e-07 6.983861530239779312e-07 6.865267630228092252e-07 6.758601915532489626e-07 6.779125456660903853e-07 6.912091154452361711e-07 6.796057206555063250e-07 6.794152685844076478e-07 6.775745116432621819e-07 6.759259694570383654e-07 6.719559916917745665e-07 6.820635197931206908e-07 7.073877295342503125e-07 7.508259083213056827e-07
6.558370559339110910e-07 6.340304069606473400e-07 6.778410851151131063e-07 6.705216580733877590e-07 6.384246269541741125e-07 6.607369967290298570e-07 6.754091613467560300e-07 6.720173481665761428e-07 6.655369220843264915e-07 6.554250867044015476e-07 6.610342042880649872e-07 6.796057206555063250e-07 6.917077344688861824e-07 7.003394773385467260e-07 7.081043624916203465e-07 7.098179835804974884e-07 7.099995665887395597e-07 7.234149192552234615e-07 7.538466550945002164e-07 7.988652991143293305e-07
6.290936470140931178e-07 6.128134336920864861e-07 6.517175934820954911e-07 6.487026326492969675e-07 6.189183140440459891e-07 6.441100224845143228e-07 6.592081955418307257e-07 6.566449089789273576e-07 6.549078255362046558e-07 6.459590422919494012e-07 6.552191638827699502e-07 6.794152685844076478e-07 7.003394773385467260e-07 7.328952786126794995e-07 7.492116995750241375e-07 7.540960194797179246e-07 7.580943656935513044e-07 7.763957344135713281e-07 8.105251162381589409e-07 8.631043310485081809e-07
5.887106161590472110e-07 5.824202127718018878e-07 6.141477733270499544e-07 6.244273689113061995e-07 5.953051451416730028e-07 6.215920816679761919e-07 6.449310186980100259e-07 6.436769273008769295e-07 6.446400719049748979e-07 6.381329059083508404e-07 6.484742454968288453e-07 6.775745116432621819e-07 7.081043624916203465e-07 7.492116995750241375e-07 7.918172145275916875e-07 8.125195333059356736e-07 8.251407159301260740e-07 8.505798693221737312e-07 8.911537413479155543e-07 9.483573304971578414e-07
5.403175092440205839e-07 5.424981984180891318e-07 5.646413415523094211e-07 5.893547265880368585e-07 5.608285726576653726e-07 5.815348980484883213e-07 6.169350392081842021e-07 6.205522305367014340e-07 6.259469196777795225e-07 6.244726790857510841e-07 6.406599325413009435e-07 6.759259694570383654e-07 7.098179835804974884e-07 7.540960194797179246e-07 8.125195333059356736e-07 8.653282806629970279e-07 8.943109615299655502e-07 9.307976508642046299e-07 9.852329192411341758e-07 1.054524156021700756e-06
5.064055579159442353e-07 5.263385238617764317e-07 5.322663231225750809e-07 5.650677540116899238e-07 5.347337632263224551e-07 5.513153799313261809e-07 5.966337533065903232e-07 6.031159731996637911e-07 6.097162902129730656e-07 6.130316127333368813e-07 6.333259854344451719e-07 6.719559916917745665e-07 7.099995665887395597e-07 7.580943656935513044e-07 8.251407159301260740e-07 8.943109615299655502e-07 9.530263068378709608e-07 1.011656675078830871e-06 1.084073031673724953e-06 1.169113326872361151e-06
4.818333466360869441e-07 5.207435991416520946e-07 5.172833001502497649e-07 5.635726315733084517e-07 5.227759765985103979e-07 5.376597446062558210e-07 5.929864212671250272e-07 6.039606018909238382e-07 6.082859234571495415e-07 6.172247127749512480e-07 6.377096471606909389e-07 6.820635197931206908e-07 7.234149192552234615e-07 7.763957344135713281e-07 8.505798693221737312e-07 9.307976508642046299e-07 1.011656675078830871e-06 1.109501021401636898e-06 1.211977113873376188e-06 1.321496813889996312e-06
4.931014915664751976e-07 5.552595706242273748e-07 5.387187501148405825e-07 5.871672232061087068e-07 5.431233300472076524e-07 5.549051532279447492e-07 6.151212203843014391e-07 6.304448525794201907e-07 6.312360415409746036e-07 6.423038271267575143e-07 6.632418459660231010e-07 7.073877295342503125e-07 7.538466550945002164e-07 8.105251162381589409e-07 8.911537413479155543e-07 9.852329192411341758e-07 1.084073031673724953e-06 1.211977113873376188e-06 1.362588379676755578e-06 1.508790458157606964e-06
5.053817127039033377e-07 5.857794929352733509e-07 5.696877102277705666e-07 6.263345470620211299e-07 5.730524982182854943e-07 5.785587408386423407e-07 6.504239736600582421e-07 6.701014301860070035e-07 6.718361856227256436e-07 6.815070524255665242e-07 7.056517857710126789e-07 7.508259083213056827e-07 7.988652991143293305e-07 8.631043310485081809e-07 9.483573304971578414e-07 1.054524156021700756e-06 1.169113326872361151e-06 1.321496813889996312e-06 1.508790458157606964e-06 1.725012367769103662e-06
