1.710159470471766501e-12 6.909871644489005764e-13 5.326316971466328991e-13 3.851386197406528608e-13 2.078964486852723218e-13 2.605793769307485807e-13 2.138351382489755887e-13 1.736018810937505229e-13 1.634773166874794347e-13 1.832970811129134360e-13 1.023436631741269960e-13 2.975517727878788690e-13 4.797660683722265910e-13 7.756023279547882807e-13 1.019148683015137390e-12 1.261276371733031168e-12 1.728549209623065113e-12 2.575596266509188439e-12 3.541774447805540228e-12 4.363413256449391670e-12
6.909871644489005764e-13 1.116209398220104629e-12 5.599573328377907990e-13 3.647402363517924341e-13 2.343730652026356849e-13 1.693221686008416190e-13 1.022949624164449872e-13 1.406717083660482125e-13 2.491476702469813499e-13 3.528943559554659591e-13 4.162325951133407360e-13 6.429583051012184421e-13 8.704392329301507772e-13 1.058875678717795933e-12 1.066307458958305520e-12 1.130158907150960314e-12 1.266586874555039002e-12 1.491198757623942187e-12 1.437426376269730715e-12 1.485879643385126231e-12
5.326316971466328991e-13 5.599573328377907990e-13 1.012303464366844273e-12 6.093210827288093975e-13 3.490378078406413487e-13 2.218988351950476966e-13 2.117684460807488675e-13 1.462504057646643621e-13 2.442250546265906315e-13 2.366192623742023420e-13 2.392764904761683368e-13 2.861417321785092483e-13 3.199233213927870376e-13 2.413205363315395634e-13 1.317337645513598919e-13 1.585596602302642508e-13 1.683689213704960893e-13 2.051769764129147933e-13 -2.347695004754217743e-14 -3.753788038988546026e-13
3.851386197406528608e-13 3.647402363517924341e-13 6.093210827288093975e-13 1.021919237825012627e-12 6.230013788384499011e-13 3.837088888198737018e-13 2.388024490388020958e-13 1.673981782744112723e-13 1.733607508612830157e-13 1.589763165738340347e-13 2.472877139391612240e-13 2.827961404245743095e-13 3.274650100442716761e-13 2.248763676066069004e-13 4.168742654662451593e-14 1.536254736236429361e-13 4.803988853013916121e-13 9.143021049653833145e-13 1.131602468453396939e-12 1.191221021520823447e-12
2.078964486852723218e-13 2.343730652026356849e-13 3.490378078406413487e-13 6.230013788384499011e-13 9.357706402111243673e-13 6.009507092959157825e-13 3.844519140406960733e-13 3.347505577658858999e-13 2.990852682604029188e-13 3.578181734590799424e-13 4.895902499204345348e-13 4.552627724610218257e-13 4.742584014071249230e-13 3.928112894608713304e-13 1.671844862492974774e-13 1.229538199991211863e-13 3.072147183637751228e-13 5.647347524191284487e-13 6.759932056716347133e-13 8.061577214827567168e-13
2.605793769307485807e-13 1.693221686008416190e-13 2.218988351950476966e-13 3.837088888198737018e-13 6.009507092959157825e-13 8.783016657817519942e-13 6.355983107283872085e-13 5.726610662151178531e-13 5.117834872415504470e-13 5.621155352266955104e-13 7.022930224155217943e-13 7.572317510264974108e-13 8.134567550175223896e-13 7.955373470045287333e-13 6.283749946459059042e-13 6.408238454366337769e-13 9.737542565118107409e-13 1.322121367464712191e-12 1.654495050209826841e-12 1.936697976377858394e-12
2.138351382489755887e-13 1.022949624164449872e-13 2.117684460807488675e-13 2.388024490388020958e-13 3.844519140406960733e-13 6.355983107283872085e-13 9.437877741181467963e-13 8.396395139582130599e-13 7.431141365111645633e-13 7.335105947079537185e-13 7.943887804116027840e-13 8.619486681259843330e-13 9.398222343849557583e-13 1.020236572819137653e-12 9.539911452364372106e-13 9.610166995345951809e-13 1.055237975150713375e-12 1.290609109666356682e-12 1.817335702232345348e-12 2.321520517216035240e-12
1.736018810937505229e-13 1.406717083660482125e-13 1.462504057646643621e-13 1.673981782744112723e-13 3.347505577658858999e-13 5.726610662151178531e-13 8.396395139582130599e-13 1.193596841300855409e-12 1.078344644872785279e-12 1.122959587249473990e-12 1.266693136012832779e-12 1.339771435165755156e-12 1.454988457636144640e-12 1.507142156246334446e-12 1.406193290933033568e-12 1.282777627490793250e-12 1.199321534371209187e-12 1.439567885402879332e-12 1.948166077737456014e-12 2.437238983530071499e-12
1.634773166874794347e-13 2.491476702469813499e-13 2.442250546265906315e-13 1.733607508612830157e-13 2.990852682604029188e-13 5.117834872415504470e-13 7.431141365111645633e-13 1.078344644872785279e-12 1.402929355857873771e-12 1.477649822913813912e-12 1.631846721091242113e-12 1.717520279469442333e-12 1.899429755066656919e-12 1.941305172692046110e-12 1.846347674503680701e-12 1.690597052569586085e-12 1.555747209955554385e-12 1.856503556164731582e-12 2.268478869471232828e-12 2.698564303182809064e-12
1.832970811129134360e-13 3.528943559554659591e-13 2.366192623742023420e-13 1.589763165738340347e-13 3.578181734590799424e-13 5.621155352266955104e-13 7.335105947079537185e-13 1.122959587249473990e-12 1.477649822913813912e-12 2.114254317646161473e-12 2.430145024248753655e-12 2.636053080091562050e-12 3.035579341746804938e-12 3.198751852586224749e-12 3.191455788687053662e-12 3.079640556180313376e-12 2.983311163480783369e-12 3.032882259964039120e-12 3.171444303342556200e-12 3.770147648985828810e-12
1.023436631741269960e-13 4.162325951133407360e-13 2.392764904761683368e-13 2.472877139391612240e-13 4.895902499204345348e-13 7.022930224155217943e-13 7.943887804116027840e-13 1.266693136012832779e-12 1.631846721091242113e-12 2.430145024248753655e-12 3.353013075240455735e-12 3.796804215318589408e-12 4.407892769556370532e-12 4.686332336978640360e-12 4.872354633226272194e-12 5.104354026882279429e-12 5.581124676983700101e-12 6.014745814440023283e-12 6.235468145228847701e-12 7.217452199512364675e-12
2.975517727878788690e-13 6.429583051012184421e-13 2.861417321785092483e-13 2.827961404245743095e-13 4.552627724610218257e-13 7.572317510264974108e-13 8.619486681259843330e-13 1.339771435165755156e-12 1.717520279469442333e-12 2.636053080091562050e-12 3.796804215318589408e-12 4.982365355709547581e-12 6.027326236608868567e-12 6.779696078909938601e-12 7.442770602974971778e-12 7.976469155933634876e-12 8.662255847523379963e-12 9.174588827398089608e-12 9.292187104130158189e-12 1.047195192039487583e-11
4.797660683722265910e-13 8.704392329301507772e-13 3.199233213927870376e-13 3.274650100442716761e-13 4.742584014071249230e-13 8.134567550175223896e-13 9.398222343849557583e-13 1.454988457636144640e-12 1.899429755066656919e-12 3.035579341746804938e-12 4.407892769556370532e-12 6.027326236608868567e-12 8.024166539420225625e-12 9.575063495077303779e-12 1.089465608000400418e-11 1.163258757856052102e-11 1.240676048723105827e-11 1.301465405197986205e-11 1.320928330552645054e-11 1.488139728641280238e-11
7.756023279547882807e-13 1.058875678717795933e-12 2.413205363315395634e-13 2.248763676066069004e-13 3.928112894608713304e-13 7.955373470045287333e-13 1.020236572819137653e-12 1.507142156246334446e-12 1.941305172692046110e-12 3.198751852586224749e-12 4.686332336978640360e-12 6.779696078909938601e-12 9.575063495077303779e-12 1.280766718471389261e-11 1.570893348148790286e-11 1.731244449922877228e-11 1.862060603240223845e-11 1.965135130213371503e-11 2.037777293635207606e-11 2.296205064437418659e-11
1.019148683015137390e-12 1.066307458958305520e-12 1.317337645513598919e-13 4.168742654662451593e-14 1.671844862492974774e-13 6.283749946459059042e-13 9.539911452364372106e-13 1.406193290933033568e-12 1.846347674503680701e-12 3.191455788687053662e-12 4.872354633226272194e-12 7.442770602974971778e-12 1.089465608000400418e-11 1.570893348148790286e-11 2.105305232335360480e-11 2.448604276090042709e-11 2.726268296626396462e-11 2.955997870201347058e-11 3.126130718001007120e-11 3.524073010703600868e-11
1.261276371733031168e-12 1.130158907150960314e-12 1.585596602302642508e-13 1.536254736236429361e-13 1.229538199991211863e-13 6.408238454366337769e-13 9.610166995345951809e-13 1.282777627490793250e-12 1.690597052569586085e-12 3.079640556180313376e-12 5.104354026882279429e-12 7.976469155933634876e-12 1.163258757856052102e-11 1.731244449922877228e-11 2.448604276090042709e-11 3.144510606915070059e-11 3.806360915386401260e-11 4.373372865105405359e-11 4.791053342253390901e-11 5.443946593918594327e-11
1.728549209623065113e-12 1.266586874555039002e-12 1.683689213704960893e-13 4.803988853013916121e-13 3.072147183637751228e-13 9.737542565118107409e-13 1.055237975150713375e-12 1.199321534371209187e-12 1.555747209955554385e-12 2.983311163480783369e-12 5.581124676983700101e-12 8.662255847523379963e-12 1.240676048723105827e-11 1.862060603240223845e-11 2.726268296626396462e-11 3.806360915386401260e-11 5.176951653966420351e-11 6.488346331604640457e-11 7.439906573804437241e-11 8.571942365505257183e-11
2.575596266509188439e-12 1.491198757623942187e-12 2.051769764129147933e-13 9.143021049653833145e-13 5.647347524191284487e-13 1.322121367464712191e-12 1.290609109666356682e-12 1.439567885402879332e-12 1.856503556164731582e-12 3.032882259964039120e-12 6.014745814440023283e-12 9.174588827398089608e-12 1.301465405197986205e-11 1.965135130213371503e-11 2.955997870201347058e-11 4.373372865105405359e-11 6.488346331604640457e-11 9.036443497047990764e-11 1.108939537026898320e-10 1.303682496614020649e-10
3.541774447805540228e-12 1.437426376269730715e-12 -2.347695004754217743e-14 1.131602468453396939e-12 6.759932056716347133e-13 1.654495050209826841e-12 1.817335702232345348e-12 1.948166077737456014e-12 2.268478869471232828e-12 3.171444303342556200e-12 6.235468145228847701e-12 9.292187104130158189e-12 1.320928330552645054e-11 2.037777293635207606e-11 3.126130718001007120e-11 4.791053342253390901e-11 7.439906573804437241e-11 1.108939537026898320e-10 1.468996165595158127e-10 1.801766059247722762e-10
4.363413256449391670e-12 1.485879643385126231e-12 -3.753788038988546026e-13 1.191221021520823447e-12 8.061577214827567168e-13 1.936697976377858394e-12 2.321520517216035240e-12 2.437238983530071499e-12 2.698564303182809064e-12 3.770147648985828810e-12 7.217452199512364675e-12 1.047195192039487583e-11 1.488139728641280238e-11 2.296205064437418659e-11 3.524073010703600868e-11 5.443946593918594327e-11 8.571942365505257183e-11 1.303682496614020649e-10 1.801766059247722762e-10 2.347490081428857182e-10
