6.527723648674627633e-11 4.778747933250646562e-11 3.375464015452850824e-11 3.513287009676461064e-11 2.898017680755032205e-11 2.306440620840326291e-11 1.838056072253582108e-11 1.502233483012614471e-11 1.568039992080232180e-11 1.371987173832538042e-11 1.201589272643561635e-11 9.233460683628350155e-12 7.903307253342314751e-12 7.726156348632796243e-12 6.715772752691786008e-12 4.790288746751269817e-12 3.492629427312604641e-12 1.523669346284043304e-12 1.593714718712680926e-12 3.830491362679514094e-13
4.778747933250646562e-11 5.422848546901660389e-11 3.739400044760538993e-11 3.690497918839441213e-11 2.921659684991244359e-11 2.249277557554790868e-11 1.834261980997285937e-11 1.447059207781963053e-11 1.347261139888966662e-11 1.177061692344386488e-11 1.066865276342517664e-11 8.810646438117400044e-12 8.015765360154961979e-12 6.497736743657464901e-12 5.299098583077879420e-12 4.064528491325915295e-12 2.562591245895240008e-12 1.202413562875604985e-12 1.457909090640394097e-12 1.330959556400651392e-13
3.375464015452850824e-11 3.739400044760538993e-11 3.679875276218131096e-11 3.260988166262808712e-11 2.620475680718089069e-11 1.919883424006941859e-11 1.638822233426838584e-11 1.302263182902161043e-11 1.189606309317628448e-11 9.307566696998503057e-12 8.899849094635287597e-12 8.466334063034171930e-12 7.780906699298737770e-12 7.039195459123254406e-12 5.225801201544754638e-12 4.317152033534628219e-12 2.887863005924227855e-12 2.298673276902653755e-12 1.693322750622265266e-12 7.273726915957141171e-13
3.513287009676461064e-11 3.690497918839441213e-11 3.260988166262808712e-11 4.210001256029743363e-11 3.166382250034689574e-11 2.338424426902083094e-11 1.983727742501965583e-11 1.618373356630381164e-11 1.427293515637018171e-11 1.116509213501270633e-11 9.043792876920979775e-12 9.374693961227509227e-12 8.846092977478155187e-12 7.363258708386944100e-12 5.819048879682348840e-12 6.050633995968115227e-12 3.812439473350641804e-12 3.276643411540678104e-12 2.078500205281629186e-12 -1.284469046243156275e-13
2.898017680755032205e-11 2.921659684991244359e-11 2.620475680718089069e-11 3.166382250034689574e-11 3.273999913252043546e-11 2.455059476839563513e-11 2.044606390910256087e-11 1.673983966734309654e-11 1.400888261004699859e-11 1.049603744454450427e-11 9.071643850466015813e-12 7.988527065680144747e-12 7.226772900891017681e-12 6.573046191185949896e-12 6.098588965010253622e-12 6.081914260628005777e-12 4.733520650405833247e-12 4.245990062716610452e-12 2.767428001733296096e-12 1.621999445158826148e-12
2.306440620840326291e-11 2.249277557554790868e-11 1.919883424006941859e-11 2.338424426902083094e-11 2.455059476839563513e-11 2.734617933450096917e-11 2.162534725983886886e-11 1.662705355085453124e-11 1.385846343969031920e-11 1.083975514943277289e-11 8.452513291153352407e-12 6.996247162171176097e-12 6.028332480157059384e-12 4.844229558508994503e-12 5.313174878159809397e-12 5.058182193308233062e-12 4.128101239268932260e-12 3.484712860566689923e-12 2.800329239565369023e-12 1.973469912310901202e-12
1.838056072253582108e-11 1.834261980997285937e-11 1.638822233426838584e-11 1.983727742501965583e-11 2.044606390910256087e-11 2.162534725983886886e-11 2.342619088774262612e-11 1.845147387493997786e-11 1.387618866886027706e-11 1.063093786968334581e-11 9.016928550894874523e-12 7.408554367709209152e-12 5.573103811635995645e-12 4.895589320757917883e-12 4.997652131625562246e-12 5.082604931427200415e-12 4.610782336815839648e-12 3.773426889539016192e-12 2.743302707528582908e-12 1.944570479442730055e-12
1.502233483012614471e-11 1.447059207781963053e-11 1.302263182902161043e-11 1.618373356630381164e-11 1.673983966734309654e-11 1.662705355085453124e-11 1.845147387493997786e-11 2.107600306192386468e-11 1.640588918399317306e-11 1.200026264391737938e-11 1.000780156862334173e-11 7.960846390515162478e-12 5.754889829849208034e-12 5.188198228983207290e-12 5.014232874461383217e-12 5.421290400884720601e-12 5.100671255729527329e-12 4.205193398703252341e-12 3.062212021755413625e-12 1.849656067726530366e-12
1.568039992080232180e-11 1.347261139888966662e-11 1.189606309317628448e-11 1.427293515637018171e-11 1.400888261004699859e-11 1.385846343969031920e-11 1.387618866886027706e-11 1.640588918399317306e-11 1.853636305420718977e-11 1.399025806372513839e-11 1.125547464167190698e-11 8.734487703235721499e-12 6.466541947083416438e-12 5.570353728153355998e-12 4.690896698034380008e-12 4.228835213434794514e-12 3.272195881105799131e-12 1.782300152749461796e-12 6.689293069407138470e-13 -6.084764839958770723e-13
1.371987173832538042e-11 1.177061692344386488e-11 9.307566696998503057e-12 1.116509213501270633e-11 1.049603744454450427e-11 1.083975514943277289e-11 1.063093786968334581e-11 1.200026264391737938e-11 1.399025806372513839e-11 1.591651678146254066e-11 1.276032717962666552e-11 9.111592163145547410e-12 6.953528763712691459e-12 6.211097674950058093e-12 5.018108336584726834e-12 5.364945287730228620e-12 4.596933196673927872e-12 2.984768277183948898e-12 1.537656817097533166e-12 1.109597969567327653e-13
1.201589272643561635e-11 1.066865276342517664e-11 8.899849094635287597e-12 9.043792876920979775e-12 9.071643850466015813e-12 8.452513291153352407e-12 9.016928550894874523e-12 1.000780156862334173e-11 1.125547464167190698e-11 1.276032717962666552e-11 1.607682961932305507e-11 1.161180010345324916e-11 7.962382992505548124e-12 7.258505052294410709e-12 6.094339517247153772e-12 6.092777752622959964e-12 5.758679573375322777e-12 3.255171937713174360e-12 1.946662939742852760e-12 1.270273724994778956e-12
9.233460683628350155e-12 8.810646438117400044e-12 8.466334063034171930e-12 9.374693961227509227e-12 7.988527065680144747e-12 6.996247162171176097e-12 7.408554367709209152e-12 7.960846390515162478e-12 8.734487703235721499e-12 9.111592163145547410e-12 1.161180010345324916e-11 1.283312036158515314e-11 9.369345430390356431e-12 7.800206345238854472e-12 6.252777942129669264e-12 5.576932157810452375e-12 4.766102626820205241e-12 2.642706248455804461e-12 1.217912938102049441e-12 -7.967527958572295444e-14
7.903307253342314751e-12 8.015765360154961979e-12 7.780906699298737770e-12 8.846092977478155187e-12 7.226772900891017681e-12 6.028332480157059384e-12 5.573103811635995645e-12 5.754889829849208034e-12 6.466541947083416438e-12 6.953528763712691459e-12 7.962382992505548124e-12 9.369345430390356431e-12 1.096336921992769528e-11 9.264400268346222304e-12 7.391460836461287504e-12 6.505096924274785212e-12 4.832821741682051697e-12 2.819737336435273893e-12 1.639018155918607499e-12 5.016118135200613134e-14
7.726156348632796243e-12 6.497736743657464901e-12 7.039195459123254406e-12 7.363258708386944100e-12 6.573046191185949896e-12 4.844229558508994503e-12 4.895589320757917883e-12 5.188198228983207290e-12 5.570353728153355998e-12 6.211097674950058093e-12 7.258505052294410709e-12 7.800206345238854472e-12 9.264400268346222304e-12 1.152664811903510941e-11 8.895383328105925380e-12 7.399915727571449860e-12 6.035734209016057612e-12 3.566555857381749819e-12 2.141758580132993297e-12 9.688637407129968024e-13
6.715772752691786008e-12 5.299098583077879420e-12 5.225801201544754638e-12 5.819048879682348840e-12 6.098588965010253622e-12 5.313174878159809397e-12 4.997652131625562246e-12 5.014232874461383217e-12 4.690896698034380008e-12 5.018108336584726834e-12 6.094339517247153772e-12 6.252777942129669264e-12 7.391460836461287504e-12 8.895383328105925380e-12 1.025428353063075759e-11 8.761983432459580346e-12 7.078271740257058496e-12 4.821263873631307106e-12 3.442684927590684082e-12 2.107333185342677309e-12
4.790288746751269817e-12 4.064528491325915295e-12 4.317152033534628219e-12 6.050633995968115227e-12 6.081914260628005777e-12 5.058182193308233062e-12 5.082604931427200415e-12 5.421290400884720601e-12 4.228835213434794514e-12 5.364945287730228620e-12 6.092777752622959964e-12 5.576932157810452375e-12 6.505096924274785212e-12 7.399915727571449860e-12 8.761983432459580346e-12 1.088394742271035156e-11 9.226489124108399565e-12 6.602320304538527828e-12 4.730459982149056276e-12 2.848463175871717480e-12
3.492629427312604641e-12 2.562591245895240008e-12 2.887863005924227855e-12 3.812439473350641804e-12 4.733520650405833247e-12 4.128101239268932260e-12 4.610782336815839648e-12 5.100671255729527329e-12 3.272195881105799131e-12 4.596933196673927872e-12 5.758679573375322777e-12 4.766102626820205241e-12 4.832821741682051697e-12 6.035734209016057612e-12 7.078271740257058496e-12 9.226489124108399565e-12 1.106457067204621999e-11 9.371740401248573032e-12 6.822349718234873217e-12 4.564896162974554762e-12
1.523669346284043304e-12 1.202413562875604985e-12 2.298673276902653755e-12 3.276643411540678104e-12 4.245990062716610452e-12 3.484712860566689923e-12 3.773426889539016192e-12 4.205193398703252341e-12 1.782300152749461796e-12 2.984768277183948898e-12 3.255171937713174360e-12 2.642706248455804461e-12 2.819737336435273893e-12 3.566555857381749819e-12 4.821263873631307106e-12 6.602320304538527828e-12 9.371740401248573032e-12 1.210611511676886278e-11 9.580710432633876723e-12 6.479438353301741864e-12
1.593714718712680926e-12 1.457909090640394097e-12 1.693322750622265266e-12 2.078500205281629186e-12 2.767428001733296096e-12 2.800329239565369023e-12 2.743302707528582908e-12 3.062212021755413625e-12 6.689293069407138470e-13 1.537656817097533166e-12 1.946662939742852760e-12 1.217912938102049441e-12 1.639018155918607499e-12 2.141758580132993297e-12 3.442684927590684082e-12 4.730459982149056276e-12 6.822349718234873217e-12 9.580710432633876723e-12 1.112131860136852157e-11 8.829081822918072854e-12
3.830491362679514094e-13 1.330959556400651392e-13 7.273726915957141171e-13 -1.284469046243156275e-13 1.621999445158826148e-12 1.973469912310901202e-12 1.944570479442730055e-12 1.849656067726530366e-12 -6.084764839958770723e-13 1.109597969567327653e-13 1.270273724994778956e-12 -7.967527958572295444e-14 5.016118135200613134e-14 9.688637407129968024e-13 2.107333185342677309e-12 2.848463175871717480e-12 4.564896162974554762e-12 6.479438353301741864e-12 8.829081822918072854e-12 1.047608199460685579e-11
