7.557833310155649188e-11 1.498311726553509582e-11 1.296283785007816665e-11 9.702260745769577747e-12 6.420638501215630703e-12 3.292098015479961516e-12 4.844605819944945701e-12 3.780721934627827750e-12 -4.756152145620513162e-13 1.326975872257121704e-12 -1.216039914037060195e-13 1.596172706172951842e-12 -4.557585831893218741e-13 -2.720674006533736731e-12 -2.016380233547066293e-12 -3.607227190044545859e-12 -7.533113484367841828e-12 -9.965632970778776890e-12 -1.385697917646984797e-11 -1.965596798698923612e-11 -3.383313017571361387e-11 -2.453346243519684861e-11 2.078458950339229082e-12 2.487897417868282351e-11 8.564430989039698012e-12 -4.310201934211624920e-12
1.498311726553509582e-11 5.730605002109387601e-11 1.409430536882934542e-11 1.224593245374849567e-11 7.992096772061800342e-12 4.461735014054629697e-12 4.099127295743328749e-12 4.580835857236850228e-13 1.779341402536901718e-12 2.688748724594087670e-12 5.935749201961351426e-13 1.409732823631298518e-12 7.105302226237780162e-13 -2.981906879475417868e-12 -1.846422201758562738e-12 -5.439722399490116198e-13 -2.557242215963651785e-12 -4.129482790315282036e-12 -7.319571372879403367e-14 3.096865083140400220e-12 -4.146734935360399668e-12 -5.058107636817766625e-12 1.694109597786675221e-12 1.548329907464515562e-11 -4.994005284589442380e-12 -9.910479356242375061e-12
1.296283785007816665e-11 1.409430536882934542e-11 3.888093511220162421e-11 1.442920449138799820e-11 5.936790828335586294e-12 4.171804769949093801e-12 3.822827081128567938e-12 3.439500429713256025e-12 1.172246983157769553e-12 1.116125127973238132e-12 -3.995037494939565669e-13 1.727955653227232996e-12 9.949941531525135080e-13 9.296418808845264633e-13 -1.210422888124535556e-12 -4.798525409844106552e-13 2.558656543196819682e-13 -2.088453636317164169e-12 8.294095711068553669e-14 2.112272804908133363e-12 -4.663794594467750321e-12 -8.163561796775640512e-12 -6.679859847538851403e-12 4.658470185376162228e-12 9.984183590369225421e-12 1.697900036912570707e-11
9.702260745769577747e-12 1.224593245374849567e-11 1.442920449138799820e-11 3.652732729120111228e-11 1.367306792148783720e-11 8.992047460165095301e-12 7.570302657359026536e-12 4.001316824210154741e-12 3.717569848770655115e-12 1.510714956893080183e-12 2.929084571377397132e-13 4.822454086557442082e-14 2.887335314131623769e-13 1.594504590819987075e-12 3.807280526667482832e-12 4.124670051730274092e-12 6.066589812832685131e-12 6.799395131724341738e-12 1.387378594956437721e-11 1.853158190540276407e-11 1.454997478609630963e-11 1.074117531947861849e-11 3.039218054202767907e-12 6.041240803308669208e-13 6.374135829605753922e-12 6.686792833631133747e-12
6.420638501215630703e-12 7.992096772061800342e-12 5.936790828335586294e-12 1.367306792148783720e-11 2.770250605790791714e-11 1.166988342460666583e-11 6.379377403765284889e-12 2.239966270933779297e-12 1.897794026399692626e-12 3.709589560720264668e-12 2.294018681571320288e-12 4.928222354181056220e-12 2.817036821061943015e-12 1.411837711464805943e-12 2.985352869715857197e-12 5.186411954770505109e-12 7.205707369674054342e-12 7.243401513570793460e-12 1.233572365303488968e-11 1.363652962472557964e-11 1.073544563442657627e-11 7.367017464357879559e-12 6.080933512106604157e-12 7.332203098454312022e-12 -7.034571098298559973e-12 -1.797105480481750816e-11
3.292098015479961516e-12 4.461735014054629697e-12 4.171804769949093801e-12 8.992047460165095301e-12 1.166988342460666583e-11 2.415957318776174939e-11 1.493733547828211985e-11 1.104936273126820953e-11 6.877047342285738396e-12 7.536809858492184314e-12 6.895290791916277957e-12 7.837543652552434842e-12 8.282766818392419512e-12 5.848573602371076114e-12 7.459613312437540040e-12 9.395442784303492389e-12 1.023265969691565874e-11 9.365123164354412304e-12 1.281128219875946250e-11 1.429586108010909504e-11 1.509057858529237742e-11 1.480188966287335396e-11 1.344398301514255363e-11 8.566389447139537446e-12 1.333314145264347365e-11 4.521413307653702788e-12
4.844605819944945701e-12 4.099127295743328749e-12 3.822827081128567938e-12 7.570302657359026536e-12 6.379377403765284889e-12 1.493733547828211985e-11 2.415184807644327187e-11 1.846741302976334591e-11 1.239008120302957357e-11 1.154869752674816549e-11 9.337404827316004474e-12 7.389722621825426657e-12 6.235093561983056827e-12 5.618452005811378092e-12 8.081364117757438562e-12 1.106320638765776855e-11 1.280960017747823308e-11 1.429833041945363117e-11 1.723034046678836656e-11 1.700747828014190045e-11 1.338023688950840560e-11 6.396306178701451133e-12 3.691906574465872565e-12 -2.582568674512396126e-13 1.317196582986324006e-11 1.246961618586157508e-11
3.780721934627827750e-12 4.580835857236850228e-13 3.439500429713256025e-12 4.001316824210154741e-12 2.239966270933779297e-12 1.104936273126820953e-11 1.846741302976334591e-11 2.921107290959867886e-11 2.175859260745467726e-11 1.748661055853881649e-11 1.387071343109917942e-11 1.231285247323238147e-11 1.230178876792357480e-11 1.346085750263636540e-11 1.439127006103246120e-11 1.679452854248730283e-11 2.104525552705802352e-11 2.532518551142292248e-11 3.002215191607510647e-11 3.280539345919894251e-11 3.032219246996244248e-11 1.646653907622560268e-11 9.331732021949101648e-12 2.371731467765668674e-12 6.989570264181888632e-12 8.500579222291426641e-12
-4.756152145620513162e-13 1.779341402536901718e-12 1.172246983157769553e-12 3.717569848770655115e-12 1.897794026399692626e-12 6.877047342285738396e-12 1.239008120302957357e-11 2.175859260745467726e-11 2.945645921177744827e-11 2.518195024019239442e-11 2.115637198308540431e-11 2.024233193999475264e-11 2.116507127893230872e-11 2.348180166208752295e-11 2.603123753448363768e-11 2.773781434540823905e-11 3.236169569104128345e-11 3.730068724762785027e-11 4.479828755774293878e-11 5.177516568070721314e-11 5.579517453818190766e-11 4.117298975885625496e-11 2.710984904570472805e-11 6.989340142857529135e-12 5.412996698866771619e-12 8.621259559983486871e-12
1.326975872257121704e-12 2.688748724594087670e-12 1.116125127973238132e-12 1.510714956893080183e-12 3.709589560720264668e-12 7.536809858492184314e-12 1.154869752674816549e-11 1.748661055853881649e-11 2.518195024019239442e-11 3.323256805157175193e-11 2.898729045416129002e-11 2.729904836655951320e-11 2.849794306727194335e-11 3.068515882993088726e-11 3.307995564179581170e-11 3.453856229295568297e-11 3.847506156559912055e-11 4.264572539282805697e-11 4.978591858039454597e-11 5.536675708060192053e-11 5.527594334817555739e-11 4.038212127829454196e-11 3.530015024282002516e-11 2.568223245758901691e-11 1.601917023711696653e-11 -3.887176250919978179e-13
-1.216039914037060195e-13 5.935749201961351426e-13 -3.995037494939565669e-13 2.929084571377397132e-13 2.294018681571320288e-12 6.895290791916277957e-12 9.337404827316004474e-12 1.387071343109917942e-11 2.115637198308540431e-11 2.898729045416129002e-11 3.770003606667419967e-11 3.623758149357087321e-11 3.617890342890462289e-11 3.951047067466457397e-11 4.217186872949183002e-11 4.365870640600308620e-11 4.924158612620321800e-11 5.487487893107236349e-11 6.061173670830313124e-11 6.699877239904534659e-11 6.421574315013377604e-11 4.090204430236148728e-11 2.511596841686994020e-11 1.601077904476043809e-11 1.846678236790928173e-11 -7.646960971655676593e-12
1.596172706172951842e-12 1.409732823631298518e-12 1.727955653227232996e-12 4.822454086557442082e-14 4.928222354181056220e-12 7.837543652552434842e-12 7.389722621825426657e-12 1.231285247323238147e-11 2.024233193999475264e-11 2.729904836655951320e-11 3.623758149357087321e-11 5.174476118335993964e-11 5.465420590800196559e-11 5.806130844551968145e-11 6.134397563386328711e-11 6.392426254735085467e-11 7.059931744219639008e-11 7.656340669946668552e-11 8.298301348802833640e-11 9.066745335527079534e-11 8.600180584884046796e-11 5.338695479615705698e-11 4.124439337084327368e-11 2.602600434065054723e-11 4.273384516372137756e-12 -1.840748090228348131e-11
-4.557585831893218741e-13 7.105302226237780162e-13 9.949941531525135080e-13 2.887335314131623769e-13 2.817036821061943015e-12 8.282766818392419512e-12 6.235093561983056827e-12 1.230178876792357480e-11 2.116507127893230872e-11 2.849794306727194335e-11 3.617890342890462289e-11 5.465420590800196559e-11 7.263221024590952088e-11 8.045561778003305835e-11 8.571584973001138647e-11 8.964530336910196559e-11 9.694191936553199763e-11 1.052100574881349491e-10 1.147627864552566010e-10 1.258955741387443132e-10 1.165563075384037990e-10 6.315635405126784684e-11 4.067376024609906580e-11 2.585803746119287621e-11 1.507300518397352655e-11 -7.149596196808507356e-12
-2.720674006533736731e-12 -2.981906879475417868e-12 9.296418808845264633e-13 1.594504590819987075e-12 1.411837711464805943e-12 5.848573602371076114e-12 5.618452005811378092e-12 1.346085750263636540e-11 2.348180166208752295e-11 3.068515882993088726e-11 3.951047067466457397e-11 5.806130844551968145e-11 8.045561778003305835e-11 1.103637227434128047e-10 1.223963029109876924e-10 1.302520990722460510e-10 1.410937175195422887e-10 1.558394965883093031e-10 1.699717289705662951e-10 1.812699617175015893e-10 1.596325454211727975e-10 7.306679651087895827e-11 2.252842098350488608e-11 4.717662059999837605e-12 1.229101326919364247e-11 -3.605908485819727045e-12
-2.016380233547066293e-12 -1.846422201758562738e-12 -1.210422888124535556e-12 3.807280526667482832e-12 2.985352869715857197e-12 7.459613312437540040e-12 8.081364117757438562e-12 1.439127006103246120e-11 2.603123753448363768e-11 3.307995564179581170e-11 4.217186872949183002e-11 6.134397563386328711e-11 8.571584973001138647e-11 1.223963029109876924e-10 1.607841399429388049e-10 1.822781245065309684e-10 2.036438976502307835e-10 2.258471170612635138e-10 2.452474970154913374e-10 2.595506959580843665e-10 2.379297443571604910e-10 1.226734037872568255e-10 4.407291958287515256e-11 4.200333144414266455e-13 -3.431924071704073516e-12 -1.188894055626462848e-12
-3.607227190044545859e-12 -5.439722399490116198e-13 -4.798525409844106552e-13 4.124670051730274092e-12 5.186411954770505109e-12 9.395442784303492389e-12 1.106320638765776855e-11 1.679452854248730283e-11 2.773781434540823905e-11 3.453856229295568297e-11 4.365870640600308620e-11 6.392426254735085467e-11 8.964530336910196559e-11 1.302520990722460510e-10 1.822781245065309684e-10 2.323020791179852749e-10 2.746029388279881897e-10 3.094694008598994134e-10 3.354481682598844753e-10 3.546715787026720374e-10 3.335052157312764692e-10 1.786254712364413943e-10 5.991178450035547680e-11 -4.041727750757853647e-12 -1.133516435765028170e-11 -1.364391124554052077e-11
-7.533113484367841828e-12 -2.557242215963651785e-12 2.558656543196819682e-13 6.066589812832685131e-12 7.205707369674054342e-12 1.023265969691565874e-11 1.280960017747823308e-11 2.104525552705802352e-11 3.236169569104128345e-11 3.847506156559912055e-11 4.924158612620321800e-11 7.059931744219639008e-11 9.694191936553199763e-11 1.410937175195422887e-10 2.036438976502307835e-10 2.746029388279881897e-10 3.603512734904735451e-10 4.268169282104846014e-10 4.708289324572693668e-10 5.042068706291839460e-10 4.804865245943076048e-10 2.671145342163379375e-10 8.674893438789019511e-11 -3.589217001634047047e-12 -1.970424558457946846e-11 -3.596039982773418577e-11
-9.965632970778776890e-12 -4.129482790315282036e-12 -2.088453636317164169e-12 6.799395131724341738e-12 7.243401513570793460e-12 9.365123164354412304e-12 1.429833041945363117e-11 2.532518551142292248e-11 3.730068724762785027e-11 4.264572539282805697e-11 5.487487893107236349e-11 7.656340669946668552e-11 1.052100574881349491e-10 1.558394965883093031e-10 2.258471170612635138e-10 3.094694008598994134e-10 4.268169282104846014e-10 5.591293805411144050e-10 6.503272171077671138e-10 7.159957492597167772e-10 6.980240803328943011e-10 4.360032547617459454e-10 1.694289120273800616e-10 1.729254866930214841e-11 -4.061773157583926938e-11 -7.876490570883783617e-11
-1.385697917646984797e-11 -7.319571372879403367e-14 8.294095711068553669e-14 1.387378594956437721e-11 1.233572365303488968e-11 1.281128219875946250e-11 1.723034046678836656e-11 3.002215191607510647e-11 4.479828755774293878e-11 4.978591858039454597e-11 6.061173670830313124e-11 8.298301348802833640e-11 1.147627864552566010e-10 1.699717289705662951e-10 2.452474970154913374e-10 3.354481682598844753e-10 4.708289324572693668e-10 6.503272171077671138e-10 8.347373230929580825e-10 9.816985613621384022e-10 1.004769389448090007e-09 7.147163078318057500e-10 3.256864917279433010e-10 5.566576518147241914e-11 -4.612085254280775583e-11 -1.023677525275210835e-10
-1.965596798698923612e-11 3.096865083140400220e-12 2.112272804908133363e-12 1.853158190540276407e-11 1.363652962472557964e-11 1.429586108010909504e-11 1.700747828014190045e-11 3.280539345919894251e-11 5.177516568070721314e-11 5.536675708060192053e-11 6.699877239904534659e-11 9.066745335527079534e-11 1.258955741387443132e-10 1.812699617175015893e-10 2.595506959580843665e-10 3.546715787026720374e-10 5.042068706291839460e-10 7.159957492597167772e-10 9.816985613621384022e-10 1.269774106687462756e-09 1.399262693244729250e-09 1.123759655545605094e-09 6.010841772129424826e-10 1.282255005664183024e-10 -5.401842374872728014e-11 -1.441649600634063570e-10
-3.383313017571361387e-11 -4.146734935360399668e-12 -4.663794594467750321e-12 1.454997478609630963e-11 1.073544563442657627e-11 1.509057858529237742e-11 1.338023688950840560e-11 3.032219246996244248e-11 5.579517453818190766e-11 5.527594334817555739e-11 6.421574315013377604e-11 8.600180584884046796e-11 1.165563075384037990e-10 1.596325454211727975e-10 2.379297443571604910e-10 3.335052157312764692e-10 4.804865245943076048e-10 6.980240803328943011e-10 1.004769389448090007e-09 1.399262693244729250e-09 1.710010467866841611e-09 1.558598903422756159e-09 9.675461567701708207e-10 2.327596768616063443e-10 -8.983363459644959804e-11 -2.031227214518590734e-10
-2.453346243519684861e-11 -5.058107636817766625e-12 -8.163561796775640512e-12 1.074117531947861849e-11 7.367017464357879559e-12 1.480188966287335396e-11 6.396306178701451133e-12 1.646653907622560268e-11 4.117298975885625496e-11 4.038212127829454196e-11 4.090204430236148728e-11 5.338695479615705698e-11 6.315635405126784684e-11 7.306679651087895827e-11 1.226734037872568255e-10 1.786254712364413943e-10 2.671145342163379375e-10 4.360032547617459454e-10 7.147163078318057500e-10 1.123759655545605094e-09 1.558598903422756159e-09 1.765164740421361621e-09 1.377640213764645085e-09 4.998746811697881872e-10 -8.300468775794756840e-11 -2.292334950071606450e-10
2.078458950339229082e-12 1.694109597786675221e-12 -6.679859847538851403e-12 3.039218054202767907e-12 6.080933512106604157e-12 1.344398301514255363e-11 3.691906574465872565e-12 9.331732021949101648e-12 2.710984904570472805e-11 3.530015024282002516e-11 2.511596841686994020e-11 4.124439337084327368e-11 4.067376024609906580e-11 2.252842098350488608e-11 4.407291958287515256e-11 5.991178450035547680e-11 8.674893438789019511e-11 1.694289120273800616e-10 3.256864917279433010e-10 6.010841772129424826e-10 9.675461567701708207e-10 1.377640213764645085e-09 1.531612758330299681e-09 9.539169161326753276e-10 7.166784865935844381e-11 -1.808429222539184300e-10
2.487897417868282351e-11 1.548329907464515562e-11 4.658470185376162228e-12 6.041240803308669208e-13 7.332203098454312022e-12 8.566389447139537446e-12 -2.582568674512396126e-13 2.371731467765668674e-12 6.989340142857529135e-12 2.568223245758901691e-11 1.601077904476043809e-11 2.602600434065054723e-11 2.585803746119287621e-11 4.717662059999837605e-12 4.200333144414266455e-13 -4.041727750757853647e-12 -3.589217001634047047e-12 1.729254866930214841e-11 5.566576518147241914e-11 1.282255005664183024e-10 2.327596768616063443e-10 4.998746811697881872e-10 9.539169161326753276e-10 1.129429941112743459e-09 4.820165114867841733e-10 -2.521839268287646375e-11
8.564430989039698012e-12 -4.994005284589442380e-12 9.984183590369225421e-12 6.374135829605753922e-12 -7.034571098298559973e-12 1.333314145264347365e-11 1.317196582986324006e-11 6.989570264181888632e-12 5.412996698866771619e-12 1.601917023711696653e-11 1.846678236790928173e-11 4.273384516372137756e-12 1.507300518397352655e-11 1.229101326919364247e-11 -3.431924071704073516e-12 -1.133516435765028170e-11 -1.970424558457946846e-11 -4.061773157583926938e-11 -4.612085254280775583e-11 -5.401842374872728014e-11 -8.983363459644959804e-11 -8.300468775794756840e-11 7.166784865935844381e-11 4.820165114867841733e-10 9.492057203809264259e-10 5.014203452834146162e-10
-4.310201934211624920e-12 -9.910479356242375061e-12 1.697900036912570707e-11 6.686792833631133747e-12 -1.797105480481750816e-11 4.521413307653702788e-12 1.246961618586157508e-11 8.500579222291426641e-12 8.621259559983486871e-12 -3.887176250919978179e-13 -7.646960971655676593e-12 -1.840748090228348131e-11 -7.149596196808507356e-12 -3.605908485819727045e-12 -1.188894055626462848e-12 -1.364391124554052077e-11 -3.596039982773418577e-11 -7.876490570883783617e-11 -1.023677525275210835e-10 -1.441649600634063570e-10 -2.031227214518590734e-10 -2.292334950071606450e-10 -1.808429222539184300e-10 -2.521839268287646375e-11 5.014203452834146162e-10 9.910023549668840685e-10
