8.045212152291378585e-11 1.686523566547578352e-11 9.975736127634919870e-12 3.853548093819698634e-12 -8.130292587274405888e-14 1.835867665827709431e-12 2.698062266958710408e-13 -2.198871409722746251e-12 -1.222278342155876922e-12 -2.090856924299859144e-12 -3.237634260549535424e-12 -2.109227783833107764e-12 -5.365457747298069412e-12 -3.729996056168400334e-12 -3.894018667002659959e-12 -3.183666840454784161e-12 -2.019458410196155634e-12 -2.556260308587459667e-13 7.625475342013537742e-13 7.280934484405363768e-12 1.243830594809469510e-11 7.979062636946419108e-12 8.483578594879695953e-12 5.161867716856685958e-12 2.194753675919204672e-12 -9.019114516417319482e-12
1.686523566547578352e-11 5.484106662811455388e-11 1.483817651365235559e-11 8.714798544035390389e-12 8.860489835412922592e-12 3.584785488787133762e-12 4.462944886458823521e-12 2.166767472989574500e-12 -7.469794860788195162e-13 -1.180759594195303148e-12 3.840943351292693269e-14 -1.546055432784869741e-12 -4.155929979749583461e-12 -3.822260103546627722e-12 -3.416296899833900801e-12 -4.817965484862123993e-12 -2.693746881972473123e-12 1.524443948399601580e-12 3.452371694426704553e-12 9.102158604202675745e-13 -1.832952314341904135e-12 -1.177808630252428082e-12 2.447804114018090976e-12 1.027212010222723844e-11 6.500626612594367658e-12 -1.253691797983145200e-11
9.975736127634919870e-12 1.483817651365235559e-11 4.406954067551759861e-11 1.112866610362057302e-11 1.008557587303629137e-11 5.476696539558064036e-12 4.603542974923013731e-12 4.012563886204584110e-12 1.588182558813545270e-12 1.554302995607627999e-12 -1.700744798196020286e-12 -5.284711449481256817e-12 -7.339992302283055067e-12 -5.756334924360008164e-12 -4.320074056324071346e-12 -3.616765361192201496e-12 -1.110751309312617068e-12 1.348560234024837337e-13 7.917657404019987234e-13 3.169873609684523337e-12 2.041722179165044823e-13 -4.733024496269477369e-12 -1.341772593314880712e-12 1.032818242072692219e-11 1.138130281997407685e-11 -1.416965478689611236e-11
3.853548093819698634e-12 8.714798544035390389e-12 1.112866610362057302e-11 3.484859364026585682e-11 1.386302454155914432e-11 6.992327247362290645e-12 7.154751436133111507e-12 4.251187945229767963e-12 1.763632565039648997e-13 4.969256208114021221e-13 1.029443329717973061e-12 -2.098399701968141218e-12 -4.894690858446119600e-12 -4.638687952532384290e-12 -1.467266335322907251e-12 -6.230099390937233450e-14 1.819635599288284939e-13 -2.477787774412163790e-12 -3.871938523655737513e-12 -3.709431560828046213e-12 -2.337481749722191767e-12 -1.572007596685213354e-12 1.065178894971702375e-13 1.722865228543620922e-12 3.698304660607150618e-12 -1.466259990786644490e-11
-8.130292587274405888e-14 8.860489835412922592e-12 1.008557587303629137e-11 1.386302454155914432e-11 2.853036334723965824e-11 1.306201558338230338e-11 1.108652747143266100e-11 6.315527095010253676e-12 2.212510320853612197e-12 1.893341993832522402e-12 2.279007959538337609e-12 1.408784879503074085e-12 4.294983184665778282e-13 4.212000132726273037e-13 3.392113937655940533e-12 5.469130388892453511e-12 8.164018699324047067e-12 1.172467103276523570e-11 1.422214754743607709e-11 1.294231513211062604e-11 8.634055882621477080e-12 3.300402068591719853e-12 3.206479441317988193e-12 1.522437620404833786e-11 1.917301375522333846e-11 2.923902931640304816e-12
1.835867665827709431e-12 3.584785488787133762e-12 5.476696539558064036e-12 6.992327247362290645e-12 1.306201558338230338e-11 2.336076715060109131e-11 1.340825389714117068e-11 6.240445230242661232e-12 4.417483223195737046e-12 4.100736180805789239e-12 2.953182816053085408e-12 3.072900737889517638e-12 1.682456384271975336e-12 1.823294699250790738e-12 3.413198434445703789e-12 6.093514084164259975e-12 7.797785300304301643e-12 7.848807770253980032e-12 9.988426258620784596e-12 1.406826057986707055e-11 1.362319201316600579e-11 8.526116837008127849e-12 5.594884802825661928e-12 3.704881968608105393e-12 1.769434084582918692e-12 1.559583992828742777e-13
2.698062266958710408e-13 4.462944886458823521e-12 4.603542974923013731e-12 7.154751436133111507e-12 1.108652747143266100e-11 1.340825389714117068e-11 2.304477397974664269e-11 1.263427438129955768e-11 8.613608864365074417e-12 7.913201829196611264e-12 7.556320065265144318e-12 6.387264134700670915e-12 4.830713744248426869e-12 4.388992478595984018e-12 4.207517466153756506e-12 4.272654651395315796e-12 5.908282746737717921e-12 7.884314269234369781e-12 1.253094909693127253e-11 1.196542546656308415e-11 1.040956675496133539e-11 4.677357274522803843e-12 3.951451740205613962e-12 1.078145157255482904e-12 -3.067314039427103526e-12 -6.768157753802557379e-12
-2.198871409722746251e-12 2.166767472989574500e-12 4.012563886204584110e-12 4.251187945229767963e-12 6.315527095010253676e-12 6.240445230242661232e-12 1.263427438129955768e-11 2.027321776154514019e-11 1.355117756553267377e-11 1.066961527879901803e-11 8.369856296263381549e-12 6.832436059484317656e-12 6.636470869486237789e-12 5.648658348033486885e-12 5.401438076384055881e-12 3.485965527601155244e-12 3.959609743493944365e-12 5.902967137551320138e-12 8.174428339894705832e-12 8.300317102501321733e-12 9.698110276365371379e-12 1.117339535368216276e-11 1.860411754987946700e-11 1.458769604751111479e-11 -1.418924867929114078e-12 -1.243356703023218496e-11
-1.222278342155876922e-12 -7.469794860788195162e-13 1.588182558813545270e-12 1.763632565039648997e-13 2.212510320853612197e-12 4.417483223195737046e-12 8.613608864365074417e-12 1.355117756553267377e-11 2.006628017306749010e-11 1.572675354603311829e-11 1.263948255592714777e-11 9.802156660995221140e-12 9.861092562451448986e-12 1.049785047166876113e-11 1.061331461597748302e-11 1.007391757840546317e-11 1.260829416204077841e-11 1.466054586924105893e-11 1.705099637418173043e-11 1.675105156972847883e-11 1.402934380179067947e-11 5.613463045406577542e-12 1.038468002898559222e-11 1.507725158091277295e-11 6.213122253898730602e-12 -2.606203157991225233e-12
-2.090856924299859144e-12 -1.180759594195303148e-12 1.554302995607627999e-12 4.969256208114021221e-13 1.893341993832522402e-12 4.100736180805789239e-12 7.913201829196611264e-12 1.066961527879901803e-11 1.572675354603311829e-11 2.541474895189107940e-11 2.091374893426803249e-11 1.590532369315642302e-11 1.644609132061734853e-11 1.595288257701450271e-11 1.550180378539725943e-11 1.566638112480079162e-11 1.767053424673832210e-11 2.029583990532287778e-11 2.110862198368732434e-11 2.267177684923984439e-11 2.206196082913785096e-11 1.195681203715849738e-11 1.437175306857768832e-11 1.667720368478104215e-11 1.061246582918360199e-11 1.241000305883209656e-12
-3.237634260549535424e-12 3.840943351292693269e-14 -1.700744798196020286e-12 1.029443329717973061e-12 2.279007959538337609e-12 2.953182816053085408e-12 7.556320065265144318e-12 8.369856296263381549e-12 1.263948255592714777e-11 2.091374893426803249e-11 2.841708928668165587e-11 2.418442515557219981e-11 2.388465998435066140e-11 2.209441611715133600e-11 2.046294924179884444e-11 2.118698280610495467e-11 2.247268107257552569e-11 2.488276314007387414e-11 2.747437049670916783e-11 3.144364647578779502e-11 3.186681748966633986e-11 1.966794402411479053e-11 1.801718896300156720e-11 1.787155569881609631e-11 1.493478673768526721e-11 -1.361352022285573102e-12
-2.109227783833107764e-12 -1.546055432784869741e-12 -5.284711449481256817e-12 -2.098399701968141218e-12 1.408784879503074085e-12 3.072900737889517638e-12 6.387264134700670915e-12 6.832436059484317656e-12 9.802156660995221140e-12 1.590532369315642302e-11 2.418442515557219981e-11 3.224062143434783483e-11 3.279059658151205378e-11 3.001049551564689680e-11 2.722526093513448397e-11 2.764823766760346164e-11 2.872286055086100835e-11 3.287573790446501010e-11 3.573087936973317641e-11 3.975941222619113946e-11 3.733915090341939158e-11 1.800972011152906019e-11 1.256846688014077673e-11 9.998971532596134695e-12 1.923045401949184693e-11 1.418963395790040713e-11
-5.365457747298069412e-12 -4.155929979749583461e-12 -7.339992302283055067e-12 -4.894690858446119600e-12 4.294983184665778282e-13 1.682456384271975336e-12 4.830713744248426869e-12 6.636470869486237789e-12 9.861092562451448986e-12 1.644609132061734853e-11 2.388465998435066140e-11 3.279059658151205378e-11 4.577850219713543206e-11 4.471129127978004709e-11 4.204328984165336815e-11 4.458241240522881488e-11 4.661561905256742554e-11 5.279729868945074842e-11 5.806587911508163721e-11 6.223990429384420856e-11 5.789907591444812603e-11 2.799262093216467825e-11 1.645100017046313262e-11 1.260477232054020559e-11 1.850170572064803709e-11 1.102936602938570152e-11
-3.729996056168400334e-12 -3.822260103546627722e-12 -5.756334924360008164e-12 -4.638687952532384290e-12 4.212000132726273037e-13 1.823294699250790738e-12 4.388992478595984018e-12 5.648658348033486885e-12 1.049785047166876113e-11 1.595288257701450271e-11 2.209441611715133600e-11 3.001049551564689680e-11 4.471129127978004709e-11 5.651398231778023636e-11 5.884598797035315519e-11 6.444060984994437283e-11 6.992564990561868628e-11 7.971308467903457962e-11 8.952202156045251629e-11 9.551153711149825027e-11 8.192020118370279683e-11 2.873071733708700894e-11 8.654065499872205368e-12 1.452041811472325041e-11 2.230624127564464916e-11 1.005390101375355302e-11
-3.894018667002659959e-12 -3.416296899833900801e-12 -4.320074056324071346e-12 -1.467266335322907251e-12 3.392113937655940533e-12 3.413198434445703789e-12 4.207517466153756506e-12 5.401438076384055881e-12 1.061331461597748302e-11 1.550180378539725943e-11 2.046294924179884444e-11 2.722526093513448397e-11 4.204328984165336815e-11 5.884598797035315519e-11 7.931257502878309564e-11 9.407148925320103693e-11 1.072358172882083807e-10 1.220475874336192352e-10 1.362309213957521170e-10 1.448461024558328252e-10 1.214235376380892172e-10 4.368045065397663011e-11 6.674870566184952842e-12 2.106281462154909764e-11 3.011038134586329758e-11 9.212148220245982858e-12
-3.183666840454784161e-12 -4.817965484862123993e-12 -3.616765361192201496e-12 -6.230099390937233450e-14 5.469130388892453511e-12 6.093514084164259975e-12 4.272654651395315796e-12 3.485965527601155244e-12 1.007391757840546317e-11 1.566638112480079162e-11 2.118698280610495467e-11 2.764823766760346164e-11 4.458241240522881488e-11 6.444060984994437283e-11 9.407148925320103693e-11 1.331059804517247791e-10 1.626817462906301801e-10 1.892774049235845502e-10 2.102827647198295416e-10 2.231410543104145100e-10 1.907530986047508463e-10 7.491829037137447794e-11 6.796365972917749056e-12 2.714911189886928197e-11 4.185269631348262258e-11 1.377063302446101670e-11
-2.019458410196155634e-12 -2.693746881972473123e-12 -1.110751309312617068e-12 1.819635599288284939e-13 8.164018699324047067e-12 7.797785300304301643e-12 5.908282746737717921e-12 3.959609743493944365e-12 1.260829416204077841e-11 1.767053424673832210e-11 2.247268107257552569e-11 2.872286055086100835e-11 4.661561905256742554e-11 6.992564990561868628e-11 1.072358172882083807e-10 1.626817462906301801e-10 2.274028561429716342e-10 2.765485409161288961e-10 3.110722027570744800e-10 3.312679865174821209e-10 2.918382928881093600e-10 1.338469058809278348e-10 1.208085561417392212e-11 2.572429887060736430e-11 4.285373083656971411e-11 8.464724526161573313e-12
-2.556260308587459667e-13 1.524443948399601580e-12 1.348560234024837337e-13 -2.477787774412163790e-12 1.172467103276523570e-11 7.848807770253980032e-12 7.884314269234369781e-12 5.902967137551320138e-12 1.466054586924105893e-11 2.029583990532287778e-11 2.488276314007387414e-11 3.287573790446501010e-11 5.279729868945074842e-11 7.971308467903457962e-11 1.220475874336192352e-10 1.892774049235845502e-10 2.765485409161288961e-10 3.678761092634052454e-10 4.278342609513003699e-10 4.564535300615989706e-10 4.123100607944813921e-10 2.176480613196037748e-10 3.069119582868209185e-11 2.749479958181315641e-11 3.888514817429419110e-11 -1.107075111379528092e-12
7.625475342013537742e-13 3.452371694426704553e-12 7.917657404019987234e-13 -3.871938523655737513e-12 1.422214754743607709e-11 9.988426258620784596e-12 1.253094909693127253e-11 8.174428339894705832e-12 1.705099637418173043e-11 2.110862198368732434e-11 2.747437049670916783e-11 3.573087936973317641e-11 5.806587911508163721e-11 8.952202156045251629e-11 1.362309213957521170e-10 2.102827647198295416e-10 3.110722027570744800e-10 4.278342609513003699e-10 5.384217429865498542e-10 5.995596841109240353e-10 5.620135853193379882e-10 3.443000294598470992e-10 8.497783982091230245e-11 4.253538601649077758e-11 4.299084629477402699e-11 -9.708181910621039682e-12
7.280934484405363768e-12 9.102158604202675745e-13 3.169873609684523337e-12 -3.709431560828046213e-12 1.294231513211062604e-11 1.406826057986707055e-11 1.196542546656308415e-11 8.300317102501321733e-12 1.675105156972847883e-11 2.267177684923984439e-11 3.144364647578779502e-11 3.975941222619113946e-11 6.223990429384420856e-11 9.551153711149825027e-11 1.448461024558328252e-10 2.231410543104145100e-10 3.312679865174821209e-10 4.564535300615989706e-10 5.995596841109240353e-10 7.393738702194534720e-10 7.482065292665566260e-10 5.322325214956368341e-10 1.972523563419928421e-10 6.869418121498767977e-11 5.173739785125069953e-11 -2.038617050550739724e-11
1.243830594809469510e-11 -1.832952314341904135e-12 2.041722179165044823e-13 -2.337481749722191767e-12 8.634055882621477080e-12 1.362319201316600579e-11 1.040956675496133539e-11 9.698110276365371379e-12 1.402934380179067947e-11 2.206196082913785096e-11 3.186681748966633986e-11 3.733915090341939158e-11 5.789907591444812603e-11 8.192020118370279683e-11 1.214235376380892172e-10 1.907530986047508463e-10 2.918382928881093600e-10 4.123100607944813921e-10 5.620135853193379882e-10 7.482065292665566260e-10 8.625931868235622995e-10 7.401133297568596555e-10 3.910718329451724962e-10 1.252615907766963993e-10 2.814041687015936327e-11 -3.855506938101112319e-11
7.979062636946419108e-12 -1.177808630252428082e-12 -4.733024496269477369e-12 -1.572007596685213354e-12 3.300402068591719853e-12 8.526116837008127849e-12 4.677357274522803843e-12 1.117339535368216276e-11 5.613463045406577542e-12 1.195681203715849738e-11 1.966794402411479053e-11 1.800972011152906019e-11 2.799262093216467825e-11 2.873071733708700894e-11 4.368045065397663011e-11 7.491829037137447794e-11 1.338469058809278348e-10 2.176480613196037748e-10 3.443000294598470992e-10 5.322325214956368341e-10 7.401133297568596555e-10 8.561645161589479917e-10 6.278668341070108504e-10 2.446044191978116733e-10 -3.187075949851066162e-12 -5.520144518417211999e-11
8.483578594879695953e-12 2.447804114018090976e-12 -1.341772593314880712e-12 1.065178894971702375e-13 3.206479441317988193e-12 5.594884802825661928e-12 3.951451740205613962e-12 1.860411754987946700e-11 1.038468002898559222e-11 1.437175306857768832e-11 1.801718896300156720e-11 1.256846688014077673e-11 1.645100017046313262e-11 8.654065499872205368e-12 6.674870566184952842e-12 6.796365972917749056e-12 1.208085561417392212e-11 3.069119582868209185e-11 8.497783982091230245e-11 1.972523563419928421e-10 3.910718329451724962e-10 6.278668341070108504e-10 7.117359315421101589e-10 4.466520056563454216e-10 6.263374113327548471e-11 -2.251720657318562858e-11
5.161867716856685958e-12 1.027212010222723844e-11 1.032818242072692219e-11 1.722865228543620922e-12 1.522437620404833786e-11 3.704881968608105393e-12 1.078145157255482904e-12 1.458769604751111479e-11 1.507725158091277295e-11 1.667720368478104215e-11 1.787155569881609631e-11 9.998971532596134695e-12 1.260477232054020559e-11 1.452041811472325041e-11 2.106281462154909764e-11 2.714911189886928197e-11 2.572429887060736430e-11 2.749479958181315641e-11 4.253538601649077758e-11 6.869418121498767977e-11 1.252615907766963993e-10 2.446044191978116733e-10 4.466520056563454216e-10 5.860818431254564846e-10 3.270446768169451059e-10 7.174101406761800172e-11
2.194753675919204672e-12 6.500626612594367658e-12 1.138130281997407685e-11 3.698304660607150618e-12 1.917301375522333846e-11 1.769434084582918692e-12 -3.067314039427103526e-12 -1.418924867929114078e-12 6.213122253898730602e-12 1.061246582918360199e-11 1.493478673768526721e-11 1.923045401949184693e-11 1.850170572064803709e-11 2.230624127564464916e-11 3.011038134586329758e-11 4.185269631348262258e-11 4.285373083656971411e-11 3.888514817429419110e-11 4.299084629477402699e-11 5.173739785125069953e-11 2.814041687015936327e-11 -3.187075949851066162e-12 6.263374113327548471e-11 3.270446768169451059e-10 5.662884723770931462e-10 3.122558683426630152e-10
-9.019114516417319482e-12 -1.253691797983145200e-11 -1.416965478689611236e-11 -1.466259990786644490e-11 2.923902931640304816e-12 1.559583992828742777e-13 -6.768157753802557379e-12 -1.243356703023218496e-11 -2.606203157991225233e-12 1.241000305883209656e-12 -1.361352022285573102e-12 1.418963395790040713e-11 1.102936602938570152e-11 1.005390101375355302e-11 9.212148220245982858e-12 1.377063302446101670e-11 8.464724526161573313e-12 -1.107075111379528092e-12 -9.708181910621039682e-12 -2.038617050550739724e-11 -3.855506938101112319e-11 -5.520144518417211999e-11 -2.251720657318562858e-11 7.174101406761800172e-11 3.122558683426630152e-10 5.205241414352647733e-10
