5.853185206404307597e-11 1.419776828311091648e-11 7.976503816949584218e-12 4.602887115687650692e-12 2.948569064676586529e-12 2.762689345911008582e-12 3.070882143285278545e-12 3.278285629722261084e-12 3.545612860289029336e-12 3.008814345335277774e-12 1.953605593242456308e-12 -7.333825724391729191e-14 -2.728950664109910746e-12 -2.286617507882218169e-12 -2.867656342015059782e-12 -4.599522003693645897e-12 -2.914257882294620398e-12 -5.142030277729525788e-12 -7.796969384056832121e-12 -8.775156529558421866e-12 -6.471627569069236758e-12 -1.733579420739699395e-12 9.865600872075953277e-13 -2.733822572491189505e-12 -1.746309836969606545e-12 4.523421902820668533e-12
1.419776828311091648e-11 4.675004485205469580e-11 1.486987217034587876e-11 8.976456671669228018e-12 7.058786345529758419e-12 6.270054814461911134e-12 3.476766438643674032e-12 8.515790866003160482e-13 1.593215220277927312e-13 -8.032445147812987973e-13 -9.433896810191991403e-13 -1.999732313218675533e-13 7.668278324553522357e-13 8.160566878744452001e-13 8.532986968984822199e-13 9.719666327711601266e-13 1.743413158512964151e-12 4.971670892150795596e-13 -1.143785716563247058e-14 -1.490850537846628623e-12 3.479028099448982686e-12 1.049309965861156086e-11 1.073021107115268401e-11 1.917917951523704653e-12 -1.097002037448651790e-11 -1.034578239465143576e-11
7.976503816949584218e-12 1.486987217034587876e-11 3.927737311866919304e-11 1.444759880148070749e-11 4.749166932752973535e-12 6.246327526367620244e-12 3.294834895830189407e-12 1.373909536896437129e-12 -6.597548531259747700e-13 4.202002637224002460e-13 -1.165723555224204596e-13 -2.227588130299177428e-12 -2.881603361373006080e-12 -2.143678146652696271e-12 -1.860595174745151641e-12 -1.472612899844202451e-12 -7.904107607077865787e-13 -1.248621411133857492e-12 -1.050047121807415960e-12 3.472545314390209786e-12 1.170615018956709715e-11 2.115464364017777276e-11 2.109608140371880361e-11 7.162046887480201366e-12 3.151300992691773948e-12 1.182179010741750820e-11
4.602887115687650692e-12 8.976456671669228018e-12 1.444759880148070749e-11 3.087822625494115980e-11 1.067817776408072434e-11 9.834651995245618120e-12 6.306574399627891076e-12 3.899587287861640694e-12 2.110157904556395931e-12 9.285899603706440033e-13 7.367020897616301108e-13 -1.206802954709225968e-13 1.091594895376914262e-13 1.540258309298847559e-12 2.265075250767028630e-12 6.385467272556452627e-13 1.138336265322952999e-12 -2.152739747809989882e-12 -2.237019334009987383e-12 -5.010954858472752391e-13 5.037842794434245646e-12 1.121959815222848608e-11 1.399311228290296358e-11 7.215475141459711459e-12 7.783496264053042473e-12 1.451215221809555674e-11
2.948569064676586529e-12 7.058786345529758419e-12 4.749166932752973535e-12 1.067817776408072434e-11 2.090094849685842464e-11 1.267208453977391633e-11 7.027520628466487650e-12 2.982804910054428181e-12 2.430816608312523356e-12 7.486605572141456274e-13 1.980975979611054110e-12 1.814265438850542284e-12 4.337379610270098754e-14 -5.768950102664833457e-13 6.440890760293207605e-13 6.821171080203855958e-13 8.454689202115897854e-13 -9.417175396772289790e-13 -1.513617819916673953e-12 1.128839189955443037e-12 1.381738348443647948e-12 3.891183856683481809e-12 4.372620487714981616e-12 2.277220549788479031e-12 8.491268509271172752e-12 1.217115165810450485e-11
2.762689345911008582e-12 6.270054814461911134e-12 6.246327526367620244e-12 9.834651995245618120e-12 1.267208453977391633e-11 2.536555009835852667e-11 1.312205942976137075e-11 9.160937735811794896e-12 7.638005271884301624e-12 4.348041599646560663e-12 3.188770887674016566e-12 3.595188663881155532e-12 3.378618555779663176e-12 1.626521484905688030e-12 1.323068021311402130e-12 2.117029287656301502e-12 3.026670065640181677e-12 9.759804699183672863e-13 1.474684741385420254e-12 6.092512753632294492e-12 9.468394150920210340e-12 9.738880557664009435e-12 6.427144308499542594e-12 -2.469289986566715971e-12 3.243649749388160667e-12 1.012824192343147691e-11
3.070882143285278545e-12 3.476766438643674032e-12 3.294834895830189407e-12 6.306574399627891076e-12 7.027520628466487650e-12 1.312205942976137075e-11 1.897775659023477033e-11 1.196878435733002011e-11 8.765579299800941788e-12 5.628627356412253322e-12 3.441142342219428652e-12 2.620238392310989504e-12 2.252878718292381568e-12 1.375407020582635801e-12 2.271804290655743034e-12 4.380262599385231982e-12 5.768641184283316967e-12 4.890598464094852389e-12 4.471656568487217675e-12 5.628646961784302691e-12 6.395100311967463163e-12 3.003359239096220083e-12 1.130222919474899481e-12 1.195712686039479441e-12 6.741176213317109844e-12 1.900562392418994198e-12
3.278285629722261084e-12 8.515790866003160482e-13 1.373909536896437129e-12 3.899587287861640694e-12 2.982804910054428181e-12 9.160937735811794896e-12 1.196878435733002011e-11 2.107227758553970774e-11 1.508104782177989028e-11 1.177317038885648919e-11 8.602094950970881214e-12 7.604626477277721854e-12 5.918192868022988707e-12 5.289545184380553137e-12 5.384181462235137234e-12 8.168764125112015905e-12 9.952620341261537039e-12 8.468912147706374915e-12 9.672379720276831289e-12 1.005625513083388294e-11 6.832464431816366368e-12 9.530149191577066231e-14 -5.814100410040931253e-12 -1.038320523891294709e-11 -7.122999210569409919e-12 -7.106224549841705770e-12
3.545612860289029336e-12 1.593215220277927312e-13 -6.597548531259747700e-13 2.110157904556395931e-12 2.430816608312523356e-12 7.638005271884301624e-12 8.765579299800941788e-12 1.508104782177989028e-11 2.202486634325995945e-11 1.638133878887867608e-11 1.202914330253882335e-11 1.049585057912732498e-11 8.314146020452724628e-12 7.368665108908636184e-12 6.124095720971673717e-12 7.227955491226168406e-12 1.050947985274861261e-11 9.701368385815923047e-12 9.776102138880848723e-12 9.732262849236046200e-12 5.576097594697828281e-12 -1.676413224871879817e-13 -1.749577617261927263e-12 -3.983110191110008939e-12 -4.524126902668592352e-12 -5.848076293131638002e-12
3.008814345335277774e-12 -8.032445147812987973e-13 4.202002637224002460e-13 9.285899603706440033e-13 7.486605572141456274e-13 4.348041599646560663e-12 5.628627356412253322e-12 1.177317038885648919e-11 1.638133878887867608e-11 2.132459895550845180e-11 1.740924903431311969e-11 1.340142208741913911e-11 1.071786732935790445e-11 9.746898554496332444e-12 7.912476109270241798e-12 9.088887175269183518e-12 1.053459179957983514e-11 9.205488864047966266e-12 8.956719488187273124e-12 8.935363703584054970e-12 7.281048071888049256e-12 7.450003037453946778e-13 -2.991626909853562536e-12 -7.409972270876075991e-12 -4.244882637520009340e-12 -9.926467762243557179e-12
1.953605593242456308e-12 -9.433896810191991403e-13 -1.165723555224204596e-13 7.367020897616301108e-13 1.980975979611054110e-12 3.188770887674016566e-12 3.441142342219428652e-12 8.602094950970881214e-12 1.202914330253882335e-11 1.740924903431311969e-11 2.302983791276412098e-11 1.983153382403802146e-11 1.592793762269737588e-11 1.407797952918321138e-11 1.248664765360876664e-11 1.234902265507751181e-11 1.269307846675980062e-11 1.189679685822549669e-11 1.162087020928867207e-11 1.166935556401322124e-11 7.731656092885820182e-12 -3.836141063494213397e-12 -8.746097659805975664e-12 -1.149992741062371564e-11 -6.516736684173801809e-12 -7.177506164516220416e-12
-7.333825724391729191e-14 -1.999732313218675533e-13 -2.227588130299177428e-12 -1.206802954709225968e-13 1.814265438850542284e-12 3.595188663881155532e-12 2.620238392310989504e-12 7.604626477277721854e-12 1.049585057912732498e-11 1.340142208741913911e-11 1.983153382403802146e-11 2.820614536195027979e-11 2.652387970955646578e-11 2.350026879127839150e-11 2.087800072412383974e-11 1.967431548255846860e-11 1.935765184888192472e-11 1.847337961143247411e-11 1.771266408713424532e-11 1.877944382625951818e-11 1.173610254280455487e-11 -3.245925514225298746e-12 -4.802659616678007519e-12 -7.616820420010103328e-12 -1.011049422523331793e-11 -4.797755041646729020e-12
-2.728950664109910746e-12 7.668278324553522357e-13 -2.881603361373006080e-12 1.091594895376914262e-13 4.337379610270098754e-14 3.378618555779663176e-12 2.252878718292381568e-12 5.918192868022988707e-12 8.314146020452724628e-12 1.071786732935790445e-11 1.592793762269737588e-11 2.652387970955646578e-11 3.747937661528369162e-11 3.604298965995673212e-11 3.251964812578834594e-11 3.081714815617050883e-11 2.966850103738548763e-11 3.007032699959351247e-11 3.023371339819200933e-11 3.112283020449858005e-11 2.002253092550180019e-11 -3.629991956516145850e-12 -4.899263516364337280e-12 -2.070836538292391074e-12 -9.292275726589789862e-12 -8.399902930121341194e-12
-2.286617507882218169e-12 8.160566878744452001e-13 -2.143678146652696271e-12 1.540258309298847559e-12 -5.768950102664833457e-13 1.626521484905688030e-12 1.375407020582635801e-12 5.289545184380553137e-12 7.368665108908636184e-12 9.746898554496332444e-12 1.407797952918321138e-11 2.350026879127839150e-11 3.604298965995673212e-11 4.769071045874660811e-11 4.809729427485063268e-11 4.745664789889368848e-11 4.679194256518723567e-11 4.718026063639522386e-11 4.839767146604868090e-11 5.028434777819898514e-11 3.691200323971975057e-11 8.857728046597842236e-13 -5.350077111301270807e-12 -1.078522435577990868e-13 -5.630238730431011549e-12 -3.541786095129966639e-12
-2.867656342015059782e-12 8.532986968984822199e-13 -1.860595174745151641e-12 2.265075250767028630e-12 6.440890760293207605e-13 1.323068021311402130e-12 2.271804290655743034e-12 5.384181462235137234e-12 6.124095720971673717e-12 7.912476109270241798e-12 1.248664765360876664e-11 2.087800072412383974e-11 3.251964812578834594e-11 4.809729427485063268e-11 6.451308475396691014e-11 6.866966156889968166e-11 6.863351650169252518e-11 6.969151514333934574e-11 7.156810583346924308e-11 7.726219123823846417e-11 6.465003473823948860e-11 1.509189215271083066e-11 -3.167415913987768656e-12 -4.579892816286927552e-12 -5.136323532064444826e-12 -3.088684799923400234e-12
-4.599522003693645897e-12 9.719666327711601266e-13 -1.472612899844202451e-12 6.385467272556452627e-13 6.821171080203855958e-13 2.117029287656301502e-12 4.380262599385231982e-12 8.168764125112015905e-12 7.227955491226168406e-12 9.088887175269183518e-12 1.234902265507751181e-11 1.967431548255846860e-11 3.081714815617050883e-11 4.745664789889368848e-11 6.866966156889968166e-11 8.892587719356583532e-11 9.545833921756860222e-11 9.953012337515657819e-11 1.039035454819310595e-10 1.133762370193563683e-10 1.025848956435042766e-10 4.136858862959965124e-11 6.722245247486950217e-12 5.235094853754253352e-13 -6.160417615088326041e-12 -8.757466531696677591e-12
-2.914257882294620398e-12 1.743413158512964151e-12 -7.904107607077865787e-13 1.138336265322952999e-12 8.454689202115897854e-13 3.026670065640181677e-12 5.768641184283316967e-12 9.952620341261537039e-12 1.050947985274861261e-11 1.053459179957983514e-11 1.269307846675980062e-11 1.935765184888192472e-11 2.966850103738548763e-11 4.679194256518723567e-11 6.863351650169252518e-11 9.545833921756860222e-11 1.194357802764498065e-10 1.294415749953977793e-10 1.366554595364543819e-10 1.497779203053308335e-10 1.390843166893948984e-10 6.741669160401551082e-11 1.431974132761835348e-11 3.322240027261295915e-12 -9.910181381598983659e-12 -1.426096079824860975e-11
-5.142030277729525788e-12 4.971670892150795596e-13 -1.248621411133857492e-12 -2.152739747809989882e-12 -9.417175396772289790e-13 9.759804699183672863e-13 4.890598464094852389e-12 8.468912147706374915e-12 9.701368385815923047e-12 9.205488864047966266e-12 1.189679685822549669e-11 1.847337961143247411e-11 3.007032699959351247e-11 4.718026063639522386e-11 6.969151514333934574e-11 9.953012337515657819e-11 1.294415749953977793e-10 1.613220481979725074e-10 1.785402994472852334e-10 1.955716368667462290e-10 1.854542910343765846e-10 1.033285879503076733e-10 2.531438614181494902e-11 7.067648955467441988e-12 -1.387928891823550487e-11 -1.796040205234750916e-11
-7.796969384056832121e-12 -1.143785716563247058e-14 -1.050047121807415960e-12 -2.237019334009987383e-12 -1.513617819916673953e-12 1.474684741385420254e-12 4.471656568487217675e-12 9.672379720276831289e-12 9.776102138880848723e-12 8.956719488187273124e-12 1.162087020928867207e-11 1.771266408713424532e-11 3.023371339819200933e-11 4.839767146604868090e-11 7.156810583346924308e-11 1.039035454819310595e-10 1.366554595364543819e-10 1.785402994472852334e-10 2.219618943426565409e-10 2.530252466269393792e-10 2.471793506491868214e-10 1.585722414627327149e-10 5.179610707640542574e-11 1.702075945877881003e-11 -1.201124605895564163e-11 -2.048631684404741777e-11
-8.775156529558421866e-12 -1.490850537846628623e-12 3.472545314390209786e-12 -5.010954858472752391e-13 1.128839189955443037e-12 6.092512753632294492e-12 5.628646961784302691e-12 1.005625513083388294e-11 9.732262849236046200e-12 8.935363703584054970e-12 1.166935556401322124e-11 1.877944382625951818e-11 3.112283020449858005e-11 5.028434777819898514e-11 7.726219123823846417e-11 1.133762370193563683e-10 1.497779203053308335e-10 1.955716368667462290e-10 2.530252466269393792e-10 3.291508900380235593e-10 3.479345342768387920e-10 2.576778030582841676e-10 1.179591448927542142e-10 3.706283008472741010e-11 -3.671878670692213757e-12 -1.824691550010699851e-11
-6.471627569069236758e-12 3.479028099448982686e-12 1.170615018956709715e-11 5.037842794434245646e-12 1.381738348443647948e-12 9.468394150920210340e-12 6.395100311967463163e-12 6.832464431816366368e-12 5.576097594697828281e-12 7.281048071888049256e-12 7.731656092885820182e-12 1.173610254280455487e-11 2.002253092550180019e-11 3.691200323971975057e-11 6.465003473823948860e-11 1.025848956435042766e-10 1.390843166893948984e-10 1.854542910343765846e-10 2.471793506491868214e-10 3.479345342768387920e-10 4.404532695820526254e-10 3.956636886582431023e-10 2.394679333305443361e-10 7.036865867952335359e-11 -6.448011875911182640e-12 -2.058973939388487499e-11
-1.733579420739699395e-12 1.049309965861156086e-11 2.115464364017777276e-11 1.121959815222848608e-11 3.891183856683481809e-12 9.738880557664009435e-12 3.003359239096220083e-12 9.530149191577066231e-14 -1.676413224871879817e-13 7.450003037453946778e-13 -3.836141063494213397e-12 -3.245925514225298746e-12 -3.629991956516145850e-12 8.857728046597842236e-13 1.509189215271083066e-11 4.136858862959965124e-11 6.741669160401551082e-11 1.033285879503076733e-10 1.585722414627327149e-10 2.576778030582841676e-10 3.956636886582431023e-10 4.839329244629149417e-10 3.854808291558351697e-10 1.500093317576762340e-10 3.827299177232827436e-12 -1.385725277286765534e-11
9.865600872075953277e-13 1.073021107115268401e-11 2.109608140371880361e-11 1.399311228290296358e-11 4.372620487714981616e-12 6.427144308499542594e-12 1.130222919474899481e-12 -5.814100410040931253e-12 -1.749577617261927263e-12 -2.991626909853562536e-12 -8.746097659805975664e-12 -4.802659616678007519e-12 -4.899263516364337280e-12 -5.350077111301270807e-12 -3.167415913987768656e-12 6.722245247486950217e-12 1.431974132761835348e-11 2.531438614181494902e-11 5.179610707640542574e-11 1.179591448927542142e-10 2.394679333305443361e-10 3.854808291558351697e-10 4.469192644747810257e-10 2.752336703673798626e-10 5.804311697043025468e-11 9.377546869840936695e-12
-2.733822572491189505e-12 1.917917951523704653e-12 7.162046887480201366e-12 7.215475141459711459e-12 2.277220549788479031e-12 -2.469289986566715971e-12 1.195712686039479441e-12 -1.038320523891294709e-11 -3.983110191110008939e-12 -7.409972270876075991e-12 -1.149992741062371564e-11 -7.616820420010103328e-12 -2.070836538292391074e-12 -1.078522435577990868e-13 -4.579892816286927552e-12 5.235094853754253352e-13 3.322240027261295915e-12 7.067648955467441988e-12 1.702075945877881003e-11 3.706283008472741010e-11 7.036865867952335359e-11 1.500093317576762340e-10 2.752336703673798626e-10 3.459362139165397979e-10 1.929282687557039955e-10 3.850463724014791967e-11
-1.746309836969606545e-12 -1.097002037448651790e-11 3.151300992691773948e-12 7.783496264053042473e-12 8.491268509271172752e-12 3.243649749388160667e-12 6.741176213317109844e-12 -7.122999210569409919e-12 -4.524126902668592352e-12 -4.244882637520009340e-12 -6.516736684173801809e-12 -1.011049422523331793e-11 -9.292275726589789862e-12 -5.630238730431011549e-12 -5.136323532064444826e-12 -6.160417615088326041e-12 -9.910181381598983659e-12 -1.387928891823550487e-11 -1.201124605895564163e-11 -3.671878670692213757e-12 -6.448011875911182640e-12 3.827299177232827436e-12 5.804311697043025468e-11 1.929282687557039955e-10 2.992817866213241120e-10 1.585410312206410289e-10
4.523421902820668533e-12 -1.034578239465143576e-11 1.182179010741750820e-11 1.451215221809555674e-11 1.217115165810450485e-11 1.012824192343147691e-11 1.900562392418994198e-12 -7.106224549841705770e-12 -5.848076293131638002e-12 -9.926467762243557179e-12 -7.177506164516220416e-12 -4.797755041646729020e-12 -8.399902930121341194e-12 -3.541786095129966639e-12 -3.088684799923400234e-12 -8.757466531696677591e-12 -1.426096079824860975e-11 -1.796040205234750916e-11 -2.048631684404741777e-11 -1.824691550010699851e-11 -2.058973939388487499e-11 -1.385725277286765534e-11 9.377546869840936695e-12 3.850463724014791967e-11 1.585410312206410289e-10 3.356380291765288310e-10
