8.784067762890363648e-11 2.518160805261096961e-11 1.534896793919835023e-11 1.089784161396555731e-11 2.164016973720005223e-12 1.166725135926874169e-12 1.586033270931001157e-12 4.150727601996746804e-12 3.299336028433886916e-12 2.375698702930024506e-12 3.867095965202153131e-12 3.078093985557261463e-12 2.363516516201393747e-12 1.638530631161665600e-12 2.497795319879493764e-12 4.112321009587700798e-12 8.824566817969569442e-12 8.285683228142253700e-12 7.857852827619107164e-12 1.256872211334462753e-11 2.030850354490206264e-11 2.190411081977477492e-11 2.789431124641454285e-11 2.867604171953948032e-11 2.394854049416233716e-11 3.857660429993209716e-12
2.518160805261096961e-11 6.465616722699053861e-11 1.811572338668620919e-11 1.206595991366289352e-11 6.339795643174125800e-12 3.669168379106505109e-12 2.344096378511811048e-12 3.984077055549419058e-12 1.084314086635020493e-12 8.416173183813138976e-13 -4.899499935464183950e-13 -1.685222633364375495e-12 -2.065537497405978030e-12 -2.498852491580044968e-13 2.789661868055662371e-12 4.608421220661225002e-12 9.340610534214877267e-12 1.502913049697829396e-11 1.951863139693354696e-11 2.474121963541962790e-11 2.835206421644045727e-11 2.410870812712509273e-11 1.474738643955303784e-11 1.825578339656598789e-11 8.262015478170110105e-12 -2.034172385024697731e-11
1.534896793919835023e-11 1.811572338668620919e-11 4.043513707407952532e-11 1.562794044238589981e-11 7.245119041305662896e-12 6.262324373897906657e-12 4.686109983824225145e-12 1.413644620895091034e-12 3.977167839929450532e-13 2.151539262847011877e-12 -3.369855428788885070e-13 -1.393512927275918246e-12 -3.239938965731339696e-12 -3.826984147099911527e-12 -4.289308146805461764e-12 -3.103251792457146747e-12 -1.159210346050935616e-12 2.658855138538925785e-12 6.844717127473435524e-12 7.645971479221954915e-12 6.000415020990833234e-12 4.242076320467931883e-12 2.407008616555740725e-12 3.854749463093540663e-13 -1.415902520480168506e-13 -1.033654109799943797e-11
1.089784161396555731e-11 1.206595991366289352e-11 1.562794044238589981e-11 3.498031167583018376e-11 1.052313369073436619e-11 8.717900515702920208e-12 5.353808268498413698e-12 2.517362169647503817e-12 7.806894544981818815e-13 3.604814725355083198e-12 1.650953464613017656e-12 -1.323168275482693329e-12 -2.552909635486749489e-12 -1.991968133152286778e-12 5.167932178935566639e-13 3.463646300937950086e-12 5.907724840744261492e-12 8.078159618649745109e-12 9.188369896933218486e-12 1.156949696532291559e-11 1.079953251359034074e-11 -8.934356954344160086e-13 -6.962233472498835542e-12 5.805282209232762337e-12 1.753884719195759284e-11 -1.389370127955522627e-12
2.164016973720005223e-12 6.339795643174125800e-12 7.245119041305662896e-12 1.052313369073436619e-11 2.853594609057771324e-11 1.285759790874817902e-11 1.118643902041630706e-11 8.112934253761063295e-12 5.520350232259238634e-12 4.770962977025940813e-12 2.496397708435695758e-12 2.771330303797107007e-12 8.198220564659571578e-13 6.107314659710985496e-13 5.161482878765930760e-12 7.841232208515331005e-12 1.251558542909628985e-11 1.737474324221106722e-11 2.133866285158216660e-11 2.291483907187573963e-11 2.160606691129929168e-11 1.697767624620080172e-11 1.141560348127205694e-11 1.413478857813207716e-11 1.262280961579998716e-11 -7.190502456934194397e-13
1.166725135926874169e-12 3.669168379106505109e-12 6.262324373897906657e-12 8.717900515702920208e-12 1.285759790874817902e-11 2.519373546806045010e-11 1.444034813578405269e-11 6.929455494916058762e-12 5.087769914555884094e-12 5.673506641824988355e-12 3.048447636642871501e-12 3.898919817805879361e-12 3.509952668686980115e-12 3.849849430557629707e-12 5.661592049152719346e-12 7.611683561488308605e-12 1.028671204620326307e-11 1.300189498630031437e-11 1.679135276101359472e-11 1.923368006009781472e-11 1.724787343213521922e-11 9.495013263829325505e-12 1.860660086571801490e-12 4.323338279652306757e-12 2.434088155666262648e-12 5.734177560271447106e-13
1.586033270931001157e-12 2.344096378511811048e-12 4.686109983824225145e-12 5.353808268498413698e-12 1.118643902041630706e-11 1.444034813578405269e-11 2.203927652169224749e-11 1.159675600449187393e-11 8.525957544452296281e-12 6.946285018258191479e-12 6.304330676497365781e-12 6.041144674871312141e-12 4.813186318352278907e-12 5.226588771201535279e-12 6.692040556274902606e-12 8.332198327679272155e-12 1.134629397923034583e-11 1.475856629982814886e-11 2.029167861023173448e-11 2.156992200791129410e-11 1.797236773666519785e-11 5.972696382129610774e-12 3.247260083694251143e-12 1.163490619290959235e-12 -4.351808153117036223e-12 -2.919065882211571457e-12
4.150727601996746804e-12 3.984077055549419058e-12 1.413644620895091034e-12 2.517362169647503817e-12 8.112934253761063295e-12 6.929455494916058762e-12 1.159675600449187393e-11 2.088651096389019998e-11 1.436121725964051791e-11 1.078698328527770782e-11 9.130597341186617538e-12 7.872973854944396509e-12 6.662346761986296535e-12 5.878465098075397184e-12 6.045270826425166582e-12 5.143429623529798958e-12 5.473192509081450606e-12 6.538028319477397306e-12 7.964046567205300806e-12 6.585551352899578963e-12 6.928969823007599391e-12 6.929849802078051664e-12 1.516097398194102443e-11 1.223394289208867411e-11 8.520430551115516054e-13 -9.975342890398241577e-12
3.299336028433886916e-12 1.084314086635020493e-12 3.977167839929450532e-13 7.806894544981818815e-13 5.520350232259238634e-12 5.087769914555884094e-12 8.525957544452296281e-12 1.436121725964051791e-11 2.325362614314796048e-11 1.728258935116791218e-11 1.444468875162946624e-11 1.133744539307939027e-11 1.128043040636690940e-11 1.198708897552000841e-11 1.215482522280856661e-11 1.239102451129686744e-11 1.473671818438695746e-11 1.611707573936860160e-11 1.857458397405415217e-11 1.906963205626717690e-11 1.717610386434180336e-11 8.195608398248780628e-12 1.312464986512385501e-11 1.774022190867150602e-11 8.019740460074546682e-12 -3.698540861026019688e-12
2.375698702930024506e-12 8.416173183813138976e-13 2.151539262847011877e-12 3.604814725355083198e-12 4.770962977025940813e-12 5.673506641824988355e-12 6.946285018258191479e-12 1.078698328527770782e-11 1.728258935116791218e-11 2.585591362248677722e-11 2.033877861011312339e-11 1.488364331927300542e-11 1.598513227974526039e-11 1.556917521682518623e-11 1.512404428468677721e-11 1.573120198735450163e-11 1.741050584971167336e-11 1.951731085980344841e-11 1.989167240064442335e-11 2.166366302975007491e-11 2.209266941806385174e-11 1.393629403730737445e-11 1.896028614547576187e-11 1.936474616847530482e-11 1.021959190840037613e-11 -6.035753649137663294e-13
3.867095965202153131e-12 -4.899499935464183950e-13 -3.369855428788885070e-13 1.650953464613017656e-12 2.496397708435695758e-12 3.048447636642871501e-12 6.304330676497365781e-12 9.130597341186617538e-12 1.444468875162946624e-11 2.033877861011312339e-11 2.877699104956751979e-11 2.394573331552739934e-11 2.437465155095931366e-11 2.235486931952825322e-11 2.051098299431030038e-11 2.083713572294840726e-11 2.125248914015178631e-11 2.247324044992793424e-11 2.420541860233546819e-11 2.845468820072828847e-11 2.889916364290068877e-11 1.773409045940878594e-11 1.875464407040445561e-11 1.937803628555105703e-11 1.685940434887376848e-11 5.767945511947504248e-13
3.078093985557261463e-12 -1.685222633364375495e-12 -1.393512927275918246e-12 -1.323168275482693329e-12 2.771330303797107007e-12 3.898919817805879361e-12 6.041144674871312141e-12 7.872973854944396509e-12 1.133744539307939027e-11 1.488364331927300542e-11 2.394573331552739934e-11 3.063135328885107009e-11 3.157420276597188027e-11 2.876408152192411842e-11 2.601472763752460379e-11 2.638417461026666817e-11 2.751805595092734021e-11 3.194850616466822795e-11 3.567772302929362283e-11 3.994434863349151825e-11 3.783050359453905060e-11 1.940517352085174316e-11 1.425689531344276465e-11 1.129216933360922306e-11 1.656497694248600220e-11 1.034299090200314493e-11
2.363516516201393747e-12 -2.065537497405978030e-12 -3.239938965731339696e-12 -2.552909635486749489e-12 8.198220564659571578e-13 3.509952668686980115e-12 4.813186318352278907e-12 6.662346761986296535e-12 1.128043040636690940e-11 1.598513227974526039e-11 2.437465155095931366e-11 3.157420276597188027e-11 4.515264179261284453e-11 4.447569311358813759e-11 4.188607280278894754e-11 4.415376881415614454e-11 4.626932025211636657e-11 5.240005428145819436e-11 5.781877601105719936e-11 6.217069841438400475e-11 5.806533129631242486e-11 2.843682348003590786e-11 1.689088034256034587e-11 1.247454458279065731e-11 1.973682273838735424e-11 1.308842409721210571e-11
1.638530631161665600e-12 -2.498852491580044968e-13 -3.826984147099911527e-12 -1.991968133152286778e-12 6.107314659710985496e-13 3.849849430557629707e-12 5.226588771201535279e-12 5.878465098075397184e-12 1.198708897552000841e-11 1.556917521682518623e-11 2.235486931952825322e-11 2.876408152192411842e-11 4.447569311358813759e-11 5.660534036854308774e-11 5.913013433846819943e-11 6.442854011502263197e-11 6.920990085741841287e-11 7.896304442547318617e-11 8.895038364474995631e-11 9.517617958264019903e-11 8.185515993532261861e-11 2.972555783809899385e-11 1.023875647458849569e-11 1.504783605095994509e-11 2.173715877504162353e-11 9.532711397903240611e-12
2.497795319879493764e-12 2.789661868055662371e-12 -4.289308146805461764e-12 5.167932178935566639e-13 5.161482878765930760e-12 5.661592049152719346e-12 6.692040556274902606e-12 6.045270826425166582e-12 1.215482522280856661e-11 1.512404428468677721e-11 2.051098299431030038e-11 2.601472763752460379e-11 4.188607280278894754e-11 5.913013433846819943e-11 8.014155117106444450e-11 9.473878973224746481e-11 1.076411225664841000e-10 1.235559562762561485e-10 1.377409038338591834e-10 1.465291617275337675e-10 1.230864033797213795e-10 4.452553743128645497e-11 6.434104891778074542e-12 1.988769028812032590e-11 2.915727163555889301e-11 7.862483182228935394e-12
4.112321009587700798e-12 4.608421220661225002e-12 -3.103251792457146747e-12 3.463646300937950086e-12 7.841232208515331005e-12 7.611683561488308605e-12 8.332198327679272155e-12 5.143429623529798958e-12 1.239102451129686744e-11 1.573120198735450163e-11 2.083713572294840726e-11 2.638417461026666817e-11 4.415376881415614454e-11 6.442854011502263197e-11 9.473878973224746481e-11 1.339699618436506580e-10 1.628133140653825703e-10 1.899901010201758994e-10 2.109375232310970690e-10 2.240747364748748789e-10 1.913265542092900215e-10 7.566697746507852726e-11 7.510134879483748278e-12 2.766265438132501673e-11 4.141649038805690862e-11 1.320093876573351746e-11
8.824566817969569442e-12 9.340610534214877267e-12 -1.159210346050935616e-12 5.907724840744261492e-12 1.251558542909628985e-11 1.028671204620326307e-11 1.134629397923034583e-11 5.473192509081450606e-12 1.473671818438695746e-11 1.741050584971167336e-11 2.125248914015178631e-11 2.751805595092734021e-11 4.626932025211636657e-11 6.920990085741841287e-11 1.076411225664841000e-10 1.628133140653825703e-10 2.274301966372745425e-10 2.773725314498004881e-10 3.115477129279527149e-10 3.317825883664510779e-10 2.923904146858522080e-10 1.345892239855031575e-10 1.256862974537562799e-11 2.591053916373699196e-11 4.321679555402495791e-11 8.544352397711070693e-12
8.285683228142253700e-12 1.502913049697829396e-11 2.658855138538925785e-12 8.078159618649745109e-12 1.737474324221106722e-11 1.300189498630031437e-11 1.475856629982814886e-11 6.538028319477397306e-12 1.611707573936860160e-11 1.951731085980344841e-11 2.247324044992793424e-11 3.194850616466822795e-11 5.240005428145819436e-11 7.896304442547318617e-11 1.235559562762561485e-10 1.899901010201758994e-10 2.773725314498004881e-10 3.688709861967953430e-10 4.286193939620798835e-10 4.571292465169541689e-10 4.126189148105306033e-10 2.173106673324004363e-10 2.972670666201686064e-11 2.679390278443093532e-11 3.941585224173934748e-11 -6.831907066628143638e-13
7.857852827619107164e-12 1.951863139693354696e-11 6.844717127473435524e-12 9.188369896933218486e-12 2.133866285158216660e-11 1.679135276101359472e-11 2.029167861023173448e-11 7.964046567205300806e-12 1.857458397405415217e-11 1.989167240064442335e-11 2.420541860233546819e-11 3.567772302929362283e-11 5.781877601105719936e-11 8.895038364474995631e-11 1.377409038338591834e-10 2.109375232310970690e-10 3.115477129279527149e-10 4.286193939620798835e-10 5.387357225146055942e-10 5.999064217964444112e-10 5.620813182772675138e-10 3.440051807244971184e-10 8.430888101689604076e-11 4.202526761775166848e-11 4.263144984559653711e-11 -9.995092645488912661e-12
1.256872211334462753e-11 2.474121963541962790e-11 7.645971479221954915e-12 1.156949696532291559e-11 2.291483907187573963e-11 1.923368006009781472e-11 2.156992200791129410e-11 6.585551352899578963e-12 1.906963205626717690e-11 2.166366302975007491e-11 2.845468820072828847e-11 3.994434863349151825e-11 6.217069841438400475e-11 9.517617958264019903e-11 1.465291617275337675e-10 2.240747364748748789e-10 3.317825883664510779e-10 4.571292465169541689e-10 5.999064217964444112e-10 7.398144537705760818e-10 7.483339850221293647e-10 5.319384250555754115e-10 1.969684024414576215e-10 6.862565345834701139e-11 5.205457067203366569e-11 -1.945035622414172517e-11
2.030850354490206264e-11 2.835206421644045727e-11 6.000415020990833234e-12 1.079953251359034074e-11 2.160606691129929168e-11 1.724787343213521922e-11 1.797236773666519785e-11 6.928969823007599391e-12 1.717610386434180336e-11 2.209266941806385174e-11 2.889916364290068877e-11 3.783050359453905060e-11 5.806533129631242486e-11 8.185515993532261861e-11 1.230864033797213795e-10 1.913265542092900215e-10 2.923904146858522080e-10 4.126189148105306033e-10 5.620813182772675138e-10 7.483339850221293647e-10 8.625776601566550335e-10 7.395366040271431472e-10 3.906381878236884901e-10 1.248471461145543117e-10 2.778452646674713798e-11 -3.860216032125726638e-11
2.190411081977477492e-11 2.410870812712509273e-11 4.242076320467931883e-12 -8.934356954344160086e-13 1.697767624620080172e-11 9.495013263829325505e-12 5.972696382129610774e-12 6.929849802078051664e-12 8.195608398248780628e-12 1.393629403730737445e-11 1.773409045940878594e-11 1.940517352085174316e-11 2.843682348003590786e-11 2.972555783809899385e-11 4.452553743128645497e-11 7.566697746507852726e-11 1.345892239855031575e-10 2.173106673324004363e-10 3.440051807244971184e-10 5.319384250555754115e-10 7.395366040271431472e-10 8.549736913167320448e-10 6.272320762336890678e-10 2.443460055332909171e-10 -3.025716657161559138e-12 -5.494652425904062854e-11
2.789431124641454285e-11 1.474738643955303784e-11 2.407008616555740725e-12 -6.962233472498835542e-12 1.141560348127205694e-11 1.860660086571801490e-12 3.247260083694251143e-12 1.516097398194102443e-11 1.312464986512385501e-11 1.896028614547576187e-11 1.875464407040445561e-11 1.425689531344276465e-11 1.689088034256034587e-11 1.023875647458849569e-11 6.434104891778074542e-12 7.510134879483748278e-12 1.256862974537562799e-11 2.972670666201686064e-11 8.430888101689604076e-11 1.969684024414576215e-10 3.906381878236884901e-10 6.272320762336890678e-10 7.119804663747160268e-10 4.466987532445348712e-10 6.255698343187701910e-11 -2.273608209263986706e-11
2.867604171953948032e-11 1.825578339656598789e-11 3.854749463093540663e-13 5.805282209232762337e-12 1.413478857813207716e-11 4.323338279652306757e-12 1.163490619290959235e-12 1.223394289208867411e-11 1.774022190867150602e-11 1.936474616847530482e-11 1.937803628555105703e-11 1.129216933360922306e-11 1.247454458279065731e-11 1.504783605095994509e-11 1.988769028812032590e-11 2.766265438132501673e-11 2.591053916373699196e-11 2.679390278443093532e-11 4.202526761775166848e-11 6.862565345834701139e-11 1.248471461145543117e-10 2.443460055332909171e-10 4.466987532445348712e-10 5.864279439088605294e-10 3.270300605065932886e-10 7.114216634324399375e-11
2.394854049416233716e-11 8.262015478170110105e-12 -1.415902520480168506e-13 1.753884719195759284e-11 1.262280961579998716e-11 2.434088155666262648e-12 -4.351808153117036223e-12 8.520430551115516054e-13 8.019740460074546682e-12 1.021959190840037613e-11 1.685940434887376848e-11 1.656497694248600220e-11 1.973682273838735424e-11 2.173715877504162353e-11 2.915727163555889301e-11 4.141649038805690862e-11 4.321679555402495791e-11 3.941585224173934748e-11 4.263144984559653711e-11 5.205457067203366569e-11 2.778452646674713798e-11 -3.025716657161559138e-12 6.255698343187701910e-11 3.270300605065932886e-10 5.666077680001791617e-10 3.119240587714863324e-10
3.857660429993209716e-12 -2.034172385024697731e-11 -1.033654109799943797e-11 -1.389370127955522627e-12 -7.190502456934194397e-13 5.734177560271447106e-13 -2.919065882211571457e-12 -9.975342890398241577e-12 -3.698540861026019688e-12 -6.035753649137663294e-13 5.767945511947504248e-13 1.034299090200314493e-11 1.308842409721210571e-11 9.532711397903240611e-12 7.862483182228935394e-12 1.320093876573351746e-11 8.544352397711070693e-12 -6.831907066628143638e-13 -9.995092645488912661e-12 -1.945035622414172517e-11 -3.860216032125726638e-11 -5.494652425904062854e-11 -2.273608209263986706e-11 7.114216634324399375e-11 3.119240587714863324e-10 5.202924092080896991e-10
