6.756295639854567215e-11 1.461660845056500532e-11 1.065701001083189260e-11 -1.277094368401044146e-12 -2.828547621671885825e-14 -1.409550094064744283e-12 1.283567361580475905e-12 7.646315216807533286e-13 -2.654301613310855035e-13 -1.268776639627685896e-12 -3.113200714862431172e-12 -9.635292611814828009e-13 4.790442940376543816e-13 4.224128522479621520e-12 4.568404846251858220e-12 4.621743878379294800e-12 8.081569210106205764e-12 1.099503205205527303e-11 1.186979555137536389e-11 1.265571694508774186e-11 1.377167633823925071e-11 1.068389994621605069e-11 5.821188720713770017e-12 -5.254382230058976996e-12 -1.149926168137382585e-11 -2.242818907229416080e-12
1.461660845056500532e-11 5.097045999302902595e-11 1.465324057474430405e-11 5.250679963992250766e-12 1.279384388989100652e-12 3.823729331957548933e-12 3.140443932016392070e-12 2.519222253797406387e-12 6.291982686638625436e-13 -9.569500494969308601e-14 -1.075211370957474648e-12 -6.011907412182678591e-12 -3.923007223035103819e-12 -1.244753907689917636e-12 1.083838011052837641e-12 1.582384013702836592e-12 1.032383394840472600e-13 3.653720712374680838e-13 1.449646635290532593e-12 2.058142682046245033e-12 3.805193739481625058e-12 2.671665548790964787e-12 5.437634497879538552e-13 3.270019408104770563e-13 2.916996965140236472e-13 -9.317762672230689783e-12
1.065701001083189260e-11 1.465324057474430405e-11 3.829801142478384526e-11 9.297720004134655919e-12 4.629914519027863612e-12 5.963488589771677130e-12 4.322649785595230284e-12 2.069504700145327216e-12 1.719576490888421203e-12 1.029976624372846129e-12 1.226880090080680291e-12 -9.406355232052141225e-13 -2.720094879215855705e-13 2.077197544893262329e-13 1.098060434618925805e-12 1.806041461264208808e-12 2.369445687080625186e-12 6.816617623799105337e-13 -1.475803867953618379e-12 -3.934559803833978942e-12 -6.749090061644350630e-12 -3.113526022737205116e-12 5.509169356497897177e-13 1.970728101978814074e-12 7.871316875350966353e-12 3.871356941179574443e-12
-1.277094368401044146e-12 5.250679963992250766e-12 9.297720004134655919e-12 3.159050239223286140e-11 1.125805845322047313e-11 8.278676975417027358e-12 4.696807659469556699e-12 4.862052654888293081e-12 3.743889334171096176e-12 3.210263443310459996e-12 3.577576609886503318e-12 1.925736555368557534e-12 1.033609606938003486e-12 1.802497903377596791e-12 2.121026784862442593e-12 -4.844847904496487267e-13 -1.850094001117814825e-13 -1.275569496450178534e-12 6.819694258101196514e-13 2.389012545768145595e-12 4.451760981127901969e-12 5.448530680722382562e-12 4.816161889666603146e-12 2.187359861884884993e-12 4.897620923538663890e-12 1.393492918989171823e-11
-2.828547621671885825e-14 1.279384388989100652e-12 4.629914519027863612e-12 1.125805845322047313e-11 2.410669411773462560e-11 1.438011597586899486e-11 9.064511072785317139e-12 4.911830060265617265e-12 4.436064605481660702e-12 2.445667635950826289e-12 3.283375989410833054e-12 3.002277445360776668e-12 1.140259281121182593e-12 1.086779830642218789e-12 1.031856269260567615e-12 2.539594282129572421e-12 2.953146457351179714e-12 2.428309245847979589e-12 3.110322583939461939e-12 6.628163755137994858e-12 9.545695991815046749e-12 8.832090458779262084e-12 3.478720249597795632e-12 -2.430285964249225502e-12 4.400636068965977010e-12 1.058664791536305541e-11
-1.409550094064744283e-12 3.823729331957548933e-12 5.963488589771677130e-12 8.278676975417027358e-12 1.438011597586899486e-11 2.470477553181484291e-11 1.421500940208397340e-11 9.123470637039273791e-12 8.030692578829772178e-12 4.497391225386930276e-12 2.836813602767813744e-12 1.868463226444099972e-12 9.665996286807789664e-13 -6.624351283690253159e-13 -6.115079215247381834e-14 1.100632795359185293e-12 2.033141874416295063e-12 -7.297740559127102878e-13 -1.197638067979590746e-12 6.820275550485672908e-13 3.608896478665659857e-12 5.079081057165154387e-12 2.100067009282868667e-12 -4.596782494510652101e-12 3.498509302059791406e-12 7.766536684995651575e-12
1.283567361580475905e-12 3.140443932016392070e-12 4.322649785595230284e-12 4.696807659469556699e-12 9.064511072785317139e-12 1.421500940208397340e-11 2.011131574366149667e-11 1.374971957886976079e-11 1.027802320210866280e-11 8.154475615487129023e-12 6.075707774410954201e-12 4.617542110694658260e-12 3.688398845567179949e-12 3.095995937001679633e-12 4.553991055763031816e-12 7.193323053356376245e-12 9.093618886482579099e-12 7.839760940316477532e-12 7.456718030832090857e-12 9.100667148035475333e-12 9.962768627084839244e-12 4.810299953718749763e-12 -7.058518753175913497e-13 -6.359067227038277939e-12 2.272342263919984549e-13 -1.866990350877256649e-12
7.646315216807533286e-13 2.519222253797406387e-12 2.069504700145327216e-12 4.862052654888293081e-12 4.911830060265617265e-12 9.123470637039273791e-12 1.374971957886976079e-11 1.986491051534664707e-11 1.450765682656157219e-11 1.143147699142920924e-11 8.457753105134315874e-12 7.081511912229592393e-12 4.590372344584385220e-12 3.787437811497673803e-12 4.487590186899607404e-12 7.312494128957527332e-12 9.803343819531720507e-12 9.064234123814845263e-12 9.670468377493762504e-12 1.075413845886373743e-11 9.827450020705055822e-12 3.218328831533537573e-12 -3.157953038583690638e-12 -8.076486801956069519e-12 -6.037445092692779654e-12 -9.600863651497491384e-12
-2.654301613310855035e-13 6.291982686638625436e-13 1.719576490888421203e-12 3.743889334171096176e-12 4.436064605481660702e-12 8.030692578829772178e-12 1.027802320210866280e-11 1.450765682656157219e-11 2.200227826019097827e-11 1.637541752804183341e-11 1.212410071400751326e-11 1.041123152043379856e-11 8.086965585630198312e-12 7.780547241818594486e-12 7.036253206701180238e-12 7.957992686426821242e-12 1.073182946857391819e-11 8.397410670963798299e-12 8.036063133273144010e-12 8.996145920064174776e-12 5.964907213861702343e-12 8.468066559679805774e-13 1.054491138408062694e-12 -2.300208385929417296e-12 -5.065691724439019864e-12 -3.923897488248012839e-12
-1.268776639627685896e-12 -9.569500494969308601e-14 1.029976624372846129e-12 3.210263443310459996e-12 2.445667635950826289e-12 4.497391225386930276e-12 8.154475615487129023e-12 1.143147699142920924e-11 1.637541752804183341e-11 2.189186879653814999e-11 1.768018635230754949e-11 1.355563303799644994e-11 1.062549703036744960e-11 9.073075761732526970e-12 6.773476851657682197e-12 7.767226000640346773e-12 9.453625983939192727e-12 7.640043497347564413e-12 7.079800051458383046e-12 7.248856831981250947e-12 6.130560466221539643e-12 5.585151936435882219e-13 -2.153220063161650810e-12 -8.180832945075343544e-12 -4.900656767825389986e-12 -8.223135210113689047e-12
-3.113200714862431172e-12 -1.075211370957474648e-12 1.226880090080680291e-12 3.577576609886503318e-12 3.283375989410833054e-12 2.836813602767813744e-12 6.075707774410954201e-12 8.457753105134315874e-12 1.212410071400751326e-11 1.768018635230754949e-11 2.351852054437256807e-11 1.995274849536327433e-11 1.618718193081729508e-11 1.418460691088729135e-11 1.275898565082925246e-11 1.291158196183076941e-11 1.321720434568874348e-11 1.251482376477222105e-11 1.208225074755327302e-11 1.258957830779037811e-11 8.413242116391036813e-12 -2.817100769308922892e-12 -7.120476923479611550e-12 -1.031068997063153433e-11 -6.196278247575982483e-12 -7.938894405401179638e-12
-9.635292611814828009e-13 -6.011907412182678591e-12 -9.406355232052141225e-13 1.925736555368557534e-12 3.002277445360776668e-12 1.868463226444099972e-12 4.617542110694658260e-12 7.081511912229592393e-12 1.041123152043379856e-11 1.355563303799644994e-11 1.995274849536327433e-11 2.841628612624692435e-11 2.643100598135012600e-11 2.374025921157640035e-11 2.132631885119889984e-11 1.989831629192196847e-11 1.944762487316930175e-11 1.869945055104335765e-11 1.797915889084611366e-11 1.962765657292693315e-11 1.225250757146668234e-11 -3.102028259204948312e-12 -4.560561401642918130e-12 -7.070182330811517134e-12 -8.132219850601118544e-12 -3.313858041468097132e-12
4.790442940376543816e-13 -3.923007223035103819e-12 -2.720094879215855705e-13 1.033609606938003486e-12 1.140259281121182593e-12 9.665996286807789664e-13 3.688398845567179949e-12 4.590372344584385220e-12 8.086965585630198312e-12 1.062549703036744960e-11 1.618718193081729508e-11 2.643100598135012600e-11 3.704591299979006105e-11 3.576619195703715849e-11 3.264946460182598134e-11 3.081286093454606914e-11 2.969010945324385328e-11 2.988731455624304430e-11 3.000242561939592256e-11 3.086984918687383529e-11 1.973938725694661229e-11 -4.349949090297990865e-12 -5.872630087969453916e-12 -3.101063918765587342e-12 -9.502575141635424956e-12 -8.955417965926450141e-12
4.224128522479621520e-12 -1.244753907689917636e-12 2.077197544893262329e-13 1.802497903377596791e-12 1.086779830642218789e-12 -6.624351283690253159e-13 3.095995937001679633e-12 3.787437811497673803e-12 7.780547241818594486e-12 9.073075761732526970e-12 1.418460691088729135e-11 2.374025921157640035e-11 3.576619195703715849e-11 4.782926550651003789e-11 4.888868002662931484e-11 4.806272389987746623e-11 4.684944696090639326e-11 4.739581844857893663e-11 4.866479225489950262e-11 5.037204284338299891e-11 3.736016575072831426e-11 1.161501646939216246e-12 -5.409609294385333483e-12 -1.045708593012513544e-12 -6.495633836419371383e-12 -4.787491418021867845e-12
4.568404846251858220e-12 1.083838011052837641e-12 1.098060434618925805e-12 2.121026784862442593e-12 1.031856269260567615e-12 -6.115079215247381834e-14 4.553991055763031816e-12 4.487590186899607404e-12 7.036253206701180238e-12 6.773476851657682197e-12 1.275898565082925246e-11 2.132631885119889984e-11 3.264946460182598134e-11 4.888868002662931484e-11 6.521528284161201822e-11 6.900765775088505370e-11 6.872054310415449170e-11 6.985514406580546813e-11 7.178511500037434701e-11 7.749918910651927311e-11 6.455935087768698844e-11 1.478837838585948549e-11 -3.130463142291096918e-12 -3.989470928649485817e-12 -4.783000129138270087e-12 -3.142044652611744092e-12
4.621743878379294800e-12 1.582384013702836592e-12 1.806041461264208808e-12 -4.844847904496487267e-13 2.539594282129572421e-12 1.100632795359185293e-12 7.193323053356376245e-12 7.312494128957527332e-12 7.957992686426821242e-12 7.767226000640346773e-12 1.291158196183076941e-11 1.989831629192196847e-11 3.081286093454606914e-11 4.806272389987746623e-11 6.900765775088505370e-11 8.925073569773291460e-11 9.575151225587506109e-11 1.000931558194087781e-10 1.041886212809566931e-10 1.136085080131642052e-10 1.024344524298419366e-10 4.080074570730644570e-11 6.361885771240222637e-12 4.088419204279963053e-13 -6.089821371174880549e-12 -8.912729038858033848e-12
8.081569210106205764e-12 1.032383394840472600e-13 2.369445687080625186e-12 -1.850094001117814825e-13 2.953146457351179714e-12 2.033141874416295063e-12 9.093618886482579099e-12 9.803343819531720507e-12 1.073182946857391819e-11 9.453625983939192727e-12 1.321720434568874348e-11 1.944762487316930175e-11 2.969010945324385328e-11 4.684944696090639326e-11 6.872054310415449170e-11 9.575151225587506109e-11 1.197729984307712894e-10 1.297469383064641042e-10 1.366089024798576903e-10 1.498471575885058783e-10 1.389556349131810597e-10 6.708932136327434436e-11 1.410682179671579983e-11 3.363684827867331141e-12 -9.575677506365600734e-12 -1.443523146610002464e-11
1.099503205205527303e-11 3.653720712374680838e-13 6.816617623799105337e-13 -1.275569496450178534e-12 2.428309245847979589e-12 -7.297740559127102878e-13 7.839760940316477532e-12 9.064234123814845263e-12 8.397410670963798299e-12 7.640043497347564413e-12 1.251482376477222105e-11 1.869945055104335765e-11 2.988731455624304430e-11 4.739581844857893663e-11 6.985514406580546813e-11 1.000931558194087781e-10 1.297469383064641042e-10 1.618663549874384628e-10 1.786430400817520049e-10 1.958900734261046104e-10 1.855761293379164653e-10 1.030710306392242904e-10 2.542646948519321552e-11 7.503507572576425041e-12 -1.367710176097626239e-11 -1.777197076621733058e-11
1.186979555137536389e-11 1.449646635290532593e-12 -1.475803867953618379e-12 6.819694258101196514e-13 3.110322583939461939e-12 -1.197638067979590746e-12 7.456718030832090857e-12 9.670468377493762504e-12 8.036063133273144010e-12 7.079800051458383046e-12 1.208225074755327302e-11 1.797915889084611366e-11 3.000242561939592256e-11 4.866479225489950262e-11 7.178511500037434701e-11 1.041886212809566931e-10 1.366089024798576903e-10 1.786430400817520049e-10 2.218540197680054186e-10 2.531298288255667962e-10 2.472514624430075144e-10 1.585718410479881574e-10 5.218544328294739310e-11 1.756255960129378117e-11 -1.161337471300016812e-11 -2.064129599339324485e-11
1.265571694508774186e-11 2.058142682046245033e-12 -3.934559803833978942e-12 2.389012545768145595e-12 6.628163755137994858e-12 6.820275550485672908e-13 9.100667148035475333e-12 1.075413845886373743e-11 8.996145920064174776e-12 7.248856831981250947e-12 1.258957830779037811e-11 1.962765657292693315e-11 3.086984918687383529e-11 5.037204284338299891e-11 7.749918910651927311e-11 1.136085080131642052e-10 1.498471575885058783e-10 1.958900734261046104e-10 2.531298288255667962e-10 3.296254975961657226e-10 3.485545075733557939e-10 2.579187607781286289e-10 1.183038518610843431e-10 3.701583074398010003e-11 -3.809663613185122249e-12 -1.831584293197148599e-11
1.377167633823925071e-11 3.805193739481625058e-12 -6.749090061644350630e-12 4.451760981127901969e-12 9.545695991815046749e-12 3.608896478665659857e-12 9.962768627084839244e-12 9.827450020705055822e-12 5.964907213861702343e-12 6.130560466221539643e-12 8.413242116391036813e-12 1.225250757146668234e-11 1.973938725694661229e-11 3.736016575072831426e-11 6.455935087768698844e-11 1.024344524298419366e-10 1.389556349131810597e-10 1.855761293379164653e-10 2.472514624430075144e-10 3.485545075733557939e-10 4.411849077422750632e-10 3.961401860995008118e-10 2.400212447277869354e-10 7.076469329244547714e-11 -6.156263776164783011e-12 -2.036416654308284842e-11
1.068389994621605069e-11 2.671665548790964787e-12 -3.113526022737205116e-12 5.448530680722382562e-12 8.832090458779262084e-12 5.079081057165154387e-12 4.810299953718749763e-12 3.218328831533537573e-12 8.468066559679805774e-13 5.585151936435882219e-13 -2.817100769308922892e-12 -3.102028259204948312e-12 -4.349949090297990865e-12 1.161501646939216246e-12 1.478837838585948549e-11 4.080074570730644570e-11 6.708932136327434436e-11 1.030710306392242904e-10 1.585718410479881574e-10 2.579187607781286289e-10 3.961401860995008118e-10 4.844011580217400759e-10 3.858820303080373670e-10 1.502888293976287656e-10 4.080918146013602245e-12 -1.385966827033913075e-11
5.821188720713770017e-12 5.437634497879538552e-13 5.509169356497897177e-13 4.816161889666603146e-12 3.478720249597795632e-12 2.100067009282868667e-12 -7.058518753175913497e-13 -3.157953038583690638e-12 1.054491138408062694e-12 -2.153220063161650810e-12 -7.120476923479611550e-12 -4.560561401642918130e-12 -5.872630087969453916e-12 -5.409609294385333483e-12 -3.130463142291096918e-12 6.361885771240222637e-12 1.410682179671579983e-11 2.542646948519321552e-11 5.218544328294739310e-11 1.183038518610843431e-10 2.400212447277869354e-10 3.858820303080373670e-10 4.470018071099162481e-10 2.753790730572435976e-10 5.833494771156985624e-11 9.173056680049936217e-12
-5.254382230058976996e-12 3.270019408104770563e-13 1.970728101978814074e-12 2.187359861884884993e-12 -2.430285964249225502e-12 -4.596782494510652101e-12 -6.359067227038277939e-12 -8.076486801956069519e-12 -2.300208385929417296e-12 -8.180832945075343544e-12 -1.031068997063153433e-11 -7.070182330811517134e-12 -3.101063918765587342e-12 -1.045708593012513544e-12 -3.989470928649485817e-12 4.088419204279963053e-13 3.363684827867331141e-12 7.503507572576425041e-12 1.756255960129378117e-11 3.701583074398010003e-11 7.076469329244547714e-11 1.502888293976287656e-10 2.753790730572435976e-10 3.460213340862347862e-10 1.928896904710273573e-10 3.855954387370531019e-11
-1.149926168137382585e-11 2.916996965140236472e-13 7.871316875350966353e-12 4.897620923538663890e-12 4.400636068965977010e-12 3.498509302059791406e-12 2.272342263919984549e-13 -6.037445092692779654e-12 -5.065691724439019864e-12 -4.900656767825389986e-12 -6.196278247575982483e-12 -8.132219850601118544e-12 -9.502575141635424956e-12 -6.495633836419371383e-12 -4.783000129138270087e-12 -6.089821371174880549e-12 -9.575677506365600734e-12 -1.367710176097626239e-11 -1.161337471300016812e-11 -3.809663613185122249e-12 -6.156263776164783011e-12 4.080918146013602245e-12 5.833494771156985624e-11 1.928896904710273573e-10 2.993126970252904505e-10 1.585634282555726831e-10
-2.242818907229416080e-12 -9.317762672230689783e-12 3.871356941179574443e-12 1.393492918989171823e-11 1.058664791536305541e-11 7.766536684995651575e-12 -1.866990350877256649e-12 -9.600863651497491384e-12 -3.923897488248012839e-12 -8.223135210113689047e-12 -7.938894405401179638e-12 -3.313858041468097132e-12 -8.955417965926450141e-12 -4.787491418021867845e-12 -3.142044652611744092e-12 -8.912729038858033848e-12 -1.443523146610002464e-11 -1.777197076621733058e-11 -2.064129599339324485e-11 -1.831584293197148599e-11 -2.036416654308284842e-11 -1.385966827033913075e-11 9.173056680049936217e-12 3.855954387370531019e-11 1.585634282555726831e-10 3.354888746084679637e-10
