5.500148398220246060e-11 1.367044242569466919e-11 4.608000389704029584e-12 -2.311981915825304335e-12 -7.214292175803714000e-13 -1.279896684340171004e-12 -2.904304927310730727e-12 1.011087863527717854e-12 2.142766883848828802e-12 2.526882110011494013e-12 1.117898938724052929e-12 2.062521100977014994e-14 -1.358599714925611950e-12 -1.309976934854380635e-12 -8.100560227157326717e-13 -1.136493424455994346e-13 1.164916466580040125e-12 -1.282022259043299378e-12 -4.035594381776440661e-13 1.852709873064815013e-12 2.741980932019248412e-12 1.021892355192079282e-11 1.245039768274677324e-11 9.061569717777147317e-12 9.044738701184206534e-12 1.105104485211734700e-11
1.367044242569466919e-11 5.056333317449257660e-11 1.853640632620893464e-11 1.147179740520203766e-11 6.061701405380205161e-12 3.758260365870275906e-12 2.564128468794116863e-12 1.203038933688013962e-12 1.559806859490872433e-12 1.065790264717362439e-12 -6.411691283927912262e-13 -3.371740583392323532e-12 -3.570463721707756382e-12 -2.221183469526136759e-12 1.015153617378852653e-12 4.285939766973664652e-12 5.072169259006208573e-12 7.331463486311639473e-12 8.032051277327852063e-12 3.845496974878666976e-12 3.918651576669216316e-12 8.635050320511324835e-13 -2.685312218932699846e-13 9.322411829352993041e-12 4.783028940076534584e-12 -9.457327393966454710e-12
4.608000389704029584e-12 1.853640632620893464e-11 4.303727378769086487e-11 1.144000412166926001e-11 3.909032346135032211e-12 2.255307887512205763e-12 3.100136468315139618e-12 1.765774116334975532e-12 1.494285720582543360e-12 3.181493483900451672e-12 2.496525225697488281e-12 3.762692838417145912e-13 4.771792974342471897e-13 1.152045949827091391e-12 2.457271911500466111e-12 1.257758096288330932e-12 -8.953448603337998486e-13 -3.975990794194165857e-12 -1.230070416713964663e-12 -2.751083959627768291e-12 -1.656623245451510639e-12 7.217067585203992476e-13 2.351105115866798538e-13 -2.475941751473971481e-12 4.005743414509215856e-12 1.260582306933128507e-11
-2.311981915825304335e-12 1.147179740520203766e-11 1.144000412166926001e-11 3.643609497883005721e-11 1.454017470548923811e-11 7.711542446733320253e-12 5.540344277971144955e-12 2.391645533894987009e-12 3.813908565259131040e-12 2.705500486691169238e-12 3.109419028633146216e-12 9.613270301728301058e-13 -8.586512400692540716e-13 -1.141998062374606279e-12 -6.963966766548109040e-13 -2.381212154488592335e-12 -1.576303458367051884e-12 -3.977078985381821959e-12 -2.928520023002127125e-12 -2.548493143090590615e-12 -3.829406153917563566e-13 5.238983844351236264e-12 1.103420526626785473e-11 1.529393840437369007e-11 1.100899678827974920e-11 1.416710846474614971e-11
-7.214292175803714000e-13 6.061701405380205161e-12 3.909032346135032211e-12 1.454017470548923811e-11 2.585162832673244782e-11 1.233892393825301945e-11 6.291032755905213389e-12 4.075067092001348729e-12 4.249406013057756300e-12 2.109133235567635176e-12 2.577977128173126468e-12 3.302170557239270826e-12 1.624386798941533225e-12 2.112517436964739124e-12 2.889638453406024525e-12 1.861700179666412333e-12 3.384857848234177550e-12 3.769430705834297544e-12 6.294737353990496565e-12 9.217951949840299445e-12 1.010020802719589382e-11 1.081896261577352170e-11 4.191204287836668774e-12 -4.554086635143442924e-12 -3.106548795489070433e-13 4.644470496920773505e-12
-1.279896684340171004e-12 3.758260365870275906e-12 2.255307887512205763e-12 7.711542446733320253e-12 1.233892393825301945e-11 2.438043585178875414e-11 1.318863767048742573e-11 9.243559982088008312e-12 8.367374778159718514e-12 3.632615793128095202e-12 2.055465515715940654e-12 1.966182184888269768e-12 2.032027457281771016e-12 1.052542494427752638e-12 2.123265649778549868e-12 3.619944303195286908e-12 5.068617442680724669e-12 2.377881520549486822e-12 1.860272655137321944e-12 5.657832198225847425e-12 6.292422715243781428e-12 4.353180760503903596e-12 3.335903055178629754e-12 -1.761411459142410987e-12 9.983671050419621504e-13 6.137599742550069582e-12
-2.904304927310730727e-12 2.564128468794116863e-12 3.100136468315139618e-12 5.540344277971144955e-12 6.291032755905213389e-12 1.318863767048742573e-11 2.001682169084964698e-11 1.217329447894554114e-11 1.003962745115722875e-11 6.400375982408847463e-12 4.286611138766635962e-12 2.817918584482652087e-12 2.482411385368226430e-12 9.885061640513287729e-13 1.368756620002988375e-12 2.907144418157581966e-12 5.688061252405201926e-12 4.608335975927691771e-12 4.638508228094874833e-12 8.474329539659567879e-12 1.121674759263500765e-11 8.545250991107492504e-12 6.543624603513980544e-12 1.470729125173199457e-12 4.896533717781837462e-12 9.715648113384743403e-13
1.011087863527717854e-12 1.203038933688013962e-12 1.765774116334975532e-12 2.391645533894987009e-12 4.075067092001348729e-12 9.243559982088008312e-12 1.217329447894554114e-11 1.886146565683318830e-11 1.448392774514868787e-11 1.044174131405400564e-11 7.852080773513888285e-12 6.397164070114801868e-12 4.563786720569414664e-12 3.850193846443801485e-12 4.215575553810627568e-12 7.603960687296853486e-12 9.452043987772781852e-12 8.154738599038815366e-12 9.494715569618952652e-12 9.777096434569199302e-12 6.059018269659119330e-12 -9.232309291357629347e-13 -6.139910931616724718e-12 -8.539661673336785098e-12 -4.075312498302184892e-12 -5.221906582766966199e-12
2.142766883848828802e-12 1.559806859490872433e-12 1.494285720582543360e-12 3.813908565259131040e-12 4.249406013057756300e-12 8.367374778159718514e-12 1.003962745115722875e-11 1.448392774514868787e-11 2.295466723724352432e-11 1.679896602670866069e-11 1.205535501332723715e-11 1.013901206876700104e-11 7.749682141813926401e-12 7.203783266057227309e-12 6.392104885445746012e-12 8.220428751766284686e-12 1.202953829558079352e-11 1.010689532104637375e-11 1.011457802349271211e-11 1.085595132368829830e-11 7.851702864704140067e-12 1.909445344485193570e-12 -4.452632116573602377e-13 -3.944463471404699376e-12 -4.502335758686978848e-12 -5.083792245769200758e-12
2.526882110011494013e-12 1.065790264717362439e-12 3.181493483900451672e-12 2.705500486691169238e-12 2.109133235567635176e-12 3.632615793128095202e-12 6.400375982408847463e-12 1.044174131405400564e-11 1.679896602670866069e-11 2.181241274285115489e-11 1.731181712662797949e-11 1.302315842659199544e-11 1.037161395950820358e-11 9.516199615325823012e-12 7.344439488555228675e-12 8.141829783373878239e-12 1.004431606429995623e-11 7.952071550441482760e-12 7.965105749772830420e-12 8.952348889421155731e-12 8.334212607091747935e-12 2.713839651547725886e-12 -3.991855217325312947e-13 -6.006656144849676211e-12 -2.406810386126532168e-12 -7.990896331355748167e-12
1.117898938724052929e-12 -6.411691283927912262e-13 2.496525225697488281e-12 3.109419028633146216e-12 2.577977128173126468e-12 2.055465515715940654e-12 4.286611138766635962e-12 7.852080773513888285e-12 1.205535501332723715e-11 1.731181712662797949e-11 2.330950925454193653e-11 1.979008993199272933e-11 1.576564322787206368e-11 1.411962119896291732e-11 1.231483520123942848e-11 1.196830098535512912e-11 1.250412772821272371e-11 1.186408006682143962e-11 1.162560393060752271e-11 1.253341034717743378e-11 8.956460699724365877e-12 -1.520118751675514991e-12 -5.679122542563149496e-12 -8.964060580916161746e-12 -6.079061446289269567e-12 -8.130706437641426639e-12
2.062521100977014994e-14 -3.371740583392323532e-12 3.762692838417145912e-13 9.613270301728301058e-13 3.302170557239270826e-12 1.966182184888269768e-12 2.817918584482652087e-12 6.397164070114801868e-12 1.013901206876700104e-11 1.302315842659199544e-11 1.979008993199272933e-11 2.798775271848691489e-11 2.576182490651920769e-11 2.318621722252024111e-11 2.056807290440987643e-11 1.896536542568278527e-11 1.848460471262690165e-11 1.740982073838219282e-11 1.628186266449263263e-11 1.740806912349574990e-11 1.050167844935123560e-11 -4.528993850177941849e-12 -6.218920322158562002e-12 -8.235434852820576181e-12 -8.163900601527844922e-12 -3.863774149215747332e-12
-1.358599714925611950e-12 -3.570463721707756382e-12 4.771792974342471897e-13 -8.586512400692540716e-13 1.624386798941533225e-12 2.032027457281771016e-12 2.482411385368226430e-12 4.563786720569414664e-12 7.749682141813926401e-12 1.037161395950820358e-11 1.576564322787206368e-11 2.576182490651920769e-11 3.624233128765672110e-11 3.461916031564704122e-11 3.159863151855775290e-11 2.954136288406986870e-11 2.837061543612086528e-11 2.859508699754145864e-11 2.857413855951293008e-11 2.966030318854673907e-11 1.914711461302311361e-11 -4.093923585240762183e-12 -5.041597290802089146e-12 -2.037881171456727486e-12 -8.671043449160334685e-12 -6.983026922021214193e-12
-1.309976934854380635e-12 -2.221183469526136759e-12 1.152045949827091391e-12 -1.141998062374606279e-12 2.112517436964739124e-12 1.052542494427752638e-12 9.885061640513287729e-13 3.850193846443801485e-12 7.203783266057227309e-12 9.516199615325823012e-12 1.411962119896291732e-11 2.318621722252024111e-11 3.461916031564704122e-11 4.691995846642149148e-11 4.815248574913541380e-11 4.777254837623652708e-11 4.708984648145880567e-11 4.770075221348744680e-11 4.893497069354226825e-11 5.073724657758451468e-11 3.770098563702085926e-11 1.785571254475772865e-12 -4.820749585008121834e-12 -7.020131412697883478e-13 -6.536104495410882096e-12 -4.223520194555343602e-12
-8.100560227157326717e-13 1.015153617378852653e-12 2.457271911500466111e-12 -6.963966766548109040e-13 2.889638453406024525e-12 2.123265649778549868e-12 1.368756620002988375e-12 4.215575553810627568e-12 6.392104885445746012e-12 7.344439488555228675e-12 1.231483520123942848e-11 2.056807290440987643e-11 3.159863151855775290e-11 4.815248574913541380e-11 6.499336396500205607e-11 6.911802900189036206e-11 6.911021300281768204e-11 6.992190602682549735e-11 7.173847084085402255e-11 7.707294355665077748e-11 6.415552820345931935e-11 1.447240747401462340e-11 -3.318439362733364877e-12 -3.869417311005961916e-12 -4.443960436662483900e-12 -3.086262764537730154e-12
-1.136493424455994346e-13 4.285939766973664652e-12 1.257758096288330932e-12 -2.381212154488592335e-12 1.861700179666412333e-12 3.619944303195286908e-12 2.907144418157581966e-12 7.603960687296853486e-12 8.220428751766284686e-12 8.141829783373878239e-12 1.196830098535512912e-11 1.896536542568278527e-11 2.954136288406986870e-11 4.777254837623652708e-11 6.911802900189036206e-11 8.944140875158912780e-11 9.599862385682400433e-11 9.999318035671464270e-11 1.044029897335917270e-10 1.134717319655139629e-10 1.022666752688619260e-10 4.087233925707132944e-11 6.423107589347875346e-12 7.029354699659582683e-13 -5.686059874577500171e-12 -8.317389415779498123e-12
1.164916466580040125e-12 5.072169259006208573e-12 -8.953448603337998486e-13 -1.576303458367051884e-12 3.384857848234177550e-12 5.068617442680724669e-12 5.688061252405201926e-12 9.452043987772781852e-12 1.202953829558079352e-11 1.004431606429995623e-11 1.250412772821272371e-11 1.848460471262690165e-11 2.837061543612086528e-11 4.708984648145880567e-11 6.911021300281768204e-11 9.599862385682400433e-11 1.200612365699199582e-10 1.296369865968196616e-10 1.369145672493763966e-10 1.503019427626323590e-10 1.395376719880382872e-10 6.774920453893836564e-11 1.465181428387555143e-11 3.849106068871850304e-12 -9.120296168141650496e-12 -1.414062357148769542e-11
-1.282022259043299378e-12 7.331463486311639473e-12 -3.975990794194165857e-12 -3.977078985381821959e-12 3.769430705834297544e-12 2.377881520549486822e-12 4.608335975927691771e-12 8.154738599038815366e-12 1.010689532104637375e-11 7.952071550441482760e-12 1.186408006682143962e-11 1.740982073838219282e-11 2.859508699754145864e-11 4.770075221348744680e-11 6.992190602682549735e-11 9.999318035671464270e-11 1.296369865968196616e-10 1.612504002204235584e-10 1.782965309698809467e-10 1.951870677054865700e-10 1.845852235631910070e-10 1.023312654324902430e-10 2.464477138914888297e-11 6.694888460013145185e-12 -1.418324527254814283e-11 -1.759275208149299675e-11
-4.035594381776440661e-13 8.032051277327852063e-12 -1.230070416713964663e-12 -2.928520023002127125e-12 6.294737353990496565e-12 1.860272655137321944e-12 4.638508228094874833e-12 9.494715569618952652e-12 1.011457802349271211e-11 7.965105749772830420e-12 1.162560393060752271e-11 1.628186266449263263e-11 2.857413855951293008e-11 4.893497069354226825e-11 7.173847084085402255e-11 1.044029897335917270e-10 1.369145672493763966e-10 1.782965309698809467e-10 2.221882007909845900e-10 2.533276291937004063e-10 2.471538419063535925e-10 1.582379175818707093e-10 5.143404247082004819e-11 1.689902290697496391e-11 -1.210299285774808886e-11 -2.067871426927478419e-11
1.852709873064815013e-12 3.845496974878666976e-12 -2.751083959627768291e-12 -2.548493143090590615e-12 9.217951949840299445e-12 5.657832198225847425e-12 8.474329539659567879e-12 9.777096434569199302e-12 1.085595132368829830e-11 8.952348889421155731e-12 1.253341034717743378e-11 1.740806912349574990e-11 2.966030318854673907e-11 5.073724657758451468e-11 7.707294355665077748e-11 1.134717319655139629e-10 1.503019427626323590e-10 1.951870677054865700e-10 2.533276291937004063e-10 3.297815003100722044e-10 3.484315498113876035e-10 2.578819329853938936e-10 1.181505063922453453e-10 3.721494244584931265e-11 -3.810774715267429899e-12 -1.833204475626306165e-11
2.741980932019248412e-12 3.918651576669216316e-12 -1.656623245451510639e-12 -3.829406153917563566e-13 1.010020802719589382e-11 6.292422715243781428e-12 1.121674759263500765e-11 6.059018269659119330e-12 7.851702864704140067e-12 8.334212607091747935e-12 8.956460699724365877e-12 1.050167844935123560e-11 1.914711461302311361e-11 3.770098563702085926e-11 6.415552820345931935e-11 1.022666752688619260e-10 1.395376719880382872e-10 1.845852235631910070e-10 2.471538419063535925e-10 3.484315498113876035e-10 4.408672386134371103e-10 3.957691619585093327e-10 2.397466721725761556e-10 7.079097683632681629e-11 -6.040026681155917056e-12 -2.009567293299736897e-11
1.021892355192079282e-11 8.635050320511324835e-13 7.217067585203992476e-13 5.238983844351236264e-12 1.081896261577352170e-11 4.353180760503903596e-12 8.545250991107492504e-12 -9.232309291357629347e-13 1.909445344485193570e-12 2.713839651547725886e-12 -1.520118751675514991e-12 -4.528993850177941849e-12 -4.093923585240762183e-12 1.785571254475772865e-12 1.447240747401462340e-11 4.087233925707132944e-11 6.774920453893836564e-11 1.023312654324902430e-10 1.582379175818707093e-10 2.578819329853938936e-10 3.957691619585093327e-10 4.837196909022206023e-10 3.855430975097565843e-10 1.501135638264268516e-10 3.968577994491512784e-12 -1.365197301895439234e-11
1.245039768274677324e-11 -2.685312218932699846e-13 2.351105115866798538e-13 1.103420526626785473e-11 4.191204287836668774e-12 3.335903055178629754e-12 6.543624603513980544e-12 -6.139910931616724718e-12 -4.452632116573602377e-13 -3.991855217325312947e-13 -5.679122542563149496e-12 -6.218920322158562002e-12 -5.041597290802089146e-12 -4.820749585008121834e-12 -3.318439362733364877e-12 6.423107589347875346e-12 1.465181428387555143e-11 2.464477138914888297e-11 5.143404247082004819e-11 1.181505063922453453e-10 2.397466721725761556e-10 3.855430975097565843e-10 4.470402960880203968e-10 2.753463100537946962e-10 5.822846227933441405e-11 9.351337681268684357e-12
9.061569717777147317e-12 9.322411829352993041e-12 -2.475941751473971481e-12 1.529393840437369007e-11 -4.554086635143442924e-12 -1.761411459142410987e-12 1.470729125173199457e-12 -8.539661673336785098e-12 -3.944463471404699376e-12 -6.006656144849676211e-12 -8.964060580916161746e-12 -8.235434852820576181e-12 -2.037881171456727486e-12 -7.020131412697883478e-13 -3.869417311005961916e-12 7.029354699659582683e-13 3.849106068871850304e-12 6.694888460013145185e-12 1.689902290697496391e-11 3.721494244584931265e-11 7.079097683632681629e-11 1.501135638264268516e-10 2.753463100537946962e-10 3.463133056019126090e-10 1.930158218459681921e-10 3.868918563318580050e-11
9.044738701184206534e-12 4.783028940076534584e-12 4.005743414509215856e-12 1.100899678827974920e-11 -3.106548795489070433e-13 9.983671050419621504e-13 4.896533717781837462e-12 -4.075312498302184892e-12 -4.502335758686978848e-12 -2.406810386126532168e-12 -6.079061446289269567e-12 -8.163900601527844922e-12 -8.671043449160334685e-12 -6.536104495410882096e-12 -4.443960436662483900e-12 -5.686059874577500171e-12 -9.120296168141650496e-12 -1.418324527254814283e-11 -1.210299285774808886e-11 -3.810774715267429899e-12 -6.040026681155917056e-12 3.968577994491512784e-12 5.822846227933441405e-11 1.930158218459681921e-10 2.991301752750248709e-10 1.585403711025691199e-10
1.105104485211734700e-11 -9.457327393966454710e-12 1.260582306933128507e-11 1.416710846474614971e-11 4.644470496920773505e-12 6.137599742550069582e-12 9.715648113384743403e-13 -5.221906582766966199e-12 -5.083792245769200758e-12 -7.990896331355748167e-12 -8.130706437641426639e-12 -3.863774149215747332e-12 -6.983026922021214193e-12 -4.223520194555343602e-12 -3.086262764537730154e-12 -8.317389415779498123e-12 -1.414062357148769542e-11 -1.759275208149299675e-11 -2.067871426927478419e-11 -1.833204475626306165e-11 -2.009567293299736897e-11 -1.365197301895439234e-11 9.351337681268684357e-12 3.868918563318580050e-11 1.585403711025691199e-10 3.351955606922506646e-10
