5.605084994948436031e-11 1.303423372211906848e-11 5.306256541608350103e-12 8.237757758412976476e-13 9.837675239228171160e-13 6.728445405291840553e-13 -1.071431304520887281e-13 -1.937508394110106267e-12 -1.175608146490009339e-12 -1.919663585369584187e-12 -8.939725482865833443e-13 -3.332176673005092943e-12 -7.406783847568657556e-12 -5.696204922386027998e-12 -9.467362430745934139e-13 1.946176689689912002e-12 3.390148574492069537e-12 1.058520374404404545e-12 -5.410642084529306895e-12 -6.421628186871571881e-12 -3.219543953264062058e-12 3.349590668809244237e-12 1.160097781281750898e-11 1.222333133818926616e-11 7.893498989008412780e-12 -8.214697331598793346e-13
1.303423372211906848e-11 4.642790083899367350e-11 1.080801867197251277e-11 5.100211454506227707e-12 5.291331002613238446e-12 4.560255419258272375e-12 3.958766580310755346e-12 7.460179982938056328e-13 -8.595400160673204940e-13 -4.782147400732794668e-13 -1.301944813949732125e-12 4.618265098710837671e-13 -1.675390181000525979e-12 -3.515278624673082264e-12 -2.704492165402432938e-12 -1.558535958109866160e-12 -8.364493284783221925e-13 -3.233701083572240364e-12 -7.423415069905906619e-12 -1.067978508959824830e-11 -9.514820899083455363e-12 -5.111854332597466262e-13 -4.215119485171194683e-13 2.425543454303655084e-13 -3.030601737727138449e-12 -3.209354119095176660e-12
5.306256541608350103e-12 1.080801867197251277e-11 3.242036235373868223e-11 1.163321407578109376e-11 4.782831918658544263e-12 4.537453026508092778e-12 4.050318444330199105e-12 1.417630315249107167e-12 8.500605285237458037e-13 1.156995383658137007e-12 5.870246246094728068e-13 -1.937529345696269648e-13 -2.757591709253927540e-12 -2.817147371896539174e-12 -3.716695646085249025e-12 -2.205411076411947429e-12 -1.603150039154292675e-12 -4.089774532201827442e-12 -4.942440560311099974e-12 -3.300006580135874590e-12 -1.604911862358656865e-12 -2.208478642744636001e-12 -5.047430891811814792e-12 -7.129005186779156708e-12 2.995797919257529456e-12 7.590146106116286637e-12
8.237757758412976476e-13 5.100211454506227707e-12 1.163321407578109376e-11 2.709907011365010056e-11 1.084843702332051485e-11 8.745708345857860526e-12 6.183762241462062632e-12 2.683084006758447893e-12 2.264195012474369855e-12 1.399788345653757885e-12 1.250105555280680305e-12 5.283832745646176332e-13 2.573222740717380100e-14 2.201683865131616729e-12 3.703985877820876017e-12 3.932952690980622592e-12 4.681256510212668491e-12 4.080679701315598618e-12 6.248728945065403944e-12 9.214464534316964263e-12 1.287651626506499015e-11 1.126551331504395320e-11 7.865387036248740061e-12 7.027008121381308268e-12 1.258972307470319681e-11 7.028750829290343485e-12
9.837675239228171160e-13 5.291331002613238446e-12 4.782831918658544263e-12 1.084843702332051485e-11 2.542095476308300013e-11 1.275415626301099821e-11 8.715593404414214571e-12 4.530151553216903508e-12 3.113474372736951541e-12 1.833596870490453634e-12 1.746533362710255088e-12 1.511970195531374828e-12 4.014535355071352468e-14 -1.600536153548513712e-12 -4.478379216077892593e-13 -1.533837461451289478e-12 -9.642249399616997294e-13 -3.148800453055077219e-12 -2.802484580093662905e-12 -6.462461243459774940e-13 -1.824417312528044249e-13 2.050120132692337656e-12 -7.427139984516934466e-14 -6.921700377641788387e-12 -3.557341438865770802e-12 9.061020709530747651e-12
6.728445405291840553e-13 4.560255419258272375e-12 4.537453026508092778e-12 8.745708345857860526e-12 1.275415626301099821e-11 2.111462415305018077e-11 1.282174218084381524e-11 8.543643071559431799e-12 6.703877511284748577e-12 4.148385648272819588e-12 2.458260333647929203e-12 2.452980366801002458e-12 2.343225110583335591e-12 4.603654115686853693e-13 3.595285409688889165e-14 8.456740732395357967e-13 2.015250500335183648e-12 -1.104452036065374144e-12 -1.560497740764365265e-12 9.994802616377920936e-13 1.004399672679261443e-12 2.809571771943712159e-12 2.869588699858469468e-12 -1.464520895932009777e-12 1.314583280242291979e-12 5.129996111657857364e-12
-1.071431304520887281e-13 3.958766580310755346e-12 4.050318444330199105e-12 6.183762241462062632e-12 8.715593404414214571e-12 1.282174218084381524e-11 1.915669804582771415e-11 1.278725945582538702e-11 9.539979824724933980e-12 6.702993319625306120e-12 4.319426036937333449e-12 3.183920447730045031e-12 1.646951659248909698e-12 5.066828176381620517e-13 1.243806820770264760e-12 3.242602730001759109e-12 5.141526179949379475e-12 3.860043583893128043e-12 3.848521388725786991e-12 5.638858096795914464e-12 5.990899175831674143e-12 4.094340003154541417e-12 6.447750627761273503e-13 -3.711372822318754813e-12 2.690622854841096880e-12 2.423166942331009339e-12
-1.937508394110106267e-12 7.460179982938056328e-13 1.417630315249107167e-12 2.683084006758447893e-12 4.530151553216903508e-12 8.543643071559431799e-12 1.278725945582538702e-11 1.976583631976478644e-11 1.436778882310310546e-11 1.109978253999044376e-11 8.433912190810432153e-12 7.656482382272003526e-12 5.734203293075300142e-12 5.285631643763018306e-12 5.988149729853760053e-12 8.931052309007615705e-12 1.072125391281774481e-11 9.914278221836809461e-12 1.026471106868427085e-11 1.135807355977767502e-11 9.431282055284882933e-12 3.165529240378542595e-12 -3.794123412973492990e-12 -8.626338204856643490e-12 -4.354953155153893743e-12 -5.685915616812224973e-12
-1.175608146490009339e-12 -8.595400160673204940e-13 8.500605285237458037e-13 2.264195012474369855e-12 3.113474372736951541e-12 6.703877511284748577e-12 9.539979824724933980e-12 1.436778882310310546e-11 2.168008335807523215e-11 1.646842641774995690e-11 1.212022156859537996e-11 1.032886023377068348e-11 7.682897867691609977e-12 7.207208789416512098e-12 6.818433730570846742e-12 7.382624702509537728e-12 1.084365676460721233e-11 9.242448747682731212e-12 9.284276249044784868e-12 1.020435709417998537e-11 7.041155573007358789e-12 1.509716382461115690e-12 5.447541648043062300e-13 -2.946420678615019056e-12 -4.591592174663457317e-12 -6.032248380176361110e-12
-1.919663585369584187e-12 -4.782147400732794668e-13 1.156995383658137007e-12 1.399788345653757885e-12 1.833596870490453634e-12 4.148385648272819588e-12 6.702993319625306120e-12 1.109978253999044376e-11 1.646842641774995690e-11 2.151375510769879756e-11 1.704181206286479517e-11 1.264948166574003141e-11 1.026330555794623025e-11 8.953216658452205187e-12 7.036055109718459198e-12 7.996470063160391224e-12 9.749229985419526500e-12 7.692252923709086645e-12 7.595388975023372522e-12 8.158109897602308955e-12 7.045048678806157486e-12 1.524953064611539901e-12 -3.980993907524981902e-13 -5.637099747686992717e-12 -4.691836679817169528e-12 -1.069319993435477505e-11
-8.939725482865833443e-13 -1.301944813949732125e-12 5.870246246094728068e-13 1.250105555280680305e-12 1.746533362710255088e-12 2.458260333647929203e-12 4.319426036937333449e-12 8.433912190810432153e-12 1.212022156859537996e-11 1.704181206286479517e-11 2.307689689679896428e-11 1.966966376855047173e-11 1.573859324621059448e-11 1.369034581622032935e-11 1.202741328776833067e-11 1.170097337491792121e-11 1.217386833218385798e-11 1.211008130904722896e-11 1.199956785964266241e-11 1.245943133875898820e-11 8.843609301893046167e-12 -2.204975118130862148e-12 -7.493966028366058782e-12 -1.134794788993063622e-11 -7.473556779183412705e-12 -8.152292210717240246e-12
-3.332176673005092943e-12 4.618265098710837671e-13 -1.937529345696269648e-13 5.283832745646176332e-13 1.511970195531374828e-12 2.452980366801002458e-12 3.183920447730045031e-12 7.656482382272003526e-12 1.032886023377068348e-11 1.264948166574003141e-11 1.966966376855047173e-11 2.788544990956041502e-11 2.603845348448323916e-11 2.311924772300153281e-11 2.059565982056622771e-11 1.889300848466672144e-11 1.863780625297804567e-11 1.780068901717920320e-11 1.712296909173109827e-11 1.901483708227437061e-11 1.264620869532884338e-11 -1.715255766879796823e-12 -3.468577209493816592e-12 -6.116264419723788236e-12 -7.665627322597117458e-12 -5.266102431022812439e-12
-7.406783847568657556e-12 -1.675390181000525979e-12 -2.757591709253927540e-12 2.573222740717380100e-14 4.014535355071352468e-14 2.343225110583335591e-12 1.646951659248909698e-12 5.734203293075300142e-12 7.682897867691609977e-12 1.026330555794623025e-11 1.573859324621059448e-11 2.603845348448323916e-11 3.651470017230204865e-11 3.504277111579161739e-11 3.189936721661185224e-11 2.964706611913313204e-11 2.843046261704623221e-11 2.866231897561555122e-11 2.867816198579590675e-11 2.952110263544658451e-11 1.896204756505704850e-11 -3.903456186752056091e-12 -4.565478708235345663e-12 -1.510106414331293526e-12 -8.218636576300344733e-12 -7.344783095019580170e-12
-5.696204922386027998e-12 -3.515278624673082264e-12 -2.817147371896539174e-12 2.201683865131616729e-12 -1.600536153548513712e-12 4.603654115686853693e-13 5.066828176381620517e-13 5.285631643763018306e-12 7.207208789416512098e-12 8.953216658452205187e-12 1.369034581622032935e-11 2.311924772300153281e-11 3.504277111579161739e-11 4.685857585684645486e-11 4.814845144030755571e-11 4.745330530470095788e-11 4.661907475045294632e-11 4.718346071627255850e-11 4.861942206883126103e-11 5.032774532325602420e-11 3.733449836345669937e-11 1.152858641138088986e-12 -5.784453073090931985e-12 -1.761767995716598205e-12 -7.178309914270494763e-12 -3.957073376607056581e-12
-9.467362430745934139e-13 -2.704492165402432938e-12 -3.716695646085249025e-12 3.703985877820876017e-12 -4.478379216077892593e-13 3.595285409688889165e-14 1.243806820770264760e-12 5.988149729853760053e-12 6.818433730570846742e-12 7.036055109718459198e-12 1.202741328776833067e-11 2.059565982056622771e-11 3.189936721661185224e-11 4.814845144030755571e-11 6.493451793939530654e-11 6.879914580297056282e-11 6.905746458135571926e-11 7.007719594438014502e-11 7.203890326692966911e-11 7.731335574037000453e-11 6.421424870667990088e-11 1.478012345018858891e-11 -3.073429582558167279e-12 -3.691550298181368832e-12 -4.623084746336848068e-12 -2.994555883366717181e-12
1.946176689689912002e-12 -1.558535958109866160e-12 -2.205411076411947429e-12 3.932952690980622592e-12 -1.533837461451289478e-12 8.456740732395357967e-13 3.242602730001759109e-12 8.931052309007615705e-12 7.382624702509537728e-12 7.996470063160391224e-12 1.170097337491792121e-11 1.889300848466672144e-11 2.964706611913313204e-11 4.745330530470095788e-11 6.879914580297056282e-11 8.894127573406802967e-11 9.582444000898432123e-11 9.988187288689875201e-11 1.044054550163945756e-10 1.137520492205513428e-10 1.027627642229347217e-10 4.141549488661203459e-11 6.436602733736620456e-12 -1.432582790750071421e-13 -6.452471778587830157e-12 -8.529787640850009585e-12
3.390148574492069537e-12 -8.364493284783221925e-13 -1.603150039154292675e-12 4.681256510212668491e-12 -9.642249399616997294e-13 2.015250500335183648e-12 5.141526179949379475e-12 1.072125391281774481e-11 1.084365676460721233e-11 9.749229985419526500e-12 1.217386833218385798e-11 1.863780625297804567e-11 2.843046261704623221e-11 4.661907475045294632e-11 6.905746458135571926e-11 9.582444000898432123e-11 1.201556493396907310e-10 1.298835874924289205e-10 1.371219309607606428e-10 1.503519868217430624e-10 1.396492713089120761e-10 6.810583985973561737e-11 1.507033573732256304e-11 4.171327685634871334e-12 -9.010553219627062927e-12 -1.352167020833315340e-11
1.058520374404404545e-12 -3.233701083572240364e-12 -4.089774532201827442e-12 4.080679701315598618e-12 -3.148800453055077219e-12 -1.104452036065374144e-12 3.860043583893128043e-12 9.914278221836809461e-12 9.242448747682731212e-12 7.692252923709086645e-12 1.211008130904722896e-11 1.780068901717920320e-11 2.866231897561555122e-11 4.718346071627255850e-11 7.007719594438014502e-11 9.988187288689875201e-11 1.298835874924289205e-10 1.613388815397094509e-10 1.786170626506660308e-10 1.953987871945325329e-10 1.851964703237102136e-10 1.031229274001165210e-10 2.528917034996721163e-11 7.289714393923059227e-12 -1.378582984468853753e-11 -1.774802281954315266e-11
-5.410642084529306895e-12 -7.423415069905906619e-12 -4.942440560311099974e-12 6.248728945065403944e-12 -2.802484580093662905e-12 -1.560497740764365265e-12 3.848521388725786991e-12 1.026471106868427085e-11 9.284276249044784868e-12 7.595388975023372522e-12 1.199956785964266241e-11 1.712296909173109827e-11 2.867816198579590675e-11 4.861942206883126103e-11 7.203890326692966911e-11 1.044054550163945756e-10 1.371219309607606428e-10 1.786170626506660308e-10 2.223118836338647687e-10 2.533719481615667653e-10 2.475234073021347991e-10 1.586479615483279422e-10 5.158218550174480440e-11 1.697292063012619567e-11 -1.184709403447403081e-11 -2.028271223850284562e-11
-6.421628186871571881e-12 -1.067978508959824830e-11 -3.300006580135874590e-12 9.214464534316964263e-12 -6.462461243459774940e-13 9.994802616377920936e-13 5.638858096795914464e-12 1.135807355977767502e-11 1.020435709417998537e-11 8.158109897602308955e-12 1.245943133875898820e-11 1.901483708227437061e-11 2.952110263544658451e-11 5.032774532325602420e-11 7.731335574037000453e-11 1.137520492205513428e-10 1.503519868217430624e-10 1.953987871945325329e-10 2.533719481615667653e-10 3.294367980495588995e-10 3.482334648495482794e-10 2.578428197916347653e-10 1.180183930373790701e-10 3.692970002978280926e-11 -3.953055111014631336e-12 -1.830470863588304475e-11
-3.219543953264062058e-12 -9.514820899083455363e-12 -1.604911862358656865e-12 1.287651626506499015e-11 -1.824417312528044249e-13 1.004399672679261443e-12 5.990899175831674143e-12 9.431282055284882933e-12 7.041155573007358789e-12 7.045048678806157486e-12 8.843609301893046167e-12 1.264620869532884338e-11 1.896204756505704850e-11 3.733449836345669937e-11 6.421424870667990088e-11 1.027627642229347217e-10 1.396492713089120761e-10 1.851964703237102136e-10 2.475234073021347991e-10 3.482334648495482794e-10 4.407780692157862368e-10 3.958800773296462533e-10 2.394762305984121736e-10 7.030572063848258011e-11 -6.445106622057682473e-12 -2.054856103903904347e-11
3.349590668809244237e-12 -5.111854332597466262e-13 -2.208478642744636001e-12 1.126551331504395320e-11 2.050120132692337656e-12 2.809571771943712159e-12 4.094340003154541417e-12 3.165529240378542595e-12 1.509716382461115690e-12 1.524953064611539901e-12 -2.204975118130862148e-12 -1.715255766879796823e-12 -3.903456186752056091e-12 1.152858641138088986e-12 1.478012345018858891e-11 4.141549488661203459e-11 6.810583985973561737e-11 1.031229274001165210e-10 1.586479615483279422e-10 2.578428197916347653e-10 3.958800773296462533e-10 4.840607991859359160e-10 3.852912360193120154e-10 1.498953836801562101e-10 3.902474868910246669e-12 -1.379199308215677902e-11
1.160097781281750898e-11 -4.215119485171194683e-13 -5.047430891811814792e-12 7.865387036248740061e-12 -7.427139984516934466e-14 2.869588699858469468e-12 6.447750627761273503e-13 -3.794123412973492990e-12 5.447541648043062300e-13 -3.980993907524981902e-13 -7.493966028366058782e-12 -3.468577209493816592e-12 -4.565478708235345663e-12 -5.784453073090931985e-12 -3.073429582558167279e-12 6.436602733736620456e-12 1.507033573732256304e-11 2.528917034996721163e-11 5.158218550174480440e-11 1.180183930373790701e-10 2.394762305984121736e-10 3.852912360193120154e-10 4.465790509599307238e-10 2.751247076601990957e-10 5.814064778251996578e-11 9.190619267062924804e-12
1.222333133818926616e-11 2.425543454303655084e-13 -7.129005186779156708e-12 7.027008121381308268e-12 -6.921700377641788387e-12 -1.464520895932009777e-12 -3.711372822318754813e-12 -8.626338204856643490e-12 -2.946420678615019056e-12 -5.637099747686992717e-12 -1.134794788993063622e-11 -6.116264419723788236e-12 -1.510106414331293526e-12 -1.761767995716598205e-12 -3.691550298181368832e-12 -1.432582790750071421e-13 4.171327685634871334e-12 7.289714393923059227e-12 1.697292063012619567e-11 3.692970002978280926e-11 7.030572063848258011e-11 1.498953836801562101e-10 2.751247076601990957e-10 3.462100089648771724e-10 1.930219032856490557e-10 3.854340588818792073e-11
7.893498989008412780e-12 -3.030601737727138449e-12 2.995797919257529456e-12 1.258972307470319681e-11 -3.557341438865770802e-12 1.314583280242291979e-12 2.690622854841096880e-12 -4.354953155153893743e-12 -4.591592174663457317e-12 -4.691836679817169528e-12 -7.473556779183412705e-12 -7.665627322597117458e-12 -8.218636576300344733e-12 -7.178309914270494763e-12 -4.623084746336848068e-12 -6.452471778587830157e-12 -9.010553219627062927e-12 -1.378582984468853753e-11 -1.184709403447403081e-11 -3.953055111014631336e-12 -6.445106622057682473e-12 3.902474868910246669e-12 5.814064778251996578e-11 1.930219032856490557e-10 2.992453144532261097e-10 1.585841672449367790e-10
-8.214697331598793346e-13 -3.209354119095176660e-12 7.590146106116286637e-12 7.028750829290343485e-12 9.061020709530747651e-12 5.129996111657857364e-12 2.423166942331009339e-12 -5.685915616812224973e-12 -6.032248380176361110e-12 -1.069319993435477505e-11 -8.152292210717240246e-12 -5.266102431022812439e-12 -7.344783095019580170e-12 -3.957073376607056581e-12 -2.994555883366717181e-12 -8.529787640850009585e-12 -1.352167020833315340e-11 -1.774802281954315266e-11 -2.028271223850284562e-11 -1.830470863588304475e-11 -2.054856103903904347e-11 -1.379199308215677902e-11 9.190619267062924804e-12 3.854340588818792073e-11 1.585841672449367790e-10 3.355334442370445031e-10
