4.787630984531154141e-11 1.118589253512868155e-11 6.952192907133757612e-12 1.639115673532916337e-12 2.459098254698476445e-12 2.403561816355539469e-12 2.586782458864837080e-12 1.716328063827511500e-12 1.224479592735313150e-12 2.183615452900307817e-12 1.288284992873714924e-12 -6.859622776190878148e-13 -2.544504999482959177e-12 -2.021822504402726761e-12 -1.640853902760397277e-12 -2.397421025144399444e-12 -2.005015246139504821e-12 -8.889011339343614607e-13 -2.072633208591312770e-12 1.077941056097611312e-12 3.421309685919873298e-12 8.177180344363102085e-12 1.369201374396183445e-11 1.100209292624549136e-11 4.159469596774192731e-12 7.971018618989308751e-13
1.118589253512868155e-11 4.084558341283765213e-11 1.351295994943029367e-11 8.643682415339555502e-12 3.467411658068935444e-12 5.491051529130559291e-12 4.958666818674833491e-12 3.656714469327360386e-12 4.014925487545908078e-12 4.058777512864944146e-12 2.555925688111194313e-12 2.580153757328651611e-12 2.458984013192661964e-12 3.391705096858832407e-12 4.953524887995059594e-12 4.361418360756275070e-12 4.895278889962193851e-12 4.624958126781045312e-12 1.954778995804830037e-12 -9.341949446494816781e-13 -5.181378156720970132e-12 -8.711723993906378378e-12 -9.303233448601278079e-12 -8.108329855062003207e-12 -1.749330628180552810e-12 3.871053378644906825e-12
6.952192907133757612e-12 1.351295994943029367e-11 3.182002831929219762e-11 1.246866337212514492e-11 4.314466533310983210e-12 5.190540692901273121e-12 3.153868031640990710e-12 1.285877674867374070e-12 5.500990529666971060e-13 -2.155868215451278805e-13 -6.056793067531099929e-13 -1.977561602077562681e-12 -3.528868937026035889e-12 -2.116902116148366530e-12 -1.866337750938608683e-12 -3.750167736121302641e-12 -3.817536591277533886e-12 -5.223298441283567414e-12 -6.196695555242870951e-12 -6.751663622529906216e-12 -5.177389721788161743e-12 -2.691053476901838090e-13 5.574479265959679146e-12 7.283260994355671677e-12 1.018224907656441748e-11 9.448718255568502690e-12
1.639115673532916337e-12 8.643682415339555502e-12 1.246866337212514492e-11 2.798094982619680245e-11 9.906919970893270749e-12 8.013797496880593477e-12 5.071760070343322757e-12 4.552017314622419323e-12 4.179772127679759521e-12 2.425230044039977273e-12 3.125141879425388027e-12 3.849030663050221911e-12 1.983669960424641957e-12 3.885922178898283829e-12 4.027355467162922250e-12 2.531989882045166269e-12 3.789752951185575363e-12 2.604477784503579994e-12 3.372321182146074487e-12 2.547970399904347069e-12 1.879707099670596139e-12 4.378656170040826205e-13 -1.110869937715884098e-12 -3.112552085707672979e-12 -1.206098933003995160e-12 2.549493643645806906e-12
2.459098254698476445e-12 3.467411658068935444e-12 4.314466533310983210e-12 9.906919970893270749e-12 2.077650438441229177e-11 1.304867863032098642e-11 6.953979284253059433e-12 4.295361272446326958e-12 2.886435150166597724e-12 1.638013998755892178e-12 1.823001299222884161e-12 1.024787942549538326e-12 -6.504466339030645779e-13 -8.280523181148248666e-13 1.841226372215751507e-13 2.885652364932708877e-13 1.437123147360763974e-12 -8.603177707559783540e-13 -1.623924049229438978e-12 -9.807361382285080590e-14 1.377829232821919992e-12 2.867661195636110336e-12 -1.861601864511192652e-12 -5.427564512649409627e-12 5.149780090171368423e-12 1.353485422700675536e-11
2.403561816355539469e-12 5.491051529130559291e-12 5.190540692901273121e-12 8.013797496880593477e-12 1.304867863032098642e-11 2.355684103236677542e-11 1.330381526622869942e-11 9.135041885503709147e-12 8.242516933186895857e-12 4.733910255624558881e-12 4.162615230057343449e-12 3.469826149340164495e-12 2.967963379835954474e-12 1.742982155434974806e-12 2.930826616398127013e-12 3.997019943034247679e-12 5.112476505608028120e-12 2.325983104458724355e-12 1.480697178685109346e-12 4.884060556811100490e-12 5.967734872936611740e-12 1.889430448469551698e-12 -3.221504143424437508e-12 -6.102719563571479421e-12 1.145684447797975098e-12 4.111310675102534614e-12
2.586782458864837080e-12 4.958666818674833491e-12 3.153868031640990710e-12 5.071760070343322757e-12 6.953979284253059433e-12 1.330381526622869942e-11 1.959373496721090425e-11 1.233600811871687318e-11 1.046387842227235006e-11 6.804367668965787190e-12 4.133526455980908041e-12 3.328948388702253449e-12 2.244013849465701958e-12 7.566381715570756255e-13 1.810564930937370087e-12 3.800741141944166852e-12 5.708587908549967026e-12 3.688224275290513923e-12 3.253794899031968880e-12 6.466433532619790659e-12 8.297314966510727725e-12 6.669905335147892072e-12 2.675980509206195848e-12 -3.196913134430567562e-12 2.106656057760559205e-12 2.066178133959045908e-12
1.716328063827511500e-12 3.656714469327360386e-12 1.285877674867374070e-12 4.552017314622419323e-12 4.295361272446326958e-12 9.135041885503709147e-12 1.233600811871687318e-11 1.977760906391154579e-11 1.501271892562317402e-11 1.128910962167801472e-11 8.121778956945445795e-12 7.754897806792604381e-12 6.164536207239961452e-12 5.074027551467986425e-12 5.434009545695650500e-12 7.514805088566770929e-12 9.561441973201187543e-12 7.828120435055320832e-12 8.283814283096124014e-12 8.440315260513647956e-12 6.001884063431458877e-12 1.658587566591109203e-12 -2.973237738607292188e-12 -5.985373197331982855e-12 -5.867980124892835152e-12 -9.067063315501620171e-12
1.224479592735313150e-12 4.014925487545908078e-12 5.500990529666971060e-13 4.179772127679759521e-12 2.886435150166597724e-12 8.242516933186895857e-12 1.046387842227235006e-11 1.501271892562317402e-11 2.177500454844280161e-11 1.642617091924361518e-11 1.168797375856261228e-11 1.078115906893804076e-11 8.519037248444389969e-12 7.355257351257873513e-12 6.739623389530618796e-12 7.903728619622212376e-12 1.119436228854489762e-11 9.351715164449688630e-12 9.575267405934076550e-12 1.080076275620733950e-11 7.587665336354823225e-12 1.796707377301118342e-12 1.022822338055267417e-12 -2.092761867628968048e-12 -4.127593378284656376e-12 -3.659326117630931967e-12
2.183615452900307817e-12 4.058777512864944146e-12 -2.155868215451278805e-13 2.425230044039977273e-12 1.638013998755892178e-12 4.733910255624558881e-12 6.804367668965787190e-12 1.128910962167801472e-11 1.642617091924361518e-11 2.136414103737245028e-11 1.719772523590138476e-11 1.336472968189155224e-11 1.073072122921284706e-11 9.512320463231498542e-12 8.010681045244915647e-12 8.749617446055189566e-12 1.018315187625022711e-11 8.578624238093665744e-12 8.025620612279396663e-12 8.207694382516828766e-12 6.832044224225965391e-12 1.076036652062909498e-12 -1.237378518767934913e-12 -5.900517606894110372e-12 -3.675478735200854803e-12 -9.367282846031395101e-12
1.288284992873714924e-12 2.555925688111194313e-12 -6.056793067531099929e-13 3.125141879425388027e-12 1.823001299222884161e-12 4.162615230057343449e-12 4.133526455980908041e-12 8.121778956945445795e-12 1.168797375856261228e-11 1.719772523590138476e-11 2.248413300366609755e-11 1.931029866251928997e-11 1.493572598100467967e-11 1.335845277076175664e-11 1.197640785668677401e-11 1.194382595767910506e-11 1.236886528584769187e-11 1.174750136017137647e-11 1.119330572186019693e-11 1.143300192318595713e-11 7.569951334345363400e-12 -2.905059112471938095e-12 -8.024671457880251221e-12 -1.151280017394656053e-11 -7.278032864557700101e-12 -8.281782982651046232e-12
-6.859622776190878148e-13 2.580153757328651611e-12 -1.977561602077562681e-12 3.849030663050221911e-12 1.024787942549538326e-12 3.469826149340164495e-12 3.328948388702253449e-12 7.754897806792604381e-12 1.078115906893804076e-11 1.336472968189155224e-11 1.931029866251928997e-11 2.882282415296722341e-11 2.643315454656896762e-11 2.354315439152102918e-11 2.085534464088240708e-11 1.915879289496395586e-11 1.875076672673039622e-11 1.782155154049484033e-11 1.703666586577180061e-11 1.856887666521152473e-11 1.179743582068039931e-11 -3.286744976391223917e-12 -4.518524056020735397e-12 -7.363511818658135326e-12 -8.521512755400937757e-12 -4.652395910988691251e-12
-2.544504999482959177e-12 2.458984013192661964e-12 -3.528868937026035889e-12 1.983669960424641957e-12 -6.504466339030645779e-13 2.967963379835954474e-12 2.244013849465701958e-12 6.164536207239961452e-12 8.519037248444389969e-12 1.073072122921284706e-11 1.493572598100467967e-11 2.643315454656896762e-11 3.639362361201240837e-11 3.497256026103358722e-11 3.193824210895675512e-11 2.993398826495804309e-11 2.862176524122408546e-11 2.901967847921978407e-11 2.868196006041251434e-11 2.944599434021756367e-11 1.831973372537489544e-11 -5.170614155914869566e-12 -5.969928429679529239e-12 -2.511959175606966857e-12 -8.712742181639449535e-12 -8.053872964335216497e-12
-2.021822504402726761e-12 3.391705096858832407e-12 -2.116902116148366530e-12 3.885922178898283829e-12 -8.280523181148248666e-13 1.742982155434974806e-12 7.566381715570756255e-13 5.074027551467986425e-12 7.355257351257873513e-12 9.512320463231498542e-12 1.335845277076175664e-11 2.354315439152102918e-11 3.497256026103358722e-11 4.719530143125751174e-11 4.833693356129277972e-11 4.750819394776640434e-11 4.653566361182399039e-11 4.695032036642497890e-11 4.810806349926422859e-11 4.982408157892259102e-11 3.634422691938461046e-11 4.353841515212259716e-13 -6.353374502192243285e-12 -2.146315771753480150e-12 -7.064369312571207129e-12 -3.264599322464001221e-12
-1.640853902760397277e-12 4.953524887995059594e-12 -1.866337750938608683e-12 4.027355467162922250e-12 1.841226372215751507e-13 2.930826616398127013e-12 1.810564930937370087e-12 5.434009545695650500e-12 6.739623389530618796e-12 8.010681045244915647e-12 1.197640785668677401e-11 2.085534464088240708e-11 3.193824210895675512e-11 4.833693356129277972e-11 6.511119196541698587e-11 6.885939808259838831e-11 6.867286651717565981e-11 6.988989973221931244e-11 7.154633261050742695e-11 7.702534910580732311e-11 6.407559087483201944e-11 1.441573725088731615e-11 -3.241970643880756672e-12 -3.589793432312343816e-12 -4.496478913719450843e-12 -2.747916461938832923e-12
-2.397421025144399444e-12 4.361418360756275070e-12 -3.750167736121302641e-12 2.531989882045166269e-12 2.885652364932708877e-13 3.997019943034247679e-12 3.800741141944166852e-12 7.514805088566770929e-12 7.903728619622212376e-12 8.749617446055189566e-12 1.194382595767910506e-11 1.915879289496395586e-11 2.993398826495804309e-11 4.750819394776640434e-11 6.885939808259838831e-11 8.898192055550425173e-11 9.556091965388071472e-11 9.986705560099946022e-11 1.039278224113859795e-10 1.133881106427251424e-10 1.026370196909119757e-10 4.138483326289237900e-11 6.828962076394599856e-12 5.624198456138666784e-13 -6.073268196625537897e-12 -8.543023864408307987e-12
-2.005015246139504821e-12 4.895278889962193851e-12 -3.817536591277533886e-12 3.789752951185575363e-12 1.437123147360763974e-12 5.112476505608028120e-12 5.708587908549967026e-12 9.561441973201187543e-12 1.119436228854489762e-11 1.018315187625022711e-11 1.236886528584769187e-11 1.875076672673039622e-11 2.862176524122408546e-11 4.653566361182399039e-11 6.867286651717565981e-11 9.556091965388071472e-11 1.196482207132473675e-10 1.297676995863994558e-10 1.368244816825446130e-10 1.501300899004046525e-10 1.396028541347465272e-10 6.791554177654472651e-11 1.455223201362663093e-11 3.760193384508748390e-12 -9.211364304755445690e-12 -1.431627899724239097e-11
-8.889011339343614607e-13 4.624958126781045312e-12 -5.223298441283567414e-12 2.604477784503579994e-12 -8.603177707559783540e-13 2.325983104458724355e-12 3.688224275290513923e-12 7.828120435055320832e-12 9.351715164449688630e-12 8.578624238093665744e-12 1.174750136017137647e-11 1.782155154049484033e-11 2.901967847921978407e-11 4.695032036642497890e-11 6.988989973221931244e-11 9.986705560099946022e-11 1.297676995863994558e-10 1.616465437662222935e-10 1.786310222377330424e-10 1.956190537930334933e-10 1.853159491627481155e-10 1.027360244989734184e-10 2.476159118872715474e-11 6.928652492109424572e-12 -1.384444242297486204e-11 -1.811309503275874896e-11
-2.072633208591312770e-12 1.954778995804830037e-12 -6.196695555242870951e-12 3.372321182146074487e-12 -1.623924049229438978e-12 1.480697178685109346e-12 3.253794899031968880e-12 8.283814283096124014e-12 9.575267405934076550e-12 8.025620612279396663e-12 1.119330572186019693e-11 1.703666586577180061e-11 2.868196006041251434e-11 4.810806349926422859e-11 7.154633261050742695e-11 1.039278224113859795e-10 1.368244816825446130e-10 1.786310222377330424e-10 2.219426967445536093e-10 2.530566176104885617e-10 2.473120381293408530e-10 1.586115286827233531e-10 5.167608503573975819e-11 1.683317778785511202e-11 -1.211429236160295799e-11 -2.069079430245594588e-11
1.077941056097611312e-12 -9.341949446494816781e-13 -6.751663622529906216e-12 2.547970399904347069e-12 -9.807361382285080590e-14 4.884060556811100490e-12 6.466433532619790659e-12 8.440315260513647956e-12 1.080076275620733950e-11 8.207694382516828766e-12 1.143300192318595713e-11 1.856887666521152473e-11 2.944599434021756367e-11 4.982408157892259102e-11 7.702534910580732311e-11 1.133881106427251424e-10 1.501300899004046525e-10 1.956190537930334933e-10 2.530566176104885617e-10 3.290026002822675804e-10 3.480097911368684684e-10 2.575827676485256318e-10 1.178449108853724400e-10 3.673395735175006578e-11 -4.000691654765655831e-12 -1.842852469549978144e-11
3.421309685919873298e-12 -5.181378156720970132e-12 -5.177389721788161743e-12 1.879707099670596139e-12 1.377829232821919992e-12 5.967734872936611740e-12 8.297314966510727725e-12 6.001884063431458877e-12 7.587665336354823225e-12 6.832044224225965391e-12 7.569951334345363400e-12 1.179743582068039931e-11 1.831973372537489544e-11 3.634422691938461046e-11 6.407559087483201944e-11 1.026370196909119757e-10 1.396028541347465272e-10 1.853159491627481155e-10 2.473120381293408530e-10 3.480097911368684684e-10 4.403333615775878465e-10 3.953759897925645132e-10 2.392123729400840385e-10 7.026575134520174330e-11 -6.603179463792797504e-12 -2.030927262648425753e-11
8.177180344363102085e-12 -8.711723993906378378e-12 -2.691053476901838090e-13 4.378656170040826205e-13 2.867661195636110336e-12 1.889430448469551698e-12 6.669905335147892072e-12 1.658587566591109203e-12 1.796707377301118342e-12 1.076036652062909498e-12 -2.905059112471938095e-12 -3.286744976391223917e-12 -5.170614155914869566e-12 4.353841515212259716e-13 1.441573725088731615e-11 4.138483326289237900e-11 6.791554177654472651e-11 1.027360244989734184e-10 1.586115286827233531e-10 2.575827676485256318e-10 3.953759897925645132e-10 4.837980573723218863e-10 3.854663158776834916e-10 1.501092772757307846e-10 4.073806117354359269e-12 -1.332485026335239212e-11
1.369201374396183445e-11 -9.303233448601278079e-12 5.574479265959679146e-12 -1.110869937715884098e-12 -1.861601864511192652e-12 -3.221504143424437508e-12 2.675980509206195848e-12 -2.973237738607292188e-12 1.022822338055267417e-12 -1.237378518767934913e-12 -8.024671457880251221e-12 -4.518524056020735397e-12 -5.969928429679529239e-12 -6.353374502192243285e-12 -3.241970643880756672e-12 6.828962076394599856e-12 1.455223201362663093e-11 2.476159118872715474e-11 5.167608503573975819e-11 1.178449108853724400e-10 2.392123729400840385e-10 3.854663158776834916e-10 4.468673359344467029e-10 2.753135990225737270e-10 5.824512525652224271e-11 9.487179795697957889e-12
1.100209292624549136e-11 -8.108329855062003207e-12 7.283260994355671677e-12 -3.112552085707672979e-12 -5.427564512649409627e-12 -6.102719563571479421e-12 -3.196913134430567562e-12 -5.985373197331982855e-12 -2.092761867628968048e-12 -5.900517606894110372e-12 -1.151280017394656053e-11 -7.363511818658135326e-12 -2.511959175606966857e-12 -2.146315771753480150e-12 -3.589793432312343816e-12 5.624198456138666784e-13 3.760193384508748390e-12 6.928652492109424572e-12 1.683317778785511202e-11 3.673395735175006578e-11 7.026575134520174330e-11 1.501092772757307846e-10 2.753135990225737270e-10 3.462194229533152226e-10 1.928995228662792909e-10 3.869167386659441223e-11
4.159469596774192731e-12 -1.749330628180552810e-12 1.018224907656441748e-11 -1.206098933003995160e-12 5.149780090171368423e-12 1.145684447797975098e-12 2.106656057760559205e-12 -5.867980124892835152e-12 -4.127593378284656376e-12 -3.675478735200854803e-12 -7.278032864557700101e-12 -8.521512755400937757e-12 -8.712742181639449535e-12 -7.064369312571207129e-12 -4.496478913719450843e-12 -6.073268196625537897e-12 -9.211364304755445690e-12 -1.384444242297486204e-11 -1.211429236160295799e-11 -4.000691654765655831e-12 -6.603179463792797504e-12 4.073806117354359269e-12 5.824512525652224271e-11 1.928995228662792909e-10 2.991826885853603529e-10 1.585256462560637377e-10
7.971018618989308751e-13 3.871053378644906825e-12 9.448718255568502690e-12 2.549493643645806906e-12 1.353485422700675536e-11 4.111310675102534614e-12 2.066178133959045908e-12 -9.067063315501620171e-12 -3.659326117630931967e-12 -9.367282846031395101e-12 -8.281782982651046232e-12 -4.652395910988691251e-12 -8.053872964335216497e-12 -3.264599322464001221e-12 -2.747916461938832923e-12 -8.543023864408307987e-12 -1.431627899724239097e-11 -1.811309503275874896e-11 -2.069079430245594588e-11 -1.842852469549978144e-11 -2.030927262648425753e-11 -1.332485026335239212e-11 9.487179795697957889e-12 3.869167386659441223e-11 1.585256462560637377e-10 3.353960478463166080e-10
