9.049599628851927917e-11 1.745570367618177223e-11 7.060456486049685793e-12 7.765852818634958771e-12 1.841720478062968043e-12 9.385990618184297297e-14 5.243368270177303088e-12 5.498692212738601554e-12 5.070632442694204287e-12 2.223313959190649904e-12 2.431042765228494518e-12 4.297982695289956218e-12 8.023508574324219687e-12 1.287836942232382016e-11 1.555858062051083234e-11 1.411629818378335604e-11 2.045826268569324735e-11 3.016516390148264462e-11 2.358485401532625917e-11 1.904998592699589530e-11 -1.162718704904045451e-12 -3.373302153537518552e-11 -4.846227097078131729e-11 -2.499456775430374733e-11 1.447356110315906920e-11 -1.433234791526085749e-11
1.745570367618177223e-11 8.887123131376818452e-11 1.988334216027402790e-11 1.192544612921110221e-11 6.223023225157330840e-12 4.847846553007866012e-12 2.597463620524501525e-12 4.757860313152727356e-12 2.922907308948437614e-12 2.487148071349054653e-12 3.010781990981287913e-12 4.927829247796636404e-12 1.494608075247518137e-11 1.877858641266955729e-11 2.098286019451201997e-11 2.369913827230372779e-11 3.385758404628223626e-11 4.274648482154931610e-11 4.118895511147177030e-11 3.172180031268320251e-11 1.141802099663935341e-11 -6.926897506934869473e-12 -9.710231521298180953e-12 9.342096912465378151e-12 -9.301941331018027947e-12 -2.783729196384748484e-11
7.060456486049685793e-12 1.988334216027402790e-11 6.873388812309283755e-11 1.716275081846305276e-11 5.144980375650058513e-12 6.468921153023381210e-12 1.466764412383365135e-12 4.377359623713875133e-12 3.642501548010056654e-12 4.034674039903676315e-12 3.833785460628533925e-12 3.101290884925309985e-12 5.067871411356046675e-12 6.876486128062903294e-12 7.991559084219440673e-12 1.091381788437593273e-11 1.952805170480880394e-11 2.572937084686398214e-11 2.813922232617470497e-11 1.885872357658458471e-11 4.253660173479478529e-13 -2.572138670571013625e-11 -3.444712863767765489e-11 -2.329781316424798477e-11 -2.393095853269000897e-11 -1.179843850252439761e-11
7.765852818634958771e-12 1.192544612921110221e-11 1.716275081846305276e-11 4.142234262239354912e-11 1.513117046699898073e-11 1.055080827109278387e-11 5.119277304218772615e-12 5.085604007396313749e-12 3.839356007335418713e-12 3.838870159444137810e-12 7.478124974235360877e-12 8.008518580756829989e-12 1.001396384625899659e-11 1.235400538217222050e-11 1.348957834296339326e-11 1.454499233894318373e-11 1.477292143450329069e-11 1.504013328972750887e-11 1.733205443397974265e-11 2.084923474302289342e-11 1.389771533193864019e-11 3.322061326721934410e-12 -6.836496419866496274e-12 -3.626861492292320364e-12 5.380383573900913836e-12 1.538284211341825764e-12
1.841720478062968043e-12 6.223023225157330840e-12 5.144980375650058513e-12 1.513117046699898073e-11 3.402657985850654378e-11 1.878435479320800259e-11 1.036246541074263192e-11 1.054571852703102202e-11 6.350796888461500709e-12 6.019679788256549094e-12 2.740247642893315348e-12 4.044889908745116698e-12 6.162276779491882772e-12 8.714504790714161744e-12 1.306642450808496241e-11 1.610321782676097067e-11 1.363263910570521235e-11 1.339084870740902009e-11 1.544222444436690988e-11 1.345968798800854566e-11 6.916912895642370847e-12 -1.674650028002107996e-12 -9.854498193649403884e-12 -1.522571957764040619e-11 -2.568700631207045487e-12 -5.762787554031448613e-12
9.385990618184297297e-14 4.847846553007866012e-12 6.468921153023381210e-12 1.055080827109278387e-11 1.878435479320800259e-11 3.424066224058595006e-11 1.635904172230381198e-11 1.491201854485490799e-11 9.543866085335889902e-12 7.069793373167790741e-12 4.705585808390405917e-12 5.589794944691261240e-12 8.832451520638537613e-12 1.102377707854136824e-11 1.552944441728977382e-11 2.038547278800241485e-11 2.508380536631825084e-11 3.188043192554943574e-11 3.936162369790739195e-11 4.029806286901819139e-11 3.388142304541634280e-11 1.354560344374613282e-11 -1.924522176923606017e-11 -1.932016307413976013e-11 6.461627593717827024e-12 2.174075806421159667e-11
5.243368270177303088e-12 2.597463620524501525e-12 1.466764412383365135e-12 5.119277304218772615e-12 1.036246541074263192e-11 1.635904172230381198e-11 2.963063736291885504e-11 2.181288434139581220e-11 1.897247875539852443e-11 1.305773673418945576e-11 1.212369944237643429e-11 1.214259323543652134e-11 1.791027933583394790e-11 2.046242922426679369e-11 2.269750593734903789e-11 2.494974792101725541e-11 2.959916976762412383e-11 3.765966824967598735e-11 4.563310592274361657e-11 4.336530276398551641e-11 2.788967883875672252e-11 3.347495419056606939e-12 -1.401386232628667253e-11 -1.100632389567302642e-11 -8.077162037175135974e-12 5.590786153751698721e-12
5.498692212738601554e-12 4.757860313152727356e-12 4.377359623713875133e-12 5.085604007396313749e-12 1.054571852703102202e-11 1.491201854485490799e-11 2.181288434139581220e-11 3.545280583520669576e-11 2.824545157704372567e-11 2.145592839303670447e-11 1.835505793405866932e-11 1.739541520873054145e-11 2.153750071449610664e-11 2.495272298438367987e-11 3.016566650208217540e-11 3.551476438506010934e-11 4.034581657020797578e-11 4.313269432036612222e-11 4.853113098631174373e-11 4.473983066978569777e-11 2.152271955533730368e-11 -1.736984616613486279e-11 -3.063862619713487144e-11 -1.606070191597012921e-11 -3.399067971531643018e-12 6.840189594823623613e-12
5.070632442694204287e-12 2.922907308948437614e-12 3.642501548010056654e-12 3.839356007335418713e-12 6.350796888461500709e-12 9.543866085335889902e-12 1.897247875539852443e-11 2.824545157704372567e-11 4.173586080507349724e-11 3.432515583139124042e-11 3.070429524860147429e-11 2.773789485149023437e-11 3.032775380099395047e-11 3.626752557549040029e-11 4.344883904542528038e-11 4.951113343607259732e-11 5.703400290089348711e-11 6.601495930310644130e-11 7.355787249265654790e-11 7.363540942992082560e-11 4.657464068906221736e-11 1.285031064048699843e-12 -7.463854573829472148e-12 -8.562496001726216311e-13 -1.702063180655712148e-11 -6.151227147798660954e-12
2.223313959190649904e-12 2.487148071349054653e-12 4.034674039903676315e-12 3.838870159444137810e-12 6.019679788256549094e-12 7.069793373167790741e-12 1.305773673418945576e-11 2.145592839303670447e-11 3.432515583139124042e-11 4.486876631258723762e-11 4.216529544739563949e-11 3.887035711990769756e-11 4.278294010538428089e-11 4.954535301710082061e-11 5.692877165328536522e-11 6.427742739217450103e-11 7.448505121337574865e-11 8.518859115253515476e-11 9.364346574965549038e-11 9.988511229737758179e-11 8.061540629453283011e-11 3.715796581562301137e-11 3.067889933863375371e-11 2.215041430425853176e-11 -5.755082171753889825e-12 -2.612325214331945856e-12
2.431042765228494518e-12 3.010781990981287913e-12 3.833785460628533925e-12 7.478124974235360877e-12 2.740247642893315348e-12 4.705585808390405917e-12 1.212369944237643429e-11 1.835505793405866932e-11 3.070429524860147429e-11 4.216529544739563949e-11 5.695564889482303372e-11 5.329444048073124641e-11 5.711723893654170972e-11 6.399904067546029520e-11 7.332960902944187268e-11 8.082261385214218460e-11 9.046272221313307362e-11 1.012436663537094228e-10 1.112425048822814328e-10 1.241795681784519264e-10 1.108407946978310535e-10 5.256351128379354624e-11 3.917388411740782397e-11 2.050222343719620966e-11 -1.519805651778441464e-11 -6.371957482349939585e-12
4.297982695289956218e-12 4.927829247796636404e-12 3.101290884925309985e-12 8.008518580756829989e-12 4.044889908745116698e-12 5.589794944691261240e-12 1.214259323543652134e-11 1.739541520873054145e-11 2.773789485149023437e-11 3.887035711990769756e-11 5.329444048073124641e-11 7.418853051213053201e-11 8.512729747257546167e-11 9.469229628917889653e-11 1.057043180831318120e-10 1.160722206954132435e-10 1.300715982784700702e-10 1.454013151255887643e-10 1.553283329924109884e-10 1.675307481786471865e-10 1.439079080246841597e-10 5.015041210524562863e-11 1.308476753321287110e-11 4.082294619494731149e-12 -3.940424781106243259e-13 7.281611892614974703e-12
8.023508574324219687e-12 1.494608075247518137e-11 5.067871411356046675e-12 1.001396384625899659e-11 6.162276779491882772e-12 8.832451520638537613e-12 1.791027933583394790e-11 2.153750071449610664e-11 3.032775380099395047e-11 4.278294010538428089e-11 5.711723893654170972e-11 8.512729747257546167e-11 1.201658545400119459e-10 1.368362014411764052e-10 1.518363900098636242e-10 1.667041018039926840e-10 1.861830361927826538e-10 2.071730512847787983e-10 2.188140631994012615e-10 2.285992234865405422e-10 1.826683838507955121e-10 4.373235376041756160e-11 -1.778731893872803482e-11 -1.287895974236136241e-11 1.181206363547520255e-11 9.813592686290107320e-12
1.287836942232382016e-11 1.877858641266955729e-11 6.876486128062903294e-12 1.235400538217222050e-11 8.714504790714161744e-12 1.102377707854136824e-11 2.046242922426679369e-11 2.495272298438367987e-11 3.626752557549040029e-11 4.954535301710082061e-11 6.399904067546029520e-11 9.469229628917889653e-11 1.368362014411764052e-10 1.813177834294235192e-10 2.081389076821529102e-10 2.288966400171560409e-10 2.554074588647392842e-10 2.854401986299903930e-10 3.039635101080874580e-10 3.199888189838329826e-10 2.580186071727995632e-10 7.550695523963868201e-11 -1.830604377858618740e-11 -3.002527056119287538e-11 -9.246596933782365226e-12 -7.734738146250043296e-12
1.555858062051083234e-11 2.098286019451201997e-11 7.991559084219440673e-12 1.348957834296339326e-11 1.306642450808496241e-11 1.552944441728977382e-11 2.269750593734903789e-11 3.016566650208217540e-11 4.344883904542528038e-11 5.692877165328536522e-11 7.332960902944187268e-11 1.057043180831318120e-10 1.518363900098636242e-10 2.081389076821529102e-10 2.716910675499154579e-10 3.144340653721158654e-10 3.581587191118174717e-10 4.008510850043576813e-10 4.309307465178391383e-10 4.624685926223687494e-10 3.890941331463760963e-10 1.433653438407193862e-10 -1.592395591307957088e-12 -3.854930723778955186e-11 -1.804888746405195117e-11 -2.364965068777030338e-12
1.411629818378335604e-11 2.369913827230372779e-11 1.091381788437593273e-11 1.454499233894318373e-11 1.610321782676097067e-11 2.038547278800241485e-11 2.494974792101725541e-11 3.551476438506010934e-11 4.951113343607259732e-11 6.427742739217450103e-11 8.082261385214218460e-11 1.160722206954132435e-10 1.667041018039926840e-10 2.288966400171560409e-10 3.144340653721158654e-10 3.993681208794247585e-10 4.734257644844723414e-10 5.389667198647174230e-10 5.858529102378489976e-10 6.384327694852686356e-10 5.619850656824213983e-10 2.428627969582594915e-10 1.863153906251818894e-11 -5.095461720407270657e-11 -1.835229955873237872e-11 -1.451166856054547892e-11
2.045826268569324735e-11 3.385758404628223626e-11 1.952805170480880394e-11 1.477292143450329069e-11 1.363263910570521235e-11 2.508380536631825084e-11 2.959916976762412383e-11 4.034581657020797578e-11 5.703400290089348711e-11 7.448505121337574865e-11 9.046272221313307362e-11 1.300715982784700702e-10 1.861830361927826538e-10 2.554074588647392842e-10 3.581587191118174717e-10 4.734257644844723414e-10 6.202547153700944790e-10 7.448745972285088702e-10 8.217906829140152732e-10 8.980138236076432327e-10 8.092291930815400005e-10 4.079529131588561516e-10 8.434528674876552311e-11 -2.273665143157873429e-11 3.838364938302760041e-12 -3.033652879226031809e-11
3.016516390148264462e-11 4.274648482154931610e-11 2.572937084686398214e-11 1.504013328972750887e-11 1.339084870740902009e-11 3.188043192554943574e-11 3.765966824967598735e-11 4.313269432036612222e-11 6.601495930310644130e-11 8.518859115253515476e-11 1.012436663537094228e-10 1.454013151255887643e-10 2.071730512847787983e-10 2.854401986299903930e-10 4.008510850043576813e-10 5.389667198647174230e-10 7.448745972285088702e-10 9.749854566374080339e-10 1.121517140726263491e-09 1.251093111294854539e-09 1.178198680017027346e-09 6.925961825833599223e-10 2.094153725616695458e-10 1.699566802653952740e-11 1.184251713488922641e-11 -6.607209558797292863e-11
2.358485401532625917e-11 4.118895511147177030e-11 2.813922232617470497e-11 1.733205443397974265e-11 1.544222444436690988e-11 3.936162369790739195e-11 4.563310592274361657e-11 4.853113098631174373e-11 7.355787249265654790e-11 9.364346574965549038e-11 1.112425048822814328e-10 1.553283329924109884e-10 2.188140631994012615e-10 3.039635101080874580e-10 4.309307465178391383e-10 5.858529102378489976e-10 8.217906829140152732e-10 1.121517140726263491e-09 1.395752722881803764e-09 1.640578993629516723e-09 1.637932226632158286e-09 1.106826268209036848e-09 4.223006732937853945e-10 7.334535438785716067e-11 2.473714531821261391e-11 -1.106443582366607682e-10
1.904998592699589530e-11 3.172180031268320251e-11 1.885872357658458471e-11 2.084923474302289342e-11 1.345968798800854566e-11 4.029806286901819139e-11 4.336530276398551641e-11 4.473983066978569777e-11 7.363540942992082560e-11 9.988511229737758179e-11 1.241795681784519264e-10 1.675307481786471865e-10 2.285992234865405422e-10 3.199888189838329826e-10 4.624685926223687494e-10 6.384327694852686356e-10 8.980138236076432327e-10 1.251093111294854539e-09 1.640578993629516723e-09 2.104486531949876140e-09 2.267237752468203784e-09 1.721865839918384206e-09 7.909729752739202669e-10 1.543023714133721680e-10 3.884540908713239420e-11 -1.538424750897443363e-10
-1.162718704904045451e-12 1.141802099663935341e-11 4.253660173479478529e-13 1.389771533193864019e-11 6.916912895642370847e-12 3.388142304541634280e-11 2.788967883875672252e-11 2.152271955533730368e-11 4.657464068906221736e-11 8.061540629453283011e-11 1.108407946978310535e-10 1.439079080246841597e-10 1.826683838507955121e-10 2.580186071727995632e-10 3.890941331463760963e-10 5.619850656824213983e-10 8.092291930815400005e-10 1.178198680017027346e-09 1.637932226632158286e-09 2.267237752468203784e-09 2.759532408356764009e-09 2.453279435083753378e-09 1.415848486143388806e-09 3.560778676764477962e-10 3.543463622723465185e-11 -2.139868217647202523e-10
-3.373302153537518552e-11 -6.926897506934869473e-12 -2.572138670571013625e-11 3.322061326721934410e-12 -1.674650028002107996e-12 1.354560344374613282e-11 3.347495419056606939e-12 -1.736984616613486279e-11 1.285031064048699843e-12 3.715796581562301137e-11 5.256351128379354624e-11 5.015041210524562863e-11 4.373235376041756160e-11 7.550695523963868201e-11 1.433653438407193862e-10 2.428627969582594915e-10 4.079529131588561516e-10 6.925961825833599223e-10 1.106826268209036848e-09 1.721865839918384206e-09 2.453279435083753378e-09 2.799246564626348173e-09 2.121560005443506724e-09 8.111214262678931644e-10 5.729216731332937971e-11 -2.739965515608980580e-10
-4.846227097078131729e-11 -9.710231521298180953e-12 -3.444712863767765489e-11 -6.836496419866496274e-12 -9.854498193649403884e-12 -1.924522176923606017e-11 -1.401386232628667253e-11 -3.063862619713487144e-11 -7.463854573829472148e-12 3.067889933863375371e-11 3.917388411740782397e-11 1.308476753321287110e-11 -1.778731893872803482e-11 -1.830604377858618740e-11 -1.592395591307957088e-12 1.863153906251818894e-11 8.434528674876552311e-11 2.094153725616695458e-10 4.223006732937853945e-10 7.909729752739202669e-10 1.415848486143388806e-09 2.121560005443506724e-09 2.387142497440790928e-09 1.509465772330841251e-09 2.571779949621598442e-10 -1.650898115079198341e-10
-2.499456775430374733e-11 9.342096912465378151e-12 -2.329781316424798477e-11 -3.626861492292320364e-12 -1.522571957764040619e-11 -1.932016307413976013e-11 -1.100632389567302642e-11 -1.606070191597012921e-11 -8.562496001726216311e-13 2.215041430425853176e-11 2.050222343719620966e-11 4.082294619494731149e-12 -1.287895974236136241e-11 -3.002527056119287538e-11 -3.854930723778955186e-11 -5.095461720407270657e-11 -2.273665143157873429e-11 1.699566802653952740e-11 7.334535438785716067e-11 1.543023714133721680e-10 3.560778676764477962e-10 8.111214262678931644e-10 1.509465772330841251e-09 1.788264134201489778e-09 8.745660079059291241e-10 1.219197566035170419e-10
1.447356110315906920e-11 -9.301941331018027947e-12 -2.393095853269000897e-11 5.380383573900913836e-12 -2.568700631207045487e-12 6.461627593717827024e-12 -8.077162037175135974e-12 -3.399067971531643018e-12 -1.702063180655712148e-11 -5.755082171753889825e-12 -1.519805651778441464e-11 -3.940424781106243259e-13 1.181206363547520255e-11 -9.246596933782365226e-12 -1.804888746405195117e-11 -1.835229955873237872e-11 3.838364938302760041e-12 1.184251713488922641e-11 2.473714531821261391e-11 3.884540908713239420e-11 3.543463622723465185e-11 5.729216731332937971e-11 2.571779949621598442e-10 8.745660079059291241e-10 1.611305991636152928e-09 8.642313201661754251e-10
-1.433234791526085749e-11 -2.783729196384748484e-11 -1.179843850252439761e-11 1.538284211341825764e-12 -5.762787554031448613e-12 2.174075806421159667e-11 5.590786153751698721e-12 6.840189594823623613e-12 -6.151227147798660954e-12 -2.612325214331945856e-12 -6.371957482349939585e-12 7.281611892614974703e-12 9.813592686290107320e-12 -7.734738146250043296e-12 -2.364965068777030338e-12 -1.451166856054547892e-11 -3.033652879226031809e-11 -6.607209558797292863e-11 -1.106443582366607682e-10 -1.538424750897443363e-10 -2.139868217647202523e-10 -2.739965515608980580e-10 -1.650898115079198341e-10 1.219197566035170419e-10 8.642313201661754251e-10 1.478015516817269491e-09
