7.094644080766090580e-11 1.904066349205557784e-11 1.573029252475511925e-11 8.873829715538985032e-12 6.950212535003876255e-12 6.786142777562512225e-12 2.591336654740576763e-12 1.520735203273744278e-12 -4.087799952084100518e-12 -3.188352521547245618e-12 -8.892818234430936834e-12 -8.334797325919480376e-12 -9.783083392839010494e-12 -1.127741928635956897e-11 -1.550708200133614765e-11 -1.799983709304065699e-11 -1.896117156344037084e-11 -2.069763726216860701e-11 -2.286163642847749584e-11 -2.373554125467368998e-11 -3.589400080932825227e-11 -2.886633490599693045e-11 -2.614084074733592140e-11 -7.269963523120517480e-12 6.492793648872453800e-12 2.533586640436680187e-12
1.904066349205557784e-11 5.323731090398575401e-11 2.007723301694454825e-11 7.861528679034063284e-12 4.998025575097169216e-12 2.402914658639593492e-12 -2.226843941792826083e-13 -2.087788469987297060e-12 -2.303052302215854577e-12 -5.901323682457106168e-13 -3.772920553469588437e-12 1.474624230093708385e-12 2.957690750398224579e-12 -4.477765637063970016e-13 -1.306735271426945121e-12 -2.358467190519200490e-12 -4.497887151326630391e-12 -8.125154259115276296e-12 -2.729666779361094277e-12 3.148065580453696093e-12 -4.747591067922046712e-12 -8.581838716504706661e-12 -4.814586268506149390e-12 7.197545921063609258e-12 4.642069782295481477e-12 -2.467504813606999990e-12
1.573029252475511925e-11 2.007723301694454825e-11 3.586356782087127659e-11 1.350629357569566277e-11 8.833924231067857297e-12 6.846940002322683078e-12 5.188255613415038906e-12 3.015743250575845428e-12 2.122182690701765823e-12 4.969718518727022418e-12 1.145539826071174340e-12 3.576290882647639386e-12 3.898378011053003684e-12 3.783996777961572951e-12 3.404058253072255966e-12 2.619778596553926360e-12 1.403547200059443723e-12 -1.671487300443732756e-12 3.145464591957964836e-14 2.473822761432802950e-12 -2.821130246629239265e-12 -3.153897923599761881e-12 8.859045441902230271e-12 3.495788495843845405e-11 1.901382571667860336e-11 -1.002734209312101614e-11
8.873829715538985032e-12 7.861528679034063284e-12 1.350629357569566277e-11 3.031808879272629737e-11 1.533135167753336609e-11 1.008731711418833321e-11 6.960276979004883969e-12 5.261982898853567070e-12 3.763613626624500760e-12 4.299907378703288108e-12 2.046528504332708745e-12 2.926630485006083471e-12 3.646124743294334079e-12 3.941362866586291730e-12 2.904737039427351332e-12 4.146386295677846752e-12 6.696776189476464756e-12 7.672913118485127166e-12 1.190734440451030987e-11 1.604908804585666596e-11 9.236208682629975285e-12 4.407964256883837609e-12 -8.170854926630058433e-13 2.834436426507343344e-12 6.552647870393962231e-12 2.536641241174027998e-12
6.950212535003876255e-12 4.998025575097169216e-12 8.833924231067857297e-12 1.533135167753336609e-11 2.524284566081150055e-11 1.171602977557229991e-11 7.581643156878208535e-12 3.411317877412956563e-12 3.584491964997312925e-12 4.600755518567521771e-12 4.025271313345290358e-12 5.224881083304304531e-12 4.770303007050059245e-12 4.520233866873347342e-12 5.123062031027435852e-12 6.397278017794519401e-12 1.006568266260908677e-11 1.237666129056949502e-11 1.967686646572855411e-11 2.639241622147892496e-11 2.684536124702667237e-11 1.858363959998363687e-11 8.187002565329620910e-12 7.028640961278639531e-12 1.474960929267880675e-11 1.311654194921845092e-12
6.786142777562512225e-12 2.402914658639593492e-12 6.846940002322683078e-12 1.008731711418833321e-11 1.171602977557229991e-11 2.167707663524796124e-11 1.423854769400609664e-11 9.473307490901076594e-12 6.368190809093438617e-12 6.130208127936386683e-12 4.780790886695356804e-12 4.547955096203578988e-12 5.143430030215877462e-12 3.188918395572789606e-12 4.521265883928006548e-12 6.782583015934416832e-12 8.309001148276821320e-12 9.737890467321600333e-12 1.472669672640039009e-11 1.834038459592595179e-11 1.885869139347612414e-11 1.577424057403087751e-11 8.774533043752040197e-12 1.316426431674043393e-12 2.867592094969298250e-12 -1.609291680137832304e-12
2.591336654740576763e-12 -2.226843941792826083e-13 5.188255613415038906e-12 6.960276979004883969e-12 7.581643156878208535e-12 1.423854769400609664e-11 2.429113269094233883e-11 1.711063356626102202e-11 1.273374632140438748e-11 1.089407478523607551e-11 9.594973439753664711e-12 6.905851293574408946e-12 5.850374314540403657e-12 5.747046996800534172e-12 8.127026404392488488e-12 1.114931582677666926e-11 1.463433615171548800e-11 1.826500774125273370e-11 2.188001526611916236e-11 2.324813147549752517e-11 1.847889107533267933e-11 6.460482594310192354e-12 2.715481744368188921e-13 -3.891003257853600428e-13 7.991103678836989806e-12 8.861204940353174002e-12
1.520735203273744278e-12 -2.087788469987297060e-12 3.015743250575845428e-12 5.261982898853567070e-12 3.411317877412956563e-12 9.473307490901076594e-12 1.711063356626102202e-11 2.644297514843294965e-11 2.034082554343124014e-11 1.611680041789876954e-11 1.377623344104999638e-11 1.220659270140816345e-11 1.242816941417631585e-11 1.362391660928988252e-11 1.420989117753707080e-11 1.637559447020229414e-11 2.065954472865727986e-11 2.377945571418349802e-11 2.624129679838042261e-11 2.520960549829282632e-11 1.895287048289346154e-11 4.368736303082554900e-12 -1.729028851233596194e-12 -2.541781980290988520e-12 1.059364786584051658e-11 7.451650360144102239e-12
-4.087799952084100518e-12 -2.303052302215854577e-12 2.122182690701765823e-12 3.763613626624500760e-12 3.584491964997312925e-12 6.368190809093438617e-12 1.273374632140438748e-11 2.034082554343124014e-11 3.089994964877013068e-11 2.544278672588273440e-11 2.228384681934708606e-11 2.099980664717715412e-11 2.099164511215968720e-11 2.351798420081910220e-11 2.551222183992850329e-11 2.719749151629698633e-11 3.137130891798911695e-11 3.617958739157049868e-11 4.339705048966191633e-11 4.840277074110674272e-11 5.063244185249435318e-11 3.537875929169971693e-11 2.419393521555917307e-11 1.078264462869279076e-11 9.778143572270797761e-12 8.790722687075543522e-12
-3.188352521547245618e-12 -5.901323682457106168e-13 4.969718518727022418e-12 4.299907378703288108e-12 4.600755518567521771e-12 6.130208127936386683e-12 1.089407478523607551e-11 1.611680041789876954e-11 2.544278672588273440e-11 3.216696461850053046e-11 2.877109381970875678e-11 2.693936305985470526e-11 2.710658809286001165e-11 2.982127391856472028e-11 3.240313212830751106e-11 3.432126739902800355e-11 3.915429946853375122e-11 4.344520155833443920e-11 4.874763519661130410e-11 5.364547290888857032e-11 5.443829408266298807e-11 3.942296454993529096e-11 3.282864914875298825e-11 2.214945176455055701e-11 1.256329256298858924e-11 -4.940348013004244647e-12
-8.892818234430936834e-12 -3.772920553469588437e-12 1.145539826071174340e-12 2.046528504332708745e-12 4.025271313345290358e-12 4.780790886695356804e-12 9.594973439753664711e-12 1.377623344104999638e-11 2.228384681934708606e-11 2.877109381970875678e-11 3.719104244245406629e-11 3.621690839457134056e-11 3.578349624114853272e-11 3.922012123029619452e-11 4.142882383380716137e-11 4.336386554648560982e-11 4.842759218163585420e-11 5.330151712491051143e-11 5.776315643995834481e-11 6.363244496890177034e-11 6.108938152821495057e-11 3.912771817822717747e-11 2.676203944045408958e-11 2.041875756508218517e-11 2.031200721671324971e-11 -5.159885458324761777e-12
-8.334797325919480376e-12 1.474624230093708385e-12 3.576290882647639386e-12 2.926630485006083471e-12 5.224881083304304531e-12 4.547955096203578988e-12 6.905851293574408946e-12 1.220659270140816345e-11 2.099980664717715412e-11 2.693936305985470526e-11 3.621690839457134056e-11 5.204715984175994748e-11 5.444904324671472159e-11 5.794298464336987416e-11 6.122181037045253444e-11 6.385445864608344657e-11 7.056019221231713384e-11 7.675985436110008205e-11 8.238170252343807347e-11 8.936019508149601013e-11 8.475644182028535821e-11 5.218402558432062188e-11 4.118335525904831870e-11 2.560068628654345440e-11 3.315567878318615662e-12 -1.858365465727864023e-11
-9.783083392839010494e-12 2.957690750398224579e-12 3.898378011053003684e-12 3.646124743294334079e-12 4.770303007050059245e-12 5.143430030215877462e-12 5.850374314540403657e-12 1.242816941417631585e-11 2.099164511215968720e-11 2.710658809286001165e-11 3.578349624114853272e-11 5.444904324671472159e-11 7.153367624776502104e-11 7.951938666336891263e-11 8.406741911686570857e-11 8.805572656442328427e-11 9.483125703840791420e-11 1.030006145818542091e-10 1.114192797203180721e-10 1.216348215943715164e-10 1.123367129680172999e-10 6.087068239904903821e-11 3.981106665454225191e-11 2.568348373075288855e-11 1.482683096400772518e-11 -8.528436845189923087e-12
-1.127741928635956897e-11 -4.477765637063970016e-13 3.783996777961572951e-12 3.941362866586291730e-12 4.520233866873347342e-12 3.188918395572789606e-12 5.747046996800534172e-12 1.362391660928988252e-11 2.351798420081910220e-11 2.982127391856472028e-11 3.922012123029619452e-11 5.794298464336987416e-11 7.951938666336891263e-11 1.089056244532575935e-10 1.205269588823814360e-10 1.291104507684935135e-10 1.397769244570675292e-10 1.550993841899977702e-10 1.683493866942544846e-10 1.787110341828675435e-10 1.570733259429779434e-10 7.020445851530881160e-11 1.988504606244479026e-11 2.229376828719829723e-12 9.925221689931880057e-12 -5.172072571372504503e-12
-1.550708200133614765e-11 -1.306735271426945121e-12 3.404058253072255966e-12 2.904737039427351332e-12 5.123062031027435852e-12 4.521265883928006548e-12 8.127026404392488488e-12 1.420989117753707080e-11 2.551222183992850329e-11 3.240313212830751106e-11 4.142882383380716137e-11 6.122181037045253444e-11 8.406741911686570857e-11 1.205269588823814360e-10 1.583286890662673228e-10 1.802040576417072204e-10 2.014121617884387613e-10 2.244874697236734583e-10 2.440363351905900408e-10 2.585838454828889294e-10 2.380723009714247245e-10 1.235870865313413999e-10 4.421805900149755974e-11 -8.835163406637884937e-13 -5.207153910411836987e-12 -1.888833998209591421e-12
-1.799983709304065699e-11 -2.358467190519200490e-12 2.619778596553926360e-12 4.146386295677846752e-12 6.397278017794519401e-12 6.782583015934416832e-12 1.114931582677666926e-11 1.637559447020229414e-11 2.719749151629698633e-11 3.432126739902800355e-11 4.336386554648560982e-11 6.385445864608344657e-11 8.805572656442328427e-11 1.291104507684935135e-10 1.802040576417072204e-10 2.310436101609319052e-10 2.733121717542344531e-10 3.090931606371948850e-10 3.350170973814648034e-10 3.534304804033808364e-10 3.331761388925671334e-10 1.784119508687500917e-10 6.045845597499230511e-11 -3.326845674596665878e-12 -1.090785287510650098e-11 -1.214725984631937060e-11
-1.896117156344037084e-11 -4.497887151326630391e-12 1.403547200059443723e-12 6.696776189476464756e-12 1.006568266260908677e-11 8.309001148276821320e-12 1.463433615171548800e-11 2.065954472865727986e-11 3.137130891798911695e-11 3.915429946853375122e-11 4.842759218163585420e-11 7.056019221231713384e-11 9.483125703840791420e-11 1.397769244570675292e-10 2.014121617884387613e-10 2.733121717542344531e-10 3.587569997166288446e-10 4.263188079643786216e-10 4.708662906489828144e-10 5.031735205126797150e-10 4.801787568999801277e-10 2.665234130440971020e-10 8.591366248973951749e-11 -4.447467227988035517e-12 -1.950479600405173417e-11 -3.585557046177313233e-11
-2.069763726216860701e-11 -8.125154259115276296e-12 -1.671487300443732756e-12 7.672913118485127166e-12 1.237666129056949502e-11 9.737890467321600333e-12 1.826500774125273370e-11 2.377945571418349802e-11 3.617958739157049868e-11 4.344520155833443920e-11 5.330151712491051143e-11 7.675985436110008205e-11 1.030006145818542091e-10 1.550993841899977702e-10 2.244874697236734583e-10 3.090931606371948850e-10 4.263188079643786216e-10 5.598147079025596302e-10 6.518458370357667960e-10 7.163646335919546164e-10 6.990618690965599729e-10 4.356798369968589023e-10 1.680663863753801087e-10 1.603141271358423123e-11 -4.049190763197890901e-11 -7.845057681261580459e-11
-2.286163642847749584e-11 -2.729666779361094277e-12 3.145464591957964836e-14 1.190734440451030987e-11 1.967686646572855411e-11 1.472669672640039009e-11 2.188001526611916236e-11 2.624129679838042261e-11 4.339705048966191633e-11 4.874763519661130410e-11 5.776315643995834481e-11 8.238170252343807347e-11 1.114192797203180721e-10 1.683493866942544846e-10 2.440363351905900408e-10 3.350170973814648034e-10 4.708662906489828144e-10 6.518458370357667960e-10 8.363630045969647677e-10 9.818634803766171441e-10 1.005428681747534667e-09 7.142442595661234614e-10 3.248835996519859659e-10 5.414758541159463959e-11 -4.779996678794366093e-11 -1.037829146670768884e-10
-2.373554125467368998e-11 3.148065580453696093e-12 2.473822761432802950e-12 1.604908804585666596e-11 2.639241622147892496e-11 1.834038459592595179e-11 2.324813147549752517e-11 2.520960549829282632e-11 4.840277074110674272e-11 5.364547290888857032e-11 6.363244496890177034e-11 8.936019508149601013e-11 1.216348215943715164e-10 1.787110341828675435e-10 2.585838454828889294e-10 3.534304804033808364e-10 5.031735205126797150e-10 7.163646335919546164e-10 9.818634803766171441e-10 1.269168121428587005e-09 1.399780490544590290e-09 1.123587480892382491e-09 6.011323434030475644e-10 1.275045517055861184e-10 -5.413860548876841189e-11 -1.441763449934801786e-10
-3.589400080932825227e-11 -4.747591067922046712e-12 -2.821130246629239265e-12 9.236208682629975285e-12 2.684536124702667237e-11 1.885869139347612414e-11 1.847889107533267933e-11 1.895287048289346154e-11 5.063244185249435318e-11 5.443829408266298807e-11 6.108938152821495057e-11 8.475644182028535821e-11 1.123367129680172999e-10 1.570733259429779434e-10 2.380723009714247245e-10 3.331761388925671334e-10 4.801787568999801277e-10 6.990618690965599729e-10 1.005428681747534667e-09 1.399780490544590290e-09 1.711712642529384982e-09 1.559542712782094035e-09 9.689025912802437632e-10 2.326192443323971494e-10 -8.938402836386459378e-11 -2.034945915992506657e-10
-2.886633490599693045e-11 -8.581838716504706661e-12 -3.153897923599761881e-12 4.407964256883837609e-12 1.858363959998363687e-11 1.577424057403087751e-11 6.460482594310192354e-12 4.368736303082554900e-12 3.537875929169971693e-11 3.942296454993529096e-11 3.912771817822717747e-11 5.218402558432062188e-11 6.087068239904903821e-11 7.020445851530881160e-11 1.235870865313413999e-10 1.784119508687500917e-10 2.665234130440971020e-10 4.356798369968589023e-10 7.142442595661234614e-10 1.123587480892382491e-09 1.559542712782094035e-09 1.764937170141812584e-09 1.378033786758776496e-09 4.997873333095040166e-10 -8.289060266130734707e-11 -2.293413062950766220e-10
-2.614084074733592140e-11 -4.814586268506149390e-12 8.859045441902230271e-12 -8.170854926630058433e-13 8.187002565329620910e-12 8.774533043752040197e-12 2.715481744368188921e-13 -1.729028851233596194e-12 2.419393521555917307e-11 3.282864914875298825e-11 2.676203944045408958e-11 4.118335525904831870e-11 3.981106665454225191e-11 1.988504606244479026e-11 4.421805900149755974e-11 6.045845597499230511e-11 8.591366248973951749e-11 1.680663863753801087e-10 3.248835996519859659e-10 6.011323434030475644e-10 9.689025912802437632e-10 1.378033786758776496e-09 1.532032869238300760e-09 9.537973913214062529e-10 7.173540658488025683e-11 -1.808385058780798554e-10
-7.269963523120517480e-12 7.197545921063609258e-12 3.495788495843845405e-11 2.834436426507343344e-12 7.028640961278639531e-12 1.316426431674043393e-12 -3.891003257853600428e-13 -2.541781980290988520e-12 1.078264462869279076e-11 2.214945176455055701e-11 2.041875756508218517e-11 2.560068628654345440e-11 2.568348373075288855e-11 2.229376828719829723e-12 -8.835163406637884937e-13 -3.326845674596665878e-12 -4.447467227988035517e-12 1.603141271358423123e-11 5.414758541159463959e-11 1.275045517055861184e-10 2.326192443323971494e-10 4.997873333095040166e-10 9.537973913214062529e-10 1.129509283618334560e-09 4.823325163708716056e-10 -2.501164271543992489e-11
6.492793648872453800e-12 4.642069782295481477e-12 1.901382571667860336e-11 6.552647870393962231e-12 1.474960929267880675e-11 2.867592094969298250e-12 7.991103678836989806e-12 1.059364786584051658e-11 9.778143572270797761e-12 1.256329256298858924e-11 2.031200721671324971e-11 3.315567878318615662e-12 1.482683096400772518e-11 9.925221689931880057e-12 -5.207153910411836987e-12 -1.090785287510650098e-11 -1.950479600405173417e-11 -4.049190763197890901e-11 -4.779996678794366093e-11 -5.413860548876841189e-11 -8.938402836386459378e-11 -8.289060266130734707e-11 7.173540658488025683e-11 4.823325163708716056e-10 9.492861407134198139e-10 5.015959013164902471e-10
2.533586640436680187e-12 -2.467504813606999990e-12 -1.002734209312101614e-11 2.536641241174027998e-12 1.311654194921845092e-12 -1.609291680137832304e-12 8.861204940353174002e-12 7.451650360144102239e-12 8.790722687075543522e-12 -4.940348013004244647e-12 -5.159885458324761777e-12 -1.858365465727864023e-11 -8.528436845189923087e-12 -5.172072571372504503e-12 -1.888833998209591421e-12 -1.214725984631937060e-11 -3.585557046177313233e-11 -7.845057681261580459e-11 -1.037829146670768884e-10 -1.441763449934801786e-10 -2.034945915992506657e-10 -2.293413062950766220e-10 -1.808385058780798554e-10 -2.501164271543992489e-11 5.015959013164902471e-10 9.915959239149087241e-10
