7.308656211977304727e-11 1.521982792371916918e-11 5.428637920522421052e-12 2.536884034750489912e-12 -1.858795802470615738e-12 4.287940359741201812e-12 2.423930944583262987e-12 2.865829196508673047e-12 -7.689242150820851034e-13 7.255642036410271064e-13 -1.366190551547447295e-12 -2.624228785136348488e-12 -3.107436501509988253e-12 -6.269767660081256958e-12 -4.621851260426715883e-12 2.296522971740214586e-12 4.465823637213011270e-12 2.830960057485525226e-12 -2.872466849093759396e-12 -6.297148389335661565e-12 -1.474244656098834893e-11 -2.374365129276606447e-11 -2.844424300137307225e-11 -2.784919151074313872e-11 -1.379567365575264899e-11 -3.838643915022702278e-12
1.521982792371916918e-11 5.738426338485522653e-11 1.434361287432729350e-11 5.876500592634964968e-12 3.890650083693863148e-12 5.184790782927899936e-12 4.397599318393320743e-12 2.848312881226676833e-12 2.521385983077976990e-12 9.723838480420652507e-13 5.305843219740076404e-13 3.961953153830498021e-12 4.382402717623693168e-12 4.472080294803367690e-12 4.327953815858690673e-12 5.229373331800100216e-12 6.393328805418816467e-12 7.848404522806328069e-12 1.469556386079725461e-11 1.998489607293764966e-11 8.675084724055437015e-12 3.907544983068487486e-12 -4.070109588031617101e-12 -7.271318241344183716e-12 -8.708173112895842900e-12 -9.451304626148732304e-12
5.428637920522421052e-12 1.434361287432729350e-11 4.474322532865514826e-11 1.370104474998808410e-11 5.639973642344105304e-12 7.045681607801138780e-12 3.671177920519290382e-12 1.537198797495795784e-12 7.145982384714420391e-13 2.269181978333544896e-12 -1.027812124819718302e-12 2.299238783040904701e-12 5.048905883258871516e-12 3.762513671497002783e-12 3.353209942056864860e-12 1.425955126513103906e-12 2.173185584446409282e-12 4.473918729188663853e-13 2.549306665030468542e-12 8.726926521552300572e-12 9.845729013464180512e-12 1.683005471504145635e-11 3.032932465241792942e-11 3.340878051175659004e-11 1.481185421069996830e-11 3.219035755933013886e-12
2.536884034750489912e-12 5.876500592634964968e-12 1.370104474998808410e-11 3.572704400291477959e-11 1.356345988289253652e-11 1.103204589406782384e-11 5.277497570701775559e-12 2.942250975531037499e-12 7.222363198248407858e-13 1.435341011906095023e-12 6.592794954929663894e-13 1.940842214565741512e-12 1.204301910850759703e-12 4.166241698191920101e-13 1.139211472164147780e-12 2.098986677247502054e-12 4.176064598956695137e-12 2.957531186730118305e-12 5.815244823558314389e-12 9.848868090380244432e-12 1.285009625368529663e-11 1.742872282683257673e-11 2.092857536043769032e-11 1.518642605281813133e-11 1.998803915698397854e-13 -2.111446126410848663e-12
-1.858795802470615738e-12 3.890650083693863148e-12 5.639973642344105304e-12 1.356345988289253652e-11 2.733819487907017638e-11 1.292019667783847544e-11 6.281591528608077182e-12 3.684408442370395377e-12 2.518521582436975058e-12 3.242877693586104837e-12 1.726622946418017197e-12 3.218122599629768327e-12 1.265844516944743108e-12 9.874513470724395587e-13 2.323462078058076085e-12 3.379201955480113861e-12 7.008757090660244793e-12 1.067494238017220478e-11 1.508971158124393290e-11 1.749222249710703212e-11 1.792827510761292044e-11 9.860759292701812194e-12 2.200568699606861956e-13 3.497463768967889872e-13 -3.063272507828646749e-14 -6.266022314870145200e-12
4.287940359741201812e-12 5.184790782927899936e-12 7.045681607801138780e-12 1.103204589406782384e-11 1.292019667783847544e-11 2.445424677856675442e-11 1.541579317876042678e-11 1.144019173065895717e-11 5.758430030943084033e-12 6.829925238210211131e-12 5.980937839036625840e-12 5.366959666650311465e-12 4.202402451660643180e-12 2.800660203072137908e-12 3.930430192029034737e-12 7.403491042950996830e-12 1.166040453464800531e-11 1.357472674266397546e-11 1.701925639133366130e-11 2.031273147179620637e-11 2.263524210730393250e-11 1.770146647937743504e-11 8.202238205657376759e-12 3.413044331694456039e-13 9.383724650020287517e-12 -7.489829392341997292e-12
2.423930944583262987e-12 4.397599318393320743e-12 3.671177920519290382e-12 5.277497570701775559e-12 6.281591528608077182e-12 1.541579317876042678e-11 2.521397262020190750e-11 1.898282635807324736e-11 1.312316212023441984e-11 1.167688272248128974e-11 9.987261146857753963e-12 8.340893185282518849e-12 8.569938826558985303e-12 7.730870532735970455e-12 1.022383667801937431e-11 1.251751323399857708e-11 1.475838206958416414e-11 1.668164404569692073e-11 1.998346589941642966e-11 2.085990392359531307e-11 1.954469813916899142e-11 1.338971368340069323e-11 1.046106039024414470e-11 4.091508603513623126e-12 8.662307525831751773e-12 4.218773744469655359e-12
2.865829196508673047e-12 2.848312881226676833e-12 1.537198797495795784e-12 2.942250975531037499e-12 3.684408442370395377e-12 1.144019173065895717e-11 1.898282635807324736e-11 2.839685728918214355e-11 2.082932170370967252e-11 1.578429240833388562e-11 1.377169314280337323e-11 1.127734138081176742e-11 1.196692170733361553e-11 1.352015190461560904e-11 1.510882833951594841e-11 1.810121155161794332e-11 2.256741253155302266e-11 2.730681668516681134e-11 2.935028426697794836e-11 2.987744210502301344e-11 2.542436233387712932e-11 1.433942666391748113e-11 1.013395184343143298e-11 7.780654152710448667e-12 1.699314030897046779e-11 7.622779019013171468e-12
-7.689242150820851034e-13 2.521385983077976990e-12 7.145982384714420391e-13 7.222363198248407858e-13 2.518521582436975058e-12 5.758430030943084033e-12 1.312316212023441984e-11 2.082932170370967252e-11 3.046399648509866503e-11 2.515931706224368689e-11 2.147862244136961211e-11 1.924674902415573092e-11 2.030890529107025920e-11 2.286756258829646652e-11 2.522771066609436727e-11 2.675531838425601798e-11 3.032824842981312452e-11 3.564984874130900646e-11 4.259819667666534124e-11 4.820709287132823934e-11 5.102795737385430790e-11 3.686699084376380528e-11 2.462019574033305322e-11 1.111736166166078604e-11 8.387585829342442369e-12 8.492515153195436545e-12
7.255642036410271064e-13 9.723838480420652507e-13 2.269181978333544896e-12 1.435341011906095023e-12 3.242877693586104837e-12 6.829925238210211131e-12 1.167688272248128974e-11 1.578429240833388562e-11 2.515931706224368689e-11 3.312725789401407190e-11 2.902112182914746509e-11 2.653447936225151773e-11 2.771249778115350526e-11 3.003300617609735171e-11 3.315025556365214144e-11 3.575121956011139820e-11 4.006483559042607734e-11 4.393341959143574695e-11 4.896337149511866106e-11 5.391698617022216830e-11 5.479955442780003022e-11 4.014220633326731112e-11 3.447844498285519618e-11 2.392550368959682479e-11 9.688459409990286929e-12 -4.400060608621559815e-12
-1.366190551547447295e-12 5.305843219740076404e-13 -1.027812124819718302e-12 6.592794954929663894e-13 1.726622946418017197e-12 5.980937839036625840e-12 9.987261146857753963e-12 1.377169314280337323e-11 2.147862244136961211e-11 2.902112182914746509e-11 3.695518897306996790e-11 3.606844983115130657e-11 3.668481659527794056e-11 4.019680772770791685e-11 4.257328363188030031e-11 4.438347928309071719e-11 4.945341014377270676e-11 5.419674103579718787e-11 5.861204183924267707e-11 6.467569364715132279e-11 6.327890781718462205e-11 4.255406434456723265e-11 2.820446315661715709e-11 1.874044013839741720e-11 1.950338265282831465e-11 -6.532906233665089027e-12
-2.624228785136348488e-12 3.961953153830498021e-12 2.299238783040904701e-12 1.940842214565741512e-12 3.218122599629768327e-12 5.366959666650311465e-12 8.340893185282518849e-12 1.127734138081176742e-11 1.924674902415573092e-11 2.653447936225151773e-11 3.606844983115130657e-11 5.184223420139102307e-11 5.445653926252847361e-11 5.803404360797241221e-11 6.168804515742557440e-11 6.419607307776372440e-11 7.036077407511060796e-11 7.641245609915988530e-11 8.216796581572330203e-11 8.997802914607359695e-11 8.573402786827604625e-11 5.351932704068710047e-11 4.027558872247249240e-11 2.304417361123203432e-11 3.106568489241539210e-12 -1.711904896189973309e-11
-3.107436501509988253e-12 4.382402717623693168e-12 5.048905883258871516e-12 1.204301910850759703e-12 1.265844516944743108e-12 4.202402451660643180e-12 8.569938826558985303e-12 1.196692170733361553e-11 2.030890529107025920e-11 2.771249778115350526e-11 3.668481659527794056e-11 5.445653926252847361e-11 7.216305120753749254e-11 7.970416507965375814e-11 8.448643488586216896e-11 8.831436666330008393e-11 9.546378668448646430e-11 1.036110450759784073e-10 1.117207373829098497e-10 1.221272188856745401e-10 1.132320088637252084e-10 6.272130971332401293e-11 4.156931281092800173e-11 2.598149274180178161e-11 1.552112547417614703e-11 -6.540806568589709233e-12
-6.269767660081256958e-12 4.472080294803367690e-12 3.762513671497002783e-12 4.166241698191920101e-13 9.874513470724395587e-13 2.800660203072137908e-12 7.730870532735970455e-12 1.352015190461560904e-11 2.286756258829646652e-11 3.003300617609735171e-11 4.019680772770791685e-11 5.803404360797241221e-11 7.970416507965375814e-11 1.095417117983408340e-10 1.212628648080647291e-10 1.294851762661697291e-10 1.408791255089782296e-10 1.558154241821402397e-10 1.692792282801148427e-10 1.797964199306765166e-10 1.582861369642635129e-10 7.103868156819384168e-11 2.022580649505461692e-11 3.052531306321334903e-12 1.173093272833061925e-11 -5.428906608760886148e-12
-4.621851260426715883e-12 4.327953815858690673e-12 3.353209942056864860e-12 1.139211472164147780e-12 2.323462078058076085e-12 3.930430192029034737e-12 1.022383667801937431e-11 1.510882833951594841e-11 2.522771066609436727e-11 3.315025556365214144e-11 4.257328363188030031e-11 6.168804515742557440e-11 8.448643488586216896e-11 1.212628648080647291e-10 1.592737059716331237e-10 1.810997002802317647e-10 2.026264398584623814e-10 2.246058705263438845e-10 2.439104093531988429e-10 2.584040716293925113e-10 2.382759608544266729e-10 1.238165194962227081e-10 4.500812184930697909e-11 4.771898201202180261e-13 -3.112339630947402583e-12 -4.411013724192375295e-13
2.296522971740214586e-12 5.229373331800100216e-12 1.425955126513103906e-12 2.098986677247502054e-12 3.379201955480113861e-12 7.403491042950996830e-12 1.251751323399857708e-11 1.810121155161794332e-11 2.675531838425601798e-11 3.575121956011139820e-11 4.438347928309071719e-11 6.419607307776372440e-11 8.831436666330008393e-11 1.294851762661697291e-10 1.810997002802317647e-10 2.319104971646291041e-10 2.748575589059713435e-10 3.100922984204833386e-10 3.361500980390123860e-10 3.547491393037576169e-10 3.347015923521532044e-10 1.803075036788575469e-10 6.196023599161055879e-11 -3.590210121695059617e-12 -1.185584206018941967e-11 -1.252767364076976838e-11
4.465823637213011270e-12 6.393328805418816467e-12 2.173185584446409282e-12 4.176064598956695137e-12 7.008757090660244793e-12 1.166040453464800531e-11 1.475838206958416414e-11 2.256741253155302266e-11 3.032824842981312452e-11 4.006483559042607734e-11 4.945341014377270676e-11 7.036077407511060796e-11 9.546378668448646430e-11 1.408791255089782296e-10 2.026264398584623814e-10 2.748575589059713435e-10 3.609141217956652299e-10 4.274218740708397397e-10 4.712570030635008897e-10 5.036254598301863212e-10 4.807153900906492853e-10 2.671386012526801361e-10 8.703475185458608031e-11 -4.729113798141451990e-12 -2.158774892235134684e-11 -3.700881857861587526e-11
2.830960057485525226e-12 7.848404522806328069e-12 4.473918729188663853e-13 2.957531186730118305e-12 1.067494238017220478e-11 1.357472674266397546e-11 1.668164404569692073e-11 2.730681668516681134e-11 3.564984874130900646e-11 4.393341959143574695e-11 5.419674103579718787e-11 7.641245609915988530e-11 1.036110450759784073e-10 1.558154241821402397e-10 2.246058705263438845e-10 3.100922984204833386e-10 4.274218740708397397e-10 5.594828844786536455e-10 6.509255599852055813e-10 7.155974699139890259e-10 6.985246009032257057e-10 4.358529737863224687e-10 1.699534952332882746e-10 1.699828042401802472e-11 -4.149992097206270355e-11 -7.882496203403235645e-11
-2.872466849093759396e-12 1.469556386079725461e-11 2.549306665030468542e-12 5.815244823558314389e-12 1.508971158124393290e-11 1.701925639133366130e-11 1.998346589941642966e-11 2.935028426697794836e-11 4.259819667666534124e-11 4.896337149511866106e-11 5.861204183924267707e-11 8.216796581572330203e-11 1.117207373829098497e-10 1.692792282801148427e-10 2.439104093531988429e-10 3.361500980390123860e-10 4.712570030635008897e-10 6.509255599852055813e-10 8.354180074293896519e-10 9.805151856230773087e-10 1.003725878282767937e-09 7.134088336064589562e-10 3.254221000785338680e-10 5.482524996469278840e-11 -4.788204102424010374e-11 -1.036243288326489782e-10
-6.297148389335661565e-12 1.998489607293764966e-11 8.726926521552300572e-12 9.848868090380244432e-12 1.749222249710703212e-11 2.031273147179620637e-11 2.085990392359531307e-11 2.987744210502301344e-11 4.820709287132823934e-11 5.391698617022216830e-11 6.467569364715132279e-11 8.997802914607359695e-11 1.221272188856745401e-10 1.797964199306765166e-10 2.584040716293925113e-10 3.547491393037576169e-10 5.036254598301863212e-10 7.155974699139890259e-10 9.805151856230773087e-10 1.267778531849337008e-09 1.398249446262505001e-09 1.122840890201119098e-09 6.014545530190504472e-10 1.282050445614657182e-10 -5.444837399179328431e-11 -1.441984324043203030e-10
-1.474244656098834893e-11 8.675084724055437015e-12 9.845729013464180512e-12 1.285009625368529663e-11 1.792827510761292044e-11 2.263524210730393250e-11 1.954469813916899142e-11 2.542436233387712932e-11 5.102795737385430790e-11 5.479955442780003022e-11 6.327890781718462205e-11 8.573402786827604625e-11 1.132320088637252084e-10 1.582861369642635129e-10 2.382759608544266729e-10 3.347015923521532044e-10 4.807153900906492853e-10 6.985246009032257057e-10 1.003725878282767937e-09 1.398249446262505001e-09 1.710094919384519548e-09 1.558727372507311329e-09 9.682839368914530503e-10 2.326426111422218404e-10 -8.953475870480236236e-11 -2.028713366736528038e-10
-2.374365129276606447e-11 3.907544983068487486e-12 1.683005471504145635e-11 1.742872282683257673e-11 9.860759292701812194e-12 1.770146647937743504e-11 1.338971368340069323e-11 1.433942666391748113e-11 3.686699084376380528e-11 4.014220633326731112e-11 4.255406434456723265e-11 5.351932704068710047e-11 6.272130971332401293e-11 7.103868156819384168e-11 1.238165194962227081e-10 1.803075036788575469e-10 2.671386012526801361e-10 4.358529737863224687e-10 7.134088336064589562e-10 1.122840890201119098e-09 1.558727372507311329e-09 1.764438672903278869e-09 1.377083607511697530e-09 4.996132067093569511e-10 -8.275393235734674871e-11 -2.286218431566902309e-10
-2.844424300137307225e-11 -4.070109588031617101e-12 3.032932465241792942e-11 2.092857536043769032e-11 2.200568699606861956e-13 8.202238205657376759e-12 1.046106039024414470e-11 1.013395184343143298e-11 2.462019574033305322e-11 3.447844498285519618e-11 2.820446315661715709e-11 4.027558872247249240e-11 4.156931281092800173e-11 2.022580649505461692e-11 4.500812184930697909e-11 6.196023599161055879e-11 8.703475185458608031e-11 1.699534952332882746e-10 3.254221000785338680e-10 6.014545530190504472e-10 9.682839368914530503e-10 1.377083607511697530e-09 1.530576057010680240e-09 9.532838886284268036e-10 7.168553387775280660e-11 -1.796091016158145938e-10
-2.784919151074313872e-11 -7.271318241344183716e-12 3.340878051175659004e-11 1.518642605281813133e-11 3.497463768967889872e-13 3.413044331694456039e-13 4.091508603513623126e-12 7.780654152710448667e-12 1.111736166166078604e-11 2.392550368959682479e-11 1.874044013839741720e-11 2.304417361123203432e-11 2.598149274180178161e-11 3.052531306321334903e-12 4.771898201202180261e-13 -3.590210121695059617e-12 -4.729113798141451990e-12 1.699828042401802472e-11 5.482524996469278840e-11 1.282050445614657182e-10 2.326426111422218404e-10 4.996132067093569511e-10 9.532838886284268036e-10 1.128566696623010897e-09 4.816797791108569292e-10 -2.412195479495893574e-11
-1.379567365575264899e-11 -8.708173112895842900e-12 1.481185421069996830e-11 1.998803915698397854e-13 -3.063272507828646749e-14 9.383724650020287517e-12 8.662307525831751773e-12 1.699314030897046779e-11 8.387585829342442369e-12 9.688459409990286929e-12 1.950338265282831465e-11 3.106568489241539210e-12 1.552112547417614703e-11 1.173093272833061925e-11 -3.112339630947402583e-12 -1.185584206018941967e-11 -2.158774892235134684e-11 -4.149992097206270355e-11 -4.788204102424010374e-11 -5.444837399179328431e-11 -8.953475870480236236e-11 -8.275393235734674871e-11 7.168553387775280660e-11 4.816797791108569292e-10 9.488043954494273957e-10 5.017425868311626058e-10
-3.838643915022702278e-12 -9.451304626148732304e-12 3.219035755933013886e-12 -2.111446126410848663e-12 -6.266022314870145200e-12 -7.489829392341997292e-12 4.218773744469655359e-12 7.622779019013171468e-12 8.492515153195436545e-12 -4.400060608621559815e-12 -6.532906233665089027e-12 -1.711904896189973309e-11 -6.540806568589709233e-12 -5.428906608760886148e-12 -4.411013724192375295e-13 -1.252767364076976838e-11 -3.700881857861587526e-11 -7.882496203403235645e-11 -1.036243288326489782e-10 -1.441984324043203030e-10 -2.028713366736528038e-10 -2.286218431566902309e-10 -1.796091016158145938e-10 -2.412195479495893574e-11 5.017425868311626058e-10 9.915729764518327074e-10
