8.825176995190987084e-11 9.753678642047533376e-12 1.066414701587910817e-11 -2.168307431309907595e-12 2.160106901319092967e-12 3.280438048093501957e-12 -2.615891674816479633e-12 2.825762793821217570e-12 -1.101266122323113681e-13 -5.449166141297609099e-13 -2.250172832323939850e-12 5.429431497677773307e-13 5.283506308882909891e-12 2.383666714155425292e-12 -1.351018449146951158e-12 -5.509909657064361635e-12 -1.009738615058130708e-11 -2.258648052763113188e-11 -3.456679141472051181e-11 -4.287643148829557180e-11 -4.849949995104918597e-11 -4.573004969633063936e-11 -3.071269738035369416e-11 -1.881067996444980885e-11 -1.432519375092984150e-11 -1.071404905796190322e-11
9.753678642047533376e-12 6.703382799401090196e-11 1.786939149057357547e-11 7.912018511010179858e-12 -1.901158149322664379e-12 -6.623029678050492573e-13 -2.153262596286876240e-12 1.471896226992550121e-12 6.582789004385769458e-13 -1.421030608707782408e-12 -2.617251522272069060e-12 -1.789522012763365727e-12 2.093868963759834090e-12 2.904557320191836556e-12 1.496344721808866812e-12 2.344060025618285625e-12 8.869396085624392109e-12 1.231371956092363964e-11 1.557609293420595011e-11 1.730984731135554055e-11 1.181719577726291913e-11 3.788137889119107947e-12 -8.396066443513011094e-12 -1.111698275036681838e-11 7.716219563284015519e-12 -1.606309984786844119e-11
1.066414701587910817e-11 1.786939149057357547e-11 4.676112702320657771e-11 1.172677115045195240e-11 5.121500627388799356e-12 3.386417696508741961e-12 -6.909392253032847964e-14 2.214779310785483182e-12 9.987917112487297916e-13 -1.588841692268694907e-12 -1.898268291376826671e-12 8.157853733080608809e-13 3.229735588691072436e-12 4.255541151198754867e-12 4.362546569795610279e-13 7.570876329590717747e-13 4.738072368371449536e-12 1.002915807861535377e-11 1.107118449092053184e-11 9.673914491429003391e-12 4.594197594629898409e-12 2.149937879471066722e-12 -6.423310883785873553e-12 -2.154751036039572315e-11 -2.274404182664213763e-11 -1.819749531537878450e-11
-2.168307431309907595e-12 7.912018511010179858e-12 1.172677115045195240e-11 4.048442704902697075e-11 1.216755332478768973e-11 8.495077560579974448e-12 4.334313726567016189e-12 5.916758203239614998e-12 3.331322176396207395e-12 2.488440567710809091e-12 2.168371524898419202e-12 5.885839567987184827e-13 2.549916814903442620e-12 4.069670342563923129e-12 8.209032244024927383e-12 6.076877863093453854e-12 6.495392346139546058e-12 -4.946094489997398569e-13 -7.286392437957975542e-12 -1.492202276183942140e-11 -3.281423956817729464e-11 -3.882262418818982947e-11 -3.066465351097509235e-11 -1.766054703441843215e-11 3.428502741148697465e-12 -1.079604440020008867e-12
2.160106901319092967e-12 -1.901158149322664379e-12 5.121500627388799356e-12 1.216755332478768973e-11 3.411886216673914183e-11 1.749637134940442195e-11 8.896387470620799993e-12 8.954503163106884069e-12 4.724020830562223730e-12 4.775505030678148267e-12 3.757739314647579083e-12 2.969057710237229830e-12 4.446116134018692286e-12 5.513661223860299460e-12 8.628291058793993758e-12 1.289942061729310122e-11 1.354239347924975066e-11 1.534716412883924024e-11 2.129650910648556249e-11 2.432080497380234584e-11 2.118570256424678932e-11 9.496369354525681920e-12 -7.055456572910422573e-12 -4.380097074476341372e-13 1.613531235590370312e-11 -7.435230184401588748e-12
3.280438048093501957e-12 -6.623029678050492573e-13 3.386417696508741961e-12 8.495077560579974448e-12 1.749637134940442195e-11 3.476336510483428132e-11 1.753672097343320984e-11 1.616013933816547878e-11 1.041443046940898158e-11 1.035439415036240875e-11 8.688867177737065419e-12 8.233398656162837325e-12 1.180743057077632030e-11 1.385776257094146699e-11 1.882261407511546302e-11 2.351622318397213887e-11 2.791966765604878668e-11 3.280020956516572220e-11 4.039145088464945647e-11 3.907259119942849282e-11 2.454333341751592604e-11 2.378891908246023839e-12 -2.074816427444635158e-11 -4.927871090165085769e-12 1.907132151504554497e-11 2.964648217020988588e-11
-2.615891674816479633e-12 -2.153262596286876240e-12 -6.909392253032847964e-14 4.334313726567016189e-12 8.896387470620799993e-12 1.753672097343320984e-11 3.112446638499919399e-11 2.149181962514528105e-11 1.662493313568058526e-11 1.317317646863894938e-11 1.036087166750326233e-11 1.058891533438377013e-11 1.532678047847437882e-11 1.774370194622362761e-11 1.749545850485132038e-11 1.884529577399420418e-11 2.235281936705898424e-11 2.989016747521224313e-11 3.613254937427454766e-11 2.876541428508016305e-11 1.138116402230277510e-11 -1.454490310475508221e-11 -3.398674453799913446e-11 -2.574221182301486939e-11 -1.388710552948469260e-11 -7.229250519441073268e-12
2.825762793821217570e-12 1.471896226992550121e-12 2.214779310785483182e-12 5.916758203239614998e-12 8.954503163106884069e-12 1.616013933816547878e-11 2.149181962514528105e-11 3.350778187186986041e-11 2.681800802142256060e-11 2.129747638355895550e-11 1.729532305046784253e-11 1.692633575286374726e-11 2.096573489760835243e-11 2.517609900648745876e-11 3.017375233641629250e-11 3.576101648967539960e-11 4.225258701793536634e-11 4.789439366674477581e-11 5.454302810400970612e-11 4.895135122718067117e-11 2.355137309741941602e-11 -1.457217043817497044e-11 -2.351773555890693843e-11 -9.905964567653397556e-12 -7.932148272641135041e-12 1.930608238104045999e-12
-1.101266122323113681e-13 6.582789004385769458e-13 9.987917112487297916e-13 3.331322176396207395e-12 4.724020830562223730e-12 1.041443046940898158e-11 1.662493313568058526e-11 2.681800802142256060e-11 3.959803394741002814e-11 3.452532404607739611e-11 2.995110545532169938e-11 2.935351929986037441e-11 3.258038227622762071e-11 3.834639992689939149e-11 4.404300641303498442e-11 4.880556087995355292e-11 5.563903101284007022e-11 6.354493079346130284e-11 7.090775056572502592e-11 6.936019103788433619e-11 4.023945066489078193e-11 -6.992821551788115857e-12 -1.433533907981369927e-11 -5.143540675711236890e-12 -1.933998947882987771e-11 -4.545034550886710427e-12
-5.449166141297609099e-13 -1.421030608707782408e-12 -1.588841692268694907e-12 2.488440567710809091e-12 4.775505030678148267e-12 1.035439415036240875e-11 1.317317646863894938e-11 2.129747638355895550e-11 3.452532404607739611e-11 4.598985098739486500e-11 4.137186959612054399e-11 3.910604415163594395e-11 4.337952311877985858e-11 4.973107483322207352e-11 5.759662357638719506e-11 6.458659609479339205e-11 7.465286492426940630e-11 8.570803958478624836e-11 9.576667058060349983e-11 1.023521835094007374e-10 8.364297003987653251e-11 3.816017643217190292e-11 2.736393790919822723e-11 1.661388279819607447e-11 -8.410394731024202085e-12 -9.928281905850002708e-13
-2.250172832323939850e-12 -2.617251522272069060e-12 -1.898268291376826671e-12 2.168371524898419202e-12 3.757739314647579083e-12 8.688867177737065419e-12 1.036087166750326233e-11 1.729532305046784253e-11 2.995110545532169938e-11 4.137186959612054399e-11 5.372187773280399711e-11 5.305582805440136605e-11 5.628933640655490076e-11 6.308492279828190886e-11 7.168306929611772092e-11 7.874555876367584456e-11 9.029486328065574030e-11 1.026213731758015239e-10 1.132842259112800894e-10 1.251934766706676229e-10 1.105086938501717906e-10 5.439603245897031149e-11 4.544351847519260035e-11 3.087882797902292874e-11 -8.878442157239256833e-12 -8.952730888754700984e-12
5.429431497677773307e-13 -1.789522012763365727e-12 8.157853733080608809e-13 5.885839567987184827e-13 2.969057710237229830e-12 8.233398656162837325e-12 1.058891533438377013e-11 1.692633575286374726e-11 2.935351929986037441e-11 3.910604415163594395e-11 5.305582805440136605e-11 7.371870516915318841e-11 8.457735937019373677e-11 9.470192747009710856e-11 1.053768113628056202e-10 1.152497428281706015e-10 1.295712274142723059e-10 1.458972193555525345e-10 1.586152014923464110e-10 1.731011816979945223e-10 1.507124898913504648e-10 5.598024754301943502e-11 1.469396028352960121e-11 2.326814567977776684e-12 -2.181218929459238245e-12 3.649113822856986447e-12
5.283506308882909891e-12 2.093868963759834090e-12 3.229735588691072436e-12 2.549916814903442620e-12 4.446116134018692286e-12 1.180743057077632030e-11 1.532678047847437882e-11 2.096573489760835243e-11 3.258038227622762071e-11 4.337952311877985858e-11 5.628933640655490076e-11 8.457735937019373677e-11 1.190107089494552839e-10 1.372060690882654021e-10 1.523232305962665665e-10 1.659154153562195957e-10 1.858647739141983594e-10 2.065789025505845974e-10 2.175159240057093442e-10 2.260299527781159213e-10 1.792654331157161429e-10 4.032577741115407493e-11 -2.142929472617837994e-11 -1.477701950054937525e-11 1.050018020343784493e-11 8.356165632875287552e-12
2.383666714155425292e-12 2.904557320191836556e-12 4.255541151198754867e-12 4.069670342563923129e-12 5.513661223860299460e-12 1.385776257094146699e-11 1.774370194622362761e-11 2.517609900648745876e-11 3.834639992689939149e-11 4.973107483322207352e-11 6.308492279828190886e-11 9.470192747009710856e-11 1.372060690882654021e-10 1.821027170385251693e-10 2.098426365499438626e-10 2.296664465383467950e-10 2.576354641305984485e-10 2.885254890969323439e-10 3.074088347961419658e-10 3.232675653215893353e-10 2.610210483637726088e-10 7.734223002574789257e-11 -1.930250552902702072e-11 -3.273249376155364495e-11 -8.639156984644881500e-12 -7.939079787782601341e-12
-1.351018449146951158e-12 1.496344721808866812e-12 4.362546569795610279e-13 8.209032244024927383e-12 8.628291058793993758e-12 1.882261407511546302e-11 1.749545850485132038e-11 3.017375233641629250e-11 4.404300641303498442e-11 5.759662357638719506e-11 7.168306929611772092e-11 1.053768113628056202e-10 1.523232305962665665e-10 2.098426365499438626e-10 2.748769540286056870e-10 3.162252634676382508e-10 3.607487144302569510e-10 4.043810465912246027e-10 4.353428936437747171e-10 4.674845320654004436e-10 3.937406740694408723e-10 1.470084212889661680e-10 2.709548069123404593e-13 -3.772377189228146421e-11 -1.858944295355827623e-11 -4.736538678792767676e-12
-5.509909657064361635e-12 2.344060025618285625e-12 7.570876329590717747e-13 6.076877863093453854e-12 1.289942061729310122e-11 2.351622318397213887e-11 1.884529577399420418e-11 3.576101648967539960e-11 4.880556087995355292e-11 6.458659609479339205e-11 7.874555876367584456e-11 1.152497428281706015e-10 1.659154153562195957e-10 2.296664465383467950e-10 3.162252634676382508e-10 3.988359529665042251e-10 4.737046418894793717e-10 5.396535112155529890e-10 5.864083473463099198e-10 6.384001355781175326e-10 5.606888272888862950e-10 2.420227055007666246e-10 1.874941217374023040e-11 -4.929917843859626460e-11 -1.937078001263477469e-11 -1.685676314969753741e-11
-1.009738615058130708e-11 8.869396085624392109e-12 4.738072368371449536e-12 6.495392346139546058e-12 1.354239347924975066e-11 2.791966765604878668e-11 2.235281936705898424e-11 4.225258701793536634e-11 5.563903101284007022e-11 7.465286492426940630e-11 9.029486328065574030e-11 1.295712274142723059e-10 1.858647739141983594e-10 2.576354641305984485e-10 3.607487144302569510e-10 4.737046418894793717e-10 6.215389041721030373e-10 7.466448901841668892e-10 8.224283646122348703e-10 8.974296469831143806e-10 8.070417319514943136e-10 4.065897393333507621e-10 8.524625688223236455e-11 -2.099436760578739921e-11 3.282590229928878646e-12 -3.060517573091512111e-11
-2.258648052763113188e-11 1.231371956092363964e-11 1.002915807861535377e-11 -4.946094489997398569e-13 1.534716412883924024e-11 3.280020956516572220e-11 2.989016747521224313e-11 4.789439366674477581e-11 6.354493079346130284e-11 8.570803958478624836e-11 1.026213731758015239e-10 1.458972193555525345e-10 2.065789025505845974e-10 2.885254890969323439e-10 4.043810465912246027e-10 5.396535112155529890e-10 7.466448901841668892e-10 9.779520905995743430e-10 1.123899911610433208e-09 1.252673546422255948e-09 1.178873342284374729e-09 6.932360909228361211e-10 2.097251639276886553e-10 1.726071053830740641e-11 1.267079840366695020e-11 -6.467268297861138326e-11
-3.456679141472051181e-11 1.557609293420595011e-11 1.107118449092053184e-11 -7.286392437957975542e-12 2.129650910648556249e-11 4.039145088464945647e-11 3.613254937427454766e-11 5.454302810400970612e-11 7.090775056572502592e-11 9.576667058060349983e-11 1.132842259112800894e-10 1.586152014923464110e-10 2.175159240057093442e-10 3.074088347961419658e-10 4.353428936437747171e-10 5.864083473463099198e-10 8.224283646122348703e-10 1.123899911610433208e-09 1.397447577902070556e-09 1.641527125600569449e-09 1.638520815780424492e-09 1.108506456712832098e-09 4.236551936414131899e-10 7.352251901212422722e-11 2.419244442753954221e-11 -1.093434098568103036e-10
-4.287643148829557180e-11 1.730984731135554055e-11 9.673914491429003391e-12 -1.492202276183942140e-11 2.432080497380234584e-11 3.907259119942849282e-11 2.876541428508016305e-11 4.895135122718067117e-11 6.936019103788433619e-11 1.023521835094007374e-10 1.251934766706676229e-10 1.731011816979945223e-10 2.260299527781159213e-10 3.232675653215893353e-10 4.674845320654004436e-10 6.384001355781175326e-10 8.974296469831143806e-10 1.252673546422255948e-09 1.641527125600569449e-09 2.103185601513917017e-09 2.264888079994196243e-09 1.720523211261644201e-09 7.905239572478259004e-10 1.535184747671844157e-10 3.801719356245335147e-11 -1.524778991815171164e-10
-4.849949995104918597e-11 1.181719577726291913e-11 4.594197594629898409e-12 -3.281423956817729464e-11 2.118570256424678932e-11 2.454333341751592604e-11 1.138116402230277510e-11 2.355137309741941602e-11 4.023945066489078193e-11 8.364297003987653251e-11 1.105086938501717906e-10 1.507124898913504648e-10 1.792654331157161429e-10 2.610210483637726088e-10 3.937406740694408723e-10 5.606888272888862950e-10 8.070417319514943136e-10 1.178873342284374729e-09 1.638520815780424492e-09 2.264888079994196243e-09 2.755684745313542898e-09 2.449383992651406958e-09 1.413417324168511680e-09 3.550962853179434521e-10 3.282695283042681454e-11 -2.150518328303750492e-10
-4.573004969633063936e-11 3.788137889119107947e-12 2.149937879471066722e-12 -3.882262418818982947e-11 9.496369354525681920e-12 2.378891908246023839e-12 -1.454490310475508221e-11 -1.457217043817497044e-11 -6.992821551788115857e-12 3.816017643217190292e-11 5.439603245897031149e-11 5.598024754301943502e-11 4.032577741115407493e-11 7.734223002574789257e-11 1.470084212889661680e-10 2.420227055007666246e-10 4.065897393333507621e-10 6.932360909228361211e-10 1.108506456712832098e-09 1.720523211261644201e-09 2.449383992651406958e-09 2.795708642538200604e-09 2.119736205496700361e-09 8.110399654265493029e-10 5.735771200502642146e-11 -2.728258856926959333e-10
-3.071269738035369416e-11 -8.396066443513011094e-12 -6.423310883785873553e-12 -3.066465351097509235e-11 -7.055456572910422573e-12 -2.074816427444635158e-11 -3.398674453799913446e-11 -2.351773555890693843e-11 -1.433533907981369927e-11 2.736393790919822723e-11 4.544351847519260035e-11 1.469396028352960121e-11 -2.142929472617837994e-11 -1.930250552902702072e-11 2.709548069123404593e-13 1.874941217374023040e-11 8.524625688223236455e-11 2.097251639276886553e-10 4.236551936414131899e-10 7.905239572478259004e-10 1.413417324168511680e-09 2.119736205496700361e-09 2.387867529180832601e-09 1.509773228807859613e-09 2.565674212586411827e-10 -1.655315163406504944e-10
-1.881067996444980885e-11 -1.111698275036681838e-11 -2.154751036039572315e-11 -1.766054703441843215e-11 -4.380097074476341372e-13 -4.927871090165085769e-12 -2.574221182301486939e-11 -9.905964567653397556e-12 -5.143540675711236890e-12 1.661388279819607447e-11 3.087882797902292874e-11 2.326814567977776684e-12 -1.477701950054937525e-11 -3.273249376155364495e-11 -3.772377189228146421e-11 -4.929917843859626460e-11 -2.099436760578739921e-11 1.726071053830740641e-11 7.352251901212422722e-11 1.535184747671844157e-10 3.550962853179434521e-10 8.110399654265493029e-10 1.509773228807859613e-09 1.788227023899361769e-09 8.737679087982757992e-10 1.204886489336148310e-10
-1.432519375092984150e-11 7.716219563284015519e-12 -2.274404182664213763e-11 3.428502741148697465e-12 1.613531235590370312e-11 1.907132151504554497e-11 -1.388710552948469260e-11 -7.932148272641135041e-12 -1.933998947882987771e-11 -8.410394731024202085e-12 -8.878442157239256833e-12 -2.181218929459238245e-12 1.050018020343784493e-11 -8.639156984644881500e-12 -1.858944295355827623e-11 -1.937078001263477469e-11 3.282590229928878646e-12 1.267079840366695020e-11 2.419244442753954221e-11 3.801719356245335147e-11 3.282695283042681454e-11 5.735771200502642146e-11 2.565674212586411827e-10 8.737679087982757992e-10 1.611639695056359967e-09 8.638487423116298838e-10
-1.071404905796190322e-11 -1.606309984786844119e-11 -1.819749531537878450e-11 -1.079604440020008867e-12 -7.435230184401588748e-12 2.964648217020988588e-11 -7.229250519441073268e-12 1.930608238104045999e-12 -4.545034550886710427e-12 -9.928281905850002708e-13 -8.952730888754700984e-12 3.649113822856986447e-12 8.356165632875287552e-12 -7.939079787782601341e-12 -4.736538678792767676e-12 -1.685676314969753741e-11 -3.060517573091512111e-11 -6.467268297861138326e-11 -1.093434098568103036e-10 -1.524778991815171164e-10 -2.150518328303750492e-10 -2.728258856926959333e-10 -1.655315163406504944e-10 1.204886489336148310e-10 8.638487423116298838e-10 1.478110982983621236e-09
