5.922122399113589282e-11 1.790960026846747894e-11 1.023057485268908548e-11 4.520037590894377260e-12 1.458408339244961223e-12 2.285545970348339111e-12 2.945003070026287609e-12 6.695511705575496802e-12 2.536159296801873344e-12 5.007211649055225011e-12 1.237054856818618858e-12 3.271728645941346501e-12 5.924802174029824983e-12 4.682830600052464670e-12 3.546384082976355235e-12 2.730516991911515199e-12 3.209973356990848909e-12 6.809100689146786675e-12 6.399420478636854741e-12 1.022433682993681202e-12 -1.278246860581891365e-11 -1.412659018014149538e-11 -1.744175372776384974e-11 -9.511959444791259715e-12 3.210703370087714797e-12 -2.107921829556230299e-11
1.790960026846747894e-11 4.405213103021148081e-11 1.719821497388811469e-11 6.417615371349501332e-12 2.841874379791584646e-12 2.844929204442213555e-12 4.197090833804549127e-12 3.567718054508391372e-12 1.256420966753741527e-12 2.479143338641972701e-12 -5.995655822782133831e-13 1.067191690312689322e-12 1.788655968499793485e-12 4.151553189354739910e-13 -6.651637355152058704e-13 1.043185040269334536e-12 1.653166945293842510e-12 4.206165736135712500e-13 5.706370681393563333e-12 6.976093763093307174e-12 5.756981274447271393e-13 8.862670295266706948e-13 -6.665915084992451981e-12 1.605975788003028787e-12 1.166574564079723760e-11 -1.186184090564335692e-11
1.023057485268908548e-11 1.719821497388811469e-11 3.945768198208159246e-11 1.514427628770115761e-11 8.415347585984394994e-12 5.022827001636098830e-12 3.755334514785614430e-12 2.940902006134465190e-12 2.320474036894717064e-12 2.050600329855496833e-12 -5.130272795667979513e-13 2.454861945408106170e-12 3.753080074051140676e-12 1.938415195051116316e-12 -6.253766946165866172e-13 -3.608307535465337836e-12 -4.437131155389782405e-12 -6.214633188003044526e-12 -1.153854307597106479e-12 3.315292156802938670e-12 -2.900129106352781403e-12 -6.183532413957035620e-12 -1.994748606268599003e-12 1.081705688519241709e-11 5.973279361906305459e-12 -8.512177403391130217e-12
4.520037590894377260e-12 6.417615371349501332e-12 1.514427628770115761e-11 3.167960455094637241e-11 1.326697373133292718e-11 6.329031353751246826e-12 4.848454945166104766e-12 2.962216283253735121e-12 5.194076954168611103e-13 1.688246132514410734e-13 -3.457738841336581924e-12 -3.067412491124335449e-12 -3.848296576827555107e-12 -4.393718147177118251e-12 -5.075789732448719781e-12 -5.070509875751934943e-12 -4.856398804604488258e-12 -7.282803646078937021e-12 -6.795744450117443516e-12 -5.882437051994534848e-12 -7.613000587724940529e-12 -8.223232190010981410e-12 1.072010157510576081e-12 8.874897634032017340e-12 -6.087885313551954567e-13 -1.804342887620833210e-12
1.458408339244961223e-12 2.841874379791584646e-12 8.415347585984394994e-12 1.326697373133292718e-11 2.576604409775881177e-11 9.787938952531623619e-12 5.696434674996868654e-12 2.854431842196647746e-12 1.929451228078866733e-12 2.640553240247079681e-12 1.145535233379841300e-12 2.263358375849467265e-12 1.653164483171508007e-12 1.768776902352296775e-12 1.133378650225778091e-12 3.200850338291662566e-12 5.679823107816820133e-12 6.342817915837833951e-12 1.154590559684033153e-11 1.537344147248344639e-11 1.229248620803689096e-11 5.657094827284986719e-12 5.301421498798006706e-12 7.583103014852884952e-12 2.990244527691249971e-13 -3.807465620293116163e-12
2.285545970348339111e-12 2.844929204442213555e-12 5.022827001636098830e-12 6.329031353751246826e-12 9.787938952531623619e-12 1.971724053781411013e-11 1.272776491401553008e-11 9.424489119585265070e-12 6.540026535443033222e-12 7.417777837432974831e-12 5.517312743014302628e-12 5.255750990423298957e-12 5.025257871212336260e-12 2.471827747487414548e-12 3.507747530323183161e-12 6.117733364216313688e-12 7.672786182333122008e-12 8.131102927110216532e-12 1.275616106576690929e-11 1.642467842483260109e-11 2.139910336535587730e-11 2.026817979416863281e-11 1.066799921980926691e-11 -2.092909776762498214e-12 2.011825157761225205e-13 -7.515830762879504983e-12
2.945003070026287609e-12 4.197090833804549127e-12 3.755334514785614430e-12 4.848454945166104766e-12 5.696434674996868654e-12 1.272776491401553008e-11 2.276486011688821866e-11 1.764581115041665888e-11 1.277575425537915713e-11 1.137069815795189498e-11 9.605726564192974707e-12 8.285841707665658769e-12 8.078117875468442216e-12 7.841948159510275504e-12 9.781999290494843065e-12 1.282772171009904079e-11 1.633416279085243169e-11 1.855595590251883937e-11 2.147370461784004409e-11 2.129912147654716810e-11 1.677331616939341472e-11 7.699400592761363091e-12 2.639368737268992415e-12 -2.387081908843342540e-12 8.201954473602298582e-12 8.252894223273160307e-12
6.695511705575496802e-12 3.567718054508391372e-12 2.940902006134465190e-12 2.962216283253735121e-12 2.854431842196647746e-12 9.424489119585265070e-12 1.764581115041665888e-11 2.830518751019805880e-11 2.053592071152429484e-11 1.628394640008085149e-11 1.373589890300571771e-11 1.082483592200024265e-11 1.071657520616588670e-11 1.165363303912301119e-11 1.300758704472442807e-11 1.490657788242274366e-11 1.921140354970704714e-11 2.268853064317639773e-11 2.626763079175978757e-11 2.673552459198287280e-11 2.172512644578532890e-11 6.760485974205529073e-12 -1.770116673751029808e-12 -5.073620821269965964e-12 1.388002919690881850e-11 9.826813203746787728e-12
2.536159296801873344e-12 1.256420966753741527e-12 2.320474036894717064e-12 5.194076954168611103e-13 1.929451228078866733e-12 6.540026535443033222e-12 1.277575425537915713e-11 2.053592071152429484e-11 2.885899756647753061e-11 2.460028188233634214e-11 2.087822001120572515e-11 1.978224544888133581e-11 2.048421064945742363e-11 2.287589557132711388e-11 2.554242354925689591e-11 2.782577095051520653e-11 3.206550603805541592e-11 3.694593670440555354e-11 4.467546810877141573e-11 5.061315502578701221e-11 5.377524696060232142e-11 3.617972923698791434e-11 2.324306901721051012e-11 8.985920558192485703e-12 8.159704446140837119e-12 7.692102374139361454e-12
5.007211649055225011e-12 2.479143338641972701e-12 2.050600329855496833e-12 1.688246132514410734e-13 2.640553240247079681e-12 7.417777837432974831e-12 1.137069815795189498e-11 1.628394640008085149e-11 2.460028188233634214e-11 3.282729203924298499e-11 2.886902181664671290e-11 2.657199943289288464e-11 2.730455371114632068e-11 2.960517579348502419e-11 3.243978135738456253e-11 3.509881041024170948e-11 3.952943643101449970e-11 4.389425070925462381e-11 4.935537369244399558e-11 5.495104232925221383e-11 5.697517904682183702e-11 4.232401120518903101e-11 3.423795257631028096e-11 2.446508091363691039e-11 1.525826634017903007e-11 -1.728028876568659190e-12
1.237054856818618858e-12 -5.995655822782133831e-13 -5.130272795667979513e-13 -3.457738841336581924e-12 1.145535233379841300e-12 5.517312743014302628e-12 9.605726564192974707e-12 1.373589890300571771e-11 2.087822001120572515e-11 2.886902181664671290e-11 3.720938038510579655e-11 3.658479005503432025e-11 3.607372448467483051e-11 3.966006693463547243e-11 4.211910644436503748e-11 4.409817363871675136e-11 4.920797862470860233e-11 5.436153983212468728e-11 5.846387848902166924e-11 6.393402297904254711e-11 6.230020018669782418e-11 4.151572947132506287e-11 2.935023604525438051e-11 2.029667089274543327e-11 1.804812943409393341e-11 -8.508243500183629759e-12
3.271728645941346501e-12 1.067191690312689322e-12 2.454861945408106170e-12 -3.067412491124335449e-12 2.263358375849467265e-12 5.255750990423298957e-12 8.285841707665658769e-12 1.082483592200024265e-11 1.978224544888133581e-11 2.657199943289288464e-11 3.658479005503432025e-11 5.189575626476500031e-11 5.480366960411161699e-11 5.817668158288394986e-11 6.131273824605931976e-11 6.392267742128694873e-11 7.015897306160432943e-11 7.625506775737730202e-11 8.205543974817750607e-11 8.908047452750397848e-11 8.428645444435442843e-11 5.242681564629950622e-11 4.081817088274544061e-11 2.558106732351877987e-11 5.082904261639915651e-12 -1.760349782980317106e-11
5.924802174029824983e-12 1.788655968499793485e-12 3.753080074051140676e-12 -3.848296576827555107e-12 1.653164483171508007e-12 5.025257871212336260e-12 8.078117875468442216e-12 1.071657520616588670e-11 2.048421064945742363e-11 2.730455371114632068e-11 3.607372448467483051e-11 5.480366960411161699e-11 7.316179640507912066e-11 8.082067541249383358e-11 8.517208806928915084e-11 8.928307126511365756e-11 9.659522383693641600e-11 1.048908963876896393e-10 1.137156515856955073e-10 1.244091102926256656e-10 1.151186731925070964e-10 6.295624675336649079e-11 4.100978944599029567e-11 2.572201751936664484e-11 1.421963072023188344e-11 -1.117138544058698707e-11
4.682830600052464670e-12 4.151553189354739910e-13 1.938415195051116316e-12 -4.393718147177118251e-12 1.768776902352296775e-12 2.471827747487414548e-12 7.841948159510275504e-12 1.165363303912301119e-11 2.287589557132711388e-11 2.960517579348502419e-11 3.966006693463547243e-11 5.817668158288394986e-11 8.082067541249383358e-11 1.098187270297975502e-10 1.209590095688762811e-10 1.294994571186310465e-10 1.401372714917571698e-10 1.553964897060485003e-10 1.689432385670002133e-10 1.794370173532893112e-10 1.576354759594361069e-10 7.068606413400773734e-11 1.987049159255367266e-11 2.269822989899181451e-12 1.093245666023180668e-11 -4.519279772053069281e-12
3.546384082976355235e-12 -6.651637355152058704e-13 -6.253766946165866172e-13 -5.075789732448719781e-12 1.133378650225778091e-12 3.507747530323183161e-12 9.781999290494843065e-12 1.300758704472442807e-11 2.554242354925689591e-11 3.243978135738456253e-11 4.211910644436503748e-11 6.131273824605931976e-11 8.517208806928915084e-11 1.209590095688762811e-10 1.583571886790817192e-10 1.808442326971019177e-10 2.014503241444231946e-10 2.237785744890021583e-10 2.427262084109917507e-10 2.573772898394854149e-10 2.368611979394859772e-10 1.231920864840176968e-10 4.455263469530721339e-11 9.128293048513185842e-15 -3.544967463866236344e-12 -8.073383433961656414e-13
2.730516991911515199e-12 1.043185040269334536e-12 -3.608307535465337836e-12 -5.070509875751934943e-12 3.200850338291662566e-12 6.117733364216313688e-12 1.282772171009904079e-11 1.490657788242274366e-11 2.782577095051520653e-11 3.509881041024170948e-11 4.409817363871675136e-11 6.392267742128694873e-11 8.928307126511365756e-11 1.294994571186310465e-10 1.808442326971019177e-10 2.319637999290821508e-10 2.739189512759904572e-10 3.094765696514516528e-10 3.352750487840514563e-10 3.545192807078353867e-10 3.342880276311044487e-10 1.799201195221487224e-10 6.143590738392767977e-11 -3.710667101718433717e-12 -1.095632912405478452e-11 -1.204572645376089760e-11
3.209973356990848909e-12 1.653166945293842510e-12 -4.437131155389782405e-12 -4.856398804604488258e-12 5.679823107816820133e-12 7.672786182333122008e-12 1.633416279085243169e-11 1.921140354970704714e-11 3.206550603805541592e-11 3.952943643101449970e-11 4.920797862470860233e-11 7.015897306160432943e-11 9.659522383693641600e-11 1.401372714917571698e-10 2.014503241444231946e-10 2.739189512759904572e-10 3.594684336297130265e-10 4.267529692082714132e-10 4.706475581878401256e-10 5.039860577586480021e-10 4.808453213671673075e-10 2.675837471248736601e-10 8.717362461837469257e-11 -4.354324702982107536e-12 -1.975699103340186291e-11 -3.539824723394773604e-11
6.809100689146786675e-12 4.206165736135712500e-13 -6.214633188003044526e-12 -7.282803646078937021e-12 6.342817915837833951e-12 8.131102927110216532e-12 1.855595590251883937e-11 2.268853064317639773e-11 3.694593670440555354e-11 4.389425070925462381e-11 5.436153983212468728e-11 7.625506775737730202e-11 1.048908963876896393e-10 1.553964897060485003e-10 2.237785744890021583e-10 3.094765696514516528e-10 4.267529692082714132e-10 5.600186503650185497e-10 6.515113313012808217e-10 7.165440600599245624e-10 6.990180710934681633e-10 4.355007296463638382e-10 1.681569287066979578e-10 1.598070666694996973e-11 -4.042068604821795049e-11 -7.855551331213845166e-11
6.399420478636854741e-12 5.706370681393563333e-12 -1.153854307597106479e-12 -6.795744450117443516e-12 1.154590559684033153e-11 1.275616106576690929e-11 2.147370461784004409e-11 2.626763079175978757e-11 4.467546810877141573e-11 4.935537369244399558e-11 5.846387848902166924e-11 8.205543974817750607e-11 1.137156515856955073e-10 1.689432385670002133e-10 2.427262084109917507e-10 3.352750487840514563e-10 4.706475581878401256e-10 6.515113313012808217e-10 8.364034332079242929e-10 9.819664663342373046e-10 1.005205092842987228e-09 7.142290637402322532e-10 3.251505150952670920e-10 5.466884301672520550e-11 -4.793839696780197211e-11 -1.033865541902968733e-10
1.022433682993681202e-12 6.976093763093307174e-12 3.315292156802938670e-12 -5.882437051994534848e-12 1.537344147248344639e-11 1.642467842483260109e-11 2.129912147654716810e-11 2.673552459198287280e-11 5.061315502578701221e-11 5.495104232925221383e-11 6.393402297904254711e-11 8.908047452750397848e-11 1.244091102926256656e-10 1.794370173532893112e-10 2.573772898394854149e-10 3.545192807078353867e-10 5.039860577586480021e-10 7.165440600599245624e-10 9.819664663342373046e-10 1.268975767070147438e-09 1.399601374600842372e-09 1.123378651922786386e-09 6.004904228686983167e-10 1.269059941076437067e-10 -5.473806277477713975e-11 -1.440836133789937033e-10
-1.278246860581891365e-11 5.756981274447271393e-13 -2.900129106352781403e-12 -7.613000587724940529e-12 1.229248620803689096e-11 2.139910336535587730e-11 1.677331616939341472e-11 2.172512644578532890e-11 5.377524696060232142e-11 5.697517904682183702e-11 6.230020018669782418e-11 8.428645444435442843e-11 1.151186731925070964e-10 1.576354759594361069e-10 2.368611979394859772e-10 3.342880276311044487e-10 4.808453213671673075e-10 6.990180710934681633e-10 1.005205092842987228e-09 1.399601374600842372e-09 1.711523037409879951e-09 1.559526435891898222e-09 9.680384239473576769e-10 2.321542603465086707e-10 -8.945205193586683307e-11 -2.033666446717517399e-10
-1.412659018014149538e-11 8.862670295266706948e-13 -6.183532413957035620e-12 -8.223232190010981410e-12 5.657094827284986719e-12 2.026817979416863281e-11 7.699400592761363091e-12 6.760485974205529073e-12 3.617972923698791434e-11 4.232401120518903101e-11 4.151572947132506287e-11 5.242681564629950622e-11 6.295624675336649079e-11 7.068606413400773734e-11 1.231920864840176968e-10 1.799201195221487224e-10 2.675837471248736601e-10 4.355007296463638382e-10 7.142290637402322532e-10 1.123378651922786386e-09 1.559526435891898222e-09 1.766121243132099372e-09 1.377759487458385214e-09 4.994041994898444708e-10 -8.303050330767938926e-11 -2.292303432058117814e-10
-1.744175372776384974e-11 -6.665915084992451981e-12 -1.994748606268599003e-12 1.072010157510576081e-12 5.301421498798006706e-12 1.066799921980926691e-11 2.639368737268992415e-12 -1.770116673751029808e-12 2.324306901721051012e-11 3.423795257631028096e-11 2.935023604525438051e-11 4.081817088274544061e-11 4.100978944599029567e-11 1.987049159255367266e-11 4.455263469530721339e-11 6.143590738392767977e-11 8.717362461837469257e-11 1.681569287066979578e-10 3.251505150952670920e-10 6.004904228686983167e-10 9.680384239473576769e-10 1.377759487458385214e-09 1.531137306758640201e-09 9.537706456023727584e-10 7.166903945671769795e-11 -1.807943734864531965e-10
-9.511959444791259715e-12 1.605975788003028787e-12 1.081705688519241709e-11 8.874897634032017340e-12 7.583103014852884952e-12 -2.092909776762498214e-12 -2.387081908843342540e-12 -5.073620821269965964e-12 8.985920558192485703e-12 2.446508091363691039e-11 2.029667089274543327e-11 2.558106732351877987e-11 2.572201751936664484e-11 2.269822989899181451e-12 9.128293048513185842e-15 -3.710667101718433717e-12 -4.354324702982107536e-12 1.598070666694996973e-11 5.466884301672520550e-11 1.269059941076437067e-10 2.321542603465086707e-10 4.994041994898444708e-10 9.537706456023727584e-10 1.130013542200257582e-09 4.822573165086824972e-10 -2.565726533150115081e-11
3.210703370087714797e-12 1.166574564079723760e-11 5.973279361906305459e-12 -6.087885313551954567e-13 2.990244527691249971e-13 2.011825157761225205e-13 8.201954473602298582e-12 1.388002919690881850e-11 8.159704446140837119e-12 1.525826634017903007e-11 1.804812943409393341e-11 5.082904261639915651e-12 1.421963072023188344e-11 1.093245666023180668e-11 -3.544967463866236344e-12 -1.095632912405478452e-11 -1.975699103340186291e-11 -4.042068604821795049e-11 -4.793839696780197211e-11 -5.473806277477713975e-11 -8.945205193586683307e-11 -8.303050330767938926e-11 7.166903945671769795e-11 4.822573165086824972e-10 9.497562028286357816e-10 5.015066595037301671e-10
-2.107921829556230299e-11 -1.186184090564335692e-11 -8.512177403391130217e-12 -1.804342887620833210e-12 -3.807465620293116163e-12 -7.515830762879504983e-12 8.252894223273160307e-12 9.826813203746787728e-12 7.692102374139361454e-12 -1.728028876568659190e-12 -8.508243500183629759e-12 -1.760349782980317106e-11 -1.117138544058698707e-11 -4.519279772053069281e-12 -8.073383433961656414e-13 -1.204572645376089760e-11 -3.539824723394773604e-11 -7.855551331213845166e-11 -1.033865541902968733e-10 -1.440836133789937033e-10 -2.033666446717517399e-10 -2.292303432058117814e-10 -1.807943734864531965e-10 -2.565726533150115081e-11 5.015066595037301671e-10 9.909998370463155672e-10
