9.553024586455994592e-11 1.155571103611654652e-11 7.489771503798310339e-12 1.792800236043529751e-13 -1.143640839587774625e-12 -6.098826580156849135e-13 1.626974232828309786e-12 1.247289173626751903e-12 -6.291739833639617465e-13 1.769862523169451664e-12 1.670171621432726124e-12 3.234661733137499599e-12 5.179234372066963795e-12 8.226715686230004566e-12 1.086520897763319672e-11 1.354081851971791138e-11 1.117603333198776240e-11 4.915827486643394528e-12 4.323490657244601043e-12 1.273641159125830598e-11 5.153032347992507424e-12 -1.576780177007003519e-11 -4.607824455031354705e-11 -5.828531683456857336e-11 -2.432119576606917588e-11 -1.890252696336176558e-11
1.155571103611654652e-11 5.712104011677142456e-11 1.841234709620797985e-11 4.543842288132426290e-12 -3.099409780598787616e-12 -1.627703634313818320e-12 -2.154840765975579502e-13 -1.621201074227084953e-12 -6.951441094033737025e-14 3.388600691259354447e-12 2.518662732351163041e-12 2.937666814606415147e-12 6.309778058531636849e-12 1.542005831037925377e-11 2.023145652880720936e-11 2.241502731443670297e-11 2.911444457219035292e-11 3.296088762747923434e-11 3.651917728025455290e-11 4.223809165130774302e-11 3.474366917134606238e-11 1.610465223370452914e-11 1.323090914343919973e-12 -1.598487052132008250e-11 -2.304903434690072921e-11 -2.799362053756766557e-11
7.489771503798310339e-12 1.841234709620797985e-11 4.836047705957305559e-11 1.072522985961509801e-11 7.340672865107847731e-12 5.935098538479023981e-12 4.271845901452025369e-12 4.011909652242095484e-12 1.275924861089715075e-12 -1.911793332819639853e-14 -4.340931918354621258e-12 -7.837488102413871025e-12 -4.752217718069333567e-12 -2.816525201991311280e-12 -4.939853531474037121e-12 -6.989026222373994784e-12 -2.805243205206102008e-12 8.061005812968715155e-13 4.434274290560037342e-13 -6.747587690939542808e-12 -1.966651377073470753e-11 -1.207809810835961098e-11 -9.139723976443971418e-12 1.628836010597200942e-14 -6.400272096355112390e-12 -9.063961942466250620e-12
1.792800236043529751e-13 4.543842288132426290e-12 1.072522985961509801e-11 3.338083944210109425e-11 1.443716710593046848e-11 6.121433897253559558e-12 4.584002683224620263e-12 4.524176513955761360e-12 2.935528364151982250e-12 4.012335632296188745e-12 3.878005419683220010e-12 1.329802922596690466e-12 3.142488474175091509e-13 6.885952555261256855e-13 4.955402182313119661e-13 -2.134555119915326386e-13 -2.237005158843269591e-12 -5.328758485025281130e-12 -6.447441950653888046e-12 -2.651500007552854261e-12 -3.076830938194908922e-12 -6.845479488074388821e-13 -1.810398294398420606e-12 -6.734140633429487205e-12 -5.648857023060585917e-12 -1.609513543730482234e-11
-1.143640839587774625e-12 -3.099409780598787616e-12 7.340672865107847731e-12 1.443716710593046848e-11 3.110477997211043704e-11 1.922276791378052617e-11 1.193840125352116975e-11 9.787948240758194461e-12 6.249275392607864484e-12 6.460091618234260277e-12 5.019227777499563044e-12 3.736307660224747358e-12 7.017364596286830789e-12 9.075297670821042937e-12 1.059888485600131504e-11 1.105340172897577245e-11 7.543868065038514242e-12 6.706777605393783304e-13 -1.650817930428542448e-12 -6.760168818768089917e-12 -1.262388948184885306e-11 -1.637107922682182583e-11 -2.144306165410534328e-11 -1.326984018790095807e-11 -1.060790453107552972e-13 -3.413291065536910514e-12
-6.098826580156849135e-13 -1.627703634313818320e-12 5.935098538479023981e-12 6.121433897253559558e-12 1.922276791378052617e-11 3.259944226646702248e-11 1.784890491478815042e-11 1.399860041576917084e-11 1.093325823759785813e-11 7.669764236123236478e-12 7.175436819847248569e-12 5.739302465475978748e-12 9.019907417095520845e-12 8.761846119038901161e-12 1.072921083145088166e-11 1.191583292099541852e-11 1.152219868817434684e-11 1.536195070000055333e-11 2.026676113085121576e-11 1.770160898128847577e-11 5.523757003764182077e-12 -9.998930627486049370e-12 -2.845147186278468140e-11 -8.752495243394072418e-12 1.893821731293756978e-11 2.449652449793094309e-11
1.626974232828309786e-12 -2.154840765975579502e-13 4.271845901452025369e-12 4.584002683224620263e-12 1.193840125352116975e-11 1.784890491478815042e-11 2.853966084258246351e-11 2.052869463608782386e-11 1.618635178874686876e-11 1.252795362731206818e-11 1.083310939282681062e-11 1.078336674496721067e-11 1.604561500074305132e-11 1.832495318238746442e-11 2.080916121026509254e-11 2.355911112102823131e-11 2.549932912461596086e-11 3.143487042925749010e-11 3.712456717024371228e-11 3.370302991903880739e-11 1.526886277583655709e-11 -1.263802395902194359e-11 -2.970189372573207918e-11 -1.911803756600269166e-11 -1.775332388912631620e-11 -1.290572829675947795e-11
1.247289173626751903e-12 -1.621201074227084953e-12 4.011909652242095484e-12 4.524176513955761360e-12 9.787948240758194461e-12 1.399860041576917084e-11 2.052869463608782386e-11 3.353234577797253874e-11 2.751187470019463328e-11 2.227566782872449914e-11 1.834070655862382372e-11 1.830784602480792841e-11 2.244121026645850433e-11 2.708368625531393946e-11 3.155267299334275552e-11 3.800316802950215706e-11 4.565451120583463982e-11 5.346261274848458543e-11 6.204818516435400298e-11 6.222589702363603121e-11 4.181381052896413124e-11 3.431833865628230002e-12 -1.550775858576115704e-11 -1.292654045277755034e-11 -1.623240792175037725e-11 -1.738264011705047726e-12
-6.291739833639617465e-13 -6.951441094033737025e-14 1.275924861089715075e-12 2.935528364151982250e-12 6.249275392607864484e-12 1.093325823759785813e-11 1.618635178874686876e-11 2.751187470019463328e-11 3.862951621131138327e-11 3.300631634903641756e-11 2.858868063756281370e-11 2.779023139920216776e-11 3.089333771209484145e-11 3.683532888094478356e-11 4.234638011753115807e-11 4.658580850750531154e-11 5.315294351852999107e-11 6.116714563559293615e-11 6.816898191417422375e-11 6.569300150159609562e-11 3.945980821362096770e-11 -4.156552745679898665e-12 -6.463096088962976713e-12 5.867609792317772270e-12 -1.143967791439156414e-11 -3.625201176635620630e-12
1.769862523169451664e-12 3.388600691259354447e-12 -1.911793332819639853e-14 4.012335632296188745e-12 6.460091618234260277e-12 7.669764236123236478e-12 1.252795362731206818e-11 2.227566782872449914e-11 3.300631634903641756e-11 4.582910217411406484e-11 4.120238369768129651e-11 3.984963074788483307e-11 4.469738784916174374e-11 5.263422703749594274e-11 6.114634110210433574e-11 6.935666567419730713e-11 7.910153882379510394e-11 8.999207593615184187e-11 9.874248063146356294e-11 1.048021494330881900e-10 8.624457854322721237e-11 4.023629775451316046e-11 3.396544292696181270e-11 2.454050843246740399e-11 -7.658830643781803398e-12 -5.592638840998908987e-12
1.670171621432726124e-12 2.518662732351163041e-12 -4.340931918354621258e-12 3.878005419683220010e-12 5.019227777499563044e-12 7.175436819847248569e-12 1.083310939282681062e-11 1.834070655862382372e-11 2.858868063756281370e-11 4.120238369768129651e-11 5.400318485959237018e-11 5.269335759589775989e-11 5.565416134777033101e-11 6.211581553320842504e-11 7.038907319682019829e-11 7.694293588541468591e-11 8.647464277408892069e-11 9.756488311705525088e-11 1.078198375577472320e-10 1.190414974539944489e-10 1.036703370234376551e-10 4.714998180248268812e-11 3.554899639677974551e-11 2.079949301147948650e-11 -1.227990508281464456e-11 -6.515997259811804109e-12
3.234661733137499599e-12 2.937666814606415147e-12 -7.837488102413871025e-12 1.329802922596690466e-12 3.736307660224747358e-12 5.739302465475978748e-12 1.078336674496721067e-11 1.830784602480792841e-11 2.779023139920216776e-11 3.984963074788483307e-11 5.269335759589775989e-11 7.275295840763638531e-11 8.398804999772366132e-11 9.411791831381496063e-11 1.048193049887849034e-10 1.136685798666226850e-10 1.267538605910052259e-10 1.417761906943696420e-10 1.529659812178472840e-10 1.656290140179816790e-10 1.413495608314974999e-10 4.681742535886721593e-11 1.000215778829358751e-11 3.100807758141701990e-12 1.406536266592955552e-12 5.105358993587239686e-12
5.179234372066963795e-12 6.309778058531636849e-12 -4.752217718069333567e-12 3.142488474175091509e-13 7.017364596286830789e-12 9.019907417095520845e-12 1.604561500074305132e-11 2.244121026645850433e-11 3.089333771209484145e-11 4.469738784916174374e-11 5.565416134777033101e-11 8.398804999772366132e-11 1.191957536948752031e-10 1.365441814026010350e-10 1.515736650871384004e-10 1.653196979426062518e-10 1.846461610318807855e-10 2.064230280128527190e-10 2.175451984171240942e-10 2.264537892214569428e-10 1.798865214356569132e-10 4.064567662608372717e-11 -2.163708296974884364e-11 -1.546245786557454704e-11 1.147925609713684423e-11 9.236166120271324687e-12
8.226715686230004566e-12 1.542005831037925377e-11 -2.816525201991311280e-12 6.885952555261256855e-13 9.075297670821042937e-12 8.761846119038901161e-12 1.832495318238746442e-11 2.708368625531393946e-11 3.683532888094478356e-11 5.263422703749594274e-11 6.211581553320842504e-11 9.411791831381496063e-11 1.365441814026010350e-10 1.807969057801803673e-10 2.084804434029148335e-10 2.286620557476592868e-10 2.549123975965701630e-10 2.856088134875758375e-10 3.035722972922540704e-10 3.188860328449846998e-10 2.558133317747841590e-10 7.181237973912488933e-11 -2.249206831454434875e-11 -3.389804065448332416e-11 -1.023896663890674020e-11 -6.950343526852864845e-12
1.086520897763319672e-11 2.023145652880720936e-11 -4.939853531474037121e-12 4.955402182313119661e-13 1.059888485600131504e-11 1.072921083145088166e-11 2.080916121026509254e-11 3.155267299334275552e-11 4.234638011753115807e-11 6.114634110210433574e-11 7.038907319682019829e-11 1.048193049887849034e-10 1.515736650871384004e-10 2.084804434029148335e-10 2.734637739082306433e-10 3.153514592575710639e-10 3.591324694148616072e-10 4.035225988243771747e-10 4.340657271025815649e-10 4.665132660341198415e-10 3.939331311619712518e-10 1.474310136041275201e-10 2.325848420079756576e-12 -3.474717975525697032e-11 -1.660367263545907439e-11 -3.217999199466636690e-12
1.354081851971791138e-11 2.241502731443670297e-11 -6.989026222373994784e-12 -2.134555119915326386e-13 1.105340172897577245e-11 1.191583292099541852e-11 2.355911112102823131e-11 3.800316802950215706e-11 4.658580850750531154e-11 6.935666567419730713e-11 7.694293588541468591e-11 1.136685798666226850e-10 1.653196979426062518e-10 2.286620557476592868e-10 3.153514592575710639e-10 3.985976186124189930e-10 4.726199199191397067e-10 5.397145475914421620e-10 5.867252189204329401e-10 6.391962347500233352e-10 5.622251997599776752e-10 2.432226590841966771e-10 1.954209637121019814e-11 -4.975664658223607753e-11 -1.805025846916822138e-11 -1.425015020676661078e-11
1.117603333198776240e-11 2.911444457219035292e-11 -2.805243205206102008e-12 -2.237005158843269591e-12 7.543868065038514242e-12 1.152219868817434684e-11 2.549932912461596086e-11 4.565451120583463982e-11 5.315294351852999107e-11 7.910153882379510394e-11 8.647464277408892069e-11 1.267538605910052259e-10 1.846461610318807855e-10 2.549123975965701630e-10 3.591324694148616072e-10 4.726199199191397067e-10 6.179602577037067332e-10 7.439130155946048847e-10 8.199898526745707741e-10 8.956778913431821468e-10 8.072192662697091744e-10 4.067518206223005455e-10 8.463293064231159502e-11 -2.162851660254360994e-11 5.103250020685705526e-12 -2.915333251340299363e-11
4.915827486643394528e-12 3.296088762747923434e-11 8.061005812968715155e-13 -5.328758485025281130e-12 6.706777605393783304e-13 1.536195070000055333e-11 3.143487042925749010e-11 5.346261274848458543e-11 6.116714563559293615e-11 8.999207593615184187e-11 9.756488311705525088e-11 1.417761906943696420e-10 2.064230280128527190e-10 2.856088134875758375e-10 4.035225988243771747e-10 5.397145475914421620e-10 7.439130155946048847e-10 9.760676455049926009e-10 1.122107086509757343e-09 1.251174188897119866e-09 1.178132158319693687e-09 6.922808955307106726e-10 2.089916380369102424e-10 1.745389592947976892e-11 1.423644627343460619e-11 -6.415968209494677495e-11
4.323490657244601043e-12 3.651917728025455290e-11 4.434274290560037342e-13 -6.447441950653888046e-12 -1.650817930428542448e-12 2.026676113085121576e-11 3.712456717024371228e-11 6.204818516435400298e-11 6.816898191417422375e-11 9.874248063146356294e-11 1.078198375577472320e-10 1.529659812178472840e-10 2.175451984171240942e-10 3.035722972922540704e-10 4.340657271025815649e-10 5.867252189204329401e-10 8.199898526745707741e-10 1.122107086509757343e-09 1.395405924139737939e-09 1.639609380846978783e-09 1.636808939885429581e-09 1.105868455452080335e-09 4.213837712387912574e-10 7.268285993737031511e-11 2.437251801960277020e-11 -1.094291167392008658e-10
1.273641159125830598e-11 4.223809165130774302e-11 -6.747587690939542808e-12 -2.651500007552854261e-12 -6.760168818768089917e-12 1.770160898128847577e-11 3.370302991903880739e-11 6.222589702363603121e-11 6.569300150159609562e-11 1.048021494330881900e-10 1.190414974539944489e-10 1.656290140179816790e-10 2.264537892214569428e-10 3.188860328449846998e-10 4.665132660341198415e-10 6.391962347500233352e-10 8.956778913431821468e-10 1.251174188897119866e-09 1.639609380846978783e-09 2.102217819363009317e-09 2.264316817810244669e-09 1.719205871997803212e-09 7.886878506084091561e-10 1.535423283552311568e-10 3.911681649537348566e-11 -1.525695550944433250e-10
5.153032347992507424e-12 3.474366917134606238e-11 -1.966651377073470753e-11 -3.076830938194908922e-12 -1.262388948184885306e-11 5.523757003764182077e-12 1.526886277583655709e-11 4.181381052896413124e-11 3.945980821362096770e-11 8.624457854322721237e-11 1.036703370234376551e-10 1.413495608314974999e-10 1.798865214356569132e-10 2.558133317747841590e-10 3.939331311619712518e-10 5.622251997599776752e-10 8.072192662697091744e-10 1.178132158319693687e-09 1.636808939885429581e-09 2.264316817810244669e-09 2.755415684069333813e-09 2.449306228038631984e-09 1.412456258306546413e-09 3.548255650201069995e-10 3.432263470535750324e-11 -2.137305725689967755e-10
-1.576780177007003519e-11 1.610465223370452914e-11 -1.207809810835961098e-11 -6.845479488074388821e-13 -1.637107922682182583e-11 -9.998930627486049370e-12 -1.263802395902194359e-11 3.431833865628230002e-12 -4.156552745679898665e-12 4.023629775451316046e-11 4.714998180248268812e-11 4.681742535886721593e-11 4.064567662608372717e-11 7.181237973912488933e-11 1.474310136041275201e-10 2.432226590841966771e-10 4.067518206223005455e-10 6.922808955307106726e-10 1.105868455452080335e-09 1.719205871997803212e-09 2.449306228038631984e-09 2.796865863717028565e-09 2.120011375156424844e-09 8.114192303803520786e-10 5.787097840742903080e-11 -2.728697118930338100e-10
-4.607824455031354705e-11 1.323090914343919973e-12 -9.139723976443971418e-12 -1.810398294398420606e-12 -2.144306165410534328e-11 -2.845147186278468140e-11 -2.970189372573207918e-11 -1.550775858576115704e-11 -6.463096088962976713e-12 3.396544292696181270e-11 3.554899639677974551e-11 1.000215778829358751e-11 -2.163708296974884364e-11 -2.249206831454434875e-11 2.325848420079756576e-12 1.954209637121019814e-11 8.463293064231159502e-11 2.089916380369102424e-10 4.213837712387912574e-10 7.886878506084091561e-10 1.412456258306546413e-09 2.120011375156424844e-09 2.386383200168336187e-09 1.509355453174552560e-09 2.564102623551490193e-10 -1.651610476853533282e-10
-5.828531683456857336e-11 -1.598487052132008250e-11 1.628836010597200942e-14 -6.734140633429487205e-12 -1.326984018790095807e-11 -8.752495243394072418e-12 -1.911803756600269166e-11 -1.292654045277755034e-11 5.867609792317772270e-12 2.454050843246740399e-11 2.079949301147948650e-11 3.100807758141701990e-12 -1.546245786557454704e-11 -3.389804065448332416e-11 -3.474717975525697032e-11 -4.975664658223607753e-11 -2.162851660254360994e-11 1.745389592947976892e-11 7.268285993737031511e-11 1.535423283552311568e-10 3.548255650201069995e-10 8.114192303803520786e-10 1.509355453174552560e-09 1.788618047490259959e-09 8.735114564173728260e-10 1.206055071489283717e-10
-2.432119576606917588e-11 -2.304903434690072921e-11 -6.400272096355112390e-12 -5.648857023060585917e-12 -1.060790453107552972e-13 1.893821731293756978e-11 -1.775332388912631620e-11 -1.623240792175037725e-11 -1.143967791439156414e-11 -7.658830643781803398e-12 -1.227990508281464456e-11 1.406536266592955552e-12 1.147925609713684423e-11 -1.023896663890674020e-11 -1.660367263545907439e-11 -1.805025846916822138e-11 5.103250020685705526e-12 1.423644627343460619e-11 2.437251801960277020e-11 3.911681649537348566e-11 3.432263470535750324e-11 5.787097840742903080e-11 2.564102623551490193e-10 8.735114564173728260e-10 1.610578881476375335e-09 8.641208234945604064e-10
-1.890252696336176558e-11 -2.799362053756766557e-11 -9.063961942466250620e-12 -1.609513543730482234e-11 -3.413291065536910514e-12 2.449652449793094309e-11 -1.290572829675947795e-11 -1.738264011705047726e-12 -3.625201176635620630e-12 -5.592638840998908987e-12 -6.515997259811804109e-12 5.105358993587239686e-12 9.236166120271324687e-12 -6.950343526852864845e-12 -3.217999199466636690e-12 -1.425015020676661078e-11 -2.915333251340299363e-11 -6.415968209494677495e-11 -1.094291167392008658e-10 -1.525695550944433250e-10 -2.137305725689967755e-10 -2.728697118930338100e-10 -1.651610476853533282e-10 1.206055071489283717e-10 8.641208234945604064e-10 1.478777669040844268e-09
