8.668774028699990440e-11 2.283863552213848373e-11 1.213121643814084288e-11 4.464323609945756913e-12 6.316028516078323601e-12 1.742745059296588181e-12 1.178145616934743339e-12 -9.132891156933571409e-13 -2.071313295200421288e-12 -4.394022340342937802e-12 -4.900271477872914310e-12 -5.271034579853493779e-12 -7.938559784284766660e-12 -9.306246376399129337e-12 -7.306858892580060253e-12 -6.409798260480402808e-12 -1.205684828675435008e-12 -1.184207947585540660e-13 -3.116058913386565285e-12 -8.376951796047100948e-13 3.680823786116789859e-12 3.392304628141866872e-12 2.531132917136110251e-12 1.054316765206337746e-11 1.040958307385626318e-11 -3.981097592078251114e-12
2.283863552213848373e-11 5.094506395031487599e-11 1.441389876435160977e-11 9.622443131297253836e-12 6.143230062500411069e-12 4.928569607184529759e-12 4.995447326734914556e-12 4.271480833602135091e-12 1.982622200238221903e-12 3.181976258689371679e-13 -2.046885702096065491e-12 -3.483347806059424778e-12 -4.062606622238031680e-12 -4.976335640746610480e-12 -3.049944030638936814e-12 4.308147405789083282e-13 5.064519179648248799e-12 9.410775307590044235e-12 1.236013099867693383e-11 1.066862427956804220e-11 1.021126298152899388e-11 5.779809056652119887e-12 1.004183454521045708e-11 1.544921662366291580e-11 -1.005917967413909499e-11 -2.504404808140720835e-11
1.213121643814084288e-11 1.441389876435160977e-11 4.944656417425063180e-11 1.534439480656667927e-11 5.617904881751552072e-12 6.481697513052537581e-12 5.677658575377604565e-12 3.131672946845612377e-12 1.671639113070759698e-12 -2.024003746744824194e-14 -5.885116990705662074e-13 -2.988190523778792946e-12 -3.235964207667932247e-12 2.665015799996878571e-13 3.184279213545167128e-12 4.898727920289361995e-12 9.734163161033376869e-12 1.535071505688574042e-11 2.361844074923027745e-11 2.644953869177186487e-11 2.491268900893295524e-11 1.310475585391495458e-11 -3.166441905030141822e-13 -2.006532581181049578e-12 -6.117792151561604668e-12 -3.377087304154718512e-11
4.464323609945756913e-12 9.622443131297253836e-12 1.534439480656667927e-11 3.841472213377633231e-11 1.634317818689039697e-11 9.636655928697588948e-12 8.142567157059609368e-12 3.841775001189780723e-12 1.224981953612111954e-12 8.767704356530965932e-13 8.988283690576236285e-13 -7.257161914125831108e-14 -1.682372538005941387e-12 -1.936179452832789132e-13 3.597707760485507788e-12 4.700375024319028980e-12 7.806611826014128113e-12 1.006356716523298948e-11 1.155064609768398600e-11 1.489451562822089724e-11 1.557601526055522022e-11 9.523086590636817532e-12 9.303884362600412606e-12 1.893552556074704884e-11 2.104922962800965279e-11 -1.123603930482715247e-11
6.316028516078323601e-12 6.143230062500411069e-12 5.617904881751552072e-12 1.634317818689039697e-11 3.093688391339249313e-11 1.439810210907645234e-11 1.063764107460485577e-11 5.898454030101475349e-12 4.817701245437134693e-12 4.166670377831464955e-12 3.575779750596928945e-12 4.037577634372342960e-12 2.402743495176925044e-12 1.988055975706742238e-12 5.165892746717572730e-12 5.977735418625417142e-12 8.542243680292869298e-12 1.194451552781755278e-11 1.508721707373062989e-11 2.008042193277741433e-11 2.548683940730525056e-11 2.305739219502729653e-11 1.791763978898007598e-11 1.386186106074082824e-11 3.166989901557030543e-12 -1.021700494091909271e-11
1.742745059296588181e-12 4.928569607184529759e-12 6.481697513052537581e-12 9.636655928697588948e-12 1.439810210907645234e-11 2.571331846461088743e-11 1.209381835865754625e-11 5.356791284661790013e-12 3.781050330698897297e-12 3.153092425115350936e-12 9.718404844236857221e-13 1.580891223580980789e-12 4.219355644591781700e-13 2.726344902789941341e-13 1.421058381749612930e-12 3.579178868618763894e-12 5.531311865747886759e-12 9.324325290930356188e-12 1.317060802111928320e-11 1.610509524542574997e-11 1.328666953594003481e-11 8.076991679218351782e-12 2.724330862213638047e-12 5.991214436772465178e-12 2.551882901234244639e-12 -7.932277544952846019e-12
1.178145616934743339e-12 4.995447326734914556e-12 5.677658575377604565e-12 8.142567157059609368e-12 1.063764107460485577e-11 1.209381835865754625e-11 2.004487423227447956e-11 9.755481649929640869e-12 6.369348199848134696e-12 5.430214736775015826e-12 4.652503786184254107e-12 4.325406540374328496e-12 3.295585225276856872e-12 3.465840509556392967e-12 5.093440826354252410e-12 6.420202494580741844e-12 8.482142568844000224e-12 1.125210252727993386e-11 1.564832093719864397e-11 1.659877745284691638e-11 1.479962683370294838e-11 4.601374418072876875e-12 -1.812150181118165678e-12 -4.426989856729663801e-12 -4.108520627817199355e-12 -6.577098389267824509e-12
-9.132891156933571409e-13 4.271480833602135091e-12 3.131672946845612377e-12 3.841775001189780723e-12 5.898454030101475349e-12 5.356791284661790013e-12 9.755481649929640869e-12 1.937824711221891298e-11 1.432002233046893161e-11 1.038620997842429147e-11 8.512710695616798191e-12 6.851419643619546890e-12 6.493942214212419529e-12 6.180556548666933515e-12 6.648613230364579014e-12 5.858668492147963860e-12 7.652159563662897731e-12 8.490688414355370088e-12 1.053819217723554365e-11 1.069098124642218865e-11 1.033878073926952443e-11 9.776691115628028574e-12 1.541522967130594402e-11 1.508144999247451569e-11 1.415184359186503013e-12 -6.214663096824637673e-12
-2.071313295200421288e-12 1.982622200238221903e-12 1.671639113070759698e-12 1.224981953612111954e-12 4.817701245437134693e-12 3.781050330698897297e-12 6.369348199848134696e-12 1.432002233046893161e-11 2.202885296535883018e-11 1.616757374504613899e-11 1.429690165584554154e-11 1.161714259870355696e-11 1.177522590374055330e-11 1.146095965650329707e-11 1.105991015552358897e-11 9.972498387237139576e-12 1.215658359340065002e-11 1.377529937201052860e-11 1.661363445673141236e-11 1.730792685895133494e-11 1.733580115331820874e-11 1.285585583910459198e-11 1.862655018409830590e-11 1.943355062300642817e-11 6.767110333407406813e-12 -4.514895272681037297e-12
-4.394022340342937802e-12 3.181976258689371679e-13 -2.024003746744824194e-14 8.767704356530965932e-13 4.166670377831464955e-12 3.153092425115350936e-12 5.430214736775015826e-12 1.038620997842429147e-11 1.616757374504613899e-11 2.491255120946620040e-11 2.081199240474479224e-11 1.590559945101153939e-11 1.629472368147358975e-11 1.595286345415602754e-11 1.471350305773414964e-11 1.487332811220034021e-11 1.691841544745144635e-11 1.926417221402217950e-11 1.989910732345788137e-11 2.093520209350965687e-11 1.957764437025239351e-11 9.469985748023223008e-12 1.492718480867663728e-11 1.805467157056765402e-11 1.070064184332849734e-11 -3.777900329467748502e-15
-4.900271477872914310e-12 -2.046885702096065491e-12 -5.885116990705662074e-13 8.988283690576236285e-13 3.575779750596928945e-12 9.718404844236857221e-13 4.652503786184254107e-12 8.512710695616798191e-12 1.429690165584554154e-11 2.081199240474479224e-11 2.818976758748936820e-11 2.413445623431006762e-11 2.406012625815335031e-11 2.157314201428569740e-11 2.011441312845527832e-11 2.015268016638952785e-11 2.135306101595047737e-11 2.357754605291830086e-11 2.609755150547908369e-11 2.987090997942496591e-11 3.055765717309815471e-11 2.000251877177248622e-11 1.982975106926174814e-11 1.899773316725642290e-11 1.525020719360718866e-11 -1.051993721164602176e-12
-5.271034579853493779e-12 -3.483347806059424778e-12 -2.988190523778792946e-12 -7.257161914125831108e-14 4.037577634372342960e-12 1.580891223580980789e-12 4.325406540374328496e-12 6.851419643619546890e-12 1.161714259870355696e-11 1.590559945101153939e-11 2.413445623431006762e-11 3.114147588415006024e-11 3.206927261466546536e-11 2.910097110018105236e-11 2.633319037702850396e-11 2.626643041296178229e-11 2.696353028398841239e-11 3.050902533774917830e-11 3.287639405814176241e-11 3.705255303575526749e-11 3.487658612559352745e-11 1.680481533103213667e-11 1.315087154625951044e-11 1.090059440868126842e-11 1.751519719423466536e-11 1.202266089336121208e-11
-7.938559784284766660e-12 -4.062606622238031680e-12 -3.235964207667932247e-12 -1.682372538005941387e-12 2.402743495176925044e-12 4.219355644591781700e-13 3.295585225276856872e-12 6.493942214212419529e-12 1.177522590374055330e-11 1.629472368147358975e-11 2.406012625815335031e-11 3.206927261466546536e-11 4.541980000113897357e-11 4.448239706016316457e-11 4.192160164815668733e-11 4.461383648544533996e-11 4.642251179646936908e-11 5.257540410370702997e-11 5.766078991717496902e-11 6.154293872330212532e-11 5.656036894201686481e-11 2.646219131141624911e-11 1.556766966133236616e-11 1.191173656125191646e-11 1.856697759209546241e-11 1.245842568790951357e-11
-9.306246376399129337e-12 -4.976335640746610480e-12 2.665015799996878571e-13 -1.936179452832789132e-13 1.988055975706742238e-12 2.726344902789941341e-13 3.465840509556392967e-12 6.180556548666933515e-12 1.146095965650329707e-11 1.595286345415602754e-11 2.157314201428569740e-11 2.910097110018105236e-11 4.448239706016316457e-11 5.583289109822416705e-11 5.851788176353756243e-11 6.409337841837194673e-11 6.912793605330012806e-11 7.934572883690188980e-11 8.853082650260992196e-11 9.444321666992225046e-11 8.108269536989687277e-11 2.887086691175188984e-11 8.668574972608253841e-12 1.444419300653745979e-11 2.120698680004310312e-11 8.026165837366705115e-12
-7.306858892580060253e-12 -3.049944030638936814e-12 3.184279213545167128e-12 3.597707760485507788e-12 5.165892746717572730e-12 1.421058381749612930e-12 5.093440826354252410e-12 6.648613230364579014e-12 1.105991015552358897e-11 1.471350305773414964e-11 2.011441312845527832e-11 2.633319037702850396e-11 4.192160164815668733e-11 5.851788176353756243e-11 7.962841216207866256e-11 9.429797247329348130e-11 1.070266509820461514e-10 1.224383963672059183e-10 1.361835138153940066e-10 1.443331765514161534e-10 1.204900200263766967e-10 4.187384768905258249e-11 5.098026687441476915e-12 2.051397219587768820e-11 3.044918750675811246e-11 8.797077222938187626e-12
-6.409798260480402808e-12 4.308147405789083282e-13 4.898727920289361995e-12 4.700375024319028980e-12 5.977735418625417142e-12 3.579178868618763894e-12 6.420202494580741844e-12 5.858668492147963860e-12 9.972498387237139576e-12 1.487332811220034021e-11 2.015268016638952785e-11 2.626643041296178229e-11 4.461383648544533996e-11 6.409337841837194673e-11 9.429797247329348130e-11 1.331053503458066651e-10 1.621917105548143637e-10 1.894260556561748143e-10 2.102144917291080675e-10 2.233288388900964682e-10 1.911155895770167561e-10 7.528512366159354404e-11 7.335446872027881922e-12 2.751584541287167825e-11 4.160591502416355445e-11 1.386947513199555005e-11
-1.205684828675435008e-12 5.064519179648248799e-12 9.734163161033376869e-12 7.806611826014128113e-12 8.542243680292869298e-12 5.531311865747886759e-12 8.482142568844000224e-12 7.652159563662897731e-12 1.215658359340065002e-11 1.691841544745144635e-11 2.135306101595047737e-11 2.696353028398841239e-11 4.642251179646936908e-11 6.912793605330012806e-11 1.070266509820461514e-10 1.621917105548143637e-10 2.270368395795345402e-10 2.766465490667966058e-10 3.105799794134195413e-10 3.306881162023969777e-10 2.915216657583525327e-10 1.335608771984836530e-10 1.201283968937402348e-11 2.552166764473894157e-11 4.257843684611939592e-11 8.273048472638029888e-12
-1.184207947585540660e-13 9.410775307590044235e-12 1.535071505688574042e-11 1.006356716523298948e-11 1.194451552781755278e-11 9.324325290930356188e-12 1.125210252727993386e-11 8.490688414355370088e-12 1.377529937201052860e-11 1.926417221402217950e-11 2.357754605291830086e-11 3.050902533774917830e-11 5.257540410370702997e-11 7.934572883690188980e-11 1.224383963672059183e-10 1.894260556561748143e-10 2.766465490667966058e-10 3.682415499695646028e-10 4.278932184017850348e-10 4.562356661034634265e-10 4.121847405194975372e-10 2.166016323564870743e-10 2.918870676919250597e-11 2.621571454100326436e-11 3.831657271387358847e-11 -1.717237993789634709e-12
-3.116058913386565285e-12 1.236013099867693383e-11 2.361844074923027745e-11 1.155064609768398600e-11 1.508721707373062989e-11 1.317060802111928320e-11 1.564832093719864397e-11 1.053819217723554365e-11 1.661363445673141236e-11 1.989910732345788137e-11 2.609755150547908369e-11 3.287639405814176241e-11 5.766078991717496902e-11 8.853082650260992196e-11 1.361835138153940066e-10 2.102144917291080675e-10 3.105799794134195413e-10 4.278932184017850348e-10 5.385280887510994173e-10 5.993318147743996783e-10 5.622540498852135379e-10 3.435442496679729022e-10 8.384492332557303830e-11 4.141508826502703878e-11 4.219437103532286251e-11 -1.046310481674981374e-11
-8.376951796047100948e-13 1.066862427956804220e-11 2.644953869177186487e-11 1.489451562822089724e-11 2.008042193277741433e-11 1.610509524542574997e-11 1.659877745284691638e-11 1.069098124642218865e-11 1.730792685895133494e-11 2.093520209350965687e-11 2.987090997942496591e-11 3.705255303575526749e-11 6.154293872330212532e-11 9.444321666992225046e-11 1.443331765514161534e-10 2.233288388900964682e-10 3.306881162023969777e-10 4.562356661034634265e-10 5.993318147743996783e-10 7.386740961119177238e-10 7.482311163105682264e-10 5.315157411907891378e-10 1.969885826570880111e-10 6.882085564809828184e-11 5.188676313419467425e-11 -1.973207969026090582e-11
3.680823786116789859e-12 1.021126298152899388e-11 2.491268900893295524e-11 1.557601526055522022e-11 2.548683940730525056e-11 1.328666953594003481e-11 1.479962683370294838e-11 1.033878073926952443e-11 1.733580115331820874e-11 1.957764437025239351e-11 3.055765717309815471e-11 3.487658612559352745e-11 5.656036894201686481e-11 8.108269536989687277e-11 1.204900200263766967e-10 1.911155895770167561e-10 2.915216657583525327e-10 4.121847405194975372e-10 5.622540498852135379e-10 7.482311163105682264e-10 8.632988486899676481e-10 7.396876658765957586e-10 3.905671833058206770e-10 1.249661467311827554e-10 2.801930307073901145e-11 -3.834674768383207178e-11
3.392304628141866872e-12 5.779809056652119887e-12 1.310475585391495458e-11 9.523086590636817532e-12 2.305739219502729653e-11 8.076991679218351782e-12 4.601374418072876875e-12 9.776691115628028574e-12 1.285585583910459198e-11 9.469985748023223008e-12 2.000251877177248622e-11 1.680481533103213667e-11 2.646219131141624911e-11 2.887086691175188984e-11 4.187384768905258249e-11 7.528512366159354404e-11 1.335608771984836530e-10 2.166016323564870743e-10 3.435442496679729022e-10 5.315157411907891378e-10 7.396876658765957586e-10 8.550637910270228688e-10 6.271770405619455077e-10 2.441946856940054085e-10 -3.496437712437173740e-12 -5.504444118212419030e-11
2.531132917136110251e-12 1.004183454521045708e-11 -3.166441905030141822e-13 9.303884362600412606e-12 1.791763978898007598e-11 2.724330862213638047e-12 -1.812150181118165678e-12 1.541522967130594402e-11 1.862655018409830590e-11 1.492718480867663728e-11 1.982975106926174814e-11 1.315087154625951044e-11 1.556766966133236616e-11 8.668574972608253841e-12 5.098026687441476915e-12 7.335446872027881922e-12 1.201283968937402348e-11 2.918870676919250597e-11 8.384492332557303830e-11 1.969885826570880111e-10 3.905671833058206770e-10 6.271770405619455077e-10 7.114357927321612658e-10 4.464757463342568668e-10 6.256210897879228878e-11 -2.228197334127956768e-11
1.054316765206337746e-11 1.544921662366291580e-11 -2.006532581181049578e-12 1.893552556074704884e-11 1.386186106074082824e-11 5.991214436772465178e-12 -4.426989856729663801e-12 1.508144999247451569e-11 1.943355062300642817e-11 1.805467157056765402e-11 1.899773316725642290e-11 1.090059440868126842e-11 1.191173656125191646e-11 1.444419300653745979e-11 2.051397219587768820e-11 2.751584541287167825e-11 2.552166764473894157e-11 2.621571454100326436e-11 4.141508826502703878e-11 6.882085564809828184e-11 1.249661467311827554e-10 2.441946856940054085e-10 4.464757463342568668e-10 5.864246442277495977e-10 3.272451844631413132e-10 7.152739243010418301e-11
1.040958307385626318e-11 -1.005917967413909499e-11 -6.117792151561604668e-12 2.104922962800965279e-11 3.166989901557030543e-12 2.551882901234244639e-12 -4.108520627817199355e-12 1.415184359186503013e-12 6.767110333407406813e-12 1.070064184332849734e-11 1.525020719360718866e-11 1.751519719423466536e-11 1.856697759209546241e-11 2.120698680004310312e-11 3.044918750675811246e-11 4.160591502416355445e-11 4.257843684611939592e-11 3.831657271387358847e-11 4.219437103532286251e-11 5.188676313419467425e-11 2.801930307073901145e-11 -3.496437712437173740e-12 6.256210897879228878e-11 3.272451844631413132e-10 5.665838094563729065e-10 3.122021787059750480e-10
-3.981097592078251114e-12 -2.504404808140720835e-11 -3.377087304154718512e-11 -1.123603930482715247e-11 -1.021700494091909271e-11 -7.932277544952846019e-12 -6.577098389267824509e-12 -6.214663096824637673e-12 -4.514895272681037297e-12 -3.777900329467748502e-15 -1.051993721164602176e-12 1.202266089336121208e-11 1.245842568790951357e-11 8.026165837366705115e-12 8.797077222938187626e-12 1.386947513199555005e-11 8.273048472638029888e-12 -1.717237993789634709e-12 -1.046310481674981374e-11 -1.973207969026090582e-11 -3.834674768383207178e-11 -5.504444118212419030e-11 -2.228197334127956768e-11 7.152739243010418301e-11 3.122021787059750480e-10 5.204064086353524753e-10
