3.228471329203043377e-09 -5.367615125371337569e-12 -8.027334731890528187e-12 5.882463215783864497e-11 2.404349517180577495e-11 8.279621306095320014e-11 1.108727581039277637e-11 -5.893048096620819301e-13 -1.915985194538076023e-11 -1.370464523744815202e-12 -1.558093561409691210e-11 -1.939854248965984904e-11 -1.105739479630674877e-11 -1.718400475488008349e-11 1.811722051582821664e-11 -3.306412771865236854e-11 -1.985942940165953432e-11 -1.365765344261252956e-11 -4.880181867290761372e-11 -8.365936101024048755e-12 8.514956510202356716e-12 6.055866802538206834e-12 -8.462384992185945643e-12 1.705556153434641366e-11 1.918072905262869381e-11 5.516548069343636437e-12
-5.367615125371337569e-12 2.037888922887657355e-09 -3.757198135575743635e-11 1.791206810236874573e-11 -1.054039383546458595e-10 -4.413621665397628387e-11 3.292980854618666889e-11 -1.210066059327778327e-11 -6.369899384826261656e-12 -3.297824537502689439e-11 -6.811419210570976866e-12 -3.282464808079065848e-12 -2.402194829594211210e-11 -1.104085816377530613e-11 2.426101267246795750e-11 3.062196577273516798e-11 4.409121118305921280e-11 1.911120813364644244e-11 -2.191476241857670384e-12 -2.658402986863804172e-11 -8.727692141469789570e-12 -5.729227280335889955e-12 -4.869202406880883411e-12 -1.708636311719801842e-12 -6.713924854597650088e-12 -1.241711573006385538e-12
-8.027334731890528187e-12 -3.757198135575743635e-11 1.221805600408937608e-09 1.664426915445478397e-10 1.263035849182433174e-10 2.399668377213496670e-11 5.577611043038600537e-11 -4.780775007331752935e-11 3.292937270912446153e-12 4.946940333527348822e-11 2.011990135795364562e-11 -3.387254427911489823e-11 -1.511079207451166543e-11 4.816574121857133626e-12 -1.070459981189294974e-12 -6.546068082519214237e-13 -3.047797715098292535e-12 -1.147582485169195497e-11 -1.155705978262538861e-11 2.204107226686973466e-12 -4.989950454661955212e-12 -5.517091753196820092e-12 -8.135304239046106691e-12 -1.280741782135976263e-11 2.787103749547729562e-12 2.413089100840678899e-12
5.882463215783864497e-11 1.791206810236874573e-11 1.664426915445478397e-10 8.857306459768362794e-10 4.464112651769595364e-11 4.064149944287898399e-12 -2.114368033190610672e-11 -4.328871907378267894e-11 -1.166190888817947122e-11 2.118721814616423265e-11 2.646729359463607387e-12 -2.295252424659696973e-11 -8.475289092377033674e-12 7.214063920233028714e-12 4.010980965881645702e-12 8.314919302651194113e-12 -2.322698219926515959e-12 -3.788616467413565570e-12 1.432443360502849945e-11 1.967996084949609047e-11 1.948090896898028584e-11 1.245078256434172596e-11 -5.984266295788344268e-13 -1.173860231231632330e-12 -3.199932633979868265e-12 1.914697797048146664e-13
2.404349517180577495e-11 -1.054039383546458595e-10 1.263035849182433174e-10 4.464112651769595364e-11 5.840718209179288103e-10 3.727315398147365768e-11 7.227113974500638336e-12 -2.502018651286591458e-11 1.802660507562913593e-11 -1.770977530371972358e-11 1.177038906688237356e-11 -1.201839260601640482e-11 -1.048949493434447923e-11 -2.067492236202991813e-11 -8.344863705916359412e-12 -4.692943486785557873e-12 3.713196626323592015e-12 -8.997147956270513230e-12 -2.592722756850807834e-12 1.424270426367007033e-12 -3.384825944746653389e-12 -2.846834635473538108e-12 1.659775722612103477e-13 -9.764052809099719187e-12 -1.459552978673708097e-12 -2.714561384024420205e-12
8.279621306095320014e-11 -4.413621665397628387e-11 2.399668377213496670e-11 4.064149944287898399e-12 3.727315398147365768e-11 3.657398551740675928e-10 6.564124150782850352e-11 2.576217230750403751e-11 4.283198604671694931e-12 -1.075334099978223670e-12 -5.484298414513123612e-12 -1.127098922512481559e-11 -3.161991673082061487e-12 1.257334776176971085e-11 -5.967611513385957610e-12 -9.244682982770419811e-12 -1.484512323837547244e-11 -1.167288870281989628e-11 -3.576239397372777615e-12 1.194003408354721273e-11 5.376585049217827004e-13 1.583141250672367755e-12 -5.141102527915922548e-12 5.698109143202824217e-13 -2.019261942043461389e-15 2.091531019404943734e-13
1.108727581039277637e-11 3.292980854618666889e-11 5.577611043038600537e-11 -2.114368033190610672e-11 7.227113974500638336e-12 6.564124150782850352e-11 2.782807205393981667e-10 2.204346769392434938e-11 6.371141051972024483e-12 -1.175803764707808920e-11 9.657075042351768759e-12 9.976014904896509389e-12 8.463717118237848741e-12 3.789996670213988214e-12 -8.133934442153059364e-12 -5.589469811356499447e-12 -7.479864046733273438e-12 -8.294338209325055591e-12 -2.966859695731420449e-12 -2.213939475196815929e-12 -4.721040827352728569e-12 -2.201547196243535391e-12 -3.543645349211348205e-12 -3.845081608429436665e-12 -2.780428211996783660e-12 -2.637698169724676359e-12
-5.893048096620819301e-13 -1.210066059327778327e-11 -4.780775007331752935e-11 -4.328871907378267894e-11 -2.502018651286591458e-11 2.576217230750403751e-11 2.204346769392434938e-11 1.872270591903711698e-10 1.790473411890830849e-11 1.492874241530311420e-11 2.274554867049741257e-11 1.102946392872672127e-11 1.059936933427614184e-11 1.497019604337835085e-11 -1.079208162350017728e-12 -1.246914898092306621e-12 1.737811922187585861e-12 1.230143640319774381e-11 8.985911592958185335e-12 4.878543413354570350e-12 7.442012066702906400e-13 2.489292581284600085e-12 2.603172938735175114e-12 4.136484631166950146e-12 6.733565187031923818e-13 -1.823270075149939621e-12
-1.915985194538076023e-11 -6.369899384826261656e-12 3.292937270912446153e-12 -1.166190888817947122e-11 1.802660507562913593e-11 4.283198604671694931e-12 6.371141051972024483e-12 1.790473411890830849e-11 1.343163208648303356e-10 3.312444836580516790e-11 3.400449939136719094e-12 5.449112983817854880e-12 7.120686111867768452e-12 4.298813588946404048e-12 -3.927150467595600238e-13 4.322368404652702502e-12 2.969727049544805520e-12 -4.655600812020671795e-13 -9.559042077275737863e-13 2.266878132742101813e-12 4.349141945409032187e-13 7.066194023407185077e-13 3.754707088917188386e-12 -2.050548108265109210e-12 -7.215298778147265783e-13 1.566667489270872514e-12
-1.370464523744815202e-12 -3.297824537502689439e-11 4.946940333527348822e-11 2.118721814616423265e-11 -1.770977530371972358e-11 -1.075334099978223670e-12 -1.175803764707808920e-11 1.492874241530311420e-11 3.312444836580516790e-11 9.410517821058316894e-11 1.829307961408534740e-11 1.366697164137365451e-11 9.401444676123176216e-12 9.536473788117406944e-12 5.455871011196808888e-12 7.310026956008581364e-12 4.933463559151923362e-12 1.977702203920050526e-12 1.299892695833702262e-12 3.228012619553256788e-12 1.265046544192816248e-12 3.423581544272610249e-12 2.475260057095336105e-12 1.729801799441205558e-12 -7.827365057150356382e-13 -6.841523471160208714e-13
-1.558093561409691210e-11 -6.811419210570976866e-12 2.011990135795364562e-11 2.646729359463607387e-12 1.177038906688237356e-11 -5.484298414513123612e-12 9.657075042351768759e-12 2.274554867049741257e-11 3.400449939136719094e-12 1.829307961408534740e-11 8.559562914484484157e-11 2.757875520292477369e-11 1.227361752226658343e-11 1.453844288803754022e-12 -1.037183461581332332e-12 9.398705903860990415e-13 6.001597995262996994e-12 5.250479731101924276e-12 5.120766484828369989e-12 1.842148929709742615e-12 -1.903305518430942628e-13 1.267723893990388309e-13 -1.371802771544501719e-12 -3.041771317837919099e-12 -2.990816475614835067e-12 -6.299744103868988800e-13
-1.939854248965984904e-11 -3.282464808079065848e-12 -3.387254427911489823e-11 -2.295252424659696973e-11 -1.201839260601640482e-11 -1.127098922512481559e-11 9.976014904896509389e-12 1.102946392872672127e-11 5.449112983817854880e-12 1.366697164137365451e-11 2.757875520292477369e-11 5.815740935033583039e-11 2.498696231873859104e-11 1.355880861954559131e-11 7.191462244779883501e-12 6.794866953932815643e-12 1.055905292596817654e-11 6.513616475060065764e-12 3.318550596654296532e-12 2.945265051438860481e-12 3.580614951354101889e-13 9.292819588344248224e-13 -1.427531200227207251e-12 -1.674385277581088052e-12 -2.152840937481731425e-12 -7.125249925962753328e-13
-1.105739479630674877e-11 -2.402194829594211210e-11 -1.511079207451166543e-11 -8.475289092377033674e-12 -1.048949493434447923e-11 -3.161991673082061487e-12 8.463717118237848741e-12 1.059936933427614184e-11 7.120686111867768452e-12 9.401444676123176216e-12 1.227361752226658343e-11 2.498696231873859104e-11 5.219047014559445337e-11 2.333549851333361471e-11 1.097763957432476921e-11 7.070473141817072637e-12 6.652420356959096990e-12 2.518189378238575110e-12 1.852557600747731452e-12 1.293806065143749478e-12 -2.780671012376131605e-12 1.502017366743599098e-12 2.656828173128425464e-13 -1.136342796123222153e-12 -8.735072452743818937e-13 -4.004885722399501036e-13
-1.718400475488008349e-11 -1.104085816377530613e-11 4.816574121857133626e-12 7.214063920233028714e-12 -2.067492236202991813e-11 1.257334776176971085e-11 3.789996670213988214e-12 1.497019604337835085e-11 4.298813588946404048e-12 9.536473788117406944e-12 1.453844288803754022e-12 1.355880861954559131e-11 2.333549851333361471e-11 4.135660936138659576e-11 1.601311260515622237e-11 9.614655010259395213e-12 7.922185980064729441e-12 9.795341556529402095e-12 5.656105721464927910e-12 3.689591970278970215e-12 -1.715386747240140529e-12 1.689240615668494919e-13 -1.031412974238513245e-12 -1.566292129280326251e-12 1.274978813086715368e-13 -4.067267379468280929e-13
1.811722051582821664e-11 2.426101267246795750e-11 -1.070459981189294974e-12 4.010980965881645702e-12 -8.344863705916359412e-12 -5.967611513385957610e-12 -8.133934442153059364e-12 -1.079208162350017728e-12 -3.927150467595600238e-13 5.455871011196808888e-12 -1.037183461581332332e-12 7.191462244779883501e-12 1.097763957432476921e-11 1.601311260515622237e-11 3.157309689558317366e-11 1.796481467578308149e-11 1.037915776453717974e-11 8.128347420658232687e-12 3.734517936796990734e-12 4.313660757835293311e-13 9.292291298474782877e-13 1.086596268248720573e-12 -5.277351140466653152e-13 -7.556143070501731557e-13 2.903602070327628258e-13 -2.458410719319789343e-13
-3.306412771865236854e-11 3.062196577273516798e-11 -6.546068082519214237e-13 8.314919302651194113e-12 -4.692943486785557873e-12 -9.244682982770419811e-12 -5.589469811356499447e-12 -1.246914898092306621e-12 4.322368404652702502e-12 7.310026956008581364e-12 9.398705903860990415e-13 6.794866953932815643e-12 7.070473141817072637e-12 9.614655010259395213e-12 1.796481467578308149e-11 3.395035718194503420e-11 1.972624555983726981e-11 7.241997400423947182e-12 3.509902416440350778e-12 1.278203433860497708e-12 1.036066043294159248e-12 1.054654829225598959e-12 8.654217894284588947e-13 7.410925611682586923e-13 6.275564581398851301e-13 -4.023171418333807309e-13
-1.985942940165953432e-11 4.409121118305921280e-11 -3.047797715098292535e-12 -2.322698219926515959e-12 3.713196626323592015e-12 -1.484512323837547244e-11 -7.479864046733273438e-12 1.737811922187585861e-12 2.969727049544805520e-12 4.933463559151923362e-12 6.001597995262996994e-12 1.055905292596817654e-11 6.652420356959096990e-12 7.922185980064729441e-12 1.037915776453717974e-11 1.972624555983726981e-11 3.481634050586494293e-11 1.464712092979184802e-11 6.109476081872774806e-12 1.627465065378867330e-12 1.554156521393444190e-12 -1.000175295515798084e-13 2.350111589850153282e-13 -5.147027057354343520e-13 -2.611583221425781461e-13 7.890729623326663531e-13
-1.365765344261252956e-11 1.911120813364644244e-11 -1.147582485169195497e-11 -3.788616467413565570e-12 -8.997147956270513230e-12 -1.167288870281989628e-11 -8.294338209325055591e-12 1.230143640319774381e-11 -4.655600812020671795e-13 1.977702203920050526e-12 5.250479731101924276e-12 6.513616475060065764e-12 2.518189378238575110e-12 9.795341556529402095e-12 8.128347420658232687e-12 7.241997400423947182e-12 1.464712092979184802e-11 2.880025918451539002e-11 1.382216005438708988e-11 5.773781815113421304e-12 -4.432529444806469462e-13 2.732829831195307511e-13 -1.380856269607960932e-13 9.886372464018424327e-13 -2.372134124397321445e-13 -1.470062426845145289e-13
-4.880181867290761372e-11 -2.191476241857670384e-12 -1.155705978262538861e-11 1.432443360502849945e-11 -2.592722756850807834e-12 -3.576239397372777615e-12 -2.966859695731420449e-12 8.985911592958185335e-12 -9.559042077275737863e-13 1.299892695833702262e-12 5.120766484828369989e-12 3.318550596654296532e-12 1.852557600747731452e-12 5.656105721464927910e-12 3.734517936796990734e-12 3.509902416440350778e-12 6.109476081872774806e-12 1.382216005438708988e-11 2.027634944467351687e-11 9.324826590253588546e-12 1.492191743138475554e-12 9.404193179805063051e-13 1.014227906301977289e-12 3.387181193672223611e-13 -1.537800448228187486e-13 6.727558438515523508e-13
-8.365936101024048755e-12 -2.658402986863804172e-11 2.204107226686973466e-12 1.967996084949609047e-11 1.424270426367007033e-12 1.194003408354721273e-11 -2.213939475196815929e-12 4.878543413354570350e-12 2.266878132742101813e-12 3.228012619553256788e-12 1.842148929709742615e-12 2.945265051438860481e-12 1.293806065143749478e-12 3.689591970278970215e-12 4.313660757835293311e-13 1.278203433860497708e-12 1.627465065378867330e-12 5.773781815113421304e-12 9.324826590253588546e-12 2.010527785890905680e-11 9.027544843809094029e-12 2.930817243407366735e-12 3.099174668969552718e-12 2.566130364218218821e-12 1.712678305617501030e-12 7.793695285596471322e-13
8.514956510202356716e-12 -8.727692141469789570e-12 -4.989950454661955212e-12 1.948090896898028584e-11 -3.384825944746653389e-12 5.376585049217827004e-13 -4.721040827352728569e-12 7.442012066702906400e-13 4.349141945409032187e-13 1.265046544192816248e-12 -1.903305518430942628e-13 3.580614951354101889e-13 -2.780671012376131605e-12 -1.715386747240140529e-12 9.292291298474782877e-13 1.036066043294159248e-12 1.554156521393444190e-12 -4.432529444806469462e-13 1.492191743138475554e-12 9.027544843809094029e-12 1.898711090893604829e-11 7.102604539141903273e-12 4.500445818579076216e-12 2.320968525260565035e-12 1.284917927595732703e-12 2.466642459290558698e-13
6.055866802538206834e-12 -5.729227280335889955e-12 -5.517091753196820092e-12 1.245078256434172596e-11 -2.846834635473538108e-12 1.583141250672367755e-12 -2.201547196243535391e-12 2.489292581284600085e-12 7.066194023407185077e-13 3.423581544272610249e-12 1.267723893990388309e-13 9.292819588344248224e-13 1.502017366743599098e-12 1.689240615668494919e-13 1.086596268248720573e-12 1.054654829225598959e-12 -1.000175295515798084e-13 2.732829831195307511e-13 9.404193179805063051e-13 2.930817243407366735e-12 7.102604539141903273e-12 1.304842764772611425e-11 5.945664243525210597e-12 1.365131835170249350e-12 4.902764237891046833e-13 1.706808246485068627e-13
-8.462384992185945643e-12 -4.869202406880883411e-12 -8.135304239046106691e-12 -5.984266295788344268e-13 1.659775722612103477e-13 -5.141102527915922548e-12 -3.543645349211348205e-12 2.603172938735175114e-12 3.754707088917188386e-12 2.475260057095336105e-12 -1.371802771544501719e-12 -1.427531200227207251e-12 2.656828173128425464e-13 -1.031412974238513245e-12 -5.277351140466653152e-13 8.654217894284588947e-13 2.350111589850153282e-13 -1.380856269607960932e-13 1.014227906301977289e-12 3.099174668969552718e-12 4.500445818579076216e-12 5.945664243525210597e-12 1.081423212292164941e-11 3.428996681830790178e-12 4.895439676366808530e-13 -7.028049988830383670e-14
1.705556153434641366e-11 -1.708636311719801842e-12 -1.280741782135976263e-11 -1.173860231231632330e-12 -9.764052809099719187e-12 5.698109143202824217e-13 -3.845081608429436665e-12 4.136484631166950146e-12 -2.050548108265109210e-12 1.729801799441205558e-12 -3.041771317837919099e-12 -1.674385277581088052e-12 -1.136342796123222153e-12 -1.566292129280326251e-12 -7.556143070501731557e-13 7.410925611682586923e-13 -5.147027057354343520e-13 9.886372464018424327e-13 3.387181193672223611e-13 2.566130364218218821e-12 2.320968525260565035e-12 1.365131835170249350e-12 3.428996681830790178e-12 7.818508217474407075e-12 2.394678873962551335e-12 4.129191373306947265e-13
1.918072905262869381e-11 -6.713924854597650088e-12 2.787103749547729562e-12 -3.199932633979868265e-12 -1.459552978673708097e-12 -2.019261942043461389e-15 -2.780428211996783660e-12 6.733565187031923818e-13 -7.215298778147265783e-13 -7.827365057150356382e-13 -2.990816475614835067e-12 -2.152840937481731425e-12 -8.735072452743818937e-13 1.274978813086715368e-13 2.903602070327628258e-13 6.275564581398851301e-13 -2.611583221425781461e-13 -2.372134124397321445e-13 -1.537800448228187486e-13 1.712678305617501030e-12 1.284917927595732703e-12 4.902764237891046833e-13 4.895439676366808530e-13 2.394678873962551335e-12 5.631580975767519280e-12 1.490367509387079660e-12
5.516548069343636437e-12 -1.241711573006385538e-12 2.413089100840678899e-12 1.914697797048146664e-13 -2.714561384024420205e-12 2.091531019404943734e-13 -2.637698169724676359e-12 -1.823270075149939621e-12 1.566667489270872514e-12 -6.841523471160208714e-13 -6.299744103868988800e-13 -7.125249925962753328e-13 -4.004885722399501036e-13 -4.067267379468280929e-13 -2.458410719319789343e-13 -4.023171418333807309e-13 7.890729623326663531e-13 -1.470062426845145289e-13 6.727558438515523508e-13 7.793695285596471322e-13 2.466642459290558698e-13 1.706808246485068627e-13 -7.028049988830383670e-14 4.129191373306947265e-13 1.490367509387079660e-12 4.078548109151738826e-12
