3.660802136427995922e-09 6.449502762978084053e-12 4.553329553982828631e-10 1.845765978438778130e-10 3.250953022342004832e-11 1.698335409026516133e-10 -2.882051213439766150e-11 2.075865938558333687e-11 -1.121794992116520626e-11 1.517911961550689647e-13 -5.946991292769938424e-11 3.172603017241419218e-12 -2.513124797475738932e-11 -2.311743713592252947e-12 5.726661993580641934e-12 -6.293843147972747905e-12 -3.370599999025261712e-11 -2.307749657949715744e-11 -1.398578556251386960e-11 -4.928453203777354737e-11 -2.389095692597071912e-11 -1.750540344370293621e-11 6.112425454757561237e-13 -1.924791801031445907e-11 -9.555033146497952486e-12 4.301884572494312059e-12
6.449502762978084053e-12 3.006590561940543867e-09 3.622973743203134152e-10 1.691042761103833521e-10 6.503102943401352490e-11 -1.273821273206216521e-11 -7.620374762752467816e-11 -8.402064222736279881e-11 -7.062508915523595941e-11 3.026349644432712307e-12 7.831670642744550957e-11 1.916578695114132782e-11 2.286400721250463354e-11 1.942904650834667556e-11 1.231263835297143005e-11 -1.579672120191870728e-11 1.929889009272949240e-11 -1.411874357851263835e-11 -1.740717273029727110e-11 -1.312299543295104130e-11 -9.116110368566135308e-12 -2.253100997962421844e-11 1.217971690167800934e-12 5.217187202560719245e-13 5.995703994315267757e-12 -7.287623574599069883e-12
4.553329553982828631e-10 3.622973743203134152e-10 1.485185874207402822e-09 7.636933866601002404e-11 9.498371926879025850e-11 1.076831908301557644e-10 1.327738814743979641e-10 1.040652729333429693e-10 -1.593183757112430735e-12 1.694062848239656201e-11 7.685876942208400713e-12 -1.207101660629222928e-11 -8.871341463241495604e-13 7.547920936612515728e-12 -2.479522898222352895e-12 4.560456564373837699e-12 -1.526365576571137039e-12 -2.896728957893639220e-11 -3.666810655044389405e-11 -2.466592642354079892e-11 -7.289661703880144949e-13 -2.871029131672077227e-13 1.951292822518539622e-12 1.698140094672218460e-12 2.036468246753548644e-13 -2.599742103633598027e-12
1.845765978438778130e-10 1.691042761103833521e-10 7.636933866601002404e-11 1.041434264036171700e-09 1.042256812943849524e-10 4.358674032627389642e-11 5.238939093966163672e-11 -2.163534610303015410e-11 -8.685457562417877118e-12 -6.833916956718996549e-12 -5.198333898921229127e-11 -1.834199809634981161e-11 1.708081400491304782e-11 5.795212402049009655e-12 -2.426230630772495142e-11 -1.010685298329791603e-12 4.916456902032781071e-12 -4.096958454486182808e-12 -2.785101020088596638e-11 -2.400578142398111052e-11 -1.405821918481398722e-11 -1.351735155759773959e-11 9.291655828178550985e-12 -5.823965541396869798e-12 1.950768283971052826e-12 -3.880374915596614401e-12
3.250953022342004832e-11 6.503102943401352490e-11 9.498371926879025850e-11 1.042256812943849524e-10 6.549130601982791727e-10 1.111196781589862025e-10 5.428604478127315956e-11 3.212557079364691570e-11 -1.210098639541265470e-11 -2.660134671823595194e-11 -8.966767186901682817e-12 -7.682602820962013246e-12 -2.027293669325078818e-11 -1.571498764873477729e-11 -1.166917016106461600e-11 8.136040895023676032e-12 -6.631042479437065267e-12 -1.109036752107527388e-11 -9.248746336833390222e-12 -7.914972497853767999e-12 -3.561176991862072191e-12 -8.342664005074661175e-12 -3.918652209074048663e-12 4.384755186347873154e-12 -1.117992850722568286e-13 -3.354512883832030003e-12
1.698335409026516133e-10 -1.273821273206216521e-11 1.076831908301557644e-10 4.358674032627389642e-11 1.111196781589862025e-10 4.887344924285848777e-10 7.779776077213943772e-11 3.452489190999598395e-11 3.339960030575863205e-11 -9.136754049878132359e-13 9.840138304291341065e-12 9.061258100748742058e-12 8.104429389589913501e-12 1.387272649014167115e-11 8.318638698532064041e-12 -5.688598717640218545e-12 -1.760317476926046589e-11 -8.606342519625168700e-12 1.007453098250717059e-12 -1.259784251214903288e-12 2.854214108347258242e-12 -4.054778652593979274e-12 -4.855154515511024415e-12 6.630886199789968077e-12 2.712273074949281743e-12 1.739784892774668111e-12
-2.882051213439766150e-11 -7.620374762752467816e-11 1.327738814743979641e-10 5.238939093966163672e-11 5.428604478127315956e-11 7.779776077213943772e-11 2.944473671204747078e-10 6.627865362011664574e-11 4.573521704402455569e-11 2.383537361425050937e-11 1.473973512111817464e-12 -5.159276634491695454e-12 6.035282922563923389e-12 7.079128514110128971e-13 5.519014944536235327e-12 1.081066054636283941e-11 5.326916638470166700e-12 -2.172386402488439726e-12 -9.032228057041182973e-12 -1.500571653536034995e-11 -4.313593206623352123e-12 1.341366758572366634e-12 -6.009928061291639892e-12 5.902120633244028584e-13 -1.495502733582138600e-13 -2.305673346541400061e-12
2.075865938558333687e-11 -8.402064222736279881e-11 1.040652729333429693e-10 -2.163534610303015410e-11 3.212557079364691570e-11 3.452489190999598395e-11 6.627865362011664574e-11 2.082976233658363408e-10 3.187848584872483064e-11 2.966622411687498283e-11 8.101707224131247737e-12 6.045739358932904051e-12 6.017348753429891372e-13 -7.766607757341887981e-12 -2.842387557072553138e-12 1.049413641226709323e-12 -7.012545881578889403e-12 -8.025995001424141949e-12 -1.578133912302334790e-11 -5.928821451085764021e-12 1.769999102480066823e-12 6.470547923218119820e-12 2.656234258160401610e-12 -3.786239880209527517e-12 3.222354374926811276e-13 1.722660032952050046e-13
-1.121794992116520626e-11 -7.062508915523595941e-11 -1.593183757112430735e-12 -8.685457562417877118e-12 -1.210098639541265470e-11 3.339960030575863205e-11 4.573521704402455569e-11 3.187848584872483064e-11 1.618219644000805982e-10 5.262684016666172140e-11 7.023364596724219274e-12 1.169281731230770748e-11 2.285120985574956870e-12 -1.023381943451496789e-12 4.335741460512786726e-13 -2.287265124561428496e-12 -7.095295320181294274e-14 -5.479467744785148668e-12 -6.936984126138461996e-12 -8.733414831569656844e-13 1.099404810751232034e-12 4.501717821637486055e-12 -4.160876787389594108e-12 -3.494219788386295963e-13 -2.038572696301293203e-12 -1.684239992310482174e-14
1.517911961550689647e-13 3.026349644432712307e-12 1.694062848239656201e-11 -6.833916956718996549e-12 -2.660134671823595194e-11 -9.136754049878132359e-13 2.383537361425050937e-11 2.966622411687498283e-11 5.262684016666172140e-11 1.222000482594940583e-10 2.604172829928806303e-11 1.353100474507418703e-11 3.084613483184636018e-12 -1.400146398628427298e-12 -2.073636888367067940e-14 -1.084814931505487251e-12 -7.468063822230513253e-13 -5.242214710347048824e-12 -3.495259854523473234e-12 4.874911777976322153e-13 1.370429679150284880e-12 2.499557403750653404e-12 -2.735873131534920225e-12 -1.972484413571580389e-12 1.423950469762327882e-13 2.069065880713247057e-12
-5.946991292769938424e-11 7.831670642744550957e-11 7.685876942208400713e-12 -5.198333898921229127e-11 -8.966767186901682817e-12 9.840138304291341065e-12 1.473973512111817464e-12 8.101707224131247737e-12 7.023364596724219274e-12 2.604172829928806303e-11 8.138319313913026281e-11 2.448621667604228508e-11 1.417051009303243478e-11 3.191425391446040905e-12 5.435851463127172685e-12 -2.634067821921247856e-13 -1.763359612959185456e-12 -4.247270276342594200e-12 -3.645935167493590047e-13 -5.295152656179261950e-13 7.465319161731302897e-13 2.522073262186237470e-12 3.850414094330180048e-12 3.414485865818947056e-12 8.085028251843734828e-13 -4.362103505390440968e-13
3.172603017241419218e-12 1.916578695114132782e-11 -1.207101660629222928e-11 -1.834199809634981161e-11 -7.682602820962013246e-12 9.061258100748742058e-12 -5.159276634491695454e-12 6.045739358932904051e-12 1.169281731230770748e-11 1.353100474507418703e-11 2.448621667604228508e-11 6.349920359177170440e-11 2.836941291947944915e-11 1.597607465786972855e-11 1.134569261135088880e-11 4.602844001194021574e-12 2.673990120394056371e-13 -4.448476546919463149e-12 -3.474456027793672714e-12 3.685197355188698575e-12 4.497332258074043184e-12 6.268444881265361897e-12 3.413875397455577653e-12 -3.542278072297591273e-13 -1.439677812342537537e-12 -5.383066104198205124e-13
-2.513124797475738932e-11 2.286400721250463354e-11 -8.871341463241495604e-13 1.708081400491304782e-11 -2.027293669325078818e-11 8.104429389589913501e-12 6.035282922563923389e-12 6.017348753429891372e-13 2.285120985574956870e-12 3.084613483184636018e-12 1.417051009303243478e-11 2.836941291947944915e-11 5.954902276667357353e-11 2.731458059648807068e-11 1.100946881652996827e-11 2.443928603843619588e-12 1.636145594882878912e-12 2.098324456140093462e-12 -8.651678344111479795e-14 9.493363542482770284e-13 -1.524892961864369731e-12 1.216099866864334522e-12 1.534320926376268594e-12 2.022001847550036353e-12 -8.706267929043834067e-14 -5.237652228369150937e-13
-2.311743713592252947e-12 1.942904650834667556e-11 7.547920936612515728e-12 5.795212402049009655e-12 -1.571498764873477729e-11 1.387272649014167115e-11 7.079128514110128971e-13 -7.766607757341887981e-12 -1.023381943451496789e-12 -1.400146398628427298e-12 3.191425391446040905e-12 1.597607465786972855e-11 2.731458059648807068e-11 4.545193887501869967e-11 1.825818202975677321e-11 6.382912079050986892e-12 -6.847653712057235150e-13 -2.398030539645424527e-12 -2.794588239672497389e-13 -1.184643264067094653e-14 -5.283739751291835305e-13 -4.047481539683215005e-14 2.737834055568433646e-13 1.527526875603160744e-12 -9.539865654204337450e-13 -1.186292615187802313e-12
5.726661993580641934e-12 1.231263835297143005e-11 -2.479522898222352895e-12 -2.426230630772495142e-11 -1.166917016106461600e-11 8.318638698532064041e-12 5.519014944536235327e-12 -2.842387557072553138e-12 4.335741460512786726e-13 -2.073636888367067940e-14 5.435851463127172685e-12 1.134569261135088880e-11 1.100946881652996827e-11 1.825818202975677321e-11 3.923839121825474548e-11 1.867688578645013129e-11 6.648140484555447714e-12 2.246494253724028997e-12 3.976947918726816065e-12 2.561468624395568871e-12 -1.131783181408833691e-12 2.445854016468577529e-12 1.367854987409536939e-12 -7.769030124647346346e-13 -5.320184370970127498e-14 6.704356155335768647e-13
-6.293843147972747905e-12 -1.579672120191870728e-11 4.560456564373837699e-12 -1.010685298329791603e-12 8.136040895023676032e-12 -5.688598717640218545e-12 1.081066054636283941e-11 1.049413641226709323e-12 -2.287265124561428496e-12 -1.084814931505487251e-12 -2.634067821921247856e-13 4.602844001194021574e-12 2.443928603843619588e-12 6.382912079050986892e-12 1.867688578645013129e-11 3.785736939078472242e-11 2.051889757213434097e-11 1.260724222935069131e-11 5.339745632425141169e-12 -6.165049953979347258e-13 -1.594746414236877736e-12 -4.717915518798575447e-13 -7.952117707771911893e-13 -1.619623629799605232e-12 -2.303798341645710270e-12 6.235039859760118083e-13
-3.370599999025261712e-11 1.929889009272949240e-11 -1.526365576571137039e-12 4.916456902032781071e-12 -6.631042479437065267e-12 -1.760317476926046589e-11 5.326916638470166700e-12 -7.012545881578889403e-12 -7.095295320181294274e-14 -7.468063822230513253e-13 -1.763359612959185456e-12 2.673990120394056371e-13 1.636145594882878912e-12 -6.847653712057235150e-13 6.648140484555447714e-12 2.051889757213434097e-11 4.229508508108427455e-11 2.471500021657474029e-11 1.092275471173232265e-11 4.053577848941722321e-12 5.572532904694492055e-13 -2.758590893699132278e-14 -1.857327793777018940e-12 5.616513485244923553e-13 4.749232093648171509e-13 4.775916802086570043e-13
-2.307749657949715744e-11 -1.411874357851263835e-11 -2.896728957893639220e-11 -4.096958454486182808e-12 -1.109036752107527388e-11 -8.606342519625168700e-12 -2.172386402488439726e-12 -8.025995001424141949e-12 -5.479467744785148668e-12 -5.242214710347048824e-12 -4.247270276342594200e-12 -4.448476546919463149e-12 2.098324456140093462e-12 -2.398030539645424527e-12 2.246494253724028997e-12 1.260724222935069131e-11 2.471500021657474029e-11 3.741439935823489140e-11 1.881213924817023107e-11 5.488807506678601422e-12 2.393932916623487825e-12 -1.368418733914116325e-12 -1.509871338531422403e-12 3.455064751938500025e-13 -1.867034575266656481e-12 -6.154563821058223128e-14
-1.398578556251386960e-11 -1.740717273029727110e-11 -3.666810655044389405e-11 -2.785101020088596638e-11 -9.248746336833390222e-12 1.007453098250717059e-12 -9.032228057041182973e-12 -1.578133912302334790e-11 -6.936984126138461996e-12 -3.495259854523473234e-12 -3.645935167493590047e-13 -3.474456027793672714e-12 -8.651678344111479795e-14 -2.794588239672497389e-13 3.976947918726816065e-12 5.339745632425141169e-12 1.092275471173232265e-11 1.881213924817023107e-11 3.093754930741334369e-11 1.390720354270254638e-11 6.747354725015769567e-12 9.793563871505855745e-13 1.065188242986601984e-12 1.824026007045833548e-12 -2.465006056298749090e-13 1.623563971628741881e-12
-4.928453203777354737e-11 -1.312299543295104130e-11 -2.466592642354079892e-11 -2.400578142398111052e-11 -7.914972497853767999e-12 -1.259784251214903288e-12 -1.500571653536034995e-11 -5.928821451085764021e-12 -8.733414831569656844e-13 4.874911777976322153e-13 -5.295152656179261950e-13 3.685197355188698575e-12 9.493363542482770284e-13 -1.184643264067094653e-14 2.561468624395568871e-12 -6.165049953979347258e-13 4.053577848941722321e-12 5.488807506678601422e-12 1.390720354270254638e-11 2.942166308459989450e-11 1.651277329732957786e-11 7.438713022076452956e-12 1.474875187385885144e-12 3.625542171716602244e-12 1.889449363200453783e-12 1.559773533032704826e-12
-2.389095692597071912e-11 -9.116110368566135308e-12 -7.289661703880144949e-13 -1.405821918481398722e-11 -3.561176991862072191e-12 2.854214108347258242e-12 -4.313593206623352123e-12 1.769999102480066823e-12 1.099404810751232034e-12 1.370429679150284880e-12 7.465319161731302897e-13 4.497332258074043184e-12 -1.524892961864369731e-12 -5.283739751291835305e-13 -1.131783181408833691e-12 -1.594746414236877736e-12 5.572532904694492055e-13 2.393932916623487825e-12 6.747354725015769567e-12 1.651277329732957786e-11 2.924333978482466359e-11 1.421278502063866237e-11 5.456615900206198480e-12 2.253262200982521831e-12 -5.098340870179134404e-13 1.196624400028416279e-12
-1.750540344370293621e-11 -2.253100997962421844e-11 -2.871029131672077227e-13 -1.351735155759773959e-11 -8.342664005074661175e-12 -4.054778652593979274e-12 1.341366758572366634e-12 6.470547923218119820e-12 4.501717821637486055e-12 2.499557403750653404e-12 2.522073262186237470e-12 6.268444881265361897e-12 1.216099866864334522e-12 -4.047481539683215005e-14 2.445854016468577529e-12 -4.717915518798575447e-13 -2.758590893699132278e-14 -1.368418733914116325e-12 9.793563871505855745e-13 7.438713022076452956e-12 1.421278502063866237e-11 2.417477831584134675e-11 1.250411189158312466e-11 2.184592239283048964e-12 -1.417676948989520253e-12 -2.902005459857219514e-13
6.112425454757561237e-13 1.217971690167800934e-12 1.951292822518539622e-12 9.291655828178550985e-12 -3.918652209074048663e-12 -4.855154515511024415e-12 -6.009928061291639892e-12 2.656234258160401610e-12 -4.160876787389594108e-12 -2.735873131534920225e-12 3.850414094330180048e-12 3.413875397455577653e-12 1.534320926376268594e-12 2.737834055568433646e-13 1.367854987409536939e-12 -7.952117707771911893e-13 -1.857327793777018940e-12 -1.509871338531422403e-12 1.065188242986601984e-12 1.474875187385885144e-12 5.456615900206198480e-12 1.250411189158312466e-11 1.922197187950995451e-11 4.831231408305381463e-12 3.290971126651459534e-13 -1.527340893561499850e-13
-1.924791801031445907e-11 5.217187202560719245e-13 1.698140094672218460e-12 -5.823965541396869798e-12 4.384755186347873154e-12 6.630886199789968077e-12 5.902120633244028584e-13 -3.786239880209527517e-12 -3.494219788386295963e-13 -1.972484413571580389e-12 3.414485865818947056e-12 -3.542278072297591273e-13 2.022001847550036353e-12 1.527526875603160744e-12 -7.769030124647346346e-13 -1.619623629799605232e-12 5.616513485244923553e-13 3.455064751938500025e-13 1.824026007045833548e-12 3.625542171716602244e-12 2.253262200982521831e-12 2.184592239283048964e-12 4.831231408305381463e-12 1.065435161935382575e-11 4.424545908200736266e-12 1.264632541573450003e-12
-9.555033146497952486e-12 5.995703994315267757e-12 2.036468246753548644e-13 1.950768283971052826e-12 -1.117992850722568286e-13 2.712273074949281743e-12 -1.495502733582138600e-13 3.222354374926811276e-13 -2.038572696301293203e-12 1.423950469762327882e-13 8.085028251843734828e-13 -1.439677812342537537e-12 -8.706267929043834067e-14 -9.539865654204337450e-13 -5.320184370970127498e-14 -2.303798341645710270e-12 4.749232093648171509e-13 -1.867034575266656481e-12 -2.465006056298749090e-13 1.889449363200453783e-12 -5.098340870179134404e-13 -1.417676948989520253e-12 3.290971126651459534e-13 4.424545908200736266e-12 9.997421981662909092e-12 2.941548997325673331e-12
4.301884572494312059e-12 -7.287623574599069883e-12 -2.599742103633598027e-12 -3.880374915596614401e-12 -3.354512883832030003e-12 1.739784892774668111e-12 -2.305673346541400061e-12 1.722660032952050046e-13 -1.684239992310482174e-14 2.069065880713247057e-12 -4.362103505390440968e-13 -5.383066104198205124e-13 -5.237652228369150937e-13 -1.186292615187802313e-12 6.704356155335768647e-13 6.235039859760118083e-13 4.775916802086570043e-13 -6.154563821058223128e-14 1.623563971628741881e-12 1.559773533032704826e-12 1.196624400028416279e-12 -2.902005459857219514e-13 -1.527340893561499850e-13 1.264632541573450003e-12 2.941548997325673331e-12 6.963980568914682556e-12
