3.685556241594005206e-09 7.781551568779598601e-11 7.994316674623041989e-11 1.549050017674674662e-10 1.458316151124391361e-10 8.129623767932281358e-11 1.219006529516798528e-10 -1.682492440922300797e-11 1.396730224972681205e-11 1.965849527586873149e-11 4.177041592569893058e-11 -1.136796094302937251e-11 2.563635145858614803e-11 3.144892720265150137e-11 3.644438638065400759e-11 -2.887308676727800349e-12 -6.470884860900247608e-12 -2.736578506012436680e-13 -1.918430833130584349e-11 7.157258329549189620e-12 4.320735452153692663e-11 7.100056688914317336e-12 -4.784181248861132474e-12 5.961563318801573572e-12 -2.006639537629497140e-12 -2.248598698206278343e-14
7.781551568779598601e-11 2.091522662454198649e-09 -8.376173108782991238e-12 1.266282797287403310e-10 -1.419901712711377791e-10 -7.934867211567814404e-12 5.121025181488002284e-11 -9.950306844165170990e-12 1.681864271766965534e-11 1.126440877059878175e-11 -6.628937816269684370e-12 1.167844201340173715e-11 -5.894128992226213024e-12 -1.284999440982832212e-11 1.509278103424115035e-11 -1.545428668187207363e-11 2.053690047932396320e-11 -1.049619540461636436e-12 -6.691660899256665834e-12 1.048751617926881049e-12 -1.088652062148989249e-12 7.990581926090923967e-12 -4.968795398739793732e-12 1.057099341648218310e-12 1.025740304417121854e-12 7.440409224441935164e-13
7.994316674623041989e-11 -8.376173108782991238e-12 1.379954382914908840e-09 1.078896211274536006e-10 4.429489072188050613e-12 2.997449790812609749e-12 -2.894460434446580563e-11 1.999985524583557299e-11 -2.635470142010265496e-11 4.601815881287591603e-12 -1.150561374551007699e-11 -9.967578280499876271e-12 -3.393721207666315661e-12 1.181543398628343275e-11 -1.733731844578548549e-11 -1.129446989671924254e-11 -1.655317689238107342e-12 -1.347694940517079961e-11 2.673563379546919435e-12 -1.521387250806948888e-12 -1.159197086445476393e-11 -3.201821356658413115e-12 -7.247852210359757129e-12 -3.781495063124627557e-12 -3.012459122220867587e-12 3.885705250184220245e-12
1.549050017674674662e-10 1.266282797287403310e-10 1.078896211274536006e-10 9.107761276375235314e-10 1.317394341907369651e-10 4.799804229347150916e-11 8.884788433178924132e-11 2.312092224350340191e-11 2.129729496970870017e-11 1.007417148821355973e-11 -5.353590559681314948e-12 -3.562469845396794518e-11 2.278208858163992327e-12 -3.254611549740674525e-12 1.015623498854686198e-11 3.635344619985886774e-12 -4.375064483830419104e-12 -3.204886498371403439e-12 -1.753358601312986566e-12 -7.882790666713151712e-12 1.174244737305848998e-12 9.895947875234995671e-12 8.830107076085087846e-12 1.255032643080474303e-12 -6.725698532454248621e-12 -2.429592833299130819e-13
1.458316151124391361e-10 -1.419901712711377791e-10 4.429489072188050613e-12 1.317394341907369651e-10 5.728171450883135170e-10 -1.087698896858263254e-11 2.548123048035479483e-11 -8.056531880847819251e-12 -8.812975194409730790e-12 1.500249373258954121e-11 -3.251989346843371536e-12 -2.160099339886740231e-11 -8.320813141164571428e-12 6.703756340481194479e-12 -5.983911754559533734e-12 -7.908982253481671636e-12 -4.205922513880340433e-12 -1.322781051020959934e-12 -3.727950560897830928e-13 -1.881448583488063581e-12 -5.375202605881049625e-12 -3.840204513539001367e-12 8.025529426611557966e-13 4.218297292363622435e-12 1.484137097820704543e-12 1.816731879957279221e-12
8.129623767932281358e-11 -7.934867211567814404e-12 2.997449790812609749e-12 4.799804229347150916e-11 -1.087698896858263254e-11 3.811511838463473580e-10 7.288237229151213241e-11 -1.195559822653611747e-11 4.825318316586311280e-11 1.330779444790593445e-11 -1.308005512337426831e-13 1.239075860166555644e-12 5.303215261980546516e-12 3.288054197690281822e-12 1.014218633833680702e-11 1.325915259468000080e-11 -3.312285007334497357e-13 -2.829939398247353737e-12 6.689861428452890929e-12 8.168874416259390713e-12 1.014150585462702873e-11 5.306081306692925826e-13 -1.546978850362480279e-13 7.293290776437045832e-14 -2.780459717774903386e-13 -2.808521325344352492e-12
1.219006529516798528e-10 5.121025181488002284e-11 -2.894460434446580563e-11 8.884788433178924132e-11 2.548123048035479483e-11 7.288237229151213241e-11 2.692448544461061199e-10 -1.449535282406760997e-12 1.381969470675747464e-11 1.062040108442179400e-13 -6.902867498793795800e-13 -6.766820381530593615e-13 3.408584620497957481e-12 -7.667489460815208151e-12 -3.657285520690383658e-12 5.384842850302781965e-13 9.574762830800097864e-12 2.702136010343155790e-12 -2.485621719146745435e-12 -1.519748905140931983e-12 2.056853024257435152e-12 2.288195920206760531e-12 1.083333715267946775e-12 2.607321141626612721e-12 -1.162089938202576752e-12 1.566259537698733139e-12
-1.682492440922300797e-11 -9.950306844165170990e-12 1.999985524583557299e-11 2.312092224350340191e-11 -8.056531880847819251e-12 -1.195559822653611747e-11 -1.449535282406760997e-12 1.668666502568230427e-10 3.053514236537171788e-11 1.559432060202499396e-11 4.717769430717590404e-12 3.469104577633421211e-12 3.504953399032272463e-12 3.665837570519704522e-12 1.723109512495303324e-12 7.407541549793855368e-12 5.502052014997678037e-13 -3.439989203916559351e-12 3.566630371339277499e-13 2.148194030227596344e-12 4.296483564460914362e-12 -1.449636172126413613e-12 3.539743286873702602e-13 5.007349333688074751e-12 -1.486843368679361360e-12 -2.931826513143752549e-12
1.396730224972681205e-11 1.681864271766965534e-11 -2.635470142010265496e-11 2.129729496970870017e-11 -8.812975194409730790e-12 4.825318316586311280e-11 1.381969470675747464e-11 3.053514236537171788e-11 1.343101928362449421e-10 2.521076021194309422e-11 -2.003694744316029868e-12 3.710341403297624297e-12 3.521454737127681496e-12 4.207313195069204643e-12 -1.182171527912248151e-12 -2.962647684930455799e-13 -5.867675743536528091e-13 3.228715108823225803e-12 -1.556989211776097171e-12 -3.217333126779288288e-12 5.988859496505437272e-13 1.478942504060469468e-12 9.849404848885988037e-13 -1.181466020648767385e-12 -2.808234980228632971e-12 1.068231499357686419e-12
1.965849527586873149e-11 1.126440877059878175e-11 4.601815881287591603e-12 1.007417148821355973e-11 1.500249373258954121e-11 1.330779444790593445e-11 1.062040108442179400e-13 1.559432060202499396e-11 2.521076021194309422e-11 9.402345388845561758e-11 1.908005462898522888e-11 1.455071314021385610e-11 6.125545876936539601e-12 4.600785240331118043e-12 -8.175248677304743663e-14 -6.351066860068203831e-12 1.789159466578765314e-12 1.753182812204038993e-12 2.347944735412644559e-12 -1.329568178128701731e-12 -1.199612541431317857e-12 -1.381890155417215896e-12 -6.594295120591909578e-13 1.907398986255574979e-12 -1.815305563344263356e-12 -1.114271917059367383e-12
4.177041592569893058e-11 -6.628937816269684370e-12 -1.150561374551007699e-11 -5.353590559681314948e-12 -3.251989346843371536e-12 -1.308005512337426831e-13 -6.902867498793795800e-13 4.717769430717590404e-12 -2.003694744316029868e-12 1.908005462898522888e-11 6.941718477133177589e-11 1.647095498826994991e-11 7.445047781434144419e-12 7.280086130876189407e-12 1.920279123898957045e-12 -3.094532176364470959e-12 1.917063985039429889e-12 3.676489184896227034e-12 3.784063337097195193e-12 4.059520804422451382e-12 2.376037254992134425e-12 -1.244710960309387242e-12 8.195942021549198445e-13 2.729039252311615012e-12 2.812806055249358899e-13 -9.330014963034340684e-13
-1.136796094302937251e-11 1.167844201340173715e-11 -9.967578280499876271e-12 -3.562469845396794518e-11 -2.160099339886740231e-11 1.239075860166555644e-12 -6.766820381530593615e-13 3.469104577633421211e-12 3.710341403297624297e-12 1.455071314021385610e-11 1.647095498826994991e-11 5.074354722663996212e-11 1.623209190825557032e-11 8.816025903642153789e-12 3.902548575790727466e-12 1.072206396706550578e-12 1.365407294393368184e-12 6.883488863986661195e-13 -5.482918045805500109e-13 1.256750928426222487e-12 1.713009704552201110e-12 3.140320352054073706e-14 5.878162821135800809e-13 -5.308428843073213756e-13 -3.458034597572750562e-13 -1.100775921522974620e-13
2.563635145858614803e-11 -5.894128992226213024e-12 -3.393721207666315661e-12 2.278208858163992327e-12 -8.320813141164571428e-12 5.303215261980546516e-12 3.408584620497957481e-12 3.504953399032272463e-12 3.521454737127681496e-12 6.125545876936539601e-12 7.445047781434144419e-12 1.623209190825557032e-11 4.217709704770441830e-11 1.542090659031056143e-11 7.788699250904730505e-12 3.560669373390441890e-12 1.215780320080151336e-12 2.425555245839418542e-12 -7.458876819249503394e-13 4.621024990684557268e-14 -6.847390480496695989e-13 4.193484337038275799e-13 1.394950692058030557e-12 1.037322414491919750e-13 -2.749772171318435934e-13 7.535619865865988426e-13
3.144892720265150137e-11 -1.284999440982832212e-11 1.181543398628343275e-11 -3.254611549740674525e-12 6.703756340481194479e-12 3.288054197690281822e-12 -7.667489460815208151e-12 3.665837570519704522e-12 4.207313195069204643e-12 4.600785240331118043e-12 7.280086130876189407e-12 8.816025903642153789e-12 1.542090659031056143e-11 3.655172483177756457e-11 1.591012380992118512e-11 9.115647481129331189e-12 4.200856608406066254e-12 2.341081942176115682e-12 -5.371242210960592552e-13 5.901250049740564122e-13 -1.076723294906632518e-12 -8.532756209657685357e-13 3.501436521514891973e-13 -1.332364895867740481e-12 -1.656692093473338861e-12 -1.243832013598797274e-12
3.644438638065400759e-11 1.509278103424115035e-11 -1.733731844578548549e-11 1.015623498854686198e-11 -5.983911754559533734e-12 1.014218633833680702e-11 -3.657285520690383658e-12 1.723109512495303324e-12 -1.182171527912248151e-12 -8.175248677304743663e-14 1.920279123898957045e-12 3.902548575790727466e-12 7.788699250904730505e-12 1.591012380992118512e-11 3.402890674716755424e-11 1.566255425137530103e-11 5.880323845632064223e-12 5.466663713695599886e-13 -1.692671726943733361e-12 5.940131362332749808e-13 -6.520890124570914564e-13 -2.254916666566571696e-12 6.103408273444829721e-13 -5.525931096550101781e-13 -1.992638022111508121e-13 -6.905993591664100704e-13
-2.887308676727800349e-12 -1.545428668187207363e-11 -1.129446989671924254e-11 3.635344619985886774e-12 -7.908982253481671636e-12 1.325915259468000080e-11 5.384842850302781965e-13 7.407541549793855368e-12 -2.962647684930455799e-13 -6.351066860068203831e-12 -3.094532176364470959e-12 1.072206396706550578e-12 3.560669373390441890e-12 9.115647481129331189e-12 1.566255425137530103e-11 2.932888756868923762e-11 1.140226700445911654e-11 1.254329578675161770e-12 7.175106261553249351e-13 1.618790752411280196e-12 -5.494658847109250214e-13 -1.691894813501536114e-12 9.615343654281005596e-13 1.299168438540598778e-12 -5.720360139468551878e-13 -1.002810636470409553e-12
-6.470884860900247608e-12 2.053690047932396320e-11 -1.655317689238107342e-12 -4.375064483830419104e-12 -4.205922513880340433e-12 -3.312285007334497357e-13 9.574762830800097864e-12 5.502052014997678037e-13 -5.867675743536528091e-13 1.789159466578765314e-12 1.917063985039429889e-12 1.365407294393368184e-12 1.215780320080151336e-12 4.200856608406066254e-12 5.880323845632064223e-12 1.140226700445911654e-11 2.324848727171021917e-11 8.077230078357966302e-12 2.032303802556704511e-12 3.694547841653395437e-13 -1.704494240005247512e-12 -1.028137606559856214e-12 -3.670676011611589732e-13 1.024362820411720124e-12 -1.185004765312017327e-13 -1.145631305087149034e-12
-2.736578506012436680e-13 -1.049619540461636436e-12 -1.347694940517079961e-11 -3.204886498371403439e-12 -1.322781051020959934e-12 -2.829939398247353737e-12 2.702136010343155790e-12 -3.439989203916559351e-12 3.228715108823225803e-12 1.753182812204038993e-12 3.676489184896227034e-12 6.883488863986661195e-13 2.425555245839418542e-12 2.341081942176115682e-12 5.466663713695599886e-13 1.254329578675161770e-12 8.077230078357966302e-12 1.888701649421641337e-11 8.056455045053800578e-12 1.605467736620676848e-12 2.608431212069944152e-13 9.038482418656673445e-13 5.371450320068987833e-13 6.686329521759817394e-13 -5.682806058095072644e-13 4.924040890966230075e-13
-1.918430833130584349e-11 -6.691660899256665834e-12 2.673563379546919435e-12 -1.753358601312986566e-12 -3.727950560897830928e-13 6.689861428452890929e-12 -2.485621719146745435e-12 3.566630371339277499e-13 -1.556989211776097171e-12 2.347944735412644559e-12 3.784063337097195193e-12 -5.482918045805500109e-13 -7.458876819249503394e-13 -5.371242210960592552e-13 -1.692671726943733361e-12 7.175106261553249351e-13 2.032303802556704511e-12 8.056455045053800578e-12 1.563881765060098029e-11 5.367927486746972709e-12 2.083099951816445258e-12 4.270150484479459333e-13 -5.467528410134487329e-13 7.653138513719961745e-13 1.470458950563486274e-13 3.639603369227744350e-13
7.157258329549189620e-12 1.048751617926881049e-12 -1.521387250806948888e-12 -7.882790666713151712e-12 -1.881448583488063581e-12 8.168874416259390713e-12 -1.519748905140931983e-12 2.148194030227596344e-12 -3.217333126779288288e-12 -1.329568178128701731e-12 4.059520804422451382e-12 1.256750928426222487e-12 4.621024990684557268e-14 5.901250049740564122e-13 5.940131362332749808e-13 1.618790752411280196e-12 3.694547841653395437e-13 1.605467736620676848e-12 5.367927486746972709e-12 1.793249502669736304e-11 8.382512554713056068e-12 2.780070518398108950e-12 3.631278393329539848e-13 9.771455794606687941e-13 1.470679261497552143e-12 -1.001788620407589497e-12
4.320735452153692663e-11 -1.088652062148989249e-12 -1.159197086445476393e-11 1.174244737305848998e-12 -5.375202605881049625e-12 1.014150585462702873e-11 2.056853024257435152e-12 4.296483564460914362e-12 5.988859496505437272e-13 -1.199612541431317857e-12 2.376037254992134425e-12 1.713009704552201110e-12 -6.847390480496695989e-13 -1.076723294906632518e-12 -6.520890124570914564e-13 -5.494658847109250214e-13 -1.704494240005247512e-12 2.608431212069944152e-13 2.083099951816445258e-12 8.382512554713056068e-12 1.693369389208260497e-11 6.633406371563821490e-12 2.273171406293072260e-12 2.179784280644705109e-13 -2.425919085206325607e-13 -1.382350831575738047e-12
7.100056688914317336e-12 7.990581926090923967e-12 -3.201821356658413115e-12 9.895947875234995671e-12 -3.840204513539001367e-12 5.306081306692925826e-13 2.288195920206760531e-12 -1.449636172126413613e-12 1.478942504060469468e-12 -1.381890155417215896e-12 -1.244710960309387242e-12 3.140320352054073706e-14 4.193484337038275799e-13 -8.532756209657685357e-13 -2.254916666566571696e-12 -1.691894813501536114e-12 -1.028137606559856214e-12 9.038482418656673445e-13 4.270150484479459333e-13 2.780070518398108950e-12 6.633406371563821490e-12 1.115522360581798197e-11 3.929085391220284726e-12 2.570485564561807503e-13 1.175031189942195093e-13 -1.277074949960140799e-12
-4.784181248861132474e-12 -4.968795398739793732e-12 -7.247852210359757129e-12 8.830107076085087846e-12 8.025529426611557966e-13 -1.546978850362480279e-13 1.083333715267946775e-12 3.539743286873702602e-13 9.849404848885988037e-13 -6.594295120591909578e-13 8.195942021549198445e-13 5.878162821135800809e-13 1.394950692058030557e-12 3.501436521514891973e-13 6.103408273444829721e-13 9.615343654281005596e-13 -3.670676011611589732e-13 5.371450320068987833e-13 -5.467528410134487329e-13 3.631278393329539848e-13 2.273171406293072260e-12 3.929085391220284726e-12 7.498479621955757604e-12 2.756339907211565244e-12 7.209567630731898565e-13 1.847255694445107460e-13
5.961563318801573572e-12 1.057099341648218310e-12 -3.781495063124627557e-12 1.255032643080474303e-12 4.218297292363622435e-12 7.293290776437045832e-14 2.607321141626612721e-12 5.007349333688074751e-12 -1.181466020648767385e-12 1.907398986255574979e-12 2.729039252311615012e-12 -5.308428843073213756e-13 1.037322414491919750e-13 -1.332364895867740481e-12 -5.525931096550101781e-13 1.299168438540598778e-12 1.024362820411720124e-12 6.686329521759817394e-13 7.653138513719961745e-13 9.771455794606687941e-13 2.179784280644705109e-13 2.570485564561807503e-13 2.756339907211565244e-12 6.186949834165890934e-12 1.740584728459600661e-12 -5.397335413899636326e-13
-2.006639537629497140e-12 1.025740304417121854e-12 -3.012459122220867587e-12 -6.725698532454248621e-12 1.484137097820704543e-12 -2.780459717774903386e-13 -1.162089938202576752e-12 -1.486843368679361360e-12 -2.808234980228632971e-12 -1.815305563344263356e-12 2.812806055249358899e-13 -3.458034597572750562e-13 -2.749772171318435934e-13 -1.656692093473338861e-12 -1.992638022111508121e-13 -5.720360139468551878e-13 -1.185004765312017327e-13 -5.682806058095072644e-13 1.470458950563486274e-13 1.470679261497552143e-12 -2.425919085206325607e-13 1.175031189942195093e-13 7.209567630731898565e-13 1.740584728459600661e-12 4.661254236487544438e-12 8.099725949515332690e-13
-2.248598698206278343e-14 7.440409224441935164e-13 3.885705250184220245e-12 -2.429592833299130819e-13 1.816731879957279221e-12 -2.808521325344352492e-12 1.566259537698733139e-12 -2.931826513143752549e-12 1.068231499357686419e-12 -1.114271917059367383e-12 -9.330014963034340684e-13 -1.100775921522974620e-13 7.535619865865988426e-13 -1.243832013598797274e-12 -6.905993591664100704e-13 -1.002810636470409553e-12 -1.145631305087149034e-12 4.924040890966230075e-13 3.639603369227744350e-13 -1.001788620407589497e-12 -1.382350831575738047e-12 -1.277074949960140799e-12 1.847255694445107460e-13 -5.397335413899636326e-13 8.099725949515332690e-13 4.682626254111466567e-12
