4.589600555725276141e-09 -2.645558562558212700e-10 9.979350617363382474e-11 1.312558145709619297e-10 1.223569773454463833e-11 9.657432023967345800e-11 -6.921029456470145814e-11 7.158312320941294687e-11 3.034419544544747467e-11 8.273530253311493112e-12 -2.845793292453068099e-11 1.960426988218115471e-11 3.892953071895515274e-11 -2.697490951686306101e-11 -3.772199029949991305e-11 -3.301011260141540102e-11 -1.258479561832037938e-11 -2.611572228930714147e-11 1.601929730917992267e-11 2.031066236075068058e-11 3.343790907992414026e-11 3.617732667624101022e-11 2.918852623888839769e-11 -2.069821306825610660e-11 -4.503748921864978062e-11 -2.388112374944326228e-11
-2.645558562558212700e-10 3.016891808948786110e-09 8.013689807305655294e-11 -6.118849489155569231e-11 8.392620155252246230e-11 9.518118372405833674e-13 -9.112340517441211673e-12 -8.687191797200855878e-11 3.569089068271150070e-11 2.294480012392612388e-11 -2.378454253891013272e-11 -2.525221560374555732e-11 4.422398527874172501e-12 -1.170394844476878413e-11 -3.439698641024688479e-11 -6.393262475310542078e-12 3.462755044001063781e-11 4.575769968389869575e-11 6.044886343347313507e-11 2.688647275167984369e-11 1.791140061167515042e-11 -5.396985726111870051e-12 5.399837427391410119e-12 2.728031392683735671e-11 2.869414622445267049e-12 -2.733390277971043015e-12
9.979350617363382474e-11 8.013689807305655294e-11 2.159561785407232519e-09 7.513187087893317750e-11 9.161051990131367958e-11 -1.625913015772178483e-12 -4.495340263585178829e-11 -9.809507671377204728e-12 4.443385804041801687e-12 1.718718195736794429e-11 -3.631348088770563858e-11 -3.840148691404720702e-11 -2.245472341411809596e-11 -1.768270136456310048e-11 -5.353574317678168167e-11 -2.989278300064272287e-11 1.042293066066821931e-11 1.156676422415757380e-11 2.818878032334685163e-11 6.170354237595840950e-12 -7.694840191263512716e-12 -2.573023831352091643e-11 -1.305681753061436106e-11 3.033299491298055153e-11 -9.012193246016428275e-12 1.039837525023340877e-11
1.312558145709619297e-10 -6.118849489155569231e-11 7.513187087893317750e-11 1.528600058582348846e-09 -1.120122107433565516e-10 2.193824944969862174e-10 2.925645871931025875e-11 2.340939409133273916e-11 8.155354985136116235e-11 4.857533086435809895e-12 -2.583804626678627304e-11 -5.061579414881288992e-12 -7.802588275395785315e-12 -4.408175499676350370e-11 1.643713268450837024e-11 2.261194757514116092e-11 3.153841416128337594e-11 1.586670259528675286e-11 9.927121751067361079e-12 1.006540978127750466e-12 1.289504274455335042e-12 -1.024530324634703938e-11 5.743315861715488096e-12 1.378774394078041598e-11 1.863350970100858324e-12 -7.240542817596333436e-12
1.223569773454463833e-11 8.392620155252246230e-11 9.161051990131367958e-11 -1.120122107433565516e-10 1.062316760864297188e-09 7.501548082123395111e-11 5.903319403899984437e-11 9.897561767580310973e-11 4.648017215861592121e-11 1.007857310756987806e-10 -1.965146776748932969e-12 2.480024895707357773e-11 2.241325780401626571e-11 2.156406165712635954e-11 3.086728273929744861e-11 4.961205895085120595e-11 1.939388787809552943e-11 1.256601189897014234e-11 -2.454384074192211096e-12 3.083022402163506337e-12 1.157262788590995422e-11 1.728568045730530230e-11 1.682384057914162008e-11 1.567191302590183461e-11 -4.987251893304215346e-13 7.852673577219359859e-12
9.657432023967345800e-11 9.518118372405833674e-13 -1.625913015772178483e-12 2.193824944969862174e-10 7.501548082123395111e-11 6.357589823653446650e-10 7.098099758738618470e-11 8.704249555727096140e-11 2.129305765155192089e-11 5.686309759052457756e-11 3.062023369565018511e-12 -1.015489832732627717e-11 -5.587970963919215566e-12 -3.047385667455328053e-11 -1.306976344257841822e-11 1.754718589238305327e-12 1.086382121436818938e-11 2.844130378696966752e-12 5.292068977454591321e-12 1.840715744782571359e-11 1.845516915255170186e-11 5.055874085457356520e-12 5.566718981303514658e-12 4.589570711694504009e-12 6.668301218835239051e-12 3.874578041774511870e-12
-6.921029456470145814e-11 -9.112340517441211673e-12 -4.495340263585178829e-11 2.925645871931025875e-11 5.903319403899984437e-11 7.098099758738618470e-11 3.769356375335236638e-10 5.600793604217567101e-11 5.218418497242387920e-11 4.567375557295696377e-11 1.836830504425990866e-11 6.659372394891478646e-12 -1.858194866475625774e-13 -2.461186220146276002e-12 8.061948552954061861e-12 1.520577686651384512e-11 1.046356571358122357e-11 1.362693737544462633e-12 9.747649678657028279e-12 1.208213791838368527e-11 5.397952905420077229e-12 1.917140296628473760e-11 3.361541992857382426e-12 -6.078203529640631169e-12 -2.871822088477572962e-12 9.343317846623499819e-12
7.158312320941294687e-11 -8.687191797200855878e-11 -9.809507671377204728e-12 2.340939409133273916e-11 9.897561767580310973e-11 8.704249555727096140e-11 5.600793604217567101e-11 2.833650998791366743e-10 1.354775473348552549e-11 3.304921740300707832e-11 1.471348422227535515e-11 1.158311586977886189e-11 5.549869731678732503e-12 -1.003594659995089536e-11 -7.422125996919645349e-12 5.931795270321901782e-12 8.476254650382125752e-12 -1.053680695959438802e-12 2.906726366906519557e-12 2.115552080431419559e-12 -4.115074753134402688e-12 5.743110073548257428e-12 1.242013671317184690e-11 1.253616298533344906e-12 -6.594253029377438415e-12 6.950467439085360007e-12
3.034419544544747467e-11 3.569089068271150070e-11 4.443385804041801687e-12 8.155354985136116235e-11 4.648017215861592121e-11 2.129305765155192089e-11 5.218418497242387920e-11 1.354775473348552549e-11 2.152733694219277148e-10 5.333761230942979585e-11 2.491220880882783290e-11 2.233664950267050279e-11 9.458363720886254945e-12 4.945654440186616968e-12 4.113177484372812405e-12 1.192677461013024863e-11 1.464656221383411289e-11 6.445525179885981741e-12 1.201730280567132284e-11 5.910572164735971748e-12 7.956738704302767706e-12 6.966389346698106024e-12 1.165263345401529238e-12 -3.811852125675917000e-12 -5.030078404562910209e-12 -1.242486088595350561e-12
8.273530253311493112e-12 2.294480012392612388e-11 1.718718195736794429e-11 4.857533086435809895e-12 1.007857310756987806e-10 5.686309759052457756e-11 4.567375557295696377e-11 3.304921740300707832e-11 5.333761230942979585e-11 1.831980737056731480e-10 5.144360856641692712e-11 3.784945053556276275e-11 1.554183281904992773e-11 1.222605900366941918e-11 1.006935615265161997e-11 1.478315286903873360e-11 8.802200261940301997e-12 9.266948200633101726e-12 7.800562832119269740e-12 2.733073548078391396e-12 5.846457787132035132e-12 5.284296677707554915e-12 -3.322887434866955192e-12 -8.115235614632360905e-12 -2.133176106883844894e-12 4.109029165795787083e-12
-2.845793292453068099e-11 -2.378454253891013272e-11 -3.631348088770563858e-11 -2.583804626678627304e-11 -1.965146776748932969e-12 3.062023369565018511e-12 1.836830504425990866e-11 1.471348422227535515e-11 2.491220880882783290e-11 5.144360856641692712e-11 1.100236813665914780e-10 3.174153216100487467e-11 2.261368777309958836e-11 1.303736285757538682e-11 4.898758413780696835e-12 7.776304010851058856e-12 -3.353754342911325501e-12 -5.439714495328806294e-12 -2.215787434173059308e-12 -1.022155212678716472e-12 -6.596116339186414752e-12 3.308772428096082136e-12 -9.416918484341938079e-13 -5.020465735708507210e-12 1.461203291748837605e-12 4.495239137900199457e-13
1.960426988218115471e-11 -2.525221560374555732e-11 -3.840148691404720702e-11 -5.061579414881288992e-12 2.480024895707357773e-11 -1.015489832732627717e-11 6.659372394891478646e-12 1.158311586977886189e-11 2.233664950267050279e-11 3.784945053556276275e-11 3.174153216100487467e-11 9.162275066178600451e-11 3.770389832048443756e-11 2.297827934216985151e-11 1.877620163905588517e-11 1.453358263319681850e-11 4.170328285498024891e-13 8.637240286053928976e-12 5.864642408002294800e-12 2.973885485531926270e-12 1.416769024449680205e-12 3.581489598717660924e-12 -3.876198485303595072e-12 -4.676870263272118367e-12 -4.293410397474885583e-13 3.070498146738252801e-12
3.892953071895515274e-11 4.422398527874172501e-12 -2.245472341411809596e-11 -7.802588275395785315e-12 2.241325780401626571e-11 -5.587970963919215566e-12 -1.858194866475625774e-13 5.549869731678732503e-12 9.458363720886254945e-12 1.554183281904992773e-11 2.261368777309958836e-11 3.770389832048443756e-11 7.841596903164805158e-11 3.819656469990767127e-11 2.606594482004377718e-11 2.239700053601088011e-11 1.505373737677491526e-11 1.174494239183327450e-11 6.176256624203771461e-12 -3.134679263885048612e-12 -3.724736102609983348e-12 -1.732243330238877727e-12 -2.837486602268352105e-12 -2.921742914152413729e-12 -3.692781192159117238e-12 3.314115863579366548e-12
-2.697490951686306101e-11 -1.170394844476878413e-11 -1.768270136456310048e-11 -4.408175499676350370e-11 2.156406165712635954e-11 -3.047385667455328053e-11 -2.461186220146276002e-12 -1.003594659995089536e-11 4.945654440186616968e-12 1.222605900366941918e-11 1.303736285757538682e-11 2.297827934216985151e-11 3.819656469990767127e-11 7.438794766755901256e-11 4.213797558638018408e-11 2.410255582948695465e-11 9.713961361031082246e-12 7.128755164838430346e-12 5.288920908248538601e-12 1.064816873571961847e-12 4.816464072426213980e-13 -3.209212970791816695e-12 -9.265725799546364478e-12 -1.012908162798430329e-11 -4.105480860480535555e-12 2.095936130774019396e-13
-3.772199029949991305e-11 -3.439698641024688479e-11 -5.353574317678168167e-11 1.643713268450837024e-11 3.086728273929744861e-11 -1.306976344257841822e-11 8.061948552954061861e-12 -7.422125996919645349e-12 4.113177484372812405e-12 1.006935615265161997e-11 4.898758413780696835e-12 1.877620163905588517e-11 2.606594482004377718e-11 4.213797558638018408e-11 7.587130195711688342e-11 4.637520188708208034e-11 2.575437007091617205e-11 1.899266327856610552e-11 1.442786301132390669e-11 1.119792751375714439e-11 9.749159260150134178e-12 6.137467861957615973e-12 -3.374136417070532704e-12 -8.077851677245579798e-12 -4.307363558080583581e-12 -2.798335624469254856e-12
-3.301011260141540102e-11 -6.393262475310542078e-12 -2.989278300064272287e-11 2.261194757514116092e-11 4.961205895085120595e-11 1.754718589238305327e-12 1.520577686651384512e-11 5.931795270321901782e-12 1.192677461013024863e-11 1.478315286903873360e-11 7.776304010851058856e-12 1.453358263319681850e-11 2.239700053601088011e-11 2.410255582948695465e-11 4.637520188708208034e-11 7.227576737766528419e-11 4.923043559122767880e-11 2.866421073060981079e-11 2.153834071831908040e-11 1.900076419026308001e-11 1.748747978867418005e-11 1.513927715134127342e-11 4.656803413652314352e-12 -1.970264427831017021e-12 -3.379878087957504428e-12 -3.607695686975198330e-12
-1.258479561832037938e-11 3.462755044001063781e-11 1.042293066066821931e-11 3.153841416128337594e-11 1.939388787809552943e-11 1.086382121436818938e-11 1.046356571358122357e-11 8.476254650382125752e-12 1.464656221383411289e-11 8.802200261940301997e-12 -3.353754342911325501e-12 4.170328285498024891e-13 1.505373737677491526e-11 9.713961361031082246e-12 2.575437007091617205e-11 4.923043559122767880e-11 7.143742622377275227e-11 4.380198463873852422e-11 3.139714203952037048e-11 2.579336550376144209e-11 1.654250810960773399e-11 1.340530277504273453e-11 5.228199593708409784e-12 5.045940878726526112e-12 -6.558387167464241915e-13 -2.122812484840032862e-12
-2.611572228930714147e-11 4.575769968389869575e-11 1.156676422415757380e-11 1.586670259528675286e-11 1.256601189897014234e-11 2.844130378696966752e-12 1.362693737544462633e-12 -1.053680695959438802e-12 6.445525179885981741e-12 9.266948200633101726e-12 -5.439714495328806294e-12 8.637240286053928976e-12 1.174494239183327450e-11 7.128755164838430346e-12 1.899266327856610552e-11 2.866421073060981079e-11 4.380198463873852422e-11 6.139721191301607362e-11 4.217283071651420588e-11 3.047386885759373272e-11 2.076184670574237278e-11 1.296581683984748927e-11 4.261393640451568197e-12 -1.966331121432633618e-13 -3.183919899306516867e-12 -2.903670809379013975e-12
1.601929730917992267e-11 6.044886343347313507e-11 2.818878032334685163e-11 9.927121751067361079e-12 -2.454384074192211096e-12 5.292068977454591321e-12 9.747649678657028279e-12 2.906726366906519557e-12 1.201730280567132284e-11 7.800562832119269740e-12 -2.215787434173059308e-12 5.864642408002294800e-12 6.176256624203771461e-12 5.288920908248538601e-12 1.442786301132390669e-11 2.153834071831908040e-11 3.139714203952037048e-11 4.217283071651420588e-11 6.348105782869642709e-11 4.998562387098928700e-11 3.056194359981890539e-11 1.764563630449472800e-11 1.920098073663774505e-12 -3.933521332574096285e-13 -1.943449937325441190e-12 -2.289414711022229648e-12
2.031066236075068058e-11 2.688647275167984369e-11 6.170354237595840950e-12 1.006540978127750466e-12 3.083022402163506337e-12 1.840715744782571359e-11 1.208213791838368527e-11 2.115552080431419559e-12 5.910572164735971748e-12 2.733073548078391396e-12 -1.022155212678716472e-12 2.973885485531926270e-12 -3.134679263885048612e-12 1.064816873571961847e-12 1.119792751375714439e-11 1.900076419026308001e-11 2.579336550376144209e-11 3.047386885759373272e-11 4.998562387098928700e-11 7.750448302782901856e-11 5.302185643149302164e-11 3.190694337379114670e-11 6.507100974177855746e-12 2.392151793244313640e-12 -2.476165790343696627e-12 -6.627874200368592682e-12
3.343790907992414026e-11 1.791140061167515042e-11 -7.694840191263512716e-12 1.289504274455335042e-12 1.157262788590995422e-11 1.845516915255170186e-11 5.397952905420077229e-12 -4.115074753134402688e-12 7.956738704302767706e-12 5.846457787132035132e-12 -6.596116339186414752e-12 1.416769024449680205e-12 -3.724736102609983348e-12 4.816464072426213980e-13 9.749159260150134178e-12 1.748747978867418005e-11 1.654250810960773399e-11 2.076184670574237278e-11 3.056194359981890539e-11 5.302185643149302164e-11 6.948752455137122448e-11 4.459084701464873116e-11 1.683730753319844157e-11 3.249841440911642051e-12 -1.156275887986588032e-12 -5.001338214989654863e-12
3.617732667624101022e-11 -5.396985726111870051e-12 -2.573023831352091643e-11 -1.024530324634703938e-11 1.728568045730530230e-11 5.055874085457356520e-12 1.917140296628473760e-11 5.743110073548257428e-12 6.966389346698106024e-12 5.284296677707554915e-12 3.308772428096082136e-12 3.581489598717660924e-12 -1.732243330238877727e-12 -3.209212970791816695e-12 6.137467861957615973e-12 1.513927715134127342e-11 1.340530277504273453e-11 1.296581683984748927e-11 1.764563630449472800e-11 3.190694337379114670e-11 4.459084701464873116e-11 5.950062584624104483e-11 3.093516135888058400e-11 8.933027825106608466e-12 4.617952977865839558e-13 -2.343596390344288976e-12
2.918852623888839769e-11 5.399837427391410119e-12 -1.305681753061436106e-11 5.743315861715488096e-12 1.682384057914162008e-11 5.566718981303514658e-12 3.361541992857382426e-12 1.242013671317184690e-11 1.165263345401529238e-12 -3.322887434866955192e-12 -9.416918484341938079e-13 -3.876198485303595072e-12 -2.837486602268352105e-12 -9.265725799546364478e-12 -3.374136417070532704e-12 4.656803413652314352e-12 5.228199593708409784e-12 4.261393640451568197e-12 1.920098073663774505e-12 6.507100974177855746e-12 1.683730753319844157e-11 3.093516135888058400e-11 4.348958939918061817e-11 2.150640595044368539e-11 1.862565558098120073e-12 -1.031566236331839691e-12
-2.069821306825610660e-11 2.728031392683735671e-11 3.033299491298055153e-11 1.378774394078041598e-11 1.567191302590183461e-11 4.589570711694504009e-12 -6.078203529640631169e-12 1.253616298533344906e-12 -3.811852125675917000e-12 -8.115235614632360905e-12 -5.020465735708507210e-12 -4.676870263272118367e-12 -2.921742914152413729e-12 -1.012908162798430329e-11 -8.077851677245579798e-12 -1.970264427831017021e-12 5.045940878726526112e-12 -1.966331121432633618e-13 -3.933521332574096285e-13 2.392151793244313640e-12 3.249841440911642051e-12 8.933027825106608466e-12 2.150640595044368539e-11 3.203355502037141822e-11 8.554807348147071869e-12 1.886691806802778332e-12
-4.503748921864978062e-11 2.869414622445267049e-12 -9.012193246016428275e-12 1.863350970100858324e-12 -4.987251893304215346e-13 6.668301218835239051e-12 -2.871822088477572962e-12 -6.594253029377438415e-12 -5.030078404562910209e-12 -2.133176106883844894e-12 1.461203291748837605e-12 -4.293410397474885583e-13 -3.692781192159117238e-12 -4.105480860480535555e-12 -4.307363558080583581e-12 -3.379878087957504428e-12 -6.558387167464241915e-13 -3.183919899306516867e-12 -1.943449937325441190e-12 -2.476165790343696627e-12 -1.156275887986588032e-12 4.617952977865839558e-13 1.862565558098120073e-12 8.554807348147071869e-12 2.226372542373563532e-11 8.273891300617201078e-12
-2.388112374944326228e-11 -2.733390277971043015e-12 1.039837525023340877e-11 -7.240542817596333436e-12 7.852673577219359859e-12 3.874578041774511870e-12 9.343317846623499819e-12 6.950467439085360007e-12 -1.242486088595350561e-12 4.109029165795787083e-12 4.495239137900199457e-13 3.070498146738252801e-12 3.314115863579366548e-12 2.095936130774019396e-13 -2.798335624469254856e-12 -3.607695686975198330e-12 -2.122812484840032862e-12 -2.903670809379013975e-12 -2.289414711022229648e-12 -6.627874200368592682e-12 -5.001338214989654863e-12 -2.343596390344288976e-12 -1.031566236331839691e-12 1.886691806802778332e-12 8.273891300617201078e-12 2.480390868735579666e-11
