2.534481445883102411e-09 2.358400197026095658e-10 2.562359566155001860e-10 1.386924111104161690e-10 1.455749212752844784e-10 9.088830549878839034e-11 8.958363592614391993e-11 4.115387524628281917e-11 6.957855081150866471e-11 4.244514438546740068e-11 5.741453868387234155e-11 -1.121720421947602518e-11 5.581792207727029181e-11 4.035422387457097548e-11 5.403808039395566053e-11 4.737746454837099759e-11 4.545561670522394632e-11 9.884226022177439937e-12 -5.669655005008651551e-12 -1.587865514430934609e-12 -1.743138466856250471e-12 6.484462548201551703e-12 5.250006599530535641e-12 1.943721884414489088e-12 -4.368446357523559812e-12 -2.742991401457965009e-12
2.358400197026095658e-10 1.721798321215976750e-09 1.445908595265741306e-10 2.231432911555144637e-10 8.733390698825299859e-11 1.010682777400507450e-10 -4.404730424152168828e-11 7.736558830683778792e-11 2.773438484096210223e-11 -2.456590386586187766e-11 -7.211333598664729540e-12 9.616635163368541805e-12 3.471437957983942776e-11 7.788647022799448990e-12 1.222790565575032582e-11 -1.270608762489319220e-12 -2.193967576527080994e-11 -2.315611610427063440e-11 -1.824998718443727277e-11 -2.040645288386565617e-11 -1.838670920180908364e-11 -1.104898632403781816e-11 -5.658628193077382265e-14 3.696309124333802476e-12 -2.627645506841224563e-12 1.225180043024508138e-12
2.562359566155001860e-10 1.445908595265741306e-10 1.299647050541524174e-09 9.553125105839344236e-11 1.217301796469563966e-10 4.441732284888230858e-11 6.601809887111020633e-11 8.151420161547276906e-11 9.610635805615330705e-11 6.527250190953711892e-11 1.941005736355221038e-11 -2.161716812017227405e-12 1.287776208108229280e-11 1.246538921206074327e-11 1.297514646432063834e-11 1.136471086394673732e-11 -2.948303021059641644e-13 -3.404692479441232492e-13 3.435060929725229501e-12 1.058834689591292895e-14 -1.696904551628654175e-12 1.687086881952696646e-12 -8.315108724954475752e-12 5.124609689151476325e-12 -2.613254355976603366e-12 -5.718088718197175356e-12
1.386924111104161690e-10 2.231432911555144637e-10 9.553125105839344236e-11 9.015702411848401235e-10 1.475754253047032858e-10 6.097167664295753355e-11 3.643812090389836324e-11 7.130302308845332667e-11 -6.232536035685647536e-13 -4.917148509784075500e-13 2.198537084306856063e-11 4.194877767995350887e-12 -7.062373266061056755e-12 -1.061596429808677930e-11 -1.203771577161814811e-11 -1.267442663825614307e-12 -1.296781814207738093e-11 -8.252287394252776047e-12 4.202373571087931727e-12 2.120286375765462330e-12 2.949739499414621511e-12 1.295284673511543562e-11 5.577896086912435249e-12 9.146188387663223682e-14 -3.496837307616648715e-12 -5.871361700220849052e-12
1.455749212752844784e-10 8.733390698825299859e-11 1.217301796469563966e-10 1.475754253047032858e-10 5.588693515265088335e-10 7.055506696068837272e-11 4.325575140112367088e-11 2.645946152603672236e-11 6.410528040294622497e-11 1.102553799715905217e-11 1.608457343178733394e-11 1.895294818609748387e-11 5.536894072402306916e-12 7.229567668220004145e-12 9.921515161967791621e-12 1.138156610185078886e-11 6.935808582443581534e-12 -1.031029673437664349e-11 -3.216068082988740060e-12 -2.816702512902526036e-14 1.053218571568827495e-13 -1.202817579488500039e-12 -7.436893542238862246e-12 -3.071579678206387464e-12 6.889286673074801263e-13 3.559873922443269545e-13
9.088830549878839034e-11 1.010682777400507450e-10 4.441732284888230858e-11 6.097167664295753355e-11 7.055506696068837272e-11 4.042848483206830140e-10 4.611790278519687513e-11 3.004144861796226233e-11 3.957037698372795820e-11 1.319041068395076845e-11 1.757528121601136888e-11 1.212530092739556369e-11 1.456058947009953442e-11 9.031890450237677966e-12 2.639189427075875337e-13 -6.036407735478604874e-13 8.099964150833787883e-13 -4.536497564332764164e-12 -1.023729397961809864e-11 1.317625233875969455e-12 1.325715672407156989e-12 -4.719621716201984042e-12 1.344315562203143270e-12 3.957913030362642379e-12 -4.001706052274390106e-13 1.412909107745474313e-13
8.958363592614391993e-11 -4.404730424152168828e-11 6.601809887111020633e-11 3.643812090389836324e-11 4.325575140112367088e-11 4.611790278519687513e-11 2.642684330661456810e-10 5.479135800947844388e-11 4.207301893416126457e-11 1.787112203695241033e-11 1.676907338207172507e-11 3.144233225488238577e-12 1.732651073820995590e-11 -7.279780008186569269e-13 2.150492562490730087e-12 5.470169980920316115e-12 -3.518844620606209874e-12 1.806858002151454459e-12 7.967797140960868349e-12 6.941456811410999323e-12 9.375944928024610293e-12 7.247742051838381795e-12 1.056414988589246405e-13 -3.946976453368651222e-12 -2.205242255135588889e-12 -9.089481280191570396e-13
4.115387524628281917e-11 7.736558830683778792e-11 8.151420161547276906e-11 7.130302308845332667e-11 2.645946152603672236e-11 3.004144861796226233e-11 5.479135800947844388e-11 1.741476721034110841e-10 4.087867506385472719e-11 2.155643315127743694e-11 1.931666141357757785e-11 5.129330863350487485e-12 7.187687127728434246e-12 7.684765930768919403e-12 2.900666478013088971e-12 1.525790765249832033e-12 -5.894389871232689323e-12 -2.234853579348698464e-12 6.746039028778751519e-13 -1.829333195417528934e-12 -3.941453709155496389e-12 4.456164267069454356e-13 -6.096564364389050822e-12 -1.247021599283258436e-13 2.579096488271796850e-12 1.326054808139407279e-12
6.957855081150866471e-11 2.773438484096210223e-11 9.610635805615330705e-11 -6.232536035685647536e-13 6.410528040294622497e-11 3.957037698372795820e-11 4.207301893416126457e-11 4.087867506385472719e-11 1.383045711556150964e-10 4.046789050777074533e-11 2.019898601403605124e-11 1.381205838035336620e-11 8.371554141025907619e-12 1.329198869673435501e-11 5.056004980479940603e-12 3.658980077343378712e-12 1.676187774687464343e-12 -2.664848985848662468e-12 -1.388134093343655000e-12 5.871421964971612802e-12 3.428429224432929037e-12 2.099801730598882831e-12 2.773549869865956065e-12 7.110233344094453070e-12 1.415774256417988314e-12 -6.606187677488614087e-13
4.244514438546740068e-11 -2.456590386586187766e-11 6.527250190953711892e-11 -4.917148509784075500e-13 1.102553799715905217e-11 1.319041068395076845e-11 1.787112203695241033e-11 2.155643315127743694e-11 4.046789050777074533e-11 1.022169043613026622e-10 4.000819619792902907e-11 2.040166199899339397e-11 1.030506893976142296e-11 1.516432987375153747e-11 9.093482343264823919e-12 2.986454725768813856e-12 -1.301069818877198129e-12 -6.238368543493883770e-12 -5.107090253812755288e-12 -7.627019356230235897e-12 -5.989106863781792615e-12 7.007154386447803636e-13 3.434429875494102653e-13 4.670846854037971253e-12 1.833754354879723846e-12 2.146212318727188239e-12
5.741453868387234155e-11 -7.211333598664729540e-12 1.941005736355221038e-11 2.198537084306856063e-11 1.608457343178733394e-11 1.757528121601136888e-11 1.676907338207172507e-11 1.931666141357757785e-11 2.019898601403605124e-11 4.000819619792902907e-11 7.812772989421531019e-11 2.733724160867821359e-11 1.542979946710648688e-11 1.211668115640179096e-11 7.288793607008683299e-12 3.229896774803444394e-12 -2.097428550517570556e-12 -8.270052682527818370e-12 -5.629565820393462497e-12 -4.222944070703276655e-12 -2.767850322039943014e-12 1.532628453747129202e-12 -1.087087060019579265e-12 -2.572140373211216875e-12 9.256976115451927433e-14 2.800721154450369084e-12
-1.121720421947602518e-11 9.616635163368541805e-12 -2.161716812017227405e-12 4.194877767995350887e-12 1.895294818609748387e-11 1.212530092739556369e-11 3.144233225488238577e-12 5.129330863350487485e-12 1.381205838035336620e-11 2.040166199899339397e-11 2.733724160867821359e-11 5.622364629625393380e-11 2.437758060671985693e-11 1.083480031090275909e-11 9.039776480825638844e-12 -1.354090917900176998e-12 5.292422455166226775e-13 -7.078243484303718307e-12 -3.644679739467986700e-12 -1.011562933219408046e-12 7.515969095943240126e-13 3.808954119567033106e-12 -2.079622789610657933e-12 -8.256814640884758731e-13 -5.790274837634673213e-13 6.587323537630284853e-13
5.581792207727029181e-11 3.471437957983942776e-11 1.287776208108229280e-11 -7.062373266061056755e-12 5.536894072402306916e-12 1.456058947009953442e-11 1.732651073820995590e-11 7.187687127728434246e-12 8.371554141025907619e-12 1.030506893976142296e-11 1.542979946710648688e-11 2.437758060671985693e-11 4.604199937383455901e-11 1.834267449589610576e-11 1.077916616868381183e-11 4.637731298942462727e-12 1.655920183755431706e-12 -4.596519634347139784e-12 -1.210164052857209549e-12 -8.322809776108213435e-13 1.654589760115101358e-12 3.878730387101562886e-12 -4.859223946507918938e-13 -1.823445400629217915e-12 -3.053791112254074208e-13 1.097220661093458353e-12
4.035422387457097548e-11 7.788647022799448990e-12 1.246538921206074327e-11 -1.061596429808677930e-11 7.229567668220004145e-12 9.031890450237677966e-12 -7.279780008186569269e-13 7.684765930768919403e-12 1.329198869673435501e-11 1.516432987375153747e-11 1.211668115640179096e-11 1.083480031090275909e-11 1.834267449589610576e-11 3.453568334846516843e-11 1.608300961582731900e-11 9.097227231747023889e-12 4.438825853941630736e-12 8.336785040681796498e-13 1.271118914205135411e-12 3.795925055222471776e-12 3.642501964171465649e-12 4.594522665064597574e-12 5.135298727491446811e-13 1.801025705231855773e-12 2.087156717145734586e-12 -5.589688407608983706e-13
5.403808039395566053e-11 1.222790565575032582e-11 1.297514646432063834e-11 -1.203771577161814811e-11 9.921515161967791621e-12 2.639189427075875337e-13 2.150492562490730087e-12 2.900666478013088971e-12 5.056004980479940603e-12 9.093482343264823919e-12 7.288793607008683299e-12 9.039776480825638844e-12 1.077916616868381183e-11 1.608300961582731900e-11 3.237538284916850673e-11 1.323577878106190070e-11 7.184025668371929749e-12 -2.185232690600179743e-13 8.188639023129209245e-13 1.781566932001722088e-12 2.302768710002872952e-12 3.663024644888399171e-12 -9.103658715228694831e-13 -5.129184225732083899e-13 -9.214086356387869043e-13 -1.082315552907149722e-12
4.737746454837099759e-11 -1.270608762489319220e-12 1.136471086394673732e-11 -1.267442663825614307e-12 1.138156610185078886e-11 -6.036407735478604874e-13 5.470169980920316115e-12 1.525790765249832033e-12 3.658980077343378712e-12 2.986454725768813856e-12 3.229896774803444394e-12 -1.354090917900176998e-12 4.637731298942462727e-12 9.097227231747023889e-12 1.323577878106190070e-11 2.766529636168146115e-11 1.610176028334982000e-11 8.779594015085805821e-12 8.546801649039345270e-12 6.339348151829010421e-12 3.525178712775978021e-12 3.693590244249381775e-12 1.585572183070130285e-12 -1.251315503462119410e-12 -1.470547110898047794e-12 -6.952726132310848018e-13
4.545561670522394632e-11 -2.193967576527080994e-11 -2.948303021059641644e-13 -1.296781814207738093e-11 6.935808582443581534e-12 8.099964150833787883e-13 -3.518844620606209874e-12 -5.894389871232689323e-12 1.676187774687464343e-12 -1.301069818877198129e-12 -2.097428550517570556e-12 5.292422455166226775e-13 1.655920183755431706e-12 4.438825853941630736e-12 7.184025668371929749e-12 1.610176028334982000e-11 3.075254807323857903e-11 1.562374222825896671e-11 1.102634901501732548e-11 7.429848972671555749e-12 5.356935629658764303e-12 2.835433481695575656e-12 6.794635624420444985e-13 -5.179963446497554360e-13 -1.203319001824842215e-12 -7.196301613077025791e-13
9.884226022177439937e-12 -2.315611610427063440e-11 -3.404692479441232492e-13 -8.252287394252776047e-12 -1.031029673437664349e-11 -4.536497564332764164e-12 1.806858002151454459e-12 -2.234853579348698464e-12 -2.664848985848662468e-12 -6.238368543493883770e-12 -8.270052682527818370e-12 -7.078243484303718307e-12 -4.596519634347139784e-12 8.336785040681796498e-13 -2.185232690600179743e-13 8.779594015085805821e-12 1.562374222825896671e-11 2.639302414910222927e-11 1.663141147087384514e-11 9.335904217197869539e-12 4.513994993918446859e-12 1.748012443301423687e-12 2.365654174884725242e-13 1.638500890716023487e-13 -2.806874430033855645e-14 -6.650501927772382142e-13
-5.669655005008651551e-12 -1.824998718443727277e-11 3.435060929725229501e-12 4.202373571087931727e-12 -3.216068082988740060e-12 -1.023729397961809864e-11 7.967797140960868349e-12 6.746039028778751519e-13 -1.388134093343655000e-12 -5.107090253812755288e-12 -5.629565820393462497e-12 -3.644679739467986700e-12 -1.210164052857209549e-12 1.271118914205135411e-12 8.188639023129209245e-13 8.546801649039345270e-12 1.102634901501732548e-11 1.663141147087384514e-11 2.546870283124925939e-11 1.522100097910676153e-11 7.802274112026728678e-12 3.948724220659646179e-12 1.893774291116701794e-12 -8.479249800135133997e-14 -1.048610870478955113e-12 -8.161330238345049467e-13
-1.587865514430934609e-12 -2.040645288386565617e-11 1.058834689591292895e-14 2.120286375765462330e-12 -2.816702512902526036e-14 1.317625233875969455e-12 6.941456811410999323e-12 -1.829333195417528934e-12 5.871421964971612802e-12 -7.627019356230235897e-12 -4.222944070703276655e-12 -1.011562933219408046e-12 -8.322809776108213435e-13 3.795925055222471776e-12 1.781566932001722088e-12 6.339348151829010421e-12 7.429848972671555749e-12 9.335904217197869539e-12 1.522100097910676153e-11 2.319378511081920926e-11 1.438835476757633765e-11 7.580803783848931743e-12 4.855925831766000866e-12 1.923929345960235974e-12 8.648277411459588646e-14 -1.190916130698048112e-12
-1.743138466856250471e-12 -1.838670920180908364e-11 -1.696904551628654175e-12 2.949739499414621511e-12 1.053218571568827495e-13 1.325715672407156989e-12 9.375944928024610293e-12 -3.941453709155496389e-12 3.428429224432929037e-12 -5.989106863781792615e-12 -2.767850322039943014e-12 7.515969095943240126e-13 1.654589760115101358e-12 3.642501964171465649e-12 2.302768710002872952e-12 3.525178712775978021e-12 5.356935629658764303e-12 4.513994993918446859e-12 7.802274112026728678e-12 1.438835476757633765e-11 2.145044721056173019e-11 1.213583589573907450e-11 6.541077555836407913e-12 2.351712042524223397e-12 4.188945212169094939e-13 -9.710861743084619308e-13
6.484462548201551703e-12 -1.104898632403781816e-11 1.687086881952696646e-12 1.295284673511543562e-11 -1.202817579488500039e-12 -4.719621716201984042e-12 7.247742051838381795e-12 4.456164267069454356e-13 2.099801730598882831e-12 7.007154386447803636e-13 1.532628453747129202e-12 3.808954119567033106e-12 3.878730387101562886e-12 4.594522665064597574e-12 3.663024644888399171e-12 3.693590244249381775e-12 2.835433481695575656e-12 1.748012443301423687e-12 3.948724220659646179e-12 7.580803783848931743e-12 1.213583589573907450e-11 1.728959101411732573e-11 8.259180939092372852e-12 3.382415358197010280e-12 8.184978594354456499e-13 -8.022448942077532089e-13
5.250006599530535641e-12 -5.658628193077382265e-14 -8.315108724954475752e-12 5.577896086912435249e-12 -7.436893542238862246e-12 1.344315562203143270e-12 1.056414988589246405e-13 -6.096564364389050822e-12 2.773549869865956065e-12 3.434429875494102653e-13 -1.087087060019579265e-12 -2.079622789610657933e-12 -4.859223946507918938e-13 5.135298727491446811e-13 -9.103658715228694831e-13 1.585572183070130285e-12 6.794635624420444985e-13 2.365654174884725242e-13 1.893774291116701794e-12 4.855925831766000866e-12 6.541077555836407913e-12 8.259180939092372852e-12 1.243778844366728372e-11 4.324384529192954679e-12 3.268452183785643327e-13 -7.136202555319243175e-13
1.943721884414489088e-12 3.696309124333802476e-12 5.124609689151476325e-12 9.146188387663223682e-14 -3.071579678206387464e-12 3.957913030362642379e-12 -3.946976453368651222e-12 -1.247021599283258436e-13 7.110233344094453070e-12 4.670846854037971253e-12 -2.572140373211216875e-12 -8.256814640884758731e-13 -1.823445400629217915e-12 1.801025705231855773e-12 -5.129184225732083899e-13 -1.251315503462119410e-12 -5.179963446497554360e-13 1.638500890716023487e-13 -8.479249800135133997e-14 1.923929345960235974e-12 2.351712042524223397e-12 3.382415358197010280e-12 4.324384529192954679e-12 9.954963840778152327e-12 3.509750775019540231e-12 4.754100944092823675e-14
-4.368446357523559812e-12 -2.627645506841224563e-12 -2.613254355976603366e-12 -3.496837307616648715e-12 6.889286673074801263e-13 -4.001706052274390106e-13 -2.205242255135588889e-12 2.579096488271796850e-12 1.415774256417988314e-12 1.833754354879723846e-12 9.256976115451927433e-14 -5.790274837634673213e-13 -3.053791112254074208e-13 2.087156717145734586e-12 -9.214086356387869043e-13 -1.470547110898047794e-12 -1.203319001824842215e-12 -2.806874430033855645e-14 -1.048610870478955113e-12 8.648277411459588646e-14 4.188945212169094939e-13 8.184978594354456499e-13 3.268452183785643327e-13 3.509750775019540231e-12 7.675579035733013515e-12 2.670020573180679953e-12
-2.742991401457965009e-12 1.225180043024508138e-12 -5.718088718197175356e-12 -5.871361700220849052e-12 3.559873922443269545e-13 1.412909107745474313e-13 -9.089481280191570396e-13 1.326054808139407279e-12 -6.606187677488614087e-13 2.146212318727188239e-12 2.800721154450369084e-12 6.587323537630284853e-13 1.097220661093458353e-12 -5.589688407608983706e-13 -1.082315552907149722e-12 -6.952726132310848018e-13 -7.196301613077025791e-13 -6.650501927772382142e-13 -8.161330238345049467e-13 -1.190916130698048112e-12 -9.710861743084619308e-13 -8.022448942077532089e-13 -7.136202555319243175e-13 4.754100944092823675e-14 2.670020573180679953e-12 5.842707936161641835e-12
