4.370304244630404001e-09 3.976626769048204765e-10 1.169200711104534183e-10 1.963091738143245709e-10 1.077986156539747184e-10 9.979026858843006185e-11 2.409762745793958479e-11 -4.528432259122766411e-11 -2.784882074604754898e-11 1.145065324527290892e-11 -2.262298990363231068e-11 1.661270043287160452e-11 2.338053292070118841e-11 3.540327404503037317e-11 9.201178304793342584e-11 7.914461092550304464e-11 5.777930548637958217e-11 5.518954207236565624e-11 2.973833723949854824e-11 1.453613430969161342e-11 -1.547038259857543388e-11 -5.326222647501152127e-11 -3.870761620370440724e-11 -2.266918498731732980e-11 -5.799218509414253971e-12 -7.312625317241382946e-12
3.976626769048204765e-10 2.928329867642714751e-09 4.443011294556835943e-10 -2.820444585488333453e-11 2.115642976559979724e-10 1.489772819991262455e-11 -6.442422977303598110e-11 7.694224318671348628e-11 3.989469964307000466e-11 4.464937790603907291e-11 7.584319368236592963e-11 9.150640116425949616e-11 2.501836673781091559e-11 1.569371488561695623e-11 -4.389735041426723098e-11 3.703680890772159223e-12 1.521993425882839143e-11 4.876652230956118744e-13 1.175851128129163841e-11 1.882166461538033522e-11 3.212166474631019385e-11 1.326188841235757634e-12 -2.413611014385279952e-11 -2.036364955858078041e-11 9.567043333348873567e-12 2.082029644988899989e-11
1.169200711104534183e-10 4.443011294556835943e-10 1.949393063886693820e-09 1.167776127003389029e-10 5.865538197232670246e-11 1.591838538909828184e-10 1.059796154268559919e-10 9.564186357202412667e-11 8.677453635806977155e-11 7.041585700146330219e-11 6.009207273122966803e-11 5.183592984078244204e-11 7.545797644108045038e-11 2.104488522005140256e-11 8.687608838648726993e-12 7.549389668480338328e-12 -9.193214522974641353e-12 8.024702915963284249e-13 8.017052935355185833e-12 -5.038092267270145904e-13 1.153625097067380460e-11 8.786239305630830001e-12 -1.455327619944569063e-11 -9.720156717745621768e-12 -1.745363675904039997e-12 -9.351963307702332213e-12
1.963091738143245709e-10 -2.820444585488333453e-11 1.167776127003389029e-10 1.446203063611546876e-09 2.739714306567252582e-10 6.320385256474308703e-11 5.563955002574186707e-11 3.831911001343109305e-11 -3.888567847732925164e-11 8.296405660045519436e-11 1.860556626902973479e-11 3.161479291491649274e-12 3.582908718455598822e-12 -6.780780227126005474e-12 -1.073521584526696826e-12 -3.039078028814700594e-12 6.423021524362307464e-12 1.649335943420468409e-11 9.780107156220808148e-12 1.403162444858855652e-11 2.647473649540021415e-11 1.189801964848050599e-11 -1.985790459547643990e-13 1.286418928851018930e-13 5.516334628967728143e-12 9.519364641071124287e-13
1.077986156539747184e-10 2.115642976559979724e-10 5.865538197232670246e-11 2.739714306567252582e-10 9.189287339753701345e-10 1.387832160591380950e-10 7.553815417030109388e-11 3.051212609238717504e-11 3.511599934243601798e-11 7.317471950056354743e-11 6.219133175456128101e-12 -1.148501586824877349e-12 -4.753818947641642474e-12 1.628106649118369518e-11 1.683023962480447859e-11 -1.155724745909185149e-11 -2.055035717027102750e-11 -8.745695511632189005e-12 2.595622333994241691e-11 1.835692711396495278e-11 -2.534877681228581226e-12 7.756272703403957648e-12 -3.588586878008932863e-12 -1.447246436413879424e-12 -4.139347973433856870e-12 3.031001626683941049e-12
9.979026858843006185e-11 1.489772819991262455e-11 1.591838538909828184e-10 6.320385256474308703e-11 1.387832160591380950e-10 5.540961898109339794e-10 9.194857321954459129e-11 5.823964900673727781e-11 4.532477693983900193e-11 2.583043903021754207e-11 -5.687113073777377119e-12 -8.263715667539405195e-13 -3.378819762815609995e-12 -9.833791692783918288e-12 1.512387187792792385e-11 1.074465193329611684e-11 1.340444959171828393e-11 1.365438131768706199e-11 9.938933477508022044e-12 -8.292221331569660618e-12 -1.922173765859608021e-12 -6.794003409799014861e-12 -7.194638070024599570e-14 1.582183668097878519e-11 -4.751605170059670887e-12 -4.212511578963720138e-12
2.409762745793958479e-11 -6.442422977303598110e-11 1.059796154268559919e-10 5.563955002574186707e-11 7.553815417030109388e-11 9.194857321954459129e-11 3.450238946628465533e-10 5.149219233663172275e-11 3.495949899306877865e-11 3.967169707332310639e-11 1.930380729607342328e-11 5.256235061333583050e-12 1.001279227103969822e-11 1.349092847409889383e-12 4.176307436941024763e-12 -6.981310545882756142e-13 -3.330965002668938065e-12 3.316275322760222102e-12 7.173167366021679767e-12 -6.298206009624949402e-12 -1.472830618040869743e-11 -1.004784992307993023e-11 -8.501202544163453203e-12 1.768684184520931729e-12 1.017952833045197749e-12 1.419965576901411687e-12
-4.528432259122766411e-11 7.694224318671348628e-11 9.564186357202412667e-11 3.831911001343109305e-11 3.051212609238717504e-11 5.823964900673727781e-11 5.149219233663172275e-11 2.935569063066307635e-10 4.985609996700112911e-11 4.677363600820457419e-11 2.917797809460170517e-11 3.331358604815971677e-11 1.995545713557295981e-11 1.444610485900382500e-11 8.950877181360458614e-12 8.616898764754775867e-12 1.171264029059644907e-11 9.012947032050099721e-12 5.477690026434622262e-12 3.243909406539577150e-13 3.023253207380752767e-12 6.281686353241465940e-13 2.909060484994188413e-12 6.954265938770480849e-12 7.055096821144216606e-12 3.350535042189603893e-12
-2.784882074604754898e-11 3.989469964307000466e-11 8.677453635806977155e-11 -3.888567847732925164e-11 3.511599934243601798e-11 4.532477693983900193e-11 3.495949899306877865e-11 4.985609996700112911e-11 1.846736766693682483e-10 5.993024419309045584e-11 3.900392099816204612e-11 2.066912967074064085e-11 1.998028541122277139e-11 9.134913078748994235e-12 1.723317954624452775e-12 -4.322734938704250695e-12 6.399981341066569675e-14 1.698050600437885266e-12 1.436260834815623076e-12 -1.578041681249815389e-11 -1.492594501858540639e-11 -7.711026160346389147e-12 -3.517751712063663650e-12 -3.716654572416377023e-12 1.011493377628861063e-12 1.019787521337538713e-12
1.145065324527290892e-11 4.464937790603907291e-11 7.041585700146330219e-11 8.296405660045519436e-11 7.317471950056354743e-11 2.583043903021754207e-11 3.967169707332310639e-11 4.677363600820457419e-11 5.993024419309045584e-11 1.831246176295633187e-10 5.311498216004621189e-11 3.304791543017197847e-11 2.538955210141029669e-11 9.001604335687091934e-12 3.994723016698843398e-12 5.248453636437264356e-12 6.263086228394610258e-12 1.073436601146055320e-11 1.063698078351569296e-11 6.032755653392354275e-12 6.382023999536389691e-12 -3.914377201631029145e-13 1.393919741348184596e-12 1.621840839861273000e-13 -4.444821338780726208e-13 5.648069320176591707e-12
-2.262298990363231068e-11 7.584319368236592963e-11 6.009207273122966803e-11 1.860556626902973479e-11 6.219133175456128101e-12 -5.687113073777377119e-12 1.930380729607342328e-11 2.917797809460170517e-11 3.900392099816204612e-11 5.311498216004621189e-11 9.879409100458398143e-11 4.387193577158483272e-11 2.656607897076061620e-11 9.797423021358349267e-12 8.372343286311307661e-12 7.281180775488738052e-12 7.672936182586508427e-12 1.158780070574669429e-11 7.902431792205097135e-12 -1.309237082336789223e-12 -2.218632484661853280e-12 -2.516662850851733025e-12 1.059176135424862265e-12 -1.739373819325854498e-12 2.463610592110945231e-13 4.869474553484310570e-12
1.661270043287160452e-11 9.150640116425949616e-11 5.183592984078244204e-11 3.161479291491649274e-12 -1.148501586824877349e-12 -8.263715667539405195e-13 5.256235061333583050e-12 3.331358604815971677e-11 2.066912967074064085e-11 3.304791543017197847e-11 4.387193577158483272e-11 9.550786702887569068e-11 3.848413988124129620e-11 1.535181253999190789e-11 6.987477380218055767e-12 6.781736153786107788e-12 5.848019600708084504e-12 1.144503244410801022e-11 4.268812800023115683e-12 -1.899673940459096847e-12 -4.189604221141193411e-12 -7.056475877948865037e-13 4.293596254590788238e-12 2.292736528505497526e-12 2.896558146501329407e-12 5.476731557478775305e-12
2.338053292070118841e-11 2.501836673781091559e-11 7.545797644108045038e-11 3.582908718455598822e-12 -4.753818947641642474e-12 -3.378819762815609995e-12 1.001279227103969822e-11 1.995545713557295981e-11 1.998028541122277139e-11 2.538955210141029669e-11 2.656607897076061620e-11 3.848413988124129620e-11 7.658443867000470112e-11 3.163028100212122609e-11 2.091090890455507358e-11 1.148935192981705925e-11 6.565196097498631380e-12 4.230122397920664158e-12 2.127247859570804238e-12 -3.531162190714528188e-12 -6.387531453535575092e-12 -8.315819755442156009e-12 -2.860813529587552785e-12 -3.392953994188094401e-12 9.268521513576003737e-14 1.918044590359154631e-12
3.540327404503037317e-11 1.569371488561695623e-11 2.104488522005140256e-11 -6.780780227126005474e-12 1.628106649118369518e-11 -9.833791692783918288e-12 1.349092847409889383e-12 1.444610485900382500e-11 9.134913078748994235e-12 9.001604335687091934e-12 9.797423021358349267e-12 1.535181253999190789e-11 3.163028100212122609e-11 6.292468731413688077e-11 3.570171587129406234e-11 1.733028005144471453e-11 1.436705111031703774e-11 3.518978979862501492e-12 5.920267179224493542e-12 1.590221599198593231e-12 -1.464281882858329081e-12 -3.090450447306590753e-12 1.691534569115798992e-12 3.335742828112127909e-13 -1.925389197313315432e-12 -1.687763121025609259e-12
9.201178304793342584e-11 -4.389735041426723098e-11 8.687608838648726993e-12 -1.073521584526696826e-12 1.683023962480447859e-11 1.512387187792792385e-11 4.176307436941024763e-12 8.950877181360458614e-12 1.723317954624452775e-12 3.994723016698843398e-12 8.372343286311307661e-12 6.987477380218055767e-12 2.091090890455507358e-11 3.570171587129406234e-11 6.461926832249345757e-11 3.579860201141827445e-11 2.710289164494644585e-11 1.782072437919056981e-11 1.059741085077332892e-11 7.631086521433022679e-12 1.818975578221208781e-12 -4.733600922508036690e-13 1.704767361113629448e-12 8.542679326217658249e-13 8.097475183821075244e-13 4.197735248203434319e-13
7.914461092550304464e-11 3.703680890772159223e-12 7.549389668480338328e-12 -3.039078028814700594e-12 -1.155724745909185149e-11 1.074465193329611684e-11 -6.981310545882756142e-13 8.616898764754775867e-12 -4.322734938704250695e-12 5.248453636437264356e-12 7.281180775488738052e-12 6.781736153786107788e-12 1.148935192981705925e-11 1.733028005144471453e-11 3.579860201141827445e-11 5.366091005042623614e-11 3.812026165088156200e-11 2.204779457340721680e-11 9.160964668307878670e-12 7.320323185795311494e-12 3.532119770146652223e-12 -2.837230780572929258e-14 2.194698564159800005e-12 5.546681487942332409e-13 -1.976316112169180243e-12 1.345629459462006823e-12
5.777930548637958217e-11 1.521993425882839143e-11 -9.193214522974641353e-12 6.423021524362307464e-12 -2.055035717027102750e-11 1.340444959171828393e-11 -3.330965002668938065e-12 1.171264029059644907e-11 6.399981341066569675e-14 6.263086228394610258e-12 7.672936182586508427e-12 5.848019600708084504e-12 6.565196097498631380e-12 1.436705111031703774e-11 2.710289164494644585e-11 3.812026165088156200e-11 6.255648799774637571e-11 3.453157732292744832e-11 1.609997930491342277e-11 1.073144896762659936e-11 7.692803651897386913e-12 1.537490826288403089e-12 1.567282798633266764e-12 1.673743364689256495e-12 2.419705121338531981e-13 -1.092152118545012848e-12
5.518954207236565624e-11 4.876652230956118744e-13 8.024702915963284249e-13 1.649335943420468409e-11 -8.745695511632189005e-12 1.365438131768706199e-11 3.316275322760222102e-12 9.012947032050099721e-12 1.698050600437885266e-12 1.073436601146055320e-11 1.158780070574669429e-11 1.144503244410801022e-11 4.230122397920664158e-12 3.518978979862501492e-12 1.782072437919056981e-11 2.204779457340721680e-11 3.453157732292744832e-11 5.670677127586421819e-11 3.265646651352999223e-11 1.971211577575300558e-11 8.761109010327255682e-12 3.674000268153179242e-13 8.048821285399965902e-13 1.866735573836803164e-12 -9.441322054325143220e-13 8.281316086252360474e-13
2.973833723949854824e-11 1.175851128129163841e-11 8.017052935355185833e-12 9.780107156220808148e-12 2.595622333994241691e-11 9.938933477508022044e-12 7.173167366021679767e-12 5.477690026434622262e-12 1.436260834815623076e-12 1.063698078351569296e-11 7.902431792205097135e-12 4.268812800023115683e-12 2.127247859570804238e-12 5.920267179224493542e-12 1.059741085077332892e-11 9.160964668307878670e-12 1.609997930491342277e-11 3.265646651352999223e-11 5.229009087046015764e-11 3.582417244384661172e-11 1.442749405364102597e-11 5.476823196070352395e-12 9.317026296681675932e-13 2.146367564563624260e-12 -1.071818054335613115e-12 5.731352222988444255e-13
1.453613430969161342e-11 1.882166461538033522e-11 -5.038092267270145904e-13 1.403162444858855652e-11 1.835692711396495278e-11 -8.292221331569660618e-12 -6.298206009624949402e-12 3.243909406539577150e-13 -1.578041681249815389e-11 6.032755653392354275e-12 -1.309237082336789223e-12 -1.899673940459096847e-12 -3.531162190714528188e-12 1.590221599198593231e-12 7.631086521433022679e-12 7.320323185795311494e-12 1.073144896762659936e-11 1.971211577575300558e-11 3.582417244384661172e-11 5.884758177258766322e-11 3.088970322737134767e-11 1.237789082208669084e-11 1.711301108741458333e-12 1.080469859827702418e-12 -3.156370400600727892e-14 -1.030564367908532171e-13
-1.547038259857543388e-11 3.212166474631019385e-11 1.153625097067380460e-11 2.647473649540021415e-11 -2.534877681228581226e-12 -1.922173765859608021e-12 -1.472830618040869743e-11 3.023253207380752767e-12 -1.492594501858540639e-11 6.382023999536389691e-12 -2.218632484661853280e-12 -4.189604221141193411e-12 -6.387531453535575092e-12 -1.464281882858329081e-12 1.818975578221208781e-12 3.532119770146652223e-12 7.692803651897386913e-12 8.761109010327255682e-12 1.442749405364102597e-11 3.088970322737134767e-11 4.623289184925238258e-11 2.169656305749902388e-11 5.985289617283460692e-12 2.660332023423208558e-12 1.412259724017673470e-12 3.456256968639393900e-13
-5.326222647501152127e-11 1.326188841235757634e-12 8.786239305630830001e-12 1.189801964848050599e-11 7.756272703403957648e-12 -6.794003409799014861e-12 -1.004784992307993023e-11 6.281686353241465940e-13 -7.711026160346389147e-12 -3.914377201631029145e-13 -2.516662850851733025e-12 -7.056475877948865037e-13 -8.315819755442156009e-12 -3.090450447306590753e-12 -4.733600922508036690e-13 -2.837230780572929258e-14 1.537490826288403089e-12 3.674000268153179242e-13 5.476823196070352395e-12 1.237789082208669084e-11 2.169656305749902388e-11 3.024055101978557722e-11 1.157018751988272568e-11 5.537573235312757202e-12 3.001824298059190213e-12 -1.302593024523764632e-12
-3.870761620370440724e-11 -2.413611014385279952e-11 -1.455327619944569063e-11 -1.985790459547643990e-13 -3.588586878008932863e-12 -7.194638070024599570e-14 -8.501202544163453203e-12 2.909060484994188413e-12 -3.517751712063663650e-12 1.393919741348184596e-12 1.059176135424862265e-12 4.293596254590788238e-12 -2.860813529587552785e-12 1.691534569115798992e-12 1.704767361113629448e-12 2.194698564159800005e-12 1.567282798633266764e-12 8.048821285399965902e-13 9.317026296681675932e-13 1.711301108741458333e-12 5.985289617283460692e-12 1.157018751988272568e-11 2.350239074963990988e-11 1.093149440972898132e-11 1.370329988332799696e-12 -3.046981239725855701e-13
-2.266918498731732980e-11 -2.036364955858078041e-11 -9.720156717745621768e-12 1.286418928851018930e-13 -1.447246436413879424e-12 1.582183668097878519e-11 1.768684184520931729e-12 6.954265938770480849e-12 -3.716654572416377023e-12 1.621840839861273000e-13 -1.739373819325854498e-12 2.292736528505497526e-12 -3.392953994188094401e-12 3.335742828112127909e-13 8.542679326217658249e-13 5.546681487942332409e-13 1.673743364689256495e-12 1.866735573836803164e-12 2.146367564563624260e-12 1.080469859827702418e-12 2.660332023423208558e-12 5.537573235312757202e-12 1.093149440972898132e-11 1.845694197564902643e-11 3.444010855465552751e-12 3.182968199035242639e-13
-5.799218509414253971e-12 9.567043333348873567e-12 -1.745363675904039997e-12 5.516334628967728143e-12 -4.139347973433856870e-12 -4.751605170059670887e-12 1.017952833045197749e-12 7.055096821144216606e-12 1.011493377628861063e-12 -4.444821338780726208e-13 2.463610592110945231e-13 2.896558146501329407e-12 9.268521513576003737e-14 -1.925389197313315432e-12 8.097475183821075244e-13 -1.976316112169180243e-12 2.419705121338531981e-13 -9.441322054325143220e-13 -1.071818054335613115e-12 -3.156370400600727892e-14 1.412259724017673470e-12 3.001824298059190213e-12 1.370329988332799696e-12 3.444010855465552751e-12 1.265820153676370182e-11 2.511781163921088104e-12
-7.312625317241382946e-12 2.082029644988899989e-11 -9.351963307702332213e-12 9.519364641071124287e-13 3.031001626683941049e-12 -4.212511578963720138e-12 1.419965576901411687e-12 3.350535042189603893e-12 1.019787521337538713e-12 5.648069320176591707e-12 4.869474553484310570e-12 5.476731557478775305e-12 1.918044590359154631e-12 -1.687763121025609259e-12 4.197735248203434319e-13 1.345629459462006823e-12 -1.092152118545012848e-12 8.281316086252360474e-13 5.731352222988444255e-13 -1.030564367908532171e-13 3.456256968639393900e-13 -1.302593024523764632e-12 -3.046981239725855701e-13 3.182968199035242639e-13 2.511781163921088104e-12 1.199758622006973275e-11
