7.230214572339191793e-09 3.726551913855394690e-09 2.509506319878255244e-09 2.238727514889197478e-09 1.794004224330880482e-09 1.414442527881695119e-09 1.203478160367784288e-09 1.024201889832672097e-09 7.648541408857702671e-10 6.028923628407247952e-10 5.612182051432462977e-10 4.300846128387647368e-10 4.251682923944912875e-10 4.123334244187779421e-10 4.139520855833604781e-10 3.481033756167435982e-10 2.939013894092246876e-10 2.168247318276886353e-10 1.371897493421588892e-10 8.464472053007155574e-11 6.506078728727059990e-11 1.657763735627027513e-11 2.832855177036124777e-11 7.890036818465425468e-11 6.782152049297898170e-11 2.829384434741122298e-11
3.726551913855394690e-09 5.462006315685907744e-09 2.188201202564950928e-09 2.041101766687232367e-09 1.634233812587069265e-09 1.316890194180163644e-09 1.140608076177773112e-09 9.329104489300306859e-10 7.599776493119137069e-10 6.032252179838997690e-10 5.479644356767413213e-10 4.399933639346468903e-10 3.083300503069500521e-10 2.534049459090684205e-10 2.259602636552464346e-10 2.465673201846515915e-10 2.386344194978585871e-10 1.482933395222360410e-10 9.670773546980790389e-11 5.587437549805226016e-11 5.122870422190440381e-11 5.931498598831919758e-11 7.920373279311050780e-11 6.788479859355313534e-11 4.639050972332180911e-11 3.666370055284927339e-11
2.509506319878255244e-09 2.188201202564950928e-09 3.173991989463224809e-09 1.591936918503767290e-09 1.306906668242674891e-09 9.124911883075018675e-10 7.434953087131546671e-10 6.546840948304599243e-10 4.812234379207978190e-10 4.205755499761563508e-10 3.909332227163827419e-10 3.008279332249647430e-10 3.171298066847915245e-10 2.454691827264628809e-10 2.238762617993966369e-10 2.263736150660976137e-10 1.871479476447896967e-10 1.348096747891990154e-10 7.555310763264576611e-11 4.354208525240458091e-11 2.623464998244276707e-11 3.026644347034063904e-11 4.251971549236792712e-11 3.427021442896785471e-11 8.499564422985123247e-12 1.590344940107967963e-11
2.238727514889197478e-09 2.041101766687232367e-09 1.591936918503767290e-09 2.357992167677139932e-09 1.248977329168844846e-09 8.855274840137064467e-10 6.325851302139814945e-10 6.195436930567676926e-10 4.395396459404757511e-10 3.515848499222653246e-10 3.168913099005619535e-10 2.598316266400494725e-10 2.524336110653914431e-10 1.909917566982675741e-10 1.712294330545004897e-10 1.839729081289482656e-10 1.546669281763583491e-10 1.123335540156967711e-10 7.494133058847300639e-11 3.075013498849822566e-11 1.293675065490552289e-11 2.875476107706124075e-11 4.077680834758938371e-11 3.752492908433150810e-11 1.386349327914981549e-11 9.420522930497529999e-12
1.794004224330880482e-09 1.634233812587069265e-09 1.306906668242674891e-09 1.248977329168844846e-09 1.637474700885301198e-09 8.013797750000531548e-10 6.058313797509956929e-10 5.245460283738470908e-10 4.121708887393401115e-10 3.171938623683293471e-10 3.182556372355487040e-10 2.135509880955701767e-10 2.188575144487554412e-10 1.721371388596396210e-10 1.669075823121934036e-10 1.756626953249765950e-10 1.707572581588410573e-10 1.296571639396877662e-10 7.906109228463378568e-11 4.239453519420770257e-11 4.151010049507004605e-11 3.190561972744918502e-11 2.243671923076017327e-11 3.105965888785359014e-11 2.909367436317097359e-11 1.868305944553941951e-11
1.414442527881695119e-09 1.316890194180163644e-09 9.124911883075018675e-10 8.855274840137064467e-10 8.013797750000531548e-10 1.084739763233794244e-09 5.167048562965106924e-10 4.238390007695653097e-10 3.503004437059318049e-10 2.775832726458659969e-10 2.398915908150639531e-10 1.579696444335043431e-10 1.369010984670910954e-10 1.076890739181258701e-10 1.053864842443357082e-10 9.878442150865087791e-11 9.686885319586528055e-11 8.373136332578178491e-11 3.304247881649478203e-11 1.069957266038634284e-11 1.186220221500048071e-11 7.467940861418218483e-12 1.486447980915451000e-11 2.185038107142481094e-11 1.589077006912092910e-11 2.303914608874203652e-11
1.203478160367784288e-09 1.140608076177773112e-09 7.434953087131546671e-10 6.325851302139814945e-10 6.058313797509956929e-10 5.167048562965106924e-10 7.403340551923934595e-10 3.898453439836094715e-10 3.049013894516446944e-10 2.807316335203760941e-10 2.181566025940340595e-10 1.707645729580717239e-10 1.377107420612968853e-10 1.056275437781848677e-10 1.110488990442374622e-10 1.029997217179669807e-10 8.629858515035773719e-11 6.247765284640351652e-11 3.447312917943775863e-11 3.784625980969200720e-11 1.434774524665376989e-11 -2.855223821177080000e-12 -1.833562751094873391e-12 1.749872237081213091e-11 3.866937343822298293e-12 6.078555892253942235e-12
1.024201889832672097e-09 9.329104489300306859e-10 6.546840948304599243e-10 6.195436930567676926e-10 5.245460283738470908e-10 4.238390007695653097e-10 3.898453439836094715e-10 5.133524495639906650e-10 2.569161468856881455e-10 2.065451620827686088e-10 1.721180897418413173e-10 1.389659962849764921e-10 1.216952295535201685e-10 9.856755137047995674e-11 9.818103696411552343e-11 9.292015170145181286e-11 9.784725697029968259e-11 7.137245145483646012e-11 4.356976199707710184e-11 2.579207163554615064e-11 1.600300005290658787e-11 1.542861104641779402e-11 1.527177516813436277e-11 2.592443613537003087e-11 8.632553566066556064e-12 1.102372398237935547e-11
7.648541408857702671e-10 7.599776493119137069e-10 4.812234379207978190e-10 4.395396459404757511e-10 4.121708887393401115e-10 3.503004437059318049e-10 3.049013894516446944e-10 2.569161468856881455e-10 3.786124555142636932e-10 2.107633874369135180e-10 1.654973955143763694e-10 1.283909712951372480e-10 1.008094229463171497e-10 8.448592606293435444e-11 8.303490706161547409e-11 6.958255997070590097e-11 5.941867888844312037e-11 4.983004835009182468e-11 3.178569966317428424e-11 2.570011818186136656e-11 1.861904607008161525e-11 1.012102408913004014e-11 1.245978316822478965e-11 1.249989997734412330e-11 6.352975450572482953e-12 9.889080576779700932e-12
6.028923628407247952e-10 6.032252179838997690e-10 4.205755499761563508e-10 3.515848499222653246e-10 3.171938623683293471e-10 2.775832726458659969e-10 2.807316335203760941e-10 2.065451620827686088e-10 2.107633874369135180e-10 2.888901610332889075e-10 1.730047074618856148e-10 1.249598465149168575e-10 9.089641605839308652e-11 7.656662665733346317e-11 7.381658781417487530e-11 6.013081754765980774e-11 4.688985709812210355e-11 3.961583089995583808e-11 2.336725469215229610e-11 8.171730916949580289e-12 6.198592916101548639e-12 4.751092077764102464e-12 2.591377587923940597e-12 3.251276382398581869e-12 8.664390049328053106e-12 1.550306426654272813e-11
5.612182051432462977e-10 5.479644356767413213e-10 3.909332227163827419e-10 3.168913099005619535e-10 3.182556372355487040e-10 2.398915908150639531e-10 2.181566025940340595e-10 1.721180897418413173e-10 1.654973955143763694e-10 1.730047074618856148e-10 2.315242880316396964e-10 1.435160716329976625e-10 9.763737103224108273e-11 7.173228305505202368e-11 6.920293953787179032e-11 7.056142086083103603e-11 5.379958142964266516e-11 4.405027407356288011e-11 2.485255862789289263e-11 1.485279188593051571e-11 1.922719206539922782e-11 1.472553629349417497e-11 8.760422031685757885e-12 6.143289889440828759e-12 9.533824880940287961e-12 1.818635084475125713e-11
4.300846128387647368e-10 4.399933639346468903e-10 3.008279332249647430e-10 2.598316266400494725e-10 2.135509880955701767e-10 1.579696444335043431e-10 1.707645729580717239e-10 1.389659962849764921e-10 1.283909712951372480e-10 1.249598465149168575e-10 1.435160716329976625e-10 1.893358731363764190e-10 1.144713199524680494e-10 8.523511507137073174e-11 7.396551822157816488e-11 5.986856517209229098e-11 4.189780208448355205e-11 3.759410933901083940e-11 2.469257603229494532e-11 1.075394030870197386e-11 2.176699042816191705e-11 1.722993212262260889e-11 1.524459270719693229e-11 1.454427358669122843e-11 6.300824957203626598e-12 1.386681464541875491e-11
4.251682923944912875e-10 3.083300503069500521e-10 3.171298066847915245e-10 2.524336110653914431e-10 2.188575144487554412e-10 1.369010984670910954e-10 1.377107420612968853e-10 1.216952295535201685e-10 1.008094229463171497e-10 9.089641605839308652e-11 9.763737103224108273e-11 1.144713199524680494e-10 1.429897775137646275e-10 8.978437048903888605e-11 7.442024898052242487e-11 5.333240235829909396e-11 3.976474124740591189e-11 3.552786793214018606e-11 2.584185079442653484e-11 1.116497192164398783e-11 9.369242284552790898e-12 1.130209974590654279e-11 1.484896751761760375e-11 1.650880948358648525e-11 5.439607930037274765e-12 9.001749639813441896e-12
4.123334244187779421e-10 2.534049459090684205e-10 2.454691827264628809e-10 1.909917566982675741e-10 1.721371388596396210e-10 1.076890739181258701e-10 1.056275437781848677e-10 9.856755137047995674e-11 8.448592606293435444e-11 7.656662665733346317e-11 7.173228305505202368e-11 8.523511507137073174e-11 8.978437048903888605e-11 1.164925891815883926e-10 8.648565530931758151e-11 5.671437020409758105e-11 3.523372360678807826e-11 2.697506758358035126e-11 1.949025231992879296e-11 6.424092220570664324e-12 4.412565288868657317e-12 3.772365874383335290e-12 5.883087929193163248e-12 1.279150822006879597e-11 3.574971946558532810e-12 6.012629278977333573e-12
4.139520855833604781e-10 2.259602636552464346e-10 2.238762617993966369e-10 1.712294330545004897e-10 1.669075823121934036e-10 1.053864842443357082e-10 1.110488990442374622e-10 9.818103696411552343e-11 8.303490706161547409e-11 7.381658781417487530e-11 6.920293953787179032e-11 7.396551822157816488e-11 7.442024898052242487e-11 8.648565530931758151e-11 1.212236244460905887e-10 9.165141611520762653e-11 6.448011109079935670e-11 4.609197469484119626e-11 2.983042398397519268e-11 1.386414251680010747e-11 1.424770609456903568e-11 4.842004243756039866e-12 1.421925218551062050e-13 2.998432824358077747e-12 -1.255937622079999416e-13 6.975683926293580689e-12
3.481033756167435982e-10 2.465673201846515915e-10 2.263736150660976137e-10 1.839729081289482656e-10 1.756626953249765950e-10 9.878442150865087791e-11 1.029997217179669807e-10 9.292015170145181286e-11 6.958255997070590097e-11 6.013081754765980774e-11 7.056142086083103603e-11 5.986856517209229098e-11 5.333240235829909396e-11 5.671437020409758105e-11 9.165141611520762653e-11 1.186850339125811443e-10 8.533381668148005991e-11 6.070775831865440071e-11 3.664075780997935916e-11 1.858197540473958186e-11 2.440744581686261818e-11 9.668404708353421313e-12 3.997201400784939444e-13 -1.816965105967467418e-12 2.252963825584075907e-13 6.637298010198251669e-12
2.939013894092246876e-10 2.386344194978585871e-10 1.871479476447896967e-10 1.546669281763583491e-10 1.707572581588410573e-10 9.686885319586528055e-11 8.629858515035773719e-11 9.784725697029968259e-11 5.941867888844312037e-11 4.688985709812210355e-11 5.379958142964266516e-11 4.189780208448355205e-11 3.976474124740591189e-11 3.523372360678807826e-11 6.448011109079935670e-11 8.533381668148005991e-11 1.088174410023771828e-10 8.492182387921632330e-11 4.697898308132412938e-11 2.746193914037437823e-11 2.834501227917140226e-11 1.738025645801337688e-11 -4.848631050516774131e-13 3.056091885427948952e-12 2.471325983974778613e-12 6.922597841534877543e-12
2.168247318276886353e-10 1.482933395222360410e-10 1.348096747891990154e-10 1.123335540156967711e-10 1.296571639396877662e-10 8.373136332578178491e-11 6.247765284640351652e-11 7.137245145483646012e-11 4.983004835009182468e-11 3.961583089995583808e-11 4.405027407356288011e-11 3.759410933901083940e-11 3.552786793214018606e-11 2.697506758358035126e-11 4.609197469484119626e-11 6.070775831865440071e-11 8.492182387921632330e-11 1.137915349244519560e-10 7.425725761021626623e-11 4.313685929723786827e-11 3.885510376214482857e-11 2.266955755010766191e-11 -2.952665116303686836e-12 4.881258322409342605e-12 4.075027374659882511e-12 6.226413835244797594e-12
1.371897493421588892e-10 9.670773546980790389e-11 7.555310763264576611e-11 7.494133058847300639e-11 7.906109228463378568e-11 3.304247881649478203e-11 3.447312917943775863e-11 4.356976199707710184e-11 3.178569966317428424e-11 2.336725469215229610e-11 2.485255862789289263e-11 2.469257603229494532e-11 2.584185079442653484e-11 1.949025231992879296e-11 2.983042398397519268e-11 3.664075780997935916e-11 4.697898308132412938e-11 7.425725761021626623e-11 9.292360018657892156e-11 6.457037214942371328e-11 4.494940237363926735e-11 3.238611147872493896e-11 1.321532457850786829e-11 1.062428090467342885e-11 1.641167361649124637e-12 -8.826229160710636039e-13
8.464472053007155574e-11 5.587437549805226016e-11 4.354208525240458091e-11 3.075013498849822566e-11 4.239453519420770257e-11 1.069957266038634284e-11 3.784625980969200720e-11 2.579207163554615064e-11 2.570011818186136656e-11 8.171730916949580289e-12 1.485279188593051571e-11 1.075394030870197386e-11 1.116497192164398783e-11 6.424092220570664324e-12 1.386414251680010747e-11 1.858197540473958186e-11 2.746193914037437823e-11 4.313685929723786827e-11 6.457037214942371328e-11 8.670404027583120862e-11 6.462082805904865504e-11 4.229406657818197902e-11 2.044787136206877048e-11 1.066015314479533735e-11 -5.199739913919646470e-12 -6.282273637572327542e-12
6.506078728727059990e-11 5.122870422190440381e-11 2.623464998244276707e-11 1.293675065490552289e-11 4.151010049507004605e-11 1.186220221500048071e-11 1.434774524665376989e-11 1.600300005290658787e-11 1.861904607008161525e-11 6.198592916101548639e-12 1.922719206539922782e-11 2.176699042816191705e-11 9.369242284552790898e-12 4.412565288868657317e-12 1.424770609456903568e-11 2.440744581686261818e-11 2.834501227917140226e-11 3.885510376214482857e-11 4.494940237363926735e-11 6.462082805904865504e-11 9.137948893916723242e-11 5.750413622854647954e-11 2.754736283463374273e-11 1.484760804772770221e-11 3.843193308494229450e-12 -3.544938497819433847e-13
1.657763735627027513e-11 5.931498598831919758e-11 3.026644347034063904e-11 2.875476107706124075e-11 3.190561972744918502e-11 7.467940861418218483e-12 -2.855223821177080000e-12 1.542861104641779402e-11 1.012102408913004014e-11 4.751092077764102464e-12 1.472553629349417497e-11 1.722993212262260889e-11 1.130209974590654279e-11 3.772365874383335290e-12 4.842004243756039866e-12 9.668404708353421313e-12 1.738025645801337688e-11 2.266955755010766191e-11 3.238611147872493896e-11 4.229406657818197902e-11 5.750413622854647954e-11 8.033345353467836009e-11 4.732753488810338663e-11 2.456600697519313225e-11 1.093788656110126262e-11 1.024129408700400446e-12
2.832855177036124777e-11 7.920373279311050780e-11 4.251971549236792712e-11 4.077680834758938371e-11 2.243671923076017327e-11 1.486447980915451000e-11 -1.833562751094873391e-12 1.527177516813436277e-11 1.245978316822478965e-11 2.591377587923940597e-12 8.760422031685757885e-12 1.524459270719693229e-11 1.484896751761760375e-11 5.883087929193163248e-12 1.421925218551062050e-13 3.997201400784939444e-13 -4.848631050516774131e-13 -2.952665116303686836e-12 1.321532457850786829e-11 2.044787136206877048e-11 2.754736283463374273e-11 4.732753488810338663e-11 7.539083936230068534e-11 3.896630203194057125e-11 7.622679897801185438e-12 -8.319026465340294848e-14
7.890036818465425468e-11 6.788479859355313534e-11 3.427021442896785471e-11 3.752492908433150810e-11 3.105965888785359014e-11 2.185038107142481094e-11 1.749872237081213091e-11 2.592443613537003087e-11 1.249989997734412330e-11 3.251276382398581869e-12 6.143289889440828759e-12 1.454427358669122843e-11 1.650880948358648525e-11 1.279150822006879597e-11 2.998432824358077747e-12 -1.816965105967467418e-12 3.056091885427948952e-12 4.881258322409342605e-12 1.062428090467342885e-11 1.066015314479533735e-11 1.484760804772770221e-11 2.456600697519313225e-11 3.896630203194057125e-11 4.888837680407876168e-11 1.170620043823685818e-11 1.818358646123640169e-12
6.782152049297898170e-11 4.639050972332180911e-11 8.499564422985123247e-12 1.386349327914981549e-11 2.909367436317097359e-11 1.589077006912092910e-11 3.866937343822298293e-12 8.632553566066556064e-12 6.352975450572482953e-12 8.664390049328053106e-12 9.533824880940287961e-12 6.300824957203626598e-12 5.439607930037274765e-12 3.574971946558532810e-12 -1.255937622079999416e-13 2.252963825584075907e-13 2.471325983974778613e-12 4.075027374659882511e-12 1.641167361649124637e-12 -5.199739913919646470e-12 3.843193308494229450e-12 1.093788656110126262e-11 7.622679897801185438e-12 1.170620043823685818e-11 3.310412888784603129e-11 1.583559439101858933e-11
2.829384434741122298e-11 3.666370055284927339e-11 1.590344940107967963e-11 9.420522930497529999e-12 1.868305944553941951e-11 2.303914608874203652e-11 6.078555892253942235e-12 1.102372398237935547e-11 9.889080576779700932e-12 1.550306426654272813e-11 1.818635084475125713e-11 1.386681464541875491e-11 9.001749639813441896e-12 6.012629278977333573e-12 6.975683926293580689e-12 6.637298010198251669e-12 6.922597841534877543e-12 6.226413835244797594e-12 -8.826229160710636039e-13 -6.282273637572327542e-12 -3.544938497819433847e-13 1.024129408700400446e-12 -8.319026465340294848e-14 1.818358646123640169e-12 1.583559439101858933e-11 2.869270026547342436e-11
