2.813679131532245998e-09 -6.465061569880667017e-11 3.046601707910420665e-10 -5.245519228316741018e-11 2.697676313048674882e-11 -3.193286533071686367e-11 -2.651903912864678684e-11 -9.431798510914070167e-11 -1.173590799798086129e-11 -1.953435753222727347e-12 -6.551119254122399531e-11 -4.379696434627682179e-11 -5.744184071514403268e-12 -8.147573025481342695e-12 -3.473388999328758679e-11 -4.558670048144952591e-12 -3.339198365840744450e-11 -8.231398304154488446e-12 8.505778540484827619e-12 2.274848440344568762e-12 9.626828000494258282e-14 -1.327473258013179842e-11 -8.218694061691799621e-12 -4.277756581165131477e-13 8.060188333915795769e-12 -7.026754439760763636e-13
-6.465061569880667017e-11 1.794871853457011115e-09 -1.900403955951649607e-11 -5.135738707092456096e-11 -6.377385566385953814e-11 -8.763105383069640400e-12 5.889341230141498946e-12 -2.447140396644657521e-11 8.056409408634490146e-12 1.837501961834958943e-11 -1.589182570847280262e-12 1.941537205327757461e-12 -1.229095874750387067e-11 8.165708894714494125e-12 2.042349568261768791e-12 -1.188925003779147219e-11 -3.367587279832825987e-12 1.254199453158443335e-11 5.197368437023312538e-12 2.929644171440297716e-12 -1.094413844389041266e-11 -4.431459047893560375e-12 7.561626405982653557e-13 -4.382191188749968264e-12 2.559997728085200211e-12 -1.707222117250502173e-12
3.046601707910420665e-10 -1.900403955951649607e-11 1.188326460070692426e-09 2.742210658565738472e-11 1.966878805916449388e-11 -4.586178812928684529e-11 2.722641732982170515e-12 -4.370277581010331456e-11 4.467649580196987339e-11 -9.952516257328754333e-12 1.403582542698282520e-11 -1.637476649220010981e-12 2.908727353354601521e-11 1.231814430426459176e-11 6.306826884285928658e-12 1.270972054747799175e-11 -2.860494630641593018e-12 -5.530724014907173917e-12 7.881334192882311872e-12 -5.555629007871321518e-12 -6.854495776567212324e-12 -6.199191756196144773e-12 1.324760022433799696e-12 4.633174577676493882e-12 4.575085856936997003e-13 9.828557744968769587e-14
-5.245519228316741018e-11 -5.135738707092456096e-11 2.742210658565738472e-11 9.241664924109614136e-10 8.393362495584872430e-11 6.007322536562650950e-11 -3.510043620160111637e-12 4.341031071046866236e-12 2.671505879760491790e-11 -2.590949116243517049e-11 -2.313098784336131189e-11 -1.435853104259614828e-11 5.533758746009782634e-12 -4.112045285750636737e-12 -1.034712817216476162e-11 -4.217343342034911271e-12 -1.259406467054842901e-11 -4.520905915652874870e-12 -1.733522461886028701e-12 -2.918173403351598334e-12 2.025547303086832507e-12 -3.878914892034813814e-12 4.030480673638458282e-12 1.009893549959798902e-11 1.562470237534238776e-12 8.310226760239218018e-12
2.697676313048674882e-11 -6.377385566385953814e-11 1.966878805916449388e-11 8.393362495584872430e-11 5.930861589421533759e-10 4.288694266542531994e-11 6.938421090025691852e-12 -1.265703342228412593e-11 -9.820765196091328078e-12 7.215748535301041910e-12 1.078006324024869236e-11 -3.934267040016202102e-12 9.813477593217243914e-12 -2.283559857066716589e-12 -2.644994995028233028e-12 1.231056095652643822e-12 -3.478277808547547207e-12 5.877448267701173528e-12 1.320353466464518129e-11 5.098511783139126099e-12 3.084626153137452193e-12 5.867800739202479590e-12 3.504094297651229056e-12 8.075424459314531992e-13 -1.496274756409804957e-12 -4.148074554722331219e-12
-3.193286533071686367e-11 -8.763105383069640400e-12 -4.586178812928684529e-11 6.007322536562650950e-11 4.288694266542531994e-11 3.301292861033882608e-10 1.155014936814069974e-11 2.986136763076449028e-11 1.157084777664511769e-11 8.065944525941094094e-12 9.034150560169428068e-12 6.184644498857710388e-12 -3.002297454438548156e-12 -4.527127511096530667e-12 -6.867082498215011776e-12 -8.918779354294453268e-12 -9.381257569891373500e-12 6.549284460016453511e-12 8.100864899469042012e-12 4.894400733988999424e-12 7.445096424352469252e-12 3.493393839912025259e-12 2.048759834429636180e-12 2.565759983597313561e-12 -1.747339965421964353e-13 -6.584088768354065198e-13
-2.651903912864678684e-11 5.889341230141498946e-12 2.722641732982170515e-12 -3.510043620160111637e-12 6.938421090025691852e-12 1.155014936814069974e-11 2.430352485824795121e-10 5.971275270360505580e-11 1.844084833144232249e-11 1.470446115533959948e-11 1.268229724345430153e-11 -7.110864239170716901e-12 -6.279154125778029924e-12 -1.172784510771574764e-12 6.456847771070960577e-13 1.131637396391127316e-11 1.041068814808426675e-11 6.736205252699093686e-12 -1.272994016613832431e-12 -1.298750805475407713e-12 -2.567581087437087495e-12 -4.964086138613652784e-12 -6.382038133693650330e-13 1.494125154879067584e-13 -3.644217270820917178e-13 -2.243942262013069633e-12
-9.431798510914070167e-11 -2.447140396644657521e-11 -4.370277581010331456e-11 4.341031071046866236e-12 -1.265703342228412593e-11 2.986136763076449028e-11 5.971275270360505580e-11 1.708819842607782430e-10 1.479251782521814629e-11 2.350681682558313485e-11 1.618352932228219816e-11 7.339462773971347489e-12 3.586054562395346971e-12 4.995284666500550346e-12 5.412200519767102975e-12 3.471715369448268095e-12 -3.781220235791063488e-12 -1.693141002577982257e-12 4.831115785624141081e-13 5.494026453870491720e-13 2.867740206000326331e-12 1.695439170272679179e-12 -1.107614560186456577e-12 -1.424166196834583316e-13 -4.765902646761391642e-13 3.607458583198059565e-13
-1.173590799798086129e-11 8.056409408634490146e-12 4.467649580196987339e-11 2.671505879760491790e-11 -9.820765196091328078e-12 1.157084777664511769e-11 1.844084833144232249e-11 1.479251782521814629e-11 1.053357082489096700e-10 2.421162769560226094e-11 1.069058607361305616e-11 1.923702928271946885e-12 7.926154331523602896e-12 8.369073239854493129e-12 7.223858589707475525e-12 7.434097066184819744e-12 2.140233643950333150e-12 -1.370119214419673269e-13 4.752360150395053911e-13 -2.227401205016116804e-12 -6.463672570020422124e-13 5.189192132097828870e-13 -3.804687123588665942e-14 1.354446835938362512e-12 6.595463692969022717e-13 -9.500070879833570567e-13
-1.953435753222727347e-12 1.837501961834958943e-11 -9.952516257328754333e-12 -2.590949116243517049e-11 7.215748535301041910e-12 8.065944525941094094e-12 1.470446115533959948e-11 2.350681682558313485e-11 2.421162769560226094e-11 8.670873305074520651e-11 2.187126526992773380e-11 1.081416871104787294e-11 6.650850744219057759e-12 2.789050887481082911e-12 5.045644328736981448e-12 2.528084538436591063e-12 -1.902275847398276126e-12 -5.374972079058029191e-13 1.907556305508191546e-12 1.320091956980864761e-13 -1.315715464693560076e-13 4.938463564942397957e-13 5.279327931279533640e-13 -9.856097700457131453e-13 -7.393702786563302252e-13 -5.765864910006249816e-13
-6.551119254122399531e-11 -1.589182570847280262e-12 1.403582542698282520e-11 -2.313098784336131189e-11 1.078006324024869236e-11 9.034150560169428068e-12 1.268229724345430153e-11 1.618352932228219816e-11 1.069058607361305616e-11 2.187126526992773380e-11 6.035505530197761842e-11 1.323556853873823836e-11 7.020582753341955817e-12 1.849481824788500413e-12 4.011417838012641802e-12 1.207173499098110595e-12 2.447994344869945434e-12 2.697492066807723611e-12 -7.430714439376269526e-14 -8.686343004795546923e-14 -9.743956072000188078e-13 -1.134996312417876679e-12 1.096261357751763938e-13 1.284342429782387065e-12 3.060578348970346462e-13 -3.639102514796540096e-13
-4.379696434627682179e-11 1.941537205327757461e-12 -1.637476649220010981e-12 -1.435853104259614828e-11 -3.934267040016202102e-12 6.184644498857710388e-12 -7.110864239170716901e-12 7.339462773971347489e-12 1.923702928271946885e-12 1.081416871104787294e-11 1.323556853873823836e-11 4.921771198837700396e-11 1.597002146290368340e-11 8.069001298065776667e-12 6.631430351367321421e-12 4.187626743297820121e-13 7.208236901651653923e-13 1.519812609041951716e-12 -4.997704534566568742e-13 1.029480990201827887e-12 1.684829014062261082e-12 8.797758420488046581e-13 2.474358686282346942e-12 1.277714235390543064e-12 6.739380375208237389e-13 -4.485902999969328396e-13
-5.744184071514403268e-12 -1.229095874750387067e-11 2.908727353354601521e-11 5.533758746009782634e-12 9.813477593217243914e-12 -3.002297454438548156e-12 -6.279154125778029924e-12 3.586054562395346971e-12 7.926154331523602896e-12 6.650850744219057759e-12 7.020582753341955817e-12 1.597002146290368340e-11 4.066997301731292651e-11 1.693887459880715540e-11 1.103781681344973995e-11 6.485439131705824564e-12 1.404637923342208050e-12 -1.200643492792844210e-12 -2.196815748731118667e-13 -1.563387328602894752e-12 4.719953098960978624e-13 -5.006391930438432361e-13 -3.242232891859356393e-13 1.541002046650518275e-12 3.378027401703554045e-13 2.496637215289991408e-13
-8.147573025481342695e-12 8.165708894714494125e-12 1.231814430426459176e-11 -4.112045285750636737e-12 -2.283559857066716589e-12 -4.527127511096530667e-12 -1.172784510771574764e-12 4.995284666500550346e-12 8.369073239854493129e-12 2.789050887481082911e-12 1.849481824788500413e-12 8.069001298065776667e-12 1.693887459880715540e-11 3.175184187170955106e-11 1.864517383386052284e-11 1.004925547559847098e-11 4.754385382901384768e-12 2.171543914762431964e-12 1.517575076976256931e-12 -1.340439989252561745e-12 -4.140275516175666352e-13 1.783467918789697483e-12 -9.312697677050165545e-14 -4.865306540525429263e-13 -3.203514198588349086e-13 -5.495650322436575864e-13
-3.473388999328758679e-11 2.042349568261768791e-12 6.306826884285928658e-12 -1.034712817216476162e-11 -2.644994995028233028e-12 -6.867082498215011776e-12 6.456847771070960577e-13 5.412200519767102975e-12 7.223858589707475525e-12 5.045644328736981448e-12 4.011417838012641802e-12 6.631430351367321421e-12 1.103781681344973995e-11 1.864517383386052284e-11 3.098575000034551928e-11 1.346189413717241999e-11 5.277907237515844159e-12 4.086786871556938663e-12 1.562740187294907242e-12 -6.256371042996923869e-13 2.246133955436513462e-13 2.168428552441229961e-12 5.998724616776484333e-13 -1.455064758649316309e-12 -8.012349047560410457e-13 -1.982368114728028837e-13
-4.558670048144952591e-12 -1.188925003779147219e-11 1.270972054747799175e-11 -4.217343342034911271e-12 1.231056095652643822e-12 -8.918779354294453268e-12 1.131637396391127316e-11 3.471715369448268095e-12 7.434097066184819744e-12 2.528084538436591063e-12 1.207173499098110595e-12 4.187626743297820121e-13 6.485439131705824564e-12 1.004925547559847098e-11 1.346189413717241999e-11 2.411462613670361571e-11 1.025752395718602409e-11 4.218068395906808926e-12 1.395991406798016037e-12 -3.479682875938373413e-13 -6.731023841077570410e-13 1.776231937564592489e-12 8.326586001004016801e-13 -5.751174356729218192e-13 -8.238605204144559002e-13 1.476793212384363932e-14
-3.339198365840744450e-11 -3.367587279832825987e-12 -2.860494630641593018e-12 -1.259406467054842901e-11 -3.478277808547547207e-12 -9.381257569891373500e-12 1.041068814808426675e-11 -3.781220235791063488e-12 2.140233643950333150e-12 -1.902275847398276126e-12 2.447994344869945434e-12 7.208236901651653923e-13 1.404637923342208050e-12 4.754385382901384768e-12 5.277907237515844159e-12 1.025752395718602409e-11 2.212148892128344789e-11 9.374554455288712956e-12 1.739149843242580661e-12 1.522647969797077792e-12 1.438845598862730164e-13 6.843995213276723183e-13 7.545343227760475663e-13 1.822729991104865319e-13 -1.965715834490256488e-13 -8.533682027776921857e-13
-8.231398304154488446e-12 1.254199453158443335e-11 -5.530724014907173917e-12 -4.520905915652874870e-12 5.877448267701173528e-12 6.549284460016453511e-12 6.736205252699093686e-12 -1.693141002577982257e-12 -1.370119214419673269e-13 -5.374972079058029191e-13 2.697492066807723611e-12 1.519812609041951716e-12 -1.200643492792844210e-12 2.171543914762431964e-12 4.086786871556938663e-12 4.218068395906808926e-12 9.374554455288712956e-12 1.715327483141086586e-11 6.361711729189596846e-12 1.820730647569152489e-12 5.427838813532414244e-13 4.398838150337571790e-13 3.103784112216341451e-13 -6.927172946967939923e-13 1.145484274616112744e-13 -1.145528648298354271e-12
8.505778540484827619e-12 5.197368437023312538e-12 7.881334192882311872e-12 -1.733522461886028701e-12 1.320353466464518129e-11 8.100864899469042012e-12 -1.272994016613832431e-12 4.831115785624141081e-13 4.752360150395053911e-13 1.907556305508191546e-12 -7.430714439376269526e-14 -4.997704534566568742e-13 -2.196815748731118667e-13 1.517575076976256931e-12 1.562740187294907242e-12 1.395991406798016037e-12 1.739149843242580661e-12 6.361711729189596846e-12 1.461124626077882802e-11 5.293440962860686149e-12 1.447195284119521690e-12 7.657454914990433080e-13 -9.688157616079619278e-13 -8.762003841314078428e-14 7.397710650626333254e-14 -1.077147386378006659e-12
2.274848440344568762e-12 2.929644171440297716e-12 -5.555629007871321518e-12 -2.918173403351598334e-12 5.098511783139126099e-12 4.894400733988999424e-12 -1.298750805475407713e-12 5.494026453870491720e-13 -2.227401205016116804e-12 1.320091956980864761e-13 -8.686343004795546923e-14 1.029480990201827887e-12 -1.563387328602894752e-12 -1.340439989252561745e-12 -6.256371042996923869e-13 -3.479682875938373413e-13 1.522647969797077792e-12 1.820730647569152489e-12 5.293440962860686149e-12 1.164646887445049955e-11 5.703974340936904808e-12 1.759763965657259774e-12 -4.201344597397083421e-13 -3.967501517657882561e-13 7.754100534419954423e-14 -9.542751560058050951e-13
9.626828000494258282e-14 -1.094413844389041266e-11 -6.854495776567212324e-12 2.025547303086832507e-12 3.084626153137452193e-12 7.445096424352469252e-12 -2.567581087437087495e-12 2.867740206000326331e-12 -6.463672570020422124e-13 -1.315715464693560076e-13 -9.743956072000188078e-13 1.684829014062261082e-12 4.719953098960978624e-13 -4.140275516175666352e-13 2.246133955436513462e-13 -6.731023841077570410e-13 1.438845598862730164e-13 5.427838813532414244e-13 1.447195284119521690e-12 5.703974340936904808e-12 1.211001986942856866e-11 4.502006909529457453e-12 7.775760517998851821e-13 -4.397702857518674396e-14 -6.315402860691064008e-13 -8.978119844939688303e-13
-1.327473258013179842e-11 -4.431459047893560375e-12 -6.199191756196144773e-12 -3.878914892034813814e-12 5.867800739202479590e-12 3.493393839912025259e-12 -4.964086138613652784e-12 1.695439170272679179e-12 5.189192132097828870e-13 4.938463564942397957e-13 -1.134996312417876679e-12 8.797758420488046581e-13 -5.006391930438432361e-13 1.783467918789697483e-12 2.168428552441229961e-12 1.776231937564592489e-12 6.843995213276723183e-13 4.398838150337571790e-13 7.657454914990433080e-13 1.759763965657259774e-12 4.502006909529457453e-12 8.426485880830356714e-12 2.420737869553980604e-12 -1.735617774924721019e-13 -4.601944484750479355e-13 -6.677034190803999148e-13
-8.218694061691799621e-12 7.561626405982653557e-13 1.324760022433799696e-12 4.030480673638458282e-12 3.504094297651229056e-12 2.048759834429636180e-12 -6.382038133693650330e-13 -1.107614560186456577e-12 -3.804687123588665942e-14 5.279327931279533640e-13 1.096261357751763938e-13 2.474358686282346942e-12 -3.242232891859356393e-13 -9.312697677050165545e-14 5.998724616776484333e-13 8.326586001004016801e-13 7.545343227760475663e-13 3.103784112216341451e-13 -9.688157616079619278e-13 -4.201344597397083421e-13 7.775760517998851821e-13 2.420737869553980604e-12 5.594235284113981709e-12 1.301289586392456016e-12 4.157138592181974076e-14 -3.799807405654487877e-13
-4.277756581165131477e-13 -4.382191188749968264e-12 4.633174577676493882e-12 1.009893549959798902e-11 8.075424459314531992e-13 2.565759983597313561e-12 1.494125154879067584e-13 -1.424166196834583316e-13 1.354446835938362512e-12 -9.856097700457131453e-13 1.284342429782387065e-12 1.277714235390543064e-12 1.541002046650518275e-12 -4.865306540525429263e-13 -1.455064758649316309e-12 -5.751174356729218192e-13 1.822729991104865319e-13 -6.927172946967939923e-13 -8.762003841314078428e-14 -3.967501517657882561e-13 -4.397702857518674396e-14 -1.735617774924721019e-13 1.301289586392456016e-12 4.614822441733387301e-12 8.214070110429088532e-13 -2.208255872810287854e-14
8.060188333915795769e-12 2.559997728085200211e-12 4.575085856936997003e-13 1.562470237534238776e-12 -1.496274756409804957e-12 -1.747339965421964353e-13 -3.644217270820917178e-13 -4.765902646761391642e-13 6.595463692969022717e-13 -7.393702786563302252e-13 3.060578348970346462e-13 6.739380375208237389e-13 3.378027401703554045e-13 -3.203514198588349086e-13 -8.012349047560410457e-13 -8.238605204144559002e-13 -1.965715834490256488e-13 1.145484274616112744e-13 7.397710650626333254e-14 7.754100534419954423e-14 -6.315402860691064008e-13 -4.601944484750479355e-13 4.157138592181974076e-14 8.214070110429088532e-13 3.037655886270237543e-12 5.892504114029546148e-13
-7.026754439760763636e-13 -1.707222117250502173e-12 9.828557744968769587e-14 8.310226760239218018e-12 -4.148074554722331219e-12 -6.584088768354065198e-13 -2.243942262013069633e-12 3.607458583198059565e-13 -9.500070879833570567e-13 -5.765864910006249816e-13 -3.639102514796540096e-13 -4.485902999969328396e-13 2.496637215289991408e-13 -5.495650322436575864e-13 -1.982368114728028837e-13 1.476793212384363932e-14 -8.533682027776921857e-13 -1.145528648298354271e-12 -1.077147386378006659e-12 -9.542751560058050951e-13 -8.978119844939688303e-13 -6.677034190803999148e-13 -3.799807405654487877e-13 -2.208255872810287854e-14 5.892504114029546148e-13 2.424082031106514121e-12
