3.940184713647722600e-09 -8.595140705959792599e-11 4.517852068169280802e-11 -1.145664174872217541e-10 -1.081674330409432667e-10 -1.485697032243533802e-10 7.899604882573342623e-11 -2.352538042928827223e-11 -7.671349852347016357e-11 4.260056123139798060e-11 5.120689624409701953e-11 8.813422403410904695e-12 1.953414681793242476e-11 1.720348031515514303e-11 -1.771382637462486611e-11 -8.142423373512006569e-12 1.429107419527110660e-11 1.651235813612620918e-11 -2.478528402500293056e-11 -2.424710250859074380e-11 -2.699499581345869666e-12 -1.928643970872652301e-12 -8.015899942180619841e-12 2.905097957993591761e-12 3.400898720456381562e-12 -8.463587944244723589e-12
-8.595140705959792599e-11 2.659789521879123057e-09 1.107054103947554794e-10 1.124987597317977830e-10 1.414938261002383339e-10 -5.593960713347600961e-12 -1.118747224812234455e-10 -4.134787625608372596e-12 7.553248420315255584e-11 2.321149351425889344e-11 -1.239209678827301628e-12 1.068521142075574908e-11 8.578467448530264883e-12 -5.395147819815073638e-12 -1.349335088851134075e-11 -4.978443767164654329e-13 -2.370229124307036135e-11 -5.315586337940416603e-12 2.216133426783926595e-12 -5.196281788816238195e-11 -2.662918234565493412e-11 -6.168614027908679859e-12 1.548408941660604436e-12 1.428704130904362665e-11 2.487442910877569861e-12 -9.871644539020909209e-12
4.517852068169280802e-11 1.107054103947554794e-10 1.524727364026052436e-09 1.459019945280107454e-10 2.549530540205701735e-11 2.447040359912787706e-12 6.089203041825646260e-11 -2.798464176731624014e-11 -2.055897031567988520e-11 -3.999257290041446713e-11 -2.844785305225594927e-12 9.389200498677410805e-12 2.499516491406939376e-11 -7.268873238468018367e-12 -2.543686104197516113e-12 -8.082839576219162114e-12 9.857698595571877504e-12 3.014178212070306091e-11 3.253316770421781927e-11 1.673728258392487271e-11 3.034981970623233482e-12 9.554564946784337451e-13 8.636324943407310872e-12 5.346478983515970080e-12 5.176194734533612677e-12 -6.212202433602280443e-12
-1.145664174872217541e-10 1.124987597317977830e-10 1.459019945280107454e-10 9.930603390498024787e-10 -2.353724276553010916e-11 -9.778658125203269119e-12 -1.789707291168653800e-11 -3.721491645793102659e-11 5.933741724926780687e-12 2.205160822707147449e-11 -7.921177761282585120e-12 1.994626572556394487e-11 1.006996772236115052e-11 -5.041202524550478844e-12 -1.099453372787698075e-11 -5.836942551301345162e-12 9.020854010410612628e-12 5.380331457996707165e-12 6.978256793421143363e-12 1.269350495643794753e-11 5.696449640671541149e-12 -2.298490402387070443e-12 -4.918210777572397152e-12 -1.354319593558231702e-11 -2.117595088594925502e-11 -6.970338261712768586e-12
-1.081674330409432667e-10 1.414938261002383339e-10 2.549530540205701735e-11 -2.353724276553010916e-11 6.200764996461715429e-10 8.643211032158726760e-11 1.399990109337882025e-12 -4.218489421146225104e-12 -5.741867062000659145e-12 7.621317320226276620e-12 -2.352449590724273996e-12 4.288846975761251043e-13 -1.243196329038459584e-11 -7.455009261502866220e-12 -2.810759782920217512e-12 -5.732460644632649938e-12 -1.129730552552023390e-11 -7.989505593378957426e-12 -2.251446704058849025e-12 -3.068011013836511167e-12 -9.653405182047721598e-12 -7.253295150681990047e-12 1.607743141775987359e-12 8.562208027757080017e-12 9.315029580473089697e-12 -1.122644303999749668e-12
-1.485697032243533802e-10 -5.593960713347600961e-12 2.447040359912787706e-12 -9.778658125203269119e-12 8.643211032158726760e-11 4.538938388026828588e-10 4.893134587539721628e-11 1.424242883127178646e-11 2.457409222522922437e-11 1.109661098825771165e-11 -8.272135729112487032e-12 -1.005821165795802554e-11 -1.250077254114506720e-12 -6.774300362083951709e-12 -3.724172080972751983e-12 -3.185512239120812855e-13 -7.747033257974971693e-12 -1.615674517487796063e-14 -4.131282942013462365e-12 -1.352710218964469115e-12 -2.167741827581930841e-12 -8.095328605643990239e-12 -3.035636748449867086e-13 -4.914498589241802560e-12 -9.152597564134457397e-12 -3.829504757311227801e-12
7.899604882573342623e-11 -1.118747224812234455e-10 6.089203041825646260e-11 -1.789707291168653800e-11 1.399990109337882025e-12 4.893134587539721628e-11 3.411930979778048361e-10 3.895022621079583786e-11 1.119616686831638202e-12 -8.785079142550017884e-12 -1.611631127803356125e-11 -5.226908213321434947e-12 3.712777670581383052e-12 -8.656787248350848175e-12 2.472962378378796678e-12 3.469005644523069841e-12 -6.650195875694112696e-13 3.228045109561223344e-12 8.666792845065517972e-12 1.003299224698621604e-11 4.525605358260722270e-12 5.437968295741016187e-12 3.321868073196983716e-12 -1.720046834520920049e-12 -3.759448548451932364e-12 -3.539172346672047920e-12
-2.352538042928827223e-11 -4.134787625608372596e-12 -2.798464176731624014e-11 -3.721491645793102659e-11 -4.218489421146225104e-12 1.424242883127178646e-11 3.895022621079583786e-11 2.091908881988679185e-10 2.640219561190041948e-11 6.112791919420693979e-12 -6.623199920881006730e-12 -1.652272193170167838e-12 -3.144548379249711721e-12 3.859888851605493518e-12 1.026562339947987059e-12 7.400041594472866141e-12 -1.987714333812597556e-12 -5.329854374061841935e-13 9.021045116850430641e-12 3.944128420205498780e-12 6.073943649492488296e-12 7.830951244627571967e-12 1.024602023291138411e-12 2.350370046316809735e-12 4.244826119149410075e-12 3.484421104540635144e-12
-7.671349852347016357e-11 7.553248420315255584e-11 -2.055897031567988520e-11 5.933741724926780687e-12 -5.741867062000659145e-12 2.457409222522922437e-11 1.119616686831638202e-12 2.640219561190041948e-11 1.157322569256517154e-10 2.338572826643597593e-11 2.329758073111524508e-12 2.344767799992412250e-12 -7.386643951149405806e-12 3.404614449309566029e-12 -1.708669302553973282e-12 1.112301134409294234e-12 -4.949256328777003769e-12 -2.076875677245304486e-12 2.026400837196852046e-12 4.619369128318375821e-12 4.158264158633929952e-12 7.313485018741169931e-12 4.549899998363131777e-12 5.789899842326350179e-12 -2.869779915343790164e-13 9.071951254554851309e-13
4.260056123139798060e-11 2.321149351425889344e-11 -3.999257290041446713e-11 2.205160822707147449e-11 7.621317320226276620e-12 1.109661098825771165e-11 -8.785079142550017884e-12 6.112791919420693979e-12 2.338572826643597593e-11 1.020478591102208448e-10 2.273437184436459666e-11 1.768358178099070804e-11 2.349647886789352679e-12 4.918480097682494901e-13 4.163474029515248304e-12 1.418971809291546135e-12 -6.517493717535637525e-13 -1.376504818855891231e-12 -8.241688986526305036e-12 9.137252061364539559e-13 4.823166488599029732e-13 -2.305929890161985539e-12 -3.915907167709253110e-12 -2.239395386378289465e-12 -1.435002602899656324e-12 -5.542864037325776881e-15
5.120689624409701953e-11 -1.239209678827301628e-12 -2.844785305225594927e-12 -7.921177761282585120e-12 -2.352449590724273996e-12 -8.272135729112487032e-12 -1.611631127803356125e-11 -6.623199920881006730e-12 2.329758073111524508e-12 2.273437184436459666e-11 6.168915025441614409e-11 1.213643612494303573e-11 5.567775510956164085e-12 -1.791890199046210131e-12 -3.082036455836592594e-13 -2.290458016378280711e-12 -1.110922286029840531e-12 1.837038230183788429e-12 -3.906928133129585104e-12 1.428305834460053108e-12 -1.660991161909990445e-12 -5.312960719018595625e-13 2.116507640743334676e-13 6.633204928890079024e-13 3.682744714303633713e-13 6.872750736432214029e-13
8.813422403410904695e-12 1.068521142075574908e-11 9.389200498677410805e-12 1.994626572556394487e-11 4.288846975761251043e-13 -1.005821165795802554e-11 -5.226908213321434947e-12 -1.652272193170167838e-12 2.344767799992412250e-12 1.768358178099070804e-11 1.213643612494303573e-11 5.822696317419049829e-11 1.894033068426007281e-11 1.410304013228095818e-11 5.306885460342666539e-12 4.100858013236982807e-12 1.794612006035400259e-12 3.783068022838090794e-12 6.117575310628985501e-13 2.508750935883254818e-12 7.002707084832216601e-13 -9.626404381389385348e-13 -2.061863859744536645e-12 -2.715475214162530563e-12 8.359837700477167167e-15 1.347608578169061744e-12
1.953414681793242476e-11 8.578467448530264883e-12 2.499516491406939376e-11 1.006996772236115052e-11 -1.243196329038459584e-11 -1.250077254114506720e-12 3.712777670581383052e-12 -3.144548379249711721e-12 -7.386643951149405806e-12 2.349647886789352679e-12 5.567775510956164085e-12 1.894033068426007281e-11 5.057096881250930039e-11 1.886516362248423118e-11 9.629269351976913048e-12 7.688258689960026910e-12 5.212892838517271844e-12 3.690818371508643997e-12 2.546945514998070507e-12 2.414977666443586538e-12 1.722663768707800467e-12 1.382268029854002662e-12 5.853946496369602550e-13 7.234395243569379814e-13 -1.879143682857823746e-12 -6.627975017540218818e-13
1.720348031515514303e-11 -5.395147819815073638e-12 -7.268873238468018367e-12 -5.041202524550478844e-12 -7.455009261502866220e-12 -6.774300362083951709e-12 -8.656787248350848175e-12 3.859888851605493518e-12 3.404614449309566029e-12 4.918480097682494901e-13 -1.791890199046210131e-12 1.410304013228095818e-11 1.886516362248423118e-11 4.183478918861280999e-11 1.544325214690840487e-11 1.225451204681225759e-11 7.914534869587036487e-12 4.760874120501543480e-12 5.944087731888198996e-12 5.520230481631454129e-12 5.011138907459887725e-12 3.619847942660245275e-12 1.524534122200732733e-13 8.710597891732185648e-13 -2.344545435783250790e-12 -9.653092569439241870e-13
-1.771382637462486611e-11 -1.349335088851134075e-11 -2.543686104197516113e-12 -1.099453372787698075e-11 -2.810759782920217512e-12 -3.724172080972751983e-12 2.472962378378796678e-12 1.026562339947987059e-12 -1.708669302553973282e-12 4.163474029515248304e-12 -3.082036455836592594e-13 5.306885460342666539e-12 9.629269351976913048e-12 1.544325214690840487e-11 3.320727596230393066e-11 1.945995914096312989e-11 9.632951443256567671e-12 6.833251268232751517e-12 3.405100510000157593e-12 5.954507582410009593e-12 5.200331648370104882e-12 4.026897793698232121e-13 1.092916668812307993e-12 -3.523639578988208587e-13 -2.366146529296972640e-12 -1.407768674763784006e-12
-8.142423373512006569e-12 -4.978443767164654329e-13 -8.082839576219162114e-12 -5.836942551301345162e-12 -5.732460644632649938e-12 -3.185512239120812855e-13 3.469005644523069841e-12 7.400041594472866141e-12 1.112301134409294234e-12 1.418971809291546135e-12 -2.290458016378280711e-12 4.100858013236982807e-12 7.688258689960026910e-12 1.225451204681225759e-11 1.945995914096312989e-11 3.301766332806134414e-11 1.496364923194083851e-11 8.591808793307742141e-12 3.751983344023818234e-12 5.546723727447445019e-12 4.290088253877090597e-12 1.394396407475762257e-12 1.350160528879451905e-12 6.837787689908422753e-13 -6.474073929214278368e-13 -3.911797794899133823e-14
1.429107419527110660e-11 -2.370229124307036135e-11 9.857698595571877504e-12 9.020854010410612628e-12 -1.129730552552023390e-11 -7.747033257974971693e-12 -6.650195875694112696e-13 -1.987714333812597556e-12 -4.949256328777003769e-12 -6.517493717535637525e-13 -1.110922286029840531e-12 1.794612006035400259e-12 5.212892838517271844e-12 7.914534869587036487e-12 9.632951443256567671e-12 1.496364923194083851e-11 2.689999397019961185e-11 1.422756868306648941e-11 7.988975226190122488e-12 7.943506181995806682e-12 6.636705347681691878e-12 2.905067742334253290e-12 2.762995202431351903e-13 1.243556795618467184e-13 -4.499321579019124646e-13 -8.182860792521656818e-14
1.651235813612620918e-11 -5.315586337940416603e-12 3.014178212070306091e-11 5.380331457996707165e-12 -7.989505593378957426e-12 -1.615674517487796063e-14 3.228045109561223344e-12 -5.329854374061841935e-13 -2.076875677245304486e-12 -1.376504818855891231e-12 1.837038230183788429e-12 3.783068022838090794e-12 3.690818371508643997e-12 4.760874120501543480e-12 6.833251268232751517e-12 8.591808793307742141e-12 1.422756868306648941e-11 2.758060010239295020e-11 1.708892412305923497e-11 1.206611135817030943e-11 6.920456245324749767e-12 3.999888590989929759e-12 9.399041799343880716e-13 -2.609321735756619546e-13 -1.718832556537035024e-12 -1.540994206749891825e-12
-2.478528402500293056e-11 2.216133426783926595e-12 3.253316770421781927e-11 6.978256793421143363e-12 -2.251446704058849025e-12 -4.131282942013462365e-12 8.666792845065517972e-12 9.021045116850430641e-12 2.026400837196852046e-12 -8.241688986526305036e-12 -3.906928133129585104e-12 6.117575310628985501e-13 2.546945514998070507e-12 5.944087731888198996e-12 3.405100510000157593e-12 3.751983344023818234e-12 7.988975226190122488e-12 1.708892412305923497e-11 2.801117575051885285e-11 1.665401150414088321e-11 1.007826053331225781e-11 6.423146970728817789e-12 2.066385729840017132e-12 9.156022328045209006e-13 -1.995827987726961051e-13 -8.771640072727496170e-13
-2.424710250859074380e-11 -5.196281788816238195e-11 1.673728258392487271e-11 1.269350495643794753e-11 -3.068011013836511167e-12 -1.352710218964469115e-12 1.003299224698621604e-11 3.944128420205498780e-12 4.619369128318375821e-12 9.137252061364539559e-13 1.428305834460053108e-12 2.508750935883254818e-12 2.414977666443586538e-12 5.520230481631454129e-12 5.954507582410009593e-12 5.546723727447445019e-12 7.943506181995806682e-12 1.206611135817030943e-11 1.665401150414088321e-11 3.154225875249784172e-11 1.931720931077060470e-11 9.164701875477334698e-12 3.239148692383073374e-12 1.049677028981865236e-12 -7.065116889665829970e-13 -2.873548598892449597e-12
-2.699499581345869666e-12 -2.662918234565493412e-11 3.034981970623233482e-12 5.696449640671541149e-12 -9.653405182047721598e-12 -2.167741827581930841e-12 4.525605358260722270e-12 6.073943649492488296e-12 4.158264158633929952e-12 4.823166488599029732e-13 -1.660991161909990445e-12 7.002707084832216601e-13 1.722663768707800467e-12 5.011138907459887725e-12 5.200331648370104882e-12 4.290088253877090597e-12 6.636705347681691878e-12 6.920456245324749767e-12 1.007826053331225781e-11 1.931720931077060470e-11 2.611726472337904874e-11 1.429750981368288769e-11 7.002522740911806905e-12 2.602606474878557465e-12 -1.482799655480823061e-13 -1.996707705595556318e-12
-1.928643970872652301e-12 -6.168614027908679859e-12 9.554564946784337451e-13 -2.298490402387070443e-12 -7.253295150681990047e-12 -8.095328605643990239e-12 5.437968295741016187e-12 7.830951244627571967e-12 7.313485018741169931e-12 -2.305929890161985539e-12 -5.312960719018595625e-13 -9.626404381389385348e-13 1.382268029854002662e-12 3.619847942660245275e-12 4.026897793698232121e-13 1.394396407475762257e-12 2.905067742334253290e-12 3.999888590989929759e-12 6.423146970728817789e-12 9.164701875477334698e-12 1.429750981368288769e-11 2.073924860267123449e-11 9.982619357238755038e-12 4.420664774294720482e-12 7.806419955243927188e-13 -1.456610712879672062e-12
-8.015899942180619841e-12 1.548408941660604436e-12 8.636324943407310872e-12 -4.918210777572397152e-12 1.607743141775987359e-12 -3.035636748449867086e-13 3.321868073196983716e-12 1.024602023291138411e-12 4.549899998363131777e-12 -3.915907167709253110e-12 2.116507640743334676e-13 -2.061863859744536645e-12 5.853946496369602550e-13 1.524534122200732733e-13 1.092916668812307993e-12 1.350160528879451905e-12 2.762995202431351903e-13 9.399041799343880716e-13 2.066385729840017132e-12 3.239148692383073374e-12 7.002522740911806905e-12 9.982619357238755038e-12 1.406727317153012911e-11 6.552371847240952937e-12 1.552782476920879372e-12 1.513820607499585161e-13
2.905097957993591761e-12 1.428704130904362665e-11 5.346478983515970080e-12 -1.354319593558231702e-11 8.562208027757080017e-12 -4.914498589241802560e-12 -1.720046834520920049e-12 2.350370046316809735e-12 5.789899842326350179e-12 -2.239395386378289465e-12 6.633204928890079024e-13 -2.715475214162530563e-12 7.234395243569379814e-13 8.710597891732185648e-13 -3.523639578988208587e-13 6.837787689908422753e-13 1.243556795618467184e-13 -2.609321735756619546e-13 9.156022328045209006e-13 1.049677028981865236e-12 2.602606474878557465e-12 4.420664774294720482e-12 6.552371847240952937e-12 1.026027602323403130e-11 4.508368266665921793e-12 1.887861880070806045e-12
3.400898720456381562e-12 2.487442910877569861e-12 5.176194734533612677e-12 -2.117595088594925502e-11 9.315029580473089697e-12 -9.152597564134457397e-12 -3.759448548451932364e-12 4.244826119149410075e-12 -2.869779915343790164e-13 -1.435002602899656324e-12 3.682744714303633713e-13 8.359837700477167167e-15 -1.879143682857823746e-12 -2.344545435783250790e-12 -2.366146529296972640e-12 -6.474073929214278368e-13 -4.499321579019124646e-13 -1.718832556537035024e-12 -1.995827987726961051e-13 -7.065116889665829970e-13 -1.482799655480823061e-13 7.806419955243927188e-13 1.552782476920879372e-12 4.508368266665921793e-12 1.032538970328251048e-11 3.455183631228323770e-12
-8.463587944244723589e-12 -9.871644539020909209e-12 -6.212202433602280443e-12 -6.970338261712768586e-12 -1.122644303999749668e-12 -3.829504757311227801e-12 -3.539172346672047920e-12 3.484421104540635144e-12 9.071951254554851309e-13 -5.542864037325776881e-15 6.872750736432214029e-13 1.347608578169061744e-12 -6.627975017540218818e-13 -9.653092569439241870e-13 -1.407768674763784006e-12 -3.911797794899133823e-14 -8.182860792521656818e-14 -1.540994206749891825e-12 -8.771640072727496170e-13 -2.873548598892449597e-12 -1.996707705595556318e-12 -1.456610712879672062e-12 1.513820607499585161e-13 1.887861880070806045e-12 3.455183631228323770e-12 8.852854331356489874e-12
