3.494034679907488888e-09 2.831552265733314500e-10 -7.993585631250812088e-11 5.347842804518570669e-11 6.624622586263015107e-11 -1.346326050864576181e-10 4.312740714224758724e-11 5.119606637607100816e-11 5.542004382661608109e-11 7.163207642598130259e-11 1.319471074703913654e-11 -1.712705939635630251e-12 3.110250028556332034e-11 2.782801814403298780e-11 4.852002057001284469e-11 4.063501687518869540e-11 3.128548110671876960e-11 5.766130568377819205e-11 4.283445310826093411e-11 2.986333508691189301e-11 -1.388768991876676931e-11 1.307917013642303303e-11 -1.107172032794254537e-11 -1.487161070051252107e-11 -1.951060588254104764e-11 3.031494342393237522e-12
2.831552265733314500e-10 2.691516017748854722e-09 -2.204599888457376341e-10 -4.069899363287949200e-11 1.308417099341079321e-10 2.983669687971650398e-11 -3.188978258831517613e-12 1.161476434018279649e-12 -5.327522054600538768e-11 4.990398292437803899e-11 3.213426208564583591e-11 -5.320525061088955614e-12 -1.919541013064200324e-11 -2.313525044691458426e-11 -4.147134254423985140e-11 -2.361633594393912931e-11 3.243064715080483636e-12 -2.844619514126963464e-12 1.056691267589547248e-11 -2.888829697370011704e-12 3.112162501715436243e-12 -4.905485523562463265e-12 -8.395819348796980599e-12 1.282428318102871382e-12 -3.397373691379197577e-13 -3.246921761461079195e-12
-7.993585631250812088e-11 -2.204599888457376341e-10 1.532663138386057391e-09 1.130525515498056718e-10 -3.084361805344975016e-11 -3.375677048720806061e-11 3.542294895477845764e-11 3.313213050011328981e-11 1.964421773673921839e-11 -3.089495180322458103e-11 1.339414752031129716e-11 -1.134064260181221451e-11 -1.127577101642482651e-11 1.822756768711422842e-11 -1.056937910552233959e-12 2.661144599089285473e-11 2.977139003060204964e-11 8.018644782917476141e-12 7.599376367256976558e-12 1.531339634187672214e-11 3.445080049874963377e-12 -1.284551432834758291e-11 -5.638978726852207985e-12 4.993609604880048086e-12 4.735089091228401551e-12 -4.829164923956810146e-12
5.347842804518570669e-11 -4.069899363287949200e-11 1.130525515498056718e-10 7.878084268769461253e-10 2.227598967007724673e-11 -2.459323348546136835e-11 2.408989025205077521e-11 -8.484303197422612180e-12 -4.252861623466188883e-11 -2.171030517747064092e-12 -5.197340751221696665e-12 5.845921236027035386e-12 -7.337828848725585477e-12 3.565985759179687946e-12 3.963000862157226603e-12 -5.363360278745891480e-12 -2.809543271475816422e-12 2.379392707297995598e-12 1.577467544335407935e-12 4.090207934053481516e-12 1.386200924846309781e-11 -1.479453097846486261e-12 -9.585332657991021753e-12 8.270889350100861649e-12 4.478547028940353239e-12 -1.062372628661562022e-11
6.624622586263015107e-11 1.308417099341079321e-10 -3.084361805344975016e-11 2.227598967007724673e-11 5.295240458753905335e-10 1.113275288122644389e-10 4.090047577017343647e-11 -4.281446998316140156e-12 -9.928334194913976571e-13 1.106211897187559619e-11 -6.116228376570866422e-12 -1.003670098934041143e-11 -6.255747044915699014e-12 -5.319067322702313941e-12 2.870499107116219080e-13 -6.899236431415526750e-12 -3.069950308454311766e-12 -7.899452639254863001e-12 -1.658653953890860524e-11 -1.851131234421659383e-12 1.051928317889800099e-13 -7.704046928900410959e-12 -1.062790376805740904e-11 -5.235565292946404117e-12 -2.578714257168898159e-12 3.143001085228590370e-12
-1.346326050864576181e-10 2.983669687971650398e-11 -3.375677048720806061e-11 -2.459323348546136835e-11 1.113275288122644389e-10 4.069185043157898905e-10 2.349617476642612348e-11 1.126159662602690118e-11 -1.232935170057470790e-11 1.093652799928727617e-11 -3.386559558870788088e-12 -3.463308130698182930e-12 -1.520584047519246372e-11 -1.846482566032627609e-11 -1.248827559729507261e-11 -1.934361947691524384e-11 -3.821088393576612271e-12 -6.223440487414460987e-12 -3.187030934763676979e-12 4.167319928379843035e-12 3.440820787869847804e-12 -5.160463232065739481e-12 9.768357412340054361e-13 -9.828084160786568307e-12 -4.651603019136837412e-12 -4.572081632183426040e-12
4.312740714224758724e-11 -3.188978258831517613e-12 3.542294895477845764e-11 2.408989025205077521e-11 4.090047577017343647e-11 2.349617476642612348e-11 2.696132982980795912e-10 4.349092646996403632e-11 2.839376638777165131e-11 2.862191768919644844e-11 9.521357843648744187e-12 -2.015204450749544663e-12 -6.389220546212075853e-12 -1.087501294074906953e-11 -1.009063262358469729e-11 1.252642780253882481e-12 8.865219495038096287e-12 1.259612701133196146e-11 5.187472784877748502e-12 -2.526513737899585632e-12 4.087366257062140547e-12 -1.673516895081178515e-12 -3.329424369222707529e-12 1.270294929902260301e-12 1.464404417300033596e-12 4.366204305554567769e-13
5.119606637607100816e-11 1.161476434018279649e-12 3.313213050011328981e-11 -8.484303197422612180e-12 -4.281446998316140156e-12 1.126159662602690118e-11 4.349092646996403632e-11 1.801863210787948367e-10 5.638999266318084441e-11 2.786941653233481226e-11 8.391602153532636705e-12 2.771862097065387113e-13 -3.003697971570383020e-12 -9.838335510442524032e-13 -1.653167584991221921e-12 -2.048876131704134312e-12 2.297001199612383380e-12 6.946802449509847066e-12 6.412535992963331010e-12 -2.199887778354946173e-12 -3.663014324988281573e-12 -5.644831082056830181e-12 -7.820668648858616937e-14 2.044906664930506762e-12 -2.695794795614101500e-12 -3.873531491020642655e-12
5.542004382661608109e-11 -5.327522054600538768e-11 1.964421773673921839e-11 -4.252861623466188883e-11 -9.928334194913976571e-13 -1.232935170057470790e-11 2.839376638777165131e-11 5.638999266318084441e-11 1.440667304086161712e-10 4.721138442514809567e-11 1.547467382922903048e-11 1.508200333588817846e-11 6.309780340591932459e-12 7.754218980390672101e-12 2.330390790637343571e-12 -9.117991804666204227e-14 -8.438548970925059743e-13 3.309667763798021161e-12 1.264211721481075233e-12 -1.463446836222511008e-12 -3.599676783959965487e-12 -4.959349301095084407e-12 4.254662259320917751e-14 -2.568264024017977887e-13 -7.385239817494267370e-12 -7.330973556301382331e-14
7.163207642598130259e-11 4.990398292437803899e-11 -3.089495180322458103e-11 -2.171030517747064092e-12 1.106211897187559619e-11 1.093652799928727617e-11 2.862191768919644844e-11 2.786941653233481226e-11 4.721138442514809567e-11 1.083382914242740158e-10 2.738431342429708189e-11 1.879921123700233427e-11 1.487255938133161627e-11 5.436294222216674632e-12 3.389551217806572570e-12 -4.160863272115372379e-12 -1.267075074334488641e-12 1.068603914075403390e-12 7.733245241570700055e-13 -3.411838754683530773e-12 -4.824541574213232148e-12 -3.870384135920628957e-12 -1.158566348065491011e-12 -1.426783198936110765e-12 -4.281377888274151864e-12 4.107612982711310283e-13
1.319471074703913654e-11 3.213426208564583591e-11 1.339414752031129716e-11 -5.197340751221696665e-12 -6.116228376570866422e-12 -3.386559558870788088e-12 9.521357843648744187e-12 8.391602153532636705e-12 1.547467382922903048e-11 2.738431342429708189e-11 8.048000833064542401e-11 2.238015009812037157e-11 1.534702126913298977e-11 1.054933337846139763e-11 4.896444231545103453e-12 4.038656184516098512e-12 5.087420864840333705e-12 6.424287228977003905e-12 -4.556163464459791027e-12 -3.937966876420000767e-12 -5.117991640186098819e-12 -3.525536644703810960e-12 -2.112112158411717186e-12 1.430097537963088591e-12 2.450297841888723601e-12 2.209688340411173205e-12
-1.712705939635630251e-12 -5.320525061088955614e-12 -1.134064260181221451e-11 5.845921236027035386e-12 -1.003670098934041143e-11 -3.463308130698182930e-12 -2.015204450749544663e-12 2.771862097065387113e-13 1.508200333588817846e-11 1.879921123700233427e-11 2.238015009812037157e-11 6.570880260235411600e-11 2.332495089247199888e-11 1.943712898959142462e-11 9.374047192119888963e-12 1.053857247095095798e-11 1.280011714622541306e-12 2.263521190198223486e-12 -6.677982552076460873e-12 -3.669440516396858424e-12 -1.604578698117182104e-13 2.088543528420992346e-12 -2.211750202543613307e-13 -1.877169746770962371e-12 -1.406914671269087254e-12 1.971378125615439092e-12
3.110250028556332034e-11 -1.919541013064200324e-11 -1.127577101642482651e-11 -7.337828848725585477e-12 -6.255747044915699014e-12 -1.520584047519246372e-11 -6.389220546212075853e-12 -3.003697971570383020e-12 6.309780340591932459e-12 1.487255938133161627e-11 1.534702126913298977e-11 2.332495089247199888e-11 5.042150574169253833e-11 2.555557949728566918e-11 1.579518988143437242e-11 1.446695111171078256e-11 4.794403175208942332e-12 1.118166363897546677e-12 -3.427511551080205074e-13 2.114296165074063477e-12 -2.995020624680385421e-12 -8.429503407973032539e-14 1.487731775201379683e-12 -2.178746824589323774e-12 -1.349085465786436098e-12 2.107801695157831043e-12
2.782801814403298780e-11 -2.313525044691458426e-11 1.822756768711422842e-11 3.565985759179687946e-12 -5.319067322702313941e-12 -1.846482566032627609e-11 -1.087501294074906953e-11 -9.838335510442524032e-13 7.754218980390672101e-12 5.436294222216674632e-12 1.054933337846139763e-11 1.943712898959142462e-11 2.555557949728566918e-11 4.943428682618897476e-11 2.747707921650302772e-11 1.898568834130597746e-11 6.628401400415359686e-12 3.387205884629930169e-12 1.429295259195499554e-12 2.171620148004325874e-12 -2.840505199056171408e-13 2.091706705320810910e-12 1.964194362339158636e-12 -1.680815451639189145e-12 -1.501579360486041779e-12 1.971485704780830558e-12
4.852002057001284469e-11 -4.147134254423985140e-11 -1.056937910552233959e-12 3.963000862157226603e-12 2.870499107116219080e-13 -1.248827559729507261e-11 -1.009063262358469729e-11 -1.653167584991221921e-12 2.330390790637343571e-12 3.389551217806572570e-12 4.896444231545103453e-12 9.374047192119888963e-12 1.579518988143437242e-11 2.747707921650302772e-11 4.196840037110328440e-11 2.456596937371094183e-11 1.228993279038892093e-11 4.877386786415708635e-12 5.125162951784078767e-12 5.170656026708084980e-12 7.537515440687527937e-13 1.206154777290190279e-12 3.870196655564252526e-13 -6.140261668292432690e-13 -7.803897173046467867e-13 1.113692433127638460e-12
4.063501687518869540e-11 -2.361633594393912931e-11 2.661144599089285473e-11 -5.363360278745891480e-12 -6.899236431415526750e-12 -1.934361947691524384e-11 1.252642780253882481e-12 -2.048876131704134312e-12 -9.117991804666204227e-14 -4.160863272115372379e-12 4.038656184516098512e-12 1.053857247095095798e-11 1.446695111171078256e-11 1.898568834130597746e-11 2.456596937371094183e-11 4.357044177855845193e-11 2.530540666014110889e-11 1.219182855707868305e-11 7.841865425129664369e-12 5.905761659553319540e-12 6.456090788358475201e-13 2.998485620755991114e-12 2.046393683153824067e-12 -3.554036674785676887e-13 -1.583853993829019017e-12 2.428146018323395970e-12
3.128548110671876960e-11 3.243064715080483636e-12 2.977139003060204964e-11 -2.809543271475816422e-12 -3.069950308454311766e-12 -3.821088393576612271e-12 8.865219495038096287e-12 2.297001199612383380e-12 -8.438548970925059743e-13 -1.267075074334488641e-12 5.087420864840333705e-12 1.280011714622541306e-12 4.794403175208942332e-12 6.628401400415359686e-12 1.228993279038892093e-11 2.530540666014110889e-11 3.899483817671072384e-11 2.079077865238322247e-11 9.754844860258589384e-12 5.034564320925078868e-12 1.445875030811419644e-12 1.787749521558070229e-12 2.628226634321480623e-12 8.510167220747827665e-13 -1.418065762469906218e-13 8.411566525721246853e-13
5.766130568377819205e-11 -2.844619514126963464e-12 8.018644782917476141e-12 2.379392707297995598e-12 -7.899452639254863001e-12 -6.223440487414460987e-12 1.259612701133196146e-11 6.946802449509847066e-12 3.309667763798021161e-12 1.068603914075403390e-12 6.424287228977003905e-12 2.263521190198223486e-12 1.118166363897546677e-12 3.387205884629930169e-12 4.877386786415708635e-12 1.219182855707868305e-11 2.079077865238322247e-11 3.669360831162753915e-11 2.062914925997115415e-11 1.142894172832408361e-11 5.489439044474933068e-12 2.411642795481569941e-12 3.093180575716104031e-12 2.887534566246399973e-13 -3.240822847379331924e-14 6.365593592659055598e-13
4.283445310826093411e-11 1.056691267589547248e-11 7.599376367256976558e-12 1.577467544335407935e-12 -1.658653953890860524e-11 -3.187030934763676979e-12 5.187472784877748502e-12 6.412535992963331010e-12 1.264211721481075233e-12 7.733245241570700055e-13 -4.556163464459791027e-12 -6.677982552076460873e-12 -3.427511551080205074e-13 1.429295259195499554e-12 5.125162951784078767e-12 7.841865425129664369e-12 9.754844860258589384e-12 2.062914925997115415e-11 3.732925777927455027e-11 2.441411347088245329e-11 1.172036271584908941e-11 2.655311164843635912e-12 1.360869287380832909e-12 1.139333492387707596e-12 -1.230456434874358446e-12 -1.385551483136777303e-12
2.986333508691189301e-11 -2.888829697370011704e-12 1.531339634187672214e-11 4.090207934053481516e-12 -1.851131234421659383e-12 4.167319928379843035e-12 -2.526513737899585632e-12 -2.199887778354946173e-12 -1.463446836222511008e-12 -3.411838754683530773e-12 -3.937966876420000767e-12 -3.669440516396858424e-12 2.114296165074063477e-12 2.171620148004325874e-12 5.170656026708084980e-12 5.905761659553319540e-12 5.034564320925078868e-12 1.142894172832408361e-11 2.441411347088245329e-11 3.818123881869809009e-11 2.359619237749018968e-11 7.689726005496815406e-12 2.185271798713574473e-12 1.114292138986009688e-12 1.433345277038480339e-13 2.523732963894997577e-13
-1.388768991876676931e-11 3.112162501715436243e-12 3.445080049874963377e-12 1.386200924846309781e-11 1.051928317889800099e-13 3.440820787869847804e-12 4.087366257062140547e-12 -3.663014324988281573e-12 -3.599676783959965487e-12 -4.824541574213232148e-12 -5.117991640186098819e-12 -1.604578698117182104e-13 -2.995020624680385421e-12 -2.840505199056171408e-13 7.537515440687527937e-13 6.456090788358475201e-13 1.445875030811419644e-12 5.489439044474933068e-12 1.172036271584908941e-11 2.359619237749018968e-11 3.484474317726513862e-11 1.289575594572402357e-11 4.781441134599552293e-12 2.528277925177451063e-12 1.824291454058807773e-12 8.168686207623087336e-14
1.307917013642303303e-11 -4.905485523562463265e-12 -1.284551432834758291e-11 -1.479453097846486261e-12 -7.704046928900410959e-12 -5.160463232065739481e-12 -1.673516895081178515e-12 -5.644831082056830181e-12 -4.959349301095084407e-12 -3.870384135920628957e-12 -3.525536644703810960e-12 2.088543528420992346e-12 -8.429503407973032539e-14 2.091706705320810910e-12 1.206154777290190279e-12 2.998485620755991114e-12 1.787749521558070229e-12 2.411642795481569941e-12 2.655311164843635912e-12 7.689726005496815406e-12 1.289575594572402357e-11 1.827888785764982108e-11 8.777647893706663147e-12 1.999185771325946115e-12 1.619718990198379188e-12 -2.604208475200527983e-13
-1.107172032794254537e-11 -8.395819348796980599e-12 -5.638978726852207985e-12 -9.585332657991021753e-12 -1.062790376805740904e-11 9.768357412340054361e-13 -3.329424369222707529e-12 -7.820668648858616937e-14 4.254662259320917751e-14 -1.158566348065491011e-12 -2.112112158411717186e-12 -2.211750202543613307e-13 1.487731775201379683e-12 1.964194362339158636e-12 3.870196655564252526e-13 2.046393683153824067e-12 2.628226634321480623e-12 3.093180575716104031e-12 1.360869287380832909e-12 2.185271798713574473e-12 4.781441134599552293e-12 8.777647893706663147e-12 1.679052467435034747e-11 6.297506229411233981e-12 1.014544564985585294e-12 -1.907490453441116500e-14
-1.487161070051252107e-11 1.282428318102871382e-12 4.993609604880048086e-12 8.270889350100861649e-12 -5.235565292946404117e-12 -9.828084160786568307e-12 1.270294929902260301e-12 2.044906664930506762e-12 -2.568264024017977887e-13 -1.426783198936110765e-12 1.430097537963088591e-12 -1.877169746770962371e-12 -2.178746824589323774e-12 -1.680815451639189145e-12 -6.140261668292432690e-13 -3.554036674785676887e-13 8.510167220747827665e-13 2.887534566246399973e-13 1.139333492387707596e-12 1.114292138986009688e-12 2.528277925177451063e-12 1.999185771325946115e-12 6.297506229411233981e-12 1.331661908146802059e-11 3.830494430961963939e-12 -2.278360452170666679e-13
-1.951060588254104764e-11 -3.397373691379197577e-13 4.735089091228401551e-12 4.478547028940353239e-12 -2.578714257168898159e-12 -4.651603019136837412e-12 1.464404417300033596e-12 -2.695794795614101500e-12 -7.385239817494267370e-12 -4.281377888274151864e-12 2.450297841888723601e-12 -1.406914671269087254e-12 -1.349085465786436098e-12 -1.501579360486041779e-12 -7.803897173046467867e-13 -1.583853993829019017e-12 -1.418065762469906218e-13 -3.240822847379331924e-14 -1.230456434874358446e-12 1.433345277038480339e-13 1.824291454058807773e-12 1.619718990198379188e-12 1.014544564985585294e-12 3.830494430961963939e-12 8.543602091159562605e-12 1.657893031381865282e-12
3.031494342393237522e-12 -3.246921761461079195e-12 -4.829164923956810146e-12 -1.062372628661562022e-11 3.143001085228590370e-12 -4.572081632183426040e-12 4.366204305554567769e-13 -3.873531491020642655e-12 -7.330973556301382331e-14 4.107612982711310283e-13 2.209688340411173205e-12 1.971378125615439092e-12 2.107801695157831043e-12 1.971485704780830558e-12 1.113692433127638460e-12 2.428146018323395970e-12 8.411566525721246853e-13 6.365593592659055598e-13 -1.385551483136777303e-12 2.523732963894997577e-13 8.168686207623087336e-14 -2.604208475200527983e-13 -1.907490453441116500e-14 -2.278360452170666679e-13 1.657893031381865282e-12 7.753790190734484535e-12
