2.908129835548696772e-09 -7.366672475642446026e-11 1.436775345504414965e-10 1.158132519534709373e-10 2.307761141516001722e-11 -7.252280299450732165e-11 -1.267927015614744940e-10 -2.966357812854349395e-11 -4.552109525362422446e-12 -8.979729569489330337e-13 5.584272836915719698e-11 5.346696133126421309e-11 3.973247466154298888e-11 3.616864366952598625e-11 2.705696065507558329e-11 3.119316983591185762e-11 3.860682188759574046e-12 -1.842371324126555345e-11 -2.187181405309603020e-11 -1.923312253331181108e-11 -8.590818849406445085e-12 1.782626831851396532e-11 4.331881367458694423e-12 2.216324083154405529e-11 -1.012306665832033603e-11 -1.273062873798730382e-11
-7.366672475642446026e-11 1.561776121602228831e-09 -4.223512671250279185e-12 1.250917775379866279e-10 -1.330662036723128964e-11 -3.172259185923497706e-11 3.788340382636484690e-11 -3.291946026231625858e-11 -4.914440877244628091e-11 1.483467912356567958e-11 -6.965792342160155518e-12 2.270617696148649489e-11 4.376502054551494833e-12 6.706988028911737875e-12 1.398168192445340704e-11 3.547141009020156124e-12 -4.691496759216851993e-12 -4.731747662964261350e-12 -2.175544858474117106e-11 -1.195193294129457759e-11 1.537913074650898899e-13 -9.612953371273919774e-13 -1.080740705880865150e-13 8.863905792691227534e-12 2.034252989181774355e-12 7.163456977492779582e-12
1.436775345504414965e-10 -4.223512671250279185e-12 1.223173663738918608e-09 6.556200678482522891e-11 7.939959604568127346e-11 -9.406802130174136990e-12 3.115611518988526655e-11 1.121367137811649808e-11 1.585862006448307683e-11 -5.448385852145258384e-13 1.562645086117714556e-11 4.539369012121095813e-11 3.664811592030781921e-11 2.951921333563421062e-11 9.108619674478622800e-12 3.609523556741500285e-11 -4.292556970841528708e-12 7.002562491426043771e-12 1.427889902206954619e-11 8.554989839065204230e-12 -5.837447776599155057e-13 -6.040790569477985861e-13 -5.694374266819893129e-12 -2.172067458725928883e-12 3.972655795945044473e-12 -1.046497087001360470e-11
1.158132519534709373e-10 1.250917775379866279e-10 6.556200678482522891e-11 7.868162675124716580e-10 9.501137780620057551e-11 1.000851860024705947e-10 -2.696463707788159638e-12 2.220290076826695002e-11 -2.066464996243355573e-11 -1.856553778933933142e-11 -4.858294858820813596e-12 7.266681084983131848e-12 1.528900088323803599e-11 1.108681453671177027e-11 1.862574946969746933e-11 3.127980011208386628e-13 -4.530008434742716119e-12 -1.560241779134738263e-12 1.435906716905349078e-12 -1.652827339051423055e-11 -1.178941728200528528e-11 -3.772224869547956700e-12 -7.047766145768278652e-12 -1.617722404258966040e-12 6.030030324513775411e-13 1.374065759093317836e-12
2.307761141516001722e-11 -1.330662036723128964e-11 7.939959604568127346e-11 9.501137780620057551e-11 4.382163643400146148e-10 8.906703310387729822e-11 1.374709837869199680e-11 3.230265502683182172e-11 2.206910955963200852e-12 -1.783710322869380152e-11 3.232617590722677727e-12 5.111597228753093087e-12 2.352764768306419842e-12 -5.307229981404920250e-12 -9.684777412667097328e-12 -6.053638745916885164e-12 -3.707876893394182457e-12 -4.573837474583147402e-12 -2.633138637543827494e-12 8.011694959390930799e-12 1.751047217344842066e-11 4.308114338114852868e-12 3.255391194193061451e-12 4.559255753220144728e-12 6.091141599889232568e-14 -1.271758752983516181e-12
-7.252280299450732165e-11 -3.172259185923497706e-11 -9.406802130174136990e-12 1.000851860024705947e-10 8.906703310387729822e-11 3.417690135028895894e-10 1.873069665385487111e-11 3.489010336054155585e-11 -6.149412751308139811e-12 -3.061335320943312493e-12 -1.096939096335231887e-12 -2.062563845787315199e-11 -9.033516867142029020e-13 -7.194757272909571989e-12 4.595385091436936502e-12 9.871003726583122693e-12 8.977833879586487225e-12 -5.567771833628549229e-12 -4.073527811330747752e-12 6.566909411037892431e-12 9.184944671711434939e-12 1.248546505556976056e-11 2.869208305244294667e-12 3.638202933090062730e-12 3.440514480093446216e-12 3.374210763364499922e-12
-1.267927015614744940e-10 3.788340382636484690e-11 3.115611518988526655e-11 -2.696463707788159638e-12 1.374709837869199680e-11 1.873069665385487111e-11 2.618458513392695710e-10 6.397119547554803230e-11 3.382420736632806688e-11 2.948483834345728011e-11 2.622763494443228549e-11 1.519857917997317259e-11 2.328926171773821114e-11 2.249504429467429648e-11 1.033307354119080935e-11 1.088721017293554956e-11 1.567293015802594328e-12 2.279221548735764437e-12 -5.175375263024782079e-12 -4.767308893267834863e-13 -1.403629972217672122e-12 2.562142898635382901e-12 -3.182611282597126675e-12 8.084621361141080504e-13 -3.342241830151389087e-13 6.308062030446987000e-13
-2.966357812854349395e-11 -3.291946026231625858e-11 1.121367137811649808e-11 2.220290076826695002e-11 3.230265502683182172e-11 3.489010336054155585e-11 6.397119547554803230e-11 1.992891966904518889e-10 4.679247350824709778e-11 3.596910800778644665e-11 2.393869694906031235e-11 4.982486035633609364e-12 9.285849264267058563e-12 5.902972905891204452e-12 4.389793410640216436e-12 7.544783793867020668e-12 4.686438011428298291e-12 3.566060939022717924e-12 -2.295032261778598198e-12 -3.908920980462884161e-12 -4.068688231809073617e-12 2.175436617476669835e-13 3.117167361078968762e-13 1.469528102927213477e-12 -3.152345624121388677e-12 -6.085807493907539600e-13
-4.552109525362422446e-12 -4.914440877244628091e-11 1.585862006448307683e-11 -2.066464996243355573e-11 2.206910955963200852e-12 -6.149412751308139811e-12 3.382420736632806688e-11 4.679247350824709778e-11 1.215405923804127708e-10 4.864757077687888151e-11 3.349041712272345652e-11 2.396729201561095611e-11 1.407476352114674442e-11 1.248784398840787607e-11 1.275336025888331619e-11 1.559343676106959550e-11 7.366167746720935507e-12 5.064392757515974651e-12 2.611498708523064646e-12 -4.690204814002799259e-13 -5.505030466226215091e-12 1.356982903583756770e-12 5.174814962939215413e-12 1.954939485798564408e-13 -3.619710682139420624e-12 5.385303572770951135e-13
-8.979729569489330337e-13 1.483467912356567958e-11 -5.448385852145258384e-13 -1.856553778933933142e-11 -1.783710322869380152e-11 -3.061335320943312493e-12 2.948483834345728011e-11 3.596910800778644665e-11 4.864757077687888151e-11 1.041190778197486938e-10 3.678703811187079389e-11 1.278940535099057248e-11 1.466601516591278825e-11 9.972177647131015206e-12 1.111654531455635328e-11 6.198789763708605335e-12 3.348791780443754498e-12 2.089726452859154425e-12 -5.337141958877500173e-12 -4.915044035454707820e-12 -6.393733771351292806e-12 -1.468878542270091353e-12 -9.648967177222054528e-13 -5.251369668080056889e-13 -3.670063015225808653e-13 -1.901555402539087938e-13
5.584272836915719698e-11 -6.965792342160155518e-12 1.562645086117714556e-11 -4.858294858820813596e-12 3.232617590722677727e-12 -1.096939096335231887e-12 2.622763494443228549e-11 2.393869694906031235e-11 3.349041712272345652e-11 3.678703811187079389e-11 7.749853744890862366e-11 2.852567468257514459e-11 2.210731627977013514e-11 1.020887874687497960e-11 1.178715893452691964e-11 7.414492411100576833e-12 4.111458969202098575e-12 4.526313865052228353e-12 -4.078273947768126159e-12 -2.228485509751208308e-12 -3.051472384620799552e-13 -9.786014486167832880e-13 2.791010420979716110e-12 2.600837855392871882e-12 -1.609463125632996608e-12 2.490921717672222572e-13
5.346696133126421309e-11 2.270617696148649489e-11 4.539369012121095813e-11 7.266681084983131848e-12 5.111597228753093087e-12 -2.062563845787315199e-11 1.519857917997317259e-11 4.982486035633609364e-12 2.396729201561095611e-11 1.278940535099057248e-11 2.852567468257514459e-11 6.217694105625984642e-11 3.113103882788306161e-11 1.555929360309133075e-11 1.053321031681885648e-11 8.550532110259203593e-12 4.045886002359060898e-12 6.960524933047105750e-12 2.668831073594817103e-12 2.400921428773309822e-12 2.683142518678140558e-12 4.213161122743304307e-12 4.911587845625471130e-12 2.476488980982146659e-12 7.473312652960693180e-13 8.847811282291963201e-13
3.973247466154298888e-11 4.376502054551494833e-12 3.664811592030781921e-11 1.528900088323803599e-11 2.352764768306419842e-12 -9.033516867142029020e-13 2.328926171773821114e-11 9.285849264267058563e-12 1.407476352114674442e-11 1.466601516591278825e-11 2.210731627977013514e-11 3.113103882788306161e-11 5.897695234436517416e-11 3.289491820728575304e-11 2.132078346606939090e-11 1.573293635358396732e-11 1.472245171044774543e-11 1.213042024404950791e-11 5.318900391928024346e-12 7.782221444455256249e-13 -9.245112315811884654e-13 1.662359918002186469e-12 4.701306831361047661e-12 1.954009054259374641e-12 7.091256787121170445e-13 2.292256127649128260e-12
3.616864366952598625e-11 6.706988028911737875e-12 2.951921333563421062e-11 1.108681453671177027e-11 -5.307229981404920250e-12 -7.194757272909571989e-12 2.249504429467429648e-11 5.902972905891204452e-12 1.248784398840787607e-11 9.972177647131015206e-12 1.020887874687497960e-11 1.555929360309133075e-11 3.289491820728575304e-11 5.324760612654149360e-11 3.177246704307225063e-11 1.910520264309468386e-11 1.267062304146639861e-11 9.707263335618075538e-12 4.475624953660071350e-12 1.447299807520185502e-12 -5.257560223583518626e-13 2.874470350347094122e-12 5.366914908054882251e-12 1.666776009635982461e-12 8.864664845452901019e-14 1.988672929990860787e-12
2.705696065507558329e-11 1.398168192445340704e-11 9.108619674478622800e-12 1.862574946969746933e-11 -9.684777412667097328e-12 4.595385091436936502e-12 1.033307354119080935e-11 4.389793410640216436e-12 1.275336025888331619e-11 1.111654531455635328e-11 1.178715893452691964e-11 1.053321031681885648e-11 2.132078346606939090e-11 3.177246704307225063e-11 5.078623828648766514e-11 3.152219745083423594e-11 1.778729775749391371e-11 1.144767200539588834e-11 2.706588995384449221e-12 -7.729152849977810787e-13 -3.095532473067116049e-12 -1.149978579596289960e-12 -8.797789731281539152e-13 9.721420134222528275e-14 -1.163055733638034586e-13 3.369907181838495703e-12
3.119316983591185762e-11 3.547141009020156124e-12 3.609523556741500285e-11 3.127980011208386628e-13 -6.053638745916885164e-12 9.871003726583122693e-12 1.088721017293554956e-11 7.544783793867020668e-12 1.559343676106959550e-11 6.198789763708605335e-12 7.414492411100576833e-12 8.550532110259203593e-12 1.573293635358396732e-11 1.910520264309468386e-11 3.152219745083423594e-11 4.815264926861598966e-11 3.086894245727808527e-11 1.496650377595572304e-11 9.707980423672809146e-12 3.230126795664973259e-12 -1.508808425701617594e-12 -5.043604132366682718e-13 -4.190587263777856372e-13 -1.504920520572924831e-12 -7.562640189133025106e-14 2.263522352119913030e-12
3.860682188759574046e-12 -4.691496759216851993e-12 -4.292556970841528708e-12 -4.530008434742716119e-12 -3.707876893394182457e-12 8.977833879586487225e-12 1.567293015802594328e-12 4.686438011428298291e-12 7.366167746720935507e-12 3.348791780443754498e-12 4.111458969202098575e-12 4.045886002359060898e-12 1.472245171044774543e-11 1.267062304146639861e-11 1.778729775749391371e-11 3.086894245727808527e-11 5.194851605479819060e-11 3.077978976578910631e-11 1.723478798277705231e-11 1.010578839715422221e-11 3.452315610993928537e-12 2.539645640928628797e-12 2.033588516379673741e-12 -4.495151022517629742e-13 1.838485397215754027e-12 3.735875075231054017e-12
-1.842371324126555345e-11 -4.731747662964261350e-12 7.002562491426043771e-12 -1.560241779134738263e-12 -4.573837474583147402e-12 -5.567771833628549229e-12 2.279221548735764437e-12 3.566060939022717924e-12 5.064392757515974651e-12 2.089726452859154425e-12 4.526313865052228353e-12 6.960524933047105750e-12 1.213042024404950791e-11 9.707263335618075538e-12 1.144767200539588834e-11 1.496650377595572304e-11 3.077978976578910631e-11 4.212877053762005018e-11 2.516637574761650695e-11 1.128459084789430287e-11 5.618097043927521696e-12 5.039073058126289383e-12 2.308069883925419979e-12 8.412971624995930110e-13 1.251679799938875129e-12 2.418467616161326491e-12
-2.187181405309603020e-11 -2.175544858474117106e-11 1.427889902206954619e-11 1.435906716905349078e-12 -2.633138637543827494e-12 -4.073527811330747752e-12 -5.175375263024782079e-12 -2.295032261778598198e-12 2.611498708523064646e-12 -5.337141958877500173e-12 -4.078273947768126159e-12 2.668831073594817103e-12 5.318900391928024346e-12 4.475624953660071350e-12 2.706588995384449221e-12 9.707980423672809146e-12 1.723478798277705231e-11 2.516637574761650695e-11 3.956036134005920880e-11 2.311065462818205125e-11 1.065680257381199119e-11 8.528837124067483302e-12 6.336391267779068836e-12 7.134371942279326118e-13 2.963375700635449782e-13 -3.764376803592326383e-13
-1.923312253331181108e-11 -1.195193294129457759e-11 8.554989839065204230e-12 -1.652827339051423055e-11 8.011694959390930799e-12 6.566909411037892431e-12 -4.767308893267834863e-13 -3.908920980462884161e-12 -4.690204814002799259e-13 -4.915044035454707820e-12 -2.228485509751208308e-12 2.400921428773309822e-12 7.782221444455256249e-13 1.447299807520185502e-12 -7.729152849977810787e-13 3.230126795664973259e-12 1.010578839715422221e-11 1.128459084789430287e-11 2.311065462818205125e-11 3.482374268315128205e-11 1.956200211693118560e-11 1.136501029549445427e-11 7.373237496487678800e-12 9.437074521805528724e-13 1.113979708366467257e-13 -1.402685897338881825e-12
-8.590818849406445085e-12 1.537913074650898899e-13 -5.837447776599155057e-13 -1.178941728200528528e-11 1.751047217344842066e-11 9.184944671711434939e-12 -1.403629972217672122e-12 -4.068688231809073617e-12 -5.505030466226215091e-12 -6.393733771351292806e-12 -3.051472384620799552e-13 2.683142518678140558e-12 -9.245112315811884654e-13 -5.257560223583518626e-13 -3.095532473067116049e-12 -1.508808425701617594e-12 3.452315610993928537e-12 5.618097043927521696e-12 1.065680257381199119e-11 1.956200211693118560e-11 2.936828793282411146e-11 1.732275119658079377e-11 9.127917931183641336e-12 4.010958908902967023e-12 -7.690414634793659760e-14 -1.397234248499250945e-12
1.782626831851396532e-11 -9.612953371273919774e-13 -6.040790569477985861e-13 -3.772224869547956700e-12 4.308114338114852868e-12 1.248546505556976056e-11 2.562142898635382901e-12 2.175436617476669835e-13 1.356982903583756770e-12 -1.468878542270091353e-12 -9.786014486167832880e-13 4.213161122743304307e-12 1.662359918002186469e-12 2.874470350347094122e-12 -1.149978579596289960e-12 -5.043604132366682718e-13 2.539645640928628797e-12 5.039073058126289383e-12 8.528837124067483302e-12 1.136501029549445427e-11 1.732275119658079377e-11 2.604856839530779276e-11 1.280311671387974958e-11 3.874897207453800410e-12 -1.078751849516182070e-13 -1.277122078326927493e-13
4.331881367458694423e-12 -1.080740705880865150e-13 -5.694374266819893129e-12 -7.047766145768278652e-12 3.255391194193061451e-12 2.869208305244294667e-12 -3.182611282597126675e-12 3.117167361078968762e-13 5.174814962939215413e-12 -9.648967177222054528e-13 2.791010420979716110e-12 4.911587845625471130e-12 4.701306831361047661e-12 5.366914908054882251e-12 -8.797789731281539152e-13 -4.190587263777856372e-13 2.033588516379673741e-12 2.308069883925419979e-12 6.336391267779068836e-12 7.373237496487678800e-12 9.127917931183641336e-12 1.280311671387974958e-11 1.736138617186258634e-11 5.684326052847987307e-12 7.285147216393483323e-13 -7.640406268006582453e-14
2.216324083154405529e-11 8.863905792691227534e-12 -2.172067458725928883e-12 -1.617722404258966040e-12 4.559255753220144728e-12 3.638202933090062730e-12 8.084621361141080504e-13 1.469528102927213477e-12 1.954939485798564408e-13 -5.251369668080056889e-13 2.600837855392871882e-12 2.476488980982146659e-12 1.954009054259374641e-12 1.666776009635982461e-12 9.721420134222528275e-14 -1.504920520572924831e-12 -4.495151022517629742e-13 8.412971624995930110e-13 7.134371942279326118e-13 9.437074521805528724e-13 4.010958908902967023e-12 3.874897207453800410e-12 5.684326052847987307e-12 1.155194791128504402e-11 2.461374405868328406e-12 -5.876371420181958836e-13
-1.012306665832033603e-11 2.034252989181774355e-12 3.972655795945044473e-12 6.030030324513775411e-13 6.091141599889232568e-14 3.440514480093446216e-12 -3.342241830151389087e-13 -3.152345624121388677e-12 -3.619710682139420624e-12 -3.670063015225808653e-13 -1.609463125632996608e-12 7.473312652960693180e-13 7.091256787121170445e-13 8.864664845452901019e-14 -1.163055733638034586e-13 -7.562640189133025106e-14 1.838485397215754027e-12 1.251679799938875129e-12 2.963375700635449782e-13 1.113979708366467257e-13 -7.690414634793659760e-14 -1.078751849516182070e-13 7.285147216393483323e-13 2.461374405868328406e-12 7.605435575318126296e-12 1.284597256076747294e-12
-1.273062873798730382e-11 7.163456977492779582e-12 -1.046497087001360470e-11 1.374065759093317836e-12 -1.271758752983516181e-12 3.374210763364499922e-12 6.308062030446987000e-13 -6.085807493907539600e-13 5.385303572770951135e-13 -1.901555402539087938e-13 2.490921717672222572e-13 8.847811282291963201e-13 2.292256127649128260e-12 1.988672929990860787e-12 3.369907181838495703e-12 2.263522352119913030e-12 3.735875075231054017e-12 2.418467616161326491e-12 -3.764376803592326383e-13 -1.402685897338881825e-12 -1.397234248499250945e-12 -1.277122078326927493e-13 -7.640406268006582453e-14 -5.876371420181958836e-13 1.284597256076747294e-12 6.968080587871274310e-12
