3.316537195212329633e-09 3.785759697627357392e-10 3.065036724171532590e-10 7.641807895737124924e-11 -9.150754790984097964e-11 4.063299949985132312e-11 -1.066609670055867899e-11 -2.614250224286043431e-11 -9.203539963302868206e-12 1.697221041758185020e-11 1.065912938616065840e-10 7.602676309056140759e-11 5.770799605404849194e-11 6.973500886265242771e-11 3.396408918241796596e-11 3.941437560479848948e-11 4.109744750840284530e-11 2.362586105125380574e-11 1.102521967468280407e-11 -2.457304639490047649e-11 -3.710677586159347909e-11 8.315470157624092650e-14 -1.585591199719357286e-11 1.341599530058537316e-11 -1.750584791339608962e-12 1.004394736280988125e-11
3.785759697627357392e-10 2.690942503101718212e-09 2.002142829609241138e-10 2.321181089969466011e-10 2.537695361702003048e-10 1.229062463359399507e-10 1.804307769488474807e-10 1.704491423738794645e-11 4.101740300447510306e-11 1.130314931271541831e-11 3.743078627399215409e-11 -2.627157638217389809e-11 3.537209783387499029e-11 5.433724984387214630e-11 1.950894408910207982e-11 4.044574711828187146e-11 4.706906177481332617e-11 3.049845788346958031e-11 3.392575188097578901e-11 3.176698579716182914e-11 -1.627576427618490649e-11 -2.396516844763760779e-11 -2.574411356812547348e-11 2.231719851755779728e-12 1.536809577136139516e-11 4.238535469525459450e-12
3.065036724171532590e-10 2.002142829609241138e-10 1.574844193959335120e-09 2.457809192343711033e-10 7.124946517233635420e-11 7.186072231188887761e-11 7.379952030720033978e-11 -2.831327597398930605e-12 7.621008708095208834e-11 4.190538492229672663e-11 3.715543322315695797e-11 1.069565230566738282e-11 2.322623080680750796e-11 1.663412385065477405e-11 -6.103309667210856575e-12 -1.385668518308612633e-11 -1.879320875823677347e-11 -1.136472441706757481e-11 -1.220521477290207951e-11 -1.574104431946580285e-11 -1.187355555535552999e-11 -8.931701350355988133e-12 2.525612065943712993e-12 -1.675996973183784649e-11 -2.226262534793260359e-12 1.191162046184543715e-11
7.641807895737124924e-11 2.321181089969466011e-10 2.457809192343711033e-10 9.401017626231932842e-10 1.270514384690179017e-10 1.074254401294688251e-10 9.161613773542485560e-11 1.669946198616908856e-11 6.809886890655207742e-11 3.523584111057751964e-11 3.441658354105310744e-11 2.853272888006886252e-11 2.867369551639628718e-11 3.034800076536877825e-11 1.143901902516073931e-11 -1.156538412001599780e-12 1.644139785162198261e-11 8.995419731497315190e-13 -5.741441113146726452e-12 -2.391905234344620327e-12 3.988352276909910118e-12 1.804870358117649672e-11 1.616459406021994552e-11 2.392265352843308557e-12 4.895877440988768399e-12 -4.250309020988148719e-12
-9.150754790984097964e-11 2.537695361702003048e-10 7.124946517233635420e-11 1.270514384690179017e-10 6.278037702771190354e-10 6.059128844906437463e-11 7.063719811075161209e-11 3.134525661312422180e-12 6.213091057813935983e-11 2.155275600937435756e-11 2.606377258907995738e-11 1.911890296351150996e-11 2.625413493102017904e-12 4.740398947365835742e-12 8.033441005066792575e-12 1.990008583009779203e-11 1.653062656969703946e-11 9.771011984804771238e-12 9.112181000817068880e-12 2.050852674505414151e-11 1.610786287380150055e-11 -7.766406432257228896e-12 5.078910979037467734e-12 1.060985952464946436e-11 -5.467719297547125999e-12 -1.737165629109158287e-12
4.063299949985132312e-11 1.229062463359399507e-10 7.186072231188887761e-11 1.074254401294688251e-10 6.059128844906437463e-11 5.052775855109304723e-10 8.949210343806951293e-11 3.132101493870106914e-11 3.154109620216238704e-11 2.683914312956000445e-11 2.476463072780250456e-11 1.956676703168087986e-11 1.493498906171584351e-11 2.574049026604555870e-13 1.291197664140551848e-12 8.158282454245216565e-12 1.413190354644509521e-11 3.926188902264508735e-12 3.552373249085570812e-12 8.499959375233605524e-12 1.534619362684411762e-13 7.233058402599788442e-12 5.532843704567836942e-12 -1.576073056001214364e-14 8.736771217067601308e-12 -1.035148206839235386e-12
-1.066609670055867899e-11 1.804307769488474807e-10 7.379952030720033978e-11 9.161613773542485560e-11 7.063719811075161209e-11 8.949210343806951293e-11 3.441882100242769400e-10 3.645379528171050446e-11 3.965314122301503139e-11 1.015022217813645076e-11 8.223414925242449152e-12 -1.167532558576693905e-11 1.084905865733379568e-11 1.218589316928460415e-11 -1.826162914582427223e-12 2.450008065599997953e-12 6.988102625367302908e-12 4.463708393303127238e-12 -5.674305900586723831e-12 -1.253557218834843015e-11 -1.026330061404520615e-11 -1.648531359300759532e-11 -7.017481824792957608e-12 -5.888778877110525920e-12 -6.176686252857711777e-12 9.961197959877364939e-13
-2.614250224286043431e-11 1.704491423738794645e-11 -2.831327597398930605e-12 1.669946198616908856e-11 3.134525661312422180e-12 3.132101493870106914e-11 3.645379528171050446e-11 2.134557378495492760e-10 2.963737029314877755e-11 7.404597092295566382e-12 6.017329997107904118e-12 1.755690257675817069e-11 -1.271439056128640874e-12 -1.988471975036192016e-13 -6.909932249465246220e-12 5.722339162458786323e-12 1.140435933246640454e-11 5.444960096790635262e-12 6.079837236447558167e-12 7.569059614524854573e-13 -6.921622528001683335e-12 -7.195339617226102178e-12 -1.094063891592791229e-11 2.873320002917040029e-12 9.769273217134556324e-12 3.630819348421259663e-12
-9.203539963302868206e-12 4.101740300447510306e-11 7.621008708095208834e-11 6.809886890655207742e-11 6.213091057813935983e-11 3.154109620216238704e-11 3.965314122301503139e-11 2.963737029314877755e-11 1.753786875642978488e-10 4.251354871019900810e-11 3.122857730619480838e-11 2.827904311691322467e-11 2.382097007604511369e-11 2.286910246557061012e-11 1.470889118367385207e-11 6.716818123505282793e-12 1.531640212746055381e-11 1.300428384837033121e-11 -1.213185138639686584e-14 -5.164767456773221989e-12 -1.038881315685507256e-11 -7.671407898059768229e-12 -5.158254454460351230e-13 2.041966243781101753e-12 7.048579808304102447e-13 1.267675984781351780e-12
1.697221041758185020e-11 1.130314931271541831e-11 4.190538492229672663e-11 3.523584111057751964e-11 2.155275600937435756e-11 2.683914312956000445e-11 1.015022217813645076e-11 7.404597092295566382e-12 4.251354871019900810e-11 1.383518812028098867e-10 4.480009197242519550e-11 3.401631392847307282e-11 1.635372938081604792e-11 1.577045769903084171e-11 1.214798545985839834e-11 1.272192713134583002e-11 4.562458702866212312e-12 2.034001600755237312e-14 -1.246113552823056216e-12 -1.202878423290495595e-11 -1.459586346258895700e-11 -5.018103238413590336e-12 -8.370700306097773162e-12 -3.261429521238181187e-12 -1.447146321218626070e-12 -4.349938222450653310e-12
1.065912938616065840e-10 3.743078627399215409e-11 3.715543322315695797e-11 3.441658354105310744e-11 2.606377258907995738e-11 2.476463072780250456e-11 8.223414925242449152e-12 6.017329997107904118e-12 3.122857730619480838e-11 4.480009197242519550e-11 7.722949961452263858e-11 3.233340533911171436e-11 1.922936344113294729e-11 1.402476635723359483e-11 1.231839565407539651e-11 4.675061937261053836e-12 -4.113222555355476342e-13 -7.867877563612496734e-13 4.934576608657461334e-13 -1.604512561016311077e-12 -6.066581157760523328e-12 -4.337659200360972108e-12 -3.845558620588408340e-12 -7.912825734735877314e-13 -2.777032165531666592e-12 -3.331646120279437391e-12
7.602676309056140759e-11 -2.627157638217389809e-11 1.069565230566738282e-11 2.853272888006886252e-11 1.911890296351150996e-11 1.956676703168087986e-11 -1.167532558576693905e-11 1.755690257675817069e-11 2.827904311691322467e-11 3.401631392847307282e-11 3.233340533911171436e-11 7.810938686524934808e-11 3.369584524099146164e-11 2.107236816491323275e-11 1.320113677715826587e-11 7.706792299148074889e-12 1.111757010424052597e-11 6.570809020844308208e-12 6.566132456714369438e-12 -5.130650024254177496e-13 -4.528653715771158249e-12 -6.890742304550025195e-13 -2.443484415966379548e-13 -6.468850578295222378e-13 3.127580530263522589e-13 2.356561169573324585e-13
5.770799605404849194e-11 3.537209783387499029e-11 2.322623080680750796e-11 2.867369551639628718e-11 2.625413493102017904e-12 1.493498906171584351e-11 1.084905865733379568e-11 -1.271439056128640874e-12 2.382097007604511369e-11 1.635372938081604792e-11 1.922936344113294729e-11 3.369584524099146164e-11 7.421255803887769381e-11 4.178830873115853147e-11 3.023286057315860832e-11 1.908562167196481803e-11 1.561391220281616680e-11 9.206340962625027338e-12 3.700097355881217442e-12 -1.885737477679717992e-12 -1.105825265801313404e-11 -6.677193373663596092e-12 -1.232501914062451425e-12 6.649827177034488213e-13 3.981607248505251577e-12 6.321378652427214387e-13
6.973500886265242771e-11 5.433724984387214630e-11 1.663412385065477405e-11 3.034800076536877825e-11 4.740398947365835742e-12 2.574049026604555870e-13 1.218589316928460415e-11 -1.988471975036192016e-13 2.286910246557061012e-11 1.577045769903084171e-11 1.402476635723359483e-11 2.107236816491323275e-11 4.178830873115853147e-11 7.198990864428857534e-11 3.747184042840803526e-11 2.579563243978768129e-11 1.573521015974918426e-11 9.450346991885163008e-12 1.058597912537498140e-11 1.412639369211500306e-12 -9.848494450483747498e-12 -2.774456833260368232e-12 3.863900821675658655e-12 9.790086196883561264e-13 1.980603464353327487e-12 2.566181854279110862e-12
3.396408918241796596e-11 1.950894408910207982e-11 -6.103309667210856575e-12 1.143901902516073931e-11 8.033441005066792575e-12 1.291197664140551848e-12 -1.826162914582427223e-12 -6.909932249465246220e-12 1.470889118367385207e-11 1.214798545985839834e-11 1.231839565407539651e-11 1.320113677715826587e-11 3.023286057315860832e-11 3.747184042840803526e-11 5.548571560418812759e-11 3.156020323832267657e-11 2.073739302623061300e-11 1.272174966660760504e-11 1.052906644311814696e-11 3.037521195622964552e-12 -1.828363220383935899e-12 1.123136057742499128e-12 1.552381217462660380e-12 1.057940569686606509e-12 -8.794923745424225869e-13 -2.423972632845952019e-12
3.941437560479848948e-11 4.044574711828187146e-11 -1.385668518308612633e-11 -1.156538412001599780e-12 1.990008583009779203e-11 8.158282454245216565e-12 2.450008065599997953e-12 5.722339162458786323e-12 6.716818123505282793e-12 1.272192713134583002e-11 4.675061937261053836e-12 7.706792299148074889e-12 1.908562167196481803e-11 2.579563243978768129e-11 3.156020323832267657e-11 5.899020777027144389e-11 3.564681415822276217e-11 2.330180934399561112e-11 1.617767834597368387e-11 3.118676660161505769e-12 -3.704717824782291704e-13 2.206083597571875011e-12 2.211743851592407321e-12 3.716261820865152726e-12 -1.020805726106621172e-12 1.123124242459670936e-12
4.109744750840284530e-11 4.706906177481332617e-11 -1.879320875823677347e-11 1.644139785162198261e-11 1.653062656969703946e-11 1.413190354644509521e-11 6.988102625367302908e-12 1.140435933246640454e-11 1.531640212746055381e-11 4.562458702866212312e-12 -4.113222555355476342e-13 1.111757010424052597e-11 1.561391220281616680e-11 1.573521015974918426e-11 2.073739302623061300e-11 3.564681415822276217e-11 5.750882281087939861e-11 3.552645902878216653e-11 1.775362758324209666e-11 7.093738686875767093e-12 4.618067371593177716e-13 -1.014664640008931988e-12 7.618961239200408880e-13 3.549090819064118651e-12 1.496376256482522360e-12 4.060077780763123465e-13
2.362586105125380574e-11 3.049845788346958031e-11 -1.136472441706757481e-11 8.995419731497315190e-13 9.771011984804771238e-12 3.926188902264508735e-12 4.463708393303127238e-12 5.444960096790635262e-12 1.300428384837033121e-11 2.034001600755237312e-14 -7.867877563612496734e-13 6.570809020844308208e-12 9.206340962625027338e-12 9.450346991885163008e-12 1.272174966660760504e-11 2.330180934399561112e-11 3.552645902878216653e-11 5.247056726924426999e-11 3.059590402041332835e-11 1.296949352192617172e-11 3.260168047500573932e-12 1.542893402249462994e-12 2.329914999033656926e-12 3.739322771526081999e-12 -1.374010435691661375e-12 3.124341436544886409e-13
1.102521967468280407e-11 3.392575188097578901e-11 -1.220521477290207951e-11 -5.741441113146726452e-12 9.112181000817068880e-12 3.552373249085570812e-12 -5.674305900586723831e-12 6.079837236447558167e-12 -1.213185138639686584e-14 -1.246113552823056216e-12 4.934576608657461334e-13 6.566132456714369438e-12 3.700097355881217442e-12 1.058597912537498140e-11 1.052906644311814696e-11 1.617767834597368387e-11 1.775362758324209666e-11 3.059590402041332835e-11 4.835488213855393560e-11 2.909851173765680805e-11 1.223070927845895356e-11 1.159622746612093820e-11 6.959280466833499540e-12 2.896072319264900669e-12 -1.530881249450885713e-12 2.153506254232770321e-13
-2.457304639490047649e-11 3.176698579716182914e-11 -1.574104431946580285e-11 -2.391905234344620327e-12 2.050852674505414151e-11 8.499959375233605524e-12 -1.253557218834843015e-11 7.569059614524854573e-13 -5.164767456773221989e-12 -1.202878423290495595e-11 -1.604512561016311077e-12 -5.130650024254177496e-13 -1.885737477679717992e-12 1.412639369211500306e-12 3.037521195622964552e-12 3.118676660161505769e-12 7.093738686875767093e-12 1.296949352192617172e-11 2.909851173765680805e-11 5.516406705905677503e-11 3.026037352453944361e-11 1.771426879000241554e-11 1.119824534250050350e-11 2.194381858652808872e-12 -3.225398999632606900e-13 -1.011169666662438909e-12
-3.710677586159347909e-11 -1.627576427618490649e-11 -1.187355555535552999e-11 3.988352276909910118e-12 1.610786287380150055e-11 1.534619362684411762e-13 -1.026330061404520615e-11 -6.921622528001683335e-12 -1.038881315685507256e-11 -1.459586346258895700e-11 -6.066581157760523328e-12 -4.528653715771158249e-12 -1.105825265801313404e-11 -9.848494450483747498e-12 -1.828363220383935899e-12 -3.704717824782291704e-13 4.618067371593177716e-13 3.260168047500573932e-12 1.223070927845895356e-11 3.026037352453944361e-11 4.975128330967149621e-11 3.017195361529680000e-11 1.723518753029686072e-11 4.978975627767378939e-12 -1.865243526286901437e-12 -2.313568122322392057e-12
8.315470157624092650e-14 -2.396516844763760779e-11 -8.931701350355988133e-12 1.804870358117649672e-11 -7.766406432257228896e-12 7.233058402599788442e-12 -1.648531359300759532e-11 -7.195339617226102178e-12 -7.671407898059768229e-12 -5.018103238413590336e-12 -4.337659200360972108e-12 -6.890742304550025195e-13 -6.677193373663596092e-12 -2.774456833260368232e-12 1.123136057742499128e-12 2.206083597571875011e-12 -1.014664640008931988e-12 1.542893402249462994e-12 1.159622746612093820e-11 1.771426879000241554e-11 3.017195361529680000e-11 4.452373052723866018e-11 2.420190434607723184e-11 6.073810574618768162e-12 -9.390589092342428956e-13 -2.404943825070566661e-12
-1.585591199719357286e-11 -2.574411356812547348e-11 2.525612065943712993e-12 1.616459406021994552e-11 5.078910979037467734e-12 5.532843704567836942e-12 -7.017481824792957608e-12 -1.094063891592791229e-11 -5.158254454460351230e-13 -8.370700306097773162e-12 -3.845558620588408340e-12 -2.443484415966379548e-13 -1.232501914062451425e-12 3.863900821675658655e-12 1.552381217462660380e-12 2.211743851592407321e-12 7.618961239200408880e-13 2.329914999033656926e-12 6.959280466833499540e-12 1.119824534250050350e-11 1.723518753029686072e-11 2.420190434607723184e-11 3.698473994852361403e-11 1.386978137725084597e-11 2.142841428101047812e-12 -6.988252099811695278e-14
1.341599530058537316e-11 2.231719851755779728e-12 -1.675996973183784649e-11 2.392265352843308557e-12 1.060985952464946436e-11 -1.576073056001214364e-14 -5.888778877110525920e-12 2.873320002917040029e-12 2.041966243781101753e-12 -3.261429521238181187e-12 -7.912825734735877314e-13 -6.468850578295222378e-13 6.649827177034488213e-13 9.790086196883561264e-13 1.057940569686606509e-12 3.716261820865152726e-12 3.549090819064118651e-12 3.739322771526081999e-12 2.896072319264900669e-12 2.194381858652808872e-12 4.978975627767378939e-12 6.073810574618768162e-12 1.386978137725084597e-11 2.054251049966745660e-11 5.427627323960906496e-12 -4.275480295795156750e-13
-1.750584791339608962e-12 1.536809577136139516e-11 -2.226262534793260359e-12 4.895877440988768399e-12 -5.467719297547125999e-12 8.736771217067601308e-12 -6.176686252857711777e-12 9.769273217134556324e-12 7.048579808304102447e-13 -1.447146321218626070e-12 -2.777032165531666592e-12 3.127580530263522589e-13 3.981607248505251577e-12 1.980603464353327487e-12 -8.794923745424225869e-13 -1.020805726106621172e-12 1.496376256482522360e-12 -1.374010435691661375e-12 -1.530881249450885713e-12 -3.225398999632606900e-13 -1.865243526286901437e-12 -9.390589092342428956e-13 2.142841428101047812e-12 5.427627323960906496e-12 1.835617261282989362e-11 5.155773518796070652e-12
1.004394736280988125e-11 4.238535469525459450e-12 1.191162046184543715e-11 -4.250309020988148719e-12 -1.737165629109158287e-12 -1.035148206839235386e-12 9.961197959877364939e-13 3.630819348421259663e-12 1.267675984781351780e-12 -4.349938222450653310e-12 -3.331646120279437391e-12 2.356561169573324585e-13 6.321378652427214387e-13 2.566181854279110862e-12 -2.423972632845952019e-12 1.123124242459670936e-12 4.060077780763123465e-13 3.124341436544886409e-13 2.153506254232770321e-13 -1.011169666662438909e-12 -2.313568122322392057e-12 -2.404943825070566661e-12 -6.988252099811695278e-14 -4.275480295795156750e-13 5.155773518796070652e-12 1.199390860898747703e-11
