5.928093807781039372e-09 2.212944942835204660e-09 1.815637564249631956e-09 1.003710977002203433e-09 9.381832453406915418e-10 7.005387878634928037e-10 6.444512189875100841e-10 4.158916888418693658e-10 3.774802410390293815e-10 3.270838025368520894e-10 2.886052874826848829e-10 2.900790433686918651e-10 1.657774953158271253e-10 1.491849344037034951e-10 1.236656152021981549e-10 6.220425636341131076e-11 3.728706853440034678e-11 6.344723695123878781e-11 3.672322370790769481e-12 1.039795588933957446e-11 2.863002689544677620e-11 5.002635804193522510e-11 2.009817436255030239e-11 3.788298518771758967e-11 3.726702068810194400e-11 -3.271646138822412485e-11
2.212944942835204660e-09 4.464181925104965888e-09 1.520686011000151790e-09 1.037369440698048097e-09 9.841597429646661053e-10 7.153377067830799845e-10 4.999933486626629617e-10 3.507212867847755967e-10 3.827603583632110179e-10 3.223890151831244665e-10 2.614651467161417020e-10 2.407911803299002940e-10 1.524525670521662128e-10 1.005557898741956637e-10 5.564764526418527424e-11 2.649307500497092087e-11 3.222552546640239228e-11 8.564770370706917475e-11 6.752287458985367504e-11 3.506694322702646675e-11 2.043269711482768454e-11 4.285498140786854833e-11 4.136791307243661871e-11 4.701550597798094321e-11 3.824029367302083884e-11 -3.093525828208197367e-11
1.815637564249631956e-09 1.520686011000151790e-09 2.472763366944619364e-09 7.849050963511190867e-10 7.716586351856659825e-10 4.846830486183709406e-10 3.769292548537368389e-10 2.674442984476179275e-10 3.040439259875003920e-10 2.213084143856343529e-10 2.126188916310993333e-10 1.411246787720015124e-10 1.257437227281511313e-10 9.813362709298781354e-11 7.574440635610061926e-11 3.451271811739333444e-11 2.429717641310129167e-11 3.010687274365976330e-11 5.645495980484987613e-12 4.001121417804357704e-12 2.147031727945181919e-11 3.948659179866382008e-11 3.930775982123003350e-11 1.857637318010247952e-11 1.525349471494352844e-11 -1.410934494248277179e-11
1.003710977002203433e-09 1.037369440698048097e-09 7.849050963511190867e-10 1.268744306468116084e-09 5.241356287844884724e-10 2.836093999019974824e-10 2.675423597271604783e-10 2.118256077870582792e-10 1.763138946270374863e-10 1.376565974748216140e-10 1.458884748371501400e-10 1.097264749557190374e-10 9.347602044801831277e-11 6.144432332544607366e-11 5.265239154970781749e-11 3.449029151236621980e-11 1.330148418583742147e-11 2.623050902222154729e-11 2.354662639603869318e-11 2.231678363566042325e-11 2.245578970707227651e-11 5.085370129528722735e-11 3.378384577945399244e-11 3.112369442638890164e-11 8.769507266731324784e-12 -1.198563998755388246e-11
9.381832453406915418e-10 9.841597429646661053e-10 7.716586351856659825e-10 5.241356287844884724e-10 1.066181924941839821e-09 3.360479611039901461e-10 2.140145717240035845e-10 1.870272085544905877e-10 1.603095405938051021e-10 1.251854472884010682e-10 1.207699722530954216e-10 1.113231307989033339e-10 8.151610844728837352e-11 4.954385073979798650e-11 2.991929288419200405e-11 2.158254153647178413e-11 1.597240241049302018e-11 2.067811588251422701e-11 1.434302754304974448e-11 1.556218664208515748e-11 1.479789260442871687e-11 1.465532713514904474e-11 1.021092907690766293e-11 7.703163435749725437e-12 -5.991757488346115163e-13 -1.070785104823331150e-11
7.005387878634928037e-10 7.153377067830799845e-10 4.846830486183709406e-10 2.836093999019974824e-10 3.360479611039901461e-10 6.663678079227297727e-10 2.304129433436012961e-10 1.748224040143848407e-10 1.241364707294092488e-10 1.331603070949824468e-10 1.209694606013730444e-10 7.448700346521882428e-11 6.540740686112678536e-11 3.584456364714466156e-11 2.611372774110464748e-11 1.945427611134560075e-11 1.882868767254494782e-11 1.675148023963401184e-11 5.353225498449228231e-12 -4.088349672010769050e-12 -2.651429479117591435e-12 7.013522566381790647e-12 2.418224638545225524e-12 7.454193978832737369e-12 9.293580283085676579e-12 -8.706722679578687646e-12
6.444512189875100841e-10 4.999933486626629617e-10 3.769292548537368389e-10 2.675423597271604783e-10 2.140145717240035845e-10 2.304129433436012961e-10 4.327377193563598299e-10 1.382732832721945012e-10 1.343540831807343286e-10 9.932712990104622375e-11 9.365130558346127188e-11 7.472404143178199967e-11 6.291562167835375958e-11 4.033279556560237544e-11 3.134739705128390892e-11 1.007427204788537054e-11 9.579827293250874692e-12 2.477638989059867304e-11 1.169050116290565796e-11 1.656167076128871686e-11 1.631745947199956341e-11 1.927712023678242960e-11 1.225130363118241917e-11 1.352964696778365501e-11 -1.668372437926855975e-12 -1.062761634366454152e-11
4.158916888418693658e-10 3.507212867847755967e-10 2.674442984476179275e-10 2.118256077870582792e-10 1.870272085544905877e-10 1.748224040143848407e-10 1.382732832721945012e-10 3.173088143975025880e-10 1.184126978936728871e-10 8.880795855034081208e-11 6.780031899192530627e-11 4.369282951164669156e-11 3.861562416963304194e-11 3.184433288248861262e-11 1.902513959166043941e-11 2.241455306105446734e-11 1.657879348992883116e-11 9.543243156493362797e-12 2.400732280202044876e-12 5.451693309207164488e-12 1.672699213091903750e-11 1.608612901595638275e-11 1.201032118154647007e-11 6.558557025503989853e-12 -9.860661342418488296e-12 -6.558656197405062598e-12
3.774802410390293815e-10 3.827603583632110179e-10 3.040439259875003920e-10 1.763138946270374863e-10 1.603095405938051021e-10 1.241364707294092488e-10 1.343540831807343286e-10 1.184126978936728871e-10 2.490168009327728004e-10 1.013550946150298894e-10 8.084960854755071097e-11 5.030276257880108827e-11 4.513436327155182918e-11 3.219761961288221203e-11 2.757503399378371121e-11 1.467915330930661593e-11 1.165369258848452999e-11 2.123104995063826765e-11 2.611915614932503450e-12 4.768946692287369083e-12 7.372211209951618940e-12 8.087496100123316344e-12 5.306502068881698866e-12 2.149554791882762960e-12 -4.361990977377746557e-13 -6.239634277053835929e-12
3.270838025368520894e-10 3.223890151831244665e-10 2.213084143856343529e-10 1.376565974748216140e-10 1.251854472884010682e-10 1.331603070949824468e-10 9.932712990104622375e-11 8.880795855034081208e-11 1.013550946150298894e-10 1.617732959986820334e-10 7.770611541912353270e-11 5.150084799131804949e-11 4.243038935285983736e-11 2.884214445909324764e-11 2.344762121481251113e-11 1.427908938403306426e-11 1.589252013779717180e-11 1.706192970848592919e-11 3.896169369568897282e-12 -5.981044332566427253e-12 -1.208756130008144315e-11 -2.852927088544839758e-12 2.418282623106369080e-12 1.025382011961634637e-12 -1.714145199534624045e-12 -1.107253781391622807e-11
2.886052874826848829e-10 2.614651467161417020e-10 2.126188916310993333e-10 1.458884748371501400e-10 1.207699722530954216e-10 1.209694606013730444e-10 9.365130558346127188e-11 6.780031899192530627e-11 8.084960854755071097e-11 7.770611541912353270e-11 1.474252351479782405e-10 6.508688010067735459e-11 4.891298848671202717e-11 3.125678334613049750e-11 2.478437427518497482e-11 1.298422662787216937e-11 1.264624391989996006e-11 1.570782125106632055e-11 1.052683994095794613e-11 1.150959739686482499e-11 4.426214094537817760e-12 8.825154909260449945e-12 7.543584721401437536e-12 3.763477411911580300e-12 5.991702690399412583e-13 -8.000090900428867912e-12
2.900790433686918651e-10 2.407911803299002940e-10 1.411246787720015124e-10 1.097264749557190374e-10 1.113231307989033339e-10 7.448700346521882428e-11 7.472404143178199967e-11 4.369282951164669156e-11 5.030276257880108827e-11 5.150084799131804949e-11 6.508688010067735459e-11 9.903959329065240262e-11 5.864956825778331101e-11 3.795137758423795309e-11 2.677016906163570156e-11 1.950059273917163890e-11 1.666535101540516660e-11 1.269145776887099157e-11 9.202933867372814010e-12 4.693596893357918952e-12 1.700122013751727053e-13 1.160014212748753799e-12 3.111016762634411957e-12 -1.274571478014879799e-12 6.526181305074223407e-14 -1.886510426135322404e-12
1.657774953158271253e-10 1.524525670521662128e-10 1.257437227281511313e-10 9.347602044801831277e-11 8.151610844728837352e-11 6.540740686112678536e-11 6.291562167835375958e-11 3.861562416963304194e-11 4.513436327155182918e-11 4.243038935285983736e-11 4.891298848671202717e-11 5.864956825778331101e-11 9.079263054293528197e-11 5.024743438969300625e-11 3.052896354154222811e-11 2.024945483253045426e-11 1.339052759392204581e-11 8.148093670115620833e-12 2.440379891180511947e-13 5.503760081975876042e-13 -3.985103351432253101e-12 2.759326536096619567e-12 3.716282116184493479e-12 -1.313175949122769053e-12 -3.083738599226517813e-12 -1.009639932887539013e-12
1.491849344037034951e-10 1.005557898741956637e-10 9.813362709298781354e-11 6.144432332544607366e-11 4.954385073979798650e-11 3.584456364714466156e-11 4.033279556560237544e-11 3.184433288248861262e-11 3.219761961288221203e-11 2.884214445909324764e-11 3.125678334613049750e-11 3.795137758423795309e-11 5.024743438969300625e-11 6.470487377752041942e-11 3.447924244566731258e-11 2.385382093592392000e-11 1.363992417217411504e-11 7.949640005105490856e-12 -4.222890458542535363e-13 -2.612656648674977809e-12 -4.468690525025780243e-12 2.974099821561847129e-12 1.116516623435213961e-13 5.914935310674787969e-13 -1.802826488315563223e-12 4.199197259633042135e-13
1.236656152021981549e-10 5.564764526418527424e-11 7.574440635610061926e-11 5.265239154970781749e-11 2.991929288419200405e-11 2.611372774110464748e-11 3.134739705128390892e-11 1.902513959166043941e-11 2.757503399378371121e-11 2.344762121481251113e-11 2.478437427518497482e-11 2.677016906163570156e-11 3.052896354154222811e-11 3.447924244566731258e-11 5.748060151560018016e-11 3.310967935744085793e-11 1.960131309091085944e-11 1.359507144786777413e-11 4.947434865152100213e-12 -1.401250240506662836e-12 -2.782368474583947454e-12 4.168100058153904221e-12 1.095793759047886588e-12 5.375798896541461677e-12 -2.756240218224575422e-12 -3.489525102640282537e-12
6.220425636341131076e-11 2.649307500497092087e-11 3.451271811739333444e-11 3.449029151236621980e-11 2.158254153647178413e-11 1.945427611134560075e-11 1.007427204788537054e-11 2.241455306105446734e-11 1.467915330930661593e-11 1.427908938403306426e-11 1.298422662787216937e-11 1.950059273917163890e-11 2.024945483253045426e-11 2.385382093592392000e-11 3.310967935744085793e-11 5.160446667254204799e-11 3.056863421855274104e-11 1.961715375855863344e-11 1.104794289216755434e-11 7.077581916244872121e-12 8.764690922832205199e-12 6.379902413987620199e-12 2.411675077799798431e-12 4.044548697723452162e-12 -3.495089540164751781e-12 -3.809803490247368300e-12
3.728706853440034678e-11 3.222552546640239228e-11 2.429717641310129167e-11 1.330148418583742147e-11 1.597240241049302018e-11 1.882868767254494782e-11 9.579827293250874692e-12 1.657879348992883116e-11 1.165369258848452999e-11 1.589252013779717180e-11 1.264624391989996006e-11 1.666535101540516660e-11 1.339052759392204581e-11 1.363992417217411504e-11 1.960131309091085944e-11 3.056863421855274104e-11 4.434537395962483526e-11 2.752733793428985677e-11 1.166987884268559373e-11 6.221083216520833091e-12 5.149922366071346319e-12 3.098015104144240461e-12 -7.935313215976879097e-13 5.099571175494387557e-13 -2.969541770003073916e-12 -1.970830704989899185e-12
6.344723695123878781e-11 8.564770370706917475e-11 3.010687274365976330e-11 2.623050902222154729e-11 2.067811588251422701e-11 1.675148023963401184e-11 2.477638989059867304e-11 9.543243156493362797e-12 2.123104995063826765e-11 1.706192970848592919e-11 1.570782125106632055e-11 1.269145776887099157e-11 8.148093670115620833e-12 7.949640005105490856e-12 1.359507144786777413e-11 1.961715375855863344e-11 2.752733793428985677e-11 4.905899928799109251e-11 3.153692285516412179e-11 2.222039989895975258e-11 1.473435868280875975e-11 1.160271844489842454e-11 5.787868261600367839e-12 2.541926427579354138e-12 -1.717251272786908874e-12 -6.680976405598266716e-12
3.672322370790769481e-12 6.752287458985367504e-11 5.645495980484987613e-12 2.354662639603869318e-11 1.434302754304974448e-11 5.353225498449228231e-12 1.169050116290565796e-11 2.400732280202044876e-12 2.611915614932503450e-12 3.896169369568897282e-12 1.052683994095794613e-11 9.202933867372814010e-12 2.440379891180511947e-13 -4.222890458542535363e-13 4.947434865152100213e-12 1.104794289216755434e-11 1.166987884268559373e-11 3.153692285516412179e-11 4.774333761062562836e-11 3.610185553670647415e-11 1.930251480263026780e-11 1.440644598952801662e-11 1.108637679852185696e-11 3.717704045567133157e-12 -2.427593640266681494e-12 -7.820145599653988329e-12
1.039795588933957446e-11 3.506694322702646675e-11 4.001121417804357704e-12 2.231678363566042325e-11 1.556218664208515748e-11 -4.088349672010769050e-12 1.656167076128871686e-11 5.451693309207164488e-12 4.768946692287369083e-12 -5.981044332566427253e-12 1.150959739686482499e-11 4.693596893357918952e-12 5.503760081975876042e-13 -2.612656648674977809e-12 -1.401250240506662836e-12 7.077581916244872121e-12 6.221083216520833091e-12 2.222039989895975258e-11 3.610185553670647415e-11 5.608689987947317786e-11 3.730461250703407892e-11 2.147735734191026829e-11 1.574662111545755161e-11 5.224315560802823657e-12 -3.103053062082238592e-12 -7.887006830758603343e-12
2.863002689544677620e-11 2.043269711482768454e-11 2.147031727945181919e-11 2.245578970707227651e-11 1.479789260442871687e-11 -2.651429479117591435e-12 1.631745947199956341e-11 1.672699213091903750e-11 7.372211209951618940e-12 -1.208756130008144315e-11 4.426214094537817760e-12 1.700122013751727053e-13 -3.985103351432253101e-12 -4.468690525025780243e-12 -2.782368474583947454e-12 8.764690922832205199e-12 5.149922366071346319e-12 1.473435868280875975e-11 1.930251480263026780e-11 3.730461250703407892e-11 5.642160981897884755e-11 3.518728273680261147e-11 1.780054338599324683e-11 1.363473967989948562e-12 -1.172409796890537943e-12 -7.826037114505806349e-12
5.002635804193522510e-11 4.285498140786854833e-11 3.948659179866382008e-11 5.085370129528722735e-11 1.465532713514904474e-11 7.013522566381790647e-12 1.927712023678242960e-11 1.608612901595638275e-11 8.087496100123316344e-12 -2.852927088544839758e-12 8.825154909260449945e-12 1.160014212748753799e-12 2.759326536096619567e-12 2.974099821561847129e-12 4.168100058153904221e-12 6.379902413987620199e-12 3.098015104144240461e-12 1.160271844489842454e-11 1.440644598952801662e-11 2.147735734191026829e-11 3.518728273680261147e-11 5.000658479307441407e-11 2.568835798675550661e-11 6.490827720744424360e-12 -1.944108779048391739e-13 -5.615479533418281261e-12
2.009817436255030239e-11 4.136791307243661871e-11 3.930775982123003350e-11 3.378384577945399244e-11 1.021092907690766293e-11 2.418224638545225524e-12 1.225130363118241917e-11 1.201032118154647007e-11 5.306502068881698866e-12 2.418282623106369080e-12 7.543584721401437536e-12 3.111016762634411957e-12 3.716282116184493479e-12 1.116516623435213961e-13 1.095793759047886588e-12 2.411675077799798431e-12 -7.935313215976879097e-13 5.787868261600367839e-12 1.108637679852185696e-11 1.574662111545755161e-11 1.780054338599324683e-11 2.568835798675550661e-11 3.379791589771451723e-11 1.269419229434192322e-11 -1.215154170139566353e-13 -2.653665488928782207e-12
3.788298518771758967e-11 4.701550597798094321e-11 1.857637318010247952e-11 3.112369442638890164e-11 7.703163435749725437e-12 7.454193978832737369e-12 1.352964696778365501e-11 6.558557025503989853e-12 2.149554791882762960e-12 1.025382011961634637e-12 3.763477411911580300e-12 -1.274571478014879799e-12 -1.313175949122769053e-12 5.914935310674787969e-13 5.375798896541461677e-12 4.044548697723452162e-12 5.099571175494387557e-13 2.541926427579354138e-12 3.717704045567133157e-12 5.224315560802823657e-12 1.363473967989948562e-12 6.490827720744424360e-12 1.269419229434192322e-11 2.415668002870659555e-11 4.354562009311017120e-12 -1.589456729055645644e-12
3.726702068810194400e-11 3.824029367302083884e-11 1.525349471494352844e-11 8.769507266731324784e-12 -5.991757488346115163e-13 9.293580283085676579e-12 -1.668372437926855975e-12 -9.860661342418488296e-12 -4.361990977377746557e-13 -1.714145199534624045e-12 5.991702690399412583e-13 6.526181305074223407e-14 -3.083738599226517813e-12 -1.802826488315563223e-12 -2.756240218224575422e-12 -3.495089540164751781e-12 -2.969541770003073916e-12 -1.717251272786908874e-12 -2.427593640266681494e-12 -3.103053062082238592e-12 -1.172409796890537943e-12 -1.944108779048391739e-13 -1.215154170139566353e-13 4.354562009311017120e-12 1.518013662771813816e-11 5.220800419129085574e-12
-3.271646138822412485e-11 -3.093525828208197367e-11 -1.410934494248277179e-11 -1.198563998755388246e-11 -1.070785104823331150e-11 -8.706722679578687646e-12 -1.062761634366454152e-11 -6.558656197405062598e-12 -6.239634277053835929e-12 -1.107253781391622807e-11 -8.000090900428867912e-12 -1.886510426135322404e-12 -1.009639932887539013e-12 4.199197259633042135e-13 -3.489525102640282537e-12 -3.809803490247368300e-12 -1.970830704989899185e-12 -6.680976405598266716e-12 -7.820145599653988329e-12 -7.887006830758603343e-12 -7.826037114505806349e-12 -5.615479533418281261e-12 -2.653665488928782207e-12 -1.589456729055645644e-12 5.220800419129085574e-12 1.652471683150839890e-11
