4.015568672809933047e-09 1.197023877802171170e-09 9.070569618773106691e-10 8.008009007571480308e-10 6.044188521764375228e-10 5.458356732687556619e-10 5.056407468121061530e-10 3.071623651391993920e-10 2.375312603512839959e-10 1.777529330468731330e-10 2.184806387331956514e-10 1.280982775899928884e-10 1.590075767837068674e-10 6.300957284441995723e-11 6.935415187662423210e-11 3.799567377598298052e-11 3.786793058198805343e-11 2.499296155852865323e-11 9.360083771838736626e-12 1.183225918953858202e-11 1.399468291528634332e-11 3.756790200413061993e-11 -5.373172903746041160e-12 2.936669863306528974e-11 2.252840654939917421e-11 3.376303283566442301e-12
1.197023877802171170e-09 2.889945548585908026e-09 6.944660390474845889e-10 6.240095827832635032e-10 4.852747756174313828e-10 3.772790259871047792e-10 3.045450223357732707e-10 2.662655499427124484e-10 2.129672132072051530e-10 1.314775468162390679e-10 1.332976697536793205e-10 1.464961579934099588e-10 1.165086898965516552e-10 6.729580595114367441e-11 6.594601450655280748e-11 6.742313197913826912e-11 5.625253845927529541e-11 4.992429246925445287e-11 4.129595292031100838e-11 2.447680264054341596e-11 5.281926367139088391e-12 1.606335504460071779e-11 5.951787638660115434e-12 2.176941394237448577e-11 2.054536667930978651e-11 -2.800903802477197446e-11
9.070569618773106691e-10 6.944660390474845889e-10 1.753764358073323199e-09 6.530425602192528863e-10 4.926158242469519484e-10 3.630799333124713877e-10 2.292626015294601775e-10 1.973641776879454149e-10 1.834102956861767546e-10 1.382927310702511839e-10 1.471600039900367530e-10 1.356755050212459790e-10 1.250658160340879863e-10 9.547271412191256430e-11 7.395970810728881043e-11 4.954752276655702735e-11 4.033439479295672036e-11 4.473275775575516812e-11 2.418220113117474246e-11 2.430231089547290411e-11 2.176619365048232491e-11 2.932691360279367887e-11 1.508877328749069868e-11 1.188666290684714526e-12 1.048105801421973297e-11 -7.804075308530931879e-12
8.008009007571480308e-10 6.240095827832635032e-10 6.530425602192528863e-10 1.260978759009424106e-09 4.615274395435654379e-10 3.823193337758883065e-10 1.882241672718393168e-10 1.378013075196638025e-10 1.524365328445091486e-10 9.398153672120376035e-11 9.777452212584193506e-11 1.248588280698165942e-10 1.007950316753432596e-10 7.271905326567152788e-11 5.343330889989927502e-11 3.608881542843024559e-11 3.482692860124421708e-11 4.660987813207771379e-11 2.626893851537150185e-11 1.972690677321180168e-11 9.740148886235506624e-12 1.792320640310440951e-11 1.284810173695579548e-11 7.457765980057480550e-12 2.861639515128127889e-11 8.345418405525028988e-12
6.044188521764375228e-10 4.852747756174313828e-10 4.926158242469519484e-10 4.615274395435654379e-10 8.530996050686401494e-10 3.159477594265104382e-10 2.133706741128238913e-10 1.608963238301160295e-10 1.389399343201304400e-10 9.785379794933005494e-11 8.540881285426411312e-11 9.964115744576599731e-11 8.943398837698938326e-11 5.653870569178280583e-11 3.228986686564478824e-11 2.837683517848391603e-11 3.029711082234795233e-11 2.242500173412342699e-11 1.108510806898687830e-11 1.731940633356113871e-11 1.955242053028512543e-11 3.150859555356074911e-11 1.573655945097429096e-11 1.237178815189345346e-11 3.833697807213225023e-12 -6.547615543984529509e-12
5.458356732687556619e-10 3.772790259871047792e-10 3.630799333124713877e-10 3.823193337758883065e-10 3.159477594265104382e-10 5.447668297404133678e-10 2.176888255475490919e-10 1.218755241046567244e-10 1.349413223844235063e-10 9.655744023957245248e-11 8.874647945307813192e-11 7.723151432336644312e-11 7.260582342395524873e-11 3.359232994480510509e-11 2.285186751458302236e-11 7.678138352838288613e-12 1.718079174364356829e-11 2.680540194705199855e-11 8.666226936376452216e-12 6.649330566328732514e-12 7.894259161145539255e-12 1.649642612144446309e-11 1.641773864069112416e-11 1.189115975911535531e-11 8.029438911784786788e-12 7.533796238887155146e-13
5.056407468121061530e-10 3.045450223357732707e-10 2.292626015294601775e-10 1.882241672718393168e-10 2.133706741128238913e-10 2.176888255475490919e-10 3.898933940142017783e-10 1.251214473965879368e-10 1.118199188948408452e-10 8.481136631467698167e-11 7.469290242687437220e-11 5.689720496658582024e-11 4.663765317169475421e-11 3.060846719106352066e-11 2.058735796117047162e-11 1.569060602579708187e-11 2.046631470252244219e-11 1.872554181879079826e-11 7.230604544992394488e-12 9.195567780382355287e-12 7.768845888343831671e-12 1.885453003149744722e-11 1.404513185729719694e-11 1.664360056379817334e-11 8.318940505123933932e-12 2.028101250173028298e-12
3.071623651391993920e-10 2.662655499427124484e-10 1.973641776879454149e-10 1.378013075196638025e-10 1.608963238301160295e-10 1.218755241046567244e-10 1.251214473965879368e-10 2.442553287397352491e-10 1.034011870342928983e-10 7.900646649010607280e-11 6.247807930412456799e-11 4.644484871881761658e-11 4.060885817030589871e-11 2.922198683066157566e-11 1.559283404096139485e-11 7.453613756190244411e-12 1.107617713960377327e-11 1.219041715740385016e-11 1.125438621337097545e-12 -2.290987594247764152e-12 -2.682414649340735775e-12 7.236975591700138811e-12 6.935466017706493134e-12 7.793367281375020380e-12 6.448367614610447282e-12 -3.407187975659134597e-13
2.375312603512839959e-10 2.129672132072051530e-10 1.834102956861767546e-10 1.524365328445091486e-10 1.389399343201304400e-10 1.349413223844235063e-10 1.118199188948408452e-10 1.034011870342928983e-10 1.956928138048796813e-10 7.399370495324000433e-11 6.876200088873526554e-11 4.843838969174553295e-11 4.008046347839905541e-11 3.389846075661497524e-11 2.113319827776516247e-11 1.435910258200484729e-11 1.174073163900856815e-11 1.777276033747600983e-11 1.504883097135430845e-11 1.480169496456035398e-11 3.311245747047136084e-12 4.057041935619965239e-12 3.226986618467744440e-12 7.356702682666338871e-12 1.500779121660664085e-12 -8.583304088175422380e-13
1.777529330468731330e-10 1.314775468162390679e-10 1.382927310702511839e-10 9.398153672120376035e-11 9.785379794933005494e-11 9.655744023957245248e-11 8.481136631467698167e-11 7.900646649010607280e-11 7.399370495324000433e-11 1.339693577129427961e-10 7.019939815011516277e-11 4.405554004536276403e-11 3.021379450229763109e-11 2.834110414485670247e-11 1.938895657769667327e-11 1.489773453963155676e-11 5.056645060341328246e-12 1.086804893223821740e-11 8.827713065589651567e-12 8.213016361875704008e-12 3.625349870620233778e-12 5.937467133511445458e-12 5.739145246102452909e-12 5.982850815753918263e-12 5.796741595519547849e-12 -2.863947448671140679e-12
2.184806387331956514e-10 1.332976697536793205e-10 1.471600039900367530e-10 9.777452212584193506e-11 8.540881285426411312e-11 8.874647945307813192e-11 7.469290242687437220e-11 6.247807930412456799e-11 6.876200088873526554e-11 7.019939815011516277e-11 1.235000967263107615e-10 5.240623713356548898e-11 3.600157855488149020e-11 2.700884591725746753e-11 2.542245610824757279e-11 1.133772707860528641e-11 6.098796148839947068e-12 9.559569991913174793e-12 4.725617143647887198e-12 9.869979456136512077e-12 7.481484153451196351e-12 8.274719592941509381e-12 1.115943959570311108e-12 1.452564156456702053e-12 4.608478100148130238e-12 1.317274536720797574e-12
1.280982775899928884e-10 1.464961579934099588e-10 1.356755050212459790e-10 1.248588280698165942e-10 9.964115744576599731e-11 7.723151432336644312e-11 5.689720496658582024e-11 4.644484871881761658e-11 4.843838969174553295e-11 4.405554004536276403e-11 5.240623713356548898e-11 8.478267721473185202e-11 4.454167897051293888e-11 2.744616991057671452e-11 2.073191724261778705e-11 1.413002861012913773e-11 8.406075086467944819e-12 1.084235057548290270e-11 4.140223477324674274e-12 7.224834016370886508e-12 3.116683290848539689e-12 4.720166280444291090e-12 1.074552345141492516e-12 -1.405141443528951565e-12 4.906902427218536581e-12 2.922344093831440118e-12
1.590075767837068674e-10 1.165086898965516552e-10 1.250658160340879863e-10 1.007950316753432596e-10 8.943398837698938326e-11 7.260582342395524873e-11 4.663765317169475421e-11 4.060885817030589871e-11 4.008046347839905541e-11 3.021379450229763109e-11 3.600157855488149020e-11 4.454167897051293888e-11 6.956957689334840475e-11 3.460292365504672083e-11 2.491947238248901175e-11 1.805651196452303749e-11 1.215619838534753198e-11 8.829429714756870321e-12 4.843486509403285799e-12 8.656906791752675155e-12 5.320695746883536566e-12 5.806592172342214007e-12 1.190500872109398898e-12 8.910240704058174750e-13 4.823513454949582905e-12 5.037644870081116685e-12
6.300957284441995723e-11 6.729580595114367441e-11 9.547271412191256430e-11 7.271905326567152788e-11 5.653870569178280583e-11 3.359232994480510509e-11 3.060846719106352066e-11 2.922198683066157566e-11 3.389846075661497524e-11 2.834110414485670247e-11 2.700884591725746753e-11 2.744616991057671452e-11 3.460292365504672083e-11 5.353791438652800798e-11 3.087548321876721374e-11 1.923758205810158592e-11 1.148433149339437944e-11 1.042093393338389874e-11 8.997926644869357215e-12 7.543916854181850188e-12 6.395774359484527631e-12 4.142260971386424658e-12 1.393073789649729932e-12 1.422385750586943544e-12 4.461336106822794731e-12 1.717067294167511867e-12
6.935415187662423210e-11 6.594601450655280748e-11 7.395970810728881043e-11 5.343330889989927502e-11 3.228986686564478824e-11 2.285186751458302236e-11 2.058735796117047162e-11 1.559283404096139485e-11 2.113319827776516247e-11 1.938895657769667327e-11 2.542245610824757279e-11 2.073191724261778705e-11 2.491947238248901175e-11 3.087548321876721374e-11 4.296813150696699198e-11 2.163117950324851885e-11 1.129641013513507448e-11 7.782984093139968195e-12 9.273038091590345468e-12 8.359862367443900229e-12 7.312006595573354379e-12 5.515550617867502102e-12 1.482820351411346362e-12 7.256015446856600594e-13 2.860049210607744040e-12 1.647804429214770409e-12
3.799567377598298052e-11 6.742313197913826912e-11 4.954752276655702735e-11 3.608881542843024559e-11 2.837683517848391603e-11 7.678138352838288613e-12 1.569060602579708187e-11 7.453613756190244411e-12 1.435910258200484729e-11 1.489773453963155676e-11 1.133772707860528641e-11 1.413002861012913773e-11 1.805651196452303749e-11 1.923758205810158592e-11 2.163117950324851885e-11 3.560668711113251734e-11 2.229834308212758657e-11 1.020621384249886427e-11 8.133977096556450728e-12 5.649348252713610180e-12 3.228247244528606699e-12 4.881683371261141395e-12 -9.282235621826113378e-13 -1.342156877186819285e-13 2.480457454039182563e-12 1.595596821970814889e-12
3.786793058198805343e-11 5.625253845927529541e-11 4.033439479295672036e-11 3.482692860124421708e-11 3.029711082234795233e-11 1.718079174364356829e-11 2.046631470252244219e-11 1.107617713960377327e-11 1.174073163900856815e-11 5.056645060341328246e-12 6.098796148839947068e-12 8.406075086467944819e-12 1.215619838534753198e-11 1.148433149339437944e-11 1.129641013513507448e-11 2.229834308212758657e-11 3.978321476351100009e-11 2.335597454595792871e-11 1.277222758976084800e-11 9.266977414103782322e-12 7.555866198203072118e-12 3.888916511296210637e-12 -1.245021518163028112e-13 1.680022963948694194e-12 1.387286385586932963e-12 1.570282719124363855e-12
2.499296155852865323e-11 4.992429246925445287e-11 4.473275775575516812e-11 4.660987813207771379e-11 2.242500173412342699e-11 2.680540194705199855e-11 1.872554181879079826e-11 1.219041715740385016e-11 1.777276033747600983e-11 1.086804893223821740e-11 9.559569991913174793e-12 1.084235057548290270e-11 8.829429714756870321e-12 1.042093393338389874e-11 7.782984093139968195e-12 1.020621384249886427e-11 2.335597454595792871e-11 3.644494551031841327e-11 2.080015961373985476e-11 1.213623916065299406e-11 6.329765013741325415e-12 2.002827654485561068e-12 3.288682028577230847e-13 8.492838348254293120e-13 7.371877403999921518e-13 2.404193163171602687e-12
9.360083771838736626e-12 4.129595292031100838e-11 2.418220113117474246e-11 2.626893851537150185e-11 1.108510806898687830e-11 8.666226936376452216e-12 7.230604544992394488e-12 1.125438621337097545e-12 1.504883097135430845e-11 8.827713065589651567e-12 4.725617143647887198e-12 4.140223477324674274e-12 4.843486509403285799e-12 8.997926644869357215e-12 9.273038091590345468e-12 8.133977096556450728e-12 1.277222758976084800e-11 2.080015961373985476e-11 3.234305077979725582e-11 2.017057514365634935e-11 1.114045899376861237e-11 5.264716261101501400e-12 2.527605942987587722e-12 1.408153284867466492e-12 -4.519571423581088195e-13 -2.257372698314406292e-12
1.183225918953858202e-11 2.447680264054341596e-11 2.430231089547290411e-11 1.972690677321180168e-11 1.731940633356113871e-11 6.649330566328732514e-12 9.195567780382355287e-12 -2.290987594247764152e-12 1.480169496456035398e-11 8.213016361875704008e-12 9.869979456136512077e-12 7.224834016370886508e-12 8.656906791752675155e-12 7.543916854181850188e-12 8.359862367443900229e-12 5.649348252713610180e-12 9.266977414103782322e-12 1.213623916065299406e-11 2.017057514365634935e-11 3.561106813231895441e-11 2.159033471541897543e-11 1.116941522984469138e-11 1.991958077251696725e-12 2.109348140609362056e-12 -4.687071446096456302e-13 -2.115374600122093082e-12
1.399468291528634332e-11 5.281926367139088391e-12 2.176619365048232491e-11 9.740148886235506624e-12 1.955242053028512543e-11 7.894259161145539255e-12 7.768845888343831671e-12 -2.682414649340735775e-12 3.311245747047136084e-12 3.625349870620233778e-12 7.481484153451196351e-12 3.116683290848539689e-12 5.320695746883536566e-12 6.395774359484527631e-12 7.312006595573354379e-12 3.228247244528606699e-12 7.555866198203072118e-12 6.329765013741325415e-12 1.114045899376861237e-11 2.159033471541897543e-11 3.136475162995025687e-11 1.844411152970017022e-11 5.352491154563014019e-12 1.936515399411922731e-12 -5.906850525196222871e-14 -6.609952351641555339e-13
3.756790200413061993e-11 1.606335504460071779e-11 2.932691360279367887e-11 1.792320640310440951e-11 3.150859555356074911e-11 1.649642612144446309e-11 1.885453003149744722e-11 7.236975591700138811e-12 4.057041935619965239e-12 5.937467133511445458e-12 8.274719592941509381e-12 4.720166280444291090e-12 5.806592172342214007e-12 4.142260971386424658e-12 5.515550617867502102e-12 4.881683371261141395e-12 3.888916511296210637e-12 2.002827654485561068e-12 5.264716261101501400e-12 1.116941522984469138e-11 1.844411152970017022e-11 2.697253292551529076e-11 1.126535544022081975e-11 3.436208739738932384e-12 1.061045207403147599e-12 -4.054839641329229596e-13
-5.373172903746041160e-12 5.951787638660115434e-12 1.508877328749069868e-11 1.284810173695579548e-11 1.573655945097429096e-11 1.641773864069112416e-11 1.404513185729719694e-11 6.935466017706493134e-12 3.226986618467744440e-12 5.739145246102452909e-12 1.115943959570311108e-12 1.074552345141492516e-12 1.190500872109398898e-12 1.393073789649729932e-12 1.482820351411346362e-12 -9.282235621826113378e-13 -1.245021518163028112e-13 3.288682028577230847e-13 2.527605942987587722e-12 1.991958077251696725e-12 5.352491154563014019e-12 1.126535544022081975e-11 1.791162912805657008e-11 7.045764493276750533e-12 7.356961082234787200e-13 -3.064253339887602415e-13
2.936669863306528974e-11 2.176941394237448577e-11 1.188666290684714526e-12 7.457765980057480550e-12 1.237178815189345346e-11 1.189115975911535531e-11 1.664360056379817334e-11 7.793367281375020380e-12 7.356702682666338871e-12 5.982850815753918263e-12 1.452564156456702053e-12 -1.405141443528951565e-12 8.910240704058174750e-13 1.422385750586943544e-12 7.256015446856600594e-13 -1.342156877186819285e-13 1.680022963948694194e-12 8.492838348254293120e-13 1.408153284867466492e-12 2.109348140609362056e-12 1.936515399411922731e-12 3.436208739738932384e-12 7.045764493276750533e-12 1.551132491295648434e-11 5.497166219449611156e-12 7.453973323934521996e-13
2.252840654939917421e-11 2.054536667930978651e-11 1.048105801421973297e-11 2.861639515128127889e-11 3.833697807213225023e-12 8.029438911784786788e-12 8.318940505123933932e-12 6.448367614610447282e-12 1.500779121660664085e-12 5.796741595519547849e-12 4.608478100148130238e-12 4.906902427218536581e-12 4.823513454949582905e-12 4.461336106822794731e-12 2.860049210607744040e-12 2.480457454039182563e-12 1.387286385586932963e-12 7.371877403999921518e-13 -4.519571423581088195e-13 -4.687071446096456302e-13 -5.906850525196222871e-14 1.061045207403147599e-12 7.356961082234787200e-13 5.497166219449611156e-12 1.506388982310532003e-11 5.742910985506133617e-12
3.376303283566442301e-12 -2.800903802477197446e-11 -7.804075308530931879e-12 8.345418405525028988e-12 -6.547615543984529509e-12 7.533796238887155146e-13 2.028101250173028298e-12 -3.407187975659134597e-13 -8.583304088175422380e-13 -2.863947448671140679e-12 1.317274536720797574e-12 2.922344093831440118e-12 5.037644870081116685e-12 1.717067294167511867e-12 1.647804429214770409e-12 1.595596821970814889e-12 1.570282719124363855e-12 2.404193163171602687e-12 -2.257372698314406292e-12 -2.115374600122093082e-12 -6.609952351641555339e-13 -4.054839641329229596e-13 -3.064253339887602415e-13 7.453973323934521996e-13 5.742910985506133617e-12 1.268984294104808507e-11
