5.803858414607682634e-09 8.684049989250047212e-10 7.908477924556612096e-10 4.374870464513282702e-10 3.067136443849585641e-10 4.878794134670220799e-11 1.774120301714439677e-10 4.840140920679621425e-11 2.056246880215738284e-10 1.914684612160082609e-10 8.374753931849315378e-11 1.024542133540799099e-10 1.071813520593522675e-10 7.810065104950957543e-12 4.900478936792923598e-11 3.139860435197855141e-11 -1.685104590869024787e-11 -1.751680615067796595e-11 -3.814923494602204788e-11 -4.755587638842118340e-11 -3.112797713757589299e-11 -2.022152772136840051e-11 2.973457974516529266e-12 -8.469008817783206005e-12 6.832273686368859629e-11 2.405248187401099813e-11
8.684049989250047212e-10 3.777129780471012374e-09 8.972390298497938405e-10 4.953110933535090224e-10 3.265636011427371611e-10 1.916218802231653993e-10 4.610019296830138173e-11 1.310352867261134623e-10 2.738946071282036381e-10 6.389708045117381458e-11 6.710026493715144789e-11 4.487142472620908296e-11 4.741637384266609556e-11 7.884286405844233444e-11 4.349033934078495623e-11 7.154373339855367074e-11 4.239305204963790589e-11 6.757026120505441563e-12 -2.846246192583192617e-12 -3.722415817947347247e-12 5.782528235487341324e-11 1.002796424822414424e-11 -8.111775050428594633e-12 -1.466456212054672159e-11 2.739055094386576266e-11 -8.962912101360173940e-12
7.908477924556612096e-10 8.972390298497938405e-10 2.474439326922375788e-09 4.510626500302138147e-10 2.645278319899049380e-10 2.075388309910250309e-10 1.744758219000240108e-10 1.164358362569800079e-10 1.805727518677851977e-10 4.499873006527911328e-11 6.169586829629308092e-11 3.723873281480470169e-11 4.927515003838937641e-11 7.033197878836027256e-11 1.967029424799956892e-11 3.723020339747314233e-11 3.943219664617827656e-11 3.508724848195650564e-11 6.043362028281639966e-11 4.886460695365628531e-11 4.441028475518699394e-11 2.616476481316998927e-11 1.115974486481401458e-11 1.787334652995027609e-11 3.175275684394167133e-11 8.486362910841336330e-12
4.374870464513282702e-10 4.953110933535090224e-10 4.510626500302138147e-10 1.443688623027581813e-09 2.425260375804190858e-10 1.511208040047925192e-10 2.036386611741605289e-10 9.575887657225743991e-11 1.381611513464644604e-10 7.165433068064083467e-11 5.132067916794792229e-11 5.865717042335778638e-11 7.175910373976945037e-11 5.574095870425619369e-11 5.469378914862433286e-11 4.760279781174791171e-11 6.360578990979451969e-11 2.439995689984554865e-11 2.472381137145551838e-11 1.484504089422389718e-11 2.183328265557286155e-12 1.804844476132255233e-13 -1.998000466193882011e-11 -9.436620416194602679e-12 -8.683013752339774793e-12 1.164586086283240171e-11
3.067136443849585641e-10 3.265636011427371611e-10 2.645278319899049380e-10 2.425260375804190858e-10 9.382943375213485086e-10 1.148798231130151309e-10 1.509656791275032643e-10 1.155223242510202640e-10 1.212165750524642304e-10 7.349643575540384550e-11 -9.667166097313772627e-12 -8.444923790409662424e-13 8.718878748270595347e-12 -8.463706988514561627e-12 -3.480340388384714248e-11 -2.719683866314827927e-12 -1.628483781568504911e-11 -1.461800395294817184e-11 -5.949320249401868932e-12 1.195906261803463441e-11 6.454836121691722012e-12 4.024361564862062427e-12 -5.793597551406253157e-12 -1.589491852575068564e-12 9.606824727718966458e-12 -2.815497645690269986e-12
4.878794134670220799e-11 1.916218802231653993e-10 2.075388309910250309e-10 1.511208040047925192e-10 1.148798231130151309e-10 6.579666123961546180e-10 1.507826020502686557e-10 1.101361709199661142e-10 5.016843760459352384e-11 5.362250355571158257e-11 3.919685186939381289e-11 2.117586805407893989e-11 4.045707662066311465e-11 4.085802256160982793e-11 3.683053163375731864e-11 4.602427152418789868e-11 2.917614099792875741e-11 1.622045858702189781e-11 6.884824496993450821e-12 1.574719534479400829e-11 2.515991765263673145e-11 -7.652761982550959951e-13 -1.441580246805543732e-11 -1.261018372482495358e-11 5.636362420440967208e-12 -1.105985402441422433e-11
1.774120301714439677e-10 4.610019296830138173e-11 1.744758219000240108e-10 2.036386611741605289e-10 1.509656791275032643e-10 1.507826020502686557e-10 4.416768145623315486e-10 1.478895544354134056e-10 7.964081404290514801e-11 5.881588945140921910e-11 2.763287149020876248e-11 4.353977791698141384e-11 4.371206220748432200e-11 4.449396486219321005e-11 1.580692624127601308e-11 2.426151201146161735e-11 2.428164705202188625e-11 8.090527100593972429e-12 3.841492486114559558e-12 -2.184900911244254519e-11 -1.187273961684194811e-11 1.703870917270729862e-12 -4.740786196485684661e-12 -9.913212242914832133e-13 3.355310062999542979e-12 8.801382290773461163e-13
4.840140920679621425e-11 1.310352867261134623e-10 1.164358362569800079e-10 9.575887657225743991e-11 1.155223242510202640e-10 1.101361709199661142e-10 1.478895544354134056e-10 4.166862881248298913e-10 1.289496645415218445e-10 7.771810195285632142e-11 5.763714770642593857e-11 3.760324954918195219e-11 4.164478557838882182e-11 3.035111651268856813e-11 2.466066653475092925e-11 3.061335689810262918e-11 2.383293933286568028e-12 -1.025521412713123513e-11 -1.303119241511752228e-12 -8.829726888434600598e-12 -1.585867964903532912e-11 2.189825981707552525e-12 -7.504640547987262909e-12 -3.103465805371898610e-12 7.080652914164953610e-12 -5.355265098592253364e-12
2.056246880215738284e-10 2.738946071282036381e-10 1.805727518677851977e-10 1.381611513464644604e-10 1.212165750524642304e-10 5.016843760459352384e-11 7.964081404290514801e-11 1.289496645415218445e-10 3.053685673443716334e-10 1.084322917248200410e-10 3.161358810176291062e-11 3.481973170152175310e-11 5.163649002537153440e-11 4.310640407351247693e-11 2.800748268304016047e-11 2.155416465781120322e-11 1.438770363175885386e-11 3.667103020735165940e-12 4.258077994146773478e-13 -9.404731245779070574e-12 -9.503625238937651662e-12 -1.669529593216089189e-11 -2.221102475266923623e-11 -3.729553395156740727e-12 -1.629346278439436969e-12 -2.084480488848343625e-13
1.914684612160082609e-10 6.389708045117381458e-11 4.499873006527911328e-11 7.165433068064083467e-11 7.349643575540384550e-11 5.362250355571158257e-11 5.881588945140921910e-11 7.771810195285632142e-11 1.084322917248200410e-10 2.013697545228718239e-10 6.348259517975359995e-11 5.576770105086112183e-11 5.317028380705890537e-11 3.621009048462629330e-11 1.928444538265451456e-11 2.405170226099136502e-11 1.672502404494348538e-11 1.474435335175022672e-11 -3.084044411723678854e-12 -1.364671424263519191e-11 -1.020839891258412582e-11 -6.422215100035778461e-12 -6.182329240127209572e-12 -2.361999500868187795e-12 -8.980021444973850839e-13 5.773185373467477992e-13
8.374753931849315378e-11 6.710026493715144789e-11 6.169586829629308092e-11 5.132067916794792229e-11 -9.667166097313772627e-12 3.919685186939381289e-11 2.763287149020876248e-11 5.763714770642593857e-11 3.161358810176291062e-11 6.348259517975359995e-11 1.632300708692926261e-10 5.625253097648359788e-11 4.430760611434031757e-11 2.556213829704450003e-11 1.668739168495916754e-11 2.017846511279098557e-11 1.780875976656647038e-11 1.536663328852134006e-11 1.364573614741596872e-11 4.296597319946571238e-12 -2.962730312286039735e-12 -1.647062028117981800e-12 -4.515913015423621016e-13 -2.403937257761039042e-12 -7.410633787455894132e-12 -4.098315626197896617e-12
1.024542133540799099e-10 4.487142472620908296e-11 3.723873281480470169e-11 5.865717042335778638e-11 -8.444923790409662424e-13 2.117586805407893989e-11 4.353977791698141384e-11 3.760324954918195219e-11 3.481973170152175310e-11 5.576770105086112183e-11 5.625253097648359788e-11 1.195626538092704706e-10 7.476759876573679681e-11 4.443601437979763574e-11 3.694450601486193526e-11 2.720368303587209966e-11 1.662708012015597413e-11 1.542155920818258565e-11 1.051713882236175417e-11 -5.652523873293503825e-13 5.650061100455923625e-13 2.901833089287245014e-12 1.912158417433689779e-12 -2.518559203934779899e-12 9.893661767375811960e-13 -1.564058436091732488e-12
1.071813520593522675e-10 4.741637384266609556e-11 4.927515003838937641e-11 7.175910373976945037e-11 8.718878748270595347e-12 4.045707662066311465e-11 4.371206220748432200e-11 4.164478557838882182e-11 5.163649002537153440e-11 5.317028380705890537e-11 4.430760611434031757e-11 7.476759876573679681e-11 1.209436278030693102e-10 6.983176810730940969e-11 4.897402376873868253e-11 3.813975201598610148e-11 3.221717240550885073e-11 2.245168531172846884e-11 1.276603557957910372e-11 -2.942431739239058590e-12 -8.825589873188938423e-13 4.242317944564393509e-12 2.440893116183110830e-12 1.755471098590029872e-12 6.892549974387443004e-12 4.933897479958638757e-12
7.810065104950957543e-12 7.884286405844233444e-11 7.033197878836027256e-11 5.574095870425619369e-11 -8.463706988514561627e-12 4.085802256160982793e-11 4.449396486219321005e-11 3.035111651268856813e-11 4.310640407351247693e-11 3.621009048462629330e-11 2.556213829704450003e-11 4.443601437979763574e-11 6.983176810730940969e-11 1.137986386025975990e-10 6.502367286816972430e-11 3.682050908527328519e-11 2.791322630501050932e-11 1.637297765600284226e-11 5.713039064919395778e-12 -2.972303254601474910e-12 3.744804828768761609e-13 6.569521151703128044e-12 7.464490874278030798e-12 3.069719808815824655e-12 8.810092685289672037e-12 3.087999581954206694e-12
4.900478936792923598e-11 4.349033934078495623e-11 1.967029424799956892e-11 5.469378914862433286e-11 -3.480340388384714248e-11 3.683053163375731864e-11 1.580692624127601308e-11 2.466066653475092925e-11 2.800748268304016047e-11 1.928444538265451456e-11 1.668739168495916754e-11 3.694450601486193526e-11 4.897402376873868253e-11 6.502367286816972430e-11 9.566213505511607223e-11 6.028445072109027316e-11 3.630629325176236589e-11 2.165027645894935478e-11 1.522673370750431520e-11 6.945064309529599630e-12 1.113758072785129793e-11 7.606881441605410489e-12 1.066851191095657513e-11 1.177442327358978963e-12 2.244322330550436843e-12 -8.231350292599547296e-13
3.139860435197855141e-11 7.154373339855367074e-11 3.723020339747314233e-11 4.760279781174791171e-11 -2.719683866314827927e-12 4.602427152418789868e-11 2.426151201146161735e-11 3.061335689810262918e-11 2.155416465781120322e-11 2.405170226099136502e-11 2.017846511279098557e-11 2.720368303587209966e-11 3.813975201598610148e-11 3.682050908527328519e-11 6.028445072109027316e-11 9.919794565211480247e-11 6.265277179330088601e-11 3.900857680639222109e-11 2.281301614847269285e-11 1.370335239818436758e-11 1.048364112247703107e-11 7.306457214876751580e-12 1.003283613614367995e-11 3.710315499624441134e-12 2.654009641057901734e-13 -2.210998469216692883e-13
-1.685104590869024787e-11 4.239305204963790589e-11 3.943219664617827656e-11 6.360578990979451969e-11 -1.628483781568504911e-11 2.917614099792875741e-11 2.428164705202188625e-11 2.383293933286568028e-12 1.438770363175885386e-11 1.672502404494348538e-11 1.780875976656647038e-11 1.662708012015597413e-11 3.221717240550885073e-11 2.791322630501050932e-11 3.630629325176236589e-11 6.265277179330088601e-11 9.355541691712557122e-11 6.826447529064195110e-11 4.406724724653463193e-11 2.699589448288664667e-11 1.977778647704738942e-11 5.618816277088089778e-12 1.150467175480094607e-11 4.094223655683877858e-12 6.111013585197645637e-12 3.495854352934950288e-12
-1.751680615067796595e-11 6.757026120505441563e-12 3.508724848195650564e-11 2.439995689984554865e-11 -1.461800395294817184e-11 1.622045858702189781e-11 8.090527100593972429e-12 -1.025521412713123513e-11 3.667103020735165940e-12 1.474435335175022672e-11 1.536663328852134006e-11 1.542155920818258565e-11 2.245168531172846884e-11 1.637297765600284226e-11 2.165027645894935478e-11 3.900857680639222109e-11 6.826447529064195110e-11 9.466011063206395541e-11 6.077859462436629046e-11 3.615602285705895668e-11 1.956260701600765805e-11 6.153021032722315007e-13 1.041149611798813495e-11 3.236804001431972009e-12 7.891098047991596037e-12 4.747510975913919053e-12
-3.814923494602204788e-11 -2.846246192583192617e-12 6.043362028281639966e-11 2.472381137145551838e-11 -5.949320249401868932e-12 6.884824496993450821e-12 3.841492486114559558e-12 -1.303119241511752228e-12 4.258077994146773478e-13 -3.084044411723678854e-12 1.364573614741596872e-11 1.051713882236175417e-11 1.276603557957910372e-11 5.713039064919395778e-12 1.522673370750431520e-11 2.281301614847269285e-11 4.406724724653463193e-11 6.077859462436629046e-11 9.436964509940815053e-11 6.206199811413167316e-11 2.661836566931865065e-11 1.562357884833868498e-11 1.918899580211773658e-11 5.493725143959563948e-12 3.728950983203217117e-12 1.898684608648623219e-12
-4.755587638842118340e-11 -3.722415817947347247e-12 4.886460695365628531e-11 1.484504089422389718e-11 1.195906261803463441e-11 1.574719534479400829e-11 -2.184900911244254519e-11 -8.829726888434600598e-12 -9.404731245779070574e-12 -1.364671424263519191e-11 4.296597319946571238e-12 -5.652523873293503825e-13 -2.942431739239058590e-12 -2.972303254601474910e-12 6.945064309529599630e-12 1.370335239818436758e-11 2.699589448288664667e-11 3.615602285705895668e-11 6.206199811413167316e-11 8.745652859727000059e-11 4.525940654806481957e-11 2.171900402904473523e-11 2.280308827211389711e-11 6.439004506652960050e-12 5.362327969366002039e-12 1.847532697410487109e-12
-3.112797713757589299e-11 5.782528235487341324e-11 4.441028475518699394e-11 2.183328265557286155e-12 6.454836121691722012e-12 2.515991765263673145e-11 -1.187273961684194811e-11 -1.585867964903532912e-11 -9.503625238937651662e-12 -1.020839891258412582e-11 -2.962730312286039735e-12 5.650061100455923625e-13 -8.825589873188938423e-13 3.744804828768761609e-13 1.113758072785129793e-11 1.048364112247703107e-11 1.977778647704738942e-11 1.956260701600765805e-11 2.661836566931865065e-11 4.525940654806481957e-11 7.389456521041786311e-11 4.043384163092510748e-11 2.471732524904307011e-11 6.781572081325430088e-12 1.832220227482782377e-12 -1.162168442589038929e-13
-2.022152772136840051e-11 1.002796424822414424e-11 2.616476481316998927e-11 1.804844476132255233e-13 4.024361564862062427e-12 -7.652761982550959951e-13 1.703870917270729862e-12 2.189825981707552525e-12 -1.669529593216089189e-11 -6.422215100035778461e-12 -1.647062028117981800e-12 2.901833089287245014e-12 4.242317944564393509e-12 6.569521151703128044e-12 7.606881441605410489e-12 7.306457214876751580e-12 5.618816277088089778e-12 6.153021032722315007e-13 1.562357884833868498e-11 2.171900402904473523e-11 4.043384163092510748e-11 6.155202078216840306e-11 2.915158602020468971e-11 6.734299602103955156e-12 -1.573928203869813739e-14 -2.163749666670460624e-12
2.973457974516529266e-12 -8.111775050428594633e-12 1.115974486481401458e-11 -1.998000466193882011e-11 -5.793597551406253157e-12 -1.441580246805543732e-11 -4.740786196485684661e-12 -7.504640547987262909e-12 -2.221102475266923623e-11 -6.182329240127209572e-12 -4.515913015423621016e-13 1.912158417433689779e-12 2.440893116183110830e-12 7.464490874278030798e-12 1.066851191095657513e-11 1.003283613614367995e-11 1.150467175480094607e-11 1.041149611798813495e-11 1.918899580211773658e-11 2.280308827211389711e-11 2.471732524904307011e-11 2.915158602020468971e-11 4.948240844899203448e-11 1.367475193053221824e-11 6.908834527924090779e-14 -3.311160170563519676e-12
-8.469008817783206005e-12 -1.466456212054672159e-11 1.787334652995027609e-11 -9.436620416194602679e-12 -1.589491852575068564e-12 -1.261018372482495358e-11 -9.913212242914832133e-13 -3.103465805371898610e-12 -3.729553395156740727e-12 -2.361999500868187795e-12 -2.403937257761039042e-12 -2.518559203934779899e-12 1.755471098590029872e-12 3.069719808815824655e-12 1.177442327358978963e-12 3.710315499624441134e-12 4.094223655683877858e-12 3.236804001431972009e-12 5.493725143959563948e-12 6.439004506652960050e-12 6.781572081325430088e-12 6.734299602103955156e-12 1.367475193053221824e-11 2.479620813098247266e-11 5.855232933185993361e-12 2.057658555609431933e-12
6.832273686368859629e-11 2.739055094386576266e-11 3.175275684394167133e-11 -8.683013752339774793e-12 9.606824727718966458e-12 5.636362420440967208e-12 3.355310062999542979e-12 7.080652914164953610e-12 -1.629346278439436969e-12 -8.980021444973850839e-13 -7.410633787455894132e-12 9.893661767375811960e-13 6.892549974387443004e-12 8.810092685289672037e-12 2.244322330550436843e-12 2.654009641057901734e-13 6.111013585197645637e-12 7.891098047991596037e-12 3.728950983203217117e-12 5.362327969366002039e-12 1.832220227482782377e-12 -1.573928203869813739e-14 6.908834527924090779e-14 5.855232933185993361e-12 2.666599403348954229e-11 6.805307559662579472e-12
2.405248187401099813e-11 -8.962912101360173940e-12 8.486362910841336330e-12 1.164586086283240171e-11 -2.815497645690269986e-12 -1.105985402441422433e-11 8.801382290773461163e-13 -5.355265098592253364e-12 -2.084480488848343625e-13 5.773185373467477992e-13 -4.098315626197896617e-12 -1.564058436091732488e-12 4.933897479958638757e-12 3.087999581954206694e-12 -8.231350292599547296e-13 -2.210998469216692883e-13 3.495854352934950288e-12 4.747510975913919053e-12 1.898684608648623219e-12 1.847532697410487109e-12 -1.162168442589038929e-13 -2.163749666670460624e-12 -3.311160170563519676e-12 2.057658555609431933e-12 6.805307559662579472e-12 1.559765410762670484e-11
