4.129402409050395015e-09 7.109971837859280907e-10 3.786218638828086409e-10 1.839579434301113380e-10 2.852209739554218199e-10 1.524236610313791117e-10 8.331777541848901645e-11 -1.515769247069576167e-11 -2.329630914763753020e-11 9.715265288646807328e-11 4.832881167797948769e-11 6.359152586465422569e-11 -4.982059471503550665e-11 7.456243194793111678e-12 -1.313145152634753480e-11 -7.893759749620245276e-12 2.904991130861401949e-11 2.344618543524978689e-11 -7.519051536136026258e-13 -2.537573078895222806e-12 2.524168411525694683e-11 6.192200671192759660e-12 -1.113310366093448878e-11 -3.863114006961121534e-11 -3.407301582748440805e-11 -1.102849161462997000e-11
7.109971837859280907e-10 2.866511389425696822e-09 4.000651663111820466e-10 2.908612576596082569e-10 7.987038133835484145e-11 1.356686278641681204e-10 1.010894321915529723e-10 7.331006895999820260e-11 2.219923219016043556e-11 3.137868734548078833e-11 5.020943707180844568e-11 5.579415232477215116e-11 3.087014107522936549e-11 6.936155095765876066e-11 1.194052412364916969e-11 1.957896894893131448e-11 2.120573286360043011e-11 1.896472964806532462e-11 2.743252535003363145e-11 4.001218857794914461e-11 1.379999042829044722e-11 1.865261120524925253e-11 1.681503128964808428e-11 5.123786522780668696e-12 -2.855140252976359051e-12 -1.550058164853003817e-11
3.786218638828086409e-10 4.000651663111820466e-10 1.654935603894097613e-09 3.514756598657019668e-10 1.998187209106319167e-10 1.334775462973096819e-10 7.285580276521182217e-11 8.753315156115719200e-11 1.090551107457351337e-10 1.143539274264732145e-10 5.302363605306295143e-11 4.631348577105898802e-11 1.739413576429209327e-11 1.843901255762309303e-11 -1.876060931279065945e-11 -4.986405573199761985e-13 3.163005550830956043e-11 3.528133898295286480e-11 -1.758885065000076629e-12 -7.437524823890079478e-12 1.863508221901371518e-12 1.016728492966626587e-11 1.080723889905064230e-11 -3.763078566328700517e-12 -1.547161137126728906e-11 -5.090278260308610142e-12
1.839579434301113380e-10 2.908612576596082569e-10 3.514756598657019668e-10 1.203153976973327397e-09 1.194080402380618926e-10 8.018083504083934008e-11 1.027007683629762835e-10 3.466604371691189715e-11 5.773031031496100125e-11 1.369344919730606573e-11 2.756157381177039827e-12 2.949002016554981298e-11 5.589953460795122779e-14 2.701176804478387681e-11 9.522812843858004542e-12 1.150319788972961454e-12 1.172395755367629221e-11 1.252323555108762065e-11 1.215269405648106138e-12 -3.466296259210593253e-12 1.632104749488308535e-11 4.679113842072956981e-12 -5.027157205981980113e-13 5.635622901193684864e-12 6.204155883409046953e-13 -1.246746094747405821e-11
2.852209739554218199e-10 7.987038133835484145e-11 1.998187209106319167e-10 1.194080402380618926e-10 7.727780268034020946e-10 1.558169727837843602e-10 3.018477482924933544e-11 4.097876969109273914e-11 1.393343619590636421e-11 5.220574209886443698e-11 4.223137856962145448e-12 2.585595670584579902e-11 9.201240767668355042e-12 2.117916223551188400e-11 1.745517876877782793e-11 1.750108514058262519e-11 1.761241888979067996e-11 1.255496962968319124e-11 1.936899001287161074e-11 3.261256250145740940e-12 4.578878091192878455e-12 2.660110794279535255e-12 1.707733520635369027e-12 2.112764985341468181e-12 7.275445468112857744e-12 -7.637965343763375401e-12
1.524236610313791117e-10 1.356686278641681204e-10 1.334775462973096819e-10 8.018083504083934008e-11 1.558169727837843602e-10 5.861064697860396504e-10 1.267606570535213724e-10 4.912854593933643829e-11 3.110629534315560245e-11 1.779362354176156574e-11 1.884612500791215435e-11 1.539417935383399362e-11 -5.019356935613826437e-13 2.976985432836923194e-12 1.099305257079651790e-11 7.028088982845851740e-12 9.499525770097762162e-12 -1.588089850373043982e-12 1.599091067924934207e-12 6.135607767251295415e-12 5.188610590770007305e-12 4.906707826381665018e-13 -2.241222492976168944e-12 -4.472916606028676829e-12 3.538312375982400826e-12 6.973242585344112627e-13
8.331777541848901645e-11 1.010894321915529723e-10 7.285580276521182217e-11 1.027007683629762835e-10 3.018477482924933544e-11 1.267606570535213724e-10 4.147278510440650025e-10 4.618083815930588841e-11 3.158346212926471384e-11 3.613315960241146137e-11 4.892995839884992929e-11 2.214831447801683707e-11 1.342617271968921520e-11 -1.118615771221697575e-12 -1.528848517267238409e-12 4.533619729900773777e-12 -4.142502956344239681e-12 2.919077378450036864e-12 5.877997237534316904e-12 -2.078876973831173190e-12 -1.227460357560421410e-12 -2.252964468391783619e-12 -4.288044838247505750e-13 7.207886522688176105e-13 3.217050838439919098e-12 -4.917451643312370897e-15
-1.515769247069576167e-11 7.331006895999820260e-11 8.753315156115719200e-11 3.466604371691189715e-11 4.097876969109273914e-11 4.912854593933643829e-11 4.618083815930588841e-11 2.412650581201561148e-10 5.039757878692931194e-11 3.464252046985989116e-11 3.119185926071868060e-11 2.502523732196970074e-11 2.941422948149066540e-12 -7.652172996109239073e-13 -8.760384260761624119e-12 -5.516029581983341086e-12 -2.699082082814318532e-12 9.542470956393432409e-12 1.408436518997103380e-11 8.642048905344323957e-12 9.408416982656124733e-12 4.716470220405681888e-12 5.291618410348676414e-12 8.667279340058638688e-12 4.633607282838546981e-12 -2.562071102125936606e-12
-2.329630914763753020e-11 2.219923219016043556e-11 1.090551107457351337e-10 5.773031031496100125e-11 1.393343619590636421e-11 3.110629534315560245e-11 3.158346212926471384e-11 5.039757878692931194e-11 1.637481055413677533e-10 3.075091957492018571e-11 2.693078314657127404e-11 2.348574209884117373e-11 4.051151429924948321e-12 8.926918220022200626e-12 -1.300635330053469643e-12 -4.505544830208402669e-12 -2.495920158893014138e-12 6.063163455363662203e-12 4.460354014850797588e-12 1.145648585279964833e-12 -1.585444809307211688e-13 -4.011812486015227632e-13 -3.604953934204635379e-13 -5.592251684193179592e-13 -1.585484955292759028e-12 -4.612882108596199897e-13
9.715265288646807328e-11 3.137868734548078833e-11 1.143539274264732145e-10 1.369344919730606573e-11 5.220574209886443698e-11 1.779362354176156574e-11 3.613315960241146137e-11 3.464252046985989116e-11 3.075091957492018571e-11 1.234223647908777168e-10 3.582845522950725209e-11 2.115800772010477798e-11 1.015602621172243743e-11 8.288724898181088244e-12 -3.972814606903689521e-12 -1.946331256234273033e-12 -1.334309771525489903e-12 -6.686381359143058745e-13 3.692605494943655529e-12 4.041573000364583721e-12 1.501411821419216922e-12 3.652787592564960630e-12 1.186523797483191359e-12 -3.325090168736422624e-13 1.471269109806292942e-12 5.996221710783624311e-13
4.832881167797948769e-11 5.020943707180844568e-11 5.302363605306295143e-11 2.756157381177039827e-12 4.223137856962145448e-12 1.884612500791215435e-11 4.892995839884992929e-11 3.119185926071868060e-11 2.693078314657127404e-11 3.582845522950725209e-11 1.037602379541005174e-10 3.582022581839913339e-11 1.826858531583809456e-11 7.019247332725604868e-12 3.270942258613777334e-12 3.770011652943195610e-12 -1.355155281318153095e-12 -1.845507510600220242e-12 -1.146519762247030468e-12 3.880171093489913130e-12 8.031825657075199735e-12 5.301511285613023340e-12 5.056269593294478937e-12 1.369221340136366037e-12 -7.814092547707639514e-13 8.675446332839329257e-13
6.359152586465422569e-11 5.579415232477215116e-11 4.631348577105898802e-11 2.949002016554981298e-11 2.585595670584579902e-11 1.539417935383399362e-11 2.214831447801683707e-11 2.502523732196970074e-11 2.348574209884117373e-11 2.115800772010477798e-11 3.582022581839913339e-11 7.671360986723236999e-11 1.728599601477216111e-11 1.074391378378422974e-11 3.593420176413262664e-12 1.856081473803785305e-12 -2.854006059100880625e-12 -2.704735123718863694e-12 -1.742374677714216727e-12 9.713258339723171087e-14 2.060322274002489601e-12 -1.949363537074639039e-12 -2.210035084088988805e-12 -9.573093079996217866e-13 4.211666812981133101e-13 -2.187487906870707168e-12
-4.982059471503550665e-11 3.087014107522936549e-11 1.739413576429209327e-11 5.589953460795122779e-14 9.201240767668355042e-12 -5.019356935613826437e-13 1.342617271968921520e-11 2.941422948149066540e-12 4.051151429924948321e-12 1.015602621172243743e-11 1.826858531583809456e-11 1.728599601477216111e-11 4.989091922402155356e-11 2.037239739651463008e-11 7.955681729559007632e-12 2.361909640645708267e-12 -3.119830527387975054e-12 -4.354419170709187846e-12 -6.931601096782057288e-13 2.105921332917182260e-12 -3.231541782720462778e-13 -1.726104910316919401e-12 -9.319066819711675187e-13 1.961980148661508852e-12 1.552805535089456727e-12 -1.788053569038719840e-12
7.456243194793111678e-12 6.936155095765876066e-11 1.843901255762309303e-11 2.701176804478387681e-11 2.117916223551188400e-11 2.976985432836923194e-12 -1.118615771221697575e-12 -7.652172996109239073e-13 8.926918220022200626e-12 8.288724898181088244e-12 7.019247332725604868e-12 1.074391378378422974e-11 2.037239739651463008e-11 4.763479813778727308e-11 1.935479899867384299e-11 1.032532260166679090e-11 8.721378999253305889e-12 5.190775208821198927e-12 2.398893095378601555e-12 3.342264056923446245e-12 1.397708117668956358e-12 2.612987056494265338e-12 2.382883802324806271e-12 1.996832603152443042e-12 -1.766982360655777964e-12 -3.084392880745271389e-12
-1.313145152634753480e-11 1.194052412364916969e-11 -1.876060931279065945e-11 9.522812843858004542e-12 1.745517876877782793e-11 1.099305257079651790e-11 -1.528848517267238409e-12 -8.760384260761624119e-12 -1.300635330053469643e-12 -3.972814606903689521e-12 3.270942258613777334e-12 3.593420176413262664e-12 7.955681729559007632e-12 1.935479899867384299e-11 4.285635935040129386e-11 2.408793143056538581e-11 1.587399459751814608e-11 7.777663660980278065e-12 7.862912707076764814e-12 4.932617589655375252e-12 4.179564524832764317e-12 1.656876332095242076e-12 -1.021359095632338224e-12 2.787911906796307306e-15 -1.783279573538228886e-12 -3.319903984158016953e-12
-7.893759749620245276e-12 1.957896894893131448e-11 -4.986405573199761985e-13 1.150319788972961454e-12 1.750108514058262519e-11 7.028088982845851740e-12 4.533619729900773777e-12 -5.516029581983341086e-12 -4.505544830208402669e-12 -1.946331256234273033e-12 3.770011652943195610e-12 1.856081473803785305e-12 2.361909640645708267e-12 1.032532260166679090e-11 2.408793143056538581e-11 3.888289718254672601e-11 2.334385953816097142e-11 9.971673508013151090e-12 6.757230879320612712e-12 2.887359515594463334e-12 2.245390510759294004e-12 1.039765643586050451e-12 -2.460699813731956779e-12 -6.276583206845428205e-13 2.415764402254744719e-13 -6.651749180058482413e-13
2.904991130861401949e-11 2.120573286360043011e-11 3.163005550830956043e-11 1.172395755367629221e-11 1.761241888979067996e-11 9.499525770097762162e-12 -4.142502956344239681e-12 -2.699082082814318532e-12 -2.495920158893014138e-12 -1.334309771525489903e-12 -1.355155281318153095e-12 -2.854006059100880625e-12 -3.119830527387975054e-12 8.721378999253305889e-12 1.587399459751814608e-11 2.334385953816097142e-11 3.630724381000834951e-11 1.991851721346656927e-11 1.112256306462263953e-11 5.324411826781858284e-12 3.163867558466862147e-12 1.863791522348544995e-12 2.456169407176193571e-13 7.255492493751016448e-13 -3.656325755585012022e-13 1.237040735329850839e-12
2.344618543524978689e-11 1.896472964806532462e-11 3.528133898295286480e-11 1.252323555108762065e-11 1.255496962968319124e-11 -1.588089850373043982e-12 2.919077378450036864e-12 9.542470956393432409e-12 6.063163455363662203e-12 -6.686381359143058745e-13 -1.845507510600220242e-12 -2.704735123718863694e-12 -4.354419170709187846e-12 5.190775208821198927e-12 7.777663660980278065e-12 9.971673508013151090e-12 1.991851721346656927e-11 2.988880842615926056e-11 1.491329383888802073e-11 5.515494451946961930e-12 2.859790132063510877e-12 1.809461884063725860e-12 -2.709486729658118306e-13 -9.137795699750477455e-13 -2.244589962190521168e-12 5.925005156532843308e-13
-7.519051536136026258e-13 2.743252535003363145e-11 -1.758885065000076629e-12 1.215269405648106138e-12 1.936899001287161074e-11 1.599091067924934207e-12 5.877997237534316904e-12 1.408436518997103380e-11 4.460354014850797588e-12 3.692605494943655529e-12 -1.146519762247030468e-12 -1.742374677714216727e-12 -6.931601096782057288e-13 2.398893095378601555e-12 7.862912707076764814e-12 6.757230879320612712e-12 1.112256306462263953e-11 1.491329383888802073e-11 3.033630042636586395e-11 1.819130532894923862e-11 9.310920543905008097e-12 4.359718243462749337e-12 1.693057711709369976e-12 7.635429646819959176e-13 1.064364654294631852e-12 -1.723000839788923772e-12
-2.537573078895222806e-12 4.001218857794914461e-11 -7.437524823890079478e-12 -3.466296259210593253e-12 3.261256250145740940e-12 6.135607767251295415e-12 -2.078876973831173190e-12 8.642048905344323957e-12 1.145648585279964833e-12 4.041573000364583721e-12 3.880171093489913130e-12 9.713258339723171087e-14 2.105921332917182260e-12 3.342264056923446245e-12 4.932617589655375252e-12 2.887359515594463334e-12 5.324411826781858284e-12 5.515494451946961930e-12 1.819130532894923862e-11 2.870308087881699001e-11 1.737944771808554165e-11 7.837149079307213717e-12 3.377046728601658449e-12 1.379995697231721656e-12 -2.362824849545317029e-13 -2.131840999877028074e-12
2.524168411525694683e-11 1.379999042829044722e-11 1.863508221901371518e-12 1.632104749488308535e-11 4.578878091192878455e-12 5.188610590770007305e-12 -1.227460357560421410e-12 9.408416982656124733e-12 -1.585444809307211688e-13 1.501411821419216922e-12 8.031825657075199735e-12 2.060322274002489601e-12 -3.231541782720462778e-13 1.397708117668956358e-12 4.179564524832764317e-12 2.245390510759294004e-12 3.163867558466862147e-12 2.859790132063510877e-12 9.310920543905008097e-12 1.737944771808554165e-11 2.938937416759305603e-11 1.671510524012300944e-11 5.178706055562821522e-12 1.138560584270175235e-12 -1.770216371293493170e-12 -3.477399551739416484e-12
6.192200671192759660e-12 1.865261120524925253e-11 1.016728492966626587e-11 4.679113842072956981e-12 2.660110794279535255e-12 4.906707826381665018e-13 -2.252964468391783619e-12 4.716470220405681888e-12 -4.011812486015227632e-13 3.652787592564960630e-12 5.301511285613023340e-12 -1.949363537074639039e-12 -1.726104910316919401e-12 2.612987056494265338e-12 1.656876332095242076e-12 1.039765643586050451e-12 1.863791522348544995e-12 1.809461884063725860e-12 4.359718243462749337e-12 7.837149079307213717e-12 1.671510524012300944e-11 2.445880418843864193e-11 8.591331787123651934e-12 2.324317409608492483e-12 -1.534814066341102963e-12 -3.354815036821879515e-12
-1.113310366093448878e-11 1.681503128964808428e-11 1.080723889905064230e-11 -5.027157205981980113e-13 1.707733520635369027e-12 -2.241222492976168944e-12 -4.288044838247505750e-13 5.291618410348676414e-12 -3.604953934204635379e-13 1.186523797483191359e-12 5.056269593294478937e-12 -2.210035084088988805e-12 -9.319066819711675187e-13 2.382883802324806271e-12 -1.021359095632338224e-12 -2.460699813731956779e-12 2.456169407176193571e-13 -2.709486729658118306e-13 1.693057711709369976e-12 3.377046728601658449e-12 5.178706055562821522e-12 8.591331787123651934e-12 1.340001067500205094e-11 6.163647310741465271e-12 -5.733174016650769483e-13 -7.920738987286546057e-13
-3.863114006961121534e-11 5.123786522780668696e-12 -3.763078566328700517e-12 5.635622901193684864e-12 2.112764985341468181e-12 -4.472916606028676829e-12 7.207886522688176105e-13 8.667279340058638688e-12 -5.592251684193179592e-13 -3.325090168736422624e-13 1.369221340136366037e-12 -9.573093079996217866e-13 1.961980148661508852e-12 1.996832603152443042e-12 2.787911906796307306e-15 -6.276583206845428205e-13 7.255492493751016448e-13 -9.137795699750477455e-13 7.635429646819959176e-13 1.379995697231721656e-12 1.138560584270175235e-12 2.324317409608492483e-12 6.163647310741465271e-12 1.124067027827176242e-11 3.534985955982564141e-12 1.097520976967379930e-12
-3.407301582748440805e-11 -2.855140252976359051e-12 -1.547161137126728906e-11 6.204155883409046953e-13 7.275445468112857744e-12 3.538312375982400826e-12 3.217050838439919098e-12 4.633607282838546981e-12 -1.585484955292759028e-12 1.471269109806292942e-12 -7.814092547707639514e-13 4.211666812981133101e-13 1.552805535089456727e-12 -1.766982360655777964e-12 -1.783279573538228886e-12 2.415764402254744719e-13 -3.656325755585012022e-13 -2.244589962190521168e-12 1.064364654294631852e-12 -2.362824849545317029e-13 -1.770216371293493170e-12 -1.534814066341102963e-12 -5.733174016650769483e-13 3.534985955982564141e-12 1.135231307399050187e-11 3.579152060215689171e-12
-1.102849161462997000e-11 -1.550058164853003817e-11 -5.090278260308610142e-12 -1.246746094747405821e-11 -7.637965343763375401e-12 6.973242585344112627e-13 -4.917451643312370897e-15 -2.562071102125936606e-12 -4.612882108596199897e-13 5.996221710783624311e-13 8.675446332839329257e-13 -2.187487906870707168e-12 -1.788053569038719840e-12 -3.084392880745271389e-12 -3.319903984158016953e-12 -6.651749180058482413e-13 1.237040735329850839e-12 5.925005156532843308e-13 -1.723000839788923772e-12 -2.131840999877028074e-12 -3.477399551739416484e-12 -3.354815036821879515e-12 -7.920738987286546057e-13 1.097520976967379930e-12 3.579152060215689171e-12 9.327825426595929511e-12
