5.317361102225997486e-09 2.078775728354219879e-09 1.831927674310584648e-09 1.415838281646250236e-09 1.365536118172552581e-09 1.080097874222148683e-09 8.379636797354587727e-10 6.667886871753227437e-10 5.546425774960721476e-10 4.395258366783476400e-10 3.610867665354055741e-10 2.657894098018167043e-10 2.680011938909467921e-10 2.360769289647061210e-10 2.083778071647071851e-10 1.835566599910234052e-10 1.225592457969686533e-10 1.069013266620792948e-10 8.537701979921877833e-11 8.841995940497397845e-11 8.505824938604791133e-11 6.924871763810839462e-11 2.503299743552019995e-11 2.937924608222454842e-11 3.444159800723798004e-12 1.668715396086756906e-12
2.078775728354219879e-09 3.120192304219940958e-09 1.342059885403445164e-09 1.149689605143122497e-09 9.492344977942881821e-10 6.478186264966885220e-10 6.897389279097869999e-10 4.843100085488860455e-10 4.180392313856609280e-10 3.649702604375275197e-10 3.029355759055122653e-10 1.905386320526955739e-10 1.439903149904811604e-10 1.379019997842106029e-10 1.027931193834444831e-10 1.116095671584796419e-10 9.341325090746985749e-11 1.053877209002265539e-10 8.659933460987648537e-11 7.790445968099172199e-11 6.554967978609292107e-11 5.326472297552194668e-11 5.032748587557930360e-11 2.185076909627859408e-11 6.649590407878499486e-13 -2.428060960771806570e-11
1.831927674310584648e-09 1.342059885403445164e-09 2.364313348223416956e-09 1.082521439539999179e-09 9.290309740794731377e-10 7.619942193657087589e-10 6.142335187270629459e-10 5.012848492481435346e-10 3.799159635681546333e-10 3.217420794495535700e-10 2.675544441124639698e-10 2.162098114347741915e-10 1.499983150931597064e-10 1.482885542843259306e-10 1.217718915206791467e-10 1.295528772233278386e-10 1.116447941192198259e-10 9.113880688705029456e-11 6.581173708402290426e-11 5.890571637580243615e-11 4.785333215071545393e-11 4.413941463261370910e-11 5.027504098245178980e-11 5.855015903522931414e-11 6.305281557064806283e-12 6.475405239319360380e-13
1.415838281646250236e-09 1.149689605143122497e-09 1.082521439539999179e-09 1.679859020981432845e-09 8.384115292328927535e-10 6.529196104462367212e-10 5.346371736394084079e-10 4.007792086505753735e-10 3.406390854576446349e-10 3.062246988499894083e-10 2.491333166910118185e-10 1.917916459119221940e-10 1.870400190540236820e-10 1.449318548425385726e-10 1.061473095213390797e-10 1.135594282991112618e-10 5.891858205177435646e-11 6.684214126263674662e-11 4.016210937031704666e-11 9.931173914592704161e-12 1.868878868067162690e-11 2.245896764645982796e-11 1.119074551707593486e-11 -4.564040141353384217e-12 1.148352357433629052e-11 9.845633850955274180e-12
1.365536118172552581e-09 9.492344977942881821e-10 9.290309740794731377e-10 8.384115292328927535e-10 1.118678580270501078e-09 5.754813006925264271e-10 5.170549093936408788e-10 3.841313125978545883e-10 3.063052982994975557e-10 2.594978149202878818e-10 2.101421979220123518e-10 1.583210837085482438e-10 1.457347607783448306e-10 1.094998714324685645e-10 1.020420539278467546e-10 1.032664553893259305e-10 6.927523024390525893e-11 5.072621527186482636e-11 3.532135374355042923e-11 3.174263767197219908e-11 3.449929189256970030e-11 3.999526668851754604e-11 2.102703430646648563e-11 7.926041070205596784e-12 1.499373366024696788e-11 1.347061957819307505e-11
1.080097874222148683e-09 6.478186264966885220e-10 7.619942193657087589e-10 6.529196104462367212e-10 5.754813006925264271e-10 7.673204838806570060e-10 4.324563290777493609e-10 3.243098151969229002e-10 2.619087408332695406e-10 1.929012486486076703e-10 1.432381062232853799e-10 1.224077815972545934e-10 1.005303741960959437e-10 9.402608625057612961e-11 7.067839332437881726e-11 6.779103573213435710e-11 5.198285334056880199e-11 4.224358429329160934e-11 1.989444775461132737e-11 1.558683288776291801e-11 1.778521938887122561e-11 8.393732351952804359e-12 -1.681754665941540518e-12 7.625965242124328724e-12 9.849032780035630076e-12 1.282605919911741032e-11
8.379636797354587727e-10 6.897389279097869999e-10 6.142335187270629459e-10 5.346371736394084079e-10 5.170549093936408788e-10 4.324563290777493609e-10 5.798364679059140355e-10 3.014381381949715815e-10 2.490657290755513254e-10 2.049977817299445702e-10 1.342166722715166281e-10 1.009607050422364554e-10 9.069323633865360363e-11 7.950884363393055772e-11 5.918330595656062779e-11 5.696270349194610065e-11 4.553676221665669405e-11 4.497440673303123645e-11 3.741779411084919245e-11 2.557250606095833305e-11 2.496419653990945415e-11 7.916436201306516802e-12 1.344476137573390685e-11 1.603468899746339333e-11 6.658544776320324600e-13 1.053384630824294071e-11
6.667886871753227437e-10 4.843100085488860455e-10 5.012848492481435346e-10 4.007792086505753735e-10 3.841313125978545883e-10 3.243098151969229002e-10 3.014381381949715815e-10 3.692439961153832838e-10 2.147857903384631023e-10 1.570008022108943355e-10 1.163416577687979617e-10 8.899092467040725343e-11 7.960721440371713453e-11 5.596181514137196576e-11 4.170209361571766810e-11 4.913070925224937222e-11 4.257621148084598390e-11 3.851026718296352103e-11 2.661444882109393125e-11 2.478105753687409975e-11 2.054304251050888975e-11 7.511239734855935409e-12 1.100085975439902354e-11 1.169263038240093301e-11 4.571742792260315433e-12 1.341974245581953280e-11
5.546425774960721476e-10 4.180392313856609280e-10 3.799159635681546333e-10 3.406390854576446349e-10 3.063052982994975557e-10 2.619087408332695406e-10 2.490657290755513254e-10 2.147857903384631023e-10 2.977972655355929452e-10 1.724182420019497848e-10 1.036833439141022716e-10 8.183568520528316611e-11 7.497324495494280620e-11 5.564218683198184321e-11 5.163453721223605207e-11 5.220618329247459219e-11 3.824059411757451100e-11 2.795275237020193338e-11 1.671983816026650382e-11 1.911978249453414699e-11 2.078753788159386508e-11 7.799497402345392019e-12 7.784577285215276242e-12 9.050327701102845574e-12 9.856335558522257514e-12 7.636025519569211492e-12
4.395258366783476400e-10 3.649702604375275197e-10 3.217420794495535700e-10 3.062246988499894083e-10 2.594978149202878818e-10 1.929012486486076703e-10 2.049977817299445702e-10 1.570008022108943355e-10 1.724182420019497848e-10 2.146663472384129542e-10 1.179740664585675433e-10 7.839747113083196765e-11 7.039822750353030183e-11 6.417374149262180865e-11 5.679584532408964765e-11 5.332485068716286949e-11 4.868951346098803842e-11 4.542789450641803094e-11 2.490828948289220775e-11 1.740002663290218018e-11 1.502154632481790419e-11 8.855020757054182123e-12 8.384966804965476901e-12 5.422184060094184919e-12 6.477214288907359434e-12 4.812135540904183839e-12
3.610867665354055741e-10 3.029355759055122653e-10 2.675544441124639698e-10 2.491333166910118185e-10 2.101421979220123518e-10 1.432381062232853799e-10 1.342166722715166281e-10 1.163416577687979617e-10 1.036833439141022716e-10 1.179740664585675433e-10 1.456016421912914082e-10 7.744308193388812105e-11 6.891807737213295848e-11 5.407476702446963679e-11 5.021429265504418777e-11 3.863854857217478559e-11 3.224359923032688402e-11 2.700676508845369849e-11 1.562666312286686010e-11 1.281788974166504288e-11 1.207724917786257765e-11 5.448636699793633188e-12 1.599565048157869169e-12 3.852183479119846789e-12 3.708524507054718711e-12 5.298785841309970781e-12
2.657894098018167043e-10 1.905386320526955739e-10 2.162098114347741915e-10 1.917916459119221940e-10 1.583210837085482438e-10 1.224077815972545934e-10 1.009607050422364554e-10 8.899092467040725343e-11 8.183568520528316611e-11 7.839747113083196765e-11 7.744308193388812105e-11 1.019927239114986250e-10 6.449741519100026615e-11 4.863672547096897147e-11 4.212321582321523174e-11 3.392689846445489464e-11 2.876858654706747785e-11 2.632470322999807340e-11 1.956044454882471005e-11 1.104510740020715350e-11 6.215859716016851641e-12 6.202029590455583722e-13 -5.868427297073176421e-12 8.228611826062151864e-13 -7.471011776117855388e-14 1.100445227783255654e-12
2.680011938909467921e-10 1.439903149904811604e-10 1.499983150931597064e-10 1.870400190540236820e-10 1.457347607783448306e-10 1.005303741960959437e-10 9.069323633865360363e-11 7.960721440371713453e-11 7.497324495494280620e-11 7.039822750353030183e-11 6.891807737213295848e-11 6.449741519100026615e-11 1.025657218750161243e-10 6.182619518730141616e-11 4.999358514026484358e-11 3.845066703513987083e-11 2.711588045336559195e-11 2.305991667838458745e-11 1.561900741734084535e-11 1.516704338075901024e-11 1.514586001868473559e-11 1.207627209186332178e-11 9.017370998843286008e-13 2.984722439095113224e-12 3.304818606323324080e-12 7.945353839267590518e-12
2.360769289647061210e-10 1.379019997842106029e-10 1.482885542843259306e-10 1.449318548425385726e-10 1.094998714324685645e-10 9.402608625057612961e-11 7.950884363393055772e-11 5.596181514137196576e-11 5.564218683198184321e-11 6.417374149262180865e-11 5.407476702446963679e-11 4.863672547096897147e-11 6.182619518730141616e-11 7.901680129797545027e-11 5.417970531211972279e-11 4.108133280251988517e-11 3.586737065976597264e-11 2.925806653708141104e-11 1.919159697970521234e-11 1.855867599923497421e-11 1.587353677383942641e-11 1.642640042002667411e-11 4.651438198435141888e-12 7.783092964695564540e-12 2.133004779402835447e-12 3.452258927043381540e-12
2.083778071647071851e-10 1.027931193834444831e-10 1.217718915206791467e-10 1.061473095213390797e-10 1.020420539278467546e-10 7.067839332437881726e-11 5.918330595656062779e-11 4.170209361571766810e-11 5.163453721223605207e-11 5.679584532408964765e-11 5.021429265504418777e-11 4.212321582321523174e-11 4.999358514026484358e-11 5.417970531211972279e-11 7.396666504328750998e-11 5.107702583961832769e-11 3.940701341098697243e-11 2.673230306044498493e-11 1.778735784010012696e-11 1.281001412404511997e-11 1.247593014818919160e-11 8.380569915906365360e-12 -9.480326511126724946e-13 8.890370134132916172e-13 1.288170377490839307e-12 9.166072326909656777e-13
1.835566599910234052e-10 1.116095671584796419e-10 1.295528772233278386e-10 1.135594282991112618e-10 1.032664553893259305e-10 6.779103573213435710e-11 5.696270349194610065e-11 4.913070925224937222e-11 5.220618329247459219e-11 5.332485068716286949e-11 3.863854857217478559e-11 3.392689846445489464e-11 3.845066703513987083e-11 4.108133280251988517e-11 5.107702583961832769e-11 6.703082529520659978e-11 5.185096350073749394e-11 3.335178101228532569e-11 2.066037183034783917e-11 1.210210566222673387e-11 1.250309730088517531e-11 8.741508635241245204e-12 1.001248429476911400e-12 3.958886458671748232e-12 2.582530773566983043e-12 3.827205335349407088e-12
1.225592457969686533e-10 9.341325090746985749e-11 1.116447941192198259e-10 5.891858205177435646e-11 6.927523024390525893e-11 5.198285334056880199e-11 4.553676221665669405e-11 4.257621148084598390e-11 3.824059411757451100e-11 4.868951346098803842e-11 3.224359923032688402e-11 2.876858654706747785e-11 2.711588045336559195e-11 3.586737065976597264e-11 3.940701341098697243e-11 5.185096350073749394e-11 7.118520368395393261e-11 5.052415758493558671e-11 3.259868897840157925e-11 1.833467375846082781e-11 1.592482098322149689e-11 8.263698516729052533e-12 4.494299153155608773e-13 3.909643427386809713e-12 3.296603845460032243e-12 2.254048568663160026e-12
1.069013266620792948e-10 1.053877209002265539e-10 9.113880688705029456e-11 6.684214126263674662e-11 5.072621527186482636e-11 4.224358429329160934e-11 4.497440673303123645e-11 3.851026718296352103e-11 2.795275237020193338e-11 4.542789450641803094e-11 2.700676508845369849e-11 2.632470322999807340e-11 2.305991667838458745e-11 2.925806653708141104e-11 2.673230306044498493e-11 3.335178101228532569e-11 5.052415758493558671e-11 6.952643727519317615e-11 4.618884533315552501e-11 2.673448010826532667e-11 2.113822597836975791e-11 5.973238166252545492e-12 2.785999783215947215e-13 3.993870696968991955e-12 -9.028455358402681431e-13 -9.003959102301062803e-13
8.537701979921877833e-11 8.659933460987648537e-11 6.581173708402290426e-11 4.016210937031704666e-11 3.532135374355042923e-11 1.989444775461132737e-11 3.741779411084919245e-11 2.661444882109393125e-11 1.671983816026650382e-11 2.490828948289220775e-11 1.562666312286686010e-11 1.956044454882471005e-11 1.561900741734084535e-11 1.919159697970521234e-11 1.778735784010012696e-11 2.066037183034783917e-11 3.259868897840157925e-11 4.618884533315552501e-11 6.082515938821403554e-11 4.356606989064490465e-11 2.524074013695209243e-11 1.207578497173039668e-11 3.133669141248760142e-12 5.206182341756587495e-12 2.135859691549599630e-13 -1.040188070377944663e-13
8.841995940497397845e-11 7.790445968099172199e-11 5.890571637580243615e-11 9.931173914592704161e-12 3.174263767197219908e-11 1.558683288776291801e-11 2.557250606095833305e-11 2.478105753687409975e-11 1.911978249453414699e-11 1.740002663290218018e-11 1.281788974166504288e-11 1.104510740020715350e-11 1.516704338075901024e-11 1.855867599923497421e-11 1.281001412404511997e-11 1.210210566222673387e-11 1.833467375846082781e-11 2.673448010826532667e-11 4.356606989064490465e-11 6.726963492269210714e-11 4.600306397379984973e-11 2.525593554528056926e-11 9.070290633920365480e-12 8.243571404629665853e-12 1.227075342275198962e-12 -1.788273574945509736e-12
8.505824938604791133e-11 6.554967978609292107e-11 4.785333215071545393e-11 1.868878868067162690e-11 3.449929189256970030e-11 1.778521938887122561e-11 2.496419653990945415e-11 2.054304251050888975e-11 2.078753788159386508e-11 1.502154632481790419e-11 1.207724917786257765e-11 6.215859716016851641e-12 1.514586001868473559e-11 1.587353677383942641e-11 1.247593014818919160e-11 1.250309730088517531e-11 1.592482098322149689e-11 2.113822597836975791e-11 2.524074013695209243e-11 4.600306397379984973e-11 6.460128860926896193e-11 4.142513465733097892e-11 2.154652855108950375e-11 1.186006332934615088e-11 3.394196157344912299e-12 7.772222710543932044e-13
6.924871763810839462e-11 5.326472297552194668e-11 4.413941463261370910e-11 2.245896764645982796e-11 3.999526668851754604e-11 8.393732351952804359e-12 7.916436201306516802e-12 7.511239734855935409e-12 7.799497402345392019e-12 8.855020757054182123e-12 5.448636699793633188e-12 6.202029590455583722e-13 1.207627209186332178e-11 1.642640042002667411e-11 8.380569915906365360e-12 8.741508635241245204e-12 8.263698516729052533e-12 5.973238166252545492e-12 1.207578497173039668e-11 2.525593554528056926e-11 4.142513465733097892e-11 6.476753720239601882e-11 4.054923885389449874e-11 1.623294131602266299e-11 7.499464347174290566e-12 2.369254425447604834e-12
2.503299743552019995e-11 5.032748587557930360e-11 5.027504098245178980e-11 1.119074551707593486e-11 2.102703430646648563e-11 -1.681754665941540518e-12 1.344476137573390685e-11 1.100085975439902354e-11 7.784577285215276242e-12 8.384966804965476901e-12 1.599565048157869169e-12 -5.868427297073176421e-12 9.017370998843286008e-13 4.651438198435141888e-12 -9.480326511126724946e-13 1.001248429476911400e-12 4.494299153155608773e-13 2.785999783215947215e-13 3.133669141248760142e-12 9.070290633920365480e-12 2.154652855108950375e-11 4.054923885389449874e-11 5.447521211982798546e-11 2.446165885917508568e-11 5.932930504190481767e-12 3.636146136526477286e-12
2.937924608222454842e-11 2.185076909627859408e-11 5.855015903522931414e-11 -4.564040141353384217e-12 7.926041070205596784e-12 7.625965242124328724e-12 1.603468899746339333e-11 1.169263038240093301e-11 9.050327701102845574e-12 5.422184060094184919e-12 3.852183479119846789e-12 8.228611826062151864e-13 2.984722439095113224e-12 7.783092964695564540e-12 8.890370134132916172e-13 3.958886458671748232e-12 3.909643427386809713e-12 3.993870696968991955e-12 5.206182341756587495e-12 8.243571404629665853e-12 1.186006332934615088e-11 1.623294131602266299e-11 2.446165885917508568e-11 3.467857815936109797e-11 9.217051834930290362e-12 2.656318650634092265e-12
3.444159800723798004e-12 6.649590407878499486e-13 6.305281557064806283e-12 1.148352357433629052e-11 1.499373366024696788e-11 9.849032780035630076e-12 6.658544776320324600e-13 4.571742792260315433e-12 9.856335558522257514e-12 6.477214288907359434e-12 3.708524507054718711e-12 -7.471011776117855388e-14 3.304818606323324080e-12 2.133004779402835447e-12 1.288170377490839307e-12 2.582530773566983043e-12 3.296603845460032243e-12 -9.028455358402681431e-13 2.135859691549599630e-13 1.227075342275198962e-12 3.394196157344912299e-12 7.499464347174290566e-12 5.932930504190481767e-12 9.217051834930290362e-12 2.116508961282864598e-11 9.358210568039406710e-12
1.668715396086756906e-12 -2.428060960771806570e-11 6.475405239319360380e-13 9.845633850955274180e-12 1.347061957819307505e-11 1.282605919911741032e-11 1.053384630824294071e-11 1.341974245581953280e-11 7.636025519569211492e-12 4.812135540904183839e-12 5.298785841309970781e-12 1.100445227783255654e-12 7.945353839267590518e-12 3.452258927043381540e-12 9.166072326909656777e-13 3.827205335349407088e-12 2.254048568663160026e-12 -9.003959102301062803e-13 -1.040188070377944663e-13 -1.788273574945509736e-12 7.772222710543932044e-13 2.369254425447604834e-12 3.636146136526477286e-12 2.656318650634092265e-12 9.358210568039406710e-12 2.008147781700899517e-11
