7.086349420594631128e-09 3.103053075104902735e-09 1.797676406227708860e-09 1.155574653637915524e-09 1.245234177056269608e-09 1.029927090725224442e-09 7.322462903435670331e-10 5.268194348632537192e-10 5.279014305655868819e-10 5.956008571353711710e-10 4.727728999826181499e-10 4.157181016895129909e-10 4.630845676366775813e-10 2.854357506842338646e-10 2.146049564547740834e-10 1.718175762537033289e-10 1.276543023929959213e-10 1.336808734090793582e-10 5.262411492987414039e-11 4.627042997006228019e-11 8.711328520349967832e-11 9.545005132006398099e-11 9.575899130888401028e-12 1.606391660202422378e-11 -2.454293197048742950e-11 -2.485250094032913209e-11
3.103053075104902735e-09 5.723904763149603259e-09 2.173320049257567053e-09 1.440181271853751825e-09 1.372940054224957774e-09 9.969260292010577677e-10 7.759664615564386620e-10 6.670348896148730705e-10 5.580603067365189214e-10 5.528563828996465809e-10 3.876065041092718686e-10 3.642196914771919323e-10 3.355714207579142948e-10 1.813097910747975040e-10 1.496002555326906443e-10 1.075227477819190956e-10 8.176117521017738836e-11 1.128385916151908709e-10 8.779167183428608416e-11 6.488965451007467136e-11 8.299738802513719373e-11 1.405509021544643205e-11 3.000711885699478549e-11 1.991885023493139399e-11 -1.609567356427078796e-11 -7.352121565290969256e-12
1.797676406227708860e-09 2.173320049257567053e-09 3.582831662677327708e-09 9.510927681316206854e-10 9.836526719508011600e-10 7.722814320804636779e-10 6.416082126598160187e-10 3.951050073086291641e-10 5.280316675598556366e-10 4.126859115329307780e-10 3.024554457540109903e-10 2.866747814513197113e-10 2.270652818266389455e-10 1.206712075355739985e-10 7.497154416881659009e-11 7.080625891242827987e-11 3.831910893978106977e-11 6.669670192450129555e-11 5.896806245830103095e-11 5.290031218410530332e-11 9.059672674278553262e-11 3.560682337858536213e-11 2.112227496656016258e-11 1.021576391423075257e-11 -1.567430387640859789e-11 -2.997370473169516081e-11
1.155574653637915524e-09 1.440181271853751825e-09 9.510927681316206854e-10 2.034329930418569771e-09 7.573927836543197349e-10 4.970231652277830433e-10 3.433836860069041432e-10 3.008901950828556030e-10 3.037514310439600646e-10 3.038009097381210762e-10 2.018120276059278797e-10 1.904054392697349144e-10 1.752241718940285166e-10 1.044998698499227251e-10 8.523057984401617185e-11 4.890652411671394264e-11 8.520832557310795618e-11 7.116864954823415258e-11 5.760730578570313714e-11 3.481736083999172434e-11 5.927610173940738481e-11 4.775747158473791607e-11 3.471803875012238824e-11 2.743911465196722175e-11 6.458497336631170433e-12 5.004450229917600733e-12
1.245234177056269608e-09 1.372940054224957774e-09 9.836526719508011600e-10 7.573927836543197349e-10 1.595043924801627526e-09 4.537273559384562037e-10 3.155712819919125831e-10 3.078327471590457137e-10 2.738305367997385584e-10 2.627954490532848195e-10 1.787173357865446903e-10 1.893937238183342925e-10 1.097935709788371039e-10 5.061182074433148590e-11 6.270353628037655189e-11 4.395994958928814605e-11 3.209095465394144711e-11 3.213944740285254128e-11 3.049605501641147212e-11 3.328249500064434739e-11 6.802196845638724829e-11 4.394285448797799819e-11 2.599054594692565304e-11 -1.421093809869352532e-12 1.043127876758771577e-11 -4.223682640935843652e-12
1.029927090725224442e-09 9.969260292010577677e-10 7.722814320804636779e-10 4.970231652277830433e-10 4.537273559384562037e-10 1.079957950601762759e-09 3.588719722104344877e-10 2.690003435766587270e-10 2.433063130350286647e-10 2.126000051875876228e-10 1.240985874710364312e-10 1.219614990333983776e-10 1.287584516312265862e-10 6.013784028860953790e-11 4.912952549885879126e-11 3.969488416846458833e-11 2.582346602760912572e-11 2.553177616597871321e-11 9.694991513611492985e-12 2.387597324506996109e-11 4.912370751900498377e-11 2.262087997045619352e-11 1.293862027406230375e-11 5.661298511803497838e-12 -6.849907803691075564e-12 -2.065454269551415723e-11
7.322462903435670331e-10 7.759664615564386620e-10 6.416082126598160187e-10 3.433836860069041432e-10 3.155712819919125831e-10 3.588719722104344877e-10 5.999396277100897551e-10 1.866357851192959406e-10 1.925267057341549608e-10 1.737438770731071480e-10 1.334160006852442334e-10 1.043517333452725602e-10 6.941176085956087297e-11 3.027796928528203845e-11 2.057576392165499612e-11 1.101899398674352471e-11 5.689624693458343939e-12 4.203485222263261195e-12 9.335029103563933461e-12 1.795868433981762644e-11 2.709447634181477096e-11 2.333559058529698525e-12 8.630683715280062210e-12 9.473103800876894517e-12 5.962203433053446739e-12 -5.419034183259383644e-12
5.268194348632537192e-10 6.670348896148730705e-10 3.951050073086291641e-10 3.008901950828556030e-10 3.078327471590457137e-10 2.690003435766587270e-10 1.866357851192959406e-10 4.282493463896234895e-10 1.814480698664175317e-10 1.504123276925007259e-10 8.569851373501108206e-11 8.183088463181859138e-11 5.478076168036299145e-11 3.704834335785027274e-11 3.579056223919747983e-11 2.893031168941481478e-11 2.459044110745989787e-11 1.674100673582640855e-11 5.351598282915892028e-12 6.380355162091975514e-12 1.920010863148931539e-11 1.404913394093022327e-11 3.730211617758994855e-12 3.465774286726822947e-12 2.155632807833327472e-12 -2.418075620614800968e-12
5.279014305655868819e-10 5.580603067365189214e-10 5.280316675598556366e-10 3.037514310439600646e-10 2.738305367997385584e-10 2.433063130350286647e-10 1.925267057341549608e-10 1.814480698664175317e-10 3.886399607892505472e-10 1.738517195262520889e-10 1.154851166510932519e-10 9.772217452808625650e-11 7.927762505247075668e-11 5.232052734799399240e-11 3.315777230420911673e-11 3.874440983748735319e-11 2.745795468131468793e-11 3.617745122581931856e-11 2.850601093630100994e-11 5.431530841961564695e-12 2.345904349008855002e-11 1.889258570580499715e-11 5.323088775390497295e-12 8.488731924836064980e-12 1.224377656797582236e-11 -5.886933946723782453e-12
5.956008571353711710e-10 5.528563828996465809e-10 4.126859115329307780e-10 3.038009097381210762e-10 2.627954490532848195e-10 2.126000051875876228e-10 1.737438770731071480e-10 1.504123276925007259e-10 1.738517195262520889e-10 2.888234016035217633e-10 1.315664109866384421e-10 1.121103018651603135e-10 9.704573632271249374e-11 6.093343091373948584e-11 4.811812477064433678e-11 4.392372209945441801e-11 2.937960658363531596e-11 3.317289729171418572e-11 2.546533751218350809e-11 2.039252859395049471e-11 2.862774429920693959e-11 1.613721569634234356e-11 5.961639096580417491e-12 3.468319142394623791e-12 1.018892014231174824e-11 1.405786126405359661e-12
4.727728999826181499e-10 3.876065041092718686e-10 3.024554457540109903e-10 2.018120276059278797e-10 1.787173357865446903e-10 1.240985874710364312e-10 1.334160006852442334e-10 8.569851373501108206e-11 1.154851166510932519e-10 1.315664109866384421e-10 1.914750074825105949e-10 1.132100566229106698e-10 8.880769534426273088e-11 4.379642273046558505e-11 2.565834921763312742e-11 1.850739017416921912e-11 1.388774370633333387e-11 1.042898024698953190e-11 3.208984061017680475e-12 1.099206114333097160e-12 1.789181373649835497e-11 1.692827736103757732e-11 1.549000049338830328e-11 6.622874945537897840e-12 6.343240070150016696e-12 1.962561262093956093e-12
4.157181016895129909e-10 3.642196914771919323e-10 2.866747814513197113e-10 1.904054392697349144e-10 1.893937238183342925e-10 1.219614990333983776e-10 1.043517333452725602e-10 8.183088463181859138e-11 9.772217452808625650e-11 1.121103018651603135e-10 1.132100566229106698e-10 1.785881580030954491e-10 9.985858651219808323e-11 6.634068067295320619e-11 4.746837511550205709e-11 2.866575863798770137e-11 2.155765199380468487e-11 1.465725177481834842e-11 1.303341551571147486e-11 7.617883311115008185e-12 1.916675161080274838e-11 1.630659878520592414e-11 1.172392062165167461e-11 7.432660229197851626e-12 3.200918268743426243e-12 2.409824818306703973e-12
4.630845676366775813e-10 3.355714207579142948e-10 2.270652818266389455e-10 1.752241718940285166e-10 1.097935709788371039e-10 1.287584516312265862e-10 6.941176085956087297e-11 5.478076168036299145e-11 7.927762505247075668e-11 9.704573632271249374e-11 8.880769534426273088e-11 9.985858651219808323e-11 1.610561660742490833e-10 9.298061210439667131e-11 6.260924284279384639e-11 4.425471922897435266e-11 3.171551200886160728e-11 2.150079355690004112e-11 1.182691454157454057e-11 4.339602179638966453e-12 1.405847777360595229e-11 1.140475806319050887e-11 9.589567587921277798e-12 7.902793254823458124e-12 6.364104107788076172e-12 5.395581675578001212e-13
2.854357506842338646e-10 1.813097910747975040e-10 1.206712075355739985e-10 1.044998698499227251e-10 5.061182074433148590e-11 6.013784028860953790e-11 3.027796928528203845e-11 3.704834335785027274e-11 5.232052734799399240e-11 6.093343091373948584e-11 4.379642273046558505e-11 6.634068067295320619e-11 9.298061210439667131e-11 1.179494941912856677e-10 7.592712047854533081e-11 4.901019793616813798e-11 2.457714558277046198e-11 1.392142447220408876e-11 1.244383813779990684e-11 3.943490711159712144e-13 2.921264946206283184e-12 9.028579032552182952e-12 7.229773788464811234e-12 1.008924382212231430e-11 -2.178333712738046557e-13 -1.451724531125626234e-12
2.146049564547740834e-10 1.496002555326906443e-10 7.497154416881659009e-11 8.523057984401617185e-11 6.270353628037655189e-11 4.912952549885879126e-11 2.057576392165499612e-11 3.579056223919747983e-11 3.315777230420911673e-11 4.811812477064433678e-11 2.565834921763312742e-11 4.746837511550205709e-11 6.260924284279384639e-11 7.592712047854533081e-11 1.071653433024832351e-10 6.764261557914301193e-11 3.494040643493513276e-11 1.950104597756982811e-11 1.652884495709167517e-11 6.889044312288299482e-12 1.046334534936656785e-11 1.085957233550130311e-11 8.318538775332730891e-13 4.206365000705087785e-12 -6.629140325308764903e-12 -3.632594010418855854e-12
1.718175762537033289e-10 1.075227477819190956e-10 7.080625891242827987e-11 4.890652411671394264e-11 4.395994958928814605e-11 3.969488416846458833e-11 1.101899398674352471e-11 2.893031168941481478e-11 3.874440983748735319e-11 4.392372209945441801e-11 1.850739017416921912e-11 2.866575863798770137e-11 4.425471922897435266e-11 4.901019793616813798e-11 6.764261557914301193e-11 9.385771722337731323e-11 5.623808328413036516e-11 3.470539176998590459e-11 2.268349815099284713e-11 9.552101688058880689e-12 1.615737291327397197e-11 1.291103199471804316e-11 -1.168677793629010662e-12 1.684049321250569303e-12 -5.449705433105787578e-12 -5.496411303363902774e-12
1.276543023929959213e-10 8.176117521017738836e-11 3.831910893978106977e-11 8.520832557310795618e-11 3.209095465394144711e-11 2.582346602760912572e-11 5.689624693458343939e-12 2.459044110745989787e-11 2.745795468131468793e-11 2.937960658363531596e-11 1.388774370633333387e-11 2.155765199380468487e-11 3.171551200886160728e-11 2.457714558277046198e-11 3.494040643493513276e-11 5.623808328413036516e-11 7.218437472891382528e-11 4.868700994497090640e-11 2.529347580132194183e-11 9.763279529194578869e-12 1.159167527236291008e-11 8.737864042832525233e-12 -1.748696822374048902e-12 1.457769478575580748e-12 -9.137184187116964124e-13 -2.574977839566255128e-12
1.336808734090793582e-10 1.128385916151908709e-10 6.669670192450129555e-11 7.116864954823415258e-11 3.213944740285254128e-11 2.553177616597871321e-11 4.203485222263261195e-12 1.674100673582640855e-11 3.617745122581931856e-11 3.317289729171418572e-11 1.042898024698953190e-11 1.465725177481834842e-11 2.150079355690004112e-11 1.392142447220408876e-11 1.950104597756982811e-11 3.470539176998590459e-11 4.868700994497090640e-11 7.927614108142451725e-11 5.391751354459878259e-11 2.838181730936414213e-11 1.836019822242095975e-11 1.399602245884389176e-11 2.427123372223820095e-12 4.263340251362108813e-12 5.560374187908008108e-12 -4.647470019419279586e-12
5.262411492987414039e-11 8.779167183428608416e-11 5.896806245830103095e-11 5.760730578570313714e-11 3.049605501641147212e-11 9.694991513611492985e-12 9.335029103563933461e-12 5.351598282915892028e-12 2.850601093630100994e-11 2.546533751218350809e-11 3.208984061017680475e-12 1.303341551571147486e-11 1.182691454157454057e-11 1.244383813779990684e-11 1.652884495709167517e-11 2.268349815099284713e-11 2.529347580132194183e-11 5.391751354459878259e-11 7.959258410257891212e-11 4.740083131538704980e-11 2.433586280096667976e-11 1.520955431558236982e-11 1.026822020101193487e-11 1.016231472700207399e-11 8.533835129915375315e-12 -6.647018280605043986e-12
4.627042997006228019e-11 6.488965451007467136e-11 5.290031218410530332e-11 3.481736083999172434e-11 3.328249500064434739e-11 2.387597324506996109e-11 1.795868433981762644e-11 6.380355162091975514e-12 5.431530841961564695e-12 2.039252859395049471e-11 1.099206114333097160e-12 7.617883311115008185e-12 4.339602179638966453e-12 3.943490711159712144e-13 6.889044312288299482e-12 9.552101688058880689e-12 9.763279529194578869e-12 2.838181730936414213e-11 4.740083131538704980e-11 6.529941587188061436e-11 4.398197825699190828e-11 2.851645304479729393e-11 1.729346083278463489e-11 6.956394121123630878e-12 4.219789048449317860e-12 -7.138320151104174144e-12
8.711328520349967832e-11 8.299738802513719373e-11 9.059672674278553262e-11 5.927610173940738481e-11 6.802196845638724829e-11 4.912370751900498377e-11 2.709447634181477096e-11 1.920010863148931539e-11 2.345904349008855002e-11 2.862774429920693959e-11 1.789181373649835497e-11 1.916675161080274838e-11 1.405847777360595229e-11 2.921264946206283184e-12 1.046334534936656785e-11 1.615737291327397197e-11 1.159167527236291008e-11 1.836019822242095975e-11 2.433586280096667976e-11 4.398197825699190828e-11 7.813162786803735860e-11 5.007387493460241155e-11 2.452611772988371190e-11 3.896329566314896773e-12 2.453618516424065813e-12 -1.039203403964201086e-11
9.545005132006398099e-11 1.405509021544643205e-11 3.560682337858536213e-11 4.775747158473791607e-11 4.394285448797799819e-11 2.262087997045619352e-11 2.333559058529698525e-12 1.404913394093022327e-11 1.889258570580499715e-11 1.613721569634234356e-11 1.692827736103757732e-11 1.630659878520592414e-11 1.140475806319050887e-11 9.028579032552182952e-12 1.085957233550130311e-11 1.291103199471804316e-11 8.737864042832525233e-12 1.399602245884389176e-11 1.520955431558236982e-11 2.851645304479729393e-11 5.007387493460241155e-11 7.233121741260392765e-11 3.429699496769546053e-11 9.206742886730821043e-12 5.091465373135451161e-13 -5.653435042870730796e-12
9.575899130888401028e-12 3.000711885699478549e-11 2.112227496656016258e-11 3.471803875012238824e-11 2.599054594692565304e-11 1.293862027406230375e-11 8.630683715280062210e-12 3.730211617758994855e-12 5.323088775390497295e-12 5.961639096580417491e-12 1.549000049338830328e-11 1.172392062165167461e-11 9.589567587921277798e-12 7.229773788464811234e-12 8.318538775332730891e-13 -1.168677793629010662e-12 -1.748696822374048902e-12 2.427123372223820095e-12 1.026822020101193487e-11 1.729346083278463489e-11 2.452611772988371190e-11 3.429699496769546053e-11 4.566931264024693768e-11 1.758119116568990046e-11 3.020581457322216988e-12 -5.364723334228599726e-12
1.606391660202422378e-11 1.991885023493139399e-11 1.021576391423075257e-11 2.743911465196722175e-11 -1.421093809869352532e-12 5.661298511803497838e-12 9.473103800876894517e-12 3.465774286726822947e-12 8.488731924836064980e-12 3.468319142394623791e-12 6.622874945537897840e-12 7.432660229197851626e-12 7.902793254823458124e-12 1.008924382212231430e-11 4.206365000705087785e-12 1.684049321250569303e-12 1.457769478575580748e-12 4.263340251362108813e-12 1.016231472700207399e-11 6.956394121123630878e-12 3.896329566314896773e-12 9.206742886730821043e-12 1.758119116568990046e-11 3.314301728508114004e-11 7.260796025206417962e-12 -2.278975327345444955e-12
-2.454293197048742950e-11 -1.609567356427078796e-11 -1.567430387640859789e-11 6.458497336631170433e-12 1.043127876758771577e-11 -6.849907803691075564e-12 5.962203433053446739e-12 2.155632807833327472e-12 1.224377656797582236e-11 1.018892014231174824e-11 6.343240070150016696e-12 3.200918268743426243e-12 6.364104107788076172e-12 -2.178333712738046557e-13 -6.629140325308764903e-12 -5.449705433105787578e-12 -9.137184187116964124e-13 5.560374187908008108e-12 8.533835129915375315e-12 4.219789048449317860e-12 2.453618516424065813e-12 5.091465373135451161e-13 3.020581457322216988e-12 7.260796025206417962e-12 2.609810756865038670e-11 6.526150902973926075e-12
-2.485250094032913209e-11 -7.352121565290969256e-12 -2.997370473169516081e-11 5.004450229917600733e-12 -4.223682640935843652e-12 -2.065454269551415723e-11 -5.419034183259383644e-12 -2.418075620614800968e-12 -5.886933946723782453e-12 1.405786126405359661e-12 1.962561262093956093e-12 2.409824818306703973e-12 5.395581675578001212e-13 -1.451724531125626234e-12 -3.632594010418855854e-12 -5.496411303363902774e-12 -2.574977839566255128e-12 -4.647470019419279586e-12 -6.647018280605043986e-12 -7.138320151104174144e-12 -1.039203403964201086e-11 -5.653435042870730796e-12 -5.364723334228599726e-12 -2.278975327345444955e-12 6.526150902973926075e-12 1.885122609726180115e-11
