2.500213096724631694e-09 5.357387045030049644e-12 3.516707621568084860e-11 6.507271088717245366e-12 3.549185897062975562e-11 7.634771043338078785e-13 -4.866061756383937072e-11 -1.065861989902855878e-11 -2.017826233010130949e-11 2.347238092032701875e-12 -3.898654928290485954e-11 -4.223863175206437899e-11 -1.050097674416968298e-11 -1.920345874482053461e-11 -2.104589093215247226e-11 -1.807366659958567190e-11 1.203609761240476943e-11 7.633811431167249608e-12 2.176632067011157268e-12 2.046802708994552264e-11 2.664808920605290559e-11 1.017965989557297763e-11 1.097583525254084267e-12 -3.018484444174442830e-12 -2.512785154674169709e-12 -4.261490123983782689e-12
5.357387045030049644e-12 1.610875203367673383e-09 7.822516111836293068e-11 -2.757880963927835581e-11 3.880413499220712522e-11 5.672956308504840410e-11 -1.653249738711764807e-11 1.494071201032625095e-11 3.090435839061349377e-12 1.360398525350295981e-11 3.587327982165399817e-12 1.252450891110100625e-12 7.308524317364278514e-12 -1.330304784329036356e-11 1.717064074985221625e-11 2.478898982785507535e-11 1.103441701932107476e-11 2.408829354313168650e-11 9.230151460231717119e-12 1.003986278564603176e-11 -1.859805147764511281e-13 -3.967927292942239037e-12 3.628954690543624070e-12 1.286677497640864674e-11 8.604624444317452043e-12 -1.957206402975422220e-12
3.516707621568084860e-11 7.822516111836293068e-11 9.605833487422032626e-10 8.876188700758504854e-12 3.896282632262154816e-11 2.942491240049237184e-11 7.598175617095916674e-11 4.767519944597307469e-11 2.519925366039713824e-11 7.270012837519147192e-12 6.340699944949364633e-13 1.170037828568167737e-11 -1.364624576518282452e-12 3.399193074078752570e-12 -1.107142695335808194e-11 -1.596165420565175430e-11 -1.939615719282308739e-11 -1.149828851078356410e-11 -5.982645799127861392e-13 6.007497600185274348e-13 1.130707413328725575e-12 1.088030019107514736e-13 3.325337609909073907e-12 7.447250432086458773e-12 2.138763179991442361e-12 -1.265373508167566717e-12
6.507271088717245366e-12 -2.757880963927835581e-11 8.876188700758504854e-12 6.097876346934150509e-10 4.660559403862968743e-11 -3.624366066055188490e-11 5.982725743580796390e-12 -3.714849085288839540e-12 -1.754769771012587566e-11 -7.931666666136968518e-12 2.456230792173463727e-11 1.247153645808744013e-11 4.651181738761446165e-12 -9.250865116382034696e-13 -1.606154454432027301e-11 -3.604762760707196750e-12 -6.846788160967209586e-12 3.096120993632537028e-12 7.141730649456766576e-12 -1.376770546068995708e-12 3.876553960269041726e-12 4.856980346450946816e-13 -2.651400030016588898e-12 -8.213445171961906920e-13 -1.012131584642302179e-12 4.553549918414510279e-12
3.549185897062975562e-11 3.880413499220712522e-11 3.896282632262154816e-11 4.660559403862968743e-11 4.651619138600515668e-10 7.882126266729013875e-11 3.891708491498733050e-11 -8.719924872251852210e-13 3.500374227334470471e-12 1.794556455168522573e-11 -3.722002342886470730e-12 -8.635705450467259670e-12 -5.955583405249015434e-12 -1.459175533661075555e-11 -9.981589219019357790e-12 6.702501679970486218e-12 2.352271649806091755e-12 3.875480262504144094e-12 1.943815656541442435e-12 -1.061841974892546993e-11 -4.189931160942568312e-12 -1.226536783361237657e-12 1.330902191295883125e-12 -3.154058195104201251e-12 -4.746800821576422634e-12 1.348027243732349142e-13
7.634771043338078785e-13 5.672956308504840410e-11 2.942491240049237184e-11 -3.624366066055188490e-11 7.882126266729013875e-11 3.454467995237437775e-10 3.394679342232417023e-11 9.537479181750783948e-12 -6.658372531233162430e-12 2.116849504216466765e-13 -1.394400563964947889e-11 -1.244868545693336826e-11 -1.959522716082786679e-12 -3.918718190307997725e-12 5.368994446399811364e-12 3.397873132834808109e-12 -4.188690057257351121e-12 2.352666324847313899e-13 6.125866612795541466e-12 6.136374782987365616e-13 -5.388968762947327982e-14 -1.357000108784728616e-12 1.391031128595778381e-12 -2.786586456012647145e-12 -2.813725164552747445e-13 1.104141201198869722e-12
-4.866061756383937072e-11 -1.653249738711764807e-11 7.598175617095916674e-11 5.982725743580796390e-12 3.891708491498733050e-11 3.394679342232417023e-11 1.693255146391325841e-10 2.751222885091482898e-11 1.004182862193528437e-11 1.279897071173596334e-11 1.502503915652622600e-13 5.054159167526935178e-12 -1.360871798433489824e-12 -3.114438673690823757e-12 -5.032126856545712917e-12 -1.071772192669696304e-12 -4.608223282609462455e-12 1.672077396655162103e-12 1.086123977792817913e-12 -4.386370996715639181e-12 -2.248946504135551696e-12 -1.560750060660218470e-12 -3.007246217363077589e-12 9.142774118084882550e-13 -9.042215780698603751e-13 1.163040719552710194e-12
-1.065861989902855878e-11 1.494071201032625095e-11 4.767519944597307469e-11 -3.714849085288839540e-12 -8.719924872251852210e-13 9.537479181750783948e-12 2.751222885091482898e-11 1.340979662905585216e-10 2.174992287194086064e-11 1.310182961057677064e-11 4.066109200898540158e-12 1.742873992604181486e-11 1.321860870092982413e-11 1.962946563218955527e-12 2.765416425961937241e-12 4.992141339172573069e-12 6.441011698987589100e-13 -4.771127622159910435e-13 2.787871365120503630e-12 6.564346072464111578e-12 3.778723258184002333e-12 3.117809370445302080e-12 -9.073111191028411380e-13 5.634618097454613380e-13 1.980641353869009433e-13 4.678066318628858807e-13
-2.017826233010130949e-11 3.090435839061349377e-12 2.519925366039713824e-11 -1.754769771012587566e-11 3.500374227334470471e-12 -6.658372531233162430e-12 1.004182862193528437e-11 2.174992287194086064e-11 1.233305504802925189e-10 2.615982124571490576e-11 1.028363628413419711e-11 1.116214371439537255e-11 4.074827219981817462e-12 -3.059505532470571032e-12 4.374450115316025596e-12 4.308942975517530433e-12 -5.510165919636179031e-13 1.137084014625031165e-12 4.575371910792645108e-13 3.445201211574725980e-12 3.245056174949024310e-12 6.207969378704941049e-13 2.147801403682633731e-12 2.150838062853289571e-12 1.015197271260727818e-12 6.427877882169097887e-13
2.347238092032701875e-12 1.360398525350295981e-11 7.270012837519147192e-12 -7.931666666136968518e-12 1.794556455168522573e-11 2.116849504216466765e-13 1.279897071173596334e-11 1.310182961057677064e-11 2.615982124571490576e-11 6.512374143139673728e-11 1.842226612442401875e-11 1.015623387941612024e-11 3.063529876152969313e-12 2.992037502692203911e-12 2.878074030493540279e-12 7.620170592254038634e-14 3.503793456944482175e-13 4.800851324060185745e-13 -1.603691778712166284e-12 2.890213856766240841e-13 2.452269188610554541e-12 5.641283924434941952e-13 1.611315105794010474e-12 4.847762382755213347e-13 5.636110362336572164e-13 1.484764755924935736e-12
-3.898654928290485954e-11 3.587327982165399817e-12 6.340699944949364633e-13 2.456230792173463727e-11 -3.722002342886470730e-12 -1.394400563964947889e-11 1.502503915652622600e-13 4.066109200898540158e-12 1.028363628413419711e-11 1.842226612442401875e-11 6.601502387032296509e-11 2.496767335649285233e-11 9.341730994210554200e-12 1.646624998306279805e-12 4.895683916376647204e-12 4.254493647100396785e-12 3.641824743100364374e-12 4.238580695087466733e-12 1.514548257727419948e-12 1.532463320679173013e-12 5.406915068605822912e-12 1.218376310322463997e-12 2.258234643550583452e-12 1.375389052043225895e-12 -1.909038020610700762e-12 -3.502314618710761617e-13
-4.223863175206437899e-11 1.252450891110100625e-12 1.170037828568167737e-11 1.247153645808744013e-11 -8.635705450467259670e-12 -1.244868545693336826e-11 5.054159167526935178e-12 1.742873992604181486e-11 1.116214371439537255e-11 1.015623387941612024e-11 2.496767335649285233e-11 5.636129986183739288e-11 1.871954449381491509e-11 1.058660897460716239e-11 5.605052569915448511e-12 6.706687783251097832e-12 2.454053812945069425e-12 2.826375876593879662e-12 2.572175364139187530e-13 -1.958279082710160065e-12 2.483220885159371795e-12 1.283376343879196726e-12 9.510266805944443602e-13 2.116060952638299761e-14 -2.212556859260312670e-13 1.487692243162956551e-13
-1.050097674416968298e-11 7.308524317364278514e-12 -1.364624576518282452e-12 4.651181738761446165e-12 -5.955583405249015434e-12 -1.959522716082786679e-12 -1.360871798433489824e-12 1.321860870092982413e-11 4.074827219981817462e-12 3.063529876152969313e-12 9.341730994210554200e-12 1.871954449381491509e-11 4.125064476178866661e-11 1.735076586286628190e-11 7.432616084806629296e-12 3.777674684424398975e-12 -9.434933439560946832e-14 3.882594577113758005e-13 1.242702878673685593e-12 2.088787969747444783e-12 4.887291757893829892e-12 2.401258328749556050e-12 5.764381766116984885e-13 -4.437805421571166002e-14 -4.448166501583548544e-13 8.444470913708682517e-13
-1.920345874482053461e-11 -1.330304784329036356e-11 3.399193074078752570e-12 -9.250865116382034696e-13 -1.459175533661075555e-11 -3.918718190307997725e-12 -3.114438673690823757e-12 1.962946563218955527e-12 -3.059505532470571032e-12 2.992037502692203911e-12 1.646624998306279805e-12 1.058660897460716239e-11 1.735076586286628190e-11 2.888403611344318255e-11 1.139503468992287426e-11 9.342711332005580661e-12 5.796401068090611673e-12 2.627873883896025782e-12 1.433545020997571739e-12 1.843810807896203981e-12 2.237217065151386851e-12 9.004886283813752491e-13 -4.636132181082286307e-13 -3.509742222167687558e-13 4.138446784682668842e-13 7.758403850657418292e-13
-2.104589093215247226e-11 1.717064074985221625e-11 -1.107142695335808194e-11 -1.606154454432027301e-11 -9.981589219019357790e-12 5.368994446399811364e-12 -5.032126856545712917e-12 2.765416425961937241e-12 4.374450115316025596e-12 2.878074030493540279e-12 4.895683916376647204e-12 5.605052569915448511e-12 7.432616084806629296e-12 1.139503468992287426e-11 2.878676171724899676e-11 1.653004532751928474e-11 6.655609896361975750e-12 2.305578934085787939e-12 1.033421939892215581e-12 8.897543027539737306e-13 2.414083430100426461e-12 1.860151278922053281e-12 -1.873023108596054163e-13 -6.177780279638030688e-13 2.485619686162657649e-13 -2.851549185729162654e-13
-1.807366659958567190e-11 2.478898982785507535e-11 -1.596165420565175430e-11 -3.604762760707196750e-12 6.702501679970486218e-12 3.397873132834808109e-12 -1.071772192669696304e-12 4.992141339172573069e-12 4.308942975517530433e-12 7.620170592254038634e-14 4.254493647100396785e-12 6.706687783251097832e-12 3.777674684424398975e-12 9.342711332005580661e-12 1.653004532751928474e-11 2.610989286329803539e-11 1.420872480092658366e-11 6.826413864930903277e-12 2.625004851779576292e-13 1.198845759185184023e-12 1.136809943696726264e-12 8.760827895057468148e-13 -8.981808891085935835e-13 -6.403873223872299076e-13 7.411693973263123640e-13 1.252769267442924430e-13
1.203609761240476943e-11 1.103441701932107476e-11 -1.939615719282308739e-11 -6.846788160967209586e-12 2.352271649806091755e-12 -4.188690057257351121e-12 -4.608223282609462455e-12 6.441011698987589100e-13 -5.510165919636179031e-13 3.503793456944482175e-13 3.641824743100364374e-12 2.454053812945069425e-12 -9.434933439560946832e-14 5.796401068090611673e-12 6.655609896361975750e-12 1.420872480092658366e-11 2.197686204392628831e-11 1.011513254332942590e-11 1.044377285158019332e-12 1.839861345282717173e-12 1.478656305749970704e-12 1.235367162674241672e-12 -3.069071385644844782e-13 -9.068804370248266617e-13 -1.457314609598571877e-13 3.150164764786781295e-13
7.633811431167249608e-12 2.408829354313168650e-11 -1.149828851078356410e-11 3.096120993632537028e-12 3.875480262504144094e-12 2.352666324847313899e-13 1.672077396655162103e-12 -4.771127622159910435e-13 1.137084014625031165e-12 4.800851324060185745e-13 4.238580695087466733e-12 2.826375876593879662e-12 3.882594577113758005e-13 2.627873883896025782e-12 2.305578934085787939e-12 6.826413864930903277e-12 1.011513254332942590e-11 1.741074924660508504e-11 5.497119138047071946e-12 2.037860427815418474e-12 8.068163610849770124e-13 -7.819590079076843506e-13 -6.914253871195274895e-13 -9.244389974948101321e-14 4.311564353691117227e-13 -1.461601622632400077e-14
2.176632067011157268e-12 9.230151460231717119e-12 -5.982645799127861392e-13 7.141730649456766576e-12 1.943815656541442435e-12 6.125866612795541466e-12 1.086123977792817913e-12 2.787871365120503630e-12 4.575371910792645108e-13 -1.603691778712166284e-12 1.514548257727419948e-12 2.572175364139187530e-13 1.242702878673685593e-12 1.433545020997571739e-12 1.033421939892215581e-12 2.625004851779576292e-13 1.044377285158019332e-12 5.497119138047071946e-12 1.270716118179693746e-11 4.541099807064781987e-12 1.340422954265259231e-12 -1.200847185378725530e-13 -3.911983317657406346e-13 -6.843605392650041610e-14 1.057078759329933996e-13 -3.202847624733908226e-13
2.046802708994552264e-11 1.003986278564603176e-11 6.007497600185274348e-13 -1.376770546068995708e-12 -1.061841974892546993e-11 6.136374782987365616e-13 -4.386370996715639181e-12 6.564346072464111578e-12 3.445201211574725980e-12 2.890213856766240841e-13 1.532463320679173013e-12 -1.958279082710160065e-12 2.088787969747444783e-12 1.843810807896203981e-12 8.897543027539737306e-13 1.198845759185184023e-12 1.839861345282717173e-12 2.037860427815418474e-12 4.541099807064781987e-12 1.130028718583923994e-11 5.481334757729121467e-12 1.543845864321253764e-12 7.816639068837435949e-13 2.380804929586170255e-13 2.966992599414040631e-13 1.165283678828599366e-13
2.664808920605290559e-11 -1.859805147764511281e-13 1.130707413328725575e-12 3.876553960269041726e-12 -4.189931160942568312e-12 -5.388968762947327982e-14 -2.248946504135551696e-12 3.778723258184002333e-12 3.245056174949024310e-12 2.452269188610554541e-12 5.406915068605822912e-12 2.483220885159371795e-12 4.887291757893829892e-12 2.237217065151386851e-12 2.414083430100426461e-12 1.136809943696726264e-12 1.478656305749970704e-12 8.068163610849770124e-13 1.340422954265259231e-12 5.481334757729121467e-12 1.199063344111079820e-11 4.496761976442852440e-12 1.176197602278822815e-12 9.168488240868606646e-13 -3.524310925380143698e-13 -1.766652695138453193e-13
1.017965989557297763e-11 -3.967927292942239037e-12 1.088030019107514736e-13 4.856980346450946816e-13 -1.226536783361237657e-12 -1.357000108784728616e-12 -1.560750060660218470e-12 3.117809370445302080e-12 6.207969378704941049e-13 5.641283924434941952e-13 1.218376310322463997e-12 1.283376343879196726e-12 2.401258328749556050e-12 9.004886283813752491e-13 1.860151278922053281e-12 8.760827895057468148e-13 1.235367162674241672e-12 -7.819590079076843506e-13 -1.200847185378725530e-13 1.543845864321253764e-12 4.496761976442852440e-12 7.448276424369270139e-12 1.461016308304835445e-12 7.939154587803254162e-13 -3.345720383703363497e-13 5.567995798840915290e-13
1.097583525254084267e-12 3.628954690543624070e-12 3.325337609909073907e-12 -2.651400030016588898e-12 1.330902191295883125e-12 1.391031128595778381e-12 -3.007246217363077589e-12 -9.073111191028411380e-13 2.147801403682633731e-12 1.611315105794010474e-12 2.258234643550583452e-12 9.510266805944443602e-13 5.764381766116984885e-13 -4.636132181082286307e-13 -1.873023108596054163e-13 -8.981808891085935835e-13 -3.069071385644844782e-13 -6.914253871195274895e-13 -3.911983317657406346e-13 7.816639068837435949e-13 1.176197602278822815e-12 1.461016308304835445e-12 5.652529704361062773e-12 1.524997786812221939e-12 -3.192079208620336040e-13 -3.525727219469068422e-13
-3.018484444174442830e-12 1.286677497640864674e-11 7.447250432086458773e-12 -8.213445171961906920e-13 -3.154058195104201251e-12 -2.786586456012647145e-12 9.142774118084882550e-13 5.634618097454613380e-13 2.150838062853289571e-12 4.847762382755213347e-13 1.375389052043225895e-12 2.116060952638299761e-14 -4.437805421571166002e-14 -3.509742222167687558e-13 -6.177780279638030688e-13 -6.403873223872299076e-13 -9.068804370248266617e-13 -9.244389974948101321e-14 -6.843605392650041610e-14 2.380804929586170255e-13 9.168488240868606646e-13 7.939154587803254162e-13 1.524997786812221939e-12 3.915732645625216054e-12 6.899886991773497241e-13 -4.955113081859687762e-14
-2.512785154674169709e-12 8.604624444317452043e-12 2.138763179991442361e-12 -1.012131584642302179e-12 -4.746800821576422634e-12 -2.813725164552747445e-13 -9.042215780698603751e-13 1.980641353869009433e-13 1.015197271260727818e-12 5.636110362336572164e-13 -1.909038020610700762e-12 -2.212556859260312670e-13 -4.448166501583548544e-13 4.138446784682668842e-13 2.485619686162657649e-13 7.411693973263123640e-13 -1.457314609598571877e-13 4.311564353691117227e-13 1.057078759329933996e-13 2.966992599414040631e-13 -3.524310925380143698e-13 -3.345720383703363497e-13 -3.192079208620336040e-13 6.899886991773497241e-13 3.189852640852933893e-12 5.709455505282185980e-13
-4.261490123983782689e-12 -1.957206402975422220e-12 -1.265373508167566717e-12 4.553549918414510279e-12 1.348027243732349142e-13 1.104141201198869722e-12 1.163040719552710194e-12 4.678066318628858807e-13 6.427877882169097887e-13 1.484764755924935736e-12 -3.502314618710761617e-13 1.487692243162956551e-13 8.444470913708682517e-13 7.758403850657418292e-13 -2.851549185729162654e-13 1.252769267442924430e-13 3.150164764786781295e-13 -1.461601622632400077e-14 -3.202847624733908226e-13 1.165283678828599366e-13 -1.766652695138453193e-13 5.567995798840915290e-13 -3.525727219469068422e-13 -4.955113081859687762e-14 5.709455505282185980e-13 2.926491815004357381e-12
