3.017562397495494812e-09 3.438912030771274488e-10 6.933674428417740583e-11 3.554460739393057564e-12 8.159088572292191496e-11 7.071361192699865974e-11 -4.471520833295753637e-11 1.175907097343554577e-10 2.647176974781757509e-12 4.484587967165778902e-11 -2.027604869789911016e-11 4.463750953806888926e-13 -3.544376532933108928e-11 -5.672057682059083654e-12 -2.247467658364360135e-11 7.720309731274774518e-12 -1.847024245474778212e-11 1.175583738434361432e-11 3.150256600973233167e-11 5.153472803440824418e-12 1.594465506777946129e-11 -4.307606367541939655e-12 -6.395827347791496736e-13 4.916985035913247054e-12 3.896109841793098432e-12 4.331776455288950747e-12
3.438912030771274488e-10 2.062804063206591538e-09 1.574739964664187969e-10 -5.380935484345598545e-12 -1.152853079487165106e-10 1.815239842079706701e-11 2.348328891297074894e-11 8.193789601903883223e-11 -1.211072952894764290e-11 -2.035155178720794130e-12 -8.022413348211589328e-12 2.909139493012053689e-12 -8.911655961762019697e-12 -2.884251090520450588e-12 -5.614063240346459211e-12 9.531697248335281947e-12 -1.708816994472708978e-11 1.087890856476247319e-11 -9.785577014923591418e-13 -4.642582955109220278e-12 -9.755279209428627050e-12 -4.620363858300058014e-12 -2.309839913164415995e-12 -3.409233514824748715e-12 -6.504089317787619197e-13 -5.780754794965870401e-12
6.933674428417740583e-11 1.574739964664187969e-10 1.222279541760416802e-09 6.553214107955708795e-11 3.109966890088502577e-11 7.603200617328247283e-12 -2.630918171496033379e-11 2.813213613420859010e-11 -3.004865940807207167e-11 3.838694839685204019e-11 4.097503228411518728e-11 2.021195156170072281e-11 1.696310645464917547e-11 3.252324948602002211e-12 -1.381725999222646562e-11 -1.281591095905756693e-11 -8.138917744657645261e-12 -3.165730031470355886e-12 2.597861855532828008e-12 -1.537122076325530399e-11 -2.169196942403098071e-11 -1.429274600937675481e-11 -1.572229874300410366e-12 7.070254041174261557e-12 5.875692493300783578e-12 1.227647465991542607e-11
3.554460739393057564e-12 -5.380935484345598545e-12 6.553214107955708795e-11 9.170369258991584794e-10 4.229700831616623730e-11 -3.481712862750657850e-11 3.559697368980991644e-11 6.251153078952050291e-12 2.135674040860882726e-11 1.608034822768024373e-11 -5.735506900732032518e-12 -2.171606273651095637e-11 -1.245141617601174254e-11 -5.263802051210196558e-12 5.199082248618579481e-13 -3.791196820889432601e-12 -2.560834588737994055e-12 -4.647146856409122052e-13 1.880924918913874495e-12 -8.532193826207752361e-12 -3.935332296080688273e-12 2.098841301416974035e-12 7.351829490345191815e-12 1.063585153942556968e-11 2.800391537032130333e-13 1.002780230347755237e-11
8.159088572292191496e-11 -1.152853079487165106e-10 3.109966890088502577e-11 4.229700831616623730e-11 6.042519817756088293e-10 6.625424304793524972e-11 -8.250085697097673626e-12 2.964910592701297870e-11 1.399921792603492271e-11 -5.667983318985346561e-12 -1.729923537583158780e-11 1.341274309991068936e-11 -4.956615396334446159e-12 5.218617987957830617e-12 -6.607136406701213899e-12 1.024544710323713303e-11 -1.666956613605955485e-12 -1.002190610874690489e-11 -1.339022786306433626e-11 -6.201177609582338769e-12 5.794542362663922132e-12 5.537861107595628608e-12 4.081663009529675523e-12 -3.464765008485986056e-12 -3.078371335808759670e-12 4.508256499872128718e-12
7.071361192699865974e-11 1.815239842079706701e-11 7.603200617328247283e-12 -3.481712862750657850e-11 6.625424304793524972e-11 4.049586685941569548e-10 6.803437490409389641e-11 5.333519838862040589e-11 1.293532628066197722e-11 -9.686185646523176376e-13 -4.684303340834646213e-12 1.607365147011022310e-11 -4.978727102245148798e-12 7.929618729755877923e-13 1.660908019600800199e-12 1.276908401370186460e-12 -5.898950012634991624e-12 -4.830844137012653302e-12 2.909992668276127623e-12 -1.590056123618316538e-12 -2.925903074751547782e-12 -7.485621607428481637e-12 -8.880528111871192532e-12 -4.551401378930896526e-12 -3.064770671516854382e-12 -3.823878760687962875e-12
-4.471520833295753637e-11 2.348328891297074894e-11 -2.630918171496033379e-11 3.559697368980991644e-11 -8.250085697097673626e-12 6.803437490409389641e-11 2.778745323641582495e-10 2.018964966535900228e-11 2.876745698777294917e-11 1.050858325836885515e-11 -1.400527861507555596e-12 1.953359209726898826e-12 -9.778558210357288856e-12 -2.316623133388796914e-12 6.514248073754291175e-12 8.711736842994340007e-12 -3.020367304984333533e-12 1.184858807839960367e-13 5.675598555730022821e-12 1.470298352416305603e-12 3.165213850380505304e-12 3.444526546501182209e-13 -2.400403401942230271e-12 -5.217075412799874982e-13 -3.735360229789180339e-13 2.446690850552641098e-12
1.175907097343554577e-10 8.193789601903883223e-11 2.813213613420859010e-11 6.251153078952050291e-12 2.964910592701297870e-11 5.333519838862040589e-11 2.018964966535900228e-11 1.700459018059594773e-10 3.220937024720140994e-11 2.722785629777422756e-11 2.179010824027525692e-12 1.766281900210152897e-11 -1.351917401964932076e-12 5.439047352713985666e-12 2.759538602319241744e-12 4.831167876922672975e-12 -3.087862501300866682e-12 -1.114355146248514725e-12 -1.805184732116642836e-12 -4.199224396523849074e-12 1.306002275177070359e-12 2.892270802575039183e-14 -3.448408287453769637e-12 -1.061769149067336030e-12 1.740555454606439085e-13 2.139883459724194663e-12
2.647176974781757509e-12 -1.211072952894764290e-11 -3.004865940807207167e-11 2.135674040860882726e-11 1.399921792603492271e-11 1.293532628066197722e-11 2.876745698777294917e-11 3.220937024720140994e-11 1.128757792224732389e-10 1.876282787769642131e-11 6.385809501026232603e-12 5.472054350214835103e-12 -2.023803092347461037e-12 2.471979572466292764e-12 -1.637591459873784888e-12 4.469157437863380733e-12 -2.704667232015521672e-13 2.562722342934589898e-12 1.567643584151287551e-12 1.751020731594548557e-12 -6.717717901699138409e-13 -6.869556422553459170e-14 2.578314004955712290e-13 1.675411510816521393e-13 -1.882939639290092754e-13 6.662831392784962338e-13
4.484587967165778902e-11 -2.035155178720794130e-12 3.838694839685204019e-11 1.608034822768024373e-11 -5.667983318985346561e-12 -9.686185646523176376e-13 1.050858325836885515e-11 2.722785629777422756e-11 1.876282787769642131e-11 8.218481718056817959e-11 1.838886845511839501e-11 1.173373293854529417e-11 2.601956136709014743e-12 4.437728058603927219e-12 2.392777696273273170e-12 1.081996353226895130e-12 -1.655461489128276507e-12 -3.893544244189200405e-12 -1.743177649896639084e-12 -2.193590080199181327e-12 -2.824347948514868906e-12 -2.384863933339897713e-12 -3.076749097268291438e-12 -1.163688842331148365e-12 -2.480792977075511141e-13 -7.237314179774664183e-13
-2.027604869789911016e-11 -8.022413348211589328e-12 4.097503228411518728e-11 -5.735506900732032518e-12 -1.729923537583158780e-11 -4.684303340834646213e-12 -1.400527861507555596e-12 2.179010824027525692e-12 6.385809501026232603e-12 1.838886845511839501e-11 7.221280391855881330e-11 1.147676439899088345e-11 6.082609589784679550e-12 5.521084434001062637e-12 4.343836335588634105e-12 3.362253644592485089e-12 6.967222058936216178e-13 2.419056579345026717e-12 6.220689312013842396e-13 -1.389672840743034189e-12 -3.769645917912815333e-12 -2.320653062532812941e-12 -1.932840547646664681e-12 7.316662217351526486e-14 5.060410098311080255e-13 8.793074561957817663e-13
4.463750953806888926e-13 2.909139493012053689e-12 2.021195156170072281e-11 -2.171606273651095637e-11 1.341274309991068936e-11 1.607365147011022310e-11 1.953359209726898826e-12 1.766281900210152897e-11 5.472054350214835103e-12 1.173373293854529417e-11 1.147676439899088345e-11 4.844401469959658504e-11 1.155143271167038564e-11 6.296878230249327253e-12 3.816587391000316649e-12 5.137798098611103866e-12 2.934308101080310763e-12 4.809434323458586600e-12 3.488508823543082278e-12 -5.126520606296152071e-13 -1.191300968617867527e-12 -1.754166240258822670e-12 -2.637896764243832085e-12 -1.672792455958527874e-12 7.144605451633141635e-14 2.528146756581882625e-13
-3.544376532933108928e-11 -8.911655961762019697e-12 1.696310645464917547e-11 -1.245141617601174254e-11 -4.956615396334446159e-12 -4.978727102245148798e-12 -9.778558210357288856e-12 -1.351917401964932076e-12 -2.023803092347461037e-12 2.601956136709014743e-12 6.082609589784679550e-12 1.155143271167038564e-11 3.777601979469304901e-11 1.518936907233264282e-11 6.576153626144113649e-12 7.499641334163361925e-12 3.223723910437459632e-12 3.399666963375010126e-12 -9.506671792032193403e-13 -1.530001766554250028e-12 -1.357845371209956046e-12 -2.182712887164799745e-12 -2.184960068240658137e-12 -8.965893316916404705e-13 -1.540455101099429491e-13 1.244961636733217521e-13
-5.672057682059083654e-12 -2.884251090520450588e-12 3.252324948602002211e-12 -5.263802051210196558e-12 5.218617987957830617e-12 7.929618729755877923e-13 -2.316623133388796914e-12 5.439047352713985666e-12 2.471979572466292764e-12 4.437728058603927219e-12 5.521084434001062637e-12 6.296878230249327253e-12 1.518936907233264282e-11 3.099475563236494697e-11 1.462433551258403002e-11 7.140547424405484968e-12 1.880385088596165995e-12 1.846988795424585447e-12 1.652394107814304953e-13 -6.255006124673643933e-13 -8.089456958696906482e-13 -2.442609600247501083e-12 -1.668417148715411575e-12 4.052430767837645603e-13 4.928789292352630867e-13 -7.095170438392989281e-14
-2.247467658364360135e-11 -5.614063240346459211e-12 -1.381725999222646562e-11 5.199082248618579481e-13 -6.607136406701213899e-12 1.660908019600800199e-12 6.514248073754291175e-12 2.759538602319241744e-12 -1.637591459873784888e-12 2.392777696273273170e-12 4.343836335588634105e-12 3.816587391000316649e-12 6.576153626144113649e-12 1.462433551258403002e-11 2.685403228937438777e-11 7.721347803213571995e-12 3.753350486600014402e-12 2.840081212535616471e-12 1.044690373431559413e-12 -2.984557463412330366e-14 4.689788877429361917e-13 -8.783364139325849551e-13 -5.959173282386915139e-13 -8.255840056150866686e-13 8.740932225077559155e-13 3.784818353923249492e-14
7.720309731274774518e-12 9.531697248335281947e-12 -1.281591095905756693e-11 -3.791196820889432601e-12 1.024544710323713303e-11 1.276908401370186460e-12 8.711736842994340007e-12 4.831167876922672975e-12 4.469157437863380733e-12 1.081996353226895130e-12 3.362253644592485089e-12 5.137798098611103866e-12 7.499641334163361925e-12 7.140547424405484968e-12 7.721347803213571995e-12 2.122807216835633097e-11 7.663093725145419750e-12 4.547598964720002046e-12 1.824929211103656855e-12 2.292434262559211868e-12 1.332715896537644156e-12 -1.522181378142354254e-13 5.639115220732919519e-13 4.423587340417464015e-13 1.171647167545805915e-12 2.196357469008594521e-14
-1.847024245474778212e-11 -1.708816994472708978e-11 -8.138917744657645261e-12 -2.560834588737994055e-12 -1.666956613605955485e-12 -5.898950012634991624e-12 -3.020367304984333533e-12 -3.087862501300866682e-12 -2.704667232015521672e-13 -1.655461489128276507e-12 6.967222058936216178e-13 2.934308101080310763e-12 3.223723910437459632e-12 1.880385088596165995e-12 3.753350486600014402e-12 7.663093725145419750e-12 1.784439745088244371e-11 7.498905616540907644e-12 2.842073526009617398e-12 2.112086551633425405e-12 8.117930268225285448e-13 3.919094736301686028e-13 7.595121793871186886e-13 -7.966375077875556391e-14 6.011668177680614209e-13 -5.562132275575962240e-14
1.175583738434361432e-11 1.087890856476247319e-11 -3.165730031470355886e-12 -4.647146856409122052e-13 -1.002190610874690489e-11 -4.830844137012653302e-12 1.184858807839960367e-13 -1.114355146248514725e-12 2.562722342934589898e-12 -3.893544244189200405e-12 2.419056579345026717e-12 4.809434323458586600e-12 3.399666963375010126e-12 1.846988795424585447e-12 2.840081212535616471e-12 4.547598964720002046e-12 7.498905616540907644e-12 1.771579036451259565e-11 9.447140045942201387e-12 4.066261938061170546e-12 2.121199503551153419e-12 6.297784336249403211e-13 -8.323706592697103623e-14 -8.897235020246005781e-14 1.949906460376014349e-13 -1.250070741966234455e-12
3.150256600973233167e-11 -9.785577014923591418e-13 2.597861855532828008e-12 1.880924918913874495e-12 -1.339022786306433626e-11 2.909992668276127623e-12 5.675598555730022821e-12 -1.805184732116642836e-12 1.567643584151287551e-12 -1.743177649896639084e-12 6.220689312013842396e-13 3.488508823543082278e-12 -9.506671792032193403e-13 1.652394107814304953e-13 1.044690373431559413e-12 1.824929211103656855e-12 2.842073526009617398e-12 9.447140045942201387e-12 1.618621301341038060e-11 6.257634088005209648e-12 1.933881381630658203e-12 1.633868327200668204e-13 -1.002898180108290279e-12 -3.466692382410544603e-13 -6.566679460811726730e-14 -9.552324187737022211e-13
5.153472803440824418e-12 -4.642582955109220278e-12 -1.537122076325530399e-11 -8.532193826207752361e-12 -6.201177609582338769e-12 -1.590056123618316538e-12 1.470298352416305603e-12 -4.199224396523849074e-12 1.751020731594548557e-12 -2.193590080199181327e-12 -1.389672840743034189e-12 -5.126520606296152071e-13 -1.530001766554250028e-12 -6.255006124673643933e-13 -2.984557463412330366e-14 2.292434262559211868e-12 2.112086551633425405e-12 4.066261938061170546e-12 6.257634088005209648e-12 1.313481827321065100e-11 6.304678146730938894e-12 2.306897605525497045e-12 5.121407215836970074e-13 -2.339109654604219683e-13 4.413243505268276855e-13 -4.169001519494424156e-13
1.594465506777946129e-11 -9.755279209428627050e-12 -2.169196942403098071e-11 -3.935332296080688273e-12 5.794542362663922132e-12 -2.925903074751547782e-12 3.165213850380505304e-12 1.306002275177070359e-12 -6.717717901699138409e-13 -2.824347948514868906e-12 -3.769645917912815333e-12 -1.191300968617867527e-12 -1.357845371209956046e-12 -8.089456958696906482e-13 4.689788877429361917e-13 1.332715896537644156e-12 8.117930268225285448e-13 2.121199503551153419e-12 1.933881381630658203e-12 6.304678146730938894e-12 1.225972151145593838e-11 6.355297939229970513e-12 2.206792140367796564e-12 -1.072156809504118006e-14 -4.132983577070217260e-13 -1.315752367041926033e-12
-4.307606367541939655e-12 -4.620363858300058014e-12 -1.429274600937675481e-11 2.098841301416974035e-12 5.537861107595628608e-12 -7.485621607428481637e-12 3.444526546501182209e-13 2.892270802575039183e-14 -6.869556422553459170e-14 -2.384863933339897713e-12 -2.320653062532812941e-12 -1.754166240258822670e-12 -2.182712887164799745e-12 -2.442609600247501083e-12 -8.783364139325849551e-13 -1.522181378142354254e-13 3.919094736301686028e-13 6.297784336249403211e-13 1.633868327200668204e-13 2.306897605525497045e-12 6.355297939229970513e-12 1.174674148335156779e-11 6.379193682884804854e-12 2.260374991470297750e-12 4.148935200768650259e-13 -6.032644474278111431e-13
-6.395827347791496736e-13 -2.309839913164415995e-12 -1.572229874300410366e-12 7.351829490345191815e-12 4.081663009529675523e-12 -8.880528111871192532e-12 -2.400403401942230271e-12 -3.448408287453769637e-12 2.578314004955712290e-13 -3.076749097268291438e-12 -1.932840547646664681e-12 -2.637896764243832085e-12 -2.184960068240658137e-12 -1.668417148715411575e-12 -5.959173282386915139e-13 5.639115220732919519e-13 7.595121793871186886e-13 -8.323706592697103623e-14 -1.002898180108290279e-12 5.121407215836970074e-13 2.206792140367796564e-12 6.379193682884804854e-12 1.092555966468441270e-11 4.786154272196324832e-12 1.217706964490751641e-12 7.521661342668918812e-14
4.916985035913247054e-12 -3.409233514824748715e-12 7.070254041174261557e-12 1.063585153942556968e-11 -3.464765008485986056e-12 -4.551401378930896526e-12 -5.217075412799874982e-13 -1.061769149067336030e-12 1.675411510816521393e-13 -1.163688842331148365e-12 7.316662217351526486e-14 -1.672792455958527874e-12 -8.965893316916404705e-13 4.052430767837645603e-13 -8.255840056150866686e-13 4.423587340417464015e-13 -7.966375077875556391e-14 -8.897235020246005781e-14 -3.466692382410544603e-13 -2.339109654604219683e-13 -1.072156809504118006e-14 2.260374991470297750e-12 4.786154272196324832e-12 7.641965299938975350e-12 3.202345985570919580e-12 7.977221243670378738e-13
3.896109841793098432e-12 -6.504089317787619197e-13 5.875692493300783578e-12 2.800391537032130333e-13 -3.078371335808759670e-12 -3.064770671516854382e-12 -3.735360229789180339e-13 1.740555454606439085e-13 -1.882939639290092754e-13 -2.480792977075511141e-13 5.060410098311080255e-13 7.144605451633141635e-14 -1.540455101099429491e-13 4.928789292352630867e-13 8.740932225077559155e-13 1.171647167545805915e-12 6.011668177680614209e-13 1.949906460376014349e-13 -6.566679460811726730e-14 4.413243505268276855e-13 -4.132983577070217260e-13 4.148935200768650259e-13 1.217706964490751641e-12 3.202345985570919580e-12 5.449794502446850858e-12 2.255711301884661385e-12
4.331776455288950747e-12 -5.780754794965870401e-12 1.227647465991542607e-11 1.002780230347755237e-11 4.508256499872128718e-12 -3.823878760687962875e-12 2.446690850552641098e-12 2.139883459724194663e-12 6.662831392784962338e-13 -7.237314179774664183e-13 8.793074561957817663e-13 2.528146756581882625e-13 1.244961636733217521e-13 -7.095170438392989281e-14 3.784818353923249492e-14 2.196357469008594521e-14 -5.562132275575962240e-14 -1.250070741966234455e-12 -9.552324187737022211e-13 -4.169001519494424156e-13 -1.315752367041926033e-12 -6.032644474278111431e-13 7.521661342668918812e-14 7.977221243670378738e-13 2.255711301884661385e-12 5.949255539704106637e-12
