4.420207796512961504e-09 4.568216779194988651e-10 -5.055160174786697080e-11 2.758385231101964402e-10 7.542162540424022896e-11 2.609091278328296362e-10 2.359189229706798884e-10 1.056601732437410878e-10 2.042808895202938465e-10 6.788070572497664690e-11 9.797599935245001828e-11 8.659282742851948672e-11 1.087848941177184439e-10 1.565644354079691305e-10 1.362148064650579842e-10 9.561990512327184951e-11 1.010689846814519789e-10 5.600480887406836047e-11 5.427599904007382742e-11 6.160993420545546475e-11 2.794137798074920967e-11 2.382297851295389586e-11 2.409008943117782109e-11 4.489674031140231656e-12 1.456711743417660314e-11 -5.630325545043263722e-12
4.568216779194988651e-10 2.770861515087463504e-09 2.428312941241475707e-10 3.999533938329757234e-10 3.203218461824785033e-10 1.371074975866344239e-10 2.018841822038031654e-10 1.863557387539114082e-10 1.767901722774039236e-10 2.534893466350530250e-11 1.281750187056963152e-10 1.291735246031326660e-10 1.130321673021356546e-10 9.935723744415078594e-11 5.168720737629721220e-11 6.518044742887670183e-11 3.711331648425831353e-11 3.159050592658709921e-11 2.009016933359423392e-11 -7.152417298480655399e-12 -8.539838417211638927e-12 -1.899246418663405825e-11 -4.110181664547041302e-12 -1.770824938500202022e-11 -1.511377561935625709e-12 6.331041749127908743e-12
-5.055160174786697080e-11 2.428312941241475707e-10 1.837259919089657934e-09 1.402140492794228042e-10 1.646326077326884014e-10 2.694230633182416456e-11 7.076423439849704977e-11 9.112604219785936904e-11 1.339417413847533895e-10 1.029307135619281708e-10 6.200016154633096640e-11 3.982707220416896071e-12 -8.927384804329102462e-12 1.302188979146568949e-11 -1.629857470484576577e-12 -1.706364649316235572e-11 2.053695424464668305e-11 -1.462100803275456600e-11 -1.735836022129986733e-11 1.420895589443203417e-11 7.880388285224826325e-12 8.896746116693517938e-12 -5.008498570635462176e-12 -3.277191998131893403e-12 9.203052099152688010e-13 -7.461558671680183522e-13
2.758385231101964402e-10 3.999533938329757234e-10 1.402140492794228042e-10 1.152912991075443968e-09 2.297993261964634954e-10 1.766831766840698126e-10 1.196523764104783462e-10 1.067405616073942182e-10 1.177110678445901814e-10 4.648008318717724670e-11 4.907017161688515427e-11 3.799146349559116385e-11 4.525955648820265303e-11 2.419844514506354138e-11 1.922373058168141089e-11 2.352299688707224751e-11 1.984352215018091857e-12 2.272122769079013995e-11 1.691283585090611182e-11 2.861667866892593848e-11 5.027198087856428746e-12 2.203819337960496673e-11 -6.232423414320527759e-12 -2.586810533232248819e-11 1.825217885377970490e-12 -1.564601475729419073e-12
7.542162540424022896e-11 3.203218461824785033e-10 1.646326077326884014e-10 2.297993261964634954e-10 8.240679355426509878e-10 1.150554329079365377e-10 3.031596337440275493e-11 2.340839911506626423e-11 1.082755238397492669e-10 5.766188862295788978e-11 6.633402736026794028e-11 6.179306510662453022e-11 7.297517469404347183e-11 6.143153179384597041e-11 3.037718641167610719e-11 2.918529687106674151e-11 1.409304055116544155e-11 2.637895103838240077e-11 1.439514594982929160e-11 1.123918385379043275e-11 1.242824192236522281e-11 4.844691348185204511e-12 -1.024172087848910821e-11 -1.878525853198457034e-11 9.511559839266281651e-12 6.490407802994553306e-12
2.609091278328296362e-10 1.371074975866344239e-10 2.694230633182416456e-11 1.766831766840698126e-10 1.150554329079365377e-10 5.336275226752836281e-10 6.820343529654715117e-11 7.818013182868256553e-11 9.722039923457789359e-11 2.511556261304633175e-11 3.415097249778105778e-11 3.094256540592216694e-11 2.099580027768980235e-11 3.992609854662118334e-11 2.428760016107183523e-11 1.983797686348780315e-11 3.428815711828721399e-12 5.852740178698304788e-12 1.928646946686682459e-11 4.964099873232746141e-12 -8.977867139017604558e-12 6.481690523660349414e-12 -3.654636685570080974e-12 -2.827573928452370341e-13 -1.562908008889286465e-12 -9.463139160165932516e-13
2.359189229706798884e-10 2.018841822038031654e-10 7.076423439849704977e-11 1.196523764104783462e-10 3.031596337440275493e-11 6.820343529654715117e-11 4.036322541129626815e-10 1.166806300923900448e-10 9.849977890196266123e-11 7.631661590594191224e-11 3.793322781621047885e-11 2.590725984565169643e-11 4.188871156144899840e-11 3.823298151200907819e-11 2.834502331771083256e-11 1.842901852873889769e-11 9.993682292483570119e-12 3.182735164515316774e-12 1.046569372939637462e-11 3.149071381449490902e-12 -2.774153874091489584e-12 -2.306190349862488989e-12 -4.058152971894395759e-12 -3.442600168140380196e-12 2.538656679455583033e-12 -3.398479018929183268e-13
1.056601732437410878e-10 1.863557387539114082e-10 9.112604219785936904e-11 1.067405616073942182e-10 2.340839911506626423e-11 7.818013182868256553e-11 1.166806300923900448e-10 2.753785351774816017e-10 1.087680533906567336e-10 5.651584524112886904e-11 2.889123798114126153e-11 2.496462606703420807e-11 1.979547953339517166e-11 2.150454208151275077e-11 2.165698126934311455e-11 1.251848853139581044e-11 6.980678596973616444e-12 1.232091467050408134e-13 1.396637874243436882e-12 4.360403203380298725e-12 -4.389513834050823794e-12 1.022720753320050126e-13 1.664983596945894787e-12 3.808545069576847846e-13 1.440222519550882021e-12 9.384302392405019548e-12
2.042808895202938465e-10 1.767901722774039236e-10 1.339417413847533895e-10 1.177110678445901814e-10 1.082755238397492669e-10 9.722039923457789359e-11 9.849977890196266123e-11 1.087680533906567336e-10 2.614436330437507726e-10 9.388238655954731804e-11 5.935473586136035557e-11 3.786620744191400639e-11 4.409333641345837715e-11 3.534487176649035647e-11 1.639463904922791612e-11 9.626637583615191172e-12 4.747384914421944784e-12 3.234912774413615766e-12 9.145786721430368786e-12 1.886041021739128263e-15 -7.416638723856616130e-12 8.218847635506685678e-13 -6.244145139718537001e-12 1.449096333023404407e-12 4.573540162312322504e-12 2.366502738259021444e-12
6.788070572497664690e-11 2.534893466350530250e-11 1.029307135619281708e-10 4.648008318717724670e-11 5.766188862295788978e-11 2.511556261304633175e-11 7.631661590594191224e-11 5.651584524112886904e-11 9.388238655954731804e-11 1.575004130046599202e-10 6.821847554489402592e-11 4.238558896416103799e-11 3.077885689260729159e-11 2.432909735738118372e-11 1.531223242084588469e-11 4.029370680955133957e-12 5.489955382939209565e-12 7.189495336963034317e-12 1.408805828565006294e-11 9.343783448340716049e-12 -1.182999865501146395e-13 -1.630326046911878423e-12 -4.640088521825404229e-12 -1.800334207226884621e-12 3.301266785130257894e-12 4.323580337403814640e-12
9.797599935245001828e-11 1.281750187056963152e-10 6.200016154633096640e-11 4.907017161688515427e-11 6.633402736026794028e-11 3.415097249778105778e-11 3.793322781621047885e-11 2.889123798114126153e-11 5.935473586136035557e-11 6.821847554489402592e-11 1.170057710268669942e-10 5.730484756113077529e-11 4.743393169959892341e-11 2.605713860969694237e-11 1.301863757191588472e-11 4.819585069589401565e-12 -3.709132941288742517e-12 -8.661522229086716013e-13 6.125168672433501992e-12 2.201752008702076488e-12 2.259630335298306055e-12 -1.673354786826055475e-12 -2.667773499549240337e-12 4.168265877780922262e-13 2.479706572634452658e-12 -3.385833713823516794e-13
8.659282742851948672e-11 1.291735246031326660e-10 3.982707220416896071e-12 3.799146349559116385e-11 6.179306510662453022e-11 3.094256540592216694e-11 2.590725984565169643e-11 2.496462606703420807e-11 3.786620744191400639e-11 4.238558896416103799e-11 5.730484756113077529e-11 1.126420758291057209e-10 7.278040027929702124e-11 4.123792981422706553e-11 2.330583936318576182e-11 6.178491406014497140e-12 2.695369267155252967e-12 5.916913513008847430e-12 9.505553924965728011e-12 3.280943145541781401e-12 4.637587858357649342e-12 6.300445743228629882e-12 5.168963888998140454e-12 2.647344944162554849e-12 4.605123521904065810e-12 2.934466701454276645e-13
1.087848941177184439e-10 1.130321673021356546e-10 -8.927384804329102462e-12 4.525955648820265303e-11 7.297517469404347183e-11 2.099580027768980235e-11 4.188871156144899840e-11 1.979547953339517166e-11 4.409333641345837715e-11 3.077885689260729159e-11 4.743393169959892341e-11 7.278040027929702124e-11 1.104668641407312038e-10 7.213846080985531337e-11 4.057928531072762919e-11 1.626844403249832278e-11 1.245789897349906086e-11 7.254230146591609520e-12 3.440078926766996128e-12 -4.013289803763050637e-12 4.304247052181991662e-12 3.710459559175421445e-12 4.875807711859682127e-12 2.608462433939454133e-12 2.902942445238644541e-12 1.428957952395840423e-12
1.565644354079691305e-10 9.935723744415078594e-11 1.302188979146568949e-11 2.419844514506354138e-11 6.143153179384597041e-11 3.992609854662118334e-11 3.823298151200907819e-11 2.150454208151275077e-11 3.534487176649035647e-11 2.432909735738118372e-11 2.605713860969694237e-11 4.123792981422706553e-11 7.213846080985531337e-11 1.012973341077778347e-10 5.711860679062796861e-11 2.852252626745656589e-11 1.717084138410216536e-11 1.328454355862104668e-11 3.458543852916181754e-12 -3.738916801296321829e-12 1.296104326972546843e-12 -6.785783749341378576e-13 -7.923567953155388045e-13 1.637584601812143711e-12 3.180867868474240418e-12 3.471591790102659957e-12
1.362148064650579842e-10 5.168720737629721220e-11 -1.629857470484576577e-12 1.922373058168141089e-11 3.037718641167610719e-11 2.428760016107183523e-11 2.834502331771083256e-11 2.165698126934311455e-11 1.639463904922791612e-11 1.531223242084588469e-11 1.301863757191588472e-11 2.330583936318576182e-11 4.057928531072762919e-11 5.711860679062796861e-11 7.824442162564846604e-11 4.499835015527661632e-11 2.338331198434236927e-11 1.467705116880379301e-11 7.224283056910498001e-12 3.698658366527618919e-12 2.794789764210694642e-12 2.324264091236812217e-12 5.726942342581573642e-15 -3.461345477413501185e-12 2.316765109151688837e-13 9.023105661183860155e-13
9.561990512327184951e-11 6.518044742887670183e-11 -1.706364649316235572e-11 2.352299688707224751e-11 2.918529687106674151e-11 1.983797686348780315e-11 1.842901852873889769e-11 1.251848853139581044e-11 9.626637583615191172e-12 4.029370680955133957e-12 4.819585069589401565e-12 6.178491406014497140e-12 1.626844403249832278e-11 2.852252626745656589e-11 4.499835015527661632e-11 7.172681475579417937e-11 4.013153623337165457e-11 2.116039849133125555e-11 1.074195256478670905e-11 1.051545141807272427e-11 8.949228697505936840e-12 3.459390846807387728e-12 1.659726714846863927e-13 -6.098236574527955445e-12 -3.069841954198655384e-12 6.674992216349922006e-13
1.010689846814519789e-10 3.711331648425831353e-11 2.053695424464668305e-11 1.984352215018091857e-12 1.409304055116544155e-11 3.428815711828721399e-12 9.993682292483570119e-12 6.980678596973616444e-12 4.747384914421944784e-12 5.489955382939209565e-12 -3.709132941288742517e-12 2.695369267155252967e-12 1.245789897349906086e-11 1.717084138410216536e-11 2.338331198434236927e-11 4.013153623337165457e-11 5.940854108811613469e-11 3.178659780719076005e-11 1.067527375415219399e-11 9.925604043469604903e-12 1.279608835089976502e-11 2.297348835611580019e-12 5.500757273430676538e-12 1.532113077188102524e-12 2.842359688959957664e-13 3.527071309408475656e-12
5.600480887406836047e-11 3.159050592658709921e-11 -1.462100803275456600e-11 2.272122769079013995e-11 2.637895103838240077e-11 5.852740178698304788e-12 3.182735164515316774e-12 1.232091467050408134e-13 3.234912774413615766e-12 7.189495336963034317e-12 -8.661522229086716013e-13 5.916913513008847430e-12 7.254230146591609520e-12 1.328454355862104668e-11 1.467705116880379301e-11 2.116039849133125555e-11 3.178659780719076005e-11 5.352388204953249745e-11 3.219784666656726955e-11 1.968620557150328445e-11 1.667185867671212175e-11 1.054913920310664720e-11 5.953282116703828264e-12 1.720029405717781728e-12 -1.485875620764392315e-13 3.292540682888338047e-12
5.427599904007382742e-11 2.009016933359423392e-11 -1.735836022129986733e-11 1.691283585090611182e-11 1.439514594982929160e-11 1.928646946686682459e-11 1.046569372939637462e-11 1.396637874243436882e-12 9.145786721430368786e-12 1.408805828565006294e-11 6.125168672433501992e-12 9.505553924965728011e-12 3.440078926766996128e-12 3.458543852916181754e-12 7.224283056910498001e-12 1.074195256478670905e-11 1.067527375415219399e-11 3.219784666656726955e-11 5.553196286585723493e-11 3.612074737787951552e-11 1.904466268023087419e-11 1.095173140480373289e-11 6.784223795552518152e-12 3.006239173313679079e-12 1.023445764034986323e-12 -1.553999562018680638e-12
6.160993420545546475e-11 -7.152417298480655399e-12 1.420895589443203417e-11 2.861667866892593848e-11 1.123918385379043275e-11 4.964099873232746141e-12 3.149071381449490902e-12 4.360403203380298725e-12 1.886041021739128263e-15 9.343783448340716049e-12 2.201752008702076488e-12 3.280943145541781401e-12 -4.013289803763050637e-12 -3.738916801296321829e-12 3.698658366527618919e-12 1.051545141807272427e-11 9.925604043469604903e-12 1.968620557150328445e-11 3.612074737787951552e-11 5.569408798868076183e-11 2.916382061333957456e-11 1.804604997721155483e-11 1.144888060117878077e-11 3.416633605578428312e-12 -6.314382915709206185e-13 -2.771691224590911302e-12
2.794137798074920967e-11 -8.539838417211638927e-12 7.880388285224826325e-12 5.027198087856428746e-12 1.242824192236522281e-11 -8.977867139017604558e-12 -2.774153874091489584e-12 -4.389513834050823794e-12 -7.416638723856616130e-12 -1.182999865501146395e-13 2.259630335298306055e-12 4.637587858357649342e-12 4.304247052181991662e-12 1.296104326972546843e-12 2.794789764210694642e-12 8.949228697505936840e-12 1.279608835089976502e-11 1.667185867671212175e-11 1.904466268023087419e-11 2.916382061333957456e-11 4.445286202038514566e-11 2.261378653744855197e-11 1.253303588035482612e-11 4.760466121290669289e-12 -1.970153560627997456e-12 -1.734969336285105586e-12
2.382297851295389586e-11 -1.899246418663405825e-11 8.896746116693517938e-12 2.203819337960496673e-11 4.844691348185204511e-12 6.481690523660349414e-12 -2.306190349862488989e-12 1.022720753320050126e-13 8.218847635506685678e-13 -1.630326046911878423e-12 -1.673354786826055475e-12 6.300445743228629882e-12 3.710459559175421445e-12 -6.785783749341378576e-13 2.324264091236812217e-12 3.459390846807387728e-12 2.297348835611580019e-12 1.054913920310664720e-11 1.095173140480373289e-11 1.804604997721155483e-11 2.261378653744855197e-11 3.685894977854406952e-11 1.726164705921448463e-11 4.203866757349556370e-12 -1.097788960664015194e-12 -1.376612519908309299e-12
2.409008943117782109e-11 -4.110181664547041302e-12 -5.008498570635462176e-12 -6.232423414320527759e-12 -1.024172087848910821e-11 -3.654636685570080974e-12 -4.058152971894395759e-12 1.664983596945894787e-12 -6.244145139718537001e-12 -4.640088521825404229e-12 -2.667773499549240337e-12 5.168963888998140454e-12 4.875807711859682127e-12 -7.923567953155388045e-13 5.726942342581573642e-15 1.659726714846863927e-13 5.500757273430676538e-12 5.953282116703828264e-12 6.784223795552518152e-12 1.144888060117878077e-11 1.253303588035482612e-11 1.726164705921448463e-11 2.967930307608705136e-11 1.064049126108610150e-11 -1.731661392087642539e-12 -3.411225532337006849e-12
4.489674031140231656e-12 -1.770824938500202022e-11 -3.277191998131893403e-12 -2.586810533232248819e-11 -1.878525853198457034e-11 -2.827573928452370341e-13 -3.442600168140380196e-12 3.808545069576847846e-13 1.449096333023404407e-12 -1.800334207226884621e-12 4.168265877780922262e-13 2.647344944162554849e-12 2.608462433939454133e-12 1.637584601812143711e-12 -3.461345477413501185e-12 -6.098236574527955445e-12 1.532113077188102524e-12 1.720029405717781728e-12 3.006239173313679079e-12 3.416633605578428312e-12 4.760466121290669289e-12 4.203866757349556370e-12 1.064049126108610150e-11 1.776910061000777856e-11 1.894932033397035780e-12 -5.921611624328883466e-13
1.456711743417660314e-11 -1.511377561935625709e-12 9.203052099152688010e-13 1.825217885377970490e-12 9.511559839266281651e-12 -1.562908008889286465e-12 2.538656679455583033e-12 1.440222519550882021e-12 4.573540162312322504e-12 3.301266785130257894e-12 2.479706572634452658e-12 4.605123521904065810e-12 2.902942445238644541e-12 3.180867868474240418e-12 2.316765109151688837e-13 -3.069841954198655384e-12 2.842359688959957664e-13 -1.485875620764392315e-13 1.023445764034986323e-12 -6.314382915709206185e-13 -1.970153560627997456e-12 -1.097788960664015194e-12 -1.731661392087642539e-12 1.894932033397035780e-12 1.415216796298628194e-11 3.541662825638440142e-12
-5.630325545043263722e-12 6.331041749127908743e-12 -7.461558671680183522e-13 -1.564601475729419073e-12 6.490407802994553306e-12 -9.463139160165932516e-13 -3.398479018929183268e-13 9.384302392405019548e-12 2.366502738259021444e-12 4.323580337403814640e-12 -3.385833713823516794e-13 2.934466701454276645e-13 1.428957952395840423e-12 3.471591790102659957e-12 9.023105661183860155e-13 6.674992216349922006e-13 3.527071309408475656e-12 3.292540682888338047e-12 -1.553999562018680638e-12 -2.771691224590911302e-12 -1.734969336285105586e-12 -1.376612519908309299e-12 -3.411225532337006849e-12 -5.921611624328883466e-13 3.541662825638440142e-12 1.105011390125271605e-11
