6.420027570596082829e-09 3.518493037952506623e-10 -1.089496599937930371e-10 1.102437430508290639e-11 -1.430402650241208927e-10 2.030761532049303073e-10 6.812860457701879380e-11 2.492146963268701591e-11 -2.112182673913001248e-10 -9.910444511580815443e-11 -1.053136600173418244e-11 -2.545063430522497139e-11 5.791506742992645231e-12 -4.813436727632433661e-11 6.819979743074393207e-12 -3.505291569125943206e-11 -2.574003259582222982e-11 -2.867928622938069249e-11 -2.081836313378969545e-11 -2.498045854083624956e-12
3.518493037952506623e-10 3.745902915718243736e-09 4.214948054551626055e-10 3.817593407315354136e-10 -3.442978961290933508e-11 -2.490148974900302583e-11 -1.027268955002096433e-11 8.706449852047210299e-11 -1.697420011323451677e-11 -9.316279057201554268e-11 3.099594617890087353e-11 1.869772073602689840e-11 -5.407085088636329801e-12 5.246183603259130292e-11 6.879140051681291586e-12 -3.079759964298471369e-12 -4.171634280019027531e-12 4.320026083896839707e-13 -1.242417120490567565e-12 -2.313726427937621715e-11
-1.089496599937930371e-10 4.214948054551626055e-10 2.441294234855316081e-09 4.032364437124987835e-10 -7.000407094356430214e-12 -1.243262210378120383e-13 6.853749370386814285e-11 2.624377401432741651e-11 7.823882020161361303e-11 4.945858206246408373e-11 -3.431586757382877110e-11 5.057556658693186585e-11 5.155872578301914723e-11 -1.113401329633099962e-11 -4.017278091411526010e-12 1.515131058628930801e-11 1.913810997034181953e-11 3.115198583183392917e-11 2.400123334226029136e-11 1.344715473331039363e-11
1.102437430508290639e-11 3.817593407315354136e-10 4.032364437124987835e-10 1.451103701757555340e-09 -3.742489378961200682e-11 3.706055341083931213e-11 -3.928087447287037240e-11 3.728377203566427896e-11 4.850910217477143179e-11 1.935528723933458526e-11 1.776472898583029736e-11 3.465115189573088907e-11 -1.178267443375354396e-11 -2.981194714655167828e-12 -9.575129024979680011e-12 6.036999622473729835e-12 2.345048928973367903e-12 -8.866012770940668184e-12 2.333577136696611535e-12 -4.822764440792559387e-12
-1.430402650241208927e-10 -3.442978961290933508e-11 -7.000407094356430214e-12 -3.742489378961200682e-11 9.674758426051581179e-10 9.214087394290385018e-11 -7.318830664124615242e-12 2.031299853105082006e-11 2.205423407732949303e-12 -3.058962552025952225e-11 -1.802777560319833911e-11 2.083086763535921247e-12 -1.716431457520790891e-11 -1.840835502614247263e-11 4.594474085606870595e-12 -1.718716513050546715e-11 -4.776774388919863357e-12 1.558745168498906654e-11 4.984779618224875286e-12 8.636726444516515580e-12
2.030761532049303073e-10 -2.490148974900302583e-11 -1.243262210378120383e-13 3.706055341083931213e-11 9.214087394290385018e-11 7.285580497206648435e-10 4.723380444349136033e-11 3.096172078199217500e-11 7.719586501558121332e-12 5.656062124957828782e-12 -2.238836660870888738e-11 -2.979871838005997119e-11 -1.776895760338581794e-11 -4.522099939503888909e-13 -2.521926833006278446e-12 1.037960754661887687e-11 1.489179038307725078e-11 -1.210238569008200230e-11 -1.607198953297229544e-11 -4.532373466693483378e-12
6.812860457701879380e-11 -1.027268955002096433e-11 6.853749370386814285e-11 -3.928087447287037240e-11 -7.318830664124615242e-12 4.723380444349136033e-11 4.000151381568131814e-10 1.949676015009339982e-11 -3.747043273306850980e-12 1.449245550207808010e-11 2.171279749307377551e-11 7.284308276362139783e-12 1.643850256424314879e-11 6.462418889895855849e-14 -3.951586903490529272e-12 1.293589726616778212e-12 -5.860486696122458719e-12 5.596273207489638368e-12 -7.996366113684309342e-13 -1.748607378385406351e-12
2.492146963268701591e-11 8.706449852047210299e-11 2.624377401432741651e-11 3.728377203566427896e-11 2.031299853105082006e-11 3.096172078199217500e-11 1.949676015009339982e-11 3.710490553429088132e-10 6.393899875676728068e-11 1.244361445921153204e-12 -1.202666345241943134e-11 -2.725036609397041324e-11 -1.009837590310854725e-12 1.241085061303230539e-11 -7.228243415457578481e-12 4.867564231145245462e-12 1.362130632491839442e-11 -8.498171718296828930e-12 -9.165553847289047675e-12 6.846479691846214688e-13
-2.112182673913001248e-10 -1.697420011323451677e-11 7.823882020161361303e-11 4.850910217477143179e-11 2.205423407732949303e-12 7.719586501558121332e-12 -3.747043273306850980e-12 6.393899875676728068e-11 2.145940066674267084e-10 3.554286904445065959e-11 1.172925518957534253e-11 -8.541198445936868546e-12 1.183417538123994370e-11 2.586318198215414779e-12 -5.188637499780275064e-12 -9.774348945093861377e-13 1.027706933467501097e-11 3.844164483276889377e-12 3.563614297216215795e-13 -2.573171779709429069e-12
-9.910444511580815443e-11 -9.316279057201554268e-11 4.945858206246408373e-11 1.935528723933458526e-11 -3.058962552025952225e-11 5.656062124957828782e-12 1.449245550207808010e-11 1.244361445921153204e-12 3.554286904445065959e-11 1.846489716314777292e-10 1.942531202178985917e-11 2.008397376900047906e-11 1.723999556000238339e-11 1.535260280073920547e-13 -8.013193129118673527e-12 -2.000184587737682643e-12 2.601534231410341310e-12 4.244528946961302027e-12 -7.215927138894122140e-13 -1.059749077560826649e-12
-1.053136600173418244e-11 3.099594617890087353e-11 -3.431586757382877110e-11 1.776472898583029736e-11 -1.802777560319833911e-11 -2.238836660870888738e-11 2.171279749307377551e-11 -1.202666345241943134e-11 1.172925518957534253e-11 1.942531202178985917e-11 8.668451071426498913e-11 3.243647807115508037e-11 1.315606168878820754e-11 2.733040751672880563e-12 -6.245214214863600757e-13 -7.157934954571811499e-13 -1.272191791093601632e-12 -7.167461481896293502e-13 1.906465151963369811e-12 -1.675326178743810672e-12
-2.545063430522497139e-11 1.869772073602689840e-11 5.057556658693186585e-11 3.465115189573088907e-11 2.083086763535921247e-12 -2.979871838005997119e-11 7.284308276362139783e-12 -2.725036609397041324e-11 -8.541198445936868546e-12 2.008397376900047906e-11 3.243647807115508037e-11 1.076430072951484728e-10 1.888993827964831197e-11 7.395658795445073136e-12 9.826636108646191373e-13 3.071937074040071704e-12 -2.868056170567891973e-12 2.441451914368769586e-12 -3.774990365982489408e-12 -1.034124524290582792e-12
5.791506742992645231e-12 -5.407085088636329801e-12 5.155872578301914723e-11 -1.178267443375354396e-11 -1.716431457520790891e-11 -1.776895760338581794e-11 1.643850256424314879e-11 -1.009837590310854725e-12 1.183417538123994370e-11 1.723999556000238339e-11 1.315606168878820754e-11 1.888993827964831197e-11 5.769961046868541369e-11 1.164074080180098787e-11 5.425283320807063059e-12 -2.068185747216143708e-12 -7.416830130559202495e-13 1.331635080259401695e-12 -8.391295461367676787e-13 2.007637089461207721e-12
-4.813436727632433661e-11 5.246183603259130292e-11 -1.113401329633099962e-11 -2.981194714655167828e-12 -1.840835502614247263e-11 -4.522099939503888909e-13 6.462418889895855849e-14 1.241085061303230539e-11 2.586318198215414779e-12 1.535260280073920547e-13 2.733040751672880563e-12 7.395658795445073136e-12 1.164074080180098787e-11 5.198038800982838118e-11 1.837298192648203809e-11 9.506503447673676409e-12 6.060948141442197875e-12 -9.632130349763881006e-13 -3.604302004721318981e-12 5.519224884761501227e-13
6.819979743074393207e-12 6.879140051681291586e-12 -4.017278091411526010e-12 -9.575129024979680011e-12 4.594474085606870595e-12 -2.521926833006278446e-12 -3.951586903490529272e-12 -7.228243415457578481e-12 -5.188637499780275064e-12 -8.013193129118673527e-12 -6.245214214863600757e-13 9.826636108646191373e-13 5.425283320807063059e-12 1.837298192648203809e-11 3.313311081703960924e-11 1.236193546230884730e-11 2.007009546259745432e-12 -1.517589191144827011e-13 -1.061525959817462475e-12 3.367414064767958401e-12
-3.505291569125943206e-11 -3.079759964298471369e-12 1.515131058628930801e-11 6.036999622473729835e-12 -1.718716513050546715e-11 1.037960754661887687e-11 1.293589726616778212e-12 4.867564231145245462e-12 -9.774348945093861377e-13 -2.000184587737682643e-12 -7.157934954571811499e-13 3.071937074040071704e-12 -2.068185747216143708e-12 9.506503447673676409e-12 1.236193546230884730e-11 2.559950771452947363e-11 7.234329438057852555e-12 1.183131796039309048e-14 -2.218747181435498282e-12 7.691181286942457534e-13
-2.574003259582222982e-11 -4.171634280019027531e-12 1.913810997034181953e-11 2.345048928973367903e-12 -4.776774388919863357e-12 1.489179038307725078e-11 -5.860486696122458719e-12 1.362130632491839442e-11 1.027706933467501097e-11 2.601534231410341310e-12 -1.272191791093601632e-12 -2.868056170567891973e-12 -7.416830130559202495e-13 6.060948141442197875e-12 2.007009546259745432e-12 7.234329438057852555e-12 1.860005499901993815e-11 5.486786802470850750e-12 6.193946916729631463e-13 4.249782562306330237e-13
-2.867928622938069249e-11 4.320026083896839707e-13 3.115198583183392917e-11 -8.866012770940668184e-12 1.558745168498906654e-11 -1.210238569008200230e-11 5.596273207489638368e-12 -8.498171718296828930e-12 3.844164483276889377e-12 4.244528946961302027e-12 -7.167461481896293502e-13 2.441451914368769586e-12 1.331635080259401695e-12 -9.632130349763881006e-13 -1.517589191144827011e-13 1.183131796039309048e-14 5.486786802470850750e-12 1.592577512064738534e-11 4.691785141787061196e-12 1.246929143824641266e-12
-2.081836313378969545e-11 -1.242417120490567565e-12 2.400123334226029136e-11 2.333577136696611535e-12 4.984779618224875286e-12 -1.607198953297229544e-11 -7.996366113684309342e-13 -9.165553847289047675e-12 3.563614297216215795e-13 -7.215927138894122140e-13 1.906465151963369811e-12 -3.774990365982489408e-12 -8.391295461367676787e-13 -3.604302004721318981e-12 -1.061525959817462475e-12 -2.218747181435498282e-12 6.193946916729631463e-13 4.691785141787061196e-12 1.087275946677188855e-11 3.009243210187175185e-12
-2.498045854083624956e-12 -2.313726427937621715e-11 1.344715473331039363e-11 -4.822764440792559387e-12 8.636726444516515580e-12 -4.532373466693483378e-12 -1.748607378385406351e-12 6.846479691846214688e-13 -2.573171779709429069e-12 -1.059749077560826649e-12 -1.675326178743810672e-12 -1.034124524290582792e-12 2.007637089461207721e-12 5.519224884761501227e-13 3.367414064767958401e-12 7.691181286942457534e-13 4.249782562306330237e-13 1.246929143824641266e-12 3.009243210187175185e-12 9.023672747263019732e-12
