2.770957165625831823e-09 -1.408260599318028038e-11 1.294650533426481955e-10 -4.049629367135771313e-11 1.208144249461098384e-10 -4.723998051298265939e-11 -2.427085539951073237e-12 7.957123845325094788e-12 -3.216661407876063602e-11 -7.933811389640829869e-11 1.546495058989654195e-12 -4.989994024295747925e-12 1.143355386427786771e-12 3.677313551308087425e-12 -3.233986078197970753e-11 1.014895876055229954e-11 2.559017155357003992e-11 6.556062984948464005e-12 9.478361494797267472e-13 -1.277602245153876084e-11 6.422738604974841468e-13 -3.769213794891105975e-12 -1.279725086008971961e-11 7.709421421457145749e-13 1.593319093753277423e-12 -9.451746116612484892e-13
-1.408260599318028038e-11 1.898583010480400693e-09 9.402966681260029900e-11 -6.153050206191093913e-12 4.622613204300952231e-11 -5.072251792854506250e-11 3.737970309748392107e-11 2.321831082936310785e-11 -1.501687534241056080e-11 -5.434092927651254251e-11 -6.331453326189699976e-11 -9.280236015146222841e-12 -1.767905094205151529e-11 -5.685258764410130926e-12 -2.590687910300740803e-11 -1.533828863196430710e-11 8.919999581843186564e-13 1.407006143637862375e-12 4.346182256584883804e-13 4.749535960400410090e-12 -9.634039156541856756e-12 1.067983882791031098e-11 -2.162756296302385380e-12 -4.916691836568928628e-12 -2.256337976514233375e-12 4.571139485057430724e-13
1.294650533426481955e-10 9.402966681260029900e-11 1.333497513605167923e-09 1.672035289762440351e-10 -6.026941505636088871e-11 6.666316494704216903e-11 5.102492005980959655e-11 6.321272289315687184e-13 3.747851502094351525e-12 -1.367074631468191866e-11 -6.743552993436884056e-12 -1.877877565206069229e-11 -4.523387160610776019e-11 -1.355003115947025636e-11 2.480774904541739502e-12 4.153582735421507291e-12 1.802613725991828995e-12 8.679548231351919412e-12 4.110742510302378363e-12 -4.926642729184603378e-12 -1.806867332871334735e-11 3.366460707595031198e-12 -7.339154922785863581e-12 3.805062981258420288e-12 1.103421245390635387e-11 3.590996766832860598e-12
-4.049629367135771313e-11 -6.153050206191093913e-12 1.672035289762440351e-10 8.338977244160754043e-10 2.098215387874194378e-11 6.144356885138360844e-11 2.609954109284835951e-12 1.770189987285965063e-11 -3.012816757761976730e-12 -9.285381573015225218e-12 -9.103494994551654207e-13 -7.658985400041070076e-13 -1.555385441137471179e-11 -1.946342795612637066e-11 -3.655042870822324102e-12 5.645120806066627168e-12 1.080483964187751899e-11 -4.361425894414799746e-12 -2.696708588573388538e-12 -4.377401968047100885e-12 -6.264809608541549008e-12 2.131110747898303117e-12 -5.962836988363341030e-12 -1.164067772501840268e-12 1.420342745968540361e-12 3.303546989785898953e-12
1.208144249461098384e-10 4.622613204300952231e-11 -6.026941505636088871e-11 2.098215387874194378e-11 5.551325487480133508e-10 7.714966520643627986e-11 -3.990669964371609689e-11 1.819487124694998143e-11 3.733152013539704286e-12 -5.119838246213641656e-12 8.113426360927106385e-12 -2.085913005587365103e-11 -9.781386655790525883e-12 -7.880720770810371810e-12 -2.286195661787671490e-11 -1.500735596261328828e-11 -3.090383467220615737e-13 3.222063106377915809e-12 4.192816531350569610e-12 -8.411659265798249108e-13 7.143624300021717396e-12 -2.314904338872698796e-12 3.721682369393395363e-12 2.581418231536425534e-12 -2.103966057374507529e-12 -3.458725578368193036e-12
-4.723998051298265939e-11 -5.072251792854506250e-11 6.666316494704216903e-11 6.144356885138360844e-11 7.714966520643627986e-11 4.092567823066537999e-10 2.531037810701907295e-11 2.982697521681519957e-11 6.677705602693875337e-12 1.325405483307204687e-11 1.132157899070753513e-11 -2.726234722590492031e-12 -2.012604103922490940e-11 -1.025572409667147751e-11 -2.989203428412408191e-12 -8.564901756482909898e-12 -6.846077511403750241e-12 -4.014610108308242919e-12 4.995595156727428283e-12 1.794938810343585324e-12 3.517434144705255936e-12 -2.701315176220440861e-12 -7.762118851684026021e-12 -2.420580320884441579e-12 5.138485670440482899e-12 8.786024145680526990e-13
-2.427085539951073237e-12 3.737970309748392107e-11 5.102492005980959655e-11 2.609954109284835951e-12 -3.990669964371609689e-11 2.531037810701907295e-11 2.268382021533481425e-10 2.426099388304831693e-11 1.675037695373482368e-11 2.261621768054344802e-11 1.503428556641999965e-11 2.153645239820353633e-11 1.015095391870880103e-11 5.793842880728221220e-12 1.077053712296267296e-11 3.726990167890767807e-13 -1.458716670462561907e-12 8.174438001983862957e-13 3.264228809927823964e-12 -1.882777921895816328e-12 -1.690520832171620188e-12 3.800810615158620071e-13 -1.250688109310966824e-12 -2.948690897439258592e-12 2.314522993926979521e-12 1.915083888140871283e-12
7.957123845325094788e-12 2.321831082936310785e-11 6.321272289315687184e-13 1.770189987285965063e-11 1.819487124694998143e-11 2.982697521681519957e-11 2.426099388304831693e-11 1.851606793873985058e-10 1.935141717339383612e-11 1.380518469592200386e-11 1.718954431904292185e-11 7.473881498086995911e-13 -5.804917798571199387e-13 7.031750948038131095e-12 5.765823359912657082e-12 2.430604013724323895e-12 3.839946411386156836e-12 -2.099621788251293421e-13 -4.253525446704038315e-13 2.152851822959096531e-12 -1.806845812778837744e-12 4.144395027432158233e-13 -5.380676790685595539e-13 -2.278818849085917279e-12 -3.847884704075470052e-13 1.286399839880234587e-12
-3.216661407876063602e-11 -1.501687534241056080e-11 3.747851502094351525e-12 -3.012816757761976730e-12 3.733152013539704286e-12 6.677705602693875337e-12 1.675037695373482368e-11 1.935141717339383612e-11 9.465289244823661733e-11 1.161594939060480228e-11 1.501884161383874494e-11 9.794455881940985906e-12 7.204293808649395863e-13 3.628428578922682017e-12 4.525985695207164196e-12 4.433875976250077695e-12 2.384567796969447473e-12 -1.434917716904182818e-12 -1.905166527537291824e-13 2.292894339419486361e-12 -2.354027013923888137e-12 -3.932562600426382367e-12 -3.217459421334837402e-12 -2.212364983343901419e-12 -3.286335313888533558e-13 -2.591251413466160282e-13
-7.933811389640829869e-11 -5.434092927651254251e-11 -1.367074631468191866e-11 -9.285381573015225218e-12 -5.119838246213641656e-12 1.325405483307204687e-11 2.261621768054344802e-11 1.380518469592200386e-11 1.161594939060480228e-11 8.971873844043661775e-11 1.967733908566946962e-11 1.076084789335878026e-11 5.467735700941989713e-12 -1.708941110221958348e-12 1.223815664793104853e-12 4.014725081555225998e-12 3.669940893014810436e-12 3.718797564063923559e-12 -2.386992001036169383e-12 -5.404808580298674298e-13 -2.043893584099211842e-12 -3.473821852105672353e-12 -3.083553856042322461e-12 -1.095435566552313482e-12 2.845051664114007725e-14 1.812312313218612654e-12
1.546495058989654195e-12 -6.331453326189699976e-11 -6.743552993436884056e-12 -9.103494994551654207e-13 8.113426360927106385e-12 1.132157899070753513e-11 1.503428556641999965e-11 1.718954431904292185e-11 1.501884161383874494e-11 1.967733908566946962e-11 6.913098906856169900e-11 1.273986647141520027e-11 5.072552026456827210e-12 4.701496915007154493e-12 3.970399194584422345e-12 9.607122712505806737e-13 5.095460547129620765e-12 1.065947811664858043e-12 -3.433392346492639312e-13 -1.073103565835736736e-13 -2.236131557030394395e-12 -4.724083721132946318e-12 -7.534181202974464741e-13 1.153520773702371884e-12 1.212114857959142098e-12 6.344503952360565396e-13
-4.989994024295747925e-12 -9.280236015146222841e-12 -1.877877565206069229e-11 -7.658985400041070076e-13 -2.085913005587365103e-11 -2.726234722590492031e-12 2.153645239820353633e-11 7.473881498086995911e-13 9.794455881940985906e-12 1.076084789335878026e-11 1.273986647141520027e-11 4.012553223623846662e-11 9.213478312363803451e-12 4.096402060190906915e-12 3.928986533887842643e-12 4.565189191318700092e-12 1.593199390086083216e-12 -9.336385600718278982e-13 -1.105046449727307754e-14 2.298936989442607188e-13 -1.709731256530375801e-12 4.820200524051696295e-13 -3.378343951244873581e-13 -3.715920957906318337e-13 3.778709794292442512e-13 7.398757567561878319e-13
1.143355386427786771e-12 -1.767905094205151529e-11 -4.523387160610776019e-11 -1.555385441137471179e-11 -9.781386655790525883e-12 -2.012604103922490940e-11 1.015095391870880103e-11 -5.804917798571199387e-13 7.204293808649395863e-13 5.467735700941989713e-12 5.072552026456827210e-12 9.213478312363803451e-12 3.071615852231894911e-11 6.034083817298619987e-12 2.041000486063319114e-12 2.876796151807024737e-12 -2.075155143544555466e-13 -1.548264887390307796e-12 -7.300959683116644871e-14 -1.099851605884611263e-12 -1.701374457284328566e-12 2.560123432578219078e-13 1.884372185516648313e-12 1.546770934189188815e-12 1.423744175040077352e-13 -6.731111453724283380e-13
3.677313551308087425e-12 -5.685258764410130926e-12 -1.355003115947025636e-11 -1.946342795612637066e-11 -7.880720770810371810e-12 -1.025572409667147751e-11 5.793842880728221220e-12 7.031750948038131095e-12 3.628428578922682017e-12 -1.708941110221958348e-12 4.701496915007154493e-12 4.096402060190906915e-12 6.034083817298619987e-12 1.988771447477720896e-11 8.815956176015096966e-12 3.167540374789513095e-12 1.582506934106023560e-12 -6.026373016153103650e-13 -9.145991389668419120e-13 -1.351964497299869626e-12 -1.484705628273097078e-12 -3.751214393231268130e-13 1.693073241250879089e-13 2.566449378542535044e-13 -1.316763883790658346e-12 -1.581381919117191623e-13
-3.233986078197970753e-11 -2.590687910300740803e-11 2.480774904541739502e-12 -3.655042870822324102e-12 -2.286195661787671490e-11 -2.989203428412408191e-12 1.077053712296267296e-11 5.765823359912657082e-12 4.525985695207164196e-12 1.223815664793104853e-12 3.970399194584422345e-12 3.928986533887842643e-12 2.041000486063319114e-12 8.815956176015096966e-12 2.585675189503444200e-11 1.158356820783515357e-11 5.100871724247392103e-12 -9.445880544505822801e-13 -1.024660869695493991e-12 2.177517751194542113e-13 3.366780204903243661e-15 2.035409729822145862e-13 -5.810893921338364592e-13 -9.952855427903605743e-13 -4.954659218136359382e-13 -3.857526556780731333e-13
1.014895876055229954e-11 -1.533828863196430710e-11 4.153582735421507291e-12 5.645120806066627168e-12 -1.500735596261328828e-11 -8.564901756482909898e-12 3.726990167890767807e-13 2.430604013724323895e-12 4.433875976250077695e-12 4.014725081555225998e-12 9.607122712505806737e-13 4.565189191318700092e-12 2.876796151807024737e-12 3.167540374789513095e-12 1.158356820783515357e-11 2.277417576998634217e-11 7.329818425476748315e-12 9.804992378517703457e-13 -4.989485823345077955e-13 -3.759590352920479432e-13 1.551174740555858529e-13 -6.020924394697633203e-13 -1.750396380345408151e-12 -5.866099287346859514e-13 -2.115281689645123953e-13 3.279679043702120927e-15
2.559017155357003992e-11 8.919999581843186564e-13 1.802613725991828995e-12 1.080483964187751899e-11 -3.090383467220615737e-13 -6.846077511403750241e-12 -1.458716670462561907e-12 3.839946411386156836e-12 2.384567796969447473e-12 3.669940893014810436e-12 5.095460547129620765e-12 1.593199390086083216e-12 -2.075155143544555466e-13 1.582506934106023560e-12 5.100871724247392103e-12 7.329818425476748315e-12 1.375687257763581708e-11 3.527104779955351592e-12 6.571522542049893735e-13 1.399680702816108122e-13 1.299263946142202407e-13 -2.487890042719910569e-13 -1.202800474803059278e-12 -5.675005693966640750e-13 2.460449609934967205e-13 -2.598031478612669351e-13
6.556062984948464005e-12 1.407006143637862375e-12 8.679548231351919412e-12 -4.361425894414799746e-12 3.222063106377915809e-12 -4.014610108308242919e-12 8.174438001983862957e-13 -2.099621788251293421e-13 -1.434917716904182818e-12 3.718797564063923559e-12 1.065947811664858043e-12 -9.336385600718278982e-13 -1.548264887390307796e-12 -6.026373016153103650e-13 -9.445880544505822801e-13 9.804992378517703457e-13 3.527104779955351592e-12 1.068422442525139386e-11 3.708917873956826594e-12 1.506032376749618013e-12 6.892196945916523257e-13 3.316699503421492561e-13 -7.836291557307172582e-13 -5.879370380097366464e-13 2.239843177794659074e-13 -1.513642003233583001e-13
9.478361494797267472e-13 4.346182256584883804e-13 4.110742510302378363e-12 -2.696708588573388538e-12 4.192816531350569610e-12 4.995595156727428283e-12 3.264228809927823964e-12 -4.253525446704038315e-13 -1.905166527537291824e-13 -2.386992001036169383e-12 -3.433392346492639312e-13 -1.105046449727307754e-14 -7.300959683116644871e-14 -9.145991389668419120e-13 -1.024660869695493991e-12 -4.989485823345077955e-13 6.571522542049893735e-13 3.708917873956826594e-12 9.711891124198313325e-12 5.337163021940695101e-12 2.541933820763157922e-12 4.817252149962132582e-13 -7.418722031345056178e-13 -3.359114416831575236e-13 5.707967756662193711e-13 -2.138482670482097338e-13
-1.277602245153876084e-11 4.749535960400410090e-12 -4.926642729184603378e-12 -4.377401968047100885e-12 -8.411659265798249108e-13 1.794938810343585324e-12 -1.882777921895816328e-12 2.152851822959096531e-12 2.292894339419486361e-12 -5.404808580298674298e-13 -1.073103565835736736e-13 2.298936989442607188e-13 -1.099851605884611263e-12 -1.351964497299869626e-12 2.177517751194542113e-13 -3.759590352920479432e-13 1.399680702816108122e-13 1.506032376749618013e-12 5.337163021940695101e-12 1.097923252052081143e-11 4.062551258867819045e-12 1.109922827880452511e-12 -8.892970877889233152e-13 -1.237573726501498688e-12 6.937804810142461275e-13 -2.709408471741150918e-13
6.422738604974841468e-13 -9.634039156541856756e-12 -1.806867332871334735e-11 -6.264809608541549008e-12 7.143624300021717396e-12 3.517434144705255936e-12 -1.690520832171620188e-12 -1.806845812778837744e-12 -2.354027013923888137e-12 -2.043893584099211842e-12 -2.236131557030394395e-12 -1.709731256530375801e-12 -1.701374457284328566e-12 -1.484705628273097078e-12 3.366780204903243661e-15 1.551174740555858529e-13 1.299263946142202407e-13 6.892196945916523257e-13 2.541933820763157922e-12 4.062551258867819045e-12 9.435998254329710895e-12 1.961206283093729802e-12 -4.402371722840724516e-13 -2.682259672236522998e-13 2.095107178935842213e-13 -5.018453050888361086e-14
-3.769213794891105975e-12 1.067983882791031098e-11 3.366460707595031198e-12 2.131110747898303117e-12 -2.314904338872698796e-12 -2.701315176220440861e-12 3.800810615158620071e-13 4.144395027432158233e-13 -3.932562600426382367e-12 -3.473821852105672353e-12 -4.724083721132946318e-12 4.820200524051696295e-13 2.560123432578219078e-13 -3.751214393231268130e-13 2.035409729822145862e-13 -6.020924394697633203e-13 -2.487890042719910569e-13 3.316699503421492561e-13 4.817252149962132582e-13 1.109922827880452511e-12 1.961206283093729802e-12 6.190060171039115188e-12 1.208137976226333408e-12 -8.548904493586325951e-14 -2.981817739726503756e-13 -3.353053099149927636e-13
-1.279725086008971961e-11 -2.162756296302385380e-12 -7.339154922785863581e-12 -5.962836988363341030e-12 3.721682369393395363e-12 -7.762118851684026021e-12 -1.250688109310966824e-12 -5.380676790685595539e-13 -3.217459421334837402e-12 -3.083553856042322461e-12 -7.534181202974464741e-13 -3.378343951244873581e-13 1.884372185516648313e-12 1.693073241250879089e-13 -5.810893921338364592e-13 -1.750396380345408151e-12 -1.202800474803059278e-12 -7.836291557307172582e-13 -7.418722031345056178e-13 -8.892970877889233152e-13 -4.402371722840724516e-13 1.208137976226333408e-12 4.699568390048311444e-12 1.867840852454700404e-12 -3.137126980208884835e-14 -1.894135544798046921e-13
7.709421421457145749e-13 -4.916691836568928628e-12 3.805062981258420288e-12 -1.164067772501840268e-12 2.581418231536425534e-12 -2.420580320884441579e-12 -2.948690897439258592e-12 -2.278818849085917279e-12 -2.212364983343901419e-12 -1.095435566552313482e-12 1.153520773702371884e-12 -3.715920957906318337e-13 1.546770934189188815e-12 2.566449378542535044e-13 -9.952855427903605743e-13 -5.866099287346859514e-13 -5.675005693966640750e-13 -5.879370380097366464e-13 -3.359114416831575236e-13 -1.237573726501498688e-12 -2.682259672236522998e-13 -8.548904493586325951e-14 1.867840852454700404e-12 4.917213856828202289e-12 8.428105408336295811e-13 4.650349550257886696e-13
1.593319093753277423e-12 -2.256337976514233375e-12 1.103421245390635387e-11 1.420342745968540361e-12 -2.103966057374507529e-12 5.138485670440482899e-12 2.314522993926979521e-12 -3.847884704075470052e-13 -3.286335313888533558e-13 2.845051664114007725e-14 1.212114857959142098e-12 3.778709794292442512e-13 1.423744175040077352e-13 -1.316763883790658346e-12 -4.954659218136359382e-13 -2.115281689645123953e-13 2.460449609934967205e-13 2.239843177794659074e-13 5.707967756662193711e-13 6.937804810142461275e-13 2.095107178935842213e-13 -2.981817739726503756e-13 -3.137126980208884835e-14 8.428105408336295811e-13 2.927051336699773134e-12 6.916472792764080792e-13
-9.451746116612484892e-13 4.571139485057430724e-13 3.590996766832860598e-12 3.303546989785898953e-12 -3.458725578368193036e-12 8.786024145680526990e-13 1.915083888140871283e-12 1.286399839880234587e-12 -2.591251413466160282e-13 1.812312313218612654e-12 6.344503952360565396e-13 7.398757567561878319e-13 -6.731111453724283380e-13 -1.581381919117191623e-13 -3.857526556780731333e-13 3.279679043702120927e-15 -2.598031478612669351e-13 -1.513642003233583001e-13 -2.138482670482097338e-13 -2.709408471741150918e-13 -5.018453050888361086e-14 -3.353053099149927636e-13 -1.894135544798046921e-13 4.650349550257886696e-13 6.916472792764080792e-13 1.742596083705727003e-12
