3.077210815447828115e-09 1.458562992976734451e-10 3.135876392653895649e-10 8.449983035288132173e-11 5.345417929957475074e-11 1.221195704772363853e-10 7.817693892464414884e-11 -1.613548500398090998e-11 -4.848957926404204343e-11 5.514308124663124521e-11 -4.873790434587880993e-12 1.893541133710206388e-11 8.551663803745042156e-12 -2.889332659886576826e-11 -4.475146480752446094e-11 -4.224054381122646118e-11 -2.563561652009756889e-11 -1.410086234356063350e-11 -6.287046682262401474e-12 -6.503309095506565858e-12 9.336768019061001206e-12 -2.488629694401589812e-12 -3.066622131812181037e-12 1.442311766349344220e-11 -7.228767436039204127e-12 2.094723822092963373e-12
1.458562992976734451e-10 2.202680035573467711e-09 -1.471074259110288122e-10 -3.401333706236961330e-11 1.524498175378637682e-10 4.563979627986934381e-11 -9.064678334635497483e-11 -4.372612115851012355e-11 -1.262145273326564272e-11 -3.340814215112749836e-11 -3.391644725601088257e-11 -4.080544280241391200e-11 6.992384569704359784e-12 2.172803309376783147e-11 6.243304152412952325e-12 -9.045471640614704132e-12 -4.585513648492869253e-13 1.129525756376872167e-11 3.437381674389802229e-12 4.783452297832988233e-12 -1.021424434619527977e-11 2.383274565059390530e-12 -4.624694941284939154e-12 9.671283479256493516e-14 2.132833299027643331e-12 -3.924552803934242927e-12
3.135876392653895649e-10 -1.471074259110288122e-10 1.362446239595952448e-09 3.576609152718804256e-11 -2.270507898856698528e-11 -1.773383408149725542e-11 8.232762517693194969e-11 -3.113434150154098785e-11 -4.124762098271596060e-11 3.362094662145659303e-11 -4.746692244656227378e-12 2.792465306910522088e-11 -1.510839463567439084e-11 -1.713471905563344104e-11 -6.233451606631454035e-12 -5.644801898651715418e-13 -1.157654912595873897e-11 -2.135892851979628321e-11 -3.604100657936781754e-12 -7.420633502014491003e-12 -6.525233783579098688e-13 1.180396574393081005e-11 3.965459683611943523e-12 6.592899973097381491e-12 -6.344589908891757873e-13 1.327046804817074281e-14
8.449983035288132173e-11 -3.401333706236961330e-11 3.576609152718804256e-11 6.741494026797544838e-10 1.306300277595528217e-10 8.254241896051912235e-11 9.244849674269176343e-11 -2.148921925416247136e-11 4.214233213021411102e-12 -9.456356933601357375e-13 -5.127651948544305285e-12 -2.712523643049082167e-11 -1.151761943964878948e-11 -7.543277056175265626e-12 7.352538314121159623e-12 -1.067967929346296246e-11 -2.049105266412142419e-11 -6.195676157059637874e-12 -3.258781592808193365e-12 9.689239931951230834e-12 9.959972711566821089e-12 1.142890746222065061e-11 -4.015832497956386778e-13 -1.868471050613941503e-12 -4.301423484719457873e-12 4.315646348214538732e-12
5.345417929957475074e-11 1.524498175378637682e-10 -2.270507898856698528e-11 1.306300277595528217e-10 5.339117996581614337e-10 3.679597687628113788e-11 3.284524432268381227e-11 2.119382409262172403e-11 1.697071304834298299e-11 5.486488871307111263e-12 -2.789235873223384044e-11 -1.775622001129948835e-11 1.906488839662348695e-12 6.250848304379481495e-12 4.786621565474842535e-12 -1.577758626381882790e-11 -2.860286753146847753e-12 -1.362842963738078715e-12 -9.110101535509973694e-12 -4.103889093248227189e-12 -1.555794668049239330e-12 1.291202447832175237e-13 -7.664618255778940142e-12 -5.246976106823301897e-12 8.617874989563057477e-13 -2.383845105184971021e-12
1.221195704772363853e-10 4.563979627986934381e-11 -1.773383408149725542e-11 8.254241896051912235e-11 3.679597687628113788e-11 3.448970039109672631e-10 2.445557859497265058e-11 -6.256285043752878127e-12 2.232185254815060359e-11 1.894560719261557822e-11 -4.769737695228512554e-12 1.949794979038977972e-11 5.891671780162180446e-12 -4.891089996519424631e-12 -2.019596189932400340e-11 -1.170615258916251836e-11 8.776591599444058475e-13 3.799100274059456865e-12 -4.658988327008124689e-12 -3.837956410172243362e-12 2.672089277190471361e-12 5.102223045721627382e-12 -1.774919759470935014e-12 -3.010865533026545776e-12 2.394279924234553930e-12 -7.445854732550559082e-13
7.817693892464414884e-11 -9.064678334635497483e-11 8.232762517693194969e-11 9.244849674269176343e-11 3.284524432268381227e-11 2.445557859497265058e-11 2.559428398381799831e-10 5.805861979195126843e-12 1.568852727123068339e-11 1.100741840151860046e-11 2.424697555100041760e-11 -2.965203747902681609e-12 -6.203328989720147720e-12 2.791846670158781438e-13 1.697058398301332435e-12 -4.841233271454481583e-12 -4.873075584286511110e-12 -8.256182422392954358e-12 -5.074942950855520706e-12 -4.395718412704371436e-12 -6.270849393141522969e-12 -3.721284892325723293e-12 -2.587222008487479232e-12 4.370357507107425559e-12 1.400216146890378080e-13 -4.935941761394481670e-13
-1.613548500398090998e-11 -4.372612115851012355e-11 -3.113434150154098785e-11 -2.148921925416247136e-11 2.119382409262172403e-11 -6.256285043752878127e-12 5.805861979195126843e-12 1.972083662211849521e-10 2.242032426157906724e-12 1.274435304250911706e-11 -2.468836578613119515e-12 -1.910827920660768694e-12 9.483722616083510191e-12 5.042782817420351854e-12 5.512131713154293846e-12 9.243027981026368704e-12 9.576394849306533986e-12 -3.074118029381460899e-12 -4.621211907609707965e-12 -1.713269676213241358e-12 1.393128491312047593e-12 4.535448379552247841e-12 5.642625877948626457e-12 -2.684130812797145105e-12 2.676367664824935806e-13 -2.127392407386745950e-12
-4.848957926404204343e-11 -1.262145273326564272e-11 -4.124762098271596060e-11 4.214233213021411102e-12 1.697071304834298299e-11 2.232185254815060359e-11 1.568852727123068339e-11 2.242032426157906724e-12 1.346460184633078260e-10 2.014512183817909745e-11 2.645925248572621961e-11 1.487214645752546562e-11 -5.926805473998800538e-12 -4.094809728332351058e-12 -5.257032223078789763e-12 -6.069267184669755126e-12 -9.405399412674734992e-12 9.271372915405691591e-13 -5.566552657166692281e-12 8.580708227675380469e-13 -3.619216110056908105e-12 -1.290883075281645716e-12 5.362551155995243989e-13 -1.925917875742538308e-12 -4.857643799040814672e-12 1.459736002531769342e-12
5.514308124663124521e-11 -3.340814215112749836e-11 3.362094662145659303e-11 -9.456356933601357375e-13 5.486488871307111263e-12 1.894560719261557822e-11 1.100741840151860046e-11 1.274435304250911706e-11 2.014512183817909745e-11 8.466388622839056656e-11 1.427055293245748689e-11 1.717317308421488671e-11 -1.216714449128401562e-12 -7.469298090410724374e-12 -1.050704908472653371e-11 -4.105311232415191437e-12 -9.954779581725738791e-13 -4.237975991570329398e-12 -2.810691130404209903e-12 1.435798289658771633e-13 2.970486492826234331e-13 -1.333372508747914233e-12 1.645538349557669540e-12 4.520677225419408836e-13 -3.560029257514279633e-12 4.916662444699552221e-13
-4.873790434587880993e-12 -3.391644725601088257e-11 -4.746692244656227378e-12 -5.127651948544305285e-12 -2.789235873223384044e-11 -4.769737695228512554e-12 2.424697555100041760e-11 -2.468836578613119515e-12 2.645925248572621961e-11 1.427055293245748689e-11 7.275031936353679717e-11 3.043216528711017182e-11 1.457233038178472257e-11 4.852574175919001880e-12 -4.131480029250089627e-12 -1.308651887209125009e-12 -1.058959957421543554e-12 1.527818353641915793e-12 9.737348532323062942e-13 2.127418186826474245e-12 6.980789384390823194e-13 -4.449260159920977330e-12 -2.000160689287484620e-12 3.569825081626560377e-13 -2.314578761840560661e-12 5.184738876939680310e-13
1.893541133710206388e-11 -4.080544280241391200e-11 2.792465306910522088e-11 -2.712523643049082167e-11 -1.775622001129948835e-11 1.949794979038977972e-11 -2.965203747902681609e-12 -1.910827920660768694e-12 1.487214645752546562e-11 1.717317308421488671e-11 3.043216528711017182e-11 7.310557973861530910e-11 2.392511422530489486e-11 7.027657695735508976e-12 -7.056085772681437847e-12 -5.819073636367778202e-12 -4.016765072983347039e-12 1.161202012362323997e-12 -1.430160943633096293e-12 1.314860451944374838e-12 1.936807158400608481e-12 -1.427983143956896670e-12 -2.896052815992645708e-12 -5.776302279452881092e-13 3.733428979049087610e-14 -5.423085603334912079e-13
8.551663803745042156e-12 6.992384569704359784e-12 -1.510839463567439084e-11 -1.151761943964878948e-11 1.906488839662348695e-12 5.891671780162180446e-12 -6.203328989720147720e-12 9.483722616083510191e-12 -5.926805473998800538e-12 -1.216714449128401562e-12 1.457233038178472257e-11 2.392511422530489486e-11 5.093432520606918044e-11 1.873484380910658721e-11 4.078486690068767820e-12 4.022242367826834012e-13 2.787877842093039092e-12 4.011129939571456607e-12 2.324238325398963631e-12 4.121473717275221516e-12 3.901830341245890169e-12 2.476166870306094299e-12 -2.121001467324255855e-12 -1.119822279541028570e-12 -4.097066674994390509e-13 -1.114947360912432299e-12
-2.889332659886576826e-11 2.172803309376783147e-11 -1.713471905563344104e-11 -7.543277056175265626e-12 6.250848304379481495e-12 -4.891089996519424631e-12 2.791846670158781438e-13 5.042782817420351854e-12 -4.094809728332351058e-12 -7.469298090410724374e-12 4.852574175919001880e-12 7.027657695735508976e-12 1.873484380910658721e-11 4.625496869531637172e-11 1.712837790329724266e-11 4.917170794963242518e-12 3.426187474839816274e-12 2.738192546145874646e-12 7.475479886308433712e-13 1.206072107566552794e-12 -1.993594144971610418e-12 -1.473019959699773802e-12 -8.707081098896964268e-13 -1.091703452778676842e-12 -7.524803215188849377e-13 -1.210579046070057371e-12
-4.475146480752446094e-11 6.243304152412952325e-12 -6.233451606631454035e-12 7.352538314121159623e-12 4.786621565474842535e-12 -2.019596189932400340e-11 1.697058398301332435e-12 5.512131713154293846e-12 -5.257032223078789763e-12 -1.050704908472653371e-11 -4.131480029250089627e-12 -7.056085772681437847e-12 4.078486690068767820e-12 1.712837790329724266e-11 2.931966342484735029e-11 1.125777158186503898e-11 1.904897325013259287e-12 3.364931969976294154e-13 5.673502375519555017e-13 2.827176275621800053e-13 -1.641827566219269282e-12 1.406408430406137816e-14 2.767722635179821947e-13 -1.494145845133475603e-13 -7.976553749414329084e-14 -7.124625008476356670e-13
-4.224054381122646118e-11 -9.045471640614704132e-12 -5.644801898651715418e-13 -1.067967929346296246e-11 -1.577758626381882790e-11 -1.170615258916251836e-11 -4.841233271454481583e-12 9.243027981026368704e-12 -6.069267184669755126e-12 -4.105311232415191437e-12 -1.308651887209125009e-12 -5.819073636367778202e-12 4.022242367826834012e-13 4.917170794963242518e-12 1.125777158186503898e-11 2.555009370666692463e-11 1.160404826014569314e-11 4.485707889564927829e-12 3.592398902455190492e-12 -1.891436493364499162e-13 -4.039176314644992877e-13 1.759351713678654572e-12 9.802515058346445129e-13 8.328105957936917761e-14 1.308355371738737186e-13 -7.578737417655404175e-13
-2.563561652009756889e-11 -4.585513648492869253e-13 -1.157654912595873897e-11 -2.049105266412142419e-11 -2.860286753146847753e-12 8.776591599444058475e-13 -4.873075584286511110e-12 9.576394849306533986e-12 -9.405399412674734992e-12 -9.954779581725738791e-13 -1.058959957421543554e-12 -4.016765072983347039e-12 2.787877842093039092e-12 3.426187474839816274e-12 1.904897325013259287e-12 1.160404826014569314e-11 2.689358520879897097e-11 1.098376009078922725e-11 5.131489580442097723e-12 1.167712741082986788e-12 4.731985524920251949e-13 1.874900533943168123e-12 1.257906294391025918e-12 -6.799854347386611951e-13 1.064945199395115975e-12 -2.518309653346692484e-13
-1.410086234356063350e-11 1.129525756376872167e-11 -2.135892851979628321e-11 -6.195676157059637874e-12 -1.362842963738078715e-12 3.799100274059456865e-12 -8.256182422392954358e-12 -3.074118029381460899e-12 9.271372915405691591e-13 -4.237975991570329398e-12 1.527818353641915793e-12 1.161202012362323997e-12 4.011129939571456607e-12 2.738192546145874646e-12 3.364931969976294154e-13 4.485707889564927829e-12 1.098376009078922725e-11 1.775757220768526993e-11 7.240943929775077281e-12 4.374893045280897341e-12 1.728110639988725706e-12 2.157411754984563707e-12 2.751066535542098155e-13 -5.954341722002604055e-13 6.299100544070013277e-13 4.054533769502807812e-13
-6.287046682262401474e-12 3.437381674389802229e-12 -3.604100657936781754e-12 -3.258781592808193365e-12 -9.110101535509973694e-12 -4.658988327008124689e-12 -5.074942950855520706e-12 -4.621211907609707965e-12 -5.566552657166692281e-12 -2.810691130404209903e-12 9.737348532323062942e-13 -1.430160943633096293e-12 2.324238325398963631e-12 7.475479886308433712e-13 5.673502375519555017e-13 3.592398902455190492e-12 5.131489580442097723e-12 7.240943929775077281e-12 1.616741799651337217e-11 8.302315576086459304e-12 2.554372691992844509e-12 3.268717711203413901e-12 3.479888817942026752e-13 -1.057150924258532063e-12 -6.437016819947028545e-14 9.180096803432390598e-14
-6.503309095506565858e-12 4.783452297832988233e-12 -7.420633502014491003e-12 9.689239931951230834e-12 -4.103889093248227189e-12 -3.837956410172243362e-12 -4.395718412704371436e-12 -1.713269676213241358e-12 8.580708227675380469e-13 1.435798289658771633e-13 2.127418186826474245e-12 1.314860451944374838e-12 4.121473717275221516e-12 1.206072107566552794e-12 2.827176275621800053e-13 -1.891436493364499162e-13 1.167712741082986788e-12 4.374893045280897341e-12 8.302315576086459304e-12 1.762080150065169903e-11 7.119498248200548454e-12 3.983852303081722308e-12 -6.415911634629999534e-13 -1.913310588468996436e-12 -9.743381544320056600e-13 4.117764648621283561e-13
9.336768019061001206e-12 -1.021424434619527977e-11 -6.525233783579098688e-13 9.959972711566821089e-12 -1.555794668049239330e-12 2.672089277190471361e-12 -6.270849393141522969e-12 1.393128491312047593e-12 -3.619216110056908105e-12 2.970486492826234331e-13 6.980789384390823194e-13 1.936807158400608481e-12 3.901830341245890169e-12 -1.993594144971610418e-12 -1.641827566219269282e-12 -4.039176314644992877e-13 4.731985524920251949e-13 1.728110639988725706e-12 2.554372691992844509e-12 7.119498248200548454e-12 1.426348150548066062e-11 5.831528048126856750e-12 5.002932472181568041e-13 -7.233118568912713013e-13 2.732899909086343800e-13 -5.155225105234109509e-14
-2.488629694401589812e-12 2.383274565059390530e-12 1.180396574393081005e-11 1.142890746222065061e-11 1.291202447832175237e-13 5.102223045721627382e-12 -3.721284892325723293e-12 4.535448379552247841e-12 -1.290883075281645716e-12 -1.333372508747914233e-12 -4.449260159920977330e-12 -1.427983143956896670e-12 2.476166870306094299e-12 -1.473019959699773802e-12 1.406408430406137816e-14 1.759351713678654572e-12 1.874900533943168123e-12 2.157411754984563707e-12 3.268717711203413901e-12 3.983852303081722308e-12 5.831528048126856750e-12 1.158426944558390037e-11 2.563298450266281987e-12 -1.762944795468948119e-14 -4.043480339085149821e-13 -4.194056575186679120e-13
-3.066622131812181037e-12 -4.624694941284939154e-12 3.965459683611943523e-12 -4.015832497956386778e-13 -7.664618255778940142e-12 -1.774919759470935014e-12 -2.587222008487479232e-12 5.642625877948626457e-12 5.362551155995243989e-13 1.645538349557669540e-12 -2.000160689287484620e-12 -2.896052815992645708e-12 -2.121001467324255855e-12 -8.707081098896964268e-13 2.767722635179821947e-13 9.802515058346445129e-13 1.257906294391025918e-12 2.751066535542098155e-13 3.479888817942026752e-13 -6.415911634629999534e-13 5.002932472181568041e-13 2.563298450266281987e-12 8.075847095657222325e-12 2.189363809273518258e-12 -2.919544207427985671e-13 2.070582140916580734e-13
1.442311766349344220e-11 9.671283479256493516e-14 6.592899973097381491e-12 -1.868471050613941503e-12 -5.246976106823301897e-12 -3.010865533026545776e-12 4.370357507107425559e-12 -2.684130812797145105e-12 -1.925917875742538308e-12 4.520677225419408836e-13 3.569825081626560377e-13 -5.776302279452881092e-13 -1.119822279541028570e-12 -1.091703452778676842e-12 -1.494145845133475603e-13 8.328105957936917761e-14 -6.799854347386611951e-13 -5.954341722002604055e-13 -1.057150924258532063e-12 -1.913310588468996436e-12 -7.233118568912713013e-13 -1.762944795468948119e-14 2.189363809273518258e-12 5.795527548764702936e-12 8.781255629533606881e-14 -5.487239294339755340e-14
-7.228767436039204127e-12 2.132833299027643331e-12 -6.344589908891757873e-13 -4.301423484719457873e-12 8.617874989563057477e-13 2.394279924234553930e-12 1.400216146890378080e-13 2.676367664824935806e-13 -4.857643799040814672e-12 -3.560029257514279633e-12 -2.314578761840560661e-12 3.733428979049087610e-14 -4.097066674994390509e-13 -7.524803215188849377e-13 -7.976553749414329084e-14 1.308355371738737186e-13 1.064945199395115975e-12 6.299100544070013277e-13 -6.437016819947028545e-14 -9.743381544320056600e-13 2.732899909086343800e-13 -4.043480339085149821e-13 -2.919544207427985671e-13 8.781255629533606881e-14 4.719595115952792644e-12 -2.162667693767457978e-13
2.094723822092963373e-12 -3.924552803934242927e-12 1.327046804817074281e-14 4.315646348214538732e-12 -2.383845105184971021e-12 -7.445854732550559082e-13 -4.935941761394481670e-13 -2.127392407386745950e-12 1.459736002531769342e-12 4.916662444699552221e-13 5.184738876939680310e-13 -5.423085603334912079e-13 -1.114947360912432299e-12 -1.210579046070057371e-12 -7.124625008476356670e-13 -7.578737417655404175e-13 -2.518309653346692484e-13 4.054533769502807812e-13 9.180096803432390598e-14 4.117764648621283561e-13 -5.155225105234109509e-14 -4.194056575186679120e-13 2.070582140916580734e-13 -5.487239294339755340e-14 -2.162667693767457978e-13 2.748934493692816748e-12
