2.555501564377605275e-09 1.263087170765776448e-10 -2.316407881139252886e-11 1.637545858779118132e-10 9.163864450399053491e-11 5.141231661598794039e-11 -3.552953390486406575e-11 3.112625435663655837e-11 4.877930211683801056e-11 1.115462611104848490e-11 8.265730706353350890e-13 1.913141007900536363e-12 -2.309353900179942358e-11 -1.416485518089039346e-11 -2.991496403992010419e-11 -1.278090099653432969e-11 -1.189582887891257961e-11 -4.343199714863751548e-12 1.807764216757253257e-11 1.715721010616643175e-11 3.886655741916627770e-12 1.881236708566864401e-11 2.148970998677096400e-11 7.251470844038824450e-12 -2.886467022449702528e-13 -1.900557576592592023e-12
1.263087170765776448e-10 1.726257343990819029e-09 3.504034903799238984e-11 -5.044658746531408942e-11 2.279434135817862548e-11 1.189519419844733385e-10 7.405174052944761562e-11 -3.444438566656017154e-11 1.968267886325492999e-11 9.525120225217774519e-12 7.476049385516962806e-12 4.132570634032725923e-11 -1.196599819109614739e-11 1.516561516012643370e-11 -1.957731840150818120e-11 -6.500549423532632358e-12 8.762918680216362126e-12 8.881025876190523953e-12 -6.908164741393009461e-12 -1.033173172592837153e-11 3.928390259612895442e-12 6.254716284198930088e-13 -2.290322286479561872e-11 -1.324903607455683275e-11 -1.129341017876721693e-11 -7.968664680692138339e-12
-2.316407881139252886e-11 3.504034903799238984e-11 1.193071023038677439e-09 7.529652584574974940e-11 1.633012990938219023e-11 1.196302255063632378e-10 4.349535694725502862e-11 4.449285469161020722e-11 -1.711257715867324655e-11 -3.631199609752656895e-11 -1.982729558200799169e-11 -5.533182743492467156e-12 -6.510779107513480561e-13 -1.264197425273646223e-11 -1.452771814297909610e-11 -2.020048874064563879e-11 -7.460311654184381671e-13 -1.104004808011385279e-12 -1.452092320752812675e-13 -2.819896852795535569e-12 3.013708502592527455e-12 -7.371398676806583375e-12 2.941254336617880027e-12 1.306394594154301000e-11 -2.757384440339143413e-12 -2.686387706268670447e-12
1.637545858779118132e-10 -5.044658746531408942e-11 7.529652584574974940e-11 8.565328027892006046e-10 6.586529178769766968e-11 8.037847664386787334e-11 3.173281322326132957e-12 1.130188999959747770e-11 1.279383236382819071e-11 1.158630530003871779e-12 -8.156421539713131598e-12 -1.281447134140815212e-13 -9.211219685262221003e-12 1.112892206244091210e-11 -1.667380510884024886e-11 2.312311719964662477e-12 1.220299654808286518e-11 6.453758675866088192e-12 1.329802008526327289e-11 8.995538034976463737e-12 2.071746122743104864e-12 -9.590001535595139375e-12 -1.354529375583756714e-11 -9.621459934922079953e-12 -1.128096045471934518e-12 5.271070596605469293e-13
9.163864450399053491e-11 2.279434135817862548e-11 1.633012990938219023e-11 6.586529178769766968e-11 4.525561426766148143e-10 7.752875632026796591e-12 7.147468891636194476e-12 -3.545304779633451170e-12 7.142808893359818241e-12 -1.059194590852048333e-11 1.927532866791768854e-11 1.281175536136193567e-11 1.914284167046791075e-12 -3.175344819639599461e-12 -2.144242912127854981e-12 -5.678104304148651123e-12 2.586413780299746024e-12 -8.360126461939167324e-12 -1.294827238441632024e-11 -3.629891930814538783e-12 -4.376934416550095326e-12 -7.335149132044700853e-12 -2.024528033243327493e-12 3.478777626453408124e-12 7.620561366190439416e-13 -4.740892421439961049e-12
5.141231661598794039e-11 1.189519419844733385e-10 1.196302255063632378e-10 8.037847664386787334e-11 7.752875632026796591e-12 3.199667127013445177e-10 9.249758471857268512e-12 -1.560423927508467791e-11 1.119090237844609306e-11 -1.337318059346485040e-11 -1.124327626527500879e-11 -8.116118079255142334e-12 -1.881173205914242728e-11 -1.608839739834463883e-11 -2.951689647258841506e-12 -4.690559004931141283e-13 -2.105411907046405800e-12 -1.621061541757359915e-12 -2.662796047104818646e-12 -6.478989764543759231e-12 1.068015663861796953e-14 4.151755796747360709e-12 3.867011391629509469e-12 3.245120853085253121e-12 -7.368049799202906545e-14 2.990736569144115288e-12
-3.552953390486406575e-11 7.405174052944761562e-11 4.349535694725502862e-11 3.173281322326132957e-12 7.147468891636194476e-12 9.249758471857268512e-12 1.899452584476096761e-10 3.564484834422133056e-11 -1.313529108645432141e-11 -9.113649064382096720e-12 8.365179673547311830e-13 2.607174579054154659e-12 -2.940112781966860922e-12 -6.623155875903627434e-13 5.953113640071055811e-12 5.944319882258716860e-12 2.955120597946341948e-12 1.540064465108721417e-12 -4.787003942717962690e-12 1.048638521324837568e-12 4.308600405372650404e-14 -8.583053107608496977e-12 -7.112433297190875357e-12 -3.691230432854158330e-12 -1.146123563990330668e-12 1.944222733896015203e-12
3.112625435663655837e-11 -3.444438566656017154e-11 4.449285469161020722e-11 1.130188999959747770e-11 -3.545304779633451170e-12 -1.560423927508467791e-11 3.564484834422133056e-11 1.439124979911247444e-10 1.272748540076795167e-11 2.305848070483445639e-12 7.330118156525821737e-13 -6.339373931741041074e-13 2.211034104383674014e-12 1.064980108960361596e-11 3.696146542078048042e-13 4.821698575994219325e-12 -1.895217384316141617e-12 -1.170561208505319554e-12 1.713943985284079817e-12 2.124042853110341612e-12 -6.481328550655022215e-12 -5.339320616209191223e-12 -2.043228985023726380e-12 -4.324953832396839122e-12 -3.480913323967669567e-12 -6.866109155789797612e-13
4.877930211683801056e-11 1.968267886325492999e-11 -1.711257715867324655e-11 1.279383236382819071e-11 7.142808893359818241e-12 1.119090237844609306e-11 -1.313529108645432141e-11 1.272748540076795167e-11 8.562998093346548306e-11 2.771413577679525423e-11 1.340195750209428817e-11 8.184612291250601593e-12 4.201812252868217201e-12 8.848568384945248646e-13 1.663854007114540372e-12 1.504913727706389790e-12 -9.658351531044105348e-13 2.701606904197754669e-12 3.136908311131407104e-13 -6.023751628392967831e-12 -3.057554437032530034e-12 2.216491988584253156e-12 -5.238869483238658313e-14 1.831756273663069065e-12 1.653178407864254798e-12 -1.003820515994285710e-12
1.115462611104848490e-11 9.525120225217774519e-12 -3.631199609752656895e-11 1.158630530003871779e-12 -1.059194590852048333e-11 -1.337318059346485040e-11 -9.113649064382096720e-12 2.305848070483445639e-12 2.771413577679525423e-11 8.183194199647496974e-11 1.978865872034509026e-11 4.862462717326105528e-12 7.029098229167896730e-12 9.795015014357826601e-13 3.725177911396356878e-13 2.464907849865379906e-14 -4.304264663036017827e-12 5.666685899997134974e-13 4.710724910072937127e-13 1.358901581941286964e-13 -7.925038155689033686e-13 -2.845943384048007106e-12 -3.006387626065660982e-12 1.148318392731298379e-12 1.605428926333528584e-12 -2.641273552863226663e-13
8.265730706353350890e-13 7.476049385516962806e-12 -1.982729558200799169e-11 -8.156421539713131598e-12 1.927532866791768854e-11 -1.124327626527500879e-11 8.365179673547311830e-13 7.330118156525821737e-13 1.340195750209428817e-11 1.978865872034509026e-11 5.698892033924616784e-11 1.646166178067534855e-11 4.302659858830303773e-12 3.727491070981429476e-12 2.615455388784098954e-12 -3.705516202516498271e-12 -5.062091188899365606e-12 -1.346234958264086689e-12 -1.977204422563848715e-12 7.723846921557865487e-13 -1.066056243132706427e-12 -1.711821194244702628e-12 -4.314797043679746054e-13 2.081998205491931972e-12 -3.468240960254579678e-13 8.483116217441662949e-13
1.913141007900536363e-12 4.132570634032725923e-11 -5.533182743492467156e-12 -1.281447134140815212e-13 1.281175536136193567e-11 -8.116118079255142334e-12 2.607174579054154659e-12 -6.339373931741041074e-13 8.184612291250601593e-12 4.862462717326105528e-12 1.646166178067534855e-11 4.379324040503113981e-11 1.360917763228049622e-11 1.043958885800710034e-11 3.541341714140415187e-12 -1.228440692651420096e-12 -2.879855091747806908e-12 -1.181450701928248056e-12 -1.132063125568464640e-12 -4.901317378416752178e-13 -9.642782406586275384e-13 -1.918731388626012773e-12 -1.674657861011511947e-12 9.653950678487328902e-13 -1.780565470630425652e-12 1.491230750873582751e-14
-2.309353900179942358e-11 -1.196599819109614739e-11 -6.510779107513480561e-13 -9.211219685262221003e-12 1.914284167046791075e-12 -1.881173205914242728e-11 -2.940112781966860922e-12 2.211034104383674014e-12 4.201812252868217201e-12 7.029098229167896730e-12 4.302659858830303773e-12 1.360917763228049622e-11 3.779263009057372353e-11 1.811510987688769388e-11 1.087201755169146657e-11 3.101219103142256262e-12 -6.576906300340304222e-13 8.354250116579176704e-14 4.724773316269919833e-12 1.966597532782297266e-12 2.042873333718302821e-13 -6.297335735969996239e-13 -3.361084370557083838e-12 6.719721905649910008e-13 -1.615985185898778578e-12 -9.882769302175085057e-13
-1.416485518089039346e-11 1.516561516012643370e-11 -1.264197425273646223e-11 1.112892206244091210e-11 -3.175344819639599461e-12 -1.608839739834463883e-11 -6.623155875903627434e-13 1.064980108960361596e-11 8.848568384945248646e-13 9.795015014357826601e-13 3.727491070981429476e-12 1.043958885800710034e-11 1.811510987688769388e-11 3.250485456177179165e-11 1.504500143766881536e-11 6.643229341997930470e-12 1.360323673576036752e-12 9.195847070252351403e-13 3.011856996881059295e-12 1.480338413626193301e-12 6.522802069017029762e-14 -7.984474489672639327e-13 -5.493277515889453514e-13 -7.425911440960572729e-13 -2.570280577758511390e-12 -2.248741242198470219e-13
-2.991496403992010419e-11 -1.957731840150818120e-11 -1.452771814297909610e-11 -1.667380510884024886e-11 -2.144242912127854981e-12 -2.951689647258841506e-12 5.953113640071055811e-12 3.696146542078048042e-13 1.663854007114540372e-12 3.725177911396356878e-13 2.615455388784098954e-12 3.541341714140415187e-12 1.087201755169146657e-11 1.504500143766881536e-11 3.102795793928982116e-11 1.515531815932801503e-11 4.905067840538356956e-12 -5.134279180296477385e-13 3.490159088016961248e-12 2.303624037952800042e-13 8.250794341498798790e-13 6.887758789754333673e-14 3.276859967747915436e-13 -3.936039307145971062e-13 -1.876070212151301996e-12 -4.364960657337602744e-13
-1.278090099653432969e-11 -6.500549423532632358e-12 -2.020048874064563879e-11 2.312311719964662477e-12 -5.678104304148651123e-12 -4.690559004931141283e-13 5.944319882258716860e-12 4.821698575994219325e-12 1.504913727706389790e-12 2.464907849865379906e-14 -3.705516202516498271e-12 -1.228440692651420096e-12 3.101219103142256262e-12 6.643229341997930470e-12 1.515531815932801503e-11 2.699028095755853826e-11 1.299539179014906999e-11 6.518543599270485536e-12 4.242374431856095753e-12 2.216437294607409508e-12 1.587250649745402146e-12 -1.824451615095595916e-13 -5.021049698408271579e-13 -2.303222763237183053e-12 -8.461420498302182907e-13 -6.972344579513393651e-14
-1.189582887891257961e-11 8.762918680216362126e-12 -7.460311654184381671e-13 1.220299654808286518e-11 2.586413780299746024e-12 -2.105411907046405800e-12 2.955120597946341948e-12 -1.895217384316141617e-12 -9.658351531044105348e-13 -4.304264663036017827e-12 -5.062091188899365606e-12 -2.879855091747806908e-12 -6.576906300340304222e-13 1.360323673576036752e-12 4.905067840538356956e-12 1.299539179014906999e-11 2.221792495647013681e-11 1.207936960536503350e-11 5.137863999800764146e-12 2.836679527314825073e-12 2.043805898977150387e-12 1.258857223314425891e-14 -2.687812406934084032e-13 -2.172492236695143817e-12 -4.301125330329021025e-13 -1.472510475249608288e-13
-4.343199714863751548e-12 8.881025876190523953e-12 -1.104004808011385279e-12 6.453758675866088192e-12 -8.360126461939167324e-12 -1.621061541757359915e-12 1.540064465108721417e-12 -1.170561208505319554e-12 2.701606904197754669e-12 5.666685899997134974e-13 -1.346234958264086689e-12 -1.181450701928248056e-12 8.354250116579176704e-14 9.195847070252351403e-13 -5.134279180296477385e-13 6.518543599270485536e-12 1.207936960536503350e-11 1.936706312361706737e-11 9.226718357158169741e-12 5.235896273629655565e-12 7.231418082389440891e-13 9.528669583227356058e-14 1.921784027037819587e-13 7.225275855011671967e-13 1.135688979682192667e-13 3.603626345810038662e-13
1.807764216757253257e-11 -6.908164741393009461e-12 -1.452092320752812675e-13 1.329802008526327289e-11 -1.294827238441632024e-11 -2.662796047104818646e-12 -4.787003942717962690e-12 1.713943985284079817e-12 3.136908311131407104e-13 4.710724910072937127e-13 -1.977204422563848715e-12 -1.132063125568464640e-12 4.724773316269919833e-12 3.011856996881059295e-12 3.490159088016961248e-12 4.242374431856095753e-12 5.137863999800764146e-12 9.226718357158169741e-12 1.805695980839721095e-11 7.086709668651482115e-12 1.387724018706064275e-12 -8.772091877809086132e-14 -9.724936942121333893e-13 4.767863869723862650e-13 3.710979255707412110e-13 3.654535243790841616e-13
1.715721010616643175e-11 -1.033173172592837153e-11 -2.819896852795535569e-12 8.995538034976463737e-12 -3.629891930814538783e-12 -6.478989764543759231e-12 1.048638521324837568e-12 2.124042853110341612e-12 -6.023751628392967831e-12 1.358901581941286964e-13 7.723846921557865487e-13 -4.901317378416752178e-13 1.966597532782297266e-12 1.480338413626193301e-12 2.303624037952800042e-13 2.216437294607409508e-12 2.836679527314825073e-12 5.235896273629655565e-12 7.086709668651482115e-12 1.519974384132476139e-11 6.813446616534372172e-12 4.665243898402803751e-13 -2.798849319454642009e-13 1.112735562476778586e-12 3.222030365944457075e-13 -5.653842016261974633e-13
3.886655741916627770e-12 3.928390259612895442e-12 3.013708502592527455e-12 2.071746122743104864e-12 -4.376934416550095326e-12 1.068015663861796953e-14 4.308600405372650404e-14 -6.481328550655022215e-12 -3.057554437032530034e-12 -7.925038155689033686e-13 -1.066056243132706427e-12 -9.642782406586275384e-13 2.042873333718302821e-13 6.522802069017029762e-14 8.250794341498798790e-13 1.587250649745402146e-12 2.043805898977150387e-12 7.231418082389440891e-13 1.387724018706064275e-12 6.813446616534372172e-12 1.289391521534055732e-11 5.030223024648149837e-12 2.088553083611396260e-12 1.576403015026083726e-12 3.016844002663005578e-13 -6.849104057250223208e-13
1.881236708566864401e-11 6.254716284198930088e-13 -7.371398676806583375e-12 -9.590001535595139375e-12 -7.335149132044700853e-12 4.151755796747360709e-12 -8.583053107608496977e-12 -5.339320616209191223e-12 2.216491988584253156e-12 -2.845943384048007106e-12 -1.711821194244702628e-12 -1.918731388626012773e-12 -6.297335735969996239e-13 -7.984474489672639327e-13 6.887758789754333673e-14 -1.824451615095595916e-13 1.258857223314425891e-14 9.528669583227356058e-14 -8.772091877809086132e-14 4.665243898402803751e-13 5.030223024648149837e-12 1.147108456972188677e-11 5.422132527124286937e-12 1.684260981621466796e-12 9.461471360995431623e-13 1.843736499193613131e-13
2.148970998677096400e-11 -2.290322286479561872e-11 2.941254336617880027e-12 -1.354529375583756714e-11 -2.024528033243327493e-12 3.867011391629509469e-12 -7.112433297190875357e-12 -2.043228985023726380e-12 -5.238869483238658313e-14 -3.006387626065660982e-12 -4.314797043679746054e-13 -1.674657861011511947e-12 -3.361084370557083838e-12 -5.493277515889453514e-13 3.276859967747915436e-13 -5.021049698408271579e-13 -2.687812406934084032e-13 1.921784027037819587e-13 -9.724936942121333893e-13 -2.798849319454642009e-13 2.088553083611396260e-12 5.422132527124286937e-12 1.117878911344464083e-11 3.492868340916066592e-12 6.078631905599839481e-13 6.867698807344792147e-13
7.251470844038824450e-12 -1.324903607455683275e-11 1.306394594154301000e-11 -9.621459934922079953e-12 3.478777626453408124e-12 3.245120853085253121e-12 -3.691230432854158330e-12 -4.324953832396839122e-12 1.831756273663069065e-12 1.148318392731298379e-12 2.081998205491931972e-12 9.653950678487328902e-13 6.719721905649910008e-13 -7.425911440960572729e-13 -3.936039307145971062e-13 -2.303222763237183053e-12 -2.172492236695143817e-12 7.225275855011671967e-13 4.767863869723862650e-13 1.112735562476778586e-12 1.576403015026083726e-12 1.684260981621466796e-12 3.492868340916066592e-12 7.790802936965890087e-12 2.350537676324399434e-12 7.307665401672726080e-13
-2.886467022449702528e-13 -1.129341017876721693e-11 -2.757384440339143413e-12 -1.128096045471934518e-12 7.620561366190439416e-13 -7.368049799202906545e-14 -1.146123563990330668e-12 -3.480913323967669567e-12 1.653178407864254798e-12 1.605428926333528584e-12 -3.468240960254579678e-13 -1.780565470630425652e-12 -1.615985185898778578e-12 -2.570280577758511390e-12 -1.876070212151301996e-12 -8.461420498302182907e-13 -4.301125330329021025e-13 1.135688979682192667e-13 3.710979255707412110e-13 3.222030365944457075e-13 3.016844002663005578e-13 9.461471360995431623e-13 6.078631905599839481e-13 2.350537676324399434e-12 6.406054414126295523e-12 2.376533347805155901e-12
-1.900557576592592023e-12 -7.968664680692138339e-12 -2.686387706268670447e-12 5.271070596605469293e-13 -4.740892421439961049e-12 2.990736569144115288e-12 1.944222733896015203e-12 -6.866109155789797612e-13 -1.003820515994285710e-12 -2.641273552863226663e-13 8.483116217441662949e-13 1.491230750873582751e-14 -9.882769302175085057e-13 -2.248741242198470219e-13 -4.364960657337602744e-13 -6.972344579513393651e-14 -1.472510475249608288e-13 3.603626345810038662e-13 3.654535243790841616e-13 -5.653842016261974633e-13 -6.849104057250223208e-13 1.843736499193613131e-13 6.867698807344792147e-13 7.307665401672726080e-13 2.376533347805155901e-12 6.444135467192405632e-12
