3.005462142376948675e-09 2.488926317208234674e-10 7.245127721973236104e-11 3.790674711580834658e-12 -3.537810527254423394e-11 -9.002965634958312542e-12 -1.207324261887333002e-10 -2.202548257466081823e-11 9.427952998433509494e-13 -5.631511835062143268e-11 -5.727748075371870963e-11 -3.058797688265510148e-11 -5.921187575117447075e-12 -2.032116832403402003e-11 4.774421388348197139e-12 -2.163360233303189301e-11 -1.441707005729693551e-11 -1.928492488515684307e-12 6.004922600480907087e-12 -1.450338260516513327e-11 1.668132423125620110e-12 7.941924139983666451e-12 -1.061640710800664783e-11 -1.414526046207321329e-11 5.640001340311116528e-12 5.098554744851871655e-12
2.488926317208234674e-10 1.886583064631626507e-09 1.354128653042568496e-10 3.347731517836453388e-14 1.885646688529838907e-11 6.142194445597456648e-11 3.289859939125214825e-11 4.497838188328768241e-12 1.362375174848290692e-11 -1.170152253378013067e-12 -2.870374670914416791e-11 -1.164697013346242892e-12 -2.583515026260240599e-12 -1.319492259830160107e-11 -1.666520584074097790e-12 1.692705655704945411e-12 6.370116195446830110e-12 1.707992105676900191e-11 -5.305936918881841347e-13 3.358619876135752918e-12 -9.323543699498743280e-12 -1.431465570774103350e-11 -1.787340868972235150e-12 2.819300704940206066e-12 1.275257097819589450e-11 5.535652408178986926e-12
7.245127721973236104e-11 1.354128653042568496e-10 1.337182604403054204e-09 6.398954837199913613e-11 2.380194523480308429e-12 -9.157646333537738310e-11 -1.521051133991862314e-12 1.056548168334063992e-12 -3.201380016194375058e-11 4.101243570759083253e-11 9.896185165076702037e-12 2.227360860491787313e-11 -2.152132859749739569e-11 -7.268083370998303351e-13 -2.187800125629096805e-11 -1.768681885357170419e-11 9.860388417800681252e-12 -2.194187539748205330e-11 -4.621876694020145962e-12 -1.209830442439881901e-11 -7.495666416558655841e-12 -6.645596800285566786e-12 2.218068434951021501e-12 4.023649150781224671e-13 5.956028819973652099e-12 3.062254434936703334e-12
3.790674711580834658e-12 3.347731517836453388e-14 6.398954837199913613e-11 7.253164736236920707e-10 3.996361219820766244e-11 2.001297632124348740e-11 1.939209301416867991e-11 4.425034309146660772e-11 9.468638199178459101e-12 -1.933360332451413290e-13 1.048953561992565089e-11 2.318073457380845535e-11 1.953758384416710101e-11 8.005246319603158586e-12 -1.100104393047812153e-12 -5.141860935159554657e-13 -5.206853129711071428e-12 -1.178564412559325229e-11 -1.054345622564447612e-11 5.190559187773153359e-12 9.928545874994015642e-12 8.248310065924675214e-12 1.357564900212088831e-11 1.152150259300958542e-13 -2.646703975399140791e-12 6.339984883923143810e-13
-3.537810527254423394e-11 1.885646688529838907e-11 2.380194523480308429e-12 3.996361219820766244e-11 5.713326310711920294e-10 4.537571695804426713e-11 2.991184939826949744e-12 4.511709996374729229e-11 -1.921942091843635035e-12 7.736569849883900208e-12 6.271641212259091740e-12 1.296355106426732049e-11 1.644301099161024309e-11 2.148543017978446049e-12 -1.323392098797113710e-11 -8.109916851805304360e-12 -1.991428491213175059e-12 -1.254001210071082482e-12 -9.613765040881721647e-12 -9.154473821933380203e-12 -1.069836549429609612e-11 -1.738206414318038651e-12 -2.117650782863552267e-13 -5.332250112141035005e-13 1.721114257614846554e-12 -8.298710083079741219e-13
-9.002965634958312542e-12 6.142194445597456648e-11 -9.157646333537738310e-11 2.001297632124348740e-11 4.537571695804426713e-11 3.799408353156526703e-10 6.905989802548817255e-11 3.366617982869332845e-11 2.868268377857358875e-11 -3.665429892192415476e-12 9.857394339536340091e-12 4.150782246552256172e-12 -2.041444383695669076e-12 -6.600954517435229175e-12 6.627560044738454487e-12 3.820012104348549870e-12 1.918953778003149265e-12 6.190553572077222591e-14 -1.132873405741289927e-11 -8.443060796433434519e-12 1.341502581277121229e-12 -4.111498928399286696e-13 -3.057995748044942533e-12 2.070795077894713713e-12 4.908327126531470282e-12 -1.582001026737754814e-13
-1.207324261887333002e-10 3.289859939125214825e-11 -1.521051133991862314e-12 1.939209301416867991e-11 2.991184939826949744e-12 6.905989802548817255e-11 2.431275793022735575e-10 3.154903868171471302e-13 2.928945311600059477e-11 1.798169715416206061e-11 1.987744990732324466e-11 1.707903052373797692e-11 4.402886540297443602e-13 5.318143175656671558e-12 9.630441259694898701e-13 4.988830951936292491e-12 5.063281702261330830e-12 -3.389833645736312873e-12 -3.719533997464681216e-12 -7.568748063031613922e-12 -3.483352443678905374e-12 -1.205424419731785489e-12 3.321779608766654992e-12 -3.590387450217721524e-12 -1.811981586135465643e-12 1.441613949766615122e-12
-2.202548257466081823e-11 4.497838188328768241e-12 1.056548168334063992e-12 4.425034309146660772e-11 4.511709996374729229e-11 3.366617982869332845e-11 3.154903868171471302e-13 1.542480519077236572e-10 1.731712134737803981e-11 1.695848229778779428e-11 1.127137910643197859e-11 7.532489541960736326e-12 6.297762470547837709e-13 4.766211953181252685e-12 7.742687887531749510e-12 4.946963881363616746e-12 2.131286824712186872e-12 -4.199413036771111216e-13 -2.809947805525763290e-12 4.370833007564997641e-14 3.899723897274229549e-12 2.486599287730350736e-12 2.590124842789266920e-12 1.958903653883678155e-12 2.377435566509051885e-12 1.802106169466872455e-12
9.427952998433509494e-13 1.362375174848290692e-11 -3.201380016194375058e-11 9.468638199178459101e-12 -1.921942091843635035e-12 2.868268377857358875e-11 2.928945311600059477e-11 1.731712134737803981e-11 1.417810588436281464e-10 3.127780815911289102e-11 2.429345691085059297e-11 1.837567127253030216e-11 8.552077669889941837e-12 5.699076217465283117e-12 -9.717901801981608345e-13 -2.526974817464324079e-12 2.222704970268751720e-12 1.925189830088355594e-12 4.748889201903862723e-12 -3.917025313243250903e-12 -2.472881071041138302e-12 -3.427852304521547846e-13 1.533344982606654212e-12 9.034469432512091872e-13 -2.236386315168891196e-12 4.413483869183422449e-13
-5.631511835062143268e-11 -1.170152253378013067e-12 4.101243570759083253e-11 -1.933360332451413290e-13 7.736569849883900208e-12 -3.665429892192415476e-12 1.798169715416206061e-11 1.695848229778779428e-11 3.127780815911289102e-11 1.036376288079148565e-10 2.795182179339230938e-11 1.986181048949535355e-11 5.080766408446189279e-12 2.741342026930961927e-12 -1.407705460551133066e-12 -2.203182791620628800e-12 -4.928954368962479609e-13 -2.002241898893100110e-13 -3.343563118878529171e-12 -8.055527622331020923e-12 -5.075070713049801376e-12 1.121299715931972678e-12 3.070413815185228419e-12 1.572342142915249623e-13 -1.748429673472411542e-12 -1.132211183597469264e-12
-5.727748075371870963e-11 -2.870374670914416791e-11 9.896185165076702037e-12 1.048953561992565089e-11 6.271641212259091740e-12 9.857394339536340091e-12 1.987744990732324466e-11 1.127137910643197859e-11 2.429345691085059297e-11 2.795182179339230938e-11 8.621776707917653670e-11 2.599367003771045433e-11 9.794520313161585285e-12 3.218478932967649249e-12 3.465379127504137664e-12 3.834625049374589822e-12 6.261356903202840219e-12 9.939309696672228780e-13 1.011874071275865405e-12 7.950386300535212410e-13 -4.005783254343610800e-12 -2.179664690003043640e-13 3.509668812195246194e-12 1.096497852920960125e-12 2.987296443565110260e-13 -1.713949601979111156e-12
-3.058797688265510148e-11 -1.164697013346242892e-12 2.227360860491787313e-11 2.318073457380845535e-11 1.296355106426732049e-11 4.150782246552256172e-12 1.707903052373797692e-11 7.532489541960736326e-12 1.837567127253030216e-11 1.986181048949535355e-11 2.599367003771045433e-11 5.528064168436520154e-11 1.939044823862965511e-11 5.072569056417230761e-12 5.565429414322283039e-12 2.861767082877845769e-12 5.830694428242590206e-12 1.082627450405554168e-13 -3.949212095214903835e-12 -3.553079680232423716e-12 -2.011826779180059561e-12 2.236799813297914770e-13 1.831646425355730610e-12 5.668392506948164747e-13 -7.622502198247254508e-13 -7.563300782548690869e-13
-5.921187575117447075e-12 -2.583515026260240599e-12 -2.152132859749739569e-11 1.953758384416710101e-11 1.644301099161024309e-11 -2.041444383695669076e-12 4.402886540297443602e-13 6.297762470547837709e-13 8.552077669889941837e-12 5.080766408446189279e-12 9.794520313161585285e-12 1.939044823862965511e-11 4.026769719155368680e-11 1.183069801932903969e-11 6.175971403901923220e-12 5.190493056002004524e-12 5.249262565895991676e-12 1.359858718746549198e-12 -1.595720650063216068e-12 -4.301664155243917998e-12 -3.774617467367618303e-12 -9.617481989442721584e-13 -1.466802213980803582e-12 -2.961038090379935708e-13 -7.641282393569209033e-13 -2.355599050583578382e-12
-2.032116832403402003e-11 -1.319492259830160107e-11 -7.268083370998303351e-13 8.005246319603158586e-12 2.148543017978446049e-12 -6.600954517435229175e-12 5.318143175656671558e-12 4.766211953181252685e-12 5.699076217465283117e-12 2.741342026930961927e-12 3.218478932967649249e-12 5.072569056417230761e-12 1.183069801932903969e-11 3.267336703317710975e-11 1.315777658954668006e-11 8.295948989015862825e-12 7.599302247947971118e-12 3.366247487987970608e-12 2.305273467911003502e-12 9.495188631794173238e-13 1.063756248375740277e-13 -1.971549930476314987e-13 -7.375972091947400699e-13 -1.160649452540198750e-12 -1.065231722273157390e-12 -2.453377286282167028e-12
4.774421388348197139e-12 -1.666520584074097790e-12 -2.187800125629096805e-11 -1.100104393047812153e-12 -1.323392098797113710e-11 6.627560044738454487e-12 9.630441259694898701e-13 7.742687887531749510e-12 -9.717901801981608345e-13 -1.407705460551133066e-12 3.465379127504137664e-12 5.565429414322283039e-12 6.175971403901923220e-12 1.315777658954668006e-11 3.005299419819344922e-11 1.636394633872148673e-11 9.651464645772036755e-12 3.251384643739160905e-12 3.261371311490026827e-12 1.973884569395816899e-12 -5.318215899501923360e-13 -1.006811445249918823e-13 -2.666521677358603320e-13 -3.811924408583597573e-13 6.728912068995209205e-13 -3.244542196281562314e-13
-2.163360233303189301e-11 1.692705655704945411e-12 -1.768681885357170419e-11 -5.141860935159554657e-13 -8.109916851805304360e-12 3.820012104348549870e-12 4.988830951936292491e-12 4.946963881363616746e-12 -2.526974817464324079e-12 -2.203182791620628800e-12 3.834625049374589822e-12 2.861767082877845769e-12 5.190493056002004524e-12 8.295948989015862825e-12 1.636394633872148673e-11 3.010154778358388974e-11 1.586750577808138480e-11 6.263840054398243438e-12 2.535488273524766541e-12 2.438141786835234535e-12 -6.342813867571147592e-14 4.752280441785766613e-13 9.113208665827085350e-13 -1.528394595011892943e-13 -8.141374170989056200e-13 -1.262063459084357292e-13
-1.441707005729693551e-11 6.370116195446830110e-12 9.860388417800681252e-12 -5.206853129711071428e-12 -1.991428491213175059e-12 1.918953778003149265e-12 5.063281702261330830e-12 2.131286824712186872e-12 2.222704970268751720e-12 -4.928954368962479609e-13 6.261356903202840219e-12 5.830694428242590206e-12 5.249262565895991676e-12 7.599302247947971118e-12 9.651464645772036755e-12 1.586750577808138480e-11 2.474761343759480040e-11 1.083504426088607519e-11 3.693591553218308845e-12 1.897961407561926553e-12 -1.523941519023583460e-12 8.392272726942517046e-13 1.295445448455471131e-12 -5.456648744222348463e-13 -2.473686245224101774e-13 -4.829730058161978198e-13
-1.928492488515684307e-12 1.707992105676900191e-11 -2.194187539748205330e-11 -1.178564412559325229e-11 -1.254001210071082482e-12 6.190553572077222591e-14 -3.389833645736312873e-12 -4.199413036771111216e-13 1.925189830088355594e-12 -2.002241898893100110e-13 9.939309696672228780e-13 1.082627450405554168e-13 1.359858718746549198e-12 3.366247487987970608e-12 3.251384643739160905e-12 6.263840054398243438e-12 1.083504426088607519e-11 1.637683427453338435e-11 7.922584010160369970e-12 3.706771097216612157e-12 4.156746623564962811e-13 1.597572240800301512e-12 2.027150906100725422e-13 -9.588859936845239655e-13 -7.639841147237014953e-13 -1.062486973838170198e-13
6.004922600480907087e-12 -5.305936918881841347e-13 -4.621876694020145962e-12 -1.054345622564447612e-11 -9.613765040881721647e-12 -1.132873405741289927e-11 -3.719533997464681216e-12 -2.809947805525763290e-12 4.748889201903862723e-12 -3.343563118878529171e-12 1.011874071275865405e-12 -3.949212095214903835e-12 -1.595720650063216068e-12 2.305273467911003502e-12 3.261371311490026827e-12 2.535488273524766541e-12 3.693591553218308845e-12 7.922584010160369970e-12 1.697473551613064622e-11 7.316554093397363474e-12 1.873906786640417780e-12 2.419583323001898052e-13 -6.568418781941765430e-13 -1.375562915571237717e-12 -7.688258825132703041e-13 2.929302009433266450e-13
-1.450338260516513327e-11 3.358619876135752918e-12 -1.209830442439881901e-11 5.190559187773153359e-12 -9.154473821933380203e-12 -8.443060796433434519e-12 -7.568748063031613922e-12 4.370833007564997641e-14 -3.917025313243250903e-12 -8.055527622331020923e-12 7.950386300535212410e-13 -3.553079680232423716e-12 -4.301664155243917998e-12 9.495188631794173238e-13 1.973884569395816899e-12 2.438141786835234535e-12 1.897961407561926553e-12 3.706771097216612157e-12 7.316554093397363474e-12 1.620355401426998622e-11 8.149441826441503482e-12 3.180171670375869258e-12 1.263561271702249657e-12 -2.600052278907670698e-13 -2.846518995675380103e-13 7.730969370343467488e-13
1.668132423125620110e-12 -9.323543699498743280e-12 -7.495666416558655841e-12 9.928545874994015642e-12 -1.069836549429609612e-11 1.341502581277121229e-12 -3.483352443678905374e-12 3.899723897274229549e-12 -2.472881071041138302e-12 -5.075070713049801376e-12 -4.005783254343610800e-12 -2.011826779180059561e-12 -3.774617467367618303e-12 1.063756248375740277e-13 -5.318215899501923360e-13 -6.342813867571147592e-14 -1.523941519023583460e-12 4.156746623564962811e-13 1.873906786640417780e-12 8.149441826441503482e-12 1.369218420241770911e-11 6.088598776904264914e-12 1.155234441874181014e-12 -4.379846886374056011e-13 5.774521624592470816e-13 1.441353080790656341e-12
7.941924139983666451e-12 -1.431465570774103350e-11 -6.645596800285566786e-12 8.248310065924675214e-12 -1.738206414318038651e-12 -4.111498928399286696e-13 -1.205424419731785489e-12 2.486599287730350736e-12 -3.427852304521547846e-13 1.121299715931972678e-12 -2.179664690003043640e-13 2.236799813297914770e-13 -9.617481989442721584e-13 -1.971549930476314987e-13 -1.006811445249918823e-13 4.752280441785766613e-13 8.392272726942517046e-13 1.597572240800301512e-12 2.419583323001898052e-13 3.180171670375869258e-12 6.088598776904264914e-12 9.877207884373961749e-12 3.318984482109375247e-12 9.244343867403990320e-13 -1.016179497051850629e-13 7.572966465369024427e-13
-1.061640710800664783e-11 -1.787340868972235150e-12 2.218068434951021501e-12 1.357564900212088831e-11 -2.117650782863552267e-13 -3.057995748044942533e-12 3.321779608766654992e-12 2.590124842789266920e-12 1.533344982606654212e-12 3.070413815185228419e-12 3.509668812195246194e-12 1.831646425355730610e-12 -1.466802213980803582e-12 -7.375972091947400699e-13 -2.666521677358603320e-13 9.113208665827085350e-13 1.295445448455471131e-12 2.027150906100725422e-13 -6.568418781941765430e-13 1.263561271702249657e-12 1.155234441874181014e-12 3.318984482109375247e-12 7.611997781724668799e-12 2.394212255749818306e-12 1.183884688287809895e-13 5.530289780121432951e-13
-1.414526046207321329e-11 2.819300704940206066e-12 4.023649150781224671e-13 1.152150259300958542e-13 -5.332250112141035005e-13 2.070795077894713713e-12 -3.590387450217721524e-12 1.958903653883678155e-12 9.034469432512091872e-13 1.572342142915249623e-13 1.096497852920960125e-12 5.668392506948164747e-13 -2.961038090379935708e-13 -1.160649452540198750e-12 -3.811924408583597573e-13 -1.528394595011892943e-13 -5.456648744222348463e-13 -9.588859936845239655e-13 -1.375562915571237717e-12 -2.600052278907670698e-13 -4.379846886374056011e-13 9.244343867403990320e-13 2.394212255749818306e-12 6.399807097239070148e-12 1.187451648952577195e-12 2.038676477330536733e-13
5.640001340311116528e-12 1.275257097819589450e-11 5.956028819973652099e-12 -2.646703975399140791e-12 1.721114257614846554e-12 4.908327126531470282e-12 -1.811981586135465643e-12 2.377435566509051885e-12 -2.236386315168891196e-12 -1.748429673472411542e-12 2.987296443565110260e-13 -7.622502198247254508e-13 -7.641282393569209033e-13 -1.065231722273157390e-12 6.728912068995209205e-13 -8.141374170989056200e-13 -2.473686245224101774e-13 -7.639841147237014953e-13 -7.688258825132703041e-13 -2.846518995675380103e-13 5.774521624592470816e-13 -1.016179497051850629e-13 1.183884688287809895e-13 1.187451648952577195e-12 4.383974114199397231e-12 6.041351966970583674e-13
5.098554744851871655e-12 5.535652408178986926e-12 3.062254434936703334e-12 6.339984883923143810e-13 -8.298710083079741219e-13 -1.582001026737754814e-13 1.441613949766615122e-12 1.802106169466872455e-12 4.413483869183422449e-13 -1.132211183597469264e-12 -1.713949601979111156e-12 -7.563300782548690869e-13 -2.355599050583578382e-12 -2.453377286282167028e-12 -3.244542196281562314e-13 -1.262063459084357292e-13 -4.829730058161978198e-13 -1.062486973838170198e-13 2.929302009433266450e-13 7.730969370343467488e-13 1.441353080790656341e-12 7.572966465369024427e-13 5.530289780121432951e-13 2.038676477330536733e-13 6.041351966970583674e-13 3.786690579908290050e-12
