2.902679558221893232e-09 9.942138496715635015e-11 -2.556130766759538003e-10 -2.798886847154663928e-11 -4.602506409312374988e-11 -6.740471930077570314e-11 -7.583497685127778104e-11 -2.496625085992544463e-11 6.055225925872882734e-11 2.800524053769308350e-11 4.735910551511583628e-11 -2.550625197133515511e-12 3.257188601455692493e-11 2.781404337845462373e-11 1.047432194594252002e-11 1.280981240360236237e-11 -7.936449392167018471e-13 -6.460843381173433183e-12 -2.593554344645861760e-11 -2.484156790934477685e-12 5.497266926584477694e-12 3.038682156575182920e-12 8.372309027871762817e-12 -1.916045353649180621e-12 3.464837086446215461e-12 4.366543938245055414e-12
9.942138496715635015e-11 1.981690612483868735e-09 -6.619685242436723549e-11 -6.059067563075322450e-12 1.175253507877750185e-10 4.784112217143936113e-11 2.367325916696357116e-11 -1.405013110341256579e-12 -2.469605842703207821e-13 3.106439072739828850e-11 2.462754535201147520e-12 9.334153504395406914e-12 1.997073706438427392e-11 2.452162330221740441e-12 5.463909296941196247e-12 -3.173689377464951800e-12 -3.602135198840564900e-12 1.834629303477872231e-12 4.482840884646978961e-12 -5.900182649641097240e-12 -9.094392466916897077e-12 -8.196393335737026773e-12 -1.870229536295164520e-12 2.944669903459656816e-12 -2.910502367347159562e-12 -5.392613816147999545e-12
-2.556130766759538003e-10 -6.619685242436723549e-11 1.295042653091493162e-09 9.391959703290573961e-11 1.244865329101276633e-10 -4.720852691109594656e-11 8.718502010801543757e-12 2.018627327036188688e-11 2.967907271431709955e-11 1.637658896994194122e-11 -4.504235230692853543e-12 7.689975248372798410e-12 9.900408007296278137e-12 -3.456394367931643598e-12 -1.021936330441250498e-11 -1.226180515126599979e-11 3.165061840258783553e-12 1.043918148391486958e-11 1.440393342280580321e-11 1.816165214648986300e-11 3.911933628305804645e-12 3.930618254224479512e-12 7.419983543643586001e-12 1.114512727836407795e-11 -1.310469916128824908e-12 1.591239772501541818e-12
-2.798886847154663928e-11 -6.059067563075322450e-12 9.391959703290573961e-11 5.561929877088512558e-10 2.016164804983635830e-11 -7.305415365208864171e-12 -4.066865605389473674e-13 2.412662044589301988e-11 2.249759122767530038e-11 2.644791597586358661e-12 1.075322085605281152e-11 1.245242811461825627e-11 1.500054925348481691e-11 1.633632582561862865e-12 1.281608105355444301e-12 -5.259409627817348983e-13 -3.617746348396282506e-13 2.008674298825834307e-12 5.417057800232211857e-12 3.579976930567628809e-12 1.010531638331679667e-13 -1.847717989601495337e-12 -1.703543207480748889e-12 2.283043182044991909e-13 -6.899897793945311006e-12 -6.733186514766802354e-12
-4.602506409312374988e-11 1.175253507877750185e-10 1.244865329101276633e-10 2.016164804983635830e-11 4.335174187107391878e-10 5.767033881742426852e-12 -2.716229282895672010e-12 2.757557388193365571e-11 1.439047643205092091e-11 1.829346600736935825e-11 8.608687546000164861e-12 2.746557975080245813e-12 -1.087126102679398718e-11 -6.691466494667127777e-12 -5.905404854342841834e-12 -9.091204345405661933e-13 6.950884282957381373e-12 -1.852636644483584350e-12 2.896850567082717557e-12 4.362263471483494788e-13 -5.240801578317544510e-12 -5.574091812500863902e-12 -8.960164995855085515e-13 -1.794909755046249385e-12 5.356580245796277744e-12 2.935586053388286236e-12
-6.740471930077570314e-11 4.784112217143936113e-11 -4.720852691109594656e-11 -7.305415365208864171e-12 5.767033881742426852e-12 3.093920374908379220e-10 -1.624615634346725410e-12 2.555995652853561882e-11 -3.573222472141552802e-12 2.742775530884280547e-12 -1.754401921794758912e-12 1.127204205581309786e-12 4.889455512848574115e-12 3.390371710326583345e-13 -5.413457540802976645e-12 -3.586517991127033908e-12 6.073060088481692159e-12 7.764054875599944857e-12 7.279366276385322125e-12 4.948585680453048387e-12 1.032379043147591565e-11 1.482978938581072958e-12 7.026139057259215125e-13 -6.889148065378955952e-13 -3.903176204233836484e-12 -1.936354146320478791e-12
-7.583497685127778104e-11 2.367325916696357116e-11 8.718502010801543757e-12 -4.066865605389473674e-13 -2.716229282895672010e-12 -1.624615634346725410e-12 2.170841486610967092e-10 4.230411366437891295e-11 1.854195767512042320e-12 1.364148268835497445e-11 4.984019493651997588e-12 -6.048765464371074154e-12 -9.469648290496187084e-12 3.583253895552226757e-12 2.913038232716174267e-12 2.458793413586097654e-12 -7.788299881662330528e-12 -1.284514529887654470e-12 -3.012911180372775372e-12 -6.339468680949311056e-12 -2.178182871406489885e-12 -2.469053560204336614e-12 -3.540820760970810314e-12 2.852836965665466777e-12 3.325438224445734262e-12 8.869366783915920276e-13
-2.496625085992544463e-11 -1.405013110341256579e-12 2.018627327036188688e-11 2.412662044589301988e-11 2.757557388193365571e-11 2.555995652853561882e-11 4.230411366437891295e-11 1.630457448236198010e-10 6.360289969506118139e-12 1.317670928551260881e-11 3.799255990593210210e-12 2.934406664215360854e-12 6.164012592960945010e-12 3.369139888137634938e-12 4.997459719139020086e-12 3.176595358641747061e-12 4.396120887705161956e-12 1.081808730753323164e-12 -6.612827444770659636e-14 7.126731015387176029e-13 -1.422345377085921352e-12 -3.798923454776247188e-12 -3.511116417174994234e-12 -1.505153416989562007e-12 8.827437548508922326e-13 1.047703278939275548e-12
6.055225925872882734e-11 -2.469605842703207821e-13 2.967907271431709955e-11 2.249759122767530038e-11 1.439047643205092091e-11 -3.573222472141552802e-12 1.854195767512042320e-12 6.360289969506118139e-12 9.531681231237431032e-11 1.294198576549276677e-11 8.230080365737673182e-12 7.317316665681067093e-12 1.389530182514358997e-11 9.103710406881495673e-12 8.588042008577583628e-12 5.111438487060834357e-12 3.391815160808309438e-12 1.636808392126466653e-12 5.627105031196153693e-13 1.847881803845974064e-12 3.110799199131229303e-12 -1.227917278276786255e-12 2.426370790259512934e-13 -6.187437814553599147e-13 -8.325674283376124637e-13 -1.904773330293142545e-12
2.800524053769308350e-11 3.106439072739828850e-11 1.637658896994194122e-11 2.644791597586358661e-12 1.829346600736935825e-11 2.742775530884280547e-12 1.364148268835497445e-11 1.317670928551260881e-11 1.294198576549276677e-11 6.047927605055650646e-11 1.483747479615774942e-11 2.445114967264769048e-12 3.165988362478450679e-12 2.935710350317073938e-12 1.119398955318099917e-12 -4.540657813523575333e-13 -2.563127170897603598e-12 -4.008535957936364078e-12 3.631660379619807165e-13 -1.114776727455170482e-13 1.444741707022956345e-13 -8.073066487967495828e-13 -1.456408994339282454e-13 1.404351856133649484e-12 2.092226473378756389e-13 -1.449239455910341063e-12
4.735910551511583628e-11 2.462754535201147520e-12 -4.504235230692853543e-12 1.075322085605281152e-11 8.608687546000164861e-12 -1.754401921794758912e-12 4.984019493651997588e-12 3.799255990593210210e-12 8.230080365737673182e-12 1.483747479615774942e-11 5.215731946125753336e-11 1.626201094209083163e-11 1.344929136768255343e-11 4.389128221051704251e-12 1.616292775760604851e-12 7.152847949753567011e-13 2.255404524749344382e-13 5.001040164818064849e-14 -1.115187315625465473e-12 -2.841830529398350870e-13 -8.174078470536219557e-13 4.904611773901715844e-13 -2.954092665448312334e-13 -8.547964850964573912e-14 3.363922790350820388e-13 -8.550581158623762147e-13
-2.550625197133515511e-12 9.334153504395406914e-12 7.689975248372798410e-12 1.245242811461825627e-11 2.746557975080245813e-12 1.127204205581309786e-12 -6.048765464371074154e-12 2.934406664215360854e-12 7.317316665681067093e-12 2.445114967264769048e-12 1.626201094209083163e-11 4.201757871246920049e-11 2.074266925068990627e-11 7.000349233746705248e-12 5.863402834072162592e-12 4.604983890941891921e-12 3.872132516814044786e-12 1.502333973187236711e-12 -1.362838494477247881e-12 -1.909525493461243554e-12 -2.037595432271569783e-12 -1.686736580062153884e-12 -1.257823009620852383e-12 -7.065945312878708889e-13 6.729215593264143631e-13 -4.796563882996771930e-13
3.257188601455692493e-11 1.997073706438427392e-11 9.900408007296278137e-12 1.500054925348481691e-11 -1.087126102679398718e-11 4.889455512848574115e-12 -9.469648290496187084e-12 6.164012592960945010e-12 1.389530182514358997e-11 3.165988362478450679e-12 1.344929136768255343e-11 2.074266925068990627e-11 4.020093636241903775e-11 1.415927524809031574e-11 8.209082458675223277e-12 4.422291303539839131e-12 1.218961901497355614e-12 5.042396878926282667e-13 1.550548873250870300e-12 2.355506903228090268e-12 -8.534174803490614458e-13 -2.285336860726627195e-12 -1.332890917010123843e-12 -1.427273044844155958e-12 -5.170868849054437948e-13 1.587674125665247131e-13
2.781404337845462373e-11 2.452162330221740441e-12 -3.456394367931643598e-12 1.633632582561862865e-12 -6.691466494667127777e-12 3.390371710326583345e-13 3.583253895552226757e-12 3.369139888137634938e-12 9.103710406881495673e-12 2.935710350317073938e-12 4.389128221051704251e-12 7.000349233746705248e-12 1.415927524809031574e-11 2.950712379333137063e-11 1.166793334417252496e-11 6.921140049535591562e-12 2.823161636393007768e-12 2.630059326259915846e-12 6.491262908395343821e-13 1.127207638855555809e-12 -8.990616982691543353e-13 -2.464549877705956547e-12 -2.598276847322965163e-12 -1.232643482777104533e-12 -1.008868198123332261e-12 -1.035565384321447386e-12
1.047432194594252002e-11 5.463909296941196247e-12 -1.021936330441250498e-11 1.281608105355444301e-12 -5.905404854342841834e-12 -5.413457540802976645e-12 2.913038232716174267e-12 4.997459719139020086e-12 8.588042008577583628e-12 1.119398955318099917e-12 1.616292775760604851e-12 5.863402834072162592e-12 8.209082458675223277e-12 1.166793334417252496e-11 1.926354715733606191e-11 9.421920429595881063e-12 4.340329065351698103e-12 1.329344485116913692e-12 -2.410371406791358168e-13 1.324753174535391471e-12 -3.214542850145898002e-13 -1.890462044904622333e-12 -1.884152274475583147e-12 -5.798950624707479371e-13 3.253655373737449500e-13 2.986932187974920545e-13
1.280981240360236237e-11 -3.173689377464951800e-12 -1.226180515126599979e-11 -5.259409627817348983e-13 -9.091204345405661933e-13 -3.586517991127033908e-12 2.458793413586097654e-12 3.176595358641747061e-12 5.111438487060834357e-12 -4.540657813523575333e-13 7.152847949753567011e-13 4.604983890941891921e-12 4.422291303539839131e-12 6.921140049535591562e-12 9.421920429595881063e-12 1.932394266214159338e-11 8.524078708828079253e-12 1.916584316595448724e-12 1.917848572508555913e-13 -1.565351475956059262e-12 -7.858749274556332507e-13 -1.625440820663224588e-12 -1.576608237388638666e-12 4.727665067105931044e-13 -2.753061850449432629e-14 4.160435649770381856e-13
-7.936449392167018471e-13 -3.602135198840564900e-12 3.165061840258783553e-12 -3.617746348396282506e-13 6.950884282957381373e-12 6.073060088481692159e-12 -7.788299881662330528e-12 4.396120887705161956e-12 3.391815160808309438e-12 -2.563127170897603598e-12 2.255404524749344382e-13 3.872132516814044786e-12 1.218961901497355614e-12 2.823161636393007768e-12 4.340329065351698103e-12 8.524078708828079253e-12 1.499346809292516627e-11 5.844723524672928197e-12 1.067988590749739756e-12 -5.197587569103346758e-13 2.372535598818150948e-13 -8.020907626170816038e-13 -1.348741134407795121e-12 -7.591180205014923107e-14 3.303377146224665165e-13 4.150916380454994995e-13
-6.460843381173433183e-12 1.834629303477872231e-12 1.043918148391486958e-11 2.008674298825834307e-12 -1.852636644483584350e-12 7.764054875599944857e-12 -1.284514529887654470e-12 1.081808730753323164e-12 1.636808392126466653e-12 -4.008535957936364078e-12 5.001040164818064849e-14 1.502333973187236711e-12 5.042396878926282667e-13 2.630059326259915846e-12 1.329344485116913692e-12 1.916584316595448724e-12 5.844723524672928197e-12 1.348394250091881452e-11 5.430159856606711214e-12 2.324087048787780503e-12 1.770493837434093997e-12 1.384021605204390100e-12 2.469182210685347541e-13 -3.374760628816035398e-13 4.358819464431961396e-13 -6.821524033789002784e-15
-2.593554344645861760e-11 4.482840884646978961e-12 1.440393342280580321e-11 5.417057800232211857e-12 2.896850567082717557e-12 7.279366276385322125e-12 -3.012911180372775372e-12 -6.612827444770659636e-14 5.627105031196153693e-13 3.631660379619807165e-13 -1.115187315625465473e-12 -1.362838494477247881e-12 1.550548873250870300e-12 6.491262908395343821e-13 -2.410371406791358168e-13 1.917848572508555913e-13 1.067988590749739756e-12 5.430159856606711214e-12 1.126862467019424258e-11 5.102678778724705363e-12 1.904422045255945561e-12 1.922068106940347678e-12 8.666993561734129552e-13 -4.942237055372052863e-13 4.716623648524456035e-13 -1.607249700654126967e-13
-2.484156790934477685e-12 -5.900182649641097240e-12 1.816165214648986300e-11 3.579976930567628809e-12 4.362263471483494788e-13 4.948585680453048387e-12 -6.339468680949311056e-12 7.126731015387176029e-13 1.847881803845974064e-12 -1.114776727455170482e-13 -2.841830529398350870e-13 -1.909525493461243554e-12 2.355506903228090268e-12 1.127207638855555809e-12 1.324753174535391471e-12 -1.565351475956059262e-12 -5.197587569103346758e-13 2.324087048787780503e-12 5.102678778724705363e-12 1.067262061690707024e-11 4.227486964719500124e-12 2.586422667113666632e-12 1.236497817790593309e-13 -1.262961729148385683e-13 -2.486122334533405741e-13 -1.206027826707283233e-12
5.497266926584477694e-12 -9.094392466916897077e-12 3.911933628305804645e-12 1.010531638331679667e-13 -5.240801578317544510e-12 1.032379043147591565e-11 -2.178182871406489885e-12 -1.422345377085921352e-12 3.110799199131229303e-12 1.444741707022956345e-13 -8.174078470536219557e-13 -2.037595432271569783e-12 -8.534174803490614458e-13 -8.990616982691543353e-13 -3.214542850145898002e-13 -7.858749274556332507e-13 2.372535598818150948e-13 1.770493837434093997e-12 1.904422045255945561e-12 4.227486964719500124e-12 9.523943858664149955e-12 3.795480578837010788e-12 9.049724585222990037e-13 -2.154940431810348778e-13 -2.608462474945349523e-13 -3.241087937863153490e-13
3.038682156575182920e-12 -8.196393335737026773e-12 3.930618254224479512e-12 -1.847717989601495337e-12 -5.574091812500863902e-12 1.482978938581072958e-12 -2.469053560204336614e-12 -3.798923454776247188e-12 -1.227917278276786255e-12 -8.073066487967495828e-13 4.904611773901715844e-13 -1.686736580062153884e-12 -2.285336860726627195e-12 -2.464549877705956547e-12 -1.890462044904622333e-12 -1.625440820663224588e-12 -8.020907626170816038e-13 1.384021605204390100e-12 1.922068106940347678e-12 2.586422667113666632e-12 3.795480578837010788e-12 7.732710072602812933e-12 3.153122381039909210e-12 -7.838196068437514566e-14 3.223859963651705959e-13 -3.769155155830194325e-13
8.372309027871762817e-12 -1.870229536295164520e-12 7.419983543643586001e-12 -1.703543207480748889e-12 -8.960164995855085515e-13 7.026139057259215125e-13 -3.540820760970810314e-12 -3.511116417174994234e-12 2.426370790259512934e-13 -1.456408994339282454e-13 -2.954092665448312334e-13 -1.257823009620852383e-12 -1.332890917010123843e-12 -2.598276847322965163e-12 -1.884152274475583147e-12 -1.576608237388638666e-12 -1.348741134407795121e-12 2.469182210685347541e-13 8.666993561734129552e-13 1.236497817790593309e-13 9.049724585222990037e-13 3.153122381039909210e-12 5.689889353768342581e-12 1.411952873880374590e-12 2.169169182469418226e-13 -4.210642744836709931e-13
-1.916045353649180621e-12 2.944669903459656816e-12 1.114512727836407795e-11 2.283043182044991909e-13 -1.794909755046249385e-12 -6.889148065378955952e-13 2.852836965665466777e-12 -1.505153416989562007e-12 -6.187437814553599147e-13 1.404351856133649484e-12 -8.547964850964573912e-14 -7.065945312878708889e-13 -1.427273044844155958e-12 -1.232643482777104533e-12 -5.798950624707479371e-13 4.727665067105931044e-13 -7.591180205014923107e-14 -3.374760628816035398e-13 -4.942237055372052863e-13 -1.262961729148385683e-13 -2.154940431810348778e-13 -7.838196068437514566e-14 1.411952873880374590e-12 4.905431220242809910e-12 8.857005003146964194e-13 7.588061390601000378e-14
3.464837086446215461e-12 -2.910502367347159562e-12 -1.310469916128824908e-12 -6.899897793945311006e-12 5.356580245796277744e-12 -3.903176204233836484e-12 3.325438224445734262e-12 8.827437548508922326e-13 -8.325674283376124637e-13 2.092226473378756389e-13 3.363922790350820388e-13 6.729215593264143631e-13 -5.170868849054437948e-13 -1.008868198123332261e-12 3.253655373737449500e-13 -2.753061850449432629e-14 3.303377146224665165e-13 4.358819464431961396e-13 4.716623648524456035e-13 -2.486122334533405741e-13 -2.608462474945349523e-13 3.223859963651705959e-13 2.169169182469418226e-13 8.857005003146964194e-13 3.097194965608940248e-12 9.226691159742894737e-13
4.366543938245055414e-12 -5.392613816147999545e-12 1.591239772501541818e-12 -6.733186514766802354e-12 2.935586053388286236e-12 -1.936354146320478791e-12 8.869366783915920276e-13 1.047703278939275548e-12 -1.904773330293142545e-12 -1.449239455910341063e-12 -8.550581158623762147e-13 -4.796563882996771930e-13 1.587674125665247131e-13 -1.035565384321447386e-12 2.986932187974920545e-13 4.160435649770381856e-13 4.150916380454994995e-13 -6.821524033789002784e-15 -1.607249700654126967e-13 -1.206027826707283233e-12 -3.241087937863153490e-13 -3.769155155830194325e-13 -4.210642744836709931e-13 7.588061390601000378e-14 9.226691159742894737e-13 3.269183868869988871e-12
