3.804898646894790395e-09 2.351470307983557608e-10 8.000950674206977885e-11 -7.778807033617985685e-11 -4.532376765622848937e-11 3.037402865953295768e-11 -2.336964518682735993e-11 -3.385639744932872309e-11 -1.626963160246814188e-11 -5.940799413512821222e-12 -1.741625489006875590e-11 -1.475097212947371478e-11 -2.277448453594782012e-12 -2.389564654218504506e-11 -3.874607981420248505e-11 -4.173065265365655313e-11 -1.537991350046348090e-11 1.086764839304008125e-11 -2.777919288041004246e-11 -1.268357389582980133e-11 -1.313611520010443077e-11 -1.232530662332505477e-11 -2.637726680116060803e-12 -1.780344362790253718e-12 -2.166593155878209340e-12 -1.930878111445860969e-12
2.351470307983557608e-10 2.012669138878399890e-09 -2.357867060463266824e-10 -2.054445712857361775e-10 5.798834745154143081e-11 -8.082728005886328441e-11 -2.737563118807108140e-11 -2.337856467424644530e-11 1.244043719589698723e-10 6.427835617561493303e-11 2.657290898332960368e-11 1.778548181103706131e-11 1.985400235796911271e-11 3.452067249413390691e-13 4.157479288113038743e-12 -1.902641896689755208e-11 5.924459687170189400e-12 -3.976915348819240998e-12 2.059428542525542884e-12 1.312802849304136258e-11 6.249701732857055124e-12 3.036277483943064222e-12 1.112097557828182737e-12 -4.448174867887955624e-12 -3.463893551088439354e-12 -6.266528691743228542e-13
8.000950674206977885e-11 -2.357867060463266824e-10 1.613252459165627657e-09 5.851962393845337903e-11 -1.953416455252484062e-11 4.047926354117503153e-11 -6.895766736389058011e-12 -1.650212696812984693e-11 -5.077126653378093218e-11 -5.601742449173331246e-11 -4.872577885903266421e-11 -9.150775700070970170e-12 -1.545938505897084442e-11 -2.120574737838160026e-11 -1.200775789811017394e-11 -2.484221431425247411e-11 -9.642772510463263989e-12 -7.409967793281165013e-12 -9.135013146664803397e-12 -4.309200012233802800e-12 -1.017605996935742799e-11 -9.253585945829842490e-12 -1.125780890835572481e-12 1.813756003589205998e-12 7.270232046419748227e-13 -7.066522475761627638e-12
-7.778807033617985685e-11 -2.054445712857361775e-10 5.851962393845337903e-11 1.030707124550064375e-09 -6.615456428058965161e-11 -2.840531692158065084e-11 -5.071682170825113080e-11 4.487376496281864312e-11 -3.685829224725385462e-11 -1.710109356376673525e-11 1.332440408580480965e-13 3.924967677334904946e-12 4.421306868502854225e-12 1.128211265867324095e-11 1.288419126955697081e-11 -1.348385597730189053e-11 3.627848430563116408e-12 9.180900404319771839e-12 8.787259117399271369e-12 5.650956443383894377e-12 -2.364843456384384159e-12 7.095101362290338703e-12 4.041308294483617819e-12 -5.987535954151189021e-15 -4.328429065305659545e-12 2.209326809538377575e-12
-4.532376765622848937e-11 5.798834745154143081e-11 -1.953416455252484062e-11 -6.615456428058965161e-11 5.952559280555022129e-10 2.497826999622245391e-11 1.280077246871736252e-11 7.744197457997026301e-11 1.168508234194990763e-11 2.553795057012387548e-12 2.457774372864515834e-11 -8.813127137955066461e-12 -5.972756266922147895e-12 1.092313444910073539e-12 2.053106885295699118e-12 2.682044674471257532e-12 -4.513300427448812069e-12 6.533967067969452503e-12 2.137552779681582866e-12 -9.071223123531090387e-12 -6.867151903334229504e-12 -5.013436577789302840e-12 -2.102908841217708846e-12 2.126618329236079484e-12 1.258256797735795125e-12 -1.266924767975980226e-12
3.037402865953295768e-11 -8.082728005886328441e-11 4.047926354117503153e-11 -2.840531692158065084e-11 2.497826999622245391e-11 5.061026587416606953e-10 3.696282334728517761e-11 3.901802587068220438e-11 3.740549436503025470e-11 2.224469166742871282e-11 2.799773108248301419e-12 1.763442957123770164e-11 -1.091965977429800741e-11 -7.074352156489641125e-12 3.153741920367004757e-12 3.975810631566938170e-12 2.877207394763328083e-12 7.085662771964999518e-12 -1.347932635428720764e-12 1.628837293004747030e-12 2.964068537718291949e-12 -4.637178192428223749e-12 -2.938244147502565007e-12 -6.227900850140261877e-12 2.254769672353009426e-12 7.189519602172774678e-13
-2.336964518682735993e-11 -2.737563118807108140e-11 -6.895766736389058011e-12 -5.071682170825113080e-11 1.280077246871736252e-11 3.696282334728517761e-11 3.257557861616604616e-10 -5.866804253213250977e-12 -6.051451479938829746e-13 -3.953012703290564744e-12 -5.008588969921000756e-12 1.428667647588584809e-12 5.721118245244406949e-12 7.335002301075419879e-12 -5.196091529826940973e-12 1.496349299743216340e-12 -1.013798517333499947e-11 3.823532338755353110e-13 -1.552643720133430355e-12 -7.850751911620045970e-12 -3.041251274953379123e-12 -4.696159435588319096e-12 -2.609535804070769663e-12 -2.279707995382901320e-13 1.822744145433469799e-12 -1.684957979037228821e-12
-3.385639744932872309e-11 -2.337856467424644530e-11 -1.650212696812984693e-11 4.487376496281864312e-11 7.744197457997026301e-11 3.901802587068220438e-11 -5.866804253213250977e-12 1.897627602149849031e-10 3.536763641831473568e-12 1.085654083063538540e-11 1.826917891142549005e-11 1.335982645090864054e-12 5.596809899444830746e-12 3.493272980089699883e-12 -2.509864970929612242e-12 5.060067788612516727e-13 2.066402700553912231e-12 3.960880210545050411e-12 2.221321631683798022e-13 -2.750597074375559256e-13 -2.825249286899874301e-12 4.122457665993606253e-12 3.518276142874776496e-12 -9.818903728063073057e-13 4.081767832963584453e-13 -1.131570179763139514e-12
-1.626963160246814188e-11 1.244043719589698723e-10 -5.077126653378093218e-11 -3.685829224725385462e-11 1.168508234194990763e-11 3.740549436503025470e-11 -6.051451479938829746e-13 3.536763641831473568e-12 1.260552554961169105e-10 2.289431620309340827e-11 7.123258322433421658e-12 7.646700327601356917e-12 3.513830103049455289e-12 5.499458526684224981e-12 -4.325890539961864961e-12 2.239912375378216271e-12 -4.122060163555226997e-13 -1.117819046298604486e-12 -9.151217078146250712e-13 2.904999583355238173e-13 1.146085775220098707e-12 -2.836747270917057041e-13 8.837300100658362081e-14 -8.813211450752945792e-13 -6.170292813241594241e-13 1.329859588351854795e-14
-5.940799413512821222e-12 6.427835617561493303e-11 -5.601742449173331246e-11 -1.710109356376673525e-11 2.553795057012387548e-12 2.224469166742871282e-11 -3.953012703290564744e-12 1.085654083063538540e-11 2.289431620309340827e-11 8.552134570258397374e-11 1.785406705541299439e-11 4.596159738890840310e-12 5.694226308594511120e-12 1.253282116562528846e-12 -1.501106416165663457e-13 1.459333206744706953e-12 6.117468354172419008e-12 2.827951895263008220e-12 7.465648763324021628e-13 -3.484461494660154019e-14 2.133037605721365348e-12 2.928048338112849632e-12 1.544971893975417937e-12 -3.830247073240554616e-13 8.907607912100830479e-13 2.786905269592843610e-13
-1.741625489006875590e-11 2.657290898332960368e-11 -4.872577885903266421e-11 1.332440408580480965e-13 2.457774372864515834e-11 2.799773108248301419e-12 -5.008588969921000756e-12 1.826917891142549005e-11 7.123258322433421658e-12 1.785406705541299439e-11 5.901296133854003641e-11 1.072248375156418593e-11 6.394063884062483491e-12 6.034762426332174591e-12 -3.472325829661275460e-13 1.926886231903902155e-12 1.199341808644504958e-12 7.776907899433553824e-14 2.255933835386615185e-12 2.016226426963778613e-12 2.568438838353485748e-13 1.880149748409749390e-12 3.647516569386564686e-13 3.911425432500034406e-13 1.096894066235142040e-12 3.427579594942554013e-13
-1.475097212947371478e-11 1.778548181103706131e-11 -9.150775700070970170e-12 3.924967677334904946e-12 -8.813127137955066461e-12 1.763442957123770164e-11 1.428667647588584809e-12 1.335982645090864054e-12 7.646700327601356917e-12 4.596159738890840310e-12 1.072248375156418593e-11 4.395055242612636044e-11 6.964959953959727943e-12 2.949132257761963644e-12 6.575429523549301013e-12 -1.500078877423654859e-13 -2.321230926971474650e-12 -1.268735655082961470e-12 -5.351868839751777105e-13 -1.009867869131317741e-12 -2.466990743786440373e-12 -1.134353049265390361e-12 -3.086720228650198730e-12 -7.217291186047724406e-13 -5.805895045474514356e-13 1.379640117183071709e-13
-2.277448453594782012e-12 1.985400235796911271e-11 -1.545938505897084442e-11 4.421306868502854225e-12 -5.972756266922147895e-12 -1.091965977429800741e-11 5.721118245244406949e-12 5.596809899444830746e-12 3.513830103049455289e-12 5.694226308594511120e-12 6.394063884062483491e-12 6.964959953959727943e-12 3.089551764143950164e-11 8.523315376279852206e-12 3.815534573549038181e-12 2.032206254060272721e-12 -9.907721058127767157e-13 -3.545789137183384591e-13 5.640613373712937450e-14 -8.852673921808987941e-13 8.725096541522635936e-13 -2.947344580215981683e-13 -5.088096201221767299e-13 2.817058857462686724e-13 -5.177916704347755738e-13 -4.993759847066536267e-13
-2.389564654218504506e-11 3.452067249413390691e-13 -2.120574737838160026e-11 1.128211265867324095e-11 1.092313444910073539e-12 -7.074352156489641125e-12 7.335002301075419879e-12 3.493272980089699883e-12 5.499458526684224981e-12 1.253282116562528846e-12 6.034762426332174591e-12 2.949132257761963644e-12 8.523315376279852206e-12 2.350093108835383733e-11 9.478313025917251573e-12 5.985823927279724993e-12 -2.325961860744521783e-12 -7.873596395305213130e-14 7.302486269719822804e-13 5.702846026451497206e-13 -5.606158098688901289e-13 -2.349608514887116193e-13 2.137777498778698800e-13 4.905350948223493358e-13 -2.853248700887512029e-13 -1.957784585498054429e-13
-3.874607981420248505e-11 4.157479288113038743e-12 -1.200775789811017394e-11 1.288419126955697081e-11 2.053106885295699118e-12 3.153741920367004757e-12 -5.196091529826940973e-12 -2.509864970929612242e-12 -4.325890539961864961e-12 -1.501106416165663457e-13 -3.472325829661275460e-13 6.575429523549301013e-12 3.815534573549038181e-12 9.478313025917251573e-12 2.321908021493108238e-11 7.849996829735829997e-12 1.862619459127747500e-12 3.334795861667530482e-13 2.219583615960553092e-12 1.176362251961589437e-13 -4.192173707022310646e-13 3.405188911584177606e-13 9.052766400020886309e-15 7.870361443527167343e-13 -2.791740073949302224e-15 -2.101152361093952335e-13
-4.173065265365655313e-11 -1.902641896689755208e-11 -2.484221431425247411e-11 -1.348385597730189053e-11 2.682044674471257532e-12 3.975810631566938170e-12 1.496349299743216340e-12 5.060067788612516727e-13 2.239912375378216271e-12 1.459333206744706953e-12 1.926886231903902155e-12 -1.500078877423654859e-13 2.032206254060272721e-12 5.985823927279724993e-12 7.849996829735829997e-12 1.573052864352822941e-11 3.791897466527111220e-12 1.061096795920344575e-12 8.585981195135461909e-13 1.049306062175164445e-12 8.327963742521581183e-13 1.361412481508548034e-12 1.349623348679492812e-14 2.050223337157872394e-13 4.533656337203363961e-13 6.787790945256982559e-13
-1.537991350046348090e-11 5.924459687170189400e-12 -9.642772510463263989e-12 3.627848430563116408e-12 -4.513300427448812069e-12 2.877207394763328083e-12 -1.013798517333499947e-11 2.066402700553912231e-12 -4.122060163555226997e-13 6.117468354172419008e-12 1.199341808644504958e-12 -2.321230926971474650e-12 -9.907721058127767157e-13 -2.325961860744521783e-12 1.862619459127747500e-12 3.791897466527111220e-12 1.374866885042687040e-11 4.076575995242787863e-12 1.274334911059954983e-12 1.180832704240002684e-12 2.316865607354799158e-12 1.035230430262560685e-12 6.281936698387623141e-13 -1.390321897559436887e-13 1.985731793771423783e-13 -9.470955481626619747e-14
1.086764839304008125e-11 -3.976915348819240998e-12 -7.409967793281165013e-12 9.180900404319771839e-12 6.533967067969452503e-12 7.085662771964999518e-12 3.823532338755353110e-13 3.960880210545050411e-12 -1.117819046298604486e-12 2.827951895263008220e-12 7.776907899433553824e-14 -1.268735655082961470e-12 -3.545789137183384591e-13 -7.873596395305213130e-14 3.334795861667530482e-13 1.061096795920344575e-12 4.076575995242787863e-12 9.830862760414874733e-12 2.885008401842521719e-12 1.806471843528539486e-12 1.686728233326282319e-12 -3.525826758080417387e-13 -1.717407501885570293e-13 -4.425764224979792066e-13 -3.766799125803340266e-13 -6.770922877343174913e-13
-2.777919288041004246e-11 2.059428542525542884e-12 -9.135013146664803397e-12 8.787259117399271369e-12 2.137552779681582866e-12 -1.347932635428720764e-12 -1.552643720133430355e-12 2.221321631683798022e-13 -9.151217078146250712e-13 7.465648763324021628e-13 2.255933835386615185e-12 -5.351868839751777105e-13 5.640613373712937450e-14 7.302486269719822804e-13 2.219583615960553092e-12 8.585981195135461909e-13 1.274334911059954983e-12 2.885008401842521719e-12 8.610089890955978830e-12 2.692934155178336720e-12 1.584440563708624353e-12 -1.951410376434363016e-13 4.183946131398401420e-13 2.335512287587344990e-15 -1.326891664592559361e-13 -3.269853847792453609e-13
-1.268357389582980133e-11 1.312802849304136258e-11 -4.309200012233802800e-12 5.650956443383894377e-12 -9.071223123531090387e-12 1.628837293004747030e-12 -7.850751911620045970e-12 -2.750597074375559256e-13 2.904999583355238173e-13 -3.484461494660154019e-14 2.016226426963778613e-12 -1.009867869131317741e-12 -8.852673921808987941e-13 5.702846026451497206e-13 1.176362251961589437e-13 1.049306062175164445e-12 1.180832704240002684e-12 1.806471843528539486e-12 2.692934155178336720e-12 7.593759125819893554e-12 1.683993261742414683e-12 -2.338790457442872329e-13 2.046405111485663026e-13 -3.775806436251852519e-13 -3.585254418440688696e-13 -9.757426044714779052e-14
-1.313611520010443077e-11 6.249701732857055124e-12 -1.017605996935742799e-11 -2.364843456384384159e-12 -6.867151903334229504e-12 2.964068537718291949e-12 -3.041251274953379123e-12 -2.825249286899874301e-12 1.146085775220098707e-12 2.133037605721365348e-12 2.568438838353485748e-13 -2.466990743786440373e-12 8.725096541522635936e-13 -5.606158098688901289e-13 -4.192173707022310646e-13 8.327963742521581183e-13 2.316865607354799158e-12 1.686728233326282319e-12 1.584440563708624353e-12 1.683993261742414683e-12 5.936055505681281101e-12 1.268439329693136038e-12 1.071665357979134169e-13 -7.501515415051265030e-13 5.560705643209952237e-14 2.068112995784482103e-14
-1.232530662332505477e-11 3.036277483943064222e-12 -9.253585945829842490e-12 7.095101362290338703e-12 -5.013436577789302840e-12 -4.637178192428223749e-12 -4.696159435588319096e-12 4.122457665993606253e-12 -2.836747270917057041e-13 2.928048338112849632e-12 1.880149748409749390e-12 -1.134353049265390361e-12 -2.947344580215981683e-13 -2.349608514887116193e-13 3.405188911584177606e-13 1.361412481508548034e-12 1.035230430262560685e-12 -3.525826758080417387e-13 -1.951410376434363016e-13 -2.338790457442872329e-13 1.268439329693136038e-12 4.971144319028276028e-12 1.561667665496452492e-12 1.038464117476974015e-13 4.481639146966922857e-13 4.651876130912393537e-13
-2.637726680116060803e-12 1.112097557828182737e-12 -1.125780890835572481e-12 4.041308294483617819e-12 -2.102908841217708846e-12 -2.938244147502565007e-12 -2.609535804070769663e-12 3.518276142874776496e-12 8.837300100658362081e-14 1.544971893975417937e-12 3.647516569386564686e-13 -3.086720228650198730e-12 -5.088096201221767299e-13 2.137777498778698800e-13 9.052766400020886309e-15 1.349623348679492812e-14 6.281936698387623141e-13 -1.717407501885570293e-13 4.183946131398401420e-13 2.046405111485663026e-13 1.071665357979134169e-13 1.561667665496452492e-12 3.211222324369564228e-12 8.305330374197664419e-13 5.077942341267740447e-13 2.270585955109289773e-13
-1.780344362790253718e-12 -4.448174867887955624e-12 1.813756003589205998e-12 -5.987535954151189021e-15 2.126618329236079484e-12 -6.227900850140261877e-12 -2.279707995382901320e-13 -9.818903728063073057e-13 -8.813211450752945792e-13 -3.830247073240554616e-13 3.911425432500034406e-13 -7.217291186047724406e-13 2.817058857462686724e-13 4.905350948223493358e-13 7.870361443527167343e-13 2.050223337157872394e-13 -1.390321897559436887e-13 -4.425764224979792066e-13 2.335512287587344990e-15 -3.775806436251852519e-13 -7.501515415051265030e-13 1.038464117476974015e-13 8.305330374197664419e-13 3.186052826891448794e-12 6.288835064068621478e-13 2.863032809146195880e-13
-2.166593155878209340e-12 -3.463893551088439354e-12 7.270232046419748227e-13 -4.328429065305659545e-12 1.258256797735795125e-12 2.254769672353009426e-12 1.822744145433469799e-12 4.081767832963584453e-13 -6.170292813241594241e-13 8.907607912100830479e-13 1.096894066235142040e-12 -5.805895045474514356e-13 -5.177916704347755738e-13 -2.853248700887512029e-13 -2.791740073949302224e-15 4.533656337203363961e-13 1.985731793771423783e-13 -3.766799125803340266e-13 -1.326891664592559361e-13 -3.585254418440688696e-13 5.560705643209952237e-14 4.481639146966922857e-13 5.077942341267740447e-13 6.288835064068621478e-13 1.691140983876315371e-12 4.450959964120010034e-13
-1.930878111445860969e-12 -6.266528691743228542e-13 -7.066522475761627638e-12 2.209326809538377575e-12 -1.266924767975980226e-12 7.189519602172774678e-13 -1.684957979037228821e-12 -1.131570179763139514e-12 1.329859588351854795e-14 2.786905269592843610e-13 3.427579594942554013e-13 1.379640117183071709e-13 -4.993759847066536267e-13 -1.957784585498054429e-13 -2.101152361093952335e-13 6.787790945256982559e-13 -9.470955481626619747e-14 -6.770922877343174913e-13 -3.269853847792453609e-13 -9.757426044714779052e-14 2.068112995784482103e-14 4.651876130912393537e-13 2.270585955109289773e-13 2.863032809146195880e-13 4.450959964120010034e-13 1.799976621562725929e-12
