1.893406553325202489e-09 1.408756878309120572e-10 1.763877925786868093e-10 2.278182430576482608e-11 3.380130138163579934e-11 2.807707485215694898e-11 -2.315665083199668657e-11 -1.914282817419726290e-11 1.049631793730921882e-11 2.723224867861683678e-11 3.010988078221265929e-11 4.003706705376345841e-12 1.583388252396233082e-11 -2.210483076323969462e-12 -2.758204824320211077e-13 -1.625501732831212731e-11 -8.447913612456649923e-12 -1.753867955652247775e-11 -8.029989019720813413e-12 9.374854787631857882e-13 1.725049519291469410e-11 4.845784709991174805e-12 -6.376456570741002643e-12 -2.693239490508318209e-12 -1.657843759614003277e-12 1.561120673163805960e-13
1.408756878309120572e-10 1.166194537114748365e-09 1.590842470325448371e-10 1.439898429378693058e-10 -8.063448322333040640e-12 6.015030942812541841e-12 -2.367370999400122491e-11 2.134431707283897692e-11 -4.829786550084984033e-11 -8.534832652468663800e-12 3.965987594843266371e-12 3.803678601337066177e-12 4.497353945561523190e-12 1.919602436800561169e-11 1.712678457532555501e-12 -6.102532876354486738e-12 1.776688245000527219e-11 8.104500111038432557e-12 -4.884460092662384948e-12 1.521217730370795621e-12 8.544195366432909419e-12 4.248769445671032220e-12 -3.855230707902443247e-13 4.565382368600501680e-13 3.544488357810692347e-12 2.106520152247505493e-13
1.763877925786868093e-10 1.590842470325448371e-10 7.650923426305715288e-10 5.388150495692395107e-11 1.230628780444315866e-11 -2.340809364873112711e-11 4.844492207688360003e-12 -1.575536299745152534e-11 7.122348439315872426e-12 7.521074208301920651e-12 3.976960654746126097e-12 9.472418822153910891e-12 -1.073332315883116884e-13 5.120448377576321396e-12 1.138982673384374485e-11 -1.368154654645816734e-12 6.568329538072557899e-12 6.082213468203933946e-12 5.464366381605670499e-12 8.870676121642844779e-12 7.223178859928682282e-13 7.359193144063241206e-12 2.958144539797261859e-12 -2.257509289060415372e-12 -1.949884486708710800e-12 -1.893955034211766933e-12
2.278182430576482608e-11 1.439898429378693058e-10 5.388150495692395107e-11 5.041938722179889281e-10 2.379822727821876303e-11 1.193836983127192862e-11 1.824153627081078469e-11 5.090133948446321458e-12 5.736757221551100220e-12 2.850634113170054800e-11 -4.699319138549996857e-13 -5.292609469770044052e-12 -3.137908610403023953e-13 7.906039178371777638e-12 3.315986572237689244e-12 6.281691876061795304e-12 2.671643068107192280e-12 5.882465121381376927e-12 7.376599101602304763e-12 6.761771730155227433e-12 -1.950032300801130923e-12 1.733125031261934006e-12 -6.495864554960681248e-13 -3.834715335178069060e-12 6.161778962695902290e-13 1.396188173049664714e-12
3.380130138163579934e-11 -8.063448322333040640e-12 1.230628780444315866e-11 2.379822727821876303e-11 3.986098383462252381e-10 2.978462150542284910e-11 2.397871636966709284e-11 8.952099271000361795e-12 2.658350317345375446e-11 1.452373231842880500e-11 1.199373271380172175e-11 5.465072705112054340e-12 -3.846693130093085657e-13 5.525754800536314648e-12 -2.051635942527242687e-12 -5.290920920349912669e-13 5.392633590313420458e-12 -1.540610254222048571e-12 8.109127066107323061e-12 5.301467116927755624e-13 2.389053062896643559e-12 8.665961136018146133e-13 -1.395751689387344995e-12 -5.435623691726577006e-13 3.583992717651831821e-12 1.027045836335797381e-12
2.807707485215694898e-11 6.015030942812541841e-12 -2.340809364873112711e-11 1.193836983127192862e-11 2.978462150542284910e-11 2.646293566573914114e-10 2.427293000802567027e-11 2.686143750089873261e-11 2.118583183722635009e-11 6.063045366177474810e-12 -4.291806080541922819e-13 2.293488420497920937e-12 -1.419463193202287404e-11 -5.923697267232684317e-12 -5.973275390627300832e-12 -9.044032152411110130e-12 -8.209923653962076899e-13 -6.169385262264397232e-12 3.727413775368275840e-12 3.756808372375840082e-12 1.417634411385646161e-12 -1.948600826050775518e-12 1.932329576703940629e-12 -1.520996656723179794e-12 1.101348813577625970e-12 -6.931873393204694073e-13
-2.315665083199668657e-11 -2.367370999400122491e-11 4.844492207688360003e-12 1.824153627081078469e-11 2.397871636966709284e-11 2.427293000802567027e-11 1.354423591740422109e-10 2.060835308947365142e-11 -3.229934255525047263e-12 -1.141253715191430286e-11 8.960914040839662904e-12 1.454899960981176811e-12 -7.812563205565573491e-13 1.570968518805070592e-12 4.703953947505679901e-12 -2.356854141517309642e-12 2.265163567916322560e-12 1.921696040901090429e-13 -1.328499403403123328e-12 -2.461639610420825948e-14 -2.215204442068255817e-12 2.402218218524001391e-12 -5.447690523455761116e-13 1.183754594502972158e-12 2.702793897423441512e-13 5.366504679065442740e-13
-1.914282817419726290e-11 2.134431707283897692e-11 -1.575536299745152534e-11 5.090133948446321458e-12 8.952099271000361795e-12 2.686143750089873261e-11 2.060835308947365142e-11 1.011557970134954516e-10 1.110028719023913806e-11 -3.235912290781128423e-13 5.074675915712485564e-13 2.097421416181772647e-13 -4.671013786367525594e-13 2.498797931368211736e-12 6.815895816973417868e-12 2.337882350967216347e-12 3.319954825784669430e-12 -1.693650165385814296e-12 -1.035242891213335131e-12 -5.401512910613790852e-13 4.599013178972347912e-13 -1.062851764651974045e-12 -1.604515983180365521e-12 1.983550149545928079e-13 1.691876844822647724e-12 -4.955614995588784288e-14
1.049631793730921882e-11 -4.829786550084984033e-11 7.122348439315872426e-12 5.736757221551100220e-12 2.658350317345375446e-11 2.118583183722635009e-11 -3.229934255525047263e-12 1.110028719023913806e-11 8.310459559584241516e-11 1.576832188416031349e-11 8.467997741917107890e-12 1.353849527931064882e-12 3.832432049807435373e-12 -4.122728554137790992e-12 -2.526568331086171238e-12 -4.043161306565234631e-12 -3.567698804110997927e-12 -4.181318333071745993e-12 3.183054457249435523e-12 2.123003083631738642e-12 3.035718177748682472e-12 8.386066461863187057e-13 -5.389313852786081815e-13 -1.403966893280386331e-12 2.004747172589840356e-12 7.605477844614121607e-13
2.723224867861683678e-11 -8.534832652468663800e-12 7.521074208301920651e-12 2.850634113170054800e-11 1.452373231842880500e-11 6.063045366177474810e-12 -1.141253715191430286e-11 -3.235912290781128423e-13 1.576832188416031349e-11 5.097125977407815943e-11 5.268646009752606728e-12 5.205460248665154713e-12 3.552452615289121120e-12 -4.018764137833966598e-12 1.680796991816757687e-12 -8.191742538436701709e-13 1.097225084014624560e-12 1.853648844096735515e-12 2.599784731594952248e-12 8.310208029869832046e-13 4.400993673062296005e-13 -1.680221050168483205e-12 1.612691565316615075e-13 1.501980818859960794e-13 1.519134691616084746e-14 3.270548260659688346e-14
3.010988078221265929e-11 3.965987594843266371e-12 3.976960654746126097e-12 -4.699319138549996857e-13 1.199373271380172175e-11 -4.291806080541922819e-13 8.960914040839662904e-12 5.074675915712485564e-13 8.467997741917107890e-12 5.268646009752606728e-12 3.897061946551140342e-11 1.627163823375335177e-11 6.205807983541193801e-12 1.158788075586006424e-12 1.717200578223233982e-12 -1.233432466187196086e-12 -5.057331024733926941e-13 7.448861782758990792e-14 5.043495630744663499e-13 2.109185311747546697e-12 1.884722637966131198e-12 5.832021361553935805e-13 1.277862791098282076e-12 8.317874951189584684e-13 -1.037084275592220882e-13 -3.692823742980403407e-13
4.003706705376345841e-12 3.803678601337066177e-12 9.472418822153910891e-12 -5.292609469770044052e-12 5.465072705112054340e-12 2.293488420497920937e-12 1.454899960981176811e-12 2.097421416181772647e-13 1.353849527931064882e-12 5.205460248665154713e-12 1.627163823375335177e-11 3.567975609232648254e-11 1.054868235065658954e-11 4.305061394195662974e-12 1.611854535110528087e-12 2.408435941975068482e-13 2.404568017518338154e-12 1.449336721749191996e-12 1.518771877629136094e-12 1.647113957591087872e-12 1.151285366488103682e-12 1.059080590467036604e-13 4.547533167051667665e-13 6.389542654725618387e-13 -6.445584593995111339e-13 -5.036415656828200033e-13
1.583388252396233082e-11 4.497353945561523190e-12 -1.073332315883116884e-13 -3.137908610403023953e-13 -3.846693130093085657e-13 -1.419463193202287404e-11 -7.812563205565573491e-13 -4.671013786367525594e-13 3.832432049807435373e-12 3.552452615289121120e-12 6.205807983541193801e-12 1.054868235065658954e-11 2.359835657488003626e-11 4.573769020467529720e-12 1.059199058493008102e-12 9.752118410175735311e-13 1.883393924658031457e-12 2.348311106266888691e-12 -2.165057594552203423e-13 5.789031763031349068e-13 1.422627177839783696e-12 1.229583998006328706e-12 2.363098058935530299e-13 6.741371390619076930e-14 2.431885007603186194e-13 1.608549797817930747e-13
-2.210483076323969462e-12 1.919602436800561169e-11 5.120448377576321396e-12 7.906039178371777638e-12 5.525754800536314648e-12 -5.923697267232684317e-12 1.570968518805070592e-12 2.498797931368211736e-12 -4.122728554137790992e-12 -4.018764137833966598e-12 1.158788075586006424e-12 4.305061394195662974e-12 4.573769020467529720e-12 2.014469840721200264e-11 6.343682831605677672e-12 3.656088601591203102e-12 1.499396596812595935e-12 8.994664338815211969e-13 -1.002193555362665855e-12 -1.776664870548577881e-13 3.952072987388692458e-13 -8.449856234730202635e-13 -4.805822053634764681e-13 -1.603782258794051780e-13 -6.111139351681178334e-14 -1.408155936423105463e-13
-2.758204824320211077e-13 1.712678457532555501e-12 1.138982673384374485e-11 3.315986572237689244e-12 -2.051635942527242687e-12 -5.973275390627300832e-12 4.703953947505679901e-12 6.815895816973417868e-12 -2.526568331086171238e-12 1.680796991816757687e-12 1.717200578223233982e-12 1.611854535110528087e-12 1.059199058493008102e-12 6.343682831605677672e-12 1.552447153882044366e-11 5.937688877877134981e-12 1.969542564836236710e-12 2.151691354235117546e-12 7.411478863735558217e-13 3.927861028495382109e-13 1.005204288376734961e-12 2.044022413346420779e-13 -5.522327566157685599e-13 9.161594281647002053e-13 2.619715215692679958e-14 -3.874379935893790502e-13
-1.625501732831212731e-11 -6.102532876354486738e-12 -1.368154654645816734e-12 6.281691876061795304e-12 -5.290920920349912669e-13 -9.044032152411110130e-12 -2.356854141517309642e-12 2.337882350967216347e-12 -4.043161306565234631e-12 -8.191742538436701709e-13 -1.233432466187196086e-12 2.408435941975068482e-13 9.752118410175735311e-13 3.656088601591203102e-12 5.937688877877134981e-12 1.128631462868323498e-11 3.276636400821088640e-12 1.863662104802620490e-12 1.053187528451477434e-13 -1.072016153707230427e-13 1.379961279083886193e-13 4.290709366249400434e-13 -5.330085727626813733e-13 3.779098965783492663e-13 4.874355448514493168e-14 -1.340726643075626076e-13
-8.447913612456649923e-12 1.776688245000527219e-11 6.568329538072557899e-12 2.671643068107192280e-12 5.392633590313420458e-12 -8.209923653962076899e-13 2.265163567916322560e-12 3.319954825784669430e-12 -3.567698804110997927e-12 1.097225084014624560e-12 -5.057331024733926941e-13 2.404568017518338154e-12 1.883393924658031457e-12 1.499396596812595935e-12 1.969542564836236710e-12 3.276636400821088640e-12 1.062833405731966240e-11 3.870392932674517203e-12 1.425368480250795048e-12 5.803261211877604292e-13 7.163145701911908805e-13 4.781253678807794430e-13 -4.050152206895975173e-13 -2.968631573499067166e-14 -1.817132659425933124e-13 -5.644958145793419875e-14
-1.753867955652247775e-11 8.104500111038432557e-12 6.082213468203933946e-12 5.882465121381376927e-12 -1.540610254222048571e-12 -6.169385262264397232e-12 1.921696040901090429e-13 -1.693650165385814296e-12 -4.181318333071745993e-12 1.853648844096735515e-12 7.448861782758990792e-14 1.449336721749191996e-12 2.348311106266888691e-12 8.994664338815211969e-13 2.151691354235117546e-12 1.863662104802620490e-12 3.870392932674517203e-12 1.172041807942650110e-11 4.200153371730044735e-12 1.239365906946574790e-12 -9.415247799849117122e-14 3.302162840499240336e-13 -6.511494425476401592e-13 2.926667980163217087e-13 5.825865097597293052e-13 -3.080013605529409648e-13
-8.029989019720813413e-12 -4.884460092662384948e-12 5.464366381605670499e-12 7.376599101602304763e-12 8.109127066107323061e-12 3.727413775368275840e-12 -1.328499403403123328e-12 -1.035242891213335131e-12 3.183054457249435523e-12 2.599784731594952248e-12 5.043495630744663499e-13 1.518771877629136094e-12 -2.165057594552203423e-13 -1.002193555362665855e-12 7.411478863735558217e-13 1.053187528451477434e-13 1.425368480250795048e-12 4.200153371730044735e-12 9.920544419801877259e-12 3.235503315024720817e-12 4.714913934696026756e-13 -3.891470157302836803e-13 -1.090645144125850949e-13 1.830385551888682734e-14 -1.052662627137976157e-13 1.943061588103807829e-13
9.374854787631857882e-13 1.521217730370795621e-12 8.870676121642844779e-12 6.761771730155227433e-12 5.301467116927755624e-13 3.756808372375840082e-12 -2.461639610420825948e-14 -5.401512910613790852e-13 2.123003083631738642e-12 8.310208029869832046e-13 2.109185311747546697e-12 1.647113957591087872e-12 5.789031763031349068e-13 -1.776664870548577881e-13 3.927861028495382109e-13 -1.072016153707230427e-13 5.803261211877604292e-13 1.239365906946574790e-12 3.235503315024720817e-12 6.087940918623442914e-12 1.909221195277354569e-12 6.679846076497098371e-13 1.480759360361436485e-13 -2.956301480884881025e-13 1.781008017467793102e-14 2.340063388711567630e-13
1.725049519291469410e-11 8.544195366432909419e-12 7.223178859928682282e-13 -1.950032300801130923e-12 2.389053062896643559e-12 1.417634411385646161e-12 -2.215204442068255817e-12 4.599013178972347912e-13 3.035718177748682472e-12 4.400993673062296005e-13 1.884722637966131198e-12 1.151285366488103682e-12 1.422627177839783696e-12 3.952072987388692458e-13 1.005204288376734961e-12 1.379961279083886193e-13 7.163145701911908805e-13 -9.415247799849117122e-14 4.714913934696026756e-13 1.909221195277354569e-12 6.341926314117620462e-12 1.266335245698539362e-12 1.420229226954296849e-13 -2.638841853241290418e-13 -2.435534225463534606e-13 -6.222538347974776170e-14
4.845784709991174805e-12 4.248769445671032220e-12 7.359193144063241206e-12 1.733125031261934006e-12 8.665961136018146133e-13 -1.948600826050775518e-12 2.402218218524001391e-12 -1.062851764651974045e-12 8.386066461863187057e-13 -1.680221050168483205e-12 5.832021361553935805e-13 1.059080590467036604e-13 1.229583998006328706e-12 -8.449856234730202635e-13 2.044022413346420779e-13 4.290709366249400434e-13 4.781253678807794430e-13 3.302162840499240336e-13 -3.891470157302836803e-13 6.679846076497098371e-13 1.266335245698539362e-12 3.809924280656549442e-12 3.117097702888149477e-13 1.186109842259004666e-13 -1.734038881543968712e-13 -1.639309410211771062e-13
-6.376456570741002643e-12 -3.855230707902443247e-13 2.958144539797261859e-12 -6.495864554960681248e-13 -1.395751689387344995e-12 1.932329576703940629e-12 -5.447690523455761116e-13 -1.604515983180365521e-12 -5.389313852786081815e-13 1.612691565316615075e-13 1.277862791098282076e-12 4.547533167051667665e-13 2.363098058935530299e-13 -4.805822053634764681e-13 -5.522327566157685599e-13 -5.330085727626813733e-13 -4.050152206895975173e-13 -6.511494425476401592e-13 -1.090645144125850949e-13 1.480759360361436485e-13 1.420229226954296849e-13 3.117097702888149477e-13 2.851643700799150044e-12 4.662549344351641402e-13 -1.792368697190452547e-13 -2.555265695853086426e-13
-2.693239490508318209e-12 4.565382368600501680e-13 -2.257509289060415372e-12 -3.834715335178069060e-12 -5.435623691726577006e-13 -1.520996656723179794e-12 1.183754594502972158e-12 1.983550149545928079e-13 -1.403966893280386331e-12 1.501980818859960794e-13 8.317874951189584684e-13 6.389542654725618387e-13 6.741371390619076930e-14 -1.603782258794051780e-13 9.161594281647002053e-13 3.779098965783492663e-13 -2.968631573499067166e-14 2.926667980163217087e-13 1.830385551888682734e-14 -2.956301480884881025e-13 -2.638841853241290418e-13 1.186109842259004666e-13 4.662549344351641402e-13 1.904666295341916644e-12 3.392615044929155257e-13 -1.121560676434290646e-13
-1.657843759614003277e-12 3.544488357810692347e-12 -1.949884486708710800e-12 6.161778962695902290e-13 3.583992717651831821e-12 1.101348813577625970e-12 2.702793897423441512e-13 1.691876844822647724e-12 2.004747172589840356e-12 1.519134691616084746e-14 -1.037084275592220882e-13 -6.445584593995111339e-13 2.431885007603186194e-13 -6.111139351681178334e-14 2.619715215692679958e-14 4.874355448514493168e-14 -1.817132659425933124e-13 5.825865097597293052e-13 -1.052662627137976157e-13 1.781008017467793102e-14 -2.435534225463534606e-13 -1.734038881543968712e-13 -1.792368697190452547e-13 3.392615044929155257e-13 1.680241907592140133e-12 2.259573419104806727e-14
1.561120673163805960e-13 2.106520152247505493e-13 -1.893955034211766933e-12 1.396188173049664714e-12 1.027045836335797381e-12 -6.931873393204694073e-13 5.366504679065442740e-13 -4.955614995588784288e-14 7.605477844614121607e-13 3.270548260659688346e-14 -3.692823742980403407e-13 -5.036415656828200033e-13 1.608549797817930747e-13 -1.408155936423105463e-13 -3.874379935893790502e-13 -1.340726643075626076e-13 -5.644958145793419875e-14 -3.080013605529409648e-13 1.943061588103807829e-13 2.340063388711567630e-13 -6.222538347974776170e-14 -1.639309410211771062e-13 -2.555265695853086426e-13 -1.121560676434290646e-13 2.259573419104806727e-14 9.917152881706215808e-13
