2.024075130405571124e-09 1.004154594918297885e-10 -6.293535049241659464e-11 4.606296098317331469e-11 1.460444362143479218e-11 3.707998768159388608e-11 2.641634812535600629e-11 1.722971470127087616e-12 -3.167289843392236507e-11 2.513555883111815185e-11 -7.619070585914266193e-12 -2.170328111208927436e-11 1.469055150093689988e-11 4.861415893705484225e-11 2.506865354184658435e-11 6.606722349145950646e-12 1.666915726483809715e-11 1.140094967659918006e-12 -8.149736152617406421e-12 -1.516634066370047308e-11 -4.958645822713340878e-12 3.267795210664784835e-13 -3.217382674222940654e-12 -4.055659429346480486e-12 4.042868222938536165e-12 -2.639632414570886156e-12
1.004154594918297885e-10 1.398486918847954880e-09 1.094725272944976781e-10 1.183268612373160602e-10 2.819840174557022496e-12 1.981555331712800990e-11 2.098955554656613128e-11 1.748548626851907738e-11 5.387469934758915370e-11 -5.456826126718161234e-13 3.056020347392820431e-11 -2.096524763840599542e-11 2.618755505617521782e-11 9.880698644701733817e-12 1.599686194183039841e-11 1.082531954923975711e-11 -3.579639061088976233e-12 -7.559719968053274216e-12 -1.138186187438970065e-11 4.356283013650663379e-12 8.780797901248817659e-12 -1.857447461734498946e-12 4.727755345380787566e-13 8.004111407755911905e-12 -2.893081936420855584e-12 -6.932372959511816165e-14
-6.293535049241659464e-11 1.094725272944976781e-10 8.625505964881331265e-10 9.148014983352919058e-11 4.457983802747894607e-11 -5.734066500372913074e-12 -3.866264663215826262e-13 7.896611451254296860e-12 2.068331279407322773e-12 -2.110511172755459880e-11 -2.002537682158424998e-12 1.157744135597650227e-12 -1.932045056016194699e-11 -1.772674888292391965e-11 3.553526056419566826e-12 8.618065439604660946e-12 1.280837198524993122e-11 -8.642776329597840978e-12 -7.790911408384792990e-12 -1.039869601287360031e-11 -3.269029430837662310e-12 1.616941644646432669e-12 4.348057384734137506e-12 2.353676063929044449e-12 -2.447631323529870739e-12 4.204034429484883556e-12
4.606296098317331469e-11 1.183268612373160602e-10 9.148014983352919058e-11 5.698143017595788530e-10 1.746153318551135000e-11 3.359621431981389781e-11 -6.193710665233327305e-12 -1.133594919867855223e-11 -1.637213889900286358e-12 -1.562263410255066513e-11 1.259684419360399179e-12 3.852496551534294041e-12 -2.864895766742323219e-13 3.851473380160005850e-12 6.506890180063923832e-12 5.428015691240637213e-12 1.007920230534925325e-11 6.873085430412757649e-12 -1.511035657233944777e-12 -1.357325021012474589e-11 -6.424392701913451920e-12 2.956918996027263275e-12 1.053295239860775531e-12 1.104416119776823233e-11 -8.819628123870715883e-13 -2.000191430766973375e-12
1.460444362143479218e-11 2.819840174557022496e-12 4.457983802747894607e-11 1.746153318551135000e-11 4.200944317037380965e-10 4.042458957190578720e-11 6.221685764047552231e-12 2.124897572160256905e-11 1.285317625512077894e-11 2.476974123877761129e-12 1.725066834217112153e-11 1.819888217425059228e-12 1.505979963922477366e-11 9.245303309145213616e-12 7.271850919593268916e-12 1.401843651095869332e-11 7.264182842712141653e-12 -1.229791759539111603e-12 5.282514144375902734e-12 6.497459191647287296e-12 -1.831102146648190015e-12 -3.272462937211299882e-12 9.050870961865327636e-13 -7.779187692318882197e-13 -4.235833132984907560e-13 -1.405844293651517696e-12
3.707998768159388608e-11 1.981555331712800990e-11 -5.734066500372913074e-12 3.359621431981389781e-11 4.042458957190578720e-11 2.645520575027370329e-10 3.746845229685853854e-11 1.311598548923543336e-11 8.316341779549595856e-12 8.410726375988222314e-12 1.837722023071312813e-12 -1.034216070510406913e-12 6.229375961418367595e-13 8.370630883216211296e-12 6.813963738373366527e-12 -3.793897410182266117e-12 -3.868467289543902329e-12 1.886471734621243378e-12 1.415515924595353666e-12 -9.669783466695172492e-13 -3.815952957515680851e-12 1.442170732144448129e-12 1.753565942890199522e-12 1.002488137718225470e-12 -2.208040707151453751e-12 -3.571608502489272733e-12
2.641634812535600629e-11 2.098955554656613128e-11 -3.866264663215826262e-13 -6.193710665233327305e-12 6.221685764047552231e-12 3.746845229685853854e-11 1.944024334947517923e-10 2.777570210796117767e-11 5.010665195928662413e-12 1.438059946441904087e-11 8.113533761361729011e-12 9.227947436398751801e-13 4.309057456539377671e-12 6.239685529713671236e-12 1.109877567640049677e-11 -2.597823501228918096e-12 -2.413612995752410154e-12 2.870319657198984407e-12 2.603074275909516364e-12 -3.171829169082601883e-13 5.946680027058038971e-13 2.261068855838246741e-12 3.022902381257769798e-13 -2.694867029638085004e-12 -9.406753924575611436e-13 -1.548569870983646813e-12
1.722971470127087616e-12 1.748548626851907738e-11 7.896611451254296860e-12 -1.133594919867855223e-11 2.124897572160256905e-11 1.311598548923543336e-11 2.777570210796117767e-11 1.269696792618252604e-10 1.389435709569200674e-12 -3.439644876713041026e-12 1.835328741622954227e-12 3.408596679109596998e-13 -4.464211407105695950e-12 2.136497696726969410e-14 -1.023981207929703259e-12 1.366347986224771817e-12 5.542836457459433387e-12 1.404636189897596113e-12 9.765510712481833192e-13 -3.940543283533410841e-12 -9.230402907687431686e-13 3.607325193548582319e-12 5.656495359145960259e-13 -1.370115556377037384e-13 9.777095411428521397e-13 -2.590942608069764586e-12
-3.167289843392236507e-11 5.387469934758915370e-11 2.068331279407322773e-12 -1.637213889900286358e-12 1.285317625512077894e-11 8.316341779549595856e-12 5.010665195928662413e-12 1.389435709569200674e-12 7.351528217689421431e-11 1.665670101672504841e-11 9.534248496569365379e-12 3.645474014573402633e-12 3.942804111513034662e-12 -1.733606264858787088e-12 3.413386720419881548e-12 -2.271325656904884599e-12 -2.280948161115007879e-13 2.245092474733067740e-12 2.011511209308973549e-12 -6.995273367292547005e-13 2.783564546149981247e-12 1.934166588694174635e-12 9.711838514162040004e-13 -6.361470311468265592e-13 -1.525878876806605386e-12 -2.453450227725568136e-12
2.513555883111815185e-11 -5.456826126718161234e-13 -2.110511172755459880e-11 -1.562263410255066513e-11 2.476974123877761129e-12 8.410726375988222314e-12 1.438059946441904087e-11 -3.439644876713041026e-12 1.665670101672504841e-11 5.809698446424567951e-11 1.634832308770043673e-11 7.988900266778528072e-12 1.223603510700921916e-12 4.874018888636703510e-13 -1.968579338994082562e-13 -2.881015911617701855e-12 -2.487978898273827783e-12 3.288503850940008951e-12 1.256517277250199276e-12 -2.010145908558832879e-12 -1.342450471136154310e-13 -1.935337437257803138e-12 -7.245278898480149099e-13 -1.441375751229733666e-12 5.776913678249918683e-13 -2.228142063211393719e-12
-7.619070585914266193e-12 3.056020347392820431e-11 -2.002537682158424998e-12 1.259684419360399179e-12 1.725066834217112153e-11 1.837722023071312813e-12 8.113533761361729011e-12 1.835328741622954227e-12 9.534248496569365379e-12 1.634832308770043673e-11 4.457788825550679680e-11 1.335805825539849565e-11 4.650970304224449449e-12 3.901728627863938579e-12 3.931152219867837798e-12 1.771060044686731711e-12 -2.055437527365533957e-12 -9.618298048426572427e-13 -3.955423256096623613e-12 -3.939883282487217481e-12 -2.037717830654372692e-12 -1.109561074419126939e-12 -5.854502018818245933e-13 -1.237476598731487380e-12 7.365492123406833950e-13 -3.245181685255612900e-13
-2.170328111208927436e-11 -2.096524763840599542e-11 1.157744135597650227e-12 3.852496551534294041e-12 1.819888217425059228e-12 -1.034216070510406913e-12 9.227947436398751801e-13 3.408596679109596998e-13 3.645474014573402633e-12 7.988900266778528072e-12 1.335805825539849565e-11 3.625372576575749141e-11 9.765099041089969424e-12 5.579043983841924911e-12 4.305848857954258857e-12 3.349551907309215770e-12 3.383709949380922661e-12 3.345161027475353373e-12 1.219629658997602914e-12 -9.957163645187698709e-13 -1.329384589067906471e-12 -2.813645864109870345e-13 -1.175660320338518217e-12 -7.365150698329271034e-13 1.869813972858082002e-12 5.229224135901707699e-13
1.469055150093689988e-11 2.618755505617521782e-11 -1.932045056016194699e-11 -2.864895766742323219e-13 1.505979963922477366e-11 6.229375961418367595e-13 4.309057456539377671e-12 -4.464211407105695950e-12 3.942804111513034662e-12 1.223603510700921916e-12 4.650970304224449449e-12 9.765099041089969424e-12 2.837802705230928462e-11 1.265301172120468917e-11 7.223775673976486443e-12 6.328439245503884432e-12 7.548249604546208924e-13 6.236380852091635448e-13 2.263867255842347135e-13 -1.105246934317908289e-12 -1.224419026950456533e-12 -1.558274816155182824e-12 -1.539873098970612858e-12 -1.120922004934507349e-12 1.391634182580933594e-12 -3.519993036931996384e-13
4.861415893705484225e-11 9.880698644701733817e-12 -1.772674888292391965e-11 3.851473380160005850e-12 9.245303309145213616e-12 8.370630883216211296e-12 6.239685529713671236e-12 2.136497696726969410e-14 -1.733606264858787088e-12 4.874018888636703510e-13 3.901728627863938579e-12 5.579043983841924911e-12 1.265301172120468917e-11 2.570878386289054844e-11 1.404376466932853165e-11 5.497623886584425745e-12 1.508513965113110272e-12 -7.834716876913735233e-13 -1.223796338586706310e-12 -1.291445059020631656e-12 -1.287381538677683445e-12 -1.146453443816628425e-12 -1.586101476212772360e-13 -9.734278120831708178e-13 1.063925660892356493e-13 -3.088511144676021918e-13
2.506865354184658435e-11 1.599686194183039841e-11 3.553526056419566826e-12 6.506890180063923832e-12 7.271850919593268916e-12 6.813963738373366527e-12 1.109877567640049677e-11 -1.023981207929703259e-12 3.413386720419881548e-12 -1.968579338994082562e-13 3.931152219867837798e-12 4.305848857954258857e-12 7.223775673976486443e-12 1.404376466932853165e-11 2.297668529068260247e-11 6.715643829554655609e-12 2.571296786498206248e-12 -9.035398269513805634e-13 -1.903830190632283053e-12 -9.405255654290038321e-13 -1.042557960563783633e-12 -7.460862957717117976e-13 -2.893161145058148896e-13 -1.204305116790011042e-12 -3.024889455896933059e-13 3.110440511415947915e-13
6.606722349145950646e-12 1.082531954923975711e-11 8.618065439604660946e-12 5.428015691240637213e-12 1.401843651095869332e-11 -3.793897410182266117e-12 -2.597823501228918096e-12 1.366347986224771817e-12 -2.271325656904884599e-12 -2.881015911617701855e-12 1.771060044686731711e-12 3.349551907309215770e-12 6.328439245503884432e-12 5.497623886584425745e-12 6.715643829554655609e-12 1.725860039262711970e-11 7.601549981783253055e-12 2.386068104597288761e-12 2.172341276553313459e-12 9.888104857701490353e-13 9.682709075240091917e-13 -3.445299694231321874e-13 -1.310915909712546835e-12 -4.252471873007717749e-13 -6.559612323566298983e-13 8.885457702565631402e-13
1.666915726483809715e-11 -3.579639061088976233e-12 1.280837198524993122e-11 1.007920230534925325e-11 7.264182842712141653e-12 -3.868467289543902329e-12 -2.413612995752410154e-12 5.542836457459433387e-12 -2.280948161115007879e-13 -2.487978898273827783e-12 -2.055437527365533957e-12 3.383709949380922661e-12 7.548249604546208924e-13 1.508513965113110272e-12 2.571296786498206248e-12 7.601549981783253055e-12 1.466134233534293990e-11 6.851815927055285177e-12 3.155741887032446176e-12 2.195962826103119947e-12 2.551929486553472451e-12 8.772242348040247099e-13 3.251396855440711977e-13 -1.770375045445519107e-13 -6.683470157748427466e-13 5.077520084734262256e-13
1.140094967659918006e-12 -7.559719968053274216e-12 -8.642776329597840978e-12 6.873085430412757649e-12 -1.229791759539111603e-12 1.886471734621243378e-12 2.870319657198984407e-12 1.404636189897596113e-12 2.245092474733067740e-12 3.288503850940008951e-12 -9.618298048426572427e-13 3.345161027475353373e-12 6.236380852091635448e-13 -7.834716876913735233e-13 -9.035398269513805634e-13 2.386068104597288761e-12 6.851815927055285177e-12 1.438692827141112644e-11 7.803207747201061673e-12 3.944585278512246399e-12 3.098545928178267050e-12 1.074135904766750823e-12 -4.505851734704537288e-13 -1.019900249192871923e-12 -6.581284442913927947e-13 4.236350873966036269e-13
-8.149736152617406421e-12 -1.138186187438970065e-11 -7.790911408384792990e-12 -1.511035657233944777e-12 5.282514144375902734e-12 1.415515924595353666e-12 2.603074275909516364e-12 9.765510712481833192e-13 2.011511209308973549e-12 1.256517277250199276e-12 -3.955423256096623613e-12 1.219629658997602914e-12 2.263867255842347135e-13 -1.223796338586706310e-12 -1.903830190632283053e-12 2.172341276553313459e-12 3.155741887032446176e-12 7.803207747201061673e-12 1.436837515822483479e-11 5.701149526994514943e-12 3.337483866108839409e-12 1.299065025767794248e-12 -8.100434340182780712e-13 -3.632353137952295291e-13 -7.839451003545572628e-13 2.825080347250912707e-13
-1.516634066370047308e-11 4.356283013650663379e-12 -1.039869601287360031e-11 -1.357325021012474589e-11 6.497459191647287296e-12 -9.669783466695172492e-13 -3.171829169082601883e-13 -3.940543283533410841e-12 -6.995273367292547005e-13 -2.010145908558832879e-12 -3.939883282487217481e-12 -9.957163645187698709e-13 -1.105246934317908289e-12 -1.291445059020631656e-12 -9.405255654290038321e-13 9.888104857701490353e-13 2.195962826103119947e-12 3.944585278512246399e-12 5.701149526994514943e-12 1.209452232485646738e-11 4.930622918036865012e-12 5.343507739394969834e-13 -6.319542607882494698e-13 -3.736965694035643699e-13 -1.641469019277641227e-13 5.739267629590782810e-13
-4.958645822713340878e-12 8.780797901248817659e-12 -3.269029430837662310e-12 -6.424392701913451920e-12 -1.831102146648190015e-12 -3.815952957515680851e-12 5.946680027058038971e-13 -9.230402907687431686e-13 2.783564546149981247e-12 -1.342450471136154310e-13 -2.037717830654372692e-12 -1.329384589067906471e-12 -1.224419026950456533e-12 -1.287381538677683445e-12 -1.042557960563783633e-12 9.682709075240091917e-13 2.551929486553472451e-12 3.098545928178267050e-12 3.337483866108839409e-12 4.930622918036865012e-12 9.940038083563303504e-12 4.467532582130936572e-12 1.474566050506554611e-12 -3.879147498840158138e-13 -6.743758698211476371e-13 5.498925861023649326e-13
3.267795210664784835e-13 -1.857447461734498946e-12 1.616941644646432669e-12 2.956918996027263275e-12 -3.272462937211299882e-12 1.442170732144448129e-12 2.261068855838246741e-12 3.607325193548582319e-12 1.934166588694174635e-12 -1.935337437257803138e-12 -1.109561074419126939e-12 -2.813645864109870345e-13 -1.558274816155182824e-12 -1.146453443816628425e-12 -7.460862957717117976e-13 -3.445299694231321874e-13 8.772242348040247099e-13 1.074135904766750823e-12 1.299065025767794248e-12 5.343507739394969834e-13 4.467532582130936572e-12 7.371161449114310390e-12 1.768582517144695233e-12 9.317822970169804550e-14 2.167930704542632104e-13 5.756317192003985556e-13
-3.217382674222940654e-12 4.727755345380787566e-13 4.348057384734137506e-12 1.053295239860775531e-12 9.050870961865327636e-13 1.753565942890199522e-12 3.022902381257769798e-13 5.656495359145960259e-13 9.711838514162040004e-13 -7.245278898480149099e-13 -5.854502018818245933e-13 -1.175660320338518217e-12 -1.539873098970612858e-12 -1.586101476212772360e-13 -2.893161145058148896e-13 -1.310915909712546835e-12 3.251396855440711977e-13 -4.505851734704537288e-13 -8.100434340182780712e-13 -6.319542607882494698e-13 1.474566050506554611e-12 1.768582517144695233e-12 4.756302244830108575e-12 1.704595199572687990e-12 -2.043076985824685511e-13 5.844271104853922921e-14
-4.055659429346480486e-12 8.004111407755911905e-12 2.353676063929044449e-12 1.104416119776823233e-11 -7.779187692318882197e-13 1.002488137718225470e-12 -2.694867029638085004e-12 -1.370115556377037384e-13 -6.361470311468265592e-13 -1.441375751229733666e-12 -1.237476598731487380e-12 -7.365150698329271034e-13 -1.120922004934507349e-12 -9.734278120831708178e-13 -1.204305116790011042e-12 -4.252471873007717749e-13 -1.770375045445519107e-13 -1.019900249192871923e-12 -3.632353137952295291e-13 -3.736965694035643699e-13 -3.879147498840158138e-13 9.317822970169804550e-14 1.704595199572687990e-12 3.992782394830038018e-12 -3.225854408367873355e-15 -1.060389818420092750e-13
4.042868222938536165e-12 -2.893081936420855584e-12 -2.447631323529870739e-12 -8.819628123870715883e-13 -4.235833132984907560e-13 -2.208040707151453751e-12 -9.406753924575611436e-13 9.777095411428521397e-13 -1.525878876806605386e-12 5.776913678249918683e-13 7.365492123406833950e-13 1.869813972858082002e-12 1.391634182580933594e-12 1.063925660892356493e-13 -3.024889455896933059e-13 -6.559612323566298983e-13 -6.683470157748427466e-13 -6.581284442913927947e-13 -7.839451003545572628e-13 -1.641469019277641227e-13 -6.743758698211476371e-13 2.167930704542632104e-13 -2.043076985824685511e-13 -3.225854408367873355e-15 2.756521970568347941e-12 8.273769249021499928e-14
-2.639632414570886156e-12 -6.932372959511816165e-14 4.204034429484883556e-12 -2.000191430766973375e-12 -1.405844293651517696e-12 -3.571608502489272733e-12 -1.548569870983646813e-12 -2.590942608069764586e-12 -2.453450227725568136e-12 -2.228142063211393719e-12 -3.245181685255612900e-13 5.229224135901707699e-13 -3.519993036931996384e-13 -3.088511144676021918e-13 3.110440511415947915e-13 8.885457702565631402e-13 5.077520084734262256e-13 4.236350873966036269e-13 2.825080347250912707e-13 5.739267629590782810e-13 5.498925861023649326e-13 5.756317192003985556e-13 5.844271104853922921e-14 -1.060389818420092750e-13 8.273769249021499928e-14 2.275382415888957882e-12
