1.878425629568509369e-09 1.735518135671219466e-10 1.162836911883490023e-10 -8.193977195727335656e-11 -8.153972635377294754e-12 -1.093485155991203178e-10 4.283486025268956165e-12 -7.924751283142141184e-12 2.379436204059495843e-11 8.780391791885551394e-12 -2.710602391733447394e-11 -4.170918784394862965e-11 6.738482793264478885e-12 -6.744689795452303463e-12 -1.417393656479086229e-11 9.382999983321721195e-12 2.458451837832648968e-11 1.169754654274855791e-11 9.512782699952241756e-12 -4.094990371762541822e-12 1.588556951245957706e-11 -4.372692515560030939e-12 5.207108801067322017e-13 -8.192832186241212042e-12 -7.785460694895402027e-12 -6.214792693098023912e-12
1.735518135671219466e-10 1.016201654610453245e-09 -2.337081787750024747e-11 7.117857654634275082e-11 9.434646543242624028e-11 2.417676484779147223e-11 4.498313809935512368e-11 4.455515235908055024e-11 2.957627776980474877e-12 7.811762109984138886e-12 -2.168747004349362339e-11 2.367375230849446502e-11 1.468865537207154788e-11 5.573889912893894827e-12 1.703227401500222497e-11 1.582140521786846498e-11 -5.417057554403077697e-12 -1.212896556051129911e-11 -1.014844428662387273e-11 -8.416433092269959297e-12 2.065227774202733199e-12 1.865666900547282054e-12 -9.901250988449451283e-12 -5.064334411613155565e-12 4.133284712453088427e-12 1.341649199193250694e-12
1.162836911883490023e-10 -2.337081787750024747e-11 7.990138970698368779e-10 3.196251660284337263e-11 3.741117359444252453e-11 1.072541645991039450e-11 -4.375986908091875404e-12 3.514046317129479400e-11 1.957729102057001269e-11 4.035350892465537624e-12 2.645563509116312182e-12 -1.796790308618002045e-11 2.306322831431195398e-12 1.253312447898749843e-12 -7.030940340339197408e-12 1.246289184716588200e-12 2.431673974612392121e-12 6.156493885032030281e-12 1.296945136279416228e-11 1.780619558583430470e-11 3.379283641235896406e-12 1.393855352803191121e-11 8.695470511263517049e-12 1.377324987486613652e-11 2.703148266912727107e-12 -3.740755176143785959e-12
-8.193977195727335656e-11 7.117857654634275082e-11 3.196251660284337263e-11 4.991327849624001027e-10 7.082009786230323632e-11 1.898107304402457586e-11 -2.409847886379929382e-11 3.456578239316736206e-12 -1.458798484638176961e-11 -1.433779828298712874e-11 5.615390229272879300e-13 8.683103915923895097e-12 2.537450435993465914e-12 -2.571521292338104549e-12 -4.187489228849513100e-12 -6.559167369884572425e-12 3.573210113688744512e-12 4.212329167496989201e-12 1.541278290032669610e-12 -2.632050453491965711e-12 -1.377037844285545450e-12 3.928586878813010746e-12 6.986051639840550195e-12 8.603947219802731639e-12 3.713335658068191176e-12 1.224235719291337199e-13
-8.153972635377294754e-12 9.434646543242624028e-11 3.741117359444252453e-11 7.082009786230323632e-11 3.304223138604201598e-10 3.501401042447953013e-11 3.426141168161671594e-11 1.437578244687751896e-11 3.094851197939402067e-11 2.150985603342752158e-12 -5.460878580706408487e-12 1.319255047059237763e-11 1.228307942629978173e-11 1.174027764929249722e-11 -1.716733748703945750e-12 1.617651484123922035e-12 -3.484438033637441479e-12 8.145449099687738993e-13 5.605174657288098843e-12 2.572036162040641140e-12 2.647598479456356336e-14 4.848190414168874928e-14 7.735493967728555393e-13 4.120249694302826415e-12 2.617406880225873197e-15 -2.320299978099451111e-12
-1.093485155991203178e-10 2.417676484779147223e-11 1.072541645991039450e-11 1.898107304402457586e-11 3.501401042447953013e-11 2.575538240420642432e-10 6.338984201350778142e-11 9.647534017742896585e-12 2.242323254500099074e-11 5.656976448259945574e-12 1.542837829026442303e-11 -3.585962547551255043e-12 8.063520381870090185e-12 7.818875144857035569e-12 7.320037180878055255e-12 3.523413949727219206e-13 -7.105550066947501945e-12 4.208643379503002080e-12 1.133187540538403919e-11 4.821737563290553856e-12 2.023853931473858330e-12 2.776377358009534553e-12 -1.941868075332410470e-12 1.058296711779589466e-12 2.163613375957923048e-12 1.861957421539925311e-12
4.283486025268956165e-12 4.498313809935512368e-11 -4.375986908091875404e-12 -2.409847886379929382e-11 3.426141168161671594e-11 6.338984201350778142e-11 1.781079680524873072e-10 3.527676070604976719e-11 2.552399887039209836e-11 6.913434629858066272e-12 1.942041527252026506e-11 3.406498076198191084e-12 -4.832301216938497900e-12 -4.162707212819161002e-12 -2.196228409651485739e-12 2.252527732610423724e-12 -2.146936658602757204e-13 5.042458502301263564e-12 4.115603613072497051e-12 -1.101083056544578319e-13 3.212578992791439896e-12 3.650429043167782665e-12 5.539980870458642817e-13 -1.238149497555741919e-12 7.273704194653746107e-13 2.552043267758433566e-12
-7.924751283142141184e-12 4.455515235908055024e-11 3.514046317129479400e-11 3.456578239316736206e-12 1.437578244687751896e-11 9.647534017742896585e-12 3.527676070604976719e-11 1.219854824252593687e-10 1.534092006870850391e-11 3.355001593664842860e-12 1.290659224586383796e-11 9.428740939409464660e-12 3.835299320863968942e-12 -1.134075369727864080e-13 -1.221853992071928794e-12 3.564904123784021321e-12 7.524058700596697123e-13 3.927274437920257252e-12 7.694961861527606402e-12 1.615521734186038362e-12 1.121610054433472940e-12 3.714771867243231143e-12 6.908431151021906457e-13 -9.027822652034932275e-13 -1.685353063447182218e-12 1.104675110655358053e-12
2.379436204059495843e-11 2.957627776980474877e-12 1.957729102057001269e-11 -1.458798484638176961e-11 3.094851197939402067e-11 2.242323254500099074e-11 2.552399887039209836e-11 1.534092006870850391e-11 9.204015714616098515e-11 1.831207548144244397e-11 3.526047042721004297e-12 1.217342636847938379e-12 -3.770766106407589590e-13 -2.473467857925488395e-12 -4.019125459749544357e-12 -6.082979753022544064e-12 -4.963233700967728375e-12 7.035325693879733071e-12 5.071636873346677395e-12 2.569447190721476014e-12 -2.566437996674854071e-12 1.243708851064380208e-12 2.444265700717766575e-12 2.403562250461754185e-12 -4.643187421815289066e-13 -4.220730660777348622e-13
8.780391791885551394e-12 7.811762109984138886e-12 4.035350892465537624e-12 -1.433779828298712874e-11 2.150985603342752158e-12 5.656976448259945574e-12 6.913434629858066272e-12 3.355001593664842860e-12 1.831207548144244397e-11 5.851072646579609725e-11 1.116643616757775081e-11 -2.010793365861572021e-12 4.021329742079245558e-13 -1.635030008639944868e-12 -3.359519247553872820e-12 -4.851797655128375447e-12 9.622851096499091511e-14 2.179467197390685214e-12 1.470852078301421940e-12 9.306062134552587510e-13 -9.893773744200707308e-13 -5.953468874670523251e-13 -1.226063780039152673e-12 -2.054746321247554729e-12 -5.923500212892033603e-13 2.511095794775198552e-12
-2.710602391733447394e-11 -2.168747004349362339e-11 2.645563509116312182e-12 5.615390229272879300e-13 -5.460878580706408487e-12 1.542837829026442303e-11 1.942041527252026506e-11 1.290659224586383796e-11 3.526047042721004297e-12 1.116643616757775081e-11 5.231227227778857337e-11 1.415211011838279263e-11 9.114343020824785103e-12 4.221350608727077292e-12 2.846435677204056330e-12 1.822882620316108264e-13 1.667051320754741285e-12 6.350584856695309495e-13 4.363551975562455604e-12 8.799232164257662568e-13 4.762810013670964413e-13 9.364232717805076739e-13 2.100240082934352370e-12 -5.778376075248105532e-13 1.317178577359763961e-13 1.481880421010043208e-12
-4.170918784394862965e-11 2.367375230849446502e-11 -1.796790308618002045e-11 8.683103915923895097e-12 1.319255047059237763e-11 -3.585962547551255043e-12 3.406498076198191084e-12 9.428740939409464660e-12 1.217342636847938379e-12 -2.010793365861572021e-12 1.415211011838279263e-11 3.965249750965743452e-11 1.162190927954389101e-11 6.065717776494612429e-12 3.821498075110852626e-12 -2.962415499786898948e-13 -1.826746093859352260e-12 -3.176599621422333789e-12 -1.952547330668703742e-12 -3.122326453173109314e-12 -2.009167411647749647e-12 -1.336372316091128709e-12 -1.822737413831582150e-13 8.975011286641315316e-13 7.853303287281146659e-13 1.373204925556888100e-12
6.738482793264478885e-12 1.468865537207154788e-11 2.306322831431195398e-12 2.537450435993465914e-12 1.228307942629978173e-11 8.063520381870090185e-12 -4.832301216938497900e-12 3.835299320863968942e-12 -3.770766106407589590e-13 4.021329742079245558e-13 9.114343020824785103e-12 1.162190927954389101e-11 3.788323648250771503e-11 1.351403857696200418e-11 6.016755793481056943e-12 1.165996917422141784e-12 1.778174410600805640e-12 -2.444211906661464024e-12 -3.780888025237915833e-13 4.905554219870844771e-14 1.416453820985833119e-12 1.263593383372389551e-12 6.703481308413732801e-13 -4.617461357812786487e-13 -9.576706202883332422e-13 -3.376478858857993150e-13
-6.744689795452303463e-12 5.573889912893894827e-12 1.253312447898749843e-12 -2.571521292338104549e-12 1.174027764929249722e-11 7.818875144857035569e-12 -4.162707212819161002e-12 -1.134075369727864080e-13 -2.473467857925488395e-12 -1.635030008639944868e-12 4.221350608727077292e-12 6.065717776494612429e-12 1.351403857696200418e-11 2.386566510308086249e-11 8.727898083375012354e-12 1.581197508515608663e-12 4.825978201008254580e-13 -2.719878111654179187e-12 -1.321127905309850112e-12 -7.258814940298313913e-13 -7.457996220993021568e-13 -1.054168167728629544e-12 -1.228785805222037106e-12 -9.169938708982798617e-13 -4.854970066327925603e-13 -1.458924275397934562e-13
-1.417393656479086229e-11 1.703227401500222497e-11 -7.030940340339197408e-12 -4.187489228849513100e-12 -1.716733748703945750e-12 7.320037180878055255e-12 -2.196228409651485739e-12 -1.221853992071928794e-12 -4.019125459749544357e-12 -3.359519247553872820e-12 2.846435677204056330e-12 3.821498075110852626e-12 6.016755793481056943e-12 8.727898083375012354e-12 2.167376633431595034e-11 7.005183056168251081e-12 8.355429981295890410e-13 -4.267890255647353939e-12 -2.974002326566902000e-12 -1.411345214896174519e-12 -8.706716176899836862e-13 -8.752490725027733383e-13 -6.628907319428789076e-13 -1.493367074816639953e-13 -7.563561880439188526e-13 -3.536496909490135079e-13
9.382999983321721195e-12 1.582140521786846498e-11 1.246289184716588200e-12 -6.559167369884572425e-12 1.617651484123922035e-12 3.523413949727219206e-13 2.252527732610423724e-12 3.564904123784021321e-12 -6.082979753022544064e-12 -4.851797655128375447e-12 1.822882620316108264e-13 -2.962415499786898948e-13 1.165996917422141784e-12 1.581197508515608663e-12 7.005183056168251081e-12 1.673220728859149703e-11 6.391785105985445559e-12 6.764216871015792737e-13 1.541242175926683258e-12 8.941852080839965501e-13 7.442487929177468424e-13 -5.367733101681546671e-13 1.333220114359441293e-13 7.165250119065542551e-14 7.131553343925431510e-13 -1.831238235086073397e-14
2.458451837832648968e-11 -5.417057554403077697e-12 2.431673974612392121e-12 3.573210113688744512e-12 -3.484438033637441479e-12 -7.105550066947501945e-12 -2.146936658602757204e-13 7.524058700596697123e-13 -4.963233700967728375e-12 9.622851096499091511e-14 1.667051320754741285e-12 -1.826746093859352260e-12 1.778174410600805640e-12 4.825978201008254580e-13 8.355429981295890410e-13 6.391785105985445559e-12 1.530091812466713485e-11 7.452336006237181171e-12 3.624422631557193113e-12 1.877067207495921007e-12 7.230848559558520306e-13 -1.708693418344228345e-12 -7.923300154505712432e-13 2.341357167115033508e-13 7.787928930661676176e-13 2.154090693435930224e-13
1.169754654274855791e-11 -1.212896556051129911e-11 6.156493885032030281e-12 4.212329167496989201e-12 8.145449099687738993e-13 4.208643379503002080e-12 5.042458502301263564e-12 3.927274437920257252e-12 7.035325693879733071e-12 2.179467197390685214e-12 6.350584856695309495e-13 -3.176599621422333789e-12 -2.444211906661464024e-12 -2.719878111654179187e-12 -4.267890255647353939e-12 6.764216871015792737e-13 7.452336006237181171e-12 1.544261499409579585e-11 7.427896405156197458e-12 3.484872945271205095e-12 1.357558505834892121e-12 -4.240187098681286465e-13 4.565956673681882406e-13 1.373477238974148681e-12 7.790925970363421742e-13 -1.126309672680498157e-13
9.512782699952241756e-12 -1.014844428662387273e-11 1.296945136279416228e-11 1.541278290032669610e-12 5.605174657288098843e-12 1.133187540538403919e-11 4.115603613072497051e-12 7.694961861527606402e-12 5.071636873346677395e-12 1.470852078301421940e-12 4.363551975562455604e-12 -1.952547330668703742e-12 -3.780888025237915833e-13 -1.321127905309850112e-12 -2.974002326566902000e-12 1.541242175926683258e-12 3.624422631557193113e-12 7.427896405156197458e-12 1.321620036274284776e-11 5.819829166984672149e-12 1.915408916778519009e-12 8.181693227529318072e-13 1.362145035141081195e-12 1.067718316040116587e-12 7.303586996467204063e-14 1.079234144338689665e-13
-4.094990371762541822e-12 -8.416433092269959297e-12 1.780619558583430470e-11 -2.632050453491965711e-12 2.572036162040641140e-12 4.821737563290553856e-12 -1.101083056544578319e-13 1.615521734186038362e-12 2.569447190721476014e-12 9.306062134552587510e-13 8.799232164257662568e-13 -3.122326453173109314e-12 4.905554219870844771e-14 -7.258814940298313913e-13 -1.411345214896174519e-12 8.941852080839965501e-13 1.877067207495921007e-12 3.484872945271205095e-12 5.819829166984672149e-12 1.060761921986808015e-11 4.642578847545912983e-12 3.075230849614458003e-12 1.303834882501314341e-12 6.296692797291852985e-13 3.363629309402328446e-13 -5.708729821769097707e-13
1.588556951245957706e-11 2.065227774202733199e-12 3.379283641235896406e-12 -1.377037844285545450e-12 2.647598479456356336e-14 2.023853931473858330e-12 3.212578992791439896e-12 1.121610054433472940e-12 -2.566437996674854071e-12 -9.893773744200707308e-13 4.762810013670964413e-13 -2.009167411647749647e-12 1.416453820985833119e-12 -7.457996220993021568e-13 -8.706716176899836862e-13 7.442487929177468424e-13 7.230848559558520306e-13 1.357558505834892121e-12 1.915408916778519009e-12 4.642578847545912983e-12 1.075022721565847763e-11 5.688104939460503263e-12 2.056417612511572522e-12 4.767640057327194641e-13 -7.508706122398401465e-13 -6.886848135095093153e-13
-4.372692515560030939e-12 1.865666900547282054e-12 1.393855352803191121e-11 3.928586878813010746e-12 4.848190414168874928e-14 2.776377358009534553e-12 3.650429043167782665e-12 3.714771867243231143e-12 1.243708851064380208e-12 -5.953468874670523251e-13 9.364232717805076739e-13 -1.336372316091128709e-12 1.263593383372389551e-12 -1.054168167728629544e-12 -8.752490725027733383e-13 -5.367733101681546671e-13 -1.708693418344228345e-12 -4.240187098681286465e-13 8.181693227529318072e-13 3.075230849614458003e-12 5.688104939460503263e-12 1.097836368680610512e-11 5.257315723033644276e-12 1.512380532756197110e-12 5.006474905151754741e-13 1.604213116046986481e-13
5.207108801067322017e-13 -9.901250988449451283e-12 8.695470511263517049e-12 6.986051639840550195e-12 7.735493967728555393e-13 -1.941868075332410470e-12 5.539980870458642817e-13 6.908431151021906457e-13 2.444265700717766575e-12 -1.226063780039152673e-12 2.100240082934352370e-12 -1.822737413831582150e-13 6.703481308413732801e-13 -1.228785805222037106e-12 -6.628907319428789076e-13 1.333220114359441293e-13 -7.923300154505712432e-13 4.565956673681882406e-13 1.362145035141081195e-12 1.303834882501314341e-12 2.056417612511572522e-12 5.257315723033644276e-12 8.006376437496410996e-12 3.400962043767925190e-12 1.127560390672460313e-12 2.936361564907470211e-13
-8.192832186241212042e-12 -5.064334411613155565e-12 1.377324987486613652e-11 8.603947219802731639e-12 4.120249694302826415e-12 1.058296711779589466e-12 -1.238149497555741919e-12 -9.027822652034932275e-13 2.403562250461754185e-12 -2.054746321247554729e-12 -5.778376075248105532e-13 8.975011286641315316e-13 -4.617461357812786487e-13 -9.169938708982798617e-13 -1.493367074816639953e-13 7.165250119065542551e-14 2.341357167115033508e-13 1.373477238974148681e-12 1.067718316040116587e-12 6.296692797291852985e-13 4.767640057327194641e-13 1.512380532756197110e-12 3.400962043767925190e-12 5.945247374475758975e-12 2.246419825517202690e-12 2.818331197486208169e-13
-7.785460694895402027e-12 4.133284712453088427e-12 2.703148266912727107e-12 3.713335658068191176e-12 2.617406880225873197e-15 2.163613375957923048e-12 7.273704194653746107e-13 -1.685353063447182218e-12 -4.643187421815289066e-13 -5.923500212892033603e-13 1.317178577359763961e-13 7.853303287281146659e-13 -9.576706202883332422e-13 -4.854970066327925603e-13 -7.563561880439188526e-13 7.131553343925431510e-13 7.787928930661676176e-13 7.790925970363421742e-13 7.303586996467204063e-14 3.363629309402328446e-13 -7.508706122398401465e-13 5.006474905151754741e-13 1.127560390672460313e-12 2.246419825517202690e-12 5.002903245753061144e-12 1.135483431525081059e-12
-6.214792693098023912e-12 1.341649199193250694e-12 -3.740755176143785959e-12 1.224235719291337199e-13 -2.320299978099451111e-12 1.861957421539925311e-12 2.552043267758433566e-12 1.104675110655358053e-12 -4.220730660777348622e-13 2.511095794775198552e-12 1.481880421010043208e-12 1.373204925556888100e-12 -3.376478858857993150e-13 -1.458924275397934562e-13 -3.536496909490135079e-13 -1.831238235086073397e-14 2.154090693435930224e-13 -1.126309672680498157e-13 1.079234144338689665e-13 -5.708729821769097707e-13 -6.886848135095093153e-13 1.604213116046986481e-13 2.936361564907470211e-13 2.818331197486208169e-13 1.135483431525081059e-12 2.815692889057479859e-12
