2.179294823429589042e-09 1.148836648205454514e-10 1.269581367867671045e-10 1.811039909941032461e-10 -1.946389551302455138e-12 5.836249487747864593e-11 6.903869083349273222e-11 -4.437157973355553966e-11 -8.488972027360106114e-12 -6.979398249311393675e-12 6.730743588682309794e-12 -2.575158056287747783e-11 5.063481782547879265e-12 6.304906427782729686e-12 -1.151113287334950294e-11 -2.285615961986830194e-11 -4.560163204203131337e-12 -1.017877260348639477e-11 8.389139644953334466e-12 5.180864053861709365e-12 2.012730999479589394e-11 1.321908821982101749e-11 -3.006556682980207757e-12 -7.015730263858585778e-12 -2.522606268545427853e-12 3.955920566254172430e-12
1.148836648205454514e-10 1.708999067876273733e-09 1.058806331143103578e-11 -3.384641376698278448e-11 4.161073608699174540e-11 2.243427446142168489e-11 6.196725363176158819e-11 1.006798171206005448e-11 -3.958503532846731176e-12 -1.998439551372792759e-11 -3.155312103352860505e-11 5.564201472452027747e-12 -4.781388255188919619e-12 4.112485195589744427e-12 -2.450928796314334952e-11 -1.639806899020223593e-11 -3.616351128447896595e-11 -2.634587890374256635e-11 -1.251106732679159929e-11 -8.532510754782009062e-12 -1.428933492838808946e-11 4.263776304093713336e-12 -2.331362325285893898e-12 3.999992275378584071e-12 -6.050747022989258974e-12 4.564873985037801986e-12
1.269581367867671045e-10 1.058806331143103578e-11 9.519408093980906664e-10 8.143234250368341403e-13 5.938666141516364852e-11 1.043439791227220033e-10 5.802796958230446215e-13 -1.592004793192289691e-11 1.078449516911534502e-11 3.195575987047320348e-11 -4.380827716255536818e-12 -2.782835236255961275e-11 8.598359068814029954e-12 4.330020969528202186e-12 1.362335514869865047e-12 2.055892670419898734e-11 8.081290077881330419e-12 -1.700953965440718159e-12 3.519700797989933839e-12 7.188213733032899010e-12 1.343606207414227024e-12 -2.039386487978014114e-12 -3.685820799845970930e-12 7.880719620462684274e-13 -2.362971493758959876e-12 -2.811002470700790414e-12
1.811039909941032461e-10 -3.384641376698278448e-11 8.143234250368341403e-13 6.113663847672285370e-10 1.579007067992358981e-11 2.140472758473849876e-12 2.008732833357727976e-12 -1.094503950349219266e-11 3.968295457980817237e-12 -1.821982952556003081e-11 -1.372332284564477388e-11 1.238772928058090414e-11 1.535748683016306914e-11 1.533102152166667328e-11 1.493303407354263192e-11 1.018295774596048809e-11 1.418307520207459749e-11 7.821382670289499913e-12 -3.725344455873553158e-12 -4.476513296720532463e-13 -4.857349224142656733e-14 -3.713017279821786956e-13 -1.462604113156746468e-12 -3.358893384797938572e-12 9.576437573043120639e-13 1.052148772303093546e-12
-1.946389551302455138e-12 4.161073608699174540e-11 5.938666141516364852e-11 1.579007067992358981e-11 4.156652220118778149e-10 2.613111158072494995e-11 2.188418125283235817e-11 -6.198131150167175931e-12 -9.023612439197817239e-12 -7.189662028042966687e-12 -3.188426625954484483e-12 1.559087890300082878e-12 9.642028448140867727e-12 6.112941449872952278e-12 9.965438877726357160e-13 2.090552071979042092e-12 7.374491531479152343e-12 2.934928143135785916e-12 -5.862871489309527150e-12 -1.082954613982490605e-12 -1.816985419671099233e-12 1.907094905076170843e-12 3.158558911494225521e-12 -1.322189323415091712e-12 2.004508161272521862e-14 9.817582379972624136e-13
5.836249487747864593e-11 2.243427446142168489e-11 1.043439791227220033e-10 2.140472758473849876e-12 2.613111158072494995e-11 3.167279339644195603e-10 1.957409036879602915e-11 9.647254452086726530e-12 1.959462755967177486e-11 -2.615238633451659430e-12 5.465389998953625006e-12 4.949757374905624068e-12 -3.323843520204673356e-12 7.908482836909625955e-12 1.943800293262509987e-13 4.829719239563836739e-12 2.777764689186607082e-12 1.955253175002575235e-12 -6.337599249520032031e-12 -5.277899744540851320e-13 6.732908517557062969e-12 5.226461508263031452e-12 -1.920116033920039287e-12 2.664117466922417317e-14 -5.348947779892750171e-13 -1.253165673865692364e-12
6.903869083349273222e-11 6.196725363176158819e-11 5.802796958230446215e-13 2.008732833357727976e-12 2.188418125283235817e-11 1.957409036879602915e-11 2.108502337279782372e-10 6.360787732365191436e-12 7.014356155699389340e-12 -7.980795819101720479e-13 -1.220897351104110587e-13 -5.181539324608684769e-12 8.360739166372581644e-13 2.673006920628462725e-12 -2.415078800155102785e-12 2.733162674573337945e-12 5.427861595400714611e-13 -4.317571389827803518e-12 -4.404574357166179645e-12 -1.938690083102392967e-12 -3.481833900886717975e-13 5.344269149274002116e-12 7.900321262169215529e-13 1.923930405733861961e-13 3.582861391416404887e-12 1.368104876179030230e-12
-4.437157973355553966e-11 1.006798171206005448e-11 -1.592004793192289691e-11 -1.094503950349219266e-11 -6.198131150167175931e-12 9.647254452086726530e-12 6.360787732365191436e-12 1.215110565367994445e-10 1.976410310693014981e-11 1.482728042994373707e-13 5.695466714369439781e-12 3.737448778656512006e-12 -4.205104507556425655e-13 2.184934294894769415e-12 2.267936733686638672e-12 3.534365442335160482e-12 2.648984486966145845e-12 4.952591850064863260e-12 -1.887068975181366387e-12 -1.246828689885415311e-12 -3.210322587072704139e-12 -4.168661146651132217e-12 2.766699352929513119e-14 -1.318455614959953262e-12 -1.045531974056667980e-12 -2.896756604553831548e-13
-8.488972027360106114e-12 -3.958503532846731176e-12 1.078449516911534502e-11 3.968295457980817237e-12 -9.023612439197817239e-12 1.959462755967177486e-11 7.014356155699389340e-12 1.976410310693014981e-11 9.879737918731489770e-11 8.595053463788907533e-12 1.515886084522160942e-11 9.066780468138440829e-12 1.141555696723428720e-11 4.856384348350928247e-12 1.230280511533433373e-12 2.028981594281782637e-12 6.425106534457246302e-12 2.176970995477866532e-12 1.567261904016177973e-12 1.181242820789735438e-12 -1.291706715300427109e-12 -2.520054124162631403e-12 -1.117073577663384726e-13 1.495775028712086968e-12 3.911085046995163652e-14 1.904927094689943123e-12
-6.979398249311393675e-12 -1.998439551372792759e-11 3.195575987047320348e-11 -1.821982952556003081e-11 -7.189662028042966687e-12 -2.615238633451659430e-12 -7.980795819101720479e-13 1.482728042994373707e-13 8.595053463788907533e-12 6.430897300975445355e-11 1.719996830322801791e-11 5.367584406117534330e-12 2.592901541762740958e-15 -1.667491534933605381e-12 -4.053613877223172646e-12 -2.594022497346458835e-12 -3.093273529206145783e-12 -3.816020338279427819e-13 1.677037602697596849e-12 3.066102668491704934e-12 1.134752958765490045e-12 -1.052969155741011316e-12 -1.013018209922938630e-12 -9.113431228135651642e-13 1.590929055184376728e-12 6.117817712682113798e-13
6.730743588682309794e-12 -3.155312103352860505e-11 -4.380827716255536818e-12 -1.372332284564477388e-11 -3.188426625954484483e-12 5.465389998953625006e-12 -1.220897351104110587e-13 5.695466714369439781e-12 1.515886084522160942e-11 1.719996830322801791e-11 5.363558364090689080e-11 1.953472644554723090e-11 7.581113287809161657e-12 4.424661669003961214e-12 3.504028591021184837e-13 -3.114049595928507181e-13 -1.730009357095196276e-12 -1.751475824673141821e-12 -6.901636066252901084e-13 2.532388975531297633e-12 -1.266749063232207408e-12 -1.224180716728488269e-12 -2.067991414827321185e-13 -4.771176680899295186e-13 7.199183660712016309e-13 4.841361019242240182e-13
-2.575158056287747783e-11 5.564201472452027747e-12 -2.782835236255961275e-11 1.238772928058090414e-11 1.559087890300082878e-12 4.949757374905624068e-12 -5.181539324608684769e-12 3.737448778656512006e-12 9.066780468138440829e-12 5.367584406117534330e-12 1.953472644554723090e-11 4.149614916615731301e-11 1.011064208433725293e-11 7.405923280587147709e-12 2.662039501476836016e-12 1.354426369942934231e-12 5.382881051589919272e-13 1.265975549132451802e-12 -1.642255383678234804e-12 3.226718356399192775e-13 -2.738396260477463014e-12 -1.215338516556562486e-12 4.810171279626924239e-13 6.799960047062857406e-13 1.179484557121936560e-12 -8.049557527962640733e-13
5.063481782547879265e-12 -4.781388255188919619e-12 8.598359068814029954e-12 1.535748683016306914e-11 9.642028448140867727e-12 -3.323843520204673356e-12 8.360739166372581644e-13 -4.205104507556425655e-13 1.141555696723428720e-11 2.592901541762740958e-15 7.581113287809161657e-12 1.011064208433725293e-11 3.119972964364986710e-11 1.389253397561994425e-11 4.760276819470729545e-12 3.119668970515132124e-12 1.757629266566066312e-12 3.662877634527144017e-14 5.522143942412265772e-13 1.356091311384588627e-12 -3.649753537433109640e-13 -4.168431210079728531e-13 1.337495991483603645e-13 -8.694848147846261747e-14 -4.619391029616552913e-13 -6.207723681446514599e-13
6.304906427782729686e-12 4.112485195589744427e-12 4.330020969528202186e-12 1.533102152166667328e-11 6.112941449872952278e-12 7.908482836909625955e-12 2.673006920628462725e-12 2.184934294894769415e-12 4.856384348350928247e-12 -1.667491534933605381e-12 4.424661669003961214e-12 7.405923280587147709e-12 1.389253397561994425e-11 2.746376121596338502e-11 9.563174549573587722e-12 3.766095515733198308e-12 9.058356674957227013e-13 -5.315645670215039452e-13 1.023795376882563206e-12 2.500724273847508514e-13 1.229975768852506133e-12 6.820918653949615373e-13 8.909932807234206782e-13 5.317471895577296340e-13 -4.827445994595830247e-13 4.542534432159979923e-13
-1.151113287334950294e-11 -2.450928796314334952e-11 1.362335514869865047e-12 1.493303407354263192e-11 9.965438877726357160e-13 1.943800293262509987e-13 -2.415078800155102785e-12 2.267936733686638672e-12 1.230280511533433373e-12 -4.053613877223172646e-12 3.504028591021184837e-13 2.662039501476836016e-12 4.760276819470729545e-12 9.563174549573587722e-12 2.253465533925439006e-11 7.085170706464285413e-12 3.394157383774140480e-12 2.434921077507679719e-12 2.061437286619705141e-12 1.333591213874916419e-12 1.166623285519573922e-12 6.272546327632891923e-13 5.496484329366833567e-13 8.052943669409332734e-14 -5.886738505443313476e-13 2.104248552369823524e-14
-2.285615961986830194e-11 -1.639806899020223593e-11 2.055892670419898734e-11 1.018295774596048809e-11 2.090552071979042092e-12 4.829719239563836739e-12 2.733162674573337945e-12 3.534365442335160482e-12 2.028981594281782637e-12 -2.594022497346458835e-12 -3.114049595928507181e-13 1.354426369942934231e-12 3.119668970515132124e-12 3.766095515733198308e-12 7.085170706464285413e-12 1.713314100981179389e-11 8.325664123683747888e-12 2.046810752988711261e-12 1.936710121860980343e-13 1.657990628436410625e-12 6.306745289941748379e-13 1.047116995457296106e-12 -3.818238206160154746e-13 -4.038070329385197108e-13 -6.595028112515463331e-13 -3.594164173869649304e-13
-4.560163204203131337e-12 -3.616351128447896595e-11 8.081290077881330419e-12 1.418307520207459749e-11 7.374491531479152343e-12 2.777764689186607082e-12 5.427861595400714611e-13 2.648984486966145845e-12 6.425106534457246302e-12 -3.093273529206145783e-12 -1.730009357095196276e-12 5.382881051589919272e-13 1.757629266566066312e-12 9.058356674957227013e-13 3.394157383774140480e-12 8.325664123683747888e-12 1.713980643828526603e-11 6.527214666957559068e-12 2.515164128337833025e-13 1.119075418162524954e-12 2.326423937115335921e-12 3.847187241344818295e-13 -6.383940904240898327e-13 -1.544907431117557458e-12 -6.963717147373888265e-13 1.884514505550799426e-13
-1.017877260348639477e-11 -2.634587890374256635e-11 -1.700953965440718159e-12 7.821382670289499913e-12 2.934928143135785916e-12 1.955253175002575235e-12 -4.317571389827803518e-12 4.952591850064863260e-12 2.176970995477866532e-12 -3.816020338279427819e-13 -1.751475824673141821e-12 1.265975549132451802e-12 3.662877634527144017e-14 -5.315645670215039452e-13 2.434921077507679719e-12 2.046810752988711261e-12 6.527214666957559068e-12 1.206252019600539851e-11 4.932430515083877680e-12 2.709178210599822903e-12 8.354116215493216645e-13 -2.034743923018496179e-13 -1.059178219762649933e-12 -5.860661222674134211e-13 -1.796226661089061563e-13 -1.933242174292032091e-13
8.389139644953334466e-12 -1.251106732679159929e-11 3.519700797989933839e-12 -3.725344455873553158e-12 -5.862871489309527150e-12 -6.337599249520032031e-12 -4.404574357166179645e-12 -1.887068975181366387e-12 1.567261904016177973e-12 1.677037602697596849e-12 -6.901636066252901084e-13 -1.642255383678234804e-12 5.522143942412265772e-13 1.023795376882563206e-12 2.061437286619705141e-12 1.936710121860980343e-13 2.515164128337833025e-13 4.932430515083877680e-12 1.036108875781543216e-11 4.697230463012444886e-12 5.260716447503312028e-13 2.917192120512817734e-13 -1.083977485602590407e-12 -7.206182077783541756e-14 -3.813775204704612744e-13 1.805397613712429579e-13
5.180864053861709365e-12 -8.532510754782009062e-12 7.188213733032899010e-12 -4.476513296720532463e-13 -1.082954613982490605e-12 -5.277899744540851320e-13 -1.938690083102392967e-12 -1.246828689885415311e-12 1.181242820789735438e-12 3.066102668491704934e-12 2.532388975531297633e-12 3.226718356399192775e-13 1.356091311384588627e-12 2.500724273847508514e-13 1.333591213874916419e-12 1.657990628436410625e-12 1.119075418162524954e-12 2.709178210599822903e-12 4.697230463012444886e-12 9.790003953744423627e-12 2.563375413571168708e-12 1.323087847711125148e-12 -2.854749912718070213e-13 -1.602091890251053852e-13 6.382187184028113834e-13 3.395444393779400789e-13
2.012730999479589394e-11 -1.428933492838808946e-11 1.343606207414227024e-12 -4.857349224142656733e-14 -1.816985419671099233e-12 6.732908517557062969e-12 -3.481833900886717975e-13 -3.210322587072704139e-12 -1.291706715300427109e-12 1.134752958765490045e-12 -1.266749063232207408e-12 -2.738396260477463014e-12 -3.649753537433109640e-13 1.229975768852506133e-12 1.166623285519573922e-12 6.306745289941748379e-13 2.326423937115335921e-12 8.354116215493216645e-13 5.260716447503312028e-13 2.563375413571168708e-12 9.129598154647844595e-12 2.971488621875787604e-12 3.166598370831730722e-14 -7.298836803305828124e-13 7.050246109798568020e-13 4.804947422986141927e-13
1.321908821982101749e-11 4.263776304093713336e-12 -2.039386487978014114e-12 -3.713017279821786956e-13 1.907094905076170843e-12 5.226461508263031452e-12 5.344269149274002116e-12 -4.168661146651132217e-12 -2.520054124162631403e-12 -1.052969155741011316e-12 -1.224180716728488269e-12 -1.215338516556562486e-12 -4.168431210079728531e-13 6.820918653949615373e-13 6.272546327632891923e-13 1.047116995457296106e-12 3.847187241344818295e-13 -2.034743923018496179e-13 2.917192120512817734e-13 1.323087847711125148e-12 2.971488621875787604e-12 6.126702449840397295e-12 7.010791330540828151e-13 -3.958678750348325570e-13 4.919850468150343282e-13 4.238855732072051663e-13
-3.006556682980207757e-12 -2.331362325285893898e-12 -3.685820799845970930e-12 -1.462604113156746468e-12 3.158558911494225521e-12 -1.920116033920039287e-12 7.900321262169215529e-13 2.766699352929513119e-14 -1.117073577663384726e-13 -1.013018209922938630e-12 -2.067991414827321185e-13 4.810171279626924239e-13 1.337495991483603645e-13 8.909932807234206782e-13 5.496484329366833567e-13 -3.818238206160154746e-13 -6.383940904240898327e-13 -1.059178219762649933e-12 -1.083977485602590407e-12 -2.854749912718070213e-13 3.166598370831730722e-14 7.010791330540828151e-13 3.448143030536746775e-12 5.549758523722072323e-13 -1.997260792311235261e-13 3.806613998604671071e-13
-7.015730263858585778e-12 3.999992275378584071e-12 7.880719620462684274e-13 -3.358893384797938572e-12 -1.322189323415091712e-12 2.664117466922417317e-14 1.923930405733861961e-13 -1.318455614959953262e-12 1.495775028712086968e-12 -9.113431228135651642e-13 -4.771176680899295186e-13 6.799960047062857406e-13 -8.694848147846261747e-14 5.317471895577296340e-13 8.052943669409332734e-14 -4.038070329385197108e-13 -1.544907431117557458e-12 -5.860661222674134211e-13 -7.206182077783541756e-14 -1.602091890251053852e-13 -7.298836803305828124e-13 -3.958678750348325570e-13 5.549758523722072323e-13 3.342332033795999037e-12 -1.130055756048207520e-13 -1.783225962319248069e-13
-2.522606268545427853e-12 -6.050747022989258974e-12 -2.362971493758959876e-12 9.576437573043120639e-13 2.004508161272521862e-14 -5.348947779892750171e-13 3.582861391416404887e-12 -1.045531974056667980e-12 3.911085046995163652e-14 1.590929055184376728e-12 7.199183660712016309e-13 1.179484557121936560e-12 -4.619391029616552913e-13 -4.827445994595830247e-13 -5.886738505443313476e-13 -6.595028112515463331e-13 -6.963717147373888265e-13 -1.796226661089061563e-13 -3.813775204704612744e-13 6.382187184028113834e-13 7.050246109798568020e-13 4.919850468150343282e-13 -1.997260792311235261e-13 -1.130055756048207520e-13 3.050755322382638120e-12 2.310133711115670427e-13
3.955920566254172430e-12 4.564873985037801986e-12 -2.811002470700790414e-12 1.052148772303093546e-12 9.817582379972624136e-13 -1.253165673865692364e-12 1.368104876179030230e-12 -2.896756604553831548e-13 1.904927094689943123e-12 6.117817712682113798e-13 4.841361019242240182e-13 -8.049557527962640733e-13 -6.207723681446514599e-13 4.542534432159979923e-13 2.104248552369823524e-14 -3.594164173869649304e-13 1.884514505550799426e-13 -1.933242174292032091e-13 1.805397613712429579e-13 3.395444393779400789e-13 4.804947422986141927e-13 4.238855732072051663e-13 3.806613998604671071e-13 -1.783225962319248069e-13 2.310133711115670427e-13 1.801647693534785602e-12
