3.063686370180903941e-09 2.878303729560566552e-10 6.590583718649034024e-11 -1.247745348020810505e-10 -1.203332087450335935e-10 -7.870853480284480297e-11 6.838970000233089530e-11 1.915668177862843072e-11 5.008277690534049796e-11 -2.779542372437078137e-11 -2.706489332338255626e-11 -4.062233039427004767e-11 1.234653782119288060e-11 -1.847808536862036088e-11 3.934364650056603375e-12 -3.942155838123894855e-11 -6.937519788241892139e-12 4.674280668298518857e-12 9.630060114343063749e-12 -2.452856267723232437e-11 -5.036588827303776137e-11 -2.525844444511078471e-11 -1.179076106706041105e-12 -1.347337156011057133e-11 4.427903897209780423e-12 1.216092526300530442e-12
2.878303729560566552e-10 2.407949996210993887e-09 1.070254335766778801e-10 1.848102344097939856e-10 4.393337607505393002e-11 1.124220863257660980e-10 3.009992539627076640e-11 -9.484428335973963303e-12 -4.466463909668859254e-11 5.361216993364188636e-12 -2.026157228240459466e-11 -1.292572260447969704e-11 -3.066537879689573702e-11 -2.471913447469952833e-11 -1.225425847745962141e-11 -2.537056964746876231e-11 -2.675132825325393857e-11 -1.352398138465747813e-11 2.374744865139961967e-11 7.781548110111437846e-12 1.927681663696967860e-11 -1.656024315621092635e-11 -9.039141536883778992e-12 -5.406777438084595605e-12 2.525978870781243433e-12 1.043255962014052061e-11
6.590583718649034024e-11 1.070254335766778801e-10 1.669723279852737067e-09 8.615496469959275022e-11 2.976403508776289890e-11 4.269562189415072929e-11 5.789037897993018039e-11 -4.642147566925049309e-11 -1.118218474654875352e-11 -1.786942365023746273e-11 5.109880517639672121e-12 -2.149466461774043864e-11 -2.994361658273202558e-11 -1.606536889892796545e-11 -1.131907209135188017e-11 -2.931432260040335892e-12 -5.397588635642104530e-12 -1.866304563628296209e-12 1.924641999865306511e-11 -2.177118941663898622e-13 1.039352727591876550e-11 8.130903448513440107e-12 -6.235325905122843336e-12 4.672253348626566278e-12 -1.950874557458246879e-12 5.125921966268131974e-13
-1.247745348020810505e-10 1.848102344097939856e-10 8.615496469959275022e-11 1.060108522150546132e-09 3.502468452303211263e-11 5.367683806169352698e-11 4.537566571079575854e-11 4.764542942483723499e-12 -2.824427165630782703e-11 -9.892510767784054651e-12 2.893532310809095459e-11 1.951995658961989953e-11 -1.761477859040473740e-11 -3.568322611983574927e-12 1.599035790668485783e-11 1.067925544666303918e-11 1.153513249721565934e-11 6.445159530835854847e-13 1.993023016612771940e-11 -4.070688981399589952e-12 -4.903577743782570745e-12 -7.972603930767428792e-12 6.356718106736573967e-13 2.329864453854671423e-12 -6.872122432204093862e-12 -1.580521164827851719e-12
-1.203332087450335935e-10 4.393337607505393002e-11 2.976403508776289890e-11 3.502468452303211263e-11 6.111551469033793681e-10 7.097456868662732548e-11 -1.009897858683333104e-11 2.812589274923243435e-11 1.725769854549154642e-12 2.072625939851604509e-12 -1.123373282853293368e-11 -6.827272116851131436e-12 -5.445261271451622255e-12 2.398242046009986131e-12 7.021477205636101818e-12 4.190224904389212073e-12 -7.110663157162167685e-12 2.198749288570430368e-12 -5.051820624379018927e-12 -1.432191456161266150e-11 -5.515096343163797847e-12 -1.382731958842432734e-12 1.333090193481265698e-12 2.618859301051348589e-12 -3.030704540938934527e-12 -2.328524570234772508e-12
-7.870853480284480297e-11 1.124220863257660980e-10 4.269562189415072929e-11 5.367683806169352698e-11 7.097456868662732548e-11 3.804159371260035344e-10 4.483302813730491684e-11 1.386039146967741599e-11 1.017839241768629440e-11 9.060264931743475463e-13 9.085506788415101561e-12 -7.979141252112730539e-12 -2.187979622449811379e-12 -6.957272225660935053e-12 -3.680982178235472488e-14 4.157909389645615683e-12 1.242286804535281171e-12 -1.053796939800299883e-12 -7.295514659642911849e-12 -9.039805560796992126e-13 4.779503275565214222e-12 5.682821276375086937e-12 -2.549804185102644281e-12 -5.470100260893659716e-12 -8.380209237364150990e-13 -2.241043324099900732e-13
6.838970000233089530e-11 3.009992539627076640e-11 5.789037897993018039e-11 4.537566571079575854e-11 -1.009897858683333104e-11 4.483302813730491684e-11 2.936912054962630149e-10 2.496849830735586628e-11 2.154911834952747876e-11 3.695775973987221554e-11 1.032099798231300503e-11 2.748238933883080679e-12 -8.781629649298894772e-12 -3.279413780395114108e-12 -7.000783228035087859e-12 -5.660619121789796928e-12 -6.951796831253418292e-13 2.566767617768744898e-12 -7.847535075268753209e-13 -3.073023977096254234e-12 3.129480358247604640e-13 6.968335495585393010e-13 7.576925898760628344e-13 -2.468559633394912169e-12 -7.148982248584365790e-12 -4.034340659149090462e-12
1.915668177862843072e-11 -9.484428335973963303e-12 -4.642147566925049309e-11 4.764542942483723499e-12 2.812589274923243435e-11 1.386039146967741599e-11 2.496849830735586628e-11 1.720807036095960392e-10 1.622880872065668288e-11 1.209085506240408503e-11 5.600321303768688240e-12 1.127606744549020502e-11 -5.216030028343389673e-12 -5.872069552988648570e-12 1.183472029771077115e-13 1.752974896948021359e-12 -5.540932998635001552e-13 9.136413780871046068e-13 2.258985110395113174e-12 -2.638093874638807563e-12 2.288330069757952740e-12 1.722116370240772184e-12 1.256620383262833928e-12 2.135539963441073028e-12 -2.927892195684291394e-12 -2.533541228540293467e-12
5.008277690534049796e-11 -4.466463909668859254e-11 -1.118218474654875352e-11 -2.824427165630782703e-11 1.725769854549154642e-12 1.017839241768629440e-11 2.154911834952747876e-11 1.622880872065668288e-11 1.382131812486313389e-10 1.793624046337163731e-11 1.303815208117301599e-11 2.253851308975821723e-12 1.845386832982607810e-12 -2.500492303782586370e-12 -2.238147982528565112e-12 -8.659914993196157351e-14 -7.964433912133407183e-13 -1.812329845846336715e-12 -4.805411886327518836e-12 -4.203247553689602456e-12 -6.173298085659317822e-13 5.553630322963001322e-12 3.948522675967206933e-12 -2.631408515602299228e-12 -2.204502046154861140e-12 -1.115115229369589329e-12
-2.779542372437078137e-11 5.361216993364188636e-12 -1.786942365023746273e-11 -9.892510767784054651e-12 2.072625939851604509e-12 9.060264931743475463e-13 3.695775973987221554e-11 1.209085506240408503e-11 1.793624046337163731e-11 8.906698568426134825e-11 1.173021560031266090e-11 8.965574383854462209e-12 -6.650078452823308176e-12 1.523814321045960975e-12 -2.548232093899701248e-12 2.130685933895735529e-12 -4.466816090057674471e-13 1.297981830234133083e-12 -1.981399434468967592e-12 1.770421342298865511e-12 2.028263669176957654e-12 -4.712992786109928522e-13 3.228817153774022490e-13 1.412329999933108938e-12 -4.025249346419643702e-12 -3.385801492787621630e-12
-2.706489332338255626e-11 -2.026157228240459466e-11 5.109880517639672121e-12 2.893532310809095459e-11 -1.123373282853293368e-11 9.085506788415101561e-12 1.032099798231300503e-11 5.600321303768688240e-12 1.303815208117301599e-11 1.173021560031266090e-11 7.315217914871369550e-11 2.462206513395379425e-11 9.072799696435119446e-12 2.946334310970581108e-12 -1.754969174086472184e-13 2.718782828139596597e-12 8.224724512803771676e-13 3.447987919089116024e-13 -8.010364865039256859e-13 -1.034542571361481916e-12 1.786702644749170124e-12 3.863513227849784842e-12 -5.191849454106900266e-13 -6.507736342555915920e-13 -2.437323699267586168e-12 -1.971835989367430423e-12
-4.062233039427004767e-11 -1.292572260447969704e-11 -2.149466461774043864e-11 1.951995658961989953e-11 -6.827272116851131436e-12 -7.979141252112730539e-12 2.748238933883080679e-12 1.127606744549020502e-11 2.253851308975821723e-12 8.965574383854462209e-12 2.462206513395379425e-11 5.845592358071316931e-11 8.009198759970257862e-12 4.337346120533151260e-12 2.766210287572028477e-12 2.370534098469718635e-12 -1.645617440973897398e-12 -7.379874713069999771e-13 9.492614442610598762e-14 -2.120352122689551629e-12 -9.424898287161063328e-13 -1.456428916715199778e-12 3.679730699568305387e-14 4.586921599436553407e-13 -1.646274103752849934e-12 -4.855069409262598144e-13
1.234653782119288060e-11 -3.066537879689573702e-11 -2.994361658273202558e-11 -1.761477859040473740e-11 -5.445261271451622255e-12 -2.187979622449811379e-12 -8.781629649298894772e-12 -5.216030028343389673e-12 1.845386832982607810e-12 -6.650078452823308176e-12 9.072799696435119446e-12 8.009198759970257862e-12 4.430180369070730015e-11 9.928642351619457811e-12 8.660932906368296717e-12 4.158262434720486428e-12 2.356028926410850536e-13 -1.167600145542376669e-12 -6.889048472870352974e-13 -1.443691450876605169e-12 6.354208198518123516e-13 2.319166590381898417e-13 -1.824308468999078808e-13 -3.118532306691283448e-12 -7.488531699688792047e-13 6.162222189869922357e-13
-1.847808536862036088e-11 -2.471913447469952833e-11 -1.606536889892796545e-11 -3.568322611983574927e-12 2.398242046009986131e-12 -6.957272225660935053e-12 -3.279413780395114108e-12 -5.872069552988648570e-12 -2.500492303782586370e-12 1.523814321045960975e-12 2.946334310970581108e-12 4.337346120533151260e-12 9.928642351619457811e-12 3.378823884948640805e-11 1.430528943652199666e-11 7.198731234695155620e-12 1.490689283439608445e-12 1.851285331429785981e-12 1.640220741808822054e-12 5.413388844263426077e-13 1.116205650358033354e-12 -9.217654186210741274e-13 -1.665087257824076196e-12 5.208160299308713152e-13 7.277554775036476478e-13 3.831141539848277861e-13
3.934364650056603375e-12 -1.225425847745962141e-11 -1.131907209135188017e-11 1.599035790668485783e-11 7.021477205636101818e-12 -3.680982178235472488e-14 -7.000783228035087859e-12 1.183472029771077115e-13 -2.238147982528565112e-12 -2.548232093899701248e-12 -1.754969174086472184e-13 2.766210287572028477e-12 8.660932906368296717e-12 1.430528943652199666e-11 2.506100623541307977e-11 7.510154996455749908e-12 3.513026221719180222e-12 2.234708806694461545e-12 4.053040968173507032e-12 2.222570820389096863e-13 5.321850136578474012e-13 1.130578665083612260e-12 9.393906499064723183e-13 -1.428499273021234641e-13 6.967428040895971231e-13 6.338992067080764080e-13
-3.942155838123894855e-11 -2.537056964746876231e-11 -2.931432260040335892e-12 1.067925544666303918e-11 4.190224904389212073e-12 4.157909389645615683e-12 -5.660619121789796928e-12 1.752974896948021359e-12 -8.659914993196157351e-14 2.130685933895735529e-12 2.718782828139596597e-12 2.370534098469718635e-12 4.158262434720486428e-12 7.198731234695155620e-12 7.510154996455749908e-12 2.033416056610275586e-11 8.205340756976073216e-12 4.338324776090142022e-12 2.598155943401404551e-12 5.255620401210940319e-13 1.097277850167115441e-12 -8.517484714980244210e-15 -1.563602515241187448e-13 6.780975940773167748e-13 3.539750227722636982e-13 -1.287253488850728321e-13
-6.937519788241892139e-12 -2.675132825325393857e-11 -5.397588635642104530e-12 1.153513249721565934e-11 -7.110663157162167685e-12 1.242286804535281171e-12 -6.951796831253418292e-13 -5.540932998635001552e-13 -7.964433912133407183e-13 -4.466816090057674471e-13 8.224724512803771676e-13 -1.645617440973897398e-12 2.356028926410850536e-13 1.490689283439608445e-12 3.513026221719180222e-12 8.205340756976073216e-12 1.885622656169024102e-11 8.269045449194354345e-12 2.904751101958669528e-12 1.103244776021602168e-12 -7.618027142302849559e-14 3.534830828694633171e-13 3.379494346890947417e-14 -8.053351243538807543e-13 -3.062683531507230502e-13 3.458698571780988559e-13
4.674280668298518857e-12 -1.352398138465747813e-11 -1.866304563628296209e-12 6.445159530835854847e-13 2.198749288570430368e-12 -1.053796939800299883e-12 2.566767617768744898e-12 9.136413780871046068e-13 -1.812329845846336715e-12 1.297981830234133083e-12 3.447987919089116024e-13 -7.379874713069999771e-13 -1.167600145542376669e-12 1.851285331429785981e-12 2.234708806694461545e-12 4.338324776090142022e-12 8.269045449194354345e-12 1.926152169009151310e-11 7.988763770878382906e-12 1.896221947603364220e-12 1.454163622933922760e-12 1.345884891510044090e-12 2.029236469740012940e-12 2.158245832242651252e-13 4.060286059965282029e-13 7.811410521986783465e-14
9.630060114343063749e-12 2.374744865139961967e-11 1.924641999865306511e-11 1.993023016612771940e-11 -5.051820624379018927e-12 -7.295514659642911849e-12 -7.847535075268753209e-13 2.258985110395113174e-12 -4.805411886327518836e-12 -1.981399434468967592e-12 -8.010364865039256859e-13 9.492614442610598762e-14 -6.889048472870352974e-13 1.640220741808822054e-12 4.053040968173507032e-12 2.598155943401404551e-12 2.904751101958669528e-12 7.988763770878382906e-12 1.833749824462157469e-11 6.779077875388925757e-12 3.381770685671180438e-12 7.056836642149603555e-13 1.003312521909473837e-12 8.411208902612307292e-13 2.574182048588515457e-13 3.625408172520417016e-13
-2.452856267723232437e-11 7.781548110111437846e-12 -2.177118941663898622e-13 -4.070688981399589952e-12 -1.432191456161266150e-11 -9.039805560796992126e-13 -3.073023977096254234e-12 -2.638093874638807563e-12 -4.203247553689602456e-12 1.770421342298865511e-12 -1.034542571361481916e-12 -2.120352122689551629e-12 -1.443691450876605169e-12 5.413388844263426077e-13 2.222570820389096863e-13 5.255620401210940319e-13 1.103244776021602168e-12 1.896221947603364220e-12 6.779077875388925757e-12 1.548998339633157328e-11 7.919099395307487294e-12 4.229104195923074172e-12 2.902295079897620536e-13 -1.348358411201155807e-12 -7.577783859130128038e-13 -9.837007846089986994e-13
-5.036588827303776137e-11 1.927681663696967860e-11 1.039352727591876550e-11 -4.903577743782570745e-12 -5.515096343163797847e-12 4.779503275565214222e-12 3.129480358247604640e-13 2.288330069757952740e-12 -6.173298085659317822e-13 2.028263669176957654e-12 1.786702644749170124e-12 -9.424898287161063328e-13 6.354208198518123516e-13 1.116205650358033354e-12 5.321850136578474012e-13 1.097277850167115441e-12 -7.618027142302849559e-14 1.454163622933922760e-12 3.381770685671180438e-12 7.919099395307487294e-12 1.655544572800010578e-11 7.741203482265104459e-12 2.521237023830456044e-12 -5.644883080795668864e-13 -3.052381352449918070e-13 -1.079982980133348696e-12
-2.525844444511078471e-11 -1.656024315621092635e-11 8.130903448513440107e-12 -7.972603930767428792e-12 -1.382731958842432734e-12 5.682821276375086937e-12 6.968335495585393010e-13 1.722116370240772184e-12 5.553630322963001322e-12 -4.712992786109928522e-13 3.863513227849784842e-12 -1.456428916715199778e-12 2.319166590381898417e-13 -9.217654186210741274e-13 1.130578665083612260e-12 -8.517484714980244210e-15 3.534830828694633171e-13 1.345884891510044090e-12 7.056836642149603555e-13 4.229104195923074172e-12 7.741203482265104459e-12 1.349589092859116494e-11 5.122154662852312909e-12 2.176040438405123741e-13 -5.957060586101551412e-13 -5.303130609792020289e-13
-1.179076106706041105e-12 -9.039141536883778992e-12 -6.235325905122843336e-12 6.356718106736573967e-13 1.333090193481265698e-12 -2.549804185102644281e-12 7.576925898760628344e-13 1.256620383262833928e-12 3.948522675967206933e-12 3.228817153774022490e-13 -5.191849454106900266e-13 3.679730699568305387e-14 -1.824308468999078808e-13 -1.665087257824076196e-12 9.393906499064723183e-13 -1.563602515241187448e-13 3.379494346890947417e-14 2.029236469740012940e-12 1.003312521909473837e-12 2.902295079897620536e-13 2.521237023830456044e-12 5.122154662852312909e-12 8.760104544784612914e-12 3.141642676068379552e-12 -3.679838064740963134e-13 -2.104668878871603927e-13
-1.347337156011057133e-11 -5.406777438084595605e-12 4.672253348626566278e-12 2.329864453854671423e-12 2.618859301051348589e-12 -5.470100260893659716e-12 -2.468559633394912169e-12 2.135539963441073028e-12 -2.631408515602299228e-12 1.412329999933108938e-12 -6.507736342555915920e-13 4.586921599436553407e-13 -3.118532306691283448e-12 5.208160299308713152e-13 -1.428499273021234641e-13 6.780975940773167748e-13 -8.053351243538807543e-13 2.158245832242651252e-13 8.411208902612307292e-13 -1.348358411201155807e-12 -5.644883080795668864e-13 2.176040438405123741e-13 3.141642676068379552e-12 6.814163247773420001e-12 1.576778067713934642e-12 3.249779298564179259e-13
4.427903897209780423e-12 2.525978870781243433e-12 -1.950874557458246879e-12 -6.872122432204093862e-12 -3.030704540938934527e-12 -8.380209237364150990e-13 -7.148982248584365790e-12 -2.927892195684291394e-12 -2.204502046154861140e-12 -4.025249346419643702e-12 -2.437323699267586168e-12 -1.646274103752849934e-12 -7.488531699688792047e-13 7.277554775036476478e-13 6.967428040895971231e-13 3.539750227722636982e-13 -3.062683531507230502e-13 4.060286059965282029e-13 2.574182048588515457e-13 -7.577783859130128038e-13 -3.052381352449918070e-13 -5.957060586101551412e-13 -3.679838064740963134e-13 1.576778067713934642e-12 5.280545712479373497e-12 1.629309576403998138e-12
1.216092526300530442e-12 1.043255962014052061e-11 5.125921966268131974e-13 -1.580521164827851719e-12 -2.328524570234772508e-12 -2.241043324099900732e-13 -4.034340659149090462e-12 -2.533541228540293467e-12 -1.115115229369589329e-12 -3.385801492787621630e-12 -1.971835989367430423e-12 -4.855069409262598144e-13 6.162222189869922357e-13 3.831141539848277861e-13 6.338992067080764080e-13 -1.287253488850728321e-13 3.458698571780988559e-13 7.811410521986783465e-14 3.625408172520417016e-13 -9.837007846089986994e-13 -1.079982980133348696e-12 -5.303130609792020289e-13 -2.104668878871603927e-13 3.249779298564179259e-13 1.629309576403998138e-12 3.323249122226195522e-12
