2.327838286773090397e-09 2.888657945534903764e-10 4.027798355688878238e-11 -4.661802481486857803e-11 -5.044416418806893486e-12 4.118774561138363975e-11 2.597277040008990584e-11 -4.882472212698219173e-12 -3.066935369178684705e-11 -2.120132915396061348e-11 -1.641126063014563335e-11 -3.135867758467805723e-11 -4.185134383765588988e-12 1.100597594511822843e-11 1.534919951257648693e-11 4.706490241222428481e-12 -1.352996639500831790e-11 -8.801317067227442440e-12 -4.135201438691886495e-12 -8.674838095451069193e-12 4.075168453037786676e-12 1.551953974268465961e-11 -1.183260024218531903e-11 -1.665806113621867669e-12 1.093439233268394683e-11 3.213085949569757109e-12
2.888657945534903764e-10 1.658096126676368673e-09 1.591781826294327059e-10 -6.305179588639599140e-11 3.640830508880047936e-11 -5.084104382805588287e-12 2.809203356707174065e-11 -1.171367247171258585e-11 -1.120551861461291181e-11 -1.126767718723119447e-11 2.069265674441950894e-11 9.356705849328000217e-12 1.492139889691059510e-11 9.880267467173492119e-13 2.228416209396200626e-11 3.730035944646456109e-11 1.907406763969399760e-11 1.473153608890510866e-12 -7.302503234413862931e-12 -9.725907436709591604e-12 1.697108120217192578e-12 8.307028096227693011e-12 -2.643179033643339361e-12 3.862849042510925748e-12 2.151056395792684620e-12 1.529046649832191456e-13
4.027798355688878238e-11 1.591781826294327059e-10 1.098487984964204397e-09 7.055049756290028487e-11 5.921637281011447054e-11 4.430502909959503993e-11 6.373816081597627213e-11 3.413472396503216994e-11 -8.849976653002269708e-12 2.300219875901662972e-11 -2.030138273752839722e-12 5.777506671188686351e-12 3.197020193097544281e-11 4.933304361949559857e-12 6.609211390467929955e-12 7.414119130711863698e-12 8.852382770470611276e-12 -9.102525964491238689e-12 -6.736968052294609727e-12 -5.025769822048827380e-12 -4.284496278944841346e-13 4.426610017720753126e-12 9.914524851391064969e-12 5.602759344428332201e-12 -2.002881291531303065e-12 1.228066872878483122e-12
-4.661802481486857803e-11 -6.305179588639599140e-11 7.055049756290028487e-11 6.822699789498621345e-10 5.434091430897342754e-11 5.460960897886085319e-12 1.536570125201986132e-11 4.183688463052563272e-11 2.121836242155646595e-11 1.951585510486303602e-11 1.520379366608962002e-11 -6.907337769357797667e-12 -5.384909313921705298e-12 1.700316543568294746e-11 1.681617513770169228e-11 -3.148944955967908736e-12 -6.657566461185015321e-12 9.210774354894485469e-13 -3.573096984341241668e-12 5.218308231843068930e-14 -7.010062376823490053e-13 -1.937833504711458033e-12 1.084886656145627339e-12 6.793453016233974084e-12 -4.824123456458302115e-12 -3.674683613547105455e-13
-5.044416418806893486e-12 3.640830508880047936e-11 5.921637281011447054e-11 5.434091430897342754e-11 4.251453897099826333e-10 1.033966190529792408e-11 -7.848902757585199951e-12 3.075115062223370593e-11 1.175574385557122819e-11 2.880412481188974205e-11 6.148044009545831089e-12 -1.618360120583018758e-12 -2.678101136972929156e-12 -5.492773443075758538e-12 6.195143648631920696e-12 -4.797496119705150145e-12 -1.205116047109981351e-12 -4.604727527314457104e-12 -4.499607651895278695e-12 -1.426350661783239976e-12 -5.017552814621098461e-12 -3.852760122724620313e-12 -6.464283601692692499e-13 -2.131260251775422512e-12 -4.764218767549083965e-12 1.816898666590467197e-12
4.118774561138363975e-11 -5.084104382805588287e-12 4.430502909959503993e-11 5.460960897886085319e-12 1.033966190529792408e-11 2.858083491178267244e-10 3.262273749820450084e-11 7.437849550345073257e-12 1.231800417685967792e-11 -1.664044437939077590e-12 -2.926753769883580932e-12 -3.482717718085832556e-12 1.381914988093368568e-12 2.029352578215034212e-11 1.409533503659129601e-11 -5.765796991089972145e-13 -1.411562560183120782e-12 7.030816602262096012e-12 3.410710717403637865e-12 3.172872648033361034e-12 5.124195233545059250e-12 -3.962013033469425579e-13 -1.574206659804124787e-12 1.982744420088091078e-12 -1.042525617717579335e-12 -1.446251569947495720e-12
2.597277040008990584e-11 2.809203356707174065e-11 6.373816081597627213e-11 1.536570125201986132e-11 -7.848902757585199951e-12 3.262273749820450084e-11 2.492636948658644898e-10 5.514431626462853252e-11 1.438355003909562581e-11 6.426859266295018943e-12 5.664111362176137953e-12 5.948906523804299071e-12 1.128666171787649513e-11 7.450161051017962100e-12 8.430350472560206339e-12 -5.292340534691188224e-12 9.274315342604005426e-13 -6.888138289825580317e-12 -3.849869944173167709e-12 -6.723414713261307692e-12 3.430116997310754912e-14 -4.957828325292064965e-12 -1.623096548436258166e-13 3.097525673009138993e-12 1.162491054786349376e-12 -2.913819447198935299e-13
-4.882472212698219173e-12 -1.171367247171258585e-11 3.413472396503216994e-11 4.183688463052563272e-11 3.075115062223370593e-11 7.437849550345073257e-12 5.514431626462853252e-11 1.505959935513256842e-10 2.445900194862151906e-11 1.161977569305898161e-12 5.101953896981983789e-12 6.014214304598650168e-12 3.698039196156665838e-12 2.590440388657595887e-13 5.563749328120469401e-12 -6.747432648058254069e-13 -4.618116428241227332e-13 -1.703910575676685728e-12 -2.212016170596225232e-12 -1.848438866998440308e-12 -3.500561338855050832e-13 -3.817917639956884547e-12 -2.261266621810232056e-13 5.389079121034180492e-12 5.517987724994375835e-13 -5.060094631381624456e-13
-3.066935369178684705e-11 -1.120551861461291181e-11 -8.849976653002269708e-12 2.121836242155646595e-11 1.175574385557122819e-11 1.231800417685967792e-11 1.438355003909562581e-11 2.445900194862151906e-11 9.660553174371893047e-11 2.703118132824980713e-11 3.221925118667727431e-12 3.644099154841775807e-12 1.499175072553154980e-12 5.142010012382484843e-12 1.192395941300254138e-11 3.773571544739496155e-12 1.286275609250215117e-12 -1.557936267811138484e-12 -1.855649611047242494e-12 -3.925342101423907327e-12 7.180652683201347576e-13 3.044537543454746873e-12 1.426536397402641810e-12 2.386787964592809163e-12 7.524145001130584792e-13 9.663890974012573833e-13
-2.120132915396061348e-11 -1.126767718723119447e-11 2.300219875901662972e-11 1.951585510486303602e-11 2.880412481188974205e-11 -1.664044437939077590e-12 6.426859266295018943e-12 1.161977569305898161e-12 2.703118132824980713e-11 7.309472794599474009e-11 2.063240005958449172e-11 1.132852858097060014e-11 9.880008072457065572e-12 5.165372723780123661e-12 4.750205101941498123e-12 4.975555158019952937e-12 2.484183568543655861e-12 3.340718003901713997e-12 -8.960404544412145424e-13 -1.841665507500023637e-13 -4.390369767876433528e-12 -2.224875836907240906e-13 1.107643732584293468e-12 -1.729055901446958168e-12 -2.979076883533856457e-12 -1.001198349867227891e-12
-1.641126063014563335e-11 2.069265674441950894e-11 -2.030138273752839722e-12 1.520379366608962002e-11 6.148044009545831089e-12 -2.926753769883580932e-12 5.664111362176137953e-12 5.101953896981983789e-12 3.221925118667727431e-12 2.063240005958449172e-11 4.689699612149627415e-11 1.629582244456615860e-11 7.033153518599178062e-12 5.504994376252164497e-12 -1.482267721034630039e-12 1.491034117934796859e-12 1.605084592830588031e-12 2.000218922167119173e-12 -3.345621106916079583e-12 -9.374069711220024130e-13 -2.010468802782601380e-12 -4.589145697368627431e-13 -3.544537750359572417e-13 -4.915811712279520836e-13 -9.773839809928256879e-13 -2.595099595580781812e-13
-3.135867758467805723e-11 9.356705849328000217e-12 5.777506671188686351e-12 -6.907337769357797667e-12 -1.618360120583018758e-12 -3.482717718085832556e-12 5.948906523804299071e-12 6.014214304598650168e-12 3.644099154841775807e-12 1.132852858097060014e-11 1.629582244456615860e-11 4.054575285346906039e-11 1.672729987611857715e-11 9.649804859719088572e-12 2.012697003810132015e-12 4.190054593407679633e-12 2.157937889162273951e-12 2.612008701593509279e-12 1.162600724225979200e-12 -5.424169385500801142e-13 -1.445387572796582878e-12 -2.365624280308496422e-12 8.288122276275063502e-13 -7.932795151036680068e-14 7.180206698657134547e-13 -3.043557622248461292e-13
-4.185134383765588988e-12 1.492139889691059510e-11 3.197020193097544281e-11 -5.384909313921705298e-12 -2.678101136972929156e-12 1.381914988093368568e-12 1.128666171787649513e-11 3.698039196156665838e-12 1.499175072553154980e-12 9.880008072457065572e-12 7.033153518599178062e-12 1.672729987611857715e-11 3.561560897548799593e-11 1.436554705377540845e-11 6.030393666761196499e-12 3.601317770516490213e-12 3.105738216697581565e-12 1.876328176401655629e-12 -8.047983563645737278e-13 -7.737597556140212848e-13 -1.313174608602533551e-12 -2.242344852723390676e-12 1.073083346344365779e-12 1.300873622179843581e-12 6.725964198614494890e-14 -9.018290669783902377e-13
1.100597594511822843e-11 9.880267467173492119e-13 4.933304361949559857e-12 1.700316543568294746e-11 -5.492773443075758538e-12 2.029352578215034212e-11 7.450161051017962100e-12 2.590440388657595887e-13 5.142010012382484843e-12 5.165372723780123661e-12 5.504994376252164497e-12 9.649804859719088572e-12 1.436554705377540845e-11 2.928260942714269933e-11 1.161792769133472272e-11 4.868856224205449156e-12 4.510943046836038909e-12 3.162417817507560909e-12 7.074303725541755224e-13 -7.755761630823753584e-13 8.274366932165324883e-13 -1.454929680753965837e-12 2.510660143413091224e-13 1.441763481613822244e-12 -4.477216265256179780e-13 -8.481322887329713182e-13
1.534919951257648693e-11 2.228416209396200626e-11 6.609211390467929955e-12 1.681617513770169228e-11 6.195143648631920696e-12 1.409533503659129601e-11 8.430350472560206339e-12 5.563749328120469401e-12 1.192395941300254138e-11 4.750205101941498123e-12 -1.482267721034630039e-12 2.012697003810132015e-12 6.030393666761196499e-12 1.161792769133472272e-11 2.447896446144667140e-11 1.015642259966180262e-11 4.937864653139659721e-12 3.102260467624949769e-12 -1.585534139112905285e-13 -1.116226592221724479e-12 8.292878188255746887e-13 4.601896134662890547e-15 5.193712210041285959e-13 1.662574181700667065e-12 -4.419393959168391323e-13 -4.593711317170509299e-14
4.706490241222428481e-12 3.730035944646456109e-11 7.414119130711863698e-12 -3.148944955967908736e-12 -4.797496119705150145e-12 -5.765796991089972145e-13 -5.292340534691188224e-12 -6.747432648058254069e-13 3.773571544739496155e-12 4.975555158019952937e-12 1.491034117934796859e-12 4.190054593407679633e-12 3.601317770516490213e-12 4.868856224205449156e-12 1.015642259966180262e-11 2.050737871306451429e-11 6.776132904349288382e-12 1.844266228325775799e-12 1.412114836778534214e-12 -1.018591319847734264e-12 -1.272015585439065916e-12 2.349147931781112314e-13 2.500733982050592253e-13 1.077131786189628070e-12 -4.733033631754725732e-13 9.200935415948584584e-14
-1.352996639500831790e-11 1.907406763969399760e-11 8.852382770470611276e-12 -6.657566461185015321e-12 -1.205116047109981351e-12 -1.411562560183120782e-12 9.274315342604005426e-13 -4.618116428241227332e-13 1.286275609250215117e-12 2.484183568543655861e-12 1.605084592830588031e-12 2.157937889162273951e-12 3.105738216697581565e-12 4.510943046836038909e-12 4.937864653139659721e-12 6.776132904349288382e-12 1.666824217781688251e-11 7.187102642500597456e-12 2.087116558016478052e-12 9.463779641401344532e-13 5.362902033688984708e-13 3.069536658822946233e-14 2.558561235767080914e-13 3.179552315727664041e-13 6.721252511858955521e-13 1.771054395673643223e-13
-8.801317067227442440e-12 1.473153608890510866e-12 -9.102525964491238689e-12 9.210774354894485469e-13 -4.604727527314457104e-12 7.030816602262096012e-12 -6.888138289825580317e-12 -1.703910575676685728e-12 -1.557936267811138484e-12 3.340718003901713997e-12 2.000218922167119173e-12 2.612008701593509279e-12 1.876328176401655629e-12 3.162417817507560909e-12 3.102260467624949769e-12 1.844266228325775799e-12 7.187102642500597456e-12 1.624187879221083677e-11 6.900021907413652085e-12 1.443314435999350757e-12 -1.366953229571747062e-12 -7.582040310331885551e-13 2.979110799286424418e-13 1.165601236573092939e-12 1.441105168111577615e-13 -6.794797241878876571e-13
-4.135201438691886495e-12 -7.302503234413862931e-12 -6.736968052294609727e-12 -3.573096984341241668e-12 -4.499607651895278695e-12 3.410710717403637865e-12 -3.849869944173167709e-12 -2.212016170596225232e-12 -1.855649611047242494e-12 -8.960404544412145424e-13 -3.345621106916079583e-12 1.162600724225979200e-12 -8.047983563645737278e-13 7.074303725541755224e-13 -1.585534139112905285e-13 1.412114836778534214e-12 2.087116558016478052e-12 6.900021907413652085e-12 1.166320078408123332e-11 4.415479156226512797e-12 1.022669724398234754e-12 2.101388541318722423e-13 -1.994396652952597226e-14 -2.897127028954341861e-13 -2.940262680562440793e-14 -1.176008065117675851e-13
-8.674838095451069193e-12 -9.725907436709591604e-12 -5.025769822048827380e-12 5.218308231843068930e-14 -1.426350661783239976e-12 3.172872648033361034e-12 -6.723414713261307692e-12 -1.848438866998440308e-12 -3.925342101423907327e-12 -1.841665507500023637e-13 -9.374069711220024130e-13 -5.424169385500801142e-13 -7.737597556140212848e-13 -7.755761630823753584e-13 -1.116226592221724479e-12 -1.018591319847734264e-12 9.463779641401344532e-13 1.443314435999350757e-12 4.415479156226512797e-12 9.957058568145161907e-12 4.276989812725398465e-12 2.057466226274781006e-12 9.366295965112964880e-13 -5.950897572700733379e-13 -2.611603203807814806e-13 9.161757580413782750e-14
4.075168453037786676e-12 1.697108120217192578e-12 -4.284496278944841346e-13 -7.010062376823490053e-13 -5.017552814621098461e-12 5.124195233545059250e-12 3.430116997310754912e-14 -3.500561338855050832e-13 7.180652683201347576e-13 -4.390369767876433528e-12 -2.010468802782601380e-12 -1.445387572796582878e-12 -1.313174608602533551e-12 8.274366932165324883e-13 8.292878188255746887e-13 -1.272015585439065916e-12 5.362902033688984708e-13 -1.366953229571747062e-12 1.022669724398234754e-12 4.276989812725398465e-12 1.075091931918426922e-11 4.208004579790226412e-12 1.433923833983646135e-12 -1.877269064666155299e-13 -2.527521995945078405e-13 2.862385790582679268e-13
1.551953974268465961e-11 8.307028096227693011e-12 4.426610017720753126e-12 -1.937833504711458033e-12 -3.852760122724620313e-12 -3.962013033469425579e-13 -4.957828325292064965e-12 -3.817917639956884547e-12 3.044537543454746873e-12 -2.224875836907240906e-13 -4.589145697368627431e-13 -2.365624280308496422e-12 -2.242344852723390676e-12 -1.454929680753965837e-12 4.601896134662890547e-15 2.349147931781112314e-13 3.069536658822946233e-14 -7.582040310331885551e-13 2.101388541318722423e-13 2.057466226274781006e-12 4.208004579790226412e-12 7.458780412158195972e-12 1.727758395379364642e-12 -3.944652032100877661e-13 -4.013842529442355237e-13 2.139696840523466916e-13
-1.183260024218531903e-11 -2.643179033643339361e-12 9.914524851391064969e-12 1.084886656145627339e-12 -6.464283601692692499e-13 -1.574206659804124787e-12 -1.623096548436258166e-13 -2.261266621810232056e-13 1.426536397402641810e-12 1.107643732584293468e-12 -3.544537750359572417e-13 8.288122276275063502e-13 1.073083346344365779e-12 2.510660143413091224e-13 5.193712210041285959e-13 2.500733982050592253e-13 2.558561235767080914e-13 2.979110799286424418e-13 -1.994396652952597226e-14 9.366295965112964880e-13 1.433923833983646135e-12 1.727758395379364642e-12 4.285606532308769140e-12 9.077032656165822120e-13 -1.229331768447721562e-13 1.489571793707802387e-13
-1.665806113621867669e-12 3.862849042510925748e-12 5.602759344428332201e-12 6.793453016233974084e-12 -2.131260251775422512e-12 1.982744420088091078e-12 3.097525673009138993e-12 5.389079121034180492e-12 2.386787964592809163e-12 -1.729055901446958168e-12 -4.915811712279520836e-13 -7.932795151036680068e-14 1.300873622179843581e-12 1.441763481613822244e-12 1.662574181700667065e-12 1.077131786189628070e-12 3.179552315727664041e-13 1.165601236573092939e-12 -2.897127028954341861e-13 -5.950897572700733379e-13 -1.877269064666155299e-13 -3.944652032100877661e-13 9.077032656165822120e-13 4.237759286858873534e-12 5.686201215593683196e-13 -2.645044851827707948e-13
1.093439233268394683e-11 2.151056395792684620e-12 -2.002881291531303065e-12 -4.824123456458302115e-12 -4.764218767549083965e-12 -1.042525617717579335e-12 1.162491054786349376e-12 5.517987724994375835e-13 7.524145001130584792e-13 -2.979076883533856457e-12 -9.773839809928256879e-13 7.180206698657134547e-13 6.725964198614494890e-14 -4.477216265256179780e-13 -4.419393959168391323e-13 -4.733033631754725732e-13 6.721252511858955521e-13 1.441105168111577615e-13 -2.940262680562440793e-14 -2.611603203807814806e-13 -2.527521995945078405e-13 -4.013842529442355237e-13 -1.229331768447721562e-13 5.686201215593683196e-13 2.840666125940081917e-12 8.356097841922018568e-13
3.213085949569757109e-12 1.529046649832191456e-13 1.228066872878483122e-12 -3.674683613547105455e-13 1.816898666590467197e-12 -1.446251569947495720e-12 -2.913819447198935299e-13 -5.060094631381624456e-13 9.663890974012573833e-13 -1.001198349867227891e-12 -2.595099595580781812e-13 -3.043557622248461292e-13 -9.018290669783902377e-13 -8.481322887329713182e-13 -4.593711317170509299e-14 9.200935415948584584e-14 1.771054395673643223e-13 -6.794797241878876571e-13 -1.176008065117675851e-13 9.161757580413782750e-14 2.862385790582679268e-13 2.139696840523466916e-13 1.489571793707802387e-13 -2.645044851827707948e-13 8.356097841922018568e-13 2.595436779159947696e-12
