3.355199323744983321e-09 1.584510576391153252e-11 1.102536446670244911e-10 1.166329760005621736e-10 7.419956023717920727e-11 4.805926400140867083e-11 4.178436149032162892e-11 6.373056604055184416e-11 -1.420624407693276117e-10 1.758455400646043984e-11 1.208016453968599833e-12 -3.967071771844725322e-11 -8.814562125921004997e-12 -7.350307406847941245e-12 -9.059151335822255363e-12 4.689860632256316159e-11 2.021625907248772525e-11 3.033134945941239336e-11 9.744566259248608892e-12 4.191881742331573166e-11 8.729004600948608842e-12 -2.087405717051043037e-11 -5.316958252659450651e-11 -1.594362577777921576e-11 -1.870118878581412827e-12 -3.114215765328621663e-12
1.584510576391153252e-11 2.136147706080453724e-09 9.535590442571252983e-11 2.115795998996405121e-10 -7.606836635008730395e-11 2.246387798992923948e-11 3.213895997041267260e-11 5.096207833494733268e-11 -8.172735923294078685e-11 -1.857410275380155343e-12 4.713645014002998485e-11 -4.454717969024365130e-11 -1.158998077388477949e-11 -1.072524028089947253e-11 1.125453927651264415e-11 2.108436822688990448e-11 2.114301654170356802e-11 1.352943120036158004e-11 2.021606904849045654e-11 2.800204945161839089e-11 1.556323493603407050e-11 8.796695610434166261e-12 2.650743009803855477e-12 1.304023528576911476e-11 -1.222838535703666502e-11 -1.985918500591808577e-12
1.102536446670244911e-10 9.535590442571252983e-11 1.377642839843138480e-09 1.823827951046590648e-10 2.334116994793743843e-12 -9.171668742857371505e-11 -1.815061325863729737e-11 3.821815754219996732e-11 -1.754041249413982300e-12 1.612431295832162929e-11 3.157637511021604932e-11 7.003911275479256774e-12 -2.847600749161599187e-11 1.961710943425288462e-12 -1.278874896715057724e-11 1.548991278893327113e-11 6.940481240075211394e-12 -7.869697493701574641e-12 2.939961632417459470e-12 -5.494670237524838226e-12 -3.174546958219383448e-12 -1.273127640397028215e-11 -7.292680095164050954e-12 1.036473828306750487e-13 -5.719529639196327068e-12 -9.417037407603501284e-12
1.166329760005621736e-10 2.115795998996405121e-10 1.823827951046590648e-10 9.316321135584225395e-10 7.775091158942609778e-11 3.528197322974935200e-11 3.234559522774011605e-11 8.244618849978251981e-11 2.392409229906654628e-11 4.376539925415461122e-11 1.841848016633710404e-11 -1.818867336285003332e-11 1.367562843147460828e-11 2.386069079154077632e-12 4.141525336031587360e-12 -3.227823594835603193e-12 1.107911017729254857e-11 2.051969920653224191e-12 1.754145855378373276e-11 3.058488613729612536e-11 1.455415797894520996e-11 3.469560678487468584e-12 -7.035532676605196022e-12 -7.387625342909988429e-12 -1.009531688784723901e-11 -1.176890134944123550e-11
7.419956023717920727e-11 -7.606836635008730395e-11 2.334116994793743843e-12 7.775091158942609778e-11 6.264231697608166429e-10 2.605165851593088551e-11 3.700964245556689524e-11 4.291014185840705643e-11 5.222390390533178962e-11 2.894740787784887599e-11 2.254913435709976728e-11 1.544215848226541493e-11 1.602861909420955103e-11 1.128383514033551348e-11 1.238811950667735293e-11 9.925073143044594503e-12 7.829701340747161728e-12 -7.722859823008468994e-14 -1.017295827164487760e-11 -3.134297810357683834e-12 2.020819927899515054e-12 1.907805862990803013e-12 6.708575969924131960e-12 8.890257627922873762e-12 -2.601482876231503085e-12 3.198363879899546198e-12
4.805926400140867083e-11 2.246387798992923948e-11 -9.171668742857371505e-11 3.528197322974935200e-11 2.605165851593088551e-11 4.869690618475489210e-10 9.284630611745738005e-11 1.521693505005103958e-11 5.740949625445900306e-12 3.895228721279420187e-12 -2.600705122951375076e-12 -1.468867495163132607e-12 -6.247020719782886439e-12 -8.704467335460869377e-12 9.026053079988844670e-12 -8.704912557472063202e-12 -4.946945951537481699e-12 -4.583717324403425722e-12 -1.613903229326632275e-12 -2.693832570384912092e-12 -1.395785614416632353e-12 3.021543076905907562e-12 -1.683775075807483884e-12 -2.742477971717836475e-12 -5.824498045477585645e-12 5.132991940229515712e-12
4.178436149032162892e-11 3.213895997041267260e-11 -1.815061325863729737e-11 3.234559522774011605e-11 3.700964245556689524e-11 9.284630611745738005e-11 3.162672315736417881e-10 6.547121862154817793e-11 4.613750077581365259e-11 2.167300104977374030e-11 1.506425128297314231e-11 1.604238807838409602e-11 1.108989621224046084e-11 3.832354309753703405e-12 -5.896828421093522353e-12 1.971600295758073599e-12 1.525576566010593135e-11 8.828659201875782297e-12 6.544002761597865347e-14 2.695035441498019150e-12 1.326058898415377489e-12 5.104894964626871295e-12 -5.173347328577564262e-12 -5.031395450939705799e-12 3.744294410747894355e-13 1.690408887431561535e-12
6.373056604055184416e-11 5.096207833494733268e-11 3.821815754219996732e-11 8.244618849978251981e-11 4.291014185840705643e-11 1.521693505005103958e-11 6.547121862154817793e-11 1.848167375519651486e-10 4.732548633225402907e-11 1.648443769048697086e-11 4.473078838185616805e-13 3.280136904432560024e-12 3.650965304291495267e-12 -3.728388783998742918e-12 2.786212291468062285e-14 3.361691022392596021e-12 1.028206551070661131e-11 9.364988524221286618e-13 -8.920775116000170623e-12 1.564504088277474636e-12 -2.013526589262392157e-12 -1.021411292314275784e-11 -1.020678935488008208e-11 -4.024939497372974669e-12 2.098973732592702173e-12 5.686768842143444352e-12
-1.420624407693276117e-10 -8.172735923294078685e-11 -1.754041249413982300e-12 2.392409229906654628e-11 5.222390390533178962e-11 5.740949625445900306e-12 4.613750077581365259e-11 4.732548633225402907e-11 1.956115965743208576e-10 3.264564901964547550e-11 9.593617696909567964e-12 2.161671117997933099e-11 1.953299300617595509e-11 3.307589584153105880e-12 -7.884451811704854289e-13 -3.308326489453249583e-12 2.953816689855401374e-12 1.941883640958377599e-13 1.453625137291191176e-12 -5.860231073089122086e-12 -1.397434103671012350e-11 -8.374683753335000136e-12 -2.879583272960156460e-12 -8.119131042487053891e-12 -2.875466137417534633e-12 3.022935477185512813e-12
1.758455400646043984e-11 -1.857410275380155343e-12 1.612431295832162929e-11 4.376539925415461122e-11 2.894740787784887599e-11 3.895228721279420187e-12 2.167300104977374030e-11 1.648443769048697086e-11 3.264564901964547550e-11 1.137379372384752184e-10 1.980800841552594868e-11 1.481543889310328218e-11 4.078798815390642901e-12 6.482346347225068400e-13 2.338927369707792660e-12 2.970009007562873175e-12 7.361780110508417903e-12 4.289959290676436582e-12 3.878100037088238767e-12 5.300860982474318238e-12 -9.508594202218103370e-12 -7.740431580602791625e-12 -2.687870966737567606e-12 -5.849077366983273326e-12 -3.792086120942893600e-12 -1.067563593494191444e-13
1.208016453968599833e-12 4.713645014002998485e-11 3.157637511021604932e-11 1.841848016633710404e-11 2.254913435709976728e-11 -2.600705122951375076e-12 1.506425128297314231e-11 4.473078838185616805e-13 9.593617696909567964e-12 1.980800841552594868e-11 8.119995032561574321e-11 2.106606026353786101e-11 4.352357000993779282e-12 9.098089778218213554e-12 3.838381224292084401e-12 3.884818463023788214e-12 7.701561815528701202e-13 2.778231006699576644e-12 1.841037104372929023e-12 -5.341895792262012224e-12 -1.728316997012805376e-12 -3.361711112394930348e-12 -3.960539704174799265e-13 -4.242043347600368513e-13 -1.039167502064817166e-12 -1.943630104977809274e-12
-3.967071771844725322e-11 -4.454717969024365130e-11 7.003911275479256774e-12 -1.818867336285003332e-11 1.544215848226541493e-11 -1.468867495163132607e-12 1.604238807838409602e-11 3.280136904432560024e-12 2.161671117997933099e-11 1.481543889310328218e-11 2.106606026353786101e-11 7.878297125755660449e-11 3.562929909267920272e-11 1.467175406559718745e-11 4.948888726980197281e-12 2.769536605075665852e-12 -2.063712979700146464e-12 -9.284050082774446213e-14 3.707936287413797853e-12 2.977128942974713110e-12 -2.511236790163395430e-12 -4.374908468805569846e-12 2.537891746284360127e-13 -2.454983341996190721e-12 -1.318820204339149117e-12 8.057822867633428888e-13
-8.814562125921004997e-12 -1.158998077388477949e-11 -2.847600749161599187e-11 1.367562843147460828e-11 1.602861909420955103e-11 -6.247020719782886439e-12 1.108989621224046084e-11 3.650965304291495267e-12 1.953299300617595509e-11 4.078798815390642901e-12 4.352357000993779282e-12 3.562929909267920272e-11 6.316655534668564595e-11 2.316986999783402606e-11 1.371753120407867442e-11 5.029299620238994541e-12 1.146450462911049686e-12 3.583104365210820353e-12 3.850849592237436699e-12 8.196011294320265574e-12 1.565452241234780079e-12 -2.276988990513114631e-12 8.647263851664615207e-13 -3.237164193350785702e-12 -1.352370942052857787e-12 2.602696966698270856e-13
-7.350307406847941245e-12 -1.072524028089947253e-11 1.961710943425288462e-12 2.386069079154077632e-12 1.128383514033551348e-11 -8.704467335460869377e-12 3.832354309753703405e-12 -3.728388783998742918e-12 3.307589584153105880e-12 6.482346347225068400e-13 9.098089778218213554e-12 1.467175406559718745e-11 2.316986999783402606e-11 3.915848359450733396e-11 2.020666924233936598e-11 1.117652895080514243e-11 4.058500177470010002e-12 5.652586303068627355e-12 4.556552612604353903e-12 3.383822412372443533e-12 5.793214814586793782e-13 4.871283552638157106e-12 4.537319521810269607e-12 -8.762765986567631273e-13 -2.080396313952394045e-12 -1.829702928664210428e-12
-9.059151335822255363e-12 1.125453927651264415e-11 -1.278874896715057724e-11 4.141525336031587360e-12 1.238811950667735293e-11 9.026053079988844670e-12 -5.896828421093522353e-12 2.786212291468062285e-14 -7.884451811704854289e-13 2.338927369707792660e-12 3.838381224292084401e-12 4.948888726980197281e-12 1.371753120407867442e-11 2.020666924233936598e-11 4.105269907819929351e-11 1.934053766859648365e-11 1.015088935195787492e-11 7.590179315887381635e-12 3.347328503558898115e-12 4.686490218728926768e-12 1.314589598695277404e-12 4.539803536505242334e-12 4.330057516126534296e-12 2.240329757698891730e-12 -2.149602806701225664e-12 6.052562238565353689e-14
4.689860632256316159e-11 2.108436822688990448e-11 1.548991278893327113e-11 -3.227823594835603193e-12 9.925073143044594503e-12 -8.704912557472063202e-12 1.971600295758073599e-12 3.361691022392596021e-12 -3.308326489453249583e-12 2.970009007562873175e-12 3.884818463023788214e-12 2.769536605075665852e-12 5.029299620238994541e-12 1.117652895080514243e-11 1.934053766859648365e-11 3.138727566197185310e-11 1.768819734036424795e-11 1.214091380523494699e-11 3.518121396144161348e-12 3.620099881799286727e-12 2.169304886813425198e-12 2.950814688307380688e-12 3.594009263988641091e-12 3.541614144249549297e-12 -3.772995555355969131e-14 3.509315907275008848e-13
2.021625907248772525e-11 2.114301654170356802e-11 6.940481240075211394e-12 1.107911017729254857e-11 7.829701340747161728e-12 -4.946945951537481699e-12 1.525576566010593135e-11 1.028206551070661131e-11 2.953816689855401374e-12 7.361780110508417903e-12 7.701561815528701202e-13 -2.063712979700146464e-12 1.146450462911049686e-12 4.058500177470010002e-12 1.015088935195787492e-11 1.768819734036424795e-11 3.093993419733021582e-11 1.845148998745286783e-11 5.217051950259591919e-12 4.611731845162284712e-12 2.806326974080085584e-12 3.407129172677827121e-12 3.241702556047072837e-12 -6.704996850308707606e-13 -9.584184551692515600e-13 -5.574602374789618903e-13
3.033134945941239336e-11 1.352943120036158004e-11 -7.869697493701574641e-12 2.051969920653224191e-12 -7.722859823008468994e-14 -4.583717324403425722e-12 8.828659201875782297e-12 9.364988524221286618e-13 1.941883640958377599e-13 4.289959290676436582e-12 2.778231006699576644e-12 -9.284050082774446213e-14 3.583104365210820353e-12 5.652586303068627355e-12 7.590179315887381635e-12 1.214091380523494699e-11 1.845148998745286783e-11 2.899417648832739785e-11 1.492608931482953717e-11 9.052575040042238788e-12 4.259925096492379794e-12 2.529142345693133092e-12 8.932008963455029122e-13 1.437061597230380854e-12 -7.015044953579500604e-14 -5.882844548630422160e-13
9.744566259248608892e-12 2.021606904849045654e-11 2.939961632417459470e-12 1.754145855378373276e-11 -1.017295827164487760e-11 -1.613903229326632275e-12 6.544002761597865347e-14 -8.920775116000170623e-12 1.453625137291191176e-12 3.878100037088238767e-12 1.841037104372929023e-12 3.707936287413797853e-12 3.850849592237436699e-12 4.556552612604353903e-12 3.347328503558898115e-12 3.518121396144161348e-12 5.217051950259591919e-12 1.492608931482953717e-11 2.828712815346866375e-11 1.750118244275769785e-11 8.065589453727932831e-12 2.256746409442214179e-12 2.330751552142475360e-12 1.493285097955202044e-12 -1.212577366776779192e-12 -1.170763736927401678e-13
4.191881742331573166e-11 2.800204945161839089e-11 -5.494670237524838226e-12 3.058488613729612536e-11 -3.134297810357683834e-12 -2.693832570384912092e-12 2.695035441498019150e-12 1.564504088277474636e-12 -5.860231073089122086e-12 5.300860982474318238e-12 -5.341895792262012224e-12 2.977128942974713110e-12 8.196011294320265574e-12 3.383822412372443533e-12 4.686490218728926768e-12 3.620099881799286727e-12 4.611731845162284712e-12 9.052575040042238788e-12 1.750118244275769785e-11 2.896362582406024958e-11 1.626401661370243027e-11 7.150649078442585053e-12 2.899374964634570298e-12 -5.722936603780409779e-13 -1.930273385046358494e-12 5.948622733342863999e-13
8.729004600948608842e-12 1.556323493603407050e-11 -3.174546958219383448e-12 1.455415797894520996e-11 2.020819927899515054e-12 -1.395785614416632353e-12 1.326058898415377489e-12 -2.013526589262392157e-12 -1.397434103671012350e-11 -9.508594202218103370e-12 -1.728316997012805376e-12 -2.511236790163395430e-12 1.565452241234780079e-12 5.793214814586793782e-13 1.314589598695277404e-12 2.169304886813425198e-12 2.806326974080085584e-12 4.259925096492379794e-12 8.065589453727932831e-12 1.626401661370243027e-11 2.453426702923831041e-11 1.687177021576949704e-11 6.536976391818339822e-12 3.851627090615121951e-12 8.133166601944986997e-13 1.216163387527057527e-12
-2.087405717051043037e-11 8.796695610434166261e-12 -1.273127640397028215e-11 3.469560678487468584e-12 1.907805862990803013e-12 3.021543076905907562e-12 5.104894964626871295e-12 -1.021411292314275784e-11 -8.374683753335000136e-12 -7.740431580602791625e-12 -3.361711112394930348e-12 -4.374908468805569846e-12 -2.276988990513114631e-12 4.871283552638157106e-12 4.539803536505242334e-12 2.950814688307380688e-12 3.407129172677827121e-12 2.529142345693133092e-12 2.256746409442214179e-12 7.150649078442585053e-12 1.687177021576949704e-11 3.154909070683536702e-11 1.623455365190971953e-11 8.208397992291603329e-12 1.015242934596818701e-12 -1.059864299384595545e-12
-5.316958252659450651e-11 2.650743009803855477e-12 -7.292680095164050954e-12 -7.035532676605196022e-12 6.708575969924131960e-12 -1.683775075807483884e-12 -5.173347328577564262e-12 -1.020678935488008208e-11 -2.879583272960156460e-12 -2.687870966737567606e-12 -3.960539704174799265e-13 2.537891746284360127e-13 8.647263851664615207e-13 4.537319521810269607e-12 4.330057516126534296e-12 3.594009263988641091e-12 3.241702556047072837e-12 8.932008963455029122e-13 2.330751552142475360e-12 2.899374964634570298e-12 6.536976391818339822e-12 1.623455365190971953e-11 2.511573109686018464e-11 1.414362176063623978e-11 4.775787987151993483e-12 1.334245486753514850e-13
-1.594362577777921576e-11 1.304023528576911476e-11 1.036473828306750487e-13 -7.387625342909988429e-12 8.890257627922873762e-12 -2.742477971717836475e-12 -5.031395450939705799e-12 -4.024939497372974669e-12 -8.119131042487053891e-12 -5.849077366983273326e-12 -4.242043347600368513e-13 -2.454983341996190721e-12 -3.237164193350785702e-12 -8.762765986567631273e-13 2.240329757698891730e-12 3.541614144249549297e-12 -6.704996850308707606e-13 1.437061597230380854e-12 1.493285097955202044e-12 -5.722936603780409779e-13 3.851627090615121951e-12 8.208397992291603329e-12 1.414362176063623978e-11 2.394228529567388202e-11 9.948968784268777135e-12 1.314000609679854934e-12
-1.870118878581412827e-12 -1.222838535703666502e-11 -5.719529639196327068e-12 -1.009531688784723901e-11 -2.601482876231503085e-12 -5.824498045477585645e-12 3.744294410747894355e-13 2.098973732592702173e-12 -2.875466137417534633e-12 -3.792086120942893600e-12 -1.039167502064817166e-12 -1.318820204339149117e-12 -1.352370942052857787e-12 -2.080396313952394045e-12 -2.149602806701225664e-12 -3.772995555355969131e-14 -9.584184551692515600e-13 -7.015044953579500604e-14 -1.212577366776779192e-12 -1.930273385046358494e-12 8.133166601944986997e-13 1.015242934596818701e-12 4.775787987151993483e-12 9.948968784268777135e-12 1.574344596350567110e-11 5.727758435471913614e-12
-3.114215765328621663e-12 -1.985918500591808577e-12 -9.417037407603501284e-12 -1.176890134944123550e-11 3.198363879899546198e-12 5.132991940229515712e-12 1.690408887431561535e-12 5.686768842143444352e-12 3.022935477185512813e-12 -1.067563593494191444e-13 -1.943630104977809274e-12 8.057822867633428888e-13 2.602696966698270856e-13 -1.829702928664210428e-12 6.052562238565353689e-14 3.509315907275008848e-13 -5.574602374789618903e-13 -5.882844548630422160e-13 -1.170763736927401678e-13 5.948622733342863999e-13 1.216163387527057527e-12 -1.059864299384595545e-12 1.334245486753514850e-13 1.314000609679854934e-12 5.727758435471913614e-12 1.258411945993978674e-11
