4.181419303149605166e-09 9.412888708161391679e-11 1.944972439459175220e-10 -1.402375117906809219e-10 9.400201685189468744e-11 -9.821913354711220603e-11 3.581319744033888532e-11 1.169202973172204356e-10 -4.043277410956012532e-11 1.297735738770923798e-11 2.626911838259714272e-11 -3.345136595111878758e-11 -6.191281844550534232e-12 -3.420866730535001067e-11 -5.755267778939965362e-12 -3.371059658599979468e-11 -7.745771959794554693e-12 -9.674559100507013058e-13 1.821605893222230297e-11 1.605854912025835109e-11 -1.190549599477100383e-11 -2.269145456876131499e-11 -1.333495584158920854e-11 -1.044021921706933769e-11 1.811591792629587156e-11 8.695102299530038317e-12
9.412888708161391679e-11 2.593070488330532732e-09 2.244035318793639200e-10 6.198934807890573673e-11 -1.367740837921194133e-11 6.106567075154715639e-11 -7.535349522997307531e-11 -1.117357402193553897e-10 3.731459142155149216e-11 -3.972190123044292043e-11 -1.528351464948527962e-11 -3.191692312738258214e-11 3.970535573094730048e-12 -1.690214268363784449e-11 6.405203470494032767e-12 2.057576776877202672e-11 -1.510643980872274102e-12 -9.519192542363600064e-12 1.390188897422649006e-11 2.023612066826772239e-11 -4.063570091710263562e-12 6.131952641135449751e-12 2.514908416254113859e-11 -4.822162760718336266e-12 4.523601319953432261e-12 -4.608294260497309690e-12
1.944972439459175220e-10 2.244035318793639200e-10 1.921752730124204755e-09 8.746389499282536543e-11 1.940008805867334188e-10 1.774113162341771788e-11 5.015490137789658523e-11 -8.091738002353220263e-12 6.318443867981088826e-11 -2.280690609762812177e-11 2.473317417761797101e-11 -3.739589624536235624e-12 -4.649476051690981978e-12 -1.385730164174895829e-11 -2.974627531153023783e-11 -4.464795785730916610e-11 3.377509759748556639e-12 7.051010276026761381e-12 3.802346249680190191e-12 7.017731994459571490e-12 4.326028639083437673e-12 -1.304160370856295694e-11 4.920169015369139227e-12 -2.984677550984893785e-12 9.992507445879994256e-13 1.222130743098873945e-11
-1.402375117906809219e-10 6.198934807890573673e-11 8.746389499282536543e-11 1.168627414674434418e-09 1.893279918964279252e-10 -2.790111324087404902e-11 -3.279233888554746739e-12 2.845569265402238647e-11 1.929342172903179360e-11 1.533411039300364641e-11 3.462670019583149033e-11 1.374799054089218830e-11 -6.988465183243806435e-13 -2.644664371003941456e-11 -1.226312506242254921e-11 2.766387962475379486e-13 8.858596590967980857e-12 1.235691272744891390e-11 8.164175836620376494e-13 9.077531926247390277e-12 -3.719622217934649248e-12 4.588946431525469228e-12 -6.662832826751206596e-12 -8.421267449891240153e-12 -2.616610935676805710e-12 -8.814360456659070375e-12
9.400201685189468744e-11 -1.367740837921194133e-11 1.940008805867334188e-10 1.893279918964279252e-10 7.995222806380877126e-10 -2.764139556463880310e-11 -9.780396827149434872e-13 4.072398348123011990e-11 2.688958590630568221e-11 -8.852440995970818547e-12 1.420313045872291616e-11 6.400570335111542893e-12 6.142628823417898109e-12 -1.255113233288419263e-11 -3.197057708533240835e-12 -8.267500251644248260e-12 -2.058115302916598280e-12 1.626845601739666775e-11 4.535264247962281994e-12 3.853479960876075864e-12 1.053513406359611618e-11 2.472761512108290117e-12 3.386049730497291232e-12 -6.622673044553547432e-13 -6.758724168724910624e-12 3.238725098698450463e-13
-9.821913354711220603e-11 6.106567075154715639e-11 1.774113162341771788e-11 -2.790111324087404902e-11 -2.764139556463880310e-11 4.654192330699401341e-10 3.419768489469223419e-11 -2.249677352078986807e-11 -2.093357508689745076e-11 -1.599632297776553696e-11 3.828250588740844333e-12 -2.184932275652360919e-12 1.228611336522836191e-11 5.096581029228464356e-12 -7.219243829796044921e-12 -1.343229274558638264e-12 -6.801450968689686919e-13 2.639832337175911815e-12 3.752804134847529335e-12 9.341961401938245643e-12 7.991454352000422340e-12 -1.236854861830623179e-12 -1.076755790581339204e-12 -4.403907720356892709e-13 1.906995161925834759e-12 -3.348920627977074107e-12
3.581319744033888532e-11 -7.535349522997307531e-11 5.015490137789658523e-11 -3.279233888554746739e-12 -9.780396827149434872e-13 3.419768489469223419e-11 3.498870806923591561e-10 4.931076269186496923e-11 1.951918673104972908e-12 3.101570437539177918e-11 2.655574372082101673e-11 1.649235086133750003e-11 7.126556238670396880e-12 -2.884220199677062426e-13 2.158778595582329469e-12 -1.065291988193051634e-11 8.449160103909315730e-12 -4.628717835828250670e-12 -6.840565576820579365e-12 -5.566487541819900903e-12 -2.803100679946075609e-12 -1.393367597101804225e-13 -2.042374101830264590e-12 -7.553796393091633018e-13 3.249833390900121499e-12 -5.927775278704065013e-13
1.169202973172204356e-10 -1.117357402193553897e-10 -8.091738002353220263e-12 2.845569265402238647e-11 4.072398348123011990e-11 -2.249677352078986807e-11 4.931076269186496923e-11 2.565506477866618172e-10 4.068496127887791710e-11 3.488095338382395428e-11 1.451939238206461453e-11 1.346563468303321230e-11 -2.594400925917295297e-12 -1.571613672691403237e-12 3.038083473024903029e-12 -6.295101452835036881e-13 4.712873257325522964e-12 7.301365506962981674e-12 7.984550856872919538e-13 5.607680184351336493e-12 3.346342510397745003e-12 8.836638439007638958e-12 -3.867615703461176093e-12 -5.398059519918870877e-12 -4.212631235292393786e-12 -1.950403246904690660e-12
-4.043277410956012532e-11 3.731459142155149216e-11 6.318443867981088826e-11 1.929342172903179360e-11 2.688958590630568221e-11 -2.093357508689745076e-11 1.951918673104972908e-12 4.068496127887791710e-11 1.757893610712205422e-10 2.555635946198138205e-11 1.493167082951387088e-11 2.620395332661204813e-12 -8.842951206206496568e-13 -3.198842060510863785e-12 2.032936479772061503e-12 1.104403076157805852e-12 2.210423185001815604e-12 2.549205953598493234e-12 7.225766363578811880e-13 1.625679251711813288e-12 1.679774576075033324e-12 2.037397506969920729e-12 1.149280199850196743e-12 1.920898722632089772e-12 3.907580128851999841e-12 1.022654032239336078e-12
1.297735738770923798e-11 -3.972190123044292043e-11 -2.280690609762812177e-11 1.533411039300364641e-11 -8.852440995970818547e-12 -1.599632297776553696e-11 3.101570437539177918e-11 3.488095338382395428e-11 2.555635946198138205e-11 9.151901279934466274e-11 2.181547549592221373e-11 9.042362678621979730e-12 -2.700440241473660439e-12 -4.199430137781739098e-12 -1.549604687887107461e-12 -1.342922351294538709e-12 -2.106351665420886983e-12 -3.618464064360393251e-12 -1.811599619822367828e-12 -2.509003197484957894e-12 4.527313523988500825e-13 2.040803320857239829e-12 -6.644024978270859995e-13 -8.548138170323178091e-13 7.479794194361075211e-13 -2.236069609638802417e-12
2.626911838259714272e-11 -1.528351464948527962e-11 2.473317417761797101e-11 3.462670019583149033e-11 1.420313045872291616e-11 3.828250588740844333e-12 2.655574372082101673e-11 1.451939238206461453e-11 1.493167082951387088e-11 2.181547549592221373e-11 7.906981517457137066e-11 2.296802574357992350e-11 1.494512360927881138e-11 3.802453932659400518e-12 -1.235457306777185397e-12 2.908559901023828082e-12 2.991564941467843480e-12 4.198160149382712471e-12 2.016471772862734534e-12 5.240717860538502218e-13 -1.686677214673603503e-12 -1.640121599665447849e-12 -3.426518240910960860e-12 6.871548854275290145e-14 1.223364738222942383e-12 -2.071988393066143798e-12
-3.345136595111878758e-11 -3.191692312738258214e-11 -3.739589624536235624e-12 1.374799054089218830e-11 6.400570335111542893e-12 -2.184932275652360919e-12 1.649235086133750003e-11 1.346563468303321230e-11 2.620395332661204813e-12 9.042362678621979730e-12 2.296802574357992350e-11 5.671733407833758224e-11 1.823061067692344291e-11 1.266207245542139564e-11 3.650107990128395208e-12 3.674062756507285859e-12 2.297805526332737128e-12 -2.368275698277188694e-13 -1.400778060506044689e-12 1.253896499943007072e-12 1.722517734588976054e-12 -3.602711105096616024e-13 -3.860260402370803216e-12 8.164297212281530679e-13 3.825706832869739043e-13 -8.995523806085168915e-13
-6.191281844550534232e-12 3.970535573094730048e-12 -4.649476051690981978e-12 -6.988465183243806435e-13 6.142628823417898109e-12 1.228611336522836191e-11 7.126556238670396880e-12 -2.594400925917295297e-12 -8.842951206206496568e-13 -2.700440241473660439e-12 1.494512360927881138e-11 1.823061067692344291e-11 4.756324953486586338e-11 2.307109728023147001e-11 6.130341444494156533e-12 6.410584490753943241e-12 2.218084840204053565e-12 -1.480223108850017591e-12 2.486171703769423145e-12 1.671753298941461359e-12 1.687167146920320893e-13 -1.826572501361459509e-12 -4.336706776946910292e-12 1.185347540394061197e-12 -1.452823519339878163e-14 2.634015932334726904e-13
-3.420866730535001067e-11 -1.690214268363784449e-11 -1.385730164174895829e-11 -2.644664371003941456e-11 -1.255113233288419263e-11 5.096581029228464356e-12 -2.884220199677062426e-13 -1.571613672691403237e-12 -3.198842060510863785e-12 -4.199430137781739098e-12 3.802453932659400518e-12 1.266207245542139564e-11 2.307109728023147001e-11 4.393762130570083092e-11 1.210282585719556020e-11 7.107709484857887300e-12 1.231124275722517176e-12 -1.820995303241501231e-12 2.396344739745860162e-12 1.412877488967437488e-12 -2.330760041721139499e-12 -9.734096014580538180e-13 -3.162010374136943243e-12 1.459981116216970253e-12 1.207532702476062926e-12 2.653131465581389409e-13
-5.755267778939965362e-12 6.405203470494032767e-12 -2.974627531153023783e-11 -1.226312506242254921e-11 -3.197057708533240835e-12 -7.219243829796044921e-12 2.158778595582329469e-12 3.038083473024903029e-12 2.032936479772061503e-12 -1.549604687887107461e-12 -1.235457306777185397e-12 3.650107990128395208e-12 6.130341444494156533e-12 1.210282585719556020e-11 3.082839315061282115e-11 1.308376371845592589e-11 4.160034286100019479e-12 5.780206237629814359e-13 1.323934613976031739e-12 1.181497300852517886e-12 -1.094047257314182701e-13 2.867519447650264596e-12 3.151746656227211803e-12 -7.603554646036991324e-14 -7.262690257873624853e-13 -8.258935606388595398e-13
-3.371059658599979468e-11 2.057576776877202672e-11 -4.464795785730916610e-11 2.766387962475379486e-13 -8.267500251644248260e-12 -1.343229274558638264e-12 -1.065291988193051634e-11 -6.295101452835036881e-13 1.104403076157805852e-12 -1.342922351294538709e-12 2.908559901023828082e-12 3.674062756507285859e-12 6.410584490753943241e-12 7.107709484857887300e-12 1.308376371845592589e-11 2.850725477158305225e-11 9.588401626946355928e-12 2.562812466464719762e-12 2.501024410900612664e-12 3.127495828945463069e-12 2.490146853255440433e-12 5.140584303337168044e-12 3.699536038095154775e-12 -3.065876513998766820e-13 -1.778739152281649398e-13 -1.388272074014061382e-12
-7.745771959794554693e-12 -1.510643980872274102e-12 3.377509759748556639e-12 8.858596590967980857e-12 -2.058115302916598280e-12 -6.801450968689686919e-13 8.449160103909315730e-12 4.712873257325522964e-12 2.210423185001815604e-12 -2.106351665420886983e-12 2.991564941467843480e-12 2.297805526332737128e-12 2.218084840204053565e-12 1.231124275722517176e-12 4.160034286100019479e-12 9.588401626946355928e-12 2.038887007302467147e-11 7.273536655380251507e-12 3.271813998664529277e-12 1.706958732141757350e-12 -1.267568591464524621e-12 5.239096991654810521e-13 1.461889600545078415e-12 9.373368518257165778e-13 1.440696722711471184e-12 -7.156623755869522567e-13
-9.674559100507013058e-13 -9.519192542363600064e-12 7.051010276026761381e-12 1.235691272744891390e-11 1.626845601739666775e-11 2.639832337175911815e-12 -4.628717835828250670e-12 7.301365506962981674e-12 2.549205953598493234e-12 -3.618464064360393251e-12 4.198160149382712471e-12 -2.368275698277188694e-13 -1.480223108850017591e-12 -1.820995303241501231e-12 5.780206237629814359e-13 2.562812466464719762e-12 7.273536655380251507e-12 1.862190141743472654e-11 7.104540063644576410e-12 2.564836322042780947e-12 -5.724827059184467318e-13 2.960213971906340104e-13 -5.414497130316812598e-13 -1.093586748110998503e-12 9.748601692020372862e-13 -2.857105769918377682e-13
1.821605893222230297e-11 1.390188897422649006e-11 3.802346249680190191e-12 8.164175836620376494e-13 4.535264247962281994e-12 3.752804134847529335e-12 -6.840565576820579365e-12 7.984550856872919538e-13 7.225766363578811880e-13 -1.811599619822367828e-12 2.016471772862734534e-12 -1.400778060506044689e-12 2.486171703769423145e-12 2.396344739745860162e-12 1.323934613976031739e-12 2.501024410900612664e-12 3.271813998664529277e-12 7.104540063644576410e-12 1.542200298947754169e-11 8.070426258143727053e-12 2.750055574208981849e-12 7.590524102096798240e-13 2.717563384997244111e-13 -7.831159096522380446e-13 3.483756944743058945e-13 -3.972567794634797846e-13
1.605854912025835109e-11 2.023612066826772239e-11 7.017731994459571490e-12 9.077531926247390277e-12 3.853479960876075864e-12 9.341961401938245643e-12 -5.566487541819900903e-12 5.607680184351336493e-12 1.625679251711813288e-12 -2.509003197484957894e-12 5.240717860538502218e-13 1.253896499943007072e-12 1.671753298941461359e-12 1.412877488967437488e-12 1.181497300852517886e-12 3.127495828945463069e-12 1.706958732141757350e-12 2.564836322042780947e-12 8.070426258143727053e-12 1.461967086827551775e-11 6.364128924082874856e-12 2.932609408727267218e-12 4.443006661191656604e-13 -1.909591367740680040e-12 -1.223149881081803673e-12 -5.695783124020794836e-13
-1.190549599477100383e-11 -4.063570091710263562e-12 4.326028639083437673e-12 -3.719622217934649248e-12 1.053513406359611618e-11 7.991454352000422340e-12 -2.803100679946075609e-12 3.346342510397745003e-12 1.679774576075033324e-12 4.527313523988500825e-13 -1.686677214673603503e-12 1.722517734588976054e-12 1.687167146920320893e-13 -2.330760041721139499e-12 -1.094047257314182701e-13 2.490146853255440433e-12 -1.267568591464524621e-12 -5.724827059184467318e-13 2.750055574208981849e-12 6.364128924082874856e-12 1.687335596873053480e-11 5.443992635045205841e-12 6.031833471740135473e-13 -1.133817103153304232e-12 -1.402158754713210346e-12 -1.016045614335101592e-12
-2.269145456876131499e-11 6.131952641135449751e-12 -1.304160370856295694e-11 4.588946431525469228e-12 2.472761512108290117e-12 -1.236854861830623179e-12 -1.393367597101804225e-13 8.836638439007638958e-12 2.037397506969920729e-12 2.040803320857239829e-12 -1.640121599665447849e-12 -3.602711105096616024e-13 -1.826572501361459509e-12 -9.734096014580538180e-13 2.867519447650264596e-12 5.140584303337168044e-12 5.239096991654810521e-13 2.960213971906340104e-13 7.590524102096798240e-13 2.932609408727267218e-12 5.443992635045205841e-12 1.225317486302821133e-11 4.623664268450335194e-12 -1.912002316322391214e-13 -8.175555093217824939e-13 -1.353250964645268952e-12
-1.333495584158920854e-11 2.514908416254113859e-11 4.920169015369139227e-12 -6.662832826751206596e-12 3.386049730497291232e-12 -1.076755790581339204e-12 -2.042374101830264590e-12 -3.867615703461176093e-12 1.149280199850196743e-12 -6.644024978270859995e-13 -3.426518240910960860e-12 -3.860260402370803216e-12 -4.336706776946910292e-12 -3.162010374136943243e-12 3.151746656227211803e-12 3.699536038095154775e-12 1.461889600545078415e-12 -5.414497130316812598e-13 2.717563384997244111e-13 4.443006661191656604e-13 6.031833471740135473e-13 4.623664268450335194e-12 9.593915314293281219e-12 1.753432720715986865e-12 4.635306870868021178e-13 -8.374551593118735385e-13
-1.044021921706933769e-11 -4.822162760718336266e-12 -2.984677550984893785e-12 -8.421267449891240153e-12 -6.622673044553547432e-13 -4.403907720356892709e-13 -7.553796393091633018e-13 -5.398059519918870877e-12 1.920898722632089772e-12 -8.548138170323178091e-13 6.871548854275290145e-14 8.164297212281530679e-13 1.185347540394061197e-12 1.459981116216970253e-12 -7.603554646036991324e-14 -3.065876513998766820e-13 9.373368518257165778e-13 -1.093586748110998503e-12 -7.831159096522380446e-13 -1.909591367740680040e-12 -1.133817103153304232e-12 -1.912002316322391214e-13 1.753432720715986865e-12 7.276842008419330904e-12 1.384499037141309018e-12 2.949772222510789685e-14
1.811591792629587156e-11 4.523601319953432261e-12 9.992507445879994256e-13 -2.616610935676805710e-12 -6.758724168724910624e-12 1.906995161925834759e-12 3.249833390900121499e-12 -4.212631235292393786e-12 3.907580128851999841e-12 7.479794194361075211e-13 1.223364738222942383e-12 3.825706832869739043e-13 -1.452823519339878163e-14 1.207532702476062926e-12 -7.262690257873624853e-13 -1.778739152281649398e-13 1.440696722711471184e-12 9.748601692020372862e-13 3.483756944743058945e-13 -1.223149881081803673e-12 -1.402158754713210346e-12 -8.175555093217824939e-13 4.635306870868021178e-13 1.384499037141309018e-12 5.400213043225795298e-12 8.190563729752514630e-13
8.695102299530038317e-12 -4.608294260497309690e-12 1.222130743098873945e-11 -8.814360456659070375e-12 3.238725098698450463e-13 -3.348920627977074107e-12 -5.927775278704065013e-13 -1.950403246904690660e-12 1.022654032239336078e-12 -2.236069609638802417e-12 -2.071988393066143798e-12 -8.995523806085168915e-13 2.634015932334726904e-13 2.653131465581389409e-13 -8.258935606388595398e-13 -1.388272074014061382e-12 -7.156623755869522567e-13 -2.857105769918377682e-13 -3.972567794634797846e-13 -5.695783124020794836e-13 -1.016045614335101592e-12 -1.353250964645268952e-12 -8.374551593118735385e-13 2.949772222510789685e-14 8.190563729752514630e-13 4.133600022933967070e-12
