4.771519360551790807e-09 -2.809663290981717151e-10 1.110294841439690241e-11 -2.287704865922816474e-10 9.265348302099008169e-11 3.046576247154499244e-11 6.575643397554734943e-12 -5.412870580680940966e-11 -4.219997537147590993e-11 -1.176679352201625690e-10 -2.656540243001553176e-11 -1.640958845859670198e-11 -3.364100825740141669e-11 -2.475769173766832428e-12 7.722579810936660439e-12 -9.349576820846625187e-12 -1.794023315732653133e-11 -2.114575598741366693e-11 -3.648079598795589195e-12 -4.859183412572784550e-14 -1.742804030973201366e-11 1.530529203207978925e-11 3.909684258492762291e-12 3.592550355259667784e-12 -2.441476456101548532e-12 2.123941941339614321e-12
-2.809663290981717151e-10 2.550492914446999783e-09 4.237016526142117986e-12 -5.298576224687385574e-12 8.508894373708047248e-11 1.285350344383471424e-10 -8.507185109554966074e-11 5.053061925499259014e-11 -1.524586217125434349e-12 2.032590969207024922e-11 -3.735381301751716795e-11 -5.342521123458709500e-11 -2.132349522475865495e-11 -4.634095103438161164e-11 -1.886179012880604240e-12 1.033312613657314272e-11 -3.576390507458833145e-12 -1.326173888363225750e-11 -5.023950301329065165e-12 -9.839378774676805958e-12 5.799222681430272599e-12 1.572042370468053757e-11 2.569129251739347925e-12 -4.067407653324177752e-12 -2.992219740126508670e-12 1.023733518093253503e-11
1.110294841439690241e-11 4.237016526142117986e-12 2.106539056716835360e-09 2.807874639085657333e-11 -4.454477348694874574e-11 -9.781951108010752453e-12 -5.184299082959801014e-12 -5.503062391865754123e-11 4.082777270189808200e-11 -2.906418999263209829e-11 1.141342296931503499e-11 2.450430176447548897e-11 8.707094152873282320e-12 5.515676575110553236e-12 7.066987980319223706e-12 1.028080944570118212e-11 1.351404623131968492e-11 2.303292583854762395e-11 1.009062177552476076e-11 7.176167565185479131e-13 -1.019716237906690972e-11 2.085758277300144203e-11 1.031417698347349830e-12 1.209395070994802279e-11 2.903055259974230498e-13 6.773285971723389575e-12
-2.287704865922816474e-10 -5.298576224687385574e-12 2.807874639085657333e-11 1.222587441159126936e-09 8.397607309683906037e-11 -1.074570662415302337e-10 2.170204632276778961e-12 -2.680801674775802676e-11 2.217761695813186763e-11 -2.897061102766397805e-11 -2.028411357631235166e-11 -6.063653797548704871e-12 -1.881655785490574762e-11 -1.112719780247294452e-11 -8.665330581113080532e-12 8.372977058299449272e-12 2.024226317156403839e-11 1.593401841697542949e-11 -1.850706677996279931e-11 -8.418085614771473122e-12 -2.922572781403906410e-12 3.636243361868355701e-12 -5.256244175891068010e-12 -3.035229231106310027e-12 7.074864410431784855e-13 -6.123341504723890038e-12
9.265348302099008169e-11 8.508894373708047248e-11 -4.454477348694874574e-11 8.397607309683906037e-11 6.325321400104997202e-10 5.633859512955663294e-11 1.409292301800085146e-11 6.423963083817535083e-11 -2.321236012304936385e-11 -1.149316251817487916e-11 1.688136205596578838e-11 -2.265629435820295048e-11 -2.672567690935327359e-11 -1.220806354071583710e-11 5.477704519410230642e-12 1.851107870335143694e-11 -8.684414589482925172e-12 5.484288322150016743e-12 4.401163057658761736e-13 -3.564996990474674500e-12 8.088363942220111417e-12 -3.930563819804093611e-12 -2.550001560715064531e-12 -3.915221604447628648e-12 4.409000246418673310e-13 4.031146757148044091e-12
3.046576247154499244e-11 1.285350344383471424e-10 -9.781951108010752453e-12 -1.074570662415302337e-10 5.633859512955663294e-11 4.928704666693601585e-10 3.221932049031786867e-11 3.748195226596244389e-11 1.728427179854615702e-11 -3.429047974060775771e-11 3.304272523766454410e-11 -1.410149196422090064e-11 2.130552244231280809e-13 -8.311415053524646590e-12 2.944336447766900954e-13 -4.883846391455351073e-12 2.967795629215541244e-12 7.406409076671955387e-13 8.340711198533957060e-12 -2.397419174456279426e-12 -4.848921621296554101e-12 1.537423218849752172e-12 2.064551009524251170e-12 1.515547626736902159e-12 2.224068037981278875e-12 2.565467944156238372e-12
6.575643397554734943e-12 -8.507185109554966074e-11 -5.184299082959801014e-12 2.170204632276778961e-12 1.409292301800085146e-11 3.221932049031786867e-11 3.326656676101898505e-10 1.309592640616292476e-11 8.410300480569855885e-12 -1.431975772968669899e-11 -5.176152014704426500e-12 3.278761941748516719e-12 1.404361488763267420e-11 -8.827988396303695081e-13 2.808205157899741088e-12 -9.577802628685072810e-13 4.004562974569111354e-12 5.758422015010432943e-12 1.245840869680750176e-11 5.087888801059991319e-12 9.475937141094666099e-13 -3.632445335524858770e-12 3.680947977168403917e-12 -1.602063952338421012e-12 -2.824654286753374820e-13 -2.416110738350864224e-12
-5.412870580680940966e-11 5.053061925499259014e-11 -5.503062391865754123e-11 -2.680801674775802676e-11 6.423963083817535083e-11 3.748195226596244389e-11 1.309592640616292476e-11 1.810945775180583231e-10 1.139821104787334809e-11 1.547861301893759748e-11 1.540226106364436162e-11 -3.089019375945711536e-12 -9.491975324414346269e-12 -8.587397613154589839e-13 4.089585781987361575e-12 1.517844015061445361e-12 -3.446945392144165293e-12 -2.464063421120329725e-12 -8.014364527743969309e-13 -3.762567202071696251e-12 8.778823814416036387e-13 -1.913507307545818670e-12 8.286403868741351887e-13 -1.142234760591540234e-12 3.164816232065273921e-13 2.849642867302090013e-12
-4.219997537147590993e-11 -1.524586217125434349e-12 4.082777270189808200e-11 2.217761695813186763e-11 -2.321236012304936385e-11 1.728427179854615702e-11 8.410300480569855885e-12 1.139821104787334809e-11 1.468026106668159544e-10 1.562620397796517640e-11 1.910585504104846054e-11 5.065193684544034393e-12 1.012097409311521237e-11 -2.916391701162721125e-12 -1.601290828912715362e-12 -5.617333605509169408e-12 7.846831921126638024e-13 -1.997228410426429310e-12 2.483676626089017856e-12 -2.073121965606280777e-12 1.165106351798205615e-12 1.014641412400541239e-12 3.109825022001235458e-12 1.556426296567667916e-12 1.319242385602069936e-12 -1.634183793330463908e-12
-1.176679352201625690e-10 2.032590969207024922e-11 -2.906418999263209829e-11 -2.897061102766397805e-11 -1.149316251817487916e-11 -3.429047974060775771e-11 -1.431975772968669899e-11 1.547861301893759748e-11 1.562620397796517640e-11 9.115441045011215546e-11 8.811645907055444685e-13 7.892884755427932628e-12 6.268858317326507031e-12 -2.326978369688597473e-12 1.097197265047481062e-12 -2.112309778128564476e-12 -2.551060760497325469e-14 -2.006440318030781465e-12 1.669606919704593114e-12 8.910869942471027053e-13 -8.694278828347949779e-14 -1.550492742661138457e-12 5.503068544879060807e-13 -2.187670693400613029e-12 -1.156673013156106778e-12 8.075553081610639457e-13
-2.656540243001553176e-11 -3.735381301751716795e-11 1.141342296931503499e-11 -2.028411357631235166e-11 1.688136205596578838e-11 3.304272523766454410e-11 -5.176152014704426500e-12 1.540226106364436162e-11 1.910585504104846054e-11 8.811645907055444685e-13 7.017801350506245256e-11 7.186134804049798469e-12 2.099628849767606427e-12 5.618894762672432043e-12 1.046279846211800142e-12 -2.192240017886411897e-12 -8.096245519800312176e-13 7.359659741072345694e-13 7.188932256832817035e-13 -6.387140817897887094e-13 -8.434396372782069289e-13 -7.809777847472099738e-13 4.139285677634002325e-13 -8.048639951478861858e-14 -2.603659982712986875e-13 6.134595966819348765e-13
-1.640958845859670198e-11 -5.342521123458709500e-11 2.450430176447548897e-11 -6.063653797548704871e-12 -2.265629435820295048e-11 -1.410149196422090064e-11 3.278761941748516719e-12 -3.089019375945711536e-12 5.065193684544034393e-12 7.892884755427932628e-12 7.186134804049798469e-12 5.916663341904502201e-11 9.254202789957124138e-12 7.484891753230697092e-12 5.119196664847507407e-12 -3.179840935856894616e-12 1.311820850732645182e-12 3.622023559856589545e-13 -1.041578701693276829e-12 1.833992642293387907e-12 -1.122064047270483998e-12 -5.918594404099143046e-13 1.225739317656619697e-12 2.417737489408619015e-12 2.005057113891316871e-12 1.995730742694492920e-14
-3.364100825740141669e-11 -2.132349522475865495e-11 8.707094152873282320e-12 -1.881655785490574762e-11 -2.672567690935327359e-11 2.130552244231280809e-13 1.404361488763267420e-11 -9.491975324414346269e-12 1.012097409311521237e-11 6.268858317326507031e-12 2.099628849767606427e-12 9.254202789957124138e-12 4.254665370491961951e-11 1.141550541823970517e-11 4.340938207555186654e-12 -9.622127735791341136e-13 8.897631698144719407e-13 1.175247958212742576e-12 2.417719453620144649e-12 2.976560435142437755e-12 -2.250603331054144217e-13 -6.162630009013141824e-14 1.058544167512049527e-12 6.316554256467873247e-13 -5.440588979028224744e-13 -6.370144608795707294e-13
-2.475769173766832428e-12 -4.634095103438161164e-11 5.515676575110553236e-12 -1.112719780247294452e-11 -1.220806354071583710e-11 -8.311415053524646590e-12 -8.827988396303695081e-13 -8.587397613154589839e-13 -2.916391701162721125e-12 -2.326978369688597473e-12 5.618894762672432043e-12 7.484891753230697092e-12 1.141550541823970517e-11 3.484397417894712837e-11 9.327616979213260669e-12 2.456759135866521886e-12 -1.626444832449889543e-12 -4.795395477659133392e-13 -1.158670161939298007e-12 1.511065874309517228e-12 6.600201663896757107e-13 -1.458094222028446258e-12 -3.377268285501334264e-13 -6.259304621581137967e-13 2.169480442996349670e-13 -3.775140004950202001e-13
7.722579810936660439e-12 -1.886179012880604240e-12 7.066987980319223706e-12 -8.665330581113080532e-12 5.477704519410230642e-12 2.944336447766900954e-13 2.808205157899741088e-12 4.089585781987361575e-12 -1.601290828912715362e-12 1.097197265047481062e-12 1.046279846211800142e-12 5.119196664847507407e-12 4.340938207555186654e-12 9.327616979213260669e-12 2.553245160888584034e-11 1.167868082316156094e-11 2.288792586523888773e-12 2.136967062641799125e-12 2.696792809276793677e-13 1.532357900497603861e-13 -1.553252014213373797e-12 -4.630172668656707695e-13 -6.408025711996980341e-13 1.551689842352994521e-13 -2.920111221435500889e-13 9.758108953091530295e-14
-9.349576820846625187e-12 1.033312613657314272e-11 1.028080944570118212e-11 8.372977058299449272e-12 1.851107870335143694e-11 -4.883846391455351073e-12 -9.577802628685072810e-13 1.517844015061445361e-12 -5.617333605509169408e-12 -2.112309778128564476e-12 -2.192240017886411897e-12 -3.179840935856894616e-12 -9.622127735791341136e-13 2.456759135866521886e-12 1.167868082316156094e-11 2.395784372807266473e-11 7.325332339321608002e-12 2.977256580643149146e-12 -1.845053749932437603e-13 -5.305019417987677956e-13 5.113906240933439734e-13 9.540755093429217779e-14 -1.352667637727372261e-12 -9.937270591415154145e-13 -1.509906370186059860e-13 -6.273813170950384353e-13
-1.794023315732653133e-11 -3.576390507458833145e-12 1.351404623131968492e-11 2.024226317156403839e-11 -8.684414589482925172e-12 2.967795629215541244e-12 4.004562974569111354e-12 -3.446945392144165293e-12 7.846831921126638024e-13 -2.551060760497325469e-14 -8.096245519800312176e-13 1.311820850732645182e-12 8.897631698144719407e-13 -1.626444832449889543e-12 2.288792586523888773e-12 7.325332339321608002e-12 1.541585880882429555e-11 4.912237272774743314e-12 2.030402620860201567e-12 6.509015649852517069e-13 9.201057296712144908e-13 5.245697854900927115e-13 -6.179878277341573963e-13 -8.524848768741361119e-13 -7.440114421237391390e-14 -7.520702057307207736e-13
-2.114575598741366693e-11 -1.326173888363225750e-11 2.303292583854762395e-11 1.593401841697542949e-11 5.484288322150016743e-12 7.406409076671955387e-13 5.758422015010432943e-12 -2.464063421120329725e-12 -1.997228410426429310e-12 -2.006440318030781465e-12 7.359659741072345694e-13 3.622023559856589545e-13 1.175247958212742576e-12 -4.795395477659133392e-13 2.136967062641799125e-12 2.977256580643149146e-12 4.912237272774743314e-12 1.129974298060573533e-11 3.942489639685711161e-12 1.638090156254949381e-12 1.471560459113501677e-12 9.181210806893419364e-13 4.281143574384986687e-13 -3.237094337242377842e-13 2.727759590076759338e-13 -1.556053636888588015e-13
-3.648079598795589195e-12 -5.023950301329065165e-12 1.009062177552476076e-11 -1.850706677996279931e-11 4.401163057658761736e-13 8.340711198533957060e-12 1.245840869680750176e-11 -8.014364527743969309e-13 2.483676626089017856e-12 1.669606919704593114e-12 7.188932256832817035e-13 -1.041578701693276829e-12 2.417719453620144649e-12 -1.158670161939298007e-12 2.696792809276793677e-13 -1.845053749932437603e-13 2.030402620860201567e-12 3.942489639685711161e-12 1.215499887314975607e-11 4.268199162839464593e-12 1.387642267078674130e-12 2.298653162278998396e-13 2.324913985735054780e-13 -7.152374403478446404e-14 -8.055794942423698408e-14 -1.330773117252150623e-13
-4.859183412572784550e-14 -9.839378774676805958e-12 7.176167565185479131e-13 -8.418085614771473122e-12 -3.564996990474674500e-12 -2.397419174456279426e-12 5.087888801059991319e-12 -3.762567202071696251e-12 -2.073121965606280777e-12 8.910869942471027053e-13 -6.387140817897887094e-13 1.833992642293387907e-12 2.976560435142437755e-12 1.511065874309517228e-12 1.532357900497603861e-13 -5.305019417987677956e-13 6.509015649852517069e-13 1.638090156254949381e-12 4.268199162839464593e-12 8.570094504164648054e-12 3.468217377053613234e-12 3.727865200586705419e-13 9.933717503364049368e-14 -8.501631777979920388e-13 -6.691604585008295417e-14 -3.557115065466748265e-13
-1.742804030973201366e-11 5.799222681430272599e-12 -1.019716237906690972e-11 -2.922572781403906410e-12 8.088363942220111417e-12 -4.848921621296554101e-12 9.475937141094666099e-13 8.778823814416036387e-13 1.165106351798205615e-12 -8.694278828347949779e-14 -8.434396372782069289e-13 -1.122064047270483998e-12 -2.250603331054144217e-13 6.600201663896757107e-13 -1.553252014213373797e-12 5.113906240933439734e-13 9.201057296712144908e-13 1.471560459113501677e-12 1.387642267078674130e-12 3.468217377053613234e-12 9.616303710661834893e-12 1.551114680441889695e-12 8.274810336583249572e-13 -8.621162114709609644e-13 -4.846688150359799699e-13 -6.925480353640416313e-13
1.530529203207978925e-11 1.572042370468053757e-11 2.085758277300144203e-11 3.636243361868355701e-12 -3.930563819804093611e-12 1.537423218849752172e-12 -3.632445335524858770e-12 -1.913507307545818670e-12 1.014641412400541239e-12 -1.550492742661138457e-12 -7.809777847472099738e-13 -5.918594404099143046e-13 -6.162630009013141824e-14 -1.458094222028446258e-12 -4.630172668656707695e-13 9.540755093429217779e-14 5.245697854900927115e-13 9.181210806893419364e-13 2.298653162278998396e-13 3.727865200586705419e-13 1.551114680441889695e-12 5.407441633673888158e-12 1.214307297180098034e-12 5.364929948879305740e-14 -2.313469225749878699e-13 3.465019142299629531e-15
3.909684258492762291e-12 2.569129251739347925e-12 1.031417698347349830e-12 -5.256244175891068010e-12 -2.550001560715064531e-12 2.064551009524251170e-12 3.680947977168403917e-12 8.286403868741351887e-13 3.109825022001235458e-12 5.503068544879060807e-13 4.139285677634002325e-13 1.225739317656619697e-12 1.058544167512049527e-12 -3.377268285501334264e-13 -6.408025711996980341e-13 -1.352667637727372261e-12 -6.179878277341573963e-13 4.281143574384986687e-13 2.324913985735054780e-13 9.933717503364049368e-14 8.274810336583249572e-13 1.214307297180098034e-12 4.207834723029598989e-12 1.320474643624073648e-12 2.773699544573210231e-13 2.557782609264060306e-14
3.592550355259667784e-12 -4.067407653324177752e-12 1.209395070994802279e-11 -3.035229231106310027e-12 -3.915221604447628648e-12 1.515547626736902159e-12 -1.602063952338421012e-12 -1.142234760591540234e-12 1.556426296567667916e-12 -2.187670693400613029e-12 -8.048639951478861858e-14 2.417737489408619015e-12 6.316554256467873247e-13 -6.259304621581137967e-13 1.551689842352994521e-13 -9.937270591415154145e-13 -8.524848768741361119e-13 -3.237094337242377842e-13 -7.152374403478446404e-14 -8.501631777979920388e-13 -8.621162114709609644e-13 5.364929948879305740e-14 1.320474643624073648e-12 4.800461179251226294e-12 1.349028684577542227e-12 7.613763020692730996e-13
-2.441476456101548532e-12 -2.992219740126508670e-12 2.903055259974230498e-13 7.074864410431784855e-13 4.409000246418673310e-13 2.224068037981278875e-12 -2.824654286753374820e-13 3.164816232065273921e-13 1.319242385602069936e-12 -1.156673013156106778e-12 -2.603659982712986875e-13 2.005057113891316871e-12 -5.440588979028224744e-13 2.169480442996349670e-13 -2.920111221435500889e-13 -1.509906370186059860e-13 -7.440114421237391390e-14 2.727759590076759338e-13 -8.055794942423698408e-14 -6.691604585008295417e-14 -4.846688150359799699e-13 -2.313469225749878699e-13 2.773699544573210231e-13 1.349028684577542227e-12 3.162256819341356467e-12 6.463343824036134647e-13
2.123941941339614321e-12 1.023733518093253503e-11 6.773285971723389575e-12 -6.123341504723890038e-12 4.031146757148044091e-12 2.565467944156238372e-12 -2.416110738350864224e-12 2.849642867302090013e-12 -1.634183793330463908e-12 8.075553081610639457e-13 6.134595966819348765e-13 1.995730742694492920e-14 -6.370144608795707294e-13 -3.775140004950202001e-13 9.758108953091530295e-14 -6.273813170950384353e-13 -7.520702057307207736e-13 -1.556053636888588015e-13 -1.330773117252150623e-13 -3.557115065466748265e-13 -6.925480353640416313e-13 3.465019142299629531e-15 2.557782609264060306e-14 7.613763020692730996e-13 6.463343824036134647e-13 2.119747324233384317e-12
