2.182944113494936335e-09 9.016612850436038725e-11 9.324696196967729578e-11 1.311276399932165746e-10 1.141665131000148490e-10 1.550652628073755297e-11 2.114288602209573203e-11 -1.224866062406892864e-11 -4.341246283673818181e-11 2.081103744321626907e-11 -4.040070337631385567e-12 4.343938419442253503e-11 1.643967140140101572e-11 9.530329768561724233e-12 -1.684128066534401081e-11 1.067957380204739003e-11 -3.799099949517645266e-12 -2.766548694265948670e-12 -1.350105420072031408e-11 -2.834968504266986641e-11 -2.368264043980442058e-11 -3.721724081331938694e-12 6.321668039227662170e-12 2.247716914346608939e-11 1.029812633639208262e-11 -7.696469553391194703e-13
9.016612850436038725e-11 1.552178139842505118e-09 -5.959594401565976098e-11 -6.276081670068556598e-12 1.028819598661618327e-10 2.169903539731195924e-11 4.543353199425545210e-11 1.717580176734960018e-11 -7.692809280777177264e-11 -4.318796191449269342e-11 1.676845218448256564e-11 -3.250975321823037641e-12 -2.878747928693609469e-11 -1.446925720761019137e-11 -5.858198008073424824e-12 -3.163040432969660295e-12 -5.963083171465472477e-12 9.509970311353574418e-12 2.540100353311065305e-12 5.085961357448552441e-12 3.631896588465669502e-12 8.360837854129269176e-12 8.539234009656904757e-12 1.165776002433995694e-11 1.428034500351471887e-12 7.089497989474359440e-12
9.324696196967729578e-11 -5.959594401565976098e-11 1.148486474737569242e-09 2.143746859196049036e-10 5.566022994818989313e-11 -5.518981652334463268e-11 3.689010586831170701e-11 9.919017027705184511e-12 -1.680474325762094342e-11 -1.521926574018196834e-11 -2.939717846742308181e-12 5.452615194244727209e-12 3.786338195320663479e-12 1.180027717916921956e-11 6.388008182463944418e-12 7.638251930508524060e-12 -3.979001288465287710e-12 2.272116422006628215e-12 -2.131754019784966703e-12 -3.915196232054547210e-12 -1.212832992677710893e-12 -1.163371520493555961e-12 -7.674818789629881342e-12 -8.463370381793426393e-14 -7.011700255499939689e-13 -1.193978670600034804e-11
1.311276399932165746e-10 -6.276081670068556598e-12 2.143746859196049036e-10 6.813223836121521867e-10 8.776999699444277053e-11 8.077579969591506207e-12 2.115936050398542759e-11 1.900679579733349540e-11 1.206247723155163005e-11 -1.803327489192631813e-11 -3.640165758400354555e-12 9.551589710819467810e-12 -1.008378120588233252e-11 -2.938962478381739764e-12 5.971670955038480584e-12 -9.495910109446164026e-12 2.236914393259462024e-12 1.642019749079154877e-12 1.816683198200578800e-11 3.149046127073228828e-12 2.491400327543539845e-12 8.999542836521349473e-12 1.056382871787987920e-11 5.187260179080163239e-12 -3.447803126432564636e-12 -7.943545284977498707e-12
1.141665131000148490e-10 1.028819598661618327e-10 5.566022994818989313e-11 8.776999699444277053e-11 4.750290639127062754e-10 3.427571813765040209e-11 3.036682736036272469e-11 6.344074162875977648e-13 6.638646713892825447e-12 8.574961496506063918e-12 -1.948083648436871790e-11 1.339528796709254756e-11 -9.593524813454684013e-12 -1.638121446163023088e-12 -6.989769887763159705e-12 -9.174388569766751415e-12 -2.441079045164251442e-12 -3.319252471634100541e-12 -1.373918774410903178e-12 1.623062318094633119e-12 -7.090464806624221486e-12 1.461607889250081897e-13 -1.785400373187874127e-12 -1.782858741948091665e-12 -1.622790713078810548e-12 1.450387655170230924e-12
1.550652628073755297e-11 2.169903539731195924e-11 -5.518981652334463268e-11 8.077579969591506207e-12 3.427571813765040209e-11 2.878064221743125219e-10 2.576747265680438305e-11 -1.209559869184944483e-11 -2.359185488100898235e-12 -1.018233889514655994e-11 -5.249410033900590173e-12 -4.700448036393365129e-12 -1.502491445162852222e-13 1.606367780960593497e-12 4.054291046239437698e-13 -3.703189926218145078e-12 -1.614164806592879701e-12 -4.706874379660159288e-13 5.587356839663006141e-12 1.069614794919603966e-12 -1.372396412687826179e-12 4.986134082963910568e-12 5.437703360534491300e-13 -6.651073053774301538e-12 -6.946809574020056051e-12 1.996307791909574575e-12
2.114288602209573203e-11 4.543353199425545210e-11 3.689010586831170701e-11 2.115936050398542759e-11 3.036682736036272469e-11 2.576747265680438305e-11 1.878606971455889251e-10 2.614061978609945804e-11 -1.810031036629126546e-12 1.806871351169223154e-12 -4.054230108286693801e-13 9.784954505308064435e-12 3.064787783758603368e-12 2.233181079763884808e-12 -8.688135442727024939e-12 -4.655185275373258968e-12 -3.024257343808038919e-12 -1.541502130575674189e-12 3.681187643464174001e-12 -1.253396544544058365e-12 1.556390496066493938e-12 3.949002169533022653e-12 -7.619999782681085790e-13 -6.378032717287315456e-12 -6.879954002144948060e-13 5.881288823523203921e-12
-1.224866062406892864e-11 1.717580176734960018e-11 9.919017027705184511e-12 1.900679579733349540e-11 6.344074162875977648e-13 -1.209559869184944483e-11 2.614061978609945804e-11 1.383014398617721557e-10 1.718091737264852864e-11 1.452774595158869231e-12 5.044254146237675220e-12 6.860874768648391437e-12 3.721916439643478939e-12 -3.332982636477511977e-12 1.814983842752460777e-12 1.574341841166164424e-12 1.927840596629446946e-12 5.057324600087144702e-12 -7.656501540879770337e-13 2.589359270355443233e-12 -1.990321641543829622e-12 -1.178590888461966661e-12 4.939529778568253930e-13 1.032017913892326205e-12 3.045971864672178369e-12 2.407227507688281300e-12
-4.341246283673818181e-11 -7.692809280777177264e-11 -1.680474325762094342e-11 1.206247723155163005e-11 6.638646713892825447e-12 -2.359185488100898235e-12 -1.810031036629126546e-12 1.718091737264852864e-11 9.472854703666967929e-11 1.212557257879277686e-11 6.795809989513702026e-12 1.706518247393411397e-11 7.488675967265651704e-12 6.650255127309621951e-13 7.788714067965408047e-13 2.784278659415709019e-13 -3.403822729534205359e-12 -1.772734307075099860e-12 -2.435799488086688036e-13 2.939505849522739294e-12 2.274144196333560954e-12 -2.269786075023900916e-12 -1.655974124739393496e-12 3.668777414601065579e-12 7.860884714048726886e-13 -3.120876668288832492e-12
2.081103744321626907e-11 -4.318796191449269342e-11 -1.521926574018196834e-11 -1.803327489192631813e-11 8.574961496506063918e-12 -1.018233889514655994e-11 1.806871351169223154e-12 1.452774595158869231e-12 1.212557257879277686e-11 8.296285796868016221e-11 1.263181588331896656e-11 1.040211165276133258e-11 1.203423776582517816e-11 -1.065616750050204975e-12 -4.631896281974032803e-12 3.562056334511639670e-13 2.146125110577349802e-12 1.626676435842039504e-12 3.213104034662949041e-12 2.843046462927383851e-12 6.156775084055861597e-13 -7.158430708605233243e-13 5.243277985405455575e-14 9.615201727684327104e-14 -1.388185754548172359e-12 -1.519287958112298107e-12
-4.040070337631385567e-12 1.676845218448256564e-11 -2.939717846742308181e-12 -3.640165758400354555e-12 -1.948083648436871790e-11 -5.249410033900590173e-12 -4.054230108286693801e-13 5.044254146237675220e-12 6.795809989513702026e-12 1.263181588331896656e-11 6.526808043057023157e-11 2.610758197911505072e-11 1.123556172223796237e-11 4.162663531930648652e-12 2.140099995686086436e-12 2.026992510063424663e-12 -4.639487793431677427e-12 -7.849713946283273075e-13 3.935696280551355960e-13 7.022231577189945281e-13 1.876929858970072654e-13 1.058891741626817140e-12 1.411413914632310442e-12 -7.959853744815521110e-13 -3.604121533580170280e-12 -2.751840623926516336e-12
4.343938419442253503e-11 -3.250975321823037641e-12 5.452615194244727209e-12 9.551589710819467810e-12 1.339528796709254756e-11 -4.700448036393365129e-12 9.784954505308064435e-12 6.860874768648391437e-12 1.706518247393411397e-11 1.040211165276133258e-11 2.610758197911505072e-11 4.673524814174922574e-11 1.806769634876704384e-11 6.874529742321735998e-12 3.437399223953482665e-12 2.120423121589405242e-12 -2.145698796683805206e-12 1.947950583465681755e-12 -1.217258413209864044e-12 -2.153402768012401549e-12 -2.384368955823900476e-12 -6.208783688109583678e-13 1.672485015758859195e-12 1.474655655892831465e-12 -9.487649748388608672e-13 7.489795890639687913e-13
1.643967140140101572e-11 -2.878747928693609469e-11 3.786338195320663479e-12 -1.008378120588233252e-11 -9.593524813454684013e-12 -1.502491445162852222e-13 3.064787783758603368e-12 3.721916439643478939e-12 7.488675967265651704e-12 1.203423776582517816e-11 1.123556172223796237e-11 1.806769634876704384e-11 3.743013950181126059e-11 1.155768769316173472e-11 7.345094999762033523e-12 3.040525363339685579e-12 2.277706521698100587e-12 3.751230276792103072e-12 1.715472114091274130e-12 1.860494040745371432e-12 1.260774959271464113e-12 5.611251200342632944e-13 -4.086550593768946020e-13 -1.999300950294945542e-12 -1.001170350128620592e-12 7.565438017524564426e-13
9.530329768561724233e-12 -1.446925720761019137e-11 1.180027717916921956e-11 -2.938962478381739764e-12 -1.638121446163023088e-12 1.606367780960593497e-12 2.233181079763884808e-12 -3.332982636477511977e-12 6.650255127309621951e-13 -1.065616750050204975e-12 4.162663531930648652e-12 6.874529742321735998e-12 1.155768769316173472e-11 2.708939672000384545e-11 9.598533134636873939e-12 8.210153190721569533e-12 2.193656039344240676e-12 4.365412774688178821e-12 -6.372725008374226262e-13 6.007522447928208252e-13 -1.379152698771344550e-12 -1.564638967229056884e-12 -7.255862244631882399e-13 -7.073580939550394514e-13 6.665076710341257955e-13 3.638700062182129668e-13
-1.684128066534401081e-11 -5.858198008073424824e-12 6.388008182463944418e-12 5.971670955038480584e-12 -6.989769887763159705e-12 4.054291046239437698e-13 -8.688135442727024939e-12 1.814983842752460777e-12 7.788714067965408047e-13 -4.631896281974032803e-12 2.140099995686086436e-12 3.437399223953482665e-12 7.345094999762033523e-12 9.598533134636873939e-12 2.240860015233404009e-11 9.898275293635181854e-12 4.606602440012670540e-12 3.685690898091982239e-12 7.020453907277240658e-13 -5.055565596763041874e-14 -8.142109670035616930e-13 -1.766005720059763575e-12 -8.728352450250454237e-13 4.372830134970521306e-13 3.789333212802410151e-13 -1.659072388282448824e-13
1.067957380204739003e-11 -3.163040432969660295e-12 7.638251930508524060e-12 -9.495910109446164026e-12 -9.174388569766751415e-12 -3.703189926218145078e-12 -4.655185275373258968e-12 1.574341841166164424e-12 2.784278659415709019e-13 3.562056334511639670e-13 2.026992510063424663e-12 2.120423121589405242e-12 3.040525363339685579e-12 8.210153190721569533e-12 9.898275293635181854e-12 2.283031730947050964e-11 8.712226183334855766e-12 3.474106670639832163e-12 1.316684470037990042e-12 1.733588995446462731e-12 4.698602390855942788e-13 -2.504934348077261073e-12 -3.394071644946361898e-12 -6.047772100546817264e-13 -9.918320707968117840e-13 -2.932953167616513710e-12
-3.799099949517645266e-12 -5.963083171465472477e-12 -3.979001288465287710e-12 2.236914393259462024e-12 -2.441079045164251442e-12 -1.614164806592879701e-12 -3.024257343808038919e-12 1.927840596629446946e-12 -3.403822729534205359e-12 2.146125110577349802e-12 -4.639487793431677427e-12 -2.145698796683805206e-12 2.277706521698100587e-12 2.193656039344240676e-12 4.606602440012670540e-12 8.712226183334855766e-12 2.076711212870633053e-11 1.161017091160886366e-11 5.504373661376626119e-12 4.124784165783228182e-12 1.097606936981472921e-12 -1.031136474700113880e-12 -3.158548687248861580e-12 -1.122043824492490686e-12 -1.765506294258402752e-12 -2.268683214446990320e-12
-2.766548694265948670e-12 9.509970311353574418e-12 2.272116422006628215e-12 1.642019749079154877e-12 -3.319252471634100541e-12 -4.706874379660159288e-13 -1.541502130575674189e-12 5.057324600087144702e-12 -1.772734307075099860e-12 1.626676435842039504e-12 -7.849713946283273075e-13 1.947950583465681755e-12 3.751230276792103072e-12 4.365412774688178821e-12 3.685690898091982239e-12 3.474106670639832163e-12 1.161017091160886366e-11 2.058572792549249738e-11 9.843098576305460157e-12 6.239378954353509943e-12 2.956766177480177823e-12 1.639379664303556491e-12 -3.031527513640826747e-13 4.596629810252896886e-13 -1.775890401572722222e-12 -2.126655196015762404e-12
-1.350105420072031408e-11 2.540100353311065305e-12 -2.131754019784966703e-12 1.816683198200578800e-11 -1.373918774410903178e-12 5.587356839663006141e-12 3.681187643464174001e-12 -7.656501540879770337e-13 -2.435799488086688036e-13 3.213104034662949041e-12 3.935696280551355960e-13 -1.217258413209864044e-12 1.715472114091274130e-12 -6.372725008374226262e-13 7.020453907277240658e-13 1.316684470037990042e-12 5.504373661376626119e-12 9.843098576305460157e-12 1.760652693066288367e-11 9.507648034617981033e-12 5.958657825075538729e-12 2.403692358582028313e-12 -1.092316065596900078e-12 -1.548212462223151102e-12 -3.570884068898200184e-12 -3.080839551520235757e-12
-2.834968504266986641e-11 5.085961357448552441e-12 -3.915196232054547210e-12 3.149046127073228828e-12 1.623062318094633119e-12 1.069614794919603966e-12 -1.253396544544058365e-12 2.589359270355443233e-12 2.939505849522739294e-12 2.843046462927383851e-12 7.022231577189945281e-13 -2.153402768012401549e-12 1.860494040745371432e-12 6.007522447928208252e-13 -5.055565596763041874e-14 1.733588995446462731e-12 4.124784165783228182e-12 6.239378954353509943e-12 9.507648034617981033e-12 1.596026143709228247e-11 8.957276521688121894e-12 3.384219310533579537e-12 -1.089026851211666778e-12 -1.415249441477135207e-12 -3.217830097329614898e-12 -2.955634418223165845e-12
-2.368264043980442058e-11 3.631896588465669502e-12 -1.212832992677710893e-12 2.491400327543539845e-12 -7.090464806624221486e-12 -1.372396412687826179e-12 1.556390496066493938e-12 -1.990321641543829622e-12 2.274144196333560954e-12 6.156775084055861597e-13 1.876929858970072654e-13 -2.384368955823900476e-12 1.260774959271464113e-12 -1.379152698771344550e-12 -8.142109670035616930e-13 4.698602390855942788e-13 1.097606936981472921e-12 2.956766177480177823e-12 5.958657825075538729e-12 8.957276521688121894e-12 1.439031491649515666e-11 7.093308658739787820e-12 2.491047081164911574e-12 5.756105082019069341e-13 -4.425137130826831306e-13 -1.425522775512590411e-12
-3.721724081331938694e-12 8.360837854129269176e-12 -1.163371520493555961e-12 8.999542836521349473e-12 1.461607889250081897e-13 4.986134082963910568e-12 3.949002169533022653e-12 -1.178590888461966661e-12 -2.269786075023900916e-12 -7.158430708605233243e-13 1.058891741626817140e-12 -6.208783688109583678e-13 5.611251200342632944e-13 -1.564638967229056884e-12 -1.766005720059763575e-12 -2.504934348077261073e-12 -1.031136474700113880e-12 1.639379664303556491e-12 2.403692358582028313e-12 3.384219310533579537e-12 7.093308658739787820e-12 1.494688050972565977e-11 7.438969636718150288e-12 4.846784303549832201e-13 -3.127444920335747404e-13 3.986707892309167876e-14
6.321668039227662170e-12 8.539234009656904757e-12 -7.674818789629881342e-12 1.056382871787987920e-11 -1.785400373187874127e-12 5.437703360534491300e-13 -7.619999782681085790e-13 4.939529778568253930e-13 -1.655974124739393496e-12 5.243277985405455575e-14 1.411413914632310442e-12 1.672485015758859195e-12 -4.086550593768946020e-13 -7.255862244631882399e-13 -8.728352450250454237e-13 -3.394071644946361898e-12 -3.158548687248861580e-12 -3.031527513640826747e-13 -1.092316065596900078e-12 -1.089026851211666778e-12 2.491047081164911574e-12 7.438969636718150288e-12 1.306278393259852154e-11 5.470463181210489722e-12 1.619889786035619256e-12 6.746445419557955102e-13
2.247716914346608939e-11 1.165776002433995694e-11 -8.463370381793426393e-14 5.187260179080163239e-12 -1.782858741948091665e-12 -6.651073053774301538e-12 -6.378032717287315456e-12 1.032017913892326205e-12 3.668777414601065579e-12 9.615201727684327104e-14 -7.959853744815521110e-13 1.474655655892831465e-12 -1.999300950294945542e-12 -7.073580939550394514e-13 4.372830134970521306e-13 -6.047772100546817264e-13 -1.122043824492490686e-12 4.596629810252896886e-13 -1.548212462223151102e-12 -1.415249441477135207e-12 5.756105082019069341e-13 4.846784303549832201e-13 5.470463181210489722e-12 1.233687644576578301e-11 4.856958311353546827e-12 1.238674394079305049e-12
1.029812633639208262e-11 1.428034500351471887e-12 -7.011700255499939689e-13 -3.447803126432564636e-12 -1.622790713078810548e-12 -6.946809574020056051e-12 -6.879954002144948060e-13 3.045971864672178369e-12 7.860884714048726886e-13 -1.388185754548172359e-12 -3.604121533580170280e-12 -9.487649748388608672e-13 -1.001170350128620592e-12 6.665076710341257955e-13 3.789333212802410151e-13 -9.918320707968117840e-13 -1.765506294258402752e-12 -1.775890401572722222e-12 -3.570884068898200184e-12 -3.217830097329614898e-12 -4.425137130826831306e-13 -3.127444920335747404e-13 1.619889786035619256e-12 4.856958311353546827e-12 9.707191657465568877e-12 4.826922386718291258e-12
-7.696469553391194703e-13 7.089497989474359440e-12 -1.193978670600034804e-11 -7.943545284977498707e-12 1.450387655170230924e-12 1.996307791909574575e-12 5.881288823523203921e-12 2.407227507688281300e-12 -3.120876668288832492e-12 -1.519287958112298107e-12 -2.751840623926516336e-12 7.489795890639687913e-13 7.565438017524564426e-13 3.638700062182129668e-13 -1.659072388282448824e-13 -2.932953167616513710e-12 -2.268683214446990320e-12 -2.126655196015762404e-12 -3.080839551520235757e-12 -2.955634418223165845e-12 -1.425522775512590411e-12 3.986707892309167876e-14 6.746445419557955102e-13 1.238674394079305049e-12 4.826922386718291258e-12 9.086909443320116480e-12
