2.492101742656480201e-09 9.466057797366871841e-11 1.875964343350406150e-10 1.609943740424565275e-10 1.065561599429489119e-10 5.490098720976182367e-11 9.873801953934855228e-11 1.301585781306657529e-10 7.333176448244247223e-11 8.397897928330527793e-11 1.496173688698993556e-11 -1.084374237199293771e-11 -2.029709002459308198e-11 -7.701062302150393145e-13 -3.193305398730576827e-11 -2.776404335484530336e-11 -3.037705792551027656e-11 -6.149827336312748169e-12 -2.394756267220783218e-12 5.951303783542327562e-13 -1.926687651969309758e-11 -2.431012674238921951e-11 -1.565940700755509704e-11 8.680036571960397491e-12 1.497204507696667016e-11 1.278892568222647403e-12
9.466057797366871841e-11 1.818875445408248689e-09 1.577901935026600099e-10 1.673180855047661567e-10 5.915169436373125112e-11 1.109040304278382334e-10 5.771692274333338105e-11 -2.475089187844120750e-11 -2.548045147893513343e-12 -1.005709624282190707e-11 -6.160808010842726217e-12 -2.453309921810164943e-11 -3.715161833572425308e-11 -1.058217987422027360e-11 -7.652403262779814696e-12 -5.044870105203445627e-12 2.234878147734985620e-11 5.502372349983617798e-12 -9.155657130656293484e-12 1.112233082475062322e-12 -1.354648034274972321e-11 -1.496384034362075523e-11 -2.124493255153357174e-11 -6.368648420097448163e-12 1.802168187604647584e-12 -2.606024513772610523e-12
1.875964343350406150e-10 1.577901935026600099e-10 9.870482861254614552e-10 1.335835136884289209e-10 -3.814748494000782235e-11 2.806496665302409861e-11 -3.496742202736089263e-12 -1.827918909992353514e-11 2.417267903318341108e-11 4.647812954929489813e-11 -9.445598918386148414e-12 -4.346184466702212935e-12 3.669084595161501703e-12 6.058320270171027965e-12 7.817718187552902499e-12 7.231736444354250396e-12 -3.340467369390188618e-12 2.602711854179416258e-12 -5.298068940561096618e-12 -4.986141462268326858e-12 -2.449780511528144671e-11 -3.011522319408174609e-11 -1.690498226168322480e-11 -2.112841284568309995e-12 -1.025580122185573370e-11 -8.390486933906082775e-12
1.609943740424565275e-10 1.673180855047661567e-10 1.335835136884289209e-10 7.343218087331150942e-10 5.364203960181781631e-11 3.060989125214384379e-11 8.236992332100100418e-11 2.878561298611521753e-13 -1.314054612479872891e-11 3.537331924755497502e-11 8.489149519219069524e-12 -7.402486247915889923e-12 -1.174053112701216218e-11 -9.868397615715171141e-12 -5.227205497332183516e-12 5.778943471091712968e-12 8.797660131936649747e-12 -1.309607324675243339e-12 -6.912728926619888186e-12 -7.679543338791364362e-12 -1.334483134308267766e-11 -1.499655449299940702e-11 -7.999039703774385999e-12 -7.195090844861843100e-12 -8.478369402056086667e-12 -4.547431335946130825e-13
1.065561599429489119e-10 5.915169436373125112e-11 -3.814748494000782235e-11 5.364203960181781631e-11 4.864395029508781959e-10 -1.093956690098651005e-11 7.401302111528048225e-12 3.308631976968105235e-11 2.004035290790214968e-11 1.597697762599929101e-11 4.676052726755180739e-12 -1.249026923471527003e-11 -9.600967539874936741e-12 4.157798783240142248e-12 -3.068368687747712149e-12 -4.851330259982173528e-12 -9.201238130409589356e-12 -1.743877179114256237e-12 2.913807555330271775e-12 2.902909565050040659e-12 -2.684777644732846320e-12 -9.071784927673442448e-12 -3.993379508179479974e-12 -2.282428405175563963e-12 2.446578435041952402e-13 -3.404000930729635104e-12
5.490098720976182367e-11 1.109040304278382334e-10 2.806496665302409861e-11 3.060989125214384379e-11 -1.093956690098651005e-11 3.539180327303467713e-10 5.410390442573079493e-11 3.135087337398776803e-11 1.576216185872806229e-11 8.812138039228182379e-12 -2.304584880636509313e-13 -7.548797635504585255e-12 4.916089910565442104e-12 5.459516313413719171e-12 1.308339755533550879e-11 6.575647292214211167e-12 3.688866751771740854e-12 -1.826898324613168727e-12 5.011593417069457993e-12 -3.240702555618745856e-12 -5.968866637652119109e-12 -2.762401076284562860e-12 -2.656982698293065345e-12 2.634011823398704597e-12 3.725686995818699278e-12 -4.046336175647425557e-13
9.873801953934855228e-11 5.771692274333338105e-11 -3.496742202736089263e-12 8.236992332100100418e-11 7.401302111528048225e-12 5.410390442573079493e-11 2.131204961608765853e-10 4.197002665146125244e-11 2.991809016909109861e-11 1.676875026622129752e-11 2.049949822959636865e-11 -2.286020623600851403e-12 -3.685150889318462076e-12 -7.003153253168661911e-12 5.670974716376027706e-12 -2.302622006103919302e-12 -1.390302273497240972e-12 -3.609520091294316044e-12 -1.070819542201236594e-12 -4.382041042362037151e-12 -2.921845199296767405e-12 -2.138195935964430064e-12 2.748081230385889331e-12 2.699640703167934428e-13 1.695178289051597639e-12 9.623780149241273531e-13
1.301585781306657529e-10 -2.475089187844120750e-11 -1.827918909992353514e-11 2.878561298611521753e-13 3.308631976968105235e-11 3.135087337398776803e-11 4.197002665146125244e-11 1.948530300634188606e-10 4.062794089602693839e-11 2.366436255516986127e-11 6.572000767642606004e-12 1.648866086198568817e-12 6.788977167461994361e-12 4.148518771525827167e-12 -9.258709418520945796e-12 -8.667814095739768564e-12 1.343725929014620776e-12 -3.133361125211531381e-12 2.312854974249990562e-12 5.613454142524562867e-12 1.855195263336123799e-12 3.339547286063948916e-12 9.946740722242003838e-12 4.506609254589455614e-12 -1.315752862909036329e-12 -1.862929632912166943e-12
7.333176448244247223e-11 -2.548045147893513343e-12 2.417267903318341108e-11 -1.314054612479872891e-11 2.004035290790214968e-11 1.576216185872806229e-11 2.991809016909109861e-11 4.062794089602693839e-11 1.186913443646297763e-10 3.037873118388488713e-11 3.500391191515485347e-12 7.729415103508974269e-13 -2.233148393528623075e-12 4.163363536247289251e-12 3.352581504534651673e-12 2.437808389736266194e-12 3.374342461420205523e-12 5.413082244882406700e-12 4.603984736071134194e-12 7.614730404667971882e-13 -2.200915974071282942e-12 1.819288958278591506e-13 2.165154755098679332e-12 2.943572761387991504e-12 3.463305881153665727e-12 -3.498921063872403815e-13
8.397897928330527793e-11 -1.005709624282190707e-11 4.647812954929489813e-11 3.537331924755497502e-11 1.597697762599929101e-11 8.812138039228182379e-12 1.676875026622129752e-11 2.366436255516986127e-11 3.037873118388488713e-11 8.721613769706507299e-11 2.094572674176665090e-11 4.521570498114381587e-12 4.092152149981446815e-13 1.418249214590589633e-12 -4.149613593663208216e-12 -1.933494386285027364e-12 -1.259393177899586079e-12 9.144048545115298926e-13 -6.694928991551943069e-14 4.924476804685990293e-13 1.809441340335206914e-13 -3.112161431443603639e-12 1.698168380530429504e-12 7.841567158410379122e-13 3.556138319119298551e-14 -1.183283583626272230e-12
1.496173688698993556e-11 -6.160808010842726217e-12 -9.445598918386148414e-12 8.489149519219069524e-12 4.676052726755180739e-12 -2.304584880636509313e-13 2.049949822959636865e-11 6.572000767642606004e-12 3.500391191515485347e-12 2.094572674176665090e-11 6.773561845699571123e-11 1.508962232535148775e-11 4.564243495553302753e-12 5.425589669918672635e-12 2.020424871479356113e-12 3.614571925899554389e-12 4.549904511687727227e-12 2.622447751315223548e-12 3.497644635141287495e-12 -2.248926775437984003e-12 6.857865730259282084e-13 9.922016398257958948e-13 1.089313694518894108e-12 5.447554537223636393e-13 -8.380775323157195164e-13 -1.035693789219987554e-12
-1.084374237199293771e-11 -2.453309921810164943e-11 -4.346184466702212935e-12 -7.402486247915889923e-12 -1.249026923471527003e-11 -7.548797635504585255e-12 -2.286020623600851403e-12 1.648866086198568817e-12 7.729415103508974269e-13 4.521570498114381587e-12 1.508962232535148775e-11 3.616951567260377598e-11 1.526845940266271883e-11 1.187046902441790623e-12 2.197307051091558490e-12 2.681196825500387837e-12 3.516593798546660865e-12 -6.015473398894917153e-13 4.369072874928190207e-13 2.294949776230487204e-12 -1.202675341357894965e-13 -1.014242949101637643e-12 1.449169241178546337e-13 -8.107372796662943400e-13 -1.112015213966826500e-12 4.152596620439005006e-14
-2.029709002459308198e-11 -3.715161833572425308e-11 3.669084595161501703e-12 -1.174053112701216218e-11 -9.600967539874936741e-12 4.916089910565442104e-12 -3.685150889318462076e-12 6.788977167461994361e-12 -2.233148393528623075e-12 4.092152149981446815e-13 4.564243495553302753e-12 1.526845940266271883e-11 4.739938430175774828e-11 1.340913600267165370e-11 6.677105306028051373e-12 7.302151653499695839e-12 1.933492710252578169e-12 -3.315237709031474889e-13 4.703927226365747837e-13 1.430024111363097148e-12 1.473586544783536941e-12 2.228505694214344078e-13 1.468250038225860227e-12 1.164284316063416559e-12 -5.485636542093189003e-13 -1.538399788884858286e-14
-7.701062302150393145e-13 -1.058217987422027360e-11 6.058320270171027965e-12 -9.868397615715171141e-12 4.157798783240142248e-12 5.459516313413719171e-12 -7.003153253168661911e-12 4.148518771525827167e-12 4.163363536247289251e-12 1.418249214590589633e-12 5.425589669918672635e-12 1.187046902441790623e-12 1.340913600267165370e-11 3.130537408443378067e-11 1.082209633285578800e-11 8.417218833977993481e-12 4.746644865185628901e-12 1.198071875142076586e-12 1.148808429370772605e-12 1.000599753394187065e-12 -8.733460826271542097e-13 -9.462586788970590698e-14 -5.921388356540297365e-14 5.903541461498327840e-13 -7.221859799295722071e-14 7.604797195229307577e-13
-3.193305398730576827e-11 -7.652403262779814696e-12 7.817718187552902499e-12 -5.227205497332183516e-12 -3.068368687747712149e-12 1.308339755533550879e-11 5.670974716376027706e-12 -9.258709418520945796e-12 3.352581504534651673e-12 -4.149613593663208216e-12 2.020424871479356113e-12 2.197307051091558490e-12 6.677105306028051373e-12 1.082209633285578800e-11 2.631311197797276260e-11 1.286027144648768421e-11 8.527449819306852572e-12 3.084778576737068880e-12 9.700086627817412901e-13 -8.607403248418946158e-13 -7.057382367565642272e-13 1.065135468144114690e-12 -1.156229156359457775e-12 1.315062460763532072e-12 1.533353564872399598e-12 2.029957661615050666e-12
-2.776404335484530336e-11 -5.044870105203445627e-12 7.231736444354250396e-12 5.778943471091712968e-12 -4.851330259982173528e-12 6.575647292214211167e-12 -2.302622006103919302e-12 -8.667814095739768564e-12 2.437808389736266194e-12 -1.933494386285027364e-12 3.614571925899554389e-12 2.681196825500387837e-12 7.302151653499695839e-12 8.417218833977993481e-12 1.286027144648768421e-11 2.098497957944472685e-11 1.137886288444457929e-11 5.468678797214514314e-12 2.638679569386748302e-12 1.627811661792502747e-12 1.036467821678771978e-12 1.348887262099869711e-12 4.569544971717861409e-13 2.582805021870646833e-12 2.108137115287929346e-12 1.336469647225475736e-12
-3.037705792551027656e-11 2.234878147734985620e-11 -3.340467369390188618e-12 8.797660131936649747e-12 -9.201238130409589356e-12 3.688866751771740854e-12 -1.390302273497240972e-12 1.343725929014620776e-12 3.374342461420205523e-12 -1.259393177899586079e-12 4.549904511687727227e-12 3.516593798546660865e-12 1.933492710252578169e-12 4.746644865185628901e-12 8.527449819306852572e-12 1.137886288444457929e-11 1.971188633150906307e-11 9.128717796905231212e-12 4.539686695741346777e-12 1.724908620060103011e-12 2.138028248027852915e-12 2.616703052288127473e-12 1.390327517493547158e-12 1.403934447786632501e-12 1.873759276242218354e-12 1.140043955575127571e-12
-6.149827336312748169e-12 5.502372349983617798e-12 2.602711854179416258e-12 -1.309607324675243339e-12 -1.743877179114256237e-12 -1.826898324613168727e-12 -3.609520091294316044e-12 -3.133361125211531381e-12 5.413082244882406700e-12 9.144048545115298926e-13 2.622447751315223548e-12 -6.015473398894917153e-13 -3.315237709031474889e-13 1.198071875142076586e-12 3.084778576737068880e-12 5.468678797214514314e-12 9.128717796905231212e-12 1.697762340958109132e-11 9.039609595085806679e-12 3.004936755271713788e-12 3.750295726224185544e-12 2.555589459395869558e-12 2.093333508211076133e-12 2.887838011245572528e-12 2.493760254362001464e-12 1.999578970956481523e-12
-2.394756267220783218e-12 -9.155657130656293484e-12 -5.298068940561096618e-12 -6.912728926619888186e-12 2.913807555330271775e-12 5.011593417069457993e-12 -1.070819542201236594e-12 2.312854974249990562e-12 4.603984736071134194e-12 -6.694928991551943069e-14 3.497644635141287495e-12 4.369072874928190207e-13 4.703927226365747837e-13 1.148808429370772605e-12 9.700086627817412901e-13 2.638679569386748302e-12 4.539686695741346777e-12 9.039609595085806679e-12 1.397776969362895309e-11 5.643434644051208420e-12 4.191158356554973723e-12 3.626512935056637054e-12 2.179852149289731628e-12 2.471252345141666289e-12 1.014001778337550518e-12 3.315502486531065936e-13
5.951303783542327562e-13 1.112233082475062322e-12 -4.986141462268326858e-12 -7.679543338791364362e-12 2.902909565050040659e-12 -3.240702555618745856e-12 -4.382041042362037151e-12 5.613454142524562867e-12 7.614730404667971882e-13 4.924476804685990293e-13 -2.248926775437984003e-12 2.294949776230487204e-12 1.430024111363097148e-12 1.000599753394187065e-12 -8.607403248418946158e-13 1.627811661792502747e-12 1.724908620060103011e-12 3.004936755271713788e-12 5.643434644051208420e-12 1.572279946090661598e-11 8.166324001989802522e-12 4.354007623730849461e-12 3.656038252832717206e-12 2.613542387432560096e-12 1.448319439776586546e-12 -5.881294750243501687e-13
-1.926687651969309758e-11 -1.354648034274972321e-11 -2.449780511528144671e-11 -1.334483134308267766e-11 -2.684777644732846320e-12 -5.968866637652119109e-12 -2.921845199296767405e-12 1.855195263336123799e-12 -2.200915974071282942e-12 1.809441340335206914e-13 6.857865730259282084e-13 -1.202675341357894965e-13 1.473586544783536941e-12 -8.733460826271542097e-13 -7.057382367565642272e-13 1.036467821678771978e-12 2.138028248027852915e-12 3.750295726224185544e-12 4.191158356554973723e-12 8.166324001989802522e-12 1.347728748590608434e-11 7.829043477136260087e-12 5.245404999156949377e-12 1.410398742928278668e-12 1.443424123426339252e-12 -4.104240143621883608e-14
-2.431012674238921951e-11 -1.496384034362075523e-11 -3.011522319408174609e-11 -1.499655449299940702e-11 -9.071784927673442448e-12 -2.762401076284562860e-12 -2.138195935964430064e-12 3.339547286063948916e-12 1.819288958278591506e-13 -3.112161431443603639e-12 9.922016398257958948e-13 -1.014242949101637643e-12 2.228505694214344078e-13 -9.462586788970590698e-14 1.065135468144114690e-12 1.348887262099869711e-12 2.616703052288127473e-12 2.555589459395869558e-12 3.626512935056637054e-12 4.354007623730849461e-12 7.829043477136260087e-12 1.511074926764411909e-11 8.823006340834810033e-12 2.922556919940111011e-12 7.804706937147224454e-13 4.108441417824933711e-13
-1.565940700755509704e-11 -2.124493255153357174e-11 -1.690498226168322480e-11 -7.999039703774385999e-12 -3.993379508179479974e-12 -2.656982698293065345e-12 2.748081230385889331e-12 9.946740722242003838e-12 2.165154755098679332e-12 1.698168380530429504e-12 1.089313694518894108e-12 1.449169241178546337e-13 1.468250038225860227e-12 -5.921388356540297365e-14 -1.156229156359457775e-12 4.569544971717861409e-13 1.390327517493547158e-12 2.093333508211076133e-12 2.179852149289731628e-12 3.656038252832717206e-12 5.245404999156949377e-12 8.823006340834810033e-12 1.351017639128703401e-11 5.936559396991896671e-12 1.727848807409692346e-12 1.682075694381677278e-13
8.680036571960397491e-12 -6.368648420097448163e-12 -2.112841284568309995e-12 -7.195090844861843100e-12 -2.282428405175563963e-12 2.634011823398704597e-12 2.699640703167934428e-13 4.506609254589455614e-12 2.943572761387991504e-12 7.841567158410379122e-13 5.447554537223636393e-13 -8.107372796662943400e-13 1.164284316063416559e-12 5.903541461498327840e-13 1.315062460763532072e-12 2.582805021870646833e-12 1.403934447786632501e-12 2.887838011245572528e-12 2.471252345141666289e-12 2.613542387432560096e-12 1.410398742928278668e-12 2.922556919940111011e-12 5.936559396991896671e-12 9.665291493970649782e-12 4.276974798930776611e-12 7.659686179274607946e-13
1.497204507696667016e-11 1.802168187604647584e-12 -1.025580122185573370e-11 -8.478369402056086667e-12 2.446578435041952402e-13 3.725686995818699278e-12 1.695178289051597639e-12 -1.315752862909036329e-12 3.463305881153665727e-12 3.556138319119298551e-14 -8.380775323157195164e-13 -1.112015213966826500e-12 -5.485636542093189003e-13 -7.221859799295722071e-14 1.533353564872399598e-12 2.108137115287929346e-12 1.873759276242218354e-12 2.493760254362001464e-12 1.014001778337550518e-12 1.448319439776586546e-12 1.443424123426339252e-12 7.804706937147224454e-13 1.727848807409692346e-12 4.276974798930776611e-12 7.398220336209052728e-12 2.744711190808779201e-12
1.278892568222647403e-12 -2.606024513772610523e-12 -8.390486933906082775e-12 -4.547431335946130825e-13 -3.404000930729635104e-12 -4.046336175647425557e-13 9.623780149241273531e-13 -1.862929632912166943e-12 -3.498921063872403815e-13 -1.183283583626272230e-12 -1.035693789219987554e-12 4.152596620439005006e-14 -1.538399788884858286e-14 7.604797195229307577e-13 2.029957661615050666e-12 1.336469647225475736e-12 1.140043955575127571e-12 1.999578970956481523e-12 3.315502486531065936e-13 -5.881294750243501687e-13 -4.104240143621883608e-14 4.108441417824933711e-13 1.682075694381677278e-13 7.659686179274607946e-13 2.744711190808779201e-12 5.734866226955360880e-12
