4.625249672899274567e-09 -1.326373539409095447e-12 -2.404702292291575100e-10 8.390953290815688887e-11 2.534243919045999589e-10 5.286335169067347870e-12 8.009078510959035370e-11 -4.714105636206435389e-11 2.960208042269323365e-11 7.067258516825395145e-11 -2.219360464621749180e-11 3.050124234848918646e-11 5.323425712331350248e-11 3.114293764975074362e-11 5.677334249927572777e-11 5.813457472109313615e-11 1.121462450833385750e-11 5.869032020689977561e-11 5.576027889302082448e-11 1.305509970083362176e-11 -4.230908723579983752e-11 -2.790763458569483394e-11 -1.517035539601156709e-11 -1.956912938503149624e-11 -8.814736021427579184e-12 -2.303354146432590796e-12
-1.326373539409095447e-12 3.294906595679607020e-09 1.685186906820059269e-10 -2.413483628577264507e-10 -3.792759964068023426e-11 1.546112303909253722e-10 -1.106891187983389726e-10 5.472364964889447107e-11 -8.726407616247244262e-11 3.827109134175242023e-11 6.939602706361697436e-12 -1.236008722264792254e-11 2.806236486915774973e-12 1.408794748791403755e-11 8.359365382992634596e-12 -1.614721916359172397e-11 -2.092679753876656442e-11 2.684595165055073797e-13 2.007235664273222634e-11 2.023638400533123331e-11 1.674511439661322615e-11 2.215396142694072067e-12 1.697563743094816559e-11 1.222999966239480629e-11 -6.838643069044096215e-12 -8.411583994205186094e-12
-2.404702292291575100e-10 1.685186906820059269e-10 1.798505923361863065e-09 -1.631829345058327250e-11 1.829859433245963969e-10 -1.679718947154472475e-12 2.161238872965356165e-12 7.346236656315662607e-12 -5.356782337760406652e-12 -1.480233061340542385e-12 5.626353888260620013e-11 -9.838682127387895392e-12 -4.811781222100870228e-11 -1.710279665722855191e-11 -2.702565402647350630e-11 -1.475687248478733765e-11 -1.330410665717763604e-11 -6.261909399243937512e-12 -5.337489329345091025e-12 2.774933600583276626e-14 -2.987882966519448393e-12 -1.882602101313002685e-12 1.200432556260888680e-11 2.275685453779004122e-11 1.188970835777137487e-11 5.202871525352873811e-12
8.390953290815688887e-11 -2.413483628577264507e-10 -1.631829345058327250e-11 1.287525766721043825e-09 -1.245857413186986506e-10 5.209223766139971412e-11 2.518461373090779238e-11 -1.326449534941522694e-12 6.881750259297165377e-11 -5.772244136855712267e-11 -7.329599520502828549e-12 7.209598543079627935e-12 -5.187435168914810103e-14 9.259310456478502701e-13 -9.444826033531994800e-12 -3.223804722678689385e-11 2.750820792492156566e-11 7.505077387310619939e-12 6.202460393598040937e-12 -1.173655328124685666e-12 1.549157552153914130e-11 -3.630764547978938029e-13 -3.131707780846545002e-12 3.314941197824592835e-12 1.838349798109629791e-11 -3.054920567059506772e-12
2.534243919045999589e-10 -3.792759964068023426e-11 1.829859433245963969e-10 -1.245857413186986506e-10 7.731105537856208185e-10 8.874134078799567753e-11 1.725627839822121670e-11 1.027407243095720372e-10 4.441405874917244817e-11 4.023581419434999007e-11 2.401406506723775133e-11 -5.316725916006268133e-12 1.538648773251968135e-11 -4.802264991552704999e-12 -8.778049543504739819e-12 -4.805054250374263117e-13 -7.477673629169575187e-12 6.348341138010077450e-12 6.071838215469247894e-12 -4.578929042601849290e-12 -1.186274913918602272e-11 -1.410137819467434869e-11 -1.056919012300882662e-12 -4.598847718846916279e-12 3.498031836467190325e-12 4.759414710757268690e-12
5.286335169067347870e-12 1.546112303909253722e-10 -1.679718947154472475e-12 5.209223766139971412e-11 8.874134078799567753e-11 5.868996743022096772e-10 3.691823045562843876e-11 6.660234404925539107e-11 2.851837395395575747e-11 3.254074140464237644e-11 9.139422280827027323e-12 1.012492140068899181e-11 1.596589179446152635e-12 -1.125798197289737553e-11 -1.795203156025326062e-11 -2.552739744936533901e-11 -3.479066698554712866e-12 -6.103915337563191106e-12 8.577493071340236915e-12 1.565136856353852865e-11 6.049354881011840704e-12 -1.554710191229066126e-11 -7.303361842514749286e-12 -6.105746506515157947e-12 -6.184892722944089713e-12 1.707842382892325184e-13
8.009078510959035370e-11 -1.106891187983389726e-10 2.161238872965356165e-12 2.518461373090779238e-11 1.725627839822121670e-11 3.691823045562843876e-11 4.437612842965936403e-10 2.009068045390148342e-11 1.803633777358211206e-11 2.316940701737880235e-11 8.415794210151750601e-12 1.530072532155313768e-11 -2.487632017188170445e-12 -7.047445474235382634e-12 -2.372522130173519480e-11 -1.225914850916661144e-11 -5.760887561125975766e-12 -6.147114674591424799e-12 4.237818427297123889e-12 -1.817079319533850140e-12 1.254840431620501849e-11 8.993724858226761884e-13 7.186201784018617366e-12 8.356410254083696654e-12 -1.158753565925742175e-12 2.152213298776725952e-12
-4.714105636206435389e-11 5.472364964889447107e-11 7.346236656315662607e-12 -1.326449534941522694e-12 1.027407243095720372e-10 6.660234404925539107e-11 2.009068045390148342e-11 2.941347719356302377e-10 2.676203745350697910e-11 2.436018194006507336e-11 1.234013935647100404e-11 -8.261130073139332743e-12 -1.636044450180093242e-12 -7.509981406411781542e-13 -1.259998028810377961e-11 -2.422243319685184474e-11 -1.627957263205436001e-11 -5.463723055224394606e-12 -4.291284964161888553e-12 -9.624767989081625516e-12 8.879499386351551736e-12 6.677551114457294508e-12 -1.598560003840871211e-12 4.643925179099440499e-12 2.059301826898808609e-12 4.163760874339470958e-12
2.960208042269323365e-11 -8.726407616247244262e-11 -5.356782337760406652e-12 6.881750259297165377e-11 4.441405874917244817e-11 2.851837395395575747e-11 1.803633777358211206e-11 2.676203745350697910e-11 2.010532300464931694e-10 4.184140365215861374e-11 2.236119982030965124e-11 -8.308890401448505515e-12 6.716978645140612330e-12 -6.480435427940899289e-12 -2.080862203065684971e-12 6.177320166409968321e-12 1.499354076822971772e-12 -8.380842434322452375e-13 4.411613162501945397e-12 1.069482928231825344e-11 8.637251089836876105e-12 -2.813927603760433882e-13 -1.502885161991281606e-12 -4.270231471953126777e-12 1.113257559748121009e-12 1.267829722350512734e-12
7.067258516825395145e-11 3.827109134175242023e-11 -1.480233061340542385e-12 -5.772244136855712267e-11 4.023581419434999007e-11 3.254074140464237644e-11 2.316940701737880235e-11 2.436018194006507336e-11 4.184140365215861374e-11 1.337250639313039753e-10 2.459269609838659853e-11 1.374041060745321918e-11 1.206965360801207346e-11 -2.596202717443929411e-12 8.236178298188154146e-12 5.284407880636721393e-12 -4.029721029884588057e-12 2.248991041994175146e-12 -9.927901401508847852e-13 3.065906753004100216e-12 1.172598146446758047e-12 -2.316424718491380080e-13 7.282336259249528059e-12 -3.296654588351812476e-13 -5.962346541220672890e-12 -1.920487472076645351e-12
-2.219360464621749180e-11 6.939602706361697436e-12 5.626353888260620013e-11 -7.329599520502828549e-12 2.401406506723775133e-11 9.139422280827027323e-12 8.415794210151750601e-12 1.234013935647100404e-11 2.236119982030965124e-11 2.459269609838659853e-11 1.074206142251975514e-10 2.447783990938672218e-11 9.194674400393931593e-12 4.286019161662724662e-12 4.189037390482478253e-12 5.866164010183487976e-12 5.458628656349915550e-12 6.512542870053304517e-12 -3.367502171912793789e-14 -7.050504312016579537e-13 3.003558734234713676e-12 -1.630701546612240397e-12 -9.556620090458532404e-13 2.322059309053805231e-13 -1.351361590931418737e-12 -1.492028241627492364e-12
3.050124234848918646e-11 -1.236008722264792254e-11 -9.838682127387895392e-12 7.209598543079627935e-12 -5.316725916006268133e-12 1.012492140068899181e-11 1.530072532155313768e-11 -8.261130073139332743e-12 -8.308890401448505515e-12 1.374041060745321918e-11 2.447783990938672218e-11 7.892504352195655688e-11 2.686914544935771634e-11 7.882550508305101818e-12 2.126633801088392344e-12 5.850502905521567731e-12 6.296488053446975155e-12 6.119557114590139780e-12 3.897187217540925626e-14 2.318384090871270511e-13 -2.115237532824391046e-13 -5.330048729031947264e-12 -3.410376169624147209e-12 -1.385756963652368826e-12 -2.551113911718218455e-12 -1.654517011243821423e-12
5.323425712331350248e-11 2.806236486915774973e-12 -4.811781222100870228e-11 -5.187435168914810103e-14 1.538648773251968135e-11 1.596589179446152635e-12 -2.487632017188170445e-12 -1.636044450180093242e-12 6.716978645140612330e-12 1.206965360801207346e-11 9.194674400393931593e-12 2.686914544935771634e-11 5.708837014859247253e-11 2.059639375577615960e-11 1.102938202172055276e-11 6.283741265021895128e-12 1.266462718276082854e-12 2.555078657740478778e-12 3.402127927065762591e-12 3.675184980467580208e-14 -1.869228648321040382e-12 -4.257629355643879909e-12 3.235615068270270465e-12 -1.259233105001087383e-12 -1.643981594732148477e-12 -1.058469345802774764e-12
3.114293764975074362e-11 1.408794748791403755e-11 -1.710279665722855191e-11 9.259310456478502701e-13 -4.802264991552704999e-12 -1.125798197289737553e-11 -7.047445474235382634e-12 -7.509981406411781542e-13 -6.480435427940899289e-12 -2.596202717443929411e-12 4.286019161662724662e-12 7.882550508305101818e-12 2.059639375577615960e-11 4.761765460866927549e-11 1.931900562843457789e-11 1.123815700754330773e-11 3.357710184682441024e-12 1.055217407817334129e-12 2.016060250837254543e-12 -1.808117189940722379e-12 -3.561078840844332559e-12 -1.487189377978405250e-12 1.852457498929386086e-12 3.008871270122601624e-12 -1.039056311000183426e-13 7.147360780112719551e-13
5.677334249927572777e-11 8.359365382992634596e-12 -2.702565402647350630e-11 -9.444826033531994800e-12 -8.778049543504739819e-12 -1.795203156025326062e-11 -2.372522130173519480e-11 -1.259998028810377961e-11 -2.080862203065684971e-12 8.236178298188154146e-12 4.189037390482478253e-12 2.126633801088392344e-12 1.102938202172055276e-11 1.931900562843457789e-11 3.791946515563035328e-11 1.694966951977829247e-11 4.217894011045438242e-12 2.379432596188049599e-12 -1.197445210014016635e-13 -2.994621969476694872e-12 -5.334985385046879806e-12 -1.569606764738355546e-12 1.930365564893082228e-12 2.849828850495783632e-12 -2.553052070127620130e-12 1.385948631202681658e-12
5.813457472109313615e-11 -1.614721916359172397e-11 -1.475687248478733765e-11 -3.223804722678689385e-11 -4.805054250374263117e-13 -2.552739744936533901e-11 -1.225914850916661144e-11 -2.422243319685184474e-11 6.177320166409968321e-12 5.284407880636721393e-12 5.866164010183487976e-12 5.850502905521567731e-12 6.283741265021895128e-12 1.123815700754330773e-11 1.694966951977829247e-11 3.817539373355751332e-11 1.998055911299725442e-11 7.801755695364052132e-12 2.323234283781910023e-12 -1.313085271546054150e-12 -3.530381315791591671e-12 -2.129454742687765284e-12 -4.905535226820733971e-13 1.021864655234080957e-12 -3.204013321782484408e-12 4.871852070359378300e-13
1.121462450833385750e-11 -2.092679753876656442e-11 -1.330410665717763604e-11 2.750820792492156566e-11 -7.477673629169575187e-12 -3.479066698554712866e-12 -5.760887561125975766e-12 -1.627957263205436001e-11 1.499354076822971772e-12 -4.029721029884588057e-12 5.458628656349915550e-12 6.296488053446975155e-12 1.266462718276082854e-12 3.357710184682441024e-12 4.217894011045438242e-12 1.998055911299725442e-11 3.482960003168001513e-11 1.418107534499507599e-11 5.082529528715977920e-12 2.507705374434143212e-12 4.438021402891896735e-13 -2.564685655923768698e-12 -1.658197094701587164e-12 -2.341220638498153714e-13 -2.797811000792424428e-12 9.685692055193346920e-13
5.869032020689977561e-11 2.684595165055073797e-13 -6.261909399243937512e-12 7.505077387310619939e-12 6.348341138010077450e-12 -6.103915337563191106e-12 -6.147114674591424799e-12 -5.463723055224394606e-12 -8.380842434322452375e-13 2.248991041994175146e-12 6.512542870053304517e-12 6.119557114590139780e-12 2.555078657740478778e-12 1.055217407817334129e-12 2.379432596188049599e-12 7.801755695364052132e-12 1.418107534499507599e-11 2.147178898289751412e-11 8.284307556928752049e-12 1.974726034476172348e-12 -1.001606940159176713e-12 -1.986821138430721229e-12 -2.385653945557042380e-13 1.171979372244370839e-12 -1.743493580243853049e-12 -7.642284248358280397e-13
5.576027889302082448e-11 2.007235664273222634e-11 -5.337489329345091025e-12 6.202460393598040937e-12 6.071838215469247894e-12 8.577493071340236915e-12 4.237818427297123889e-12 -4.291284964161888553e-12 4.411613162501945397e-12 -9.927901401508847852e-13 -3.367502171912793789e-14 3.897187217540925626e-14 3.402127927065762591e-12 2.016060250837254543e-12 -1.197445210014016635e-13 2.323234283781910023e-12 5.082529528715977920e-12 8.284307556928752049e-12 1.793087689732555570e-11 8.335836994913527106e-12 2.876389877714564789e-12 3.022698167861916183e-13 2.164162595227438906e-13 -2.300612882747480925e-12 -1.451021306196368725e-12 -2.187906571415522379e-14
1.305509970083362176e-11 2.023638400533123331e-11 2.774933600583276626e-14 -1.173655328124685666e-12 -4.578929042601849290e-12 1.565136856353852865e-11 -1.817079319533850140e-12 -9.624767989081625516e-12 1.069482928231825344e-11 3.065906753004100216e-12 -7.050504312016579537e-13 2.318384090871270511e-13 3.675184980467580208e-14 -1.808117189940722379e-12 -2.994621969476694872e-12 -1.313085271546054150e-12 2.507705374434143212e-12 1.974726034476172348e-12 8.335836994913527106e-12 2.334788357165904912e-11 1.098158123013949897e-11 2.184703170712031803e-12 -6.813588568171378106e-13 -2.833740269353111555e-12 -1.395858151126534382e-12 -6.017806868972671318e-13
-4.230908723579983752e-11 1.674511439661322615e-11 -2.987882966519448393e-12 1.549157552153914130e-11 -1.186274913918602272e-11 6.049354881011840704e-12 1.254840431620501849e-11 8.879499386351551736e-12 8.637251089836876105e-12 1.172598146446758047e-12 3.003558734234713676e-12 -2.115237532824391046e-13 -1.869228648321040382e-12 -3.561078840844332559e-12 -5.334985385046879806e-12 -3.530381315791591671e-12 4.438021402891896735e-13 -1.001606940159176713e-12 2.876389877714564789e-12 1.098158123013949897e-11 2.214108137953292592e-11 1.162074182723627497e-11 2.597857256047816369e-12 -2.132358835554326755e-12 -8.751289563379806408e-14 -1.193170504332829139e-12
-2.790763458569483394e-11 2.215396142694072067e-12 -1.882602101313002685e-12 -3.630764547978938029e-13 -1.410137819467434869e-11 -1.554710191229066126e-11 8.993724858226761884e-13 6.677551114457294508e-12 -2.813927603760433882e-13 -2.316424718491380080e-13 -1.630701546612240397e-12 -5.330048729031947264e-12 -4.257629355643879909e-12 -1.487189377978405250e-12 -1.569606764738355546e-12 -2.129454742687765284e-12 -2.564685655923768698e-12 -1.986821138430721229e-12 3.022698167861916183e-13 2.184703170712031803e-12 1.162074182723627497e-11 2.196120996596324474e-11 8.033309447848535046e-12 4.795374898222134283e-15 7.898987314734072979e-13 -1.480776792002331998e-12
-1.517035539601156709e-11 1.697563743094816559e-11 1.200432556260888680e-11 -3.131707780846545002e-12 -1.056919012300882662e-12 -7.303361842514749286e-12 7.186201784018617366e-12 -1.598560003840871211e-12 -1.502885161991281606e-12 7.282336259249528059e-12 -9.556620090458532404e-13 -3.410376169624147209e-12 3.235615068270270465e-12 1.852457498929386086e-12 1.930365564893082228e-12 -4.905535226820733971e-13 -1.658197094701587164e-12 -2.385653945557042380e-13 2.164162595227438906e-13 -6.813588568171378106e-13 2.597857256047816369e-12 8.033309447848535046e-12 1.717405135983620649e-11 7.140995768494631156e-12 -7.510961379302272109e-13 -1.654101992614925769e-12
-1.956912938503149624e-11 1.222999966239480629e-11 2.275685453779004122e-11 3.314941197824592835e-12 -4.598847718846916279e-12 -6.105746506515157947e-12 8.356410254083696654e-12 4.643925179099440499e-12 -4.270231471953126777e-12 -3.296654588351812476e-13 2.322059309053805231e-13 -1.385756963652368826e-12 -1.259233105001087383e-12 3.008871270122601624e-12 2.849828850495783632e-12 1.021864655234080957e-12 -2.341220638498153714e-13 1.171979372244370839e-12 -2.300612882747480925e-12 -2.833740269353111555e-12 -2.132358835554326755e-12 4.795374898222134283e-15 7.140995768494631156e-12 1.398364429051753915e-11 1.572735689862520479e-12 -1.008473613396742048e-12
-8.814736021427579184e-12 -6.838643069044096215e-12 1.188970835777137487e-11 1.838349798109629791e-11 3.498031836467190325e-12 -6.184892722944089713e-12 -1.158753565925742175e-12 2.059301826898808609e-12 1.113257559748121009e-12 -5.962346541220672890e-12 -1.351361590931418737e-12 -2.551113911718218455e-12 -1.643981594732148477e-12 -1.039056311000183426e-13 -2.553052070127620130e-12 -3.204013321782484408e-12 -2.797811000792424428e-12 -1.743493580243853049e-12 -1.451021306196368725e-12 -1.395858151126534382e-12 -8.751289563379806408e-14 7.898987314734072979e-13 -7.510961379302272109e-13 1.572735689862520479e-12 1.011463889851100419e-11 3.271834507699111159e-12
-2.303354146432590796e-12 -8.411583994205186094e-12 5.202871525352873811e-12 -3.054920567059506772e-12 4.759414710757268690e-12 1.707842382892325184e-13 2.152213298776725952e-12 4.163760874339470958e-12 1.267829722350512734e-12 -1.920487472076645351e-12 -1.492028241627492364e-12 -1.654517011243821423e-12 -1.058469345802774764e-12 7.147360780112719551e-13 1.385948631202681658e-12 4.871852070359378300e-13 9.685692055193346920e-13 -7.642284248358280397e-13 -2.187906571415522379e-14 -6.017806868972671318e-13 -1.193170504332829139e-12 -1.480776792002331998e-12 -1.654101992614925769e-12 -1.008473613396742048e-12 3.271834507699111159e-12 9.252025765604725177e-12
