4.041176636463126890e-09 4.065628996336519785e-10 1.951257993086601069e-10 1.038934354928315093e-10 1.454087786558095184e-10 1.663420334045647786e-10 4.785331613813961105e-11 1.222912559815083514e-10 1.941466194187886546e-11 -3.619517280513623216e-12 4.873160784896090460e-11 3.585805299028277328e-11 -1.232540935081155033e-11 -4.644456148688352447e-12 -1.138845533142013148e-11 4.198399521701651973e-11 5.434807134473432155e-11 5.653766276218383648e-11 1.866747625913498908e-11 1.805447130733872484e-11 -3.979652018795684831e-12 3.696911164603794575e-11 3.156993710044801505e-11 2.512974067542471635e-11 5.725624393759466032e-12 -3.448340712435006478e-13
4.065628996336519785e-10 2.358514387755101579e-09 2.330943030986551197e-10 2.160971919834381283e-10 -2.507318675871371753e-11 7.387817462821874381e-11 6.355258866402406811e-11 6.859687224024972807e-11 -4.271793212280495581e-14 3.560205599799699788e-11 9.953722519594469576e-12 -2.402127615784643799e-11 5.813329856279324307e-11 3.613183451162856130e-11 1.877776742967116162e-11 -4.626504990524801609e-11 -4.875355391837350321e-11 -9.031052790971957303e-12 -8.004747100592040122e-12 -1.397712024825799465e-11 3.829004938638208565e-12 8.734746473940641038e-12 -2.096952919311270858e-12 -2.158298140322520729e-12 9.095638361455458364e-12 1.341071546399191176e-11
1.951257993086601069e-10 2.330943030986551197e-10 1.770257824649978705e-09 2.916544932574157096e-10 8.913560849485516604e-11 3.179981195417805605e-11 -5.978243027898720676e-12 -6.056217773833808527e-11 4.764765871343834454e-11 2.631848685632323020e-11 2.938147352913796094e-11 5.805246638729365727e-11 4.994334141692631326e-11 1.953751524818336256e-11 1.280305513030283578e-11 -5.881624887515471396e-12 -5.310801299845522700e-12 2.819760252861246313e-14 2.781410485954031503e-11 1.603342674231769982e-11 2.041984653627473356e-11 1.464413184272450988e-11 1.079565305721983160e-11 6.502291114937210116e-12 6.933597930166759003e-12 -7.820823913350434190e-12
1.038934354928315093e-10 2.160971919834381283e-10 2.916544932574157096e-10 1.177405127580128602e-09 -1.408729106023264428e-11 4.041179626619438752e-11 3.993329881585643439e-11 4.222861545999232852e-12 4.169161796586344244e-11 9.247006411889893456e-12 3.208919768831884752e-11 5.081395243491085782e-11 4.088905928400723536e-11 2.945479569188850374e-11 2.040574397474713812e-11 6.654214281771985322e-13 1.040169990005683468e-11 5.026797582131468747e-12 1.409041263061733491e-11 -2.823048944831593347e-12 3.077013151777858153e-12 -4.320030585091521936e-12 7.124015595417275675e-12 8.310419141626699014e-12 -5.024037118212838503e-12 1.889642920600407758e-12
1.454087786558095184e-10 -2.507318675871371753e-11 8.913560849485516604e-11 -1.408729106023264428e-11 7.602787705414680714e-10 9.000942381058300505e-11 5.868003496405816105e-11 4.081884401526650926e-11 3.596802239947615094e-11 2.661787968764848891e-11 1.029147343448012063e-11 -4.982463641181941896e-12 -4.779911417003834033e-12 -1.785765210168602870e-11 6.255213588368146259e-13 4.239777722265141202e-12 6.800185418591630362e-12 1.302454916368926700e-11 1.412718691755870214e-11 6.005719853994472843e-12 3.409610588815967599e-13 1.883621296806409488e-12 3.572865317937096559e-12 -1.252420213187018079e-12 8.786574380385986318e-13 3.924551395918290873e-12
1.663420334045647786e-10 7.387817462821874381e-11 3.179981195417805605e-11 4.041179626619438752e-11 9.000942381058300505e-11 4.829375904285188547e-10 1.082181775279964450e-10 1.183036109042553417e-11 1.071225492971735745e-11 2.604007854236195298e-11 3.029513870548419752e-11 4.070918894873853455e-12 2.665865523486843585e-11 3.157619389711685471e-11 1.701855549953022559e-11 1.201642756762855830e-11 -2.332934971020170208e-12 -9.359842878485943750e-12 1.591836969802835199e-12 -3.999823831282992516e-12 -1.186648143839066689e-11 -2.571750132329534210e-12 -6.461883607809324503e-12 2.582587325722751358e-12 3.282431710880631946e-12 -7.211082056755398450e-13
4.785331613813961105e-11 6.355258866402406811e-11 -5.978243027898720676e-12 3.993329881585643439e-11 5.868003496405816105e-11 1.082181775279964450e-10 3.545127758322239374e-10 2.265773352048857172e-11 4.538755777393442421e-11 2.279400116029017919e-11 3.222639170863056597e-11 8.366346618776807898e-12 1.243569181256820053e-11 1.491773116483157370e-11 1.015056620742429402e-11 7.868723477869575176e-12 -2.965919937840715929e-12 9.766803159260117468e-12 1.105890032292411215e-11 8.910527710129867730e-12 -4.875040674193651759e-12 -4.871915968976815105e-12 -8.609331876981332940e-12 4.871054972174334845e-12 5.808460960238455309e-12 -2.196516843069902287e-14
1.222912559815083514e-10 6.859687224024972807e-11 -6.056217773833808527e-11 4.222861545999232852e-12 4.081884401526650926e-11 1.183036109042553417e-11 2.265773352048857172e-11 2.761723035149887224e-10 1.311931215623919333e-11 -1.323208503587076073e-11 -9.029027677664639781e-12 -5.084504211718556257e-12 8.111967814958737590e-12 -6.443968138843329391e-12 -6.517747415676260755e-12 -9.853353420931064410e-12 -3.432980067378553950e-12 8.975735865549960640e-13 -1.155314224902306362e-11 1.154090262076283126e-13 -1.775998002223070880e-12 -1.175110629305774765e-12 6.029774642507352697e-12 -1.302507590687704161e-12 -8.047265373550740445e-12 -9.914608278761905660e-13
1.941466194187886546e-11 -4.271793212280495581e-14 4.764765871343834454e-11 4.169161796586344244e-11 3.596802239947615094e-11 1.071225492971735745e-11 4.538755777393442421e-11 1.311931215623919333e-11 1.598266911460989808e-10 1.720643724218162574e-11 1.669213700950094995e-11 1.752428707831223006e-11 5.175766340201933140e-12 1.647568610285082973e-12 6.905757762670440576e-12 1.155486629061059805e-11 -1.326318293315697030e-12 4.503069698208021796e-12 9.222767263698480426e-12 5.114923647592111433e-12 6.442241742290439223e-12 -1.001565393109336760e-13 -9.616986162895694858e-13 2.836536580290400003e-12 4.773855749220081356e-12 2.114989951470552271e-12
-3.619517280513623216e-12 3.560205599799699788e-11 2.631848685632323020e-11 9.247006411889893456e-12 2.661787968764848891e-11 2.604007854236195298e-11 2.279400116029017919e-11 -1.323208503587076073e-11 1.720643724218162574e-11 9.568494875452204921e-11 2.805111044401796781e-11 9.540606411093892343e-12 1.081501255362906373e-11 7.334113899807638873e-12 8.158021847040831905e-12 4.512709943451166293e-12 -3.964028033370004434e-12 -2.065777874372632875e-12 3.312706154310875720e-12 -4.020549504175858131e-12 -7.152642316551837427e-12 -1.756018563684406721e-12 -6.125355676913528049e-12 -3.451822040274022979e-12 4.269131135589778095e-12 5.556738862727000654e-13
4.873160784896090460e-11 9.953722519594469576e-12 2.938147352913796094e-11 3.208919768831884752e-11 1.029147343448012063e-11 3.029513870548419752e-11 3.222639170863056597e-11 -9.029027677664639781e-12 1.669213700950094995e-11 2.805111044401796781e-11 1.034176758723370730e-10 4.395671392400744613e-11 2.105313999126795601e-11 1.367133966948152270e-11 4.179578419406100784e-12 6.190481417377610735e-12 4.861120889954841330e-12 5.117114974210012866e-12 5.429464654087119226e-12 6.049488539134034179e-12 -5.026638946004106420e-12 -7.795214575331583989e-12 -8.716299939356191974e-12 -6.840889553269169331e-12 8.489557474124435565e-13 -3.081722950137299265e-13
3.585805299028277328e-11 -2.402127615784643799e-11 5.805246638729365727e-11 5.081395243491085782e-11 -4.982463641181941896e-12 4.070918894873853455e-12 8.366346618776807898e-12 -5.084504211718556257e-12 1.752428707831223006e-11 9.540606411093892343e-12 4.395671392400744613e-11 8.887544613617289161e-11 3.657484812005028928e-11 2.422661582821232727e-11 9.982751288311418525e-12 4.048078841315666620e-12 3.466136506969844854e-12 3.711102624100326488e-12 4.243156449344082364e-12 5.502583391657536685e-12 -3.938258471486177300e-13 -2.607566021550420256e-12 -3.948952150417541305e-12 -2.241025359272839601e-12 5.755393214363802117e-13 -1.518952572177491100e-12
-1.232540935081155033e-11 5.813329856279324307e-11 4.994334141692631326e-11 4.088905928400723536e-11 -4.779911417003834033e-12 2.665865523486843585e-11 1.243569181256820053e-11 8.111967814958737590e-12 5.175766340201933140e-12 1.081501255362906373e-11 2.105313999126795601e-11 3.657484812005028928e-11 6.782851079483196273e-11 3.390923166628480472e-11 1.463288472684866713e-11 9.146273294776597829e-12 -9.033691588428985381e-13 5.523309067996493278e-12 1.725172223984927695e-12 -6.710760159838763540e-13 -4.641224345532386581e-12 -3.100467843391944070e-12 -5.173566319630300140e-12 3.343333245851311595e-13 -1.301973001699167585e-12 -1.752282205553176613e-12
-4.644456148688352447e-12 3.613183451162856130e-11 1.953751524818336256e-11 2.945479569188850374e-11 -1.785765210168602870e-11 3.157619389711685471e-11 1.491773116483157370e-11 -6.443968138843329391e-12 1.647568610285082973e-12 7.334113899807638873e-12 1.367133966948152270e-11 2.422661582821232727e-11 3.390923166628480472e-11 5.499342113025440512e-11 2.205392225962220906e-11 1.529711187988211278e-11 5.841334189427084556e-12 9.417743458551305313e-12 3.966444005962920567e-12 -9.335258681536199437e-13 -5.156274559569980876e-12 -1.941554893328953900e-12 -4.508098692734621661e-12 -3.589976601405019860e-13 -5.508095280155741583e-14 9.182058423647850963e-13
-1.138845533142013148e-11 1.877776742967116162e-11 1.280305513030283578e-11 2.040574397474713812e-11 6.255213588368146259e-13 1.701855549953022559e-11 1.015056620742429402e-11 -6.517747415676260755e-12 6.905757762670440576e-12 8.158021847040831905e-12 4.179578419406100784e-12 9.982751288311418525e-12 1.463288472684866713e-11 2.205392225962220906e-11 4.248551459346581823e-11 1.974577742150869442e-11 1.054027436259942926e-11 9.458565153554862988e-12 4.000790137710223468e-12 -1.042028077733645378e-12 -2.769320568063068388e-12 -9.640126511794601585e-13 -2.270904419418905401e-13 6.189915564066510248e-13 3.805367165663312059e-14 -1.343448916576636737e-12
4.198399521701651973e-11 -4.626504990524801609e-11 -5.881624887515471396e-12 6.654214281771985322e-13 4.239777722265141202e-12 1.201642756762855830e-11 7.868723477869575176e-12 -9.853353420931064410e-12 1.155486629061059805e-11 4.512709943451166293e-12 6.190481417377610735e-12 4.048078841315666620e-12 9.146273294776597829e-12 1.529711187988211278e-11 1.974577742150869442e-11 3.636480025038657249e-11 1.636882991197507816e-11 1.362924678291845265e-11 7.538011065187474989e-12 6.793156737728598552e-12 -1.992967867873400365e-13 -1.639724455212533912e-12 -7.800393933877147126e-13 -1.864568199848948835e-12 -3.025589288511800851e-12 -1.466484149995586418e-12
5.434807134473432155e-11 -4.875355391837350321e-11 -5.310801299845522700e-12 1.040169990005683468e-11 6.800185418591630362e-12 -2.332934971020170208e-12 -2.965919937840715929e-12 -3.432980067378553950e-12 -1.326318293315697030e-12 -3.964028033370004434e-12 4.861120889954841330e-12 3.466136506969844854e-12 -9.033691588428985381e-13 5.841334189427084556e-12 1.054027436259942926e-11 1.636882991197507816e-11 2.969866355729749462e-11 1.821827404350151724e-11 6.404366184036814418e-12 5.154303454682158045e-12 1.876554840040345253e-12 2.461423075333738685e-12 1.343987282359618825e-12 -8.059284236238654770e-13 -1.811270920276107175e-12 -1.338280266581500164e-12
5.653766276218383648e-11 -9.031052790971957303e-12 2.819760252861246313e-14 5.026797582131468747e-12 1.302454916368926700e-11 -9.359842878485943750e-12 9.766803159260117468e-12 8.975735865549960640e-13 4.503069698208021796e-12 -2.065777874372632875e-12 5.117114974210012866e-12 3.711102624100326488e-12 5.523309067996493278e-12 9.417743458551305313e-12 9.458565153554862988e-12 1.362924678291845265e-11 1.821827404350151724e-11 3.291464474334738085e-11 1.750716017202145428e-11 1.064981988005402859e-11 1.254452652860362776e-12 -1.782911825516396443e-13 4.336762487635781100e-14 3.594935297084364279e-13 -5.688101781510061854e-13 -2.254256448450227544e-12
1.866747625913498908e-11 -8.004747100592040122e-12 2.781410485954031503e-11 1.409041263061733491e-11 1.412718691755870214e-11 1.591836969802835199e-12 1.105890032292411215e-11 -1.155314224902306362e-11 9.222767263698480426e-12 3.312706154310875720e-12 5.429464654087119226e-12 4.243156449344082364e-12 1.725172223984927695e-12 3.966444005962920567e-12 4.000790137710223468e-12 7.538011065187474989e-12 6.404366184036814418e-12 1.750716017202145428e-11 2.975489942981705483e-11 1.368899528347636130e-11 2.351782365620047775e-12 -9.522446267587426526e-14 -5.577947220076800819e-13 1.972495591517304178e-13 1.128418127195981611e-14 -2.737373399574679341e-12
1.805447130733872484e-11 -1.397712024825799465e-11 1.603342674231769982e-11 -2.823048944831593347e-12 6.005719853994472843e-12 -3.999823831282992516e-12 8.910527710129867730e-12 1.154090262076283126e-13 5.114923647592111433e-12 -4.020549504175858131e-12 6.049488539134034179e-12 5.502583391657536685e-12 -6.710760159838763540e-13 -9.335258681536199437e-13 -1.042028077733645378e-12 6.793156737728598552e-12 5.154303454682158045e-12 1.064981988005402859e-11 1.368899528347636130e-11 2.559190251113686438e-11 9.839545495552557858e-12 1.283882044431184796e-12 8.760538801096129890e-13 -4.206307207996348697e-13 -8.931712373841775510e-14 -1.164107529825048880e-12
-3.979652018795684831e-12 3.829004938638208565e-12 2.041984653627473356e-11 3.077013151777858153e-12 3.409610588815967599e-13 -1.186648143839066689e-11 -4.875040674193651759e-12 -1.775998002223070880e-12 6.442241742290439223e-12 -7.152642316551837427e-12 -5.026638946004106420e-12 -3.938258471486177300e-13 -4.641224345532386581e-12 -5.156274559569980876e-12 -2.769320568063068388e-12 -1.992967867873400365e-13 1.876554840040345253e-12 1.254452652860362776e-12 2.351782365620047775e-12 9.839545495552557858e-12 2.055296377896624567e-11 8.346767692795225231e-12 4.650322528538114178e-12 6.935007781272536111e-13 1.358930110709748925e-12 1.563820962340963062e-12
3.696911164603794575e-11 8.734746473940641038e-12 1.464413184272450988e-11 -4.320030585091521936e-12 1.883621296806409488e-12 -2.571750132329534210e-12 -4.871915968976815105e-12 -1.175110629305774765e-12 -1.001565393109336760e-13 -1.756018563684406721e-12 -7.795214575331583989e-12 -2.607566021550420256e-12 -3.100467843391944070e-12 -1.941554893328953900e-12 -9.640126511794601585e-13 -1.639724455212533912e-12 2.461423075333738685e-12 -1.782911825516396443e-13 -9.522446267587426526e-14 1.283882044431184796e-12 8.346767692795225231e-12 2.037972652242251940e-11 1.093095782824760243e-11 2.907321217167516925e-12 -3.306711138155220450e-13 9.823817920403753460e-14
3.156993710044801505e-11 -2.096952919311270858e-12 1.079565305721983160e-11 7.124015595417275675e-12 3.572865317937096559e-12 -6.461883607809324503e-12 -8.609331876981332940e-12 6.029774642507352697e-12 -9.616986162895694858e-13 -6.125355676913528049e-12 -8.716299939356191974e-12 -3.948952150417541305e-12 -5.173566319630300140e-12 -4.508098692734621661e-12 -2.270904419418905401e-13 -7.800393933877147126e-13 1.343987282359618825e-12 4.336762487635781100e-14 -5.577947220076800819e-13 8.760538801096129890e-13 4.650322528538114178e-12 1.093095782824760243e-11 1.594702029631344605e-11 4.402600051738401513e-12 -5.127820445513268064e-13 2.857805643968019775e-13
2.512974067542471635e-11 -2.158298140322520729e-12 6.502291114937210116e-12 8.310419141626699014e-12 -1.252420213187018079e-12 2.582587325722751358e-12 4.871054972174334845e-12 -1.302507590687704161e-12 2.836536580290400003e-12 -3.451822040274022979e-12 -6.840889553269169331e-12 -2.241025359272839601e-12 3.343333245851311595e-13 -3.589976601405019860e-13 6.189915564066510248e-13 -1.864568199848948835e-12 -8.059284236238654770e-13 3.594935297084364279e-13 1.972495591517304178e-13 -4.206307207996348697e-13 6.935007781272536111e-13 2.907321217167516925e-12 4.402600051738401513e-12 1.135156697169186617e-11 3.610755946458442706e-12 -3.634529993599519327e-13
5.725624393759466032e-12 9.095638361455458364e-12 6.933597930166759003e-12 -5.024037118212838503e-12 8.786574380385986318e-13 3.282431710880631946e-12 5.808460960238455309e-12 -8.047265373550740445e-12 4.773855749220081356e-12 4.269131135589778095e-12 8.489557474124435565e-13 5.755393214363802117e-13 -1.301973001699167585e-12 -5.508095280155741583e-14 3.805367165663312059e-14 -3.025589288511800851e-12 -1.811270920276107175e-12 -5.688101781510061854e-13 1.128418127195981611e-14 -8.931712373841775510e-14 1.358930110709748925e-12 -3.306711138155220450e-13 -5.127820445513268064e-13 3.610755946458442706e-12 9.812083930126897520e-12 1.907965146604289517e-12
-3.448340712435006478e-13 1.341071546399191176e-11 -7.820823913350434190e-12 1.889642920600407758e-12 3.924551395918290873e-12 -7.211082056755398450e-13 -2.196516843069902287e-14 -9.914608278761905660e-13 2.114989951470552271e-12 5.556738862727000654e-13 -3.081722950137299265e-13 -1.518952572177491100e-12 -1.752282205553176613e-12 9.182058423647850963e-13 -1.343448916576636737e-12 -1.466484149995586418e-12 -1.338280266581500164e-12 -2.254256448450227544e-12 -2.737373399574679341e-12 -1.164107529825048880e-12 1.563820962340963062e-12 9.823817920403753460e-14 2.857805643968019775e-13 -3.634529993599519327e-13 1.907965146604289517e-12 8.045473166386875912e-12
