3.046104309521239882e-09 -3.696225044562661795e-11 -7.478899676587343302e-11 1.359868815382103804e-10 -1.772605011277189763e-10 6.345544028678986205e-11 -2.121191077888980297e-11 -4.714383733205443947e-12 -1.292568263737778267e-11 3.004075586209455241e-11 1.212103013909387665e-11 5.357720964835834927e-12 2.047695653187799067e-11 7.757895588895805659e-12 -1.900934944921529162e-11 1.018840942850664750e-11 -9.075929046300286014e-12 -5.869811446295300209e-13 3.283539566243624079e-12 -2.032406053150428800e-12 1.555618792183555089e-11 -8.373927426422035526e-12 -6.041495389716410477e-12 -1.123154988410468175e-11 -2.064571555733256966e-11 2.799264702130183106e-14
-3.696225044562661795e-11 1.604252831958075176e-09 1.006751237524485445e-10 5.859658861126500929e-11 6.367244687071793435e-11 -7.607266484063013168e-11 6.346494516184305475e-11 5.374893767247069257e-13 2.854147712131021025e-11 2.490316899892941970e-12 -8.216863985494648903e-12 1.626253466780394312e-11 1.232767129969457129e-12 7.982563758273565106e-12 -2.307350262807199621e-11 -1.415715828601435863e-11 -1.294584266407493252e-11 -5.912652808377795361e-12 -1.252283665170393882e-11 -3.139261429253624141e-12 8.574098869679069575e-12 9.194784396050027025e-12 9.386749310380076415e-12 7.937678636185668350e-13 8.718002464900410302e-12 1.056707959506941953e-12
-7.478899676587343302e-11 1.006751237524485445e-10 1.492606019250360881e-09 1.085509802442887813e-10 5.391181949342842294e-11 5.977923132021301117e-12 3.933639066109083012e-11 6.648312784173585220e-11 8.375103890067706704e-12 1.162287877456051784e-11 2.420510422910942353e-11 2.816056809329340170e-12 -2.336152792904228275e-11 1.174844124626651857e-11 1.111808739909705365e-11 4.716514107642911376e-12 1.199839891653589703e-12 -9.829586152018217824e-13 2.082098529945420522e-11 1.414794194600020723e-11 6.900413548839813464e-12 4.867836110175314067e-12 2.135497567752841959e-11 1.382390114221897890e-11 -1.767011559421396408e-14 4.977572132047317274e-12
1.359868815382103804e-10 5.859658861126500929e-11 1.085509802442887813e-10 8.848247074108720978e-10 -2.524039890219237349e-11 5.294756273424985327e-11 2.714245365022818776e-11 1.081894776287519828e-11 4.343226863510168544e-12 7.777008878105036450e-12 -2.560300564946738524e-11 -9.513313215076991350e-12 2.107890088001073004e-11 -6.141269261681199561e-13 3.745143424850991462e-12 -3.549593380409549113e-12 -2.019080316457276736e-11 -1.991135539466945695e-11 5.752716601183491897e-13 1.586153765620220199e-12 2.634100053799508219e-12 -6.743015933135471725e-12 3.983974198901973917e-12 1.074434174744755372e-11 1.150914103885821740e-11 5.313539073980369705e-12
-1.772605011277189763e-10 6.367244687071793435e-11 5.391181949342842294e-11 -2.524039890219237349e-11 4.983941835949799656e-10 5.468807134116527203e-11 2.785478440512982711e-11 3.500524528899937897e-11 4.751262963325452687e-11 5.575486013053628415e-12 1.568723162353841075e-11 3.443811586252214678e-11 2.610623608325504299e-11 5.848466565104563198e-12 1.529449367933048427e-11 1.197936129227203756e-11 1.484320954376952385e-14 -7.994687554932269113e-12 -2.544522294018905247e-12 -5.080095048982195557e-12 -1.917398702865492527e-12 -2.768989279862227704e-12 -1.422451436097730230e-12 6.843792810488106788e-12 5.208331424448875263e-13 4.068826253583956699e-12
6.345544028678986205e-11 -7.607266484063013168e-11 5.977923132021301117e-12 5.294756273424985327e-11 5.468807134116527203e-11 4.677884726880128425e-10 6.036980229185252908e-11 7.696181708525937376e-12 1.738112203553906266e-11 7.309821880592199686e-12 -4.755018343249679444e-12 4.515142199443855679e-12 1.002209325785382427e-11 8.701749031176545110e-12 -1.239983151874944944e-12 -5.241790420879924709e-12 -1.296984417158860818e-11 -8.367198580198797956e-12 8.318249649606161279e-12 3.785422602843977532e-12 4.637889604574001334e-12 -1.693996359768842601e-13 3.390774936919717576e-12 3.493754167130992986e-12 1.437080653394654867e-12 5.354441802060962281e-13
-2.121191077888980297e-11 6.346494516184305475e-11 3.933639066109083012e-11 2.714245365022818776e-11 2.785478440512982711e-11 6.036980229185252908e-11 2.581280498483290063e-10 5.980565492621928012e-11 1.042510676197179908e-12 -6.804635706711310629e-13 -4.947998673216586041e-12 -6.670748746078033501e-12 4.986381377684877807e-13 -1.080223562663490604e-11 -7.446084086560407694e-12 -1.563404504704309344e-11 -1.536798660247666790e-11 -1.070673823442970819e-11 -4.750151807334557317e-12 2.957476691550464496e-12 2.233803417688438274e-12 1.748878165319128327e-12 2.507203399105473641e-12 2.605607827225088179e-12 1.015981479402023506e-12 5.433230833112472818e-12
-4.714383733205443947e-12 5.374893767247069257e-13 6.648312784173585220e-11 1.081894776287519828e-11 3.500524528899937897e-11 7.696181708525937376e-12 5.980565492621928012e-11 1.732940849730598159e-10 3.853346529145191101e-11 1.801222309278680890e-11 6.029878322694980436e-12 1.036276031657462903e-11 4.103684288824844649e-12 6.950136881461308827e-12 8.348320705126042007e-12 3.990899446082252469e-12 2.999833336317345042e-13 -2.250297526891154195e-12 3.776461520668879806e-12 5.124942133674801195e-12 2.924527616742594109e-12 3.696511691274510996e-13 2.303371190144651502e-12 3.110752845531529817e-12 -2.876753164444074008e-12 -1.197621056163212582e-12
-1.292568263737778267e-11 2.854147712131021025e-11 8.375103890067706704e-12 4.343226863510168544e-12 4.751262963325452687e-11 1.738112203553906266e-11 1.042510676197179908e-12 3.853346529145191101e-11 1.493674860569661773e-10 2.908693076794937699e-11 1.769747605560818396e-11 1.243220982655195188e-11 8.661977363482618982e-12 6.895900777086494203e-12 1.084171921914098877e-11 9.374544583429475690e-12 5.153389891304960188e-12 -1.098539284019132172e-12 9.837313621827239998e-12 7.027981359438408751e-12 6.561279054322465759e-12 1.393254630331401231e-13 -1.816346324683104532e-12 1.032436449749172991e-12 2.836773772359735204e-12 1.525409655212607735e-12
3.004075586209455241e-11 2.490316899892941970e-12 1.162287877456051784e-11 7.777008878105036450e-12 5.575486013053628415e-12 7.309821880592199686e-12 -6.804635706711310629e-13 1.801222309278680890e-11 2.908693076794937699e-11 8.323850508743313095e-11 1.213781779895878804e-11 1.449170244091394153e-11 3.014339347884227378e-12 6.094343351638241882e-13 -1.084001376810374044e-12 2.676038337207937717e-13 -4.159472932302940560e-13 3.121251902056357411e-12 5.617445665978355848e-12 1.672520919113785745e-12 3.897507530800485103e-12 2.063995727881810059e-12 -1.472594916200015531e-12 -9.982264292431451659e-13 -6.739724822146892146e-13 -1.633806574816921994e-12
1.212103013909387665e-11 -8.216863985494648903e-12 2.420510422910942353e-11 -2.560300564946738524e-11 1.568723162353841075e-11 -4.755018343249679444e-12 -4.947998673216586041e-12 6.029878322694980436e-12 1.769747605560818396e-11 1.213781779895878804e-11 6.961935186685128473e-11 1.982019604259273741e-11 7.656788922791165552e-12 4.410743025635807828e-12 5.391296476808400838e-12 2.207972410208057926e-12 2.503454945290515674e-12 -4.563468235359791267e-13 1.181836119152853035e-12 1.581082591220825046e-12 3.843646837716162910e-13 9.439226833323874220e-13 -1.114908500938538878e-12 -7.218453185801266902e-13 -1.012490725826336190e-13 -3.967194007331102818e-13
5.357720964835834927e-12 1.626253466780394312e-11 2.816056809329340170e-12 -9.513313215076991350e-12 3.443811586252214678e-11 4.515142199443855679e-12 -6.670748746078033501e-12 1.036276031657462903e-11 1.243220982655195188e-11 1.449170244091394153e-11 1.982019604259273741e-11 5.541526602463200574e-11 1.627108768725115977e-11 7.756602300524743512e-12 6.393908264941439302e-12 3.313427839723692023e-12 9.382521146862651912e-13 -7.113043693611362543e-14 3.726713682850254288e-12 2.565215735553000421e-12 1.234440883126072127e-12 6.245850715444227510e-13 7.786760461253570787e-13 1.764336492726019799e-12 1.262935281026876280e-12 1.558770674241857886e-12
2.047695653187799067e-11 1.232767129969457129e-12 -2.336152792904228275e-11 2.107890088001073004e-11 2.610623608325504299e-11 1.002209325785382427e-11 4.986381377684877807e-13 4.103684288824844649e-12 8.661977363482618982e-12 3.014339347884227378e-12 7.656788922791165552e-12 1.627108768725115977e-11 3.538575605137590288e-11 1.355873616505621412e-11 7.811045812688933958e-12 2.418086770602820152e-12 1.046880876725149567e-12 -2.656566729635823061e-13 2.624732027990493611e-12 2.341596078503813275e-12 1.844935864460951647e-12 1.217737947176802123e-13 -2.269896039266994695e-12 1.074520973120452466e-13 -2.723145334023529015e-13 1.374801258251286476e-13
7.757895588895805659e-12 7.982563758273565106e-12 1.174844124626651857e-11 -6.141269261681199561e-13 5.848466565104563198e-12 8.701749031176545110e-12 -1.080223562663490604e-11 6.950136881461308827e-12 6.895900777086494203e-12 6.094343351638241882e-13 4.410743025635807828e-12 7.756602300524743512e-12 1.355873616505621412e-11 3.101073152759456786e-11 1.470803872445777470e-11 6.251126836818246497e-12 1.010194205972949995e-12 7.141942157036066134e-13 2.196940416068233770e-12 -2.556033503671265318e-13 2.974203994454680811e-13 5.766553277069974421e-13 -1.287292996389244552e-14 3.730173745734698093e-13 7.814579578028758382e-14 -4.341111884795682779e-13
-1.900934944921529162e-11 -2.307350262807199621e-11 1.111808739909705365e-11 3.745143424850991462e-12 1.529449367933048427e-11 -1.239983151874944944e-12 -7.446084086560407694e-12 8.348320705126042007e-12 1.084171921914098877e-11 -1.084001376810374044e-12 5.391296476808400838e-12 6.393908264941439302e-12 7.811045812688933958e-12 1.470803872445777470e-11 3.154149969828656471e-11 1.355136329123171871e-11 7.302272861202463590e-12 4.747414856834579242e-12 2.945812782202536983e-12 -6.593808547930630713e-13 2.688503115507691901e-13 1.177984649470614155e-12 -6.908057136840067708e-13 4.884002544120461445e-13 6.511996856315669298e-13 -1.440210633269884674e-13
1.018840942850664750e-11 -1.415715828601435863e-11 4.716514107642911376e-12 -3.549593380409549113e-12 1.197936129227203756e-11 -5.241790420879924709e-12 -1.563404504704309344e-11 3.990899446082252469e-12 9.374544583429475690e-12 2.676038337207937717e-13 2.207972410208057926e-12 3.313427839723692023e-12 2.418086770602820152e-12 6.251126836818246497e-12 1.355136329123171871e-11 1.986104387779425061e-11 9.677063819146797034e-12 4.566926654571516946e-12 2.068016912181712918e-12 6.901902837111129113e-13 3.655072360934178347e-13 -1.241997480391160058e-12 -1.096847890492336275e-12 1.629539805179939925e-12 1.061904072185841364e-12 4.177005586216084491e-13
-9.075929046300286014e-12 -1.294584266407493252e-11 1.199839891653589703e-12 -2.019080316457276736e-11 1.484320954376952385e-14 -1.296984417158860818e-11 -1.536798660247666790e-11 2.999833336317345042e-13 5.153389891304960188e-12 -4.159472932302940560e-13 2.503454945290515674e-12 9.382521146862651912e-13 1.046880876725149567e-12 1.010194205972949995e-12 7.302272861202463590e-12 9.677063819146797034e-12 1.882318566529780212e-11 8.457713079895239996e-12 4.458716734884227452e-12 1.756355666455551760e-12 4.881961789402247577e-13 -1.872454166881000296e-12 -1.444811201996563649e-12 -6.302530727762688350e-13 -4.836006777797076976e-13 4.468081478883990745e-13
-5.869811446295300209e-13 -5.912652808377795361e-12 -9.829586152018217824e-13 -1.991135539466945695e-11 -7.994687554932269113e-12 -8.367198580198797956e-12 -1.070673823442970819e-11 -2.250297526891154195e-12 -1.098539284019132172e-12 3.121251902056357411e-12 -4.563468235359791267e-13 -7.113043693611362543e-14 -2.656566729635823061e-13 7.141942157036066134e-13 4.747414856834579242e-12 4.566926654571516946e-12 8.457713079895239996e-12 1.718704589955462949e-11 9.390320934705534337e-12 3.400503727750858223e-12 2.125579509646397369e-12 8.550212137702552013e-13 -3.042082228205495894e-13 -1.424763293547187635e-12 -1.206414770852157785e-12 -8.531560032353980032e-13
3.283539566243624079e-12 -1.252283665170393882e-11 2.082098529945420522e-11 5.752716601183491897e-13 -2.544522294018905247e-12 8.318249649606161279e-12 -4.750151807334557317e-12 3.776461520668879806e-12 9.837313621827239998e-12 5.617445665978355848e-12 1.181836119152853035e-12 3.726713682850254288e-12 2.624732027990493611e-12 2.196940416068233770e-12 2.945812782202536983e-12 2.068016912181712918e-12 4.458716734884227452e-12 9.390320934705534337e-12 1.798154954076848665e-11 8.496177793402454483e-12 3.459721014372866056e-12 8.342612932931636181e-13 -8.962879419580452117e-13 -1.598820525251033309e-12 -6.630930630078578017e-13 -8.293383415949562369e-13
-2.032406053150428800e-12 -3.139261429253624141e-12 1.414794194600020723e-11 1.586153765620220199e-12 -5.080095048982195557e-12 3.785422602843977532e-12 2.957476691550464496e-12 5.124942133674801195e-12 7.027981359438408751e-12 1.672520919113785745e-12 1.581082591220825046e-12 2.565215735553000421e-12 2.341596078503813275e-12 -2.556033503671265318e-13 -6.593808547930630713e-13 6.901902837111129113e-13 1.756355666455551760e-12 3.400503727750858223e-12 8.496177793402454483e-12 1.503028231334181275e-11 8.507678617546432180e-12 2.382874518441236567e-12 6.448174024130146763e-13 1.020971524756157351e-13 -1.851883330386003979e-13 -6.823767246070470968e-13
1.555618792183555089e-11 8.574098869679069575e-12 6.900413548839813464e-12 2.634100053799508219e-12 -1.917398702865492527e-12 4.637889604574001334e-12 2.233803417688438274e-12 2.924527616742594109e-12 6.561279054322465759e-12 3.897507530800485103e-12 3.843646837716162910e-13 1.234440883126072127e-12 1.844935864460951647e-12 2.974203994454680811e-13 2.688503115507691901e-13 3.655072360934178347e-13 4.881961789402247577e-13 2.125579509646397369e-12 3.459721014372866056e-12 8.507678617546432180e-12 1.524151477482476704e-11 5.664264111485479428e-12 1.741174621108411664e-12 7.452673303543450374e-13 -8.317696355333930295e-13 -1.658198657188954579e-12
-8.373927426422035526e-12 9.194784396050027025e-12 4.867836110175314067e-12 -6.743015933135471725e-12 -2.768989279862227704e-12 -1.693996359768842601e-13 1.748878165319128327e-12 3.696511691274510996e-13 1.393254630331401231e-13 2.063995727881810059e-12 9.439226833323874220e-13 6.245850715444227510e-13 1.217737947176802123e-13 5.766553277069974421e-13 1.177984649470614155e-12 -1.241997480391160058e-12 -1.872454166881000296e-12 8.550212137702552013e-13 8.342612932931636181e-13 2.382874518441236567e-12 5.664264111485479428e-12 1.172641843669634268e-11 6.063752233154919970e-12 1.342942069831973561e-12 -8.375859096707458768e-13 -1.453577785226912006e-12
-6.041495389716410477e-12 9.386749310380076415e-12 2.135497567752841959e-11 3.983974198901973917e-12 -1.422451436097730230e-12 3.390774936919717576e-12 2.507203399105473641e-12 2.303371190144651502e-12 -1.816346324683104532e-12 -1.472594916200015531e-12 -1.114908500938538878e-12 7.786760461253570787e-13 -2.269896039266994695e-12 -1.287292996389244552e-14 -6.908057136840067708e-13 -1.096847890492336275e-12 -1.444811201996563649e-12 -3.042082228205495894e-13 -8.962879419580452117e-13 6.448174024130146763e-13 1.741174621108411664e-12 6.063752233154919970e-12 1.111727406213544505e-11 4.577797016379021916e-12 -1.807075978970971568e-13 -4.534682692120348433e-13
-1.123154988410468175e-11 7.937678636185668350e-13 1.382390114221897890e-11 1.074434174744755372e-11 6.843792810488106788e-12 3.493754167130992986e-12 2.605607827225088179e-12 3.110752845531529817e-12 1.032436449749172991e-12 -9.982264292431451659e-13 -7.218453185801266902e-13 1.764336492726019799e-12 1.074520973120452466e-13 3.730173745734698093e-13 4.884002544120461445e-13 1.629539805179939925e-12 -6.302530727762688350e-13 -1.424763293547187635e-12 -1.598820525251033309e-12 1.020971524756157351e-13 7.452673303543450374e-13 1.342942069831973561e-12 4.577797016379021916e-12 7.948525949703469830e-12 2.018655826929306505e-12 -2.723334955977075839e-13
-2.064571555733256966e-11 8.718002464900410302e-12 -1.767011559421396408e-14 1.150914103885821740e-11 5.208331424448875263e-13 1.437080653394654867e-12 1.015981479402023506e-12 -2.876753164444074008e-12 2.836773772359735204e-12 -6.739724822146892146e-13 -1.012490725826336190e-13 1.262935281026876280e-12 -2.723145334023529015e-13 7.814579578028758382e-14 6.511996856315669298e-13 1.061904072185841364e-12 -4.836006777797076976e-13 -1.206414770852157785e-12 -6.630930630078578017e-13 -1.851883330386003979e-13 -8.317696355333930295e-13 -8.375859096707458768e-13 -1.807075978970971568e-13 2.018655826929306505e-12 5.871228537850295014e-12 1.990307094147698550e-12
2.799264702130183106e-14 1.056707959506941953e-12 4.977572132047317274e-12 5.313539073980369705e-12 4.068826253583956699e-12 5.354441802060962281e-13 5.433230833112472818e-12 -1.197621056163212582e-12 1.525409655212607735e-12 -1.633806574816921994e-12 -3.967194007331102818e-13 1.558770674241857886e-12 1.374801258251286476e-13 -4.341111884795682779e-13 -1.440210633269884674e-13 4.177005586216084491e-13 4.468081478883990745e-13 -8.531560032353980032e-13 -8.293383415949562369e-13 -6.823767246070470968e-13 -1.658198657188954579e-12 -1.453577785226912006e-12 -4.534682692120348433e-13 -2.723334955977075839e-13 1.990307094147698550e-12 5.556976983557207152e-12
