4.351495662660521615e-12 2.643674560723931135e-13 8.026858032555973859e-14 -1.497619723429671194e-13 2.343504384750173933e-13 6.543859114543530963e-14 2.749487746630728418e-14 -1.153346485792630573e-13 6.740182759664270362e-14 3.961622222187132425e-14 -7.213348472666792723e-14 3.558675105793907020e-14 -1.956415402664230730e-14 4.828833400458779291e-14 -4.907872581392144474e-14 -1.974760674377131327e-14 1.295789514384637482e-14 3.733875649271942123e-14 9.316460810219426177e-14 6.983103016558619053e-14
2.643674560723931135e-13 3.601674221525218170e-12 -1.398474519870201456e-14 -2.075731296587607885e-14 -2.154425845880505211e-13 -2.168325694970673216e-13 5.034319009820873658e-14 9.590652385743272749e-14 3.936923305332973574e-14 9.735995915300726146e-14 9.012390296689622485e-14 7.449942658555524721e-15 -1.016193050316870965e-13 -6.361534366463155399e-14 -6.313226413497925149e-14 -7.484664558758899879e-14 -7.604401700056756295e-14 -4.764717553657368493e-14 -5.256815502766863475e-14 -1.141339931763746280e-13
8.026858032555973859e-14 -1.398474519870201456e-14 2.040650444654651900e-12 4.480418527227290518e-14 9.698142524954925226e-14 -6.660164534564166683e-14 -9.903884219449182947e-15 4.815056079456339967e-14 1.114084801221313738e-14 4.209814151813940399e-14 -3.514581152192036865e-14 -1.031892910223723807e-13 -1.077980414873445581e-13 1.340503012470259076e-14 -1.203151006447436672e-14 -2.136046572939637286e-14 -8.587244182164091903e-15 2.037918647321320439e-14 6.230150367881230767e-14 4.345436692664740572e-14
-1.497619723429671194e-13 -2.075731296587607885e-14 4.480418527227290518e-14 1.562860110510684478e-12 8.903932306143571153e-14 1.186627792231379600e-13 -3.279904724346355619e-15 1.030546827805395362e-13 6.881631849290571891e-16 -3.644610856039670747e-14 7.784718191969934323e-15 9.337024215584678421e-14 -1.409231720274175619e-14 -2.276893248704507075e-14 3.561613617373714852e-15 6.075674701891531625e-14 1.164379001187562312e-14 -2.695155891457802792e-14 -2.280818652237343101e-14 1.640911055275060061e-14
2.343504384750173933e-13 -2.154425845880505211e-13 9.698142524954925226e-14 8.903932306143571153e-14 1.094390033805698461e-12 2.165424443010327984e-13 -2.609638965280035730e-14 3.819098588278818639e-14 1.864666410707672841e-14 -2.404135473802540542e-14 -7.311046537563297193e-14 -4.904621770206433941e-15 -3.932797767876658063e-14 6.572076653218742415e-17 2.654717590911722357e-14 1.126085777622436117e-14 2.387342393244921964e-15 1.583282163455949817e-14 2.357563485465972324e-14 6.268610018788337171e-15
6.543859114543530963e-14 -2.168325694970673216e-13 -6.660164534564166683e-14 1.186627792231379600e-13 2.165424443010327984e-13 1.017624571412643573e-12 1.880567671933996297e-13 8.920982480413090411e-14 8.445355507699525380e-14 -2.340258461426634920e-14 -3.427426673961709371e-14 -3.002256011964692564e-14 -3.307784089710424637e-14 -1.394296787430604994e-14 -1.056978017468843654e-14 1.359868227735602451e-15 -2.836698049651902900e-14 -7.853719879587924159e-14 -7.782368316829258422e-14 -2.655476896433530262e-14
2.749487746630728418e-14 5.034319009820873658e-14 -9.903884219449182947e-15 -3.279904724346355619e-15 -2.609638965280035730e-14 1.880567671933996297e-13 5.815141821757634401e-13 1.304942375486783774e-13 7.398425633308310780e-14 9.757466316273789720e-14 2.792050064607345656e-14 2.901339843641729783e-14 2.846815523213137908e-14 2.418321770728916209e-14 -1.239846749590814313e-14 -1.333868596341847011e-14 2.346412811962501424e-15 -1.761432586072224709e-14 -5.336679329508952128e-14 -4.767596241785414343e-14
-1.153346485792630573e-13 9.590652385743272749e-14 4.815056079456339967e-14 1.030546827805395362e-13 3.819098588278818639e-14 8.920982480413090411e-14 1.304942375486783774e-13 3.767413112959704291e-13 8.514310037549897831e-14 2.921638297668728149e-14 2.675606173606335692e-14 9.296890247670186330e-15 1.076192470930775749e-14 1.485471870187796193e-16 7.308138665760107033e-16 1.424746830885619494e-14 1.417433904450492043e-14 1.897975868224629802e-14 2.266752603072782366e-14 -1.719361782661248762e-15
6.740182759664270362e-14 3.936923305332973574e-14 1.114084801221313738e-14 6.881631849290571891e-16 1.864666410707672841e-14 8.445355507699525380e-14 7.398425633308310780e-14 8.514310037549897831e-14 2.662998934496944369e-13 7.342325775468019802e-14 -1.121566406545393163e-14 -2.563663648213972352e-14 -1.816640656114132704e-14 1.939973199386619213e-14 2.630729315928547679e-14 4.470341831830141018e-14 3.746987214421921743e-14 1.892633469407725596e-14 -3.787008042954770755e-16 -2.652579312232716658e-14
3.961622222187132425e-14 9.735995915300726146e-14 4.209814151813940399e-14 -3.644610856039670747e-14 -2.404135473802540542e-14 -2.340258461426634920e-14 9.757466316273789720e-14 2.921638297668728149e-14 7.342325775468019802e-14 1.959622606431829358e-13 6.760729084096187110e-14 2.609078673319812838e-14 2.384093740274834180e-15 1.437731291752925804e-14 1.695975734058095561e-14 3.216345880748401061e-16 -3.697941035173807460e-15 3.040385152789767319e-15 2.840281911588951766e-15 2.601115078269219896e-15
-7.213348472666792723e-14 9.012390296689622485e-14 -3.514581152192036865e-14 7.784718191969934323e-15 -7.311046537563297193e-14 -3.427426673961709371e-14 2.792050064607345656e-14 2.675606173606335692e-14 -1.121566406545393163e-14 6.760729084096187110e-14 2.135015657770233355e-13 1.024262135368906721e-13 5.428456147564012593e-14 1.186514574445362696e-14 1.159106810361257389e-14 -3.882816825490161122e-15 1.908874594327296255e-15 -3.708212763202526643e-15 -5.766019699970578466e-15 -8.087103526597097972e-15
3.558675105793907020e-14 7.449942658555524721e-15 -1.031892910223723807e-13 9.337024215584678421e-14 -4.904621770206433941e-15 -3.002256011964692564e-14 2.901339843641729783e-14 9.296890247670186330e-15 -2.563663648213972352e-14 2.609078673319812838e-14 1.024262135368906721e-13 1.998041478551789231e-13 1.168340705043241584e-13 5.655593388904594457e-14 4.597574554254583330e-14 1.507442512309582860e-14 2.239438773703010458e-14 3.628345838219075352e-15 9.013657075051341782e-15 -2.874209070482402236e-15
-1.956415402664230730e-14 -1.016193050316870965e-13 -1.077980414873445581e-13 -1.409231720274175619e-14 -3.932797767876658063e-14 -3.307784089710424637e-14 2.846815523213137908e-14 1.076192470930775749e-14 -1.816640656114132704e-14 2.384093740274834180e-15 5.428456147564012593e-14 1.168340705043241584e-13 1.805499911956571752e-13 8.765991889783063344e-14 6.233509026577723835e-14 3.949205431346972745e-14 3.359299529961410091e-14 1.517967129791461835e-14 1.881581449507321806e-14 1.195562740464161837e-14
4.828833400458779291e-14 -6.361534366463155399e-14 1.340503012470259076e-14 -2.276893248704507075e-14 6.572076653218742415e-17 -1.394296787430604994e-14 2.418321770728916209e-14 1.485471870187796193e-16 1.939973199386619213e-14 1.437731291752925804e-14 1.186514574445362696e-14 5.655593388904594457e-14 8.765991889783063344e-14 1.681636694253895974e-13 1.214620723338152642e-13 8.289782629524664818e-14 6.689796355436128995e-14 3.840777771858354020e-14 2.509906505331442860e-14 5.282407703058446272e-15
-4.907872581392144474e-14 -6.313226413497925149e-14 -1.203151006447436672e-14 3.561613617373714852e-15 2.654717590911722357e-14 -1.056978017468843654e-14 -1.239846749590814313e-14 7.308138665760107033e-16 2.630729315928547679e-14 1.695975734058095561e-14 1.159106810361257389e-14 4.597574554254583330e-14 6.233509026577723835e-14 1.214620723338152642e-13 1.643965868187245108e-13 1.248335148638378001e-13 1.036082479327401664e-13 6.881632591625837208e-14 4.915665549839751579e-14 2.025292267462525051e-14
-1.974760674377131327e-14 -7.484664558758899879e-14 -2.136046572939637286e-14 6.075674701891531625e-14 1.126085777622436117e-14 1.359868227735602451e-15 -1.333868596341847011e-14 1.424746830885619494e-14 4.470341831830141018e-14 3.216345880748401061e-16 -3.882816825490161122e-15 1.507442512309582860e-14 3.949205431346972745e-14 8.289782629524664818e-14 1.248335148638378001e-13 1.878378257012143358e-13 1.391767408992060618e-13 8.701822373856506744e-14 5.129414420754724698e-14 2.281164405481190174e-14
1.295789514384637482e-14 -7.604401700056756295e-14 -8.587244182164091903e-15 1.164379001187562312e-14 2.387342393244921964e-15 -2.836698049651902900e-14 2.346412811962501424e-15 1.417433904450492043e-14 3.746987214421921743e-14 -3.697941035173807460e-15 1.908874594327296255e-15 2.239438773703010458e-14 3.359299529961410091e-14 6.689796355436128995e-14 1.036082479327401664e-13 1.391767408992060618e-13 1.636340382019040620e-13 1.195277704744376916e-13 8.144502213515263223e-14 3.274464217790545590e-14
3.733875649271942123e-14 -4.764717553657368493e-14 2.037918647321320439e-14 -2.695155891457802792e-14 1.583282163455949817e-14 -7.853719879587924159e-14 -1.761432586072224709e-14 1.897975868224629802e-14 1.892633469407725596e-14 3.040385152789767319e-15 -3.708212763202526643e-15 3.628345838219075352e-15 1.517967129791461835e-14 3.840777771858354020e-14 6.881632591625837208e-14 8.701822373856506744e-14 1.195277704744376916e-13 1.708224407297340897e-13 1.457015947016674186e-13 8.549626513586890787e-14
9.316460810219426177e-14 -5.256815502766863475e-14 6.230150367881230767e-14 -2.280818652237343101e-14 2.357563485465972324e-14 -7.782368316829258422e-14 -5.336679329508952128e-14 2.266752603072782366e-14 -3.787008042954770755e-16 2.840281911588951766e-15 -5.766019699970578466e-15 9.013657075051341782e-15 1.881581449507321806e-14 2.509906505331442860e-14 4.915665549839751579e-14 5.129414420754724698e-14 8.144502213515263223e-14 1.457015947016674186e-13 2.081307159007681038e-13 1.658314797602556514e-13
6.983103016558619053e-14 -1.141339931763746280e-13 4.345436692664740572e-14 1.640911055275060061e-14 6.268610018788337171e-15 -2.655476896433530262e-14 -4.767596241785414343e-14 -1.719361782661248762e-15 -2.652579312232716658e-14 2.601115078269219896e-15 -8.087103526597097972e-15 -2.874209070482402236e-15 1.195562740464161837e-14 5.282407703058446272e-15 2.025292267462525051e-14 2.281164405481190174e-14 3.274464217790545590e-14 8.549626513586890787e-14 1.658314797602556514e-13 2.307237300089808195e-13
