1.072454629373549855e-12 5.411064415120935191e-13 3.584509465225424443e-13 3.548413494609427449e-13 2.710076283578978081e-13 2.289895400471735022e-13 2.042977554749015900e-13 1.003114064026752638e-13 1.232391457421102404e-13 1.513328149489172318e-13 1.259603713242590820e-13 1.599394785634322553e-13 3.975873246969665007e-14 -1.498561357632331494e-13 -3.186699438506683067e-13 -6.187979695563759775e-13 -9.207509945565381120e-13 -1.227485874295819180e-12 -1.596811745099787038e-12 -1.792963653002072049e-12
5.411064415120935191e-13 8.942881004997112312e-13 4.071860845145403975e-13 3.302242732263240042e-13 2.127715387780714331e-13 1.573418906931568702e-13 1.525811831851617472e-13 9.682787579700745289e-14 1.195821186986427495e-13 1.372059961249180473e-13 1.685903703208566278e-13 2.726261567088067259e-13 3.274876040036574906e-13 3.842141565040704253e-13 3.573670865667494842e-13 1.747786814154904815e-13 -8.403361044430917114e-14 -2.916596004341570461e-13 -3.520566195340630994e-13 -3.408969844946655468e-13
3.584509465225424443e-13 4.071860845145403975e-13 6.365592177192220054e-13 3.735796157537251257e-13 2.149130685441800248e-13 1.007353028563252320e-13 8.499082382789675573e-14 4.903816685374824934e-14 6.266387203413651521e-14 1.183810084655257950e-13 1.505560654550323246e-13 1.593855120700977667e-13 8.409719434857737902e-14 8.103999611143022706e-14 8.501829660275973604e-14 4.227927701903795408e-14 -1.169444887694969870e-13 -1.712415176138053332e-13 -2.442278348722191773e-13 -5.086447012046092608e-13
3.548413494609427449e-13 3.302242732263240042e-13 3.735796157537251257e-13 6.611401804641013260e-13 3.982970862200254600e-13 2.918921780849725428e-13 2.014409434450102308e-13 1.856897248839872448e-13 1.919121339517302643e-13 2.208153890244590331e-13 2.136940658750784950e-13 2.070480836037525701e-13 1.820375060397697543e-13 5.871552630504040670e-14 -6.425842140138490759e-14 -1.972188720077021025e-13 -2.058108154156449993e-13 -2.375393873953364246e-13 -5.294287951755584504e-13 -6.933572728809488897e-13
2.710076283578978081e-13 2.127715387780714331e-13 2.149130685441800248e-13 3.982970862200254600e-13 5.800166160498179821e-13 4.019194568981505936e-13 2.976367255371788948e-13 2.278578754330457978e-13 2.285990818858816967e-13 2.872587687423302282e-13 3.112023529976816587e-13 2.779550985479212980e-13 2.713578526027368612e-13 1.680142059262917608e-13 -3.381109627692436207e-15 -1.815117948692418618e-13 -2.084671402807504255e-13 -1.585343454586306047e-13 -4.048481009163911635e-13 -6.436762576269935903e-13
2.289895400471735022e-13 1.573418906931568702e-13 1.007353028563252320e-13 2.918921780849725428e-13 4.019194568981505936e-13 6.365526734925371236e-13 5.260933344260194735e-13 4.501639325094745911e-13 4.588967901508234179e-13 5.523624264903466854e-13 6.308922047843922747e-13 6.579981126977870878e-13 7.214908419723618740e-13 7.160994668755604101e-13 6.252917876454579500e-13 5.180217186956412794e-13 5.678025730318402930e-13 7.422867036533442243e-13 7.628769701711711584e-13 9.531400985887678496e-13
2.042977554749015900e-13 1.525811831851617472e-13 8.499082382789675573e-14 2.014409434450102308e-13 2.976367255371788948e-13 5.260933344260194735e-13 7.230829071278566798e-13 6.538859135626666917e-13 6.522046030914812313e-13 7.401818963470789008e-13 8.079358121003840121e-13 8.454574458763933288e-13 9.407738150013346164e-13 9.575069622628648171e-13 9.446358807191636546e-13 9.353667695916423737e-13 1.101884931419617025e-12 1.454556272557982375e-12 1.750813249016032055e-12 2.151477092691794643e-12
1.003114064026752638e-13 9.682787579700745289e-14 4.903816685374824934e-14 1.856897248839872448e-13 2.278578754330457978e-13 4.501639325094745911e-13 6.538859135626666917e-13 9.214760630259479052e-13 9.059902338021186526e-13 1.008809500468256660e-12 1.102601216229114035e-12 1.157807798910833186e-12 1.294903853528696419e-12 1.263888611275003660e-12 1.247854357972685081e-12 1.292536187683190702e-12 1.547717552752163782e-12 2.069760656659207656e-12 2.545977035113401703e-12 3.075431902830266562e-12
1.232391457421102404e-13 1.195821186986427495e-13 6.266387203413651521e-14 1.919121339517302643e-13 2.285990818858816967e-13 4.588967901508234179e-13 6.522046030914812313e-13 9.059902338021186526e-13 1.176324843682044921e-12 1.346987736053766187e-12 1.484822782910848533e-12 1.636922919578458466e-12 1.868097242399630791e-12 1.911983540534541683e-12 1.925069518660000811e-12 1.947884607303288100e-12 2.134506866696549948e-12 2.471160771604822824e-12 2.742214118768828093e-12 3.226329569297007915e-12
1.513328149489172318e-13 1.372059961249180473e-13 1.183810084655257950e-13 2.208153890244590331e-13 2.872587687423302282e-13 5.523624264903466854e-13 7.401818963470789008e-13 1.008809500468256660e-12 1.346987736053766187e-12 1.881467899283753737e-12 2.139660989060753660e-12 2.425742162875581759e-12 2.777637841984343435e-12 2.853528560630113229e-12 2.883519051020823748e-12 2.965819702991769101e-12 3.241724127218625633e-12 3.645029823551556027e-12 3.800087257246587897e-12 4.325302043362461365e-12
1.259603713242590820e-13 1.685903703208566278e-13 1.505560654550323246e-13 2.136940658750784950e-13 3.112023529976816587e-13 6.308922047843922747e-13 8.079358121003840121e-13 1.102601216229114035e-12 1.484822782910848533e-12 2.139660989060753660e-12 2.853920566719187733e-12 3.441040010798316263e-12 4.015992627897711870e-12 4.236670380867002430e-12 4.315727308378547044e-12 4.475344093796150390e-12 4.871350919951237263e-12 5.270963510167418524e-12 5.216034700507662943e-12 5.690519577580637537e-12
1.599394785634322553e-13 2.726261567088067259e-13 1.593855120700977667e-13 2.070480836037525701e-13 2.779550985479212980e-13 6.579981126977870878e-13 8.454574458763933288e-13 1.157807798910833186e-12 1.636922919578458466e-12 2.425742162875581759e-12 3.441040010798316263e-12 4.731868971155011598e-12 5.823610848675456191e-12 6.495707337198050878e-12 7.007146208205313318e-12 7.425870109330456147e-12 8.097558249384731792e-12 8.639677610326832985e-12 8.452549093347438951e-12 9.096784439727897965e-12
3.975873246969665007e-14 3.274876040036574906e-13 8.409719434857737902e-14 1.820375060397697543e-13 2.713578526027368612e-13 7.214908419723618740e-13 9.407738150013346164e-13 1.294903853528696419e-12 1.868097242399630791e-12 2.777637841984343435e-12 4.015992627897711870e-12 5.823610848675456191e-12 7.848053603944441371e-12 9.368237461153914433e-12 1.063564572735825737e-11 1.146952894374184360e-11 1.223078115801168324e-11 1.276662851224872132e-11 1.262997459093600121e-11 1.371270255981322143e-11
-1.498561357632331494e-13 3.842141565040704253e-13 8.103999611143022706e-14 5.871552630504040670e-14 1.680142059262917608e-13 7.160994668755604101e-13 9.575069622628648171e-13 1.263888611275003660e-12 1.911983540534541683e-12 2.853528560630113229e-12 4.236670380867002430e-12 6.495707337198050878e-12 9.368237461153914433e-12 1.249911968183081910e-11 1.530887402831291518e-11 1.699392819045311782e-11 1.818774072436610926e-11 1.899831216258360996e-11 1.920541452061039729e-11 2.105782678584873819e-11
-3.186699438506683067e-13 3.573670865667494842e-13 8.501829660275973604e-14 -6.425842140138490759e-14 -3.381109627692436207e-15 6.252917876454579500e-13 9.446358807191636546e-13 1.247854357972685081e-12 1.925069518660000811e-12 2.883519051020823748e-12 4.315727308378547044e-12 7.007146208205313318e-12 1.063564572735825737e-11 1.530887402831291518e-11 2.057793600056144478e-11 2.419059930889221050e-11 2.692303515184055278e-11 2.929271407510545929e-11 3.081696633687027686e-11 3.432215619339698054e-11
-6.187979695563759775e-13 1.747786814154904815e-13 4.227927701903795408e-14 -1.972188720077021025e-13 -1.815117948692418618e-13 5.180217186956412794e-13 9.353667695916423737e-13 1.292536187683190702e-12 1.947884607303288100e-12 2.965819702991769101e-12 4.475344093796150390e-12 7.425870109330456147e-12 1.146952894374184360e-11 1.699392819045311782e-11 2.419059930889221050e-11 3.130385270155119194e-11 3.785582171798350178e-11 4.367483840681187517e-11 4.755190885817797446e-11 5.343724807101938114e-11
-9.207509945565381120e-13 -8.403361044430917114e-14 -1.169444887694969870e-13 -2.058108154156449993e-13 -2.084671402807504255e-13 5.678025730318402930e-13 1.101884931419617025e-12 1.547717552752163782e-12 2.134506866696549948e-12 3.241724127218625633e-12 4.871350919951237263e-12 8.097558249384731792e-12 1.223078115801168324e-11 1.818774072436610926e-11 2.692303515184055278e-11 3.785582171798350178e-11 5.141286800667538114e-11 6.467975810449176113e-11 7.388795423571161455e-11 8.453508393797086848e-11
-1.227485874295819180e-12 -2.916596004341570461e-13 -1.712415176138053332e-13 -2.375393873953364246e-13 -1.585343454586306047e-13 7.422867036533442243e-13 1.454556272557982375e-12 2.069760656659207656e-12 2.471160771604822824e-12 3.645029823551556027e-12 5.270963510167418524e-12 8.639677610326832985e-12 1.276662851224872132e-11 1.899831216258360996e-11 2.929271407510545929e-11 4.367483840681187517e-11 6.467975810449176113e-11 9.036136082063119861e-11 1.106649283355306648e-10 1.298125274995541276e-10
-1.596811745099787038e-12 -3.520566195340630994e-13 -2.442278348722191773e-13 -5.294287951755584504e-13 -4.048481009163911635e-13 7.628769701711711584e-13 1.750813249016032055e-12 2.545977035113401703e-12 2.742214118768828093e-12 3.800087257246587897e-12 5.216034700507662943e-12 8.452549093347438951e-12 1.262997459093600121e-11 1.920541452061039729e-11 3.081696633687027686e-11 4.755190885817797446e-11 7.388795423571161455e-11 1.106649283355306648e-10 1.463658786223358669e-10 1.793561308016173618e-10
-1.792963653002072049e-12 -3.408969844946655468e-13 -5.086447012046092608e-13 -6.933572728809488897e-13 -6.436762576269935903e-13 9.531400985887678496e-13 2.151477092691794643e-12 3.075431902830266562e-12 3.226329569297007915e-12 4.325302043362461365e-12 5.690519577580637537e-12 9.096784439727897965e-12 1.371270255981322143e-11 2.105782678584873819e-11 3.432215619339698054e-11 5.343724807101938114e-11 8.453508393797086848e-11 1.298125274995541276e-10 1.793561308016173618e-10 2.333790011097042193e-10
