2.085237053097238481e-11 1.499612356380588005e-11 1.081776743093606859e-11 8.477713360878519764e-12 5.593811591890100026e-12 4.197282614734667560e-12 3.761989080419492371e-12 3.952852999367730059e-12 3.365221308792317216e-12 4.069085367370520358e-12 3.296484500077490706e-12 3.181055707154800207e-12 3.260466543424785505e-12 3.768292963621539765e-12 2.812409479381598554e-12 2.476637302852917148e-12 3.120405320529108738e-12 1.724905014369219891e-12 5.810222826129137352e-13 -7.204131516709353899e-13
1.499612356380588005e-11 2.031737747109777845e-11 1.233544969439246805e-11 9.665128262432562810e-12 6.718908088093358908e-12 3.602364861232631256e-12 2.750813877979861090e-12 3.146606138116548289e-12 3.016075378672185091e-12 3.583421215402271813e-12 3.943034336325945248e-12 3.963455685269182029e-12 2.932948721463538338e-12 3.681502842369521830e-12 2.781652826460002843e-12 2.741046757026610578e-12 2.749724902041608698e-12 1.894379087845011187e-12 1.261250810216881512e-12 4.977784641831865776e-13
1.081776743093606859e-11 1.233544969439246805e-11 1.457821759069641034e-11 1.011346810130019205e-11 7.731767434456632907e-12 5.101551980622361705e-12 3.474138147613152288e-12 3.842058851507955943e-12 2.509537711321403458e-12 2.332324548194575423e-12 2.324761420405350866e-12 2.334829852098442883e-12 1.476660085522262592e-12 2.007172727470493420e-12 1.438470504965618041e-12 1.492322811478649295e-12 1.205347221043856979e-12 2.726966623098709723e-13 2.336713370539603031e-14 -3.045346897846232187e-13
8.477713360878519764e-12 9.665128262432562810e-12 1.011346810130019205e-11 1.153518261903553183e-11 8.807884519829724559e-12 5.766077470908707903e-12 3.823538427045506162e-12 3.889858729395838732e-12 2.489666562666655757e-12 2.492777990747569909e-12 2.259033090633330760e-12 2.016194625050354578e-12 1.789498261556752382e-12 2.493422281471538594e-12 1.829177095067501842e-12 2.111040882334276832e-12 2.170846777982274027e-12 1.737704647340402098e-12 4.591753087388034827e-13 -1.180317343028013138e-12
5.593811591890100026e-12 6.718908088093358908e-12 7.731767434456632907e-12 8.807884519829724559e-12 1.116601761425126086e-11 7.008694200504005124e-12 5.085984986828332326e-12 4.707520388035958450e-12 3.138156440648230017e-12 2.393334677942219778e-12 1.854782703624656010e-12 1.606843094566730405e-12 1.278370551185039674e-12 1.757562710966351998e-12 1.410268041201555982e-12 1.571440397241591608e-12 1.576117062530340397e-12 7.110261124018225148e-13 -3.971863477347622173e-13 -1.571436385044601948e-12
4.197282614734667560e-12 3.602364861232631256e-12 5.101551980622361705e-12 5.766077470908707903e-12 7.008694200504005124e-12 7.978755613559296574e-12 5.550658163669821853e-12 4.119379410112423362e-12 2.694285799123977585e-12 2.082326509640515867e-12 1.389233731193397563e-12 1.646890223545350782e-12 2.196477414630344767e-12 1.890066254675794821e-12 1.612633779842953790e-12 1.404306501964851324e-12 1.113510960918674742e-12 2.526476744415480831e-13 -4.330279319834155108e-13 -1.360487294796270631e-12
3.761989080419492371e-12 2.750813877979861090e-12 3.474138147613152288e-12 3.823538427045506162e-12 5.085984986828332326e-12 5.550658163669821853e-12 6.563412659578417183e-12 4.928620442997186993e-12 2.936079144678701944e-12 2.068198686539531492e-12 1.071733676366917395e-12 1.429311793759990711e-12 1.871833450227056720e-12 1.784836695299855968e-12 1.256093158827194852e-12 8.004744176291287163e-13 6.033552948222362772e-13 -2.225281905241948375e-13 -5.922732331676280218e-13 -1.315249505768700833e-12
3.952852999367730059e-12 3.146606138116548289e-12 3.842058851507955943e-12 3.889858729395838732e-12 4.707520388035958450e-12 4.119379410112423362e-12 4.928620442997186993e-12 6.803484408534284227e-12 4.087354791228622315e-12 2.937798759709785251e-12 1.703011487591187051e-12 2.083721298804688345e-12 1.997268380159211815e-12 1.436614723268107330e-12 1.177914910631944847e-12 7.740096116448550173e-13 9.878917963817746488e-13 3.472568583971804589e-13 -2.778297298429999931e-13 -9.236311945757835899e-13
3.365221308792317216e-12 3.016075378672185091e-12 2.509537711321403458e-12 2.489666562666655757e-12 3.138156440648230017e-12 2.694285799123977585e-12 2.936079144678701944e-12 4.087354791228622315e-12 5.821971326744580900e-12 4.662500019459889578e-12 2.735803830842648794e-12 2.440321631686999940e-12 2.195459649162462482e-12 1.628688557354681305e-12 1.032893709268669199e-12 6.075634506419924838e-13 8.720261238621573860e-13 7.421416901441424745e-13 5.300797408699323504e-13 -2.429405531115832446e-13
4.069085367370520358e-12 3.583421215402271813e-12 2.332324548194575423e-12 2.492777990747569909e-12 2.393334677942219778e-12 2.082326509640515867e-12 2.068198686539531492e-12 2.937798759709785251e-12 4.662500019459889578e-12 7.462387698343723857e-12 5.717678170724505851e-12 4.246275570037238056e-12 4.007649897920759287e-12 2.822652714844120647e-12 2.022362562016636265e-12 1.171409366674915442e-12 1.299697287953360664e-12 1.328667494938193250e-12 1.355208678756772302e-12 3.551782678769877224e-13
3.296484500077490706e-12 3.943034336325945248e-12 2.324761420405350866e-12 2.259033090633330760e-12 1.854782703624656010e-12 1.389233731193397563e-12 1.071733676366917395e-12 1.703011487591187051e-12 2.735803830842648794e-12 5.717678170724505851e-12 7.215109880913871111e-12 5.484915543820858107e-12 4.908762210446260629e-12 3.541178842476418931e-12 2.817429849934145797e-12 1.792477089718622992e-12 1.956437124431079118e-12 2.161601040852141952e-12 2.062661469338916909e-12 1.122675246535464372e-12
3.181055707154800207e-12 3.963455685269182029e-12 2.334829852098442883e-12 2.016194625050354578e-12 1.606843094566730405e-12 1.646890223545350782e-12 1.429311793759990711e-12 2.083721298804688345e-12 2.440321631686999940e-12 4.246275570037238056e-12 5.484915543820858107e-12 6.933592242447647773e-12 6.016580414725351352e-12 4.687838624655441268e-12 3.948698493726599094e-12 2.695966966237950969e-12 2.142129989626089115e-12 1.759676055346168235e-12 1.390652445741807025e-12 3.733874056340371139e-13
3.260466543424785505e-12 2.932948721463538338e-12 1.476660085522262592e-12 1.789498261556752382e-12 1.278370551185039674e-12 2.196477414630344767e-12 1.871833450227056720e-12 1.997268380159211815e-12 2.195459649162462482e-12 4.007649897920759287e-12 4.908762210446260629e-12 6.016580414725351352e-12 7.858529455837255381e-12 6.593725448287757352e-12 5.730839005581680349e-12 4.557174775226149067e-12 3.614882035078068083e-12 2.696827729202841513e-12 1.688889390907612878e-12 5.113201443481152657e-13
3.768292963621539765e-12 3.681502842369521830e-12 2.007172727470493420e-12 2.493422281471538594e-12 1.757562710966351998e-12 1.890066254675794821e-12 1.784836695299855968e-12 1.436614723268107330e-12 1.628688557354681305e-12 2.822652714844120647e-12 3.541178842476418931e-12 4.687838624655441268e-12 6.593725448287757352e-12 8.556631509546348995e-12 7.611762615655106937e-12 6.579906362950381568e-12 5.095209329380124170e-12 3.144892888556713128e-12 1.457149624044541256e-12 4.856814153826793765e-14
2.812409479381598554e-12 2.781652826460002843e-12 1.438470504965618041e-12 1.829177095067501842e-12 1.410268041201555982e-12 1.612633779842953790e-12 1.256093158827194852e-12 1.177914910631944847e-12 1.032893709268669199e-12 2.022362562016636265e-12 2.817429849934145797e-12 3.948698493726599094e-12 5.730839005581680349e-12 7.611762615655106937e-12 9.487565740009964958e-12 8.521518670748590804e-12 6.207223588260336433e-12 3.698198685322032017e-12 1.621211348507320159e-12 2.557170891278077175e-13
2.476637302852917148e-12 2.741046757026610578e-12 1.492322811478649295e-12 2.111040882334276832e-12 1.571440397241591608e-12 1.404306501964851324e-12 8.004744176291287163e-13 7.740096116448550173e-13 6.075634506419924838e-13 1.171409366674915442e-12 1.792477089718622992e-12 2.695966966237950969e-12 4.557174775226149067e-12 6.579906362950381568e-12 8.521518670748590804e-12 1.011159261354527117e-11 8.582249630964321077e-12 5.769407531701229588e-12 2.927037191381495757e-12 1.288249014304001272e-12
3.120405320529108738e-12 2.749724902041608698e-12 1.205347221043856979e-12 2.170846777982274027e-12 1.576117062530340397e-12 1.113510960918674742e-12 6.033552948222362772e-13 9.878917963817746488e-13 8.720261238621573860e-13 1.299697287953360664e-12 1.956437124431079118e-12 2.142129989626089115e-12 3.614882035078068083e-12 5.095209329380124170e-12 6.207223588260336433e-12 8.582249630964321077e-12 1.084729052494913063e-11 8.520347516635508776e-12 4.433518868160335968e-12 1.800526076222202531e-12
1.724905014369219891e-12 1.894379087845011187e-12 2.726966623098709723e-13 1.737704647340402098e-12 7.110261124018225148e-13 2.526476744415480831e-13 -2.225281905241948375e-13 3.472568583971804589e-13 7.421416901441424745e-13 1.328667494938193250e-12 2.161601040852141952e-12 1.759676055346168235e-12 2.696827729202841513e-12 3.144892888556713128e-12 3.698198685322032017e-12 5.769407531701229588e-12 8.520347516635508776e-12 1.053168755135580045e-11 7.053494466981740309e-12 3.317322475723750785e-12
5.810222826129137352e-13 1.261250810216881512e-12 2.336713370539603031e-14 4.591753087388034827e-13 -3.971863477347622173e-13 -4.330279319834155108e-13 -5.922732331676280218e-13 -2.778297298429999931e-13 5.300797408699323504e-13 1.355208678756772302e-12 2.062661469338916909e-12 1.390652445741807025e-12 1.688889390907612878e-12 1.457149624044541256e-12 1.621211348507320159e-12 2.927037191381495757e-12 4.433518868160335968e-12 7.053494466981740309e-12 7.131795717392247766e-12 4.523053937814850517e-12
-7.204131516709353899e-13 4.977784641831865776e-13 -3.045346897846232187e-13 -1.180317343028013138e-12 -1.571436385044601948e-12 -1.360487294796270631e-12 -1.315249505768700833e-12 -9.236311945757835899e-13 -2.429405531115832446e-13 3.551782678769877224e-13 1.122675246535464372e-12 3.733874056340371139e-13 5.113201443481152657e-13 4.856814153826793765e-14 2.557170891278077175e-13 1.288249014304001272e-12 1.800526076222202531e-12 3.317322475723750785e-12 4.523053937814850517e-12 5.974240504170826486e-12
