1.841380385100587864e-11 1.324993170648920327e-11 9.604187909128243500e-12 7.559551663609987711e-12 4.833743884523529690e-12 3.688105229195635150e-12 3.350030460538948919e-12 3.545739523627111539e-12 3.045347452599380629e-12 3.606000621822977931e-12 2.723479764910805261e-12 2.712256641700205525e-12 2.789370582901790008e-12 3.219923526433349603e-12 2.329053387922012355e-12 2.001626446350916754e-12 2.680907813260658896e-12 1.410838761857425024e-12 4.022377083930223616e-13 -8.614852991885229051e-13
1.324993170648920327e-11 1.839915574593964633e-11 1.123135311438580052e-11 8.856619938866957810e-12 6.056340273962779507e-12 3.218219929917325351e-12 2.436712525445145821e-12 2.823118421318471620e-12 2.764826700582895515e-12 3.207477354446702916e-12 3.461630768358586356e-12 3.528586949792906639e-12 2.556824804746566675e-12 3.269872290746714790e-12 2.426811849641305824e-12 2.347429548703620943e-12 2.406104029264798560e-12 1.628596714661463197e-12 1.084927175269253436e-12 3.193343592177764175e-13
9.604187909128243500e-12 1.123135311438580052e-11 1.351728502429450178e-11 9.408264327489238709e-12 7.159271916417913851e-12 4.757956909321457006e-12 3.222201778298418596e-12 3.571750117764359239e-12 2.335039599760343689e-12 2.080232091991638291e-12 1.989349932764607648e-12 2.046149960525255425e-12 1.217429412902901034e-12 1.724595829949571667e-12 1.180538049489613226e-12 1.212195794041856644e-12 9.698314983109852144e-13 8.011019758929312663e-14 -1.203358597810212331e-13 -4.636066696647103731e-13
7.559551663609987711e-12 8.856619938866957810e-12 9.408264327489238709e-12 1.084910182733857301e-11 8.298552640049039375e-12 5.446052195609928186e-12 3.610674064708501882e-12 3.682777502721042488e-12 2.360952542007947943e-12 2.296436283238524352e-12 2.006840479618475942e-12 1.810930862493659964e-12 1.582957547304954033e-12 2.270577620880012133e-12 1.652331543285659630e-12 1.895687766362529861e-12 1.960481528513018103e-12 1.542958837309012010e-12 3.385945269792688346e-13 -1.278271473962365745e-12
4.833743884523529690e-12 6.056340273962779507e-12 7.159271916417913851e-12 8.298552640049039375e-12 1.058798959131843753e-11 6.667577039793197150e-12 4.835632178463217118e-12 4.485271827309622944e-12 2.992699402133938187e-12 2.221739431586004619e-12 1.667035604593876595e-12 1.450073306460668109e-12 1.138558849132903167e-12 1.607642557964201629e-12 1.287353551248475848e-12 1.430385399919619993e-12 1.449156259454075536e-12 6.198897264622317054e-13 -4.516634676668345529e-13 -1.622658224570603253e-12
3.688105229195635150e-12 3.218219929917325351e-12 4.757956909321457006e-12 5.446052195609928186e-12 6.667577039793197150e-12 7.648360968157935672e-12 5.324319021527301432e-12 3.952395264468735996e-12 2.589186591058705323e-12 1.959695943589072680e-12 1.263597535305350470e-12 1.526537684618599694e-12 2.068563130384964780e-12 1.768802067521556292e-12 1.510098348830813378e-12 1.290019565400072145e-12 1.014482983253488231e-12 1.806556808586963806e-13 -4.792407808436228180e-13 -1.409620112462453220e-12
3.350030460538948919e-12 2.436712525445145821e-12 3.222201778298418596e-12 3.610674064708501882e-12 4.835632178463217118e-12 5.324319021527301432e-12 6.327917736064780515e-12 4.761074679018364151e-12 2.838646715433136758e-12 1.964604238760042805e-12 9.703109266246054031e-13 1.325085255539510671e-12 1.763071852207226791e-12 1.673752814566633030e-12 1.167088719913299977e-12 7.004690559743185374e-13 5.148346897952986879e-13 -2.867493546870108770e-13 -6.404881585065725168e-13 -1.367689226678945774e-12
3.545739523627111539e-12 2.823118421318471620e-12 3.571750117764359239e-12 3.682777502721042488e-12 4.485271827309622944e-12 3.952395264468735996e-12 4.761074679018364151e-12 6.608186845597479557e-12 3.974574439408296619e-12 2.831448088811240127e-12 1.604712792958514505e-12 1.984494998336975408e-12 1.909226635646394080e-12 1.349920282449537832e-12 1.103846308521297078e-12 6.880746832966989791e-13 9.065954230803610626e-13 2.838428643971297146e-13 -3.222982900682981305e-13 -9.703997651521523316e-13
3.045347452599380629e-12 2.764826700582895515e-12 2.335039599760343689e-12 2.360952542007947943e-12 2.992699402133938187e-12 2.589186591058705323e-12 2.838646715433136758e-12 3.974574439408296619e-12 5.674777496202163341e-12 4.527473392702560773e-12 2.628614791096077221e-12 2.347583215069549145e-12 2.114472731602634343e-12 1.543751734611797063e-12 9.634610920282405606e-13 5.248047149706745297e-13 7.904474109234333849e-13 6.721763328931506378e-13 4.796180682252114828e-13 -2.924910160345732795e-13
3.606000621822977931e-12 3.207477354446702916e-12 2.080232091991638291e-12 2.296436283238524352e-12 2.221739431586004619e-12 1.959695943589072680e-12 1.964604238760042805e-12 2.831448088811240127e-12 4.527473392702560773e-12 7.266509086621922921e-12 5.556590037052325931e-12 4.124723876083874016e-12 3.904192185135703944e-12 2.725438739098786871e-12 1.939127219968594812e-12 1.083426568817367557e-12 1.217981961589363354e-12 1.256940225218656615e-12 1.298371263478296546e-12 3.048736618358275716e-13
2.723479764910805261e-12 3.461630768358586356e-12 1.989349932764607648e-12 2.006840479618475942e-12 1.667035604593876595e-12 1.263597535305350470e-12 9.703109266246054031e-13 1.604712792958514505e-12 2.628614791096077221e-12 5.556590037052325931e-12 7.038024451276837365e-12 5.349013550374125223e-12 4.796668269145690416e-12 3.436208489499812015e-12 2.727019163663031842e-12 1.699824385131511729e-12 1.867163854460433415e-12 2.083453951398475883e-12 2.002481207342162202e-12 1.071233073908681623e-12
2.712256641700205525e-12 3.528586949792906639e-12 2.046149960525255425e-12 1.810930862493659964e-12 1.450073306460668109e-12 1.526537684618599694e-12 1.325085255539510671e-12 1.984494998336975408e-12 2.347583215069549145e-12 4.124723876083874016e-12 5.349013550374125223e-12 6.797169590018703542e-12 5.907319209852236325e-12 4.584757859789753146e-12 3.862195173165862583e-12 2.609326942176770938e-12 2.065148751041048832e-12 1.696413342627049761e-12 1.343904494316991847e-12 3.350694407080386899e-13
2.789370582901790008e-12 2.556824804746566675e-12 1.217429412902901034e-12 1.582957547304954033e-12 1.138558849132903167e-12 2.068563130384964780e-12 1.763071852207226791e-12 1.909226635646394080e-12 2.114472731602634343e-12 3.904192185135703944e-12 4.796668269145690416e-12 5.907319209852236325e-12 7.747142659501262240e-12 6.489730777051392266e-12 5.643228617353870776e-12 4.470719319074401383e-12 3.541730023435008319e-12 2.638245054007113669e-12 1.646733489760164785e-12 4.767027593234214274e-13
3.219923526433349603e-12 3.269872290746714790e-12 1.724595829949571667e-12 2.270577620880012133e-12 1.607642557964201629e-12 1.768802067521556292e-12 1.673752814566633030e-12 1.349920282449537832e-12 1.543751734611797063e-12 2.725438739098786871e-12 3.436208489499812015e-12 4.584757859789753146e-12 6.489730777051392266e-12 8.440074407113034047e-12 7.515711148781276543e-12 6.485512625626236510e-12 5.018188160597738840e-12 3.085984182408211522e-12 1.416707835305771646e-12 1.518353627778543283e-14
2.329053387922012355e-12 2.426811849641305824e-12 1.180538049489613226e-12 1.652331543285659630e-12 1.287353551248475848e-12 1.510098348830813378e-12 1.167088719913299977e-12 1.103846308521297078e-12 9.634610920282405606e-13 1.939127219968594812e-12 2.727019163663031842e-12 3.862195173165862583e-12 5.643228617353870776e-12 7.515711148781276543e-12 9.403191143851719886e-12 8.444912563698090818e-12 6.148802310716297226e-12 3.653998819680099880e-12 1.589470210341449587e-12 2.278511195627391044e-13
2.001626446350916754e-12 2.347429548703620943e-12 1.212195794041856644e-12 1.895687766362529861e-12 1.430385399919619993e-12 1.290019565400072145e-12 7.004690559743185374e-13 6.880746832966989791e-13 5.248047149706745297e-13 1.083426568817367557e-12 1.699824385131511729e-12 2.609326942176770938e-12 4.470719319074401383e-12 6.485512625626236510e-12 8.444912563698090818e-12 1.003984323371080235e-11 8.527447010195303028e-12 5.729697768230748917e-12 2.898933926731184707e-12 1.262131890889704840e-12
2.680907813260658896e-12 2.406104029264798560e-12 9.698314983109852144e-13 1.960481528513018103e-12 1.449156259454075536e-12 1.014482983253488231e-12 5.148346897952986879e-13 9.065954230803610626e-13 7.904474109234333849e-13 1.217981961589363354e-12 1.867163854460433415e-12 2.065148751041048832e-12 3.541730023435008319e-12 5.018188160597738840e-12 6.148802310716297226e-12 8.527447010195303028e-12 1.080547944507608361e-11 8.492524875630598225e-12 4.412844559252211251e-12 1.777336679447999032e-12
1.410838761857425024e-12 1.628596714661463197e-12 8.011019758929312663e-14 1.542958837309012010e-12 6.198897264622317054e-13 1.806556808586963806e-13 -2.867493546870108770e-13 2.838428643971297146e-13 6.721763328931506378e-13 1.256940225218656615e-12 2.083453951398475883e-12 1.696413342627049761e-12 2.638245054007113669e-12 3.085984182408211522e-12 3.653998819680099880e-12 5.729697768230748917e-12 8.492524875630598225e-12 1.051867308411642398e-11 7.047290864519832528e-12 3.306343108680342873e-12
4.022377083930223616e-13 1.084927175269253436e-12 -1.203358597810212331e-13 3.385945269792688346e-13 -4.516634676668345529e-13 -4.792407808436228180e-13 -6.404881585065725168e-13 -3.222982900682981305e-13 4.796180682252114828e-13 1.298371263478296546e-12 2.002481207342162202e-12 1.343904494316991847e-12 1.646733489760164785e-12 1.416707835305771646e-12 1.589470210341449587e-12 2.898933926731184707e-12 4.412844559252211251e-12 7.047290864519832528e-12 7.133457612235423388e-12 4.519049539044179344e-12
-8.614852991885229051e-13 3.193343592177764175e-13 -4.636066696647103731e-13 -1.278271473962365745e-12 -1.622658224570603253e-12 -1.409620112462453220e-12 -1.367689226678945774e-12 -9.703997651521523316e-13 -2.924910160345732795e-13 3.048736618358275716e-13 1.071233073908681623e-12 3.350694407080386899e-13 4.767027593234214274e-13 1.518353627778543283e-14 2.278511195627391044e-13 1.262131890889704840e-12 1.777336679447999032e-12 3.306343108680342873e-12 4.519049539044179344e-12 5.970075078004358281e-12
