9.971463859772199734e-07 8.638617319593338329e-07 7.479420623680068855e-07 7.292810689114484124e-07 6.688708096138955490e-07 6.531230045056905868e-07 6.240722437216017535e-07 6.079474061359341251e-07 5.813001225016681437e-07 5.578381604765545203e-07 5.071088037888975208e-07 4.914415041556336898e-07 4.593711797671225408e-07 4.175914140543115043e-07 3.938774202059289448e-07 3.647029263621657743e-07 3.293908973165450912e-07 2.969289135380814122e-07 2.893676244889281298e-07 2.921599582341952364e-07
8.638617319593338329e-07 8.892493402565196268e-07 7.449726916825087622e-07 7.293901102131599412e-07 6.701932882025564518e-07 6.672256462203951223e-07 6.384241754075783040e-07 6.213195523637060714e-07 6.083382128871332661e-07 5.803026689926501053e-07 5.364015595488551181e-07 5.164517581199022453e-07 4.867990486800211109e-07 4.446251228180673505e-07 4.220812109067777546e-07 3.901188263600305915e-07 3.619097400877528244e-07 3.308161177539052118e-07 3.248198390238707826e-07 3.297727752055734954e-07
7.479420623680068855e-07 7.449726916825087622e-07 7.355118295573907891e-07 6.805699744728880360e-07 6.244516576355019125e-07 6.259166152774879261e-07 6.007275869854165692e-07 5.816382814302321978e-07 5.718458660422679113e-07 5.475336268894880959e-07 5.066682591238324128e-07 4.887868817424406172e-07 4.558016824054772182e-07 4.148843378109257619e-07 3.872750144079495199e-07 3.570554987698068590e-07 3.347422411627804837e-07 3.117682996530907405e-07 3.113155419811526032e-07 3.115979160772899251e-07
7.292810689114484124e-07 7.293901102131599412e-07 6.805699744728880360e-07 7.160272114970857661e-07 6.301845784165250429e-07 6.251550387521149852e-07 6.048884557120959063e-07 5.866659531287512136e-07 5.774984103034929959e-07 5.484564724841645515e-07 5.082020392889926557e-07 4.906082502147996957e-07 4.603379136523320527e-07 4.227331621047409804e-07 3.986787570414953083e-07 3.666431233728771969e-07 3.413761159367552755e-07 3.125476483506335973e-07 3.022605840274899338e-07 2.894756939324871522e-07
6.688708096138955490e-07 6.701932882025564518e-07 6.244516576355019125e-07 6.301845784165250429e-07 6.093032468143272638e-07 5.979281475534764835e-07 5.707405295615914737e-07 5.543984051636299032e-07 5.416314715545360088e-07 5.165921215052341493e-07 4.807176975417892091e-07 4.670263017955193110e-07 4.422903682946620466e-07 4.074475190972077366e-07 3.886943382005517079e-07 3.596727566693160471e-07 3.388458503708935731e-07 3.141694485729406257e-07 3.054273904518400488e-07 2.945151387169058281e-07
6.531230045056905868e-07 6.672256462203951223e-07 6.259166152774879261e-07 6.251550387521149852e-07 5.979281475534764835e-07 6.405180757862814937e-07 5.979907177600029888e-07 5.818803845800421105e-07 5.694946355096348738e-07 5.470053854470957141e-07 5.129824602629108824e-07 4.963136965291261716e-07 4.717307900673922275e-07 4.325806026633309692e-07 4.125098946727685894e-07 3.830747551304036790e-07 3.631984552328354112e-07 3.407594349948110271e-07 3.285192744961762765e-07 3.162349119626102162e-07
6.240722437216017535e-07 6.384241754075783040e-07 6.007275869854165692e-07 6.048884557120959063e-07 5.707405295615914737e-07 5.979907177600029888e-07 5.998035609454447894e-07 5.791621358817454906e-07 5.693622449854450641e-07 5.485737870884058023e-07 5.135572693120691133e-07 4.970713201619860653e-07 4.716558196331609432e-07 4.334434561935344672e-07 4.113456394004854330e-07 3.812759655645632993e-07 3.662380144137728135e-07 3.491693616050983220e-07 3.395898119775870765e-07 3.270050643952871976e-07
6.079474061359341251e-07 6.213195523637060714e-07 5.816382814302321978e-07 5.866659531287512136e-07 5.543984051636299032e-07 5.818803845800421105e-07 5.791621358817454906e-07 5.880103123358373960e-07 5.740328425699551808e-07 5.550062120721357229e-07 5.222353005741602183e-07 5.070451024684133470e-07 4.853701743850782844e-07 4.479252245905937235e-07 4.272791949190896030e-07 4.013191205031925025e-07 3.890644697218774000e-07 3.707684971019690337e-07 3.598419866206928026e-07 3.499014096959868613e-07
5.813001225016681437e-07 6.083382128871332661e-07 5.718458660422679113e-07 5.774984103034929959e-07 5.416314715545360088e-07 5.694946355096348738e-07 5.693622449854450641e-07 5.740328425699551808e-07 5.798124829740102855e-07 5.574136516240853214e-07 5.259401864365690359e-07 5.126121167106066264e-07 4.901655417659665201e-07 4.515319846830209165e-07 4.305751890238676414e-07 4.040914389019236361e-07 3.896996249721469280e-07 3.705173858239503486e-07 3.623304544421000540e-07 3.557616292075052683e-07
5.578381604765545203e-07 5.803026689926501053e-07 5.475336268894880959e-07 5.484564724841645515e-07 5.165921215052341493e-07 5.470053854470957141e-07 5.485737870884058023e-07 5.550062120721357229e-07 5.574136516240853214e-07 5.536937326766622378e-07 5.242566907351365277e-07 5.118020128899368698e-07 4.917397850106148008e-07 4.527752006271142499e-07 4.331415679106760310e-07 4.080628574836571397e-07 3.953228250033366210e-07 3.773475038871262151e-07 3.693648234990442762e-07 3.612956824032238862e-07
5.071088037888975208e-07 5.364015595488551181e-07 5.066682591238324128e-07 5.082020392889926557e-07 4.807176975417892091e-07 5.129824602629108824e-07 5.135572693120691133e-07 5.222353005741602183e-07 5.259401864365690359e-07 5.242566907351365277e-07 5.130101152517202515e-07 5.023133690304026012e-07 4.836720612926630134e-07 4.477800589046802647e-07 4.324800263338060566e-07 4.119167833601188920e-07 3.987990003180975288e-07 3.800899046944955285e-07 3.715598901849935288e-07 3.619516535285480787e-07
4.914415041556336898e-07 5.164517581199022453e-07 4.887868817424406172e-07 4.906082502147996957e-07 4.670263017955193110e-07 4.963136965291261716e-07 4.970713201619860653e-07 5.070451024684133470e-07 5.126121167106066264e-07 5.118020128899368698e-07 5.023133690304026012e-07 5.095059940305463253e-07 4.965693885318110743e-07 4.662722032952202607e-07 4.567622458767485168e-07 4.410195619822666907e-07 4.296405345301333637e-07 4.120789117846699232e-07 4.045764195622162861e-07 3.982240342110140626e-07
4.593711797671225408e-07 4.867990486800211109e-07 4.558016824054772182e-07 4.603379136523320527e-07 4.422903682946620466e-07 4.717307900673922275e-07 4.716558196331609432e-07 4.853701743850782844e-07 4.901655417659665201e-07 4.917397850106148008e-07 4.836720612926630134e-07 4.965693885318110743e-07 5.001110121745937278e-07 4.772472076796584908e-07 4.728420309878416888e-07 4.626042695810940899e-07 4.554170060812850697e-07 4.386776798349968268e-07 4.306325416898296059e-07 4.259896607049471432e-07
4.175914140543115043e-07 4.446251228180673505e-07 4.148843378109257619e-07 4.227331621047409804e-07 4.074475190972077366e-07 4.325806026633309692e-07 4.334434561935344672e-07 4.479252245905937235e-07 4.515319846830209165e-07 4.527752006271142499e-07 4.477800589046802647e-07 4.662722032952202607e-07 4.772472076796584908e-07 4.753612123856191530e-07 4.839503571391537096e-07 4.836000459761973922e-07 4.845509592675478162e-07 4.721254581738579804e-07 4.682888190473439774e-07 4.689244715598726964e-07
3.938774202059289448e-07 4.220812109067777546e-07 3.872750144079495199e-07 3.986787570414953083e-07 3.886943382005517079e-07 4.125098946727685894e-07 4.113456394004854330e-07 4.272791949190896030e-07 4.305751890238676414e-07 4.331415679106760310e-07 4.324800263338060566e-07 4.567622458767485168e-07 4.728420309878416888e-07 4.839503571391537096e-07 5.228968232274763296e-07 5.452356138007595358e-07 5.596197513474210199e-07 5.556605369970828481e-07 5.595814676682645392e-07 5.714837196348023543e-07
3.647029263621657743e-07 3.901188263600305915e-07 3.570554987698068590e-07 3.666431233728771969e-07 3.596727566693160471e-07 3.830747551304036790e-07 3.812759655645632993e-07 4.013191205031925025e-07 4.040914389019236361e-07 4.080628574836571397e-07 4.119167833601188920e-07 4.410195619822666907e-07 4.626042695810940899e-07 4.836000459761973922e-07 5.452356138007595358e-07 5.983571231093590063e-07 6.335839591496927456e-07 6.422602044071683480e-07 6.581360738484175133e-07 6.840725656467625393e-07
3.293908973165450912e-07 3.619097400877528244e-07 3.347422411627804837e-07 3.413761159367552755e-07 3.388458503708935731e-07 3.631984552328354112e-07 3.662380144137728135e-07 3.890644697218774000e-07 3.896996249721469280e-07 3.953228250033366210e-07 3.987990003180975288e-07 4.296405345301333637e-07 4.554170060812850697e-07 4.845509592675478162e-07 5.596197513474210199e-07 6.335839591496927456e-07 7.015315871756447709e-07 7.332428275330054921e-07 7.669531226803787033e-07 8.094678840830795413e-07
2.969289135380814122e-07 3.308161177539052118e-07 3.117682996530907405e-07 3.125476483506335973e-07 3.141694485729406257e-07 3.407594349948110271e-07 3.491693616050983220e-07 3.707684971019690337e-07 3.705173858239503486e-07 3.773475038871262151e-07 3.800899046944955285e-07 4.120789117846699232e-07 4.386776798349968268e-07 4.721254581738579804e-07 5.556605369970828481e-07 6.422602044071683480e-07 7.332428275330054921e-07 8.019175631626145210e-07 8.677251036886119244e-07 9.343775597151939821e-07
2.893676244889281298e-07 3.248198390238707826e-07 3.113155419811526032e-07 3.022605840274899338e-07 3.054273904518400488e-07 3.285192744961762765e-07 3.395898119775870765e-07 3.598419866206928026e-07 3.623304544421000540e-07 3.693648234990442762e-07 3.715598901849935288e-07 4.045764195622162861e-07 4.306325416898296059e-07 4.682888190473439774e-07 5.595814676682645392e-07 6.581360738484175133e-07 7.669531226803787033e-07 8.677251036886119244e-07 9.873817144462447118e-07 1.097063670152121165e-06
2.921599582341952364e-07 3.297727752055734954e-07 3.115979160772899251e-07 2.894756939324871522e-07 2.945151387169058281e-07 3.162349119626102162e-07 3.270050643952871976e-07 3.499014096959868613e-07 3.557616292075052683e-07 3.612956824032238862e-07 3.619516535285480787e-07 3.982240342110140626e-07 4.259896607049471432e-07 4.689244715598726964e-07 5.714837196348023543e-07 6.840725656467625393e-07 8.094678840830795413e-07 9.343775597151939821e-07 1.097063670152121165e-06 1.271683751489083458e-06
