1.793044766455820376e-08 -1.352742644217275713e-09 2.143108984035786380e-11 -5.648233661025982733e-10 -2.687829071018450936e-10 -2.724879088151237458e-10 -2.155168061830266358e-10 1.825656741734862117e-10 2.573647023734295668e-10 1.556354821085740546e-10 2.490631864799251068e-10 2.091056807971832336e-11 1.330525130247889924e-10 1.474131201042450516e-10 -3.025040042191129454e-11 -1.125261217473631810e-11 4.006074015001600167e-12 4.241468964164366947e-11 -9.102941631659583809e-11 -1.416818565296554019e-11
-1.352742644217275713e-09 1.214006056909655645e-08 -4.520756204082490809e-10 -4.630824991210028688e-10 2.846539882163174969e-10 1.378497714671197208e-10 -2.931227337762085145e-10 -4.210833439956109534e-10 6.867649006876907419e-11 1.643788623094331010e-10 1.634201149957007915e-10 -1.262913495702701865e-10 2.018555513147590626e-10 9.801241589291405560e-11 -8.450678322253341300e-11 -1.122534572863949362e-10 -1.152314271459946144e-10 -5.554240360404115307e-11 -1.033871620491764329e-12 -4.099337060218922980e-11
2.143108984035786380e-11 -4.520756204082490809e-10 7.229325024460245998e-09 -2.381958161020562810e-10 4.697027512759393185e-10 2.011741495473830214e-10 5.704132771102459044e-10 -8.868998147108129904e-11 -4.250930666173826403e-11 1.001955953494662058e-11 -3.199424776885671502e-11 -6.642900282096328004e-11 -9.130104925484981221e-11 9.662406550188340877e-11 9.532834173093717961e-11 1.549654761341386663e-11 4.884128863385239584e-11 5.795201988169266786e-11 1.084398898144817129e-11 2.615989966913253756e-11
-5.648233661025982733e-10 -4.630824991210028688e-10 -2.381958161020562810e-10 4.946116615125402022e-09 -2.236294474279236967e-10 -5.053170568701757286e-10 8.050129030904513433e-11 7.038308166018820949e-11 -1.657325134741255184e-11 -1.236185862336982009e-10 -3.312291567886663145e-11 -1.599436639668748877e-11 -9.296105846375674063e-11 -4.883617103070245883e-11 -2.676214142449044151e-13 2.549916475299741505e-11 -3.946351908008751147e-11 2.755000976921310697e-11 1.743761141119109216e-11 1.619968896399747865e-11
-2.687829071018450936e-10 2.846539882163174969e-10 4.697027512759393185e-10 -2.236294474279236967e-10 4.097155776817707726e-09 4.199045101801387906e-10 -1.026250505348271548e-10 -2.259318634871200306e-10 1.160734249884079806e-10 -4.069307582750640060e-11 -2.560251881145930861e-11 5.925715077028555987e-11 9.421859438679768854e-12 -6.934522403325091976e-12 -3.253330985185405986e-11 6.490132351422235763e-11 8.384943218857005884e-11 4.681981327184644952e-13 1.551184007501848869e-11 -5.434041880265011474e-12
-2.724879088151237458e-10 1.378497714671197208e-10 2.011741495473830214e-10 -5.053170568701757286e-10 4.199045101801387906e-10 2.166444565946987161e-09 5.490546486792117025e-11 -3.798706674108490359e-11 1.485236838960266235e-11 1.332231191247496710e-10 8.758080669990533953e-11 -1.152469539932052659e-11 4.132035751417347041e-11 -1.384854385333050145e-12 1.128778842613790427e-11 -6.555390333327409975e-12 2.064751123463364413e-11 6.850034740529767454e-13 1.094999573943621288e-11 3.023137261578506758e-11
-2.155168061830266358e-10 -2.931227337762085145e-10 5.704132771102459044e-10 8.050129030904513433e-11 -1.026250505348271548e-10 5.490546486792117025e-11 1.524717482833294631e-09 1.878138559453442980e-10 1.513752571400913284e-11 -3.918937718098712919e-11 7.267828574785638292e-11 3.093674171642791832e-11 -4.823664364547156664e-11 -4.065576122013457849e-11 -3.228349722411994034e-11 -2.740164214914903470e-11 -5.495996624430103737e-12 1.132759334657991161e-11 2.356784060033093991e-11 1.428940171762483773e-11
1.825656741734862117e-10 -4.210833439956109534e-10 -8.868998147108129904e-11 7.038308166018820949e-11 -2.259318634871200306e-10 -3.798706674108490359e-11 1.878138559453442980e-10 8.990689882585618099e-10 1.720104595475187274e-10 5.146955834601056901e-11 -2.317503363170794295e-11 4.916397605455810853e-11 2.548371064834634341e-11 -1.887954386426414840e-11 1.509940472804563334e-11 8.502276681542277787e-13 2.371603376229919304e-11 2.728971391388835267e-11 7.259652987462622360e-12 5.578335380229807007e-12
2.573647023734295668e-10 6.867649006876907419e-11 -4.250930666173826403e-11 -1.657325134741255184e-11 1.160734249884079806e-10 1.485236838960266235e-11 1.513752571400913284e-11 1.720104595475187274e-10 5.800181001058725455e-10 9.860954830789557813e-11 -1.815061663313466512e-11 -1.188417285288914343e-11 -1.277985959750596624e-11 3.037411144952539961e-11 1.708999580318671985e-11 3.041167643855913398e-11 1.567978914661728738e-11 1.284217378218925102e-11 9.130987113741571442e-12 2.454048471573497570e-12
1.556354821085740546e-10 1.643788623094331010e-10 1.001955953494662058e-11 -1.236185862336982009e-10 -4.069307582750640060e-11 1.332231191247496710e-10 -3.918937718098712919e-11 5.146955834601056901e-11 9.860954830789557813e-11 3.922398487476791436e-10 7.565004247532808500e-11 2.555785228647394697e-11 4.200055937554404024e-11 3.368398626520387611e-11 2.318419909166358492e-11 -6.313742846196486364e-12 -2.232502531755257505e-11 6.176165188190476066e-12 -5.034147002910274836e-13 -1.163508605386814101e-14
2.490631864799251068e-10 1.634201149957007915e-10 -3.199424776885671502e-11 -3.312291567886663145e-11 -2.560251881145930861e-11 8.758080669990533953e-11 7.267828574785638292e-11 -2.317503363170794295e-11 -1.815061663313466512e-11 7.565004247532808500e-11 2.952536993947624713e-10 2.046803646622424022e-11 3.857121241033660177e-11 3.384572919489296242e-11 -2.940567776002108499e-12 -2.327596995876683919e-11 -9.092042865999685391e-12 6.348407128243356566e-12 8.478526932774797870e-12 4.127598244251634451e-12
2.091056807971832336e-11 -1.262913495702701865e-10 -6.642900282096328004e-11 -1.599436639668748877e-11 5.925715077028555987e-11 -1.152469539932052659e-11 3.093674171642791832e-11 4.916397605455810853e-11 -1.188417285288914343e-11 2.555785228647394697e-11 2.046803646622424022e-11 1.807913169869580059e-10 4.036069795683456759e-11 2.360727027349515974e-11 1.288570178530101237e-11 -9.535770995796906325e-12 -1.230626118304122790e-11 -1.004356580128375622e-12 1.422683064208952301e-11 -1.158190925163363591e-12
1.330525130247889924e-10 2.018555513147590626e-10 -9.130104925484981221e-11 -9.296105846375674063e-11 9.421859438679768854e-12 4.132035751417347041e-11 -4.823664364547156664e-11 2.548371064834634341e-11 -1.277985959750596624e-11 4.200055937554404024e-11 3.857121241033660177e-11 4.036069795683456759e-11 1.525003239228655077e-10 2.952917778657332460e-11 1.052402546182034001e-11 6.251855812971728810e-12 -9.542671349089868017e-12 4.993658999792394001e-12 -1.335768109433124878e-12 -4.787168250564921431e-12
1.474131201042450516e-10 9.801241589291405560e-11 9.662406550188340877e-11 -4.883617103070245883e-11 -6.934522403325091976e-12 -1.384854385333050145e-12 -4.065576122013457849e-11 -1.887954386426414840e-11 3.037411144952539961e-11 3.368398626520387611e-11 3.384572919489296242e-11 2.360727027349515974e-11 2.952917778657332460e-11 1.012622071113419957e-10 2.814631176862633636e-11 4.273450909385783591e-12 1.327003108892114514e-11 8.685247597254065108e-12 9.297583959175227415e-13 -3.858220064766102413e-13
-3.025040042191129454e-11 -8.450678322253341300e-11 9.532834173093717961e-11 -2.676214142449044151e-13 -3.253330985185405986e-11 1.128778842613790427e-11 -3.228349722411994034e-11 1.509940472804563334e-11 1.708999580318671985e-11 2.318419909166358492e-11 -2.940567776002108499e-12 1.288570178530101237e-11 1.052402546182034001e-11 2.814631176862633636e-11 6.772189941736642846e-11 1.106824807520475256e-11 8.040847594673029800e-12 6.393058769647520166e-12 -1.900268110117826526e-12 -3.249237499058606583e-14
-1.125261217473631810e-11 -1.122534572863949362e-10 1.549654761341386663e-11 2.549916475299741505e-11 6.490132351422235763e-11 -6.555390333327409975e-12 -2.740164214914903470e-11 8.502276681542277787e-13 3.041167643855913398e-11 -6.313742846196486364e-12 -2.327596995876683919e-11 -9.535770995796906325e-12 6.251855812971728810e-12 4.273450909385783591e-12 1.106824807520475256e-11 3.952857523368719826e-11 1.978069151835962615e-11 1.097053749307083604e-11 -6.823761079943334143e-13 -2.905987140684446624e-13
4.006074015001600167e-12 -1.152314271459946144e-10 4.884128863385239584e-11 -3.946351908008751147e-11 8.384943218857005884e-11 2.064751123463364413e-11 -5.495996624430103737e-12 2.371603376229919304e-11 1.567978914661728738e-11 -2.232502531755257505e-11 -9.092042865999685391e-12 -1.230626118304122790e-11 -9.542671349089868017e-12 1.327003108892114514e-11 8.040847594673029800e-12 1.978069151835962615e-11 5.910569108189278433e-11 1.678101025626088073e-11 3.339099070795141306e-12 3.364830148187062029e-12
4.241468964164366947e-11 -5.554240360404115307e-11 5.795201988169266786e-11 2.755000976921310697e-11 4.681981327184644952e-13 6.850034740529767454e-13 1.132759334657991161e-11 2.728971391388835267e-11 1.284217378218925102e-11 6.176165188190476066e-12 6.348407128243356566e-12 -1.004356580128375622e-12 4.993658999792394001e-12 8.685247597254065108e-12 6.393058769647520166e-12 1.097053749307083604e-11 1.678101025626088073e-11 3.369357803929997084e-11 8.840762640165978772e-12 4.045165589228404892e-12
-9.102941631659583809e-11 -1.033871620491764329e-12 1.084398898144817129e-11 1.743761141119109216e-11 1.551184007501848869e-11 1.094999573943621288e-11 2.356784060033093991e-11 7.259652987462622360e-12 9.130987113741571442e-12 -5.034147002910274836e-13 8.478526932774797870e-12 1.422683064208952301e-11 -1.335768109433124878e-12 9.297583959175227415e-13 -1.900268110117826526e-12 -6.823761079943334143e-13 3.339099070795141306e-12 8.840762640165978772e-12 2.171756314893318662e-11 6.397479933397464348e-12
-1.416818565296554019e-11 -4.099337060218922980e-11 2.615989966913253756e-11 1.619968896399747865e-11 -5.434041880265011474e-12 3.023137261578506758e-11 1.428940171762483773e-11 5.578335380229807007e-12 2.454048471573497570e-12 -1.163508605386814101e-14 4.127598244251634451e-12 -1.158190925163363591e-12 -4.787168250564921431e-12 -3.858220064766102413e-13 -3.249237499058606583e-14 -2.905987140684446624e-13 3.364830148187062029e-12 4.045165589228404892e-12 6.397479933397464348e-12 1.681456163354004885e-11
