1.473214086018761787e-08 7.268565245299217769e-10 -9.469862995274986283e-10 2.130524312582101067e-10 -4.407606953534468107e-10 -9.450237908173922879e-11 -3.997995503424035212e-10 -5.508463376561980517e-10 1.210331242012403654e-10 -6.567397386927499748e-11 1.169422634454605218e-10 -9.327178788098943097e-11 -2.358352705728310074e-10 -8.134902463917092594e-11 1.066985476039464292e-11 -4.110311103647642733e-11 2.283706528388558570e-11 8.968054852242106082e-12 -2.224317957761068208e-11 -7.437855817550956733e-11
7.268565245299217769e-10 9.741146185210812641e-09 -1.110991465883524840e-10 6.466965061085154847e-10 -3.571038417462804622e-10 4.987279056363390515e-10 1.785643088548923333e-10 -1.577066738577210023e-10 1.088639184311265217e-10 2.021484791295967215e-11 -5.571294363195012293e-11 -1.776273841974614154e-11 1.033293162401206310e-10 5.784897111248914433e-11 -1.424224647148600853e-11 -3.662530823888642596e-11 -1.541387321015318346e-12 5.359545410529227949e-11 7.136832393090482478e-11 4.415152040541748644e-11
-9.469862995274986283e-10 -1.110991465883524840e-10 4.741521931325771684e-09 -1.439354640882558171e-10 4.775566272119111889e-11 3.554726651683154042e-11 6.885957237693253761e-11 -2.971552389547921329e-10 3.545731252109041317e-11 1.642947331413694003e-10 1.662295769369245950e-10 -9.163121714132903820e-11 -2.981519484023607988e-11 -5.790018993028661534e-11 2.598200607785969185e-11 -5.786918726093581616e-11 -4.687198699563672443e-12 -2.521053171053453868e-11 -3.329865950301218054e-11 -1.123529203903261042e-11
2.130524312582101067e-10 6.466965061085154847e-10 -1.439354640882558171e-10 3.848356792242522732e-09 1.611364395688503412e-10 -2.319346914467876695e-10 -2.812018710261657097e-10 -1.061679406635479733e-11 1.525316996928364651e-11 6.926235662926476977e-11 -5.569532983214189703e-11 2.802309510761371651e-11 -9.655182859239203961e-11 -6.211137032651708268e-11 -8.047505917093180754e-11 -2.149569386983035046e-11 -4.414717918606589464e-11 -2.333575592448206093e-11 3.274540261819841179e-11 3.906919648775262852e-12
-4.407606953534468107e-10 -3.571038417462804622e-10 4.775566272119111889e-11 1.611364395688503412e-10 3.143712545596326248e-09 -4.402806236300889163e-11 -1.187503605886591325e-10 4.429562653944776232e-10 1.380942844153755779e-11 -1.746379340510374706e-10 -2.247807397728698641e-11 -8.495358196120048705e-11 6.410320478670134507e-11 6.235069152236756962e-11 1.412233237673368193e-11 2.559314415062910611e-11 1.593653037788587156e-11 4.420888285074558192e-11 6.596155121217550536e-11 1.952299683395724613e-11
-9.450237908173922879e-11 4.987279056363390515e-10 3.554726651683154042e-11 -2.319346914467876695e-10 -4.402806236300889163e-11 2.120882979574576730e-09 2.676834146864310425e-10 8.286515561379939106e-11 -1.874915593055245281e-10 5.014717690991451394e-11 3.086499016621259038e-12 2.144571343650693925e-11 4.453102872990468869e-11 3.777345785444240584e-11 5.571729000751937103e-11 1.943411867808364656e-11 3.137994642378776575e-12 -3.105987808685187817e-11 -8.220603638176370410e-12 -1.500379660050462622e-11
-3.997995503424035212e-10 1.785643088548923333e-10 6.885957237693253761e-11 -2.812018710261657097e-10 -1.187503605886591325e-10 2.676834146864310425e-10 1.181942458520183141e-09 1.559169162444188879e-10 -7.836355289243060643e-11 -1.655341969806521181e-11 -3.231724716507081093e-11 -4.677879801747162308e-12 -2.877398270731119062e-11 1.583781653867998978e-11 -1.340851195938314357e-11 -1.453465847636240899e-11 5.812083867779541872e-12 -9.399549340564120832e-12 3.622551067635826650e-12 -8.753800435401763449e-12
-5.508463376561980517e-10 -1.577066738577210023e-10 -2.971552389547921329e-10 -1.061679406635479733e-11 4.429562653944776232e-10 8.286515561379939106e-11 1.559169162444188879e-10 8.652520704080550240e-10 -2.384841223198225157e-11 -3.958806166433025120e-11 -4.483605953906415414e-11 2.675269664783418325e-12 4.053613545410269949e-11 -4.795570390530663500e-12 -1.315285053578694202e-11 -9.901111922813316451e-12 -4.391448628363496354e-11 -8.436693087607667408e-12 6.315550416895701914e-12 1.229515909463238883e-11
1.210331242012403654e-10 1.088639184311265217e-10 3.545731252109041317e-11 1.525316996928364651e-11 1.380942844153755779e-11 -1.874915593055245281e-10 -7.836355289243060643e-11 -2.384841223198225157e-11 5.073957450075316797e-10 1.113879478349440645e-10 8.672346955336072818e-12 1.429203429811143125e-12 2.805747079716823124e-13 -1.160950186048766064e-11 -4.374269482088137366e-11 1.130448582422740245e-12 4.831222459349149791e-12 4.233794365803579603e-12 3.462976905153752725e-13 -1.136909235749084233e-11
-6.567397386927499748e-11 2.021484791295967215e-11 1.642947331413694003e-10 6.926235662926476977e-11 -1.746379340510374706e-10 5.014717690991451394e-11 -1.655341969806521181e-11 -3.958806166433025120e-11 1.113879478349440645e-10 4.308170782609914047e-10 1.030078900667160698e-10 3.865756220996198853e-11 3.876714951923687171e-11 -1.828205970577149801e-11 -8.696243390931842758e-12 9.666406235941836542e-12 1.379623016405518817e-11 3.164457449449673033e-12 -1.598261053639694597e-11 1.768007436850217510e-12
1.169422634454605218e-10 -5.571294363195012293e-11 1.662295769369245950e-10 -5.569532983214189703e-11 -2.247807397728698641e-11 3.086499016621259038e-12 -3.231724716507081093e-11 -4.483605953906415414e-11 8.672346955336072818e-12 1.030078900667160698e-10 2.347192560188988299e-10 2.046784551545916726e-11 6.168869482092966969e-12 -7.620320071541029592e-12 1.980162464583374132e-11 1.490149883273344967e-12 7.464473026246766897e-12 -3.161795523975347342e-12 -4.952542428227718128e-12 1.044160236484187797e-11
-9.327178788098943097e-11 -1.776273841974614154e-11 -9.163121714132903820e-11 2.802309510761371651e-11 -8.495358196120048705e-11 2.144571343650693925e-11 -4.677879801747162308e-12 2.675269664783418325e-12 1.429203429811143125e-12 3.865756220996198853e-11 2.046784551545916726e-11 1.305363570663261652e-10 3.464552436311579606e-11 -4.683334541714106837e-14 -3.349773679288791601e-12 6.290555080660835352e-12 2.791833213575912436e-12 -1.254245445087675882e-12 1.328652311523856115e-12 8.198903520263976743e-12
-2.358352705728310074e-10 1.033293162401206310e-10 -2.981519484023607988e-11 -9.655182859239203961e-11 6.410320478670134507e-11 4.453102872990468869e-11 -2.877398270731119062e-11 4.053613545410269949e-11 2.805747079716823124e-13 3.876714951923687171e-11 6.168869482092966969e-12 3.464552436311579606e-11 1.548554912860220052e-10 1.387918424695456723e-11 -6.625898438207743968e-14 4.362180677454690258e-12 -6.100810632070318904e-13 6.042645947560363251e-12 6.443362226498959306e-12 1.148064572895195949e-11
-8.134902463917092594e-11 5.784897111248914433e-11 -5.790018993028661534e-11 -6.211137032651708268e-11 6.235069152236756962e-11 3.777345785444240584e-11 1.583781653867998978e-11 -4.795570390530663500e-12 -1.160950186048766064e-11 -1.828205970577149801e-11 -7.620320071541029592e-12 -4.683334541714106837e-14 1.387918424695456723e-11 7.536061846515062591e-11 2.113415354896390862e-11 1.168460791988325646e-11 8.883372744134332539e-12 6.241689971864239702e-12 8.112817084975374991e-12 4.242591651249343772e-12
1.066985476039464292e-11 -1.424224647148600853e-11 2.598200607785969185e-11 -8.047505917093180754e-11 1.412233237673368193e-11 5.571729000751937103e-11 -1.340851195938314357e-11 -1.315285053578694202e-11 -4.374269482088137366e-11 -8.696243390931842758e-12 1.980162464583374132e-11 -3.349773679288791601e-12 -6.625898438207743968e-14 2.113415354896390862e-11 7.826181522760274309e-11 1.449855447797221182e-11 6.893320263305261240e-12 -7.896549895868262582e-13 2.324261960688368189e-12 5.284658850652472195e-12
-4.110311103647642733e-11 -3.662530823888642596e-11 -5.786918726093581616e-11 -2.149569386983035046e-11 2.559314415062910611e-11 1.943411867808364656e-11 -1.453465847636240899e-11 -9.901111922813316451e-12 1.130448582422740245e-12 9.666406235941836542e-12 1.490149883273344967e-12 6.290555080660835352e-12 4.362180677454690258e-12 1.168460791988325646e-11 1.449855447797221182e-11 5.245236257829876553e-11 2.681850894127136843e-11 1.465996621975568141e-11 6.838036089656386323e-12 2.521352418715102851e-12
2.283706528388558570e-11 -1.541387321015318346e-12 -4.687198699563672443e-12 -4.414717918606589464e-11 1.593653037788587156e-11 3.137994642378776575e-12 5.812083867779541872e-12 -4.391448628363496354e-11 4.831222459349149791e-12 1.379623016405518817e-11 7.464473026246766897e-12 2.791833213575912436e-12 -6.100810632070318904e-13 8.883372744134332539e-12 6.893320263305261240e-12 2.681850894127136843e-11 5.888387387341896281e-11 1.913452948658533753e-11 6.329784966352428663e-12 1.894828366221161023e-12
8.968054852242106082e-12 5.359545410529227949e-11 -2.521053171053453868e-11 -2.333575592448206093e-11 4.420888285074558192e-11 -3.105987808685187817e-11 -9.399549340564120832e-12 -8.436693087607667408e-12 4.233794365803579603e-12 3.164457449449673033e-12 -3.161795523975347342e-12 -1.254245445087675882e-12 6.042645947560363251e-12 6.241689971864239702e-12 -7.896549895868262582e-13 1.465996621975568141e-11 1.913452948658533753e-11 2.585719655414511893e-11 9.964618530889067095e-12 3.034866308026976676e-12
-2.224317957761068208e-11 7.136832393090482478e-11 -3.329865950301218054e-11 3.274540261819841179e-11 6.596155121217550536e-11 -8.220603638176370410e-12 3.622551067635826650e-12 6.315550416895701914e-12 3.462976905153752725e-13 -1.598261053639694597e-11 -4.952542428227718128e-12 1.328652311523856115e-12 6.443362226498959306e-12 8.112817084975374991e-12 2.324261960688368189e-12 6.838036089656386323e-12 6.329784966352428663e-12 9.964618530889067095e-12 2.523690743081594150e-11 7.500472124917287051e-12
-7.437855817550956733e-11 4.415152040541748644e-11 -1.123529203903261042e-11 3.906919648775262852e-12 1.952299683395724613e-11 -1.500379660050462622e-11 -8.753800435401763449e-12 1.229515909463238883e-11 -1.136909235749084233e-11 1.768007436850217510e-12 1.044160236484187797e-11 8.198903520263976743e-12 1.148064572895195949e-11 4.242591651249343772e-12 5.284658850652472195e-12 2.521352418715102851e-12 1.894828366221161023e-12 3.034866308026976676e-12 7.500472124917287051e-12 1.972167035927677293e-11
