2.696984463889037786e-04 2.694180097917773620e-04 2.694717008720040651e-04 2.696873609458172970e-04 2.696481489866744421e-04 2.695783509543736621e-04 2.695114096326960379e-04 2.694874139801742004e-04 2.694812097467027710e-04 2.693964091618421372e-04 2.694232308137342537e-04 2.693805803888895626e-04 2.695467934188356340e-04 2.695298507032962325e-04 2.693768136257310153e-04 2.692598972260985303e-04 2.690340145426584994e-04 2.691134063809563076e-04 2.693547593072229151e-04 2.698395786805531452e-04 2.705990015147504042e-04 2.715892388070578192e-04 2.723062025453277233e-04 2.716885111155823850e-04 2.713210421149359823e-04 2.718192045401427110e-04
2.694180097917773620e-04 2.692249286945734284e-04 2.692538550101794157e-04 2.694698335731541780e-04 2.694300535173362065e-04 2.693544483096524996e-04 2.692831603621235808e-04 2.692566921544669320e-04 2.692483559182599060e-04 2.691589291859145449e-04 2.691826533500582173e-04 2.691368595231937279e-04 2.693011543639694172e-04 2.692842744577858766e-04 2.691312839749808818e-04 2.690152200126597819e-04 2.687922683312939359e-04 2.688798943264295613e-04 2.691352462883921776e-04 2.696297606549547302e-04 2.703898157418389890e-04 2.713653449386337286e-04 2.720557255020035763e-04 2.714195449113859359e-04 2.710218769740867532e-04 2.715113219562490920e-04
2.694717008720040651e-04 2.692538550101794157e-04 2.693458649476005665e-04 2.695484205529738897e-04 2.695052520455960528e-04 2.694316447846407080e-04 2.693634800682634107e-04 2.693371979759704967e-04 2.693286453807594615e-04 2.692400610294375433e-04 2.692653804727545707e-04 2.692192340870281481e-04 2.693834163004928226e-04 2.693669966397398076e-04 2.692160190708461041e-04 2.691031230470806372e-04 2.688808821050604238e-04 2.689632752515630173e-04 2.692115391397113312e-04 2.697019406544233435e-04 2.704629635388577642e-04 2.714379254410780691e-04 2.721324855583399168e-04 2.714858050582585761e-04 2.711004741263678083e-04 2.715916756815979212e-04
2.696873609458172970e-04 2.694698335731541780e-04 2.695484205529738897e-04 2.697861272551204987e-04 2.697371912248568409e-04 2.696646697874550708e-04 2.695965783302918983e-04 2.695704815249351147e-04 2.695637414523998645e-04 2.694752395647007906e-04 2.695008884928918268e-04 2.694563836300299816e-04 2.696205454896803189e-04 2.696019128120018303e-04 2.694476050950171393e-04 2.693316583319945909e-04 2.691086664537250509e-04 2.691873583824740839e-04 2.694353231686827301e-04 2.699238418519346095e-04 2.706829082225692623e-04 2.716764034225879168e-04 2.723967189001651992e-04 2.717481849515670698e-04 2.713415457732158763e-04 2.718390829156835530e-04
2.696481489866744421e-04 2.694300535173362065e-04 2.695052520455960528e-04 2.697371912248568409e-04 2.697210767728433468e-04 2.696408871410496135e-04 2.695728437238414303e-04 2.695503145709627767e-04 2.695461661500591082e-04 2.694570327786329086e-04 2.694832485543004544e-04 2.694385745242823603e-04 2.696027480345115825e-04 2.695834881151045934e-04 2.694282037863100884e-04 2.693120476776148528e-04 2.690914485789173407e-04 2.691751078850220121e-04 2.694234264246944633e-04 2.699182245255049724e-04 2.706846927455922665e-04 2.716680794910881656e-04 2.723644710292664637e-04 2.717104646881361002e-04 2.713247447656671942e-04 2.718193064708132123e-04
2.695783509543736621e-04 2.693544483096524996e-04 2.694316447846407080e-04 2.696646697874550708e-04 2.696408871410496135e-04 2.695855964720503283e-04 2.695175167112555848e-04 2.694976131008078595e-04 2.694949949051515413e-04 2.694080753643795113e-04 2.694343716880232779e-04 2.693913435504108399e-04 2.695563922058459854e-04 2.695382892938349745e-04 2.693859316037856204e-04 2.692712020704838443e-04 2.690468232759526718e-04 2.691294956917389620e-04 2.693775635692198349e-04 2.698674561533350716e-04 2.706290791867043809e-04 2.716102679732967473e-04 2.723149751718689370e-04 2.716739288331420721e-04 2.712885730768720442e-04 2.717985984672680001e-04
2.695114096326960379e-04 2.692831603621235808e-04 2.693634800682634107e-04 2.695965783302918983e-04 2.695728437238414303e-04 2.695175167112555848e-04 2.694742124838008066e-04 2.694575518908571979e-04 2.694582604380275697e-04 2.693768155144886118e-04 2.694069880625168706e-04 2.693655630526628508e-04 2.695333070700958820e-04 2.695197350259757050e-04 2.693709402337335400e-04 2.692602339321834731e-04 2.690413881824458512e-04 2.691262277621437379e-04 2.693717626286270444e-04 2.698503139962042273e-04 2.705870022533645716e-04 2.715423537142745551e-04 2.722409803987022535e-04 2.716081125001612649e-04 2.712187390870474135e-04 2.717264174574416822e-04
2.694874139801742004e-04 2.692566921544669320e-04 2.693371979759704967e-04 2.695704815249351147e-04 2.695503145709627767e-04 2.694976131008078595e-04 2.694575518908571979e-04 2.694578839215019841e-04 2.694609738836771106e-04 2.693833785000293254e-04 2.694171379696901829e-04 2.693775452014476337e-04 2.695476903284751286e-04 2.695342062932044543e-04 2.693854143969074918e-04 2.692727149733954630e-04 2.690504636976186669e-04 2.691316671683611204e-04 2.693715196174317848e-04 2.698393808625647013e-04 2.705573146008355542e-04 2.715012732570569031e-04 2.722029039883574575e-04 2.715872597224721534e-04 2.712009052170210569e-04 2.717077809578679194e-04
2.694812097467027710e-04 2.692483559182599060e-04 2.693286453807594615e-04 2.695637414523998645e-04 2.695461661500591082e-04 2.694949949051515413e-04 2.694582604380275697e-04 2.694609738836771106e-04 2.694827514754508015e-04 2.694104823655383923e-04 2.694480360835045511e-04 2.694121713923329042e-04 2.695859276682520855e-04 2.695747571411406546e-04 2.694279253204250263e-04 2.693170451705344508e-04 2.690935648230770153e-04 2.691749577752154828e-04 2.694099897592591654e-04 2.698649273890895437e-04 2.705594713238858133e-04 2.714813687495101595e-04 2.721681776287239451e-04 2.715573226778512515e-04 2.711982657146946602e-04 2.717206762710432143e-04
2.693964091618421372e-04 2.691589291859145449e-04 2.692400610294375433e-04 2.694752395647007906e-04 2.694570327786329086e-04 2.694080753643795113e-04 2.693768155144886118e-04 2.693833785000293254e-04 2.694104823655383923e-04 2.693573385214536155e-04 2.694040893174731201e-04 2.693766719104621551e-04 2.695603811178485577e-04 2.695584312323387206e-04 2.694167277425695180e-04 2.693067325982554153e-04 2.690814095959939028e-04 2.691610510505091638e-04 2.693867485368365579e-04 2.698227937330829147e-04 2.704789596817148956e-04 2.713632955246470142e-04 2.720368136988007986e-04 2.714248664251368045e-04 2.710804845248564209e-04 2.716235580404226528e-04
2.694232308137342537e-04 2.691826533500582173e-04 2.692653804727545707e-04 2.695008884928918268e-04 2.694832485543004544e-04 2.694343716880232779e-04 2.694069880625168706e-04 2.694171379696901829e-04 2.694480360835045511e-04 2.694040893174731201e-04 2.694743891933020592e-04 2.694600728345969811e-04 2.696562270291119894e-04 2.696647538887446426e-04 2.695309320162726742e-04 2.694270510006923649e-04 2.692069577759115566e-04 2.692884285103837121e-04 2.695122554598133684e-04 2.699402755439382867e-04 2.705660716267827091e-04 2.714094730602921272e-04 2.720555218857522752e-04 2.714304698968846626e-04 2.711020204449819779e-04 2.716786631389558264e-04
2.693805803888895626e-04 2.691368595231937279e-04 2.692192340870281481e-04 2.694563836300299816e-04 2.694385745242823603e-04 2.693913435504108399e-04 2.693655630526628508e-04 2.693775452014476337e-04 2.694121713923329042e-04 2.693766719104621551e-04 2.694600728345969811e-04 2.694711974261487482e-04 2.696865779013378332e-04 2.697103315852295339e-04 2.695901764850801839e-04 2.694971582530685254e-04 2.692837992427785576e-04 2.693708784174614411e-04 2.695948230427361856e-04 2.700137080866417210e-04 2.706037521486219879e-04 2.713919274442024954e-04 2.720127801094407200e-04 2.713763433406279403e-04 2.710570705776230139e-04 2.716551594295538012e-04
2.695467934188356340e-04 2.693011543639694172e-04 2.693834163004928226e-04 2.696205454896803189e-04 2.696027480345115825e-04 2.695563922058459854e-04 2.695333070700958820e-04 2.695476903284751286e-04 2.695859276682520855e-04 2.695603811178485577e-04 2.696562270291119894e-04 2.696865779013378332e-04 2.699398087380010659e-04 2.699935389703607479e-04 2.698968144607762120e-04 2.698212612204408983e-04 2.696223090001633078e-04 2.697216058984317974e-04 2.699460753855333398e-04 2.703515307051867198e-04 2.708935285601311795e-04 2.716046893291407488e-04 2.721782713402758590e-04 2.715256572024983680e-04 2.712460760015711911e-04 2.718830599491021591e-04
2.695298507032962325e-04 2.692842744577858766e-04 2.693669966397398076e-04 2.696019128120018303e-04 2.695834881151045934e-04 2.695382892938349745e-04 2.695197350259757050e-04 2.695342062932044543e-04 2.695747571411406546e-04 2.695584312323387206e-04 2.696647538887446426e-04 2.697103315852295339e-04 2.699935389703607479e-04 2.700918476008554690e-04 2.700299898146672132e-04 2.699791990452703899e-04 2.697954588935639101e-04 2.699046448725364025e-04 2.701293112885536649e-04 2.705177229543342683e-04 2.710069320169309313e-04 2.716347387063197823e-04 2.721533373999025264e-04 2.714852080363490731e-04 2.712425859239665608e-04 2.719080210176377842e-04
2.693768136257310153e-04 2.691312839749808818e-04 2.692160190708461041e-04 2.694476050950171393e-04 2.694282037863100884e-04 2.693859316037856204e-04 2.693709402337335400e-04 2.693854143969074918e-04 2.694279253204250263e-04 2.694167277425695180e-04 2.695309320162726742e-04 2.695901764850801839e-04 2.698968144607762120e-04 2.700299898146672132e-04 2.700188806933296942e-04 2.700104806659679637e-04 2.698562801035284922e-04 2.699827640076682650e-04 2.702122923687151016e-04 2.705774000903099843e-04 2.710078711950384485e-04 2.715403683254059473e-04 2.720030569915173448e-04 2.713374545590770321e-04 2.711257729657983459e-04 2.718169723545531854e-04
2.692598972260985303e-04 2.690152200126597819e-04 2.691031230470806372e-04 2.693316583319945909e-04 2.693120476776148528e-04 2.692712020704838443e-04 2.692602339321834731e-04 2.692727149733954630e-04 2.693170451705344508e-04 2.693067325982554153e-04 2.694270510006923649e-04 2.694971582530685254e-04 2.698212612204408983e-04 2.699791990452703899e-04 2.700104806659679637e-04 2.700725633407559324e-04 2.699765254211035489e-04 2.701393450741397507e-04 2.703915776172303932e-04 2.707541105524799885e-04 2.711227159122362828e-04 2.715252293379980279e-04 2.718842875600760802e-04 2.712161563138040365e-04 2.710491179524623451e-04 2.717553995118923617e-04
2.690340145426584994e-04 2.687922683312939359e-04 2.688808821050604238e-04 2.691086664537250509e-04 2.690914485789173407e-04 2.690468232759526718e-04 2.690413881824458512e-04 2.690504636976186669e-04 2.690935648230770153e-04 2.690814095959939028e-04 2.692069577759115566e-04 2.692837992427785576e-04 2.696223090001633078e-04 2.697954588935639101e-04 2.698562801035284922e-04 2.699765254211035489e-04 2.699738479115667633e-04 2.702111089068811992e-04 2.705133415064937146e-04 2.708894443376934987e-04 2.712085557160086335e-04 2.714723805626964061e-04 2.717063023214410242e-04 2.710279876905279627e-04 2.708836491317809085e-04 2.715797780910330478e-04
2.691134063809563076e-04 2.688798943264295613e-04 2.689632752515630173e-04 2.691873583824740839e-04 2.691751078850220121e-04 2.691294956917389620e-04 2.691262277621437379e-04 2.691316671683611204e-04 2.691749577752154828e-04 2.691610510505091638e-04 2.692884285103837121e-04 2.693708784174614411e-04 2.697216058984317974e-04 2.699046448725364025e-04 2.699827640076682650e-04 2.701393450741397507e-04 2.702111089068811992e-04 2.705779577625195566e-04 2.709902187009526715e-04 2.714208164583499028e-04 2.717144580255149706e-04 2.718264298920322055e-04 2.718545207182565212e-04 2.711386767780943189e-04 2.710593039805995704e-04 2.717712542620394529e-04
2.693547593072229151e-04 2.691352462883921776e-04 2.692115391397113312e-04 2.694353231686827301e-04 2.694234264246944633e-04 2.693775635692198349e-04 2.693717626286270444e-04 2.693715196174317848e-04 2.694099897592591654e-04 2.693867485368365579e-04 2.695122554598133684e-04 2.695948230427361856e-04 2.699460753855333398e-04 2.701293112885536649e-04 2.702122923687151016e-04 2.703915776172303932e-04 2.705133415064937146e-04 2.709902187009526715e-04 2.715882659391288616e-04 2.721583166348467519e-04 2.724779026381722959e-04 2.724689739757024925e-04 2.722519809910642526e-04 2.714334821601766543e-04 2.713962621014540675e-04 2.721240416416608214e-04
2.698395786805531452e-04 2.696297606549547302e-04 2.697019406544233435e-04 2.699238418519346095e-04 2.699182245255049724e-04 2.698674561533350716e-04 2.698503139962042273e-04 2.698393808625647013e-04 2.698649273890895437e-04 2.698227937330829147e-04 2.699402755439382867e-04 2.700137080866417210e-04 2.703515307051867198e-04 2.705177229543342683e-04 2.705774000903099843e-04 2.707541105524799885e-04 2.708894443376934987e-04 2.714208164583499028e-04 2.721583166348467519e-04 2.729969527855846006e-04 2.735179267855135984e-04 2.735333802621626445e-04 2.730864600869216527e-04 2.720230364096341315e-04 2.719806164298883160e-04 2.727174222647374023e-04
2.705990015147504042e-04 2.703898157418389890e-04 2.704629635388577642e-04 2.706829082225692623e-04 2.706846927455922665e-04 2.706290791867043809e-04 2.705870022533645716e-04 2.705573146008355542e-04 2.705594713238858133e-04 2.704789596817148956e-04 2.705660716267827091e-04 2.706037521486219879e-04 2.708935285601311795e-04 2.710069320169309313e-04 2.710078711950384485e-04 2.711227159122362828e-04 2.712085557160086335e-04 2.717144580255149706e-04 2.724779026381722959e-04 2.735179267855135984e-04 2.745030220950175448e-04 2.749209430019493175e-04 2.745193097008639450e-04 2.730903166658415820e-04 2.728345716344901875e-04 2.734976098932639173e-04
2.715892388070578192e-04 2.713653449386337286e-04 2.714379254410780691e-04 2.716764034225879168e-04 2.716680794910881656e-04 2.716102679732967473e-04 2.715423537142745551e-04 2.715012732570569031e-04 2.714813687495101595e-04 2.713632955246470142e-04 2.714094730602921272e-04 2.713919274442024954e-04 2.716046893291407488e-04 2.716347387063197823e-04 2.715403683254059473e-04 2.715252293379980279e-04 2.714723805626964061e-04 2.718264298920322055e-04 2.724689739757024925e-04 2.735333802621626445e-04 2.749209430019493175e-04 2.761528181325681973e-04 2.763383456844461790e-04 2.746862064465792927e-04 2.739323063005489494e-04 2.745027025014489756e-04
2.723062025453277233e-04 2.720557255020035763e-04 2.721324855583399168e-04 2.723967189001651992e-04 2.723644710292664637e-04 2.723149751718689370e-04 2.722409803987022535e-04 2.722029039883574575e-04 2.721681776287239451e-04 2.720368136988007986e-04 2.720555218857522752e-04 2.720127801094407200e-04 2.721782713402758590e-04 2.721533373999025264e-04 2.720030569915173448e-04 2.718842875600760802e-04 2.717063023214410242e-04 2.718545207182565212e-04 2.722519809910642526e-04 2.730864600869216527e-04 2.745193097008639450e-04 2.763383456844461790e-04 2.776449370139655098e-04 2.763375422897594645e-04 2.748967516131356676e-04 2.752620595852758628e-04
2.716885111155823850e-04 2.714195449113859359e-04 2.714858050582585761e-04 2.717481849515670698e-04 2.717104646881361002e-04 2.716739288331420721e-04 2.716081125001612649e-04 2.715872597224721534e-04 2.715573226778512515e-04 2.714248664251368045e-04 2.714304698968846626e-04 2.713763433406279403e-04 2.715256572024983680e-04 2.714852080363490731e-04 2.713374545590770321e-04 2.712161563138040365e-04 2.710279876905279627e-04 2.711386767780943189e-04 2.714334821601766543e-04 2.720230364096341315e-04 2.730903166658415820e-04 2.746862064465792927e-04 2.763375422897594645e-04 2.761615648249243272e-04 2.748445291602586880e-04 2.747371334893548736e-04
2.713210421149359823e-04 2.710218769740867532e-04 2.711004741263678083e-04 2.713415457732158763e-04 2.713247447656671942e-04 2.712885730768720442e-04 2.712187390870474135e-04 2.712009052170210569e-04 2.711982657146946602e-04 2.710804845248564209e-04 2.711020204449819779e-04 2.710570705776230139e-04 2.712460760015711911e-04 2.712425859239665608e-04 2.711257729657983459e-04 2.710491179524623451e-04 2.708836491317809085e-04 2.710593039805995704e-04 2.713962621014540675e-04 2.719806164298883160e-04 2.728345716344901875e-04 2.739323063005489494e-04 2.748967516131356676e-04 2.748445291602586880e-04 2.749544347656779917e-04 2.750237684093556753e-04
2.718192045401427110e-04 2.715113219562490920e-04 2.715916756815979212e-04 2.718390829156835530e-04 2.718193064708132123e-04 2.717985984672680001e-04 2.717264174574416822e-04 2.717077809578679194e-04 2.717206762710432143e-04 2.716235580404226528e-04 2.716786631389558264e-04 2.716551594295538012e-04 2.718830599491021591e-04 2.719080210176377842e-04 2.718169723545531854e-04 2.717553995118923617e-04 2.715797780910330478e-04 2.717712542620394529e-04 2.721240416416608214e-04 2.727174222647374023e-04 2.734976098932639173e-04 2.745027025014489756e-04 2.752620595852758628e-04 2.747371334893548736e-04 2.750237684093556753e-04 2.763814164614770345e-04
