1.154359775829172672e-04 1.153847430734015892e-04 1.149527225052363369e-04 1.147338160778564560e-04 1.145856406544612998e-04 1.144870094191647247e-04 1.142624221100969689e-04 1.140268582897879649e-04 1.139276145745500324e-04 1.138115577263680984e-04 1.136948207425190452e-04 1.138992294417456202e-04 1.138504104336114572e-04 1.137317602459432650e-04 1.137425610931323339e-04 1.137770738736322058e-04 1.139839852408564924e-04 1.142374066988029012e-04 1.143235104935768639e-04 1.144460769316922534e-04 1.142052018580914485e-04 1.140600791194215608e-04 1.139282732602466490e-04 1.135794066095039112e-04 1.126315279297124646e-04 1.125398751152578209e-04
1.153847430734015892e-04 1.154263523234437105e-04 1.149607261068191723e-04 1.147399967792828797e-04 1.145881042179051337e-04 1.144851937634180564e-04 1.142602148289104461e-04 1.140232972818701709e-04 1.139253768303214137e-04 1.138120399325658945e-04 1.136973029119247973e-04 1.139015447374530816e-04 1.138476227711133479e-04 1.137225280354435151e-04 1.137326195814519005e-04 1.137702032094146308e-04 1.139752458573417608e-04 1.142240354302760864e-04 1.143041704935790346e-04 1.144302242560727779e-04 1.141964112400564149e-04 1.140441194644075448e-04 1.139256713771778421e-04 1.135832930187024957e-04 1.126249558478850253e-04 1.125187477281229580e-04
1.149527225052363369e-04 1.149607261068191723e-04 1.145698759439616317e-04 1.143298326532350939e-04 1.141767727869607652e-04 1.140766955859414902e-04 1.138532284954628756e-04 1.136198369339283949e-04 1.135223025572316573e-04 1.134103856449471693e-04 1.132977532025940276e-04 1.135028095022511861e-04 1.134544492399740527e-04 1.133363855169035165e-04 1.133499511465717975e-04 1.133842535663998215e-04 1.135814250144481509e-04 1.138238439219745366e-04 1.139000998742350118e-04 1.140155161528699958e-04 1.137835673541023835e-04 1.136482360749776073e-04 1.135412234224653999e-04 1.131913617395197076e-04 1.122146037270139448e-04 1.121076883906301327e-04
1.147338160778564560e-04 1.147399967792828797e-04 1.143298326532350939e-04 1.141341081840828691e-04 1.139745281125986183e-04 1.138754652478061449e-04 1.136544772992699248e-04 1.134228474669454685e-04 1.133264120218196763e-04 1.132161287851114084e-04 1.131041341104322388e-04 1.133089625609161257e-04 1.132598269708895748e-04 1.131431571196354419e-04 1.131549526062843221e-04 1.131887628253615133e-04 1.133858428329809784e-04 1.136286455916517968e-04 1.137021630655196409e-04 1.138181443603122515e-04 1.135796989787814622e-04 1.134303578491317320e-04 1.133158991822393632e-04 1.129794158287686118e-04 1.120301750537539866e-04 1.119143829327351626e-04
1.145856406544612998e-04 1.145881042179051337e-04 1.141767727869607652e-04 1.139745281125986183e-04 1.138450734755177895e-04 1.137412295237579446e-04 1.135213828986578888e-04 1.132897547063404782e-04 1.131945432261307862e-04 1.130861158584240452e-04 1.129737363435520003e-04 1.131802752845419851e-04 1.131335426300316630e-04 1.130160708804030587e-04 1.130238987646828405e-04 1.130545964635095026e-04 1.132525945066037285e-04 1.134978420881954669e-04 1.135721178746236390e-04 1.136871528070895434e-04 1.134503317880069601e-04 1.133027215274055519e-04 1.131922932499048921e-04 1.128598669031858855e-04 1.119007846524195185e-04 1.117766228310246784e-04
1.144870094191647247e-04 1.144851937634180564e-04 1.140766955859414902e-04 1.138754652478061449e-04 1.137412295237579446e-04 1.136612030271515769e-04 1.134394275419820246e-04 1.132083524034460691e-04 1.131163254690010128e-04 1.130094503235263680e-04 1.128989441769370625e-04 1.131079719876562010e-04 1.130626482540420219e-04 1.129452878958679088e-04 1.129537964786685557e-04 1.129810847349557002e-04 1.131759005066215816e-04 1.134145281973741127e-04 1.134868116000945615e-04 1.136011101255486665e-04 1.133625105520356426e-04 1.132125211131443349e-04 1.131021536368644227e-04 1.127699987088135695e-04 1.118175684747831468e-04 1.116928079400301461e-04
1.142624221100969689e-04 1.142602148289104461e-04 1.138532284954628756e-04 1.136544772992699248e-04 1.135213828986578888e-04 1.134394275419820246e-04 1.132378629143841807e-04 1.130090376943300673e-04 1.129205412020733599e-04 1.128164273798645698e-04 1.127069321953563086e-04 1.129200584997773520e-04 1.128802220064684152e-04 1.127651745352295802e-04 1.127712844994205175e-04 1.127973309225131039e-04 1.129908064998763910e-04 1.132308471148360264e-04 1.133017816103470065e-04 1.134103029889918876e-04 1.131617338112745041e-04 1.129979298284250467e-04 1.128858866091560475e-04 1.125526500344143868e-04 1.116045533576149354e-04 1.114885639861991194e-04
1.140268582897879649e-04 1.140232972818701709e-04 1.136198369339283949e-04 1.134228474669454685e-04 1.132897547063404782e-04 1.132083524034460691e-04 1.130090376943300673e-04 1.127975499015021390e-04 1.127126665554958174e-04 1.126108080963130853e-04 1.125043520037256797e-04 1.127210770231527827e-04 1.126849970479778786e-04 1.125741573218127730e-04 1.125808814588330308e-04 1.126036808931594064e-04 1.127926708992662500e-04 1.130296807143762967e-04 1.130979565112317429e-04 1.132048423142604371e-04 1.129510383706377455e-04 1.127811824491373985e-04 1.126674419699034892e-04 1.123270562449583677e-04 1.113875578302062308e-04 1.112767004333854829e-04
1.139276145745500324e-04 1.139253768303214137e-04 1.135223025572316573e-04 1.133264120218196763e-04 1.131945432261307862e-04 1.131163254690010128e-04 1.129205412020733599e-04 1.127126665554958174e-04 1.126456348631611770e-04 1.125511074781369863e-04 1.124510541199243873e-04 1.126750104360944675e-04 1.126453224169775730e-04 1.125389536619455003e-04 1.125487447802329770e-04 1.125736701527469156e-04 1.127622760084549445e-04 1.129995746561489805e-04 1.130677524118582075e-04 1.131665052625690143e-04 1.128929330941574443e-04 1.126949319301548608e-04 1.125731145112929390e-04 1.122283210911710367e-04 1.112925979909853741e-04 1.111859126623679622e-04
1.138115577263680984e-04 1.138120399325658945e-04 1.134103856449471693e-04 1.132161287851114084e-04 1.130861158584240452e-04 1.130094503235263680e-04 1.128164273798645698e-04 1.126108080963130853e-04 1.125511074781369863e-04 1.124767038640127272e-04 1.123860808784130208e-04 1.126181843120244896e-04 1.125962250347708376e-04 1.124965018157185920e-04 1.125111378140178820e-04 1.125370870561861228e-04 1.127263213869156202e-04 1.129624543279342491e-04 1.130324917241383746e-04 1.131263513877754585e-04 1.128346199931122264e-04 1.126041115483456147e-04 1.124731404993446944e-04 1.121162593000292652e-04 1.111654423694277612e-04 1.110634480727953828e-04
1.136948207425190452e-04 1.136973029119247973e-04 1.132977532025940276e-04 1.131041341104322388e-04 1.129737363435520003e-04 1.128989441769370625e-04 1.127069321953563086e-04 1.125043520037256797e-04 1.124510541199243873e-04 1.123860808784130208e-04 1.123153247192037264e-04 1.125583584094262039e-04 1.125447923385574750e-04 1.124528899444060374e-04 1.124746138523660948e-04 1.125041325905412403e-04 1.126934122010847885e-04 1.129310183161300323e-04 1.130003841483341777e-04 1.130868399221265951e-04 1.127733247004199523e-04 1.125105704995218829e-04 1.123752552976920382e-04 1.120125721536631631e-04 1.110616545787136060e-04 1.109648234707163696e-04
1.138992294417456202e-04 1.139015447374530816e-04 1.135028095022511861e-04 1.133089625609161257e-04 1.131802752845419851e-04 1.131079719876562010e-04 1.129200584997773520e-04 1.127210770231527827e-04 1.126750104360944675e-04 1.126181843120244896e-04 1.125583584094262039e-04 1.128267957801069242e-04 1.128301454616334226e-04 1.127508355502661861e-04 1.127860988180330484e-04 1.128231318144179424e-04 1.130137268131912667e-04 1.132486075008504845e-04 1.133123965616355009e-04 1.133841778275474979e-04 1.130356832606766251e-04 1.127282158301423821e-04 1.125949024465611371e-04 1.122354242358133069e-04 1.112768083922152114e-04 1.111762746824978513e-04
1.138504104336114572e-04 1.138476227711133479e-04 1.134544492399740527e-04 1.132598269708895748e-04 1.131335426300316630e-04 1.130626482540420219e-04 1.128802220064684152e-04 1.126849970479778786e-04 1.126453224169775730e-04 1.125962250347708376e-04 1.125447923385574750e-04 1.128301454616334226e-04 1.128627895187560548e-04 1.128022154183504298e-04 1.128510564679445450e-04 1.128978111130967457e-04 1.130912341981056839e-04 1.133282208542192408e-04 1.133910669426710507e-04 1.134534863065729050e-04 1.130764538638164024e-04 1.127287826050777026e-04 1.125884555109540159e-04 1.122308028332656075e-04 1.112671791524089354e-04 1.111509490323477214e-04
1.137317602459432650e-04 1.137225280354435151e-04 1.133363855169035165e-04 1.131431571196354419e-04 1.130160708804030587e-04 1.129452878958679088e-04 1.127651745352295802e-04 1.125741573218127730e-04 1.125389536619455003e-04 1.124965018157185920e-04 1.124528899444060374e-04 1.127508355502661861e-04 1.128022154183504298e-04 1.127784469859222576e-04 1.128574202187797429e-04 1.129261988040429937e-04 1.131323610475855736e-04 1.133782267378373790e-04 1.134434112022050356e-04 1.134949773897292582e-04 1.130798014435487254e-04 1.126600582669159457e-04 1.124930604806741343e-04 1.121417876118285762e-04 1.111703216011196985e-04 1.110376525228613201e-04
1.137425610931323339e-04 1.137326195814519005e-04 1.133499511465717975e-04 1.131549526062843221e-04 1.130238987646828405e-04 1.129537964786685557e-04 1.127712844994205175e-04 1.125808814588330308e-04 1.125487447802329770e-04 1.125111378140178820e-04 1.124746138523660948e-04 1.127860988180330484e-04 1.128510564679445450e-04 1.128574202187797429e-04 1.129864951875297262e-04 1.130945675632189011e-04 1.133252448620986996e-04 1.135814807575550044e-04 1.136502421659686451e-04 1.136983164607751414e-04 1.132417279121485755e-04 1.127323779547059616e-04 1.125237080607391300e-04 1.121749301828231824e-04 1.111962144519352245e-04 1.110465021111937354e-04
1.137770738736322058e-04 1.137702032094146308e-04 1.133842535663998215e-04 1.131887628253615133e-04 1.130545964635095026e-04 1.129810847349557002e-04 1.127973309225131039e-04 1.126036808931594064e-04 1.125736701527469156e-04 1.125370870561861228e-04 1.125041325905412403e-04 1.128231318144179424e-04 1.128978111130967457e-04 1.129261988040429937e-04 1.130945675632189011e-04 1.132661607571917612e-04 1.135456957090115432e-04 1.138315811088835621e-04 1.139157778861728574e-04 1.139657626361573883e-04 1.134641178919763832e-04 1.128519220786626992e-04 1.125752382154427452e-04 1.122322284123113687e-04 1.112554545173786812e-04 1.110974346125388935e-04
1.139839852408564924e-04 1.139752458573417608e-04 1.135814250144481509e-04 1.133858428329809784e-04 1.132525945066037285e-04 1.131759005066215816e-04 1.129908064998763910e-04 1.127926708992662500e-04 1.127622760084549445e-04 1.127263213869156202e-04 1.126934122010847885e-04 1.130137268131912667e-04 1.130912341981056839e-04 1.131323610475855736e-04 1.133252448620986996e-04 1.135456957090115432e-04 1.139095998456261290e-04 1.142639667451104512e-04 1.143892218355030432e-04 1.144531853395396650e-04 1.139106384678016166e-04 1.131866252275957538e-04 1.127918969805922849e-04 1.124389240535750685e-04 1.114580374999343668e-04 1.113118134070058594e-04
1.142374066988029012e-04 1.142240354302760864e-04 1.138238439219745366e-04 1.136286455916517968e-04 1.134978420881954669e-04 1.134145281973741127e-04 1.132308471148360264e-04 1.130296807143762967e-04 1.129995746561489805e-04 1.129624543279342491e-04 1.129310183161300323e-04 1.132486075008504845e-04 1.133282208542192408e-04 1.133782267378373790e-04 1.135814807575550044e-04 1.138315811088835621e-04 1.142639667451104512e-04 1.147296684560921337e-04 1.149414006589145567e-04 1.150423211259504709e-04 1.144750276392974170e-04 1.136459127563564864e-04 1.130734028372607885e-04 1.126848561184472870e-04 1.117329550773922341e-04 1.116124492896847762e-04
1.143235104935768639e-04 1.143041704935790346e-04 1.139000998742350118e-04 1.137021630655196409e-04 1.135721178746236390e-04 1.134868116000945615e-04 1.133017816103470065e-04 1.130979565112317429e-04 1.130677524118582075e-04 1.130324917241383746e-04 1.130003841483341777e-04 1.133123965616355009e-04 1.133910669426710507e-04 1.134434112022050356e-04 1.136502421659686451e-04 1.139157778861728574e-04 1.143892218355030432e-04 1.149414006589145567e-04 1.152915230543254696e-04 1.154908671471989158e-04 1.149482979473053889e-04 1.140464096933756997e-04 1.132760885648317016e-04 1.128081444630398461e-04 1.118913836598376673e-04 1.117663196703994722e-04
1.144460769316922534e-04 1.144302242560727779e-04 1.140155161528699958e-04 1.138181443603122515e-04 1.136871528070895434e-04 1.136011101255486665e-04 1.134103029889918876e-04 1.132048423142604371e-04 1.131665052625690143e-04 1.131263513877754585e-04 1.130868399221265951e-04 1.133841778275474979e-04 1.134534863065729050e-04 1.134949773897292582e-04 1.136983164607751414e-04 1.139657626361573883e-04 1.144531853395396650e-04 1.150423211259504709e-04 1.154908671471989158e-04 1.158935228126026955e-04 1.155124769436803654e-04 1.146393676279979879e-04 1.136782056430730368e-04 1.130015091680229138e-04 1.120915234333992258e-04 1.119681830454038627e-04
1.142052018580914485e-04 1.141964112400564149e-04 1.137835673541023835e-04 1.135796989787814622e-04 1.134503317880069601e-04 1.133625105520356426e-04 1.131617338112745041e-04 1.129510383706377455e-04 1.128929330941574443e-04 1.128346199931122264e-04 1.127733247004199523e-04 1.130356832606766251e-04 1.130764538638164024e-04 1.130798014435487254e-04 1.132417279121485755e-04 1.134641178919763832e-04 1.139106384678016166e-04 1.144750276392974170e-04 1.149482979473053889e-04 1.155124769436803654e-04 1.154738918599687949e-04 1.148981919959723400e-04 1.139238360403625093e-04 1.129186270519619550e-04 1.119457341452705491e-04 1.118521566258440074e-04
1.140600791194215608e-04 1.140441194644075448e-04 1.136482360749776073e-04 1.134303578491317320e-04 1.133027215274055519e-04 1.132125211131443349e-04 1.129979298284250467e-04 1.127811824491373985e-04 1.126949319301548608e-04 1.126041115483456147e-04 1.125105704995218829e-04 1.127282158301423821e-04 1.127287826050777026e-04 1.126600582669159457e-04 1.127323779547059616e-04 1.128519220786626992e-04 1.131866252275957538e-04 1.136459127563564864e-04 1.140464096933756997e-04 1.146393676279979879e-04 1.148981919959723400e-04 1.149749809431079115e-04 1.143787609894349818e-04 1.131550377965441842e-04 1.119578781697392911e-04 1.119124556280310132e-04
1.139282732602466490e-04 1.139256713771778421e-04 1.135412234224653999e-04 1.133158991822393632e-04 1.131922932499048921e-04 1.131021536368644227e-04 1.128858866091560475e-04 1.126674419699034892e-04 1.125731145112929390e-04 1.124731404993446944e-04 1.123752552976920382e-04 1.125949024465611371e-04 1.125884555109540159e-04 1.124930604806741343e-04 1.125237080607391300e-04 1.125752382154427452e-04 1.127918969805922849e-04 1.130734028372607885e-04 1.132760885648317016e-04 1.136782056430730368e-04 1.139238360403625093e-04 1.143787609894349818e-04 1.146254669086945360e-04 1.137633375839977584e-04 1.121919537082753546e-04 1.119692132326883133e-04
1.135794066095039112e-04 1.135832930187024957e-04 1.131913617395197076e-04 1.129794158287686118e-04 1.128598669031858855e-04 1.127699987088135695e-04 1.125526500344143868e-04 1.123270562449583677e-04 1.122283210911710367e-04 1.121162593000292652e-04 1.120125721536631631e-04 1.122354242358133069e-04 1.122308028332656075e-04 1.121417876118285762e-04 1.121749301828231824e-04 1.122322284123113687e-04 1.124389240535750685e-04 1.126848561184472870e-04 1.128081444630398461e-04 1.130015091680229138e-04 1.129186270519619550e-04 1.131550377965441842e-04 1.137633375839977584e-04 1.139197122838639755e-04 1.124590744538509369e-04 1.117866062587518223e-04
1.126315279297124646e-04 1.126249558478850253e-04 1.122146037270139448e-04 1.120301750537539866e-04 1.119007846524195185e-04 1.118175684747831468e-04 1.116045533576149354e-04 1.113875578302062308e-04 1.112925979909853741e-04 1.111654423694277612e-04 1.110616545787136060e-04 1.112768083922152114e-04 1.112671791524089354e-04 1.111703216011196985e-04 1.111962144519352245e-04 1.112554545173786812e-04 1.114580374999343668e-04 1.117329550773922341e-04 1.118913836598376673e-04 1.120915234333992258e-04 1.119457341452705491e-04 1.119578781697392911e-04 1.121919537082753546e-04 1.124590744538509369e-04 1.119860649791994383e-04 1.113041230518809036e-04
1.125398751152578209e-04 1.125187477281229580e-04 1.121076883906301327e-04 1.119143829327351626e-04 1.117766228310246784e-04 1.116928079400301461e-04 1.114885639861991194e-04 1.112767004333854829e-04 1.111859126623679622e-04 1.110634480727953828e-04 1.109648234707163696e-04 1.111762746824978513e-04 1.111509490323477214e-04 1.110376525228613201e-04 1.110465021111937354e-04 1.110974346125388935e-04 1.113118134070058594e-04 1.116124492896847762e-04 1.117663196703994722e-04 1.119681830454038627e-04 1.118521566258440074e-04 1.119124556280310132e-04 1.119692132326883133e-04 1.117866062587518223e-04 1.113041230518809036e-04 1.115942705302916252e-04
