2.950016577438686785e-04 2.941169507027912590e-04 2.938314584123873541e-04 2.937215283881130373e-04 2.932983183053232846e-04 2.931232419779459327e-04 2.927238117581351532e-04 2.924575723212846385e-04 2.921447586101245204e-04 2.920229519289797783e-04 2.919738963836884717e-04 2.920872627586497557e-04 2.925150161531489415e-04 2.927932239502297937e-04 2.929982355777393252e-04 2.931112814881046144e-04 2.931698638996222740e-04 2.938463231027715937e-04 2.942148609605842917e-04 2.946069538934924519e-04 2.951532443233414365e-04 2.950507075685752803e-04 2.941972752792901963e-04 2.926450686674386117e-04 2.935875170852034243e-04 2.931745417756045718e-04
2.941169507027912590e-04 2.933119552685597682e-04 2.930078254057973900e-04 2.928928674675325395e-04 2.924698226689517950e-04 2.922978160703787638e-04 2.919031933781932736e-04 2.916417266521213227e-04 2.913353338783465619e-04 2.912139878604037943e-04 2.911658334904064895e-04 2.912842389887779302e-04 2.917174526649319449e-04 2.919975159654957008e-04 2.921974987124206519e-04 2.923040985677725543e-04 2.923535886321534613e-04 2.930259585592936609e-04 2.933857020566492087e-04 2.937555199106172527e-04 2.942696491005333576e-04 2.941479611775304993e-04 2.933103906642079285e-04 2.918026246987771052e-04 2.927568682494433440e-04 2.923331261767969104e-04
2.938314584123873541e-04 2.930078254057973900e-04 2.927614790863366265e-04 2.926300491697832033e-04 2.922080158873818149e-04 2.920397092829108473e-04 2.916429419199318600e-04 2.913825957044113867e-04 2.910787556027138144e-04 2.909653915224279393e-04 2.909217547452579654e-04 2.910459579386284615e-04 2.914830759343473932e-04 2.917673054346966457e-04 2.919743895272192027e-04 2.920857896225659885e-04 2.921391810692696204e-04 2.928230141240013374e-04 2.931958587281044133e-04 2.935743278439051861e-04 2.940857304162276375e-04 2.939261492368518440e-04 2.930499732368225456e-04 2.915231745945412651e-04 2.924597784103237876e-04 2.920248945632118037e-04
2.937215283881130373e-04 2.928928674675325395e-04 2.926300491697832033e-04 2.925491163124979027e-04 2.921140213635639148e-04 2.919439754171320139e-04 2.915480526310395355e-04 2.912864671897851519e-04 2.909856592317992558e-04 2.908691473846251440e-04 2.908258013184397521e-04 2.909502707220632542e-04 2.913921805198548876e-04 2.916810309199753624e-04 2.918896535694007308e-04 2.920028892031532484e-04 2.920630426174757499e-04 2.927435123860629260e-04 2.931141457801582080e-04 2.934909583918503479e-04 2.940036786240318441e-04 2.938649497886842966e-04 2.930100972369843217e-04 2.914616801097308688e-04 2.923836672756750994e-04 2.919453607109297644e-04
2.932983183053232846e-04 2.924698226689517950e-04 2.922080158873818149e-04 2.921140213635639148e-04 2.917145871540461331e-04 2.915421562709766224e-04 2.911485403470989047e-04 2.908879958918840773e-04 2.905915559279712837e-04 2.904801658235496315e-04 2.904428991804142309e-04 2.905731822600676317e-04 2.910214327685804975e-04 2.913171905799508848e-04 2.915346902502011033e-04 2.916566276191909939e-04 2.917207633169688016e-04 2.924034553908988173e-04 2.927733774653869334e-04 2.931418558643130324e-04 2.936374350236615918e-04 2.934622922747039272e-04 2.925750765008884114e-04 2.910215591093648487e-04 2.919778646681938294e-04 2.915594630543211154e-04
2.931232419779459327e-04 2.922978160703787638e-04 2.920397092829108473e-04 2.919439754171320139e-04 2.915421562709766224e-04 2.913960836661408284e-04 2.909992353334093455e-04 2.907391294191408594e-04 2.904447824461032428e-04 2.903377263417640194e-04 2.903039347203487043e-04 2.904396642817728470e-04 2.908924025303391992e-04 2.911939542714955115e-04 2.914124242869402248e-04 2.915358302171479517e-04 2.916001162097400594e-04 2.922776665624720140e-04 2.926400961836298983e-04 2.930018880898591213e-04 2.934814947112805716e-04 2.932841621695880807e-04 2.923941753485034779e-04 2.908481329221899287e-04 2.918094271313536941e-04 2.913805894264591845e-04
2.927238117581351532e-04 2.919031933781932736e-04 2.916429419199318600e-04 2.915480526310395355e-04 2.911485403470989047e-04 2.909992353334093455e-04 2.906277762365017331e-04 2.903730428813370646e-04 2.900856053660742567e-04 2.899854204830511922e-04 2.899580338332233775e-04 2.900990290281632708e-04 2.905605018841801398e-04 2.908697812042435158e-04 2.910965571632525661e-04 2.912279090672468488e-04 2.913025056561045095e-04 2.919871744646623975e-04 2.923569549590726655e-04 2.927169853607964234e-04 2.931723167957088786e-04 2.929366060866609909e-04 2.920415317798225334e-04 2.904815483100854179e-04 2.914204727501961659e-04 2.909782583658182737e-04
2.924575723212846385e-04 2.916417266521213227e-04 2.913825957044113867e-04 2.912864671897851519e-04 2.908879958918840773e-04 2.907391294191408594e-04 2.903730428813370646e-04 2.901415905199071152e-04 2.898617241750172974e-04 2.897705790153901170e-04 2.897523825410067383e-04 2.899056538529845291e-04 2.903803932980479055e-04 2.906976653293743564e-04 2.909339733437735285e-04 2.910767852485617339e-04 2.911618891835187663e-04 2.918575186313726241e-04 2.922293672045898926e-04 2.925861490860162174e-04 2.930162687952581882e-04 2.927343307255257480e-04 2.918173788598491338e-04 2.902386036422390674e-04 2.911741067979189794e-04 2.907389914909394471e-04
2.921447586101245204e-04 2.913353338783465619e-04 2.910787556027138144e-04 2.909856592317992558e-04 2.905915559279712837e-04 2.904447824461032428e-04 2.900856053660742567e-04 2.898617241750172974e-04 2.896085206569771770e-04 2.895296462815259752e-04 2.895245416054725894e-04 2.896919994859102837e-04 2.901841132464912034e-04 2.905132306610979168e-04 2.907620280825578911e-04 2.909197289245666999e-04 2.910176788166124809e-04 2.917206193636995206e-04 2.920941053256114178e-04 2.924413139308668173e-04 2.928377300789467897e-04 2.924939189074584863e-04 2.915427636991980054e-04 2.899617277120212686e-04 2.909006127597352828e-04 2.904634419571963991e-04
2.920229519289797783e-04 2.912139878604037943e-04 2.909653915224279393e-04 2.908691473846251440e-04 2.904801658235496315e-04 2.903377263417640194e-04 2.899854204830511922e-04 2.897705790153901170e-04 2.895296462815259752e-04 2.894797312857308479e-04 2.894926326193199653e-04 2.896787797393145930e-04 2.901932215151025438e-04 2.905428941056445273e-04 2.908115982599179827e-04 2.909876141391633904e-04 2.910990943828829780e-04 2.918098365363500893e-04 2.921831379983878948e-04 2.925181727683646309e-04 2.928649373131703777e-04 2.924377689468665134e-04 2.914450261526764182e-04 2.898606439293078987e-04 2.908054771671042689e-04 2.903468198398884430e-04
2.919738963836884717e-04 2.911658334904064895e-04 2.909217547452579654e-04 2.908258013184397521e-04 2.904428991804142309e-04 2.903039347203487043e-04 2.899580338332233775e-04 2.897523825410067383e-04 2.895245416054725894e-04 2.894926326193199653e-04 2.895426539573487225e-04 2.897583992986298997e-04 2.903052882927693564e-04 2.906836805124195493e-04 2.909787000319219203e-04 2.911764697941521805e-04 2.913081764516426276e-04 2.920333288801389162e-04 2.924073332847833512e-04 2.927212050995006611e-04 2.929932556589969752e-04 2.924473134474271261e-04 2.914001272014107901e-04 2.898288677937603574e-04 2.907783678277951864e-04 2.903207071638733020e-04
2.920872627586497557e-04 2.912842389887779302e-04 2.910459579386284615e-04 2.909502707220632542e-04 2.905731822600676317e-04 2.904396642817728470e-04 2.900990290281632708e-04 2.899056538529845291e-04 2.896919994859102837e-04 2.896787797393145930e-04 2.897583992986298997e-04 2.900210502234566940e-04 2.906114343539565833e-04 2.910250724039115198e-04 2.913542054454446896e-04 2.915799184858606456e-04 2.917308259310971968e-04 2.924653991749268361e-04 2.928366870545626968e-04 2.931262718285942460e-04 2.933182808534461170e-04 2.926356342185000028e-04 2.915213353885522064e-04 2.899434365481292687e-04 2.909080734734483952e-04 2.904256791127920144e-04
2.925150161531489415e-04 2.917174526649319449e-04 2.914830759343473932e-04 2.913921805198548876e-04 2.910214327685804975e-04 2.908924025303391992e-04 2.905605018841801398e-04 2.903803932980479055e-04 2.901841132464912034e-04 2.901932215151025438e-04 2.903052882927693564e-04 2.906114343539565833e-04 2.912718572616139739e-04 2.917432438245594079e-04 2.921276859432136237e-04 2.924020419112082110e-04 2.925910472329558052e-04 2.933518939511348144e-04 2.937226898017869297e-04 2.939814940368193374e-04 2.940644579109329896e-04 2.931869760549873439e-04 2.919847943899160051e-04 2.904095489354721550e-04 2.913677448500362542e-04 2.908535982082062661e-04
2.927932239502297937e-04 2.919975159654957008e-04 2.917673054346966457e-04 2.916810309199753624e-04 2.913171905799508848e-04 2.911939542714955115e-04 2.908697812042435158e-04 2.906976653293743564e-04 2.905132306610979168e-04 2.905428941056445273e-04 2.906836805124195493e-04 2.910250724039115198e-04 2.917432438245594079e-04 2.922926102715770196e-04 2.927499899213142171e-04 2.930852302248150186e-04 2.933244542555378336e-04 2.941202285620234027e-04 2.944974321936692091e-04 2.947260784136022547e-04 2.947071897408511869e-04 2.936313417283141383e-04 2.923472743604024369e-04 2.907797800972589954e-04 2.917230279660357087e-04 2.911597335646200538e-04
2.929982355777393252e-04 2.921974987124206519e-04 2.919743895272192027e-04 2.918896535694007308e-04 2.915346902502011033e-04 2.914124242869402248e-04 2.910965571632525661e-04 2.909339733437735285e-04 2.907620280825578911e-04 2.908115982599179827e-04 2.909787000319219203e-04 2.913542054454446896e-04 2.921276859432136237e-04 2.927499899213142171e-04 2.933090748745374038e-04 2.937326143692383165e-04 2.940470002236979848e-04 2.949017457394092719e-04 2.953015639961731526e-04 2.955136151176192359e-04 2.953886752164792983e-04 2.940841850700255601e-04 2.926781785208842652e-04 2.910818228216426355e-04 2.920101181987794768e-04 2.914245382806137470e-04
2.931112814881046144e-04 2.923040985677725543e-04 2.920857896225659885e-04 2.920028892031532484e-04 2.916566276191909939e-04 2.915358302171479517e-04 2.912279090672468488e-04 2.910767852485617339e-04 2.909197289245666999e-04 2.909876141391633904e-04 2.911764697941521805e-04 2.915799184858606456e-04 2.924020419112082110e-04 2.930852302248150186e-04 2.937326143692383165e-04 2.942807782952755664e-04 2.947089465109906494e-04 2.956419979730215203e-04 2.960655310240962556e-04 2.962758759245003905e-04 2.960616183750193996e-04 2.945055231024820935e-04 2.929455228202295139e-04 2.913213959592560361e-04 2.922370960263030531e-04 2.916421722043799304e-04
2.931698638996222740e-04 2.923535886321534613e-04 2.921391810692696204e-04 2.920630426174757499e-04 2.917207633169688016e-04 2.916001162097400594e-04 2.913025056561045095e-04 2.911618891835187663e-04 2.910176788166124809e-04 2.910990943828829780e-04 2.913081764516426276e-04 2.917308259310971968e-04 2.925910472329558052e-04 2.933244542555378336e-04 2.940470002236979848e-04 2.947089465109906494e-04 2.953137860665200451e-04 2.963993377358202464e-04 2.969142135210275837e-04 2.971804306212548247e-04 2.969134274806563365e-04 2.950827969477683079e-04 2.932677996919409724e-04 2.915631161509588598e-04 2.924340237339768055e-04 2.918324833932579919e-04
2.938463231027715937e-04 2.930259585592936609e-04 2.928230141240013374e-04 2.927435123860629260e-04 2.924034553908988173e-04 2.922776665624720140e-04 2.919871744646623975e-04 2.918575186313726241e-04 2.917206193636995206e-04 2.918098365363500893e-04 2.920333288801389162e-04 2.924653991749268361e-04 2.933518939511348144e-04 2.941202285620234027e-04 2.949017457394092719e-04 2.956419979730215203e-04 2.963993377358202464e-04 2.977003980809906692e-04 2.983914576616853603e-04 2.987806833299794696e-04 2.985149797715595061e-04 2.964474995961625925e-04 2.942913546846419185e-04 2.924222126397088193e-04 2.932011252911655044e-04 2.926199710642611042e-04
2.942148609605842917e-04 2.933857020566492087e-04 2.931958587281044133e-04 2.931141457801582080e-04 2.927733774653869334e-04 2.926400961836298983e-04 2.923569549590726655e-04 2.922293672045898926e-04 2.920941053256114178e-04 2.921831379983878948e-04 2.924073332847833512e-04 2.928366870545626968e-04 2.937226898017869297e-04 2.944974321936692091e-04 2.953015639961731526e-04 2.960655310240962556e-04 2.969142135210275837e-04 2.983914576616853603e-04 2.993670199226042381e-04 3.000243350868601953e-04 2.999038427686692146e-04 2.977611484478534130e-04 2.952012406356963005e-04 2.930281296470023627e-04 2.936850854478441851e-04 2.930968876989753220e-04
2.946069538934924519e-04 2.937555199106172527e-04 2.935743278439051861e-04 2.934909583918503479e-04 2.931418558643130324e-04 2.930018880898591213e-04 2.927169853607964234e-04 2.925861490860162174e-04 2.924413139308668173e-04 2.925181727683646309e-04 2.927212050995006611e-04 2.931262718285942460e-04 2.939814940368193374e-04 2.947260784136022547e-04 2.955136151176192359e-04 2.962758759245003905e-04 2.971804306212548247e-04 2.987806833299794696e-04 3.000243350868601953e-04 3.011287756836958851e-04 3.013909647693113823e-04 2.993531738268743678e-04 2.963676359592351062e-04 2.937005471203033100e-04 2.942409262837249900e-04 2.936422168669834557e-04
2.951532443233414365e-04 2.942696491005333576e-04 2.940857304162276375e-04 2.940036786240318441e-04 2.936374350236615918e-04 2.934814947112805716e-04 2.931723167957088786e-04 2.930162687952581882e-04 2.928377300789467897e-04 2.928649373131703777e-04 2.929932556589969752e-04 2.933182808534461170e-04 2.940644579109329896e-04 2.947071897408511869e-04 2.953886752164792983e-04 2.960616183750193996e-04 2.969134274806563365e-04 2.985149797715595061e-04 2.999038427686692146e-04 3.013909647693113823e-04 3.023917652187052942e-04 3.010207884320366596e-04 2.979791704336720321e-04 2.947007179526737195e-04 2.950001818469064714e-04 2.943313220040769920e-04
2.950507075685752803e-04 2.941479611775304993e-04 2.939261492368518440e-04 2.938649497886842966e-04 2.934622922747039272e-04 2.932841621695880807e-04 2.929366060866609909e-04 2.927343307255257480e-04 2.924939189074584863e-04 2.924377689468665134e-04 2.924473134474271261e-04 2.926356342185000028e-04 2.931869760549873439e-04 2.936313417283141383e-04 2.940841850700255601e-04 2.945055231024820935e-04 2.950827969477683079e-04 2.964474995961625925e-04 2.977611484478534130e-04 2.993531738268743678e-04 3.010207884320366596e-04 3.010670072435068698e-04 2.988079534258640296e-04 2.951564459168831483e-04 2.949601713757295609e-04 2.940974944889124362e-04
2.941972752792901963e-04 2.933103906642079285e-04 2.930499732368225456e-04 2.930100972369843217e-04 2.925750765008884114e-04 2.923941753485034779e-04 2.920415317798225334e-04 2.918173788598491338e-04 2.915427636991980054e-04 2.914450261526764182e-04 2.914001272014107901e-04 2.915213353885522064e-04 2.919847943899160051e-04 2.923472743604024369e-04 2.926781785208842652e-04 2.929455228202295139e-04 2.932677996919409724e-04 2.942913546846419185e-04 2.952012406356963005e-04 2.963676359592351062e-04 2.979791704336720321e-04 2.988079534258640296e-04 2.982604212194892002e-04 2.955378778250715432e-04 2.947907175245304207e-04 2.933480709098449692e-04
2.926450686674386117e-04 2.918026246987771052e-04 2.915231745945412651e-04 2.914616801097308688e-04 2.910215591093648487e-04 2.908481329221899287e-04 2.904815483100854179e-04 2.902386036422390674e-04 2.899617277120212686e-04 2.898606439293078987e-04 2.898288677937603574e-04 2.899434365481292687e-04 2.904095489354721550e-04 2.907797800972589954e-04 2.910818228216426355e-04 2.913213959592560361e-04 2.915631161509588598e-04 2.924222126397088193e-04 2.930281296470023627e-04 2.937005471203033100e-04 2.947007179526737195e-04 2.951564459168831483e-04 2.955378778250715432e-04 2.949798976179270993e-04 2.946965346354378078e-04 2.925589856686509741e-04
2.935875170852034243e-04 2.927568682494433440e-04 2.924597784103237876e-04 2.923836672756750994e-04 2.919778646681938294e-04 2.918094271313536941e-04 2.914204727501961659e-04 2.911741067979189794e-04 2.909006127597352828e-04 2.908054771671042689e-04 2.907783678277951864e-04 2.909080734734483952e-04 2.913677448500362542e-04 2.917230279660357087e-04 2.920101181987794768e-04 2.922370960263030531e-04 2.924340237339768055e-04 2.932011252911655044e-04 2.936850854478441851e-04 2.942409262837249900e-04 2.950001818469064714e-04 2.949601713757295609e-04 2.947907175245304207e-04 2.946965346354378078e-04 2.965889242580968966e-04 2.949317419203619645e-04
2.931745417756045718e-04 2.923331261767969104e-04 2.920248945632118037e-04 2.919453607109297644e-04 2.915594630543211154e-04 2.913805894264591845e-04 2.909782583658182737e-04 2.907389914909394471e-04 2.904634419571963991e-04 2.903468198398884430e-04 2.903207071638733020e-04 2.904256791127920144e-04 2.908535982082062661e-04 2.911597335646200538e-04 2.914245382806137470e-04 2.916421722043799304e-04 2.918324833932579919e-04 2.926199710642611042e-04 2.930968876989753220e-04 2.936422168669834557e-04 2.943313220040769920e-04 2.940974944889124362e-04 2.933480709098449692e-04 2.925589856686509741e-04 2.949317419203619645e-04 2.957612177853857706e-04
