5.458460342163507862e-04 5.464629674726874126e-04 5.467557447524851654e-04 5.469401194934987460e-04 5.472060901770795134e-04 5.474494531472036624e-04 5.475721356745031753e-04 5.476322259001130052e-04 5.477392384904655439e-04 5.478864797441555671e-04 5.482198606259463397e-04 5.485496535928226138e-04 5.487693257397237723e-04 5.489432797101854392e-04 5.488796140069234853e-04 5.486935079175537730e-04 5.483904533021348145e-04 5.480988233631673692e-04 5.473560251995192652e-04 5.466306745796695654e-04 5.473344354955799341e-04 5.493033031092526587e-04 5.516853434982880826e-04 5.510578898767644861e-04 5.490868487982275125e-04 5.493265074262235897e-04
5.464629674726874126e-04 5.471429880034872108e-04 5.474167006200599114e-04 5.476025819516371681e-04 5.478631364055186036e-04 5.481068634302700172e-04 5.482313591538025537e-04 5.482896683295144331e-04 5.483962540229806414e-04 5.485429772913805874e-04 5.488806887059498709e-04 5.492139735931839389e-04 5.494389918112619915e-04 5.496187716486387398e-04 5.495589562373588395e-04 5.493802051701133496e-04 5.490858271298491421e-04 5.488031593655776433e-04 5.480730420632220958e-04 5.473520989218922436e-04 5.480443856824580027e-04 5.499929357613345376e-04 5.523640164332771149e-04 5.517435133640447888e-04 5.497532127140152859e-04 5.499757659952774803e-04
5.467557447524851654e-04 5.474167006200599114e-04 5.477422024611104190e-04 5.479105005382265119e-04 5.481731260881493595e-04 5.484195175524604919e-04 5.485441841300194845e-04 5.486041462417498918e-04 5.487127973222089353e-04 5.488625015428776543e-04 5.492003753571561781e-04 5.495366067891451801e-04 5.497620306853304422e-04 5.499444292187103973e-04 5.498873689450959256e-04 5.497131095309880800e-04 5.494186495849921097e-04 5.491315538769411765e-04 5.483949175937558691e-04 5.476647573157188229e-04 5.483400554278641467e-04 5.502704860717823809e-04 5.526444397996363011e-04 5.520435891595699800e-04 5.500667730399767461e-04 5.502866779991747977e-04
5.469401194934987460e-04 5.476025819516371681e-04 5.479105005382265119e-04 5.481165582674803888e-04 5.483721341051990463e-04 5.486174507337151585e-04 5.487408987936866472e-04 5.488030019071664248e-04 5.489120559641142349e-04 5.490630514086281390e-04 5.494043474498076134e-04 5.497456445120118239e-04 5.499754008092342912e-04 5.501595497085937916e-04 5.501010301995142189e-04 5.499245150122455527e-04 5.496255339516625989e-04 5.493367039500051535e-04 5.485999896528193131e-04 5.478727406957388220e-04 5.485559379390573089e-04 5.504938300332114232e-04 5.528805303454273562e-04 5.522737479356202737e-04 5.502870031793556486e-04 5.505309917658080714e-04
5.472060901770795134e-04 5.478631364055186036e-04 5.481731260881493595e-04 5.483721341051990463e-04 5.486516789349057347e-04 5.488946995584187546e-04 5.490175400316799157e-04 5.490801098802192571e-04 5.491933549566913302e-04 5.493451038534251200e-04 5.496877014841739005e-04 5.500312083108969399e-04 5.502637079559626792e-04 5.504509371174816671e-04 5.503967762786666530e-04 5.502255474834846522e-04 5.499272832894305102e-04 5.496372021622913115e-04 5.488922096310341458e-04 5.481571805290594377e-04 5.488279162031955549e-04 5.507515692624332391e-04 5.531335940348605044e-04 5.525444358889795068e-04 5.505894898872893545e-04 5.508172751560889892e-04
5.474494531472036624e-04 5.481068634302700172e-04 5.484195175524604919e-04 5.486174507337151585e-04 5.488946995584187546e-04 5.491620784898214791e-04 5.492840492111154696e-04 5.493486016300878298e-04 5.494635223494291534e-04 5.496202245548211483e-04 5.499669711919228212e-04 5.503149446331982589e-04 5.505522155199531718e-04 5.507447277774566103e-04 5.506953876133983267e-04 5.505287029990821226e-04 5.502341281010065047e-04 5.499461640953551929e-04 5.491959953045909585e-04 5.484548294558993413e-04 5.491179882761140557e-04 5.510169717383159912e-04 5.533843068059520354e-04 5.527876223351877285e-04 5.508418759694360322e-04 5.510998109971922436e-04
5.475721356745031753e-04 5.482313591538025537e-04 5.485441841300194845e-04 5.487408987936866472e-04 5.490175400316799157e-04 5.492840492111154696e-04 5.494263508562404310e-04 5.494933421629328262e-04 5.496114587250910954e-04 5.497698397301927983e-04 5.501202846424220168e-04 5.504735082348223910e-04 5.507160553535116274e-04 5.509153867569408381e-04 5.508704457653707583e-04 5.507061822454991642e-04 5.504175814007019815e-04 5.501363481549375028e-04 5.493924924815235533e-04 5.486446472872086831e-04 5.492865928296631391e-04 5.511585794160327829e-04 5.535091578970665043e-04 5.529117060612852904e-04 5.509775179945248982e-04 5.512523901736073040e-04
5.476322259001130052e-04 5.482896683295144331e-04 5.486041462417498918e-04 5.488030019071664248e-04 5.490801098802192571e-04 5.493486016300878298e-04 5.494933421629328262e-04 5.495763279294025704e-04 5.496981066455238407e-04 5.498609716445094229e-04 5.502194798900415622e-04 5.505800970963371050e-04 5.508277647999627706e-04 5.510333460380703033e-04 5.509946446653729134e-04 5.508346417583628602e-04 5.505513397238553106e-04 5.502771585064505358e-04 5.495345226054001043e-04 5.487827522089967422e-04 5.494124480695909696e-04 5.512589459305371328e-04 5.535871861602094509e-04 5.529888000446329986e-04 5.510683690917645740e-04 5.513465704690593367e-04
5.477392384904655439e-04 5.483962540229806414e-04 5.487127973222089353e-04 5.489120559641142349e-04 5.491933549566913302e-04 5.494635223494291534e-04 5.496114587250910954e-04 5.496981066455238407e-04 5.498387305941694484e-04 5.500076748992457909e-04 5.503718161533825270e-04 5.507406159752260963e-04 5.509980357200662537e-04 5.512135251528945280e-04 5.511822492581528506e-04 5.510283096287899030e-04 5.507451125940208579e-04 5.504716628586130188e-04 5.497274855004722531e-04 5.489659571737044459e-04 5.495664181281276379e-04 5.513785793506223182e-04 5.536898420642867927e-04 5.531041040728134186e-04 5.512059222442995156e-04 5.514975879231262751e-04
5.478864797441555671e-04 5.485429772913805874e-04 5.488625015428776543e-04 5.490630514086281390e-04 5.493451038534251200e-04 5.496202245548211483e-04 5.497698397301927983e-04 5.498609716445094229e-04 5.500076748992457909e-04 5.501981721698554189e-04 5.505735701122876219e-04 5.509541424093342002e-04 5.512249833375086486e-04 5.514503991552490965e-04 5.514286280516914572e-04 5.512814524063624089e-04 5.510022114333971380e-04 5.507307901706444452e-04 5.499866258205432035e-04 5.492111782458502329e-04 5.497808306600709309e-04 5.515547977756619360e-04 5.538483898214720995e-04 5.532762760223322758e-04 5.514006324874735953e-04 5.516934772800869986e-04
5.482198606259463397e-04 5.488806887059498709e-04 5.492003753571561781e-04 5.494043474498076134e-04 5.496877014841739005e-04 5.499669711919228212e-04 5.501202846424220168e-04 5.502194798900415622e-04 5.503718161533825270e-04 5.505735701122876219e-04 5.509785315938847249e-04 5.513796723502330591e-04 5.516688023101638935e-04 5.519143653288478227e-04 5.519084086933069956e-04 5.517737045510717579e-04 5.515038487494700742e-04 5.512443622878610569e-04 5.505056553545598606e-04 5.497157992390041799e-04 5.502486263269137619e-04 5.519533968838863163e-04 5.541933560922581358e-04 5.536274575806582636e-04 5.517862919631324548e-04 5.520766094734329624e-04
5.485496535928226138e-04 5.492139735931839389e-04 5.495366067891451801e-04 5.497456445120118239e-04 5.500312083108969399e-04 5.503149446331982589e-04 5.504735082348223910e-04 5.505800970963371050e-04 5.507406159752260963e-04 5.509541424093342002e-04 5.513796723502330591e-04 5.518152163637724808e-04 5.521336436119555135e-04 5.524096369828556926e-04 5.524268492586971793e-04 5.523120609041747226e-04 5.520589756977292272e-04 5.518142587953693296e-04 5.510749706970645336e-04 5.502553135758736372e-04 5.507249911888999943e-04 5.523298713234609230e-04 5.545030575380962765e-04 5.539471883765504159e-04 5.521602858443649953e-04 5.524751121703682342e-04
5.487693257397237723e-04 5.494389918112619915e-04 5.497620306853304422e-04 5.499754008092342912e-04 5.502637079559626792e-04 5.505522155199531718e-04 5.507160553535116274e-04 5.508277647999627706e-04 5.509980357200662537e-04 5.512249833375086486e-04 5.516688023101638935e-04 5.521336436119555135e-04 5.524991669681232707e-04 5.528181005629275108e-04 5.528673609352659050e-04 5.527820755271217008e-04 5.525507384900902198e-04 5.523279287966005287e-04 5.515975012691988087e-04 5.507529750344954730e-04 5.511632900556621278e-04 5.526674809051517053e-04 5.547672805769572396e-04 5.542137461177076710e-04 5.524850489480548311e-04 5.527946400955596794e-04
5.489432797101854392e-04 5.496187716486387398e-04 5.499444292187103973e-04 5.501595497085937916e-04 5.504509371174816671e-04 5.507447277774566103e-04 5.509153867569408381e-04 5.510333460380703033e-04 5.512135251528945280e-04 5.514503991552490965e-04 5.519143653288478227e-04 5.524096369828556926e-04 5.528181005629275108e-04 5.532027817559033184e-04 5.533029933961749807e-04 5.532644149754216813e-04 5.530696621618574633e-04 5.528747344105816846e-04 5.521576422438851956e-04 5.512776820886090921e-04 5.515928742490227308e-04 5.529592301891947479e-04 5.549646440396727425e-04 5.544432307935800519e-04 5.528024306326400315e-04 5.531115562030342698e-04
5.488796140069234853e-04 5.495589562373588395e-04 5.498873689450959256e-04 5.501010301995142189e-04 5.503967762786666530e-04 5.506953876133983267e-04 5.508704457653707583e-04 5.509946446653729134e-04 5.511822492581528506e-04 5.514286280516914572e-04 5.519084086933069956e-04 5.524268492586971793e-04 5.528673609352659050e-04 5.533029933961749807e-04 5.534732565192424436e-04 5.535046982173116772e-04 5.533693736513645763e-04 5.532206500703050868e-04 5.525237989265314531e-04 5.516153008100397291e-04 5.518297718868400269e-04 5.530184023818484999e-04 5.548967272988555074e-04 5.544134450823480584e-04 5.528487808103757636e-04 5.531602054280398365e-04
5.486935079175537730e-04 5.493802051701133496e-04 5.497131095309880800e-04 5.499245150122455527e-04 5.502255474834846522e-04 5.505287029990821226e-04 5.507061822454991642e-04 5.508346417583628602e-04 5.510283096287899030e-04 5.512814524063624089e-04 5.517737045510717579e-04 5.523120609041747226e-04 5.527820755271217008e-04 5.532644149754216813e-04 5.535046982173116772e-04 5.536446651983654120e-04 5.536117970613665300e-04 5.535501028022711285e-04 5.529036420107669115e-04 5.519786502394338637e-04 5.520754311251508404e-04 5.530219094820826384e-04 5.547051781743136912e-04 5.542475762957045247e-04 5.527785126487795185e-04 5.531187495939122361e-04
5.483904533021348145e-04 5.490858271298491421e-04 5.494186495849921097e-04 5.496255339516625989e-04 5.499272832894305102e-04 5.502341281010065047e-04 5.504175814007019815e-04 5.505513397238553106e-04 5.507451125940208579e-04 5.510022114333971380e-04 5.515038487494700742e-04 5.520589756977292272e-04 5.525507384900902198e-04 5.530696621618574633e-04 5.533693736513645763e-04 5.536117970613665300e-04 5.537303444799778537e-04 5.538059178217581442e-04 5.532362808374246318e-04 5.523079943674893185e-04 5.522861669515192638e-04 5.529519233651503845e-04 5.543842906592912284e-04 5.539252083299082627e-04 5.525564679951906148e-04 5.529805087026162802e-04
5.480988233631673692e-04 5.488031593655776433e-04 5.491315538769411765e-04 5.493367039500051535e-04 5.496372021622913115e-04 5.499461640953551929e-04 5.501363481549375028e-04 5.502771585064505358e-04 5.504716628586130188e-04 5.507307901706444452e-04 5.512443622878610569e-04 5.518142587953693296e-04 5.523279287966005287e-04 5.528747344105816846e-04 5.532206500703050868e-04 5.535501028022711285e-04 5.538059178217581442e-04 5.540781805021643795e-04 5.536609740640019645e-04 5.527744328864554312e-04 5.526840957144761764e-04 5.530734679523278833e-04 5.541536511124056825e-04 5.536126167077249109e-04 5.523753145582627070e-04 5.528802156580540830e-04
5.473560251995192652e-04 5.480730420632220958e-04 5.483949175937558691e-04 5.485999896528193131e-04 5.488922096310341458e-04 5.491959953045909585e-04 5.493924924815235533e-04 5.495345226054001043e-04 5.497274855004722531e-04 5.499866258205432035e-04 5.505056553545598606e-04 5.510749706970645336e-04 5.515975012691988087e-04 5.521576422438851956e-04 5.525237989265314531e-04 5.529036420107669115e-04 5.532362808374246318e-04 5.536609740640019645e-04 5.534846795944834731e-04 5.527764736743596584e-04 5.527552336992174646e-04 5.530137787713539218e-04 5.537395114114134669e-04 5.529991870373632268e-04 5.517948370350170186e-04 5.522869322851668488e-04
5.466306745796695654e-04 5.473520989218922436e-04 5.476647573157188229e-04 5.478727406957388220e-04 5.481571805290594377e-04 5.484548294558993413e-04 5.486446472872086831e-04 5.487827522089967422e-04 5.489659571737044459e-04 5.492111782458502329e-04 5.497157992390041799e-04 5.502553135758736372e-04 5.507529750344954730e-04 5.512776820886090921e-04 5.516153008100397291e-04 5.519786502394338637e-04 5.523079943674893185e-04 5.527744328864554312e-04 5.527764736743596584e-04 5.524244791810157575e-04 5.527296160764327750e-04 5.531438959978030511e-04 5.536623318588645114e-04 5.525402926553108114e-04 5.511789724068497445e-04 5.515867573501835033e-04
5.473344354955799341e-04 5.480443856824580027e-04 5.483400554278641467e-04 5.485559379390573089e-04 5.488279162031955549e-04 5.491179882761140557e-04 5.492865928296631391e-04 5.494124480695909696e-04 5.495664181281276379e-04 5.497808306600709309e-04 5.502486263269137619e-04 5.507249911888999943e-04 5.511632900556621278e-04 5.515928742490227308e-04 5.518297718868400269e-04 5.520754311251508404e-04 5.522861669515192638e-04 5.526840957144761764e-04 5.527552336992174646e-04 5.527296160764327750e-04 5.536737333980357384e-04 5.547354081111503365e-04 5.554238182120293642e-04 5.537743100410676220e-04 5.519511052823464952e-04 5.522238342873406159e-04
5.493033031092526587e-04 5.499929357613345376e-04 5.502704860717823809e-04 5.504938300332114232e-04 5.507515692624332391e-04 5.510169717383159912e-04 5.511585794160327829e-04 5.512589459305371328e-04 5.513785793506223182e-04 5.515547977756619360e-04 5.519533968838863163e-04 5.523298713234609230e-04 5.526674809051517053e-04 5.529592301891947479e-04 5.530184023818484999e-04 5.530219094820826384e-04 5.529519233651503845e-04 5.530734679523278833e-04 5.530137787713539218e-04 5.531438959978030511e-04 5.547354081111503365e-04 5.571458434959217568e-04 5.588417244073927122e-04 5.568181147884945130e-04 5.540600874957552066e-04 5.540655989730511322e-04
5.516853434982880826e-04 5.523640164332771149e-04 5.526444397996363011e-04 5.528805303454273562e-04 5.531335940348605044e-04 5.533843068059520354e-04 5.535091578970665043e-04 5.535871861602094509e-04 5.536898420642867927e-04 5.538483898214720995e-04 5.541933560922581358e-04 5.545030575380962765e-04 5.547672805769572396e-04 5.549646440396727425e-04 5.548967272988555074e-04 5.547051781743136912e-04 5.543842906592912284e-04 5.541536511124056825e-04 5.537395114114134669e-04 5.536623318588645114e-04 5.554238182120293642e-04 5.588417244073927122e-04 5.622403335485309014e-04 5.608099416121977224e-04 5.569784620815323994e-04 5.565861329508653508e-04
5.510578898767644861e-04 5.517435133640447888e-04 5.520435891595699800e-04 5.522737479356202737e-04 5.525444358889795068e-04 5.527876223351877285e-04 5.529117060612852904e-04 5.529888000446329986e-04 5.531041040728134186e-04 5.532762760223322758e-04 5.536274575806582636e-04 5.539471883765504159e-04 5.542137461177076710e-04 5.544432307935800519e-04 5.544134450823480584e-04 5.542475762957045247e-04 5.539252083299082627e-04 5.536126167077249109e-04 5.529991870373632268e-04 5.525402926553108114e-04 5.537743100410676220e-04 5.568181147884945130e-04 5.608099416121977224e-04 5.611421699965946433e-04 5.577693794243174371e-04 5.566915808209896115e-04
5.490868487982275125e-04 5.497532127140152859e-04 5.500667730399767461e-04 5.502870031793556486e-04 5.505894898872893545e-04 5.508418759694360322e-04 5.509775179945248982e-04 5.510683690917645740e-04 5.512059222442995156e-04 5.514006324874735953e-04 5.517862919631324548e-04 5.521602858443649953e-04 5.524850489480548311e-04 5.528024306326400315e-04 5.528487808103757636e-04 5.527785126487795185e-04 5.525564679951906148e-04 5.523753145582627070e-04 5.517948370350170186e-04 5.511789724068497445e-04 5.519511052823464952e-04 5.540600874957552066e-04 5.569784620815323994e-04 5.577693794243174371e-04 5.568040645883246421e-04 5.558703909608290073e-04
5.493265074262235897e-04 5.499757659952774803e-04 5.502866779991747977e-04 5.505309917658080714e-04 5.508172751560889892e-04 5.510998109971922436e-04 5.512523901736073040e-04 5.513465704690593367e-04 5.514975879231262751e-04 5.516934772800869986e-04 5.520766094734329624e-04 5.524751121703682342e-04 5.527946400955596794e-04 5.531115562030342698e-04 5.531602054280398365e-04 5.531187495939122361e-04 5.529805087026162802e-04 5.528802156580540830e-04 5.522869322851668488e-04 5.515867573501835033e-04 5.522238342873406159e-04 5.540655989730511322e-04 5.565861329508653508e-04 5.566915808209896115e-04 5.558703909608290073e-04 5.571259424257100652e-04
