3.193929246130537041e-04 3.165311596644187261e-04 3.146947995642420922e-04 3.128647624481322364e-04 3.107317879985478865e-04 3.092465664623182415e-04 3.078246722736697832e-04 3.067412762572348846e-04 3.055191406605311556e-04 3.045065511774091758e-04 3.035884684696491757e-04 3.027862252475034674e-04 3.023665358567726217e-04 3.022727949405154546e-04 3.023155790433306399e-04 3.025555851838962191e-04 3.028904595306717564e-04 3.034650344553772947e-04 3.036325391815126117e-04 3.030547064089709531e-04 3.024794668224339280e-04 3.016288309464941410e-04 3.013052536317598301e-04 3.017804114137987814e-04 3.024139578148773446e-04 3.032827693592427508e-04
3.165311596644187261e-04 3.137659619041061466e-04 3.119302309352490359e-04 3.101097439013360203e-04 3.079993055655013312e-04 3.065323181258589199e-04 3.051248633742354279e-04 3.040520981646244007e-04 3.028456392578730274e-04 3.018469955429622866e-04 3.009432987684357947e-04 3.001542321384294775e-04 2.997450631688755910e-04 2.996599379699522222e-04 2.997140223080622143e-04 2.999596665954318265e-04 3.002944025531898331e-04 3.008650579288238880e-04 3.010365071790694898e-04 3.004524490670791928e-04 2.998599145002199388e-04 2.989841620783964082e-04 2.986417774118069017e-04 2.990972137215040490e-04 2.997385983025477730e-04 3.005997548320771869e-04
3.146947995642420922e-04 3.119302309352490359e-04 3.101535884583499431e-04 3.083316076694059098e-04 3.062313091710093939e-04 3.047750454768334213e-04 3.033765912866048060e-04 3.023112970548325409e-04 3.011120176732625113e-04 3.001161576131066051e-04 2.992172694657147750e-04 2.984303311828999795e-04 2.980207709845484167e-04 2.979320588308278432e-04 2.979811275955735980e-04 2.982197835792162817e-04 2.985504159382359134e-04 2.991181778912093770e-04 2.992914700527200865e-04 2.987174232881740902e-04 2.981304987374262696e-04 2.972655734201691568e-04 2.969308906337007870e-04 2.974057214243687464e-04 2.980465181405825216e-04 2.988641565255713436e-04
3.128647624481322364e-04 3.101097439013360203e-04 3.083316076694059098e-04 3.065599562397835131e-04 3.044660706900182193e-04 3.030191167948263265e-04 3.016284877473281146e-04 3.005698633914672497e-04 2.993753702780650987e-04 2.983865482648377036e-04 2.974929166126253775e-04 2.967108096954013813e-04 2.963046044895086884e-04 2.962173638843948248e-04 2.962696058953393180e-04 2.965114748255702004e-04 2.968430314774296889e-04 2.974091864577918043e-04 2.975822537988516837e-04 2.970136595755942257e-04 2.964292408784330486e-04 2.955689457587246582e-04 2.952404404153063282e-04 2.957048158743708706e-04 2.963366525457210342e-04 2.971517090094653434e-04
3.107317879985478865e-04 3.079993055655013312e-04 3.062313091710093939e-04 3.044660706900182193e-04 3.024118415638803116e-04 3.009743832865568666e-04 2.995956835490681987e-04 2.985461420952328893e-04 2.973636718959067290e-04 2.963837600247881655e-04 2.954983786579712932e-04 2.947236609657835605e-04 2.943208497220427158e-04 2.942353462574949030e-04 2.942870995644027393e-04 2.945261411048417108e-04 2.948512127533444013e-04 2.954106250093934348e-04 2.955810538286181050e-04 2.950096164009126192e-04 2.944152292790541497e-04 2.935517634360343018e-04 2.932132168138900969e-04 2.936710901203761826e-04 2.943049005555613360e-04 2.951326155327641150e-04
3.092465664623182415e-04 3.065323181258589199e-04 3.047750454768334213e-04 3.030191167948263265e-04 3.009743832865568666e-04 2.995663285114928275e-04 2.981936685374733014e-04 2.971494864249928656e-04 2.959743753236048327e-04 2.950027360895868451e-04 2.941249603667690652e-04 2.933573864124206193e-04 2.929607274663007270e-04 2.928774769000841286e-04 2.929299999505498666e-04 2.931672287404834707e-04 2.934873128894625394e-04 2.940448470970807729e-04 2.942183245950245321e-04 2.936457389537238793e-04 2.930363019141427657e-04 2.921734134930699259e-04 2.918518234669187123e-04 2.923104302311049178e-04 2.929212332019933297e-04 2.937482938531252438e-04
3.078246722736697832e-04 3.051248633742354279e-04 3.033765912866048060e-04 3.016284877473281146e-04 2.995956835490681987e-04 2.981936685374733014e-04 2.968487087089389750e-04 2.958122686028578983e-04 2.946478839574510054e-04 2.936848494041312350e-04 2.928150511732414063e-04 2.920520005086629377e-04 2.916624313264590740e-04 2.915814079716824367e-04 2.916328430259935794e-04 2.918652434895375450e-04 2.921823995527968155e-04 2.927368314772632726e-04 2.929109887953174475e-04 2.923373230754965210e-04 2.917189426389675349e-04 2.908478614469376029e-04 2.905219647634145756e-04 2.909842789279931067e-04 2.915997605574568823e-04 2.924170195138107629e-04
3.067412762572348846e-04 3.040520981646244007e-04 3.023112970548325409e-04 3.005698633914672497e-04 2.985461420952328893e-04 2.971494864249928656e-04 2.958122686028578983e-04 2.947995252044317512e-04 2.936438795598842431e-04 2.926905188373536866e-04 2.918285300506833564e-04 2.910748009094326315e-04 2.906927207775027882e-04 2.906179140781539475e-04 2.906720718980201012e-04 2.909030967816283010e-04 2.912179925146967047e-04 2.917655894598613839e-04 2.919311501995567790e-04 2.913522520498934738e-04 2.907232247057614321e-04 2.898381021420641740e-04 2.894981452618819082e-04 2.899505888612173565e-04 2.905837477187444705e-04 2.913955754326835019e-04
3.055191406605311556e-04 3.028456392578730274e-04 3.011120176732625113e-04 2.993753702780650987e-04 2.973636718959067290e-04 2.959743753236048327e-04 2.946478839574510054e-04 2.936438795598842431e-04 2.925112877371882072e-04 2.915684960752519734e-04 2.907166816328898341e-04 2.899745114866602897e-04 2.896016862632572208e-04 2.895341075385499878e-04 2.895955762264975828e-04 2.898302853935348492e-04 2.901443636544988672e-04 2.906873325376007310e-04 2.908484346634211595e-04 2.902629786071978879e-04 2.896192872674822286e-04 2.887082875262278036e-04 2.883584029732097660e-04 2.888062573371467218e-04 2.894447178422940997e-04 2.902551263689050914e-04
3.045065511774091758e-04 3.018469955429622866e-04 3.001161576131066051e-04 2.983865482648377036e-04 2.963837600247881655e-04 2.950027360895868451e-04 2.936848494041312350e-04 2.926905188373536866e-04 2.915684960752519734e-04 2.906502674007348458e-04 2.898120737731563895e-04 2.890822303903305872e-04 2.887218522935088016e-04 2.886616495850049331e-04 2.887284696566714951e-04 2.889630941405865391e-04 2.892746768038598724e-04 2.898133275789527719e-04 2.899741417258948264e-04 2.893865911018611808e-04 2.887260274667921328e-04 2.877916095165753102e-04 2.874214377379275551e-04 2.878518344532832109e-04 2.885015413987600057e-04 2.893111018123072781e-04
3.035884684696491757e-04 3.009432987684357947e-04 2.992172694657147750e-04 2.974929166126253775e-04 2.954983786579712932e-04 2.941249603667690652e-04 2.928150511732414063e-04 2.918285300506833564e-04 2.907166816328898341e-04 2.898120737731563895e-04 2.890000969257383004e-04 2.882892127438219662e-04 2.879437791541159322e-04 2.878941037692110704e-04 2.879696902164446612e-04 2.882082295887977643e-04 2.885166093609078160e-04 2.890476946727242504e-04 2.891998718575521034e-04 2.886060095360127209e-04 2.879206373792770105e-04 2.869530979228223050e-04 2.865644657906201071e-04 2.869784978493864066e-04 2.876471985312770087e-04 2.884640810686638752e-04
3.027862252475034674e-04 3.001542321384294775e-04 2.984303311828999795e-04 2.967108096954013813e-04 2.947236609657835605e-04 2.933573864124206193e-04 2.920520005086629377e-04 2.910748009094326315e-04 2.899745114866602897e-04 2.890822303903305872e-04 2.882892127438219662e-04 2.876098257431396947e-04 2.872851742047412608e-04 2.872521980841951988e-04 2.873388578784547356e-04 2.875848166661671085e-04 2.878956531547234837e-04 2.884255459509378638e-04 2.885719572068061131e-04 2.879676646329673443e-04 2.872480538438554657e-04 2.862278132086153106e-04 2.858087935999113435e-04 2.862056437506792163e-04 2.869041014840465788e-04 2.877274329589768758e-04
3.023665358567726217e-04 2.997450631688755910e-04 2.980207709845484167e-04 2.963046044895086884e-04 2.943208497220427158e-04 2.929607274663007270e-04 2.916624313264590740e-04 2.906927207775027882e-04 2.896016862632572208e-04 2.887218522935088016e-04 2.879437791541159322e-04 2.872851742047412608e-04 2.869939889810556679e-04 2.869860186959542151e-04 2.870889014279239091e-04 2.873442968950327340e-04 2.876545917082369672e-04 2.881790772129909448e-04 2.883159958361201426e-04 2.876949674826798672e-04 2.869369607501949548e-04 2.858556090403941330e-04 2.854130468779404262e-04 2.858084259948178970e-04 2.865432338413571910e-04 2.873716870050405537e-04
3.022727949405154546e-04 2.996599379699522222e-04 2.979320588308278432e-04 2.962173638843948248e-04 2.942353462574949030e-04 2.928774769000841286e-04 2.915814079716824367e-04 2.906179140781539475e-04 2.895341075385499878e-04 2.886616495850049331e-04 2.878941037692110704e-04 2.872521980841951988e-04 2.869860186959542151e-04 2.870236135696461739e-04 2.871600635512652788e-04 2.874425377416057505e-04 2.877637957449066699e-04 2.882917538265097131e-04 2.884190586883244819e-04 2.877800162138871251e-04 2.869815130780966738e-04 2.858326633762654561e-04 2.853608742714757091e-04 2.857518640156487362e-04 2.865223289339258791e-04 2.873443567098295671e-04
3.023155790433306399e-04 2.997140223080622143e-04 2.979811275955735980e-04 2.962696058953393180e-04 2.942870995644027393e-04 2.929299999505498666e-04 2.916328430259935794e-04 2.906720718980201012e-04 2.895955762264975828e-04 2.887284696566714951e-04 2.879696902164446612e-04 2.873388578784547356e-04 2.870889014279239091e-04 2.871600635512652788e-04 2.873531930345791098e-04 2.876860556263963350e-04 2.880360192132485914e-04 2.885734893644063413e-04 2.886929557683890813e-04 2.880347745722440728e-04 2.871954617394241113e-04 2.859672153023487388e-04 2.854537310085091700e-04 2.858394597390032945e-04 2.866523713320361707e-04 2.874843476950632933e-04
3.025555851838962191e-04 2.999596665954318265e-04 2.982197835792162817e-04 2.965114748255702004e-04 2.945261411048417108e-04 2.931672287404834707e-04 2.918652434895375450e-04 2.909030967816283010e-04 2.898302853935348492e-04 2.889630941405865391e-04 2.882082295887977643e-04 2.875848166661671085e-04 2.873442968950327340e-04 2.874425377416057505e-04 2.876860556263963350e-04 2.881037464262265488e-04 2.885147934176300675e-04 2.890825111836573284e-04 2.892050979331851684e-04 2.885264502809824173e-04 2.876399601961838635e-04 2.863067412817504528e-04 2.857341993138663543e-04 2.861184735582485779e-04 2.869702373403179162e-04 2.878023720415060892e-04
3.028904595306717564e-04 3.002944025531898331e-04 2.985504159382359134e-04 2.968430314774296889e-04 2.948512127533444013e-04 2.934873128894625394e-04 2.921823995527968155e-04 2.912179925146967047e-04 2.901443636544988672e-04 2.892746768038598724e-04 2.885166093609078160e-04 2.878956531547234837e-04 2.876545917082369672e-04 2.877637957449066699e-04 2.880360192132485914e-04 2.885147934176300675e-04 2.890267338451645474e-04 2.896706853383543279e-04 2.898327125701868423e-04 2.891625326681759325e-04 2.882590796487617267e-04 2.868254660472588824e-04 2.861481339025805505e-04 2.865162160209916279e-04 2.874014964587009806e-04 2.882084639949413483e-04
3.034650344553772947e-04 3.008650579288238880e-04 2.991181778912093770e-04 2.974091864577918043e-04 2.954106250093934348e-04 2.940448470970807729e-04 2.927368314772632726e-04 2.917655894598613839e-04 2.906873325376007310e-04 2.898133275789527719e-04 2.890476946727242504e-04 2.884255459509378638e-04 2.881790772129909448e-04 2.882917538265097131e-04 2.885734893644063413e-04 2.890825111836573284e-04 2.896706853383543279e-04 2.904508313558302459e-04 2.907146379980317060e-04 2.900796505609427346e-04 2.891668223010868577e-04 2.876406300172472245e-04 2.868248089241900870e-04 2.871584148097623625e-04 2.880512151929572008e-04 2.888240388960027633e-04
3.036325391815126117e-04 3.010365071790694898e-04 2.992914700527200865e-04 2.975822537988516837e-04 2.955810538286181050e-04 2.942183245950245321e-04 2.929109887953174475e-04 2.919311501995567790e-04 2.908484346634211595e-04 2.899741417258948264e-04 2.891998718575521034e-04 2.885719572068061131e-04 2.883159958361201426e-04 2.884190586883244819e-04 2.886929557683890813e-04 2.892050979331851684e-04 2.898327125701868423e-04 2.907146379980317060e-04 2.911566338926352567e-04 2.906425319799956723e-04 2.897794191021552069e-04 2.881955484828251719e-04 2.871767048275997570e-04 2.873970065424510966e-04 2.882811738621048211e-04 2.890718348495093589e-04
3.030547064089709531e-04 3.004524490670791928e-04 2.987174232881740902e-04 2.970136595755942257e-04 2.950096164009126192e-04 2.936457389537238793e-04 2.923373230754965210e-04 2.913522520498934738e-04 2.902629786071978879e-04 2.893865911018611808e-04 2.886060095360127209e-04 2.879676646329673443e-04 2.876949674826798672e-04 2.877800162138871251e-04 2.880347745722440728e-04 2.885264502809824173e-04 2.891625326681759325e-04 2.900796505609427346e-04 2.906425319799956723e-04 2.903630294813462089e-04 2.896877801127891523e-04 2.881566046121360430e-04 2.869275034841907261e-04 2.869308895944767696e-04 2.877910561783969729e-04 2.886005444229059217e-04
3.024794668224339280e-04 2.998599145002199388e-04 2.981304987374262696e-04 2.964292408784330486e-04 2.944152292790541497e-04 2.930363019141427657e-04 2.917189426389675349e-04 2.907232247057614321e-04 2.896192872674822286e-04 2.887260274667921328e-04 2.879206373792770105e-04 2.872480538438554657e-04 2.869369607501949548e-04 2.869815130780966738e-04 2.871954617394241113e-04 2.876399601961838635e-04 2.882590796487617267e-04 2.891668223010868577e-04 2.897794191021552069e-04 2.896877801127891523e-04 2.893937904010207693e-04 2.881535391519601959e-04 2.868579467660132523e-04 2.865699422568020703e-04 2.872958455594591134e-04 2.880939407725853843e-04
3.016288309464941410e-04 2.989841620783964082e-04 2.972655734201691568e-04 2.955689457587246582e-04 2.935517634360343018e-04 2.921734134930699259e-04 2.908478614469376029e-04 2.898381021420641740e-04 2.887082875262278036e-04 2.877916095165753102e-04 2.869530979228223050e-04 2.862278132086153106e-04 2.858556090403941330e-04 2.858326633762654561e-04 2.859672153023487388e-04 2.863067412817504528e-04 2.868254660472588824e-04 2.876406300172472245e-04 2.881955484828251719e-04 2.881566046121360430e-04 2.881535391519601959e-04 2.875776792740142762e-04 2.866872350140874429e-04 2.862759392487414516e-04 2.865928419317657428e-04 2.873476897833162117e-04
3.013052536317598301e-04 2.986417774118069017e-04 2.969308906337007870e-04 2.952404404153063282e-04 2.932132168138900969e-04 2.918518234669187123e-04 2.905219647634145756e-04 2.894981452618819082e-04 2.883584029732097660e-04 2.874214377379275551e-04 2.865644657906201071e-04 2.858087935999113435e-04 2.854130468779404262e-04 2.853608742714757091e-04 2.854537310085091700e-04 2.857341993138663543e-04 2.861481339025805505e-04 2.868248089241900870e-04 2.871767048275997570e-04 2.869275034841907261e-04 2.868579467660132523e-04 2.866872350140874429e-04 2.867033872491574599e-04 2.867663465923082238e-04 2.866120549208729163e-04 2.871450740085223900e-04
3.017804114137987814e-04 2.990972137215040490e-04 2.974057214243687464e-04 2.957048158743708706e-04 2.936710901203761826e-04 2.923104302311049178e-04 2.909842789279931067e-04 2.899505888612173565e-04 2.888062573371467218e-04 2.878518344532832109e-04 2.869784978493864066e-04 2.862056437506792163e-04 2.858084259948178970e-04 2.857518640156487362e-04 2.858394597390032945e-04 2.861184735582485779e-04 2.865162160209916279e-04 2.871584148097623625e-04 2.873970065424510966e-04 2.869308895944767696e-04 2.865699422568020703e-04 2.862759392487414516e-04 2.867663465923082238e-04 2.878966157472424695e-04 2.878199846914532441e-04 2.878586213363589310e-04
3.024139578148773446e-04 2.997385983025477730e-04 2.980465181405825216e-04 2.963366525457210342e-04 2.943049005555613360e-04 2.929212332019933297e-04 2.915997605574568823e-04 2.905837477187444705e-04 2.894447178422940997e-04 2.885015413987600057e-04 2.876471985312770087e-04 2.869041014840465788e-04 2.865432338413571910e-04 2.865223289339258791e-04 2.866523713320361707e-04 2.869702373403179162e-04 2.874014964587009806e-04 2.880512151929572008e-04 2.882811738621048211e-04 2.877910561783969729e-04 2.872958455594591134e-04 2.865928419317657428e-04 2.866120549208729163e-04 2.878199846914532441e-04 2.890060758429171964e-04 2.891239310356907800e-04
3.032827693592427508e-04 3.005997548320771869e-04 2.988641565255713436e-04 2.971517090094653434e-04 2.951326155327641150e-04 2.937482938531252438e-04 2.924170195138107629e-04 2.913955754326835019e-04 2.902551263689050914e-04 2.893111018123072781e-04 2.884640810686638752e-04 2.877274329589768758e-04 2.873716870050405537e-04 2.873443567098295671e-04 2.874843476950632933e-04 2.878023720415060892e-04 2.882084639949413483e-04 2.888240388960027633e-04 2.890718348495093589e-04 2.886005444229059217e-04 2.880939407725853843e-04 2.873476897833162117e-04 2.871450740085223900e-04 2.878586213363589310e-04 2.891239310356907800e-04 2.903841939096711198e-04
