3.046988641447493577e-04 3.035569753539635210e-04 3.026959617557154467e-04 3.024260235868040129e-04 3.017332538156298561e-04 3.009120986737287692e-04 3.000297638653541044e-04 2.994259410110225493e-04 2.988590405430887492e-04 2.983970678867370265e-04 2.980125192269593936e-04 2.979257411958419980e-04 2.981460501885561118e-04 2.983656634744310827e-04 2.986842994758009983e-04 2.987561914002850091e-04 2.987273064705454895e-04 2.993602330213275282e-04 2.996221608159100529e-04 3.000136642475000645e-04 3.005117364505861116e-04 3.003922315578148807e-04 2.994351368796597016e-04 2.979825644635107303e-04 2.985607877503099845e-04 2.980568193955836047e-04
3.035569753539635210e-04 3.025077386290511336e-04 3.016198286736907971e-04 3.013534957086047789e-04 3.006616563069867032e-04 2.998449390892846448e-04 2.989634895950837304e-04 2.983620618134956611e-04 2.977958590585802435e-04 2.973349828290651584e-04 2.969540894475146517e-04 2.968743143220489429e-04 2.971059958935711506e-04 2.973363431612801406e-04 2.976560309904415337e-04 2.977333147906962804e-04 2.977143774503872731e-04 2.983648667250399017e-04 2.986537312359577052e-04 2.990655451107030469e-04 2.995547907778022879e-04 2.994095329536172116e-04 2.984149651010943572e-04 2.969455593873341530e-04 2.975241604405376656e-04 2.970075922034459063e-04
3.026959617557154467e-04 3.016198286736907971e-04 3.008069850897382219e-04 3.005224745294327905e-04 2.998307991700118044e-04 2.990165896659813380e-04 2.981369671935245498e-04 2.975442080994862744e-04 2.969842115990397506e-04 2.965241096414307498e-04 2.961464680881688728e-04 2.960668718770617528e-04 2.962911967622166133e-04 2.965093628148491580e-04 2.968212039931432422e-04 2.968880570732066013e-04 2.968636171978336060e-04 2.975065400303227134e-04 2.977911247269525029e-04 2.981939444044811411e-04 2.986696861754612278e-04 2.985075019872240800e-04 2.975145833829598036e-04 2.960672892538528675e-04 2.966661581036004244e-04 2.961608644254886107e-04
3.024260235868040129e-04 3.013534957086047789e-04 3.005224745294327905e-04 3.002834129394254224e-04 2.995850195101279413e-04 2.987731193910279958e-04 2.978957640354525332e-04 2.973035374437428395e-04 2.967432621135467703e-04 2.962875388409544450e-04 2.959144241104840769e-04 2.958392080631964982e-04 2.960732599826053726e-04 2.963049771829758677e-04 2.966308872631980096e-04 2.967157580813874532e-04 2.967102718758935940e-04 2.973628811592860703e-04 2.976435840400245094e-04 2.980382082597284000e-04 2.984886946413436515e-04 2.982912961268711330e-04 2.972735879668161559e-04 2.958109706897068115e-04 2.964198411708939755e-04 2.959276831841271371e-04
3.017332538156298561e-04 3.006616563069867032e-04 2.998307991700118044e-04 2.995850195101279413e-04 2.989210184182912585e-04 2.981079599409042018e-04 2.972352516452789108e-04 2.966418796022322456e-04 2.960838567295992550e-04 2.956341690618349209e-04 2.952643468624896288e-04 2.951917254102600589e-04 2.954307439250233175e-04 2.956674735462255614e-04 2.959992704910886980e-04 2.960825205179918565e-04 2.960765056904444232e-04 2.967265458489525497e-04 2.970078265704570561e-04 2.974036822073361530e-04 2.978516426470759269e-04 2.976344191464386571e-04 2.966060379811216513e-04 2.951454397326883799e-04 2.957434937179194705e-04 2.952507781245283466e-04
3.009120986737287692e-04 2.998449390892846448e-04 2.990165896659813380e-04 2.987731193910279958e-04 2.981079599409042018e-04 2.973247047739388765e-04 2.964521369874124077e-04 2.958645989525384573e-04 2.953114788941944065e-04 2.948671965258165429e-04 2.945041417475955520e-04 2.944374031855100842e-04 2.946819628699922137e-04 2.949246603914790340e-04 2.952598210837587911e-04 2.953498362858801530e-04 2.953498989323887934e-04 2.960004700140209609e-04 2.962765391745221348e-04 2.966689281112706573e-04 2.971043275327556578e-04 2.968553764623242078e-04 2.958157368829400285e-04 2.943595162655455099e-04 2.949726629449803865e-04 2.944848647285254603e-04
3.000297638653541044e-04 2.989634895950837304e-04 2.981369671935245498e-04 2.978957640354525332e-04 2.972352516452789108e-04 2.964521369874124077e-04 2.956077363756516216e-04 2.950249204521613352e-04 2.944782204433112104e-04 2.940413293670235493e-04 2.936818073886860825e-04 2.936182950094631946e-04 2.938675936848401233e-04 2.941123151002458282e-04 2.944511589264932122e-04 2.945478221623162385e-04 2.945540811498437205e-04 2.952052666504791393e-04 2.954783652566250274e-04 2.958605393941288121e-04 2.962668542932566317e-04 2.959806851661162213e-04 2.949464141917230520e-04 2.935101979047410707e-04 2.941147263888378564e-04 2.936274263115547689e-04
2.994259410110225493e-04 2.983620618134956611e-04 2.975442080994862744e-04 2.973035374437428395e-04 2.966418796022322456e-04 2.958645989525384573e-04 2.950249204521613352e-04 2.944694700774371020e-04 2.939293335794483089e-04 2.934999365891129770e-04 2.931498672569350303e-04 2.930954987545066059e-04 2.933543642448532569e-04 2.936032824873388331e-04 2.939495941458263430e-04 2.940544065295928400e-04 2.940684850858701579e-04 2.947279797289853302e-04 2.950027161714535132e-04 2.953827500408261176e-04 2.957723575741125449e-04 2.954531376518872219e-04 2.944017624070062499e-04 2.929444332110987272e-04 2.935566285451011049e-04 2.930712155010450687e-04
2.988590405430887492e-04 2.977958590585802435e-04 2.969842115990397506e-04 2.967432621135467703e-04 2.960838567295992550e-04 2.953114788941944065e-04 2.944782204433112104e-04 2.939293335794483089e-04 2.934120392412081584e-04 2.929946981773406825e-04 2.926538792835482934e-04 2.926073715617592916e-04 2.928749761161291028e-04 2.931314100322590915e-04 2.934883272935569004e-04 2.936059685037648221e-04 2.936302113516835698e-04 2.942942620046472106e-04 2.945671412990074614e-04 2.949355104803464377e-04 2.952968675356316703e-04 2.949295267637713097e-04 2.938672449188370664e-04 2.924334409794541621e-04 2.930486999664739058e-04 2.925562340026180322e-04
2.983970678867370265e-04 2.973349828290651584e-04 2.965241096414307498e-04 2.962875388409544450e-04 2.956341690618349209e-04 2.948671965258165429e-04 2.940413293670235493e-04 2.934999365891129770e-04 2.929946981773406825e-04 2.926032920382001042e-04 2.922774114583124834e-04 2.922453466590354664e-04 2.925298672806309151e-04 2.928020448346158847e-04 2.931767293145949626e-04 2.933075693352932408e-04 2.933429533878695035e-04 2.940153914460128209e-04 2.942886412008470553e-04 2.946465046441622032e-04 2.949693055503855720e-04 2.945284431128775636e-04 2.934295655505419435e-04 2.919996383719025744e-04 2.926203660869466732e-04 2.921171403845251261e-04
2.980125192269593936e-04 2.969540894475146517e-04 2.961464680881688728e-04 2.959144241104840769e-04 2.952643468624896288e-04 2.945041417475955520e-04 2.936818073886860825e-04 2.931498672569350303e-04 2.926538792835482934e-04 2.922774114583124834e-04 2.919863513102845666e-04 2.919826289611590175e-04 2.922938196022780290e-04 2.925907884225404862e-04 2.929916444349386136e-04 2.931445323193518034e-04 2.931996643573876347e-04 2.938824344423728941e-04 2.941565946497129414e-04 2.944995313521749200e-04 2.947637036053790075e-04 2.942184357747820982e-04 2.930749039884906646e-04 2.916496691931492438e-04 2.922828732169702941e-04 2.917656316883697259e-04
2.979257411958419980e-04 2.968743143220489429e-04 2.960668718770617528e-04 2.958392080631964982e-04 2.951917254102600589e-04 2.944374031855100842e-04 2.936182950094631946e-04 2.930954987545066059e-04 2.926073715617592916e-04 2.922453466590354664e-04 2.919826289611590175e-04 2.920275245298903214e-04 2.923813730077362756e-04 2.927152587140335730e-04 2.931511320499179964e-04 2.933289547166673030e-04 2.933997664405484660e-04 2.940872430702499681e-04 2.943565376655714197e-04 2.946794727147731435e-04 2.948718946578406390e-04 2.942027171015805086e-04 2.930039383000643954e-04 2.915634378622903168e-04 2.922091095064617669e-04 2.916530426625138831e-04
2.981460501885561118e-04 2.971059958935711506e-04 2.962911967622166133e-04 2.960732599826053726e-04 2.954307439250233175e-04 2.946819628699922137e-04 2.938675936848401233e-04 2.933543642448532569e-04 2.928749761161291028e-04 2.925298672806309151e-04 2.922938196022780290e-04 2.923813730077362756e-04 2.928027513066693770e-04 2.931951376674963271e-04 2.936898268624479500e-04 2.939195621341465932e-04 2.940261574400286453e-04 2.947347228992153157e-04 2.950055682463698114e-04 2.953100920352901590e-04 2.954116039642150468e-04 2.945596074892061931e-04 2.932659085434874240e-04 2.918185371942688352e-04 2.924731155950657628e-04 2.918762347295134367e-04
2.983656634744310827e-04 2.973363431612801406e-04 2.965093628148491580e-04 2.963049771829758677e-04 2.956674735462255614e-04 2.949246603914790340e-04 2.941123151002458282e-04 2.936032824873388331e-04 2.931314100322590915e-04 2.928020448346158847e-04 2.925907884225404862e-04 2.927152587140335730e-04 2.931951376674963271e-04 2.936693058022944941e-04 2.942423098614794174e-04 2.945374575188978647e-04 2.946946026468783854e-04 2.954357534839157024e-04 2.957136902386347144e-04 2.959998662298995195e-04 2.960080243212879331e-04 2.949627430155012976e-04 2.935857634486359227e-04 2.921353894114167484e-04 2.927805154910422393e-04 2.921359184658570336e-04
2.986842994758009983e-04 2.976560309904415337e-04 2.968212039931432422e-04 2.966308872631980096e-04 2.959992704910886980e-04 2.952598210837587911e-04 2.944511589264932122e-04 2.939495941458263430e-04 2.934883272935569004e-04 2.931767293145949626e-04 2.929916444349386136e-04 2.931511320499179964e-04 2.936898268624479500e-04 2.942423098614794174e-04 2.949288741855571327e-04 2.953213313938967809e-04 2.955521266984003389e-04 2.963461566442221278e-04 2.966387247579485359e-04 2.969083371076696029e-04 2.968178052404418180e-04 2.955424681881964745e-04 2.940506554931281657e-04 2.925673711033610733e-04 2.931858762466545056e-04 2.925291880279830259e-04
2.987561914002850091e-04 2.977333147906962804e-04 2.968880570732066013e-04 2.967157580813874532e-04 2.960825205179918565e-04 2.953498362858801530e-04 2.945478221623162385e-04 2.940544065295928400e-04 2.936059685037648221e-04 2.933075693352932408e-04 2.931445323193518034e-04 2.933289547166673030e-04 2.939195621341465932e-04 2.945374575188978647e-04 2.953213313938967809e-04 2.958496289470862991e-04 2.961959201224104122e-04 2.970666812951849455e-04 2.973779692546049984e-04 2.976386223017997977e-04 2.974488345189864823e-04 2.959135649446699001e-04 2.942731419787865356e-04 2.927591212724295648e-04 2.933734861370964372e-04 2.927431472870400259e-04
2.987273064705454895e-04 2.977143774503872731e-04 2.968636171978336060e-04 2.967102718758935940e-04 2.960765056904444232e-04 2.953498989323887934e-04 2.945540811498437205e-04 2.940684850858701579e-04 2.936302113516835698e-04 2.933429533878695035e-04 2.931996643573876347e-04 2.933997664405484660e-04 2.940261574400286453e-04 2.946946026468783854e-04 2.955521266984003389e-04 2.961959201224104122e-04 2.967223715340322953e-04 2.977441937689375416e-04 2.981358282651947562e-04 2.984344274579979082e-04 2.981680477325917731e-04 2.963482669450481950e-04 2.944529790736716973e-04 2.928770753204353082e-04 2.934801908662271089e-04 2.928923093554083694e-04
2.993602330213275282e-04 2.983648667250399017e-04 2.975065400303227134e-04 2.973628811592860703e-04 2.967265458489525497e-04 2.960004700140209609e-04 2.952052666504791393e-04 2.947279797289853302e-04 2.942942620046472106e-04 2.940153914460128209e-04 2.938824344423728941e-04 2.940872430702499681e-04 2.947347228992153157e-04 2.954357534839157024e-04 2.963461566442221278e-04 2.970666812951849455e-04 2.977441937689375416e-04 2.989869633825712543e-04 2.995629963774750089e-04 2.999889121215762412e-04 2.997274604453831681e-04 2.976842737990554135e-04 2.954378844574776994e-04 2.936789606549709527e-04 2.941754682434981013e-04 2.936011278319840354e-04
2.996221608159100529e-04 2.986537312359577052e-04 2.977911247269525029e-04 2.976435840400245094e-04 2.970078265704570561e-04 2.962765391745221348e-04 2.954783652566250274e-04 2.950027161714535132e-04 2.945671412990074614e-04 2.942886412008470553e-04 2.941565946497129414e-04 2.943565376655714197e-04 2.950055682463698114e-04 2.957136902386347144e-04 2.966387247579485359e-04 2.973779692546049984e-04 2.981358282651947562e-04 2.995629963774750089e-04 3.004289919534284593e-04 3.011218840482472107e-04 3.010067802582143057e-04 2.988945913696946025e-04 2.962440818203293524e-04 2.941691307135354226e-04 2.945117891267995630e-04 2.939094181217521409e-04
3.000136642475000645e-04 2.990655451107030469e-04 2.981939444044811411e-04 2.980382082597284000e-04 2.974036822073361530e-04 2.966689281112706573e-04 2.958605393941288121e-04 2.953827500408261176e-04 2.949355104803464377e-04 2.946465046441622032e-04 2.944995313521749200e-04 2.946794727147731435e-04 2.953100920352901590e-04 2.959998662298995195e-04 2.969083371076696029e-04 2.976386223017997977e-04 2.984344274579979082e-04 2.999889121215762412e-04 3.011218840482472107e-04 3.022583287345568474e-04 3.025217435234642455e-04 3.005047715486580196e-04 2.974075359705868351e-04 2.948180571188941637e-04 2.950289487946644931e-04 2.944303748397000082e-04
3.005117364505861116e-04 2.995547907778022879e-04 2.986696861754612278e-04 2.984886946413436515e-04 2.978516426470759269e-04 2.971043275327556578e-04 2.962668542932566317e-04 2.957723575741125449e-04 2.952968675356316703e-04 2.949693055503855720e-04 2.947637036053790075e-04 2.948718946578406390e-04 2.954116039642150468e-04 2.960080243212879331e-04 2.968178052404418180e-04 2.974488345189864823e-04 2.981680477325917731e-04 2.997274604453831681e-04 3.010067802582143057e-04 3.025217435234642455e-04 3.034992172128867720e-04 3.021275185413379769e-04 2.989511168532234860e-04 2.957523626084652643e-04 2.957069604480539512e-04 2.950501543256912125e-04
3.003922315578148807e-04 2.994095329536172116e-04 2.985075019872240800e-04 2.982912961268711330e-04 2.976344191464386571e-04 2.968553764623242078e-04 2.959806851661162213e-04 2.954531376518872219e-04 2.949295267637713097e-04 2.945284431128775636e-04 2.942184357747820982e-04 2.942027171015805086e-04 2.945596074892061931e-04 2.949627430155012976e-04 2.955424681881964745e-04 2.959135649446699001e-04 2.963482669450481950e-04 2.976842737990554135e-04 2.988945913696946025e-04 3.005047715486580196e-04 3.021275185413379769e-04 3.021658292604807771e-04 2.997635635668847651e-04 2.962167237185986922e-04 2.956596667566934594e-04 2.947739996943324879e-04
2.994351368796597016e-04 2.984149651010943572e-04 2.975145833829598036e-04 2.972735879668161559e-04 2.966060379811216513e-04 2.958157368829400285e-04 2.949464141917230520e-04 2.944017624070062499e-04 2.938672449188370664e-04 2.934295655505419435e-04 2.930749039884906646e-04 2.930039383000643954e-04 2.932659085434874240e-04 2.935857634486359227e-04 2.940506554931281657e-04 2.942731419787865356e-04 2.944529790736716973e-04 2.954378844574776994e-04 2.962440818203293524e-04 2.974075359705868351e-04 2.989511168532234860e-04 2.997635635668847651e-04 2.990488307768352384e-04 2.964618513281047792e-04 2.953727504527001082e-04 2.938947920851379329e-04
2.979825644635107303e-04 2.969455593873341530e-04 2.960672892538528675e-04 2.958109706897068115e-04 2.951454397326883799e-04 2.943595162655455099e-04 2.935101979047410707e-04 2.929444332110987272e-04 2.924334409794541621e-04 2.919996383719025744e-04 2.916496691931492438e-04 2.915634378622903168e-04 2.918185371942688352e-04 2.921353894114167484e-04 2.925673711033610733e-04 2.927591212724295648e-04 2.928770753204353082e-04 2.936789606549709527e-04 2.941691307135354226e-04 2.948180571188941637e-04 2.957523626084652643e-04 2.962167237185986922e-04 2.964618513281047792e-04 2.961404578662296520e-04 2.955186039506814974e-04 2.933027634115217201e-04
2.985607877503099845e-04 2.975241604405376656e-04 2.966661581036004244e-04 2.964198411708939755e-04 2.957434937179194705e-04 2.949726629449803865e-04 2.941147263888378564e-04 2.935566285451011049e-04 2.930486999664739058e-04 2.926203660869466732e-04 2.922828732169702941e-04 2.922091095064617669e-04 2.924731155950657628e-04 2.927805154910422393e-04 2.931858762466545056e-04 2.933734861370964372e-04 2.934801908662271089e-04 2.941754682434981013e-04 2.945117891267995630e-04 2.950289487946644931e-04 2.957069604480539512e-04 2.956596667566934594e-04 2.953727504527001082e-04 2.955186039506814974e-04 2.970509341089600333e-04 2.953077720257156241e-04
2.980568193955836047e-04 2.970075922034459063e-04 2.961608644254886107e-04 2.959276831841271371e-04 2.952507781245283466e-04 2.944848647285254603e-04 2.936274263115547689e-04 2.930712155010450687e-04 2.925562340026180322e-04 2.921171403845251261e-04 2.917656316883697259e-04 2.916530426625138831e-04 2.918762347295134367e-04 2.921359184658570336e-04 2.925291880279830259e-04 2.927431472870400259e-04 2.928923093554083694e-04 2.936011278319840354e-04 2.939094181217521409e-04 2.944303748397000082e-04 2.950501543256912125e-04 2.947739996943324879e-04 2.938947920851379329e-04 2.933027634115217201e-04 2.953077720257156241e-04 2.960263019610712880e-04
