2.845686381960781412e-04 2.843385366093518704e-04 2.845212152396616335e-04 2.844259427608658358e-04 2.842288559211460556e-04 2.841806318334104409e-04 2.841370097015018703e-04 2.841744788220099214e-04 2.839144842675928970e-04 2.839404064086930440e-04 2.838099774351212235e-04 2.837555551809032672e-04 2.838457524176025786e-04 2.841024134659450194e-04 2.846795436516037455e-04 2.851196151878947855e-04 2.855711593355229460e-04 2.862192912870674833e-04 2.864181710421120409e-04 2.861268269088146875e-04 2.854984424384511337e-04 2.842953081530138495e-04 2.840236051030059516e-04 2.843563909359504271e-04 2.850813636055984468e-04 2.859278704660062976e-04
2.843385366093518704e-04 2.841741012193733712e-04 2.843334881768475281e-04 2.842398489303223476e-04 2.840409232902938266e-04 2.839906893705933483e-04 2.839469286575542115e-04 2.839843438273702042e-04 2.837220788405833455e-04 2.837481848175388310e-04 2.836162566227976543e-04 2.835622561318281018e-04 2.836503283164177095e-04 2.839076925381217565e-04 2.844900315164635742e-04 2.849334602574269152e-04 2.853926167067706468e-04 2.860470640249484229e-04 2.862483948383222083e-04 2.859473784160914767e-04 2.853164448435143233e-04 2.841188072415023547e-04 2.838392942223142410e-04 2.841654087578727246e-04 2.848979280738589675e-04 2.857687474276716130e-04
2.845212152396616335e-04 2.843334881768475281e-04 2.845364273776271043e-04 2.844311443600132296e-04 2.842331637600264277e-04 2.841870376403158129e-04 2.841421117896654469e-04 2.841790788212310813e-04 2.839208366513635380e-04 2.839485075830894506e-04 2.838218835545443805e-04 2.837718795306135868e-04 2.838654296811311773e-04 2.841254883408177428e-04 2.847056431696000497e-04 2.851451071090521996e-04 2.855969591791205644e-04 2.862440427233297626e-04 2.864429317821390016e-04 2.861448238226927928e-04 2.855149632279731361e-04 2.843094904116659797e-04 2.840429955197174179e-04 2.843733085736601502e-04 2.851030928313417730e-04 2.859446231394532846e-04
2.844259427608658358e-04 2.842398489303223476e-04 2.844311443600132296e-04 2.843536990387787863e-04 2.841503392472972413e-04 2.841019190190313226e-04 2.840588590268039644e-04 2.840963991276025083e-04 2.838379742324221113e-04 2.838645842676074311e-04 2.837346707238246838e-04 2.836829615507509132e-04 2.837735704378198864e-04 2.840312277226152518e-04 2.846125965845297209e-04 2.850533696786018137e-04 2.855081491593848401e-04 2.861582767516643983e-04 2.863554573346579557e-04 2.860580271513120192e-04 2.854257923346187721e-04 2.842265485038814195e-04 2.839626196738500642e-04 2.842905963886759426e-04 2.850125575852473572e-04 2.858725615749661657e-04
2.842288559211460556e-04 2.840409232902938266e-04 2.842331637600264277e-04 2.841503392472972413e-04 2.839690964219798480e-04 2.839186734331834326e-04 2.838738503458364129e-04 2.839141289627992808e-04 2.836573500792836889e-04 2.836846431873461328e-04 2.835564614745923382e-04 2.835069871754567687e-04 2.836013983832109931e-04 2.838606558330564644e-04 2.844402030554285987e-04 2.848803704734107346e-04 2.853355728166965329e-04 2.859864432525275734e-04 2.861807369841949992e-04 2.858787813093977568e-04 2.852346204066222215e-04 2.840177554137999962e-04 2.837479132660006851e-04 2.840898069756821968e-04 2.848275765335355142e-04 2.856807640444057757e-04
2.841806318334104409e-04 2.839906893705933483e-04 2.841870376403158129e-04 2.841019190190313226e-04 2.839186734331834326e-04 2.838869170983213965e-04 2.838417642000143131e-04 2.838814832891187277e-04 2.836281517138297746e-04 2.836573583055895559e-04 2.835305052102124143e-04 2.834830038375504044e-04 2.835796378689682063e-04 2.838393810939465246e-04 2.844183398949062607e-04 2.848580658778691616e-04 2.853115219506810333e-04 2.859582199326102660e-04 2.861543190546969400e-04 2.858537124109214629e-04 2.852034470068794689e-04 2.839795797057360102e-04 2.837072829332989272e-04 2.840527053266152257e-04 2.847993683307189204e-04 2.856638666431420893e-04
2.841370097015018703e-04 2.839469286575542115e-04 2.841421117896654469e-04 2.840588590268039644e-04 2.838738503458364129e-04 2.838417642000143131e-04 2.838138002682624120e-04 2.838580811491548924e-04 2.836083259746774530e-04 2.836401896114369996e-04 2.835160007458486825e-04 2.834697978520657252e-04 2.835696113743378828e-04 2.838315803705327334e-04 2.844127498405581893e-04 2.848545424360703657e-04 2.853071257314310151e-04 2.859530512059883746e-04 2.861471588039484490e-04 2.858405442965191931e-04 2.851786563008501725e-04 2.839458483870164747e-04 2.836701480085310765e-04 2.840082214346853484e-04 2.847599614950030163e-04 2.856294184517590008e-04
2.841744788220099214e-04 2.839843438273702042e-04 2.841790788212310813e-04 2.840963991276025083e-04 2.839141289627992808e-04 2.838814832891187277e-04 2.838580811491548924e-04 2.839179586335152466e-04 2.836720222332856376e-04 2.837070481324732263e-04 2.835857021145497033e-04 2.835427776826768991e-04 2.836459953390720805e-04 2.839109209814461195e-04 2.844944559620929967e-04 2.849354382941118825e-04 2.853863117952948726e-04 2.860317594102723096e-04 2.862239934402017387e-04 2.859130327104144535e-04 2.852426598578693584e-04 2.839958357437853144e-04 2.837112381939363307e-04 2.840448347769992140e-04 2.848071807395091736e-04 2.856771117615765246e-04
2.839144842675928970e-04 2.837220788405833455e-04 2.839208366513635380e-04 2.838379742324221113e-04 2.836573500792836889e-04 2.836281517138297746e-04 2.836083259746774530e-04 2.836720222332856376e-04 2.834426860793968139e-04 2.834841755512710281e-04 2.833688925105533525e-04 2.833330427126322382e-04 2.834444548213535856e-04 2.837156507705181790e-04 2.843030029118786021e-04 2.847476359002127657e-04 2.851993990964281377e-04 2.858419397778715195e-04 2.860294178756727398e-04 2.857068935814542111e-04 2.850135868922342775e-04 2.837397824415336311e-04 2.834463452704760245e-04 2.837778560828196277e-04 2.845491026674789453e-04 2.854152008575352117e-04
2.839404064086930440e-04 2.837481848175388310e-04 2.839485075830894506e-04 2.838645842676074311e-04 2.836846431873461328e-04 2.836573583055895559e-04 2.836401896114369996e-04 2.837070481324732263e-04 2.834841755512710281e-04 2.835424764528446970e-04 2.834360177901639019e-04 2.834077193606135089e-04 2.835281623257444395e-04 2.838054499360763362e-04 2.843965272476772321e-04 2.848432372899308788e-04 2.852944500588076144e-04 2.859372308709270277e-04 2.861242262203874342e-04 2.857970710524733275e-04 2.850818872427271131e-04 2.837787437109852580e-04 2.834710222044508807e-04 2.837977367404538750e-04 2.845726437645604030e-04 2.854399094675472951e-04
2.838099774351212235e-04 2.836162566227976543e-04 2.838218835545443805e-04 2.837346707238246838e-04 2.835564614745923382e-04 2.835305052102124143e-04 2.835160007458486825e-04 2.835857021145497033e-04 2.833688925105533525e-04 2.834360177901639019e-04 2.833489126017450939e-04 2.833321649811259462e-04 2.834644343797177780e-04 2.837500671663041878e-04 2.843484342950624460e-04 2.847986509770794854e-04 2.852502069165751501e-04 2.858903642035542122e-04 2.860708393377777510e-04 2.857310505489080556e-04 2.849899057906442367e-04 2.836580406861069362e-04 2.833458633444212952e-04 2.836689604240489877e-04 2.844450926868924271e-04 2.853094408405939305e-04
2.837555551809032672e-04 2.835622561318281018e-04 2.837718795306135868e-04 2.836829615507509132e-04 2.835069871754567687e-04 2.834830038375504044e-04 2.834697978520657252e-04 2.835427776826768991e-04 2.833330427126322382e-04 2.834077193606135089e-04 2.833321649811259462e-04 2.833383398973491479e-04 2.834864875444847131e-04 2.837844559052695695e-04 2.843915410447600957e-04 2.848475749686253016e-04 2.853033536235981662e-04 2.859444597624768406e-04 2.861214585630369013e-04 2.857730422003920147e-04 2.850012701204295007e-04 2.836247095261890572e-04 2.832878216954074217e-04 2.835951993430740957e-04 2.843843949398256279e-04 2.852534569561276825e-04
2.838457524176025786e-04 2.836503283164177095e-04 2.838654296811311773e-04 2.837735704378198864e-04 2.836013983832109931e-04 2.835796378689682063e-04 2.835696113743378828e-04 2.836459953390720805e-04 2.834444548213535856e-04 2.835281623257444395e-04 2.834644343797177780e-04 2.834864875444847131e-04 2.836642169950278356e-04 2.839853998691632252e-04 2.846086426341343256e-04 2.850754369266333597e-04 2.855375378407701715e-04 2.861791399424276671e-04 2.863520106214355603e-04 2.859930797249970146e-04 2.851839142737438949e-04 2.837484488502047333e-04 2.833853264359452624e-04 2.836863881922234367e-04 2.845048455713557038e-04 2.853796914451409367e-04
2.841024134659450194e-04 2.839076925381217565e-04 2.841254883408177428e-04 2.840312277226152518e-04 2.838606558330564644e-04 2.838393810939465246e-04 2.838315803705327334e-04 2.839109209814461195e-04 2.837156507705181790e-04 2.838054499360763362e-04 2.837500671663041878e-04 2.837844559052695695e-04 2.839853998691632252e-04 2.843481964258356889e-04 2.850057712373118743e-04 2.854985191325990195e-04 2.859764209858043369e-04 2.866271849010415995e-04 2.867980153208735854e-04 2.864266561231728811e-04 2.855782674733330149e-04 2.840702198829167611e-04 2.836695840100451416e-04 2.839562828626934765e-04 2.848040939190594795e-04 2.856800985388991158e-04
2.846795436516037455e-04 2.844900315164635742e-04 2.847056431696000497e-04 2.846125965845297209e-04 2.844402030554285987e-04 2.844183398949062607e-04 2.844127498405581893e-04 2.844944559620929967e-04 2.843030029118786021e-04 2.843965272476772321e-04 2.843484342950624460e-04 2.843915410447600957e-04 2.846086426341343256e-04 2.850057712373118743e-04 2.857211545026386128e-04 2.862623653156903141e-04 2.867729887823739290e-04 2.874399622210700852e-04 2.876100024128551728e-04 2.872203297771420407e-04 2.863301422372537181e-04 2.847373171920859324e-04 2.842859946750926235e-04 2.845598145737038287e-04 2.854571808893010708e-04 2.863468284402338250e-04
2.851196151878947855e-04 2.849334602574269152e-04 2.851451071090521996e-04 2.850533696786018137e-04 2.848803704734107346e-04 2.848580658778691616e-04 2.848545424360703657e-04 2.849354382941118825e-04 2.847476359002127657e-04 2.848432372899308788e-04 2.847986509770794854e-04 2.848475749686253016e-04 2.850754369266333597e-04 2.854985191325990195e-04 2.862623653156903141e-04 2.868793570956607963e-04 2.874532947683522649e-04 2.881556882597671666e-04 2.883341493192388390e-04 2.879333402601304921e-04 2.869900624510725133e-04 2.852843248654532925e-04 2.847622749383979849e-04 2.850313626876102395e-04 2.859731117775023146e-04 2.868671717391277506e-04
2.855711593355229460e-04 2.853926167067706468e-04 2.855969591791205644e-04 2.855081491593848401e-04 2.853355728166965329e-04 2.853115219506810333e-04 2.853071257314310151e-04 2.853863117952948726e-04 2.851993990964281377e-04 2.852944500588076144e-04 2.852502069165751501e-04 2.853033536235981662e-04 2.855375378407701715e-04 2.859764209858043369e-04 2.867729887823739290e-04 2.874532947683522649e-04 2.881330090331514927e-04 2.889118862803203322e-04 2.891312044489733018e-04 2.887397710374857993e-04 2.877650738316485791e-04 2.859441328697126267e-04 2.853219315758476595e-04 2.855771760818694291e-04 2.865355251939638733e-04 2.874093080691387473e-04
2.862192912870674833e-04 2.860470640249484229e-04 2.862440427233297626e-04 2.861582767516643983e-04 2.859864432525275734e-04 2.859582199326102660e-04 2.859530512059883746e-04 2.860317594102723096e-04 2.858419397778715195e-04 2.859372308709270277e-04 2.858903642035542122e-04 2.859444597624768406e-04 2.861791399424276671e-04 2.866271849010415995e-04 2.874399622210700852e-04 2.881556882597671666e-04 2.889118862803203322e-04 2.898174915651359745e-04 2.901375608347582361e-04 2.897939934227403863e-04 2.888180629562430140e-04 2.869030411669720401e-04 2.861371124923353811e-04 2.863505630117596035e-04 2.873188536064992353e-04 2.881669153824312777e-04
2.864181710421120409e-04 2.862483948383222083e-04 2.864429317821390016e-04 2.863554573346579557e-04 2.861807369841949992e-04 2.861543190546969400e-04 2.861471588039484490e-04 2.862239934402017387e-04 2.860294178756727398e-04 2.861242262203874342e-04 2.860708393377777510e-04 2.861214585630369013e-04 2.863520106214355603e-04 2.867980153208735854e-04 2.876100024128551728e-04 2.883341493192388390e-04 2.891312044489733018e-04 2.901375608347582361e-04 2.906324992194271681e-04 2.904237254668313507e-04 2.894983946821905879e-04 2.875256154296637287e-04 2.865565690840563939e-04 2.866489576746130297e-04 2.876000542102445808e-04 2.884749912404239872e-04
2.861268269088146875e-04 2.859473784160914767e-04 2.861448238226927928e-04 2.860580271513120192e-04 2.858787813093977568e-04 2.858537124109214629e-04 2.858405442965191931e-04 2.859130327104144535e-04 2.857068935814542111e-04 2.857970710524733275e-04 2.857310505489080556e-04 2.857730422003920147e-04 2.859930797249970146e-04 2.864266561231728811e-04 2.872203297771420407e-04 2.879333402601304921e-04 2.887397710374857993e-04 2.897939934227403863e-04 2.904237254668313507e-04 2.904577647669723392e-04 2.897050889176393837e-04 2.877706908661225205e-04 2.865915201736622220e-04 2.864708797832891214e-04 2.873904803406570588e-04 2.882765293054211238e-04
2.854984424384511337e-04 2.853164448435143233e-04 2.855149632279731361e-04 2.854257923346187721e-04 2.852346204066222215e-04 2.852034470068794689e-04 2.851786563008501725e-04 2.852426598578693584e-04 2.850135868922342775e-04 2.850818872427271131e-04 2.849899057906442367e-04 2.850012701204295007e-04 2.851839142737438949e-04 2.855782674733330149e-04 2.863301422372537181e-04 2.869900624510725133e-04 2.877650738316485791e-04 2.888180629562430140e-04 2.894983946821905879e-04 2.897050889176393837e-04 2.893136363562642593e-04 2.876646491768386168e-04 2.864331355394183934e-04 2.860614277958653529e-04 2.868613548125386334e-04 2.877398057685994848e-04
2.842953081530138495e-04 2.841188072415023547e-04 2.843094904116659797e-04 2.842265485038814195e-04 2.840177554137999962e-04 2.839795797057360102e-04 2.839458483870164747e-04 2.839958357437853144e-04 2.837397824415336311e-04 2.837787437109852580e-04 2.836580406861069362e-04 2.836247095261890572e-04 2.837484488502047333e-04 2.840702198829167611e-04 2.847373171920859324e-04 2.852843248654532925e-04 2.859441328697126267e-04 2.869030411669720401e-04 2.875256154296637287e-04 2.877706908661225205e-04 2.876646491768386168e-04 2.866798662549172147e-04 2.858669865753770746e-04 2.854054117844140987e-04 2.858136056503867177e-04 2.866503159118532649e-04
2.840236051030059516e-04 2.838392942223142410e-04 2.840429955197174179e-04 2.839626196738500642e-04 2.837479132660006851e-04 2.837072829332989272e-04 2.836701480085310765e-04 2.837112381939363307e-04 2.834463452704760245e-04 2.834710222044508807e-04 2.833458633444212952e-04 2.832878216954074217e-04 2.833853264359452624e-04 2.836695840100451416e-04 2.842859946750926235e-04 2.847622749383979849e-04 2.853219315758476595e-04 2.861371124923353811e-04 2.865565690840563939e-04 2.865915201736622220e-04 2.864331355394183934e-04 2.858669865753770746e-04 2.859465318336225814e-04 2.859523025875175040e-04 2.858901767843105676e-04 2.865060683329012517e-04
2.843563909359504271e-04 2.841654087578727246e-04 2.843733085736601502e-04 2.842905963886759426e-04 2.840898069756821968e-04 2.840527053266152257e-04 2.840082214346853484e-04 2.840448347769992140e-04 2.837778560828196277e-04 2.837977367404538750e-04 2.836689604240489877e-04 2.835951993430740957e-04 2.836863881922234367e-04 2.839562828626934765e-04 2.845598145737038287e-04 2.850313626876102395e-04 2.855771760818694291e-04 2.863505630117596035e-04 2.866489576746130297e-04 2.864708797832891214e-04 2.860614277958653529e-04 2.854054117844140987e-04 2.859523025875175040e-04 2.870137824594336967e-04 2.870382368631985278e-04 2.871903248183579134e-04
2.850813636055984468e-04 2.848979280738589675e-04 2.851030928313417730e-04 2.850125575852473572e-04 2.848275765335355142e-04 2.847993683307189204e-04 2.847599614950030163e-04 2.848071807395091736e-04 2.845491026674789453e-04 2.845726437645604030e-04 2.844450926868924271e-04 2.843843949398256279e-04 2.845048455713557038e-04 2.848040939190594795e-04 2.854571808893010708e-04 2.859731117775023146e-04 2.865355251939638733e-04 2.873188536064992353e-04 2.876000542102445808e-04 2.873904803406570588e-04 2.868613548125386334e-04 2.858136056503867177e-04 2.858901767843105676e-04 2.870382368631985278e-04 2.883182201550335533e-04 2.885470614216841998e-04
2.859278704660062976e-04 2.857687474276716130e-04 2.859446231394532846e-04 2.858725615749661657e-04 2.856807640444057757e-04 2.856638666431420893e-04 2.856294184517590008e-04 2.856771117615765246e-04 2.854152008575352117e-04 2.854399094675472951e-04 2.853094408405939305e-04 2.852534569561276825e-04 2.853796914451409367e-04 2.856800985388991158e-04 2.863468284402338250e-04 2.868671717391277506e-04 2.874093080691387473e-04 2.881669153824312777e-04 2.884749912404239872e-04 2.882765293054211238e-04 2.877398057685994848e-04 2.866503159118532649e-04 2.865060683329012517e-04 2.871903248183579134e-04 2.885470614216841998e-04 2.898762496213391705e-04
