6.754030217009296660e-04 6.705595193077044111e-04 6.670522100097053819e-04 6.641494121851645267e-04 6.619543402636138057e-04 6.598224579997163984e-04 6.587269053099256526e-04 6.581288548414233538e-04 6.571968201238298241e-04 6.563137945488279387e-04 6.555363632891317077e-04 6.553025061618977364e-04 6.552836802408827134e-04 6.556606406509994482e-04 6.558937245529446094e-04 6.568855216963423319e-04 6.577403443473961659e-04 6.583476073742839958e-04 6.595573071064507985e-04 6.599401801437096557e-04 6.590108831192307594e-04 6.553043674413996803e-04 6.507095814113022072e-04 6.495812070390975497e-04 6.516302155016512939e-04 6.538153972496202164e-04
6.705595193077044111e-04 6.658253218298957297e-04 6.623257792933092032e-04 6.594461469754557331e-04 6.572623899158801112e-04 6.551494894630992272e-04 6.540641446798707223e-04 6.534728541707793487e-04 6.525501583524446602e-04 6.516803059635193534e-04 6.509157359992600840e-04 6.506892667340396716e-04 6.506761667655725856e-04 6.510556472238989258e-04 6.512947116382440628e-04 6.522883819868000466e-04 6.531511372951301613e-04 6.537714801415472204e-04 6.549859351392923546e-04 6.553584380371892939e-04 6.544060353139971239e-04 6.506743439791243299e-04 6.460927795443242947e-04 6.449861813029728053e-04 6.470256270343914973e-04 6.492128922241937553e-04
6.670522100097053819e-04 6.623257792933092032e-04 6.588972396909183486e-04 6.560192040653139989e-04 6.538486934904380946e-04 6.517492550759028608e-04 6.506724031518266267e-04 6.500839139407741654e-04 6.491652160049298133e-04 6.482987533461455083e-04 6.475386307854981817e-04 6.473155953766802266e-04 6.473023629089658896e-04 6.476752832615625434e-04 6.479149721734240967e-04 6.489095480488207661e-04 6.497717254723120494e-04 6.503942159133194439e-04 6.516074512793031083e-04 6.519766171546671806e-04 6.510326672226076326e-04 6.473275791214586376e-04 6.427598404306850231e-04 6.416328173371430065e-04 6.436291595609148824e-04 6.458186472283427952e-04
6.641494121851645267e-04 6.594461469754557331e-04 6.560192040653139989e-04 6.531976684252976430e-04 6.510321111349226184e-04 6.489425366333127733e-04 6.478712375096353903e-04 6.472852446904198837e-04 6.463747004535972665e-04 6.455131876404507146e-04 6.447566751199755673e-04 6.445325511763576624e-04 6.445204060387003725e-04 6.448918394124376462e-04 6.451315860794329914e-04 6.461185043386782380e-04 6.469728906985244832e-04 6.475946121305376987e-04 6.488108113807078371e-04 6.491917412580529029e-04 6.482603314917975571e-04 6.445685417707322116e-04 6.400081054058140298e-04 6.388696937625450503e-04 6.408604306767544997e-04 6.430539742186124497e-04
6.619543402636138057e-04 6.572623899158801112e-04 6.538486934904380946e-04 6.510321111349226184e-04 6.489046682250698478e-04 6.468223775850061438e-04 6.457557628485613649e-04 6.451733913969523622e-04 6.442664063611000438e-04 6.434127194019984746e-04 6.426593170725905827e-04 6.424394595384819943e-04 6.424322230066761320e-04 6.428063718264458246e-04 6.430480963321049586e-04 6.440340639971112472e-04 6.448808843008645413e-04 6.454989840258039749e-04 6.467035619385938473e-04 6.470710371677618547e-04 6.461169898399940058e-04 6.423966295921881104e-04 6.378302209546451345e-04 6.367080011127216124e-04 6.387328938192841400e-04 6.409064672633146354e-04
6.598224579997163984e-04 6.551494894630992272e-04 6.517492550759028608e-04 6.489425366333127733e-04 6.468223775850061438e-04 6.447748358218971304e-04 6.437126511519088200e-04 6.431339200472257394e-04 6.422323520954877074e-04 6.413861279802316384e-04 6.406406147559927941e-04 6.404276544709725872e-04 6.404274414025858684e-04 6.408065393882357401e-04 6.410553134427012315e-04 6.420483156778514699e-04 6.429015287370931468e-04 6.435350500975883879e-04 6.447493778154599238e-04 6.451138126636321362e-04 6.441437097753851832e-04 6.404048514705732104e-04 6.358104617184969854e-04 6.346409737962180417e-04 6.366657681361480216e-04 6.388548651231646270e-04
6.587269053099256526e-04 6.540641446798707223e-04 6.506724031518266267e-04 6.478712375096353903e-04 6.457557628485613649e-04 6.437126511519088200e-04 6.426744720590987130e-04 6.420990236848973928e-04 6.412024440425146765e-04 6.403642192662666391e-04 6.396287535372848117e-04 6.394264981383712774e-04 6.394372365949315502e-04 6.398272588262726279e-04 6.400888056039217081e-04 6.410939697708453559e-04 6.419587417115949022e-04 6.426058868097053994e-04 6.438334040414255477e-04 6.441983267168918366e-04 6.432098146730251672e-04 6.394356962649161034e-04 6.348087428336755909e-04 6.336087029762418020e-04 6.356036794275263854e-04 6.377765610958148305e-04
6.581288548414233538e-04 6.534728541707793487e-04 6.500839139407741654e-04 6.472852446904198837e-04 6.451733913969523622e-04 6.431339200472257394e-04 6.420990236848973928e-04 6.415412988322747104e-04 6.406515058881852949e-04 6.398193600588727124e-04 6.390915474547959572e-04 6.388970489104554710e-04 6.389167157472328646e-04 6.393149894524002060e-04 6.395850234723308731e-04 6.405965396101107219e-04 6.414668390861972668e-04 6.421220033306844314e-04 6.433545535002415782e-04 6.437163307826671141e-04 6.427093350251417321e-04 6.389038856962291589e-04 6.342556190783430782e-04 6.330437104445626800e-04 6.350217432740897817e-04 6.372207122800924118e-04
6.571968201238298241e-04 6.525501583524446602e-04 6.491652160049298133e-04 6.463747004535972665e-04 6.442664063611000438e-04 6.422323520954877074e-04 6.412024440425146765e-04 6.406515058881852949e-04 6.397839721722481908e-04 6.389640933256149260e-04 6.382518344149418167e-04 6.380712583169380813e-04 6.381043104245540240e-04 6.385143486086155727e-04 6.387958584210533686e-04 6.398170912677387991e-04 6.406959976314092770e-04 6.413621047138105694e-04 6.425987937349301885e-04 6.429544247213015828e-04 6.419163788483344020e-04 6.380638330605114357e-04 6.333875652390530582e-04 6.321639209056115725e-04 6.341444261609874723e-04 6.363606211521473897e-04
6.563137945488279387e-04 6.516803059635193534e-04 6.482987533461455083e-04 6.455131876404507146e-04 6.434127194019984746e-04 6.413861279802316384e-04 6.403642192662666391e-04 6.398193600588727124e-04 6.389640933256149260e-04 6.381697751752541271e-04 6.374781310086678060e-04 6.373150586218207826e-04 6.373679133253670618e-04 6.377952144588315813e-04 6.380930973735996934e-04 6.391281258758790395e-04 6.400202473579313803e-04 6.406971964442516754e-04 6.419343136215634356e-04 6.422703416135155940e-04 6.411859123464268761e-04 6.372657147549160928e-04 6.325584034965406202e-04 6.313311443826619173e-04 6.333069417724177929e-04 6.355178892706106475e-04
6.555363632891317077e-04 6.509157359992600840e-04 6.475386307854981817e-04 6.447566751199755673e-04 6.426593170725905827e-04 6.406406147559927941e-04 6.396287535372848117e-04 6.390915474547959572e-04 6.382518344149418167e-04 6.374781310086678060e-04 6.368268184589525802e-04 6.366932445607539426e-04 6.367737088675384360e-04 6.372279101383803270e-04 6.375494548662449888e-04 6.386081843177636701e-04 6.395226827312312573e-04 6.402189279682793822e-04 6.414644654106786475e-04 6.417728642351855665e-04 6.406138158648940362e-04 6.365813833604495008e-04 6.318137234339409568e-04 6.305848192308896203e-04 6.325603812563535292e-04 6.347691217877210555e-04
6.553025061618977364e-04 6.506892667340396716e-04 6.473155953766802266e-04 6.445325511763576624e-04 6.424394595384819943e-04 6.404276544709725872e-04 6.394264981383712774e-04 6.388970489104554710e-04 6.380712583169380813e-04 6.373150586218207826e-04 6.366932445607539426e-04 6.366033856104010491e-04 6.367193184388966710e-04 6.372066623082978023e-04 6.375601271198539375e-04 6.386506425342035158e-04 6.395937182158913147e-04 6.403146960449574657e-04 6.415721802296820656e-04 6.418544758823216921e-04 6.406015183447840615e-04 6.364275995402982229e-04 6.315962049173826521e-04 6.303821514081808840e-04 6.323587489670657409e-04 6.345672448861803963e-04
6.552836802408827134e-04 6.506761667655725856e-04 6.473023629089658896e-04 6.445204060387003725e-04 6.424322230066761320e-04 6.404274414025858684e-04 6.394372365949315502e-04 6.389167157472328646e-04 6.381043104245540240e-04 6.373679133253670618e-04 6.367737088675384360e-04 6.367193184388966710e-04 6.368912604665194445e-04 6.374303362365425427e-04 6.378317866795366704e-04 6.389686249428298652e-04 6.399545435440295339e-04 6.407120985079941752e-04 6.419909259604663406e-04 6.422568587789760034e-04 6.409097778157598789e-04 6.365645701203398801e-04 6.316186583567468546e-04 6.303734029665426656e-04 6.323714783569129531e-04 6.346094752544559695e-04
6.556606406509994482e-04 6.510556472238989258e-04 6.476752832615625434e-04 6.448918394124376462e-04 6.428063718264458246e-04 6.408065393882357401e-04 6.398272588262726279e-04 6.393149894524002060e-04 6.385143486086155727e-04 6.377952144588315813e-04 6.372279101383803270e-04 6.372066623082978023e-04 6.374303362365425427e-04 6.380490217856273549e-04 6.385219335175281114e-04 6.397255049785095880e-04 6.407731367201128505e-04 6.415871824412820203e-04 6.429103593610859283e-04 6.431714551488327929e-04 6.417238206975988237e-04 6.371559185221146310e-04 6.320601606443808709e-04 6.307902901509465600e-04 6.328279827222960943e-04 6.350877951615295025e-04
6.558937245529446094e-04 6.512947116382440628e-04 6.479149721734240967e-04 6.451315860794329914e-04 6.430480963321049586e-04 6.410553134427012315e-04 6.400888056039217081e-04 6.395850234723308731e-04 6.387958584210533686e-04 6.380930973735996934e-04 6.375494548662449888e-04 6.375601271198539375e-04 6.378317866795366704e-04 6.385219335175281114e-04 6.390956466209012522e-04 6.403964175373938732e-04 6.415308589950960471e-04 6.424242985619902898e-04 6.438107988164498132e-04 6.440784510903251091e-04 6.425368129001946156e-04 6.377332869554345942e-04 6.324590455596741266e-04 6.311271387523401197e-04 6.331303849408634506e-04 6.353515639329519130e-04
6.568855216963423319e-04 6.522883819868000466e-04 6.489095480488207661e-04 6.461185043386782380e-04 6.440340639971112472e-04 6.420483156778514699e-04 6.410939697708453559e-04 6.405965396101107219e-04 6.398170912677387991e-04 6.391281258758790395e-04 6.386081843177636701e-04 6.386506425342035158e-04 6.389686249428298652e-04 6.397255049785095880e-04 6.403964175373938732e-04 6.418370436125453524e-04 6.431055490898825470e-04 6.441185116321354771e-04 6.456019563340988131e-04 6.458975315926164832e-04 6.442560432310783913e-04 6.391576653543240517e-04 6.336165120411548510e-04 6.321872408768454714e-04 6.341552725157966744e-04 6.363133272718970871e-04
6.577403443473961659e-04 6.531511372951301613e-04 6.497717254723120494e-04 6.469728906985244832e-04 6.448808843008645413e-04 6.429015287370931468e-04 6.419587417115949022e-04 6.414668390861972668e-04 6.406959976314092770e-04 6.400202473579313803e-04 6.395226827312312573e-04 6.395937182158913147e-04 6.399545435440295339e-04 6.407731367201128505e-04 6.415308589950960471e-04 6.431055490898825470e-04 6.445617726499611394e-04 6.457600310252654702e-04 6.473961352276715693e-04 6.477606230022979082e-04 6.460402194012211099e-04 6.406209452042784013e-04 6.347314356462153149e-04 6.331666680656514124e-04 6.350695959203040298e-04 6.371607874259639561e-04
6.583476073742839958e-04 6.537714801415472204e-04 6.503942159133194439e-04 6.475946121305376987e-04 6.454989840258039749e-04 6.435350500975883879e-04 6.426058868097053994e-04 6.421220033306844314e-04 6.413621047138105694e-04 6.406971964442516754e-04 6.402189279682793822e-04 6.403146960449574657e-04 6.407120985079941752e-04 6.415871824412820203e-04 6.424242985619902898e-04 6.441185116321354771e-04 6.457600310252654702e-04 6.472285990203703251e-04 6.491192165128654469e-04 6.496486419067683650e-04 6.479094836854737329e-04 6.421679100788830422e-04 6.358286730074784801e-04 6.339969149187356682e-04 6.358083715420197743e-04 6.378347052864351491e-04
6.595573071064507985e-04 6.549859351392923546e-04 6.516074512793031083e-04 6.488108113807078371e-04 6.467035619385938473e-04 6.447493778154599238e-04 6.438334040414255477e-04 6.433545535002415782e-04 6.425987937349301885e-04 6.419343136215634356e-04 6.414644654106786475e-04 6.415721802296820656e-04 6.419909259604663406e-04 6.429103593610859283e-04 6.438107988164498132e-04 6.456019563340988131e-04 6.473961352276715693e-04 6.491192165128654469e-04 6.513582043598769959e-04 6.521756619666950645e-04 6.505403111568843454e-04 6.445827005937587771e-04 6.377709477500488654e-04 6.355625210660804719e-04 6.371900190428482881e-04 6.391114678831245378e-04
6.599401801437096557e-04 6.553584380371892939e-04 6.519766171546671806e-04 6.491917412580529029e-04 6.470710371677618547e-04 6.451138126636321362e-04 6.441983267168918366e-04 6.437163307826671141e-04 6.429544247213015828e-04 6.422703416135155940e-04 6.417728642351855665e-04 6.418544758823216921e-04 6.422568587789760034e-04 6.431714551488327929e-04 6.440784510903251091e-04 6.458975315926164832e-04 6.477606230022979082e-04 6.496486419067683650e-04 6.521756619666950645e-04 6.534518441689597668e-04 6.522418930675999253e-04 6.464262668603403244e-04 6.392200705541666982e-04 6.363521340345297539e-04 6.377560155105936341e-04 6.396028778945071639e-04
6.590108831192307594e-04 6.544060353139971239e-04 6.510326672226076326e-04 6.482603314917975571e-04 6.461169898399940058e-04 6.441437097753851832e-04 6.432098146730251672e-04 6.427093350251417321e-04 6.419163788483344020e-04 6.411859123464268761e-04 6.406138158648940362e-04 6.406015183447840615e-04 6.409097778157598789e-04 6.417238206975988237e-04 6.425368129001946156e-04 6.442560432310783913e-04 6.460402194012211099e-04 6.479094836854737329e-04 6.505403111568843454e-04 6.522418930675999253e-04 6.519188355480954765e-04 6.469848949519918253e-04 6.398492476980344526e-04 6.362167078240465491e-04 6.372303874257799570e-04 6.388865991206548562e-04
6.553043674413996803e-04 6.506743439791243299e-04 6.473275791214586376e-04 6.445685417707322116e-04 6.423966295921881104e-04 6.404048514705732104e-04 6.394356962649161034e-04 6.389038856962291589e-04 6.380638330605114357e-04 6.372657147549160928e-04 6.365813833604495008e-04 6.364275995402982229e-04 6.365645701203398801e-04 6.371559185221146310e-04 6.377332869554345942e-04 6.391576653543240517e-04 6.406209452042784013e-04 6.421679100788830422e-04 6.445827005937587771e-04 6.464262668603403244e-04 6.469848949519918253e-04 6.438208959635771189e-04 6.378440626611445435e-04 6.338581620696522425e-04 6.340244375559457536e-04 6.353444050745316778e-04
6.507095814113022072e-04 6.460927795443242947e-04 6.427598404306850231e-04 6.400081054058140298e-04 6.378302209546451345e-04 6.358104617184969854e-04 6.348087428336755909e-04 6.342556190783430782e-04 6.333875652390530582e-04 6.325584034965406202e-04 6.318137234339409568e-04 6.315962049173826521e-04 6.316186583567468546e-04 6.320601606443808709e-04 6.324590455596741266e-04 6.336165120411548510e-04 6.347314356462153149e-04 6.358286730074784801e-04 6.377709477500488654e-04 6.392200705541666982e-04 6.398492476980344526e-04 6.378440626611445435e-04 6.339415978430904160e-04 6.310943196582074685e-04 6.304639467904539236e-04 6.311932503879624790e-04
6.495812070390975497e-04 6.449861813029728053e-04 6.416328173371430065e-04 6.388696937625450503e-04 6.367080011127216124e-04 6.346409737962180417e-04 6.336087029762418020e-04 6.330437104445626800e-04 6.321639209056115725e-04 6.313311443826619173e-04 6.305848192308896203e-04 6.303821514081808840e-04 6.303734029665426656e-04 6.307902901509465600e-04 6.311271387523401197e-04 6.321872408768454714e-04 6.331666680656514124e-04 6.339969149187356682e-04 6.355625210660804719e-04 6.363521340345297539e-04 6.362167078240465491e-04 6.338581620696522425e-04 6.310943196582074685e-04 6.309091725841089234e-04 6.310778528790305991e-04 6.309719644173146990e-04
6.516302155016512939e-04 6.470256270343914973e-04 6.436291595609148824e-04 6.408604306767544997e-04 6.387328938192841400e-04 6.366657681361480216e-04 6.356036794275263854e-04 6.350217432740897817e-04 6.341444261609874723e-04 6.333069417724177929e-04 6.325603812563535292e-04 6.323587489670657409e-04 6.323714783569129531e-04 6.328279827222960943e-04 6.331303849408634506e-04 6.341552725157966744e-04 6.350695959203040298e-04 6.358083715420197743e-04 6.371900190428482881e-04 6.377560155105936341e-04 6.372303874257799570e-04 6.340244375559457536e-04 6.304639467904539236e-04 6.310778528790305991e-04 6.344339084322357962e-04 6.351884253414943025e-04
6.538153972496202164e-04 6.492128922241937553e-04 6.458186472283427952e-04 6.430539742186124497e-04 6.409064672633146354e-04 6.388548651231646270e-04 6.377765610958148305e-04 6.372207122800924118e-04 6.363606211521473897e-04 6.355178892706106475e-04 6.347691217877210555e-04 6.345672448861803963e-04 6.346094752544559695e-04 6.350877951615295025e-04 6.353515639329519130e-04 6.363133272718970871e-04 6.371607874259639561e-04 6.378347052864351491e-04 6.391114678831245378e-04 6.396028778945071639e-04 6.388865991206548562e-04 6.353444050745316778e-04 6.311932503879624790e-04 6.309719644173146990e-04 6.351884253414943025e-04 6.389000146915936162e-04
