2.886070155935905159e-04 2.884070466390279992e-04 2.883987968859657832e-04 2.883163715682817265e-04 2.878819517234394547e-04 2.877941212502994764e-04 2.876049609726511781e-04 2.876571366451036800e-04 2.874934530317906230e-04 2.874567377176886476e-04 2.874409573732394137e-04 2.875216944688330808e-04 2.876866169369818576e-04 2.879129645514295357e-04 2.882587610005090859e-04 2.884981203045610060e-04 2.887492252013475159e-04 2.892197973473687508e-04 2.892997215220796821e-04 2.886883822922051601e-04 2.880667950973099479e-04 2.872723659849941926e-04 2.869931514845650532e-04 2.873491630850913870e-04 2.878305513839154550e-04 2.883802470857079327e-04
2.884070466390279992e-04 2.882565351360643398e-04 2.882332248245127290e-04 2.881505290341660136e-04 2.877176207788417392e-04 2.876303013706749795e-04 2.874410565216703071e-04 2.874938435264535411e-04 2.873315813110748421e-04 2.872960330595327946e-04 2.872804787151511793e-04 2.873623548170941536e-04 2.875281994611700222e-04 2.877524354408357381e-04 2.880964321569270525e-04 2.883297134916748506e-04 2.885742253433493869e-04 2.890356137827403854e-04 2.891070144725414737e-04 2.884854506437337551e-04 2.878610233308194683e-04 2.870620085050335207e-04 2.867946012523501999e-04 2.871722238454192861e-04 2.876602677339240273e-04 2.881819829797915692e-04
2.883987968859657832e-04 2.882332248245127290e-04 2.882456311965187878e-04 2.881571142902299349e-04 2.877239343818628809e-04 2.876373700463931427e-04 2.874491663110073430e-04 2.875028297641512415e-04 2.873418274624971072e-04 2.873046570169733235e-04 2.872899622115156855e-04 2.873711809547136397e-04 2.875385867222423480e-04 2.877660399253915611e-04 2.881142946560181313e-04 2.883549295897423650e-04 2.886060387476098920e-04 2.890721294863567224e-04 2.891425505092877772e-04 2.885195575262548655e-04 2.878896886397513369e-04 2.870788940116941203e-04 2.868127382458275925e-04 2.872021027045379817e-04 2.876979446925128085e-04 2.882240657476216588e-04
2.883163715682817265e-04 2.881505290341660136e-04 2.881571142902299349e-04 2.880916491220008647e-04 2.876540354060179959e-04 2.875659992943624160e-04 2.873778170077779018e-04 2.874310501409190247e-04 2.872701852684665354e-04 2.872333847760334289e-04 2.872184328224724700e-04 2.872983836381618871e-04 2.874638983399883984e-04 2.876907696690408000e-04 2.880371115355940680e-04 2.882736512908104769e-04 2.885210098095059342e-04 2.889855134816762447e-04 2.890563480689067508e-04 2.884297238870930490e-04 2.877978352946689998e-04 2.869976663713745199e-04 2.867408014562072361e-04 2.871343001876308621e-04 2.876200585727316673e-04 2.881484152479962596e-04
2.878819517234394547e-04 2.877176207788417392e-04 2.877239343818628809e-04 2.876540354060179959e-04 2.872363351666702008e-04 2.871482649101281585e-04 2.869610863487054948e-04 2.870179332250009994e-04 2.868584729427098128e-04 2.868242435906968521e-04 2.868102284381317192e-04 2.868916593103958850e-04 2.870561990822825035e-04 2.872815784927790325e-04 2.876244521887208710e-04 2.878580468455813903e-04 2.881016096935013317e-04 2.885627341122660051e-04 2.886281451380756863e-04 2.879922791408876946e-04 2.873473219824996617e-04 2.865431332609649773e-04 2.862908041036326084e-04 2.866917009595502746e-04 2.871736111474003698e-04 2.877071648540234462e-04
2.877941212502994764e-04 2.876303013706749795e-04 2.876373700463931427e-04 2.875659992943624160e-04 2.871482649101281585e-04 2.870783177427537304e-04 2.868900907293381449e-04 2.869484692646661651e-04 2.867911963924339443e-04 2.867583380410883070e-04 2.867476480105118518e-04 2.868319718047525877e-04 2.870001730181122443e-04 2.872283310410783880e-04 2.875717852344951853e-04 2.878034851966726026e-04 2.880446672423983188e-04 2.885072276634171110e-04 2.885735823913699151e-04 2.879315595375287287e-04 2.872705781495099890e-04 2.864513947991550232e-04 2.862039316431252327e-04 2.866119830327681266e-04 2.871032956169359651e-04 2.876457895628407825e-04
2.876049609726511781e-04 2.874410565216703071e-04 2.874491663110073430e-04 2.873778170077779018e-04 2.869610863487054948e-04 2.868900907293381449e-04 2.867167615239099143e-04 2.867766875917496304e-04 2.866234137221938295e-04 2.865931640079987766e-04 2.865848094930337946e-04 2.866704019875281626e-04 2.868423926701434601e-04 2.870723850214622818e-04 2.874168493672836738e-04 2.876478999264812410e-04 2.878876428788226219e-04 2.883476408640647738e-04 2.884151165625424779e-04 2.877703000974603004e-04 2.871040075028226304e-04 2.862770279623002103e-04 2.860223308861850220e-04 2.864204769368387219e-04 2.869016662990323831e-04 2.874535236826639248e-04
2.876571366451036800e-04 2.874938435264535411e-04 2.875028297641512415e-04 2.874310501409190247e-04 2.870179332250009994e-04 2.869484692646661651e-04 2.867766875917496304e-04 2.868499309221986390e-04 2.866993716742257531e-04 2.866725487588399866e-04 2.866679186047854980e-04 2.867587907400967950e-04 2.869355901931480322e-04 2.871685559014406286e-04 2.875129334836254891e-04 2.877413349073362336e-04 2.879794550294337849e-04 2.884383464721989318e-04 2.885015123400395693e-04 2.878459529111515223e-04 2.871635211588168955e-04 2.863231094888192183e-04 2.860687243902504742e-04 2.864733584730644171e-04 2.869681615601343784e-04 2.875169114112596986e-04
2.874934530317906230e-04 2.873315813110748421e-04 2.873418274624971072e-04 2.872701852684665354e-04 2.868584729427098128e-04 2.867911963924339443e-04 2.866234137221938295e-04 2.866993716742257531e-04 2.865638206052609758e-04 2.865431161826829921e-04 2.865436466155147645e-04 2.866417166405498223e-04 2.868266577138190170e-04 2.870657660832307912e-04 2.874151155335983795e-04 2.876460566767271849e-04 2.878824206820779783e-04 2.883390926791807142e-04 2.884019226638165302e-04 2.877412294604303066e-04 2.870393272696445449e-04 2.861713842559888933e-04 2.859070522157795640e-04 2.863039840158622417e-04 2.868092242692725437e-04 2.873671192049854161e-04
2.874567377176886476e-04 2.872960330595327946e-04 2.873046570169733235e-04 2.872333847760334289e-04 2.868242435906968521e-04 2.867583380410883070e-04 2.865931640079987766e-04 2.866725487588399866e-04 2.865431161826829921e-04 2.865384939213153331e-04 2.865467699663737985e-04 2.866524853202097258e-04 2.868461995812290367e-04 2.870917941538275037e-04 2.874439717418593074e-04 2.876749240487981151e-04 2.879094991751987185e-04 2.883643407744628938e-04 2.884274887927680965e-04 2.877633584846153269e-04 2.870474719826276956e-04 2.861592773356516997e-04 2.858846577054721997e-04 2.862642711487776884e-04 2.867689723738542492e-04 2.873279946441688760e-04
2.874409573732394137e-04 2.872804787151511793e-04 2.872899622115156855e-04 2.872184328224724700e-04 2.868102284381317192e-04 2.867476480105118518e-04 2.865848094930337946e-04 2.866679186047854980e-04 2.865436466155147645e-04 2.865467699663737985e-04 2.865740621111435371e-04 2.866918658619870323e-04 2.868971327625094154e-04 2.871536882488841605e-04 2.875129979075338629e-04 2.877468793085141501e-04 2.879801977482739366e-04 2.884317276137045478e-04 2.884911799057712561e-04 2.878182188121669138e-04 2.870785180063074632e-04 2.861603637122653678e-04 2.858758015329706343e-04 2.862452151528181092e-04 2.867632690095334451e-04 2.873200536548721376e-04
2.875216944688330808e-04 2.873623548170941536e-04 2.873711809547136397e-04 2.872983836381618871e-04 2.868916593103958850e-04 2.868319718047525877e-04 2.866704019875281626e-04 2.867587907400967950e-04 2.866417166405498223e-04 2.866524853202097258e-04 2.866918658619870323e-04 2.868329946403977621e-04 2.870561762819453101e-04 2.873279473934982689e-04 2.876976640595164210e-04 2.879381668263589949e-04 2.881762041740134304e-04 2.886285737283035015e-04 2.886859714490336336e-04 2.880024851025399365e-04 2.872298644709280662e-04 2.862599174156171323e-04 2.859483191417760560e-04 2.863021504752119323e-04 2.868369784675757917e-04 2.874059145698377397e-04
2.876866169369818576e-04 2.875281994611700222e-04 2.875385867222423480e-04 2.874638983399883984e-04 2.870561990822825035e-04 2.870001730181122443e-04 2.868423926701434601e-04 2.869355901931480322e-04 2.868266577138190170e-04 2.868461995812290367e-04 2.868971327625094154e-04 2.870561762819453101e-04 2.873080557472741008e-04 2.876040400125647739e-04 2.879910441307514902e-04 2.882419737484905389e-04 2.884852056434432464e-04 2.889361456080138187e-04 2.889869190766495037e-04 2.882872699812806853e-04 2.874766081123279597e-04 2.864472905871231069e-04 2.861137646276466296e-04 2.864592178251444536e-04 2.870241080974603805e-04 2.875988514084136267e-04
2.879129645514295357e-04 2.877524354408357381e-04 2.877660399253915611e-04 2.876907696690408000e-04 2.872815784927790325e-04 2.872283310410783880e-04 2.870723850214622818e-04 2.871685559014406286e-04 2.870657660832307912e-04 2.870917941538275037e-04 2.871536882488841605e-04 2.873279473934982689e-04 2.876040400125647739e-04 2.879439450007972097e-04 2.883655650483119676e-04 2.886431435577680978e-04 2.889016861851760533e-04 2.893594182588273044e-04 2.894031234982670942e-04 2.886845873447683509e-04 2.878300725150587775e-04 2.867259910886627342e-04 2.863657639599326548e-04 2.867091537985684536e-04 2.873068824634890861e-04 2.878689036926057620e-04
2.882587610005090859e-04 2.880964321569270525e-04 2.881142946560181313e-04 2.880371115355940680e-04 2.876244521887208710e-04 2.875717852344951853e-04 2.874168493672836738e-04 2.875129334836254891e-04 2.874151155335983795e-04 2.874439717418593074e-04 2.875129979075338629e-04 2.876976640595164210e-04 2.879910441307514902e-04 2.883655650483119676e-04 2.888402434439365108e-04 2.891651444966056804e-04 2.894547408303993832e-04 2.899240908386961006e-04 2.899625576532058931e-04 2.892256988224280352e-04 2.883294956303986850e-04 2.871368797145739836e-04 2.867305564642541930e-04 2.870733172064700149e-04 2.877302049393377827e-04 2.882925925773992021e-04
2.884981203045610060e-04 2.883297134916748506e-04 2.883549295897423650e-04 2.882736512908104769e-04 2.878580468455813903e-04 2.878034851966726026e-04 2.876478999264812410e-04 2.877413349073362336e-04 2.876460566767271849e-04 2.876749240487981151e-04 2.877468793085141501e-04 2.879381668263589949e-04 2.882419737484905389e-04 2.886431435577680978e-04 2.891651444966056804e-04 2.895644655657704188e-04 2.899152212436529197e-04 2.904157711250597248e-04 2.904586746806783531e-04 2.897064756183724121e-04 2.887644505881339181e-04 2.874658763292894481e-04 2.870002132550853943e-04 2.873366388057063182e-04 2.880315347607764124e-04 2.885954807472255546e-04
2.887492252013475159e-04 2.885742253433493869e-04 2.886060387476098920e-04 2.885210098095059342e-04 2.881016096935013317e-04 2.880446672423983188e-04 2.878876428788226219e-04 2.879794550294337849e-04 2.878824206820779783e-04 2.879094991751987185e-04 2.879801977482739366e-04 2.881762041740134304e-04 2.884852056434432464e-04 2.889016861851760533e-04 2.894547408303993832e-04 2.899152212436529197e-04 2.903672275184370670e-04 2.909423355719916154e-04 2.910245264017552718e-04 2.902778627816015060e-04 2.893032265260374889e-04 2.878868018159356969e-04 2.873233670941037314e-04 2.876524950410664109e-04 2.883833573197429876e-04 2.889284203883318207e-04
2.892197973473687508e-04 2.890356137827403854e-04 2.890721294863567224e-04 2.889855134816762447e-04 2.885627341122660051e-04 2.885072276634171110e-04 2.883476408640647738e-04 2.884383464721989318e-04 2.883390926791807142e-04 2.883643407744628938e-04 2.884317276137045478e-04 2.886285737283035015e-04 2.889361456080138187e-04 2.893594182588273044e-04 2.899240908386961006e-04 2.904157711250597248e-04 2.909423355719916154e-04 2.916425613690731312e-04 2.918213936583129750e-04 2.911074929596010668e-04 2.901241690005251653e-04 2.886125274613263463e-04 2.879181116755675737e-04 2.882192586064280331e-04 2.889628979908312467e-04 2.894775784430978437e-04
2.892997215220796821e-04 2.891070144725414737e-04 2.891425505092877772e-04 2.890563480689067508e-04 2.886281451380756863e-04 2.885735823913699151e-04 2.884151165625424779e-04 2.885015123400395693e-04 2.884019226638165302e-04 2.884274887927680965e-04 2.884911799057712561e-04 2.886859714490336336e-04 2.889869190766495037e-04 2.894031234982670942e-04 2.899625576532058931e-04 2.904586746806783531e-04 2.910245264017552718e-04 2.918213936583129750e-04 2.921694165354754916e-04 2.915763673735968092e-04 2.906426887623454703e-04 2.890751424347772630e-04 2.881860121182615894e-04 2.883759148866774330e-04 2.891076155007586321e-04 2.896342383666241672e-04
2.886883822922051601e-04 2.884854506437337551e-04 2.885195575262548655e-04 2.884297238870930490e-04 2.879922791408876946e-04 2.879315595375287287e-04 2.877703000974603004e-04 2.878459529111515223e-04 2.877412294604303066e-04 2.877633584846153269e-04 2.878182188121669138e-04 2.880024851025399365e-04 2.882872699812806853e-04 2.886845873447683509e-04 2.892256988224280352e-04 2.897064756183724121e-04 2.902778627816015060e-04 2.911074929596010668e-04 2.915763673735968092e-04 2.912136639059879841e-04 2.904632692328406392e-04 2.889449239633142962e-04 2.878407072047796367e-04 2.878153466118936140e-04 2.885125350033244571e-04 2.890556114773575481e-04
2.880667950973099479e-04 2.878610233308194683e-04 2.878896886397513369e-04 2.877978352946689998e-04 2.873473219824996617e-04 2.872705781495099890e-04 2.871040075028226304e-04 2.871635211588168955e-04 2.870393272696445449e-04 2.870474719826276956e-04 2.870785180063074632e-04 2.872298644709280662e-04 2.874766081123279597e-04 2.878300725150587775e-04 2.883294956303986850e-04 2.887644505881339181e-04 2.893032265260374889e-04 2.901241690005251653e-04 2.906426887623454703e-04 2.904632692328406392e-04 2.900936132586810355e-04 2.888559919760937946e-04 2.876719159026808778e-04 2.873605568448559921e-04 2.879462466007651688e-04 2.884876008593448412e-04
2.872723659849941926e-04 2.870620085050335207e-04 2.870788940116941203e-04 2.869976663713745199e-04 2.865431332609649773e-04 2.864513947991550232e-04 2.862770279623002103e-04 2.863231094888192183e-04 2.861713842559888933e-04 2.861592773356516997e-04 2.861603637122653678e-04 2.862599174156171323e-04 2.864472905871231069e-04 2.867259910886627342e-04 2.871368797145739836e-04 2.874658763292894481e-04 2.878868018159356969e-04 2.886125274613263463e-04 2.890751424347772630e-04 2.889449239633142962e-04 2.888559919760937946e-04 2.882911915229517761e-04 2.875146003202306991e-04 2.870891442018233628e-04 2.872752686337167556e-04 2.877796882402135149e-04
2.869931514845650532e-04 2.867946012523501999e-04 2.868127382458275925e-04 2.867408014562072361e-04 2.862908041036326084e-04 2.862039316431252327e-04 2.860223308861850220e-04 2.860687243902504742e-04 2.859070522157795640e-04 2.858846577054721997e-04 2.858758015329706343e-04 2.859483191417760560e-04 2.861137646276466296e-04 2.863657639599326548e-04 2.867305564642541930e-04 2.870002132550853943e-04 2.873233670941037314e-04 2.879181116755675737e-04 2.881860121182615894e-04 2.878407072047796367e-04 2.876719159026808778e-04 2.875146003202306991e-04 2.876352720583107278e-04 2.876911927907486099e-04 2.873968836744854576e-04 2.876671115945686236e-04
2.873491630850913870e-04 2.871722238454192861e-04 2.872021027045379817e-04 2.871343001876308621e-04 2.866917009595502746e-04 2.866119830327681266e-04 2.864204769368387219e-04 2.864733584730644171e-04 2.863039840158622417e-04 2.862642711487776884e-04 2.862452151528181092e-04 2.863021504752119323e-04 2.864592178251444536e-04 2.867091537985684536e-04 2.870733172064700149e-04 2.873366388057063182e-04 2.876524950410664109e-04 2.882192586064280331e-04 2.883759148866774330e-04 2.878153466118936140e-04 2.873605568448559921e-04 2.870891442018233628e-04 2.876911927907486099e-04 2.888066304460146878e-04 2.885793573524945087e-04 2.883512819135578779e-04
2.878305513839154550e-04 2.876602677339240273e-04 2.876979446925128085e-04 2.876200585727316673e-04 2.871736111474003698e-04 2.871032956169359651e-04 2.869016662990323831e-04 2.869681615601343784e-04 2.868092242692725437e-04 2.867689723738542492e-04 2.867632690095334451e-04 2.868369784675757917e-04 2.870241080974603805e-04 2.873068824634890861e-04 2.877302049393377827e-04 2.880315347607764124e-04 2.883833573197429876e-04 2.889628979908312467e-04 2.891076155007586321e-04 2.885125350033244571e-04 2.879462466007651688e-04 2.872752686337167556e-04 2.873968836744854576e-04 2.885793573524945087e-04 2.896054837387601654e-04 2.894594159142192921e-04
2.883802470857079327e-04 2.881819829797915692e-04 2.882240657476216588e-04 2.881484152479962596e-04 2.877071648540234462e-04 2.876457895628407825e-04 2.874535236826639248e-04 2.875169114112596986e-04 2.873671192049854161e-04 2.873279946441688760e-04 2.873200536548721376e-04 2.874059145698377397e-04 2.875988514084136267e-04 2.878689036926057620e-04 2.882925925773992021e-04 2.885954807472255546e-04 2.889284203883318207e-04 2.894775784430978437e-04 2.896342383666241672e-04 2.890556114773575481e-04 2.884876008593448412e-04 2.877796882402135149e-04 2.876671115945686236e-04 2.883512819135578779e-04 2.894594159142192921e-04 2.904445534772240128e-04
