6.275184282175960172e-04 6.272466979389515647e-04 6.279934247766760487e-04 6.280275494933258099e-04 6.281507355134375442e-04 6.284541410055621228e-04 6.285835562494939983e-04 6.288333092249021690e-04 6.292987737238871834e-04 6.293448553078653286e-04 6.292773566010667358e-04 6.297495448525203916e-04 6.301872200364032036e-04 6.308998571043240161e-04 6.314899319582430517e-04 6.325503210398411482e-04 6.336362237861970685e-04 6.344667309352390724e-04 6.356711782878094082e-04 6.362017301646032347e-04 6.354133979661907459e-04 6.320807229107806412e-04 6.277066039037681490e-04 6.270163765694653770e-04 6.287924236243545417e-04 6.306485364329908385e-04
6.272466979389515647e-04 6.270363690547757583e-04 6.277733093637763310e-04 6.277992736453272748e-04 6.279222666202112025e-04 6.282215547393163197e-04 6.283542814770820073e-04 6.286034086557062105e-04 6.290701137870870858e-04 6.291192691559453938e-04 6.290503849588946527e-04 6.295225874515513603e-04 6.299600992258102324e-04 6.306694382690514102e-04 6.312575641304814548e-04 6.323178977836872066e-04 6.334064928911412994e-04 6.342332974008414725e-04 6.354247815842166110e-04 6.359308144772405800e-04 6.351162922933969741e-04 6.317629977911035522e-04 6.273912563678190474e-04 6.267552411594250021e-04 6.285841773190683482e-04 6.304142300152381240e-04
6.279934247766760487e-04 6.277733093637763310e-04 6.285509524520621703e-04 6.285689473044312175e-04 6.286919809909817134e-04 6.289934727421252854e-04 6.291304611396848030e-04 6.293804554699819562e-04 6.298496017720429290e-04 6.299020610848562497e-04 6.298378792439015975e-04 6.303164819047820441e-04 6.307599272674899475e-04 6.314764977316069706e-04 6.320710525488465676e-04 6.331343408119504248e-04 6.342241256044984458e-04 6.350584161132692522e-04 6.362580432739432454e-04 6.367685225390469841e-04 6.359502572617911154e-04 6.325721074339954843e-04 6.281727690471349771e-04 6.274984857622527843e-04 6.293097331691504875e-04 6.311724708639780647e-04
6.280275494933258099e-04 6.277992736453272748e-04 6.285689473044312175e-04 6.286201532885649828e-04 6.287373123284259067e-04 6.290381409057448124e-04 6.291782164330158092e-04 6.294317389475161985e-04 6.299025439899834855e-04 6.299565797445217958e-04 6.298965342423647716e-04 6.303813352794337271e-04 6.308304257650898268e-04 6.315533980510576939e-04 6.321575288860729024e-04 6.332339831036331960e-04 6.343361538633588955e-04 6.351814513184543586e-04 6.363890923452291282e-04 6.368999743614483112e-04 6.360590150690407585e-04 6.326448029852144769e-04 6.282321943843978450e-04 6.275656975707185952e-04 6.293699275174863836e-04 6.312547737772501028e-04
6.281507355134375442e-04 6.279222666202112025e-04 6.286919809909817134e-04 6.287373123284259067e-04 6.288785288683713297e-04 6.291798393707075977e-04 6.293199380745870134e-04 6.295745256408102159e-04 6.300474171505022992e-04 6.301036228516632793e-04 6.300469861355867006e-04 6.305351711180681674e-04 6.309895489599984296e-04 6.317204004868578722e-04 6.323326927611311104e-04 6.334175960929419851e-04 6.345223955358119967e-04 6.353715881019214628e-04 6.365804896093647499e-04 6.370912628874446718e-04 6.362423361961613757e-04 6.328069432485219047e-04 6.283722118037277484e-04 6.276703840319026182e-04 6.294758995963733051e-04 6.313539264100908634e-04
6.284541410055621228e-04 6.282215547393163197e-04 6.289934727421252854e-04 6.290381409057448124e-04 6.291798393707075977e-04 6.295052126305591403e-04 6.296462523072022394e-04 6.299022719508388024e-04 6.303786556740624764e-04 6.304376952925206832e-04 6.303851630110866334e-04 6.308781123320989989e-04 6.313369666545496197e-04 6.320718543182633764e-04 6.326873490791584242e-04 6.337777316378637648e-04 6.348910293909209614e-04 6.357545687863578416e-04 6.369811876500785326e-04 6.374995867969494943e-04 6.366326641645295116e-04 6.331640961095600598e-04 6.286940936757153594e-04 6.279669088138744009e-04 6.297853164365051475e-04 6.316634800166486896e-04
6.285835562494939983e-04 6.283542814770820073e-04 6.291304611396848030e-04 6.291782164330158092e-04 6.293199380745870134e-04 6.296462523072022394e-04 6.298074273528419392e-04 6.300682888925468331e-04 6.305493902173536520e-04 6.306149903850859434e-04 6.305687169001754789e-04 6.310706120559012554e-04 6.315434533548000247e-04 6.322899173855315441e-04 6.329189515611282875e-04 6.340215902562781197e-04 6.351484952042299285e-04 6.360255829731240084e-04 6.372640601969989859e-04 6.377817619006134796e-04 6.368993704659678141e-04 6.333905196189152298e-04 6.288747017165225318e-04 6.281283448061826709e-04 6.299430254844493992e-04 6.318263637227729745e-04
6.288333092249021690e-04 6.286034086557062105e-04 6.293804554699819562e-04 6.294317389475161985e-04 6.295745256408102159e-04 6.299022719508388024e-04 6.300682888925468331e-04 6.303466578465734922e-04 6.308337979199659089e-04 6.309072042619887207e-04 6.308702162132271817e-04 6.313830103754372808e-04 6.318691804585225462e-04 6.326300714706317328e-04 6.332746709376422178e-04 6.343943645118160606e-04 6.355369339810006341e-04 6.364302965624114589e-04 6.376852020513118025e-04 6.381989969742159425e-04 6.372847268830851954e-04 6.337195809566625870e-04 6.291683253282308709e-04 6.284107875434456411e-04 6.302017133179885992e-04 6.321083908837164941e-04
6.292987737238871834e-04 6.290701137870870858e-04 6.298496017720429290e-04 6.299025439899834855e-04 6.300474171505022992e-04 6.303786556740624764e-04 6.305493902173536520e-04 6.308337979199659089e-04 6.313389415817855822e-04 6.314212008544349292e-04 6.313938940556252733e-04 6.319191361382572349e-04 6.324197941713279340e-04 6.331940487629739199e-04 6.338528771657913523e-04 6.349879063723192635e-04 6.361436640152490739e-04 6.370501724828556969e-04 6.383137984940948995e-04 6.388256211754194617e-04 6.378892845390213501e-04 6.342689409630870769e-04 6.296629300436975630e-04 6.288705012358518842e-04 6.306842152125978051e-04 6.326245617755962359e-04
6.293448553078653286e-04 6.291192691559453938e-04 6.299020610848562497e-04 6.299565797445217958e-04 6.301036228516632793e-04 6.304376952925206832e-04 6.306149903850859434e-04 6.309072042619887207e-04 6.314212008544349292e-04 6.315265888535405653e-04 6.315165912977723991e-04 6.320586091611459087e-04 6.325768376505056358e-04 6.333671513207186736e-04 6.340425134555787530e-04 6.351925263520974592e-04 6.363601031721073447e-04 6.372754824843286127e-04 6.385395575768721852e-04 6.390300099599551279e-04 6.380434760046103243e-04 6.343598039353587435e-04 6.297298676927323225e-04 6.289370650958602199e-04 6.307212440517905982e-04 6.326657877866057262e-04
6.292773566010667358e-04 6.290503849588946527e-04 6.298378792439015975e-04 6.298965342423647716e-04 6.300469861355867006e-04 6.303851630110866334e-04 6.305687169001754789e-04 6.308702162132271817e-04 6.313938940556252733e-04 6.315165912977723991e-04 6.315387795774752297e-04 6.321078014830647284e-04 6.326522963642373367e-04 6.334681354948153327e-04 6.341689729947285739e-04 6.353426898650536489e-04 6.365312124068043522e-04 6.374622471568806717e-04 6.387342733550479754e-04 6.392058357397981160e-04 6.381597284188510752e-04 6.343816707940812477e-04 6.296956658095053967e-04 6.288858309328484953e-04 6.306456007259592014e-04 6.325838868040053759e-04
6.297495448525203916e-04 6.295225874515513603e-04 6.303164819047820441e-04 6.303813352794337271e-04 6.305351711180681674e-04 6.308781123320989989e-04 6.310706120559012554e-04 6.313830103754372808e-04 6.319191361382572349e-04 6.320586091611459087e-04 6.321078014830647284e-04 6.327201294563078969e-04 6.333046334051175338e-04 6.341590379768586618e-04 6.349004262234477945e-04 6.361147211490833899e-04 6.373391478573537522e-04 6.382998579274221877e-04 6.395921690104650449e-04 6.400476329403386290e-04 6.389195263328604872e-04 6.349923138664776432e-04 6.302000939128298007e-04 6.293522031872811427e-04 6.311055943258490290e-04 6.330543980593128072e-04
6.301872200364032036e-04 6.299600992258102324e-04 6.307599272674899475e-04 6.308304257650898268e-04 6.309895489599984296e-04 6.313369666545496197e-04 6.315434533548000247e-04 6.318691804585225462e-04 6.324197941713279340e-04 6.325768376505056358e-04 6.326522963642373367e-04 6.333046334051175338e-04 6.339498190334597310e-04 6.348625850259829876e-04 6.356630417588714959e-04 6.369318049544076855e-04 6.382075201529387436e-04 6.392107502496660772e-04 6.405341395671189332e-04 6.409805282590441255e-04 6.397615201303231188e-04 6.356584343527044026e-04 6.307317776871088728e-04 6.298323829148390340e-04 6.315963884565107753e-04 6.335730388349886241e-04
6.308998571043240161e-04 6.306694382690514102e-04 6.314764977316069706e-04 6.315533980510576939e-04 6.317204004868578722e-04 6.320718543182633764e-04 6.322899173855315441e-04 6.326300714706317328e-04 6.331940487629739199e-04 6.333671513207186736e-04 6.334681354948153327e-04 6.341590379768586618e-04 6.348625850259829876e-04 6.358577783304474908e-04 6.367372016325876464e-04 6.380770308065394176e-04 6.394188555813983682e-04 6.404785702052066083e-04 6.418425666076458917e-04 6.422778517845837472e-04 6.409524701898545790e-04 6.366295332179730234e-04 6.315464479358612283e-04 6.306170023428544092e-04 6.324071924227296377e-04 6.343932906673427569e-04
6.314899319582430517e-04 6.312575641304814548e-04 6.320710525488465676e-04 6.321575288860729024e-04 6.323326927611311104e-04 6.326873490791584242e-04 6.329189515611282875e-04 6.332746709376422178e-04 6.338528771657913523e-04 6.340425134555787530e-04 6.341689729947285739e-04 6.349004262234477945e-04 6.356630417588714959e-04 6.367372016325876464e-04 6.377227667681732238e-04 6.391626977263779527e-04 6.405993649872333048e-04 6.417454130757524119e-04 6.431760572535685002e-04 6.436187517591027661e-04 6.421870896280666968e-04 6.376130392061462324e-04 6.323206490337125339e-04 6.313236570729285511e-04 6.330885464302470457e-04 6.350421847893149762e-04
6.325503210398411482e-04 6.323178977836872066e-04 6.331343408119504248e-04 6.332339831036331960e-04 6.334175960929419851e-04 6.337777316378637648e-04 6.340215902562781197e-04 6.343943645118160606e-04 6.349879063723192635e-04 6.351925263520974592e-04 6.353426898650536489e-04 6.361147211490833899e-04 6.369318049544076855e-04 6.380770308065394176e-04 6.391626977263779527e-04 6.407392275279772320e-04 6.423087604377774890e-04 6.435746447635450193e-04 6.451033192022087798e-04 6.455737054489952068e-04 6.440340844747370272e-04 6.391629042978835135e-04 6.335983703981736947e-04 6.325187450358371599e-04 6.342748647513943988e-04 6.361657948724746495e-04
6.336362237861970685e-04 6.334064928911412994e-04 6.342241256044984458e-04 6.343361538633588955e-04 6.345223955358119967e-04 6.348910293909209614e-04 6.351484952042299285e-04 6.355369339810006341e-04 6.361436640152490739e-04 6.363601031721073447e-04 6.365312124068043522e-04 6.373391478573537522e-04 6.382075201529387436e-04 6.394188555813983682e-04 6.405993649872333048e-04 6.423087604377774890e-04 6.440609839245571826e-04 6.455101932766732758e-04 6.471918892734064089e-04 6.477309538258763620e-04 6.461074644307205923e-04 6.409118891814385250e-04 6.349942017562507568e-04 6.337961214257008214e-04 6.355214829327421929e-04 6.373504506960345987e-04
6.344667309352390724e-04 6.342332974008414725e-04 6.350584161132692522e-04 6.351814513184543586e-04 6.353715881019214628e-04 6.357545687863578416e-04 6.360255829731240084e-04 6.364302965624114589e-04 6.370501724828556969e-04 6.372754824843286127e-04 6.374622471568806717e-04 6.382998579274221877e-04 6.392107502496660772e-04 6.404785702052066083e-04 6.417454130757524119e-04 6.435746447635450193e-04 6.455101932766732758e-04 6.472246856194416005e-04 6.491611253010563017e-04 6.498602100813532893e-04 6.482182975266787429e-04 6.427090716476311760e-04 6.363325987943959901e-04 6.348612052960527462e-04 6.364838795539972055e-04 6.382586715485726644e-04
6.356711782878094082e-04 6.354247815842166110e-04 6.362580432739432454e-04 6.363890923452291282e-04 6.365804896093647499e-04 6.369811876500785326e-04 6.372640601969989859e-04 6.376852020513118025e-04 6.383137984940948995e-04 6.385395575768721852e-04 6.387342733550479754e-04 6.395921690104650449e-04 6.405341395671189332e-04 6.418425666076458917e-04 6.431760572535685002e-04 6.451033192022087798e-04 6.471918892734064089e-04 6.491611253010563017e-04 6.514498857446202442e-04 6.524457325792188365e-04 6.509221981465372229e-04 6.452227347836997969e-04 6.383590276073538130e-04 6.364906681954051208e-04 6.379242467776717563e-04 6.395990199147553101e-04
6.362017301646032347e-04 6.359308144772405800e-04 6.367685225390469841e-04 6.368999743614483112e-04 6.370912628874446718e-04 6.374995867969494943e-04 6.377817619006134796e-04 6.381989969742159425e-04 6.388256211754194617e-04 6.390300099599551279e-04 6.392058357397981160e-04 6.400476329403386290e-04 6.409805282590441255e-04 6.422778517845837472e-04 6.436187517591027661e-04 6.455737054489952068e-04 6.477309538258763620e-04 6.498602100813532893e-04 6.524457325792188365e-04 6.539167170089521487e-04 6.528365212898463131e-04 6.472942222869176865e-04 6.400011936152311207e-04 6.374480420993545874e-04 6.386345585392268166e-04 6.402310758091823940e-04
6.354133979661907459e-04 6.351162922933969741e-04 6.359502572617911154e-04 6.360590150690407585e-04 6.362423361961613757e-04 6.366326641645295116e-04 6.368993704659678141e-04 6.372847268830851954e-04 6.378892845390213501e-04 6.380434760046103243e-04 6.381597284188510752e-04 6.389195263328604872e-04 6.397615201303231188e-04 6.409524701898545790e-04 6.421870896280666968e-04 6.440340844747370272e-04 6.461074644307205923e-04 6.482182975266787429e-04 6.509221981465372229e-04 6.528365212898463131e-04 6.526547119965291337e-04 6.479920974676207923e-04 6.407358875427833240e-04 6.373832179252569884e-04 6.381249772752077033e-04 6.395268626635825654e-04
6.320807229107806412e-04 6.317629977911035522e-04 6.325721074339954843e-04 6.326448029852144769e-04 6.328069432485219047e-04 6.331640961095600598e-04 6.333905196189152298e-04 6.337195809566625870e-04 6.342689409630870769e-04 6.343598039353587435e-04 6.343816707940812477e-04 6.349923138664776432e-04 6.356584343527044026e-04 6.366295332179730234e-04 6.376130392061462324e-04 6.391629042978835135e-04 6.409118891814385250e-04 6.427090716476311760e-04 6.452227347836997969e-04 6.472942222869176865e-04 6.479920974676207923e-04 6.450971249464398797e-04 6.389836467155508805e-04 6.352377774881877394e-04 6.350992642060319156e-04 6.361786803391532253e-04
6.277066039037681490e-04 6.273912563678190474e-04 6.281727690471349771e-04 6.282321943843978450e-04 6.283722118037277484e-04 6.286940936757153594e-04 6.288747017165225318e-04 6.291683253282308709e-04 6.296629300436975630e-04 6.297298676927323225e-04 6.296956658095053967e-04 6.302000939128298007e-04 6.307317776871088728e-04 6.315464479358612283e-04 6.323206490337125339e-04 6.335983703981736947e-04 6.349942017562507568e-04 6.363325987943959901e-04 6.383590276073538130e-04 6.400011936152311207e-04 6.407358875427833240e-04 6.389836467155508805e-04 6.349886229561637176e-04 6.324323791067534145e-04 6.315431460780320840e-04 6.320315936495600863e-04
6.270163765694653770e-04 6.267552411594250021e-04 6.274984857622527843e-04 6.275656975707185952e-04 6.276703840319026182e-04 6.279669088138744009e-04 6.281283448061826709e-04 6.284107875434456411e-04 6.288705012358518842e-04 6.289370650958602199e-04 6.288858309328484953e-04 6.293522031872811427e-04 6.298323829148390340e-04 6.306170023428544092e-04 6.313236570729285511e-04 6.325187450358371599e-04 6.337961214257008214e-04 6.348612052960527462e-04 6.364906681954051208e-04 6.374480420993545874e-04 6.373832179252569884e-04 6.352377774881877394e-04 6.324323791067534145e-04 6.325914329036234863e-04 6.325134871822309926e-04 6.321245166741086292e-04
6.287924236243545417e-04 6.285841773190683482e-04 6.293097331691504875e-04 6.293699275174863836e-04 6.294758995963733051e-04 6.297853164365051475e-04 6.299430254844493992e-04 6.302017133179885992e-04 6.306842152125978051e-04 6.307212440517905982e-04 6.306456007259592014e-04 6.311055943258490290e-04 6.315963884565107753e-04 6.324071924227296377e-04 6.330885464302470457e-04 6.342748647513943988e-04 6.355214829327421929e-04 6.364838795539972055e-04 6.379242467776717563e-04 6.386345585392268166e-04 6.381249772752077033e-04 6.350992642060319156e-04 6.315431460780320840e-04 6.325134871822309926e-04 6.355883049130248152e-04 6.360568396522591492e-04
6.306485364329908385e-04 6.304142300152381240e-04 6.311724708639780647e-04 6.312547737772501028e-04 6.313539264100908634e-04 6.316634800166486896e-04 6.318263637227729745e-04 6.321083908837164941e-04 6.326245617755962359e-04 6.326657877866057262e-04 6.325838868040053759e-04 6.330543980593128072e-04 6.335730388349886241e-04 6.343932906673427569e-04 6.350421847893149762e-04 6.361657948724746495e-04 6.373504506960345987e-04 6.382586715485726644e-04 6.395990199147553101e-04 6.402310758091823940e-04 6.395268626635825654e-04 6.361786803391532253e-04 6.320315936495600863e-04 6.321245166741086292e-04 6.360568396522591492e-04 6.395840074429264910e-04
