1.109239079796898021e-04 1.108999369221905164e-04 1.110571431123357069e-04 1.110275027313159334e-04 1.112427867700636663e-04 1.112710476508222112e-04 1.113007085253562190e-04 1.113368790967844414e-04 1.112612898648872105e-04 1.112393211295652511e-04 1.111885904111004552e-04 1.113743347833975048e-04 1.114115777569160204e-04 1.113018362365724844e-04 1.113807407301017482e-04 1.113889347267669333e-04 1.114997250505619995e-04 1.116654362807208693e-04 1.118311327620931422e-04 1.119961359097404962e-04 1.117162865423133948e-04 1.116353353270336753e-04 1.115073638638700525e-04 1.111183202434082914e-04 1.103092732218417072e-04 1.102140352813684289e-04
1.108999369221905164e-04 1.109569942556089142e-04 1.110954177132961689e-04 1.110644498527455279e-04 1.112815963119959372e-04 1.113126443064054095e-04 1.113478681798100284e-04 1.113858226437906715e-04 1.113153459789662750e-04 1.112952267403664701e-04 1.112484570790401878e-04 1.114381062451241886e-04 1.114826424575161428e-04 1.113798584695480174e-04 1.114582571061634424e-04 1.114657102913840905e-04 1.115743001059434861e-04 1.117453695081056401e-04 1.119135988808906903e-04 1.120707994996177710e-04 1.117931270020503204e-04 1.117075543847397136e-04 1.115645318321221150e-04 1.111602527460987079e-04 1.103538399360286801e-04 1.102571890130501641e-04
1.110571431123357069e-04 1.110954177132961689e-04 1.112827607252183694e-04 1.112404828698049036e-04 1.114577336307693477e-04 1.114913060147127902e-04 1.115240404462457567e-04 1.115629410053170707e-04 1.114890942524931556e-04 1.114665090839046227e-04 1.114176195088027174e-04 1.116044457015180483e-04 1.116452229319659165e-04 1.115382308090120684e-04 1.116169022416476281e-04 1.116202238248990635e-04 1.117229872833140473e-04 1.118863732933110495e-04 1.120468341104849234e-04 1.121993480896526976e-04 1.119204300311695270e-04 1.118345012641196493e-04 1.117011396168600857e-04 1.113167398220062722e-04 1.105198153357467972e-04 1.104090246733864956e-04
1.110275027313159334e-04 1.110644498527455279e-04 1.112404828698049036e-04 1.112448771781021482e-04 1.114532650870231925e-04 1.114823849313743739e-04 1.115172021550298270e-04 1.115571415710700417e-04 1.114848917659935469e-04 1.114670487704738335e-04 1.114170962904546754e-04 1.116056785510002592e-04 1.116487736126989380e-04 1.115422930633840092e-04 1.116235896248581733e-04 1.116271275877317687e-04 1.117347992902046857e-04 1.119021365263634570e-04 1.120682410492182226e-04 1.122233841888739780e-04 1.119356261915298404e-04 1.118354504898717134e-04 1.116809891244533110e-04 1.112871984007698597e-04 1.104946923131999080e-04 1.104021729072558056e-04
1.112427867700636663e-04 1.112815963119959372e-04 1.114577336307693477e-04 1.114532650870231925e-04 1.116926929570183461e-04 1.117166951519225557e-04 1.117512581250254176e-04 1.117931956465247566e-04 1.117206572632995800e-04 1.117023519909349162e-04 1.116535183342413153e-04 1.118460430373790663e-04 1.118921517503297555e-04 1.117846387462154243e-04 1.118632406874031095e-04 1.118675527969856818e-04 1.119728144459012145e-04 1.121400333310072458e-04 1.123091411234282357e-04 1.124651557546873880e-04 1.121768900848766308e-04 1.120644326741604462e-04 1.119094026515559932e-04 1.115334289394538252e-04 1.107537389195185782e-04 1.106412200316644786e-04
1.112710476508222112e-04 1.113126443064054095e-04 1.114913060147127902e-04 1.114823849313743739e-04 1.117166951519225557e-04 1.117639676917338531e-04 1.117949132082168037e-04 1.118369179617937818e-04 1.117650256746656793e-04 1.117481615423646237e-04 1.117001287697128877e-04 1.118934935327492219e-04 1.119408037036216148e-04 1.118356456473886099e-04 1.119149442626389182e-04 1.119185225456354729e-04 1.120233740137643305e-04 1.121891356786145627e-04 1.123581121691845960e-04 1.125106427114851257e-04 1.122204958288196454e-04 1.121016267692970155e-04 1.119428098771293149e-04 1.115584578551959952e-04 1.107755267240635038e-04 1.106597667999909609e-04
1.113007085253562190e-04 1.113478681798100284e-04 1.115240404462457567e-04 1.115172021550298270e-04 1.117512581250254176e-04 1.117949132082168037e-04 1.118479446051085440e-04 1.118904526379403002e-04 1.118226874148861094e-04 1.118078879510173292e-04 1.117647390575754425e-04 1.119622009142917646e-04 1.120126892296858135e-04 1.119094173032996923e-04 1.119878221019845208e-04 1.119907659472090498e-04 1.120934842993233946e-04 1.122592906829407005e-04 1.124225421593923879e-04 1.125741912296414392e-04 1.122876063183015461e-04 1.121678911868917916e-04 1.120145107723355209e-04 1.116259324801235420e-04 1.108362471741768720e-04 1.107151678212846464e-04
1.113368790967844414e-04 1.113858226437906715e-04 1.115629410053170707e-04 1.115571415710700417e-04 1.117931956465247566e-04 1.118369179617937818e-04 1.118904526379403002e-04 1.119470599455139431e-04 1.118806244858324501e-04 1.118678768129596453e-04 1.118280833799850188e-04 1.120300898451126963e-04 1.120830399319775692e-04 1.119819703076420115e-04 1.120615788552275957e-04 1.120656126813435578e-04 1.121692236885577106e-04 1.123359465467945454e-04 1.124997387237180828e-04 1.126491692485455832e-04 1.123565485020469704e-04 1.122291425678796607e-04 1.120715678839011769e-04 1.116673315146433465e-04 1.108696453826827461e-04 1.107552497270150740e-04
1.112612898648872105e-04 1.113153459789662750e-04 1.114890942524931556e-04 1.114848917659935469e-04 1.117206572632995800e-04 1.117650256746656793e-04 1.118226874148861094e-04 1.118806244858324501e-04 1.118354693747057040e-04 1.118303921541199866e-04 1.117974340711618274e-04 1.120052180057347574e-04 1.120636041559460702e-04 1.119659962432771941e-04 1.120460868736739354e-04 1.120483484615083819e-04 1.121485360082672691e-04 1.123130299355878426e-04 1.124782346333739444e-04 1.126249756279543721e-04 1.123212724512644817e-04 1.121708032748647477e-04 1.120114296662462760e-04 1.116112133422461714e-04 1.108137823102037976e-04 1.107000797633640119e-04
1.112393211295652511e-04 1.112952267403664701e-04 1.114665090839046227e-04 1.114670487704738335e-04 1.117023519909349162e-04 1.117481615423646237e-04 1.118078879510173292e-04 1.118678768129596453e-04 1.118303921541199866e-04 1.118453707698049379e-04 1.118207582317056766e-04 1.120347372451292354e-04 1.120983969620366024e-04 1.120047094188399503e-04 1.120889393526413544e-04 1.120930249205206157e-04 1.121923862647474407e-04 1.123546602875710813e-04 1.125194655079344029e-04 1.126599597668775249e-04 1.123426923882704865e-04 1.121707922479226388e-04 1.120080985001374786e-04 1.115952517192164120e-04 1.107882571842859498e-04 1.106699915344809250e-04
1.111885904111004552e-04 1.112484570790401878e-04 1.114176195088027174e-04 1.114170962904546754e-04 1.116535183342413153e-04 1.117001287697128877e-04 1.117647390575754425e-04 1.118280833799850188e-04 1.117974340711618274e-04 1.118207582317056766e-04 1.118182075401358126e-04 1.120450293432920534e-04 1.121195042102794736e-04 1.120365117836016048e-04 1.121258016744577490e-04 1.121339794232318265e-04 1.122344915986767474e-04 1.123969271793528248e-04 1.125585173339354716e-04 1.126900540619322247e-04 1.123528295576940738e-04 1.121544498090500168e-04 1.119930085957294443e-04 1.115755692677484882e-04 1.107644991220893202e-04 1.106490888406839860e-04
1.113743347833975048e-04 1.114381062451241886e-04 1.116044457015180483e-04 1.116056785510002592e-04 1.118460430373790663e-04 1.118934935327492219e-04 1.119622009142917646e-04 1.120300898451126963e-04 1.120052180057347574e-04 1.120347372451292354e-04 1.120450293432920534e-04 1.122984290388170210e-04 1.123887402545831990e-04 1.123196683515576574e-04 1.124221960446379907e-04 1.124398481614274562e-04 1.125437621685874214e-04 1.127054495387900352e-04 1.128649256546358364e-04 1.129849257243378851e-04 1.126200873970279311e-04 1.123767978194314872e-04 1.122143098471771515e-04 1.117929311806283358e-04 1.109723074499309323e-04 1.108558697640479152e-04
1.114115777569160204e-04 1.114826424575161428e-04 1.116452229319659165e-04 1.116487736126989380e-04 1.118921517503297555e-04 1.119408037036216148e-04 1.120126892296858135e-04 1.120830399319775692e-04 1.120636041559460702e-04 1.120983969620366024e-04 1.121195042102794736e-04 1.123887402545831990e-04 1.125092701201863400e-04 1.124629273525788237e-04 1.125807992450361845e-04 1.126105152231654901e-04 1.127183751038806828e-04 1.128815035968461960e-04 1.130414702711794240e-04 1.131526091032691281e-04 1.127618849930436243e-04 1.124783436330087426e-04 1.123092394329774170e-04 1.118819207077552570e-04 1.110556052252780157e-04 1.109231745330359001e-04
1.113018362365724844e-04 1.113798584695480174e-04 1.115382308090120684e-04 1.115422930633840092e-04 1.117846387462154243e-04 1.118356456473886099e-04 1.119094173032996923e-04 1.119819703076420115e-04 1.119659962432771941e-04 1.120047094188399503e-04 1.120365117836016048e-04 1.123196683515576574e-04 1.124629273525788237e-04 1.124566546656319217e-04 1.126043257551256411e-04 1.126551860709676731e-04 1.127767207114779163e-04 1.129495102504691069e-04 1.131136633612589757e-04 1.132151868168516267e-04 1.127866636034211429e-04 1.124373246089156964e-04 1.122398354877378118e-04 1.118150918838311229e-04 1.109877895837694200e-04 1.108372457390393971e-04
1.113807407301017482e-04 1.114582571061634424e-04 1.116169022416476281e-04 1.116235896248581733e-04 1.118632406874031095e-04 1.119149442626389182e-04 1.119878221019845208e-04 1.120615788552275957e-04 1.120460868736739354e-04 1.120889393526413544e-04 1.121258016744577490e-04 1.124221960446379907e-04 1.125807992450361845e-04 1.126043257551256411e-04 1.128021395994122794e-04 1.128916998882400287e-04 1.130369754721924488e-04 1.132225717814653497e-04 1.133944483515992744e-04 1.134922750212351592e-04 1.130232388022166945e-04 1.125880766971031093e-04 1.123476666089458183e-04 1.119236683281251202e-04 1.110978447094680330e-04 1.109265169532229874e-04
1.113889347267669333e-04 1.114657102913840905e-04 1.116202238248990635e-04 1.116271275877317687e-04 1.118675527969856818e-04 1.119185225456354729e-04 1.119907659472090498e-04 1.120656126813435578e-04 1.120483484615083819e-04 1.120930249205206157e-04 1.121339794232318265e-04 1.124398481614274562e-04 1.126105152231654901e-04 1.126551860709676731e-04 1.128916998882400287e-04 1.130427821311306329e-04 1.132357004853044413e-04 1.134523893847780128e-04 1.136443316183743333e-04 1.137468820377178394e-04 1.132395468854505854e-04 1.127027914550876174e-04 1.123940347134794274e-04 1.119699044655147568e-04 1.111516020734227813e-04 1.109712340550673249e-04
1.114997250505619995e-04 1.115743001059434861e-04 1.117229872833140473e-04 1.117347992902046857e-04 1.119728144459012145e-04 1.120233740137643305e-04 1.120934842993233946e-04 1.121692236885577106e-04 1.121485360082672691e-04 1.121923862647474407e-04 1.122344915986767474e-04 1.125437621685874214e-04 1.127183751038806828e-04 1.127767207114779163e-04 1.130369754721924488e-04 1.132357004853044413e-04 1.135120829053312073e-04 1.138015052923293846e-04 1.140400270070075236e-04 1.141583042525548590e-04 1.136092520720600460e-04 1.129575417920173741e-04 1.125283169606864340e-04 1.120975819140556865e-04 1.112875540061117449e-04 1.111245288747373956e-04
1.116654362807208693e-04 1.117453695081056401e-04 1.118863732933110495e-04 1.119021365263634570e-04 1.121400333310072458e-04 1.121891356786145627e-04 1.122592906829407005e-04 1.123359465467945454e-04 1.123130299355878426e-04 1.123546602875710813e-04 1.123969271793528248e-04 1.127054495387900352e-04 1.128815035968461960e-04 1.129495102504691069e-04 1.132225717814653497e-04 1.134523893847780128e-04 1.138015052923293846e-04 1.142109819599550728e-04 1.145421026186525099e-04 1.146994552079494130e-04 1.141312608153899648e-04 1.133775701334523937e-04 1.127761736120088759e-04 1.123129303232153065e-04 1.115144709283254595e-04 1.113710670082835127e-04
1.118311327620931422e-04 1.119135988808906903e-04 1.120468341104849234e-04 1.120682410492182226e-04 1.123091411234282357e-04 1.123581121691845960e-04 1.124225421593923879e-04 1.124997387237180828e-04 1.124782346333739444e-04 1.125194655079344029e-04 1.125585173339354716e-04 1.128649256546358364e-04 1.130414702711794240e-04 1.131136633612589757e-04 1.133944483515992744e-04 1.136443316183743333e-04 1.140400270070075236e-04 1.145421026186525099e-04 1.150224444078648349e-04 1.152810136243484040e-04 1.147327021970970576e-04 1.138879589623381292e-04 1.130774411938901527e-04 1.125336054647535982e-04 1.117597173914832256e-04 1.116085349643274678e-04
1.119961359097404962e-04 1.120707994996177710e-04 1.121993480896526976e-04 1.122233841888739780e-04 1.124651557546873880e-04 1.125106427114851257e-04 1.125741912296414392e-04 1.126491692485455832e-04 1.126249756279543721e-04 1.126599597668775249e-04 1.126900540619322247e-04 1.129849257243378851e-04 1.131526091032691281e-04 1.132151868168516267e-04 1.134922750212351592e-04 1.137468820377178394e-04 1.141583042525548590e-04 1.146994552079494130e-04 1.152810136243484040e-04 1.157503664178553620e-04 1.153703403758438314e-04 1.145495763102557607e-04 1.135463643156245703e-04 1.127855049206691709e-04 1.120258487610403992e-04 1.118834196129453554e-04
1.117162865423133948e-04 1.117931270020503204e-04 1.119204300311695270e-04 1.119356261915298404e-04 1.121768900848766308e-04 1.122204958288196454e-04 1.122876063183015461e-04 1.123565485020469704e-04 1.123212724512644817e-04 1.123426923882704865e-04 1.123528295576940738e-04 1.126200873970279311e-04 1.127618849930436243e-04 1.127866636034211429e-04 1.130232388022166945e-04 1.132395468854505854e-04 1.136092520720600460e-04 1.141312608153899648e-04 1.147327021970970576e-04 1.153703403758438314e-04 1.153286663194750909e-04 1.147909636230245723e-04 1.137650054189789787e-04 1.126783023303042455e-04 1.118636169415569871e-04 1.117465932106861091e-04
1.116353353270336753e-04 1.117075543847397136e-04 1.118345012641196493e-04 1.118354504898717134e-04 1.120644326741604462e-04 1.121016267692970155e-04 1.121678911868917916e-04 1.122291425678796607e-04 1.121708032748647477e-04 1.121707922479226388e-04 1.121544498090500168e-04 1.123767978194314872e-04 1.124783436330087426e-04 1.124373246089156964e-04 1.125880766971031093e-04 1.127027914550876174e-04 1.129575417920173741e-04 1.133775701334523937e-04 1.138879589623381292e-04 1.145495763102557607e-04 1.147909636230245723e-04 1.149052740591350035e-04 1.142422742142731092e-04 1.129449095123908649e-04 1.119111229755946797e-04 1.118611498108608112e-04
1.115073638638700525e-04 1.115645318321221150e-04 1.117011396168600857e-04 1.116809891244533110e-04 1.119094026515559932e-04 1.119428098771293149e-04 1.120145107723355209e-04 1.120715678839011769e-04 1.120114296662462760e-04 1.120080985001374786e-04 1.119930085957294443e-04 1.122143098471771515e-04 1.123092394329774170e-04 1.122398354877378118e-04 1.123476666089458183e-04 1.123940347134794274e-04 1.125283169606864340e-04 1.127761736120088759e-04 1.130774411938901527e-04 1.135463643156245703e-04 1.137650054189789787e-04 1.142422742142731092e-04 1.144207184535081040e-04 1.134863696095773640e-04 1.120756096686636034e-04 1.118595644123780686e-04
1.111183202434082914e-04 1.111602527460987079e-04 1.113167398220062722e-04 1.112871984007698597e-04 1.115334289394538252e-04 1.115584578551959952e-04 1.116259324801235420e-04 1.116673315146433465e-04 1.116112133422461714e-04 1.115952517192164120e-04 1.115755692677484882e-04 1.117929311806283358e-04 1.118819207077552570e-04 1.118150918838311229e-04 1.119236683281251202e-04 1.119699044655147568e-04 1.120975819140556865e-04 1.123129303232153065e-04 1.125336054647535982e-04 1.127855049206691709e-04 1.126783023303042455e-04 1.129449095123908649e-04 1.134863696095773640e-04 1.135645258368803444e-04 1.122741836365865985e-04 1.115983609792018364e-04
1.103092732218417072e-04 1.103538399360286801e-04 1.105198153357467972e-04 1.104946923131999080e-04 1.107537389195185782e-04 1.107755267240635038e-04 1.108362471741768720e-04 1.108696453826827461e-04 1.108137823102037976e-04 1.107882571842859498e-04 1.107644991220893202e-04 1.109723074499309323e-04 1.110556052252780157e-04 1.109877895837694200e-04 1.110978447094680330e-04 1.111516020734227813e-04 1.112875540061117449e-04 1.115144709283254595e-04 1.117597173914832256e-04 1.120258487610403992e-04 1.118636169415569871e-04 1.119111229755946797e-04 1.120756096686636034e-04 1.122741836365865985e-04 1.119541477554248987e-04 1.112637501123355085e-04
1.102140352813684289e-04 1.102571890130501641e-04 1.104090246733864956e-04 1.104021729072558056e-04 1.106412200316644786e-04 1.106597667999909609e-04 1.107151678212846464e-04 1.107552497270150740e-04 1.107000797633640119e-04 1.106699915344809250e-04 1.106490888406839860e-04 1.108558697640479152e-04 1.109231745330359001e-04 1.108372457390393971e-04 1.109265169532229874e-04 1.109712340550673249e-04 1.111245288747373956e-04 1.113710670082835127e-04 1.116085349643274678e-04 1.118834196129453554e-04 1.117465932106861091e-04 1.118611498108608112e-04 1.118595644123780686e-04 1.115983609792018364e-04 1.112637501123355085e-04 1.115623522269593642e-04
