7.260926726203877860e-04 7.179358758820027263e-04 7.110308033701502172e-04 7.052918928087047136e-04 7.006473990310324888e-04 6.971966979809196682e-04 6.944045858953586245e-04 6.917092635631959946e-04 6.896462785704860453e-04 6.875217703301063094e-04 6.855839417048204855e-04 6.844073173264236505e-04 6.832786890160503232e-04 6.828735929802609963e-04 6.823735164183406064e-04 6.827560930577066889e-04 6.832453421547249849e-04 6.833813491668206145e-04 6.840455068543382184e-04 6.840943958579258658e-04 6.831646020432736261e-04 6.791042935438829217e-04 6.745052320364777537e-04 6.734099696043190650e-04 6.749720482863530262e-04 6.768760152522619936e-04
7.179358758820027263e-04 7.099533000708234788e-04 7.031070094671566751e-04 6.974351109538787273e-04 6.928429476303039165e-04 6.894386929725799347e-04 6.866754618390239276e-04 6.840090723647960841e-04 6.819710115443367417e-04 6.798718996507014528e-04 6.779546212385816626e-04 6.767881382932498975e-04 6.756658649102846581e-04 6.752596647320933650e-04 6.747544917320253896e-04 6.751189193171066487e-04 6.755934134971931316e-04 6.757303471729487381e-04 6.763887090770311300e-04 6.764540054173718989e-04 6.755573103665557218e-04 6.715589025410743712e-04 6.669779682302542402e-04 6.658543913607839612e-04 6.674395273648554838e-04 6.693761641146860975e-04
7.110308033701502172e-04 7.031070094671566751e-04 6.963724417997401361e-04 6.907464680188739846e-04 6.862007129477871612e-04 6.828293926758729690e-04 6.800941498271026670e-04 6.774541570121679927e-04 6.754341132251622491e-04 6.733545617295071247e-04 6.714524037479027404e-04 6.702977048052919653e-04 6.691895699093523961e-04 6.687863145995676323e-04 6.682912585382909301e-04 6.686627505732211860e-04 6.691385767844984208e-04 6.692790981980596557e-04 6.699433824472047572e-04 6.700252117300639111e-04 6.691514652777195548e-04 6.652035109234855472e-04 6.606639478697885455e-04 6.595342713698818925e-04 6.610641501928726229e-04 6.629484892056428016e-04
7.052918928087047136e-04 6.974351109538787273e-04 6.907464680188739846e-04 6.852087006415820544e-04 6.806998139149221094e-04 6.773592607163616847e-04 6.746518008657770857e-04 6.720375944346732543e-04 6.700391334567924783e-04 6.679828772952049222e-04 6.660982009731194987e-04 6.649575805057825325e-04 6.638645079942099691e-04 6.634713860871122634e-04 6.629861965055072444e-04 6.633584644350019183e-04 6.638323486420654633e-04 6.639778825059644129e-04 6.646374397781717102e-04 6.647237430812016987e-04 6.638448820422361476e-04 6.598981855955779853e-04 6.553639255258673782e-04 6.542171463053263756e-04 6.557468411336389970e-04 6.576426314179216947e-04
7.006473990310324888e-04 6.928429476303039165e-04 6.862007129477871612e-04 6.806998139149221094e-04 6.762506921149329499e-04 6.729326857633453072e-04 6.702481622510795666e-04 6.676511309749810861e-04 6.656650045882425096e-04 6.636253983952851215e-04 6.617536388409911256e-04 6.606226152453529600e-04 6.595399360816668263e-04 6.591507714203738173e-04 6.586708094909325987e-04 6.590410863443670617e-04 6.595101568095431939e-04 6.596526600669693364e-04 6.603044265664811518e-04 6.603844982638480124e-04 6.594955029195449445e-04 6.555624602552714451e-04 6.510451232747531966e-04 6.498921164070759317e-04 6.514261083246282186e-04 6.533185862859293728e-04
6.971966979809196682e-04 6.894386929725799347e-04 6.828293926758729690e-04 6.773592607163616847e-04 6.729326857633453072e-04 6.696618671647011547e-04 6.669901705381908914e-04 6.644102769630137652e-04 6.624389096078837002e-04 6.604136499311597745e-04 6.585556947626190847e-04 6.574371685806283802e-04 6.563672250530519720e-04 6.559857649546673060e-04 6.555158982498019739e-04 6.558951618198559982e-04 6.563637746213105400e-04 6.565133866938336997e-04 6.571699826289639649e-04 6.572480909285831644e-04 6.563540758438836343e-04 6.524195682893399592e-04 6.478956374154938710e-04 6.467171121295730912e-04 6.482688754605383944e-04 6.501941601686574059e-04
6.944045858953586245e-04 6.866754618390239276e-04 6.800941498271026670e-04 6.746518008657770857e-04 6.702481622510795666e-04 6.669901705381908914e-04 6.643528870974723007e-04 6.617844793322760245e-04 6.598251587674278671e-04 6.578137481450034530e-04 6.559684781455874057e-04 6.548623004182341049e-04 6.538026809055917698e-04 6.534274802156374816e-04 6.529665187632773937e-04 6.533525342810953332e-04 6.538320603874495139e-04 6.539990569537982830e-04 6.546727032917124336e-04 6.547572591081449395e-04 6.538500781841158479e-04 6.498918541780541232e-04 6.453416227291645805e-04 6.441536232475709133e-04 6.456822777933469894e-04 6.475764114009929925e-04
6.917092635631959946e-04 6.840090723647960841e-04 6.774541570121679927e-04 6.720375944346732543e-04 6.676511309749810861e-04 6.644102769630137652e-04 6.617844793322760245e-04 6.592462497751061393e-04 6.573018307534176643e-04 6.553055132345738873e-04 6.534739583822441258e-04 6.523803666050132042e-04 6.513333637757201923e-04 6.509684413902913202e-04 6.505197559353720349e-04 6.509133929505359680e-04 6.513966813207546381e-04 6.515678163069867730e-04 6.522361204628322490e-04 6.523095838804832472e-04 6.513785506820148367e-04 6.473971858478219090e-04 6.428404413063219889e-04 6.416491813340612603e-04 6.431709811560067927e-04 6.450645238575777483e-04
6.896462785704860453e-04 6.819710115443367417e-04 6.754341132251622491e-04 6.700391334567924783e-04 6.656650045882425096e-04 6.624389096078837002e-04 6.598251587674278671e-04 6.573018307534176643e-04 6.553855093505720018e-04 6.534061683172736777e-04 6.515921749039344261e-04 6.505156587429262571e-04 6.494847322982005714e-04 6.491334448784095903e-04 6.486986562367280055e-04 6.491043580223554259e-04 6.496000112472391031e-04 6.497863524679312140e-04 6.504628378003379828e-04 6.505300411226886629e-04 6.495658788573165175e-04 6.455295389443832001e-04 6.409276538037207011e-04 6.397110457639008626e-04 6.412275597833404141e-04 6.431356633117399271e-04
6.875217703301063094e-04 6.798718996507014528e-04 6.733545617295071247e-04 6.679828772952049222e-04 6.636253983952851215e-04 6.604136499311597745e-04 6.578137481450034530e-04 6.553055132345738873e-04 6.534061683172736777e-04 6.514585425580689433e-04 6.496690778633820457e-04 6.486127642791636276e-04 6.476029592575821645e-04 6.472714509194270587e-04 6.468567947942626458e-04 6.472778477233176800e-04 6.477865734575536001e-04 6.479818052104292054e-04 6.486555870073340601e-04 6.487042204905732294e-04 6.477020548942643728e-04 6.436077334890733317e-04 6.389798423706927535e-04 6.377639371026130226e-04 6.392884706562077012e-04 6.411939554746258225e-04
6.855839417048204855e-04 6.779546212385816626e-04 6.714524037479027404e-04 6.660982009731194987e-04 6.617536388409911256e-04 6.585556947626190847e-04 6.559684781455874057e-04 6.534739583822441258e-04 6.515921749039344261e-04 6.496690778633820457e-04 6.479221625471140011e-04 6.468954733931514805e-04 6.459145067784038919e-04 6.456100508637491056e-04 6.452212744810425712e-04 6.456669459888502230e-04 6.461948423150719670e-04 6.464009371447858093e-04 6.470748168186852591e-04 6.470991714095814537e-04 6.460409645094776715e-04 6.418590239041130048e-04 6.371864111172420098e-04 6.359726859357942236e-04 6.375065631261026379e-04 6.394003127466234499e-04
6.844073173264236505e-04 6.767881382932498975e-04 6.702977048052919653e-04 6.649575805057825325e-04 6.606226152453529600e-04 6.574371685806283802e-04 6.548623004182341049e-04 6.523803666050132042e-04 6.505156587429262571e-04 6.486127642791636276e-04 6.468954733931514805e-04 6.459170960892834240e-04 6.449780845283368483e-04 6.447107352038554222e-04 6.443577561167391230e-04 6.448341508739056536e-04 6.453833808162636387e-04 6.456052797170433065e-04 6.462847022835760272e-04 6.462851724821730990e-04 6.451415789611669943e-04 6.408318046483495959e-04 6.360972539046602821e-04 6.349001359246456535e-04 6.364668838095337245e-04 6.383601759722717277e-04
6.832786890160503232e-04 6.756658649102846581e-04 6.691895699093523961e-04 6.638645079942099691e-04 6.595399360816668263e-04 6.563672250530519720e-04 6.538026809055917698e-04 6.513333637757201923e-04 6.494847322982005714e-04 6.476029592575821645e-04 6.459145067784038919e-04 6.449780845283368483e-04 6.441068018265257242e-04 6.438990069874697079e-04 6.436006793376580987e-04 6.441278252638547386e-04 6.447181169963085452e-04 6.449719735546245464e-04 6.456692241847477795e-04 6.456524670419945197e-04 6.444120552588259668e-04 6.399285740990915110e-04 6.350802157075725700e-04 6.338558417386455906e-04 6.354595628067316680e-04 6.373849573260585493e-04
6.828735929802609963e-04 6.752596647320933650e-04 6.687863145995676323e-04 6.634713860871122634e-04 6.591507714203738173e-04 6.559857649546673060e-04 6.534274802156374816e-04 6.509684413902913202e-04 6.491334448784095903e-04 6.472714509194270587e-04 6.456100508637491056e-04 6.447107352038554222e-04 6.438990069874697079e-04 6.437776904064316770e-04 6.435571623710236409e-04 6.441544716164160312e-04 6.448061085558436144e-04 6.451152946652052465e-04 6.458516759778846908e-04 6.458247349018383064e-04 6.444825246605956088e-04 6.397815013654546516e-04 6.347804857982324153e-04 6.335273494741056272e-04 6.351786642805088779e-04 6.371314094898983520e-04
6.823735164183406064e-04 6.747544917320253896e-04 6.682912585382909301e-04 6.629861965055072444e-04 6.586708094909325987e-04 6.555158982498019739e-04 6.529665187632773937e-04 6.505197559353720349e-04 6.486986562367280055e-04 6.468567947942626458e-04 6.452212744810425712e-04 6.443577561167391230e-04 6.436006793376580987e-04 6.435571623710236409e-04 6.434428911861107304e-04 6.441395024524062402e-04 6.448739967712254720e-04 6.452608700965700283e-04 6.460559929751876233e-04 6.460299568415997723e-04 6.445857031243229073e-04 6.396503373920515425e-04 6.344788183492720878e-04 6.331784690522139275e-04 6.348115268483072674e-04 6.367302412837855512e-04
6.827560930577066889e-04 6.751189193171066487e-04 6.686627505732211860e-04 6.633584644350019183e-04 6.590410863443670617e-04 6.558951618198559982e-04 6.533525342810953332e-04 6.509133929505359680e-04 6.491043580223554259e-04 6.472778477233176800e-04 6.456669459888502230e-04 6.448341508739056536e-04 6.441278252638547386e-04 6.441544716164160312e-04 6.441395024524062402e-04 6.449812449490069160e-04 6.458501316262658812e-04 6.463617050567946592e-04 6.472546805593729557e-04 6.472510509506559668e-04 6.456968181059387531e-04 6.404616448678814716e-04 6.350226787415907698e-04 6.336422006884039537e-04 6.352648755487264780e-04 6.371273000556469147e-04
6.832453421547249849e-04 6.755934134971931316e-04 6.691385767844984208e-04 6.638323486420654633e-04 6.595101568095431939e-04 6.563637746213105400e-04 6.538320603874495139e-04 6.513966813207546381e-04 6.496000112472391031e-04 6.477865734575536001e-04 6.461948423150719670e-04 6.453833808162636387e-04 6.447181169963085452e-04 6.448061085558436144e-04 6.448739967712254720e-04 6.458501316262658812e-04 6.469059659755745139e-04 6.476042874677798069e-04 6.486509104097609984e-04 6.487125453535625124e-04 6.470702223374780963e-04 6.415099298402796024e-04 6.357182647262703788e-04 6.342019745150447594e-04 6.357626507781637820e-04 6.375736409469495974e-04
6.833813491668206145e-04 6.757303471729487381e-04 6.692790981980596557e-04 6.639778825059644129e-04 6.596526600669693364e-04 6.565133866938336997e-04 6.539990569537982830e-04 6.515678163069867730e-04 6.497863524679312140e-04 6.479818052104292054e-04 6.464009371447858093e-04 6.456052797170433065e-04 6.449719735546245464e-04 6.451152946652052465e-04 6.452608700965700283e-04 6.463617050567946592e-04 6.476042874677798069e-04 6.485822803086412937e-04 6.498992866435620826e-04 6.501379654076631671e-04 6.484801629608418676e-04 6.425884291839099090e-04 6.363333269202107317e-04 6.345364866474847857e-04 6.359780528555046292e-04 6.377245756051456820e-04
6.840455068543382184e-04 6.763887090770311300e-04 6.699433824472047572e-04 6.646374397781717102e-04 6.603044265664811518e-04 6.571699826289639649e-04 6.546727032917124336e-04 6.522361204628322490e-04 6.504628378003379828e-04 6.486555870073340601e-04 6.470748168186852591e-04 6.462847022835760272e-04 6.456692241847477795e-04 6.458516759778846908e-04 6.460559929751876233e-04 6.472546805593729557e-04 6.486509104097609984e-04 6.498992866435620826e-04 6.515942595107398518e-04 6.521513978828359561e-04 6.506084249712073154e-04 6.444951447987958123e-04 6.377410289361360850e-04 6.355413185028511470e-04 6.367725849044447240e-04 6.384197925478360489e-04
6.840943958579258658e-04 6.764540054173718989e-04 6.700252117300639111e-04 6.647237430812016987e-04 6.603844982638480124e-04 6.572480909285831644e-04 6.547572591081449395e-04 6.523095838804832472e-04 6.505300411226886629e-04 6.487042204905732294e-04 6.470991714095814537e-04 6.462851724821730990e-04 6.456524670419945197e-04 6.458247349018383064e-04 6.460299568415997723e-04 6.472510509506559668e-04 6.487125453535625124e-04 6.501379654076631671e-04 6.521513978828359561e-04 6.532133509377475392e-04 6.521057637148956233e-04 6.461452798944595935e-04 6.389911463657332218e-04 6.361268731093838247e-04 6.371155591653540487e-04 6.386972122708075130e-04
6.831646020432736261e-04 6.755573103665557218e-04 6.691514652777195548e-04 6.638448820422361476e-04 6.594955029195449445e-04 6.563540758438836343e-04 6.538500781841158479e-04 6.513785506820148367e-04 6.495658788573165175e-04 6.477020548942643728e-04 6.460409645094776715e-04 6.451415789611669943e-04 6.444120552588259668e-04 6.444825246605956088e-04 6.445857031243229073e-04 6.456968181059387531e-04 6.470702223374780963e-04 6.484801629608418676e-04 6.506084249712073154e-04 6.521057637148956233e-04 6.518505006446018808e-04 6.467643263961581242e-04 6.397122415158742114e-04 6.361332168885640639e-04 6.367579481754676680e-04 6.381722372728202081e-04
6.791042935438829217e-04 6.715589025410743712e-04 6.652035109234855472e-04 6.598981855955779853e-04 6.555624602552714451e-04 6.524195682893399592e-04 6.498918541780541232e-04 6.473971858478219090e-04 6.455295389443832001e-04 6.436077334890733317e-04 6.418590239041130048e-04 6.408318046483495959e-04 6.399285740990915110e-04 6.397815013654546516e-04 6.396503373920515425e-04 6.404616448678814716e-04 6.415099298402796024e-04 6.425884291839099090e-04 6.444951447987958123e-04 6.461452798944595935e-04 6.467643263961581242e-04 6.434734974091608269e-04 6.376157103743773907e-04 6.337124941575152885e-04 6.335427121108137436e-04 6.346062449667045973e-04
6.745052320364777537e-04 6.669779682302542402e-04 6.606639478697885455e-04 6.553639255258673782e-04 6.510451232747531966e-04 6.478956374154938710e-04 6.453416227291645805e-04 6.428404413063219889e-04 6.409276538037207011e-04 6.389798423706927535e-04 6.371864111172420098e-04 6.360972539046602821e-04 6.350802157075725700e-04 6.347804857982324153e-04 6.344788183492720878e-04 6.350226787415907698e-04 6.357182647262703788e-04 6.363333269202107317e-04 6.377410289361360850e-04 6.389911463657332218e-04 6.397122415158742114e-04 6.376157103743773907e-04 6.338393465428139497e-04 6.310539767991287961e-04 6.300976133866816519e-04 6.305664635282234474e-04
6.734099696043190650e-04 6.658543913607839612e-04 6.595342713698818925e-04 6.542171463053263756e-04 6.498921164070759317e-04 6.467171121295730912e-04 6.441536232475709133e-04 6.416491813340612603e-04 6.397110457639008626e-04 6.377639371026130226e-04 6.359726859357942236e-04 6.349001359246456535e-04 6.338558417386455906e-04 6.335273494741056272e-04 6.331784690522139275e-04 6.336422006884039537e-04 6.342019745150447594e-04 6.345364866474847857e-04 6.355413185028511470e-04 6.361268731093838247e-04 6.361332168885640639e-04 6.337124941575152885e-04 6.310539767991287961e-04 6.309033502209474443e-04 6.306872378558046064e-04 6.303379798548547179e-04
6.749720482863530262e-04 6.674395273648554838e-04 6.610641501928726229e-04 6.557468411336389970e-04 6.514261083246282186e-04 6.482688754605383944e-04 6.456822777933469894e-04 6.431709811560067927e-04 6.412275597833404141e-04 6.392884706562077012e-04 6.375065631261026379e-04 6.364668838095337245e-04 6.354595628067316680e-04 6.351786642805088779e-04 6.348115268483072674e-04 6.352648755487264780e-04 6.357626507781637820e-04 6.359780528555046292e-04 6.367725849044447240e-04 6.371155591653540487e-04 6.367579481754676680e-04 6.335427121108137436e-04 6.300976133866816519e-04 6.306872378558046064e-04 6.336619359291121960e-04 6.341664659557411403e-04
6.768760152522619936e-04 6.693761641146860975e-04 6.629484892056428016e-04 6.576426314179216947e-04 6.533185862859293728e-04 6.501941601686574059e-04 6.475764114009929925e-04 6.450645238575777483e-04 6.431356633117399271e-04 6.411939554746258225e-04 6.394003127466234499e-04 6.383601759722717277e-04 6.373849573260585493e-04 6.371314094898983520e-04 6.367302412837855512e-04 6.371273000556469147e-04 6.375736409469495974e-04 6.377245756051456820e-04 6.384197925478360489e-04 6.386972122708075130e-04 6.381722372728202081e-04 6.346062449667045973e-04 6.305664635282234474e-04 6.303379798548547179e-04 6.341664659557411403e-04 6.376155653306693353e-04
