2.957534897087146048e-04 2.940359799098987204e-04 2.923729160538181943e-04 2.914663921248514060e-04 2.903266860930868963e-04 2.890251247747087316e-04 2.881584440896942188e-04 2.871063473018070763e-04 2.863427398117486772e-04 2.855111300488706637e-04 2.849142829724930293e-04 2.844290179459810696e-04 2.841790550080043002e-04 2.838442435199390245e-04 2.835443981716466357e-04 2.831788215931264636e-04 2.827502986069321106e-04 2.826724607252012423e-04 2.828206396458627313e-04 2.829860263645718661e-04 2.834583594644783612e-04 2.845238734223664548e-04 2.853204249918618379e-04 2.848408924331841184e-04 2.842337476258155319e-04 2.847676774705620775e-04
2.940359799098987204e-04 2.924145130827569003e-04 2.907397226043931878e-04 2.898373313478390693e-04 2.887004221509679612e-04 2.874027525893486663e-04 2.865386735721267585e-04 2.854953595179477777e-04 2.847384646434522777e-04 2.839102926492328744e-04 2.833155437989854633e-04 2.828307353999945633e-04 2.825821873732340880e-04 2.822458331906769666e-04 2.819445186731410675e-04 2.815775517510354085e-04 2.811466780351529475e-04 2.810651159331044725e-04 2.812193405208600772e-04 2.813945398282713005e-04 2.818772952376656800e-04 2.829340096470795069e-04 2.837213426131241401e-04 2.832112535217181683e-04 2.825964751449954815e-04 2.831399158510365709e-04
2.923729160538181943e-04 2.907397226043931878e-04 2.891347324275741299e-04 2.882182780529429994e-04 2.870865340810508509e-04 2.857960966202315631e-04 2.849400134151587063e-04 2.838997162566825458e-04 2.831465762050910896e-04 2.823222147691280986e-04 2.817298648797247353e-04 2.812489603629426548e-04 2.810017706366755284e-04 2.806709982519532752e-04 2.803747447682496856e-04 2.800142743630519506e-04 2.795913664611628341e-04 2.795093878481699724e-04 2.796620703039633549e-04 2.798311563917662615e-04 2.803007088186906825e-04 2.813502966833570079e-04 2.821219614202394592e-04 2.816025200001465037e-04 2.810000112590552656e-04 2.815505213382404675e-04
2.914663921248514060e-04 2.898373313478390693e-04 2.882182780529429994e-04 2.873513532973098988e-04 2.862139282785042542e-04 2.849253382251794721e-04 2.840702949375160697e-04 2.830335148234366742e-04 2.822848557345714157e-04 2.814675909841936915e-04 2.808788751537415521e-04 2.804022817193892615e-04 2.801574823306013026e-04 2.798258194808232453e-04 2.795313296908632779e-04 2.791732915812594274e-04 2.787482081713878916e-04 2.786711335065067147e-04 2.788318008505732493e-04 2.790087578450046015e-04 2.794740092302599901e-04 2.804875405404515915e-04 2.812443175216900858e-04 2.807436143594283667e-04 2.801418489241057895e-04 2.806894533241386259e-04
2.903266860930868963e-04 2.887004221509679612e-04 2.870865340810508509e-04 2.862139282785042542e-04 2.851104066380393074e-04 2.838186718652443465e-04 2.829687366132600584e-04 2.819371467611038744e-04 2.811902506008807142e-04 2.803763298958865825e-04 2.797892724164633706e-04 2.793154260818655143e-04 2.790726466978640970e-04 2.787418149247680678e-04 2.784486237863299232e-04 2.780934050575081871e-04 2.776721998332247498e-04 2.775946866809546505e-04 2.777558730050078833e-04 2.779275870526024092e-04 2.783822349744647230e-04 2.793934588428527237e-04 2.801447889535533327e-04 2.796541338324852986e-04 2.790718852265550208e-04 2.796141192282506141e-04
2.890251247747087316e-04 2.874027525893486663e-04 2.857960966202315631e-04 2.849253382251794721e-04 2.838186718652443465e-04 2.825608746165692779e-04 2.817113847610930766e-04 2.806841611955399464e-04 2.799432572427638195e-04 2.791357286184395253e-04 2.785518318978554898e-04 2.780818703090931943e-04 2.778408219984192110e-04 2.775130091788406412e-04 2.772244720092411144e-04 2.768700881397331121e-04 2.764506088918774812e-04 2.763741608448349219e-04 2.765325676131421585e-04 2.766960296103060097e-04 2.771323183115032701e-04 2.781299879732209812e-04 2.788891681980812691e-04 2.784060468851620707e-04 2.778345086835630148e-04 2.783929283651042741e-04
2.881584440896942188e-04 2.865386735721267585e-04 2.849400134151587063e-04 2.840702949375160697e-04 2.829687366132600584e-04 2.817113847610930766e-04 2.808903678891684044e-04 2.798670930735653976e-04 2.791315013936303984e-04 2.783324454885071448e-04 2.777547201815898847e-04 2.772911939485726276e-04 2.770553185840276037e-04 2.767324891810727847e-04 2.764446573534473759e-04 2.760875682537161646e-04 2.756675247108801075e-04 2.755891965276625996e-04 2.757454884156680815e-04 2.759033876207836466e-04 2.763222258181329254e-04 2.773004044089098612e-04 2.780489382054169255e-04 2.775685684227087598e-04 2.769953451529280890e-04 2.775415454465271015e-04
2.871063473018070763e-04 2.854953595179477777e-04 2.838997162566825458e-04 2.830335148234366742e-04 2.819371467611038744e-04 2.806841611955399464e-04 2.798670930735653976e-04 2.788671152521529531e-04 2.781379928123095470e-04 2.773448998972585506e-04 2.767733980380037220e-04 2.763157631604206137e-04 2.760875636134302877e-04 2.757703367543370867e-04 2.754867040981939449e-04 2.751298406028163460e-04 2.747122656186318885e-04 2.746359412049533466e-04 2.747908919514266890e-04 2.749417311386146670e-04 2.753370635006200827e-04 2.762931005993662318e-04 2.770347739827257335e-04 2.765698004218974373e-04 2.760006214314868222e-04 2.765431433326832585e-04
2.863427398117486772e-04 2.847384646434522777e-04 2.831465762050910896e-04 2.822848557345714157e-04 2.811902506008807142e-04 2.799432572427638195e-04 2.791315013936303984e-04 2.781379928123095470e-04 2.774310965136883383e-04 2.766461017073588644e-04 2.760816760230265813e-04 2.756313639461180657e-04 2.754090917810220781e-04 2.750972277605784897e-04 2.748174221000346208e-04 2.744624408952109676e-04 2.740439996263783280e-04 2.739653690824687808e-04 2.741138492138923857e-04 2.742469884093632162e-04 2.746139927837580293e-04 2.755409050644124750e-04 2.762750430359584030e-04 2.758185453396027882e-04 2.752778933125185081e-04 2.758432940995314119e-04
2.855111300488706637e-04 2.839102926492328744e-04 2.823222147691280986e-04 2.814675909841936915e-04 2.803763298958865825e-04 2.791357286184395253e-04 2.783324454885071448e-04 2.773448998972585506e-04 2.766461017073588644e-04 2.758847016034956276e-04 2.753309032753715547e-04 2.748926640952638030e-04 2.746818050874573480e-04 2.743802313115893069e-04 2.741083122290847757e-04 2.737567275722452894e-04 2.733401777400501173e-04 2.732595120678314770e-04 2.734015731920653655e-04 2.735215775436897244e-04 2.738518066962486236e-04 2.747344701697730716e-04 2.754422676794108463e-04 2.749807608307509670e-04 2.744734975020346988e-04 2.750636342519389250e-04
2.849142829724930293e-04 2.833155437989854633e-04 2.817298648797247353e-04 2.808788751537415521e-04 2.797892724164633706e-04 2.785518318978554898e-04 2.777547201815898847e-04 2.767733980380037220e-04 2.760816760230265813e-04 2.753309032753715547e-04 2.748015706107482950e-04 2.743800320223633432e-04 2.741826268795900519e-04 2.738927378285789136e-04 2.736300758589201867e-04 2.732855782909100685e-04 2.728744122726965487e-04 2.727943254470179988e-04 2.729335969275118118e-04 2.730435754741615908e-04 2.733394574538768008e-04 2.741768888126715187e-04 2.748554640305031060e-04 2.743767739308672587e-04 2.738848609836238689e-04 2.745013377052580921e-04
2.844290179459810696e-04 2.828307353999945633e-04 2.812489603629426548e-04 2.804022817193892615e-04 2.793154260818655143e-04 2.780818703090931943e-04 2.772911939485726276e-04 2.763157631604206137e-04 2.756313639461180657e-04 2.748926640952638030e-04 2.743800320223633432e-04 2.739890092862722537e-04 2.738136022773095973e-04 2.735412142112783021e-04 2.732935896439153732e-04 2.729601478623359706e-04 2.725587730904865404e-04 2.724851180293285432e-04 2.726250349978573406e-04 2.727251618484622330e-04 2.729742291270404126e-04 2.737462124217413884e-04 2.743884762865005577e-04 2.738977402469661517e-04 2.734258579976494284e-04 2.740677066875469312e-04
2.841790550080043002e-04 2.825821873732340880e-04 2.810017706366755284e-04 2.801574823306013026e-04 2.790726466978640970e-04 2.778408219984192110e-04 2.770553185840276037e-04 2.760875636134302877e-04 2.754090917810220781e-04 2.746818050874573480e-04 2.741826268795900519e-04 2.738136022773095973e-04 2.736752368760410510e-04 2.734328031791711145e-04 2.732094750719704841e-04 2.728945192687077647e-04 2.725075319026855911e-04 2.724429217222078541e-04 2.725856837105079073e-04 2.726712490530964973e-04 2.728606296457446547e-04 2.735503230903250644e-04 2.741420796141689955e-04 2.736522826461644910e-04 2.732197900215101258e-04 2.738851778490505613e-04
2.838442435199390245e-04 2.822458331906769666e-04 2.806709982519532752e-04 2.798258194808232453e-04 2.787418149247680678e-04 2.775130091788406412e-04 2.767324891810727847e-04 2.757703367543370867e-04 2.750972277605784897e-04 2.743802313115893069e-04 2.738927378285789136e-04 2.735412142112783021e-04 2.734328031791711145e-04 2.732356152253053610e-04 2.730465156026503520e-04 2.727556229404869137e-04 2.723841628039221172e-04 2.723280118642130748e-04 2.724730530389074317e-04 2.725449171612942295e-04 2.726771552532515305e-04 2.732725394342791687e-04 2.738033279675962579e-04 2.733032658323865621e-04 2.729070841503476817e-04 2.736016146879244738e-04
2.835443981716466357e-04 2.819445186731410675e-04 2.803747447682496856e-04 2.795313296908632779e-04 2.784486237863299232e-04 2.772244720092411144e-04 2.764446573534473759e-04 2.754867040981939449e-04 2.748174221000346208e-04 2.741083122290847757e-04 2.736300758589201867e-04 2.732935896439153732e-04 2.732094750719704841e-04 2.730465156026503520e-04 2.729083658663771623e-04 2.726603911519510882e-04 2.723193270684570407e-04 2.722761047701841800e-04 2.724244807593264521e-04 2.724812363129066706e-04 2.725508607711469981e-04 2.730424280279461274e-04 2.735107065418848149e-04 2.730084548743961104e-04 2.726397607853483780e-04 2.733578545021382155e-04
2.831788215931264636e-04 2.815775517510354085e-04 2.800142743630519506e-04 2.791732915812594274e-04 2.780934050575081871e-04 2.768700881397331121e-04 2.760875682537161646e-04 2.751298406028163460e-04 2.744624408952109676e-04 2.737567275722452894e-04 2.732855782909100685e-04 2.729601478623359706e-04 2.728945192687077647e-04 2.727556229404869137e-04 2.726603911519510882e-04 2.724857044793212234e-04 2.722032076944683903e-04 2.721890472149519381e-04 2.723535044338031854e-04 2.724088867646959865e-04 2.724184430364260875e-04 2.727801125139485980e-04 2.731488047007546742e-04 2.726571907762058563e-04 2.723359288719094705e-04 2.730609373326243236e-04
2.827502986069321106e-04 2.811466780351529475e-04 2.795913664611628341e-04 2.787482081713878916e-04 2.776721998332247498e-04 2.764506088918774812e-04 2.756675247108801075e-04 2.747122656186318885e-04 2.740439996263783280e-04 2.733401777400501173e-04 2.728744122726965487e-04 2.725587730904865404e-04 2.725075319026855911e-04 2.723841628039221172e-04 2.723193270684570407e-04 2.722032076944683903e-04 2.720155739935551775e-04 2.720751019901268336e-04 2.722865652366674230e-04 2.723550284445111816e-04 2.723106342081901962e-04 2.725341860703774251e-04 2.727673452277788041e-04 2.722705651440799918e-04 2.719959750517084553e-04 2.727189961029069455e-04
2.826724607252012423e-04 2.810651159331044725e-04 2.795093878481699724e-04 2.786711335065067147e-04 2.775946866809546505e-04 2.763741608448349219e-04 2.755891965276625996e-04 2.746359412049533466e-04 2.739653690824687808e-04 2.732595120678314770e-04 2.727943254470179988e-04 2.724851180293285432e-04 2.724429217222078541e-04 2.723280118642130748e-04 2.722761047701841800e-04 2.721890472149519381e-04 2.720751019901268336e-04 2.722623725551072643e-04 2.725839336326198528e-04 2.727045614372201974e-04 2.726365777014990886e-04 2.727179311821562426e-04 2.727530931608156324e-04 2.722178619245801024e-04 2.720054957747549307e-04 2.727324759878713275e-04
2.828206396458627313e-04 2.812193405208600772e-04 2.796620703039633549e-04 2.788318008505732493e-04 2.777558730050078833e-04 2.765325676131421585e-04 2.757454884156680815e-04 2.747908919514266890e-04 2.741138492138923857e-04 2.734015731920653655e-04 2.729335969275118118e-04 2.726250349978573406e-04 2.725856837105079073e-04 2.724730530389074317e-04 2.724244807593264521e-04 2.723535044338031854e-04 2.722865652366674230e-04 2.725839336326198528e-04 2.730946267448993987e-04 2.733484553253078117e-04 2.732973674438899129e-04 2.732630744616148144e-04 2.730574150429078634e-04 2.724198877662994739e-04 2.722381190475497092e-04 2.729760646525776946e-04
2.829860263645718661e-04 2.813945398282713005e-04 2.798311563917662615e-04 2.790087578450046015e-04 2.779275870526024092e-04 2.766960296103060097e-04 2.759033876207836466e-04 2.749417311386146670e-04 2.742469884093632162e-04 2.735215775436897244e-04 2.730435754741615908e-04 2.727251618484622330e-04 2.726712490530964973e-04 2.725449171612942295e-04 2.724812363129066706e-04 2.724088867646959865e-04 2.723550284445111816e-04 2.727045614372201974e-04 2.733484553253078117e-04 2.738694120286024698e-04 2.740241186039972195e-04 2.740146056929984109e-04 2.735756746575961963e-04 2.727047053550018607e-04 2.725147700453386512e-04 2.732361415377946114e-04
2.834583594644783612e-04 2.818772952376656800e-04 2.803007088186906825e-04 2.794740092302599901e-04 2.783822349744647230e-04 2.771323183115032701e-04 2.763222258181329254e-04 2.753370635006200827e-04 2.746139927837580293e-04 2.738518066962486236e-04 2.733394574538768008e-04 2.729742291270404126e-04 2.728606296457446547e-04 2.726771552532515305e-04 2.725508607711469981e-04 2.724184430364260875e-04 2.723106342081901962e-04 2.726365777014990886e-04 2.732973674438899129e-04 2.740241186039972195e-04 2.746652692070562242e-04 2.750731127575349448e-04 2.746803210897572870e-04 2.734471083951553320e-04 2.730587719559392354e-04 2.736988439499355515e-04
2.845238734223664548e-04 2.829340096470795069e-04 2.813502966833570079e-04 2.804875405404515915e-04 2.793934588428527237e-04 2.781299879732209812e-04 2.773004044089098612e-04 2.762931005993662318e-04 2.755409050644124750e-04 2.747344701697730716e-04 2.741768888126715187e-04 2.737462124217413884e-04 2.735503230903250644e-04 2.732725394342791687e-04 2.730424280279461274e-04 2.727801125139485980e-04 2.725341860703774251e-04 2.727179311821562426e-04 2.732630744616148144e-04 2.740146056929984109e-04 2.750731127575349448e-04 2.763264866011019383e-04 2.765370719838771232e-04 2.750534195856839978e-04 2.741539918173175271e-04 2.746902304843000086e-04
2.853204249918618379e-04 2.837213426131241401e-04 2.821219614202394592e-04 2.812443175216900858e-04 2.801447889535533327e-04 2.788891681980812691e-04 2.780489382054169255e-04 2.770347739827257335e-04 2.762750430359584030e-04 2.754422676794108463e-04 2.748554640305031060e-04 2.743884762865005577e-04 2.741420796141689955e-04 2.738033279675962579e-04 2.735107065418848149e-04 2.731488047007546742e-04 2.727673452277788041e-04 2.727530931608156324e-04 2.730574150429078634e-04 2.735756746575961963e-04 2.746803210897572870e-04 2.765370719838771232e-04 2.778697718068442709e-04 2.767162193619526864e-04 2.751095356848582319e-04 2.754320492462633053e-04
2.848408924331841184e-04 2.832112535217181683e-04 2.816025200001465037e-04 2.807436143594283667e-04 2.796541338324852986e-04 2.784060468851620707e-04 2.775685684227087598e-04 2.765698004218974373e-04 2.758185453396027882e-04 2.749807608307509670e-04 2.743767739308672587e-04 2.738977402469661517e-04 2.736522826461644910e-04 2.733032658323865621e-04 2.730084548743961104e-04 2.726571907762058563e-04 2.722705651440799918e-04 2.722178619245801024e-04 2.724198877662994739e-04 2.727047053550018607e-04 2.734471083951553320e-04 2.750534195856839978e-04 2.767162193619526864e-04 2.766707684647392901e-04 2.751934387999026288e-04 2.750619270774638434e-04
2.842337476258155319e-04 2.825964751449954815e-04 2.810000112590552656e-04 2.801418489241057895e-04 2.790718852265550208e-04 2.778345086835630148e-04 2.769953451529280890e-04 2.760006214314868222e-04 2.752778933125185081e-04 2.744734975020346988e-04 2.738848609836238689e-04 2.734258579976494284e-04 2.732197900215101258e-04 2.729070841503476817e-04 2.726397607853483780e-04 2.723359288719094705e-04 2.719959750517084553e-04 2.720054957747549307e-04 2.722381190475497092e-04 2.725147700453386512e-04 2.730587719559392354e-04 2.741539918173175271e-04 2.751095356848582319e-04 2.751934387999026288e-04 2.751561262456256947e-04 2.752308751046910287e-04
2.847676774705620775e-04 2.831399158510365709e-04 2.815505213382404675e-04 2.806894533241386259e-04 2.796141192282506141e-04 2.783929283651042741e-04 2.775415454465271015e-04 2.765431433326832585e-04 2.758432940995314119e-04 2.750636342519389250e-04 2.745013377052580921e-04 2.740677066875469312e-04 2.738851778490505613e-04 2.736016146879244738e-04 2.733578545021382155e-04 2.730609373326243236e-04 2.727189961029069455e-04 2.727324759878713275e-04 2.729760646525776946e-04 2.732361415377946114e-04 2.736988439499355515e-04 2.746902304843000086e-04 2.754320492462633053e-04 2.750619270774638434e-04 2.752308751046910287e-04 2.765748641063876519e-04
