5.478403795011884628e-04 5.472219442683094563e-04 5.473188135029376277e-04 5.475639172098705973e-04 5.474381517560578331e-04 5.477335074211824462e-04 5.478461132851621205e-04 5.476241166505423346e-04 5.475718698835956629e-04 5.477349008099160511e-04 5.479952728408146257e-04 5.484180068199386634e-04 5.485732731472746631e-04 5.490256629179542233e-04 5.491929318048931153e-04 5.490444946220592905e-04 5.488381004533965293e-04 5.485763499029135560e-04 5.478191113709894242e-04 5.471470715437959506e-04 5.477741053856134343e-04 5.497804872156141377e-04 5.523194214500417578e-04 5.514890182593205469e-04 5.495612680389117639e-04 5.501984085264614724e-04
5.472219442683094563e-04 5.466915559437703770e-04 5.467627605367857916e-04 5.470048634725316718e-04 5.468756472116159499e-04 5.471694852760186070e-04 5.472828269260805170e-04 5.470605617687531895e-04 5.470092885538123482e-04 5.471730353349298342e-04 5.474310216025801007e-04 5.478486530348185800e-04 5.479981479620374320e-04 5.484447118115667570e-04 5.486134270532343421e-04 5.484701056842238628e-04 5.482733662718734542e-04 5.480227055327884476e-04 5.472630508119225761e-04 5.465876130286554703e-04 5.472146223826655559e-04 5.492357899746501708e-04 5.517923251254658887e-04 5.509729173681540389e-04 5.490114932146103943e-04 5.496091473293651273e-04
5.473188135029376277e-04 5.467627605367857916e-04 5.468924662984510181e-04 5.471218684668983532e-04 5.469918840187757520e-04 5.472880126574969535e-04 5.474068477019604492e-04 5.471852011138885093e-04 5.471378612644204080e-04 5.473058567149118947e-04 5.475766909971292295e-04 5.480013499445803666e-04 5.481591758303202416e-04 5.486134452647826055e-04 5.487856114169693388e-04 5.486431232156497315e-04 5.484387458428566014e-04 5.481766027562243182e-04 5.474041562200753202e-04 5.467094982419978301e-04 5.473031182326530122e-04 5.492894752787139600e-04 5.518673417234708570e-04 5.510898979044654561e-04 5.491545376737030264e-04 5.497574221939384486e-04
5.475639172098705973e-04 5.470048634725316718e-04 5.471218684668983532e-04 5.473898989567029276e-04 5.472502216946804020e-04 5.475473261346919598e-04 5.476641271700880519e-04 5.474439406078717525e-04 5.473961070370771337e-04 5.475640073645431701e-04 5.478323606337799417e-04 5.482587126552543972e-04 5.484193104443074902e-04 5.488722618809294303e-04 5.490430926758589928e-04 5.489046851932211871e-04 5.487012278059426925e-04 5.484472271493882499e-04 5.476901831276657917e-04 5.470230971109041676e-04 5.476413393961127463e-04 5.496246089967482887e-04 5.521584207674234751e-04 5.513327038667517480e-04 5.494096956462790225e-04 5.500125291946472011e-04
5.474381517560578331e-04 5.468756472116159499e-04 5.469918840187757520e-04 5.472502216946804020e-04 5.471464291075305237e-04 5.474364196965472587e-04 5.475522048043698388e-04 5.473352598676248454e-04 5.472916207354003521e-04 5.474609995707222475e-04 5.477326376164738274e-04 5.481641563364343227e-04 5.483298751992703298e-04 5.487887291857316847e-04 5.489654721311394139e-04 5.488299084480254908e-04 5.486238665378584314e-04 5.483661773900061140e-04 5.476041391179016981e-04 5.469316923766025153e-04 5.475378031243283931e-04 5.495032678632065645e-04 5.520255238347793062e-04 5.512095406291263062e-04 5.493084443855586040e-04 5.499237430626053831e-04
5.477335074211824462e-04 5.471694852760186070e-04 5.472880126574969535e-04 5.475473261346919598e-04 5.474364196965472587e-04 5.477514192354204347e-04 5.478696813634939284e-04 5.476534391339017097e-04 5.476113193567063754e-04 5.477825911648258805e-04 5.480583863139560068e-04 5.484956396493214379e-04 5.486680263727361203e-04 5.491342550020752869e-04 5.493167272430609076e-04 5.491884204316769278e-04 5.489909805445301882e-04 5.487398646241646019e-04 5.479766120410985066e-04 5.472975810828842585e-04 5.478891591889808706e-04 5.498327991345442270e-04 5.523362688308961887e-04 5.515038946632837323e-04 5.496158887954565465e-04 5.502368843404439273e-04
5.478461132851621205e-04 5.472828269260805170e-04 5.474068477019604492e-04 5.476641271700880519e-04 5.475522048043698388e-04 5.478696813634939284e-04 5.480127902423039508e-04 5.477975294352612975e-04 5.477595544883301273e-04 5.479328532638396820e-04 5.482138150212890419e-04 5.486559650932130256e-04 5.488320458541989843e-04 5.493035571398725489e-04 5.494902581501662003e-04 5.493660138993000305e-04 5.491744145421244066e-04 5.489316850772408196e-04 5.481729827287250929e-04 5.475015266454442021e-04 5.480847122865623120e-04 5.499883530454690054e-04 5.524575416860715536e-04 5.516226632278529388e-04 5.497491610315867038e-04 5.503874239272619475e-04
5.476241166505423346e-04 5.470605617687531895e-04 5.471852011138885093e-04 5.474439406078717525e-04 5.473352598676248454e-04 5.476534391339017097e-04 5.477975294352612975e-04 5.476053830112005000e-04 5.475689693550396097e-04 5.477460262063826553e-04 5.480324479654318393e-04 5.484799831033965872e-04 5.486628193411025598e-04 5.491409761890753659e-04 5.493351559742535575e-04 5.492177615252883142e-04 5.490320656061216343e-04 5.487962156846696096e-04 5.480377170987861925e-04 5.473609734010467147e-04 5.479276785954741115e-04 5.498051249457665138e-04 5.522546364765421132e-04 5.514141289248262892e-04 5.495484520607698577e-04 5.502205094941128340e-04
5.475718698835956629e-04 5.470092885538123482e-04 5.471378612644204080e-04 5.473961070370771337e-04 5.472916207354003521e-04 5.476113193567063754e-04 5.477595544883301273e-04 5.475689693550396097e-04 5.475534042686206349e-04 5.477376651087170886e-04 5.480308135066956242e-04 5.484870815184343185e-04 5.486798062696460416e-04 5.491659237691496123e-04 5.493678878486331959e-04 5.492569137255115140e-04 5.490759345621604040e-04 5.488428154755597066e-04 5.480830646777921922e-04 5.473945104100663012e-04 5.479311738342686850e-04 5.497709337401544133e-04 5.522056739576272849e-04 5.513872734911946143e-04 5.495433925954047467e-04 5.502214624999337937e-04
5.477349008099160511e-04 5.471730353349298342e-04 5.473058567149118947e-04 5.475640073645431701e-04 5.474609995707222475e-04 5.477825911648258805e-04 5.479328532638396820e-04 5.477460262063826553e-04 5.477376651087170886e-04 5.479457929158348646e-04 5.482493313928977173e-04 5.487174897197517279e-04 5.489226254812080335e-04 5.494178645209640008e-04 5.496292549960932975e-04 5.495271016176273568e-04 5.493520721843125855e-04 5.491254967561592362e-04 5.483698326808541124e-04 5.476676870305911089e-04 5.481698507505277946e-04 5.499637779209675444e-04 5.523728823382936587e-04 5.515750866249056030e-04 5.497526331710592346e-04 5.504324615031841970e-04
5.479952728408146257e-04 5.474310216025801007e-04 5.475766909971292295e-04 5.478323606337799417e-04 5.477326376164738274e-04 5.480583863139560068e-04 5.482138150212890419e-04 5.480324479654318393e-04 5.480308135066956242e-04 5.482493313928977173e-04 5.485829951088144014e-04 5.490724000569353370e-04 5.492985306652861666e-04 5.498137745643524518e-04 5.500400497646290620e-04 5.499480112940498700e-04 5.497803838490541431e-04 5.495623901222163998e-04 5.488069395939173091e-04 5.480876259121061607e-04 5.485512995535083954e-04 5.502837203063097593e-04 5.526466248781654409e-04 5.518460339519822185e-04 5.500528083684732726e-04 5.507372420833058033e-04
5.484180068199386634e-04 5.478486530348185800e-04 5.480013499445803666e-04 5.482587126552543972e-04 5.481641563364343227e-04 5.484956396493214379e-04 5.486559650932130256e-04 5.484799831033965872e-04 5.484870815184343185e-04 5.487174897197517279e-04 5.490724000569353370e-04 5.495979120636088587e-04 5.498556230656430517e-04 5.504007951152404014e-04 5.506513356399379182e-04 5.505800408595649216e-04 5.504292254756396356e-04 5.502263771573575506e-04 5.494705589051395453e-04 5.487220871623456689e-04 5.491297580386850794e-04 5.507699047036099856e-04 5.530698577398644863e-04 5.522702296744761569e-04 5.505178134970901537e-04 5.512164974163619949e-04
5.485732731472746631e-04 5.479981479620374320e-04 5.481591758303202416e-04 5.484193104443074902e-04 5.483298751992703298e-04 5.486680263727361203e-04 5.488320458541989843e-04 5.486628193411025598e-04 5.486798062696460416e-04 5.489226254812080335e-04 5.492985306652861666e-04 5.498556230656430517e-04 5.501621803925595957e-04 5.507481318367046319e-04 5.510311465469963296e-04 5.509884249729696606e-04 5.508592922101679607e-04 5.506805858973222011e-04 5.499360476873854002e-04 5.491629189800927187e-04 5.495099079610077028e-04 5.510480854448329040e-04 5.532697186790997432e-04 5.524724284547510942e-04 5.507839012681699058e-04 5.514817829188031805e-04
5.490256629179542233e-04 5.484447118115667570e-04 5.486134452647826055e-04 5.488722618809294303e-04 5.487887291857316847e-04 5.491342550020752869e-04 5.493035571398725489e-04 5.491409761890753659e-04 5.491659237691496123e-04 5.494178645209640008e-04 5.498137745643524518e-04 5.504007951152404014e-04 5.507481318367046319e-04 5.513953589044828362e-04 5.517287836225528335e-04 5.517274694362817424e-04 5.516300337727597647e-04 5.514781156394179575e-04 5.507446354373397206e-04 5.499371149478553961e-04 5.502007579469033035e-04 5.516131911103895093e-04 5.537509383731453435e-04 5.529812748890093653e-04 5.513752116172838079e-04 5.520631000663212126e-04
5.491929318048931153e-04 5.486134270532343421e-04 5.487856114169693388e-04 5.490430926758589928e-04 5.489654721311394139e-04 5.493167272430609076e-04 5.494902581501662003e-04 5.493351559742535575e-04 5.493678878486331959e-04 5.496292549960932975e-04 5.500400497646290620e-04 5.506513356399379182e-04 5.510311465469963296e-04 5.517287836225528335e-04 5.521364778732455866e-04 5.522066730187622126e-04 5.521688228728841063e-04 5.520667706575881290e-04 5.513543279136591101e-04 5.505169500730413158e-04 5.506782740512379494e-04 5.519126143730767155e-04 5.539303993740634464e-04 5.532033011491080876e-04 5.516623627360554578e-04 5.523453776920549162e-04
5.490444946220592905e-04 5.484701056842238628e-04 5.486431232156497315e-04 5.489046851932211871e-04 5.488299084480254908e-04 5.491884204316769278e-04 5.493660138993000305e-04 5.492177615252883142e-04 5.492569137255115140e-04 5.495271016176273568e-04 5.499480112940498700e-04 5.505800408595649216e-04 5.509884249729696606e-04 5.517274694362817424e-04 5.522066730187622126e-04 5.523912199248611496e-04 5.524560659701409143e-04 5.524458571377185902e-04 5.517863389382476587e-04 5.509385447820266219e-04 5.509846457583066591e-04 5.519691290480008283e-04 5.537797993817490660e-04 5.530703439970789930e-04 5.516196425764367675e-04 5.523389973503587498e-04
5.488381004533965293e-04 5.482733662718734542e-04 5.484387458428566014e-04 5.487012278059426925e-04 5.486238665378584314e-04 5.489909805445301882e-04 5.491744145421244066e-04 5.490320656061216343e-04 5.490759345621604040e-04 5.493520721843125855e-04 5.497803838490541431e-04 5.504292254756396356e-04 5.508592922101679607e-04 5.516300337727597647e-04 5.521688228728841063e-04 5.524560659701409143e-04 5.526643972589404983e-04 5.527876231543173233e-04 5.522035276693440086e-04 5.513522092649748851e-04 5.512796501772075424e-04 5.519820862592173406e-04 5.535465633528235127e-04 5.528471127378459422e-04 5.514952385397571110e-04 5.522776568348515894e-04
5.485763499029135560e-04 5.480227055327884476e-04 5.481766027562243182e-04 5.484472271493882499e-04 5.483661773900061140e-04 5.487398646241646019e-04 5.489316850772408196e-04 5.487962156846696096e-04 5.488428154755597066e-04 5.491254967561592362e-04 5.495623901222163998e-04 5.502263771573575506e-04 5.506805858973222011e-04 5.514781156394179575e-04 5.520667706575881290e-04 5.524458571377185902e-04 5.527876231543173233e-04 5.531012843004865431e-04 5.526646644109975935e-04 5.518619121799836274e-04 5.517214251673128404e-04 5.521461573494390292e-04 5.533732430110653881e-04 5.526153531532268298e-04 5.513899660981036455e-04 5.522100464892622284e-04
5.478191113709894242e-04 5.472630508119225761e-04 5.474041562200753202e-04 5.476901831276657917e-04 5.476041391179016981e-04 5.479766120410985066e-04 5.481729827287250929e-04 5.480377170987861925e-04 5.480830646777921922e-04 5.483698326808541124e-04 5.488069395939173091e-04 5.494705589051395453e-04 5.499360476873854002e-04 5.507446354373397206e-04 5.513543279136591101e-04 5.517863389382476587e-04 5.522035276693440086e-04 5.526646644109975935e-04 5.524687296179642141e-04 5.518540976327606599e-04 5.517869903120900012e-04 5.520823918740124783e-04 5.529680592948302579e-04 5.520157418730227503e-04 5.507938771005266992e-04 5.515630054575048138e-04
5.471470715437959506e-04 5.465876130286554703e-04 5.467094982419978301e-04 5.470230971109041676e-04 5.469316923766025153e-04 5.472975810828842585e-04 5.475015266454442021e-04 5.473609734010467147e-04 5.473945104100663012e-04 5.476676870305911089e-04 5.480876259121061607e-04 5.487220871623456689e-04 5.491629189800927187e-04 5.499371149478553961e-04 5.505169500730413158e-04 5.509385447820266219e-04 5.513522092649748851e-04 5.518619121799836274e-04 5.518540976327606599e-04 5.516056216979818745e-04 5.518664626936222719e-04 5.523012083395694967e-04 5.529610747797912259e-04 5.516294366719028336e-04 5.502371731958486918e-04 5.509269993073523386e-04
5.477741053856134343e-04 5.472146223826655559e-04 5.473031182326530122e-04 5.476413393961127463e-04 5.475378031243283931e-04 5.478891591889808706e-04 5.480847122865623120e-04 5.479276785954741115e-04 5.479311738342686850e-04 5.481698507505277946e-04 5.485512995535083954e-04 5.491297580386850794e-04 5.495099079610077028e-04 5.502007579469033035e-04 5.506782740512379494e-04 5.509846457583066591e-04 5.512796501772075424e-04 5.517214251673128404e-04 5.517869903120900012e-04 5.518664626936222719e-04 5.527706143011183910e-04 5.538557913621047681e-04 5.546826737533789610e-04 5.528286726087060362e-04 5.509662080911961399e-04 5.515161079553438251e-04
5.497804872156141377e-04 5.492357899746501708e-04 5.492894752787139600e-04 5.496246089967482887e-04 5.495032678632065645e-04 5.498327991345442270e-04 5.499883530454690054e-04 5.498051249457665138e-04 5.497709337401544133e-04 5.499637779209675444e-04 5.502837203063097593e-04 5.507699047036099856e-04 5.510480854448329040e-04 5.516131911103895093e-04 5.519126143730767155e-04 5.519691290480008283e-04 5.519820862592173406e-04 5.521461573494390292e-04 5.520823918740124783e-04 5.523012083395694967e-04 5.538557913621047681e-04 5.562835931268185746e-04 5.581061328542196495e-04 5.559004793327429993e-04 5.531400054253580046e-04 5.534562575762400896e-04
5.523194214500417578e-04 5.517923251254658887e-04 5.518673417234708570e-04 5.521584207674234751e-04 5.520255238347793062e-04 5.523362688308961887e-04 5.524575416860715536e-04 5.522546364765421132e-04 5.522056739576272849e-04 5.523728823382936587e-04 5.526466248781654409e-04 5.530698577398644863e-04 5.532697186790997432e-04 5.537509383731453435e-04 5.539303993740634464e-04 5.537797993817490660e-04 5.535465633528235127e-04 5.533732430110653881e-04 5.529680592948302579e-04 5.529610747797912259e-04 5.546826737533789610e-04 5.581061328542196495e-04 5.616225085557828914e-04 5.600196508769412444e-04 5.562285803433409575e-04 5.561679436440431033e-04
5.514890182593205469e-04 5.509729173681540389e-04 5.510898979044654561e-04 5.513327038667517480e-04 5.512095406291263062e-04 5.515038946632837323e-04 5.516226632278529388e-04 5.514141289248262892e-04 5.513872734911946143e-04 5.515750866249056030e-04 5.518460339519822185e-04 5.522702296744761569e-04 5.524724284547510942e-04 5.529812748890093653e-04 5.532033011491080876e-04 5.530703439970789930e-04 5.528471127378459422e-04 5.526153531532268298e-04 5.520157418730227503e-04 5.516294366719028336e-04 5.528286726087060362e-04 5.559004793327429993e-04 5.600196508769412444e-04 5.601594106004623369e-04 5.568372386585467232e-04 5.560958295187382527e-04
5.495612680389117639e-04 5.490114932146103943e-04 5.491545376737030264e-04 5.494096956462790225e-04 5.493084443855586040e-04 5.496158887954565465e-04 5.497491610315867038e-04 5.495484520607698577e-04 5.495433925954047467e-04 5.497526331710592346e-04 5.500528083684732726e-04 5.505178134970901537e-04 5.507839012681699058e-04 5.513752116172838079e-04 5.516623627360554578e-04 5.516196425764367675e-04 5.514952385397571110e-04 5.513899660981036455e-04 5.507938771005266992e-04 5.502371731958486918e-04 5.509662080911961399e-04 5.531400054253580046e-04 5.562285803433409575e-04 5.568372386585467232e-04 5.559129050243307455e-04 5.553194189746944297e-04
5.501984085264614724e-04 5.496091473293651273e-04 5.497574221939384486e-04 5.500125291946472011e-04 5.499237430626053831e-04 5.502368843404439273e-04 5.503874239272619475e-04 5.502205094941128340e-04 5.502214624999337937e-04 5.504324615031841970e-04 5.507372420833058033e-04 5.512164974163619949e-04 5.514817829188031805e-04 5.520631000663212126e-04 5.523453776920549162e-04 5.523389973503587498e-04 5.522776568348515894e-04 5.522100464892622284e-04 5.515630054575048138e-04 5.509269993073523386e-04 5.515161079553438251e-04 5.534562575762400896e-04 5.561679436440431033e-04 5.560958295187382527e-04 5.553194189746944297e-04 5.569333093061390938e-04
