1.151652020606199443e-04 1.150639430836384377e-04 1.146174024825115292e-04 1.145601166991351788e-04 1.144791404000972281e-04 1.144485251732771527e-04 1.142585962280833059e-04 1.141474981751137269e-04 1.139308234379082612e-04 1.136851949056854835e-04 1.136019750244849231e-04 1.137815729208160409e-04 1.137282756588445118e-04 1.136586469636442125e-04 1.137050296242818922e-04 1.137630981027432564e-04 1.139605511030618805e-04 1.142468375225406219e-04 1.144077324021582260e-04 1.144700294233287976e-04 1.141667887356164558e-04 1.140381191538590968e-04 1.139351388408600999e-04 1.136072492602982996e-04 1.126740603330141370e-04 1.124390854107071107e-04
1.150639430836384377e-04 1.150376342942967635e-04 1.145690548790395522e-04 1.145110419648431014e-04 1.144301921829616296e-04 1.143969664115293273e-04 1.142113062101052267e-04 1.141018819807746798e-04 1.138840273187883813e-04 1.136421398834249597e-04 1.135597286847831827e-04 1.137406017813172608e-04 1.136875199999887447e-04 1.136209805974472631e-04 1.136734867406096307e-04 1.137362602004345189e-04 1.139336262800564556e-04 1.142249140615179324e-04 1.143880302233859039e-04 1.144467754836463549e-04 1.141369238399316037e-04 1.139901493971176539e-04 1.138850811449421905e-04 1.135582106135788361e-04 1.126048607911671269e-04 1.123700079735433986e-04
1.146174024825115292e-04 1.145690548790395522e-04 1.141509444021939358e-04 1.140818997603374786e-04 1.139997855476811476e-04 1.139656813594766224e-04 1.137799528744004736e-04 1.136695480226556829e-04 1.134550671462190087e-04 1.132140502809188503e-04 1.131334382019371954e-04 1.133136666381727415e-04 1.132655799733012442e-04 1.132010923777182026e-04 1.132554873178482914e-04 1.133225976101209862e-04 1.135204535185417558e-04 1.138054142192157975e-04 1.139622521893286013e-04 1.140184096695656506e-04 1.137017464168442547e-04 1.135550229530753327e-04 1.134567213227971393e-04 1.131530962396520498e-04 1.122103746387062995e-04 1.119583065413687193e-04
1.145601166991351788e-04 1.145110419648431014e-04 1.140818997603374786e-04 1.140490527001694968e-04 1.139627000292698256e-04 1.139298078488516156e-04 1.137467337659760176e-04 1.136395630445564275e-04 1.134253193351932227e-04 1.131849275631796587e-04 1.131039496163253845e-04 1.132878164418368410e-04 1.132416546037283959e-04 1.131779261829603538e-04 1.132339263734360009e-04 1.132991643454099486e-04 1.134919664907556335e-04 1.137756800076842229e-04 1.139283460038255504e-04 1.139804852796579460e-04 1.136615263195794531e-04 1.135078220069861426e-04 1.134110339961918096e-04 1.130962450065610219e-04 1.121623372695854299e-04 1.119279980569451145e-04
1.144791404000972281e-04 1.144301921829616296e-04 1.139997855476811476e-04 1.139627000292698256e-04 1.139020811869882114e-04 1.138642419627069026e-04 1.136839415362667197e-04 1.135760845662305490e-04 1.133628656304853585e-04 1.131242314665658000e-04 1.130467579178396828e-04 1.132343239433433485e-04 1.131920156176298393e-04 1.131324131357070009e-04 1.131887819272303630e-04 1.132542489812061868e-04 1.134482734409469434e-04 1.137336088792911739e-04 1.138867608956909371e-04 1.139326879460424510e-04 1.136041979903204736e-04 1.134370250320275762e-04 1.133406996449854565e-04 1.130454576724280720e-04 1.121226346590366231e-04 1.118699244298363321e-04
1.144485251732771527e-04 1.143969664115293273e-04 1.139656813594766224e-04 1.139298078488516156e-04 1.138642419627069026e-04 1.138483404119157086e-04 1.136641848814457797e-04 1.135571538664847225e-04 1.133463068464604130e-04 1.131095189617082328e-04 1.130372377372780335e-04 1.132279414778598572e-04 1.131876149418063781e-04 1.131289768884217908e-04 1.131867348908163155e-04 1.132518987797335303e-04 1.134467624005124027e-04 1.137317638218053242e-04 1.138837403458589393e-04 1.139283864839464605e-04 1.135955323323235388e-04 1.134217980341203913e-04 1.133254217638596126e-04 1.130186537555696120e-04 1.120815404928193781e-04 1.118302341740095749e-04
1.142585962280833059e-04 1.142113062101052267e-04 1.137799528744004736e-04 1.137467337659760176e-04 1.136839415362667197e-04 1.136641848814457797e-04 1.134992199426838085e-04 1.133943763708351112e-04 1.131865243978250735e-04 1.129537082863338679e-04 1.128831554602927067e-04 1.130761682960314480e-04 1.130389821964499701e-04 1.129821611403691384e-04 1.130380079703309357e-04 1.130998235131154702e-04 1.132943488533843477e-04 1.135813907286084128e-04 1.137350813493257618e-04 1.137823469831713918e-04 1.134491134647729548e-04 1.132638918237966315e-04 1.131562477653789316e-04 1.128404421443000513e-04 1.119080261463366554e-04 1.116640581877300048e-04
1.141474981751137269e-04 1.141018819807746798e-04 1.136695480226556829e-04 1.136395630445564275e-04 1.135760845662305490e-04 1.135571538664847225e-04 1.133943763708351112e-04 1.133039444768932017e-04 1.130995495398867093e-04 1.128695558372408512e-04 1.128027004894001904e-04 1.129990482967461394e-04 1.129662059228126445e-04 1.129140533953879071e-04 1.129728577147986828e-04 1.130345524001841911e-04 1.132239066662157483e-04 1.135059146066317681e-04 1.136572910105382712e-04 1.137014173404482390e-04 1.133599100930885611e-04 1.131690449603321019e-04 1.130609895824309375e-04 1.127368234710389970e-04 1.118170775765287955e-04 1.115825588122571182e-04
1.139308234379082612e-04 1.138840273187883813e-04 1.134550671462190087e-04 1.134253193351932227e-04 1.133628656304853585e-04 1.133463068464604130e-04 1.131865243978250735e-04 1.130995495398867093e-04 1.129135891846863853e-04 1.126900794401412804e-04 1.126312301856389141e-04 1.128343830203706394e-04 1.128057258964855003e-04 1.127555362219150834e-04 1.128155685550817817e-04 1.128789258461718496e-04 1.130664321979013060e-04 1.133456432909804004e-04 1.134961137929010313e-04 1.135333482557374248e-04 1.131744584452314817e-04 1.129592033778451779e-04 1.128452257584451358e-04 1.125208968795372584e-04 1.116064216582552158e-04 1.113699716329452952e-04
1.136851949056854835e-04 1.136421398834249597e-04 1.132140502809188503e-04 1.131849275631796587e-04 1.131242314665658000e-04 1.131095189617082328e-04 1.129537082863338679e-04 1.128695558372408512e-04 1.126900794401412804e-04 1.124837331297518666e-04 1.124338989688878683e-04 1.126445936139107808e-04 1.126235214180831579e-04 1.125794552591494782e-04 1.126438369136243523e-04 1.127098252467258351e-04 1.128961542386153265e-04 1.131725239603804879e-04 1.133214457212387074e-04 1.133471749117604202e-04 1.129671162245191626e-04 1.127230122276660484e-04 1.126117285163120377e-04 1.122848830428692520e-04 1.113555727398513479e-04 1.111246669941802940e-04
1.136019750244849231e-04 1.135597286847831827e-04 1.131334382019371954e-04 1.131039496163253845e-04 1.130467579178396828e-04 1.130372377372780335e-04 1.128831554602927067e-04 1.128027004894001904e-04 1.126312301856389141e-04 1.124338989688878683e-04 1.124050125156002153e-04 1.126291720392740573e-04 1.126166877538674273e-04 1.125800018329984573e-04 1.126508951876472496e-04 1.127200444632749722e-04 1.129059699360985240e-04 1.131825844361518732e-04 1.133309996887475415e-04 1.133456214327065696e-04 1.129437776640903018e-04 1.126675777739359103e-04 1.125536651266099487e-04 1.122217880239204449e-04 1.112906909563444541e-04 1.110518668451416379e-04
1.137815729208160409e-04 1.137406017813172608e-04 1.133136666381727415e-04 1.132878164418368410e-04 1.132343239433433485e-04 1.132279414778598572e-04 1.130761682960314480e-04 1.129990482967461394e-04 1.128343830203706394e-04 1.126445936139107808e-04 1.126291720392740573e-04 1.128796603018056928e-04 1.128833649964998176e-04 1.128569531476477278e-04 1.129385985213453953e-04 1.130152447887544263e-04 1.132028783709057188e-04 1.134787840772138816e-04 1.136280119666650893e-04 1.136305636915421551e-04 1.131978312357935019e-04 1.128773496419501144e-04 1.127621077682200906e-04 1.124301715322673187e-04 1.114951085981429047e-04 1.112474139515681602e-04
1.137282756588445118e-04 1.136875199999887447e-04 1.132655799733012442e-04 1.132416546037283959e-04 1.131920156176298393e-04 1.131876149418063781e-04 1.130389821964499701e-04 1.129662059228126445e-04 1.128057258964855003e-04 1.126235214180831579e-04 1.126166877538674273e-04 1.128833649964998176e-04 1.129135939487177449e-04 1.129061965107987963e-04 1.130024025535454022e-04 1.130888290638469920e-04 1.132815385602149537e-04 1.135606126269377762e-04 1.137106470260766449e-04 1.137001795700251760e-04 1.132406270535364347e-04 1.128823807377892316e-04 1.127605340073081650e-04 1.124252277186276545e-04 1.114903134230724939e-04 1.112293786827682365e-04
1.136586469636442125e-04 1.136209805974472631e-04 1.132010923777182026e-04 1.131779261829603538e-04 1.131324131357070009e-04 1.131289768884217908e-04 1.129821611403691384e-04 1.129140533953879071e-04 1.127555362219150834e-04 1.125794552591494782e-04 1.125800018329984573e-04 1.128569531476477278e-04 1.129061965107987963e-04 1.129345776835681905e-04 1.130583937974484812e-04 1.131636501704438646e-04 1.133683409536583215e-04 1.136564853093431383e-04 1.138109304730963142e-04 1.137861260985622810e-04 1.132866295446049494e-04 1.128642906314062115e-04 1.127193516820302748e-04 1.123969487229218098e-04 1.114621418634814226e-04 1.111834793355051624e-04
1.137050296242818922e-04 1.136734867406096307e-04 1.132554873178482914e-04 1.132339263734360009e-04 1.131887819272303630e-04 1.131867348908163155e-04 1.130380079703309357e-04 1.129728577147986828e-04 1.128155685550817817e-04 1.126438369136243523e-04 1.126508951876472496e-04 1.129385985213453953e-04 1.130024025535454022e-04 1.130583937974484812e-04 1.132280161741365684e-04 1.133721563857788907e-04 1.135993121967490108e-04 1.138979901636702507e-04 1.140569675823170507e-04 1.140263234312155889e-04 1.134857940677191462e-04 1.129787217775928140e-04 1.127943741010142093e-04 1.124761977709400041e-04 1.115381618449477779e-04 1.112448145131190687e-04
1.137630981027432564e-04 1.137362602004345189e-04 1.133225976101209862e-04 1.132991643454099486e-04 1.132542489812061868e-04 1.132518987797335303e-04 1.130998235131154702e-04 1.130345524001841911e-04 1.128789258461718496e-04 1.127098252467258351e-04 1.127200444632749722e-04 1.130152447887544263e-04 1.130888290638469920e-04 1.131636501704438646e-04 1.133721563857788907e-04 1.135795448280917992e-04 1.138566601520275953e-04 1.141857153273446453e-04 1.143651085714112678e-04 1.143387986568778571e-04 1.137550494309462723e-04 1.131470152214570626e-04 1.128935390636262207e-04 1.125758903826676728e-04 1.116285929529444853e-04 1.113236677519049359e-04
1.139605511030618805e-04 1.139336262800564556e-04 1.135204535185417558e-04 1.134919664907556335e-04 1.134482734409469434e-04 1.134467624005124027e-04 1.132943488533843477e-04 1.132239066662157483e-04 1.130664321979013060e-04 1.128961542386153265e-04 1.129059699360985240e-04 1.132028783709057188e-04 1.132815385602149537e-04 1.133683409536583215e-04 1.135993121967490108e-04 1.138566601520275953e-04 1.142156982574192006e-04 1.146114752758399692e-04 1.148321027464531516e-04 1.148189262195521297e-04 1.141938253775553607e-04 1.134799350190952058e-04 1.131157479977755659e-04 1.127898614698050580e-04 1.118290710173530119e-04 1.115399699133766415e-04
1.142468375225406219e-04 1.142249140615179324e-04 1.138054142192157975e-04 1.137756800076842229e-04 1.137336088792911739e-04 1.137317638218053242e-04 1.135813907286084128e-04 1.135059146066317681e-04 1.133456432909804004e-04 1.131725239603804879e-04 1.131825844361518732e-04 1.134787840772138816e-04 1.135606126269377762e-04 1.136564853093431383e-04 1.138979901636702507e-04 1.141857153273446453e-04 1.146114752758399692e-04 1.151160417642118537e-04 1.154215473920088551e-04 1.154444892149097268e-04 1.147969752583196756e-04 1.139812430777297571e-04 1.134447755648897150e-04 1.130875664176615497e-04 1.121455479786359150e-04 1.118860976811797875e-04
1.144077324021582260e-04 1.143880302233859039e-04 1.139622521893286013e-04 1.139283460038255504e-04 1.138867608956909371e-04 1.138837403458589393e-04 1.137350813493257618e-04 1.136572910105382712e-04 1.134961137929010313e-04 1.133214457212387074e-04 1.133309996887475415e-04 1.136280119666650893e-04 1.137106470260766449e-04 1.138109304730963142e-04 1.140569675823170507e-04 1.143651085714112678e-04 1.148321027464531516e-04 1.154215473920088551e-04 1.158626684095419041e-04 1.159790873937113765e-04 1.153463676524320476e-04 1.144516302814537433e-04 1.137178914358578111e-04 1.132932268746340436e-04 1.123827848292638024e-04 1.121152775592207173e-04
1.144700294233287976e-04 1.144467754836463549e-04 1.140184096695656506e-04 1.139804852796579460e-04 1.139326879460424510e-04 1.139283864839464605e-04 1.137823469831713918e-04 1.137014173404482390e-04 1.135333482557374248e-04 1.133471749117604202e-04 1.133456214327065696e-04 1.136305636915421551e-04 1.137001795700251760e-04 1.137861260985622810e-04 1.140263234312155889e-04 1.143387986568778571e-04 1.148189262195521297e-04 1.154444892149097268e-04 1.159790873937113765e-04 1.163018581664636416e-04 1.158331506135650094e-04 1.149660874030140900e-04 1.140296490666018863e-04 1.133875236289431471e-04 1.124896904897687013e-04 1.122284042846924580e-04
1.141667887356164558e-04 1.141369238399316037e-04 1.137017464168442547e-04 1.136615263195794531e-04 1.136041979903204736e-04 1.135955323323235388e-04 1.134491134647729548e-04 1.133599100930885611e-04 1.131744584452314817e-04 1.129671162245191626e-04 1.129437776640903018e-04 1.131978312357935019e-04 1.132406270535364347e-04 1.132866295446049494e-04 1.134857940677191462e-04 1.137550494309462723e-04 1.141938253775553607e-04 1.147969752583196756e-04 1.153463676524320476e-04 1.158331506135650094e-04 1.157123332374780639e-04 1.151412437559442496e-04 1.141868205832700153e-04 1.132059708516330388e-04 1.122456152735633333e-04 1.120342760371171871e-04
1.140381191538590968e-04 1.139901493971176539e-04 1.135550229530753327e-04 1.135078220069861426e-04 1.134370250320275762e-04 1.134217980341203913e-04 1.132638918237966315e-04 1.131690449603321019e-04 1.129592033778451779e-04 1.127230122276660484e-04 1.126675777739359103e-04 1.128773496419501144e-04 1.128823807377892316e-04 1.128642906314062115e-04 1.129787217775928140e-04 1.131470152214570626e-04 1.134799350190952058e-04 1.139812430777297571e-04 1.144516302814537433e-04 1.149660874030140900e-04 1.151412437559442496e-04 1.152060944903557333e-04 1.146314356567345856e-04 1.134323699989685507e-04 1.122420588631557780e-04 1.120797189766712987e-04
1.139351388408600999e-04 1.138850811449421905e-04 1.134567213227971393e-04 1.134110339961918096e-04 1.133406996449854565e-04 1.133254217638596126e-04 1.131562477653789316e-04 1.130609895824309375e-04 1.128452257584451358e-04 1.126117285163120377e-04 1.125536651266099487e-04 1.127621077682200906e-04 1.127605340073081650e-04 1.127193516820302748e-04 1.127943741010142093e-04 1.128935390636262207e-04 1.131157479977755659e-04 1.134447755648897150e-04 1.137178914358578111e-04 1.140296490666018863e-04 1.141868205832700153e-04 1.146314356567345856e-04 1.149186899798180990e-04 1.140768697163230857e-04 1.124991117502252113e-04 1.121506101390057678e-04
1.136072492602982996e-04 1.135582106135788361e-04 1.131530962396520498e-04 1.130962450065610219e-04 1.130454576724280720e-04 1.130186537555696120e-04 1.128404421443000513e-04 1.127368234710389970e-04 1.125208968795372584e-04 1.122848830428692520e-04 1.122217880239204449e-04 1.124301715322673187e-04 1.124252277186276545e-04 1.123969487229218098e-04 1.124761977709400041e-04 1.125758903826676728e-04 1.127898614698050580e-04 1.130875664176615497e-04 1.132932268746340436e-04 1.133875236289431471e-04 1.132059708516330388e-04 1.134323699989685507e-04 1.140768697163230857e-04 1.142708156199413250e-04 1.128229412412241607e-04 1.120058549228243833e-04
1.126740603330141370e-04 1.126048607911671269e-04 1.122103746387062995e-04 1.121623372695854299e-04 1.121226346590366231e-04 1.120815404928193781e-04 1.119080261463366554e-04 1.118170775765287955e-04 1.116064216582552158e-04 1.113555727398513479e-04 1.112906909563444541e-04 1.114951085981429047e-04 1.114903134230724939e-04 1.114621418634814226e-04 1.115381618449477779e-04 1.116285929529444853e-04 1.118290710173530119e-04 1.121455479786359150e-04 1.123827848292638024e-04 1.124896904897687013e-04 1.122456152735633333e-04 1.122420588631557780e-04 1.124991117502252113e-04 1.128229412412241607e-04 1.123689416766267366e-04 1.115290001128081823e-04
1.124390854107071107e-04 1.123700079735433986e-04 1.119583065413687193e-04 1.119279980569451145e-04 1.118699244298363321e-04 1.118302341740095749e-04 1.116640581877300048e-04 1.115825588122571182e-04 1.113699716329452952e-04 1.111246669941802940e-04 1.110518668451416379e-04 1.112474139515681602e-04 1.112293786827682365e-04 1.111834793355051624e-04 1.112448145131190687e-04 1.113236677519049359e-04 1.115399699133766415e-04 1.118860976811797875e-04 1.121152775592207173e-04 1.122284042846924580e-04 1.120342760371171871e-04 1.120797189766712987e-04 1.121506101390057678e-04 1.120058549228243833e-04 1.115290001128081823e-04 1.116872142717010257e-04
