2.787874223986087246e-04 2.787360854024093968e-04 2.785337601951820021e-04 2.780998448760089656e-04 2.778357922793369024e-04 2.775678464943829920e-04 2.771834403474500376e-04 2.768754606875039269e-04 2.766219378804926220e-04 2.762746210841530927e-04 2.760075241568532177e-04 2.758365524490921758e-04 2.758199494405770037e-04 2.756333538650628033e-04 2.754587251731165066e-04 2.752768063712370070e-04 2.749724020534167731e-04 2.749773294928738827e-04 2.752578756505948913e-04 2.754148863429392319e-04 2.756907681570185012e-04 2.766095481817186941e-04 2.774165880626142306e-04 2.769289454665726700e-04 2.763897344720894701e-04 2.766329896787434340e-04
2.787360854024093968e-04 2.787507427407990668e-04 2.785293241024146271e-04 2.780886322390013982e-04 2.778203275561510056e-04 2.775515190625179695e-04 2.771678496289561497e-04 2.768564924407850556e-04 2.765988162498885590e-04 2.762457378593147130e-04 2.759733981498425719e-04 2.757926797459667807e-04 2.757728632491150689e-04 2.755849651318140908e-04 2.754074096483055396e-04 2.752213057289234870e-04 2.749178207713430999e-04 2.749163573058302631e-04 2.751948124805196931e-04 2.753518523845766182e-04 2.756406313290648831e-04 2.765769605142971168e-04 2.773875469324373066e-04 2.768799386258620422e-04 2.763601241572500905e-04 2.766062065871653305e-04
2.785337601951820021e-04 2.785293241024146271e-04 2.783535020825546324e-04 2.779013234201447181e-04 2.776356015092986762e-04 2.773665109214115427e-04 2.769845691088733386e-04 2.766746200962976886e-04 2.764181549729895822e-04 2.760688452736893947e-04 2.757990472557251237e-04 2.756248333954317963e-04 2.756059872612842275e-04 2.754163408602083927e-04 2.752407014929641408e-04 2.750592950199224696e-04 2.747595004823424891e-04 2.747613075359180580e-04 2.750492814780566039e-04 2.752136764783155395e-04 2.754939506826738866e-04 2.764011291743672326e-04 2.771872692039417186e-04 2.766874345455252299e-04 2.761761866972600211e-04 2.764164496227249882e-04
2.780998448760089656e-04 2.780886322390013982e-04 2.779013234201447181e-04 2.774842613435550749e-04 2.772126006581900580e-04 2.769419858753648556e-04 2.765607204801861672e-04 2.762515629142377194e-04 2.759983551895312795e-04 2.756486326789447982e-04 2.753799123734873284e-04 2.752069163057539909e-04 2.751915676727106387e-04 2.750031263805718701e-04 2.748283948246998628e-04 2.746479202968441446e-04 2.743514682488260416e-04 2.743583666288973173e-04 2.746445701917030386e-04 2.748010774799406223e-04 2.750677992355899694e-04 2.759644592327886400e-04 2.767547212850120643e-04 2.762644974646819929e-04 2.757472262359322922e-04 2.760011648657043700e-04
2.778357922793369024e-04 2.778203275561510056e-04 2.776356015092986762e-04 2.772126006581900580e-04 2.769645299813621678e-04 2.766917398521414901e-04 2.763098363002548775e-04 2.760024374459953524e-04 2.757494755169028096e-04 2.754032016749107859e-04 2.751358595134924712e-04 2.749632080930393581e-04 2.749488610398967826e-04 2.747605190252173685e-04 2.745886131827879459e-04 2.744118548282178265e-04 2.741162071358017589e-04 2.741175853389347028e-04 2.743973193940087000e-04 2.745463889511724005e-04 2.747984026507847648e-04 2.756836393722664311e-04 2.764756561773784225e-04 2.759885770303758070e-04 2.754746575636527243e-04 2.757249605037401610e-04
2.775678464943829920e-04 2.775515190625179695e-04 2.773665109214115427e-04 2.769419858753648556e-04 2.766917398521414901e-04 2.764376790218604774e-04 2.760555818571594987e-04 2.757498130559361544e-04 2.754988979799486435e-04 2.751561093053576045e-04 2.748900369635585354e-04 2.747195217611242521e-04 2.747050266127631338e-04 2.745160736730746249e-04 2.743450605572792466e-04 2.741681368245134517e-04 2.738713565943295524e-04 2.738765519368316793e-04 2.741631114078589690e-04 2.743132812767816930e-04 2.745572215448476060e-04 2.754365468948898857e-04 2.762238569801384654e-04 2.757277408706845421e-04 2.752143691581647282e-04 2.754742126813280599e-04
2.771834403474500376e-04 2.771678496289561497e-04 2.769845691088733386e-04 2.765607204801861672e-04 2.763098363002548775e-04 2.760555818571594987e-04 2.756913670776074601e-04 2.753875827202567975e-04 2.751396061097274946e-04 2.747996684941934821e-04 2.745361541779547205e-04 2.743680741424084531e-04 2.743563599409806807e-04 2.741704077439088534e-04 2.739992510236665649e-04 2.738189655339126421e-04 2.735202064992960937e-04 2.735233447410885033e-04 2.738048935572287481e-04 2.739430974962772897e-04 2.741702562106303068e-04 2.750375853805010740e-04 2.758246562484088392e-04 2.753485783420393730e-04 2.748469653609265906e-04 2.751086456206308867e-04
2.768754606875039269e-04 2.768564924407850556e-04 2.766746200962976886e-04 2.762515629142377194e-04 2.760024374459953524e-04 2.757498130559361544e-04 2.753875827202567975e-04 2.750995154257135605e-04 2.748554211947506370e-04 2.745186509224740870e-04 2.742591228688480757e-04 2.740954987572154569e-04 2.740884362600892201e-04 2.739057310278762139e-04 2.737357365135438319e-04 2.735551994892366319e-04 2.732583156966066789e-04 2.732614052900918093e-04 2.735389537394747480e-04 2.736636233227805965e-04 2.738655517207609093e-04 2.747169631068957117e-04 2.755049392608656281e-04 2.750409203596873835e-04 2.745473032368618755e-04 2.748024753130281833e-04
2.766219378804926220e-04 2.765988162498885590e-04 2.764181549729895822e-04 2.759983551895312795e-04 2.757494755169028096e-04 2.754988979799486435e-04 2.751396061097274946e-04 2.748554211947506370e-04 2.746279622882757542e-04 2.742960292684947909e-04 2.740423711930933012e-04 2.738843457656761908e-04 2.738805986391556081e-04 2.736995548640164103e-04 2.735295535650459102e-04 2.733462624707313419e-04 2.730422956518158335e-04 2.730395213787695165e-04 2.733087006221192870e-04 2.734153178131203815e-04 2.735930809696434599e-04 2.744313796393095745e-04 2.752202565163063084e-04 2.747597814794582559e-04 2.742746374505243014e-04 2.745367895644155597e-04
2.762746210841530927e-04 2.762457378593147130e-04 2.760688452736893947e-04 2.756486326789447982e-04 2.754032016749107859e-04 2.751561093053576045e-04 2.747996684941934821e-04 2.745186509224740870e-04 2.742960292684947909e-04 2.739814916955369520e-04 2.737372090763545620e-04 2.735880214417008558e-04 2.735937992549158666e-04 2.734223057607139472e-04 2.732611390293348229e-04 2.730826802213198756e-04 2.727821447133301370e-04 2.727798410860932002e-04 2.730439262386862216e-04 2.731363239321190793e-04 2.732800737692626567e-04 2.740833494565485490e-04 2.748556679017842910e-04 2.743874153035224346e-04 2.739204051512037982e-04 2.742039434051954253e-04
2.760075241568532177e-04 2.759733981498425719e-04 2.757990472557251237e-04 2.753799123734873284e-04 2.751358595134924712e-04 2.748900369635585354e-04 2.745361541779547205e-04 2.742591228688480757e-04 2.740423711930933012e-04 2.737372090763545620e-04 2.735132744435190394e-04 2.733785617678054073e-04 2.733961300974809884e-04 2.732344400070382037e-04 2.730825686327457741e-04 2.729116733703248619e-04 2.726183026595877380e-04 2.726187926362551046e-04 2.728807411203885589e-04 2.729634995171567320e-04 2.730734455858480915e-04 2.738336002775099013e-04 2.745768699112673778e-04 2.740921181854758144e-04 2.736410121490866188e-04 2.739546479237039197e-04
2.758365524490921758e-04 2.757926797459667807e-04 2.756248333954317963e-04 2.752069163057539909e-04 2.749632080930393581e-04 2.747195217611242521e-04 2.743680741424084531e-04 2.740954987572154569e-04 2.738843457656761908e-04 2.735880214417008558e-04 2.733785617678054073e-04 2.732714211405278394e-04 2.733093677268404686e-04 2.731635193108347725e-04 2.730257371533984716e-04 2.728665059336564868e-04 2.725823250402460750e-04 2.725918535237171233e-04 2.728559768570243773e-04 2.729289916068920025e-04 2.729939969996435624e-04 2.736909019391941113e-04 2.743932799679186943e-04 2.738966563023360261e-04 2.734672323365879595e-04 2.738088772021264800e-04
2.758199494405770037e-04 2.757728632491150689e-04 2.756059872612842275e-04 2.751915676727106387e-04 2.749488610398967826e-04 2.747050266127631338e-04 2.743563599409806807e-04 2.740884362600892201e-04 2.738805986391556081e-04 2.735937992549158666e-04 2.733961300974809884e-04 2.733093677268404686e-04 2.733809886903016545e-04 2.732638217466181688e-04 2.731493326626282755e-04 2.730083122264173948e-04 2.727401572185451429e-04 2.727629257538324403e-04 2.730315269752097481e-04 2.730907029603443152e-04 2.730998467430510637e-04 2.737132027335455815e-04 2.743577322485292566e-04 2.738450672747386682e-04 2.734614932264768216e-04 2.738447114503499971e-04
2.756333538650628033e-04 2.755849651318140908e-04 2.754163408602083927e-04 2.750031263805718701e-04 2.747605190252173685e-04 2.745160736730746249e-04 2.741704077439088534e-04 2.739057310278762139e-04 2.736995548640164103e-04 2.734223057607139472e-04 2.732344400070382037e-04 2.731635193108347725e-04 2.732638217466181688e-04 2.731906070455824534e-04 2.731122649661473271e-04 2.729974788426870478e-04 2.727452052994911304e-04 2.727787574827418376e-04 2.730492163573545929e-04 2.730905433750671391e-04 2.730403970153130961e-04 2.735611464607436171e-04 2.741473023182162808e-04 2.736240181337872045e-04 2.732784630551482160e-04 2.736952832830356072e-04
2.754587251731165066e-04 2.754074096483055396e-04 2.752407014929641408e-04 2.748283948246998628e-04 2.745886131827879459e-04 2.743450605572792466e-04 2.739992510236665649e-04 2.737357365135438319e-04 2.735295535650459102e-04 2.732611390293348229e-04 2.730825686327457741e-04 2.730257371533984716e-04 2.731493326626282755e-04 2.731122649661473271e-04 2.730838906800346915e-04 2.730129574262056395e-04 2.727905796880750167e-04 2.728400310664086652e-04 2.731141933628095705e-04 2.731364685794840201e-04 2.730185701060110996e-04 2.734289156509372184e-04 2.739522304410417324e-04 2.734305394378247749e-04 2.731203055835325594e-04 2.735623200809281057e-04
2.752768063712370070e-04 2.752213057289234870e-04 2.750592950199224696e-04 2.746479202968441446e-04 2.744118548282178265e-04 2.741681368245134517e-04 2.738189655339126421e-04 2.735551994892366319e-04 2.733462624707313419e-04 2.730826802213198756e-04 2.729116733703248619e-04 2.728665059336564868e-04 2.730083122264173948e-04 2.729974788426870478e-04 2.730129574262056395e-04 2.730150026408743229e-04 2.728557268383943377e-04 2.729435650510334075e-04 2.732386069207276796e-04 2.732599886835961273e-04 2.730757986667518302e-04 2.733452869890918126e-04 2.737627715241925004e-04 2.732463367862864598e-04 2.729780658060343423e-04 2.734330545539404218e-04
2.749724020534167731e-04 2.749178207713430999e-04 2.747595004823424891e-04 2.743514682488260416e-04 2.741162071358017589e-04 2.738713565943295524e-04 2.735202064992960937e-04 2.732583156966066789e-04 2.730422956518158335e-04 2.727821447133301370e-04 2.726183026595877380e-04 2.725823250402460750e-04 2.727401572185451429e-04 2.727452052994911304e-04 2.727905796880750167e-04 2.728557268383943377e-04 2.727956625541009855e-04 2.729622940575017844e-04 2.733031295288780972e-04 2.733419554136961530e-04 2.731089996161043432e-04 2.732315473233530080e-04 2.735021823305466685e-04 2.729722546900927613e-04 2.727412332459801031e-04 2.731968243993419419e-04
2.749773294928738827e-04 2.749163573058302631e-04 2.747613075359180580e-04 2.743583666288973173e-04 2.741175853389347028e-04 2.738765519368316793e-04 2.735233447410885033e-04 2.732614052900918093e-04 2.730395213787695165e-04 2.727798410860932002e-04 2.726187926362551046e-04 2.725918535237171233e-04 2.727629257538324403e-04 2.727787574827418376e-04 2.728400310664086652e-04 2.729435650510334075e-04 2.729622940575017844e-04 2.732609600324578778e-04 2.737081512420579425e-04 2.737942828642555117e-04 2.735361279676436479e-04 2.735067781169886686e-04 2.735664668377429855e-04 2.729968752431619224e-04 2.728338397448284644e-04 2.733085199901707065e-04
2.752578756505948913e-04 2.751948124805196931e-04 2.750492814780566039e-04 2.746445701917030386e-04 2.743973193940087000e-04 2.741631114078589690e-04 2.738048935572287481e-04 2.735389537394747480e-04 2.733087006221192870e-04 2.730439262386862216e-04 2.728807411203885589e-04 2.728559768570243773e-04 2.730315269752097481e-04 2.730492163573545929e-04 2.731141933628095705e-04 2.732386069207276796e-04 2.733031295288780972e-04 2.737081512420579425e-04 2.743297089477263391e-04 2.745393642600988315e-04 2.742980875868235584e-04 2.741524823504059281e-04 2.739692152091412441e-04 2.733053400402553931e-04 2.731916340901374869e-04 2.736825049682882396e-04
2.754148863429392319e-04 2.753518523845766182e-04 2.752136764783155395e-04 2.748010774799406223e-04 2.745463889511724005e-04 2.743132812767816930e-04 2.739430974962772897e-04 2.736636233227805965e-04 2.734153178131203815e-04 2.731363239321190793e-04 2.729634995171567320e-04 2.729289916068920025e-04 2.730907029603443152e-04 2.730905433750671391e-04 2.731364685794840201e-04 2.732599886835961273e-04 2.733419554136961530e-04 2.737942828642555117e-04 2.745393642600988315e-04 2.750055193395757255e-04 2.749747253554838886e-04 2.748592079378856250e-04 2.744585906034320935e-04 2.735589325834837161e-04 2.734319452222679471e-04 2.739148821886459666e-04
2.756907681570185012e-04 2.756406313290648831e-04 2.754939506826738866e-04 2.750677992355899694e-04 2.747984026507847648e-04 2.745572215448476060e-04 2.741702562106303068e-04 2.738655517207609093e-04 2.735930809696434599e-04 2.732800737692626567e-04 2.730734455858480915e-04 2.729939969996435624e-04 2.730998467430510637e-04 2.730403970153130961e-04 2.730185701060110996e-04 2.730757986667518302e-04 2.731089996161043432e-04 2.735361279676436479e-04 2.742980875868235584e-04 2.749747253554838886e-04 2.754296926365771571e-04 2.757280452574516899e-04 2.753782743887542902e-04 2.741032119389727613e-04 2.737560555122739762e-04 2.741651775199018155e-04
2.766095481817186941e-04 2.765769605142971168e-04 2.764011291743672326e-04 2.759644592327886400e-04 2.756836393722664311e-04 2.754365468948898857e-04 2.750375853805010740e-04 2.747169631068957117e-04 2.744313796393095745e-04 2.740833494565485490e-04 2.738336002775099013e-04 2.736909019391941113e-04 2.737132027335455815e-04 2.735611464607436171e-04 2.734289156509372184e-04 2.733452869890918126e-04 2.732315473233530080e-04 2.735067781169886686e-04 2.741524823504059281e-04 2.748592079378856250e-04 2.757280452574516899e-04 2.768693312527618824e-04 2.771266076874864749e-04 2.756074142819773002e-04 2.747377087471580717e-04 2.750190290286442791e-04
2.774165880626142306e-04 2.773875469324373066e-04 2.771872692039417186e-04 2.767547212850120643e-04 2.764756561773784225e-04 2.762238569801384654e-04 2.758246562484088392e-04 2.755049392608656281e-04 2.752202565163063084e-04 2.748556679017842910e-04 2.745768699112673778e-04 2.743932799679186943e-04 2.743577322485292566e-04 2.741473023182162808e-04 2.739522304410417324e-04 2.737627715241925004e-04 2.735021823305466685e-04 2.735664668377429855e-04 2.739692152091412441e-04 2.744585906034320935e-04 2.753782743887542902e-04 2.771266076874864749e-04 2.785047054403834107e-04 2.773086977096221551e-04 2.757186389270547557e-04 2.757840165662336289e-04
2.769289454665726700e-04 2.768799386258620422e-04 2.766874345455252299e-04 2.762644974646819929e-04 2.759885770303758070e-04 2.757277408706845421e-04 2.753485783420393730e-04 2.750409203596873835e-04 2.747597814794582559e-04 2.743874153035224346e-04 2.740921181854758144e-04 2.738966563023360261e-04 2.738450672747386682e-04 2.736240181337872045e-04 2.734305394378247749e-04 2.732463367862864598e-04 2.729722546900927613e-04 2.729968752431619224e-04 2.733053400402553931e-04 2.735589325834837161e-04 2.741032119389727613e-04 2.756074142819773002e-04 2.773086977096221551e-04 2.772456634553753475e-04 2.757944931335707577e-04 2.753923394297108011e-04
2.763897344720894701e-04 2.763601241572500905e-04 2.761761866972600211e-04 2.757472262359322922e-04 2.754746575636527243e-04 2.752143691581647282e-04 2.748469653609265906e-04 2.745473032368618755e-04 2.742746374505243014e-04 2.739204051512037982e-04 2.736410121490866188e-04 2.734672323365879595e-04 2.734614932264768216e-04 2.732784630551482160e-04 2.731203055835325594e-04 2.729780658060343423e-04 2.727412332459801031e-04 2.728338397448284644e-04 2.731916340901374869e-04 2.734319452222679471e-04 2.737560555122739762e-04 2.747377087471580717e-04 2.757186389270547557e-04 2.757944931335707577e-04 2.758052030558288850e-04 2.756007617103213678e-04
2.766329896787434340e-04 2.766062065871653305e-04 2.764164496227249882e-04 2.760011648657043700e-04 2.757249605037401610e-04 2.754742126813280599e-04 2.751086456206308867e-04 2.748024753130281833e-04 2.745367895644155597e-04 2.742039434051954253e-04 2.739546479237039197e-04 2.738088772021264800e-04 2.738447114503499971e-04 2.736952832830356072e-04 2.735623200809281057e-04 2.734330545539404218e-04 2.731968243993419419e-04 2.733085199901707065e-04 2.736825049682882396e-04 2.739148821886459666e-04 2.741651775199018155e-04 2.750190290286442791e-04 2.757840165662336289e-04 2.753923394297108011e-04 2.756007617103213678e-04 2.766895054538464141e-04
