1.113470432041909061e-04 1.111440732370370320e-04 1.112459476018921325e-04 1.112381555344574730e-04 1.114060545549759850e-04 1.114635637264832182e-04 1.115325694884052471e-04 1.115577216287612795e-04 1.115138389804970286e-04 1.113982685470969470e-04 1.113581993514273200e-04 1.115914480352250864e-04 1.116447272340774592e-04 1.114948788707104338e-04 1.115221718530559630e-04 1.115340490188834684e-04 1.116906161422048528e-04 1.119041563286842959e-04 1.120159552898277421e-04 1.122168000337291088e-04 1.119991695466101325e-04 1.118322584929927401e-04 1.117108517026423991e-04 1.114094188276352695e-04 1.105260092068721407e-04 1.104331747313950748e-04
1.111440732370370320e-04 1.110343373331152116e-04 1.111070367795232664e-04 1.111011576032142170e-04 1.112620666673276842e-04 1.113194112582253058e-04 1.113926719123591052e-04 1.114221093529209968e-04 1.113868728202772830e-04 1.112758211279934480e-04 1.112401410480313264e-04 1.114778295685799303e-04 1.115376413401655039e-04 1.113916096313076796e-04 1.114240434873009955e-04 1.114393129984047568e-04 1.115957635581679106e-04 1.118079867828938905e-04 1.119262357242318672e-04 1.121128703455236787e-04 1.118698459054177566e-04 1.116828826532184106e-04 1.115809783578675384e-04 1.112844331813784632e-04 1.103852102970874233e-04 1.103027684722535800e-04
1.112459476018921325e-04 1.111070367795232664e-04 1.112394208549301393e-04 1.112128526062475036e-04 1.113753032191153674e-04 1.114346824310103465e-04 1.115058114471602487e-04 1.115365291206125699e-04 1.114949262512031380e-04 1.113827430116028582e-04 1.113491482661715779e-04 1.115883007274699474e-04 1.116516749713715250e-04 1.115068606174333152e-04 1.115367144245109484e-04 1.115479576660891514e-04 1.116993799434837681e-04 1.119059872724579121e-04 1.120163402454501611e-04 1.121943656844936489e-04 1.119442186280725796e-04 1.117522418488876878e-04 1.116492006726875746e-04 1.113684206539358057e-04 1.104830684737391765e-04 1.104078997901819129e-04
1.112381555344574730e-04 1.111011576032142170e-04 1.112128526062475036e-04 1.112280941171870117e-04 1.113854768785021868e-04 1.114419688090544027e-04 1.115163686501043880e-04 1.115453745388497264e-04 1.115080955144346763e-04 1.113971560023594315e-04 1.113642424460287882e-04 1.116047807606343782e-04 1.116678554500782195e-04 1.115226264734538902e-04 1.115534946861324240e-04 1.115642645308339285e-04 1.117161322297544073e-04 1.119219429736502153e-04 1.120261560879527989e-04 1.121989039138735189e-04 1.119454545461560447e-04 1.117512290817722093e-04 1.116464187413742520e-04 1.113706581972626156e-04 1.104913931634139853e-04 1.103937424694980584e-04
1.114060545549759850e-04 1.112620666673276842e-04 1.113753032191153674e-04 1.113854768785021868e-04 1.115712024254548226e-04 1.116235345755192389e-04 1.116986582108956457e-04 1.117284206885647249e-04 1.116941796572667024e-04 1.115831445320971657e-04 1.115505775478848975e-04 1.117937037500066935e-04 1.118583287198158654e-04 1.117147096088473037e-04 1.117452250379433258e-04 1.117563280229274294e-04 1.119087962523502417e-04 1.121156028233828657e-04 1.122199163858551965e-04 1.123932932216377048e-04 1.121422317914650346e-04 1.119367305157848607e-04 1.118270732878463169e-04 1.115563238681016627e-04 1.106930580522750966e-04 1.105863928317635795e-04
1.114635637264832182e-04 1.113194112582253058e-04 1.114346824310103465e-04 1.114419688090544027e-04 1.116235345755192389e-04 1.116981532954899089e-04 1.117710014577842897e-04 1.118023760705342900e-04 1.117658156493107452e-04 1.116550620752556895e-04 1.116238827815961262e-04 1.118702238974432267e-04 1.119378596899757515e-04 1.117980755020582621e-04 1.118315663095485789e-04 1.118429129645894844e-04 1.119966904173680687e-04 1.122063069080674714e-04 1.123110157244393585e-04 1.124785857138164942e-04 1.122183934989091317e-04 1.119965933743687813e-04 1.118885960575718541e-04 1.116229018072091317e-04 1.107574007466669133e-04 1.106451482442780951e-04
1.115325694884052471e-04 1.113926719123591052e-04 1.115058114471602487e-04 1.115163686501043880e-04 1.116986582108956457e-04 1.117710014577842897e-04 1.118642685549657800e-04 1.118955140872631684e-04 1.118620843940174980e-04 1.117540179221723464e-04 1.117258717865952976e-04 1.119761755552461214e-04 1.120472736539350901e-04 1.119090508707338156e-04 1.119423984271408008e-04 1.119547793702969159e-04 1.121120527557450036e-04 1.123234276188402416e-04 1.124306525536489400e-04 1.126038843848665879e-04 1.123460917116671215e-04 1.121161716807924074e-04 1.119927113528208128e-04 1.117038156020854460e-04 1.108347097578881937e-04 1.107168393756164320e-04
1.115577216287612795e-04 1.114221093529209968e-04 1.115365291206125699e-04 1.115453745388497264e-04 1.117284206885647249e-04 1.118023760705342900e-04 1.118955140872631684e-04 1.119426722018514392e-04 1.119126470443177515e-04 1.118076027633549982e-04 1.117825756220958003e-04 1.120356762407903687e-04 1.121094259571778619e-04 1.119718860366434037e-04 1.120048824651555898e-04 1.120166968846210203e-04 1.121699542534775496e-04 1.123760535422286844e-04 1.124801617873038710e-04 1.126505971031515778e-04 1.123867318339659638e-04 1.121467634015266924e-04 1.120279370050593072e-04 1.117329260837242398e-04 1.108567110895044422e-04 1.107411244937281001e-04
1.115138389804970286e-04 1.113868728202772830e-04 1.114949262512031380e-04 1.115080955144346763e-04 1.116941796572667024e-04 1.117658156493107452e-04 1.118620843940174980e-04 1.119126470443177515e-04 1.119039345080951231e-04 1.118040498416448517e-04 1.117861358710296407e-04 1.120466687066495605e-04 1.121260609144105770e-04 1.119906999225170834e-04 1.120264523481863888e-04 1.120402942575092194e-04 1.121927616457851231e-04 1.123948353251290897e-04 1.124962099242711238e-04 1.126577456062981269e-04 1.123765440430312296e-04 1.121141891743720537e-04 1.120037466001347207e-04 1.117153531555401273e-04 1.108363645690408841e-04 1.107267535513297845e-04
1.113982685470969470e-04 1.112758211279934480e-04 1.113827430116028582e-04 1.113971560023594315e-04 1.115831445320971657e-04 1.116550620752556895e-04 1.117540179221723464e-04 1.118076027633549982e-04 1.118040498416448517e-04 1.117208146314141454e-04 1.117113818354676242e-04 1.119781826721864501e-04 1.120635366138195154e-04 1.119337059878555381e-04 1.119751735844283638e-04 1.119914979957811470e-04 1.121435234795275886e-04 1.123430164841452713e-04 1.124424715324293458e-04 1.125965173249021450e-04 1.122981913906189713e-04 1.120151267269667338e-04 1.119027856279396704e-04 1.116077826335806951e-04 1.107187780653620641e-04 1.106010548977294088e-04
1.113581993514273200e-04 1.112401410480313264e-04 1.113491482661715779e-04 1.113642424460287882e-04 1.115505775478848975e-04 1.116238827815961262e-04 1.117258717865952976e-04 1.117825756220958003e-04 1.117861358710296407e-04 1.117113818354676242e-04 1.117234143369553849e-04 1.120032619157239909e-04 1.120997265079327101e-04 1.119794086039968626e-04 1.120279069389346007e-04 1.120476733359637744e-04 1.121994486161066392e-04 1.123944901833365159e-04 1.124887049907080075e-04 1.126316830899988037e-04 1.123112093615788709e-04 1.119952160718203354e-04 1.118857727084024753e-04 1.115860203266130042e-04 1.106873755585762413e-04 1.105736481148530454e-04
1.115914480352250864e-04 1.114778295685799303e-04 1.115883007274699474e-04 1.116047807606343782e-04 1.117937037500066935e-04 1.118702238974432267e-04 1.119761755552461214e-04 1.120356762407903687e-04 1.120466687066495605e-04 1.119781826721864501e-04 1.120032619157239909e-04 1.123076592122067882e-04 1.124200351416371972e-04 1.123107352230053751e-04 1.123707016102817776e-04 1.123990785232345784e-04 1.125555155889745997e-04 1.127495211750801171e-04 1.128401771583282197e-04 1.129715642006797057e-04 1.126244026415343559e-04 1.122647730093661743e-04 1.121585386648332847e-04 1.118537367534530466e-04 1.109375425101491615e-04 1.108204003589498493e-04
1.116447272340774592e-04 1.115376413401655039e-04 1.116516749713715250e-04 1.116678554500782195e-04 1.118583287198158654e-04 1.119378596899757515e-04 1.120472736539350901e-04 1.121094259571778619e-04 1.121260609144105770e-04 1.120635366138195154e-04 1.120997265079327101e-04 1.124200351416371972e-04 1.125590173089324763e-04 1.124689133419915231e-04 1.125433781494315912e-04 1.125849167481925953e-04 1.127490176977143885e-04 1.129449851705465087e-04 1.130366285508484068e-04 1.131573241858647180e-04 1.127796183112156624e-04 1.123755758919230645e-04 1.122649440550469265e-04 1.119581803564681510e-04 1.110298755410528090e-04 1.109049773173490048e-04
1.114948788707104338e-04 1.113916096313076796e-04 1.115068606174333152e-04 1.115226264734538902e-04 1.117147096088473037e-04 1.117980755020582621e-04 1.119090508707338156e-04 1.119718860366434037e-04 1.119906999225170834e-04 1.119337059878555381e-04 1.119794086039968626e-04 1.123107352230053751e-04 1.124689133419915231e-04 1.124143751851181737e-04 1.125151817787410288e-04 1.125766602640901207e-04 1.127545531283743324e-04 1.129590436746331380e-04 1.130545307824857724e-04 1.131649524791190166e-04 1.127522695144757942e-04 1.122906745416467794e-04 1.121604500647424292e-04 1.118552634988486278e-04 1.109120180301996728e-04 1.107746680121516643e-04
1.115221718530559630e-04 1.114240434873009955e-04 1.115367144245109484e-04 1.115534946861324240e-04 1.117452250379433258e-04 1.118315663095485789e-04 1.119423984271408008e-04 1.120048824651555898e-04 1.120264523481863888e-04 1.119751735844283638e-04 1.120279069389346007e-04 1.123707016102817776e-04 1.125433781494315912e-04 1.125151817787410288e-04 1.126621721523937399e-04 1.127611418540482697e-04 1.129616721113855268e-04 1.131774404330547907e-04 1.132784250225297122e-04 1.133830444592268225e-04 1.129311602544567249e-04 1.123872621668294848e-04 1.122164509415002299e-04 1.119061884235326721e-04 1.109614612486070276e-04 1.108099781004335616e-04
1.115340490188834684e-04 1.114393129984047568e-04 1.115479576660891514e-04 1.115642645308339285e-04 1.117563280229274294e-04 1.118429129645894844e-04 1.119547793702969159e-04 1.120166968846210203e-04 1.120402942575092194e-04 1.119914979957811470e-04 1.120476733359637744e-04 1.123990785232345784e-04 1.125849167481925953e-04 1.125766602640901207e-04 1.127611418540482697e-04 1.129209243306997728e-04 1.131683158329340225e-04 1.134132147897234488e-04 1.135358129926286114e-04 1.136474504669379259e-04 1.131625419779732684e-04 1.125155988684434856e-04 1.122702737346572226e-04 1.119495456191764622e-04 1.110080521260519473e-04 1.108492480893747361e-04
1.116906161422048528e-04 1.115957635581679106e-04 1.116993799434837681e-04 1.117161322297544073e-04 1.119087962523502417e-04 1.119966904173680687e-04 1.121120527557450036e-04 1.121699542534775496e-04 1.121927616457851231e-04 1.121435234795275886e-04 1.121994486161066392e-04 1.125555155889745997e-04 1.127490176977143885e-04 1.127545531283743324e-04 1.129616721113855268e-04 1.131683158329340225e-04 1.134967807827496239e-04 1.138105540766665835e-04 1.139802730315187158e-04 1.141082219729306631e-04 1.135870044060527883e-04 1.128270022828640654e-04 1.124571574680052668e-04 1.121166226548261588e-04 1.111749971353927994e-04 1.110248303180273868e-04
1.119041563286842959e-04 1.118079867828938905e-04 1.119059872724579121e-04 1.119219429736502153e-04 1.121156028233828657e-04 1.122063069080674714e-04 1.123234276188402416e-04 1.123760535422286844e-04 1.123948353251290897e-04 1.123430164841452713e-04 1.123944901833365159e-04 1.127495211750801171e-04 1.129449851705465087e-04 1.129590436746331380e-04 1.131774404330547907e-04 1.134132147897234488e-04 1.138105540766665835e-04 1.142370049174439180e-04 1.144962170896165294e-04 1.146658465185628758e-04 1.141334568503827598e-04 1.132814471471619910e-04 1.127342697907598366e-04 1.123487753797205969e-04 1.114202231614722663e-04 1.112903932182829944e-04
1.120159552898277421e-04 1.119262357242318672e-04 1.120163402454501611e-04 1.120261560879527989e-04 1.122199163858551965e-04 1.123110157244393585e-04 1.124306525536489400e-04 1.124801617873038710e-04 1.124962099242711238e-04 1.124424715324293458e-04 1.124887049907080075e-04 1.128401771583282197e-04 1.130366285508484068e-04 1.130545307824857724e-04 1.132784250225297122e-04 1.135358129926286114e-04 1.139802730315187158e-04 1.144962170896165294e-04 1.149039870737603278e-04 1.151747395355435675e-04 1.146616008057466302e-04 1.137225806979103775e-04 1.129609014739444046e-04 1.125043648426135101e-04 1.116109613729951113e-04 1.114712714332409592e-04
1.122168000337291088e-04 1.121128703455236787e-04 1.121943656844936489e-04 1.121989039138735189e-04 1.123932932216377048e-04 1.124785857138164942e-04 1.126038843848665879e-04 1.126505971031515778e-04 1.126577456062981269e-04 1.125965173249021450e-04 1.126316830899988037e-04 1.129715642006797057e-04 1.131573241858647180e-04 1.131649524791190166e-04 1.133830444592268225e-04 1.136474504669379259e-04 1.141082219729306631e-04 1.146658465185628758e-04 1.151747395355435675e-04 1.156473536358016714e-04 1.152966045270025825e-04 1.143813802177480753e-04 1.134212746008780848e-04 1.127557178468336659e-04 1.118790764373047862e-04 1.117452092833089530e-04
1.119991695466101325e-04 1.118698459054177566e-04 1.119442186280725796e-04 1.119454545461560447e-04 1.121422317914650346e-04 1.122183934989091317e-04 1.123460917116671215e-04 1.123867318339659638e-04 1.123765440430312296e-04 1.122981913906189713e-04 1.123112093615788709e-04 1.126244026415343559e-04 1.127796183112156624e-04 1.127522695144757942e-04 1.129311602544567249e-04 1.131625419779732684e-04 1.135870044060527883e-04 1.141334568503827598e-04 1.146616008057466302e-04 1.152966045270025825e-04 1.152756852112206594e-04 1.146440183464966127e-04 1.136640989402487768e-04 1.126764855892277396e-04 1.117473153145928351e-04 1.116463206991804902e-04
1.118322584929927401e-04 1.116828826532184106e-04 1.117522418488876878e-04 1.117512290817722093e-04 1.119367305157848607e-04 1.119965933743687813e-04 1.121161716807924074e-04 1.121467634015266924e-04 1.121141891743720537e-04 1.120151267269667338e-04 1.119952160718203354e-04 1.122647730093661743e-04 1.123755758919230645e-04 1.122906745416467794e-04 1.123872621668294848e-04 1.125155988684434856e-04 1.128270022828640654e-04 1.132814471471619910e-04 1.137225806979103775e-04 1.143813802177480753e-04 1.146440183464966127e-04 1.146715383212579590e-04 1.140638136016441001e-04 1.128688599777508941e-04 1.117038583314336903e-04 1.116535165466673880e-04
1.117108517026423991e-04 1.115809783578675384e-04 1.116492006726875746e-04 1.116464187413742520e-04 1.118270732878463169e-04 1.118885960575718541e-04 1.119927113528208128e-04 1.120279370050593072e-04 1.120037466001347207e-04 1.119027856279396704e-04 1.118857727084024753e-04 1.121585386648332847e-04 1.122649440550469265e-04 1.121604500647424292e-04 1.122164509415002299e-04 1.122702737346572226e-04 1.124571574680052668e-04 1.127342697907598366e-04 1.129609014739444046e-04 1.134212746008780848e-04 1.136640989402487768e-04 1.140638136016441001e-04 1.143171053219342218e-04 1.134949336979110013e-04 1.119436535260842912e-04 1.117032120952972011e-04
1.114094188276352695e-04 1.112844331813784632e-04 1.113684206539358057e-04 1.113706581972626156e-04 1.115563238681016627e-04 1.116229018072091317e-04 1.117038156020854460e-04 1.117329260837242398e-04 1.117153531555401273e-04 1.116077826335806951e-04 1.115860203266130042e-04 1.118537367534530466e-04 1.119581803564681510e-04 1.118552634988486278e-04 1.119061884235326721e-04 1.119495456191764622e-04 1.121166226548261588e-04 1.123487753797205969e-04 1.125043648426135101e-04 1.127557178468336659e-04 1.126764855892277396e-04 1.128688599777508941e-04 1.134949336979110013e-04 1.136812853557774710e-04 1.122620903022841814e-04 1.115798206497738138e-04
1.105260092068721407e-04 1.103852102970874233e-04 1.104830684737391765e-04 1.104913931634139853e-04 1.106930580522750966e-04 1.107574007466669133e-04 1.108347097578881937e-04 1.108567110895044422e-04 1.108363645690408841e-04 1.107187780653620641e-04 1.106873755585762413e-04 1.109375425101491615e-04 1.110298755410528090e-04 1.109120180301996728e-04 1.109614612486070276e-04 1.110080521260519473e-04 1.111749971353927994e-04 1.114202231614722663e-04 1.116109613729951113e-04 1.118790764373047862e-04 1.117473153145928351e-04 1.117038583314336903e-04 1.119436535260842912e-04 1.122620903022841814e-04 1.118331868096071423e-04 1.111565996530685106e-04
1.104331747313950748e-04 1.103027684722535800e-04 1.104078997901819129e-04 1.103937424694980584e-04 1.105863928317635795e-04 1.106451482442780951e-04 1.107168393756164320e-04 1.107411244937281001e-04 1.107267535513297845e-04 1.106010548977294088e-04 1.105736481148530454e-04 1.108204003589498493e-04 1.109049773173490048e-04 1.107746680121516643e-04 1.108099781004335616e-04 1.108492480893747361e-04 1.110248303180273868e-04 1.112903932182829944e-04 1.114712714332409592e-04 1.117452092833089530e-04 1.116463206991804902e-04 1.116535165466673880e-04 1.117032120952972011e-04 1.115798206497738138e-04 1.111565996530685106e-04 1.114684596790596930e-04
