3.194750122694917376e-04 3.169656141609368408e-04 3.148602864210484770e-04 3.133831867113714932e-04 3.124077267147479546e-04 3.108730675932776851e-04 3.096593810084221298e-04 3.085983540070983636e-04 3.076509827924730784e-04 3.067035114310726431e-04 3.060835059430214904e-04 3.056824329642912012e-04 3.056471557909846959e-04 3.057148399042180142e-04 3.059113380386622397e-04 3.057964233454585129e-04 3.056369285849751065e-04 3.063867730320511489e-04 3.065002421616937699e-04 3.067544278792376402e-04 3.071966728602205346e-04 3.070313721471998650e-04 3.060816894341257142e-04 3.045886608654190344e-04 3.054069534963955914e-04 3.050277866791963185e-04
3.169656141609368408e-04 3.145725753719016493e-04 3.124601545736941494e-04 3.109946993816223694e-04 3.100371629292506437e-04 3.085153876614511541e-04 3.073045794326387486e-04 3.062555903010476949e-04 3.053205459511686430e-04 3.043847106311350914e-04 3.037742498151837665e-04 3.033836372089241404e-04 3.033535297157240510e-04 3.034284222708070891e-04 3.036316070633275112e-04 3.035237081942930180e-04 3.033720397600844884e-04 3.041255918068045501e-04 3.042383793314812888e-04 3.045004716994699316e-04 3.049450973502847227e-04 3.047779952908038744e-04 3.038246825619085340e-04 3.023033705003202792e-04 3.030996819342284118e-04 3.027386571282821145e-04
3.148602864210484770e-04 3.124601545736941494e-04 3.104328346643590300e-04 3.089600314245853152e-04 3.080107601570418593e-04 3.065000149484231108e-04 3.052974878726876168e-04 3.042547552670092571e-04 3.033254920729843698e-04 3.023980847180551628e-04 3.017880975646185931e-04 3.013973871101261414e-04 3.013660442860560109e-04 3.014397279737789396e-04 3.016393957282369393e-04 3.015255379693936120e-04 3.013640165196857759e-04 3.021077928460342405e-04 3.022148051040775664e-04 3.024661018631944072e-04 3.028915539233813497e-04 3.027226264377742187e-04 3.017682701580902361e-04 3.002565582223697431e-04 3.010590097875178611e-04 3.007608368875863713e-04
3.133831867113714932e-04 3.109946993816223694e-04 3.089600314245853152e-04 3.075472025490392559e-04 3.065942348569586275e-04 3.050854984022999239e-04 3.038926015032282447e-04 3.028556685512186035e-04 3.019281995267441123e-04 3.010046510408916141e-04 3.004007407254420127e-04 3.000137347578179722e-04 2.999884093122127059e-04 3.000694540541905438e-04 3.002771204897269181e-04 3.001794343091956224e-04 3.000361253418695859e-04 3.007862535277943425e-04 3.008974383752335228e-04 3.011439670849334828e-04 3.015563300997268202e-04 3.013777473241717009e-04 3.004359903757898337e-04 2.989295253339381586e-04 2.996995531891680350e-04 2.993665669176722778e-04
3.124077267147479546e-04 3.100371629292506437e-04 3.080107601570418593e-04 3.065942348569586275e-04 3.056927776405949163e-04 3.041801263310763828e-04 3.029926408420957271e-04 3.019643337534272365e-04 3.010462587451411616e-04 3.001324470463477946e-04 2.995376787419083285e-04 2.991618980503920710e-04 2.991490789560148134e-04 2.992382792119032829e-04 2.994516282919944435e-04 2.993574470918869911e-04 2.992204702735156026e-04 2.999718182046069367e-04 3.000776535675735894e-04 3.003187179349627750e-04 3.007228200881634055e-04 3.005016983642940214e-04 2.995230121749187864e-04 2.980033945003277766e-04 2.987747771759565341e-04 2.984491193406321589e-04
3.108730675932776851e-04 3.085153876614511541e-04 3.065000149484231108e-04 3.050854984022999239e-04 3.041801263310763828e-04 3.027056797880554461e-04 3.015200637874167005e-04 3.004962271690068357e-04 2.995856152000595136e-04 2.986802832480292590e-04 2.980923548692640383e-04 2.977222790367980553e-04 2.977135174945326999e-04 2.978079306631251544e-04 2.980266025275396980e-04 2.979374683897128293e-04 2.978044226254927449e-04 2.985476204931275545e-04 2.986497028375191477e-04 2.988904592685897991e-04 2.992818495138266713e-04 2.990420525902970947e-04 2.980545840807781715e-04 2.965256599006407074e-04 2.972787988225029324e-04 2.969429903894255985e-04
3.096593810084221298e-04 3.073045794326387486e-04 3.052974878726876168e-04 3.038926015032282447e-04 3.029926408420957271e-04 3.015200637874167005e-04 3.003685486627047005e-04 2.993545999567021510e-04 2.984496769592811681e-04 2.975538382535920703e-04 2.969735529722455935e-04 2.966082177029727993e-04 2.966089397830508757e-04 2.967122021044024151e-04 2.969365988270332934e-04 2.968591483703591420e-04 2.967357831383554993e-04 2.974849122679268766e-04 2.975923606069303903e-04 2.978329017251925520e-04 2.981984311010379041e-04 2.979181887620052562e-04 2.969222172287674997e-04 2.953861647112934535e-04 2.961197910608235240e-04 2.957910765731129230e-04
3.085983540070983636e-04 3.062555903010476949e-04 3.042547552670092571e-04 3.028556685512186035e-04 3.019643337534272365e-04 3.004962271690068357e-04 2.993545999567021510e-04 2.983748868634397960e-04 2.974781926400621055e-04 2.965922192827822354e-04 2.960235718769389465e-04 2.956669995986618035e-04 2.956796468479159145e-04 2.957919822175972420e-04 2.960269809615615074e-04 2.959613461986848669e-04 2.958495992915666142e-04 2.966088600681982641e-04 2.967230362497439138e-04 2.969637903266560304e-04 2.973119841332917592e-04 2.969912741312955473e-04 2.959799406878869401e-04 2.944161213284021673e-04 2.951247429879959045e-04 2.947949611101503115e-04
3.076509827924730784e-04 3.053205459511686430e-04 3.033254920729843698e-04 3.019281995267441123e-04 3.010462587451411616e-04 2.995856152000595136e-04 2.984496769592811681e-04 2.974781926400621055e-04 2.966098740414442343e-04 2.957360804302899262e-04 2.951794323481694328e-04 2.948342399716663478e-04 2.948589218294802639e-04 2.949822230848916536e-04 2.952293430056908961e-04 2.951777369337827512e-04 2.950757265729006431e-04 2.958368972903269514e-04 2.959458490503181572e-04 2.961723512902483379e-04 2.964953530788561639e-04 2.961316277847812328e-04 2.951078705189099597e-04 2.935596940244892855e-04 2.942815559753249929e-04 2.939508033116273577e-04
3.067035114310726431e-04 3.043847106311350914e-04 3.023980847180551628e-04 3.010046510408916141e-04 3.001324470463477946e-04 2.986802832480292590e-04 2.975538382535920703e-04 2.965922192827822354e-04 2.957360804302899262e-04 2.948977781658955097e-04 2.943615011529806961e-04 2.940357859213269323e-04 2.940827819230005039e-04 2.942259992927059387e-04 2.944903258864407791e-04 2.944537180764297195e-04 2.943648661103523585e-04 2.951350318662376480e-04 2.952431411359095919e-04 2.954546984984915848e-04 2.957256722879289318e-04 2.952832679576441631e-04 2.942292737622433075e-04 2.926928243072289700e-04 2.934038658861531121e-04 2.930410788465014462e-04
3.060835059430214904e-04 3.037742498151837665e-04 3.017880975646185931e-04 3.004007407254420127e-04 2.995376787419083285e-04 2.980923548692640383e-04 2.969735529722455935e-04 2.960235718769389465e-04 2.951794323481694328e-04 2.943615011529806961e-04 2.938652703734947851e-04 2.935697273364920134e-04 2.936477803620999878e-04 2.938190859401623354e-04 2.941089487632653362e-04 2.940927724612354684e-04 2.940210029464435408e-04 2.948030567577270477e-04 2.949133412230763246e-04 2.951089811416459903e-04 2.953114013126904684e-04 2.947578271201284480e-04 2.936521663755586073e-04 2.921240167314743843e-04 2.928409299066412133e-04 2.924705024800737952e-04
3.056824329642912012e-04 3.033836372089241404e-04 3.013973871101261414e-04 3.000137347578179722e-04 2.991618980503920710e-04 2.977222790367980553e-04 2.966082177029727993e-04 2.956669995986618035e-04 2.948342399716663478e-04 2.940357859213269323e-04 2.935697273364920134e-04 2.933282990701800057e-04 2.934501482758628379e-04 2.936601451342808994e-04 2.939831437626578593e-04 2.939930375483548763e-04 2.939383656045545419e-04 2.947264264223211023e-04 2.948302185324161700e-04 2.950049957607224363e-04 2.951325963587998324e-04 2.944477803949047665e-04 2.932798261374929645e-04 2.917501563649387551e-04 2.924820300208929940e-04 2.920831908915457365e-04
3.056471557909846959e-04 3.033535297157240510e-04 3.013660442860560109e-04 2.999884093122127059e-04 2.991490789560148134e-04 2.977135174945326999e-04 2.966089397830508757e-04 2.956796468479159145e-04 2.948589218294802639e-04 2.940827819230005039e-04 2.936477803620999878e-04 2.934501482758628379e-04 2.936402505254941358e-04 2.939101896884331838e-04 2.942869931450038386e-04 2.943448765528552426e-04 2.943248903219789522e-04 2.951343587612602934e-04 2.952347952099310113e-04 2.953803604910158168e-04 2.954031962898920729e-04 2.945369394601594871e-04 2.932864559818893694e-04 2.917681746729034495e-04 2.925037860422675180e-04 2.920716424771460586e-04
3.057148399042180142e-04 3.034284222708070891e-04 3.014397279737789396e-04 3.000694540541905438e-04 2.992382792119032829e-04 2.978079306631251544e-04 2.967122021044024151e-04 2.957919822175972420e-04 2.949822230848916536e-04 2.942259992927059387e-04 2.938190859401623354e-04 2.936601451342808994e-04 2.939101896884331838e-04 2.942643405430084248e-04 2.947173184123258612e-04 2.948371554421877093e-04 2.948685296472105806e-04 2.957159829625573754e-04 2.958247040176801776e-04 2.959472660962004305e-04 2.958725150005628952e-04 2.948092067095097954e-04 2.934717733418846261e-04 2.919639025085330321e-04 2.926986836233451427e-04 2.922119697797686535e-04
3.059113380386622397e-04 3.036316070633275112e-04 3.016393957282369393e-04 3.002771204897269181e-04 2.994516282919944435e-04 2.980266025275396980e-04 2.969365988270332934e-04 2.960269809615615074e-04 2.952293430056908961e-04 2.944903258864407791e-04 2.941089487632653362e-04 2.939831437626578593e-04 2.942869931450038386e-04 2.947173184123258612e-04 2.952781364856666281e-04 2.954901458288723931e-04 2.955959371089768480e-04 2.964997962143968587e-04 2.966269933439145317e-04 2.967392140185895455e-04 2.965706656437238579e-04 2.952879585228345978e-04 2.938351887981621572e-04 2.923005140444092016e-04 2.930195924963529728e-04 2.925073448044633118e-04
3.057964233454585129e-04 3.035237081942930180e-04 3.015255379693936120e-04 3.001794343091956224e-04 2.993574470918869911e-04 2.979374683897128293e-04 2.968591483703591420e-04 2.959613461986848669e-04 2.951777369337827512e-04 2.944537180764297195e-04 2.940927724612354684e-04 2.939930375483548763e-04 2.943448765528552426e-04 2.948371554421877093e-04 2.954901458288723931e-04 2.958360482873887949e-04 2.960621223719535930e-04 2.970401623612227622e-04 2.971764906677954181e-04 2.972777037901627381e-04 2.970126555447470478e-04 2.954713868729174405e-04 2.938837130110159433e-04 2.923502661567740067e-04 2.930489794432360054e-04 2.925311104747961490e-04
3.056369285849751065e-04 3.033720397600844884e-04 3.013640165196857759e-04 3.000361253418695859e-04 2.992204702735156026e-04 2.978044226254927449e-04 2.967357831383554993e-04 2.958495992915666142e-04 2.950757265729006431e-04 2.943648661103523585e-04 2.940210029464435408e-04 2.939383656045545419e-04 2.943248903219789522e-04 2.948685296472105806e-04 2.955959371089768480e-04 2.960621223719535930e-04 2.964691280673608037e-04 2.975914830618726112e-04 2.977944908988942223e-04 2.979272339870689466e-04 2.975934400071593108e-04 2.957784965864188628e-04 2.939620766766976945e-04 2.923763631616424757e-04 2.930340016509273469e-04 2.925247919637979335e-04
3.063867730320511489e-04 3.041255918068045501e-04 3.021077928460342405e-04 3.007862535277943425e-04 2.999718182046069367e-04 2.985476204931275545e-04 2.974849122679268766e-04 2.966088600681982641e-04 2.958368972903269514e-04 2.951350318662376480e-04 2.948030567577270477e-04 2.947264264223211023e-04 2.951343587612602934e-04 2.957159829625573754e-04 2.964997962143968587e-04 2.970401623612227622e-04 2.975914830618726112e-04 2.989290927616228429e-04 2.992990052443269405e-04 2.995421681502455987e-04 2.992073239864415264e-04 2.971688792173994044e-04 2.950241408174749357e-04 2.932662366139934069e-04 2.938174085485032784e-04 2.933282721996212220e-04
3.065002421616937699e-04 3.042383793314812888e-04 3.022148051040775664e-04 3.008974383752335228e-04 3.000776535675735894e-04 2.986497028375191477e-04 2.975923606069303903e-04 2.967230362497439138e-04 2.959458490503181572e-04 2.952431411359095919e-04 2.949133412230763246e-04 2.948302185324161700e-04 2.952347952099310113e-04 2.958247040176801776e-04 2.966269933439145317e-04 2.971764906677954181e-04 2.977944908988942223e-04 2.992990052443269405e-04 2.999548393264205482e-04 3.004649243050099331e-04 3.002813277375546586e-04 2.981819919038774039e-04 2.956476846434580937e-04 2.935845038217021314e-04 2.940018534448300583e-04 2.934973636611644811e-04
3.067544278792376402e-04 3.045004716994699316e-04 3.024661018631944072e-04 3.011439670849334828e-04 3.003187179349627750e-04 2.988904592685897991e-04 2.978329017251925520e-04 2.969637903266560304e-04 2.961723512902483379e-04 2.954546984984915848e-04 2.951089811416459903e-04 2.950049957607224363e-04 2.953803604910158168e-04 2.959472660962004305e-04 2.967392140185895455e-04 2.972777037901627381e-04 2.979272339870689466e-04 2.995421681502455987e-04 3.004649243050099331e-04 3.014342948431606838e-04 3.016297903414020057e-04 2.996066619194547444e-04 2.966298296918795131e-04 2.940595607668611126e-04 2.943748441729432158e-04 2.938809217869460338e-04
3.071966728602205346e-04 3.049450973502847227e-04 3.028915539233813497e-04 3.015563300997268202e-04 3.007228200881634055e-04 2.992818495138266713e-04 2.981984311010379041e-04 2.973119841332917592e-04 2.964953530788561639e-04 2.957256722879289318e-04 2.953114013126904684e-04 2.951325963587998324e-04 2.954031962898920729e-04 2.958725150005628952e-04 2.965706656437238579e-04 2.970126555447470478e-04 2.975934400071593108e-04 2.992073239864415264e-04 3.002813277375546586e-04 3.016297903414020057e-04 3.025663454594063506e-04 3.011829377064481790e-04 2.981482770666568681e-04 2.949682571384590704e-04 2.950135563602589725e-04 2.944603361876256130e-04
3.070313721471998650e-04 3.047779952908038744e-04 3.027226264377742187e-04 3.013777473241717009e-04 3.005016983642940214e-04 2.990420525902970947e-04 2.979181887620052562e-04 2.969912741312955473e-04 2.961316277847812328e-04 2.952832679576441631e-04 2.947578271201284480e-04 2.944477803949047665e-04 2.945369394601594871e-04 2.948092067095097954e-04 2.952879585228345978e-04 2.954713868729174405e-04 2.957784965864188628e-04 2.971688792173994044e-04 2.981819919038774039e-04 2.996066619194547444e-04 3.011829377064481790e-04 3.011877485605509081e-04 2.989370585507477879e-04 2.954071299508754449e-04 2.949383972097978910e-04 2.941798254978717094e-04
3.060816894341257142e-04 3.038246825619085340e-04 3.017682701580902361e-04 3.004359903757898337e-04 2.995230121749187864e-04 2.980545840807781715e-04 2.969222172287674997e-04 2.959799406878869401e-04 2.951078705189099597e-04 2.942292737622433075e-04 2.936521663755586073e-04 2.932798261374929645e-04 2.932864559818893694e-04 2.934717733418846261e-04 2.938351887981621572e-04 2.938837130110159433e-04 2.939620766766976945e-04 2.950241408174749357e-04 2.956476846434580937e-04 2.966298296918795131e-04 2.981482770666568681e-04 2.989370585507477879e-04 2.984103897127255616e-04 2.958103165987233953e-04 2.947695361975366307e-04 2.933979138468794452e-04
3.045886608654190344e-04 3.023033705003202792e-04 3.002565582223697431e-04 2.989295253339381586e-04 2.980033945003277766e-04 2.965256599006407074e-04 2.953861647112934535e-04 2.944161213284021673e-04 2.935596940244892855e-04 2.926928243072289700e-04 2.921240167314743843e-04 2.917501563649387551e-04 2.917681746729034495e-04 2.919639025085330321e-04 2.923005140444092016e-04 2.923502661567740067e-04 2.923763631616424757e-04 2.932662366139934069e-04 2.935845038217021314e-04 2.940595607668611126e-04 2.949682571384590704e-04 2.954071299508754449e-04 2.958103165987233953e-04 2.954234111326884478e-04 2.948600014227080674e-04 2.927716510983233069e-04
3.054069534963955914e-04 3.030996819342284118e-04 3.010590097875178611e-04 2.996995531891680350e-04 2.987747771759565341e-04 2.972787988225029324e-04 2.961197910608235240e-04 2.951247429879959045e-04 2.942815559753249929e-04 2.934038658861531121e-04 2.928409299066412133e-04 2.924820300208929940e-04 2.925037860422675180e-04 2.926986836233451427e-04 2.930195924963529728e-04 2.930489794432360054e-04 2.930340016509273469e-04 2.938174085485032784e-04 2.940018534448300583e-04 2.943748441729432158e-04 2.950135563602589725e-04 2.949383972097978910e-04 2.947695361975366307e-04 2.948600014227080674e-04 2.964833652358223265e-04 2.948709797909525548e-04
3.050277866791963185e-04 3.027386571282821145e-04 3.007608368875863713e-04 2.993665669176722778e-04 2.984491193406321589e-04 2.969429903894255985e-04 2.957910765731129230e-04 2.947949611101503115e-04 2.939508033116273577e-04 2.930410788465014462e-04 2.924705024800737952e-04 2.920831908915457365e-04 2.920716424771460586e-04 2.922119697797686535e-04 2.925073448044633118e-04 2.925311104747961490e-04 2.925247919637979335e-04 2.933282721996212220e-04 2.934973636611644811e-04 2.938809217869460338e-04 2.944603361876256130e-04 2.941798254978717094e-04 2.933979138468794452e-04 2.927716510983233069e-04 2.948709797909525548e-04 2.956806867713070749e-04
