6.232891291028230113e-04 6.243794431976206318e-04 6.248929051428226116e-04 6.254938162463755807e-04 6.259781246322062643e-04 6.260915156207915670e-04 6.266480900703484723e-04 6.268981727258921563e-04 6.273947060100660330e-04 6.276693263581337385e-04 6.276606906077365159e-04 6.280545755802254774e-04 6.285678729850725918e-04 6.292732772050699513e-04 6.299446430734217820e-04 6.310155543645009886e-04 6.321793362482451420e-04 6.332126422815715370e-04 6.344750759633992123e-04 6.351007469229540299e-04 6.345501838883025898e-04 6.309839565391870504e-04 6.265258417378058225e-04 6.254099102849728893e-04 6.268121709285835990e-04 6.287266676960186164e-04
6.243794431976206318e-04 6.255300799461174441e-04 6.260258371245107671e-04 6.266260903198345384e-04 6.271129281118678319e-04 6.272248376507431585e-04 6.277859545807312541e-04 6.280382710604788922e-04 6.285369183609643834e-04 6.288123924420502883e-04 6.288068284601919244e-04 6.292045025553157913e-04 6.297221610494988095e-04 6.304304695382812688e-04 6.311077482291783773e-04 6.321841227052871649e-04 6.333490447802466328e-04 6.343749127556779464e-04 6.356347472707261394e-04 6.362610172366754647e-04 6.357004696691425554e-04 6.321224639083384373e-04 6.276806803626228289e-04 6.265713697679603121e-04 6.279463106212297956e-04 6.298569567725347158e-04
6.248929051428226116e-04 6.260258371245107671e-04 6.265656280999987041e-04 6.271575025774019357e-04 6.276466322857551534e-04 6.277633794125752915e-04 6.283265805660298358e-04 6.285788443511177489e-04 6.290826006999782494e-04 6.293635871551276576e-04 6.293618045981284057e-04 6.297641509934024566e-04 6.302883302744402907e-04 6.310049510928281971e-04 6.316924644704437642e-04 6.327799431475864857e-04 6.339605443145836759e-04 6.350080718906700146e-04 6.362810163036744905e-04 6.369078313321727310e-04 6.363375492615420135e-04 6.327267344845417764e-04 6.282263502888785905e-04 6.270700952567376902e-04 6.284657062163921497e-04 6.303990018484075149e-04
6.254938162463755807e-04 6.266260903198345384e-04 6.271575025774019357e-04 6.277787041501795224e-04 6.282609026520907195e-04 6.283762984156171299e-04 6.289376845621207340e-04 6.291906827926024718e-04 6.296945143948246741e-04 6.299756346904548812e-04 6.299761804675265298e-04 6.303837153084650060e-04 6.309116713026031911e-04 6.316343966158279120e-04 6.323299950702174644e-04 6.334278669199419664e-04 6.346189128605411603e-04 6.356750771916460209e-04 6.369525417729876744e-04 6.375779963306765557e-04 6.369915000630671812e-04 6.333487048285535350e-04 6.288282960017689983e-04 6.276758167362864139e-04 6.290805617561907870e-04 6.309906629696483650e-04
6.259781246322062643e-04 6.271129281118678319e-04 6.276466322857551534e-04 6.282609026520907195e-04 6.287645573993147193e-04 6.288791844541135982e-04 6.294432725743500648e-04 6.296999953983126608e-04 6.302073989437391877e-04 6.304925668450321423e-04 6.304964947126061965e-04 6.309096331734006732e-04 6.314444696517665812e-04 6.321750626865378295e-04 6.328781041708797343e-04 6.339831559497090567e-04 6.351787964608868490e-04 6.362417078223193750e-04 6.375265332806174948e-04 6.381581368328688181e-04 6.375698116152865276e-04 6.338999776976579105e-04 6.293552790071283353e-04 6.281628660805433631e-04 6.295490924012360490e-04 6.314844361924421652e-04
6.260915156207915670e-04 6.272248376507431585e-04 6.277633794125752915e-04 6.283762984156171299e-04 6.288791844541135982e-04 6.290101025936299314e-04 6.295760311344415598e-04 6.298362901027930710e-04 6.303469824455529150e-04 6.306369252998310707e-04 6.306467659507856592e-04 6.310666856921432616e-04 6.316079817723219266e-04 6.323462197914667040e-04 6.330572457772939369e-04 6.341725746710350550e-04 6.353773731018736272e-04 6.364518447695783005e-04 6.377473119758924171e-04 6.383746061713335435e-04 6.377656372048578787e-04 6.340612864147950924e-04 6.294868048979823140e-04 6.282896668727642325e-04 6.296800773307781492e-04 6.316074966886661745e-04
6.266480900703484723e-04 6.277859545807312541e-04 6.283265805660298358e-04 6.289376845621207340e-04 6.294432725743500648e-04 6.295760311344415598e-04 6.301595315466799714e-04 6.304241899103696367e-04 6.309398348886202179e-04 6.312355741891313102e-04 6.312514314773239130e-04 6.316793888816864093e-04 6.322309764277441162e-04 6.329804914967633199e-04 6.337046855469026822e-04 6.348325298325205182e-04 6.360503937168464350e-04 6.371374882913327913e-04 6.384419109969041153e-04 6.390612095449003244e-04 6.384261836767066460e-04 6.346779548528605659e-04 6.300690640203987112e-04 6.288610439699328196e-04 6.302531052405926058e-04 6.321946732313361156e-04
6.268981727258921563e-04 6.280382710604788922e-04 6.285788443511177489e-04 6.291906827926024718e-04 6.296999953983126608e-04 6.298362901027930710e-04 6.304241899103696367e-04 6.307048495192887341e-04 6.312284739000767952e-04 6.315324425877001831e-04 6.315564932685658814e-04 6.319955965124726596e-04 6.325567916457749138e-04 6.333173384462937715e-04 6.340523962195864036e-04 6.351933554183511509e-04 6.364228899801918507e-04 6.375244908252032791e-04 6.388442645674663077e-04 6.394642716676925348e-04 6.388093699069971251e-04 6.350170888678454643e-04 6.303704616824244928e-04 6.291340097783532006e-04 6.305025575844423920e-04 6.324676649247940995e-04
6.273947060100660330e-04 6.285369183609643834e-04 6.290826006999782494e-04 6.296945143948246741e-04 6.302073989437391877e-04 6.303469824455529150e-04 6.309398348886202179e-04 6.312284739000767952e-04 6.317736404216887404e-04 6.320876034314623854e-04 6.321213136460593482e-04 6.325740437206470081e-04 6.331510993575207831e-04 6.339285692318612653e-04 6.346801324693431001e-04 6.358405977643988901e-04 6.370896149945652273e-04 6.382085524687345236e-04 6.395424353623561887e-04 6.401612956540401892e-04 6.394773485162862005e-04 6.356260294029578541e-04 6.309244262506424677e-04 6.296607010902286090e-04 6.310238054623031707e-04 6.330075346734511223e-04
6.276693263581337385e-04 6.288123924420502883e-04 6.293635871551276576e-04 6.299756346904548812e-04 6.304925668450321423e-04 6.306369252998310707e-04 6.312355741891313102e-04 6.315324425877001831e-04 6.320876034314623854e-04 6.324229284388323226e-04 6.324736648084718776e-04 6.329446705549701419e-04 6.335398193159923501e-04 6.343349939566913284e-04 6.351049370204355773e-04 6.362812392203612277e-04 6.375426136600125101e-04 6.386710469185808347e-04 6.400088245529797840e-04 6.406131348379775353e-04 6.398861319030483717e-04 6.359752542286682773e-04 6.312472447377357561e-04 6.299722789096143900e-04 6.313073444396673315e-04 6.332955106542099716e-04
6.276606906077365159e-04 6.288068284601919244e-04 6.293618045981284057e-04 6.299761804675265298e-04 6.304964947126061965e-04 6.306467659507856592e-04 6.312514314773239130e-04 6.315564932685658814e-04 6.321213136460593482e-04 6.324736648084718776e-04 6.325522998695496399e-04 6.330496622653048822e-04 6.336695281737266591e-04 6.344899058047598827e-04 6.352842184337051086e-04 6.364840738587673958e-04 6.377671730752750533e-04 6.389098060266132969e-04 6.402526248087547648e-04 6.408326242409955169e-04 6.400413848860553659e-04 6.360404172021412580e-04 6.312718970107301063e-04 6.300006000735592282e-04 6.313137915975890104e-04 6.332921240186713437e-04
6.280545755802254774e-04 6.292045025553157913e-04 6.297641509934024566e-04 6.303837153084650060e-04 6.309096331734006732e-04 6.310666856921432616e-04 6.316793888816864093e-04 6.319955965124726596e-04 6.325740437206470081e-04 6.329446705549701419e-04 6.330496622653048822e-04 6.335922881354460459e-04 6.342530433139107133e-04 6.351149351736513991e-04 6.359503489152760472e-04 6.371916014492721731e-04 6.385142616868192062e-04 6.396905774553642834e-04 6.410564769362173902e-04 6.416160673868238950e-04 6.407299364034395274e-04 6.365651459997403614e-04 6.316889366036264027e-04 6.304052913436560207e-04 6.317263046661705361e-04 6.337164124257157463e-04
6.285678729850725918e-04 6.297221610494988095e-04 6.302883302744402907e-04 6.309116713026031911e-04 6.314444696517665812e-04 6.316079817723219266e-04 6.322309764277441162e-04 6.325567916457749138e-04 6.331510993575207831e-04 6.335398193159923501e-04 6.336695281737266591e-04 6.342530433139107133e-04 6.349716037068563320e-04 6.358923742694778123e-04 6.367846075737484133e-04 6.380784307186041599e-04 6.394527199499674703e-04 6.406707077528890409e-04 6.420657640001066003e-04 6.426155628005118413e-04 6.416366968770146522e-04 6.372996724095147036e-04 6.322991762922017690e-04 6.309649787464121761e-04 6.322845305545390969e-04 6.342970742120672932e-04
6.292732772050699513e-04 6.304304695382812688e-04 6.310049510928281971e-04 6.316343966158279120e-04 6.321750626865378295e-04 6.323462197914667040e-04 6.329804914967633199e-04 6.333173384462937715e-04 6.339285692318612653e-04 6.343349939566913284e-04 6.344899058047598827e-04 6.351149351736513991e-04 6.358923742694778123e-04 6.368962246220441319e-04 6.378666918424446153e-04 6.392316564462039059e-04 6.406754771088842481e-04 6.419537352031516250e-04 6.433952925378592274e-04 6.439433643416617777e-04 6.428597431158564668e-04 6.383069874404611547e-04 6.331442697385151423e-04 6.317648828156741244e-04 6.330831543119317187e-04 6.351047663462857425e-04
6.299446430734217820e-04 6.311077482291783773e-04 6.316924644704437642e-04 6.323299950702174644e-04 6.328781041708797343e-04 6.330572457772939369e-04 6.337046855469026822e-04 6.340523962195864036e-04 6.346801324693431001e-04 6.351049370204355773e-04 6.352842184337051086e-04 6.359503489152760472e-04 6.367846075737484133e-04 6.378666918424446153e-04 6.389395525316983893e-04 6.404038499348308497e-04 6.419440348469305493e-04 6.433055800962658851e-04 6.448072294597022780e-04 6.453558121020017656e-04 6.441596706535273383e-04 6.393609231673887290e-04 6.340072056212532224e-04 6.325771760601019882e-04 6.338620886524803325e-04 6.358546179299349099e-04
6.310155543645009886e-04 6.321841227052871649e-04 6.327799431475864857e-04 6.334278669199419664e-04 6.339831559497090567e-04 6.341725746710350550e-04 6.348325298325205182e-04 6.351933554183511509e-04 6.358405977643988901e-04 6.362812392203612277e-04 6.364840738587673958e-04 6.371916014492721731e-04 6.380784307186041599e-04 6.392316564462039059e-04 6.404038499348308497e-04 6.420035087184379659e-04 6.436818835712998987e-04 6.451668560229673229e-04 6.467664571962286916e-04 6.473401385897116934e-04 6.460353950279570587e-04 6.409421227174391059e-04 6.353211216375849847e-04 6.338107478423902867e-04 6.350802980406841441e-04 6.370116526114782485e-04
6.321793362482451420e-04 6.333490447802466328e-04 6.339605443145836759e-04 6.346189128605411603e-04 6.351787964608868490e-04 6.353773731018736272e-04 6.360503937168464350e-04 6.364228899801918507e-04 6.370896149945652273e-04 6.375426136600125101e-04 6.377671730752750533e-04 6.385142616868192062e-04 6.394527199499674703e-04 6.406754771088842481e-04 6.419440348469305493e-04 6.436818835712998987e-04 6.455570399858833646e-04 6.472388795118412443e-04 6.489983526055813660e-04 6.496432933558959856e-04 6.482542629206776517e-04 6.428366935444547589e-04 6.368616430429547811e-04 6.352275359130782730e-04 6.364537312013573154e-04 6.382990656599726257e-04
6.332126422815715370e-04 6.343749127556779464e-04 6.350080718906700146e-04 6.356750771916460209e-04 6.362417078223193750e-04 6.364518447695783005e-04 6.371374882913327913e-04 6.375244908252032791e-04 6.382085524687345236e-04 6.386710469185808347e-04 6.389098060266132969e-04 6.396905774553642834e-04 6.406707077528890409e-04 6.419537352031516250e-04 6.433055800962658851e-04 6.451668560229673229e-04 6.472388795118412443e-04 6.491940827540664764e-04 6.512139784249305809e-04 6.520251158625423038e-04 6.506271534564315659e-04 6.448899878040365366e-04 6.384392071322918727e-04 6.365191543080219762e-04 6.376412083635553483e-04 6.394300014496666351e-04
6.344750759633992123e-04 6.356347472707261394e-04 6.362810163036744905e-04 6.369525417729876744e-04 6.375265332806174948e-04 6.377473119758924171e-04 6.384419109969041153e-04 6.388442645674663077e-04 6.395424353623561887e-04 6.400088245529797840e-04 6.402526248087547648e-04 6.410564769362173902e-04 6.420657640001066003e-04 6.433952925378592274e-04 6.448072294597022780e-04 6.467664571962286916e-04 6.489983526055813660e-04 6.512139784249305809e-04 6.535879069197764353e-04 6.546965243674769241e-04 6.534244825524930782e-04 6.474860969176702468e-04 6.405337332483422401e-04 6.382176301636093962e-04 6.391558252409409871e-04 6.408393938832568837e-04
6.351007469229540299e-04 6.362610172366754647e-04 6.369078313321727310e-04 6.375779963306765557e-04 6.381581368328688181e-04 6.383746061713335435e-04 6.390612095449003244e-04 6.394642716676925348e-04 6.401612956540401892e-04 6.406131348379775353e-04 6.408326242409955169e-04 6.416160673868238950e-04 6.426155628005118413e-04 6.439433643416617777e-04 6.453558121020017656e-04 6.473401385897116934e-04 6.496432933558959856e-04 6.520251158625423038e-04 6.546965243674769241e-04 6.562819876690396395e-04 6.554627100230290800e-04 6.496841582317716343e-04 6.422954290307852660e-04 6.392829572128676946e-04 6.399777103560449435e-04 6.415649038998088010e-04
6.345501838883025898e-04 6.357004696691425554e-04 6.363375492615420135e-04 6.369915000630671812e-04 6.375698116152865276e-04 6.377656372048578787e-04 6.384261836767066460e-04 6.388093699069971251e-04 6.394773485162862005e-04 6.398861319030483717e-04 6.400413848860553659e-04 6.407299364034395274e-04 6.416366968770146522e-04 6.428597431158564668e-04 6.441596706535273383e-04 6.460353950279570587e-04 6.482542629206776517e-04 6.506271534564315659e-04 6.534244825524930782e-04 6.554627100230290800e-04 6.555451527837212206e-04 6.506384794129749629e-04 6.432706693315803264e-04 6.394508915725454585e-04 6.397249884561485725e-04 6.411076204816361498e-04
6.309839565391870504e-04 6.321224639083384373e-04 6.327267344845417764e-04 6.333487048285535350e-04 6.338999776976579105e-04 6.340612864147950924e-04 6.346779548528605659e-04 6.350170888678454643e-04 6.356260294029578541e-04 6.359752542286682773e-04 6.360404172021412580e-04 6.365651459997403614e-04 6.372996724095147036e-04 6.383069874404611547e-04 6.393609231673887290e-04 6.409421227174391059e-04 6.428366935444547589e-04 6.448899878040365366e-04 6.474860969176702468e-04 6.496841582317716343e-04 6.506384794129749629e-04 6.475162983429513623e-04 6.412894358670929258e-04 6.370564955247339780e-04 6.364614250904999677e-04 6.375150756952759588e-04
6.265258417378058225e-04 6.276806803626228289e-04 6.282263502888785905e-04 6.288282960017689983e-04 6.293552790071283353e-04 6.294868048979823140e-04 6.300690640203987112e-04 6.303704616824244928e-04 6.309244262506424677e-04 6.312472447377357561e-04 6.312718970107301063e-04 6.316889366036264027e-04 6.322991762922017690e-04 6.331442697385151423e-04 6.340072056212532224e-04 6.353211216375849847e-04 6.368616430429547811e-04 6.384392071322918727e-04 6.405337332483422401e-04 6.422954290307852660e-04 6.432706693315803264e-04 6.412894358670929258e-04 6.371787075830951611e-04 6.341306869340570564e-04 6.327572344865192450e-04 6.332262948167656979e-04
6.254099102849728893e-04 6.265713697679603121e-04 6.270700952567376902e-04 6.276758167362864139e-04 6.281628660805433631e-04 6.282896668727642325e-04 6.288610439699328196e-04 6.291340097783532006e-04 6.296607010902286090e-04 6.299722789096143900e-04 6.300006000735592282e-04 6.304052913436560207e-04 6.309649787464121761e-04 6.317648828156741244e-04 6.325771760601019882e-04 6.338107478423902867e-04 6.352275359130782730e-04 6.365191543080219762e-04 6.382176301636093962e-04 6.392829572128676946e-04 6.394508915725454585e-04 6.370564955247339780e-04 6.341306869340570564e-04 6.338327516667556115e-04 6.332807309601501096e-04 6.328618451394207650e-04
6.268121709285835990e-04 6.279463106212297956e-04 6.284657062163921497e-04 6.290805617561907870e-04 6.295490924012360490e-04 6.296800773307781492e-04 6.302531052405926058e-04 6.305025575844423920e-04 6.310238054623031707e-04 6.313073444396673315e-04 6.313137915975890104e-04 6.317263046661705361e-04 6.322845305545390969e-04 6.330831543119317187e-04 6.338620886524803325e-04 6.350802980406841441e-04 6.364537312013573154e-04 6.376412083635553483e-04 6.391558252409409871e-04 6.399777103560449435e-04 6.397249884561485725e-04 6.364614250904999677e-04 6.327572344865192450e-04 6.332807309601501096e-04 6.359139315730101332e-04 6.363650236185190972e-04
6.287266676960186164e-04 6.298569567725347158e-04 6.303990018484075149e-04 6.309906629696483650e-04 6.314844361924421652e-04 6.316074966886661745e-04 6.321946732313361156e-04 6.324676649247940995e-04 6.330075346734511223e-04 6.332955106542099716e-04 6.332921240186713437e-04 6.337164124257157463e-04 6.342970742120672932e-04 6.351047663462857425e-04 6.358546179299349099e-04 6.370116526114782485e-04 6.382990656599726257e-04 6.394300014496666351e-04 6.408393938832568837e-04 6.415649038998088010e-04 6.411076204816361498e-04 6.375150756952759588e-04 6.332262948167656979e-04 6.328618451394207650e-04 6.363650236185190972e-04 6.399210982116700260e-04
