3.904368316866104502e-04 3.870638792778100033e-04 3.848450704887787467e-04 3.825417438521040671e-04 3.800721101002640999e-04 3.782703976366329256e-04 3.766012891537859927e-04 3.753313748470803114e-04 3.738504504745438503e-04 3.726667935628869108e-04 3.716118514865853861e-04 3.706971892339932400e-04 3.702391863828622862e-04 3.702546988077769262e-04 3.704300172255242727e-04 3.708432194525811479e-04 3.714046337352222690e-04 3.724467869691983220e-04 3.731699852821401819e-04 3.731986319892499279e-04 3.729263674427042339e-04 3.720377435878524544e-04 3.716402275504101680e-04 3.721192611762600007e-04 3.722789156920724356e-04 3.729305137144562775e-04
3.870638792778100033e-04 3.837956174321531825e-04 3.815792719474585303e-04 3.792902097982177073e-04 3.768457949613542870e-04 3.750654713080919475e-04 3.734121761900895315e-04 3.721544448780854625e-04 3.706922514463714224e-04 3.695253335848419293e-04 3.684862926050887135e-04 3.675866182278487299e-04 3.671396326758674753e-04 3.671639677764558648e-04 3.673505882541240803e-04 3.677686626336205337e-04 3.683284992917897310e-04 3.693652459421306188e-04 3.700919588508491068e-04 3.701114877635935745e-04 3.698187902770155963e-04 3.689001409703220806e-04 3.684730266290274004e-04 3.689207518802121283e-04 3.690926199843429538e-04 3.697372535233741969e-04
3.848450704887787467e-04 3.815792719474585303e-04 3.794276219593671986e-04 3.771380372289542468e-04 3.747053736655673174e-04 3.729373491904372506e-04 3.712950613723720299e-04 3.700451277226953742e-04 3.685917218759946715e-04 3.674283352882280014e-04 3.663955606915227699e-04 3.654988054291521547e-04 3.650517396582146396e-04 3.650716995623120111e-04 3.652528306575423623e-04 3.656630395415433918e-04 3.662191305770007483e-04 3.672519988485945181e-04 3.679771842658658755e-04 3.680034702631632018e-04 3.677149877783546044e-04 3.668062328716872227e-04 3.663830006206653220e-04 3.668532769592071341e-04 3.670287649329785412e-04 3.676278617496360414e-04
3.825417438521040671e-04 3.792902097982177073e-04 3.771380372289542468e-04 3.749051078448073331e-04 3.724811107288183943e-04 3.707247662013054830e-04 3.690919087741684331e-04 3.678508933740338451e-04 3.664041875781094281e-04 3.652490996708635212e-04 3.642226776347299959e-04 3.633324232693778909e-04 3.628900780044751564e-04 3.629122265339613596e-04 3.630963335862432448e-04 3.635099263973594645e-04 3.640655685434243129e-04 3.650942983810918051e-04 3.658170284580113899e-04 3.658453830552002486e-04 3.655556343384380518e-04 3.646474141996303847e-04 3.642283941774297610e-04 3.646804410215144857e-04 3.648470108533366334e-04 3.654528685237116059e-04
3.800721101002640999e-04 3.768457949613542870e-04 3.747053736655673174e-04 3.724811107288183943e-04 3.701016876909804542e-04 3.683562022542853360e-04 3.667367592588314184e-04 3.655056351461714610e-04 3.640719225895361713e-04 3.629268733354443417e-04 3.619102197080575293e-04 3.610285852004153613e-04 3.605900820711400740e-04 3.606140721690770162e-04 3.607970457277479177e-04 3.612075368550439263e-04 3.617557624561810992e-04 3.627765370206876682e-04 3.634947399128682388e-04 3.635169696101777726e-04 3.632126673146754870e-04 3.623013178511540200e-04 3.618727508450820802e-04 3.623197664548095573e-04 3.624869300960150429e-04 3.631059795610945789e-04
3.782703976366329256e-04 3.750654713080919475e-04 3.729373491904372506e-04 3.707247662013054830e-04 3.683562022542853360e-04 3.666441764876615162e-04 3.650320120923142894e-04 3.638077331152170875e-04 3.623834271993887413e-04 3.612482060758436127e-04 3.602402904488292198e-04 3.593671044919451835e-04 3.589359705896991658e-04 3.589624594445530912e-04 3.591455246325023221e-04 3.595528878059463425e-04 3.600945911524724985e-04 3.611113741839123222e-04 3.618299909817404960e-04 3.618481984895916882e-04 3.615272303120439009e-04 3.606153562622832942e-04 3.602031904757785623e-04 3.606462990088609680e-04 3.607882407975272245e-04 3.614078023292521401e-04
3.766012891537859927e-04 3.734121761900895315e-04 3.712950613723720299e-04 3.690919087741684331e-04 3.667367592588314184e-04 3.650320120923142894e-04 3.634507309071011443e-04 3.622352991307243447e-04 3.608234824989308624e-04 3.596983360278091860e-04 3.586996505435347069e-04 3.578322905866944490e-04 3.574098131549333004e-04 3.574396458161543835e-04 3.576220317884063653e-04 3.580246561995727335e-04 3.585632196679479507e-04 3.595757336556906682e-04 3.602932826625988134e-04 3.603060632247231617e-04 3.599711097524762584e-04 3.590466761010980851e-04 3.586286222146403756e-04 3.590729598687194949e-04 3.592184070470023482e-04 3.598223795648500755e-04
3.753313748470803114e-04 3.721544448780854625e-04 3.700451277226953742e-04 3.678508933740338451e-04 3.655056351461714610e-04 3.638077331152170875e-04 3.622352991307243447e-04 3.610452918484747457e-04 3.596435687104293749e-04 3.585290696220730356e-04 3.575395690887796067e-04 3.566826254257508323e-04 3.562685010102588042e-04 3.563042960920481195e-04 3.564886469958823451e-04 3.568890606747907577e-04 3.574241980715797120e-04 3.584287975324097330e-04 3.591361714948042771e-04 3.591421594154040118e-04 3.587960728071894071e-04 3.578554271592262527e-04 3.574207584334935833e-04 3.578525476834996553e-04 3.580170662708333012e-04 3.586150329315532714e-04
3.738504504745438503e-04 3.706922514463714224e-04 3.685917218759946715e-04 3.664041875781094281e-04 3.640719225895361713e-04 3.623834271993887413e-04 3.608234824989308624e-04 3.596435687104293749e-04 3.582679539108654491e-04 3.571659329053042224e-04 3.561884531754569167e-04 3.553448979881682589e-04 3.549416783045310350e-04 3.549862063290896703e-04 3.551789772687707295e-04 3.555840072991388215e-04 3.561187132616324227e-04 3.571190682339921672e-04 3.578209471178747550e-04 3.578170691263000817e-04 3.574520682035030859e-04 3.564790283308559853e-04 3.560294855370346799e-04 3.564501802886959367e-04 3.566155691794874096e-04 3.572107897875562675e-04
3.726667935628869108e-04 3.695253335848419293e-04 3.674283352882280014e-04 3.652490996708635212e-04 3.629268733354443417e-04 3.612482060758436127e-04 3.596983360278091860e-04 3.585290696220730356e-04 3.571659329053042224e-04 3.560915622029386658e-04 3.551302808041783545e-04 3.543014086962651527e-04 3.539132361098211725e-04 3.539673790581406780e-04 3.541676070592625174e-04 3.545741200690625183e-04 3.551070257068945804e-04 3.561034598732169560e-04 3.568052748844103422e-04 3.567992480546800242e-04 3.564158354217244291e-04 3.554152149567371276e-04 3.549402000146705568e-04 3.553356275121451907e-04 3.555066269596617121e-04 3.560956481775924489e-04
3.716118514865853861e-04 3.684862926050887135e-04 3.663955606915227699e-04 3.642226776347299959e-04 3.619102197080575293e-04 3.602402904488292198e-04 3.586996505435347069e-04 3.575395690887796067e-04 3.561884531754569167e-04 3.551302808041783545e-04 3.541993268190326942e-04 3.533935034938003863e-04 3.530235737729356285e-04 3.530914204738595449e-04 3.533030676148998057e-04 3.537169426117249072e-04 3.542493236632861166e-04 3.552410914918499129e-04 3.559365795709799147e-04 3.559254845953710921e-04 3.555156214051218445e-04 3.544741842852857836e-04 3.539727793120159933e-04 3.543417671224540887e-04 3.545267578198563196e-04 3.551205380525153041e-04
3.706971892339932400e-04 3.675866182278487299e-04 3.654988054291521547e-04 3.633324232693778909e-04 3.610285852004153613e-04 3.593671044919451835e-04 3.578322905866944490e-04 3.566826254257508323e-04 3.553448979881682589e-04 3.543014086962651527e-04 3.533935034938003863e-04 3.526251439591262149e-04 3.522806559100582092e-04 3.523703141185257487e-04 3.525969838137669944e-04 3.530225224664605395e-04 3.535611844663602218e-04 3.545565009336035830e-04 3.552496978652148617e-04 3.552291787883015296e-04 3.547826234913261604e-04 3.536755119816909474e-04 3.531300906574688387e-04 3.534697563971874248e-04 3.536826081298953105e-04 3.542834693562762799e-04
3.702391863828622862e-04 3.671396326758674753e-04 3.650517396582146396e-04 3.628900780044751564e-04 3.605900820711400740e-04 3.589359705896991658e-04 3.574098131549333004e-04 3.562685010102588042e-04 3.549416783045310350e-04 3.539132361098211725e-04 3.530235737729356285e-04 3.522806559100582092e-04 3.519750751661843971e-04 3.520953868750833159e-04 3.523422535351179307e-04 3.527816582175902780e-04 3.533232624832245055e-04 3.543179607635538273e-04 3.550060897500176347e-04 3.549706171348467770e-04 3.544839936824071376e-04 3.533033226986879364e-04 3.527239953697618646e-04 3.530520041236287054e-04 3.532964752070657686e-04 3.538976455694065699e-04
3.702546988077769262e-04 3.671639677764558648e-04 3.650716995623120111e-04 3.629122265339613596e-04 3.606140721690770162e-04 3.589624594445530912e-04 3.574396458161543835e-04 3.563042960920481195e-04 3.549862063290896703e-04 3.539673790581406780e-04 3.530914204738595449e-04 3.523703141185257487e-04 3.520953868750833159e-04 3.522708099487779280e-04 3.525592151703904674e-04 3.530350148493771232e-04 3.535960969028802180e-04 3.546040506952671660e-04 3.552911258064386552e-04 3.552438973620897331e-04 3.547161815758476024e-04 3.534519550576957036e-04 3.528307675622301869e-04 3.531423440887221160e-04 3.534070153851659869e-04 3.539901673719514667e-04
3.704300172255242727e-04 3.673505882541240803e-04 3.652528306575423623e-04 3.630963335862432448e-04 3.607970457277479177e-04 3.591455246325023221e-04 3.576220317884063653e-04 3.564886469958823451e-04 3.551789772687707295e-04 3.541676070592625174e-04 3.533030676148998057e-04 3.525969838137669944e-04 3.523422535351179307e-04 3.525592151703904674e-04 3.529138525529999315e-04 3.534505967061788247e-04 3.540489073139761029e-04 3.550748854057424663e-04 3.557608939531529263e-04 3.556984992383620172e-04 3.551276277477695138e-04 3.537661994192739957e-04 3.530876399818750331e-04 3.533799973811700234e-04 3.536680097551206641e-04 3.542477599994481655e-04
3.708432194525811479e-04 3.677686626336205337e-04 3.656630395415433918e-04 3.635099263973594645e-04 3.612075368550439263e-04 3.595528878059463425e-04 3.580246561995727335e-04 3.568890606747907577e-04 3.555840072991388215e-04 3.545741200690625183e-04 3.537169426117249072e-04 3.530225224664605395e-04 3.527816582175902780e-04 3.530350148493771232e-04 3.534505967061788247e-04 3.540884899311719822e-04 3.547618314336477199e-04 3.558308420334110552e-04 3.565295909108588874e-04 3.564518636656796970e-04 3.558315977831830092e-04 3.543423807568919478e-04 3.535838124232382543e-04 3.538569200894465215e-04 3.541624117371749958e-04 3.547281913889808449e-04
3.714046337352222690e-04 3.683284992917897310e-04 3.662191305770007483e-04 3.640655685434243129e-04 3.617557624561810992e-04 3.600945911524724985e-04 3.585632196679479507e-04 3.574241980715797120e-04 3.561187132616324227e-04 3.551070257068945804e-04 3.542493236632861166e-04 3.535611844663602218e-04 3.533232624832245055e-04 3.535960969028802180e-04 3.540489073139761029e-04 3.547618314336477199e-04 3.555540220170399428e-04 3.567164249475644191e-04 3.574673723091482849e-04 3.574049206411333379e-04 3.567677801816871797e-04 3.551540865327810440e-04 3.542614724193777890e-04 3.544996943757479629e-04 3.548216536409659074e-04 3.553462727797569894e-04
3.724467869691983220e-04 3.693652459421306188e-04 3.672519988485945181e-04 3.650942983810918051e-04 3.627765370206876682e-04 3.611113741839123222e-04 3.595757336556906682e-04 3.584287975324097330e-04 3.571190682339921672e-04 3.561034598732169560e-04 3.552410914918499129e-04 3.545565009336035830e-04 3.543179607635538273e-04 3.546040506952671660e-04 3.550748854057424663e-04 3.558308420334110552e-04 3.567164249475644191e-04 3.580408776116540378e-04 3.589153863757171348e-04 3.589002024088878235e-04 3.582569230454293635e-04 3.565239964722455670e-04 3.554563964111291620e-04 3.556384161969210829e-04 3.559403891990603605e-04 3.564017686140443235e-04
3.731699852821401819e-04 3.700919588508491068e-04 3.679771842658658755e-04 3.658170284580113899e-04 3.634947399128682388e-04 3.618299909817404960e-04 3.602932826625988134e-04 3.591361714948042771e-04 3.578209471178747550e-04 3.568052748844103422e-04 3.559365795709799147e-04 3.552496978652148617e-04 3.550060897500176347e-04 3.552911258064386552e-04 3.557608939531529263e-04 3.565295909108588874e-04 3.574673723091482849e-04 3.589153863757171348e-04 3.599965201883761120e-04 3.601233626642964423e-04 3.595418637312956930e-04 3.577323380741754080e-04 3.564189062467251258e-04 3.564473050156271466e-04 3.567075477631824671e-04 3.571578526364457503e-04
3.731986319892499279e-04 3.701114877635935745e-04 3.680034702631632018e-04 3.658453830552002486e-04 3.635169696101777726e-04 3.618481984895916882e-04 3.603060632247231617e-04 3.591421594154040118e-04 3.578170691263000817e-04 3.567992480546800242e-04 3.559254845953710921e-04 3.552291787883015296e-04 3.549706171348467770e-04 3.552438973620897331e-04 3.556984992383620172e-04 3.564518636656796970e-04 3.574049206411333379e-04 3.589002024088878235e-04 3.601233626642964423e-04 3.605171784085111405e-04 3.601529146521509784e-04 3.583981470298494565e-04 3.568362798281371939e-04 3.565928237499489260e-04 3.567978986000285404e-04 3.572413288488128220e-04
3.729263674427042339e-04 3.698187902770155963e-04 3.677149877783546044e-04 3.655556343384380518e-04 3.632126673146754870e-04 3.615272303120439009e-04 3.599711097524762584e-04 3.587960728071894071e-04 3.574520682035030859e-04 3.564158354217244291e-04 3.555156214051218445e-04 3.547826234913261604e-04 3.544839936824071376e-04 3.547161815758476024e-04 3.551276277477695138e-04 3.558315977831830092e-04 3.567677801816871797e-04 3.582569230454293635e-04 3.595418637312956930e-04 3.601529146521509784e-04 3.602286338879334433e-04 3.588115455570949465e-04 3.571761852766443517e-04 3.565786101653999497e-04 3.566086325886637007e-04 3.570153468708628396e-04
3.720377435878524544e-04 3.689001409703220806e-04 3.668062328716872227e-04 3.646474141996303847e-04 3.623013178511540200e-04 3.606153562622832942e-04 3.590466761010980851e-04 3.578554271592262527e-04 3.564790283308559853e-04 3.554152149567371276e-04 3.544741842852857836e-04 3.536755119816909474e-04 3.533033226986879364e-04 3.534519550576957036e-04 3.537661994192739957e-04 3.543423807568919478e-04 3.551540865327810440e-04 3.565239964722455670e-04 3.577323380741754080e-04 3.583981470298494565e-04 3.588115455570949465e-04 3.581672628388926334e-04 3.570147055846750045e-04 3.562710996764214860e-04 3.558466877427538541e-04 3.561930391245802401e-04
3.716402275504101680e-04 3.684730266290274004e-04 3.663830006206653220e-04 3.642283941774297610e-04 3.618727508450820802e-04 3.602031904757785623e-04 3.586286222146403756e-04 3.574207584334935833e-04 3.560294855370346799e-04 3.549402000146705568e-04 3.539727793120159933e-04 3.531300906574688387e-04 3.527239953697618646e-04 3.528307675622301869e-04 3.530876399818750331e-04 3.535838124232382543e-04 3.542614724193777890e-04 3.554563964111291620e-04 3.564189062467251258e-04 3.568362798281371939e-04 3.571761852766443517e-04 3.570147055846750045e-04 3.569377948338863047e-04 3.567704777509978485e-04 3.558467842704087013e-04 3.559624445618093263e-04
3.721192611762600007e-04 3.689207518802121283e-04 3.668532769592071341e-04 3.646804410215144857e-04 3.623197664548095573e-04 3.606462990088609680e-04 3.590729598687194949e-04 3.578525476834996553e-04 3.564501802886959367e-04 3.553356275121451907e-04 3.543417671224540887e-04 3.534697563971874248e-04 3.530520041236287054e-04 3.531423440887221160e-04 3.533799973811700234e-04 3.538569200894465215e-04 3.544996943757479629e-04 3.556384161969210829e-04 3.564473050156271466e-04 3.565928237499489260e-04 3.565786101653999497e-04 3.562710996764214860e-04 3.567704777509978485e-04 3.578947692657973153e-04 3.571402474974159393e-04 3.567546056399722347e-04
3.722789156920724356e-04 3.690926199843429538e-04 3.670287649329785412e-04 3.648470108533366334e-04 3.624869300960150429e-04 3.607882407975272245e-04 3.592184070470023482e-04 3.580170662708333012e-04 3.566155691794874096e-04 3.555066269596617121e-04 3.545267578198563196e-04 3.536826081298953105e-04 3.532964752070657686e-04 3.534070153851659869e-04 3.536680097551206641e-04 3.541624117371749958e-04 3.548216536409659074e-04 3.559403891990603605e-04 3.567075477631824671e-04 3.567978986000285404e-04 3.566086325886637007e-04 3.558466877427538541e-04 3.558467842704087013e-04 3.571402474974159393e-04 3.579404093216091102e-04 3.577253587470703884e-04
3.729305137144562775e-04 3.697372535233741969e-04 3.676278617496360414e-04 3.654528685237116059e-04 3.631059795610945789e-04 3.614078023292521401e-04 3.598223795648500755e-04 3.586150329315532714e-04 3.572107897875562675e-04 3.560956481775924489e-04 3.551205380525153041e-04 3.542834693562762799e-04 3.538976455694065699e-04 3.539901673719514667e-04 3.542477599994481655e-04 3.547281913889808449e-04 3.553462727797569894e-04 3.564017686140443235e-04 3.571578526364457503e-04 3.572413288488128220e-04 3.570153468708628396e-04 3.561930391245802401e-04 3.559624445618093263e-04 3.567546056399722347e-04 3.577253587470703884e-04 3.589592733296494446e-04
