3.044949159298764745e-04 3.044610909180469737e-04 3.042060845452496608e-04 3.036886994451029479e-04 3.033956264555201943e-04 3.030830884363484119e-04 3.027255310692610491e-04 3.024232087405234162e-04 3.021401827093639185e-04 3.018112376593803763e-04 3.015468111718067837e-04 3.014017839025768804e-04 3.014516359171452741e-04 3.013786628773356909e-04 3.013390626658605880e-04 3.012959395409087584e-04 3.011353841221829641e-04 3.013833074586594546e-04 3.019315560791240114e-04 3.023633441036470979e-04 3.029333756488264114e-04 3.038217307329760990e-04 3.041965772009116455e-04 3.032139274228373509e-04 3.023582259159741546e-04 3.025324955898883511e-04
3.044610909180469737e-04 3.044963618381120105e-04 3.042215583891119939e-04 3.036979192173589305e-04 3.034001196484894147e-04 3.030862636246336160e-04 3.027286752610603847e-04 3.024228828329861849e-04 3.021352641697975616e-04 3.017998636256613294e-04 3.015299783113695024e-04 3.013750181443432263e-04 3.014202504680611652e-04 3.013449971789423855e-04 3.013021870730468689e-04 3.012529941979194743e-04 3.010917530499120543e-04 3.013313735348487283e-04 3.018744744064251039e-04 3.023039154976080839e-04 3.028884028610530745e-04 3.038020027779140099e-04 3.041873962046168917e-04 3.031850186947434309e-04 3.023448579976099350e-04 3.025213717020426660e-04
3.042060845452496608e-04 3.042215583891119939e-04 3.039948526558525839e-04 3.034588426785279707e-04 3.031647693465008668e-04 3.028504518590224913e-04 3.024950275767969215e-04 3.021909012707014400e-04 3.019054567855885651e-04 3.015744584770876035e-04 3.013076347289647076e-04 3.011592402361868001e-04 3.012058152464760943e-04 3.011294431582198878e-04 3.010885065883761483e-04 3.010439802295824239e-04 3.008861812182978468e-04 3.011289019037934642e-04 3.016820514643663541e-04 3.021198009873470318e-04 3.026947850273608784e-04 3.035747512197052881e-04 3.039313242267127125e-04 3.029354090730459440e-04 3.021032774048038440e-04 3.022765067621181940e-04
3.036886994451029479e-04 3.036979192173589305e-04 3.034588426785279707e-04 3.029604349753710563e-04 3.026604818846328430e-04 3.023449336414827738e-04 3.019907805961218939e-04 3.016874409089333057e-04 3.014048248268551625e-04 3.010735952868531318e-04 3.008075142577127433e-04 3.006606077812394649e-04 3.007109085662330308e-04 3.006358751035028429e-04 3.005955786473462027e-04 3.005518459265164193e-04 3.003967616036332697e-04 3.006427148970773535e-04 3.011923655582350893e-04 3.016197834572354342e-04 3.021778534130313142e-04 3.030464410001656506e-04 3.034106418873611859e-04 3.024244046592138827e-04 3.015835273373157575e-04 3.017711905748269642e-04
3.033956264555201943e-04 3.034001196484894147e-04 3.031647693465008668e-04 3.026604818846328430e-04 3.023844735503816846e-04 3.020667724302397565e-04 3.017116199126634369e-04 3.014103900395832618e-04 3.011283486583758869e-04 3.008007317720326110e-04 3.005359738111743799e-04 3.003896694015961927e-04 3.004411266022166986e-04 3.003659035525165812e-04 3.003283849895393141e-04 3.002885698682240161e-04 3.001344627735827160e-04 3.003751567174769098e-04 3.009186711192493200e-04 3.013389226003344076e-04 3.018829797396915642e-04 3.027410113870705743e-04 3.031068405550605403e-04 3.021223936277009012e-04 3.012867950151642714e-04 3.014686779378069064e-04
3.030830884363484119e-04 3.030862636246336160e-04 3.028504518590224913e-04 3.023449336414827738e-04 3.020667724302397565e-04 3.017697711241008429e-04 3.014140768613510083e-04 3.011144202859665693e-04 3.008347453140465229e-04 3.005107081010117802e-04 3.002476432267752967e-04 3.001040920891007071e-04 3.001550760112857278e-04 3.000787196799701412e-04 3.000409234087208598e-04 3.000003000559786268e-04 2.998447932367226832e-04 3.000896694246158033e-04 3.006395892122039359e-04 3.010607242505252421e-04 3.015962949201414804e-04 3.024477590478758362e-04 3.028061075920515069e-04 3.018099598875861335e-04 3.009813148592519220e-04 3.011784375927246244e-04
3.027255310692610491e-04 3.027286752610603847e-04 3.024950275767969215e-04 3.019907805961218939e-04 3.017116199126634369e-04 3.014140768613510083e-04 3.010770002712750450e-04 3.007791655162854526e-04 3.005024499718838269e-04 3.001811423479209986e-04 2.999205179753718651e-04 2.997793681431439169e-04 2.998327970478282221e-04 2.997593443946491658e-04 2.997216796810708373e-04 2.996776445682408337e-04 2.995198420689750853e-04 2.997624337851302872e-04 3.003068209625594023e-04 3.007154452248127566e-04 3.012327230626491619e-04 3.020699124035619077e-04 3.024267540110017554e-04 3.014532528436758758e-04 3.006365709376660270e-04 3.008332035887888644e-04
3.024232087405234162e-04 3.024228828329861849e-04 3.021909012707014400e-04 3.016874409089333057e-04 3.014103900395832618e-04 3.011144202859665693e-04 3.007791655162854526e-04 3.004979011159700296e-04 3.002252037555136477e-04 2.999074257040970008e-04 2.996513666804708799e-04 2.995153310972380948e-04 2.995736878236630158e-04 2.995034650434281998e-04 2.994674024666722236e-04 2.994235000128515943e-04 2.992684885376027280e-04 2.995119773511084908e-04 3.000528934800822715e-04 3.004481897499014812e-04 3.009395334073883678e-04 3.017595540913875951e-04 3.021197356335974930e-04 3.011604501982778777e-04 3.003484038363349556e-04 3.005367388852858658e-04
3.021401827093639185e-04 3.021352641697975616e-04 3.019054567855885651e-04 3.014048248268551625e-04 3.011283486583758869e-04 3.008347453140465229e-04 3.005024499718838269e-04 3.002252037555136477e-04 2.999701111159942162e-04 2.996580033830367534e-04 2.994084621182109161e-04 2.992786130325731536e-04 2.993409685022932194e-04 2.992726901911397586e-04 2.992365972580468179e-04 2.991904974129032521e-04 2.990287785422322668e-04 2.992661946118400614e-04 2.997986449741240136e-04 3.001755506911229295e-04 3.006416688803443789e-04 3.014475790874444352e-04 3.018079212379987737e-04 3.008512675409510733e-04 3.000486671869524659e-04 3.002437001367013326e-04
3.018112376593803763e-04 3.017998636256613294e-04 3.015744584770876035e-04 3.010735952868531318e-04 3.008007317720326110e-04 3.005107081010117802e-04 3.001811423479209986e-04 2.999074257040970008e-04 2.996580033830367534e-04 2.993650551457343375e-04 2.991257418984808749e-04 2.990052237786500438e-04 2.990779766781280990e-04 2.990195550463559137e-04 2.989929756682797152e-04 2.989528458711929204e-04 2.987954098601586445e-04 2.990339406777792501e-04 2.995615305589196067e-04 2.999234845556970072e-04 3.003528620836206221e-04 3.011200593413936055e-04 3.014622648187387775e-04 3.004968633522582056e-04 2.997134257981179102e-04 2.999297894739215062e-04
3.015468111718067837e-04 3.015299783113695024e-04 3.013076347289647076e-04 3.008075142577127433e-04 3.005359738111743799e-04 3.002476432267752967e-04 2.999205179753718651e-04 2.996513666804708799e-04 2.994084621182109161e-04 2.991257418984808749e-04 2.989086733457022938e-04 2.988041216626001408e-04 2.988899203163564253e-04 2.988426776231377867e-04 2.988270060968706114e-04 2.987959615615148477e-04 2.986470451512456188e-04 2.988906676460655011e-04 2.994184121040267647e-04 2.997731727334161981e-04 3.001689062328874685e-04 3.008897867627440773e-04 3.012005051306253733e-04 3.002164523083565811e-04 2.994475480065283881e-04 2.996922220908634438e-04
3.014017839025768804e-04 3.013750181443432263e-04 3.011592402361868001e-04 3.006606077812394649e-04 3.003896694015961927e-04 3.001040920891007071e-04 2.997793681431439169e-04 2.995153310972380948e-04 2.992786130325731536e-04 2.990052237786500438e-04 2.988041216626001408e-04 2.987288878340367613e-04 2.988361770397597204e-04 2.988055783954836038e-04 2.988049774379530118e-04 2.987873919276850328e-04 2.986494992068779901e-04 2.989041470247161963e-04 2.994359088105117859e-04 2.997826453580631156e-04 3.001324275460144262e-04 3.007858186857528446e-04 3.010515408314698199e-04 3.000540778773839686e-04 2.993069537652166497e-04 2.995782892788755362e-04
3.014516359171452741e-04 3.014202504680611652e-04 3.012058152464760943e-04 3.007109085662330308e-04 3.004411266022166986e-04 3.001550760112857278e-04 2.998327970478282221e-04 2.995736878236630158e-04 2.993409685022932194e-04 2.990779766781280990e-04 2.988899203163564253e-04 2.988361770397597204e-04 2.989791925700636802e-04 2.989784452192503924e-04 2.990025820666960383e-04 2.990049869316144617e-04 2.988849114134592097e-04 2.991550236045304985e-04 2.996926497351192799e-04 3.000254293161984647e-04 3.003155842976056879e-04 3.008792431109695510e-04 3.010823277461033027e-04 3.000695370437092839e-04 2.993739787788131748e-04 2.996890376781529254e-04
3.013786628773356909e-04 3.013449971789423855e-04 3.011294431582198878e-04 3.006358751035028429e-04 3.003659035525165812e-04 3.000787196799701412e-04 2.997593443946491658e-04 2.995034650434281998e-04 2.992726901911397586e-04 2.990195550463559137e-04 2.988426776231377867e-04 2.988055783954836038e-04 2.989784452192503924e-04 2.990233454724752662e-04 2.990855113041173590e-04 2.991158266588806965e-04 2.990132828521880064e-04 2.992968130577595759e-04 2.998381815091467136e-04 3.001542662103507059e-04 3.003835120601013389e-04 3.008489463752929546e-04 3.009891258565195295e-04 2.999679343590097558e-04 2.993156776849656290e-04 2.996642783453736555e-04
3.013390626658605880e-04 3.013021870730468689e-04 3.010885065883761483e-04 3.005955786473462027e-04 3.003283849895393141e-04 3.000409234087208598e-04 2.997216796810708373e-04 2.994674024666722236e-04 2.992365972580468179e-04 2.989929756682797152e-04 2.988270060968706114e-04 2.988049774379530118e-04 2.990025820666960383e-04 2.990855113041173590e-04 2.992005329654251109e-04 2.992779429465499178e-04 2.992085102720798244e-04 2.995124417034483819e-04 3.000619212349969907e-04 3.003631974530796001e-04 3.005253981154098336e-04 3.008753356087416251e-04 3.009466945622370584e-04 2.999266101487961804e-04 2.993135478178349305e-04 2.996850250027865720e-04
3.012959395409087584e-04 3.012529941979194743e-04 3.010439802295824239e-04 3.005518459265164193e-04 3.002885698682240161e-04 3.000003000559786268e-04 2.996776445682408337e-04 2.994235000128515943e-04 2.991904974129032521e-04 2.989528458711929204e-04 2.987959615615148477e-04 2.987873919276850328e-04 2.990049869316144617e-04 2.991158266588806965e-04 2.992779429465499178e-04 2.994344723522077557e-04 2.994341587236307081e-04 2.997840662927849431e-04 3.003616547648665859e-04 3.006696243639423198e-04 3.007683747508165645e-04 3.009714095344186678e-04 3.009312995592902380e-04 2.999164076747509516e-04 2.993477584766898671e-04 2.997290676040036020e-04
3.011353841221829641e-04 3.010917530499120543e-04 3.008861812182978468e-04 3.003967616036332697e-04 3.001344627735827160e-04 2.998447932367226832e-04 2.995198420689750853e-04 2.992684885376027280e-04 2.990287785422322668e-04 2.987954098601586445e-04 2.986470451512456188e-04 2.986494992068779901e-04 2.988849114134592097e-04 2.990132828521880064e-04 2.992085102720798244e-04 2.994341587236307081e-04 2.995403518931269915e-04 2.999788556477431495e-04 3.006103856089555569e-04 3.009440246959084421e-04 3.009976077457960763e-04 3.010450087755508716e-04 3.008476130871967072e-04 2.998191376763933947e-04 2.992908319848913701e-04 2.996695999452904618e-04
3.013833074586594546e-04 3.013313735348487283e-04 3.011289019037934642e-04 3.006427148970773535e-04 3.003751567174769098e-04 3.000896694246158033e-04 2.997624337851302872e-04 2.995119773511084908e-04 2.992661946118400614e-04 2.990339406777792501e-04 2.988906676460655011e-04 2.989041470247161963e-04 2.991550236045304985e-04 2.992968130577595759e-04 2.995124417034483819e-04 2.997840662927849431e-04 2.999788556477431495e-04 3.005661188660525211e-04 3.013188851556602662e-04 3.017122989966912168e-04 3.017468644284415679e-04 3.016310046716129357e-04 3.012041702716832122e-04 3.001317769874834438e-04 2.996777883104948816e-04 3.000749706131229156e-04
3.019315560791240114e-04 3.018744744064251039e-04 3.016820514643663541e-04 3.011923655582350893e-04 3.009186711192493200e-04 3.006395892122039359e-04 3.003068209625594023e-04 3.000528934800822715e-04 2.997986449741240136e-04 2.995615305589196067e-04 2.994184121040267647e-04 2.994359088105117859e-04 2.996926497351192799e-04 2.998381815091467136e-04 3.000619212349969907e-04 3.003616547648665859e-04 3.006103856089555569e-04 3.013188851556602662e-04 3.022618797586295648e-04 3.027933490769768913e-04 3.028531498195505462e-04 3.026116779342450844e-04 3.019237004454623221e-04 3.007555172531951263e-04 3.003575022382425964e-04 3.007661199177657130e-04
3.023633441036470979e-04 3.023039154976080839e-04 3.021198009873470318e-04 3.016197834572354342e-04 3.013389226003344076e-04 3.010607242505252421e-04 3.007154452248127566e-04 3.004481897499014812e-04 3.001755506911229295e-04 2.999234845556970072e-04 2.997731727334161981e-04 2.997826453580631156e-04 3.000254293161984647e-04 3.001542662103507059e-04 3.003631974530796001e-04 3.006696243639423198e-04 3.009440246959084421e-04 3.017122989966912168e-04 3.027933490769768913e-04 3.036073724878634791e-04 3.038998932249014858e-04 3.036875431479377804e-04 3.027639785412002734e-04 3.013468594578844434e-04 3.009357876289496959e-04 3.013268393597095390e-04
3.029333756488264114e-04 3.028884028610530745e-04 3.026947850273608784e-04 3.021778534130313142e-04 3.018829797396915642e-04 3.015962949201414804e-04 3.012327230626491619e-04 3.009395334073883678e-04 3.006416688803443789e-04 3.003528620836206221e-04 3.001689062328874685e-04 3.001324275460144262e-04 3.003155842976056879e-04 3.003835120601013389e-04 3.005253981154098336e-04 3.007683747508165645e-04 3.009976077457960763e-04 3.017468644284415679e-04 3.028531498195505462e-04 3.038998932249014858e-04 3.047153771452504128e-04 3.049425619804260030e-04 3.040722912331411849e-04 3.022597537940253346e-04 3.016061921315304106e-04 3.019045537601107660e-04
3.038217307329760990e-04 3.038020027779140099e-04 3.035747512197052881e-04 3.030464410001656506e-04 3.027410113870705743e-04 3.024477590478758362e-04 3.020699124035619077e-04 3.017595540913875951e-04 3.014475790874444352e-04 3.011200593413936055e-04 3.008897867627440773e-04 3.007858186857528446e-04 3.008792431109695510e-04 3.008489463752929546e-04 3.008753356087416251e-04 3.009714095344186678e-04 3.010450087755508716e-04 3.016310046716129357e-04 3.026116779342450844e-04 3.036875431479377804e-04 3.049425619804260030e-04 3.060673620458217981e-04 3.058492443080051601e-04 3.037854434865817064e-04 3.025704583941608438e-04 3.027187626373341951e-04
3.041965772009116455e-04 3.041873962046168917e-04 3.039313242267127125e-04 3.034106418873611859e-04 3.031068405550605403e-04 3.028061075920515069e-04 3.024267540110017554e-04 3.021197356335974930e-04 3.018079212379987737e-04 3.014622648187387775e-04 3.012005051306253733e-04 3.010515408314698199e-04 3.010823277461033027e-04 3.009891258565195295e-04 3.009466945622370584e-04 3.009312995592902380e-04 3.008476130871967072e-04 3.012041702716832122e-04 3.019237004454623221e-04 3.027639785412002734e-04 3.040722912331411849e-04 3.058492443080051601e-04 3.068314722110428139e-04 3.051111200924110046e-04 3.031267231281718961e-04 3.030350040452830444e-04
3.032139274228373509e-04 3.031850186947434309e-04 3.029354090730459440e-04 3.024244046592138827e-04 3.021223936277009012e-04 3.018099598875861335e-04 3.014532528436758758e-04 3.011604501982778777e-04 3.008512675409510733e-04 3.004968633522582056e-04 3.002164523083565811e-04 3.000540778773839686e-04 3.000695370437092839e-04 2.999679343590097558e-04 2.999266101487961804e-04 2.999164076747509516e-04 2.998191376763933947e-04 3.001317769874834438e-04 3.007555172531951263e-04 3.013468594578844434e-04 3.022597537940253346e-04 3.037854434865817064e-04 3.051111200924110046e-04 3.045842949702113928e-04 3.027590493714431242e-04 3.021854890341780695e-04
3.023582259159741546e-04 3.023448579976099350e-04 3.021032774048038440e-04 3.015835273373157575e-04 3.012867950151642714e-04 3.009813148592519220e-04 3.006365709376660270e-04 3.003484038363349556e-04 3.000486671869524659e-04 2.997134257981179102e-04 2.994475480065283881e-04 2.993069537652166497e-04 2.993739787788131748e-04 2.993156776849656290e-04 2.993135478178349305e-04 2.993477584766898671e-04 2.992908319848913701e-04 2.996777883104948816e-04 3.003575022382425964e-04 3.009357876289496959e-04 3.016061921315304106e-04 3.025704583941608438e-04 3.031267231281718961e-04 3.027590493714431242e-04 3.025063883133796271e-04 3.021672182888466293e-04
3.025324955898883511e-04 3.025213717020426660e-04 3.022765067621181940e-04 3.017711905748269642e-04 3.014686779378069064e-04 3.011784375927246244e-04 3.008332035887888644e-04 3.005367388852858658e-04 3.002437001367013326e-04 2.999297894739215062e-04 2.996922220908634438e-04 2.995782892788755362e-04 2.996890376781529254e-04 2.996642783453736555e-04 2.996850250027865720e-04 2.997290676040036020e-04 2.996695999452904618e-04 3.000749706131229156e-04 3.007661199177657130e-04 3.013268393597095390e-04 3.019045537601107660e-04 3.027187626373341951e-04 3.030350040452830444e-04 3.021854890341780695e-04 3.021672182888466293e-04 3.032259844854574143e-04
