3.508434942404243997e-04 3.509655127826876884e-04 3.507615989024583320e-04 3.503051328399429585e-04 3.496932887461639563e-04 3.495000561206228359e-04 3.493228461038409621e-04 3.491576783430615769e-04 3.487117335889302456e-04 3.487359563399363067e-04 3.485379098316679597e-04 3.485777831127002632e-04 3.487107918924389522e-04 3.490849818011867848e-04 3.498143057822753637e-04 3.504937166737194542e-04 3.513351590211444882e-04 3.525430705530568074e-04 3.534306961158217332e-04 3.538173434057586132e-04 3.534974397089910405e-04 3.524272369339597486e-04 3.520471076757248079e-04 3.522943010385134652e-04 3.525015388073169786e-04 3.532308960923911034e-04
3.509655127826876884e-04 3.511599388175517785e-04 3.509378163997805200e-04 3.504860495995054974e-04 3.498754682624556460e-04 3.496826920727172535e-04 3.495052049003752131e-04 3.493430367426926075e-04 3.488985905537666881e-04 3.489255033352645107e-04 3.487312267810771180e-04 3.487785634070783157e-04 3.489179379234073094e-04 3.492967452582734127e-04 3.500321626813197081e-04 3.507153439489536068e-04 3.515673326874834683e-04 3.527884439053135331e-04 3.536852213301402092e-04 3.540604111634906869e-04 3.537175030741942562e-04 3.526274914528560009e-04 3.522357001409215892e-04 3.524978454474741920e-04 3.526987337274145769e-04 3.534159529683988444e-04
3.507615989024583320e-04 3.509378163997805200e-04 3.507638630828592259e-04 3.503019020812714627e-04 3.496899125206617137e-04 3.494991149972110495e-04 3.493180234860126057e-04 3.491562268408797821e-04 3.487103904701275453e-04 3.487372769935042022e-04 3.485450189188279480e-04 3.485929589787752406e-04 3.487291791972815130e-04 3.491043802948195986e-04 3.498385327877835574e-04 3.505216259146416366e-04 3.513689729091159695e-04 3.525841871719772691e-04 3.534787986587424992e-04 3.538612027219978991e-04 3.535263668189809008e-04 3.524480006643396202e-04 3.520625992248784756e-04 3.523065920102210489e-04 3.525139385218938721e-04 3.532259816309153678e-04
3.503051328399429585e-04 3.504860495995054974e-04 3.503019020812714627e-04 3.498806928053316083e-04 3.492612740371671604e-04 3.490703821633709802e-04 3.488890506171060061e-04 3.487291731054061907e-04 3.482861646272831656e-04 3.483122256800651661e-04 3.481217575764435903e-04 3.481713055337699262e-04 3.483094682885136406e-04 3.486837180634269921e-04 3.494124418753319600e-04 3.500894774985892680e-04 3.509306275826221577e-04 3.521440146762511896e-04 3.530390192374845224e-04 3.534179978055026865e-04 3.530820729130077764e-04 3.519859589635861369e-04 3.515829281791911357e-04 3.518401887734419389e-04 3.520594932876659213e-04 3.527824355924808657e-04
3.496932887461639563e-04 3.498754682624556460e-04 3.496899125206617137e-04 3.492612740371671604e-04 3.486711924857244585e-04 3.484780727728867223e-04 3.482966020616880482e-04 3.481390922861980200e-04 3.477004525003860600e-04 3.477283215195288305e-04 3.475401292921046609e-04 3.475937251158739113e-04 3.477335005462210346e-04 3.481099104593705852e-04 3.488394012914364803e-04 3.495162720002485701e-04 3.503596701136687760e-04 3.515740210171232143e-04 3.524657228012316760e-04 3.528404265767946563e-04 3.524856791461764547e-04 3.513766979601526505e-04 3.509740529786476099e-04 3.512271465222056811e-04 3.514535255462252969e-04 3.521926215867373007e-04
3.495000561206228359e-04 3.496826920727172535e-04 3.494991149972110495e-04 3.490703821633709802e-04 3.484780727728867223e-04 3.483079594771669452e-04 3.481241234778891035e-04 3.479706295404332017e-04 3.475343299684496281e-04 3.475640500289493753e-04 3.473783313593893293e-04 3.474337602949567312e-04 3.475746864810014551e-04 3.479514023581079755e-04 3.486778391650738372e-04 3.493523316832750688e-04 3.501907048092626085e-04 3.514021230312080048e-04 3.522940966219696062e-04 3.526717694550757579e-04 3.523140871707849692e-04 3.512009574287116957e-04 3.507952267377864694e-04 3.510465945509399339e-04 3.512644292067089685e-04 3.520026631931764505e-04
3.493228461038409621e-04 3.495052049003752131e-04 3.493180234860126057e-04 3.488890506171060061e-04 3.482966020616880482e-04 3.481241234778891035e-04 3.479605728654299205e-04 3.478099529130934068e-04 3.473787936762128795e-04 3.474113117523973328e-04 3.472288653883377481e-04 3.472872940335949409e-04 3.474330458034979494e-04 3.478138031841684105e-04 3.485410557653691654e-04 3.492170385134882706e-04 3.500565802017983463e-04 3.512694541672704428e-04 3.521589476663130290e-04 3.525287874234962087e-04 3.521606246993872337e-04 3.510422115478689892e-04 3.506334993928864074e-04 3.508758069883398715e-04 3.510817705914024236e-04 3.518167751015364151e-04
3.491576783430615769e-04 3.493430367426926075e-04 3.491562268408797821e-04 3.487291731054061907e-04 3.481390922861980200e-04 3.479706295404332017e-04 3.478099529130934068e-04 3.476801007869711677e-04 3.472547574936097410e-04 3.472894616230775742e-04 3.471116798664642235e-04 3.471751352415785924e-04 3.473264746749836875e-04 3.477107531659739134e-04 3.484387724441037029e-04 3.491158456236002168e-04 3.499582320889051547e-04 3.511694438923910772e-04 3.520566621261146840e-04 3.524232103437151395e-04 3.520435960023665092e-04 3.509022826790297021e-04 3.504760151554428831e-04 3.507044463886729553e-04 3.509226640746025304e-04 3.516650064424329332e-04
3.487117335889302456e-04 3.488985905537666881e-04 3.487103904701275453e-04 3.482861646272831656e-04 3.477004525003860600e-04 3.475343299684496281e-04 3.473787936762128795e-04 3.472547574936097410e-04 3.468521055147171135e-04 3.468948248048409522e-04 3.467244720803136656e-04 3.467947369824732990e-04 3.469536243649966583e-04 3.473442892146456950e-04 3.480768944434744789e-04 3.487573812807430841e-04 3.496030489057597385e-04 3.508157767159991161e-04 3.517029407631867138e-04 3.520614571293808736e-04 3.516567677447226636e-04 3.504770476648973372e-04 3.500233770812295558e-04 3.502373076640078646e-04 3.504717453990614708e-04 3.512161889308570224e-04
3.487359563399363067e-04 3.489255033352645107e-04 3.487372769935042022e-04 3.483122256800651661e-04 3.477283215195288305e-04 3.475640500289493753e-04 3.474113117523973328e-04 3.472894616230775742e-04 3.468948248048409522e-04 3.469553139470469357e-04 3.467947972771878869e-04 3.468742017741045314e-04 3.470436377353480414e-04 3.474413088963169819e-04 3.481772446511491900e-04 3.488568191550343129e-04 3.497016797629896629e-04 3.509147158769566942e-04 3.518038411995749281e-04 3.521582886801937753e-04 3.517364408452112014e-04 3.505313527171393046e-04 3.500660208870677429e-04 3.502658959894585115e-04 3.504999954854326862e-04 3.512431168534524764e-04
3.485379098316679597e-04 3.487312267810771180e-04 3.485450189188279480e-04 3.481217575764435903e-04 3.475401292921046609e-04 3.473783313593893293e-04 3.472288653883377481e-04 3.471116798664642235e-04 3.467244720803136656e-04 3.467947972771878869e-04 3.466597505808423547e-04 3.467550135201692197e-04 3.469398006562429042e-04 3.473505666636934127e-04 3.480952222798516771e-04 3.487781147207972610e-04 3.496256756977211377e-04 3.508421837527524070e-04 3.517272256378842742e-04 3.520747549438673122e-04 3.516308810032840715e-04 3.503892121254632949e-04 3.499068016697387648e-04 3.500906860475439192e-04 3.503260924627773229e-04 3.510513464387702599e-04
3.485777831127002632e-04 3.487785634070783157e-04 3.485929589787752406e-04 3.481713055337699262e-04 3.475937251158739113e-04 3.474337602949567312e-04 3.472872940335949409e-04 3.471751352415785924e-04 3.467947369824732990e-04 3.468742017741045314e-04 3.467550135201692197e-04 3.468790897801086646e-04 3.470852671891086895e-04 3.475141479509489032e-04 3.482719317690449365e-04 3.489637877265930875e-04 3.498203074324904164e-04 3.510465110432640077e-04 3.519339945053267973e-04 3.522790564466635253e-04 3.518043133321590958e-04 3.505058138551300231e-04 3.499848961993511825e-04 3.501418435956089436e-04 3.503927739851891337e-04 3.511161978276703191e-04
3.487107918924389522e-04 3.489179379234073094e-04 3.487291791972815130e-04 3.483094682885136406e-04 3.477335005462210346e-04 3.475746864810014551e-04 3.474330458034979494e-04 3.473264746749836875e-04 3.469536243649966583e-04 3.470436377353480414e-04 3.469398006562429042e-04 3.470852671891086895e-04 3.473297202678647818e-04 3.477894597553588788e-04 3.485687172136650862e-04 3.492737997178285139e-04 3.501416866258374528e-04 3.513722695668746506e-04 3.522560933061957334e-04 3.525903907941205446e-04 3.520799917856184632e-04 3.507115422748265749e-04 3.501505784221247320e-04 3.502870309186277543e-04 3.505622126428337973e-04 3.512838856930701318e-04
3.490849818011867848e-04 3.492967452582734127e-04 3.491043802948195986e-04 3.486837180634269921e-04 3.481099104593705852e-04 3.479514023581079755e-04 3.478138031841684105e-04 3.477107531659739134e-04 3.473442892146456950e-04 3.474413088963169819e-04 3.473505666636934127e-04 3.475141479509489032e-04 3.477894597553588788e-04 3.483012354202895703e-04 3.491237920283498720e-04 3.498595923608666287e-04 3.507506101208838155e-04 3.519976103810218198e-04 3.528842651711145361e-04 3.532080705022896993e-04 3.526566372879208055e-04 3.512014725314766624e-04 3.505918492228117869e-04 3.507082650943756270e-04 3.510042675659469130e-04 3.517121427641210643e-04
3.498143057822753637e-04 3.500321626813197081e-04 3.498385327877835574e-04 3.494124418753319600e-04 3.488394012914364803e-04 3.486778391650738372e-04 3.485410557653691654e-04 3.484387724441037029e-04 3.480768944434744789e-04 3.481772446511491900e-04 3.480952222798516771e-04 3.482719317690449365e-04 3.485687172136650862e-04 3.491237920283498720e-04 3.500161958952228178e-04 3.508096123358051032e-04 3.517414945726904515e-04 3.530120390672125056e-04 3.539083709839055967e-04 3.542190439208024516e-04 3.536245911189386565e-04 3.520726431612418070e-04 3.514048450590308748e-04 3.514927970414238705e-04 3.518108284179166027e-04 3.525108222040963628e-04
3.504937166737194542e-04 3.507153439489536068e-04 3.505216259146416366e-04 3.500894774985892680e-04 3.495162720002485701e-04 3.493523316832750688e-04 3.492170385134882706e-04 3.491158456236002168e-04 3.487573812807430841e-04 3.488568191550343129e-04 3.487781147207972610e-04 3.489637877265930875e-04 3.492737997178285139e-04 3.498595923608666287e-04 3.508096123358051032e-04 3.516916147012623351e-04 3.526974884928538753e-04 3.540132394299746804e-04 3.549289775239526396e-04 3.552326705608828926e-04 3.545875715245720922e-04 3.529143613509098769e-04 3.521671208283300527e-04 3.522364531318125289e-04 3.525622023507345333e-04 3.532420506211793169e-04
3.513351590211444882e-04 3.515673326874834683e-04 3.513689729091159695e-04 3.509306275826221577e-04 3.503596701136687760e-04 3.501907048092626085e-04 3.500565802017983463e-04 3.499582320889051547e-04 3.496030489057597385e-04 3.497016797629896629e-04 3.496256756977211377e-04 3.498203074324904164e-04 3.501416866258374528e-04 3.507506101208838155e-04 3.517414945726904515e-04 3.526974884928538753e-04 3.538175234537580178e-04 3.552221414792489248e-04 3.561910784806194153e-04 3.565101891476150377e-04 3.558313356828907473e-04 3.540160260480895954e-04 3.531368950028613077e-04 3.531741039048799701e-04 3.534983013302141403e-04 3.541454530177111175e-04
3.525430705530568074e-04 3.527884439053135331e-04 3.525841871719772691e-04 3.521440146762511896e-04 3.515740210171232143e-04 3.514021230312080048e-04 3.512694541672704428e-04 3.511694438923910772e-04 3.508157767159991161e-04 3.509147158769566942e-04 3.508421837527524070e-04 3.510465110432640077e-04 3.513722695668746506e-04 3.519976103810218198e-04 3.530120390672125056e-04 3.540132394299746804e-04 3.552221414792489248e-04 3.567779838548747022e-04 3.578681567486903178e-04 3.582496311596284591e-04 3.575717317501069014e-04 3.556403129839153182e-04 3.545827917995740281e-04 3.545592621161908447e-04 3.548561671375747954e-04 3.554414396491920665e-04
3.534306961158217332e-04 3.536852213301402092e-04 3.534787986587424992e-04 3.530390192374845224e-04 3.524657228012316760e-04 3.522940966219696062e-04 3.521589476663130290e-04 3.520566621261146840e-04 3.517029407631867138e-04 3.518038411995749281e-04 3.517272256378842742e-04 3.519339945053267973e-04 3.522560933061957334e-04 3.528842651711145361e-04 3.539083709839055967e-04 3.549289775239526396e-04 3.561910784806194153e-04 3.578681567486903178e-04 3.591594060047016549e-04 3.596995643494293841e-04 3.590800649126762653e-04 3.570729051433830961e-04 3.557784506072858674e-04 3.555943176758682338e-04 3.558264141795648358e-04 3.563992645941532018e-04
3.538173434057586132e-04 3.540604111634906869e-04 3.538612027219978991e-04 3.534179978055026865e-04 3.528404265767946563e-04 3.526717694550757579e-04 3.525287874234962087e-04 3.524232103437151395e-04 3.520614571293808736e-04 3.521582886801937753e-04 3.520747549438673122e-04 3.522790564466635253e-04 3.525903907941205446e-04 3.532080705022896993e-04 3.542190439208024516e-04 3.552326705608828926e-04 3.565101891476150377e-04 3.582496311596284591e-04 3.596995643494293841e-04 3.605204641588405650e-04 3.601056066029948268e-04 3.581257446199864834e-04 3.565734808562452869e-04 3.561145881222455511e-04 3.562787139591230162e-04 3.568266358948824065e-04
3.534974397089910405e-04 3.537175030741942562e-04 3.535263668189809008e-04 3.530820729130077764e-04 3.524856791461764547e-04 3.523140871707849692e-04 3.521606246993872337e-04 3.520435960023665092e-04 3.516567677447226636e-04 3.517364408452112014e-04 3.516308810032840715e-04 3.518043133321590958e-04 3.520799917856184632e-04 3.526566372879208055e-04 3.536245911189386565e-04 3.545875715245720922e-04 3.558313356828907473e-04 3.575717317501069014e-04 3.590800649126762653e-04 3.601056066029948268e-04 3.601210422098735935e-04 3.584546818071559474e-04 3.568284122529624051e-04 3.560497151133229878e-04 3.560561444346803557e-04 3.565828803317098550e-04
3.524272369339597486e-04 3.526274914528560009e-04 3.524480006643396202e-04 3.519859589635861369e-04 3.513766979601526505e-04 3.512009574287116957e-04 3.510422115478689892e-04 3.509022826790297021e-04 3.504770476648973372e-04 3.505313527171393046e-04 3.503892121254632949e-04 3.505058138551300231e-04 3.507115422748265749e-04 3.512014725314766624e-04 3.520726431612418070e-04 3.529143613509098769e-04 3.540160260480895954e-04 3.556403129839153182e-04 3.570729051433830961e-04 3.581257446199864834e-04 3.584546818071559474e-04 3.575457428149170181e-04 3.564240830410469541e-04 3.555322014552552388e-04 3.551209191623203140e-04 3.556108778183526939e-04
3.520471076757248079e-04 3.522357001409215892e-04 3.520625992248784756e-04 3.515829281791911357e-04 3.509740529786476099e-04 3.507952267377864694e-04 3.506334993928864074e-04 3.504760151554428831e-04 3.500233770812295558e-04 3.500660208870677429e-04 3.499068016697387648e-04 3.499848961993511825e-04 3.501505784221247320e-04 3.505918492228117869e-04 3.514048450590308748e-04 3.521671208283300527e-04 3.531368950028613077e-04 3.545827917995740281e-04 3.557784506072858674e-04 3.565734808562452869e-04 3.568284122529624051e-04 3.564240830410469541e-04 3.563615066430269283e-04 3.560453282268673269e-04 3.551697258968885651e-04 3.554231207989555844e-04
3.522943010385134652e-04 3.524978454474741920e-04 3.523065920102210489e-04 3.518401887734419389e-04 3.512271465222056811e-04 3.510465945509399339e-04 3.508758069883398715e-04 3.507044463886729553e-04 3.502373076640078646e-04 3.502658959894585115e-04 3.500906860475439192e-04 3.501418435956089436e-04 3.502870309186277543e-04 3.507082650943756270e-04 3.514927970414238705e-04 3.522364531318125289e-04 3.531741039048799701e-04 3.545592621161908447e-04 3.555943176758682338e-04 3.561145881222455511e-04 3.560497151133229878e-04 3.555322014552552388e-04 3.560453282268673269e-04 3.569865709634936074e-04 3.562805094401531457e-04 3.560677098219149008e-04
3.525015388073169786e-04 3.526987337274145769e-04 3.525139385218938721e-04 3.520594932876659213e-04 3.514535255462252969e-04 3.512644292067089685e-04 3.510817705914024236e-04 3.509226640746025304e-04 3.504717453990614708e-04 3.504999954854326862e-04 3.503260924627773229e-04 3.503927739851891337e-04 3.505622126428337973e-04 3.510042675659469130e-04 3.518108284179166027e-04 3.525622023507345333e-04 3.534983013302141403e-04 3.548561671375747954e-04 3.558264141795648358e-04 3.562787139591230162e-04 3.560561444346803557e-04 3.551209191623203140e-04 3.551697258968885651e-04 3.562805094401531457e-04 3.571248351314231678e-04 3.570735135949416016e-04
3.532308960923911034e-04 3.534159529683988444e-04 3.532259816309153678e-04 3.527824355924808657e-04 3.521926215867373007e-04 3.520026631931764505e-04 3.518167751015364151e-04 3.516650064424329332e-04 3.512161889308570224e-04 3.512431168534524764e-04 3.510513464387702599e-04 3.511161978276703191e-04 3.512838856930701318e-04 3.517121427641210643e-04 3.525108222040963628e-04 3.532420506211793169e-04 3.541454530177111175e-04 3.554414396491920665e-04 3.563992645941532018e-04 3.568266358948824065e-04 3.565828803317098550e-04 3.556108778183526939e-04 3.554231207989555844e-04 3.560677098219149008e-04 3.570735135949416016e-04 3.584466965356519134e-04
