3.036428433196797314e-04 3.012874144662173862e-04 2.992645150660180886e-04 2.979466358648437396e-04 2.970238499212915408e-04 2.955983799356832272e-04 2.945143188356732014e-04 2.935107740116463617e-04 2.926888005032001177e-04 2.918149000206124487e-04 2.913099920870957011e-04 2.910640713539515596e-04 2.911438092797685251e-04 2.913277345924109593e-04 2.917012177889734921e-04 2.917851996681193583e-04 2.917989622492300175e-04 2.926705435224378061e-04 2.929009065391170123e-04 2.932834693842520379e-04 2.936521679250472263e-04 2.931662427741141578e-04 2.919566390024057388e-04 2.900207754705099545e-04 2.903659653921453502e-04 2.901698988266628986e-04
3.012874144662173862e-04 2.990526657602463664e-04 2.970181234770558586e-04 2.957108996521916919e-04 2.948062238379291992e-04 2.933930997678827314e-04 2.923094944070543416e-04 2.913164560123583137e-04 2.905046173021273519e-04 2.896399406186506327e-04 2.891427762050543778e-04 2.889051264743290018e-04 2.889869209524735983e-04 2.891757162729001723e-04 2.895530273812920688e-04 2.896412491168438397e-04 2.896579463087952896e-04 2.905291147903083177e-04 2.907552057210097975e-04 2.911453566135172315e-04 2.915259050476559578e-04 2.910566668703813849e-04 2.898526751217168343e-04 2.878786043390340948e-04 2.881985631220034894e-04 2.880183452116730691e-04
2.992645150660180886e-04 2.970181234770558586e-04 2.950720953277166506e-04 2.937573778637986408e-04 2.928609727210662226e-04 2.914586482470426609e-04 2.903827559174743935e-04 2.893963804372756818e-04 2.885902414329929826e-04 2.877345112631063883e-04 2.872370152570079250e-04 2.869978668713603831e-04 2.870778454078445354e-04 2.872641718400034011e-04 2.876356754096917232e-04 2.877141130039489211e-04 2.877166879900495142e-04 2.885730154673453712e-04 2.887914464820771606e-04 2.891673228743490607e-04 2.895264544585993529e-04 2.890586231633953123e-04 2.878620684539365325e-04 2.859038797165405570e-04 2.862357146836809149e-04 2.861198375241143948e-04
2.979466358648437396e-04 2.957108996521916919e-04 2.937573778637986408e-04 2.925035392140200611e-04 2.916025514672000479e-04 2.902008768062903942e-04 2.891329618976689881e-04 2.881515142989129726e-04 2.873455582474167117e-04 2.864929764615414061e-04 2.859995128407430681e-04 2.857626721433463579e-04 2.858473198384525868e-04 2.860401560450590280e-04 2.864191201294565632e-04 2.865135025423857021e-04 2.865349616176288594e-04 2.873992490254470501e-04 2.876203867597077433e-04 2.879900670278145178e-04 2.883358721968111091e-04 2.878612957448210352e-04 2.866792515517576929e-04 2.847315579093739001e-04 2.850331699861330999e-04 2.848854332959864597e-04
2.970238499212915408e-04 2.948062238379291992e-04 2.928609727210662226e-04 2.916025514672000479e-04 2.907547822204539930e-04 2.893492095408508138e-04 2.882871364667295992e-04 2.873140534913467626e-04 2.865167016808382221e-04 2.856746011447018098e-04 2.851897828784961714e-04 2.849636991420303501e-04 2.850602507995240098e-04 2.852614613064567706e-04 2.856464140071927546e-04 2.857446409987091833e-04 2.857730841442452990e-04 2.866402704663699019e-04 2.868590957590832114e-04 2.872263199423443370e-04 2.875648994630997861e-04 2.870453059329060026e-04 2.858220343701277583e-04 2.838598188680981874e-04 2.841570511604129255e-04 2.840020926496895112e-04
2.955983799356832272e-04 2.933930997678827314e-04 2.914586482470426609e-04 2.902008768062903942e-04 2.893492095408508138e-04 2.879828253620045396e-04 2.869217028913003797e-04 2.859532309134288721e-04 2.851630025994493088e-04 2.843288799648775278e-04 2.838514720555201649e-04 2.836311887138646395e-04 2.837320559047971490e-04 2.839391161868701089e-04 2.843298358767865097e-04 2.844339987056547481e-04 2.844668478854143145e-04 2.853252070758892692e-04 2.855381226180585047e-04 2.859033413974159830e-04 2.862284878055450601e-04 2.856896409802402344e-04 2.844604618003449773e-04 2.824928378146334979e-04 2.827746064760888723e-04 2.826055341028779278e-04
2.945143188356732014e-04 2.923094944070543416e-04 2.903827559174743935e-04 2.891329618976689881e-04 2.882871364667295992e-04 2.869217028913003797e-04 2.858947049711690305e-04 2.849360967682667504e-04 2.841510435949741583e-04 2.833263343333236443e-04 2.828567638805951751e-04 2.826417624169201581e-04 2.827528659898150064e-04 2.829697871143579523e-04 2.833668884791677440e-04 2.834832210824811622e-04 2.835270374079029991e-04 2.843923319568093821e-04 2.846116590124284388e-04 2.849778624963559171e-04 2.852773679683917184e-04 2.846966271169578365e-04 2.834577977016718956e-04 2.814816294739491860e-04 2.817432411244474378e-04 2.815762226553338021e-04
2.935107740116463617e-04 2.913164560123583137e-04 2.893963804372756818e-04 2.881515142989129726e-04 2.873140534913467626e-04 2.859532309134288721e-04 2.849360967682667504e-04 2.840130608394687232e-04 2.832359167835219360e-04 2.824211980485599044e-04 2.819633681144595796e-04 2.817575058791875996e-04 2.818804193705316602e-04 2.821064435182723054e-04 2.825140011156781193e-04 2.826428917126412761e-04 2.826991021884991159e-04 2.835748178170933217e-04 2.838005333835881788e-04 2.841661903660319417e-04 2.844489230611143313e-04 2.838270211497288375e-04 2.825696115178203066e-04 2.805599654717274086e-04 2.807925978703182260e-04 2.806224722736115596e-04
2.926888005032001177e-04 2.905046173021273519e-04 2.885902414329929826e-04 2.873455582474167117e-04 2.865167016808382221e-04 2.851630025994493088e-04 2.841510435949741583e-04 2.832359167835219360e-04 2.824872957138034818e-04 2.816853383096323132e-04 2.812396066499590224e-04 2.810460143540133857e-04 2.811819667802629183e-04 2.814205792810830077e-04 2.818409495635360897e-04 2.819847155741451745e-04 2.820511339580100089e-04 2.829294110968734628e-04 2.831509466604657538e-04 2.835028577873822866e-04 2.837595757120190917e-04 2.830928881487863196e-04 2.818232936842344312e-04 2.798307463101536597e-04 2.800771825227975982e-04 2.799007660467233696e-04
2.918149000206124487e-04 2.896399406186506327e-04 2.877345112631063883e-04 2.864929764615414061e-04 2.856746011447018098e-04 2.843288799648775278e-04 2.833263343333236443e-04 2.824211980485599044e-04 2.816853383096323132e-04 2.809210805625497981e-04 2.804972611974794927e-04 2.803246232771252049e-04 2.804846593675698282e-04 2.807450497623567749e-04 2.811842220692419795e-04 2.813447881384288640e-04 2.814265506862501120e-04 2.823171101163169717e-04 2.825397334724466785e-04 2.828761541260429763e-04 2.830775952142405936e-04 2.823261981852697431e-04 2.810204828529996521e-04 2.790359639523598968e-04 2.792672338460240144e-04 2.790498827641048341e-04
2.913099920870957011e-04 2.891427762050543778e-04 2.872370152570079250e-04 2.859995128407430681e-04 2.851897828784961714e-04 2.838514720555201649e-04 2.828567638805951751e-04 2.819633681144595796e-04 2.812396066499590224e-04 2.804972611974794927e-04 2.801151861271396312e-04 2.799746675249029202e-04 2.801681944766313778e-04 2.804590548381583667e-04 2.809250368052531926e-04 2.811071497565366568e-04 2.812078388371616849e-04 2.821135748296100328e-04 2.823410830564474340e-04 2.826631709622249547e-04 2.827944044579223438e-04 2.819251141068137689e-04 2.805588978573514349e-04 2.785773431582376784e-04 2.788124308811695297e-04 2.785833932636534119e-04
2.910640713539515596e-04 2.889051264743290018e-04 2.869978668713603831e-04 2.857626721433463579e-04 2.849636991420303501e-04 2.836311887138646395e-04 2.826417624169201581e-04 2.817575058791875996e-04 2.810460143540133857e-04 2.803246232771252049e-04 2.799746675249029202e-04 2.798928231805811640e-04 2.801340399978101024e-04 2.804674235400587750e-04 2.809703680429904136e-04 2.811821026856640548e-04 2.813038549421350990e-04 2.822207366753406478e-04 2.824450666106086681e-04 2.827472520664077536e-04 2.827999153025270501e-04 2.817875247439518270e-04 2.803451313678718081e-04 2.783510719436670935e-04 2.785969374539057223e-04 2.783343012623396549e-04
2.911438092797685251e-04 2.889869209524735983e-04 2.870778454078445354e-04 2.858473198384525868e-04 2.850602507995240098e-04 2.837320559047971490e-04 2.827528659898150064e-04 2.818804193705316602e-04 2.811819667802629183e-04 2.804846593675698282e-04 2.801681944766313778e-04 2.801340399978101024e-04 2.804487382595221277e-04 2.808470888670655920e-04 2.814087497429049395e-04 2.816732160852295419e-04 2.818339108377746123e-04 2.827770486842203445e-04 2.830020278028680522e-04 2.832763289774504274e-04 2.832191599826533457e-04 2.820116342574670570e-04 2.804727217346114003e-04 2.784797700271816000e-04 2.787209160179156416e-04 2.784147756403343443e-04
2.913277345924109593e-04 2.891757162729001723e-04 2.872641718400034011e-04 2.860401560450590280e-04 2.852614613064567706e-04 2.839391161868701089e-04 2.829697871143579523e-04 2.821064435182723054e-04 2.814205792810830077e-04 2.807450497623567749e-04 2.804590548381583667e-04 2.804674235400587750e-04 2.808470888670655920e-04 2.813358782495116515e-04 2.819803101793668179e-04 2.823131462917224076e-04 2.825309538500486088e-04 2.835187234089148753e-04 2.837590235434099702e-04 2.840142328640216530e-04 2.838574827588289957e-04 2.824405688948863446e-04 2.807992947023846535e-04 2.788043083210321803e-04 2.790313033990598417e-04 2.786486857731365120e-04
2.917012177889734921e-04 2.895530273812920688e-04 2.876356754096917232e-04 2.864191201294565632e-04 2.856464140071927546e-04 2.843298358767865097e-04 2.833668884791677440e-04 2.825140011156781193e-04 2.818409495635360897e-04 2.811842220692419795e-04 2.809250368052531926e-04 2.809703680429904136e-04 2.814087497429049395e-04 2.819803101793668179e-04 2.827405920114163637e-04 2.831734130398976478e-04 2.834726574112863239e-04 2.845247151524781730e-04 2.847911702432005094e-04 2.850407067805366796e-04 2.847888633868899343e-04 2.831399845979054456e-04 2.813670451682950802e-04 2.793261869566116386e-04 2.795208878600060091e-04 2.790944199805112731e-04
2.917851996681193583e-04 2.896412491168438397e-04 2.877141130039489211e-04 2.865135025423857021e-04 2.857446409987091833e-04 2.844339987056547481e-04 2.834832210824811622e-04 2.826428917126412761e-04 2.819847155741451745e-04 2.813447881384288640e-04 2.811071497565366568e-04 2.811821026856640548e-04 2.816732160852295419e-04 2.823131462917224076e-04 2.831734130398976478e-04 2.837508775568290016e-04 2.841814032406997240e-04 2.853186746728531833e-04 2.856032406498402749e-04 2.858487101738519678e-04 2.855007103784018281e-04 2.835760930432938915e-04 2.816465283336363687e-04 2.795885980048985774e-04 2.797471055971232799e-04 2.792994943090317461e-04
2.917989622492300175e-04 2.896579463087952896e-04 2.877166879900495142e-04 2.865349616176288594e-04 2.857730841442452990e-04 2.844668478854143145e-04 2.835270374079029991e-04 2.826991021884991159e-04 2.820511339580100089e-04 2.814265506862501120e-04 2.812078388371616849e-04 2.813038549421350990e-04 2.818339108377746123e-04 2.825309538500486088e-04 2.834726574112863239e-04 2.841814032406997240e-04 2.848069945252567682e-04 2.861035606622110020e-04 2.864674318010986681e-04 2.867564503246075092e-04 2.863458642719341547e-04 2.841313303210972105e-04 2.819431182488354136e-04 2.798053741668116243e-04 2.799002395576014848e-04 2.794424232601188740e-04
2.926705435224378061e-04 2.905291147903083177e-04 2.885730154673453712e-04 2.873992490254470501e-04 2.866402704663699019e-04 2.853252070758892692e-04 2.843923319568093821e-04 2.835748178170933217e-04 2.829294110968734628e-04 2.823171101163169717e-04 2.821135748296100328e-04 2.822207366753406478e-04 2.827770486842203445e-04 2.835187234089148753e-04 2.845247151524781730e-04 2.853186746728531833e-04 2.861035606622110020e-04 2.876356704164983644e-04 2.881838917188989861e-04 2.885997155243423106e-04 2.881976901644047037e-04 2.857420854745228210e-04 2.831914505689863294e-04 2.808517305124487483e-04 2.808053273892915859e-04 2.803368415447841152e-04
2.929009065391170123e-04 2.907552057210097975e-04 2.887914464820771606e-04 2.876203867597077433e-04 2.868590957590832114e-04 2.855381226180585047e-04 2.846116590124284388e-04 2.838005333835881788e-04 2.831509466604657538e-04 2.825397334724466785e-04 2.823410830564474340e-04 2.824450666106086681e-04 2.830020278028680522e-04 2.837590235434099702e-04 2.847911702432005094e-04 2.856032406498402749e-04 2.864674318010986681e-04 2.881838917188989861e-04 2.890417291367457990e-04 2.897488946756373858e-04 2.895169779250791561e-04 2.869936048733750557e-04 2.840208109631947174e-04 2.813479839366983819e-04 2.811343719565215140e-04 2.806110643005402076e-04
2.932834693842520379e-04 2.911453566135172315e-04 2.891673228743490607e-04 2.879900670278145178e-04 2.872263199423443370e-04 2.859033413974159830e-04 2.849778624963559171e-04 2.841661903660319417e-04 2.835028577873822866e-04 2.828761541260429763e-04 2.826631709622249547e-04 2.827472520664077536e-04 2.832763289774504274e-04 2.840142328640216530e-04 2.850407067805366796e-04 2.858487101738519678e-04 2.867564503246075092e-04 2.885997155243423106e-04 2.897488946756373858e-04 2.909520057100363683e-04 2.911354505391578308e-04 2.886932198741224581e-04 2.852428268735544403e-04 2.820209333969831453e-04 2.816725825448556796e-04 2.811252406648132897e-04
2.936521679250472263e-04 2.915259050476559578e-04 2.895264544585993529e-04 2.883358721968111091e-04 2.875648994630997861e-04 2.862284878055450601e-04 2.852773679683917184e-04 2.844489230611143313e-04 2.837595757120190917e-04 2.830775952142405936e-04 2.827944044579223438e-04 2.827999153025270501e-04 2.832191599826533457e-04 2.838574827588289957e-04 2.847888633868899343e-04 2.855007103784018281e-04 2.863458642719341547e-04 2.881976901644047037e-04 2.895169779250791561e-04 2.911354505391578308e-04 2.921156344262219157e-04 2.903487181422856073e-04 2.868341817551855262e-04 2.829618880209349742e-04 2.823014133457160462e-04 2.816673485143854675e-04
2.931662427741141578e-04 2.910566668703813849e-04 2.890586231633953123e-04 2.878612957448210352e-04 2.870453059329060026e-04 2.856896409802402344e-04 2.846966271169578365e-04 2.838270211497288375e-04 2.830928881487863196e-04 2.823261981852697431e-04 2.819251141068137689e-04 2.817875247439518270e-04 2.820116342574670570e-04 2.824405688948863446e-04 2.831399845979054456e-04 2.835760930432938915e-04 2.841313303210972105e-04 2.857420854745228210e-04 2.869936048733750557e-04 2.886932198741224581e-04 2.903487181422856073e-04 2.900505516476980378e-04 2.873923297034746208e-04 2.831770701295665583e-04 2.819743174026159574e-04 2.811291125886962038e-04
2.919566390024057388e-04 2.898526751217168343e-04 2.878620684539365325e-04 2.866792515517576929e-04 2.858220343701277583e-04 2.844604618003449773e-04 2.834577977016718956e-04 2.825696115178203066e-04 2.818232936842344312e-04 2.810204828529996521e-04 2.805588978573514349e-04 2.803451313678718081e-04 2.804727217346114003e-04 2.807992947023846535e-04 2.813670451682950802e-04 2.816465283336363687e-04 2.819431182488354136e-04 2.831914505689863294e-04 2.840208109631947174e-04 2.852428268735544403e-04 2.868341817551855262e-04 2.873923297034746208e-04 2.866131195552504805e-04 2.834281460563236764e-04 2.816484355621044614e-04 2.801831994376042731e-04
2.900207754705099545e-04 2.878786043390340948e-04 2.859038797165405570e-04 2.847315579093739001e-04 2.838598188680981874e-04 2.824928378146334979e-04 2.814816294739491860e-04 2.805599654717274086e-04 2.798307463101536597e-04 2.790359639523598968e-04 2.785773431582376784e-04 2.783510719436670935e-04 2.784797700271816000e-04 2.788043083210321803e-04 2.793261869566116386e-04 2.795885980048985774e-04 2.798053741668116243e-04 2.808517305124487483e-04 2.813479839366983819e-04 2.820209333969831453e-04 2.829618880209349742e-04 2.831770701295665583e-04 2.834281460563236764e-04 2.826374740300041850e-04 2.814422434674536833e-04 2.792945445747635654e-04
2.903659653921453502e-04 2.881985631220034894e-04 2.862357146836809149e-04 2.850331699861330999e-04 2.841570511604129255e-04 2.827746064760888723e-04 2.817432411244474378e-04 2.807925978703182260e-04 2.800771825227975982e-04 2.792672338460240144e-04 2.788124308811695297e-04 2.785969374539057223e-04 2.787209160179156416e-04 2.790313033990598417e-04 2.795208878600060091e-04 2.797471055971232799e-04 2.799002395576014848e-04 2.808053273892915859e-04 2.811343719565215140e-04 2.816725825448556796e-04 2.823014133457160462e-04 2.819743174026159574e-04 2.816484355621044614e-04 2.814422434674536833e-04 2.826838602285840479e-04 2.811481990358233578e-04
2.901698988266628986e-04 2.880183452116730691e-04 2.861198375241143948e-04 2.848854332959864597e-04 2.840020926496895112e-04 2.826055341028779278e-04 2.815762226553338021e-04 2.806224722736115596e-04 2.799007660467233696e-04 2.790498827641048341e-04 2.785833932636534119e-04 2.783343012623396549e-04 2.784147756403343443e-04 2.786486857731365120e-04 2.790944199805112731e-04 2.792994943090317461e-04 2.794424232601188740e-04 2.803368415447841152e-04 2.806110643005402076e-04 2.811252406648132897e-04 2.816673485143854675e-04 2.811291125886962038e-04 2.801831994376042731e-04 2.792945445747635654e-04 2.811481990358233578e-04 2.822852207787642062e-04
