5.948639366647808392e-04 5.942605518155409531e-04 5.943584222049563435e-04 5.946451966344309427e-04 5.945902103207135201e-04 5.949612122828452443e-04 5.951335093689813158e-04 5.948503340859632787e-04 5.948048443284331167e-04 5.950217252835308729e-04 5.952921922010139802e-04 5.958319702953097105e-04 5.960381637436410569e-04 5.965624596430019622e-04 5.967562337191144187e-04 5.965823363282516138e-04 5.963695180946073857e-04 5.961776436232199680e-04 5.954160493300787380e-04 5.948563906486696064e-04 5.956941711472732394e-04 5.978805507576242552e-04 6.007955301138980875e-04 6.002782581537693994e-04 5.986176353144953121e-04 5.998254942353929654e-04
5.942605518155409531e-04 5.937540016774388351e-04 5.938259985581404452e-04 5.941073935712218052e-04 5.940500044519605484e-04 5.944186838560934841e-04 5.945908366233084840e-04 5.943060601884270081e-04 5.942614756143111809e-04 5.944792797167385663e-04 5.947473326534794859e-04 5.952815439079993907e-04 5.954802333865066378e-04 5.959982658594238127e-04 5.961945018440731109e-04 5.960260465581368374e-04 5.958238394093146170e-04 5.956428132094908085e-04 5.948777735892440445e-04 5.943118228712876384e-04 5.951453181036499155e-04 5.973420700599038971e-04 6.002754114471415972e-04 5.997650873915876066e-04 5.980538104600400910e-04 5.992284386906899379e-04
5.943584222049563435e-04 5.938259985581404452e-04 5.939606932175714926e-04 5.942290399436625731e-04 5.941710458378320113e-04 5.945417630691028849e-04 5.947195176384725140e-04 5.944362197457122394e-04 5.943955625637495485e-04 5.946173285703694553e-04 5.948974642604721273e-04 5.954382933272422702e-04 5.956452851869840611e-04 5.961696903061387658e-04 5.963686326865170074e-04 5.962001922710902886e-04 5.959892957029130044e-04 5.957973936750091647e-04 5.950215191598095914e-04 5.944416531802986089e-04 5.952483669104479238e-04 5.974152482095480875e-04 6.003740252937882042e-04 5.999084635578363391e-04 5.982293434361168200e-04 5.994012343009884987e-04
5.946451966344309427e-04 5.941073935712218052e-04 5.942290399436625731e-04 5.945389962069650433e-04 5.944706075531366440e-04 5.948428573648148259e-04 5.950180911276840671e-04 5.947362644371590248e-04 5.946957695305249252e-04 5.949175299769242538e-04 5.951958652304046530e-04 5.957391407010136346e-04 5.959508059340427400e-04 5.964762091682846617e-04 5.966752789333823210e-04 5.965122167211849404e-04 5.963027785280035093e-04 5.961199226911382187e-04 5.953595584927334544e-04 5.948069743078199939e-04 5.956363761289375398e-04 5.977956978434767216e-04 6.007071981174928093e-04 6.001927349754097862e-04 5.985294156260230610e-04 5.996981893895367852e-04
5.945902103207135201e-04 5.940500044519605484e-04 5.941710458378320113e-04 5.944706075531366440e-04 5.944397268326244606e-04 5.948051116871287377e-04 5.949795635561412437e-04 5.947009370377678893e-04 5.946645844573160509e-04 5.948879775541417994e-04 5.951695273721412842e-04 5.957186567617232028e-04 5.959358134255076343e-04 5.964674988064773984e-04 5.966732981208363240e-04 5.965134246999362561e-04 5.963016851407281502e-04 5.961144873731459830e-04 5.953476852896637510e-04 5.947884592581885108e-04 5.956032641582818333e-04 5.977423062318241434e-04 6.006426961920222985e-04 6.001444927005475079e-04 5.985037488712797787e-04 5.996838154867269177e-04
5.949612122828452443e-04 5.944186838560934841e-04 5.945417630691028849e-04 5.948428573648148259e-04 5.948051116871287377e-04 5.951976593332898970e-04 5.953750239365343793e-04 5.950968370598282804e-04 5.950622875697908314e-04 5.952876624822050610e-04 5.955739424113950815e-04 5.961294195697547371e-04 5.963544093886000630e-04 5.968942054142880585e-04 5.971063640044873850e-04 5.969549169634312015e-04 5.967532435706241704e-04 5.965757623042083771e-04 5.958108643985134904e-04 5.952506578415407571e-04 5.960577258892357528e-04 5.981777613830047960e-04 6.010563460678010296e-04 6.005302610228479198e-04 5.988994199841114665e-04 6.000895075458013333e-04
5.951335093689813158e-04 5.945908366233084840e-04 5.947195176384725140e-04 5.950180911276840671e-04 5.949795635561412437e-04 5.953750239365343793e-04 5.955789666657755653e-04 5.953025333313142521e-04 5.952728935832475327e-04 5.955012493085394326e-04 5.957937651705372348e-04 5.963553577805361192e-04 5.965853740287932428e-04 5.971317853172990230e-04 5.973496123697025293e-04 5.972043447847358603e-04 5.970104657014042296e-04 5.968439632511867180e-04 5.960864219906275661e-04 5.955375634907582186e-04 5.963382265215955028e-04 5.984147561294405476e-04 6.012546251756691138e-04 6.007241058787992890e-04 5.991048496041819719e-04 6.003099853768224976e-04
5.948503340859632787e-04 5.943060601884270081e-04 5.944362197457122394e-04 5.947362644371590248e-04 5.947009370377678893e-04 5.950968370598282804e-04 5.953025333313142521e-04 5.950503239337387364e-04 5.950227122408443831e-04 5.952553035915355293e-04 5.955545275912302360e-04 5.961224812865164278e-04 5.963599548546647108e-04 5.969138383324884122e-04 5.971401115139729878e-04 5.970031153210941756e-04 5.968167718648673906e-04 5.966593491450345333e-04 5.959048122113292994e-04 5.953528541615500311e-04 5.961374543924369274e-04 5.981861477159045124e-04 6.010039017062113447e-04 6.004662602100271571e-04 5.988529052341893437e-04 6.000940828933157105e-04
5.948048443284331167e-04 5.942614756143111809e-04 5.943955625637495485e-04 5.946957695305249252e-04 5.946645844573160509e-04 5.950622875697908314e-04 5.952728935832475327e-04 5.950227122408443831e-04 5.950175720031644373e-04 5.952582422573928422e-04 5.955650987463762501e-04 5.961432805462406857e-04 5.963922566243017292e-04 5.969555628500912208e-04 5.971911647470657704e-04 5.970626320401415613e-04 5.968826642397491097e-04 5.967295762242470812e-04 5.959755069444545124e-04 5.954140010600923912e-04 5.961685792649411373e-04 5.981761998835996488e-04 6.009750234368429729e-04 6.004572144986971118e-04 5.988666579051063520e-04 6.001160295602267014e-04
5.950217252835308729e-04 5.944792797167385663e-04 5.946173285703694553e-04 5.949175299769242538e-04 5.948879775541417994e-04 5.952876624822050610e-04 5.955012493085394326e-04 5.952553035915355293e-04 5.952582422573928422e-04 5.955246894939743383e-04 5.958441111261376932e-04 5.964360966827257290e-04 5.966993606456641713e-04 5.972737700102996074e-04 5.975207995282374920e-04 5.974034776576595592e-04 5.972318813230653506e-04 5.970884126355795272e-04 5.963425744506210000e-04 5.957708073813666478e-04 5.964912646559075325e-04 5.984487391989634468e-04 6.012181159083783161e-04 6.007187489367234873e-04 5.991462872713634348e-04 6.003942866246310102e-04
5.952921922010139802e-04 5.947473326534794859e-04 5.948974642604721273e-04 5.951958652304046530e-04 5.951695273721412842e-04 5.955739424113950815e-04 5.957937651705372348e-04 5.955545275912302360e-04 5.955650987463762501e-04 5.958441111261376932e-04 5.961967319555335192e-04 5.968131226928098708e-04 5.971003587937694741e-04 5.976973201037113397e-04 5.979623535842491788e-04 5.978587980405849437e-04 5.976991249132449337e-04 5.975700971965716051e-04 5.968311865496592162e-04 5.962486026880873310e-04 5.969337655434828931e-04 5.988237364054082874e-04 6.015384680916186205e-04 6.010333783196711126e-04 5.994894340153539627e-04 6.007414469469369396e-04
5.958319702953097105e-04 5.952815439079993907e-04 5.954382933272422702e-04 5.957391407010136346e-04 5.957186567617232028e-04 5.961294195697547371e-04 5.963553577805361192e-04 5.961224812865164278e-04 5.961432805462406857e-04 5.964360966827257290e-04 5.968131226928098708e-04 5.974694185385041965e-04 5.977921142525097816e-04 5.984227331879124392e-04 5.987160788655251182e-04 5.986382303326269645e-04 5.985006201864282198e-04 5.983936649119678394e-04 5.976622545865384805e-04 5.970573914100050063e-04 5.976899543096570030e-04 5.994814193555150642e-04 6.021231222935934189e-04 6.016126246463087031e-04 6.001043097966696129e-04 6.013662902524431622e-04
5.960381637436410569e-04 5.954802333865066378e-04 5.956452851869840611e-04 5.959508059340427400e-04 5.959358134255076343e-04 5.963544093886000630e-04 5.965853740287932428e-04 5.963599548546647108e-04 5.963922566243017292e-04 5.966993606456641713e-04 5.971003587937694741e-04 5.977921142525097816e-04 5.981688411938979001e-04 5.988452643521824815e-04 5.991772190891031958e-04 5.991355254290224369e-04 5.990273990278430173e-04 5.989540747331408574e-04 5.982445026626340102e-04 5.976243146877305680e-04 5.982007181855735238e-04 5.998843850132307880e-04 6.024389238255126785e-04 6.019272008279740816e-04 6.004734768557009987e-04 6.017273735780547016e-04
5.965624596430019622e-04 5.959982658594238127e-04 5.961696903061387658e-04 5.964762091682846617e-04 5.964674988064773984e-04 5.968942054142880585e-04 5.971317853172990230e-04 5.969138383324884122e-04 5.969555628500912208e-04 5.972737700102996074e-04 5.976973201037113397e-04 5.984227331879124392e-04 5.988452643521824815e-04 5.995892124969421158e-04 5.999787365227334619e-04 5.999863065627618819e-04 5.999177838442907402e-04 5.998809350646511522e-04 5.991933565322160029e-04 5.985483227935278717e-04 5.990460209139347519e-04 6.005965632854602752e-04 6.030568713626068868e-04 6.025742381145759432e-04 6.011999302266345059e-04 6.024324673448816199e-04
5.967562337191144187e-04 5.961945018440731109e-04 5.963686326865170074e-04 5.966752789333823210e-04 5.966732981208363240e-04 5.971063640044873850e-04 5.973496123697025293e-04 5.971401115139729878e-04 5.971911647470657704e-04 5.975207995282374920e-04 5.979623535842491788e-04 5.987160788655251182e-04 5.991772190891031958e-04 5.999787365227334619e-04 6.004514084561506310e-04 6.005411341001007158e-04 6.005426150253195426e-04 6.005676926119744852e-04 5.999142603184365145e-04 5.992501162792652526e-04 5.996491472690600698e-04 6.010093193300214149e-04 6.033335011457537523e-04 6.028892431790745408e-04 6.015689028311691161e-04 6.027848210946104698e-04
5.965823363282516138e-04 5.960260465581368374e-04 5.962001922710902886e-04 5.965122167211849404e-04 5.965134246999362561e-04 5.969549169634312015e-04 5.972043447847358603e-04 5.970031153210941756e-04 5.970626320401415613e-04 5.974034776576595592e-04 5.978587980405849437e-04 5.986382303326269645e-04 5.991355254290224369e-04 5.999863065627618819e-04 6.005411341001007158e-04 6.007612931337668292e-04 6.008823853126633516e-04 6.010177877803458621e-04 6.004360420141676260e-04 5.997741390577750274e-04 6.000582194928120484e-04 6.011465119960600172e-04 6.032346400976047133e-04 6.027993064263952169e-04 6.015582471954352122e-04 6.028007292463292456e-04
5.963695180946073857e-04 5.958238394093146170e-04 5.959892957029130044e-04 5.963027785280035093e-04 5.963016851407281502e-04 5.967532435706241704e-04 5.970104657014042296e-04 5.968167718648673906e-04 5.968826642397491097e-04 5.972318813230653506e-04 5.976991249132449337e-04 5.985006201864282198e-04 5.990273990278430173e-04 5.999177838442907402e-04 6.005426150253195426e-04 6.008823853126633516e-04 6.011674421949846211e-04 6.014588687800841420e-04 6.009752848564429159e-04 6.003253051363007442e-04 6.004930848977615759e-04 6.012742498342469894e-04 6.030809758440620026e-04 6.026448847555933861e-04 6.014913340148904039e-04 6.027880485420692791e-04
5.961776436232199680e-04 5.956428132094908085e-04 5.957973936750091647e-04 5.961199226911382187e-04 5.961144873731459830e-04 5.965757623042083771e-04 5.968439632511867180e-04 5.966593491450345333e-04 5.967295762242470812e-04 5.970884126355795272e-04 5.975700971965716051e-04 5.983936649119678394e-04 5.989540747331408574e-04 5.998809350646511522e-04 6.005676926119744852e-04 6.010177877803458621e-04 6.014588687800841420e-04 6.019712116785670090e-04 6.016663149439103022e-04 6.010874291885395663e-04 6.011975597015113042e-04 6.016758638878979323e-04 6.030999818279280484e-04 6.025952047678410700e-04 6.015673818351345917e-04 6.028872002960134749e-04
5.954160493300787380e-04 5.948777735892440445e-04 5.950215191598095914e-04 5.953595584927334544e-04 5.953476852896637510e-04 5.958108643985134904e-04 5.960864219906275661e-04 5.959048122113292994e-04 5.959755069444545124e-04 5.963425744506210000e-04 5.968311865496592162e-04 5.976622545865384805e-04 5.982445026626340102e-04 5.991933565322160029e-04 5.999142603184365145e-04 6.004360420141676260e-04 6.009752848564429159e-04 6.016663149439103022e-04 6.016433894684490406e-04 6.012871559846554676e-04 6.014922048880474124e-04 6.018234680266877461e-04 6.028570404693450431e-04 6.021342517752018616e-04 6.010928613895113798e-04 6.023363123558873313e-04
5.948563906486696064e-04 5.943118228712876384e-04 5.944416531802986089e-04 5.948069743078199939e-04 5.947884592581885108e-04 5.952506578415407571e-04 5.955375634907582186e-04 5.953528541615500311e-04 5.954140010600923912e-04 5.957708073813666478e-04 5.962486026880873310e-04 5.970573914100050063e-04 5.976243146877305680e-04 5.985483227935278717e-04 5.992501162792652526e-04 5.997741390577750274e-04 6.003253051363007442e-04 6.010874291885395663e-04 6.012871559846554676e-04 6.013416722392491039e-04 6.019180482537957134e-04 6.023962357222902627e-04 6.031682762080271083e-04 6.020217047274642116e-04 6.007784903863385784e-04 6.019127991355361935e-04
5.956941711472732394e-04 5.951453181036499155e-04 5.952483669104479238e-04 5.956363761289375398e-04 5.956032641582818333e-04 5.960577258892357528e-04 5.963382265215955028e-04 5.961374543924369274e-04 5.961685792649411373e-04 5.964912646559075325e-04 5.969337655434828931e-04 5.976899543096570030e-04 5.982007181855735238e-04 5.990460209139347519e-04 5.996491472690600698e-04 6.000582194928120484e-04 6.004930848977615759e-04 6.011975597015113042e-04 6.014922048880474124e-04 6.019180482537957134e-04 6.032094101797254217e-04 6.043914881153305109e-04 6.053331335022980831e-04 6.036092985142624224e-04 6.018533221414170157e-04 6.028139023193751457e-04
5.978805507576242552e-04 5.973420700599038971e-04 5.974152482095480875e-04 5.977956978434767216e-04 5.977423062318241434e-04 5.981777613830047960e-04 5.984147561294405476e-04 5.981861477159045124e-04 5.981761998835996488e-04 5.984487391989634468e-04 5.988237364054082874e-04 5.994814193555150642e-04 5.998843850132307880e-04 6.005965632854602752e-04 6.010093193300214149e-04 6.011465119960600172e-04 6.012742498342469894e-04 6.016758638878979323e-04 6.018234680266877461e-04 6.023962357222902627e-04 6.043914881153305109e-04 6.070303687441867086e-04 6.090650175692882522e-04 6.069780080615487039e-04 6.042845690583429448e-04 6.050056962351494337e-04
6.007955301138980875e-04 6.002754114471415972e-04 6.003740252937882042e-04 6.007071981174928093e-04 6.006426961920222985e-04 6.010563460678010296e-04 6.012546251756691138e-04 6.010039017062113447e-04 6.009750234368429729e-04 6.012181159083783161e-04 6.015384680916186205e-04 6.021231222935934189e-04 6.024389238255126785e-04 6.030568713626068868e-04 6.033335011457537523e-04 6.032346400976047133e-04 6.030809758440620026e-04 6.030999818279280484e-04 6.028570404693450431e-04 6.031682762080271083e-04 6.053331335022980831e-04 6.090650175692882522e-04 6.129634767777798060e-04 6.115561326888644235e-04 6.077995703616769548e-04 6.081467916282288447e-04
6.002782581537693994e-04 5.997650873915876066e-04 5.999084635578363391e-04 6.001927349754097862e-04 6.001444927005475079e-04 6.005302610228479198e-04 6.007241058787992890e-04 6.004662602100271571e-04 6.004572144986971118e-04 6.007187489367234873e-04 6.010333783196711126e-04 6.016126246463087031e-04 6.019272008279740816e-04 6.025742381145759432e-04 6.028892431790745408e-04 6.027993064263952169e-04 6.026448847555933861e-04 6.025952047678410700e-04 6.021342517752018616e-04 6.020217047274642116e-04 6.036092985142624224e-04 6.069780080615487039e-04 6.115561326888644235e-04 6.120649503032047798e-04 6.088638501174029743e-04 6.085086774207957910e-04
5.986176353144953121e-04 5.980538104600400910e-04 5.982293434361168200e-04 5.985294156260230610e-04 5.985037488712797787e-04 5.988994199841114665e-04 5.991048496041819719e-04 5.988529052341893437e-04 5.988666579051063520e-04 5.991462872713634348e-04 5.994894340153539627e-04 6.001043097966696129e-04 6.004734768557009987e-04 6.011999302266345059e-04 6.015689028311691161e-04 6.015582471954352122e-04 6.014913340148904039e-04 6.015673818351345917e-04 6.010928613895113798e-04 6.007784903863385784e-04 6.018533221414170157e-04 6.042845690583429448e-04 6.077995703616769548e-04 6.088638501174029743e-04 6.082948899614988103e-04 6.081196215372829681e-04
5.998254942353929654e-04 5.992284386906899379e-04 5.994012343009884987e-04 5.996981893895367852e-04 5.996838154867269177e-04 6.000895075458013333e-04 6.003099853768224976e-04 6.000940828933157105e-04 6.001160295602267014e-04 6.003942866246310102e-04 6.007414469469369396e-04 6.013662902524431622e-04 6.017273735780547016e-04 6.024324673448816199e-04 6.027848210946104698e-04 6.028007292463292456e-04 6.027880485420692791e-04 6.028872002960134749e-04 6.023363123558873313e-04 6.019127991355361935e-04 6.028139023193751457e-04 6.050056962351494337e-04 6.081467916282288447e-04 6.085086774207957910e-04 6.081196215372829681e-04 6.103948543757127532e-04
