8.371118859275295540e-04 8.276289401113894094e-04 8.196568919761248930e-04 8.128700582574610719e-04 8.075199434717293765e-04 8.034280753189553025e-04 8.001667272983872554e-04 7.970266874987966569e-04 7.945525975596475074e-04 7.920972122552822139e-04 7.899068458026178808e-04 7.885297700748034565e-04 7.873115659637557441e-04 7.868310038844253222e-04 7.862345368175474667e-04 7.865882360069526534e-04 7.871137180358235997e-04 7.873250629853399945e-04 7.883307378982257673e-04 7.888597841321839249e-04 7.883508311818662262e-04 7.844463761764640603e-04 7.796725953310452290e-04 7.779928513033550945e-04 7.792346186866749846e-04 7.811907666726356078e-04
8.276289401113894094e-04 8.183394837186406222e-04 8.104391692907119121e-04 8.037320071160370706e-04 7.984425068568247507e-04 7.944039510960551609e-04 7.911777299795592260e-04 7.880721417942996221e-04 7.856287314290003954e-04 7.832034831192783092e-04 7.810372819160379823e-04 7.796732317202120701e-04 7.784624567503974340e-04 7.779839009108110081e-04 7.773851286533580525e-04 7.777230420795743296e-04 7.782370393203495848e-04 7.784530379066809634e-04 7.794524530164118493e-04 7.799946618019356270e-04 7.795156430065134246e-04 7.756653987620637687e-04 7.709000829913291225e-04 7.691895868819741003e-04 7.704557836200249567e-04 7.724422871624742754e-04
8.196568919761248930e-04 8.104391692907119121e-04 8.026625885491844251e-04 7.960119009932031201e-04 7.907747835250794003e-04 7.867770841988780189e-04 7.835832305162401248e-04 7.805081266522535333e-04 7.780870146667747452e-04 7.756839062573175556e-04 7.735343847239627407e-04 7.721837084653374646e-04 7.709882134469671442e-04 7.705129653983607517e-04 7.699251741047490353e-04 7.702697826845482159e-04 7.707838157955225348e-04 7.710029309340410246e-04 7.720068190344893128e-04 7.725641933904468838e-04 7.721074233335713894e-04 7.683099297046119130e-04 7.635858784521315674e-04 7.618659483101122105e-04 7.630691999985213334e-04 7.650067167745434058e-04
8.128700582574610719e-04 8.037320071160370706e-04 7.960119009932031201e-04 7.894605581841561978e-04 7.842669887628718603e-04 7.803056391352931019e-04 7.771449041051525179e-04 7.740999567444269451e-04 7.717043820398846550e-04 7.693277272826817663e-04 7.671980303517301038e-04 7.658641558507325994e-04 7.646851867507283539e-04 7.642202916285819854e-04 7.636435662101174679e-04 7.639898609023810334e-04 7.645032033202999767e-04 7.647286877782154572e-04 7.657255699499336890e-04 7.662831965705084415e-04 7.658149255572283768e-04 7.620127288301847433e-04 7.572912018859340741e-04 7.555577932932133626e-04 7.567666120275357185e-04 7.587196023486666432e-04
8.075199434717293765e-04 7.984425068568247507e-04 7.907747835250794003e-04 7.842669887628718603e-04 7.791398981491486769e-04 7.752055982905296967e-04 7.720715217556641061e-04 7.690470742340637994e-04 7.666667168593549117e-04 7.643091723250566936e-04 7.621942691884484424e-04 7.608710498930032354e-04 7.597022523088932996e-04 7.592414622372307140e-04 7.586691976407411312e-04 7.590117536367892333e-04 7.595175685329618375e-04 7.597368396100812266e-04 7.607194305703660151e-04 7.612629318906356931e-04 7.607778869953592390e-04 7.569869786452620162e-04 7.522856302058365157e-04 7.505593672583382508e-04 7.517805911790319045e-04 7.537342584508879059e-04
8.034280753189553025e-04 7.944039510960551609e-04 7.867770841988780189e-04 7.803056391352931019e-04 7.752055982905296967e-04 7.713251441130774882e-04 7.682067476301142946e-04 7.652032739758143649e-04 7.628406121675997955e-04 7.604992579470367612e-04 7.584011619907183839e-04 7.570939623085806095e-04 7.559413883968389876e-04 7.554913527156814851e-04 7.549326737034229521e-04 7.552877332968135644e-04 7.557962981297870102e-04 7.560267285793366475e-04 7.570170810634997910e-04 7.575592430223023572e-04 7.570669320497494786e-04 7.532688774952015810e-04 7.485583703190809264e-04 7.468025783671468961e-04 7.480416208966150088e-04 7.500301467928046370e-04
8.001667272983872554e-04 7.911777299795592260e-04 7.835832305162401248e-04 7.771449041051525179e-04 7.720715217556641061e-04 7.682067476301142946e-04 7.651264815721821756e-04 7.621371407634732224e-04 7.597890676173247974e-04 7.574635495944091485e-04 7.553798364446850325e-04 7.540861715824356002e-04 7.529451698245731139e-04 7.525023776631251105e-04 7.519545221405594037e-04 7.523180902781276139e-04 7.528396960052104354e-04 7.530896624898941868e-04 7.540978330360130141e-04 7.546449134694807820e-04 7.541367861887168615e-04 7.503139581242459144e-04 7.455768700571021755e-04 7.438136057435051213e-04 7.450271145910620021e-04 7.469826352393068875e-04
7.970266874987966569e-04 7.880721417942996221e-04 7.805081266522535333e-04 7.740999567444269451e-04 7.690470742340637994e-04 7.652032739758143649e-04 7.621371407634732224e-04 7.591809262261310903e-04 7.568505930748886711e-04 7.545425130853399215e-04 7.524751078925924919e-04 7.511964945435787048e-04 7.500697156765199092e-04 7.496392354665997468e-04 7.491056732126546948e-04 7.494785489209278458e-04 7.500053140349436515e-04 7.502603739470436756e-04 7.512634711455475501e-04 7.517998721787157949e-04 7.512663224630805429e-04 7.474161711133143690e-04 7.426689701384411911e-04 7.409022815263880193e-04 7.421069905426278196e-04 7.440595361419234319e-04
7.945525975596475074e-04 7.856287314290003954e-04 7.780870146667747452e-04 7.717043820398846550e-04 7.666667168593549117e-04 7.628406121675997955e-04 7.597890676173247974e-04 7.568505930748886711e-04 7.545516016500850107e-04 7.522627758337857400e-04 7.502150674526378077e-04 7.489553971910504907e-04 7.478465584991573307e-04 7.474314799902221631e-04 7.469130719727798233e-04 7.472988401300577257e-04 7.478396719860168872e-04 7.481128281600394562e-04 7.491268307382796228e-04 7.496586023472249930e-04 7.490911128096336110e-04 7.451832420938771283e-04 7.403859166770985741e-04 7.385920196561458978e-04 7.397933175624009459e-04 7.417608616208674812e-04
7.920972122552822139e-04 7.832034831192783092e-04 7.756839062573175556e-04 7.693277272826817663e-04 7.643091723250566936e-04 7.604992579470367612e-04 7.574635495944091485e-04 7.545425130853399215e-04 7.522627758337857400e-04 7.500086395531236011e-04 7.479880198980992222e-04 7.467504999144309414e-04 7.456646389470219681e-04 7.452724621322851873e-04 7.447773678758893255e-04 7.451815035730278199e-04 7.457390716755967017e-04 7.460253965537434967e-04 7.470395789384081872e-04 7.475532607612065490e-04 7.469466517512476575e-04 7.429774263953663064e-04 7.381549741683294261e-04 7.363668636905763235e-04 7.375714383081734098e-04 7.395277717139419043e-04
7.899068458026178808e-04 7.810372819160379823e-04 7.735343847239627407e-04 7.671980303517301038e-04 7.621942691884484424e-04 7.584011619907183839e-04 7.553798364446850325e-04 7.524751078925924919e-04 7.502150674526378077e-04 7.479880198980992222e-04 7.460145169729629497e-04 7.448108230823819202e-04 7.437580381352233488e-04 7.433976390241423286e-04 7.429344932890526165e-04 7.433695341143113904e-04 7.439536620321019877e-04 7.442588001506256906e-04 7.452806790405043470e-04 7.457763017534356845e-04 7.451164739096412248e-04 7.410553062382304245e-04 7.361815288014324698e-04 7.343914022796310843e-04 7.355973952472609706e-04 7.375298641487962542e-04
7.885297700748034565e-04 7.796732317202120701e-04 7.721837084653374646e-04 7.658641558507325994e-04 7.608710498930032354e-04 7.570939623085806095e-04 7.540861715824356002e-04 7.511964945435787048e-04 7.489553971910504907e-04 7.467504999144309414e-04 7.448108230823819202e-04 7.436613829561263987e-04 7.426560344327618303e-04 7.423380749929616492e-04 7.419173322957011872e-04 7.423893703439050484e-04 7.430019088866719485e-04 7.433308667544211113e-04 7.443652195109421712e-04 7.448412422890095946e-04 7.440944056295346757e-04 7.398938954123840351e-04 7.349463541002899903e-04 7.331708384250935689e-04 7.344092839896158896e-04 7.363336332772409077e-04
7.873115659637557441e-04 7.784624567503974340e-04 7.709882134469671442e-04 7.646851867507283539e-04 7.597022523088932996e-04 7.559413883968389876e-04 7.529451698245731139e-04 7.500697156765199092e-04 7.478465584991573307e-04 7.456646389470219681e-04 7.437580381352233488e-04 7.426560344327618303e-04 7.417260999239042810e-04 7.414757720058654964e-04 7.411187896341779515e-04 7.416506021070371369e-04 7.423139151820818977e-04 7.426859678029977714e-04 7.437481771822332085e-04 7.442132951472119800e-04 7.433686362260936206e-04 7.389782774588128135e-04 7.338993341028182075e-04 7.320925839125599563e-04 7.333672712956087678e-04 7.353210426147097642e-04
7.868310038844253222e-04 7.779839009108110081e-04 7.705129653983607517e-04 7.642202916285819854e-04 7.592414622372307140e-04 7.554913527156814851e-04 7.525023776631251105e-04 7.496392354665997468e-04 7.474314799902221631e-04 7.452724621322851873e-04 7.433976390241423286e-04 7.423380749929616492e-04 7.414757720058654964e-04 7.413229690122973654e-04 7.410556794647443551e-04 7.416699071804693389e-04 7.424084083835424345e-04 7.428517959017307990e-04 7.439690183644677478e-04 7.444358666705023966e-04 7.434918492389491155e-04 7.388649910806380141e-04 7.336073775040277646e-04 7.317580988403821641e-04 7.330751544012114587e-04 7.350520008428931742e-04
7.862345368175474667e-04 7.773851286533580525e-04 7.699251741047490353e-04 7.636435662101174679e-04 7.586691976407411312e-04 7.549326737034229521e-04 7.519545221405594037e-04 7.491056732126546948e-04 7.469130719727798233e-04 7.447773678758893255e-04 7.429344932890526165e-04 7.419173322957011872e-04 7.411187896341779515e-04 7.410556794647443551e-04 7.409099837896209384e-04 7.416394876121762143e-04 7.424786444684200112e-04 7.430212216752883278e-04 7.442195879757488837e-04 7.447056914969313497e-04 7.436679140800753511e-04 7.387892768631145780e-04 7.333302148333017837e-04 7.314090194539929176e-04 7.326865729823697467e-04 7.346112943366600026e-04
7.865882360069526534e-04 7.777230420795743296e-04 7.702697826845482159e-04 7.639898609023810334e-04 7.590117536367892333e-04 7.552877332968135644e-04 7.523180902781276139e-04 7.494785489209278458e-04 7.472988401300577257e-04 7.451815035730278199e-04 7.433695341143113904e-04 7.423893703439050484e-04 7.416506021070371369e-04 7.416699071804693389e-04 7.416394876121762143e-04 7.425355846604670719e-04 7.435327489867553027e-04 7.442273447079337211e-04 7.455518955552569100e-04 7.460827912015175140e-04 7.449455988337897426e-04 7.397471910909384461e-04 7.339829816753544976e-04 7.319527990402684278e-04 7.331966808583841901e-04 7.350464750689445197e-04
7.871137180358235997e-04 7.782370393203495848e-04 7.707838157955225348e-04 7.645032033202999767e-04 7.595175685329618375e-04 7.557962981297870102e-04 7.528396960052104354e-04 7.500053140349436515e-04 7.478396719860168872e-04 7.457390716755967017e-04 7.439536620321019877e-04 7.430019088866719485e-04 7.423139151820818977e-04 7.424084083835424345e-04 7.424786444684200112e-04 7.435327489867553027e-04 7.447478552587887338e-04 7.456650893194411225e-04 7.471796030182937696e-04 7.478036355827518029e-04 7.465908507657508094e-04 7.410383896426699785e-04 7.348676586103428544e-04 7.326706092161114131e-04 7.338330810282347192e-04 7.356087877896204386e-04
7.873250629853399945e-04 7.784530379066809634e-04 7.710029309340410246e-04 7.647286877782154572e-04 7.597368396100812266e-04 7.560267285793366475e-04 7.530896624898941868e-04 7.502603739470436756e-04 7.481128281600394562e-04 7.460253965537434967e-04 7.442588001506256906e-04 7.433308667544211113e-04 7.426859678029977714e-04 7.428517959017307990e-04 7.430212216752883278e-04 7.442273447079337211e-04 7.456650893194411225e-04 7.469136316946248678e-04 7.487550703964017439e-04 7.496036874377098912e-04 7.483995546844895985e-04 7.424816484398144524e-04 7.357746637116695200e-04 7.332537632488095401e-04 7.342786947729134555e-04 7.359576028798593987e-04
7.883307378982257673e-04 7.794524530164118493e-04 7.720068190344893128e-04 7.657255699499336890e-04 7.607194305703660151e-04 7.570170810634997910e-04 7.540978330360130141e-04 7.512634711455475501e-04 7.491268307382796228e-04 7.470395789384081872e-04 7.452806790405043470e-04 7.443652195109421712e-04 7.437481771822332085e-04 7.439690183644677478e-04 7.442195879757488837e-04 7.455518955552569100e-04 7.471796030182937696e-04 7.487550703964017439e-04 7.510488044546647030e-04 7.522860895889255930e-04 7.512403041966400153e-04 7.450778378981156051e-04 7.377941974862305520e-04 7.348152923740858700e-04 7.356017699585760700e-04 7.371384707308243581e-04
7.888597841321839249e-04 7.799946618019356270e-04 7.725641933904468838e-04 7.662831965705084415e-04 7.612629318906356931e-04 7.575592430223023572e-04 7.546449134694807820e-04 7.517998721787157949e-04 7.496586023472249930e-04 7.475532607612065490e-04 7.457763017534356845e-04 7.448412422890095946e-04 7.442132951472119800e-04 7.444358666705023966e-04 7.447056914969313497e-04 7.460827912015175140e-04 7.478036355827518029e-04 7.496036874377098912e-04 7.522860895889255930e-04 7.541117155190175340e-04 7.535696852233956513e-04 7.475668241989590459e-04 7.398189020568914738e-04 7.361076685855433245e-04 7.366310769800700660e-04 7.380619408869748110e-04
7.883508311818662262e-04 7.795156430065134246e-04 7.721074233335713894e-04 7.658149255572283768e-04 7.607778869953592390e-04 7.570669320497494786e-04 7.541367861887168615e-04 7.512663224630805429e-04 7.490911128096336110e-04 7.469466517512476575e-04 7.451164739096412248e-04 7.440944056295346757e-04 7.433686362260936206e-04 7.434918492389491155e-04 7.436679140800753511e-04 7.449455988337897426e-04 7.465908507657508094e-04 7.483995546844895985e-04 7.512403041966400153e-04 7.535696852233956513e-04 7.539761295126543505e-04 7.489210727460677902e-04 7.412770835995526660e-04 7.367946934421797968e-04 7.369153821664863784e-04 7.381052966375803524e-04
7.844463761764640603e-04 7.756653987620637687e-04 7.683099297046119130e-04 7.620127288301847433e-04 7.569869786452620162e-04 7.532688774952015810e-04 7.503139581242459144e-04 7.474161711133143690e-04 7.451832420938771283e-04 7.429774263953663064e-04 7.410553062382304245e-04 7.398938954123840351e-04 7.389782774588128135e-04 7.388649910806380141e-04 7.387892768631145780e-04 7.397471910909384461e-04 7.410383896426699785e-04 7.424816484398144524e-04 7.450778378981156051e-04 7.475668241989590459e-04 7.489210727460677902e-04 7.458277849056294375e-04 7.395271543780787028e-04 7.347488648821816262e-04 7.340033680861788321e-04 7.347567175339768256e-04
7.796725953310452290e-04 7.709000829913291225e-04 7.635858784521315674e-04 7.572912018859340741e-04 7.522856302058365157e-04 7.485583703190809264e-04 7.455768700571021755e-04 7.426689701384411911e-04 7.403859166770985741e-04 7.381549741683294261e-04 7.361815288014324698e-04 7.349463541002899903e-04 7.338993341028182075e-04 7.336073775040277646e-04 7.333302148333017837e-04 7.339829816753544976e-04 7.348676586103428544e-04 7.357746637116695200e-04 7.377941974862305520e-04 7.398189020568914738e-04 7.412770835995526660e-04 7.395271543780787028e-04 7.355827681377463678e-04 7.320922566274330051e-04 7.304736042519537412e-04 7.305647343744434792e-04
7.779928513033550945e-04 7.691895868819741003e-04 7.618659483101122105e-04 7.555577932932133626e-04 7.505593672583382508e-04 7.468025783671468961e-04 7.438136057435051213e-04 7.409022815263880193e-04 7.385920196561458978e-04 7.363668636905763235e-04 7.343914022796310843e-04 7.331708384250935689e-04 7.320925839125599563e-04 7.317580988403821641e-04 7.314090194539929176e-04 7.319527990402684278e-04 7.326706092161114131e-04 7.332537632488095401e-04 7.348152923740858700e-04 7.361076685855433245e-04 7.367946934421797968e-04 7.347488648821816262e-04 7.320922566274330051e-04 7.314887918719795287e-04 7.306634657609602842e-04 7.299038446292819421e-04
7.792346186866749846e-04 7.704557836200249567e-04 7.630691999985213334e-04 7.567666120275357185e-04 7.517805911790319045e-04 7.480416208966150088e-04 7.450271145910620021e-04 7.421069905426278196e-04 7.397933175624009459e-04 7.375714383081734098e-04 7.355973952472609706e-04 7.344092839896158896e-04 7.333672712956087678e-04 7.330751544012114587e-04 7.326865729823697467e-04 7.331966808583841901e-04 7.338330810282347192e-04 7.342786947729134555e-04 7.356017699585760700e-04 7.366310769800700660e-04 7.369153821664863784e-04 7.340033680861788321e-04 7.304736042519537412e-04 7.306634657609602842e-04 7.334482864594715290e-04 7.336950021006609281e-04
7.811907666726356078e-04 7.724422871624742754e-04 7.650067167745434058e-04 7.587196023486666432e-04 7.537342584508879059e-04 7.500301467928046370e-04 7.469826352393068875e-04 7.440595361419234319e-04 7.417608616208674812e-04 7.395277717139419043e-04 7.375298641487962542e-04 7.363336332772409077e-04 7.353210426147097642e-04 7.350520008428931742e-04 7.346112943366600026e-04 7.350464750689445197e-04 7.356087877896204386e-04 7.359576028798593987e-04 7.371384707308243581e-04 7.380619408869748110e-04 7.381052966375803524e-04 7.347567175339768256e-04 7.305647343744434792e-04 7.299038446292819421e-04 7.336950021006609281e-04 7.372702198210718746e-04
