1.905807585059381885e-04 1.902780914230287849e-04 1.895234995170089274e-04 1.892746546072772288e-04 1.889260649680833085e-04 1.887199196367112723e-04 1.884596287518268951e-04 1.881483641142407540e-04 1.880068170386523126e-04 1.878418000604808167e-04 1.877956866360118156e-04 1.882026628502985193e-04 1.885269385206596565e-04 1.888608952588307504e-04 1.894753865228915584e-04 1.901639612402028880e-04 1.909540145885414361e-04 1.918960482917643799e-04 1.927459004464309855e-04 1.940525671092128393e-04 1.946685553457092521e-04 1.943865860848806922e-04 1.936894044504708443e-04 1.926698599105519118e-04 1.899992434011118147e-04 1.885071973620810267e-04
1.902780914230287849e-04 1.900842829159131409e-04 1.892931071561981045e-04 1.890433107315560312e-04 1.886905913298635314e-04 1.884800388777155657e-04 1.882199069844762605e-04 1.879074562824698035e-04 1.877676925548774935e-04 1.876069529183563842e-04 1.875636705990631160e-04 1.879709293020640978e-04 1.882889249010974929e-04 1.886147998508730687e-04 1.892274476681694167e-04 1.899188852792648460e-04 1.907057059926956443e-04 1.916428329290534804e-04 1.924880959696905185e-04 1.938001558601784905e-04 1.944235817347070012e-04 1.941376150294541652e-04 1.934581183118941393e-04 1.924518922311838510e-04 1.897770553856296179e-04 1.882646815782805755e-04
1.895234995170089274e-04 1.892931071561981045e-04 1.885907293475486189e-04 1.883173145033526343e-04 1.879649617067503053e-04 1.877579177849954479e-04 1.874977818936795603e-04 1.871881053566858838e-04 1.870479426024425243e-04 1.868879196291311758e-04 1.868455018503080726e-04 1.872520184304901278e-04 1.875730998758946789e-04 1.879041842450268097e-04 1.885177611405470719e-04 1.892016489328594137e-04 1.899767983453277379e-04 1.909013944648753629e-04 1.917348304390428262e-04 1.930254873314076662e-04 1.936410132021737138e-04 1.933693062395347190e-04 1.926995616373922799e-04 1.916847390549356208e-04 1.889861719100798497e-04 1.874740096463413982e-04
1.892746546072772288e-04 1.890433107315560312e-04 1.883173145033526343e-04 1.880961173860944526e-04 1.877362883509594085e-04 1.875304474046016092e-04 1.872732188002519855e-04 1.869658813054910244e-04 1.868283834842336471e-04 1.866705761061549689e-04 1.866301613183372627e-04 1.870366780684271340e-04 1.873570695594932044e-04 1.876898453472072175e-04 1.883006171830234885e-04 1.889835470037689029e-04 1.897591177728619486e-04 1.906851420905946153e-04 1.915177407106144968e-04 1.928110968238773741e-04 1.934227303241450239e-04 1.931379207070239585e-04 1.924641664676297393e-04 1.914651373311924900e-04 1.887935989629472536e-04 1.872743896912359551e-04
1.889260649680833085e-04 1.886905913298635314e-04 1.879649617067503053e-04 1.877362883509594085e-04 1.874105775940139819e-04 1.871996434233233909e-04 1.869431616215867082e-04 1.866358541682887166e-04 1.864990645314539290e-04 1.863430760314721893e-04 1.863010484895745965e-04 1.867080579270069703e-04 1.870287590882805133e-04 1.873578204958779750e-04 1.879617178008948658e-04 1.886384760001823366e-04 1.894117287743461340e-04 1.903361665819251086e-04 1.911656314677749916e-04 1.924536982017510352e-04 1.930642883783347549e-04 1.927823141250245608e-04 1.921073010258493303e-04 1.911040537176197267e-04 1.884241587498551368e-04 1.868955055179086124e-04
1.887199196367112723e-04 1.884800388777155657e-04 1.877579177849954479e-04 1.875304474046016092e-04 1.871996434233233909e-04 1.870160737120608147e-04 1.867584622184236681e-04 1.864521461772320583e-04 1.863197410501439403e-04 1.861653988325917531e-04 1.861259360340299736e-04 1.865357600320375383e-04 1.868582869221034051e-04 1.871869614543767183e-04 1.877904185622822353e-04 1.884621559793492004e-04 1.892314159567956642e-04 1.901488729442625395e-04 1.909760037423919037e-04 1.922607849733086092e-04 1.928629777523654791e-04 1.925706148380556388e-04 1.918891697296910414e-04 1.908867948448226659e-04 1.882166756538715846e-04 1.866893503927159552e-04
1.884596287518268951e-04 1.882199069844762605e-04 1.874977818936795603e-04 1.872732188002519855e-04 1.869431616215867082e-04 1.867584622184236681e-04 1.865254742316199775e-04 1.862220803878439444e-04 1.860941785668655964e-04 1.859433004442633452e-04 1.859054429552512713e-04 1.863206586294959314e-04 1.866501757934435602e-04 1.869823105284522966e-04 1.875836142335263830e-04 1.882553025611062613e-04 1.890254212662976704e-04 1.899476444739362836e-04 1.907772656998772134e-04 1.920607254398227430e-04 1.926550233156841454e-04 1.923464550663365872e-04 1.916611901574148593e-04 1.906551667216064064e-04 1.879888850714879316e-04 1.864644329616934432e-04
1.881483641142407540e-04 1.879074562824698035e-04 1.871881053566858838e-04 1.869658813054910244e-04 1.866358541682887166e-04 1.864521461772320583e-04 1.862220803878439444e-04 1.859391118415474264e-04 1.858162664856954059e-04 1.856683650742804292e-04 1.856345992026808324e-04 1.860546335335421734e-04 1.863889994756922643e-04 1.867268442669593905e-04 1.873297322677068067e-04 1.880003954806359673e-04 1.887686638206325426e-04 1.896911458132119520e-04 1.905224950863879455e-04 1.918100642496268810e-04 1.924026181057264247e-04 1.920869232727701709e-04 1.913956934403761312e-04 1.903736735122689341e-04 1.877118644365833688e-04 1.861975272687228030e-04
1.880068170386523126e-04 1.877676925548774935e-04 1.870479426024425243e-04 1.868283834842336471e-04 1.864990645314539290e-04 1.863197410501439403e-04 1.860941785668655964e-04 1.858162664856954059e-04 1.857152731366326485e-04 1.855769816883216837e-04 1.855522230708932881e-04 1.859828204471570537e-04 1.863268863968827371e-04 1.866726283794898581e-04 1.872825430852646258e-04 1.879600363311924316e-04 1.887331248912190135e-04 1.896630992069200667e-04 1.905038054879439925e-04 1.917928752023220556e-04 1.923682752180130916e-04 1.920156228526217980e-04 1.913025348391185693e-04 1.902645898957486964e-04 1.876043445396359045e-04 1.860900479701559258e-04
1.878418000604808167e-04 1.876069529183563842e-04 1.868879196291311758e-04 1.866705761061549689e-04 1.863430760314721893e-04 1.861653988325917531e-04 1.859433004442633452e-04 1.856683650742804292e-04 1.855769816883216837e-04 1.854625890971309200e-04 1.854494258314302770e-04 1.858900991131392968e-04 1.862436909239855310e-04 1.865981893319862645e-04 1.872155337757412338e-04 1.878962740528168488e-04 1.886723695209126738e-04 1.896035986554850145e-04 1.904505766198410349e-04 1.917394523425073520e-04 1.922949283301093708e-04 1.919007474971364837e-04 1.911700666575894697e-04 1.901123963096065903e-04 1.874261876614947194e-04 1.859139237761072653e-04
1.877956866360118156e-04 1.875636705990631160e-04 1.868455018503080726e-04 1.866301613183372627e-04 1.863010484895745965e-04 1.861259360340299736e-04 1.859054429552512713e-04 1.856345992026808324e-04 1.855522230708932881e-04 1.854494258314302770e-04 1.854604546598301600e-04 1.859158593380614958e-04 1.862813347998452918e-04 1.866479945526083905e-04 1.872775261993995534e-04 1.879684457388455733e-04 1.887516544592679165e-04 1.896939658568937061e-04 1.905520322339166004e-04 1.918467934568878592e-04 1.923848774943491351e-04 1.919501515758790220e-04 1.912056184668409827e-04 1.901379662220996976e-04 1.874429945430405181e-04 1.859245942066891060e-04
1.882026628502985193e-04 1.879709293020640978e-04 1.872520184304901278e-04 1.870366780684271340e-04 1.867080579270069703e-04 1.865357600320375383e-04 1.863206586294959314e-04 1.860546335335421734e-04 1.859828204471570537e-04 1.858900991131392968e-04 1.859158593380614958e-04 1.864036752430724456e-04 1.867919218676855760e-04 1.871780622771062447e-04 1.878292132583667833e-04 1.885377053359194055e-04 1.893320235207465306e-04 1.902832622939326613e-04 1.911503973902824215e-04 1.924474521018691752e-04 1.929521801506823002e-04 1.924552488258380939e-04 1.916949305418514846e-04 1.906180618683186924e-04 1.878971742959615818e-04 1.863527627265520634e-04
1.885269385206596565e-04 1.882889249010974929e-04 1.875730998758946789e-04 1.873570695594932044e-04 1.870287590882805133e-04 1.868582869221034051e-04 1.866501757934435602e-04 1.863889994756922643e-04 1.863268863968827371e-04 1.862436909239855310e-04 1.862813347998452918e-04 1.867919218676855760e-04 1.872174537036601111e-04 1.876304772272536093e-04 1.883033615455281513e-04 1.890326373395787387e-04 1.898405037143252811e-04 1.908074325373947404e-04 1.916906601132853253e-04 1.929996662223990391e-04 1.934828683735852531e-04 1.929323657192892052e-04 1.921491136338429964e-04 1.910606624537822631e-04 1.883089251831381494e-04 1.867169237060448865e-04
1.888608952588307504e-04 1.886147998508730687e-04 1.879041842450268097e-04 1.876898453472072175e-04 1.873578204958779750e-04 1.871869614543767183e-04 1.869823105284522966e-04 1.867268442669593905e-04 1.866726283794898581e-04 1.865981893319862645e-04 1.866479945526083905e-04 1.871780622771062447e-04 1.876304772272536093e-04 1.880941682026643672e-04 1.888109977066746315e-04 1.895782079123903003e-04 1.904135582405116318e-04 1.914077856324995319e-04 1.923149458426711279e-04 1.936393888576896265e-04 1.940945178523216681e-04 1.934559793584987955e-04 1.926260655578480451e-04 1.915261262190204739e-04 1.887378377234236626e-04 1.870974916499110240e-04
1.894753865228915584e-04 1.892274476681694167e-04 1.885177611405470719e-04 1.883006171830234885e-04 1.879617178008948658e-04 1.877904185622822353e-04 1.875836142335263830e-04 1.873297322677068067e-04 1.872825430852646258e-04 1.872155337757412338e-04 1.872775261993995534e-04 1.878292132583667833e-04 1.883033615455281513e-04 1.888109977066746315e-04 1.895963548383356270e-04 1.904244725724132676e-04 1.913049136791252478e-04 1.923321596407006435e-04 1.932706212814301627e-04 1.946259119715009758e-04 1.950524509099959213e-04 1.943022731379165922e-04 1.934018480765180834e-04 1.922774960600657753e-04 1.894445242949882406e-04 1.877500642718873286e-04
1.901639612402028880e-04 1.899188852792648460e-04 1.892016489328594137e-04 1.889835470037689029e-04 1.886384760001823366e-04 1.884621559793492004e-04 1.882553025611062613e-04 1.880003954806359673e-04 1.879600363311924316e-04 1.878962740528168488e-04 1.879684457388455733e-04 1.885377053359194055e-04 1.890326373395787387e-04 1.895782079123903003e-04 1.904244725724132676e-04 1.913477427293160886e-04 1.923074309610907752e-04 1.933987869667615125e-04 1.943940870557634185e-04 1.958023769099603753e-04 1.962104064252914726e-04 1.953396210606395968e-04 1.943398455729406296e-04 1.931956722416466898e-04 1.903268295534326943e-04 1.885759960836903186e-04
1.909540145885414361e-04 1.907057059926956443e-04 1.899767983453277379e-04 1.897591177728619486e-04 1.894117287743461340e-04 1.892314159567956642e-04 1.890254212662976704e-04 1.887686638206325426e-04 1.887331248912190135e-04 1.886723695209126738e-04 1.887516544592679165e-04 1.893320235207465306e-04 1.898405037143252811e-04 1.904135582405116318e-04 1.913049136791252478e-04 1.923074309610907752e-04 1.933861564193655597e-04 1.945859923819744965e-04 1.956668605004808679e-04 1.971419047608686441e-04 1.975318677195886494e-04 1.965244035009510262e-04 1.953597523695858331e-04 1.941721214630509043e-04 1.912602600112759733e-04 1.894873928385797915e-04
1.918960482917643799e-04 1.916428329290534804e-04 1.909013944648753629e-04 1.906851420905946153e-04 1.903361665819251086e-04 1.901488729442625395e-04 1.899476444739362836e-04 1.896911458132119520e-04 1.896630992069200667e-04 1.896035986554850145e-04 1.896939658568937061e-04 1.902832622939326613e-04 1.908074325373947404e-04 1.914077856324995319e-04 1.923321596407006435e-04 1.933987869667615125e-04 1.945859923819744965e-04 1.959542725886278863e-04 1.971856246190819108e-04 1.987711809015898622e-04 1.991751380299311295e-04 1.980410257203628615e-04 1.966373716932837850e-04 1.953751851048718250e-04 1.924545286315838171e-04 1.906724297470925600e-04
1.927459004464309855e-04 1.924880959696905185e-04 1.917348304390428262e-04 1.915177407106144968e-04 1.911656314677749916e-04 1.909760037423919037e-04 1.907772656998772134e-04 1.905224950863879455e-04 1.905038054879439925e-04 1.904505766198410349e-04 1.905520322339166004e-04 1.911503973902824215e-04 1.916906601132853253e-04 1.923149458426711279e-04 1.932706212814301627e-04 1.943940870557634185e-04 1.956668605004808679e-04 1.971856246190819108e-04 1.986399776559359914e-04 2.004230426512069768e-04 2.009085336363884092e-04 1.996817050873478296e-04 1.980025782540497249e-04 1.966001302822960816e-04 1.936662497216419369e-04 1.918289624036858859e-04
1.940525671092128393e-04 1.938001558601784905e-04 1.930254873314076662e-04 1.928110968238773741e-04 1.924536982017510352e-04 1.922607849733086092e-04 1.920607254398227430e-04 1.918100642496268810e-04 1.917928752023220556e-04 1.917394523425073520e-04 1.918467934568878592e-04 1.924474521018691752e-04 1.929996662223990391e-04 1.936393888576896265e-04 1.946259119715009758e-04 1.958023769099603753e-04 1.971419047608686441e-04 1.987711809015898622e-04 2.004230426512069768e-04 2.025497717513516014e-04 2.032942680453422922e-04 2.020842465539981906e-04 2.001089017803498588e-04 1.983850192245252705e-04 1.953815996922032361e-04 1.934737369695664773e-04
1.946685553457092521e-04 1.944235817347070012e-04 1.936410132021737138e-04 1.934227303241450239e-04 1.930642883783347549e-04 1.928629777523654791e-04 1.926550233156841454e-04 1.924026181057264247e-04 1.923682752180130916e-04 1.922949283301093708e-04 1.923848774943491351e-04 1.929521801506823002e-04 1.934828683735852531e-04 1.940945178523216681e-04 1.950524509099959213e-04 1.962104064252914726e-04 1.975318677195886494e-04 1.991751380299311295e-04 2.009085336363884092e-04 2.032942680453422922e-04 2.045030822701972230e-04 2.036543593152726026e-04 2.016372495783883998e-04 1.994876654552814375e-04 1.963695413261721233e-04 1.944269214807775180e-04
1.943865860848806922e-04 1.941376150294541652e-04 1.933693062395347190e-04 1.931379207070239585e-04 1.927823141250245608e-04 1.925706148380556388e-04 1.923464550663365872e-04 1.920869232727701709e-04 1.920156228526217980e-04 1.919007474971364837e-04 1.919501515758790220e-04 1.924552488258380939e-04 1.929323657192892052e-04 1.934559793584987955e-04 1.943022731379165922e-04 1.953396210606395968e-04 1.965244035009510262e-04 1.980410257203628615e-04 1.996817050873478296e-04 2.020842465539981906e-04 2.036543593152726026e-04 2.036198950651417039e-04 2.021029646633396980e-04 1.997539871633958910e-04 1.964103232055554977e-04 1.945016011506920241e-04
1.936894044504708443e-04 1.934581183118941393e-04 1.926995616373922799e-04 1.924641664676297393e-04 1.921073010258493303e-04 1.918891697296910414e-04 1.916611901574148593e-04 1.913956934403761312e-04 1.913025348391185693e-04 1.911700666575894697e-04 1.912056184668409827e-04 1.916949305418514846e-04 1.921491136338429964e-04 1.926260655578480451e-04 1.934018480765180834e-04 1.943398455729406296e-04 1.953597523695858331e-04 1.966373716932837850e-04 1.980025782540497249e-04 2.001089017803498588e-04 2.016372495783883998e-04 2.021029646633396980e-04 2.016826996029116110e-04 1.998912344335172775e-04 1.962002476750368367e-04 1.940591924857723908e-04
1.926698599105519118e-04 1.924518922311838510e-04 1.916847390549356208e-04 1.914651373311924900e-04 1.911040537176197267e-04 1.908867948448226659e-04 1.906551667216064064e-04 1.903736735122689341e-04 1.902645898957486964e-04 1.901123963096065903e-04 1.901379662220996976e-04 1.906180618683186924e-04 1.910606624537822631e-04 1.915261262190204739e-04 1.922774960600657753e-04 1.931956722416466898e-04 1.941721214630509043e-04 1.953751851048718250e-04 1.966001302822960816e-04 1.983850192245252705e-04 1.994876654552814375e-04 1.997539871633958910e-04 1.998912344335172775e-04 1.994399936116130574e-04 1.959851429931059913e-04 1.933622598677197735e-04
1.899992434011118147e-04 1.897770553856296179e-04 1.889861719100798497e-04 1.887935989629472536e-04 1.884241587498551368e-04 1.882166756538715846e-04 1.879888850714879316e-04 1.877118644365833688e-04 1.876043445396359045e-04 1.874261876614947194e-04 1.874429945430405181e-04 1.878971742959615818e-04 1.883089251831381494e-04 1.887378377234236626e-04 1.894445242949882406e-04 1.903268295534326943e-04 1.912602600112759733e-04 1.924545286315838171e-04 1.936662497216419369e-04 1.953815996922032361e-04 1.963695413261721233e-04 1.964103232055554977e-04 1.962002476750368367e-04 1.959851429931059913e-04 1.938174595366274646e-04 1.913389775594262466e-04
1.885071973620810267e-04 1.882646815782805755e-04 1.874740096463413982e-04 1.872743896912359551e-04 1.868955055179086124e-04 1.866893503927159552e-04 1.864644329616934432e-04 1.861975272687228030e-04 1.860900479701559258e-04 1.859139237761072653e-04 1.859245942066891060e-04 1.863527627265520634e-04 1.867169237060448865e-04 1.870974916499110240e-04 1.877500642718873286e-04 1.885759960836903186e-04 1.894873928385797915e-04 1.906724297470925600e-04 1.918289624036858859e-04 1.934737369695664773e-04 1.944269214807775180e-04 1.945016011506920241e-04 1.940591924857723908e-04 1.933622598677197735e-04 1.913389775594262466e-04 1.902471523243017145e-04
