7.778108684202548508e-04 7.723514521411557927e-04 7.682333239331375855e-04 7.647472694913278824e-04 7.621437856165049667e-04 7.597066023195497798e-04 7.583737687093135543e-04 7.576907120452278923e-04 7.565624224259753956e-04 7.555548444649153907e-04 7.546722897439842991e-04 7.543563702777393229e-04 7.543921279836431027e-04 7.548044003566313975e-04 7.550617761169207444e-04 7.561301546824775871e-04 7.570705883763205251e-04 7.578172932684296538e-04 7.593978507365745914e-04 7.602278075871286107e-04 7.596812232207123200e-04 7.561038890802694156e-04 7.512636689801683058e-04 7.495595508996450319e-04 7.513609596598137081e-04 7.538006506867443940e-04
7.723514521411557927e-04 7.670115339140309938e-04 7.629052630631242638e-04 7.594456661161308724e-04 7.568561500331677256e-04 7.544407304575990233e-04 7.531194914696213039e-04 7.524425180921711373e-04 7.513242666824689053e-04 7.503307884470622035e-04 7.494617981502014071e-04 7.491536813566668489e-04 7.491947461599853713e-04 7.496097960676355700e-04 7.498736236962698365e-04 7.509448825050961526e-04 7.518930408882565451e-04 7.526523164242607386e-04 7.542361717197045706e-04 7.550539680477604378e-04 7.544810701956379193e-04 7.508756204403806275e-04 7.460568700897321839e-04 7.443887221037161391e-04 7.461814033995092755e-04 7.486181581937050369e-04
7.682333239331375855e-04 7.629052630631242638e-04 7.588759305099540293e-04 7.554213387593605592e-04 7.528479654452810768e-04 7.504474838915825173e-04 7.491376966792953965e-04 7.484656117241079163e-04 7.473534080889692724e-04 7.463642565087222607e-04 7.455009641157588681e-04 7.451981077046768587e-04 7.452407361292843601e-04 7.456491342955672095e-04 7.459141724111566143e-04 7.469867652795017087e-04 7.479346828169784267e-04 7.486967133335459615e-04 7.502800337404421684e-04 7.510943244919811388e-04 7.505308579641283570e-04 7.469497025085584940e-04 7.421376180881351708e-04 7.404395465537580521e-04 7.421796029721260428e-04 7.446146094733730250e-04
7.647472694913278824e-04 7.594456661161308724e-04 7.554213387593605592e-04 7.520286398003233610e-04 7.494610816252398645e-04 7.470720989967346301e-04 7.457692367048804902e-04 7.450995384087511116e-04 7.439961119290025484e-04 7.430117748449830079e-04 7.421527828094029574e-04 7.418490648496790579e-04 7.418920292886579428e-04 7.422981297661293337e-04 7.425627685073304691e-04 7.436268872288598775e-04 7.445665339989701505e-04 7.453266505889918989e-04 7.469099282303831014e-04 7.477318360368069095e-04 7.471782802676824693e-04 7.436109936354165853e-04 7.388107897062406223e-04 7.371109644110482220e-04 7.388400458948736699e-04 7.412756522820181191e-04
7.621437856165049667e-04 7.568561500331677256e-04 7.528479654452810768e-04 7.494610816252398645e-04 7.469363220112959023e-04 7.445568057687664389e-04 7.432593895389136241e-04 7.425946658747690186e-04 7.414962810616902147e-04 7.405204547261639951e-04 7.396653166654321848e-04 7.393665382186734953e-04 7.394141699593495239e-04 7.398226381182846723e-04 7.400883072027611333e-04 7.411505559006490709e-04 7.420813391012292051e-04 7.428376181801644908e-04 7.444072049023540798e-04 7.452120755241262119e-04 7.446284025602325444e-04 7.410245153883247490e-04 7.362126870817715550e-04 7.345313327706586492e-04 7.363048250603724696e-04 7.387269145733385989e-04
7.597066023195497798e-04 7.544407304575990233e-04 7.504474838915825173e-04 7.470720989967346301e-04 7.445568057687664389e-04 7.422145889806210485e-04 7.409228868637909339e-04 7.402621802350962650e-04 7.391698430477851431e-04 7.382018224172146948e-04 7.373555164142672281e-04 7.370647843820809370e-04 7.371199897474511528e-04 7.375343065232235545e-04 7.378080718873411938e-04 7.388784843876175772e-04 7.398168759571196844e-04 7.405902539726289067e-04 7.421704297986125029e-04 7.429714645185302342e-04 7.423681245511599448e-04 7.387388609429753998e-04 7.338947646194827644e-04 7.321670455066154421e-04 7.339475095568116607e-04 7.363891114016666998e-04
7.583737687093135543e-04 7.531194914696213039e-04 7.491376966792953965e-04 7.457692367048804902e-04 7.432593895389136241e-04 7.409228868637909339e-04 7.396576873170400976e-04 7.390012650201480604e-04 7.379153711219431930e-04 7.369564320614339220e-04 7.361219944687894976e-04 7.358439171228445957e-04 7.359119335673674090e-04 7.363387650361596492e-04 7.366275287704669803e-04 7.377123869126387149e-04 7.386649320579709386e-04 7.394543748471449265e-04 7.410497596258943309e-04 7.418516692398401634e-04 7.412284780643820523e-04 7.375610724712531414e-04 7.326830331512723411e-04 7.309236807484024946e-04 7.326691514650139538e-04 7.350908645682763297e-04
7.576907120452278923e-04 7.524425180921711373e-04 7.484656117241079163e-04 7.450995384087511116e-04 7.425946658747690186e-04 7.402621802350962650e-04 7.390012650201480604e-04 7.383639221714142272e-04 7.372858247499035301e-04 7.363339998240539920e-04 7.355087636540832800e-04 7.352402939368629826e-04 7.353189082101510695e-04 7.357561240269299557e-04 7.360552406267199376e-04 7.371484681125129151e-04 7.381088437362137234e-04 7.389088810588273840e-04 7.405115639730774522e-04 7.413120663836906925e-04 7.406693889452960070e-04 7.369658700269532750e-04 7.320623812239399064e-04 7.302906405617643057e-04 7.320175361115610234e-04 7.344703025997123026e-04
7.565624224259753956e-04 7.513242666824689053e-04 7.473534080889692724e-04 7.439961119290025484e-04 7.414962810616902147e-04 7.391698430477851431e-04 7.379153711219431930e-04 7.372858247499035301e-04 7.362326512336812064e-04 7.352945137173508283e-04 7.344869241627113247e-04 7.342340921018280673e-04 7.343281554749002274e-04 7.347793661744683172e-04 7.350919662940642949e-04 7.361970079025382824e-04 7.371686921705268005e-04 7.379836476906382085e-04 7.395945781924458465e-04 7.403920915135910660e-04 7.397198005517278919e-04 7.359688024786306768e-04 7.310352744070520905e-04 7.292496467352586192e-04 7.309767232981032037e-04 7.334428250903899478e-04
7.555548444649153907e-04 7.503307884470622035e-04 7.463642565087222607e-04 7.430117748449830079e-04 7.405204547261639951e-04 7.382018224172146948e-04 7.369564320614339220e-04 7.363339998240539920e-04 7.352945137173508283e-04 7.343839632870021589e-04 7.335989169714539739e-04 7.333653015771727764e-04 7.334809984941368776e-04 7.339517335100859434e-04 7.342830515986838386e-04 7.354045039432398345e-04 7.363927088542313818e-04 7.372223295071609738e-04 7.388363732711912850e-04 7.396152056419550693e-04 7.388952819106861395e-04 7.350729281654550017e-04 7.301097539739289169e-04 7.283272565787163571e-04 7.300438080721615829e-04 7.324952409765341909e-04
7.546722897439842991e-04 7.494617981502014071e-04 7.455009641157588681e-04 7.421527828094029574e-04 7.396653166654321848e-04 7.373555164142672281e-04 7.361219944687894976e-04 7.355087636540832800e-04 7.344869241627113247e-04 7.335989169714539739e-04 7.328586083354242126e-04 7.326587050575995071e-04 7.328058675819149482e-04 7.333079175660719420e-04 7.336678476289017680e-04 7.348186127843543301e-04 7.358361888191981446e-04 7.366937840382859707e-04 7.383238669237244698e-04 7.390798555470090136e-04 7.382862743173736111e-04 7.343445062285545739e-04 7.293148754777043332e-04 7.275291388110913986e-04 7.292376546487116347e-04 7.316757807393526073e-04
7.543563702777393229e-04 7.491536813566668489e-04 7.451981077046768587e-04 7.418490648496790579e-04 7.393665382186734953e-04 7.370647843820809370e-04 7.358439171228445957e-04 7.352402939368629826e-04 7.342340921018280673e-04 7.333653015771727764e-04 7.326587050575995071e-04 7.325082792824996747e-04 7.326956284874805957e-04 7.332360233445075993e-04 7.336338527351550856e-04 7.348227952695893239e-04 7.358765630301523399e-04 7.367677830773397768e-04 7.384182974696693567e-04 7.391535011625086169e-04 7.382649880421905762e-04 7.341702921126864968e-04 7.290664418662837990e-04 7.272918876714609942e-04 7.289927541387327195e-04 7.314210098583873295e-04
7.543921279836431027e-04 7.491947461599853713e-04 7.452407361292843601e-04 7.418920292886579428e-04 7.394141699593495239e-04 7.371199897474511528e-04 7.359119335673674090e-04 7.353189082101510695e-04 7.343281554749002274e-04 7.334809984941368776e-04 7.328058675819149482e-04 7.326956284874805957e-04 7.329461457049424138e-04 7.335460665514952853e-04 7.340008912283591848e-04 7.352453573799967289e-04 7.363517892123529109e-04 7.372917152783265305e-04 7.389751811604510119e-04 7.397018588874790940e-04 7.387193514872490143e-04 7.344369540169813941e-04 7.292001654028357942e-04 7.273877996026488707e-04 7.291067010750914082e-04 7.315603984706126484e-04
7.548044003566313975e-04 7.496097960676355700e-04 7.456491342955672095e-04 7.422981297661293337e-04 7.398226381182846723e-04 7.375343065232235545e-04 7.363387650361596492e-04 7.357561240269299557e-04 7.347793661744683172e-04 7.339517335100859434e-04 7.333079175660719420e-04 7.332360233445075993e-04 7.335460665514952853e-04 7.342360011698051197e-04 7.347731845686588390e-04 7.360958966414423875e-04 7.372772154055136796e-04 7.382902377657196095e-04 7.400357824763883693e-04 7.407709295198475642e-04 7.396913723493634763e-04 7.351683806632193898e-04 7.297594666001390234e-04 7.279125504366252544e-04 7.296637330610777385e-04 7.321342091958557953e-04
7.550617761169207444e-04 7.498736236962698365e-04 7.459141724111566143e-04 7.425627685073304691e-04 7.400883072027611333e-04 7.378080718873411938e-04 7.366275287704669803e-04 7.360552406267199376e-04 7.350919662940642949e-04 7.342830515986838386e-04 7.336678476289017680e-04 7.336338527351550856e-04 7.340008912283591848e-04 7.347731845686588390e-04 7.354253783224442816e-04 7.368609360067467084e-04 7.381465018502605295e-04 7.392614286471607980e-04 7.410942455275050956e-04 7.418554076356710181e-04 7.406921956967437923e-04 7.359191325252073057e-04 7.303036800700667391e-04 7.283694391309867601e-04 7.300607378729963596e-04 7.324753223977103177e-04
7.561301546824775871e-04 7.509448825050961526e-04 7.469867652795017087e-04 7.436268872288598775e-04 7.411505559006490709e-04 7.388784843876175772e-04 7.377123869126387149e-04 7.371484681125129151e-04 7.361970079025382824e-04 7.354045039432398345e-04 7.348186127843543301e-04 7.348227952695893239e-04 7.352453573799967289e-04 7.360958966414423875e-04 7.368609360067467084e-04 7.384568974371110263e-04 7.398988476876122797e-04 7.411607095051234205e-04 7.431197853908543330e-04 7.439309815057707160e-04 7.426787782000792261e-04 7.375903703233798077e-04 7.316701156494247356e-04 7.296082022287588833e-04 7.312384375533920048e-04 7.335708575565246100e-04
7.570705883763205251e-04 7.518930408882565451e-04 7.479346828169784267e-04 7.445665339989701505e-04 7.420813391012292051e-04 7.398168759571196844e-04 7.386649320579709386e-04 7.381088437362137234e-04 7.371686921705268005e-04 7.363927088542313818e-04 7.358361888191981446e-04 7.358765630301523399e-04 7.363517892123529109e-04 7.372772154055136796e-04 7.381465018502605295e-04 7.398988476876122797e-04 7.415582648119312982e-04 7.430418315826627053e-04 7.451912998790482167e-04 7.460989510797371533e-04 7.447814022583796245e-04 7.393455389137037863e-04 7.330251262079267010e-04 7.307975738607413053e-04 7.323421557944122858e-04 7.345841119909707903e-04
7.578172932684296538e-04 7.526523164242607386e-04 7.486967133335459615e-04 7.453266505889918989e-04 7.428376181801644908e-04 7.405902539726289067e-04 7.394543748471449265e-04 7.389088810588273840e-04 7.379836476906382085e-04 7.372223295071609738e-04 7.366937840382859707e-04 7.367677830773397768e-04 7.372917152783265305e-04 7.382902377657196095e-04 7.392614286471607980e-04 7.411607095051234205e-04 7.430418315826627053e-04 7.448490028311040680e-04 7.473104298033686217e-04 7.484286178423512660e-04 7.471147477545947912e-04 7.413232286955704058e-04 7.344820882347131074e-04 7.319443428557105081e-04 7.333746210993011836e-04 7.355198997855234497e-04
7.593978507365745914e-04 7.542361717197045706e-04 7.502800337404421684e-04 7.469099282303831014e-04 7.444072049023540798e-04 7.421704297986125029e-04 7.410497596258943309e-04 7.405115639730774522e-04 7.395945781924458465e-04 7.388363732711912850e-04 7.383238669237244698e-04 7.384182974696693567e-04 7.389751811604510119e-04 7.400357824763883693e-04 7.410942455275050956e-04 7.431197853908543330e-04 7.451912998790482167e-04 7.473104298033686217e-04 7.501931844150471623e-04 7.516645226488893146e-04 7.504942707920445912e-04 7.444630578727288572e-04 7.370754201313050842e-04 7.341090863719914152e-04 7.353260126440474978e-04 7.373269198275700766e-04
7.602278075871286107e-04 7.550539680477604378e-04 7.510943244919811388e-04 7.477318360368069095e-04 7.452120755241262119e-04 7.429714645185302342e-04 7.418516692398401634e-04 7.413120663836906925e-04 7.403920915135910660e-04 7.396152056419550693e-04 7.390798555470090136e-04 7.391535011625086169e-04 7.397018588874790940e-04 7.407709295198475642e-04 7.418554076356710181e-04 7.439309815057707160e-04 7.460989510797371533e-04 7.484286178423512660e-04 7.516645226488893146e-04 7.536667755398345587e-04 7.529827915202641758e-04 7.470963877382035684e-04 7.392519111062787612e-04 7.355616948222053328e-04 7.365377324789943413e-04 7.384307581051236967e-04
7.596812232207123200e-04 7.544810701956379193e-04 7.505308579641283570e-04 7.471782802676824693e-04 7.446284025602325444e-04 7.423681245511599448e-04 7.412284780643820523e-04 7.406693889452960070e-04 7.397198005517278919e-04 7.388952819106861395e-04 7.382862743173736111e-04 7.382649880421905762e-04 7.387193514872490143e-04 7.396913723493634763e-04 7.406921956967437923e-04 7.426787782000792261e-04 7.447814022583796245e-04 7.471147477545947912e-04 7.504942707920445912e-04 7.529827915202641758e-04 7.532767472105540534e-04 7.483390168287950769e-04 7.405631350607462960e-04 7.360517749281996706e-04 7.366028792821373815e-04 7.382376073125861658e-04
7.561038890802694156e-04 7.508756204403806275e-04 7.469497025085584940e-04 7.436109936354165853e-04 7.410245153883247490e-04 7.387388609429753998e-04 7.375610724712531414e-04 7.369658700269532750e-04 7.359688024786306768e-04 7.350729281654550017e-04 7.343445062285545739e-04 7.341702921126864968e-04 7.344369540169813941e-04 7.351683806632193898e-04 7.359191325252073057e-04 7.375903703233798077e-04 7.393455389137037863e-04 7.413232286955704058e-04 7.444630578727288572e-04 7.470963877382035684e-04 7.483390168287950769e-04 7.453275216800967461e-04 7.388552389922638719e-04 7.340204643465333880e-04 7.336532886983575556e-04 7.348707195841978814e-04
7.512636689801683058e-04 7.460568700897321839e-04 7.421376180881351708e-04 7.388107897062406223e-04 7.362126870817715550e-04 7.338947646194827644e-04 7.326830331512723411e-04 7.320623812239399064e-04 7.310352744070520905e-04 7.301097539739289169e-04 7.293148754777043332e-04 7.290664418662837990e-04 7.292001654028357942e-04 7.297594666001390234e-04 7.303036800700667391e-04 7.316701156494247356e-04 7.330251262079267010e-04 7.344820882347131074e-04 7.370754201313050842e-04 7.392519111062787612e-04 7.405631350607462960e-04 7.388552389922638719e-04 7.347301934222262142e-04 7.312033154260231226e-04 7.299470483862898710e-04 7.305046383810638155e-04
7.495595508996450319e-04 7.443887221037161391e-04 7.404395465537580521e-04 7.371109644110482220e-04 7.345313327706586492e-04 7.321670455066154421e-04 7.309236807484024946e-04 7.302906405617643057e-04 7.292496467352586192e-04 7.283272565787163571e-04 7.275291388110913986e-04 7.272918876714609942e-04 7.273877996026488707e-04 7.279125504366252544e-04 7.283694391309867601e-04 7.296082022287588833e-04 7.307975738607413053e-04 7.319443428557105081e-04 7.341090863719914152e-04 7.355616948222053328e-04 7.360517749281996706e-04 7.340204643465333880e-04 7.312033154260231226e-04 7.305819876115891929e-04 7.301717651685367665e-04 7.298542773860186095e-04
7.513609596598137081e-04 7.461814033995092755e-04 7.421796029721260428e-04 7.388400458948736699e-04 7.363048250603724696e-04 7.339475095568116607e-04 7.326691514650139538e-04 7.320175361115610234e-04 7.309767232981032037e-04 7.300438080721615829e-04 7.292376546487116347e-04 7.289927541387327195e-04 7.291067010750914082e-04 7.296637330610777385e-04 7.300607378729963596e-04 7.312384375533920048e-04 7.323421557944122858e-04 7.333746210993011836e-04 7.353260126440474978e-04 7.365377324789943413e-04 7.366028792821373815e-04 7.336532886983575556e-04 7.299470483862898710e-04 7.301717651685367665e-04 7.333705649653778731e-04 7.340796058907763559e-04
7.538006506867443940e-04 7.486181581937050369e-04 7.446146094733730250e-04 7.412756522820181191e-04 7.387269145733385989e-04 7.363891114016666998e-04 7.350908645682763297e-04 7.344703025997123026e-04 7.334428250903899478e-04 7.324952409765341909e-04 7.316757807393526073e-04 7.314210098583873295e-04 7.315603984706126484e-04 7.321342091958557953e-04 7.324753223977103177e-04 7.335708575565246100e-04 7.345841119909707903e-04 7.355198997855234497e-04 7.373269198275700766e-04 7.384307581051236967e-04 7.382376073125861658e-04 7.348707195841978814e-04 7.305046383810638155e-04 7.298542773860186095e-04 7.340796058907763559e-04 7.381368363418147269e-04
