6.742226335741253844e-04 6.671091511437319014e-04 6.614517035407900449e-04 6.578158169904418408e-04 6.539918601531808122e-04 6.509438609640110949e-04 6.486611087070273500e-04 6.461247573192448407e-04 6.440439359492681343e-04 6.419715012849920013e-04 6.405389021972407015e-04 6.392641777284706773e-04 6.381591160900236754e-04 6.377212204584356342e-04 6.371886842038984112e-04 6.365588876468248171e-04 6.356637696157537917e-04 6.346038211770026671e-04 6.339465783714724918e-04 6.335160861615341628e-04 6.341467577710738993e-04 6.364800651329832401e-04 6.396385762290299768e-04 6.382945395787190243e-04 6.361467609921508904e-04 6.377994112257402920e-04
6.671091511437319014e-04 6.602141323146178175e-04 6.545803463470301412e-04 6.509828414768414765e-04 6.471963810375453222e-04 6.441864966799708487e-04 6.419294277418709617e-04 6.394191579887135947e-04 6.373563161418884394e-04 6.352985266452411579e-04 6.338744353604229336e-04 6.326119847872435512e-04 6.315180560241100138e-04 6.310839523928566926e-04 6.305571090592902586e-04 6.299388617987489256e-04 6.290663785944671481e-04 6.280396905157583374e-04 6.274045989372020521e-04 6.269800824981311199e-04 6.276238623846519754e-04 6.299323316690544567e-04 6.330143393681523893e-04 6.316600286925275545e-04 6.295419662576483928e-04 6.311983907737162523e-04
6.614517035407900449e-04 6.545803463470301412e-04 6.490912620167964666e-04 6.455067385067607454e-04 6.417578039867623263e-04 6.387663428141477587e-04 6.365338406056441191e-04 6.340448076754808069e-04 6.319966074015487744e-04 6.299569426866936635e-04 6.285484593650262014e-04 6.272959253598427241e-04 6.262136740771016754e-04 6.257907326168685213e-04 6.252708160027587803e-04 6.246597319703808566e-04 6.237913024271905544e-04 6.227765629670642573e-04 6.221559199631913417e-04 6.217439261833980014e-04 6.223866343728151835e-04 6.246822207197912872e-04 6.277599847159348557e-04 6.264551826322267702e-04 6.243622953336032183e-04 6.259655131440390076e-04
6.578158169904418408e-04 6.509828414768414765e-04 6.455067385067607454e-04 6.419985616337080345e-04 6.382600642696130465e-04 6.352842634179333651e-04 6.330624503138725535e-04 6.305861114234564361e-04 6.285524735900117118e-04 6.265245411989256745e-04 6.251290980710524567e-04 6.238862877633726293e-04 6.228138177255118169e-04 6.223931990780129202e-04 6.218801166330197592e-04 6.212736652584422868e-04 6.204122837405130547e-04 6.194080949884909256e-04 6.187854147397175639e-04 6.183702178066198844e-04 6.189830860161370631e-04 6.212207494030796496e-04 6.242489856161731942e-04 6.229425656384180755e-04 6.209012200118584329e-04 6.225215591412709476e-04
6.539918601531808122e-04 6.471963810375453222e-04 6.417578039867623263e-04 6.382600642696130465e-04 6.345894444042144561e-04 6.316237248166927699e-04 6.294116424696373545e-04 6.269512636417588639e-04 6.249340518621058138e-04 6.229241565953776844e-04 6.215372252556006531e-04 6.203023832808004200e-04 6.192378579926955751e-04 6.188249735395319993e-04 6.183237371816390241e-04 6.177345589596821337e-04 6.168794563638557498e-04 6.158800599343880380e-04 6.152581010397516897e-04 6.148347123973752241e-04 6.154287764971925036e-04 6.176361538256994318e-04 6.206256308696729909e-04 6.193520421377726433e-04 6.173620945152672379e-04 6.189941475919631632e-04
6.509438609640110949e-04 6.441864966799708487e-04 6.387663428141477587e-04 6.352842634179333651e-04 6.316237248166927699e-04 6.287171356624882872e-04 6.265142539989218291e-04 6.240713905632561294e-04 6.220698492754770347e-04 6.200741365426228838e-04 6.186977763174029152e-04 6.174783798598574083e-04 6.164295737287490149e-04 6.160260738971006650e-04 6.155336545272178288e-04 6.149585297563927005e-04 6.141190481911669788e-04 6.131388309724225419e-04 6.125270917946691682e-04 6.120953175454427403e-04 6.126612039582963456e-04 6.148121960018797195e-04 6.177597350563157879e-04 6.165172760143712094e-04 6.145520387927186920e-04 6.161540802559688050e-04
6.486611087070273500e-04 6.419294277418709617e-04 6.365338406056441191e-04 6.330624503138725535e-04 6.294116424696373545e-04 6.265142539989218291e-04 6.243541467828462189e-04 6.219245767888970707e-04 6.199349423183634668e-04 6.179488362820441567e-04 6.165853783733424298e-04 6.153793131180821264e-04 6.143432841220245692e-04 6.139501457508505589e-04 6.134656850648752659e-04 6.128945351597239397e-04 6.120571692057117773e-04 6.110806116451596073e-04 6.104827731821444760e-04 6.100661089028053220e-04 6.106290827594993515e-04 6.127536951788834863e-04 6.156892214289790954e-04 6.144391043534546326e-04 6.124680888825701592e-04 6.140634181956771765e-04
6.461247573192448407e-04 6.394191579887135947e-04 6.340448076754808069e-04 6.305861114234564361e-04 6.269512636417588639e-04 6.240713905632561294e-04 6.219245767888970707e-04 6.195309054813936131e-04 6.175528919508204394e-04 6.155775560561202757e-04 6.142247325274553804e-04 6.130312574650237942e-04 6.120079708008482628e-04 6.116263151135655461e-04 6.111538561563166537e-04 6.105976037182307302e-04 6.097772826371656652e-04 6.088128079648797049e-04 6.082196169838886878e-04 6.077962210758847779e-04 6.083307707495569762e-04 6.104030513713213984e-04 6.133072190893022572e-04 6.120660748956605057e-04 6.101187398407267566e-04 6.117473557058475311e-04
6.440439359492681343e-04 6.373563161418884394e-04 6.319966074015487744e-04 6.285524735900117118e-04 6.249340518621058138e-04 6.220698492754770347e-04 6.199349423183634668e-04 6.175528919508204394e-04 6.156064451103999144e-04 6.136440599896111469e-04 6.123041055994698535e-04 6.111237581825917789e-04 6.101162687080916502e-04 6.097439033386655273e-04 6.092794815645913775e-04 6.087335078746322972e-04 6.079220178749955355e-04 6.069674583199761867e-04 6.063780620435367313e-04 6.059476352644227893e-04 6.064588395254833517e-04 6.084953928544257692e-04 6.113819369526268463e-04 6.101460480703713553e-04 6.082143219502983856e-04 6.098396227584862049e-04
6.419715012849920013e-04 6.352985266452411579e-04 6.299569426866936635e-04 6.265245411989256745e-04 6.229241565953776844e-04 6.200741365426228838e-04 6.179488362820441567e-04 6.155775560561202757e-04 6.136440599896111469e-04 6.117155149460332770e-04 6.103947302288136121e-04 6.092331001761937693e-04 6.082434311170065253e-04 6.078872706174430485e-04 6.074369507983649972e-04 6.069057355859220661e-04 6.061049241521653799e-04 6.051550208613854431e-04 6.045702313683704466e-04 6.041294305372326172e-04 6.046051194637763575e-04 6.065794038113350587e-04 6.094311033328172512e-04 6.082249645522141241e-04 6.063279171295020463e-04 6.079332301318850738e-04
6.405389021972407015e-04 6.338744353604229336e-04 6.285484593650262014e-04 6.251290980710524567e-04 6.215372252556006531e-04 6.186977763174029152e-04 6.165853783733424298e-04 6.142247325274553804e-04 6.123041055994698535e-04 6.103947302288136121e-04 6.091171520802524195e-04 6.079870472846107344e-04 6.070245625125554774e-04 6.066939196870981248e-04 6.062649157261051002e-04 6.057524994048806054e-04 6.049698869918916254e-04 6.040407192395302622e-04 6.034670242604608286e-04 6.030138967233268947e-04 6.034395849952651136e-04 6.053177261852065501e-04 6.081052757066078866e-04 6.069146005792802742e-04 6.050681688372432868e-04 6.066689595111974783e-04
6.392641777284706773e-04 6.326119847872435512e-04 6.272959253598427241e-04 6.238862877633726293e-04 6.203023832808004200e-04 6.174783798598574083e-04 6.153793131180821264e-04 6.130312574650237942e-04 6.111237581825917789e-04 6.092331001761937693e-04 6.079870472846107344e-04 6.069087808616615426e-04 6.059825475528874978e-04 6.056852510360461296e-04 6.052846952389219753e-04 6.047982722077654754e-04 6.040387928769630791e-04 6.031351684347128778e-04 6.025726913495073767e-04 6.020984151018810579e-04 6.024667612957662968e-04 6.042423300009335408e-04 6.069653769019100727e-04 6.057875889133934122e-04 6.039727746051331116e-04 6.055619969045562042e-04
6.381591160900236754e-04 6.315180560241100138e-04 6.262136740771016754e-04 6.228138177255118169e-04 6.192378579926955751e-04 6.164295737287490149e-04 6.143432841220245692e-04 6.120079708008482628e-04 6.101162687080916502e-04 6.082434311170065253e-04 6.070245625125554774e-04 6.059825475528874978e-04 6.051160043028394955e-04 6.048676442952225689e-04 6.045070348060558284e-04 6.040586932478040879e-04 6.033310194315947075e-04 6.024625323556489359e-04 6.019177724277279982e-04 6.014278240673021081e-04 6.017415160153099466e-04 6.034018217288474473e-04 6.060440273396348150e-04 6.048703706733000790e-04 6.030872425496287999e-04 6.046404193287780110e-04
6.377212204584356342e-04 6.310839523928566926e-04 6.257907326168685213e-04 6.223931990780129202e-04 6.188249735395319993e-04 6.160260738971006650e-04 6.139501457508505589e-04 6.116263151135655461e-04 6.097439033386655273e-04 6.078872706174430485e-04 6.066939196870981248e-04 6.056852510360461296e-04 6.048676442952225689e-04 6.046908518477705574e-04 6.043860605543900037e-04 6.039894308040496401e-04 6.033036790755436475e-04 6.024771121948397073e-04 6.019601455943648146e-04 6.014579354051829019e-04 6.016935880845452949e-04 6.032014299337960708e-04 6.057472965589794263e-04 6.046149460267459357e-04 6.029134585159680922e-04 6.044446107445135448e-04
6.371886842038984112e-04 6.305571090592902586e-04 6.252708160027587803e-04 6.218801166330197592e-04 6.183237371816390241e-04 6.155336545272178288e-04 6.134656850648752659e-04 6.111538561563166537e-04 6.092794815645913775e-04 6.074369507983649972e-04 6.062649157261051002e-04 6.052846952389219753e-04 6.045070348060558284e-04 6.043860605543900037e-04 6.041690607429371510e-04 6.038577792939811952e-04 6.032402170690414570e-04 6.024700655528237182e-04 6.019903155535774640e-04 6.014792795725844082e-04 6.016325576305399988e-04 6.029592888229489810e-04 6.053716939692341302e-04 6.042599704170641996e-04 6.025979125780861955e-04 6.041008061712665632e-04
6.365588876468248171e-04 6.299388617987489256e-04 6.246597319703808566e-04 6.212736652584422868e-04 6.177345589596821337e-04 6.149585297563927005e-04 6.128945351597239397e-04 6.105976037182307302e-04 6.087335078746322972e-04 6.069057355859220661e-04 6.057524994048806054e-04 6.047982722077654754e-04 6.040586932478040879e-04 6.039894308040496401e-04 6.038577792939811952e-04 6.036746968062765319e-04 6.031719358320742708e-04 6.025033086263471361e-04 6.020974342868690588e-04 6.015920070405621125e-04 6.016496373453542263e-04 6.027263041632997332e-04 6.049142625635939297e-04 6.038064412439871206e-04 6.022213195588378394e-04 6.037151396782055278e-04
6.356637696157537917e-04 6.290663785944671481e-04 6.237913024271905544e-04 6.204122837405130547e-04 6.168794563638557498e-04 6.141190481911669788e-04 6.120571692057117773e-04 6.097772826371656652e-04 6.079220178749955355e-04 6.061049241521653799e-04 6.049698869918916254e-04 6.040387928769630791e-04 6.033310194315947075e-04 6.033036790755436475e-04 6.032402170690414570e-04 6.031719358320742708e-04 6.028462581203860486e-04 6.023371322975379317e-04 6.020364548775793091e-04 6.015509520298002212e-04 6.014972408811580015e-04 6.022732464738617857e-04 6.041735962823954796e-04 6.030598028756720607e-04 6.015654410987000779e-04 6.031075547091424138e-04
6.346038211770026671e-04 6.280396905157583374e-04 6.227765629670642573e-04 6.194080949884909256e-04 6.158800599343880380e-04 6.131388309724225419e-04 6.110806116451596073e-04 6.088128079648797049e-04 6.069674583199761867e-04 6.051550208613854431e-04 6.040407192395302622e-04 6.031351684347128778e-04 6.024625323556489359e-04 6.024771121948397073e-04 6.024700655528237182e-04 6.025033086263471361e-04 6.023371322975379317e-04 6.020679433850160142e-04 6.019593673593050861e-04 6.015552958802852616e-04 6.014503387958135706e-04 6.019410117270910208e-04 6.034792974005782039e-04 6.023168976209299346e-04 6.009337176819078271e-04 6.024711325058640680e-04
6.339465783714724918e-04 6.274045989372020521e-04 6.221559199631913417e-04 6.187854147397175639e-04 6.152581010397516897e-04 6.125270917946691682e-04 6.104827731821444760e-04 6.082196169838886878e-04 6.063780620435367313e-04 6.045702313683704466e-04 6.034670242604608286e-04 6.025726913495073767e-04 6.019177724277279982e-04 6.019601455943648146e-04 6.019903155535774640e-04 6.020974342868690588e-04 6.020364548775793091e-04 6.019593673593050861e-04 6.021532590349278589e-04 6.019766315102786924e-04 6.019577304162744167e-04 6.022907074457061914e-04 6.034455250861759084e-04 6.020863180009022441e-04 6.006974593314622687e-04 6.021785983031812837e-04
6.335160861615341628e-04 6.269800824981311199e-04 6.217439261833980014e-04 6.183702178066198844e-04 6.148347123973752241e-04 6.120953175454427403e-04 6.100661089028053220e-04 6.077962210758847779e-04 6.059476352644227893e-04 6.041294305372326172e-04 6.030138967233268947e-04 6.020984151018810579e-04 6.014278240673021081e-04 6.014579354051829019e-04 6.014792795725844082e-04 6.015920070405621125e-04 6.015509520298002212e-04 6.015552958802852616e-04 6.019766315102786924e-04 6.021863613984801498e-04 6.025092023896602483e-04 6.029542249665288591e-04 6.038627928408491115e-04 6.021193740122391747e-04 6.005675148377067393e-04 6.019350806997732012e-04
6.341467577710738993e-04 6.276238623846519754e-04 6.223866343728151835e-04 6.189830860161370631e-04 6.154287764971925036e-04 6.126612039582963456e-04 6.106290827594993515e-04 6.083307707495569762e-04 6.064588395254833517e-04 6.046051194637763575e-04 6.034395849952651136e-04 6.024667612957662968e-04 6.017415160153099466e-04 6.016935880845452949e-04 6.016325576305399988e-04 6.016496373453542263e-04 6.014972408811580015e-04 6.014503387958135706e-04 6.019577304162744167e-04 6.025092023896602483e-04 6.035303528428644267e-04 6.046612751413932198e-04 6.057311872837416612e-04 6.034110652319430975e-04 6.013624211979786555e-04 6.025717522692125138e-04
6.364800651329832401e-04 6.299323316690544567e-04 6.246822207197912872e-04 6.212207494030796496e-04 6.176361538256994318e-04 6.148121960018797195e-04 6.127536951788834863e-04 6.104030513713213984e-04 6.084953928544257692e-04 6.065794038113350587e-04 6.053177261852065501e-04 6.042423300009335408e-04 6.034018217288474473e-04 6.032014299337960708e-04 6.029592888229489810e-04 6.027263041632997332e-04 6.022732464738617857e-04 6.019410117270910208e-04 6.022907074457061914e-04 6.029542249665288591e-04 6.046612751413932198e-04 6.072596196527816357e-04 6.094560382701151319e-04 6.067768743306966618e-04 6.037691039361914530e-04 6.047943565817834929e-04
6.396385762290299768e-04 6.330143393681523893e-04 6.277599847159348557e-04 6.242489856161731942e-04 6.206256308696729909e-04 6.177597350563157879e-04 6.156892214289790954e-04 6.133072190893022572e-04 6.113819369526268463e-04 6.094311033328172512e-04 6.081052757066078866e-04 6.069653769019100727e-04 6.060440273396348150e-04 6.057472965589794263e-04 6.053716939692341302e-04 6.049142625635939297e-04 6.041735962823954796e-04 6.034792974005782039e-04 6.034455250861759084e-04 6.038627928408491115e-04 6.057311872837416612e-04 6.094560382701151319e-04 6.135630349814385565e-04 6.115665700545138122e-04 6.074780691115958409e-04 6.080901396502988530e-04
6.382945395787190243e-04 6.316600286925275545e-04 6.264551826322267702e-04 6.229425656384180755e-04 6.193520421377726433e-04 6.165172760143712094e-04 6.144391043534546326e-04 6.120660748956605057e-04 6.101460480703713553e-04 6.082249645522141241e-04 6.069146005792802742e-04 6.057875889133934122e-04 6.048703706733000790e-04 6.046149460267459357e-04 6.042599704170641996e-04 6.038064412439871206e-04 6.030598028756720607e-04 6.023168976209299346e-04 6.020863180009022441e-04 6.021193740122391747e-04 6.034110652319430975e-04 6.067768743306966618e-04 6.115665700545138122e-04 6.115169062378294530e-04 6.079864795484161977e-04 6.078471023159659307e-04
6.361467609921508904e-04 6.295419662576483928e-04 6.243622953336032183e-04 6.209012200118584329e-04 6.173620945152672379e-04 6.145520387927186920e-04 6.124680888825701592e-04 6.101187398407267566e-04 6.082143219502983856e-04 6.063279171295020463e-04 6.050681688372432868e-04 6.039727746051331116e-04 6.030872425496287999e-04 6.029134585159680922e-04 6.025979125780861955e-04 6.022213195588378394e-04 6.015654410987000779e-04 6.009337176819078271e-04 6.006974593314622687e-04 6.005675148377067393e-04 6.013624211979786555e-04 6.037691039361914530e-04 6.074780691115958409e-04 6.079864795484161977e-04 6.070933211746651608e-04 6.071386991967232111e-04
6.377994112257402920e-04 6.311983907737162523e-04 6.259655131440390076e-04 6.225215591412709476e-04 6.189941475919631632e-04 6.161540802559688050e-04 6.140634181956771765e-04 6.117473557058475311e-04 6.098396227584862049e-04 6.079332301318850738e-04 6.066689595111974783e-04 6.055619969045562042e-04 6.046404193287780110e-04 6.044446107445135448e-04 6.041008061712665632e-04 6.037151396782055278e-04 6.031075547091424138e-04 6.024711325058640680e-04 6.021785983031812837e-04 6.019350806997732012e-04 6.025717522692125138e-04 6.047943565817834929e-04 6.080901396502988530e-04 6.078471023159659307e-04 6.071386991967232111e-04 6.097009793472965306e-04
