7.218518768552258233e-04 7.215087340250181131e-04 7.223789197503778297e-04 7.225284914097674293e-04 7.225241494788044389e-04 7.227436058184420449e-04 7.229900312597141790e-04 7.232934928045176405e-04 7.237582711592540317e-04 7.238447065674863401e-04 7.237707719366957620e-04 7.242620086165982513e-04 7.248341031199207439e-04 7.256583418745830155e-04 7.262990792221303950e-04 7.274230563684893486e-04 7.286601891023202892e-04 7.296914439846331063e-04 7.312524670940076217e-04 7.322574088378157537e-04 7.318941667476059265e-04 7.287384847960304019e-04 7.241813929310012780e-04 7.229629811743874595e-04 7.244323784118591450e-04 7.264793679916509671e-04
7.215087340250181131e-04 7.212313763531707621e-04 7.220905108473198424e-04 7.222314230019341976e-04 7.222263882440474458e-04 7.224422865509826010e-04 7.226921679746601537e-04 7.229949136564111853e-04 7.234600031098021179e-04 7.235480498088227210e-04 7.234714946254161994e-04 7.239614043991761090e-04 7.245317398757252945e-04 7.253503011869421799e-04 7.259879812553170046e-04 7.271118443874275035e-04 7.283512775404512533e-04 7.293774247985874938e-04 7.309231746042040012e-04 7.318998466313664068e-04 7.315087626683962818e-04 7.283373766243018575e-04 7.237909794769028854e-04 7.226341483619231091e-04 7.241569869596030167e-04 7.261664789801852531e-04
7.223789197503778297e-04 7.220905108473198424e-04 7.229942040589562796e-04 7.231260281302909990e-04 7.231203462875464370e-04 7.233385400223651691e-04 7.235935107034466773e-04 7.238968408407604315e-04 7.243653053696251292e-04 7.244571723938780013e-04 7.243858093325313561e-04 7.248822467031904720e-04 7.254591832865684526e-04 7.262853872787420782e-04 7.269291069737808184e-04 7.280544674227453720e-04 7.292939076286865082e-04 7.303270838649436516e-04 7.318798162435564188e-04 7.328593677839832657e-04 7.324625934140684483e-04 7.292598476374517703e-04 7.246820222571719473e-04 7.234893241458280290e-04 7.249974019962360065e-04 7.270420120680775580e-04
7.225284914097674293e-04 7.222314230019341976e-04 7.231260281302909990e-04 7.232939870932850006e-04 7.232821038546721542e-04 7.235002216124016830e-04 7.237585333941012585e-04 7.240664692619715008e-04 7.245372090363287523e-04 7.246310677631214977e-04 7.245643847884084086e-04 7.250682940508105471e-04 7.256522319155730332e-04 7.264862875766124085e-04 7.271415914097640936e-04 7.282828236967967689e-04 7.295381082784934378e-04 7.305855105426914149e-04 7.321506432989153190e-04 7.331340832244423976e-04 7.327148229052636574e-04 7.294721494582376677e-04 7.248744431943606858e-04 7.236837298902978628e-04 7.251858255576083215e-04 7.272583582759287223e-04
7.225241494788044389e-04 7.222263882440474458e-04 7.231203462875464370e-04 7.232821038546721542e-04 7.232953427016145832e-04 7.235140931083421881e-04 7.237727424798236307e-04 7.240815955630747766e-04 7.245547481499309793e-04 7.246509645854015387e-04 7.245878688849116721e-04 7.250959823478068684e-04 7.256858859530971283e-04 7.265285290142236424e-04 7.271927502243571246e-04 7.283434960823191064e-04 7.296014718107693506e-04 7.306523368040054043e-04 7.322179575330393627e-04 7.331990388132740176e-04 7.327695401358084526e-04 7.295027104073506042e-04 7.248816971311268335e-04 7.236573429322725858e-04 7.251590081577278168e-04 7.272211172129613510e-04
7.227436058184420449e-04 7.224422865509826010e-04 7.233385400223651691e-04 7.235002216124016830e-04 7.235140931083421881e-04 7.237588770344228605e-04 7.240185608860996019e-04 7.243298962364903056e-04 7.248074797206937800e-04 7.249072559463709802e-04 7.248498327958733441e-04 7.253641963635709547e-04 7.259604973814155629e-04 7.268091918633514054e-04 7.274792341939430524e-04 7.286378339431201501e-04 7.299066394309197811e-04 7.309742852990544666e-04 7.325598640605407051e-04 7.335493912459145789e-04 7.330991699172213208e-04 7.297928343341421884e-04 7.251318092148163101e-04 7.238808414455271756e-04 7.253983488702470724e-04 7.274588485219501315e-04
7.229900312597141790e-04 7.226921679746601537e-04 7.235935107034466773e-04 7.237585333941012585e-04 7.237727424798236307e-04 7.240185608860996019e-04 7.243008151120241970e-04 7.246175564170988020e-04 7.251006776065062852e-04 7.252080050037950937e-04 7.251574209833962920e-04 7.256817790156761244e-04 7.262938571496672501e-04 7.271560928041398766e-04 7.278419168105787485e-04 7.290153034887571952e-04 7.303009017672974692e-04 7.313860776805428728e-04 7.329874497877572181e-04 7.339786252154456439e-04 7.335137413779711487e-04 7.301639949412475896e-04 7.254550475050460792e-04 7.241846983220224989e-04 7.256953833614993889e-04 7.277608473572314040e-04
7.232934928045176405e-04 7.229949136564111853e-04 7.238968408407604315e-04 7.240664692619715008e-04 7.240815955630747766e-04 7.243298962364903056e-04 7.246175564170988020e-04 7.249540521426481483e-04 7.254439711047049912e-04 7.255601838884198846e-04 7.255204004447410662e-04 7.260571462129508224e-04 7.266848961166719797e-04 7.275644450050644703e-04 7.282685326909559215e-04 7.294623521391594692e-04 7.307674128800480812e-04 7.318731026562185589e-04 7.334959413969260400e-04 7.344865084422722403e-04 7.339878726689516054e-04 7.305763779775375404e-04 7.258304703511811885e-04 7.245508916616692167e-04 7.260322046869255481e-04 7.281165766605881022e-04
7.237582711592540317e-04 7.234600031098021179e-04 7.243653053696251292e-04 7.245372090363287523e-04 7.245547481499309793e-04 7.248074797206937800e-04 7.251006776065062852e-04 7.254439711047049912e-04 7.259542955361325762e-04 7.260808431559347608e-04 7.260522161362352456e-04 7.266033064191566859e-04 7.272484710372053348e-04 7.281442081147355277e-04 7.288656718337369533e-04 7.300776265145556042e-04 7.313992032039378158e-04 7.325222893510611143e-04 7.341582143019464686e-04 7.351503144540497744e-04 7.346304500457384199e-04 7.311585288148500722e-04 7.263488408897874130e-04 7.250271361614346079e-04 7.265336083650159342e-04 7.286553743552921358e-04
7.238447065674863401e-04 7.235480498088227210e-04 7.244571723938780013e-04 7.246310677631214977e-04 7.246509645854015387e-04 7.249072559463709802e-04 7.252080050037950937e-04 7.255601838884198846e-04 7.260808431559347608e-04 7.262328328574533002e-04 7.262231860889236919e-04 7.267929739108598122e-04 7.274584577716592835e-04 7.283732946813601923e-04 7.291147520454189937e-04 7.303451679249708863e-04 7.316829532990502599e-04 7.328212182865437166e-04 7.344636813557126054e-04 7.354376045093742251e-04 7.348670873057887342e-04 7.313281973034572656e-04 7.264949534792100290e-04 7.251762042387754252e-04 7.266425571755169869e-04 7.287610761168937914e-04
7.237707719366957620e-04 7.234714946254161994e-04 7.243858093325313561e-04 7.245643847884084086e-04 7.245878688849116721e-04 7.248498327958733441e-04 7.251574209833962920e-04 7.255204004447410662e-04 7.260522161362352456e-04 7.262231860889236919e-04 7.262487683354802845e-04 7.268483980016204752e-04 7.275438934854966183e-04 7.284876008532211204e-04 7.292588446548638366e-04 7.305179364430412466e-04 7.318827234905666071e-04 7.330441856972402153e-04 7.347021790375655352e-04 7.356629321694506700e-04 7.350345900294225337e-04 7.313963282186055487e-04 7.265016486491036700e-04 7.251623712635984305e-04 7.265970255942608104e-04 7.287006714463812283e-04
7.242620086165982513e-04 7.239614043991761090e-04 7.248822467031904720e-04 7.250682940508105471e-04 7.250959823478068684e-04 7.253641963635709547e-04 7.256817790156761244e-04 7.260571462129508224e-04 7.266033064191566859e-04 7.267929739108598122e-04 7.268483980016204752e-04 7.274958871112783025e-04 7.282363846062683268e-04 7.292235411852180391e-04 7.300415257043485007e-04 7.313477928340655736e-04 7.327557459474229448e-04 7.339558094923311331e-04 7.356425348624952244e-04 7.365919270497150789e-04 7.358804061586017142e-04 7.320823066851985059e-04 7.270693045745055911e-04 7.256854380316805908e-04 7.271050438261421767e-04 7.292129986165822456e-04
7.248341031199207439e-04 7.245317398757252945e-04 7.254591832865684526e-04 7.256522319155730332e-04 7.256858859530971283e-04 7.259604973814155629e-04 7.262938571496672501e-04 7.266848961166719797e-04 7.272484710372053348e-04 7.274584577716592835e-04 7.275438934854966183e-04 7.282363846062683268e-04 7.290460287945220094e-04 7.301002937874875214e-04 7.309879492362107928e-04 7.323592102430992153e-04 7.338303364904805387e-04 7.350863204184888630e-04 7.368169916962996786e-04 7.377661576465458252e-04 7.369636224467376916e-04 7.329734203777496905e-04 7.278075870361780430e-04 7.263613676856737035e-04 7.277789476198371970e-04 7.299069018406874158e-04
7.256583418745830155e-04 7.253503011869421799e-04 7.262853872787420782e-04 7.264862875766124085e-04 7.265285290142236424e-04 7.268091918633514054e-04 7.271560928041398766e-04 7.275644450050644703e-04 7.281442081147355277e-04 7.283732946813601923e-04 7.284876008532211204e-04 7.292235411852180391e-04 7.301002937874875214e-04 7.312464520519825015e-04 7.322243874830223001e-04 7.336779910490354422e-04 7.352283400484983539e-04 7.365562984925523712e-04 7.383437773912002698e-04 7.392939868815244422e-04 7.383869034705739087e-04 7.341618053908796323e-04 7.288182226351193251e-04 7.273272768062548355e-04 7.287611033417540699e-04 7.308940389498632447e-04
7.262990792221303950e-04 7.259879812553170046e-04 7.269291069737808184e-04 7.271415914097640936e-04 7.271927502243571246e-04 7.274792341939430524e-04 7.278419168105787485e-04 7.282685326909559215e-04 7.288656718337369533e-04 7.291147520454189937e-04 7.292588446548638366e-04 7.300415257043485007e-04 7.309879492362107928e-04 7.322243874830223001e-04 7.333240382895501747e-04 7.348935983420388108e-04 7.365569605463822070e-04 7.379930834936073662e-04 7.398708191373164645e-04 7.408480375575584144e-04 7.398421547202764081e-04 7.353494101493077964e-04 7.297655984646631922e-04 7.281782794007549261e-04 7.295599830456302084e-04 7.316446823068398697e-04
7.274230563684893486e-04 7.271118443874275035e-04 7.280544674227453720e-04 7.282828236967967689e-04 7.283434960823191064e-04 7.286378339431201501e-04 7.290153034887571952e-04 7.294623521391594692e-04 7.300776265145556042e-04 7.303451679249708863e-04 7.305179364430412466e-04 7.313477928340655736e-04 7.323592102430992153e-04 7.336779910490354422e-04 7.348935983420388108e-04 7.366196063673456466e-04 7.384384555257928742e-04 7.400213639519120055e-04 7.420259567363009668e-04 7.430525251221575768e-04 7.419468751514127648e-04 7.371370690301911905e-04 7.312448465377497644e-04 7.295456171995424056e-04 7.308928587434967983e-04 7.328963420507833386e-04
7.286601891023202892e-04 7.283512775404512533e-04 7.292939076286865082e-04 7.295381082784934378e-04 7.296014718107693506e-04 7.299066394309197811e-04 7.303009017672974692e-04 7.307674128800480812e-04 7.313992032039378158e-04 7.316829532990502599e-04 7.318827234905666071e-04 7.327557459474229448e-04 7.338303364904805387e-04 7.352283400484983539e-04 7.365569605463822070e-04 7.384384555257928742e-04 7.404704291928695210e-04 7.422730495799720720e-04 7.444687351402177718e-04 7.455921915799664087e-04 7.444165789271875704e-04 7.392599829980563576e-04 7.329654135995887412e-04 7.311137074778883711e-04 7.324059054102216148e-04 7.343233357888049066e-04
7.296914439846331063e-04 7.293774247985874938e-04 7.303270838649436516e-04 7.305855105426914149e-04 7.306523368040054043e-04 7.309742852990544666e-04 7.313860776805428728e-04 7.318731026562185589e-04 7.325222893510611143e-04 7.328212182865437166e-04 7.330441856972402153e-04 7.339558094923311331e-04 7.350863204184888630e-04 7.365562984925523712e-04 7.379930834936073662e-04 7.400213639519120055e-04 7.422730495799720720e-04 7.443915415566984203e-04 7.468975667316177453e-04 7.482248543232334920e-04 7.470522519144880786e-04 7.415533495815714200e-04 7.347328969447033909e-04 7.325616407447138601e-04 7.337248736500691154e-04 7.355576379754577999e-04
7.312524670940076217e-04 7.309231746042040012e-04 7.318798162435564188e-04 7.321506432989153190e-04 7.322179575330393627e-04 7.325598640605407051e-04 7.329874497877572181e-04 7.334959413969260400e-04 7.341582143019464686e-04 7.344636813557126054e-04 7.347021790375655352e-04 7.356425348624952244e-04 7.368169916962996786e-04 7.383437773912002698e-04 7.398708191373164645e-04 7.420259567363009668e-04 7.444687351402177718e-04 7.468975667316177453e-04 7.498290115917387788e-04 7.515186300735732412e-04 7.505033538817609384e-04 7.447945531230584348e-04 7.374147034737195275e-04 7.347930069681451060e-04 7.357373918818680813e-04 7.374310037379562142e-04
7.322574088378157537e-04 7.318998466313664068e-04 7.328593677839832657e-04 7.331340832244423976e-04 7.331990388132740176e-04 7.335493912459145789e-04 7.339786252154456439e-04 7.344865084422722403e-04 7.351503144540497744e-04 7.354376045093742251e-04 7.356629321694506700e-04 7.365919270497150789e-04 7.377661576465458252e-04 7.392939868815244422e-04 7.408480375575584144e-04 7.430525251221575768e-04 7.455921915799664087e-04 7.482248543232334920e-04 7.515186300735732412e-04 7.537597754667255600e-04 7.532499265332338141e-04 7.477050641496451070e-04 7.398340787927086635e-04 7.364604355431842884e-04 7.371389530772782606e-04 7.387205385203607930e-04
7.318941667476059265e-04 7.315087626683962818e-04 7.324625934140684483e-04 7.327148229052636574e-04 7.327695401358084526e-04 7.330991699172213208e-04 7.335137413779711487e-04 7.339878726689516054e-04 7.346304500457384199e-04 7.348670873057887342e-04 7.350345900294225337e-04 7.358804061586017142e-04 7.369636224467376916e-04 7.383869034705739087e-04 7.398421547202764081e-04 7.419468751514127648e-04 7.444165789271875704e-04 7.470522519144880786e-04 7.505033538817609384e-04 7.532499265332338141e-04 7.537252246099816668e-04 7.491250069404277326e-04 7.412837216384565893e-04 7.370526340728251460e-04 7.372583667636924088e-04 7.385895388082272008e-04
7.287384847960304019e-04 7.283373766243018575e-04 7.292598476374517703e-04 7.294721494582376677e-04 7.295027104073506042e-04 7.297928343341421884e-04 7.301639949412475896e-04 7.305763779775375404e-04 7.311585288148500722e-04 7.313281973034572656e-04 7.313963282186055487e-04 7.320823066851985059e-04 7.329734203777496905e-04 7.341618053908796323e-04 7.353494101493077964e-04 7.371370690301911905e-04 7.392599829980563576e-04 7.415533495815714200e-04 7.447945531230584348e-04 7.477050641496451070e-04 7.491250069404277326e-04 7.464452562116841248e-04 7.398898493671281478e-04 7.352958715117467346e-04 7.345527839723839424e-04 7.354896572154452378e-04
7.241813929310012780e-04 7.237909794769028854e-04 7.246820222571719473e-04 7.248744431943606858e-04 7.248816971311268335e-04 7.251318092148163101e-04 7.254550475050460792e-04 7.258304703511811885e-04 7.263488408897874130e-04 7.264949534792100290e-04 7.265016486491036700e-04 7.270693045745055911e-04 7.278075870361780430e-04 7.288182226351193251e-04 7.297655984646631922e-04 7.312448465377497644e-04 7.329654135995887412e-04 7.347328969447033909e-04 7.374147034737195275e-04 7.398340787927086635e-04 7.412837216384565893e-04 7.398898493671281478e-04 7.357283399044350566e-04 7.325016561318654050e-04 7.309189175739912864e-04 7.311945288018926884e-04
7.229629811743874595e-04 7.226341483619231091e-04 7.234893241458280290e-04 7.236837298902978628e-04 7.236573429322725858e-04 7.238808414455271756e-04 7.241846983220224989e-04 7.245508916616692167e-04 7.250271361614346079e-04 7.251762042387754252e-04 7.251623712635984305e-04 7.256854380316805908e-04 7.263613676856737035e-04 7.273272768062548355e-04 7.281782794007549261e-04 7.295456171995424056e-04 7.311137074778883711e-04 7.325616407447138601e-04 7.347930069681451060e-04 7.364604355431842884e-04 7.370526340728251460e-04 7.352958715117467346e-04 7.325016561318654050e-04 7.322474295535579773e-04 7.315242626544100468e-04 7.308798819196398898e-04
7.244323784118591450e-04 7.241569869596030167e-04 7.249974019962360065e-04 7.251858255576083215e-04 7.251590081577278168e-04 7.253983488702470724e-04 7.256953833614993889e-04 7.260322046869255481e-04 7.265336083650159342e-04 7.266425571755169869e-04 7.265970255942608104e-04 7.271050438261421767e-04 7.277789476198371970e-04 7.287611033417540699e-04 7.295599830456302084e-04 7.308928587434967983e-04 7.324059054102216148e-04 7.337248736500691154e-04 7.357373918818680813e-04 7.371389530772782606e-04 7.372583667636924088e-04 7.345527839723839424e-04 7.309189175739912864e-04 7.315242626544100468e-04 7.343746476271345233e-04 7.347552418656027630e-04
7.264793679916509671e-04 7.261664789801852531e-04 7.270420120680775580e-04 7.272583582759287223e-04 7.272211172129613510e-04 7.274588485219501315e-04 7.277608473572314040e-04 7.281165766605881022e-04 7.286553743552921358e-04 7.287610761168937914e-04 7.287006714463812283e-04 7.292129986165822456e-04 7.299069018406874158e-04 7.308940389498632447e-04 7.316446823068398697e-04 7.328963420507833386e-04 7.343233357888049066e-04 7.355576379754577999e-04 7.374310037379562142e-04 7.387205385203607930e-04 7.385895388082272008e-04 7.354896572154452378e-04 7.311945288018926884e-04 7.308798819196398898e-04 7.347552418656027630e-04 7.385927627003697040e-04
