3.229616204748387990e-04 3.210735443079809105e-04 3.192108494452353985e-04 3.182456923833028588e-04 3.170120023072898097e-04 3.156240495068963841e-04 3.146906013490144319e-04 3.135804681772563383e-04 3.127839914681946709e-04 3.119429329967848136e-04 3.113255041521294317e-04 3.108278665548434632e-04 3.106104739475115087e-04 3.103741416542202887e-04 3.102216656202618807e-04 3.100088837125612078e-04 3.097223165718211257e-04 3.098817470293518126e-04 3.102867068842037903e-04 3.107283915139027021e-04 3.115160009821056359e-04 3.125346956294481953e-04 3.128932604602514172e-04 3.119092628115536321e-04 3.109342458324541262e-04 3.113645174841476104e-04
3.210735443079809105e-04 3.192854621142056696e-04 3.174112933504328400e-04 3.164515087862438043e-04 3.152212252350310075e-04 3.138376845796620254e-04 3.129065367014381227e-04 3.118061457133618165e-04 3.110162999857211106e-04 3.101790734307651029e-04 3.095632643477616748e-04 3.090655376626221299e-04 3.088479971005977324e-04 3.086085009143620561e-04 3.084530278862691226e-04 3.082378497930493479e-04 3.079467225863249447e-04 3.081020246276382928e-04 3.085112318196731322e-04 3.089624871309727943e-04 3.097608652804591158e-04 3.107705785848517222e-04 3.111187846097135021e-04 3.101092400350007007e-04 3.091382927855262181e-04 3.095861464405127517e-04
3.192108494452353985e-04 3.174112933504328400e-04 3.156082756513156205e-04 3.146356608014609256e-04 3.134118111218113035e-04 3.120371189231077786e-04 3.111148632035901800e-04 3.100179137911942390e-04 3.092328655699917088e-04 3.083989633157189526e-04 3.077861361420400755e-04 3.072930262575084698e-04 3.070765143227995042e-04 3.068416574435283545e-04 3.066901812394114786e-04 3.064801747702660555e-04 3.061960137533771878e-04 3.063483534867439601e-04 3.067535390957054631e-04 3.071933781053465501e-04 3.079738070004002753e-04 3.089757950056167468e-04 3.093105088347276941e-04 3.082965928067805017e-04 3.073395307462276267e-04 3.077903943280941635e-04
3.182456923833028588e-04 3.164515087862438043e-04 3.146356608014609256e-04 3.137129244966101876e-04 3.124824566512091908e-04 3.111087848425571453e-04 3.101886232680303723e-04 3.090958560802414259e-04 3.083156138346171741e-04 3.074888688396072147e-04 3.068799482150611304e-04 3.063919031204996504e-04 3.061786843712814826e-04 3.059432560844040972e-04 3.057929406474454493e-04 3.055849690566087408e-04 3.052995783789197145e-04 3.054564356861589280e-04 3.058688338611792630e-04 3.063158363148642412e-04 3.070919660039028503e-04 3.080575318804324738e-04 3.083790411033089174e-04 3.073829394176440764e-04 3.064232366808114006e-04 3.068634457796019181e-04
3.170120023072898097e-04 3.152212252350310075e-04 3.134118111218113035e-04 3.124824566512091908e-04 3.112877282916799368e-04 3.099114873293363440e-04 3.089963381986412052e-04 3.079086658647008545e-04 3.071306289387911522e-04 3.063070376949962874e-04 3.057000531506507139e-04 3.052149599620557511e-04 3.050039245337010955e-04 3.047696455526542289e-04 3.046214431213472695e-04 3.044173213410428821e-04 3.041361621237579846e-04 3.042926927605377435e-04 3.047063793605930349e-04 3.051494902821241459e-04 3.059152572853932679e-04 3.068793665182217791e-04 3.071992144259732042e-04 3.062145457744462726e-04 3.052764362703467758e-04 3.057152203208988637e-04
3.156240495068963841e-04 3.138376845796620254e-04 3.120371189231077786e-04 3.111087848425571453e-04 3.099114873293363440e-04 3.085703713688887472e-04 3.076559539920015467e-04 3.065724659351840085e-04 3.058005715758503498e-04 3.049834486627121702e-04 3.043797891706275221e-04 3.038987166435124193e-04 3.036889424861559427e-04 3.034567093611931742e-04 3.033111989515275175e-04 3.031052807647549433e-04 3.028246900746983249e-04 3.029819317499471269e-04 3.033923644608357904e-04 3.038256666870335133e-04 3.045711201856290897e-04 3.055217846008456153e-04 3.058483116112061884e-04 3.048708040186869149e-04 3.039460504174124663e-04 3.044058154030035782e-04
3.146906013490144319e-04 3.129065367014381227e-04 3.111148632035901800e-04 3.101886232680303723e-04 3.089963381986412052e-04 3.076559539920015467e-04 3.067703633145116055e-04 3.056903981659239602e-04 3.049240788024835643e-04 3.041156484793230671e-04 3.035182046223213284e-04 3.030435034150445327e-04 3.028384344205332815e-04 3.026107874268616480e-04 3.024656764998160437e-04 3.022560819813850468e-04 3.019740650297070349e-04 3.021280414772902758e-04 3.025344059881192359e-04 3.029587451667160197e-04 3.036832844418708944e-04 3.046121725950281709e-04 3.049282985697694313e-04 3.039571950293151162e-04 3.030352530513998228e-04 3.034859928264694055e-04
3.135804681772563383e-04 3.118061457133618165e-04 3.100179137911942390e-04 3.090958560802414259e-04 3.079086658647008545e-04 3.065724659351840085e-04 3.056903981659239602e-04 3.046347400575367069e-04 3.038752849235928574e-04 3.030727301142532772e-04 3.024820424247137208e-04 3.020134486489352873e-04 3.018166426310490676e-04 3.015947008861586537e-04 3.014542082307723509e-04 3.012450257738313181e-04 3.009662974054758480e-04 3.011236300490475852e-04 3.015297704159589261e-04 3.019475360071547320e-04 3.026483108512092275e-04 3.035538568262200268e-04 3.038640299699137473e-04 3.029097232587144440e-04 3.019933392909962522e-04 3.024372703040306416e-04
3.127839914681946709e-04 3.110162999857211106e-04 3.092328655699917088e-04 3.083156138346171741e-04 3.071306289387911522e-04 3.058005715758503498e-04 3.049240788024835643e-04 3.038752849235928574e-04 3.031394640700430941e-04 3.023457787394132654e-04 3.017629275436898195e-04 3.013024283122273561e-04 3.011126028271808325e-04 3.008964666482344180e-04 3.007605120500917405e-04 3.005543869820058163e-04 3.002756030838217810e-04 3.004305588474239256e-04 3.008298840946050496e-04 3.012287057489477365e-04 3.018982417423241721e-04 3.027723003035933877e-04 3.030762055190812420e-04 3.021314519635285851e-04 3.012416191147101801e-04 3.017095780007997773e-04
3.119429329967848136e-04 3.101790734307651029e-04 3.083989633157189526e-04 3.074888688396072147e-04 3.063070376949962874e-04 3.049834486627121702e-04 3.041156484793230671e-04 3.030727301142532772e-04 3.023457787394132654e-04 3.015770541084150441e-04 3.010062404857490287e-04 3.005586806699539178e-04 3.003815168132722003e-04 3.001761050153130489e-04 3.000485039465679315e-04 2.998461883597242908e-04 2.995700625638275248e-04 2.997233815089168549e-04 3.001164793018395484e-04 3.005017312861122877e-04 3.011326331521645572e-04 3.019591500883305715e-04 3.022345219118849325e-04 3.012821927847246463e-04 3.004253702464174526e-04 3.009161229184039474e-04
3.113255041521294317e-04 3.095632643477616748e-04 3.077861361420400755e-04 3.068799482150611304e-04 3.057000531506507139e-04 3.043797891706275221e-04 3.035182046223213284e-04 3.024820424247137208e-04 3.017629275436898195e-04 3.010062404857490287e-04 3.004622884372963837e-04 3.000332030350985049e-04 2.998711699317484171e-04 2.996787307466712894e-04 2.995618265734082439e-04 2.993681930020761239e-04 2.990987583524511769e-04 2.992547972749689091e-04 2.996476817313718745e-04 3.000252862641399846e-04 3.006216414158799301e-04 3.013988511828726968e-04 3.016412317678550240e-04 3.006691190111965587e-04 2.998251232253822465e-04 3.003399493414243729e-04
3.108278665548434632e-04 3.090655376626221299e-04 3.072930262575084698e-04 3.063919031204996504e-04 3.052149599620557511e-04 3.038987166435124193e-04 3.030435034150445327e-04 3.020134486489352873e-04 3.013024283122273561e-04 3.005586806699539178e-04 3.000332030350985049e-04 2.996363074357791343e-04 2.994975427409655284e-04 2.993230022116893214e-04 2.992217641730873985e-04 2.990404426055214438e-04 2.987820470047377079e-04 2.989463494669650440e-04 2.993414271089876147e-04 2.997095612491490978e-04 3.002568753888400764e-04 3.009631577629756009e-04 3.011644556463588377e-04 3.001786654606506256e-04 2.993571360308922122e-04 2.998982793315670397e-04
3.106104739475115087e-04 3.088479971005977324e-04 3.070765143227995042e-04 3.061786843712814826e-04 3.050039245337010955e-04 3.036889424861559427e-04 3.028384344205332815e-04 3.018166426310490676e-04 3.011126028271808325e-04 3.003815168132722003e-04 2.998711699317484171e-04 2.994975427409655284e-04 2.993986644416856270e-04 2.992558303119817204e-04 2.991804340640641705e-04 2.990194650098760686e-04 2.987772968376834100e-04 2.989527990382343479e-04 2.993526280408386440e-04 2.997057477185922740e-04 3.001888591783803575e-04 3.008055368983017681e-04 3.009514342287832869e-04 2.999693296121689668e-04 2.991929513542531793e-04 2.997575941300969506e-04
3.103741416542202887e-04 3.086085009143620561e-04 3.068416574435283545e-04 3.059432560844040972e-04 3.047696455526542289e-04 3.034567093611931742e-04 3.026107874268616480e-04 3.015947008861586537e-04 3.008964666482344180e-04 3.001761050153130489e-04 2.996787307466712894e-04 2.993230022116893214e-04 2.992558303119817204e-04 2.991605556176422020e-04 2.991210255385706187e-04 2.989853763479723560e-04 2.987599676706200694e-04 2.989469562879628999e-04 2.993512482183752167e-04 2.996915254601028255e-04 3.001157800849675920e-04 3.006327842046324964e-04 3.007121690371212315e-04 2.997204054307718102e-04 2.989865465405313109e-04 2.995809431719223190e-04
3.102216656202618807e-04 3.084530278862691226e-04 3.066901812394114786e-04 3.057929406474454493e-04 3.046214431213472695e-04 3.033111989515275175e-04 3.024656764998160437e-04 3.014542082307723509e-04 3.007605120500917405e-04 3.000485039465679315e-04 2.995618265734082439e-04 2.992217641730873985e-04 2.991804340640641705e-04 2.991210255385706187e-04 2.991349504943020799e-04 2.990449997209792231e-04 2.988525102326022669e-04 2.990565045941764649e-04 2.994686712272161700e-04 2.997977171427443073e-04 3.001600878300873321e-04 3.005684034033683535e-04 3.005799420338337892e-04 2.995859657551780300e-04 2.988821080707971460e-04 2.994985414292309148e-04
3.100088837125612078e-04 3.082378497930493479e-04 3.064801747702660555e-04 3.055849690566087408e-04 3.044173213410428821e-04 3.031052807647549433e-04 3.022560819813850468e-04 3.012450257738313181e-04 3.005543869820058163e-04 2.998461883597242908e-04 2.993681930020761239e-04 2.990404426055214438e-04 2.990194650098760686e-04 2.989853763479723560e-04 2.990449997209792231e-04 2.990336623411148239e-04 2.989047981703353367e-04 2.991447098807473864e-04 2.995800587309314965e-04 2.999147634835442645e-04 3.002218259277594369e-04 3.004956165807946833e-04 3.004015763246393783e-04 2.994176852450359627e-04 2.987648473956552473e-04 2.993844887493600808e-04
3.097223165718211257e-04 3.079467225863249447e-04 3.061960137533771878e-04 3.052995783789197145e-04 3.041361621237579846e-04 3.028246900746983249e-04 3.019740650297070349e-04 3.009662974054758480e-04 3.002756030838217810e-04 2.995700625638275248e-04 2.990987583524511769e-04 2.987820470047377079e-04 2.987772968376834100e-04 2.987599676706200694e-04 2.988525102326022669e-04 2.989047981703353367e-04 2.988765803502643217e-04 2.991990030921471365e-04 2.996892178319678058e-04 3.000441312081034801e-04 3.003013898398737037e-04 3.004295444023719844e-04 3.001910409156686933e-04 2.992019819896112867e-04 2.985997016477591861e-04 2.992165233270562669e-04
3.098817470293518126e-04 3.081020246276382928e-04 3.063483534867439601e-04 3.054564356861589280e-04 3.042926927605377435e-04 3.029819317499471269e-04 3.021280414772902758e-04 3.011236300490475852e-04 3.004305588474239256e-04 2.997233815089168549e-04 2.992547972749689091e-04 2.989463494669650440e-04 2.989527990382343479e-04 2.989469562879628999e-04 2.990565045941764649e-04 2.991447098807473864e-04 2.991990030921471365e-04 2.996639578962216328e-04 3.002779765690437286e-04 3.006960632395862384e-04 3.009355569670699626e-04 3.009089532085929084e-04 3.004537321777907321e-04 2.994236420900060519e-04 2.988927185343484864e-04 2.995131173305062085e-04
3.102867068842037903e-04 3.085112318196731322e-04 3.067535390957054631e-04 3.058688338611792630e-04 3.047063793605930349e-04 3.033923644608357904e-04 3.025344059881192359e-04 3.015297704159589261e-04 3.008298840946050496e-04 3.001164793018395484e-04 2.996476817313718745e-04 2.993414271089876147e-04 2.993526280408386440e-04 2.993512482183752167e-04 2.994686712272161700e-04 2.995800587309314965e-04 2.996892178319678058e-04 3.002779765690437286e-04 3.010980631452699063e-04 3.016637658019349151e-04 3.019291601061969521e-04 3.017756412455139940e-04 3.010591082085002168e-04 2.999232007374053304e-04 2.994273480407763795e-04 3.000543157910108105e-04
3.107283915139027021e-04 3.089624871309727943e-04 3.071933781053465501e-04 3.063158363148642412e-04 3.051494902821241459e-04 3.038256666870335133e-04 3.029587451667160197e-04 3.019475360071547320e-04 3.012287057489477365e-04 3.005017312861122877e-04 3.000252862641399846e-04 2.997095612491490978e-04 2.997057477185922740e-04 2.996915254601028255e-04 2.997977171427443073e-04 2.999147634835442645e-04 3.000441312081034801e-04 3.006960632395862384e-04 3.016637658019349151e-04 3.025209531711922813e-04 3.030141151544982919e-04 3.028821852766428553e-04 3.019108124351422878e-04 3.005276104365056287e-04 3.000226850194699082e-04 3.006219119550982907e-04
3.115160009821056359e-04 3.097608652804591158e-04 3.079738070004002753e-04 3.070919660039028503e-04 3.059152572853932679e-04 3.045711201856290897e-04 3.036832844418708944e-04 3.026483108512092275e-04 3.018982417423241721e-04 3.011326331521645572e-04 3.006216414158799301e-04 3.002568753888400764e-04 3.001888591783803575e-04 3.001157800849675920e-04 3.001600878300873321e-04 3.002218259277594369e-04 3.003013898398737037e-04 3.009355569670699626e-04 3.019291601061969521e-04 3.030141151544982919e-04 3.040335191985043877e-04 3.043445921084364037e-04 3.034198861301341983e-04 3.016542837954312153e-04 3.009301222686422937e-04 3.014285714132745680e-04
3.125346956294481953e-04 3.107705785848517222e-04 3.089757950056167468e-04 3.080575318804324738e-04 3.068793665182217791e-04 3.055217846008456153e-04 3.046121725950281709e-04 3.035538568262200268e-04 3.027723003035933877e-04 3.019591500883305715e-04 3.013988511828726968e-04 3.009631577629756009e-04 3.008055368983017681e-04 3.006327842046324964e-04 3.005684034033683535e-04 3.004956165807946833e-04 3.004295444023719844e-04 3.009089532085929084e-04 3.017756412455139940e-04 3.028821852766428553e-04 3.043445921084364037e-04 3.055565563711364584e-04 3.052815057228367834e-04 3.032587406080961608e-04 3.019854319650638733e-04 3.023579842290133996e-04
3.128932604602514172e-04 3.111187846097135021e-04 3.093105088347276941e-04 3.083790411033089174e-04 3.071992144259732042e-04 3.058483116112061884e-04 3.049282985697694313e-04 3.038640299699137473e-04 3.030762055190812420e-04 3.022345219118849325e-04 3.016412317678550240e-04 3.011644556463588377e-04 3.009514342287832869e-04 3.007121690371212315e-04 3.005799420338337892e-04 3.004015763246393783e-04 3.001910409156686933e-04 3.004537321777907321e-04 3.010591082085002168e-04 3.019108124351422878e-04 3.034198861301341983e-04 3.052815057228367834e-04 3.062130098799153034e-04 3.045422316150852779e-04 3.025120582588779802e-04 3.026448377440869625e-04
3.119092628115536321e-04 3.101092400350007007e-04 3.082965928067805017e-04 3.073829394176440764e-04 3.062145457744462726e-04 3.048708040186869149e-04 3.039571950293151162e-04 3.029097232587144440e-04 3.021314519635285851e-04 3.012821927847246463e-04 3.006691190111965587e-04 3.001786654606506256e-04 2.999693296121689668e-04 2.997204054307718102e-04 2.995859657551780300e-04 2.994176852450359627e-04 2.992019819896112867e-04 2.994236420900060519e-04 2.999232007374053304e-04 3.005276104365056287e-04 3.016542837954312153e-04 3.032587406080961608e-04 3.045422316150852779e-04 3.040392678791118308e-04 3.021588270561992046e-04 3.018247780857405481e-04
3.109342458324541262e-04 3.091382927855262181e-04 3.073395307462276267e-04 3.064232366808114006e-04 3.052764362703467758e-04 3.039460504174124663e-04 3.030352530513998228e-04 3.019933392909962522e-04 3.012416191147101801e-04 3.004253702464174526e-04 2.998251232253822465e-04 2.993571360308922122e-04 2.991929513542531793e-04 2.989865465405313109e-04 2.988821080707971460e-04 2.987648473956552473e-04 2.985997016477591861e-04 2.988927185343484864e-04 2.994273480407763795e-04 3.000226850194699082e-04 3.009301222686422937e-04 3.019854319650638733e-04 3.025120582588779802e-04 3.021588270561992046e-04 3.018335412991850490e-04 3.017475076839249521e-04
3.113645174841476104e-04 3.095861464405127517e-04 3.077903943280941635e-04 3.068634457796019181e-04 3.057152203208988637e-04 3.044058154030035782e-04 3.034859928264694055e-04 3.024372703040306416e-04 3.017095780007997773e-04 3.009161229184039474e-04 3.003399493414243729e-04 2.998982793315670397e-04 2.997575941300969506e-04 2.995809431719223190e-04 2.994985414292309148e-04 2.993844887493600808e-04 2.992165233270562669e-04 2.995131173305062085e-04 3.000543157910108105e-04 3.006219119550982907e-04 3.014285714132745680e-04 3.023579842290133996e-04 3.026448377440869625e-04 3.018247780857405481e-04 3.017475076839249521e-04 3.030371858992747395e-04
