5.921434887575258241e-04 5.929265987272941104e-04 5.932904904417096031e-04 5.935694201638343432e-04 5.938833536246943250e-04 5.941056475259200815e-04 5.943042729268941185e-04 5.944453149491490951e-04 5.945062929719470120e-04 5.946792091751381239e-04 5.950675206727315059e-04 5.954911393670848973e-04 5.957695301931173904e-04 5.960281130876618136e-04 5.959937353608827119e-04 5.957656955401048398e-04 5.954440863299455657e-04 5.952145344849240358e-04 5.944896397256140821e-04 5.938732420497709304e-04 5.948062525831180735e-04 5.969764719568074413e-04 5.998031314846938907e-04 5.995094865947388088e-04 5.978118509108811028e-04 5.986244715872257247e-04
5.929265987272941104e-04 5.937754647563012059e-04 5.941202441507917710e-04 5.944000011263400433e-04 5.947070450090837911e-04 5.949302081235770994e-04 5.951310857119657821e-04 5.952706953064872564e-04 5.953310850862152505e-04 5.955036660729277637e-04 5.958960814310042481e-04 5.963231172399672490e-04 5.966060584194889322e-04 5.968708064331096309e-04 5.968415823781822189e-04 5.966221230609753583e-04 5.963117148173210881e-04 5.960931015674830616e-04 5.953851514384079623e-04 5.947747265976417079e-04 5.956955937963130448e-04 5.978411450799438242e-04 6.006568932953499935e-04 6.003700714889189782e-04 5.986433858356728132e-04 5.994390767119728248e-04
5.932904904417096031e-04 5.941202441507917710e-04 5.945199312916898743e-04 5.947808616871726184e-04 5.950900406125645770e-04 5.953164135731970957e-04 5.955175556302239569e-04 5.956589201512516290e-04 5.957213654401778040e-04 5.958974745216740875e-04 5.962910809745733875e-04 5.967215039530014350e-04 5.970056976867032855e-04 5.972741037006273641e-04 5.972487676883959104e-04 5.970343899160629551e-04 5.967226093967419953e-04 5.964989604197104426e-04 5.957836045032460824e-04 5.951638011177072269e-04 5.960691886208498028e-04 5.982006372230505966e-04 6.010229291119427572e-04 6.007493249014127712e-04 5.990293035553461700e-04 5.998216835800596926e-04
5.935694201638343432e-04 5.944000011263400433e-04 5.947808616871726184e-04 5.950839255812925398e-04 5.953859160972926759e-04 5.956108528379458781e-04 5.958101281608116102e-04 5.959539340097767248e-04 5.960167512493503737e-04 5.961938391032851892e-04 5.965909215604715213e-04 5.970269423655988165e-04 5.973160504744072855e-04 5.975865912978706868e-04 5.975586048092479180e-04 5.973399954297368020e-04 5.970219197828753946e-04 5.967945586130486051e-04 5.960760857386791399e-04 5.954570855721175084e-04 5.963697246094512398e-04 5.985095059205472077e-04 6.013512524575999330e-04 6.010802401004692761e-04 5.993531817671377514e-04 6.001708314754835389e-04
5.938833536246943250e-04 5.947070450090837911e-04 5.950900406125645770e-04 5.953859160972926759e-04 5.957134769964643473e-04 5.959354109296410287e-04 5.961343949244558849e-04 5.962789907168098043e-04 5.963463704222792070e-04 5.965243934974529070e-04 5.969226791022327287e-04 5.973615870294745386e-04 5.976536949833853671e-04 5.979273460408691867e-04 5.979042687701234668e-04 5.976927088571418580e-04 5.973769678347054394e-04 5.971505160023731678e-04 5.964251520174138847e-04 5.958005399903757186e-04 5.967005954567651971e-04 5.988217926539684275e-04 6.016538709473840448e-04 6.014007602667706355e-04 5.997063322187932543e-04 6.005033109709413328e-04
5.941056475259200815e-04 5.949302081235770994e-04 5.953164135731970957e-04 5.956108528379458781e-04 5.959354109296410287e-04 5.961833523816092648e-04 5.963816510155915815e-04 5.965283606965112112e-04 5.965978198047382349e-04 5.967814525345697171e-04 5.971846923941528159e-04 5.976288565602642369e-04 5.979273974684811387e-04 5.982079723623690221e-04 5.981915298362341102e-04 5.979861695956456905e-04 5.976757426011576353e-04 5.974531675093852287e-04 5.967244562902489398e-04 5.960962445458819776e-04 5.969916716448364852e-04 5.990882163152855700e-04 6.019025047140773603e-04 6.016365261232529396e-04 5.999471925171922723e-04 6.007712465263451802e-04
5.943042729268941185e-04 5.951310857119657821e-04 5.955175556302239569e-04 5.958101281608116102e-04 5.961343949244558849e-04 5.963816510155915815e-04 5.966025245508959967e-04 5.967523393999218852e-04 5.968259071296408728e-04 5.970121719181357154e-04 5.974195413167773935e-04 5.978697464089910429e-04 5.981747033037706184e-04 5.984629366405028053e-04 5.984512921376463832e-04 5.982488557147982913e-04 5.979453657680079042e-04 5.977310658200604481e-04 5.970108364029218890e-04 5.963794287444850817e-04 5.972552979504859930e-04 5.993224706084966224e-04 6.021165571061472179e-04 6.018450296998401842e-04 6.001652001242747340e-04 6.010097709791196357e-04
5.944453149491490951e-04 5.952706953064872564e-04 5.956589201512516290e-04 5.959539340097767248e-04 5.962789907168098043e-04 5.965283606965112112e-04 5.967523393999218852e-04 5.969195816237009245e-04 5.969973564775349264e-04 5.971891322740777901e-04 5.976058381866240256e-04 5.980646592698375457e-04 5.983756497950347853e-04 5.986716248433973479e-04 5.986679585037687525e-04 5.984717269879631521e-04 5.981759914931521725e-04 5.979722881088153424e-04 5.972576841588614176e-04 5.966268033684984104e-04 5.974922725806659698e-04 5.995315055721533049e-04 6.022986009606229795e-04 6.020212271109896297e-04 6.003536205664238533e-04 6.012029267704214813e-04
5.945062929719470120e-04 5.953310850862152505e-04 5.957213654401778040e-04 5.960167512493503737e-04 5.963463704222792070e-04 5.965978198047382349e-04 5.968259071296408728e-04 5.969973564775349264e-04 5.970954909428990336e-04 5.972945692661423131e-04 5.977180742012964867e-04 5.981864360938188340e-04 5.985087564796302221e-04 5.988161646315503161e-04 5.988211774707795322e-04 5.986325104107362294e-04 5.983376639538690988e-04 5.981355775544494342e-04 5.974219001696262285e-04 5.967841504962722882e-04 5.976221925232551692e-04 5.996255998205634501e-04 6.023741753083731000e-04 6.021069985753387758e-04 6.004594162951470276e-04 6.013229807017637756e-04
5.946792091751381239e-04 5.955036660729277637e-04 5.958974745216740875e-04 5.961938391032851892e-04 5.965243934974529070e-04 5.967814525345697171e-04 5.970121719181357154e-04 5.971891322740777901e-04 5.972945692661423131e-04 5.975176609395102534e-04 5.979543327227640958e-04 5.984362756066452949e-04 5.987741331425636485e-04 5.990933388105067550e-04 5.991104284732031273e-04 5.989319810467935278e-04 5.986448991006626920e-04 5.984497974562338896e-04 5.977423627810277227e-04 5.970963678020625460e-04 5.979053234680706090e-04 5.998660861151313079e-04 6.025896887056969098e-04 6.023302580888177746e-04 6.007017427635103456e-04 6.015626628864458600e-04
5.950675206727315059e-04 5.958960814310042481e-04 5.962910809745733875e-04 5.965909215604715213e-04 5.969226791022327287e-04 5.971846923941528159e-04 5.974195413167773935e-04 5.976058381866240256e-04 5.977180742012964867e-04 5.979543327227640958e-04 5.984237976918015556e-04 5.989290836992854561e-04 5.992883978571315840e-04 5.996307750025722935e-04 5.996673273439068804e-04 5.995056925188450717e-04 5.992332224584457755e-04 5.990562182902450837e-04 5.983621990118690110e-04 5.977095983808252289e-04 5.984858455744298655e-04 6.003719877877319692e-04 6.030349646863854751e-04 6.027793409508751818e-04 6.011810144720269866e-04 6.020359949867003495e-04
5.954911393670848973e-04 5.963231172399672490e-04 5.967215039530014350e-04 5.970269423655988165e-04 5.973615870294745386e-04 5.976288565602642369e-04 5.978697464089910429e-04 5.980646592698375457e-04 5.981864360938188340e-04 5.984362756066452949e-04 5.989290836992854561e-04 5.994721307332623057e-04 5.998641629229842145e-04 6.002405364229100376e-04 6.003044051220138072e-04 6.001671757529832138e-04 5.999164736130685027e-04 5.997609156895860770e-04 5.990741289752754507e-04 5.983988840598664224e-04 5.991149189859455932e-04 6.008949059738012254e-04 6.034817360219656016e-04 6.032317379870364695e-04 6.016852507200772101e-04 6.025619565469867399e-04
5.957695301931173904e-04 5.966060584194889322e-04 5.970056976867032855e-04 5.973160504744072855e-04 5.976536949833853671e-04 5.979273974684811387e-04 5.981747033037706184e-04 5.983756497950347853e-04 5.985087564796302221e-04 5.987741331425636485e-04 5.992883978571315840e-04 5.998641629229842145e-04 6.003084493237312433e-04 6.007331653048759035e-04 6.008349828130132245e-04 6.007335064627183311e-04 6.005110349407907907e-04 6.003851132782934757e-04 5.997164920707952727e-04 5.990239607228294840e-04 5.996836354634234702e-04 6.013569347830973301e-04 6.038628085376086503e-04 6.036137581776500251e-04 6.021182260956497003e-04 6.029792137161467912e-04
5.960281130876618136e-04 5.968708064331096309e-04 5.972741037006273641e-04 5.975865912978706868e-04 5.979273460408691867e-04 5.982079723623690221e-04 5.984629366405028053e-04 5.986716248433973479e-04 5.988161646315503161e-04 5.990933388105067550e-04 5.996307750025722935e-04 6.002405364229100376e-04 6.007331653048759035e-04 6.012308626546129060e-04 6.013908724324697327e-04 6.013433508387080800e-04 6.011650586760477121e-04 6.010756382720865111e-04 6.004313372086038251e-04 5.997122898040467207e-04 6.002797877454565424e-04 6.018059629472427390e-04 6.042066469155687840e-04 6.039923397438875640e-04 6.025838205800972125e-04 6.034327589104631099e-04
5.959937353608827119e-04 5.968415823781822189e-04 5.972487676883959104e-04 5.975586048092479180e-04 5.979042687701234668e-04 5.981915298362341102e-04 5.984512921376463832e-04 5.986679585037687525e-04 5.988211774707795322e-04 5.991104284732031273e-04 5.996673273439068804e-04 6.003044051220138072e-04 6.008349828130132245e-04 6.013908724324697327e-04 6.016302851243278188e-04 6.016632561069163842e-04 6.015544998134565941e-04 6.015224934213651321e-04 6.009115344811202580e-04 6.001741115294185981e-04 6.006433338074753563e-04 6.019778090952060488e-04 6.042344232321537932e-04 6.040539940006220583e-04 6.027126421400036448e-04 6.035540009259181575e-04
5.957656955401048398e-04 5.966221230609753583e-04 5.970343899160629551e-04 5.973399954297368020e-04 5.976927088571418580e-04 5.979861695956456905e-04 5.982488557147982913e-04 5.984717269879631521e-04 5.986325104107362294e-04 5.989319810467935278e-04 5.995056925188450717e-04 6.001671757529832138e-04 6.007335064627183311e-04 6.013433508387080800e-04 6.016632561069163842e-04 6.018197407718374990e-04 6.018292544448423801e-04 6.019013508976428202e-04 6.013591614264522699e-04 6.006177735493134842e-04 6.009684225785025822e-04 6.020378321026935344e-04 6.040710930207716109e-04 6.039100586951589049e-04 6.026574085276880646e-04 6.035211392320532792e-04
5.954440863299455657e-04 5.963117148173210881e-04 5.967226093967419953e-04 5.970219197828753946e-04 5.973769678347054394e-04 5.976757426011576353e-04 5.979453657680079042e-04 5.981759914931521725e-04 5.983376639538690988e-04 5.986448991006626920e-04 5.992332224584457755e-04 5.999164736130685027e-04 6.005110349407907907e-04 6.011650586760477121e-04 6.015544998134565941e-04 6.018292544448423801e-04 6.020098968552911253e-04 6.022414558674323405e-04 6.017991788999095103e-04 6.010696721495840120e-04 6.013022093998656760e-04 6.020656432569889511e-04 6.038128568895666931e-04 6.036404251878060932e-04 6.024812804400334803e-04 6.034270352545266416e-04
5.952145344849240358e-04 5.960931015674830616e-04 5.964989604197104426e-04 5.967945586130486051e-04 5.971505160023731678e-04 5.974531675093852287e-04 5.977310658200604481e-04 5.979722881088153424e-04 5.981355775544494342e-04 5.984497974562338896e-04 5.990562182902450837e-04 5.997609156895860770e-04 6.003851132782934757e-04 6.010756382720865111e-04 6.015224934213651321e-04 6.019013508976428202e-04 6.022414558674323405e-04 6.026988248064411727e-04 6.024403000855943794e-04 6.017740173016268351e-04 6.019462272500380280e-04 6.024085740791772312e-04 6.037596211043476857e-04 6.034914411695015916e-04 6.024628940194371547e-04 6.034815478980294677e-04
5.944896397256140821e-04 5.953851514384079623e-04 5.957836045032460824e-04 5.960760857386791399e-04 5.964251520174138847e-04 5.967244562902489398e-04 5.970108364029218890e-04 5.972576841588614176e-04 5.974219001696262285e-04 5.977423627810277227e-04 5.983621990118690110e-04 5.990741289752754507e-04 5.997164920707952727e-04 6.004313372086038251e-04 6.009115344811202580e-04 6.013591614264522699e-04 6.017991788999095103e-04 6.024403000855943794e-04 6.024681630566656012e-04 6.020179715030886348e-04 6.022827774426570092e-04 6.025983916496306745e-04 6.035466261972553424e-04 6.030526343083398742e-04 6.020388215047937138e-04 6.030212588151254985e-04
5.938732420497709304e-04 5.947747265976417079e-04 5.951638011177072269e-04 5.954570855721175084e-04 5.958005399903757186e-04 5.960962445458819776e-04 5.963794287444850817e-04 5.966268033684984104e-04 5.967841504962722882e-04 5.970963678020625460e-04 5.977095983808252289e-04 5.983988840598664224e-04 5.990239607228294840e-04 5.997122898040467207e-04 6.001741115294185981e-04 6.006177735493134842e-04 6.010696721495840120e-04 6.017740173016268351e-04 6.020179715030886348e-04 6.019716325098027534e-04 6.026065220123127128e-04 6.030873101251003855e-04 6.037962180922920325e-04 6.028774930099635096e-04 6.016787623114422910e-04 6.025481919422495886e-04
5.948062525831180735e-04 5.956955937963130448e-04 5.960691886208498028e-04 5.963697246094512398e-04 5.967005954567651971e-04 5.969916716448364852e-04 5.972552979504859930e-04 5.974922725806659698e-04 5.976221925232551692e-04 5.979053234680706090e-04 5.984858455744298655e-04 5.991149189859455932e-04 5.996836354634234702e-04 6.002797877454565424e-04 6.006433338074753563e-04 6.009684225785025822e-04 6.013022093998656760e-04 6.019462272500380280e-04 6.022827774426570092e-04 6.026065220123127128e-04 6.039503347241250613e-04 6.051328491156965708e-04 6.060165730182215426e-04 6.045145702777556885e-04 6.028120155857720269e-04 6.035113337224104263e-04
5.969764719568074413e-04 5.978411450799438242e-04 5.982006372230505966e-04 5.985095059205472077e-04 5.988217926539684275e-04 5.990882163152855700e-04 5.993224706084966224e-04 5.995315055721533049e-04 5.996255998205634501e-04 5.998660861151313079e-04 6.003719877877319692e-04 6.008949059738012254e-04 6.013569347830973301e-04 6.018059629472427390e-04 6.019778090952060488e-04 6.020378321026935344e-04 6.020656432569889511e-04 6.024085740791772312e-04 6.025983916496306745e-04 6.030873101251003855e-04 6.051328491156965708e-04 6.077803374958391487e-04 6.097697243685887888e-04 6.078790951289133986e-04 6.051977313952230583e-04 6.056195065554690693e-04
5.998031314846938907e-04 6.006568932953499935e-04 6.010229291119427572e-04 6.013512524575999330e-04 6.016538709473840448e-04 6.019025047140773603e-04 6.021165571061472179e-04 6.022986009606229795e-04 6.023741753083731000e-04 6.025896887056969098e-04 6.030349646863854751e-04 6.034817360219656016e-04 6.038628085376086503e-04 6.042066469155687840e-04 6.042344232321537932e-04 6.040710930207716109e-04 6.038128568895666931e-04 6.037596211043476857e-04 6.035466261972553424e-04 6.037962180922920325e-04 6.060165730182215426e-04 6.097697243685887888e-04 6.136305006599278951e-04 6.124074004577244150e-04 6.086140255718755065e-04 6.086307781551669087e-04
5.995094865947388088e-04 6.003700714889189782e-04 6.007493249014127712e-04 6.010802401004692761e-04 6.014007602667706355e-04 6.016365261232529396e-04 6.018450296998401842e-04 6.020212271109896297e-04 6.021069985753387758e-04 6.023302580888177746e-04 6.027793409508751818e-04 6.032317379870364695e-04 6.036137581776500251e-04 6.039923397438875640e-04 6.040539940006220583e-04 6.039100586951589049e-04 6.036404251878060932e-04 6.034914411695015916e-04 6.030526343083398742e-04 6.028774930099635096e-04 6.045145702777556885e-04 6.078790951289133986e-04 6.124074004577244150e-04 6.131184040560286059e-04 6.098708958249664941e-04 6.091750642088962237e-04
5.978118509108811028e-04 5.986433858356728132e-04 5.990293035553461700e-04 5.993531817671377514e-04 5.997063322187932543e-04 5.999471925171922723e-04 6.001652001242747340e-04 6.003536205664238533e-04 6.004594162951470276e-04 6.007017427635103456e-04 6.011810144720269866e-04 6.016852507200772101e-04 6.021182260956497003e-04 6.025838205800972125e-04 6.027126421400036448e-04 6.026574085276880646e-04 6.024812804400334803e-04 6.024628940194371547e-04 6.020388215047937138e-04 6.016787623114422910e-04 6.028120155857720269e-04 6.051977313952230583e-04 6.086140255718755065e-04 6.098708958249664941e-04 6.092661177886391031e-04 6.087414161500456214e-04
5.986244715872257247e-04 5.994390767119728248e-04 5.998216835800596926e-04 6.001708314754835389e-04 6.005033109709413328e-04 6.007712465263451802e-04 6.010097709791196357e-04 6.012029267704214813e-04 6.013229807017637756e-04 6.015626628864458600e-04 6.020359949867003495e-04 6.025619565469867399e-04 6.029792137161467912e-04 6.034327589104631099e-04 6.035540009259181575e-04 6.035211392320532792e-04 6.034270352545266416e-04 6.034815478980294677e-04 6.030212588151254985e-04 6.025481919422495886e-04 6.035113337224104263e-04 6.056195065554690693e-04 6.086307781551669087e-04 6.091750642088962237e-04 6.087414161500456214e-04 6.106470321363356626e-04
