6.377197283088923861e-04 6.340931344109926055e-04 6.303284143539839447e-04 6.283122516301411055e-04 6.262508656822617309e-04 6.244586984010222800e-04 6.231406130186988458e-04 6.220986158854017794e-04 6.212950374031456918e-04 6.199939444210722690e-04 6.192821167303518091e-04 6.187783613493521911e-04 6.183916018784252821e-04 6.184256685815746812e-04 6.181279615218608289e-04 6.178072850058395149e-04 6.170620240742239870e-04 6.161601807108023701e-04 6.154522716554886334e-04 6.149662089278465880e-04 6.155199777735110558e-04 6.179089782096902454e-04 6.211112293312967200e-04 6.205328239943465243e-04 6.185227835642668950e-04 6.199520570302085752e-04
6.340931344109926055e-04 6.306023007915424619e-04 6.268309224459031777e-04 6.248316801084293805e-04 6.227841788778536430e-04 6.210062372218821221e-04 6.196942347574803346e-04 6.186576870515916133e-04 6.178590194909796933e-04 6.165721485671237911e-04 6.158640751443236359e-04 6.153669686391376528e-04 6.149856486409769436e-04 6.150203979287398488e-04 6.147324609684111157e-04 6.144288137074756196e-04 6.137008006214776526e-04 6.128197689555060562e-04 6.121207576228085250e-04 6.116411167238620288e-04 6.122188154748416100e-04 6.146128523964324670e-04 6.177925428177217983e-04 6.171661393323798822e-04 6.151264833108511035e-04 6.165435137757389623e-04
6.303284143539839447e-04 6.268309224459031777e-04 6.231466506622928029e-04 6.211381166263922745e-04 6.191027139589414018e-04 6.173343133770396859e-04 6.160339576919093797e-04 6.150031495133877072e-04 6.142062604099690409e-04 6.129248467654221455e-04 6.122203546734777783e-04 6.117246871663831621e-04 6.113454848860217514e-04 6.113806603952283208e-04 6.110896899198867268e-04 6.107896152355711842e-04 6.100675121501411427e-04 6.091941541741743718e-04 6.085053055033389511e-04 6.080298318989725082e-04 6.085915951923636172e-04 6.109620977552911083e-04 6.141385114409309140e-04 6.135634725102913313e-04 6.115296250491072862e-04 6.129565463377995493e-04
6.283122516301411055e-04 6.248316801084293805e-04 6.211381166263922745e-04 6.191906870285114866e-04 6.171482584801164144e-04 6.153873637543883814e-04 6.140918778845801205e-04 6.130646464546472699e-04 6.122717687226105843e-04 6.109952321858855631e-04 6.102923565180434036e-04 6.098004169035886601e-04 6.094248940242228286e-04 6.094637610285987299e-04 6.091806864754833019e-04 6.088864095212372313e-04 6.081712701626373939e-04 6.073073559687742779e-04 6.066220680064035890e-04 6.061398545783033094e-04 6.066763474208531574e-04 6.089969165512054781e-04 6.121305710532032145e-04 6.115691076766364455e-04 6.096080823867278467e-04 6.110165820133116018e-04
6.262508656822617309e-04 6.227841788778536430e-04 6.191027139589414018e-04 6.171482584801164144e-04 6.151541563529228226e-04 6.133931127152497317e-04 6.121031427704876158e-04 6.110816918719503285e-04 6.102961258996822532e-04 6.090276003446633540e-04 6.083308816657105166e-04 6.078429213586271276e-04 6.074742725876936195e-04 6.075159452865529046e-04 6.072363294336548733e-04 6.069472652875982461e-04 6.062262967264637863e-04 6.053598543585961061e-04 6.046705565547901787e-04 6.041864483263634927e-04 6.047218957607181089e-04 6.070345643508363561e-04 6.101553840769785835e-04 6.095909331439891858e-04 6.076159598716210320e-04 6.090361673839632178e-04
6.244586984010222800e-04 6.210062372218821221e-04 6.173343133770396859e-04 6.153873637543883814e-04 6.133931127152497317e-04 6.116643273484969863e-04 6.103764441330190296e-04 6.093615778727727410e-04 6.085820426535321634e-04 6.073221647767227402e-04 6.066318930422504464e-04 6.061523921187938081e-04 6.057927179605676962e-04 6.058431619759069775e-04 6.055739875765496017e-04 6.052955071145061467e-04 6.045846569317327775e-04 6.037264655064986498e-04 6.030407518461444781e-04 6.025555514270125113e-04 6.030758209719368169e-04 6.053518879413396624e-04 6.084435482488175081e-04 6.078825063717484788e-04 6.059489730290490775e-04 6.073695407720805083e-04
6.231406130186988458e-04 6.196942347574803346e-04 6.160339576919093797e-04 6.140918778845801205e-04 6.121031427704876158e-04 6.103764441330190296e-04 6.091211469792694785e-04 6.081138369960683437e-04 6.073391848395790068e-04 6.060843449607164653e-04 6.054006333268378837e-04 6.049292173615599929e-04 6.045782781411728922e-04 6.046380400273657606e-04 6.043793606345477729e-04 6.041103304505372014e-04 6.034078434941778568e-04 6.025606812776619203e-04 6.018871068295944928e-04 6.014065035837583197e-04 6.019084909381212760e-04 6.041411625117979519e-04 6.072049856306478135e-04 6.066623008145067674e-04 6.047553677100926325e-04 6.061637944949149022e-04
6.220986158854017794e-04 6.186576870515916133e-04 6.150031495133877072e-04 6.130646464546472699e-04 6.110816918719503285e-04 6.093615778727727410e-04 6.081138369960683437e-04 6.071303271156741708e-04 6.063615194612580021e-04 6.051138105890935736e-04 6.044384233504200435e-04 6.039776893010812822e-04 6.036367688495367220e-04 6.037061348133642173e-04 6.034558935731167877e-04 6.031985564327847164e-04 6.025090568062902363e-04 6.016742263875767211e-04 6.010085995979020258e-04 6.005259350492159805e-04 6.010055763106495353e-04 6.031923096205611852e-04 6.062278045805569995e-04 6.056778985787220591e-04 6.037889012091277909e-04 6.052185883534543127e-04
6.212950374031456918e-04 6.178590194909796933e-04 6.142062604099690409e-04 6.122717687226105843e-04 6.102961258996822532e-04 6.085820426535321634e-04 6.073391848395790068e-04 6.063615194612580021e-04 6.056165497643685881e-04 6.043785862516236687e-04 6.037122040460484590e-04 6.032611069572896062e-04 6.029314947582217147e-04 6.030102828456332690e-04 6.027706302405469018e-04 6.025253950540595833e-04 6.018452789126784840e-04 6.010213158321197659e-04 6.003588233521553897e-04 5.998708698005200896e-04 6.003324857329953544e-04 6.024783510830745460e-04 6.054754123558243580e-04 6.049182265675446439e-04 6.030492443596731540e-04 6.044737602485054364e-04
6.199939444210722690e-04 6.165721485671237911e-04 6.129248467654221455e-04 6.109952321858855631e-04 6.090276003446633540e-04 6.073221647767227402e-04 6.060843449607164653e-04 6.051138105890935736e-04 6.043785862516236687e-04 6.031687669598089852e-04 6.025180561862337461e-04 6.020830572668013289e-04 6.017706642858091466e-04 6.018679788041005584e-04 6.016435822182144080e-04 6.014098179739792551e-04 6.007390542045556482e-04 5.999220565297252571e-04 5.992613422390651251e-04 5.987598218267949080e-04 5.991824838031819481e-04 6.012690813221937495e-04 6.042331770551463959e-04 6.037057829349661616e-04 6.018975009675227826e-04 6.033118819287816700e-04
6.192821167303518091e-04 6.158640751443236359e-04 6.122203546734777783e-04 6.102923565180434036e-04 6.083308816657105166e-04 6.066318930422504464e-04 6.054006333268378837e-04 6.044384233504200435e-04 6.037122040460484590e-04 6.025180561862337461e-04 6.019010852048918168e-04 6.014903758791593840e-04 6.011993230251085757e-04 6.013181180408863017e-04 6.011119470807545174e-04 6.008947676204530247e-04 6.002377828641311530e-04 5.994313370229523933e-04 5.987738249659853166e-04 5.982628858514285738e-04 5.986480337790679946e-04 6.006565196213025596e-04 6.035658891328696783e-04 6.030316595818361637e-04 6.012549184645491667e-04 6.026704698113691987e-04
6.187783613493521911e-04 6.153669686391376528e-04 6.117246871663831621e-04 6.098004169035886601e-04 6.078429213586271276e-04 6.061523921187938081e-04 6.049292173615599929e-04 6.039776893010812822e-04 6.032611069572896062e-04 6.020830572668013289e-04 6.014903758791593840e-04 6.011243636790557015e-04 6.008678966613421185e-04 6.010220257653353876e-04 6.008460083492377915e-04 6.006571598079267580e-04 6.000253820039205908e-04 5.992454835217698094e-04 5.985960233849499683e-04 5.980660945454985625e-04 5.983985462468107905e-04 6.002929843217330542e-04 6.031184173560162100e-04 6.025885389873812410e-04 6.008577258931032186e-04 6.022847270120641793e-04
6.183916018784252821e-04 6.149856486409769436e-04 6.113454848860217514e-04 6.094248940242228286e-04 6.074742725876936195e-04 6.057927179605676962e-04 6.045782781411728922e-04 6.036367688495367220e-04 6.029314947582217147e-04 6.017706642858091466e-04 6.011993230251085757e-04 6.008678966613421185e-04 6.006658270247002517e-04 6.008675050197060047e-04 6.007323355620173893e-04 6.005809987433749757e-04 5.999791300511830893e-04 5.992312509766724781e-04 5.985952150222641514e-04 5.980539003484644858e-04 5.983421630719020900e-04 6.001270481948995641e-04 6.028713062202691346e-04 6.023395597789200700e-04 6.006553713384071413e-04 6.020608903898209746e-04
6.184256685815746812e-04 6.150203979287398488e-04 6.113806603952283208e-04 6.094637610285987299e-04 6.075159452865529046e-04 6.058431619759069775e-04 6.046380400273657606e-04 6.037061348133642173e-04 6.030102828456332690e-04 6.018679788041005584e-04 6.013181180408863017e-04 6.010220257653353876e-04 6.008675050197060047e-04 6.011409421052302075e-04 6.010678526151466130e-04 6.009741326937442264e-04 6.004166071570679955e-04 5.997086048851021966e-04 5.990949622763707761e-04 5.985409723814483088e-04 5.987536263050837956e-04 6.003816942110212253e-04 6.030209764546544480e-04 6.025231316316698562e-04 6.009246902155588287e-04 6.023111434817296581e-04
6.181279615218608289e-04 6.147324609684111157e-04 6.110896899198867268e-04 6.091806864754833019e-04 6.072363294336548733e-04 6.055739875765496017e-04 6.043793606345477729e-04 6.034558935731167877e-04 6.027706302405469018e-04 6.016435822182144080e-04 6.011119470807545174e-04 6.008460083492377915e-04 6.007323355620173893e-04 6.010678526151466130e-04 6.010838673240277881e-04 6.010794324597061979e-04 6.005919737937427281e-04 5.999445693932567610e-04 5.993682366160575561e-04 5.988046525701971878e-04 5.989337370887533752e-04 6.003728976864424914e-04 6.028722358152616969e-04 6.023950980592369811e-04 6.008520629297949738e-04 6.022071393698423840e-04
6.178072850058395149e-04 6.144288137074756196e-04 6.107896152355711842e-04 6.088864095212372313e-04 6.069472652875982461e-04 6.052955071145061467e-04 6.041103304505372014e-04 6.031985564327847164e-04 6.025253950540595833e-04 6.014098179739792551e-04 6.008947676204530247e-04 6.006571598079267580e-04 6.005809987433749757e-04 6.009741326937442264e-04 6.010794324597061979e-04 6.012115300051645806e-04 6.008468756244753116e-04 6.003082877969430960e-04 5.998071401396693446e-04 5.992496954889604171e-04 5.992793470683562386e-04 6.004528886982334014e-04 6.027241562175991978e-04 6.022557159380693536e-04 6.007991433388663351e-04 6.021551223020482060e-04
6.170620240742239870e-04 6.137008006214776526e-04 6.100675121501411427e-04 6.081712701626373939e-04 6.062262967264637863e-04 6.045846569317327775e-04 6.034078434941778568e-04 6.025090568062902363e-04 6.018452789126784840e-04 6.007390542045556482e-04 6.002377828641311530e-04 6.000253820039205908e-04 5.999791300511830893e-04 6.004166071570679955e-04 6.005919737937427281e-04 6.008468756244753116e-04 6.006604794362191716e-04 6.002869645299785699e-04 5.998959175255909066e-04 5.993593878477657773e-04 5.992778167753126965e-04 6.001399983762502376e-04 6.021133980341273999e-04 6.016339076462007837e-04 6.002655509178660143e-04 6.016811790474516303e-04
6.161601807108023701e-04 6.128197689555060562e-04 6.091941541741743718e-04 6.073073559687742779e-04 6.053598543585961061e-04 6.037264655064986498e-04 6.025606812776619203e-04 6.016742263875767211e-04 6.010213158321197659e-04 5.999220565297252571e-04 5.994313370229523933e-04 5.992454835217698094e-04 5.992312509766724781e-04 5.997086048851021966e-04 5.999445693932567610e-04 6.003082877969430960e-04 6.002869645299785699e-04 6.001559764057220114e-04 5.999648294627543720e-04 5.995122836100238821e-04 5.993769828303862918e-04 5.999364476174030196e-04 6.015238420832983487e-04 6.009782222106533657e-04 5.997308994372108331e-04 6.011504773350732174e-04
6.154522716554886334e-04 6.121207576228085250e-04 6.085053055033389511e-04 6.066220680064035890e-04 6.046705565547901787e-04 6.030407518461444781e-04 6.018871068295944928e-04 6.010085995979020258e-04 6.003588233521553897e-04 5.992613422390651251e-04 5.987738249659853166e-04 5.985960233849499683e-04 5.985952150222641514e-04 5.990949622763707761e-04 5.993682366160575561e-04 5.998071401396693446e-04 5.998959175255909066e-04 5.999648294627543720e-04 6.000888367353176753e-04 5.998739313197926689e-04 5.998207739970819619e-04 6.002120664757671980e-04 6.014031968881933862e-04 6.006474214994810944e-04 5.993932919804574296e-04 6.007452498119267553e-04
6.149662089278465880e-04 6.116411167238620288e-04 6.080298318989725082e-04 6.061398545783033094e-04 6.041864483263634927e-04 6.025555514270125113e-04 6.014065035837583197e-04 6.005259350492159805e-04 5.998708698005200896e-04 5.987598218267949080e-04 5.982628858514285738e-04 5.980660945454985625e-04 5.980539003484644858e-04 5.985409723814483088e-04 5.988046525701971878e-04 5.992496954889604171e-04 5.993593878477657773e-04 5.995122836100238821e-04 5.998739313197926689e-04 6.000508124415683152e-04 6.003367623382100619e-04 6.008511352512357863e-04 6.017893545587638940e-04 6.006254825432038843e-04 5.991891993862623550e-04 6.004129331068290380e-04
6.155199777735110558e-04 6.122188154748416100e-04 6.085915951923636172e-04 6.066763474208531574e-04 6.047218957607181089e-04 6.030758209719368169e-04 6.019084909381212760e-04 6.010055763106495353e-04 6.003324857329953544e-04 5.991824838031819481e-04 5.986480337790679946e-04 5.983985462468107905e-04 5.983421630719020900e-04 5.987536263050837956e-04 5.989337370887533752e-04 5.992793470683562386e-04 5.992778167753126965e-04 5.993769828303862918e-04 5.998207739970819619e-04 6.003367623382100619e-04 6.012955160604007473e-04 6.025010120914499898e-04 6.036220419971861668e-04 6.019055166233857994e-04 5.999583569123014080e-04 6.009797527524950687e-04
6.179089782096902454e-04 6.146128523964324670e-04 6.109620977552911083e-04 6.089969165512054781e-04 6.070345643508363561e-04 6.053518879413396624e-04 6.041411625117979519e-04 6.031923096205611852e-04 6.024783510830745460e-04 6.012690813221937495e-04 6.006565196213025596e-04 6.002929843217330542e-04 6.001270481948995641e-04 6.003816942110212253e-04 6.003728976864424914e-04 6.004528886982334014e-04 6.001399983762502376e-04 5.999364476174030196e-04 6.002120664757671980e-04 6.008511352512357863e-04 6.025010120914499898e-04 6.051836204219367219e-04 6.074436867949228446e-04 6.053728753214475573e-04 6.024474033728372891e-04 6.032645094262722735e-04
6.211112293312967200e-04 6.177925428177217983e-04 6.141385114409309140e-04 6.121305710532032145e-04 6.101553840769785835e-04 6.084435482488175081e-04 6.072049856306478135e-04 6.062278045805569995e-04 6.054754123558243580e-04 6.042331770551463959e-04 6.035658891328696783e-04 6.031184173560162100e-04 6.028713062202691346e-04 6.030209764546544480e-04 6.028722358152616969e-04 6.027241562175991978e-04 6.021133980341273999e-04 6.015238420832983487e-04 6.014031968881933862e-04 6.017893545587638940e-04 6.036220419971861668e-04 6.074436867949228446e-04 6.115931341956274943e-04 6.102028726895792482e-04 6.062223736134809840e-04 6.066640447181723388e-04
6.205328239943465243e-04 6.171661393323798822e-04 6.135634725102913313e-04 6.115691076766364455e-04 6.095909331439891858e-04 6.078825063717484788e-04 6.066623008145067674e-04 6.056778985787220591e-04 6.049182265675446439e-04 6.037057829349661616e-04 6.030316595818361637e-04 6.025885389873812410e-04 6.023395597789200700e-04 6.025231316316698562e-04 6.023950980592369811e-04 6.022557159380693536e-04 6.016339076462007837e-04 6.009782222106533657e-04 6.006474214994810944e-04 6.006254825432038843e-04 6.019055166233857994e-04 6.053728753214475573e-04 6.102028726895792482e-04 6.107590675022099829e-04 6.073654055084912705e-04 6.071290626222179384e-04
6.185227835642668950e-04 6.151264833108511035e-04 6.115296250491072862e-04 6.096080823867278467e-04 6.076159598716210320e-04 6.059489730290490775e-04 6.047553677100926325e-04 6.037889012091277909e-04 6.030492443596731540e-04 6.018975009675227826e-04 6.012549184645491667e-04 6.008577258931032186e-04 6.006553713384071413e-04 6.009246902155588287e-04 6.008520629297949738e-04 6.007991433388663351e-04 6.002655509178660143e-04 5.997308994372108331e-04 5.993932919804574296e-04 5.991891993862623550e-04 5.999583569123014080e-04 6.024474033728372891e-04 6.062223736134809840e-04 6.073654055084912705e-04 6.066386286871417897e-04 6.066003351766666944e-04
6.199520570302085752e-04 6.165435137757389623e-04 6.129565463377995493e-04 6.110165820133116018e-04 6.090361673839632178e-04 6.073695407720805083e-04 6.061637944949149022e-04 6.052185883534543127e-04 6.044737602485054364e-04 6.033118819287816700e-04 6.026704698113691987e-04 6.022847270120641793e-04 6.020608903898209746e-04 6.023111434817296581e-04 6.022071393698423840e-04 6.021551223020482060e-04 6.016811790474516303e-04 6.011504773350732174e-04 6.007452498119267553e-04 6.004129331068290380e-04 6.009797527524950687e-04 6.032645094262722735e-04 6.066640447181723388e-04 6.071290626222179384e-04 6.066003351766666944e-04 6.090118104895121069e-04
