7.175371700928590392e-04 7.188018058696481714e-04 7.192701747927818549e-04 7.198645280316701102e-04 7.203653882963119252e-04 7.205163331651496953e-04 7.211338766823722005e-04 7.214227919164526532e-04 7.219236561746087549e-04 7.222597861745406675e-04 7.222483920642028135e-04 7.226489415458287133e-04 7.232555467373889910e-04 7.240728151263994047e-04 7.247766800263365661e-04 7.259206434980897907e-04 7.272664028766005285e-04 7.285087099669439572e-04 7.301131021894663150e-04 7.311851528246703178e-04 7.310723462803773477e-04 7.277466915849863625e-04 7.230967293408110562e-04 7.213405832299364618e-04 7.223789945235830354e-04 7.245258769471940672e-04
7.188018058696481714e-04 7.201330040098534013e-04 7.205821561847397224e-04 7.211775449678088732e-04 7.216797537885154658e-04 7.218294780650637765e-04 7.224526228290167147e-04 7.227440326592406454e-04 7.232476411362965011e-04 7.235856165428769787e-04 7.235782333499703178e-04 7.239835858826915204e-04 7.245955879997428330e-04 7.254169083190455157e-04 7.261286664021791371e-04 7.272799887648533600e-04 7.286297466669858962e-04 7.298673816757466010e-04 7.314719528645954177e-04 7.325477038376189973e-04 7.324251590667447834e-04 7.290785196268277603e-04 7.244351662740531727e-04 7.226826301170954274e-04 7.236983157548157897e-04 7.258467462119807048e-04
7.192701747927818549e-04 7.205821561847397224e-04 7.210790605343423082e-04 7.216639467259628078e-04 7.221694021161129129e-04 7.223247443738161581e-04 7.229497916732549124e-04 7.232416516297450731e-04 7.237505149707084383e-04 7.240942974070750920e-04 7.240912357570323350e-04 7.245014498386035491e-04 7.251207048159785803e-04 7.259508906097877955e-04 7.266729548495613278e-04 7.278354169878834858e-04 7.292007458324750420e-04 7.304589883613227079e-04 7.320750321176952222e-04 7.331475097495157838e-04 7.330107412415879427e-04 7.296266757668501760e-04 7.249207972028355292e-04 7.231220821919069055e-04 7.241593083273869949e-04 7.263315370846091905e-04
7.198645280316701102e-04 7.211775449678088732e-04 7.216639467259628078e-04 7.222805405749240740e-04 7.227776503281563118e-04 7.229314759963995302e-04 7.235543176445716207e-04 7.238464400702133376e-04 7.243547088479888483e-04 7.246981166015740647e-04 7.246973705910734033e-04 7.251130736636706440e-04 7.257361790716168473e-04 7.265724363993466542e-04 7.273029338332321877e-04 7.284759104788470678e-04 7.298525233958378646e-04 7.311205101143756872e-04 7.327429898159734190e-04 7.338159019391553815e-04 7.336643027770245636e-04 7.302499006037443388e-04 7.255228775972425272e-04 7.237244321943933634e-04 7.247632144407104276e-04 7.269005048110114024e-04
7.203653882963119252e-04 7.216797537885154658e-04 7.221694021161129129e-04 7.227776503281563118e-04 7.232979712715162553e-04 7.234513723743367245e-04 7.240771732703745562e-04 7.243734161976322916e-04 7.248857204364939728e-04 7.252336487218851704e-04 7.252365951664272977e-04 7.256585517948333603e-04 7.262895215288495913e-04 7.271345915782548557e-04 7.278735090104431447e-04 7.290546488962442763e-04 7.304363685687114641e-04 7.317117538477681867e-04 7.333412790926059979e-04 7.344198572956333985e-04 7.342659356261263840e-04 7.308196307921506745e-04 7.260656951263212179e-04 7.242293247321742638e-04 7.252542298570293982e-04 7.274243211860313913e-04
7.205163331651496953e-04 7.218294780650637765e-04 7.223247443738161581e-04 7.229314759963995302e-04 7.234513723743367245e-04 7.236234176622374304e-04 7.242515792304204383e-04 7.245523461021345256e-04 7.250692131970940457e-04 7.254226616412598819e-04 7.254328719193813436e-04 7.258637084821179019e-04 7.265034609713738991e-04 7.273587082102503159e-04 7.281082029243295638e-04 7.293025811954096478e-04 7.306970628439599493e-04 7.319880159531333853e-04 7.336323127976923826e-04 7.347082112547650241e-04 7.345298109263963867e-04 7.310390013575302501e-04 7.262473884027547972e-04 7.244069276352163925e-04 7.254414793697719138e-04 7.276054548388024559e-04
7.211338766823722005e-04 7.224526228290167147e-04 7.229497916732549124e-04 7.235543176445716207e-04 7.240771732703745562e-04 7.242515792304204383e-04 7.248989187428116166e-04 7.252047033558000526e-04 7.257272205460170086e-04 7.260874464596645287e-04 7.261045344282006809e-04 7.265443089952298766e-04 7.271958399157866940e-04 7.280642627823359853e-04 7.288288714435816251e-04 7.300381667608716240e-04 7.314485773112872026e-04 7.327553695194210029e-04 7.344116255835548201e-04 7.354817270765236226e-04 7.352785930658039485e-04 7.317439812567372998e-04 7.269157503803686969e-04 7.250575330479361747e-04 7.260878230630072238e-04 7.282641600584743467e-04
7.214227919164526532e-04 7.227440326592406454e-04 7.232416516297450731e-04 7.238464400702133376e-04 7.243734161976322916e-04 7.245523461021345256e-04 7.252047033558000526e-04 7.255284174537950798e-04 7.260604254141351773e-04 7.264303250892617395e-04 7.264571749564876797e-04 7.269098161065693431e-04 7.275730307447817423e-04 7.284546125771102550e-04 7.292320533548661120e-04 7.304565528693328759e-04 7.318814507906396070e-04 7.332063481051428284e-04 7.348819957012919790e-04 7.359558120273536124e-04 7.357324702443563758e-04 7.321503478936432436e-04 7.272827535105031186e-04 7.253958345472194058e-04 7.263991409561986129e-04 7.285972148953579006e-04
7.219236561746087549e-04 7.232476411362965011e-04 7.237505149707084383e-04 7.243547088479888483e-04 7.248857204364939728e-04 7.250692131970940457e-04 7.257272205460170086e-04 7.260604254141351773e-04 7.266164893538737445e-04 7.269982265718189993e-04 7.270366800011859171e-04 7.275047776787447714e-04 7.281867756371441635e-04 7.290883761022100545e-04 7.298854381361901929e-04 7.311328563687030614e-04 7.325817846895775823e-04 7.339291785087281167e-04 7.356238481622523733e-04 7.366997799530316865e-04 7.364468618945473532e-04 7.327998345655767094e-04 7.278713653975848541e-04 7.259537769971877207e-04 7.269481043707895105e-04 7.291652267117046827e-04
7.222597861745406675e-04 7.235856165428769787e-04 7.240942974070750920e-04 7.246981166015740647e-04 7.252336487218851704e-04 7.254226616412598819e-04 7.260874464596645287e-04 7.264303250892617395e-04 7.269982265718189993e-04 7.274042944477399162e-04 7.274621131863974379e-04 7.279511554309758261e-04 7.286546824539063411e-04 7.295777108390190738e-04 7.303974814251073871e-04 7.316659787315456199e-04 7.331336358892428075e-04 7.344981656257627660e-04 7.362042617838195167e-04 7.372705802738136393e-04 7.369761338288283083e-04 7.332651773841136712e-04 7.283067840759856323e-04 7.263763858747847475e-04 7.273312802758908268e-04 7.295412411610668110e-04
7.222483920642028135e-04 7.235782333499703178e-04 7.240912357570323350e-04 7.246973705910734033e-04 7.252365951664272977e-04 7.254328719193813436e-04 7.261045344282006809e-04 7.264571749564876797e-04 7.270366800011859171e-04 7.274621131863974379e-04 7.275508891841342939e-04 7.280692958485192106e-04 7.288014084909635523e-04 7.297533644668153206e-04 7.306015736970956822e-04 7.318985157750065038e-04 7.333945558151115521e-04 7.347808763348604539e-04 7.364990114245336793e-04 7.375457069126974737e-04 7.371878758072000250e-04 7.333827344468010984e-04 7.283814340773703527e-04 7.264541060522784711e-04 7.273789450239260710e-04 7.295699647236274883e-04
7.226489415458287133e-04 7.239835858826915204e-04 7.245014498386035491e-04 7.251130736636706440e-04 7.256585517948333603e-04 7.258637084821179019e-04 7.265443089952298766e-04 7.269098161065693431e-04 7.275047776787447714e-04 7.279511554309758261e-04 7.280692958485192106e-04 7.286372224175170992e-04 7.294150783697852386e-04 7.304133880727217048e-04 7.313082912833582857e-04 7.326531589868560089e-04 7.341970367321430614e-04 7.356273106546897802e-04 7.373779665385252115e-04 7.384093730359096545e-04 7.379553610155547899e-04 7.339757969193904958e-04 7.288545805769404981e-04 7.269083448510840631e-04 7.278306032483107361e-04 7.300257155258775121e-04
7.232555467373889910e-04 7.245955879997428330e-04 7.251207048159785803e-04 7.257361790716168473e-04 7.262895215288495913e-04 7.265034609713738991e-04 7.271958399157866940e-04 7.275730307447817423e-04 7.281867756371441635e-04 7.286546824539063411e-04 7.288014084909635523e-04 7.294150783697852386e-04 7.302583706265159281e-04 7.313236401354743363e-04 7.322848420547901915e-04 7.336922142625100594e-04 7.352999147818545635e-04 7.367860676966519031e-04 7.385791080198574401e-04 7.396101826352484247e-04 7.390645729121426370e-04 7.348978229069937215e-04 7.296340251343902839e-04 7.276247779970677681e-04 7.285336149037166618e-04 7.307450826720629728e-04
7.240728151263994047e-04 7.254169083190455157e-04 7.259508906097877955e-04 7.265724363993466542e-04 7.271345915782548557e-04 7.273587082102503159e-04 7.280642627823359853e-04 7.284546125771102550e-04 7.290883761022100545e-04 7.295777108390190738e-04 7.297533644668153206e-04 7.304133880727217048e-04 7.313236401354743363e-04 7.324814852943462625e-04 7.335318113155550428e-04 7.350217422501525988e-04 7.367132716779933128e-04 7.382762811355171595e-04 7.401318321184782809e-04 7.411733320167181822e-04 7.405251184535292276e-04 7.361275002647034091e-04 7.306795885703563269e-04 7.286093851486373377e-04 7.295051896368570828e-04 7.317221430285642241e-04
7.247766800263365661e-04 7.261286664021791371e-04 7.266729548495613278e-04 7.273029338332321877e-04 7.278735090104431447e-04 7.281082029243295638e-04 7.288288714435816251e-04 7.292320533548661120e-04 7.298854381361901929e-04 7.303974814251073871e-04 7.306015736970956822e-04 7.313082912833582857e-04 7.322848420547901915e-04 7.335318113155550428e-04 7.346989625139773664e-04 7.363033678405963081e-04 7.381092852722294807e-04 7.397764858892550864e-04 7.417125003338266185e-04 7.427705259997077845e-04 7.420149316976173189e-04 7.373544780888917870e-04 7.316859867702751223e-04 7.295379792826589159e-04 7.303771895922355102e-04 7.325527958483783308e-04
7.259206434980897907e-04 7.272799887648533600e-04 7.278354169878834858e-04 7.284759104788470678e-04 7.290546488962442763e-04 7.293025811954096478e-04 7.300381667608716240e-04 7.304565528693328759e-04 7.311328563687030614e-04 7.316659787315456199e-04 7.318985157750065038e-04 7.326531589868560089e-04 7.336922142625100594e-04 7.350217422501525988e-04 7.363033678405963081e-04 7.380630617009329483e-04 7.400313967548370359e-04 7.418501291390914090e-04 7.439124759471176570e-04 7.450171802647502289e-04 7.441629275580832195e-04 7.391901911684335431e-04 7.332200767493711035e-04 7.309605853928112735e-04 7.317565592422450339e-04 7.338506440069265382e-04
7.272664028766005285e-04 7.286297466669858962e-04 7.292007458324750420e-04 7.298525233958378646e-04 7.304363685687114641e-04 7.306970628439599493e-04 7.314485773112872026e-04 7.318814507906396070e-04 7.325817846895775823e-04 7.331336358892428075e-04 7.333945558151115521e-04 7.341970367321430614e-04 7.352999147818545635e-04 7.367132716779933128e-04 7.381092852722294807e-04 7.400313967548370359e-04 7.422309460932252200e-04 7.442864615974782673e-04 7.465486619846196633e-04 7.477546710267646409e-04 7.468317942888164605e-04 7.415130012431673124e-04 7.351387569343897140e-04 7.327187639140462106e-04 7.334472567670605484e-04 7.354275736086321414e-04
7.285087099669439572e-04 7.298673816757466010e-04 7.304589883613227079e-04 7.311205101143756872e-04 7.317117538477681867e-04 7.319880159531333853e-04 7.327553695194210029e-04 7.332063481051428284e-04 7.339291785087281167e-04 7.344981656257627660e-04 7.347808763348604539e-04 7.356273106546897802e-04 7.367860676966519031e-04 7.382762811355171595e-04 7.397764858892550864e-04 7.418501291390914090e-04 7.442864615974782673e-04 7.466681597333358527e-04 7.492472711744149316e-04 7.506644151401293662e-04 7.497548354394461840e-04 7.440842395285332924e-04 7.371609807615023355e-04 7.344026379446366715e-04 7.350033538772987986e-04 7.368966859691412040e-04
7.301131021894663150e-04 7.314719528645954177e-04 7.320750321176952222e-04 7.327429898159734190e-04 7.333412790926059979e-04 7.336323127976923826e-04 7.344116255835548201e-04 7.348819957012919790e-04 7.356238481622523733e-04 7.362042617838195167e-04 7.364990114245336793e-04 7.373779665385252115e-04 7.385791080198574401e-04 7.401318321184782809e-04 7.417125003338266185e-04 7.439124759471176570e-04 7.465486619846196633e-04 7.492472711744149316e-04 7.522511309062480857e-04 7.540298406766622087e-04 7.532844392959116113e-04 7.473924027866687535e-04 7.398931950983477814e-04 7.366834368394639286e-04 7.370736072201759239e-04 7.388228619141336880e-04
7.311851528246703178e-04 7.325477038376189973e-04 7.331475097495157838e-04 7.338159019391553815e-04 7.344198572956333985e-04 7.347082112547650241e-04 7.354817270765236226e-04 7.359558120273536124e-04 7.366997799530316865e-04 7.372705802738136393e-04 7.375457069126974737e-04 7.384093730359096545e-04 7.396101826352484247e-04 7.411733320167181822e-04 7.427705259997077845e-04 7.450171802647502289e-04 7.477546710267646409e-04 7.506644151401293662e-04 7.540298406766622087e-04 7.563625434903152589e-04 7.561333230499214277e-04 7.504112164449647975e-04 7.424129177044502120e-04 7.384349864875003550e-04 7.385654892841949206e-04 7.401845859941225429e-04
7.310723462803773477e-04 7.324251590667447834e-04 7.330107412415879427e-04 7.336643027770245636e-04 7.342659356261263840e-04 7.345298109263963867e-04 7.352785930658039485e-04 7.357324702443563758e-04 7.364468618945473532e-04 7.369761338288283083e-04 7.371878758072000250e-04 7.379553610155547899e-04 7.390645729121426370e-04 7.405251184535292276e-04 7.420149316976173189e-04 7.441629275580832195e-04 7.468317942888164605e-04 7.497548354394461840e-04 7.532844392959116113e-04 7.561333230499214277e-04 7.568904141706341753e-04 7.521030149353302675e-04 7.441145114929046019e-04 7.392679227715984397e-04 7.389510830954442149e-04 7.403093488624388043e-04
7.277466915849863625e-04 7.290785196268277603e-04 7.296266757668501760e-04 7.302499006037443388e-04 7.308196307921506745e-04 7.310390013575302501e-04 7.317439812567372998e-04 7.321503478936432436e-04 7.327998345655767094e-04 7.332651773841136712e-04 7.333827344468010984e-04 7.339757969193904958e-04 7.348978229069937215e-04 7.361275002647034091e-04 7.373544780888917870e-04 7.391901911684335431e-04 7.415130012431673124e-04 7.440842395285332924e-04 7.473924027866687535e-04 7.504112164449647975e-04 7.521030149353302675e-04 7.492596467112848423e-04 7.425588649507727226e-04 7.373288978412806914e-04 7.360668324271990668e-04 7.370173100928526216e-04
7.230967293408110562e-04 7.244351662740531727e-04 7.249207972028355292e-04 7.255228775972425272e-04 7.260656951263212179e-04 7.262473884027547972e-04 7.269157503803686969e-04 7.272827535105031186e-04 7.278713653975848541e-04 7.283067840759856323e-04 7.283814340773703527e-04 7.288545805769404981e-04 7.296340251343902839e-04 7.306795885703563269e-04 7.316859867702751223e-04 7.332200767493711035e-04 7.351387569343897140e-04 7.371609807615023355e-04 7.398931950983477814e-04 7.424129177044502120e-04 7.441145114929046019e-04 7.425588649507727226e-04 7.382523856540774716e-04 7.343831630024525922e-04 7.322490101252886576e-04 7.325416484125799954e-04
7.213405832299364618e-04 7.226826301170954274e-04 7.231220821919069055e-04 7.237244321943933634e-04 7.242293247321742638e-04 7.244069276352163925e-04 7.250575330479361747e-04 7.253958345472194058e-04 7.259537769971877207e-04 7.263763858747847475e-04 7.264541060522784711e-04 7.269083448510840631e-04 7.276247779970677681e-04 7.286093851486373377e-04 7.295379792826589159e-04 7.309605853928112735e-04 7.327187639140462106e-04 7.344026379446366715e-04 7.366834368394639286e-04 7.384349864875003550e-04 7.392679227715984397e-04 7.373288978412806914e-04 7.343831630024525922e-04 7.335219383220057060e-04 7.322666626032844949e-04 7.316305036365793133e-04
7.223789945235830354e-04 7.236983157548157897e-04 7.241593083273869949e-04 7.247632144407104276e-04 7.252542298570293982e-04 7.254414793697719138e-04 7.260878230630072238e-04 7.263991409561986129e-04 7.269481043707895105e-04 7.273312802758908268e-04 7.273789450239260710e-04 7.278306032483107361e-04 7.285336149037166618e-04 7.295051896368570828e-04 7.303771895922355102e-04 7.317565592422450339e-04 7.334472567670605484e-04 7.350033538772987986e-04 7.370736072201759239e-04 7.385654892841949206e-04 7.389510830954442149e-04 7.360668324271990668e-04 7.322490101252886576e-04 7.322666626032844949e-04 7.346205432061982945e-04 7.350187642719333263e-04
7.245258769471940672e-04 7.258467462119807048e-04 7.263315370846091905e-04 7.269005048110114024e-04 7.274243211860313913e-04 7.276054548388024559e-04 7.282641600584743467e-04 7.285972148953579006e-04 7.291652267117046827e-04 7.295412411610668110e-04 7.295699647236274883e-04 7.300257155258775121e-04 7.307450826720629728e-04 7.317221430285642241e-04 7.325527958483783308e-04 7.338506440069265382e-04 7.354275736086321414e-04 7.368966859691412040e-04 7.388228619141336880e-04 7.401845859941225429e-04 7.403093488624388043e-04 7.370173100928526216e-04 7.325416484125799954e-04 7.316305036365793133e-04 7.350187642719333263e-04 7.389181505612329439e-04
