2.801041109826918275e-04 2.791644722330659505e-04 2.789191983185601185e-04 2.787779702581574186e-04 2.784749900049505946e-04 2.783488695952489301e-04 2.780072349118525941e-04 2.777951274160487464e-04 2.775760751322326023e-04 2.775147851742208066e-04 2.775520304616375272e-04 2.777691378479944426e-04 2.783196365081364162e-04 2.786880521793810134e-04 2.790623966749662091e-04 2.793645901291073549e-04 2.796115537799168647e-04 2.804102100568268388e-04 2.809026570509836371e-04 2.814529109162164410e-04 2.819178168743298614e-04 2.815195614730732075e-04 2.804562150958992079e-04 2.785412963944133413e-04 2.789987007917428064e-04 2.787396125123457638e-04
2.791644722330659505e-04 2.783100901975371936e-04 2.780448007874871254e-04 2.778995615398509311e-04 2.775962429857363120e-04 2.774720718104496382e-04 2.771363458614594104e-04 2.769285391106770687e-04 2.767171232162838018e-04 2.766560520079614839e-04 2.766952385102090664e-04 2.769163188723615019e-04 2.774725965376509981e-04 2.778430638753119977e-04 2.782118376639802770e-04 2.785064897714617017e-04 2.787430161404925587e-04 2.795376979959342755e-04 2.800213566880418764e-04 2.805487164435851066e-04 2.809815163099303281e-04 2.805608233101660929e-04 2.795093838796892634e-04 2.776321955687084588e-04 2.780917908776586690e-04 2.778245154015674279e-04
2.789191983185601185e-04 2.780448007874871254e-04 2.778391851129016722e-04 2.776768053243590406e-04 2.773743070324371715e-04 2.772536014056930782e-04 2.769150968141471133e-04 2.767092412432821695e-04 2.764997152141511244e-04 2.764466733574801418e-04 2.764907484638255350e-04 2.767180220856809022e-04 2.772779901605458759e-04 2.776525731281884396e-04 2.780297307389959557e-04 2.783294976394498957e-04 2.785691850253719723e-04 2.793754618874192091e-04 2.798720807203582063e-04 2.804098620418312197e-04 2.808432363486600115e-04 2.803866307078556070e-04 2.792956137254597637e-04 2.773915356658541629e-04 2.778335643080759158e-04 2.775585477544146489e-04
2.787779702581574186e-04 2.778995615398509311e-04 2.776768053243590406e-04 2.775662619556221026e-04 2.772500938058216073e-04 2.771281718093872130e-04 2.767913316686632639e-04 2.765847772528801335e-04 2.763783128292324914e-04 2.763215259854392850e-04 2.763657320560602895e-04 2.765932131666539785e-04 2.771584088640209327e-04 2.775377679244607379e-04 2.779157770922355015e-04 2.782172375112380359e-04 2.784645356200785861e-04 2.792680970846814366e-04 2.797624074238954251e-04 2.802957745025533580e-04 2.807276226107309675e-04 2.802922489794731258e-04 2.792220689372688480e-04 2.772953851917079509e-04 2.777231918683138907e-04 2.774418113570496498e-04
2.784749900049505946e-04 2.775962429857363120e-04 2.773743070324371715e-04 2.772500938058216073e-04 2.769711619099768417e-04 2.768459736493516913e-04 2.765106765176468550e-04 2.763050694499976376e-04 2.761022984882827223e-04 2.760507413256713290e-04 2.761009437601316652e-04 2.763338631065866071e-04 2.769049902115415236e-04 2.772913627553667457e-04 2.776792203231643035e-04 2.779911038781211676e-04 2.782432503096584839e-04 2.790505895896176129e-04 2.795448195259015193e-04 2.800726208069054192e-04 2.804899164884115063e-04 2.800200781063792938e-04 2.789225707958710421e-04 2.769934348406477109e-04 2.774505052451405334e-04 2.771767403519445898e-04
2.783488695952489301e-04 2.774720718104496382e-04 2.772536014056930782e-04 2.771281718093872130e-04 2.768459736493516913e-04 2.767492128594769142e-04 2.764104611444487898e-04 2.762050632166403803e-04 2.760038822254012739e-04 2.759561774145910464e-04 2.760101330179743837e-04 2.762477774545935689e-04 2.768229891369272861e-04 2.772148261437613849e-04 2.776036102460288039e-04 2.779168652131663170e-04 2.781694960332171994e-04 2.789713101340067828e-04 2.794572333066688971e-04 2.799764294005018406e-04 2.803756821173750331e-04 2.798818427087659409e-04 2.787814026451105849e-04 2.768615208294815844e-04 2.773254267660710823e-04 2.770456781707904270e-04
2.780072349118525941e-04 2.771363458614594104e-04 2.769150968141471133e-04 2.767913316686632639e-04 2.765106765176468550e-04 2.764104611444487898e-04 2.760983742888577317e-04 2.758981438284473686e-04 2.757038328172991995e-04 2.756629731293957814e-04 2.757231489385547022e-04 2.759663335372265314e-04 2.765510708249198650e-04 2.769516354928972901e-04 2.773500999912931783e-04 2.776721459616535918e-04 2.779352737791857247e-04 2.787441403598545303e-04 2.792369402278263493e-04 2.797534955879736433e-04 2.801267041558329883e-04 2.795927874607387624e-04 2.784890825409436265e-04 2.765537244316171447e-04 2.769945363470146778e-04 2.766996860259748935e-04
2.777951274160487464e-04 2.769285391106770687e-04 2.767092412432821695e-04 2.765847772528801335e-04 2.763050694499976376e-04 2.762050632166403803e-04 2.758981438284473686e-04 2.757221563683376038e-04 2.755362687925417718e-04 2.755050252876279477e-04 2.755750811766667510e-04 2.758316618001811532e-04 2.764306674147377690e-04 2.768407336919885510e-04 2.772500649861848261e-04 2.775850957228496833e-04 2.778603543108532255e-04 2.786814933630991508e-04 2.791778038069457277e-04 2.796925244549103317e-04 2.800410026644355914e-04 2.794585285697958493e-04 2.783280764215803767e-04 2.763699499253521332e-04 2.768055467204926390e-04 2.765128544496582965e-04
2.775760751322326023e-04 2.767171232162838018e-04 2.764997152141511244e-04 2.763783128292324914e-04 2.761022984882827223e-04 2.760038822254012739e-04 2.757038328172991995e-04 2.755362687925417718e-04 2.753789612925148871e-04 2.753608319554984632e-04 2.754450746218900232e-04 2.757178274048472494e-04 2.763359175227307553e-04 2.767592865500679189e-04 2.771825274974797819e-04 2.775343078391507255e-04 2.778243632228535702e-04 2.786544734400636615e-04 2.791538198119715929e-04 2.796591290081720110e-04 2.799718513694359487e-04 2.793227302951084914e-04 2.781530004807351939e-04 2.761908141567632168e-04 2.766302307460145665e-04 2.763344281401136811e-04
2.775147851742208066e-04 2.766560520079614839e-04 2.764466733574801418e-04 2.763215259854392850e-04 2.760507413256713290e-04 2.759561774145910464e-04 2.756629731293957814e-04 2.755050252876279477e-04 2.753608319554984632e-04 2.753740732538137643e-04 2.754777816014571589e-04 2.757709760360253282e-04 2.764137271792940862e-04 2.768601944548140965e-04 2.773059236310015854e-04 2.776786852411973418e-04 2.779856235745269914e-04 2.788273914147409971e-04 2.793307811577650434e-04 2.798269304107801588e-04 2.800891631801004757e-04 2.793492143969529074e-04 2.781283657453539155e-04 2.761543281309916426e-04 2.765953033031568181e-04 2.762689097418287768e-04
2.775520304616375272e-04 2.766952385102090664e-04 2.764907484638255350e-04 2.763657320560602895e-04 2.761009437601316652e-04 2.760101330179743837e-04 2.757231489385547022e-04 2.755750811766667510e-04 2.754450746218900232e-04 2.754777816014571589e-04 2.756210210292060823e-04 2.759463936617656240e-04 2.766245026497671862e-04 2.771016926516744897e-04 2.775757484202806763e-04 2.779721749855308135e-04 2.783018968323337154e-04 2.791611144020859415e-04 2.796679014756597360e-04 2.801440158408368005e-04 2.803289738091353160e-04 2.794628112231058495e-04 2.781791548564640040e-04 2.762112597660827782e-04 2.766554768164376787e-04 2.763282253242404954e-04
2.777691378479944426e-04 2.769163188723615019e-04 2.767180220856809022e-04 2.765932131666539785e-04 2.763338631065866071e-04 2.762477774545935689e-04 2.759663335372265314e-04 2.758316618001811532e-04 2.757178274048472494e-04 2.757709760360253282e-04 2.759463936617656240e-04 2.763226780331454863e-04 2.770485475594409389e-04 2.775647590652251728e-04 2.780766004931562699e-04 2.785042194208202197e-04 2.788563963704409330e-04 2.797285220425442596e-04 2.802350722280486724e-04 2.806872786858398720e-04 2.807879919498170525e-04 2.797743939311037693e-04 2.784132303766231387e-04 2.764306256265042509e-04 2.768850525869453127e-04 2.765272237210343099e-04
2.783196365081364162e-04 2.774725965376509981e-04 2.772779901605458759e-04 2.771584088640209327e-04 2.769049902115415236e-04 2.768229891369272861e-04 2.765510708249198650e-04 2.764306674147377690e-04 2.763359175227307553e-04 2.764137271792940862e-04 2.766245026497671862e-04 2.770485475594409389e-04 2.778504078632173255e-04 2.784298766074799780e-04 2.790029049397554375e-04 2.794848006690271009e-04 2.798806392767455640e-04 2.807846056082987664e-04 2.812964967695046536e-04 2.817203398808172904e-04 2.817079780380516612e-04 2.804852510438752720e-04 2.790219321272789112e-04 2.770296071918489718e-04 2.774681714660459588e-04 2.770663060750756779e-04
2.786880521793810134e-04 2.778430638753119977e-04 2.776525731281884396e-04 2.775377679244607379e-04 2.772913627553667457e-04 2.772148261437613849e-04 2.769516354928972901e-04 2.768407336919885510e-04 2.767592865500679189e-04 2.768601944548140965e-04 2.771016926516744897e-04 2.775647590652251728e-04 2.784298766074799780e-04 2.790945520493585052e-04 2.797477544236852561e-04 2.802975098078249057e-04 2.807508253263127384e-04 2.816967228508402278e-04 2.822233649493817616e-04 2.826221744564514607e-04 2.825057365862590074e-04 2.810718358197577854e-04 2.795110058957116271e-04 2.775111856974949039e-04 2.779169850998776067e-04 2.774424638270991017e-04
2.790623966749662091e-04 2.782118376639802770e-04 2.780297307389959557e-04 2.779157770922355015e-04 2.776792203231643035e-04 2.776036102460288039e-04 2.773500999912931783e-04 2.772500649861848261e-04 2.771825274974797819e-04 2.773059236310015854e-04 2.775757484202806763e-04 2.780766004931562699e-04 2.790029049397554375e-04 2.797477544236852561e-04 2.805106797830634268e-04 2.811571773021484186e-04 2.816947441731755867e-04 2.827087835678154543e-04 2.832682078590323805e-04 2.836569198866585140e-04 2.834333730085616281e-04 2.817582383712938492e-04 2.800583059237682728e-04 2.780092472160741778e-04 2.783813607598019857e-04 2.778619397993673575e-04
2.793645901291073549e-04 2.785064897714617017e-04 2.783294976394498957e-04 2.782172375112380359e-04 2.779911038781211676e-04 2.779168652131663170e-04 2.776721459616535918e-04 2.775850957228496833e-04 2.775343078391507255e-04 2.776786852411973418e-04 2.779721749855308135e-04 2.785042194208202197e-04 2.794848006690271009e-04 2.802975098078249057e-04 2.811571773021484186e-04 2.819401069960721594e-04 2.826042810523086979e-04 2.837089328686669999e-04 2.843033704274686656e-04 2.846994884758881762e-04 2.843870312135096819e-04 2.824429586444251170e-04 2.805650005342429868e-04 2.784674372762164997e-04 2.788103588776681381e-04 2.782606914334058738e-04
2.796115537799168647e-04 2.787430161404925587e-04 2.785691850253719723e-04 2.784645356200785861e-04 2.782432503096584839e-04 2.781694960332171994e-04 2.779352737791857247e-04 2.778603543108532255e-04 2.778243632228535702e-04 2.779856235745269914e-04 2.783018968323337154e-04 2.788563963704409330e-04 2.798806392767455640e-04 2.807508253263127384e-04 2.816947441731755867e-04 2.826042810523086979e-04 2.834623106747177269e-04 2.847365949149808367e-04 2.854383035506508157e-04 2.859054998658178267e-04 2.855467786285799262e-04 2.833101325368702012e-04 2.811440894776739583e-04 2.789348994140308249e-04 2.792077709405336463e-04 2.786246723984998289e-04
2.804102100568268388e-04 2.795376979959342755e-04 2.793754618874192091e-04 2.792680970846814366e-04 2.790505895896176129e-04 2.789713101340067828e-04 2.787441403598545303e-04 2.786814933630991508e-04 2.786544734400636615e-04 2.788273914147409971e-04 2.791611144020859415e-04 2.797285220425442596e-04 2.807846056082987664e-04 2.816967228508402278e-04 2.827087835678154543e-04 2.837089328686669999e-04 2.847365949149808367e-04 2.862469116037149697e-04 2.871439022754340665e-04 2.877526283650628418e-04 2.874041953086666477e-04 2.849111442057013590e-04 2.823679271056816153e-04 2.799650843613328273e-04 2.801168478733524867e-04 2.795250935927795000e-04
2.809026570509836371e-04 2.800213566880418764e-04 2.798720807203582063e-04 2.797624074238954251e-04 2.795448195259015193e-04 2.794572333066688971e-04 2.792369402278263493e-04 2.791778038069457277e-04 2.791538198119715929e-04 2.793307811577650434e-04 2.796679014756597360e-04 2.802350722280486724e-04 2.812964967695046536e-04 2.822233649493817616e-04 2.832682078590323805e-04 2.843033704274686656e-04 2.854383035506508157e-04 2.871439022754340665e-04 2.883508116862582341e-04 2.892540760723439188e-04 2.890676095907649670e-04 2.864888181812127207e-04 2.835055716552416748e-04 2.807655015937703027e-04 2.807609670973042182e-04 2.801227416437341092e-04
2.814529109162164410e-04 2.805487164435851066e-04 2.804098620418312197e-04 2.802957745025533580e-04 2.800726208069054192e-04 2.799764294005018406e-04 2.797534955879736433e-04 2.796925244549103317e-04 2.796591290081720110e-04 2.798269304107801588e-04 2.801440158408368005e-04 2.806872786858398720e-04 2.817203398808172904e-04 2.826221744564514607e-04 2.836569198866585140e-04 2.846994884758881762e-04 2.859054998658178267e-04 2.877526283650628418e-04 2.892540760723439188e-04 2.906421966049895856e-04 2.908713998406817778e-04 2.884003203242040277e-04 2.849543350561123270e-04 2.816756015098241029e-04 2.815147412574122918e-04 2.808262283471137577e-04
2.819178168743298614e-04 2.809815163099303281e-04 2.808432363486600115e-04 2.807276226107309675e-04 2.804899164884115063e-04 2.803756821173750331e-04 2.801267041558329883e-04 2.800410026644355914e-04 2.799718513694359487e-04 2.800891631801004757e-04 2.803289738091353160e-04 2.807879919498170525e-04 2.817079780380516612e-04 2.825057365862590074e-04 2.834333730085616281e-04 2.843870312135096819e-04 2.855467786285799262e-04 2.874041953086666477e-04 2.890676095907649670e-04 2.908713998406817778e-04 2.918887523922783305e-04 2.901195287660987012e-04 2.866132423604666178e-04 2.826873900502032354e-04 2.822485404811238036e-04 2.814643774114941339e-04
2.815195614730732075e-04 2.805608233101660929e-04 2.803866307078556070e-04 2.802922489794731258e-04 2.800200781063792938e-04 2.798818427087659409e-04 2.795927874607387624e-04 2.794585285697958493e-04 2.793227302951084914e-04 2.793492143969529074e-04 2.794628112231058495e-04 2.797743939311037693e-04 2.804852510438752720e-04 2.810718358197577854e-04 2.817582383712938492e-04 2.824429586444251170e-04 2.833101325368702012e-04 2.849111442057013590e-04 2.864888181812127207e-04 2.884003203242040277e-04 2.901195287660987012e-04 2.898507804937153101e-04 2.872020079110419039e-04 2.829146119084300086e-04 2.819546016796577073e-04 2.809745928334944501e-04
2.804562150958992079e-04 2.795093838796892634e-04 2.792956137254597637e-04 2.792220689372688480e-04 2.789225707958710421e-04 2.787814026451105849e-04 2.784890825409436265e-04 2.783280764215803767e-04 2.781530004807351939e-04 2.781283657453539155e-04 2.781791548564640040e-04 2.784132303766231387e-04 2.790219321272789112e-04 2.795110058957116271e-04 2.800583059237682728e-04 2.805650005342429868e-04 2.811440894776739583e-04 2.823679271056816153e-04 2.835055716552416748e-04 2.849543350561123270e-04 2.866132423604666178e-04 2.872020079110419039e-04 2.864165045086572393e-04 2.831595345362490895e-04 2.816466831876702072e-04 2.800869172715266670e-04
2.785412963944133413e-04 2.776321955687084588e-04 2.773915356658541629e-04 2.772953851917079509e-04 2.769934348406477109e-04 2.768615208294815844e-04 2.765537244316171447e-04 2.763699499253521332e-04 2.761908141567632168e-04 2.761543281309916426e-04 2.762112597660827782e-04 2.764306256265042509e-04 2.770296071918489718e-04 2.775111856974949039e-04 2.780092472160741778e-04 2.784674372762164997e-04 2.789348994140308249e-04 2.799650843613328273e-04 2.807655015937703027e-04 2.816756015098241029e-04 2.826873900502032354e-04 2.829146119084300086e-04 2.831595345362490895e-04 2.822472070083040631e-04 2.813048346590423638e-04 2.790858532396831059e-04
2.789987007917428064e-04 2.780917908776586690e-04 2.778335643080759158e-04 2.777231918683138907e-04 2.774505052451405334e-04 2.773254267660710823e-04 2.769945363470146778e-04 2.768055467204926390e-04 2.766302307460145665e-04 2.765953033031568181e-04 2.766554768164376787e-04 2.768850525869453127e-04 2.774681714660459588e-04 2.779169850998776067e-04 2.783813607598019857e-04 2.788103588776681381e-04 2.792077709405336463e-04 2.801168478733524867e-04 2.807609670973042182e-04 2.815147412574122918e-04 2.822485404811238036e-04 2.819546016796577073e-04 2.816466831876702072e-04 2.813048346590423638e-04 2.827892914202943960e-04 2.811930975747938422e-04
2.787396125123457638e-04 2.778245154015674279e-04 2.775585477544146489e-04 2.774418113570496498e-04 2.771767403519445898e-04 2.770456781707904270e-04 2.766996860259748935e-04 2.765128544496582965e-04 2.763344281401136811e-04 2.762689097418287768e-04 2.763282253242404954e-04 2.765272237210343099e-04 2.770663060750756779e-04 2.774424638270991017e-04 2.778619397993673575e-04 2.782606914334058738e-04 2.786246723984998289e-04 2.795250935927795000e-04 2.801227416437341092e-04 2.808262283471137577e-04 2.814643774114941339e-04 2.809745928334944501e-04 2.800869172715266670e-04 2.790858532396831059e-04 2.811930975747938422e-04 2.823490070131598993e-04
