2.762774122688088380e-04 2.763145477591250564e-04 2.766709518621474442e-04 2.765449905693402989e-04 2.764121960602137140e-04 2.764104675225918665e-04 2.763376083975348056e-04 2.762703991469468408e-04 2.762335413085343695e-04 2.762517429831994140e-04 2.762426450083939745e-04 2.766165837313411865e-04 2.772563059048333955e-04 2.778462524579302620e-04 2.784273573160469042e-04 2.786626444642148460e-04 2.788465012601657736e-04 2.795516167551843120e-04 2.799168037960225340e-04 2.805429258774136360e-04 2.808848931861239288e-04 2.804307326521406399e-04 2.793043269135431867e-04 2.773710354477871187e-04 2.775695083092067088e-04 2.769954816933630805e-04
2.763145477591250564e-04 2.764326543704503621e-04 2.767680468860640318e-04 2.766423198611560742e-04 2.765128666715626661e-04 2.765156426786388407e-04 2.764447453429331363e-04 2.763759609248741048e-04 2.763417380101729280e-04 2.763600703219976453e-04 2.763550235870359086e-04 2.767319955431877675e-04 2.773800666586661396e-04 2.779816591267054797e-04 2.785775364359187561e-04 2.788325135300423452e-04 2.790423244068035739e-04 2.797660862295893100e-04 2.801473619849107551e-04 2.807796103719017197e-04 2.811012295419848843e-04 2.805921158700236720e-04 2.794347521203213269e-04 2.774868827548724205e-04 2.776994766075471690e-04 2.771353607354754217e-04
2.766709518621474442e-04 2.767680468860640318e-04 2.771538638893188936e-04 2.770151828445368506e-04 2.768870372785322783e-04 2.768854773716034447e-04 2.768137712593491859e-04 2.767450335765202609e-04 2.767095746907211008e-04 2.767278856401116983e-04 2.767210908402948765e-04 2.770966424470705362e-04 2.777442818580293368e-04 2.783446316104236070e-04 2.789343626391108479e-04 2.791829434353153825e-04 2.793786789899035754e-04 2.800852593884637916e-04 2.804499902102445814e-04 2.810592558356458611e-04 2.813673889289614971e-04 2.808712815244808936e-04 2.797462635183122479e-04 2.778483125206808566e-04 2.780632477330649620e-04 2.774853470079743879e-04
2.765449905693402989e-04 2.766423198611560742e-04 2.770151828445368506e-04 2.769130761920043080e-04 2.767783448540698187e-04 2.767788841367971255e-04 2.767078922913737151e-04 2.766401082965520451e-04 2.766078934341367887e-04 2.766264822631610775e-04 2.766249303789485785e-04 2.770039374249317374e-04 2.776575706580226280e-04 2.782614130335120395e-04 2.788545870498688236e-04 2.791099694035909158e-04 2.793068671246121842e-04 2.800115998151642659e-04 2.803741383994658339e-04 2.809848583614787563e-04 2.812941468762830211e-04 2.807921528328052537e-04 2.796502027331442312e-04 2.777248488004569762e-04 2.779169155353984838e-04 2.773470455633343006e-04
2.764121960602137140e-04 2.765128666715626661e-04 2.768870372785322783e-04 2.767783448540698187e-04 2.766726633045626395e-04 2.766705616108897569e-04 2.765997670564076887e-04 2.765300520683833881e-04 2.765000223852633466e-04 2.765248738893667920e-04 2.765282155784873049e-04 2.769141221698356208e-04 2.775758957070505336e-04 2.781877146582966234e-04 2.787869333633774148e-04 2.790492801489438831e-04 2.792569183784977859e-04 2.799658614574048344e-04 2.803221635490333696e-04 2.809222602514277944e-04 2.812125710663000732e-04 2.806675292827528947e-04 2.794957753773934152e-04 2.775688979678202282e-04 2.777826468800109467e-04 2.772192682780980229e-04
2.764104675225918665e-04 2.765156426786388407e-04 2.768854773716034447e-04 2.767788841367971255e-04 2.766705616108897569e-04 2.766965261607438214e-04 2.766281748327335853e-04 2.765611972262282795e-04 2.765384531693010762e-04 2.765677654194976100e-04 2.765769133687827905e-04 2.769708775888834800e-04 2.776402340458303014e-04 2.782602899460534496e-04 2.788659103305575113e-04 2.791332813413512971e-04 2.793463288063496928e-04 2.800624534414259846e-04 2.804267030144537410e-04 2.810321183348642214e-04 2.813117942685343159e-04 2.807376597499046432e-04 2.795428006815749980e-04 2.776031199674838280e-04 2.778186690569100148e-04 2.772736677099964784e-04
2.763376083975348056e-04 2.764447453429331363e-04 2.768137712593491859e-04 2.767078922913737151e-04 2.765997670564076887e-04 2.766281748327335853e-04 2.765845503172921905e-04 2.765204515155165869e-04 2.765024260013545024e-04 2.765365590386085603e-04 2.765513338961986018e-04 2.769494578840128989e-04 2.776259826571978936e-04 2.782538233002365864e-04 2.788667050910704462e-04 2.791424745849591322e-04 2.793627314141417222e-04 2.800795092442378426e-04 2.804400870030125063e-04 2.810344900117551234e-04 2.812883032868806706e-04 2.806741862337498467e-04 2.794953213265422985e-04 2.775901281213766572e-04 2.778018254080150411e-04 2.772374911608954857e-04
2.762703991469468408e-04 2.763759609248741048e-04 2.767450335765202609e-04 2.766401082965520451e-04 2.765300520683833881e-04 2.765611972262282795e-04 2.765204515155165869e-04 2.764740377534352753e-04 2.764618361297736891e-04 2.765016536930303844e-04 2.765229930495279910e-04 2.769276467594683011e-04 2.776121208583701302e-04 2.782465438931108390e-04 2.788677505190098669e-04 2.791516538691699066e-04 2.793805260947971464e-04 2.801066212189176879e-04 2.804664943272937197e-04 2.810596160622990010e-04 2.813021455143976620e-04 2.806615393194743084e-04 2.794669958260401969e-04 2.775317820938266278e-04 2.777380620597333588e-04 2.771732099858121288e-04
2.762335413085343695e-04 2.763417380101729280e-04 2.767095746907211008e-04 2.766078934341367887e-04 2.765000223852633466e-04 2.765384531693010762e-04 2.765024260013545024e-04 2.764618361297736891e-04 2.764740328093710743e-04 2.765247806331907901e-04 2.765580703276213212e-04 2.769759867670782555e-04 2.776768603955447707e-04 2.783256968344077244e-04 2.789623811397474789e-04 2.792609800759605801e-04 2.795001149366840485e-04 2.802317804993672114e-04 2.805836344528275621e-04 2.811564346863208632e-04 2.813643370633337718e-04 2.806584208575158652e-04 2.794369565474487112e-04 2.775295462199739742e-04 2.777524232659646830e-04 2.771870604530180535e-04
2.762517429831994140e-04 2.763600703219976453e-04 2.767278856401116983e-04 2.766264822631610775e-04 2.765248738893667920e-04 2.765677654194976100e-04 2.765365590386085603e-04 2.765016536930303844e-04 2.765247806331907901e-04 2.765996553254795767e-04 2.766503154280227608e-04 2.770860931047142151e-04 2.778060614809596085e-04 2.784754961808662841e-04 2.791321268891395189e-04 2.794483598907351179e-04 2.797030048123891636e-04 2.804455746850325151e-04 2.807958433958607160e-04 2.813530178656567363e-04 2.815164620518971700e-04 2.807245220791165286e-04 2.794623807781609166e-04 2.775599878233071783e-04 2.777936079646929949e-04 2.772150427069038038e-04
2.762426450083939745e-04 2.763550235870359086e-04 2.767210908402948765e-04 2.766249303789485785e-04 2.765282155784873049e-04 2.765769133687827905e-04 2.765513338961986018e-04 2.765229930495279910e-04 2.765580703276213212e-04 2.766503154280227608e-04 2.767351992826445981e-04 2.772006079910318849e-04 2.779513741673868212e-04 2.786509801757867510e-04 2.793379598919186620e-04 2.796778853815379815e-04 2.799527607219750290e-04 2.807087995910048542e-04 2.810612533609121500e-04 2.816021897061390814e-04 2.817088242038918566e-04 2.808052478765309524e-04 2.794724793931296415e-04 2.775490317466252212e-04 2.777974869370909467e-04 2.772171916173946527e-04
2.766165837313411865e-04 2.767319955431877675e-04 2.770966424470705362e-04 2.770039374249317374e-04 2.769141221698356208e-04 2.769708775888834800e-04 2.769494578840128989e-04 2.769276467594683011e-04 2.769759867670782555e-04 2.770860931047142151e-04 2.772006079910318849e-04 2.777139042557701587e-04 2.785103542057721770e-04 2.792523760643478639e-04 2.799785633917113302e-04 2.803483405117258376e-04 2.806442076232590582e-04 2.814128270193312002e-04 2.817625726417521763e-04 2.822763856050103035e-04 2.823036859655166726e-04 2.812638123835900527e-04 2.798520464523462860e-04 2.779030774166490179e-04 2.781669614426798571e-04 2.775670952359335537e-04
2.772563059048333955e-04 2.773800666586661396e-04 2.777442818580293368e-04 2.776575706580226280e-04 2.775758957070505336e-04 2.776402340458303014e-04 2.776259826571978936e-04 2.776121208583701302e-04 2.776768603955447707e-04 2.778060614809596085e-04 2.779513741673868212e-04 2.785103542057721770e-04 2.793756453367114245e-04 2.801818655933543240e-04 2.809718730783991049e-04 2.813967819715723477e-04 2.817317650106134679e-04 2.825280172560054788e-04 2.828816077724281060e-04 2.833700823568679268e-04 2.833022949448814310e-04 2.820666301806548713e-04 2.805429100568296438e-04 2.785688865736965980e-04 2.788407902942402939e-04 2.782089439430023795e-04
2.778462524579302620e-04 2.779816591267054797e-04 2.783446316104236070e-04 2.782614130335120395e-04 2.781877146582966234e-04 2.782602899460534496e-04 2.782538233002365864e-04 2.782465438931108390e-04 2.783256968344077244e-04 2.784754961808662841e-04 2.786509801757867510e-04 2.792523760643478639e-04 2.801818655933543240e-04 2.810771732914244697e-04 2.819522641972709671e-04 2.824471672303191798e-04 2.828421738751677361e-04 2.836854697778804879e-04 2.840541840800832633e-04 2.845200864910308832e-04 2.843532161462809338e-04 2.829043629465910763e-04 2.812790087538933909e-04 2.792819305012082419e-04 2.795190799302005790e-04 2.788256079524486521e-04
2.784273573160469042e-04 2.785775364359187561e-04 2.789343626391108479e-04 2.788545870498688236e-04 2.787869333633774148e-04 2.788659103305575113e-04 2.788667050910704462e-04 2.788677505190098669e-04 2.789623811397474789e-04 2.791321268891395189e-04 2.793379598919186620e-04 2.799785633917113302e-04 2.809718730783991049e-04 2.819522641972709671e-04 2.829415589817568105e-04 2.835359713770912462e-04 2.840146621896987131e-04 2.849232473435403122e-04 2.853178440614892062e-04 2.857753729129116987e-04 2.855098503407722224e-04 2.838184961024160097e-04 2.820493689204650145e-04 2.799915698368888261e-04 2.801869933036390246e-04 2.794628580759086285e-04
2.786626444642148460e-04 2.788325135300423452e-04 2.791829434353153825e-04 2.791099694035909158e-04 2.790492801489438831e-04 2.791332813413512971e-04 2.791424745849591322e-04 2.791516538691699066e-04 2.792609800759605801e-04 2.794483598907351179e-04 2.796778853815379815e-04 2.803483405117258376e-04 2.813967819715723477e-04 2.824471672303191798e-04 2.835359713770912462e-04 2.842651352592884869e-04 2.848696869917161046e-04 2.858669974539766907e-04 2.862912391484689185e-04 2.867451448311034699e-04 2.863818854238222547e-04 2.844186817550208588e-04 2.824821094218004204e-04 2.803835373705353194e-04 2.805574520004351451e-04 2.798337101986929885e-04
2.788465012601657736e-04 2.790423244068035739e-04 2.793786789899035754e-04 2.793068671246121842e-04 2.792569183784977859e-04 2.793463288063496928e-04 2.793627314141417222e-04 2.793805260947971464e-04 2.795001149366840485e-04 2.797030048123891636e-04 2.799527607219750290e-04 2.806442076232590582e-04 2.817317650106134679e-04 2.828421738751677361e-04 2.840146621896987131e-04 2.848696869917161046e-04 2.856679386456269644e-04 2.868337726963895214e-04 2.873532036198376909e-04 2.878614254480202253e-04 2.874274118284440523e-04 2.851633607105423887e-04 2.829459055612902835e-04 2.807428804101515241e-04 2.808681597515620037e-04 2.801667643762183408e-04
2.795516167551843120e-04 2.797660862295893100e-04 2.800852593884637916e-04 2.800115998151642659e-04 2.799658614574048344e-04 2.800624534414259846e-04 2.800795092442378426e-04 2.801066212189176879e-04 2.802317804993672114e-04 2.804455746850325151e-04 2.807087995910048542e-04 2.814128270193312002e-04 2.825280172560054788e-04 2.836854697778804879e-04 2.849232473435403122e-04 2.858669974539766907e-04 2.868337726963895214e-04 2.882318626087297924e-04 2.889436351970032331e-04 2.895928046582751524e-04 2.891652893226110896e-04 2.866495943067446446e-04 2.840549848835459759e-04 2.816508663944658703e-04 2.816460305476267993e-04 2.809356546311701872e-04
2.799168037960225340e-04 2.801473619849107551e-04 2.804499902102445814e-04 2.803741383994658339e-04 2.803221635490333696e-04 2.804267030144537410e-04 2.804400870030125063e-04 2.804664943272937197e-04 2.805836344528275621e-04 2.807958433958607160e-04 2.810612533609121500e-04 2.817625726417521763e-04 2.828816077724281060e-04 2.840541840800832633e-04 2.853178440614892062e-04 2.862912391484689185e-04 2.873532036198376909e-04 2.889436351970032331e-04 2.899582137016683855e-04 2.908965198951077194e-04 2.906306746491571784e-04 2.880310372196238206e-04 2.850072968945168827e-04 2.822798077197676155e-04 2.820996032621349184e-04 2.813180916592080208e-04
2.805429258774136360e-04 2.807796103719017197e-04 2.810592558356458611e-04 2.809848583614787563e-04 2.809222602514277944e-04 2.810321183348642214e-04 2.810344900117551234e-04 2.810596160622990010e-04 2.811564346863208632e-04 2.813530178656567363e-04 2.816021897061390814e-04 2.822763856050103035e-04 2.833700823568679268e-04 2.845200864910308832e-04 2.857753729129116987e-04 2.867451448311034699e-04 2.878614254480202253e-04 2.895928046582751524e-04 2.908965198951077194e-04 2.923209623688880236e-04 2.924767547814631431e-04 2.899892355382643395e-04 2.864860193700418875e-04 2.831870907371986362e-04 2.828167032546715352e-04 2.819739653981920302e-04
2.808848931861239288e-04 2.811012295419848843e-04 2.813673889289614971e-04 2.812941468762830211e-04 2.812125710663000732e-04 2.813117942685343159e-04 2.812883032868806706e-04 2.813021455143976620e-04 2.813643370633337718e-04 2.815164620518971700e-04 2.817088242038918566e-04 2.823036859655166726e-04 2.833022949448814310e-04 2.843532161462809338e-04 2.855098503407722224e-04 2.863818854238222547e-04 2.874274118284440523e-04 2.891652893226110896e-04 2.906306746491571784e-04 2.924767547814631431e-04 2.934165481886292126e-04 2.916207338730235788e-04 2.880259348172389930e-04 2.840612611243701767e-04 2.833871599162230749e-04 2.824575046918021944e-04
2.804307326521406399e-04 2.805921158700236720e-04 2.808712815244808936e-04 2.807921528328052537e-04 2.806675292827528947e-04 2.807376597499046432e-04 2.806741862337498467e-04 2.806615393194743084e-04 2.806584208575158652e-04 2.807245220791165286e-04 2.808052478765309524e-04 2.812638123835900527e-04 2.820666301806548713e-04 2.829043629465910763e-04 2.838184961024160097e-04 2.844186817550208588e-04 2.851633607105423887e-04 2.866495943067446446e-04 2.880310372196238206e-04 2.899892355382643395e-04 2.916207338730235788e-04 2.913126300619034805e-04 2.885839880735440702e-04 2.842825916412038698e-04 2.830831565652881321e-04 2.819038687033645742e-04
2.793043269135431867e-04 2.794347521203213269e-04 2.797462635183122479e-04 2.796502027331442312e-04 2.794957753773934152e-04 2.795428006815749980e-04 2.794953213265422985e-04 2.794669958260401969e-04 2.794369565474487112e-04 2.794623807781609166e-04 2.794724793931296415e-04 2.798520464523462860e-04 2.805429100568296438e-04 2.812790087538933909e-04 2.820493689204650145e-04 2.824821094218004204e-04 2.829459055612902835e-04 2.840549848835459759e-04 2.850072968945168827e-04 2.864860193700418875e-04 2.880259348172389930e-04 2.885839880735440702e-04 2.877305670130458752e-04 2.844836631160315202e-04 2.827592740096190253e-04 2.809959646712550702e-04
2.773710354477871187e-04 2.774868827548724205e-04 2.778483125206808566e-04 2.777248488004569762e-04 2.775688979678202282e-04 2.776031199674838280e-04 2.775901281213766572e-04 2.775317820938266278e-04 2.775295462199739742e-04 2.775599878233071783e-04 2.775490317466252212e-04 2.779030774166490179e-04 2.785688865736965980e-04 2.792819305012082419e-04 2.799915698368888261e-04 2.803835373705353194e-04 2.807428804101515241e-04 2.816508663944658703e-04 2.822798077197676155e-04 2.831870907371986362e-04 2.840612611243701767e-04 2.842825916412038698e-04 2.844836631160315202e-04 2.836698978331024176e-04 2.825037026129166616e-04 2.800420409460689501e-04
2.775695083092067088e-04 2.776994766075471690e-04 2.780632477330649620e-04 2.779169155353984838e-04 2.777826468800109467e-04 2.778186690569100148e-04 2.778018254080150411e-04 2.777380620597333588e-04 2.777524232659646830e-04 2.777936079646929949e-04 2.777974869370909467e-04 2.781669614426798571e-04 2.788407902942402939e-04 2.795190799302005790e-04 2.801869933036390246e-04 2.805574520004351451e-04 2.808681597515620037e-04 2.816460305476267993e-04 2.820996032621349184e-04 2.828167032546715352e-04 2.833871599162230749e-04 2.830831565652881321e-04 2.827592740096190253e-04 2.825037026129166616e-04 2.837348173141364047e-04 2.818662826896892312e-04
2.769954816933630805e-04 2.771353607354754217e-04 2.774853470079743879e-04 2.773470455633343006e-04 2.772192682780980229e-04 2.772736677099964784e-04 2.772374911608954857e-04 2.771732099858121288e-04 2.771870604530180535e-04 2.772150427069038038e-04 2.772171916173946527e-04 2.775670952359335537e-04 2.782089439430023795e-04 2.788256079524486521e-04 2.794628580759086285e-04 2.798337101986929885e-04 2.801667643762183408e-04 2.809356546311701872e-04 2.813180916592080208e-04 2.819739653981920302e-04 2.824575046918021944e-04 2.819038687033645742e-04 2.809959646712550702e-04 2.800420409460689501e-04 2.818662826896892312e-04 2.826735540161037677e-04
