1.810174659518227038e-04 1.806919051755915943e-04 1.809043292741672191e-04 1.808373400227549508e-04 1.811907028523849811e-04 1.812298032639524873e-04 1.815979472867527587e-04 1.816229705684931051e-04 1.817554335135968977e-04 1.817100150827436682e-04 1.817666613805639841e-04 1.822742850646868725e-04 1.827078380482647605e-04 1.829420329143189867e-04 1.835137016879210409e-04 1.842173012774342086e-04 1.850389064010803033e-04 1.859309651405842369e-04 1.867266202497300091e-04 1.880582975459620251e-04 1.887910338019458366e-04 1.885228186883251085e-04 1.879336381577189610e-04 1.870179878817713288e-04 1.845873567215930195e-04 1.832091086288674983e-04
1.806919051755915943e-04 1.804771691849294533e-04 1.806535315513728434e-04 1.805922615463682575e-04 1.809360783422698496e-04 1.809733868542153727e-04 1.813467327987570944e-04 1.813768828981525297e-04 1.815201509187047897e-04 1.814798547257650337e-04 1.815416843563964918e-04 1.820537420249257162e-04 1.824948065041507672e-04 1.827319086068818947e-04 1.833092698966632490e-04 1.840150664563226421e-04 1.848356956662364778e-04 1.857261527840171715e-04 1.865293343388017638e-04 1.878470660392392007e-04 1.885552834610264880e-04 1.882751447816573211e-04 1.877131742379807837e-04 1.868037409530801216e-04 1.843581036040426618e-04 1.830011123507050113e-04
1.809043292741672191e-04 1.806535315513728434e-04 1.808996827825112114e-04 1.808148775533233914e-04 1.811606654219101800e-04 1.812013065445008042e-04 1.815720327107892256e-04 1.816036053476485703e-04 1.817394769542254255e-04 1.816975692679759983e-04 1.817614048756301841e-04 1.822753357653562184e-04 1.827188530042246086e-04 1.829565586904509324e-04 1.835296626008588216e-04 1.842307748265327580e-04 1.850461941521092286e-04 1.859321259576009926e-04 1.867299513738421811e-04 1.880415441382149932e-04 1.887444368222662868e-04 1.884577011117043936e-04 1.878893968706518507e-04 1.869924208189291566e-04 1.845570859838872619e-04 1.832016240179262768e-04
1.808373400227549508e-04 1.805922615463682575e-04 1.808148775533233914e-04 1.807771750627237784e-04 1.811175963749480766e-04 1.811546688851895263e-04 1.815294114614739857e-04 1.815585633748841097e-04 1.816996072281273282e-04 1.816592764324654631e-04 1.817251763931115828e-04 1.822416261062484769e-04 1.826864898773695642e-04 1.829254003220627588e-04 1.835017506074341218e-04 1.842044754898181059e-04 1.850219537842909972e-04 1.859078525605750286e-04 1.867010858733252694e-04 1.880084422898858746e-04 1.887052335505077128e-04 1.884099355426708438e-04 1.878342967011975236e-04 1.869327708120457345e-04 1.844942860759988265e-04 1.831178391858737607e-04
1.811907028523849811e-04 1.809360783422698496e-04 1.811606654219101800e-04 1.811175963749480766e-04 1.814911167291458137e-04 1.815239970178443726e-04 1.818998572376437589e-04 1.819311114610391324e-04 1.820765729517868274e-04 1.820370089351616033e-04 1.821049285604440203e-04 1.826262462527620471e-04 1.830754743256542659e-04 1.833185914455710353e-04 1.838982883549569573e-04 1.846059828602449450e-04 1.854304143286500753e-04 1.863258474722601359e-04 1.871272528006244138e-04 1.884468447383701195e-04 1.891541224816275677e-04 1.888429025927808357e-04 1.882496895857077698e-04 1.873443848224489860e-04 1.849189642059311152e-04 1.835155375399909335e-04
1.812298032639524873e-04 1.809733868542153727e-04 1.812013065445008042e-04 1.811546688851895263e-04 1.815239970178443726e-04 1.815816307899906028e-04 1.819545642472519896e-04 1.819874832672375520e-04 1.821301647775341664e-04 1.820904346577015276e-04 1.821586789795534621e-04 1.826822629277444199e-04 1.831336714023544857e-04 1.833793521298519500e-04 1.839602405389048146e-04 1.846661500541477337e-04 1.854891987216525492e-04 1.863842252865312613e-04 1.871813896094231969e-04 1.884898401694220073e-04 1.891832163524987634e-04 1.888518184730628960e-04 1.882609917278278873e-04 1.873612637688384062e-04 1.849302314508979232e-04 1.835201712680958744e-04
1.815979472867527587e-04 1.813467327987570944e-04 1.815720327107892256e-04 1.815294114614739857e-04 1.818998572376437589e-04 1.819545642472519896e-04 1.823518621106921366e-04 1.823853409096825055e-04 1.825331418935167071e-04 1.824970884458869782e-04 1.825703092369064355e-04 1.830998999807335902e-04 1.835566990762461394e-04 1.838065901908510333e-04 1.843903239133159165e-04 1.851012429895869090e-04 1.859329160928690518e-04 1.868356390240666766e-04 1.876439644002706126e-04 1.889687840982820684e-04 1.896721262464054426e-04 1.893325237045703335e-04 1.887201676852128787e-04 1.877880386698034824e-04 1.853516131663443263e-04 1.839353531837805680e-04
1.816229705684931051e-04 1.813768828981525297e-04 1.816036053476485703e-04 1.815585633748841097e-04 1.819311114610391324e-04 1.819874832672375520e-04 1.823853409096825055e-04 1.824371614880137995e-04 1.825897977815950542e-04 1.825582022854895566e-04 1.826359112274400227e-04 1.831701213155055162e-04 1.836310293380642765e-04 1.838832008553225553e-04 1.844686831863269786e-04 1.851822478480284675e-04 1.860145287441807341e-04 1.869172870195989647e-04 1.877278090556099965e-04 1.890558024086277000e-04 1.897570605127853541e-04 1.894060913091735287e-04 1.887925246692850596e-04 1.878453946516872130e-04 1.853916668351122759e-04 1.839732225648425682e-04
1.817554335135968977e-04 1.815201509187047897e-04 1.817394769542254255e-04 1.816996072281273282e-04 1.820765729517868274e-04 1.821301647775341664e-04 1.825331418935167071e-04 1.825897977815950542e-04 1.827687635757500016e-04 1.827449243285651694e-04 1.828337084780640328e-04 1.833800761176077368e-04 1.838517690339595725e-04 1.841110948095566488e-04 1.847060453639720763e-04 1.854298614117271893e-04 1.862709528138247101e-04 1.871812506279052794e-04 1.880024767301439613e-04 1.893359409064876539e-04 1.900266069005994234e-04 1.896429167151835924e-04 1.890267613304655379e-04 1.880779634173632294e-04 1.856096689796991558e-04 1.841823175502242812e-04
1.817100150827436682e-04 1.814798547257650337e-04 1.816975692679759983e-04 1.816592764324654631e-04 1.820370089351616033e-04 1.820904346577015276e-04 1.824970884458869782e-04 1.825582022854895566e-04 1.827449243285651694e-04 1.827406668693449035e-04 1.828403138921385230e-04 1.833951478872629436e-04 1.838751948615611424e-04 1.841429992107221792e-04 1.847473868581231437e-04 1.854779752774556370e-04 1.863231760569157482e-04 1.872361784948626564e-04 1.880621844389035382e-04 1.893969298590913509e-04 1.900735533104587244e-04 1.896618517990877114e-04 1.890345491168401938e-04 1.880687153622930051e-04 1.855801496933055707e-04 1.841360546690592374e-04
1.817666613805639841e-04 1.815416843563964918e-04 1.817614048756301841e-04 1.817251763931115828e-04 1.821049285604440203e-04 1.821586789795534621e-04 1.825703092369064355e-04 1.826359112274400227e-04 1.828337084780640328e-04 1.828403138921385230e-04 1.829669857989749582e-04 1.835394298446810951e-04 1.840350963021109346e-04 1.843179148769560167e-04 1.849363166528852746e-04 1.856786636729888731e-04 1.865331442655205208e-04 1.874532627647571600e-04 1.882872102785735063e-04 1.896265405114286144e-04 1.902877164220784570e-04 1.898333677279738139e-04 1.891982300272894663e-04 1.882182404414577657e-04 1.857060621470180552e-04 1.842518748871628737e-04
1.822742850646868725e-04 1.820537420249257162e-04 1.822753357653562184e-04 1.822416261062484769e-04 1.826262462527620471e-04 1.826822629277444199e-04 1.830998999807335902e-04 1.831701213155055162e-04 1.833800761176077368e-04 1.833951478872629436e-04 1.835394298446810951e-04 1.841437882489132193e-04 1.846614707034302527e-04 1.849615600214476519e-04 1.856006427478741150e-04 1.863623153800974467e-04 1.872336659178034041e-04 1.881667800144233593e-04 1.890135055596706799e-04 1.903606355958730389e-04 1.910019353744748117e-04 1.904881454085008289e-04 1.898380684300679890e-04 1.888357694630079760e-04 1.862827789448314505e-04 1.848041331333028317e-04
1.827078380482647605e-04 1.824948065041507672e-04 1.827188530042246086e-04 1.826864898773695642e-04 1.830754743256542659e-04 1.831336714023544857e-04 1.835566990762461394e-04 1.836310293380642765e-04 1.838517690339595725e-04 1.838751948615611424e-04 1.840350963021109346e-04 1.846614707034302527e-04 1.852136373469382368e-04 1.855402687906462778e-04 1.862031854987321983e-04 1.869897385342196550e-04 1.878814105410429598e-04 1.888308173564571678e-04 1.896949970994543167e-04 1.910519349342520848e-04 1.916704060028860820e-04 1.911000671798909463e-04 1.904313034029722813e-04 1.894113368672292947e-04 1.868169038388498417e-04 1.852972170246130004e-04
1.829420329143189867e-04 1.827319086068818947e-04 1.829565586904509324e-04 1.829254003220627588e-04 1.833185914455710353e-04 1.833793521298519500e-04 1.838065901908510333e-04 1.838832008553225553e-04 1.841110948095566488e-04 1.841429992107221792e-04 1.843179148769560167e-04 1.849615600214476519e-04 1.855402687906462778e-04 1.859129559371235042e-04 1.866141281959600993e-04 1.874346258350989352e-04 1.883550268503974157e-04 1.893297669687931252e-04 1.902166388215279533e-04 1.915883127177595881e-04 1.921821485127924475e-04 1.915389901706520629e-04 1.908294483140421925e-04 1.897902577432915370e-04 1.871535112285393077e-04 1.855894872862261008e-04
1.835137016879210409e-04 1.833092698966632490e-04 1.835296626008588216e-04 1.835017506074341218e-04 1.838982883549569573e-04 1.839602405389048146e-04 1.843903239133159165e-04 1.844686831863269786e-04 1.847060453639720763e-04 1.847473868581231437e-04 1.849363166528852746e-04 1.856006427478741150e-04 1.862031854987321983e-04 1.866141281959600993e-04 1.873802150084213165e-04 1.882596777002103769e-04 1.892247397866909345e-04 1.902342677997687244e-04 1.911532752751437484e-04 1.925528331122687022e-04 1.931215703451463110e-04 1.923742861648629495e-04 1.915963230460508877e-04 1.905246818006527132e-04 1.878536203199336629e-04 1.862414488046371119e-04
1.842173012774342086e-04 1.840150664563226421e-04 1.842307748265327580e-04 1.842044754898181059e-04 1.846059828602449450e-04 1.846661500541477337e-04 1.851012429895869090e-04 1.851822478480284675e-04 1.854298614117271893e-04 1.854779752774556370e-04 1.856786636729888731e-04 1.863623153800974467e-04 1.869897385342196550e-04 1.874346258350989352e-04 1.882596777002103769e-04 1.892312015234672029e-04 1.902760094646142246e-04 1.913499185531596417e-04 1.923310058821655353e-04 1.937884153362016244e-04 1.943531284924258202e-04 1.934817038852786357e-04 1.925912799811302259e-04 1.914729924174157554e-04 1.887630317669825942e-04 1.870998595213685812e-04
1.850389064010803033e-04 1.848356956662364778e-04 1.850461941521092286e-04 1.850219537842909972e-04 1.854304143286500753e-04 1.854891987216525492e-04 1.859329160928690518e-04 1.860145287441807341e-04 1.862709528138247101e-04 1.863231760569157482e-04 1.865331442655205208e-04 1.872336659178034041e-04 1.878814105410429598e-04 1.883550268503974157e-04 1.892247397866909345e-04 1.902760094646142246e-04 1.914435808260046867e-04 1.926326230317714459e-04 1.937107162801952724e-04 1.952452099339878420e-04 1.958053839177010830e-04 1.947977441330459795e-04 1.937328469317199946e-04 1.925536560417160801e-04 1.897949242533587897e-04 1.880995024314294716e-04
1.859309651405842369e-04 1.857261527840171715e-04 1.859321259576009926e-04 1.859078525605750286e-04 1.863258474722601359e-04 1.863842252865312613e-04 1.868356390240666766e-04 1.869172870195989647e-04 1.871812506279052794e-04 1.872361784948626564e-04 1.874532627647571600e-04 1.881667800144233593e-04 1.888308173564571678e-04 1.893297669687931252e-04 1.902342677997687244e-04 1.913499185531596417e-04 1.926326230317714459e-04 1.939958919808620311e-04 1.952285401249003534e-04 1.968817416150060739e-04 1.974756356427167549e-04 1.963554642508847780e-04 1.950464761773335011e-04 1.937681487719284843e-04 1.909715813731012023e-04 1.892583892442867689e-04
1.867266202497300091e-04 1.865293343388017638e-04 1.867299513738421811e-04 1.867010858733252694e-04 1.871272528006244138e-04 1.871813896094231969e-04 1.876439644002706126e-04 1.877278090556099965e-04 1.880024767301439613e-04 1.880621844389035382e-04 1.882872102785735063e-04 1.890135055596706799e-04 1.896949970994543167e-04 1.902166388215279533e-04 1.911532752751437484e-04 1.923310058821655353e-04 1.937107162801952724e-04 1.952285401249003534e-04 1.966924222846700885e-04 1.985449913326754691e-04 1.992169955590403425e-04 1.979904078995368673e-04 1.963894638091446751e-04 1.949752760491358706e-04 1.921636795484220328e-04 1.903984471848921593e-04
1.880582975459620251e-04 1.878470660392392007e-04 1.880415441382149932e-04 1.880084422898858746e-04 1.884468447383701195e-04 1.884898401694220073e-04 1.889687840982820684e-04 1.890558024086277000e-04 1.893359409064876539e-04 1.893969298590913509e-04 1.896265405114286144e-04 1.903606355958730389e-04 1.910519349342520848e-04 1.915883127177595881e-04 1.925528331122687022e-04 1.937884153362016244e-04 1.952452099339878420e-04 1.968817416150060739e-04 1.985449913326754691e-04 2.007410658702144153e-04 2.016787374581323236e-04 2.004695928900942462e-04 1.985726291448625320e-04 1.968373561000720637e-04 1.939708059183864301e-04 1.921506204582700569e-04
1.887910338019458366e-04 1.885552834610264880e-04 1.887444368222662868e-04 1.887052335505077128e-04 1.891541224816275677e-04 1.891832163524987634e-04 1.896721262464054426e-04 1.897570605127853541e-04 1.900266069005994234e-04 1.900735533104587244e-04 1.902877164220784570e-04 1.910019353744748117e-04 1.916704060028860820e-04 1.921821485127924475e-04 1.931215703451463110e-04 1.943531284924258202e-04 1.958053839177010830e-04 1.974756356427167549e-04 1.992169955590403425e-04 2.016787374581323236e-04 2.030714878943730764e-04 2.022091402866773094e-04 2.002651242187252119e-04 1.981158022127960116e-04 1.951533816450738267e-04 1.933082260072551740e-04
1.885228186883251085e-04 1.882751447816573211e-04 1.884577011117043936e-04 1.884099355426708438e-04 1.888429025927808357e-04 1.888518184730628960e-04 1.893325237045703335e-04 1.894060913091735287e-04 1.896429167151835924e-04 1.896618517990877114e-04 1.898333677279738139e-04 1.904881454085008289e-04 1.911000671798909463e-04 1.915389901706520629e-04 1.923742861648629495e-04 1.934817038852786357e-04 1.947977441330459795e-04 1.963554642508847780e-04 1.979904078995368673e-04 2.004695928900942462e-04 2.022091402866773094e-04 2.021724955181714457e-04 2.007318977765730538e-04 1.984127246627091497e-04 1.952150966754901166e-04 1.933915469737335373e-04
1.879336381577189610e-04 1.877131742379807837e-04 1.878893968706518507e-04 1.878342967011975236e-04 1.882496895857077698e-04 1.882609917278278873e-04 1.887201676852128787e-04 1.887925246692850596e-04 1.890267613304655379e-04 1.890345491168401938e-04 1.891982300272894663e-04 1.898380684300679890e-04 1.904313034029722813e-04 1.908294483140421925e-04 1.915963230460508877e-04 1.925912799811302259e-04 1.937328469317199946e-04 1.950464761773335011e-04 1.963894638091446751e-04 1.985726291448625320e-04 2.002651242187252119e-04 2.007318977765730538e-04 2.004112799450383177e-04 1.986626419814716753e-04 1.950946204407777061e-04 1.930021142458594155e-04
1.870179878817713288e-04 1.868037409530801216e-04 1.869924208189291566e-04 1.869327708120457345e-04 1.873443848224489860e-04 1.873612637688384062e-04 1.877880386698034824e-04 1.878453946516872130e-04 1.880779634173632294e-04 1.880687153622930051e-04 1.882182404414577657e-04 1.888357694630079760e-04 1.894113368672292947e-04 1.897902577432915370e-04 1.905246818006527132e-04 1.914729924174157554e-04 1.925536560417160801e-04 1.937681487719284843e-04 1.949752760491358706e-04 1.968373561000720637e-04 1.981158022127960116e-04 1.984127246627091497e-04 1.986626419814716753e-04 1.982442323576394849e-04 1.949432767292199632e-04 1.923857864444220858e-04
1.845873567215930195e-04 1.843581036040426618e-04 1.845570859838872619e-04 1.844942860759988265e-04 1.849189642059311152e-04 1.849302314508979232e-04 1.853516131663443263e-04 1.853916668351122759e-04 1.856096689796991558e-04 1.855801496933055707e-04 1.857060621470180552e-04 1.862827789448314505e-04 1.868169038388498417e-04 1.871535112285393077e-04 1.878536203199336629e-04 1.887630317669825942e-04 1.897949242533587897e-04 1.909715813731012023e-04 1.921636795484220328e-04 1.939708059183864301e-04 1.951533816450738267e-04 1.952150966754901166e-04 1.950946204407777061e-04 1.949432767292199632e-04 1.929528951394871700e-04 1.905766074040487156e-04
1.832091086288674983e-04 1.830011123507050113e-04 1.832016240179262768e-04 1.831178391858737607e-04 1.835155375399909335e-04 1.835201712680958744e-04 1.839353531837805680e-04 1.839732225648425682e-04 1.841823175502242812e-04 1.841360546690592374e-04 1.842518748871628737e-04 1.848041331333028317e-04 1.852972170246130004e-04 1.855894872862261008e-04 1.862414488046371119e-04 1.870998595213685812e-04 1.880995024314294716e-04 1.892583892442867689e-04 1.903984471848921593e-04 1.921506204582700569e-04 1.933082260072551740e-04 1.933915469737335373e-04 1.930021142458594155e-04 1.923857864444220858e-04 1.905766074040487156e-04 1.896195203074670620e-04
