1.899074045881704034e-04 1.899126107235142211e-04 1.893924828992609756e-04 1.891773470393091363e-04 1.890216485111551417e-04 1.889215344261129990e-04 1.886484911754520365e-04 1.884724836279715401e-04 1.882377881198251865e-04 1.880016011873108758e-04 1.879368037460009454e-04 1.883127698316845603e-04 1.885429526817694222e-04 1.888504152213827314e-04 1.894712739589678998e-04 1.901833157704704727e-04 1.910363665641774276e-04 1.919606255674470986e-04 1.928470247574083142e-04 1.940488362388267159e-04 1.944884922844552914e-04 1.941946272800839052e-04 1.935588149158732317e-04 1.925686391314511360e-04 1.899965419191049698e-04 1.883713666416127436e-04
1.899126107235142211e-04 1.900017523622220554e-04 1.894553080830771376e-04 1.892409019601605014e-04 1.890854999594718223e-04 1.889824904820459298e-04 1.887132840954294669e-04 1.885389254517499317e-04 1.883038844507886654e-04 1.880719924111360394e-04 1.880096978564046843e-04 1.883882848576969461e-04 1.886197894827111436e-04 1.889324106002159638e-04 1.895623378285408566e-04 1.902822266275256704e-04 1.911385284321588283e-04 1.920745136679231967e-04 1.929704527210924841e-04 1.941682267920815492e-04 1.945975288891528987e-04 1.942793582487015928e-04 1.936396953735275385e-04 1.926510216673279346e-04 1.900504049301097456e-04 1.884164505689625449e-04
1.893924828992609756e-04 1.894553080830771376e-04 1.889663945405250806e-04 1.887398409968456736e-04 1.885827955035521554e-04 1.884792692252842061e-04 1.882097610064021546e-04 1.880338798488291770e-04 1.878025346187476977e-04 1.875713731866823861e-04 1.875106545328127409e-04 1.878880133545737005e-04 1.881237640231571602e-04 1.884367397067930746e-04 1.890669915398936977e-04 1.897890524093855558e-04 1.906437118699889520e-04 1.915691117734512480e-04 1.924534330167159443e-04 1.936445844543586395e-04 1.940648729810769710e-04 1.937446385959593770e-04 1.931152955338863409e-04 1.921553191257147650e-04 1.895651220745769199e-04 1.879147129859435499e-04
1.891773470393091363e-04 1.892409019601605014e-04 1.887398409968456736e-04 1.885543794201454055e-04 1.883933211433907670e-04 1.882918318131525273e-04 1.880254727158156591e-04 1.878533754878818410e-04 1.876227053824614530e-04 1.873928539222728283e-04 1.873316526725639700e-04 1.877128492049600218e-04 1.879506838060963968e-04 1.882646855040482454e-04 1.888958054370556332e-04 1.896140682612254796e-04 1.904614545812120601e-04 1.913848833484120863e-04 1.922655422081015269e-04 1.934519604045091502e-04 1.938680005323498612e-04 1.935393237806899269e-04 1.929087614153056872e-04 1.919349632926096289e-04 1.893557263455303448e-04 1.877245642881821604e-04
1.890216485111551417e-04 1.890854999594718223e-04 1.885827955035521554e-04 1.883933211433907670e-04 1.882613454044799800e-04 1.881538096940589923e-04 1.878913084701367298e-04 1.877185288281892680e-04 1.874893406115614913e-04 1.872612528134006749e-04 1.872047172617662082e-04 1.875902396270704494e-04 1.878321120328324740e-04 1.881501625539462618e-04 1.887811571192514546e-04 1.895005277548448424e-04 1.903509067070143391e-04 1.912775283913003643e-04 1.921608305860561267e-04 1.933427949996914508e-04 1.937498140869601474e-04 1.934069588730404283e-04 1.927733392223128430e-04 1.918141478044160081e-04 1.892380537456139636e-04 1.875811296933170178e-04
1.889215344261129990e-04 1.889824904820459298e-04 1.884792692252842061e-04 1.882918318131525273e-04 1.881538096940589923e-04 1.880711763615801476e-04 1.878044943056411437e-04 1.876328335885731633e-04 1.874068382042669962e-04 1.871808525033624520e-04 1.871303105082076934e-04 1.875193551104234935e-04 1.877627048186609365e-04 1.880811999415688256e-04 1.887129665302842796e-04 1.894308463418453822e-04 1.902811237288209610e-04 1.912067241395875932e-04 1.920871621157430498e-04 1.932657410920008095e-04 1.936652827270672996e-04 1.933140969864592684e-04 1.926833915155199263e-04 1.917182895801974505e-04 1.891353777464114866e-04 1.874835376915615298e-04
1.886484911754520365e-04 1.887132840954294669e-04 1.882097610064021546e-04 1.880254727158156591e-04 1.878913084701367298e-04 1.878044943056411437e-04 1.875607006016679343e-04 1.873921241676447915e-04 1.871704733320481021e-04 1.869497594312970114e-04 1.869018683475376515e-04 1.872943349560420555e-04 1.875424079487049965e-04 1.878645818411817776e-04 1.884952990172722909e-04 1.892110992315976313e-04 1.900633534039080795e-04 1.909942156091584784e-04 1.918810983224564606e-04 1.930671802443718367e-04 1.934665479747223410e-04 1.930976700160992002e-04 1.924463504860382296e-04 1.914635460592902666e-04 1.888808964726322874e-04 1.872338460197694597e-04
1.884724836279715401e-04 1.885389254517499317e-04 1.880338798488291770e-04 1.878533754878818410e-04 1.877185288281892680e-04 1.876328335885731633e-04 1.873921241676447915e-04 1.872403830173239420e-04 1.870234641493611185e-04 1.868061269396820189e-04 1.867629411325937982e-04 1.871600856975751386e-04 1.874134029794658396e-04 1.877412096636927696e-04 1.883755549730501116e-04 1.890926190176203908e-04 1.899418720280313035e-04 1.908701471710550672e-04 1.917593413093305482e-04 1.929476228638633589e-04 1.933420443018302095e-04 1.929677814568835212e-04 1.923130987605742358e-04 1.913149456270387143e-04 1.887444879611954512e-04 1.871081858426512027e-04
1.882377881198251865e-04 1.883038844507886654e-04 1.878025346187476977e-04 1.876227053824614530e-04 1.874893406115614913e-04 1.874068382042669962e-04 1.871704733320481021e-04 1.870234641493611185e-04 1.868287289464911889e-04 1.866201364756708511e-04 1.865879629118577466e-04 1.869952770416406806e-04 1.872560202633855443e-04 1.875899625721273343e-04 1.882302142087257139e-04 1.889549099939923441e-04 1.898094233698755732e-04 1.907440970169636243e-04 1.916431879252515267e-04 1.928349272386892222e-04 1.932150010794918824e-04 1.928075437397859429e-04 1.921362327024353153e-04 1.911318280680551079e-04 1.885630460174221492e-04 1.869173472864867720e-04
1.880016011873108758e-04 1.880719924111360394e-04 1.875713731866823861e-04 1.873928539222728283e-04 1.872612528134006749e-04 1.871808525033624520e-04 1.869497594312970114e-04 1.868061269396820189e-04 1.866201364756708511e-04 1.864317633247279205e-04 1.864107913149917219e-04 1.868276539752119342e-04 1.870978524307463523e-04 1.874404044251563764e-04 1.880877546019078187e-04 1.888184751366242932e-04 1.896753155842575002e-04 1.906104950466031228e-04 1.915130725544478632e-04 1.926995050699906924e-04 1.930591134526873855e-04 1.926169932018917429e-04 1.919445360058317509e-04 1.909316039089355328e-04 1.883387071417339746e-04 1.866923463365481389e-04
1.879368037460009454e-04 1.880096978564046843e-04 1.875106545328127409e-04 1.873316526725639700e-04 1.872047172617662082e-04 1.871303105082076934e-04 1.869018683475376515e-04 1.867629411325937982e-04 1.865879629118577466e-04 1.864107913149917219e-04 1.864150055628423653e-04 1.868490504738916673e-04 1.871308811360880087e-04 1.874845486238952243e-04 1.881432491940883964e-04 1.888834941831270785e-04 1.897469015583359028e-04 1.906904869869943014e-04 1.916026443637752546e-04 1.927889295369022006e-04 1.931295002477675807e-04 1.926452479906647021e-04 1.919602490544618126e-04 1.909375952958489023e-04 1.883334155353383712e-04 1.866640593589464288e-04
1.883127698316845603e-04 1.883882848576969461e-04 1.878880133545737005e-04 1.877128492049600218e-04 1.875902396270704494e-04 1.875193551104234935e-04 1.872943349560420555e-04 1.871600856975751386e-04 1.869952770416406806e-04 1.868276539752119342e-04 1.868490504738916673e-04 1.873170015404235732e-04 1.876206189345320401e-04 1.879907523179796358e-04 1.886682047381567568e-04 1.894260872834882428e-04 1.903024342742607529e-04 1.912578078784610302e-04 1.921862881160642158e-04 1.933771495225262798e-04 1.936889967921208151e-04 1.931444390504427774e-04 1.924429584250225310e-04 1.914092485110070708e-04 1.887831387877732779e-04 1.870801702550445777e-04
1.885429526817694222e-04 1.886197894827111436e-04 1.881237640231571602e-04 1.879506838060963968e-04 1.878321120328324740e-04 1.877627048186609365e-04 1.875424079487049965e-04 1.874134029794658396e-04 1.872560202633855443e-04 1.870978524307463523e-04 1.871308811360880087e-04 1.876206189345320401e-04 1.879576106928940301e-04 1.883542127000262451e-04 1.890546822320660026e-04 1.898329181660014754e-04 1.907257439377992362e-04 1.916967626766614247e-04 1.926417297612138476e-04 1.938382610694561160e-04 1.941288626246482350e-04 1.935346275798598050e-04 1.928137739613928440e-04 1.917643946548882260e-04 1.891133207326569352e-04 1.873637314097344154e-04
1.888504152213827314e-04 1.889324106002159638e-04 1.884367397067930746e-04 1.882646855040482454e-04 1.881501625539462618e-04 1.880811999415688256e-04 1.878645818411817776e-04 1.877412096636927696e-04 1.875899625721273343e-04 1.874404044251563764e-04 1.874845486238952243e-04 1.879907523179796358e-04 1.883542127000262451e-04 1.887982211250588600e-04 1.895387025299822951e-04 1.903496607488485153e-04 1.912692206671409061e-04 1.922661026649878852e-04 1.932354082139329144e-04 1.944407470355754230e-04 1.946979239604053336e-04 1.940244096695200931e-04 1.932645773270568596e-04 1.922154399464632408e-04 1.895379852910635931e-04 1.877391994398454973e-04
1.894712739589678998e-04 1.895623378285408566e-04 1.890669915398936977e-04 1.888958054370556332e-04 1.887811571192514546e-04 1.887129665302842796e-04 1.884952990172722909e-04 1.883755549730501116e-04 1.882302142087257139e-04 1.880877546019078187e-04 1.881432491940883964e-04 1.886682047381567568e-04 1.890546822320660026e-04 1.895387025299822951e-04 1.903435323392041478e-04 1.912155634949934554e-04 1.921800197867133578e-04 1.932107055488829100e-04 1.942132591595317173e-04 1.954471009130742979e-04 1.956758044695946445e-04 1.948964786408667539e-04 1.940705396647464203e-04 1.930007154093618530e-04 1.902873121633209656e-04 1.884372296114773587e-04
1.901833157704704727e-04 1.902822266275256704e-04 1.897890524093855558e-04 1.896140682612254796e-04 1.895005277548448424e-04 1.894308463418453822e-04 1.892110992315976313e-04 1.890926190176203908e-04 1.889549099939923441e-04 1.888184751366242932e-04 1.888834941831270785e-04 1.894260872834882428e-04 1.898329181660014754e-04 1.903496607488485153e-04 1.912155634949934554e-04 1.921833146944181339e-04 1.932311893340835746e-04 1.943267030055567451e-04 1.953914099167779845e-04 1.966802131017420571e-04 1.968901139102163767e-04 1.959891581253773041e-04 1.950594609748922679e-04 1.939607504778653377e-04 1.911958294396230652e-04 1.892874263988069479e-04
1.910363665641774276e-04 1.911385284321588283e-04 1.906437118699889520e-04 1.904614545812120601e-04 1.903509067070143391e-04 1.902811237288209610e-04 1.900633534039080795e-04 1.899418720280313035e-04 1.898094233698755732e-04 1.896753155842575002e-04 1.897469015583359028e-04 1.903024342742607529e-04 1.907257439377992362e-04 1.912692206671409061e-04 1.921800197867133578e-04 1.932311893340835746e-04 1.944022873812586961e-04 1.956082513120510863e-04 1.967632283921924195e-04 1.981238046057783801e-04 1.983176602753136642e-04 1.972869353042895244e-04 1.962008590793158213e-04 1.950600886470853245e-04 1.922362980243248168e-04 1.903053323900479824e-04
1.919606255674470986e-04 1.920745136679231967e-04 1.915691117734512480e-04 1.913848833484120863e-04 1.912775283913003643e-04 1.912067241395875932e-04 1.909942156091584784e-04 1.908701471710550672e-04 1.907440970169636243e-04 1.906104950466031228e-04 1.906904869869943014e-04 1.912578078784610302e-04 1.916967626766614247e-04 1.922661026649878852e-04 1.932107055488829100e-04 1.943267030055567451e-04 1.956082513120510863e-04 1.969793385604424161e-04 1.982832151983335983e-04 1.997542765962787709e-04 1.999625427252919342e-04 1.988084533625674561e-04 1.974918699917440343e-04 1.962822911419970012e-04 1.934379467369448603e-04 1.914994116652333459e-04
1.928470247574083142e-04 1.929704527210924841e-04 1.924534330167159443e-04 1.922655422081015269e-04 1.921608305860561267e-04 1.920871621157430498e-04 1.918810983224564606e-04 1.917593413093305482e-04 1.916431879252515267e-04 1.915130725544478632e-04 1.916026443637752546e-04 1.921862881160642158e-04 1.926417297612138476e-04 1.932354082139329144e-04 1.942132591595317173e-04 1.953914099167779845e-04 1.967632283921924195e-04 1.982832151983335983e-04 1.998075543185421916e-04 2.014714255777479244e-04 2.017477330760794726e-04 2.004932669100892111e-04 1.989037483364955840e-04 1.975694405736307243e-04 1.947140655094372231e-04 1.927195518751289520e-04
1.940488362388267159e-04 1.941682267920815492e-04 1.936445844543586395e-04 1.934519604045091502e-04 1.933427949996914508e-04 1.932657410920008095e-04 1.930671802443718367e-04 1.929476228638633589e-04 1.928349272386892222e-04 1.926995050699906924e-04 1.927889295369022006e-04 1.933771495225262798e-04 1.938382610694561160e-04 1.944407470355754230e-04 1.954471009130742979e-04 1.966802131017420571e-04 1.981238046057783801e-04 1.997542765962787709e-04 2.014714255777479244e-04 2.034830890496689142e-04 2.040189633597043028e-04 2.027815981001830907e-04 2.008884948212151761e-04 1.992298077426998609e-04 1.963234600246960542e-04 1.942682225017483804e-04
1.944884922844552914e-04 1.945975288891528987e-04 1.940648729810769710e-04 1.938680005323498612e-04 1.937498140869601474e-04 1.936652827270672996e-04 1.934665479747223410e-04 1.933420443018302095e-04 1.932150010794918824e-04 1.930591134526873855e-04 1.931295002477675807e-04 1.936889967921208151e-04 1.941288626246482350e-04 1.946979239604053336e-04 1.956758044695946445e-04 1.968901139102163767e-04 1.983176602753136642e-04 1.999625427252919342e-04 2.017477330760794726e-04 2.040189633597043028e-04 2.050190545019174343e-04 2.041409161813343646e-04 2.022016248543827245e-04 2.001076612327599123e-04 1.970974925610804107e-04 1.950392546880903746e-04
1.941946272800839052e-04 1.942793582487015928e-04 1.937446385959593770e-04 1.935393237806899269e-04 1.934069588730404283e-04 1.933140969864592684e-04 1.930976700160992002e-04 1.929677814568835212e-04 1.928075437397859429e-04 1.926169932018917429e-04 1.926452479906647021e-04 1.931444390504427774e-04 1.935346275798598050e-04 1.940244096695200931e-04 1.948964786408667539e-04 1.959891581253773041e-04 1.972869353042895244e-04 1.988084533625674561e-04 2.004932669100892111e-04 2.027815981001830907e-04 2.041409161813343646e-04 2.040638107596431927e-04 2.026302374099024498e-04 2.003366703719950174e-04 1.970920132084581203e-04 1.950670743268741853e-04
1.935588149158732317e-04 1.936396953735275385e-04 1.931152955338863409e-04 1.929087614153056872e-04 1.927733392223128430e-04 1.926833915155199263e-04 1.924463504860382296e-04 1.923130987605742358e-04 1.921362327024353153e-04 1.919445360058317509e-04 1.919602490544618126e-04 1.924429584250225310e-04 1.928137739613928440e-04 1.932645773270568596e-04 1.940705396647464203e-04 1.950594609748922679e-04 1.962008590793158213e-04 1.974918699917440343e-04 1.989037483364955840e-04 2.008884948212151761e-04 2.022016248543827245e-04 2.026302374099024498e-04 2.023122292525908797e-04 2.005667028541412654e-04 1.969518582471116767e-04 1.946780294219947836e-04
1.925686391314511360e-04 1.926510216673279346e-04 1.921553191257147650e-04 1.919349632926096289e-04 1.918141478044160081e-04 1.917182895801974505e-04 1.914635460592902666e-04 1.913149456270387143e-04 1.911318280680551079e-04 1.909316039089355328e-04 1.909375952958489023e-04 1.914092485110070708e-04 1.917643946548882260e-04 1.922154399464632408e-04 1.930007154093618530e-04 1.939607504778653377e-04 1.950600886470853245e-04 1.962822911419970012e-04 1.975694405736307243e-04 1.992298077426998609e-04 2.001076612327599123e-04 2.003366703719950174e-04 2.005667028541412654e-04 2.001794484446807313e-04 1.968137088999199948e-04 1.940328087162807795e-04
1.899965419191049698e-04 1.900504049301097456e-04 1.895651220745769199e-04 1.893557263455303448e-04 1.892380537456139636e-04 1.891353777464114866e-04 1.888808964726322874e-04 1.887444879611954512e-04 1.885630460174221492e-04 1.883387071417339746e-04 1.883334155353383712e-04 1.887831387877732779e-04 1.891133207326569352e-04 1.895379852910635931e-04 1.902873121633209656e-04 1.911958294396230652e-04 1.922362980243248168e-04 1.934379467369448603e-04 1.947140655094372231e-04 1.963234600246960542e-04 1.970974925610804107e-04 1.970920132084581203e-04 1.969518582471116767e-04 1.968137088999199948e-04 1.947248836427353054e-04 1.920595640196738325e-04
1.883713666416127436e-04 1.884164505689625449e-04 1.879147129859435499e-04 1.877245642881821604e-04 1.875811296933170178e-04 1.874835376915615298e-04 1.872338460197694597e-04 1.871081858426512027e-04 1.869173472864867720e-04 1.866923463365481389e-04 1.866640593589464288e-04 1.870801702550445777e-04 1.873637314097344154e-04 1.877391994398454973e-04 1.884372296114773587e-04 1.892874263988069479e-04 1.903053323900479824e-04 1.914994116652333459e-04 1.927195518751289520e-04 1.942682225017483804e-04 1.950392546880903746e-04 1.950670743268741853e-04 1.946780294219947836e-04 1.940328087162807795e-04 1.920595640196738325e-04 1.907939418982058347e-04
