2.930843537143256123e-04 2.931958652814493026e-04 2.933200055137963596e-04 2.932606050554370080e-04 2.932768730512937236e-04 2.931819216456208214e-04 2.931327253770155995e-04 2.930544500488309421e-04 2.930390162180756945e-04 2.929592406077278859e-04 2.930425089352873907e-04 2.929911942279433404e-04 2.932002677204479410e-04 2.932931796862848660e-04 2.934076591757685259e-04 2.935088575813913671e-04 2.934017020630791590e-04 2.937183897483113112e-04 2.942131875179516704e-04 2.950234648490847864e-04 2.964245071275815662e-04 2.974208940805871354e-04 2.976536363180511927e-04 2.965966778422691758e-04 2.958920855485842405e-04 2.963569776962548543e-04
2.931958652814493026e-04 2.933864453951869587e-04 2.934833538698207976e-04 2.934187074555770730e-04 2.934342015710149484e-04 2.933339082070677162e-04 2.932844491061393144e-04 2.932029852155006015e-04 2.931854089195905233e-04 2.931070596694703985e-04 2.931892300763208571e-04 2.931364206580092330e-04 2.933473417715222248e-04 2.934428889409220528e-04 2.935589591650425000e-04 2.936587626299232688e-04 2.935567601410882504e-04 2.938747351032697719e-04 2.943719062681180365e-04 2.951862909730730176e-04 2.965893889726991996e-04 2.975730097081436096e-04 2.977913710279822047e-04 2.967416044905591679e-04 2.960306445881816825e-04 2.965110861625231960e-04
2.933200055137963596e-04 2.934833538698207976e-04 2.936359014356659022e-04 2.935617521543099355e-04 2.935738089376828874e-04 2.934737019701062159e-04 2.934236416375994019e-04 2.933411871050037138e-04 2.933216954502560641e-04 2.932394560436531877e-04 2.933237698365754654e-04 2.932708960521474549e-04 2.934811682457039942e-04 2.935754100711453012e-04 2.936885573238542328e-04 2.937879252851313900e-04 2.936843262952907566e-04 2.940034891979299782e-04 2.945006678222324126e-04 2.953165824870621135e-04 2.967273456141597348e-04 2.977235585841414610e-04 2.979576298015809569e-04 2.968789783458662744e-04 2.961419524965695012e-04 2.966346425717794155e-04
2.932606050554370080e-04 2.934187074555770730e-04 2.935617521543099355e-04 2.935323140730725566e-04 2.935353951371777936e-04 2.934347619263083648e-04 2.933862870525868593e-04 2.933061617865482021e-04 2.932864704792964962e-04 2.932019142352869086e-04 2.932837485392177286e-04 2.932295217134034838e-04 2.934352351160072689e-04 2.935224678067171371e-04 2.936317021673740847e-04 2.937300788256522991e-04 2.936249550538683802e-04 2.939337629091662535e-04 2.944272021635547143e-04 2.952368431365976387e-04 2.966528237987333359e-04 2.976656649874326495e-04 2.979177496165029046e-04 2.968401335739009471e-04 2.960801895914270824e-04 2.965569108713024950e-04
2.932768730512937236e-04 2.934342015710149484e-04 2.935738089376828874e-04 2.935353951371777936e-04 2.935674976353961100e-04 2.934590031160407204e-04 2.934122174370004275e-04 2.933328623244909369e-04 2.933141250095502145e-04 2.932321187767676510e-04 2.933143633911634374e-04 2.932616782340392533e-04 2.934702242126527240e-04 2.935602587948362568e-04 2.936725860244552839e-04 2.937716326016541284e-04 2.936653642765854329e-04 2.939741425955544655e-04 2.944659270852210855e-04 2.952766123115491441e-04 2.966926362008682843e-04 2.976992942741997451e-04 2.979413709152080249e-04 2.968723052911690263e-04 2.961301696311242231e-04 2.966019910774536812e-04
2.931819216456208214e-04 2.933339082070677162e-04 2.934737019701062159e-04 2.934347619263083648e-04 2.934590031160407204e-04 2.933783624592202531e-04 2.933308427663102011e-04 2.932540585650102172e-04 2.932392242100295460e-04 2.931614207255367737e-04 2.932461065311999220e-04 2.931969065612456855e-04 2.934082113454520918e-04 2.934995764130658409e-04 2.936150169996680579e-04 2.937134460714354569e-04 2.936054461529802881e-04 2.939148840671831670e-04 2.944083372241698303e-04 2.952165606125628288e-04 2.966251634836312686e-04 2.976160181533727984e-04 2.978527268473332777e-04 2.967806096891423403e-04 2.960302543156872936e-04 2.965165800210603476e-04
2.931327253770155995e-04 2.932844491061393144e-04 2.934236416375994019e-04 2.933862870525868593e-04 2.934122174370004275e-04 2.933308427663102011e-04 2.933030414906092546e-04 2.932308337397388789e-04 2.932184049707614441e-04 2.931443610870070396e-04 2.932334411163099318e-04 2.931874175021484505e-04 2.934022934175721476e-04 2.934971968369329688e-04 2.936145358835298637e-04 2.937152638032773481e-04 2.936113508632615587e-04 2.939229095440709281e-04 2.944157345305660565e-04 2.952192778809628626e-04 2.966084429884450428e-04 2.975773122154927583e-04 2.978124542557595276e-04 2.967407677257533939e-04 2.959919182855948140e-04 2.964840448724232846e-04
2.930544500488309421e-04 2.932029852155006015e-04 2.933411871050037138e-04 2.933061617865482021e-04 2.933328623244909369e-04 2.932540585650102172e-04 2.932308337397388789e-04 2.931782699614506591e-04 2.931705497756766305e-04 2.931002236205253859e-04 2.931948919968987467e-04 2.931505211049502575e-04 2.933710048480030826e-04 2.934694387419936688e-04 2.935905856422212816e-04 2.936951986232485580e-04 2.935957004174923534e-04 2.939081289862509393e-04 2.943968277335483612e-04 2.951868358771488716e-04 2.965503102883365540e-04 2.974934521714659797e-04 2.977226120028579441e-04 2.966704957623853716e-04 2.959330337451319742e-04 2.964137851717071480e-04
2.930390162180756945e-04 2.931854089195905233e-04 2.933216954502560641e-04 2.932864704792964962e-04 2.933141250095502145e-04 2.932392242100295460e-04 2.932184049707614441e-04 2.931705497756766305e-04 2.931811620739252955e-04 2.931153255121135082e-04 2.932157500628192995e-04 2.931770909688040383e-04 2.934025469085715519e-04 2.935030870103416656e-04 2.936263602314631051e-04 2.937320295828305420e-04 2.936314122687711317e-04 2.939411600733713163e-04 2.944219473191519477e-04 2.951983497796921777e-04 2.965416470813766461e-04 2.974703672275192637e-04 2.976903980380278081e-04 2.966386529780897863e-04 2.959123211037859849e-04 2.964149033478397804e-04
2.929592406077278859e-04 2.931070596694703985e-04 2.932394560436531877e-04 2.932019142352869086e-04 2.932321187767676510e-04 2.931614207255367737e-04 2.931443610870070396e-04 2.931002236205253859e-04 2.931153255121135082e-04 2.930693844333571324e-04 2.931790270199486357e-04 2.931487432368514237e-04 2.933837161711240113e-04 2.934920706387373333e-04 2.936208288746901545e-04 2.937293956459137694e-04 2.936283729296414744e-04 2.939350044352825961e-04 2.944050380849843013e-04 2.951627928768358190e-04 2.964739284137713230e-04 2.973645315723318278e-04 2.975692365176035945e-04 2.965137330369836373e-04 2.957986216783662866e-04 2.963182640382202204e-04
2.930425089352873907e-04 2.931892300763208571e-04 2.933237698365754654e-04 2.932837485392177286e-04 2.933143633911634374e-04 2.932461065311999220e-04 2.932334411163099318e-04 2.931948919968987467e-04 2.932157500628192995e-04 2.931790270199486357e-04 2.933141615190658401e-04 2.932985232261474634e-04 2.935458574500702383e-04 2.936632064045621130e-04 2.938000868658443643e-04 2.939169565160037415e-04 2.938242190614321183e-04 2.941347037609997120e-04 2.946022680678726780e-04 2.953504537838804226e-04 2.966274300301440805e-04 2.974743685355735775e-04 2.976502310976781554e-04 2.965802157329346187e-04 2.958793422413551330e-04 2.964261562323352531e-04
2.929911942279433404e-04 2.931364206580092330e-04 2.932708960521474549e-04 2.932295217134034838e-04 2.932616782340392533e-04 2.931969065612456855e-04 2.931874175021484505e-04 2.931505211049502575e-04 2.931770909688040383e-04 2.931487432368514237e-04 2.932985232261474634e-04 2.933092442341786780e-04 2.935752841302778659e-04 2.937067952787336244e-04 2.938571761662294606e-04 2.939864214848162739e-04 2.939018300573784125e-04 2.942195934967369139e-04 2.946877738856175551e-04 2.954262032164419924e-04 2.966654773971175445e-04 2.974554678604327050e-04 2.976031529257209857e-04 2.965317347539293000e-04 2.958432413152741933e-04 2.964084377711094682e-04
2.932002677204479410e-04 2.933473417715222248e-04 2.934811682457039942e-04 2.934352351160072689e-04 2.934702242126527240e-04 2.934082113454520918e-04 2.934022934175721476e-04 2.933710048480030826e-04 2.934025469085715519e-04 2.933837161711240113e-04 2.935458574500702383e-04 2.935752841302778659e-04 2.938777843827547172e-04 2.940372770734569281e-04 2.942106510042655134e-04 2.943567436776649802e-04 2.942838174903481484e-04 2.946123131905106123e-04 2.950799086895925503e-04 2.957983147716682060e-04 2.969815580336477548e-04 2.976934036468435675e-04 2.977967136966956207e-04 2.967152045196062415e-04 2.960696555216648772e-04 2.966753060388602572e-04
2.932931796862848660e-04 2.934428889409220528e-04 2.935754100711453012e-04 2.935224678067171371e-04 2.935602587948362568e-04 2.934995764130658409e-04 2.934971968369329688e-04 2.934694387419936688e-04 2.935030870103416656e-04 2.934920706387373333e-04 2.936632064045621130e-04 2.937067952787336244e-04 2.940372770734569281e-04 2.942395792037566927e-04 2.944464625809647094e-04 2.946172471228221531e-04 2.945594143105432399e-04 2.948956777389661731e-04 2.953626913875316670e-04 2.960640254919435338e-04 2.971981804730742930e-04 2.978345021334804880e-04 2.978961257308975581e-04 2.968057879314944390e-04 2.961863889246051269e-04 2.968092722997437176e-04
2.934076591757685259e-04 2.935589591650425000e-04 2.936885573238542328e-04 2.936317021673740847e-04 2.936725860244552839e-04 2.936150169996680579e-04 2.936145358835298637e-04 2.935905856422212816e-04 2.936263602314631051e-04 2.936208288746901545e-04 2.938000868658443643e-04 2.938571761662294606e-04 2.942106510042655134e-04 2.944464625809647094e-04 2.947065158946110411e-04 2.949247922472456279e-04 2.948975248460337321e-04 2.952535194559183706e-04 2.957309601458959656e-04 2.964136188190802162e-04 2.974927977841482630e-04 2.980334515914039310e-04 2.980381068701264992e-04 2.969413129843646100e-04 2.963483982459931922e-04 2.969926969998685660e-04
2.935088575813913671e-04 2.936587626299232688e-04 2.937879252851313900e-04 2.937300788256522991e-04 2.937716326016541284e-04 2.937134460714354569e-04 2.937152638032773481e-04 2.936951986232485580e-04 2.937320295828305420e-04 2.937293956459137694e-04 2.939169565160037415e-04 2.939864214848162739e-04 2.943567436776649802e-04 2.946172471228221531e-04 2.949247922472456279e-04 2.952204522304721006e-04 2.952559299419567915e-04 2.956515841748098903e-04 2.961547222756120111e-04 2.968397774639360259e-04 2.978652748763758063e-04 2.982729660450080737e-04 2.981713727630184389e-04 2.970604505934393291e-04 2.965059989429334394e-04 2.971678893779519095e-04
2.934017020630791590e-04 2.935567601410882504e-04 2.936843262952907566e-04 2.936249550538683802e-04 2.936653642765854329e-04 2.936054461529802881e-04 2.936113508632615587e-04 2.935957004174923534e-04 2.936314122687711317e-04 2.936283729296414744e-04 2.938242190614321183e-04 2.939018300573784125e-04 2.942838174903481484e-04 2.945594143105432399e-04 2.948975248460337321e-04 2.952559299419567915e-04 2.953931632577266419e-04 2.958759597527322260e-04 2.964366980947329188e-04 2.971463735494334416e-04 2.981327300863464654e-04 2.983914876753694439e-04 2.981497902406528571e-04 2.970103905878339985e-04 2.964732010579841778e-04 2.971278372968035085e-04
2.937183897483113112e-04 2.938747351032697719e-04 2.940034891979299782e-04 2.939337629091662535e-04 2.939741425955544655e-04 2.939148840671831670e-04 2.939229095440709281e-04 2.939081289862509393e-04 2.939411600733713163e-04 2.939350044352825961e-04 2.941347037609997120e-04 2.942195934967369139e-04 2.946123131905106123e-04 2.948956777389661731e-04 2.952535194559183706e-04 2.956515841748098903e-04 2.958759597527322260e-04 2.965090007618652649e-04 2.971985265222824618e-04 2.979845678045096803e-04 2.989558483188450746e-04 2.990390316011950437e-04 2.985558470105630774e-04 2.973667348956628501e-04 2.969027626746362659e-04 2.975749415268198273e-04
2.942131875179516704e-04 2.943719062681180365e-04 2.945006678222324126e-04 2.944272021635547143e-04 2.944659270852210855e-04 2.944083372241698303e-04 2.944157345305660565e-04 2.943968277335483612e-04 2.944219473191519477e-04 2.944050380849843013e-04 2.946022680678726780e-04 2.946877738856175551e-04 2.950799086895925503e-04 2.953626913875316670e-04 2.957309601458959656e-04 2.961547222756120111e-04 2.964366980947329188e-04 2.971985265222824618e-04 2.980952723765044462e-04 2.990436672479598770e-04 3.000531084940987912e-04 2.999941303046051470e-04 2.992350473717205503e-04 2.979599640048070626e-04 2.975608263024457820e-04 2.982358132074726539e-04
2.950234648490847864e-04 2.951862909730730176e-04 2.953165824870621135e-04 2.952368431365976387e-04 2.952766123115491441e-04 2.952165606125628288e-04 2.952192778809628626e-04 2.951868358771488716e-04 2.951983497796921777e-04 2.951627928768358190e-04 2.953504537838804226e-04 2.954262032164419924e-04 2.957983147716682060e-04 2.960640254919435338e-04 2.964136188190802162e-04 2.968397774639360259e-04 2.971463735494334416e-04 2.979845678045096803e-04 2.990436672479598770e-04 3.002796042104496606e-04 3.015163736208261629e-04 3.014772925490052306e-04 3.004698135361148163e-04 2.989471008132487903e-04 2.985443062502016642e-04 2.992144935034800638e-04
2.964245071275815662e-04 2.965893889726991996e-04 2.967273456141597348e-04 2.966528237987333359e-04 2.966926362008682843e-04 2.966251634836312686e-04 2.966084429884450428e-04 2.965503102883365540e-04 2.965416470813766461e-04 2.964739284137713230e-04 2.966274300301440805e-04 2.966654773971175445e-04 2.969815580336477548e-04 2.971981804730742930e-04 2.974927977841482630e-04 2.978652748763758063e-04 2.981327300863464654e-04 2.989558483188450746e-04 3.000531084940987912e-04 3.015163736208261629e-04 3.032507051075525577e-04 3.036315326661628128e-04 3.026668634471549129e-04 3.007622279936511848e-04 3.001343712649327203e-04 3.007184175624352611e-04
2.974208940805871354e-04 2.975730097081436096e-04 2.977235585841414610e-04 2.976656649874326495e-04 2.976992942741997451e-04 2.976160181533727984e-04 2.975773122154927583e-04 2.974934521714659797e-04 2.974703672275192637e-04 2.973645315723318278e-04 2.974743685355735775e-04 2.974554678604327050e-04 2.976934036468435675e-04 2.978345021334804880e-04 2.980334515914039310e-04 2.982729660450080737e-04 2.983914876753694439e-04 2.990390316011950437e-04 2.999941303046051470e-04 3.014772925490052306e-04 3.036315326661628128e-04 3.048939051925700252e-04 3.045862395377525083e-04 3.024552874442377136e-04 3.012805012781964850e-04 3.017468353977533413e-04
2.976536363180511927e-04 2.977913710279822047e-04 2.979576298015809569e-04 2.979177496165029046e-04 2.979413709152080249e-04 2.978527268473332777e-04 2.978124542557595276e-04 2.977226120028579441e-04 2.976903980380278081e-04 2.975692365176035945e-04 2.976502310976781554e-04 2.976031529257209857e-04 2.977967136966956207e-04 2.978961257308975581e-04 2.980381068701264992e-04 2.981713727630184389e-04 2.981497902406528571e-04 2.985558470105630774e-04 2.992350473717205503e-04 3.004698135361148163e-04 3.026668634471549129e-04 3.045862395377525083e-04 3.055088628399908789e-04 3.037457793065875909e-04 3.018073558828342348e-04 3.020322442337968535e-04
2.965966778422691758e-04 2.967416044905591679e-04 2.968789783458662744e-04 2.968401335739009471e-04 2.968723052911690263e-04 2.967806096891423403e-04 2.967407677257533939e-04 2.966704957623853716e-04 2.966386529780897863e-04 2.965137330369836373e-04 2.965802157329346187e-04 2.965317347539293000e-04 2.967152045196062415e-04 2.968057879314944390e-04 2.969413129843646100e-04 2.970604505934393291e-04 2.970103905878339985e-04 2.973667348956628501e-04 2.979599640048070626e-04 2.989471008132487903e-04 3.007622279936511848e-04 3.024552874442377136e-04 3.037457793065875909e-04 3.031834026073930086e-04 3.013972110385867943e-04 3.011331549690008259e-04
2.958920855485842405e-04 2.960306445881816825e-04 2.961419524965695012e-04 2.960801895914270824e-04 2.961301696311242231e-04 2.960302543156872936e-04 2.959919182855948140e-04 2.959330337451319742e-04 2.959123211037859849e-04 2.957986216783662866e-04 2.958793422413551330e-04 2.958432413152741933e-04 2.960696555216648772e-04 2.961863889246051269e-04 2.963483982459931922e-04 2.965059989429334394e-04 2.964732010579841778e-04 2.969027626746362659e-04 2.975608263024457820e-04 2.985443062502016642e-04 3.001343712649327203e-04 3.012805012781964850e-04 3.018073558828342348e-04 3.013972110385867943e-04 3.011451391607227715e-04 3.011169041821981705e-04
2.963569776962548543e-04 2.965110861625231960e-04 2.966346425717794155e-04 2.965569108713024950e-04 2.966019910774536812e-04 2.965165800210603476e-04 2.964840448724232846e-04 2.964137851717071480e-04 2.964149033478397804e-04 2.963182640382202204e-04 2.964261562323352531e-04 2.964084377711094682e-04 2.966753060388602572e-04 2.968092722997437176e-04 2.969926969998685660e-04 2.971678893779519095e-04 2.971278372968035085e-04 2.975749415268198273e-04 2.982358132074726539e-04 2.992144935034800638e-04 3.007184175624352611e-04 3.017468353977533413e-04 3.020322442337968535e-04 3.011331549690008259e-04 3.011169041821981705e-04 3.024874798850799083e-04
