2.896593677053581860e-04 2.886665787669235781e-04 2.877775220160795795e-04 2.875142317202040586e-04 2.868726907271626145e-04 2.861093321303390677e-04 2.853036291978619868e-04 2.847455441980164962e-04 2.842434030089058651e-04 2.838631752480067286e-04 2.835629880909436534e-04 2.835883943863192662e-04 2.839120887992251227e-04 2.842700575920637006e-04 2.847539722870205919e-04 2.849839177591661273e-04 2.851461049454956636e-04 2.859052808626278948e-04 2.862966593840694384e-04 2.868119747259854609e-04 2.872102124157863319e-04 2.868183651819381191e-04 2.856312486966527931e-04 2.837536295875782303e-04 2.838647339509623346e-04 2.835224286892025990e-04
2.886665787669235781e-04 2.877693338761327978e-04 2.868512621190528306e-04 2.865915677079226582e-04 2.859526091820775197e-04 2.851933659369520644e-04 2.843874967762173708e-04 2.838307998994930490e-04 2.833276293311696352e-04 2.829479619789075835e-04 2.826506004468256825e-04 2.826816703068344111e-04 2.830167274503215267e-04 2.833841650730913953e-04 2.838675096202743502e-04 2.841012548018610165e-04 2.842734798244091351e-04 2.850546634178372928e-04 2.854772994780260548e-04 2.860142567238659235e-04 2.864062676757613392e-04 2.859902006665801045e-04 2.847609701203997071e-04 2.828621471970659408e-04 2.829689940162800725e-04 2.826142523566277701e-04
2.877775220160795795e-04 2.868512621190528306e-04 2.860121001571740975e-04 2.857332655229979403e-04 2.850946986348990692e-04 2.843370678252052624e-04 2.835328655371842648e-04 2.829849648653051252e-04 2.824890189403182522e-04 2.821091549331015101e-04 2.818143900412544171e-04 2.818451465686175631e-04 2.821710528921383748e-04 2.825249860424011933e-04 2.829991522997219117e-04 2.832204623583855618e-04 2.833837906688286483e-04 2.841519625327555503e-04 2.845630718307546616e-04 2.850857575704455831e-04 2.854621090996978076e-04 2.850337408154872084e-04 2.838127979051866781e-04 2.819393062517898635e-04 2.820794435241123148e-04 2.817407025840868795e-04
2.875142317202040586e-04 2.865915677079226582e-04 2.857332655229979403e-04 2.855023109379238784e-04 2.848561550131505343e-04 2.841016279331514218e-04 2.832995718455462160e-04 2.827520570893694114e-04 2.822555470958613717e-04 2.818799918257534876e-04 2.815888798463165601e-04 2.816236847267435096e-04 2.819590044621302929e-04 2.823264911492788065e-04 2.828144000251657086e-04 2.830538999217600653e-04 2.832367938361744449e-04 2.840151518090727831e-04 2.844213704299775785e-04 2.849348036264476476e-04 2.852844634211577457e-04 2.848179966035179530e-04 2.835702012534991332e-04 2.816834845199892002e-04 2.818275703670295503e-04 2.815000834573180540e-04
2.868726907271626145e-04 2.859526091820775197e-04 2.850946986348990692e-04 2.848561550131505343e-04 2.842453707054614178e-04 2.834898785377836417e-04 2.826925635028564336e-04 2.821441221723763426e-04 2.816497606215964417e-04 2.812806346146567949e-04 2.809934541272166779e-04 2.810309676795131099e-04 2.813722924901803529e-04 2.817459694223111637e-04 2.822409338282379980e-04 2.824806349517562046e-04 2.826643329201545141e-04 2.834409914698444674e-04 2.838501855830388872e-04 2.843673548403895983e-04 2.847166394126860096e-04 2.842301448065197018e-04 2.829723932395731070e-04 2.810891383024276074e-04 2.812210091717542949e-04 2.808833367859597981e-04
2.861093321303390677e-04 2.851933659369520644e-04 2.843370678252052624e-04 2.841016279331514218e-04 2.834898785377836417e-04 2.827653629252790024e-04 2.819683178016867218e-04 2.814256177552131098e-04 2.809355947634053618e-04 2.805722402969984281e-04 2.802921165419435413e-04 2.803356332639394340e-04 2.806825894674185419e-04 2.810624800310308757e-04 2.815610975727560238e-04 2.818084034736684121e-04 2.819988684910262671e-04 2.827773918014714815e-04 2.831815056465696707e-04 2.836958454904869083e-04 2.840317679711051846e-04 2.835112626463091780e-04 2.822411307995833737e-04 2.803621442989896783e-04 2.805088359570351536e-04 2.801761194225163999e-04
2.853036291978619868e-04 2.843874967762173708e-04 2.835328655371842648e-04 2.832995718455462160e-04 2.826925635028564336e-04 2.819683178016867218e-04 2.811994594755018516e-04 2.806618691250578677e-04 2.801781607507527832e-04 2.798220099184394339e-04 2.795450845592877074e-04 2.795915351100480557e-04 2.799431762463111648e-04 2.803247827535679444e-04 2.808270156555310571e-04 2.810809956777806339e-04 2.812775141280939636e-04 2.820570906671028403e-04 2.824587604317099765e-04 2.829645882864131510e-04 2.832741384461772913e-04 2.827192517735353577e-04 2.814580608855878053e-04 2.795984814386850764e-04 2.797330448462860271e-04 2.793975290773249962e-04
2.847455441980164962e-04 2.838307998994930490e-04 2.829849648653051252e-04 2.827520570893694114e-04 2.821441221723763426e-04 2.814256177552131098e-04 2.806618691250578677e-04 2.801527758448171942e-04 2.796761287169257596e-04 2.793280950076410972e-04 2.790610585658030761e-04 2.791176001590783633e-04 2.794796393289957891e-04 2.798663578681530599e-04 2.803773045268417342e-04 2.806410240842084625e-04 2.808463753717471006e-04 2.816348032653307235e-04 2.820375852757859626e-04 2.825401883506641282e-04 2.828312968378022120e-04 2.822381700645183798e-04 2.809551182844173588e-04 2.790702598585594442e-04 2.792136107016928272e-04 2.788806309543971412e-04
2.842434030089058651e-04 2.833276293311696352e-04 2.824890189403182522e-04 2.822555470958613717e-04 2.816497606215964417e-04 2.809355947634053618e-04 2.801781607507527832e-04 2.796761287169257596e-04 2.792230245490269209e-04 2.788877430924010495e-04 2.786303908146430517e-04 2.786957947324695856e-04 2.790678303797136965e-04 2.794628170190946470e-04 2.799852357128350573e-04 2.802625010026267354e-04 2.804784648777858638e-04 2.812719403172924933e-04 2.816740903800281012e-04 2.821660190046916279e-04 2.824292325050628940e-04 2.817868242845440654e-04 2.804915224401301741e-04 2.786271929385688629e-04 2.787703337473558312e-04 2.784295414078615904e-04
2.838631752480067286e-04 2.829479619789075835e-04 2.821091549331015101e-04 2.818799918257534876e-04 2.812806346146567949e-04 2.805722402969984281e-04 2.798220099184394339e-04 2.793280950076410972e-04 2.788877430924010495e-04 2.785801802066793917e-04 2.783393195214015309e-04 2.784204166779959610e-04 2.788115860944349314e-04 2.792239702508936727e-04 2.797666201678393146e-04 2.800594353939308526e-04 2.802886592567952156e-04 2.810943451602752148e-04 2.815000823756052097e-04 2.819834809564655451e-04 2.822074111188944924e-04 2.814848225876674464e-04 2.801454876592660861e-04 2.782789397310883768e-04 2.784228590339347638e-04 2.780617858154239819e-04
2.835629880909436534e-04 2.826506004468256825e-04 2.818143900412544171e-04 2.815888798463165601e-04 2.809934541272166779e-04 2.802921165419435413e-04 2.795450845592877074e-04 2.790610585658030761e-04 2.786303908146430517e-04 2.783393195214015309e-04 2.781359937863125660e-04 2.782478609685297812e-04 2.786687642006375402e-04 2.791085673474030240e-04 2.796798365302645092e-04 2.799969593958677840e-04 2.802487483530892182e-04 2.810680375227169077e-04 2.814773429221909982e-04 2.819471669096742356e-04 2.821109477960696767e-04 2.812764341294946772e-04 2.798840508720706541e-04 2.780147720393017765e-04 2.781693675704699237e-04 2.777895218819139518e-04
2.835883943863192662e-04 2.826816703068344111e-04 2.818451465686175631e-04 2.816236847267435096e-04 2.810309676795131099e-04 2.803356332639394340e-04 2.795915351100480557e-04 2.791176001590783633e-04 2.786957947324695856e-04 2.784204166779959610e-04 2.782478609685297812e-04 2.784116907504717423e-04 2.788789457930898239e-04 2.793585574389004906e-04 2.799682158373676863e-04 2.803133981600809937e-04 2.805843904746358700e-04 2.814122591059054954e-04 2.818198760081351648e-04 2.822716572534159259e-04 2.823621044447464489e-04 2.813950559044415428e-04 2.799361913822098280e-04 2.780405565756848062e-04 2.782047951366444015e-04 2.777800812806501115e-04
2.839120887992251227e-04 2.830167274503215267e-04 2.821710528921383748e-04 2.819590044621302929e-04 2.813722924901803529e-04 2.806825894674185419e-04 2.799431762463111648e-04 2.794796393289957891e-04 2.790678303797136965e-04 2.788115860944349314e-04 2.786687642006375402e-04 2.788789457930898239e-04 2.794200094668423538e-04 2.799639034150084812e-04 2.806380993563756037e-04 2.810404849618016528e-04 2.813520312817357322e-04 2.822063330458899266e-04 2.826200005292363510e-04 2.830556462199446273e-04 2.830500339376460645e-04 2.818843653821655366e-04 2.803154618377803691e-04 2.784002750824459619e-04 2.785652307480401282e-04 2.780890518682496313e-04
2.842700575920637006e-04 2.833841650730913953e-04 2.825249860424011933e-04 2.823264911492788065e-04 2.817459694223111637e-04 2.810624800310308757e-04 2.803247827535679444e-04 2.798663578681530599e-04 2.794628170190946470e-04 2.792239702508936727e-04 2.791085673474030240e-04 2.793585574389004906e-04 2.799639034150084812e-04 2.805956387061970549e-04 2.813544473404454380e-04 2.818285951660650583e-04 2.821965598187390202e-04 2.830895961072201579e-04 2.835161610020389992e-04 2.839377057640615613e-04 2.838367946257477274e-04 2.824664554803798014e-04 2.808006868092837566e-04 2.788691982785902182e-04 2.790094224805374093e-04 2.784641347856468591e-04
2.847539722870205919e-04 2.838675096202743502e-04 2.829991522997219117e-04 2.828144000251657086e-04 2.822409338282379980e-04 2.815610975727560238e-04 2.808270156555310571e-04 2.803773045268417342e-04 2.799852357128350573e-04 2.797666201678393146e-04 2.796798365302645092e-04 2.799682158373676863e-04 2.806380993563756037e-04 2.813544473404454380e-04 2.822353001794937130e-04 2.828150707267702065e-04 2.832636706519096187e-04 2.842180893641723478e-04 2.846666817004517725e-04 2.850771268751254315e-04 2.848768121537272329e-04 2.832637892991211404e-04 2.814670280226776373e-04 2.794813692351094908e-04 2.795738018325141512e-04 2.789963164567970701e-04
2.849839177591661273e-04 2.841012548018610165e-04 2.832204623583855618e-04 2.830538999217600653e-04 2.824806349517562046e-04 2.818084034736684121e-04 2.810809956777806339e-04 2.806410240842084625e-04 2.802625010026267354e-04 2.800594353939308526e-04 2.799969593958677840e-04 2.803133981600809937e-04 2.810404849618016528e-04 2.818285951660650583e-04 2.828150707267702065e-04 2.835409845166189310e-04 2.841158336832417847e-04 2.851577864932282585e-04 2.856325051200646098e-04 2.860394961507367910e-04 2.857373775867062511e-04 2.838454186858980349e-04 2.818786525588858885e-04 2.798433883578032699e-04 2.799161894424365723e-04 2.793504362710401141e-04
2.851461049454956636e-04 2.842734798244091351e-04 2.833837906688286483e-04 2.832367938361744449e-04 2.826643329201545141e-04 2.819988684910262671e-04 2.812775141280939636e-04 2.808463753717471006e-04 2.804784648777858638e-04 2.802886592567952156e-04 2.802487483530892182e-04 2.805843904746358700e-04 2.813520312817357322e-04 2.821965598187390202e-04 2.832636706519096187e-04 2.841158336832417847e-04 2.848852733888128570e-04 2.860939570746144525e-04 2.866616713321700968e-04 2.871184972450121988e-04 2.867443248994518698e-04 2.845517127580061739e-04 2.823020917641222969e-04 2.801787000579536772e-04 2.802185526830634245e-04 2.796790238694429518e-04
2.859052808626278948e-04 2.850546634178372928e-04 2.841519625327555503e-04 2.840151518090727831e-04 2.834409914698444674e-04 2.827773918014714815e-04 2.820570906671028403e-04 2.816348032653307235e-04 2.812719403172924933e-04 2.810943451602752148e-04 2.810680375227169077e-04 2.814122591059054954e-04 2.822063330458899266e-04 2.830895961072201579e-04 2.842180893641723478e-04 2.851577864932282585e-04 2.860939570746144525e-04 2.875450517460239686e-04 2.883163703318303555e-04 2.889190023896112984e-04 2.885597866111154638e-04 2.861256134459929800e-04 2.834886550143716610e-04 2.811510087195989282e-04 2.810536670430515121e-04 2.805011174903984357e-04
2.862966593840694384e-04 2.854772994780260548e-04 2.845630718307546616e-04 2.844213704299775785e-04 2.838501855830388872e-04 2.831815056465696707e-04 2.824587604317099765e-04 2.820375852757859626e-04 2.816740903800281012e-04 2.815000823756052097e-04 2.814773429221909982e-04 2.818198760081351648e-04 2.826200005292363510e-04 2.835161610020389992e-04 2.846666817004517725e-04 2.856325051200646098e-04 2.866616713321700968e-04 2.883163703318303555e-04 2.894012677987834229e-04 2.902950049201696706e-04 2.900992556256552345e-04 2.875866069501030182e-04 2.845106334276436416e-04 2.818254874944597097e-04 2.815412667887997721e-04 2.809254274028282557e-04
2.868119747259854609e-04 2.860142567238659235e-04 2.850857575704455831e-04 2.849348036264476476e-04 2.843673548403895983e-04 2.836958454904869083e-04 2.829645882864131510e-04 2.825401883506641282e-04 2.821660190046916279e-04 2.819834809564655451e-04 2.819471669096742356e-04 2.822716572534159259e-04 2.830556462199446273e-04 2.839377057640615613e-04 2.850771268751254315e-04 2.860394961507367910e-04 2.871184972450121988e-04 2.889190023896112984e-04 2.902950049201696706e-04 2.916660458703660406e-04 2.918801267676612052e-04 2.894635203158697117e-04 2.859042504409124393e-04 2.826626398430254444e-04 2.822115712601393840e-04 2.815652882351612216e-04
2.872102124157863319e-04 2.864062676757613392e-04 2.854621090996978076e-04 2.852844634211577457e-04 2.847166394126860096e-04 2.840317679711051846e-04 2.832741384461772913e-04 2.828312968378022120e-04 2.824292325050628940e-04 2.822074111188944924e-04 2.821109477960696767e-04 2.823621044447464489e-04 2.830500339376460645e-04 2.838367946257477274e-04 2.848768121537272329e-04 2.857373775867062511e-04 2.867443248994518698e-04 2.885597866111154638e-04 2.900992556256552345e-04 2.918801267676612052e-04 2.928604953592223756e-04 2.911258970792648102e-04 2.874810275463373027e-04 2.835899861242827612e-04 2.828435064636757013e-04 2.821145649382751186e-04
2.868183651819381191e-04 2.859902006665801045e-04 2.850337408154872084e-04 2.848179966035179530e-04 2.842301448065197018e-04 2.835112626463091780e-04 2.827192517735353577e-04 2.822381700645183798e-04 2.817868242845440654e-04 2.814848225876674464e-04 2.812764341294946772e-04 2.813950559044415428e-04 2.818843653821655366e-04 2.824664554803798014e-04 2.832637892991211404e-04 2.838454186858980349e-04 2.845517127580061739e-04 2.861256134459929800e-04 2.875866069501030182e-04 2.894635203158697117e-04 2.911258970792648102e-04 2.908876861243206977e-04 2.880924131148242967e-04 2.838639746715850075e-04 2.825800119960115465e-04 2.816134811060205844e-04
2.856312486966527931e-04 2.847609701203997071e-04 2.838127979051866781e-04 2.835702012534991332e-04 2.829723932395731070e-04 2.822411307995833737e-04 2.814580608855878053e-04 2.809551182844173588e-04 2.804915224401301741e-04 2.801454876592660861e-04 2.798840508720706541e-04 2.799361913822098280e-04 2.803154618377803691e-04 2.808006868092837566e-04 2.814670280226776373e-04 2.818786525588858885e-04 2.823020917641222969e-04 2.834886550143716610e-04 2.845106334276436416e-04 2.859042504409124393e-04 2.874810275463373027e-04 2.880924131148242967e-04 2.871367583375719471e-04 2.839689855293025373e-04 2.821502478744041084e-04 2.805880409880807318e-04
2.837536295875782303e-04 2.828621471970659408e-04 2.819393062517898635e-04 2.816834845199892002e-04 2.810891383024276074e-04 2.803621442989896783e-04 2.795984814386850764e-04 2.790702598585594442e-04 2.786271929385688629e-04 2.782789397310883768e-04 2.780147720393017765e-04 2.780405565756848062e-04 2.784002750824459619e-04 2.788691982785902182e-04 2.794813692351094908e-04 2.798433883578032699e-04 2.801787000579536772e-04 2.811510087195989282e-04 2.818254874944597097e-04 2.826626398430254444e-04 2.835899861242827612e-04 2.838639746715850075e-04 2.839689855293025373e-04 2.832507316798323093e-04 2.820046027778332141e-04 2.797359191044295314e-04
2.838647339509623346e-04 2.829689940162800725e-04 2.820794435241123148e-04 2.818275703670295503e-04 2.812210091717542949e-04 2.805088359570351536e-04 2.797330448462860271e-04 2.792136107016928272e-04 2.787703337473558312e-04 2.784228590339347638e-04 2.781693675704699237e-04 2.782047951366444015e-04 2.785652307480401282e-04 2.790094224805374093e-04 2.795738018325141512e-04 2.799161894424365723e-04 2.802185526830634245e-04 2.810536670430515121e-04 2.815412667887997721e-04 2.822115712601393840e-04 2.828435064636757013e-04 2.825800119960115465e-04 2.821502478744041084e-04 2.820046027778332141e-04 2.831546057614396325e-04 2.814885404381127585e-04
2.835224286892025990e-04 2.826142523566277701e-04 2.817407025840868795e-04 2.815000834573180540e-04 2.808833367859597981e-04 2.801761194225163999e-04 2.793975290773249962e-04 2.788806309543971412e-04 2.784295414078615904e-04 2.780617858154239819e-04 2.777895218819139518e-04 2.777800812806501115e-04 2.780890518682496313e-04 2.784641347856468591e-04 2.789963164567970701e-04 2.793504362710401141e-04 2.796790238694429518e-04 2.805011174903984357e-04 2.809254274028282557e-04 2.815652882351612216e-04 2.821145649382751186e-04 2.816134811060205844e-04 2.805880409880807318e-04 2.797359191044295314e-04 2.814885404381127585e-04 2.825280198211937749e-04
