3.091096961423421403e-09 1.338157064840760812e-11 1.231731570023326070e-11 6.010629913976251949e-11 5.372967963528424276e-11 7.228405731355636026e-11 -2.789099937609711881e-11 -3.904583025992767185e-11 -4.618685630905956565e-13 -1.116190187980684529e-11 -2.586574158581507804e-11 -9.455571422654142321e-12 8.715675042746657829e-12 -1.182618169530421418e-11 1.967545469252068785e-11 -4.073772809676793720e-12 -2.229852706230759551e-11 -2.500101405387619807e-12 -1.387841196598652463e-11 -3.036323367999803747e-11 -3.623021770217217727e-12 5.664177376700129095e-12 4.593999769039029428e-12 -8.592713489046413388e-12 -5.039603684338690749e-12 1.927194722520147715e-11
1.338157064840760812e-11 2.281583701774648832e-09 1.571177711023702718e-11 8.528468272458218616e-11 3.890731921518133767e-11 -2.631144292509042369e-11 -3.346395427167213349e-12 1.076978302026032810e-11 1.338427272209739600e-11 -1.025249911682352895e-11 -2.576605941508332366e-11 4.460929449422663942e-11 -1.714779764008653152e-11 1.345363553171457910e-11 -1.001827292883391141e-11 -1.376193034317798694e-11 -1.651567657099052138e-13 8.436556494595836550e-12 -2.516697403832222041e-12 -1.074664277820378837e-11 -4.639320017764843922e-12 -2.261710131996019107e-12 -5.161402351876525401e-12 -7.551268533226728367e-12 2.016755534253094589e-12 -5.078505464409814169e-13
1.231731570023326070e-11 1.571177711023702718e-11 1.402162338431706014e-09 5.959970131488522996e-11 2.843817306788067330e-11 2.150472776602912904e-11 -1.742912125023571080e-11 -9.883035601932539629e-12 8.449337328270098703e-12 4.458518752642249010e-11 3.168456699889362700e-11 3.411019178418793197e-11 6.697230591451724499e-11 -4.617742280081494673e-12 6.243236376308514799e-12 -1.221012042145654558e-11 3.619701626404726501e-12 -3.739481684571379058e-12 -9.405397760491899722e-12 3.480989720074873268e-12 1.190646804429692283e-12 5.063020521615602104e-12 -8.680093056789622633e-12 -7.978773965421137245e-12 1.030820625171805536e-11 1.719430159835714828e-12
6.010629913976251949e-11 8.528468272458218616e-11 5.959970131488522996e-11 8.716779886359538097e-10 8.335109577219761399e-11 9.115629946677811121e-11 2.600434118913880769e-11 8.298690142828072407e-12 2.056369918134255441e-11 -1.897571058732468746e-12 6.751516796614137367e-12 -1.328625490545437066e-12 7.517613258759203491e-12 -4.724053757022535596e-12 1.515067752392341878e-12 1.663038081703773162e-11 -9.869763588432197455e-14 4.224194372898588547e-12 8.450284254753055577e-12 1.634380509251273067e-11 4.785309122981496979e-12 5.064349631250561329e-12 4.731404194842288779e-12 -2.193038747801799631e-12 -4.492807415918360473e-12 -4.816584125164020079e-12
5.372967963528424276e-11 3.890731921518133767e-11 2.843817306788067330e-11 8.335109577219761399e-11 6.162636939395749471e-10 5.152584511602151044e-11 -4.572271638742766977e-12 -1.946450513005523216e-11 1.598621973613922687e-11 7.281069385524534615e-12 5.419276855820651166e-12 1.333624610736444596e-11 1.106242055787193371e-11 1.044232219075100068e-11 8.199111461473966686e-12 -5.215753837942589347e-12 -2.103611961784639102e-12 -9.385300808940768314e-12 -1.020555147743661348e-11 7.017547839226868458e-13 -1.300385817726056228e-11 -1.100021362458156668e-11 -2.284343575372934745e-13 2.701712322471106450e-12 1.188507695431479898e-12 -1.034258732841330055e-12
7.228405731355636026e-11 -2.631144292509042369e-11 2.150472776602912904e-11 9.115629946677811121e-11 5.152584511602151044e-11 3.981956503018373153e-10 7.410449587075132853e-11 3.600736711092698705e-11 3.769444287194792439e-11 3.099423862281829279e-11 -8.435952354274433156e-12 -6.730787196275682541e-12 -7.338147624765053272e-13 -1.063237492099482043e-11 -6.099350013008679184e-12 -1.599493571335113820e-12 -2.375506879994206806e-12 1.182628113223458405e-12 -2.764990590101553558e-12 -8.168775878862753622e-12 -7.045673121989510081e-12 2.600219481951565789e-12 9.022793174800442104e-14 5.938178082582569338e-12 7.797845553451304674e-12 4.932996212280801901e-12
-2.789099937609711881e-11 -3.346395427167213349e-12 -1.742912125023571080e-11 2.600434118913880769e-11 -4.572271638742766977e-12 7.410449587075132853e-11 3.114193000532311715e-10 2.010952641009987546e-11 3.282065697701010533e-11 3.973776910013874471e-11 6.444974956385666491e-12 8.520543926196839678e-12 3.899690235492640309e-12 -1.238126096321798898e-12 -5.094924830336167802e-13 -1.702882256719207903e-12 2.135032258059795178e-12 -3.215509291108596718e-12 -3.030091540361430840e-13 -7.586953567342624827e-13 -4.371511096571747577e-12 -4.180695815094605627e-12 7.804003708970705669e-13 1.897513518012728449e-13 -2.280020712626699008e-12 3.658593896765412293e-12
-3.904583025992767185e-11 1.076978302026032810e-11 -9.883035601932539629e-12 8.298690142828072407e-12 -1.946450513005523216e-11 3.600736711092698705e-11 2.010952641009987546e-11 1.767681990941555149e-10 3.989354225703229391e-11 1.970946266758801565e-11 4.088679673485711912e-12 6.222529784221085154e-12 3.697283307247387023e-12 2.561735319779031939e-12 1.805304945791330915e-12 -5.750573995375507531e-12 -5.636724716093712961e-12 -2.373547778261863200e-12 -9.969107764464572573e-13 -9.139840927382535515e-13 2.391685577037751513e-12 4.443785389216499285e-12 1.199302984192666406e-12 3.060950549919823371e-12 1.723962561868321104e-12 6.107807385544440129e-13
-4.618685630905956565e-13 1.338427272209739600e-11 8.449337328270098703e-12 2.056369918134255441e-11 1.598621973613922687e-11 3.769444287194792439e-11 3.282065697701010533e-11 3.989354225703229391e-11 1.644734405398850148e-10 4.429001437445142650e-11 2.274500135659055879e-11 1.897378750645630851e-11 -3.183554655945658687e-12 -3.921034838278311798e-12 -7.136953639151969022e-13 2.135679701716465073e-12 -2.829889143237465767e-12 -1.829342620075189442e-12 -1.448800007104440666e-12 7.564994826887330119e-14 1.332356738359267510e-12 -2.542947259285719340e-12 -1.963444248811191202e-12 1.497417388122572360e-13 4.594157542366803040e-13 1.862075404200161676e-12
-1.116190187980684529e-11 -1.025249911682352895e-11 4.458518752642249010e-11 -1.897571058732468746e-12 7.281069385524534615e-12 3.099423862281829279e-11 3.973776910013874471e-11 1.970946266758801565e-11 4.429001437445142650e-11 1.061159611102178026e-10 2.259327196340048408e-11 1.596501078431392818e-11 1.024752195854482849e-11 1.806848951641814091e-12 2.254529608721254649e-12 6.945696543082682748e-14 -2.463727845149063129e-12 -4.581153766737236196e-12 -6.713720507582647624e-12 -5.919520243411315728e-12 -1.494246085670946128e-12 -3.713982754322049665e-12 -2.024987776396648183e-12 -9.981196828458220508e-13 -1.658098660267123082e-12 4.072167728895515213e-13
-2.586574158581507804e-11 -2.576605941508332366e-11 3.168456699889362700e-11 6.751516796614137367e-12 5.419276855820651166e-12 -8.435952354274433156e-12 6.444974956385666491e-12 4.088679673485711912e-12 2.274500135659055879e-11 2.259327196340048408e-11 8.165993619665061739e-11 2.542371560773918958e-11 8.206836689663628118e-12 6.085540090870356683e-12 6.044338066449897046e-12 4.970532147734447879e-12 5.492148549249216211e-12 -4.028942791414380207e-13 -1.259692601492069382e-12 2.597137959353913873e-12 2.230722617365023094e-12 2.201821330429749210e-12 2.331166039383148342e-12 2.664989663090415959e-13 -7.624226196250005718e-13 -7.434588838971384133e-13
-9.455571422654142321e-12 4.460929449422663942e-11 3.411019178418793197e-11 -1.328625490545437066e-12 1.333624610736444596e-11 -6.730787196275682541e-12 8.520543926196839678e-12 6.222529784221085154e-12 1.897378750645630851e-11 1.596501078431392818e-11 2.542371560773918958e-11 6.008891918037975967e-11 2.227764209301135657e-11 8.821932293069621393e-12 6.909868685589366235e-12 3.472791184077021680e-12 4.006480153129295136e-12 2.150624088301934959e-12 -2.870974206948575069e-12 1.685181148893674357e-12 6.756358265269906074e-13 2.817622379524514192e-13 2.874491514108589085e-12 1.775676716441895164e-12 6.658503093411585104e-13 1.254228363998597099e-14
8.715675042746657829e-12 -1.714779764008653152e-11 6.697230591451724499e-11 7.517613258759203491e-12 1.106242055787193371e-11 -7.338147624765053272e-13 3.899690235492640309e-12 3.697283307247387023e-12 -3.183554655945658687e-12 1.024752195854482849e-11 8.206836689663628118e-12 2.227764209301135657e-11 5.310943922357129741e-11 2.174279948675200246e-11 1.081603822609429473e-11 3.337700475095379091e-12 3.473314239446365970e-12 3.557902915901999263e-13 -2.292482576766569218e-12 -1.167752381946602508e-12 -1.107897176055183113e-12 -8.679385418904940478e-13 -2.386601651439458341e-12 -2.335986902133838257e-12 -1.826380735537108242e-12 -6.581994427974112986e-13
-1.182618169530421418e-11 1.345363553171457910e-11 -4.617742280081494673e-12 -4.724053757022535596e-12 1.044232219075100068e-11 -1.063237492099482043e-11 -1.238126096321798898e-12 2.561735319779031939e-12 -3.921034838278311798e-12 1.806848951641814091e-12 6.085540090870356683e-12 8.821932293069621393e-12 2.174279948675200246e-11 4.090401389902939012e-11 1.702025038070566863e-11 9.289323926549247176e-12 5.904410032483678187e-12 1.351701027670078203e-12 -4.853164188830777788e-13 5.038029085530230899e-13 -5.465579811249530423e-13 -2.205206875156565201e-12 -7.051195534248201281e-13 -1.564700116381344138e-12 -1.470581904129841649e-12 -1.066588677801756503e-12
1.967545469252068785e-11 -1.001827292883391141e-11 6.243236376308514799e-12 1.515067752392341878e-12 8.199111461473966686e-12 -6.099350013008679184e-12 -5.094924830336167802e-13 1.805304945791330915e-12 -7.136953639151969022e-13 2.254529608721254649e-12 6.044338066449897046e-12 6.909868685589366235e-12 1.081603822609429473e-11 1.702025038070566863e-11 3.019227357590813384e-11 1.374623774069756128e-11 6.399008550840437903e-12 1.838088255148024474e-12 -2.212844101441150105e-13 3.948119692605051541e-12 2.851318924893614998e-12 1.682285722740562266e-12 7.618407483076427321e-13 7.683635180441733883e-13 1.698809691074702951e-12 6.675752440540116445e-13
-4.073772809676793720e-12 -1.376193034317798694e-11 -1.221012042145654558e-11 1.663038081703773162e-11 -5.215753837942589347e-12 -1.599493571335113820e-12 -1.702882256719207903e-12 -5.750573995375507531e-12 2.135679701716465073e-12 6.945696543082682748e-14 4.970532147734447879e-12 3.472791184077021680e-12 3.337700475095379091e-12 9.289323926549247176e-12 1.374623774069756128e-11 3.293069231487498077e-11 1.665737722587299328e-11 7.177625471233517692e-12 4.108648058565090072e-12 4.610837986065232832e-12 1.317761454442906684e-12 -3.475827133826013803e-13 -7.939047726801114983e-13 -3.969853775423537250e-14 5.409474373376993961e-13 1.289335747777069645e-12
-2.229852706230759551e-11 -1.651567657099052138e-13 3.619701626404726501e-12 -9.869763588432197455e-14 -2.103611961784639102e-12 -2.375506879994206806e-12 2.135032258059795178e-12 -5.636724716093712961e-12 -2.829889143237465767e-12 -2.463727845149063129e-12 5.492148549249216211e-12 4.006480153129295136e-12 3.473314239446365970e-12 5.904410032483678187e-12 6.399008550840437903e-12 1.665737722587299328e-11 3.354467519581900798e-11 1.718522143623378901e-11 4.027170174246714924e-12 5.453498890486012859e-13 -2.017859958701073704e-12 -6.750410856934342515e-13 -4.153128826131536351e-13 -1.632144813834008978e-12 -6.803223865912907396e-13 4.500834063388427864e-13
-2.500101405387619807e-12 8.436556494595836550e-12 -3.739481684571379058e-12 4.224194372898588547e-12 -9.385300808940768314e-12 1.182628113223458405e-12 -3.215509291108596718e-12 -2.373547778261863200e-12 -1.829342620075189442e-12 -4.581153766737236196e-12 -4.028942791414380207e-13 2.150624088301934959e-12 3.557902915901999263e-13 1.351701027670078203e-12 1.838088255148024474e-12 7.177625471233517692e-12 1.718522143623378901e-11 2.490279789219263203e-11 1.162034314874561164e-11 2.602930644249038169e-12 2.484745577940534848e-13 1.667676338901344452e-12 5.110932943813295267e-13 -9.636402870004264156e-13 -1.466789583698795466e-13 5.695209034589054058e-13
-1.387841196598652463e-11 -2.516697403832222041e-12 -9.405397760491899722e-12 8.450284254753055577e-12 -1.020555147743661348e-11 -2.764990590101553558e-12 -3.030091540361430840e-13 -9.969107764464572573e-13 -1.448800007104440666e-12 -6.713720507582647624e-12 -1.259692601492069382e-12 -2.870974206948575069e-12 -2.292482576766569218e-12 -4.853164188830777788e-13 -2.212844101441150105e-13 4.108648058565090072e-12 4.027170174246714924e-12 1.162034314874561164e-11 2.034711153358215900e-11 8.360298363466922128e-12 2.326639647874171342e-12 1.732085341050892174e-12 -9.845431462344227936e-13 -1.807953521490424527e-12 -2.653989407233539704e-13 1.622818236795742837e-13
-3.036323367999803747e-11 -1.074664277820378837e-11 3.480989720074873268e-12 1.634380509251273067e-11 7.017547839226868458e-13 -8.168775878862753622e-12 -7.586953567342624827e-13 -9.139840927382535515e-13 7.564994826887330119e-14 -5.919520243411315728e-12 2.597137959353913873e-12 1.685181148893674357e-12 -1.167752381946602508e-12 5.038029085530230899e-13 3.948119692605051541e-12 4.610837986065232832e-12 5.453498890486012859e-13 2.602930644249038169e-12 8.360298363466922128e-12 2.398005634616255992e-11 9.534542005178576974e-12 4.175792386408812342e-12 8.072123877048842322e-13 -8.016912367160285656e-13 2.768140700122140363e-13 1.089477995672757475e-12
-3.623021770217217727e-12 -4.639320017764843922e-12 1.190646804429692283e-12 4.785309122981496979e-12 -1.300385817726056228e-11 -7.045673121989510081e-12 -4.371511096571747577e-12 2.391685577037751513e-12 1.332356738359267510e-12 -1.494246085670946128e-12 2.230722617365023094e-12 6.756358265269906074e-13 -1.107897176055183113e-12 -5.465579811249530423e-13 2.851318924893614998e-12 1.317761454442906684e-12 -2.017859958701073704e-12 2.484745577940534848e-13 2.326639647874171342e-12 9.534542005178576974e-12 1.707261843766168020e-11 6.010240699984236358e-12 1.151613422427054034e-12 -9.016712883662447724e-13 -2.434928771323858912e-13 8.979834130888604345e-13
5.664177376700129095e-12 -2.261710131996019107e-12 5.063020521615602104e-12 5.064349631250561329e-12 -1.100021362458156668e-11 2.600219481951565789e-12 -4.180695815094605627e-12 4.443785389216499285e-12 -2.542947259285719340e-12 -3.713982754322049665e-12 2.201821330429749210e-12 2.817622379524514192e-13 -8.679385418904940478e-13 -2.205206875156565201e-12 1.682285722740562266e-12 -3.475827133826013803e-13 -6.750410856934342515e-13 1.667676338901344452e-12 1.732085341050892174e-12 4.175792386408812342e-12 6.010240699984236358e-12 1.353718252792254272e-11 3.866578345390798697e-12 2.247616746312723218e-14 8.194140884379010155e-13 9.786909209832726122e-13
4.593999769039029428e-12 -5.161402351876525401e-12 -8.680093056789622633e-12 4.731404194842288779e-12 -2.284343575372934745e-13 9.022793174800442104e-14 7.804003708970705669e-13 1.199302984192666406e-12 -1.963444248811191202e-12 -2.024987776396648183e-12 2.331166039383148342e-12 2.874491514108589085e-12 -2.386601651439458341e-12 -7.051195534248201281e-13 7.618407483076427321e-13 -7.939047726801114983e-13 -4.153128826131536351e-13 5.110932943813295267e-13 -9.845431462344227936e-13 8.072123877048842322e-13 1.151613422427054034e-12 3.866578345390798697e-12 8.494692997709629923e-12 2.025073102904909420e-12 7.393048408738866077e-13 5.798951787803664814e-13
-8.592713489046413388e-12 -7.551268533226728367e-12 -7.978773965421137245e-12 -2.193038747801799631e-12 2.701712322471106450e-12 5.938178082582569338e-12 1.897513518012728449e-13 3.060950549919823371e-12 1.497417388122572360e-13 -9.981196828458220508e-13 2.664989663090415959e-13 1.775676716441895164e-12 -2.335986902133838257e-12 -1.564700116381344138e-12 7.683635180441733883e-13 -3.969853775423537250e-14 -1.632144813834008978e-12 -9.636402870004264156e-13 -1.807953521490424527e-12 -8.016912367160285656e-13 -9.016712883662447724e-13 2.247616746312723218e-14 2.025073102904909420e-12 8.759843715000729040e-12 3.216134815475942904e-12 4.707321832334156333e-13
-5.039603684338690749e-12 2.016755534253094589e-12 1.030820625171805536e-11 -4.492807415918360473e-12 1.188507695431479898e-12 7.797845553451304674e-12 -2.280020712626699008e-12 1.723962561868321104e-12 4.594157542366803040e-13 -1.658098660267123082e-12 -7.624226196250005718e-13 6.658503093411585104e-13 -1.826380735537108242e-12 -1.470581904129841649e-12 1.698809691074702951e-12 5.409474373376993961e-13 -6.803223865912907396e-13 -1.466789583698795466e-13 -2.653989407233539704e-13 2.768140700122140363e-13 -2.434928771323858912e-13 8.194140884379010155e-13 7.393048408738866077e-13 3.216134815475942904e-12 6.771579670817651558e-12 9.867853984088856276e-13
1.927194722520147715e-11 -5.078505464409814169e-13 1.719430159835714828e-12 -4.816584125164020079e-12 -1.034258732841330055e-12 4.932996212280801901e-12 3.658593896765412293e-12 6.107807385544440129e-13 1.862075404200161676e-12 4.072167728895515213e-13 -7.434588838971384133e-13 1.254228363998597099e-14 -6.581994427974112986e-13 -1.066588677801756503e-12 6.675752440540116445e-13 1.289335747777069645e-12 4.500834063388427864e-13 5.695209034589054058e-13 1.622818236795742837e-13 1.089477995672757475e-12 8.979834130888604345e-13 9.786909209832726122e-13 5.798951787803664814e-13 4.707321832334156333e-13 9.867853984088856276e-13 3.665064112627854018e-12
