4.133241213020874662e-09 -2.800681172229202256e-10 -2.890600594648291271e-10 -1.035946337514045936e-10 -5.479616674738069997e-11 -1.026069691648876177e-11 4.038259810583900748e-11 -8.416579763754215686e-11 -8.424134480087549205e-11 1.268120267800777619e-11 -2.121920258590802889e-11 6.138777560352084526e-11 3.070773973690468605e-12 1.727192302129053107e-11 2.401242622869205639e-11 2.675474323029997418e-11 -2.604492844470126324e-13 2.000998609325913294e-11 4.005955556076397576e-12 2.585431894653672427e-11 1.044023677398945197e-11 -1.176328591374897297e-11 -2.390398090146405335e-12 -5.311386159264382722e-13 -2.218683858296572142e-11 -2.809495851213568997e-12
-2.800681172229202256e-10 3.063749244610314531e-09 2.290911395993448012e-10 6.516483702097749897e-11 1.111753957848622287e-10 1.249723168330598005e-10 -2.504363162891968269e-11 -2.146650257079193122e-11 -7.358644635515645012e-11 -1.480994507772801248e-11 -2.945041422641854521e-11 -6.215507044768314252e-11 -2.571717761404943199e-11 7.526601860588359475e-12 2.309699089912818499e-11 -2.586630764087673395e-11 -1.567910784682452935e-11 -1.921286485886731009e-11 -2.233024967551781659e-11 -4.826849542503485785e-12 1.320946641850735780e-11 9.991858090586176437e-12 3.040698695458002365e-12 3.467953019867594422e-12 2.746199736872054806e-12 -1.729901471021036296e-11
-2.890600594648291271e-10 2.290911395993448012e-10 2.256751555862362349e-09 -5.246281354679644209e-11 -1.029095959147602877e-10 1.885569729731663677e-11 2.064132189023967895e-11 -1.813656926474988089e-11 -8.883591050749473613e-12 5.620799987469970954e-11 5.465893172862450330e-11 7.483072764803732661e-12 2.435667828114471743e-11 8.130589863246811124e-12 2.315965452240989794e-11 -8.682729649297133870e-12 7.546977284569322786e-12 -1.107001763527678688e-11 -8.713369742199848298e-12 -1.206944149371441525e-11 -1.264803141842422896e-11 2.616047550019316914e-12 3.237145701579252717e-12 1.240634703693731266e-11 3.714740737348973707e-12 -1.219569521734429590e-11
-1.035946337514045936e-10 6.516483702097749897e-11 -5.246281354679644209e-11 1.279643963720589738e-09 8.501423577212172069e-11 9.496349591608193507e-11 3.306265938541438611e-11 7.441378943542305470e-11 2.432068136778469386e-11 -4.683621011154440048e-11 -2.186896168209021124e-11 -9.368850618632176607e-12 -7.922694549921214117e-12 -7.605805326802610336e-12 -2.339364748322905359e-11 -1.285695063460825657e-12 -4.516495853133519314e-12 -1.898811993418869709e-11 -2.156565923912201554e-11 -1.579373429085566540e-11 -4.180792741926672765e-12 -7.294142959249202761e-12 1.877900352443502137e-12 3.234482434875023873e-12 -4.731399763998528231e-12 3.266187071821879360e-12
-5.479616674738069997e-11 1.111753957848622287e-10 -1.029095959147602877e-10 8.501423577212172069e-11 8.261845514290593921e-10 7.895908907097657050e-11 2.347700331368937195e-11 1.340832232497112995e-11 1.341314130334986285e-11 7.128464860505769406e-12 -2.400682963149648992e-11 -1.110329795810911628e-11 5.170544333126015514e-12 4.360556865912970994e-12 4.862478845033561800e-12 1.025992572264453559e-11 3.865024564693906170e-12 4.312711353924454695e-12 4.419705061200990329e-12 -3.640426662954363041e-12 -1.348308847663785960e-11 -1.252933850351592993e-11 1.953612596177428025e-12 -2.741942647321705743e-12 3.459843099615885071e-13 -3.325084457556821525e-12
-1.026069691648876177e-11 1.249723168330598005e-10 1.885569729731663677e-11 9.496349591608193507e-11 7.895908907097657050e-11 5.458358539562645279e-10 2.073739241608217929e-11 1.749022361891315535e-13 -1.899059064163168247e-12 1.949677281837166074e-11 3.489151042542050065e-12 -1.510970805908372381e-11 -2.195064325460039458e-11 -6.993623401065417702e-12 -1.704215647420196311e-11 -8.525118939641380493e-12 5.611028844757036771e-12 -6.923054890252108319e-12 2.796106109518561642e-12 1.502786102368444954e-12 1.233994935845032787e-11 4.321465638248756851e-12 6.747999652571308427e-12 1.026188497368926925e-12 1.071593938964437782e-12 -5.893723480252373171e-12
4.038259810583900748e-11 -2.504363162891968269e-11 2.064132189023967895e-11 3.306265938541438611e-11 2.347700331368937195e-11 2.073739241608217929e-11 3.847756797415441886e-10 4.296172375609738838e-11 2.347550980671120256e-11 2.230008852736097229e-11 2.140765888213895021e-11 5.483872418538797243e-12 -6.488619005290371842e-12 -2.165607130468981981e-11 -2.264974335257292540e-11 -1.899055880948761938e-11 -4.539778943391106067e-12 1.202974507686018662e-13 -1.971208719061805133e-15 2.112134185503240277e-13 1.005630976403831305e-12 -1.616009038139867166e-12 2.761602388734860729e-12 1.129228601994864818e-11 -1.544724368533266566e-13 3.072370317393244209e-12
-8.416579763754215686e-11 -2.146650257079193122e-11 -1.813656926474988089e-11 7.441378943542305470e-11 1.340832232497112995e-11 1.749022361891315535e-13 4.296172375609738838e-11 2.547043753071961730e-10 5.017208083456971843e-11 8.374162419075337159e-12 2.395802502903633544e-12 -5.794235522939040728e-12 -1.438181691353507117e-12 -5.902223157161796051e-13 -7.879011584600133858e-12 -2.194213706022233432e-12 -1.455539126190374915e-11 -9.758444505806994441e-12 -4.095212978926707931e-12 -3.168485292493201519e-12 4.660792770345528567e-12 -2.855166526803790367e-12 -6.813699731516222489e-13 -5.278248578585583635e-13 6.691910645615714430e-12 2.318277198515647102e-12
-8.424134480087549205e-11 -7.358644635515645012e-11 -8.883591050749473613e-12 2.432068136778469386e-11 1.341314130334986285e-11 -1.899059064163168247e-12 2.347550980671120256e-11 5.017208083456971843e-11 1.933636164812429643e-10 2.339617844424343735e-11 -5.069858373676392111e-12 1.299878633806686721e-11 -3.947246445951429255e-12 9.498574961584082075e-12 -8.278065387668732576e-13 -2.577087401038591086e-12 -3.235863259177856233e-12 -9.987022372449715482e-13 5.511680289618838448e-12 2.224172864616656475e-12 1.497709590514192485e-12 -1.249810169572955246e-12 -5.634016061842471796e-12 -7.017039491591131371e-12 7.636606941012991189e-13 4.757067097365655918e-12
1.268120267800777619e-11 -1.480994507772801248e-11 5.620799987469970954e-11 -4.683621011154440048e-11 7.128464860505769406e-12 1.949677281837166074e-11 2.230008852736097229e-11 8.374162419075337159e-12 2.339617844424343735e-11 1.388438764576416260e-10 2.856371188103691026e-11 2.058075983343122897e-11 1.053149148977071261e-11 1.971183351198380743e-12 3.384671037490246043e-12 1.352384903010769550e-12 2.022693996224367642e-12 6.882366729674442892e-12 3.077923458689744227e-12 6.939665392336945314e-12 -1.874493751151146391e-12 -1.093309932176030563e-13 -3.299970525617560225e-12 -2.886453339278401151e-12 3.040604552089191242e-12 1.989193849315401949e-12
-2.121920258590802889e-11 -2.945041422641854521e-11 5.465893172862450330e-11 -2.186896168209021124e-11 -2.400682963149648992e-11 3.489151042542050065e-12 2.140765888213895021e-11 2.395802502903633544e-12 -5.069858373676392111e-12 2.856371188103691026e-11 1.027144621860038171e-10 2.647018680659913191e-11 1.625458560371196936e-11 5.918605828599599598e-12 3.140730657854365127e-12 2.694720572398279059e-12 -1.708994078349564039e-13 2.533043941114484563e-12 1.424910050411051676e-12 2.231045979645671663e-12 -3.936217588824048967e-12 -5.862069238204053330e-12 -2.653939929538160183e-13 1.366306811827357013e-14 1.359266761727755481e-12 1.121975059237654603e-12
6.138777560352084526e-11 -6.215507044768314252e-11 7.483072764803732661e-12 -9.368850618632176607e-12 -1.110329795810911628e-11 -1.510970805908372381e-11 5.483872418538797243e-12 -5.794235522939040728e-12 1.299878633806686721e-11 2.058075983343122897e-11 2.647018680659913191e-11 7.726037682500359973e-11 2.612921197333062616e-11 1.098879348997853772e-11 1.252356998233565508e-12 8.754524397171164944e-12 7.177480824690843972e-12 4.814456119159814322e-12 5.386123427330656534e-12 2.355530105791336450e-12 -5.457101061652457788e-12 -4.879309558979121360e-12 -3.830326399801555654e-12 -7.530825490247516315e-15 1.430181665348178356e-12 1.245343443249944472e-12
3.070773973690468605e-12 -2.571717761404943199e-11 2.435667828114471743e-11 -7.922694549921214117e-12 5.170544333126015514e-12 -2.195064325460039458e-11 -6.488619005290371842e-12 -1.438181691353507117e-12 -3.947246445951429255e-12 1.053149148977071261e-11 1.625458560371196936e-11 2.612921197333062616e-11 5.831471974078159148e-11 2.556564420946012994e-11 8.244858228162472490e-12 9.144150196277753565e-12 4.654990918680533454e-12 1.918338474457966893e-12 3.026829693430175102e-12 2.368873916480746133e-12 -2.539176443492058446e-12 -2.478013032893165401e-12 -1.463798067450328186e-12 -1.555944386468692165e-13 3.252041163455931405e-12 4.988598677116542547e-13
1.727192302129053107e-11 7.526601860588359475e-12 8.130589863246811124e-12 -7.605805326802610336e-12 4.360556865912970994e-12 -6.993623401065417702e-12 -2.165607130468981981e-11 -5.902223157161796051e-13 9.498574961584082075e-12 1.971183351198380743e-12 5.918605828599599598e-12 1.098879348997853772e-11 2.556564420946012994e-11 5.394403970528544406e-11 2.120509416718242554e-11 1.368187707279462035e-11 6.630651937236087512e-12 2.249688350286781798e-12 2.010789939090710850e-12 -3.336731339271851190e-13 -2.249129906291843582e-12 4.113576060666918564e-13 6.606708237466708424e-13 -8.381114214469414679e-13 2.948882062401850892e-12 2.286421037918583539e-13
2.401242622869205639e-11 2.309699089912818499e-11 2.315965452240989794e-11 -2.339364748322905359e-11 4.862478845033561800e-12 -1.704215647420196311e-11 -2.264974335257292540e-11 -7.879011584600133858e-12 -8.278065387668732576e-13 3.384671037490246043e-12 3.140730657854365127e-12 1.252356998233565508e-12 8.244858228162472490e-12 2.120509416718242554e-11 4.047876351173310369e-11 1.801651329340256235e-11 5.800105955139899282e-12 4.236061883590283887e-12 1.884976736277654899e-12 -1.159455569107019771e-12 -5.263578773900649676e-12 -1.379065983707701226e-12 1.503669274165086359e-12 1.237464418043237362e-12 2.915088483548078169e-13 -2.281516295659541029e-13
2.675474323029997418e-11 -2.586630764087673395e-11 -8.682729649297133870e-12 -1.285695063460825657e-12 1.025992572264453559e-11 -8.525118939641380493e-12 -1.899055880948761938e-11 -2.194213706022233432e-12 -2.577087401038591086e-12 1.352384903010769550e-12 2.694720572398279059e-12 8.754524397171164944e-12 9.144150196277753565e-12 1.368187707279462035e-11 1.801651329340256235e-11 3.612545187349755040e-11 1.785336416716230472e-11 1.075120591411016467e-11 5.012956547807932305e-12 2.514145798660812102e-12 -3.185371613380900004e-12 -3.436670765334900402e-12 -1.191986439344033392e-12 -6.459423771187441065e-13 -6.570953076819039783e-13 -1.041262498735883824e-12
-2.604492844470126324e-13 -1.567910784682452935e-11 7.546977284569322786e-12 -4.516495853133519314e-12 3.865024564693906170e-12 5.611028844757036771e-12 -4.539778943391106067e-12 -1.455539126190374915e-11 -3.235863259177856233e-12 2.022693996224367642e-12 -1.708994078349564039e-13 7.177480824690843972e-12 4.654990918680533454e-12 6.630651937236087512e-12 5.800105955139899282e-12 1.785336416716230472e-11 3.218137262800700724e-11 1.621603802392556318e-11 8.410499274143219957e-12 5.135376513996029527e-12 -3.361928349644281591e-13 -7.228089023022440764e-13 -4.102788447357086699e-13 -1.083501991221001217e-12 2.145824455065997025e-14 1.258900085370662032e-13
2.000998609325913294e-11 -1.921286485886731009e-11 -1.107001763527678688e-11 -1.898811993418869709e-11 4.312711353924454695e-12 -6.923054890252108319e-12 1.202974507686018662e-13 -9.758444505806994441e-12 -9.987022372449715482e-13 6.882366729674442892e-12 2.533043941114484563e-12 4.814456119159814322e-12 1.918338474457966893e-12 2.249688350286781798e-12 4.236061883590283887e-12 1.075120591411016467e-11 1.621603802392556318e-11 2.351413314672245949e-11 1.373479733595854699e-11 6.429365979572400574e-12 7.678137084966538010e-13 -1.290210642223740477e-12 -1.190263640402448026e-12 -1.181456364873117379e-12 -2.341320990918375104e-13 1.271583908324617750e-13
4.005955556076397576e-12 -2.233024967551781659e-11 -8.713369742199848298e-12 -2.156565923912201554e-11 4.419705061200990329e-12 2.796106109518561642e-12 -1.971208719061805133e-15 -4.095212978926707931e-12 5.511680289618838448e-12 3.077923458689744227e-12 1.424910050411051676e-12 5.386123427330656534e-12 3.026829693430175102e-12 2.010789939090710850e-12 1.884976736277654899e-12 5.012956547807932305e-12 8.410499274143219957e-12 1.373479733595854699e-11 2.741742203340973655e-11 1.313083754227883082e-11 4.358824900630390186e-12 -9.725497798278443175e-14 -2.222141654368187944e-12 -2.563984343526319972e-12 -3.209044003177773471e-13 -1.359130966596440768e-12
2.585431894653672427e-11 -4.826849542503485785e-12 -1.206944149371441525e-11 -1.579373429085566540e-11 -3.640426662954363041e-12 1.502786102368444954e-12 2.112134185503240277e-13 -3.168485292493201519e-12 2.224172864616656475e-12 6.939665392336945314e-12 2.231045979645671663e-12 2.355530105791336450e-12 2.368873916480746133e-12 -3.336731339271851190e-13 -1.159455569107019771e-12 2.514145798660812102e-12 5.135376513996029527e-12 6.429365979572400574e-12 1.313083754227883082e-11 2.246160283942764825e-11 1.006570016364806642e-11 2.605775337070645970e-12 -7.910764707947820721e-13 -2.118016627093414363e-12 -1.684492053566412836e-12 -9.223064802716304445e-13
1.044023677398945197e-11 1.320946641850735780e-11 -1.264803141842422896e-11 -4.180792741926672765e-12 -1.348308847663785960e-11 1.233994935845032787e-11 1.005630976403831305e-12 4.660792770345528567e-12 1.497709590514192485e-12 -1.874493751151146391e-12 -3.936217588824048967e-12 -5.457101061652457788e-12 -2.539176443492058446e-12 -2.249129906291843582e-12 -5.263578773900649676e-12 -3.185371613380900004e-12 -3.361928349644281591e-13 7.678137084966538010e-13 4.358824900630390186e-12 1.006570016364806642e-11 2.160264529068382701e-11 1.004732736180814567e-11 1.505823225535636790e-12 -2.783860283056880905e-12 -1.112800136506966789e-12 -2.037915174103117613e-12
-1.176328591374897297e-11 9.991858090586176437e-12 2.616047550019316914e-12 -7.294142959249202761e-12 -1.252933850351592993e-11 4.321465638248756851e-12 -1.616009038139867166e-12 -2.855166526803790367e-12 -1.249810169572955246e-12 -1.093309932176030563e-13 -5.862069238204053330e-12 -4.879309558979121360e-12 -2.478013032893165401e-12 4.113576060666918564e-13 -1.379065983707701226e-12 -3.436670765334900402e-12 -7.228089023022440764e-13 -1.290210642223740477e-12 -9.725497798278443175e-14 2.605775337070645970e-12 1.004732736180814567e-11 2.118912815554800614e-11 8.529635989465350944e-12 8.026289917482162621e-13 -1.198498809950467504e-12 -1.208364784853443960e-12
-2.390398090146405335e-12 3.040698695458002365e-12 3.237145701579252717e-12 1.877900352443502137e-12 1.953612596177428025e-12 6.747999652571308427e-12 2.761602388734860729e-12 -6.813699731516222489e-13 -5.634016061842471796e-12 -3.299970525617560225e-12 -2.653939929538160183e-13 -3.830326399801555654e-12 -1.463798067450328186e-12 6.606708237466708424e-13 1.503669274165086359e-12 -1.191986439344033392e-12 -4.102788447357086699e-13 -1.190263640402448026e-12 -2.222141654368187944e-12 -7.910764707947820721e-13 1.505823225535636790e-12 8.529635989465350944e-12 1.832607591222988420e-11 9.031115068837977781e-12 -1.520796211718814524e-12 -9.939867302522313794e-13
-5.311386159264382722e-13 3.467953019867594422e-12 1.240634703693731266e-11 3.234482434875023873e-12 -2.741942647321705743e-12 1.026188497368926925e-12 1.129228601994864818e-11 -5.278248578585583635e-13 -7.017039491591131371e-12 -2.886453339278401151e-12 1.366306811827357013e-14 -7.530825490247516315e-15 -1.555944386468692165e-13 -8.381114214469414679e-13 1.237464418043237362e-12 -6.459423771187441065e-13 -1.083501991221001217e-12 -1.181456364873117379e-12 -2.563984343526319972e-12 -2.118016627093414363e-12 -2.783860283056880905e-12 8.026289917482162621e-13 9.031115068837977781e-12 1.457982095601488392e-11 1.108249805002937720e-12 -4.318063512624221271e-13
-2.218683858296572142e-11 2.746199736872054806e-12 3.714740737348973707e-12 -4.731399763998528231e-12 3.459843099615885071e-13 1.071593938964437782e-12 -1.544724368533266566e-13 6.691910645615714430e-12 7.636606941012991189e-13 3.040604552089191242e-12 1.359266761727755481e-12 1.430181665348178356e-12 3.252041163455931405e-12 2.948882062401850892e-12 2.915088483548078169e-13 -6.570953076819039783e-13 2.145824455065997025e-14 -2.341320990918375104e-13 -3.209044003177773471e-13 -1.684492053566412836e-12 -1.112800136506966789e-12 -1.198498809950467504e-12 -1.520796211718814524e-12 1.108249805002937720e-12 9.861297215813948069e-12 2.099551279202263914e-12
-2.809495851213568997e-12 -1.729901471021036296e-11 -1.219569521734429590e-11 3.266187071821879360e-12 -3.325084457556821525e-12 -5.893723480252373171e-12 3.072370317393244209e-12 2.318277198515647102e-12 4.757067097365655918e-12 1.989193849315401949e-12 1.121975059237654603e-12 1.245343443249944472e-12 4.988598677116542547e-13 2.286421037918583539e-13 -2.281516295659541029e-13 -1.041262498735883824e-12 1.258900085370662032e-13 1.271583908324617750e-13 -1.359130966596440768e-12 -9.223064802716304445e-13 -2.037915174103117613e-12 -1.208364784853443960e-12 -9.939867302522313794e-13 -4.318063512624221271e-13 2.099551279202263914e-12 8.521850453076465988e-12
