3.508228512547660631e-09 -2.125629530145022525e-11 -2.562934198567415698e-11 -1.477646527768716291e-10 -9.560907626869657096e-11 -4.633434080894498242e-12 3.149358802211887679e-11 4.396494238785914627e-11 4.707918495503210496e-11 1.605065822440849798e-11 -2.907956883747614989e-12 -2.615102610082757084e-11 2.406484248976597536e-11 5.477422133317043287e-11 1.076478658878032157e-11 -1.293112609031208957e-11 -1.342325359308811418e-11 -1.530368801213500560e-11 1.694874241816918180e-11 1.447611064395815342e-11 7.640931389863011693e-12 1.045862929153981706e-11 -1.325613564214914158e-11 -1.780029853163034006e-11 2.512547320469568846e-12 7.366478836782418865e-13
-2.125629530145022525e-11 3.000755176816555625e-09 2.653291736116670377e-10 -1.644085567378369938e-11 -1.126685762246476130e-10 -1.279777475486716713e-10 2.425715808088827036e-12 -7.464793785114470716e-11 -1.238662146501980017e-11 -9.517789599895987440e-13 -4.100167786308470785e-12 2.152749770723143141e-11 2.310282930772436242e-11 9.797284803768821447e-12 -2.363241476579976018e-11 -2.475301678410928049e-11 -4.764649931200482718e-12 -2.873215685029084125e-11 1.544119127357375391e-11 -5.156341558528013511e-12 -2.943863955821782573e-12 4.008927630232645808e-12 -5.102898269195780432e-14 1.050000295391884022e-11 1.354427585235333747e-11 -1.273611044160551891e-11
-2.562934198567415698e-11 2.653291736116670377e-10 1.676456933524217054e-09 1.333106641923332944e-10 4.449624542085200077e-11 4.761137306484661271e-11 -7.657284308172664330e-12 3.467398553660730290e-11 3.698415272966485603e-11 1.916595939489194698e-11 2.947490164311484594e-11 -1.028476625379193392e-11 1.189538567316218097e-11 6.618220754381278512e-12 -8.260786289915483166e-12 -1.201017990862967116e-11 -7.734668133637277307e-12 -1.263871624376566892e-11 -1.221433301424716443e-11 -2.304005671494087791e-11 1.294032942399840840e-11 -1.490438758097261064e-12 1.607560899939531101e-11 8.033142825237561843e-12 -4.161073529862324529e-12 5.408052855610243243e-13
-1.477646527768716291e-10 -1.644085567378369938e-11 1.333106641923332944e-10 1.239669966460319408e-09 5.121038047170779290e-11 -2.061473019142055121e-11 2.122202321787466895e-11 1.172761388866340103e-11 9.275503735516889760e-12 -1.217716869326375044e-11 3.729960661339238581e-12 1.354900764589146831e-11 9.872511853373702741e-12 -1.384162583432308955e-12 -1.950727122311524296e-11 -5.163468423819130517e-12 8.060860651816052434e-12 -1.386976855175757639e-11 3.712393263922572093e-12 -7.943693707601979021e-12 -4.481304234962238882e-12 -1.225195864132808833e-11 -4.519819924203707372e-12 -2.278905235852547942e-12 -9.881784648693544341e-12 -2.542656907038470361e-12
-9.560907626869657096e-11 -1.126685762246476130e-10 4.449624542085200077e-11 5.121038047170779290e-11 7.648661971888844823e-10 9.549521845784386032e-11 -3.720140109251295000e-12 1.127993362222724056e-11 2.826619514228397411e-11 -1.275760336192017265e-11 -4.337986226357101693e-12 -1.779967889717580961e-11 -3.192068302505681917e-12 4.834307072064593040e-12 2.954888145274526668e-11 1.575985010299878801e-11 1.648729532470574136e-11 2.113772325145573446e-11 2.086838145267943027e-12 -5.588795309215983811e-12 6.573728440306653310e-12 1.309751958438816903e-12 -6.921751724399447743e-12 -1.603876493137166020e-12 -4.598605111181206862e-13 -3.552786216774050389e-12
-4.633434080894498242e-12 -1.279777475486716713e-10 4.761137306484661271e-11 -2.061473019142055121e-11 9.549521845784386032e-11 5.232343798764787030e-10 1.597565226838797478e-11 4.476683085943472703e-11 8.413705873458354395e-12 -4.248351280167532205e-11 -2.529700295631002395e-11 -5.576957712757072618e-12 -1.225542517353592874e-11 -1.200393080844073654e-11 1.669028531556556415e-11 1.631230232666422600e-11 1.321553438185912910e-11 1.105463895046639016e-11 1.105676995434050417e-11 -3.276656758416079911e-13 -6.626723501249627831e-12 -8.014423404014280893e-12 -2.026337235964558557e-12 1.197556294869769379e-12 1.104363815579455824e-12 -7.395812463858577084e-12
3.149358802211887679e-11 2.425715808088827036e-12 -7.657284308172664330e-12 2.122202321787466895e-11 -3.720140109251295000e-12 1.597565226838797478e-11 2.818291071541256999e-10 1.493876442904313502e-11 9.324071069554115969e-12 -5.870732641244612579e-12 2.224549997231292646e-12 2.430527244766082703e-12 -2.503857609703737781e-12 -4.691995524457033922e-12 -6.774338195978299320e-12 -1.043908032106984980e-11 -2.263425275958536205e-12 -1.904292186034984181e-12 -1.067161140927517783e-11 -1.085214917967102014e-13 6.481183370760078557e-12 2.604182806118594323e-12 1.124210786911425061e-13 -4.103351136778564240e-13 3.954578208979437803e-12 2.996615409308699620e-12
4.396494238785914627e-11 -7.464793785114470716e-11 3.467398553660730290e-11 1.172761388866340103e-11 1.127993362222724056e-11 4.476683085943472703e-11 1.493876442904313502e-11 2.238001210170008145e-10 2.341889801005475391e-11 1.453638972831574850e-11 -1.037826247147426872e-11 -6.620938553224941564e-12 -1.550513772205208360e-11 -3.480782213039304495e-12 3.750258590426555524e-12 -4.729859464148089814e-12 -4.751446215372554868e-12 1.076998187970271605e-11 9.156156641357820644e-12 4.718362107708129896e-12 8.320291514784413092e-13 1.306245027909079274e-12 -1.189470852672124034e-12 1.633561675554269895e-12 -2.948024071964189620e-13 -2.807119894573527868e-13
4.707918495503210496e-11 -1.238662146501980017e-11 3.698415272966485603e-11 9.275503735516889760e-12 2.826619514228397411e-11 8.413705873458354395e-12 9.324071069554115969e-12 2.341889801005475391e-11 1.628238690508626286e-10 2.914170099847635460e-11 1.776595486472720745e-11 7.484849501362113704e-12 -2.683282672831294176e-13 8.552612133476236322e-12 6.414221688668613821e-12 1.898874272471629168e-12 2.999075683109702260e-12 4.745207683997278261e-12 3.627868947126812143e-12 -3.278066108143792409e-12 4.710119349364931031e-13 1.818212858415311676e-12 -8.152762960409695187e-13 -4.382981295669490494e-12 -2.726861612117594642e-12 2.091150862726980424e-12
1.605065822440849798e-11 -9.517789599895987440e-13 1.916595939489194698e-11 -1.217716869326375044e-11 -1.275760336192017265e-11 -4.248351280167532205e-11 -5.870732641244612579e-12 1.453638972831574850e-11 2.914170099847635460e-11 1.228978318675904067e-10 3.586269221203832396e-11 1.903311358272499401e-11 -2.165008174312009123e-12 -1.255284765729464978e-12 -6.099377094865324966e-12 -1.944654356037727289e-12 -3.266556599186328345e-12 -4.126102035077929059e-12 -3.931003488987889618e-12 -1.418155217954370142e-12 8.863767054255601528e-13 -1.561428931130879258e-12 -2.518270894897785643e-12 -1.912625098055724994e-12 -7.439409469839184417e-13 3.443784536822249371e-12
-2.907956883747614989e-12 -4.100167786308470785e-12 2.947490164311484594e-11 3.729960661339238581e-12 -4.337986226357101693e-12 -2.529700295631002395e-11 2.224549997231292646e-12 -1.037826247147426872e-11 1.776595486472720745e-11 3.586269221203832396e-11 8.981995520937273804e-11 2.744487889647526694e-11 1.807715761753572928e-11 1.246696261032503108e-11 -2.515066948332224617e-13 3.621431839083120799e-12 1.887898292461123447e-12 2.180842407903024125e-12 -4.273229242167251417e-12 -4.564454930011495167e-12 -2.022530720751259364e-12 -2.995799210713094560e-12 -2.312399753221862810e-12 -5.763187554911851794e-13 -1.778083982695769851e-12 -2.625065029604286812e-13
-2.615102610082757084e-11 2.152749770723143141e-11 -1.028476625379193392e-11 1.354900764589146831e-11 -1.779967889717580961e-11 -5.576957712757072618e-12 2.430527244766082703e-12 -6.620938553224941564e-12 7.484849501362113704e-12 1.903311358272499401e-11 2.744487889647526694e-11 7.035980280689499545e-11 2.610612004906101941e-11 1.611546559936594473e-11 2.529381440521639780e-12 1.685192377942254145e-12 -2.784497949172336456e-12 -1.311401513741029121e-12 -5.748361205537925976e-12 -1.264632224464671070e-12 -1.201021718873503607e-12 -4.225435338703683351e-13 1.484244225326644011e-12 9.856911274329131260e-13 7.272647692402831356e-13 1.104196653839113209e-12
2.406484248976597536e-11 2.310282930772436242e-11 1.189538567316218097e-11 9.872511853373702741e-12 -3.192068302505681917e-12 -1.225542517353592874e-11 -2.503857609703737781e-12 -1.550513772205208360e-11 -2.683282672831294176e-13 -2.165008174312009123e-12 1.807715761753572928e-11 2.610612004906101941e-11 6.458416145453779143e-11 2.841181740450814495e-11 9.842176676121292264e-12 1.057824900263313350e-11 -3.395285952389611648e-13 -2.719445179623972068e-12 -4.668283846869804550e-12 -1.678423237171142677e-12 -1.194500814344622332e-12 -1.122934284559509635e-12 -2.457167280702826553e-13 -5.248777359977791076e-13 -9.258553085245257243e-13 -1.264894629343627097e-12
5.477422133317043287e-11 9.797284803768821447e-12 6.618220754381278512e-12 -1.384162583432308955e-12 4.834307072064593040e-12 -1.200393080844073654e-11 -4.691995524457033922e-12 -3.480782213039304495e-12 8.552612133476236322e-12 -1.255284765729464978e-12 1.246696261032503108e-11 1.611546559936594473e-11 2.841181740450814495e-11 5.392356404263172755e-11 1.736251071736479308e-11 1.171225534079267902e-11 1.534255835427690006e-12 3.959231175800050618e-12 3.443166067895796382e-12 1.937961183421389123e-12 -1.577572503820812217e-12 -1.090299831288624056e-12 5.105971236942458466e-13 7.428086330236960234e-13 -5.943713646709975155e-13 4.805409616523490305e-13
1.076478658878032157e-11 -2.363241476579976018e-11 -8.260786289915483166e-12 -1.950727122311524296e-11 2.954888145274526668e-11 1.669028531556556415e-11 -6.774338195978299320e-12 3.750258590426555524e-12 6.414221688668613821e-12 -6.099377094865324966e-12 -2.515066948332224617e-13 2.529381440521639780e-12 9.842176676121292264e-12 1.736251071736479308e-11 3.618391088045172240e-11 1.588483622996796299e-11 7.873146165420494476e-12 8.113483722289219684e-12 6.021135228724064860e-12 1.562149182402816633e-12 -5.902874077410665827e-13 2.103854099177642027e-12 2.801907544411708663e-12 5.868831679681764217e-13 -1.162297634661326017e-12 -3.027270059210521232e-13
-1.293112609031208957e-11 -2.475301678410928049e-11 -1.201017990862967116e-11 -5.163468423819130517e-12 1.575985010299878801e-11 1.631230232666422600e-11 -1.043908032106984980e-11 -4.729859464148089814e-12 1.898874272471629168e-12 -1.944654356037727289e-12 3.621431839083120799e-12 1.685192377942254145e-12 1.057824900263313350e-11 1.171225534079267902e-11 1.588483622996796299e-11 3.480643921664974341e-11 1.457941701640559827e-11 5.006028348827477624e-12 1.842397157150975059e-12 1.525741622452584867e-12 -4.713311927294238680e-14 -2.427745078117221570e-13 9.751214887727171748e-13 6.864380821115309781e-13 -9.057436434110908340e-13 -4.767763692541032100e-13
-1.342325359308811418e-11 -4.764649931200482718e-12 -7.734668133637277307e-12 8.060860651816052434e-12 1.648729532470574136e-11 1.321553438185912910e-11 -2.263425275958536205e-12 -4.751446215372554868e-12 2.999075683109702260e-12 -3.266556599186328345e-12 1.887898292461123447e-12 -2.784497949172336456e-12 -3.395285952389611648e-13 1.534255835427690006e-12 7.873146165420494476e-12 1.457941701640559827e-11 2.742782502532258410e-11 1.100934074720378223e-11 4.137380994354614355e-12 3.033648620787461276e-12 -3.755314454386712892e-13 -8.195945953540166731e-13 5.249700686594179401e-13 7.116904874500215327e-14 1.077839733181641644e-12 -2.997315382045895631e-13
-1.530368801213500560e-11 -2.873215685029084125e-11 -1.263871624376566892e-11 -1.386976855175757639e-11 2.113772325145573446e-11 1.105463895046639016e-11 -1.904292186034984181e-12 1.076998187970271605e-11 4.745207683997278261e-12 -4.126102035077929059e-12 2.180842407903024125e-12 -1.311401513741029121e-12 -2.719445179623972068e-12 3.959231175800050618e-12 8.113483722289219684e-12 5.006028348827477624e-12 1.100934074720378223e-11 2.655291985584996531e-11 1.381472316843148209e-11 5.223206714293527937e-12 3.096168715867058260e-12 1.128033343574593991e-12 1.253219973309490388e-13 6.240391916145073073e-13 -5.708057719452818279e-13 -8.469294578641327482e-15
1.694874241816918180e-11 1.544119127357375391e-11 -1.221433301424716443e-11 3.712393263922572093e-12 2.086838145267943027e-12 1.105676995434050417e-11 -1.067161140927517783e-11 9.156156641357820644e-12 3.627868947126812143e-12 -3.931003488987889618e-12 -4.273229242167251417e-12 -5.748361205537925976e-12 -4.668283846869804550e-12 3.443166067895796382e-12 6.021135228724064860e-12 1.842397157150975059e-12 4.137380994354614355e-12 1.381472316843148209e-11 2.743220811266503426e-11 1.275560018160721863e-11 6.028182728994246187e-12 3.577276023818484382e-12 7.524458901444963564e-13 4.702985739622268076e-13 -1.004781206464328005e-12 -1.879292378910746681e-12
1.447611064395815342e-11 -5.156341558528013511e-12 -2.304005671494087791e-11 -7.943693707601979021e-12 -5.588795309215983811e-12 -3.276656758416079911e-13 -1.085214917967102014e-13 4.718362107708129896e-12 -3.278066108143792409e-12 -1.418155217954370142e-12 -4.564454930011495167e-12 -1.264632224464671070e-12 -1.678423237171142677e-12 1.937961183421389123e-12 1.562149182402816633e-12 1.525741622452584867e-12 3.033648620787461276e-12 5.223206714293527937e-12 1.275560018160721863e-11 2.294873917858385910e-11 1.003531048790929068e-11 4.921857584750274750e-12 -9.743151877112958569e-13 -1.219006328646557242e-12 -6.445646078052165457e-13 -9.329999546598857656e-13
7.640931389863011693e-12 -2.943863955821782573e-12 1.294032942399840840e-11 -4.481304234962238882e-12 6.573728440306653310e-12 -6.626723501249627831e-12 6.481183370760078557e-12 8.320291514784413092e-13 4.710119349364931031e-13 8.863767054255601528e-13 -2.022530720751259364e-12 -1.201021718873503607e-12 -1.194500814344622332e-12 -1.577572503820812217e-12 -5.902874077410665827e-13 -4.713311927294238680e-14 -3.755314454386712892e-13 3.096168715867058260e-12 6.028182728994246187e-12 1.003531048790929068e-11 2.009655078993222289e-11 8.749085778874467356e-12 1.029628208293242641e-12 1.711785402613216483e-14 -1.024579876114642022e-12 -1.669041591806153062e-12
1.045862929153981706e-11 4.008927630232645808e-12 -1.490438758097261064e-12 -1.225195864132808833e-11 1.309751958438816903e-12 -8.014423404014280893e-12 2.604182806118594323e-12 1.306245027909079274e-12 1.818212858415311676e-12 -1.561428931130879258e-12 -2.995799210713094560e-12 -4.225435338703683351e-13 -1.122934284559509635e-12 -1.090299831288624056e-12 2.103854099177642027e-12 -2.427745078117221570e-13 -8.195945953540166731e-13 1.128033343574593991e-12 3.577276023818484382e-12 4.921857584750274750e-12 8.749085778874467356e-12 1.473142830560548413e-11 5.719593993237590641e-12 4.403620093961288025e-13 -3.147593175791361163e-13 -1.712473267733314188e-12
-1.325613564214914158e-11 -5.102898269195780432e-14 1.607560899939531101e-11 -4.519819924203707372e-12 -6.921751724399447743e-12 -2.026337235964558557e-12 1.124210786911425061e-13 -1.189470852672124034e-12 -8.152762960409695187e-13 -2.518270894897785643e-12 -2.312399753221862810e-12 1.484244225326644011e-12 -2.457167280702826553e-13 5.105971236942458466e-13 2.801907544411708663e-12 9.751214887727171748e-13 5.249700686594179401e-13 1.253219973309490388e-13 7.524458901444963564e-13 -9.743151877112958569e-13 1.029628208293242641e-12 5.719593993237590641e-12 1.303786895347319271e-11 3.384151392790251245e-12 5.354344612988410792e-13 -6.935374662015291778e-13
-1.780029853163034006e-11 1.050000295391884022e-11 8.033142825237561843e-12 -2.278905235852547942e-12 -1.603876493137166020e-12 1.197556294869769379e-12 -4.103351136778564240e-13 1.633561675554269895e-12 -4.382981295669490494e-12 -1.912625098055724994e-12 -5.763187554911851794e-13 9.856911274329131260e-13 -5.248777359977791076e-13 7.428086330236960234e-13 5.868831679681764217e-13 6.864380821115309781e-13 7.116904874500215327e-14 6.240391916145073073e-13 4.702985739622268076e-13 -1.219006328646557242e-12 1.711785402613216483e-14 4.403620093961288025e-13 3.384151392790251245e-12 8.825931296586277795e-12 2.352761959526891629e-12 -3.106637464218663842e-13
2.512547320469568846e-12 1.354427585235333747e-11 -4.161073529862324529e-12 -9.881784648693544341e-12 -4.598605111181206862e-13 1.104363815579455824e-12 3.954578208979437803e-12 -2.948024071964189620e-13 -2.726861612117594642e-12 -7.439409469839184417e-13 -1.778083982695769851e-12 7.272647692402831356e-13 -9.258553085245257243e-13 -5.943713646709975155e-13 -1.162297634661326017e-12 -9.057436434110908340e-13 1.077839733181641644e-12 -5.708057719452818279e-13 -1.004781206464328005e-12 -6.445646078052165457e-13 -1.024579876114642022e-12 -3.147593175791361163e-13 5.354344612988410792e-13 2.352761959526891629e-12 6.802156521316568146e-12 5.784191769084539048e-13
7.366478836782418865e-13 -1.273611044160551891e-11 5.408052855610243243e-13 -2.542656907038470361e-12 -3.552786216774050389e-12 -7.395812463858577084e-12 2.996615409308699620e-12 -2.807119894573527868e-13 2.091150862726980424e-12 3.443784536822249371e-12 -2.625065029604286812e-13 1.104196653839113209e-12 -1.264894629343627097e-12 4.805409616523490305e-13 -3.027270059210521232e-13 -4.767763692541032100e-13 -2.997315382045895631e-13 -8.469294578641327482e-15 -1.879292378910746681e-12 -9.329999546598857656e-13 -1.669041591806153062e-12 -1.712473267733314188e-12 -6.935374662015291778e-13 -3.106637464218663842e-13 5.784191769084539048e-13 4.654630393198343994e-12
