2.745558085624090224e-09 1.045139980682461911e-10 2.137569206410707904e-10 -1.673081158418487407e-10 3.753898643103782326e-12 2.423736407897658634e-11 6.010669057324435252e-12 6.100392015931286515e-12 -1.066597672117378751e-11 -3.165795205068031970e-11 -6.727093012576482266e-11 3.107129533352641581e-11 -1.881055653911586763e-11 5.259175975341342776e-12 8.739009416359269312e-12 8.638243008403173424e-12 -1.843588098792838481e-11 -2.337584952001958282e-11 -2.255173910034380793e-11 -1.820457304179738704e-11 -5.140990608557761243e-12 -1.687937028112968093e-12 1.680438385381295743e-12 1.561977684498282779e-12 -6.289107501257814069e-14 -1.964248931107219887e-12
1.045139980682461911e-10 2.037276666805014960e-09 -8.423980472713225278e-11 -4.317364335463192963e-11 5.779665366913999870e-11 3.792343310605391949e-11 2.243199336403407142e-11 2.880561295925118572e-11 1.229929690841995722e-11 -1.067784383103470328e-11 -7.400495409740778718e-12 2.216069218642546513e-11 -4.409450871787398984e-12 4.032852468795121065e-12 2.180765027172385913e-11 3.775541183355357504e-11 1.325907856718082814e-11 -2.134563870659222676e-12 5.154048947416954089e-12 -1.069470251684055988e-11 -1.059928222097552814e-11 -8.842727558605576355e-12 -2.635369006666226076e-12 -3.627417442117642511e-12 9.979512670783777703e-13 3.043494488633211343e-12
2.137569206410707904e-10 -8.423980472713225278e-11 1.188979883059806067e-09 1.352227538706099103e-11 -6.502163692977917114e-11 1.410431021611222001e-11 7.789572300680008715e-11 7.848083300272192610e-13 -7.621192669928742761e-12 4.049404998575649178e-11 3.327812299835053975e-11 1.935711651548767199e-11 4.816883220239817724e-12 5.654406317951762259e-12 9.760526157617576147e-12 -7.512378906993707183e-12 3.220029501366378453e-12 6.097064194874092075e-12 2.872390928288151351e-12 7.490892457001500257e-12 9.578554985425816206e-12 1.084541461124133541e-11 2.686477730042829842e-12 9.290319361794422183e-12 2.122840424558529620e-12 2.355900282841145773e-12
-1.673081158418487407e-10 -4.317364335463192963e-11 1.352227538706099103e-11 7.667799639555302719e-10 6.619117275376248891e-11 -3.900954090773983480e-12 2.039929045491334567e-12 -1.694154129678340769e-11 7.077993570241634497e-12 -1.381868614372912253e-11 1.931071977270439468e-11 1.467429911145611188e-12 -4.613056139414203502e-13 -2.738234482225833307e-12 2.699387171313213456e-12 -3.442295409103650690e-12 -1.472372318848398386e-12 9.469147999693797723e-12 -1.321386882657056905e-11 -4.997146360544953662e-12 8.183428687042081262e-12 6.239367976639624184e-12 3.273598146679365269e-12 8.689968036639586009e-12 -3.136852857092456131e-12 -2.039918136966240496e-12
3.753898643103782326e-12 5.779665366913999870e-11 -6.502163692977917114e-11 6.619117275376248891e-11 5.748495120276433552e-10 2.870203183428804363e-11 -1.581176681724125545e-11 2.349029022737616334e-11 1.227445311356522753e-11 -1.237521754228724241e-11 8.144461838626881380e-12 -1.789135143589946137e-11 -2.974139263765281058e-11 -1.470001207982155670e-12 -1.420727517733934560e-12 -6.327109220479991141e-12 -5.451207654419082782e-12 -7.576742283947409107e-13 5.925423851543061620e-12 -3.560170840905939037e-12 -7.781891427314793948e-13 -2.193223487462703982e-12 -1.783084241747168886e-12 -1.003059843350079015e-11 -3.558700491501437393e-12 1.867730395139567084e-12
2.423736407897658634e-11 3.792343310605391949e-11 1.410431021611222001e-11 -3.900954090773983480e-12 2.870203183428804363e-11 4.032589109555735350e-10 5.816585149231320832e-11 2.150121973962540523e-11 3.650203117036477428e-11 3.079390499071162358e-12 1.275357900596119916e-11 2.042298149472020908e-12 -8.728390146083222065e-12 -4.589423497359206960e-12 6.845318438641924516e-12 5.764937798710478146e-12 5.961232004741605237e-12 2.050280515195320686e-12 3.274503700410175306e-12 4.513674670627836670e-12 -2.394268790569862903e-12 1.862471840467243967e-12 3.139080750261290642e-13 -1.133016303692600329e-12 2.334283726267464210e-12 2.088604312398715583e-13
6.010669057324435252e-12 2.243199336403407142e-11 7.789572300680008715e-11 2.039929045491334567e-12 -1.581176681724125545e-11 5.816585149231320832e-11 2.783271396254301687e-10 2.729222701484244404e-11 -2.954964456804412565e-13 4.329215696863650546e-13 1.336364072026369004e-12 2.808568458319078135e-12 1.834552350993572594e-12 -4.902485454945567322e-12 5.174131311635078300e-12 1.311655163228372718e-11 1.526770271905881445e-11 8.429094316967772578e-12 1.324835167636024071e-11 5.239799972438725236e-12 1.845125328423706172e-12 -5.670719015575167852e-13 -4.631648157140474980e-13 -3.140154706276797536e-12 -2.449395654487968132e-13 -2.043202710945554729e-12
6.100392015931286515e-12 2.880561295925118572e-11 7.848083300272192610e-13 -1.694154129678340769e-11 2.349029022737616334e-11 2.150121973962540523e-11 2.729222701484244404e-11 1.568259133455816900e-10 1.709127853809739345e-11 7.844185353467017337e-12 -5.685300547186648809e-12 4.366239049871513708e-13 2.815491656271968046e-12 8.511227293590840562e-12 8.385110522417540818e-12 2.443837485944292158e-12 -4.023574508397280460e-12 9.538765298320126906e-13 4.572120099235277347e-12 -7.645716449605885021e-13 3.985968209282599023e-13 -1.073478693097631004e-12 1.007641961446500326e-12 1.419563223083408895e-12 1.482626435492676686e-12 1.504860738835074944e-13
-1.066597672117378751e-11 1.229929690841995722e-11 -7.621192669928742761e-12 7.077993570241634497e-12 1.227445311356522753e-11 3.650203117036477428e-11 -2.954964456804412565e-13 1.709127853809739345e-11 1.159376463088172582e-10 1.971556071480822979e-11 7.169146118807083119e-12 6.185136509407797774e-12 -5.331489552799526218e-12 -3.131666629962810029e-12 -5.280786980478689857e-12 -2.598211351329440060e-12 -2.619226885852108554e-12 -6.567753605963891657e-12 -1.388396313053907394e-12 -2.838682024105724594e-12 -1.873999857334853038e-12 5.065618596053687680e-13 -3.794806709191003590e-13 7.886390476813494997e-14 2.255895402379863529e-12 2.207415774203752513e-12
-3.165795205068031970e-11 -1.067784383103470328e-11 4.049404998575649178e-11 -1.381868614372912253e-11 -1.237521754228724241e-11 3.079390499071162358e-12 4.329215696863650546e-13 7.844185353467017337e-12 1.971556071480822979e-11 9.344799185311045780e-11 1.042623458487775457e-11 9.539955287685694555e-12 5.057990785316893849e-12 3.520087436492458808e-12 9.880247421894724559e-13 3.545298155559670316e-12 -2.514156573853157201e-12 -4.001439703214948715e-12 -2.295494324228694487e-13 1.251100594912907374e-13 1.707373427503234914e-12 3.803025186875456273e-12 2.395242052722384048e-12 1.411560873454777740e-12 1.564223783362752707e-12 1.139216528770192176e-12
-6.727093012576482266e-11 -7.400495409740778718e-12 3.327812299835053975e-11 1.931071977270439468e-11 8.144461838626881380e-12 1.275357900596119916e-11 1.336364072026369004e-12 -5.685300547186648809e-12 7.169146118807083119e-12 1.042623458487775457e-11 7.063261248616507963e-11 1.977862765776941625e-11 1.013077659454223872e-11 3.037011692608171241e-13 1.843081534442369313e-13 -8.280233775679135182e-13 2.055954890922524340e-12 -1.108113242010631493e-12 9.224177318995596556e-13 -3.957643231340659716e-13 -9.463340939556878781e-13 -5.413535137717380070e-13 9.152013068250942156e-13 1.352625997450182820e-12 3.251146032134514232e-13 6.863098638884902626e-13
3.107129533352641581e-11 2.216069218642546513e-11 1.935711651548767199e-11 1.467429911145611188e-12 -1.789135143589946137e-11 2.042298149472020908e-12 2.808568458319078135e-12 4.366239049871513708e-13 6.185136509407797774e-12 9.539955287685694555e-12 1.977862765776941625e-11 4.687901663486295991e-11 1.125597368071105675e-11 5.579444225429784062e-12 4.399619920997909704e-12 1.910154977355263446e-12 1.475320859912539574e-12 -4.054325733114623339e-13 9.177044551313391604e-13 -1.187253799667458235e-12 -6.239116361624672766e-13 9.145124945203587303e-13 -9.753734234439123867e-13 1.343733150128463786e-12 2.041520013662879804e-12 3.282014402143706899e-13
-1.881055653911586763e-11 -4.409450871787398984e-12 4.816883220239817724e-12 -4.613056139414203502e-13 -2.974139263765281058e-11 -8.728390146083222065e-12 1.834552350993572594e-12 2.815491656271968046e-12 -5.331489552799526218e-12 5.057990785316893849e-12 1.013077659454223872e-11 1.125597368071105675e-11 3.943197644148343418e-11 1.240205342970724334e-11 3.888167714530189478e-12 3.278797017214406865e-12 1.619795852342023016e-13 2.752525202002821803e-12 2.303688129017116190e-12 2.254069774296769836e-12 -6.189383393086955737e-13 -8.174039382728331516e-13 2.258184254684910021e-13 3.238149752305014252e-13 4.892963247495758600e-13 -1.401064518595662631e-12
5.259175975341342776e-12 4.032852468795121065e-12 5.654406317951762259e-12 -2.738234482225833307e-12 -1.470001207982155670e-12 -4.589423497359206960e-12 -4.902485454945567322e-12 8.511227293590840562e-12 -3.131666629962810029e-12 3.520087436492458808e-12 3.037011692608171241e-13 5.579444225429784062e-12 1.240205342970724334e-11 3.072452374062841259e-11 1.100373937118606908e-11 4.839911098946591904e-12 -2.882468494118687232e-14 2.327363580434894425e-12 1.455949722492863742e-12 4.246785321993090279e-13 -3.810932802801537748e-13 -1.225207577836313060e-12 -6.596101191480342433e-13 -8.569510854777533483e-13 3.667828345536051253e-13 5.276598204051738192e-14
8.739009416359269312e-12 2.180765027172385913e-11 9.760526157617576147e-12 2.699387171313213456e-12 -1.420727517733934560e-12 6.845318438641924516e-12 5.174131311635078300e-12 8.385110522417540818e-12 -5.280786980478689857e-12 9.880247421894724559e-13 1.843081534442369313e-13 4.399619920997909704e-12 3.888167714530189478e-12 1.100373937118606908e-11 2.543691649588363446e-11 1.101631882332551965e-11 5.036636412978929681e-12 1.758145930343235777e-12 9.879122213694760693e-13 3.679743093658222255e-14 -4.111557166774556971e-13 -5.451973216212597301e-13 6.770560856926998329e-13 1.086631463344247495e-12 1.213908195945920968e-12 -1.349828690243889322e-13
8.638243008403173424e-12 3.775541183355357504e-11 -7.512378906993707183e-12 -3.442295409103650690e-12 -6.327109220479991141e-12 5.764937798710478146e-12 1.311655163228372718e-11 2.443837485944292158e-12 -2.598211351329440060e-12 3.545298155559670316e-12 -8.280233775679135182e-13 1.910154977355263446e-12 3.278797017214406865e-12 4.839911098946591904e-12 1.101631882332551965e-11 2.227009411033273997e-11 9.141056914431919965e-12 3.473280233717881898e-12 1.615572151103824444e-12 6.697649848781640259e-13 2.962055370128944770e-13 -8.901827123480539293e-13 -3.375264070533215936e-14 5.349416885893692052e-13 8.256843238063831666e-13 -2.939835702924136238e-13
-1.843588098792838481e-11 1.325907856718082814e-11 3.220029501366378453e-12 -1.472372318848398386e-12 -5.451207654419082782e-12 5.961232004741605237e-12 1.526770271905881445e-11 -4.023574508397280460e-12 -2.619226885852108554e-12 -2.514156573853157201e-12 2.055954890922524340e-12 1.475320859912539574e-12 1.619795852342023016e-13 -2.882468494118687232e-14 5.036636412978929681e-12 9.141056914431919965e-12 2.111991066813835083e-11 7.893021540283354017e-12 3.534314326710638774e-12 1.634261633641802514e-12 6.620562489425595117e-13 8.500406715004252168e-15 -1.530840817200916527e-13 -8.505768688978090889e-14 1.351406018229665851e-13 -3.341905349501567121e-13
-2.337584952001958282e-11 -2.134563870659222676e-12 6.097064194874092075e-12 9.469147999693797723e-12 -7.576742283947409107e-13 2.050280515195320686e-12 8.429094316967772578e-12 9.538765298320126906e-13 -6.567753605963891657e-12 -4.001439703214948715e-12 -1.108113242010631493e-12 -4.054325733114623339e-13 2.752525202002821803e-12 2.327363580434894425e-12 1.758145930343235777e-12 3.473280233717881898e-12 7.893021540283354017e-12 1.340672067893630215e-11 4.859855000531618837e-12 2.476609703978607595e-12 4.198286492842091398e-13 -1.352081455035988417e-13 -7.218981225990819296e-13 4.655618320252546670e-13 5.709090380833957969e-14 -3.391424065007221418e-13
-2.255173910034380793e-11 5.154048947416954089e-12 2.872390928288151351e-12 -1.321386882657056905e-11 5.925423851543061620e-12 3.274503700410175306e-12 1.324835167636024071e-11 4.572120099235277347e-12 -1.388396313053907394e-12 -2.295494324228694487e-13 9.224177318995596556e-13 9.177044551313391604e-13 2.303688129017116190e-12 1.455949722492863742e-12 9.879122213694760693e-13 1.615572151103824444e-12 3.534314326710638774e-12 4.859855000531618837e-12 1.060071509436594207e-11 4.204386416602588010e-12 3.858833346279030748e-13 -3.338989990854290980e-13 9.209779080509568830e-14 4.070865137133323335e-13 -4.159582452336615931e-14 8.419161934562612529e-14
-1.820457304179738704e-11 -1.069470251684055988e-11 7.490892457001500257e-12 -4.997146360544953662e-12 -3.560170840905939037e-12 4.513674670627836670e-12 5.239799972438725236e-12 -7.645716449605885021e-13 -2.838682024105724594e-12 1.251100594912907374e-13 -3.957643231340659716e-13 -1.187253799667458235e-12 2.254069774296769836e-12 4.246785321993090279e-13 3.679743093658222255e-14 6.697649848781640259e-13 1.634261633641802514e-12 2.476609703978607595e-12 4.204386416602588010e-12 7.211375836641802472e-12 2.492767245729548940e-12 3.615763559801573941e-13 1.269414978016734847e-13 2.700712802084007954e-13 -4.630747639327624219e-14 2.904515664110410841e-13
-5.140990608557761243e-12 -1.059928222097552814e-11 9.578554985425816206e-12 8.183428687042081262e-12 -7.781891427314793948e-13 -2.394268790569862903e-12 1.845125328423706172e-12 3.985968209282599023e-13 -1.873999857334853038e-12 1.707373427503234914e-12 -9.463340939556878781e-13 -6.239116361624672766e-13 -6.189383393086955737e-13 -3.810932802801537748e-13 -4.111557166774556971e-13 2.962055370128944770e-13 6.620562489425595117e-13 4.198286492842091398e-13 3.858833346279030748e-13 2.492767245729548940e-12 1.001941509328327861e-11 2.781260866602522507e-12 7.220377332467177945e-13 7.333302783048195690e-14 -2.240964035528334795e-14 1.440604806123057148e-13
-1.687937028112968093e-12 -8.842727558605576355e-12 1.084541461124133541e-11 6.239367976639624184e-12 -2.193223487462703982e-12 1.862471840467243967e-12 -5.670719015575167852e-13 -1.073478693097631004e-12 5.065618596053687680e-13 3.803025186875456273e-12 -5.413535137717380070e-13 9.145124945203587303e-13 -8.174039382728331516e-13 -1.225207577836313060e-12 -5.451973216212597301e-13 -8.901827123480539293e-13 8.500406715004252168e-15 -1.352081455035988417e-13 -3.338989990854290980e-13 3.615763559801573941e-13 2.781260866602522507e-12 6.956289277119828462e-12 1.804295379758322801e-12 2.113904000148220776e-13 4.026726169185393117e-13 3.633908096462809523e-13
1.680438385381295743e-12 -2.635369006666226076e-12 2.686477730042829842e-12 3.273598146679365269e-12 -1.783084241747168886e-12 3.139080750261290642e-13 -4.631648157140474980e-13 1.007641961446500326e-12 -3.794806709191003590e-13 2.395242052722384048e-12 9.152013068250942156e-13 -9.753734234439123867e-13 2.258184254684910021e-13 -6.596101191480342433e-13 6.770560856926998329e-13 -3.375264070533215936e-14 -1.530840817200916527e-13 -7.218981225990819296e-13 9.209779080509568830e-14 1.269414978016734847e-13 7.220377332467177945e-13 1.804295379758322801e-12 4.620926515530405848e-12 1.026012295163796160e-12 9.824738495557940187e-14 1.531305622100612262e-13
1.561977684498282779e-12 -3.627417442117642511e-12 9.290319361794422183e-12 8.689968036639586009e-12 -1.003059843350079015e-11 -1.133016303692600329e-12 -3.140154706276797536e-12 1.419563223083408895e-12 7.886390476813494997e-14 1.411560873454777740e-12 1.352625997450182820e-12 1.343733150128463786e-12 3.238149752305014252e-13 -8.569510854777533483e-13 1.086631463344247495e-12 5.349416885893692052e-13 -8.505768688978090889e-14 4.655618320252546670e-13 4.070865137133323335e-13 2.700712802084007954e-13 7.333302783048195690e-14 2.113904000148220776e-13 1.026012295163796160e-12 4.692268343479294453e-12 7.654616932197419067e-13 2.599894942413328100e-13
-6.289107501257814069e-14 9.979512670783777703e-13 2.122840424558529620e-12 -3.136852857092456131e-12 -3.558700491501437393e-12 2.334283726267464210e-12 -2.449395654487968132e-13 1.482626435492676686e-12 2.255895402379863529e-12 1.564223783362752707e-12 3.251146032134514232e-13 2.041520013662879804e-12 4.892963247495758600e-13 3.667828345536051253e-13 1.213908195945920968e-12 8.256843238063831666e-13 1.351406018229665851e-13 5.709090380833957969e-14 -4.159582452336615931e-14 -4.630747639327624219e-14 -2.240964035528334795e-14 4.026726169185393117e-13 9.824738495557940187e-14 7.654616932197419067e-13 2.704892229968001796e-12 4.592632450647734513e-13
-1.964248931107219887e-12 3.043494488633211343e-12 2.355900282841145773e-12 -2.039918136966240496e-12 1.867730395139567084e-12 2.088604312398715583e-13 -2.043202710945554729e-12 1.504860738835074944e-13 2.207415774203752513e-12 1.139216528770192176e-12 6.863098638884902626e-13 3.282014402143706899e-13 -1.401064518595662631e-12 5.276598204051738192e-14 -1.349828690243889322e-13 -2.939835702924136238e-13 -3.341905349501567121e-13 -3.391424065007221418e-13 8.419161934562612529e-14 2.904515664110410841e-13 1.440604806123057148e-13 3.633908096462809523e-13 1.531305622100612262e-13 2.599894942413328100e-13 4.592632450647734513e-13 1.720178225694904852e-12
