4.757073800581532336e-09 3.114384981750368055e-10 -2.744720873418705478e-10 2.325503741199977831e-10 2.395119756230185221e-10 -3.083234541617414217e-11 4.980281180476824361e-11 -1.348783017247338853e-11 5.866111851407509800e-13 2.056858093712498519e-11 3.309269798707122418e-11 1.543946244836281118e-11 -1.485367537645227261e-11 -1.008292488955307804e-11 6.364258799971168292e-11 7.199267151491513525e-11 4.004761446319643659e-11 3.839275329856664367e-11 3.794931492239127914e-11 1.960560073543162640e-11 -5.895428293819310786e-12 3.756711106183726845e-11 4.842073636325848327e-11 3.550246560935768926e-11 3.387951143873333086e-12 -1.367664910389896365e-11
3.114384981750368055e-10 3.081377989280952059e-09 2.030626752804099310e-10 -5.063287583355349247e-11 -4.040122964770480130e-11 1.539805262891623744e-11 -8.399729245364709428e-12 -5.908612282271808645e-11 -4.163173203891427965e-11 2.953126477291486292e-11 -1.546695929129314389e-11 -2.929063129341394506e-11 1.936102027083765623e-11 -1.199914552687223856e-11 -4.322557381138864825e-11 -5.106397529014002002e-11 -5.536854993523926889e-11 -7.076649305906344367e-12 -4.254660398391538611e-12 2.995474476105264312e-11 1.156683816021194751e-11 1.211615438871186275e-11 1.081636945108969653e-11 -1.136162933799450774e-11 -3.612430309086727621e-12 4.902700047862546041e-12
-2.744720873418705478e-10 2.030626752804099310e-10 1.880838731641262633e-09 1.496926835102427742e-10 -2.254370486111852410e-11 4.453693233650484263e-11 8.300044228711994262e-11 5.942439697609097629e-11 7.749935584412649612e-12 2.063720952046986459e-11 8.788145591748773985e-13 -2.217651111030579823e-11 -4.702305702549393595e-11 -1.242625248851285813e-11 -1.310285710309093980e-11 1.634117478970295349e-12 -1.062322488104428551e-11 -1.595231521958216257e-11 3.006510673412065928e-11 2.996336469404858368e-11 1.103095516033083165e-11 5.190764973374462497e-12 2.787670228535208080e-12 1.687037507704901992e-11 1.233201477141958588e-11 2.971140559861924048e-12
2.325503741199977831e-10 -5.063287583355349247e-11 1.496926835102427742e-10 1.325119643872880224e-09 1.714991274055157464e-11 1.475007478232670719e-10 -3.817185355327644099e-12 -9.805458242410084638e-11 -2.502576566536493462e-11 -1.426078460304181451e-11 1.727212949518450702e-11 -2.070025362917659127e-12 -7.376913686593115835e-13 -1.097797060077754843e-11 2.036586530398684662e-11 9.563483770820704808e-12 2.938425362612549090e-11 1.926824072799116579e-11 4.313246648112757653e-12 -1.291737296028105328e-11 -5.415319690011739396e-12 -7.399693017481692078e-12 -1.629213472955324807e-13 1.060705165900770149e-11 5.173996396408175700e-12 1.139350767941885564e-11
2.395119756230185221e-10 -4.040122964770480130e-11 -2.254370486111852410e-11 1.714991274055157464e-11 7.158338037175672935e-10 1.437075856791718082e-11 9.468984741609307082e-12 2.519054517054523615e-11 -9.336715635407770768e-12 2.089995808149379375e-11 5.594953393370607074e-12 1.080217446768818864e-11 -2.560411729797137127e-11 -1.265713897165109642e-11 -1.739541972640602695e-11 -1.294031749197203293e-11 7.895876048039795830e-12 1.132649501043029576e-11 1.023733503853278835e-11 6.687911217390895019e-12 -1.852892526463536996e-12 2.805011428372703734e-12 -1.586574979444425495e-12 -4.503765164773169809e-12 -5.477982310268835971e-12 -5.307739207298830994e-12
-3.083234541617414217e-11 1.539805262891623744e-11 4.453693233650484263e-11 1.475007478232670719e-10 1.437075856791718082e-11 5.632181701791657292e-10 3.228463393710224950e-11 -7.575779878447494706e-13 1.029769021436785626e-11 2.441221863074445913e-11 2.030464482466679057e-11 2.646081467510300427e-11 2.135156897535354972e-11 6.163044444903287987e-12 -8.698900092784112220e-12 -2.229423567035444266e-12 -2.065488171957834880e-11 -3.778704712769485930e-12 6.219862550563185973e-12 -4.074973405320900174e-12 -6.889797698676394971e-12 -1.623966227897274814e-11 -5.917134478929218587e-12 -3.320437617906333103e-12 4.712723728060284192e-12 2.434179056339680125e-12
4.980281180476824361e-11 -8.399729245364709428e-12 8.300044228711994262e-11 -3.817185355327644099e-12 9.468984741609307082e-12 3.228463393710224950e-11 4.232404818845792344e-10 3.205210928661751786e-11 3.948843409996481245e-12 -5.760651334685021637e-12 7.910495631486203656e-12 1.926730798051375278e-11 -5.435182460370963198e-12 1.920720650502755257e-12 -7.193540011806446688e-13 7.105724594382407210e-13 1.012240811141406695e-11 1.281300845398210125e-11 1.533490557728918277e-11 1.005300435804191067e-11 5.043407474498939757e-12 5.547063887662319671e-13 1.695505504837844511e-12 8.823923984459455833e-12 -1.333929946599390752e-12 1.437529840399968547e-12
-1.348783017247338853e-11 -5.908612282271808645e-11 5.942439697609097629e-11 -9.805458242410084638e-11 2.519054517054523615e-11 -7.575779878447494706e-13 3.205210928661751786e-11 2.496674127569031485e-10 3.288180157333835975e-11 1.867525067864400565e-12 1.922933491209979284e-11 9.792348275473635405e-12 -2.551051861447570982e-12 -8.404625671516335546e-12 -1.034740947139184618e-11 -8.376999513957132439e-12 -6.678758319573647876e-12 2.906429243845264240e-12 -6.895603711421501827e-12 -5.356914517065304536e-12 -9.082419672409665536e-12 -1.770640194112541920e-12 7.041413644392742223e-12 -1.766912385687315230e-13 -4.662834491036988756e-12 -2.875836514513657301e-12
5.866111851407509800e-13 -4.163173203891427965e-11 7.749935584412649612e-12 -2.502576566536493462e-11 -9.336715635407770768e-12 1.029769021436785626e-11 3.948843409996481245e-12 3.288180157333835975e-11 1.945863777684752872e-10 2.965054581083138154e-11 2.707019101604396644e-11 2.727606688546608721e-11 1.525566122998770476e-11 8.543629680382935424e-12 1.369386171318702939e-11 -2.263309643321813341e-13 -2.955828592722211260e-12 -9.347576638403399689e-13 4.930877189496814484e-12 2.012236547263604082e-12 -1.889644080431863189e-12 -1.109725188484327972e-12 2.387844306515618997e-12 1.737416796726168227e-12 3.138298989737326342e-12 -2.529999870825752443e-12
2.056858093712498519e-11 2.953126477291486292e-11 2.063720952046986459e-11 -1.426078460304181451e-11 2.089995808149379375e-11 2.441221863074445913e-11 -5.760651334685021637e-12 1.867525067864400565e-12 2.965054581083138154e-11 1.425305101276072870e-10 3.955595688243748787e-11 1.893807713806102554e-11 2.036142165477653792e-11 7.142577268647797032e-12 6.586605163737230942e-13 2.635234555332269238e-12 -5.134692341517234090e-12 -1.775195347358577327e-12 9.744111236709173809e-12 6.717083972671504916e-12 7.510305524110723464e-14 -6.881493582886600107e-13 7.203819384636213017e-14 -9.513990902903609583e-13 2.970773816287239621e-12 1.183337229922449587e-13
3.309269798707122418e-11 -1.546695929129314389e-11 8.788145591748773985e-13 1.727212949518450702e-11 5.594953393370607074e-12 2.030464482466679057e-11 7.910495631486203656e-12 1.922933491209979284e-11 2.707019101604396644e-11 3.955595688243748787e-11 1.005074235773251921e-10 5.425458222341214736e-11 2.371000356854260585e-11 1.807667767380888531e-11 1.163272424243940942e-11 5.810908621947387631e-12 5.939484037708762090e-12 5.724457612216406156e-12 -5.799472804106530201e-13 -1.829016980145873310e-12 2.841390001542298318e-12 -2.448010798662687091e-12 -1.115921264488651322e-12 -1.969661234071379697e-13 1.543390688879706508e-12 -7.455807458912870349e-13
1.543946244836281118e-11 -2.929063129341394506e-11 -2.217651111030579823e-11 -2.070025362917659127e-12 1.080217446768818864e-11 2.646081467510300427e-11 1.926730798051375278e-11 9.792348275473635405e-12 2.727606688546608721e-11 1.893807713806102554e-11 5.425458222341214736e-11 9.623540023560228916e-11 3.381813252585997022e-11 2.535838084095555641e-11 1.009807685322926537e-11 7.986331373840067352e-12 3.952498221911613904e-12 4.231956360196694576e-12 -1.771764825192294727e-12 9.403806291589983201e-13 4.796860333747666820e-12 -2.404062161098963841e-12 8.893717305527282094e-13 -5.508059723886424560e-13 1.168036063951398131e-12 -2.825421135865966005e-15
-1.485367537645227261e-11 1.936102027083765623e-11 -4.702305702549393595e-11 -7.376913686593115835e-13 -2.560411729797137127e-11 2.135156897535354972e-11 -5.435182460370963198e-12 -2.551051861447570982e-12 1.525566122998770476e-11 2.036142165477653792e-11 2.371000356854260585e-11 3.381813252585997022e-11 7.945557061803695600e-11 3.768609906340001875e-11 1.229477717153436630e-11 1.010629798595370571e-11 -1.119906262580576282e-12 -1.732895772411507710e-12 -4.907389178561408439e-12 -4.351210045683368903e-12 -1.961063502130728125e-12 -1.385579626816022351e-12 -1.283436607942274705e-12 1.045913382282994364e-12 1.820325516635044796e-12 2.457815125599306223e-12
-1.008292488955307804e-11 -1.199914552687223856e-11 -1.242625248851285813e-11 -1.097797060077754843e-11 -1.265713897165109642e-11 6.163044444903287987e-12 1.920720650502755257e-12 -8.404625671516335546e-12 8.543629680382935424e-12 7.142577268647797032e-12 1.807667767380888531e-11 2.535838084095555641e-11 3.768609906340001875e-11 6.021241954437857160e-11 2.473805585849174624e-11 1.609834338665595284e-11 8.719495319830047139e-12 3.026011711982424979e-12 5.005238950452210499e-12 2.966472259239931435e-12 2.910478306238372989e-12 -2.372721913007406143e-12 -3.154707256596969779e-12 5.534444212570829967e-13 -5.129214577957381653e-13 1.846855661070482852e-12
6.364258799971168292e-11 -4.322557381138864825e-11 -1.310285710309093980e-11 2.036586530398684662e-11 -1.739541972640602695e-11 -8.698900092784112220e-12 -7.193540011806446688e-13 -1.034740947139184618e-11 1.369386171318702939e-11 6.586605163737230942e-13 1.163272424243940942e-11 1.009807685322926537e-11 1.229477717153436630e-11 2.473805585849174624e-11 5.571389474482296263e-11 2.612451040161859087e-11 1.224593970121950176e-11 7.299610981876521252e-12 7.974566356126229197e-12 -3.519899913212049558e-13 2.282370486347083878e-12 1.891405245614449143e-12 3.903447204968268591e-13 2.332360419290504378e-12 -1.704344978521797017e-12 -3.811793945661970948e-12
7.199267151491513525e-11 -5.106397529014002002e-11 1.634117478970295349e-12 9.563483770820704808e-12 -1.294031749197203293e-11 -2.229423567035444266e-12 7.105724594382407210e-13 -8.376999513957132439e-12 -2.263309643321813341e-13 2.635234555332269238e-12 5.810908621947387631e-12 7.986331373840067352e-12 1.010629798595370571e-11 1.609834338665595284e-11 2.612451040161859087e-11 4.533073867453380053e-11 2.052083616726311745e-11 1.505261066840240865e-11 9.423016318591043659e-12 4.863562995733880658e-12 4.350415736974020889e-12 8.307426845236395063e-14 -6.574937912540210004e-13 1.127038576536240800e-12 -1.494673972334533467e-12 -2.347912497167669432e-12
4.004761446319643659e-11 -5.536854993523926889e-11 -1.062322488104428551e-11 2.938425362612549090e-11 7.895876048039795830e-12 -2.065488171957834880e-11 1.012240811141406695e-11 -6.678758319573647876e-12 -2.955828592722211260e-12 -5.134692341517234090e-12 5.939484037708762090e-12 3.952498221911613904e-12 -1.119906262580576282e-12 8.719495319830047139e-12 1.224593970121950176e-11 2.052083616726311745e-11 3.730217041877749327e-11 1.844438881892482294e-11 9.934796652653359247e-12 5.620897040754346146e-12 5.918226574259469342e-12 1.932737590274442860e-12 4.618650181571114117e-13 3.498247826668480163e-12 -5.625507778378661476e-13 -1.704052642380910574e-12
3.839275329856664367e-11 -7.076649305906344367e-12 -1.595231521958216257e-11 1.926824072799116579e-11 1.132649501043029576e-11 -3.778704712769485930e-12 1.281300845398210125e-11 2.906429243845264240e-12 -9.347576638403399689e-13 -1.775195347358577327e-12 5.724457612216406156e-12 4.231956360196694576e-12 -1.732895772411507710e-12 3.026011711982424979e-12 7.299610981876521252e-12 1.505261066840240865e-11 1.844438881892482294e-11 3.694729205054710056e-11 2.141888993128318334e-11 1.007498284288203609e-11 4.229339859953266144e-12 2.835221108883998779e-13 -8.101879702798386783e-13 2.908382520373003298e-12 -1.525979152609926732e-12 -2.723235309835838389e-12
3.794931492239127914e-11 -4.254660398391538611e-12 3.006510673412065928e-11 4.313246648112757653e-12 1.023733503853278835e-11 6.219862550563185973e-12 1.533490557728918277e-11 -6.895603711421501827e-12 4.930877189496814484e-12 9.744111236709173809e-12 -5.799472804106530201e-13 -1.771764825192294727e-12 -4.907389178561408439e-12 5.005238950452210499e-12 7.974566356126229197e-12 9.423016318591043659e-12 9.934796652653359247e-12 2.141888993128318334e-11 3.837105012126422964e-11 1.943259853009737226e-11 6.622937348173067952e-12 1.989704517609901442e-12 -1.180534453414178046e-12 2.489222359379366547e-12 -1.326838193842650687e-12 -1.626903260542215082e-12
1.960560073543162640e-11 2.995474476105264312e-11 2.996336469404858368e-11 -1.291737296028105328e-11 6.687911217390895019e-12 -4.074973405320900174e-12 1.005300435804191067e-11 -5.356914517065304536e-12 2.012236547263604082e-12 6.717083972671504916e-12 -1.829016980145873310e-12 9.403806291589983201e-13 -4.351210045683368903e-12 2.966472259239931435e-12 -3.519899913212049558e-13 4.863562995733880658e-12 5.620897040754346146e-12 1.007498284288203609e-11 1.943259853009737226e-11 3.460531720210995863e-11 1.637630387615795170e-11 3.014055732948608867e-12 -9.838588016392865089e-13 8.229548083267223418e-13 -1.084114921510136434e-12 1.398678904151727360e-12
-5.895428293819310786e-12 1.156683816021194751e-11 1.103095516033083165e-11 -5.415319690011739396e-12 -1.852892526463536996e-12 -6.889797698676394971e-12 5.043407474498939757e-12 -9.082419672409665536e-12 -1.889644080431863189e-12 7.510305524110723464e-14 2.841390001542298318e-12 4.796860333747666820e-12 -1.961063502130728125e-12 2.910478306238372989e-12 2.282370486347083878e-12 4.350415736974020889e-12 5.918226574259469342e-12 4.229339859953266144e-12 6.622937348173067952e-12 1.637630387615795170e-11 2.812008707403910200e-11 8.942308491783774953e-12 1.556703844298725505e-12 1.922556651962160789e-12 1.288073295454038931e-13 1.427065622603318488e-12
3.756711106183726845e-11 1.211615438871186275e-11 5.190764973374462497e-12 -7.399693017481692078e-12 2.805011428372703734e-12 -1.623966227897274814e-11 5.547063887662319671e-13 -1.770640194112541920e-12 -1.109725188484327972e-12 -6.881493582886600107e-13 -2.448010798662687091e-12 -2.404062161098963841e-12 -1.385579626816022351e-12 -2.372721913007406143e-12 1.891405245614449143e-12 8.307426845236395063e-14 1.932737590274442860e-12 2.835221108883998779e-13 1.989704517609901442e-12 3.014055732948608867e-12 8.942308491783774953e-12 1.951727453011506871e-11 9.466274247465019631e-12 1.975748410766834302e-12 5.545232141615857072e-13 -2.743503617198227691e-13
4.842073636325848327e-11 1.081636945108969653e-11 2.787670228535208080e-12 -1.629213472955324807e-13 -1.586574979444425495e-12 -5.917134478929218587e-12 1.695505504837844511e-12 7.041413644392742223e-12 2.387844306515618997e-12 7.203819384636213017e-14 -1.115921264488651322e-12 8.893717305527282094e-13 -1.283436607942274705e-12 -3.154707256596969779e-12 3.903447204968268591e-13 -6.574937912540210004e-13 4.618650181571114117e-13 -8.101879702798386783e-13 -1.180534453414178046e-12 -9.838588016392865089e-13 1.556703844298725505e-12 9.466274247465019631e-12 1.736124433828697524e-11 4.589163068673753739e-12 5.265229834778879595e-13 6.010057313444064710e-13
3.550246560935768926e-11 -1.136162933799450774e-11 1.687037507704901992e-11 1.060705165900770149e-11 -4.503765164773169809e-12 -3.320437617906333103e-12 8.823923984459455833e-12 -1.766912385687315230e-13 1.737416796726168227e-12 -9.513990902903609583e-13 -1.969661234071379697e-13 -5.508059723886424560e-13 1.045913382282994364e-12 5.534444212570829967e-13 2.332360419290504378e-12 1.127038576536240800e-12 3.498247826668480163e-12 2.908382520373003298e-12 2.489222359379366547e-12 8.229548083267223418e-13 1.922556651962160789e-12 1.975748410766834302e-12 4.589163068673753739e-12 1.404784734169992014e-11 4.299473715637421118e-12 -8.637333002802142813e-13
3.387951143873333086e-12 -3.612430309086727621e-12 1.233201477141958588e-11 5.173996396408175700e-12 -5.477982310268835971e-12 4.712723728060284192e-12 -1.333929946599390752e-12 -4.662834491036988756e-12 3.138298989737326342e-12 2.970773816287239621e-12 1.543390688879706508e-12 1.168036063951398131e-12 1.820325516635044796e-12 -5.129214577957381653e-13 -1.704344978521797017e-12 -1.494673972334533467e-12 -5.625507778378661476e-13 -1.525979152609926732e-12 -1.326838193842650687e-12 -1.084114921510136434e-12 1.288073295454038931e-13 5.545232141615857072e-13 5.265229834778879595e-13 4.299473715637421118e-12 1.032373343390450764e-11 2.536198701547308074e-12
-1.367664910389896365e-11 4.902700047862546041e-12 2.971140559861924048e-12 1.139350767941885564e-11 -5.307739207298830994e-12 2.434179056339680125e-12 1.437529840399968547e-12 -2.875836514513657301e-12 -2.529999870825752443e-12 1.183337229922449587e-13 -7.455807458912870349e-13 -2.825421135865966005e-15 2.457815125599306223e-12 1.846855661070482852e-12 -3.811793945661970948e-12 -2.347912497167669432e-12 -1.704052642380910574e-12 -2.723235309835838389e-12 -1.626903260542215082e-12 1.398678904151727360e-12 1.427065622603318488e-12 -2.743503617198227691e-13 6.010057313444064710e-13 -8.637333002802142813e-13 2.536198701547308074e-12 1.014562961200548214e-11
