4.147103288556812871e-09 -1.845480958283354253e-11 -7.341952497902212514e-11 2.232373825318917198e-12 1.342045846040315259e-10 1.375873505149544614e-10 -5.446872190979962412e-12 1.823760172889044120e-11 6.420628946704479882e-11 -3.526187287977860859e-11 5.343152546008589401e-11 -3.804172029527457541e-11 1.301915808354814961e-12 -2.991769667539508955e-11 2.476626057446262286e-11 1.777231852426719906e-11 1.577001950893321700e-11 -1.414876523021053828e-13 1.165412158487157356e-11 -1.102450685173134076e-12 -1.401975136487636822e-12 1.039175020007319391e-11 5.357708134308940289e-12 7.374951467704028533e-12 -1.646418636745553875e-11 -1.741376356715021225e-12
-1.845480958283354253e-11 2.486874894860527531e-09 -1.637299542642490495e-10 -5.938891444823765270e-11 9.750892447173175270e-11 9.405062289422836851e-11 1.848133979671570682e-11 -9.363359298897395102e-12 -1.800422492185963891e-11 1.311090356203661391e-11 -5.001904375791360889e-11 -3.749764923355110461e-11 -1.352851304957938858e-11 -1.832232650024807658e-11 -7.242597598772056121e-12 -3.868344260369058837e-11 -1.370141362976513987e-11 -1.279020642057094122e-11 -1.830940836171516705e-11 1.278798258983591168e-12 -1.756593083325005641e-12 -2.372620322936707244e-12 8.090735488332304988e-12 2.480646485689254715e-12 -8.580101386466035701e-12 -2.524712650129429904e-12
-7.341952497902212514e-11 -1.637299542642490495e-10 1.599843102610397226e-09 -8.177809532087397706e-11 4.609117548592739852e-11 -3.216066874389087234e-11 1.287995791960099456e-11 -1.514005274542747994e-11 -6.960605938022982682e-11 -2.952966515513727240e-11 -5.959664032358475030e-11 -2.709486230516254006e-11 1.164437698923656592e-12 8.858147967255701064e-12 8.498906673024152567e-12 2.338541392778272369e-11 3.772392216315149855e-13 -1.076287096973730157e-11 -1.127732345338671798e-11 -1.292529490382579490e-11 -2.260379735331093213e-12 -4.838278420019959282e-12 2.761267556207066185e-12 -3.302801534068214745e-13 1.743649494853425068e-12 -8.032737600452683262e-12
2.232373825318917198e-12 -5.938891444823765270e-11 -8.177809532087397706e-11 1.090616385254165542e-09 -1.244971935838155580e-12 9.629970226953462040e-11 -1.491087884481346943e-11 1.597042878597061246e-11 -1.354083935302969673e-11 7.535787354701932323e-12 3.049814697543793269e-11 2.388598066489292400e-12 1.490985166150370990e-12 1.420009104731969826e-11 1.258199681823109874e-11 7.620252609505873019e-12 4.963350060837288901e-12 1.251659779013675628e-11 1.159204144960809206e-11 3.825408206586470990e-12 7.456720146740185657e-12 5.812289074222024049e-12 4.371382167566671422e-12 1.048912735146136747e-11 2.877856582590312759e-12 -1.963575681276328952e-12
1.342045846040315259e-10 9.750892447173175270e-11 4.609117548592739852e-11 -1.244971935838155580e-12 6.998026494857941528e-10 1.727166643249307415e-11 7.575113866706330776e-11 1.610594809127635632e-11 3.733827805748851455e-11 8.488443387901633007e-12 -2.095606485967018024e-11 -3.872154426796021504e-12 -1.178608906591607597e-11 -2.300708650657165741e-11 -1.208872467297860493e-11 -1.349847699177141400e-11 -9.078884801268728783e-12 -8.150721086813771742e-12 4.375830594262220371e-12 4.842478010881692061e-12 1.240998859929341379e-12 6.230000229787662455e-12 3.884867095309707937e-12 2.650985967121156258e-12 1.029927362631842742e-12 -1.416389017924606656e-12
1.375873505149544614e-10 9.405062289422836851e-11 -3.216066874389087234e-11 9.629970226953462040e-11 1.727166643249307415e-11 4.795111071269034448e-10 2.657575521082103773e-12 5.993315892718109962e-12 -1.434100680387507962e-13 2.331954292839330195e-11 1.885412760802405219e-11 3.913723233002892306e-12 1.570874209097630403e-12 -7.035786618603194141e-12 -1.013832303556675461e-11 -1.315794359236317943e-11 -5.273731590992890593e-13 9.226090406967064164e-13 -2.626435978793798008e-12 -4.578174317673888044e-12 4.541224376386660468e-12 8.804825923000026545e-13 -4.290336896133795279e-12 4.589754967081516673e-12 -5.491709635775748299e-13 4.146627369382700846e-13
-5.446872190979962412e-12 1.848133979671570682e-11 1.287995791960099456e-11 -1.491087884481346943e-11 7.575113866706330776e-11 2.657575521082103773e-12 3.209328414898882332e-10 1.263354026942530195e-11 2.382887685134008383e-11 3.265105759697299217e-11 3.739624277671473712e-12 9.538498139879092140e-12 -4.617539694792732407e-12 -9.425142427603731268e-13 1.709642705434146088e-13 -6.575960675609653284e-12 -1.552964936171509870e-12 -7.230267773901486351e-12 -1.005186619966252110e-12 -4.827660214471762474e-12 -2.281583651022723347e-12 -3.222107941788273034e-12 6.074532205610285887e-12 2.418000333957919912e-12 -5.373851492942997689e-12 -1.318407465200448828e-12
1.823760172889044120e-11 -9.363359298897395102e-12 -1.514005274542747994e-11 1.597042878597061246e-11 1.610594809127635632e-11 5.993315892718109962e-12 1.263354026942530195e-11 2.561372546913357763e-10 4.835183359705155189e-11 2.512968800689175765e-11 7.221694029777885690e-12 -3.894593835840336481e-12 -8.340363095400068191e-13 4.204191041321348828e-13 -2.701070512918647714e-12 2.824929807988772673e-12 1.577915457263492915e-11 1.285342299359441884e-12 6.370575340402686061e-12 -2.449596147896287227e-12 -6.335198944915776477e-12 -2.546762450937157007e-12 -5.366182352941254738e-13 1.402733038157471018e-12 5.052869909026631254e-13 -3.177569811734470953e-14
6.420628946704479882e-11 -1.800422492185963891e-11 -6.960605938022982682e-11 -1.354083935302969673e-11 3.733827805748851455e-11 -1.434100680387507962e-13 2.382887685134008383e-11 4.835183359705155189e-11 1.652730438408545483e-10 2.055362049901496249e-11 1.772627448163014858e-11 6.809708162120144991e-12 6.728747035455617347e-12 -1.016999295913958811e-12 -7.520009194864878030e-12 -5.384680633756668856e-12 7.206755196570730653e-13 6.355844286763731664e-13 5.228571530679241419e-12 1.845172147559688685e-12 2.466577588321219902e-12 2.112876864772396799e-12 -6.898622156540501929e-13 9.566031420811901556e-13 -1.901518184797396086e-12 -1.622709197620052140e-12
-3.526187287977860859e-11 1.311090356203661391e-11 -2.952966515513727240e-11 7.535787354701932323e-12 8.488443387901633007e-12 2.331954292839330195e-11 3.265105759697299217e-11 2.512968800689175765e-11 2.055362049901496249e-11 1.183214712917730598e-10 2.125207721150341140e-11 1.940759773124893848e-11 7.548800898169148825e-12 1.538245493902342049e-12 4.081084203501021965e-12 4.003175167405279126e-12 8.376248748070949040e-12 4.190129257778080284e-12 4.715149141674456691e-12 1.717509106697397182e-12 -2.299670822893947377e-12 7.007676029515359054e-13 2.219514298753367084e-12 1.590871319205426965e-12 1.175315251133969672e-12 5.209214892809577405e-13
5.343152546008589401e-11 -5.001904375791360889e-11 -5.959664032358475030e-11 3.049814697543793269e-11 -2.095606485967018024e-11 1.885412760802405219e-11 3.739624277671473712e-12 7.221694029777885690e-12 1.772627448163014858e-11 2.125207721150341140e-11 8.113743438299048721e-11 2.234431754700727352e-11 9.557365277820507161e-12 3.437478559334508223e-12 -4.585895448586774799e-14 8.797241179401666395e-12 5.074998448503059967e-12 4.794550562840413018e-12 5.760176661006845584e-12 3.214958659563631510e-12 -3.236454351692901656e-13 2.748289880522196098e-12 1.515232207820517158e-12 1.935908620122503256e-12 7.898584543753702777e-14 7.624126520954150937e-13
-3.804172029527457541e-11 -3.749764923355110461e-11 -2.709486230516254006e-11 2.388598066489292400e-12 -3.872154426796021504e-12 3.913723233002892306e-12 9.538498139879092140e-12 -3.894593835840336481e-12 6.809708162120144991e-12 1.940759773124893848e-11 2.234431754700727352e-11 6.508840076765628088e-11 2.536703691446510846e-11 7.652705256089349955e-12 2.745389416743495453e-12 5.710802944059248160e-12 5.686174339149172639e-12 2.195985076831357884e-12 2.819715000971968690e-12 2.439906082476529327e-12 -1.913522168393966549e-12 -1.625252575438045286e-12 -9.311294108703901310e-13 4.812015545212732982e-13 1.851103026582496464e-12 4.625316734688848560e-13
1.301915808354814961e-12 -1.352851304957938858e-11 1.164437698923656592e-12 1.490985166150370990e-12 -1.178608906591607597e-11 1.570874209097630403e-12 -4.617539694792732407e-12 -8.340363095400068191e-13 6.728747035455617347e-12 7.548800898169148825e-12 9.557365277820507161e-12 2.536703691446510846e-11 5.286265131933558055e-11 1.434293163095792576e-11 5.191413121647808740e-12 1.437216090313756204e-12 2.031237599644777994e-12 -6.382105115010977291e-14 8.886642853650000103e-13 1.619035475856594142e-12 5.528264569546500941e-13 1.686734960812518441e-14 1.387484260525794223e-12 2.013724579460469511e-12 1.057100447093683617e-12 -5.724842957772435368e-13
-2.991769667539508955e-11 -1.832232650024807658e-11 8.858147967255701064e-12 1.420009104731969826e-11 -2.300708650657165741e-11 -7.035786618603194141e-12 -9.425142427603731268e-13 4.204191041321348828e-13 -1.016999295913958811e-12 1.538245493902342049e-12 3.437478559334508223e-12 7.652705256089349955e-12 1.434293163095792576e-11 3.534390196667390248e-11 1.479082661257187581e-11 7.884609439164179091e-12 2.957452776257336413e-12 2.215121282623447871e-12 3.458543904498466214e-13 9.660966414281215642e-13 -3.135696619606995995e-13 -1.664839809574212792e-12 6.571681768894497240e-13 7.784673766330279152e-13 -4.437557223304826559e-13 -1.243177727362011472e-12
2.476626057446262286e-11 -7.242597598772056121e-12 8.498906673024152567e-12 1.258199681823109874e-11 -1.208872467297860493e-11 -1.013832303556675461e-11 1.709642705434146088e-13 -2.701070512918647714e-12 -7.520009194864878030e-12 4.081084203501021965e-12 -4.585895448586774799e-14 2.745389416743495453e-12 5.191413121647808740e-12 1.479082661257187581e-11 3.239474132760346708e-11 1.257027525524704141e-11 4.583012792597535937e-12 2.736616496103791609e-12 1.466194332895370596e-12 3.351693015202876418e-12 -2.102509466681505521e-13 -1.082124946017000009e-12 1.650369563014360448e-12 1.359071732341973096e-12 -2.246016792180572416e-15 -1.660485350065145186e-12
1.777231852426719906e-11 -3.868344260369058837e-11 2.338541392778272369e-11 7.620252609505873019e-12 -1.349847699177141400e-11 -1.315794359236317943e-11 -6.575960675609653284e-12 2.824929807988772673e-12 -5.384680633756668856e-12 4.003175167405279126e-12 8.797241179401666395e-12 5.710802944059248160e-12 1.437216090313756204e-12 7.884609439164179091e-12 1.257027525524704141e-11 2.590132274452898069e-11 8.596466818747396485e-12 3.566168324509590325e-12 4.385473707825324089e-12 2.107867749805194016e-12 -2.259382085776962998e-12 1.603974481710364129e-15 8.589046665529739362e-13 -8.171559521699674864e-13 4.749290855786248885e-13 9.323350683221727607e-13
1.577001950893321700e-11 -1.370141362976513987e-11 3.772392216315149855e-13 4.963350060837288901e-12 -9.078884801268728783e-12 -5.273731590992890593e-13 -1.552964936171509870e-12 1.577915457263492915e-11 7.206755196570730653e-13 8.376248748070949040e-12 5.074998448503059967e-12 5.686174339149172639e-12 2.031237599644777994e-12 2.957452776257336413e-12 4.583012792597535937e-12 8.596466818747396485e-12 2.581052005569189179e-11 1.157395578536627760e-11 4.676061956048183165e-12 1.847667079291431870e-12 -9.971178772560572508e-13 -1.121629278401005316e-12 -1.226819200873573368e-12 -8.434015509726039595e-13 9.497762237377326693e-14 5.477565845758524964e-14
-1.414876523021053828e-13 -1.279020642057094122e-11 -1.076287096973730157e-11 1.251659779013675628e-11 -8.150721086813771742e-12 9.226090406967064164e-13 -7.230267773901486351e-12 1.285342299359441884e-12 6.355844286763731664e-13 4.190129257778080284e-12 4.794550562840413018e-12 2.195985076831357884e-12 -6.382105115010977291e-14 2.215121282623447871e-12 2.736616496103791609e-12 3.566168324509590325e-12 1.157395578536627760e-11 2.314491651022032850e-11 8.266660858609398328e-12 2.063922296976418248e-12 -5.939327125176169936e-13 -8.709081248734203635e-13 -1.037564106946757920e-12 1.728099862737769794e-13 8.024277035360898133e-13 -5.601852257404263771e-14
1.165412158487157356e-11 -1.830940836171516705e-11 -1.127732345338671798e-11 1.159204144960809206e-11 4.375830594262220371e-12 -2.626435978793798008e-12 -1.005186619966252110e-12 6.370575340402686061e-12 5.228571530679241419e-12 4.715149141674456691e-12 5.760176661006845584e-12 2.819715000971968690e-12 8.886642853650000103e-13 3.458543904498466214e-13 1.466194332895370596e-12 4.385473707825324089e-12 4.676061956048183165e-12 8.266660858609398328e-12 1.868689553929352520e-11 6.983969808819005955e-12 1.871868685686502058e-12 6.692402303638120021e-13 -7.193474955204512849e-13 1.229108268453674067e-12 8.925583605493610460e-13 4.141840015813895416e-13
-1.102450685173134076e-12 1.278798258983591168e-12 -1.292529490382579490e-11 3.825408206586470990e-12 4.842478010881692061e-12 -4.578174317673888044e-12 -4.827660214471762474e-12 -2.449596147896287227e-12 1.845172147559688685e-12 1.717509106697397182e-12 3.214958659563631510e-12 2.439906082476529327e-12 1.619035475856594142e-12 9.660966414281215642e-13 3.351693015202876418e-12 2.107867749805194016e-12 1.847667079291431870e-12 2.063922296976418248e-12 6.983969808819005955e-12 1.306002355438605931e-11 6.002745141827664838e-12 2.073554628843067423e-12 -2.394000100975459255e-13 1.025302570697580548e-12 9.872290523192236790e-13 -8.073666363941499304e-15
-1.401975136487636822e-12 -1.756593083325005641e-12 -2.260379735331093213e-12 7.456720146740185657e-12 1.240998859929341379e-12 4.541224376386660468e-12 -2.281583651022723347e-12 -6.335198944915776477e-12 2.466577588321219902e-12 -2.299670822893947377e-12 -3.236454351692901656e-13 -1.913522168393966549e-12 5.528264569546500941e-13 -3.135696619606995995e-13 -2.102509466681505521e-13 -2.259382085776962998e-12 -9.971178772560572508e-13 -5.939327125176169936e-13 1.871868685686502058e-12 6.002745141827664838e-12 1.682685834878622464e-11 6.862939087767962206e-12 1.534452327847222028e-12 1.310857714373235944e-12 5.236212039080539117e-13 5.243104907723446717e-13
1.039175020007319391e-11 -2.372620322936707244e-12 -4.838278420019959282e-12 5.812289074222024049e-12 6.230000229787662455e-12 8.804825923000026545e-13 -3.222107941788273034e-12 -2.546762450937157007e-12 2.112876864772396799e-12 7.007676029515359054e-13 2.748289880522196098e-12 -1.625252575438045286e-12 1.686734960812518441e-14 -1.664839809574212792e-12 -1.082124946017000009e-12 1.603974481710364129e-15 -1.121629278401005316e-12 -8.709081248734203635e-13 6.692402303638120021e-13 2.073554628843067423e-12 6.862939087767962206e-12 1.229759915416191961e-11 4.068167897115866795e-12 2.576997879035717789e-13 6.864124053907190606e-13 8.848786929812064188e-13
5.357708134308940289e-12 8.090735488332304988e-12 2.761267556207066185e-12 4.371382167566671422e-12 3.884867095309707937e-12 -4.290336896133795279e-12 6.074532205610285887e-12 -5.366182352941254738e-13 -6.898622156540501929e-13 2.219514298753367084e-12 1.515232207820517158e-12 -9.311294108703901310e-13 1.387484260525794223e-12 6.571681768894497240e-13 1.650369563014360448e-12 8.589046665529739362e-13 -1.226819200873573368e-12 -1.037564106946757920e-12 -7.193474955204512849e-13 -2.394000100975459255e-13 1.534452327847222028e-12 4.068167897115866795e-12 7.658384513340344526e-12 2.833322138249228846e-12 8.629112188462083172e-13 3.999668649835525040e-13
7.374951467704028533e-12 2.480646485689254715e-12 -3.302801534068214745e-13 1.048912735146136747e-11 2.650985967121156258e-12 4.589754967081516673e-12 2.418000333957919912e-12 1.402733038157471018e-12 9.566031420811901556e-13 1.590871319205426965e-12 1.935908620122503256e-12 4.812015545212732982e-13 2.013724579460469511e-12 7.784673766330279152e-13 1.359071732341973096e-12 -8.171559521699674864e-13 -8.434015509726039595e-13 1.728099862737769794e-13 1.229108268453674067e-12 1.025302570697580548e-12 1.310857714373235944e-12 2.576997879035717789e-13 2.833322138249228846e-12 7.612065707431463565e-12 1.607406248259964361e-12 -1.422479401537837680e-13
-1.646418636745553875e-11 -8.580101386466035701e-12 1.743649494853425068e-12 2.877856582590312759e-12 1.029927362631842742e-12 -5.491709635775748299e-13 -5.373851492942997689e-12 5.052869909026631254e-13 -1.901518184797396086e-12 1.175315251133969672e-12 7.898584543753702777e-14 1.851103026582496464e-12 1.057100447093683617e-12 -4.437557223304826559e-13 -2.246016792180572416e-15 4.749290855786248885e-13 9.497762237377326693e-14 8.024277035360898133e-13 8.925583605493610460e-13 9.872290523192236790e-13 5.236212039080539117e-13 6.864124053907190606e-13 8.629112188462083172e-13 1.607406248259964361e-12 4.418648144405424614e-12 4.824782708893559290e-13
-1.741376356715021225e-12 -2.524712650129429904e-12 -8.032737600452683262e-12 -1.963575681276328952e-12 -1.416389017924606656e-12 4.146627369382700846e-13 -1.318407465200448828e-12 -3.177569811734470953e-14 -1.622709197620052140e-12 5.209214892809577405e-13 7.624126520954150937e-13 4.625316734688848560e-13 -5.724842957772435368e-13 -1.243177727362011472e-12 -1.660485350065145186e-12 9.323350683221727607e-13 5.477565845758524964e-14 -5.601852257404263771e-14 4.141840015813895416e-13 -8.073666363941499304e-15 5.243104907723446717e-13 8.848786929812064188e-13 3.999668649835525040e-13 -1.422479401537837680e-13 4.824782708893559290e-13 2.924472213524953139e-12
