2.323239659974952214e-09 2.294695754718331309e-10 8.074481030294588956e-13 -1.198707554708899846e-10 -4.922143604527602896e-11 4.324970295612557361e-11 8.699586413774538589e-11 4.325990427322613533e-11 6.405172139166199967e-11 2.175205470563971689e-11 -8.421240383672700730e-12 -2.403822718809516114e-12 -2.619203168967860712e-11 -1.477131372499577617e-11 -3.173311173164342562e-11 -2.497862285140924967e-11 -2.656711100239726438e-11 -8.020502845894783029e-12 1.669250004951388623e-12 1.092113751103698390e-11 2.009855345020094652e-12 6.960966679540653758e-12 1.635809467565713855e-11 1.019926863966438637e-12 -6.939022777415454265e-12 -6.222994327753638614e-12
2.294695754718331309e-10 1.466225299624798281e-09 7.276971135993982966e-11 1.643559764726069986e-10 2.624249996117991636e-11 1.171822048579822614e-11 -4.412360914150401940e-13 6.346803085501843592e-12 2.279021478833621217e-12 6.644977689084736390e-12 1.744376741646904019e-11 -3.376817977889717692e-12 1.564364632874690299e-11 1.548825611227243068e-11 -3.185433651051088646e-12 -7.066911686050220564e-12 -1.009357056091897199e-11 -7.719353061622540267e-12 -3.082366886065768724e-12 1.298161226847945413e-11 -8.263903675085550396e-14 -9.963888166623297056e-12 -1.482866020896754667e-11 -6.760389463265227014e-12 1.721053166904440736e-12 3.787838168687713256e-13
8.074481030294588956e-13 7.276971135993982966e-11 9.735667103776348384e-10 1.113946058205795222e-10 4.724028440211408547e-11 3.682173203476800381e-11 -1.154176859576083144e-11 -1.705087212688900955e-11 1.874478308182603717e-11 -2.825458961249175753e-13 -5.028897201307520626e-12 1.325737531704348088e-12 -6.745103701395551155e-13 -1.526590363538900346e-12 -1.218613577168607213e-11 5.082661860249310153e-12 1.362660797726800633e-11 1.305989797392673049e-12 7.303896707135619151e-12 -4.780406200071377096e-12 -5.726925557046648210e-12 -5.768491131632213420e-12 -4.731553957922806010e-12 -1.313074995844061270e-12 -3.297264765469312585e-12 -4.216465210824610059e-12
-1.198707554708899846e-10 1.643559764726069986e-10 1.113946058205795222e-10 6.986667502770686188e-10 7.021443123644876011e-12 3.751106120662377820e-11 2.581461733653199451e-11 -1.161742118536845640e-11 4.015729394146171599e-12 2.467523637767698235e-11 8.942495533229334516e-12 3.580454086727360895e-12 2.840965833643489892e-12 1.630974067919565345e-11 -2.147349393827479911e-12 8.490292378102438956e-12 3.694656553813302986e-12 1.449443068755950496e-12 5.167892680633940111e-12 7.634338774550882995e-12 5.022163460770003910e-12 -6.972895956301159781e-12 3.118386146609874377e-12 3.933786334641880805e-12 6.379384158057350462e-12 5.771836714737117128e-12
-4.922143604527602896e-11 2.624249996117991636e-11 4.724028440211408547e-11 7.021443123644876011e-12 3.669815724495153921e-10 5.228379735276028465e-11 1.700933772488096293e-11 4.376965067289727516e-11 6.021601262074123589e-12 -7.100045304524141108e-13 -4.482320433076898131e-12 -1.915760370543088460e-11 -4.793979228137669025e-12 -4.095574788513302736e-12 2.393725525050474154e-12 1.987787998529161811e-12 2.911469312545587749e-12 9.275628319452160995e-12 9.608694079577445707e-12 4.662811071606700569e-12 -1.974322981784768547e-12 -9.561251937333133462e-13 1.785320538864493609e-13 1.363950344386759895e-12 -4.872490286444383380e-13 -1.956394991566308374e-12
4.324970295612557361e-11 1.171822048579822614e-11 3.682173203476800381e-11 3.751106120662377820e-11 5.228379735276028465e-11 3.618132089580822088e-10 2.380204585996809625e-11 1.280524147537978345e-11 -3.596304869481086416e-12 -6.068106704606491882e-13 -5.023328580797854870e-13 5.960022135156295114e-12 1.298510680761958023e-11 -5.184524338626947843e-12 7.141080768714109268e-12 4.111713721048883689e-14 -3.441284511118503196e-12 8.618401447591438615e-13 7.705955533298161860e-12 -6.328726551155198783e-12 -5.600459237161864189e-12 3.440368388956825597e-13 -4.353410904467366856e-12 -3.243795489934494922e-12 3.020430141073832992e-14 1.215524911943538742e-12
8.699586413774538589e-11 -4.412360914150401940e-13 -1.154176859576083144e-11 2.581461733653199451e-11 1.700933772488096293e-11 2.380204585996809625e-11 2.174510040281729386e-10 2.017998029814164503e-11 1.606975331199008531e-11 9.334034538145294336e-12 6.831081549059824916e-12 -2.819476269995133494e-12 -9.479566606085867682e-12 -5.189133350025545703e-12 -3.317519129134075919e-12 -6.426480562472727494e-12 -7.502778426105292997e-12 -1.102736307418545826e-11 -4.984057788287015910e-12 -4.525407363729619220e-12 -7.536050253748440967e-13 -3.518618519883568189e-12 -1.287458691997119769e-12 1.504320701595662296e-12 5.225195049211588188e-12 3.082520825114759746e-12
4.325990427322613533e-11 6.346803085501843592e-12 -1.705087212688900955e-11 -1.161742118536845640e-11 4.376965067289727516e-11 1.280524147537978345e-11 2.017998029814164503e-11 1.688619269224581312e-10 3.915544863675770915e-11 4.844113982322656275e-12 2.941278371713382048e-12 -2.612336342345901162e-12 -5.588966956713877701e-13 -8.176784315191371756e-12 -5.125901903047939712e-12 -7.313877343908182352e-12 -8.877854656487270623e-12 -1.708757548451848766e-12 6.009645049136324804e-12 3.981416014834537073e-12 -5.006309360881709117e-13 1.819151287774360132e-12 7.831980474362005638e-13 4.771594580995078411e-12 8.118524404656254739e-13 -3.066417513605814415e-12
6.405172139166199967e-11 2.279021478833621217e-12 1.874478308182603717e-11 4.015729394146171599e-12 6.021601262074123589e-12 -3.596304869481086416e-12 1.606975331199008531e-11 3.915544863675770915e-11 1.170099132394361782e-10 3.532202232413120581e-11 1.639684144549189501e-11 5.482677767822226414e-12 1.746466553321648517e-12 1.590751472008259487e-12 1.274727394095928984e-12 4.649500570562705581e-13 -1.956591903344719481e-12 1.101817466192493858e-12 -1.100100598621241250e-12 -6.598904408045544156e-13 2.733359698630978025e-13 3.961578603862242967e-12 5.654746780398413795e-12 2.589309526075104705e-12 2.083944059724193129e-12 -6.866779386397269287e-13
2.175205470563971689e-11 6.644977689084736390e-12 -2.825458961249175753e-13 2.467523637767698235e-11 -7.100045304524141108e-13 -6.068106704606491882e-13 9.334034538145294336e-12 4.844113982322656275e-12 3.532202232413120581e-11 8.399289991338357151e-11 1.486713630263817693e-11 2.109959402051522712e-12 1.521769469582635222e-12 3.345806481775395445e-12 2.738925676922958493e-12 4.976753951442705206e-12 -1.008597477312277097e-12 2.359795411610145390e-12 1.938197630266771852e-12 3.635304095467270380e-12 2.287663676765389290e-12 1.925657770358809564e-13 5.536877862352966535e-13 4.151138610551547216e-13 5.790017464573039369e-13 -2.566931199371798466e-12
-8.421240383672700730e-12 1.744376741646904019e-11 -5.028897201307520626e-12 8.942495533229334516e-12 -4.482320433076898131e-12 -5.023328580797854870e-13 6.831081549059824916e-12 2.941278371713382048e-12 1.639684144549189501e-11 1.486713630263817693e-11 5.664701366956497290e-11 1.554117066551290086e-11 8.865717573488506483e-12 9.624003472417023296e-12 6.900769860047914970e-12 5.864907802040380567e-12 -1.798066988450170726e-12 -3.000273655932205113e-12 -5.269005730992782314e-13 5.887214398659739033e-13 -5.075830764191354765e-13 -7.638946224896117870e-13 9.209250770149903426e-13 1.665622007936449080e-12 3.443331874888622738e-13 5.445881903536626285e-14
-2.403822718809516114e-12 -3.376817977889717692e-12 1.325737531704348088e-12 3.580454086727360895e-12 -1.915760370543088460e-11 5.960022135156295114e-12 -2.819476269995133494e-12 -2.612336342345901162e-12 5.482677767822226414e-12 2.109959402051522712e-12 1.554117066551290086e-11 4.481639328252622530e-11 1.504688903624191662e-11 1.289740015145403492e-12 4.063339553255867380e-12 3.676266384092231537e-12 -7.979565823303109160e-13 -1.636240988971033553e-12 -1.806099419276300749e-12 1.582982563465341283e-13 -1.149691944299232814e-13 -1.384504698383106355e-12 9.172088552372478315e-13 -3.836077973091386649e-13 1.542930469316075113e-12 1.289765870857454762e-12
-2.619203168967860712e-11 1.564364632874690299e-11 -6.745103701395551155e-13 2.840965833643489892e-12 -4.793979228137669025e-12 1.298510680761958023e-11 -9.479566606085867682e-12 -5.588966956713877701e-13 1.746466553321648517e-12 1.521769469582635222e-12 8.865717573488506483e-12 1.504688903624191662e-11 4.106373006004487220e-11 1.413929449011923933e-11 8.916163081372794122e-12 7.890515429795236260e-12 1.276599999323692035e-12 9.765308574669884358e-13 4.714853416399034361e-13 -1.488810488805253871e-13 -2.252122766443311626e-13 1.971314636063306688e-12 3.430178544876044440e-12 1.928140916096558305e-12 1.480531621937271171e-12 9.149931792078860897e-13
-1.477131372499577617e-11 1.548825611227243068e-11 -1.526590363538900346e-12 1.630974067919565345e-11 -4.095574788513302736e-12 -5.184524338626947843e-12 -5.189133350025545703e-12 -8.176784315191371756e-12 1.590751472008259487e-12 3.345806481775395445e-12 9.624003472417023296e-12 1.289740015145403492e-12 1.413929449011923933e-11 3.436817439373937960e-11 1.294371393752963778e-11 9.961158513678420450e-12 5.826844851784176289e-12 4.356102245488526722e-12 3.797628275039480970e-12 9.849872694824099330e-13 4.754329839728106204e-13 -2.029154163753216036e-14 -5.537407937214544055e-14 -9.352794639990105284e-13 -1.713751225255505250e-12 1.140242720372871564e-12
-3.173311173164342562e-11 -3.185433651051088646e-12 -1.218613577168607213e-11 -2.147349393827479911e-12 2.393725525050474154e-12 7.141080768714109268e-12 -3.317519129134075919e-12 -5.125901903047939712e-12 1.274727394095928984e-12 2.738925676922958493e-12 6.900769860047914970e-12 4.063339553255867380e-12 8.916163081372794122e-12 1.294371393752963778e-11 2.951889647349027477e-11 1.199688288518117820e-11 7.545594247968082919e-12 4.874987248647974136e-12 3.479303759475721131e-12 1.709650403615621320e-12 1.874593244323200265e-12 8.150038243283735163e-13 -1.578213217300554432e-12 -6.787717082853915135e-13 -6.580735979132519202e-13 1.408739345341919932e-12
-2.497862285140924967e-11 -7.066911686050220564e-12 5.082661860249310153e-12 8.490292378102438956e-12 1.987787998529161811e-12 4.111713721048883689e-14 -6.426480562472727494e-12 -7.313877343908182352e-12 4.649500570562705581e-13 4.976753951442705206e-12 5.864907802040380567e-12 3.676266384092231537e-12 7.890515429795236260e-12 9.961158513678420450e-12 1.199688288518117820e-11 2.361053284081539239e-11 1.250667471485545653e-11 9.176996107121067378e-12 4.476796316838653957e-12 2.307799335129775289e-12 1.393676374449436887e-12 -2.034431591004179618e-14 1.608881914087642828e-13 8.889379839879567130e-13 -1.953942023145804642e-13 1.527642140148670049e-12
-2.656711100239726438e-11 -1.009357056091897199e-11 1.362660797726800633e-11 3.694656553813302986e-12 2.911469312545587749e-12 -3.441284511118503196e-12 -7.502778426105292997e-12 -8.877854656487270623e-12 -1.956591903344719481e-12 -1.008597477312277097e-12 -1.798066988450170726e-12 -7.979565823303109160e-13 1.276599999323692035e-12 5.826844851784176289e-12 7.545594247968082919e-12 1.250667471485545653e-11 2.494940242990192571e-11 1.489255520284660128e-11 6.028551427611940530e-12 3.883256070631951920e-12 2.060138620183351687e-12 1.620048223402508385e-12 4.913019519983714768e-13 -1.221008142814502149e-12 -1.475907718516175079e-12 8.289531775745239583e-13
-8.020502845894783029e-12 -7.719353061622540267e-12 1.305989797392673049e-12 1.449443068755950496e-12 9.275628319452160995e-12 8.618401447591438615e-13 -1.102736307418545826e-11 -1.708757548451848766e-12 1.101817466192493858e-12 2.359795411610145390e-12 -3.000273655932205113e-12 -1.636240988971033553e-12 9.765308574669884358e-13 4.356102245488526722e-12 4.874987248647974136e-12 9.176996107121067378e-12 1.489255520284660128e-11 2.151505501457692466e-11 1.033395422668068764e-11 4.038159855587010245e-12 2.538831736195467300e-12 2.210020714084878776e-12 1.698917424174429242e-12 1.094091417177595942e-12 -5.093209027449439421e-13 2.159567732021248591e-13
1.669250004951388623e-12 -3.082366886065768724e-12 7.303896707135619151e-12 5.167892680633940111e-12 9.608694079577445707e-12 7.705955533298161860e-12 -4.984057788287015910e-12 6.009645049136324804e-12 -1.100100598621241250e-12 1.938197630266771852e-12 -5.269005730992782314e-13 -1.806099419276300749e-12 4.714853416399034361e-13 3.797628275039480970e-12 3.479303759475721131e-12 4.476796316838653957e-12 6.028551427611940530e-12 1.033395422668068764e-11 1.868555951379723480e-11 8.811198386693072929e-12 3.122395692314910544e-12 1.483560478971672434e-12 1.365625358012006638e-12 7.639736406781795814e-13 -1.574260415458367471e-12 -1.113167062428592374e-12
1.092113751103698390e-11 1.298161226847945413e-11 -4.780406200071377096e-12 7.634338774550882995e-12 4.662811071606700569e-12 -6.328726551155198783e-12 -4.525407363729619220e-12 3.981416014834537073e-12 -6.598904408045544156e-13 3.635304095467270380e-12 5.887214398659739033e-13 1.582982563465341283e-13 -1.488810488805253871e-13 9.849872694824099330e-13 1.709650403615621320e-12 2.307799335129775289e-12 3.883256070631951920e-12 4.038159855587010245e-12 8.811198386693072929e-12 1.843536338436524140e-11 8.359072729628225173e-12 3.365917108705687199e-12 2.075595318104375520e-12 1.365219420758820619e-12 -5.026402242503696858e-13 -1.135832340328380884e-12
2.009855345020094652e-12 -8.263903675085550396e-14 -5.726925557046648210e-12 5.022163460770003910e-12 -1.974322981784768547e-12 -5.600459237161864189e-12 -7.536050253748440967e-13 -5.006309360881709117e-13 2.733359698630978025e-13 2.287663676765389290e-12 -5.075830764191354765e-13 -1.149691944299232814e-13 -2.252122766443311626e-13 4.754329839728106204e-13 1.874593244323200265e-12 1.393676374449436887e-12 2.060138620183351687e-12 2.538831736195467300e-12 3.122395692314910544e-12 8.359072729628225173e-12 1.555662095547658366e-11 6.939429400967500115e-12 3.338224738035478071e-12 4.076200624112444589e-13 -2.521257002059513105e-13 -2.122533831443988631e-13
6.960966679540653758e-12 -9.963888166623297056e-12 -5.768491131632213420e-12 -6.972895956301159781e-12 -9.561251937333133462e-13 3.440368388956825597e-13 -3.518618519883568189e-12 1.819151287774360132e-12 3.961578603862242967e-12 1.925657770358809564e-13 -7.638946224896117870e-13 -1.384504698383106355e-12 1.971314636063306688e-12 -2.029154163753216036e-14 8.150038243283735163e-13 -2.034431591004179618e-14 1.620048223402508385e-12 2.210020714084878776e-12 1.483560478971672434e-12 3.365917108705687199e-12 6.939429400967500115e-12 1.565560664581147995e-11 7.897861587879831140e-12 1.233887594492297594e-12 -3.491311073741306069e-13 8.560792621732424553e-13
1.635809467565713855e-11 -1.482866020896754667e-11 -4.731553957922806010e-12 3.118386146609874377e-12 1.785320538864493609e-13 -4.353410904467366856e-12 -1.287458691997119769e-12 7.831980474362005638e-13 5.654746780398413795e-12 5.536877862352966535e-13 9.209250770149903426e-13 9.172088552372478315e-13 3.430178544876044440e-12 -5.537407937214544055e-14 -1.578213217300554432e-12 1.608881914087642828e-13 4.913019519983714768e-13 1.698917424174429242e-12 1.365625358012006638e-12 2.075595318104375520e-12 3.338224738035478071e-12 7.897861587879831140e-12 1.274461525291630397e-11 4.098961525377287060e-12 9.577121581217691684e-13 9.581521062612742898e-13
1.019926863966438637e-12 -6.760389463265227014e-12 -1.313074995844061270e-12 3.933786334641880805e-12 1.363950344386759895e-12 -3.243795489934494922e-12 1.504320701595662296e-12 4.771594580995078411e-12 2.589309526075104705e-12 4.151138610551547216e-13 1.665622007936449080e-12 -3.836077973091386649e-13 1.928140916096558305e-12 -9.352794639990105284e-13 -6.787717082853915135e-13 8.889379839879567130e-13 -1.221008142814502149e-12 1.094091417177595942e-12 7.639736406781795814e-13 1.365219420758820619e-12 4.076200624112444589e-13 1.233887594492297594e-12 4.098961525377287060e-12 7.604317510821714183e-12 2.715473477962323127e-12 7.770933703529830295e-13
-6.939022777415454265e-12 1.721053166904440736e-12 -3.297264765469312585e-12 6.379384158057350462e-12 -4.872490286444383380e-13 3.020430141073832992e-14 5.225195049211588188e-12 8.118524404656254739e-13 2.083944059724193129e-12 5.790017464573039369e-13 3.443331874888622738e-13 1.542930469316075113e-12 1.480531621937271171e-12 -1.713751225255505250e-12 -6.580735979132519202e-13 -1.953942023145804642e-13 -1.475907718516175079e-12 -5.093209027449439421e-13 -1.574260415458367471e-12 -5.026402242503696858e-13 -2.521257002059513105e-13 -3.491311073741306069e-13 9.577121581217691684e-13 2.715473477962323127e-12 7.004725456650566032e-12 1.756746921620616215e-12
-6.222994327753638614e-12 3.787838168687713256e-13 -4.216465210824610059e-12 5.771836714737117128e-12 -1.956394991566308374e-12 1.215524911943538742e-12 3.082520825114759746e-12 -3.066417513605814415e-12 -6.866779386397269287e-13 -2.566931199371798466e-12 5.445881903536626285e-14 1.289765870857454762e-12 9.149931792078860897e-13 1.140242720372871564e-12 1.408739345341919932e-12 1.527642140148670049e-12 8.289531775745239583e-13 2.159567732021248591e-13 -1.113167062428592374e-12 -1.135832340328380884e-12 -2.122533831443988631e-13 8.560792621732424553e-13 9.581521062612742898e-13 7.770933703529830295e-13 1.756746921620616215e-12 5.261003543138052878e-12
