2.025791765620149088e-09 1.315671010642863233e-10 1.165377494933550275e-10 5.823868501273977783e-11 1.236016852904023577e-10 -3.267004659321598461e-11 -2.216994172547560354e-11 -4.342767207587807006e-12 6.881662022200132102e-12 3.222609759896596366e-11 -6.824321348657337553e-13 -7.517192504079023117e-12 -5.794593711734945551e-12 -1.210414513049085549e-11 -2.785073835792953025e-12 -4.097280979804170328e-12 -1.748218233394165063e-11 -1.176875268815490677e-12 -1.041629077314123295e-11 -5.073110391030107769e-13 1.046444882634012189e-11 1.219849964969595253e-12 4.279761846867816178e-12 9.424072832780815327e-13 -4.434647890757700071e-12 -4.074220028141819370e-12
1.315671010642863233e-10 1.522434073923623515e-09 -9.990187718820303446e-12 -2.851839950389160594e-11 4.108044575938117395e-11 -7.902829286781963763e-12 2.759841926124827402e-11 -1.366078325873492643e-11 -2.835637262652146481e-11 -6.646647243392246385e-12 1.454623615114259595e-11 -1.180423203351220391e-11 -2.682052655334416787e-11 -1.879016602448011560e-11 -3.175870172248600562e-11 -1.230939867549537948e-11 -1.697707523902540614e-11 -1.024040481239702148e-11 -2.090944440913970713e-11 -3.317825780592548931e-12 -5.719013939306977395e-12 -7.055316111427584215e-12 1.145292282893653118e-11 -4.910781498076825534e-12 -7.512730068964103541e-12 -1.468812476721504717e-12
1.165377494933550275e-10 -9.990187718820303446e-12 9.729317122188123560e-10 3.055902413504422187e-11 3.034717184164294064e-11 -5.077889004690552577e-11 1.686481131800659976e-11 1.022885505875302780e-11 -1.562237863147911423e-11 1.515074461281662475e-11 2.391977397228838184e-11 8.550343705009932685e-12 1.400965233667252568e-11 -1.687033425505963409e-11 5.386491521131502532e-12 -1.036465564187513263e-12 1.068012776141648021e-11 7.155725880759400804e-12 2.582942978309426037e-12 -6.492706120531523371e-12 -2.477982359171932166e-12 -7.222713895571165804e-12 -7.585718463166760518e-12 -2.002316018429708052e-12 -2.516215054909564449e-12 -5.791004360191283533e-12
5.823868501273977783e-11 -2.851839950389160594e-11 3.055902413504422187e-11 5.668936732131873341e-10 3.685337433359995387e-11 5.935890715530947356e-13 9.268408799811640109e-12 1.224276924346005998e-11 -1.464899326645792274e-11 1.126022219173266169e-11 -1.832333546413086772e-11 1.466891735539205088e-11 -1.030428340587045732e-11 -3.950732733191870537e-12 6.301266934975377842e-12 1.557894379930533997e-11 3.589956426366136178e-12 3.794170534756128499e-12 2.643064791670110076e-12 1.043854108886620418e-12 -1.745164090263402565e-12 8.164659871630400809e-14 -1.346478781422708120e-12 1.919349850976166635e-12 -5.237973609242634854e-13 -2.527021864492954901e-12
1.236016852904023577e-10 4.108044575938117395e-11 3.034717184164294064e-11 3.685337433359995387e-11 4.456703350654222480e-10 2.991962500284947096e-11 -5.550198445270220266e-12 1.987898659720384837e-11 1.370768633535820284e-11 2.429446098176534384e-11 1.238836786043412251e-11 1.501856989320343034e-11 5.962469184702635589e-12 1.028124636865602267e-11 -1.576699240335581047e-13 -1.988132607330454613e-12 5.931157838979969001e-12 -5.891838649238287919e-12 -8.119543237606769110e-13 2.874841445555946638e-12 4.048867984798648185e-12 1.521051111678598244e-12 -8.924964989163599325e-14 5.482156811673572166e-12 2.232468715832418006e-12 3.855956290743418740e-12
-3.267004659321598461e-11 -7.902829286781963763e-12 -5.077889004690552577e-11 5.935890715530947356e-13 2.991962500284947096e-11 2.623023352305851507e-10 4.573201905144561516e-11 1.052403132535368868e-11 1.760045045955072353e-11 1.488799770682602635e-12 1.393264873981148361e-11 2.907747978406597997e-12 -8.816084207407980497e-12 6.712260747857353358e-12 1.641963423311064969e-12 -5.481166895875502969e-12 2.197364895256631975e-12 -3.526436235868371212e-12 -3.658587269969855429e-12 -3.034228497677986516e-12 -1.710259821798934748e-12 -1.018317671075808592e-13 1.887912351222545403e-12 6.169988569496718545e-13 -4.157436073089214259e-12 1.950051867976096528e-13
-2.216994172547560354e-11 2.759841926124827402e-11 1.686481131800659976e-11 9.268408799811640109e-12 -5.550198445270220266e-12 4.573201905144561516e-11 2.071313431334255700e-10 1.931513337525433890e-11 1.860709725104365695e-11 6.156143266891932350e-12 7.002736945196054852e-12 9.549031250407675712e-12 1.404100250277881419e-11 9.749377444048792080e-12 4.366733857784302824e-12 1.558420685377907044e-12 3.575627814039214828e-12 7.132473581019769188e-14 -5.201783940856007380e-12 -6.254237598601624561e-13 -3.531980658773841884e-13 -1.272604891614731746e-13 -1.269087343941406967e-12 2.107752912383979685e-12 6.592791109000282090e-13 2.352043047598910349e-13
-4.342767207587807006e-12 -1.366078325873492643e-11 1.022885505875302780e-11 1.224276924346005998e-11 1.987898659720384837e-11 1.052403132535368868e-11 1.931513337525433890e-11 1.278348298190126712e-10 2.018848771488146029e-11 1.850228520759701574e-11 3.466870203680105809e-12 4.164735627954018863e-12 4.781369604826328287e-12 6.130625235894364254e-12 5.763710484316511971e-12 -8.589580742171741273e-13 4.494328926698020126e-12 2.620380621991569705e-12 -5.817877006527541243e-13 -3.293157696010942055e-12 -3.980177775004770463e-12 -5.300703315909338910e-13 -2.111905921297492429e-12 5.840154070000820109e-13 -6.397817668349702909e-13 -1.069671374270164582e-12
6.881662022200132102e-12 -2.835637262652146481e-11 -1.562237863147911423e-11 -1.464899326645792274e-11 1.370768633535820284e-11 1.760045045955072353e-11 1.860709725104365695e-11 2.018848771488146029e-11 1.018776526416709521e-10 2.968949171996294135e-11 8.149444055336804092e-12 5.935994045235008662e-12 -2.397421326832657072e-12 -2.858682348219636041e-13 -1.266002964012804643e-12 -5.278282132629297237e-12 -6.886379276042051653e-12 -5.607402144292756036e-12 4.063010861542365335e-13 -6.530562507394419146e-13 1.804365882771185510e-12 7.494495429874235277e-13 -2.228443601425582174e-12 -9.157912971664912180e-13 4.487765888621538488e-13 8.189024021569310494e-13
3.222609759896596366e-11 -6.646647243392246385e-12 1.515074461281662475e-11 1.126022219173266169e-11 2.429446098176534384e-11 1.488799770682602635e-12 6.156143266891932350e-12 1.850228520759701574e-11 2.968949171996294135e-11 7.367128791143304446e-11 1.556812006208866924e-11 1.464453821830772020e-11 5.028638347950912189e-12 2.944310963674434661e-12 6.247700350157495436e-12 -5.633819086935095618e-13 -1.108449069608315052e-12 5.598836735445723138e-13 3.042440994789873141e-12 8.092386083420878945e-13 -2.644907055242694350e-12 -1.182076751166950390e-12 -3.373204797456351307e-13 -1.382004408215414949e-12 -7.062234193082365974e-13 1.291419493575154117e-13
-6.824321348657337553e-13 1.454623615114259595e-11 2.391977397228838184e-11 -1.832333546413086772e-11 1.238836786043412251e-11 1.393264873981148361e-11 7.002736945196054852e-12 3.466870203680105809e-12 8.149444055336804092e-12 1.556812006208866924e-11 5.652497323427396115e-11 2.057262284548726454e-11 8.092955554909344134e-12 5.258112112511015988e-12 1.837487556617877755e-12 -1.966338988190583631e-12 -5.234503694571258953e-13 -1.568626573007319272e-12 -3.497349388167358541e-12 -1.453604898512969766e-12 -3.109372852744319243e-13 -6.379327858093268209e-13 1.073938061594053111e-12 1.053666351551924929e-12 -6.003510187154101219e-13 1.079710406213424605e-12
-7.517192504079023117e-12 -1.180423203351220391e-11 8.550343705009932685e-12 1.466891735539205088e-11 1.501856989320343034e-11 2.907747978406597997e-12 9.549031250407675712e-12 4.164735627954018863e-12 5.935994045235008662e-12 1.464453821830772020e-11 2.057262284548726454e-11 4.027210939057369834e-11 1.454784340743344230e-11 7.781168896576359852e-12 2.494902836677110209e-12 1.517527256578222206e-12 -8.635600564272181350e-13 -1.339205932694219766e-12 -1.623694624111664735e-12 9.335936687476852279e-13 -5.220328924665109403e-13 4.103102531079577168e-13 2.867779538442660014e-13 5.846290429598970690e-13 5.249775096367192862e-13 -1.723383767691566141e-13
-5.794593711734945551e-12 -2.682052655334416787e-11 1.400965233667252568e-11 -1.030428340587045732e-11 5.962469184702635589e-12 -8.816084207407980497e-12 1.404100250277881419e-11 4.781369604826328287e-12 -2.397421326832657072e-12 5.028638347950912189e-12 8.092955554909344134e-12 1.454784340743344230e-11 3.735030011957766646e-11 1.497440399326395846e-11 8.006602590664972871e-12 2.916264748909339998e-12 1.768629924365874239e-12 1.977842500202510021e-12 7.086775921462535949e-14 5.416413043120595606e-13 1.064504370503595288e-12 -8.119437883100352314e-13 -5.879229778018925551e-13 -2.606975636012993479e-13 6.879909454420463291e-13 3.050653872801841684e-13
-1.210414513049085549e-11 -1.879016602448011560e-11 -1.687033425505963409e-11 -3.950732733191870537e-12 1.028124636865602267e-11 6.712260747857353358e-12 9.749377444048792080e-12 6.130625235894364254e-12 -2.858682348219636041e-13 2.944310963674434661e-12 5.258112112511015988e-12 7.781168896576359852e-12 1.497440399326395846e-11 3.007482063743366121e-11 1.221830427752982062e-11 5.412678558972467571e-12 2.764405053927995075e-12 2.007270784421433930e-12 -1.209030248696150796e-12 8.184046377838537901e-13 1.704774762977464096e-12 4.338509941158002113e-13 -9.037301403645921005e-13 2.568578962638068030e-13 7.688081679761734314e-13 7.861194977696791352e-13
-2.785073835792953025e-12 -3.175870172248600562e-11 5.386491521131502532e-12 6.301266934975377842e-12 -1.576699240335581047e-13 1.641963423311064969e-12 4.366733857784302824e-12 5.763710484316511971e-12 -1.266002964012804643e-12 6.247700350157495436e-12 1.837487556617877755e-12 2.494902836677110209e-12 8.006602590664972871e-12 1.221830427752982062e-11 2.326113719774648817e-11 1.006947996402498380e-11 5.043813103043415037e-12 4.824990558160951338e-12 2.499315949364052379e-12 -5.786879402675009137e-13 -1.576569651930371580e-12 -2.084225282258972584e-13 1.056509158199925774e-13 7.493353316066436333e-13 6.876222597444711904e-13 2.505804407749527196e-13
-4.097280979804170328e-12 -1.230939867549537948e-11 -1.036465564187513263e-12 1.557894379930533997e-11 -1.988132607330454613e-12 -5.481166895875502969e-12 1.558420685377907044e-12 -8.589580742171741273e-13 -5.278282132629297237e-12 -5.633819086935095618e-13 -1.966338988190583631e-12 1.517527256578222206e-12 2.916264748909339998e-12 5.412678558972467571e-12 1.006947996402498380e-11 1.856719076607936905e-11 6.692938455538077466e-12 2.923524517847663920e-12 1.002950391968979478e-12 -6.200368115633145171e-13 -1.740764743854716964e-12 8.146122011393602692e-13 -7.556804524933554898e-14 3.737514233850816308e-13 1.581157030684122989e-13 -3.924675032834726545e-13
-1.748218233394165063e-11 -1.697707523902540614e-11 1.068012776141648021e-11 3.589956426366136178e-12 5.931157838979969001e-12 2.197364895256631975e-12 3.575627814039214828e-12 4.494328926698020126e-12 -6.886379276042051653e-12 -1.108449069608315052e-12 -5.234503694571258953e-13 -8.635600564272181350e-13 1.768629924365874239e-12 2.764405053927995075e-12 5.043813103043415037e-12 6.692938455538077466e-12 1.612767551790193574e-11 6.569508762921391206e-12 1.852924280503361245e-12 2.958646149096717881e-13 -6.125916035519524583e-13 5.934888291560950310e-13 -5.494157350510396663e-13 5.170409195081656573e-14 2.268491687051446495e-13 -1.142527038154902161e-13
-1.176875268815490677e-12 -1.024040481239702148e-11 7.155725880759400804e-12 3.794170534756128499e-12 -5.891838649238287919e-12 -3.526436235868371212e-12 7.132473581019769188e-14 2.620380621991569705e-12 -5.607402144292756036e-12 5.598836735445723138e-13 -1.568626573007319272e-12 -1.339205932694219766e-12 1.977842500202510021e-12 2.007270784421433930e-12 4.824990558160951338e-12 2.923524517847663920e-12 6.569508762921391206e-12 1.467938210839313995e-11 5.562430707130309561e-12 1.302811385115835428e-12 4.475494367660459088e-13 -1.177397881856634996e-13 -2.190916161288255451e-13 3.735229994079476706e-13 5.405559141822066106e-13 1.768555070654788421e-14
-1.041629077314123295e-11 -2.090944440913970713e-11 2.582942978309426037e-12 2.643064791670110076e-12 -8.119543237606769110e-13 -3.658587269969855429e-12 -5.201783940856007380e-12 -5.817877006527541243e-13 4.063010861542365335e-13 3.042440994789873141e-12 -3.497349388167358541e-12 -1.623694624111664735e-12 7.086775921462535949e-14 -1.209030248696150796e-12 2.499315949364052379e-12 1.002950391968979478e-12 1.852924280503361245e-12 5.562430707130309561e-12 1.346493396901250840e-11 3.644036000455690087e-12 3.393154428647370179e-13 -8.491586430215669137e-14 1.576239613643266131e-13 -1.267733085323137304e-13 2.291141270352564689e-13 8.017043585413993210e-14
-5.073110391030107769e-13 -3.317825780592548931e-12 -6.492706120531523371e-12 1.043854108886620418e-12 2.874841445555946638e-12 -3.034228497677986516e-12 -6.254237598601624561e-13 -3.293157696010942055e-12 -6.530562507394419146e-13 8.092386083420878945e-13 -1.453604898512969766e-12 9.335936687476852279e-13 5.416413043120595606e-13 8.184046377838537901e-13 -5.786879402675009137e-13 -6.200368115633145171e-13 2.958646149096717881e-13 1.302811385115835428e-12 3.644036000455690087e-12 9.910580842788609178e-12 4.294665589830545220e-12 1.341724450290168341e-12 2.959084357152536786e-13 -5.059860594706123600e-13 6.205891938437148815e-13 6.032025389973336734e-13
1.046444882634012189e-11 -5.719013939306977395e-12 -2.477982359171932166e-12 -1.745164090263402565e-12 4.048867984798648185e-12 -1.710259821798934748e-12 -3.531980658773841884e-13 -3.980177775004770463e-12 1.804365882771185510e-12 -2.644907055242694350e-12 -3.109372852744319243e-13 -5.220328924665109403e-13 1.064504370503595288e-12 1.704774762977464096e-12 -1.576569651930371580e-12 -1.740764743854716964e-12 -6.125916035519524583e-13 4.475494367660459088e-13 3.393154428647370179e-13 4.294665589830545220e-12 9.028786674823043167e-12 2.266953168349393522e-12 -3.140058072581246998e-13 -2.049035420791664164e-13 8.040000254261806995e-13 1.800202301893089678e-13
1.219849964969595253e-12 -7.055316111427584215e-12 -7.222713895571165804e-12 8.164659871630400809e-14 1.521051111678598244e-12 -1.018317671075808592e-13 -1.272604891614731746e-13 -5.300703315909338910e-13 7.494495429874235277e-13 -1.182076751166950390e-12 -6.379327858093268209e-13 4.103102531079577168e-13 -8.119437883100352314e-13 4.338509941158002113e-13 -2.084225282258972584e-13 8.146122011393602692e-13 5.934888291560950310e-13 -1.177397881856634996e-13 -8.491586430215669137e-14 1.341724450290168341e-12 2.266953168349393522e-12 6.306028120391053093e-12 9.296505117326545502e-13 3.412407698057433865e-13 3.002748331231209156e-13 8.114028117362094113e-14
4.279761846867816178e-12 1.145292282893653118e-11 -7.585718463166760518e-12 -1.346478781422708120e-12 -8.924964989163599325e-14 1.887912351222545403e-12 -1.269087343941406967e-12 -2.111905921297492429e-12 -2.228443601425582174e-12 -3.373204797456351307e-13 1.073938061594053111e-12 2.867779538442660014e-13 -5.879229778018925551e-13 -9.037301403645921005e-13 1.056509158199925774e-13 -7.556804524933554898e-14 -5.494157350510396663e-13 -2.190916161288255451e-13 1.576239613643266131e-13 2.959084357152536786e-13 -3.140058072581246998e-13 9.296505117326545502e-13 4.573754556764259943e-12 6.890830724423509686e-13 -1.578592522258793057e-13 -1.536311457425399393e-13
9.424072832780815327e-13 -4.910781498076825534e-12 -2.002316018429708052e-12 1.919349850976166635e-12 5.482156811673572166e-12 6.169988569496718545e-13 2.107752912383979685e-12 5.840154070000820109e-13 -9.157912971664912180e-13 -1.382004408215414949e-12 1.053666351551924929e-12 5.846290429598970690e-13 -2.606975636012993479e-13 2.568578962638068030e-13 7.493353316066436333e-13 3.737514233850816308e-13 5.170409195081656573e-14 3.735229994079476706e-13 -1.267733085323137304e-13 -5.059860594706123600e-13 -2.049035420791664164e-13 3.412407698057433865e-13 6.890830724423509686e-13 2.893673954131053864e-12 4.758715864831068250e-13 -2.781712651715171504e-13
-4.434647890757700071e-12 -7.512730068964103541e-12 -2.516215054909564449e-12 -5.237973609242634854e-13 2.232468715832418006e-12 -4.157436073089214259e-12 6.592791109000282090e-13 -6.397817668349702909e-13 4.487765888621538488e-13 -7.062234193082365974e-13 -6.003510187154101219e-13 5.249775096367192862e-13 6.879909454420463291e-13 7.688081679761734314e-13 6.876222597444711904e-13 1.581157030684122989e-13 2.268491687051446495e-13 5.405559141822066106e-13 2.291141270352564689e-13 6.205891938437148815e-13 8.040000254261806995e-13 3.002748331231209156e-13 -1.578592522258793057e-13 4.758715864831068250e-13 1.847936015981749429e-12 2.242267223109195841e-13
-4.074220028141819370e-12 -1.468812476721504717e-12 -5.791004360191283533e-12 -2.527021864492954901e-12 3.855956290743418740e-12 1.950051867976096528e-13 2.352043047598910349e-13 -1.069671374270164582e-12 8.189024021569310494e-13 1.291419493575154117e-13 1.079710406213424605e-12 -1.723383767691566141e-13 3.050653872801841684e-13 7.861194977696791352e-13 2.505804407749527196e-13 -3.924675032834726545e-13 -1.142527038154902161e-13 1.768555070654788421e-14 8.017043585413993210e-14 6.032025389973336734e-13 1.800202301893089678e-13 8.114028117362094113e-14 -1.536311457425399393e-13 -2.781712651715171504e-13 2.242267223109195841e-13 1.447277437490585372e-12
