2.288083259040178358e-09 1.804026128517682210e-10 1.711870686328531840e-11 -8.080252392802994032e-11 8.655857602365488542e-11 9.804674393171161763e-12 3.374251291944481035e-11 -1.812527380959069244e-11 -4.322626157460038142e-11 -4.259902374058248624e-12 2.540646098295368826e-12 6.030564677422251785e-12 6.083864314445257174e-11 1.301148098566613854e-11 -1.857871214858176343e-11 1.355511674053664974e-11 1.469733468090684689e-11 1.243731063899292530e-11 1.189515623044031218e-11 6.181094613419804350e-12 1.386285349724843746e-11 1.657815382419041937e-12 3.054313027435991032e-12 5.717577376809947575e-12 5.486058995812692973e-12 8.451655217745847794e-12
1.804026128517682210e-10 1.370504794783739348e-09 4.979763149379350694e-11 1.106441919577486564e-10 6.732888089845738438e-11 2.158568765527062698e-11 1.431102838419561514e-11 2.065042228500148933e-11 2.558543582933776996e-12 -6.744361963908990368e-12 -1.062800233384989802e-11 2.850890577568964601e-12 3.408180527712232760e-12 4.253095965294155337e-12 -1.630373807943301101e-11 -5.577911780206955567e-12 -8.765961566274955486e-12 -8.328899210750879069e-12 -4.441277751434553071e-12 -7.377356756985813834e-12 9.410287445188793657e-12 1.927781224982043306e-11 7.038698627153033097e-12 -1.442803798194633323e-12 2.806439400746536927e-12 -5.573739452529910217e-12
1.711870686328531840e-11 4.979763149379350694e-11 7.633201066421530309e-10 2.232237380707043019e-11 2.242735989648329152e-11 -1.808635444888233007e-11 1.077289558065347307e-11 2.318067081204065393e-12 -1.920598599649577570e-11 1.912959021726409554e-13 1.878672245325681318e-13 -9.082463259585008170e-12 -3.621097086590081055e-12 4.542419178120304069e-12 3.777152409430565487e-12 -1.418911410077497357e-11 -1.803309259399272009e-11 -1.293416384835286256e-11 -8.602556678801574823e-12 -7.006408826161584489e-12 -1.237175852804116480e-11 -1.048011156165958768e-11 -5.876354796281689095e-12 5.748373767525967802e-12 2.903286635854225539e-12 -6.654389527309068228e-12
-8.080252392802994032e-11 1.106441919577486564e-10 2.232237380707043019e-11 5.786429030820618035e-10 8.336740060365016459e-11 2.547809584922592685e-11 4.807349494045567808e-11 1.376986555821559220e-12 -2.340578132621830458e-11 -1.593671720650329758e-11 -1.097757468444422510e-11 -3.966598502719809056e-12 6.514797128821418954e-12 1.014880368145737923e-11 1.052770247244531799e-11 -1.703092759497076029e-12 1.487877267071849412e-12 2.405418564761719642e-13 -2.278657201273826948e-12 -1.276516095790406037e-12 1.626057045889197864e-12 7.509017476850484620e-12 1.015871901632492232e-11 3.997410651278729138e-13 2.741550747154124477e-12 1.750117512029620793e-12
8.655857602365488542e-11 6.732888089845738438e-11 2.242735989648329152e-11 8.336740060365016459e-11 3.970757286387656223e-10 2.815618793459872845e-11 3.155493721481924969e-12 -1.251065203097098363e-11 1.499006720067378845e-11 2.346365791856285929e-12 -3.253293414517626109e-12 1.306565199728134865e-11 8.403675145784073696e-13 3.053919105042514685e-12 -5.687799355583162664e-12 -1.216252707879848870e-12 -2.731662347201059751e-12 9.073522771559969576e-13 -5.204649622127860314e-12 -4.481980466308178099e-12 3.994211608816891812e-12 6.447495728747842767e-12 1.519967867938426178e-12 -1.777064023498357807e-12 -2.246361853348854432e-12 -1.915670854898801625e-12
9.804674393171161763e-12 2.158568765527062698e-11 -1.808635444888233007e-11 2.547809584922592685e-11 2.815618793459872845e-11 2.909088575574310043e-10 7.452551450148382525e-11 3.009576239323962851e-11 7.490406918258595572e-12 3.440652856615151489e-12 1.266867045714615047e-11 1.067850945048429122e-11 8.680603230144372981e-12 2.159065545575811634e-13 7.119181042749581959e-12 5.385492837669694738e-12 -1.521682538755987008e-12 5.933356450283540837e-12 9.554846090915709849e-12 4.363274595392995037e-12 4.925184534517124123e-12 2.544305575189141997e-12 6.365628580538738166e-12 2.558114107857363835e-12 -4.713019879536393556e-13 -1.931608860029146822e-13
3.374251291944481035e-11 1.431102838419561514e-11 1.077289558065347307e-11 4.807349494045567808e-11 3.155493721481924969e-12 7.452551450148382525e-11 2.206496386611712730e-10 4.128138598074954640e-11 1.058126421349797533e-11 9.108333147374152734e-12 3.676395917805851114e-12 6.413717604752018411e-13 2.325708470777194526e-13 -2.044040813976212357e-12 -8.671804850217440901e-12 -4.573624989366356251e-12 -5.223161959317203734e-12 3.981195314076290562e-13 -1.551910817861885364e-12 -9.227838907839797882e-13 1.212175035928562373e-12 -4.161666240396837523e-13 -2.942253154704259053e-12 -1.084605005065780190e-12 4.249628664034035399e-13 2.132851381098597609e-12
-1.812527380959069244e-11 2.065042228500148933e-11 2.318067081204065393e-12 1.376986555821559220e-12 -1.251065203097098363e-11 3.009576239323962851e-11 4.128138598074954640e-11 1.264045468410142502e-10 2.206786589109602777e-11 1.535586918887241018e-11 6.558279662024253622e-12 1.256135437195706474e-11 4.724976259559372711e-12 -2.980581512659274776e-14 -7.609189996244865998e-12 -6.458869278166585021e-12 -1.311080137885634976e-12 -3.230597735873751499e-12 -2.898759836681186580e-14 -4.054274647371808702e-13 -5.462393209024712484e-12 -2.939889904335345527e-12 2.496722896187299936e-12 -2.487183763987015944e-12 -3.030086541670551032e-12 -1.207491883390045909e-12
-4.322626157460038142e-11 2.558543582933776996e-12 -1.920598599649577570e-11 -2.340578132621830458e-11 1.499006720067378845e-11 7.490406918258595572e-12 1.058126421349797533e-11 2.206786589109602777e-11 1.129995177474765097e-10 2.085658714536112474e-11 7.067908831028359876e-12 2.194281442042069583e-12 -1.431486643185760509e-12 -2.468403082517476801e-12 3.513634742180212596e-13 -1.866402615899517738e-12 -3.580874026110320910e-12 1.380485273742778927e-13 2.154641845492020812e-12 1.662349166037235740e-12 -2.548514924531024568e-12 1.924534981011454044e-12 2.428402547859321087e-12 1.182225082334537070e-12 4.906492851340700090e-13 -7.738454219634150881e-13
-4.259902374058248624e-12 -6.744361963908990368e-12 1.912959021726409554e-13 -1.593671720650329758e-11 2.346365791856285929e-12 3.440652856615151489e-12 9.108333147374152734e-12 1.535586918887241018e-11 2.085658714536112474e-11 7.767050987761284983e-11 1.601087435686269800e-11 6.203927703476733905e-12 6.291606971059281227e-12 2.538975620613266181e-12 -1.421659530280430781e-12 -2.022656991993634509e-12 2.286866902798394579e-12 1.023328038915386096e-13 -1.836886456778754644e-12 2.529840825984991693e-12 3.015518308302668875e-13 -9.806010887181734024e-13 -3.276318364324308251e-12 -2.983113072194258652e-12 -3.141451303084496780e-12 -1.114197729837398405e-12
2.540646098295368826e-12 -1.062800233384989802e-11 1.878672245325681318e-13 -1.097757468444422510e-11 -3.253293414517626109e-12 1.266867045714615047e-11 3.676395917805851114e-12 6.558279662024253622e-12 7.067908831028359876e-12 1.601087435686269800e-11 6.087625701244810375e-11 1.723277997984191584e-11 1.172397815346522926e-11 1.087307001982795411e-11 7.344850945603880268e-12 4.608644924491744018e-12 -8.373677289637116603e-13 -6.787873299787084721e-13 1.014757177035158742e-12 -7.368470930350407699e-13 -2.997581523821513912e-12 8.869756361989410027e-14 -5.842914584736710685e-13 -3.169989380818502276e-13 -3.455421855798089425e-14 2.553229270403010997e-13
6.030564677422251785e-12 2.850890577568964601e-12 -9.082463259585008170e-12 -3.966598502719809056e-12 1.306565199728134865e-11 1.067850945048429122e-11 6.413717604752018411e-13 1.256135437195706474e-11 2.194281442042069583e-12 6.203927703476733905e-12 1.723277997984191584e-11 5.001420716784742093e-11 1.746802221156363052e-11 1.017340297853636307e-11 4.061681554060331351e-12 -1.486319054985600243e-12 -1.769593888448905973e-13 -9.599492726171381736e-13 -1.150195167791430274e-12 -1.907902687794521853e-12 1.369384818390386280e-13 1.959528413673206383e-12 4.757056529761386044e-13 1.505237762561469533e-12 -9.372334968437124740e-13 5.019443356399209756e-13
6.083864314445257174e-11 3.408180527712232760e-12 -3.621097086590081055e-12 6.514797128821418954e-12 8.403675145784073696e-13 8.680603230144372981e-12 2.325708470777194526e-13 4.724976259559372711e-12 -1.431486643185760509e-12 6.291606971059281227e-12 1.172397815346522926e-11 1.746802221156363052e-11 4.256610726444044242e-11 1.688805430297101362e-11 7.663175901096260410e-12 7.107395795265187666e-12 4.041548558308021380e-12 -5.369681351815498844e-13 1.182242500764988635e-12 -7.559971192830870698e-13 -8.101091833614467724e-13 1.543953080802008049e-12 1.933079308590688370e-12 1.616909238466722092e-12 6.259378769076777568e-14 -2.818523236593010194e-14
1.301148098566613854e-11 4.253095965294155337e-12 4.542419178120304069e-12 1.014880368145737923e-11 3.053919105042514685e-12 2.159065545575811634e-13 -2.044040813976212357e-12 -2.980581512659274776e-14 -2.468403082517476801e-12 2.538975620613266181e-12 1.087307001982795411e-11 1.017340297853636307e-11 1.688805430297101362e-11 3.109605954492168904e-11 1.605268349007515119e-11 8.284811102235775032e-12 3.556414509599417238e-12 1.237243555083734830e-12 -1.687335972350860340e-13 -1.976116340939806920e-12 1.275396413754329781e-13 9.892087873615204430e-13 -1.831860436022431346e-13 1.109506483176770797e-12 1.347850328241197919e-13 -2.381049467205370396e-13
-1.857871214858176343e-11 -1.630373807943301101e-11 3.777152409430565487e-12 1.052770247244531799e-11 -5.687799355583162664e-12 7.119181042749581959e-12 -8.671804850217440901e-12 -7.609189996244865998e-12 3.513634742180212596e-13 -1.421659530280430781e-12 7.344850945603880268e-12 4.061681554060331351e-12 7.663175901096260410e-12 1.605268349007515119e-11 3.082205470009145860e-11 1.517009254588250281e-11 6.088767191190604948e-12 2.584035549136709621e-12 8.052308806344421137e-13 3.075064731137137739e-13 1.566980163243976003e-12 2.362425826709443532e-12 2.046335856598364559e-14 1.048856347410022124e-12 -1.268575900737552977e-12 -1.978712382192839403e-12
1.355511674053664974e-11 -5.577911780206955567e-12 -1.418911410077497357e-11 -1.703092759497076029e-12 -1.216252707879848870e-12 5.385492837669694738e-12 -4.573624989366356251e-12 -6.458869278166585021e-12 -1.866402615899517738e-12 -2.022656991993634509e-12 4.608644924491744018e-12 -1.486319054985600243e-12 7.107395795265187666e-12 8.284811102235775032e-12 1.517009254588250281e-11 2.600945539760573692e-11 1.120174797899178224e-11 4.977027567105861663e-12 3.027050300232665027e-12 1.806058129504830471e-12 2.115158288304731087e-12 1.294708822281334371e-12 1.402710301124066114e-12 1.944680094795049407e-12 -8.284772027569045476e-14 -6.677287618579637704e-13
1.469733468090684689e-11 -8.765961566274955486e-12 -1.803309259399272009e-11 1.487877267071849412e-12 -2.731662347201059751e-12 -1.521682538755987008e-12 -5.223161959317203734e-12 -1.311080137885634976e-12 -3.580874026110320910e-12 2.286866902798394579e-12 -8.373677289637116603e-13 -1.769593888448905973e-13 4.041548558308021380e-12 3.556414509599417238e-12 6.088767191190604948e-12 1.120174797899178224e-11 2.128061900186389488e-11 1.009410269077134696e-11 4.792011380195793534e-12 2.368633434365256231e-12 1.802553378925917284e-12 1.258710636714219979e-12 8.322626276042010808e-13 1.459106444736979948e-12 4.452099096212139408e-13 -3.661152487476241102e-13
1.243731063899292530e-11 -8.328899210750879069e-12 -1.293416384835286256e-11 2.405418564761719642e-13 9.073522771559969576e-13 5.933356450283540837e-12 3.981195314076290562e-13 -3.230597735873751499e-12 1.380485273742778927e-13 1.023328038915386096e-13 -6.787873299787084721e-13 -9.599492726171381736e-13 -5.369681351815498844e-13 1.237243555083734830e-12 2.584035549136709621e-12 4.977027567105861663e-12 1.009410269077134696e-11 1.606472055035909993e-11 7.265463060624757088e-12 3.892871867054159605e-12 1.913688373921211450e-12 2.472630886559801236e-13 -1.652457283718247933e-13 1.464746563139100652e-12 7.602869709106966854e-13 1.849286715632914622e-13
1.189515623044031218e-11 -4.441277751434553071e-12 -8.602556678801574823e-12 -2.278657201273826948e-12 -5.204649622127860314e-12 9.554846090915709849e-12 -1.551910817861885364e-12 -2.898759836681186580e-14 2.154641845492020812e-12 -1.836886456778754644e-12 1.014757177035158742e-12 -1.150195167791430274e-12 1.182242500764988635e-12 -1.687335972350860340e-13 8.052308806344421137e-13 3.027050300232665027e-12 4.792011380195793534e-12 7.265463060624757088e-12 1.414011179872195814e-11 7.046403136302254730e-12 3.194887136281694117e-12 3.494163792844941823e-13 2.553519926887178403e-13 1.410604788808193009e-12 7.775819051176416366e-13 2.188986915805695628e-13
6.181094613419804350e-12 -7.377356756985813834e-12 -7.006408826161584489e-12 -1.276516095790406037e-12 -4.481980466308178099e-12 4.363274595392995037e-12 -9.227838907839797882e-13 -4.054274647371808702e-13 1.662349166037235740e-12 2.529840825984991693e-12 -7.368470930350407699e-13 -1.907902687794521853e-12 -7.559971192830870698e-13 -1.976116340939806920e-12 3.075064731137137739e-13 1.806058129504830471e-12 2.368633434365256231e-12 3.892871867054159605e-12 7.046403136302254730e-12 1.395218260541225801e-11 7.292119013170718741e-12 1.728430848736545655e-12 3.482199165600873497e-13 4.692497113574956342e-13 -3.249037605193712157e-13 1.322896807540628162e-13
1.386285349724843746e-11 9.410287445188793657e-12 -1.237175852804116480e-11 1.626057045889197864e-12 3.994211608816891812e-12 4.925184534517124123e-12 1.212175035928562373e-12 -5.462393209024712484e-12 -2.548514924531024568e-12 3.015518308302668875e-13 -2.997581523821513912e-12 1.369384818390386280e-13 -8.101091833614467724e-13 1.275396413754329781e-13 1.566980163243976003e-12 2.115158288304731087e-12 1.802553378925917284e-12 1.913688373921211450e-12 3.194887136281694117e-12 7.292119013170718741e-12 1.206726832944711278e-11 4.878193148749569524e-12 1.091599020470560264e-12 1.522580987355450668e-13 -1.093603371299365025e-12 -5.909051088613756256e-13
1.657815382419041937e-12 1.927781224982043306e-11 -1.048011156165958768e-11 7.509017476850484620e-12 6.447495728747842767e-12 2.544305575189141997e-12 -4.161666240396837523e-13 -2.939889904335345527e-12 1.924534981011454044e-12 -9.806010887181734024e-13 8.869756361989410027e-14 1.959528413673206383e-12 1.543953080802008049e-12 9.892087873615204430e-13 2.362425826709443532e-12 1.294708822281334371e-12 1.258710636714219979e-12 2.472630886559801236e-13 3.494163792844941823e-13 1.728430848736545655e-12 4.878193148749569524e-12 9.850931754367912797e-12 5.189798341868119287e-12 2.038123677903128396e-12 1.382098420495380813e-13 -2.669749672969101478e-13
3.054313027435991032e-12 7.038698627153033097e-12 -5.876354796281689095e-12 1.015871901632492232e-11 1.519967867938426178e-12 6.365628580538738166e-12 -2.942253154704259053e-12 2.496722896187299936e-12 2.428402547859321087e-12 -3.276318364324308251e-12 -5.842914584736710685e-13 4.757056529761386044e-13 1.933079308590688370e-12 -1.831860436022431346e-13 2.046335856598364559e-14 1.402710301124066114e-12 8.322626276042010808e-13 -1.652457283718247933e-13 2.553519926887178403e-13 3.482199165600873497e-13 1.091599020470560264e-12 5.189798341868119287e-12 9.413674889270442987e-12 3.807822870587087831e-12 9.615827291905302906e-13 7.039488973724943233e-13
5.717577376809947575e-12 -1.442803798194633323e-12 5.748373767525967802e-12 3.997410651278729138e-13 -1.777064023498357807e-12 2.558114107857363835e-12 -1.084605005065780190e-12 -2.487183763987015944e-12 1.182225082334537070e-12 -2.983113072194258652e-12 -3.169989380818502276e-13 1.505237762561469533e-12 1.616909238466722092e-12 1.109506483176770797e-12 1.048856347410022124e-12 1.944680094795049407e-12 1.459106444736979948e-12 1.464746563139100652e-12 1.410604788808193009e-12 4.692497113574956342e-13 1.522580987355450668e-13 2.038123677903128396e-12 3.807822870587087831e-12 7.578162450907515979e-12 3.746597065711656087e-12 8.346713735855352918e-13
5.486058995812692973e-12 2.806439400746536927e-12 2.903286635854225539e-12 2.741550747154124477e-12 -2.246361853348854432e-12 -4.713019879536393556e-13 4.249628664034035399e-13 -3.030086541670551032e-12 4.906492851340700090e-13 -3.141451303084496780e-12 -3.455421855798089425e-14 -9.372334968437124740e-13 6.259378769076777568e-14 1.347850328241197919e-13 -1.268575900737552977e-12 -8.284772027569045476e-14 4.452099096212139408e-13 7.602869709106966854e-13 7.775819051176416366e-13 -3.249037605193712157e-13 -1.093603371299365025e-12 1.382098420495380813e-13 9.615827291905302906e-13 3.746597065711656087e-12 6.296073491672471720e-12 1.559492748779484125e-12
8.451655217745847794e-12 -5.573739452529910217e-12 -6.654389527309068228e-12 1.750117512029620793e-12 -1.915670854898801625e-12 -1.931608860029146822e-13 2.132851381098597609e-12 -1.207491883390045909e-12 -7.738454219634150881e-13 -1.114197729837398405e-12 2.553229270403010997e-13 5.019443356399209756e-13 -2.818523236593010194e-14 -2.381049467205370396e-13 -1.978712382192839403e-12 -6.677287618579637704e-13 -3.661152487476241102e-13 1.849286715632914622e-13 2.188986915805695628e-13 1.322896807540628162e-13 -5.909051088613756256e-13 -2.669749672969101478e-13 7.039488973724943233e-13 8.346713735855352918e-13 1.559492748779484125e-12 3.787220109231139493e-12
