2.803642157562683533e-09 -2.959765162048355239e-11 -1.836110579641750951e-10 -6.383605322000220043e-13 -1.911646515648288998e-10 3.939837757528522767e-11 -2.870132385570268182e-11 -6.053165079259802571e-12 1.568686180452293059e-11 3.775305427363727024e-11 4.458723579161889633e-12 -1.065263582111753626e-11 2.278651010996270998e-11 2.211695932026240899e-11 2.402546000575331227e-11 1.318780790509070347e-11 -1.200539013878803096e-11 8.164295646024329830e-12 6.801578933969113292e-12 -1.728139311409518269e-13 -1.853744126832357824e-12 -5.801059846333522577e-12 2.913691744442743845e-12 4.605871106730258393e-12 6.501827398014652719e-12 3.120294230551278401e-12
-2.959765162048355239e-11 2.159319955613549071e-09 6.258840465443657879e-11 1.096407459485052537e-10 -4.219111639186538631e-11 3.827435816945604838e-11 -4.731177157614569216e-11 2.890726229832973480e-11 -4.914386624035307573e-12 -8.485426007303469077e-12 2.476439046930107528e-12 1.762316942665884891e-11 -6.335392143025718105e-12 1.898915666098483890e-11 6.417187958128372756e-12 1.425336080521763944e-11 -7.180252739138059739e-12 -1.692446515320121170e-12 -9.368694708995996315e-12 -2.265240612099463334e-12 -1.324023395618315759e-11 2.476664798637633142e-12 1.187954553058243238e-11 1.854921750091055437e-12 9.237066257232960774e-12 1.134669181309981038e-11
-1.836110579641750951e-10 6.258840465443657879e-11 1.500289282769848914e-09 5.887737022647656031e-11 1.082002138620302734e-10 9.217532720946285815e-11 1.014106520319565657e-11 9.021907551615389300e-12 5.302431456210662763e-11 8.825452367680447871e-12 3.484326821069098528e-11 2.369951004392647430e-11 6.646827508409821728e-12 5.841030946381941834e-12 -8.104706052230478635e-12 -9.324123199084503606e-12 1.421896520674954338e-12 1.879757130319189226e-11 -6.830191084714123574e-13 -2.795085154889034840e-12 6.621055692076282627e-12 4.662111393612402877e-12 -1.272614982789814698e-12 3.340827384280729095e-12 6.367027454864265808e-12 6.256558336073836822e-12
-6.383605322000220043e-13 1.096407459485052537e-10 5.887737022647656031e-11 1.010762569036847857e-09 -2.148110031617278168e-11 -1.648308096567256584e-11 -1.915269349644150581e-12 1.009030932808582238e-11 1.107928517095263978e-11 8.812097426006796452e-12 1.272807156976995671e-11 -3.244493947940648542e-12 -1.925612315618503901e-11 9.971751404096780202e-12 9.128448498962060731e-14 3.708177272212436576e-12 1.167650975592967022e-11 -4.533896146157579343e-12 -9.369128975700905815e-12 -1.044121285408946031e-11 -1.787913120358457735e-11 -1.154631041985216520e-12 -1.990895050146801434e-12 1.881370116438398095e-12 -7.082227310881692892e-12 4.277338478894143732e-12
-1.911646515648288998e-10 -4.219111639186538631e-11 1.082002138620302734e-10 -2.148110031617278168e-11 5.585351540532447874e-10 4.665158939392260871e-11 6.517727037209505158e-13 6.490400269436018934e-12 3.013046713451745299e-12 -2.633940793979347535e-11 -1.524654436139459334e-11 -1.629786526515145596e-11 -3.776982714558888772e-12 5.727479281890823379e-13 -8.509802138533293151e-12 -6.343729203160925322e-12 -1.086011110108728457e-12 -6.971246452151813405e-13 -1.508010661177872366e-11 -7.023527049483663982e-12 1.933728737659382274e-12 5.801526089355305915e-12 1.941438600290907723e-12 -4.570055209459745399e-12 -1.924229417919607639e-12 -1.824182508238305853e-13
3.939837757528522767e-11 3.827435816945604838e-11 9.217532720946285815e-11 -1.648308096567256584e-11 4.665158939392260871e-11 3.628243156157046352e-10 2.131085753989563433e-11 2.699005374240361172e-11 -3.630272492698416521e-13 1.698262701750997185e-12 -7.407400832815777367e-12 5.651889887347573795e-12 2.429666739375055093e-12 7.165554184501558219e-12 7.375330126932606839e-12 1.308885806459542350e-12 -9.728283017734480045e-12 4.868328628530970625e-13 -5.437697229824150206e-12 -3.182300891807810812e-12 -6.813157908537180267e-13 -5.827667055267463634e-14 6.668021945843757513e-12 1.713944180179851497e-12 -2.422513215183434977e-13 -2.872677002381268926e-12
-2.870132385570268182e-11 -4.731177157614569216e-11 1.014106520319565657e-11 -1.915269349644150581e-12 6.517727037209505158e-13 2.131085753989563433e-11 2.652721877830075210e-10 1.095206244130990371e-11 3.406254601330002968e-11 1.336060338339811573e-11 5.968509220637299540e-12 2.297368602162523493e-12 -2.127201170966778743e-12 3.179861925434664877e-12 1.464723654332761880e-12 -4.466314488078209694e-12 -6.465957679494538281e-12 -6.394740738987006890e-12 -7.714051392465901083e-12 -1.535073215254457719e-11 -1.307587998194411723e-11 8.837261220749570742e-13 2.507038306702815369e-12 2.136039736967503393e-12 -2.253927810920566696e-12 -1.147641712705775237e-12
-6.053165079259802571e-12 2.890726229832973480e-11 9.021907551615389300e-12 1.009030932808582238e-11 6.490400269436018934e-12 2.699005374240361172e-11 1.095206244130990371e-11 1.966217400176802988e-10 3.045679113939491263e-11 2.004137890329351063e-11 -2.543459152696851602e-12 5.722693018992368210e-13 -1.512861162429100304e-12 4.390312520266895096e-12 5.366652882873392647e-12 2.554385127768302896e-12 2.673058777541024547e-12 8.526080055969441368e-13 1.614393820835832480e-13 -2.965002817239885058e-12 -9.119237042224189362e-12 -3.488637525327636781e-12 1.616685045890140021e-12 1.386066678196607639e-13 -1.315479317946015357e-12 -2.124168919949901620e-12
1.568686180452293059e-11 -4.914386624035307573e-12 5.302431456210662763e-11 1.107928517095263978e-11 3.013046713451745299e-12 -3.630272492698416521e-13 3.406254601330002968e-11 3.045679113939491263e-11 1.355041427387454898e-10 2.806931447648994518e-11 1.308156660988121972e-11 -3.982089712488441569e-12 -2.523018665886836414e-12 -3.394841177777993165e-12 -1.159862825741591736e-12 8.953213800948644439e-13 -1.892313693106890453e-12 -3.640946027723468618e-12 8.813032769123456137e-13 -3.005132921767926064e-12 -9.436599329523282096e-13 2.757932037340084447e-12 -4.089858762965912707e-13 -2.873553711954791174e-12 -2.396523905961632241e-12 -2.034928776111008771e-12
3.775305427363727024e-11 -8.485426007303469077e-12 8.825452367680447871e-12 8.812097426006796452e-12 -2.633940793979347535e-11 1.698262701750997185e-12 1.336060338339811573e-11 2.004137890329351063e-11 2.806931447648994518e-11 1.014859866796981475e-10 2.549929665002422925e-11 1.048306259841455432e-11 1.764905964301663686e-12 -6.648259496485879376e-12 -1.433703715114671632e-12 3.326297845995375957e-12 1.230653319250165692e-12 1.327925653157149166e-12 1.199634680560913197e-12 1.405068451937475002e-12 -1.551278773117537187e-12 -2.452999203140471562e-13 -2.568945855016024751e-13 -1.000857875844628574e-12 -3.644563704635920907e-12 -2.117726890956331301e-12
4.458723579161889633e-12 2.476439046930107528e-12 3.484326821069098528e-11 1.272807156976995671e-11 -1.524654436139459334e-11 -7.407400832815777367e-12 5.968509220637299540e-12 -2.543459152696851602e-12 1.308156660988121972e-11 2.549929665002422925e-11 7.993450138484176940e-11 1.353374408314223076e-11 5.497360917235662357e-12 -4.047415945495903235e-12 -6.341769123277854441e-13 -6.760979588338099659e-13 -2.619671880509365138e-12 -1.781116692809194637e-12 -1.589920325565253892e-12 -1.974859047187810267e-12 -2.050494919377987092e-12 1.587917649898196321e-13 -2.442479151189797754e-12 -1.108484872597265620e-12 -1.209583910747367475e-12 -1.951499102996664324e-12
-1.065263582111753626e-11 1.762316942665884891e-11 2.369951004392647430e-11 -3.244493947940648542e-12 -1.629786526515145596e-11 5.651889887347573795e-12 2.297368602162523493e-12 5.722693018992368210e-13 -3.982089712488441569e-12 1.048306259841455432e-11 1.353374408314223076e-11 5.410206805562811992e-11 1.184421247799213269e-11 4.000579823873061133e-12 4.242970599131550413e-12 3.797224340544676473e-12 -1.114042262543601526e-12 -1.500127874633045207e-12 2.980552204863200218e-13 6.664641488276610528e-13 -4.602591250483841079e-13 -8.204393839838247877e-13 2.602072731615987637e-12 1.820362581191494547e-12 2.793544989588478657e-12 2.371082634294499470e-14
2.278651010996270998e-11 -6.335392143025718105e-12 6.646827508409821728e-12 -1.925612315618503901e-11 -3.776982714558888772e-12 2.429666739375055093e-12 -2.127201170966778743e-12 -1.512861162429100304e-12 -2.523018665886836414e-12 1.764905964301663686e-12 5.497360917235662357e-12 1.184421247799213269e-11 4.222549963498177742e-11 9.964250147369348924e-12 6.944463512152266766e-12 3.731918814988023812e-12 1.265785294284092216e-12 -9.042251501202532016e-13 -3.321738809509255957e-13 5.229165370191521731e-13 2.094154123279497320e-12 9.794073205645624728e-13 1.727679105764542778e-12 3.028954909395262633e-13 2.467965327986419847e-12 6.289641285120488732e-13
2.211695932026240899e-11 1.898915666098483890e-11 5.841030946381941834e-12 9.971751404096780202e-12 5.727479281890823379e-13 7.165554184501558219e-12 3.179861925434664877e-12 4.390312520266895096e-12 -3.394841177777993165e-12 -6.648259496485879376e-12 -4.047415945495903235e-12 4.000579823873061133e-12 9.964250147369348924e-12 3.191396905055537891e-11 1.429057587817404420e-11 5.181288558114342117e-12 3.659992968535689474e-12 -1.614569249949634502e-12 -1.612944650549905319e-12 -1.953195440024167882e-12 -2.643729079968856729e-13 1.408046479184028402e-12 2.313485231854958969e-12 2.157816040296741194e-12 2.187486059605301390e-12 7.776214899893113203e-13
2.402546000575331227e-11 6.417187958128372756e-12 -8.104706052230478635e-12 9.128448498962060731e-14 -8.509802138533293151e-12 7.375330126932606839e-12 1.464723654332761880e-12 5.366652882873392647e-12 -1.159862825741591736e-12 -1.433703715114671632e-12 -6.341769123277854441e-13 4.242970599131550413e-12 6.944463512152266766e-12 1.429057587817404420e-11 3.082010822069151690e-11 1.085477720407160746e-11 7.451200876940003590e-12 2.931990358607300273e-12 1.626993511911402556e-12 1.353358012720643426e-13 -8.406025642270183565e-13 3.797937340218271749e-13 5.426995359869822881e-14 8.700595885025028102e-13 2.443746543387830386e-12 4.161161982656071579e-13
1.318780790509070347e-11 1.425336080521763944e-11 -9.324123199084503606e-12 3.708177272212436576e-12 -6.343729203160925322e-12 1.308885806459542350e-12 -4.466314488078209694e-12 2.554385127768302896e-12 8.953213800948644439e-13 3.326297845995375957e-12 -6.760979588338099659e-13 3.797224340544676473e-12 3.731918814988023812e-12 5.181288558114342117e-12 1.085477720407160746e-11 2.150563104013782133e-11 1.151107532142805194e-11 5.815055751014682862e-12 1.441639153834202685e-12 2.248315580722233253e-12 1.343134563084764753e-12 3.763882331557897127e-13 4.116999278192409075e-13 1.449518273124668542e-12 2.239625233601345804e-12 6.073647994423912010e-13
-1.200539013878803096e-11 -7.180252739138059739e-12 1.421896520674954338e-12 1.167650975592967022e-11 -1.086011110108728457e-12 -9.728283017734480045e-12 -6.465957679494538281e-12 2.673058777541024547e-12 -1.892313693106890453e-12 1.230653319250165692e-12 -2.619671880509365138e-12 -1.114042262543601526e-12 1.265785294284092216e-12 3.659992968535689474e-12 7.451200876940003590e-12 1.151107532142805194e-11 2.268479019640939519e-11 1.142435551332891842e-11 4.156281109337655371e-12 1.578418315243101041e-12 1.589127295549356503e-12 2.068876680008644913e-12 -2.377032317032558827e-13 1.111622930895688578e-13 1.645627774754568338e-12 9.072701328879993719e-13
8.164295646024329830e-12 -1.692446515320121170e-12 1.879757130319189226e-11 -4.533896146157579343e-12 -6.971246452151813405e-13 4.868328628530970625e-13 -6.394740738987006890e-12 8.526080055969441368e-13 -3.640946027723468618e-12 1.327925653157149166e-12 -1.781116692809194637e-12 -1.500127874633045207e-12 -9.042251501202532016e-13 -1.614569249949634502e-12 2.931990358607300273e-12 5.815055751014682862e-12 1.142435551332891842e-11 2.062704925319582382e-11 9.820611485337421253e-12 4.138307975263984924e-12 3.173979203995601149e-12 1.557089999188828020e-12 4.176175382864511902e-13 3.549726508091484044e-13 3.925158646321300358e-13 1.712666636333571221e-13
6.801578933969113292e-12 -9.368694708995996315e-12 -6.830191084714123574e-13 -9.369128975700905815e-12 -1.508010661177872366e-11 -5.437697229824150206e-12 -7.714051392465901083e-12 1.614393820835832480e-13 8.813032769123456137e-13 1.199634680560913197e-12 -1.589920325565253892e-12 2.980552204863200218e-13 -3.321738809509255957e-13 -1.612944650549905319e-12 1.626993511911402556e-12 1.441639153834202685e-12 4.156281109337655371e-12 9.820611485337421253e-12 1.857620566941711247e-11 6.941148784971574905e-12 2.621136181757776102e-12 1.062759646876080126e-12 -7.510607446963390068e-13 -1.397445786801119381e-13 1.010490441214948576e-13 2.822159237502512164e-13
-1.728139311409518269e-13 -2.265240612099463334e-12 -2.795085154889034840e-12 -1.044121285408946031e-11 -7.023527049483663982e-12 -3.182300891807810812e-12 -1.535073215254457719e-11 -2.965002817239885058e-12 -3.005132921767926064e-12 1.405068451937475002e-12 -1.974859047187810267e-12 6.664641488276610528e-13 5.229165370191521731e-13 -1.953195440024167882e-12 1.353358012720643426e-13 2.248315580722233253e-12 1.578418315243101041e-12 4.138307975263984924e-12 6.941148784971574905e-12 1.702252150578870495e-11 9.063264905527550329e-12 3.486076170731488978e-12 2.376922334341548025e-13 8.491417719346146277e-13 -3.843272226901432776e-13 -1.141025967560513402e-12
-1.853744126832357824e-12 -1.324023395618315759e-11 6.621055692076282627e-12 -1.787913120358457735e-11 1.933728737659382274e-12 -6.813157908537180267e-13 -1.307587998194411723e-11 -9.119237042224189362e-12 -9.436599329523282096e-13 -1.551278773117537187e-12 -2.050494919377987092e-12 -4.602591250483841079e-13 2.094154123279497320e-12 -2.643729079968856729e-13 -8.406025642270183565e-13 1.343134563084764753e-12 1.589127295549356503e-12 3.173979203995601149e-12 2.621136181757776102e-12 9.063264905527550329e-12 1.761589046541419793e-11 6.603683542046674181e-12 1.558758437127965241e-12 9.657417624871465651e-16 -6.425002453270996863e-13 -1.216944512348639521e-12
-5.801059846333522577e-12 2.476664798637633142e-12 4.662111393612402877e-12 -1.154631041985216520e-12 5.801526089355305915e-12 -5.827667055267463634e-14 8.837261220749570742e-13 -3.488637525327636781e-12 2.757932037340084447e-12 -2.452999203140471562e-13 1.587917649898196321e-13 -8.204393839838247877e-13 9.794073205645624728e-13 1.408046479184028402e-12 3.797937340218271749e-13 3.763882331557897127e-13 2.068876680008644913e-12 1.557089999188828020e-12 1.062759646876080126e-12 3.486076170731488978e-12 6.603683542046674181e-12 1.136399760336069657e-11 3.658966149379560729e-12 6.203930159585220796e-13 -1.641613920734002191e-13 -4.719964544747607296e-13
2.913691744442743845e-12 1.187954553058243238e-11 -1.272614982789814698e-12 -1.990895050146801434e-12 1.941438600290907723e-12 6.668021945843757513e-12 2.507038306702815369e-12 1.616685045890140021e-12 -4.089858762965912707e-13 -2.568945855016024751e-13 -2.442479151189797754e-12 2.602072731615987637e-12 1.727679105764542778e-12 2.313485231854958969e-12 5.426995359869822881e-14 4.116999278192409075e-13 -2.377032317032558827e-13 4.176175382864511902e-13 -7.510607446963390068e-13 2.376922334341548025e-13 1.558758437127965241e-12 3.658966149379560729e-12 8.621670890717154671e-12 2.945027712696426633e-12 9.412981500988184020e-14 1.045753268631107308e-13
4.605871106730258393e-12 1.854921750091055437e-12 3.340827384280729095e-12 1.881370116438398095e-12 -4.570055209459745399e-12 1.713944180179851497e-12 2.136039736967503393e-12 1.386066678196607639e-13 -2.873553711954791174e-12 -1.000857875844628574e-12 -1.108484872597265620e-12 1.820362581191494547e-12 3.028954909395262633e-13 2.157816040296741194e-12 8.700595885025028102e-13 1.449518273124668542e-12 1.111622930895688578e-13 3.549726508091484044e-13 -1.397445786801119381e-13 8.491417719346146277e-13 9.657417624871465651e-16 6.203930159585220796e-13 2.945027712696426633e-12 5.950788048645061613e-12 8.541516223458010515e-13 -1.209350630695726843e-13
6.501827398014652719e-12 9.237066257232960774e-12 6.367027454864265808e-12 -7.082227310881692892e-12 -1.924229417919607639e-12 -2.422513215183434977e-13 -2.253927810920566696e-12 -1.315479317946015357e-12 -2.396523905961632241e-12 -3.644563704635920907e-12 -1.209583910747367475e-12 2.793544989588478657e-12 2.467965327986419847e-12 2.187486059605301390e-12 2.443746543387830386e-12 2.239625233601345804e-12 1.645627774754568338e-12 3.925158646321300358e-13 1.010490441214948576e-13 -3.843272226901432776e-13 -6.425002453270996863e-13 -1.641613920734002191e-13 9.412981500988184020e-14 8.541516223458010515e-13 5.208162755239976596e-12 1.428563252909001941e-12
3.120294230551278401e-12 1.134669181309981038e-11 6.256558336073836822e-12 4.277338478894143732e-12 -1.824182508238305853e-13 -2.872677002381268926e-12 -1.147641712705775237e-12 -2.124168919949901620e-12 -2.034928776111008771e-12 -2.117726890956331301e-12 -1.951499102996664324e-12 2.371082634294499470e-14 6.289641285120488732e-13 7.776214899893113203e-13 4.161161982656071579e-13 6.073647994423912010e-13 9.072701328879993719e-13 1.712666636333571221e-13 2.822159237502512164e-13 -1.141025967560513402e-12 -1.216944512348639521e-12 -4.719964544747607296e-13 1.045753268631107308e-13 -1.209350630695726843e-13 1.428563252909001941e-12 3.944449089906166315e-12
