3.266690859677974578e-09 -1.486643932642711289e-10 9.066447266736245201e-11 -1.117537803424419617e-11 3.728623931345951302e-11 -4.699112111939210728e-11 1.355258857538777978e-10 2.788075090113481954e-11 2.704152159662185959e-11 -3.215529950711791849e-12 2.820415692626203032e-11 -3.988503005941338905e-11 2.273502531507375554e-11 9.586582271904467027e-12 2.918394987229770049e-11 1.468402605823569505e-11 -1.073426866573794004e-11 2.032137950378236303e-12 -1.396422788765495516e-11 2.306554322578481237e-14 9.289799925576006306e-12 -2.110360838349230454e-11 -1.868132055617249456e-11 -1.457631973433816762e-12 -2.873931960427837820e-12 2.481134169313284687e-12
-1.486643932642711289e-10 2.018641757961180067e-09 -1.318118697935186991e-10 -8.300334775563209795e-11 -3.384783763936676968e-11 -3.670692930578399236e-11 -2.570949467987239190e-11 -2.040241292704676288e-11 -4.831991197610722908e-12 1.033718328072810508e-13 2.801894348632666061e-11 3.525662411112753977e-11 1.992449775839356090e-11 -2.676003863594681650e-11 -7.857817158172469434e-12 -3.263300566845129635e-12 9.431245213309007972e-12 4.218292202392710243e-12 7.036291154251284618e-12 6.100547854414246776e-12 -1.166513510816270887e-12 -1.724324031063697330e-12 1.811428741421214802e-11 1.020409800243642148e-11 -6.174479209550131067e-12 -2.130912457233425921e-12
9.066447266736245201e-11 -1.318118697935186991e-10 9.591695257642155842e-10 1.727867601399389481e-11 6.582702733217249858e-11 -2.127592650653049137e-11 4.475277780942151752e-11 -1.888394462950579361e-11 -2.496080295103296775e-11 -4.135644716883006943e-12 -6.859643761731379768e-12 -1.689357755792245620e-11 -1.873560500416801196e-11 -2.686933293893784332e-11 -5.796617915759265288e-12 -1.806296190360421161e-12 -1.670828940758403629e-12 1.594757764411830928e-11 6.454643736141414193e-12 2.685054488660979817e-12 -1.717043648678884932e-12 4.837404316198592739e-12 1.599347197022976819e-12 2.707652115006479724e-12 8.363538931751744529e-12 7.584513961585461992e-12
-1.117537803424419617e-11 -8.300334775563209795e-11 1.727867601399389481e-11 7.632421192777768990e-10 1.725846801986844991e-11 6.625482285696943714e-11 -1.456540736182688089e-11 6.055122565044373250e-11 2.399976324740886821e-11 1.057639746370333595e-11 2.536360204380464204e-12 2.661983229939129301e-11 2.567093340867009308e-11 1.598033774127061967e-11 -3.778450304951138924e-13 2.628858781115777901e-12 8.429903990537100789e-13 9.559898191917023556e-12 -1.275135837878815528e-13 5.503288026453215114e-12 7.331271720938325399e-12 6.502640907133115637e-12 4.297048218238688213e-12 3.607137815449584969e-12 4.307774393485090403e-12 -3.986043646326637447e-12
3.728623931345951302e-11 -3.384783763936676968e-11 6.582702733217249858e-11 1.725846801986844991e-11 5.041386884370726671e-10 4.209423587673597121e-11 3.586147822755662359e-11 -2.748987412246952307e-12 -5.854790499535286683e-12 -2.591526152154870285e-12 9.995884543792830439e-12 8.162598422712573253e-12 -7.411781614671853848e-12 5.391654647555078485e-12 4.271198761917444633e-12 7.525826781330307618e-12 4.247368059712676387e-12 -3.331754490421874938e-12 -6.600347425576003231e-12 -1.050496337678858747e-12 -2.704421780019885009e-12 1.102023285290555815e-12 -1.696314270914363621e-12 -2.689816975690161672e-12 2.728153004058763985e-12 3.376607620818147145e-12
-4.699112111939210728e-11 -3.670692930578399236e-11 -2.127592650653049137e-11 6.625482285696943714e-11 4.209423587673597121e-11 3.701820081398544027e-10 4.554861104294134303e-11 5.667092514043055667e-11 2.608850742637688495e-11 1.009429634160584327e-11 9.155550123291826567e-12 -2.685150882804665391e-12 -7.136264108134174330e-12 -4.804392860023350489e-12 -3.131834324609313537e-12 -2.134335141486012919e-12 1.798597589551093133e-12 3.898672796389563005e-12 2.025997124633153079e-12 5.369424411744100786e-12 1.046238859575775840e-11 4.416937859283184603e-12 -2.369969714659824402e-12 1.589610923185188766e-13 -3.554285677788779377e-12 1.824871018647507112e-13
1.355258857538777978e-10 -2.570949467987239190e-11 4.475277780942151752e-11 -1.456540736182688089e-11 3.586147822755662359e-11 4.554861104294134303e-11 2.667929924576607175e-10 4.989445804720970807e-11 -9.745977280629037558e-14 1.393129970671631525e-11 2.746516289622013289e-12 1.565815316853288396e-12 -2.988841712110161040e-12 -4.237697309092249804e-12 -2.245679707415420148e-12 2.018097451017065209e-12 -1.567946305423494992e-12 2.328443649309124261e-12 3.877874692779158146e-12 1.625559687047483347e-12 5.454517302191031930e-13 -4.986715397091345544e-12 -8.960627875048270859e-13 -1.025728079409340793e-12 2.779963494684377240e-12 9.385200750727254190e-13
2.788075090113481954e-11 -2.040241292704676288e-11 -1.888394462950579361e-11 6.055122565044373250e-11 -2.748987412246952307e-12 5.667092514043055667e-11 4.989445804720970807e-11 1.627691880124580060e-10 3.322280504889339859e-11 1.549419737675199767e-11 1.772618038530820778e-12 7.983336806704148574e-12 7.167825452380654441e-12 3.605295012044173747e-13 6.580503234422041485e-12 6.345724577388186711e-12 2.865881128426936723e-12 3.075397710689686042e-12 7.920227680725214832e-13 2.949120167767952896e-13 1.052351714512905684e-12 -5.007804498112207336e-12 -4.151336188714091295e-12 -2.561422930355473517e-13 -6.234322245505514063e-13 -1.676176541507733944e-12
2.704152159662185959e-11 -4.831991197610722908e-12 -2.496080295103296775e-11 2.399976324740886821e-11 -5.854790499535286683e-12 2.608850742637688495e-11 -9.745977280629037558e-14 3.322280504889339859e-11 1.109687453649416674e-10 2.708798959744736561e-11 7.194308903791728920e-12 1.020875169527914238e-11 1.295451957740210844e-11 3.512490312642395719e-12 1.180570220941962598e-12 3.097942949280695888e-12 3.932600757645647420e-12 -3.822162777511903798e-13 -5.362854498940199364e-13 -9.080545683527524330e-13 5.658521479991692542e-12 2.422810032353294825e-13 -5.069530464724505330e-13 -1.561251163479952111e-14 -1.311660314771661787e-12 -1.831726393323224129e-12
-3.215529950711791849e-12 1.033718328072810508e-13 -4.135644716883006943e-12 1.057639746370333595e-11 -2.591526152154870285e-12 1.009429634160584327e-11 1.393129970671631525e-11 1.549419737675199767e-11 2.708798959744736561e-11 6.854720449774710610e-11 2.501291270186564189e-11 7.134284291656083181e-12 9.669829499633084732e-12 4.488932057152984883e-12 4.835671353177085324e-12 6.377457872757939223e-12 3.532385304388514419e-12 -2.746511338153593996e-12 -1.209947530300605974e-12 -8.023999896028621346e-13 1.902508812051606170e-12 4.753988988530722218e-13 -2.851991858500766635e-13 -2.149326267995076997e-14 1.958293691470368982e-13 -1.140117941419273239e-12
2.820415692626203032e-11 2.801894348632666061e-11 -6.859643761731379768e-12 2.536360204380464204e-12 9.995884543792830439e-12 9.155550123291826567e-12 2.746516289622013289e-12 1.772618038530820778e-12 7.194308903791728920e-12 2.501291270186564189e-11 6.522026722605388338e-11 2.237270821676248116e-11 8.848219047028078891e-12 6.232482933204035666e-12 5.365040630736789046e-12 4.186799741143032000e-12 1.947523573714958166e-12 -1.892124298140817746e-12 -4.160004663427993967e-12 -2.201547277068276756e-12 -7.439846642943260938e-13 2.873592207813738336e-13 -2.744343107120486398e-13 -4.542809231255606559e-13 1.358047385192670922e-12 7.310262169276349840e-13
-3.988503005941338905e-11 3.525662411112753977e-11 -1.689357755792245620e-11 2.661983229939129301e-11 8.162598422712573253e-12 -2.685150882804665391e-12 1.565815316853288396e-12 7.983336806704148574e-12 1.020875169527914238e-11 7.134284291656083181e-12 2.237270821676248116e-11 5.394305345063846713e-11 1.861865443918229005e-11 1.022484622366090105e-11 8.007543816572790360e-12 4.331919263305808376e-12 5.233496138663385968e-12 2.723498953371934778e-12 2.111822850833378622e-12 1.648105623947137042e-12 4.279797762803762209e-12 1.412421497309235197e-12 5.822238890291480115e-13 -5.894042692190483974e-13 7.594177456124385682e-13 -6.863375027174939487e-13
2.273502531507375554e-11 1.992449775839356090e-11 -1.873560500416801196e-11 2.567093340867009308e-11 -7.411781614671853848e-12 -7.136264108134174330e-12 -2.988841712110161040e-12 7.167825452380654441e-12 1.295451957740210844e-11 9.669829499633084732e-12 8.848219047028078891e-12 1.861865443918229005e-11 4.166580531477133443e-11 1.827284935848797215e-11 1.268479021316601674e-11 9.603049040018041799e-12 4.322429286782946473e-12 3.049790606578575910e-12 3.897674408673722206e-12 4.551609895227997644e-12 3.055369681748741193e-12 -7.409217532278627563e-13 -7.937594161887515657e-13 -4.325415252930336944e-13 5.047532292950504000e-13 -3.658909706358888693e-13
9.586582271904467027e-12 -2.676003863594681650e-11 -2.686933293893784332e-11 1.598033774127061967e-11 5.391654647555078485e-12 -4.804392860023350489e-12 -4.237697309092249804e-12 3.605295012044173747e-13 3.512490312642395719e-12 4.488932057152984883e-12 6.232482933204035666e-12 1.022484622366090105e-11 1.827284935848797215e-11 3.764040856904452531e-11 1.683520828035420190e-11 8.012305755459632549e-12 6.805386508006221719e-12 3.592568672779620600e-12 3.679567802474311867e-12 3.639693488658323678e-12 2.785288116694140799e-12 -3.873450056574974091e-13 -1.320350975001118270e-12 -6.315524760781983082e-13 -9.071103189555273628e-13 -9.447856034715905370e-13
2.918394987229770049e-11 -7.857817158172469434e-12 -5.796617915759265288e-12 -3.778450304951138924e-13 4.271198761917444633e-12 -3.131834324609313537e-12 -2.245679707415420148e-12 6.580503234422041485e-12 1.180570220941962598e-12 4.835671353177085324e-12 5.365040630736789046e-12 8.007543816572790360e-12 1.268479021316601674e-11 1.683520828035420190e-11 2.765089159157362464e-11 1.131905386533942239e-11 6.427504977246949569e-12 2.709892287196165399e-12 5.624835277104184900e-13 1.281515586051823088e-12 6.896258213393710408e-13 -2.223372911169385989e-12 -1.831097232359343673e-12 -3.703969248148838643e-13 -1.488888825019808167e-13 5.160119682299881066e-13
1.468402605823569505e-11 -3.263300566845129635e-12 -1.806296190360421161e-12 2.628858781115777901e-12 7.525826781330307618e-12 -2.134335141486012919e-12 2.018097451017065209e-12 6.345724577388186711e-12 3.097942949280695888e-12 6.377457872757939223e-12 4.186799741143032000e-12 4.331919263305808376e-12 9.603049040018041799e-12 8.012305755459632549e-12 1.131905386533942239e-11 2.146693321804803237e-11 1.022779152284758119e-11 4.542209891917521938e-12 2.463561325640982189e-12 6.260473092388286783e-14 -1.057323460448146948e-12 -1.614421296800083299e-13 -6.046170833651368074e-13 1.104442441688851993e-12 6.838844626196385301e-13 2.645974440485531736e-13
-1.073426866573794004e-11 9.431245213309007972e-12 -1.670828940758403629e-12 8.429903990537100789e-13 4.247368059712676387e-12 1.798597589551093133e-12 -1.567946305423494992e-12 2.865881128426936723e-12 3.932600757645647420e-12 3.532385304388514419e-12 1.947523573714958166e-12 5.233496138663385968e-12 4.322429286782946473e-12 6.805386508006221719e-12 6.427504977246949569e-12 1.022779152284758119e-11 2.110224906164811619e-11 1.040771951612532515e-11 5.376163962954623241e-12 2.910485838293216600e-12 7.120133571549090654e-13 1.841460124560444162e-13 2.133514986196372559e-13 9.832702199081173142e-13 1.208019749801340937e-12 1.015194988166809447e-12
2.032137950378236303e-12 4.218292202392710243e-12 1.594757764411830928e-11 9.559898191917023556e-12 -3.331754490421874938e-12 3.898672796389563005e-12 2.328443649309124261e-12 3.075397710689686042e-12 -3.822162777511903798e-13 -2.746511338153593996e-12 -1.892124298140817746e-12 2.723498953371934778e-12 3.049790606578575910e-12 3.592568672779620600e-12 2.709892287196165399e-12 4.542209891917521938e-12 1.040771951612532515e-11 1.944551827825391521e-11 1.115122299463676279e-11 6.146071532159923472e-12 2.248175879830734637e-12 1.304951406702588774e-12 1.025458938004168550e-12 -4.778910959233972525e-14 3.579880757235750511e-13 3.405646063078994604e-13
-1.396422788765495516e-11 7.036291154251284618e-12 6.454643736141414193e-12 -1.275135837878815528e-13 -6.600347425576003231e-12 2.025997124633153079e-12 3.877874692779158146e-12 7.920227680725214832e-13 -5.362854498940199364e-13 -1.209947530300605974e-12 -4.160004663427993967e-12 2.111822850833378622e-12 3.897674408673722206e-12 3.679567802474311867e-12 5.624835277104184900e-13 2.463561325640982189e-12 5.376163962954623241e-12 1.115122299463676279e-11 1.642341127981550193e-11 9.214785258364726056e-12 3.406516054680650823e-12 1.131809039495754023e-12 4.585396870237384479e-13 -6.245435663556723246e-13 1.704232608618876283e-13 2.934001976236493498e-13
2.306554322578481237e-14 6.100547854414246776e-12 2.685054488660979817e-12 5.503288026453215114e-12 -1.050496337678858747e-12 5.369424411744100786e-12 1.625559687047483347e-12 2.949120167767952896e-13 -9.080545683527524330e-13 -8.023999896028621346e-13 -2.201547277068276756e-12 1.648105623947137042e-12 4.551609895227997644e-12 3.639693488658323678e-12 1.281515586051823088e-12 6.260473092388286783e-14 2.910485838293216600e-12 6.146071532159923472e-12 9.214785258364726056e-12 1.590189483980981156e-11 8.404279236459103235e-12 1.051882108135467492e-12 -3.007503862651845669e-13 -9.107537875110038619e-13 7.982665332676243019e-15 -2.475785794006309759e-13
9.289799925576006306e-12 -1.166513510816270887e-12 -1.717043648678884932e-12 7.331271720938325399e-12 -2.704421780019885009e-12 1.046238859575775840e-11 5.454517302191031930e-13 1.052351714512905684e-12 5.658521479991692542e-12 1.902508812051606170e-12 -7.439846642943260938e-13 4.279797762803762209e-12 3.055369681748741193e-12 2.785288116694140799e-12 6.896258213393710408e-13 -1.057323460448146948e-12 7.120133571549090654e-13 2.248175879830734637e-12 3.406516054680650823e-12 8.404279236459103235e-12 1.518357353003764313e-11 4.311765448165447205e-12 8.996560542164884150e-13 -7.012344411737903829e-13 -5.019886909434489011e-13 -9.396850785810128918e-13
-2.110360838349230454e-11 -1.724324031063697330e-12 4.837404316198592739e-12 6.502640907133115637e-12 1.102023285290555815e-12 4.416937859283184603e-12 -4.986715397091345544e-12 -5.007804498112207336e-12 2.422810032353294825e-13 4.753988988530722218e-13 2.873592207813738336e-13 1.412421497309235197e-12 -7.409217532278627563e-13 -3.873450056574974091e-13 -2.223372911169385989e-12 -1.614421296800083299e-13 1.841460124560444162e-13 1.304951406702588774e-12 1.131809039495754023e-12 1.051882108135467492e-12 4.311765448165447205e-12 8.412061223797345532e-12 2.518994969657184279e-12 -1.039252367096341448e-13 -1.939659652889986908e-15 -5.397414832232756284e-13
-1.868132055617249456e-11 1.811428741421214802e-11 1.599347197022976819e-12 4.297048218238688213e-12 -1.696314270914363621e-12 -2.369969714659824402e-12 -8.960627875048270859e-13 -4.151336188714091295e-12 -5.069530464724505330e-13 -2.851991858500766635e-13 -2.744343107120486398e-13 5.822238890291480115e-13 -7.937594161887515657e-13 -1.320350975001118270e-12 -1.831097232359343673e-12 -6.046170833651368074e-13 2.133514986196372559e-13 1.025458938004168550e-12 4.585396870237384479e-13 -3.007503862651845669e-13 8.996560542164884150e-13 2.518994969657184279e-12 6.315977950942240649e-12 1.583638363183572455e-12 -7.093006404043863343e-14 -4.708937504397361301e-13
-1.457631973433816762e-12 1.020409800243642148e-11 2.707652115006479724e-12 3.607137815449584969e-12 -2.689816975690161672e-12 1.589610923185188766e-13 -1.025728079409340793e-12 -2.561422930355473517e-13 -1.561251163479952111e-14 -2.149326267995076997e-14 -4.542809231255606559e-13 -5.894042692190483974e-13 -4.325415252930336944e-13 -6.315524760781983082e-13 -3.703969248148838643e-13 1.104442441688851993e-12 9.832702199081173142e-13 -4.778910959233972525e-14 -6.245435663556723246e-13 -9.107537875110038619e-13 -7.012344411737903829e-13 -1.039252367096341448e-13 1.583638363183572455e-12 5.213342763057716892e-12 5.040173566622922786e-13 -4.363036940867454400e-14
-2.873931960427837820e-12 -6.174479209550131067e-12 8.363538931751744529e-12 4.307774393485090403e-12 2.728153004058763985e-12 -3.554285677788779377e-12 2.779963494684377240e-12 -6.234322245505514063e-13 -1.311660314771661787e-12 1.958293691470368982e-13 1.358047385192670922e-12 7.594177456124385682e-13 5.047532292950504000e-13 -9.071103189555273628e-13 -1.488888825019808167e-13 6.838844626196385301e-13 1.208019749801340937e-12 3.579880757235750511e-13 1.704232608618876283e-13 7.982665332676243019e-15 -5.019886909434489011e-13 -1.939659652889986908e-15 -7.093006404043863343e-14 5.040173566622922786e-13 3.803461192619370638e-12 1.133696683602147857e-12
2.481134169313284687e-12 -2.130912457233425921e-12 7.584513961585461992e-12 -3.986043646326637447e-12 3.376607620818147145e-12 1.824871018647507112e-13 9.385200750727254190e-13 -1.676176541507733944e-12 -1.831726393323224129e-12 -1.140117941419273239e-12 7.310262169276349840e-13 -6.863375027174939487e-13 -3.658909706358888693e-13 -9.447856034715905370e-13 5.160119682299881066e-13 2.645974440485531736e-13 1.015194988166809447e-12 3.405646063078994604e-13 2.934001976236493498e-13 -2.475785794006309759e-13 -9.396850785810128918e-13 -5.397414832232756284e-13 -4.708937504397361301e-13 -4.363036940867454400e-14 1.133696683602147857e-12 3.181469218758367456e-12
