2.544439371749223787e-09 -3.175119186026604326e-11 1.133533323442447691e-10 -1.297826788327708007e-10 2.972969464990523630e-11 9.356990336439469122e-11 2.373143089233301123e-12 4.791684935782618819e-11 -3.469924459646069743e-12 -4.924456864274260982e-11 1.372714069661600988e-14 2.947427806106789044e-13 1.208714266809935364e-11 1.315644190707442737e-11 1.039659566196967046e-11 -3.377291541500586856e-12 3.408343298039819724e-12 2.337743548197338501e-13 -1.383451993677526323e-11 -1.584653580487093305e-11 -9.271235894148841042e-12 1.033768516800883283e-12 -1.158088018595687673e-11 2.640333697353365387e-12 1.629669411624565158e-12 9.437591154486025265e-13
-3.175119186026604326e-11 1.779212142544534248e-09 3.581028536252262451e-11 -9.821634286670478155e-11 7.885382483224104992e-12 -6.894943593947599833e-11 1.947646704084885688e-11 -8.161611123632436428e-13 5.533689568285278759e-12 6.354840635844153218e-12 -3.111032336285047435e-11 -2.953865839148686712e-11 -8.207849308365536845e-12 -1.620780928235840907e-11 -1.031727146669226217e-11 -2.573523745076543716e-12 8.662095980217528668e-12 -6.390159905748647015e-12 -8.123216501691045346e-12 -6.104165267297901121e-13 -9.912438339334091626e-13 -2.215123455438755269e-12 3.721352211939314682e-12 2.695881594635296847e-12 4.194029221665788744e-13 -1.520126460909154052e-12
1.133533323442447691e-10 3.581028536252262451e-11 1.301133795487301698e-09 2.242351641570536998e-10 5.655917034503084557e-11 -2.181224808794943956e-12 -2.231178611563283021e-11 -3.864950251841323823e-11 -3.792471613043114933e-11 -1.143766438343074603e-12 -1.381616801350080589e-11 -9.409360443384405414e-12 -4.317378655654881595e-11 -1.168112601427134150e-11 -9.662447960315793570e-12 -4.480419137897080131e-12 2.389284156891924739e-12 1.385371430255490363e-11 9.049238399456074833e-13 6.008122775891153861e-12 -3.316646955581983466e-12 -5.220957055612505995e-12 -8.754079635521051151e-13 1.248983287170063659e-11 5.592030139954970485e-15 -1.829272156163289997e-12
-1.297826788327708007e-10 -9.821634286670478155e-11 2.242351641570536998e-10 8.963378214575653790e-10 3.991119487681372283e-11 8.135675305074770867e-11 5.688691212491462794e-12 2.290979414709843846e-11 -1.640897347266786937e-12 2.137597915211056938e-11 1.462965483702283668e-11 -2.828561833220542495e-13 -6.213932032381221308e-12 -2.151240702458319419e-12 1.019276771961469868e-11 1.228795356563579525e-12 2.928840798645587396e-12 1.202044778580697583e-11 6.290732668133912730e-12 1.021387478241108543e-11 2.316501730239535939e-12 7.234068616123495065e-12 -2.492375800318521008e-12 8.845396974298509970e-13 1.124545885962965680e-12 3.517909667424246282e-12
2.972969464990523630e-11 7.885382483224104992e-12 5.655917034503084557e-11 3.991119487681372283e-11 5.243190559419439956e-10 7.430599670327031585e-11 1.048627988628093849e-11 2.050733144435307833e-11 1.253866888134059878e-11 1.203651743078728819e-12 -2.093582505126461419e-12 6.944351426940924786e-12 -2.510569747953095259e-12 7.105835846462986171e-13 -1.563913115490478368e-12 7.950513196635295482e-12 3.724682232495113732e-12 3.710584014521887125e-12 2.674709656896327370e-12 -8.736245347433143247e-12 -4.015902639389126827e-12 -3.610709972554310117e-12 -4.987338226177402964e-12 2.432596289936949040e-12 2.324128795410159591e-12 -2.843509952496957608e-12
9.356990336439469122e-11 -6.894943593947599833e-11 -2.181224808794943956e-12 8.135675305074770867e-11 7.430599670327031585e-11 3.265316707174235715e-10 5.170197592452565136e-12 -2.539843438772052902e-12 1.054960236232914515e-12 -1.147486088047053388e-11 -5.294875806631792678e-12 1.846650026662857625e-12 -4.742204012056711186e-12 3.144236472638663827e-12 5.906994398340908913e-12 3.927865006544460595e-12 -1.655093842000797516e-12 5.050444771412684458e-12 1.610120673928973566e-12 -3.106528008550865025e-12 -8.431486438313548305e-13 2.612192588626436503e-12 -3.430684422513064735e-12 -5.746377240934790771e-13 1.061806409091184097e-12 2.587389827492672672e-12
2.373143089233301123e-12 1.947646704084885688e-11 -2.231178611563283021e-11 5.688691212491462794e-12 1.048627988628093849e-11 5.170197592452565136e-12 2.205847521855574515e-10 1.968628874476087085e-11 2.380277380557850902e-11 -3.769871788012772202e-12 4.944118132596497437e-12 8.415096294889480916e-12 -5.527556938070311725e-12 5.209809272532602201e-12 1.195397310680328344e-11 6.280688156970447974e-12 -4.374571376049296070e-13 1.340707047031088599e-12 9.025272459840386514e-13 -2.189840751273049457e-12 -1.615480717769118799e-12 -8.487741097885552951e-14 5.076250496839624789e-13 -7.964561039867747691e-13 6.619403837266252250e-13 -1.207135207011969360e-12
4.791684935782618819e-11 -8.161611123632436428e-13 -3.864950251841323823e-11 2.290979414709843846e-11 2.050733144435307833e-11 -2.539843438772052902e-12 1.968628874476087085e-11 1.464336160450347873e-10 1.540727104583262676e-11 3.823360813527063115e-12 5.780233350427468012e-12 9.343627643321617271e-12 6.281400622078774337e-12 3.019322674973974943e-12 5.385326019369675772e-12 -9.832346439940690674e-13 -3.052220743482199185e-13 -1.533787650017730995e-12 -1.569144247022966824e-12 -8.820100812343606535e-13 -1.194098459804232775e-12 1.394821945760860942e-12 7.391108926149804460e-13 1.019935177369056013e-12 -1.740674805133420669e-13 1.327478077819119742e-13
-3.469924459646069743e-12 5.533689568285278759e-12 -3.792471613043114933e-11 -1.640897347266786937e-12 1.253866888134059878e-11 1.054960236232914515e-12 2.380277380557850902e-11 1.540727104583262676e-11 1.082649811846111085e-10 9.649341362185074547e-12 1.153481101628018064e-11 1.207828712195847242e-11 -4.204991053138755049e-12 -4.269959527474026370e-12 2.218075203519476430e-12 4.814114705317721468e-12 4.163988139780690880e-12 1.564631047436033097e-12 -1.554640590015383757e-13 5.518574005985142939e-13 2.790609969665405547e-12 1.134263394668880324e-12 2.697897164087994544e-12 -4.522637411578741248e-13 5.009399137213482637e-13 3.993647613286851910e-13
-4.924456864274260982e-11 6.354840635844153218e-12 -1.143766438343074603e-12 2.137597915211056938e-11 1.203651743078728819e-12 -1.147486088047053388e-11 -3.769871788012772202e-12 3.823360813527063115e-12 9.649341362185074547e-12 7.374920092106583909e-11 1.024324626905850935e-11 2.838233635311157914e-12 -1.269695524159809038e-12 7.902533065001405283e-13 3.696297079800623302e-12 -3.427203004219255234e-13 5.267852828212987230e-12 3.768586814282860964e-12 -1.689162810364478053e-13 -1.656542584253829910e-13 -1.174221870238468383e-12 -4.959455999882177317e-13 3.921488252005605806e-13 -7.954066827843349018e-15 -9.202222315597487122e-14 -6.917702596650990041e-13
1.372714069661600988e-14 -3.111032336285047435e-11 -1.381616801350080589e-11 1.462965483702283668e-11 -2.093582505126461419e-12 -5.294875806631792678e-12 4.944118132596497437e-12 5.780233350427468012e-12 1.153481101628018064e-11 1.024324626905850935e-11 4.849973550883284756e-11 1.254913221027581708e-11 7.632200545015518729e-12 4.298858834833898190e-12 3.237215407388017343e-12 6.718598960781979467e-13 2.385921034313398760e-12 1.404733968060867150e-12 1.249893112307756862e-12 2.169620047612748500e-12 1.729968741654720843e-12 7.982931318184140553e-13 -6.592507644232529631e-13 -1.485765839442605860e-12 -2.144199800392019065e-13 -2.169801252111330266e-13
2.947427806106789044e-13 -2.953865839148686712e-11 -9.409360443384405414e-12 -2.828561833220542495e-13 6.944351426940924786e-12 1.846650026662857625e-12 8.415096294889480916e-12 9.343627643321617271e-12 1.207828712195847242e-11 2.838233635311157914e-12 1.254913221027581708e-11 4.423877000002482322e-11 9.907459732640049473e-12 7.651567619370123248e-12 7.481526420419367285e-12 2.421729965094878910e-12 4.694719578115097735e-12 2.627332231985678351e-12 -1.117055435648479468e-12 -7.208551351348260159e-13 -5.684677582193900305e-13 -1.189720150458334385e-12 -5.316237546443860703e-14 -7.516721610062623696e-13 7.704034817188382559e-13 1.930381100849919526e-13
1.208714266809935364e-11 -8.207849308365536845e-12 -4.317378655654881595e-11 -6.213932032381221308e-12 -2.510569747953095259e-12 -4.742204012056711186e-12 -5.527556938070311725e-12 6.281400622078774337e-12 -4.204991053138755049e-12 -1.269695524159809038e-12 7.632200545015518729e-12 9.907459732640049473e-12 3.207576743821486549e-11 1.049452996349169877e-11 6.457196518714624499e-12 1.113081050002776527e-12 -2.017391675960846121e-12 -1.487279521835345340e-12 2.780173112288368825e-13 -7.416836913340235732e-13 -2.202341163046865086e-13 1.447156749368302207e-12 -8.103590060549472615e-13 -2.630662704270526268e-13 3.828357796551832083e-13 -1.407803247140688631e-13
1.315644190707442737e-11 -1.620780928235840907e-11 -1.168112601427134150e-11 -2.151240702458319419e-12 7.105835846462986171e-13 3.144236472638663827e-12 5.209809272532602201e-12 3.019322674973974943e-12 -4.269959527474026370e-12 7.902533065001405283e-13 4.298858834833898190e-12 7.651567619370123248e-12 1.049452996349169877e-11 2.831305535502877170e-11 1.466327635140591988e-11 3.621543876077086245e-12 4.794778224512680636e-13 1.492918977349706371e-12 1.032172145742158769e-13 -5.447130493799153953e-13 -7.088147544208757719e-13 -9.601551334020885192e-13 -8.338734239608129744e-13 -5.271752293908826493e-13 -2.213409962750395644e-13 -5.919221919668868002e-13
1.039659566196967046e-11 -1.031727146669226217e-11 -9.662447960315793570e-12 1.019276771961469868e-11 -1.563913115490478368e-12 5.906994398340908913e-12 1.195397310680328344e-11 5.385326019369675772e-12 2.218075203519476430e-12 3.696297079800623302e-12 3.237215407388017343e-12 7.481526420419367285e-12 6.457196518714624499e-12 1.466327635140591988e-11 2.833330100467218087e-11 8.174586805258137523e-12 3.750168625878923403e-12 2.683830339739574220e-12 1.131380302235033274e-12 5.545161466536215892e-13 -1.164244365386900111e-12 -4.156390433800751137e-13 -4.044499185765711255e-13 -2.079799584918074575e-14 -7.229562035925557234e-14 1.737793390181933961e-13
-3.377291541500586856e-12 -2.573523745076543716e-12 -4.480419137897080131e-12 1.228795356563579525e-12 7.950513196635295482e-12 3.927865006544460595e-12 6.280688156970447974e-12 -9.832346439940690674e-13 4.814114705317721468e-12 -3.427203004219255234e-13 6.718598960781979467e-13 2.421729965094878910e-12 1.113081050002776527e-12 3.621543876077086245e-12 8.174586805258137523e-12 1.458337777939426325e-11 4.702016472269833617e-12 2.322524047628647262e-12 -1.284645036271578677e-13 4.439802876454164804e-13 -5.588735079752057560e-13 -1.870381801943733108e-13 -5.409209992991799634e-13 8.877334520147003327e-13 3.846363026324366658e-13 -2.892995610258879019e-14
3.408343298039819724e-12 8.662095980217528668e-12 2.389284156891924739e-12 2.928840798645587396e-12 3.724682232495113732e-12 -1.655093842000797516e-12 -4.374571376049296070e-13 -3.052220743482199185e-13 4.163988139780690880e-12 5.267852828212987230e-12 2.385921034313398760e-12 4.694719578115097735e-12 -2.017391675960846121e-12 4.794778224512680636e-13 3.750168625878923403e-12 4.702016472269833617e-12 1.443325093837607984e-11 6.672878311033995204e-12 1.408130042746671522e-12 8.544731741792623574e-13 1.021255965250388587e-12 1.621866487619315529e-13 -1.144105598240940038e-13 1.888300049263409342e-14 -1.278630657231254015e-14 -5.290655281167695350e-14
2.337743548197338501e-13 -6.390159905748647015e-12 1.385371430255490363e-11 1.202044778580697583e-11 3.710584014521887125e-12 5.050444771412684458e-12 1.340707047031088599e-12 -1.533787650017730995e-12 1.564631047436033097e-12 3.768586814282860964e-12 1.404733968060867150e-12 2.627332231985678351e-12 -1.487279521835345340e-12 1.492918977349706371e-12 2.683830339739574220e-12 2.322524047628647262e-12 6.672878311033995204e-12 1.295344983211485651e-11 3.560590647189782156e-12 2.185802735426598892e-12 1.068081811017003764e-12 2.284399042038272513e-14 -2.373973627805141117e-13 -7.796523861219174831e-13 -9.034023529348180182e-14 -1.358443840171909811e-13
-1.383451993677526323e-11 -8.123216501691045346e-12 9.049238399456074833e-13 6.290732668133912730e-12 2.674709656896327370e-12 1.610120673928973566e-12 9.025272459840386514e-13 -1.569144247022966824e-12 -1.554640590015383757e-13 -1.689162810364478053e-13 1.249893112307756862e-12 -1.117055435648479468e-12 2.780173112288368825e-13 1.032172145742158769e-13 1.131380302235033274e-12 -1.284645036271578677e-13 1.408130042746671522e-12 3.560590647189782156e-12 9.191429294416699435e-12 3.652880595407920182e-12 1.034490572298346024e-12 -1.701886160292458143e-13 1.212807864566024729e-13 -1.163409532292047360e-12 -5.549695794444112037e-13 -7.349991161233161816e-14
-1.584653580487093305e-11 -6.104165267297901121e-13 6.008122775891153861e-12 1.021387478241108543e-11 -8.736245347433143247e-12 -3.106528008550865025e-12 -2.189840751273049457e-12 -8.820100812343606535e-13 5.518574005985142939e-13 -1.656542584253829910e-13 2.169620047612748500e-12 -7.208551351348260159e-13 -7.416836913340235732e-13 -5.447130493799153953e-13 5.545161466536215892e-13 4.439802876454164804e-13 8.544731741792623574e-13 2.185802735426598892e-12 3.652880595407920182e-12 9.207356957540401470e-12 3.450100652748208613e-12 -5.646070991251698376e-14 4.260095901193075807e-13 -9.103235778737534291e-13 -1.853609328928797898e-13 -1.970197100185476262e-14
-9.271235894148841042e-12 -9.912438339334091626e-13 -3.316646955581983466e-12 2.316501730239535939e-12 -4.015902639389126827e-12 -8.431486438313548305e-13 -1.615480717769118799e-12 -1.194098459804232775e-12 2.790609969665405547e-12 -1.174221870238468383e-12 1.729968741654720843e-12 -5.684677582193900305e-13 -2.202341163046865086e-13 -7.088147544208757719e-13 -1.164244365386900111e-12 -5.588735079752057560e-13 1.021255965250388587e-12 1.068081811017003764e-12 1.034490572298346024e-12 3.450100652748208613e-12 6.732185884493985529e-12 1.834225602496018948e-12 6.855044682150268075e-13 -5.558597435699162272e-13 1.560929359821735064e-13 -2.557121557090311603e-13
1.033768516800883283e-12 -2.215123455438755269e-12 -5.220957055612505995e-12 7.234068616123495065e-12 -3.610709972554310117e-12 2.612192588626436503e-12 -8.487741097885552951e-14 1.394821945760860942e-12 1.134263394668880324e-12 -4.959455999882177317e-13 7.982931318184140553e-13 -1.189720150458334385e-12 1.447156749368302207e-12 -9.601551334020885192e-13 -4.156390433800751137e-13 -1.870381801943733108e-13 1.621866487619315529e-13 2.284399042038272513e-14 -1.701886160292458143e-13 -5.646070991251698376e-14 1.834225602496018948e-12 5.246189158300983022e-12 9.849028202898595013e-13 -3.890177798519863320e-13 2.613127891162481795e-13 8.958338007498248396e-14
-1.158088018595687673e-11 3.721352211939314682e-12 -8.754079635521051151e-13 -2.492375800318521008e-12 -4.987338226177402964e-12 -3.430684422513064735e-12 5.076250496839624789e-13 7.391108926149804460e-13 2.697897164087994544e-12 3.921488252005605806e-13 -6.592507644232529631e-13 -5.316237546443860703e-14 -8.103590060549472615e-13 -8.338734239608129744e-13 -4.044499185765711255e-13 -5.409209992991799634e-13 -1.144105598240940038e-13 -2.373973627805141117e-13 1.212807864566024729e-13 4.260095901193075807e-13 6.855044682150268075e-13 9.849028202898595013e-13 3.167236231846136494e-12 4.391813346475147796e-13 3.452746433125972841e-14 2.286101284647567581e-13
2.640333697353365387e-12 2.695881594635296847e-12 1.248983287170063659e-11 8.845396974298509970e-13 2.432596289936949040e-12 -5.746377240934790771e-13 -7.964561039867747691e-13 1.019935177369056013e-12 -4.522637411578741248e-13 -7.954066827843349018e-15 -1.485765839442605860e-12 -7.516721610062623696e-13 -2.630662704270526268e-13 -5.271752293908826493e-13 -2.079799584918074575e-14 8.877334520147003327e-13 1.888300049263409342e-14 -7.796523861219174831e-13 -1.163409532292047360e-12 -9.103235778737534291e-13 -5.558597435699162272e-13 -3.890177798519863320e-13 4.391813346475147796e-13 2.889749750962587552e-12 6.245505027561820430e-13 -1.226896106454137691e-13
1.629669411624565158e-12 4.194029221665788744e-13 5.592030139954970485e-15 1.124545885962965680e-12 2.324128795410159591e-12 1.061806409091184097e-12 6.619403837266252250e-13 -1.740674805133420669e-13 5.009399137213482637e-13 -9.202222315597487122e-14 -2.144199800392019065e-13 7.704034817188382559e-13 3.828357796551832083e-13 -2.213409962750395644e-13 -7.229562035925557234e-14 3.846363026324366658e-13 -1.278630657231254015e-14 -9.034023529348180182e-14 -5.549695794444112037e-13 -1.853609328928797898e-13 1.560929359821735064e-13 2.613127891162481795e-13 3.452746433125972841e-14 6.245505027561820430e-13 1.705329146364032983e-12 -2.526639244300491506e-14
9.437591154486025265e-13 -1.520126460909154052e-12 -1.829272156163289997e-12 3.517909667424246282e-12 -2.843509952496957608e-12 2.587389827492672672e-12 -1.207135207011969360e-12 1.327478077819119742e-13 3.993647613286851910e-13 -6.917702596650990041e-13 -2.169801252111330266e-13 1.930381100849919526e-13 -1.407803247140688631e-13 -5.919221919668868002e-13 1.737793390181933961e-13 -2.892995610258879019e-14 -5.290655281167695350e-14 -1.358443840171909811e-13 -7.349991161233161816e-14 -1.970197100185476262e-14 -2.557121557090311603e-13 8.958338007498248396e-14 2.286101284647567581e-13 -1.226896106454137691e-13 -2.526639244300491506e-14 1.534153165168455665e-12
