2.482956842502871787e-09 -3.788588957196126235e-11 5.408264857203682939e-11 1.140154626393514976e-10 -3.095719727491927299e-11 -1.144632836117074461e-11 2.221258377756826293e-11 1.191348105569065086e-11 2.774693944907134779e-11 6.778744706090802167e-11 -3.209983583893102275e-11 -1.446463186602466081e-11 2.904817781329134232e-11 -1.571438953518101953e-12 -1.551927170912500551e-11 -3.863909555578167570e-12 3.169431695080819832e-12 -1.491316220058670400e-12 -7.636018216165320284e-12 -1.159867108733302394e-11 3.904592011406043115e-12 1.919525458453356719e-12 -1.333951905382617396e-12 -1.811593252888959406e-12 -5.789909506476009565e-12 -1.276735911823704536e-11
-3.788588957196126235e-11 1.581305827212834805e-09 1.675221105030262084e-10 4.568608227463529781e-11 -7.017680711055246473e-11 -9.996894624536673108e-11 -5.183954685001505139e-11 -4.996265643431932600e-11 8.478433163070425912e-12 -3.191285975138597429e-11 3.518776001733900730e-11 2.709832640043812345e-11 2.919497232075984479e-11 2.899672366272640692e-11 1.178817533866487315e-11 -5.626695110087737620e-12 -1.071949064077806826e-11 -1.748312091962026454e-11 -2.769473719291556761e-12 -1.006126913934653603e-12 1.917036734370938728e-12 -1.128932091334944090e-11 7.606972991829650286e-12 1.167605634849505326e-11 3.902461207149148157e-12 -1.281588156153005541e-12
5.408264857203682939e-11 1.675221105030262084e-10 9.380087570423280469e-10 1.253536511712969876e-10 -3.266051142190894859e-12 -2.151319130059102608e-11 3.204294643380316350e-11 -3.230281633839027432e-11 -2.250371361384202230e-11 -2.902785684682302309e-11 -5.557685408196579229e-12 -2.026980205837196475e-11 -1.340077955907001393e-11 1.180464602366951706e-11 9.994048348416965400e-12 3.620810861364898467e-12 -2.471628451184557731e-12 -3.784315916969379874e-12 -1.853231762897763589e-12 -3.501637247985177899e-12 -8.165172805873111226e-12 3.660329570142636885e-12 1.946906970328887758e-12 -2.367467340131599071e-12 -1.789859070493090761e-12 1.114013575878322689e-12
1.140154626393514976e-10 4.568608227463529781e-11 1.253536511712969876e-10 6.965065786646007280e-10 2.124052145349477799e-11 1.449849016463657243e-11 3.970822061417609022e-11 2.829203913355230374e-12 -1.231816878183972981e-11 5.917070099013665029e-16 -8.050863170199152477e-12 -1.137936903922924375e-11 9.593317925662349704e-12 1.114531752214539223e-11 1.315490895449144647e-11 1.068468826977059729e-12 1.140220216225152761e-11 -3.696180790849552536e-12 6.137347682715980908e-12 -2.990789324302692031e-12 -1.932843002611023661e-12 -3.824692074832402544e-12 5.050272320617721693e-12 -4.094058723412997547e-13 -3.424581882150903499e-12 -1.533789530787531925e-12
-3.095719727491927299e-11 -7.017680711055246473e-11 -3.266051142190894859e-12 2.124052145349477799e-11 4.877089613756893330e-10 3.436832362243759882e-11 3.698697564338494970e-11 4.126709738146163023e-11 2.732478211498564041e-11 -6.544351196647280633e-12 6.633857734138535167e-12 8.768144513865323414e-12 9.105352385715392499e-12 2.140914312929129506e-12 -4.254274119859407893e-12 2.361678078952978805e-12 -4.826321847885893401e-12 3.368453914346038206e-12 6.465694592867362859e-12 4.334721628922413382e-13 2.005261690618891411e-12 -5.112004242695838537e-12 2.486303410527264277e-12 -1.930130715970839736e-12 9.618462261983040275e-13 -2.040981305773720470e-13
-1.144632836117074461e-11 -9.996894624536673108e-11 -2.151319130059102608e-11 1.449849016463657243e-11 3.436832362243759882e-11 3.000182405049690844e-10 3.415495291969438121e-11 2.262087931202931812e-11 1.522640516605446696e-11 1.911364756911003022e-11 5.516158427047692567e-12 -6.788103476911734465e-12 -8.245256500936021856e-12 -2.754410394275658132e-12 1.040776458356119079e-12 5.799664101411324708e-12 -2.718714312031503056e-12 2.013176695454658108e-12 6.708186693571089704e-12 4.332198579433165283e-13 1.657419558935062565e-12 -1.399469960318738328e-12 4.626316130027748970e-12 1.341227619694309639e-12 1.070373362097884335e-12 2.419372241128624655e-13
2.221258377756826293e-11 -5.183954685001505139e-11 3.204294643380316350e-11 3.970822061417609022e-11 3.698697564338494970e-11 3.415495291969438121e-11 2.000900155906835164e-10 2.295914267045648853e-11 1.274999209018747131e-11 6.917615754611601923e-12 4.247865852268292193e-12 9.023338008584199342e-13 1.639944952880252392e-12 4.912913244118341719e-12 9.799458309407060380e-13 -5.155509598036918534e-12 -5.774299094119240243e-12 1.405805393217615735e-13 2.637854621645317688e-12 -1.818406319514206055e-12 3.196005614683562666e-12 -1.715951832094355738e-12 -1.639140353983085909e-12 -6.341672760127473092e-13 -1.197858936902451571e-12 -1.504995782840659571e-12
1.191348105569065086e-11 -4.996265643431932600e-11 -3.230281633839027432e-11 2.829203913355230374e-12 4.126709738146163023e-11 2.262087931202931812e-11 2.295914267045648853e-11 1.367850470876536062e-10 1.198212172117622799e-11 8.633631446176177750e-12 7.090088544698918638e-12 -5.871312614298479114e-12 -7.072163080348040311e-12 9.278447402828057434e-13 -4.315205255592091353e-12 -6.480278442828541437e-13 2.927948888960475444e-12 -9.467343315918677514e-13 -1.061069780304423625e-12 -9.412184143315572009e-13 -2.555550855108723642e-12 9.706882746744111193e-13 1.613740949368510097e-12 1.861172468122561540e-12 -6.461272970748451487e-13 -1.326503112885402584e-12
2.774693944907134779e-11 8.478433163070425912e-12 -2.250371361384202230e-11 -1.231816878183972981e-11 2.732478211498564041e-11 1.522640516605446696e-11 1.274999209018747131e-11 1.198212172117622799e-11 9.508216103499584986e-11 1.867173793845870615e-11 1.183767877274015529e-11 5.327194168378184158e-12 1.493889424150166110e-12 -1.101277714399719656e-12 3.013725627598863980e-13 -4.207155608059318757e-12 1.875786445579123117e-12 8.975926192263767806e-13 -6.272558696438430024e-13 -2.063388758693912031e-12 -4.218996378176133662e-12 -3.573741177645606376e-13 2.204390722866625343e-12 2.037749113720782641e-12 9.008086695999525551e-14 -1.090886652976540665e-12
6.778744706090802167e-11 -3.191285975138597429e-11 -2.902785684682302309e-11 5.917070099013665029e-16 -6.544351196647280633e-12 1.911364756911003022e-11 6.917615754611601923e-12 8.633631446176177750e-12 1.867173793845870615e-11 6.977373777879434719e-11 2.072064505963917419e-11 5.272186028239761217e-12 3.669191941242168673e-12 -2.205203370362867556e-13 1.953870685563799627e-12 -4.609956569991779971e-12 -1.997347506544032558e-12 -2.168019196309734714e-13 -4.006574500115435452e-13 -2.862271956571744782e-12 -7.871107061383137235e-13 -8.930757301824575105e-13 -1.460237022798837801e-12 -1.748534345321539469e-12 1.550739543393731587e-12 -3.523055464566979797e-13
-3.209983583893102275e-11 3.518776001733900730e-11 -5.557685408196579229e-12 -8.050863170199152477e-12 6.633857734138535167e-12 5.516158427047692567e-12 4.247865852268292193e-12 7.090088544698918638e-12 1.183767877274015529e-11 2.072064505963917419e-11 5.944224635226058424e-11 2.045351678710319972e-11 7.606394538090870357e-12 8.479562750272847465e-12 1.735832558985242077e-12 -3.345531227598964410e-12 -4.639180804435061420e-12 -5.135114803097027485e-12 -4.730855980561062554e-12 -2.642234449613054648e-12 -1.433177153544374947e-12 -2.317429752084604205e-12 6.507280800251842138e-13 1.088090805471812999e-12 1.764484482620760234e-13 -2.415332492253217181e-13
-1.446463186602466081e-11 2.709832640043812345e-11 -2.026980205837196475e-11 -1.137936903922924375e-11 8.768144513865323414e-12 -6.788103476911734465e-12 9.023338008584199342e-13 -5.871312614298479114e-12 5.327194168378184158e-12 5.272186028239761217e-12 2.045351678710319972e-11 4.016529893773912579e-11 2.104521709398829305e-11 1.418971348442409468e-11 9.428118236316364129e-12 1.847044739970404871e-12 7.365411764600995007e-14 8.443800135481990817e-14 1.740964419804088827e-12 2.466997877152458729e-12 -6.475185957112359908e-13 -1.904320241602502660e-12 2.837551683645881915e-13 -2.854643749681983573e-13 2.984216246862412996e-13 1.003319029226457583e-12
2.904817781329134232e-11 2.919497232075984479e-11 -1.340077955907001393e-11 9.593317925662349704e-12 9.105352385715392499e-12 -8.245256500936021856e-12 1.639944952880252392e-12 -7.072163080348040311e-12 1.493889424150166110e-12 3.669191941242168673e-12 7.606394538090870357e-12 2.104521709398829305e-11 4.219681010534550352e-11 2.256398404963669168e-11 1.398695161635995352e-11 4.886568698167898649e-12 8.401703136776026708e-14 1.093559066018749688e-12 2.254818046688703883e-12 2.941004037046529731e-12 2.082133027627234843e-14 -1.817055526609961029e-12 -6.395197136265931563e-13 -2.120215741002157899e-12 6.328439132450367857e-13 5.726318722965361926e-13
-1.571438953518101953e-12 2.899672366272640692e-11 1.180464602366951706e-11 1.114531752214539223e-11 2.140914312929129506e-12 -2.754410394275658132e-12 4.912913244118341719e-12 9.278447402828057434e-13 -1.101277714399719656e-12 -2.205203370362867556e-13 8.479562750272847465e-12 1.418971348442409468e-11 2.256398404963669168e-11 3.548996414147625148e-11 1.514885847214866810e-11 5.512254071820950625e-12 1.424676063773182114e-12 -2.427678887599730068e-13 4.795806232296973956e-13 2.500658463290938844e-12 1.016031725427477338e-12 -9.333280547599499552e-13 1.072889390016043645e-12 -2.400541725432155396e-12 8.795141135718621995e-13 -2.516994291742569490e-13
-1.551927170912500551e-11 1.178817533866487315e-11 9.994048348416965400e-12 1.315490895449144647e-11 -4.254274119859407893e-12 1.040776458356119079e-12 9.799458309407060380e-13 -4.315205255592091353e-12 3.013725627598863980e-13 1.953870685563799627e-12 1.735832558985242077e-12 9.428118236316364129e-12 1.398695161635995352e-11 1.514885847214866810e-11 2.544847956077975591e-11 9.204323991719758479e-12 6.458204548469355882e-12 3.475569235387112393e-12 1.610199108341865891e-12 1.032696142012363566e-12 3.662933526295903172e-13 -1.045343316080396715e-12 8.800415925136183946e-13 -2.188452941883310148e-12 -7.436937433823959426e-13 2.612095411867330751e-13
-3.863909555578167570e-12 -5.626695110087737620e-12 3.620810861364898467e-12 1.068468826977059729e-12 2.361678078952978805e-12 5.799664101411324708e-12 -5.155509598036918534e-12 -6.480278442828541437e-13 -4.207155608059318757e-12 -4.609956569991779971e-12 -3.345531227598964410e-12 1.847044739970404871e-12 4.886568698167898649e-12 5.512254071820950625e-12 9.204323991719758479e-12 2.593651957423129515e-11 1.214904720154697862e-11 4.063548927563293952e-12 2.643454037782266012e-12 3.417411480294546639e-13 3.299868378683406212e-13 -6.936637800368040804e-13 -6.591036448929040744e-13 -2.480184989799429515e-13 -5.788546143558879882e-13 6.508305738312875927e-13
3.169431695080819832e-12 -1.071949064077806826e-11 -2.471628451184557731e-12 1.140220216225152761e-11 -4.826321847885893401e-12 -2.718714312031503056e-12 -5.774299094119240243e-12 2.927948888960475444e-12 1.875786445579123117e-12 -1.997347506544032558e-12 -4.639180804435061420e-12 7.365411764600995007e-14 8.401703136776026708e-14 1.424676063773182114e-12 6.458204548469355882e-12 1.214904720154697862e-11 2.190223189224926834e-11 1.004350074071622543e-11 4.752439795804170144e-12 8.937008017557985654e-13 -1.183568244443448793e-13 -8.250568118728892785e-14 9.052191325752227650e-13 6.918598238073704903e-13 -1.740205732512138142e-12 6.125926901319250849e-13
-1.491316220058670400e-12 -1.748312091962026454e-11 -3.784315916969379874e-12 -3.696180790849552536e-12 3.368453914346038206e-12 2.013176695454658108e-12 1.405805393217615735e-13 -9.467343315918677514e-13 8.975926192263767806e-13 -2.168019196309734714e-13 -5.135114803097027485e-12 8.443800135481990817e-14 1.093559066018749688e-12 -2.427678887599730068e-13 3.475569235387112393e-12 4.063548927563293952e-12 1.004350074071622543e-11 1.731267424403525272e-11 1.064212482898674504e-11 4.211213673596405653e-12 2.406381168874619686e-12 5.038334174081980766e-13 -5.434913676954108793e-13 -7.528897893936117207e-13 -1.187387531173722518e-12 9.552818926801269256e-13
-7.636018216165320284e-12 -2.769473719291556761e-12 -1.853231762897763589e-12 6.137347682715980908e-12 6.465694592867362859e-12 6.708186693571089704e-12 2.637854621645317688e-12 -1.061069780304423625e-12 -6.272558696438430024e-13 -4.006574500115435452e-13 -4.730855980561062554e-12 1.740964419804088827e-12 2.254818046688703883e-12 4.795806232296973956e-13 1.610199108341865891e-12 2.643454037782266012e-12 4.752439795804170144e-12 1.064212482898674504e-11 1.862477981945836653e-11 7.268063832205478852e-12 3.275310981398967298e-12 -3.107249259754053586e-13 -5.153924311724544207e-13 -3.117836950237492649e-13 -1.063029442585070847e-12 1.098092196970115850e-12
-1.159867108733302394e-11 -1.006126913934653603e-12 -3.501637247985177899e-12 -2.990789324302692031e-12 4.334721628922413382e-13 4.332198579433165283e-13 -1.818406319514206055e-12 -9.412184143315572009e-13 -2.063388758693912031e-12 -2.862271956571744782e-12 -2.642234449613054648e-12 2.466997877152458729e-12 2.941004037046529731e-12 2.500658463290938844e-12 1.032696142012363566e-12 3.417411480294546639e-13 8.937008017557985654e-13 4.211213673596405653e-12 7.268063832205478852e-12 1.519789798507440609e-11 7.538902945600436957e-12 2.261311396010300489e-12 -4.011601068825835864e-13 -1.263044823646368957e-13 -7.123879629549017699e-14 8.052664544331657754e-13
3.904592011406043115e-12 1.917036734370938728e-12 -8.165172805873111226e-12 -1.932843002611023661e-12 2.005261690618891411e-12 1.657419558935062565e-12 3.196005614683562666e-12 -2.555550855108723642e-12 -4.218996378176133662e-12 -7.871107061383137235e-13 -1.433177153544374947e-12 -6.475185957112359908e-13 2.082133027627234843e-14 1.016031725427477338e-12 3.662933526295903172e-13 3.299868378683406212e-13 -1.183568244443448793e-13 2.406381168874619686e-12 3.275310981398967298e-12 7.538902945600436957e-12 1.412710519409729895e-11 5.798394525994323685e-12 1.224509833610887471e-12 -5.180106991529396193e-13 -2.170248155722310077e-13 5.661146705258087138e-13
1.919525458453356719e-12 -1.128932091334944090e-11 3.660329570142636885e-12 -3.824692074832402544e-12 -5.112004242695838537e-12 -1.399469960318738328e-12 -1.715951832094355738e-12 9.706882746744111193e-13 -3.573741177645606376e-13 -8.930757301824575105e-13 -2.317429752084604205e-12 -1.904320241602502660e-12 -1.817055526609961029e-12 -9.333280547599499552e-13 -1.045343316080396715e-12 -6.936637800368040804e-13 -8.250568118728892785e-14 5.038334174081980766e-13 -3.107249259754053586e-13 2.261311396010300489e-12 5.798394525994323685e-12 9.217953121917498626e-12 1.747319118273337138e-12 -1.865854056872196270e-13 -2.305137307498924555e-13 -2.868207630043646640e-14
-1.333951905382617396e-12 7.606972991829650286e-12 1.946906970328887758e-12 5.050272320617721693e-12 2.486303410527264277e-12 4.626316130027748970e-12 -1.639140353983085909e-12 1.613740949368510097e-12 2.204390722866625343e-12 -1.460237022798837801e-12 6.507280800251842138e-13 2.837551683645881915e-13 -6.395197136265931563e-13 1.072889390016043645e-12 8.800415925136183946e-13 -6.591036448929040744e-13 9.052191325752227650e-13 -5.434913676954108793e-13 -5.153924311724544207e-13 -4.011601068825835864e-13 1.224509833610887471e-12 1.747319118273337138e-12 6.651270147263124993e-12 8.728815168127729753e-13 -2.470970530384793945e-13 -2.036609152063357515e-13
-1.811593252888959406e-12 1.167605634849505326e-11 -2.367467340131599071e-12 -4.094058723412997547e-13 -1.930130715970839736e-12 1.341227619694309639e-12 -6.341672760127473092e-13 1.861172468122561540e-12 2.037749113720782641e-12 -1.748534345321539469e-12 1.088090805471812999e-12 -2.854643749681983573e-13 -2.120215741002157899e-12 -2.400541725432155396e-12 -2.188452941883310148e-12 -2.480184989799429515e-13 6.918598238073704903e-13 -7.528897893936117207e-13 -3.117836950237492649e-13 -1.263044823646368957e-13 -5.180106991529396193e-13 -1.865854056872196270e-13 8.728815168127729753e-13 4.722713497058135563e-12 5.579016959398260292e-14 9.030950450687482169e-14
-5.789909506476009565e-12 3.902461207149148157e-12 -1.789859070493090761e-12 -3.424581882150903499e-12 9.618462261983040275e-13 1.070373362097884335e-12 -1.197858936902451571e-12 -6.461272970748451487e-13 9.008086695999525551e-14 1.550739543393731587e-12 1.764484482620760234e-13 2.984216246862412996e-13 6.328439132450367857e-13 8.795141135718621995e-13 -7.436937433823959426e-13 -5.788546143558879882e-13 -1.740205732512138142e-12 -1.187387531173722518e-12 -1.063029442585070847e-12 -7.123879629549017699e-14 -2.170248155722310077e-13 -2.305137307498924555e-13 -2.470970530384793945e-13 5.579016959398260292e-14 4.080061740083023406e-12 3.433647751693188761e-13
-1.276735911823704536e-11 -1.281588156153005541e-12 1.114013575878322689e-12 -1.533789530787531925e-12 -2.040981305773720470e-13 2.419372241128624655e-13 -1.504995782840659571e-12 -1.326503112885402584e-12 -1.090886652976540665e-12 -3.523055464566979797e-13 -2.415332492253217181e-13 1.003319029226457583e-12 5.726318722965361926e-13 -2.516994291742569490e-13 2.612095411867330751e-13 6.508305738312875927e-13 6.125926901319250849e-13 9.552818926801269256e-13 1.098092196970115850e-12 8.052664544331657754e-13 5.661146705258087138e-13 -2.868207630043646640e-14 -2.036609152063357515e-13 9.030950450687482169e-14 3.433647751693188761e-13 2.419626590745594503e-12
