2.414809812862113616e-09 9.431332250039741876e-11 3.346039201086062952e-11 1.034890276273751582e-10 -4.661199886909906058e-11 3.268310690589928158e-11 3.321248038415716290e-12 5.098948725338889060e-11 -1.060549921919120286e-12 3.718249139927836067e-11 -4.292999633475803253e-12 1.783997812498773710e-11 -2.411311506159661792e-11 3.286228827259141195e-11 -1.268176717488678286e-11 1.073248154921513890e-11 -3.155357325621706028e-11 -2.041483074148996807e-11 -1.633161091714445823e-11 -1.315696237897055566e-12 4.857837859806242923e-12 7.150463085141105230e-13 -1.262293231977363696e-12 5.072405945579884743e-12 -8.995367542163459775e-12 1.906451283741762802e-12
9.431332250039741876e-11 1.910408048402533934e-09 1.602599638180731300e-10 1.291225355055598515e-10 6.167874415195425393e-11 6.596393100757517645e-11 2.285493045761154968e-11 -1.658123480886592978e-11 -1.113701086949731398e-11 -7.160774276599160768e-11 2.076734407188457101e-12 2.238772658485325591e-11 -1.185210175408444152e-11 4.652964860282053297e-12 3.105004621855512121e-11 -1.781268636066294770e-13 -7.117040013051874611e-12 5.240981589114324812e-12 2.210929077579931844e-11 1.312753585829446802e-11 1.898771124079992435e-12 -5.459793883442530386e-12 3.242317450112160525e-12 1.062374493769364442e-12 1.698790130652155363e-12 -1.336047594855032288e-12
3.346039201086062952e-11 1.602599638180731300e-10 1.249434327660258582e-09 6.894428134926962649e-11 6.789724293055831612e-12 1.103444255064123065e-10 6.182590380839830206e-11 1.740647141922059918e-12 -1.413975595291313666e-11 -1.204004448363298216e-11 7.725592006686834716e-12 -1.229456736410827486e-11 -2.606605109253163688e-11 -3.201056343430192955e-11 -1.119354322362803192e-11 -9.058316929386264907e-12 -1.890252774455614763e-11 -1.027263953645740455e-11 -9.684474540876051262e-12 -2.600179487127718682e-12 -6.172247568367021726e-13 -8.284850066166985985e-12 4.621337423859529480e-12 1.181504644678058700e-12 -5.341290492045342150e-12 -2.406751011530380539e-12
1.034890276273751582e-10 1.291225355055598515e-10 6.894428134926962649e-11 7.866090697384645456e-10 -1.274121877470293978e-11 -1.532113225852213918e-11 -4.402614958923186208e-12 3.833243324557489950e-11 -2.067520374325581748e-11 4.761533881741755064e-13 2.992828282503217623e-11 1.641623625342593672e-11 -1.769467990121732575e-12 -1.278102358125443140e-12 1.139881699455138511e-11 9.824428256294964189e-12 -4.218853892179739342e-12 -9.952548789402559174e-12 -9.416048107977962899e-13 -5.616570219594967513e-12 -2.593835839887713184e-12 -2.464958321353510254e-12 4.080423716435046624e-12 6.702679001435330119e-12 5.399229719768608549e-12 -1.370827709162438126e-12
-4.661199886909906058e-11 6.167874415195425393e-11 6.789724293055831612e-12 -1.274121877470293978e-11 5.626430791563481561e-10 6.611196001063003236e-11 2.312430315579018445e-11 1.382884909081669928e-11 2.156171758315413781e-11 1.446365381098537681e-12 1.737882477415832433e-11 4.836372050004427407e-12 2.229381911369507596e-11 3.035780800211914416e-12 -7.339062760890222731e-13 -4.239730056887978680e-13 1.129297529196252906e-11 7.677866736567369625e-12 4.904131450160673427e-12 -6.504919611011946802e-13 -4.393428061264147618e-12 -6.522610723379901416e-14 -3.596126879243588972e-12 1.199303828309718799e-12 2.422017963653485844e-12 1.910879120979149695e-12
3.268310690589928158e-11 6.596393100757517645e-11 1.103444255064123065e-10 -1.532113225852213918e-11 6.611196001063003236e-11 3.833723524879854352e-10 2.558826542796871422e-11 3.649967905936372057e-11 -7.674567467759416921e-12 8.386102227397944345e-13 -3.032492528719285126e-12 -8.243621840303382362e-12 -7.612322388758749360e-12 -5.405444462139960539e-12 -3.117328606926818533e-12 -6.609771714636196754e-13 -9.493108024560587156e-12 8.464782542411804188e-12 -4.208406115033793576e-12 -5.133978305796574094e-12 1.691284128064281287e-12 3.818535152291731788e-12 2.028683340733582001e-12 -1.449563309976485238e-12 1.171134779445183802e-12 2.492453895034577537e-12
3.321248038415716290e-12 2.285493045761154968e-11 6.182590380839830206e-11 -4.402614958923186208e-12 2.312430315579018445e-11 2.558826542796871422e-11 1.735683249768875241e-10 -1.914808430221533891e-12 -1.298523872683748498e-13 -5.441678183380838920e-13 1.907437106585905874e-11 8.118015651100027521e-12 5.649744443546157188e-13 -9.067947395179136523e-12 -5.217155640249565988e-12 -2.641510640324063359e-12 -5.151271736787773980e-12 -4.750707067144355779e-13 -2.476179911742538845e-12 -3.006916508929845139e-12 2.692497902728446857e-13 5.136945703476303042e-13 3.446613604935986695e-12 -2.008990562245128434e-12 -2.337255773248483487e-12 1.751153926766513173e-12
5.098948725338889060e-11 -1.658123480886592978e-11 1.740647141922059918e-12 3.833243324557489950e-11 1.382884909081669928e-11 3.649967905936372057e-11 -1.914808430221533891e-12 1.532926253444363572e-10 2.219561652969604682e-11 2.182855393719430160e-11 2.911174461262007240e-12 -1.781104766884188388e-12 3.436167018149027016e-12 2.069522933789250334e-12 1.088486013563921744e-12 4.271541201188931957e-13 -3.004275735249663788e-12 -8.813851681862751823e-13 2.081773315881759376e-13 -4.093040346771159747e-12 -2.921708541365558024e-12 4.632574726661092388e-13 3.233688138132855230e-13 1.113877407088364123e-12 1.837552767370162737e-12 1.069595999560829012e-12
-1.060549921919120286e-12 -1.113701086949731398e-11 -1.413975595291313666e-11 -2.067520374325581748e-11 2.156171758315413781e-11 -7.674567467759416921e-12 -1.298523872683748498e-13 2.219561652969604682e-11 1.138645458719346524e-10 2.157386857450510126e-11 5.228208451309975309e-12 1.372809779075262278e-11 4.506453192702940073e-12 2.303255058394100409e-12 -2.516878727857563933e-13 -3.239976197338131094e-12 -4.172838932578252345e-12 -4.605321270393736049e-12 -5.028755688051050524e-12 5.254196698267101733e-13 1.256828777411387902e-13 -1.410411830551718898e-12 -4.085441996634150743e-12 -9.330438116840323803e-13 1.093251852845431150e-13 1.310875730615461516e-12
3.718249139927836067e-11 -7.160774276599160768e-11 -1.204004448363298216e-11 4.761533881741755064e-13 1.446365381098537681e-12 8.386102227397944345e-13 -5.441678183380838920e-13 2.182855393719430160e-11 2.157386857450510126e-11 8.168448008501591459e-11 1.073229393914114366e-11 1.092504209623427366e-11 6.175306212224995669e-12 2.598393719199692745e-12 -8.581403749242430302e-13 -2.003532170752198636e-12 1.442659064957715864e-12 -1.490849300195852230e-12 -5.708471751063512344e-12 4.047603803528753717e-13 1.706911962937411700e-13 -1.675559009902094910e-12 3.752184959438406350e-13 9.337106646245955107e-16 -6.617821806484479248e-13 7.513627573798815285e-14
-4.292999633475803253e-12 2.076734407188457101e-12 7.725592006686834716e-12 2.992828282503217623e-11 1.737882477415832433e-11 -3.032492528719285126e-12 1.907437106585905874e-11 2.911174461262007240e-12 5.228208451309975309e-12 1.073229393914114366e-11 6.085258607069932913e-11 1.751203675832931205e-11 9.232110522181001823e-12 5.188602208857748461e-12 4.954272462145106660e-12 -5.351046328112836754e-13 4.760701004411698349e-14 -4.662745769468334751e-12 -1.148417416684670508e-13 -2.339338487242292387e-12 -8.074357456743918798e-13 -8.914515655169017699e-13 1.153962517144279461e-13 1.246642354996835482e-12 9.343135391725221478e-13 -1.112386071409210804e-12
1.783997812498773710e-11 2.238772658485325591e-11 -1.229456736410827486e-11 1.641623625342593672e-11 4.836372050004427407e-12 -8.243621840303382362e-12 8.118015651100027521e-12 -1.781104766884188388e-12 1.372809779075262278e-11 1.092504209623427366e-11 1.751203675832931205e-11 4.789215290270651004e-11 1.040464575655628288e-11 5.847103152026668632e-12 4.406354422772692437e-12 3.415475355061548304e-13 5.792650227173283258e-13 -1.072515969749147194e-12 2.735949123801928816e-12 5.162652824351215986e-13 2.948699425487681049e-13 3.326358664849747803e-13 -1.989143598236495567e-12 6.379377326847403638e-14 -4.858173522779095284e-13 -4.442437331359853943e-13
-2.411311506159661792e-11 -1.185210175408444152e-11 -2.606605109253163688e-11 -1.769467990121732575e-12 2.229381911369507596e-11 -7.612322388758749360e-12 5.649744443546157188e-13 3.436167018149027016e-12 4.506453192702940073e-12 6.175306212224995669e-12 9.232110522181001823e-12 1.040464575655628288e-11 3.705867216012634837e-11 1.263946730187769567e-11 4.895014185127852146e-12 1.579288887907338986e-12 5.420334047515979754e-13 -1.180212743053316868e-12 1.358459579503837874e-14 -4.395818707581171505e-13 -6.525829075667979186e-13 -2.474215041885906181e-13 -1.026550513268065669e-12 -1.136582196139643121e-13 2.291798618922538445e-13 -3.127654276721251026e-13
3.286228827259141195e-11 4.652964860282053297e-12 -3.201056343430192955e-11 -1.278102358125443140e-12 3.035780800211914416e-12 -5.405444462139960539e-12 -9.067947395179136523e-12 2.069522933789250334e-12 2.303255058394100409e-12 2.598393719199692745e-12 5.188602208857748461e-12 5.847103152026668632e-12 1.263946730187769567e-11 3.078042490935690455e-11 1.307891017809604187e-11 5.980209684981642407e-12 7.304578978276621517e-13 -1.380939145964357735e-12 2.027315288318084044e-12 1.224723336722030741e-12 4.573533078243485202e-13 3.038860387913627929e-13 -6.610815277575752172e-13 6.426020524580780399e-13 8.459506865233465161e-13 4.082686865388876036e-13
-1.268176717488678286e-11 3.105004621855512121e-11 -1.119354322362803192e-11 1.139881699455138511e-11 -7.339062760890222731e-13 -3.117328606926818533e-12 -5.217155640249565988e-12 1.088486013563921744e-12 -2.516878727857563933e-13 -8.581403749242430302e-13 4.954272462145106660e-12 4.406354422772692437e-12 4.895014185127852146e-12 1.307891017809604187e-11 2.386453962721425728e-11 9.220307133124519786e-12 4.449090424298501385e-12 1.136600913827988739e-12 4.551663984235511815e-12 2.562694588432088845e-12 1.137159451696628679e-12 -1.592926339307402477e-13 -1.052786210263065764e-12 8.736083579089111332e-13 4.348185592413427647e-13 -1.051778224254433369e-12
1.073248154921513890e-11 -1.781268636066294770e-13 -9.058316929386264907e-12 9.824428256294964189e-12 -4.239730056887978680e-13 -6.609771714636196754e-13 -2.641510640324063359e-12 4.271541201188931957e-13 -3.239976197338131094e-12 -2.003532170752198636e-12 -5.351046328112836754e-13 3.415475355061548304e-13 1.579288887907338986e-12 5.980209684981642407e-12 9.220307133124519786e-12 1.789565732324758291e-11 6.657574389437186295e-12 3.500064817709251781e-12 4.207353524025628752e-12 1.825787468158606647e-12 1.939913482402955441e-14 -3.917201971664174196e-13 -3.775220991428451383e-13 8.204822959372763383e-13 3.261731535524366607e-13 -6.115265467016647129e-13
-3.155357325621706028e-11 -7.117040013051874611e-12 -1.890252774455614763e-11 -4.218853892179739342e-12 1.129297529196252906e-11 -9.493108024560587156e-12 -5.151271736787773980e-12 -3.004275735249663788e-12 -4.172838932578252345e-12 1.442659064957715864e-12 4.760701004411698349e-14 5.792650227173283258e-13 5.420334047515979754e-13 7.304578978276621517e-13 4.449090424298501385e-12 6.657574389437186295e-12 1.842762382421444860e-11 8.504041543374801763e-12 5.017213384266108437e-12 2.497549273040151424e-12 1.390066988293175564e-12 3.763347605904304284e-13 -1.392360784852845359e-14 -2.912730780917189450e-13 -3.134689069224017115e-13 -7.766807592473444963e-13
-2.041483074148996807e-11 5.240981589114324812e-12 -1.027263953645740455e-11 -9.952548789402559174e-12 7.677866736567369625e-12 8.464782542411804188e-12 -4.750707067144355779e-13 -8.813851681862751823e-13 -4.605321270393736049e-12 -1.490849300195852230e-12 -4.662745769468334751e-12 -1.072515969749147194e-12 -1.180212743053316868e-12 -1.380939145964357735e-12 1.136600913827988739e-12 3.500064817709251781e-12 8.504041543374801763e-12 1.673324041558004026e-11 6.854242366288889723e-12 3.045874540877023032e-12 1.796666331484436597e-12 1.175884735463281345e-12 2.106001049012306578e-13 -1.224941925971659065e-12 -2.656193530903172452e-13 -1.453598770224793506e-14
-1.633161091714445823e-11 2.210929077579931844e-11 -9.684474540876051262e-12 -9.416048107977962899e-13 4.904131450160673427e-12 -4.208406115033793576e-12 -2.476179911742538845e-12 2.081773315881759376e-13 -5.028755688051050524e-12 -5.708471751063512344e-12 -1.148417416684670508e-13 2.735949123801928816e-12 1.358459579503837874e-14 2.027315288318084044e-12 4.551663984235511815e-12 4.207353524025628752e-12 5.017213384266108437e-12 6.854242366288889723e-12 1.649240485567061376e-11 6.593325151117774821e-12 2.924917024492947494e-12 8.280872211668270398e-13 -4.102596243441801672e-13 -2.238808612850491618e-13 5.263578021706001148e-13 -1.107860779679814634e-12
-1.315696237897055566e-12 1.312753585829446802e-11 -2.600179487127718682e-12 -5.616570219594967513e-12 -6.504919611011946802e-13 -5.133978305796574094e-12 -3.006916508929845139e-12 -4.093040346771159747e-12 5.254196698267101733e-13 4.047603803528753717e-13 -2.339338487242292387e-12 5.162652824351215986e-13 -4.395818707581171505e-13 1.224723336722030741e-12 2.562694588432088845e-12 1.825787468158606647e-12 2.497549273040151424e-12 3.045874540877023032e-12 6.593325151117774821e-12 1.180088971678935643e-11 3.986144368347511720e-12 1.098867399625192929e-12 -7.890576374140490697e-13 -8.962353854324549796e-13 -7.978329603097418965e-14 -4.750370527049352067e-13
4.857837859806242923e-12 1.898771124079992435e-12 -6.172247568367021726e-13 -2.593835839887713184e-12 -4.393428061264147618e-12 1.691284128064281287e-12 2.692497902728446857e-13 -2.921708541365558024e-12 1.256828777411387902e-13 1.706911962937411700e-13 -8.074357456743918798e-13 2.948699425487681049e-13 -6.525829075667979186e-13 4.573533078243485202e-13 1.137159451696628679e-12 1.939913482402955441e-14 1.390066988293175564e-12 1.796666331484436597e-12 2.924917024492947494e-12 3.986144368347511720e-12 6.703309332492386362e-12 1.878532287508181517e-12 5.815432542192668762e-13 -5.697171329582672889e-13 2.848189859359940328e-13 -2.132717295458427179e-13
7.150463085141105230e-13 -5.459793883442530386e-12 -8.284850066166985985e-12 -2.464958321353510254e-12 -6.522610723379901416e-14 3.818535152291731788e-12 5.136945703476303042e-13 4.632574726661092388e-13 -1.410411830551718898e-12 -1.675559009902094910e-12 -8.914515655169017699e-13 3.326358664849747803e-13 -2.474215041885906181e-13 3.038860387913627929e-13 -1.592926339307402477e-13 -3.917201971664174196e-13 3.763347605904304284e-13 1.175884735463281345e-12 8.280872211668270398e-13 1.098867399625192929e-12 1.878532287508181517e-12 5.153475247073458472e-12 1.437420891380220703e-12 1.623847551380257624e-13 1.769247637055309650e-13 -5.468218323830007894e-13
-1.262293231977363696e-12 3.242317450112160525e-12 4.621337423859529480e-12 4.080423716435046624e-12 -3.596126879243588972e-12 2.028683340733582001e-12 3.446613604935986695e-12 3.233688138132855230e-13 -4.085441996634150743e-12 3.752184959438406350e-13 1.153962517144279461e-13 -1.989143598236495567e-12 -1.026550513268065669e-12 -6.610815277575752172e-13 -1.052786210263065764e-12 -3.775220991428451383e-13 -1.392360784852845359e-14 2.106001049012306578e-13 -4.102596243441801672e-13 -7.890576374140490697e-13 5.815432542192668762e-13 1.437420891380220703e-12 4.829884432752044829e-12 4.107245404312882114e-13 -7.564105653126032594e-14 7.379637847611679173e-14
5.072405945579884743e-12 1.062374493769364442e-12 1.181504644678058700e-12 6.702679001435330119e-12 1.199303828309718799e-12 -1.449563309976485238e-12 -2.008990562245128434e-12 1.113877407088364123e-12 -9.330438116840323803e-13 9.337106646245955107e-16 1.246642354996835482e-12 6.379377326847403638e-14 -1.136582196139643121e-13 6.426020524580780399e-13 8.736083579089111332e-13 8.204822959372763383e-13 -2.912730780917189450e-13 -1.224941925971659065e-12 -2.238808612850491618e-13 -8.962353854324549796e-13 -5.697171329582672889e-13 1.623847551380257624e-13 4.107245404312882114e-13 3.516165482257511204e-12 6.274777592145715788e-13 -1.326935524434174574e-13
-8.995367542163459775e-12 1.698790130652155363e-12 -5.341290492045342150e-12 5.399229719768608549e-12 2.422017963653485844e-12 1.171134779445183802e-12 -2.337255773248483487e-12 1.837552767370162737e-12 1.093251852845431150e-13 -6.617821806484479248e-13 9.343135391725221478e-13 -4.858173522779095284e-13 2.291798618922538445e-13 8.459506865233465161e-13 4.348185592413427647e-13 3.261731535524366607e-13 -3.134689069224017115e-13 -2.656193530903172452e-13 5.263578021706001148e-13 -7.978329603097418965e-14 2.848189859359940328e-13 1.769247637055309650e-13 -7.564105653126032594e-14 6.274777592145715788e-13 2.443415746117340294e-12 5.711443833727805274e-14
1.906451283741762802e-12 -1.336047594855032288e-12 -2.406751011530380539e-12 -1.370827709162438126e-12 1.910879120979149695e-12 2.492453895034577537e-12 1.751153926766513173e-12 1.069595999560829012e-12 1.310875730615461516e-12 7.513627573798815285e-14 -1.112386071409210804e-12 -4.442437331359853943e-13 -3.127654276721251026e-13 4.082686865388876036e-13 -1.051778224254433369e-12 -6.115265467016647129e-13 -7.766807592473444963e-13 -1.453598770224793506e-14 -1.107860779679814634e-12 -4.750370527049352067e-13 -2.132717295458427179e-13 -5.468218323830007894e-13 7.379637847611679173e-14 -1.326935524434174574e-13 5.711443833727805274e-14 2.134744064652715504e-12
