2.755786299058096170e-09 2.541558517999458398e-11 -1.168670963075993505e-11 1.410004778837869746e-10 6.262586911226507656e-11 -9.792730627395648717e-12 1.112322344495848610e-10 1.294903537586291312e-10 4.100129184617226850e-11 4.137885012779103462e-11 -1.619127556384665682e-11 -1.728080852827678038e-11 -2.790885273416827577e-11 7.833478975237612148e-12 -1.393877541198709418e-11 -1.030930041208431664e-11 -3.404036859055993846e-12 1.027573869805827879e-11 -1.505553883570317349e-12 1.676377523539201822e-11 1.214126120878983181e-11 -2.023170300694074330e-12 -1.059320905063820065e-12 1.498483296302971565e-12 6.145676566978297833e-13 5.017289009925851250e-12
2.541558517999458398e-11 2.052979893793757797e-09 1.237936719843662570e-13 2.801080941404949219e-11 -3.384923501033877781e-11 -3.614901886909174206e-11 -2.191764420684864259e-11 -3.616928174645313692e-11 1.961691551951358708e-11 -3.046568768998209426e-11 -2.622551918014600554e-11 9.021938083991480042e-13 1.367478684078765270e-11 3.953604684019588616e-12 2.313516374066262882e-11 1.070305875905740064e-11 1.037831865671177194e-11 7.039197641772866870e-12 -1.713401919579219369e-11 1.760387887513936708e-11 2.026517367122416110e-11 9.891654621550423804e-13 -5.803310787387883794e-12 -4.556845437101030058e-12 4.895066524867886448e-13 3.577592659843914398e-12
-1.168670963075993505e-11 1.237936719843662570e-13 1.193737038127118856e-09 2.976901646731728813e-11 1.247490239705908803e-11 -2.022312804566454301e-11 -3.795357796962941069e-11 -1.132914472253242757e-11 6.952703156745182762e-12 -3.407800427834096880e-11 -1.591725120063425825e-11 1.770766053664156101e-11 2.230818897599202290e-11 4.777478632158643537e-12 1.498035701372624042e-11 -4.294248844539775068e-12 -2.199014707535550983e-12 5.184104389847776677e-12 9.768886229624949195e-12 -4.310796013572639481e-12 -1.645511278544631546e-12 -1.093402112480556907e-11 -2.228059754090011863e-12 -4.963538762386458318e-12 5.198618985951128676e-12 4.709958324503873486e-12
1.410004778837869746e-10 2.801080941404949219e-11 2.976901646731728813e-11 8.079260596331195965e-10 7.876643601062531659e-11 2.656494463761622690e-11 3.270434340877617861e-12 7.303257595806996384e-13 2.861497163455687899e-12 2.188723541824076242e-11 1.465780847421024613e-11 -1.049117754511361181e-11 -1.038046002499947371e-11 1.747549372151834189e-12 1.184172160447753822e-11 -2.397109538239839758e-12 -5.240523278695276150e-12 -6.659151419086197993e-13 -9.386550105953602047e-13 3.346789896210929227e-12 7.053372985812256678e-12 6.802891924499146790e-12 1.357823600707735431e-12 1.496318541039964661e-12 4.201909945442692628e-12 4.562720526295053909e-13
6.262586911226507656e-11 -3.384923501033877781e-11 1.247490239705908803e-11 7.876643601062531659e-11 5.457988125392739679e-10 5.382653083214156694e-11 1.476786349966027640e-11 -6.497109309729873887e-12 -1.436715193146896692e-12 1.829349694184511695e-11 2.532115233457989364e-11 -8.307518257642536882e-12 -3.850746449456525672e-12 -2.919457390712572265e-12 -5.789704367855426943e-13 -6.768191960571096382e-12 -1.231474436056675995e-11 -6.032445709947845047e-12 -3.247210206868986535e-12 -1.056099875530060085e-11 -8.685781956837327206e-12 -9.357246063606738667e-12 1.460658256817073468e-12 4.579532488638005237e-13 1.367882988029059885e-12 4.946581697405976022e-12
-9.792730627395648717e-12 -3.614901886909174206e-11 -2.022312804566454301e-11 2.656494463761622690e-11 5.382653083214156694e-11 3.844243317067970386e-10 7.613560077988913106e-12 3.059139750044720427e-11 1.806104460077386844e-11 1.103311863384757165e-11 8.324228976033480767e-12 -8.224139261473654159e-13 -7.642834027251230966e-12 -2.339563738451427660e-12 -1.835826389863349319e-12 -2.111667465134570026e-12 -8.051970446165802107e-12 -1.128525116277043845e-12 2.506830723726001449e-12 6.457600082709030395e-12 3.888460291236872365e-12 6.278230051642798494e-12 4.556786099916895192e-12 2.195130644760676551e-13 -2.133172973614393298e-12 -3.746736917949791903e-12
1.112322344495848610e-10 -2.191764420684864259e-11 -3.795357796962941069e-11 3.270434340877617861e-12 1.476786349966027640e-11 7.613560077988913106e-12 2.415480575464168155e-10 2.437385783190276290e-11 -2.162737980365127556e-13 2.285600211806355496e-11 7.583188177835239784e-12 -7.426437070785751803e-12 6.827256650143740823e-13 4.014623283145032604e-12 -7.026466051925803481e-12 -9.404355248173352372e-12 -1.103618125227673290e-11 -7.661624882557856572e-12 -5.785418590914043174e-12 -3.714143155184263981e-12 -1.779702998988328116e-12 -3.736191494331786165e-12 -9.597581178012515714e-13 -7.332266052567009638e-14 5.869765582660822181e-13 3.767459662888599183e-12
1.294903537586291312e-10 -3.616928174645313692e-11 -1.132914472253242757e-11 7.303257595806996384e-13 -6.497109309729873887e-12 3.059139750044720427e-11 2.437385783190276290e-11 1.928729943850862682e-10 3.993058946348632755e-11 2.172365529975087370e-11 9.177137192068482782e-12 -3.826654257721256527e-12 -2.683109010004732639e-12 7.895733948930109106e-12 3.383319556745576621e-12 2.342556362652401149e-12 -2.865654778213626510e-12 2.324907780470882062e-12 -4.183670426393303677e-12 1.480844170872127986e-12 1.222799258072910357e-12 -2.359695749417460581e-12 2.036098781217244457e-12 1.322767116717566526e-12 -4.460350883031339888e-13 -9.611159788777422827e-13
4.100129184617226850e-11 1.961691551951358708e-11 6.952703156745182762e-12 2.861497163455687899e-12 -1.436715193146896692e-12 1.806104460077386844e-11 -2.162737980365127556e-13 3.993058946348632755e-11 1.247660316764048598e-10 1.794667383006557177e-11 1.304880605390004042e-11 3.937260311202924563e-12 -5.087588864089269910e-12 1.387273671518751328e-12 -6.095661344547095217e-13 6.053060739824380228e-13 -4.354365558569048723e-13 6.558526511407983389e-12 5.185433578805064839e-12 4.103030862531582537e-12 2.257511019520276779e-13 8.172416948672407311e-13 -4.746737182931316732e-14 6.709711596312493662e-13 -5.361500042463712488e-13 -1.764564333733988828e-12
4.137885012779103462e-11 -3.046568768998209426e-11 -3.407800427834096880e-11 2.188723541824076242e-11 1.829349694184511695e-11 1.103311863384757165e-11 2.285600211806355496e-11 2.172365529975087370e-11 1.794667383006557177e-11 9.027603924635332609e-11 1.421496384733245364e-11 1.072209507317219551e-11 5.892563691918012641e-12 4.793835814118416132e-12 -2.172232231007578929e-12 -9.430704921213009847e-13 -1.409759097260791329e-12 -3.132791470667838710e-12 -3.708468255431236044e-12 2.342995837029083849e-12 2.712634979194253191e-12 1.514376706211353563e-13 -2.850042018126642259e-13 5.218302716166940365e-13 -7.746382760368790090e-13 -1.434820284145300872e-12
-1.619127556384665682e-11 -2.622551918014600554e-11 -1.591725120063425825e-11 1.465780847421024613e-11 2.532115233457989364e-11 8.324228976033480767e-12 7.583188177835239784e-12 9.177137192068482782e-12 1.304880605390004042e-11 1.421496384733245364e-11 6.038480912159373381e-11 1.321275087646073424e-11 1.511144628234188100e-13 1.071320786909279723e-12 -2.954229995068429588e-12 -1.803957359831775667e-12 -3.054348162698181302e-13 -6.175175919644724892e-13 -3.234315409111809316e-12 -3.089540955529309730e-12 -3.717346484009194922e-12 -2.189245460083332460e-12 -9.656198931068794112e-13 1.290523738110006296e-12 1.157803129928798453e-12 -2.318262858794625660e-13
-1.728080852827678038e-11 9.021938083991480042e-13 1.770766053664156101e-11 -1.049117754511361181e-11 -8.307518257642536882e-12 -8.224139261473654159e-13 -7.426437070785751803e-12 -3.826654257721256527e-12 3.937260311202924563e-12 1.072209507317219551e-11 1.321275087646073424e-11 4.765306452692565940e-11 1.208565183711052855e-11 7.944702700360015223e-12 3.672226228341508303e-13 -2.535563681967043268e-12 2.264353659443331189e-12 1.221533640628098825e-12 -1.575265702819069901e-14 -1.301911650282110590e-12 -3.267779066719219270e-14 9.163332972231939432e-13 -9.059454381063363981e-13 -8.354140773924216098e-13 1.955784635675601686e-13 -6.486586243011331533e-13
-2.790885273416827577e-11 1.367478684078765270e-11 2.230818897599202290e-11 -1.038046002499947371e-11 -3.850746449456525672e-12 -7.642834027251230966e-12 6.827256650143740823e-13 -2.683109010004732639e-12 -5.087588864089269910e-12 5.892563691918012641e-12 1.511144628234188100e-13 1.208565183711052855e-11 3.837640377226606154e-11 1.193823402460475349e-11 8.767274291739003081e-12 4.710740523695279376e-12 5.616361699923652081e-12 1.364133884836373805e-12 2.356988307519267925e-12 -1.773999186635999500e-13 -9.097821679049580889e-13 -3.154316374502930273e-14 6.742359590836962635e-13 7.250328462719370869e-13 9.680478352314501661e-13 3.442219235875073876e-13
7.833478975237612148e-12 3.953604684019588616e-12 4.777478632158643537e-12 1.747549372151834189e-12 -2.919457390712572265e-12 -2.339563738451427660e-12 4.014623283145032604e-12 7.895733948930109106e-12 1.387273671518751328e-12 4.793835814118416132e-12 1.071320786909279723e-12 7.944702700360015223e-12 1.193823402460475349e-11 2.647234835724664201e-11 1.182695262238795962e-11 7.335891194575135116e-12 3.088073890542321836e-12 2.609754849032668248e-12 2.401857468742184576e-12 8.288692855048610359e-13 1.988738304958213987e-12 1.072139441566412815e-12 3.770301450925963192e-13 -2.582261814618099539e-13 1.091292621076733638e-12 -5.772936075012088421e-13
-1.393877541198709418e-11 2.313516374066262882e-11 1.498035701372624042e-11 1.184172160447753822e-11 -5.789704367855426943e-13 -1.835826389863349319e-12 -7.026466051925803481e-12 3.383319556745576621e-12 -6.095661344547095217e-13 -2.172232231007578929e-12 -2.954229995068429588e-12 3.672226228341508303e-13 8.767274291739003081e-12 1.182695262238795962e-11 2.546968646110979037e-11 1.381330087685891093e-11 5.433497647872512949e-12 4.537800462146315842e-12 2.057324465167697172e-12 9.397228893550329084e-13 1.459864053433947333e-12 2.459408043457370015e-13 1.388634553729307958e-12 1.269548667088673541e-13 1.138494771344494153e-13 -9.698817353981125525e-13
-1.030930041208431664e-11 1.070305875905740064e-11 -4.294248844539775068e-12 -2.397109538239839758e-12 -6.768191960571096382e-12 -2.111667465134570026e-12 -9.404355248173352372e-12 2.342556362652401149e-12 6.053060739824380228e-13 -9.430704921213009847e-13 -1.803957359831775667e-12 -2.535563681967043268e-12 4.710740523695279376e-12 7.335891194575135116e-12 1.381330087685891093e-11 2.597288376223060937e-11 1.237827073989936252e-11 6.535316633867332683e-12 5.175362761355738452e-12 2.674480602004836270e-12 3.159063597425648063e-12 2.415472080497855933e-12 2.958844231835555179e-12 1.498602884418432076e-12 1.096100814636664683e-13 -9.715615809356395160e-13
-3.404036859055993846e-12 1.037831865671177194e-11 -2.199014707535550983e-12 -5.240523278695276150e-12 -1.231474436056675995e-11 -8.051970446165802107e-12 -1.103618125227673290e-11 -2.865654778213626510e-12 -4.354365558569048723e-13 -1.409759097260791329e-12 -3.054348162698181302e-13 2.264353659443331189e-12 5.616361699923652081e-12 3.088073890542321836e-12 5.433497647872512949e-12 1.237827073989936252e-11 2.195908024940075764e-11 1.064901830464969090e-11 5.782031457573320539e-12 2.830361606917668027e-12 2.215341072915680091e-12 1.953436083307204812e-12 1.547047759840785257e-12 5.604035695988250932e-14 2.017572491913418096e-13 3.806861527245159725e-14
1.027573869805827879e-11 7.039197641772866870e-12 5.184104389847776677e-12 -6.659151419086197993e-13 -6.032445709947845047e-12 -1.128525116277043845e-12 -7.661624882557856572e-12 2.324907780470882062e-12 6.558526511407983389e-12 -3.132791470667838710e-12 -6.175175919644724892e-13 1.221533640628098825e-12 1.364133884836373805e-12 2.609754849032668248e-12 4.537800462146315842e-12 6.535316633867332683e-12 1.064901830464969090e-11 1.987475345370315904e-11 9.907176702679483484e-12 3.905723255784666178e-12 3.328112726088365719e-12 2.671656215075217803e-12 1.963364912318625086e-13 -9.062203231124246681e-13 8.897407221042634426e-13 -4.865589083138850718e-13
-1.505553883570317349e-12 -1.713401919579219369e-11 9.768886229624949195e-12 -9.386550105953602047e-13 -3.247210206868986535e-12 2.506830723726001449e-12 -5.785418590914043174e-12 -4.183670426393303677e-12 5.185433578805064839e-12 -3.708468255431236044e-12 -3.234315409111809316e-12 -1.575265702819069901e-14 2.356988307519267925e-12 2.401857468742184576e-12 2.057324465167697172e-12 5.175362761355738452e-12 5.782031457573320539e-12 9.907176702679483484e-12 1.645017169904322440e-11 8.307816028829974032e-12 5.337103420203453779e-12 3.100061419528361842e-12 3.044497528787414443e-13 -8.984010117137290503e-13 3.253262736517246908e-13 -3.602359626626157916e-13
1.676377523539201822e-11 1.760387887513936708e-11 -4.310796013572639481e-12 3.346789896210929227e-12 -1.056099875530060085e-11 6.457600082709030395e-12 -3.714143155184263981e-12 1.480844170872127986e-12 4.103030862531582537e-12 2.342995837029083849e-12 -3.089540955529309730e-12 -1.301911650282110590e-12 -1.773999186635999500e-13 8.288692855048610359e-13 9.397228893550329084e-13 2.674480602004836270e-12 2.830361606917668027e-12 3.905723255784666178e-12 8.307816028829974032e-12 1.486894254007905232e-11 6.697091891092490203e-12 2.647329252552231611e-12 1.921608580864546069e-13 -7.263345065048659104e-13 1.373391561747214308e-13 -1.095012412933194422e-12
1.214126120878983181e-11 2.026517367122416110e-11 -1.645511278544631546e-12 7.053372985812256678e-12 -8.685781956837327206e-12 3.888460291236872365e-12 -1.779702998988328116e-12 1.222799258072910357e-12 2.257511019520276779e-13 2.712634979194253191e-12 -3.717346484009194922e-12 -3.267779066719219270e-14 -9.097821679049580889e-13 1.988738304958213987e-12 1.459864053433947333e-12 3.159063597425648063e-12 2.215341072915680091e-12 3.328112726088365719e-12 5.337103420203453779e-12 6.697091891092490203e-12 1.212320245755405699e-11 5.326286743204113156e-12 7.926820663133190726e-13 -1.741730314321657918e-13 2.695355827993167133e-13 -1.116954318851268102e-12
-2.023170300694074330e-12 9.891654621550423804e-13 -1.093402112480556907e-11 6.802891924499146790e-12 -9.357246063606738667e-12 6.278230051642798494e-12 -3.736191494331786165e-12 -2.359695749417460581e-12 8.172416948672407311e-13 1.514376706211353563e-13 -2.189245460083332460e-12 9.163332972231939432e-13 -3.154316374502930273e-14 1.072139441566412815e-12 2.459408043457370015e-13 2.415472080497855933e-12 1.953436083307204812e-12 2.671656215075217803e-12 3.100061419528361842e-12 2.647329252552231611e-12 5.326286743204113156e-12 9.171418341036046022e-12 3.345120628696791877e-12 8.233918312708053648e-13 -1.362520321436832896e-13 -9.440544462778885308e-13
-1.059320905063820065e-12 -5.803310787387883794e-12 -2.228059754090011863e-12 1.357823600707735431e-12 1.460658256817073468e-12 4.556786099916895192e-12 -9.597581178012515714e-13 2.036098781217244457e-12 -4.746737182931316732e-14 -2.850042018126642259e-13 -9.656198931068794112e-13 -9.059454381063363981e-13 6.742359590836962635e-13 3.770301450925963192e-13 1.388634553729307958e-12 2.958844231835555179e-12 1.547047759840785257e-12 1.963364912318625086e-13 3.044497528787414443e-13 1.921608580864546069e-13 7.926820663133190726e-13 3.345120628696791877e-12 7.822233556461830246e-12 2.595173775610909532e-12 -2.372175510143317128e-13 -9.002229828356491729e-13
1.498483296302971565e-12 -4.556845437101030058e-12 -4.963538762386458318e-12 1.496318541039964661e-12 4.579532488638005237e-13 2.195130644760676551e-13 -7.332266052567009638e-14 1.322767116717566526e-12 6.709711596312493662e-13 5.218302716166940365e-13 1.290523738110006296e-12 -8.354140773924216098e-13 7.250328462719370869e-13 -2.582261814618099539e-13 1.269548667088673541e-13 1.498602884418432076e-12 5.604035695988250932e-14 -9.062203231124246681e-13 -8.984010117137290503e-13 -7.263345065048659104e-13 -1.741730314321657918e-13 8.233918312708053648e-13 2.595173775610909532e-12 5.876548024165153535e-12 7.107568701032622340e-13 -2.912169864283925882e-13
6.145676566978297833e-13 4.895066524867886448e-13 5.198618985951128676e-12 4.201909945442692628e-12 1.367882988029059885e-12 -2.133172973614393298e-12 5.869765582660822181e-13 -4.460350883031339888e-13 -5.361500042463712488e-13 -7.746382760368790090e-13 1.157803129928798453e-12 1.955784635675601686e-13 9.680478352314501661e-13 1.091292621076733638e-12 1.138494771344494153e-13 1.096100814636664683e-13 2.017572491913418096e-13 8.897407221042634426e-13 3.253262736517246908e-13 1.373391561747214308e-13 2.695355827993167133e-13 -1.362520321436832896e-13 -2.372175510143317128e-13 7.107568701032622340e-13 3.274837440969675261e-12 6.278937174769125820e-13
5.017289009925851250e-12 3.577592659843914398e-12 4.709958324503873486e-12 4.562720526295053909e-13 4.946581697405976022e-12 -3.746736917949791903e-12 3.767459662888599183e-12 -9.611159788777422827e-13 -1.764564333733988828e-12 -1.434820284145300872e-12 -2.318262858794625660e-13 -6.486586243011331533e-13 3.442219235875073876e-13 -5.772936075012088421e-13 -9.698817353981125525e-13 -9.715615809356395160e-13 3.806861527245159725e-14 -4.865589083138850718e-13 -3.602359626626157916e-13 -1.095012412933194422e-12 -1.116954318851268102e-12 -9.440544462778885308e-13 -9.002229828356491729e-13 -2.912169864283925882e-13 6.278937174769125820e-13 2.754993271912495483e-12
