3.605618516843833051e-09 2.610038809539753490e-10 3.590938242979585554e-10 1.459472605591803681e-10 -1.221735335775877231e-10 -5.314685436828242381e-11 -1.052279695464764761e-10 -3.733727856208890032e-11 -4.988451194748412550e-11 6.616525311492166050e-12 3.066774213032877865e-11 1.753994541666697441e-11 4.272462865321697356e-11 1.907359201075848963e-11 2.693197591184795689e-12 -1.444456232345639225e-11 -2.897411589256927721e-11 -9.422533312573709277e-12 -1.889720284727846262e-12 -1.463758542897382920e-11 -1.026388353750355440e-11 1.551756486147040040e-11 -1.883818556387467279e-11 2.188776157121848661e-12 8.464849322541389239e-12 7.576241303733236933e-12
2.610038809539753490e-10 2.658245085895101986e-09 -8.999627302635473677e-11 -1.134026326463925330e-11 9.877468929245873759e-11 5.996974484427967172e-11 2.829445661811563734e-11 6.663437914179150850e-11 1.989683344183571092e-11 4.355924511307267012e-12 -6.884512748790015394e-12 1.261349160773300774e-11 -3.738606286681111629e-12 1.680422870082002986e-12 -5.098774022103279324e-12 -5.579562141589140427e-12 3.788190773895820552e-11 4.238298029080459965e-11 3.000649317054225575e-13 -1.120469175253446988e-11 -1.966576076217454001e-11 7.877813194525682116e-12 1.567006441767624313e-11 -9.034039128221141517e-13 -1.119349358652023995e-11 9.662772919265917053e-12
3.590938242979585554e-10 -8.999627302635473677e-11 1.360571350667934906e-09 2.572166863460113865e-10 -4.952048329646102259e-11 -3.639668663358510174e-11 3.854762226258633595e-11 -3.299202183608182314e-11 2.983168382671736968e-11 9.627073298379498634e-12 5.516900115965357776e-12 1.274556909324462038e-11 2.806626369353407912e-11 2.931723436702101498e-11 6.158257967294414046e-12 -1.057621646817647881e-11 3.225563329690988248e-12 -7.981126376453992341e-12 -1.016514416220510206e-11 -6.517820453840190080e-12 1.802867624024289792e-12 1.584595151374834723e-11 7.913199394489711817e-13 2.703572929595683846e-12 8.632880197289038711e-12 2.953064630156147736e-12
1.459472605591803681e-10 -1.134026326463925330e-11 2.572166863460113865e-10 9.729047028501505479e-10 9.119291757000718200e-11 7.664653021658048184e-11 7.496672394851221684e-11 2.503569393580000104e-12 2.201266176212022862e-11 2.385221313900613958e-11 2.528363996776294581e-11 3.485883972813789468e-11 1.787955366812718468e-11 2.232780532613450172e-11 -2.114782538994282241e-12 -8.463971669564990488e-12 -7.302812239863491026e-12 -2.159845117865680412e-11 -1.366862630997452508e-11 1.051106066061729878e-11 1.121319308466008334e-11 1.725138107838773613e-11 -8.700570448075193740e-12 -1.051765522156161286e-11 -4.618724631548246655e-12 4.462706903754377620e-12
-1.221735335775877231e-10 9.877468929245873759e-11 -4.952048329646102259e-11 9.119291757000718200e-11 6.136776203831364533e-10 5.876453416255812135e-11 6.483613910939721435e-11 4.433842457368770202e-11 2.475185659215769203e-11 1.987938045127833283e-11 2.365714063826737468e-11 2.317567242106051005e-11 2.759743012806549010e-12 1.743025787177202548e-12 -1.568512062659726968e-12 -1.684740257541999384e-11 2.812815032527534698e-12 4.471658041611356266e-12 -5.317858882573994337e-12 1.271519732409575816e-12 -8.814459423975340979e-12 -3.045888370244861100e-13 -1.972661556597611028e-12 -6.894170671722322149e-12 -1.114160202966403654e-12 -1.879662220162181037e-12
-5.314685436828242381e-11 5.996974484427967172e-11 -3.639668663358510174e-11 7.664653021658048184e-11 5.876453416255812135e-11 4.154228510057918375e-10 4.004617000311370735e-11 5.524032997972893697e-12 2.362641432009485508e-11 3.429167677165216227e-12 -2.099001014798848035e-12 1.320747449355843906e-11 1.099035317055770259e-11 1.120962103807327882e-12 1.647549603199435204e-12 3.120353124573412006e-13 8.544065759532829978e-12 4.404842767110677289e-12 -1.763769642462813124e-12 -7.864810955530987626e-12 -9.095173278312647701e-12 -3.696079785595469164e-12 1.335842516410930058e-12 3.379518218511326995e-12 -4.010403188049297181e-13 -2.822682324456434067e-12
-1.052279695464764761e-10 2.829445661811563734e-11 3.854762226258633595e-11 7.496672394851221684e-11 6.483613910939721435e-11 4.004617000311370735e-11 3.032041611344238953e-10 3.051899405629754664e-11 4.242558374496472300e-12 -2.127070306433455289e-12 1.508002287218906483e-11 1.351044609897803716e-11 6.706151660968422393e-12 1.348102726064648333e-11 8.795301845855692807e-12 -1.985118797414535561e-12 7.568126101045396507e-12 1.533415478397546579e-12 -2.951118924421176162e-12 2.675522053284759522e-12 -1.463731496101066938e-12 4.764051039789784039e-12 -4.289895746377436115e-12 -7.400320246887647984e-13 1.171482117667745224e-12 -3.666048675889287576e-12
-3.733727856208890032e-11 6.663437914179150850e-11 -3.299202183608182314e-11 2.503569393580000104e-12 4.433842457368770202e-11 5.524032997972893697e-12 3.051899405629754664e-11 1.942030120209552694e-10 3.148568225416785259e-11 1.605447563707926998e-11 -1.687206287625296976e-12 1.158677448879930412e-12 -2.633628206810561411e-12 2.144797283468939211e-12 7.483839200054652980e-12 1.238356772597332886e-11 1.134415016890543865e-11 1.411925784369862143e-12 -5.833456088579339260e-12 -1.000105847047999890e-12 2.862253926121741012e-12 8.348969617688502606e-13 -5.669837236788583700e-13 -4.333865960116376962e-12 -1.875955242912546572e-12 -1.893120897427736916e-12
-4.988451194748412550e-11 1.989683344183571092e-11 2.983168382671736968e-11 2.201266176212022862e-11 2.475185659215769203e-11 2.362641432009485508e-11 4.242558374496472300e-12 3.148568225416785259e-11 1.241910411340397453e-10 3.284553905892557938e-11 7.919554301530810586e-12 9.387215710237107696e-12 3.298569786713470819e-12 -1.848499799335456036e-12 -7.954576030376400893e-12 -2.744511332991376896e-12 1.408972639826347438e-12 -1.567147301463848866e-12 -5.351078010828710167e-12 -7.359212896752331153e-12 -3.724357445572371416e-12 -3.486225049002201824e-12 2.100359295521577671e-12 7.427736290411267105e-13 -1.441861320809655119e-12 -7.822155532172865082e-13
6.616525311492166050e-12 4.355924511307267012e-12 9.627073298379498634e-12 2.385221313900613958e-11 1.987938045127833283e-11 3.429167677165216227e-12 -2.127070306433455289e-12 1.605447563707926998e-11 3.284553905892557938e-11 1.246723906076296018e-10 1.998102211135588161e-11 1.508299270307337995e-11 -3.248185672584253800e-12 -2.884423379289024243e-12 -2.918377720017782755e-12 -2.968843154997617962e-12 -1.919692741162306051e-12 -5.479939439467676331e-12 -4.661437627599794152e-12 -1.651022627628349905e-12 -8.101021982541113302e-13 -5.635244518927393397e-13 2.476343432737910201e-12 1.694486655832057575e-12 -5.810446047613551911e-12 5.027484444640138469e-13
3.066774213032877865e-11 -6.884512748790015394e-12 5.516900115965357776e-12 2.528363996776294581e-11 2.365714063826737468e-11 -2.099001014798848035e-12 1.508002287218906483e-11 -1.687206287625296976e-12 7.919554301530810586e-12 1.998102211135588161e-11 7.507150018213840375e-11 2.660992748065597027e-11 1.449598225394981558e-11 5.049263955836505313e-12 -8.850171601835598352e-13 -1.597902275332831738e-12 -4.670433158475466154e-13 1.941315007762169511e-13 -2.459326083299952823e-12 7.615602102312959746e-13 5.547388107016083117e-13 9.717549547664525890e-13 -1.342046087260687657e-13 -1.152926949334527413e-12 -7.544213588544824708e-13 -1.406202767212687932e-14
1.753994541666697441e-11 1.261349160773300774e-11 1.274556909324462038e-11 3.485883972813789468e-11 2.317567242106051005e-11 1.320747449355843906e-11 1.351044609897803716e-11 1.158677448879930412e-12 9.387215710237107696e-12 1.508299270307337995e-11 2.660992748065597027e-11 7.620580805115033972e-11 2.302970911777008230e-11 8.385416795171259058e-12 2.989339472211439216e-12 -8.601724323924372477e-13 5.095954712850917647e-13 -1.145097384309001693e-12 -3.672453269402743081e-12 -3.251491041489606604e-13 -5.032341203273662016e-12 -2.115655557352747578e-13 9.615283715267958499e-14 -7.276497428852529354e-13 -1.983477075650701017e-12 -1.588073494721271916e-13
4.272462865321697356e-11 -3.738606286681111629e-12 2.806626369353407912e-11 1.787955366812718468e-11 2.759743012806549010e-12 1.099035317055770259e-11 6.706151660968422393e-12 -2.633628206810561411e-12 3.298569786713470819e-12 -3.248185672584253800e-12 1.449598225394981558e-11 2.302970911777008230e-11 5.848406854974620983e-11 2.174508809038792935e-11 1.076157494294549979e-11 4.723613170454652751e-13 2.968858563764174629e-12 3.566090367195759350e-12 -1.887264882342809359e-12 2.554440844256052176e-14 -1.560028638300536944e-12 -5.832962203606243398e-13 -1.728181418314834966e-12 -1.176595152145150628e-12 -7.673358061945200738e-13 4.537032975176654261e-13
1.907359201075848963e-11 1.680422870082002986e-12 2.931723436702101498e-11 2.232780532613450172e-11 1.743025787177202548e-12 1.120962103807327882e-12 1.348102726064648333e-11 2.144797283468939211e-12 -1.848499799335456036e-12 -2.884423379289024243e-12 5.049263955836505313e-12 8.385416795171259058e-12 2.174508809038792935e-11 4.672578414326086990e-11 1.994105492314849368e-11 5.884020281886930450e-12 2.939847212856173395e-12 7.537037824208619101e-13 1.584105828252232906e-13 1.702830716917618376e-12 -2.320981797001854689e-12 -2.650734830365822803e-12 -3.490950521292375842e-12 -1.449513303765353045e-12 -1.455486184714413460e-12 -9.741622207830080271e-13
2.693197591184795689e-12 -5.098774022103279324e-12 6.158257967294414046e-12 -2.114782538994282241e-12 -1.568512062659726968e-12 1.647549603199435204e-12 8.795301845855692807e-12 7.483839200054652980e-12 -7.954576030376400893e-12 -2.918377720017782755e-12 -8.850171601835598352e-13 2.989339472211439216e-12 1.076157494294549979e-11 1.994105492314849368e-11 3.661387098612162381e-11 1.300132571762664839e-11 5.128426119847045632e-12 2.832669376467206692e-12 3.864952043201590738e-12 4.765313723031427421e-12 1.996596488097335662e-12 -2.517805565542749163e-12 -4.877777071874239683e-14 7.334417589722953772e-13 6.802538051304232895e-13 -4.442117631243944279e-13
-1.444456232345639225e-11 -5.579562141589140427e-12 -1.057621646817647881e-11 -8.463971669564990488e-12 -1.684740257541999384e-11 3.120353124573412006e-13 -1.985118797414535561e-12 1.238356772597332886e-11 -2.744511332991376896e-12 -2.968843154997617962e-12 -1.597902275332831738e-12 -8.601724323924372477e-13 4.723613170454652751e-13 5.884020281886930450e-12 1.300132571762664839e-11 3.204424284293057684e-11 1.543806323062528982e-11 7.650931975060482659e-12 7.634363074537789764e-12 4.686431139624706002e-12 3.210900043474440415e-12 1.168765238878478269e-12 -9.972589563857875863e-14 -2.102301541449826015e-13 8.542365951852175143e-14 1.871118865458703133e-13
-2.897411589256927721e-11 3.788190773895820552e-11 3.225563329690988248e-12 -7.302812239863491026e-12 2.812815032527534698e-12 8.544065759532829978e-12 7.568126101045396507e-12 1.134415016890543865e-11 1.408972639826347438e-12 -1.919692741162306051e-12 -4.670433158475466154e-13 5.095954712850917647e-13 2.968858563764174629e-12 2.939847212856173395e-12 5.128426119847045632e-12 1.543806323062528982e-11 3.122396415691831786e-11 1.542165600393362474e-11 6.947313424523311492e-12 3.318385187118615624e-12 3.670374480662308170e-12 1.030362859247620445e-12 6.156119751583995017e-13 -2.826612730430569834e-13 -3.513949020452471618e-13 2.254759395278711289e-13
-9.422533312573709277e-12 4.238298029080459965e-11 -7.981126376453992341e-12 -2.159845117865680412e-11 4.471658041611356266e-12 4.404842767110677289e-12 1.533415478397546579e-12 1.411925784369862143e-12 -1.567147301463848866e-12 -5.479939439467676331e-12 1.941315007762169511e-13 -1.145097384309001693e-12 3.566090367195759350e-12 7.537037824208619101e-13 2.832669376467206692e-12 7.650931975060482659e-12 1.542165600393362474e-11 2.758177426624512116e-11 1.094007560550072508e-11 5.840594835560048026e-12 4.100889466848914995e-12 1.688869430032634018e-12 8.478486420108827431e-13 -1.461842867847745880e-12 -7.587426158083677528e-14 -1.451651968637992914e-13
-1.889720284727846262e-12 3.000649317054225575e-13 -1.016514416220510206e-11 -1.366862630997452508e-11 -5.317858882573994337e-12 -1.763769642462813124e-12 -2.951118924421176162e-12 -5.833456088579339260e-12 -5.351078010828710167e-12 -4.661437627599794152e-12 -2.459326083299952823e-12 -3.672453269402743081e-12 -1.887264882342809359e-12 1.584105828252232906e-13 3.864952043201590738e-12 7.634363074537789764e-12 6.947313424523311492e-12 1.094007560550072508e-11 2.176211604722851148e-11 1.023459409759378073e-11 4.682523113038201252e-12 1.326096341647193674e-12 -6.171353372442755467e-13 -3.292808673320085461e-13 -2.708343840376730044e-13 -1.363804772867806297e-13
-1.463758542897382920e-11 -1.120469175253446988e-11 -6.517820453840190080e-12 1.051106066061729878e-11 1.271519732409575816e-12 -7.864810955530987626e-12 2.675522053284759522e-12 -1.000105847047999890e-12 -7.359212896752331153e-12 -1.651022627628349905e-12 7.615602102312959746e-13 -3.251491041489606604e-13 2.554440844256052176e-14 1.702830716917618376e-12 4.765313723031427421e-12 4.686431139624706002e-12 3.318385187118615624e-12 5.840594835560048026e-12 1.023459409759378073e-11 2.456124326205579788e-11 1.079018292250749685e-11 3.860328527887918474e-12 2.593070668692864416e-13 -1.206520063557505003e-12 -3.955374052717434400e-14 5.840875600251994972e-13
-1.026388353750355440e-11 -1.966576076217454001e-11 1.802867624024289792e-12 1.121319308466008334e-11 -8.814459423975340979e-12 -9.095173278312647701e-12 -1.463731496101066938e-12 2.862253926121741012e-12 -3.724357445572371416e-12 -8.101021982541113302e-13 5.547388107016083117e-13 -5.032341203273662016e-12 -1.560028638300536944e-12 -2.320981797001854689e-12 1.996596488097335662e-12 3.210900043474440415e-12 3.670374480662308170e-12 4.100889466848914995e-12 4.682523113038201252e-12 1.079018292250749685e-11 1.918015630542752460e-11 5.384943529009866960e-12 4.528347081485616538e-13 -4.845970661367383328e-13 7.092715541427666344e-13 3.103427460837734095e-13
1.551756486147040040e-11 7.877813194525682116e-12 1.584595151374834723e-11 1.725138107838773613e-11 -3.045888370244861100e-13 -3.696079785595469164e-12 4.764051039789784039e-12 8.348969617688502606e-13 -3.486225049002201824e-12 -5.635244518927393397e-13 9.717549547664525890e-13 -2.115655557352747578e-13 -5.832962203606243398e-13 -2.650734830365822803e-12 -2.517805565542749163e-12 1.168765238878478269e-12 1.030362859247620445e-12 1.688869430032634018e-12 1.326096341647193674e-12 3.860328527887918474e-12 5.384943529009866960e-12 1.226655993681510592e-11 2.304030598687831612e-12 -2.513123700741624989e-13 8.424115961737461802e-13 7.935561767062511742e-13
-1.883818556387467279e-11 1.567006441767624313e-11 7.913199394489711817e-13 -8.700570448075193740e-12 -1.972661556597611028e-12 1.335842516410930058e-12 -4.289895746377436115e-12 -5.669837236788583700e-13 2.100359295521577671e-12 2.476343432737910201e-12 -1.342046087260687657e-13 9.615283715267958499e-14 -1.728181418314834966e-12 -3.490950521292375842e-12 -4.877777071874239683e-14 -9.972589563857875863e-14 6.156119751583995017e-13 8.478486420108827431e-13 -6.171353372442755467e-13 2.593070668692864416e-13 4.528347081485616538e-13 2.304030598687831612e-12 1.130808224560049502e-11 3.560175772008372741e-12 -2.547037478649063930e-13 4.750665546915541085e-13
2.188776157121848661e-12 -9.034039128221141517e-13 2.703572929595683846e-12 -1.051765522156161286e-11 -6.894170671722322149e-12 3.379518218511326995e-12 -7.400320246887647984e-13 -4.333865960116376962e-12 7.427736290411267105e-13 1.694486655832057575e-12 -1.152926949334527413e-12 -7.276497428852529354e-13 -1.176595152145150628e-12 -1.449513303765353045e-12 7.334417589722953772e-13 -2.102301541449826015e-13 -2.826612730430569834e-13 -1.461842867847745880e-12 -3.292808673320085461e-13 -1.206520063557505003e-12 -4.845970661367383328e-13 -2.513123700741624989e-13 3.560175772008372741e-12 8.213736331438611517e-12 3.559005275646366622e-13 -2.332161583254242705e-13
8.464849322541389239e-12 -1.119349358652023995e-11 8.632880197289038711e-12 -4.618724631548246655e-12 -1.114160202966403654e-12 -4.010403188049297181e-13 1.171482117667745224e-12 -1.875955242912546572e-12 -1.441861320809655119e-12 -5.810446047613551911e-12 -7.544213588544824708e-13 -1.983477075650701017e-12 -7.673358061945200738e-13 -1.455486184714413460e-12 6.802538051304232895e-13 8.542365951852175143e-14 -3.513949020452471618e-13 -7.587426158083677528e-14 -2.708343840376730044e-13 -3.955374052717434400e-14 7.092715541427666344e-13 8.424115961737461802e-13 -2.547037478649063930e-13 3.559005275646366622e-13 5.811665270030633824e-12 6.116532887834087910e-13
7.576241303733236933e-12 9.662772919265917053e-12 2.953064630156147736e-12 4.462706903754377620e-12 -1.879662220162181037e-12 -2.822682324456434067e-12 -3.666048675889287576e-12 -1.893120897427736916e-12 -7.822155532172865082e-13 5.027484444640138469e-13 -1.406202767212687932e-14 -1.588073494721271916e-13 4.537032975176654261e-13 -9.741622207830080271e-13 -4.442117631243944279e-13 1.871118865458703133e-13 2.254759395278711289e-13 -1.451651968637992914e-13 -1.363804772867806297e-13 5.840875600251994972e-13 3.103427460837734095e-13 7.935561767062511742e-13 4.750665546915541085e-13 -2.332161583254242705e-13 6.116532887834087910e-13 3.919951413752653644e-12
