3.014805581292997874e-09 -1.683138034082816514e-11 -7.107650391538022446e-11 -2.474521291090934360e-11 7.318123341242210156e-11 5.245738006800293698e-11 3.773770502801192568e-11 3.822878066440984713e-11 3.726146420864900800e-11 -1.590636796345973614e-11 -6.636340895455956903e-12 -2.699373377561335734e-11 -4.763337828881657847e-13 3.215406673176834827e-11 3.513346001225031346e-12 1.313220234498891952e-11 -6.549231149731678251e-12 1.879728921363841148e-12 1.861305354283187028e-11 -1.247792659177881909e-12 -3.860412652543552940e-12 -5.797443810690057898e-12 -7.808798967887793476e-12 -4.493013919475932269e-12 6.905127720937259186e-12 3.238035218994854544e-14
-1.683138034082816514e-11 1.679980599171800723e-09 -9.920786362346387651e-12 -6.079954684008214441e-11 -6.814633823293091804e-13 7.768001105462248086e-11 -1.020612873320708724e-11 2.534098308280709166e-11 8.035058073684689116e-12 -8.625079004874788271e-12 2.185055031298768417e-11 5.308080938256625370e-12 -6.934632502181027421e-12 8.527370069672711172e-12 -7.593255305477829135e-12 2.679706977249272076e-12 1.791172318607679472e-11 1.186282760927617189e-11 -2.517065918359917056e-12 3.140156625885562167e-12 1.269809549948585516e-11 -3.496601024910746536e-12 -5.610221937602447416e-12 -7.864582413945298774e-12 2.648275529469559310e-13 6.712265988081495995e-12
-7.107650391538022446e-11 -9.920786362346387651e-12 1.090192920387142360e-09 -1.974844102606063982e-11 2.225184916231649663e-11 1.150405593797437337e-11 5.392634625496474186e-11 -6.471688967859703925e-12 -2.479598883652722528e-11 -1.975434900344128739e-11 -2.194730290389412687e-11 -1.013199059239248803e-11 2.459926758330807915e-12 -1.169559318087053520e-11 -6.381297284613682429e-13 -9.037077901513593603e-12 -3.108600179258892867e-12 2.582297684051915682e-12 1.560040704047297363e-11 1.548976141033207799e-11 8.612440383364480059e-13 2.928854440251862000e-12 -6.025242831375498102e-13 -8.782741875117087726e-12 -2.973222337585728974e-12 9.580319196342362891e-13
-2.474521291090934360e-11 -6.079954684008214441e-11 -1.974844102606063982e-11 7.311367822571112429e-10 7.466540252681757464e-11 -4.724430049509297642e-12 -2.056835607131141583e-11 -2.236946519347308054e-11 -5.001940667091898784e-11 -2.534740908438406961e-11 -9.892753356204202494e-12 4.533022488328978586e-12 2.652405574340872634e-12 -1.040821247411097224e-11 6.223373478826898147e-12 -1.217798768534386788e-12 -4.028404690529310654e-12 -1.352408022003912200e-12 5.378633240460077055e-13 -2.480541312689365594e-12 -4.946662851461722530e-12 -7.230929453035366574e-12 -2.347878603971194649e-12 8.822652412184492951e-13 -5.126566302891779316e-12 7.749593703054150968e-13
7.318123341242210156e-11 -6.814633823293091804e-13 2.225184916231649663e-11 7.466540252681757464e-11 5.753443977166675499e-10 2.920109970949342090e-11 2.292797907588478688e-12 2.885560789071770114e-11 4.825267542882135362e-12 2.768835843593920114e-12 1.589161009685598508e-11 2.064860920428917982e-11 1.667397546627456994e-11 3.421014660023893044e-13 5.526435857178141740e-12 -6.984494775286399765e-12 4.882336877271682914e-12 5.419347109021033314e-12 5.390664775917586348e-13 9.677555571140565178e-12 5.713450845397167760e-12 3.924709463693029751e-12 -3.327092891136217476e-12 -3.207296484326260933e-12 3.983459486430881558e-13 -2.554130193524072310e-12
5.245738006800293698e-11 7.768001105462248086e-11 1.150405593797437337e-11 -4.724430049509297642e-12 2.920109970949342090e-11 3.736544035637387730e-10 1.395818502717432126e-11 1.903283425865359908e-11 2.487417917037623493e-11 -1.521703325165099928e-11 1.929801502209235448e-11 -2.920497562190468987e-12 1.307845563723050461e-11 -1.349069482563536488e-12 6.437779882709558768e-12 4.586453661526906630e-12 9.087276655873177142e-12 4.754211925706582380e-12 2.227922650585430997e-12 3.839327518641475702e-13 -3.236400001038668867e-12 -5.898244610022335122e-12 -3.328920290489573391e-12 3.884757489054534765e-12 -8.896444977573585724e-13 -1.238053995652265441e-12
3.773770502801192568e-11 -1.020612873320708724e-11 5.392634625496474186e-11 -2.056835607131141583e-11 2.292797907588478688e-12 1.395818502717432126e-11 1.989232616475463340e-10 1.193445321006516573e-11 3.438327573587609223e-11 2.296268506645590015e-11 1.489560288614189072e-11 1.410795618280689004e-12 6.459739407923545473e-12 9.272339784860307861e-12 3.957085189940389302e-12 6.960798149734619344e-12 -4.656860714177659625e-12 -2.706352675994928240e-12 1.151014976319797973e-12 2.332095127964547604e-12 -1.354568770735026522e-12 -5.122398934149041918e-12 -3.476171047944391474e-12 1.394728634905534947e-14 -1.733618658255401521e-12 -1.142043789654591091e-13
3.822878066440984713e-11 2.534098308280709166e-11 -6.471688967859703925e-12 -2.236946519347308054e-11 2.885560789071770114e-11 1.903283425865359908e-11 1.193445321006516573e-11 1.767991822303808955e-10 3.099191979156731145e-11 1.416717200741263734e-11 1.154207782830114978e-11 1.169991591387781810e-11 1.544840215698139379e-11 5.146786537599666928e-12 -2.695977057782442665e-12 -5.288821220754633413e-13 -2.544959579214921681e-12 -1.881644509409032672e-12 -3.861131232141455365e-12 -3.273780886324857379e-12 9.098992513818134543e-13 -1.071211627227863523e-12 4.132871442205413088e-15 9.312495414792097211e-13 1.491266200068540874e-12 1.025843148305448823e-12
3.726146420864900800e-11 8.035058073684689116e-12 -2.479598883652722528e-11 -5.001940667091898784e-11 4.825267542882135362e-12 2.487417917037623493e-11 3.438327573587609223e-11 3.099191979156731145e-11 1.131223617224749327e-10 2.866416797193306700e-11 1.250757741618062660e-11 1.220082657870639465e-11 4.761207663313531657e-12 1.022980199014445828e-11 4.027202193736413215e-12 5.502152064338761832e-12 3.135354418467988250e-12 1.624523309262385924e-12 -3.366835087438789252e-12 -3.474803936628267096e-12 -1.681543963211203860e-12 -1.300243406573208575e-12 9.022148572354132622e-13 1.616999415968392886e-12 8.598360626904934231e-13 -2.618973304056926988e-13
-1.590636796345973614e-11 -8.625079004874788271e-12 -1.975434900344128739e-11 -2.534740908438406961e-11 2.768835843593920114e-12 -1.521703325165099928e-11 2.296268506645590015e-11 1.416717200741263734e-11 2.866416797193306700e-11 9.583185174200582085e-11 2.073080113941751122e-11 9.683173619870144010e-12 3.558316615344108461e-12 8.470990079253664500e-12 2.498450485818881825e-12 2.613663519046502047e-12 2.057383658290969766e-12 8.944232922235014122e-13 -5.191553231451973306e-13 -1.666578023045399096e-12 4.145155984049004490e-13 -8.016557539237010538e-13 5.493112764188139099e-13 6.653675886195932424e-13 7.630003269911068018e-13 -7.142271448267326266e-13
-6.636340895455956903e-12 2.185055031298768417e-11 -2.194730290389412687e-11 -9.892753356204202494e-12 1.589161009685598508e-11 1.929801502209235448e-11 1.489560288614189072e-11 1.154207782830114978e-11 1.250757741618062660e-11 2.073080113941751122e-11 7.070474210607409658e-11 1.802262617709501356e-11 1.137849958595764319e-11 8.933746046734892866e-12 4.737853908022734168e-12 1.480367036073884067e-12 4.916067624817364252e-12 1.654701173967361414e-12 -1.650727953161157956e-12 5.259628583046344944e-13 -8.230812128990247339e-13 -1.587241357051624635e-12 -1.557231581845020866e-12 -4.929741484794315446e-13 -7.679830642932803888e-13 -5.243141125653168404e-13
-2.699373377561335734e-11 5.308080938256625370e-12 -1.013199059239248803e-11 4.533022488328978586e-12 2.064860920428917982e-11 -2.920497562190468987e-12 1.410795618280689004e-12 1.169991591387781810e-11 1.220082657870639465e-11 9.683173619870144010e-12 1.802262617709501356e-11 4.311115458580826373e-11 1.458082285288690042e-11 6.892495359994757209e-12 5.320566044344505122e-12 1.792739655831357244e-12 -1.604860831508051639e-12 -2.185249788245693711e-12 -4.968680019731075788e-12 -2.655212882127997189e-13 -7.646111047582715941e-13 -1.918982826684913980e-12 -1.103581899671825296e-12 4.182485491308299053e-13 1.109671027502597550e-13 -4.866961166445285953e-13
-4.763337828881657847e-13 -6.934632502181027421e-12 2.459926758330807915e-12 2.652405574340872634e-12 1.667397546627456994e-11 1.307845563723050461e-11 6.459739407923545473e-12 1.544840215698139379e-11 4.761207663313531657e-12 3.558316615344108461e-12 1.137849958595764319e-11 1.458082285288690042e-11 4.003035606721261399e-11 1.228447640128859161e-11 3.690772214090306527e-12 4.354627086260271872e-12 1.458653398701913294e-12 5.697086798657296016e-14 -1.368316558718907947e-12 1.317981350902995246e-12 1.302180621600349447e-13 -2.071552876213125029e-12 -6.454479346883413680e-13 -4.035725011804796760e-13 -8.705263126444786447e-13 -5.427625972223196149e-13
3.215406673176834827e-11 8.527370069672711172e-12 -1.169559318087053520e-11 -1.040821247411097224e-11 3.421014660023893044e-13 -1.349069482563536488e-12 9.272339784860307861e-12 5.146786537599666928e-12 1.022980199014445828e-11 8.470990079253664500e-12 8.933746046734892866e-12 6.892495359994757209e-12 1.228447640128859161e-11 2.903140436379111076e-11 9.433364912182233511e-12 7.656528486399251035e-12 3.450129643304155666e-12 1.295208663577834439e-12 -6.767521776384214700e-13 -1.204107881972118673e-13 5.972023358899138961e-13 7.909095477930952798e-14 2.816675219115789967e-13 4.769051618463763283e-13 7.070447354535800979e-13 -3.391793245902766912e-13
3.513346001225031346e-12 -7.593255305477829135e-12 -6.381297284613682429e-13 6.223373478826898147e-12 5.526435857178141740e-12 6.437779882709558768e-12 3.957085189940389302e-12 -2.695977057782442665e-12 4.027202193736413215e-12 2.498450485818881825e-12 4.737853908022734168e-12 5.320566044344505122e-12 3.690772214090306527e-12 9.433364912182233511e-12 2.186661428024157122e-11 1.004150255616899329e-11 5.357794229560145287e-12 -5.287834093889768923e-13 -1.175728315381897976e-12 7.296605340037480210e-13 5.173928552343839811e-13 -7.398680629636174154e-14 -3.849009475602502197e-13 9.183212818878273394e-13 -2.299887730980899437e-13 3.018096403987903342e-14
1.313220234498891952e-11 2.679706977249272076e-12 -9.037077901513593603e-12 -1.217798768534386788e-12 -6.984494775286399765e-12 4.586453661526906630e-12 6.960798149734619344e-12 -5.288821220754633413e-13 5.502152064338761832e-12 2.613663519046502047e-12 1.480367036073884067e-12 1.792739655831357244e-12 4.354627086260271872e-12 7.656528486399251035e-12 1.004150255616899329e-11 2.382681601579826815e-11 8.017225582147441924e-12 2.794198695630768194e-12 4.534873520958879150e-13 4.453454255055714880e-13 -2.859775701386226065e-13 -3.682577514137355781e-13 -7.628000261411123716e-13 3.272477179602861934e-14 1.288197935823116051e-13 2.850387866273660016e-14
-6.549231149731678251e-12 1.791172318607679472e-11 -3.108600179258892867e-12 -4.028404690529310654e-12 4.882336877271682914e-12 9.087276655873177142e-12 -4.656860714177659625e-12 -2.544959579214921681e-12 3.135354418467988250e-12 2.057383658290969766e-12 4.916067624817364252e-12 -1.604860831508051639e-12 1.458653398701913294e-12 3.450129643304155666e-12 5.357794229560145287e-12 8.017225582147441924e-12 1.615456516370992162e-11 7.539076885936059594e-12 2.208357143223339052e-12 8.546832388200173864e-13 6.181088095185082611e-13 -2.587659573123016582e-13 -4.893124394481711497e-13 1.961716919908234494e-13 -3.318385240308962014e-13 1.884743937476206598e-13
1.879728921363841148e-12 1.186282760927617189e-11 2.582297684051915682e-12 -1.352408022003912200e-12 5.419347109021033314e-12 4.754211925706582380e-12 -2.706352675994928240e-12 -1.881644509409032672e-12 1.624523309262385924e-12 8.944232922235014122e-13 1.654701173967361414e-12 -2.185249788245693711e-12 5.697086798657296016e-14 1.295208663577834439e-12 -5.287834093889768923e-13 2.794198695630768194e-12 7.539076885936059594e-12 1.715371421013259619e-11 7.740829040741203525e-12 2.881890393073435706e-12 1.431800198605563452e-12 -8.892058242869744446e-14 -4.600180204888760819e-13 7.199222193320883395e-14 2.105429551967565348e-13 5.887488880070478361e-13
1.861305354283187028e-11 -2.517065918359917056e-12 1.560040704047297363e-11 5.378633240460077055e-13 5.390664775917586348e-13 2.227922650585430997e-12 1.151014976319797973e-12 -3.861131232141455365e-12 -3.366835087438789252e-12 -5.191553231451973306e-13 -1.650727953161157956e-12 -4.968680019731075788e-12 -1.368316558718907947e-12 -6.767521776384214700e-13 -1.175728315381897976e-12 4.534873520958879150e-13 2.208357143223339052e-12 7.740829040741203525e-12 1.464040207667570402e-11 4.928340952116496415e-12 2.273818783519995245e-12 7.381592741220576827e-13 4.896853923213205184e-13 7.415537016389052271e-13 1.478850380845393946e-13 1.121544437476941757e-12
-1.247792659177881909e-12 3.140156625885562167e-12 1.548976141033207799e-11 -2.480541312689365594e-12 9.677555571140565178e-12 3.839327518641475702e-13 2.332095127964547604e-12 -3.273780886324857379e-12 -3.474803936628267096e-12 -1.666578023045399096e-12 5.259628583046344944e-13 -2.655212882127997189e-13 1.317981350902995246e-12 -1.204107881972118673e-13 7.296605340037480210e-13 4.453454255055714880e-13 8.546832388200173864e-13 2.881890393073435706e-12 4.928340952116496415e-12 1.153606111060796840e-11 3.803880506228458401e-12 8.468072940722466822e-13 -1.102550159668569927e-12 -3.476457927172257598e-13 -3.253432972963645014e-13 5.798225009563506676e-14
-3.860412652543552940e-12 1.269809549948585516e-11 8.612440383364480059e-13 -4.946662851461722530e-12 5.713450845397167760e-12 -3.236400001038668867e-12 -1.354568770735026522e-12 9.098992513818134543e-13 -1.681543963211203860e-12 4.145155984049004490e-13 -8.230812128990247339e-13 -7.646111047582715941e-13 1.302180621600349447e-13 5.972023358899138961e-13 5.173928552343839811e-13 -2.859775701386226065e-13 6.181088095185082611e-13 1.431800198605563452e-12 2.273818783519995245e-12 3.803880506228458401e-12 9.872865202931421636e-12 3.755302395817480922e-12 9.435506572397693925e-13 2.985865693341492348e-13 -1.507603592503624875e-13 3.430272496688044167e-13
-5.797443810690057898e-12 -3.496601024910746536e-12 2.928854440251862000e-12 -7.230929453035366574e-12 3.924709463693029751e-12 -5.898244610022335122e-12 -5.122398934149041918e-12 -1.071211627227863523e-12 -1.300243406573208575e-12 -8.016557539237010538e-13 -1.587241357051624635e-12 -1.918982826684913980e-12 -2.071552876213125029e-12 7.909095477930952798e-14 -7.398680629636174154e-14 -3.682577514137355781e-13 -2.587659573123016582e-13 -8.892058242869744446e-14 7.381592741220576827e-13 8.468072940722466822e-13 3.755302395817480922e-12 6.969657109712293859e-12 2.078452203777843669e-12 1.751335825480407987e-14 2.736993475405960110e-13 2.229005102753057774e-13
-7.808798967887793476e-12 -5.610221937602447416e-12 -6.025242831375498102e-13 -2.347878603971194649e-12 -3.327092891136217476e-12 -3.328920290489573391e-12 -3.476171047944391474e-12 4.132871442205413088e-15 9.022148572354132622e-13 5.493112764188139099e-13 -1.557231581845020866e-12 -1.103581899671825296e-12 -6.454479346883413680e-13 2.816675219115789967e-13 -3.849009475602502197e-13 -7.628000261411123716e-13 -4.893124394481711497e-13 -4.600180204888760819e-13 4.896853923213205184e-13 -1.102550159668569927e-12 9.435506572397693925e-13 2.078452203777843669e-12 5.421680517133433087e-12 1.477541720972827132e-12 2.994242487673422873e-13 -1.023877345963588110e-13
-4.493013919475932269e-12 -7.864582413945298774e-12 -8.782741875117087726e-12 8.822652412184492951e-13 -3.207296484326260933e-12 3.884757489054534765e-12 1.394728634905534947e-14 9.312495414792097211e-13 1.616999415968392886e-12 6.653675886195932424e-13 -4.929741484794315446e-13 4.182485491308299053e-13 -4.035725011804796760e-13 4.769051618463763283e-13 9.183212818878273394e-13 3.272477179602861934e-14 1.961716919908234494e-13 7.199222193320883395e-14 7.415537016389052271e-13 -3.476457927172257598e-13 2.985865693341492348e-13 1.751335825480407987e-14 1.477541720972827132e-12 4.651620195669024927e-12 6.234587879108411403e-13 6.596709659139528907e-14
6.905127720937259186e-12 2.648275529469559310e-13 -2.973222337585728974e-12 -5.126566302891779316e-12 3.983459486430881558e-13 -8.896444977573585724e-13 -1.733618658255401521e-12 1.491266200068540874e-12 8.598360626904934231e-13 7.630003269911068018e-13 -7.679830642932803888e-13 1.109671027502597550e-13 -8.705263126444786447e-13 7.070447354535800979e-13 -2.299887730980899437e-13 1.288197935823116051e-13 -3.318385240308962014e-13 2.105429551967565348e-13 1.478850380845393946e-13 -3.253432972963645014e-13 -1.507603592503624875e-13 2.736993475405960110e-13 2.994242487673422873e-13 6.234587879108411403e-13 3.487597916798671658e-12 3.733213460702647785e-13
3.238035218994854544e-14 6.712265988081495995e-12 9.580319196342362891e-13 7.749593703054150968e-13 -2.554130193524072310e-12 -1.238053995652265441e-12 -1.142043789654591091e-13 1.025843148305448823e-12 -2.618973304056926988e-13 -7.142271448267326266e-13 -5.243141125653168404e-13 -4.866961166445285953e-13 -5.427625972223196149e-13 -3.391793245902766912e-13 3.018096403987903342e-14 2.850387866273660016e-14 1.884743937476206598e-13 5.887488880070478361e-13 1.121544437476941757e-12 5.798225009563506676e-14 3.430272496688044167e-13 2.229005102753057774e-13 -1.023877345963588110e-13 6.596709659139528907e-14 3.733213460702647785e-13 1.761988553373424916e-12
