4.670391635705157406e-12 2.810884134920896692e-12 1.441282333829319217e-12 1.339470822702774054e-12 5.939142940176796604e-13 5.677291846577450947e-13 5.375844573091114390e-13 7.518368331201971470e-13 7.103055767201520729e-13 7.524369199056276707e-13 1.039281359399307788e-12 1.542082900069010700e-12 1.912862880342465573e-12 2.647642021943068999e-12 3.211864744292808318e-12 4.225644193053862036e-12 5.571605742673337688e-12 7.314925121389082608e-12 7.760522509014789167e-12 8.274991051660455082e-12
2.810884134920896692e-12 4.719640887331878750e-12 2.469788028015991180e-12 1.728640453749083490e-12 7.298686908889822428e-13 4.423954934180552948e-13 1.517137111558351540e-13 2.478575040502600182e-13 4.553538195251072672e-13 7.101660204361589244e-13 7.534138500633405261e-13 8.527268995983239120e-13 1.106526881277949605e-12 1.265193334280174719e-12 1.093250517869755537e-12 1.698430607638481032e-12 2.149968996460738723e-12 2.703211354156889258e-12 2.390430291050624421e-12 2.904107206206959986e-12
1.441282333829319217e-12 2.469788028015991180e-12 3.961007618791315754e-12 2.443054668170627275e-12 1.265008568126466428e-12 6.976329958363894585e-13 5.662998032986033272e-13 4.656729652955417667e-13 4.996882772596568767e-13 6.309121320098347650e-13 3.871135257892147376e-13 5.196748997588896220e-13 7.890845175563905834e-13 7.882623918102236832e-13 5.784262262968586837e-13 9.923998070380120973e-13 1.421023242752984821e-12 2.245069270021066032e-12 2.637431900964006997e-12 3.003498790013138665e-12
1.339470822702774054e-12 1.728640453749083490e-12 2.443054668170627275e-12 3.457431811904469114e-12 2.135883975493031003e-12 1.104159905774583152e-12 7.827585696590283475e-13 6.002339927434529066e-13 4.208392950726401893e-13 7.131033301850313815e-13 6.978298161789253148e-13 9.806221014871583737e-13 1.345822023165019337e-12 1.487327256929339967e-12 1.513996297069061089e-12 2.631147328811436038e-12 4.372082525837146695e-12 5.921485902728352359e-12 6.310156834045970063e-12 6.557312545670075336e-12
5.939142940176796604e-13 7.298686908889822428e-13 1.265008568126466428e-12 2.135883975493031003e-12 3.010255342709241673e-12 1.888917935931410310e-12 1.182406757253069536e-12 9.508014900956366186e-13 8.434066216580504845e-13 1.142605342045902777e-12 1.325758839995481258e-12 1.464222118906001302e-12 1.843090588979346197e-12 2.221641927700625665e-12 2.292087023096176046e-12 3.157363557616666779e-12 5.266637964033702613e-12 7.416809812866071114e-12 7.705814780342601440e-12 7.666551654631131437e-12
5.677291846577450947e-13 4.423954934180552948e-13 6.976329958363894585e-13 1.104159905774583152e-12 1.888917935931410310e-12 2.724306194383077264e-12 1.808069928369973545e-12 1.565147297173470640e-12 1.434687336903041257e-12 1.733295694732776430e-12 1.897218451098154340e-12 2.262321603613231657e-12 2.680694826368652233e-12 3.108269998764941032e-12 3.114521186421529975e-12 3.555203483051163799e-12 5.259844131804619849e-12 6.587575240139097696e-12 6.936421477859132507e-12 7.130956684227418079e-12
5.375844573091114390e-13 1.517137111558351540e-13 5.662998032986033272e-13 7.827585696590283475e-13 1.182406757253069536e-12 1.808069928369973545e-12 2.533976772643220898e-12 2.208952242934196833e-12 1.889467486120424488e-12 2.293049728709903080e-12 2.517376328040472202e-12 2.915570773077426581e-12 3.331772728254542127e-12 3.902993030154765659e-12 4.263939884734774835e-12 4.984371350189210363e-12 6.617821337880646194e-12 8.070187702484522043e-12 9.061418103804303894e-12 9.923617843976818987e-12
7.518368331201971470e-13 2.478575040502600182e-13 4.656729652955417667e-13 6.002339927434529066e-13 9.508014900956366186e-13 1.565147297173470640e-12 2.208952242934196833e-12 3.275950096755327954e-12 3.060604957840700567e-12 3.544751779266821794e-12 3.929726562818543389e-12 4.290088663164739369e-12 4.844859270027205033e-12 5.238348889542662699e-12 5.287284307466712732e-12 5.550730524314246691e-12 6.602771870313864328e-12 8.699806307992257195e-12 1.055079624570833424e-11 1.218891625444797470e-11
7.103055767201520729e-13 4.553538195251072672e-13 4.996882772596568767e-13 4.208392950726401893e-13 8.434066216580504845e-13 1.434687336903041257e-12 1.889467486120424488e-12 3.060604957840700567e-12 4.403633192638368932e-12 4.758538158302845775e-12 5.150090401115847409e-12 5.531823824892228561e-12 6.224297757525015470e-12 6.400036611031842385e-12 6.263063193924709389e-12 5.891202946134736728e-12 6.242034621872153086e-12 8.247957844326800648e-12 9.892891510647547527e-12 1.109998710358860655e-11
7.524369199056276707e-13 7.101660204361589244e-13 6.309121320098347650e-13 7.131033301850313815e-13 1.142605342045902777e-12 1.733295694732776430e-12 2.293049728709903080e-12 3.544751779266821794e-12 4.758538158302845775e-12 6.644302027247719759e-12 7.380325175138490510e-12 8.090293122418496979e-12 9.237873868963607385e-12 9.735305236530051287e-12 9.646018681795070801e-12 9.352177533688657924e-12 9.540195183145727849e-12 1.076077136682776290e-11 1.138631598384421268e-11 1.282443306021493321e-11
1.039281359399307788e-12 7.534138500633405261e-13 3.871135257892147376e-13 6.978298161789253148e-13 1.325758839995481258e-12 1.897218451098154340e-12 2.517376328040472202e-12 3.929726562818543389e-12 5.150090401115847409e-12 7.380325175138490510e-12 1.024915856804317508e-11 1.198496212135859693e-11 1.384563369927025783e-11 1.515301440366472272e-11 1.602505266730363026e-11 1.711414677060023914e-11 1.910972980891809095e-11 2.219193330250701098e-11 2.392631748818831841e-11 2.735077084835847813e-11
1.542082900069010700e-12 8.527268995983239120e-13 5.196748997588896220e-13 9.806221014871583737e-13 1.464222118906001302e-12 2.262321603613231657e-12 2.915570773077426581e-12 4.290088663164739369e-12 5.531823824892228561e-12 8.090293122418496979e-12 1.198496212135859693e-11 1.649021925982103621e-11 1.968248951958542616e-11 2.253391965072550644e-11 2.522367249693236347e-11 2.779280270640276328e-11 3.117856508968417696e-11 3.558330313419393261e-11 3.825160793458305585e-11 4.379030344833434632e-11
1.912862880342465573e-12 1.106526881277949605e-12 7.890845175563905834e-13 1.345822023165019337e-12 1.843090588979346197e-12 2.680694826368652233e-12 3.331772728254542127e-12 4.844859270027205033e-12 6.224297757525015470e-12 9.237873868963607385e-12 1.384563369927025783e-11 1.968248951958542616e-11 2.568254139886802488e-11 3.098834551728717568e-11 3.605626353777907784e-11 3.957261514371123448e-11 4.373510389865955699e-11 4.903385692747957757e-11 5.294532904909468837e-11 6.101687290644957969e-11
2.647642021943068999e-12 1.265193334280174719e-12 7.882623918102236832e-13 1.487327256929339967e-12 2.221641927700625665e-12 3.108269998764941032e-12 3.902993030154765659e-12 5.238348889542662699e-12 6.400036611031842385e-12 9.735305236530051287e-12 1.515301440366472272e-11 2.253391965072550644e-11 3.098834551728717568e-11 4.137317986902202018e-11 5.110109888740603401e-11 5.705124353830069506e-11 6.262196096048818045e-11 6.894387036059539821e-11 7.378264809150974364e-11 8.494018103997382686e-11
3.211864744292808318e-12 1.093250517869755537e-12 5.784262262968586837e-13 1.513996297069061089e-12 2.292087023096176046e-12 3.114521186421529975e-12 4.263939884734774835e-12 5.287284307466712732e-12 6.263063193924709389e-12 9.646018681795070801e-12 1.602505266730363026e-11 2.522367249693236347e-11 3.605626353777907784e-11 5.110109888740603401e-11 6.782715259571593237e-11 7.880840748945897775e-11 8.849631593717715518e-11 9.762498473766791141e-11 1.045930758778856552e-10 1.198603035202872614e-10
4.225644193053862036e-12 1.698430607638481032e-12 9.923998070380120973e-13 2.631147328811436038e-12 3.157363557616666779e-12 3.555203483051163799e-12 4.984371350189210363e-12 5.550730524314246691e-12 5.891202946134736728e-12 9.352177533688657924e-12 1.711414677060023914e-11 2.779280270640276328e-11 3.957261514371123448e-11 5.705124353830069506e-11 7.880840748945897775e-11 1.005189274160341468e-10 1.224325777718116421e-10 1.407724086309713191e-10 1.534357205039702055e-10 1.752389661698666487e-10
5.571605742673337688e-12 2.149968996460738723e-12 1.421023242752984821e-12 4.372082525837146695e-12 5.266637964033702613e-12 5.259844131804619849e-12 6.617821337880646194e-12 6.602771870313864328e-12 6.242034621872153086e-12 9.540195183145727849e-12 1.910972980891809095e-11 3.117856508968417696e-11 4.373510389865955699e-11 6.262196096048818045e-11 8.849631593717715518e-11 1.224325777718116421e-10 1.684495042249346765e-10 2.103866762804675845e-10 2.388084413677339451e-10 2.743834072734201012e-10
7.314925121389082608e-12 2.703211354156889258e-12 2.245069270021066032e-12 5.921485902728352359e-12 7.416809812866071114e-12 6.587575240139097696e-12 8.070187702484522043e-12 8.699806307992257195e-12 8.247957844326800648e-12 1.076077136682776290e-11 2.219193330250701098e-11 3.558330313419393261e-11 4.903385692747957757e-11 6.894387036059539821e-11 9.762498473766791141e-11 1.407724086309713191e-10 2.103866762804675845e-10 2.924604992273050976e-10 3.580810422284564154e-10 4.202424670181931108e-10
7.760522509014789167e-12 2.390430291050624421e-12 2.637431900964006997e-12 6.310156834045970063e-12 7.705814780342601440e-12 6.936421477859132507e-12 9.061418103804303894e-12 1.055079624570833424e-11 9.892891510647547527e-12 1.138631598384421268e-11 2.392631748818831841e-11 3.825160793458305585e-11 5.294532904909468837e-11 7.378264809150974364e-11 1.045930758778856552e-10 1.534357205039702055e-10 2.388084413677339451e-10 3.580810422284564154e-10 4.822308936834361288e-10 5.965761858850310246e-10
8.274991051660455082e-12 2.904107206206959986e-12 3.003498790013138665e-12 6.557312545670075336e-12 7.666551654631131437e-12 7.130956684227418079e-12 9.923617843976818987e-12 1.218891625444797470e-11 1.109998710358860655e-11 1.282443306021493321e-11 2.735077084835847813e-11 4.379030344833434632e-11 6.101687290644957969e-11 8.494018103997382686e-11 1.198603035202872614e-10 1.752389661698666487e-10 2.743834072734201012e-10 4.202424670181931108e-10 5.965761858850310246e-10 7.928513853653913957e-10
