8.865408290399009552e-07 7.071297881348368770e-07 6.738887843333860178e-07 6.362792669658457441e-07 6.721096294514717161e-07 6.443799102549376419e-07 6.069335924722381820e-07 6.281007486878975121e-07 6.201522736425883017e-07 5.899955656227354149e-07 5.918863632165493498e-07 5.710725366536931561e-07 5.586584143425766175e-07 5.472916331580641502e-07 5.553622098035222783e-07 5.623786409632794583e-07 5.475609188946364726e-07 5.589922554152684164e-07 5.860097440990545365e-07 6.156097368336755950e-07
7.071297881348368770e-07 7.909319080555447564e-07 6.664681567531004802e-07 6.220302447704248031e-07 6.504208005787522155e-07 6.254406993267568447e-07 5.954958091641580518e-07 6.003822566673330128e-07 5.921666910764779715e-07 5.696906810680673525e-07 5.685635220561964751e-07 5.494227772156361861e-07 5.400942507407216558e-07 5.267602926539655913e-07 5.384135274364136597e-07 5.483889321849565190e-07 5.470876083578184434e-07 5.742669599554892163e-07 6.088279213227317905e-07 6.465083784132896916e-07
6.738887843333860178e-07 6.664681567531004802e-07 7.164495558342217992e-07 6.241990783219004008e-07 6.543325867968577534e-07 6.388846125676445445e-07 6.080524190994008338e-07 6.210338782963867098e-07 6.114877529077855678e-07 5.901720236824194290e-07 5.892283856396841067e-07 5.748578692596825664e-07 5.666137104429789358e-07 5.592819191871382073e-07 5.696032623820578034e-07 5.743737603428008594e-07 5.664532554627956631e-07 5.864112550657909228e-07 6.153305697714520826e-07 6.507772688182183661e-07
6.362792669658457441e-07 6.220302447704248031e-07 6.241990783219004008e-07 6.345417747202177611e-07 6.174821174339805574e-07 5.988906528256234160e-07 5.678148655980423376e-07 5.805129871516490573e-07 5.709453671220329262e-07 5.503922963928774501e-07 5.474816485606933259e-07 5.297339866997289674e-07 5.178913501476100105e-07 5.088219597036522245e-07 5.147831679289035073e-07 5.148191860385729925e-07 5.062623611077137619e-07 5.225659224343728193e-07 5.467668303448356431e-07 5.704638268673093770e-07
6.721096294514717161e-07 6.504208005787522155e-07 6.543325867968577534e-07 6.174821174339805574e-07 6.772458946964965455e-07 6.410322141550617170e-07 6.068429245323390501e-07 6.201876099730539324e-07 6.130240044270244989e-07 5.930297200702820299e-07 5.927029298615260953e-07 5.747490426124294912e-07 5.648580698343021746e-07 5.601695013919105600e-07 5.722002512258356721e-07 5.806352407672661950e-07 5.788392766296310701e-07 6.038549061024550468e-07 6.361372004211553542e-07 6.775993291978171140e-07
6.443799102549376419e-07 6.254406993267568447e-07 6.388846125676445445e-07 5.988906528256234160e-07 6.410322141550617170e-07 6.575084251664147834e-07 6.060657084010157002e-07 6.206503131451166618e-07 6.160610601302650970e-07 6.010616889289633661e-07 5.979127007223060079e-07 5.798797661416032888e-07 5.724672069277021083e-07 5.676945692987647999e-07 5.814547292178186093e-07 5.916776173674728560e-07 5.895504031080879829e-07 6.142969829591802674e-07 6.470957453644711182e-07 6.836134467931793054e-07
6.069335924722381820e-07 5.954958091641580518e-07 6.080524190994008338e-07 5.678148655980423376e-07 6.068429245323390501e-07 6.060657084010157002e-07 5.873973871085110911e-07 5.921669277693980477e-07 5.895593779264330313e-07 5.742830760992805919e-07 5.723073893125524302e-07 5.558502750583120602e-07 5.451674255849580752e-07 5.394603496965294166e-07 5.516489298082537400e-07 5.600355614341583527e-07 5.599352304046631396e-07 5.850189315760785095e-07 6.152117146423841607e-07 6.495943416254704160e-07
6.281007486878975121e-07 6.003822566673330128e-07 6.210338782963867098e-07 5.805129871516490573e-07 6.201876099730539324e-07 6.206503131451166618e-07 5.921669277693980477e-07 6.239188227248215045e-07 6.159608193470487456e-07 5.998273108882092582e-07 5.975465026434668067e-07 5.816711395443244376e-07 5.758416949624750717e-07 5.751084622541116830e-07 5.909713823395219215e-07 6.019751122279190412e-07 6.066236035656272233e-07 6.348057533147914874e-07 6.704911264369101545e-07 7.123237083271491839e-07
6.201522736425883017e-07 5.921666910764779715e-07 6.114877529077855678e-07 5.709453671220329262e-07 6.130240044270244989e-07 6.160610601302650970e-07 5.895593779264330313e-07 6.159608193470487456e-07 6.270220302676830223e-07 6.096244639689739994e-07 6.097149916839423891e-07 5.945571121826619709e-07 5.906432848248642966e-07 5.918113091914275804e-07 6.081338609259668421e-07 6.204393013174469527e-07 6.244174252505635743e-07 6.502747804004530773e-07 6.840114292145516364e-07 7.232228677606590497e-07
5.899955656227354149e-07 5.696906810680673525e-07 5.901720236824194290e-07 5.503922963928774501e-07 5.930297200702820299e-07 6.010616889289633661e-07 5.742830760992805919e-07 5.998273108882092582e-07 6.096244639689739994e-07 6.103068672648607779e-07 6.097638935140239183e-07 5.969580479677883227e-07 5.944945294926430866e-07 5.973555181765968313e-07 6.148699936309779511e-07 6.285284850436740651e-07 6.367517292600633672e-07 6.647098359976773977e-07 6.998491476851265561e-07 7.399335876589164299e-07
5.918863632165493498e-07 5.685635220561964751e-07 5.892283856396841067e-07 5.474816485606933259e-07 5.927029298615260953e-07 5.979127007223060079e-07 5.723073893125524302e-07 5.975465026434668067e-07 6.097149916839423891e-07 6.097638935140239183e-07 6.233497293549909817e-07 6.122920890166738896e-07 6.118421210840019739e-07 6.169728752652061730e-07 6.359351173598902545e-07 6.493015886298022562e-07 6.565276758843257962e-07 6.841208722406207265e-07 7.199081745445443388e-07 7.613502796315626724e-07
5.710725366536931561e-07 5.494227772156361861e-07 5.748578692596825664e-07 5.297339866997289674e-07 5.747490426124294912e-07 5.798797661416032888e-07 5.558502750583120602e-07 5.816711395443244376e-07 5.945571121826619709e-07 5.969580479677883227e-07 6.122920890166738896e-07 6.158776914147656390e-07 6.202973345150554099e-07 6.295302776807216266e-07 6.524597526430863734e-07 6.692591704225260859e-07 6.790827659249383142e-07 7.082669398859476416e-07 7.461568321726420983e-07 7.923080552259440444e-07
5.586584143425766175e-07 5.400942507407216558e-07 5.666137104429789358e-07 5.178913501476100105e-07 5.648580698343021746e-07 5.724672069277021083e-07 5.451674255849580752e-07 5.758416949624750717e-07 5.906432848248642966e-07 5.944945294926430866e-07 6.118421210840019739e-07 6.202973345150554099e-07 6.406746617390014642e-07 6.587801071324569919e-07 6.863882646490839910e-07 7.079886361587719890e-07 7.214881306372060813e-07 7.539547622794316304e-07 7.950904547637034477e-07 8.475901735723867232e-07
5.472916331580641502e-07 5.267602926539655913e-07 5.592819191871382073e-07 5.088219597036522245e-07 5.601695013919105600e-07 5.676945692987647999e-07 5.394603496965294166e-07 5.751084622541116830e-07 5.918113091914275804e-07 5.973555181765968313e-07 6.169728752652061730e-07 6.295302776807216266e-07 6.587801071324569919e-07 6.913346840894449667e-07 7.254502798637637875e-07 7.507387079457613929e-07 7.666450410251481006e-07 7.994122487930097002e-07 8.406940743054430993e-07 8.949184153056584996e-07
5.553622098035222783e-07 5.384135274364136597e-07 5.696032623820578034e-07 5.147831679289035073e-07 5.722002512258356721e-07 5.814547292178186093e-07 5.516489298082537400e-07 5.909713823395219215e-07 6.081338609259668421e-07 6.148699936309779511e-07 6.359351173598902545e-07 6.524597526430863734e-07 6.863882646490839910e-07 7.254502798637637875e-07 7.757737541793551269e-07 8.107843650917882653e-07 8.356492583474652534e-07 8.763831475174963116e-07 9.259030629514272063e-07 9.883900187559876364e-07
5.623786409632794583e-07 5.483889321849565190e-07 5.743737603428008594e-07 5.148191860385729925e-07 5.806352407672661950e-07 5.916776173674728560e-07 5.600355614341583527e-07 6.019751122279190412e-07 6.204393013174469527e-07 6.285284850436740651e-07 6.493015886298022562e-07 6.692591704225260859e-07 7.079886361587719890e-07 7.507387079457613929e-07 8.107843650917882653e-07 8.656533352190584433e-07 9.038881540371454155e-07 9.559957448658813931e-07 1.015997602457426672e-06 1.089927499168355686e-06
5.475609188946364726e-07 5.470876083578184434e-07 5.664532554627956631e-07 5.062623611077137619e-07 5.788392766296310701e-07 5.895504031080879829e-07 5.599352304046631396e-07 6.066236035656272233e-07 6.244174252505635743e-07 6.367517292600633672e-07 6.565276758843257962e-07 6.790827659249383142e-07 7.214881306372060813e-07 7.666450410251481006e-07 8.356492583474652534e-07 9.038881540371454155e-07 9.676031216921850024e-07 1.040428064343030951e-06 1.119156684849179976e-06 1.212029841451287442e-06
5.589922554152684164e-07 5.742669599554892163e-07 5.864112550657909228e-07 5.225659224343728193e-07 6.038549061024550468e-07 6.142969829591802674e-07 5.850189315760785095e-07 6.348057533147914874e-07 6.502747804004530773e-07 6.647098359976773977e-07 6.841208722406207265e-07 7.082669398859476416e-07 7.539547622794316304e-07 7.994122487930097002e-07 8.763831475174963116e-07 9.559957448658813931e-07 1.040428064343030951e-06 1.150972463362667986e-06 1.262547501345217622e-06 1.384135699527971538e-06
5.860097440990545365e-07 6.088279213227317905e-07 6.153305697714520826e-07 5.467668303448356431e-07 6.361372004211553542e-07 6.470957453644711182e-07 6.152117146423841607e-07 6.704911264369101545e-07 6.840114292145516364e-07 6.998491476851265561e-07 7.199081745445443388e-07 7.461568321726420983e-07 7.950904547637034477e-07 8.406940743054430993e-07 9.259030629514272063e-07 1.015997602457426672e-06 1.119156684849179976e-06 1.262547501345217622e-06 1.417180067071467525e-06 1.575256123048542562e-06
6.156097368336755950e-07 6.465083784132896916e-07 6.507772688182183661e-07 5.704638268673093770e-07 6.775993291978171140e-07 6.836134467931793054e-07 6.495943416254704160e-07 7.123237083271491839e-07 7.232228677606590497e-07 7.399335876589164299e-07 7.613502796315626724e-07 7.923080552259440444e-07 8.475901735723867232e-07 8.949184153056584996e-07 9.883900187559876364e-07 1.089927499168355686e-06 1.212029841451287442e-06 1.384135699527971538e-06 1.575256123048542562e-06 1.793726163160118463e-06
