1.634949487845050293e-10 1.200723016044125588e-10 8.561376925888764067e-11 8.336068682846224370e-11 7.023751186578745722e-11 6.192032143893600136e-11 5.034463402761419408e-11 4.455186752208620001e-11 4.670073298838233310e-11 3.700101895528873110e-11 2.792861700508549074e-11 2.210739315425684044e-11 2.488821934316781002e-11 2.845472776960838728e-11 2.765808704663055455e-11 2.044581527446027749e-11 1.309455030383871576e-11 1.254855901099505214e-12 -2.024887071019590127e-12 -1.785322288994810705e-12
1.200723016044125588e-10 1.347119538782053285e-10 9.749170464418868556e-11 8.326200144901155357e-11 6.119648472692180398e-11 5.406943924501764383e-11 4.397971002796991710e-11 3.662392153828305347e-11 3.634792428528467313e-11 2.836017750411473099e-11 2.667008277427978759e-11 2.474694632681468481e-11 2.367283071489797501e-11 2.706507005795041004e-11 2.467048732528702511e-11 1.869376982648217167e-11 1.189845120071158206e-11 1.688052526384165894e-12 1.389218769442896148e-12 9.692209738819344804e-13
8.561376925888764067e-11 9.749170464418868556e-11 1.049081474753482305e-10 8.723741376993215329e-11 6.665409902862495176e-11 5.379012447071540231e-11 4.094856275987672122e-11 3.339612677621777783e-11 3.132772067492750548e-11 2.285636878955617267e-11 1.920217402321807793e-11 2.064608726629843656e-11 1.910223668060796477e-11 2.127449854501600926e-11 2.017930473528685057e-11 1.599317898245914169e-11 1.099505615812325612e-11 6.449516999413726100e-12 3.906165691666291085e-12 1.720465617966180872e-13
8.336068682846224370e-11 8.326200144901155357e-11 8.723741376993215329e-11 1.125676523347314372e-10 8.546145462675390418e-11 6.032973734148260389e-11 4.643228722162819156e-11 3.888187234138894879e-11 3.671203350771167826e-11 2.925416417469325151e-11 2.374689910421694617e-11 2.772479353679616368e-11 2.626429782241904163e-11 2.567819077923079508e-11 2.580206472889476651e-11 2.119845868844227118e-11 1.558516668560744148e-11 1.286944096944515048e-11 7.429869232732608850e-12 2.364570338484593006e-12
7.023751186578745722e-11 6.119648472692180398e-11 6.665409902862495176e-11 8.546145462675390418e-11 9.072683019938248904e-11 6.769488927823987918e-11 5.015796853305894984e-11 4.286879039352453549e-11 3.848107277386189209e-11 2.749828668417117365e-11 2.258339898605907147e-11 2.331700115963551915e-11 2.186417690010628632e-11 2.098593537102802440e-11 2.139994827804587786e-11 1.682397454344551620e-11 1.232282007758596474e-11 1.081040120651349959e-11 6.243392066337750997e-12 5.539365616351872692e-12
6.192032143893600136e-11 5.406943924501764383e-11 5.379012447071540231e-11 6.032973734148260389e-11 6.769488927823987918e-11 7.710111391139451377e-11 5.924501214275372359e-11 4.302849978777968494e-11 3.797969953519096970e-11 2.741431262004730742e-11 2.246503245269304587e-11 2.034851681939333628e-11 1.896911689624012250e-11 1.814253870167134106e-11 1.814998349903496798e-11 1.445328969431440145e-11 1.148830779357451057e-11 6.769589319792189659e-12 3.503522542316512209e-12 2.619633936099039646e-12
5.034463402761419408e-11 4.397971002796991710e-11 4.094856275987672122e-11 4.643228722162819156e-11 5.015796853305894984e-11 5.924501214275372359e-11 6.366719115738970899e-11 4.833778229311512429e-11 3.884575246557382290e-11 2.697569475217836525e-11 2.313691062808559671e-11 1.853588324796405470e-11 1.511950193863039628e-11 1.466283615533670592e-11 1.574191551416948056e-11 1.445109491082079022e-11 1.322741938306385082e-11 8.639306953958121559e-12 4.940784353703355420e-12 5.505228346586667289e-12
4.455186752208620001e-11 3.662392153828305347e-11 3.339612677621777783e-11 3.888187234138894879e-11 4.286879039352453549e-11 4.302849978777968494e-11 4.833778229311512429e-11 6.105343399597711390e-11 5.024716561309471473e-11 3.384590316183208196e-11 2.819600437940670608e-11 2.480115807429199621e-11 1.865776062294023527e-11 1.789181036356326644e-11 1.584345568896131185e-11 1.512069653772677068e-11 1.289500995613759166e-11 9.575232748515572850e-12 5.777350236881584699e-12 6.473005353541948854e-12
4.670073298838233310e-11 3.634792428528467313e-11 3.132772067492750548e-11 3.671203350771167826e-11 3.848107277386189209e-11 3.797969953519096970e-11 3.884575246557382290e-11 5.024716561309471473e-11 6.106983735698303319e-11 4.471738310569048564e-11 3.555046893423142718e-11 2.873676571694495609e-11 2.304981831387655805e-11 2.136873423199153893e-11 1.877629056408205328e-11 1.696786994613439481e-11 1.352873994276402468e-11 9.441375593697560046e-12 3.312704528864666175e-12 1.161924720786947060e-12
3.700101895528873110e-11 2.836017750411473099e-11 2.285636878955617267e-11 2.925416417469325151e-11 2.749828668417117365e-11 2.741431262004730742e-11 2.697569475217836525e-11 3.384590316183208196e-11 4.471738310569048564e-11 4.823972156775609953e-11 3.887691084568806042e-11 3.006964047117440535e-11 2.407188545746789495e-11 2.243231937070969762e-11 2.016853055789240468e-11 2.043346517174540155e-11 1.701100087494719758e-11 1.348003674361133206e-11 7.423022173303560054e-12 3.265249196589779084e-12
2.792861700508549074e-11 2.667008277427978759e-11 1.920217402321807793e-11 2.374689910421694617e-11 2.258339898605907147e-11 2.246503245269304587e-11 2.313691062808559671e-11 2.819600437940670608e-11 3.555046893423142718e-11 3.887691084568806042e-11 4.839993041771011217e-11 3.695603546856001193e-11 2.809538592979086206e-11 2.563810347100695318e-11 2.323727046250367654e-11 2.291694976947916827e-11 1.977631721024652403e-11 1.360880177631912139e-11 7.565430141306610947e-12 5.776951191823997609e-12
2.210739315425684044e-11 2.474694632681468481e-11 2.064608726629843656e-11 2.772479353679616368e-11 2.331700115963551915e-11 2.034851681939333628e-11 1.853588324796405470e-11 2.480115807429199621e-11 2.873676571694495609e-11 3.006964047117440535e-11 3.695603546856001193e-11 4.101001120198409846e-11 3.183996124721583798e-11 2.740629426994148964e-11 2.353353318846179579e-11 2.197524971059670621e-11 1.883744715248270288e-11 1.340009527590056171e-11 5.907084704815773022e-12 1.102047126316588697e-12
2.488821934316781002e-11 2.367283071489797501e-11 1.910223668060796477e-11 2.626429782241904163e-11 2.186417690010628632e-11 1.896911689624012250e-11 1.511950193863039628e-11 1.865776062294023527e-11 2.304981831387655805e-11 2.407188545746789495e-11 2.809538592979086206e-11 3.183996124721583798e-11 3.665559833658124315e-11 3.116143453313422173e-11 2.648005684925653665e-11 2.211840623041953258e-11 1.795407773910294242e-11 1.159451805044947193e-11 4.626093752714662049e-12 1.236001855048398886e-13
2.845472776960838728e-11 2.706507005795041004e-11 2.127449854501600926e-11 2.567819077923079508e-11 2.098593537102802440e-11 1.814253870167134106e-11 1.466283615533670592e-11 1.789181036356326644e-11 2.136873423199153893e-11 2.243231937070969762e-11 2.563810347100695318e-11 2.740629426994148964e-11 3.116143453313422173e-11 3.858861767407884097e-11 3.105831371944368777e-11 2.371783898248631458e-11 1.959813732206627674e-11 1.350130062314016092e-11 5.916794165271401852e-12 2.729638056407195374e-12
2.765808704663055455e-11 2.467048732528702511e-11 2.017930473528685057e-11 2.580206472889476651e-11 2.139994827804587786e-11 1.814998349903496798e-11 1.574191551416948056e-11 1.584345568896131185e-11 1.877629056408205328e-11 2.016853055789240468e-11 2.323727046250367654e-11 2.353353318846179579e-11 2.648005684925653665e-11 3.105831371944368777e-11 3.661994202425738560e-11 3.165185705323119962e-11 2.486500825140455216e-11 1.755959496641072287e-11 1.022539939889859779e-11 5.415058208823716057e-12
2.044581527446027749e-11 1.869376982648217167e-11 1.599317898245914169e-11 2.119845868844227118e-11 1.682397454344551620e-11 1.445328969431440145e-11 1.445109491082079022e-11 1.512069653772677068e-11 1.696786994613439481e-11 2.043346517174540155e-11 2.291694976947916827e-11 2.197524971059670621e-11 2.211840623041953258e-11 2.371783898248631458e-11 3.165185705323119962e-11 3.969900206570220795e-11 3.217263258704671177e-11 2.189734336271268962e-11 1.474209369752556913e-11 8.380209674612787493e-12
1.309455030383871576e-11 1.189845120071158206e-11 1.099505615812325612e-11 1.558516668560744148e-11 1.232282007758596474e-11 1.148830779357451057e-11 1.322741938306385082e-11 1.289500995613759166e-11 1.352873994276402468e-11 1.701100087494719758e-11 1.977631721024652403e-11 1.883744715248270288e-11 1.795407773910294242e-11 1.959813732206627674e-11 2.486500825140455216e-11 3.217263258704671177e-11 3.515881546416965966e-11 2.824402484453266838e-11 1.984393536194488679e-11 1.272396556988927895e-11
1.254855901099505214e-12 1.688052526384165894e-12 6.449516999413726100e-12 1.286944096944515048e-11 1.081040120651349959e-11 6.769589319792189659e-12 8.639306953958121559e-12 9.575232748515572850e-12 9.441375593697560046e-12 1.348003674361133206e-11 1.360880177631912139e-11 1.340009527590056171e-11 1.159451805044947193e-11 1.350130062314016092e-11 1.755959496641072287e-11 2.189734336271268962e-11 2.824402484453266838e-11 3.665618055122543550e-11 3.020996340206254557e-11 2.141295911858172950e-11
-2.024887071019590127e-12 1.389218769442896148e-12 3.906165691666291085e-12 7.429869232732608850e-12 6.243392066337750997e-12 3.503522542316512209e-12 4.940784353703355420e-12 5.777350236881584699e-12 3.312704528864666175e-12 7.423022173303560054e-12 7.565430141306610947e-12 5.907084704815773022e-12 4.626093752714662049e-12 5.916794165271401852e-12 1.022539939889859779e-11 1.474209369752556913e-11 1.984393536194488679e-11 3.020996340206254557e-11 3.764685464904204643e-11 3.073335820706910489e-11
-1.785322288994810705e-12 9.692209738819344804e-13 1.720465617966180872e-13 2.364570338484593006e-12 5.539365616351872692e-12 2.619633936099039646e-12 5.505228346586667289e-12 6.473005353541948854e-12 1.161924720786947060e-12 3.265249196589779084e-12 5.776951191823997609e-12 1.102047126316588697e-12 1.236001855048398886e-13 2.729638056407195374e-12 5.415058208823716057e-12 8.380209674612787493e-12 1.272396556988927895e-11 2.141295911858172950e-11 3.073335820706910489e-11 3.732257970571053801e-11
