2.088560753527339427e-11 1.500903787273252711e-12 7.943629764596397188e-13 1.355449768911894769e-13 -1.377055733915351023e-13 -1.590469137802363791e-13 -3.543871218458781554e-13 6.195528729827602484e-14 -6.364506274456244443e-13 -5.540130496843239906e-13 -1.483642972522583188e-13 -1.846879695204917879e-13 1.073033321851302312e-13 -6.017610556190390589e-15 6.476656445192133365e-14 8.588304484227757087e-14 5.126295313225052683e-13 3.515666369748089867e-13 1.370413004133261910e-13 1.900467086087528736e-13
1.500903787273252711e-12 1.402534805459566230e-11 9.883072099721052134e-13 -7.923576187253774494e-13 -3.055004841188714677e-13 5.035921545864967839e-13 -5.520720135285640939e-13 2.486567929095539425e-13 -1.176851062676131093e-13 2.247827337252019596e-13 9.793420354961511898e-14 1.156394262352540384e-13 1.868383127693396806e-13 -1.944276331497522564e-13 -4.332368637582331298e-13 -9.559527027948314203e-14 1.452405824009961521e-13 2.518268985271752151e-14 7.689780653794262523e-14 -7.623752792546351387e-14
7.943629764596397188e-13 9.883072099721052134e-13 7.526768687988778011e-12 9.124566718483732346e-13 6.382759783024496620e-14 6.868582694795746874e-13 3.058191391401412920e-13 -1.085887464038151265e-13 1.902288734283830087e-13 2.281624121649331742e-13 -2.631908996982788621e-14 -1.858162706746125279e-13 -1.485624358943712882e-13 -2.164346645909020404e-13 -2.751481268989089862e-13 -3.036360810237636451e-13 -1.437275860937423507e-13 -2.137011885319858087e-13 -2.135099869434054269e-13 -2.154953474265230071e-13
1.355449768911894769e-13 -7.923576187253774494e-13 9.124566718483732346e-13 6.397440908597090424e-12 7.858226195513579514e-13 6.651866115828165220e-13 3.167961543907596330e-13 4.596276462022885876e-13 6.033327096310924357e-13 1.404377706110507136e-13 -2.586505382167079024e-14 2.833520630485087044e-14 1.196517212833164275e-14 -2.454088496554869529e-13 -2.732294900113885459e-15 -2.905419213323338791e-15 -1.012329601217195196e-14 -4.423838200180097304e-14 2.955156822386063736e-14 1.856915513208532512e-13
-1.377055733915351023e-13 -3.055004841188714677e-13 6.382759783024496620e-14 7.858226195513579514e-13 3.696517081034802801e-12 3.874243493189219968e-13 -2.904111896807958502e-14 3.283247790305497684e-14 2.141551683190070751e-13 1.837305224111214974e-13 -3.344483432426090650e-13 -1.978232663153564826e-14 6.811175324901756945e-14 2.129163272208105562e-14 -9.332832397986726348e-14 -1.552677428096027912e-13 -5.023070646046663957e-14 4.725406617726247340e-14 2.008684929531757095e-13 1.882722298038976147e-13
-1.590469137802363791e-13 5.035921545864967839e-13 6.868582694795746874e-13 6.651866115828165220e-13 3.874243493189219968e-13 3.037092994952528203e-12 3.650836507264482318e-13 1.662633815297629425e-13 7.075550104054248414e-15 -5.980848282469871253e-14 2.917168169654339259e-15 -1.740106362614393025e-13 -1.687762232280087649e-13 -2.258896401024378410e-13 -8.944465402590131077e-14 -4.379604925904047526e-14 6.875976165552392808e-15 1.570812510854414932e-14 -7.571951267177990603e-15 -1.901895387412769697e-14
-3.543871218458781554e-13 -5.520720135285640939e-13 3.058191391401412920e-13 3.167961543907596330e-13 -2.904111896807958502e-14 3.650836507264482318e-13 1.384360532821678983e-12 1.331994809727378397e-13 -3.144492844749104745e-14 3.838532078347593036e-14 -5.733265017444905052e-14 1.941811451329713357e-14 3.898277407330331623e-14 3.210884840267709158e-14 2.362582238407820317e-14 1.083275321511439762e-14 9.159932833866701133e-15 5.153839198371941262e-15 -5.108187040017825676e-14 -4.565165070722179052e-14
6.195528729827602484e-14 2.486567929095539425e-13 -1.085887464038151265e-13 4.596276462022885876e-13 3.283247790305497684e-14 1.662633815297629425e-13 1.331994809727378397e-13 1.105219457855826260e-12 2.174425623975881289e-13 1.732595688253520838e-13 3.240959585090388261e-14 8.545738692524704183e-14 7.493572232043529419e-14 -2.127534289655732362e-14 6.979789608561543059e-14 3.731423165206138919e-14 3.152933648933273443e-14 -7.841446877877774264e-15 -4.104058536897480407e-14 7.618017160593936928e-15
-6.364506274456244443e-13 -1.176851062676131093e-13 1.902288734283830087e-13 6.033327096310924357e-13 2.141551683190070751e-13 7.075550104054248414e-15 -3.144492844749104745e-14 2.174425623975881289e-13 8.422928014445937343e-13 3.809965563601808448e-13 7.187370095001667198e-14 1.103707299961893177e-13 1.005624755117659443e-13 6.368152347583982212e-14 4.441013038733941870e-14 -2.371609457342212904e-14 2.777386584168191710e-15 -7.136709423641040425e-15 -1.168532491145080773e-14 3.727598942961608762e-14
-5.540130496843239906e-13 2.247827337252019596e-13 2.281624121649331742e-13 1.404377706110507136e-13 1.837305224111214974e-13 -5.980848282469871253e-14 3.838532078347593036e-14 1.732595688253520838e-13 3.809965563601808448e-13 9.102610484931123968e-13 2.816676900335034399e-13 2.130123912275667297e-13 1.293193227104478351e-13 6.886755487386460525e-14 2.195799422025200329e-14 5.809646248957714305e-15 -6.826056045604063386e-15 -4.119493898189381816e-14 3.691414927980187112e-14 8.184198749821487102e-14
-1.483642972522583188e-13 9.793420354961511898e-14 -2.631908996982788621e-14 -2.586505382167079024e-14 -3.344483432426090650e-13 2.917168169654339259e-15 -5.733265017444905052e-14 3.240959585090388261e-14 7.187370095001667198e-14 2.816676900335034399e-13 5.348204181698750492e-13 2.753112442174549166e-13 1.381240058540134709e-13 9.761426632004393831e-14 7.700722932726516135e-14 7.987639893328349095e-14 2.886325333667493942e-14 1.787318355584476512e-14 1.185538454964157527e-14 -1.972493842454675216e-14
-1.846879695204917879e-13 1.156394262352540384e-13 -1.858162706746125279e-13 2.833520630485087044e-14 -1.978232663153564826e-14 -1.740106362614393025e-13 1.941811451329713357e-14 8.545738692524704183e-14 1.103707299961893177e-13 2.130123912275667297e-13 2.753112442174549166e-13 5.510744806506036988e-13 2.898095394507283555e-13 2.097537743530391652e-13 1.427836988498012322e-13 9.177053136808774480e-14 8.675569264641987011e-14 2.753443768865438455e-14 -5.452529292739611138e-14 -7.415368820971059070e-14
1.073033321851302312e-13 1.868383127693396806e-13 -1.485624358943712882e-13 1.196517212833164275e-14 6.811175324901756945e-14 -1.687762232280087649e-13 3.898277407330331623e-14 7.493572232043529419e-14 1.005624755117659443e-13 1.293193227104478351e-13 1.381240058540134709e-13 2.898095394507283555e-13 3.976219877856641915e-13 2.710168326336502933e-13 1.640388012863051464e-13 1.389057455474923775e-13 1.530526509525832221e-13 6.313305641764549026e-14 -1.501799169564392644e-14 -3.449335381700138706e-14
-6.017610556190390589e-15 -1.944276331497522564e-13 -2.164346645909020404e-13 -2.454088496554869529e-13 2.129163272208105562e-14 -2.258896401024378410e-13 3.210884840267709158e-14 -2.127534289655732362e-14 6.368152347583982212e-14 6.886755487386460525e-14 9.761426632004393831e-14 2.097537743530391652e-13 2.710168326336502933e-13 4.638432249089888416e-13 2.862084724593356274e-13 1.913534611440431883e-13 1.525690209458298112e-13 1.249896228065551290e-14 -6.010808829907468744e-14 -8.188305428874972924e-14
6.476656445192133365e-14 -4.332368637582331298e-13 -2.751481268989089862e-13 -2.732294900113885459e-15 -9.332832397986726348e-14 -8.944465402590131077e-14 2.362582238407820317e-14 6.979789608561543059e-14 4.441013038733941870e-14 2.195799422025200329e-14 7.700722932726516135e-14 1.427836988498012322e-13 1.640388012863051464e-13 2.862084724593356274e-13 4.222917812067196115e-13 3.059244287267156381e-13 2.011012287918670609e-13 5.790709243046807610e-14 -4.953029583973754458e-14 -6.861671931213268957e-14
8.588304484227757087e-14 -9.559527027948314203e-14 -3.036360810237636451e-13 -2.905419213323338791e-15 -1.552677428096027912e-13 -4.379604925904047526e-14 1.083275321511439762e-14 3.731423165206138919e-14 -2.371609457342212904e-14 5.809646248957714305e-15 7.987639893328349095e-14 9.177053136808774480e-14 1.389057455474923775e-13 1.913534611440431883e-13 3.059244287267156381e-13 4.728265657462137184e-13 3.578284371674603759e-13 1.542432574677062604e-13 1.732570741395314463e-14 -5.767163415834329543e-14
5.126295313225052683e-13 1.452405824009961521e-13 -1.437275860937423507e-13 -1.012329601217195196e-14 -5.023070646046663957e-14 6.875976165552392808e-15 9.159932833866701133e-15 3.152933648933273443e-14 2.777386584168191710e-15 -6.826056045604063386e-15 2.886325333667493942e-14 8.675569264641987011e-14 1.530526509525832221e-13 1.525690209458298112e-13 2.011012287918670609e-13 3.578284371674603759e-13 4.620027188369727147e-13 2.741447068858084315e-13 1.167878976773287150e-13 2.023553556411017660e-14
3.515666369748089867e-13 2.518268985271752151e-14 -2.137011885319858087e-13 -4.423838200180097304e-14 4.725406617726247340e-14 1.570812510854414932e-14 5.153839198371941262e-15 -7.841446877877774264e-15 -7.136709423641040425e-15 -4.119493898189381816e-14 1.787318355584476512e-14 2.753443768865438455e-14 6.313305641764549026e-14 1.249896228065551290e-14 5.790709243046807610e-14 1.542432574677062604e-13 2.741447068858084315e-13 3.412999450208285010e-13 2.440749666145004976e-13 1.392966549912754759e-13
1.370413004133261910e-13 7.689780653794262523e-14 -2.135099869434054269e-13 2.955156822386063736e-14 2.008684929531757095e-13 -7.571951267177990603e-15 -5.108187040017825676e-14 -4.104058536897480407e-14 -1.168532491145080773e-14 3.691414927980187112e-14 1.185538454964157527e-14 -5.452529292739611138e-14 -1.501799169564392644e-14 -6.010808829907468744e-14 -4.953029583973754458e-14 1.732570741395314463e-14 1.167878976773287150e-13 2.440749666145004976e-13 4.263625077144685926e-13 3.396879426393673652e-13
1.900467086087528736e-13 -7.623752792546351387e-14 -2.154953474265230071e-13 1.856915513208532512e-13 1.882722298038976147e-13 -1.901895387412769697e-14 -4.565165070722179052e-14 7.618017160593936928e-15 3.727598942961608762e-14 8.184198749821487102e-14 -1.972493842454675216e-14 -7.415368820971059070e-14 -3.449335381700138706e-14 -8.188305428874972924e-14 -6.861671931213268957e-14 -5.767163415834329543e-14 2.023553556411017660e-14 1.392966549912754759e-13 3.396879426393673652e-13 5.068819282942488671e-13
