1.630494061379052391e-08 -1.171343007759375889e-10 -1.074452539046673816e-09 4.013995090338808775e-10 -5.472047881075035777e-10 -9.321156125789036526e-10 -2.189724040812718516e-10 -4.171855588444030208e-11 4.469342309932021726e-10 1.517130867907665418e-10 3.714687145766035443e-10 -5.023928389678480975e-12 -5.527610959278006247e-11 1.067613556545028745e-10 9.451954213374964527e-11 9.449620590601340650e-12 3.332562927218690174e-11 5.902233548133879340e-11 -5.229290794512082467e-11 -9.633263284217234269e-11
-1.171343007759375889e-10 9.447483274242998984e-09 -6.923064700485265016e-10 3.539548136381703169e-10 -7.322296750135191435e-11 4.666612468379799977e-13 -7.049440142950892660e-11 4.118489766089003490e-11 1.283536443544125756e-10 -2.140953263314111912e-11 1.292672367149058537e-10 3.200629569468452223e-12 -1.013656258591947084e-10 -8.531239890468202245e-11 -6.341847216121214654e-11 -1.566698873897765128e-11 4.246479968934971639e-11 8.906951610136620237e-13 3.346621984810176495e-11 -1.255387236307497156e-11
-1.074452539046673816e-09 -6.923064700485265016e-10 4.545614229049248950e-09 -5.529856277095513004e-10 -1.114509036001772671e-10 -3.567700201341261195e-11 -1.287711053680929909e-10 -3.967401714254820033e-10 9.169958336378927937e-11 5.575646970477144035e-11 7.567767991853203716e-11 -4.568793224192389284e-11 8.335304559228997111e-12 -6.215924400692047562e-11 4.709126139924153376e-11 -5.558051423795501744e-11 -5.226030865415457715e-11 -5.396868867539740411e-11 -1.634811498022454337e-12 -1.105666375145243869e-11
4.013995090338808775e-10 3.539548136381703169e-10 -5.529856277095513004e-10 3.909082102205615226e-09 1.759121800640345148e-10 2.351018980441563404e-10 -8.326952332841835205e-11 -2.093354280583190330e-11 -7.388776426463742928e-11 1.452939128104765333e-10 8.553821357130160090e-11 1.176053493573627584e-12 1.277865354383205497e-11 -4.145755508266289425e-11 -1.082306746136103708e-10 -1.148730166356530027e-11 1.584019941605310945e-11 3.048001092144548861e-11 6.308020045644777716e-11 8.568007239500342018e-12
-5.472047881075035777e-10 -7.322296750135191435e-11 -1.114509036001772671e-10 1.759121800640345148e-10 3.558704669271342021e-09 1.270842984482471077e-10 1.223379681297536488e-10 3.184481778213871403e-10 2.613287199948452189e-10 -8.962706860097782371e-12 5.001471017152854870e-11 -2.048562601147780019e-11 7.098465068217718813e-11 2.509403175753046171e-11 -8.638803783473595042e-12 2.429268377478941145e-11 3.673541964720335202e-11 1.417908539032584656e-11 1.822960175563119600e-11 9.013688822100899029e-12
-9.321156125789036526e-10 4.666612468379799977e-13 -3.567700201341261195e-11 2.351018980441563404e-10 1.270842984482471077e-10 1.905923263286483716e-09 1.207378564059287441e-10 3.424926234139042666e-11 -1.804118832583269885e-10 8.896625403930315074e-11 3.957123973874824217e-11 -2.289430108640960038e-13 6.016451601786896068e-11 3.696719346821565739e-11 -2.063204544491749911e-12 -1.863865961075251254e-11 1.281237857845762583e-11 -2.965855958998000558e-11 -1.217956713573379767e-11 -3.021895555176505456e-11
-2.189724040812718516e-10 -7.049440142950892660e-11 -1.287711053680929909e-10 -8.326952332841835205e-11 1.223379681297536488e-10 1.207378564059287441e-10 1.048071522557373857e-09 1.974467631125672093e-10 -6.400480748375408063e-11 -4.237770982025016603e-11 -3.839052115432572298e-11 -3.507452274281438607e-12 -1.335599934220375050e-11 -2.139103032917006563e-11 -2.592638960291113729e-11 -1.743097423121760082e-11 -3.172624940380372431e-12 -6.432865999756065675e-12 1.161244532095443046e-11 5.344267685873845800e-12
-4.171855588444030208e-11 4.118489766089003490e-11 -3.967401714254820033e-10 -2.093354280583190330e-11 3.184481778213871403e-10 3.424926234139042666e-11 1.974467631125672093e-10 6.941264567791399604e-10 2.246020520959829498e-11 2.618154629769114619e-11 -3.031484598778687448e-11 9.123292579369508749e-12 2.128921363051028545e-11 9.794537360576486076e-12 -1.547689932477136255e-11 3.891233740790202073e-12 7.863419947613919170e-12 5.302587293343249867e-12 -2.248638243740830730e-12 1.907830269953348260e-11
4.469342309932021726e-10 1.283536443544125756e-10 9.169958336378927937e-11 -7.388776426463742928e-11 2.613287199948452189e-10 -1.804118832583269885e-10 -6.400480748375408063e-11 2.246020520959829498e-11 5.266430734756123216e-10 4.191758333433856771e-11 4.427707533621431245e-11 1.381569588387406776e-11 1.710872763320927097e-11 -9.399099774619460646e-12 -2.931050314876240993e-11 -1.420524051017810448e-11 3.666246056135073189e-12 5.457663231833693495e-12 6.846186775439275808e-12 6.263115707701776917e-13
1.517130867907665418e-10 -2.140953263314111912e-11 5.575646970477144035e-11 1.452939128104765333e-10 -8.962706860097782371e-12 8.896625403930315074e-11 -4.237770982025016603e-11 2.618154629769114619e-11 4.191758333433856771e-11 3.935047340932373598e-10 1.172419323394688788e-10 6.794586427701777127e-11 1.689713060523407808e-11 7.006594390411785661e-12 -1.140278319902362460e-11 8.295982524230936703e-12 1.700146213213999298e-11 8.573264163194168661e-12 1.220006625109789081e-12 1.163076253329309255e-12
3.714687145766035443e-10 1.292672367149058537e-10 7.567767991853203716e-11 8.553821357130160090e-11 5.001471017152854870e-11 3.957123973874824217e-11 -3.839052115432572298e-11 -3.031484598778687448e-11 4.427707533621431245e-11 1.172419323394688788e-10 2.527551459581819269e-10 2.445998939488448802e-11 1.196609537592368027e-11 -5.605071131002912420e-13 5.987278314427085001e-12 -8.701302658122523053e-13 5.376092073533199104e-12 -9.571757120043278059e-12 -4.122991737366360023e-12 -1.106352003678631289e-12
-5.023928389678480975e-12 3.200629569468452223e-12 -4.568793224192389284e-11 1.176053493573627584e-12 -2.048562601147780019e-11 -2.289430108640960038e-13 -3.507452274281438607e-12 9.123292579369508749e-12 1.381569588387406776e-11 6.794586427701777127e-11 2.445998939488448802e-11 1.350548017321342391e-10 3.590469483478430438e-11 9.963576962274893887e-12 3.376124002889700079e-13 8.945566413523420901e-12 4.722239926632844672e-13 4.688112908780088580e-13 -1.600590451560469163e-12 3.764939950950048722e-12
-5.527610959278006247e-11 -1.013656258591947084e-10 8.335304559228997111e-12 1.277865354383205497e-11 7.098465068217718813e-11 6.016451601786896068e-11 -1.335599934220375050e-11 2.128921363051028545e-11 1.710872763320927097e-11 1.689713060523407808e-11 1.196609537592368027e-11 3.590469483478430438e-11 1.609320278246616092e-10 3.467267009039095461e-11 -1.081222952976273794e-12 4.115172004934004790e-12 1.441133561515299295e-11 7.171302242713484764e-12 6.780251969321272053e-13 6.243202005372816199e-12
1.067613556545028745e-10 -8.531239890468202245e-11 -6.215924400692047562e-11 -4.145755508266289425e-11 2.509403175753046171e-11 3.696719346821565739e-11 -2.139103032917006563e-11 9.794537360576486076e-12 -9.399099774619460646e-12 7.006594390411785661e-12 -5.605071131002912420e-13 9.963576962274893887e-12 3.467267009039095461e-11 7.989912381899681821e-11 2.555456246884526524e-11 9.212809868865094351e-12 1.254504950468163695e-11 2.836926248321888801e-12 1.316531381726716380e-12 5.736282009553448382e-12
9.451954213374964527e-11 -6.341847216121214654e-11 4.709126139924153376e-11 -1.082306746136103708e-10 -8.638803783473595042e-12 -2.063204544491749911e-12 -2.592638960291113729e-11 -1.547689932477136255e-11 -2.931050314876240993e-11 -1.140278319902362460e-11 5.987278314427085001e-12 3.376124002889700079e-13 -1.081222952976273794e-12 2.555456246884526524e-11 8.601839669286066795e-11 1.689599161240558378e-11 9.301522473010251315e-12 1.891465999064115749e-12 2.204365540275959243e-12 1.121831250906377493e-12
9.449620590601340650e-12 -1.566698873897765128e-11 -5.558051423795501744e-11 -1.148730166356530027e-11 2.429268377478941145e-11 -1.863865961075251254e-11 -1.743097423121760082e-11 3.891233740790202073e-12 -1.420524051017810448e-11 8.295982524230936703e-12 -8.701302658122523053e-13 8.945566413523420901e-12 4.115172004934004790e-12 9.212809868865094351e-12 1.689599161240558378e-11 5.838112402581472912e-11 2.723690711229531204e-11 1.328776766439161858e-11 5.923317204496649379e-12 5.444785115564437873e-12
3.332562927218690174e-11 4.246479968934971639e-11 -5.226030865415457715e-11 1.584019941605310945e-11 3.673541964720335202e-11 1.281237857845762583e-11 -3.172624940380372431e-12 7.863419947613919170e-12 3.666246056135073189e-12 1.700146213213999298e-11 5.376092073533199104e-12 4.722239926632844672e-13 1.441133561515299295e-11 1.254504950468163695e-11 9.301522473010251315e-12 2.723690711229531204e-11 5.532175521102589872e-11 2.007441476542315310e-11 1.293007002228240803e-11 7.387858809733897638e-12
5.902233548133879340e-11 8.906951610136620237e-13 -5.396868867539740411e-11 3.048001092144548861e-11 1.417908539032584656e-11 -2.965855958998000558e-11 -6.432865999756065675e-12 5.302587293343249867e-12 5.457663231833693495e-12 8.573264163194168661e-12 -9.571757120043278059e-12 4.688112908780088580e-13 7.171302242713484764e-12 2.836926248321888801e-12 1.891465999064115749e-12 1.328776766439161858e-11 2.007441476542315310e-11 2.725065629966501165e-11 1.305639430272467551e-11 5.485814815310256444e-12
-5.229290794512082467e-11 3.346621984810176495e-11 -1.634811498022454337e-12 6.308020045644777716e-11 1.822960175563119600e-11 -1.217956713573379767e-11 1.161244532095443046e-11 -2.248638243740830730e-12 6.846186775439275808e-12 1.220006625109789081e-12 -4.122991737366360023e-12 -1.600590451560469163e-12 6.780251969321272053e-13 1.316531381726716380e-12 2.204365540275959243e-12 5.923317204496649379e-12 1.293007002228240803e-11 1.305639430272467551e-11 2.423551826627857307e-11 1.028753137761171441e-11
-9.633263284217234269e-11 -1.255387236307497156e-11 -1.105666375145243869e-11 8.568007239500342018e-12 9.013688822100899029e-12 -3.021895555176505456e-11 5.344267685873845800e-12 1.907830269953348260e-11 6.263115707701776917e-13 1.163076253329309255e-12 -1.106352003678631289e-12 3.764939950950048722e-12 6.243202005372816199e-12 5.736282009553448382e-12 1.121831250906377493e-12 5.444785115564437873e-12 7.387858809733897638e-12 5.485814815310256444e-12 1.028753137761171441e-11 2.061555490426652827e-11
