2.256625428890006631e-04 2.253094478603251134e-04 2.260547843507679569e-04 2.258972205716756659e-04 2.258879371722516416e-04 2.258968736567468888e-04 2.256298752883290710e-04 2.255987967131069499e-04 2.254722821309651547e-04 2.253621784981593701e-04 2.251207435187901689e-04 2.247166681901384140e-04 2.245539179688947216e-04 2.244041635610581858e-04 2.240596518339036975e-04 2.234737756590349060e-04 2.233471726609159887e-04 2.237869985115754131e-04 2.248970336831295803e-04 2.266336502018086911e-04 2.298495527793052815e-04 2.335349905874203630e-04 2.357838795022809426e-04 2.347007590258716003e-04 2.356802469655839356e-04 2.367288035675463667e-04
2.253094478603251134e-04 2.251431660971454191e-04 2.258123694037070988e-04 2.256675030105361433e-04 2.256552591355344352e-04 2.256599900273515379e-04 2.253861795294584381e-04 2.253557497439801426e-04 2.252238820271444187e-04 2.251142950452440685e-04 2.248667414108007797e-04 2.244629125776498747e-04 2.242938962553566622e-04 2.241342995923302115e-04 2.237829146628579386e-04 2.231847705129279800e-04 2.230484596369750700e-04 2.234814001874023241e-04 2.245957215533751414e-04 2.263368133879051756e-04 2.295725147136543380e-04 2.332836449696875302e-04 2.355527333557065216e-04 2.344496073772523793e-04 2.354939883453113574e-04 2.365164564686533051e-04
2.260547843507679569e-04 2.258123694037070988e-04 2.266142052928855107e-04 2.264154273083775583e-04 2.264072848489434803e-04 2.264149791423151104e-04 2.261495193729566491e-04 2.261184970632814913e-04 2.259874733128204452e-04 2.258805349431898416e-04 2.256406296292912648e-04 2.252418841148554572e-04 2.250798117161885046e-04 2.249217036838316330e-04 2.245657696209608760e-04 2.239674923815706479e-04 2.238372606340300968e-04 2.242784459234996330e-04 2.253820421545200459e-04 2.271037894526706724e-04 2.303134114640719636e-04 2.339806422384587369e-04 2.362207742139477379e-04 2.350838218757763374e-04 2.361046440023599859e-04 2.372117590352024782e-04
2.258972205716756659e-04 2.256675030105361433e-04 2.264154273083775583e-04 2.263068570929678178e-04 2.262711386229959514e-04 2.262812921050769946e-04 2.260092632585278488e-04 2.259807517075717329e-04 2.258533771863615246e-04 2.257471645177513563e-04 2.255032789310273088e-04 2.251022180558203084e-04 2.249368162933847637e-04 2.247760866453394398e-04 2.244161330948345656e-04 2.238098244409029687e-04 2.236717676178420051e-04 2.241118483413495979e-04 2.252192715342028100e-04 2.269388726604380400e-04 2.301530100455871143e-04 2.338441132079537325e-04 2.361184310430570468e-04 2.349851592306997526e-04 2.359929449716251194e-04 2.370624882934927857e-04
2.258879371722516416e-04 2.256552591355344352e-04 2.264072848489434803e-04 2.262711386229959514e-04 2.262861944269180822e-04 2.262809547455123401e-04 2.260095322019015779e-04 2.259811049186428826e-04 2.258518830497138394e-04 2.257431873164506366e-04 2.255009468762190128e-04 2.250997110577790167e-04 2.249370586964838761e-04 2.247777785300162853e-04 2.244213320748408901e-04 2.238211284637865890e-04 2.236901261516900544e-04 2.241330744899039135e-04 2.252497802101102882e-04 2.269925601253435930e-04 2.302206326141883845e-04 2.339051322376305858e-04 2.361496315377889748e-04 2.349871206015018534e-04 2.360253069800939099e-04 2.371192511053645739e-04
2.258968736567468888e-04 2.256599900273515379e-04 2.264149791423151104e-04 2.262812921050769946e-04 2.262809547455123401e-04 2.263119257577740509e-04 2.260343130432227571e-04 2.260064400977902462e-04 2.258829549890949953e-04 2.257796940388415424e-04 2.255401119278597339e-04 2.251440261040077472e-04 2.249867736273455791e-04 2.248323622467153222e-04 2.244809113860343416e-04 2.238844863265084559e-04 2.237556583661193406e-04 2.241961728614477506e-04 2.252995542007717937e-04 2.270133918336958911e-04 2.302211775034941252e-04 2.338979678116098521e-04 2.361609252213159186e-04 2.350216836385662466e-04 2.360503467162528945e-04 2.371609881649053297e-04
2.256298752883290710e-04 2.253861795294584381e-04 2.261495193729566491e-04 2.260092632585278488e-04 2.260095322019015779e-04 2.260343130432227571e-04 2.257897359475068502e-04 2.257608511828924328e-04 2.256379427778376450e-04 2.255408488569377425e-04 2.253070523325259567e-04 2.249166942179969440e-04 2.247658651890644419e-04 2.246188509861025723e-04 2.242745130404823315e-04 2.236874307791598493e-04 2.235657580838575206e-04 2.240076056452346457e-04 2.251063938974125266e-04 2.268018219128246373e-04 2.299578898979124742e-04 2.335655246077776061e-04 2.357967307746148698e-04 2.346831218133407890e-04 2.357397514449003641e-04 2.368633655795101850e-04
2.255987967131069499e-04 2.253557497439801426e-04 2.261184970632814913e-04 2.259807517075717329e-04 2.259811049186428826e-04 2.260064400977902462e-04 2.257608511828924328e-04 2.257540284617491459e-04 2.256307550006280901e-04 2.255350328348566206e-04 2.253036328573700727e-04 2.249151614420081830e-04 2.247667116236607104e-04 2.246233640865587743e-04 2.242807952118173619e-04 2.236915931769580294e-04 2.235653797563210668e-04 2.240003111037951742e-04 2.250886558848436668e-04 2.267586038120218391e-04 2.299025291614639234e-04 2.335223009988927532e-04 2.357937597632416970e-04 2.347102916010805564e-04 2.357582127033116713e-04 2.368546651328016118e-04
2.254722821309651547e-04 2.252238820271444187e-04 2.259874733128204452e-04 2.258533771863615246e-04 2.258518830497138394e-04 2.258829549890949953e-04 2.256379427778376450e-04 2.256307550006280901e-04 2.255287046970902182e-04 2.254380439739936415e-04 2.252147910168989843e-04 2.248317992792275637e-04 2.246885761547356161e-04 2.245500953194861195e-04 2.242108609716126038e-04 2.236236898853673628e-04 2.234964290329605283e-04 2.239274673906420713e-04 2.250116655583945342e-04 2.266678962128604107e-04 2.297855136650408235e-04 2.333898891548533670e-04 2.356609829153538487e-04 2.345866893624701363e-04 2.356342565554348021e-04 2.367207495386351756e-04
2.253621784981593701e-04 2.251142950452440685e-04 2.258805349431898416e-04 2.257471645177513563e-04 2.257431873164506366e-04 2.257796940388415424e-04 2.255408488569377425e-04 2.255350328348566206e-04 2.254380439739936415e-04 2.253657417895860767e-04 2.251494152366458577e-04 2.247750280761627074e-04 2.246408973500618961e-04 2.245114276881912782e-04 2.241797042169541151e-04 2.236000435551492203e-04 2.234741739798341018e-04 2.238988023175094301e-04 2.249690125041429241e-04 2.266000234525455482e-04 2.296799688298474236e-04 2.332513623456989303e-04 2.355296187413813739e-04 2.344754089104422300e-04 2.355240068412629113e-04 2.366215438985661966e-04
2.251207435187901689e-04 2.248667414108007797e-04 2.256406296292912648e-04 2.255032789310273088e-04 2.255009468762190128e-04 2.255401119278597339e-04 2.253070523325259567e-04 2.253036328573700727e-04 2.252147910168989843e-04 2.251494152366458577e-04 2.249545100472460305e-04 2.245919157841736781e-04 2.244706326478587395e-04 2.243540429136019665e-04 2.240329790067793845e-04 2.234648502958586666e-04 2.233467033955481324e-04 2.237758778370961500e-04 2.248458351169847270e-04 2.264681272361966907e-04 2.295117790220241132e-04 2.330344004901589315e-04 2.352880455477505495e-04 2.342327382480186146e-04 2.352715432727680580e-04 2.363914584758967268e-04
2.247166681901384140e-04 2.244629125776498747e-04 2.252418841148554572e-04 2.251022180558203084e-04 2.250997110577790167e-04 2.251440261040077472e-04 2.249166942179969440e-04 2.249151614420081830e-04 2.248317992792275637e-04 2.247750280761627074e-04 2.245919157841736781e-04 2.242576260470189990e-04 2.241552766206554971e-04 2.240588195294824321e-04 2.237561365702632943e-04 2.232032977097053825e-04 2.230940223744690197e-04 2.235289902350175650e-04 2.245931364445132223e-04 2.261891622990186380e-04 2.291851209012868613e-04 2.326345655622228498e-04 2.348589821273698889e-04 2.338219511800565900e-04 2.348683261837026897e-04 2.359906564968361367e-04
2.245539179688947216e-04 2.242938962553566622e-04 2.250798117161885046e-04 2.249368162933847637e-04 2.249370586964838761e-04 2.249867736273455791e-04 2.247658651890644419e-04 2.247667116236607104e-04 2.246885761547356161e-04 2.246408973500618961e-04 2.244706326478587395e-04 2.241552766206554971e-04 2.240866243698994465e-04 2.240240431735863373e-04 2.237499423509242919e-04 2.232219756096357583e-04 2.231317759922886847e-04 2.235803635697689333e-04 2.246510790879272619e-04 2.262377722254500713e-04 2.291942227080305127e-04 2.325576574617967997e-04 2.347291354809578684e-04 2.336925211567816819e-04 2.347547083807491829e-04 2.359158632097053824e-04
2.244041635610581858e-04 2.241342995923302115e-04 2.249217036838316330e-04 2.247760866453394398e-04 2.247777785300162853e-04 2.248323622467153222e-04 2.246188509861025723e-04 2.246233640865587743e-04 2.245500953194861195e-04 2.245114276881912782e-04 2.243540429136019665e-04 2.240588195294824321e-04 2.240240431735863373e-04 2.240188557062975229e-04 2.237933541548443568e-04 2.233041943301091760e-04 2.232429263604102977e-04 2.237111323214013674e-04 2.247876671539295686e-04 2.263588313238986262e-04 2.292751524747043063e-04 2.325366750668227654e-04 2.346557312637935326e-04 2.336467098509083652e-04 2.347245958679481477e-04 2.359123745741993085e-04
2.240596518339036975e-04 2.237829146628579386e-04 2.245657696209608760e-04 2.244161330948345656e-04 2.244213320748408901e-04 2.244809113860343416e-04 2.242745130404823315e-04 2.242807952118173619e-04 2.242108609716126038e-04 2.241797042169541151e-04 2.240329790067793845e-04 2.237561365702632943e-04 2.237499423509242919e-04 2.237933541548443568e-04 2.236322813312969116e-04 2.232002313980890895e-04 2.231821667324548474e-04 2.236717775114181706e-04 2.247478288430052647e-04 2.263007844423465815e-04 2.291684320339953018e-04 2.323083566814321645e-04 2.343568266324513633e-04 2.333728253153712214e-04 2.344606287736057746e-04 2.356663810177661285e-04
2.234737756590349060e-04 2.231847705129279800e-04 2.239674923815706479e-04 2.238098244409029687e-04 2.238211284637865890e-04 2.238844863265084559e-04 2.236874307791598493e-04 2.236915931769580294e-04 2.236236898853673628e-04 2.236000435551492203e-04 2.234648502958586666e-04 2.232032977097053825e-04 2.232219756096357583e-04 2.233041943301091760e-04 2.232002313980890895e-04 2.228557907344637943e-04 2.229161621332281264e-04 2.234523155899212625e-04 2.245416641843572835e-04 2.260945994039639979e-04 2.289069116358998738e-04 2.318972066055023792e-04 2.338382397515378160e-04 2.328969077882464978e-04 2.340083695530892338e-04 2.352404826939996293e-04
2.233471726609159887e-04 2.230484596369750700e-04 2.238372606340300968e-04 2.236717676178420051e-04 2.236901261516900544e-04 2.237556583661193406e-04 2.235657580838575206e-04 2.235653797563210668e-04 2.234964290329605283e-04 2.234741739798341018e-04 2.233467033955481324e-04 2.230940223744690197e-04 2.231317759922886847e-04 2.232429263604102977e-04 2.231821667324548474e-04 2.229161621332281264e-04 2.230887774052060216e-04 2.237190882424253742e-04 2.248708855724521820e-04 2.264726661675255711e-04 2.292686338866954134e-04 2.321038500527450418e-04 2.338687871243897061e-04 2.329110455894309187e-04 2.340610773868661827e-04 2.353274082215714468e-04
2.237869985115754131e-04 2.234814001874023241e-04 2.242784459234996330e-04 2.241118483413495979e-04 2.241330744899039135e-04 2.241961728614477506e-04 2.240076056452346457e-04 2.240003111037951742e-04 2.239274673906420713e-04 2.238988023175094301e-04 2.237758778370961500e-04 2.235289902350175650e-04 2.235803635697689333e-04 2.237111323214013674e-04 2.236717775114181706e-04 2.234523155899212625e-04 2.237190882424253742e-04 2.244891723302825564e-04 2.257720833726898615e-04 2.274700881591636874e-04 2.302908482892610930e-04 2.329964142938572126e-04 2.345378333699659661e-04 2.335190165556354008e-04 2.347569095416985490e-04 2.360630963676683004e-04
2.248970336831295803e-04 2.245957215533751414e-04 2.253820421545200459e-04 2.252192715342028100e-04 2.252497802101102882e-04 2.252995542007717937e-04 2.251063938974125266e-04 2.250886558848436668e-04 2.250116655583945342e-04 2.249690125041429241e-04 2.248458351169847270e-04 2.245931364445132223e-04 2.246510790879272619e-04 2.247876671539295686e-04 2.247478288430052647e-04 2.245416641843572835e-04 2.248708855724521820e-04 2.257720833726898615e-04 2.272779263117855086e-04 2.291814575253549909e-04 2.320751530535439765e-04 2.346985516791035584e-04 2.359849110279003449e-04 2.348212888530628814e-04 2.361658028065380843e-04 2.375353896792079911e-04
2.266336502018086911e-04 2.263368133879051756e-04 2.271037894526706724e-04 2.269388726604380400e-04 2.269925601253435930e-04 2.270133918336958911e-04 2.268018219128246373e-04 2.267586038120218391e-04 2.266678962128604107e-04 2.266000234525455482e-04 2.264681272361966907e-04 2.261891622990186380e-04 2.262377722254500713e-04 2.263588313238986262e-04 2.263007844423465815e-04 2.260945994039639979e-04 2.264726661675255711e-04 2.274700881591636874e-04 2.291814575253549909e-04 2.314648010263931565e-04 2.346302528913169860e-04 2.373044280940644869e-04 2.383161868773578536e-04 2.367962417634778092e-04 2.382432218351022513e-04 2.397610908992028618e-04
2.298495527793052815e-04 2.295725147136543380e-04 2.303134114640719636e-04 2.301530100455871143e-04 2.302206326141883845e-04 2.302211775034941252e-04 2.299578898979124742e-04 2.299025291614639234e-04 2.297855136650408235e-04 2.296799688298474236e-04 2.295117790220241132e-04 2.291851209012868613e-04 2.291942227080305127e-04 2.292751524747043063e-04 2.291684320339953018e-04 2.289069116358998738e-04 2.292686338866954134e-04 2.302908482892610930e-04 2.320751530535439765e-04 2.346302528913169860e-04 2.383241347404226127e-04 2.414442649477766640e-04 2.425151821227685041e-04 2.406008675616235274e-04 2.419830206467789139e-04 2.435936375588189547e-04
2.335349905874203630e-04 2.332836449696875302e-04 2.339806422384587369e-04 2.338441132079537325e-04 2.339051322376305858e-04 2.338979678116098521e-04 2.335655246077776061e-04 2.335223009988927532e-04 2.333898891548533670e-04 2.332513623456989303e-04 2.330344004901589315e-04 2.326345655622228498e-04 2.325576574617967997e-04 2.325366750668227654e-04 2.323083566814321645e-04 2.318972066055023792e-04 2.321038500527450418e-04 2.329964142938572126e-04 2.346985516791035584e-04 2.373044280940644869e-04 2.414442649477766640e-04 2.455188152074236092e-04 2.472933221592410621e-04 2.451349980815346712e-04 2.461017715456398033e-04 2.476293657147684429e-04
2.357838795022809426e-04 2.355527333557065216e-04 2.362207742139477379e-04 2.361184310430570468e-04 2.361496315377889748e-04 2.361609252213159186e-04 2.357967307746148698e-04 2.357937597632416970e-04 2.356609829153538487e-04 2.355296187413813739e-04 2.352880455477505495e-04 2.348589821273698889e-04 2.347291354809578684e-04 2.346557312637935326e-04 2.343568266324513633e-04 2.338382397515378160e-04 2.338687871243897061e-04 2.345378333699659661e-04 2.359849110279003449e-04 2.383161868773578536e-04 2.425151821227685041e-04 2.472933221592410621e-04 2.503558284230903374e-04 2.487230177717793386e-04 2.490158787754555075e-04 2.502106059351198470e-04
2.347007590258716003e-04 2.344496073772523793e-04 2.350838218757763374e-04 2.349851592306997526e-04 2.349871206015018534e-04 2.350216836385662466e-04 2.346831218133407890e-04 2.347102916010805564e-04 2.345866893624701363e-04 2.344754089104422300e-04 2.342327382480186146e-04 2.338219511800565900e-04 2.336925211567816819e-04 2.336467098509083652e-04 2.333728253153712214e-04 2.328969077882464978e-04 2.329110455894309187e-04 2.335190165556354008e-04 2.348212888530628814e-04 2.367962417634778092e-04 2.406008675616235274e-04 2.451349980815346712e-04 2.487230177717793386e-04 2.485310351469927613e-04 2.489190708747761609e-04 2.494308185488590944e-04
2.356802469655839356e-04 2.354939883453113574e-04 2.361046440023599859e-04 2.359929449716251194e-04 2.360253069800939099e-04 2.360503467162528945e-04 2.357397514449003641e-04 2.357582127033116713e-04 2.356342565554348021e-04 2.355240068412629113e-04 2.352715432727680580e-04 2.348683261837026897e-04 2.347547083807491829e-04 2.347245958679481477e-04 2.344606287736057746e-04 2.340083695530892338e-04 2.340610773868661827e-04 2.347569095416985490e-04 2.361658028065380843e-04 2.382432218351022513e-04 2.419830206467789139e-04 2.461017715456398033e-04 2.490158787754555075e-04 2.489190708747761609e-04 2.508951879157782098e-04 2.517067460150539094e-04
2.367288035675463667e-04 2.365164564686533051e-04 2.372117590352024782e-04 2.370624882934927857e-04 2.371192511053645739e-04 2.371609881649053297e-04 2.368633655795101850e-04 2.368546651328016118e-04 2.367207495386351756e-04 2.366215438985661966e-04 2.363914584758967268e-04 2.359906564968361367e-04 2.359158632097053824e-04 2.359123745741993085e-04 2.356663810177661285e-04 2.352404826939996293e-04 2.353274082215714468e-04 2.360630963676683004e-04 2.375353896792079911e-04 2.397610908992028618e-04 2.435936375588189547e-04 2.476293657147684429e-04 2.502106059351198470e-04 2.494308185488590944e-04 2.517067460150539094e-04 2.541130609908013151e-04
