5.034949173788083902e-04 5.035726246599252220e-04 5.032166257334644071e-04 5.046468217980522222e-04 5.046609422212657275e-04 5.048680844057234097e-04 5.043677868513648035e-04 5.050282991243709198e-04 5.052703608125977278e-04 5.054976873036862292e-04 5.057926819432685900e-04 5.061396062386002955e-04 5.067843975950197654e-04 5.073843166098341000e-04 5.076955003634658946e-04 5.072428068732411609e-04 5.060493888176179197e-04 5.045275825429113188e-04 5.019257876217958709e-04 4.996872101944684541e-04 5.008640370889473181e-04 5.057470490418021622e-04 5.122250886072976560e-04 5.115411758701906035e-04 5.084970206172396935e-04 5.107331827717914935e-04
5.035726246599252220e-04 5.038353605073957490e-04 5.034181085251523491e-04 5.048454963070395964e-04 5.048511030245207264e-04 5.050494312801767551e-04 5.045515368615890398e-04 5.052095351505635733e-04 5.054446130772675223e-04 5.056671128519977208e-04 5.059521962565582563e-04 5.062851133374469395e-04 5.069135015152661681e-04 5.074890199363335823e-04 5.077834893179952345e-04 5.073188842945316806e-04 5.061074252538033062e-04 5.045762093469579159e-04 5.019577301864591810e-04 4.996818087191495653e-04 5.008054915965113284e-04 5.057033054142878606e-04 5.123087764515961082e-04 5.117171323496354490e-04 5.085742298781257848e-04 5.107544896661564545e-04
5.032166257334644071e-04 5.034181085251523491e-04 5.031549497934265395e-04 5.045343198857779729e-04 5.045259444144247277e-04 5.047257092687235363e-04 5.042325547031327850e-04 5.048943248339295923e-04 5.051411476741802511e-04 5.053604176052313738e-04 5.056521525999378838e-04 5.059920244869394162e-04 5.066350128083711886e-04 5.072275409657280108e-04 5.075297655185900857e-04 5.070678206513920452e-04 5.058544121756289400e-04 5.043311176732532012e-04 5.017470488687495204e-04 4.995257687313681789e-04 5.007199642328890102e-04 5.056565653506327890e-04 5.122046916104649062e-04 5.115282145642288236e-04 5.083599475379209582e-04 5.105378914747117939e-04
5.046468217980522222e-04 5.048454963070395964e-04 5.045343198857779729e-04 5.060167069803959668e-04 5.059732895345831058e-04 5.061801754092960922e-04 5.056973461869269373e-04 5.063559714535170210e-04 5.066002760604907187e-04 5.068242363223656594e-04 5.071170881818619488e-04 5.074585975959519093e-04 5.080981061958226566e-04 5.086873450236184709e-04 5.089921244729332574e-04 5.085358995561676827e-04 5.073318008528333476e-04 5.058015855588790044e-04 5.031938711752214580e-04 5.009447052505376771e-04 5.021292634092051769e-04 5.070818164731558412e-04 5.137007824192837318e-04 5.130440090274263109e-04 5.098551591068535907e-04 5.119840526642977776e-04
5.046609422212657275e-04 5.048511030245207264e-04 5.045259444144247277e-04 5.059732895345831058e-04 5.060124951796255138e-04 5.061974905974241275e-04 5.057130519890598412e-04 5.063750002705405236e-04 5.066204702540317304e-04 5.068526298652758404e-04 5.071534780589183940e-04 5.075091368373223525e-04 5.081659637687771167e-04 5.087747815225116682e-04 5.090955024860012576e-04 5.086475952555468772e-04 5.074456043246033032e-04 5.059194476823145785e-04 5.033106690993944653e-04 5.010555559855783565e-04 5.022228337358964874e-04 5.071361804601657360e-04 5.136765315683166190e-04 5.130027636992165289e-04 5.099019645485075754e-04 5.121528437452351227e-04
5.048680844057234097e-04 5.050494312801767551e-04 5.047257092687235363e-04 5.061801754092960922e-04 5.061974905974241275e-04 5.064297888385223614e-04 5.059291004263141971e-04 5.065913068935570373e-04 5.068422887395754046e-04 5.070779365417526618e-04 5.073825387598816664e-04 5.077389834618736613e-04 5.083977596662254917e-04 5.090060211417682390e-04 5.093227020130753702e-04 5.088681297516703395e-04 5.076545601115481409e-04 5.061207567982800625e-04 5.035081341030159686e-04 5.012553036577279070e-04 5.024162707831787526e-04 5.073005438576396126e-04 5.138149469649998203e-04 5.131247940436980915e-04 5.100275157762964836e-04 5.122623175267898912e-04
5.043677868513648035e-04 5.045515368615890398e-04 5.042325547031327850e-04 5.056973461869269373e-04 5.057130519890598412e-04 5.059291004263141971e-04 5.054686125310132354e-04 5.061297591613418819e-04 5.063825925149221001e-04 5.066209355453286500e-04 5.069284783104904130e-04 5.072885140199852663e-04 5.079543437915781277e-04 5.085688929425004725e-04 5.088978484379622644e-04 5.084635124773328281e-04 5.072775624999788756e-04 5.057599706507296539e-04 5.031513943396950881e-04 5.008963984111443769e-04 5.020387626009804177e-04 5.068783372228590064e-04 5.133483297680555869e-04 5.126340475181405572e-04 5.095243529904048326e-04 5.117229077003967704e-04
5.050282991243709198e-04 5.052095351505635733e-04 5.048943248339295923e-04 5.063559714535170210e-04 5.063750002705405236e-04 5.065913068935570373e-04 5.061297591613418819e-04 5.068267331525768858e-04 5.070789527982289858e-04 5.073259697861415675e-04 5.076433278532339324e-04 5.080138596016492772e-04 5.086939717280995190e-04 5.093260079133593620e-04 5.096702156082149205e-04 5.092501569712836731e-04 5.080760032940241167e-04 5.065656786301716424e-04 5.039599337353866488e-04 5.017056889092332298e-04 5.028275769349257931e-04 5.076086364305847694e-04 5.140332465828873583e-04 5.132715447054734745e-04 5.101650568490161955e-04 5.124203282695372888e-04
5.052703608125977278e-04 5.054446130772675223e-04 5.051411476741802511e-04 5.066002760604907187e-04 5.066204702540317304e-04 5.068422887395754046e-04 5.063825925149221001e-04 5.070789527982289858e-04 5.073601715330873160e-04 5.076140070881134982e-04 5.079442562469393312e-04 5.083238215127820411e-04 5.090161655378923605e-04 5.096615006860644517e-04 5.100152856624873190e-04 5.096053975335181454e-04 5.084368844619871789e-04 5.069371509223070428e-04 5.043440021100569154e-04 5.020935188156094029e-04 5.032005631119874662e-04 5.079437641254858256e-04 5.143072067537946207e-04 5.135600901527282011e-04 5.104682553925313747e-04 5.126974964207905430e-04
5.054976873036862292e-04 5.056671128519977208e-04 5.053604176052313738e-04 5.068242363223656594e-04 5.068526298652758404e-04 5.070779365417526618e-04 5.066209355453286500e-04 5.073259697861415675e-04 5.076140070881134982e-04 5.078976247550594193e-04 5.082397791534111258e-04 5.086349369905865695e-04 5.093439766705546443e-04 5.100114055040729129e-04 5.103842318364223583e-04 5.099921637715407272e-04 5.088344076544932789e-04 5.073394480186698948e-04 5.047483518459681181e-04 5.024946403422919173e-04 5.035626083127832170e-04 5.082255378194610110e-04 5.145297184099441703e-04 5.137774679210049865e-04 5.107263208365470835e-04 5.129680188046090595e-04
5.057926819432685900e-04 5.059521962565582563e-04 5.056521525999378838e-04 5.071170881818619488e-04 5.071534780589183940e-04 5.073825387598816664e-04 5.069284783104904130e-04 5.076433278532339324e-04 5.079442562469393312e-04 5.082397791534111258e-04 5.086125772707829080e-04 5.090294502988730943e-04 5.097616580473736045e-04 5.104562569100493932e-04 5.108509953684100668e-04 5.104773797175186706e-04 5.093344042674270017e-04 5.078569476246349006e-04 5.052782274681980957e-04 5.030263101421945373e-04 5.040666710033035475e-04 5.086580892948180076e-04 5.148827603814384044e-04 5.141127103330239007e-04 5.110719413094865068e-04 5.133090379015723846e-04
5.061396062386002955e-04 5.062851133374469395e-04 5.059920244869394162e-04 5.074585975959519093e-04 5.075091368373223525e-04 5.077389834618736613e-04 5.072885140199852663e-04 5.080138596016492772e-04 5.083238215127820411e-04 5.086349369905865695e-04 5.090294502988730943e-04 5.094836714808158567e-04 5.102515457282922858e-04 5.109867170309620064e-04 5.114137093676537600e-04 5.110704961930612189e-04 5.099534308333620973e-04 5.084966139581180607e-04 5.059291019122945897e-04 5.036769690678403978e-04 5.046774566297769927e-04 5.091739600637963919e-04 5.152911461102467009e-04 5.144768988044645967e-04 5.114760808600242632e-04 5.137409886404105831e-04
5.067843975950197654e-04 5.069135015152661681e-04 5.066350128083711886e-04 5.080981061958226566e-04 5.081659637687771167e-04 5.083977596662254917e-04 5.079543437915781277e-04 5.086939717280995190e-04 5.090161655378923605e-04 5.093439766705546443e-04 5.097616580473736045e-04 5.102515457282922858e-04 5.110809968389749911e-04 5.118776420343033179e-04 5.123583944880689229e-04 5.120657768256941817e-04 5.109914360398472690e-04 5.095612167542664002e-04 5.069992156211090232e-04 5.047349886067921962e-04 5.056750979314990910e-04 5.100331399775971273e-04 5.160246255539056772e-04 5.151615996275101710e-04 5.121814883380216123e-04 5.144893874937658340e-04
5.073843166098341000e-04 5.074890199363335823e-04 5.072275409657280108e-04 5.086873450236184709e-04 5.087747815225116682e-04 5.090060211417682390e-04 5.085688929425004725e-04 5.093260079133593620e-04 5.096615006860644517e-04 5.100114055040729129e-04 5.104562569100493932e-04 5.109867170309620064e-04 5.118776420343033179e-04 5.127643526524011761e-04 5.133230534304758551e-04 5.131018798839073443e-04 5.120832499511695536e-04 5.106902338587488311e-04 5.081510288718760074e-04 5.058929541011353108e-04 5.067730362607435072e-04 5.109724169839839625e-04 5.168017197867568911e-04 5.158813321385096644e-04 5.129360878735717780e-04 5.152705247334512075e-04
5.076955003634658946e-04 5.077834893179952345e-04 5.075297655185900857e-04 5.089921244729332574e-04 5.090955024860012576e-04 5.093227020130753702e-04 5.088978484379622644e-04 5.096702156082149205e-04 5.100152856624873190e-04 5.103842318364223583e-04 5.108509953684100668e-04 5.114137093676537600e-04 5.123583944880689229e-04 5.133230534304758551e-04 5.139829644467479005e-04 5.138625270387824290e-04 5.129362010340169850e-04 5.116168496657815283e-04 5.091188578530052387e-04 5.068519656915974371e-04 5.076409272837379251e-04 5.116274144434734220e-04 5.172668729895175390e-04 5.163053258768622762e-04 5.133779296763564884e-04 5.157271251014079695e-04
5.072428068732411609e-04 5.073188842945316806e-04 5.070678206513920452e-04 5.085358995561676827e-04 5.086475952555468772e-04 5.088681297516703395e-04 5.084635124773328281e-04 5.092501569712836731e-04 5.096053975335181454e-04 5.099921637715407272e-04 5.104773797175186706e-04 5.110704961930612189e-04 5.120657768256941817e-04 5.131018798839073443e-04 5.138625270387824290e-04 5.138883080475207567e-04 5.131113104818995361e-04 5.119204756822555392e-04 5.095047512250583215e-04 5.072500311972797825e-04 5.079285806486327380e-04 5.116178676202403188e-04 5.169597097907189251e-04 5.159515861894389561e-04 5.131186550397735238e-04 5.155037506766455739e-04
5.060493888176179197e-04 5.061074252538033062e-04 5.058544121756289400e-04 5.073318008528333476e-04 5.074456043246033032e-04 5.076545601115481409e-04 5.072775624999788756e-04 5.080760032940241167e-04 5.084368844619871789e-04 5.088344076544932789e-04 5.093344042674270017e-04 5.099534308333620973e-04 5.109914360398472690e-04 5.120832499511695536e-04 5.129362010340169850e-04 5.131113104818995361e-04 5.125429877673593881e-04 5.115404183227502443e-04 5.092392791709889326e-04 5.070071469268611596e-04 5.075480051440101363e-04 5.108612438284444550e-04 5.158582841910109001e-04 5.148491423153384993e-04 5.121601141743023933e-04 5.145983004701582030e-04
5.045275825429113188e-04 5.045762093469579159e-04 5.043311176732532012e-04 5.058015855588790044e-04 5.059194476823145785e-04 5.061207567982800625e-04 5.057599706507296539e-04 5.065656786301716424e-04 5.069371509223070428e-04 5.073394480186698948e-04 5.078569476246349006e-04 5.084966139581180607e-04 5.095612167542664002e-04 5.106902338587488311e-04 5.116168496657815283e-04 5.119204756822555392e-04 5.115404183227502443e-04 5.107954990650883861e-04 5.087144817344537145e-04 5.065830352112082012e-04 5.070521751540002682e-04 5.100391325586759502e-04 5.146234836591250883e-04 5.135487963910449717e-04 5.109981955194088524e-04 5.134829029171211713e-04
5.019257876217958709e-04 5.019577301864591810e-04 5.017470488687495204e-04 5.031938711752214580e-04 5.033106690993944653e-04 5.035081341030159686e-04 5.031513943396950881e-04 5.039599337353866488e-04 5.043440021100569154e-04 5.047483518459681181e-04 5.052782274681980957e-04 5.059291019122945897e-04 5.069992156211090232e-04 5.081510288718760074e-04 5.091188578530052387e-04 5.095047512250583215e-04 5.092392791709889326e-04 5.087144817344537145e-04 5.069478120965290177e-04 5.050772633493158135e-04 5.056423471103526626e-04 5.084664566513361636e-04 5.126169542013072960e-04 5.113111101665111921e-04 5.087818629555697749e-04 5.111919193132787465e-04
4.996872101944684541e-04 4.996818087191495653e-04 4.995257687313681789e-04 5.009447052505376771e-04 5.010555559855783565e-04 5.012553036577279070e-04 5.008963984111443769e-04 5.017056889092332298e-04 5.020935188156094029e-04 5.024946403422919173e-04 5.030263101421945373e-04 5.036769690678403978e-04 5.047349886067921962e-04 5.058929541011353108e-04 5.068519656915974371e-04 5.072500311972797825e-04 5.070071469268611596e-04 5.065830352112082012e-04 5.050772633493158135e-04 5.036795213133852958e-04 5.046593898161310559e-04 5.076269868540169697e-04 5.114506785928156106e-04 5.096686104776708155e-04 5.069742097466619756e-04 5.092139443010168347e-04
5.008640370889473181e-04 5.008054915965113284e-04 5.007199642328890102e-04 5.021292634092051769e-04 5.022228337358964874e-04 5.024162707831787526e-04 5.020387626009804177e-04 5.028275769349257931e-04 5.032005631119874662e-04 5.035626083127832170e-04 5.040666710033035475e-04 5.046774566297769927e-04 5.056750979314990910e-04 5.067730362607435072e-04 5.076409272837379251e-04 5.079285806486327380e-04 5.075480051440101363e-04 5.070521751540002682e-04 5.056423471103526626e-04 5.046593898161310559e-04 5.064854195637499400e-04 5.103143722391983344e-04 5.143301234553127217e-04 5.120081365513303503e-04 5.089136584190512118e-04 5.109081296414386651e-04
5.057470490418021622e-04 5.057033054142878606e-04 5.056565653506327890e-04 5.070818164731558412e-04 5.071361804601657360e-04 5.073005438576396126e-04 5.068783372228590064e-04 5.076086364305847694e-04 5.079437641254858256e-04 5.082255378194610110e-04 5.086580892948180076e-04 5.091739600637963919e-04 5.100331399775971273e-04 5.109724169839839625e-04 5.116274144434734220e-04 5.116178676202403188e-04 5.108612438284444550e-04 5.100391325586759502e-04 5.084664566513361636e-04 5.076269868540169697e-04 5.103143722391983344e-04 5.159813540359828136e-04 5.214610924485822913e-04 5.189694432233273817e-04 5.149505857572350557e-04 5.167696214245402287e-04
5.122250886072976560e-04 5.123087764515961082e-04 5.122046916104649062e-04 5.137007824192837318e-04 5.136765315683166190e-04 5.138149469649998203e-04 5.133483297680555869e-04 5.140332465828873583e-04 5.143072067537946207e-04 5.145297184099441703e-04 5.148827603814384044e-04 5.152911461102467009e-04 5.160246255539056772e-04 5.168017197867568911e-04 5.172668729895175390e-04 5.169597097907189251e-04 5.158582841910109001e-04 5.146234836591250883e-04 5.126169542013072960e-04 5.114506785928156106e-04 5.143301234553127217e-04 5.214610924485822913e-04 5.296025408585688715e-04 5.282330244521668767e-04 5.231404158423513936e-04 5.246212143361558833e-04
5.115411758701906035e-04 5.117171323496354490e-04 5.115282145642288236e-04 5.130440090274263109e-04 5.130027636992165289e-04 5.131247940436980915e-04 5.126340475181405572e-04 5.132715447054734745e-04 5.135600901527282011e-04 5.137774679210049865e-04 5.141127103330239007e-04 5.144768988044645967e-04 5.151615996275101710e-04 5.158813321385096644e-04 5.163053258768622762e-04 5.159515861894389561e-04 5.148491423153384993e-04 5.135487963910449717e-04 5.113111101665111921e-04 5.096686104776708155e-04 5.120081365513303503e-04 5.189694432233273817e-04 5.282330244521668767e-04 5.295580851364744364e-04 5.256551809957323799e-04 5.263379833917213382e-04
5.084970206172396935e-04 5.085742298781257848e-04 5.083599475379209582e-04 5.098551591068535907e-04 5.099019645485075754e-04 5.100275157762964836e-04 5.095243529904048326e-04 5.101650568490161955e-04 5.104682553925313747e-04 5.107263208365470835e-04 5.110719413094865068e-04 5.114760808600242632e-04 5.121814883380216123e-04 5.129360878735717780e-04 5.133779296763564884e-04 5.131186550397735238e-04 5.121601141743023933e-04 5.109981955194088524e-04 5.087818629555697749e-04 5.069742097466619756e-04 5.089136584190512118e-04 5.149505857572350557e-04 5.231404158423513936e-04 5.256551809957323799e-04 5.254080249048446744e-04 5.264318646125448102e-04
5.107331827717914935e-04 5.107544896661564545e-04 5.105378914747117939e-04 5.119840526642977776e-04 5.121528437452351227e-04 5.122623175267898912e-04 5.117229077003967704e-04 5.124203282695372888e-04 5.126974964207905430e-04 5.129680188046090595e-04 5.133090379015723846e-04 5.137409886404105831e-04 5.144893874937658340e-04 5.152705247334512075e-04 5.157271251014079695e-04 5.155037506766455739e-04 5.145983004701582030e-04 5.134829029171211713e-04 5.111919193132787465e-04 5.092139443010168347e-04 5.109081296414386651e-04 5.167696214245402287e-04 5.246212143361558833e-04 5.263379833917213382e-04 5.264318646125448102e-04 5.307037733366518680e-04
