2.539565252211390474e-04 2.543501208845821591e-04 2.543335972674214259e-04 2.546108365210994636e-04 2.550665673321842971e-04 2.545649824092036128e-04 2.542971129307942816e-04 2.539908208013561355e-04 2.537222659099376315e-04 2.538183885018455502e-04 2.534167033443037657e-04 2.534266067155321531e-04 2.538011856971437020e-04 2.540774876380934928e-04 2.543258886486640018e-04 2.540968147143203549e-04 2.540630380599648037e-04 2.545215608693058174e-04 2.551813610972865614e-04 2.560424630783602706e-04 2.570035547389588762e-04 2.567415353903959173e-04 2.566218828532262973e-04 2.559367684470523121e-04 2.605692687278768024e-04 2.610395399752027542e-04
2.543501208845821591e-04 2.549790585297849813e-04 2.548747217804499558e-04 2.551491869477875247e-04 2.556074673461455416e-04 2.551062723069975413e-04 2.548457117052967103e-04 2.545461983960239189e-04 2.542828115863572983e-04 2.543870217040218422e-04 2.539964980458345937e-04 2.540110378475661230e-04 2.543927219360525918e-04 2.546814677269331763e-04 2.549341264461132462e-04 2.547184698588609891e-04 2.547044451051983785e-04 2.551738935316634049e-04 2.558217860362487200e-04 2.566599578542375060e-04 2.575511084377997699e-04 2.572073982680513158e-04 2.570825243547186648e-04 2.564212368540028856e-04 2.610443972151807674e-04 2.615814356492073434e-04
2.543335972674214259e-04 2.548747217804499558e-04 2.549352070409352023e-04 2.551634958886401920e-04 2.556264453016131918e-04 2.551230523702802079e-04 2.548619630643020242e-04 2.545651158966214553e-04 2.543016696715253897e-04 2.543999503983809135e-04 2.540059425375487331e-04 2.540189412434249502e-04 2.543963721648345353e-04 2.546821345467159981e-04 2.549430116976610029e-04 2.547418169789348675e-04 2.547506746304803709e-04 2.552299681086103050e-04 2.558818583314303031e-04 2.567340723059477947e-04 2.576367412635462021e-04 2.572714704466507081e-04 2.571497343510673419e-04 2.565196564750687244e-04 2.611261735609806170e-04 2.616280901907893763e-04
2.546108365210994636e-04 2.551491869477875247e-04 2.551634958886401920e-04 2.554924563748977380e-04 2.559268169786435522e-04 2.554219166803100888e-04 2.551507391999381798e-04 2.548504541773539706e-04 2.545846933865949136e-04 2.546743855275762072e-04 2.542779362387232313e-04 2.542905642675072375e-04 2.546628595789462253e-04 2.549456941552099491e-04 2.552012525376704476e-04 2.549966450526091558e-04 2.549952881287582593e-04 2.554638552286114437e-04 2.561068936613623902e-04 2.569519964709333828e-04 2.578602680909511868e-04 2.575097137825808425e-04 2.573889840816126896e-04 2.567369120247985949e-04 2.613691371450492886e-04 2.618097672010020007e-04
2.550665673321842971e-04 2.556074673461455416e-04 2.556264453016131918e-04 2.559268169786435522e-04 2.564328349786114945e-04 2.559079389663314330e-04 2.556305839212333775e-04 2.553291986669506148e-04 2.550654903122535921e-04 2.551602829933631621e-04 2.547621841380229833e-04 2.547726897417814372e-04 2.551495375068426165e-04 2.554386958218047730e-04 2.557039719892502914e-04 2.555111383060326832e-04 2.555281679815208751e-04 2.560203173686850212e-04 2.566853497263522476e-04 2.575563896627409153e-04 2.584700177207617175e-04 2.580955035857941194e-04 2.579527115221289077e-04 2.572783324930796715e-04 2.618326291602440141e-04 2.622212157698638178e-04
2.545649824092036128e-04 2.551062723069975413e-04 2.551230523702802079e-04 2.554219166803100888e-04 2.559079389663314330e-04 2.554299440705683536e-04 2.551420426587267345e-04 2.548419712614847133e-04 2.545807787214255779e-04 2.546823631136768207e-04 2.542907765652309090e-04 2.543099505479315793e-04 2.546919014030782423e-04 2.549896192229503212e-04 2.552623068325695754e-04 2.550742273985674691e-04 2.550981162246175387e-04 2.555931548055445537e-04 2.562659869654579153e-04 2.571428892436549742e-04 2.580480650876182717e-04 2.576413512501618455e-04 2.574558609001861213e-04 2.567707601789785449e-04 2.614001545378472654e-04 2.618227386125915410e-04
2.542971129307942816e-04 2.548457117052967103e-04 2.548619630643020242e-04 2.551507391999381798e-04 2.556305839212333775e-04 2.551420426587267345e-04 2.548976085298930026e-04 2.545958193230783337e-04 2.543386615217735065e-04 2.544471421807725656e-04 2.540624509311860488e-04 2.540900551021796567e-04 2.544796332213678110e-04 2.547878403900166082e-04 2.550711557468541050e-04 2.548930844733983967e-04 2.549181155357595359e-04 2.554127816616750027e-04 2.560924492019828755e-04 2.569758506368427552e-04 2.578783469241906147e-04 2.574547540059710007e-04 2.572589244078238432e-04 2.565584319568817682e-04 2.611447033210664717e-04 2.615630705479423009e-04
2.539908208013561355e-04 2.545461983960239189e-04 2.545651158966214553e-04 2.548504541773539706e-04 2.553291986669506148e-04 2.548419712614847133e-04 2.545958193230783337e-04 2.543175184937831708e-04 2.540643145618599300e-04 2.541784104933103822e-04 2.538055093617885469e-04 2.538400890820001542e-04 2.542390442020397230e-04 2.545536045698559564e-04 2.548458048900142481e-04 2.546775014001793251e-04 2.547182734365346685e-04 2.552304143155529020e-04 2.559101033728825004e-04 2.567747700144331073e-04 2.576543051326418200e-04 2.571951759400815615e-04 2.570045043920320149e-04 2.563499285064206839e-04 2.609313579012412492e-04 2.613343976346967643e-04
2.537222659099376315e-04 2.542828115863572983e-04 2.543016696715253897e-04 2.545846933865949136e-04 2.550654903122535921e-04 2.545807787214255779e-04 2.543386615217735065e-04 2.540643145618599300e-04 2.538354006977852260e-04 2.539593805000877626e-04 2.535993373909418134e-04 2.536450767030451621e-04 2.540591217163041377e-04 2.543882290645227526e-04 2.546917338058248925e-04 2.545348590757525917e-04 2.545821927757275062e-04 2.550955177392002496e-04 2.557662521216170852e-04 2.566083394686428866e-04 2.574505854860289589e-04 2.569436871601148706e-04 2.567531931239935492e-04 2.561255223638004945e-04 2.607032953362042101e-04 2.611273406131621824e-04
2.538183885018455502e-04 2.543870217040218422e-04 2.543999503983809135e-04 2.546743855275762072e-04 2.551602829933631621e-04 2.546823631136768207e-04 2.544471421807725656e-04 2.541784104933103822e-04 2.539593805000877626e-04 2.541170349185299746e-04 2.537775680249778633e-04 2.538410134585135846e-04 2.542785786156492975e-04 2.546330692105519349e-04 2.549604723965485670e-04 2.548252628887966967e-04 2.548971613603372784e-04 2.554321083375120740e-04 2.561152527770857858e-04 2.569545704090351571e-04 2.577782187181054869e-04 2.572161582428096963e-04 2.569892183432702783e-04 2.563621675258067538e-04 2.609231126208788045e-04 2.613603240038749227e-04
2.534167033443037657e-04 2.539964980458345937e-04 2.540059425375487331e-04 2.542779362387232313e-04 2.547621841380229833e-04 2.542907765652309090e-04 2.540624509311860488e-04 2.538055093617885469e-04 2.535993373909418134e-04 2.537775680249778633e-04 2.534778603454514558e-04 2.535658645855647922e-04 2.540365683948391895e-04 2.544245353534005014e-04 2.547804974587618157e-04 2.546659369757442817e-04 2.547576008928128166e-04 2.553163958781756791e-04 2.560120585274402332e-04 2.568275120747225224e-04 2.576017147165868466e-04 2.569521076209538312e-04 2.566790734506425409e-04 2.560922760700732421e-04 2.606434576895299573e-04 2.610788544434077744e-04
2.534266067155321531e-04 2.540110378475661230e-04 2.540189412434249502e-04 2.542905642675072375e-04 2.547726897417814372e-04 2.543099505479315793e-04 2.540900551021796567e-04 2.538400890820001542e-04 2.536450767030451621e-04 2.538410134585135846e-04 2.535658645855647922e-04 2.536948376264486172e-04 2.542021714769928460e-04 2.546255635323081885e-04 2.550121880659607983e-04 2.549200319758031957e-04 2.550291103266852746e-04 2.556061253900024366e-04 2.563124131132938667e-04 2.571083777996707579e-04 2.578333508848422418e-04 2.571012730294407211e-04 2.567883669770845527e-04 2.562253730717230986e-04 2.607732272830991390e-04 2.611846941988540797e-04
2.538011856971437020e-04 2.543927219360525918e-04 2.543963721648345353e-04 2.546628595789462253e-04 2.551495375068426165e-04 2.546919014030782423e-04 2.544796332213678110e-04 2.542390442020397230e-04 2.540591217163041377e-04 2.542785786156492975e-04 2.540365683948391895e-04 2.542021714769928460e-04 2.547711630003668837e-04 2.552513368434033351e-04 2.556927219155453188e-04 2.556416171878503883e-04 2.557869533533718666e-04 2.564014075672240160e-04 2.571248058960599143e-04 2.578980308272118258e-04 2.585567224642819849e-04 2.576936127711031469e-04 2.573117892738842360e-04 2.568043448988732041e-04 2.613595493826536978e-04 2.617353650434964892e-04
2.540774876380934928e-04 2.546814677269331763e-04 2.546821345467159981e-04 2.549456941552099491e-04 2.554386958218047730e-04 2.549896192229503212e-04 2.547878403900166082e-04 2.545536045698559564e-04 2.543882290645227526e-04 2.546330692105519349e-04 2.544245353534005014e-04 2.546255635323081885e-04 2.552513368434033351e-04 2.558083620206201884e-04 2.563207361026395483e-04 2.563246295658648207e-04 2.565211882600978380e-04 2.571853202840748134e-04 2.579376500918773778e-04 2.586965696307211640e-04 2.592889682528462156e-04 2.582929107702916765e-04 2.578231419341656615e-04 2.573102008410155456e-04 2.618275674902631814e-04 2.621710594229095803e-04
2.543258886486640018e-04 2.549341264461132462e-04 2.549430116976610029e-04 2.552012525376704476e-04 2.557039719892502914e-04 2.552623068325695754e-04 2.550711557468541050e-04 2.548458048900142481e-04 2.546917338058248925e-04 2.549604723965485670e-04 2.547804974587618157e-04 2.550121880659607983e-04 2.556927219155453188e-04 2.563207361026395483e-04 2.569284433892735022e-04 2.570149682907558607e-04 2.572815622132518026e-04 2.580104083433896783e-04 2.588022941064876785e-04 2.595640792380281368e-04 2.600975656916709559e-04 2.589209738954482217e-04 2.583343521731178540e-04 2.578439037372399416e-04 2.623275277188680862e-04 2.626280576749179490e-04
2.540968147143203549e-04 2.547184698588609891e-04 2.547418169789348675e-04 2.549966450526091558e-04 2.555111383060326832e-04 2.550742273985674691e-04 2.548930844733983967e-04 2.546775014001793251e-04 2.545348590757525917e-04 2.548252628887966967e-04 2.546659369757442817e-04 2.549200319758031957e-04 2.556416171878503883e-04 2.563246295658648207e-04 2.570149682907558607e-04 2.572235668578122633e-04 2.576087647495242227e-04 2.584331877131938629e-04 2.592747256487963527e-04 2.600614676211615898e-04 2.605428117437748998e-04 2.591572059572239714e-04 2.584278760244216613e-04 2.579280588183010202e-04 2.623684326627138898e-04 2.626660826622436904e-04
2.540630380599648037e-04 2.547044451051983785e-04 2.547506746304803709e-04 2.549952881287582593e-04 2.555281679815208751e-04 2.550981162246175387e-04 2.549181155357595359e-04 2.547182734365346685e-04 2.545821927757275062e-04 2.548971613603372784e-04 2.547576008928128166e-04 2.550291103266852746e-04 2.557869533533718666e-04 2.565211882600978380e-04 2.572815622132518026e-04 2.576087647495242227e-04 2.581958610980077486e-04 2.592155116331243533e-04 2.601824422907704384e-04 2.610399126458827143e-04 2.614878954232489742e-04 2.598509576451719840e-04 2.588228150656548036e-04 2.582293324741289134e-04 2.626879443191026237e-04 2.630038107248175634e-04
2.545215608693058174e-04 2.551738935316634049e-04 2.552299681086103050e-04 2.554638552286114437e-04 2.560203173686850212e-04 2.555931548055445537e-04 2.554127816616750027e-04 2.552304143155529020e-04 2.550955177392002496e-04 2.554321083375120740e-04 2.553163958781756791e-04 2.556061253900024366e-04 2.564014075672240160e-04 2.571853202840748134e-04 2.580104083433896783e-04 2.584331877131938629e-04 2.592155116331243533e-04 2.605143225203179541e-04 2.617241453083741284e-04 2.627317024064281491e-04 2.631948172305999386e-04 2.613135364866367959e-04 2.598728811736798891e-04 2.591304528761600155e-04 2.636203130830844146e-04 2.639553467001673980e-04
2.551813610972865614e-04 2.558217860362487200e-04 2.558818583314303031e-04 2.561068936613623902e-04 2.566853497263522476e-04 2.562659869654579153e-04 2.560924492019828755e-04 2.559101033728825004e-04 2.557662521216170852e-04 2.561152527770857858e-04 2.560120585274402332e-04 2.563124131132938667e-04 2.571248058960599143e-04 2.579376500918773778e-04 2.588022941064876785e-04 2.592747256487963527e-04 2.601824422907704384e-04 2.617241453083741284e-04 2.632858227511601537e-04 2.646107801151586451e-04 2.652217419867213596e-04 2.632255264417258391e-04 2.613051795537217506e-04 2.602499502431729881e-04 2.647389096509864112e-04 2.651294358513831039e-04
2.560424630783602706e-04 2.566599578542375060e-04 2.567340723059477947e-04 2.569519964709333828e-04 2.575563896627409153e-04 2.571428892436549742e-04 2.569758506368427552e-04 2.567747700144331073e-04 2.566083394686428866e-04 2.569545704090351571e-04 2.568275120747225224e-04 2.571083777996707579e-04 2.578980308272118258e-04 2.586965696307211640e-04 2.595640792380281368e-04 2.600614676211615898e-04 2.610399126458827143e-04 2.627317024064281491e-04 2.646107801151586451e-04 2.664860419660695858e-04 2.674955266248509587e-04 2.656213356413309281e-04 2.633252621800789340e-04 2.617182232153548679e-04 2.661098431133020431e-04 2.666430838342717202e-04
2.570035547389588762e-04 2.575511084377997699e-04 2.576367412635462021e-04 2.578602680909511868e-04 2.584700177207617175e-04 2.580480650876182717e-04 2.578783469241906147e-04 2.576543051326418200e-04 2.574505854860289589e-04 2.577782187181054869e-04 2.576017147165868466e-04 2.578333508848422418e-04 2.585567224642819849e-04 2.592889682528462156e-04 2.600975656916709559e-04 2.605428117437748998e-04 2.614878954232489742e-04 2.631948172305999386e-04 2.652217419867213596e-04 2.674955266248509587e-04 2.691764397498004158e-04 2.678819438248367319e-04 2.655462451203092719e-04 2.633517690399490656e-04 2.676032672169383476e-04 2.681367258261874382e-04
2.567415353903959173e-04 2.572073982680513158e-04 2.572714704466507081e-04 2.575097137825808425e-04 2.580955035857941194e-04 2.576413512501618455e-04 2.574547540059710007e-04 2.571951759400815615e-04 2.569436871601148706e-04 2.572161582428096963e-04 2.569521076209538312e-04 2.571012730294407211e-04 2.576936127711031469e-04 2.582929107702916765e-04 2.589209738954482217e-04 2.591572059572239714e-04 2.598509576451719840e-04 2.613135364866367959e-04 2.632255264417258391e-04 2.656213356413309281e-04 2.678819438248367319e-04 2.679767725087107652e-04 2.664761151178282757e-04 2.637796952525060757e-04 2.674809424273915043e-04 2.679107445970870601e-04
2.566218828532262973e-04 2.570825243547186648e-04 2.571497343510673419e-04 2.573889840816126896e-04 2.579527115221289077e-04 2.574558609001861213e-04 2.572589244078238432e-04 2.570045043920320149e-04 2.567531931239935492e-04 2.569892183432702783e-04 2.566790734506425409e-04 2.567883669770845527e-04 2.573117892738842360e-04 2.578231419341656615e-04 2.583343521731178540e-04 2.584278760244216613e-04 2.588228150656548036e-04 2.598728811736798891e-04 2.613051795537217506e-04 2.633252621800789340e-04 2.655462451203092719e-04 2.664761151178282757e-04 2.668752806456194506e-04 2.650657745723723172e-04 2.678990280595420397e-04 2.676107324184474456e-04
2.559367684470523121e-04 2.564212368540028856e-04 2.565196564750687244e-04 2.567369120247985949e-04 2.572783324930796715e-04 2.567707601789785449e-04 2.565584319568817682e-04 2.563499285064206839e-04 2.561255223638004945e-04 2.563621675258067538e-04 2.560922760700732421e-04 2.562253730717230986e-04 2.568043448988732041e-04 2.573102008410155456e-04 2.578439037372399416e-04 2.579280588183010202e-04 2.582293324741289134e-04 2.591304528761600155e-04 2.602499502431729881e-04 2.617182232153548679e-04 2.633517690399490656e-04 2.637796952525060757e-04 2.650657745723723172e-04 2.657737730073164327e-04 2.689831622640952635e-04 2.674848345908622019e-04
2.605692687278768024e-04 2.610443972151807674e-04 2.611261735609806170e-04 2.613691371450492886e-04 2.618326291602440141e-04 2.614001545378472654e-04 2.611447033210664717e-04 2.609313579012412492e-04 2.607032953362042101e-04 2.609231126208788045e-04 2.606434576895299573e-04 2.607732272830991390e-04 2.613595493826536978e-04 2.618275674902631814e-04 2.623275277188680862e-04 2.623684326627138898e-04 2.626879443191026237e-04 2.636203130830844146e-04 2.647389096509864112e-04 2.661098431133020431e-04 2.676032672169383476e-04 2.674809424273915043e-04 2.678990280595420397e-04 2.689831622640952635e-04 2.747670551906812152e-04 2.740168968804706346e-04
2.610395399752027542e-04 2.615814356492073434e-04 2.616280901907893763e-04 2.618097672010020007e-04 2.622212157698638178e-04 2.618227386125915410e-04 2.615630705479423009e-04 2.613343976346967643e-04 2.611273406131621824e-04 2.613603240038749227e-04 2.610788544434077744e-04 2.611846941988540797e-04 2.617353650434964892e-04 2.621710594229095803e-04 2.626280576749179490e-04 2.626660826622436904e-04 2.630038107248175634e-04 2.639553467001673980e-04 2.651294358513831039e-04 2.666430838342717202e-04 2.681367258261874382e-04 2.679107445970870601e-04 2.676107324184474456e-04 2.674848345908622019e-04 2.740168968804706346e-04 2.770000150198954946e-04
