1.039760006099413752e-08 8.731081116557497039e-10 -2.862322225817011236e-10 -1.006946918181684446e-10 -2.457150024321124854e-10 -2.115970534464330956e-10 1.386582141821579718e-10 2.969628068434353892e-10 -2.226013555969448921e-10 1.034257789963099519e-11 -3.101990961684803998e-11 1.036208678522427662e-10 -3.628482665251021111e-11 8.701790050973049401e-12 -6.181640878500021853e-14 4.117132490779115997e-11 6.239245358394943751e-11 -1.485690327367529701e-11 2.187260682214858021e-12 -3.005743709747823120e-11
8.731081116557497039e-10 5.732748490908430608e-09 9.243384525846579216e-10 3.209635537458332655e-10 1.256562284998737253e-10 -6.558385818439205077e-11 2.582789711479934354e-10 7.395395665513841541e-12 -2.888514285945811079e-10 -8.071337960265531208e-11 1.060270449636958974e-10 -5.909974977711474212e-11 2.978756019858770065e-11 5.228244073375545347e-11 -1.054400051887431862e-11 5.935615981113528132e-12 1.000751460796625929e-11 -2.897373901042685832e-12 -4.424357993881128438e-11 1.783783155531715598e-11
-2.862322225817011236e-10 9.243384525846579216e-10 4.803570178691509628e-09 5.380203536763239981e-11 -2.453300634560603036e-10 1.813200641338495186e-10 2.368132090903642719e-11 -3.929783438389310649e-11 -3.241805941577014724e-11 -1.376353030556724205e-10 -2.369689371726629965e-11 -2.354949237463299092e-11 2.265025275231299037e-11 -6.967122932398299739e-12 3.296739731798320734e-11 -2.084284881525002042e-11 -5.348818005446715418e-13 2.332289441430194018e-11 5.861576254909680449e-12 6.710902313834062728e-12
-1.006946918181684446e-10 3.209635537458332655e-10 5.380203536763239981e-11 3.280580231284036858e-09 1.350268363818723568e-10 -6.348072418443129739e-12 7.166179208237647775e-12 -3.211764136942594089e-11 -1.225028857291294872e-10 -2.131958816375545800e-11 -9.158502967561859355e-12 1.525058668741688496e-11 3.411222704444367622e-11 4.631281124317588147e-11 3.533981006882458569e-12 2.349962897623943353e-12 6.138408019386163850e-12 -1.880911854318446806e-12 1.715443231496886368e-11 1.519733560512125918e-11
-2.457150024321124854e-10 1.256562284998737253e-10 -2.453300634560603036e-10 1.350268363818723568e-10 2.112424455282084020e-09 7.023746004935555553e-11 -6.327399613820117308e-11 1.032770686470566364e-10 8.115209777055551237e-11 -1.329174348683081781e-12 -1.726952179237633587e-11 -3.359950120475610944e-11 1.074055476352686217e-11 2.388159899581304254e-11 1.053138138977246497e-11 8.324427446791075320e-11 7.325987334020697686e-11 6.442215212003008210e-11 6.734730441462925148e-13 -1.229754630793396356e-11
-2.115970534464330956e-10 -6.558385818439205077e-11 1.813200641338495186e-10 -6.348072418443129739e-12 7.023746004935555553e-11 1.204709798933287122e-09 2.055363978463079521e-10 -3.423279712076573924e-11 7.366823504294992985e-11 -5.756525606602780169e-11 -3.122988976664338302e-12 -2.859495901521873527e-11 -5.438617838787039463e-11 -3.282089436467646972e-12 -3.324159472784922547e-11 -2.423357397928095934e-11 2.439200143969903854e-11 1.366068182340429242e-11 1.092607305894924226e-11 -2.437328833562660483e-12
1.386582141821579718e-10 2.582789711479934354e-10 2.368132090903642719e-11 7.166179208237647775e-12 -6.327399613820117308e-11 2.055363978463079521e-10 8.841214023751757941e-10 1.318480456911104274e-10 -1.897648399048587666e-11 3.109883776640329922e-11 -8.883861673781536937e-12 3.584014227234827352e-11 4.652572000235226840e-12 -1.562114891022632174e-11 6.338335059400719649e-12 7.041595848447025180e-12 1.700002060121791848e-11 3.281689327183531179e-13 -1.353640217770842601e-11 -2.752552367444837810e-12
2.969628068434353892e-10 7.395395665513841541e-12 -3.929783438389310649e-11 -3.211764136942594089e-11 1.032770686470566364e-10 -3.423279712076573924e-11 1.318480456911104274e-10 4.080533165662452253e-10 5.975965337030502468e-12 3.561975038374940375e-11 1.772963706206059937e-12 2.047193975394203096e-11 2.696847874887524187e-11 2.119791625005195654e-11 1.737607786672185188e-11 5.513523061994570702e-12 7.517653923368023366e-12 1.484185796718051099e-11 -7.792826912372547402e-12 -6.397375526812420366e-12
-2.226013555969448921e-10 -2.888514285945811079e-10 -3.241805941577014724e-11 -1.225028857291294872e-10 8.115209777055551237e-11 7.366823504294992985e-11 -1.897648399048587666e-11 5.975965337030502468e-12 3.374493525924616475e-10 -1.828821567921171664e-11 9.813973450348781843e-12 8.254862924686914460e-12 -9.143701107070756974e-12 1.067624867323994455e-11 1.536544786363944140e-12 2.677828556226533481e-12 1.021087445146788393e-11 6.086954685548897129e-13 4.302824010516219478e-13 -9.410232369544847801e-12
1.034257789963099519e-11 -8.071337960265531208e-11 -1.376353030556724205e-10 -2.131958816375545800e-11 -1.329174348683081781e-12 -5.756525606602780169e-11 3.109883776640329922e-11 3.561975038374940375e-11 -1.828821567921171664e-11 2.243024192962098077e-10 2.338245145634224823e-12 -1.829668187781554006e-12 7.653318304753439208e-13 4.175941541783258902e-12 5.074632474743763409e-12 1.398799123058390974e-11 -2.477284449062200001e-12 -8.631548812063612781e-13 1.059253647892669463e-11 -3.032723733080574484e-12
-3.101990961684803998e-11 1.060270449636958974e-10 -2.369689371726629965e-11 -9.158502967561859355e-12 -1.726952179237633587e-11 -3.122988976664338302e-12 -8.883861673781536937e-12 1.772963706206059937e-12 9.813973450348781843e-12 2.338245145634224823e-12 1.639102222299654044e-10 2.268712794529754215e-11 2.580626511210283988e-11 7.554051204632058751e-13 -3.683365486272851011e-12 -4.497597898641259050e-12 8.800807041445349654e-13 -5.168240233764750969e-13 -1.340330081842691117e-12 -5.228407987051485529e-12
1.036208678522427662e-10 -5.909974977711474212e-11 -2.354949237463299092e-11 1.525058668741688496e-11 -3.359950120475610944e-11 -2.859495901521873527e-11 3.584014227234827352e-11 2.047193975394203096e-11 8.254862924686914460e-12 -1.829668187781554006e-12 2.268712794529754215e-11 1.111516291115194066e-10 3.693945209491142487e-11 2.030797599527162254e-11 4.794620529664893467e-12 -2.825115192627112653e-12 1.576396804681130397e-12 -4.326407173929703336e-12 -2.001111377632244743e-12 -3.077995689355523983e-12
-3.628482665251021111e-11 2.978756019858770065e-11 2.265025275231299037e-11 3.411222704444367622e-11 1.074055476352686217e-11 -5.438617838787039463e-11 4.652572000235226840e-12 2.696847874887524187e-11 -9.143701107070756974e-12 7.653318304753439208e-13 2.580626511210283988e-11 3.693945209491142487e-11 9.240827796652774410e-11 2.044222124279923164e-11 2.771764961141428881e-12 -9.328669413774737565e-12 -8.021403213390718794e-12 -5.587696274940065333e-13 -2.781628026963547246e-12 -2.421871762433373860e-12
8.701790050973049401e-12 5.228244073375545347e-11 -6.967122932398299739e-12 4.631281124317588147e-11 2.388159899581304254e-11 -3.282089436467646972e-12 -1.562114891022632174e-11 2.119791625005195654e-11 1.067624867323994455e-11 4.175941541783258902e-12 7.554051204632058751e-13 2.030797599527162254e-11 2.044222124279923164e-11 5.897073459263470155e-11 1.335416773814307814e-11 2.510550938860832647e-12 4.951965021725873034e-13 -3.224272088576856423e-13 3.328446224656537344e-12 6.019753926610405457e-13
-6.181640878500021853e-14 -1.054400051887431862e-11 3.296739731798320734e-11 3.533981006882458569e-12 1.053138138977246497e-11 -3.324159472784922547e-11 6.338335059400719649e-12 1.737607786672185188e-11 1.536544786363944140e-12 5.074632474743763409e-12 -3.683365486272851011e-12 4.794620529664893467e-12 2.771764961141428881e-12 1.335416773814307814e-11 3.550426736701123084e-11 1.160035096367089283e-11 5.220248685212497594e-12 1.007468035200512846e-12 -7.142593282938432380e-13 3.734789397579063419e-13
4.117132490779115997e-11 5.935615981113528132e-12 -2.084284881525002042e-11 2.349962897623943353e-12 8.324427446791075320e-11 -2.423357397928095934e-11 7.041595848447025180e-12 5.513523061994570702e-12 2.677828556226533481e-12 1.398799123058390974e-11 -4.497597898641259050e-12 -2.825115192627112653e-12 -9.328669413774737565e-12 2.510550938860832647e-12 1.160035096367089283e-11 3.901834098123981199e-11 1.552176482067676501e-11 4.861654931523755796e-12 2.219133552050256496e-12 -6.737905118812326447e-13
6.239245358394943751e-11 1.000751460796625929e-11 -5.348818005446715418e-13 6.138408019386163850e-12 7.325987334020697686e-11 2.439200143969903854e-11 1.700002060121791848e-11 7.517653923368023366e-12 1.021087445146788393e-11 -2.477284449062200001e-12 8.800807041445349654e-13 1.576396804681130397e-12 -8.021403213390718794e-12 4.951965021725873034e-13 5.220248685212497594e-12 1.552176482067676501e-11 3.025727501486749678e-11 8.998787585160097989e-12 -9.968892847210635069e-13 -3.232813811301063917e-12
-1.485690327367529701e-11 -2.897373901042685832e-12 2.332289441430194018e-11 -1.880911854318446806e-12 6.442215212003008210e-11 1.366068182340429242e-11 3.281689327183531179e-13 1.484185796718051099e-11 6.086954685548897129e-13 -8.631548812063612781e-13 -5.168240233764750969e-13 -4.326407173929703336e-12 -5.587696274940065333e-13 -3.224272088576856423e-13 1.007468035200512846e-12 4.861654931523755796e-12 8.998787585160097989e-12 2.003490087872856860e-11 4.007842588557267579e-12 5.742754440008391359e-13
2.187260682214858021e-12 -4.424357993881128438e-11 5.861576254909680449e-12 1.715443231496886368e-11 6.734730441462925148e-13 1.092607305894924226e-11 -1.353640217770842601e-11 -7.792826912372547402e-12 4.302824010516219478e-13 1.059253647892669463e-11 -1.340330081842691117e-12 -2.001111377632244743e-12 -2.781628026963547246e-12 3.328446224656537344e-12 -7.142593282938432380e-13 2.219133552050256496e-12 -9.968892847210635069e-13 4.007842588557267579e-12 1.308253247215524894e-11 3.199838429166845721e-12
-3.005743709747823120e-11 1.783783155531715598e-11 6.710902313834062728e-12 1.519733560512125918e-11 -1.229754630793396356e-11 -2.437328833562660483e-12 -2.752552367444837810e-12 -6.397375526812420366e-12 -9.410232369544847801e-12 -3.032723733080574484e-12 -5.228407987051485529e-12 -3.077995689355523983e-12 -2.421871762433373860e-12 6.019753926610405457e-13 3.734789397579063419e-13 -6.737905118812326447e-13 -3.232813811301063917e-12 5.742754440008391359e-13 3.199838429166845721e-12 8.990721333199332342e-12
