1.028745309072464064e-04 1.024915395772457228e-04 1.027441417871377262e-04 1.024717595521588010e-04 1.026175251264518679e-04 1.026556376578319582e-04 1.027708198104646382e-04 1.029599302311995119e-04 1.029184787434714538e-04 1.028657752138528936e-04 1.028535223904252009e-04 1.031687251326813436e-04 1.033053545251675113e-04 1.031559401988646696e-04 1.030188392044720767e-04 1.030004433662623064e-04 1.031299119501984026e-04 1.034696450831451125e-04 1.041935192380809001e-04 1.047777784481758641e-04 1.051275792009489466e-04 1.055244727065849904e-04 1.054138874745513555e-04 1.051096696974816464e-04 1.036202173103938421e-04 1.034315361947378542e-04
1.024915395772457228e-04 1.023338762136565331e-04 1.025215982428876181e-04 1.022330815028279463e-04 1.023893798491480242e-04 1.024318449170634877e-04 1.025531381816839556e-04 1.027415557951891396e-04 1.026937258387015353e-04 1.026428052365672419e-04 1.026364530175448751e-04 1.029568309746667029e-04 1.031008960584848432e-04 1.029562692940482778e-04 1.028162484700538575e-04 1.027970161041845941e-04 1.029192228248344116e-04 1.032443753884756103e-04 1.039486175228953690e-04 1.045121529101126232e-04 1.048475018335156411e-04 1.051901901185508539e-04 1.050953025348152565e-04 1.048012657076525237e-04 1.033753165092732908e-04 1.031905474818961554e-04
1.027441417871377262e-04 1.025215982428876181e-04 1.028428733771762061e-04 1.025158150330385672e-04 1.026661977326587608e-04 1.027086935006772065e-04 1.028351079806377239e-04 1.030229843007505428e-04 1.029720135186708318e-04 1.029226639320557514e-04 1.029254122190254560e-04 1.032449104590006883e-04 1.033919875554028509e-04 1.032474885324622689e-04 1.031131484313907817e-04 1.031068676980682750e-04 1.032419092598003968e-04 1.035771748816218533e-04 1.042723633427870714e-04 1.048273322457938291e-04 1.051592773029163614e-04 1.054970225770112882e-04 1.054125069592906411e-04 1.051491783440206825e-04 1.037085405465368971e-04 1.035702798086026111e-04
1.024717595521588010e-04 1.022330815028279463e-04 1.025158150330385672e-04 1.022919285363473800e-04 1.024111534225116259e-04 1.024553898100279327e-04 1.025878698708393395e-04 1.027731320115012178e-04 1.027274985037309103e-04 1.026785364814725496e-04 1.026840056111005817e-04 1.030063326123214839e-04 1.031597237630165799e-04 1.030226397938856263e-04 1.028931407508832172e-04 1.028829198752907888e-04 1.030054022528543376e-04 1.033469465545301604e-04 1.040448593722434061e-04 1.046005703809043676e-04 1.049176976326859662e-04 1.051972605094353289e-04 1.050870296591616609e-04 1.048523725919494996e-04 1.034486285767423764e-04 1.033212257142036573e-04
1.026175251264518679e-04 1.023893798491480242e-04 1.026661977326587608e-04 1.024111534225116259e-04 1.025931054798466302e-04 1.026153271963023796e-04 1.027498094278451725e-04 1.029406535172500137e-04 1.028969327953943781e-04 1.028505491872141304e-04 1.028544949563516898e-04 1.031827987781650338e-04 1.033396369690590759e-04 1.032030895496269989e-04 1.030720632164824148e-04 1.030590738067282025e-04 1.031788059096421016e-04 1.035111381534452730e-04 1.042049557272651985e-04 1.047589678257361274e-04 1.050782643561366304e-04 1.053715196174493334e-04 1.052557153004834983e-04 1.049967752448246030e-04 1.036016072934949241e-04 1.034521065060837628e-04
1.026556376578319582e-04 1.024318449170634877e-04 1.027086935006772065e-04 1.024553898100279327e-04 1.026153271963023796e-04 1.026793256158212636e-04 1.028049823503163809e-04 1.029941934854766879e-04 1.029499462633109058e-04 1.029052246246881040e-04 1.029099744094318043e-04 1.032388149913283199e-04 1.033972373723725306e-04 1.032632821955988017e-04 1.031400021119764383e-04 1.031328993261320255e-04 1.032529415861944104e-04 1.035784161504995889e-04 1.042590691534875619e-04 1.048006385695815165e-04 1.051070563306387028e-04 1.053937385062587626e-04 1.052938953029333897e-04 1.050547117530220131e-04 1.036563098955780964e-04 1.034964839085841966e-04
1.027708198104646382e-04 1.025531381816839556e-04 1.028351079806377239e-04 1.025878698708393395e-04 1.027498094278451725e-04 1.028049823503163809e-04 1.029635261885249994e-04 1.031500878613046711e-04 1.031060341682145073e-04 1.030650337775221374e-04 1.030761172977659289e-04 1.034109080727171599e-04 1.035759308787542846e-04 1.034476500482648780e-04 1.033270403582856511e-04 1.033212008615994298e-04 1.034399341523418759e-04 1.037676131565986394e-04 1.044322166799260013e-04 1.049565676440676447e-04 1.052538600173329734e-04 1.055276260664514832e-04 1.054522935528101992e-04 1.052367086249584828e-04 1.038639838525773069e-04 1.037062753390456438e-04
1.029599302311995119e-04 1.027415557951891396e-04 1.030229843007505428e-04 1.027731320115012178e-04 1.029406535172500137e-04 1.029941934854766879e-04 1.031500878613046711e-04 1.033610341760206986e-04 1.033165562563254233e-04 1.032789411007953252e-04 1.032983985763605278e-04 1.036389231105327828e-04 1.038087039751498273e-04 1.036870707779265411e-04 1.035698865876579682e-04 1.035665303293585571e-04 1.036841378580441588e-04 1.040136180588731459e-04 1.046817291403675593e-04 1.052034637406600785e-04 1.054922319123954280e-04 1.057634229324380101e-04 1.056925177927283619e-04 1.054585332977551782e-04 1.040765940723532656e-04 1.039153139339451750e-04
1.029184787434714538e-04 1.026937258387015353e-04 1.029720135186708318e-04 1.027274985037309103e-04 1.028969327953943781e-04 1.029499462633109058e-04 1.031060341682145073e-04 1.033165562563254233e-04 1.032932100734145034e-04 1.032599397212448789e-04 1.032836224278564690e-04 1.036326226584373834e-04 1.038057083989509221e-04 1.036891902990206307e-04 1.035761276093764746e-04 1.035748798427862146e-04 1.036924840221559695e-04 1.040150030469552114e-04 1.046822492330777912e-04 1.051932938221305331e-04 1.054637855008966574e-04 1.057239025289238198e-04 1.056599006014616375e-04 1.054241146425920493e-04 1.040163451356005612e-04 1.038596783185999209e-04
1.028657752138528936e-04 1.026428052365672419e-04 1.029226639320557514e-04 1.026785364814725496e-04 1.028505491872141304e-04 1.029052246246881040e-04 1.030650337775221374e-04 1.032789411007953252e-04 1.032599397212448789e-04 1.032479740384949305e-04 1.032782678739605447e-04 1.036357073078640048e-04 1.038157846585512631e-04 1.037055645964074518e-04 1.035968989908999944e-04 1.035991803830595316e-04 1.037185146145575226e-04 1.040321565619055935e-04 1.046848642366229290e-04 1.051719780660740944e-04 1.054189219622435689e-04 1.056570045185279213e-04 1.056163017986120071e-04 1.053783485470713113e-04 1.039455410903903569e-04 1.037923014267914571e-04
1.028535223904252009e-04 1.026364530175448751e-04 1.029254122190254560e-04 1.026840056111005817e-04 1.028544949563516898e-04 1.029099744094318043e-04 1.030761172977659289e-04 1.032983985763605278e-04 1.032836224278564690e-04 1.032782678739605447e-04 1.033313422002715817e-04 1.036996345117605274e-04 1.038904286278695085e-04 1.037910879496859010e-04 1.036900718294656932e-04 1.036981999363590767e-04 1.038196146333797312e-04 1.041334501529626356e-04 1.047768430283165761e-04 1.052428108777636503e-04 1.054590590762783959e-04 1.056634123213535140e-04 1.056411409432891988e-04 1.054195045431693305e-04 1.039746345117324532e-04 1.038218844614415123e-04
1.031687251326813436e-04 1.029568309746667029e-04 1.032449104590006883e-04 1.030063326123214839e-04 1.031827987781650338e-04 1.032388149913283199e-04 1.034109080727171599e-04 1.036389231105327828e-04 1.036326226584373834e-04 1.036357073078640048e-04 1.036996345117605274e-04 1.040930224507767869e-04 1.042978959960322050e-04 1.042081709152102234e-04 1.041134653764269537e-04 1.041262372558762669e-04 1.042468845451655931e-04 1.045563316387775358e-04 1.051919665595789729e-04 1.056366686619718916e-04 1.058226460278687914e-04 1.060071180296036315e-04 1.060099990474452024e-04 1.057862136083127395e-04 1.043223886996082076e-04 1.041798068820814474e-04
1.033053545251675113e-04 1.031008960584848432e-04 1.033919875554028509e-04 1.031597237630165799e-04 1.033396369690590759e-04 1.033972373723725306e-04 1.035759308787542846e-04 1.038087039751498273e-04 1.038057083989509221e-04 1.038157846585512631e-04 1.038904286278695085e-04 1.042978959960322050e-04 1.045307925440897809e-04 1.044617626324492992e-04 1.043822566829295681e-04 1.044104509465376506e-04 1.045380512765193475e-04 1.048524345238067523e-04 1.054829189281090930e-04 1.059110157967813054e-04 1.060633890535189110e-04 1.061924577264569051e-04 1.061938952287691448e-04 1.059881640115443926e-04 1.045327401614253900e-04 1.043971722359453107e-04
1.031559401988646696e-04 1.029562692940482778e-04 1.032474885324622689e-04 1.030226397938856263e-04 1.032030895496269989e-04 1.032632821955988017e-04 1.034476500482648780e-04 1.036870707779265411e-04 1.036891902990206307e-04 1.037055645964074518e-04 1.037910879496859010e-04 1.042081709152102234e-04 1.044617626324492992e-04 1.044299522418653555e-04 1.043793033024211132e-04 1.044306004213763967e-04 1.045701493898914587e-04 1.048918233194084948e-04 1.055172571927384738e-04 1.059271832230067849e-04 1.060416441264057879e-04 1.061134674912924411e-04 1.061125925147004065e-04 1.059270348306185367e-04 1.044653335962221084e-04 1.043191516683117549e-04
1.030188392044720767e-04 1.028162484700538575e-04 1.031131484313907817e-04 1.028931407508832172e-04 1.030720632164824148e-04 1.031400021119764383e-04 1.033270403582856511e-04 1.035698865876579682e-04 1.035761276093764746e-04 1.035968989908999944e-04 1.036900718294656932e-04 1.041134653764269537e-04 1.043822566829295681e-04 1.043793033024211132e-04 1.043749991422224357e-04 1.044658465006446555e-04 1.046315178856608099e-04 1.049683118178755856e-04 1.055902134025814645e-04 1.059867876233754400e-04 1.060526616276943977e-04 1.060335906540094055e-04 1.059909938513162604e-04 1.058195816164388191e-04 1.043829405442661456e-04 1.042483530655952692e-04
1.030004433662623064e-04 1.027970161041845941e-04 1.031068676980682750e-04 1.028829198752907888e-04 1.030590738067282025e-04 1.031328993261320255e-04 1.033212008615994298e-04 1.035665303293585571e-04 1.035748798427862146e-04 1.035991803830595316e-04 1.036981999363590767e-04 1.041262372558762669e-04 1.044104509465376506e-04 1.044306004213763967e-04 1.044658465006446555e-04 1.046242107304171993e-04 1.048477175440928628e-04 1.052341720438161669e-04 1.058906958431401519e-04 1.063015426016336519e-04 1.063141172227561725e-04 1.061731616642163576e-04 1.060264938453648746e-04 1.058505616645705639e-04 1.044434918878071135e-04 1.043178882562216525e-04
1.031299119501984026e-04 1.029192228248344116e-04 1.032419092598003968e-04 1.030054022528543376e-04 1.031788059096421016e-04 1.032529415861944104e-04 1.034399341523418759e-04 1.036841378580441588e-04 1.036924840221559695e-04 1.037185146145575226e-04 1.038196146333797312e-04 1.042468845451655931e-04 1.045380512765193475e-04 1.045701493898914587e-04 1.046315178856608099e-04 1.048477175440928628e-04 1.051635913259880761e-04 1.056407070863210114e-04 1.063720226150093295e-04 1.068209500319817508e-04 1.068004586267023781e-04 1.065352113020019329e-04 1.062278880566398738e-04 1.060271239406400791e-04 1.046262464027474193e-04 1.045203967005443982e-04
1.034696450831451125e-04 1.032443753884756103e-04 1.035771748816218533e-04 1.033469465545301604e-04 1.035111381534452730e-04 1.035784161504995889e-04 1.037676131565986394e-04 1.040136180588731459e-04 1.040150030469552114e-04 1.040321565619055935e-04 1.041334501529626356e-04 1.045563316387775358e-04 1.048524345238067523e-04 1.048918233194084948e-04 1.049683118178755856e-04 1.052341720438161669e-04 1.056407070863210114e-04 1.062851103958579313e-04 1.071776372464274544e-04 1.077242199451702994e-04 1.077141497155455088e-04 1.072988501828752876e-04 1.067085297489951272e-04 1.064667516298678089e-04 1.051543278133525297e-04 1.050967868754024674e-04
1.041935192380809001e-04 1.039486175228953690e-04 1.042723633427870714e-04 1.040448593722434061e-04 1.042049557272651985e-04 1.042590691534875619e-04 1.044322166799260013e-04 1.046817291403675593e-04 1.046822492330777912e-04 1.046848642366229290e-04 1.047768430283165761e-04 1.051919665595789729e-04 1.054829189281090930e-04 1.055172571927384738e-04 1.055902134025814645e-04 1.058906958431401519e-04 1.063720226150093295e-04 1.071776372464274544e-04 1.083314007561444868e-04 1.090598647467797580e-04 1.091073133417429171e-04 1.085708180410234827e-04 1.076144177768019938e-04 1.072577455198449071e-04 1.060119408660204274e-04 1.059726882928171450e-04
1.047777784481758641e-04 1.045121529101126232e-04 1.048273322457938291e-04 1.046005703809043676e-04 1.047589678257361274e-04 1.048006385695815165e-04 1.049565676440676447e-04 1.052034637406600785e-04 1.051932938221305331e-04 1.051719780660740944e-04 1.052428108777636503e-04 1.056366686619718916e-04 1.059110157967813054e-04 1.059271832230067849e-04 1.059867876233754400e-04 1.063015426016336519e-04 1.068209500319817508e-04 1.077242199451702994e-04 1.090598647467797580e-04 1.100532502912885747e-04 1.102769170705903106e-04 1.097464580135900562e-04 1.085190253048527183e-04 1.079783140507384873e-04 1.067572758289625159e-04 1.067196266154530265e-04
1.051275792009489466e-04 1.048475018335156411e-04 1.051592773029163614e-04 1.049176976326859662e-04 1.050782643561366304e-04 1.051070563306387028e-04 1.052538600173329734e-04 1.054922319123954280e-04 1.054637855008966574e-04 1.054189219622435689e-04 1.054590590762783959e-04 1.058226460278687914e-04 1.060633890535189110e-04 1.060416441264057879e-04 1.060526616276943977e-04 1.063141172227561725e-04 1.068004586267023781e-04 1.077141497155455088e-04 1.091073133417429171e-04 1.102769170705903106e-04 1.108380996850084693e-04 1.105868707092534241e-04 1.093477528437495890e-04 1.085972996367125812e-04 1.073419647396930813e-04 1.072533152642528390e-04
1.055244727065849904e-04 1.051901901185508539e-04 1.054970225770112882e-04 1.051972605094353289e-04 1.053715196174493334e-04 1.053937385062587626e-04 1.055276260664514832e-04 1.057634229324380101e-04 1.057239025289238198e-04 1.056570045185279213e-04 1.056634123213535140e-04 1.060071180296036315e-04 1.061924577264569051e-04 1.061134674912924411e-04 1.060335906540094055e-04 1.061731616642163576e-04 1.065352113020019329e-04 1.072988501828752876e-04 1.085708180410234827e-04 1.097464580135900562e-04 1.105868707092534241e-04 1.110814087612143730e-04 1.103960096857148273e-04 1.094959302164191187e-04 1.079051331254315542e-04 1.076445105498649731e-04
1.054138874745513555e-04 1.050953025348152565e-04 1.054125069592906411e-04 1.050870296591616609e-04 1.052557153004834983e-04 1.052938953029333897e-04 1.054522935528101992e-04 1.056925177927283619e-04 1.056599006014616375e-04 1.056163017986120071e-04 1.056411409432891988e-04 1.060099990474452024e-04 1.061938952287691448e-04 1.061125925147004065e-04 1.059909938513162604e-04 1.060264938453648746e-04 1.062278880566398738e-04 1.067085297489951272e-04 1.076144177768019938e-04 1.085190253048527183e-04 1.093477528437495890e-04 1.103960096857148273e-04 1.109249400390285628e-04 1.104016007438202786e-04 1.082387612589181695e-04 1.076371416094969012e-04
1.051096696974816464e-04 1.048012657076525237e-04 1.051491783440206825e-04 1.048523725919494996e-04 1.049967752448246030e-04 1.050547117530220131e-04 1.052367086249584828e-04 1.054585332977551782e-04 1.054241146425920493e-04 1.053783485470713113e-04 1.054195045431693305e-04 1.057862136083127395e-04 1.059881640115443926e-04 1.059270348306185367e-04 1.058195816164388191e-04 1.058505616645705639e-04 1.060271239406400791e-04 1.064667516298678089e-04 1.072577455198449071e-04 1.079783140507384873e-04 1.085972996367125812e-04 1.094959302164191187e-04 1.104016007438202786e-04 1.108438958815209142e-04 1.088495808726258114e-04 1.078782176315555851e-04
1.036202173103938421e-04 1.033753165092732908e-04 1.037085405465368971e-04 1.034486285767423764e-04 1.036016072934949241e-04 1.036563098955780964e-04 1.038639838525773069e-04 1.040765940723532656e-04 1.040163451356005612e-04 1.039455410903903569e-04 1.039746345117324532e-04 1.043223886996082076e-04 1.045327401614253900e-04 1.044653335962221084e-04 1.043829405442661456e-04 1.044434918878071135e-04 1.046262464027474193e-04 1.051543278133525297e-04 1.060119408660204274e-04 1.067572758289625159e-04 1.073419647396930813e-04 1.079051331254315542e-04 1.082387612589181695e-04 1.088495808726258114e-04 1.084856818790701374e-04 1.078269942266612392e-04
1.034315361947378542e-04 1.031905474818961554e-04 1.035702798086026111e-04 1.033212257142036573e-04 1.034521065060837628e-04 1.034964839085841966e-04 1.037062753390456438e-04 1.039153139339451750e-04 1.038596783185999209e-04 1.037923014267914571e-04 1.038218844614415123e-04 1.041798068820814474e-04 1.043971722359453107e-04 1.043191516683117549e-04 1.042483530655952692e-04 1.043178882562216525e-04 1.045203967005443982e-04 1.050967868754024674e-04 1.059726882928171450e-04 1.067196266154530265e-04 1.072533152642528390e-04 1.076445105498649731e-04 1.076371416094969012e-04 1.078782176315555851e-04 1.078269942266612392e-04 1.085732293097344686e-04
