2.514256691393125347e-04 2.516677417660896469e-04 2.525253466154882363e-04 2.519670677521755283e-04 2.519987321400641461e-04 2.520023935751088411e-04 2.518651687734913729e-04 2.519460258251889550e-04 2.520339881308024735e-04 2.520767079801870662e-04 2.520581248399505429e-04 2.520030038975946420e-04 2.525141845090206534e-04 2.531713536488642137e-04 2.537988423097540212e-04 2.542795219730106001e-04 2.549769997327943445e-04 2.562578926505025296e-04 2.566681554704532868e-04 2.559732434602057685e-04 2.547168645934915735e-04 2.528333720179666675e-04 2.518693084811151066e-04 2.521205430283284042e-04 2.551831983794599127e-04 2.588231005997086698e-04
2.516677417660896469e-04 2.520550130816481761e-04 2.528652738481403030e-04 2.523076981355203770e-04 2.523454659795621845e-04 2.523508190629652733e-04 2.522106680139635346e-04 2.522985943347575994e-04 2.523915695044644508e-04 2.524350994659144186e-04 2.524215810229478679e-04 2.523712851722698450e-04 2.528815378404852495e-04 2.535421332126974845e-04 2.541635070435207893e-04 2.546451693945181189e-04 2.553545034999843899e-04 2.566407963791547697e-04 2.570585761664016485e-04 2.563734051298326828e-04 2.551117894981602382e-04 2.531769406457810780e-04 2.521579845154616460e-04 2.523862626449097871e-04 2.554689393795086020e-04 2.590886686469242163e-04
2.525253466154882363e-04 2.528652738481403030e-04 2.537682234020414681e-04 2.531824432952341957e-04 2.532222390432423901e-04 2.532284698381923678e-04 2.530902834471069631e-04 2.531791310686756303e-04 2.532761279907579989e-04 2.533216429374025185e-04 2.533112165419714075e-04 2.532623772363626195e-04 2.537771159859410729e-04 2.544454915627645674e-04 2.550771073943181402e-04 2.555673121035484103e-04 2.562779397871556069e-04 2.575698701273744225e-04 2.580007323014820776e-04 2.573317728710433345e-04 2.560752402935325528e-04 2.541284918723720463e-04 2.531016575165699329e-04 2.533407696210045234e-04 2.564106846605727495e-04 2.600247819478227656e-04
2.519670677521755283e-04 2.523076981355203770e-04 2.531824432952341957e-04 2.526660044492373886e-04 2.526804948441153096e-04 2.526914744049393608e-04 2.525545388559077517e-04 2.526470976076243438e-04 2.527426651026109801e-04 2.527863337574822789e-04 2.527808694178367986e-04 2.527350449030639858e-04 2.532549415009998414e-04 2.539284969368201428e-04 2.545621245464681974e-04 2.550597444385566148e-04 2.557790526622162001e-04 2.570666907326833663e-04 2.574904098214465028e-04 2.568119125339393270e-04 2.555262815209303259e-04 2.535404842998657425e-04 2.525044961564065619e-04 2.527376909694710959e-04 2.558060448354165448e-04 2.594295725458080587e-04
2.519987321400641461e-04 2.523454659795621845e-04 2.532222390432423901e-04 2.526804948441153096e-04 2.527473975550767471e-04 2.527435312968892849e-04 2.526048675186228247e-04 2.526946465915962136e-04 2.527926901430396149e-04 2.528398038299885567e-04 2.528363623340319083e-04 2.527919099928786165e-04 2.533140886499948233e-04 2.539925629808374892e-04 2.546270281836712172e-04 2.551204148100015166e-04 2.558346371159527454e-04 2.571262972850598414e-04 2.575385141449241990e-04 2.568342148581791553e-04 2.555258556209970581e-04 2.535078598943833837e-04 2.524667335355572383e-04 2.527506174227140204e-04 2.558237774718471222e-04 2.594260925788998340e-04
2.520023935751088411e-04 2.523508190629652733e-04 2.532284698381923678e-04 2.526914744049393608e-04 2.527435312968892849e-04 2.527739454519023423e-04 2.526319591340221650e-04 2.527268431478597367e-04 2.528304616537610668e-04 2.528818204621157751e-04 2.528845163693253773e-04 2.528488995758341952e-04 2.533793003521776191e-04 2.540664321094697909e-04 2.547107211418689907e-04 2.552137114449803588e-04 2.559377421634942071e-04 2.572315695765142805e-04 2.576434207456272489e-04 2.569359993313148215e-04 2.556147912553979906e-04 2.535792790830170918e-04 2.525233901903429752e-04 2.527930066812169034e-04 2.558619819681128026e-04 2.594638208683025093e-04
2.518651687734913729e-04 2.522106680139635346e-04 2.530902834471069631e-04 2.525545388559077517e-04 2.526048675186228247e-04 2.526319591340221650e-04 2.525173089528431891e-04 2.526123011282331208e-04 2.527166662797084322e-04 2.527700424159688838e-04 2.527769971249390073e-04 2.527437177997870457e-04 2.532789666295961464e-04 2.539678236616112628e-04 2.546128393926371924e-04 2.551127424698675897e-04 2.558293772066248285e-04 2.571137559063906529e-04 2.575275695399128063e-04 2.568237194602279293e-04 2.555036638959736471e-04 2.534750043323859801e-04 2.524233756213059153e-04 2.526852129799126204e-04 2.557442664558705748e-04 2.593579204818801612e-04
2.519460258251889550e-04 2.522985943347575994e-04 2.531791310686756303e-04 2.526470976076243438e-04 2.526946465915962136e-04 2.527268431478597367e-04 2.526123011282331208e-04 2.527306576964488986e-04 2.528400353318198250e-04 2.529003920582727498e-04 2.529164657140097307e-04 2.528938876557373992e-04 2.534364582238330136e-04 2.541383539034200228e-04 2.547923331203886914e-04 2.553045191688086725e-04 2.560310963713362470e-04 2.573170075341909527e-04 2.577255636442688891e-04 2.570172879561604447e-04 2.556790005530520460e-04 2.536274168328887108e-04 2.525686495888378505e-04 2.528332545715025466e-04 2.558968160859230456e-04 2.594969387517024142e-04
2.520339881308024735e-04 2.523915695044644508e-04 2.532761279907579989e-04 2.527426651026109801e-04 2.527926901430396149e-04 2.528304616537610668e-04 2.527166662797084322e-04 2.528400353318198250e-04 2.529675672648569332e-04 2.530342737537352466e-04 2.530578860690443628e-04 2.530446437964148994e-04 2.535969961486581113e-04 2.543075551596538737e-04 2.549664397813448296e-04 2.554851886104145698e-04 2.562176451337145602e-04 2.575072201860660213e-04 2.579161176101395789e-04 2.572052450921507184e-04 2.558522537385981557e-04 2.537630679932893871e-04 2.526850175436915944e-04 2.529362336861598246e-04 2.559974680356906572e-04 2.595924228245096214e-04
2.520767079801870662e-04 2.524350994659144186e-04 2.533216429374025185e-04 2.527863337574822789e-04 2.528398038299885567e-04 2.528818204621157751e-04 2.527700424159688838e-04 2.529003920582727498e-04 2.530342737537352466e-04 2.531198737082348844e-04 2.531516216383083908e-04 2.531486559910158169e-04 2.537100676186535507e-04 2.544281882981499240e-04 2.550930909939351705e-04 2.556173909412641997e-04 2.563542579263689892e-04 2.576465560349170498e-04 2.580638031938822796e-04 2.573543701028330405e-04 2.559828975074993941e-04 2.538711291223714550e-04 2.527849565166023988e-04 2.530137640483514001e-04 2.560618802195251164e-04 2.596768610644683423e-04
2.520581248399505429e-04 2.524215810229478679e-04 2.533112165419714075e-04 2.527808694178367986e-04 2.528363623340319083e-04 2.528845163693253773e-04 2.527769971249390073e-04 2.529164657140097307e-04 2.530578860690443628e-04 2.531516216383083908e-04 2.532066319612856172e-04 2.532181652299247271e-04 2.537917720519470145e-04 2.545217779379969642e-04 2.551925106264872254e-04 2.557214065615591989e-04 2.564609846040284300e-04 2.577491219308622591e-04 2.581652884297033312e-04 2.574441015668294474e-04 2.560423417080697167e-04 2.538996179340747617e-04 2.528087319793720627e-04 2.530285358412380026e-04 2.560638162509373426e-04 2.596752790834075441e-04
2.520030038975946420e-04 2.523712851722698450e-04 2.532623772363626195e-04 2.527350449030639858e-04 2.527919099928786165e-04 2.528488995758341952e-04 2.527437177997870457e-04 2.528938876557373992e-04 2.530446437964148994e-04 2.531486559910158169e-04 2.532181652299247271e-04 2.532576042195856109e-04 2.538534617658277340e-04 2.546047708735140738e-04 2.552883758700384351e-04 2.558276581838318472e-04 2.565743187382956043e-04 2.578640100342518139e-04 2.582781972067085059e-04 2.575533868043516699e-04 2.561210548182992017e-04 2.539269593502405998e-04 2.528128472998697430e-04 2.530215677471878881e-04 2.560573160673692899e-04 2.596428983275512136e-04
2.525141845090206534e-04 2.528815378404852495e-04 2.537771159859410729e-04 2.532549415009998414e-04 2.533140886499948233e-04 2.533793003521776191e-04 2.532789666295961464e-04 2.534364582238330136e-04 2.535969961486581113e-04 2.537100676186535507e-04 2.537917720519470145e-04 2.538534617658277340e-04 2.544903116252222202e-04 2.552776121300989851e-04 2.559906816725692966e-04 2.565532186690310922e-04 2.573185690025250340e-04 2.586225700059269716e-04 2.590454481002914754e-04 2.583268133633292909e-04 2.568755534755113494e-04 2.546276807969876320e-04 2.534759352030907173e-04 2.536691343025642819e-04 2.567295266828146854e-04 2.602920086459308349e-04
2.531713536488642137e-04 2.535421332126974845e-04 2.544454915627645674e-04 2.539284969368201428e-04 2.539925629808374892e-04 2.540664321094697909e-04 2.539678236616112628e-04 2.541383539034200228e-04 2.543075551596538737e-04 2.544281882981499240e-04 2.545217779379969642e-04 2.546047708735140738e-04 2.552776121300989851e-04 2.561207163701104020e-04 2.568813323799229919e-04 2.574851231771606427e-04 2.582820227607193395e-04 2.596101697960109269e-04 2.600356482920241621e-04 2.593157025594782926e-04 2.578393937288803867e-04 2.555149989187303732e-04 2.543050696810095776e-04 2.544932777839217374e-04 2.575910820253241897e-04 2.611400710175680573e-04
2.537988423097540212e-04 2.541635070435207893e-04 2.550771073943181402e-04 2.545621245464681974e-04 2.546270281836712172e-04 2.547107211418689907e-04 2.546128393926371924e-04 2.547923331203886914e-04 2.549664397813448296e-04 2.550930909939351705e-04 2.551925106264872254e-04 2.552883758700384351e-04 2.559906816725692966e-04 2.568813323799229919e-04 2.577059409625998844e-04 2.583709651094196901e-04 2.592181775365253273e-04 2.605777879544180311e-04 2.610085037220541589e-04 2.602844587486719745e-04 2.587890689148251728e-04 2.563910092150447077e-04 2.551165708414320681e-04 2.552999884165409530e-04 2.584493385645342148e-04 2.620103687023181004e-04
2.542795219730106001e-04 2.546451693945181189e-04 2.555673121035484103e-04 2.550597444385566148e-04 2.551204148100015166e-04 2.552137114449803588e-04 2.551127424698675897e-04 2.553045191688086725e-04 2.554851886104145698e-04 2.556173909412641997e-04 2.557214065615591989e-04 2.558276581838318472e-04 2.565532186690310922e-04 2.574851231771606427e-04 2.583709651094196901e-04 2.591305378145827387e-04 2.600685084615604712e-04 2.614842422199994618e-04 2.619312950078375181e-04 2.612068203665607541e-04 2.596800873541626207e-04 2.571711801182437738e-04 2.557988573254698999e-04 2.559623748891116024e-04 2.591442962690323625e-04 2.627155086602145427e-04
2.549769997327943445e-04 2.553545034999843899e-04 2.562779397871556069e-04 2.557790526622162001e-04 2.558346371159527454e-04 2.559377421634942071e-04 2.558293772066248285e-04 2.560310963713362470e-04 2.562176451337145602e-04 2.563542579263689892e-04 2.564609846040284300e-04 2.565743187382956043e-04 2.573185690025250340e-04 2.582820227607193395e-04 2.592181775365253273e-04 2.600685084615604712e-04 2.611431078083268037e-04 2.626701238721095141e-04 2.631880970573544239e-04 2.625016981355786437e-04 2.609612675525344191e-04 2.583198057130249082e-04 2.567830416266966213e-04 2.568835281339109668e-04 2.600887618057933686e-04 2.636596041058525451e-04
2.562578926505025296e-04 2.566407963791547697e-04 2.575698701273744225e-04 2.570666907326833663e-04 2.571262972850598414e-04 2.572315695765142805e-04 2.571137559063906529e-04 2.573170075341909527e-04 2.575072201860660213e-04 2.576465560349170498e-04 2.577491219308622591e-04 2.578640100342518139e-04 2.586225700059269716e-04 2.596101697960109269e-04 2.605777879544180311e-04 2.614842422199994618e-04 2.626701238721095141e-04 2.643776935380307632e-04 2.650473638860051753e-04 2.644529473749450757e-04 2.629565123152100654e-04 2.602211103409303905e-04 2.584609190300163838e-04 2.584420170233739248e-04 2.616934371620539151e-04 2.652652033839655280e-04
2.566681554704532868e-04 2.570585761664016485e-04 2.580007323014820776e-04 2.574904098214465028e-04 2.575385141449241990e-04 2.576434207456272489e-04 2.575275695399128063e-04 2.577255636442688891e-04 2.579161176101395789e-04 2.580638031938822796e-04 2.581652884297033312e-04 2.582781972067085059e-04 2.590454481002914754e-04 2.600356482920241621e-04 2.610085037220541589e-04 2.619312950078375181e-04 2.631880970573544239e-04 2.650473638860051753e-04 2.659529593693932444e-04 2.655632897681365332e-04 2.642011188790941096e-04 2.614600467178545542e-04 2.594670024024384788e-04 2.592174892099141236e-04 2.624776904795751015e-04 2.661040341799686686e-04
2.559732434602057685e-04 2.563734051298326828e-04 2.573317728710433345e-04 2.568119125339393270e-04 2.568342148581791553e-04 2.569359993313148215e-04 2.568237194602279293e-04 2.570172879561604447e-04 2.572052450921507184e-04 2.573543701028330405e-04 2.574441015668294474e-04 2.575533868043516699e-04 2.583268133633292909e-04 2.593157025594782926e-04 2.602844587486719745e-04 2.612068203665607541e-04 2.625016981355786437e-04 2.644529473749450757e-04 2.655632897681365332e-04 2.655002064308219288e-04 2.644155219559463413e-04 2.617726383612759087e-04 2.595452418738790758e-04 2.589951827347822580e-04 2.622379007965808988e-04 2.658557164868204027e-04
2.547168645934915735e-04 2.551117894981602382e-04 2.560752402935325528e-04 2.555262815209303259e-04 2.555258556209970581e-04 2.556147912553979906e-04 2.555036638959736471e-04 2.556790005530520460e-04 2.558522537385981557e-04 2.559828975074993941e-04 2.560423417080697167e-04 2.561210548182992017e-04 2.568755534755113494e-04 2.578393937288803867e-04 2.587890689148251728e-04 2.596800873541626207e-04 2.609612675525344191e-04 2.629565123152100654e-04 2.642011188790941096e-04 2.644155219559463413e-04 2.638304655778387600e-04 2.615844728212306084e-04 2.593116286878232885e-04 2.584214316231754041e-04 2.615624716271710334e-04 2.651432311291975060e-04
2.528333720179666675e-04 2.531769406457810780e-04 2.541284918723720463e-04 2.535404842998657425e-04 2.535078598943833837e-04 2.535792790830170918e-04 2.534750043323859801e-04 2.536274168328887108e-04 2.537630679932893871e-04 2.538711291223714550e-04 2.538996179340747617e-04 2.539269593502405998e-04 2.546276807969876320e-04 2.555149989187303732e-04 2.563910092150447077e-04 2.571711801182437738e-04 2.583198057130249082e-04 2.602211103409303905e-04 2.614600467178545542e-04 2.617726383612759087e-04 2.615844728212306084e-04 2.602367446126292662e-04 2.585909135611071368e-04 2.575479273315253227e-04 2.601908234220552457e-04 2.637831783290379701e-04
2.518693084811151066e-04 2.521579845154616460e-04 2.531016575165699329e-04 2.525044961564065619e-04 2.524667335355572383e-04 2.525233901903429752e-04 2.524233756213059153e-04 2.525686495888378505e-04 2.526850175436915944e-04 2.527849565166023988e-04 2.528087319793720627e-04 2.528128472998697430e-04 2.534759352030907173e-04 2.543050696810095776e-04 2.551165708414320681e-04 2.557988573254698999e-04 2.567830416266966213e-04 2.584609190300163838e-04 2.594670024024384788e-04 2.595452418738790758e-04 2.593116286878232885e-04 2.585909135611071368e-04 2.582402723226540314e-04 2.578262633768897498e-04 2.599079608231381509e-04 2.633410284228036597e-04
2.521205430283284042e-04 2.523862626449097871e-04 2.533407696210045234e-04 2.527376909694710959e-04 2.527506174227140204e-04 2.527930066812169034e-04 2.526852129799126204e-04 2.528332545715025466e-04 2.529362336861598246e-04 2.530137640483514001e-04 2.530285358412380026e-04 2.530215677471878881e-04 2.536691343025642819e-04 2.544932777839217374e-04 2.552999884165409530e-04 2.559623748891116024e-04 2.568835281339109668e-04 2.584420170233739248e-04 2.592174892099141236e-04 2.589951827347822580e-04 2.584214316231754041e-04 2.575479273315253227e-04 2.578262633768897498e-04 2.588298787473928566e-04 2.612152080937736836e-04 2.641826114411266382e-04
2.551831983794599127e-04 2.554689393795086020e-04 2.564106846605727495e-04 2.558060448354165448e-04 2.558237774718471222e-04 2.558619819681128026e-04 2.557442664558705748e-04 2.558968160859230456e-04 2.559974680356906572e-04 2.560618802195251164e-04 2.560638162509373426e-04 2.560573160673692899e-04 2.567295266828146854e-04 2.575910820253241897e-04 2.584493385645342148e-04 2.591442962690323625e-04 2.600887618057933686e-04 2.616934371620539151e-04 2.624776904795751015e-04 2.622379007965808988e-04 2.615624716271710334e-04 2.601908234220552457e-04 2.599079608231381509e-04 2.612152080937736836e-04 2.650601698547243746e-04 2.681756826095589921e-04
2.588231005997086698e-04 2.590886686469242163e-04 2.600247819478227656e-04 2.594295725458080587e-04 2.594260925788998340e-04 2.594638208683025093e-04 2.593579204818801612e-04 2.594969387517024142e-04 2.595924228245096214e-04 2.596768610644683423e-04 2.596752790834075441e-04 2.596428983275512136e-04 2.602920086459308349e-04 2.611400710175680573e-04 2.620103687023181004e-04 2.627155086602145427e-04 2.636596041058525451e-04 2.652652033839655280e-04 2.661040341799686686e-04 2.658557164868204027e-04 2.651432311291975060e-04 2.637831783290379701e-04 2.633410284228036597e-04 2.641826114411266382e-04 2.681756826095589921e-04 2.730668733649293449e-04
