5.630465887705882622e-04 5.628421322131777187e-04 5.635367862548734978e-04 5.639390120908225473e-04 5.638482976237769008e-04 5.644922748783791615e-04 5.648618549759642105e-04 5.650455771548556138e-04 5.651405391107514834e-04 5.654943462578293110e-04 5.653853457357579026e-04 5.654208746587715889e-04 5.658487066480813931e-04 5.668142712867180362e-04 5.674263656933872454e-04 5.686584151785695727e-04 5.696155523695446221e-04 5.698413694093047623e-04 5.704228564009821475e-04 5.712506569598791101e-04 5.723097046951180263e-04 5.692698401651814181e-04 5.634328580697958765e-04 5.639500471481272191e-04 5.718058931535361473e-04 5.777801613766911587e-04
5.628421322131777187e-04 5.627750765015666424e-04 5.634121219078671618e-04 5.638235033055693938e-04 5.637242651500405264e-04 5.643682762326133768e-04 5.647372378672725884e-04 5.649160725387135850e-04 5.650103820964390289e-04 5.653555068026882733e-04 5.652418594206395442e-04 5.652721507410741553e-04 5.657072134277496859e-04 5.666786041413839851e-04 5.672913159723430576e-04 5.685294658414194935e-04 5.694955264090556090e-04 5.697179334224517118e-04 5.702918585829514853e-04 5.711383479697887313e-04 5.722429318153696978e-04 5.692093100108420751e-04 5.633610210337342862e-04 5.639090821966356989e-04 5.718934362396716322e-04 5.777508546962665907e-04
5.635367862548734978e-04 5.634121219078671618e-04 5.641515238872539311e-04 5.645153397001554003e-04 5.644230938070160693e-04 5.650673044285197625e-04 5.654390932409297799e-04 5.656215984161574312e-04 5.657188500096270228e-04 5.660740774405253074e-04 5.659675026601381333e-04 5.660061130278523514e-04 5.664463225983013342e-04 5.674274191709674812e-04 5.680446716273997165e-04 5.692812742065503015e-04 5.702473565602334503e-04 5.704740954408138486e-04 5.710449054451430598e-04 5.718616660927329509e-04 5.729306469749419683e-04 5.699012242854944099e-04 5.640537229928606908e-04 5.645458445389447012e-04 5.724453908538261774e-04 5.784069704777059602e-04
5.639390120908225473e-04 5.638235033055693938e-04 5.645153397001554003e-04 5.649537191430798128e-04 5.648442520476029509e-04 5.654893190052885134e-04 5.658641756376405147e-04 5.660547986896454246e-04 5.661540925244292269e-04 5.665101872413366886e-04 5.664044206144284391e-04 5.664500787650043109e-04 5.668956340831548917e-04 5.678826870834858317e-04 5.685157753676391406e-04 5.697739075261542500e-04 5.707619329281791868e-04 5.710055148321529009e-04 5.716008298922316657e-04 5.724394432034562476e-04 5.734856188448121889e-04 5.703526993079343580e-04 5.644025897502695423e-04 5.649264467080321013e-04 5.728924628581186706e-04 5.787387930946805061e-04
5.638482976237769008e-04 5.637242651500405264e-04 5.644230938070160693e-04 5.648442520476029509e-04 5.647834516270906682e-04 5.654114579066631466e-04 5.657882724347345054e-04 5.659802589030567613e-04 5.660846817840868789e-04 5.664436884113825026e-04 5.663416615765376298e-04 5.663895563517774064e-04 5.668372400070752432e-04 5.678275599896946127e-04 5.684612161959599289e-04 5.697174017088214469e-04 5.706948474087226823e-04 5.709398209337329015e-04 5.715440773183820588e-04 5.723831008538919542e-04 5.734373627896157235e-04 5.703213319846746040e-04 5.643884268660062783e-04 5.649131502792206034e-04 5.728946776426853535e-04 5.787807439797759907e-04
5.644922748783791615e-04 5.643682762326133768e-04 5.650673044285197625e-04 5.654893190052885134e-04 5.654114579066631466e-04 5.660784549113525351e-04 5.664493572911749554e-04 5.666425076780387277e-04 5.667480223965992801e-04 5.671111408203595222e-04 5.670125244034741885e-04 5.670633955756263205e-04 5.675168331811423572e-04 5.685154611979441070e-04 5.691584405551033043e-04 5.704247211784408984e-04 5.714157277258966093e-04 5.716688970450041441e-04 5.722744486760383831e-04 5.731029995524532065e-04 5.741444200060437895e-04 5.710171126084764154e-04 5.650667845508146412e-04 5.655718227945290798e-04 5.735615598649853111e-04 5.795016260228061378e-04
5.648618549759642105e-04 5.647372378672725884e-04 5.654390932409297799e-04 5.658641756376405147e-04 5.657882724347345054e-04 5.664493572911749554e-04 5.668507984035094658e-04 5.670442538419412284e-04 5.671547272382486231e-04 5.675228144482268424e-04 5.674288315684264524e-04 5.674884805822459806e-04 5.679508476891450153e-04 5.689552777359254071e-04 5.696009313135429620e-04 5.708721289295282325e-04 5.718724894449581575e-04 5.721412120287139996e-04 5.727602478829113119e-04 5.735899581280219086e-04 5.746166934037114180e-04 5.714573487219727806e-04 5.654767214680985659e-04 5.659326185693179479e-04 5.739088026486606790e-04 5.798523140514540630e-04
5.650455771548556138e-04 5.649160725387135850e-04 5.656215984161574312e-04 5.660547986896454246e-04 5.659802589030567613e-04 5.666425076780387277e-04 5.670442538419412284e-04 5.672645041812715430e-04 5.673782196591428727e-04 5.677536322746180213e-04 5.676688829355059718e-04 5.677428473500017829e-04 5.682203439873171778e-04 5.692421345777194880e-04 5.699101113129535073e-04 5.712050360102718894e-04 5.722298409792885400e-04 5.725192761120649187e-04 5.731539777562789017e-04 5.739798599565130782e-04 5.749720076024523964e-04 5.717188178611329070e-04 5.656750559065356612e-04 5.661575280362645280e-04 5.741394131630988803e-04 5.800345418195683748e-04
5.651405391107514834e-04 5.650103820964390289e-04 5.657188500096270228e-04 5.661540925244292269e-04 5.660846817840868789e-04 5.667480223965992801e-04 5.671547272382486231e-04 5.673782196591428727e-04 5.675131676910488308e-04 5.678951216304557173e-04 5.678180418409141872e-04 5.679037635632332853e-04 5.683931144261570711e-04 5.694289745150605229e-04 5.701110410184032909e-04 5.714211328261280427e-04 5.724608208950463873e-04 5.727654832744788482e-04 5.734112142656485342e-04 5.742318647524763571e-04 5.751894430343749585e-04 5.718591128595097977e-04 5.657482766373829550e-04 5.662374649031750185e-04 5.742558752305285379e-04 5.801523476375130802e-04
5.654943462578293110e-04 5.653555068026882733e-04 5.660740774405253074e-04 5.665101872413366886e-04 5.664436884113825026e-04 5.671111408203595222e-04 5.675228144482268424e-04 5.677536322746180213e-04 5.678951216304557173e-04 5.683035164364048540e-04 5.682417976140363789e-04 5.683474877283706825e-04 5.688536111567978277e-04 5.699092195508132473e-04 5.706118570599578912e-04 5.719372622671108162e-04 5.729908905988521537e-04 5.733026889217550728e-04 5.739449862802364693e-04 5.747381491500706428e-04 5.756443099192746441e-04 5.722262750795454114e-04 5.660742009802968190e-04 5.665661902015569880e-04 5.745590799170922436e-04 5.804893325442622059e-04
5.653853457357579026e-04 5.652418594206395442e-04 5.659675026601381333e-04 5.664044206144284391e-04 5.663416615765376298e-04 5.670125244034741885e-04 5.674288315684264524e-04 5.676688829355059718e-04 5.678180418409141872e-04 5.682417976140363789e-04 5.682096185355326552e-04 5.683424042756390080e-04 5.688781953796328119e-04 5.699636682256682034e-04 5.706976037955765807e-04 5.720484898152957678e-04 5.731260145795695135e-04 5.734609833798463320e-04 5.741163230150946560e-04 5.748908893601526815e-04 5.757378608597771199e-04 5.721958581735099624e-04 5.659775402179958309e-04 5.664900334156968646e-04 5.744924010639383682e-04 5.804335852928899911e-04
5.654208746587715889e-04 5.652721507410741553e-04 5.660061130278523514e-04 5.664500787650043109e-04 5.663895563517774064e-04 5.670633955756263205e-04 5.674884805822459806e-04 5.677428473500017829e-04 5.679037635632332853e-04 5.683474877283706825e-04 5.683424042756390080e-04 5.685227385660030766e-04 5.691010309515160065e-04 5.702270792762050402e-04 5.710054988088941177e-04 5.723966231661237105e-04 5.735118905037822233e-04 5.738847537209063087e-04 5.745695234905075959e-04 5.753298321273527752e-04 5.760867683088555149e-04 5.723807809990258053e-04 5.660591029891390768e-04 5.665688451817510159e-04 5.745602667143664142e-04 5.804968237235640831e-04
5.658487066480813931e-04 5.657072134277496859e-04 5.664463225983013342e-04 5.668956340831548917e-04 5.668372400070752432e-04 5.675168331811423572e-04 5.679508476891450153e-04 5.682203439873171778e-04 5.683931144261570711e-04 5.688536111567978277e-04 5.688781953796328119e-04 5.691010309515160065e-04 5.697408833324768291e-04 5.709239421893892068e-04 5.717615422132369318e-04 5.732060709083757833e-04 5.743749628827539986e-04 5.747944458231380631e-04 5.755079364566530577e-04 5.762510559312081877e-04 5.769079414516821132e-04 5.730068312081380540e-04 5.665644703725618422e-04 5.670952422335130780e-04 5.751295513747277377e-04 5.810567492657200397e-04
5.668142712867180362e-04 5.666786041413839851e-04 5.674274191709674812e-04 5.678826870834858317e-04 5.678275599896946127e-04 5.685154611979441070e-04 5.689552777359254071e-04 5.692421345777194880e-04 5.694289745150605229e-04 5.699092195508132473e-04 5.699636682256682034e-04 5.702270792762050402e-04 5.709239421893892068e-04 5.721883757770304278e-04 5.731083808683971664e-04 5.746183160568265908e-04 5.758529814181029965e-04 5.763268175765615163e-04 5.770764285660125821e-04 5.778036829610716995e-04 5.783526631835447232e-04 5.742232420254743223e-04 5.676256678074449637e-04 5.681818683202076881e-04 5.762465089416537794e-04 5.821540004114023406e-04
5.674263656933872454e-04 5.672913159723430576e-04 5.680446716273997165e-04 5.685157753676391406e-04 5.684612161959599289e-04 5.691584405551033043e-04 5.696009313135429620e-04 5.699101113129535073e-04 5.701110410184032909e-04 5.706118570599578912e-04 5.706976037955765807e-04 5.710054988088941177e-04 5.717615422132369318e-04 5.731083808683971664e-04 5.741413671577669893e-04 5.757563120147515682e-04 5.770961629185053249e-04 5.776611390220358919e-04 5.784719252766230054e-04 5.791862966921485856e-04 5.796047753434065055e-04 5.751998411352704640e-04 5.684014901524846348e-04 5.689606980395918142e-04 5.770247854996825342e-04 5.828876187384525410e-04
5.686584151785695727e-04 5.685294658414194935e-04 5.692812742065503015e-04 5.697739075261542500e-04 5.697174017088214469e-04 5.704247211784408984e-04 5.708721289295282325e-04 5.712050360102718894e-04 5.714211328261280427e-04 5.719372622671108162e-04 5.720484898152957678e-04 5.723966231661237105e-04 5.732060709083757833e-04 5.746183160568265908e-04 5.757563120147515682e-04 5.775249298182845914e-04 5.790282284899770336e-04 5.797399001961906070e-04 5.806588627950961742e-04 5.813893278192569557e-04 5.816738911171954411e-04 5.769488270848833079e-04 5.698596399584908564e-04 5.703643953933745792e-04 5.784691249010827157e-04 5.843060403529821718e-04
5.696155523695446221e-04 5.694955264090556090e-04 5.702473565602334503e-04 5.707619329281791868e-04 5.706948474087226823e-04 5.714157277258966093e-04 5.718724894449581575e-04 5.722298409792885400e-04 5.724608208950463873e-04 5.729908905988521537e-04 5.731260145795695135e-04 5.735118905037822233e-04 5.743749628827539986e-04 5.758529814181029965e-04 5.770961629185053249e-04 5.790282284899770336e-04 5.807599772768200436e-04 5.816925491283399946e-04 5.827631391239679109e-04 5.835264902440197602e-04 5.836625147224926927e-04 5.785613718786431197e-04 5.710861085550370843e-04 5.714542485109677661e-04 5.795642683676826461e-04 5.853781314123690559e-04
5.698413694093047623e-04 5.697179334224517118e-04 5.704740954408138486e-04 5.710055148321529009e-04 5.709398209337329015e-04 5.716688970450041441e-04 5.721412120287139996e-04 5.725192761120649187e-04 5.727654832744788482e-04 5.733026889217550728e-04 5.734609833798463320e-04 5.738847537209063087e-04 5.747944458231380631e-04 5.763268175765615163e-04 5.776611390220358919e-04 5.797399001961906070e-04 5.816925491283399946e-04 5.829413400997016711e-04 5.842886809840952588e-04 5.851808548599709290e-04 5.852330212884611187e-04 5.797863944776158237e-04 5.718472316077178154e-04 5.718550164533655993e-04 5.798787547940619218e-04 5.857833074376333875e-04
5.704228564009821475e-04 5.702918585829514853e-04 5.710449054451430598e-04 5.716008298922316657e-04 5.715440773183820588e-04 5.722744486760383831e-04 5.727602478829113119e-04 5.731539777562789017e-04 5.734112142656485342e-04 5.739449862802364693e-04 5.741163230150946560e-04 5.745695234905075959e-04 5.755079364566530577e-04 5.770764285660125821e-04 5.784719252766230054e-04 5.806588627950961742e-04 5.827631391239679109e-04 5.842886809840952588e-04 5.860069135074247879e-04 5.871852797374926608e-04 5.873440689063531232e-04 5.817352293499603554e-04 5.733612638934220762e-04 5.728862800159308967e-04 5.807445040346037764e-04 5.867070737329332843e-04
5.712506569598791101e-04 5.711383479697887313e-04 5.718616660927329509e-04 5.724394432034562476e-04 5.723831008538919542e-04 5.731029995524532065e-04 5.735899581280219086e-04 5.739798599565130782e-04 5.742318647524763571e-04 5.747381491500706428e-04 5.748908893601526815e-04 5.753298321273527752e-04 5.762510559312081877e-04 5.778036829610716995e-04 5.791862966921485856e-04 5.813893278192569557e-04 5.835264902440197602e-04 5.851808548599709290e-04 5.871852797374926608e-04 5.888159602287377972e-04 5.894455451082143910e-04 5.841076947669163579e-04 5.754723094212576542e-04 5.743375017604996453e-04 5.820233448704663663e-04 5.879658435208218485e-04
5.723097046951180263e-04 5.722429318153696978e-04 5.729306469749419683e-04 5.734856188448121889e-04 5.734373627896157235e-04 5.741444200060437895e-04 5.746166934037114180e-04 5.749720076024523964e-04 5.751894430343749585e-04 5.756443099192746441e-04 5.757378608597771199e-04 5.760867683088555149e-04 5.769079414516821132e-04 5.783526631835447232e-04 5.796047753434065055e-04 5.816738911171954411e-04 5.836625147224926927e-04 5.852330212884611187e-04 5.873440689063531232e-04 5.894455451082143910e-04 5.910636213428714300e-04 5.868074754936155723e-04 5.784612617562826138e-04 5.765323848862030295e-04 5.838147123300909541e-04 5.896685314534308572e-04
5.692698401651814181e-04 5.692093100108420751e-04 5.699012242854944099e-04 5.703526993079343580e-04 5.703213319846746040e-04 5.710171126084764154e-04 5.714573487219727806e-04 5.717188178611329070e-04 5.718591128595097977e-04 5.722262750795454114e-04 5.721958581735099624e-04 5.723807809990258053e-04 5.730068312081380540e-04 5.742232420254743223e-04 5.751998411352704640e-04 5.769488270848833079e-04 5.785613718786431197e-04 5.797863944776158237e-04 5.817352293499603554e-04 5.841076947669163579e-04 5.868074754936155723e-04 5.848115856657790795e-04 5.780978827772186935e-04 5.755545965635904503e-04 5.816158052698895686e-04 5.872896949525834975e-04
5.634328580697958765e-04 5.633610210337342862e-04 5.640537229928606908e-04 5.644025897502695423e-04 5.643884268660062783e-04 5.650667845508146412e-04 5.654767214680985659e-04 5.656750559065356612e-04 5.657482766373829550e-04 5.660742009802968190e-04 5.659775402179958309e-04 5.660591029891390768e-04 5.665644703725618422e-04 5.676256678074449637e-04 5.684014901524846348e-04 5.698596399584908564e-04 5.710861085550370843e-04 5.718472316077178154e-04 5.733612638934220762e-04 5.754723094212576542e-04 5.784612617562826138e-04 5.780978827772186935e-04 5.739709049573467250e-04 5.725657459169756786e-04 5.773429880812061587e-04 5.822638673728457127e-04
5.639500471481272191e-04 5.639090821966356989e-04 5.645458445389447012e-04 5.649264467080321013e-04 5.649131502792206034e-04 5.655718227945290798e-04 5.659326185693179479e-04 5.661575280362645280e-04 5.662374649031750185e-04 5.665661902015569880e-04 5.664900334156968646e-04 5.665688451817510159e-04 5.670952422335130780e-04 5.681818683202076881e-04 5.689606980395918142e-04 5.703643953933745792e-04 5.714542485109677661e-04 5.718550164533655993e-04 5.728862800159308967e-04 5.743375017604996453e-04 5.765323848862030295e-04 5.755545965635904503e-04 5.725657459169756786e-04 5.746475959548563890e-04 5.803674065988155247e-04 5.837466411572071918e-04
5.718058931535361473e-04 5.718934362396716322e-04 5.724453908538261774e-04 5.728924628581186706e-04 5.728946776426853535e-04 5.735615598649853111e-04 5.739088026486606790e-04 5.741394131630988803e-04 5.742558752305285379e-04 5.745590799170922436e-04 5.744924010639383682e-04 5.745602667143664142e-04 5.751295513747277377e-04 5.762465089416537794e-04 5.770247854996825342e-04 5.784691249010827157e-04 5.795642683676826461e-04 5.798787547940619218e-04 5.807445040346037764e-04 5.820233448704663663e-04 5.838147123300909541e-04 5.816158052698895686e-04 5.773429880812061587e-04 5.803674065988155247e-04 5.899545684453010941e-04 5.942167828574079725e-04
5.777801613766911587e-04 5.777508546962665907e-04 5.784069704777059602e-04 5.787387930946805061e-04 5.787807439797759907e-04 5.795016260228061378e-04 5.798523140514540630e-04 5.800345418195683748e-04 5.801523476375130802e-04 5.804893325442622059e-04 5.804335852928899911e-04 5.804968237235640831e-04 5.810567492657200397e-04 5.821540004114023406e-04 5.828876187384525410e-04 5.843060403529821718e-04 5.853781314123690559e-04 5.857833074376333875e-04 5.867070737329332843e-04 5.879658435208218485e-04 5.896685314534308572e-04 5.872896949525834975e-04 5.822638673728457127e-04 5.837466411572071918e-04 5.942167828574079725e-04 6.026006694481302961e-04
