1.370138327005674623e-08 1.975878677070935168e-09 5.058039861652952574e-10 1.799142331551133832e-10 7.740655713933212321e-10 -6.314176451338123161e-10 4.230810701840919517e-10 -1.092774576882724197e-11 3.565000412650173731e-10 -2.550920230781217412e-11 5.729548326517312301e-11 4.472508849249442359e-11 -6.370695871856499393e-11 -1.795436376108174165e-10 -9.050936930564820943e-11 9.637252919406480973e-11 5.732479567487152102e-11 7.234788158902466169e-12 -6.169903018866939145e-12 1.831121042497782377e-11
1.975878677070935168e-09 9.712131423062781554e-09 7.279751676957537735e-10 4.290467973824839726e-11 5.038295580899161064e-10 5.559084795923552201e-11 3.256663715389683243e-10 6.709594600558947143e-11 -2.222336373497576222e-10 8.791553589078722754e-12 2.555836182585297354e-10 -1.312015022239676790e-10 -3.484587478412727442e-11 -7.558811224378774597e-11 -4.433092537935104652e-11 9.707703636141052925e-12 -7.436961124747192695e-11 -3.309959648978414217e-11 2.478739269891380180e-12 -2.662495759485692447e-12
5.058039861652952574e-10 7.279751676957537735e-10 7.810979053920728936e-09 5.501453990980719243e-10 1.499683035028210282e-10 -2.919761023759468108e-10 1.738234988212788504e-10 -3.311624279176914992e-10 3.354211463497356523e-11 -8.253151986510493355e-11 -2.117928912756390897e-10 -9.856485447278787849e-11 5.032351197186803837e-11 -4.493986748218835199e-11 4.352222357727682469e-11 -6.370171359001385160e-12 6.416927677482578472e-11 9.810544582170702769e-11 -1.365319287078867805e-11 2.032404917587902112e-11
1.799142331551133832e-10 4.290467973824839726e-11 5.501453990980719243e-10 3.424656696989338666e-09 7.705389200347130797e-11 3.189159906822171529e-10 8.006107860284075954e-11 9.060104505189091865e-11 2.229418340462837991e-10 -1.214037708171467120e-10 1.436214144556255695e-12 -8.602464165087514398e-11 -1.038954807108733472e-11 7.418367977990735064e-11 -3.137702787844948859e-11 1.883837115409878140e-11 3.100232685560285642e-11 4.674824184614341074e-11 -6.045929981686742131e-12 -1.110879778050607687e-11
7.740655713933212321e-10 5.038295580899161064e-10 1.499683035028210282e-10 7.705389200347130797e-11 2.412135163035293198e-09 2.288790090075198008e-10 5.656645310065721694e-11 -2.402564279343930862e-10 -8.061419225279958786e-11 8.844147704354278743e-11 -4.557321214077734842e-11 5.318879920098005802e-11 -4.486700575339581658e-11 -1.980001109836544788e-11 -5.621590159598184549e-13 1.954191675059699271e-11 -3.908402026394327452e-11 6.569991205309895550e-12 -7.289630222188662946e-13 1.379956792819891013e-12
-6.314176451338123161e-10 5.559084795923552201e-11 -2.919761023759468108e-10 3.189159906822171529e-10 2.288790090075198008e-10 1.657005494168082683e-09 4.100820782864685612e-11 1.161009371743397231e-10 -8.308412741375006522e-11 -4.692108542768007824e-11 -3.745160892805490844e-11 -1.608976935881771992e-11 -8.295611623410759456e-11 4.419731300386226434e-12 1.436662329345523422e-11 -4.085707193595820805e-11 -4.671684600595034607e-11 3.396277705503764173e-12 -1.294114095217916418e-11 -1.628872270320999274e-11
4.230810701840919517e-10 3.256663715389683243e-10 1.738234988212788504e-10 8.006107860284075954e-11 5.656645310065721694e-11 4.100820782864685612e-11 1.125657567108767547e-09 7.986465910574157754e-11 7.311114979145025293e-11 5.858464075591739635e-11 6.363102544092588031e-11 4.832768026868199617e-13 6.688698380640926517e-11 1.138282360244941934e-11 1.453118002653931759e-11 -5.464746716561868212e-12 -1.030832621588714204e-11 -2.659830124637590260e-11 -2.265851191406238428e-12 -1.189563523332240678e-11
-1.092774576882724197e-11 6.709594600558947143e-11 -3.311624279176914992e-10 9.060104505189091865e-11 -2.402564279343930862e-10 1.161009371743397231e-10 7.986465910574157754e-11 6.575366535900754794e-10 8.563362902556596880e-11 7.142991364520372186e-11 2.752708623689561798e-11 -1.547497429909285904e-11 8.071537591889335751e-12 -5.804685021274601001e-12 -1.375951525608518892e-11 1.275634426189563085e-12 -1.791431797521913984e-11 -8.971551592625644238e-12 -1.566634690325533498e-12 -5.312651173015217539e-12
3.565000412650173731e-10 -2.222336373497576222e-10 3.354211463497356523e-11 2.229418340462837991e-10 -8.061419225279958786e-11 -8.308412741375006522e-11 7.311114979145025293e-11 8.563362902556596880e-11 5.307236169266343184e-10 9.134477622512775891e-11 5.554222265013995983e-12 2.615408605382367775e-11 2.939191324735904411e-11 1.012037093516526915e-11 -1.072425191579631430e-11 -1.526309090933622749e-11 -3.589177195486561951e-12 -3.600932675740234171e-12 -6.187469725339496584e-13 8.512886429264393581e-12
-2.550920230781217412e-11 8.791553589078722754e-12 -8.253151986510493355e-11 -1.214037708171467120e-10 8.844147704354278743e-11 -4.692108542768007824e-11 5.858464075591739635e-11 7.142991364520372186e-11 9.134477622512775891e-11 3.395510295051817141e-10 5.559033829462329393e-12 2.108082598419149127e-12 1.756028131431775274e-11 -1.332716960997177883e-11 1.064663666829721298e-11 -1.636806187907592671e-11 -1.088005505339287673e-11 2.755655516824059417e-12 1.236015929456995965e-11 7.138083316677223832e-12
5.729548326517312301e-11 2.555836182585297354e-10 -2.117928912756390897e-10 1.436214144556255695e-12 -4.557321214077734842e-11 -3.745160892805490844e-11 6.363102544092588031e-11 2.752708623689561798e-11 5.554222265013995983e-12 5.559033829462329393e-12 2.074578758876869822e-10 3.891615216114799386e-11 3.411966070362494015e-11 1.198120559133311162e-11 9.403241948839515827e-12 1.180901232756109992e-11 5.632954958961135730e-12 -2.279339842619364434e-12 2.319379788910666503e-12 1.917269590130230514e-12
4.472508849249442359e-11 -1.312015022239676790e-10 -9.856485447278787849e-11 -8.602464165087514398e-11 5.318879920098005802e-11 -1.608976935881771992e-11 4.832768026868199617e-13 -1.547497429909285904e-11 2.615408605382367775e-11 2.108082598419149127e-12 3.891615216114799386e-11 1.544816612065696318e-10 4.500445573284924509e-11 1.347747616091648696e-11 1.807509824159080091e-11 5.077883459039844677e-12 -3.755030832997502126e-12 -1.368951379810997477e-12 7.658236088079004673e-12 5.750769438127583526e-12
-6.370695871856499393e-11 -3.484587478412727442e-11 5.032351197186803837e-11 -1.038954807108733472e-11 -4.486700575339581658e-11 -8.295611623410759456e-11 6.688698380640926517e-11 8.071537591889335751e-12 2.939191324735904411e-11 1.756028131431775274e-11 3.411966070362494015e-11 4.500445573284924509e-11 1.493233002068794994e-10 4.916062011065552159e-11 1.735045337543931790e-11 1.301273121244350163e-12 3.183674230661385590e-12 2.787639230537632082e-12 4.320674748720860019e-12 3.385482895355507167e-12
-1.795436376108174165e-10 -7.558811224378774597e-11 -4.493986748218835199e-11 7.418367977990735064e-11 -1.980001109836544788e-11 4.419731300386226434e-12 1.138282360244941934e-11 -5.804685021274601001e-12 1.012037093516526915e-11 -1.332716960997177883e-11 1.198120559133311162e-11 1.347747616091648696e-11 4.916062011065552159e-11 1.161413393551297073e-10 3.237832782686029263e-11 9.256130729778046114e-12 1.045173183145991120e-11 6.729066039838399866e-12 6.315404395462063375e-12 4.916012088190276330e-12
-9.050936930564820943e-11 -4.433092537935104652e-11 4.352222357727682469e-11 -3.137702787844948859e-11 -5.621590159598184549e-13 1.436662329345523422e-11 1.453118002653931759e-11 -1.375951525608518892e-11 -1.072425191579631430e-11 1.064663666829721298e-11 9.403241948839515827e-12 1.807509824159080091e-11 1.735045337543931790e-11 3.237832782686029263e-11 7.853468971624395506e-11 2.540724866640448358e-11 1.491552741400423085e-11 1.658336002211683547e-12 4.216974545763837795e-12 -6.927790407774457458e-13
9.637252919406480973e-11 9.707703636141052925e-12 -6.370171359001385160e-12 1.883837115409878140e-11 1.954191675059699271e-11 -4.085707193595820805e-11 -5.464746716561868212e-12 1.275634426189563085e-12 -1.526309090933622749e-11 -1.636806187907592671e-11 1.180901232756109992e-11 5.077883459039844677e-12 1.301273121244350163e-12 9.256130729778046114e-12 2.540724866640448358e-11 5.364395180103269791e-11 2.524874191292241667e-11 1.170024804359853652e-11 4.689314526758689103e-12 1.038559070845963224e-12
5.732479567487152102e-11 -7.436961124747192695e-11 6.416927677482578472e-11 3.100232685560285642e-11 -3.908402026394327452e-11 -4.671684600595034607e-11 -1.030832621588714204e-11 -1.791431797521913984e-11 -3.589177195486561951e-12 -1.088005505339287673e-11 5.632954958961135730e-12 -3.755030832997502126e-12 3.183674230661385590e-12 1.045173183145991120e-11 1.491552741400423085e-11 2.524874191292241667e-11 5.052762108746027044e-11 2.312995531173393366e-11 7.363294158874823410e-12 1.634704037804115295e-12
7.234788158902466169e-12 -3.309959648978414217e-11 9.810544582170702769e-11 4.674824184614341074e-11 6.569991205309895550e-12 3.396277705503764173e-12 -2.659830124637590260e-11 -8.971551592625644238e-12 -3.600932675740234171e-12 2.755655516824059417e-12 -2.279339842619364434e-12 -1.368951379810997477e-12 2.787639230537632082e-12 6.729066039838399866e-12 1.658336002211683547e-12 1.170024804359853652e-11 2.312995531173393366e-11 4.520225267080013130e-11 1.829306350605710436e-11 7.072314924307309542e-12
-6.169903018866939145e-12 2.478739269891380180e-12 -1.365319287078867805e-11 -6.045929981686742131e-12 -7.289630222188662946e-13 -1.294114095217916418e-11 -2.265851191406238428e-12 -1.566634690325533498e-12 -6.187469725339496584e-13 1.236015929456995965e-11 2.319379788910666503e-12 7.658236088079004673e-12 4.320674748720860019e-12 6.315404395462063375e-12 4.216974545763837795e-12 4.689314526758689103e-12 7.363294158874823410e-12 1.829306350605710436e-11 2.948126492850213120e-11 1.143649865945549150e-11
1.831121042497782377e-11 -2.662495759485692447e-12 2.032404917587902112e-11 -1.110879778050607687e-11 1.379956792819891013e-12 -1.628872270320999274e-11 -1.189563523332240678e-11 -5.312651173015217539e-12 8.512886429264393581e-12 7.138083316677223832e-12 1.917269590130230514e-12 5.750769438127583526e-12 3.385482895355507167e-12 4.916012088190276330e-12 -6.927790407774457458e-13 1.038559070845963224e-12 1.634704037804115295e-12 7.072314924307309542e-12 1.143649865945549150e-11 2.283955551562701929e-11
