1.542991682275032514e-12 3.550412328026549397e-13 3.546209005656315172e-13 1.589436990439937241e-13 3.107687053544509539e-14 4.257135226133021651e-14 -8.707250147219243465e-14 -2.037012103802036970e-15 2.117124871606786174e-14 9.406125948202976044e-15 -3.122765345156756865e-14 -4.215386708684865068e-14 -6.458455374819065281e-14 2.038235096288470990e-14 -2.057475669353032736e-14 -6.277706249797633244e-14 -5.257314658020747375e-15 8.540169658224837499e-15 2.122925239506345710e-14 3.381973216255238058e-14 1.501998493587053864e-14 -1.223123475040704956e-14 -6.053238075132767733e-15 -1.480447780877004349e-14 6.062712327871810887e-15 1.534187318470413651e-14
3.550412328026549397e-13 4.479580089476080899e-13 2.515900198627763331e-13 3.994459930526753982e-14 -4.422326733068614503e-15 -7.791711452738828790e-14 -3.827940562822659348e-14 -2.199902808070402443e-15 3.805655790199384481e-14 4.566913190967223410e-14 1.291024465221704671e-14 2.817631099792665456e-15 -1.799547845640963427e-14 -6.614047715116078396e-15 -1.109091521282931043e-14 -1.431935418190810809e-14 7.484674367935036081e-15 1.417980122378642700e-14 2.416513389679878348e-15 6.722403021372057870e-15 -9.111821844202232345e-15 -7.636130645257781973e-15 -6.966986590170706203e-15 -5.238356247751555585e-15 3.637914292852252031e-15 6.607247009025124486e-16
3.546209005656315172e-13 2.515900198627763331e-13 5.563929921415072390e-13 -1.414306129969807894e-13 3.199654977946411937e-14 -1.193274729676914398e-13 -9.372181279300744129e-14 -3.845393682263010408e-14 1.608677728878845357e-14 2.011395203540880805e-14 -2.124083594961880563e-14 -3.506586106005746656e-14 -2.016218784098355488e-14 -1.063196223952756984e-14 9.629697252403772743e-15 -2.630916837214361690e-15 1.372964198432293727e-14 1.540768110182564988e-14 1.467148848514661293e-14 2.276486864297486993e-14 -4.515576935457734630e-15 -2.798981356376742661e-15 1.467633200521079470e-15 -1.658755068047379596e-15 7.535063016838792233e-15 2.610246910244957017e-15
1.589436990439937241e-13 3.994459930526753982e-14 -1.414306129969807894e-13 3.567766906776713500e-13 -3.011653080129079275e-14 7.385055033599384333e-14 2.239574642516097432e-14 6.738409201312002614e-15 3.058939799519352573e-15 4.351400480656020573e-14 3.227573880370308305e-14 1.354720917330319455e-14 -7.227850953282405974e-15 1.638937101072842601e-14 -6.182214073811973885e-15 -5.468139735241335224e-15 -4.327607307157354538e-15 -7.330158309629388694e-15 -1.056317008868406800e-14 -4.048653030648260918e-15 -1.108868084754423262e-14 -7.649488406787422212e-15 -8.145936033060600369e-15 -1.203540412226934371e-14 5.784597684010788724e-15 6.704956683997374946e-15
3.107687053544509539e-14 -4.422326733068614503e-15 3.199654977946411937e-14 -3.011653080129079275e-14 6.684768054219428751e-14 1.919605428735352156e-14 -6.960160412347635661e-15 2.169153944735701851e-15 6.695271753611208905e-15 -1.567061116360785992e-14 -3.932299324042181401e-15 -2.139805530896961643e-15 -6.967159986354198267e-15 -4.981667123182600232e-15 2.572645888742362894e-15 2.908369315017703310e-15 -3.638441554237695830e-15 2.813438013367190633e-15 9.923747702544307557e-15 1.775220748131921115e-15 1.453776109321855169e-15 7.062364253250297900e-16 1.307807153962736424e-15 3.128719519519650144e-15 -3.027501543943529183e-15 -1.029403669481943263e-15
4.257135226133021651e-14 -7.791711452738828790e-14 -1.193274729676914398e-13 7.385055033599384333e-14 1.919605428735352156e-14 1.805317735859744549e-13 3.817537931141351412e-14 2.327155735195131087e-14 -1.045449468813697476e-14 -3.527118033300009847e-15 8.015570312074537877e-15 9.985766602369858433e-15 -6.331555431547864130e-15 -2.545559088697428986e-15 1.338681999824455499e-15 -5.737946214123894999e-15 -5.438926296080617251e-15 -6.084371508003086602e-15 4.088389636969028595e-15 -6.112025618509575747e-16 4.969559564457816211e-15 -4.679741852570397015e-15 -6.872633566783351780e-15 -4.227200982564440430e-15 -4.540168331481118771e-15 -2.410461166212505651e-16
-8.707250147219243465e-14 -3.827940562822659348e-14 -9.372181279300744129e-14 2.239574642516097432e-14 -6.960160412347635661e-15 3.817537931141351412e-14 1.029878190437215678e-13 4.444001778587993319e-16 -1.812027162376141285e-14 -2.678465303470696079e-15 2.446214136822473647e-14 1.746037662635962993e-14 6.336623463266555642e-15 1.999779280183946248e-15 4.243202476259890098e-15 4.210553616665552691e-15 -2.725854725533225249e-15 5.923148921045510898e-16 -4.271168943026798290e-15 -9.041608399019509892e-15 6.664236154701611289e-16 -1.762337908954886247e-15 -9.948479675068725119e-16 6.627609617425207406e-15 1.230680996672609679e-15 1.815294438899921338e-16
-2.037012103802036970e-15 -2.199902808070402443e-15 -3.845393682263010408e-14 6.738409201312002614e-15 2.169153944735701851e-15 2.327155735195131087e-14 4.444001778587993319e-16 2.714286379605922361e-14 9.889927964019765115e-15 -5.243423936713165673e-15 -4.064945428515355050e-15 -5.328697877075991975e-15 -2.954690506011549440e-15 -4.365951983583333130e-15 -6.300670492726260489e-15 -4.659043632389290283e-15 -4.751816713519818249e-15 -1.929378809508699818e-15 2.508621265901306219e-15 -2.711364290725701113e-15 1.216714994749499677e-15 -3.749600487430746138e-16 -7.198565978674559926e-16 -1.609530603245068116e-15 -3.508605379063585103e-15 -1.792437584569546642e-15
2.117124871606786174e-14 3.805655790199384481e-14 1.608677728878845357e-14 3.058939799519352573e-15 6.695271753611208905e-15 -1.045449468813697476e-14 -1.812027162376141285e-14 9.889927964019765115e-15 2.850272197930916360e-14 -2.258893734223453241e-15 -6.515608349659481568e-15 -6.736897187328481513e-15 -8.467785625233970902e-15 -7.083173522156328839e-15 -1.867317846045681409e-16 2.280524737815029002e-15 -2.328161202156168003e-15 1.207258512450315657e-15 4.086581520200844732e-15 2.834721005190418950e-16 -1.609169438078381947e-15 -3.177102401076782767e-16 -1.307030428286364932e-15 -3.038495916049383222e-16 -3.895592721034338015e-16 -2.480167944807843150e-15
9.406125948202976044e-15 4.566913190967223410e-14 2.011395203540880805e-14 4.351400480656020573e-14 -1.567061116360785992e-14 -3.527118033300009847e-15 -2.678465303470696079e-15 -5.243423936713165673e-15 -2.258893734223453241e-15 4.281474960936322936e-14 1.827697428848225299e-14 7.908058219252750407e-15 9.097510936026915085e-16 3.284369333153948219e-15 -4.314706087438295862e-15 -4.809465348174213858e-16 3.966464144479763006e-15 1.587819604468174931e-15 -1.385868133607723726e-15 -2.084467384798359072e-15 -6.194022039769102825e-15 -2.325920081655187677e-15 -1.090698993312323736e-15 -3.839227887014095459e-15 2.938797076328840614e-15 1.217369412274176345e-15
-3.122765345156756865e-14 1.291024465221704671e-14 -2.124083594961880563e-14 3.227573880370308305e-14 -3.932299324042181401e-15 8.015570312074537877e-15 2.446214136822473647e-14 -4.064945428515355050e-15 -6.515608349659481568e-15 1.827697428848225299e-14 2.554111921841161093e-14 1.276151461548736944e-14 3.661814356791448922e-15 4.249338721198440617e-15 -2.509504377846428912e-16 2.881310944591109828e-15 5.297170796151621850e-16 1.427733655259009424e-15 -3.187263101522523123e-15 -5.263725977687044814e-15 -3.317064038552093897e-15 -1.192735464214059615e-15 -5.149879031035088605e-16 2.038692120873557759e-16 1.157099077591749233e-15 1.969523813278892570e-16
-4.215386708684865068e-14 2.817631099792665456e-15 -3.506586106005746656e-14 1.354720917330319455e-14 -2.139805530896961643e-15 9.985766602369858433e-15 1.746037662635962993e-14 -5.328697877075991975e-15 -6.736897187328481513e-15 7.908058219252750407e-15 1.276151461548736944e-14 2.027769315351220457e-14 3.890174504306019972e-15 4.034426527291040014e-15 2.076866987476628726e-15 2.064421623589571755e-15 2.439818490549143184e-15 5.268362667308086307e-16 -3.185578833415718613e-15 -2.672128667082875339e-15 -1.930480959403135206e-15 -5.314256248051230936e-16 -6.284618507039773246e-16 1.098837418135408324e-15 1.090157276607950414e-15 -8.568278338989842097e-18
-6.458455374819065281e-14 -1.799547845640963427e-14 -2.016218784098355488e-14 -7.227850953282405974e-15 -6.967159986354198267e-15 -6.331555431547864130e-15 6.336623463266555642e-15 -2.954690506011549440e-15 -8.467785625233970902e-15 9.097510936026915085e-16 3.661814356791448922e-15 3.890174504306019972e-15 8.991256938267580049e-15 3.299037644508297565e-15 -6.836391756184954988e-16 1.746643001266132867e-16 1.123932477475423680e-15 -2.481222574586197362e-17 -2.181925336121875370e-15 -8.197650350060760171e-16 2.277373228170703324e-16 6.633578247464489550e-16 4.302721356093603379e-16 5.846990060132063368e-16 -4.152887545208042533e-17 1.116102784598035900e-16
2.038235096288470990e-14 -6.614047715116078396e-15 -1.063196223952756984e-14 1.638937101072842601e-14 -4.981667123182600232e-15 -2.545559088697428986e-15 1.999779280183946248e-15 -4.365951983583333130e-15 -7.083173522156328839e-15 3.284369333153948219e-15 4.249338721198440617e-15 4.034426527291040014e-15 3.299037644508297565e-15 7.018144489077356240e-15 -7.810253151061239270e-16 -1.591862089376406849e-15 5.257495883421100902e-16 -4.131089693739858796e-16 -2.075437056296097870e-15 6.873690028174373789e-16 4.631130094661676648e-16 1.015500613907713359e-16 5.629475458894498954e-16 -3.977797970487485511e-16 7.842484222040668793e-16 1.236213997030827437e-15
-2.057475669353032736e-14 -1.109091521282931043e-14 9.629697252403772743e-15 -6.182214073811973885e-15 2.572645888742362894e-15 1.338681999824455499e-15 4.243202476259890098e-15 -6.300670492726260489e-15 -1.867317846045681409e-16 -4.314706087438295862e-15 -2.509504377846428912e-16 2.076866987476628726e-15 -6.836391756184954988e-16 -7.810253151061239270e-16 9.614599749580251572e-15 8.539047245450281298e-15 1.901280603961707481e-15 1.160140308558441988e-15 -1.565530964726046006e-15 1.604161019811352575e-16 -1.151272245475875272e-15 8.377422367579741340e-16 1.488271236054066275e-15 1.990609612198793468e-15 1.009451737543816241e-15 -9.076066975938621941e-16
-6.277706249797633244e-14 -1.431935418190810809e-14 -2.630916837214361690e-15 -5.468139735241335224e-15 2.908369315017703310e-15 -5.737946214123894999e-15 4.210553616665552691e-15 -4.659043632389290283e-15 2.280524737815029002e-15 -4.809465348174213858e-16 2.881310944591109828e-15 2.064421623589571755e-15 1.746643001266132867e-16 -1.591862089376406849e-15 8.539047245450281298e-15 1.452324330440857195e-14 3.316722219008312285e-15 1.848842019220879075e-15 -1.146401686993837008e-15 -2.609104589567569424e-15 -3.172109922498091549e-15 6.479499685102473359e-16 2.142298084411742155e-15 1.856424874363639919e-15 7.756220072284557381e-16 -1.693355748089613913e-15
-5.257314658020747375e-15 7.484674367935036081e-15 1.372964198432293727e-14 -4.327607307157354538e-15 -3.638441554237695830e-15 -5.438926296080617251e-15 -2.725854725533225249e-15 -4.751816713519818249e-15 -2.328161202156168003e-15 3.966464144479763006e-15 5.297170796151621850e-16 2.439818490549143184e-15 1.123932477475423680e-15 5.257495883421100902e-16 1.901280603961707481e-15 3.316722219008312285e-15 5.297489121499884296e-15 2.566149895016306658e-15 3.480547010936937169e-16 9.940933668696651631e-16 -1.029709243117546212e-15 1.858686702554470740e-18 2.355744362027141883e-16 -2.478890893960629187e-16 8.922542460063941101e-16 2.612380469202454994e-16
8.540169658224837499e-15 1.417980122378642700e-14 1.540768110182564988e-14 -7.330158309629388694e-15 2.813438013367190633e-15 -6.084371508003086602e-15 5.923148921045510898e-16 -1.929378809508699818e-15 1.207258512450315657e-15 1.587819604468174931e-15 1.427733655259009424e-15 5.268362667308086307e-16 -2.481222574586197362e-17 -4.131089693739858796e-16 1.160140308558441988e-15 1.848842019220879075e-15 2.566149895016306658e-15 4.553166529563767436e-15 1.939198315118463975e-15 7.720762178322595413e-16 -1.880399149730246402e-16 1.696999150730416587e-16 2.359619034630135808e-16 6.408902721092941515e-16 5.456422630835691380e-16 -1.263729506665163016e-16
2.122925239506345710e-14 2.416513389679878348e-15 1.467148848514661293e-14 -1.056317008868406800e-14 9.923747702544307557e-15 4.088389636969028595e-15 -4.271168943026798290e-15 2.508621265901306219e-15 4.086581520200844732e-15 -1.385868133607723726e-15 -3.187263101522523123e-15 -3.185578833415718613e-15 -2.181925336121875370e-15 -2.075437056296097870e-15 -1.565530964726046006e-15 -1.146401686993837008e-15 3.480547010936937169e-16 1.939198315118463975e-15 6.812461326310153625e-15 3.154182219162661131e-15 2.009457409760818350e-15 -2.499916032575943568e-16 -1.542310716166793347e-16 1.610218089106535657e-16 -2.611893950035067042e-16 9.708489083195589470e-17
3.381973216255238058e-14 6.722403021372057870e-15 2.276486864297486993e-14 -4.048653030648260918e-15 1.775220748131921115e-15 -6.112025618509575747e-16 -9.041608399019509892e-15 -2.711364290725701113e-15 2.834721005190418950e-16 -2.084467384798359072e-15 -5.263725977687044814e-15 -2.672128667082875339e-15 -8.197650350060760171e-16 6.873690028174373789e-16 1.604161019811352575e-16 -2.609104589567569424e-15 9.940933668696651631e-16 7.720762178322595413e-16 3.154182219162661131e-15 7.473851658668627861e-15 2.337839168987157712e-15 1.954408207826983010e-16 -1.239119353697031614e-16 -9.696242418764641916e-17 4.598910711702650644e-16 7.224666016463577424e-16
1.501998493587053864e-14 -9.111821844202232345e-15 -4.515576935457734630e-15 -1.108868084754423262e-14 1.453776109321855169e-15 4.969559564457816211e-15 6.664236154701611289e-16 1.216714994749499677e-15 -1.609169438078381947e-15 -6.194022039769102825e-15 -3.317064038552093897e-15 -1.930480959403135206e-15 2.277373228170703324e-16 4.631130094661676648e-16 -1.151272245475875272e-15 -3.172109922498091549e-15 -1.029709243117546212e-15 -1.880399149730246402e-16 2.009457409760818350e-15 2.337839168987157712e-15 5.706496351602604655e-15 1.625275067257997349e-15 5.373463765561312858e-16 3.322157287540511779e-16 -6.368306507242310276e-16 5.272353546855291912e-16
-1.223123475040704956e-14 -7.636130645257781973e-15 -2.798981356376742661e-15 -7.649488406787422212e-15 7.062364253250297900e-16 -4.679741852570397015e-15 -1.762337908954886247e-15 -3.749600487430746138e-16 -3.177102401076782767e-16 -2.325920081655187677e-15 -1.192735464214059615e-15 -5.314256248051230936e-16 6.633578247464489550e-16 1.015500613907713359e-16 8.377422367579741340e-16 6.479499685102473359e-16 1.858686702554470740e-18 1.696999150730416587e-16 -2.499916032575943568e-16 1.954408207826983010e-16 1.625275067257997349e-15 3.084198797535116265e-15 1.722167648415737908e-15 5.632440710062257240e-16 -2.017360545662757220e-17 6.900277404339352779e-18
-6.053238075132767733e-15 -6.966986590170706203e-15 1.467633200521079470e-15 -8.145936033060600369e-15 1.307807153962736424e-15 -6.872633566783351780e-15 -9.948479675068725119e-16 -7.198565978674559926e-16 -1.307030428286364932e-15 -1.090698993312323736e-15 -5.149879031035088605e-16 -6.284618507039773246e-16 4.302721356093603379e-16 5.629475458894498954e-16 1.488271236054066275e-15 2.142298084411742155e-15 2.355744362027141883e-16 2.359619034630135808e-16 -1.542310716166793347e-16 -1.239119353697031614e-16 5.373463765561312858e-16 1.722167648415737908e-15 3.176704518724293294e-15 1.199818329510436615e-15 1.804670978009256177e-16 1.576374890996002932e-16
-1.480447780877004349e-14 -5.238356247751555585e-15 -1.658755068047379596e-15 -1.203540412226934371e-14 3.128719519519650144e-15 -4.227200982564440430e-15 6.627609617425207406e-15 -1.609530603245068116e-15 -3.038495916049383222e-16 -3.839227887014095459e-15 2.038692120873557759e-16 1.098837418135408324e-15 5.846990060132063368e-16 -3.977797970487485511e-16 1.990609612198793468e-15 1.856424874363639919e-15 -2.478890893960629187e-16 6.408902721092941515e-16 1.610218089106535657e-16 -9.696242418764641916e-17 3.322157287540511779e-16 5.632440710062257240e-16 1.199818329510436615e-15 3.156460935478621088e-15 6.298444244814286634e-16 -3.841908910739654664e-16
6.062712327871810887e-15 3.637914292852252031e-15 7.535063016838792233e-15 5.784597684010788724e-15 -3.027501543943529183e-15 -4.540168331481118771e-15 1.230680996672609679e-15 -3.508605379063585103e-15 -3.895592721034338015e-16 2.938797076328840614e-15 1.157099077591749233e-15 1.090157276607950414e-15 -4.152887545208042533e-17 7.842484222040668793e-16 1.009451737543816241e-15 7.756220072284557381e-16 8.922542460063941101e-16 5.456422630835691380e-16 -2.611893950035067042e-16 4.598910711702650644e-16 -6.368306507242310276e-16 -2.017360545662757220e-17 1.804670978009256177e-16 6.298444244814286634e-16 2.416905841140718528e-15 8.692887408757776993e-16
1.534187318470413651e-14 6.607247009025124486e-16 2.610246910244957017e-15 6.704956683997374946e-15 -1.029403669481943263e-15 -2.410461166212505651e-16 1.815294438899921338e-16 -1.792437584569546642e-15 -2.480167944807843150e-15 1.217369412274176345e-15 1.969523813278892570e-16 -8.568278338989842097e-18 1.116102784598035900e-16 1.236213997030827437e-15 -9.076066975938621941e-16 -1.693355748089613913e-15 2.612380469202454994e-16 -1.263729506665163016e-16 9.708489083195589470e-17 7.224666016463577424e-16 5.272353546855291912e-16 6.900277404339352779e-18 1.576374890996002932e-16 -3.841908910739654664e-16 8.692887408757776993e-16 2.187354249292732910e-15
