3.289264738635520637e-13 1.695225218418816607e-13 -2.317513133980310162e-14 -1.959359713496112971e-14 3.181228889642627104e-14 7.135886920946985233e-14 2.463542811938618022e-14 6.398682033518485795e-14 4.130166101925869686e-14 8.292820266416411110e-14 4.963909071882733936e-14 2.349651409228514912e-14 3.495688746619529585e-14 1.611036108702733855e-14 -2.492404003084311186e-14 -1.649452034202577705e-14 -3.470055457935625021e-15 -1.156669000846062887e-14 -1.253993876864845864e-15 1.413333799165192422e-15 5.357069481610869145e-15 2.762351647811867589e-15 -7.336179541800008720e-15 -3.218090636996291486e-15 -7.927209354110371780e-16 4.795172870653664003e-15
1.695225218418816607e-13 5.016533983019371751e-13 9.356338127189245798e-14 9.475717450344481577e-14 1.282574155967992937e-13 9.539434538785710009e-14 1.939162340622055746e-14 3.899887622258372285e-14 -1.499266625220934913e-14 1.956368117669173253e-14 4.294959315369763250e-14 2.587503373222781462e-14 3.941390326321779554e-14 2.214532083989080483e-14 5.015165755030998858e-15 -6.610812541804930483e-15 -3.445935281592625565e-15 -2.623248732987697013e-14 -5.663785415399926955e-15 6.581711771534794258e-15 1.631690817755131762e-15 -2.962420999116268654e-15 -1.236173745036370131e-16 2.900528285448748390e-15 -2.069053328110189194e-15 3.064313729373050241e-16
-2.317513133980310162e-14 9.356338127189245798e-14 2.791085357556138907e-13 1.266423143664061851e-14 2.571225352470702240e-14 -2.370405384115797679e-14 5.292157902998182282e-14 5.230074646632936231e-14 -1.547189671119180812e-14 -5.576361346170024601e-15 6.953493214219667001e-15 -3.689409402949027358e-14 -2.575643864970097708e-15 7.754772773552146665e-15 -2.001941060433235854e-15 3.936963594904794077e-15 9.252027806654101084e-15 -2.493206525929875288e-15 -5.122828143276230058e-15 -5.328103731319795908e-15 2.068674898159143037e-15 -2.456857788534802348e-15 1.608976064146809741e-15 -2.602066829369481894e-15 -5.159687465526694515e-15 3.820664221112530607e-15
-1.959359713496112971e-14 9.475717450344481577e-14 1.266423143664061851e-14 1.746681192988895960e-13 7.365587770157199714e-14 -5.500464494588765454e-15 1.713171931264706375e-14 2.366219423526768462e-15 6.651274251512347849e-15 -4.571697827005586035e-14 -5.554707378022293730e-15 1.971733028135275249e-14 1.876221452779238302e-14 8.358392298231215390e-15 1.770457441500795217e-14 -5.969790995419773535e-15 -1.261296836325167817e-14 -7.853411293882281632e-15 -1.399136806545598483e-15 -3.408000098607747022e-15 -1.626345248368839329e-15 -4.412071736299055519e-15 4.806898320855821370e-15 6.185189247712312020e-15 -2.968811642367911470e-15 -1.201865493759506332e-15
3.181228889642627104e-14 1.282574155967992937e-13 2.571225352470702240e-14 7.365587770157199714e-14 1.763038372843727449e-13 7.234789097612536778e-14 3.943988529265831025e-14 4.703889103116678212e-14 2.480864277427962114e-14 2.064325697676507850e-14 2.510287525199513952e-14 1.486791031062305002e-15 6.166039707262241226e-15 9.933999739197805125e-15 6.998933046821139594e-15 -1.061666847460899408e-14 -9.804152755359102961e-15 -1.034262078361707702e-14 1.408598833747928910e-15 8.167858000270715493e-15 3.169619080123096407e-15 -4.028678167437234829e-15 -4.965146679199897468e-16 2.020726309707105683e-15 -1.548602998817998046e-15 4.600062836955519653e-16
7.135886920946985233e-14 9.539434538785710009e-14 -2.370405384115797679e-14 -5.500464494588765454e-15 7.234789097612536778e-14 1.009712108889542978e-13 6.048216478399219724e-16 2.236368313407749579e-14 2.717452567868300955e-15 3.721732789493174186e-14 6.861247711051812338e-15 -1.063646686434374782e-15 -3.476023519039024595e-17 1.106117996680391743e-15 3.571706553855556532e-15 -6.791564079625453098e-15 -7.253122954465808906e-16 -2.082700358130040363e-15 -4.436900533798035099e-16 6.650497030470081459e-15 1.312841848546193557e-15 1.335306162439948061e-15 -2.500911470155840239e-15 -1.779666680523196801e-15 -1.301866071033796654e-16 2.134164901123534067e-16
2.463542811938618022e-14 1.939162340622055746e-14 5.292157902998182282e-14 1.713171931264706375e-14 3.943988529265831025e-14 6.048216478399219724e-16 6.126786968375878241e-14 3.608040609244357910e-14 1.741256169616276083e-14 1.780588504913647460e-14 1.553718821594412595e-14 -7.547496083762197159e-15 2.126705916937670507e-15 -2.139827552045675629e-15 -4.121362828338267523e-15 -5.067163542975354800e-15 -6.143295264335971914e-15 -1.243066427333674944e-15 2.384298379305716029e-15 2.101811596457165955e-15 1.675317575879195357e-15 -5.166110918101055683e-16 -1.584028194193591036e-15 6.383748026503564751e-16 -3.395980237019992309e-15 1.709924413126787835e-15
6.398682033518485795e-14 3.899887622258372285e-14 5.230074646632936231e-14 2.366219423526768462e-15 4.703889103116678212e-14 2.236368313407749579e-14 3.608040609244357910e-14 5.868223253275218675e-14 1.744475163911497283e-14 2.351907900623978143e-14 1.015328778870178834e-14 -1.106712911539910583e-14 4.534400351833406241e-15 2.635713213299066202e-15 -6.853663602658948339e-15 -8.648571594461620324e-15 -5.023396709012017330e-15 -5.538156615747341444e-15 -3.746518543481495859e-16 2.456643234769121740e-16 4.484028342302279820e-16 -1.241020429745495841e-15 -4.819023362887965487e-15 -9.436449886615982503e-16 -1.113814842128558299e-15 1.503014666977594112e-15
4.130166101925869686e-14 -1.499266625220934913e-14 -1.547189671119180812e-14 6.651274251512347849e-15 2.480864277427962114e-14 2.717452567868300955e-15 1.741256169616276083e-14 1.744475163911497283e-14 5.426854721967675474e-14 2.470466792769889781e-14 2.084955877537532636e-14 2.013323419142163780e-15 7.343454110936044888e-15 2.744016932920691362e-15 -9.071836830602249634e-15 -4.193516162370060264e-15 -5.913875901372927716e-15 -5.538583256217458074e-15 1.998634948874918879e-15 1.742351996822686824e-15 3.476505842392882670e-15 -1.476877608933360744e-15 -2.037054322376171171e-15 -1.064811371926612892e-15 -1.937548200950416884e-15 2.351508619744522343e-15
8.292820266416411110e-14 1.956368117669173253e-14 -5.576361346170024601e-15 -4.571697827005586035e-14 2.064325697676507850e-14 3.721732789493174186e-14 1.780588504913647460e-14 2.351907900623978143e-14 2.470466792769889781e-14 5.847273713858711714e-14 2.804498972695230750e-14 -4.455705123578869711e-16 -6.063152873022492553e-16 1.416426038955646716e-15 -1.321116163325835407e-14 -5.636538141447944152e-15 -2.930799571204602627e-16 -7.245854325166264666e-16 2.930084167377630827e-15 4.906023444259352858e-15 4.168538888554291588e-15 2.000994192738076480e-15 -4.242931989242307124e-15 -3.071282027926472516e-15 2.092034003964119421e-17 2.896320670634050476e-15
4.963909071882733936e-14 4.294959315369763250e-14 6.953493214219667001e-15 -5.554707378022293730e-15 2.510287525199513952e-14 6.861247711051812338e-15 1.553718821594412595e-14 1.015328778870178834e-14 2.084955877537532636e-14 2.804498972695230750e-14 3.123085214103269884e-14 8.098600810738840169e-15 5.020479190924115872e-15 5.041794551282502645e-15 -1.039102715414544520e-14 -3.906134469408292212e-15 -2.702564992831009751e-15 -5.134226725939685200e-15 2.420669252184485698e-15 3.665506776929159014e-15 3.730831892005340013e-15 -5.422507433860885542e-16 -9.171139311541164311e-16 -1.683530995805570343e-16 -5.099827405970272442e-16 2.318185286620252426e-15
2.349651409228514912e-14 2.587503373222781462e-14 -3.689409402949027358e-14 1.971733028135275249e-14 1.486791031062305002e-15 -1.063646686434374782e-15 -7.547496083762197159e-15 -1.106712911539910583e-14 2.013323419142163780e-15 -4.455705123578869711e-16 8.098600810738840169e-15 2.254435769033023353e-14 1.053591996266390226e-14 6.241928985812679995e-15 -5.637192252143371159e-17 2.968739615609441264e-17 -2.047731235533472730e-15 -2.512405564704826142e-15 -2.578889879706280762e-16 -2.123379064651607000e-16 2.809313281973100167e-16 -1.783421919347733266e-16 4.140449707066368104e-17 1.835335150738795893e-15 1.733805879530374949e-15 -7.759204669436866209e-16
3.495688746619529585e-14 3.941390326321779554e-14 -2.575643864970097708e-15 1.876221452779238302e-14 6.166039707262241226e-15 -3.476023519039024595e-17 2.126705916937670507e-15 4.534400351833406241e-15 7.343454110936044888e-15 -6.063152873022492553e-16 5.020479190924115872e-15 1.053591996266390226e-14 1.527882475566057632e-14 6.168592590259912160e-15 -1.757232515254424109e-15 -7.190527851934077010e-16 -3.099912522517319694e-16 -3.256868330444809390e-15 -2.075810248217491136e-15 -1.421643720117461471e-15 8.561634846767065154e-16 -8.191626034116383119e-17 -7.328557434954005591e-17 2.086993279386714590e-17 -3.698783103124293631e-16 -2.290548899316412599e-16
1.611036108702733855e-14 2.214532083989080483e-14 7.754772773552146665e-15 8.358392298231215390e-15 9.933999739197805125e-15 1.106117996680391743e-15 -2.139827552045675629e-15 2.635713213299066202e-15 2.744016932920691362e-15 1.416426038955646716e-15 5.041794551282502645e-15 6.241928985812679995e-15 6.168592590259912160e-15 1.056083069175122540e-14 3.183652270436629540e-16 -1.152670889066145810e-16 8.237996570510658239e-16 -1.768182342056839284e-15 -1.171638407980353315e-15 -2.829728210273191859e-16 1.286289271630032139e-15 -1.154353661836711003e-16 -4.371739669000680153e-16 1.565298985971407657e-16 6.425133213392522705e-16 -1.552834713647619038e-16
-2.492404003084311186e-14 5.015165755030998858e-15 -2.001941060433235854e-15 1.770457441500795217e-14 6.998933046821139594e-15 3.571706553855556532e-15 -4.121362828338267523e-15 -6.853663602658948339e-15 -9.071836830602249634e-15 -1.321116163325835407e-14 -1.039102715414544520e-14 -5.637192252143371159e-17 -1.757232515254424109e-15 3.183652270436629540e-16 1.387698978654341419e-14 4.673162667256303812e-15 2.966671399094463697e-15 4.145317146927724208e-15 1.275516476961993791e-17 -1.079148022408719676e-15 -1.072005596092174219e-15 3.459656190867775681e-16 1.392153698309862627e-15 3.862774418363980821e-16 -1.042756354006231708e-16 -1.433281393721604593e-15
-1.649452034202577705e-14 -6.610812541804930483e-15 3.936963594904794077e-15 -5.969790995419773535e-15 -1.061666847460899408e-14 -6.791564079625453098e-15 -5.067163542975354800e-15 -8.648571594461620324e-15 -4.193516162370060264e-15 -5.636538141447944152e-15 -3.906134469408292212e-15 2.968739615609441264e-17 -7.190527851934077010e-16 -1.152670889066145810e-16 4.673162667256303812e-15 7.232346501565592196e-15 4.560243193596942584e-15 2.907488982696437827e-15 1.492655785430259628e-16 -9.461864777008670027e-16 -4.251719614574084000e-16 6.632178088293456584e-16 5.900046778091039719e-16 -3.154236531142114286e-16 2.024547435258696285e-16 -4.600969426402771001e-16
-3.470055457935625021e-15 -3.445935281592625565e-15 9.252027806654101084e-15 -1.261296836325167817e-14 -9.804152755359102961e-15 -7.253122954465808906e-16 -6.143295264335971914e-15 -5.023396709012017330e-15 -5.913875901372927716e-15 -2.930799571204602627e-16 -2.702564992831009751e-15 -2.047731235533472730e-15 -3.099912522517319694e-16 8.237996570510658239e-16 2.966671399094463697e-15 4.560243193596942584e-15 7.246697813389770411e-15 5.030102148728461768e-15 -2.316832115576400877e-16 -5.873198844166308203e-16 9.167835939620827135e-16 1.064935815562681338e-15 8.572075624206402230e-16 -1.341970242657019359e-15 2.233862848658449033e-18 -1.238312389492127517e-16
-1.156669000846062887e-14 -2.623248732987697013e-14 -2.493206525929875288e-15 -7.853411293882281632e-15 -1.034262078361707702e-14 -2.082700358130040363e-15 -1.243066427333674944e-15 -5.538156615747341444e-15 -5.538583256217458074e-15 -7.245854325166264666e-16 -5.134226725939685200e-15 -2.512405564704826142e-15 -3.256868330444809390e-15 -1.768182342056839284e-15 4.145317146927724208e-15 2.907488982696437827e-15 5.030102148728461768e-15 8.189329608607824747e-15 1.400295340967688520e-15 5.355648028475655747e-17 4.798583047219674343e-16 1.020657545801798571e-15 8.150644114030204476e-16 -7.258064872487148626e-16 -2.277204053925945333e-16 -3.365290979405946740e-16
-1.253993876864845864e-15 -5.663785415399926955e-15 -5.122828143276230058e-15 -1.399136806545598483e-15 1.408598833747928910e-15 -4.436900533798035099e-16 2.384298379305716029e-15 -3.746518543481495859e-16 1.998634948874918879e-15 2.930084167377630827e-15 2.420669252184485698e-15 -2.578889879706280762e-16 -2.075810248217491136e-15 -1.171638407980353315e-15 1.275516476961993791e-17 1.492655785430259628e-16 -2.316832115576400877e-16 1.400295340967688520e-15 2.924027785623074993e-15 1.594061376986112006e-15 5.328352131264096654e-16 -3.623417532964141049e-17 -6.526849778070211180e-17 3.458780829723115460e-16 6.929979444082340395e-17 2.465768921848965350e-16
1.413333799165192422e-15 6.581711771534794258e-15 -5.328103731319795908e-15 -3.408000098607747022e-15 8.167858000270715493e-15 6.650497030470081459e-15 2.101811596457165955e-15 2.456643234769121740e-16 1.742351996822686824e-15 4.906023444259352858e-15 3.665506776929159014e-15 -2.123379064651607000e-16 -1.421643720117461471e-15 -2.829728210273191859e-16 -1.079148022408719676e-15 -9.461864777008670027e-16 -5.873198844166308203e-16 5.355648028475655747e-17 1.594061376986112006e-15 4.171399186016090759e-15 1.400957247621020426e-15 2.686735079915410493e-16 1.695642615985452340e-16 2.892449090643409509e-16 4.760934105510709400e-17 2.844923043055915243e-16
5.357069481610869145e-15 1.631690817755131762e-15 2.068674898159143037e-15 -1.626345248368839329e-15 3.169619080123096407e-15 1.312841848546193557e-15 1.675317575879195357e-15 4.484028342302279820e-16 3.476505842392882670e-15 4.168538888554291588e-15 3.730831892005340013e-15 2.809313281973100167e-16 8.561634846767065154e-16 1.286289271630032139e-15 -1.072005596092174219e-15 -4.251719614574084000e-16 9.167835939620827135e-16 4.798583047219674343e-16 5.328352131264096654e-16 1.400957247621020426e-15 3.061073417882390499e-15 8.741206402725007344e-16 6.005699195905104188e-16 -2.986059540332370799e-16 -3.293674868391871689e-16 4.181110700316765702e-16
2.762351647811867589e-15 -2.962420999116268654e-15 -2.456857788534802348e-15 -4.412071736299055519e-15 -4.028678167437234829e-15 1.335306162439948061e-15 -5.166110918101055683e-16 -1.241020429745495841e-15 -1.476877608933360744e-15 2.000994192738076480e-15 -5.422507433860885542e-16 -1.783421919347733266e-16 -8.191626034116383119e-17 -1.154353661836711003e-16 3.459656190867775681e-16 6.632178088293456584e-16 1.064935815562681338e-15 1.020657545801798571e-15 -3.623417532964141049e-17 2.686735079915410493e-16 8.741206402725007344e-16 2.440289585848766741e-15 6.732092158549114311e-16 -4.863951191108367780e-16 -2.826879782918549491e-17 -1.017438817590999950e-16
-7.336179541800008720e-15 -1.236173745036370131e-16 1.608976064146809741e-15 4.806898320855821370e-15 -4.965146679199897468e-16 -2.500911470155840239e-15 -1.584028194193591036e-15 -4.819023362887965487e-15 -2.037054322376171171e-15 -4.242931989242307124e-15 -9.171139311541164311e-16 4.140449707066368104e-17 -7.328557434954005591e-17 -4.371739669000680153e-16 1.392153698309862627e-15 5.900046778091039719e-16 8.572075624206402230e-16 8.150644114030204476e-16 -6.526849778070211180e-17 1.695642615985452340e-16 6.005699195905104188e-16 6.732092158549114311e-16 2.866494029520078942e-15 5.788409087537803089e-16 -5.224507382443057501e-16 -1.095717803457227153e-16
-3.218090636996291486e-15 2.900528285448748390e-15 -2.602066829369481894e-15 6.185189247712312020e-15 2.020726309707105683e-15 -1.779666680523196801e-15 6.383748026503564751e-16 -9.436449886615982503e-16 -1.064811371926612892e-15 -3.071282027926472516e-15 -1.683530995805570343e-16 1.835335150738795893e-15 2.086993279386714590e-17 1.565298985971407657e-16 3.862774418363980821e-16 -3.154236531142114286e-16 -1.341970242657019359e-15 -7.258064872487148626e-16 3.458780829723115460e-16 2.892449090643409509e-16 -2.986059540332370799e-16 -4.863951191108367780e-16 5.788409087537803089e-16 2.102652992452959645e-15 4.529178792659258383e-16 -1.130622277664139820e-16
-7.927209354110371780e-16 -2.069053328110189194e-15 -5.159687465526694515e-15 -2.968811642367911470e-15 -1.548602998817998046e-15 -1.301866071033796654e-16 -3.395980237019992309e-15 -1.113814842128558299e-15 -1.937548200950416884e-15 2.092034003964119421e-17 -5.099827405970272442e-16 1.733805879530374949e-15 -3.698783103124293631e-16 6.425133213392522705e-16 -1.042756354006231708e-16 2.024547435258696285e-16 2.233862848658449033e-18 -2.277204053925945333e-16 6.929979444082340395e-17 4.760934105510709400e-17 -3.293674868391871689e-16 -2.826879782918549491e-17 -5.224507382443057501e-16 4.529178792659258383e-16 1.667165058669178176e-15 -1.382157396465703394e-17
4.795172870653664003e-15 3.064313729373050241e-16 3.820664221112530607e-15 -1.201865493759506332e-15 4.600062836955519653e-16 2.134164901123534067e-16 1.709924413126787835e-15 1.503014666977594112e-15 2.351508619744522343e-15 2.896320670634050476e-15 2.318185286620252426e-15 -7.759204669436866209e-16 -2.290548899316412599e-16 -1.552834713647619038e-16 -1.433281393721604593e-15 -4.600969426402771001e-16 -1.238312389492127517e-16 -3.365290979405946740e-16 2.465768921848965350e-16 2.844923043055915243e-16 4.181110700316765702e-16 -1.017438817590999950e-16 -1.095717803457227153e-16 -1.130622277664139820e-16 -1.382157396465703394e-17 1.260947807608862913e-15
