1.057013088851064550e-12 4.522734473205085233e-14 -1.746171180112625543e-13 9.571214632758228658e-14 6.602285688705454554e-14 -6.164896923870245685e-15 -1.937432290399337631e-14 7.419268551897751619e-14 4.661224358361458555e-14 5.595405719339988402e-14 2.978607489306934731e-14 -5.817257312375098663e-14 -3.150023922903396192e-14 -3.474945683258559753e-14 -4.269861698129916887e-14 -4.894056362156404648e-14 -1.113199055440993793e-14 -1.086906474613961596e-14 3.599723266819545791e-15 -1.567361196188182842e-14 1.550948060656319693e-14 -2.921350828175691590e-15 -7.007343174002294687e-15 5.750468811060287586e-16 4.167495442070641555e-15 -1.184455495845012759e-15
4.522734473205085233e-14 2.562255011407792898e-13 -2.851982301168790601e-13 -8.364209133226338516e-14 2.061379985677887329e-14 -8.854472996678154791e-15 1.022925796270411056e-13 2.466412176737704400e-14 2.351671346213985112e-15 -2.515143397642024015e-15 -2.627005855018251895e-15 -4.085871437215130204e-16 -1.023555563792800103e-14 7.313228542924518970e-15 -1.781851699757143690e-15 -1.417990438901134974e-14 -6.914203882185844732e-15 3.305069485214860049e-15 -7.517794610537512652e-15 1.947888288617969432e-15 2.658323755530650055e-15 -4.233009021623697322e-15 -7.053299443455453884e-16 1.107711702005535350e-16 9.202215759986445638e-16 -7.994333357904413355e-16
-1.746171180112625543e-13 -2.851982301168790601e-13 7.574566259932500009e-13 1.340372499496815847e-13 2.089262553279059433e-14 2.380878569800971268e-14 -1.902274490266916571e-13 -3.501833024196804660e-14 -1.245284618549194578e-14 -2.591568703333318050e-14 1.906483312631694297e-14 3.462264337935164692e-14 1.420523177632456329e-14 -2.017192953932882814e-14 -5.947777979938577863e-15 5.951043976285164694e-15 1.992212083471956313e-16 -7.884394754081552956e-16 8.609928122494945577e-15 -2.166017200644569088e-14 -3.354823305994019318e-15 1.518288532503054996e-15 -6.526339141392016873e-16 2.006807462260556287e-15 -3.719692245778718414e-15 6.613053725464625431e-15
9.571214632758228658e-14 -8.364209133226338516e-14 1.340372499496815847e-13 2.824608296024872137e-13 2.375413979034450257e-14 -8.989110167244440043e-15 3.528184195152902095e-14 4.660526069074832233e-14 -8.024124565913014874e-15 3.138775478808531587e-14 2.079595955084984427e-15 -1.152222319248884819e-14 8.826697993500911055e-15 -1.261541565982069762e-14 -1.771558000940654765e-14 -1.745457417249371336e-16 -4.935943578984906844e-15 -1.947105783826925347e-15 6.765783876273859844e-15 3.775161027202955024e-15 6.980292940382064995e-15 -9.478036213568669054e-15 3.171833991693519868e-16 -4.682714029166491129e-15 2.000018664787094675e-15 -1.324768485510029247e-15
6.602285688705454554e-14 2.061379985677887329e-14 2.089262553279059433e-14 2.375413979034450257e-14 1.068424591218281138e-13 -8.910796342416249623e-15 -1.104021031460504330e-15 2.940132114293933208e-14 1.727002668494626843e-14 4.076013434326139153e-15 4.718452093306886379e-16 -6.060468493551191592e-16 -4.537222568082712546e-15 1.604053388432660076e-15 -1.197918424668334157e-14 1.963718428927544166e-15 -5.082248844641114348e-15 -1.106737740153746157e-15 1.002902260737185165e-15 -3.292297231736165686e-15 2.280880907794516025e-15 1.577547142329243452e-15 -1.057421839830575231e-16 -2.505865086931576344e-15 -3.828900751251289806e-15 1.588562994750713618e-15
-6.164896923870245685e-15 -8.854472996678154791e-15 2.380878569800971268e-14 -8.989110167244440043e-15 -8.910796342416249623e-15 6.731590331950147436e-14 8.342759723547173757e-15 -1.172025063415970474e-14 -4.340052660894077894e-15 -6.783707666290475041e-15 6.495707636350983097e-15 1.647445595910239760e-15 1.238906102055910124e-15 -8.704681571819605288e-16 -4.612382211932442400e-15 -4.201477685556792434e-15 3.541574857390129812e-15 3.111745758542343512e-16 -2.410462368225511917e-15 -2.770267799728546208e-15 -6.815257554682054422e-16 -1.689705377822297250e-15 1.210816184863716111e-15 9.725126146438606805e-16 -1.325393546745205046e-15 -1.731699182866433055e-15
-1.937432290399337631e-14 1.022925796270411056e-13 -1.902274490266916571e-13 3.528184195152902095e-14 -1.104021031460504330e-15 8.342759723547173757e-15 1.451503446563194051e-13 4.404090730378304091e-14 6.945975166653457384e-15 1.884575561738280917e-14 4.253242822775001200e-15 -5.184424143720092887e-15 8.254965266848040949e-16 7.431785289525096341e-15 3.520486932028971843e-15 -1.487338826735663291e-16 -3.342939362771587908e-16 -4.014263936041354727e-15 -6.994432552391210042e-15 5.593780699389226636e-15 5.508095450162189543e-15 -6.559518141381050978e-15 6.593025209400811274e-16 -4.393495540406266634e-15 1.294369394891412979e-15 -3.820757593952000481e-15
7.419268551897751619e-14 2.466412176737704400e-14 -3.501833024196804660e-14 4.660526069074832233e-14 2.940132114293933208e-14 -1.172025063415970474e-14 4.404090730378304091e-14 5.598375781971908384e-14 1.607924580239354232e-14 -2.432111804691906097e-15 3.224887754579754309e-15 -8.053270400989923340e-15 2.161051694608816471e-15 1.512569899995939991e-15 -5.043727178227546427e-15 -9.568113367141219917e-16 -3.518204918205511595e-15 1.302099258631319163e-15 2.072413807935937739e-15 -4.058404336567237697e-15 4.298765535746383360e-15 4.563137539827139947e-16 1.449784789148430558e-15 -6.090471118004332520e-16 -8.132142087629293181e-16 -2.295431820644675252e-15
4.661224358361458555e-14 2.351671346213985112e-15 -1.245284618549194578e-14 -8.024124565913014874e-15 1.727002668494626843e-14 -4.340052660894077894e-15 6.945975166653457384e-15 1.607924580239354232e-14 3.028131072449280470e-14 2.215863570866482281e-15 4.179050037018598943e-16 -7.683902689411400498e-15 3.540871691804413198e-15 6.256042936717921377e-15 -1.581473471791808804e-15 -4.406275542056277471e-15 1.439461997385571150e-15 2.407039640186260933e-15 3.795366369405173480e-15 -2.957387713280299534e-15 4.393030354125922542e-16 2.320859769440827831e-15 -2.823530495250413107e-15 -1.490761489469984454e-17 5.597098066880468804e-16 -1.531676204629139987e-16
5.595405719339988402e-14 -2.515143397642024015e-15 -2.591568703333318050e-14 3.138775478808531587e-14 4.076013434326139153e-15 -6.783707666290475041e-15 1.884575561738280917e-14 -2.432111804691906097e-15 2.215863570866482281e-15 3.448156298304386202e-14 4.299054526621610370e-15 3.412666299304542070e-16 -3.737123441582381260e-15 -1.638964795252461755e-15 -9.728345627960238413e-16 -1.818213195509489989e-15 -2.568145073712088952e-16 -5.316351619045258411e-15 -2.337956329931566810e-15 4.763945878266626059e-15 1.470685588141564843e-15 -3.781348979253728106e-15 -2.765784489214095084e-15 -3.536091925682549163e-15 1.990706655141898494e-15 6.890569257680989345e-16
2.978607489306934731e-14 -2.627005855018251895e-15 1.906483312631694297e-14 2.079595955084984427e-15 4.718452093306886379e-16 6.495707636350983097e-15 4.253242822775001200e-15 3.224887754579754309e-15 4.179050037018598943e-16 4.299054526621610370e-15 1.364704909155874509e-14 3.911073606960190775e-15 -3.114418405160733684e-15 -4.981052550289340263e-16 5.855325122423388118e-16 -3.878304848082102281e-15 -1.291832862836501248e-15 -3.003545891471356160e-15 -2.875008730651428302e-15 -4.561221874976510926e-15 2.195971711129966483e-15 -1.353814026455339772e-15 -2.920176951524642131e-16 -6.179483546978897552e-16 -4.177746142483614865e-16 -4.082908189280707797e-16
-5.817257312375098663e-14 -4.085871437215130204e-16 3.462264337935164692e-14 -1.152222319248884819e-14 -6.060468493551191592e-16 1.647445595910239760e-15 -5.184424143720092887e-15 -8.053270400989923340e-15 -7.683902689411400498e-15 3.412666299304542070e-16 3.911073606960190775e-15 1.588459624246849732e-14 -7.448552847775570012e-16 -2.967557157745278712e-15 1.363219665143338544e-15 -2.025677727162444868e-16 -1.574929740194309243e-15 -1.743983313680789669e-15 -3.119577561966885970e-15 -7.783655646129923088e-16 9.045182721180965292e-16 -3.081885486905695856e-16 7.776666426051180685e-16 -3.095105748628323919e-16 -9.606809550078677915e-16 6.325595793790491684e-16
-3.150023922903396192e-14 -1.023555563792800103e-14 1.420523177632456329e-14 8.826697993500911055e-15 -4.537222568082712546e-15 1.238906102055910124e-15 8.254965266848040949e-16 2.161051694608816471e-15 3.540871691804413198e-15 -3.737123441582381260e-15 -3.114418405160733684e-15 -7.448552847775570012e-16 6.412952805139297547e-15 4.858134448772917303e-15 1.492850970383379116e-15 1.714061332937585726e-15 9.905290757111315941e-16 1.737584301496288232e-15 2.051236630048750020e-15 9.585716371383475218e-16 -6.261068320876337198e-16 3.988240682758300052e-16 -4.096571525780336816e-16 5.338257119126398294e-16 3.669410422511430421e-16 -1.431537082476512720e-16
-3.474945683258559753e-14 7.313228542924518970e-15 -2.017192953932882814e-14 -1.261541565982069762e-14 1.604053388432660076e-15 -8.704681571819605288e-16 7.431785289525096341e-15 1.512569899995939991e-15 6.256042936717921377e-15 -1.638964795252461755e-15 -4.981052550289340263e-16 -2.967557157745278712e-15 4.858134448772917303e-15 1.658970464274997987e-14 5.927843339539364287e-15 9.213284856640079401e-17 3.793096460187318268e-16 4.452523568914356772e-16 1.295596355687007973e-15 4.295057471746264096e-16 -1.729764746096725570e-15 -4.209160565425748667e-17 -1.723610467628082545e-15 4.565931627234691213e-16 3.943720343281744644e-16 -2.242893671128067127e-16
-4.269861698129916887e-14 -1.781851699757143690e-15 -5.947777979938577863e-15 -1.771558000940654765e-14 -1.197918424668334157e-14 -4.612382211932442400e-15 3.520486932028971843e-15 -5.043727178227546427e-15 -1.581473471791808804e-15 -9.728345627960238413e-16 5.855325122423388118e-16 1.363219665143338544e-15 1.492850970383379116e-15 5.927843339539364287e-15 1.066345648771059289e-14 3.132252922585761242e-15 -1.269655156556471861e-16 -5.583532790644034644e-16 -1.767777910444234678e-15 9.363337517341244174e-16 -1.665281841211851453e-15 -6.958668333010408027e-16 -7.499545129223115229e-16 -1.269844502568278741e-16 3.719925986081015063e-16 -8.793616574076841217e-17
-4.894056362156404648e-14 -1.417990438901134974e-14 5.951043976285164694e-15 -1.745457417249371336e-16 1.963718428927544166e-15 -4.201477685556792434e-15 -1.487338826735663291e-16 -9.568113367141219917e-16 -4.406275542056277471e-15 -1.818213195509489989e-15 -3.878304848082102281e-15 -2.025677727162444868e-16 1.714061332937585726e-15 9.213284856640079401e-17 3.132252922585761242e-15 1.658988131151764794e-14 3.620983160412501821e-15 -3.048963768214338753e-16 -1.171089640812445509e-16 2.055779997236377328e-15 -1.173604744258817959e-15 1.899874287015031452e-15 1.645067301566953879e-15 -3.850637598566167432e-16 -2.477514263668172565e-16 -8.528552412712371335e-17
-1.113199055440993793e-14 -6.914203882185844732e-15 1.992212083471956313e-16 -4.935943578984906844e-15 -5.082248844641114348e-15 3.541574857390129812e-15 -3.342939362771587908e-16 -3.518204918205511595e-15 1.439461997385571150e-15 -2.568145073712088952e-16 -1.291832862836501248e-15 -1.574929740194309243e-15 9.905290757111315941e-16 3.793096460187318268e-16 -1.269655156556471861e-16 3.620983160412501821e-15 4.732346230584401926e-15 1.066650306076784911e-15 1.711053503822566946e-15 5.999681566277619217e-16 -6.703711238169406457e-16 1.141357399323240910e-15 3.057815820422554449e-16 1.430085462575827737e-16 2.778386419375463578e-16 -6.844761179848825163e-17
-1.086906474613961596e-14 3.305069485214860049e-15 -7.884394754081552956e-16 -1.947105783826925347e-15 -1.106737740153746157e-15 3.111745758542343512e-16 -4.014263936041354727e-15 1.302099258631319163e-15 2.407039640186260933e-15 -5.316351619045258411e-15 -3.003545891471356160e-15 -1.743983313680789669e-15 1.737584301496288232e-15 4.452523568914356772e-16 -5.583532790644034644e-16 -3.048963768214338753e-16 1.066650306076784911e-15 5.752944100276804990e-15 3.004321629445866213e-15 1.052827421007820799e-16 -4.072442705649082810e-16 7.173079464221112953e-16 1.819050721767000814e-16 8.198706201063603757e-16 1.642553375146686290e-16 1.336169331929607120e-16
3.599723266819545791e-15 -7.517794610537512652e-15 8.609928122494945577e-15 6.765783876273859844e-15 1.002902260737185165e-15 -2.410462368225511917e-15 -6.994432552391210042e-15 2.072413807935937739e-15 3.795366369405173480e-15 -2.337956329931566810e-15 -2.875008730651428302e-15 -3.119577561966885970e-15 2.051236630048750020e-15 1.295596355687007973e-15 -1.767777910444234678e-15 -1.171089640812445509e-16 1.711053503822566946e-15 3.004321629445866213e-15 5.158671153611743307e-15 3.367769631047401550e-16 4.901438036038613661e-16 1.734304368618361796e-15 -4.040255117324716556e-17 7.384384266172862537e-16 2.692162946620101696e-16 7.341969212587492473e-17
-1.567361196188182842e-14 1.947888288617969432e-15 -2.166017200644569088e-14 3.775161027202955024e-15 -3.292297231736165686e-15 -2.770267799728546208e-15 5.593780699389226636e-15 -4.058404336567237697e-15 -2.957387713280299534e-15 4.763945878266626059e-15 -4.561221874976510926e-15 -7.783655646129923088e-16 9.585716371383475218e-16 4.295057471746264096e-16 9.363337517341244174e-16 2.055779997236377328e-15 5.999681566277619217e-16 1.052827421007820799e-16 3.367769631047401550e-16 6.910803558231647932e-15 8.639835599231863845e-16 -1.165311259080615221e-16 2.337198637703810885e-17 -2.632329437349178692e-16 5.993977905903260536e-16 2.921675400033876860e-16
1.550948060656319693e-14 2.658323755530650055e-15 -3.354823305994019318e-15 6.980292940382064995e-15 2.280880907794516025e-15 -6.815257554682054422e-16 5.508095450162189543e-15 4.298765535746383360e-15 4.393030354125922542e-16 1.470685588141564843e-15 2.195971711129966483e-15 9.045182721180965292e-16 -6.261068320876337198e-16 -1.729764746096725570e-15 -1.665281841211851453e-15 -1.173604744258817959e-15 -6.703711238169406457e-16 -4.072442705649082810e-16 4.901438036038613661e-16 8.639835599231863845e-16 4.906113263839017397e-15 1.698008269247289307e-15 8.774101811695820990e-16 1.881097535838750232e-16 6.273895351814265052e-17 -9.319385699627933994e-17
-2.921350828175691590e-15 -4.233009021623697322e-15 1.518288532503054996e-15 -9.478036213568669054e-15 1.577547142329243452e-15 -1.689705377822297250e-15 -6.559518141381050978e-15 4.563137539827139947e-16 2.320859769440827831e-15 -3.781348979253728106e-15 -1.353814026455339772e-15 -3.081885486905695856e-16 3.988240682758300052e-16 -4.209160565425748667e-17 -6.958668333010408027e-16 1.899874287015031452e-15 1.141357399323240910e-15 7.173079464221112953e-16 1.734304368618361796e-15 -1.165311259080615221e-16 1.698008269247289307e-15 4.828176312352793593e-15 1.618530406911693194e-15 1.145606968081507678e-15 -1.097878617229882249e-16 1.894359113246291252e-16
-7.007343174002294687e-15 -7.053299443455453884e-16 -6.526339141392016873e-16 3.171833991693519868e-16 -1.057421839830575231e-16 1.210816184863716111e-15 6.593025209400811274e-16 1.449784789148430558e-15 -2.823530495250413107e-15 -2.765784489214095084e-15 -2.920176951524642131e-16 7.776666426051180685e-16 -4.096571525780336816e-16 -1.723610467628082545e-15 -7.499545129223115229e-16 1.645067301566953879e-15 3.057815820422554449e-16 1.819050721767000814e-16 -4.040255117324716556e-17 2.337198637703810885e-17 8.774101811695820990e-16 1.618530406911693194e-15 3.745397706598039809e-15 1.204837511436483883e-15 -9.604329193401567294e-17 -5.595518014120674910e-17
5.750468811060287586e-16 1.107711702005535350e-16 2.006807462260556287e-15 -4.682714029166491129e-15 -2.505865086931576344e-15 9.725126146438606805e-16 -4.393495540406266634e-15 -6.090471118004332520e-16 -1.490761489469984454e-17 -3.536091925682549163e-15 -6.179483546978897552e-16 -3.095105748628323919e-16 5.338257119126398294e-16 4.565931627234691213e-16 -1.269844502568278741e-16 -3.850637598566167432e-16 1.430085462575827737e-16 8.198706201063603757e-16 7.384384266172862537e-16 -2.632329437349178692e-16 1.881097535838750232e-16 1.145606968081507678e-15 1.204837511436483883e-15 2.501557284575900550e-15 8.561772132016825552e-16 1.347748904664779829e-16
4.167495442070641555e-15 9.202215759986445638e-16 -3.719692245778718414e-15 2.000018664787094675e-15 -3.828900751251289806e-15 -1.325393546745205046e-15 1.294369394891412979e-15 -8.132142087629293181e-16 5.597098066880468804e-16 1.990706655141898494e-15 -4.177746142483614865e-16 -9.606809550078677915e-16 3.669410422511430421e-16 3.943720343281744644e-16 3.719925986081015063e-16 -2.477514263668172565e-16 2.778386419375463578e-16 1.642553375146686290e-16 2.692162946620101696e-16 5.993977905903260536e-16 6.273895351814265052e-17 -1.097878617229882249e-16 -9.604329193401567294e-17 8.561772132016825552e-16 2.272601658830537361e-15 6.586820296537597936e-16
-1.184455495845012759e-15 -7.994333357904413355e-16 6.613053725464625431e-15 -1.324768485510029247e-15 1.588562994750713618e-15 -1.731699182866433055e-15 -3.820757593952000481e-15 -2.295431820644675252e-15 -1.531676204629139987e-16 6.890569257680989345e-16 -4.082908189280707797e-16 6.325595793790491684e-16 -1.431537082476512720e-16 -2.242893671128067127e-16 -8.793616574076841217e-17 -8.528552412712371335e-17 -6.844761179848825163e-17 1.336169331929607120e-16 7.341969212587492473e-17 2.921675400033876860e-16 -9.319385699627933994e-17 1.894359113246291252e-16 -5.595518014120674910e-17 1.347748904664779829e-16 6.586820296537597936e-16 1.516703218675820240e-15
