1.613412907140080014e-12 3.977316950792167726e-13 -5.759852347166528842e-13 2.063041943471671872e-13 1.014255384094139490e-13 -4.775895044822680581e-14 -1.314915487765773964e-13 1.223956815015488802e-13 -5.045615252933255150e-14 2.251230829796981704e-14 8.554214056302174152e-15 6.270161511689162290e-14 -3.011213222626049645e-14 2.827479736329882061e-14 -5.048219763508427184e-14 -2.379376927534419759e-15 -2.882729944708757027e-14 -3.305133628634605884e-14 -5.308950553781297617e-14 -6.326933812528778263e-14 -4.058169444680756051e-14 -1.625724131086678265e-14 1.372909962729857723e-14 7.431145327880562790e-15 1.284552162942098263e-14 -4.968074743353339851e-15
3.977316950792167726e-13 8.347787356223859199e-13 -1.830273904009751269e-13 -9.950688298452913102e-15 -3.336227269202512780e-14 -1.156019921124103586e-13 -1.273596533553304850e-14 7.020969150266758058e-14 4.205215628174426004e-16 -1.577720700840876026e-15 2.864041939555507032e-14 1.945406370865982683e-14 3.019820675685695833e-14 3.426432683944972944e-14 -5.239413976753394574e-15 4.539257218554553157e-14 -7.218584013714846103e-15 -4.903121184739797217e-14 -1.399602710606265726e-14 -2.192864065712405884e-14 -1.370112260614085852e-14 -3.668424211976478801e-14 -8.668034171312097946e-15 -4.225852816998233201e-16 -1.573069851388761587e-15 2.316478559863396889e-15
-5.759852347166528842e-13 -1.830273904009751269e-13 3.986185768169756310e-13 -1.336504045064885546e-13 -1.526959431017328657e-13 8.741376658083259565e-15 1.222147321358006416e-14 -2.986973902547258948e-14 5.468663571091319790e-15 1.031328504683191972e-14 -3.216991241108699443e-15 -1.950425863324702463e-14 3.503386573292717867e-14 -8.708325600626682195e-15 1.497670197359141728e-14 1.786911638036550313e-14 1.943254740884897253e-14 1.138925674045598902e-14 2.036093770945246535e-14 2.619164811885646394e-14 1.328741751274690254e-14 1.366203113574706059e-14 -8.141277703302585951e-15 -3.108105231935175594e-15 -8.340678570778652983e-15 6.826830037393309060e-15
2.063041943471671872e-13 -9.950688298452913102e-15 -1.336504045064885546e-13 2.443615253426450311e-13 2.419354638997017111e-13 1.381816928623744579e-13 7.289902229507455428e-14 3.855905954754283942e-14 1.139150363777714138e-14 1.269525402977646504e-14 -5.693301013822566184e-15 3.152114052162352384e-14 -4.384371444839382815e-15 2.714361032319880420e-14 1.096744459671497153e-15 -1.280887013615550628e-14 -3.231121075054382943e-14 2.793805765433377212e-15 1.111633381915033195e-14 -1.242150679800705726e-14 3.827863106569954761e-15 -1.092132706956493340e-15 2.163282194153306045e-15 -2.645869709890945296e-15 7.180154293294469062e-15 1.254685400384838813e-15
1.014255384094139490e-13 -3.336227269202512780e-14 -1.526959431017328657e-13 2.419354638997017111e-13 4.276962755591088704e-13 2.004459177896279717e-13 1.946108029584918344e-13 3.301014963259717883e-14 4.406650894297361042e-14 2.922841413722787694e-14 6.952902764295896017e-15 3.717263879563614682e-14 -2.292075346205873618e-14 4.794474384278000248e-14 1.404933889311496385e-14 -2.583660772953226897e-14 -4.213417648541074498e-14 8.182575359489078239e-15 1.633131807385383721e-14 -1.594836515013919937e-14 1.625960884750728569e-14 -4.296321068798779580e-15 2.370173550111627632e-16 -9.330501339536587813e-15 6.283381014698658851e-15 -1.692182172721776036e-15
-4.775895044822680581e-14 -1.156019921124103586e-13 8.741376658083259565e-15 1.381816928623744579e-13 2.004459177896279717e-13 1.628247390056983709e-13 1.115378544297313015e-13 2.408133880112925948e-14 2.391715241623142104e-14 2.148525451565975453e-14 -9.663778505717631984e-15 2.077958628469444456e-14 3.766944035969153876e-16 2.320715596188159473e-14 9.183770533840423810e-15 -1.059295243689887166e-14 -2.287627686092960712e-14 1.191108734443226364e-14 1.618087334263730160e-14 -6.917129425587572349e-16 1.273397354615662142e-14 6.540909531645249197e-15 -2.905028622219941801e-15 -8.102209694593744941e-15 3.160834263554043747e-15 2.468000788247025763e-15
-1.314915487765773964e-13 -1.273596533553304850e-14 1.222147321358006416e-14 7.289902229507455428e-14 1.946108029584918344e-13 1.115378544297313015e-13 1.695705716927954516e-13 -4.841252920385764613e-15 1.889023308755788812e-14 1.493878438920358826e-14 1.716910078414097812e-15 1.153546657628237573e-14 -1.649671014911446239e-14 1.865549479026952032e-14 1.024431981809720677e-14 -4.040368293543651668e-15 -1.266877095637218015e-14 5.572119332310099123e-15 8.526270313943213082e-15 -3.169724611015663661e-15 1.387243199401909418e-14 -2.836373533030937047e-15 -4.850478189972420844e-15 -9.154631831993424573e-15 -2.887047638282205065e-16 -1.021723107778656829e-16
1.223956815015488802e-13 7.020969150266758058e-14 -2.986973902547258948e-14 3.855905954754283942e-14 3.301014963259717883e-14 2.408133880112925948e-14 -4.841252920385764613e-15 4.485733315370103852e-14 -3.180641634871991591e-15 1.062363889632991082e-14 4.524228428797153611e-15 1.326755064746326382e-14 1.229485781876293196e-14 1.800097857043377366e-14 4.353061151412431062e-16 1.742724828241044066e-15 -7.543458105292405550e-15 -5.450639494353626946e-15 1.453136845386399018e-15 -5.107921189505966553e-15 5.818632934514970559e-16 -1.254889626592448102e-15 -2.342225114832396927e-15 -1.021652027857081612e-15 2.364218014386202170e-16 1.753543172181575815e-15
-5.045615252933255150e-14 4.205215628174426004e-16 5.468663571091319790e-15 1.139150363777714138e-14 4.406650894297361042e-14 2.391715241623142104e-14 1.889023308755788812e-14 -3.180641634871991591e-15 5.141130675190425834e-14 1.034537903527257932e-14 7.824396057769200378e-16 -4.054840099865679290e-15 3.770262747491649662e-15 1.011537064763821278e-14 6.859452593410119665e-15 8.276199134124142745e-15 -2.292598897028806302e-15 7.048758055467804904e-15 1.024436444102202203e-14 3.292393791282231820e-15 3.505146422344270992e-15 1.351701992219727670e-15 -1.018558026750052705e-15 -1.532125997741607822e-15 2.796534216200557290e-15 7.540153966306380223e-16
2.251230829796981704e-14 -1.577720700840876026e-15 1.031328504683191972e-14 1.269525402977646504e-14 2.922841413722787694e-14 2.148525451565975453e-14 1.493878438920358826e-14 1.062363889632991082e-14 1.034537903527257932e-14 2.268341432700908746e-14 1.676965417334746212e-15 5.019322987788654002e-15 1.989446139966732078e-15 1.037860069015429975e-14 1.590416520012040533e-15 3.554946392830824765e-15 -1.940998214293852454e-15 5.943467465875757072e-15 6.901312187861746486e-15 -3.759821061140102241e-15 -1.177336415717460682e-15 -3.242401257383332805e-18 7.178098014032899315e-16 -2.366051814026314042e-15 1.667447991348300622e-15 8.160115754984608271e-16
8.554214056302174152e-15 2.864041939555507032e-14 -3.216991241108699443e-15 -5.693301013822566184e-15 6.952902764295896017e-15 -9.663778505717631984e-15 1.716910078414097812e-15 4.524228428797153611e-15 7.824396057769200378e-16 1.676965417334746212e-15 9.613041972835378443e-15 -1.470964450838455241e-16 2.018092928043208325e-15 7.604349960105661418e-15 9.488076211976194028e-16 1.219172226076028799e-15 -4.512551722125014591e-16 -2.985023834325047688e-15 -7.281947786968558540e-16 -2.553425150845780617e-15 3.646896145054875393e-16 -1.891141028037581503e-15 -1.465916337193185945e-16 2.871436270336459485e-16 -6.874211150994564593e-16 -2.684399313924145799e-17
6.270161511689162290e-14 1.945406370865982683e-14 -1.950425863324702463e-14 3.152114052162352384e-14 3.717263879563614682e-14 2.077958628469444456e-14 1.153546657628237573e-14 1.326755064746326382e-14 -4.054840099865679290e-15 5.019322987788654002e-15 -1.470964450838455241e-16 3.035928790810639295e-14 6.004012725826016072e-15 8.972383754230735366e-15 4.466013430060143093e-15 -4.641092489824867743e-16 -4.702237354130639139e-15 -3.214411712388075814e-15 2.216927276883994949e-16 -9.032810683687152457e-15 -2.908581365442922692e-15 -3.015122333137992389e-15 -2.723144714550856570e-16 -1.829866966902015080e-15 6.228566650281641456e-16 2.506501678820908535e-16
-3.011213222626049645e-14 3.019820675685695833e-14 3.503386573292717867e-14 -4.384371444839382815e-15 -2.292075346205873618e-14 3.766944035969153876e-16 -1.649671014911446239e-14 1.229485781876293196e-14 3.770262747491649662e-15 1.989446139966732078e-15 2.018092928043208325e-15 6.004012725826016072e-15 2.789443536002887997e-14 9.624851253656255090e-15 5.200860221754737295e-15 8.468832349430121724e-15 -2.443071799005372368e-15 -5.337990419223138964e-15 1.338883464979244421e-15 -1.765548215422231084e-15 1.585352135875098957e-16 1.721516148622302470e-15 -1.947264145127631044e-15 -1.088487384307786922e-15 -1.404011232059571152e-15 1.362913710387893967e-15
2.827479736329882061e-14 3.426432683944972944e-14 -8.708325600626682195e-15 2.714361032319880420e-14 4.794474384278000248e-14 2.320715596188159473e-14 1.865549479026952032e-14 1.800097857043377366e-14 1.011537064763821278e-14 1.037860069015429975e-14 7.604349960105661418e-15 8.972383754230735366e-15 9.624851253656255090e-15 2.805327842427430796e-14 9.705713982610756234e-15 4.555553118681525365e-15 -3.369810085409318042e-15 1.474144521345001831e-15 5.120259945901444086e-15 -6.564187012182082765e-15 1.266763525642958374e-15 -9.863051445698664263e-16 2.833043419250978401e-16 -2.008527325947552512e-15 1.211852036276460158e-15 3.750810536175939179e-16
-5.048219763508427184e-14 -5.239413976753394574e-15 1.497670197359141728e-14 1.096744459671497153e-15 1.404933889311496385e-14 9.183770533840423810e-15 1.024431981809720677e-14 4.353061151412431062e-16 6.859452593410119665e-15 1.590416520012040533e-15 9.488076211976194028e-16 4.466013430060143093e-15 5.200860221754737295e-15 9.705713982610756234e-15 1.027065771196948744e-14 3.507177296887553262e-15 1.746592992309711270e-15 2.114025594912475254e-15 3.817150140553519328e-15 -4.399528564121842883e-16 1.748302219226805305e-15 -4.409382340850692066e-16 -3.530712828026064043e-16 -1.306210175419588752e-15 1.452535105662026740e-16 5.275826419552370183e-17
-2.379376927534419759e-15 4.539257218554553157e-14 1.786911638036550313e-14 -1.280887013615550628e-14 -2.583660772953226897e-14 -1.059295243689887166e-14 -4.040368293543651668e-15 1.742724828241044066e-15 8.276199134124142745e-15 3.554946392830824765e-15 1.219172226076028799e-15 -4.641092489824867743e-16 8.468832349430121724e-15 4.555553118681525365e-15 3.507177296887553262e-15 1.641158097086904128e-14 5.200523256055419127e-15 -5.444393904214854620e-16 1.709358942370435932e-15 -6.198394261842569583e-16 -6.566911382033879442e-16 -1.172437523759165014e-15 -5.820219552022316737e-16 -3.638979716975530629e-16 -1.429507488198713815e-16 5.368922045788749191e-16
-2.882729944708757027e-14 -7.218584013714846103e-15 1.943254740884897253e-14 -3.231121075054382943e-14 -4.213417648541074498e-14 -2.287627686092960712e-14 -1.266877095637218015e-14 -7.543458105292405550e-15 -2.292598897028806302e-15 -1.940998214293852454e-15 -4.512551722125014591e-16 -4.702237354130639139e-15 -2.443071799005372368e-15 -3.369810085409318042e-15 1.746592992309711270e-15 5.200523256055419127e-15 1.275389122795001638e-14 4.739065052833313075e-15 1.172804856997455923e-15 3.057815035446558148e-15 -1.020501926876602832e-15 2.632722421535946863e-16 5.806918449765036184e-16 8.038119493712072395e-16 -8.732341388038256915e-16 -6.074462354327239574e-16
-3.305133628634605884e-14 -4.903121184739797217e-14 1.138925674045598902e-14 2.793805765433377212e-15 8.182575359489078239e-15 1.191108734443226364e-14 5.572119332310099123e-15 -5.450639494353626946e-15 7.048758055467804904e-15 5.943467465875757072e-15 -2.985023834325047688e-15 -3.214411712388075814e-15 -5.337990419223138964e-15 1.474144521345001831e-15 2.114025594912475254e-15 -5.444393904214854620e-16 4.739065052833313075e-15 1.270846374740466728e-14 8.581752143767637427e-15 3.543201872772592982e-15 6.073110871512599797e-16 2.071842951044723225e-15 2.087608649292014556e-15 -2.656452345518078953e-16 1.469593181194547715e-15 -5.499443614439269800e-16
-5.308950553781297617e-14 -1.399602710606265726e-14 2.036093770945246535e-14 1.111633381915033195e-14 1.633131807385383721e-14 1.618087334263730160e-14 8.526270313943213082e-15 1.453136845386399018e-15 1.024436444102202203e-14 6.901312187861746486e-15 -7.281947786968558540e-16 2.216927276883994949e-16 1.338883464979244421e-15 5.120259945901444086e-15 3.817150140553519328e-15 1.709358942370435932e-15 1.172804856997455923e-15 8.581752143767637427e-15 1.468365686293228574e-14 5.209255047749901146e-15 2.446119454786896816e-15 4.912254932384560656e-16 3.301011665717809157e-16 -4.316583011416975401e-16 1.165300743577178411e-15 6.925270278383767348e-16
-6.326933812528778263e-14 -2.192864065712405884e-14 2.619164811885646394e-14 -1.242150679800705726e-14 -1.594836515013919937e-14 -6.917129425587572349e-16 -3.169724611015663661e-15 -5.107921189505966553e-15 3.292393791282231820e-15 -3.759821061140102241e-15 -2.553425150845780617e-15 -9.032810683687152457e-15 -1.765548215422231084e-15 -6.564187012182082765e-15 -4.399528564121842883e-16 -6.198394261842569583e-16 3.057815035446558148e-15 3.543201872772592982e-15 5.209255047749901146e-15 1.227516861980503745e-14 5.987593839292267161e-15 3.292501757702283101e-15 -1.736172609579544722e-16 6.877128528104936464e-16 -5.966298527737303172e-16 4.967490721792905763e-16
-4.058169444680756051e-14 -1.370112260614085852e-14 1.328741751274690254e-14 3.827863106569954761e-15 1.625960884750728569e-14 1.273397354615662142e-14 1.387243199401909418e-14 5.818632934514970559e-16 3.505146422344270992e-15 -1.177336415717460682e-15 3.646896145054875393e-16 -2.908581365442922692e-15 1.585352135875098957e-16 1.266763525642958374e-15 1.748302219226805305e-15 -6.566911382033879442e-16 -1.020501926876602832e-15 6.073110871512599797e-16 2.446119454786896816e-15 5.987593839292267161e-15 8.962289040040523892e-15 3.798804215121887835e-15 -1.031874053769334391e-15 -4.916127579744764760e-16 -6.174804618046978432e-16 4.267002784174568299e-16
-1.625724131086678265e-14 -3.668424211976478801e-14 1.366203113574706059e-14 -1.092132706956493340e-15 -4.296321068798779580e-15 6.540909531645249197e-15 -2.836373533030937047e-15 -1.254889626592448102e-15 1.351701992219727670e-15 -3.242401257383332805e-18 -1.891141028037581503e-15 -3.015122333137992389e-15 1.721516148622302470e-15 -9.863051445698664263e-16 -4.409382340850692066e-16 -1.172437523759165014e-15 2.632722421535946863e-16 2.071842951044723225e-15 4.912254932384560656e-16 3.292501757702283101e-15 3.798804215121887835e-15 6.864774620670492797e-15 1.248487776463269044e-15 3.009320721813545395e-16 -1.659658579115584169e-16 2.608515242464377213e-16
1.372909962729857723e-14 -8.668034171312097946e-15 -8.141277703302585951e-15 2.163282194153306045e-15 2.370173550111627632e-16 -2.905028622219941801e-15 -4.850478189972420844e-15 -2.342225114832396927e-15 -1.018558026750052705e-15 7.178098014032899315e-16 -1.465916337193185945e-16 -2.723144714550856570e-16 -1.947264145127631044e-15 2.833043419250978401e-16 -3.530712828026064043e-16 -5.820219552022316737e-16 5.806918449765036184e-16 2.087608649292014556e-15 3.301011665717809157e-16 -1.736172609579544722e-16 -1.031874053769334391e-15 1.248487776463269044e-15 5.012854018170100127e-15 1.492504940516801113e-15 1.195165788681568310e-15 -3.623477930017528727e-16
7.431145327880562790e-15 -4.225852816998233201e-16 -3.108105231935175594e-15 -2.645869709890945296e-15 -9.330501339536587813e-15 -8.102209694593744941e-15 -9.154631831993424573e-15 -1.021652027857081612e-15 -1.532125997741607822e-15 -2.366051814026314042e-15 2.871436270336459485e-16 -1.829866966902015080e-15 -1.088487384307786922e-15 -2.008527325947552512e-15 -1.306210175419588752e-15 -3.638979716975530629e-16 8.038119493712072395e-16 -2.656452345518078953e-16 -4.316583011416975401e-16 6.877128528104936464e-16 -4.916127579744764760e-16 3.009320721813545395e-16 1.492504940516801113e-15 3.643070105452085370e-15 1.363539891586573703e-15 3.065893364618243282e-16
1.284552162942098263e-14 -1.573069851388761587e-15 -8.340678570778652983e-15 7.180154293294469062e-15 6.283381014698658851e-15 3.160834263554043747e-15 -2.887047638282205065e-16 2.364218014386202170e-16 2.796534216200557290e-15 1.667447991348300622e-15 -6.874211150994564593e-16 6.228566650281641456e-16 -1.404011232059571152e-15 1.211852036276460158e-15 1.452535105662026740e-16 -1.429507488198713815e-16 -8.732341388038256915e-16 1.469593181194547715e-15 1.165300743577178411e-15 -5.966298527737303172e-16 -6.174804618046978432e-16 -1.659658579115584169e-16 1.195165788681568310e-15 1.363539891586573703e-15 4.042094719227272201e-15 1.066866086611711691e-15
-4.968074743353339851e-15 2.316478559863396889e-15 6.826830037393309060e-15 1.254685400384838813e-15 -1.692182172721776036e-15 2.468000788247025763e-15 -1.021723107778656829e-16 1.753543172181575815e-15 7.540153966306380223e-16 8.160115754984608271e-16 -2.684399313924145799e-17 2.506501678820908535e-16 1.362913710387893967e-15 3.750810536175939179e-16 5.275826419552370183e-17 5.368922045788749191e-16 -6.074462354327239574e-16 -5.499443614439269800e-16 6.925270278383767348e-16 4.967490721792905763e-16 4.267002784174568299e-16 2.608515242464377213e-16 -3.623477930017528727e-16 3.065893364618243282e-16 1.066866086611711691e-15 2.618092545339404490e-15
