1.049454581170886067e-12 1.230903471517930475e-13 6.473978763563093885e-14 -9.042317246828642961e-14 -6.310145596441233292e-14 1.083114269701658074e-13 3.840513229278011121e-14 2.737891422371518681e-14 -3.654069563884092265e-15 4.963823300087213290e-14 5.586178453067801045e-14 7.624404816057772585e-14 6.173037920744433561e-14 1.530131132434705184e-14 -3.506839596567500302e-14 1.527362023962219147e-14 -1.023439450627948921e-14 9.616279830403076534e-15 -1.298236877086523980e-14 2.279277313665323475e-14 2.844970039018507932e-14 2.344070379481456657e-14 1.236392483232123176e-14 -7.131048306679964584e-15 -1.900149602811629319e-14 -1.114813196228212294e-14
1.230903471517930475e-13 2.635719562920395211e-13 8.098767364818437487e-15 -7.776313815069384381e-14 -3.119307990613027126e-15 6.325376728195131257e-14 -7.317020249555881445e-15 -5.968405971023656106e-15 1.325596848968843327e-14 1.125044196475289355e-14 1.917848568585191037e-14 1.053918446191560375e-14 9.745230162756472448e-15 4.306128536355412810e-15 -1.340087901669247141e-14 8.764940923657516337e-15 -2.264850164854944732e-15 7.890459688206625002e-15 7.623511105436479597e-15 7.076259680289629089e-15 2.206155860630751382e-14 1.302562661691104712e-14 7.716386302600721186e-15 -1.392034360592115904e-15 -6.562304212856603576e-15 -9.248338929532766869e-16
6.473978763563093885e-14 8.098767364818437487e-15 3.747536728642548424e-13 1.017028257081556014e-13 -8.442636988301312691e-15 4.473522687783907801e-14 -1.749396269651194372e-14 -6.439813966072535376e-14 -8.295380217064105155e-14 -3.553362232988529698e-14 -4.459340756407930173e-14 -4.393164582752274701e-14 -3.262697552375903337e-14 -1.203219524416539485e-14 -3.451117079211686260e-14 -2.213111877232994013e-14 -4.235773454703623348e-15 -3.120396108297752838e-15 1.441008902453589460e-15 -2.232620466141956441e-14 8.309099926752896537e-16 1.055141381249263097e-14 1.154539060158963078e-14 2.872743747991062690e-15 1.077347092645794486e-15 -6.828985284437258008e-15
-9.042317246828642961e-14 -7.776313815069384381e-14 1.017028257081556014e-13 2.302798905680307542e-13 -3.368717545905780986e-14 1.049489452592962801e-14 9.104949695845283219e-15 -5.020312008795295166e-14 -4.539397234953148199e-14 1.744654709583097819e-14 -7.927777567614083936e-15 -1.118527462060849848e-14 -9.111845688700041567e-15 6.509539988061503370e-15 7.190472853759538065e-15 -2.697985138256550714e-15 -1.101189484838472739e-16 -1.038303092306949965e-14 -1.759697136823244217e-15 -1.749865656476885041e-14 -1.722145571923351235e-14 -2.515627631956032136e-15 -3.076242463873849800e-15 2.548553089652625695e-15 8.511790736477684856e-15 -4.687486727155381546e-15
-6.310145596441233292e-14 -3.119307990613027126e-15 -8.442636988301312691e-15 -3.368717545905780986e-14 1.058269243893430575e-13 1.966522418470467545e-15 1.759580025111702392e-15 1.211535013309167912e-14 1.171261151530327338e-14 2.930834666824331845e-15 7.857840564724310716e-17 -6.831505006460213643e-15 -1.467846021773451124e-14 -6.832165116473200931e-15 -2.022977794320737898e-15 -3.979178374001533625e-15 -3.778850045845207122e-15 1.179006192959333094e-15 6.882546639046445842e-15 1.832593813788848608e-15 -9.475748855391237546e-16 -3.701664049732025078e-15 -4.084410072094430858e-15 -4.273143592056393927e-15 -2.092163403454646670e-16 5.089679412187090444e-15
1.083114269701658074e-13 6.325376728195131257e-14 4.473522687783907801e-14 1.049489452592962801e-14 1.966522418470467545e-15 1.136530733747431943e-13 2.132318825282746327e-14 -2.388880208715223658e-14 -2.293048520670977088e-14 8.099682222143977508e-15 -5.823186192299773061e-15 -5.045684779062053363e-15 -5.976175718357483318e-16 -5.808271909698773920e-15 -2.102205202571875377e-14 2.410285460773816533e-15 -7.006407351176628515e-15 2.813311447539877796e-15 -2.482555230690350346e-16 3.779000897464035348e-15 1.746549972788132901e-14 9.713864868779329600e-15 7.711559558861286680e-15 3.446490280788777748e-15 1.723889168407643089e-15 3.927192775171451931e-15
3.840513229278011121e-14 -7.317020249555881445e-15 -1.749396269651194372e-14 9.104949695845283219e-15 1.759580025111702392e-15 2.132318825282746327e-14 3.590274960670875787e-14 2.076398224841055789e-14 1.849587503369809119e-14 1.563873225620415081e-14 2.143477800411455763e-14 9.698719321631144334e-15 4.207676004315638413e-15 8.830689351763063935e-15 3.913653652521423624e-15 4.257194572822653206e-15 1.312217241918812995e-16 7.479183056274210557e-16 7.715815727323707333e-16 3.321098341314178539e-15 2.485571747292732278e-15 9.120588530928436462e-16 4.959377488991953298e-17 -2.642439476558101455e-16 1.606948844603005179e-15 1.930941344484979073e-15
2.737891422371518681e-14 -5.968405971023656106e-15 -6.439813966072535376e-14 -5.020312008795295166e-14 1.211535013309167912e-14 -2.388880208715223658e-14 2.076398224841055789e-14 6.254948314355839133e-14 4.932408668886521350e-14 1.913767820551354384e-14 3.818226777165597198e-14 2.187722827429061706e-14 1.329127499069416309e-14 1.424835611763302775e-14 1.666335345074400534e-14 5.524935013431109794e-15 6.130177441707770873e-16 -1.520404463241680317e-15 -1.405630382186226882e-15 3.864520089204782369e-15 -4.423351833000442755e-15 -4.132128359410948741e-15 -3.701062166299984236e-15 -4.907999410499408301e-15 -3.654179165829581019e-15 1.073655078131470213e-15
-3.654069563884092265e-15 1.325596848968843327e-14 -8.295380217064105155e-14 -4.539397234953148199e-14 1.171261151530327338e-14 -2.293048520670977088e-14 1.849587503369809119e-14 4.932408668886521350e-14 7.124623681661104567e-14 2.987896049151499532e-14 3.538504184154295914e-14 1.519162905627652572e-14 1.485158383049539669e-14 1.701906750366741783e-14 2.332420195915024483e-14 8.684107969084273881e-15 2.674078652519417519e-15 3.726732994678628290e-15 4.221298314589896942e-15 7.552284920793794862e-15 -5.428848496080309635e-15 -4.525894997389210949e-15 -6.118378586684472138e-15 -4.352192374995410201e-15 -1.999080349263697811e-15 6.590151461213945646e-16
4.963823300087213290e-14 1.125044196475289355e-14 -3.553362232988529698e-14 1.744654709583097819e-14 2.930834666824331845e-15 8.099682222143977508e-15 1.563873225620415081e-14 1.913767820551354384e-14 2.987896049151499532e-14 5.905607106170359896e-14 3.275593159307221512e-14 1.199754096293331649e-14 1.345897542455947727e-14 1.691689706628501159e-14 1.975203639322409547e-14 6.160265603146010634e-15 -3.256225051933227982e-17 2.012884902883367060e-15 3.156502188950379461e-15 7.577145849589169159e-16 -6.170731520577277870e-15 -4.555441125580624818e-15 -2.532343532969123157e-15 -2.068966088484317846e-15 8.713760779188738871e-16 6.588998686440497108e-16
5.586178453067801045e-14 1.917848568585191037e-14 -4.459340756407930173e-14 -7.927777567614083936e-15 7.857840564724310716e-17 -5.823186192299773061e-15 2.143477800411455763e-14 3.818226777165597198e-14 3.538504184154295914e-14 3.275593159307221512e-14 7.696449021631518374e-14 3.375661332009368224e-14 2.084142820292187241e-14 3.148787001581221692e-14 2.562909161180492776e-14 7.515387732745888777e-15 -3.238119369493722544e-16 -2.378637778241023925e-15 -1.416130259260876923e-15 1.309015568449588680e-15 2.435692585104456890e-16 -5.986431151966357410e-16 2.551117400194292499e-16 -3.101470143380800534e-15 -1.491660433041994760e-15 1.967354139604316396e-15
7.624404816057772585e-14 1.053918446191560375e-14 -4.393164582752274701e-14 -1.118527462060849848e-14 -6.831505006460213643e-15 -5.045684779062053363e-15 9.698719321631144334e-15 2.187722827429061706e-14 1.519162905627652572e-14 1.199754096293331649e-14 3.375661332009368224e-14 2.874951417382860828e-14 1.613237039704606203e-14 1.439239819025882966e-14 8.722049588188997696e-15 5.586991544699337707e-15 -9.756904293079022335e-17 -2.331362819349829487e-15 -3.239804413101953628e-15 3.753414292518051506e-15 1.201916034139271439e-15 1.062174266691465108e-16 -1.253525505303819226e-15 -2.454337841567775019e-15 -2.029982535986433723e-15 8.779146010252579268e-16
6.173037920744433561e-14 9.745230162756472448e-15 -3.262697552375903337e-14 -9.111845688700041567e-15 -1.467846021773451124e-14 -5.976175718357483318e-16 4.207676004315638413e-15 1.329127499069416309e-14 1.485158383049539669e-14 1.345897542455947727e-14 2.084142820292187241e-14 1.613237039704606203e-14 1.937436474190248033e-14 1.001580763067037101e-14 4.791456354280132699e-15 3.665233753027181855e-15 -5.878664477475021252e-16 1.001278419002550526e-15 -2.765150816450672042e-15 2.454161165130037619e-15 8.772105310994986635e-16 3.399294737910879482e-16 1.626847679026937877e-16 -2.704103085297009126e-16 -4.903402264234082472e-16 3.583034416415511064e-16
1.530131132434705184e-14 4.306128536355412810e-15 -1.203219524416539485e-14 6.509539988061503370e-15 -6.832165116473200931e-15 -5.808271909698773920e-15 8.830689351763063935e-15 1.424835611763302775e-14 1.701906750366741783e-14 1.691689706628501159e-14 3.148787001581221692e-14 1.439239819025882966e-14 1.001580763067037101e-14 1.992066410577737016e-14 1.628196697383911026e-14 5.202397144166628418e-15 1.571787409859530024e-15 2.437919465797123057e-17 1.985299608349373348e-16 -2.597101471991024250e-16 -2.590567531685686752e-15 9.768489593844248933e-17 2.329391499709782785e-18 -9.742523804628284105e-16 -2.274232949225768560e-16 2.687324879338011950e-16
-3.506839596567500302e-14 -1.340087901669247141e-14 -3.451117079211686260e-14 7.190472853759538065e-15 -2.022977794320737898e-15 -2.102205202571875377e-14 3.913653652521423624e-15 1.666335345074400534e-14 2.332420195915024483e-14 1.975203639322409547e-14 2.562909161180492776e-14 8.722049588188997696e-15 4.791456354280132699e-15 1.628196697383911026e-14 2.494843474667729236e-14 5.768538005399715050e-15 2.702351133559469004e-15 -5.899244261672084771e-16 2.153186826406330703e-15 -4.790084861749248289e-17 -8.065702830438462673e-15 -3.535105687300365688e-15 -2.848584015284648921e-15 -1.414489528107167229e-15 -2.871009659842389680e-16 -2.868810394989537137e-16
1.527362023962219147e-14 8.764940923657516337e-15 -2.213111877232994013e-14 -2.697985138256550714e-15 -3.979178374001533625e-15 2.410285460773816533e-15 4.257194572822653206e-15 5.524935013431109794e-15 8.684107969084273881e-15 6.160265603146010634e-15 7.515387732745888777e-15 5.586991544699337707e-15 3.665233753027181855e-15 5.202397144166628418e-15 5.768538005399715050e-15 6.242237016777910239e-15 2.127687832355540304e-15 1.432385247014911343e-15 1.136620745095443277e-15 2.529215202200065797e-15 1.081717070842818289e-15 8.118566822218403954e-16 -4.629297811087587448e-16 -8.414690583043593759e-16 -1.265185275382588682e-15 -3.025603344164268024e-16
-1.023439450627948921e-14 -2.264850164854944732e-15 -4.235773454703623348e-15 -1.101189484838472739e-16 -3.778850045845207122e-15 -7.006407351176628515e-15 1.312217241918812995e-16 6.130177441707770873e-16 2.674078652519417519e-15 -3.256225051933227982e-17 -3.238119369493722544e-16 -9.756904293079022335e-17 -5.878664477475021252e-16 1.571787409859530024e-15 2.702351133559469004e-15 2.127687832355540304e-15 4.360309885844874041e-15 2.449788858847723620e-15 1.839150277548882029e-15 6.725413015088088360e-16 -8.915775050983758751e-17 -1.698335056734761194e-16 -5.272480441521806492e-17 -7.118190566645416678e-17 1.420095602680840934e-16 -2.791253365513859489e-16
9.616279830403076534e-15 7.890459688206625002e-15 -3.120396108297752838e-15 -1.038303092306949965e-14 1.179006192959333094e-15 2.813311447539877796e-15 7.479183056274210557e-16 -1.520404463241680317e-15 3.726732994678628290e-15 2.012884902883367060e-15 -2.378637778241023925e-15 -2.331362819349829487e-15 1.001278419002550526e-15 2.437919465797123057e-17 -5.899244261672084771e-16 1.432385247014911343e-15 2.449788858847723620e-15 6.674498353055072301e-15 3.803562199921757837e-15 3.264153906614148337e-15 1.748848108455317217e-15 8.699888993433309456e-16 9.888270568766072786e-16 7.273443381632485221e-16 2.270969594670307196e-16 3.647216623113478929e-16
-1.298236877086523980e-14 7.623511105436479597e-15 1.441008902453589460e-15 -1.759697136823244217e-15 6.882546639046445842e-15 -2.482555230690350346e-16 7.715815727323707333e-16 -1.405630382186226882e-15 4.221298314589896942e-15 3.156502188950379461e-15 -1.416130259260876923e-15 -3.239804413101953628e-15 -2.765150816450672042e-15 1.985299608349373348e-16 2.153186826406330703e-15 1.136620745095443277e-15 1.839150277548882029e-15 3.803562199921757837e-15 6.718096912277860132e-15 3.702745206232415839e-15 2.134783706795533874e-15 8.753842840922579091e-16 3.289907260857282606e-16 3.639698513439211906e-16 2.071353991376819345e-16 1.064424247319953312e-17
2.279277313665323475e-14 7.076259680289629089e-15 -2.232620466141956441e-14 -1.749865656476885041e-14 1.832593813788848608e-15 3.779000897464035348e-15 3.321098341314178539e-15 3.864520089204782369e-15 7.552284920793794862e-15 7.577145849589169159e-16 1.309015568449588680e-15 3.753414292518051506e-15 2.454161165130037619e-15 -2.597101471991024250e-16 -4.790084861749248289e-17 2.529215202200065797e-15 6.725413015088088360e-16 3.264153906614148337e-15 3.702745206232415839e-15 8.943069235100667850e-15 7.239054023430946219e-15 2.917624839929185715e-15 6.381480233047946008e-16 6.319074328192030160e-16 -6.076578499717614322e-16 1.734739216271839274e-16
2.844970039018507932e-14 2.206155860630751382e-14 8.309099926752896537e-16 -1.722145571923351235e-14 -9.475748855391237546e-16 1.746549972788132901e-14 2.485571747292732278e-15 -4.423351833000442755e-15 -5.428848496080309635e-15 -6.170731520577277870e-15 2.435692585104456890e-16 1.201916034139271439e-15 8.772105310994986635e-16 -2.590567531685686752e-15 -8.065702830438462673e-15 1.081717070842818289e-15 -8.915775050983758751e-17 1.748848108455317217e-15 2.134783706795533874e-15 7.239054023430946219e-15 1.738656096747070494e-14 7.805001069467646114e-15 4.023117204252484374e-15 1.672365853067918670e-15 -6.010097519451338989e-16 5.332717892430116972e-16
2.344070379481456657e-14 1.302562661691104712e-14 1.055141381249263097e-14 -2.515627631956032136e-15 -3.701664049732025078e-15 9.713864868779329600e-15 9.120588530928436462e-16 -4.132128359410948741e-15 -4.525894997389210949e-15 -4.555441125580624818e-15 -5.986431151966357410e-16 1.062174266691465108e-16 3.399294737910879482e-16 9.768489593844248933e-17 -3.535105687300365688e-15 8.118566822218403954e-16 -1.698335056734761194e-16 8.699888993433309456e-16 8.753842840922579091e-16 2.917624839929185715e-15 7.805001069467646114e-15 8.283051794913841437e-15 4.252937524443969509e-15 1.238534998542773260e-15 -8.501243764754406675e-16 -4.416048431358084128e-16
1.236392483232123176e-14 7.716386302600721186e-15 1.154539060158963078e-14 -3.076242463873849800e-15 -4.084410072094430858e-15 7.711559558861286680e-15 4.959377488991953298e-17 -3.701062166299984236e-15 -6.118378586684472138e-15 -2.532343532969123157e-15 2.551117400194292499e-16 -1.253525505303819226e-15 1.626847679026937877e-16 2.329391499709782785e-18 -2.848584015284648921e-15 -4.629297811087587448e-16 -5.272480441521806492e-17 9.888270568766072786e-16 3.289907260857282606e-16 6.381480233047946008e-16 4.023117204252484374e-15 4.252937524443969509e-15 6.662643508736221053e-15 3.028355311022838848e-15 2.569513339347650002e-16 2.145626405542615090e-16
-7.131048306679964584e-15 -1.392034360592115904e-15 2.872743747991062690e-15 2.548553089652625695e-15 -4.273143592056393927e-15 3.446490280788777748e-15 -2.642439476558101455e-16 -4.907999410499408301e-15 -4.352192374995410201e-15 -2.068966088484317846e-15 -3.101470143380800534e-15 -2.454337841567775019e-15 -2.704103085297009126e-16 -9.742523804628284105e-16 -1.414489528107167229e-15 -8.414690583043593759e-16 -7.118190566645416678e-17 7.273443381632485221e-16 3.639698513439211906e-16 6.319074328192030160e-16 1.672365853067918670e-15 1.238534998542773260e-15 3.028355311022838848e-15 4.456677909361916500e-15 2.626362591077831571e-15 7.716361669223935321e-16
-1.900149602811629319e-14 -6.562304212856603576e-15 1.077347092645794486e-15 8.511790736477684856e-15 -2.092163403454646670e-16 1.723889168407643089e-15 1.606948844603005179e-15 -3.654179165829581019e-15 -1.999080349263697811e-15 8.713760779188738871e-16 -1.491660433041994760e-15 -2.029982535986433723e-15 -4.903402264234082472e-16 -2.274232949225768560e-16 -2.871009659842389680e-16 -1.265185275382588682e-15 1.420095602680840934e-16 2.270969594670307196e-16 2.071353991376819345e-16 -6.076578499717614322e-16 -6.010097519451338989e-16 -8.501243764754406675e-16 2.569513339347650002e-16 2.626362591077831571e-15 5.035364601455170495e-15 2.376656535671098252e-15
-1.114813196228212294e-14 -9.248338929532766869e-16 -6.828985284437258008e-15 -4.687486727155381546e-15 5.089679412187090444e-15 3.927192775171451931e-15 1.930941344484979073e-15 1.073655078131470213e-15 6.590151461213945646e-16 6.588998686440497108e-16 1.967354139604316396e-15 8.779146010252579268e-16 3.583034416415511064e-16 2.687324879338011950e-16 -2.868810394989537137e-16 -3.025603344164268024e-16 -2.791253365513859489e-16 3.647216623113478929e-16 1.064424247319953312e-17 1.734739216271839274e-16 5.332717892430116972e-16 -4.416048431358084128e-16 2.145626405542615090e-16 7.716361669223935321e-16 2.376656535671098252e-15 4.467544562518947239e-15
