1.057013088851064752e-12 4.522734473205064407e-14 -1.746171180112629329e-13 9.571214632758229920e-14 6.602285688705482322e-14 -6.164896923869796034e-15 -1.937432290399431979e-14 7.419268551897569866e-14 4.661224358361307725e-14 5.595405719340030685e-14 2.978607489306877933e-14 -5.817257312375212259e-14 -3.150023922903515468e-14 -3.474945683258561016e-14 -4.269861698129904266e-14 -4.894056362156439989e-14 -1.113199055440987324e-14 -1.086906474613995044e-14 3.599723266819688574e-15 -1.567361196188145608e-14 1.550948060656363553e-14 -2.921350828175863167e-15 -7.007343174002595243e-15 5.750468811050763077e-16 4.167495442070681787e-15 -1.184455495844935648e-15
4.522734473205064407e-14 2.562255011407796432e-13 -2.851982301168795649e-13 -8.364209133226404149e-14 2.061379985677867450e-14 -8.854472996678315718e-15 1.022925796270412697e-13 2.466412176737680418e-14 2.351671346214288824e-15 -2.515143397641915547e-15 -2.627005855017816444e-15 -4.085871437215647401e-16 -1.023555563792780224e-14 7.313228542924305977e-15 -1.781851699756911765e-15 -1.417990438901113359e-14 -6.914203882185852621e-15 3.305069485214934201e-15 -7.517794610537463742e-15 1.947888288617937089e-15 2.658323755530690681e-15 -4.233009021623270548e-15 -7.053299443451443512e-16 1.107711702004908206e-16 9.202215759981955047e-16 -7.994333357903049612e-16
-1.746171180112629329e-13 -2.851982301168795649e-13 7.574566259932514145e-13 1.340372499496824935e-13 2.089262553279078681e-14 2.380878569800993357e-14 -1.902274490266915561e-13 -3.501833024196751648e-14 -1.245284618549249168e-14 -2.591568703333339507e-14 1.906483312631652961e-14 3.462264337935187411e-14 1.420523177632489619e-14 -2.017192953932870193e-14 -5.947777979938432713e-15 5.951043976285278290e-15 1.992212083471723353e-16 -7.884394754081591413e-16 8.609928122494951888e-15 -2.166017200644554573e-14 -3.354823305994115559e-15 1.518288532503074914e-15 -6.526339141397827819e-16 2.006807462261020138e-15 -3.719692245778409181e-15 6.613053725464191557e-15
9.571214632758229920e-14 -8.364209133226404149e-14 1.340372499496824935e-13 2.824608296024882234e-13 2.375413979034430062e-14 -8.989110167244062967e-15 3.528184195152870541e-14 4.660526069074834757e-14 -8.024124565913568654e-15 3.138775478808535373e-14 2.079595955085236468e-15 -1.152222319248858628e-14 8.826697993500819547e-15 -1.261541565982044834e-14 -1.771558000940665494e-14 -1.745457417250716344e-16 -4.935943578984638631e-15 -1.947105783826877227e-15 6.765783876273666573e-15 3.775161027202981845e-15 6.980292940382132837e-15 -9.478036213569006687e-15 3.171833991689996125e-16 -4.682714029166523472e-15 2.000018664787096647e-15 -1.324768485510316590e-15
6.602285688705482322e-14 2.061379985677867450e-14 2.089262553279078681e-14 2.375413979034430062e-14 1.068424591218279749e-13 -8.910796342416369530e-15 -1.104021031460937612e-15 2.940132114293900391e-14 1.727002668494594027e-14 4.076013434326460220e-15 4.718452093310822795e-16 -6.060468493552725927e-16 -4.537222568082793799e-15 1.604053388432639171e-15 -1.197918424668330844e-14 1.963718428927469224e-15 -5.082248844641099360e-15 -1.106737740153740635e-15 1.002902260737281012e-15 -3.292297231736113621e-15 2.280880907794508531e-15 1.577547142329447965e-15 -1.057421839831605064e-16 -2.505865086931480103e-15 -3.828900751251560385e-15 1.588562994750709477e-15
-6.164896923869796034e-15 -8.854472996678315718e-15 2.380878569800993357e-14 -8.989110167244062967e-15 -8.910796342416369530e-15 6.731590331950160058e-14 8.342759723547017563e-15 -1.172025063415960377e-14 -4.340052660894120492e-15 -6.783707666290542094e-15 6.495707636350607599e-15 1.647445595910109795e-15 1.238906102055772665e-15 -8.704681571821154413e-16 -4.612382211932437667e-15 -4.201477685556581019e-15 3.541574857390117979e-15 3.111745758542188698e-16 -2.410462368225542682e-15 -2.770267799728459039e-15 -6.815257554682108656e-16 -1.689705377822347540e-15 1.210816184863749835e-15 9.725126146438644276e-16 -1.325393546745038597e-15 -1.731699182866624551e-15
-1.937432290399431979e-14 1.022925796270412697e-13 -1.902274490266915561e-13 3.528184195152870541e-14 -1.104021031460937612e-15 8.342759723547017563e-15 1.451503446563190265e-13 4.404090730378314820e-14 6.945975166653417152e-15 1.884575561738269242e-14 4.253242822775054843e-15 -5.184424143719938271e-15 8.254965266848646400e-16 7.431785289525113696e-15 3.520486932029067295e-15 -1.487338826732912878e-16 -3.342939362770255226e-16 -4.014263936041334217e-15 -6.994432552391321272e-15 5.593780699389106729e-15 5.508095450162206109e-15 -6.559518141380949215e-15 6.593025209402646362e-16 -4.393495540406302133e-15 1.294369394891124650e-15 -3.820757593951897140e-15
7.419268551897569866e-14 2.466412176737680418e-14 -3.501833024196751648e-14 4.660526069074834757e-14 2.940132114293900391e-14 -1.172025063415960377e-14 4.404090730378314820e-14 5.598375781971922268e-14 1.607924580239320468e-14 -2.432111804691872570e-15 3.224887754579985840e-15 -8.053270400989800278e-15 2.161051694608854337e-15 1.512569899996050037e-15 -5.043727178227476218e-15 -9.568113367140289061e-16 -3.518204918205517117e-15 1.302099258631334743e-15 2.072413807935897113e-15 -4.058404336567292917e-15 4.298765535746445680e-15 4.563137539828321266e-16 1.449784789148415569e-15 -6.090471118004620454e-16 -8.132142087631632154e-16 -2.295431820644566389e-15
4.661224358361307725e-14 2.351671346214288824e-15 -1.245284618549249168e-14 -8.024124565913568654e-15 1.727002668494594027e-14 -4.340052660894120492e-15 6.945975166653417152e-15 1.607924580239320468e-14 3.028131072449287412e-14 2.215863570866515019e-15 4.179050037017103559e-16 -7.683902689411512516e-15 3.540871691804450669e-15 6.256042936718012096e-15 -1.581473471791728538e-15 -4.406275542056170186e-15 1.439461997385540582e-15 2.407039640186254622e-15 3.795366369405209768e-15 -2.957387713280239975e-15 4.393030354125240178e-16 2.320859769440900800e-15 -2.823530495250422967e-15 -1.490761489473360841e-17 5.597098066879609932e-16 -1.531676204627808537e-16
5.595405719340030685e-14 -2.515143397641915547e-15 -2.591568703333339507e-14 3.138775478808535373e-14 4.076013434326460220e-15 -6.783707666290542094e-15 1.884575561738269242e-14 -2.432111804691872570e-15 2.215863570866515019e-15 3.448156298304407028e-14 4.299054526621529117e-15 3.412666299303927252e-16 -3.737123441582496434e-15 -1.638964795252340271e-15 -9.728345627960897111e-16 -1.818213195509504978e-15 -2.568145073711285793e-16 -5.316351619045378318e-15 -2.337956329931590476e-15 4.763945878266624481e-15 1.470685588141636235e-15 -3.781348979253765971e-15 -2.765784489214058007e-15 -3.536091925682552713e-15 1.990706655141932021e-15 6.890569257680697467e-16
2.978607489306877933e-14 -2.627005855017816444e-15 1.906483312631652961e-14 2.079595955085236468e-15 4.718452093310822795e-16 6.495707636350607599e-15 4.253242822775054843e-15 3.224887754579985840e-15 4.179050037017103559e-16 4.299054526621529117e-15 1.364704909155853683e-14 3.911073606960108733e-15 -3.114418405160771550e-15 -4.981052550289054301e-16 5.855325122423610971e-16 -3.878304848082039172e-15 -1.291832862836536549e-15 -3.003545891471340383e-15 -2.875008730651398720e-15 -4.561221874976488049e-15 2.195971711130032748e-15 -1.353814026455372312e-15 -2.920176951524324121e-16 -6.179483546978469594e-16 -4.177746142484055641e-16 -4.082908189280660959e-16
-5.817257312375212259e-14 -4.085871437215647401e-16 3.462264337935187411e-14 -1.152222319248858628e-14 -6.060468493552725927e-16 1.647445595910109795e-15 -5.184424143719938271e-15 -8.053270400989800278e-15 -7.683902689411512516e-15 3.412666299303927252e-16 3.911073606960108733e-15 1.588459624246853518e-14 -7.448552847774136258e-16 -2.967557157745325254e-15 1.363219665143442674e-15 -2.025677727161305457e-16 -1.574929740194285971e-15 -1.743983313680719657e-15 -3.119577561966856388e-15 -7.783655646129325526e-16 9.045182721180975153e-16 -3.081885486906271724e-16 7.776666426052170705e-16 -3.095105748626550954e-16 -9.606809550078715386e-16 6.325595793790097254e-16
-3.150023922903515468e-14 -1.023555563792780224e-14 1.420523177632489619e-14 8.826697993500819547e-15 -4.537222568082793799e-15 1.238906102055772665e-15 8.254965266848646400e-16 2.161051694608854337e-15 3.540871691804450669e-15 -3.737123441582496434e-15 -3.114418405160771550e-15 -7.448552847774136258e-16 6.412952805139371700e-15 4.858134448772967790e-15 1.492850970383397457e-15 1.714061332937631677e-15 9.905290757111059561e-16 1.737584301496327280e-15 2.051236630048723593e-15 9.585716371383242504e-16 -6.261068320876849957e-16 3.988240682758355765e-16 -4.096571525780778578e-16 5.338257119126586634e-16 3.669410422511472823e-16 -1.431537082476628338e-16
-3.474945683258561016e-14 7.313228542924305977e-15 -2.017192953932870193e-14 -1.261541565982044834e-14 1.604053388432639171e-15 -8.704681571821154413e-16 7.431785289525113696e-15 1.512569899996050037e-15 6.256042936718012096e-15 -1.638964795252340271e-15 -4.981052550289054301e-16 -2.967557157745325254e-15 4.858134448772967790e-15 1.658970464275003036e-14 5.927843339539350877e-15 9.213284856643169517e-17 3.793096460186919893e-16 4.452523568914680205e-16 1.295596355686993971e-15 4.295057471746088574e-16 -1.729764746096767972e-15 -4.209160565421232438e-17 -1.723610467628146640e-15 4.565931627235046201e-16 3.943720343281361553e-16 -2.242893671128359498e-16
-4.269861698129904266e-14 -1.781851699756911765e-15 -5.947777979938432713e-15 -1.771558000940665494e-14 -1.197918424668330844e-14 -4.612382211932437667e-15 3.520486932029067295e-15 -5.043727178227476218e-15 -1.581473471791728538e-15 -9.728345627960897111e-16 5.855325122423610971e-16 1.363219665143442674e-15 1.492850970383397457e-15 5.927843339539350877e-15 1.066345648771054398e-14 3.132252922585722982e-15 -1.269655156556700631e-16 -5.583532790644177625e-16 -1.767777910444261104e-15 9.363337517340283736e-16 -1.665281841211829365e-15 -6.958668333010397180e-16 -7.499545129222973234e-16 -1.269844502568052683e-16 3.719925986080897227e-16 -8.793616574073378857e-17
-4.894056362156439989e-14 -1.417990438901113359e-14 5.951043976285278290e-15 -1.745457417250716344e-16 1.963718428927469224e-15 -4.201477685556581019e-15 -1.487338826732912878e-16 -9.568113367140289061e-16 -4.406275542056170186e-15 -1.818213195509504978e-15 -3.878304848082039172e-15 -2.025677727161305457e-16 1.714061332937631677e-15 9.213284856643169517e-17 3.132252922585722982e-15 1.658988131151750279e-14 3.620983160412493143e-15 -3.048963768214076457e-16 -1.171089640812980455e-16 2.055779997236338279e-15 -1.173604744258804154e-15 1.899874287014999897e-15 1.645067301566890572e-15 -3.850637598566309920e-16 -2.477514263667912240e-16 -8.528552412709691673e-17
-1.113199055440987324e-14 -6.914203882185852621e-15 1.992212083471723353e-16 -4.935943578984638631e-15 -5.082248844641099360e-15 3.541574857390117979e-15 -3.342939362770255226e-16 -3.518204918205517117e-15 1.439461997385540582e-15 -2.568145073711285793e-16 -1.291832862836536549e-15 -1.574929740194285971e-15 9.905290757111059561e-16 3.793096460186919893e-16 -1.269655156556700631e-16 3.620983160412493143e-15 4.732346230584394826e-15 1.066650306076729297e-15 1.711053503822542097e-15 5.999681566277947580e-16 -6.703711238169369972e-16 1.141357399323199495e-15 3.057815820422451897e-16 1.430085462575458698e-16 2.778386419375716507e-16 -6.844761179847874832e-17
-1.086906474613995044e-14 3.305069485214934201e-15 -7.884394754081591413e-16 -1.947105783826877227e-15 -1.106737740153740635e-15 3.111745758542188698e-16 -4.014263936041334217e-15 1.302099258631334743e-15 2.407039640186254622e-15 -5.316351619045378318e-15 -3.003545891471340383e-15 -1.743983313680719657e-15 1.737584301496327280e-15 4.452523568914680205e-16 -5.583532790644177625e-16 -3.048963768214076457e-16 1.066650306076729297e-15 5.752944100276799468e-15 3.004321629445884751e-15 1.052827421008228788e-16 -4.072442705649104997e-16 7.173079464221655294e-16 1.819050721767449972e-16 8.198706201063715184e-16 1.642553375146712914e-16 1.336169331929971721e-16
3.599723266819688574e-15 -7.517794610537463742e-15 8.609928122494951888e-15 6.765783876273666573e-15 1.002902260737281012e-15 -2.410462368225542682e-15 -6.994432552391321272e-15 2.072413807935897113e-15 3.795366369405209768e-15 -2.337956329931590476e-15 -2.875008730651398720e-15 -3.119577561966856388e-15 2.051236630048723593e-15 1.295596355686993971e-15 -1.767777910444261104e-15 -1.171089640812980455e-16 1.711053503822542097e-15 3.004321629445884751e-15 5.158671153611774861e-15 3.367769631047718080e-16 4.901438036038486457e-16 1.734304368618418200e-15 -4.040255117326490260e-17 7.384384266172450357e-16 2.692162946620118952e-16 7.341969212590013130e-17
-1.567361196188145608e-14 1.947888288617937089e-15 -2.166017200644554573e-14 3.775161027202981845e-15 -3.292297231736113621e-15 -2.770267799728459039e-15 5.593780699389106729e-15 -4.058404336567292917e-15 -2.957387713280239975e-15 4.763945878266624481e-15 -4.561221874976488049e-15 -7.783655646129325526e-16 9.585716371383242504e-16 4.295057471746088574e-16 9.363337517340283736e-16 2.055779997236338279e-15 5.999681566277947580e-16 1.052827421008228788e-16 3.367769631047718080e-16 6.910803558231603756e-15 8.639835599231791861e-16 -1.165311259080779403e-16 2.337198637706594393e-17 -2.632329437349374921e-16 5.993977905903492264e-16 2.921675400033848757e-16
1.550948060656363553e-14 2.658323755530690681e-15 -3.354823305994115559e-15 6.980292940382132837e-15 2.280880907794508531e-15 -6.815257554682108656e-16 5.508095450162206109e-15 4.298765535746445680e-15 4.393030354125240178e-16 1.470685588141636235e-15 2.195971711130032748e-15 9.045182721180975153e-16 -6.261068320876849957e-16 -1.729764746096767972e-15 -1.665281841211829365e-15 -1.173604744258804154e-15 -6.703711238169369972e-16 -4.072442705649104997e-16 4.901438036038486457e-16 8.639835599231791861e-16 4.906113263839090761e-15 1.698008269247195433e-15 8.774101811695940305e-16 1.881097535838952871e-16 6.273895351811770279e-17 -9.319385699630352346e-17
-2.921350828175863167e-15 -4.233009021623270548e-15 1.518288532503074914e-15 -9.478036213569006687e-15 1.577547142329447965e-15 -1.689705377822347540e-15 -6.559518141380949215e-15 4.563137539828321266e-16 2.320859769440900800e-15 -3.781348979253765971e-15 -1.353814026455372312e-15 -3.081885486906271724e-16 3.988240682758355765e-16 -4.209160565421232438e-17 -6.958668333010397180e-16 1.899874287014999897e-15 1.141357399323199495e-15 7.173079464221655294e-16 1.734304368618418200e-15 -1.165311259080779403e-16 1.698008269247195433e-15 4.828176312352790438e-15 1.618530406911677416e-15 1.145606968081498015e-15 -1.097878617230177332e-16 1.894359113246631448e-16
-7.007343174002595243e-15 -7.053299443451443512e-16 -6.526339141397827819e-16 3.171833991689996125e-16 -1.057421839831605064e-16 1.210816184863749835e-15 6.593025209402646362e-16 1.449784789148415569e-15 -2.823530495250422967e-15 -2.765784489214058007e-15 -2.920176951524324121e-16 7.776666426052170705e-16 -4.096571525780778578e-16 -1.723610467628146640e-15 -7.499545129222973234e-16 1.645067301566890572e-15 3.057815820422451897e-16 1.819050721767449972e-16 -4.040255117326490260e-17 2.337198637706594393e-17 8.774101811695940305e-16 1.618530406911677416e-15 3.745397706598106862e-15 1.204837511436512873e-15 -9.604329193398882702e-17 -5.595518014122523803e-17
5.750468811050763077e-16 1.107711702004908206e-16 2.006807462261020138e-15 -4.682714029166523472e-15 -2.505865086931480103e-15 9.725126146438644276e-16 -4.393495540406302133e-15 -6.090471118004620454e-16 -1.490761489473360841e-17 -3.536091925682552713e-15 -6.179483546978469594e-16 -3.095105748626550954e-16 5.338257119126586634e-16 4.565931627235046201e-16 -1.269844502568052683e-16 -3.850637598566309920e-16 1.430085462575458698e-16 8.198706201063715184e-16 7.384384266172450357e-16 -2.632329437349374921e-16 1.881097535838952871e-16 1.145606968081498015e-15 1.204837511436512873e-15 2.501557284575843752e-15 8.561772132016730888e-16 1.347748904664578916e-16
4.167495442070681787e-15 9.202215759981955047e-16 -3.719692245778409181e-15 2.000018664787096647e-15 -3.828900751251560385e-15 -1.325393546745038597e-15 1.294369394891124650e-15 -8.132142087631632154e-16 5.597098066879609932e-16 1.990706655141932021e-15 -4.177746142484055641e-16 -9.606809550078715386e-16 3.669410422511472823e-16 3.943720343281361553e-16 3.719925986080897227e-16 -2.477514263667912240e-16 2.778386419375716507e-16 1.642553375146712914e-16 2.692162946620118952e-16 5.993977905903492264e-16 6.273895351811770279e-17 -1.097878617230177332e-16 -9.604329193398882702e-17 8.561772132016730888e-16 2.272601658830572465e-15 6.586820296537508203e-16
-1.184455495844935648e-15 -7.994333357903049612e-16 6.613053725464191557e-15 -1.324768485510316590e-15 1.588562994750709477e-15 -1.731699182866624551e-15 -3.820757593951897140e-15 -2.295431820644566389e-15 -1.531676204627808537e-16 6.890569257680697467e-16 -4.082908189280660959e-16 6.325595793790097254e-16 -1.431537082476628338e-16 -2.242893671128359498e-16 -8.793616574073378857e-17 -8.528552412709691673e-17 -6.844761179847874832e-17 1.336169331929971721e-16 7.341969212590013130e-17 2.921675400033848757e-16 -9.319385699630352346e-17 1.894359113246631448e-16 -5.595518014122523803e-17 1.347748904664578916e-16 6.586820296537508203e-16 1.516703218675786516e-15
