1.049454581170886471e-12 1.230903471517924669e-13 6.473978763563081263e-14 -9.042317246828655583e-14 -6.310145596441242127e-14 1.083114269701655550e-13 3.840513229278021218e-14 2.737891422371550236e-14 -3.654069563883080945e-15 4.963823300087340139e-14 5.586178453067793472e-14 7.624404816057802877e-14 6.173037920744518127e-14 1.530131132434717175e-14 -3.506839596567471271e-14 1.527362023962158247e-14 -1.023439450627953654e-14 9.616279830402772033e-15 -1.298236877086523033e-14 2.279277313665327893e-14 2.844970039018535700e-14 2.344070379481435516e-14 1.236392483232196067e-14 -7.131048306679794190e-15 -1.900149602811659611e-14 -1.114813196228227282e-14
1.230903471517924669e-13 2.635719562920391172e-13 8.098767364818902915e-15 -7.776313815069385643e-14 -3.119307990612943112e-15 6.325376728195111062e-14 -7.317020249555700007e-15 -5.968405971024329005e-15 1.325596848968848218e-14 1.125044196475236186e-14 1.917848568585159798e-14 1.053918446191560848e-14 9.745230162756401450e-15 4.306128536355531928e-15 -1.340087901669260236e-14 8.764940923657429562e-15 -2.264850164855030718e-15 7.890459688206525606e-15 7.623511105436394400e-15 7.076259680289597534e-15 2.206155860630749805e-14 1.302562661691112285e-14 7.716386302601077752e-15 -1.392034360592100718e-15 -6.562304212856348774e-15 -9.248338929531441583e-16
6.473978763563081263e-14 8.098767364818902915e-15 3.747536728642544890e-13 1.017028257081556266e-13 -8.442636988301214872e-15 4.473522687783934938e-14 -1.749396269651166604e-14 -6.439813966072478578e-14 -8.295380217064122825e-14 -3.553362232988583971e-14 -4.459340756407908085e-14 -4.393164582752275964e-14 -3.262697552375911541e-14 -1.203219524416525443e-14 -3.451117079211703299e-14 -2.213111877232980129e-14 -4.235773454703647803e-15 -3.120396108297662908e-15 1.441008902453603659e-15 -2.232620466141926780e-14 8.309099926752624380e-16 1.055141381249253473e-14 1.154539060158968127e-14 2.872743747990750301e-15 1.077347092645639869e-15 -6.828985284437813366e-15
-9.042317246828655583e-14 -7.776313815069385643e-14 1.017028257081556266e-13 2.302798905680309562e-13 -3.368717545905776569e-14 1.049489452592949864e-14 9.104949695844871434e-15 -5.020312008795278127e-14 -4.539397234953139994e-14 1.744654709583177336e-14 -7.927777567613645330e-15 -1.118527462060845115e-14 -9.111845688700260870e-15 6.509539988061378730e-15 7.190472853759626418e-15 -2.697985138256273035e-15 -1.101189484836071027e-16 -1.038303092306942707e-14 -1.759697136823074020e-15 -1.749865656476867055e-14 -1.722145571923342715e-14 -2.515627631956087357e-15 -3.076242463874051354e-15 2.548553089652200499e-15 8.511790736477475019e-15 -4.687486727155850129e-15
-6.310145596441242127e-14 -3.119307990612943112e-15 -8.442636988301214872e-15 -3.368717545905776569e-14 1.058269243893426788e-13 1.966522418470231675e-15 1.759580025111973957e-15 1.211535013309176432e-14 1.171261151530311561e-14 2.930834666823700756e-15 7.857840564688182119e-17 -6.831505006459981718e-15 -1.467846021773463114e-14 -6.832165116472980050e-15 -2.022977794320629430e-15 -3.979178374001531259e-15 -3.778850045845110881e-15 1.179006192959338616e-15 6.882546639046376422e-15 1.832593813788814687e-15 -9.475748855393203782e-16 -3.701664049731961969e-15 -4.084410072094383526e-15 -4.273143592056392349e-15 -2.092163403454027167e-16 5.089679412187256894e-15
1.083114269701655550e-13 6.325376728195111062e-14 4.473522687783934938e-14 1.049489452592949864e-14 1.966522418470231675e-15 1.136530733747426894e-13 2.132318825282705621e-14 -2.388880208715226498e-14 -2.293048520670982137e-14 8.099682222144311985e-15 -5.823186192299444895e-15 -5.045684779062094384e-15 -5.976175718359742418e-16 -5.808271909698903293e-15 -2.102205202571870644e-14 2.410285460773618529e-15 -7.006407351176550418e-15 2.813311447539933016e-15 -2.482555230690037267e-16 3.779000897463994327e-15 1.746549972788143314e-14 9.713864868779372198e-15 7.711559558861599069e-15 3.446490280788780904e-15 1.723889168407584516e-15 3.927192775171380934e-15
3.840513229278021218e-14 -7.317020249555700007e-15 -1.749396269651166604e-14 9.104949695844871434e-15 1.759580025111973957e-15 2.132318825282705621e-14 3.590274960670841078e-14 2.076398224841082611e-14 1.849587503369833731e-14 1.563873225620455471e-14 2.143477800411493313e-14 9.698719321631158534e-15 4.207676004315553216e-15 8.830689351763045002e-15 3.913653652521542742e-15 4.257194572822615341e-15 1.312217241918879062e-16 7.479183056274173086e-16 7.715815727324051473e-16 3.321098341314106752e-15 2.485571747292755155e-15 9.120588530927976951e-16 4.959377488996690162e-17 -2.642439476558883414e-16 1.606948844602932604e-15 1.930941344485032321e-15
2.737891422371550236e-14 -5.968405971024329005e-15 -6.439813966072478578e-14 -5.020312008795278127e-14 1.211535013309176432e-14 -2.388880208715226498e-14 2.076398224841082611e-14 6.254948314355830297e-14 4.932408668886533972e-14 1.913767820551327247e-14 3.818226777165585208e-14 2.187722827429056026e-14 1.329127499069422620e-14 1.424835611763310033e-14 1.666335345074398010e-14 5.524935013431028541e-15 6.130177441706947499e-16 -1.520404463241697870e-15 -1.405630382186309713e-15 3.864520089204725571e-15 -4.423351833000467998e-15 -4.132128359410986606e-15 -3.701062166299900617e-15 -4.907999410499324681e-15 -3.654179165829463478e-15 1.073655078131689319e-15
-3.654069563883080945e-15 1.325596848968848218e-14 -8.295380217064122825e-14 -4.539397234953139994e-14 1.171261151530311561e-14 -2.293048520670982137e-14 1.849587503369833731e-14 4.932408668886533972e-14 7.124623681661142433e-14 2.987896049151513416e-14 3.538504184154368489e-14 1.519162905627661407e-14 1.485158383049571855e-14 1.701906750366764186e-14 2.332420195915038367e-14 8.684107969084464785e-15 2.674078652519301162e-15 3.726732994678519427e-15 4.221298314589758891e-15 7.552284920793652867e-15 -5.428848496080416131e-15 -4.525894997389139952e-15 -6.118378586684397197e-15 -4.352192374995342359e-15 -1.999080349263519923e-15 6.590151461215017511e-16
4.963823300087340139e-14 1.125044196475236186e-14 -3.553362232988583971e-14 1.744654709583177336e-14 2.930834666823700756e-15 8.099682222144311985e-15 1.563873225620455471e-14 1.913767820551327247e-14 2.987896049151513416e-14 5.905607106170358634e-14 3.275593159307254959e-14 1.199754096293353106e-14 1.345897542455966186e-14 1.691689706628515358e-14 1.975203639322419644e-14 6.160265603146305668e-15 -3.256225051933254483e-17 2.012884902883286202e-15 3.156502188950297420e-15 7.577145849589285516e-16 -6.170731520577271559e-15 -4.555441125580454424e-15 -2.532343532969061626e-15 -2.068966088484325340e-15 8.713760779189139218e-16 6.588998686440214104e-16
5.586178453067793472e-14 1.917848568585159798e-14 -4.459340756407908085e-14 -7.927777567613645330e-15 7.857840564688182119e-17 -5.823186192299444895e-15 2.143477800411493313e-14 3.818226777165585208e-14 3.538504184154368489e-14 3.275593159307254959e-14 7.696449021631538569e-14 3.375661332009359389e-14 2.084142820292199863e-14 3.148787001581243781e-14 2.562909161180515180e-14 7.515387732746048127e-15 -3.238119369494678545e-16 -2.378637778241139099e-15 -1.416130259260859963e-15 1.309015568449601302e-15 2.435692585103895319e-16 -5.986431151966401784e-16 2.551117400195575877e-16 -3.101470143380888886e-15 -1.491660433041867359e-15 1.967354139604533727e-15
7.624404816057802877e-14 1.053918446191560848e-14 -4.393164582752275964e-14 -1.118527462060845115e-14 -6.831505006459981718e-15 -5.045684779062094384e-15 9.698719321631158534e-15 2.187722827429056026e-14 1.519162905627661407e-14 1.199754096293353106e-14 3.375661332009359389e-14 2.874951417382881023e-14 1.613237039704616616e-14 1.439239819025886753e-14 8.722049588189035561e-15 5.586991544699269076e-15 -9.756904293085085470e-17 -2.331362819349924939e-15 -3.239804413101953234e-15 3.753414292518008119e-15 1.201916034139273805e-15 1.062174266690905756e-16 -1.253525505303762822e-15 -2.454337841567850355e-15 -2.029982535986429779e-15 8.779146010254775259e-16
6.173037920744518127e-14 9.745230162756401450e-15 -3.262697552375911541e-14 -9.111845688700260870e-15 -1.467846021773463114e-14 -5.976175718359742418e-16 4.207676004315553216e-15 1.329127499069422620e-14 1.485158383049571855e-14 1.345897542455966186e-14 2.084142820292199863e-14 1.613237039704616616e-14 1.937436474190266650e-14 1.001580763067046726e-14 4.791456354280212374e-15 3.665233753027218931e-15 -5.878664477475372295e-16 1.001278419002506152e-15 -2.765150816450699257e-15 2.454161165130015531e-15 8.772105310994724339e-16 3.399294737910987457e-16 1.626847679027361889e-16 -2.704103085297619014e-16 -4.903402264233788621e-16 3.583034416416531160e-16
1.530131132434717175e-14 4.306128536355531928e-15 -1.203219524416525443e-14 6.509539988061378730e-15 -6.832165116472980050e-15 -5.808271909698903293e-15 8.830689351763045002e-15 1.424835611763310033e-14 1.701906750366764186e-14 1.691689706628515358e-14 3.148787001581243781e-14 1.439239819025886753e-14 1.001580763067046726e-14 1.992066410577743327e-14 1.628196697383911972e-14 5.202397144166662339e-15 1.571787409859482100e-15 2.437919465791226938e-17 1.985299608349463327e-16 -2.597101471991328948e-16 -2.590567531685792459e-15 9.768489593842764888e-17 2.329391499684921726e-18 -9.742523804628812642e-16 -2.274232949225347998e-16 2.687324879338193388e-16
-3.506839596567471271e-14 -1.340087901669260236e-14 -3.451117079211703299e-14 7.190472853759626418e-15 -2.022977794320629430e-15 -2.102205202571870644e-14 3.913653652521542742e-15 1.666335345074398010e-14 2.332420195915038367e-14 1.975203639322419644e-14 2.562909161180515180e-14 8.722049588189035561e-15 4.791456354280212374e-15 1.628196697383911972e-14 2.494843474667730498e-14 5.768538005399823913e-15 2.702351133559427588e-15 -5.899244261672814467e-16 2.153186826406335830e-15 -4.790084861747930028e-17 -8.065702830438554181e-15 -3.535105687300371210e-15 -2.848584015284724651e-15 -1.414489528107142971e-15 -2.871009659841816277e-16 -2.868810394989777740e-16
1.527362023962158247e-14 8.764940923657429562e-15 -2.213111877232980129e-14 -2.697985138256273035e-15 -3.979178374001531259e-15 2.410285460773618529e-15 4.257194572822615341e-15 5.524935013431028541e-15 8.684107969084464785e-15 6.160265603146305668e-15 7.515387732746048127e-15 5.586991544699269076e-15 3.665233753027218931e-15 5.202397144166662339e-15 5.768538005399823913e-15 6.242237016777887362e-15 2.127687832355568308e-15 1.432385247014901679e-15 1.136620745095484692e-15 2.529215202200024777e-15 1.081717070842732698e-15 8.118566822218112075e-16 -4.629297811087672251e-16 -8.414690583043589814e-16 -1.265185275382547464e-15 -3.025603344164321765e-16
-1.023439450627953654e-14 -2.264850164855030718e-15 -4.235773454703647803e-15 -1.101189484836071027e-16 -3.778850045845110881e-15 -7.006407351176550418e-15 1.312217241918879062e-16 6.130177441706947499e-16 2.674078652519301162e-15 -3.256225051933254483e-17 -3.238119369494678545e-16 -9.756904293085085470e-17 -5.878664477475372295e-16 1.571787409859482100e-15 2.702351133559427588e-15 2.127687832355568308e-15 4.360309885844864574e-15 2.449788858847720859e-15 1.839150277548905694e-15 6.725413015088199787e-16 -8.915775050979945102e-17 -1.698335056734795954e-16 -5.272480441526698046e-17 -7.118190566644150803e-17 1.420095602680742326e-16 -2.791253365513929008e-16
9.616279830402772033e-15 7.890459688206525606e-15 -3.120396108297662908e-15 -1.038303092306942707e-14 1.179006192959338616e-15 2.813311447539933016e-15 7.479183056274173086e-16 -1.520404463241697870e-15 3.726732994678519427e-15 2.012884902883286202e-15 -2.378637778241139099e-15 -2.331362819349924939e-15 1.001278419002506152e-15 2.437919465791226938e-17 -5.899244261672814467e-16 1.432385247014901679e-15 2.449788858847720859e-15 6.674498353055077823e-15 3.803562199921775192e-15 3.264153906614123882e-15 1.748848108455292170e-15 8.699888993433621056e-16 9.888270568765782879e-16 7.273443381632716949e-16 2.270969594670760791e-16 3.647216623113135282e-16
-1.298236877086523033e-14 7.623511105436394400e-15 1.441008902453603659e-15 -1.759697136823074020e-15 6.882546639046376422e-15 -2.482555230690037267e-16 7.715815727324051473e-16 -1.405630382186309713e-15 4.221298314589758891e-15 3.156502188950297420e-15 -1.416130259260859963e-15 -3.239804413101953234e-15 -2.765150816450699257e-15 1.985299608349463327e-16 2.153186826406335830e-15 1.136620745095484692e-15 1.839150277548905694e-15 3.803562199921775192e-15 6.718096912277837255e-15 3.702745206232416628e-15 2.134783706795487331e-15 8.753842840923021839e-16 3.289907260857331417e-16 3.639698513439421448e-16 2.071353991377338021e-16 1.064424247315250037e-17
2.279277313665327893e-14 7.076259680289597534e-15 -2.232620466141926780e-14 -1.749865656476867055e-14 1.832593813788814687e-15 3.779000897463994327e-15 3.321098341314106752e-15 3.864520089204725571e-15 7.552284920793652867e-15 7.577145849589285516e-16 1.309015568449601302e-15 3.753414292518008119e-15 2.454161165130015531e-15 -2.597101471991328948e-16 -4.790084861747930028e-17 2.529215202200024777e-15 6.725413015088199787e-16 3.264153906614123882e-15 3.702745206232416628e-15 8.943069235100581076e-15 7.239054023430920975e-15 2.917624839929224369e-15 6.381480233048692468e-16 6.319074328192722386e-16 -6.076578499717303708e-16 1.734739216271997786e-16
2.844970039018535700e-14 2.206155860630749805e-14 8.309099926752624380e-16 -1.722145571923342715e-14 -9.475748855393203782e-16 1.746549972788143314e-14 2.485571747292755155e-15 -4.423351833000467998e-15 -5.428848496080416131e-15 -6.170731520577271559e-15 2.435692585103895319e-16 1.201916034139273805e-15 8.772105310994724339e-16 -2.590567531685792459e-15 -8.065702830438554181e-15 1.081717070842732698e-15 -8.915775050979945102e-17 1.748848108455292170e-15 2.134783706795487331e-15 7.239054023430920975e-15 1.738656096747083747e-14 7.805001069467649270e-15 4.023117204252584559e-15 1.672365853067944702e-15 -6.010097519451120080e-16 5.332717892431173059e-16
2.344070379481435516e-14 1.302562661691112285e-14 1.055141381249253473e-14 -2.515627631956087357e-15 -3.701664049731961969e-15 9.713864868779372198e-15 9.120588530927976951e-16 -4.132128359410986606e-15 -4.525894997389139952e-15 -4.555441125580454424e-15 -5.986431151966401784e-16 1.062174266690905756e-16 3.399294737910987457e-16 9.768489593842764888e-17 -3.535105687300371210e-15 8.118566822218112075e-16 -1.698335056734795954e-16 8.699888993433621056e-16 8.753842840923021839e-16 2.917624839929224369e-15 7.805001069467649270e-15 8.283051794913861948e-15 4.252937524444051550e-15 1.238534998542783712e-15 -8.501243764754371176e-16 -4.416048431357670469e-16
1.236392483232196067e-14 7.716386302601077752e-15 1.154539060158968127e-14 -3.076242463874051354e-15 -4.084410072094383526e-15 7.711559558861599069e-15 4.959377488996690162e-17 -3.701062166299900617e-15 -6.118378586684397197e-15 -2.532343532969061626e-15 2.551117400195575877e-16 -1.253525505303762822e-15 1.626847679027361889e-16 2.329391499684921726e-18 -2.848584015284724651e-15 -4.629297811087672251e-16 -5.272480441526698046e-17 9.888270568765782879e-16 3.289907260857331417e-16 6.381480233048692468e-16 4.023117204252584559e-15 4.252937524444051550e-15 6.662643508736349637e-15 3.028355311022867642e-15 2.569513339347878772e-16 2.145626405543125878e-16
-7.131048306679794190e-15 -1.392034360592100718e-15 2.872743747990750301e-15 2.548553089652200499e-15 -4.273143592056392349e-15 3.446490280788780904e-15 -2.642439476558883414e-16 -4.907999410499324681e-15 -4.352192374995342359e-15 -2.068966088484325340e-15 -3.101470143380888886e-15 -2.454337841567850355e-15 -2.704103085297619014e-16 -9.742523804628812642e-16 -1.414489528107142971e-15 -8.414690583043589814e-16 -7.118190566644150803e-17 7.273443381632716949e-16 3.639698513439421448e-16 6.319074328192722386e-16 1.672365853067944702e-15 1.238534998542783712e-15 3.028355311022867642e-15 4.456677909361914133e-15 2.626362591077785423e-15 7.716361669223237179e-16
-1.900149602811659611e-14 -6.562304212856348774e-15 1.077347092645639869e-15 8.511790736477475019e-15 -2.092163403454027167e-16 1.723889168407584516e-15 1.606948844602932604e-15 -3.654179165829463478e-15 -1.999080349263519923e-15 8.713760779189139218e-16 -1.491660433041867359e-15 -2.029982535986429779e-15 -4.903402264233788621e-16 -2.274232949225347998e-16 -2.871009659841816277e-16 -1.265185275382547464e-15 1.420095602680742326e-16 2.270969594670760791e-16 2.071353991377338021e-16 -6.076578499717303708e-16 -6.010097519451120080e-16 -8.501243764754371176e-16 2.569513339347878772e-16 2.626362591077785423e-15 5.035364601455081353e-15 2.376656535671108112e-15
-1.114813196228227282e-14 -9.248338929531441583e-16 -6.828985284437813366e-15 -4.687486727155850129e-15 5.089679412187256894e-15 3.927192775171380934e-15 1.930941344485032321e-15 1.073655078131689319e-15 6.590151461215017511e-16 6.588998686440214104e-16 1.967354139604533727e-15 8.779146010254775259e-16 3.583034416416531160e-16 2.687324879338193388e-16 -2.868810394989777740e-16 -3.025603344164321765e-16 -2.791253365513929008e-16 3.647216623113135282e-16 1.064424247315250037e-17 1.734739216271997786e-16 5.332717892431173059e-16 -4.416048431357670469e-16 2.145626405543125878e-16 7.716361669223237179e-16 2.376656535671108112e-15 4.467544562519034802e-15
