1.063719337453171860e-12 -3.302515115248977874e-15 1.566352946141252648e-13 1.458995717760796390e-13 -2.474161318946931941e-14 1.742699765830195825e-13 1.239379378869071640e-13 -6.030062522974478330e-14 7.952513307390565387e-14 7.585127108832668268e-16 7.530597127563208604e-14 5.348502132740120156e-14 2.271947140483672444e-14 8.732686665270674860e-15 4.575248600626905356e-14 1.725779054357388131e-14 5.937943808957356734e-15 1.689094339470894117e-14 1.257083643108021053e-14 1.117517550401114501e-14 -1.006685356996994127e-14 -2.008700926601480400e-14 1.162928233148993883e-14 3.333916549749964400e-15 -1.729358461896477431e-14 -2.737752792106419008e-15
-3.302515115248977874e-15 7.742746613791434686e-13 2.692477701303579130e-13 -9.943750798802954463e-14 1.042011655093938396e-13 4.014445221761710656e-14 3.179529826696677626e-14 -3.072330661546163440e-14 -2.400982973456152344e-15 4.662428394478973905e-14 1.138035441637506504e-15 1.455920431832721849e-14 3.284522608884434379e-14 8.236402310985459897e-15 -1.589012237241175674e-14 -1.546564384769992722e-14 3.245316867001679149e-15 -3.310056396872683064e-15 -9.891129787131434615e-15 -1.884318447196025716e-16 -1.464568076033456620e-14 3.658811872378576996e-15 -6.550605284126435373e-15 7.289717696720986913e-16 -4.205194612133675439e-16 6.488120609897358244e-15
1.566352946141252648e-13 2.692477701303579130e-13 4.158364739468948324e-13 4.560410424155344587e-14 4.595395703643169489e-14 1.158060024602599875e-13 5.389992763774668807e-15 -2.175836905756678414e-14 4.869757518939890658e-14 1.539333133531565338e-14 1.510173014331148439e-14 4.014329310899442499e-14 2.677516519923938037e-14 2.763522444137778759e-14 8.426356699111344762e-15 -1.479689917254350099e-14 -1.683669929300140764e-14 -4.594780046183823918e-15 1.057282574959117939e-14 -3.945745381912779352e-15 -2.768924080304150540e-15 -1.237010262476083621e-14 -3.387903972505283557e-15 8.495509323236129097e-15 2.028135042502026941e-15 4.334689774684716236e-15
1.458995717760796390e-13 -9.943750798802954463e-14 4.560410424155344587e-14 1.511667274953045234e-13 -3.923376467578682436e-14 3.446659667722669738e-14 -5.999552699257860706e-15 -2.916886499135939777e-14 1.411672323204738175e-14 -1.656038429450576792e-14 1.671180044231034308e-14 1.268858211078243682e-14 -3.452190748844519595e-15 -1.378931455588851572e-15 3.523625409334337539e-15 9.500660802348885309e-15 9.419871056946558039e-15 5.226630960067322884e-16 6.079610893973785083e-15 5.820834047089366367e-15 -1.023761207861138894e-16 -3.076724399263711571e-16 8.020876037286451616e-16 5.387094367081699545e-16 2.256094986416086413e-15 -7.095619722748406349e-16
-2.474161318946931941e-14 1.042011655093938396e-13 4.595395703643169489e-14 -3.923376467578682436e-14 1.275884074370261444e-13 3.734593759764905962e-15 1.893872601396024890e-14 3.828141168545391476e-15 -5.183389958531853345e-15 1.386917554100248788e-14 1.718338396672306909e-14 2.346904968916711658e-14 1.975746725877557197e-14 1.626566391364487443e-14 7.246434693970338946e-15 -5.830523180427701595e-15 -1.092400345355025054e-14 -5.384254022934977057e-16 -3.563619404657480757e-15 -6.346272243393446178e-15 1.319897013389078737e-15 -3.666264066453802606e-15 -1.183986689761326722e-15 3.126171534654427049e-15 -4.787663315779574014e-15 1.876510050140884037e-15
1.742699765830195825e-13 4.014445221761710656e-14 1.158060024602599875e-13 3.446659667722669738e-14 3.734593759764905962e-15 1.272432003070954730e-13 -7.815966234813408919e-15 -2.632101862299872037e-14 4.162816240304563845e-14 2.836676213667785576e-15 -1.291643416895882506e-14 -3.972743008361448526e-15 -9.291201526789827289e-15 4.467058728393166745e-15 9.773460003667872735e-15 -3.567365057625730945e-15 -6.501081843560869992e-15 6.426305888232538251e-15 1.024312170097910928e-14 5.594973196702692064e-15 4.176938409122956946e-15 -4.189577574561942555e-15 2.064010795342518713e-15 3.853017838804928617e-15 3.426305059453873427e-16 7.582641941318234234e-16
1.239379378869071640e-13 3.179529826696677626e-14 5.389992763774668807e-15 -5.999552699257860706e-15 1.893872601396024890e-14 -7.815966234813408919e-15 6.914924410467854581e-14 1.017080548883878503e-14 -2.662349381043436649e-15 1.001258159352985633e-14 1.299505192934718058e-14 1.563147757527576544e-14 2.969751085467994877e-15 -6.882740256659425169e-15 5.082722995425269528e-15 4.720517659360169182e-16 1.961439568291009227e-15 2.619665794596177562e-15 9.634183864724168460e-16 -8.050739509974875601e-16 -1.590987584617160561e-15 -3.015623435861098431e-16 2.825727047261203527e-15 5.475698399762217311e-16 -5.322801889610963865e-15 -1.912102502622516007e-15
-6.030062522974478330e-14 -3.072330661546163440e-14 -2.175836905756678414e-14 -2.916886499135939777e-14 3.828141168545391476e-15 -2.632101862299872037e-14 1.017080548883878503e-14 4.483991844097620926e-14 6.216137733149333583e-15 5.656770805011406601e-15 -9.553887062577197592e-15 -1.469113198210373406e-14 -5.961752626404644755e-15 -9.306651020318338198e-16 -2.473320015916964149e-15 5.519015222847294995e-16 -5.521524226772005496e-15 -1.253528717580949862e-15 4.795830842386661117e-15 2.729704250627830518e-15 2.071880672822642070e-15 -4.488372252165783290e-16 -3.123368549463948871e-15 -1.402939869527767054e-15 -7.063799352080548301e-16 6.667716296073343160e-16
7.952513307390565387e-14 -2.400982973456152344e-15 4.869757518939890658e-14 1.411672323204738175e-14 -5.183389958531853345e-15 4.162816240304563845e-14 -2.662349381043436649e-15 6.216137733149333583e-15 3.060380690649718106e-14 1.838660492300993757e-15 -5.140333184221719955e-15 -7.048388511480202438e-15 -3.604740038259671347e-15 3.521136634382901403e-15 4.872555626720588895e-15 6.710090156177066961e-16 -6.912038815585990744e-15 1.027601046923215260e-15 7.197824655557861754e-15 4.612888649704850993e-15 1.171060745769438761e-15 -3.319595782764972573e-15 -7.145096261388411331e-16 9.857718605323185097e-16 3.613895414546058423e-16 1.036326106802626183e-15
7.585127108832668268e-16 4.662428394478973905e-14 1.539333133531565338e-14 -1.656038429450576792e-14 1.386917554100248788e-14 2.836676213667785576e-15 1.001258159352985633e-14 5.656770805011406601e-15 1.838660492300993757e-15 2.396309200043068796e-14 -2.546758491649776037e-16 2.451974071799575865e-15 -3.765377416646576088e-15 -2.396342940321315736e-15 -9.451667871945652551e-17 -2.138931600676671017e-15 5.385589350368946432e-16 -1.844280603083168435e-16 1.189364243072333071e-15 -8.534524173749541597e-16 -1.182827072136342684e-15 3.769992608179238205e-16 2.843132433846057294e-16 3.133585888763450822e-16 -9.824830143024200061e-17 1.188641209173429229e-16
7.530597127563208604e-14 1.138035441637506504e-15 1.510173014331148439e-14 1.671180044231034308e-14 1.718338396672306909e-14 -1.291643416895882506e-14 1.299505192934718058e-14 -9.553887062577197592e-15 -5.140333184221719955e-15 -2.546758491649776037e-16 4.430349017118772709e-14 3.147789552261168081e-14 2.207793509008504874e-14 6.231839566157516894e-15 5.773071489609336634e-15 3.054024754965898535e-15 6.610052648311198401e-15 -4.912194290956040321e-16 -5.988792798767932113e-15 -5.280208008995261223e-15 -5.423047561139451282e-15 -3.158387261307087431e-15 1.101233464000234485e-15 2.171690240943255725e-17 -3.719851416483619806e-15 -1.542060996990149014e-15
5.348502132740120156e-14 1.455920431832721849e-14 4.014329310899442499e-14 1.268858211078243682e-14 2.346904968916711658e-14 -3.972743008361448526e-15 1.563147757527576544e-14 -1.469113198210373406e-14 -7.048388511480202438e-15 2.451974071799575865e-15 3.147789552261168081e-14 3.793441977117739074e-14 1.683989866646134196e-14 3.493702643879093211e-15 4.739537126515594501e-15 2.539530082859057491e-16 6.855889435025659640e-15 -2.017275582259263437e-16 -5.902311882385704619e-15 -5.959247915772545222e-15 -3.935622472407614715e-15 -1.649821153591856506e-15 1.737003043236580005e-15 7.319900230219258407e-16 -1.980566156353981587e-15 -3.447664617635741124e-16
2.271947140483672444e-14 3.284522608884434379e-14 2.677516519923938037e-14 -3.452190748844519595e-15 1.975746725877557197e-14 -9.291201526789827289e-15 2.969751085467994877e-15 -5.961752626404644755e-15 -3.604740038259671347e-15 -3.765377416646576088e-15 2.207793509008504874e-14 1.683989866646134196e-14 2.156274284405768917e-14 1.055620407752741951e-14 3.980405814095815017e-15 -1.142173315887712054e-15 -7.395434094436017703e-16 -7.753272872897493539e-16 -4.714393192580575328e-15 -5.039325578008981134e-15 -3.674090988216218580e-15 -4.013221417422355086e-15 -4.908481109293212613e-16 9.542980860375507801e-16 -1.842233250902453490e-15 -3.047433984360706109e-16
8.732686665270674860e-15 8.236402310985459897e-15 2.763522444137778759e-14 -1.378931455588851572e-15 1.626566391364487443e-14 4.467058728393166745e-15 -6.882740256659425169e-15 -9.306651020318338198e-16 3.521136634382901403e-15 -2.396342940321315736e-15 6.231839566157516894e-15 3.493702643879093211e-15 1.055620407752741951e-14 1.288433571942986953e-14 6.722814938423324984e-15 -1.903511553930418758e-15 -7.112159806327350789e-15 -4.006866856859151627e-16 1.124831745323050235e-15 -2.790716849519050331e-15 3.605499504095444562e-16 -3.380006481291825321e-15 -1.880319815508630037e-16 1.790542954215344870e-15 -6.076461095311818707e-16 2.803847032556144844e-16
4.575248600626905356e-14 -1.589012237241175674e-14 8.426356699111344762e-15 3.523625409334337539e-15 7.246434693970338946e-15 9.773460003667872735e-15 5.082722995425269528e-15 -2.473320015916964149e-15 4.872555626720588895e-15 -9.451667871945652551e-17 5.773071489609336634e-15 4.739537126515594501e-15 3.980405814095815017e-15 6.722814938423324984e-15 1.068008527938278618e-14 1.038608570788092471e-16 -5.231030922203254543e-15 8.112599515047863952e-16 2.267485248785783874e-15 -1.896359644318571674e-15 1.096070452125338202e-15 -1.735415507441971516e-15 1.896293315614469091e-15 1.641588549169721316e-15 -1.154681009524602319e-15 -3.597732660508379934e-16
1.725779054357388131e-14 -1.546564384769992722e-14 -1.479689917254350099e-14 9.500660802348885309e-15 -5.830523180427701595e-15 -3.567365057625730945e-15 4.720517659360169182e-16 5.519015222847294995e-16 6.710090156177066961e-16 -2.138931600676671017e-15 3.054024754965898535e-15 2.539530082859057491e-16 -1.142173315887712054e-15 -1.903511553930418758e-15 1.038608570788092471e-16 7.377163286146332782e-15 4.230875765108676442e-15 6.961560541259886363e-16 1.295536775189637758e-15 2.208091244797794958e-15 -4.132527828070897471e-16 7.733406048070484182e-16 5.153279518312140861e-16 -7.908616428319397479e-16 -5.836828818028598773e-16 -8.242173434059877385e-17
5.937943808957356734e-15 3.245316867001679149e-15 -1.683669929300140764e-14 9.419871056946558039e-15 -1.092400345355025054e-14 -6.501081843560869992e-15 1.961439568291009227e-15 -5.521524226772005496e-15 -6.912038815585990744e-15 5.385589350368946432e-16 6.610052648311198401e-15 6.855889435025659640e-15 -7.395434094436017703e-16 -7.112159806327350789e-15 -5.231030922203254543e-15 4.230875765108676442e-15 1.496295991621809402e-14 3.127970901727881542e-15 -3.467427069665850902e-15 1.226136300577181832e-15 -2.664910220390060270e-15 2.354591384001581759e-15 5.063649412051490233e-16 -1.825211309839262976e-15 -2.123762340055566666e-16 -4.930128919760878611e-16
1.689094339470894117e-14 -3.310056396872683064e-15 -4.594780046183823918e-15 5.226630960067322884e-16 -5.384254022934977057e-16 6.426305888232538251e-15 2.619665794596177562e-15 -1.253528717580949862e-15 1.027601046923215260e-15 -1.844280603083168435e-16 -4.912194290956040321e-16 -2.017275582259263437e-16 -7.753272872897493539e-16 -4.006866856859151627e-16 8.112599515047863952e-16 6.961560541259886363e-16 3.127970901727881542e-15 4.938135935946029758e-15 1.562136590558705807e-15 1.205718993436012041e-15 1.146746042695320451e-15 5.752365944626775283e-16 9.598453436540745705e-16 2.460559508147849337e-16 -6.427123363130441055e-16 -2.860651418790453962e-16
1.257083643108021053e-14 -9.891129787131434615e-15 1.057282574959117939e-14 6.079610893973785083e-15 -3.563619404657480757e-15 1.024312170097910928e-14 9.634183864724168460e-16 4.795830842386661117e-15 7.197824655557861754e-15 1.189364243072333071e-15 -5.988792798767932113e-15 -5.902311882385704619e-15 -4.714393192580575328e-15 1.124831745323050235e-15 2.267485248785783874e-15 1.295536775189637758e-15 -3.467427069665850902e-15 1.562136590558705807e-15 9.124793733232163332e-15 4.347324784776514653e-15 3.731997399916448954e-15 1.408894911958714221e-15 7.185815589307698911e-16 7.045639749215345977e-16 3.490903374991172715e-16 9.490180911737011368e-17
1.117517550401114501e-14 -1.884318447196025716e-16 -3.945745381912779352e-15 5.820834047089366367e-15 -6.346272243393446178e-15 5.594973196702692064e-15 -8.050739509974875601e-16 2.729704250627830518e-15 4.612888649704850993e-15 -8.534524173749541597e-16 -5.280208008995261223e-15 -5.959247915772545222e-15 -5.039325578008981134e-15 -2.790716849519050331e-15 -1.896359644318571674e-15 2.208091244797794958e-15 1.226136300577181832e-15 1.205718993436012041e-15 4.347324784776514653e-15 7.432580292488082006e-15 3.232232987420816824e-15 2.584782682482355229e-15 1.810703510969271745e-16 -3.597128873791962612e-16 4.622173270584024029e-16 4.330380236637358836e-16
-1.006685356996994127e-14 -1.464568076033456620e-14 -2.768924080304150540e-15 -1.023761207861138894e-16 1.319897013389078737e-15 4.176938409122956946e-15 -1.590987584617160561e-15 2.071880672822642070e-15 1.171060745769438761e-15 -1.182827072136342684e-15 -5.423047561139451282e-15 -3.935622472407614715e-15 -3.674090988216218580e-15 3.605499504095444562e-16 1.096070452125338202e-15 -4.132527828070897471e-16 -2.664910220390060270e-15 1.146746042695320451e-15 3.731997399916448954e-15 3.232232987420816824e-15 6.469292159759461576e-15 3.395270582085080406e-15 1.993645255515507614e-15 9.541899900007630570e-16 2.335327333676338153e-16 -1.101109534716037925e-16
-2.008700926601480400e-14 3.658811872378576996e-15 -1.237010262476083621e-14 -3.076724399263711571e-16 -3.666264066453802606e-15 -4.189577574561942555e-15 -3.015623435861098431e-16 -4.488372252165783290e-16 -3.319595782764972573e-15 3.769992608179238205e-16 -3.158387261307087431e-15 -1.649821153591856506e-15 -4.013221417422355086e-15 -3.380006481291825321e-15 -1.735415507441971516e-15 7.733406048070484182e-16 2.354591384001581759e-15 5.752365944626775283e-16 1.408894911958714221e-15 2.584782682482355229e-15 3.395270582085080406e-15 6.961809986335835185e-15 2.851867610607998736e-15 9.945369993292730443e-18 5.818619966188315098e-16 -8.169914063706103808e-17
1.162928233148993883e-14 -6.550605284126435373e-15 -3.387903972505283557e-15 8.020876037286451616e-16 -1.183986689761326722e-15 2.064010795342518713e-15 2.825727047261203527e-15 -3.123368549463948871e-15 -7.145096261388411331e-16 2.843132433846057294e-16 1.101233464000234485e-15 1.737003043236580005e-15 -4.908481109293212613e-16 -1.880319815508630037e-16 1.896293315614469091e-15 5.153279518312140861e-16 5.063649412051490233e-16 9.598453436540745705e-16 7.185815589307698911e-16 1.810703510969271745e-16 1.993645255515507614e-15 2.851867610607998736e-15 5.242874269527166195e-15 2.060379478523129579e-15 -2.580308657128868613e-16 -4.264271664188883913e-16
3.333916549749964400e-15 7.289717696720986913e-16 8.495509323236129097e-15 5.387094367081699545e-16 3.126171534654427049e-15 3.853017838804928617e-15 5.475698399762217311e-16 -1.402939869527767054e-15 9.857718605323185097e-16 3.133585888763450822e-16 2.171690240943255725e-17 7.319900230219258407e-16 9.542980860375507801e-16 1.790542954215344870e-15 1.641588549169721316e-15 -7.908616428319397479e-16 -1.825211309839262976e-15 2.460559508147849337e-16 7.045639749215345977e-16 -3.597128873791962612e-16 9.541899900007630570e-16 9.945369993292730443e-18 2.060379478523129579e-15 3.289609540931025381e-15 4.570855786741431408e-16 1.068737022017671023e-16
-1.729358461896477431e-14 -4.205194612133675439e-16 2.028135042502026941e-15 2.256094986416086413e-15 -4.787663315779574014e-15 3.426305059453873427e-16 -5.322801889610963865e-15 -7.063799352080548301e-16 3.613895414546058423e-16 -9.824830143024200061e-17 -3.719851416483619806e-15 -1.980566156353981587e-15 -1.842233250902453490e-15 -6.076461095311818707e-16 -1.154681009524602319e-15 -5.836828818028598773e-16 -2.123762340055566666e-16 -6.427123363130441055e-16 3.490903374991172715e-16 4.622173270584024029e-16 2.335327333676338153e-16 5.818619966188315098e-16 -2.580308657128868613e-16 4.570855786741431408e-16 2.832157084510407271e-15 1.013196526663868193e-15
-2.737752792106419008e-15 6.488120609897358244e-15 4.334689774684716236e-15 -7.095619722748406349e-16 1.876510050140884037e-15 7.582641941318234234e-16 -1.912102502622516007e-15 6.667716296073343160e-16 1.036326106802626183e-15 1.188641209173429229e-16 -1.542060996990149014e-15 -3.447664617635741124e-16 -3.047433984360706109e-16 2.803847032556144844e-16 -3.597732660508379934e-16 -8.242173434059877385e-17 -4.930128919760878611e-16 -2.860651418790453962e-16 9.490180911737011368e-17 4.330380236637358836e-16 -1.101109534716037925e-16 -8.169914063706103808e-17 -4.264271664188883913e-16 1.068737022017671023e-16 1.013196526663868193e-15 2.504842274415706778e-15
