1.057013088851063742e-12 4.522734473205090281e-14 -1.746171180112630339e-13 9.571214632758253901e-14 6.602285688705366202e-14 -6.164896923870005082e-15 -1.937432290399450281e-14 7.419268551897625402e-14 4.661224358361406175e-14 5.595405719340030685e-14 2.978607489306923371e-14 -5.817257312375117596e-14 -3.150023922903463719e-14 -3.474945683258568589e-14 -4.269861698129920043e-14 -4.894056362156372462e-14 -1.113199055440988428e-14 -1.086906474613952288e-14 3.599723266819825047e-15 -1.567361196188153812e-14 1.550948060656370495e-14 -2.921350828175722750e-15 -7.007343174002597610e-15 5.750468811058458415e-16 4.167495442070920023e-15 -1.184455495845231274e-15
4.522734473205090281e-14 2.562255011407792393e-13 -2.851982301168790601e-13 -8.364209133226376381e-14 2.061379985677867450e-14 -8.854472996678602864e-15 1.022925796270409668e-13 2.466412176737672530e-14 2.351671346213844301e-15 -2.515143397641905686e-15 -2.627005855018202591e-15 -4.085871437211959476e-16 -1.023555563792797894e-14 7.313228542924296511e-15 -1.781851699757126335e-15 -1.417990438901093480e-14 -6.914203882185878653e-15 3.305069485215007171e-15 -7.517794610537370657e-15 1.947888288617957205e-15 2.658323755530607456e-15 -4.233009021623534817e-15 -7.053299443453958993e-16 1.107711702004292031e-16 9.202215759986713851e-16 -7.994333357906439742e-16
-1.746171180112630339e-13 -2.851982301168790601e-13 7.574566259932511116e-13 1.340372499496819886e-13 2.089262553279134217e-14 2.380878569800993988e-14 -1.902274490266915814e-13 -3.501833024196744706e-14 -1.245284618549214458e-14 -2.591568703333309530e-14 1.906483312631670631e-14 3.462264337935171634e-14 1.420523177632476997e-14 -2.017192953932907111e-14 -5.947777979938589696e-15 5.951043976285076341e-15 1.992212083474374911e-16 -7.884394754083571454e-16 8.609928122494928222e-15 -2.166017200644559937e-14 -3.354823305993923077e-15 1.518288532503177072e-15 -6.526339141392230851e-16 2.006807462260908514e-15 -3.719692245778861987e-15 6.613053725464518146e-15
9.571214632758253901e-14 -8.364209133226376381e-14 1.340372499496819886e-13 2.824608296024875671e-13 2.375413979034451835e-14 -8.989110167244137120e-15 3.528184195152896415e-14 4.660526069074808882e-14 -8.024124565913079561e-15 3.138775478808558092e-14 2.079595955085181642e-15 -1.152222319248873617e-14 8.826697993501000985e-15 -1.261541565982055721e-14 -1.771558000940632362e-14 -1.745457417250021406e-16 -4.935943578984781415e-15 -1.947105783826931263e-15 6.765783876273631074e-15 3.775161027203067042e-15 6.980292940382071306e-15 -9.478036213568829982e-15 3.171833991691654705e-16 -4.682714029166205561e-15 2.000018664787000801e-15 -1.324768485510240268e-15
6.602285688705366202e-14 2.061379985677867450e-14 2.089262553279134217e-14 2.375413979034451835e-14 1.068424591218285303e-13 -8.910796342416279599e-15 -1.104021031460762485e-15 2.940132114293910489e-14 1.727002668494627474e-14 4.076013434326131265e-15 4.718452093308942348e-16 -6.060468493549196760e-16 -4.537222568082902662e-15 1.604053388432712733e-15 -1.197918424668327688e-14 1.963718428927618319e-15 -5.082248844641222422e-15 -1.106737740153735704e-15 1.002902260737336824e-15 -3.292297231736140837e-15 2.280880907794643031e-15 1.577547142329302025e-15 -1.057421839831055573e-16 -2.505865086931648524e-15 -3.828900751251285862e-15 1.588562994750715393e-15
-6.164896923870005082e-15 -8.854472996678602864e-15 2.380878569800993988e-14 -8.989110167244137120e-15 -8.910796342416279599e-15 6.731590331950177728e-14 8.342759723547101182e-15 -1.172025063415964794e-14 -4.340052660893965876e-15 -6.783707666290613880e-15 6.495707636350606022e-15 1.647445595910151210e-15 1.238906102055812108e-15 -8.704681571820298499e-16 -4.612382211932510242e-15 -4.201477685556437446e-15 3.541574857390177143e-15 3.111745758541678403e-16 -2.410462368225494167e-15 -2.770267799728374631e-15 -6.815257554682635221e-16 -1.689705377822363515e-15 1.210816184863593641e-15 9.725126146438283372e-16 -1.325393546745210963e-15 -1.731699182866507602e-15
-1.937432290399450281e-14 1.022925796270409668e-13 -1.902274490266915814e-13 3.528184195152896415e-14 -1.104021031460762485e-15 8.342759723547101182e-15 1.451503446563192284e-13 4.404090730378305985e-14 6.945975166653435296e-15 1.884575561738260407e-14 4.253242822774849739e-15 -5.184424143719972980e-15 8.254965266849815886e-16 7.431785289525124740e-15 3.520486932028939894e-15 -1.487338826732509080e-16 -3.342939362771562270e-16 -4.014263936041264008e-15 -6.994432552391269207e-15 5.593780699389370998e-15 5.508095450162064903e-15 -6.559518141380991813e-15 6.593025209401150485e-16 -4.393495540406239024e-15 1.294369394891299186e-15 -3.820757593952035191e-15
7.419268551897625402e-14 2.466412176737672530e-14 -3.501833024196744706e-14 4.660526069074808882e-14 2.940132114293910489e-14 -1.172025063415964794e-14 4.404090730378305985e-14 5.598375781971902073e-14 1.607924580239341610e-14 -2.432111804691652083e-15 3.224887754579963752e-15 -8.053270400989628306e-15 2.161051694608854337e-15 1.512569899995996394e-15 -5.043727178227400488e-15 -9.568113367140918178e-16 -3.518204918205564843e-15 1.302099258631321924e-15 2.072413807935850176e-15 -4.058404336567240064e-15 4.298765535746332084e-15 4.563137539827760189e-16 1.449784789148388551e-15 -6.090471118004909375e-16 -8.132142087629917367e-16 -2.295431820644699706e-15
4.661224358361406175e-14 2.351671346213844301e-15 -1.245284618549214458e-14 -8.024124565913079561e-15 1.727002668494627474e-14 -4.340052660893965876e-15 6.945975166653435296e-15 1.607924580239341610e-14 3.028131072449302558e-14 2.215863570866485436e-15 4.179050037019125508e-16 -7.683902689411550381e-15 3.540871691804498789e-15 6.256042936718031029e-15 -1.581473471791793224e-15 -4.406275542056132321e-15 1.439461997385557542e-15 2.407039640186296432e-15 3.795366369405248422e-15 -2.957387713280235636e-15 4.393030354125197777e-16 2.320859769440895278e-15 -2.823530495250389835e-15 -1.490761489475076921e-17 5.597098066879776579e-16 -1.531676204628731258e-16
5.595405719340030685e-14 -2.515143397641905686e-15 -2.591568703333309530e-14 3.138775478808558092e-14 4.076013434326131265e-15 -6.783707666290613880e-15 1.884575561738260407e-14 -2.432111804691652083e-15 2.215863570866485436e-15 3.448156298304381153e-14 4.299054526621665590e-15 3.412666299302776994e-16 -3.737123441582427014e-15 -1.638964795252362556e-15 -9.728345627960236440e-16 -1.818213195509390198e-15 -2.568145073712828016e-16 -5.316351619045306531e-15 -2.337956329931584165e-15 4.763945878266665502e-15 1.470685588141673509e-15 -3.781348979253791215e-15 -2.765784489214043808e-15 -3.536091925682461205e-15 1.990706655141889422e-15 6.890569257680997234e-16
2.978607489306923371e-14 -2.627005855018202591e-15 1.906483312631670631e-14 2.079595955085181642e-15 4.718452093308942348e-16 6.495707636350606022e-15 4.253242822774849739e-15 3.224887754579963752e-15 4.179050037019125508e-16 4.299054526621665590e-15 1.364704909155862834e-14 3.911073606960151332e-15 -3.114418405160727768e-15 -4.981052550289399427e-16 5.855325122423063699e-16 -3.878304848082053372e-15 -1.291832862836538127e-15 -3.003545891471347482e-15 -2.875008730651395170e-15 -4.561221874976417052e-15 2.195971711130024859e-15 -1.353814026455380793e-15 -2.920176951525438387e-16 -6.179483546978893607e-16 -4.177746142483762283e-16 -4.082908189280665396e-16
-5.817257312375117596e-14 -4.085871437211959476e-16 3.462264337935171634e-14 -1.152222319248873617e-14 -6.060468493549196760e-16 1.647445595910151210e-15 -5.184424143719972980e-15 -8.053270400989628306e-15 -7.683902689411550381e-15 3.412666299302776994e-16 3.911073606960151332e-15 1.588459624246857936e-14 -7.448552847775408296e-16 -2.967557157745417551e-15 1.363219665143248614e-15 -2.025677727161683617e-16 -1.574929740194265264e-15 -1.743983313680784738e-15 -3.119577561966876109e-15 -7.783655646130085791e-16 9.045182721181726543e-16 -3.081885486906216997e-16 7.776666426051942922e-16 -3.095105748628118322e-16 -9.606809550078813993e-16 6.325595793790279678e-16
-3.150023922903463719e-14 -1.023555563792797894e-14 1.420523177632476997e-14 8.826697993501000985e-15 -4.537222568082902662e-15 1.238906102055812108e-15 8.254965266849815886e-16 2.161051694608854337e-15 3.540871691804498789e-15 -3.737123441582427014e-15 -3.114418405160727768e-15 -7.448552847775408296e-16 6.412952805139385900e-15 4.858134448772960690e-15 1.492850970383457805e-15 1.714061332937493035e-15 9.905290757111152252e-16 1.737584301496343649e-15 2.051236630048742525e-15 9.585716371383278002e-16 -6.261068320877194098e-16 3.988240682758152141e-16 -4.096571525780365412e-16 5.338257119126807515e-16 3.669410422511037470e-16 -1.431537082476508037e-16
-3.474945683258568589e-14 7.313228542924296511e-15 -2.017192953932907111e-14 -1.261541565982055721e-14 1.604053388432712733e-15 -8.704681571820298499e-16 7.431785289525124740e-15 1.512569899995996394e-15 6.256042936718031029e-15 -1.638964795252362556e-15 -4.981052550289399427e-16 -2.967557157745417551e-15 4.858134448772960690e-15 1.658970464275005245e-14 5.927843339539365865e-15 9.213284856647206266e-17 3.793096460187038223e-16 4.452523568914412978e-16 1.295596355687019806e-15 4.295057471746604785e-16 -1.729764746096808006e-15 -4.209160565419826047e-17 -1.723610467628064598e-15 4.565931627234611341e-16 3.943720343280788150e-16 -2.242893671127974928e-16
-4.269861698129920043e-14 -1.781851699757126335e-15 -5.947777979938589696e-15 -1.771558000940632362e-14 -1.197918424668327688e-14 -4.612382211932510242e-15 3.520486932028939894e-15 -5.043727178227400488e-15 -1.581473471791793224e-15 -9.728345627960236440e-16 5.855325122423063699e-16 1.363219665143248614e-15 1.492850970383457805e-15 5.927843339539365865e-15 1.066345648771053452e-14 3.132252922585762820e-15 -1.269655156556435869e-16 -5.583532790643940967e-16 -1.767777910444218900e-15 9.363337517341060764e-16 -1.665281841211885966e-15 -6.958668333010389291e-16 -7.499545129222342145e-16 -1.269844502568291313e-16 3.719925986080393835e-16 -8.793616574070208622e-17
-4.894056362156372462e-14 -1.417990438901093480e-14 5.951043976285076341e-15 -1.745457417250021406e-16 1.963718428927618319e-15 -4.201477685556437446e-15 -1.487338826732509080e-16 -9.568113367140918178e-16 -4.406275542056132321e-15 -1.818213195509390198e-15 -3.878304848082053372e-15 -2.025677727161683617e-16 1.714061332937493035e-15 9.213284856647206266e-17 3.132252922585762820e-15 1.658988131151752487e-14 3.620983160412448967e-15 -3.048963768214538434e-16 -1.171089640813158689e-16 2.055779997236321713e-15 -1.173604744258810071e-15 1.899874287015006602e-15 1.645067301566924099e-15 -3.850637598566089532e-16 -2.477514263667755454e-16 -8.528552412708019041e-17
-1.113199055440988428e-14 -6.914203882185878653e-15 1.992212083474374911e-16 -4.935943578984781415e-15 -5.082248844641222422e-15 3.541574857390177143e-15 -3.342939362771562270e-16 -3.518204918205564843e-15 1.439461997385557542e-15 -2.568145073712828016e-16 -1.291832862836538127e-15 -1.574929740194265264e-15 9.905290757111152252e-16 3.793096460187038223e-16 -1.269655156556435869e-16 3.620983160412448967e-15 4.732346230584386149e-15 1.066650306076781756e-15 1.711053503822579371e-15 5.999681566277659646e-16 -6.703711238169419276e-16 1.141357399323237558e-15 3.057815820422275882e-16 1.430085462575872603e-16 2.778386419375407865e-16 -6.844761179847058854e-17
-1.086906474613952288e-14 3.305069485215007171e-15 -7.884394754083571454e-16 -1.947105783826931263e-15 -1.106737740153735704e-15 3.111745758541678403e-16 -4.014263936041264008e-15 1.302099258631321924e-15 2.407039640186296432e-15 -5.316351619045306531e-15 -3.003545891471347482e-15 -1.743983313680784738e-15 1.737584301496343649e-15 4.452523568914412978e-16 -5.583532790643940967e-16 -3.048963768214538434e-16 1.066650306076781756e-15 5.752944100276830233e-15 3.004321629445904078e-15 1.052827421007996320e-16 -4.072442705649405750e-16 7.173079464221688821e-16 1.819050721767593446e-16 8.198706201063894649e-16 1.642553375146522355e-16 1.336169331928970361e-16
3.599723266819825047e-15 -7.517794610537370657e-15 8.609928122494928222e-15 6.765783876273631074e-15 1.002902260737336824e-15 -2.410462368225494167e-15 -6.994432552391269207e-15 2.072413807935850176e-15 3.795366369405248422e-15 -2.337956329931584165e-15 -2.875008730651395170e-15 -3.119577561966876109e-15 2.051236630048742525e-15 1.295596355687019806e-15 -1.767777910444218900e-15 -1.171089640813158689e-16 1.711053503822579371e-15 3.004321629445904078e-15 5.158671153611770917e-15 3.367769631047306886e-16 4.901438036038431237e-16 1.734304368618420369e-15 -4.040255117319879852e-17 7.384384266172637711e-16 2.692162946619811790e-16 7.341969212584168164e-17
-1.567361196188153812e-14 1.947888288617957205e-15 -2.166017200644559937e-14 3.775161027203067042e-15 -3.292297231736140837e-15 -2.770267799728374631e-15 5.593780699389370998e-15 -4.058404336567240064e-15 -2.957387713280235636e-15 4.763945878266665502e-15 -4.561221874976417052e-15 -7.783655646130085791e-16 9.585716371383278002e-16 4.295057471746604785e-16 9.363337517341060764e-16 2.055779997236321713e-15 5.999681566277659646e-16 1.052827421007996320e-16 3.367769631047306886e-16 6.910803558231621900e-15 8.639835599231822430e-16 -1.165311259081056984e-16 2.337198637706826121e-17 -2.632329437348893716e-16 5.993977905903352241e-16 2.921675400034117463e-16
1.550948060656370495e-14 2.658323755530607456e-15 -3.354823305993923077e-15 6.980292940382071306e-15 2.280880907794643031e-15 -6.815257554682635221e-16 5.508095450162064903e-15 4.298765535746332084e-15 4.393030354125197777e-16 1.470685588141673509e-15 2.195971711130024859e-15 9.045182721181726543e-16 -6.261068320877194098e-16 -1.729764746096808006e-15 -1.665281841211885966e-15 -1.173604744258810071e-15 -6.703711238169419276e-16 -4.072442705649405750e-16 4.901438036038431237e-16 8.639835599231822430e-16 4.906113263839091549e-15 1.698008269247251048e-15 8.774101811695762811e-16 1.881097535838698710e-16 6.273895351814251493e-17 -9.319385699628736414e-17
-2.921350828175722750e-15 -4.233009021623534817e-15 1.518288532503177072e-15 -9.478036213568829982e-15 1.577547142329302025e-15 -1.689705377822363515e-15 -6.559518141380991813e-15 4.563137539827760189e-16 2.320859769440895278e-15 -3.781348979253791215e-15 -1.353814026455380793e-15 -3.081885486906216997e-16 3.988240682758152141e-16 -4.209160565419826047e-17 -6.958668333010389291e-16 1.899874287015006602e-15 1.141357399323237558e-15 7.173079464221688821e-16 1.734304368618420369e-15 -1.165311259081056984e-16 1.698008269247251048e-15 4.828176312352775449e-15 1.618530406911691813e-15 1.145606968081461136e-15 -1.097878617229822961e-16 1.894359113246352635e-16
-7.007343174002597610e-15 -7.053299443453958993e-16 -6.526339141392230851e-16 3.171833991691654705e-16 -1.057421839831055573e-16 1.210816184863593641e-15 6.593025209401150485e-16 1.449784789148388551e-15 -2.823530495250389835e-15 -2.765784489214043808e-15 -2.920176951525438387e-16 7.776666426051942922e-16 -4.096571525780365412e-16 -1.723610467628064598e-15 -7.499545129222342145e-16 1.645067301566924099e-15 3.057815820422275882e-16 1.819050721767593446e-16 -4.040255117319879852e-17 2.337198637706826121e-17 8.774101811695762811e-16 1.618530406911691813e-15 3.745397706598080041e-15 1.204837511436520959e-15 -9.604329193398797653e-17 -5.595518014121071806e-17
5.750468811058458415e-16 1.107711702004292031e-16 2.006807462260908514e-15 -4.682714029166205561e-15 -2.505865086931648524e-15 9.725126146438283372e-16 -4.393495540406239024e-15 -6.090471118004909375e-16 -1.490761489475076921e-17 -3.536091925682461205e-15 -6.179483546978893607e-16 -3.095105748628118322e-16 5.338257119126807515e-16 4.565931627234611341e-16 -1.269844502568291313e-16 -3.850637598566089532e-16 1.430085462575872603e-16 8.198706201063894649e-16 7.384384266172637711e-16 -2.632329437348893716e-16 1.881097535838698710e-16 1.145606968081461136e-15 1.204837511436520959e-15 2.501557284575925794e-15 8.561772132017037558e-16 1.347748904664991342e-16
4.167495442070920023e-15 9.202215759986713851e-16 -3.719692245778861987e-15 2.000018664787000801e-15 -3.828900751251285862e-15 -1.325393546745210963e-15 1.294369394891299186e-15 -8.132142087629917367e-16 5.597098066879776579e-16 1.990706655141889422e-15 -4.177746142483762283e-16 -9.606809550078813993e-16 3.669410422511037470e-16 3.943720343280788150e-16 3.719925986080393835e-16 -2.477514263667755454e-16 2.778386419375407865e-16 1.642553375146522355e-16 2.692162946619811790e-16 5.993977905903352241e-16 6.273895351814251493e-17 -1.097878617229822961e-16 -9.604329193398797653e-17 8.561772132017037558e-16 2.272601658830518822e-15 6.586820296537631462e-16
-1.184455495845231274e-15 -7.994333357906439742e-16 6.613053725464518146e-15 -1.324768485510240268e-15 1.588562994750715393e-15 -1.731699182866507602e-15 -3.820757593952035191e-15 -2.295431820644699706e-15 -1.531676204628731258e-16 6.890569257680997234e-16 -4.082908189280665396e-16 6.325595793790279678e-16 -1.431537082476508037e-16 -2.242893671127974928e-16 -8.793616574070208622e-17 -8.528552412708019041e-17 -6.844761179847058854e-17 1.336169331928970361e-16 7.341969212584168164e-17 2.921675400034117463e-16 -9.319385699628736414e-17 1.894359113246352635e-16 -5.595518014121071806e-17 1.347748904664991342e-16 6.586820296537631462e-16 1.516703218675804857e-15
