1.063719337453173072e-12 -3.302515115248478525e-15 1.566352946141258454e-13 1.458995717760801944e-13 -2.474161318946951189e-14 1.742699765830201378e-13 1.239379378869074669e-13 -6.030062522974494738e-14 7.952513307390594417e-14 7.585127108828644091e-16 7.530597127563262878e-14 5.348502132740150448e-14 2.271947140483635210e-14 8.732686665270701681e-15 4.575248600626947007e-14 1.725779054357354684e-14 5.937943808957657290e-15 1.689094339470868873e-14 1.257083643108015531e-14 1.117517550401112608e-14 -1.006685356997014953e-14 -2.008700926601516372e-14 1.162928233148984890e-14 3.333916549749799922e-15 -1.729358461896480902e-14 -2.737752792105464486e-15
-3.302515115248478525e-15 7.742746613791441754e-13 2.692477701303584178e-13 -9.943750798802968347e-14 1.042011655093940794e-13 4.014445221761734637e-14 3.179529826696715491e-14 -3.072330661546163440e-14 -2.400982973456318400e-15 4.662428394478856522e-14 1.138035441637295286e-15 1.455920431832697236e-14 3.284522608884401562e-14 8.236402310984658415e-15 -1.589012237241145066e-14 -1.546564384769964954e-14 3.245316867001498499e-15 -3.310056396873013991e-15 -9.891129787131674429e-15 -1.884318447196676772e-16 -1.464568076033467349e-14 3.658811872378669293e-15 -6.550605284126291012e-15 7.289717696716642262e-16 -4.205194612133577817e-16 6.488120609898039820e-15
1.566352946141258454e-13 2.692477701303584178e-13 4.158364739468959936e-13 4.560410424155359733e-14 4.595395703643141721e-14 1.158060024602604167e-13 5.389992763774522078e-15 -2.175836905756663899e-14 4.869757518939862890e-14 1.539333133531571334e-14 1.510173014331154749e-14 4.014329310899446917e-14 2.677516519923945610e-14 2.763522444137763297e-14 8.426356699111736037e-15 -1.479689917254341264e-14 -1.683669929300160643e-14 -4.594780046183926470e-15 1.057282574959129930e-14 -3.945745381912603436e-15 -2.768924080304261769e-15 -1.237010262476047176e-14 -3.387903972505752140e-15 8.495509323236152763e-15 2.028135042501796199e-15 4.334689774685203752e-15
1.458995717760801944e-13 -9.943750798802968347e-14 4.560410424155359733e-14 1.511667274953045739e-13 -3.923376467578692533e-14 3.446659667722691195e-14 -5.999552699258050032e-15 -2.916886499135944195e-14 1.411672323204742435e-14 -1.656038429450528513e-14 1.671180044231033045e-14 1.268858211078266401e-14 -3.452190748844503424e-15 -1.378931455588436632e-15 3.523625409334457840e-15 9.500660802348798534e-15 9.419871056946553306e-15 5.226630960068091037e-16 6.079610893973876591e-15 5.820834047089503629e-15 -1.023761207862296794e-16 -3.076724399263291996e-16 8.020876037286747439e-16 5.387094367084368853e-16 2.256094986416194882e-15 -7.095619722747026829e-16
-2.474161318946951189e-14 1.042011655093940794e-13 4.595395703643141721e-14 -3.923376467578692533e-14 1.275884074370257910e-13 3.734593759764849953e-15 1.893872601396047294e-14 3.828141168545468785e-15 -5.183389958531648241e-15 1.386917554100233327e-14 1.718338396672293656e-14 2.346904968916692726e-14 1.975746725877568557e-14 1.626566391364455573e-14 7.246434693970282148e-15 -5.830523180427625865e-15 -1.092400345355022214e-14 -5.384254022935436568e-16 -3.563619404657594353e-15 -6.346272243393487988e-15 1.319897013389162554e-15 -3.666264066453801818e-15 -1.183986689761418230e-15 3.126171534654313848e-15 -4.787663315779724687e-15 1.876510050140730209e-15
1.742699765830201378e-13 4.014445221761734637e-14 1.158060024602604167e-13 3.446659667722691195e-14 3.734593759764849953e-15 1.272432003070958516e-13 -7.815966234813176994e-15 -2.632101862299862255e-14 4.162816240304580884e-14 2.836676213667749682e-15 -1.291643416895884399e-14 -3.972743008361357018e-15 -9.291201526790199631e-15 4.467058728393240109e-15 9.773460003668055750e-15 -3.567365057625731734e-15 -6.501081843560952033e-15 6.426305888232428599e-15 1.024312170097912979e-14 5.594973196702760694e-15 4.176938409122970357e-15 -4.189577574561912579e-15 2.064010795342577483e-15 3.853017838805050102e-15 3.426305059454015422e-16 7.582641941322191358e-16
1.239379378869074669e-13 3.179529826696715491e-14 5.389992763774522078e-15 -5.999552699258050032e-15 1.893872601396047294e-14 -7.815966234813176994e-15 6.914924410467854581e-14 1.017080548883886707e-14 -2.662349381043403911e-15 1.001258159352985160e-14 1.299505192934729576e-14 1.563147757527578122e-14 2.969751085467855643e-15 -6.882740256659574263e-15 5.082722995425293194e-15 4.720517659359533163e-16 1.961439568291079041e-15 2.619665794596172828e-15 9.634183864723539343e-16 -8.050739509974362841e-16 -1.590987584617108102e-15 -3.015623435862286653e-16 2.825727047261099003e-15 5.475698399761993472e-16 -5.322801889611003308e-15 -1.912102502622398862e-15
-6.030062522974494738e-14 -3.072330661546163440e-14 -2.175836905756663899e-14 -2.916886499135944195e-14 3.828141168545468785e-15 -2.632101862299862255e-14 1.017080548883886707e-14 4.483991844097648063e-14 6.216137733149307550e-15 5.656770805011666136e-15 -9.553887062577308032e-15 -1.469113198210383188e-14 -5.961752626404669209e-15 -9.306651020318541330e-16 -2.473320015917130993e-15 5.519015222846795054e-16 -5.521524226772017329e-15 -1.253528717580897994e-15 4.795830842386754203e-15 2.729704250627860100e-15 2.071880672822734762e-15 -4.488372252165830622e-16 -3.123368549464106249e-15 -1.402939869527842391e-15 -7.063799352079248652e-16 6.667716296074338111e-16
7.952513307390594417e-14 -2.400982973456318400e-15 4.869757518939862890e-14 1.411672323204742435e-14 -5.183389958531648241e-15 4.162816240304580884e-14 -2.662349381043403911e-15 6.216137733149307550e-15 3.060380690649713057e-14 1.838660492301015845e-15 -5.140333184221518795e-15 -7.048388511480070698e-15 -3.604740038259653203e-15 3.521136634382993305e-15 4.872555626720625972e-15 6.710090156177116265e-16 -6.912038815585934735e-15 1.027601046923258450e-15 7.197824655557880686e-15 4.612888649704889647e-15 1.171060745769439944e-15 -3.319595782764924058e-15 -7.145096261388976352e-16 9.857718605323411895e-16 3.613895414546184148e-16 1.036326106802887296e-15
7.585127108828644091e-16 4.662428394478856522e-14 1.539333133531571334e-14 -1.656038429450528513e-14 1.386917554100233327e-14 2.836676213667749682e-15 1.001258159352985160e-14 5.656770805011666136e-15 1.838660492301015845e-15 2.396309200043024936e-14 -2.546758491650288304e-16 2.451974071799667373e-15 -3.765377416646652607e-15 -2.396342940321419865e-15 -9.451667871950216851e-17 -2.138931600676631574e-15 5.385589350368973056e-16 -1.844280603083569275e-16 1.189364243072363245e-15 -8.534524173748965729e-16 -1.182827072136260643e-15 3.769992608178712134e-16 2.843132433845852190e-16 3.133585888762698939e-16 -9.824830143016756419e-17 1.188641209173610174e-16
7.530597127563262878e-14 1.138035441637295286e-15 1.510173014331154749e-14 1.671180044231033045e-14 1.718338396672293656e-14 -1.291643416895884399e-14 1.299505192934729576e-14 -9.553887062577308032e-15 -5.140333184221518795e-15 -2.546758491650288304e-16 4.430349017118767660e-14 3.147789552261157983e-14 2.207793509008519389e-14 6.231839566157426964e-15 5.773071489609369766e-15 3.054024754965934429e-15 6.610052648311252044e-15 -4.912194290956218801e-16 -5.988792798767905292e-15 -5.280208008995209947e-15 -5.423047561139509657e-15 -3.158387261307055482e-15 1.101233464000121678e-15 2.171690240930030904e-17 -3.719851416483731036e-15 -1.542060996990253735e-15
5.348502132740150448e-14 1.455920431832697236e-14 4.014329310899446917e-14 1.268858211078266401e-14 2.346904968916692726e-14 -3.972743008361357018e-15 1.563147757527578122e-14 -1.469113198210383188e-14 -7.048388511480070698e-15 2.451974071799667373e-15 3.147789552261157983e-14 3.793441977117734656e-14 1.683989866646131671e-14 3.493702643878940961e-15 4.739537126515691531e-15 2.539530082858866685e-16 6.855889435025691983e-15 -2.017275582259165322e-16 -5.902311882385706197e-15 -5.959247915772478958e-15 -3.935622472407606038e-15 -1.649821153591782156e-15 1.737003043236529320e-15 7.319900230218887643e-16 -1.980566156354112538e-15 -3.447664617637414496e-16
2.271947140483635210e-14 3.284522608884401562e-14 2.677516519923945610e-14 -3.452190748844503424e-15 1.975746725877568557e-14 -9.291201526790199631e-15 2.969751085467855643e-15 -5.961752626404669209e-15 -3.604740038259653203e-15 -3.765377416646652607e-15 2.207793509008519389e-14 1.683989866646131671e-14 2.156274284405800787e-14 1.055620407752742425e-14 3.980405814095837894e-15 -1.142173315887668864e-15 -7.395434094436111380e-16 -7.753272872897830777e-16 -4.714393192580583217e-15 -5.039325578009026099e-15 -3.674090988216265123e-15 -4.013221417422321954e-15 -4.908481109294389001e-16 9.542980860374582862e-16 -1.842233250902549336e-15 -3.047433984361247465e-16
8.732686665270701681e-15 8.236402310984658415e-15 2.763522444137763297e-14 -1.378931455588436632e-15 1.626566391364455573e-14 4.467058728393240109e-15 -6.882740256659574263e-15 -9.306651020318541330e-16 3.521136634382993305e-15 -2.396342940321419865e-15 6.231839566157426964e-15 3.493702643878940961e-15 1.055620407752742425e-14 1.288433571942982536e-14 6.722814938423343917e-15 -1.903511553930346578e-15 -7.112159806327363411e-15 -4.006866856859029354e-16 1.124831745323142926e-15 -2.790716849519021143e-15 3.605499504095966689e-16 -3.380006481291772468e-15 -1.880319815509325221e-16 1.790542954215314498e-15 -6.076461095311961688e-16 2.803847032555971294e-16
4.575248600626947007e-14 -1.589012237241145066e-14 8.426356699111736037e-15 3.523625409334457840e-15 7.246434693970282148e-15 9.773460003668055750e-15 5.082722995425293194e-15 -2.473320015917130993e-15 4.872555626720625972e-15 -9.451667871950216851e-17 5.773071489609369766e-15 4.739537126515691531e-15 3.980405814095837894e-15 6.722814938423343917e-15 1.068008527938286033e-14 1.038608570787966007e-16 -5.231030922203269531e-15 8.112599515048006934e-16 2.267485248785810300e-15 -1.896359644318587451e-15 1.096070452125375475e-15 -1.735415507442015298e-15 1.896293315614437536e-15 1.641588549169726641e-15 -1.154681009524646692e-15 -3.597732660508394725e-16
1.725779054357354684e-14 -1.546564384769964954e-14 -1.479689917254341264e-14 9.500660802348798534e-15 -5.830523180427625865e-15 -3.567365057625731734e-15 4.720517659359533163e-16 5.519015222846795054e-16 6.710090156177116265e-16 -2.138931600676631574e-15 3.054024754965934429e-15 2.539530082858866685e-16 -1.142173315887668864e-15 -1.903511553930346578e-15 1.038608570787966007e-16 7.377163286146274406e-15 4.230875765108647254e-15 6.961560541259699995e-16 1.295536775189640913e-15 2.208091244797773658e-15 -4.132527828071210551e-16 7.733406048070115390e-16 5.153279518311849969e-16 -7.908616428319521725e-16 -5.836828818028620467e-16 -8.242173434056454468e-17
5.937943808957657290e-15 3.245316867001498499e-15 -1.683669929300160643e-14 9.419871056946553306e-15 -1.092400345355022214e-14 -6.501081843560952033e-15 1.961439568291079041e-15 -5.521524226772017329e-15 -6.912038815585934735e-15 5.385589350368973056e-16 6.610052648311252044e-15 6.855889435025691983e-15 -7.395434094436111380e-16 -7.112159806327363411e-15 -5.231030922203269531e-15 4.230875765108647254e-15 1.496295991621816659e-14 3.127970901727864187e-15 -3.467427069665912039e-15 1.226136300577169210e-15 -2.664910220390143889e-15 2.354591384001563615e-15 5.063649412052296844e-16 -1.825211309839290981e-15 -2.123762340055789026e-16 -4.930128919761823272e-16
1.689094339470868873e-14 -3.310056396873013991e-15 -4.594780046183926470e-15 5.226630960068091037e-16 -5.384254022935436568e-16 6.426305888232428599e-15 2.619665794596172828e-15 -1.253528717580897994e-15 1.027601046923258450e-15 -1.844280603083569275e-16 -4.912194290956218801e-16 -2.017275582259165322e-16 -7.753272872897830777e-16 -4.006866856859029354e-16 8.112599515048006934e-16 6.961560541259699995e-16 3.127970901727864187e-15 4.938135935946006093e-15 1.562136590558703637e-15 1.205718993435993109e-15 1.146746042695321832e-15 5.752365944626632302e-16 9.598453436541256492e-16 2.460559508148067260e-16 -6.427123363130374002e-16 -2.860651418790637865e-16
1.257083643108015531e-14 -9.891129787131674429e-15 1.057282574959129930e-14 6.079610893973876591e-15 -3.563619404657594353e-15 1.024312170097912979e-14 9.634183864723539343e-16 4.795830842386754203e-15 7.197824655557880686e-15 1.189364243072363245e-15 -5.988792798767905292e-15 -5.902311882385706197e-15 -4.714393192580583217e-15 1.124831745323142926e-15 2.267485248785810300e-15 1.295536775189640913e-15 -3.467427069665912039e-15 1.562136590558703637e-15 9.124793733232245374e-15 4.347324784776505976e-15 3.731997399916434755e-15 1.408894911958664326e-15 7.185815589307170374e-16 7.045639749215731533e-16 3.490903374991596728e-16 9.490180911746539329e-17
1.117517550401112608e-14 -1.884318447196676772e-16 -3.945745381912603436e-15 5.820834047089503629e-15 -6.346272243393487988e-15 5.594973196702760694e-15 -8.050739509974362841e-16 2.729704250627860100e-15 4.612888649704889647e-15 -8.534524173748965729e-16 -5.280208008995209947e-15 -5.959247915772478958e-15 -5.039325578009026099e-15 -2.790716849519021143e-15 -1.896359644318587451e-15 2.208091244797773658e-15 1.226136300577169210e-15 1.205718993435993109e-15 4.347324784776505976e-15 7.432580292488093050e-15 3.232232987420784875e-15 2.584782682482349707e-15 1.810703510969275936e-16 -3.597128873791474997e-16 4.622173270584662020e-16 4.330380236638460283e-16
-1.006685356997014953e-14 -1.464568076033467349e-14 -2.768924080304261769e-15 -1.023761207862296794e-16 1.319897013389162554e-15 4.176938409122970357e-15 -1.590987584617108102e-15 2.071880672822734762e-15 1.171060745769439944e-15 -1.182827072136260643e-15 -5.423047561139509657e-15 -3.935622472407606038e-15 -3.674090988216265123e-15 3.605499504095966689e-16 1.096070452125375475e-15 -4.132527828071210551e-16 -2.664910220390143889e-15 1.146746042695321832e-15 3.731997399916434755e-15 3.232232987420784875e-15 6.469292159759471042e-15 3.395270582085074489e-15 1.993645255515484343e-15 9.541899900008281380e-16 2.335327333676571853e-16 -1.101109534716287032e-16
-2.008700926601516372e-14 3.658811872378669293e-15 -1.237010262476047176e-14 -3.076724399263291996e-16 -3.666264066453801818e-15 -4.189577574561912579e-15 -3.015623435862286653e-16 -4.488372252165830622e-16 -3.319595782764924058e-15 3.769992608178712134e-16 -3.158387261307055482e-15 -1.649821153591782156e-15 -4.013221417422321954e-15 -3.380006481291772468e-15 -1.735415507442015298e-15 7.733406048070115390e-16 2.354591384001563615e-15 5.752365944626632302e-16 1.408894911958664326e-15 2.584782682482349707e-15 3.395270582085074489e-15 6.961809986335870684e-15 2.851867610608036995e-15 9.945369993348143299e-18 5.818619966188588242e-16 -8.169914063708586254e-17
1.162928233148984890e-14 -6.550605284126291012e-15 -3.387903972505752140e-15 8.020876037286747439e-16 -1.183986689761418230e-15 2.064010795342577483e-15 2.825727047261099003e-15 -3.123368549464106249e-15 -7.145096261388976352e-16 2.843132433845852190e-16 1.101233464000121678e-15 1.737003043236529320e-15 -4.908481109294389001e-16 -1.880319815509325221e-16 1.896293315614437536e-15 5.153279518311849969e-16 5.063649412052296844e-16 9.598453436541256492e-16 7.185815589307170374e-16 1.810703510969275936e-16 1.993645255515484343e-15 2.851867610608036995e-15 5.242874269527136218e-15 2.060379478523094869e-15 -2.580308657129010115e-16 -4.264271664189239886e-16
3.333916549749799922e-15 7.289717696716642262e-16 8.495509323236152763e-15 5.387094367084368853e-16 3.126171534654313848e-15 3.853017838805050102e-15 5.475698399761993472e-16 -1.402939869527842391e-15 9.857718605323411895e-16 3.133585888762698939e-16 2.171690240930030904e-17 7.319900230218887643e-16 9.542980860374582862e-16 1.790542954215314498e-15 1.641588549169726641e-15 -7.908616428319521725e-16 -1.825211309839290981e-15 2.460559508148067260e-16 7.045639749215731533e-16 -3.597128873791474997e-16 9.541899900008281380e-16 9.945369993348143299e-18 2.060379478523094869e-15 3.289609540931031298e-15 4.570855786741703565e-16 1.068737022017794652e-16
-1.729358461896480902e-14 -4.205194612133577817e-16 2.028135042501796199e-15 2.256094986416194882e-15 -4.787663315779724687e-15 3.426305059454015422e-16 -5.322801889611003308e-15 -7.063799352079248652e-16 3.613895414546184148e-16 -9.824830143016756419e-17 -3.719851416483731036e-15 -1.980566156354112538e-15 -1.842233250902549336e-15 -6.076461095311961688e-16 -1.154681009524646692e-15 -5.836828818028620467e-16 -2.123762340055789026e-16 -6.427123363130374002e-16 3.490903374991596728e-16 4.622173270584662020e-16 2.335327333676571853e-16 5.818619966188588242e-16 -2.580308657129010115e-16 4.570855786741703565e-16 2.832157084510488918e-15 1.013196526663922822e-15
-2.737752792105464486e-15 6.488120609898039820e-15 4.334689774685203752e-15 -7.095619722747026829e-16 1.876510050140730209e-15 7.582641941322191358e-16 -1.912102502622398862e-15 6.667716296074338111e-16 1.036326106802887296e-15 1.188641209173610174e-16 -1.542060996990253735e-15 -3.447664617637414496e-16 -3.047433984361247465e-16 2.803847032555971294e-16 -3.597732660508394725e-16 -8.242173434056454468e-17 -4.930128919761823272e-16 -2.860651418790637865e-16 9.490180911746539329e-17 4.330380236638460283e-16 -1.101109534716287032e-16 -8.169914063708586254e-17 -4.264271664189239886e-16 1.068737022017794652e-16 1.013196526663922822e-15 2.504842274415810908e-15
