1.542991682275033322e-12 3.550412328026550912e-13 3.546209005656317191e-13 1.589436990439940775e-13 3.107687053544556239e-14 4.257135226133075924e-14 -8.707250147219215697e-14 -2.037012103801677644e-15 2.117124871606818044e-14 9.406125948202848249e-15 -3.122765345156689970e-14 -4.215386708684883370e-14 -6.458455374819104409e-14 2.038235096288454582e-14 -2.057475669353061135e-14 -6.277706249797621884e-14 -5.257314658021133128e-15 8.540169658225167243e-15 2.122925239506409450e-14 3.381973216255250679e-14 1.501998493587066486e-14 -1.223123475040754180e-14 -6.053238075133760909e-15 -1.480447780876954808e-14 6.062712327872746476e-15 1.534187318470485910e-14
3.550412328026550912e-13 4.479580089476083928e-13 2.515900198627757273e-13 3.994459930526756506e-14 -4.422326733068501696e-15 -7.791711452738802284e-14 -3.827940562822638522e-14 -2.199902808070646595e-15 3.805655790199424239e-14 4.566913190967234769e-14 1.291024465221755631e-14 2.817631099792363322e-15 -1.799547845640973839e-14 -6.614047715116174637e-15 -1.109091521282933409e-14 -1.431935418190795032e-14 7.484674367935182809e-15 1.417980122378653428e-14 2.416513389679943034e-15 6.722403021372178565e-15 -9.111821844202200791e-15 -7.636130645257731486e-15 -6.966986590171011492e-15 -5.238356247751259763e-15 3.637914292852346694e-15 6.607247009027310617e-16
3.546209005656317191e-13 2.515900198627757273e-13 5.563929921415064312e-13 -1.414306129969804865e-13 3.199654977946423927e-14 -1.193274729676899504e-13 -9.372181279300710050e-14 -3.845393682263013563e-14 1.608677728878876281e-14 2.011395203540843255e-14 -2.124083594961848062e-14 -3.506586106005786414e-14 -2.016218784098351702e-14 -1.063196223952726692e-14 9.629697252403976269e-15 -2.630916837214537211e-15 1.372964198432305402e-14 1.540768110182592125e-14 1.467148848514681803e-14 2.276486864297471216e-14 -4.515576935457800895e-15 -2.798981356376756466e-15 1.467633200520585643e-15 -1.658755068047121047e-15 7.535063016838961049e-15 2.610246910245552607e-15
1.589436990439940775e-13 3.994459930526756506e-14 -1.414306129969804865e-13 3.567766906776710976e-13 -3.011653080129054031e-14 7.385055033599336370e-14 2.239574642516089544e-14 6.738409201311977371e-15 3.058939799518802342e-15 4.351400480656043292e-14 3.227573880370320927e-14 1.354720917330276384e-14 -7.227850953282838270e-15 1.638937101072809468e-14 -6.182214073812169522e-15 -5.468139735241086732e-15 -4.327607307157483122e-15 -7.330158309629641130e-15 -1.056317008868401436e-14 -4.048653030648107879e-15 -1.108868084754425155e-14 -7.649488406787335437e-15 -8.145936033060603525e-15 -1.203540412226952357e-14 5.784597684010763481e-15 6.704956683997588727e-15
3.107687053544556239e-14 -4.422326733068501696e-15 3.199654977946423927e-14 -3.011653080129054031e-14 6.684768054219397197e-14 1.919605428735336379e-14 -6.960160412347765035e-15 2.169153944735868696e-15 6.695271753611611224e-15 -1.567061116360817546e-14 -3.932299324042563210e-15 -2.139805530897006213e-15 -6.967159986354186434e-15 -4.981667123182487425e-15 2.572645888742326607e-15 2.908369315017678067e-15 -3.638441554237736851e-15 2.813438013367195760e-15 9.923747702544290202e-15 1.775220748131895872e-15 1.453776109321856353e-15 7.062364253251310600e-16 1.307807153962709011e-15 3.128719519519874969e-15 -3.027501543943531549e-15 -1.029403669482070664e-15
4.257135226133075924e-14 -7.791711452738802284e-14 -1.193274729676899504e-13 7.385055033599336370e-14 1.919605428735336379e-14 1.805317735859738996e-13 3.817537931141332480e-14 2.327155735195160117e-14 -1.045449468813716566e-14 -3.527118033300162886e-15 8.015570312074419548e-15 9.985766602369874210e-15 -6.331555431547763945e-15 -2.545559088697300402e-15 1.338681999824393574e-15 -5.737946214124099314e-15 -5.438926296080728480e-15 -6.084371508003069247e-15 4.088389636969083815e-15 -6.112025618508666585e-16 4.969559564457629251e-15 -4.679741852570275530e-15 -6.872633566783106445e-15 -4.227200982564431753e-15 -4.540168331481062762e-15 -2.410461166216006221e-16
-8.707250147219215697e-14 -3.827940562822638522e-14 -9.372181279300710050e-14 2.239574642516089544e-14 -6.960160412347765035e-15 3.817537931141332480e-14 1.029878190437213280e-13 4.444001778588755556e-16 -1.812027162376129925e-14 -2.678465303470878306e-15 2.446214136822451559e-14 1.746037662635954473e-14 6.336623463266612440e-15 1.999779280183857896e-15 4.243202476259781235e-15 4.210553616665587401e-15 -2.725854725533137686e-15 5.923148921044517919e-16 -4.271168943026707571e-15 -9.041608399019449939e-15 6.664236154701628052e-16 -1.762337908954952314e-15 -9.948479675067658184e-16 6.627609617425358079e-15 1.230680996672386234e-15 1.815294438900152080e-16
-2.037012103801677644e-15 -2.199902808070646595e-15 -3.845393682263013563e-14 6.738409201311977371e-15 2.169153944735868696e-15 2.327155735195160117e-14 4.444001778588755556e-16 2.714286379605915419e-14 9.889927964019679918e-15 -5.243423936713217738e-15 -4.064945428515290363e-15 -5.328697877075964365e-15 -2.954690506011541551e-15 -4.365951983583259766e-15 -6.300670492726203691e-15 -4.659043632389268983e-15 -4.751816713519837182e-15 -1.929378809508723483e-15 2.508621265901259677e-15 -2.711364290725692435e-15 1.216714994749487844e-15 -3.749600487429732451e-16 -7.198565978674034348e-16 -1.609530603244968127e-15 -3.508605379063552760e-15 -1.792437584569645250e-15
2.117124871606818044e-14 3.805655790199424239e-14 1.608677728878876281e-14 3.058939799518802342e-15 6.695271753611611224e-15 -1.045449468813716566e-14 -1.812027162376129925e-14 9.889927964019679918e-15 2.850272197930939079e-14 -2.258893734223347928e-15 -6.515608349659365606e-15 -6.736897187328610097e-15 -8.467785625234101853e-15 -7.083173522156320950e-15 -1.867317846046446604e-16 2.280524737815065684e-15 -2.328161202156201135e-15 1.207258512450343267e-15 4.086581520200943340e-15 2.834721005190674837e-16 -1.609169438078417249e-15 -3.177102401075736047e-16 -1.307030428286354677e-15 -3.038495916048524349e-16 -3.895592721034050080e-16 -2.480167944807819879e-15
9.406125948202848249e-15 4.566913190967234769e-14 2.011395203540843255e-14 4.351400480656043292e-14 -1.567061116360817546e-14 -3.527118033300162886e-15 -2.678465303470878306e-15 -5.243423936713217738e-15 -2.258893734223347928e-15 4.281474960936351335e-14 1.827697428848249281e-14 7.908058219252769340e-15 9.097510936027477149e-16 3.284369333153881561e-15 -4.314706087438290340e-15 -4.809465348174032420e-16 3.966464144479805604e-15 1.587819604468161520e-15 -1.385868133607838899e-15 -2.084467384798327123e-15 -6.194022039769148578e-15 -2.325920081655150601e-15 -1.090698993312352727e-15 -3.839227887014200378e-15 2.938797076328897807e-15 1.217369412274117377e-15
-3.122765345156689970e-14 1.291024465221755631e-14 -2.124083594961848062e-14 3.227573880370320927e-14 -3.932299324042563210e-15 8.015570312074419548e-15 2.446214136822451559e-14 -4.064945428515290363e-15 -6.515608349659365606e-15 1.827697428848249281e-14 2.554111921841173400e-14 1.276151461548735050e-14 3.661814356791450500e-15 4.249338721198358575e-15 -2.509504377846990975e-16 2.881310944591115744e-15 5.297170796152342672e-16 1.427733655258967023e-15 -3.187263101522585837e-15 -5.263725977687046392e-15 -3.317064038552097447e-15 -1.192735464214054290e-15 -5.149879031035083674e-16 2.038692120873527191e-16 1.157099077591709395e-15 1.969523813277791863e-16
-4.215386708684883370e-14 2.817631099792363322e-15 -3.506586106005786414e-14 1.354720917330276384e-14 -2.139805530897006213e-15 9.985766602369874210e-15 1.746037662635954473e-14 -5.328697877075964365e-15 -6.736897187328610097e-15 7.908058219252769340e-15 1.276151461548735050e-14 2.027769315351217932e-14 3.890174504306072037e-15 4.034426527291007671e-15 2.076866987476630304e-15 2.064421623589592265e-15 2.439818490549157383e-15 5.268362667307549881e-16 -3.185578833415740701e-15 -2.672128667082858379e-15 -1.930480959403042909e-15 -5.314256248051104719e-16 -6.284618507038595871e-16 1.098837418135405958e-15 1.090157276607793825e-15 -8.568278339065574285e-18
-6.458455374819104409e-14 -1.799547845640973839e-14 -2.016218784098351702e-14 -7.227850953282838270e-15 -6.967159986354186434e-15 -6.331555431547763945e-15 6.336623463266612440e-15 -2.954690506011541551e-15 -8.467785625234101853e-15 9.097510936027477149e-16 3.661814356791450500e-15 3.890174504306072037e-15 8.991256938267666824e-15 3.299037644508279815e-15 -6.836391756185025985e-16 1.746643001265679272e-16 1.123932477475442416e-15 -2.481222574586684854e-17 -2.181925336121901797e-15 -8.197650350060708895e-16 2.277373228171297435e-16 6.633578247464412636e-16 4.302721356093654655e-16 5.846990060131949970e-16 -4.152887545212953809e-17 1.116102784597428970e-16
2.038235096288454582e-14 -6.614047715116174637e-15 -1.063196223952726692e-14 1.638937101072809468e-14 -4.981667123182487425e-15 -2.545559088697300402e-15 1.999779280183857896e-15 -4.365951983583259766e-15 -7.083173522156320950e-15 3.284369333153881561e-15 4.249338721198358575e-15 4.034426527291007671e-15 3.299037644508279815e-15 7.018144489077230811e-15 -7.810253151061211660e-16 -1.591862089376422232e-15 5.257495883421071320e-16 -4.131089693739937189e-16 -2.075437056296049355e-15 6.873690028174716944e-16 4.631130094662201241e-16 1.015500613907222663e-16 5.629475458894175521e-16 -3.977797970487824228e-16 7.842484222040685556e-16 1.236213997030857611e-15
-2.057475669353061135e-14 -1.109091521282933409e-14 9.629697252403976269e-15 -6.182214073812169522e-15 2.572645888742326607e-15 1.338681999824393574e-15 4.243202476259781235e-15 -6.300670492726203691e-15 -1.867317846046446604e-16 -4.314706087438290340e-15 -2.509504377846990975e-16 2.076866987476630304e-15 -6.836391756185025985e-16 -7.810253151061211660e-16 9.614599749580167953e-15 8.539047245450251321e-15 1.901280603961746530e-15 1.160140308558428183e-15 -1.565530964725983489e-15 1.604161019811835998e-16 -1.151272245475855354e-15 8.377422367579438614e-16 1.488271236054114593e-15 1.990609612198725626e-15 1.009451737543771079e-15 -9.076066975938075654e-16
-6.277706249797621884e-14 -1.431935418190795032e-14 -2.630916837214537211e-15 -5.468139735241086732e-15 2.908369315017678067e-15 -5.737946214124099314e-15 4.210553616665587401e-15 -4.659043632389268983e-15 2.280524737815065684e-15 -4.809465348174032420e-16 2.881310944591115744e-15 2.064421623589592265e-15 1.746643001265679272e-16 -1.591862089376422232e-15 8.539047245450251321e-15 1.452324330440860981e-14 3.316722219008339106e-15 1.848842019220854621e-15 -1.146401686993882170e-15 -2.609104589567560747e-15 -3.172109922498099438e-15 6.479499685102401375e-16 2.142298084411842735e-15 1.856424874363609943e-15 7.756220072283988415e-16 -1.693355748089652173e-15
-5.257314658021133128e-15 7.484674367935182809e-15 1.372964198432305402e-14 -4.327607307157483122e-15 -3.638441554237736851e-15 -5.438926296080728480e-15 -2.725854725533137686e-15 -4.751816713519837182e-15 -2.328161202156201135e-15 3.966464144479805604e-15 5.297170796152342672e-16 2.439818490549157383e-15 1.123932477475442416e-15 5.257495883421071320e-16 1.901280603961746530e-15 3.316722219008339106e-15 5.297489121499876408e-15 2.566149895016331902e-15 3.480547010936251353e-16 9.940933668696387363e-16 -1.029709243117561792e-15 1.858686702565747060e-18 2.355744362027543709e-16 -2.478890893960578404e-16 8.922542460063548642e-16 2.612380469202032460e-16
8.540169658225167243e-15 1.417980122378653428e-14 1.540768110182592125e-14 -7.330158309629641130e-15 2.813438013367195760e-15 -6.084371508003069247e-15 5.923148921044517919e-16 -1.929378809508723483e-15 1.207258512450343267e-15 1.587819604468161520e-15 1.427733655258967023e-15 5.268362667307549881e-16 -2.481222574586684854e-17 -4.131089693739937189e-16 1.160140308558428183e-15 1.848842019220854621e-15 2.566149895016331902e-15 4.553166529563784002e-15 1.939198315118465947e-15 7.720762178322858695e-16 -1.880399149730218792e-16 1.696999150730601723e-16 2.359619034630009590e-16 6.408902721093225505e-16 5.456422630835323573e-16 -1.263729506664893324e-16
2.122925239506409450e-14 2.416513389679943034e-15 1.467148848514681803e-14 -1.056317008868401436e-14 9.923747702544290202e-15 4.088389636969083815e-15 -4.271168943026707571e-15 2.508621265901259677e-15 4.086581520200943340e-15 -1.385868133607838899e-15 -3.187263101522585837e-15 -3.185578833415740701e-15 -2.181925336121901797e-15 -2.075437056296049355e-15 -1.565530964725983489e-15 -1.146401686993882170e-15 3.480547010936251353e-16 1.939198315118465947e-15 6.812461326310114182e-15 3.154182219162709646e-15 2.009457409760809278e-15 -2.499916032575506737e-16 -1.542310716167290082e-16 1.610218089107599633e-16 -2.611893950035088736e-16 9.708489083194844983e-17
3.381973216255250679e-14 6.722403021372178565e-15 2.276486864297471216e-14 -4.048653030648107879e-15 1.775220748131895872e-15 -6.112025618508666585e-16 -9.041608399019449939e-15 -2.711364290725692435e-15 2.834721005190674837e-16 -2.084467384798327123e-15 -5.263725977687046392e-15 -2.672128667082858379e-15 -8.197650350060708895e-16 6.873690028174716944e-16 1.604161019811835998e-16 -2.609104589567560747e-15 9.940933668696387363e-16 7.720762178322858695e-16 3.154182219162709646e-15 7.473851658668638905e-15 2.337839168987137596e-15 1.954408207827007662e-16 -1.239119353697370578e-16 -9.696242418761660268e-17 4.598910711702807430e-16 7.224666016464573360e-16
1.501998493587066486e-14 -9.111821844202200791e-15 -4.515576935457800895e-15 -1.108868084754425155e-14 1.453776109321856353e-15 4.969559564457629251e-15 6.664236154701628052e-16 1.216714994749487844e-15 -1.609169438078417249e-15 -6.194022039769148578e-15 -3.317064038552097447e-15 -1.930480959403042909e-15 2.277373228171297435e-16 4.631130094662201241e-16 -1.151272245475855354e-15 -3.172109922498099438e-15 -1.029709243117561792e-15 -1.880399149730218792e-16 2.009457409760809278e-15 2.337839168987137596e-15 5.706496351602542335e-15 1.625275067257954948e-15 5.373463765561207348e-16 3.322157287540902265e-16 -6.368306507242020370e-16 5.272353546855484197e-16
-1.223123475040754180e-14 -7.636130645257731486e-15 -2.798981356376756466e-15 -7.649488406787335437e-15 7.062364253251310600e-16 -4.679741852570275530e-15 -1.762337908954952314e-15 -3.749600487429732451e-16 -3.177102401075736047e-16 -2.325920081655150601e-15 -1.192735464214054290e-15 -5.314256248051104719e-16 6.633578247464412636e-16 1.015500613907222663e-16 8.377422367579438614e-16 6.479499685102401375e-16 1.858686702565747060e-18 1.696999150730601723e-16 -2.499916032575506737e-16 1.954408207827007662e-16 1.625275067257954948e-15 3.084198797535099699e-15 1.722167648415713059e-15 5.632440710061943668e-16 -2.017360545661391505e-17 6.900277404302287872e-18
-6.053238075133760909e-15 -6.966986590171011492e-15 1.467633200520585643e-15 -8.145936033060603525e-15 1.307807153962709011e-15 -6.872633566783106445e-15 -9.948479675067658184e-16 -7.198565978674034348e-16 -1.307030428286354677e-15 -1.090698993312352727e-15 -5.149879031035083674e-16 -6.284618507038595871e-16 4.302721356093654655e-16 5.629475458894175521e-16 1.488271236054114593e-15 2.142298084411842735e-15 2.355744362027543709e-16 2.359619034630009590e-16 -1.542310716167290082e-16 -1.239119353697370578e-16 5.373463765561207348e-16 1.722167648415713059e-15 3.176704518724272784e-15 1.199818329510428529e-15 1.804670978009014341e-16 1.576374890995656573e-16
-1.480447780876954808e-14 -5.238356247751259763e-15 -1.658755068047121047e-15 -1.203540412226952357e-14 3.128719519519874969e-15 -4.227200982564431753e-15 6.627609617425358079e-15 -1.609530603244968127e-15 -3.038495916048524349e-16 -3.839227887014200378e-15 2.038692120873527191e-16 1.098837418135405958e-15 5.846990060131949970e-16 -3.977797970487824228e-16 1.990609612198725626e-15 1.856424874363609943e-15 -2.478890893960578404e-16 6.408902721093225505e-16 1.610218089107599633e-16 -9.696242418761660268e-17 3.322157287540902265e-16 5.632440710061943668e-16 1.199818329510428529e-15 3.156460935478719302e-15 6.298444244813867551e-16 -3.841908910739588597e-16
6.062712327872746476e-15 3.637914292852346694e-15 7.535063016838961049e-15 5.784597684010763481e-15 -3.027501543943531549e-15 -4.540168331481062762e-15 1.230680996672386234e-15 -3.508605379063552760e-15 -3.895592721034050080e-16 2.938797076328897807e-15 1.157099077591709395e-15 1.090157276607793825e-15 -4.152887545212953809e-17 7.842484222040685556e-16 1.009451737543771079e-15 7.756220072283988415e-16 8.922542460063548642e-16 5.456422630835323573e-16 -2.611893950035088736e-16 4.598910711702807430e-16 -6.368306507242020370e-16 -2.017360545661391505e-17 1.804670978009014341e-16 6.298444244813867551e-16 2.416905841140668041e-15 8.692887408758020553e-16
1.534187318470485910e-14 6.607247009027310617e-16 2.610246910245552607e-15 6.704956683997588727e-15 -1.029403669482070664e-15 -2.410461166216006221e-16 1.815294438900152080e-16 -1.792437584569645250e-15 -2.480167944807819879e-15 1.217369412274117377e-15 1.969523813277791863e-16 -8.568278339065574285e-18 1.116102784597428970e-16 1.236213997030857611e-15 -9.076066975938075654e-16 -1.693355748089652173e-15 2.612380469202032460e-16 -1.263729506664893324e-16 9.708489083194844983e-17 7.224666016464573360e-16 5.272353546855484197e-16 6.900277404302287872e-18 1.576374890995656573e-16 -3.841908910739588597e-16 8.692887408758020553e-16 2.187354249292814557e-15
