1.049454581170885057e-12 1.230903471517927951e-13 6.473978763563063593e-14 -9.042317246828621504e-14 -6.310145596441176494e-14 1.083114269701659589e-13 3.840513229277975780e-14 2.737891422371363434e-14 -3.654069563882531898e-15 4.963823300087364751e-14 5.586178453067814929e-14 7.624404816057912687e-14 6.173037920744554730e-14 1.530131132434746520e-14 -3.506839596567489573e-14 1.527362023962178127e-14 -1.023439450627979371e-14 9.616279830403220106e-15 -1.298236877086513567e-14 2.279277313665333257e-14 2.844970039018515505e-14 2.344070379481464230e-14 1.236392483232171770e-14 -7.131048306679283008e-15 -1.900149602811635314e-14 -1.114813196228173324e-14
1.230903471517927951e-13 2.635719562920393192e-13 8.098767364818743565e-15 -7.776313815069373021e-14 -3.119307990613089052e-15 6.325376728195066886e-14 -7.317020249555848313e-15 -5.968405971024117590e-15 1.325596848968864784e-14 1.125044196475310339e-14 1.917848568585178731e-14 1.053918446191565423e-14 9.745230162756616021e-15 4.306128536355568215e-15 -1.340087901669250770e-14 8.764940923657398008e-15 -2.264850164855097377e-15 7.890459688206560315e-15 7.623511105436544284e-15 7.076259680289640133e-15 2.206155860630739076e-14 1.302562661691117019e-14 7.716386302600823738e-15 -1.392034360592303653e-15 -6.562304212856443437e-15 -9.248338929531413973e-16
6.473978763563063593e-14 8.098767364818743565e-15 3.747536728642542366e-13 1.017028257081558790e-13 -8.442636988301419976e-15 4.473522687783925472e-14 -1.749396269651173862e-14 -6.439813966072462170e-14 -8.295380217064057192e-14 -3.553362232988467851e-14 -4.459340756407879054e-14 -4.393164582752326451e-14 -3.262697552375885666e-14 -1.203219524416535383e-14 -3.451117079211682473e-14 -2.213111877232988018e-14 -4.235773454703598894e-15 -3.120396108297718128e-15 1.441008902453692209e-15 -2.232620466141939401e-14 8.309099926753849086e-16 1.055141381249244795e-14 1.154539060158966707e-14 2.872743747990569652e-15 1.077347092646022467e-15 -6.828985284437117590e-15
-9.042317246828621504e-14 -7.776313815069373021e-14 1.017028257081558790e-13 2.302798905680307037e-13 -3.368717545905768996e-14 1.049489452593025910e-14 9.104949695845043406e-15 -5.020312008795306526e-14 -4.539397234953123586e-14 1.744654709583159981e-14 -7.927777567613902498e-15 -1.118527462060853319e-14 -9.111845688700142541e-15 6.509539988061370053e-15 7.190472853759454446e-15 -2.697985138256365726e-15 -1.101189484836320874e-16 -1.038303092306949333e-14 -1.759697136823082303e-15 -1.749865656476882517e-14 -1.722145571923320943e-14 -2.515627631955977310e-15 -3.076242463874088431e-15 2.548553089652526693e-15 8.511790736477646991e-15 -4.687486727155783865e-15
-6.310145596441176494e-14 -3.119307990613089052e-15 -8.442636988301419976e-15 -3.368717545905768996e-14 1.058269243893425778e-13 1.966522418470419819e-15 1.759580025111677740e-15 1.211535013309216821e-14 1.171261151530358261e-14 2.930834666824318435e-15 7.857840564721956459e-17 -6.831505006460473967e-15 -1.467846021773464692e-14 -6.832165116473192254e-15 -2.022977794320689777e-15 -3.979178374001470517e-15 -3.778850045845189767e-15 1.179006192959365635e-15 6.882546639046396144e-15 1.832593813788989025e-15 -9.475748855392909931e-16 -3.701664049732036911e-15 -4.084410072094447424e-15 -4.273143592056431004e-15 -2.092163403454096193e-16 5.089679412187316058e-15
1.083114269701659589e-13 6.325376728195066886e-14 4.473522687783925472e-14 1.049489452593025910e-14 1.966522418470419819e-15 1.136530733747430681e-13 2.132318825282724870e-14 -2.388880208715270359e-14 -2.293048520670971724e-14 8.099682222144083215e-15 -5.823186192299600300e-15 -5.045684779061890858e-15 -5.976175718358976237e-16 -5.808271909698740787e-15 -2.102205202571870959e-14 2.410285460773777484e-15 -7.006407351176642715e-15 2.813311447539811926e-15 -2.482555230690670821e-16 3.779000897464022726e-15 1.746549972788138896e-14 9.713864868779463706e-15 7.711559558861387655e-15 3.446490280788730417e-15 1.723889168407564401e-15 3.927192775171333602e-15
3.840513229277975780e-14 -7.317020249555848313e-15 -1.749396269651173862e-14 9.104949695845043406e-15 1.759580025111677740e-15 2.132318825282724870e-14 3.590274960670842971e-14 2.076398224841033386e-14 1.849587503369834678e-14 1.563873225620429912e-14 2.143477800411464598e-14 9.698719321631101736e-15 4.207676004315617114e-15 8.830689351763059201e-15 3.913653652521472533e-15 4.257194572822658728e-15 1.312217241919488950e-16 7.479183056274885033e-16 7.715815727323433204e-16 3.321098341314156845e-15 2.485571747292840352e-15 9.120588530927974979e-16 4.959377489001675393e-17 -2.642439476557365350e-16 1.606948844602985457e-15 1.930941344485019305e-15
2.737891422371363434e-14 -5.968405971024117590e-15 -6.439813966072462170e-14 -5.020312008795306526e-14 1.211535013309216821e-14 -2.388880208715270359e-14 2.076398224841033386e-14 6.254948314355810102e-14 4.932408668886511884e-14 1.913767820551329140e-14 3.818226777165554284e-14 2.187722827429034569e-14 1.329127499069410156e-14 1.424835611763287314e-14 1.666335345074383810e-14 5.524935013430944922e-15 6.130177441707795525e-16 -1.520404463241646002e-15 -1.405630382186308727e-15 3.864520089204740559e-15 -4.423351833000483776e-15 -4.132128359411122290e-15 -3.701062166299876951e-15 -4.907999410499147977e-15 -3.654179165829506866e-15 1.073655078131764458e-15
-3.654069563882531898e-15 1.325596848968864784e-14 -8.295380217064057192e-14 -4.539397234953123586e-14 1.171261151530358261e-14 -2.293048520670971724e-14 1.849587503369834678e-14 4.932408668886511884e-14 7.124623681661105829e-14 2.987896049151531718e-14 3.538504184154329993e-14 1.519162905627663300e-14 1.485158383049562073e-14 1.701906750366753142e-14 2.332420195915016594e-14 8.684107969084362233e-15 2.674078652519384781e-15 3.726732994678523372e-15 4.221298314589738381e-15 7.552284920793706509e-15 -5.428848496080414553e-15 -4.525894997389210949e-15 -6.118378586684290700e-15 -4.352192374995285561e-15 -1.999080349263662312e-15 6.590151461215470119e-16
4.963823300087364751e-14 1.125044196475310339e-14 -3.553362232988467851e-14 1.744654709583159981e-14 2.930834666824318435e-15 8.099682222144083215e-15 1.563873225620429912e-14 1.913767820551329140e-14 2.987896049151531718e-14 5.905607106170404072e-14 3.275593159307270737e-14 1.199754096293355472e-14 1.345897542455958613e-14 1.691689706628515989e-14 1.975203639322419013e-14 6.160265603146106087e-15 -3.256225051931351972e-17 2.012884902883240842e-15 3.156502188950300575e-15 7.577145849588667246e-16 -6.170731520577342557e-15 -4.555441125580481245e-15 -2.532343532969044665e-15 -2.068966088484294969e-15 8.713760779188559405e-16 6.588998686441843102e-16
5.586178453067814929e-14 1.917848568585178731e-14 -4.459340756407879054e-14 -7.927777567613902498e-15 7.857840564721956459e-17 -5.823186192299600300e-15 2.143477800411464598e-14 3.818226777165554284e-14 3.538504184154329993e-14 3.275593159307270737e-14 7.696449021631517112e-14 3.375661332009373273e-14 2.084142820292201125e-14 3.148787001581228634e-14 2.562909161180493723e-14 7.515387732745939264e-15 -3.238119369494321585e-16 -2.378637778241035758e-15 -1.416130259260917944e-15 1.309015568449624968e-15 2.435692585103165623e-16 -5.986431151965596160e-16 2.551117400195804153e-16 -3.101470143380712970e-15 -1.491660433041882347e-15 1.967354139604679667e-15
7.624404816057912687e-14 1.053918446191565423e-14 -4.393164582752326451e-14 -1.118527462060853319e-14 -6.831505006460473967e-15 -5.045684779061890858e-15 9.698719321631101736e-15 2.187722827429034569e-14 1.519162905627663300e-14 1.199754096293355472e-14 3.375661332009373273e-14 2.874951417382898063e-14 1.613237039704633340e-14 1.439239819025892432e-14 8.722049588188986652e-15 5.586991544699379516e-15 -9.756904293087166091e-17 -2.331362819349829487e-15 -3.239804413101998199e-15 3.753414292518098838e-15 1.201916034139320545e-15 1.062174266691909335e-16 -1.253525505303809168e-15 -2.454337841567684300e-15 -2.029982535986457389e-15 8.779146010253484486e-16
6.173037920744554730e-14 9.745230162756616021e-15 -3.262697552375885666e-14 -9.111845688700142541e-15 -1.467846021773464692e-14 -5.976175718358976237e-16 4.207676004315617114e-15 1.329127499069410156e-14 1.485158383049562073e-14 1.345897542455958613e-14 2.084142820292201125e-14 1.613237039704633340e-14 1.937436474190277694e-14 1.001580763067053825e-14 4.791456354280125599e-15 3.665233753027238653e-15 -5.878664477475381169e-16 1.001278419002504575e-15 -2.765150816450715824e-15 2.454161165129991471e-15 8.772105310994670105e-16 3.399294737910933223e-16 1.626847679027377913e-16 -2.704103085297189084e-16 -4.903402264234470000e-16 3.583034416415185166e-16
1.530131132434746520e-14 4.306128536355568215e-15 -1.203219524416535383e-14 6.509539988061370053e-15 -6.832165116473192254e-15 -5.808271909698740787e-15 8.830689351763059201e-15 1.424835611763287314e-14 1.701906750366753142e-14 1.691689706628515989e-14 3.148787001581228634e-14 1.439239819025892432e-14 1.001580763067053825e-14 1.992066410577731968e-14 1.628196697383906293e-14 5.202397144166628418e-15 1.571787409859495905e-15 2.437919465794017841e-17 1.985299608348725742e-16 -2.597101471990928108e-16 -2.590567531685745128e-15 9.768489593842869659e-17 2.329391499757235773e-18 -9.742523804628501042e-16 -2.274232949225139936e-16 2.687324879338980770e-16
-3.506839596567489573e-14 -1.340087901669250770e-14 -3.451117079211682473e-14 7.190472853759454446e-15 -2.022977794320689777e-15 -2.102205202571870959e-14 3.913653652521472533e-15 1.666335345074383810e-14 2.332420195915016594e-14 1.975203639322419013e-14 2.562909161180493723e-14 8.722049588188986652e-15 4.791456354280125599e-15 1.628196697383906293e-14 2.494843474667732392e-14 5.768538005399741083e-15 2.702351133559487542e-15 -5.899244261672391440e-16 2.153186826406272722e-15 -4.790084861749513297e-17 -8.065702830438517893e-15 -3.535105687300286013e-15 -2.848584015284588967e-15 -1.414489528107106881e-15 -2.871009659841934113e-16 -2.868810394988799552e-16
1.527362023962178127e-14 8.764940923657398008e-15 -2.213111877232988018e-14 -2.697985138256365726e-15 -3.979178374001470517e-15 2.410285460773777484e-15 4.257194572822658728e-15 5.524935013430944922e-15 8.684107969084362233e-15 6.160265603146106087e-15 7.515387732745939264e-15 5.586991544699379516e-15 3.665233753027238653e-15 5.202397144166628418e-15 5.768538005399741083e-15 6.242237016777885785e-15 2.127687832355540698e-15 1.432385247014907595e-15 1.136620745095440516e-15 2.529215202200043315e-15 1.081717070842789693e-15 8.118566822219037015e-16 -4.629297811087619003e-16 -8.414690583043342309e-16 -1.265185275382554169e-15 -3.025603344164719647e-16
-1.023439450627979371e-14 -2.264850164855097377e-15 -4.235773454703598894e-15 -1.101189484836320874e-16 -3.778850045845189767e-15 -7.006407351176642715e-15 1.312217241919488950e-16 6.130177441707795525e-16 2.674078652519384781e-15 -3.256225051931351972e-17 -3.238119369494321585e-16 -9.756904293087166091e-17 -5.878664477475381169e-16 1.571787409859495905e-15 2.702351133559487542e-15 2.127687832355540698e-15 4.360309885844892184e-15 2.449788858847747680e-15 1.839150277548910033e-15 6.725413015087868465e-16 -8.915775050985537386e-17 -1.698335056734845011e-16 -5.272480441525544954e-17 -7.118190566647094241e-17 1.420095602681010785e-16 -2.791253365513914217e-16
9.616279830403220106e-15 7.890459688206560315e-15 -3.120396108297718128e-15 -1.038303092306949333e-14 1.179006192959365635e-15 2.813311447539811926e-15 7.479183056274885033e-16 -1.520404463241646002e-15 3.726732994678523372e-15 2.012884902883240842e-15 -2.378637778241035758e-15 -2.331362819349829487e-15 1.001278419002504575e-15 2.437919465794017841e-17 -5.899244261672391440e-16 1.432385247014907595e-15 2.449788858847747680e-15 6.674498353055074668e-15 3.803562199921763359e-15 3.264153906614132559e-15 1.748848108455314258e-15 8.699888993433715719e-16 9.888270568766479049e-16 7.273443381632011905e-16 2.270969594670344666e-16 3.647216623113062805e-16
-1.298236877086513567e-14 7.623511105436544284e-15 1.441008902453692209e-15 -1.759697136823082303e-15 6.882546639046396144e-15 -2.482555230690670821e-16 7.715815727323433204e-16 -1.405630382186308727e-15 4.221298314589738381e-15 3.156502188950300575e-15 -1.416130259260917944e-15 -3.239804413101998199e-15 -2.765150816450715824e-15 1.985299608348725742e-16 2.153186826406272722e-15 1.136620745095440516e-15 1.839150277548910033e-15 3.803562199921763359e-15 6.718096912277841199e-15 3.702745206232407161e-15 2.134783706795501530e-15 8.753842840922642199e-16 3.289907260857642031e-16 3.639698513439070404e-16 2.071353991377332104e-16 1.064424247316115319e-17
2.279277313665333257e-14 7.076259680289640133e-15 -2.232620466141939401e-14 -1.749865656476882517e-14 1.832593813788989025e-15 3.779000897464022726e-15 3.321098341314156845e-15 3.864520089204740559e-15 7.552284920793706509e-15 7.577145849588667246e-16 1.309015568449624968e-15 3.753414292518098838e-15 2.454161165129991471e-15 -2.597101471990928108e-16 -4.790084861749513297e-17 2.529215202200043315e-15 6.725413015087868465e-16 3.264153906614132559e-15 3.702745206232407161e-15 8.943069235100612630e-15 7.239054023430932019e-15 2.917624839929201098e-15 6.381480233048450879e-16 6.319074328192533059e-16 -6.076578499717632071e-16 1.734739216271257736e-16
2.844970039018515505e-14 2.206155860630739076e-14 8.309099926753849086e-16 -1.722145571923320943e-14 -9.475748855392909931e-16 1.746549972788138896e-14 2.485571747292840352e-15 -4.423351833000483776e-15 -5.428848496080414553e-15 -6.170731520577342557e-15 2.435692585103165623e-16 1.201916034139320545e-15 8.772105310994670105e-16 -2.590567531685745128e-15 -8.065702830438517893e-15 1.081717070842789693e-15 -8.915775050985537386e-17 1.748848108455314258e-15 2.134783706795501530e-15 7.239054023430932019e-15 1.738656096747067023e-14 7.805001069467633492e-15 4.023117204252478063e-15 1.672365853067917289e-15 -6.010097519451065846e-16 5.332717892429882285e-16
2.344070379481464230e-14 1.302562661691117019e-14 1.055141381249244795e-14 -2.515627631955977310e-15 -3.701664049732036911e-15 9.713864868779463706e-15 9.120588530927974979e-16 -4.132128359411122290e-15 -4.525894997389210949e-15 -4.555441125580481245e-15 -5.986431151965596160e-16 1.062174266691909335e-16 3.399294737910933223e-16 9.768489593842869659e-17 -3.535105687300286013e-15 8.118566822219037015e-16 -1.698335056734845011e-16 8.699888993433715719e-16 8.753842840922642199e-16 2.917624839929201098e-15 7.805001069467633492e-15 8.283051794913893502e-15 4.252937524443996330e-15 1.238534998542801264e-15 -8.501243764754529934e-16 -4.416048431358392770e-16
1.236392483232171770e-14 7.716386302600823738e-15 1.154539060158966707e-14 -3.076242463874088431e-15 -4.084410072094447424e-15 7.711559558861387655e-15 4.959377489001675393e-17 -3.701062166299876951e-15 -6.118378586684290700e-15 -2.532343532969044665e-15 2.551117400195804153e-16 -1.253525505303809168e-15 1.626847679027377913e-16 2.329391499757235773e-18 -2.848584015284588967e-15 -4.629297811087619003e-16 -5.272480441525544954e-17 9.888270568766479049e-16 3.289907260857642031e-16 6.381480233048450879e-16 4.023117204252478063e-15 4.252937524443996330e-15 6.662643508736312561e-15 3.028355311022813605e-15 2.569513339346814302e-16 2.145626405542319514e-16
-7.131048306679283008e-15 -1.392034360592303653e-15 2.872743747990569652e-15 2.548553089652526693e-15 -4.273143592056431004e-15 3.446490280788730417e-15 -2.642439476557365350e-16 -4.907999410499147977e-15 -4.352192374995285561e-15 -2.068966088484294969e-15 -3.101470143380712970e-15 -2.454337841567684300e-15 -2.704103085297189084e-16 -9.742523804628501042e-16 -1.414489528107106881e-15 -8.414690583043342309e-16 -7.118190566647094241e-17 7.273443381632011905e-16 3.639698513439070404e-16 6.319074328192533059e-16 1.672365853067917289e-15 1.238534998542801264e-15 3.028355311022813605e-15 4.456677909361846291e-15 2.626362591077773590e-15 7.716361669223535961e-16
-1.900149602811635314e-14 -6.562304212856443437e-15 1.077347092646022467e-15 8.511790736477646991e-15 -2.092163403454096193e-16 1.723889168407564401e-15 1.606948844602985457e-15 -3.654179165829506866e-15 -1.999080349263662312e-15 8.713760779188559405e-16 -1.491660433041882347e-15 -2.029982535986457389e-15 -4.903402264234470000e-16 -2.274232949225139936e-16 -2.871009659841934113e-16 -1.265185275382554169e-15 1.420095602681010785e-16 2.270969594670344666e-16 2.071353991377332104e-16 -6.076578499717632071e-16 -6.010097519451065846e-16 -8.501243764754529934e-16 2.569513339346814302e-16 2.626362591077773590e-15 5.035364601455164184e-15 2.376656535671138484e-15
-1.114813196228173324e-14 -9.248338929531413973e-16 -6.828985284437117590e-15 -4.687486727155783865e-15 5.089679412187316058e-15 3.927192775171333602e-15 1.930941344485019305e-15 1.073655078131764458e-15 6.590151461215470119e-16 6.588998686441843102e-16 1.967354139604679667e-15 8.779146010253484486e-16 3.583034416415185166e-16 2.687324879338980770e-16 -2.868810394988799552e-16 -3.025603344164719647e-16 -2.791253365513914217e-16 3.647216623113062805e-16 1.064424247316115319e-17 1.734739216271257736e-16 5.332717892429882285e-16 -4.416048431358392770e-16 2.145626405542319514e-16 7.716361669223535961e-16 2.376656535671138484e-15 4.467544562519078189e-15
