1.613412907140077389e-12 3.977316950792178328e-13 -5.759852347166517735e-13 2.063041943471671115e-13 1.014255384094140247e-13 -4.775895044822688154e-14 -1.314915487765783304e-13 1.223956815015491578e-13 -5.045615252933236217e-14 2.251230829796975709e-14 8.554214056302354013e-15 6.270161511689186272e-14 -3.011213222626041441e-14 2.827479736329972622e-14 -5.048219763508424660e-14 -2.379376927533856907e-15 -2.882729944708794261e-14 -3.305133628634645012e-14 -5.308950553781225673e-14 -6.326933812528807293e-14 -4.058169444680836199e-14 -1.625724131086680474e-14 1.372909962729790986e-14 7.431145327879450496e-15 1.284552162942067182e-14 -4.968074743354328294e-15
3.977316950792178328e-13 8.347787356223859199e-13 -1.830273904009757580e-13 -9.950688298452095842e-15 -3.336227269202545597e-14 -1.156019921124107625e-13 -1.273596533553312897e-14 7.020969150266802235e-14 4.205215628183469309e-16 -1.577720700841766453e-15 2.864041939555455914e-14 1.945406370865968484e-14 3.019820675685678794e-14 3.426432683944993770e-14 -5.239413976753479771e-15 4.539257218554575876e-14 -7.218584013714718307e-15 -4.903121184739799111e-14 -1.399602710606253735e-14 -2.192864065712415982e-14 -1.370112260614094056e-14 -3.668424211976469966e-14 -8.668034171312096369e-15 -4.225852816996562295e-16 -1.573069851389305901e-15 2.316478559862756729e-15
-5.759852347166517735e-13 -1.830273904009757580e-13 3.986185768169758834e-13 -1.336504045064887566e-13 -1.526959431017333706e-13 8.741376658083037106e-15 1.222147321358005154e-14 -2.986973902547267152e-14 5.468663571091043688e-15 1.031328504683158208e-14 -3.216991241108924663e-15 -1.950425863324698992e-14 3.503386573292744372e-14 -8.708325600627289618e-15 1.497670197359160976e-14 1.786911638036537060e-14 1.943254740884931963e-14 1.138925674045609630e-14 2.036093770945222554e-14 2.619164811885642607e-14 1.328741751274725753e-14 1.366203113574685234e-14 -8.141277703302432912e-15 -3.108105231934666385e-15 -8.340678570778627740e-15 6.826830037393245163e-15
2.063041943471671115e-13 -9.950688298452095842e-15 -1.336504045064887566e-13 2.443615253426447282e-13 2.419354638997019635e-13 1.381816928623745084e-13 7.289902229507444068e-14 3.855905954754265009e-14 1.139150363777713034e-14 1.269525402977693047e-14 -5.693301013821896441e-15 3.152114052162375103e-14 -4.384371444839508244e-15 2.714361032319905663e-14 1.096744459671371329e-15 -1.280887013615542109e-14 -3.231121075054405032e-14 2.793805765433401272e-15 1.111633381915025780e-14 -1.242150679800705095e-14 3.827863106569816710e-15 -1.092132706956283503e-15 2.163282194153491427e-15 -2.645869709890828545e-15 7.180154293294655233e-15 1.254685400384781029e-15
1.014255384094140247e-13 -3.336227269202545597e-14 -1.526959431017333706e-13 2.419354638997019635e-13 4.276962755591095267e-13 2.004459177896284514e-13 1.946108029584919606e-13 3.301014963259709679e-14 4.406650894297340216e-14 2.922841413722840074e-14 6.952902764296669890e-15 3.717263879563661382e-14 -2.292075346205905804e-14 4.794474384278030540e-14 1.404933889311481554e-14 -2.583660772953234470e-14 -4.213417648541098479e-14 8.182575359489198146e-15 1.633131807385378672e-14 -1.594836515013915835e-14 1.625960884750703010e-14 -4.296321068798404082e-15 2.370173550115703084e-16 -9.330501339536210738e-15 6.283381014699126645e-15 -1.692182172721723971e-15
-4.775895044822688154e-14 -1.156019921124107625e-13 8.741376658083037106e-15 1.381816928623745084e-13 2.004459177896284514e-13 1.628247390056988253e-13 1.115378544297312889e-13 2.408133880112918059e-14 2.391715241623138948e-14 2.148525451566001958e-14 -9.663778505717136580e-15 2.077958628469455500e-14 3.766944035969031602e-16 2.320715596188155686e-14 9.183770533840341769e-15 -1.059295243689898053e-14 -2.287627686092978698e-14 1.191108734443236304e-14 1.618087334263725743e-14 -6.917129425587729135e-16 1.273397354615656147e-14 6.540909531645358849e-15 -2.905028622219668066e-15 -8.102209694593563503e-15 3.160834263554351008e-15 2.468000788247039568e-15
-1.314915487765783304e-13 -1.273596533553312897e-14 1.222147321358005154e-14 7.289902229507444068e-14 1.946108029584919606e-13 1.115378544297312889e-13 1.695705716927959817e-13 -4.841252920385938952e-15 1.889023308755814055e-14 1.493878438920365137e-14 1.716910078414383972e-15 1.153546657628274176e-14 -1.649671014911460438e-14 1.865549479026950769e-14 1.024431981809708844e-14 -4.040368293543793662e-15 -1.266877095637222906e-14 5.572119332310125156e-15 8.526270313943186261e-15 -3.169724611015604496e-15 1.387243199401902949e-14 -2.836373533030831734e-15 -4.850478189972193652e-15 -9.154631831993038031e-15 -2.887047638278492489e-16 -1.021723107779574003e-16
1.223956815015491578e-13 7.020969150266802235e-14 -2.986973902547267152e-14 3.855905954754265009e-14 3.301014963259709679e-14 2.408133880112918059e-14 -4.841252920385938952e-15 4.485733315370124047e-14 -3.180641634872121753e-15 1.062363889632988874e-14 4.524228428797155189e-15 1.326755064746308554e-14 1.229485781876298087e-14 1.800097857043382414e-14 4.353061151412730830e-16 1.742724828241199078e-15 -7.543458105292336131e-15 -5.450639494353630102e-15 1.453136845386492893e-15 -5.107921189506024139e-15 5.818632934514665861e-16 -1.254889626592446130e-15 -2.342225114832397321e-15 -1.021652027857157342e-15 2.364218014385877751e-16 1.753543172181479180e-15
-5.045615252933236217e-14 4.205215628183469309e-16 5.468663571091043688e-15 1.139150363777713034e-14 4.406650894297340216e-14 2.391715241623138948e-14 1.889023308755814055e-14 -3.180641634872121753e-15 5.141130675190448553e-14 1.034537903527262349e-14 7.824396057771352982e-16 -4.054840099865923048e-15 3.770262747491588920e-15 1.011537064763832480e-14 6.859452593410187508e-15 8.276199134124357315e-15 -2.292598897028708089e-15 7.048758055467809638e-15 1.024436444102198889e-14 3.292393791282197110e-15 3.505146422344351850e-15 1.351701992219694538e-15 -1.018558026750006359e-15 -1.532125997741303519e-15 2.796534216200591211e-15 7.540153966304374544e-16
2.251230829796975709e-14 -1.577720700841766453e-15 1.031328504683158208e-14 1.269525402977693047e-14 2.922841413722840074e-14 2.148525451566001958e-14 1.493878438920365137e-14 1.062363889632988874e-14 1.034537903527262349e-14 2.268341432700906537e-14 1.676965417334749565e-15 5.019322987788549083e-15 1.989446139966702890e-15 1.037860069015434866e-14 1.590416520012108770e-15 3.554946392830760868e-15 -1.940998214293886769e-15 5.943467465875858835e-15 6.901312187861789084e-15 -3.759821061140179549e-15 -1.177336415717443722e-15 -3.242401257436109448e-18 7.178098014033776923e-16 -2.366051814026218589e-15 1.667447991348434531e-15 8.160115754983607403e-16
8.554214056302354013e-15 2.864041939555455914e-14 -3.216991241108924663e-15 -5.693301013821896441e-15 6.952902764296669890e-15 -9.663778505717136580e-15 1.716910078414383972e-15 4.524228428797155189e-15 7.824396057771352982e-16 1.676965417334749565e-15 9.613041972835318489e-15 -1.470964450839006457e-16 2.018092928043173615e-15 7.604349960105763970e-15 9.488076211976294607e-16 1.219172226075986595e-15 -4.512551722125906004e-16 -2.985023834325018895e-15 -7.281947786967961964e-16 -2.553425150845741174e-15 3.646896145055228409e-16 -1.891141028037533383e-15 -1.465916337193133683e-16 2.871436270336946607e-16 -6.874211150994211578e-16 -2.684399313921460282e-17
6.270161511689186272e-14 1.945406370865968484e-14 -1.950425863324698992e-14 3.152114052162375103e-14 3.717263879563661382e-14 2.077958628469455500e-14 1.153546657628274176e-14 1.326755064746308554e-14 -4.054840099865923048e-15 5.019322987788549083e-15 -1.470964450839006457e-16 3.035928790810659490e-14 6.004012725825926931e-15 8.972383754230557084e-15 4.466013430060022397e-15 -4.641092489824735608e-16 -4.702237354130724336e-15 -3.214411712388134584e-15 2.216927276882797359e-16 -9.032810683687184011e-15 -2.908581365442945963e-15 -3.015122333137961623e-15 -2.723144714551167184e-16 -1.829866966902088444e-15 6.228566650281816978e-16 2.506501678821992726e-16
-3.011213222626041441e-14 3.019820675685678794e-14 3.503386573292744372e-14 -4.384371444839508244e-15 -2.292075346205905804e-14 3.766944035969031602e-16 -1.649671014911460438e-14 1.229485781876298087e-14 3.770262747491588920e-15 1.989446139966702890e-15 2.018092928043173615e-15 6.004012725825926931e-15 2.789443536002904721e-14 9.624851253656152538e-15 5.200860221754712051e-15 8.468832349430165900e-15 -2.443071799005290326e-15 -5.337990419223085321e-15 1.338883464979190779e-15 -1.765548215422244298e-15 1.585352135875434223e-16 1.721516148622311937e-15 -1.947264145127578585e-15 -1.088487384307728349e-15 -1.404011232059615526e-15 1.362913710387937748e-15
2.827479736329972622e-14 3.426432683944993770e-14 -8.708325600627289618e-15 2.714361032319905663e-14 4.794474384278030540e-14 2.320715596188155686e-14 1.865549479026950769e-14 1.800097857043382414e-14 1.011537064763832480e-14 1.037860069015434866e-14 7.604349960105763970e-15 8.972383754230557084e-15 9.624851253656152538e-15 2.805327842427433321e-14 9.705713982610675770e-15 4.555553118681533254e-15 -3.369810085409336580e-15 1.474144521344973432e-15 5.120259945901393599e-15 -6.564187012182189262e-15 1.266763525642876924e-15 -9.863051445698891060e-16 2.833043419251932923e-16 -2.008527325947383696e-15 1.211852036276517153e-15 3.750810536175698084e-16
-5.048219763508424660e-14 -5.239413976753479771e-15 1.497670197359160976e-14 1.096744459671371329e-15 1.404933889311481554e-14 9.183770533840341769e-15 1.024431981809708844e-14 4.353061151412730830e-16 6.859452593410187508e-15 1.590416520012108770e-15 9.488076211976294607e-16 4.466013430060022397e-15 5.200860221754712051e-15 9.705713982610675770e-15 1.027065771196943222e-14 3.507177296887553656e-15 1.746592992309732372e-15 2.114025594912509964e-15 3.817150140553483829e-15 -4.399528564121532762e-16 1.748302219226810038e-15 -4.409382340850342995e-16 -3.530712828025508389e-16 -1.306210175419521896e-15 1.452535105662347462e-16 5.275826419556537587e-17
-2.379376927533856907e-15 4.539257218554575876e-14 1.786911638036537060e-14 -1.280887013615542109e-14 -2.583660772953234470e-14 -1.059295243689898053e-14 -4.040368293543793662e-15 1.742724828241199078e-15 8.276199134124357315e-15 3.554946392830760868e-15 1.219172226075986595e-15 -4.641092489824735608e-16 8.468832349430165900e-15 4.555553118681533254e-15 3.507177296887553656e-15 1.641158097086902550e-14 5.200523256055443582e-15 -5.444393904214923645e-16 1.709358942370394123e-15 -6.198394261842621845e-16 -6.566911382033442611e-16 -1.172437523759199921e-15 -5.820219552022319695e-16 -3.638979716974197947e-16 -1.429507488198427606e-16 5.368922045787557025e-16
-2.882729944708794261e-14 -7.218584013714718307e-15 1.943254740884931963e-14 -3.231121075054405032e-14 -4.213417648541098479e-14 -2.287627686092978698e-14 -1.266877095637222906e-14 -7.543458105292336131e-15 -2.292598897028708089e-15 -1.940998214293886769e-15 -4.512551722125906004e-16 -4.702237354130724336e-15 -2.443071799005290326e-15 -3.369810085409336580e-15 1.746592992309732372e-15 5.200523256055443582e-15 1.275389122795007791e-14 4.739065052833286254e-15 1.172804856997476434e-15 3.057815035446601536e-15 -1.020501926876511521e-15 2.632722421535664845e-16 5.806918449764756138e-16 8.038119493712518101e-16 -8.732341388038673039e-16 -6.074462354327235630e-16
-3.305133628634645012e-14 -4.903121184739799111e-14 1.138925674045609630e-14 2.793805765433401272e-15 8.182575359489198146e-15 1.191108734443236304e-14 5.572119332310125156e-15 -5.450639494353630102e-15 7.048758055467809638e-15 5.943467465875858835e-15 -2.985023834325018895e-15 -3.214411712388134584e-15 -5.337990419223085321e-15 1.474144521344973432e-15 2.114025594912509964e-15 -5.444393904214923645e-16 4.739065052833286254e-15 1.270846374740465466e-14 8.581752143767650048e-15 3.543201872772578783e-15 6.073110871513116501e-16 2.071842951044688515e-15 2.087608649292010612e-15 -2.656452345517411873e-16 1.469593181194589130e-15 -5.499443614439047933e-16
-5.308950553781225673e-14 -1.399602710606253735e-14 2.036093770945222554e-14 1.111633381915025780e-14 1.633131807385378672e-14 1.618087334263725743e-14 8.526270313943186261e-15 1.453136845386492893e-15 1.024436444102198889e-14 6.901312187861789084e-15 -7.281947786967961964e-16 2.216927276882797359e-16 1.338883464979190779e-15 5.120259945901393599e-15 3.817150140553483829e-15 1.709358942370394123e-15 1.172804856997476434e-15 8.581752143767650048e-15 1.468365686293216899e-14 5.209255047749901935e-15 2.446119454787007651e-15 4.912254932384767732e-16 3.301011665718379602e-16 -4.316583011415520939e-16 1.165300743577235209e-15 6.925270278383597743e-16
-6.326933812528807293e-14 -2.192864065712415982e-14 2.619164811885642607e-14 -1.242150679800705095e-14 -1.594836515013915835e-14 -6.917129425587729135e-16 -3.169724611015604496e-15 -5.107921189506024139e-15 3.292393791282197110e-15 -3.759821061140179549e-15 -2.553425150845741174e-15 -9.032810683687184011e-15 -1.765548215422244298e-15 -6.564187012182189262e-15 -4.399528564121532762e-16 -6.198394261842621845e-16 3.057815035446601536e-15 3.543201872772578783e-15 5.209255047749901935e-15 1.227516861980505323e-14 5.987593839292314492e-15 3.292501757702244052e-15 -1.736172609579540531e-16 6.877128528105290466e-16 -5.966298527737687741e-16 4.967490721792775600e-16
-4.058169444680836199e-14 -1.370112260614094056e-14 1.328741751274725753e-14 3.827863106569816710e-15 1.625960884750703010e-14 1.273397354615656147e-14 1.387243199401902949e-14 5.818632934514665861e-16 3.505146422344351850e-15 -1.177336415717443722e-15 3.646896145055228409e-16 -2.908581365442945963e-15 1.585352135875434223e-16 1.266763525642876924e-15 1.748302219226810038e-15 -6.566911382033442611e-16 -1.020501926876511521e-15 6.073110871513116501e-16 2.446119454787007651e-15 5.987593839292314492e-15 8.962289040040516004e-15 3.798804215121871269e-15 -1.031874053769340110e-15 -4.916127579744405828e-16 -6.174804618046400592e-16 4.267002784174795096e-16
-1.625724131086680474e-14 -3.668424211976469966e-14 1.366203113574685234e-14 -1.092132706956283503e-15 -4.296321068798404082e-15 6.540909531645358849e-15 -2.836373533030831734e-15 -1.254889626592446130e-15 1.351701992219694538e-15 -3.242401257436109448e-18 -1.891141028037533383e-15 -3.015122333137961623e-15 1.721516148622311937e-15 -9.863051445698891060e-16 -4.409382340850342995e-16 -1.172437523759199921e-15 2.632722421535664845e-16 2.071842951044688515e-15 4.912254932384767732e-16 3.292501757702244052e-15 3.798804215121871269e-15 6.864774620670403656e-15 1.248487776463227235e-15 3.009320721813522715e-16 -1.659658579115656645e-16 2.608515242464295368e-16
1.372909962729790986e-14 -8.668034171312096369e-15 -8.141277703302432912e-15 2.163282194153491427e-15 2.370173550115703084e-16 -2.905028622219668066e-15 -4.850478189972193652e-15 -2.342225114832397321e-15 -1.018558026750006359e-15 7.178098014033776923e-16 -1.465916337193133683e-16 -2.723144714551167184e-16 -1.947264145127578585e-15 2.833043419251932923e-16 -3.530712828025508389e-16 -5.820219552022319695e-16 5.806918449764756138e-16 2.087608649292010612e-15 3.301011665718379602e-16 -1.736172609579540531e-16 -1.031874053769340110e-15 1.248487776463227235e-15 5.012854018170099338e-15 1.492504940516775278e-15 1.195165788681506187e-15 -3.623477930017184586e-16
7.431145327879450496e-15 -4.225852816996562295e-16 -3.108105231934666385e-15 -2.645869709890828545e-15 -9.330501339536210738e-15 -8.102209694593563503e-15 -9.154631831993038031e-15 -1.021652027857157342e-15 -1.532125997741303519e-15 -2.366051814026218589e-15 2.871436270336946607e-16 -1.829866966902088444e-15 -1.088487384307728349e-15 -2.008527325947383696e-15 -1.306210175419521896e-15 -3.638979716974197947e-16 8.038119493712518101e-16 -2.656452345517411873e-16 -4.316583011415520939e-16 6.877128528105290466e-16 -4.916127579744405828e-16 3.009320721813522715e-16 1.492504940516775278e-15 3.643070105452054604e-15 1.363539891586479434e-15 3.065893364618002186e-16
1.284552162942067182e-14 -1.573069851389305901e-15 -8.340678570778627740e-15 7.180154293294655233e-15 6.283381014699126645e-15 3.160834263554351008e-15 -2.887047638278492489e-16 2.364218014385877751e-16 2.796534216200591211e-15 1.667447991348434531e-15 -6.874211150994211578e-16 6.228566650281816978e-16 -1.404011232059615526e-15 1.211852036276517153e-15 1.452535105662347462e-16 -1.429507488198427606e-16 -8.732341388038673039e-16 1.469593181194589130e-15 1.165300743577235209e-15 -5.966298527737687741e-16 -6.174804618046400592e-16 -1.659658579115656645e-16 1.195165788681506187e-15 1.363539891586479434e-15 4.042094719227265101e-15 1.066866086611773222e-15
-4.968074743354328294e-15 2.316478559862756729e-15 6.826830037393245163e-15 1.254685400384781029e-15 -1.692182172721723971e-15 2.468000788247039568e-15 -1.021723107779574003e-16 1.753543172181479180e-15 7.540153966304374544e-16 8.160115754983607403e-16 -2.684399313921460282e-17 2.506501678821992726e-16 1.362913710387937748e-15 3.750810536175698084e-16 5.275826419556537587e-17 5.368922045787557025e-16 -6.074462354327235630e-16 -5.499443614439047933e-16 6.925270278383597743e-16 4.967490721792775600e-16 4.267002784174795096e-16 2.608515242464295368e-16 -3.623477930017184586e-16 3.065893364618002186e-16 1.066866086611773222e-15 2.618092545339417901e-15
