1.542991682275030899e-12 3.550412328026549397e-13 3.546209005656307599e-13 1.589436990439937998e-13 3.107687053544507646e-14 4.257135226133026068e-14 -8.707250147219248514e-14 -2.037012103802656621e-15 2.117124871606865376e-14 9.406125948202338645e-15 -3.122765345156811139e-14 -4.215386708684967304e-14 -6.458455374819096836e-14 2.038235096288517375e-14 -2.057475669353053246e-14 -6.277706249797643341e-14 -5.257314658021038464e-15 8.540169658225115178e-15 2.122925239506453626e-14 3.381973216255243737e-14 1.501998493587030514e-14 -1.223123475040734301e-14 -6.053238075133693856e-15 -1.480447780876914734e-14 6.062712327872624991e-15 1.534187318470591302e-14
3.550412328026549397e-13 4.479580089476088472e-13 2.515900198627760807e-13 3.994459930526767865e-14 -4.422326733068552183e-15 -7.791711452738878015e-14 -3.827940562822675125e-14 -2.199902808070996849e-15 3.805655790199463998e-14 4.566913190967225934e-14 1.291024465221660495e-14 2.817631099792074204e-15 -1.799547845640979835e-14 -6.614047715115918257e-15 -1.109091521282935618e-14 -1.431935418190807338e-14 7.484674367935149677e-15 1.417980122378657530e-14 2.416513389679983266e-15 6.722403021372128078e-15 -9.111821844202333320e-15 -7.636130645257701509e-15 -6.966986590171128243e-15 -5.238356247751451456e-15 3.637914292852170778e-15 6.607247009027581788e-16
3.546209005656307599e-13 2.515900198627760807e-13 5.563929921415059263e-13 -1.414306129969809661e-13 3.199654977946451695e-14 -1.193274729676912631e-13 -9.372181279300707526e-14 -3.845393682263074148e-14 1.608677728878898053e-14 2.011395203540819273e-14 -2.124083594961881194e-14 -3.506586106005783890e-14 -2.016218784098352017e-14 -1.063196223952676362e-14 9.629697252403854784e-15 -2.630916837214556144e-15 1.372964198432304614e-14 1.540768110182586129e-14 1.467148848514693478e-14 2.276486864297470585e-14 -4.515576935457820616e-15 -2.798981356376547023e-15 1.467633200520514449e-15 -1.658755068046741013e-15 7.535063016839194552e-15 2.610246910245474510e-15
1.589436990439937998e-13 3.994459930526767865e-14 -1.414306129969809661e-13 3.567766906776718044e-13 -3.011653080129089372e-14 7.385055033599322487e-14 2.239574642516128040e-14 6.738409201312268460e-15 3.058939799519121042e-15 4.351400480656036350e-14 3.227573880370296945e-14 1.354720917330270704e-14 -7.227850953282721519e-15 1.638937101072823352e-14 -6.182214073812022794e-15 -5.468139735241045712e-15 -4.327607307157573841e-15 -7.330158309629477047e-15 -1.056317008868385501e-14 -4.048653030648185976e-15 -1.108868084754432886e-14 -7.649488406787516875e-15 -8.145936033060770763e-15 -1.203540412226929480e-14 5.784597684010783202e-15 6.704956683997886917e-15
3.107687053544507646e-14 -4.422326733068552183e-15 3.199654977946451695e-14 -3.011653080129089372e-14 6.684768054219398459e-14 1.919605428735313975e-14 -6.960160412348031670e-15 2.169153944735379207e-15 6.695271753611527605e-15 -1.567061116360798298e-14 -3.932299324042681539e-15 -2.139805530897060250e-15 -6.967159986354176179e-15 -4.981667123182441671e-15 2.572645888742416931e-15 2.908369315017689111e-15 -3.638441554237652443e-15 2.813438013367199705e-15 9.923747702544257070e-15 1.775220748131947739e-15 1.453776109321812965e-15 7.062364253250365939e-16 1.307807153962688304e-15 3.128719519519777150e-15 -3.027501543943618718e-15 -1.029403669481924330e-15
4.257135226133026068e-14 -7.791711452738878015e-14 -1.193274729676912631e-13 7.385055033599322487e-14 1.919605428735313975e-14 1.805317735859739500e-13 3.817537931141335635e-14 2.327155735195151913e-14 -1.045449468813670023e-14 -3.527118033300137248e-15 8.015570312074359595e-15 9.985766602369929431e-15 -6.331555431547965893e-15 -2.545559088697494462e-15 1.338681999824395151e-15 -5.737946214124062237e-15 -5.438926296080722170e-15 -6.084371508003092912e-15 4.088389636969049894e-15 -6.112025618510179225e-16 4.969559564457844610e-15 -4.679741852570296040e-15 -6.872633566783150621e-15 -4.227200982564555604e-15 -4.540168331481239467e-15 -2.410461166213433548e-16
-8.707250147219248514e-14 -3.827940562822675125e-14 -9.372181279300707526e-14 2.239574642516128040e-14 -6.960160412348031670e-15 3.817537931141335635e-14 1.029878190437211513e-13 4.444001778587569306e-16 -1.812027162376130241e-14 -2.678465303470761554e-15 2.446214136822460709e-14 1.746037662635955735e-14 6.336623463266554853e-15 1.999779280183528546e-15 4.243202476259816734e-15 4.210553616665718352e-15 -2.725854725533140841e-15 5.923148921045027720e-16 -4.271168943026875598e-15 -9.041608399019497270e-15 6.664236154702197018e-16 -1.762337908954909518e-15 -9.948479675067105982e-16 6.627609617425282348e-15 1.230680996672454076e-15 1.815294438896851683e-16
-2.037012103802656621e-15 -2.199902808070996849e-15 -3.845393682263074148e-14 6.738409201312268460e-15 2.169153944735379207e-15 2.327155735195151913e-14 4.444001778587569306e-16 2.714286379605925201e-14 9.889927964019722517e-15 -5.243423936713018156e-15 -4.064945428515488367e-15 -5.328697877075928077e-15 -2.954690506011499347e-15 -4.365951983583229000e-15 -6.300670492726188702e-15 -4.659043632389272139e-15 -4.751816713519789061e-15 -1.929378809508775154e-15 2.508621265901186313e-15 -2.711364290725720045e-15 1.216714994749478772e-15 -3.749600487430245704e-16 -7.198565978673909116e-16 -1.609530603245138916e-15 -3.508605379063675033e-15 -1.792437584569483139e-15
2.117124871606865376e-14 3.805655790199463998e-14 1.608677728878898053e-14 3.058939799519121042e-15 6.695271753611527605e-15 -1.045449468813670023e-14 -1.812027162376130241e-14 9.889927964019722517e-15 2.850272197930947914e-14 -2.258893734223357000e-15 -6.515608349659571499e-15 -6.736897187328677939e-15 -8.467785625234095542e-15 -7.083173522156281507e-15 -1.867317846045288951e-16 2.280524737815042019e-15 -2.328161202156201924e-15 1.207258512450347211e-15 4.086581520200884175e-15 2.834721005191209290e-16 -1.609169438078418629e-15 -3.177102401076194572e-16 -1.307030428286411277e-15 -3.038495916049875274e-16 -3.895592721034866551e-16 -2.480167944807690900e-15
9.406125948202338645e-15 4.566913190967225934e-14 2.011395203540819273e-14 4.351400480656036350e-14 -1.567061116360798298e-14 -3.527118033300137248e-15 -2.678465303470761554e-15 -5.243423936713018156e-15 -2.258893734223357000e-15 4.281474960936351966e-14 1.827697428848255276e-14 7.908058219252909757e-15 9.097510936026672511e-16 3.284369333154036572e-15 -4.314706087438368437e-15 -4.809465348174078766e-16 3.966464144479722774e-15 1.587819604468213979e-15 -1.385868133607682508e-15 -2.084467384798396543e-15 -6.194022039769108347e-15 -2.325920081655158095e-15 -1.090698993312359432e-15 -3.839227887014142002e-15 2.938797076328879663e-15 1.217369412274033758e-15
-3.122765345156811139e-14 1.291024465221660495e-14 -2.124083594961881194e-14 3.227573880370296945e-14 -3.932299324042681539e-15 8.015570312074359595e-15 2.446214136822460709e-14 -4.064945428515488367e-15 -6.515608349659571499e-15 1.827697428848255276e-14 2.554111921841177186e-14 1.276151461548738206e-14 3.661814356791460755e-15 4.249338721198360942e-15 -2.509504377846594573e-16 2.881310944591225001e-15 5.297170796152403809e-16 1.427733655258988125e-15 -3.187263101522590176e-15 -5.263725977687056647e-15 -3.317064038552067470e-15 -1.192735464214073420e-15 -5.149879031034559082e-16 2.038692120873452742e-16 1.157099077591744894e-15 1.969523813276303874e-16
-4.215386708684967304e-14 2.817631099792074204e-15 -3.506586106005783890e-14 1.354720917330270704e-14 -2.139805530897060250e-15 9.985766602369929431e-15 1.746037662635955735e-14 -5.328697877075928077e-15 -6.736897187328677939e-15 7.908058219252909757e-15 1.276151461548738206e-14 2.027769315351222035e-14 3.890174504306102014e-15 4.034426527290905908e-15 2.076866987476575478e-15 2.064421623589592659e-15 2.439818490549171188e-15 5.268362667307805275e-16 -3.185578833415726896e-15 -2.672128667082842207e-15 -1.930480959403096552e-15 -5.314256248051054429e-16 -6.284618507038479514e-16 1.098837418135321747e-15 1.090157276607840762e-15 -8.568278339253065876e-18
-6.458455374819096836e-14 -1.799547845640979835e-14 -2.016218784098352017e-14 -7.227850953282721519e-15 -6.967159986354176179e-15 -6.331555431547965893e-15 6.336623463266554853e-15 -2.954690506011499347e-15 -8.467785625234095542e-15 9.097510936026672511e-16 3.661814356791460755e-15 3.890174504306102014e-15 8.991256938267647892e-15 3.299037644508211579e-15 -6.836391756185098955e-16 1.746643001265883883e-16 1.123932477475437880e-15 -2.481222574585849462e-17 -2.181925336121911264e-15 -8.197650350060626064e-16 2.277373228171374349e-16 6.633578247464618726e-16 4.302721356093770519e-16 5.846990060131927290e-16 -4.152887545209684350e-17 1.116102784596606089e-16
2.038235096288517375e-14 -6.614047715115918257e-15 -1.063196223952676362e-14 1.638937101072823352e-14 -4.981667123182441671e-15 -2.545559088697494462e-15 1.999779280183528546e-15 -4.365951983583229000e-15 -7.083173522156281507e-15 3.284369333154036572e-15 4.249338721198360942e-15 4.034426527290905908e-15 3.299037644508211579e-15 7.018144489077222133e-15 -7.810253151061462124e-16 -1.591862089376396594e-15 5.257495883420976656e-16 -4.131089693739790757e-16 -2.075437056295998868e-15 6.873690028175124193e-16 4.631130094661623400e-16 1.015500613907313505e-16 5.629475458894604464e-16 -3.977797970487472199e-16 7.842484222041000115e-16 1.236213997030841045e-15
-2.057475669353053246e-14 -1.109091521282935618e-14 9.629697252403854784e-15 -6.182214073812022794e-15 2.572645888742416931e-15 1.338681999824395151e-15 4.243202476259816734e-15 -6.300670492726188702e-15 -1.867317846045288951e-16 -4.314706087438368437e-15 -2.509504377846594573e-16 2.076866987476575478e-15 -6.836391756185098955e-16 -7.810253151061462124e-16 9.614599749580226329e-15 8.539047245450306542e-15 1.901280603961727992e-15 1.160140308558440608e-15 -1.565530964726042062e-15 1.604161019811730981e-16 -1.151272245475898938e-15 8.377422367579940527e-16 1.488271236054085997e-15 1.990609612198792680e-15 1.009451737543809733e-15 -9.076066975938888181e-16
-6.277706249797643341e-14 -1.431935418190807338e-14 -2.630916837214556144e-15 -5.468139735241045712e-15 2.908369315017689111e-15 -5.737946214124062237e-15 4.210553616665718352e-15 -4.659043632389272139e-15 2.280524737815042019e-15 -4.809465348174078766e-16 2.881310944591225001e-15 2.064421623589592659e-15 1.746643001265883883e-16 -1.591862089376396594e-15 8.539047245450306542e-15 1.452324330440864768e-14 3.316722219008326090e-15 1.848842019220848704e-15 -1.146401686993938179e-15 -2.609104589567547336e-15 -3.172109922498119948e-15 6.479499685102268255e-16 2.142298084411776471e-15 1.856424874363660430e-15 7.756220072284679655e-16 -1.693355748089705816e-15
-5.257314658021038464e-15 7.484674367935149677e-15 1.372964198432304614e-14 -4.327607307157573841e-15 -3.638441554237652443e-15 -5.438926296080722170e-15 -2.725854725533140841e-15 -4.751816713519789061e-15 -2.328161202156201924e-15 3.966464144479722774e-15 5.297170796152403809e-16 2.439818490549171188e-15 1.123932477475437880e-15 5.257495883420976656e-16 1.901280603961727992e-15 3.316722219008326090e-15 5.297489121499898496e-15 2.566149895016327169e-15 3.480547010936729106e-16 9.940933668696582606e-16 -1.029709243117561989e-15 1.858686702566527832e-18 2.355744362027058559e-16 -2.478890893960393021e-16 8.922542460064059430e-16 2.612380469201648383e-16
8.540169658225115178e-15 1.417980122378657530e-14 1.540768110182586129e-14 -7.330158309629477047e-15 2.813438013367199705e-15 -6.084371508003092912e-15 5.923148921045027720e-16 -1.929378809508775154e-15 1.207258512450347211e-15 1.587819604468213979e-15 1.427733655258988125e-15 5.268362667307805275e-16 -2.481222574585849462e-17 -4.131089693739790757e-16 1.160140308558440608e-15 1.848842019220848704e-15 2.566149895016327169e-15 4.553166529563797412e-15 1.939198315118465553e-15 7.720762178322692049e-16 -1.880399149730415021e-16 1.696999150730554391e-16 2.359619034629780820e-16 6.408902721093307350e-16 5.456422630835392598e-16 -1.263729506665520222e-16
2.122925239506453626e-14 2.416513389679983266e-15 1.467148848514693478e-14 -1.056317008868385501e-14 9.923747702544257070e-15 4.088389636969049894e-15 -4.271168943026875598e-15 2.508621265901186313e-15 4.086581520200884175e-15 -1.385868133607682508e-15 -3.187263101522590176e-15 -3.185578833415726896e-15 -2.181925336121911264e-15 -2.075437056295998868e-15 -1.565530964726042062e-15 -1.146401686993938179e-15 3.480547010936729106e-16 1.939198315118465553e-15 6.812461326310158358e-15 3.154182219162713196e-15 2.009457409760861737e-15 -2.499916032575662044e-16 -1.542310716167369215e-16 1.610218089106926636e-16 -2.611893950035277076e-16 9.708489083197324964e-17
3.381973216255243737e-14 6.722403021372128078e-15 2.276486864297470585e-14 -4.048653030648185976e-15 1.775220748131947739e-15 -6.112025618510179225e-16 -9.041608399019497270e-15 -2.711364290725720045e-15 2.834721005191209290e-16 -2.084467384798396543e-15 -5.263725977687056647e-15 -2.672128667082842207e-15 -8.197650350060626064e-16 6.873690028175124193e-16 1.604161019811730981e-16 -2.609104589567547336e-15 9.940933668696582606e-16 7.720762178322692049e-16 3.154182219162713196e-15 7.473851658668653104e-15 2.337839168987112352e-15 1.954408207827233967e-16 -1.239119353697465488e-16 -9.696242418759230823e-17 4.598910711702800528e-16 7.224666016464157236e-16
1.501998493587030514e-14 -9.111821844202333320e-15 -4.515576935457820616e-15 -1.108868084754432886e-14 1.453776109321812965e-15 4.969559564457844610e-15 6.664236154702197018e-16 1.216714994749478772e-15 -1.609169438078418629e-15 -6.194022039769108347e-15 -3.317064038552067470e-15 -1.930480959403096552e-15 2.277373228171374349e-16 4.631130094661623400e-16 -1.151272245475898938e-15 -3.172109922498119948e-15 -1.029709243117561989e-15 -1.880399149730415021e-16 2.009457409760861737e-15 2.337839168987112352e-15 5.706496351602569157e-15 1.625275067257974078e-15 5.373463765561255665e-16 3.322157287540351048e-16 -6.368306507242732317e-16 5.272353546855231761e-16
-1.223123475040734301e-14 -7.636130645257701509e-15 -2.798981356376547023e-15 -7.649488406787516875e-15 7.062364253250365939e-16 -4.679741852570296040e-15 -1.762337908954909518e-15 -3.749600487430245704e-16 -3.177102401076194572e-16 -2.325920081655158095e-15 -1.192735464214073420e-15 -5.314256248051054429e-16 6.633578247464618726e-16 1.015500613907313505e-16 8.377422367579940527e-16 6.479499685102268255e-16 1.858686702566527832e-18 1.696999150730554391e-16 -2.499916032575662044e-16 1.954408207827233967e-16 1.625275067257974078e-15 3.084198797535082738e-15 1.722167648415709903e-15 5.632440710061775049e-16 -2.017360545663502016e-17 6.900277404274725503e-18
-6.053238075133693856e-15 -6.966986590171128243e-15 1.467633200520514449e-15 -8.145936033060770763e-15 1.307807153962688304e-15 -6.872633566783150621e-15 -9.948479675067105982e-16 -7.198565978673909116e-16 -1.307030428286411277e-15 -1.090698993312359432e-15 -5.149879031034559082e-16 -6.284618507038479514e-16 4.302721356093770519e-16 5.629475458894604464e-16 1.488271236054085997e-15 2.142298084411776471e-15 2.355744362027058559e-16 2.359619034629780820e-16 -1.542310716167369215e-16 -1.239119353697465488e-16 5.373463765561255665e-16 1.722167648415709903e-15 3.176704518724269628e-15 1.199818329510455942e-15 1.804670978008867663e-16 1.576374890995190898e-16
-1.480447780876914734e-14 -5.238356247751451456e-15 -1.658755068046741013e-15 -1.203540412226929480e-14 3.128719519519777150e-15 -4.227200982564555604e-15 6.627609617425282348e-15 -1.609530603245138916e-15 -3.038495916049875274e-16 -3.839227887014142002e-15 2.038692120873452742e-16 1.098837418135321747e-15 5.846990060131927290e-16 -3.977797970487472199e-16 1.990609612198792680e-15 1.856424874363660430e-15 -2.478890893960393021e-16 6.408902721093307350e-16 1.610218089106926636e-16 -9.696242418759230823e-17 3.322157287540351048e-16 5.632440710061775049e-16 1.199818329510455942e-15 3.156460935478708258e-15 6.298444244814155485e-16 -3.841908910740045643e-16
6.062712327872624991e-15 3.637914292852170778e-15 7.535063016839194552e-15 5.784597684010783202e-15 -3.027501543943618718e-15 -4.540168331481239467e-15 1.230680996672454076e-15 -3.508605379063675033e-15 -3.895592721034866551e-16 2.938797076328879663e-15 1.157099077591744894e-15 1.090157276607840762e-15 -4.152887545209684350e-17 7.842484222041000115e-16 1.009451737543809733e-15 7.756220072284679655e-16 8.922542460064059430e-16 5.456422630835392598e-16 -2.611893950035277076e-16 4.598910711702800528e-16 -6.368306507242732317e-16 -2.017360545663502016e-17 1.804670978008867663e-16 6.298444244814155485e-16 2.416905841140770987e-15 8.692887408757433838e-16
1.534187318470591302e-14 6.607247009027581788e-16 2.610246910245474510e-15 6.704956683997886917e-15 -1.029403669481924330e-15 -2.410461166213433548e-16 1.815294438896851683e-16 -1.792437584569483139e-15 -2.480167944807690900e-15 1.217369412274033758e-15 1.969523813276303874e-16 -8.568278339253065876e-18 1.116102784596606089e-16 1.236213997030841045e-15 -9.076066975938888181e-16 -1.693355748089705816e-15 2.612380469201648383e-16 -1.263729506665520222e-16 9.708489083197324964e-17 7.224666016464157236e-16 5.272353546855231761e-16 6.900277404274725503e-18 1.576374890995190898e-16 -3.841908910740045643e-16 8.692887408757433838e-16 2.187354249292702933e-15
