1.063719337453169437e-12 -3.302515115249133674e-15 1.566352946141249872e-13 1.458995717760796138e-13 -2.474161318946948349e-14 1.742699765830190776e-13 1.239379378869073660e-13 -6.030062522974624742e-14 7.952513307390519949e-14 7.585127108824537084e-16 7.530597127563250256e-14 5.348502132740146661e-14 2.271947140483689799e-14 8.732686665270461868e-15 4.575248600626933124e-14 1.725779054357339538e-14 5.937943808957628102e-15 1.689094339470882757e-14 1.257083643108011429e-14 1.117517550401099671e-14 -1.006685356996997756e-14 -2.008700926601409718e-14 1.162928233148989623e-14 3.333916549749821221e-15 -1.729358461896491315e-14 -2.737752792105296064e-15
-3.302515115249133674e-15 7.742746613791440744e-13 2.692477701303581149e-13 -9.943750798802977182e-14 1.042011655093941425e-13 4.014445221761683519e-14 3.179529826696767241e-14 -3.072330661546167857e-14 -2.400982973455711766e-15 4.662428394478910165e-14 1.138035441637457200e-15 1.455920431832738573e-14 3.284522608884421757e-14 8.236402310985145931e-15 -1.589012237241143489e-14 -1.546564384769954857e-14 3.245316867001569891e-15 -3.310056396872853063e-15 -9.891129787131759626e-15 -1.884318447195618959e-16 -1.464568076033454411e-14 3.658811872378343493e-15 -6.550605284126474816e-15 7.289717696715260769e-16 -4.205194612134553047e-16 6.488120609897520749e-15
1.566352946141249872e-13 2.692477701303581149e-13 4.158364739468963975e-13 4.560410424155372986e-14 4.595395703643191577e-14 1.158060024602602905e-13 5.389992763775112146e-15 -2.175836905756672103e-14 4.869757518939904542e-14 1.539333133531548930e-14 1.510173014331208076e-14 4.014329310899471529e-14 2.677516519923938668e-14 2.763522444137801794e-14 8.426356699111644529e-15 -1.479689917254352939e-14 -1.683669929300181785e-14 -4.594780046183931203e-15 1.057282574959131034e-14 -3.945745381912571093e-15 -2.768924080304060610e-15 -1.237010262476064846e-14 -3.387903972505818405e-15 8.495509323236018657e-15 2.028135042502232439e-15 4.334689774685157998e-15
1.458995717760796138e-13 -9.943750798802977182e-14 4.560410424155372986e-14 1.511667274953044981e-13 -3.923376467578671076e-14 3.446659667722694350e-14 -5.999552699258000334e-15 -2.916886499135959341e-14 1.411672323204707252e-14 -1.656038429450564170e-14 1.671180044231055134e-14 1.268858211078269714e-14 -3.452190748844318830e-15 -1.378931455588620633e-15 3.523625409334455868e-15 9.500660802348645495e-15 9.419871056946539107e-15 5.226630960067170042e-16 6.079610893973953110e-15 5.820834047089443676e-15 -1.023761207862510773e-16 -3.076724399260396384e-16 8.020876037285688393e-16 5.387094367082263580e-16 2.256094986416177921e-15 -7.095619722747620446e-16
-2.474161318946948349e-14 1.042011655093941425e-13 4.595395703643191577e-14 -3.923376467578671076e-14 1.275884074370259929e-13 3.734593759764593573e-15 1.893872601396041614e-14 3.828141168545262892e-15 -5.183389958531579610e-15 1.386917554100253206e-14 1.718338396672304069e-14 2.346904968916725858e-14 1.975746725877567610e-14 1.626566391364447053e-14 7.246434693970318435e-15 -5.830523180427649531e-15 -1.092400345355040043e-14 -5.384254022935282740e-16 -3.563619404657575420e-15 -6.346272243393487199e-15 1.319897013389214027e-15 -3.666264066453834161e-15 -1.183986689761254542e-15 3.126171534654317398e-15 -4.787663315779809884e-15 1.876510050140684455e-15
1.742699765830190776e-13 4.014445221761683519e-14 1.158060024602602905e-13 3.446659667722694350e-14 3.734593759764593573e-15 1.272432003070955487e-13 -7.815966234813301634e-15 -2.632101862299892863e-14 4.162816240304581516e-14 2.836676213667733511e-15 -1.291643416895886135e-14 -3.972743008361589732e-15 -9.291201526790048170e-15 4.467058728393188044e-15 9.773460003668052595e-15 -3.567365057625816142e-15 -6.501081843560931523e-15 6.426305888232520107e-15 1.024312170097918816e-14 5.594973196702790671e-15 4.176938409123013744e-15 -4.189577574561720886e-15 2.064010795342438249e-15 3.853017838804960961e-15 3.426305059454960083e-16 7.582641941322671577e-16
1.239379378869073660e-13 3.179529826696767241e-14 5.389992763775112146e-15 -5.999552699258000334e-15 1.893872601396041614e-14 -7.815966234813301634e-15 6.914924410467867203e-14 1.017080548883846476e-14 -2.662349381043422844e-15 1.001258159352985160e-14 1.299505192934710959e-14 1.563147757527593899e-14 2.969751085468026037e-15 -6.882740256659653938e-15 5.082722995425264795e-15 4.720517659359461179e-16 1.961439568290998183e-15 2.619665794596181111e-15 9.634183864723085748e-16 -8.050739509975232560e-16 -1.590987584617078914e-15 -3.015623435860201595e-16 2.825727047261214965e-15 5.475698399762160118e-16 -5.322801889611102705e-15 -1.912102502622289999e-15
-6.030062522974624742e-14 -3.072330661546167857e-14 -2.175836905756672103e-14 -2.916886499135959341e-14 3.828141168545262892e-15 -2.632101862299892863e-14 1.017080548883846476e-14 4.483991844097653742e-14 6.216137733149145045e-15 5.656770805011697691e-15 -9.553887062577394807e-15 -1.469113198210397703e-14 -5.961752626404742574e-15 -9.306651020318951537e-16 -2.473320015917147164e-15 5.519015222847335424e-16 -5.521524226772179046e-15 -1.253528717581021254e-15 4.795830842386721859e-15 2.729704250627825785e-15 2.071880672822737523e-15 -4.488372252166174762e-16 -3.123368549463924022e-15 -1.402939869527838446e-15 -7.063799352079639138e-16 6.667716296073955513e-16
7.952513307390519949e-14 -2.400982973455711766e-15 4.869757518939904542e-14 1.411672323204707252e-14 -5.183389958531579610e-15 4.162816240304581516e-14 -2.662349381043422844e-15 6.216137733149145045e-15 3.060380690649687814e-14 1.838660492301159023e-15 -5.140333184221538517e-15 -7.048388511480050977e-15 -3.604740038259661092e-15 3.521136634382952285e-15 4.872555626720634649e-15 6.710090156175923113e-16 -6.912038815585963134e-15 1.027601046923265550e-15 7.197824655557838088e-15 4.612888649704799717e-15 1.171060745769464990e-15 -3.319595782764866077e-15 -7.145096261388013942e-16 9.857718605322812361e-16 3.613895414547137190e-16 1.036326106802815707e-15
7.585127108824537084e-16 4.662428394478910165e-14 1.539333133531548930e-14 -1.656038429450564170e-14 1.386917554100253206e-14 2.836676213667733511e-15 1.001258159352985160e-14 5.656770805011697691e-15 1.838660492301159023e-15 2.396309200043055228e-14 -2.546758491651543086e-16 2.451974071799472919e-15 -3.765377416646623420e-15 -2.396342940321408821e-15 -9.451667871947233970e-17 -2.138931600676604753e-15 5.385589350368334079e-16 -1.844280603083277643e-16 1.189364243072367583e-15 -8.534524173749296065e-16 -1.182827072136222383e-15 3.769992608178796936e-16 2.843132433845740270e-16 3.133585888762971096e-16 -9.824830143025123275e-17 1.188641209173033566e-16
7.530597127563250256e-14 1.138035441637457200e-15 1.510173014331208076e-14 1.671180044231055134e-14 1.718338396672304069e-14 -1.291643416895886135e-14 1.299505192934710959e-14 -9.553887062577394807e-15 -5.140333184221538517e-15 -2.546758491651543086e-16 4.430349017118756931e-14 3.147789552261170605e-14 2.207793509008516549e-14 6.231839566157499539e-15 5.773071489609388698e-15 3.054024754965878814e-15 6.610052648311158169e-15 -4.912194290957077673e-16 -5.988792798767835083e-15 -5.280208008995262012e-15 -5.423047561139463903e-15 -3.158387261307058637e-15 1.101233464000125031e-15 2.171690240939712939e-17 -3.719851416483746813e-15 -1.542060996990160650e-15
5.348502132740146661e-14 1.455920431832738573e-14 4.014329310899471529e-14 1.268858211078269714e-14 2.346904968916725858e-14 -3.972743008361589732e-15 1.563147757527593899e-14 -1.469113198210397703e-14 -7.048388511480050977e-15 2.451974071799472919e-15 3.147789552261170605e-14 3.793441977117761793e-14 1.683989866646146186e-14 3.493702643879032074e-15 4.739537126515633155e-15 2.539530082858483595e-16 6.855889435025648596e-15 -2.017275582259787290e-16 -5.902311882385680953e-15 -5.959247915772556267e-15 -3.935622472407601305e-15 -1.649821153591800300e-15 1.737003043236510191e-15 7.319900230219596631e-16 -1.980566156354136993e-15 -3.447664617636504347e-16
2.271947140483689799e-14 3.284522608884421757e-14 2.677516519923938668e-14 -3.452190748844318830e-15 1.975746725877567610e-14 -9.291201526790048170e-15 2.969751085468026037e-15 -5.961752626404742574e-15 -3.604740038259661092e-15 -3.765377416646623420e-15 2.207793509008516549e-14 1.683989866646146186e-14 2.156274284405777436e-14 1.055620407752736587e-14 3.980405814095844204e-15 -1.142173315887707518e-15 -7.395434094436039397e-16 -7.753272872897749918e-16 -4.714393192580546140e-15 -5.039325578009000066e-15 -3.674090988216223313e-15 -4.013221417422318798e-15 -4.908481109293719456e-16 9.542980860374515809e-16 -1.842233250902521726e-15 -3.047433984360960517e-16
8.732686665270461868e-15 8.236402310985145931e-15 2.763522444137801794e-14 -1.378931455588620633e-15 1.626566391364447053e-14 4.467058728393188044e-15 -6.882740256659653938e-15 -9.306651020318951537e-16 3.521136634382952285e-15 -2.396342940321408821e-15 6.231839566157499539e-15 3.493702643879032074e-15 1.055620407752736587e-14 1.288433571942984902e-14 6.722814938423324984e-15 -1.903511553930368271e-15 -7.112159806327412320e-15 -4.006866856859427728e-16 1.124831745323131487e-15 -2.790716849519049148e-15 3.605499504095920344e-16 -3.380006481291815855e-15 -1.880319815508881240e-16 1.790542954215286888e-15 -6.076461095311468650e-16 2.803847032555931358e-16
4.575248600626933124e-14 -1.589012237241143489e-14 8.426356699111644529e-15 3.523625409334455868e-15 7.246434693970318435e-15 9.773460003668052595e-15 5.082722995425264795e-15 -2.473320015917147164e-15 4.872555626720634649e-15 -9.451667871947233970e-17 5.773071489609388698e-15 4.739537126515633155e-15 3.980405814095844204e-15 6.722814938423324984e-15 1.068008527938282247e-14 1.038608570787881697e-16 -5.231030922203257698e-15 8.112599515048033558e-16 2.267485248785802806e-15 -1.896359644318597706e-15 1.096070452125387506e-15 -1.735415507441957711e-15 1.896293315614475796e-15 1.641588549169696467e-15 -1.154681009524657145e-15 -3.597732660508057980e-16
1.725779054357339538e-14 -1.546564384769954857e-14 -1.479689917254352939e-14 9.500660802348645495e-15 -5.830523180427649531e-15 -3.567365057625816142e-15 4.720517659359461179e-16 5.519015222847335424e-16 6.710090156175923113e-16 -2.138931600676604753e-15 3.054024754965878814e-15 2.539530082858483595e-16 -1.142173315887707518e-15 -1.903511553930368271e-15 1.038608570787881697e-16 7.377163286146249162e-15 4.230875765108655142e-15 6.961560541259514612e-16 1.295536775189660043e-15 2.208091244797746837e-15 -4.132527828070978823e-16 7.733406048071048218e-16 5.153279518312214817e-16 -7.908616428318777237e-16 -5.836828818028507068e-16 -8.242173434060492450e-17
5.937943808957628102e-15 3.245316867001569891e-15 -1.683669929300181785e-14 9.419871056946539107e-15 -1.092400345355040043e-14 -6.501081843560931523e-15 1.961439568290998183e-15 -5.521524226772179046e-15 -6.912038815585963134e-15 5.385589350368334079e-16 6.610052648311158169e-15 6.855889435025648596e-15 -7.395434094436039397e-16 -7.112159806327412320e-15 -5.231030922203257698e-15 4.230875765108655142e-15 1.496295991621825495e-14 3.127970901727871681e-15 -3.467427069665901783e-15 1.226136300577157969e-15 -2.664910220390126534e-15 2.354591384001603847e-15 5.063649412051609549e-16 -1.825211309839239705e-15 -2.123762340056304004e-16 -4.930128919761618168e-16
1.689094339470882757e-14 -3.310056396872853063e-15 -4.594780046183931203e-15 5.226630960067170042e-16 -5.384254022935282740e-16 6.426305888232520107e-15 2.619665794596181111e-15 -1.253528717581021254e-15 1.027601046923265550e-15 -1.844280603083277643e-16 -4.912194290957077673e-16 -2.017275582259787290e-16 -7.753272872897749918e-16 -4.006866856859427728e-16 8.112599515048033558e-16 6.961560541259514612e-16 3.127970901727871681e-15 4.938135935946023447e-15 1.562136590558683521e-15 1.205718993435990348e-15 1.146746042695344314e-15 5.752365944626741756e-16 9.598453436540956725e-16 2.460559508148378860e-16 -6.427123363130523885e-16 -2.860651418790392332e-16
1.257083643108011429e-14 -9.891129787131759626e-15 1.057282574959131034e-14 6.079610893973953110e-15 -3.563619404657575420e-15 1.024312170097918816e-14 9.634183864723085748e-16 4.795830842386721859e-15 7.197824655557838088e-15 1.189364243072367583e-15 -5.988792798767835083e-15 -5.902311882385680953e-15 -4.714393192580546140e-15 1.124831745323131487e-15 2.267485248785802806e-15 1.295536775189660043e-15 -3.467427069665901783e-15 1.562136590558683521e-15 9.124793733232265884e-15 4.347324784776509920e-15 3.731997399916468676e-15 1.408894911958703571e-15 7.185815589307312369e-16 7.045639749215629967e-16 3.490903374991690898e-16 9.490180911746375394e-17
1.117517550401099671e-14 -1.884318447195618959e-16 -3.945745381912571093e-15 5.820834047089443676e-15 -6.346272243393487199e-15 5.594973196702790671e-15 -8.050739509975232560e-16 2.729704250627825785e-15 4.612888649704799717e-15 -8.534524173749296065e-16 -5.280208008995262012e-15 -5.959247915772556267e-15 -5.039325578009000066e-15 -2.790716849519049148e-15 -1.896359644318597706e-15 2.208091244797746837e-15 1.226136300577157969e-15 1.205718993435990348e-15 4.347324784776509920e-15 7.432580292488070962e-15 3.232232987420820374e-15 2.584782682482363118e-15 1.810703510969330170e-16 -3.597128873791745675e-16 4.622173270584229133e-16 4.330380236638213764e-16
-1.006685356996997756e-14 -1.464568076033454411e-14 -2.768924080304060610e-15 -1.023761207862510773e-16 1.319897013389214027e-15 4.176938409123013744e-15 -1.590987584617078914e-15 2.071880672822737523e-15 1.171060745769464990e-15 -1.182827072136222383e-15 -5.423047561139463903e-15 -3.935622472407601305e-15 -3.674090988216223313e-15 3.605499504095920344e-16 1.096070452125387506e-15 -4.132527828070978823e-16 -2.664910220390126534e-15 1.146746042695344314e-15 3.731997399916468676e-15 3.232232987420820374e-15 6.469292159759516007e-15 3.395270582085078433e-15 1.993645255515501698e-15 9.541899900007967808e-16 2.335327333676182353e-16 -1.101109534715829493e-16
-2.008700926601409718e-14 3.658811872378343493e-15 -1.237010262476064846e-14 -3.076724399260396384e-16 -3.666264066453834161e-15 -4.189577574561720886e-15 -3.015623435860201595e-16 -4.488372252166174762e-16 -3.319595782764866077e-15 3.769992608178796936e-16 -3.158387261307058637e-15 -1.649821153591800300e-15 -4.013221417422318798e-15 -3.380006481291815855e-15 -1.735415507441957711e-15 7.733406048071048218e-16 2.354591384001603847e-15 5.752365944626741756e-16 1.408894911958703571e-15 2.584782682482363118e-15 3.395270582085078433e-15 6.961809986335837551e-15 2.851867610608053956e-15 9.945369993313470397e-18 5.818619966187888128e-16 -8.169914063709001639e-17
1.162928233148989623e-14 -6.550605284126474816e-15 -3.387903972505818405e-15 8.020876037285688393e-16 -1.183986689761254542e-15 2.064010795342438249e-15 2.825727047261214965e-15 -3.123368549463924022e-15 -7.145096261388013942e-16 2.843132433845740270e-16 1.101233464000125031e-15 1.737003043236510191e-15 -4.908481109293719456e-16 -1.880319815508881240e-16 1.896293315614475796e-15 5.153279518312214817e-16 5.063649412051609549e-16 9.598453436540956725e-16 7.185815589307312369e-16 1.810703510969330170e-16 1.993645255515501698e-15 2.851867610608053956e-15 5.242874269527132274e-15 2.060379478523099997e-15 -2.580308657129143728e-16 -4.264271664188536321e-16
3.333916549749821221e-15 7.289717696715260769e-16 8.495509323236018657e-15 5.387094367082263580e-16 3.126171534654317398e-15 3.853017838804960961e-15 5.475698399762160118e-16 -1.402939869527838446e-15 9.857718605322812361e-16 3.133585888762971096e-16 2.171690240939712939e-17 7.319900230219596631e-16 9.542980860374515809e-16 1.790542954215286888e-15 1.641588549169696467e-15 -7.908616428318777237e-16 -1.825211309839239705e-15 2.460559508148378860e-16 7.045639749215629967e-16 -3.597128873791745675e-16 9.541899900007967808e-16 9.945369993313470397e-18 2.060379478523099997e-15 3.289609540930964639e-15 4.570855786741164182e-16 1.068737022017941947e-16
-1.729358461896491315e-14 -4.205194612134553047e-16 2.028135042502232439e-15 2.256094986416177921e-15 -4.787663315779809884e-15 3.426305059454960083e-16 -5.322801889611102705e-15 -7.063799352079639138e-16 3.613895414547137190e-16 -9.824830143025123275e-17 -3.719851416483746813e-15 -1.980566156354136993e-15 -1.842233250902521726e-15 -6.076461095311468650e-16 -1.154681009524657145e-15 -5.836828818028507068e-16 -2.123762340056304004e-16 -6.427123363130523885e-16 3.490903374991690898e-16 4.622173270584229133e-16 2.335327333676182353e-16 5.818619966187888128e-16 -2.580308657129143728e-16 4.570855786741164182e-16 2.832157084510426204e-15 1.013196526663865235e-15
-2.737752792105296064e-15 6.488120609897520749e-15 4.334689774685157998e-15 -7.095619722747620446e-16 1.876510050140684455e-15 7.582641941322671577e-16 -1.912102502622289999e-15 6.667716296073955513e-16 1.036326106802815707e-15 1.188641209173033566e-16 -1.542060996990160650e-15 -3.447664617636504347e-16 -3.047433984360960517e-16 2.803847032555931358e-16 -3.597732660508057980e-16 -8.242173434060492450e-17 -4.930128919761618168e-16 -2.860651418790392332e-16 9.490180911746375394e-17 4.330380236638213764e-16 -1.101109534715829493e-16 -8.169914063709001639e-17 -4.264271664188536321e-16 1.068737022017941947e-16 1.013196526663865235e-15 2.504842274415717033e-15
