1.057013088851063944e-12 4.522734473205110476e-14 -1.746171180112633873e-13 9.571214632758276620e-14 6.602285688705411640e-14 -6.164896923870984848e-15 -1.937432290399363821e-14 7.419268551897629188e-14 4.661224358361404913e-14 5.595405719339871650e-14 2.978607489307013617e-14 -5.817257312375236240e-14 -3.150023922903490856e-14 -3.474945683258581210e-14 -4.269861698129868293e-14 -4.894056362156364258e-14 -1.113199055441008308e-14 -1.086906474613945977e-14 3.599723266819746950e-15 -1.567361196188159491e-14 1.550948060656370180e-14 -2.921350828175736555e-15 -7.007343174002576310e-15 5.750468811056168746e-16 4.167495442071037563e-15 -1.184455495845100125e-15
4.522734473205110476e-14 2.562255011407793403e-13 -2.851982301168793125e-13 -8.364209133226386479e-14 2.061379985677898689e-14 -8.854472996678683328e-15 1.022925796270407901e-13 2.466412176737701244e-14 2.351671346214239520e-15 -2.515143397642234641e-15 -2.627005855017717048e-15 -4.085871437216280462e-16 -1.023555563792793950e-14 7.313228542924246024e-15 -1.781851699757117658e-15 -1.417990438901103578e-14 -6.914203882185791878e-15 3.305069485214884503e-15 -7.517794610537506341e-15 1.947888288617900801e-15 2.658323755530723419e-15 -4.233009021623272915e-15 -7.053299443455143270e-16 1.107711702005378934e-16 9.202215759985329400e-16 -7.994333357906588639e-16
-1.746171180112633873e-13 -2.851982301168793125e-13 7.574566259932514145e-13 1.340372499496827207e-13 2.089262553279058487e-14 2.380878569801029329e-14 -1.902274490266912280e-13 -3.501833024196800242e-14 -1.245284618549256898e-14 -2.591568703333261883e-14 1.906483312631625824e-14 3.462264337935224645e-14 1.420523177632454121e-14 -2.017192953932837692e-14 -5.947777979938453223e-15 5.951043976285205714e-15 1.992212083471700180e-16 -7.884394754083000516e-16 8.609928122495164880e-15 -2.166017200644550471e-14 -3.354823305994141986e-15 1.518288532502992676e-15 -6.526339141390165022e-16 2.006807462260953479e-15 -3.719692245779115211e-15 6.613053725464532345e-15
9.571214632758276620e-14 -8.364209133226386479e-14 1.340372499496827207e-13 2.824608296024886273e-13 2.375413979034441422e-14 -8.989110167243987236e-15 3.528184195152881269e-14 4.660526069074836019e-14 -8.024124565913161602e-15 3.138775478808553675e-14 2.079595955084583686e-15 -1.152222319248883872e-14 8.826697993500942610e-15 -1.261541565982038366e-14 -1.771558000940644352e-14 -1.745457417248942393e-16 -4.935943578984857145e-15 -1.947105783827029871e-15 6.765783876273699705e-15 3.775161027202998412e-15 6.980292940381952977e-15 -9.478036213568856803e-15 3.171833991689979361e-16 -4.682714029166286025e-15 2.000018664787243770e-15 -1.324768485510480870e-15
6.602285688705411640e-14 2.061379985677898689e-14 2.089262553279058487e-14 2.375413979034441422e-14 1.068424591218279623e-13 -8.910796342416263822e-15 -1.104021031460524052e-15 2.940132114293915537e-14 1.727002668494621795e-14 4.076013434325976648e-15 4.718452093309714446e-16 -6.060468493551747739e-16 -4.537222568082949204e-15 1.604053388432712535e-15 -1.197918424668327846e-14 1.963718428927811590e-15 -5.082248844641146691e-15 -1.106737740153760948e-15 1.002902260737401313e-15 -3.292297231736108888e-15 2.280880907794684447e-15 1.577547142329400633e-15 -1.057421839829704403e-16 -2.505865086931362957e-15 -3.828900751251408135e-15 1.588562994750683444e-15
-6.164896923870984848e-15 -8.854472996678683328e-15 2.380878569801029329e-14 -8.989110167243987236e-15 -8.910796342416263822e-15 6.731590331950172680e-14 8.342759723547004941e-15 -1.172025063415991300e-14 -4.340052660894064483e-15 -6.783707666290486873e-15 6.495707636350680964e-15 1.647445595910202683e-15 1.238906102055833210e-15 -8.704681571819484986e-16 -4.612382211932432934e-15 -4.201477685556573919e-15 3.541574857390068675e-15 3.111745758541696646e-16 -2.410462368225471290e-15 -2.770267799728429457e-15 -6.815257554682672692e-16 -1.689705377822445754e-15 1.210816184863625195e-15 9.725126146436356580e-16 -1.325393546745153179e-15 -1.731699182866528507e-15
-1.937432290399363821e-14 1.022925796270407901e-13 -1.902274490266912280e-13 3.528184195152881269e-14 -1.104021031460524052e-15 8.342759723547004941e-15 1.451503446563186226e-13 4.404090730378301567e-14 6.945975166653378498e-15 1.884575561738261353e-14 4.253242822775014611e-15 -5.184424143720041611e-15 8.254965266848598082e-16 7.431785289524987478e-15 3.520486932028931611e-15 -1.487338826734390020e-16 -3.342939362770998235e-16 -4.014263936041412314e-15 -6.994432552391345726e-15 5.593780699389210859e-15 5.508095450162135112e-15 -6.559518141380877428e-15 6.593025209399333146e-16 -4.393495540406152249e-15 1.294369394891396610e-15 -3.820757593952219784e-15
7.419268551897629188e-14 2.466412176737701244e-14 -3.501833024196800242e-14 4.660526069074836019e-14 2.940132114293915537e-14 -1.172025063415991300e-14 4.404090730378301567e-14 5.598375781971923530e-14 1.607924580239336877e-14 -2.432111804691873753e-15 3.224887754579941269e-15 -8.053270400989937540e-15 2.161051694608804244e-15 1.512569899996078436e-15 -5.043727178227414687e-15 -9.568113367141249499e-16 -3.518204918205562477e-15 1.302099258631287411e-15 2.072413807935918412e-15 -4.058404336567278718e-15 4.298765535746466191e-15 4.563137539828454387e-16 1.449784789148322878e-15 -6.090471118003319820e-16 -8.132142087629258668e-16 -2.295431820644859451e-15
4.661224358361404913e-14 2.351671346214239520e-15 -1.245284618549256898e-14 -8.024124565913161602e-15 1.727002668494621795e-14 -4.340052660894064483e-15 6.945975166653378498e-15 1.607924580239336877e-14 3.028131072449286781e-14 2.215863570866326481e-15 4.179050037018323335e-16 -7.683902689411545648e-15 3.540871691804359555e-15 6.256042936717965554e-15 -1.581473471791907609e-15 -4.406275542056081045e-15 1.439461997385553401e-15 2.407039640186315364e-15 3.795366369405291020e-15 -2.957387713280257330e-15 4.393030354125812595e-16 2.320859769440916183e-15 -2.823530495250364197e-15 -1.490761489473143904e-17 5.597098066880849430e-16 -1.531676204628646456e-16
5.595405719339871650e-14 -2.515143397642234641e-15 -2.591568703333261883e-14 3.138775478808553675e-14 4.076013434325976648e-15 -6.783707666290486873e-15 1.884575561738261353e-14 -2.432111804691873753e-15 2.215863570866326481e-15 3.448156298304354648e-14 4.299054526621549628e-15 3.412666299305000103e-16 -3.737123441582381260e-15 -1.638964795252456825e-15 -9.728345627959709876e-16 -1.818213195509261614e-15 -2.568145073712052467e-16 -5.316351619045243423e-15 -2.337956329931591265e-15 4.763945878266725455e-15 1.470685588141589101e-15 -3.781348979253735206e-15 -2.765784489214035130e-15 -3.536091925682434778e-15 1.990706655141863390e-15 6.890569257681515910e-16
2.978607489307013617e-14 -2.627005855017717048e-15 1.906483312631625824e-14 2.079595955084583686e-15 4.718452093309714446e-16 6.495707636350680964e-15 4.253242822775014611e-15 3.224887754579941269e-15 4.179050037018323335e-16 4.299054526621549628e-15 1.364704909155882556e-14 3.911073606960145809e-15 -3.114418405160895401e-15 -4.981052550289291945e-16 5.855325122423769729e-16 -3.878304848082056527e-15 -1.291832862836546805e-15 -3.003545891471387714e-15 -2.875008730651435796e-15 -4.561221874976473850e-15 2.195971711130048525e-15 -1.353814026455379609e-15 -2.920176951525177570e-16 -6.179483546978585951e-16 -4.177746142484272577e-16 -4.082908189281454257e-16
-5.817257312375236240e-14 -4.085871437216280462e-16 3.462264337935224645e-14 -1.152222319248883872e-14 -6.060468493551747739e-16 1.647445595910202683e-15 -5.184424143720041611e-15 -8.053270400989937540e-15 -7.683902689411545648e-15 3.412666299305000103e-16 3.911073606960145809e-15 1.588459624246867087e-14 -7.448552847775054295e-16 -2.967557157745283839e-15 1.363219665143408950e-15 -2.025677727161070771e-16 -1.574929740194270391e-15 -1.743983313680770539e-15 -3.119577561966884787e-15 -7.783655646129381732e-16 9.045182721181034317e-16 -3.081885486906459079e-16 7.776666426051647099e-16 -3.095105748627445818e-16 -9.606809550079721183e-16 6.325595793790290525e-16
-3.150023922903490856e-14 -1.023555563792793950e-14 1.420523177632454121e-14 8.826697993500942610e-15 -4.537222568082949204e-15 1.238906102055833210e-15 8.254965266848598082e-16 2.161051694608804244e-15 3.540871691804359555e-15 -3.737123441582381260e-15 -3.114418405160895401e-15 -7.448552847775054295e-16 6.412952805139380378e-15 4.858134448772979623e-15 1.492850970383398443e-15 1.714061332937635818e-15 9.905290757111554571e-16 1.737584301496320772e-15 2.051236630048751203e-15 9.585716371383349000e-16 -6.261068320877169446e-16 3.988240682758381896e-16 -4.096571525780419153e-16 5.338257119126690172e-16 3.669410422511424012e-16 -1.431537082476967302e-16
-3.474945683258581210e-14 7.313228542924246024e-15 -2.017192953932837692e-14 -1.261541565982038366e-14 1.604053388432712535e-15 -8.704681571819484986e-16 7.431785289524987478e-15 1.512569899996078436e-15 6.256042936717965554e-15 -1.638964795252456825e-15 -4.981052550289291945e-16 -2.967557157745283839e-15 4.858134448772979623e-15 1.658970464274999881e-14 5.927843339539342199e-15 9.213284856643684742e-17 3.793096460187421806e-16 4.452523568914661470e-16 1.295596355687032625e-15 4.295057471745808036e-16 -1.729764746096767577e-15 -4.209160565420266700e-17 -1.723610467628079586e-15 4.565931627235021549e-16 3.943720343281214628e-16 -2.242893671128744068e-16
-4.269861698129868293e-14 -1.781851699757117658e-15 -5.947777979938453223e-15 -1.771558000940644352e-14 -1.197918424668327846e-14 -4.612382211932432934e-15 3.520486932028931611e-15 -5.043727178227414687e-15 -1.581473471791907609e-15 -9.728345627959709876e-16 5.855325122423769729e-16 1.363219665143408950e-15 1.492850970383398443e-15 5.927843339539342199e-15 1.066345648771053610e-14 3.132252922585644491e-15 -1.269655156556630373e-16 -5.583532790643977452e-16 -1.767777910444266824e-15 9.363337517340729443e-16 -1.665281841211841987e-15 -6.958668333010554952e-16 -7.499545129222794754e-16 -1.269844502567740836e-16 3.719925986080359816e-16 -8.793616574062640488e-17
-4.894056362156364258e-14 -1.417990438901103578e-14 5.951043976285205714e-15 -1.745457417248942393e-16 1.963718428927811590e-15 -4.201477685556573919e-15 -1.487338826734390020e-16 -9.568113367141249499e-16 -4.406275542056081045e-15 -1.818213195509261614e-15 -3.878304848082056527e-15 -2.025677727161070771e-16 1.714061332937635818e-15 9.213284856643684742e-17 3.132252922585644491e-15 1.658988131151743021e-14 3.620983160412453700e-15 -3.048963768214830805e-16 -1.171089640812875931e-16 2.055779997236304358e-15 -1.173604744258817368e-15 1.899874287014979387e-15 1.645067301566889389e-15 -3.850637598566314358e-16 -2.477514263667996550e-16 -8.528552412705744903e-17
-1.113199055441008308e-14 -6.914203882185791878e-15 1.992212083471700180e-16 -4.935943578984857145e-15 -5.082248844641146691e-15 3.541574857390068675e-15 -3.342939362770998235e-16 -3.518204918205562477e-15 1.439461997385553401e-15 -2.568145073712052467e-16 -1.291832862836546805e-15 -1.574929740194270391e-15 9.905290757111554571e-16 3.793096460187421806e-16 -1.269655156556630373e-16 3.620983160412453700e-15 4.732346230584352228e-15 1.066650306076755132e-15 1.711053503822553536e-15 5.999681566277826293e-16 -6.703711238169698335e-16 1.141357399323199298e-15 3.057815820422613613e-16 1.430085462575441934e-16 2.778386419375743131e-16 -6.844761179851176955e-17
-1.086906474613945977e-14 3.305069485214884503e-15 -7.884394754083000516e-16 -1.947105783827029871e-15 -1.106737740153760948e-15 3.111745758541696646e-16 -4.014263936041412314e-15 1.302099258631287411e-15 2.407039640186315364e-15 -5.316351619045243423e-15 -3.003545891471387714e-15 -1.743983313680770539e-15 1.737584301496320772e-15 4.452523568914661470e-16 -5.583532790643977452e-16 -3.048963768214830805e-16 1.066650306076755132e-15 5.752944100276787635e-15 3.004321629445874891e-15 1.052827421008220653e-16 -4.072442705649180925e-16 7.173079464221769679e-16 1.819050721767402887e-16 8.198706201063729975e-16 1.642553375146866249e-16 1.336169331929785599e-16
3.599723266819746950e-15 -7.517794610537506341e-15 8.609928122495164880e-15 6.765783876273699705e-15 1.002902260737401313e-15 -2.410462368225471290e-15 -6.994432552391345726e-15 2.072413807935918412e-15 3.795366369405291020e-15 -2.337956329931591265e-15 -2.875008730651435796e-15 -3.119577561966884787e-15 2.051236630048751203e-15 1.295596355687032625e-15 -1.767777910444266824e-15 -1.171089640812875931e-16 1.711053503822553536e-15 3.004321629445874891e-15 5.158671153611760662e-15 3.367769631047024868e-16 4.901438036038405599e-16 1.734304368618441668e-15 -4.040255117323006330e-17 7.384384266172701806e-16 2.692162946620401463e-16 7.341969212587185557e-17
-1.567361196188159491e-14 1.947888288617900801e-15 -2.166017200644550471e-14 3.775161027202998412e-15 -3.292297231736108888e-15 -2.770267799728429457e-15 5.593780699389210859e-15 -4.058404336567278718e-15 -2.957387713280257330e-15 4.763945878266725455e-15 -4.561221874976473850e-15 -7.783655646129381732e-16 9.585716371383349000e-16 4.295057471745808036e-16 9.363337517340729443e-16 2.055779997236304358e-15 5.999681566277826293e-16 1.052827421008220653e-16 3.367769631047024868e-16 6.910803558231603756e-15 8.639835599231664658e-16 -1.165311259080670195e-16 2.337198637707425471e-17 -2.632329437349045571e-16 5.993977905903519874e-16 2.921675400034596203e-16
1.550948060656370180e-14 2.658323755530723419e-15 -3.354823305994141986e-15 6.980292940381952977e-15 2.280880907794684447e-15 -6.815257554682672692e-16 5.508095450162135112e-15 4.298765535746466191e-15 4.393030354125812595e-16 1.470685588141589101e-15 2.195971711130048525e-15 9.045182721181034317e-16 -6.261068320877169446e-16 -1.729764746096767577e-15 -1.665281841211841987e-15 -1.173604744258817368e-15 -6.703711238169698335e-16 -4.072442705649180925e-16 4.901438036038405599e-16 8.639835599231664658e-16 4.906113263839058417e-15 1.698008269247254992e-15 8.774101811695676036e-16 1.881097535838992067e-16 6.273895351813921158e-17 -9.319385699630757870e-17
-2.921350828175736555e-15 -4.233009021623272915e-15 1.518288532502992676e-15 -9.478036213568856803e-15 1.577547142329400633e-15 -1.689705377822445754e-15 -6.559518141380877428e-15 4.563137539828454387e-16 2.320859769440916183e-15 -3.781348979253735206e-15 -1.353814026455379609e-15 -3.081885486906459079e-16 3.988240682758381896e-16 -4.209160565420266700e-17 -6.958668333010554952e-16 1.899874287014979387e-15 1.141357399323199298e-15 7.173079464221769679e-16 1.734304368618441668e-15 -1.165311259080670195e-16 1.698008269247254992e-15 4.828176312352777027e-15 1.618530406911702266e-15 1.145606968081458966e-15 -1.097878617229399564e-16 1.894359113247086769e-16
-7.007343174002576310e-15 -7.053299443455143270e-16 -6.526339141390165022e-16 3.171833991689979361e-16 -1.057421839829704403e-16 1.210816184863625195e-15 6.593025209399333146e-16 1.449784789148322878e-15 -2.823530495250364197e-15 -2.765784489214035130e-15 -2.920176951525177570e-16 7.776666426051647099e-16 -4.096571525780419153e-16 -1.723610467628079586e-15 -7.499545129222794754e-16 1.645067301566889389e-15 3.057815820422613613e-16 1.819050721767402887e-16 -4.040255117323006330e-17 2.337198637707425471e-17 8.774101811695676036e-16 1.618530406911702266e-15 3.745397706598069786e-15 1.204837511436473628e-15 -9.604329193396191947e-17 -5.595518014115692761e-17
5.750468811056168746e-16 1.107711702005378934e-16 2.006807462260953479e-15 -4.682714029166286025e-15 -2.505865086931362957e-15 9.725126146436356580e-16 -4.393495540406152249e-15 -6.090471118003319820e-16 -1.490761489473143904e-17 -3.536091925682434778e-15 -6.179483546978585951e-16 -3.095105748627445818e-16 5.338257119126690172e-16 4.565931627235021549e-16 -1.269844502567740836e-16 -3.850637598566314358e-16 1.430085462575441934e-16 8.198706201063729975e-16 7.384384266172701806e-16 -2.632329437349045571e-16 1.881097535838992067e-16 1.145606968081458966e-15 1.204837511436473628e-15 2.501557284575836258e-15 8.561772132017200261e-16 1.347748904665223563e-16
4.167495442071037563e-15 9.202215759985329400e-16 -3.719692245779115211e-15 2.000018664787243770e-15 -3.828900751251408135e-15 -1.325393546745153179e-15 1.294369394891396610e-15 -8.132142087629258668e-16 5.597098066880849430e-16 1.990706655141863390e-15 -4.177746142484272577e-16 -9.606809550079721183e-16 3.669410422511424012e-16 3.943720343281214628e-16 3.719925986080359816e-16 -2.477514263667996550e-16 2.778386419375743131e-16 1.642553375146866249e-16 2.692162946620401463e-16 5.993977905903519874e-16 6.273895351813921158e-17 -1.097878617229399564e-16 -9.604329193396191947e-17 8.561772132017200261e-16 2.272601658830585087e-15 6.586820296537887842e-16
-1.184455495845100125e-15 -7.994333357906588639e-16 6.613053725464532345e-15 -1.324768485510480870e-15 1.588562994750683444e-15 -1.731699182866528507e-15 -3.820757593952219784e-15 -2.295431820644859451e-15 -1.531676204628646456e-16 6.890569257681515910e-16 -4.082908189281454257e-16 6.325595793790290525e-16 -1.431537082476967302e-16 -2.242893671128744068e-16 -8.793616574062640488e-17 -8.528552412705744903e-17 -6.844761179851176955e-17 1.336169331929785599e-16 7.341969212587185557e-17 2.921675400034596203e-16 -9.319385699630757870e-17 1.894359113247086769e-16 -5.595518014115692761e-17 1.347748904665223563e-16 6.586820296537887842e-16 1.516703218675826550e-15
