1.063719337453171658e-12 -3.302515115248828780e-15 1.566352946141261484e-13 1.458995717760800682e-13 -2.474161318946898178e-14 1.742699765830194563e-13 1.239379378869070126e-13 -6.030062522974519982e-14 7.952513307390492181e-14 7.585127108830679353e-16 7.530597127563270451e-14 5.348502132740153603e-14 2.271947140483723562e-14 8.732686665270188922e-15 4.575248600626924919e-14 1.725779054357380558e-14 5.937943808957457708e-15 1.689094339470883388e-14 1.257083643108009220e-14 1.117517550401140218e-14 -1.006685356996963835e-14 -2.008700926601457681e-14 1.162928233148948918e-14 3.333916549750235768e-15 -1.729358461896466702e-14 -2.737752792105270032e-15
-3.302515115248828780e-15 7.742746613791435696e-13 2.692477701303578120e-13 -9.943750798802998639e-14 1.042011655093941551e-13 4.014445221761706238e-14 3.179529826696730006e-14 -3.072330661546181110e-14 -2.400982973456034410e-15 4.662428394478852736e-14 1.138035441637835262e-15 1.455920431832671993e-14 3.284522608884398407e-14 8.236402310984658415e-15 -1.589012237241134338e-14 -1.546564384769978207e-14 3.245316867001752513e-15 -3.310056396872855824e-15 -9.891129787131502457e-15 -1.884318447196685894e-16 -1.464568076033448100e-14 3.658811872377902520e-15 -6.550605284126275234e-15 7.289717696718946722e-16 -4.205194612130335599e-16 6.488120609897146040e-15
1.566352946141261484e-13 2.692477701303578120e-13 4.158364739468962460e-13 4.560410424155342693e-14 4.595395703643160023e-14 1.158060024602603914e-13 5.389992763774983562e-15 -2.175836905756673365e-14 4.869757518939855948e-14 1.539333133531450796e-14 1.510173014331189144e-14 4.014329310899432402e-14 2.677516519923920051e-14 2.763522444137757618e-14 8.426356699111781790e-15 -1.479689917254328327e-14 -1.683669929300164745e-14 -4.594780046184022711e-15 1.057282574959131034e-14 -3.945745381912494573e-15 -2.768924080304153301e-15 -1.237010262476079046e-14 -3.387903972505787639e-15 8.495509323235860884e-15 2.028135042501742162e-15 4.334689774684864542e-15
1.458995717760800682e-13 -9.943750798802998639e-14 4.560410424155342693e-14 1.511667274953043719e-13 -3.923376467578696951e-14 3.446659667722670369e-14 -5.999552699257743165e-15 -2.916886499135920844e-14 1.411672323204705832e-14 -1.656038429450594778e-14 1.671180044231022948e-14 1.268858211078260090e-14 -3.452190748844345651e-15 -1.378931455588658499e-15 3.523625409334414453e-15 9.500660802348817467e-15 9.419871056946395534e-15 5.226630960067578278e-16 6.079610893973803226e-15 5.820834047089491796e-15 -1.023761207862626760e-16 -3.076724399261047687e-16 8.020876037283637354e-16 5.387094367081289337e-16 2.256094986416058014e-15 -7.095619722746340520e-16
-2.474161318946898178e-14 1.042011655093941551e-13 4.595395703643160023e-14 -3.923376467578696951e-14 1.275884074370262958e-13 3.734593759764964337e-15 1.893872601396041299e-14 3.828141168545166651e-15 -5.183389958531705039e-15 1.386917554100253995e-14 1.718338396672321424e-14 2.346904968916729644e-14 1.975746725877554673e-14 1.626566391364463777e-14 7.246434693970379967e-15 -5.830523180427575378e-15 -1.092400345355021741e-14 -5.384254022935215687e-16 -3.563619404657548599e-15 -6.346272243393510865e-15 1.319897013389283841e-15 -3.666264066453887803e-15 -1.183986689761135818e-15 3.126171534654330019e-15 -4.787663315779610302e-15 1.876510050140837100e-15
1.742699765830194563e-13 4.014445221761706238e-14 1.158060024602603914e-13 3.446659667722670369e-14 3.734593759764964337e-15 1.272432003070956497e-13 -7.815966234813396297e-15 -2.632101862299880872e-14 4.162816240304558796e-14 2.836676213667779265e-15 -1.291643416895883452e-14 -3.972743008361465881e-15 -9.291201526789929841e-15 4.467058728393099692e-15 9.773460003667980020e-15 -3.567365057625827975e-15 -6.501081843560997787e-15 6.426305888232416766e-15 1.024312170097911875e-14 5.594973196702833270e-15 4.176938409123179405e-15 -4.189577574561886546e-15 2.064010795342324258e-15 3.853017838805158965e-15 3.426305059453420325e-16 7.582641941321772275e-16
1.239379378869070126e-13 3.179529826696730006e-14 5.389992763774983562e-15 -5.999552699257743165e-15 1.893872601396041299e-14 -7.815966234813396297e-15 6.914924410467840697e-14 1.017080548883871877e-14 -2.662349381043523029e-15 1.001258159353008668e-14 1.299505192934728156e-14 1.563147757527587588e-14 2.969751085467940446e-15 -6.882740256659567952e-15 5.082722995425311338e-15 4.720517659359951259e-16 1.961439568291041176e-15 2.619665794596181506e-15 9.634183864723902219e-16 -8.050739509974531460e-16 -1.590987584616986223e-15 -3.015623435861098924e-16 2.825727047261257169e-15 5.475698399762290280e-16 -5.322801889610851847e-15 -1.912102502622454871e-15
-6.030062522974519982e-14 -3.072330661546181110e-14 -2.175836905756673365e-14 -2.916886499135920844e-14 3.828141168545166651e-15 -2.632101862299880872e-14 1.017080548883871877e-14 4.483991844097634179e-14 6.216137733149369870e-15 5.656770805011827853e-15 -9.553887062577214947e-15 -1.469113198210376561e-14 -5.961752626404659743e-15 -9.306651020317555254e-16 -2.473320015917081294e-15 5.519015222847092849e-16 -5.521524226772040995e-15 -1.253528717580972344e-15 4.795830842386683994e-15 2.729704250627798963e-15 2.071880672822696896e-15 -4.488372252166002199e-16 -3.123368549463961888e-15 -1.402939869527769618e-15 -7.063799352080112455e-16 6.667716296072954646e-16
7.952513307390492181e-14 -2.400982973456034410e-15 4.869757518939855948e-14 1.411672323204705832e-14 -5.183389958531705039e-15 4.162816240304558796e-14 -2.662349381043523029e-15 6.216137733149369870e-15 3.060380690649698542e-14 1.838660492301108142e-15 -5.140333184221765709e-15 -7.048388511480267124e-15 -3.604740038259648470e-15 3.521136634382944790e-15 4.872555626720542353e-15 6.710090156176685350e-16 -6.912038815586030976e-15 1.027601046923171478e-15 7.197824655557801800e-15 4.612888649704898325e-15 1.171060745769505814e-15 -3.319595782764955613e-15 -7.145096261389440794e-16 9.857718605323802381e-16 3.613895414545985946e-16 1.036326106802791252e-15
7.585127108830679353e-16 4.662428394478852736e-14 1.539333133531450796e-14 -1.656038429450594778e-14 1.386917554100253995e-14 2.836676213667779265e-15 1.001258159353008668e-14 5.656770805011827853e-15 1.838660492301108142e-15 2.396309200043038188e-14 -2.546758491651458776e-16 2.451974071799298186e-15 -3.765377416646814324e-15 -2.396342940321453392e-15 -9.451667871948025297e-17 -2.138931600676512851e-15 5.385589350369500607e-16 -1.844280603082916246e-16 1.189364243072394010e-15 -8.534524173749041657e-16 -1.182827072136194970e-15 3.769992608178466108e-16 2.843132433845744708e-16 3.133585888762563847e-16 -9.824830143026512409e-17 1.188641209172377578e-16
7.530597127563270451e-14 1.138035441637835262e-15 1.510173014331189144e-14 1.671180044231022948e-14 1.718338396672321424e-14 -1.291643416895883452e-14 1.299505192934728156e-14 -9.553887062577214947e-15 -5.140333184221765709e-15 -2.546758491651458776e-16 4.430349017118763242e-14 3.147789552261167450e-14 2.207793509008515603e-14 6.231839566157455363e-15 5.773071489609417097e-15 3.054024754965965194e-15 6.610052648311153436e-15 -4.912194290955924950e-16 -5.988792798767884781e-15 -5.280208008995248601e-15 -5.423047561139467059e-15 -3.158387261307117802e-15 1.101233464000211411e-15 2.171690240923100945e-17 -3.719851416483604818e-15 -1.542060996990132842e-15
5.348502132740153603e-14 1.455920431832671993e-14 4.014329310899432402e-14 1.268858211078260090e-14 2.346904968916729644e-14 -3.972743008361465881e-15 1.563147757527587588e-14 -1.469113198210376561e-14 -7.048388511480267124e-15 2.451974071799298186e-15 3.147789552261167450e-14 3.793441977117747909e-14 1.683989866646125676e-14 3.493702643878998548e-15 4.739537126515708886e-15 2.539530082860168799e-16 6.855889435025661217e-15 -2.017275582258957260e-16 -5.902311882385635199e-15 -5.959247915772532601e-15 -3.935622472407579217e-15 -1.649821153591831657e-15 1.737003043236566989e-15 7.319900230217301046e-16 -1.980566156354050613e-15 -3.447664617636441731e-16
2.271947140483723562e-14 3.284522608884398407e-14 2.677516519923920051e-14 -3.452190748844345651e-15 1.975746725877554673e-14 -9.291201526789929841e-15 2.969751085467940446e-15 -5.961752626404659743e-15 -3.604740038259648470e-15 -3.765377416646814324e-15 2.207793509008515603e-14 1.683989866646125676e-14 2.156274284405786272e-14 1.055620407752736587e-14 3.980405814095834738e-15 -1.142173315887619560e-15 -7.395434094436307609e-16 -7.753272872897540870e-16 -4.714393192580539041e-15 -5.039325578008927491e-15 -3.674090988216241457e-15 -4.013221417422371652e-15 -4.908481109293079492e-16 9.542980860374005021e-16 -1.842233250902406947e-15 -3.047433984360698714e-16
8.732686665270188922e-15 8.236402310984658415e-15 2.763522444137757618e-14 -1.378931455588658499e-15 1.626566391364463777e-14 4.467058728393099692e-15 -6.882740256659567952e-15 -9.306651020317555254e-16 3.521136634382944790e-15 -2.396342940321453392e-15 6.231839566157455363e-15 3.493702643878998548e-15 1.055620407752736587e-14 1.288433571942978118e-14 6.722814938423281597e-15 -1.903511553930327251e-15 -7.112159806327352367e-15 -4.006866856859589445e-16 1.124831745323087114e-15 -2.790716849518993533e-15 3.605499504095934642e-16 -3.380006481291776018e-15 -1.880319815508834155e-16 1.790542954215254151e-15 -6.076461095311867025e-16 2.803847032556102442e-16
4.575248600626924919e-14 -1.589012237241134338e-14 8.426356699111781790e-15 3.523625409334414453e-15 7.246434693970379967e-15 9.773460003667980020e-15 5.082722995425311338e-15 -2.473320015917081294e-15 4.872555626720542353e-15 -9.451667871948025297e-17 5.773071489609417097e-15 4.739537126515708886e-15 3.980405814095834738e-15 6.722814938423281597e-15 1.068008527938279091e-14 1.038608570788205500e-16 -5.231030922203230088e-15 8.112599515047696320e-16 2.267485248785760208e-15 -1.896359644318560630e-15 1.096070452125404466e-15 -1.735415507441975657e-15 1.896293315614438325e-15 1.641588549169710863e-15 -1.154681009524652806e-15 -3.597732660508227585e-16
1.725779054357380558e-14 -1.546564384769978207e-14 -1.479689917254328327e-14 9.500660802348817467e-15 -5.830523180427575378e-15 -3.567365057625827975e-15 4.720517659359951259e-16 5.519015222847092849e-16 6.710090156176685350e-16 -2.138931600676512851e-15 3.054024754965965194e-15 2.539530082860168799e-16 -1.142173315887619560e-15 -1.903511553930327251e-15 1.038608570788205500e-16 7.377163286146263362e-15 4.230875765108653565e-15 6.961560541259851850e-16 1.295536775189620600e-15 2.208091244797743682e-15 -4.132527828070930998e-16 7.733406048070413185e-16 5.153279518311890398e-16 -7.908616428319242665e-16 -5.836828818029133227e-16 -8.242173434056905598e-17
5.937943808957457708e-15 3.245316867001752513e-15 -1.683669929300164745e-14 9.419871056946395534e-15 -1.092400345355021741e-14 -6.501081843560997787e-15 1.961439568291041176e-15 -5.521524226772040995e-15 -6.912038815586030976e-15 5.385589350369500607e-16 6.610052648311153436e-15 6.855889435025661217e-15 -7.395434094436307609e-16 -7.112159806327352367e-15 -5.231030922203230088e-15 4.230875765108653565e-15 1.496295991621812873e-14 3.127970901727923351e-15 -3.467427069665820925e-15 1.226136300577113201e-15 -2.664910220390113124e-15 2.354591384001578209e-15 5.063649412051569120e-16 -1.825211309839338707e-15 -2.123762340055619421e-16 -4.930128919761201058e-16
1.689094339470883388e-14 -3.310056396872855824e-15 -4.594780046184022711e-15 5.226630960067578278e-16 -5.384254022935215687e-16 6.426305888232416766e-15 2.619665794596181506e-15 -1.253528717580972344e-15 1.027601046923171478e-15 -1.844280603082916246e-16 -4.912194290955924950e-16 -2.017275582258957260e-16 -7.753272872897540870e-16 -4.006866856859589445e-16 8.112599515047696320e-16 6.961560541259851850e-16 3.127970901727923351e-15 4.938135935946038436e-15 1.562136590558703637e-15 1.205718993436019733e-15 1.146746042695361275e-15 5.752365944626811768e-16 9.598453436540864034e-16 2.460559508148025352e-16 -6.427123363130427250e-16 -2.860651418790392332e-16
1.257083643108009220e-14 -9.891129787131502457e-15 1.057282574959131034e-14 6.079610893973803226e-15 -3.563619404657548599e-15 1.024312170097911875e-14 9.634183864723902219e-16 4.795830842386683994e-15 7.197824655557801800e-15 1.189364243072394010e-15 -5.988792798767884781e-15 -5.902311882385635199e-15 -4.714393192580539041e-15 1.124831745323087114e-15 2.267485248785760208e-15 1.295536775189620600e-15 -3.467427069665820925e-15 1.562136590558703637e-15 9.124793733232136511e-15 4.347324784776532008e-15 3.731997399916458421e-15 1.408894911958718363e-15 7.185815589307189109e-16 7.045639749215919873e-16 3.490903374990584521e-16 9.490180911738206985e-17
1.117517550401140218e-14 -1.884318447196685894e-16 -3.945745381912494573e-15 5.820834047089491796e-15 -6.346272243393510865e-15 5.594973196702833270e-15 -8.050739509974531460e-16 2.729704250627798963e-15 4.612888649704898325e-15 -8.534524173749041657e-16 -5.280208008995248601e-15 -5.959247915772532601e-15 -5.039325578008927491e-15 -2.790716849518993533e-15 -1.896359644318560630e-15 2.208091244797743682e-15 1.226136300577113201e-15 1.205718993436019733e-15 4.347324784776532008e-15 7.432580292488107250e-15 3.232232987420816430e-15 2.584782682482333930e-15 1.810703510968953489e-16 -3.597128873790902580e-16 4.622173270584114748e-16 4.330380236637829194e-16
-1.006685356996963835e-14 -1.464568076033448100e-14 -2.768924080304153301e-15 -1.023761207862626760e-16 1.319897013389283841e-15 4.176938409123179405e-15 -1.590987584616986223e-15 2.071880672822696896e-15 1.171060745769505814e-15 -1.182827072136194970e-15 -5.423047561139467059e-15 -3.935622472407579217e-15 -3.674090988216241457e-15 3.605499504095934642e-16 1.096070452125404466e-15 -4.132527828070930998e-16 -2.664910220390113124e-15 1.146746042695361275e-15 3.731997399916458421e-15 3.232232987420816430e-15 6.469292159759486031e-15 3.395270582085079222e-15 1.993645255515515108e-15 9.541899900008831611e-16 2.335327333675862864e-16 -1.101109534716024243e-16
-2.008700926601457681e-14 3.658811872377902520e-15 -1.237010262476079046e-14 -3.076724399261047687e-16 -3.666264066453887803e-15 -4.189577574561886546e-15 -3.015623435861098924e-16 -4.488372252166002199e-16 -3.319595782764955613e-15 3.769992608178466108e-16 -3.158387261307117802e-15 -1.649821153591831657e-15 -4.013221417422371652e-15 -3.380006481291776018e-15 -1.735415507441975657e-15 7.733406048070413185e-16 2.354591384001578209e-15 5.752365944626811768e-16 1.408894911958718363e-15 2.584782682482333930e-15 3.395270582085079222e-15 6.961809986335843862e-15 2.851867610608028712e-15 9.945369993375411386e-18 5.818619966188161271e-16 -8.169914063711262218e-17
1.162928233148948918e-14 -6.550605284126275234e-15 -3.387903972505787639e-15 8.020876037283637354e-16 -1.183986689761135818e-15 2.064010795342324258e-15 2.825727047261257169e-15 -3.123368549463961888e-15 -7.145096261389440794e-16 2.843132433845744708e-16 1.101233464000211411e-15 1.737003043236566989e-15 -4.908481109293079492e-16 -1.880319815508834155e-16 1.896293315614438325e-15 5.153279518311890398e-16 5.063649412051569120e-16 9.598453436540864034e-16 7.185815589307189109e-16 1.810703510968953489e-16 1.993645255515515108e-15 2.851867610608028712e-15 5.242874269527141740e-15 2.060379478523153639e-15 -2.580308657129175283e-16 -4.264271664189070774e-16
3.333916549750235768e-15 7.289717696718946722e-16 8.495509323235860884e-15 5.387094367081289337e-16 3.126171534654330019e-15 3.853017838805158965e-15 5.475698399762290280e-16 -1.402939869527769618e-15 9.857718605323802381e-16 3.133585888762563847e-16 2.171690240923100945e-17 7.319900230217301046e-16 9.542980860374005021e-16 1.790542954215254151e-15 1.641588549169710863e-15 -7.908616428319242665e-16 -1.825211309839338707e-15 2.460559508148025352e-16 7.045639749215919873e-16 -3.597128873790902580e-16 9.541899900008831611e-16 9.945369993375411386e-18 2.060379478523153639e-15 3.289609540931069952e-15 4.570855786742005305e-16 1.068737022017700852e-16
-1.729358461896466702e-14 -4.205194612130335599e-16 2.028135042501742162e-15 2.256094986416058014e-15 -4.787663315779610302e-15 3.426305059453420325e-16 -5.322801889610851847e-15 -7.063799352080112455e-16 3.613895414545985946e-16 -9.824830143026512409e-17 -3.719851416483604818e-15 -1.980566156354050613e-15 -1.842233250902406947e-15 -6.076461095311867025e-16 -1.154681009524652806e-15 -5.836828818029133227e-16 -2.123762340055619421e-16 -6.427123363130427250e-16 3.490903374990584521e-16 4.622173270584114748e-16 2.335327333675862864e-16 5.818619966188161271e-16 -2.580308657129175283e-16 4.570855786742005305e-16 2.832157084510417132e-15 1.013196526663884365e-15
-2.737752792105270032e-15 6.488120609897146040e-15 4.334689774684864542e-15 -7.095619722746340520e-16 1.876510050140837100e-15 7.582641941321772275e-16 -1.912102502622454871e-15 6.667716296072954646e-16 1.036326106802791252e-15 1.188641209172377578e-16 -1.542060996990132842e-15 -3.447664617636441731e-16 -3.047433984360698714e-16 2.803847032556102442e-16 -3.597732660508227585e-16 -8.242173434056905598e-17 -4.930128919761201058e-16 -2.860651418790392332e-16 9.490180911738206985e-17 4.330380236637829194e-16 -1.101109534716024243e-16 -8.169914063711262218e-17 -4.264271664189070774e-16 1.068737022017700852e-16 1.013196526663884365e-15 2.504842274415853112e-15
