1.613412907140078398e-12 3.977316950792163687e-13 -5.759852347166519754e-13 2.063041943471672125e-13 1.014255384094138228e-13 -4.775895044822756312e-14 -1.314915487765782295e-13 1.223956815015489306e-13 -5.045615252933278500e-14 2.251230829796935319e-14 8.554214056302538606e-15 6.270161511689052481e-14 -3.011213222626052801e-14 2.827479736329941698e-14 -5.048219763508503546e-14 -2.379376927534155096e-15 -2.882729944708767124e-14 -3.305133628634583165e-14 -5.308950553781280577e-14 -6.326933812528744184e-14 -4.058169444680790761e-14 -1.625724131086696251e-14 1.372909962729803607e-14 7.431145327879153885e-15 1.284552162942088166e-14 -4.968074743353545744e-15
3.977316950792163687e-13 8.347787356223853141e-13 -1.830273904009755561e-13 -9.950688298452662244e-15 -3.336227269202495110e-14 -1.156019921124107120e-13 -1.273596533553269352e-14 7.020969150266804759e-14 4.205215628185599233e-16 -1.577720700841790118e-15 2.864041939555430670e-14 1.945406370865938823e-14 3.019820675685651657e-14 3.426432683944996294e-14 -5.239413976753372486e-15 4.539257218554552526e-14 -7.218584013714778261e-15 -4.903121184739769450e-14 -1.399602710606265410e-14 -2.192864065712379694e-14 -1.370112260614066919e-14 -3.668424211976498996e-14 -8.668034171312514465e-15 -4.225852817004728484e-16 -1.573069851388883072e-15 2.316478559862946055e-15
-5.759852347166519754e-13 -1.830273904009755561e-13 3.986185768169757319e-13 -1.336504045064888576e-13 -1.526959431017333959e-13 8.741376658083229588e-15 1.222147321358015094e-14 -2.986973902547274725e-14 5.468663571091206983e-15 1.031328504683187238e-14 -3.216991241108887981e-15 -1.950425863324645034e-14 3.503386573292753208e-14 -8.708325600627168133e-15 1.497670197359190638e-14 1.786911638036545580e-14 1.943254740884925336e-14 1.138925674045597166e-14 2.036093770945231389e-14 2.619164811885634088e-14 1.328741751274707136e-14 1.366203113574714895e-14 -8.141277703302366648e-15 -3.108105231934650213e-15 -8.340678570778739758e-15 6.826830037393092913e-15
2.063041943471672125e-13 -9.950688298452662244e-15 -1.336504045064888576e-13 2.443615253426449302e-13 2.419354638997019130e-13 1.381816928623748113e-13 7.289902229507446592e-14 3.855905954754265009e-14 1.139150363777714612e-14 1.269525402977659441e-14 -5.693301013822227763e-15 3.152114052162355539e-14 -4.384371444839499567e-15 2.714361032319909450e-14 1.096744459671286527e-15 -1.280887013615538796e-14 -3.231121075054389254e-14 2.793805765433511712e-15 1.111633381915032406e-14 -1.242150679800717874e-14 3.827863106569766223e-15 -1.092132706956364755e-15 2.163282194153447645e-15 -2.645869709890853000e-15 7.180154293294585813e-15 1.254685400384736261e-15
1.014255384094138228e-13 -3.336227269202495110e-14 -1.526959431017333959e-13 2.419354638997019130e-13 4.276962755591093753e-13 2.004459177896285776e-13 1.946108029584921373e-13 3.301014963259707155e-14 4.406650894297347790e-14 2.922841413722793373e-14 6.952902764296355923e-15 3.717263879563622255e-14 -2.292075346205921581e-14 4.794474384278046317e-14 1.404933889311460255e-14 -2.583660772953221533e-14 -4.213417648541082702e-14 8.182575359489114527e-15 1.633131807385385299e-14 -1.594836515013957171e-14 1.625960884750698592e-14 -4.296321068798726726e-15 2.370173550113554424e-16 -9.330501339536335378e-15 6.283381014698938897e-15 -1.692182172722019400e-15
-4.775895044822756312e-14 -1.156019921124107120e-13 8.741376658083229588e-15 1.381816928623748113e-13 2.004459177896285776e-13 1.628247390056993301e-13 1.115378544297317559e-13 2.408133880112926579e-14 2.391715241623137686e-14 2.148525451565980501e-14 -9.663778505717480523e-15 2.077958628469464019e-14 3.766944035969599089e-16 2.320715596188170201e-14 9.183770533840389101e-15 -1.059295243689882118e-14 -2.287627686092969863e-14 1.191108734443228573e-14 1.618087334263732054e-14 -6.917129425589429131e-16 1.273397354615658356e-14 6.540909531645328084e-15 -2.905028622219731175e-15 -8.102209694593459373e-15 3.160834263554129732e-15 2.468000788246909406e-15
-1.314915487765782295e-13 -1.273596533553269352e-14 1.222147321358015094e-14 7.289902229507446592e-14 1.946108029584921373e-13 1.115378544297317559e-13 1.695705716927958808e-13 -4.841252920385703871e-15 1.889023308755814686e-14 1.493878438920374288e-14 1.716910078413943590e-15 1.153546657628258084e-14 -1.649671014911452865e-14 1.865549479026976328e-14 1.024431981809720992e-14 -4.040368293543631946e-15 -1.266877095637225588e-14 5.572119332310020237e-15 8.526270313943246214e-15 -3.169724611015931085e-15 1.387243199401900109e-14 -2.836373533030976096e-15 -4.850478189972272538e-15 -9.154631831993172138e-15 -2.887047638279833059e-16 -1.021723107782765932e-16
1.223956815015489306e-13 7.020969150266804759e-14 -2.986973902547274725e-14 3.855905954754265009e-14 3.301014963259707155e-14 2.408133880112926579e-14 -4.841252920385703871e-15 4.485733315370118998e-14 -3.180641634872079154e-15 1.062363889632969941e-14 4.524228428797215142e-15 1.326755064746311867e-14 1.229485781876296352e-14 1.800097857043385254e-14 4.353061151411772364e-16 1.742724828241181723e-15 -7.543458105292366107e-15 -5.450639494353622213e-15 1.453136845386371605e-15 -5.107921189505901077e-15 5.818632934515057333e-16 -1.254889626592451454e-15 -2.342225114832441892e-15 -1.021652027857189291e-15 2.364218014385632711e-16 1.753543172181473461e-15
-5.045615252933278500e-14 4.205215628185599233e-16 5.468663571091206983e-15 1.139150363777714612e-14 4.406650894297347790e-14 2.391715241623137686e-14 1.889023308755814686e-14 -3.180641634872079154e-15 5.141130675190458651e-14 1.034537903527255092e-14 7.824396057771867714e-16 -4.054840099865964068e-15 3.770262747491469802e-15 1.011537064763818122e-14 6.859452593410142542e-15 8.276199134124305250e-15 -2.292598897028743193e-15 7.048758055467818315e-15 1.024436444102199678e-14 3.292393791282219198e-15 3.505146422344322268e-15 1.351701992219681325e-15 -1.018558026750032983e-15 -1.532125997741425398e-15 2.796534216200685875e-15 7.540153966305162419e-16
2.251230829796935319e-14 -1.577720700841790118e-15 1.031328504683187238e-14 1.269525402977659441e-14 2.922841413722793373e-14 2.148525451565980501e-14 1.493878438920374288e-14 1.062363889632969941e-14 1.034537903527255092e-14 2.268341432700889813e-14 1.676965417334893729e-15 5.019322987788802308e-15 1.989446139966698945e-15 1.037860069015428871e-14 1.590416520012096937e-15 3.554946392830878408e-15 -1.940998214293747930e-15 5.943467465875867512e-15 6.901312187861712565e-15 -3.759821061140207159e-15 -1.177336415717430903e-15 -3.242401257367600654e-18 7.178098014033416019e-16 -2.366051814026257638e-15 1.667447991348384242e-15 8.160115754983739538e-16
8.554214056302538606e-15 2.864041939555430670e-14 -3.216991241108887981e-15 -5.693301013822227763e-15 6.952902764296355923e-15 -9.663778505717480523e-15 1.716910078413943590e-15 4.524228428797215142e-15 7.824396057771867714e-16 1.676965417334893729e-15 9.613041972835435241e-15 -1.470964450839982179e-16 2.018092928043237907e-15 7.604349960105913853e-15 9.488076211976468157e-16 1.219172226075988370e-15 -4.512551722125453395e-16 -2.985023834324864672e-15 -7.281947786967516258e-16 -2.553425150845750245e-15 3.646896145054662894e-16 -1.891141028037556654e-15 -1.465916337192715340e-16 2.871436270336118303e-16 -6.874211150993958156e-16 -2.684399313930420324e-17
6.270161511689052481e-14 1.945406370865938823e-14 -1.950425863324645034e-14 3.152114052162355539e-14 3.717263879563622255e-14 2.077958628469464019e-14 1.153546657628258084e-14 1.326755064746311867e-14 -4.054840099865964068e-15 5.019322987788802308e-15 -1.470964450839982179e-16 3.035928790810648762e-14 6.004012725826143867e-15 8.972383754230736944e-15 4.466013430060179380e-15 -4.641092489824683346e-16 -4.702237354130588652e-15 -3.214411712387955513e-15 2.216927276884542467e-16 -9.032810683687217143e-15 -2.908581365442950696e-15 -3.015122333138012110e-15 -2.723144714550993142e-16 -1.829866966902045451e-15 6.228566650282329738e-16 2.506501678821317264e-16
-3.011213222626052801e-14 3.019820675685651657e-14 3.503386573292753208e-14 -4.384371444839499567e-15 -2.292075346205921581e-14 3.766944035969599089e-16 -1.649671014911452865e-14 1.229485781876296352e-14 3.770262747491469802e-15 1.989446139966698945e-15 2.018092928043237907e-15 6.004012725826143867e-15 2.789443536002899357e-14 9.624851253656122562e-15 5.200860221754783837e-15 8.468832349430153278e-15 -2.443071799005268633e-15 -5.337990419223067966e-15 1.338883464979156266e-15 -1.765548215422206038e-15 1.585352135875139386e-16 1.721516148622285510e-15 -1.947264145127645244e-15 -1.088487384307741759e-15 -1.404011232059658716e-15 1.362913710387877795e-15
2.827479736329941698e-14 3.426432683944996294e-14 -8.708325600627168133e-15 2.714361032319909450e-14 4.794474384278046317e-14 2.320715596188170201e-14 1.865549479026976328e-14 1.800097857043385254e-14 1.011537064763818122e-14 1.037860069015428871e-14 7.604349960105913853e-15 8.972383754230736944e-15 9.624851253656122562e-15 2.805327842427443103e-14 9.705713982610718369e-15 4.555553118681501699e-15 -3.369810085409357485e-15 1.474144521345017411e-15 5.120259945901354156e-15 -6.564187012182164807e-15 1.266763525642899012e-15 -9.863051445699251964e-16 2.833043419250933042e-16 -2.008527325947534763e-15 1.211852036276472188e-15 3.750810536173867926e-16
-5.048219763508503546e-14 -5.239413976753372486e-15 1.497670197359190638e-14 1.096744459671286527e-15 1.404933889311460255e-14 9.183770533840389101e-15 1.024431981809720992e-14 4.353061151411772364e-16 6.859452593410142542e-15 1.590416520012096937e-15 9.488076211976468157e-16 4.466013430060179380e-15 5.200860221754783837e-15 9.705713982610718369e-15 1.027065771196956791e-14 3.507177296887617948e-15 1.746592992309753671e-15 2.114025594912493004e-15 3.817150140553496451e-15 -4.399528564121791607e-16 1.748302219226779470e-15 -4.409382340850650650e-16 -3.530712828026303659e-16 -1.306210175419537476e-15 1.452535105662265864e-16 5.275826419546087029e-17
-2.379376927534155096e-15 4.539257218554552526e-14 1.786911638036545580e-14 -1.280887013615538796e-14 -2.583660772953221533e-14 -1.059295243689882118e-14 -4.040368293543631946e-15 1.742724828241181723e-15 8.276199134124305250e-15 3.554946392830878408e-15 1.219172226075988370e-15 -4.641092489824683346e-16 8.468832349430153278e-15 4.555553118681501699e-15 3.507177296887617948e-15 1.641158097086905706e-14 5.200523256055431749e-15 -5.444393904214052940e-16 1.709358942370380909e-15 -6.198394261842052879e-16 -6.566911382033224688e-16 -1.172437523759188483e-15 -5.820219552023058266e-16 -3.638979716975485763e-16 -1.429507488197770386e-16 5.368922045786964393e-16
-2.882729944708767124e-14 -7.218584013714778261e-15 1.943254740884925336e-14 -3.231121075054389254e-14 -4.213417648541082702e-14 -2.287627686092969863e-14 -1.266877095637225588e-14 -7.543458105292366107e-15 -2.292598897028743193e-15 -1.940998214293747930e-15 -4.512551722125453395e-16 -4.702237354130588652e-15 -2.443071799005268633e-15 -3.369810085409357485e-15 1.746592992309753671e-15 5.200523256055431749e-15 1.275389122795002743e-14 4.739065052833286254e-15 1.172804856997480969e-15 3.057815035446573925e-15 -1.020501926876560628e-15 2.632722421535929114e-16 5.806918449764836011e-16 8.038119493711994495e-16 -8.732341388037972925e-16 -6.074462354327203089e-16
-3.305133628634583165e-14 -4.903121184739769450e-14 1.138925674045597166e-14 2.793805765433511712e-15 8.182575359489114527e-15 1.191108734443228573e-14 5.572119332310020237e-15 -5.450639494353622213e-15 7.048758055467818315e-15 5.943467465875867512e-15 -2.985023834324864672e-15 -3.214411712387955513e-15 -5.337990419223067966e-15 1.474144521345017411e-15 2.114025594912493004e-15 -5.444393904214052940e-16 4.739065052833286254e-15 1.270846374740461680e-14 8.581752143767639004e-15 3.543201872772509363e-15 6.073110871512629380e-16 2.071842951044703898e-15 2.087608649292063071e-15 -2.656452345517482377e-16 1.469593181194593272e-15 -5.499443614438953269e-16
-5.308950553781280577e-14 -1.399602710606265410e-14 2.036093770945231389e-14 1.111633381915032406e-14 1.633131807385385299e-14 1.618087334263732054e-14 8.526270313943246214e-15 1.453136845386371605e-15 1.024436444102199678e-14 6.901312187861712565e-15 -7.281947786967516258e-16 2.216927276884542467e-16 1.338883464979156266e-15 5.120259945901354156e-15 3.817150140553496451e-15 1.709358942370380909e-15 1.172804856997480969e-15 8.581752143767639004e-15 1.468365686293225734e-14 5.209255047749881425e-15 2.446119454786981224e-15 4.912254932385007349e-16 3.301011665717973338e-16 -4.316583011415880857e-16 1.165300743577227320e-15 6.925270278382912420e-16
-6.326933812528744184e-14 -2.192864065712379694e-14 2.619164811885634088e-14 -1.242150679800717874e-14 -1.594836515013957171e-14 -6.917129425589429131e-16 -3.169724611015931085e-15 -5.107921189505901077e-15 3.292393791282219198e-15 -3.759821061140207159e-15 -2.553425150845750245e-15 -9.032810683687217143e-15 -1.765548215422206038e-15 -6.564187012182164807e-15 -4.399528564121791607e-16 -6.198394261842052879e-16 3.057815035446573925e-15 3.543201872772509363e-15 5.209255047749881425e-15 1.227516861980508952e-14 5.987593839292294771e-15 3.292501757702318600e-15 -1.736172609579473478e-16 6.877128528105645453e-16 -5.966298527737427417e-16 4.967490721792904776e-16
-4.058169444680790761e-14 -1.370112260614066919e-14 1.328741751274707136e-14 3.827863106569766223e-15 1.625960884750698592e-14 1.273397354615658356e-14 1.387243199401900109e-14 5.818632934515057333e-16 3.505146422344322268e-15 -1.177336415717430903e-15 3.646896145054662894e-16 -2.908581365442950696e-15 1.585352135875139386e-16 1.266763525642899012e-15 1.748302219226779470e-15 -6.566911382033224688e-16 -1.020501926876560628e-15 6.073110871512629380e-16 2.446119454786981224e-15 5.987593839292294771e-15 8.962289040040435540e-15 3.798804215121876002e-15 -1.031874053769352535e-15 -4.916127579744654319e-16 -6.174804618046807841e-16 4.267002784173594548e-16
-1.625724131086696251e-14 -3.668424211976498996e-14 1.366203113574714895e-14 -1.092132706956364755e-15 -4.296321068798726726e-15 6.540909531645328084e-15 -2.836373533030976096e-15 -1.254889626592451454e-15 1.351701992219681325e-15 -3.242401257367600654e-18 -1.891141028037556654e-15 -3.015122333138012110e-15 1.721516148622285510e-15 -9.863051445699251964e-16 -4.409382340850650650e-16 -1.172437523759188483e-15 2.632722421535929114e-16 2.071842951044703898e-15 4.912254932385007349e-16 3.292501757702318600e-15 3.798804215121876002e-15 6.864774620670471498e-15 1.248487776463264903e-15 3.009320721813436926e-16 -1.659658579116282557e-16 2.608515242464233739e-16
1.372909962729803607e-14 -8.668034171312514465e-15 -8.141277703302366648e-15 2.163282194153447645e-15 2.370173550113554424e-16 -2.905028622219731175e-15 -4.850478189972272538e-15 -2.342225114832441892e-15 -1.018558026750032983e-15 7.178098014033416019e-16 -1.465916337192715340e-16 -2.723144714550993142e-16 -1.947264145127645244e-15 2.833043419250933042e-16 -3.530712828026303659e-16 -5.820219552023058266e-16 5.806918449764836011e-16 2.087608649292063071e-15 3.301011665717973338e-16 -1.736172609579473478e-16 -1.031874053769352535e-15 1.248487776463264903e-15 5.012854018170058317e-15 1.492504940516774094e-15 1.195165788681537150e-15 -3.623477930016967156e-16
7.431145327879153885e-15 -4.225852817004728484e-16 -3.108105231934650213e-15 -2.645869709890853000e-15 -9.330501339536335378e-15 -8.102209694593459373e-15 -9.154631831993172138e-15 -1.021652027857189291e-15 -1.532125997741425398e-15 -2.366051814026257638e-15 2.871436270336118303e-16 -1.829866966902045451e-15 -1.088487384307741759e-15 -2.008527325947534763e-15 -1.306210175419537476e-15 -3.638979716975485763e-16 8.038119493711994495e-16 -2.656452345517482377e-16 -4.316583011415880857e-16 6.877128528105645453e-16 -4.916127579744654319e-16 3.009320721813436926e-16 1.492504940516774094e-15 3.643070105452008850e-15 1.363539891586574492e-15 3.065893364618346327e-16
1.284552162942088166e-14 -1.573069851388883072e-15 -8.340678570778739758e-15 7.180154293294585813e-15 6.283381014698938897e-15 3.160834263554129732e-15 -2.887047638279833059e-16 2.364218014385632711e-16 2.796534216200685875e-15 1.667447991348384242e-15 -6.874211150993958156e-16 6.228566650282329738e-16 -1.404011232059658716e-15 1.211852036276472188e-15 1.452535105662265864e-16 -1.429507488197770386e-16 -8.732341388037972925e-16 1.469593181194593272e-15 1.165300743577227320e-15 -5.966298527737427417e-16 -6.174804618046807841e-16 -1.659658579116282557e-16 1.195165788681537150e-15 1.363539891586574492e-15 4.042094719227331365e-15 1.066866086611731807e-15
-4.968074743353545744e-15 2.316478559862946055e-15 6.826830037393092913e-15 1.254685400384736261e-15 -1.692182172722019400e-15 2.468000788246909406e-15 -1.021723107782765932e-16 1.753543172181473461e-15 7.540153966305162419e-16 8.160115754983739538e-16 -2.684399313930420324e-17 2.506501678821317264e-16 1.362913710387877795e-15 3.750810536173867926e-16 5.275826419546087029e-17 5.368922045786964393e-16 -6.074462354327203089e-16 -5.499443614438953269e-16 6.925270278382912420e-16 4.967490721792904776e-16 4.267002784173594548e-16 2.608515242464233739e-16 -3.623477930016967156e-16 3.065893364618346327e-16 1.066866086611731807e-15 2.618092545339374513e-15
