1.049454581170886269e-12 1.230903471517931232e-13 6.473978763563182238e-14 -9.042317246828675778e-14 -6.310145596441189116e-14 1.083114269701655802e-13 3.840513229278063501e-14 2.737891422371422756e-14 -3.654069563883336536e-15 4.963823300087336352e-14 5.586178453067860367e-14 7.624404816057828121e-14 6.173037920744538321e-14 1.530131132434727903e-14 -3.506839596567498408e-14 1.527362023962164243e-14 -1.023439450627978267e-14 9.616279830403245350e-15 -1.298236877086514513e-14 2.279277313665307383e-14 2.844970039018512980e-14 2.344070379481456973e-14 1.236392483232148104e-14 -7.131048306679374516e-15 -1.900149602811597765e-14 -1.114813196228276665e-14
1.230903471517931232e-13 2.635719562920394201e-13 8.098767364818689922e-15 -7.776313815069412149e-14 -3.119307990612783368e-15 6.325376728195093392e-14 -7.317020249555933510e-15 -5.968405971024151511e-15 1.325596848968828181e-14 1.125044196475254803e-14 1.917848568585150963e-14 1.053918446191568263e-14 9.745230162756781681e-15 4.306128536355590303e-15 -1.340087901669244775e-14 8.764940923657525803e-15 -2.264850164855236216e-15 7.890459688206740176e-15 7.623511105436359690e-15 7.076259680289557303e-15 2.206155860630749489e-14 1.302562661691110234e-14 7.716386302600998865e-15 -1.392034360592178421e-15 -6.562304212856346407e-15 -9.248338929531920816e-16
6.473978763563182238e-14 8.098767364818689922e-15 3.747536728642545900e-13 1.017028257081559295e-13 -8.442636988300951392e-15 4.473522687783885713e-14 -1.749396269651152405e-14 -6.439813966072529065e-14 -8.295380217064106417e-14 -3.553362232988505085e-14 -4.459340756407891045e-14 -4.393164582752303731e-14 -3.262697552375901443e-14 -1.203219524416561415e-14 -3.451117079211704562e-14 -2.213111877232982338e-14 -4.235773454703718800e-15 -3.120396108297700379e-15 1.441008902453537198e-15 -2.232620466141948868e-14 8.309099926755000823e-16 1.055141381249268619e-14 1.154539060158943672e-14 2.872743747990921090e-15 1.077347092645983616e-15 -6.828985284437345571e-15
-9.042317246828675778e-14 -7.776313815069412149e-14 1.017028257081559295e-13 2.302798905680309562e-13 -3.368717545905763947e-14 1.049489452592964379e-14 9.104949695845414170e-15 -5.020312008795317886e-14 -4.539397234953100236e-14 1.744654709583178914e-14 -7.927777567613831501e-15 -1.118527462060855370e-14 -9.111845688700118875e-15 6.509539988061528614e-15 7.190472853759479690e-15 -2.697985138256361387e-15 -1.101189484835587480e-16 -1.038303092306952804e-14 -1.759697136823063173e-15 -1.749865656476877468e-14 -1.722145571923339244e-14 -2.515627631956140210e-15 -3.076242463874149173e-15 2.548553089652626484e-15 8.511790736477601237e-15 -4.687486727155460432e-15
-6.310145596441189116e-14 -3.119307990612783368e-15 -8.442636988300951392e-15 -3.368717545905763947e-14 1.058269243893432720e-13 1.966522418470519610e-15 1.759580025112155198e-15 1.211535013309185109e-14 1.171261151530368043e-14 2.930834666824105837e-15 7.857840564708825623e-17 -6.831505006460298840e-15 -1.467846021773469110e-14 -6.832165116473172532e-15 -2.022977794320608130e-15 -3.979178374001495760e-15 -3.778850045845148747e-15 1.179006192959260913e-15 6.882546639046414288e-15 1.832593813788929860e-15 -9.475748855392105293e-16 -3.701664049732091342e-15 -4.084410072094461624e-15 -4.273143592056572998e-15 -2.092163403454172367e-16 5.089679412187331047e-15
1.083114269701655802e-13 6.325376728195093392e-14 4.473522687783885713e-14 1.049489452592964379e-14 1.966522418470519610e-15 1.136530733747430933e-13 2.132318825282756740e-14 -2.388880208715240698e-14 -2.293048520670943325e-14 8.099682222144466602e-15 -5.823186192299560068e-15 -5.045684779061908213e-15 -5.976175718357459652e-16 -5.808271909698614570e-15 -2.102205202571872537e-14 2.410285460773720686e-15 -7.006407351176636404e-15 2.813311447539990209e-15 -2.482555230691337901e-16 3.779000897463969083e-15 1.746549972788142052e-14 9.713864868779482639e-15 7.711559558861583292e-15 3.446490280788870834e-15 1.723889168407762405e-15 3.927192775171415644e-15
3.840513229278063501e-14 -7.317020249555933510e-15 -1.749396269651152405e-14 9.104949695845414170e-15 1.759580025112155198e-15 2.132318825282756740e-14 3.590274960670872632e-14 2.076398224841048216e-14 1.849587503369828051e-14 1.563873225620453577e-14 2.143477800411469962e-14 9.698719321631055982e-15 4.207676004315547694e-15 8.830689351763059201e-15 3.913653652521371559e-15 4.257194572822614552e-15 1.312217241918892621e-16 7.479183056274134629e-16 7.715815727323912437e-16 3.321098341314140279e-15 2.485571747292706640e-15 9.120588530927765930e-16 4.959377488997297215e-17 -2.642439476558190202e-16 1.606948844602993346e-15 1.930941344485064664e-15
2.737891422371422756e-14 -5.968405971024151511e-15 -6.439813966072529065e-14 -5.020312008795317886e-14 1.211535013309185109e-14 -2.388880208715240698e-14 2.076398224841048216e-14 6.254948314355827773e-14 4.932408668886518195e-14 1.913767820551326932e-14 3.818226777165568168e-14 2.187722827429028258e-14 1.329127499069411734e-14 1.424835611763294571e-14 1.666335345074401481e-14 5.524935013431031696e-15 6.130177441707899063e-16 -1.520404463241679331e-15 -1.405630382186208147e-15 3.864520089204730304e-15 -4.423351833000573706e-15 -4.132128359411141223e-15 -3.701062166299853285e-15 -4.907999410499282083e-15 -3.654179165829513965e-15 1.073655078131670583e-15
-3.654069563883336536e-15 1.325596848968828181e-14 -8.295380217064106417e-14 -4.539397234953100236e-14 1.171261151530368043e-14 -2.293048520670943325e-14 1.849587503369828051e-14 4.932408668886518195e-14 7.124623681661105829e-14 2.987896049151507736e-14 3.538504184154318633e-14 1.519162905627637426e-14 1.485158383049555446e-14 1.701906750366752196e-14 2.332420195915018172e-14 8.684107969084428498e-15 2.674078652519350466e-15 3.726732994678504439e-15 4.221298314589904830e-15 7.552284920793722286e-15 -5.428848496080438219e-15 -4.525894997389319023e-15 -6.118378586684404296e-15 -4.352192374995421245e-15 -1.999080349263623658e-15 6.590151461216463098e-16
4.963823300087336352e-14 1.125044196475254803e-14 -3.553362232988505085e-14 1.744654709583178914e-14 2.930834666824105837e-15 8.099682222144466602e-15 1.563873225620453577e-14 1.913767820551326932e-14 2.987896049151507736e-14 5.905607106170390188e-14 3.275593159307231609e-14 1.199754096293340957e-14 1.345897542455960191e-14 1.691689706628521669e-14 1.975203639322417120e-14 6.160265603146231515e-15 -3.256225051928519469e-17 2.012884902883229404e-15 3.156502188950421666e-15 7.577145849588755007e-16 -6.170731520577369378e-15 -4.555441125580601941e-15 -2.532343532969032043e-15 -2.068966088484346639e-15 8.713760779189050471e-16 6.588998686440964508e-16
5.586178453067860367e-14 1.917848568585150963e-14 -4.459340756407891045e-14 -7.927777567613831501e-15 7.857840564708825623e-17 -5.823186192299560068e-15 2.143477800411469962e-14 3.818226777165568168e-14 3.538504184154318633e-14 3.275593159307231609e-14 7.696449021631481771e-14 3.375661332009343611e-14 2.084142820292190397e-14 3.148787001581229266e-14 2.562909161180494985e-14 7.515387732745969241e-15 -3.238119369494122398e-16 -2.378637778241058241e-15 -1.416130259260787585e-15 1.309015568449547857e-15 2.435692585102560665e-16 -5.986431151967044705e-16 2.551117400195305692e-16 -3.101470143380808817e-15 -1.491660433041875642e-15 1.967354139604525050e-15
7.624404816057828121e-14 1.053918446191568263e-14 -4.393164582752303731e-14 -1.118527462060855370e-14 -6.831505006460298840e-15 -5.045684779061908213e-15 9.698719321631055982e-15 2.187722827429028258e-14 1.519162905627637426e-14 1.199754096293340957e-14 3.375661332009343611e-14 2.874951417382867770e-14 1.613237039704610936e-14 1.439239819025876971e-14 8.722049588188962986e-15 5.586991544699309308e-15 -9.756904293082199965e-17 -2.331362819349840531e-15 -3.239804413101907085e-15 3.753414292518061761e-15 1.201916034139223515e-15 1.062174266690555946e-16 -1.253525505303806013e-15 -2.454337841567749775e-15 -2.029982535986395069e-15 8.779146010253371087e-16
6.173037920744538321e-14 9.745230162756781681e-15 -3.262697552375901443e-14 -9.111845688700118875e-15 -1.467846021773469110e-14 -5.976175718357459652e-16 4.207676004315547694e-15 1.329127499069411734e-14 1.485158383049555446e-14 1.345897542455960191e-14 2.084142820292190397e-14 1.613237039704610936e-14 1.937436474190268859e-14 1.001580763067050670e-14 4.791456354280109822e-15 3.665233753027244175e-15 -5.878664477475205648e-16 1.001278419002570247e-15 -2.765150816450636149e-15 2.454161165130011587e-15 8.772105310994489653e-16 3.399294737911033803e-16 1.626847679027275115e-16 -2.704103085297209299e-16 -4.903402264233763969e-16 3.583034416415709265e-16
1.530131132434727903e-14 4.306128536355590303e-15 -1.203219524416561415e-14 6.509539988061528614e-15 -6.832165116473172532e-15 -5.808271909698614570e-15 8.830689351763059201e-15 1.424835611763294571e-14 1.701906750366752196e-14 1.691689706628521669e-14 3.148787001581229266e-14 1.439239819025876971e-14 1.001580763067050670e-14 1.992066410577739541e-14 1.628196697383909133e-14 5.202397144166714403e-15 1.571787409859525685e-15 2.437919465794661872e-17 1.985299608349872056e-16 -2.597101471990982835e-16 -2.590567531685773132e-15 9.768489593837091253e-17 2.329391499700304899e-18 -9.742523804628591761e-16 -2.274232949225370678e-16 2.687324879338772215e-16
-3.506839596567498408e-14 -1.340087901669244775e-14 -3.451117079211704562e-14 7.190472853759479690e-15 -2.022977794320608130e-15 -2.102205202571872537e-14 3.913653652521371559e-15 1.666335345074401481e-14 2.332420195915018172e-14 1.975203639322417120e-14 2.562909161180494985e-14 8.722049588188962986e-15 4.791456354280109822e-15 1.628196697383909133e-14 2.494843474667731761e-14 5.768538005399806558e-15 2.702351133559496614e-15 -5.899244261673272992e-16 2.153186826406387106e-15 -4.790084861749086202e-17 -8.065702830438532093e-15 -3.535105687300393298e-15 -2.848584015284662331e-15 -1.414489528107197008e-15 -2.871009659842795451e-16 -2.868810394989315763e-16
1.527362023962164243e-14 8.764940923657525803e-15 -2.213111877232982338e-14 -2.697985138256361387e-15 -3.979178374001495760e-15 2.410285460773720686e-15 4.257194572822614552e-15 5.524935013431031696e-15 8.684107969084428498e-15 6.160265603146231515e-15 7.515387732745969241e-15 5.586991544699309308e-15 3.665233753027244175e-15 5.202397144166714403e-15 5.768538005399806558e-15 6.242237016777905506e-15 2.127687832355550559e-15 1.432385247014905821e-15 1.136620745095471676e-15 2.529215202200031088e-15 1.081717070842720076e-15 8.118566822218549893e-16 -4.629297811087711694e-16 -8.414690583043495151e-16 -1.265185275382579413e-15 -3.025603344164425797e-16
-1.023439450627978267e-14 -2.264850164855236216e-15 -4.235773454703718800e-15 -1.101189484835587480e-16 -3.778850045845148747e-15 -7.006407351176636404e-15 1.312217241918892621e-16 6.130177441707899063e-16 2.674078652519350466e-15 -3.256225051928519469e-17 -3.238119369494122398e-16 -9.756904293082199965e-17 -5.878664477475205648e-16 1.571787409859525685e-15 2.702351133559496614e-15 2.127687832355550559e-15 4.360309885844841697e-15 2.449788858847703898e-15 1.839150277548884395e-15 6.725413015088036098e-16 -8.915775050989470597e-17 -1.698335056734908120e-16 -5.272480441526640731e-17 -7.118190566646433569e-17 1.420095602680711265e-16 -2.791253365513687419e-16
9.616279830403245350e-15 7.890459688206740176e-15 -3.120396108297700379e-15 -1.038303092306952804e-14 1.179006192959260913e-15 2.813311447539990209e-15 7.479183056274134629e-16 -1.520404463241679331e-15 3.726732994678504439e-15 2.012884902883229404e-15 -2.378637778241058241e-15 -2.331362819349840531e-15 1.001278419002570247e-15 2.437919465794661872e-17 -5.899244261673272992e-16 1.432385247014905821e-15 2.449788858847703898e-15 6.674498353055082556e-15 3.803562199921732594e-15 3.264153906614152281e-15 1.748848108455352913e-15 8.699888993433927726e-16 9.888270568766542158e-16 7.273443381632009933e-16 2.270969594670311633e-16 3.647216623113448854e-16
-1.298236877086514513e-14 7.623511105436359690e-15 1.441008902453537198e-15 -1.759697136823063173e-15 6.882546639046414288e-15 -2.482555230691337901e-16 7.715815727323912437e-16 -1.405630382186208147e-15 4.221298314589904830e-15 3.156502188950421666e-15 -1.416130259260787585e-15 -3.239804413101907085e-15 -2.765150816450636149e-15 1.985299608349872056e-16 2.153186826406387106e-15 1.136620745095471676e-15 1.839150277548884395e-15 3.803562199921732594e-15 6.718096912277832521e-15 3.702745206232418206e-15 2.134783706795481809e-15 8.753842840922218187e-16 3.289907260857387623e-16 3.639698513438842128e-16 2.071353991377181728e-16 1.064424247318781422e-17
2.279277313665307383e-14 7.076259680289557303e-15 -2.232620466141948868e-14 -1.749865656476877468e-14 1.832593813788929860e-15 3.779000897463969083e-15 3.321098341314140279e-15 3.864520089204730304e-15 7.552284920793722286e-15 7.577145849588755007e-16 1.309015568449547857e-15 3.753414292518061761e-15 2.454161165130011587e-15 -2.597101471990982835e-16 -4.790084861749086202e-17 2.529215202200031088e-15 6.725413015088036098e-16 3.264153906614152281e-15 3.702745206232418206e-15 8.943069235100652073e-15 7.239054023430935175e-15 2.917624839929197548e-15 6.381480233048771354e-16 6.319074328192101158e-16 -6.076578499717568963e-16 1.734739216271301370e-16
2.844970039018512980e-14 2.206155860630749489e-14 8.309099926755000823e-16 -1.722145571923339244e-14 -9.475748855392105293e-16 1.746549972788142052e-14 2.485571747292706640e-15 -4.423351833000573706e-15 -5.428848496080438219e-15 -6.170731520577369378e-15 2.435692585102560665e-16 1.201916034139223515e-15 8.772105310994489653e-16 -2.590567531685773132e-15 -8.065702830438532093e-15 1.081717070842720076e-15 -8.915775050989470597e-17 1.748848108455352913e-15 2.134783706795481809e-15 7.239054023430935175e-15 1.738656096747075542e-14 7.805001069467707645e-15 4.023117204252558527e-15 1.672365853067938983e-15 -6.010097519450999779e-16 5.332717892430071612e-16
2.344070379481456973e-14 1.302562661691110234e-14 1.055141381249268619e-14 -2.515627631956140210e-15 -3.701664049732091342e-15 9.713864868779482639e-15 9.120588530927765930e-16 -4.132128359411141223e-15 -4.525894997389319023e-15 -4.555441125580601941e-15 -5.986431151967044705e-16 1.062174266690555946e-16 3.399294737911033803e-16 9.768489593837091253e-17 -3.535105687300393298e-15 8.118566822218549893e-16 -1.698335056734908120e-16 8.699888993433927726e-16 8.753842840922218187e-16 2.917624839929197548e-15 7.805001069467707645e-15 8.283051794913902968e-15 4.252937524444048395e-15 1.238534998542811125e-15 -8.501243764754050701e-16 -4.416048431357873108e-16
1.236392483232148104e-14 7.716386302600998865e-15 1.154539060158943672e-14 -3.076242463874149173e-15 -4.084410072094461624e-15 7.711559558861583292e-15 4.959377488997297215e-17 -3.701062166299853285e-15 -6.118378586684404296e-15 -2.532343532969032043e-15 2.551117400195305692e-16 -1.253525505303806013e-15 1.626847679027275115e-16 2.329391499700304899e-18 -2.848584015284662331e-15 -4.629297811087711694e-16 -5.272480441526640731e-17 9.888270568766542158e-16 3.289907260857387623e-16 6.381480233048771354e-16 4.023117204252558527e-15 4.252937524444048395e-15 6.662643508736296784e-15 3.028355311022843976e-15 2.569513339347709166e-16 2.145626405542970817e-16
-7.131048306679374516e-15 -1.392034360592178421e-15 2.872743747990921090e-15 2.548553089652626484e-15 -4.273143592056572998e-15 3.446490280788870834e-15 -2.642439476558190202e-16 -4.907999410499282083e-15 -4.352192374995421245e-15 -2.068966088484346639e-15 -3.101470143380808817e-15 -2.454337841567749775e-15 -2.704103085297209299e-16 -9.742523804628591761e-16 -1.414489528107197008e-15 -8.414690583043495151e-16 -7.118190566646433569e-17 7.273443381632009933e-16 3.639698513438842128e-16 6.319074328192101158e-16 1.672365853067938983e-15 1.238534998542811125e-15 3.028355311022843976e-15 4.456677909361892045e-15 2.626362591077774773e-15 7.716361669223068560e-16
-1.900149602811597765e-14 -6.562304212856346407e-15 1.077347092645983616e-15 8.511790736477601237e-15 -2.092163403454172367e-16 1.723889168407762405e-15 1.606948844602993346e-15 -3.654179165829513965e-15 -1.999080349263623658e-15 8.713760779189050471e-16 -1.491660433041875642e-15 -2.029982535986395069e-15 -4.903402264233763969e-16 -2.274232949225370678e-16 -2.871009659842795451e-16 -1.265185275382579413e-15 1.420095602680711265e-16 2.270969594670311633e-16 2.071353991377181728e-16 -6.076578499717568963e-16 -6.010097519450999779e-16 -8.501243764754050701e-16 2.569513339347709166e-16 2.626362591077774773e-15 5.035364601455150773e-15 2.376656535671109296e-15
-1.114813196228276665e-14 -9.248338929531920816e-16 -6.828985284437345571e-15 -4.687486727155460432e-15 5.089679412187331047e-15 3.927192775171415644e-15 1.930941344485064664e-15 1.073655078131670583e-15 6.590151461216463098e-16 6.588998686440964508e-16 1.967354139604525050e-15 8.779146010253371087e-16 3.583034416415709265e-16 2.687324879338772215e-16 -2.868810394989315763e-16 -3.025603344164425797e-16 -2.791253365513687419e-16 3.647216623113448854e-16 1.064424247318781422e-17 1.734739216271301370e-16 5.332717892430071612e-16 -4.416048431357873108e-16 2.145626405542970817e-16 7.716361669223068560e-16 2.376656535671109296e-15 4.467544562519021391e-15
