1.613412907140073956e-12 3.977316950792171260e-13 -5.759852347166519754e-13 2.063041943471669348e-13 1.014255384094131159e-13 -4.775895044822754419e-14 -1.314915487765785071e-13 1.223956815015504200e-13 -5.045615252933279762e-14 2.251230829797101295e-14 8.554214056302745288e-15 6.270161511689148406e-14 -3.011213222626006731e-14 2.827479736329940752e-14 -5.048219763508440437e-14 -2.379376927534189017e-15 -2.882729944708738725e-14 -3.305133628634588845e-14 -5.308950553781278684e-14 -6.326933812528770690e-14 -4.058169444680847559e-14 -1.625724131086671323e-14 1.372909962729762744e-14 7.431145327879407898e-15 1.284552162942068444e-14 -4.968074743352519436e-15
3.977316950792171260e-13 8.347787356223845063e-13 -1.830273904009754298e-13 -9.950688298452474495e-15 -3.336227269202467342e-14 -1.156019921124105606e-13 -1.273596533553234799e-14 7.020969150266826216e-14 4.205215628172632825e-16 -1.577720700841905292e-15 2.864041939555471060e-14 1.945406370866039481e-14 3.019820675685710979e-14 3.426432683944979886e-14 -5.239413976753520003e-15 4.539257218554599857e-14 -7.218584013714797193e-15 -4.903121184739785858e-14 -1.399602710606253577e-14 -2.192864065712408409e-14 -1.370112260614110938e-14 -3.668424211976459237e-14 -8.668034171312675393e-15 -4.225852817001798852e-16 -1.573069851388337969e-15 2.316478559863209140e-15
-5.759852347166519754e-13 -1.830273904009754298e-13 3.986185768169764388e-13 -1.336504045064889585e-13 -1.526959431017332444e-13 8.741376658083131769e-15 1.222147321358049961e-14 -2.986973902547301862e-14 5.468663571091368699e-15 1.031328504683104724e-14 -3.216991241109169210e-15 -1.950425863324699939e-14 3.503386573292745003e-14 -8.708325600627070314e-15 1.497670197359159083e-14 1.786911638036551575e-14 1.943254740884899146e-14 1.138925674045607106e-14 2.036093770945240540e-14 2.619164811885631563e-14 1.328741751274717549e-14 1.366203113574673401e-14 -8.141277703302388736e-15 -3.108105231934773670e-15 -8.340678570778717670e-15 6.826830037392592775e-15
2.063041943471669348e-13 -9.950688298452474495e-15 -1.336504045064889585e-13 2.443615253426454855e-13 2.419354638997021150e-13 1.381816928623748618e-13 7.289902229507430184e-14 3.855905954754292146e-14 1.139150363777741275e-14 1.269525402977724917e-14 -5.693301013822302705e-15 3.152114052162332820e-14 -4.384371444839572142e-15 2.714361032319877895e-14 1.096744459671153209e-15 -1.280887013615557097e-14 -3.231121075054383575e-14 2.793805765433316864e-15 1.111633381915033353e-14 -1.242150679800697522e-14 3.827863106570068357e-15 -1.092132706956285869e-15 2.163282194153412935e-15 -2.645869709891041538e-15 7.180154293294495883e-15 1.254685400384794439e-15
1.014255384094131159e-13 -3.336227269202467342e-14 -1.526959431017332444e-13 2.419354638997021150e-13 4.276962755591089209e-13 2.004459177896282494e-13 1.946108029584919353e-13 3.301014963259710310e-14 4.406650894297376820e-14 2.922841413722860900e-14 6.952902764296131098e-15 3.717263879563608371e-14 -2.292075346205932625e-14 4.794474384277978791e-14 1.404933889311467513e-14 -2.583660772953237310e-14 -4.213417648541070711e-14 8.182575359488835270e-15 1.633131807385385930e-14 -1.594836515013930350e-14 1.625960884750744346e-14 -4.296321068798479024e-15 2.370173550115488613e-16 -9.330501339536486839e-15 6.283381014698729848e-15 -1.692182172721836187e-15
-4.775895044822754419e-14 -1.156019921124105606e-13 8.741376658083131769e-15 1.381816928623748618e-13 2.004459177896282494e-13 1.628247390056991282e-13 1.115378544297315414e-13 2.408133880112928472e-14 2.391715241623162614e-14 2.148525451566020891e-14 -9.663778505717699826e-15 2.077958628469436252e-14 3.766944035967218701e-16 2.320715596188123501e-14 9.183770533840273927e-15 -1.059295243689893477e-14 -2.287627686092971441e-14 1.191108734443218476e-14 1.618087334263734894e-14 -6.917129425588592938e-16 1.273397354615680601e-14 6.540909531645293374e-15 -2.905028622219724864e-15 -8.102209694593710231e-15 3.160834263554017320e-15 2.468000788246857342e-15
-1.314915487765785071e-13 -1.273596533553234799e-14 1.222147321358049961e-14 7.289902229507430184e-14 1.946108029584919353e-13 1.115378544297315414e-13 1.695705716927960827e-13 -4.841252920385931852e-15 1.889023308755811847e-14 1.493878438920371132e-14 1.716910078414049495e-15 1.153546657628237573e-14 -1.649671014911479056e-14 1.865549479026939094e-14 1.024431981809714524e-14 -4.040368293543531761e-15 -1.266877095637211388e-14 5.572119332309886920e-15 8.526270313943328256e-15 -3.169724611015862059e-15 1.387243199401932453e-14 -2.836373533030875910e-15 -4.850478189972091889e-15 -9.154631831993063275e-15 -2.887047638280645093e-16 -1.021723107781421294e-16
1.223956815015504200e-13 7.020969150266826216e-14 -2.986973902547301862e-14 3.855905954754292146e-14 3.301014963259710310e-14 2.408133880112928472e-14 -4.841252920385931852e-15 4.485733315370182107e-14 -3.180641634872131219e-15 1.062363889633015853e-14 4.524228428797092080e-15 1.326755064746316915e-14 1.229485781876311655e-14 1.800097857043381152e-14 4.353061151410904124e-16 1.742724828241148985e-15 -7.543458105292440260e-15 -5.450639494353611958e-15 1.453136845386402174e-15 -5.107921189505969708e-15 5.818632934514324679e-16 -1.254889626592424041e-15 -2.342225114832575210e-15 -1.021652027857298943e-15 2.364218014386094688e-16 1.753543172181610920e-15
-5.045615252933279762e-14 4.205215628172632825e-16 5.468663571091368699e-15 1.139150363777741275e-14 4.406650894297376820e-14 2.391715241623162614e-14 1.889023308755811847e-14 -3.180641634872131219e-15 5.141130675190419523e-14 1.034537903527262507e-14 7.824396057770413252e-16 -4.054840099865666668e-15 3.770262747491461125e-15 1.011537064763797139e-14 6.859452593410210384e-15 8.276199134124180610e-15 -2.292598897028807091e-15 7.048758055467802538e-15 1.024436444102202045e-14 3.292393791282201449e-15 3.505146422344316746e-15 1.351701992219741081e-15 -1.018558026750043830e-15 -1.532125997741548657e-15 2.796534216200548613e-15 7.540153966304228605e-16
2.251230829797101295e-14 -1.577720700841905292e-15 1.031328504683104724e-14 1.269525402977724917e-14 2.922841413722860900e-14 2.148525451566020891e-14 1.493878438920371132e-14 1.062363889633015853e-14 1.034537903527262507e-14 2.268341432700884134e-14 1.676965417334638730e-15 5.019322987788754976e-15 1.989446139966632681e-15 1.037860069015420825e-14 1.590416520012019037e-15 3.554946392830648849e-15 -1.940998214294000365e-15 5.943467465875734984e-15 6.901312187861703098e-15 -3.759821061140189804e-15 -1.177336415717345311e-15 -3.242401257379767138e-18 7.178098014032548272e-16 -2.366051814026360979e-15 1.667447991348327444e-15 8.160115754983244527e-16
8.554214056302745288e-15 2.864041939555471060e-14 -3.216991241109169210e-15 -5.693301013822302705e-15 6.952902764296131098e-15 -9.663778505717699826e-15 1.716910078414049495e-15 4.524228428797092080e-15 7.824396057770413252e-16 1.676965417334638730e-15 9.613041972835380020e-15 -1.470964450839268753e-16 2.018092928043170459e-15 7.604349960105672462e-15 9.488076211975691129e-16 1.219172226075982059e-15 -4.512551722125419868e-16 -2.985023834325012189e-15 -7.281947786968762658e-16 -2.553425150845764839e-15 3.646896145054559356e-16 -1.891141028037563359e-15 -1.465916337193157595e-16 2.871436270336714386e-16 -6.874211150993753052e-16 -2.684399313923237068e-17
6.270161511689148406e-14 1.945406370866039481e-14 -1.950425863324699939e-14 3.152114052162332820e-14 3.717263879563608371e-14 2.077958628469436252e-14 1.153546657628237573e-14 1.326755064746316915e-14 -4.054840099865666668e-15 5.019322987788754976e-15 -1.470964450839268753e-16 3.035928790810654441e-14 6.004012725826057881e-15 8.972383754230692768e-15 4.466013430060171492e-15 -4.641092489824724762e-16 -4.702237354130553942e-15 -3.214411712388131823e-15 2.216927276883721066e-16 -9.032810683687218721e-15 -2.908581365442938074e-15 -3.015122333138017632e-15 -2.723144714551445751e-16 -1.829866966902077400e-15 6.228566650280814139e-16 2.506501678820422893e-16
-3.011213222626006731e-14 3.019820675685710979e-14 3.503386573292745003e-14 -4.384371444839572142e-15 -2.292075346205932625e-14 3.766944035967218701e-16 -1.649671014911479056e-14 1.229485781876311655e-14 3.770262747491461125e-15 1.989446139966632681e-15 2.018092928043170459e-15 6.004012725826057881e-15 2.789443536002912610e-14 9.624851253656158849e-15 5.200860221754687596e-15 8.468832349430203766e-15 -2.443071799005318331e-15 -5.337990419223096365e-15 1.338883464979185257e-15 -1.765548215422208799e-15 1.585352135874325874e-16 1.721516148622285312e-15 -1.947264145127655104e-15 -1.088487384307808812e-15 -1.404011232059585943e-15 1.362913710387824152e-15
2.827479736329940752e-14 3.426432683944979886e-14 -8.708325600627070314e-15 2.714361032319877895e-14 4.794474384277978791e-14 2.320715596188123501e-14 1.865549479026939094e-14 1.800097857043381152e-14 1.011537064763797139e-14 1.037860069015420825e-14 7.604349960105672462e-15 8.972383754230692768e-15 9.624851253656158849e-15 2.805327842427418175e-14 9.705713982610675770e-15 4.555553118681508799e-15 -3.369810085409312914e-15 1.474144521344973432e-15 5.120259945901363623e-15 -6.564187012182149030e-15 1.266763525642891518e-15 -9.863051445699115885e-16 2.833043419251015872e-16 -2.008527325947565134e-15 1.211852036276504531e-15 3.750810536174494085e-16
-5.048219763508440437e-14 -5.239413976753520003e-15 1.497670197359159083e-14 1.096744459671153209e-15 1.404933889311467513e-14 9.183770533840273927e-15 1.024431981809714524e-14 4.353061151410904124e-16 6.859452593410210384e-15 1.590416520012019037e-15 9.488076211975691129e-16 4.466013430060171492e-15 5.200860221754687596e-15 9.705713982610675770e-15 1.027065771196957737e-14 3.507177296887609665e-15 1.746592992309776942e-15 2.114025594912499315e-15 3.817150140553497240e-15 -4.399528564121687083e-16 1.748302219226828971e-15 -4.409382340850759612e-16 -3.530712828026125672e-16 -1.306210175419550887e-15 1.452535105662280902e-16 5.275826419540609993e-17
-2.379376927534189017e-15 4.539257218554599857e-14 1.786911638036551575e-14 -1.280887013615557097e-14 -2.583660772953237310e-14 -1.059295243689893477e-14 -4.040368293543531761e-15 1.742724828241148985e-15 8.276199134124180610e-15 3.554946392830648849e-15 1.219172226075982059e-15 -4.641092489824724762e-16 8.468832349430203766e-15 4.555553118681508799e-15 3.507177296887609665e-15 1.641158097086916118e-14 5.200523256055441215e-15 -5.444393904214670224e-16 1.709358942370391953e-15 -6.198394261842680023e-16 -6.566911382033330198e-16 -1.172437523759214515e-15 -5.820219552023192373e-16 -3.638979716975249104e-16 -1.429507488197887236e-16 5.368922045786788871e-16
-2.882729944708738725e-14 -7.218584013714797193e-15 1.943254740884899146e-14 -3.231121075054383575e-14 -4.213417648541070711e-14 -2.287627686092971441e-14 -1.266877095637211388e-14 -7.543458105292440260e-15 -2.292598897028807091e-15 -1.940998214294000365e-15 -4.512551722125419868e-16 -4.702237354130553942e-15 -2.443071799005318331e-15 -3.369810085409312914e-15 1.746592992309776942e-15 5.200523256055441215e-15 1.275389122795000849e-14 4.739065052833296509e-15 1.172804856997450993e-15 3.057815035446530144e-15 -1.020501926876569700e-15 2.632722421535554898e-16 5.806918449764877426e-16 8.038119493712807022e-16 -8.732341388038162252e-16 -6.074462354327768111e-16
-3.305133628634588845e-14 -4.903121184739785858e-14 1.138925674045607106e-14 2.793805765433316864e-15 8.182575359488835270e-15 1.191108734443218476e-14 5.572119332309886920e-15 -5.450639494353611958e-15 7.048758055467802538e-15 5.943467465875734984e-15 -2.985023834325012189e-15 -3.214411712388131823e-15 -5.337990419223096365e-15 1.474144521344973432e-15 2.114025594912499315e-15 -5.444393904214670224e-16 4.739065052833296509e-15 1.270846374740460575e-14 8.581752143767645315e-15 3.543201872772555117e-15 6.073110871513369923e-16 2.071842951044703109e-15 2.087608649292054394e-15 -2.656452345517552389e-16 1.469593181194546926e-15 -5.499443614439429544e-16
-5.308950553781278684e-14 -1.399602710606253577e-14 2.036093770945240540e-14 1.111633381915033353e-14 1.633131807385385930e-14 1.618087334263734894e-14 8.526270313943328256e-15 1.453136845386402174e-15 1.024436444102202045e-14 6.901312187861703098e-15 -7.281947786968762658e-16 2.216927276883721066e-16 1.338883464979185257e-15 5.120259945901363623e-15 3.817150140553497240e-15 1.709358942370391953e-15 1.172804856997450993e-15 8.581752143767645315e-15 1.468365686293226050e-14 5.209255047749924023e-15 2.446119454787046699e-15 4.912254932384550796e-16 3.301011665718155269e-16 -4.316583011416714091e-16 1.165300743577224559e-15 6.925270278382741829e-16
-6.326933812528770690e-14 -2.192864065712408409e-14 2.619164811885631563e-14 -1.242150679800697522e-14 -1.594836515013930350e-14 -6.917129425588592938e-16 -3.169724611015862059e-15 -5.107921189505969708e-15 3.292393791282201449e-15 -3.759821061140189804e-15 -2.553425150845764839e-15 -9.032810683687218721e-15 -1.765548215422208799e-15 -6.564187012182149030e-15 -4.399528564121687083e-16 -6.198394261842680023e-16 3.057815035446530144e-15 3.543201872772555117e-15 5.209255047749924023e-15 1.227516861980508005e-14 5.987593839292282149e-15 3.292501757702264563e-15 -1.736172609579082252e-16 6.877128528105743075e-16 -5.966298527737075388e-16 4.967490721792655299e-16
-4.058169444680847559e-14 -1.370112260614110938e-14 1.328741751274717549e-14 3.827863106570068357e-15 1.625960884750744346e-14 1.273397354615680601e-14 1.387243199401932453e-14 5.818632934514324679e-16 3.505146422344316746e-15 -1.177336415717345311e-15 3.646896145054559356e-16 -2.908581365442938074e-15 1.585352135874325874e-16 1.266763525642891518e-15 1.748302219226828971e-15 -6.566911382033330198e-16 -1.020501926876569700e-15 6.073110871513369923e-16 2.446119454787046699e-15 5.987593839292282149e-15 8.962289040040555447e-15 3.798804215121861014e-15 -1.031874053769306189e-15 -4.916127579744379204e-16 -6.174804618046435104e-16 4.267002784173840574e-16
-1.625724131086671323e-14 -3.668424211976459237e-14 1.366203113574673401e-14 -1.092132706956285869e-15 -4.296321068798479024e-15 6.540909531645293374e-15 -2.836373533030875910e-15 -1.254889626592424041e-15 1.351701992219741081e-15 -3.242401257379767138e-18 -1.891141028037563359e-15 -3.015122333138017632e-15 1.721516148622285312e-15 -9.863051445699115885e-16 -4.409382340850759612e-16 -1.172437523759214515e-15 2.632722421535554898e-16 2.071842951044703109e-15 4.912254932384550796e-16 3.292501757702264563e-15 3.798804215121861014e-15 6.864774620670457299e-15 1.248487776463276736e-15 3.009320721813443336e-16 -1.659658579116065867e-16 2.608515242464072022e-16
1.372909962729762744e-14 -8.668034171312675393e-15 -8.141277703302388736e-15 2.163282194153412935e-15 2.370173550115488613e-16 -2.905028622219724864e-15 -4.850478189972091889e-15 -2.342225114832575210e-15 -1.018558026750043830e-15 7.178098014032548272e-16 -1.465916337193157595e-16 -2.723144714551445751e-16 -1.947264145127655104e-15 2.833043419251015872e-16 -3.530712828026125672e-16 -5.820219552023192373e-16 5.806918449764877426e-16 2.087608649292054394e-15 3.301011665718155269e-16 -1.736172609579082252e-16 -1.031874053769306189e-15 1.248487776463276736e-15 5.012854018170167180e-15 1.492504940516771925e-15 1.195165788681513682e-15 -3.623477930017278263e-16
7.431145327879407898e-15 -4.225852817001798852e-16 -3.108105231934773670e-15 -2.645869709891041538e-15 -9.330501339536486839e-15 -8.102209694593710231e-15 -9.154631831993063275e-15 -1.021652027857298943e-15 -1.532125997741548657e-15 -2.366051814026360979e-15 2.871436270336714386e-16 -1.829866966902077400e-15 -1.088487384307808812e-15 -2.008527325947565134e-15 -1.306210175419550887e-15 -3.638979716975249104e-16 8.038119493712807022e-16 -2.656452345517552389e-16 -4.316583011416714091e-16 6.877128528105743075e-16 -4.916127579744379204e-16 3.009320721813443336e-16 1.492504940516771925e-15 3.643070105452071959e-15 1.363539891586532288e-15 3.065893364618128404e-16
1.284552162942068444e-14 -1.573069851388337969e-15 -8.340678570778717670e-15 7.180154293294495883e-15 6.283381014698729848e-15 3.160834263554017320e-15 -2.887047638280645093e-16 2.364218014386094688e-16 2.796534216200548613e-15 1.667447991348327444e-15 -6.874211150993753052e-16 6.228566650280814139e-16 -1.404011232059585943e-15 1.211852036276504531e-15 1.452535105662280902e-16 -1.429507488197887236e-16 -8.732341388038162252e-16 1.469593181194546926e-15 1.165300743577224559e-15 -5.966298527737075388e-16 -6.174804618046435104e-16 -1.659658579116065867e-16 1.195165788681513682e-15 1.363539891586532288e-15 4.042094719227265101e-15 1.066866086611682700e-15
-4.968074743352519436e-15 2.316478559863209140e-15 6.826830037392592775e-15 1.254685400384794439e-15 -1.692182172721836187e-15 2.468000788246857342e-15 -1.021723107781421294e-16 1.753543172181610920e-15 7.540153966304228605e-16 8.160115754983244527e-16 -2.684399313923237068e-17 2.506501678820422893e-16 1.362913710387824152e-15 3.750810536174494085e-16 5.275826419540609993e-17 5.368922045786788871e-16 -6.074462354327768111e-16 -5.499443614439429544e-16 6.925270278382741829e-16 4.967490721792655299e-16 4.267002784173840574e-16 2.608515242464072022e-16 -3.623477930017278263e-16 3.065893364618128404e-16 1.066866086611682700e-15 2.618092545339326787e-15
