7.302414049935558366e-12 -1.711497458565659938e-13 -2.679857380357546089e-13 7.253326557073305610e-13 1.336693085719182728e-13 1.240696859372440212e-13 7.053939350175028075e-14 -1.100121539159381552e-13 -1.813165559066976144e-13 1.031388329520428404e-13 5.775493058667963141e-14 3.359646252505222769e-14 4.728773663051859572e-14 5.703917111521417661e-14 -1.909823164675550031e-14 -1.307419352242219160e-14 -6.798067541662421738e-14 -6.332807318380897683e-14 -2.487710456120234181e-14 -1.082743792228992778e-14 -4.104121607393713995e-14 3.159559360858224859e-14 6.553453253996159893e-14 4.350597414373422579e-14 6.605430470727543502e-14 -2.269692255302650032e-14
-1.711497458565659938e-13 4.288744780976141313e-12 1.891954724380609472e-13 -1.962310148892979382e-13 2.046749687890709714e-13 -2.036277526068156319e-14 9.129618626308777517e-16 6.350882169330051959e-14 4.759673426645060226e-14 7.255475896217864985e-14 5.987576470568709553e-14 7.880177675982300932e-14 1.522641850113497490e-13 4.382237862404934984e-14 1.196557950967422171e-14 5.801615260661830966e-14 2.789562588051009797e-14 -1.011518685690271827e-14 4.076922578793263065e-14 3.659594866069855569e-14 3.338529798732744608e-14 7.223009676132512243e-15 1.409940008529695671e-14 4.298411960503739446e-14 5.841713820853869001e-14 7.010476011717202245e-14
-2.679857380357546089e-13 1.891954724380609472e-13 3.187577420036763008e-12 3.959693488134466773e-13 2.437200225956580505e-14 -1.923316456021441173e-13 -4.756504162849941381e-15 -3.124837392790065837e-14 6.045948793194136559e-14 1.696051938693062490e-14 -1.449025731471543124e-14 -8.251043792836118417e-14 -6.121803729575758177e-14 -4.456699531289176318e-15 6.262771160565825659e-16 -2.724455214384791532e-14 -4.711853157288920602e-15 1.103032115005834447e-14 -3.608954753150721829e-15 -4.330461921754211505e-15 1.451650263615834465e-14 5.750218534183920290e-14 2.131166925233249168e-14 -1.433316244735657614e-16 3.687644906393219559e-14 2.706525347538522792e-14
7.253326557073305610e-13 -1.962310148892979382e-13 3.959693488134466773e-13 2.656376009079065084e-12 2.572591581981820734e-13 1.770342422193904826e-13 3.215703232281204092e-13 -1.205344050855053032e-13 -7.381452296066637574e-14 3.987197043628871048e-17 -9.121552149642373705e-14 -4.323116029666548981e-14 -3.069863879951244297e-14 7.025233974024798201e-14 -4.507732051417000088e-14 -1.785973085657687719e-14 -2.317599258414324979e-14 -1.696453485698486504e-14 1.896144360428310536e-14 6.049632854814448015e-14 5.058437820588402959e-14 5.870798147869888479e-14 3.678217524174881167e-14 4.652523056095471771e-15 -1.975417381220433512e-14 3.730510737662632090e-14
1.336693085719182728e-13 2.046749687890709714e-13 2.437200225956580505e-14 2.572591581981820734e-13 1.511353453587591762e-12 2.779654229454303369e-13 6.258254232765232298e-14 5.555979237931030983e-14 9.594871369964738430e-14 8.162545329302135434e-14 1.854083616087032820e-14 4.178349186299541109e-14 3.272123817580656641e-14 1.508797616902579956e-14 -2.052954530570397408e-14 -1.205633441051787773e-14 -6.718540254350746632e-15 -2.867490463682750411e-14 5.512828749056594454e-15 1.185283802945608188e-14 5.823495763194316358e-15 -2.499775157957113271e-14 -2.229779220998006567e-14 5.541087533673769340e-15 -5.400161821532035957e-15 3.622622697478685365e-15
1.240696859372440212e-13 -2.036277526068156319e-14 -1.923316456021441173e-13 1.770342422193904826e-13 2.779654229454303369e-13 9.616420735059455256e-13 1.335629651783929834e-13 3.600745637627030018e-14 -1.066256751221042975e-14 -1.498377345664344603e-14 3.488649129497531652e-15 4.049123035552287099e-15 1.454442233838011452e-14 3.313984618991388379e-14 -1.295350796225523550e-14 -7.927618909693773441e-17 1.586843838417312452e-14 7.797871900384309703e-17 2.312939514428559099e-14 2.873372315688999442e-14 1.373921687256539677e-14 4.868250350645601506e-15 4.696557334733186361e-15 1.100609958968923336e-14 1.796199988109067555e-14 3.576524110365751606e-14
7.053939350175028075e-14 9.129618626308777517e-16 -4.756504162849941381e-15 3.215703232281204092e-13 6.258254232765232298e-14 1.335629651783929834e-13 7.502192899470102791e-13 1.326506938981268399e-13 6.531437355337920056e-14 8.760895806530414290e-14 -2.335568891664196514e-14 2.515082760849456599e-14 -5.462171578300026719e-15 5.937390401689138744e-14 2.643283342307814965e-14 -5.470820280062478740e-16 2.691571149781278159e-14 1.125340495714381401e-14 -1.532777901342450843e-14 -1.707137184300521060e-15 -2.349227107504518440e-14 -6.885745624723619740e-15 -2.065005465958268500e-14 -1.922356599164538007e-14 -2.152987817796174182e-14 -7.089783833258655720e-15
-1.100121539159381552e-13 6.350882169330051959e-14 -3.124837392790065837e-14 -1.205344050855053032e-13 5.555979237931030983e-14 3.600745637627030018e-14 1.326506938981268399e-13 4.686248410974432616e-13 1.359603641803325360e-13 5.390724183666412690e-14 -1.411832817229582222e-15 -1.868255774920303988e-14 3.404753467322866533e-15 1.326919042514023826e-15 -6.811667952603952619e-15 -1.046139740639222159e-14 -1.488589345669727088e-14 -1.043987088385767223e-14 -3.929488247711287518e-15 -1.393152265959349755e-14 -2.457757296112072619e-15 -1.232716345268124266e-14 -4.693529247064526794e-15 4.568435175789141956e-16 -7.742842844914928145e-15 -4.541819540887990148e-15
-1.813165559066976144e-13 4.759673426645060226e-14 6.045948793194136559e-14 -7.381452296066637574e-14 9.594871369964738430e-14 -1.066256751221042975e-14 6.531437355337920056e-14 1.359603641803325360e-13 3.872230227734451380e-13 1.042803211474939898e-13 2.623017535985313522e-14 1.134093886417125848e-14 1.122918322198843611e-14 6.111488675641790094e-15 -1.821883058476027006e-14 -9.678002325847552410e-16 -6.380113274603555243e-15 4.460427767406655462e-15 -7.202062240378185949e-15 -6.515217263149140515e-15 4.962568169997210617e-15 9.121070319781444177e-15 1.527792059331953878e-14 3.581759951153726977e-16 -1.994519480052865918e-15 1.362653007539541511e-14
1.031388329520428404e-13 7.255475896217864985e-14 1.696051938693062490e-14 3.987197043628871048e-17 8.162545329302135434e-14 -1.498377345664344603e-14 8.760895806530414290e-14 5.390724183666412690e-14 1.042803211474939898e-13 2.325264815156516064e-13 6.555752205657560686e-14 2.309053045008197847e-14 1.112539121026875909e-14 6.904589258892977076e-15 -2.253307365370485573e-16 6.435661349952881229e-15 4.558164426229079102e-15 -8.292499752480938947e-15 -4.878230979607005482e-15 -1.788761422857383928e-14 -1.528879035543676824e-14 -2.232364514391994752e-14 -5.927192941862287055e-15 -7.523174351064074297e-15 -1.314397399669352476e-14 -1.448676927115993738e-14
5.775493058667963141e-14 5.987576470568709553e-14 -1.449025731471543124e-14 -9.121552149642373705e-14 1.854083616087032820e-14 3.488649129497531652e-15 -2.335568891664196514e-14 -1.411832817229582222e-15 2.623017535985313522e-14 6.555752205657560686e-14 2.212210111764055466e-13 7.067157540115280081e-14 3.152895905420474423e-14 5.133761625159228148e-15 7.659219407505635180e-15 9.066204435507493617e-15 1.075347415410800660e-14 -2.942038145041989800e-15 -3.534927649601123293e-16 -1.220978470144063525e-14 -1.059755512869133051e-14 -1.385143884950563223e-14 -7.906626792284163554e-16 -5.006536985002283800e-15 -1.262351799131452629e-14 -1.136732722434417316e-14
3.359646252505222769e-14 7.880177675982300932e-14 -8.251043792836118417e-14 -4.323116029666548981e-14 4.178349186299541109e-14 4.049123035552287099e-15 2.515082760849456599e-14 -1.868255774920303988e-14 1.134093886417125848e-14 2.309053045008197847e-14 7.067157540115280081e-14 1.383784567076599685e-13 6.553503609145756878e-14 2.801285158860776909e-14 2.082125992983257398e-14 2.072052648392198816e-14 8.455906036257091367e-15 3.516799060711106085e-15 -7.890038541571327877e-16 -7.546141569453283599e-15 3.314747574078610183e-15 3.008611985216921198e-15 5.094877070409280961e-15 -6.148015264542456853e-15 -9.201004814478355612e-15 -1.036226170909925118e-14
4.728773663051859572e-14 1.522641850113497490e-13 -6.121803729575758177e-14 -3.069863879951244297e-14 3.272123817580656641e-14 1.454442233838011452e-14 -5.462171578300026719e-15 3.404753467322866533e-15 1.122918322198843611e-14 1.112539121026875909e-14 3.152895905420474423e-14 6.553503609145756878e-14 1.349203277605113825e-13 5.947564764363828687e-14 2.724448730929577832e-14 2.321147499856429757e-14 9.737225573028787929e-15 5.732612853687791967e-16 1.831852128832189789e-14 1.145608391376782910e-14 1.562548013766124673e-14 8.148690741032488912e-15 -1.309598566549601762e-15 -9.702878196274343984e-15 -5.986181864193530375e-15 -3.480261406422186265e-16
5.703917111521417661e-14 4.382237862404934984e-14 -4.456699531289176318e-15 7.025233974024798201e-14 1.508797616902579956e-14 3.313984618991388379e-14 5.937390401689138744e-14 1.326919042514023826e-15 6.111488675641790094e-15 6.904589258892977076e-15 5.133761625159228148e-15 2.801285158860776909e-14 5.947564764363828687e-14 1.008185773741987993e-13 3.960363904012635435e-14 2.006048451008222583e-14 1.266017476473585852e-14 1.341725695204706839e-14 1.813679575218267081e-14 1.171369756886380822e-14 8.970214887959481284e-15 5.281057352042396731e-15 -9.473046283997863699e-16 -6.734984244979780372e-15 -3.409115034236666015e-15 1.979375062900111761e-15
-1.909823164675550031e-14 1.196557950967422171e-14 6.262771160565825659e-16 -4.507732051417000088e-14 -2.052954530570397408e-14 -1.295350796225523550e-14 2.643283342307814965e-14 -6.811667952603952619e-15 -1.821883058476027006e-14 -2.253307365370485573e-16 7.659219407505635180e-15 2.082125992983257398e-14 2.724448730929577832e-14 3.960363904012635435e-14 9.509376531440604127e-14 5.581825569053798335e-14 3.681722878532776927e-14 2.787904612289052045e-14 1.243222895535268616e-14 1.662224521443233642e-15 -2.305604347813329477e-15 -5.470806412072143639e-15 -8.479061254901534322e-15 -4.029923090851079205e-15 -2.838315606893450315e-15 -1.930397373092615239e-15
-1.307419352242219160e-14 5.801615260661830966e-14 -2.724455214384791532e-14 -1.785973085657687719e-14 -1.205633441051787773e-14 -7.927618909693773441e-17 -5.470820280062478740e-16 -1.046139740639222159e-14 -9.678002325847552410e-16 6.435661349952881229e-15 9.066204435507493617e-15 2.072052648392198816e-14 2.321147499856429757e-14 2.006048451008222583e-14 5.581825569053798335e-14 8.755087327348341301e-14 4.700021670041429450e-14 2.430293003615198764e-14 8.204537494614373486e-15 6.312217026355919751e-15 7.086634509819969830e-15 3.586025738267169591e-15 -3.378806860292235441e-15 -5.311538715358887297e-15 -7.580670763877428093e-15 -2.672357360580426088e-15
-6.798067541662421738e-14 2.789562588051009797e-14 -4.711853157288920602e-15 -2.317599258414324979e-14 -6.718540254350746632e-15 1.586843838417312452e-14 2.691571149781278159e-14 -1.488589345669727088e-14 -6.380113274603555243e-15 4.558164426229079102e-15 1.075347415410800660e-14 8.455906036257091367e-15 9.737225573028787929e-15 1.266017476473585852e-14 3.681722878532776927e-14 4.700021670041429450e-14 8.613999668658718429e-14 4.588562926710903327e-14 2.146766639541314251e-14 2.522491847331902967e-14 1.960366178444260588e-14 2.084494113550568237e-14 1.931818563091230900e-15 2.206640566877173997e-15 8.374044608051200631e-16 1.055617683226191356e-14
-6.332807318380897683e-14 -1.011518685690271827e-14 1.103032115005834447e-14 -1.696453485698486504e-14 -2.867490463682750411e-14 7.797871900384309703e-17 1.125340495714381401e-14 -1.043987088385767223e-14 4.460427767406655462e-15 -8.292499752480938947e-15 -2.942038145041989800e-15 3.516799060711106085e-15 5.732612853687791967e-16 1.341725695204706839e-14 2.787904612289052045e-14 2.430293003615198764e-14 4.588562926710903327e-14 7.653706365978868291e-14 3.415353223685322736e-14 2.569365518132968852e-14 1.754198236236379320e-14 1.790135387040804834e-14 -1.943020628142419579e-15 2.896227620601742470e-15 -2.406871992697716189e-15 7.050666570652426298e-15
-2.487710456120234181e-14 4.076922578793263065e-14 -3.608954753150721829e-15 1.896144360428310536e-14 5.512828749056594454e-15 2.312939514428559099e-14 -1.532777901342450843e-14 -3.929488247711287518e-15 -7.202062240378185949e-15 -4.878230979607005482e-15 -3.534927649601123293e-16 -7.890038541571327877e-16 1.831852128832189789e-14 1.813679575218267081e-14 1.243222895535268616e-14 8.204537494614373486e-15 2.146766639541314251e-14 3.415353223685322736e-14 6.655838468366573226e-14 5.040143890322469438e-14 3.591376077418953131e-14 2.320892861257765201e-14 2.652922445180556928e-15 4.185707423285554789e-15 4.172683268219712904e-15 9.299835238275652747e-15
-1.082743792228992778e-14 3.659594866069855569e-14 -4.330461921754211505e-15 6.049632854814448015e-14 1.185283802945608188e-14 2.873372315688999442e-14 -1.707137184300521060e-15 -1.393152265959349755e-14 -6.515217263149140515e-15 -1.788761422857383928e-14 -1.220978470144063525e-14 -7.546141569453283599e-15 1.145608391376782910e-14 1.171369756886380822e-14 1.662224521443233642e-15 6.312217026355919751e-15 2.522491847331902967e-14 2.569365518132968852e-14 5.040143890322469438e-14 8.404368172355426710e-14 5.475831874290944657e-14 3.778423081283869831e-14 1.133729698035807303e-14 1.039242134273223071e-14 4.788908166418974089e-15 1.228640512571863817e-14
-4.104121607393713995e-14 3.338529798732744608e-14 1.451650263615834465e-14 5.058437820588402959e-14 5.823495763194316358e-15 1.373921687256539677e-14 -2.349227107504518440e-14 -2.457757296112072619e-15 4.962568169997210617e-15 -1.528879035543676824e-14 -1.059755512869133051e-14 3.314747574078610183e-15 1.562548013766124673e-14 8.970214887959481284e-15 -2.305604347813329477e-15 7.086634509819969830e-15 1.960366178444260588e-14 1.754198236236379320e-14 3.591376077418953131e-14 5.475831874290944657e-14 7.656610630461811116e-14 6.130603060566679283e-14 3.635549319028943744e-14 2.216364868347121496e-14 1.192499235965679986e-14 1.555628158090392981e-14
3.159559360858224859e-14 7.223009676132512243e-15 5.750218534183920290e-14 5.870798147869888479e-14 -2.499775157957113271e-14 4.868250350645601506e-15 -6.885745624723619740e-15 -1.232716345268124266e-14 9.121070319781444177e-15 -2.232364514391994752e-14 -1.385143884950563223e-14 3.008611985216921198e-15 8.148690741032488912e-15 5.281057352042396731e-15 -5.470806412072143639e-15 3.586025738267169591e-15 2.084494113550568237e-14 1.790135387040804834e-14 2.320892861257765201e-14 3.778423081283869831e-14 6.130603060566679283e-14 9.769529779334276863e-14 6.669378430144435503e-14 3.383669640130377174e-14 1.406202247415896228e-14 1.601801154825115912e-14
6.553453253996159893e-14 1.409940008529695671e-14 2.131166925233249168e-14 3.678217524174881167e-14 -2.229779220998006567e-14 4.696557334733186361e-15 -2.065005465958268500e-14 -4.693529247064526794e-15 1.527792059331953878e-14 -5.927192941862287055e-15 -7.906626792284163554e-16 5.094877070409280961e-15 -1.309598566549601762e-15 -9.473046283997863699e-16 -8.479061254901534322e-15 -3.378806860292235441e-15 1.931818563091230900e-15 -1.943020628142419579e-15 2.652922445180556928e-15 1.133729698035807303e-14 3.635549319028943744e-14 6.669378430144435503e-14 8.436809852930800914e-14 4.571841978679137013e-14 2.053245201804080932e-14 1.154575545106909360e-14
4.350597414373422579e-14 4.298411960503739446e-14 -1.433316244735657614e-16 4.652523056095471771e-15 5.541087533673769340e-15 1.100609958968923336e-14 -1.922356599164538007e-14 4.568435175789141956e-16 3.581759951153726977e-16 -7.523174351064074297e-15 -5.006536985002283800e-15 -6.148015264542456853e-15 -9.702878196274343984e-15 -6.734984244979780372e-15 -4.029923090851079205e-15 -5.311538715358887297e-15 2.206640566877173997e-15 2.896227620601742470e-15 4.185707423285554789e-15 1.039242134273223071e-14 2.216364868347121496e-14 3.383669640130377174e-14 4.571841978679137013e-14 7.085619106388709154e-14 4.742161859661968083e-14 3.219399760288148106e-14
6.605430470727543502e-14 5.841713820853869001e-14 3.687644906393219559e-14 -1.975417381220433512e-14 -5.400161821532035957e-15 1.796199988109067555e-14 -2.152987817796174182e-14 -7.742842844914928145e-15 -1.994519480052865918e-15 -1.314397399669352476e-14 -1.262351799131452629e-14 -9.201004814478355612e-15 -5.986181864193530375e-15 -3.409115034236666015e-15 -2.838315606893450315e-15 -7.580670763877428093e-15 8.374044608051200631e-16 -2.406871992697716189e-15 4.172683268219712904e-15 4.788908166418974089e-15 1.192499235965679986e-14 1.406202247415896228e-14 2.053245201804080932e-14 4.742161859661968083e-14 7.219323002861067736e-14 5.385137616602700196e-14
-2.269692255302650032e-14 7.010476011717202245e-14 2.706525347538522792e-14 3.730510737662632090e-14 3.622622697478685365e-15 3.576524110365751606e-14 -7.089783833258655720e-15 -4.541819540887990148e-15 1.362653007539541511e-14 -1.448676927115993738e-14 -1.136732722434417316e-14 -1.036226170909925118e-14 -3.480261406422186265e-16 1.979375062900111761e-15 -1.930397373092615239e-15 -2.672357360580426088e-15 1.055617683226191356e-14 7.050666570652426298e-15 9.299835238275652747e-15 1.228640512571863817e-14 1.555628158090392981e-14 1.601801154825115912e-14 1.154575545106909360e-14 3.219399760288148106e-14 5.385137616602700196e-14 8.655366033377077714e-14
