9.571064132334573506e-12 1.448412766602574979e-12 6.036805124335371702e-13 -4.561461324204140362e-13 -1.636657556866603388e-13 4.234881121964661316e-13 9.752805318621996218e-14 3.193540772242158289e-14 -1.776671236033536834e-14 2.135853232473013853e-14 7.406578627658027056e-14 1.080489019607104227e-13 1.058039441130862251e-13 1.207884842911685890e-13 -3.719467373205609012e-15 8.590505562707675172e-14 2.345110677521757489e-14 -4.323041119661599902e-14 -1.171330006253063781e-13 -6.980588189618847130e-14 -5.236001904455894723e-14 1.081493910840987092e-15 -1.073244984879220299e-14 1.106754775151271825e-14 -1.825327230967635608e-14 -2.995250612188268081e-14
1.448412766602574979e-12 7.795813028419933621e-12 6.518574662702896970e-13 -5.632816748324935597e-13 1.045984802092170062e-13 -3.235684968344339139e-13 -1.659709674931070639e-13 -1.549304040074934518e-13 -1.753945115844417347e-15 -1.349107128267932510e-13 -8.406805607177380729e-14 3.483821911655614102e-14 3.014869373949555948e-14 2.077358128192400175e-14 -4.964214523095831841e-14 3.420242028560814004e-14 4.483019942994146054e-14 7.337416335895859522e-15 2.278533211284333498e-14 1.786777733025967871e-14 7.222904333412842361e-14 6.902802259996142132e-14 -1.860013509929835106e-14 3.309803215148678345e-14 -1.016904127403707914e-14 9.042694669069223971e-15
6.036805124335371702e-13 6.518574662702896970e-13 3.787371803125609861e-12 -1.697060921815711302e-13 -1.648998265821524159e-13 -1.280628877626992767e-13 2.259846787659488285e-14 1.151733804973170748e-13 -3.969920235949901243e-14 -6.151738068427850152e-14 3.616638499697688906e-14 -4.677045396036650973e-16 4.975205124916061186e-14 3.630627092156234338e-14 1.055981408949398356e-14 7.157685735945349664e-14 3.831591526688886480e-14 1.639495141271224583e-14 -3.657117901874321339e-14 -2.481553826897123273e-14 2.805281301279029038e-14 1.182043185531594267e-14 4.450205620310702519e-15 7.286299535733786753e-15 2.004527461627906220e-14 1.204732731036589396e-14
-4.561461324204140362e-13 -5.632816748324935597e-13 -1.697060921815711302e-13 2.537137015297133984e-12 1.152987092510271999e-13 -6.890602263340438106e-14 4.748191103241686934e-14 1.481102488029413204e-13 1.219304356193428959e-13 4.603856284820680900e-14 -6.563979381090620171e-14 -2.065408659654138938e-14 -7.349230040593198178e-14 4.485971701069011732e-14 1.167712050766645460e-14 4.084168534058445332e-14 4.261240576218271197e-14 2.685899797206498618e-14 3.325952840478714698e-14 2.571073915399209324e-14 3.084798183484265425e-14 4.826181640627031023e-14 3.325551990979309961e-14 6.869467815423836404e-16 -3.085852105997894704e-15 -3.601038250906716721e-14
-1.636657556866603388e-13 1.045984802092170062e-13 -1.648998265821524159e-13 1.152987092510271999e-13 1.771967198414449227e-12 -7.558183051753177102e-14 1.000271666336921007e-13 1.197562014746899294e-14 1.418033933625014530e-13 6.172228933718693057e-14 2.148856343414602259e-14 -8.372960295088104154e-15 -2.903971220730436278e-14 -4.712998785895354373e-14 1.123390114248697509e-14 1.960263890920184588e-14 1.845042003345727891e-14 3.399986132433633053e-14 2.246894839083616365e-14 -1.242160323186422775e-15 2.466678168913507806e-15 1.113302686339610334e-15 -3.448153814267125278e-16 -1.935998847983350413e-14 -1.961293746836011991e-14 -2.615533145826791417e-14
4.234881121964661316e-13 -3.235684968344339139e-13 -1.280628877626992767e-13 -6.890602263340438106e-14 -7.558183051753177102e-14 1.193659084253279405e-12 -3.960477597246565077e-15 -1.950720111579079217e-14 -1.364574687926483004e-14 -5.029659450492891207e-14 2.591360063906899144e-14 -1.422341134448949525e-14 -3.888154004226816079e-15 -5.298760335361251831e-15 -1.464690081295790070e-14 -1.564055549184024161e-14 -7.889645268029036536e-15 -1.759272567356048287e-15 -2.556601596108137327e-14 -3.557355302960762002e-14 -2.142399729899798093e-14 -2.431601774693897973e-14 -2.094922992875232796e-14 -1.626213743117525137e-14 -9.021240147164163185e-15 8.448818083627054888e-16
9.752805318621996218e-14 -1.659709674931070639e-13 2.259846787659488285e-14 4.748191103241686934e-14 1.000271666336921007e-13 -3.960477597246565077e-15 7.275052402236995418e-13 6.280060933723826938e-14 -1.505628571234584429e-14 4.885674379411543733e-14 1.124120906854154416e-14 2.518391895101251421e-15 6.079810376571187294e-15 -3.329936508411613881e-14 -3.208245755032534037e-14 -6.737824843576195419e-15 -1.000053667812261951e-14 -4.956181645362284078e-15 9.410116714587464948e-15 6.851666479711566626e-15 1.497750216084520581e-14 1.512151229178807970e-14 1.307341073168878498e-14 1.553734155440111363e-15 -2.016429271165077786e-15 -4.855414893923104927e-16
3.193540772242158289e-14 -1.549304040074934518e-13 1.151733804973170748e-13 1.481102488029413204e-13 1.197562014746899294e-14 -1.950720111579079217e-14 6.280060933723826938e-14 5.641384558784496689e-13 8.427872602734179024e-14 -5.200847392039342475e-15 6.873994459521978973e-15 3.476848563503268277e-14 2.780903006378414818e-14 3.835827177052892224e-14 1.312831312586005556e-14 1.163067389948099599e-14 2.142919249937103191e-14 2.571059599755603481e-14 -2.613000058306669883e-15 -6.921225566110875372e-15 -2.908621556660039165e-14 -1.717141915377140143e-14 -1.062459968585366975e-14 -1.539707228462094792e-14 -3.679983924625317474e-15 -6.497007356210476214e-15
-1.776671236033536834e-14 -1.753945115844417347e-15 -3.969920235949901243e-14 1.219304356193428959e-13 1.418033933625014530e-13 -1.364574687926483004e-14 -1.505628571234584429e-14 8.427872602734179024e-14 3.759998084534454248e-13 1.062063224128676108e-14 1.507273889285309203e-14 -1.186272370137755283e-14 2.727762246276762741e-14 2.349927382039248891e-14 7.781260207235868969e-15 -1.878585747103149321e-15 8.620068350140894470e-15 3.365906981085880892e-15 -2.843333815760579157e-15 -7.952249621529106544e-15 -4.067112919883087069e-15 1.197026837683236754e-14 1.070902346118816966e-14 5.736643060419232545e-15 9.588203327993680666e-15 2.546721682896506920e-15
2.135853232473013853e-14 -1.349107128267932510e-13 -6.151738068427850152e-14 4.603856284820680900e-14 6.172228933718693057e-14 -5.029659450492891207e-14 4.885674379411543733e-14 -5.200847392039342475e-15 1.062063224128676108e-14 2.310689969603167538e-13 5.756626297783871222e-14 3.325809771154390671e-14 -8.711326042541395493e-16 6.249200976726854073e-15 -1.366762109562525067e-16 3.773311541440737191e-15 -8.273484695081132798e-16 -9.543627553919808499e-15 3.181859902086893675e-15 -3.011144342587966139e-15 -2.402327361399985346e-15 -2.131835359777637065e-15 6.948390204224951309e-15 8.237045452956238924e-15 5.460686985264960769e-15 -1.889861404088070927e-15
7.406578627658027056e-14 -8.406805607177380729e-14 3.616638499697688906e-14 -6.563979381090620171e-14 2.148856343414602259e-14 2.591360063906899144e-14 1.124120906854154416e-14 6.873994459521978973e-15 1.507273889285309203e-14 5.756626297783871222e-14 1.728886427198717380e-13 3.598599263930521741e-14 1.962452756172154837e-14 1.813164290454043882e-14 1.233016470838380062e-14 7.450318603981125591e-15 1.900020473530377743e-15 7.161030351877276222e-15 -6.933171382940794920e-15 -5.925789795918842733e-15 -2.074754009639790045e-15 -2.968500831347140397e-15 -5.533401118221468261e-16 4.369233585248437096e-15 -6.889466478417190333e-17 -3.871082816734818794e-15
1.080489019607104227e-13 3.483821911655614102e-14 -4.677045396036650973e-16 -2.065408659654138938e-14 -8.372960295088104154e-15 -1.422341134448949525e-14 2.518391895101251421e-15 3.476848563503268277e-14 -1.186272370137755283e-14 3.325809771154390671e-14 3.598599263930521741e-14 1.291366703599890372e-13 4.076449532383206511e-14 2.682143272806110174e-14 -3.436197580090654462e-16 8.218598921403817098e-16 -6.949295610996980889e-15 -8.640754707092788600e-15 4.301233267999366490e-16 -3.479464809553605074e-16 -1.104095607927774988e-14 -5.432783980692894764e-16 -4.098032728758941496e-15 -6.895625223653510346e-15 -5.373646374651508786e-15 -6.756297628655495636e-15
1.058039441130862251e-13 3.014869373949555948e-14 4.975205124916061186e-14 -7.349230040593198178e-14 -2.903971220730436278e-14 -3.888154004226816079e-15 6.079810376571187294e-15 2.780903006378414818e-14 2.727762246276762741e-14 -8.711326042541395493e-16 1.962452756172154837e-14 4.076449532383206511e-14 1.113235808617706975e-13 3.333644696421194504e-14 1.214130538838953189e-14 4.020935680577743785e-15 -7.044256674499792384e-15 -2.852667715858340504e-15 -8.054676736276795790e-15 -4.611714505762527276e-15 -8.417307950572044729e-15 2.164275714707599751e-15 -8.824669183535374049e-15 -1.026079127438207007e-14 -2.666927541744648011e-16 6.744811797301777509e-15
1.207884842911685890e-13 2.077358128192400175e-14 3.630627092156234338e-14 4.485971701069011732e-14 -4.712998785895354373e-14 -5.298760335361251831e-15 -3.329936508411613881e-14 3.835827177052892224e-14 2.349927382039248891e-14 6.249200976726854073e-15 1.813164290454043882e-14 2.682143272806110174e-14 3.333644696421194504e-14 8.842458359522762992e-14 3.790851357106871139e-14 1.519297897291937660e-14 -3.701343653195581301e-15 -3.522290216010370853e-17 -1.431906195913930044e-16 -3.504672461764463095e-15 -3.385155135943513985e-15 -2.331570814331586707e-15 -2.693059040485806378e-15 -2.411642458336198208e-16 -4.438190017368411728e-15 -5.877394474638083062e-15
-3.719467373205609012e-15 -4.964214523095831841e-14 1.055981408949398356e-14 1.167712050766645460e-14 1.123390114248697509e-14 -1.464690081295790070e-14 -3.208245755032534037e-14 1.312831312586005556e-14 7.781260207235868969e-15 -1.366762109562525067e-16 1.233016470838380062e-14 -3.436197580090654462e-16 1.214130538838953189e-14 3.790851357106871139e-14 8.664097551185541979e-14 3.518311836678987250e-14 6.850614196686046945e-15 6.768011412132036072e-15 -1.496816933744807514e-16 -4.736628397633767645e-15 -7.132076569745933488e-15 -8.594912432435963253e-15 -2.212457446875162337e-15 -4.501069062739084967e-15 -6.625004809424573394e-15 -7.877952793876623061e-15
8.590505562707675172e-14 3.420242028560814004e-14 7.157685735945349664e-14 4.084168534058445332e-14 1.960263890920184588e-14 -1.564055549184024161e-14 -6.737824843576195419e-15 1.163067389948099599e-14 -1.878585747103149321e-15 3.773311541440737191e-15 7.450318603981125591e-15 8.218598921403817098e-16 4.020935680577743785e-15 1.519297897291937660e-14 3.518311836678987250e-14 7.159821914875200887e-14 2.171882537202472786e-14 1.270510589256535932e-14 5.845960887170878825e-15 7.943058582910797142e-16 3.908540057856665111e-15 -1.673246905060356427e-15 -2.073747938342483528e-15 -4.407776714535404912e-15 -6.535121449159540604e-15 -1.498862073886845481e-14
2.345110677521757489e-14 4.483019942994146054e-14 3.831591526688886480e-14 4.261240576218271197e-14 1.845042003345727891e-14 -7.889645268029036536e-15 -1.000053667812261951e-14 2.142919249937103191e-14 8.620068350140894470e-15 -8.273484695081132798e-16 1.900020473530377743e-15 -6.949295610996980889e-15 -7.044256674499792384e-15 -3.701343653195581301e-15 6.850614196686046945e-15 2.171882537202472786e-14 5.065135864620105787e-14 2.314982563465320267e-14 7.200332103276064014e-15 7.768026717284679163e-15 5.344821472037711807e-15 -2.122022728964685555e-15 -7.341115741064102402e-17 1.405118784863876592e-15 -1.921693709693107466e-15 -5.049986223800378169e-15
-4.323041119661599902e-14 7.337416335895859522e-15 1.639495141271224583e-14 2.685899797206498618e-14 3.399986132433633053e-14 -1.759272567356048287e-15 -4.956181645362284078e-15 2.571059599755603481e-14 3.365906981085880892e-15 -9.543627553919808499e-15 7.161030351877276222e-15 -8.640754707092788600e-15 -2.852667715858340504e-15 -3.522290216010370853e-17 6.768011412132036072e-15 1.270510589256535932e-14 2.314982563465320267e-14 5.406617738393580431e-14 2.352014224785768887e-14 1.168652798347013184e-14 8.722929816716170015e-15 3.913764973060790578e-16 -8.390334068322038287e-16 -4.077682763141204606e-15 -4.394250218301059379e-15 -4.959522162934293744e-15
-1.171330006253063781e-13 2.278533211284333498e-14 -3.657117901874321339e-14 3.325952840478714698e-14 2.246894839083616365e-14 -2.556601596108137327e-14 9.410116714587464948e-15 -2.613000058306669883e-15 -2.843333815760579157e-15 3.181859902086893675e-15 -6.933171382940794920e-15 4.301233267999366490e-16 -8.054676736276795790e-15 -1.431906195913930044e-16 -1.496816933744807514e-16 5.845960887170878825e-15 7.200332103276064014e-15 2.352014224785768887e-14 4.455250050706547173e-14 2.268606297670442110e-14 1.734570017391768775e-14 6.879982661153434294e-15 2.539704743588348561e-15 -1.151601774151224017e-15 -5.138681612955284974e-15 -8.309879893923877041e-15
-6.980588189618847130e-14 1.786777733025967871e-14 -2.481553826897123273e-14 2.571073915399209324e-14 -1.242160323186422775e-15 -3.557355302960762002e-14 6.851666479711566626e-15 -6.921225566110875372e-15 -7.952249621529106544e-15 -3.011144342587966139e-15 -5.925789795918842733e-15 -3.479464809553605074e-16 -4.611714505762527276e-15 -3.504672461764463095e-15 -4.736628397633767645e-15 7.943058582910797142e-16 7.768026717284679163e-15 1.168652798347013184e-14 2.268606297670442110e-14 4.386099602111804556e-14 2.355097436473538940e-14 1.131862320213287589e-14 6.193360736665288515e-15 4.311828524282470230e-15 7.424924831366612456e-16 -2.180900588408556241e-15
-5.236001904455894723e-14 7.222904333412842361e-14 2.805281301279029038e-14 3.084798183484265425e-14 2.466678168913507806e-15 -2.142399729899798093e-14 1.497750216084520581e-14 -2.908621556660039165e-14 -4.067112919883087069e-15 -2.402327361399985346e-15 -2.074754009639790045e-15 -1.104095607927774988e-14 -8.417307950572044729e-15 -3.385155135943513985e-15 -7.132076569745933488e-15 3.908540057856665111e-15 5.344821472037711807e-15 8.722929816716170015e-15 1.734570017391768775e-14 2.355097436473538940e-14 4.667419629624144706e-14 2.334736044799998824e-14 1.357647496239350752e-14 1.140857056007703761e-14 5.552424369578703713e-15 2.222576442259247311e-15
1.081493910840987092e-15 6.902802259996142132e-14 1.182043185531594267e-14 4.826181640627031023e-14 1.113302686339610334e-15 -2.431601774693897973e-14 1.512151229178807970e-14 -1.717141915377140143e-14 1.197026837683236754e-14 -2.131835359777637065e-15 -2.968500831347140397e-15 -5.432783980692894764e-16 2.164275714707599751e-15 -2.331570814331586707e-15 -8.594912432435963253e-15 -1.673246905060356427e-15 -2.122022728964685555e-15 3.913764973060790578e-16 6.879982661153434294e-15 1.131862320213287589e-14 2.334736044799998824e-14 3.550377081617237087e-14 1.880071232963717974e-14 9.476382499626613906e-15 5.554746527586041078e-15 1.651441759898832482e-15
-1.073244984879220299e-14 -1.860013509929835106e-14 4.450205620310702519e-15 3.325551990979309961e-14 -3.448153814267125278e-16 -2.094922992875232796e-14 1.307341073168878498e-14 -1.062459968585366975e-14 1.070902346118816966e-14 6.948390204224951309e-15 -5.533401118221468261e-16 -4.098032728758941496e-15 -8.824669183535374049e-15 -2.693059040485806378e-15 -2.212457446875162337e-15 -2.073747938342483528e-15 -7.341115741064102402e-17 -8.390334068322038287e-16 2.539704743588348561e-15 6.193360736665288515e-15 1.357647496239350752e-14 1.880071232963717974e-14 2.796437354696615594e-14 1.535878574575825667e-14 5.306805962867390945e-15 1.782442286516658663e-15
1.106754775151271825e-14 3.309803215148678345e-14 7.286299535733786753e-15 6.869467815423836404e-16 -1.935998847983350413e-14 -1.626213743117525137e-14 1.553734155440111363e-15 -1.539707228462094792e-14 5.736643060419232545e-15 8.237045452956238924e-15 4.369233585248437096e-15 -6.895625223653510346e-15 -1.026079127438207007e-14 -2.411642458336198208e-16 -4.501069062739084967e-15 -4.407776714535404912e-15 1.405118784863876592e-15 -4.077682763141204606e-15 -1.151601774151224017e-15 4.311828524282470230e-15 1.140857056007703761e-14 9.476382499626613906e-15 1.535878574575825667e-14 2.753012521375093736e-14 1.198469570392191513e-14 8.421447625130443711e-15
-1.825327230967635608e-14 -1.016904127403707914e-14 2.004527461627906220e-14 -3.085852105997894704e-15 -1.961293746836011991e-14 -9.021240147164163185e-15 -2.016429271165077786e-15 -3.679983924625317474e-15 9.588203327993680666e-15 5.460686985264960769e-15 -6.889466478417190333e-17 -5.373646374651508786e-15 -2.666927541744648011e-16 -4.438190017368411728e-15 -6.625004809424573394e-15 -6.535121449159540604e-15 -1.921693709693107466e-15 -4.394250218301059379e-15 -5.138681612955284974e-15 7.424924831366612456e-16 5.552424369578703713e-15 5.554746527586041078e-15 5.306805962867390945e-15 1.198469570392191513e-14 2.459623522435841545e-14 1.918593340383018310e-14
-2.995250612188268081e-14 9.042694669069223971e-15 1.204732731036589396e-14 -3.601038250906716721e-14 -2.615533145826791417e-14 8.448818083627054888e-16 -4.855414893923104927e-16 -6.497007356210476214e-15 2.546721682896506920e-15 -1.889861404088070927e-15 -3.871082816734818794e-15 -6.756297628655495636e-15 6.744811797301777509e-15 -5.877394474638083062e-15 -7.877952793876623061e-15 -1.498862073886845481e-14 -5.049986223800378169e-15 -4.959522162934293744e-15 -8.309879893923877041e-15 -2.180900588408556241e-15 2.222576442259247311e-15 1.651441759898832482e-15 1.782442286516658663e-15 8.421447625130443711e-15 1.918593340383018310e-14 3.373747693664404674e-14
