6.874643461294453179e-12 -7.492525052465164685e-14 1.218476911999641718e-13 -1.602374282141690870e-13 1.543985338738356224e-13 -1.687186250365350398e-13 -2.742278161535173538e-13 1.091586598926809520e-13 7.971801846168503873e-14 -7.178796640370087104e-14 -9.979408433482168025e-14 -1.050248770636153236e-13 -4.126291437330010474e-14 -3.505628714176351478e-14 5.180486317403694447e-15 7.502126733237500385e-14 1.877149039896824407e-15 -7.064786004146362822e-14 1.104148825517298832e-14 -2.549808048769821933e-14 -1.133947120448382959e-14 -6.040385471287224918e-15 -2.398888801759266350e-14 1.511788336535692921e-14 2.520094903768769918e-14 1.020739041849564651e-14
-7.492525052465164685e-14 4.451192980092660468e-12 7.425759973890933200e-13 2.196625543877561867e-13 3.432215755141421660e-14 1.718623378669807923e-13 1.955630075256607048e-13 -2.559510083818359527e-14 -5.045245501819701611e-14 8.747080676417988216e-14 3.735965924535334526e-14 2.353344570901684405e-14 -6.388650833481768907e-14 -5.444603568689751408e-14 -8.210023673888946576e-16 5.880937741075677714e-14 8.988894661239288138e-14 3.709095207951752179e-14 1.914251004227558950e-14 3.270138432850954879e-14 -3.982459732545539440e-15 7.664175888232929266e-15 -9.603936122799015286e-15 -5.315189617839378181e-15 2.012882552956629390e-14 5.660828668213637781e-14
1.218476911999641718e-13 7.425759973890933200e-13 3.483936703345772215e-12 4.772256516497672932e-13 -1.706008212534292246e-13 1.582055428356713527e-13 1.238703335734255574e-13 -1.069907863735640884e-13 -5.999999085573262695e-15 8.503893210668060065e-14 -3.288212829592854335e-14 5.404477078060579336e-14 1.567250999784995363e-14 -3.490286131098928747e-14 4.730850311929974446e-14 4.693054325155594152e-15 4.790476024255230995e-14 6.016277388688233029e-14 2.129659904548254065e-14 -6.137936231784218212e-14 -4.701532938542908236e-14 -1.050582846000145076e-14 -1.493362635942005107e-14 -2.007913096422163959e-14 1.347207560824503909e-15 -3.583466982668516447e-15
-1.602374282141690870e-13 2.196625543877561867e-13 4.772256516497672932e-13 2.329544866905274921e-12 1.164324416820743141e-14 7.873804859898585801e-14 1.069570830651260915e-13 -2.460592851586951772e-14 -9.236481158081101712e-14 1.659338819881753611e-14 9.918691872950164967e-16 -5.652223716031622881e-15 -3.480192531154654241e-14 -2.149391682480022194e-15 -1.234366866002677385e-14 3.480036980159231765e-16 3.014309541127312161e-15 -7.049690504771282683e-15 -7.032397995488171594e-15 -2.208801834973215553e-14 1.084193843668682591e-14 2.014787813786104612e-14 -2.781517768017589184e-16 1.023061649870492746e-14 2.880342849725255426e-14 3.716984824032646814e-16
1.543985338738356224e-13 3.432215755141421660e-14 -1.706008212534292246e-13 1.164324416820743141e-14 1.363748206530633639e-12 8.531705176805215912e-14 -3.371060342550005590e-14 7.065889118909748440e-14 -2.202891244364906110e-14 1.930535580540588250e-14 4.323129485966263847e-14 -5.002182514173569656e-14 -5.531720781627056759e-14 -4.101258180522301256e-14 1.072023433463129930e-14 2.963174345601971784e-14 1.140526160859211518e-14 -3.471539592817565815e-14 -3.385755528893026392e-14 -2.183459363615444174e-14 2.082101966296922129e-14 -4.751988022451692618e-15 -2.181134088599860145e-14 -9.914999079881669045e-15 5.256993544466071731e-15 6.804362709780440581e-15
-1.687186250365350398e-13 1.718623378669807923e-13 1.582055428356713527e-13 7.873804859898585801e-14 8.531705176805215912e-14 7.904245004723376499e-13 8.858864222574858656e-14 5.736720593727140343e-15 -2.139587250331247492e-14 1.419280761418612985e-14 -1.527678090286341791e-14 -2.691432385054859121e-14 -5.690681810611222916e-15 1.437053010885041234e-14 2.362461189867682228e-14 2.454490628202571807e-14 -6.140035265498490220e-15 -1.148079881022932988e-14 -5.442001175213476276e-15 4.200356454305784386e-16 -8.420738070480242734e-15 -3.414254081336806715e-15 -4.445817929963170557e-16 -1.227090462822398876e-15 7.523648596082835589e-15 1.735661515838700515e-14
-2.742278161535173538e-13 1.955630075256607048e-13 1.238703335734255574e-13 1.069570830651260915e-13 -3.371060342550005590e-14 8.858864222574858656e-14 6.562164725972540724e-13 5.459495505289411616e-14 7.257704633098875049e-14 8.548785165380036958e-14 2.509916260743002618e-14 4.725413417642659045e-14 3.269320147252050857e-14 -2.825472063156066192e-15 1.255549411117096390e-14 -1.460934311426263228e-14 -1.227159433418717695e-14 8.411522411052556023e-15 -4.705402282140782999e-15 1.505488346725999495e-14 1.938894712000228293e-16 3.061890846535745721e-15 -6.326897041793108507e-15 -1.876980368529837712e-14 -1.511291687453326968e-14 -5.327495474913226402e-16
1.091586598926809520e-13 -2.559510083818359527e-14 -1.069907863735640884e-13 -2.460592851586951772e-14 7.065889118909748440e-14 5.736720593727140343e-15 5.459495505289411616e-14 5.026464977219535625e-13 7.639865443795429184e-14 5.064062095720781214e-14 3.374951108140354234e-14 -2.971477404872450256e-15 3.662104394840861122e-14 -1.217669111160673696e-14 -2.594922364757267359e-14 -1.760251501523341884e-14 -1.555580304336824388e-14 1.066560167222077488e-15 -1.099958615968526740e-14 -1.623524163441618102e-14 -1.365497253688775739e-14 -1.211482340957640150e-14 -9.613783613209519973e-15 5.002155526166686408e-17 1.399266142851737360e-15 4.806886617382185710e-15
7.971801846168503873e-14 -5.045245501819701611e-14 -5.999999085573262695e-15 -9.236481158081101712e-14 -2.202891244364906110e-14 -2.139587250331247492e-14 7.257704633098875049e-14 7.639865443795429184e-14 2.999639959937395783e-13 3.341529315146114209e-14 5.149921115535267988e-14 3.134330590970588272e-14 1.052111587330428591e-14 -1.083199420896315313e-14 1.332432215272284645e-14 7.475732553773446747e-15 6.514201094663804666e-15 1.335882939355425096e-14 1.186646605026529988e-14 7.796683690959175618e-15 1.132431103008997848e-15 -4.510457824442400698e-15 -2.799960560993310915e-15 -1.051899668351291411e-15 6.255413809522563601e-17 -1.684697612394135476e-14
-7.178796640370087104e-14 8.747080676417988216e-14 8.503893210668060065e-14 1.659338819881753611e-14 1.930535580540588250e-14 1.419280761418612985e-14 8.548785165380036958e-14 5.064062095720781214e-14 3.341529315146114209e-14 2.076022213324503371e-13 6.843890146621666765e-14 3.167568494509375800e-14 7.113843199949470165e-15 1.495591523837919725e-14 1.019130079532205918e-14 -4.298109951591534716e-15 -2.334823771199279256e-15 1.482715993941499823e-15 -4.070937635051383512e-15 2.321989033429290439e-16 -7.223673018309999167e-15 -7.765997329290606637e-15 -1.111313282677310005e-14 -4.576090345184925475e-16 1.389825837459055856e-16 -8.347628597970495159e-16
-9.979408433482168025e-14 3.735965924535334526e-14 -3.288212829592854335e-14 9.918691872950164967e-16 4.323129485966263847e-14 -1.527678090286341791e-14 2.509916260743002618e-14 3.374951108140354234e-14 5.149921115535267988e-14 6.843890146621666765e-14 1.946278363064291544e-13 5.910640043444714940e-14 2.992392129050842981e-14 5.626243843143042519e-15 7.874403602058467514e-15 4.445823441474255900e-15 2.851252566577790310e-15 3.177403866018090882e-15 -7.061760545044230340e-15 -1.084180916364588348e-14 -5.345448311774732352e-15 -6.401004166947783285e-15 -9.015247423640982362e-15 5.254657441971052336e-15 9.160500743417946868e-15 2.807037198832907052e-17
-1.050248770636153236e-13 2.353344570901684405e-14 5.404477078060579336e-14 -5.652223716031622881e-15 -5.002182514173569656e-14 -2.691432385054859121e-14 4.725413417642659045e-14 -2.971477404872450256e-15 3.134330590970588272e-14 3.167568494509375800e-14 5.910640043444714940e-14 1.518184205452830841e-13 5.702484860840680621e-14 2.224706627377572131e-14 1.953070819037255073e-14 -1.707444888920532894e-15 -6.183368755222974256e-15 9.049624827006234637e-15 -9.651101364041254674e-16 -3.546827686520456141e-15 -5.628904540300430959e-15 -5.904338784770775396e-15 -3.824485926928950979e-15 8.621359468077098523e-16 2.538849849672365018e-15 -2.503374467928588795e-15
-4.126291437330010474e-14 -6.388650833481768907e-14 1.567250999784995363e-14 -3.480192531154654241e-14 -5.531720781627056759e-14 -5.690681810611222916e-15 3.269320147252050857e-14 3.662104394840861122e-14 1.052111587330428591e-14 7.113843199949470165e-15 2.992392129050842981e-14 5.702484860840680621e-14 1.338442909616545991e-13 4.986839762202442018e-14 1.738678707579820496e-14 3.273331172825094380e-15 -4.306449137247316958e-15 9.153118077426716273e-15 1.216919755735686105e-14 -2.439460400919806225e-15 -2.028909964290256444e-16 3.783676685300817697e-15 7.964944775186621156e-15 4.994062525056034446e-15 -1.710193731024710798e-15 4.885588923299317426e-16
-3.505628714176351478e-14 -5.444603568689751408e-14 -3.490286131098928747e-14 -2.149391682480022194e-15 -4.101258180522301256e-14 1.437053010885041234e-14 -2.825472063156066192e-15 -1.217669111160673696e-14 -1.083199420896315313e-14 1.495591523837919725e-14 5.626243843143042519e-15 2.224706627377572131e-14 4.986839762202442018e-14 1.000852879030727194e-13 3.458043695468652921e-14 1.636346834371291223e-14 7.226941593104721006e-15 5.068217591913315650e-15 6.360547184695951016e-15 3.543616868364846507e-16 -4.885782219743123301e-16 2.304955432818156498e-16 3.442258016567269808e-15 -3.192578805455257663e-15 -1.943761353236111756e-15 4.110877484661009423e-16
5.180486317403694447e-15 -8.210023673888946576e-16 4.730850311929974446e-14 -1.234366866002677385e-14 1.072023433463129930e-14 2.362461189867682228e-14 1.255549411117096390e-14 -2.594922364757267359e-14 1.332432215272284645e-14 1.019130079532205918e-14 7.874403602058467514e-15 1.953070819037255073e-14 1.738678707579820496e-14 3.458043695468652921e-14 9.518192351297299000e-14 4.435021852403511202e-14 1.831463920816758250e-14 5.589128050719523700e-15 -4.384165760460323169e-17 -1.334025393427655998e-15 2.010480142803761399e-15 8.079329516514736561e-16 2.891357465604331916e-15 -1.275223071617632139e-15 -3.715523806403483125e-15 -3.687966990424075452e-15
7.502126733237500385e-14 5.880937741075677714e-14 4.693054325155594152e-15 3.480036980159231765e-16 2.963174345601971784e-14 2.454490628202571807e-14 -1.460934311426263228e-14 -1.760251501523341884e-14 7.475732553773446747e-15 -4.298109951591534716e-15 4.445823441474255900e-15 -1.707444888920532894e-15 3.273331172825094380e-15 1.636346834371291223e-14 4.435021852403511202e-14 8.164625545820400983e-14 3.828241956511247050e-14 1.668025321969463178e-14 6.793378704287050583e-15 6.755324850358127273e-15 1.011984813327363322e-14 3.315745546011881648e-15 2.612733004215645865e-15 3.030472023833846001e-15 3.455114784523468234e-15 2.347206013328753267e-15
1.877149039896824407e-15 8.988894661239288138e-14 4.790476024255230995e-14 3.014309541127312161e-15 1.140526160859211518e-14 -6.140035265498490220e-15 -1.227159433418717695e-14 -1.555580304336824388e-14 6.514201094663804666e-15 -2.334823771199279256e-15 2.851252566577790310e-15 -6.183368755222974256e-15 -4.306449137247316958e-15 7.226941593104721006e-15 1.831463920816758250e-14 3.828241956511247050e-14 6.239319911449196293e-14 3.216018086573860429e-14 1.301833492350347423e-14 9.212683954691760218e-15 2.949944324223388111e-15 2.812305783440067109e-15 1.675066872499374031e-15 -9.851433621294176566e-16 4.214701261947521070e-15 4.145515279251820280e-15
-7.064786004146362822e-14 3.709095207951752179e-14 6.016277388688233029e-14 -7.049690504771282683e-15 -3.471539592817565815e-14 -1.148079881022932988e-14 8.411522411052556023e-15 1.066560167222077488e-15 1.335882939355425096e-14 1.482715993941499823e-15 3.177403866018090882e-15 9.049624827006234637e-15 9.153118077426716273e-15 5.068217591913315650e-15 5.589128050719523700e-15 1.668025321969463178e-14 3.216018086573860429e-14 5.582860764391249631e-14 2.861780028552682937e-14 1.332029096399518603e-14 4.451242126165093657e-15 4.530082411159179826e-15 5.308801665283266835e-15 1.534783809869221818e-15 3.656627556604441383e-15 4.774625714640449845e-15
1.104148825517298832e-14 1.914251004227558950e-14 2.129659904548254065e-14 -7.032397995488171594e-15 -3.385755528893026392e-14 -5.442001175213476276e-15 -4.705402282140782999e-15 -1.099958615968526740e-14 1.186646605026529988e-14 -4.070937635051383512e-15 -7.061760545044230340e-15 -9.651101364041254674e-16 1.216919755735686105e-14 6.360547184695951016e-15 -4.384165760460323169e-17 6.793378704287050583e-15 1.301833492350347423e-14 2.861780028552682937e-14 4.964236975152003530e-14 2.861606705240910717e-14 1.723041385126820668e-14 1.408608356554258845e-14 9.593063860945822750e-15 6.947557412295433876e-15 7.260635573214142358e-15 7.690591042260222974e-15
-2.549808048769821933e-14 3.270138432850954879e-14 -6.137936231784218212e-14 -2.208801834973215553e-14 -2.183459363615444174e-14 4.200356454305784386e-16 1.505488346725999495e-14 -1.623524163441618102e-14 7.796683690959175618e-15 2.321989033429290439e-16 -1.084180916364588348e-14 -3.546827686520456141e-15 -2.439460400919806225e-15 3.543616868364846507e-16 -1.334025393427655998e-15 6.755324850358127273e-15 9.212683954691760218e-15 1.332029096399518603e-14 2.861606705240910717e-14 5.754708079386477014e-14 3.308399602049241281e-14 2.510784885908566184e-14 1.800921003283241358e-14 1.162343708075823410e-14 6.201461785779687311e-15 9.254413849630711070e-15
-1.133947120448382959e-14 -3.982459732545539440e-15 -4.701532938542908236e-14 1.084193843668682591e-14 2.082101966296922129e-14 -8.420738070480242734e-15 1.938894712000228293e-16 -1.365497253688775739e-14 1.132431103008997848e-15 -7.223673018309999167e-15 -5.345448311774732352e-15 -5.628904540300430959e-15 -2.028909964290256444e-16 -4.885782219743123301e-16 2.010480142803761399e-15 1.011984813327363322e-14 2.949944324223388111e-15 4.451242126165093657e-15 1.723041385126820668e-14 3.308399602049241281e-14 5.204567496888918662e-14 2.721354296694365890e-14 1.703584424413897604e-14 1.166332288927308424e-14 6.583094866503042083e-15 8.783404534221750725e-15
-6.040385471287224918e-15 7.664175888232929266e-15 -1.050582846000145076e-14 2.014787813786104612e-14 -4.751988022451692618e-15 -3.414254081336806715e-15 3.061890846535745721e-15 -1.211482340957640150e-14 -4.510457824442400698e-15 -7.765997329290606637e-15 -6.401004166947783285e-15 -5.904338784770775396e-15 3.783676685300817697e-15 2.304955432818156498e-16 8.079329516514736561e-16 3.315745546011881648e-15 2.812305783440067109e-15 4.530082411159179826e-15 1.408608356554258845e-14 2.510784885908566184e-14 2.721354296694365890e-14 3.922564489483302934e-14 2.427841247592337861e-14 1.246008121048684008e-14 7.776581488532560519e-15 7.774430436634181686e-15
-2.398888801759266350e-14 -9.603936122799015286e-15 -1.493362635942005107e-14 -2.781517768017589184e-16 -2.181134088599860145e-14 -4.445817929963170557e-16 -6.326897041793108507e-15 -9.613783613209519973e-15 -2.799960560993310915e-15 -1.111313282677310005e-14 -9.015247423640982362e-15 -3.824485926928950979e-15 7.964944775186621156e-15 3.442258016567269808e-15 2.891357465604331916e-15 2.612733004215645865e-15 1.675066872499374031e-15 5.308801665283266835e-15 9.593063860945822750e-15 1.800921003283241358e-14 1.703584424413897604e-14 2.427841247592337861e-14 3.903036678905427943e-14 2.191587588492173219e-14 1.173813777953086903e-14 1.066724477610207190e-14
1.511788336535692921e-14 -5.315189617839378181e-15 -2.007913096422163959e-14 1.023061649870492746e-14 -9.914999079881669045e-15 -1.227090462822398876e-15 -1.876980368529837712e-14 5.002155526166686408e-17 -1.051899668351291411e-15 -4.576090345184925475e-16 5.254657441971052336e-15 8.621359468077098523e-16 4.994062525056034446e-15 -3.192578805455257663e-15 -1.275223071617632139e-15 3.030472023833846001e-15 -9.851433621294176566e-16 1.534783809869221818e-15 6.947557412295433876e-15 1.162343708075823410e-14 1.166332288927308424e-14 1.246008121048684008e-14 2.191587588492173219e-14 3.384223424513767369e-14 2.180530147845388713e-14 1.588673494936125143e-14
2.520094903768769918e-14 2.012882552956629390e-14 1.347207560824503909e-15 2.880342849725255426e-14 5.256993544466071731e-15 7.523648596082835589e-15 -1.511291687453326968e-14 1.399266142851737360e-15 6.255413809522563601e-17 1.389825837459055856e-16 9.160500743417946868e-15 2.538849849672365018e-15 -1.710193731024710798e-15 -1.943761353236111756e-15 -3.715523806403483125e-15 3.455114784523468234e-15 4.214701261947521070e-15 3.656627556604441383e-15 7.260635573214142358e-15 6.201461785779687311e-15 6.583094866503042083e-15 7.776581488532560519e-15 1.173813777953086903e-14 2.180530147845388713e-14 3.244525245607776106e-14 2.176475832039834812e-14
1.020739041849564651e-14 5.660828668213637781e-14 -3.583466982668516447e-15 3.716984824032646814e-16 6.804362709780440581e-15 1.735661515838700515e-14 -5.327495474913226402e-16 4.806886617382185710e-15 -1.684697612394135476e-14 -8.347628597970495159e-16 2.807037198832907052e-17 -2.503374467928588795e-15 4.885588923299317426e-16 4.110877484661009423e-16 -3.687966990424075452e-15 2.347206013328753267e-15 4.145515279251820280e-15 4.774625714640449845e-15 7.690591042260222974e-15 9.254413849630711070e-15 8.783404534221750725e-15 7.774430436634181686e-15 1.066724477610207190e-14 1.588673494936125143e-14 2.176475832039834812e-14 3.564950127182599343e-14
