1.032173495704172667e-11 1.233846652776432254e-12 9.742135270915122052e-13 -1.746559062954964176e-13 -5.692564355874952171e-13 7.276815057356206556e-14 -3.495105523134270278e-13 -2.389685206303734275e-13 -2.373190338826688450e-13 -6.610183215777097128e-14 5.417255170013115518e-14 8.273902935902939252e-14 -8.257040131872457499e-14 -4.054327129879042179e-14 6.876615750061263019e-14 1.605464599635864784e-14 -2.847698943841136804e-14 -1.795079475903899770e-14 -2.211344348642576592e-14 -1.506260781704930565e-15 6.085156141097259178e-14 3.076071095425250250e-14 2.087850403986067732e-16 6.641706083063281472e-14 7.915983695281782361e-14 -3.602343066118806080e-14
1.233846652776432254e-12 7.766591777192769111e-12 3.812290039724715916e-13 -3.836090572632689658e-13 -5.300212667529880264e-14 -1.279986966641975494e-13 -6.819882182296705394e-14 -1.361104797001791903e-13 -1.024297020716227661e-13 5.273306017552164393e-14 -6.153938513782768924e-15 -4.778163321183980700e-14 -4.282663930433463428e-14 -1.376908903872323766e-13 1.512992375043420526e-14 -1.664724824709332406e-14 -4.498626214497138274e-14 -1.121752047552743257e-13 -9.286793808735085683e-15 2.046747209196667370e-14 2.816365523702382803e-14 7.043260012773032240e-15 -1.650008338098582357e-14 -5.150690611889974859e-14 -2.590048118848191503e-14 -3.936611354175021372e-14
9.742135270915122052e-13 3.812290039724715916e-13 4.551781765327697967e-12 4.752560009989862375e-13 2.812772997477287403e-13 8.806457751639726765e-14 -2.066643300701703921e-13 -5.632679993407202281e-14 -7.724986579178928749e-14 -9.412295356713704442e-15 -3.441866630029737247e-14 7.840730589621435079e-14 -8.507140252275565264e-14 -5.735341214025970332e-14 9.428351892573075649e-15 8.378422974001932030e-14 3.986320382803097703e-14 -5.849001333300257126e-15 5.888056527398583476e-14 6.357261344515893298e-14 4.333862471300131726e-14 5.413260874572436372e-15 2.218843354784668511e-14 4.197996466160657344e-14 -1.680749183691749461e-14 1.083596570257505546e-16
-1.746559062954964176e-13 -3.836090572632689658e-13 4.752560009989862375e-13 2.695465980149850115e-12 2.888377080228812504e-13 -1.473720567116940928e-13 1.280511936458869981e-13 -3.034412572804091786e-14 -3.369380010474964960e-14 7.549690129106353707e-14 9.744857042579784295e-14 3.125577693627169564e-14 -5.102596561489532085e-14 3.929341742910643269e-15 4.283844557259757792e-14 6.512215961705153178e-14 5.539992478453704856e-14 4.301966861682141655e-14 4.844345440609670472e-14 -1.327292372812577579e-14 -2.402614418197094885e-15 3.198502299232997905e-14 3.100946754887279490e-14 2.724290634351624950e-14 1.984626680763568006e-14 1.608199746172588830e-14
-5.692564355874952171e-13 -5.300212667529880264e-14 2.812772997477287403e-13 2.888377080228812504e-13 1.912426645743448369e-12 2.540752704059597062e-13 8.173933297206253597e-14 5.006308708932021142e-14 1.194375972990411811e-13 -1.004786758520334167e-14 -7.296667204035870145e-14 -2.448128506459256436e-14 2.746266458853250454e-15 -1.245679102480369752e-14 -3.413216108542238161e-14 -2.547177165714117344e-15 6.374223037205788165e-14 5.323272710522636959e-14 4.510467483610749134e-14 9.129693938800213100e-15 3.746154536323745827e-14 -3.722100177159343674e-15 -7.479205094275477405e-15 -1.574751047811640771e-14 -1.475091411364869444e-14 3.410142662850751762e-14
7.276815057356206556e-14 -1.279986966641975494e-13 8.806457751639726765e-14 -1.473720567116940928e-13 2.540752704059597062e-13 1.239035092382480550e-12 1.632333358968572645e-13 1.088643305791040836e-13 1.221692197137078751e-13 2.516186690053498825e-14 -8.855877667414304494e-14 -2.576336646596528278e-14 1.313769203246320430e-14 -1.896350833219658938e-14 -2.988747575552224193e-14 -8.480710154071073368e-15 -2.268814529071239518e-14 2.257595908127781218e-15 2.213333418027942273e-14 1.209727459654593960e-14 2.798540586919589954e-14 2.143557248351105590e-14 7.948161895741976352e-15 6.650231227113207462e-15 -1.165590092909685580e-14 2.602262674847696950e-14
-3.495105523134270278e-13 -6.819882182296705394e-14 -2.066643300701703921e-13 1.280511936458869981e-13 8.173933297206253597e-14 1.632333358968572645e-13 9.404867675744185440e-13 1.049745615855292796e-13 7.599909840996914706e-14 -7.471407080414452716e-15 7.425081899163217374e-15 1.311755205145775732e-14 7.322279377453895072e-14 1.084097178111542210e-14 -1.436943511569971444e-14 -5.798978507106191096e-14 -1.468343600993393620e-14 -1.924240065448794361e-14 2.877810513537819908e-15 1.218684920513748717e-14 3.902817927363817917e-15 -3.203911171166610911e-16 5.193152181433051020e-15 2.392352682905949935e-14 2.299590805428140977e-14 1.213541293853602560e-14
-2.389685206303734275e-13 -1.361104797001791903e-13 -5.632679993407202281e-14 -3.034412572804091786e-14 5.006308708932021142e-14 1.088643305791040836e-13 1.049745615855292796e-13 5.054805715754342085e-13 1.267700581019461494e-13 4.121035422048613831e-14 -9.216340791537457212e-16 1.878511743885662492e-15 -3.477954199736356844e-15 -7.750919447296426589e-16 -3.134740192451243049e-14 -2.212907919387533560e-14 -9.960231509607071399e-16 3.817420148786870360e-15 -1.202003970913432418e-14 -7.743919201313109429e-15 6.107062903745460254e-16 -5.472383195906790095e-16 1.448201676536873645e-14 2.038813557848731190e-14 4.229832885887655299e-15 1.383807295006963070e-15
-2.373190338826688450e-13 -1.024297020716227661e-13 -7.724986579178928749e-14 -3.369380010474964960e-14 1.194375972990411811e-13 1.221692197137078751e-13 7.599909840996914706e-14 1.267700581019461494e-13 4.570214965178652362e-13 1.012349332928609790e-13 3.554055606268195997e-14 3.387732824757719647e-14 2.376805168758590402e-14 -1.477720735165095083e-14 -1.138305977428791426e-14 -2.889555015440704077e-14 -1.500901347704331922e-14 -3.784637864502666875e-15 -1.149523380302750905e-14 5.645835631277765587e-15 1.185245325958886596e-14 6.075939453749889737e-15 -5.954677923103509296e-15 1.777344806963614547e-15 1.086551841788116870e-15 1.547088111546300066e-14
-6.610183215777097128e-14 5.273306017552164393e-14 -9.412295356713704442e-15 7.549690129106353707e-14 -1.004786758520334167e-14 2.516186690053498825e-14 -7.471407080414452716e-15 4.121035422048613831e-14 1.012349332928609790e-13 2.194429584730890302e-13 6.107408612602027237e-14 4.212710372399305955e-14 2.537072030637886156e-14 -6.536802018414867305e-15 8.047798848279803351e-15 2.107627443153589759e-15 1.307051865927155980e-15 5.060366442701188005e-15 -1.390676421192819419e-15 -1.972914003784750422e-16 -4.995909691906016154e-15 -1.325811580424307468e-14 -7.634540706947822487e-15 4.066179050663599567e-15 5.450764741125929515e-15 3.684371829088483075e-15
5.417255170013115518e-14 -6.153938513782768924e-15 -3.441866630029737247e-14 9.744857042579784295e-14 -7.296667204035870145e-14 -8.855877667414304494e-14 7.425081899163217374e-15 -9.216340791537457212e-16 3.554055606268195997e-14 6.107408612602027237e-14 2.336673018491988215e-13 9.220650511133803315e-14 5.100696872456340103e-14 1.313142143704303973e-14 1.855532267548869524e-14 4.568069804911986917e-15 2.197657265219173483e-14 1.718501540915193052e-14 1.450644015514132983e-14 -7.603618413412043287e-15 -6.714340189997975118e-15 -3.148884927932282269e-15 7.645520441188479851e-16 2.940241988810158202e-15 -6.939022461591875006e-16 -2.860537768380131069e-15
8.273902935902939252e-14 -4.778163321183980700e-14 7.840730589621435079e-14 3.125577693627169564e-14 -2.448128506459256436e-14 -2.576336646596528278e-14 1.311755205145775732e-14 1.878511743885662492e-15 3.387732824757719647e-14 4.212710372399305955e-14 9.220650511133803315e-14 2.214871797403495265e-13 9.259555622951583316e-14 4.994850595418935342e-14 3.995304467590233817e-14 8.575304302330149516e-15 3.772730833792641994e-15 8.204376242547356599e-15 9.380564393316437039e-15 -3.023552102639252498e-15 1.910592056064983694e-15 -7.335605141787834107e-16 7.994873051411582110e-15 1.224152552912259889e-14 6.227085512827126813e-15 7.793235549691532126e-15
-8.257040131872457499e-14 -4.282663930433463428e-14 -8.507140252275565264e-14 -5.102596561489532085e-14 2.746266458853250454e-15 1.313769203246320430e-14 7.322279377453895072e-14 -3.477954199736356844e-15 2.376805168758590402e-14 2.537072030637886156e-14 5.100696872456340103e-14 9.259555622951583316e-14 1.696226751658893881e-13 7.907656013096764993e-14 3.982945079139315856e-14 -7.635705188024947549e-16 -1.562987421630371426e-15 -9.366073169380833115e-15 3.904466494470666404e-15 -3.738653865637945713e-15 -1.677878788501763126e-14 -1.514719082755507054e-14 -1.336149890477405296e-14 -1.369255616389100759e-14 -7.693817708965808551e-15 -2.009731436222708526e-15
-4.054327129879042179e-14 -1.376908903872323766e-13 -5.735341214025970332e-14 3.929341742910643269e-15 -1.245679102480369752e-14 -1.896350833219658938e-14 1.084097178111542210e-14 -7.750919447296426589e-16 -1.477720735165095083e-14 -6.536802018414867305e-15 1.313142143704303973e-14 4.994850595418935342e-14 7.907656013096764993e-14 1.291645789060057633e-13 4.944377633102437889e-14 1.283661285462822447e-14 5.634838646557924674e-15 4.056504341012542764e-15 1.686346013452091813e-14 4.997680343250726506e-15 1.235291842378340753e-15 -4.063068333836430437e-15 -6.268139559512764211e-15 -1.327840956985198802e-14 -1.436261950505854527e-14 -4.343674397190051259e-15
6.876615750061263019e-14 1.512992375043420526e-14 9.428351892573075649e-15 4.283844557259757792e-14 -3.413216108542238161e-14 -2.988747575552224193e-14 -1.436943511569971444e-14 -3.134740192451243049e-14 -1.138305977428791426e-14 8.047798848279803351e-15 1.855532267548869524e-14 3.995304467590233817e-14 3.982945079139315856e-14 4.944377633102437889e-14 1.262689294160912209e-13 6.581554178137874765e-14 2.583653927465301094e-14 1.495701662115147900e-14 1.463482666543988877e-14 1.708124910448437832e-16 -1.239317494213235934e-16 4.925548224650005157e-16 6.350622871570493197e-16 -1.650218867763776971e-15 1.941401984774118741e-15 7.026509169524731829e-15
1.605464599635864784e-14 -1.664724824709332406e-14 8.378422974001932030e-14 6.512215961705153178e-14 -2.547177165714117344e-15 -8.480710154071073368e-15 -5.798978507106191096e-14 -2.212907919387533560e-14 -2.889555015440704077e-14 2.107627443153589759e-15 4.568069804911986917e-15 8.575304302330149516e-15 -7.635705188024947549e-16 1.283661285462822447e-14 6.581554178137874765e-14 1.159855257988760159e-13 5.041453538459203882e-14 1.907321124920791613e-14 1.093252679808983481e-14 2.977959891940871164e-15 6.704764878296088074e-16 5.626009187625371921e-15 -1.167468225316188803e-15 3.431408795390982440e-15 7.857713562754007087e-15 -3.270672961558620371e-17
-2.847698943841136804e-14 -4.498626214497138274e-14 3.986320382803097703e-14 5.539992478453704856e-14 6.374223037205788165e-14 -2.268814529071239518e-14 -1.468343600993393620e-14 -9.960231509607071399e-16 -1.500901347704331922e-14 1.307051865927155980e-15 2.197657265219173483e-14 3.772730833792641994e-15 -1.562987421630371426e-15 5.634838646557924674e-15 2.583653927465301094e-14 5.041453538459203882e-14 8.445206836493972943e-14 4.943496317139488747e-14 2.417585353694237152e-14 8.137011198958344519e-15 -7.003414397119943716e-16 -1.547320384173558349e-15 -5.460016703467259555e-15 5.218672283023455397e-16 3.510576436374126073e-15 -2.612212030732637141e-15
-1.795079475903899770e-14 -1.121752047552743257e-13 -5.849001333300257126e-15 4.301966861682141655e-14 5.323272710522636959e-14 2.257595908127781218e-15 -1.924240065448794361e-14 3.817420148786870360e-15 -3.784637864502666875e-15 5.060366442701188005e-15 1.718501540915193052e-14 8.204376242547356599e-15 -9.366073169380833115e-15 4.056504341012542764e-15 1.495701662115147900e-14 1.907321124920791613e-14 4.943496317139488747e-14 8.877125470356153791e-14 4.574467750830396927e-14 1.671280710429956175e-14 6.210704010717948416e-15 6.039681652956180568e-15 4.901537846426628876e-15 1.926191771282602166e-15 4.554672263379578825e-16 -5.005205085231238039e-15
-2.211344348642576592e-14 -9.286793808735085683e-15 5.888056527398583476e-14 4.844345440609670472e-14 4.510467483610749134e-14 2.213333418027942273e-14 2.877810513537819908e-15 -1.202003970913432418e-14 -1.149523380302750905e-14 -1.390676421192819419e-15 1.450644015514132983e-14 9.380564393316437039e-15 3.904466494470666404e-15 1.686346013452091813e-14 1.463482666543988877e-14 1.093252679808983481e-14 2.417585353694237152e-14 4.574467750830396927e-14 8.080280339342899103e-14 3.989335222239337251e-14 1.695042562341382910e-14 1.229029607611785541e-14 6.142101793726513271e-15 6.817120415860723126e-16 -1.909085981882220502e-15 -3.242182706176263066e-15
-1.506260781704930565e-15 2.046747209196667370e-14 6.357261344515893298e-14 -1.327292372812577579e-14 9.129693938800213100e-15 1.209727459654593960e-14 1.218684920513748717e-14 -7.743919201313109429e-15 5.645835631277765587e-15 -1.972914003784750422e-16 -7.603618413412043287e-15 -3.023552102639252498e-15 -3.738653865637945713e-15 4.997680343250726506e-15 1.708124910448437832e-16 2.977959891940871164e-15 8.137011198958344519e-15 1.671280710429956175e-14 3.989335222239337251e-14 6.945418110430664239e-14 3.875834442292095176e-14 2.269728229742554364e-14 6.813664371230131914e-15 -5.170435946640257772e-16 -9.100420939560787788e-15 -5.683599203481313822e-15
6.085156141097259178e-14 2.816365523702382803e-14 4.333862471300131726e-14 -2.402614418197094885e-15 3.746154536323745827e-14 2.798540586919589954e-14 3.902817927363817917e-15 6.107062903745460254e-16 1.185245325958886596e-14 -4.995909691906016154e-15 -6.714340189997975118e-15 1.910592056064983694e-15 -1.677878788501763126e-14 1.235291842378340753e-15 -1.239317494213235934e-16 6.704764878296088074e-16 -7.003414397119943716e-16 6.210704010717948416e-15 1.695042562341382910e-14 3.875834442292095176e-14 7.764621169317054682e-14 4.918402917166187470e-14 2.787659399369730874e-14 1.159907862924878293e-14 -7.802197018898293421e-16 -5.628274062130212678e-15
3.076071095425250250e-14 7.043260012773032240e-15 5.413260874572436372e-15 3.198502299232997905e-14 -3.722100177159343674e-15 2.143557248351105590e-14 -3.203911171166610911e-16 -5.472383195906790095e-16 6.075939453749889737e-15 -1.325811580424307468e-14 -3.148884927932282269e-15 -7.335605141787834107e-16 -1.514719082755507054e-14 -4.063068333836430437e-15 4.925548224650005157e-16 5.626009187625371921e-15 -1.547320384173558349e-15 6.039681652956180568e-15 1.229029607611785541e-14 2.269728229742554364e-14 4.918402917166187470e-14 7.098020421910747210e-14 3.588480333676581923e-14 1.287781295460594146e-14 1.211438979064876991e-15 -6.154757155617600550e-16
2.087850403986067732e-16 -1.650008338098582357e-14 2.218843354784668511e-14 3.100946754887279490e-14 -7.479205094275477405e-15 7.948161895741976352e-15 5.193152181433051020e-15 1.448201676536873645e-14 -5.954677923103509296e-15 -7.634540706947822487e-15 7.645520441188479851e-16 7.994873051411582110e-15 -1.336149890477405296e-14 -6.268139559512764211e-15 6.350622871570493197e-16 -1.167468225316188803e-15 -5.460016703467259555e-15 4.901537846426628876e-15 6.142101793726513271e-15 6.813664371230131914e-15 2.787659399369730874e-14 3.588480333676581923e-14 5.282229531374924853e-14 2.776507952026600431e-14 1.439432061237471021e-14 5.531831731478378470e-15
6.641706083063281472e-14 -5.150690611889974859e-14 4.197996466160657344e-14 2.724290634351624950e-14 -1.574751047811640771e-14 6.650231227113207462e-15 2.392352682905949935e-14 2.038813557848731190e-14 1.777344806963614547e-15 4.066179050663599567e-15 2.940241988810158202e-15 1.224152552912259889e-14 -1.369255616389100759e-14 -1.327840956985198802e-14 -1.650218867763776971e-15 3.431408795390982440e-15 5.218672283023455397e-16 1.926191771282602166e-15 6.817120415860723126e-16 -5.170435946640257772e-16 1.159907862924878293e-14 1.287781295460594146e-14 2.776507952026600431e-14 5.519024918489820654e-14 3.884424842431399349e-14 1.227206345356862869e-14
7.915983695281782361e-14 -2.590048118848191503e-14 -1.680749183691749461e-14 1.984626680763568006e-14 -1.475091411364869444e-14 -1.165590092909685580e-14 2.299590805428140977e-14 4.229832885887655299e-15 1.086551841788116870e-15 5.450764741125929515e-15 -6.939022461591875006e-16 6.227085512827126813e-15 -7.693817708965808551e-15 -1.436261950505854527e-14 1.941401984774118741e-15 7.857713562754007087e-15 3.510576436374126073e-15 4.554672263379578825e-16 -1.909085981882220502e-15 -9.100420939560787788e-15 -7.802197018898293421e-16 1.211438979064876991e-15 1.439432061237471021e-14 3.884424842431399349e-14 5.699136500296450684e-14 2.405484158121580655e-14
-3.602343066118806080e-14 -3.936611354175021372e-14 1.083596570257505546e-16 1.608199746172588830e-14 3.410142662850751762e-14 2.602262674847696950e-14 1.213541293853602560e-14 1.383807295006963070e-15 1.547088111546300066e-14 3.684371829088483075e-15 -2.860537768380131069e-15 7.793235549691532126e-15 -2.009731436222708526e-15 -4.343674397190051259e-15 7.026509169524731829e-15 -3.270672961558620371e-17 -2.612212030732637141e-15 -5.005205085231238039e-15 -3.242182706176263066e-15 -5.683599203481313822e-15 -5.628274062130212678e-15 -6.154757155617600550e-16 5.531831731478378470e-15 1.227206345356862869e-14 2.405484158121580655e-14 5.882180748778375215e-14
