1.055647698388364487e-11 5.083939334741039501e-13 9.041026069490866356e-14 1.605500734354920455e-14 -6.175617266106071190e-13 -8.715274906160732637e-14 -3.724864115653399519e-14 8.717921076382873712e-14 1.422503820610193569e-13 -1.217439804486612038e-13 -9.418700762141609338e-14 -4.460060189159720141e-14 -1.863490671499708705e-13 -6.078246438903418224e-14 -4.604402783622157011e-14 -7.904018794374885415e-14 -4.092348046617839533e-14 -1.990506829808431612e-14 -2.433573474883742399e-14 -4.707837635841957898e-14 -1.894382083519881828e-14 8.442829956871505423e-14 2.838450880669382837e-15 -4.303764455603784208e-14 -1.324566865592726653e-14 6.928797728542450926e-14
5.083939334741039501e-13 6.013392038842552153e-12 4.387323024375175977e-13 7.142230631036249656e-13 9.757456336792152017e-14 2.369270004770010573e-13 6.362575116358563542e-14 -2.597231084587554571e-13 -1.302476031531617083e-13 -4.506097943619124042e-14 -1.008733965596858417e-13 6.709431050324205240e-14 -8.046030204679973600e-14 1.918282880246985996e-15 -1.913342491434538341e-14 1.131161175933137539e-14 1.815178389505968697e-14 -1.352395281706594731e-14 -2.072821332583894669e-14 -1.397289507453549371e-13 -1.181963465431761517e-13 -6.829207583099768060e-14 2.776742560709354539e-14 2.343821267752574625e-14 -1.063365548067080375e-13 -9.141684681455846253e-14
9.041026069490866356e-14 4.387323024375175977e-13 4.443067319945041560e-12 3.390448137276610235e-13 -5.276177896187205746e-14 1.503502230377008133e-13 3.399397414258868463e-14 1.664481513796065809e-13 -3.735431775583231406e-14 -1.447569848451090860e-14 1.636944918936183236e-15 -1.745766239661682814e-14 1.854531469546206338e-14 7.298754174816587239e-15 -1.464383834662641389e-14 -8.797687359715765432e-14 -7.717203343127239714e-14 -1.822517200510532784e-14 -6.596268577604378975e-14 -2.813187069094390204e-14 -2.185890587539007909e-14 -3.882045766555296876e-15 -1.653813045639581158e-14 -7.144804023160015586e-15 4.840004213252282557e-14 2.447102732735277929e-15
1.605500734354920455e-14 7.142230631036249656e-13 3.390448137276610235e-13 3.266904655875680786e-12 1.589074242727084432e-13 -1.483353524101571642e-13 4.668528271698809583e-14 8.693241514804999652e-14 8.591604408660400956e-14 3.048780619152335686e-14 3.806498921107656187e-15 9.617017926890413616e-14 7.964291603908478010e-15 4.982002494467968187e-14 -4.977513131352580874e-14 -6.142479773453078567e-14 -5.968068920082239067e-14 -1.331075207768373006e-14 -4.843660054311700688e-14 -8.387942378345799175e-14 -3.676403161876816141e-14 -3.715148740192500541e-14 2.711028585620953888e-15 4.200648387370296305e-15 -3.312868557460689240e-14 -1.895951593019559572e-14
-6.175617266106071190e-13 9.757456336792152017e-14 -5.276177896187205746e-14 1.589074242727084432e-13 1.932069431829807707e-12 3.520999323391193340e-13 4.929662459093958925e-14 6.246351180892373189e-14 1.110062496895708092e-14 1.719003811119708214e-14 -1.132271703879342468e-15 9.673320747927772681e-15 2.973813565049503317e-14 1.252475527802790185e-14 7.850384123192254656e-14 4.886310944439745288e-14 1.900695560047340008e-14 -1.134866650442868613e-14 -6.484917728906738740e-14 -6.253442584881016064e-14 -5.636103163284940778e-14 -3.173993258153171717e-14 -3.518651408345098638e-15 -1.272397937851811043e-14 -3.245243967805078080e-14 -1.735567712716044011e-14
-8.715274906160732637e-14 2.369270004770010573e-13 1.503502230377008133e-13 -1.483353524101571642e-13 3.520999323391193340e-13 1.527681197722709266e-12 2.585581343434796369e-13 1.351014267222071399e-13 7.086972693424182708e-14 -1.176846565209451100e-14 -7.545360972774206695e-14 -2.947020636323501795e-14 -1.162703385123299387e-13 -3.524384874690006023e-14 1.942094803532593339e-14 1.747221382061508360e-14 -5.477377120575987972e-15 -4.143188139571083271e-14 -4.413357761495576462e-14 -6.863692010810683386e-14 -8.111012089145194871e-14 -4.956072630287287136e-14 -4.046741301455840477e-14 -2.552372568122024426e-14 -6.057450919343247108e-14 -2.816359835228160725e-14
-3.724864115653399519e-14 6.362575116358563542e-14 3.399397414258868463e-14 4.668528271698809583e-14 4.929662459093958925e-14 2.585581343434796369e-13 8.826468515249296528e-13 1.891413982636546599e-13 -5.880014615750320146e-15 -3.864769471810679517e-15 4.575156094523351831e-14 1.251983944255210903e-14 1.060858785990524230e-14 5.315256894049030624e-14 5.299596377619339186e-14 1.825784348619243134e-14 1.233960602368856142e-15 -1.417930060037674317e-14 5.369241520098827091e-15 -3.403404164254181637e-14 -5.497336606276872000e-14 -1.959136383974413672e-14 -8.204654700434938908e-15 1.916325867760694938e-15 -2.755467695413927747e-15 1.075750571403684336e-14
8.717921076382873712e-14 -2.597231084587554571e-13 1.664481513796065809e-13 8.693241514804999652e-14 6.246351180892373189e-14 1.351014267222071399e-13 1.891413982636546599e-13 5.868588334869069250e-13 5.492540885936324000e-14 -1.536845784667953619e-14 2.136975238999882081e-15 5.560292790113709333e-15 4.300643957296456810e-16 2.134697073775034039e-14 3.399756365457779959e-14 -3.620405894672918491e-15 6.609354662060942456e-15 8.966682013779220813e-15 3.292550904197944037e-14 3.233189416094319298e-14 -1.683605196236682090e-15 -4.577753769401771274e-15 -9.550401976337596080e-15 -3.236264203951710241e-15 1.886700608292667593e-14 2.884237711241707260e-14
1.422503820610193569e-13 -1.302476031531617083e-13 -3.735431775583231406e-14 8.591604408660400956e-14 1.110062496895708092e-14 7.086972693424182708e-14 -5.880014615750320146e-15 5.492540885936324000e-14 4.738311258080049611e-13 -7.206322456532630789e-15 1.318505951968184747e-14 -4.854658188232521065e-14 3.491855190028967745e-15 2.507945829710086852e-14 1.038809638424388312e-14 -3.435471407687004934e-15 -1.806481596302614132e-14 -2.339268831370574884e-14 -3.529953293809090117e-15 -4.670853864968858783e-15 -1.001733933714493066e-15 1.685157809641308924e-14 9.612550217571631660e-15 3.958348014148447216e-15 4.871449457917933385e-15 -8.443168564993493232e-16
-1.217439804486612038e-13 -4.506097943619124042e-14 -1.447569848451090860e-14 3.048780619152335686e-14 1.719003811119708214e-14 -1.176846565209451100e-14 -3.864769471810679517e-15 -1.536845784667953619e-14 -7.206322456532630789e-15 2.522060894722111370e-13 5.955562330628083775e-14 2.742779271422995838e-14 4.049992522986542688e-15 8.318414125852839357e-15 -1.220829220713285094e-14 -5.221018497617453952e-15 -3.816680319008811525e-15 -3.836624525449025529e-15 -3.547135141342292560e-15 3.722415221829138409e-15 1.834775512404176895e-14 -2.154553013198293879e-15 9.718588899497079299e-15 2.869006120653135572e-16 -8.549645426329765900e-15 -6.832670470302072754e-15
-9.418700762141609338e-14 -1.008733965596858417e-13 1.636944918936183236e-15 3.806498921107656187e-15 -1.132271703879342468e-15 -7.545360972774206695e-14 4.575156094523351831e-14 2.136975238999882081e-15 1.318505951968184747e-14 5.955562330628083775e-14 2.148822314142006172e-13 4.331721548261093541e-14 2.854874885818509938e-14 8.462957970110877688e-15 5.677022528445689645e-15 6.132434312141889246e-15 3.934865162278527265e-16 -7.026138334083455373e-15 -1.113166301659181419e-14 -8.312179016995391599e-15 -8.217795965243616297e-15 -6.416173984901563926e-15 -3.082411627496943195e-15 -2.313116225956426296e-15 -8.852055293182281236e-15 -1.032973547557355052e-14
-4.460060189159720141e-14 6.709431050324205240e-14 -1.745766239661682814e-14 9.617017926890413616e-14 9.673320747927772681e-15 -2.947020636323501795e-14 1.251983944255210903e-14 5.560292790113709333e-15 -4.854658188232521065e-14 2.742779271422995838e-14 4.331721548261093541e-14 1.647301812398460596e-13 3.155440021579388999e-14 1.182248713493353518e-14 1.087372642245486724e-14 8.829461972701619183e-15 1.327197521998551576e-14 -9.673642103577295236e-16 -1.561762703312924739e-14 -2.849184869294482835e-15 -7.351261164980740012e-15 -7.419919007450638469e-15 -1.923808224234251852e-15 -1.363333313302835698e-14 -2.225780759524899834e-14 -1.239773158083864524e-14
-1.863490671499708705e-13 -8.046030204679973600e-14 1.854531469546206338e-14 7.964291603908478010e-15 2.973813565049503317e-14 -1.162703385123299387e-13 1.060858785990524230e-14 4.300643957296456810e-16 3.491855190028967745e-15 4.049992522986542688e-15 2.854874885818509938e-14 3.155440021579388999e-14 1.288380011570648159e-13 5.906108009539634110e-14 2.519614110669267683e-14 4.309505907579741646e-15 -3.101170488058114922e-15 7.571421103417147511e-15 -2.731822954851968028e-15 4.867985979857875248e-15 -4.726964239425525875e-16 6.025592412592329976e-15 5.636188269762163268e-15 -2.127835279845103949e-15 4.893907394970992357e-15 -1.317284875601225654e-14
-6.078246438903418224e-14 1.918282880246985996e-15 7.298754174816587239e-15 4.982002494467968187e-14 1.252475527802790185e-14 -3.524384874690006023e-14 5.315256894049030624e-14 2.134697073775034039e-14 2.507945829710086852e-14 8.318414125852839357e-15 8.462957970110877688e-15 1.182248713493353518e-14 5.906108009539634110e-14 1.286702102908630082e-13 5.098271205472965985e-14 2.224945767042322829e-14 9.384252893588131918e-15 1.840784804956810959e-14 1.263774343174346258e-14 7.812079386707671496e-15 8.111863843319856568e-15 1.239333742301165165e-14 1.112106460918164207e-14 5.993053174846770917e-15 1.376346153403232832e-14 -1.039135247313378808e-15
-4.604402783622157011e-14 -1.913342491434538341e-14 -1.464383834662641389e-14 -4.977513131352580874e-14 7.850384123192254656e-14 1.942094803532593339e-14 5.299596377619339186e-14 3.399756365457779959e-14 1.038809638424388312e-14 -1.220829220713285094e-14 5.677022528445689645e-15 1.087372642245486724e-14 2.519614110669267683e-14 5.098271205472965985e-14 9.475606774857124145e-14 4.622305516847741151e-14 2.252509652213191135e-14 1.522403558220458498e-14 2.020446072743247076e-14 1.326108832928673228e-14 3.939808229871495289e-15 5.995312880180296786e-15 8.053995980430796402e-15 5.518162642143395067e-15 7.650191970082293390e-15 5.427317012574108107e-15
-7.904018794374885415e-14 1.131161175933137539e-14 -8.797687359715765432e-14 -6.142479773453078567e-14 4.886310944439745288e-14 1.747221382061508360e-14 1.825784348619243134e-14 -3.620405894672918491e-15 -3.435471407687004934e-15 -5.221018497617453952e-15 6.132434312141889246e-15 8.829461972701619183e-15 4.309505907579741646e-15 2.224945767042322829e-14 4.622305516847741151e-14 8.685985872535021435e-14 5.068126866051245066e-14 2.778991918235346505e-14 2.996395957398739325e-14 1.733942167011326163e-14 1.345975972140921883e-14 5.760120555392050564e-15 7.090369238454353489e-15 2.181242871965115817e-15 -9.955673527650079674e-16 2.333612163238658265e-15
-4.092348046617839533e-14 1.815178389505968697e-14 -7.717203343127239714e-14 -5.968068920082239067e-14 1.900695560047340008e-14 -5.477377120575987972e-15 1.233960602368856142e-15 6.609354662060942456e-15 -1.806481596302614132e-14 -3.816680319008811525e-15 3.934865162278527265e-16 1.327197521998551576e-14 -3.101170488058114922e-15 9.384252893588131918e-15 2.252509652213191135e-14 5.068126866051245066e-14 8.919208314495302116e-14 4.700123840661946398e-14 3.861395958912190403e-14 2.235199056034313759e-14 2.164198441235647335e-14 1.091610160061306062e-14 9.086654484861161495e-15 2.783141790497319383e-15 -1.626709233884696126e-15 -1.724987262061606331e-16
-1.990506829808431612e-14 -1.352395281706594731e-14 -1.822517200510532784e-14 -1.331075207768373006e-14 -1.134866650442868613e-14 -4.143188139571083271e-14 -1.417930060037674317e-14 8.966682013779220813e-15 -2.339268831370574884e-14 -3.836624525449025529e-15 -7.026138334083455373e-15 -9.673642103577295236e-16 7.571421103417147511e-15 1.840784804956810959e-14 1.522403558220458498e-14 2.778991918235346505e-14 4.700123840661946398e-14 7.700740240386010991e-14 4.905689120625310403e-14 3.874700818658614725e-14 3.072208965392005957e-14 1.834413012817593914e-14 1.325377679988316059e-14 1.015512316371834662e-14 1.024693588363962117e-14 3.741484450502546398e-15
-2.433573474883742399e-14 -2.072821332583894669e-14 -6.596268577604378975e-14 -4.843660054311700688e-14 -6.484917728906738740e-14 -4.413357761495576462e-14 5.369241520098827091e-15 3.292550904197944037e-14 -3.529953293809090117e-15 -3.547135141342292560e-15 -1.113166301659181419e-14 -1.561762703312924739e-14 -2.731822954851968028e-15 1.263774343174346258e-14 2.020446072743247076e-14 2.996395957398739325e-14 3.861395958912190403e-14 4.905689120625310403e-14 8.915426873486817788e-14 6.690397302376542107e-14 4.127330723922486038e-14 2.624308576594425328e-14 1.976081229887653083e-14 1.356874892434700741e-14 1.676315148739658386e-14 1.483379202455503159e-14
-4.707837635841957898e-14 -1.397289507453549371e-13 -2.813187069094390204e-14 -8.387942378345799175e-14 -6.253442584881016064e-14 -6.863692010810683386e-14 -3.403404164254181637e-14 3.233189416094319298e-14 -4.670853864968858783e-15 3.722415221829138409e-15 -8.312179016995391599e-15 -2.849184869294482835e-15 4.867985979857875248e-15 7.812079386707671496e-15 1.326108832928673228e-14 1.733942167011326163e-14 2.235199056034313759e-14 3.874700818658614725e-14 6.690397302376542107e-14 9.937128167506134566e-14 6.174176232557523543e-14 3.442481836723365595e-14 2.822487652597915965e-14 1.822269399052022178e-14 2.390458542642604104e-14 1.620321049078788664e-14
-1.894382083519881828e-14 -1.181963465431761517e-13 -2.185890587539007909e-14 -3.676403161876816141e-14 -5.636103163284940778e-14 -8.111012089145194871e-14 -5.497336606276872000e-14 -1.683605196236682090e-15 -1.001733933714493066e-15 1.834775512404176895e-14 -8.217795965243616297e-15 -7.351261164980740012e-15 -4.726964239425525875e-16 8.111863843319856568e-15 3.939808229871495289e-15 1.345975972140921883e-14 2.164198441235647335e-14 3.072208965392005957e-14 4.127330723922486038e-14 6.174176232557523543e-14 8.539272129366286130e-14 4.784369895389632224e-14 3.199911368636562586e-14 2.046527155780216356e-14 2.555984746599568628e-14 1.574690316850860144e-14
8.442829956871505423e-14 -6.829207583099768060e-14 -3.882045766555296876e-15 -3.715148740192500541e-14 -3.173993258153171717e-14 -4.956072630287287136e-14 -1.959136383974413672e-14 -4.577753769401771274e-15 1.685157809641308924e-14 -2.154553013198293879e-15 -6.416173984901563926e-15 -7.419919007450638469e-15 6.025592412592329976e-15 1.239333742301165165e-14 5.995312880180296786e-15 5.760120555392050564e-15 1.091610160061306062e-14 1.834413012817593914e-14 2.624308576594425328e-14 3.442481836723365595e-14 4.784369895389632224e-14 6.374885098822441917e-14 4.248367249615198451e-14 2.077566609909666130e-14 1.782210347965287911e-14 1.643449087354474962e-14
2.838450880669382837e-15 2.776742560709354539e-14 -1.653813045639581158e-14 2.711028585620953888e-15 -3.518651408345098638e-15 -4.046741301455840477e-14 -8.204654700434938908e-15 -9.550401976337596080e-15 9.612550217571631660e-15 9.718588899497079299e-15 -3.082411627496943195e-15 -1.923808224234251852e-15 5.636188269762163268e-15 1.112106460918164207e-14 8.053995980430796402e-15 7.090369238454353489e-15 9.086654484861161495e-15 1.325377679988316059e-14 1.976081229887653083e-14 2.822487652597915965e-14 3.199911368636562586e-14 4.248367249615198451e-14 5.986530002095300582e-14 3.443889183629712503e-14 1.728911588404200292e-14 1.353706714571348072e-14
-4.303764455603784208e-14 2.343821267752574625e-14 -7.144804023160015586e-15 4.200648387370296305e-15 -1.272397937851811043e-14 -2.552372568122024426e-14 1.916325867760694938e-15 -3.236264203951710241e-15 3.958348014148447216e-15 2.869006120653135572e-16 -2.313116225956426296e-15 -1.363333313302835698e-14 -2.127835279845103949e-15 5.993053174846770917e-15 5.518162642143395067e-15 2.181242871965115817e-15 2.783141790497319383e-15 1.015512316371834662e-14 1.356874892434700741e-14 1.822269399052022178e-14 2.046527155780216356e-14 2.077566609909666130e-14 3.443889183629712503e-14 5.009082822639144276e-14 3.056519297438154985e-14 1.836007198304806684e-14
-1.324566865592726653e-14 -1.063365548067080375e-13 4.840004213252282557e-14 -3.312868557460689240e-14 -3.245243967805078080e-14 -6.057450919343247108e-14 -2.755467695413927747e-15 1.886700608292667593e-14 4.871449457917933385e-15 -8.549645426329765900e-15 -8.852055293182281236e-15 -2.225780759524899834e-14 4.893907394970992357e-15 1.376346153403232832e-14 7.650191970082293390e-15 -9.955673527650079674e-16 -1.626709233884696126e-15 1.024693588363962117e-14 1.676315148739658386e-14 2.390458542642604104e-14 2.555984746599568628e-14 1.782210347965287911e-14 1.728911588404200292e-14 3.056519297438154985e-14 6.412218469070004634e-14 3.745534048955578616e-14
6.928797728542450926e-14 -9.141684681455846253e-14 2.447102732735277929e-15 -1.895951593019559572e-14 -1.735567712716044011e-14 -2.816359835228160725e-14 1.075750571403684336e-14 2.884237711241707260e-14 -8.443168564993493232e-16 -6.832670470302072754e-15 -1.032973547557355052e-14 -1.239773158083864524e-14 -1.317284875601225654e-14 -1.039135247313378808e-15 5.427317012574108107e-15 2.333612163238658265e-15 -1.724987262061606331e-16 3.741484450502546398e-15 1.483379202455503159e-14 1.620321049078788664e-14 1.574690316850860144e-14 1.643449087354474962e-14 1.353706714571348072e-14 1.836007198304806684e-14 3.745534048955578616e-14 5.025679608219595645e-14
