1.032173495704167820e-11 1.233846652776431043e-12 9.742135270915099837e-13 -1.746559062955053033e-13 -5.692564355875020833e-13 7.276815057356462778e-14 -3.495105523134216257e-13 -2.389685206303696409e-13 -2.373190338826690974e-13 -6.610183215777028971e-14 5.417255170012832160e-14 8.273902935903113433e-14 -8.257040131872624107e-14 -4.054327129878797317e-14 6.876615750061066120e-14 1.605464599635885295e-14 -2.847698943841153212e-14 -1.795079475903814257e-14 -2.211344348642824295e-14 -1.506260781706312057e-15 6.085156141097097620e-14 3.076071095424974465e-14 2.087850403842372281e-16 6.641706083062337363e-14 7.915983695283105123e-14 -3.602343066119831599e-14
1.233846652776431043e-12 7.766591777192738415e-12 3.812290039724693702e-13 -3.836090572632754786e-13 -5.300212667530017842e-14 -1.279986966641963630e-13 -6.819882182296533738e-14 -1.361104797001765397e-13 -1.024297020716224001e-13 5.273306017552436392e-14 -6.153938513780234314e-15 -4.778163321183737731e-14 -4.282663930433440078e-14 -1.376908903872293978e-13 1.512992375043448294e-14 -1.664724824709937304e-14 -4.498626214497068223e-14 -1.121752047552734674e-13 -9.286793808734216358e-15 2.046747209197193067e-14 2.816365523702516279e-14 7.043260012770912571e-15 -1.650008338098843944e-14 -5.150690611890505605e-14 -2.590048118849105004e-14 -3.936611354173945365e-14
9.742135270915099837e-13 3.812290039724693702e-13 4.551781765327691504e-12 4.752560009989852277e-13 2.812772997477302044e-13 8.806457751640037261e-14 -2.066643300701709474e-13 -5.632679993407076695e-14 -7.724986579178774764e-14 -9.412295356715531444e-15 -3.441866630029614816e-14 7.840730589621461584e-14 -8.507140252275413802e-14 -5.735341214026023344e-14 9.428351892574364648e-15 8.378422974001723771e-14 3.986320382802987893e-14 -5.849001333301113040e-15 5.888056527398242688e-14 6.357261344516059905e-14 4.333862471299739819e-14 5.413260874570582549e-15 2.218843354783491531e-14 4.197996466160909780e-14 -1.680749183691704339e-14 1.083596570150669744e-16
-1.746559062955053033e-13 -3.836090572632754786e-13 4.752560009989852277e-13 2.695465980149835171e-12 2.888377080228829165e-13 -1.473720567116925024e-13 1.280511936458867205e-13 -3.034412572803992074e-14 -3.369380010474716311e-14 7.549690129106093698e-14 9.744857042579771673e-14 3.125577693627151262e-14 -5.102596561489493588e-14 3.929341742911723219e-15 4.283844557259821532e-14 6.512215961705341242e-14 5.539992478453997050e-14 4.301966861682274814e-14 4.844345440609727270e-14 -1.327292372812963806e-14 -2.402614418198339708e-15 3.198502299233124754e-14 3.100946754887728194e-14 2.724290634351178455e-14 1.984626680763962752e-14 1.608199746172481230e-14
-5.692564355875020833e-13 -5.300212667530017842e-14 2.812772997477302044e-13 2.888377080228829165e-13 1.912426645743452408e-12 2.540752704059610693e-13 8.173933297206056697e-14 5.006308708931935945e-14 1.194375972990407772e-13 -1.004786758520478844e-14 -7.296667204035555863e-14 -2.448128506459154515e-14 2.746266458853380616e-15 -1.245679102480389631e-14 -3.413216108542310105e-14 -2.547177165711931016e-15 6.374223037205564760e-14 5.323272710522456468e-14 4.510467483610732094e-14 9.129693938803371699e-15 3.746154536323594366e-14 -3.722100177156344425e-15 -7.479205094276958886e-15 -1.574751047811330907e-14 -1.475091411365134817e-14 3.410142662850522045e-14
7.276815057356462778e-14 -1.279986966641963630e-13 8.806457751640037261e-14 -1.473720567116925024e-13 2.540752704059610693e-13 1.239035092382480954e-12 1.632333358968608491e-13 1.088643305791053584e-13 1.221692197137085819e-13 2.516186690053500403e-14 -8.855877667414283037e-14 -2.576336646596420993e-14 1.313769203246180328e-14 -1.896350833219657676e-14 -2.988747575552286671e-14 -8.480710154073198559e-15 -2.268814529071434525e-14 2.257595908127363516e-15 2.213333418027882319e-14 1.209727459654919286e-14 2.798540586919360869e-14 2.143557248350966435e-14 7.948161895743844374e-15 6.650231227113173541e-15 -1.165590092909349209e-14 2.602262674847781831e-14
-3.495105523134216257e-13 -6.819882182296533738e-14 -2.066643300701709474e-13 1.280511936458867205e-13 8.173933297206056697e-14 1.632333358968608491e-13 9.404867675744157167e-13 1.049745615855269194e-13 7.599909840996968980e-14 -7.471407080414326498e-15 7.425081899163548696e-15 1.311755205145635631e-14 7.322279377453773903e-14 1.084097178111557356e-14 -1.436943511570013411e-14 -5.798978507106149444e-14 -1.468343600993485444e-14 -1.924240065448893127e-14 2.877810513537613621e-15 1.218684920513506379e-14 3.902817927363384043e-15 -3.203911171163418982e-16 5.193152181430640261e-15 2.392352682906085304e-14 2.299590805428051363e-14 1.213541293853830540e-14
-2.389685206303696409e-13 -1.361104797001765397e-13 -5.632679993407076695e-14 -3.034412572803992074e-14 5.006308708931935945e-14 1.088643305791053584e-13 1.049745615855269194e-13 5.054805715754370358e-13 1.267700581019467553e-13 4.121035422048577228e-14 -9.216340791547473773e-16 1.878511743885225463e-15 -3.477954199737279022e-15 -7.750919447291972483e-16 -3.134740192451320673e-14 -2.212907919387560066e-14 -9.960231509626564152e-16 3.817420148786008135e-15 -1.202003970913514933e-14 -7.743919201311484375e-15 6.107062903727526488e-16 -5.472383195919353691e-16 1.448201676536857552e-14 2.038813557848557956e-14 4.229832885886453864e-15 1.383807295009884616e-15
-2.373190338826690974e-13 -1.024297020716224001e-13 -7.724986579178774764e-14 -3.369380010474716311e-14 1.194375972990407772e-13 1.221692197137085819e-13 7.599909840996968980e-14 1.267700581019467553e-13 4.570214965178670537e-13 1.012349332928606130e-13 3.554055606268290660e-14 3.387732824757783387e-14 2.376805168758630792e-14 -1.477720735165076466e-14 -1.138305977428769969e-14 -2.889555015440588588e-14 -1.500901347704378623e-14 -3.784637864502439683e-15 -1.149523380302910255e-14 5.645835631278886558e-15 1.185245325958934874e-14 6.075939453749574981e-15 -5.954677923104007067e-15 1.777344806963272181e-15 1.086551841788084330e-15 1.547088111547036862e-14
-6.610183215777028971e-14 5.273306017552436392e-14 -9.412295356715531444e-15 7.549690129106093698e-14 -1.004786758520478844e-14 2.516186690053500403e-14 -7.471407080414326498e-15 4.121035422048577228e-14 1.012349332928606130e-13 2.194429584730880204e-13 6.107408612601969176e-14 4.212710372399367170e-14 2.537072030637844820e-14 -6.536802018415311433e-15 8.047798848279680288e-15 2.107627443153167718e-15 1.307051865927529506e-15 5.060366442701788328e-15 -1.390676421192945243e-15 -1.972914003779726364e-16 -4.995909691906012210e-15 -1.325811580424237102e-14 -7.634540706946418314e-15 4.066179050663340031e-15 5.450764741126314479e-15 3.684371829090269845e-15
5.417255170012832160e-14 -6.153938513780234314e-15 -3.441866630029614816e-14 9.744857042579771673e-14 -7.296667204035555863e-14 -8.855877667414283037e-14 7.425081899163548696e-15 -9.216340791547473773e-16 3.554055606268290660e-14 6.107408612601969176e-14 2.336673018491943786e-13 9.220650511133737682e-14 5.100696872456408892e-14 1.313142143704321802e-14 1.855532267548863844e-14 4.568069804910644276e-15 2.197657265219079136e-14 1.718501540915186741e-14 1.450644015514100482e-14 -7.603618413410867884e-15 -6.714340189996951965e-15 -3.148884927932159207e-15 7.645520441169419985e-16 2.940241988810649662e-15 -6.939022461602582807e-16 -2.860537768378562024e-15
8.273902935903113433e-14 -4.778163321183737731e-14 7.840730589621461584e-14 3.125577693627151262e-14 -2.448128506459154515e-14 -2.576336646596420993e-14 1.311755205145635631e-14 1.878511743885225463e-15 3.387732824757783387e-14 4.212710372399367170e-14 9.220650511133737682e-14 2.214871797403490974e-13 9.259555622951592152e-14 4.994850595418918303e-14 3.995304467590195952e-14 8.575304302329911280e-15 3.772730833793507375e-15 8.204376242547659521e-15 9.380564393316137272e-15 -3.023552102640184143e-15 1.910592056065458194e-15 -7.335605141775798062e-16 7.994873051409469540e-15 1.224152552912259573e-14 6.227085512827268019e-15 7.793235549689840808e-15
-8.257040131872624107e-14 -4.282663930433440078e-14 -8.507140252275413802e-14 -5.102596561489493588e-14 2.746266458853380616e-15 1.313769203246180328e-14 7.322279377453773903e-14 -3.477954199737279022e-15 2.376805168758630792e-14 2.537072030637844820e-14 5.100696872456408892e-14 9.259555622951592152e-14 1.696226751658898172e-13 7.907656013096711981e-14 3.982945079139370761e-14 -7.635705188021257652e-16 -1.562987421630192552e-15 -9.366073169380681653e-15 3.904466494471438698e-15 -3.738653865639574711e-15 -1.677878788501800992e-14 -1.514719082755434163e-14 -1.336149890477460516e-14 -1.369255616389024555e-14 -7.693817708966289756e-15 -2.009731436224006991e-15
-4.054327129878797317e-14 -1.376908903872293978e-13 -5.735341214026023344e-14 3.929341742911723219e-15 -1.245679102480389631e-14 -1.896350833219657676e-14 1.084097178111557356e-14 -7.750919447291972483e-16 -1.477720735165076466e-14 -6.536802018415311433e-15 1.313142143704321802e-14 4.994850595418918303e-14 7.907656013096711981e-14 1.291645789060045769e-13 4.944377633102429685e-14 1.283661285462821816e-14 5.634838646557556276e-15 4.056504341012819654e-15 1.686346013452139145e-14 4.997680343249813006e-15 1.235291842377837657e-15 -4.063068333836427282e-15 -6.268139559512372147e-15 -1.327840956985165986e-14 -1.436261950505962443e-14 -4.343674397191036546e-15
6.876615750061066120e-14 1.512992375043448294e-14 9.428351892574364648e-15 4.283844557259821532e-14 -3.413216108542310105e-14 -2.988747575552286671e-14 -1.436943511570013411e-14 -3.134740192451320673e-14 -1.138305977428769969e-14 8.047798848279680288e-15 1.855532267548863844e-14 3.995304467590195952e-14 3.982945079139370761e-14 4.944377633102429685e-14 1.262689294160919025e-13 6.581554178137854570e-14 2.583653927465293521e-14 1.495701662115173144e-14 1.463482666544036840e-14 1.708124910439394035e-16 -1.239317494210980039e-16 4.925548224656429443e-16 6.350622871563141999e-16 -1.650218867765156689e-15 1.941401984773632409e-15 7.026509169523064966e-15
1.605464599635885295e-14 -1.664724824709937304e-14 8.378422974001723771e-14 6.512215961705341242e-14 -2.547177165711931016e-15 -8.480710154073198559e-15 -5.798978507106149444e-14 -2.212907919387560066e-14 -2.889555015440588588e-14 2.107627443153167718e-15 4.568069804910644276e-15 8.575304302329911280e-15 -7.635705188021257652e-16 1.283661285462821816e-14 6.581554178137854570e-14 1.159855257988754605e-13 5.041453538459190629e-14 1.907321124920803920e-14 1.093252679808959184e-14 2.977959891940879053e-15 6.704764878287037867e-16 5.626009187625046121e-15 -1.167468225317021248e-15 3.431408795391164272e-15 7.857713562754717062e-15 -3.270672961692878334e-17
-2.847698943841153212e-14 -4.498626214497068223e-14 3.986320382802987893e-14 5.539992478453997050e-14 6.374223037205564760e-14 -2.268814529071434525e-14 -1.468343600993485444e-14 -9.960231509626564152e-16 -1.500901347704378623e-14 1.307051865927529506e-15 2.197657265219079136e-14 3.772730833793507375e-15 -1.562987421630192552e-15 5.634838646557556276e-15 2.583653927465293521e-14 5.041453538459190629e-14 8.445206836493680118e-14 4.943496317139385249e-14 2.417585353694141226e-14 8.137011198958011619e-15 -7.003414397130417817e-16 -1.547320384174121398e-15 -5.460016703468710270e-15 5.218672283019673795e-16 3.510576436374178927e-15 -2.612212030733517116e-15
-1.795079475903814257e-14 -1.121752047552734674e-13 -5.849001333301113040e-15 4.301966861682274814e-14 5.323272710522456468e-14 2.257595908127363516e-15 -1.924240065448893127e-14 3.817420148786008135e-15 -3.784637864502439683e-15 5.060366442701788328e-15 1.718501540915186741e-14 8.204376242547659521e-15 -9.366073169380681653e-15 4.056504341012819654e-15 1.495701662115173144e-14 1.907321124920803920e-14 4.943496317139385249e-14 8.877125470356109615e-14 4.574467750830353382e-14 1.671280710430004454e-14 6.210704010717867953e-15 6.039681652956130870e-15 4.901537846425154495e-15 1.926191771282454254e-15 4.554672263387357980e-16 -5.005205085232912002e-15
-2.211344348642824295e-14 -9.286793808734216358e-15 5.888056527398242688e-14 4.844345440609727270e-14 4.510467483610732094e-14 2.213333418027882319e-14 2.877810513537613621e-15 -1.202003970913514933e-14 -1.149523380302910255e-14 -1.390676421192945243e-15 1.450644015514100482e-14 9.380564393316137272e-15 3.904466494471438698e-15 1.686346013452139145e-14 1.463482666544036840e-14 1.093252679808959184e-14 2.417585353694141226e-14 4.574467750830353382e-14 8.080280339342861238e-14 3.989335222239393418e-14 1.695042562341342520e-14 1.229029607611823880e-14 6.142101793726165383e-15 6.817120415852901570e-16 -1.909085981882491476e-15 -3.242182706175915573e-15
-1.506260781706312057e-15 2.046747209197193067e-14 6.357261344516059905e-14 -1.327292372812963806e-14 9.129693938803371699e-15 1.209727459654919286e-14 1.218684920513506379e-14 -7.743919201311484375e-15 5.645835631278886558e-15 -1.972914003779726364e-16 -7.603618413410867884e-15 -3.023552102640184143e-15 -3.738653865639574711e-15 4.997680343249813006e-15 1.708124910439394035e-16 2.977959891940879053e-15 8.137011198958011619e-15 1.671280710430004454e-14 3.989335222239393418e-14 6.945418110430926772e-14 3.875834442292181635e-14 2.269728229742720024e-14 6.813664371231161377e-15 -5.170435946652301706e-16 -9.100420939561952146e-15 -5.683599203478425014e-15
6.085156141097097620e-14 2.816365523702516279e-14 4.333862471299739819e-14 -2.402614418198339708e-15 3.746154536323594366e-14 2.798540586919360869e-14 3.902817927363384043e-15 6.107062903727526488e-16 1.185245325958934874e-14 -4.995909691906012210e-15 -6.714340189996951965e-15 1.910592056065458194e-15 -1.677878788501800992e-14 1.235291842377837657e-15 -1.239317494210980039e-16 6.704764878287037867e-16 -7.003414397130417817e-16 6.210704010717867953e-15 1.695042562341342520e-14 3.875834442292181635e-14 7.764621169316942348e-14 4.918402917166258783e-14 2.787659399369784832e-14 1.159907862924903694e-14 -7.802197018894101611e-16 -5.628274062126124801e-15
3.076071095424974465e-14 7.043260012770912571e-15 5.413260874570582549e-15 3.198502299233124754e-14 -3.722100177156344425e-15 2.143557248350966435e-14 -3.203911171163418982e-16 -5.472383195919353691e-16 6.075939453749574981e-15 -1.325811580424237102e-14 -3.148884927932159207e-15 -7.335605141775798062e-16 -1.514719082755434163e-14 -4.063068333836427282e-15 4.925548224656429443e-16 5.626009187625046121e-15 -1.547320384174121398e-15 6.039681652956130870e-15 1.229029607611823880e-14 2.269728229742720024e-14 4.918402917166258783e-14 7.098020421910845660e-14 3.588480333676757366e-14 1.287781295460640373e-14 1.211438979065671571e-15 -6.154757155595582456e-16
2.087850403842372281e-16 -1.650008338098843944e-14 2.218843354783491531e-14 3.100946754887728194e-14 -7.479205094276958886e-15 7.948161895743844374e-15 5.193152181430640261e-15 1.448201676536857552e-14 -5.954677923104007067e-15 -7.634540706946418314e-15 7.645520441169419985e-16 7.994873051409469540e-15 -1.336149890477460516e-14 -6.268139559512372147e-15 6.350622871563141999e-16 -1.167468225317021248e-15 -5.460016703468710270e-15 4.901537846425154495e-15 6.142101793726165383e-15 6.813664371231161377e-15 2.787659399369784832e-14 3.588480333676757366e-14 5.282229531375046023e-14 2.776507952026537322e-14 1.439432061237395921e-14 5.531831731478032949e-15
6.641706083062337363e-14 -5.150690611890505605e-14 4.197996466160909780e-14 2.724290634351178455e-14 -1.574751047811330907e-14 6.650231227113173541e-15 2.392352682906085304e-14 2.038813557848557956e-14 1.777344806963272181e-15 4.066179050663340031e-15 2.940241988810649662e-15 1.224152552912259573e-14 -1.369255616389024555e-14 -1.327840956985165986e-14 -1.650218867765156689e-15 3.431408795391164272e-15 5.218672283019673795e-16 1.926191771282454254e-15 6.817120415852901570e-16 -5.170435946652301706e-16 1.159907862924903694e-14 1.287781295460640373e-14 2.776507952026537322e-14 5.519024918489741768e-14 3.884424842431384834e-14 1.227206345356908623e-14
7.915983695283105123e-14 -2.590048118849105004e-14 -1.680749183691704339e-14 1.984626680763962752e-14 -1.475091411365134817e-14 -1.165590092909349209e-14 2.299590805428051363e-14 4.229832885886453864e-15 1.086551841788084330e-15 5.450764741126314479e-15 -6.939022461602582807e-16 6.227085512827268019e-15 -7.693817708966289756e-15 -1.436261950505962443e-14 1.941401984773632409e-15 7.857713562754717062e-15 3.510576436374178927e-15 4.554672263387357980e-16 -1.909085981882491476e-15 -9.100420939561952146e-15 -7.802197018894101611e-16 1.211438979065671571e-15 1.439432061237395921e-14 3.884424842431384834e-14 5.699136500296551658e-14 2.405484158121624831e-14
-3.602343066119831599e-14 -3.936611354173945365e-14 1.083596570150669744e-16 1.608199746172481230e-14 3.410142662850522045e-14 2.602262674847781831e-14 1.213541293853830540e-14 1.383807295009884616e-15 1.547088111547036862e-14 3.684371829090269845e-15 -2.860537768378562024e-15 7.793235549689840808e-15 -2.009731436224006991e-15 -4.343674397191036546e-15 7.026509169523064966e-15 -3.270672961692878334e-17 -2.612212030733517116e-15 -5.005205085232912002e-15 -3.242182706175915573e-15 -5.683599203478425014e-15 -5.628274062126124801e-15 -6.154757155595582456e-16 5.531831731478032949e-15 1.227206345356908623e-14 2.405484158121624831e-14 5.882180748778415605e-14
