8.332933312499429708e-12 4.822153535301756797e-14 -9.080016984756996887e-14 5.996825789122117939e-13 7.616291064918532637e-14 -3.104772589655388709e-13 -2.110244837290642393e-13 3.940361301876257778e-14 4.962382231084520035e-14 -1.551238694103352045e-13 3.400773658562541652e-14 2.862573167013672568e-14 1.413848131046727645e-13 -6.699281908046736143e-15 1.578165100358521381e-13 1.393889964380970756e-13 7.640469685892877561e-14 2.491423474693977277e-14 8.586449567527133860e-14 4.582884865149568288e-14 4.780863972930708096e-14 6.200510676397961678e-14 -1.819016827986239487e-14 -3.293550888533982197e-14 -3.478172261421197628e-14 1.540791534243547923e-14
4.822153535301756797e-14 5.198512166239173696e-12 2.169403836839936194e-13 -2.176446150535669685e-15 3.309619787173812924e-13 3.161987823876416397e-13 -4.365508653988418711e-14 9.362037901800158887e-14 -2.189822903953352390e-15 -8.940782908493560661e-14 -7.731203289913238948e-14 -1.632675511086918624e-14 -5.365886255134024937e-14 -7.972516119004239668e-14 2.207281097978412629e-15 -1.716156259351406676e-14 -2.627513497383279089e-14 -3.249683588874644369e-14 -9.416009832453281457e-15 2.479410679496552745e-14 -9.573024019950782935e-16 4.647871056273590823e-14 1.460762439493418977e-14 -2.083370795882684969e-14 6.825432377013934797e-15 -8.465649496306398531e-15
-9.080016984756996887e-14 2.169403836839936194e-13 3.142493072685980846e-12 1.292773898718620373e-13 4.958703266774889328e-13 1.117358598368060470e-13 1.752916079173678845e-13 -1.012856700612228765e-13 1.163371883709539909e-13 -1.803207251589506673e-14 9.725721051276719078e-14 6.337750062126345459e-14 1.227473683431685210e-14 -3.388833611303986550e-14 2.060637876307266885e-14 -2.063316489694039755e-14 -3.618300647194331789e-14 -5.618424166641933049e-14 -2.991263209236863366e-14 -6.407349792644143419e-14 -5.459165747945303752e-14 -1.469869268174730022e-14 4.921961361030579881e-16 5.040696889431131706e-15 1.846639986030019046e-14 2.626423293043256071e-14
5.996825789122117939e-13 -2.176446150535669685e-15 1.292773898718620373e-13 2.625938412320483540e-12 -1.204017043046641173e-14 -9.294538647356780021e-14 4.599763506290050845e-14 1.116443358373915273e-13 -1.528151163482139522e-13 -2.797978295609861809e-14 3.452269253996234810e-14 -7.150938569307881502e-15 2.891852532855668374e-15 3.757301183704460992e-14 9.467665348775776546e-15 3.655744210142523884e-14 -1.563854495232028387e-15 8.576349877056256511e-16 1.838536278610408866e-14 1.286021203647318078e-14 6.850638971778364454e-14 2.463590243549190821e-14 7.867295720725182323e-15 -1.593778935483837611e-15 -7.393894854409438849e-15 3.631465971035632606e-14
7.616291064918532637e-14 3.309619787173812924e-13 4.958703266774889328e-13 -1.204017043046641173e-14 1.690758054320860367e-12 1.976630773694311431e-13 -2.807850051339391204e-14 -4.200987604899905947e-14 8.892250302719790323e-14 1.580445022162138351e-15 -2.835235241009480655e-14 5.930555420670955929e-14 -5.795583328062676486e-14 -3.178853318894105528e-14 -5.889374219872581330e-15 -7.120411579065952974e-15 1.849460034766062859e-14 -3.649188195569906063e-14 -4.442276836368629823e-14 -1.353893030939672339e-14 -1.694716378214867011e-14 1.546578164864691533e-15 -9.020138636084705957e-15 -1.153067102613050028e-15 -1.459244067458415118e-14 -1.403697940265700390e-14
-3.104772589655388709e-13 3.161987823876416397e-13 1.117358598368060470e-13 -9.294538647356780021e-14 1.976630773694311431e-13 1.159685209428541608e-12 1.099278281543515584e-13 6.951846640973681708e-15 4.121625515121516825e-14 -3.488763402635717694e-15 -5.653927331843685909e-14 -3.600347175047341688e-14 -6.616519709586366201e-14 -2.955670132203309315e-14 -1.886986678582194936e-14 -2.122861026254769491e-14 -6.616726123608823722e-15 1.162039636987833547e-15 -1.132788064705248203e-15 7.190810964348129932e-15 1.094146896664857894e-14 2.085325102462031336e-14 8.659117928470583848e-15 1.273441053378417137e-14 2.215278183743853698e-14 1.892221015624454191e-14
-2.110244837290642393e-13 -4.365508653988418711e-14 1.752916079173678845e-13 4.599763506290050845e-14 -2.807850051339391204e-14 1.099278281543515584e-13 6.951311672250732100e-13 9.299567458229460141e-14 7.830294691040022013e-15 6.959011065840624751e-14 4.448867792583616311e-14 -6.843369764228872541e-15 2.903342402623768964e-14 -3.482772638925626576e-16 6.903098474730026528e-15 -1.603293783479970285e-14 -1.058570300695915684e-14 3.113871893841658641e-14 1.223840331088259575e-15 1.962455184334236285e-14 2.619049856842124651e-14 1.515705764996624291e-14 1.680885261919338864e-15 7.534173748402611914e-15 2.783744827235684647e-14 1.811285037464540387e-14
3.940361301876257778e-14 9.362037901800158887e-14 -1.012856700612228765e-13 1.116443358373915273e-13 -4.200987604899905947e-14 6.951846640973681708e-15 9.299567458229460141e-14 4.135207294184221515e-13 6.961351030888699947e-14 1.115672381081393532e-14 -8.757398056058486686e-15 -2.780182246405543586e-15 -5.350423496192525210e-16 3.117586743573217686e-15 3.927942577966364719e-15 9.618854783317447670e-15 -9.093222179998904544e-15 -3.031098513171161439e-15 -6.231849712593610313e-15 2.919596482350908635e-15 9.313091981884843182e-15 -6.756864841748944686e-15 9.782925092435392577e-15 5.269885974356574342e-15 4.616713996717425233e-15 5.964897881142634987e-15
4.962382231084520035e-14 -2.189822903953352390e-15 1.163371883709539909e-13 -1.528151163482139522e-13 8.892250302719790323e-14 4.121625515121516825e-14 7.830294691040022013e-15 6.961351030888699947e-14 3.319087656941725654e-13 3.105263340735747537e-14 8.627383828606819065e-15 2.309539233983304818e-15 9.606697671270515030e-15 9.186922919351922825e-16 5.560895222821958363e-15 -9.277264488349456450e-15 -2.549085213018778682e-14 -8.412760278770857488e-15 -7.609962109227813171e-15 -1.052996897369451605e-14 -6.577795171557615912e-15 8.782790638195729130e-15 1.309231543956520250e-14 8.454351767584389860e-15 6.547317740728071750e-15 1.000963752465384580e-14
-1.551238694103352045e-13 -8.940782908493560661e-14 -1.803207251589506673e-14 -2.797978295609861809e-14 1.580445022162138351e-15 -3.488763402635717694e-15 6.959011065840624751e-14 1.115672381081393532e-14 3.105263340735747537e-14 2.284053903396892286e-13 3.514527711787858140e-14 8.579097467321545637e-15 3.124692312928834920e-14 1.635429593710522507e-14 1.283327658743011912e-14 4.563715357995798665e-15 8.443614033120524711e-15 7.758746417083530705e-15 6.372749672449630960e-15 -2.758232576633397034e-15 4.460147466731450459e-15 1.539317465595805537e-15 4.515305214394441649e-15 3.322476081176120039e-15 -3.838683967163924709e-15 -7.275011198188925677e-15
3.400773658562541652e-14 -7.731203289913238948e-14 9.725721051276719078e-14 3.452269253996234810e-14 -2.835235241009480655e-14 -5.653927331843685909e-14 4.448867792583616311e-14 -8.757398056058486686e-15 8.627383828606819065e-15 3.514527711787858140e-14 1.694912704745574694e-13 5.527996968313846545e-14 3.832169731545337647e-14 2.449709700272168231e-14 2.951461991245397112e-14 1.745315478354600623e-14 9.854006995956041342e-16 3.691163086473942373e-16 3.655525469715511206e-15 4.329919503476337496e-16 1.084130227739010266e-14 4.011347469747933356e-15 8.939388815744504551e-15 9.914339636212790968e-15 5.985733735142670679e-15 3.087588738230913526e-15
2.862573167013672568e-14 -1.632675511086918624e-14 6.337750062126345459e-14 -7.150938569307881502e-15 5.930555420670955929e-14 -3.600347175047341688e-14 -6.843369764228872541e-15 -2.780182246405543586e-15 2.309539233983304818e-15 8.579097467321545637e-15 5.527996968313846545e-14 1.405072396047479115e-13 3.272600876455331351e-14 2.021407516883364369e-14 1.979625992975014365e-14 2.054075144949934674e-14 3.079233026521661008e-15 -9.858558849603653415e-15 -5.232888821730785215e-15 -5.657514265728559514e-15 2.112985412958056900e-15 -3.622610832950801820e-15 -4.582688794634998539e-15 -4.422746826260566704e-15 -7.333321103988619982e-15 -7.037983493505980465e-15
1.413848131046727645e-13 -5.365886255134024937e-14 1.227473683431685210e-14 2.891852532855668374e-15 -5.795583328062676486e-14 -6.616519709586366201e-14 2.903342402623768964e-14 -5.350423496192525210e-16 9.606697671270515030e-15 3.124692312928834920e-14 3.832169731545337647e-14 3.272600876455331351e-14 1.209229906802965377e-13 3.885274574661805792e-14 3.397247098404373830e-14 1.599873969057778635e-14 -1.977806661390899329e-15 4.479555787353660120e-15 4.913778979145425533e-15 -3.377495880833282658e-16 4.291702334011849436e-15 -4.945759354743189726e-15 -1.986585098942339373e-15 -3.325535266949481645e-15 -4.857065276258929357e-17 1.352284204945467809e-16
-6.699281908046736143e-15 -7.972516119004239668e-14 -3.388833611303986550e-14 3.757301183704460992e-14 -3.178853318894105528e-14 -2.955670132203309315e-14 -3.482772638925626576e-16 3.117586743573217686e-15 9.186922919351922825e-16 1.635429593710522507e-14 2.449709700272168231e-14 2.021407516883364369e-14 3.885274574661805792e-14 9.812880807952672831e-14 3.614305068217871800e-14 1.093894376013281374e-14 -3.962329953172834696e-15 -6.583017778156766377e-15 -5.347004687487195857e-15 -3.332018152613557309e-15 -2.695257478149794982e-15 -2.666514744946568724e-16 3.900244922012661404e-15 4.458353348338586897e-15 4.633665032721474200e-16 2.091409324773848095e-15
1.578165100358521381e-13 2.207281097978412629e-15 2.060637876307266885e-14 9.467665348775776546e-15 -5.889374219872581330e-15 -1.886986678582194936e-14 6.903098474730026528e-15 3.927942577966364719e-15 5.560895222821958363e-15 1.283327658743011912e-14 2.951461991245397112e-14 1.979625992975014365e-14 3.397247098404373830e-14 3.614305068217871800e-14 8.469987204280258842e-14 3.092490138859979577e-14 8.194948151568888058e-15 9.053778717552512894e-15 7.215221622569561587e-15 3.155178886493737636e-15 2.238120347669232462e-15 -2.998764638605806475e-15 -4.345501959289620254e-15 -1.340551875960163548e-15 -4.859944431441070427e-15 -3.037440370476216634e-15
1.393889964380970756e-13 -1.716156259351406676e-14 -2.063316489694039755e-14 3.655744210142523884e-14 -7.120411579065952974e-15 -2.122861026254769491e-14 -1.603293783479970285e-14 9.618854783317447670e-15 -9.277264488349456450e-15 4.563715357995798665e-15 1.745315478354600623e-14 2.054075144949934674e-14 1.599873969057778635e-14 1.093894376013281374e-14 3.092490138859979577e-14 6.660093865512853118e-14 3.193834469895234121e-14 8.123360615695107365e-15 3.985548025636550607e-15 8.957149289536657166e-15 8.538233333301813699e-15 2.172440699798144425e-15 7.973254453417019176e-16 -2.657232275219085088e-16 1.701456413832552318e-16 -1.420316446230330564e-15
7.640469685892877561e-14 -2.627513497383279089e-14 -3.618300647194331789e-14 -1.563854495232028387e-15 1.849460034766062859e-14 -6.616726123608823722e-15 -1.058570300695915684e-14 -9.093222179998904544e-15 -2.549085213018778682e-14 8.443614033120524711e-15 9.854006995956041342e-16 3.079233026521661008e-15 -1.977806661390899329e-15 -3.962329953172834696e-15 8.194948151568888058e-15 3.193834469895234121e-14 6.139593760805893509e-14 1.831900968654453473e-14 7.483741606987722115e-15 9.679879510795107810e-15 5.732421785573387341e-15 4.182680404574063511e-16 1.107002153583742879e-15 2.616539706397790297e-15 1.088427476544766238e-15 -1.370994816411026172e-15
2.491423474693977277e-14 -3.249683588874644369e-14 -5.618424166641933049e-14 8.576349877056256511e-16 -3.649188195569906063e-14 1.162039636987833547e-15 3.113871893841658641e-14 -3.031098513171161439e-15 -8.412760278770857488e-15 7.758746417083530705e-15 3.691163086473942373e-16 -9.858558849603653415e-15 4.479555787353660120e-15 -6.583017778156766377e-15 9.053778717552512894e-15 8.123360615695107365e-15 1.831900968654453473e-14 5.698764138651194952e-14 3.798392683220166749e-14 2.057397686150444419e-14 2.069823460151244381e-14 1.147277919811712823e-14 4.166975015688661991e-15 7.065053418714039450e-16 -2.610613080017224454e-16 1.392277674623407506e-15
8.586449567527133860e-14 -9.416009832453281457e-15 -2.991263209236863366e-14 1.838536278610408866e-14 -4.442276836368629823e-14 -1.132788064705248203e-15 1.223840331088259575e-15 -6.231849712593610313e-15 -7.609962109227813171e-15 6.372749672449630960e-15 3.655525469715511206e-15 -5.232888821730785215e-15 4.913778979145425533e-15 -5.347004687487195857e-15 7.215221622569561587e-15 3.985548025636550607e-15 7.483741606987722115e-15 3.798392683220166749e-14 5.923848270725014333e-14 3.155269807917615990e-14 2.449572621429030607e-14 1.444569919224416154e-14 7.274513990296476037e-15 4.769751779680942372e-15 -2.267095139774178297e-16 4.744117408334430578e-15
4.582884865149568288e-14 2.479410679496552745e-14 -6.407349792644143419e-14 1.286021203647318078e-14 -1.353893030939672339e-14 7.190810964348129932e-15 1.962455184334236285e-14 2.919596482350908635e-15 -1.052996897369451605e-14 -2.758232576633397034e-15 4.329919503476337496e-16 -5.657514265728559514e-15 -3.377495880833282658e-16 -3.332018152613557309e-15 3.155178886493737636e-15 8.957149289536657166e-15 9.679879510795107810e-15 2.057397686150444419e-14 3.155269807917615990e-14 5.182746576717217229e-14 3.007679798072338103e-14 1.853236069790531430e-14 9.855789511454508883e-15 6.594948057510620791e-15 5.063379485780465004e-15 4.841408290198305656e-15
4.780863972930708096e-14 -9.573024019950782935e-16 -5.459165747945303752e-14 6.850638971778364454e-14 -1.694716378214867011e-14 1.094146896664857894e-14 2.619049856842124651e-14 9.313091981884843182e-15 -6.577795171557615912e-15 4.460147466731450459e-15 1.084130227739010266e-14 2.112985412958056900e-15 4.291702334011849436e-15 -2.695257478149794982e-15 2.238120347669232462e-15 8.538233333301813699e-15 5.732421785573387341e-15 2.069823460151244381e-14 2.449572621429030607e-14 3.007679798072338103e-14 4.884433756564213993e-14 2.614596585993565566e-14 1.284848213483941601e-14 6.811936428993185367e-15 4.416195188014799516e-15 5.350693751986950795e-15
6.200510676397961678e-14 4.647871056273590823e-14 -1.469869268174730022e-14 2.463590243549190821e-14 1.546578164864691533e-15 2.085325102462031336e-14 1.515705764996624291e-14 -6.756864841748944686e-15 8.782790638195729130e-15 1.539317465595805537e-15 4.011347469747933356e-15 -3.622610832950801820e-15 -4.945759354743189726e-15 -2.666514744946568724e-16 -2.998764638605806475e-15 2.172440699798144425e-15 4.182680404574063511e-16 1.147277919811712823e-14 1.444569919224416154e-14 1.853236069790531430e-14 2.614596585993565566e-14 4.617641581822867615e-14 2.559853787691099820e-14 1.262865750778747161e-14 7.842075062509890266e-15 1.021673246916946930e-14
-1.819016827986239487e-14 1.460762439493418977e-14 4.921961361030579881e-16 7.867295720725182323e-15 -9.020138636084705957e-15 8.659117928470583848e-15 1.680885261919338864e-15 9.782925092435392577e-15 1.309231543956520250e-14 4.515305214394441649e-15 8.939388815744504551e-15 -4.582688794634998539e-15 -1.986585098942339373e-15 3.900244922012661404e-15 -4.345501959289620254e-15 7.973254453417019176e-16 1.107002153583742879e-15 4.166975015688661991e-15 7.274513990296476037e-15 9.855789511454508883e-15 1.284848213483941601e-14 2.559853787691099820e-14 3.904543466990037461e-14 2.081369639168132806e-14 1.010192843129805241e-14 1.338701589031350703e-14
-3.293550888533982197e-14 -2.083370795882684969e-14 5.040696889431131706e-15 -1.593778935483837611e-15 -1.153067102613050028e-15 1.273441053378417137e-14 7.534173748402611914e-15 5.269885974356574342e-15 8.454351767584389860e-15 3.322476081176120039e-15 9.914339636212790968e-15 -4.422746826260566704e-15 -3.325535266949481645e-15 4.458353348338586897e-15 -1.340551875960163548e-15 -2.657232275219085088e-16 2.616539706397790297e-15 7.065053418714039450e-16 4.769751779680942372e-15 6.594948057510620791e-15 6.811936428993185367e-15 1.262865750778747161e-14 2.081369639168132806e-14 3.056355355983803302e-14 1.637039956552823113e-14 1.491439980194713548e-14
-3.478172261421197628e-14 6.825432377013934797e-15 1.846639986030019046e-14 -7.393894854409438849e-15 -1.459244067458415118e-14 2.215278183743853698e-14 2.783744827235684647e-14 4.616713996717425233e-15 6.547317740728071750e-15 -3.838683967163924709e-15 5.985733735142670679e-15 -7.333321103988619982e-15 -4.857065276258929357e-17 4.633665032721474200e-16 -4.859944431441070427e-15 1.701456413832552318e-16 1.088427476544766238e-15 -2.610613080017224454e-16 -2.267095139774178297e-16 5.063379485780465004e-15 4.416195188014799516e-15 7.842075062509890266e-15 1.010192843129805241e-14 1.637039956552823113e-14 2.620750290767923693e-14 1.915430077695438585e-14
1.540791534243547923e-14 -8.465649496306398531e-15 2.626423293043256071e-14 3.631465971035632606e-14 -1.403697940265700390e-14 1.892221015624454191e-14 1.811285037464540387e-14 5.964897881142634987e-15 1.000963752465384580e-14 -7.275011198188925677e-15 3.087588738230913526e-15 -7.037983493505980465e-15 1.352284204945467809e-16 2.091409324773848095e-15 -3.037440370476216634e-15 -1.420316446230330564e-15 -1.370994816411026172e-15 1.392277674623407506e-15 4.744117408334430578e-15 4.841408290198305656e-15 5.350693751986950795e-15 1.021673246916946930e-14 1.338701589031350703e-14 1.491439980194713548e-14 1.915430077695438585e-14 3.205404119471381575e-14
