7.302414049935580984e-12 -1.711497458565662210e-13 -2.679857380357533467e-13 7.253326557073355088e-13 1.336693085719174903e-13 1.240696859372443241e-13 7.053939350175160603e-14 -1.100121539159381299e-13 -1.813165559066980183e-13 1.031388329520444181e-13 5.775493058667708181e-14 3.359646252505289034e-14 4.728773663051904379e-14 5.703917111521283871e-14 -1.909823164675660156e-14 -1.307419352242201016e-14 -6.798067541662407854e-14 -6.332807318380640198e-14 -2.487710456119492967e-14 -1.082743792229338615e-14 -4.104121607394040899e-14 3.159559360858367486e-14 6.553453253995923866e-14 4.350597414373006060e-14 6.605430470727522045e-14 -2.269692255303083906e-14
-1.711497458565662210e-13 4.288744780976136467e-12 1.891954724380625375e-13 -1.962310148892957168e-13 2.046749687890694568e-13 -2.036277526068187558e-14 9.129618626315987706e-16 6.350882169330053221e-14 4.759673426645100616e-14 7.255475896218068195e-14 5.987576470568558091e-14 7.880177675982610165e-14 1.522641850113480072e-13 4.382237862404969063e-14 1.196557950967766587e-14 5.801615260661637853e-14 2.789562588050921445e-14 -1.011518685690506592e-14 4.076922578793133691e-14 3.659594866069933824e-14 3.338529798732742084e-14 7.223009676130738884e-15 1.409940008529119487e-14 4.298411960503201127e-14 5.841713820853687247e-14 7.010476011717207293e-14
-2.679857380357533467e-13 1.891954724380625375e-13 3.187577420036763816e-12 3.959693488134457180e-13 2.437200225956556524e-14 -1.923316456021433095e-13 -4.756504162851164115e-15 -3.124837392790252639e-14 6.045948793193958592e-14 1.696051938692843818e-14 -1.449025731471392610e-14 -8.251043792836184051e-14 -6.121803729575719050e-14 -4.456699531288923883e-15 6.262771160537497664e-16 -2.724455214384886827e-14 -4.711853157289099673e-15 1.103032115005672100e-14 -3.608954753151509901e-15 -4.330461921761698584e-15 1.451650263615606958e-14 5.750218534183559307e-14 2.131166925233227080e-14 -1.433316244819825868e-16 3.687644906392591626e-14 2.706525347539434715e-14
7.253326557073355088e-13 -1.962310148892957168e-13 3.959693488134457180e-13 2.656376009079075182e-12 2.572591581981830832e-13 1.770342422193920729e-13 3.215703232281212675e-13 -1.205344050855065653e-13 -7.381452296066260183e-14 3.987197043478973301e-17 -9.121552149642308071e-14 -4.323116029666770493e-14 -3.069863879951114924e-14 7.025233974024574796e-14 -4.507732051417140821e-14 -1.785973085657692768e-14 -2.317599258414000599e-14 -1.696453485698439173e-14 1.896144360428444958e-14 6.049632854814244804e-14 5.058437820588066588e-14 5.870798147869860711e-14 3.678217524175292637e-14 4.652523056092466211e-15 -1.975417381220966466e-14 3.730510737662365771e-14
1.336693085719174903e-13 2.046749687890694568e-13 2.437200225956556524e-14 2.572591581981830832e-13 1.511353453587587117e-12 2.779654229454296806e-13 6.258254232765378711e-14 5.555979237931101665e-14 9.594871369964560463e-14 8.162545329302092520e-14 1.854083616087076365e-14 4.178349186299404793e-14 3.272123817580656641e-14 1.508797616902550610e-14 -2.052954530570409083e-14 -1.205633441051867448e-14 -6.718540254349448167e-15 -2.867490463682842550e-14 5.512828749057721737e-15 1.185283802945821654e-14 5.823495763194467030e-15 -2.499775157956493857e-14 -2.229779220997981323e-14 5.541087533670493201e-15 -5.400161821531824542e-15 3.622622697472042367e-15
1.240696859372443241e-13 -2.036277526068187558e-14 -1.923316456021433095e-13 1.770342422193920729e-13 2.779654229454296806e-13 9.616420735059451217e-13 1.335629651783933115e-13 3.600745637627166964e-14 -1.066256751221064590e-14 -1.498377345664420334e-14 3.488649129496768823e-15 4.049123035550514529e-15 1.454442233837986839e-14 3.313984618991344834e-14 -1.295350796225633044e-14 -7.927618909678229183e-17 1.586843838417349055e-14 7.797871900519874217e-17 2.312939514428622208e-14 2.873372315688962839e-14 1.373921687256810256e-14 4.868250350650647060e-15 4.696557334732733555e-15 1.100609958969033145e-14 1.796199988108852985e-14 3.576524110365603300e-14
7.053939350175160603e-14 9.129618626315987706e-16 -4.756504162851164115e-15 3.215703232281212675e-13 6.258254232765378711e-14 1.335629651783933115e-13 7.502192899470101781e-13 1.326506938981262088e-13 6.531437355337855685e-14 8.760895806530400406e-14 -2.335568891664321470e-14 2.515082760849426622e-14 -5.462171578298485284e-15 5.937390401689055440e-14 2.643283342307849359e-14 -5.470820280058290874e-16 2.691571149781498409e-14 1.125340495714395285e-14 -1.532777901342427809e-14 -1.707137184299961166e-15 -2.349227107504454700e-14 -6.885745624724102523e-15 -2.065005465958219275e-14 -1.922356599164319335e-14 -2.152987817796623517e-14 -7.089783833261644714e-15
-1.100121539159381299e-13 6.350882169330053221e-14 -3.124837392790252639e-14 -1.205344050855065653e-13 5.555979237931101665e-14 3.600745637627166964e-14 1.326506938981262088e-13 4.686248410974446752e-13 1.359603641803306175e-13 5.390724183666560996e-14 -1.411832817228873036e-15 -1.868255774920411904e-14 3.404753467323400197e-15 1.326919042513879661e-15 -6.811667952604391226e-15 -1.046139740639205119e-14 -1.488589345669764637e-14 -1.043987088385718945e-14 -3.929488247711035083e-15 -1.393152265959287277e-14 -2.457757296111525150e-15 -1.232716345268256163e-14 -4.693529247064438442e-15 4.568435175801066575e-16 -7.742842844918670501e-15 -4.541819540889955201e-15
-1.813165559066980183e-13 4.759673426645100616e-14 6.045948793193958592e-14 -7.381452296066260183e-14 9.594871369964560463e-14 -1.066256751221064590e-14 6.531437355337855685e-14 1.359603641803306175e-13 3.872230227734401903e-13 1.042803211474943559e-13 2.623017535985311629e-14 1.134093886417170339e-14 1.122918322198797069e-14 6.111488675641984153e-15 -1.821883058476084120e-14 -9.678002325848013894e-16 -6.380113274602764804e-15 4.460427767405599966e-15 -7.202062240377169896e-15 -6.515217263148028221e-15 4.962568169995635262e-15 9.121070319781056057e-15 1.527792059332005312e-14 3.581759951156626534e-16 -1.994519480052677380e-15 1.362653007539619292e-14
1.031388329520444181e-13 7.255475896218068195e-14 1.696051938692843818e-14 3.987197043478973301e-17 8.162545329302092520e-14 -1.498377345664420334e-14 8.760895806530400406e-14 5.390724183666560996e-14 1.042803211474943559e-13 2.325264815156518084e-13 6.555752205657598551e-14 2.309053045008329113e-14 1.112539121026954637e-14 6.904589258893190857e-15 -2.253307365366636425e-16 6.435661349953483919e-15 4.558164426229181654e-15 -8.292499752481451706e-15 -4.878230979607460655e-15 -1.788761422857317664e-14 -1.528879035543821659e-14 -2.232364514392086260e-14 -5.927192941860761398e-15 -7.523174351065114015e-15 -1.314397399669341432e-14 -1.448676927115977330e-14
5.775493058667708181e-14 5.987576470568558091e-14 -1.449025731471392610e-14 -9.121552149642308071e-14 1.854083616087076365e-14 3.488649129496768823e-15 -2.335568891664321470e-14 -1.411832817228873036e-15 2.623017535985311629e-14 6.555752205657598551e-14 2.212210111764066321e-13 7.067157540115334355e-14 3.152895905420455490e-14 5.133761625158873949e-15 7.659219407505520006e-15 9.066204435507465218e-15 1.075347415410777467e-14 -2.942038145042486388e-15 -3.534927649593620733e-16 -1.220978470144225715e-14 -1.059755512869153561e-14 -1.385143884950578527e-14 -7.906626792292211907e-16 -5.006536985003620130e-15 -1.262351799131492388e-14 -1.136732722434334012e-14
3.359646252505289034e-14 7.880177675982610165e-14 -8.251043792836184051e-14 -4.323116029666770493e-14 4.178349186299404793e-14 4.049123035550514529e-15 2.515082760849426622e-14 -1.868255774920411904e-14 1.134093886417170339e-14 2.309053045008329113e-14 7.067157540115334355e-14 1.383784567076606501e-13 6.553503609145793481e-14 2.801285158860753558e-14 2.082125992983354586e-14 2.072052648392224059e-14 8.455906036257219163e-15 3.516799060710846550e-15 -7.890038541571628630e-16 -7.546141569453750604e-15 3.314747574078252829e-15 3.008611985216685723e-15 5.094877070408279896e-15 -6.148015264542662746e-15 -9.201004814477432644e-15 -1.036226170909862324e-14
4.728773663051904379e-14 1.522641850113480072e-13 -6.121803729575719050e-14 -3.069863879951114924e-14 3.272123817580656641e-14 1.454442233837986839e-14 -5.462171578298485284e-15 3.404753467323400197e-15 1.122918322198797069e-14 1.112539121026954637e-14 3.152895905420455490e-14 6.553503609145793481e-14 1.349203277605113320e-13 5.947564764363807230e-14 2.724448730929628635e-14 2.321147499856395047e-14 9.737225573029139761e-15 5.732612853689029492e-16 1.831852128832182216e-14 1.145608391376749778e-14 1.562548013766192516e-14 8.148690741032050306e-15 -1.309598566549361751e-15 -9.702878196274307697e-15 -5.986181864193002627e-15 -3.480261406429240654e-16
5.703917111521283871e-14 4.382237862404969063e-14 -4.456699531288923883e-15 7.025233974024574796e-14 1.508797616902550610e-14 3.313984618991344834e-14 5.937390401689055440e-14 1.326919042513879661e-15 6.111488675641984153e-15 6.904589258893190857e-15 5.133761625158873949e-15 2.801285158860753558e-14 5.947564764363807230e-14 1.008185773741977895e-13 3.960363904012620920e-14 2.006048451008248142e-14 1.266017476473672626e-14 1.341725695204685382e-14 1.813679575218256983e-14 1.171369756886373407e-14 8.970214887959309312e-15 5.281057352041392511e-15 -9.473046283996199202e-16 -6.734984244979706219e-15 -3.409115034237254900e-15 1.979375062898221256e-15
-1.909823164675660156e-14 1.196557950967766587e-14 6.262771160537497664e-16 -4.507732051417140821e-14 -2.052954530570409083e-14 -1.295350796225633044e-14 2.643283342307849359e-14 -6.811667952604391226e-15 -1.821883058476084120e-14 -2.253307365366636425e-16 7.659219407505520006e-15 2.082125992983354586e-14 2.724448730929628635e-14 3.960363904012620920e-14 9.509376531440633157e-14 5.581825569053772460e-14 3.681722878532843191e-14 2.787904612288994932e-14 1.243222895535250630e-14 1.662224521442340652e-15 -2.305604347812668412e-15 -5.470806412071847027e-15 -8.479061254901187223e-15 -4.029923090850401574e-15 -2.838315606893621498e-15 -1.930397373092616816e-15
-1.307419352242201016e-14 5.801615260661637853e-14 -2.724455214384886827e-14 -1.785973085657692768e-14 -1.205633441051867448e-14 -7.927618909678229183e-17 -5.470820280058290874e-16 -1.046139740639205119e-14 -9.678002325848013894e-16 6.435661349953483919e-15 9.066204435507465218e-15 2.072052648392224059e-14 2.321147499856395047e-14 2.006048451008248142e-14 5.581825569053772460e-14 8.755087327348293338e-14 4.700021670041470471e-14 2.430293003615148908e-14 8.204537494614013765e-15 6.312217026354981007e-15 7.086634509820615907e-15 3.586025738267608197e-15 -3.378806860293655391e-15 -5.311538715359075835e-15 -7.580670763878079692e-15 -2.672357360580821702e-15
-6.798067541662407854e-14 2.789562588050921445e-14 -4.711853157289099673e-15 -2.317599258414000599e-14 -6.718540254349448167e-15 1.586843838417349055e-14 2.691571149781498409e-14 -1.488589345669764637e-14 -6.380113274602764804e-15 4.558164426229181654e-15 1.075347415410777467e-14 8.455906036257219163e-15 9.737225573029139761e-15 1.266017476473672626e-14 3.681722878532843191e-14 4.700021670041470471e-14 8.613999668658767653e-14 4.588562926710888812e-14 2.146766639541311411e-14 2.522491847331856582e-14 1.960366178444379548e-14 2.084494113550570761e-14 1.931818563091075889e-15 2.206640566877649286e-15 8.374044608052079225e-16 1.055617683226103319e-14
-6.332807318380640198e-14 -1.011518685690506592e-14 1.103032115005672100e-14 -1.696453485698439173e-14 -2.867490463682842550e-14 7.797871900519874217e-17 1.125340495714395285e-14 -1.043987088385718945e-14 4.460427767405599966e-15 -8.292499752481451706e-15 -2.942038145042486388e-15 3.516799060710846550e-15 5.732612853689029492e-16 1.341725695204685382e-14 2.787904612288994932e-14 2.430293003615148908e-14 4.588562926710888812e-14 7.653706365978745860e-14 3.415353223685288026e-14 2.569365518132970430e-14 1.754198236236479663e-14 1.790135387040807043e-14 -1.943020628142679114e-15 2.896227620601176068e-15 -2.406871992697517790e-15 7.050666570652858594e-15
-2.487710456119492967e-14 4.076922578793133691e-14 -3.608954753151509901e-15 1.896144360428444958e-14 5.512828749057721737e-15 2.312939514428622208e-14 -1.532777901342427809e-14 -3.929488247711035083e-15 -7.202062240377169896e-15 -4.878230979607460655e-15 -3.534927649593620733e-16 -7.890038541571628630e-16 1.831852128832182216e-14 1.813679575218256983e-14 1.243222895535250630e-14 8.204537494614013765e-15 2.146766639541311411e-14 3.415353223685288026e-14 6.655838468366489922e-14 5.040143890322511721e-14 3.591376077419091339e-14 2.320892861257711558e-14 2.652922445181006184e-15 4.185707423285889266e-15 4.172683268221150209e-15 9.299835238277194181e-15
-1.082743792229338615e-14 3.659594866069933824e-14 -4.330461921761698584e-15 6.049632854814244804e-14 1.185283802945821654e-14 2.873372315688962839e-14 -1.707137184299961166e-15 -1.393152265959287277e-14 -6.515217263148028221e-15 -1.788761422857317664e-14 -1.220978470144225715e-14 -7.546141569453750604e-15 1.145608391376749778e-14 1.171369756886373407e-14 1.662224521442340652e-15 6.312217026354981007e-15 2.522491847331856582e-14 2.569365518132970430e-14 5.040143890322511721e-14 8.404368172355395155e-14 5.475831874291087283e-14 3.778423081283795994e-14 1.133729698035872463e-14 1.039242134273333827e-14 4.788908166419131861e-15 1.228640512571747697e-14
-4.104121607394040899e-14 3.338529798732742084e-14 1.451650263615606958e-14 5.058437820588066588e-14 5.823495763194467030e-15 1.373921687256810256e-14 -2.349227107504454700e-14 -2.457757296111525150e-15 4.962568169995635262e-15 -1.528879035543821659e-14 -1.059755512869153561e-14 3.314747574078252829e-15 1.562548013766192516e-14 8.970214887959309312e-15 -2.305604347812668412e-15 7.086634509820615907e-15 1.960366178444379548e-14 1.754198236236479663e-14 3.591376077419091339e-14 5.475831874291087283e-14 7.656610630462045881e-14 6.130603060566703264e-14 3.635549319029013164e-14 2.216364868347002220e-14 1.192499235965650482e-14 1.555628158090354169e-14
3.159559360858367486e-14 7.223009676130738884e-15 5.750218534183559307e-14 5.870798147869860711e-14 -2.499775157956493857e-14 4.868250350650647060e-15 -6.885745624724102523e-15 -1.232716345268256163e-14 9.121070319781056057e-15 -2.232364514392086260e-14 -1.385143884950578527e-14 3.008611985216685723e-15 8.148690741032050306e-15 5.281057352041392511e-15 -5.470806412071847027e-15 3.586025738267608197e-15 2.084494113550570761e-14 1.790135387040807043e-14 2.320892861257711558e-14 3.778423081283795994e-14 6.130603060566703264e-14 9.769529779333981513e-14 6.669378430144387541e-14 3.383669640130175857e-14 1.406202247415853945e-14 1.601801154825135160e-14
6.553453253995923866e-14 1.409940008529119487e-14 2.131166925233227080e-14 3.678217524175292637e-14 -2.229779220997981323e-14 4.696557334732733555e-15 -2.065005465958219275e-14 -4.693529247064438442e-15 1.527792059332005312e-14 -5.927192941860761398e-15 -7.906626792292211907e-16 5.094877070408279896e-15 -1.309598566549361751e-15 -9.473046283996199202e-16 -8.479061254901187223e-15 -3.378806860293655391e-15 1.931818563091075889e-15 -1.943020628142679114e-15 2.652922445181006184e-15 1.133729698035872463e-14 3.635549319029013164e-14 6.669378430144387541e-14 8.436809852930981405e-14 4.571841978679203277e-14 2.053245201804104598e-14 1.154575545107048357e-14
4.350597414373006060e-14 4.298411960503201127e-14 -1.433316244819825868e-16 4.652523056092466211e-15 5.541087533670493201e-15 1.100609958969033145e-14 -1.922356599164319335e-14 4.568435175801066575e-16 3.581759951156626534e-16 -7.523174351065114015e-15 -5.006536985003620130e-15 -6.148015264542662746e-15 -9.702878196274307697e-15 -6.734984244979706219e-15 -4.029923090850401574e-15 -5.311538715359075835e-15 2.206640566877649286e-15 2.896227620601176068e-15 4.185707423285889266e-15 1.039242134273333827e-14 2.216364868347002220e-14 3.383669640130175857e-14 4.571841978679203277e-14 7.085619106388779836e-14 4.742161859662142894e-14 3.219399760288175874e-14
6.605430470727522045e-14 5.841713820853687247e-14 3.687644906392591626e-14 -1.975417381220966466e-14 -5.400161821531824542e-15 1.796199988108852985e-14 -2.152987817796623517e-14 -7.742842844918670501e-15 -1.994519480052677380e-15 -1.314397399669341432e-14 -1.262351799131492388e-14 -9.201004814477432644e-15 -5.986181864193002627e-15 -3.409115034237254900e-15 -2.838315606893621498e-15 -7.580670763878079692e-15 8.374044608052079225e-16 -2.406871992697517790e-15 4.172683268221150209e-15 4.788908166419131861e-15 1.192499235965650482e-14 1.406202247415853945e-14 2.053245201804104598e-14 4.742161859662142894e-14 7.219323002861110650e-14 5.385137616602589124e-14
-2.269692255303083906e-14 7.010476011717207293e-14 2.706525347539434715e-14 3.730510737662365771e-14 3.622622697472042367e-15 3.576524110365603300e-14 -7.089783833261644714e-15 -4.541819540889955201e-15 1.362653007539619292e-14 -1.448676927115977330e-14 -1.136732722434334012e-14 -1.036226170909862324e-14 -3.480261406429240654e-16 1.979375062898221256e-15 -1.930397373092616816e-15 -2.672357360580821702e-15 1.055617683226103319e-14 7.050666570652858594e-15 9.299835238277194181e-15 1.228640512571747697e-14 1.555628158090354169e-14 1.601801154825135160e-14 1.154575545107048357e-14 3.219399760288175874e-14 5.385137616602589124e-14 8.655366033376810132e-14
