6.874643461294462873e-12 -7.492525052464849140e-14 1.218476911999698264e-13 -1.602374282141698191e-13 1.543985338738377681e-13 -1.687186250365357719e-13 -2.742278161535186665e-13 1.091586598926788063e-13 7.971801846168097452e-14 -7.178796640370311771e-14 -9.979408433481789372e-14 -1.050248770636159926e-13 -4.126291437330044552e-14 -3.505628714176531969e-14 5.180486317403785955e-15 7.502126733237390576e-14 1.877149039893459521e-15 -7.064786004146247963e-14 1.104148825517117551e-14 -2.549808048769356505e-14 -1.133947120448320324e-14 -6.040385471288406631e-15 -2.398888801759002240e-14 1.511788336536333792e-14 2.520094903768889825e-14 1.020739041848027476e-14
-7.492525052464849140e-14 4.451192980092645928e-12 7.425759973890955414e-13 2.196625543877585343e-13 3.432215755141660212e-14 1.718623378669793281e-13 1.955630075256583319e-13 -2.559510083818365207e-14 -5.045245501819718019e-14 8.747080676418077830e-14 3.735965924535239232e-14 2.353344570901695449e-14 -6.388650833481566959e-14 -5.444603568689878257e-14 -8.210023673890566699e-16 5.880937741075638586e-14 8.988894661239060946e-14 3.709095207952607935e-14 1.914251004227629316e-14 3.270138432851098136e-14 -3.982459732545015637e-15 7.664175888222301732e-15 -9.603936122797080999e-15 -5.315189617841456829e-15 2.012882552957069889e-14 5.660828668214854520e-14
1.218476911999698264e-13 7.425759973890955414e-13 3.483936703345799680e-12 4.772256516497746644e-13 -1.706008212534297295e-13 1.582055428356717313e-13 1.238703335734239923e-13 -1.069907863735629146e-13 -5.999999085572617407e-15 8.503893210668105503e-14 -3.288212829593272116e-14 5.404477078060658222e-14 1.567250999785109905e-14 -3.490286131098978603e-14 4.730850311930041342e-14 4.693054325156977814e-15 4.790476024255420953e-14 6.016277388688538476e-14 2.129659904548491039e-14 -6.137936231784235883e-14 -4.701532938542869109e-14 -1.050582846000754235e-14 -1.493362635941661164e-14 -2.007913096422402195e-14 1.347207560829360137e-15 -3.583466982669938763e-15
-1.602374282141698191e-13 2.196625543877585343e-13 4.772256516497746644e-13 2.329544866905284211e-12 1.164324416820840960e-14 7.873804859898780176e-14 1.069570830651274041e-13 -2.460592851586918009e-14 -9.236481158081412207e-14 1.659338819881740043e-14 9.918691872925589977e-16 -5.652223716031832718e-15 -3.480192531154416952e-14 -2.149391682482116226e-15 -1.234366866002697896e-14 3.480036980157409990e-16 3.014309541127131118e-15 -7.049690504774102071e-15 -7.032397995490804812e-15 -2.208801834973026226e-14 1.084193843668928085e-14 2.014787813785999220e-14 -2.781517768017106007e-16 1.023061649870532663e-14 2.880342849724748661e-14 3.716984824081861381e-16
1.543985338738377681e-13 3.432215755141660212e-14 -1.706008212534297295e-13 1.164324416820840960e-14 1.363748206530633841e-12 8.531705176805039207e-14 -3.371060342550242248e-14 7.065889118909671447e-14 -2.202891244364911790e-14 1.930535580540272706e-14 4.323129485966251225e-14 -5.002182514173495819e-14 -5.531720781627023942e-14 -4.101258180522208486e-14 1.072023433463335980e-14 2.963174345601882800e-14 1.140526160859223036e-14 -3.471539592817598001e-14 -3.385755528893071200e-14 -2.183459363615414828e-14 2.082101966297218425e-14 -4.751988022448999446e-15 -2.181134088599803662e-14 -9.914999079881547561e-15 5.256993544464168999e-15 6.804362709779608333e-15
-1.687186250365357719e-13 1.718623378669793281e-13 1.582055428356717313e-13 7.873804859898780176e-14 8.531705176805039207e-14 7.904245004723350246e-13 8.858864222574806907e-14 5.736720593726185033e-15 -2.139587250331226666e-14 1.419280761418616140e-14 -1.527678090286365457e-14 -2.691432385054875529e-14 -5.690681810610869506e-15 1.437053010885055749e-14 2.362461189867719777e-14 2.454490628202604624e-14 -6.140035265499353234e-15 -1.148079881022769220e-14 -5.442001175212817577e-15 4.200356454321497509e-16 -8.420738070477697869e-15 -3.414254081335756741e-15 -4.445817929965725480e-16 -1.227090462821773309e-15 7.523648596083532942e-15 1.735661515838594177e-14
-2.742278161535186665e-13 1.955630075256583319e-13 1.238703335734239923e-13 1.069570830651274041e-13 -3.371060342550242248e-14 8.858864222574806907e-14 6.562164725972552841e-13 5.459495505289316321e-14 7.257704633098767764e-14 8.548785165379877924e-14 2.509916260742971063e-14 4.725413417642686182e-14 3.269320147252185278e-14 -2.825472063155712388e-15 1.255549411117129680e-14 -1.460934311426268277e-14 -1.227159433418670836e-14 8.411522411052062196e-15 -4.705402282140200031e-15 1.505488346725890317e-14 1.938894711991502258e-16 3.061890846534237024e-15 -6.326897041793874491e-15 -1.876980368529991067e-14 -1.511291687453579403e-14 -5.327495474935216886e-16
1.091586598926788063e-13 -2.559510083818365207e-14 -1.069907863735629146e-13 -2.460592851586918009e-14 7.065889118909671447e-14 5.736720593726185033e-15 5.459495505289316321e-14 5.026464977219533605e-13 7.639865443795499866e-14 5.064062095720753446e-14 3.374951108140498753e-14 -2.971477404872304711e-15 3.662104394840848500e-14 -1.217669111160639775e-14 -2.594922364757294180e-14 -1.760251501523312538e-14 -1.555580304336708899e-14 1.066560167221906108e-15 -1.099958615968523427e-14 -1.623524163441755048e-14 -1.365497253688903061e-14 -1.211482340957605282e-14 -9.613783613209239139e-15 5.002155526120406158e-17 1.399266142851392036e-15 4.806886617381153091e-15
7.971801846168097452e-14 -5.045245501819718019e-14 -5.999999085572617407e-15 -9.236481158081412207e-14 -2.202891244364911790e-14 -2.139587250331226666e-14 7.257704633098767764e-14 7.639865443795499866e-14 2.999639959937419512e-13 3.341529315146086441e-14 5.149921115535335514e-14 3.134330590970634972e-14 1.052111587330462512e-14 -1.083199420896318311e-14 1.332432215272275336e-14 7.475732553773009719e-15 6.514201094663711580e-15 1.335882939355529068e-14 1.186646605026631436e-14 7.796683690959278170e-15 1.132431103009448090e-15 -4.510457824443965798e-15 -2.799960560992819060e-15 -1.051899668350999533e-15 6.255413809566178981e-17 -1.684697612393957509e-14
-7.178796640370311771e-14 8.747080676418077830e-14 8.503893210668105503e-14 1.659338819881740043e-14 1.930535580540272706e-14 1.419280761418616140e-14 8.548785165379877924e-14 5.064062095720753446e-14 3.341529315146086441e-14 2.076022213324508167e-13 6.843890146621615016e-14 3.167568494509424394e-14 7.113843199950085476e-15 1.495591523837913729e-14 1.019130079532218856e-14 -4.298109951591688544e-15 -2.334823771199962409e-15 1.482715993942319056e-15 -4.070937635051788987e-15 2.321989033430300674e-16 -7.223673018310344688e-15 -7.765997329290783342e-15 -1.111313282677132196e-14 -4.576090345197325382e-16 1.389825837437913890e-16 -8.347628597976448101e-16
-9.979408433481789372e-14 3.735965924535239232e-14 -3.288212829593272116e-14 9.918691872925589977e-16 4.323129485966251225e-14 -1.527678090286365457e-14 2.509916260742971063e-14 3.374951108140498753e-14 5.149921115535335514e-14 6.843890146621615016e-14 1.946278363064271349e-13 5.910640043444644258e-14 2.992392129050704773e-14 5.626243843141968879e-15 7.874403602057976842e-15 4.445823441473980588e-15 2.851252566577559963e-15 3.177403866018139397e-15 -7.061760545044725745e-15 -1.084180916364586455e-14 -5.345448311774260613e-15 -6.401004166948247924e-15 -9.015247423639863758e-15 5.254657441971155677e-15 9.160500743417342600e-15 2.807037199038945194e-17
-1.050248770636159926e-13 2.353344570901695449e-14 5.404477078060658222e-14 -5.652223716031832718e-15 -5.002182514173495819e-14 -2.691432385054875529e-14 4.725413417642686182e-14 -2.971477404872304711e-15 3.134330590970634972e-14 3.167568494509424394e-14 5.910640043444644258e-14 1.518184205452834628e-13 5.702484860840652853e-14 2.224706627377598005e-14 1.953070819037216577e-14 -1.707444888920050308e-15 -6.183368755222754164e-15 9.049624827007373753e-15 -9.651101364037507584e-16 -3.546827686521663887e-15 -5.628904540300266087e-15 -5.904338784771365464e-15 -3.824485926928935202e-15 8.621359468067494141e-16 2.538849849670863027e-15 -2.503374467929833223e-15
-4.126291437330044552e-14 -6.388650833481566959e-14 1.567250999785109905e-14 -3.480192531154416952e-14 -5.531720781627023942e-14 -5.690681810610869506e-15 3.269320147252185278e-14 3.662104394840848500e-14 1.052111587330462512e-14 7.113843199950085476e-15 2.992392129050704773e-14 5.702484860840652853e-14 1.338442909616537913e-13 4.986839762202394055e-14 1.738678707579743818e-14 3.273331172825139739e-15 -4.306449137247394267e-15 9.153118077426354975e-15 1.216919755735683738e-14 -2.439460400920963484e-15 -2.028909964283071154e-16 3.783676685301977323e-15 7.964944775187629321e-15 4.994062525056150408e-15 -1.710193731026454773e-15 4.885588923288421284e-16
-3.505628714176531969e-14 -5.444603568689878257e-14 -3.490286131098978603e-14 -2.149391682482116226e-15 -4.101258180522208486e-14 1.437053010885055749e-14 -2.825472063155712388e-15 -1.217669111160639775e-14 -1.083199420896318311e-14 1.495591523837913729e-14 5.626243843141968879e-15 2.224706627377598005e-14 4.986839762202394055e-14 1.000852879030732117e-13 3.458043695468638406e-14 1.636346834371251464e-14 7.226941593104706806e-15 5.068217591912776858e-15 6.360547184695898951e-15 3.543616868361583088e-16 -4.885782219739327894e-16 2.304955432825985943e-16 3.442258016567065888e-15 -3.192578805455189427e-15 -1.943761353235716143e-15 4.110877484656394094e-16
5.180486317403785955e-15 -8.210023673890566699e-16 4.730850311930041342e-14 -1.234366866002697896e-14 1.072023433463335980e-14 2.362461189867719777e-14 1.255549411117129680e-14 -2.594922364757294180e-14 1.332432215272275336e-14 1.019130079532218856e-14 7.874403602057976842e-15 1.953070819037216577e-14 1.738678707579743818e-14 3.458043695468638406e-14 9.518192351297432791e-14 4.435021852403540232e-14 1.831463920816774658e-14 5.589128050719304397e-15 -4.384165760452762430e-17 -1.334025393427972134e-15 2.010480142803713279e-15 8.079329516501364382e-16 2.891357465603829806e-15 -1.275223071617705700e-15 -3.715523806404249898e-15 -3.687966990425301342e-15
7.502126733237390576e-14 5.880937741075638586e-14 4.693054325156977814e-15 3.480036980157409990e-16 2.963174345601882800e-14 2.454490628202604624e-14 -1.460934311426268277e-14 -1.760251501523312538e-14 7.475732553773009719e-15 -4.298109951591688544e-15 4.445823441473980588e-15 -1.707444888920050308e-15 3.273331172825139739e-15 1.636346834371251464e-14 4.435021852403540232e-14 8.164625545820406032e-14 3.828241956511228748e-14 1.668025321969494417e-14 6.793378704287179168e-15 6.755324850358515393e-15 1.011984813327398032e-14 3.315745546011350350e-15 2.612733004215963776e-15 3.030472023834656161e-15 3.455114784523113246e-15 2.347206013327985706e-15
1.877149039893459521e-15 8.988894661239060946e-14 4.790476024255420953e-14 3.014309541127131118e-15 1.140526160859223036e-14 -6.140035265499353234e-15 -1.227159433418670836e-14 -1.555580304336708899e-14 6.514201094663711580e-15 -2.334823771199962409e-15 2.851252566577559963e-15 -6.183368755222754164e-15 -4.306449137247394267e-15 7.226941593104706806e-15 1.831463920816774658e-14 3.828241956511228748e-14 6.239319911449153379e-14 3.216018086573830137e-14 1.301833492350344583e-14 9.212683954691717619e-15 2.949944324223564421e-15 2.812305783440047387e-15 1.675066872498887501e-15 -9.851433621291267642e-16 4.214701261948307565e-15 4.145515279253049325e-15
-7.064786004146247963e-14 3.709095207952607935e-14 6.016277388688538476e-14 -7.049690504774102071e-15 -3.471539592817598001e-14 -1.148079881022769220e-14 8.411522411052062196e-15 1.066560167221906108e-15 1.335882939355529068e-14 1.482715993942319056e-15 3.177403866018139397e-15 9.049624827007373753e-15 9.153118077426354975e-15 5.068217591912776858e-15 5.589128050719304397e-15 1.668025321969494417e-14 3.216018086573830137e-14 5.582860764391280554e-14 2.861780028552715754e-14 1.332029096399528542e-14 4.451242126164954029e-15 4.530082411159170360e-15 5.308801665282880293e-15 1.534783809869990958e-15 3.656627556604547879e-15 4.774625714640808777e-15
1.104148825517117551e-14 1.914251004227629316e-14 2.129659904548491039e-14 -7.032397995490804812e-15 -3.385755528893071200e-14 -5.442001175212817577e-15 -4.705402282140200031e-15 -1.099958615968523427e-14 1.186646605026631436e-14 -4.070937635051788987e-15 -7.061760545044725745e-15 -9.651101364037507584e-16 1.216919755735683738e-14 6.360547184695898951e-15 -4.384165760452762430e-17 6.793378704287179168e-15 1.301833492350344583e-14 2.861780028552715754e-14 4.964236975152051493e-14 2.861606705240883580e-14 1.723041385126879044e-14 1.408608356554272887e-14 9.593063860945983678e-15 6.947557412296157261e-15 7.260635573214442125e-15 7.690591042259781212e-15
-2.549808048769356505e-14 3.270138432851098136e-14 -6.137936231784235883e-14 -2.208801834973026226e-14 -2.183459363615414828e-14 4.200356454321497509e-16 1.505488346725890317e-14 -1.623524163441755048e-14 7.796683690959278170e-15 2.321989033430300674e-16 -1.084180916364586455e-14 -3.546827686521663887e-15 -2.439460400920963484e-15 3.543616868361583088e-16 -1.334025393427972134e-15 6.755324850358515393e-15 9.212683954691717619e-15 1.332029096399528542e-14 2.861606705240883580e-14 5.754708079386471966e-14 3.308399602049260844e-14 2.510784885908555771e-14 1.800921003283262499e-14 1.162343708075903243e-14 6.201461785779927125e-15 9.254413849629696595e-15
-1.133947120448320324e-14 -3.982459732545015637e-15 -4.701532938542869109e-14 1.084193843668928085e-14 2.082101966297218425e-14 -8.420738070477697869e-15 1.938894711991502258e-16 -1.365497253688903061e-14 1.132431103009448090e-15 -7.223673018310344688e-15 -5.345448311774260613e-15 -5.628904540300266087e-15 -2.028909964283071154e-16 -4.885782219739327894e-16 2.010480142803713279e-15 1.011984813327398032e-14 2.949944324223564421e-15 4.451242126164954029e-15 1.723041385126879044e-14 3.308399602049260844e-14 5.204567496888966625e-14 2.721354296694375357e-14 1.703584424413904546e-14 1.166332288927476609e-14 6.583094866502670530e-15 8.783404534219272124e-15
-6.040385471288406631e-15 7.664175888222301732e-15 -1.050582846000754235e-14 2.014787813785999220e-14 -4.751988022448999446e-15 -3.414254081335756741e-15 3.061890846534237024e-15 -1.211482340957605282e-14 -4.510457824443965798e-15 -7.765997329290783342e-15 -6.401004166948247924e-15 -5.904338784771365464e-15 3.783676685301977323e-15 2.304955432825985943e-16 8.079329516501364382e-16 3.315745546011350350e-15 2.812305783440047387e-15 4.530082411159170360e-15 1.408608356554272887e-14 2.510784885908555771e-14 2.721354296694375357e-14 3.922564489483368567e-14 2.427841247592398761e-14 1.246008121048744435e-14 7.776581488532514765e-15 7.774430436632419371e-15
-2.398888801759002240e-14 -9.603936122797080999e-15 -1.493362635941661164e-14 -2.781517768017106007e-16 -2.181134088599803662e-14 -4.445817929965725480e-16 -6.326897041793874491e-15 -9.613783613209239139e-15 -2.799960560992819060e-15 -1.111313282677132196e-14 -9.015247423639863758e-15 -3.824485926928935202e-15 7.964944775187629321e-15 3.442258016567065888e-15 2.891357465603829806e-15 2.612733004215963776e-15 1.675066872498887501e-15 5.308801665282880293e-15 9.593063860945983678e-15 1.800921003283262499e-14 1.703584424413904546e-14 2.427841247592398761e-14 3.903036678905402068e-14 2.191587588492162490e-14 1.173813777953103626e-14 1.066724477610156072e-14
1.511788336536333792e-14 -5.315189617841456829e-15 -2.007913096422402195e-14 1.023061649870532663e-14 -9.914999079881547561e-15 -1.227090462821773309e-15 -1.876980368529991067e-14 5.002155526120406158e-17 -1.051899668350999533e-15 -4.576090345197325382e-16 5.254657441971155677e-15 8.621359468067494141e-16 4.994062525056150408e-15 -3.192578805455189427e-15 -1.275223071617705700e-15 3.030472023834656161e-15 -9.851433621291267642e-16 1.534783809869990958e-15 6.947557412296157261e-15 1.162343708075903243e-14 1.166332288927476609e-14 1.246008121048744435e-14 2.191587588492162490e-14 3.384223424513707415e-14 2.180530147845304778e-14 1.588673494936088224e-14
2.520094903768889825e-14 2.012882552957069889e-14 1.347207560829360137e-15 2.880342849724748661e-14 5.256993544464168999e-15 7.523648596083532942e-15 -1.511291687453579403e-14 1.399266142851392036e-15 6.255413809566178981e-17 1.389825837437913890e-16 9.160500743417342600e-15 2.538849849670863027e-15 -1.710193731026454773e-15 -1.943761353235716143e-15 -3.715523806404249898e-15 3.455114784523113246e-15 4.214701261948307565e-15 3.656627556604547879e-15 7.260635573214442125e-15 6.201461785779927125e-15 6.583094866502670530e-15 7.776581488532514765e-15 1.173813777953103626e-14 2.180530147845304778e-14 3.244525245607692802e-14 2.176475832039813671e-14
1.020739041848027476e-14 5.660828668214854520e-14 -3.583466982669938763e-15 3.716984824081861381e-16 6.804362709779608333e-15 1.735661515838594177e-14 -5.327495474935216886e-16 4.806886617381153091e-15 -1.684697612393957509e-14 -8.347628597976448101e-16 2.807037199038945194e-17 -2.503374467929833223e-15 4.885588923288421284e-16 4.110877484656394094e-16 -3.687966990425301342e-15 2.347206013327985706e-15 4.145515279253049325e-15 4.774625714640808777e-15 7.690591042259781212e-15 9.254413849629696595e-15 8.783404534219272124e-15 7.774430436632419371e-15 1.066724477610156072e-14 1.588673494936088224e-14 2.176475832039813671e-14 3.564950127182546331e-14
