8.332933312499399012e-12 4.822153535301686746e-14 -9.080016984757034752e-14 5.996825789122091686e-13 7.616291064918488461e-14 -3.104772589655354883e-13 -2.110244837290631286e-13 3.940361301876141027e-14 4.962382231084679701e-14 -1.551238694103398240e-13 3.400773658562443834e-14 2.862573167013382267e-14 1.413848131046724868e-13 -6.699281908048461382e-15 1.578165100358522643e-13 1.393889964381023010e-13 7.640469685892962127e-14 2.491423474693806883e-14 8.586449567527106092e-14 4.582884865149124002e-14 4.780863972930246139e-14 6.200510676398404702e-14 -1.819016827986939680e-14 -3.293550888534750232e-14 -3.478172261421874787e-14 1.540791534242371573e-14
4.822153535301686746e-14 5.198512166239145424e-12 2.169403836839937709e-13 -2.176446150534060014e-15 3.309619787173760417e-13 3.161987823876396202e-13 -4.365508653988582163e-14 9.362037901799992279e-14 -2.189822903955034636e-15 -8.940782908493452114e-14 -7.731203289912982726e-14 -1.632675511087012971e-14 -5.365886255134158728e-14 -7.972516119004192967e-14 2.207281097980626173e-15 -1.716156259351426240e-14 -2.627513497383597158e-14 -3.249683588874581891e-14 -9.416009832451632738e-15 2.479410679496416745e-14 -9.573024019965761431e-16 4.647871056273575046e-14 1.460762439493964554e-14 -2.083370795882181991e-14 6.825432377016018967e-15 -8.465649496303194178e-15
-9.080016984757034752e-14 2.169403836839937709e-13 3.142493072685987308e-12 1.292773898718619868e-13 4.958703266774912552e-13 1.117358598368074985e-13 1.752916079173669758e-13 -1.012856700612251611e-13 1.163371883709561871e-13 -1.803207251589662868e-14 9.725721051277005592e-14 6.337750062126331575e-14 1.227473683431499828e-14 -3.388833611303985288e-14 2.060637876307347664e-14 -2.063316489694052693e-14 -3.618300647194312856e-14 -5.618424166641944409e-14 -2.991263209236891134e-14 -6.407349792643869527e-14 -5.459165747944694752e-14 -1.469869268174595284e-14 4.921961361033402031e-16 5.040696889433532210e-15 1.846639986030453550e-14 2.626423293043128591e-14
5.996825789122091686e-13 -2.176446150534060014e-15 1.292773898718619868e-13 2.625938412320483136e-12 -1.204017043046457211e-14 -9.294538647356875946e-14 4.599763506290068516e-14 1.116443358373900632e-13 -1.528151163482140027e-13 -2.797978295610058709e-14 3.452269253996297288e-14 -7.150938569308394261e-15 2.891852532855370973e-15 3.757301183704426914e-14 9.467665348774623231e-15 3.655744210142623596e-14 -1.563854495230656558e-15 8.576349877037553605e-16 1.838536278610618072e-14 1.286021203647474273e-14 6.850638971778580287e-14 2.463590243549286115e-14 7.867295720725116058e-15 -1.593778935484749337e-15 -7.393894854409902699e-15 3.631465971036624678e-14
7.616291064918488461e-14 3.309619787173760417e-13 4.958703266774912552e-13 -1.204017043046457211e-14 1.690758054320868647e-12 1.976630773694295022e-13 -2.807850051339295278e-14 -4.200987604899929297e-14 8.892250302720040235e-14 1.580445022163315135e-15 -2.835235241009344340e-14 5.930555420670958453e-14 -5.795583328062748431e-14 -3.178853318894197036e-14 -5.889374219871123515e-15 -7.120411579066983226e-15 1.849460034766037616e-14 -3.649188195569829701e-14 -4.442276836368658222e-14 -1.353893030939892273e-14 -1.694716378214747735e-14 1.546578164868740954e-15 -9.020138636084231063e-15 -1.153067102612577500e-15 -1.459244067457963890e-14 -1.403697940265596734e-14
-3.104772589655354883e-13 3.161987823876396202e-13 1.117358598368074985e-13 -9.294538647356875946e-14 1.976630773694295022e-13 1.159685209428540195e-12 1.099278281543519496e-13 6.951846640973856047e-15 4.121625515121579933e-14 -3.488763402633134964e-15 -5.653927331843728192e-14 -3.600347175047466643e-14 -6.616519709586309403e-14 -2.955670132203403978e-14 -1.886986678582152337e-14 -2.122861026254816823e-14 -6.616726123610734343e-15 1.162039636988493824e-15 -1.132788064706201147e-15 7.190810964347336338e-15 1.094146896664908066e-14 2.085325102461566539e-14 8.659117928470400833e-15 1.273441053379124587e-14 2.215278183743810783e-14 1.892221015625252203e-14
-2.110244837290631286e-13 -4.365508653988582163e-14 1.752916079173669758e-13 4.599763506290068516e-14 -2.807850051339295278e-14 1.099278281543519496e-13 6.951311672250709886e-13 9.299567458229437421e-14 7.830294691039667026e-15 6.959011065840564166e-14 4.448867792583608106e-14 -6.843369764229358480e-15 2.903342402623768964e-14 -3.482772638928473871e-16 6.903098474728642077e-15 -1.603293783479985431e-14 -1.058570300695959071e-14 3.113871893841818938e-14 1.223840331087571294e-15 1.962455184334130263e-14 2.619049856842386237e-14 1.515705764996555187e-14 1.680885261920381935e-15 7.534173748404225924e-15 2.783744827235876814e-14 1.811285037464831319e-14
3.940361301876141027e-14 9.362037901799992279e-14 -1.012856700612251611e-13 1.116443358373900632e-13 -4.200987604899929297e-14 6.951846640973856047e-15 9.299567458229437421e-14 4.135207294184206369e-13 6.961351030888770629e-14 1.115672381081348094e-14 -8.757398056058581350e-15 -2.780182246405108135e-15 -5.350423496192260941e-16 3.117586743573618822e-15 3.927942577966456227e-15 9.618854783317398761e-15 -9.093222179998342875e-15 -3.031098513171779511e-15 -6.231849712594420473e-15 2.919596482351472277e-15 9.313091981883912326e-15 -6.756864841749581297e-15 9.782925092434770954e-15 5.269885974355661630e-15 4.616713996719746062e-15 5.964897881138091937e-15
4.962382231084679701e-14 -2.189822903955034636e-15 1.163371883709561871e-13 -1.528151163482140027e-13 8.892250302720040235e-14 4.121625515121579933e-14 7.830294691039667026e-15 6.961351030888770629e-14 3.319087656941741810e-13 3.105263340735777829e-14 8.627383828607156698e-15 2.309539233984488110e-15 9.606697671272058042e-15 9.186922919353194863e-16 5.560895222821934697e-15 -9.277264488349675753e-15 -2.549085213018689698e-14 -8.412760278770840133e-15 -7.609962109228925464e-15 -1.052996897369577507e-14 -6.577795171558406350e-15 8.782790638195880591e-15 1.309231543956445781e-14 8.454351767586281548e-15 6.547317740726886881e-15 1.000963752465218288e-14
-1.551238694103398240e-13 -8.940782908493452114e-14 -1.803207251589662868e-14 -2.797978295610058709e-14 1.580445022163315135e-15 -3.488763402633134964e-15 6.959011065840564166e-14 1.115672381081348094e-14 3.105263340735777829e-14 2.284053903396906423e-13 3.514527711787858140e-14 8.579097467321897469e-15 3.124692312928812201e-14 1.635429593710461292e-14 1.283327658742943597e-14 4.563715357995623538e-15 8.443614033120343273e-15 7.758746417083843094e-15 6.372749672449963859e-15 -2.758232576632567941e-15 4.460147466730933755e-15 1.539317465595163010e-15 4.515305214394763505e-15 3.322476081178342654e-15 -3.838683967165234218e-15 -7.275011198191396390e-15
3.400773658562443834e-14 -7.731203289912982726e-14 9.725721051277005592e-14 3.452269253996297288e-14 -2.835235241009344340e-14 -5.653927331843728192e-14 4.448867792583608106e-14 -8.757398056058581350e-15 8.627383828607156698e-15 3.514527711787858140e-14 1.694912704745585548e-13 5.527996968313938683e-14 3.832169731545328812e-14 2.449709700272149298e-14 2.951461991245393957e-14 1.745315478354605672e-14 9.854006995957356768e-16 3.691163086469853115e-16 3.655525469715515151e-15 4.329919503478530037e-16 1.084130227739005533e-14 4.011347469748847646e-15 8.939388815745403852e-15 9.914339636212186701e-15 5.985733735141984370e-15 3.087588738231653083e-15
2.862573167013382267e-14 -1.632675511087012971e-14 6.337750062126331575e-14 -7.150938569308394261e-15 5.930555420670958453e-14 -3.600347175047466643e-14 -6.843369764229358480e-15 -2.780182246405108135e-15 2.309539233984488110e-15 8.579097467321897469e-15 5.527996968313938683e-14 1.405072396047487697e-13 3.272600876455351546e-14 2.021407516883358374e-14 1.979625992975028249e-14 2.054075144949949504e-14 3.079233026522365066e-15 -9.858558849604252950e-15 -5.232888821730755238e-15 -5.657514265728228981e-15 2.112985412957088573e-15 -3.622610832949626417e-15 -4.582688794634955941e-15 -4.422746826262389762e-15 -7.333321103988681513e-15 -7.037983493507723058e-15
1.413848131046724868e-13 -5.365886255134158728e-14 1.227473683431499828e-14 2.891852532855370973e-15 -5.795583328062748431e-14 -6.616519709586309403e-14 2.903342402623768964e-14 -5.350423496192260941e-16 9.606697671272058042e-15 3.124692312928812201e-14 3.832169731545328812e-14 3.272600876455351546e-14 1.209229906802964115e-13 3.885274574661808947e-14 3.397247098404309459e-14 1.599873969057792204e-14 -1.977806661390825571e-15 4.479555787353340632e-15 4.913778979144738435e-15 -3.377495880837659357e-16 4.291702334011032176e-15 -4.945759354742528661e-15 -1.986585098942151230e-15 -3.325535266949143223e-15 -4.857065276334115813e-17 1.352284204942438583e-16
-6.699281908048461382e-15 -7.972516119004192967e-14 -3.388833611303985288e-14 3.757301183704426914e-14 -3.178853318894197036e-14 -2.955670132203403978e-14 -3.482772638928473871e-16 3.117586743573618822e-15 9.186922919353194863e-16 1.635429593710461292e-14 2.449709700272149298e-14 2.021407516883358374e-14 3.885274574661808947e-14 9.812880807952528943e-14 3.614305068217792913e-14 1.093894376013268279e-14 -3.962329953172980635e-15 -6.583017778157097699e-15 -5.347004687487815113e-15 -3.332018152614277934e-15 -2.695257478149719251e-15 -2.666514744948326898e-16 3.900244922012326926e-15 4.458353348338399937e-15 4.633665032716831754e-16 2.091409324774372687e-15
1.578165100358522643e-13 2.207281097980626173e-15 2.060637876307347664e-14 9.467665348774623231e-15 -5.889374219871123515e-15 -1.886986678582152337e-14 6.903098474728642077e-15 3.927942577966456227e-15 5.560895222821934697e-15 1.283327658742943597e-14 2.951461991245393957e-14 1.979625992975028249e-14 3.397247098404309459e-14 3.614305068217792913e-14 8.469987204280196996e-14 3.092490138860005451e-14 8.194948151569337709e-15 9.053778717551651458e-15 7.215221622568867389e-15 3.155178886493102209e-15 2.238120347669348425e-15 -2.998764638606859210e-15 -4.345501959290520344e-15 -1.340551875961843033e-15 -4.859944431442263184e-15 -3.037440370477896119e-15
1.393889964381023010e-13 -1.716156259351426240e-14 -2.063316489694052693e-14 3.655744210142623596e-14 -7.120411579066983226e-15 -2.122861026254816823e-14 -1.603293783479985431e-14 9.618854783317398761e-15 -9.277264488349675753e-15 4.563715357995623538e-15 1.745315478354605672e-14 2.054075144949949504e-14 1.599873969057792204e-14 1.093894376013268279e-14 3.092490138860005451e-14 6.660093865512907392e-14 3.193834469895275773e-14 8.123360615695408710e-15 3.985548025636129356e-15 8.957149289536467839e-15 8.538233333301684326e-15 2.172440699797712524e-15 7.973254453412610429e-16 -2.657232275238399854e-16 1.701456413822831580e-16 -1.420316446231401640e-15
7.640469685892962127e-14 -2.627513497383597158e-14 -3.618300647194312856e-14 -1.563854495230656558e-15 1.849460034766037616e-14 -6.616726123610734343e-15 -1.058570300695959071e-14 -9.093222179998342875e-15 -2.549085213018689698e-14 8.443614033120343273e-15 9.854006995957356768e-16 3.079233026522365066e-15 -1.977806661390825571e-15 -3.962329953172980635e-15 8.194948151569337709e-15 3.193834469895275773e-14 6.139593760805872052e-14 1.831900968654499543e-14 7.483741606987707916e-15 9.679879510794530364e-15 5.732421785572953467e-15 4.182680404563450867e-16 1.107002153583995512e-15 2.616539706396484338e-15 1.088427476543372321e-15 -1.370994816409410388e-15
2.491423474693806883e-14 -3.249683588874581891e-14 -5.618424166641944409e-14 8.576349877037553605e-16 -3.649188195569829701e-14 1.162039636988493824e-15 3.113871893841818938e-14 -3.031098513171779511e-15 -8.412760278770840133e-15 7.758746417083843094e-15 3.691163086469853115e-16 -9.858558849604252950e-15 4.479555787353340632e-15 -6.583017778157097699e-15 9.053778717551651458e-15 8.123360615695408710e-15 1.831900968654499543e-14 5.698764138651215147e-14 3.798392683220178108e-14 2.057397686150480706e-14 2.069823460151265523e-14 1.147277919811658865e-14 4.166975015688973591e-15 7.065053418714485156e-16 -2.610613080018318998e-16 1.392277674623366683e-15
8.586449567527106092e-14 -9.416009832451632738e-15 -2.991263209236891134e-14 1.838536278610618072e-14 -4.442276836368658222e-14 -1.132788064706201147e-15 1.223840331087571294e-15 -6.231849712594420473e-15 -7.609962109228925464e-15 6.372749672449963859e-15 3.655525469715515151e-15 -5.232888821730755238e-15 4.913778979144738435e-15 -5.347004687487815113e-15 7.215221622568867389e-15 3.985548025636129356e-15 7.483741606987707916e-15 3.798392683220178108e-14 5.923848270724982779e-14 3.155269807917566765e-14 2.449572621429012937e-14 1.444569919224377973e-14 7.274513990296643275e-15 4.769751779680725435e-15 -2.267095139788214598e-16 4.744117408333636984e-15
4.582884865149124002e-14 2.479410679496416745e-14 -6.407349792643869527e-14 1.286021203647474273e-14 -1.353893030939892273e-14 7.190810964347336338e-15 1.962455184334130263e-14 2.919596482351472277e-15 -1.052996897369577507e-14 -2.758232576632567941e-15 4.329919503478530037e-16 -5.657514265728228981e-15 -3.377495880837659357e-16 -3.332018152614277934e-15 3.155178886493102209e-15 8.957149289536467839e-15 9.679879510794530364e-15 2.057397686150480706e-14 3.155269807917566765e-14 5.182746576717145285e-14 3.007679798072321064e-14 1.853236069790478734e-14 9.855789511454273803e-15 6.594948057510534016e-15 5.063379485779777906e-15 4.841408290197260415e-15
4.780863972930246139e-14 -9.573024019965761431e-16 -5.459165747944694752e-14 6.850638971778580287e-14 -1.694716378214747735e-14 1.094146896664908066e-14 2.619049856842386237e-14 9.313091981883912326e-15 -6.577795171558406350e-15 4.460147466730933755e-15 1.084130227739005533e-14 2.112985412957088573e-15 4.291702334011032176e-15 -2.695257478149719251e-15 2.238120347669348425e-15 8.538233333301684326e-15 5.732421785572953467e-15 2.069823460151265523e-14 2.449572621429012937e-14 3.007679798072321064e-14 4.884433756564231033e-14 2.614596585993500880e-14 1.284848213483907049e-14 6.811936428993184578e-15 4.416195188014658310e-15 5.350693751985893721e-15
6.200510676398404702e-14 4.647871056273575046e-14 -1.469869268174595284e-14 2.463590243549286115e-14 1.546578164868740954e-15 2.085325102461566539e-14 1.515705764996555187e-14 -6.756864841749581297e-15 8.782790638195880591e-15 1.539317465595163010e-15 4.011347469748847646e-15 -3.622610832949626417e-15 -4.945759354742528661e-15 -2.666514744948326898e-16 -2.998764638606859210e-15 2.172440699797712524e-15 4.182680404563450867e-16 1.147277919811658865e-14 1.444569919224377973e-14 1.853236069790478734e-14 2.614596585993500880e-14 4.617641581822888441e-14 2.559853787691096981e-14 1.262865750778770353e-14 7.842075062509112449e-15 1.021673246916865362e-14
-1.819016827986939680e-14 1.460762439493964554e-14 4.921961361033402031e-16 7.867295720725116058e-15 -9.020138636084231063e-15 8.659117928470400833e-15 1.680885261920381935e-15 9.782925092434770954e-15 1.309231543956445781e-14 4.515305214394763505e-15 8.939388815745403852e-15 -4.582688794634955941e-15 -1.986585098942151230e-15 3.900244922012326926e-15 -4.345501959290520344e-15 7.973254453412610429e-16 1.107002153583995512e-15 4.166975015688973591e-15 7.274513990296643275e-15 9.855789511454273803e-15 1.284848213483907049e-14 2.559853787691096981e-14 3.904543466990062705e-14 2.081369639168343275e-14 1.010192843129829854e-14 1.338701589031357803e-14
-3.293550888534750232e-14 -2.083370795882181991e-14 5.040696889433532210e-15 -1.593778935484749337e-15 -1.153067102612577500e-15 1.273441053379124587e-14 7.534173748404225924e-15 5.269885974355661630e-15 8.454351767586281548e-15 3.322476081178342654e-15 9.914339636212186701e-15 -4.422746826262389762e-15 -3.325535266949143223e-15 4.458353348338399937e-15 -1.340551875961843033e-15 -2.657232275238399854e-16 2.616539706396484338e-15 7.065053418714485156e-16 4.769751779680725435e-15 6.594948057510534016e-15 6.811936428993184578e-15 1.262865750778770353e-14 2.081369639168343275e-14 3.056355355984039960e-14 1.637039956552916829e-14 1.491439980194969770e-14
-3.478172261421874787e-14 6.825432377016018967e-15 1.846639986030453550e-14 -7.393894854409902699e-15 -1.459244067457963890e-14 2.215278183743810783e-14 2.783744827235876814e-14 4.616713996719746062e-15 6.547317740726886881e-15 -3.838683967165234218e-15 5.985733735141984370e-15 -7.333321103988681513e-15 -4.857065276334115813e-17 4.633665032716831754e-16 -4.859944431442263184e-15 1.701456413822831580e-16 1.088427476543372321e-15 -2.610613080018318998e-16 -2.267095139788214598e-16 5.063379485779777906e-15 4.416195188014658310e-15 7.842075062509112449e-15 1.010192843129829854e-14 1.637039956552916829e-14 2.620750290768036026e-14 1.915430077695570798e-14
1.540791534242371573e-14 -8.465649496303194178e-15 2.626423293043128591e-14 3.631465971036624678e-14 -1.403697940265596734e-14 1.892221015625252203e-14 1.811285037464831319e-14 5.964897881138091937e-15 1.000963752465218288e-14 -7.275011198191396390e-15 3.087588738231653083e-15 -7.037983493507723058e-15 1.352284204942438583e-16 2.091409324774372687e-15 -3.037440370477896119e-15 -1.420316446231401640e-15 -1.370994816409410388e-15 1.392277674623366683e-15 4.744117408333636984e-15 4.841408290197260415e-15 5.350693751985893721e-15 1.021673246916865362e-14 1.338701589031357803e-14 1.491439980194969770e-14 1.915430077695570798e-14 3.205404119471652943e-14
