8.332933312499403859e-12 4.822153535301766894e-14 -9.080016984757078929e-14 5.996825789122112891e-13 7.616291064918566716e-14 -3.104772589655374068e-13 -2.110244837290639111e-13 3.940361301876162484e-14 4.962382231084606494e-14 -1.551238694103382842e-13 3.400773658562577625e-14 2.862573167013608828e-14 1.413848131046727645e-13 -6.699281908048740639e-15 1.578165100358511031e-13 1.393889964381011398e-13 7.640469685892982322e-14 2.491423474693972544e-14 8.586449567527087160e-14 4.582884865149789169e-14 4.780863972930090261e-14 6.200510676398317612e-14 -1.819016827986718799e-14 -3.293550888534596877e-14 -3.478172261422784817e-14 1.540791534241867649e-14
4.822153535301766894e-14 5.198512166239178543e-12 2.169403836839942253e-13 -2.176446150535138387e-15 3.309619787173801311e-13 3.161987823876426494e-13 -4.365508653988445848e-14 9.362037901799882470e-14 -2.189822903953082600e-15 -8.940782908493631343e-14 -7.731203289913006707e-14 -1.632675511087399829e-14 -5.365886255134070375e-14 -7.972516119004369672e-14 2.207281097977645856e-15 -1.716156259351429711e-14 -2.627513497383685826e-14 -3.249683588874568008e-14 -9.416009832454631987e-15 2.479410679497064873e-14 -9.573024019962387078e-16 4.647871056274055304e-14 1.460762439493820981e-14 -2.083370795882525619e-14 6.825432377009314439e-15 -8.465649496310431188e-15
-9.080016984757078929e-14 2.169403836839942253e-13 3.142493072685983269e-12 1.292773898718623150e-13 4.958703266774917600e-13 1.117358598368080917e-13 1.752916079173684904e-13 -1.012856700612212988e-13 1.163371883709550006e-13 -1.803207251589617114e-14 9.725721051276798595e-14 6.337750062126143510e-14 1.227473683431528069e-14 -3.388833611304013056e-14 2.060637876307287395e-14 -2.063316489694077621e-14 -3.618300647194156346e-14 -5.618424166642008780e-14 -2.991263209236882299e-14 -6.407349792644408476e-14 -5.459165747944608292e-14 -1.469869268174744852e-14 4.921961361009677039e-16 5.040696889433388637e-15 1.846639986030807591e-14 2.626423293043873906e-14
5.996825789122112891e-13 -2.176446150535138387e-15 1.292773898718623150e-13 2.625938412320467788e-12 -1.204017043046411930e-14 -9.294538647356898665e-14 4.599763506289947978e-14 1.116443358373896214e-13 -1.528151163482112512e-13 -2.797978295609935331e-14 3.452269253996221557e-14 -7.150938569308061362e-15 2.891852532855520857e-15 3.757301183704397883e-14 9.467665348775135991e-15 3.655744210142655150e-14 -1.563854495227950371e-15 8.576349877044211592e-16 1.838536278610463455e-14 1.286021203647375823e-14 6.850638971778341735e-14 2.463590243549639840e-14 7.867295720723319033e-15 -1.593778935488056439e-15 -7.393894854411679214e-15 3.631465971036402535e-14
7.616291064918566716e-14 3.309619787173801311e-13 4.958703266774917600e-13 -1.204017043046411930e-14 1.690758054320865012e-12 1.976630773694284168e-13 -2.807850051339285181e-14 -4.200987604899900267e-14 8.892250302719956931e-14 1.580445022161538620e-15 -2.835235241009229166e-14 5.930555420670896607e-14 -5.795583328062641146e-14 -3.178853318894205240e-14 -5.889374219873417523e-15 -7.120411579065852000e-15 1.849460034765894043e-14 -3.649188195569987473e-14 -4.442276836368745312e-14 -1.353893030939974946e-14 -1.694716378214678946e-14 1.546578164868459330e-15 -9.020138636085890826e-15 -1.153067102611702259e-15 -1.459244067458334339e-14 -1.403697940265863053e-14
-3.104772589655374068e-13 3.161987823876426494e-13 1.117358598368080917e-13 -9.294538647356898665e-14 1.976630773694284168e-13 1.159685209428544234e-12 1.099278281543530604e-13 6.951846640975095347e-15 4.121625515121414588e-14 -3.488763402633521506e-15 -5.653927331843855041e-14 -3.600347175047440138e-14 -6.616519709586195807e-14 -2.955670132203508739e-14 -1.886986678582187678e-14 -2.122861026254810197e-14 -6.616726123609054070e-15 1.162039636989711431e-15 -1.132788064707584415e-15 7.190810964347230631e-15 1.094146896664932363e-14 2.085325102462121581e-14 8.659117928470479719e-15 1.273441053378973599e-14 2.215278183743812992e-14 1.892221015625769696e-14
-2.110244837290639111e-13 -4.365508653988445848e-14 1.752916079173684904e-13 4.599763506289947978e-14 -2.807850051339285181e-14 1.099278281543530604e-13 6.951311672250701808e-13 9.299567458229451305e-14 7.830294691040523729e-15 6.959011065840672713e-14 4.448867792583592960e-14 -6.843369764228833098e-15 2.903342402623746245e-14 -3.482772638929101016e-16 6.903098474729547690e-15 -1.603293783480046962e-14 -1.058570300695972955e-14 3.113871893841714177e-14 1.223840331086880055e-15 1.962455184334159293e-14 2.619049856842229727e-14 1.515705764997059427e-14 1.680885261920156518e-15 7.534173748402482541e-15 2.783744827235758169e-14 1.811285037465373108e-14
3.940361301876162484e-14 9.362037901799882470e-14 -1.012856700612212988e-13 1.116443358373896214e-13 -4.200987604899900267e-14 6.951846640975095347e-15 9.299567458229451305e-14 4.135207294184205864e-13 6.961351030888758007e-14 1.115672381081411676e-14 -8.757398056057489566e-15 -2.780182246405205953e-15 -5.350423496189154802e-16 3.117586743573428706e-15 3.927942577966918500e-15 9.618854783317349852e-15 -9.093222179997730719e-15 -3.031098513172015775e-15 -6.231849712593557460e-15 2.919596482351498703e-15 9.313091981884704343e-15 -6.756864841747960188e-15 9.782925092434878240e-15 5.269885974357745800e-15 4.616713996716277441e-15 5.964897881141540048e-15
4.962382231084606494e-14 -2.189822903953082600e-15 1.163371883709550006e-13 -1.528151163482112512e-13 8.892250302719956931e-14 4.121625515121414588e-14 7.830294691040523729e-15 6.961351030888758007e-14 3.319087656941710508e-13 3.105263340735709040e-14 8.627383828608026023e-15 2.309539233984022287e-15 9.606697671271004124e-15 9.186922919352753101e-16 5.560895222821927597e-15 -9.277264488349835103e-15 -2.549085213018634478e-14 -8.412760278771232985e-15 -7.609962109228505790e-15 -1.052996897369558732e-14 -6.577795171557840737e-15 8.782790638195691265e-15 1.309231543956535869e-14 8.454351767587247114e-15 6.547317740727479315e-15 1.000963752465297174e-14
-1.551238694103382842e-13 -8.940782908493631343e-14 -1.803207251589617114e-14 -2.797978295609935331e-14 1.580445022161538620e-15 -3.488763402633521506e-15 6.959011065840672713e-14 1.115672381081411676e-14 3.105263340735709040e-14 2.284053903396918539e-13 3.514527711787830372e-14 8.579097467321731808e-15 3.124692312928795792e-14 1.635429593710442359e-14 1.283327658742956377e-14 4.563715357995475232e-15 8.443614033120788191e-15 7.758746417083639568e-15 6.372749672449516575e-15 -2.758232576633556384e-15 4.460147466732614029e-15 1.539317465595618182e-15 4.515305214394787170e-15 3.322476081178528431e-15 -3.838683967165347814e-15 -7.275011198192303580e-15
3.400773658562577625e-14 -7.731203289913006707e-14 9.725721051276798595e-14 3.452269253996221557e-14 -2.835235241009229166e-14 -5.653927331843855041e-14 4.448867792583592960e-14 -8.757398056057489566e-15 8.627383828608026023e-15 3.514527711787830372e-14 1.694912704745590597e-13 5.527996968313979073e-14 3.832169731545369202e-14 2.449709700272218403e-14 2.951461991245438764e-14 1.745315478354557709e-14 9.854006995956421968e-16 3.691163086466728240e-16 3.655525469715320302e-15 4.329919503475485527e-16 1.084130227738987704e-14 4.011347469748816880e-15 8.939388815743857685e-15 9.914339636213650827e-15 5.985733735141491332e-15 3.087588738230629931e-15
2.862573167013608828e-14 -1.632675511087399829e-14 6.337750062126143510e-14 -7.150938569308061362e-15 5.930555420670896607e-14 -3.600347175047440138e-14 -6.843369764228833098e-15 -2.780182246405205953e-15 2.309539233984022287e-15 8.579097467321731808e-15 5.527996968313979073e-14 1.405072396047487445e-13 3.272600876455366692e-14 2.021407516883380462e-14 1.979625992975056648e-14 2.054075144949952344e-14 3.079233026521771054e-15 -9.858558849604218240e-15 -5.232888821730330042e-15 -5.657514265728480628e-15 2.112985412957681008e-15 -3.622610832951697966e-15 -4.582688794636466609e-15 -4.422746826260887771e-15 -7.333321103988328104e-15 -7.037983493508829830e-15
1.413848131046727645e-13 -5.365886255134070375e-14 1.227473683431528069e-14 2.891852532855520857e-15 -5.795583328062641146e-14 -6.616519709586195807e-14 2.903342402623746245e-14 -5.350423496189154802e-16 9.606697671271004124e-15 3.124692312928795792e-14 3.832169731545369202e-14 3.272600876455366692e-14 1.209229906802962600e-13 3.885274574661835453e-14 3.397247098404353635e-14 1.599873969057815238e-14 -1.977806661390556964e-15 4.479555787353395063e-15 4.913778979145315093e-15 -3.377495880842215029e-16 4.291702334011120529e-15 -4.945759354743801094e-15 -1.986585098941703551e-15 -3.325535266948392228e-15 -4.857065276409334317e-17 1.352284204928949308e-16
-6.699281908048740639e-15 -7.972516119004369672e-14 -3.388833611304013056e-14 3.757301183704397883e-14 -3.178853318894205240e-14 -2.955670132203508739e-14 -3.482772638929101016e-16 3.117586743573428706e-15 9.186922919352753101e-16 1.635429593710442359e-14 2.449709700272218403e-14 2.021407516883380462e-14 3.885274574661835453e-14 9.812880807952571857e-14 3.614305068217840245e-14 1.093894376013251081e-14 -3.962329953172915949e-15 -6.583017778157044057e-15 -5.347004687487359940e-15 -3.332018152614909022e-15 -2.695257478149792615e-15 -2.666514744951293508e-16 3.900244922013698756e-15 4.458353348338501700e-15 4.633665032722366599e-16 2.091409324773561738e-15
1.578165100358511031e-13 2.207281097977645856e-15 2.060637876307287395e-14 9.467665348775135991e-15 -5.889374219873417523e-15 -1.886986678582187678e-14 6.903098474729547690e-15 3.927942577966918500e-15 5.560895222821927597e-15 1.283327658742956377e-14 2.951461991245438764e-14 1.979625992975056648e-14 3.397247098404353635e-14 3.614305068217840245e-14 8.469987204280209617e-14 3.092490138860004820e-14 8.194948151569321932e-15 9.053778717552318835e-15 7.215221622569572631e-15 3.155178886492250239e-15 2.238120347668852232e-15 -2.998764638607306099e-15 -4.345501959290016262e-15 -1.340551875961362617e-15 -4.859944431441314974e-15 -3.037440370479358273e-15
1.393889964381011398e-13 -1.716156259351429711e-14 -2.063316489694077621e-14 3.655744210142655150e-14 -7.120411579065852000e-15 -2.122861026254810197e-14 -1.603293783480046962e-14 9.618854783317349852e-15 -9.277264488349835103e-15 4.563715357995475232e-15 1.745315478354557709e-14 2.054075144949952344e-14 1.599873969057815238e-14 1.093894376013251081e-14 3.092490138860004820e-14 6.660093865512884673e-14 3.193834469895253054e-14 8.123360615695124720e-15 3.985548025636427545e-15 8.957149289536311645e-15 8.538233333301988826e-15 2.172440699797574473e-15 7.973254453407637647e-16 -2.657232275221105065e-16 1.701456413822365412e-16 -1.420316446232372728e-15
7.640469685892982322e-14 -2.627513497383685826e-14 -3.618300647194156346e-14 -1.563854495227950371e-15 1.849460034765894043e-14 -6.616726123609054070e-15 -1.058570300695972955e-14 -9.093222179997730719e-15 -2.549085213018634478e-14 8.443614033120788191e-15 9.854006995956421968e-16 3.079233026521771054e-15 -1.977806661390556964e-15 -3.962329953172915949e-15 8.194948151569321932e-15 3.193834469895253054e-14 6.139593760805711756e-14 1.831900968654424443e-14 7.483741606986928521e-15 9.679879510794285817e-15 5.732421785573417318e-15 4.182680404566141869e-16 1.107002153583855883e-15 2.616539706397544961e-15 1.088427476543525557e-15 -1.370994816409819609e-15
2.491423474693972544e-14 -3.249683588874568008e-14 -5.618424166642008780e-14 8.576349877044211592e-16 -3.649188195569987473e-14 1.162039636989711431e-15 3.113871893841714177e-14 -3.031098513172015775e-15 -8.412760278771232985e-15 7.758746417083639568e-15 3.691163086466728240e-16 -9.858558849604218240e-15 4.479555787353395063e-15 -6.583017778157044057e-15 9.053778717552318835e-15 8.123360615695124720e-15 1.831900968654424443e-14 5.698764138651230293e-14 3.798392683220149078e-14 2.057397686150424224e-14 2.069823460151292028e-14 1.147277919811724498e-14 4.166975015688922315e-15 7.065053418712359176e-16 -2.610613080017367435e-16 1.392277674623926971e-15
8.586449567527087160e-14 -9.416009832454631987e-15 -2.991263209236882299e-14 1.838536278610463455e-14 -4.442276836368745312e-14 -1.132788064707584415e-15 1.223840331086880055e-15 -6.231849712593557460e-15 -7.609962109228505790e-15 6.372749672449516575e-15 3.655525469715320302e-15 -5.232888821730330042e-15 4.913778979145315093e-15 -5.347004687487359940e-15 7.215221622569572631e-15 3.985548025636427545e-15 7.483741606986928521e-15 3.798392683220149078e-14 5.923848270724900737e-14 3.155269807917559823e-14 2.449572621428999368e-14 1.444569919224360933e-14 7.274513990296020075e-15 4.769751779680309705e-15 -2.267095139785355470e-16 4.744117408333252020e-15
4.582884865149789169e-14 2.479410679497064873e-14 -6.407349792644408476e-14 1.286021203647375823e-14 -1.353893030939974946e-14 7.190810964347230631e-15 1.962455184334159293e-14 2.919596482351498703e-15 -1.052996897369558732e-14 -2.758232576633556384e-15 4.329919503475485527e-16 -5.657514265728480628e-15 -3.377495880842215029e-16 -3.332018152614909022e-15 3.155178886492250239e-15 8.957149289536311645e-15 9.679879510794285817e-15 2.057397686150424224e-14 3.155269807917559823e-14 5.182746576717248152e-14 3.007679798072276256e-14 1.853236069790524172e-14 9.855789511454955378e-15 6.594948057510859027e-15 5.063379485780293032e-15 4.841408290197108165e-15
4.780863972930090261e-14 -9.573024019962387078e-16 -5.459165747944608292e-14 6.850638971778341735e-14 -1.694716378214678946e-14 1.094146896664932363e-14 2.619049856842229727e-14 9.313091981884704343e-15 -6.577795171557840737e-15 4.460147466732614029e-15 1.084130227738987704e-14 2.112985412957681008e-15 4.291702334011120529e-15 -2.695257478149792615e-15 2.238120347668852232e-15 8.538233333301988826e-15 5.732421785573417318e-15 2.069823460151292028e-14 2.449572621428999368e-14 3.007679798072276256e-14 4.884433756564184963e-14 2.614596585993588601e-14 1.284848213483913991e-14 6.811936428992984207e-15 4.416195188014586524e-15 5.350693751986649450e-15
6.200510676398317612e-14 4.647871056274055304e-14 -1.469869268174744852e-14 2.463590243549639840e-14 1.546578164868459330e-15 2.085325102462121581e-14 1.515705764997059427e-14 -6.756864841747960188e-15 8.782790638195691265e-15 1.539317465595618182e-15 4.011347469748816880e-15 -3.622610832951697966e-15 -4.945759354743801094e-15 -2.666514744951293508e-16 -2.998764638607306099e-15 2.172440699797574473e-15 4.182680404566141869e-16 1.147277919811724498e-14 1.444569919224360933e-14 1.853236069790524172e-14 2.614596585993588601e-14 4.617641581823039271e-14 2.559853787691159774e-14 1.262865750778774298e-14 7.842075062509863445e-15 1.021673246916963812e-14
-1.819016827986718799e-14 1.460762439493820981e-14 4.921961361009677039e-16 7.867295720723319033e-15 -9.020138636085890826e-15 8.659117928470479719e-15 1.680885261920156518e-15 9.782925092434878240e-15 1.309231543956535869e-14 4.515305214394787170e-15 8.939388815743857685e-15 -4.582688794636466609e-15 -1.986585098941703551e-15 3.900244922013698756e-15 -4.345501959290016262e-15 7.973254453407637647e-16 1.107002153583855883e-15 4.166975015688922315e-15 7.274513990296020075e-15 9.855789511454955378e-15 1.284848213483913991e-14 2.559853787691159774e-14 3.904543466990128338e-14 2.081369639168294050e-14 1.010192843129784100e-14 1.338701589031392355e-14
-3.293550888534596877e-14 -2.083370795882525619e-14 5.040696889433388637e-15 -1.593778935488056439e-15 -1.153067102611702259e-15 1.273441053378973599e-14 7.534173748402482541e-15 5.269885974357745800e-15 8.454351767587247114e-15 3.322476081178528431e-15 9.914339636213650827e-15 -4.422746826260887771e-15 -3.325535266948392228e-15 4.458353348338501700e-15 -1.340551875961362617e-15 -2.657232275221105065e-16 2.616539706397544961e-15 7.065053418712359176e-16 4.769751779680309705e-15 6.594948057510859027e-15 6.811936428992984207e-15 1.262865750778774298e-14 2.081369639168294050e-14 3.056355355983940248e-14 1.637039956552834157e-14 1.491439980194902875e-14
-3.478172261422784817e-14 6.825432377009314439e-15 1.846639986030807591e-14 -7.393894854411679214e-15 -1.459244067458334339e-14 2.215278183743812992e-14 2.783744827235758169e-14 4.616713996716277441e-15 6.547317740727479315e-15 -3.838683967165347814e-15 5.985733735141491332e-15 -7.333321103988328104e-15 -4.857065276409334317e-17 4.633665032722366599e-16 -4.859944431441314974e-15 1.701456413822365412e-16 1.088427476543525557e-15 -2.610613080017367435e-16 -2.267095139785355470e-16 5.063379485780293032e-15 4.416195188014586524e-15 7.842075062509863445e-15 1.010192843129784100e-14 1.637039956552834157e-14 2.620750290767814514e-14 1.915430077695539244e-14
1.540791534241867649e-14 -8.465649496310431188e-15 2.626423293043873906e-14 3.631465971036402535e-14 -1.403697940265863053e-14 1.892221015625769696e-14 1.811285037465373108e-14 5.964897881141540048e-15 1.000963752465297174e-14 -7.275011198192303580e-15 3.087588738230629931e-15 -7.037983493508829830e-15 1.352284204928949308e-16 2.091409324773561738e-15 -3.037440370479358273e-15 -1.420316446232372728e-15 -1.370994816409819609e-15 1.392277674623926971e-15 4.744117408333252020e-15 4.841408290197108165e-15 5.350693751986649450e-15 1.021673246916963812e-14 1.338701589031392355e-14 1.491439980194902875e-14 1.915430077695539244e-14 3.205404119471803142e-14
