9.571064132334628436e-12 1.448412766602579220e-12 6.036805124335364634e-13 -4.561461324204123196e-13 -1.636657556866679372e-13 4.234881121964657782e-13 9.752805318621832135e-14 3.193540772242088239e-14 -1.776671236033422291e-14 2.135853232473158688e-14 7.406578627658382990e-14 1.080489019607106499e-13 1.058039441130845212e-13 1.207884842911690181e-13 -3.719467373206475970e-15 8.590505562707759738e-14 2.345110677521234947e-14 -4.323041119661888309e-14 -1.171330006253072111e-13 -6.980588189617723792e-14 -5.236001904455004257e-14 1.081493910843118989e-15 -1.073244984879244596e-14 1.106754775150460561e-14 -1.825327230968896207e-14 -2.995250612188310364e-14
1.448412766602579220e-12 7.795813028419935236e-12 6.518574662702852542e-13 -5.632816748324990123e-13 1.045984802092114905e-13 -3.235684968344298749e-13 -1.659709674931045900e-13 -1.549304040074965820e-13 -1.753945115844712183e-15 -1.349107128267884295e-13 -8.406805607177475392e-14 3.483821911655425407e-14 3.014869373949268803e-14 2.077358128192469911e-14 -4.964214523095828054e-14 3.420242028560879637e-14 4.483019942994269116e-14 7.337416335893412476e-15 2.278533211284556903e-14 1.786777733025771287e-14 7.222904333412568469e-14 6.902802259995789985e-14 -1.860013509930495856e-14 3.309803215149277248e-14 -1.016904127404493935e-14 9.042694669088011482e-15
6.036805124335364634e-13 6.518574662702852542e-13 3.787371803125617939e-12 -1.697060921815693379e-13 -1.648998265821519615e-13 -1.280628877627008418e-13 2.259846787659344081e-14 1.151733804973169991e-13 -3.969920235949609680e-14 -6.151738068427953651e-14 3.616638499697811968e-14 -4.677045396031954293e-16 4.975205124915963998e-14 3.630627092156224871e-14 1.055981408949462569e-14 7.157685735945198202e-14 3.831591526688802545e-14 1.639495141271014115e-14 -3.657117901874241191e-14 -2.481553826897151041e-14 2.805281301279555366e-14 1.182043185531525478e-14 4.450205620312867942e-15 7.286299535726425103e-15 2.004527461628056735e-14 1.204732731035982920e-14
-4.561461324204123196e-13 -5.632816748324990123e-13 -1.697060921815693379e-13 2.537137015297129138e-12 1.152987092510303806e-13 -6.890602263340165476e-14 4.748191103241787908e-14 1.481102488029410175e-13 1.219304356193435775e-13 4.603856284820730125e-14 -6.563979381090675707e-14 -2.065408659654087820e-14 -7.349230040593118661e-14 4.485971701069018674e-14 1.167712050766618954e-14 4.084168534058444701e-14 4.261240576218254789e-14 2.685899797206320651e-14 3.325952840478724795e-14 2.571073915399430836e-14 3.084798183483785798e-14 4.826181640627415987e-14 3.325551990979388847e-14 6.869467815399656831e-16 -3.085852105998131363e-15 -3.601038250907130084e-14
-1.636657556866679372e-13 1.045984802092114905e-13 -1.648998265821519615e-13 1.152987092510303806e-13 1.771967198414450640e-12 -7.558183051753350021e-14 1.000271666336927696e-13 1.197562014746902292e-14 1.418033933625002161e-13 6.172228933718876072e-14 2.148856343414386111e-14 -8.372960295087749166e-15 -2.903971220730508222e-14 -4.712998785895385927e-14 1.123390114248682678e-14 1.960263890920212672e-14 1.845042003345728837e-14 3.399986132433703735e-14 2.246894839083593015e-14 -1.242160323184230531e-15 2.466678168914256435e-15 1.113302686342036871e-15 -3.448153814250774163e-16 -1.935998847982772336e-14 -1.961293746835276142e-14 -2.615533145827073829e-14
4.234881121964657782e-13 -3.235684968344298749e-13 -1.280628877627008418e-13 -6.890602263340165476e-14 -7.558183051753350021e-14 1.193659084253281626e-12 -3.960477597246422294e-15 -1.950720111579133490e-14 -1.364574687926424628e-14 -5.029659450493060970e-14 2.591360063906806374e-14 -1.422341134448990230e-14 -3.888154004225306199e-15 -5.298760335362185842e-15 -1.464690081295770822e-14 -1.564055549184032365e-14 -7.889645268029787532e-15 -1.759272567354837780e-15 -2.556601596108160993e-14 -3.557355302960773993e-14 -2.142399729899733721e-14 -2.431601774693652480e-14 -2.094922992875140657e-14 -1.626213743117400182e-14 -9.021240147165221837e-15 8.448818083721539717e-16
9.752805318621832135e-14 -1.659709674931045900e-13 2.259846787659344081e-14 4.748191103241787908e-14 1.000271666336927696e-13 -3.960477597246422294e-15 7.275052402236977243e-13 6.280060933723929174e-14 -1.505628571234430759e-14 4.885674379411567084e-14 1.124120906854117182e-14 2.518391895100569451e-15 6.079810376571260659e-15 -3.329936508411572229e-14 -3.208245755032508162e-14 -6.737824843577146785e-15 -1.000053667812370656e-14 -4.956181645361692433e-15 9.410116714586346344e-15 6.851666479712896645e-15 1.497750216084756292e-14 1.512151229178596870e-14 1.307341073168708577e-14 1.553734155436171003e-15 -2.016429271163218835e-15 -4.855414893953680190e-16
3.193540772242088239e-14 -1.549304040074965820e-13 1.151733804973169991e-13 1.481102488029410175e-13 1.197562014746902292e-14 -1.950720111579133490e-14 6.280060933723929174e-14 5.641384558784494670e-13 8.427872602734175237e-14 -5.200847392038150506e-15 6.873994459523402078e-15 3.476848563503385028e-14 2.780903006378458363e-14 3.835827177052887175e-14 1.312831312586035533e-14 1.163067389948032073e-14 2.142919249937083627e-14 2.571059599755642293e-14 -2.613000058306238376e-15 -6.921225566111929290e-15 -2.908621556660192519e-14 -1.717141915376935039e-14 -1.062459968585344098e-14 -1.539707228462061660e-14 -3.679983924624362953e-15 -6.497007356208814085e-15
-1.776671236033422291e-14 -1.753945115844712183e-15 -3.969920235949609680e-14 1.219304356193435775e-13 1.418033933625002161e-13 -1.364574687926424628e-14 -1.505628571234430759e-14 8.427872602734175237e-14 3.759998084534486559e-13 1.062063224128761936e-14 1.507273889285295635e-14 -1.186272370137748499e-14 2.727762246276783252e-14 2.349927382039236269e-14 7.781260207235747484e-15 -1.878585747103540202e-15 8.620068350141978365e-15 3.365906981086260728e-15 -2.843333815761317531e-15 -7.952249621528637961e-15 -4.067112919884753932e-15 1.197026837683280773e-14 1.070902346118856883e-14 5.736643060418065820e-15 9.588203327991746380e-15 2.546721682903391703e-15
2.135853232473158688e-14 -1.349107128267884295e-13 -6.151738068427953651e-14 4.603856284820730125e-14 6.172228933718876072e-14 -5.029659450493060970e-14 4.885674379411567084e-14 -5.200847392038150506e-15 1.062063224128761936e-14 2.310689969603170062e-13 5.756626297783800540e-14 3.325809771154398875e-14 -8.711326042544899021e-16 6.249200976727133329e-15 -1.366762109558472295e-16 3.773311541440691438e-15 -8.273484695080554957e-16 -9.543627553919863719e-15 3.181859902087006087e-15 -3.011144342586854240e-15 -2.402327361399360963e-15 -2.131835359777484420e-15 6.948390204224787226e-15 8.237045452955380644e-15 5.460686985265959467e-15 -1.889861404090804724e-15
7.406578627658382990e-14 -8.406805607177475392e-14 3.616638499697811968e-14 -6.563979381090675707e-14 2.148856343414386111e-14 2.591360063906806374e-14 1.124120906854117182e-14 6.873994459523402078e-15 1.507273889285295635e-14 5.756626297783800540e-14 1.728886427198710564e-13 3.598599263930591161e-14 1.962452756172176925e-14 1.813164290454062814e-14 1.233016470838425185e-14 7.450318603981650972e-15 1.900020473530218788e-15 7.161030351876780817e-15 -6.933171382940799653e-15 -5.925789795918352850e-15 -2.074754009639317912e-15 -2.968500831346839052e-15 -5.533401118213885336e-16 4.369233585247758676e-15 -6.889466478406243656e-17 -3.871082816735546124e-15
1.080489019607106499e-13 3.483821911655425407e-14 -4.677045396031954293e-16 -2.065408659654087820e-14 -8.372960295087749166e-15 -1.422341134448990230e-14 2.518391895100569451e-15 3.476848563503385028e-14 -1.186272370137748499e-14 3.325809771154398875e-14 3.598599263930591161e-14 1.291366703599898450e-13 4.076449532383172432e-14 2.682143272806131631e-14 -3.436197580091337320e-16 8.218598921402336998e-16 -6.949295610996615646e-15 -8.640754707093036303e-15 4.301233267992386057e-16 -3.479464809556756080e-16 -1.104095607927736492e-14 -5.432783980691084328e-16 -4.098032728759380103e-15 -6.895625223654404914e-15 -5.373646374649369396e-15 -6.756297628655251089e-15
1.058039441130845212e-13 3.014869373949268803e-14 4.975205124915963998e-14 -7.349230040593118661e-14 -2.903971220730508222e-14 -3.888154004225306199e-15 6.079810376571260659e-15 2.780903006378458363e-14 2.727762246276783252e-14 -8.711326042544899021e-16 1.962452756172176925e-14 4.076449532383172432e-14 1.113235808617696878e-13 3.333644696421152852e-14 1.214130538838923686e-14 4.020935680576980168e-15 -7.044256674499149462e-15 -2.852667715857691271e-15 -8.054676736276387160e-15 -4.611714505763397389e-15 -8.417307950573046583e-15 2.164275714707625389e-15 -8.824669183536409034e-15 -1.026079127438440036e-14 -2.666927541742743405e-16 6.744811797306122555e-15
1.207884842911690181e-13 2.077358128192469911e-14 3.630627092156224871e-14 4.485971701069018674e-14 -4.712998785895385927e-14 -5.298760335362185842e-15 -3.329936508411572229e-14 3.835827177052887175e-14 2.349927382039236269e-14 6.249200976727133329e-15 1.813164290454062814e-14 2.682143272806131631e-14 3.333644696421152852e-14 8.842458359522780663e-14 3.790851357106872401e-14 1.519297897291971739e-14 -3.701343653195277589e-15 -3.522290215980577796e-17 -1.431906195909832651e-16 -3.504672461765302838e-15 -3.385155135943472964e-15 -2.331570814331513738e-15 -2.693059040485193828e-15 -2.411642458344108018e-16 -4.438190017369864021e-15 -5.877394474636465109e-15
-3.719467373206475970e-15 -4.964214523095828054e-14 1.055981408949462569e-14 1.167712050766618954e-14 1.123390114248682678e-14 -1.464690081295770822e-14 -3.208245755032508162e-14 1.312831312586035533e-14 7.781260207235747484e-15 -1.366762109558472295e-16 1.233016470838425185e-14 -3.436197580091337320e-16 1.214130538838923686e-14 3.790851357106872401e-14 8.664097551185521784e-14 3.518311836678996717e-14 6.850614196686420866e-15 6.768011412131550134e-15 -1.496816933750164373e-16 -4.736628397634607782e-15 -7.132076569746673439e-15 -8.594912432435395273e-15 -2.212457446873900554e-15 -4.501069062737809379e-15 -6.625004809423950194e-15 -7.877952793877965702e-15
8.590505562707759738e-14 3.420242028560879637e-14 7.157685735945198202e-14 4.084168534058444701e-14 1.960263890920212672e-14 -1.564055549184032365e-14 -6.737824843577146785e-15 1.163067389948032073e-14 -1.878585747103540202e-15 3.773311541440691438e-15 7.450318603981650972e-15 8.218598921402336998e-16 4.020935680576980168e-15 1.519297897291971739e-14 3.518311836678996717e-14 7.159821914875260209e-14 2.171882537202429241e-14 1.270510589256469668e-14 5.845960887170471773e-15 7.943058582912746615e-16 3.908540057857611744e-15 -1.673246905059881532e-15 -2.073747938341301419e-15 -4.407776714533596054e-15 -6.535121449157645761e-15 -1.498862073887271150e-14
2.345110677521234947e-14 4.483019942994269116e-14 3.831591526688802545e-14 4.261240576218254789e-14 1.845042003345728837e-14 -7.889645268029787532e-15 -1.000053667812370656e-14 2.142919249937083627e-14 8.620068350141978365e-15 -8.273484695080554957e-16 1.900020473530218788e-15 -6.949295610996615646e-15 -7.044256674499149462e-15 -3.701343653195277589e-15 6.850614196686420866e-15 2.171882537202429241e-14 5.065135864620118409e-14 2.314982563465268833e-14 7.200332103276013527e-15 7.768026717284759627e-15 5.344821472037351297e-15 -2.122022728964720659e-15 -7.341115741055524772e-17 1.405118784863831627e-15 -1.921693709693621803e-15 -5.049986223800238541e-15
-4.323041119661888309e-14 7.337416335893412476e-15 1.639495141271014115e-14 2.685899797206320651e-14 3.399986132433703735e-14 -1.759272567354837780e-15 -4.956181645361692433e-15 2.571059599755642293e-14 3.365906981086260728e-15 -9.543627553919863719e-15 7.161030351876780817e-15 -8.640754707093036303e-15 -2.852667715857691271e-15 -3.522290215980577796e-17 6.768011412131550134e-15 1.270510589256469668e-14 2.314982563465268833e-14 5.406617738393535624e-14 2.352014224785811170e-14 1.168652798347065880e-14 8.722929816715685654e-15 3.913764973067873070e-16 -8.390334068315754023e-16 -4.077682763141995045e-15 -4.394250218301313392e-15 -4.959522162934537502e-15
-1.171330006253072111e-13 2.278533211284556903e-14 -3.657117901874241191e-14 3.325952840478724795e-14 2.246894839083593015e-14 -2.556601596108160993e-14 9.410116714586346344e-15 -2.613000058306238376e-15 -2.843333815761317531e-15 3.181859902087006087e-15 -6.933171382940799653e-15 4.301233267992386057e-16 -8.054676736276387160e-15 -1.431906195909832651e-16 -1.496816933750164373e-16 5.845960887170471773e-15 7.200332103276013527e-15 2.352014224785811170e-14 4.455250050706470811e-14 2.268606297670486601e-14 1.734570017391769722e-14 6.879982661153824780e-15 2.539704743588779279e-15 -1.151601774151023055e-15 -5.138681612954647575e-15 -8.309879893924694301e-15
-6.980588189617723792e-14 1.786777733025771287e-14 -2.481553826897151041e-14 2.571073915399430836e-14 -1.242160323184230531e-15 -3.557355302960773993e-14 6.851666479712896645e-15 -6.921225566111929290e-15 -7.952249621528637961e-15 -3.011144342586854240e-15 -5.925789795918352850e-15 -3.479464809556756080e-16 -4.611714505763397389e-15 -3.504672461765302838e-15 -4.736628397634607782e-15 7.943058582912746615e-16 7.768026717284759627e-15 1.168652798347065880e-14 2.268606297670486601e-14 4.386099602111745234e-14 2.355097436473476462e-14 1.131862320213227636e-14 6.193360736666050555e-15 4.311828524282149952e-15 7.424924831363869192e-16 -2.180900588409517468e-15
-5.236001904455004257e-14 7.222904333412568469e-14 2.805281301279555366e-14 3.084798183483785798e-14 2.466678168914256435e-15 -2.142399729899733721e-14 1.497750216084756292e-14 -2.908621556660192519e-14 -4.067112919884753932e-15 -2.402327361399360963e-15 -2.074754009639317912e-15 -1.104095607927736492e-14 -8.417307950573046583e-15 -3.385155135943472964e-15 -7.132076569746673439e-15 3.908540057857611744e-15 5.344821472037351297e-15 8.722929816715685654e-15 1.734570017391769722e-14 2.355097436473476462e-14 4.667419629624125774e-14 2.334736044799895957e-14 1.357647496239361954e-14 1.140857056007653905e-14 5.552424369578383436e-15 2.222576442259307658e-15
1.081493910843118989e-15 6.902802259995789985e-14 1.182043185531525478e-14 4.826181640627415987e-14 1.113302686342036871e-15 -2.431601774693652480e-14 1.512151229178596870e-14 -1.717141915376935039e-14 1.197026837683280773e-14 -2.131835359777484420e-15 -2.968500831346839052e-15 -5.432783980691084328e-16 2.164275714707625389e-15 -2.331570814331513738e-15 -8.594912432435395273e-15 -1.673246905059881532e-15 -2.122022728964720659e-15 3.913764973067873070e-16 6.879982661153824780e-15 1.131862320213227636e-14 2.334736044799895957e-14 3.550377081617205532e-14 1.880071232963660545e-14 9.476382499625189223e-15 5.554746527585510964e-15 1.651441759898701334e-15
-1.073244984879244596e-14 -1.860013509930495856e-14 4.450205620312867942e-15 3.325551990979388847e-14 -3.448153814250774163e-16 -2.094922992875140657e-14 1.307341073168708577e-14 -1.062459968585344098e-14 1.070902346118856883e-14 6.948390204224787226e-15 -5.533401118213885336e-16 -4.098032728759380103e-15 -8.824669183536409034e-15 -2.693059040485193828e-15 -2.212457446873900554e-15 -2.073747938341301419e-15 -7.341115741055524772e-17 -8.390334068315754023e-16 2.539704743588779279e-15 6.193360736666050555e-15 1.357647496239361954e-14 1.880071232963660545e-14 2.796437354696612439e-14 1.535878574575719960e-14 5.306805962866146122e-15 1.782442286515778294e-15
1.106754775150460561e-14 3.309803215149277248e-14 7.286299535726425103e-15 6.869467815399656831e-16 -1.935998847982772336e-14 -1.626213743117400182e-14 1.553734155436171003e-15 -1.539707228462061660e-14 5.736643060418065820e-15 8.237045452955380644e-15 4.369233585247758676e-15 -6.895625223654404914e-15 -1.026079127438440036e-14 -2.411642458344108018e-16 -4.501069062737809379e-15 -4.407776714533596054e-15 1.405118784863831627e-15 -4.077682763141995045e-15 -1.151601774151023055e-15 4.311828524282149952e-15 1.140857056007653905e-14 9.476382499625189223e-15 1.535878574575719960e-14 2.753012521374913561e-14 1.198469570392023170e-14 8.421447625131396655e-15
-1.825327230968896207e-14 -1.016904127404493935e-14 2.004527461628056735e-14 -3.085852105998131363e-15 -1.961293746835276142e-14 -9.021240147165221837e-15 -2.016429271163218835e-15 -3.679983924624362953e-15 9.588203327991746380e-15 5.460686985265959467e-15 -6.889466478406243656e-17 -5.373646374649369396e-15 -2.666927541742743405e-16 -4.438190017369864021e-15 -6.625004809423950194e-15 -6.535121449157645761e-15 -1.921693709693621803e-15 -4.394250218301313392e-15 -5.138681612954647575e-15 7.424924831363869192e-16 5.552424369578383436e-15 5.554746527585510964e-15 5.306805962866146122e-15 1.198469570392023170e-14 2.459623522435773387e-14 1.918593340383081103e-14
-2.995250612188310364e-14 9.042694669088011482e-15 1.204732731035982920e-14 -3.601038250907130084e-14 -2.615533145827073829e-14 8.448818083721539717e-16 -4.855414893953680190e-16 -6.497007356208814085e-15 2.546721682903391703e-15 -1.889861404090804724e-15 -3.871082816735546124e-15 -6.756297628655251089e-15 6.744811797306122555e-15 -5.877394474636465109e-15 -7.877952793877965702e-15 -1.498862073887271150e-14 -5.049986223800238541e-15 -4.959522162934537502e-15 -8.309879893924694301e-15 -2.180900588409517468e-15 2.222576442259307658e-15 1.651441759898701334e-15 1.782442286515778294e-15 8.421447625131396655e-15 1.918593340383081103e-14 3.373747693665292615e-14
