9.571064132334605818e-12 1.448412766602574979e-12 6.036805124335366653e-13 -4.561461324204127235e-13 -1.636657556866644788e-13 4.234881121964609314e-13 9.752805318621328526e-14 3.193540772241951292e-14 -1.776671236033314375e-14 2.135853232472974726e-14 7.406578627658045989e-14 1.080489019607112179e-13 1.058039441130870077e-13 1.207884842911688162e-13 -3.719467373205317134e-15 8.590505562707600704e-14 2.345110677521470028e-14 -4.323041119661537424e-14 -1.171330006253065296e-13 -6.980588189618561878e-14 -5.236001904455817099e-14 1.081493910846146243e-15 -1.073244984880129382e-14 1.106754775149579403e-14 -1.825327230967519487e-14 -2.995250612188068657e-14
1.448412766602574979e-12 7.795813028419901309e-12 6.518574662702849512e-13 -5.632816748324996182e-13 1.045984802092169810e-13 -3.235684968344293701e-13 -1.659709674931059027e-13 -1.549304040074914575e-13 -1.753945115837380116e-15 -1.349107128267922161e-13 -8.406805607177869192e-14 3.483821911655906296e-14 3.014869373949644931e-14 2.077358128192325707e-14 -4.964214523096098791e-14 3.420242028560809587e-14 4.483019942994023623e-14 7.337416335897766988e-15 2.278533211284196551e-14 1.786777733026170766e-14 7.222904333412945860e-14 6.902802259995275016e-14 -1.860013509929766948e-14 3.309803215147970263e-14 -1.016904127404477685e-14 9.042694669085416129e-15
6.036805124335366653e-13 6.518574662702849512e-13 3.787371803125599360e-12 -1.697060921815709030e-13 -1.648998265821514819e-13 -1.280628877627029118e-13 2.259846787659363014e-14 1.151733804973166709e-13 -3.969920235949753568e-14 -6.151738068427987730e-14 3.616638499697541231e-14 -4.677045396034290307e-16 4.975205124916138179e-14 3.630627092156268416e-14 1.055981408949349131e-14 7.157685735945194416e-14 3.831591526688849245e-14 1.639495141270808064e-14 -3.657117901874063224e-14 -2.481553826896631024e-14 2.805281301278958987e-14 1.182043185532155147e-14 4.450205620310103774e-15 7.286299535734894314e-15 2.004527461628102805e-14 1.204732731036649034e-14
-4.561461324204127235e-13 -5.632816748324996182e-13 -1.697060921815709030e-13 2.537137015297127926e-12 1.152987092510273009e-13 -6.890602263340190719e-14 4.748191103242048547e-14 1.481102488029404874e-13 1.219304356193413561e-13 4.603856284820770515e-14 -6.563979381090558325e-14 -2.065408659654248117e-14 -7.349230040593319347e-14 4.485971701069154989e-14 1.167712050766703363e-14 4.084168534058274307e-14 4.261240576218102065e-14 2.685899797206011102e-14 3.325952840478808730e-14 2.571073915399078689e-14 3.084798183484178335e-14 4.826181640627262633e-14 3.325551990979255687e-14 6.869467815420333862e-16 -3.085852106000831239e-15 -3.601038250907008284e-14
-1.636657556866644788e-13 1.045984802092169810e-13 -1.648998265821514819e-13 1.152987092510273009e-13 1.771967198414448015e-12 -7.558183051753320991e-14 1.000271666336944231e-13 1.197562014746966189e-14 1.418033933625034472e-13 6.172228933718783933e-14 2.148856343414525267e-14 -8.372960295087971625e-15 -2.903971220730436909e-14 -4.712998785895134123e-14 1.123390114248642762e-14 1.960263890920265368e-14 1.845042003345899231e-14 3.399986132433648199e-14 2.246894839083514444e-14 -1.242160323182546313e-15 2.466678168915164413e-15 1.113302686346670048e-15 -3.448153814249790059e-16 -1.935998847982366546e-14 -1.961293746835771231e-14 -2.615533145827633920e-14
4.234881121964609314e-13 -3.235684968344293701e-13 -1.280628877627029118e-13 -6.890602263340190719e-14 -7.558183051753320991e-14 1.193659084253285665e-12 -3.960477597246909810e-15 -1.950720111579329443e-14 -1.364574687926329649e-14 -5.029659450492989025e-14 2.591360063906812369e-14 -1.422341134449078898e-14 -3.888154004225648565e-15 -5.298760335361890808e-15 -1.464690081295777132e-14 -1.564055549183985980e-14 -7.889645268030849338e-15 -1.759272567354436447e-15 -2.556601596107973875e-14 -3.557355302960679960e-14 -2.142399729899684181e-14 -2.431601774693815932e-14 -2.094922992875442318e-14 -1.626213743117859930e-14 -9.021240147163240218e-15 8.448818083690737657e-16
9.752805318621328526e-14 -1.659709674931059027e-13 2.259846787659363014e-14 4.748191103242048547e-14 1.000271666336944231e-13 -3.960477597246909810e-15 7.275052402236959068e-13 6.280060933723808005e-14 -1.505628571234554452e-14 4.885674379411538685e-14 1.124120906854194333e-14 2.518391895100065369e-15 6.079810376570024513e-15 -3.329936508411433390e-14 -3.208245755032402139e-14 -6.737824843576672680e-15 -1.000053667812336262e-14 -4.956181645362186260e-15 9.410116714586188571e-15 6.851666479714000262e-15 1.497750216084633545e-14 1.512151229178791246e-14 1.307341073168689645e-14 1.553734155438291658e-15 -2.016429271165674954e-15 -4.855414893937601232e-16
3.193540772241951292e-14 -1.549304040074914575e-13 1.151733804973166709e-13 1.481102488029404874e-13 1.197562014746966189e-14 -1.950720111579329443e-14 6.280060933723808005e-14 5.641384558784477504e-13 8.427872602734109604e-14 -5.200847392037991945e-15 6.873994459523088901e-15 3.476848563503270801e-14 2.780903006378445426e-14 3.835827177052901690e-14 1.312831312586062512e-14 1.163067389948060629e-14 2.142919249937113288e-14 2.571059599755658070e-14 -2.613000058305572971e-15 -6.921225566112839635e-15 -2.908621556660058097e-14 -1.717141915377018658e-14 -1.062459968585465898e-14 -1.539707228462208388e-14 -3.679983924624128661e-15 -6.497007356208989212e-15
-1.776671236033314375e-14 -1.753945115837380116e-15 -3.969920235949753568e-14 1.219304356193413561e-13 1.418033933625034472e-13 -1.364574687926329649e-14 -1.505628571234554452e-14 8.427872602734109604e-14 3.759998084534432538e-13 1.062063224128791124e-14 1.507273889285369788e-14 -1.186272370137645631e-14 2.727762246276720143e-14 2.349927382039265930e-14 7.781260207235758528e-15 -1.878585747103520875e-15 8.620068350141487694e-15 3.365906981085655278e-15 -2.843333815761084817e-15 -7.952249621529220140e-15 -4.067112919883362381e-15 1.197026837683153766e-14 1.070902346119101114e-14 5.736643060418241736e-15 9.588203327990171813e-15 2.546721682900554565e-15
2.135853232472974726e-14 -1.349107128267922161e-13 -6.151738068427987730e-14 4.603856284820770515e-14 6.172228933718783933e-14 -5.029659450492989025e-14 4.885674379411538685e-14 -5.200847392037991945e-15 1.062063224128791124e-14 2.310689969603181674e-13 5.756626297783854814e-14 3.325809771154393826e-14 -8.711326042539956808e-16 6.249200976727071798e-15 -1.366762109559344972e-16 3.773311541440315151e-15 -8.273484695084583078e-16 -9.543627553920600515e-15 3.181859902086399848e-15 -3.011144342587513727e-15 -2.402327361400244093e-15 -2.131835359776797322e-15 6.948390204223730153e-15 8.237045452955808206e-15 5.460686985266890323e-15 -1.889861404089761850e-15
7.406578627658045989e-14 -8.406805607177869192e-14 3.616638499697541231e-14 -6.563979381090558325e-14 2.148856343414525267e-14 2.591360063906812369e-14 1.124120906854194333e-14 6.873994459523088901e-15 1.507273889285369788e-14 5.756626297783854814e-14 1.728886427198710564e-13 3.598599263930561500e-14 1.962452756172103403e-14 1.813164290454018638e-14 1.233016470838390317e-14 7.450318603981272319e-15 1.900020473530183683e-15 7.161030351876446340e-15 -6.933171382940681324e-15 -5.925789795917673641e-15 -2.074754009639747841e-15 -2.968500831346710467e-15 -5.533401118214335973e-16 4.369233585246901973e-15 -6.889466478315559164e-17 -3.871082816735112251e-15
1.080489019607112179e-13 3.483821911655906296e-14 -4.677045396034290307e-16 -2.065408659654248117e-14 -8.372960295087971625e-15 -1.422341134449078898e-14 2.518391895100065369e-15 3.476848563503270801e-14 -1.186272370137645631e-14 3.325809771154393826e-14 3.598599263930561500e-14 1.291366703599898702e-13 4.076449532383236172e-14 2.682143272806115854e-14 -3.436197580089480045e-16 8.218598921405098011e-16 -6.949295610996909891e-15 -8.640754707093088367e-15 4.301233267990996183e-16 -3.479464809551090580e-16 -1.104095607927789503e-14 -5.432783980693452883e-16 -4.098032728759199454e-15 -6.895625223654580830e-15 -5.373646374649591066e-15 -6.756297628655980785e-15
1.058039441130870077e-13 3.014869373949644931e-14 4.975205124916138179e-14 -7.349230040593319347e-14 -2.903971220730436909e-14 -3.888154004225648565e-15 6.079810376570024513e-15 2.780903006378445426e-14 2.727762246276720143e-14 -8.711326042539956808e-16 1.962452756172103403e-14 4.076449532383236172e-14 1.113235808617702053e-13 3.333644696421192611e-14 1.214130538838911222e-14 4.020935680577642022e-15 -7.044256674499517071e-15 -2.852667715857665239e-15 -8.054676736276136302e-15 -4.611714505762803377e-15 -8.417307950572380784e-15 2.164275714706607364e-15 -8.824669183534632519e-15 -1.026079127438465595e-14 -2.666927541734884378e-16 6.744811797304104649e-15
1.207884842911688162e-13 2.077358128192325707e-14 3.630627092156268416e-14 4.485971701069154989e-14 -4.712998785895134123e-14 -5.298760335361890808e-15 -3.329936508411433390e-14 3.835827177052901690e-14 2.349927382039265930e-14 6.249200976727071798e-15 1.813164290454018638e-14 2.682143272806115854e-14 3.333644696421192611e-14 8.842458359522770565e-14 3.790851357106881868e-14 1.519297897291907052e-14 -3.701343653195206592e-15 -3.522290215948840935e-17 -1.431906195905217322e-16 -3.504672461764820844e-15 -3.385155135943182269e-15 -2.331570814331725547e-15 -2.693059040484886172e-15 -2.411642458342510081e-16 -4.438190017369331540e-15 -5.877394474637616057e-15
-3.719467373205317134e-15 -4.964214523096098791e-14 1.055981408949349131e-14 1.167712050766703363e-14 1.123390114248642762e-14 -1.464690081295777132e-14 -3.208245755032402139e-14 1.312831312586062512e-14 7.781260207235758528e-15 -1.366762109559344972e-16 1.233016470838390317e-14 -3.436197580089480045e-16 1.214130538838911222e-14 3.790851357106881868e-14 8.664097551185572272e-14 3.518311836678967687e-14 6.850614196686495807e-15 6.768011412131656630e-15 -1.496816933748918465e-16 -4.736628397634237017e-15 -7.132076569746179612e-15 -8.594912432435527802e-15 -2.212457446874534798e-15 -4.501069062736923488e-15 -6.625004809425390654e-15 -7.877952793878210249e-15
8.590505562707600704e-14 3.420242028560809587e-14 7.157685735945194416e-14 4.084168534058274307e-14 1.960263890920265368e-14 -1.564055549183985980e-14 -6.737824843576672680e-15 1.163067389948060629e-14 -1.878585747103520875e-15 3.773311541440315151e-15 7.450318603981272319e-15 8.218598921405098011e-16 4.020935680577642022e-15 1.519297897291907052e-14 3.518311836678967687e-14 7.159821914875152924e-14 2.171882537202483514e-14 1.270510589256487339e-14 5.845960887170370010e-15 7.943058582909165186e-16 3.908540057857199170e-15 -1.673246905060047390e-15 -2.073747938343258189e-15 -4.407776714533537679e-15 -6.535121449158605804e-15 -1.498862073887044589e-14
2.345110677521470028e-14 4.483019942994023623e-14 3.831591526688849245e-14 4.261240576218102065e-14 1.845042003345899231e-14 -7.889645268030849338e-15 -1.000053667812336262e-14 2.142919249937113288e-14 8.620068350141487694e-15 -8.273484695084583078e-16 1.900020473530183683e-15 -6.949295610996909891e-15 -7.044256674499517071e-15 -3.701343653195206592e-15 6.850614196686495807e-15 2.171882537202483514e-14 5.065135864620049620e-14 2.314982563465215190e-14 7.200332103275753203e-15 7.768026717283992854e-15 5.344821472037241646e-15 -2.122022728964867387e-15 -7.341115741110330883e-17 1.405118784863379413e-15 -1.921693709693852545e-15 -5.049986223799870143e-15
-4.323041119661537424e-14 7.337416335897766988e-15 1.639495141270808064e-14 2.685899797206011102e-14 3.399986132433648199e-14 -1.759272567354436447e-15 -4.956181645362186260e-15 2.571059599755658070e-14 3.365906981085655278e-15 -9.543627553920600515e-15 7.161030351876446340e-15 -8.640754707093088367e-15 -2.852667715857665239e-15 -3.522290215948840935e-17 6.768011412131656630e-15 1.270510589256487339e-14 2.314982563465215190e-14 5.406617738393490816e-14 2.352014224785766678e-14 1.168652798347042057e-14 8.722929816715761385e-15 3.913764973054511245e-16 -8.390334068320373790e-16 -4.077682763141659779e-15 -4.394250218300981282e-15 -4.959522162934037364e-15
-1.171330006253065296e-13 2.278533211284196551e-14 -3.657117901874063224e-14 3.325952840478808730e-14 2.246894839083514444e-14 -2.556601596107973875e-14 9.410116714586188571e-15 -2.613000058305572971e-15 -2.843333815761084817e-15 3.181859902086399848e-15 -6.933171382940681324e-15 4.301233267990996183e-16 -8.054676736276136302e-15 -1.431906195905217322e-16 -1.496816933748918465e-16 5.845960887170370010e-15 7.200332103275753203e-15 2.352014224785766678e-14 4.455250050706451878e-14 2.268606297670456625e-14 1.734570017391748580e-14 6.879982661152655688e-15 2.539704743588479118e-15 -1.151601774151081431e-15 -5.138681612954841635e-15 -8.309879893923946461e-15
-6.980588189618561878e-14 1.786777733026170766e-14 -2.481553826896631024e-14 2.571073915399078689e-14 -1.242160323182546313e-15 -3.557355302960679960e-14 6.851666479714000262e-15 -6.921225566112839635e-15 -7.952249621529220140e-15 -3.011144342587513727e-15 -5.925789795917673641e-15 -3.479464809551090580e-16 -4.611714505762803377e-15 -3.504672461764820844e-15 -4.736628397634237017e-15 7.943058582909165186e-16 7.768026717283992854e-15 1.168652798347042057e-14 2.268606297670456625e-14 4.386099602111660037e-14 2.355097436473500759e-14 1.131862320213191821e-14 6.193360736665907771e-15 4.311828524282372411e-15 7.424924831357843281e-16 -2.180900588408555847e-15
-5.236001904455817099e-14 7.222904333412945860e-14 2.805281301278958987e-14 3.084798183484178335e-14 2.466678168915164413e-15 -2.142399729899684181e-14 1.497750216084633545e-14 -2.908621556660058097e-14 -4.067112919883362381e-15 -2.402327361400244093e-15 -2.074754009639747841e-15 -1.104095607927789503e-14 -8.417307950572380784e-15 -3.385155135943182269e-15 -7.132076569746179612e-15 3.908540057857199170e-15 5.344821472037241646e-15 8.722929816715761385e-15 1.734570017391748580e-14 2.355097436473500759e-14 4.667419629624174367e-14 2.334736044799874816e-14 1.357647496239408339e-14 1.140857056007558453e-14 5.552424369578106546e-15 2.222576442260707492e-15
1.081493910846146243e-15 6.902802259995275016e-14 1.182043185532155147e-14 4.826181640627262633e-14 1.113302686346670048e-15 -2.431601774693815932e-14 1.512151229178791246e-14 -1.717141915377018658e-14 1.197026837683153766e-14 -2.131835359776797322e-15 -2.968500831346710467e-15 -5.432783980693452883e-16 2.164275714706607364e-15 -2.331570814331725547e-15 -8.594912432435527802e-15 -1.673246905060047390e-15 -2.122022728964867387e-15 3.913764973054511245e-16 6.879982661152655688e-15 1.131862320213191821e-14 2.334736044799874816e-14 3.550377081617099510e-14 1.880071232963695255e-14 9.476382499625138736e-15 5.554746527585862796e-15 1.651441759899254917e-15
-1.073244984880129382e-14 -1.860013509929766948e-14 4.450205620310103774e-15 3.325551990979255687e-14 -3.448153814249790059e-16 -2.094922992875442318e-14 1.307341073168689645e-14 -1.062459968585465898e-14 1.070902346119101114e-14 6.948390204223730153e-15 -5.533401118214335973e-16 -4.098032728759199454e-15 -8.824669183534632519e-15 -2.693059040484886172e-15 -2.212457446874534798e-15 -2.073747938343258189e-15 -7.341115741110330883e-17 -8.390334068320373790e-16 2.539704743588479118e-15 6.193360736665907771e-15 1.357647496239408339e-14 1.880071232963695255e-14 2.796437354696612755e-14 1.535878574575776126e-14 5.306805962867516373e-15 1.782442286518265178e-15
1.106754775149579403e-14 3.309803215147970263e-14 7.286299535734894314e-15 6.869467815420333862e-16 -1.935998847982366546e-14 -1.626213743117859930e-14 1.553734155438291658e-15 -1.539707228462208388e-14 5.736643060418241736e-15 8.237045452955808206e-15 4.369233585246901973e-15 -6.895625223654580830e-15 -1.026079127438465595e-14 -2.411642458342510081e-16 -4.501069062736923488e-15 -4.407776714533537679e-15 1.405118784863379413e-15 -4.077682763141659779e-15 -1.151601774151081431e-15 4.311828524282372411e-15 1.140857056007558453e-14 9.476382499625138736e-15 1.535878574575776126e-14 2.753012521374889579e-14 1.198469570392040210e-14 8.421447625130304872e-15
-1.825327230967519487e-14 -1.016904127404477685e-14 2.004527461628102805e-14 -3.085852106000831239e-15 -1.961293746835771231e-14 -9.021240147163240218e-15 -2.016429271165674954e-15 -3.679983924624128661e-15 9.588203327990171813e-15 5.460686985266890323e-15 -6.889466478315559164e-17 -5.373646374649591066e-15 -2.666927541734884378e-16 -4.438190017369331540e-15 -6.625004809425390654e-15 -6.535121449158605804e-15 -1.921693709693852545e-15 -4.394250218300981282e-15 -5.138681612954841635e-15 7.424924831357843281e-16 5.552424369578106546e-15 5.554746527585862796e-15 5.306805962867516373e-15 1.198469570392040210e-14 2.459623522435841229e-14 1.918593340383051442e-14
-2.995250612188068657e-14 9.042694669085416129e-15 1.204732731036649034e-14 -3.601038250907008284e-14 -2.615533145827633920e-14 8.448818083690737657e-16 -4.855414893937601232e-16 -6.497007356208989212e-15 2.546721682900554565e-15 -1.889861404089761850e-15 -3.871082816735112251e-15 -6.756297628655980785e-15 6.744811797304104649e-15 -5.877394474637616057e-15 -7.877952793878210249e-15 -1.498862073887044589e-14 -5.049986223799870143e-15 -4.959522162934037364e-15 -8.309879893923946461e-15 -2.180900588408555847e-15 2.222576442260707492e-15 1.651441759899254917e-15 1.782442286518265178e-15 8.421447625130304872e-15 1.918593340383051442e-14 3.373747693665016199e-14
