9.571064132334600971e-12 1.448412766602578008e-12 6.036805124335375741e-13 -4.561461324204152479e-13 -1.636657556866651604e-13 4.234881121964641626e-13 9.752805318621527950e-14 3.193540772242280721e-14 -1.776671236033216240e-14 2.135853232472646244e-14 7.406578627657710250e-14 1.080489019607088197e-13 1.058039441130857203e-13 1.207884842911681346e-13 -3.719467373207282186e-15 8.590505562708024796e-14 2.345110677521320460e-14 -4.323041119661864959e-14 -1.171330006253080189e-13 -6.980588189617896710e-14 -5.236001904455543838e-14 1.081493910846894280e-15 -1.073244984879293505e-14 1.106754775151680140e-14 -1.825327230967443757e-14 -2.995250612187879961e-14
1.448412766602578008e-12 7.795813028419902925e-12 6.518574662702850522e-13 -5.632816748324979016e-13 1.045984802092171703e-13 -3.235684968344314905e-13 -1.659709674931072406e-13 -1.549304040074958247e-13 -1.753945115842736876e-15 -1.349107128267919889e-13 -8.406805607177534715e-14 3.483821911655672162e-14 3.014869373949198121e-14 2.077358128192398913e-14 -4.964214523095799655e-14 3.420242028560617736e-14 4.483019942994112606e-14 7.337416335892091923e-15 2.278533211284685330e-14 1.786777733026198534e-14 7.222904333412819642e-14 6.902802259995580463e-14 -1.860013509929941444e-14 3.309803215148555283e-14 -1.016904127403560555e-14 9.042694669082154978e-15
6.036805124335375741e-13 6.518574662702850522e-13 3.787371803125618747e-12 -1.697060921815707263e-13 -1.648998265821485031e-13 -1.280628877626995797e-13 2.259846787659424545e-14 1.151733804973153835e-13 -3.969920235949587592e-14 -6.151738068428091228e-14 3.616638499697495161e-14 -4.677045396026470723e-16 4.975205124915948852e-14 3.630627092156283562e-14 1.055981408949267247e-14 7.157685735945372383e-14 3.831591526689052456e-14 1.639495141270720974e-14 -3.657117901874050602e-14 -2.481553826897168080e-14 2.805281301279181762e-14 1.182043185531283929e-14 4.450205620310529759e-15 7.286299535728105377e-15 2.004527461628583694e-14 1.204732731036145583e-14
-4.561461324204152479e-13 -5.632816748324979016e-13 -1.697060921815707263e-13 2.537137015297133984e-12 1.152987092510257863e-13 -6.890602263340257615e-14 4.748191103241783490e-14 1.481102488029391747e-13 1.219304356193417095e-13 4.603856284820489049e-14 -6.563979381090660561e-14 -2.065408659654328265e-14 -7.349230040593121185e-14 4.485971701069003528e-14 1.167712050766715669e-14 4.084168534058522325e-14 4.261240576218299596e-14 2.685899797206284679e-14 3.325952840478214875e-14 2.571073915399290103e-14 3.084798183484376497e-14 4.826181640627556089e-14 3.325551990978894073e-14 6.869467815442535366e-16 -3.085852105993647872e-15 -3.601038250907384413e-14
-1.636657556866651604e-13 1.045984802092171703e-13 -1.648998265821485031e-13 1.152987092510257863e-13 1.771967198414452256e-12 -7.558183051753281863e-14 1.000271666336945240e-13 1.197562014746845494e-14 1.418033933625019074e-13 6.172228933718735971e-14 2.148856343414710807e-14 -8.372960295088728931e-15 -2.903971220730487396e-14 -4.712998785895317770e-14 1.123390114248670530e-14 1.960263890920103809e-14 1.845042003345824447e-14 3.399986132433789563e-14 2.246894839083449442e-14 -1.242160323184830854e-15 2.466678168916417519e-15 1.113302686343262366e-15 -3.448153814265533751e-16 -1.935998847982462787e-14 -1.961293746835798367e-14 -2.615533145827521586e-14
4.234881121964641626e-13 -3.235684968344314905e-13 -1.280628877626995797e-13 -6.890602263340257615e-14 -7.558183051753281863e-14 1.193659084253277385e-12 -3.960477597247543265e-15 -1.950720111579128757e-14 -1.364574687926446716e-14 -5.029659450492946742e-14 2.591360063906715181e-14 -1.422341134448975399e-14 -3.888154004225539702e-15 -5.298760335361830855e-15 -1.464690081295776817e-14 -1.564055549184187929e-14 -7.889645268030118853e-15 -1.759272567355784019e-15 -2.556601596107764985e-14 -3.557355302961140655e-14 -2.142399729899740348e-14 -2.431601774693788479e-14 -2.094922992875140026e-14 -1.626213743117644097e-14 -9.021240147168132733e-15 8.448818083708745379e-16
9.752805318621527950e-14 -1.659709674931072406e-13 2.259846787659424545e-14 4.748191103241783490e-14 1.000271666336945240e-13 -3.960477597247543265e-15 7.275052402236963107e-13 6.280060933723878687e-14 -1.505628571234442434e-14 4.885674379411568977e-14 1.124120906854136430e-14 2.518391895100373025e-15 6.079810376570683212e-15 -3.329936508411578540e-14 -3.208245755032461462e-14 -6.737824843575488600e-15 -1.000053667812319380e-14 -4.956181645362235958e-15 9.410116714585462819e-15 6.851666479712880079e-15 1.497750216084637963e-14 1.512151229178701000e-14 1.307341073168795352e-14 1.553734155434474755e-15 -2.016429271164134703e-15 -4.855414893952846955e-16
3.193540772242280721e-14 -1.549304040074958247e-13 1.151733804973153835e-13 1.481102488029391747e-13 1.197562014746845494e-14 -1.950720111579128757e-14 6.280060933723878687e-14 5.641384558784504767e-13 8.427872602734158829e-14 -5.200847392039206791e-15 6.873994459524573537e-15 3.476848563503201382e-14 2.780903006378443533e-14 3.835827177052897904e-14 1.312831312586023069e-14 1.163067389948079404e-14 2.142919249937164091e-14 2.571059599755676688e-14 -2.613000058307439416e-15 -6.921225566110048645e-15 -2.908621556660253735e-14 -1.717141915377007930e-14 -1.062459968585386697e-14 -1.539707228462250987e-14 -3.679983924622853862e-15 -6.497007356207685225e-15
-1.776671236033216240e-14 -1.753945115842736876e-15 -3.969920235949587592e-14 1.219304356193417095e-13 1.418033933625019074e-13 -1.364574687926446716e-14 -1.505628571234442434e-14 8.427872602734158829e-14 3.759998084534449704e-13 1.062063224128767458e-14 1.507273889285358428e-14 -1.186272370137723728e-14 2.727762246276727400e-14 2.349927382039258042e-14 7.781260207235679642e-15 -1.878585747103927138e-15 8.620068350142088806e-15 3.365906981086387341e-15 -2.843333815762079965e-15 -7.952249621527503579e-15 -4.067112919884243539e-15 1.197026837683330155e-14 1.070902346118895537e-14 5.736643060420736114e-15 9.588203327993041689e-15 2.546721682900393243e-15
2.135853232472646244e-14 -1.349107128267919889e-13 -6.151738068428091228e-14 4.603856284820489049e-14 6.172228933718735971e-14 -5.029659450492946742e-14 4.885674379411568977e-14 -5.200847392039206791e-15 1.062063224128767458e-14 2.310689969603175616e-13 5.756626297783828308e-14 3.325809771154376156e-14 -8.711326042540486330e-16 6.249200976727060754e-15 -1.366762109564137302e-16 3.773311541440984894e-15 -8.273484695084765502e-16 -9.543627553919645993e-15 3.181859902085747460e-15 -3.011144342586875144e-15 -2.402327361397858183e-15 -2.131835359776896719e-15 6.948390204223977066e-15 8.237045452954181575e-15 5.460686985266324709e-15 -1.889861404088749741e-15
7.406578627657710250e-14 -8.406805607177534715e-14 3.616638499697495161e-14 -6.563979381090660561e-14 2.148856343414710807e-14 2.591360063906715181e-14 1.124120906854136430e-14 6.873994459524573537e-15 1.507273889285358428e-14 5.756626297783828308e-14 1.728886427198709302e-13 3.598599263930613249e-14 1.962452756172170614e-14 1.813164290454056188e-14 1.233016470838382429e-14 7.450318603981562620e-15 1.900020473530609668e-15 7.161030351876787128e-15 -6.933171382940208007e-15 -5.925789795919058881e-15 -2.074754009639366032e-15 -2.968500831347168796e-15 -5.533401118217765546e-16 4.369233585247389489e-15 -6.889466478414253059e-17 -3.871082816733585016e-15
1.080489019607088197e-13 3.483821911655672162e-14 -4.677045396026470723e-16 -2.065408659654328265e-14 -8.372960295088728931e-15 -1.422341134448975399e-14 2.518391895100373025e-15 3.476848563503201382e-14 -1.186272370137723728e-14 3.325809771154376156e-14 3.598599263930613249e-14 1.291366703599892644e-13 4.076449532383207773e-14 2.682143272806105757e-14 -3.436197580089567806e-16 8.218598921405653172e-16 -6.949295610996890959e-15 -8.640754707092414680e-15 4.301233267991081478e-16 -3.479464809554500924e-16 -1.104095607927660288e-14 -5.432783980701948915e-16 -4.098032728758988828e-15 -6.895625223654791456e-15 -5.373646374649633664e-15 -6.756297628654911090e-15
1.058039441130857203e-13 3.014869373949198121e-14 4.975205124915948852e-14 -7.349230040593121185e-14 -2.903971220730487396e-14 -3.888154004225539702e-15 6.079810376570683212e-15 2.780903006378443533e-14 2.727762246276727400e-14 -8.711326042540486330e-16 1.962452756172170614e-14 4.076449532383207773e-14 1.113235808617698014e-13 3.333644696421161057e-14 1.214130538838941987e-14 4.020935680577575758e-15 -7.044256674499436608e-15 -2.852667715857503917e-15 -8.054676736276052683e-15 -4.611714505762267740e-15 -8.417307950574094190e-15 2.164275714707167850e-15 -8.824669183535803189e-15 -1.026079127438314292e-14 -2.666927541734826200e-16 6.744811797303359175e-15
1.207884842911681346e-13 2.077358128192398913e-14 3.630627092156283562e-14 4.485971701069003528e-14 -4.712998785895317770e-14 -5.298760335361830855e-15 -3.329936508411578540e-14 3.835827177052897904e-14 2.349927382039258042e-14 6.249200976727060754e-15 1.813164290454056188e-14 2.682143272806105757e-14 3.333644696421161057e-14 8.842458359522789498e-14 3.790851357106876819e-14 1.519297897291945549e-14 -3.701343653195384086e-15 -3.522290215981520731e-17 -1.431906195904347602e-16 -3.504672461765005043e-15 -3.385155135944303635e-15 -2.331570814331809955e-15 -2.693059040485488073e-15 -2.411642458330897063e-16 -4.438190017369828523e-15 -5.877394474638205336e-15
-3.719467373207282186e-15 -4.964214523095799655e-14 1.055981408949267247e-14 1.167712050766715669e-14 1.123390114248670530e-14 -1.464690081295776817e-14 -3.208245755032461462e-14 1.312831312586023069e-14 7.781260207235679642e-15 -1.366762109564137302e-16 1.233016470838382429e-14 -3.436197580089567806e-16 1.214130538838941987e-14 3.790851357106876819e-14 8.664097551185525571e-14 3.518311836678941812e-14 6.850614196686487130e-15 6.768011412131656630e-15 -1.496816933744973175e-16 -4.736628397633657994e-15 -7.132076569746515667e-15 -8.594912432435884367e-15 -2.212457446874116307e-15 -4.501069062737067850e-15 -6.625004809426305732e-15 -7.877952793877793730e-15
8.590505562708024796e-14 3.420242028560617736e-14 7.157685735945372383e-14 4.084168534058522325e-14 1.960263890920103809e-14 -1.564055549184187929e-14 -6.737824843575488600e-15 1.163067389948079404e-14 -1.878585747103927138e-15 3.773311541440984894e-15 7.450318603981562620e-15 8.218598921405653172e-16 4.020935680577575758e-15 1.519297897291945549e-14 3.518311836678941812e-14 7.159821914875241277e-14 2.171882537202518855e-14 1.270510589256475348e-14 5.845960887170197250e-15 7.943058582918038885e-16 3.908540057857154205e-15 -1.673246905060057251e-15 -2.073747938341851256e-15 -4.407776714533868211e-15 -6.535121449158466965e-15 -1.498862073887151874e-14
2.345110677521320460e-14 4.483019942994112606e-14 3.831591526689052456e-14 4.261240576218299596e-14 1.845042003345824447e-14 -7.889645268030118853e-15 -1.000053667812319380e-14 2.142919249937164091e-14 8.620068350142088806e-15 -8.273484695084765502e-16 1.900020473530609668e-15 -6.949295610996890959e-15 -7.044256674499436608e-15 -3.701343653195384086e-15 6.850614196686487130e-15 2.171882537202518855e-14 5.065135864620150594e-14 2.314982563465309222e-14 7.200332103274790793e-15 7.768026717285531133e-15 5.344821472037874312e-15 -2.122022728964803095e-15 -7.341115741056852277e-17 1.405118784863949562e-15 -1.921693709693135470e-15 -5.049986223799128614e-15
-4.323041119661864959e-14 7.337416335892091923e-15 1.639495141270720974e-14 2.685899797206284679e-14 3.399986132433789563e-14 -1.759272567355784019e-15 -4.956181645362235958e-15 2.571059599755676688e-14 3.365906981086387341e-15 -9.543627553919645993e-15 7.161030351876787128e-15 -8.640754707092414680e-15 -2.852667715857503917e-15 -3.522290215981520731e-17 6.768011412131656630e-15 1.270510589256475348e-14 2.314982563465309222e-14 5.406617738393622714e-14 2.352014224785702623e-14 1.168652798347130567e-14 8.722929816716010665e-15 3.913764973059446556e-16 -8.390334068320071065e-16 -4.077682763141928780e-15 -4.394250218302076221e-15 -4.959522162934705529e-15
-1.171330006253080189e-13 2.278533211284685330e-14 -3.657117901874050602e-14 3.325952840478214875e-14 2.246894839083449442e-14 -2.556601596107764985e-14 9.410116714585462819e-15 -2.613000058307439416e-15 -2.843333815762079965e-15 3.181859902085747460e-15 -6.933171382940208007e-15 4.301233267991081478e-16 -8.054676736276052683e-15 -1.431906195904347602e-16 -1.496816933744973175e-16 5.845960887170197250e-15 7.200332103274790793e-15 2.352014224785702623e-14 4.455250050706371730e-14 2.268606297670443687e-14 1.734570017391764673e-14 6.879982661153682785e-15 2.539704743588816750e-15 -1.151601774151501105e-15 -5.138681612955517688e-15 -8.309879893923582007e-15
-6.980588189617896710e-14 1.786777733026198534e-14 -2.481553826897168080e-14 2.571073915399290103e-14 -1.242160323184830854e-15 -3.557355302961140655e-14 6.851666479712880079e-15 -6.921225566110048645e-15 -7.952249621527503579e-15 -3.011144342586875144e-15 -5.925789795919058881e-15 -3.479464809554500924e-16 -4.611714505762267740e-15 -3.504672461765005043e-15 -4.736628397633657994e-15 7.943058582918038885e-16 7.768026717285531133e-15 1.168652798347130567e-14 2.268606297670443687e-14 4.386099602111844315e-14 2.355097436473535785e-14 1.131862320213278280e-14 6.193360736665357935e-15 4.311828524281981925e-15 7.424924831349053398e-16 -2.180900588409349441e-15
-5.236001904455543838e-14 7.222904333412819642e-14 2.805281301279181762e-14 3.084798183484376497e-14 2.466678168916417519e-15 -2.142399729899740348e-14 1.497750216084637963e-14 -2.908621556660253735e-14 -4.067112919884243539e-15 -2.402327361397858183e-15 -2.074754009639366032e-15 -1.104095607927660288e-14 -8.417307950574094190e-15 -3.385155135944303635e-15 -7.132076569746515667e-15 3.908540057857154205e-15 5.344821472037874312e-15 8.722929816716010665e-15 1.734570017391764673e-14 2.355097436473535785e-14 4.667419629624131453e-14 2.334736044799913943e-14 1.357647496239405972e-14 1.140857056007657533e-14 5.552424369577109425e-15 2.222576442258630816e-15
1.081493910846894280e-15 6.902802259995580463e-14 1.182043185531283929e-14 4.826181640627556089e-14 1.113302686343262366e-15 -2.431601774693788479e-14 1.512151229178701000e-14 -1.717141915377007930e-14 1.197026837683330155e-14 -2.131835359776896719e-15 -2.968500831347168796e-15 -5.432783980701948915e-16 2.164275714707167850e-15 -2.331570814331809955e-15 -8.594912432435884367e-15 -1.673246905060057251e-15 -2.122022728964803095e-15 3.913764973059446556e-16 6.879982661153682785e-15 1.131862320213278280e-14 2.334736044799913943e-14 3.550377081617182182e-14 1.880071232963651394e-14 9.476382499625350151e-15 5.554746527585868318e-15 1.651441759898366463e-15
-1.073244984879293505e-14 -1.860013509929941444e-14 4.450205620310529759e-15 3.325551990978894073e-14 -3.448153814265533751e-16 -2.094922992875140026e-14 1.307341073168795352e-14 -1.062459968585386697e-14 1.070902346118895537e-14 6.948390204223977066e-15 -5.533401118217765546e-16 -4.098032728758988828e-15 -8.824669183535803189e-15 -2.693059040485488073e-15 -2.212457446874116307e-15 -2.073747938341851256e-15 -7.341115741056852277e-17 -8.390334068320071065e-16 2.539704743588816750e-15 6.193360736665357935e-15 1.357647496239405972e-14 1.880071232963651394e-14 2.796437354696585618e-14 1.535878574575668526e-14 5.306805962866490854e-15 1.782442286516226761e-15
1.106754775151680140e-14 3.309803215148555283e-14 7.286299535728105377e-15 6.869467815442535366e-16 -1.935998847982462787e-14 -1.626213743117644097e-14 1.553734155434474755e-15 -1.539707228462250987e-14 5.736643060420736114e-15 8.237045452954181575e-15 4.369233585247389489e-15 -6.895625223654791456e-15 -1.026079127438314292e-14 -2.411642458330897063e-16 -4.501069062737067850e-15 -4.407776714533868211e-15 1.405118784863949562e-15 -4.077682763141928780e-15 -1.151601774151501105e-15 4.311828524281981925e-15 1.140857056007657533e-14 9.476382499625350151e-15 1.535878574575668526e-14 2.753012521374888633e-14 1.198469570392066716e-14 8.421447625130992758e-15
-1.825327230967443757e-14 -1.016904127403560555e-14 2.004527461628583694e-14 -3.085852105993647872e-15 -1.961293746835798367e-14 -9.021240147168132733e-15 -2.016429271164134703e-15 -3.679983924622853862e-15 9.588203327993041689e-15 5.460686985266324709e-15 -6.889466478414253059e-17 -5.373646374649633664e-15 -2.666927541734826200e-16 -4.438190017369828523e-15 -6.625004809426305732e-15 -6.535121449158466965e-15 -1.921693709693135470e-15 -4.394250218302076221e-15 -5.138681612955517688e-15 7.424924831349053398e-16 5.552424369577109425e-15 5.554746527585868318e-15 5.306805962866490854e-15 1.198469570392066716e-14 2.459623522435960189e-14 1.918593340383159358e-14
-2.995250612187879961e-14 9.042694669082154978e-15 1.204732731036145583e-14 -3.601038250907384413e-14 -2.615533145827521586e-14 8.448818083708745379e-16 -4.855414893952846955e-16 -6.497007356207685225e-15 2.546721682900393243e-15 -1.889861404088749741e-15 -3.871082816733585016e-15 -6.756297628654911090e-15 6.744811797303359175e-15 -5.877394474638205336e-15 -7.877952793877793730e-15 -1.498862073887151874e-14 -5.049986223799128614e-15 -4.959522162934705529e-15 -8.309879893923582007e-15 -2.180900588409349441e-15 2.222576442258630816e-15 1.651441759898366463e-15 1.782442286516226761e-15 8.421447625130992758e-15 1.918593340383159358e-14 3.373747693665103920e-14
