1.055647698388366587e-11 5.083939334741060706e-13 9.041026069490735090e-14 1.605500734354965894e-14 -6.175617266106078258e-13 -8.715274906160563506e-14 -3.724864115653833708e-14 8.717921076383225859e-14 1.422503820610179938e-13 -1.217439804486645107e-13 -9.418700762141754488e-14 -4.460060189159963110e-14 -1.863490671499718045e-13 -6.078246438903409388e-14 -4.604402783622191090e-14 -7.904018794375476114e-14 -4.092348046618160126e-14 -1.990506829808639871e-14 -2.433573474883721573e-14 -4.707837635842597190e-14 -1.894382083519861002e-14 8.442829956871749023e-14 2.838450880674994793e-15 -4.303764455603242103e-14 -1.324566865593500683e-14 6.928797728541983920e-14
5.083939334741060706e-13 6.013392038842540844e-12 4.387323024375149723e-13 7.142230631036206237e-13 9.757456336792515524e-14 2.369270004769991388e-13 6.362575116358236638e-14 -2.597231084587560629e-13 -1.302476031531642832e-13 -4.506097943619117731e-14 -1.008733965596880253e-13 6.709431050324132034e-14 -8.046030204679851169e-14 1.918282880248794065e-15 -1.913342491434312095e-14 1.131161175932820733e-14 1.815178389506163388e-14 -1.352395281706669988e-14 -2.072821332584158149e-14 -1.397289507453566789e-13 -1.181963465431747633e-13 -6.829207583099958648e-14 2.776742560709503476e-14 2.343821267751608428e-14 -1.063365548066971196e-13 -9.141684681454526016e-14
9.041026069490735090e-14 4.387323024375149723e-13 4.443067319945043984e-12 3.390448137276596604e-13 -5.276177896187638673e-14 1.503502230376978850e-13 3.399397414258823656e-14 1.664481513796077421e-13 -3.735431775583054701e-14 -1.447569848450933404e-14 1.636944918937709682e-15 -1.745766239661373265e-14 1.854531469546105995e-14 7.298754174818067142e-15 -1.464383834662787801e-14 -8.797687359715780578e-14 -7.717203343127227092e-14 -1.822517200510460524e-14 -6.596268577604570826e-14 -2.813187069094311318e-14 -2.185890587538349684e-14 -3.882045766554604256e-15 -1.653813045638689114e-14 -7.144804023155022097e-15 4.840004213252167068e-14 2.447102732734008652e-15
1.605500734354965894e-14 7.142230631036206237e-13 3.390448137276596604e-13 3.266904655875659783e-12 1.589074242727070801e-13 -1.483353524101579215e-13 4.668528271698781815e-14 8.693241514804952952e-14 8.591604408660394645e-14 3.048780619152249858e-14 3.806498921108271498e-15 9.617017926890546144e-14 7.964291603908350214e-15 4.982002494468026247e-14 -4.977513131352584661e-14 -6.142479773453074781e-14 -5.968068920081842743e-14 -1.331075207768211921e-14 -4.843660054311869189e-14 -8.387942378345731017e-14 -3.676403161876668466e-14 -3.715148740192573747e-14 2.711028585624955779e-15 4.200648387368025963e-15 -3.312868557460275877e-14 -1.895951593017710482e-14
-6.175617266106078258e-13 9.757456336792515524e-14 -5.276177896187638673e-14 1.589074242727070801e-13 1.932069431829804476e-12 3.520999323391221612e-13 4.929662459093957663e-14 6.246351180892476688e-14 1.110062496895656501e-14 1.719003811119672873e-14 -1.132271703879473616e-15 9.673320747927395605e-15 2.973813565049479336e-14 1.252475527802708459e-14 7.850384123192191547e-14 4.886310944439413966e-14 1.900695560047359572e-14 -1.134866650442873662e-14 -6.484917728906765246e-14 -6.253442584881552489e-14 -5.636103163284613243e-14 -3.173993258153264487e-14 -3.518651408344736156e-15 -1.272397937851639703e-14 -3.245243967805114052e-14 -1.735567712716251323e-14
-8.715274906160563506e-14 2.369270004769991388e-13 1.503502230376978850e-13 -1.483353524101579215e-13 3.520999323391221612e-13 1.527681197722715930e-12 2.585581343434817573e-13 1.351014267222062059e-13 7.086972693424172610e-14 -1.176846565209635220e-14 -7.545360972774216792e-14 -2.947020636323493590e-14 -1.162703385123288028e-13 -3.524384874689874126e-14 1.942094803532540643e-14 1.747221382061520666e-14 -5.477377120577193351e-15 -4.143188139571022055e-14 -4.413357761495517140e-14 -6.863692010810554644e-14 -8.111012089145231474e-14 -4.956072630287086449e-14 -4.046741301455556488e-14 -2.552372568122157585e-14 -6.057450919343500805e-14 -2.816359835229148379e-14
-3.724864115653833708e-14 6.362575116358236638e-14 3.399397414258823656e-14 4.668528271698781815e-14 4.929662459093957663e-14 2.585581343434817573e-13 8.826468515249315713e-13 1.891413982636542813e-13 -5.880014615749775043e-15 -3.864769471810146247e-15 4.575156094523409260e-14 1.251983944255309037e-14 1.060858785990470903e-14 5.315256894049037566e-14 5.299596377619294379e-14 1.825784348619304666e-14 1.233960602368537837e-15 -1.417930060037649547e-14 5.369241520098709551e-15 -3.403404164254121683e-14 -5.497336606276860009e-14 -1.959136383974479305e-14 -8.204654700435311251e-15 1.916325867761823009e-15 -2.755467695416328645e-15 1.075750571403794146e-14
8.717921076383225859e-14 -2.597231084587560629e-13 1.664481513796077421e-13 8.693241514804952952e-14 6.246351180892476688e-14 1.351014267222062059e-13 1.891413982636542813e-13 5.868588334869087426e-13 5.492540885936438227e-14 -1.536845784667999689e-14 2.136975239000245746e-15 5.560292790114187383e-15 4.300643957298837691e-16 2.134697073775086104e-14 3.399756365457745249e-14 -3.620405894672693666e-15 6.609354662060589835e-15 8.966682013780487723e-15 3.292550904197992631e-14 3.233189416094132496e-14 -1.683605196236694120e-15 -4.577753769402126262e-15 -9.550401976336329169e-15 -3.236264203947909114e-15 1.886700608292582396e-14 2.884237711241683910e-14
1.422503820610179938e-13 -1.302476031531642832e-13 -3.735431775583054701e-14 8.591604408660394645e-14 1.110062496895656501e-14 7.086972693424172610e-14 -5.880014615749775043e-15 5.492540885936438227e-14 4.738311258080056679e-13 -7.206322456533649997e-15 1.318505951968205889e-14 -4.854658188232550726e-14 3.491855190029915956e-15 2.507945829710046147e-14 1.038809638424378057e-14 -3.435471407687058182e-15 -1.806481596302599302e-14 -2.339268831370636100e-14 -3.529953293809915266e-15 -4.670853864966216099e-15 -1.001733933712915541e-15 1.685157809641301035e-14 9.612550217572220150e-15 3.958348014149959462e-15 4.871449457919646002e-15 -8.443168565009603744e-16
-1.217439804486645107e-13 -4.506097943619117731e-14 -1.447569848450933404e-14 3.048780619152249858e-14 1.719003811119672873e-14 -1.176846565209635220e-14 -3.864769471810146247e-15 -1.536845784667999689e-14 -7.206322456533649997e-15 2.522060894722098243e-13 5.955562330628183487e-14 2.742779271422975013e-14 4.049992522986454336e-15 8.318414125853170679e-15 -1.220829220713285725e-14 -5.221018497617248848e-15 -3.816680319008851757e-15 -3.836624525449253509e-15 -3.547135141341734836e-15 3.722415221828945138e-15 1.834775512404100848e-14 -2.154553013198009495e-15 9.718588899497970712e-15 2.869006120633870110e-16 -8.549645426330139820e-15 -6.832670470297681165e-15
-9.418700762141754488e-14 -1.008733965596880253e-13 1.636944918937709682e-15 3.806498921108271498e-15 -1.132271703879473616e-15 -7.545360972774216792e-14 4.575156094523409260e-14 2.136975239000245746e-15 1.318505951968205889e-14 5.955562330628183487e-14 2.148822314142017532e-13 4.331721548261130775e-14 2.854874885818524453e-14 8.462957970110880843e-15 5.677022528445571316e-15 6.132434312141815093e-15 3.934865162277893218e-16 -7.026138334083819038e-15 -1.113166301659110895e-14 -8.312179016997590943e-15 -8.217795965244349938e-15 -6.416173984901590747e-15 -3.082411627496096747e-15 -2.313116225956247225e-15 -8.852055293181566528e-15 -1.032973547557182607e-14
-4.460060189159963110e-14 6.709431050324132034e-14 -1.745766239661373265e-14 9.617017926890546144e-14 9.673320747927395605e-15 -2.947020636323493590e-14 1.251983944255309037e-14 5.560292790114187383e-15 -4.854658188232550726e-14 2.742779271422975013e-14 4.331721548261130775e-14 1.647301812398459586e-13 3.155440021579449584e-14 1.182248713493386966e-14 1.087372642245524905e-14 8.829461972701085913e-15 1.327197521998464170e-14 -9.673642103573074830e-16 -1.561762703312868256e-14 -2.849184869295198332e-15 -7.351261164982145762e-15 -7.419919007449639771e-15 -1.923808224233388049e-15 -1.363333313302803670e-14 -2.225780759524860075e-14 -1.239773158083740515e-14
-1.863490671499718045e-13 -8.046030204679851169e-14 1.854531469546105995e-14 7.964291603908350214e-15 2.973813565049479336e-14 -1.162703385123288028e-13 1.060858785990470903e-14 4.300643957298837691e-16 3.491855190029915956e-15 4.049992522986454336e-15 2.854874885818524453e-14 3.155440021579449584e-14 1.288380011570638314e-13 5.906108009539543234e-14 2.519614110669218142e-14 4.309505907579660394e-15 -3.101170488057719308e-15 7.571421103417018138e-15 -2.731822954852306449e-15 4.867985979857330934e-15 -4.726964239424831677e-16 6.025592412591565570e-15 5.636188269761973153e-15 -2.127835279843946295e-15 4.893907394970302893e-15 -1.317284875601177534e-14
-6.078246438903409388e-14 1.918282880248794065e-15 7.298754174818067142e-15 4.982002494468026247e-14 1.252475527802708459e-14 -3.524384874689874126e-14 5.315256894049037566e-14 2.134697073775086104e-14 2.507945829710046147e-14 8.318414125853170679e-15 8.462957970110880843e-15 1.182248713493386966e-14 5.906108009539543234e-14 1.286702102908624529e-13 5.098271205472980500e-14 2.224945767042287488e-14 9.384252893588289690e-15 1.840784804956775302e-14 1.263774343174370081e-14 7.812079386708024906e-15 8.111863843320457680e-15 1.239333742301045573e-14 1.112106460918226685e-14 5.993053174847850867e-15 1.376346153403288999e-14 -1.039135247312586398e-15
-4.604402783622191090e-14 -1.913342491434312095e-14 -1.464383834662787801e-14 -4.977513131352584661e-14 7.850384123192191547e-14 1.942094803532540643e-14 5.299596377619294379e-14 3.399756365457745249e-14 1.038809638424378057e-14 -1.220829220713285725e-14 5.677022528445571316e-15 1.087372642245524905e-14 2.519614110669218142e-14 5.098271205472980500e-14 9.475606774857191041e-14 4.622305516847778385e-14 2.252509652213204072e-14 1.522403558220489106e-14 2.020446072743202269e-14 1.326108832928746434e-14 3.939808229872375658e-15 5.995312880180053817e-15 8.053995980432404101e-15 5.518162642144767685e-15 7.650191970082179794e-15 5.427317012571511966e-15
-7.904018794375476114e-14 1.131161175932820733e-14 -8.797687359715780578e-14 -6.142479773453074781e-14 4.886310944439413966e-14 1.747221382061520666e-14 1.825784348619304666e-14 -3.620405894672693666e-15 -3.435471407687058182e-15 -5.221018497617248848e-15 6.132434312141815093e-15 8.829461972701085913e-15 4.309505907579660394e-15 2.224945767042287488e-14 4.622305516847778385e-14 8.685985872535054251e-14 5.068126866051207201e-14 2.778991918235394467e-14 2.996395957398810638e-14 1.733942167011433763e-14 1.345975972140964481e-14 5.760120555391641146e-15 7.090369238454822072e-15 2.181242871965671964e-15 -9.955673527644492567e-16 2.333612163237819311e-15
-4.092348046618160126e-14 1.815178389506163388e-14 -7.717203343127227092e-14 -5.968068920081842743e-14 1.900695560047359572e-14 -5.477377120577193351e-15 1.233960602368537837e-15 6.609354662060589835e-15 -1.806481596302599302e-14 -3.816680319008851757e-15 3.934865162277893218e-16 1.327197521998464170e-14 -3.101170488057719308e-15 9.384252893588289690e-15 2.252509652213204072e-14 5.068126866051207201e-14 8.919208314495073662e-14 4.700123840661834696e-14 3.861395958912156324e-14 2.235199056034192906e-14 2.164198441235610100e-14 1.091610160061246898e-14 9.086654484861062098e-15 2.783141790497572213e-15 -1.626709233884290454e-15 -1.724987262048488560e-16
-1.990506829808639871e-14 -1.352395281706669988e-14 -1.822517200510460524e-14 -1.331075207768211921e-14 -1.134866650442873662e-14 -4.143188139571022055e-14 -1.417930060037649547e-14 8.966682013780487723e-15 -2.339268831370636100e-14 -3.836624525449253509e-15 -7.026138334083819038e-15 -9.673642103573074830e-16 7.571421103417018138e-15 1.840784804956775302e-14 1.522403558220489106e-14 2.778991918235394467e-14 4.700123840661834696e-14 7.700740240385994582e-14 4.905689120625328074e-14 3.874700818658634920e-14 3.072208965391867749e-14 1.834413012817550054e-14 1.325377679988300597e-14 1.015512316371967348e-14 1.024693588363946655e-14 3.741484450504300825e-15
-2.433573474883721573e-14 -2.072821332584158149e-14 -6.596268577604570826e-14 -4.843660054311869189e-14 -6.484917728906765246e-14 -4.413357761495517140e-14 5.369241520098709551e-15 3.292550904197992631e-14 -3.529953293809915266e-15 -3.547135141341734836e-15 -1.113166301659110895e-14 -1.561762703312868256e-14 -2.731822954852306449e-15 1.263774343174370081e-14 2.020446072743202269e-14 2.996395957398810638e-14 3.861395958912156324e-14 4.905689120625328074e-14 8.915426873486787495e-14 6.690397302376534534e-14 4.127330723922345305e-14 2.624308576594285227e-14 1.976081229887589974e-14 1.356874892434726143e-14 1.676315148739471899e-14 1.483379202455417331e-14
-4.707837635842597190e-14 -1.397289507453566789e-13 -2.813187069094311318e-14 -8.387942378345731017e-14 -6.253442584881552489e-14 -6.863692010810554644e-14 -3.403404164254121683e-14 3.233189416094132496e-14 -4.670853864966216099e-15 3.722415221828945138e-15 -8.312179016997590943e-15 -2.849184869295198332e-15 4.867985979857330934e-15 7.812079386708024906e-15 1.326108832928746434e-14 1.733942167011433763e-14 2.235199056034192906e-14 3.874700818658634920e-14 6.690397302376534534e-14 9.937128167506224180e-14 6.174176232557494513e-14 3.442481836723523998e-14 2.822487652598046916e-14 1.822269399052160702e-14 2.390458542642467473e-14 1.620321049078618585e-14
-1.894382083519861002e-14 -1.181963465431747633e-13 -2.185890587538349684e-14 -3.676403161876668466e-14 -5.636103163284613243e-14 -8.111012089145231474e-14 -5.497336606276860009e-14 -1.683605196236694120e-15 -1.001733933712915541e-15 1.834775512404100848e-14 -8.217795965244349938e-15 -7.351261164982145762e-15 -4.726964239424831677e-16 8.111863843320457680e-15 3.939808229872375658e-15 1.345975972140964481e-14 2.164198441235610100e-14 3.072208965391867749e-14 4.127330723922345305e-14 6.174176232557494513e-14 8.539272129366262149e-14 4.784369895389778636e-14 3.199911368636510836e-14 2.046527155780281043e-14 2.555984746599324712e-14 1.574690316850720042e-14
8.442829956871749023e-14 -6.829207583099958648e-14 -3.882045766554604256e-15 -3.715148740192573747e-14 -3.173993258153264487e-14 -4.956072630287086449e-14 -1.959136383974479305e-14 -4.577753769402126262e-15 1.685157809641301035e-14 -2.154553013198009495e-15 -6.416173984901590747e-15 -7.419919007449639771e-15 6.025592412591565570e-15 1.239333742301045573e-14 5.995312880180053817e-15 5.760120555391641146e-15 1.091610160061246898e-14 1.834413012817550054e-14 2.624308576594285227e-14 3.442481836723523998e-14 4.784369895389778636e-14 6.374885098822599689e-14 4.248367249615308260e-14 2.077566609909847253e-14 1.782210347965147493e-14 1.643449087354450350e-14
2.838450880674994793e-15 2.776742560709503476e-14 -1.653813045638689114e-14 2.711028585624955779e-15 -3.518651408344736156e-15 -4.046741301455556488e-14 -8.204654700435311251e-15 -9.550401976336329169e-15 9.612550217572220150e-15 9.718588899497970712e-15 -3.082411627496096747e-15 -1.923808224233388049e-15 5.636188269761973153e-15 1.112106460918226685e-14 8.053995980432404101e-15 7.090369238454822072e-15 9.086654484861062098e-15 1.325377679988300597e-14 1.976081229887589974e-14 2.822487652598046916e-14 3.199911368636510836e-14 4.248367249615308260e-14 5.986530002095494958e-14 3.443889183629752893e-14 1.728911588404099318e-14 1.353706714571416230e-14
-4.303764455603242103e-14 2.343821267751608428e-14 -7.144804023155022097e-15 4.200648387368025963e-15 -1.272397937851639703e-14 -2.552372568122157585e-14 1.916325867761823009e-15 -3.236264203947909114e-15 3.958348014149959462e-15 2.869006120633870110e-16 -2.313116225956247225e-15 -1.363333313302803670e-14 -2.127835279843946295e-15 5.993053174847850867e-15 5.518162642144767685e-15 2.181242871965671964e-15 2.783141790497572213e-15 1.015512316371967348e-14 1.356874892434726143e-14 1.822269399052160702e-14 2.046527155780281043e-14 2.077566609909847253e-14 3.443889183629752893e-14 5.009082822639136703e-14 3.056519297438218725e-14 1.836007198304872317e-14
-1.324566865593500683e-14 -1.063365548066971196e-13 4.840004213252167068e-14 -3.312868557460275877e-14 -3.245243967805114052e-14 -6.057450919343500805e-14 -2.755467695416328645e-15 1.886700608292582396e-14 4.871449457919646002e-15 -8.549645426330139820e-15 -8.852055293181566528e-15 -2.225780759524860075e-14 4.893907394970302893e-15 1.376346153403288999e-14 7.650191970082179794e-15 -9.955673527644492567e-16 -1.626709233884290454e-15 1.024693588363946655e-14 1.676315148739471899e-14 2.390458542642467473e-14 2.555984746599324712e-14 1.782210347965147493e-14 1.728911588404099318e-14 3.056519297438218725e-14 6.412218469069768607e-14 3.745534048955110979e-14
6.928797728541983920e-14 -9.141684681454526016e-14 2.447102732734008652e-15 -1.895951593017710482e-14 -1.735567712716251323e-14 -2.816359835229148379e-14 1.075750571403794146e-14 2.884237711241683910e-14 -8.443168565009603744e-16 -6.832670470297681165e-15 -1.032973547557182607e-14 -1.239773158083740515e-14 -1.317284875601177534e-14 -1.039135247312586398e-15 5.427317012571511966e-15 2.333612163237819311e-15 -1.724987262048488560e-16 3.741484450504300825e-15 1.483379202455417331e-14 1.620321049078618585e-14 1.574690316850720042e-14 1.643449087354450350e-14 1.353706714571416230e-14 1.836007198304872317e-14 3.745534048955110979e-14 5.025679608218947517e-14
