1.032173495704176060e-11 1.233846652776448006e-12 9.742135270915138207e-13 -1.746559062954986390e-13 -5.692564355874957219e-13 7.276815057356260830e-14 -3.495105523134231908e-13 -2.389685206303739323e-13 -2.373190338826727325e-13 -6.610183215777403837e-14 5.417255170013276446e-14 8.273902935903550146e-14 -8.257040131872590028e-14 -4.054327129879022615e-14 6.876615750061059809e-14 1.605464599635805777e-14 -2.847698943841288896e-14 -1.795079475903987176e-14 -2.211344348642771599e-14 -1.506260781704637897e-15 6.085156141096787124e-14 3.076071095424515663e-14 2.087850403931970363e-16 6.641706083062329790e-14 7.915983695282304902e-14 -3.602343066118149116e-14
1.233846652776448006e-12 7.766591777192765880e-12 3.812290039724710867e-13 -3.836090572632740145e-13 -5.300212667529906770e-14 -1.279986966641956562e-13 -6.819882182296774814e-14 -1.361104797001813612e-13 -1.024297020716229807e-13 5.273306017552050166e-14 -6.153938513783036348e-15 -4.778163321183750984e-14 -4.282663930433377600e-14 -1.376908903872298775e-13 1.512992375043304090e-14 -1.664724824710060682e-14 -4.498626214497401438e-14 -1.121752047552742247e-13 -9.286793808735901365e-15 2.046747209196824195e-14 2.816365523702095027e-14 7.043260012775995201e-15 -1.650008338098587722e-14 -5.150690611889447900e-14 -2.590048118849424020e-14 -3.936611354173475835e-14
9.742135270915138207e-13 3.812290039724710867e-13 4.551781765327673733e-12 4.752560009989858336e-13 2.812772997477306083e-13 8.806457751639860556e-14 -2.066643300701709979e-13 -5.632679993407030625e-14 -7.724986579178916128e-14 -9.412295356714939798e-15 -3.441866630029857154e-14 7.840730589621454011e-14 -8.507140252275349431e-14 -5.735341214026038490e-14 9.428351892573477968e-15 8.378422974001632894e-14 3.986320382802917843e-14 -5.849001333300622369e-15 5.888056527398100062e-14 6.357261344515398524e-14 4.333862471299635059e-14 5.413260874568000607e-15 2.218843354784229589e-14 4.197996466160515349e-14 -1.680749183691588849e-14 1.083596570213295932e-16
-1.746559062954986390e-13 -3.836090572632740145e-13 4.752560009989858336e-13 2.695465980149839210e-12 2.888377080228813009e-13 -1.473720567116920228e-13 1.280511936458855088e-13 -3.034412572803966830e-14 -3.369380010474884812e-14 7.549690129106344872e-14 9.744857042579776722e-14 3.125577693627288208e-14 -5.102596561489559852e-14 3.929341742911612779e-15 4.283844557259858135e-14 6.512215961705366486e-14 5.539992478453888502e-14 4.301966861682170685e-14 4.844345440609445173e-14 -1.327292372812801931e-14 -2.402614418197858897e-15 3.198502299232540997e-14 3.100946754886776512e-14 2.724290634351291104e-14 1.984626680764077294e-14 1.608199746172231003e-14
-5.692564355874957219e-13 -5.300212667529906770e-14 2.812772997477306083e-13 2.888377080228813009e-13 1.912426645743445542e-12 2.540752704059591508e-13 8.173933297206152623e-14 5.006308708931913226e-14 1.194375972990408277e-13 -1.004786758520230984e-14 -7.296667204035698489e-14 -2.448128506459276630e-14 2.746266458855322397e-15 -1.245679102480361232e-14 -3.413216108542255832e-14 -2.547177165712894215e-15 6.374223037205767970e-14 5.323272710522527781e-14 4.510467483611019240e-14 9.129693938802483442e-15 3.746154536323625289e-14 -3.722100177151784809e-15 -7.479205094277982827e-15 -1.574751047811539797e-14 -1.475091411364758688e-14 3.410142662850641321e-14
7.276815057356260830e-14 -1.279986966641956562e-13 8.806457751639860556e-14 -1.473720567116920228e-13 2.540752704059591508e-13 1.239035092382468433e-12 1.632333358968604957e-13 1.088643305791046389e-13 1.221692197137070926e-13 2.516186690053477052e-14 -8.855877667414177014e-14 -2.576336646596542793e-14 1.313769203246390639e-14 -1.896350833219634956e-14 -2.988747575552297399e-14 -8.480710154072376566e-15 -2.268814529071462608e-14 2.257595908128053375e-15 2.213333418028189344e-14 1.209727459654399269e-14 2.798540586919257686e-14 2.143557248351247270e-14 7.948161895747173367e-15 6.650231227115420217e-15 -1.165590092909380921e-14 2.602262674847510779e-14
-3.495105523134231908e-13 -6.819882182296774814e-14 -2.066643300701709979e-13 1.280511936458855088e-13 8.173933297206152623e-14 1.632333358968604957e-13 9.404867675744165245e-13 1.049745615855282320e-13 7.599909840996886938e-14 -7.471407080414799814e-15 7.425081899163253662e-15 1.311755205145671445e-14 7.322279377453784000e-14 1.084097178111587175e-14 -1.436943511569968288e-14 -5.798978507106270613e-14 -1.468343600993529935e-14 -1.924240065448814241e-14 2.877810513538049861e-15 1.218684920513850638e-14 3.902817927364321999e-15 -3.203911171171993407e-16 5.193152181433179605e-15 2.392352682905932580e-14 2.299590805428441060e-14 1.213541293854076192e-14
-2.389685206303739323e-13 -1.361104797001813612e-13 -5.632679993407030625e-14 -3.034412572803966830e-14 5.006308708931913226e-14 1.088643305791046389e-13 1.049745615855282320e-13 5.054805715754342085e-13 1.267700581019468815e-13 4.121035422048585432e-14 -9.216340791542012884e-16 1.878511743885236112e-15 -3.477954199736685404e-15 -7.750919447299372985e-16 -3.134740192451231690e-14 -2.212907919387590043e-14 -9.960231509623205577e-16 3.817420148786423865e-15 -1.202003970913277170e-14 -7.743919201311533285e-15 6.107062903739923437e-16 -5.472383195910598321e-16 1.448201676536710193e-14 2.038813557848604972e-14 4.229832885886786763e-15 1.383807295008819456e-15
-2.373190338826727325e-13 -1.024297020716229807e-13 -7.724986579178916128e-14 -3.369380010474884812e-14 1.194375972990408277e-13 1.221692197137070926e-13 7.599909840996886938e-14 1.267700581019468815e-13 4.570214965178668518e-13 1.012349332928611683e-13 3.554055606268279931e-14 3.387732824757683675e-14 2.376805168758694848e-14 -1.477720735165130424e-14 -1.138305977428808465e-14 -2.889555015440654853e-14 -1.500901347704364108e-14 -3.784637864502196714e-15 -1.149523380302669653e-14 5.645835631277444521e-15 1.185245325958893222e-14 6.075939453748605471e-15 -5.954677923103323914e-15 1.777344806963637424e-15 1.086551841788658029e-15 1.547088111546818190e-14
-6.610183215777403837e-14 5.273306017552050166e-14 -9.412295356714939798e-15 7.549690129106344872e-14 -1.004786758520230984e-14 2.516186690053477052e-14 -7.471407080414799814e-15 4.121035422048585432e-14 1.012349332928611683e-13 2.194429584730898632e-13 6.107408612601964128e-14 4.212710372399345713e-14 2.537072030637876690e-14 -6.536802018414990367e-15 8.047798848279864882e-15 2.107627443153431592e-15 1.307051865927254982e-15 5.060366442701435707e-15 -1.390676421192614316e-15 -1.972914003786134626e-16 -4.995909691905680888e-15 -1.325811580424247515e-14 -7.634540706948297381e-15 4.066179050664113904e-15 5.450764741128386817e-15 3.684371829087944283e-15
5.417255170013276446e-14 -6.153938513783036348e-15 -3.441866630029857154e-14 9.744857042579776722e-14 -7.296667204035698489e-14 -8.855877667414177014e-14 7.425081899163253662e-15 -9.216340791542012884e-16 3.554055606268279931e-14 6.107408612601964128e-14 2.336673018491967010e-13 9.220650511133797004e-14 5.100696872456395639e-14 1.313142143704289774e-14 1.855532267548939575e-14 4.568069804911362139e-15 2.197657265219070931e-14 1.718501540915179799e-14 1.450644015514191990e-14 -7.603618413410899439e-15 -6.714340189997037951e-15 -3.148884927932288185e-15 7.645520441178421874e-16 2.940241988808893263e-15 -6.939022461576291059e-16 -2.860537768379366662e-15
8.273902935903550146e-14 -4.778163321183750984e-14 7.840730589621454011e-14 3.125577693627288208e-14 -2.448128506459276630e-14 -2.576336646596542793e-14 1.311755205145671445e-14 1.878511743885236112e-15 3.387732824757683675e-14 4.212710372399345713e-14 9.220650511133797004e-14 2.214871797403493751e-13 9.259555622951631279e-14 4.994850595418958062e-14 3.995304467590187748e-14 8.575304302329930212e-15 3.772730833792903896e-15 8.204376242547574324e-15 9.380564393316752584e-15 -3.023552102639174401e-15 1.910592056065271234e-15 -7.335605141774529968e-16 7.994873051411418027e-15 1.224152552912234803e-14 6.227085512826685051e-15 7.793235549689307539e-15
-8.257040131872590028e-14 -4.282663930433377600e-14 -8.507140252275349431e-14 -5.102596561489559852e-14 2.746266458855322397e-15 1.313769203246390639e-14 7.322279377453784000e-14 -3.477954199736685404e-15 2.376805168758694848e-14 2.537072030637876690e-14 5.100696872456395639e-14 9.259555622951631279e-14 1.696226751658897920e-13 7.907656013096728389e-14 3.982945079139325322e-14 -7.635705188022493205e-16 -1.562987421630476739e-15 -9.366073169380672187e-15 3.904466494470989836e-15 -3.738653865638264413e-15 -1.677878788501869465e-14 -1.514719082755450572e-14 -1.336149890477310791e-14 -1.369255616388861103e-14 -7.693817708966207715e-15 -2.009731436224083511e-15
-4.054327129879022615e-14 -1.376908903872298775e-13 -5.735341214026038490e-14 3.929341742911612779e-15 -1.245679102480361232e-14 -1.896350833219634956e-14 1.084097178111587175e-14 -7.750919447299372985e-16 -1.477720735165130424e-14 -6.536802018414990367e-15 1.313142143704289774e-14 4.994850595418958062e-14 7.907656013096728389e-14 1.291645789060046021e-13 4.944377633102458715e-14 1.283661285462869148e-14 5.634838646557694327e-15 4.056504341012732879e-15 1.686346013452111693e-14 4.997680343250411751e-15 1.235291842377800777e-15 -4.063068333835806449e-15 -6.268139559512245141e-15 -1.327840956985080631e-14 -1.436261950505956763e-14 -4.343674397190420446e-15
6.876615750061059809e-14 1.512992375043304090e-14 9.428351892573477968e-15 4.283844557259858135e-14 -3.413216108542255832e-14 -2.988747575552297399e-14 -1.436943511569968288e-14 -3.134740192451231690e-14 -1.138305977428808465e-14 8.047798848279864882e-15 1.855532267548939575e-14 3.995304467590187748e-14 3.982945079139325322e-14 4.944377633102458715e-14 1.262689294160920287e-13 6.581554178137911368e-14 2.583653927465315293e-14 1.495701662115174090e-14 1.463482666543992664e-14 1.708124910440471323e-16 -1.239317494217869506e-16 4.925548224651611475e-16 6.350622871562551339e-16 -1.650218867764707038e-15 1.941401984772681437e-15 7.026509169523045244e-15
1.605464599635805777e-14 -1.664724824710060682e-14 8.378422974001632894e-14 6.512215961705366486e-14 -2.547177165712894215e-15 -8.480710154072376566e-15 -5.798978507106270613e-14 -2.212907919387590043e-14 -2.889555015440654853e-14 2.107627443153431592e-15 4.568069804911362139e-15 8.575304302329930212e-15 -7.635705188022493205e-16 1.283661285462869148e-14 6.581554178137911368e-14 1.159855257988773286e-13 5.041453538459217135e-14 1.907321124920821906e-14 1.093252679808965968e-14 2.977959891940304762e-15 6.704764878289857059e-16 5.626009187625367187e-15 -1.167468225317300505e-15 3.431408795391077103e-15 7.857713562754351031e-15 -3.270672961623319908e-17
-2.847698943841288896e-14 -4.498626214497401438e-14 3.986320382802917843e-14 5.539992478453888502e-14 6.374223037205767970e-14 -2.268814529071462608e-14 -1.468343600993529935e-14 -9.960231509623205577e-16 -1.500901347704364108e-14 1.307051865927254982e-15 2.197657265219070931e-14 3.772730833792903896e-15 -1.562987421630476739e-15 5.634838646557694327e-15 2.583653927465315293e-14 5.041453538459217135e-14 8.445206836493773519e-14 4.943496317139462873e-14 2.417585353694233996e-14 8.137011198958155192e-15 -7.003414397122129847e-16 -1.547320384173457966e-15 -5.460016703468542243e-15 5.218672283021039511e-16 3.510576436374069275e-15 -2.612212030733004356e-15
-1.795079475903987176e-14 -1.121752047552742247e-13 -5.849001333300622369e-15 4.301966861682170685e-14 5.323272710522527781e-14 2.257595908128053375e-15 -1.924240065448814241e-14 3.817420148786423865e-15 -3.784637864502196714e-15 5.060366442701435707e-15 1.718501540915179799e-14 8.204376242547574324e-15 -9.366073169380672187e-15 4.056504341012732879e-15 1.495701662115174090e-14 1.907321124920821906e-14 4.943496317139462873e-14 8.877125470356118450e-14 4.574467750830376101e-14 1.671280710429990570e-14 6.210704010718151154e-15 6.039681652956578943e-15 4.901537846425318578e-15 1.926191771280657624e-15 4.554672263378603596e-16 -5.005205085233043742e-15
-2.211344348642771599e-14 -9.286793808735901365e-15 5.888056527398100062e-14 4.844345440609445173e-14 4.510467483611019240e-14 2.213333418028189344e-14 2.877810513538049861e-15 -1.202003970913277170e-14 -1.149523380302669653e-14 -1.390676421192614316e-15 1.450644015514191990e-14 9.380564393316752584e-15 3.904466494470989836e-15 1.686346013452111693e-14 1.463482666543992664e-14 1.093252679808965968e-14 2.417585353694233996e-14 4.574467750830376101e-14 8.080280339343010175e-14 3.989335222239372592e-14 1.695042562341398056e-14 1.229029607611921698e-14 6.142101793726016288e-15 6.817120415849153495e-16 -1.909085981882381824e-15 -3.242182706175963693e-15
-1.506260781704637897e-15 2.046747209196824195e-14 6.357261344515398524e-14 -1.327292372812801931e-14 9.129693938802483442e-15 1.209727459654399269e-14 1.218684920513850638e-14 -7.743919201311533285e-15 5.645835631277444521e-15 -1.972914003786134626e-16 -7.603618413410899439e-15 -3.023552102639174401e-15 -3.738653865638264413e-15 4.997680343250411751e-15 1.708124910440471323e-16 2.977959891940304762e-15 8.137011198958155192e-15 1.671280710429990570e-14 3.989335222239372592e-14 6.945418110430679386e-14 3.875834442292159547e-14 2.269728229742734855e-14 6.813664371230718037e-15 -5.170435946643888504e-16 -9.100420939561803841e-15 -5.683599203479673780e-15
6.085156141096787124e-14 2.816365523702095027e-14 4.333862471299635059e-14 -2.402614418197858897e-15 3.746154536323625289e-14 2.798540586919257686e-14 3.902817927364321999e-15 6.107062903739923437e-16 1.185245325958893222e-14 -4.995909691905680888e-15 -6.714340189997037951e-15 1.910592056065271234e-15 -1.677878788501869465e-14 1.235291842377800777e-15 -1.239317494217869506e-16 6.704764878289857059e-16 -7.003414397122129847e-16 6.210704010718151154e-15 1.695042562341398056e-14 3.875834442292159547e-14 7.764621169316976427e-14 4.918402917166377428e-14 2.787659399369868766e-14 1.159907862924822284e-14 -7.802197018905833945e-16 -5.628274062128134818e-15
3.076071095424515663e-14 7.043260012775995201e-15 5.413260874568000607e-15 3.198502299232540997e-14 -3.722100177151784809e-15 2.143557248351247270e-14 -3.203911171171993407e-16 -5.472383195910598321e-16 6.075939453748605471e-15 -1.325811580424247515e-14 -3.148884927932288185e-15 -7.335605141774529968e-16 -1.514719082755450572e-14 -4.063068333835806449e-15 4.925548224651611475e-16 5.626009187625367187e-15 -1.547320384173457966e-15 6.039681652956578943e-15 1.229029607611921698e-14 2.269728229742734855e-14 4.918402917166377428e-14 7.098020421911040035e-14 3.588480333676776299e-14 1.287781295460509580e-14 1.211438979063955207e-15 -6.154757155602762077e-16
2.087850403931970363e-16 -1.650008338098587722e-14 2.218843354784229589e-14 3.100946754886776512e-14 -7.479205094277982827e-15 7.948161895747173367e-15 5.193152181433179605e-15 1.448201676536710193e-14 -5.954677923103323914e-15 -7.634540706948297381e-15 7.645520441178421874e-16 7.994873051411418027e-15 -1.336149890477310791e-14 -6.268139559512245141e-15 6.350622871562551339e-16 -1.167468225317300505e-15 -5.460016703468542243e-15 4.901537846425318578e-15 6.142101793726016288e-15 6.813664371230718037e-15 2.787659399369868766e-14 3.588480333676776299e-14 5.282229531375079470e-14 2.776507952026422779e-14 1.439432061237428422e-14 5.531831731478488911e-15
6.641706083062329790e-14 -5.150690611889447900e-14 4.197996466160515349e-14 2.724290634351291104e-14 -1.574751047811539797e-14 6.650231227115420217e-15 2.392352682905932580e-14 2.038813557848604972e-14 1.777344806963637424e-15 4.066179050664113904e-15 2.940241988808893263e-15 1.224152552912234803e-14 -1.369255616388861103e-14 -1.327840956985080631e-14 -1.650218867764707038e-15 3.431408795391077103e-15 5.218672283021039511e-16 1.926191771280657624e-15 6.817120415849153495e-16 -5.170435946643888504e-16 1.159907862924822284e-14 1.287781295460509580e-14 2.776507952026422779e-14 5.519024918489522780e-14 3.884424842431287015e-14 1.227206345356806702e-14
7.915983695282304902e-14 -2.590048118849424020e-14 -1.680749183691588849e-14 1.984626680764077294e-14 -1.475091411364758688e-14 -1.165590092909380921e-14 2.299590805428441060e-14 4.229832885886786763e-15 1.086551841788658029e-15 5.450764741128386817e-15 -6.939022461576291059e-16 6.227085512826685051e-15 -7.693817708966207715e-15 -1.436261950505956763e-14 1.941401984772681437e-15 7.857713562754351031e-15 3.510576436374069275e-15 4.554672263378603596e-16 -1.909085981882381824e-15 -9.100420939561803841e-15 -7.802197018905833945e-16 1.211438979063955207e-15 1.439432061237428422e-14 3.884424842431287015e-14 5.699136500296570591e-14 2.405484158121685100e-14
-3.602343066118149116e-14 -3.936611354173475835e-14 1.083596570213295932e-16 1.608199746172231003e-14 3.410142662850641321e-14 2.602262674847510779e-14 1.213541293854076192e-14 1.383807295008819456e-15 1.547088111546818190e-14 3.684371829087944283e-15 -2.860537768379366662e-15 7.793235549689307539e-15 -2.009731436224083511e-15 -4.343674397190420446e-15 7.026509169523045244e-15 -3.270672961623319908e-17 -2.612212030733004356e-15 -5.005205085233043742e-15 -3.242182706175963693e-15 -5.683599203479673780e-15 -5.628274062128134818e-15 -6.154757155602762077e-16 5.531831731478488911e-15 1.227206345356806702e-14 2.405484158121685100e-14 5.882180748778548133e-14
