6.874643461294458834e-12 -7.492525052465009437e-14 1.218476911999703060e-13 -1.602374282141688346e-13 1.543985338738346884e-13 -1.687186250365379933e-13 -2.742278161535170004e-13 1.091586598926773169e-13 7.971801846168212310e-14 -7.178796640370161572e-14 -9.979408433481990058e-14 -1.050248770636167751e-13 -4.126291437330156255e-14 -3.505628714176355264e-14 5.180486317405408642e-15 7.502126733237336302e-14 1.877149039892630034e-15 -7.064786004146288353e-14 1.104148825517435778e-14 -2.549808048769303493e-14 -1.133947120448334050e-14 -6.040385471291796367e-15 -2.398888801759289385e-14 1.511788336536167500e-14 2.520094903768365075e-14 1.020739041848686806e-14
-7.492525052465009437e-14 4.451192980092668546e-12 7.425759973890966521e-13 2.196625543877564896e-13 3.432215755141008928e-14 1.718623378669802369e-13 1.955630075256618155e-13 -2.559510083818379406e-14 -5.045245501819695931e-14 8.747080676418201524e-14 3.735965924535116800e-14 2.353344570901900553e-14 -6.388650833481447052e-14 -5.444603568689933793e-14 -8.210023673866735211e-16 5.880937741075584313e-14 8.988894661239396685e-14 3.709095207953053484e-14 1.914251004227177456e-14 3.270138432851012308e-14 -3.982459732545229418e-15 7.664175888222683541e-15 -9.603936122792341523e-15 -5.315189617836235359e-15 2.012882552956839227e-14 5.660828668215358129e-14
1.218476911999703060e-13 7.425759973890966521e-13 3.483936703345779081e-12 4.772256516497702215e-13 -1.706008212534282906e-13 1.582055428356729683e-13 1.238703335734242952e-13 -1.069907863735602262e-13 -5.999999085571322098e-15 8.503893210668144631e-14 -3.288212829593226047e-14 5.404477078060673368e-14 1.567250999785027548e-14 -3.490286131098813258e-14 4.730850311929891143e-14 4.693054325155688026e-15 4.790476024255228471e-14 6.016277388688787125e-14 2.129659904548390380e-14 -6.137936231784286370e-14 -4.701532938542989647e-14 -1.050582846000870670e-14 -1.493362635941837238e-14 -2.007913096422584264e-14 1.347207560832873920e-15 -3.583466982663932376e-15
-1.602374282141688346e-13 2.196625543877564896e-13 4.772256516497702215e-13 2.329544866905267651e-12 1.164324416820659364e-14 7.873804859898594636e-14 1.069570830651254730e-13 -2.460592851586751717e-14 -9.236481158081101712e-14 1.659338819881867523e-14 9.918691872958124573e-16 -5.652223716032455918e-15 -3.480192531154329230e-14 -2.149391682481724162e-15 -1.234366866002727083e-14 3.480036980160072888e-16 3.014309541129033850e-15 -7.049690504775103925e-15 -7.032397995489648342e-15 -2.208801834972919888e-14 1.084193843668623269e-14 2.014787813785869847e-14 -2.781517768027806905e-16 1.023061649870425535e-14 2.880342849724878034e-14 3.716984824054130948e-16
1.543985338738346884e-13 3.432215755141008928e-14 -1.706008212534282906e-13 1.164324416820659364e-14 1.363748206530635053e-12 8.531705176805106102e-14 -3.371060342550172197e-14 7.065889118909843103e-14 -2.202891244365096068e-14 1.930535580540397030e-14 4.323129485966403317e-14 -5.002182514173490770e-14 -5.531720781626981028e-14 -4.101258180522231205e-14 1.072023433463223804e-14 2.963174345601962948e-14 1.140526160859273996e-14 -3.471539592817818251e-14 -3.385755528892842745e-14 -2.183459363615556823e-14 2.082101966296834092e-14 -4.751988022451418883e-15 -2.181134088599791672e-14 -9.914999079877374486e-15 5.256993544461723530e-15 6.804362709779224947e-15
-1.687186250365379933e-13 1.718623378669802369e-13 1.582055428356729683e-13 7.873804859898594636e-14 8.531705176805106102e-14 7.904245004723344187e-13 8.858864222574762731e-14 5.736720593727586050e-15 -2.139587250331140207e-14 1.419280761418604465e-14 -1.527678090286327592e-14 -2.691432385054737321e-14 -5.690681810610895539e-15 1.437053010885010311e-14 2.362461189867729244e-14 2.454490628202565181e-14 -6.140035265499400565e-15 -1.148079881022655624e-14 -5.442001175214217805e-15 4.200356454321798755e-16 -8.420738070478316336e-15 -3.414254081335006929e-15 -4.445817929957055899e-16 -1.227090462819909033e-15 7.523648596085038088e-15 1.735661515838853554e-14
-2.742278161535170004e-13 1.955630075256618155e-13 1.238703335734242952e-13 1.069570830651254730e-13 -3.371060342550172197e-14 8.858864222574762731e-14 6.562164725972501344e-13 5.459495505289430548e-14 7.257704633098777861e-14 8.548785165379893070e-14 2.509916260742899119e-14 4.725413417642620548e-14 3.269320147252080518e-14 -2.825472063156461017e-15 1.255549411117093393e-14 -1.460934311426263228e-14 -1.227159433418577593e-14 8.411522411053389060e-15 -4.705402282140074602e-15 1.505488346725945222e-14 1.938894711991466020e-16 3.061890846535552844e-15 -6.326897041791484242e-15 -1.876980368529860431e-14 -1.511291687453400490e-14 -5.327495474896137703e-16
1.091586598926773169e-13 -2.559510083818379406e-14 -1.069907863735602262e-13 -2.460592851586751717e-14 7.065889118909843103e-14 5.736720593727586050e-15 5.459495505289430548e-14 5.026464977219525527e-13 7.639865443795364813e-14 5.064062095720783739e-14 3.374951108140423022e-14 -2.971477404872423829e-15 3.662104394840854811e-14 -1.217669111160612481e-14 -2.594922364757243377e-14 -1.760251501523263945e-14 -1.555580304336648315e-14 1.066560167222030748e-15 -1.099958615968400996e-14 -1.623524163441520599e-14 -1.365497253688905743e-14 -1.211482340957525765e-14 -9.613783613210583358e-15 5.002155526217326964e-17 1.399266142850769822e-15 4.806886617377553518e-15
7.971801846168212310e-14 -5.045245501819695931e-14 -5.999999085571322098e-15 -9.236481158081101712e-14 -2.202891244365096068e-14 -2.139587250331140207e-14 7.257704633098777861e-14 7.639865443795364813e-14 2.999639959937379123e-13 3.341529315146005030e-14 5.149921115535216239e-14 3.134330590970532736e-14 1.052111587330395459e-14 -1.083199420896311684e-14 1.332432215272290955e-14 7.475732553773079138e-15 6.514201094663242997e-15 1.335882939355570404e-14 1.186646605026635065e-14 7.796683690960287912e-15 1.132431103008398116e-15 -4.510457824443165104e-15 -2.799960560994672883e-15 -1.051899668349871659e-15 6.255413809562163186e-17 -1.684697612394073313e-14
-7.178796640370161572e-14 8.747080676418201524e-14 8.503893210668144631e-14 1.659338819881867523e-14 1.930535580540397030e-14 1.419280761418604465e-14 8.548785165379893070e-14 5.064062095720783739e-14 3.341529315146005030e-14 2.076022213324492516e-13 6.843890146621602394e-14 3.167568494509387791e-14 7.113843199950071277e-15 1.495591523837931400e-14 1.019130079532242995e-14 -4.298109951591774530e-15 -2.334823771199669742e-15 1.482715993943318739e-15 -4.070937635051881283e-15 2.321989033430668480e-16 -7.223673018310788028e-15 -7.765997329290433087e-15 -1.111313282677234748e-14 -4.576090345191797440e-16 1.389825837439578387e-16 -8.347628597957619963e-16
-9.979408433481990058e-14 3.735965924535116800e-14 -3.288212829593226047e-14 9.918691872958124573e-16 4.323129485966403317e-14 -1.527678090286327592e-14 2.509916260742899119e-14 3.374951108140423022e-14 5.149921115535216239e-14 6.843890146621602394e-14 1.946278363064273873e-13 5.910640043444595033e-14 2.992392129050748318e-14 5.626243843142394864e-15 7.874403602058344451e-15 4.445823441474338731e-15 2.851252566578015135e-15 3.177403866017722878e-15 -7.061760545043617395e-15 -1.084180916364494947e-14 -5.345448311774543814e-15 -6.401004166946783009e-15 -9.015247423640980785e-15 5.254657441972863561e-15 9.160500743416085156e-15 2.807037198852241539e-17
-1.050248770636167751e-13 2.353344570901900553e-14 5.404477078060673368e-14 -5.652223716032455918e-15 -5.002182514173490770e-14 -2.691432385054737321e-14 4.725413417642620548e-14 -2.971477404872423829e-15 3.134330590970532736e-14 3.167568494509387791e-14 5.910640043444595033e-14 1.518184205452838414e-13 5.702484860840718486e-14 2.224706627377574971e-14 1.953070819037243083e-14 -1.707444888920203544e-15 -6.183368755222978201e-15 9.049624827007635654e-15 -9.651101364041731935e-16 -3.546827686520860038e-15 -5.628904540300916109e-15 -5.904338784771045186e-15 -3.824485926928817661e-15 8.621359468077491967e-16 2.538849849671033815e-15 -2.503374467929974429e-15
-4.126291437330156255e-14 -6.388650833481447052e-14 1.567250999785027548e-14 -3.480192531154329230e-14 -5.531720781626981028e-14 -5.690681810610895539e-15 3.269320147252080518e-14 3.662104394840854811e-14 1.052111587330395459e-14 7.113843199950071277e-15 2.992392129050748318e-14 5.702484860840718486e-14 1.338442909616541952e-13 4.986839762202447067e-14 1.738678707579800616e-14 3.273331172825482894e-15 -4.306449137247155242e-15 9.153118077426345508e-15 1.216919755735565725e-14 -2.439460400920567081e-15 -2.028909964285683023e-16 3.783676685300803498e-15 7.964944775186870437e-15 4.994062525053996029e-15 -1.710193731027501197e-15 4.885588923291866634e-16
-3.505628714176355264e-14 -5.444603568689933793e-14 -3.490286131098813258e-14 -2.149391682481724162e-15 -4.101258180522231205e-14 1.437053010885010311e-14 -2.825472063156461017e-15 -1.217669111160612481e-14 -1.083199420896311684e-14 1.495591523837931400e-14 5.626243843142394864e-15 2.224706627377574971e-14 4.986839762202447067e-14 1.000852879030731107e-13 3.458043695468659863e-14 1.636346834371291854e-14 7.226941593104795159e-15 5.068217591912908598e-15 6.360547184696249994e-15 3.543616868362497673e-16 -4.885782219734655865e-16 2.304955432828971288e-16 3.442258016567026050e-15 -3.192578805455041910e-15 -1.943761353236703797e-15 4.110877484650723170e-16
5.180486317405408642e-15 -8.210023673866735211e-16 4.730850311929891143e-14 -1.234366866002727083e-14 1.072023433463223804e-14 2.362461189867729244e-14 1.255549411117093393e-14 -2.594922364757243377e-14 1.332432215272290955e-14 1.019130079532242995e-14 7.874403602058344451e-15 1.953070819037243083e-14 1.738678707579800616e-14 3.458043695468659863e-14 9.518192351297435316e-14 4.435021852403554116e-14 1.831463920816765507e-14 5.589128050718894978e-15 -4.384165760318761463e-17 -1.334025393427296278e-15 2.010480142804174368e-15 8.079329516504167797e-16 2.891357465603472452e-15 -1.275223071617367673e-15 -3.715523806405717968e-15 -3.687966990425357351e-15
7.502126733237336302e-14 5.880937741075584313e-14 4.693054325155688026e-15 3.480036980160072888e-16 2.963174345601962948e-14 2.454490628202565181e-14 -1.460934311426263228e-14 -1.760251501523263945e-14 7.475732553773079138e-15 -4.298109951591774530e-15 4.445823441474338731e-15 -1.707444888920203544e-15 3.273331172825482894e-15 1.636346834371291854e-14 4.435021852403554116e-14 8.164625545820385837e-14 3.828241956511224962e-14 1.668025321969382083e-14 6.793378704288543108e-15 6.755324850358448339e-15 1.011984813327398821e-14 3.315745546011577148e-15 2.612733004215111017e-15 3.030472023834706648e-15 3.455114784522147286e-15 2.347206013327474129e-15
1.877149039892630034e-15 8.988894661239396685e-14 4.790476024255228471e-14 3.014309541129033850e-15 1.140526160859273996e-14 -6.140035265499400565e-15 -1.227159433418577593e-14 -1.555580304336648315e-14 6.514201094663242997e-15 -2.334823771199669742e-15 2.851252566578015135e-15 -6.183368755222978201e-15 -4.306449137247155242e-15 7.226941593104795159e-15 1.831463920816765507e-14 3.828241956511224962e-14 6.239319911449169788e-14 3.216018086573771445e-14 1.301833492350411636e-14 9.212683954691684487e-15 2.949944324223756114e-15 2.812305783440095508e-15 1.675066872498539614e-15 -9.851433621290086322e-16 4.214701261947812160e-15 4.145515279251094528e-15
-7.064786004146288353e-14 3.709095207953053484e-14 6.016277388688787125e-14 -7.049690504775103925e-15 -3.471539592817818251e-14 -1.148079881022655624e-14 8.411522411053389060e-15 1.066560167222030748e-15 1.335882939355570404e-14 1.482715993943318739e-15 3.177403866017722878e-15 9.049624827007635654e-15 9.153118077426345508e-15 5.068217591912908598e-15 5.589128050718894978e-15 1.668025321969382083e-14 3.216018086573771445e-14 5.582860764391236378e-14 2.861780028552674733e-14 1.332029096399517814e-14 4.451242126165123634e-15 4.530082411157353614e-15 5.308801665281792454e-15 1.534783809868784592e-15 3.656627556604323842e-15 4.774625714640165855e-15
1.104148825517435778e-14 1.914251004227177456e-14 2.129659904548390380e-14 -7.032397995489648342e-15 -3.385755528892842745e-14 -5.442001175214217805e-15 -4.705402282140074602e-15 -1.099958615968400996e-14 1.186646605026635065e-14 -4.070937635051881283e-15 -7.061760545043617395e-15 -9.651101364041731935e-16 1.216919755735565725e-14 6.360547184696249994e-15 -4.384165760318761463e-17 6.793378704288543108e-15 1.301833492350411636e-14 2.861780028552674733e-14 4.964236975151884254e-14 2.861606705240827413e-14 1.723041385126890719e-14 1.408608356554151560e-14 9.593063860945579781e-15 6.947557412294857218e-15 7.260635573214857066e-15 7.690591042260248218e-15
-2.549808048769303493e-14 3.270138432851012308e-14 -6.137936231784286370e-14 -2.208801834972919888e-14 -2.183459363615556823e-14 4.200356454321798755e-16 1.505488346725945222e-14 -1.623524163441520599e-14 7.796683690960287912e-15 2.321989033430668480e-16 -1.084180916364494947e-14 -3.546827686520860038e-15 -2.439460400920567081e-15 3.543616868362497673e-16 -1.334025393427296278e-15 6.755324850358448339e-15 9.212683954691684487e-15 1.332029096399517814e-14 2.861606705240827413e-14 5.754708079386559056e-14 3.308399602049264631e-14 2.510784885908553878e-14 1.800921003283280485e-14 1.162343708075820255e-14 6.201461785780659188e-15 9.254413849630823088e-15
-1.133947120448334050e-14 -3.982459732545229418e-15 -4.701532938542989647e-14 1.084193843668623269e-14 2.082101966296834092e-14 -8.420738070478316336e-15 1.938894711991466020e-16 -1.365497253688905743e-14 1.132431103008398116e-15 -7.223673018310788028e-15 -5.345448311774543814e-15 -5.628904540300916109e-15 -2.028909964285683023e-16 -4.885782219734655865e-16 2.010480142804174368e-15 1.011984813327398821e-14 2.949944324223756114e-15 4.451242126165123634e-15 1.723041385126890719e-14 3.308399602049264631e-14 5.204567496888968518e-14 2.721354296694347904e-14 1.703584424413954087e-14 1.166332288927341083e-14 6.583094866502264266e-15 8.783404534221575598e-15
-6.040385471291796367e-15 7.664175888222683541e-15 -1.050582846000870670e-14 2.014787813785869847e-14 -4.751988022451418883e-15 -3.414254081335006929e-15 3.061890846535552844e-15 -1.211482340957525765e-14 -4.510457824443165104e-15 -7.765997329290433087e-15 -6.401004166946783009e-15 -5.904338784771045186e-15 3.783676685300803498e-15 2.304955432828971288e-16 8.079329516504167797e-16 3.315745546011577148e-15 2.812305783440095508e-15 4.530082411157353614e-15 1.408608356554151560e-14 2.510784885908553878e-14 2.721354296694347904e-14 3.922564489483196911e-14 2.427841247592399392e-14 1.246008121048635730e-14 7.776581488532061959e-15 7.774430436633129345e-15
-2.398888801759289385e-14 -9.603936122792341523e-15 -1.493362635941837238e-14 -2.781517768027806905e-16 -2.181134088599791672e-14 -4.445817929957055899e-16 -6.326897041791484242e-15 -9.613783613210583358e-15 -2.799960560994672883e-15 -1.111313282677234748e-14 -9.015247423640980785e-15 -3.824485926928817661e-15 7.964944775186870437e-15 3.442258016567026050e-15 2.891357465603472452e-15 2.612733004215111017e-15 1.675066872498539614e-15 5.308801665281792454e-15 9.593063860945579781e-15 1.800921003283280485e-14 1.703584424413954087e-14 2.427841247592399392e-14 3.903036678905523868e-14 2.191587588492174481e-14 1.173813777953097947e-14 1.066724477610152601e-14
1.511788336536167500e-14 -5.315189617836235359e-15 -2.007913096422584264e-14 1.023061649870425535e-14 -9.914999079877374486e-15 -1.227090462819909033e-15 -1.876980368529860431e-14 5.002155526217326964e-17 -1.051899668349871659e-15 -4.576090345191797440e-16 5.254657441972863561e-15 8.621359468077491967e-16 4.994062525053996029e-15 -3.192578805455041910e-15 -1.275223071617367673e-15 3.030472023834706648e-15 -9.851433621290086322e-16 1.534783809868784592e-15 6.947557412294857218e-15 1.162343708075820255e-14 1.166332288927341083e-14 1.246008121048635730e-14 2.191587588492174481e-14 3.384223424513701736e-14 2.180530147845398811e-14 1.588673494936199296e-14
2.520094903768365075e-14 2.012882552956839227e-14 1.347207560832873920e-15 2.880342849724878034e-14 5.256993544461723530e-15 7.523648596085038088e-15 -1.511291687453400490e-14 1.399266142850769822e-15 6.255413809562163186e-17 1.389825837439578387e-16 9.160500743416085156e-15 2.538849849671033815e-15 -1.710193731027501197e-15 -1.943761353236703797e-15 -3.715523806405717968e-15 3.455114784522147286e-15 4.214701261947812160e-15 3.656627556604323842e-15 7.260635573214857066e-15 6.201461785780659188e-15 6.583094866502264266e-15 7.776581488532061959e-15 1.173813777953097947e-14 2.180530147845398811e-14 3.244525245607702268e-14 2.176475832039802311e-14
1.020739041848686806e-14 5.660828668215358129e-14 -3.583466982663932376e-15 3.716984824054130948e-16 6.804362709779224947e-15 1.735661515838853554e-14 -5.327495474896137703e-16 4.806886617377553518e-15 -1.684697612394073313e-14 -8.347628597957619963e-16 2.807037198852241539e-17 -2.503374467929974429e-15 4.885588923291866634e-16 4.110877484650723170e-16 -3.687966990425357351e-15 2.347206013327474129e-15 4.145515279251094528e-15 4.774625714640165855e-15 7.690591042260248218e-15 9.254413849630823088e-15 8.783404534221575598e-15 7.774430436633129345e-15 1.066724477610152601e-14 1.588673494936199296e-14 2.176475832039802311e-14 3.564950127182657403e-14
