1.032173495704171213e-11 1.233846652776438717e-12 9.742135270915148305e-13 -1.746559062955030566e-13 -5.692564355874993570e-13 7.276815057356453943e-14 -3.495105523134266239e-13 -2.389685206303735284e-13 -2.373190338826668255e-13 -6.610183215777613359e-14 5.417255170013023379e-14 8.273902935902949350e-14 -8.257040131872677118e-14 -4.054327129878883776e-14 6.876615750060984078e-14 1.605464599635517370e-14 -2.847698943841047190e-14 -1.795079475904015890e-14 -2.211344348642860898e-14 -1.506260781700453779e-15 6.085156141096819941e-14 3.076071095424688581e-14 2.087850403972489463e-16 6.641706083063225936e-14 7.915983695282938516e-14 -3.602343066117446714e-14
1.233846652776438717e-12 7.766591777192767495e-12 3.812290039724730053e-13 -3.836090572632716921e-13 -5.300212667529632247e-14 -1.279986966642012855e-13 -6.819882182296943946e-14 -1.361104797001798719e-13 -1.024297020716203048e-13 5.273306017552107595e-14 -6.153938513785682976e-15 -4.778163321183748460e-14 -4.282663930433476050e-14 -1.376908903872295240e-13 1.512992375043293677e-14 -1.664724824709716108e-14 -4.498626214497064437e-14 -1.121752047552748558e-13 -9.286793808737681035e-15 2.046747209197537641e-14 2.816365523702459481e-14 7.043260012777890045e-15 -1.650008338097992605e-14 -5.150690611889794999e-14 -2.590048118849281709e-14 -3.936611354173550304e-14
9.742135270915148305e-13 3.812290039724730053e-13 4.551781765327673733e-12 4.752560009989847229e-13 2.812772997477272761e-13 8.806457751639746960e-14 -2.066643300701706950e-13 -5.632679993407455348e-14 -7.724986579178680100e-14 -9.412295356716015804e-15 -3.441866630029709479e-14 7.840730589621430030e-14 -8.507140252275450405e-14 -5.735341214025991789e-14 9.428351892574489288e-15 8.378422974001605126e-14 3.986320382803250426e-14 -5.849001333299644181e-15 5.888056527398206085e-14 6.357261344515549985e-14 4.333862471299484229e-14 5.413260874570095822e-15 2.218843354784127353e-14 4.197996466160173299e-14 -1.680749183691347773e-14 1.083596570258790773e-16
-1.746559062955030566e-13 -3.836090572632716921e-13 4.752560009989847229e-13 2.695465980149837998e-12 2.888377080228816038e-13 -1.473720567116939413e-13 1.280511936458849282e-13 -3.034412572803928334e-14 -3.369380010475159336e-14 7.549690129106174478e-14 9.744857042579841093e-14 3.125577693627092571e-14 -5.102596561489427324e-14 3.929341742912047441e-15 4.283844557259821532e-14 6.512215961705276871e-14 5.539992478453802674e-14 4.301966861682223065e-14 4.844345440609879362e-14 -1.327292372813062571e-14 -2.402614418196786440e-15 3.198502299233151891e-14 3.100946754887495954e-14 2.724290634351639465e-14 1.984626680763992097e-14 1.608199746172451884e-14
-5.692564355874993570e-13 -5.300212667529632247e-14 2.812772997477272761e-13 2.888377080228816038e-13 1.912426645743449581e-12 2.540752704059578381e-13 8.173933297206261170e-14 5.006308708932157457e-14 1.194375972990407267e-13 -1.004786758520304980e-14 -7.296667204035761598e-14 -2.448128506459190802e-14 2.746266458853958851e-15 -1.245679102480308694e-14 -3.413216108542368797e-14 -2.547177165712194496e-15 6.374223037205769233e-14 5.323272710522534723e-14 4.510467483610947296e-14 9.129693938805391183e-15 3.746154536323990059e-14 -3.722100177155256586e-15 -7.479205094275603623e-15 -1.574751047811385180e-14 -1.475091411364722401e-14 3.410142662851016188e-14
7.276815057356453943e-14 -1.279986966642012855e-13 8.806457751639746960e-14 -1.473720567116939413e-13 2.540752704059578381e-13 1.239035092382467827e-12 1.632333358968585267e-13 1.088643305791069108e-13 1.221692197137072945e-13 2.516186690053507345e-14 -8.855877667414351194e-14 -2.576336646596491675e-14 1.313769203246379121e-14 -1.896350833219680395e-14 -2.988747575552161084e-14 -8.480710154073389463e-15 -2.268814529071394766e-14 2.257595908128203653e-15 2.213333418028035674e-14 1.209727459654863435e-14 2.798540586919851225e-14 2.143557248350785313e-14 7.948161895742757324e-15 6.650231227119216216e-15 -1.165590092909426675e-14 2.602262674847743650e-14
-3.495105523134266239e-13 -6.819882182296943946e-14 -2.066643300701706950e-13 1.280511936458849282e-13 8.173933297206261170e-14 1.632333358968585267e-13 9.404867675744169284e-13 1.049745615855287748e-13 7.599909840996708971e-14 -7.471407080413643344e-15 7.425081899164720943e-15 1.311755205145598396e-14 7.322279377453936724e-14 1.084097178111559565e-14 -1.436943511569933894e-14 -5.798978507106056043e-14 -1.468343600993489546e-14 -1.924240065448804143e-14 2.877810513538189095e-15 1.218684920513623604e-14 3.902817927360567021e-15 -3.203911171175864742e-16 5.193152181433170138e-15 2.392352682905844228e-14 2.299590805427865507e-14 1.213541293853458198e-14
-2.389685206303735284e-13 -1.361104797001798719e-13 -5.632679993407455348e-14 -3.034412572803928334e-14 5.006308708932157457e-14 1.088643305791069108e-13 1.049745615855287748e-13 5.054805715754347134e-13 1.267700581019470330e-13 4.121035422048683882e-14 -9.216340791537719508e-16 1.878511743884697320e-15 -3.477954199737195797e-15 -7.750919447301638988e-16 -3.134740192451285963e-14 -2.212907919387527880e-14 -9.960231509617151070e-16 3.817420148786475141e-15 -1.202003970913416010e-14 -7.743919201311241406e-15 6.107062903744726614e-16 -5.472383195899781066e-16 1.448201676536752476e-14 2.038813557848735292e-14 4.229832885886171451e-15 1.383807295008390119e-15
-2.373190338826668255e-13 -1.024297020716203048e-13 -7.724986579178680100e-14 -3.369380010475159336e-14 1.194375972990407267e-13 1.221692197137072945e-13 7.599909840996708971e-14 1.267700581019470330e-13 4.570214965178663469e-13 1.012349332928612441e-13 3.554055606268351244e-14 3.387732824757765716e-14 2.376805168758635210e-14 -1.477720735165082777e-14 -1.138305977428843648e-14 -2.889555015440628978e-14 -1.500901347704275124e-14 -3.784637864502643209e-15 -1.149523380302751379e-14 5.645835631280155047e-15 1.185245325958919728e-14 6.075939453750780361e-15 -5.954677923103428044e-15 1.777344806964702386e-15 1.086551841789954916e-15 1.547088111546908120e-14
-6.610183215777613359e-14 5.273306017552107595e-14 -9.412295356716015804e-15 7.549690129106174478e-14 -1.004786758520304980e-14 2.516186690053507345e-14 -7.471407080413643344e-15 4.121035422048683882e-14 1.012349332928612441e-13 2.194429584730887272e-13 6.107408612602027237e-14 4.212710372399208767e-14 2.537072030637887103e-14 -6.536802018415018766e-15 8.047798848279531983e-15 2.107627443153248182e-15 1.307051865927714888e-15 5.060366442701554037e-15 -1.390676421192321648e-15 -1.972914003778423511e-16 -4.995909691904843907e-15 -1.325811580424197816e-14 -7.634540706947488010e-15 4.066179050663129406e-15 5.450764741126573226e-15 3.684371829089126785e-15
5.417255170013023379e-14 -6.153938513785682976e-15 -3.441866630029709479e-14 9.744857042579841093e-14 -7.296667204035761598e-14 -8.855877667414351194e-14 7.425081899164720943e-15 -9.216340791537719508e-16 3.554055606268351244e-14 6.107408612602027237e-14 2.336673018492008914e-13 9.220650511133770498e-14 5.100696872456391221e-14 1.313142143704304604e-14 1.855532267548920642e-14 4.568069804911703716e-15 2.197657265219161493e-14 1.718501540915175066e-14 1.450644015514193568e-14 -7.603618413410948348e-15 -6.714340189998472889e-15 -3.148884927931807375e-15 7.645520441170303509e-16 2.940241988811471261e-15 -6.939022461599556539e-16 -2.860537768380809883e-15
8.273902935902949350e-14 -4.778163321183748460e-14 7.840730589621430030e-14 3.125577693627092571e-14 -2.448128506459190802e-14 -2.576336646596491675e-14 1.311755205145598396e-14 1.878511743884697320e-15 3.387732824757765716e-14 4.212710372399208767e-14 9.220650511133770498e-14 2.214871797403476080e-13 9.259555622951494964e-14 4.994850595418898739e-14 3.995304467590211729e-14 8.575304302329744041e-15 3.772730833792524454e-15 8.204376242547132562e-15 9.380564393316198803e-15 -3.023552102640727668e-15 1.910592056063814602e-15 -7.335605141776746667e-16 7.994873051411768281e-15 1.224152552912342877e-14 6.227085512826850711e-15 7.793235549688185778e-15
-8.257040131872677118e-14 -4.282663930433476050e-14 -8.507140252275450405e-14 -5.102596561489427324e-14 2.746266458853958851e-15 1.313769203246379121e-14 7.322279377453936724e-14 -3.477954199737195797e-15 2.376805168758635210e-14 2.537072030637887103e-14 5.100696872456391221e-14 9.259555622951494964e-14 1.696226751658897920e-13 7.907656013096710719e-14 3.982945079139391587e-14 -7.635705188024436761e-16 -1.562987421631078245e-15 -9.366073169381331675e-15 3.904466494471010347e-15 -3.738653865640001485e-15 -1.677878788501983376e-14 -1.514719082755569532e-14 -1.336149890477293436e-14 -1.369255616389002624e-14 -7.693817708966130406e-15 -2.009731436223491471e-15
-4.054327129878883776e-14 -1.376908903872295240e-13 -5.735341214025991789e-14 3.929341742912047441e-15 -1.245679102480308694e-14 -1.896350833219680395e-14 1.084097178111559565e-14 -7.750919447301638988e-16 -1.477720735165082777e-14 -6.536802018415018766e-15 1.313142143704304604e-14 4.994850595418898739e-14 7.907656013096710719e-14 1.291645789060043497e-13 4.944377633102447356e-14 1.283661285462787264e-14 5.634838646556858923e-15 4.056504341012523042e-15 1.686346013452107275e-14 4.997680343249240293e-15 1.235291842377530395e-15 -4.063068333836573221e-15 -6.268139559511930385e-15 -1.327840956985191072e-14 -1.436261950506082666e-14 -4.343674397189937663e-15
6.876615750060984078e-14 1.512992375043293677e-14 9.428351892574489288e-15 4.283844557259821532e-14 -3.413216108542368797e-14 -2.988747575552161084e-14 -1.436943511569933894e-14 -3.134740192451285963e-14 -1.138305977428843648e-14 8.047798848279531983e-15 1.855532267548920642e-14 3.995304467590211729e-14 3.982945079139391587e-14 4.944377633102447356e-14 1.262689294160935433e-13 6.581554178137920204e-14 2.583653927465283423e-14 1.495701662115164624e-14 1.463482666544006232e-14 1.708124910439144804e-16 -1.239317494222343333e-16 4.925548224651016871e-16 6.350622871569391750e-16 -1.650218867764628941e-15 1.941401984772442412e-15 7.026509169522963992e-15
1.605464599635517370e-14 -1.664724824709716108e-14 8.378422974001605126e-14 6.512215961705276871e-14 -2.547177165712194496e-15 -8.480710154073389463e-15 -5.798978507106056043e-14 -2.212907919387527880e-14 -2.889555015440628978e-14 2.107627443153248182e-15 4.568069804911703716e-15 8.575304302329744041e-15 -7.635705188024436761e-16 1.283661285462787264e-14 6.581554178137920204e-14 1.159855257988760411e-13 5.041453538459239223e-14 1.907321124920832003e-14 1.093252679808927156e-14 2.977959891940959911e-15 6.704764878292446495e-16 5.626009187624964868e-15 -1.167468225316227654e-15 3.431408795391908168e-15 7.857713562754594000e-15 -3.270672961524407227e-17
-2.847698943841047190e-14 -4.498626214497064437e-14 3.986320382803250426e-14 5.539992478453802674e-14 6.374223037205769233e-14 -2.268814529071394766e-14 -1.468343600993489546e-14 -9.960231509617151070e-16 -1.500901347704275124e-14 1.307051865927714888e-15 2.197657265219161493e-14 3.772730833792524454e-15 -1.562987421631078245e-15 5.634838646556858923e-15 2.583653927465283423e-14 5.041453538459239223e-14 8.445206836493798763e-14 4.943496317139466028e-14 2.417585353694126395e-14 8.137011198958505446e-15 -7.003414397117725045e-16 -1.547320384173519497e-15 -5.460016703468050783e-15 5.218672283029976319e-16 3.510576436373560460e-15 -2.612212030733631500e-15
-1.795079475904015890e-14 -1.121752047552748558e-13 -5.849001333299644181e-15 4.301966861682223065e-14 5.323272710522534723e-14 2.257595908128203653e-15 -1.924240065448804143e-14 3.817420148786475141e-15 -3.784637864502643209e-15 5.060366442701554037e-15 1.718501540915175066e-14 8.204376242547132562e-15 -9.366073169381331675e-15 4.056504341012523042e-15 1.495701662115164624e-14 1.907321124920832003e-14 4.943496317139466028e-14 8.877125470356168937e-14 4.574467750830382412e-14 1.671280710430027488e-14 6.210704010718336536e-15 6.039681652956464558e-15 4.901537846425257836e-15 1.926191771282903116e-15 4.554672263383673999e-16 -5.005205085232712420e-15
-2.211344348642860898e-14 -9.286793808737681035e-15 5.888056527398206085e-14 4.844345440609879362e-14 4.510467483610947296e-14 2.213333418028035674e-14 2.877810513538189095e-15 -1.202003970913416010e-14 -1.149523380302751379e-14 -1.390676421192321648e-15 1.450644015514193568e-14 9.380564393316198803e-15 3.904466494471010347e-15 1.686346013452107275e-14 1.463482666544006232e-14 1.093252679808927156e-14 2.417585353694126395e-14 4.574467750830382412e-14 8.080280339342904152e-14 3.989335222239319581e-14 1.695042562341446334e-14 1.229029607611834766e-14 6.142101793725544550e-15 6.817120415855872618e-16 -1.909085981883470058e-15 -3.242182706175613439e-15
-1.506260781700453779e-15 2.046747209197537641e-14 6.357261344515549985e-14 -1.327292372813062571e-14 9.129693938805391183e-15 1.209727459654863435e-14 1.218684920513623604e-14 -7.743919201311241406e-15 5.645835631280155047e-15 -1.972914003778423511e-16 -7.603618413410948348e-15 -3.023552102640727668e-15 -3.738653865640001485e-15 4.997680343249240293e-15 1.708124910439144804e-16 2.977959891940959911e-15 8.137011198958505446e-15 1.671280710430027488e-14 3.989335222239319581e-14 6.945418110430837158e-14 3.875834442292353291e-14 2.269728229742807430e-14 6.813664371230547643e-15 -5.170435946647496557e-16 -9.100420939561436231e-15 -5.683599203478636428e-15
6.085156141096819941e-14 2.816365523702459481e-14 4.333862471299484229e-14 -2.402614418196786440e-15 3.746154536323990059e-14 2.798540586919851225e-14 3.902817927360567021e-15 6.107062903744726614e-16 1.185245325958919728e-14 -4.995909691904843907e-15 -6.714340189998472889e-15 1.910592056063814602e-15 -1.677878788501983376e-14 1.235291842377530395e-15 -1.239317494222343333e-16 6.704764878292446495e-16 -7.003414397117725045e-16 6.210704010718336536e-15 1.695042562341446334e-14 3.875834442292353291e-14 7.764621169317107693e-14 4.918402917166426652e-14 2.787659399369846678e-14 1.159907862924808873e-14 -7.802197018896044181e-16 -5.628274062128851104e-15
3.076071095424688581e-14 7.043260012777890045e-15 5.413260874570095822e-15 3.198502299233151891e-14 -3.722100177155256586e-15 2.143557248350785313e-14 -3.203911171175864742e-16 -5.472383195899781066e-16 6.075939453750780361e-15 -1.325811580424197816e-14 -3.148884927931807375e-15 -7.335605141776746667e-16 -1.514719082755569532e-14 -4.063068333836573221e-15 4.925548224651016871e-16 5.626009187624964868e-15 -1.547320384173519497e-15 6.039681652956464558e-15 1.229029607611834766e-14 2.269728229742807430e-14 4.918402917166426652e-14 7.098020421910921391e-14 3.588480333676728967e-14 1.287781295460564643e-14 1.211438979065331967e-15 -6.154757155614189713e-16
2.087850403972489463e-16 -1.650008338097992605e-14 2.218843354784127353e-14 3.100946754887495954e-14 -7.479205094275603623e-15 7.948161895742757324e-15 5.193152181433170138e-15 1.448201676536752476e-14 -5.954677923103428044e-15 -7.634540706947488010e-15 7.645520441170303509e-16 7.994873051411768281e-15 -1.336149890477293436e-14 -6.268139559511930385e-15 6.350622871569391750e-16 -1.167468225316227654e-15 -5.460016703468050783e-15 4.901537846425257836e-15 6.142101793725544550e-15 6.813664371230547643e-15 2.787659399369846678e-14 3.588480333676728967e-14 5.282229531374943155e-14 2.776507952026468533e-14 1.439432061237518037e-14 5.531831731478077125e-15
6.641706083063225936e-14 -5.150690611889794999e-14 4.197996466160173299e-14 2.724290634351639465e-14 -1.574751047811385180e-14 6.650231227119216216e-15 2.392352682905844228e-14 2.038813557848735292e-14 1.777344806964702386e-15 4.066179050663129406e-15 2.940241988811471261e-15 1.224152552912342877e-14 -1.369255616389002624e-14 -1.327840956985191072e-14 -1.650218867764628941e-15 3.431408795391908168e-15 5.218672283029976319e-16 1.926191771282903116e-15 6.817120415855872618e-16 -5.170435946647496557e-16 1.159907862924808873e-14 1.287781295460564643e-14 2.776507952026468533e-14 5.519024918489707058e-14 3.884424842431353910e-14 1.227206345356919667e-14
7.915983695282938516e-14 -2.590048118849281709e-14 -1.680749183691347773e-14 1.984626680763992097e-14 -1.475091411364722401e-14 -1.165590092909426675e-14 2.299590805427865507e-14 4.229832885886171451e-15 1.086551841789954916e-15 5.450764741126573226e-15 -6.939022461599556539e-16 6.227085512826850711e-15 -7.693817708966130406e-15 -1.436261950506082666e-14 1.941401984772442412e-15 7.857713562754594000e-15 3.510576436373560460e-15 4.554672263383673999e-16 -1.909085981883470058e-15 -9.100420939561436231e-15 -7.802197018896044181e-16 1.211438979065331967e-15 1.439432061237518037e-14 3.884424842431353910e-14 5.699136500296565542e-14 2.405484158121612209e-14
-3.602343066117446714e-14 -3.936611354173550304e-14 1.083596570258790773e-16 1.608199746172451884e-14 3.410142662851016188e-14 2.602262674847743650e-14 1.213541293853458198e-14 1.383807295008390119e-15 1.547088111546908120e-14 3.684371829089126785e-15 -2.860537768380809883e-15 7.793235549688185778e-15 -2.009731436223491471e-15 -4.343674397189937663e-15 7.026509169522963992e-15 -3.270672961524407227e-17 -2.612212030733631500e-15 -5.005205085232712420e-15 -3.242182706175613439e-15 -5.683599203478636428e-15 -5.628274062128851104e-15 -6.154757155614189713e-16 5.531831731478077125e-15 1.227206345356919667e-14 2.405484158121612209e-14 5.882180748778302009e-14
