8.332933312499408706e-12 4.822153535301636259e-14 -9.080016984757068831e-14 5.996825789122109862e-13 7.616291064918637398e-14 -3.104772589655388709e-13 -2.110244837290628509e-13 3.940361301875986410e-14 4.962382231085018595e-14 -1.551238694103393192e-13 3.400773658562882440e-14 2.862573167013365859e-14 1.413848131046742791e-13 -6.699281908049335440e-15 1.578165100358528702e-13 1.393889964381006350e-13 7.640469685892934359e-14 2.491423474694305443e-14 8.586449567527282797e-14 4.582884865149240753e-14 4.780863972930218372e-14 6.200510676398065176e-14 -1.819016827986499496e-14 -3.293550888535859686e-14 -3.478172261422716659e-14 1.540791534242891275e-14
4.822153535301636259e-14 5.198512166239158348e-12 2.169403836839945787e-13 -2.176446150535490219e-15 3.309619787173779097e-13 3.161987823876412358e-13 -4.365508653988580901e-14 9.362037901800033931e-14 -2.189822903956391082e-15 -8.940782908493280457e-14 -7.731203289913086224e-14 -1.632675511087118994e-14 -5.365886255133691091e-14 -7.972516119004257339e-14 2.207281097978989681e-15 -1.716156259351413618e-14 -2.627513497383647329e-14 -3.249683588874498588e-14 -9.416009832450753947e-15 2.479410679496498471e-14 -9.573024019978748054e-16 4.647871056274196037e-14 1.460762439493989482e-14 -2.083370795881787561e-14 6.825432377016090754e-15 -8.465649496307865813e-15
-9.080016984757068831e-14 2.169403836839945787e-13 3.142493072685986500e-12 1.292773898718620625e-13 4.958703266774891347e-13 1.117358598368067033e-13 1.752916079173692982e-13 -1.012856700612226746e-13 1.163371883709553036e-13 -1.803207251589553689e-14 9.725721051276809955e-14 6.337750062126221765e-14 1.227473683431753052e-14 -3.388833611303918393e-14 2.060637876307335042e-14 -2.063316489693972229e-14 -3.618300647194067363e-14 -5.618424166641845959e-14 -2.991263209236895552e-14 -6.407349792644096718e-14 -5.459165747944670139e-14 -1.469869268174627470e-14 4.921961361015853820e-16 5.040696889437132571e-15 1.846639986030618264e-14 2.626423293043643243e-14
5.996825789122109862e-13 -2.176446150535490219e-15 1.292773898718620625e-13 2.625938412320486367e-12 -1.204017043046572384e-14 -9.294538647356879733e-14 4.599763506290037592e-14 1.116443358373895078e-13 -1.528151163482115036e-13 -2.797978295609997809e-14 3.452269253996300443e-14 -7.150938569308496813e-15 2.891852532854987981e-15 3.757301183704544296e-14 9.467665348775830188e-15 3.655744210142482232e-14 -1.563854495229687443e-15 8.576349877038264566e-16 1.838536278610611761e-14 1.286021203647734439e-14 6.850638971778214255e-14 2.463590243549367841e-14 7.867295720724275132e-15 -1.593778935486173822e-15 -7.393894854412054712e-15 3.631465971036425254e-14
7.616291064918637398e-14 3.309619787173779097e-13 4.958703266774891347e-13 -1.204017043046572384e-14 1.690758054320866628e-12 1.976630773694301081e-13 -2.807850051339330304e-14 -4.200987604899753854e-14 8.892250302719934212e-14 1.580445022163070391e-15 -2.835235241009295746e-14 5.930555420670977386e-14 -5.795583328062680273e-14 -3.178853318894200823e-14 -5.889374219872612096e-15 -7.120411579066607728e-15 1.849460034766169829e-14 -3.649188195569868197e-14 -4.442276836368869637e-14 -1.353893030940077971e-14 -1.694716378214904561e-14 1.546578164867115703e-15 -9.020138636087351797e-15 -1.153067102612125680e-15 -1.459244067458322664e-14 -1.403697940265736678e-14
-3.104772589655388709e-13 3.161987823876412358e-13 1.117358598368067033e-13 -9.294538647356879733e-14 1.976630773694301081e-13 1.159685209428540396e-12 1.099278281543537546e-13 6.951846640974117948e-15 4.121625515121365994e-14 -3.488763402634172710e-15 -5.653927331843815913e-14 -3.600347175047365669e-14 -6.616519709586292995e-14 -2.955670132203420386e-14 -1.886986678582297172e-14 -2.122861026254728471e-14 -6.616726123608583120e-15 1.162039636986559340e-15 -1.132788064704585363e-15 7.190810964349502550e-15 1.094146896664962497e-14 2.085325102462422295e-14 8.659117928471532059e-15 1.273441053379324327e-14 2.215278183744263905e-14 1.892221015624931925e-14
-2.110244837290628509e-13 -4.365508653988580901e-14 1.752916079173692982e-13 4.599763506290037592e-14 -2.807850051339330304e-14 1.099278281543537546e-13 6.951311672250699789e-13 9.299567458229426062e-14 7.830294691039335704e-15 6.959011065840579312e-14 4.448867792583666167e-14 -6.843369764229778943e-15 2.903342402623733623e-14 -3.482772638935114601e-16 6.903098474728930801e-15 -1.603293783479975649e-14 -1.058570300695962542e-14 3.113871893841732478e-14 1.223840331087382757e-15 1.962455184334267209e-14 2.619049856842399490e-14 1.515705764996921218e-14 1.680885261921502710e-15 7.534173748404049219e-15 2.783744827235702317e-14 1.811285037464927875e-14
3.940361301875986410e-14 9.362037901800033931e-14 -1.012856700612226746e-13 1.116443358373895078e-13 -4.200987604899753854e-14 6.951846640974117948e-15 9.299567458229426062e-14 4.135207294184210913e-13 6.961351030888715093e-14 1.115672381081451593e-14 -8.757398056057462745e-15 -2.780182246404363844e-15 -5.350423496183186083e-16 3.117586743573970654e-15 3.927942577966221147e-15 9.618854783317330919e-15 -9.093222179998334986e-15 -3.031098513171810277e-15 -6.231849712593453330e-15 2.919596482351719979e-15 9.313091981885073530e-15 -6.756864841747860792e-15 9.782925092436194060e-15 5.269885974355725527e-15 4.616713996715798602e-15 5.964897881141642600e-15
4.962382231085018595e-14 -2.189822903956391082e-15 1.163371883709553036e-13 -1.528151163482115036e-13 8.892250302719934212e-14 4.121625515121365994e-14 7.830294691039335704e-15 6.961351030888715093e-14 3.319087656941704954e-13 3.105263340735727973e-14 8.627383828607603193e-15 2.309539233984364258e-15 9.606697671271772474e-15 9.186922919352571663e-16 5.560895222821940219e-15 -9.277264488349519559e-15 -2.549085213018702636e-14 -8.412760278771090990e-15 -7.609962109227548113e-15 -1.052996897369463438e-14 -6.577795171557554380e-15 8.782790638195695998e-15 1.309231543956643312e-14 8.454351767586033846e-15 6.547317740727809848e-15 1.000963752465200144e-14
-1.551238694103393192e-13 -8.940782908493280457e-14 -1.803207251589553689e-14 -2.797978295609997809e-14 1.580445022163070391e-15 -3.488763402634172710e-15 6.959011065840579312e-14 1.115672381081451593e-14 3.105263340735727973e-14 2.284053903396893801e-13 3.514527711787836683e-14 8.579097467321089675e-15 3.124692312928752878e-14 1.635429593710441412e-14 1.283327658742947541e-14 4.563715357995416068e-15 8.443614033120359051e-15 7.758746417083281425e-15 6.372749672450471886e-15 -2.758232576632204670e-15 4.460147466731481224e-15 1.539317465595600433e-15 4.515305214395522389e-15 3.322476081175683798e-15 -3.838683967165976536e-15 -7.275011198192428220e-15
3.400773658562882440e-14 -7.731203289913086224e-14 9.725721051276809955e-14 3.452269253996300443e-14 -2.835235241009295746e-14 -5.653927331843815913e-14 4.448867792583666167e-14 -8.757398056057462745e-15 8.627383828607603193e-15 3.514527711787836683e-14 1.694912704745578985e-13 5.527996968313895138e-14 3.832169731545294733e-14 2.449709700272194421e-14 2.951461991245429929e-14 1.745315478354571278e-14 9.854006995954741694e-16 3.691163086470857433e-16 3.655525469716008977e-15 4.329919503483876048e-16 1.084130227739021783e-14 4.011347469748388529e-15 8.939388815744796430e-15 9.914339636213669759e-15 5.985733735141544975e-15 3.087588738231598258e-15
2.862573167013365859e-14 -1.632675511087118994e-14 6.337750062126221765e-14 -7.150938569308496813e-15 5.930555420670977386e-14 -3.600347175047365669e-14 -6.843369764229778943e-15 -2.780182246404363844e-15 2.309539233984364258e-15 8.579097467321089675e-15 5.527996968313895138e-14 1.405072396047487192e-13 3.272600876455330720e-14 2.021407516883348276e-14 1.979625992975022569e-14 2.054075144949904697e-14 3.079233026521963536e-15 -9.858558849603800143e-15 -5.232888821730887767e-15 -5.657514265728763829e-15 2.112985412957237668e-15 -3.622610832951163118e-15 -4.582688794635638305e-15 -4.422746826261275890e-15 -7.333321103989481418e-15 -7.037983493506732249e-15
1.413848131046742791e-13 -5.365886255133691091e-14 1.227473683431753052e-14 2.891852532854987981e-15 -5.795583328062680273e-14 -6.616519709586292995e-14 2.903342402623733623e-14 -5.350423496183186083e-16 9.606697671271772474e-15 3.124692312928752878e-14 3.832169731545294733e-14 3.272600876455330720e-14 1.209229906802958814e-13 3.885274574661820938e-14 3.397247098404345431e-14 1.599873969057775480e-14 -1.977806661390977032e-15 4.479555787353806060e-15 4.913778979144854398e-15 -3.377495880836642713e-16 4.291702334010889392e-15 -4.945759354744326475e-15 -1.986585098942005685e-15 -3.325535266948505429e-15 -4.857065276353753520e-17 1.352284204937331448e-16
-6.699281908049335440e-15 -7.972516119004257339e-14 -3.388833611303918393e-14 3.757301183704544296e-14 -3.178853318894200823e-14 -2.955670132203420386e-14 -3.482772638935114601e-16 3.117586743573970654e-15 9.186922919352571663e-16 1.635429593710441412e-14 2.449709700272194421e-14 2.021407516883348276e-14 3.885274574661820938e-14 9.812880807952607198e-14 3.614305068217801749e-14 1.093894376013209430e-14 -3.962329953172678502e-15 -6.583017778156935194e-15 -5.347004687487358362e-15 -3.332018152613557704e-15 -2.695257478150166141e-15 -2.666514744947017881e-16 3.900244922013664835e-15 4.458353348338671306e-15 4.633665032727389671e-16 2.091409324773361367e-15
1.578165100358528702e-13 2.207281097978989681e-15 2.060637876307335042e-14 9.467665348775830188e-15 -5.889374219872612096e-15 -1.886986678582297172e-14 6.903098474728930801e-15 3.927942577966221147e-15 5.560895222821940219e-15 1.283327658742947541e-14 2.951461991245429929e-14 1.979625992975022569e-14 3.397247098404345431e-14 3.614305068217801749e-14 8.469987204280214666e-14 3.092490138859977683e-14 8.194948151569710051e-15 9.053778717552307790e-15 7.215221622569148224e-15 3.155178886493529772e-15 2.238120347669415084e-15 -2.998764638607733662e-15 -4.345501959290588186e-15 -1.340551875962450061e-15 -4.859944431443608192e-15 -3.037440370478214819e-15
1.393889964381006350e-13 -1.716156259351413618e-14 -2.063316489693972229e-14 3.655744210142482232e-14 -7.120411579066607728e-15 -2.122861026254728471e-14 -1.603293783479975649e-14 9.618854783317330919e-15 -9.277264488349519559e-15 4.563715357995416068e-15 1.745315478354571278e-14 2.054075144949904697e-14 1.599873969057775480e-14 1.093894376013209430e-14 3.092490138859977683e-14 6.660093865512877100e-14 3.193834469895246112e-14 8.123360615695418176e-15 3.985548025636214553e-15 8.957149289536671366e-15 8.538233333301679593e-15 2.172440699797336237e-15 7.973254453411213159e-16 -2.657232275233463557e-16 1.701456413819803094e-16 -1.420316446231757219e-15
7.640469685892934359e-14 -2.627513497383647329e-14 -3.618300647194067363e-14 -1.563854495229687443e-15 1.849460034766169829e-14 -6.616726123608583120e-15 -1.058570300695962542e-14 -9.093222179998334986e-15 -2.549085213018702636e-14 8.443614033120359051e-15 9.854006995954741694e-16 3.079233026521963536e-15 -1.977806661390977032e-15 -3.962329953172678502e-15 8.194948151569710051e-15 3.193834469895246112e-14 6.139593760805749621e-14 1.831900968654405511e-14 7.483741606987636918e-15 9.679879510794115423e-15 5.732421785573120706e-15 4.182680404572120448e-16 1.107002153583896904e-15 2.616539706396866935e-15 1.088427476543352205e-15 -1.370994816409811918e-15
2.491423474694305443e-14 -3.249683588874498588e-14 -5.618424166641845959e-14 8.576349877038264566e-16 -3.649188195569868197e-14 1.162039636986559340e-15 3.113871893841732478e-14 -3.031098513171810277e-15 -8.412760278771090990e-15 7.758746417083281425e-15 3.691163086470857433e-16 -9.858558849603800143e-15 4.479555787353806060e-15 -6.583017778156935194e-15 9.053778717552307790e-15 8.123360615695418176e-15 1.831900968654405511e-14 5.698764138651230293e-14 3.798392683220176846e-14 2.057397686150485755e-14 2.069823460151282246e-14 1.147277919811609167e-14 4.166975015688021436e-15 7.065053418699189143e-16 -2.610613080022147932e-16 1.392277674623767227e-15
8.586449567527282797e-14 -9.416009832450753947e-15 -2.991263209236895552e-14 1.838536278610611761e-14 -4.442276836368869637e-14 -1.132788064704585363e-15 1.223840331087382757e-15 -6.231849712593453330e-15 -7.609962109227548113e-15 6.372749672450471886e-15 3.655525469716008977e-15 -5.232888821730887767e-15 4.913778979144854398e-15 -5.347004687487358362e-15 7.215221622569148224e-15 3.985548025636214553e-15 7.483741606987636918e-15 3.798392683220176846e-14 5.923848270724999187e-14 3.155269807917562978e-14 2.449572621429064055e-14 1.444569919224387755e-14 7.274513990296714273e-15 4.769751779680338893e-15 -2.267095139780526655e-16 4.744117408334608861e-15
4.582884865149240753e-14 2.479410679496498471e-14 -6.407349792644096718e-14 1.286021203647734439e-14 -1.353893030940077971e-14 7.190810964349502550e-15 1.962455184334267209e-14 2.919596482351719979e-15 -1.052996897369463438e-14 -2.758232576632204670e-15 4.329919503483876048e-16 -5.657514265728763829e-15 -3.377495880836642713e-16 -3.332018152613557704e-15 3.155178886493529772e-15 8.957149289536671366e-15 9.679879510794115423e-15 2.057397686150485755e-14 3.155269807917562978e-14 5.182746576717191354e-14 3.007679798072354511e-14 1.853236069790589490e-14 9.855789511454743964e-15 6.594948057511091741e-15 5.063379485779590157e-15 4.841408290197861527e-15
4.780863972930218372e-14 -9.573024019978748054e-16 -5.459165747944670139e-14 6.850638971778214255e-14 -1.694716378214904561e-14 1.094146896664962497e-14 2.619049856842399490e-14 9.313091981885073530e-15 -6.577795171557554380e-15 4.460147466731481224e-15 1.084130227739021783e-14 2.112985412957237668e-15 4.291702334010889392e-15 -2.695257478150166141e-15 2.238120347669415084e-15 8.538233333301679593e-15 5.732421785573120706e-15 2.069823460151282246e-14 2.449572621429064055e-14 3.007679798072354511e-14 4.884433756564266374e-14 2.614596585993549789e-14 1.284848213483893796e-14 6.811936428992895066e-15 4.416195188014672509e-15 5.350693751987033625e-15
6.200510676398065176e-14 4.647871056274196037e-14 -1.469869268174627470e-14 2.463590243549367841e-14 1.546578164867115703e-15 2.085325102462422295e-14 1.515705764996921218e-14 -6.756864841747860792e-15 8.782790638195695998e-15 1.539317465595600433e-15 4.011347469748388529e-15 -3.622610832951163118e-15 -4.945759354744326475e-15 -2.666514744947017881e-16 -2.998764638607733662e-15 2.172440699797336237e-15 4.182680404572120448e-16 1.147277919811609167e-14 1.444569919224387755e-14 1.853236069790589490e-14 2.614596585993549789e-14 4.617641581823003299e-14 2.559853787691150308e-14 1.262865750778877007e-14 7.842075062510740658e-15 1.021673246917026290e-14
-1.819016827986499496e-14 1.460762439493989482e-14 4.921961361015853820e-16 7.867295720724275132e-15 -9.020138636087351797e-15 8.659117928471532059e-15 1.680885261921502710e-15 9.782925092436194060e-15 1.309231543956643312e-14 4.515305214395522389e-15 8.939388815744796430e-15 -4.582688794635638305e-15 -1.986585098942005685e-15 3.900244922013664835e-15 -4.345501959290588186e-15 7.973254453411213159e-16 1.107002153583896904e-15 4.166975015688021436e-15 7.274513990296714273e-15 9.855789511454743964e-15 1.284848213483893796e-14 2.559853787691150308e-14 3.904543466990150426e-14 2.081369639168395024e-14 1.010192843129874346e-14 1.338701589031476921e-14
-3.293550888535859686e-14 -2.083370795881787561e-14 5.040696889437132571e-15 -1.593778935486173822e-15 -1.153067102612125680e-15 1.273441053379324327e-14 7.534173748404049219e-15 5.269885974355725527e-15 8.454351767586033846e-15 3.322476081175683798e-15 9.914339636213669759e-15 -4.422746826261275890e-15 -3.325535266948505429e-15 4.458353348338671306e-15 -1.340551875962450061e-15 -2.657232275233463557e-16 2.616539706396866935e-15 7.065053418699189143e-16 4.769751779680338893e-15 6.594948057511091741e-15 6.811936428992895066e-15 1.262865750778877007e-14 2.081369639168395024e-14 3.056355355984041854e-14 1.637039956552970156e-14 1.491439980194954308e-14
-3.478172261422716659e-14 6.825432377016090754e-15 1.846639986030618264e-14 -7.393894854412054712e-15 -1.459244067458322664e-14 2.215278183744263905e-14 2.783744827235702317e-14 4.616713996715798602e-15 6.547317740727809848e-15 -3.838683967165976536e-15 5.985733735141544975e-15 -7.333321103989481418e-15 -4.857065276353753520e-17 4.633665032727389671e-16 -4.859944431443608192e-15 1.701456413819803094e-16 1.088427476543352205e-15 -2.610613080022147932e-16 -2.267095139780526655e-16 5.063379485779590157e-15 4.416195188014672509e-15 7.842075062510740658e-15 1.010192843129874346e-14 1.637039956552970156e-14 2.620750290768091878e-14 1.915430077695624125e-14
1.540791534242891275e-14 -8.465649496307865813e-15 2.626423293043643243e-14 3.631465971036425254e-14 -1.403697940265736678e-14 1.892221015624931925e-14 1.811285037464927875e-14 5.964897881141642600e-15 1.000963752465200144e-14 -7.275011198192428220e-15 3.087588738231598258e-15 -7.037983493506732249e-15 1.352284204937331448e-16 2.091409324773361367e-15 -3.037440370478214819e-15 -1.420316446231757219e-15 -1.370994816409811918e-15 1.392277674623767227e-15 4.744117408334608861e-15 4.841408290197861527e-15 5.350693751987033625e-15 1.021673246917026290e-14 1.338701589031476921e-14 1.491439980194954308e-14 1.915430077695624125e-14 3.205404119471714790e-14
