2.453516950347029855e-09 3.032309726632405672e-12 7.135794078776838984e-11 1.022057412751584953e-10 8.197412813433446172e-11 1.388324511955725805e-11 6.787006960086995690e-11 1.692187361275969123e-11 -3.420145983955582035e-11 9.154688793662183501e-12 3.927263432463032632e-11 2.999512772766311196e-11 1.719165467442578199e-11 1.282791236675425185e-11 9.590923352244314280e-13 2.734173787812319344e-11 3.306344133427851914e-11 1.935866241519925473e-11 3.882112352529082961e-12 9.187496418519415662e-12 9.549156509962976559e-12 -9.162128649165482891e-12 -6.738302394309371240e-12 7.596607920220662597e-12 -2.514452652916601650e-12 2.254438059550461835e-11
3.032309726632405672e-12 2.151326064132197376e-09 3.110863758526537330e-10 1.602358576259410307e-11 2.122830586108650795e-11 8.502716279846760244e-11 6.143955496395815574e-11 1.037810120117367787e-12 -1.000058894352906311e-11 -1.678003258746681324e-11 -1.086199189141729809e-11 -5.346002133174749380e-11 -5.187974432570240529e-11 -5.380700171669455071e-11 -6.288023876023153669e-11 -1.575696494605769594e-11 1.406415084108039805e-11 3.220430417123200167e-11 -4.196190734455684477e-13 -1.144895232787426858e-11 -1.156474700672260857e-11 -1.410609857823364231e-11 -3.187504954900105998e-12 4.681078961302709266e-12 7.223183626534954389e-12 1.033628185121097092e-12
7.135794078776838984e-11 3.110863758526537330e-10 1.240303043630930438e-09 1.930173508528754060e-10 1.400406624611206208e-11 5.970006806592779262e-11 7.707170603852843259e-11 1.078029276147360889e-11 2.751965430231881973e-11 3.476535640125311516e-11 4.916123693350756279e-12 -1.598733825530759573e-11 -2.356241305999656505e-12 3.340295707234684161e-12 3.697472133647598570e-12 5.630468557919938427e-12 -9.153860905368036697e-12 9.691764472274807480e-12 -1.042205642509119351e-11 -1.186760220461368115e-11 -1.014794406640997491e-11 -8.585333602607107077e-13 -1.145337954117489886e-13 -2.873633313318727495e-12 3.826262007591756467e-12 -1.332297312233142721e-12
1.022057412751584953e-10 1.602358576259410307e-11 1.930173508528754060e-10 8.779000139120603180e-10 1.084533036696048106e-10 4.645761785205248075e-11 3.857857211319617758e-11 1.316524198127725605e-11 -7.178605175201649392e-12 1.099839097471933223e-11 -1.529755189774255329e-11 2.329402773235879154e-11 -4.368225128610618201e-12 -2.119779213951843450e-11 -1.645024494292134013e-11 -1.359799165178486759e-11 4.794952852923937164e-12 8.861922992584457461e-12 -4.390780953474473350e-12 -6.447067331725915000e-12 -1.020058600151721723e-11 4.109677260259773514e-12 4.278474999679532644e-12 -4.024804898709262179e-12 1.623776503351242697e-11 3.202906622530317179e-12
8.197412813433446172e-11 2.122830586108650795e-11 1.400406624611206208e-11 1.084533036696048106e-10 5.593796169116698447e-10 8.284962498412093709e-11 2.239006682207709139e-11 5.403066196667776963e-12 2.632392300566179491e-11 1.705634876099048486e-11 1.341534222212937564e-11 1.404727688383450231e-11 1.367196819694163714e-11 3.503277705257164031e-12 -1.074971757051282768e-12 3.587120805605905423e-12 -4.923891676381268931e-13 -1.263070237283581122e-11 -2.861244899614756821e-12 3.929293763994959586e-12 -2.152128479089230586e-14 -2.645667047022082231e-12 3.812866526919401225e-12 2.078527552547936238e-12 3.792521981172408007e-12 1.102803717824596650e-11
1.388324511955725805e-11 8.502716279846760244e-11 5.970006806592779262e-11 4.645761785205248075e-11 8.284962498412093709e-11 3.252601216116800380e-10 8.081539431273358512e-11 1.898952852809855933e-11 4.460103081904564003e-11 4.011938763987143171e-11 2.700349671075674020e-11 2.182505189727525461e-11 2.242422618466595713e-11 1.410443902585104068e-11 8.419042480243312772e-12 -2.911163132364274361e-12 1.023605544425178713e-11 1.084990775655083917e-11 -5.485328848812462027e-12 -3.228672592199630784e-12 5.991163154883112406e-12 9.568258615717848775e-12 5.852755174115047845e-12 1.118078801814023599e-13 1.715396009410529346e-12 5.859167168885907779e-12
6.787006960086995690e-11 6.143955496395815574e-11 7.707170603852843259e-11 3.857857211319617758e-11 2.239006682207709139e-11 8.081539431273358512e-11 3.134073384345698375e-10 5.867510102522688301e-11 3.306928020335302825e-11 2.547936802397624926e-11 1.109455595073909438e-11 1.036692974395798239e-11 1.957977123650232586e-11 1.559185136609576384e-11 1.183245567812007294e-11 1.990479662008428800e-11 1.606333622301714461e-11 7.617137244270312578e-12 3.278397438623531780e-12 3.007295450524506541e-12 3.298216289068376783e-12 5.878963307840257064e-12 1.146839866845052035e-12 6.160953045665219433e-12 3.541923507794565239e-12 4.551608750854103075e-12
1.692187361275969123e-11 1.037810120117367787e-12 1.078029276147360889e-11 1.316524198127725605e-11 5.403066196667776963e-12 1.898952852809855933e-11 5.867510102522688301e-11 1.741135907710509262e-10 4.429167854349680712e-11 3.562578074464540112e-11 1.705769824263096590e-11 -2.242285553950993043e-12 6.950810262672491084e-12 3.677318013396413762e-12 2.969252821536803297e-12 7.670695151821834651e-12 1.599375612061500257e-12 1.735283199607759761e-12 -2.469912569873446570e-12 -4.470165863284612476e-12 -9.626160368482893627e-12 -9.258866784615287859e-12 -5.049882675328856613e-12 4.116743297930453755e-13 5.228451866381665654e-12 6.295707491045688090e-12
-3.420145983955582035e-11 -1.000058894352906311e-11 2.751965430231881973e-11 -7.178605175201649392e-12 2.632392300566179491e-11 4.460103081904564003e-11 3.306928020335302825e-11 4.429167854349680712e-11 1.438841943392085738e-10 3.413281827580944972e-11 2.741522603794461426e-11 1.361228542121466050e-11 1.010587650953045245e-11 1.381172610372384103e-11 1.144644616325187140e-11 8.447415846346136433e-12 5.862815473395646514e-12 6.936786562577077244e-12 3.500533558223417936e-12 4.731440872493876178e-12 -2.342943706513823793e-12 -1.254341333248897749e-12 -3.564805280747120975e-12 -9.375601224023349765e-13 -3.009499138203014216e-12 -3.978368716588116625e-12
9.154688793662183501e-12 -1.678003258746681324e-11 3.476535640125311516e-11 1.099839097471933223e-11 1.705634876099048486e-11 4.011938763987143171e-11 2.547936802397624926e-11 3.562578074464540112e-11 3.413281827580944972e-11 9.805024813999653277e-11 3.763994812862508057e-11 2.021438369100534249e-11 5.189201205547188327e-12 1.076743259476184624e-11 1.335842519950022955e-11 2.447726161102763827e-12 -1.237680340514930531e-13 3.237334198612378977e-12 -8.880209922721134518e-13 1.546902307909648962e-12 -3.108200274864703646e-12 2.374762961707176427e-12 1.846869282432873097e-12 -4.841952061395366492e-12 6.042624431428033752e-14 9.700992382899278645e-14
3.927263432463032632e-11 -1.086199189141729809e-11 4.916123693350756279e-12 -1.529755189774255329e-11 1.341534222212937564e-11 2.700349671075674020e-11 1.109455595073909438e-11 1.705769824263096590e-11 2.741522603794461426e-11 3.763994812862508057e-11 9.097233607948279127e-11 2.607576994844071410e-11 1.827396832142928200e-11 1.649933595696356903e-11 1.321132761578262652e-11 9.057821997146768325e-12 5.961322565172892132e-12 4.102363657567278452e-12 -5.854290744697321239e-13 7.053685030705552958e-12 2.477160032298104213e-12 2.757626522287200039e-12 -1.577501283176175254e-13 -3.118860685268668881e-12 -2.372936711304039314e-12 -4.794324223681131324e-13
2.999512772766311196e-11 -5.346002133174749380e-11 -1.598733825530759573e-11 2.329402773235879154e-11 1.404727688383450231e-11 2.182505189727525461e-11 1.036692974395798239e-11 -2.242285553950993043e-12 1.361228542121466050e-11 2.021438369100534249e-11 2.607576994844071410e-11 5.674786601595188117e-11 2.515939491196992374e-11 1.138687989662112309e-11 1.390357448369249497e-11 3.486494980895267015e-12 1.662632865486529736e-12 6.497736127015275639e-14 -1.693668163957799142e-12 3.383170031904983086e-12 1.440639796428100268e-13 6.784736508060739992e-13 -1.381766798328653954e-12 -2.971716200832718453e-12 2.133078100692146102e-13 2.397200731904380383e-12
1.719165467442578199e-11 -5.187974432570240529e-11 -2.356241305999656505e-12 -4.368225128610618201e-12 1.367196819694163714e-11 2.242422618466595713e-11 1.957977123650232586e-11 6.950810262672491084e-12 1.010587650953045245e-11 5.189201205547188327e-12 1.827396832142928200e-11 2.515939491196992374e-11 4.573411767456708049e-11 2.244238689269339438e-11 2.131225661392939755e-11 8.591666135840238346e-12 5.090350863565157110e-12 -1.290132612842846745e-12 -1.885834869382544809e-12 3.510301840468683311e-12 1.524347115576477772e-12 2.178051744737650007e-12 -1.437329370828868796e-12 -8.738016120581131844e-13 1.829516067344608443e-12 3.059047963935604276e-12
1.282791236675425185e-11 -5.380700171669455071e-11 3.340295707234684161e-12 -2.119779213951843450e-11 3.503277705257164031e-12 1.410443902585104068e-11 1.559185136609576384e-11 3.677318013396413762e-12 1.381172610372384103e-11 1.076743259476184624e-11 1.649933595696356903e-11 1.138687989662112309e-11 2.244238689269339438e-11 4.311377199353514399e-11 2.788347743994584664e-11 1.393424798888781275e-11 6.096140572136296116e-12 3.640180382553132141e-12 2.747331175321296296e-12 4.445030542125684459e-12 3.427527088480625819e-12 4.001778754187456473e-12 4.089155338849039542e-13 -1.092325168222773020e-12 1.570159436290093787e-12 1.628217334523064198e-12
9.590923352244314280e-13 -6.288023876023153669e-11 3.697472133647598570e-12 -1.645024494292134013e-11 -1.074971757051282768e-12 8.419042480243312772e-12 1.183245567812007294e-11 2.969252821536803297e-12 1.144644616325187140e-11 1.335842519950022955e-11 1.321132761578262652e-11 1.390357448369249497e-11 2.131225661392939755e-11 2.788347743994584664e-11 3.899126688691047785e-11 1.981412502238558224e-11 8.037389369306955272e-12 3.002667035787916345e-12 1.585756279163935085e-12 3.231042747741424439e-12 4.092683600082467184e-12 4.811511418343770484e-12 4.445994003660918434e-13 -3.803567673843046942e-12 1.783019141479268373e-12 -5.870537276391401788e-13
2.734173787812319344e-11 -1.575696494605769594e-11 5.630468557919938427e-12 -1.359799165178486759e-11 3.587120805605905423e-12 -2.911163132364274361e-12 1.990479662008428800e-11 7.670695151821834651e-12 8.447415846346136433e-12 2.447726161102763827e-12 9.057821997146768325e-12 3.486494980895267015e-12 8.591666135840238346e-12 1.393424798888781275e-11 1.981412502238558224e-11 3.311016325328305219e-11 1.813323585905642734e-11 8.944652571745550101e-12 3.654957680668961037e-12 2.444029925388204176e-12 4.165783246989783026e-12 3.320798471207471075e-12 -2.246203812793868475e-12 -2.731340733736625050e-12 2.124973838763435360e-12 1.411403435523553495e-12
3.306344133427851914e-11 1.406415084108039805e-11 -9.153860905368036697e-12 4.794952852923937164e-12 -4.923891676381268931e-13 1.023605544425178713e-11 1.606333622301714461e-11 1.599375612061500257e-12 5.862815473395646514e-12 -1.237680340514930531e-13 5.961322565172892132e-12 1.662632865486529736e-12 5.090350863565157110e-12 6.096140572136296116e-12 8.037389369306955272e-12 1.813323585905642734e-11 3.119538183919374576e-11 1.823546862862419215e-11 8.897270411176461289e-12 7.180385092693066799e-12 9.373130337980852308e-12 3.604220151453086786e-12 -1.470655796570233031e-12 -2.024978294007314306e-12 4.372000937782672704e-13 1.092270789646045176e-12
1.935866241519925473e-11 3.220430417123200167e-11 9.691764472274807480e-12 8.861922992584457461e-12 -1.263070237283581122e-11 1.084990775655083917e-11 7.617137244270312578e-12 1.735283199607759761e-12 6.936786562577077244e-12 3.237334198612378977e-12 4.102363657567278452e-12 6.497736127015275639e-14 -1.290132612842846745e-12 3.640180382553132141e-12 3.002667035787916345e-12 8.944652571745550101e-12 1.823546862862419215e-11 2.777436600162261316e-11 1.464451521811265063e-11 8.831402705958919120e-12 7.146466613548847654e-12 2.538269876814122776e-12 -1.134100877308279896e-12 -1.269235530172027553e-12 -2.694845458931065259e-14 2.271036148573641925e-12
3.882112352529082961e-12 -4.196190734455684477e-13 -1.042205642509119351e-11 -4.390780953474473350e-12 -2.861244899614756821e-12 -5.485328848812462027e-12 3.278397438623531780e-12 -2.469912569873446570e-12 3.500533558223417936e-12 -8.880209922721134518e-13 -5.854290744697321239e-13 -1.693668163957799142e-12 -1.885834869382544809e-12 2.747331175321296296e-12 1.585756279163935085e-12 3.654957680668961037e-12 8.897270411176461289e-12 1.464451521811265063e-11 2.706912302689868021e-11 1.917150717688457123e-11 1.162284210082396578e-11 6.050954374045041270e-12 3.901990587145303452e-12 2.025787392707038646e-12 -2.176802878048639799e-12 -2.062274136670340493e-12
9.187496418519415662e-12 -1.144895232787426858e-11 -1.186760220461368115e-11 -6.447067331725915000e-12 3.929293763994959586e-12 -3.228672592199630784e-12 3.007295450524506541e-12 -4.470165863284612476e-12 4.731440872493876178e-12 1.546902307909648962e-12 7.053685030705552958e-12 3.383170031904983086e-12 3.510301840468683311e-12 4.445030542125684459e-12 3.231042747741424439e-12 2.444029925388204176e-12 7.180385092693066799e-12 8.831402705958919120e-12 1.917150717688457123e-11 3.350652850221302333e-11 1.896531166404402414e-11 8.412184516081999405e-12 2.455158161572646483e-12 2.132550648316914249e-12 -8.389765950590667127e-13 -1.979402843092056636e-12
9.549156509962976559e-12 -1.156474700672260857e-11 -1.014794406640997491e-11 -1.020058600151721723e-11 -2.152128479089230586e-14 5.991163154883112406e-12 3.298216289068376783e-12 -9.626160368482893627e-12 -2.342943706513823793e-12 -3.108200274864703646e-12 2.477160032298104213e-12 1.440639796428100268e-13 1.524347115576477772e-12 3.427527088480625819e-12 4.092683600082467184e-12 4.165783246989783026e-12 9.373130337980852308e-12 7.146466613548847654e-12 1.162284210082396578e-11 1.896531166404402414e-11 2.920979270135286199e-11 1.587415619136048070e-11 7.481465012109963315e-12 3.149420595329544055e-12 -1.631853615484915394e-12 -1.467042915829394738e-12
-9.162128649165482891e-12 -1.410609857823364231e-11 -8.585333602607107077e-13 4.109677260259773514e-12 -2.645667047022082231e-12 9.568258615717848775e-12 5.878963307840257064e-12 -9.258866784615287859e-12 -1.254341333248897749e-12 2.374762961707176427e-12 2.757626522287200039e-12 6.784736508060739992e-13 2.178051744737650007e-12 4.001778754187456473e-12 4.811511418343770484e-12 3.320798471207471075e-12 3.604220151453086786e-12 2.538269876814122776e-12 6.050954374045041270e-12 8.412184516081999405e-12 1.587415619136048070e-11 2.086622854401876080e-11 1.130121673238664968e-11 2.380748744659337873e-12 -1.483335197990920539e-13 -2.154432304738431694e-12
-6.738302394309371240e-12 -3.187504954900105998e-12 -1.145337954117489886e-13 4.278474999679532644e-12 3.812866526919401225e-12 5.852755174115047845e-12 1.146839866845052035e-12 -5.049882675328856613e-12 -3.564805280747120975e-12 1.846869282432873097e-12 -1.577501283176175254e-13 -1.381766798328653954e-12 -1.437329370828868796e-12 4.089155338849039542e-13 4.445994003660918434e-13 -2.246203812793868475e-12 -1.470655796570233031e-12 -1.134100877308279896e-12 3.901990587145303452e-12 2.455158161572646483e-12 7.481465012109963315e-12 1.130121673238664968e-11 1.591281923805663359e-11 4.274278083333795738e-12 -7.871570074684645464e-13 -2.398304646580725596e-12
7.596607920220662597e-12 4.681078961302709266e-12 -2.873633313318727495e-12 -4.024804898709262179e-12 2.078527552547936238e-12 1.118078801814023599e-13 6.160953045665219433e-12 4.116743297930453755e-13 -9.375601224023349765e-13 -4.841952061395366492e-12 -3.118860685268668881e-12 -2.971716200832718453e-12 -8.738016120581131844e-13 -1.092325168222773020e-12 -3.803567673843046942e-12 -2.731340733736625050e-12 -2.024978294007314306e-12 -1.269235530172027553e-12 2.025787392707038646e-12 2.132550648316914249e-12 3.149420595329544055e-12 2.380748744659337873e-12 4.274278083333795738e-12 1.216551980493527652e-11 3.114772069676906613e-12 7.330361086976741317e-13
-2.514452652916601650e-12 7.223183626534954389e-12 3.826262007591756467e-12 1.623776503351242697e-11 3.792521981172408007e-12 1.715396009410529346e-12 3.541923507794565239e-12 5.228451866381665654e-12 -3.009499138203014216e-12 6.042624431428033752e-14 -2.372936711304039314e-12 2.133078100692146102e-13 1.829516067344608443e-12 1.570159436290093787e-12 1.783019141479268373e-12 2.124973838763435360e-12 4.372000937782672704e-13 -2.694845458931065259e-14 -2.176802878048639799e-12 -8.389765950590667127e-13 -1.631853615484915394e-12 -1.483335197990920539e-13 -7.871570074684645464e-13 3.114772069676906613e-12 1.067473094709416564e-11 4.288362202066135786e-12
2.254438059550461835e-11 1.033628185121097092e-12 -1.332297312233142721e-12 3.202906622530317179e-12 1.102803717824596650e-11 5.859167168885907779e-12 4.551608750854103075e-12 6.295707491045688090e-12 -3.978368716588116625e-12 9.700992382899278645e-14 -4.794324223681131324e-13 2.397200731904380383e-12 3.059047963935604276e-12 1.628217334523064198e-12 -5.870537276391401788e-13 1.411403435523553495e-12 1.092270789646045176e-12 2.271036148573641925e-12 -2.062274136670340493e-12 -1.979402843092056636e-12 -1.467042915829394738e-12 -2.154432304738431694e-12 -2.398304646580725596e-12 7.330361086976741317e-13 4.288362202066135786e-12 9.447770708598792318e-12
