3.953630945043853907e-09 1.451066231642954494e-11 1.105409244655385838e-10 2.210638042061833326e-10 -1.000998492923499064e-10 -7.875340005632781140e-12 -2.713732857076479268e-11 -1.843377848824112815e-11 -2.248990987540531059e-11 3.148137997045465877e-11 1.037225004981371834e-11 5.933371268519167491e-11 4.093490191881857570e-11 5.578074429865628400e-11 -1.674485507804795435e-11 3.172026092033114959e-11 -5.017950465105191510e-12 2.612226697937309407e-12 2.863136337521088422e-11 2.467307945311772067e-11 -1.692404257937622460e-11 -1.117338877355082885e-11 7.913669041988935098e-12 1.966954792100023433e-11 1.683414125898904231e-11 1.262040503567290737e-11
1.451066231642954494e-11 2.692699360515422505e-09 -1.103967144175877385e-10 3.249613608231265533e-11 1.183751135426266292e-11 1.132437022255470074e-10 -9.325599567550133526e-11 4.629691180563966441e-11 -2.984324064122473688e-11 -8.662661534277148677e-12 -7.777091199677406650e-12 8.567997027339157461e-12 -5.504026390090682765e-11 -1.855283403303725531e-11 1.113967323823962122e-11 1.248771916619481561e-13 -1.953927369516620078e-11 -7.737289303789267173e-12 -1.940071372088969730e-11 8.537055639313046498e-12 2.621414522811008299e-11 2.963420063726175972e-11 2.038084518268046486e-11 1.426811033704695672e-11 2.983129553327032076e-12 1.191119493046211741e-11
1.105409244655385838e-10 -1.103967144175877385e-10 1.639932494459349366e-09 2.525535074470908220e-10 1.082355015068882919e-10 2.987574168565286111e-11 1.973591963510158494e-11 -8.964611631272789835e-11 -1.309489190286095605e-11 -1.742529137132643753e-11 3.856260070754000260e-11 -1.201657829227384379e-11 -3.930549731730405431e-12 8.275492484086069438e-12 -2.326302262044654669e-11 -2.140025031546794221e-11 -6.955877447004195962e-12 2.812737058477493695e-12 1.469324211735024947e-13 1.005267467014510784e-11 7.761489693547829369e-12 -1.042540716515626686e-11 -1.446452183771417767e-11 -3.524876817012097777e-12 2.371874687053225887e-12 -1.365448177125099452e-12
2.210638042061833326e-10 3.249613608231265533e-11 2.525535074470908220e-10 1.226302130699789598e-09 -6.475418781920204463e-11 1.165397774017542915e-11 1.082358607935551071e-10 5.532972179447080699e-11 -3.234902660487357086e-12 -1.776662645370194966e-11 1.983955087318767587e-11 9.495788469749374732e-12 3.551861056650525232e-12 6.290414316726425740e-12 1.284750802992087457e-11 5.605045667790152578e-12 1.178959334089249262e-12 1.168053594603492055e-11 2.620324650835617597e-11 1.515782535295188367e-11 1.498176393130144819e-11 2.249750779643667947e-11 1.647634505640884285e-11 1.504014149272252780e-11 6.561023637645299774e-12 -1.881211162495682023e-12
-1.000998492923499064e-10 1.183751135426266292e-11 1.082355015068882919e-10 -6.475418781920204463e-11 6.104528545207989646e-10 9.107581620917860831e-11 6.666107571730803344e-11 2.188278673527956656e-12 -2.440973484014056287e-11 -3.826976449902260903e-12 1.382256721813698278e-11 -9.885209130695445824e-12 1.770320570702098180e-12 1.108058338694882868e-12 1.037369015789867465e-11 1.384735256279675006e-11 1.303091332015367052e-11 6.781723142269152331e-12 -5.785005285438868983e-12 -5.397185016306351051e-12 -1.791092327669270159e-12 -1.772700101949429198e-12 -6.721639521575401331e-12 -7.514313630827739235e-12 -6.937442576538470560e-12 5.348607446737477191e-12
-7.875340005632781140e-12 1.132437022255470074e-10 2.987574168565286111e-11 1.165397774017542915e-11 9.107581620917860831e-11 4.728114342123426213e-10 7.346664166939727975e-11 3.605255319717066883e-11 -8.669009699729012181e-12 1.007119022739476396e-11 6.890663493250052766e-12 1.965314957777480107e-11 2.096234759982606434e-12 -1.244294352003041995e-11 -6.205705680545629405e-12 1.532422091264979444e-12 5.366326244523097084e-12 8.228386272483542205e-12 -6.766931044504887654e-12 4.266710241143512330e-12 9.267753262569456344e-12 -1.747806147858328016e-12 4.558204266971101185e-12 7.413872609284990577e-12 4.300210309751244684e-14 -3.877661439727878381e-12
-2.713732857076479268e-11 -9.325599567550133526e-11 1.973591963510158494e-11 1.082358607935551071e-10 6.666107571730803344e-11 7.346664166939727975e-11 2.844813692442317367e-10 7.027049712380460312e-11 4.901526201668974660e-13 6.708570389647689825e-12 1.275037019873943818e-11 1.014146519527956869e-11 -1.177273075898591633e-12 -4.704737452045394852e-12 -7.336585489906220907e-12 1.004618582905432969e-12 -2.576479112101184476e-12 8.251425189809942714e-14 -5.944690500295173295e-13 5.432336420315215557e-12 1.170881730056065866e-11 4.040965918580618778e-12 6.776331373893725146e-12 1.039014453741723083e-11 4.482042749697518595e-12 -1.673468173680551698e-12
-1.843377848824112815e-11 4.629691180563966441e-11 -8.964611631272789835e-11 5.532972179447080699e-11 2.188278673527956656e-12 3.605255319717066883e-11 7.027049712380460312e-11 2.410770666793589996e-10 -3.511015668259061684e-12 -3.087144008855871164e-12 4.874331845765856870e-12 4.400409962648462972e-12 -4.231444216900123453e-12 -4.548618835038942388e-12 -8.171823692498370439e-12 -2.369172243268885395e-12 -3.925109714067845988e-12 1.638381471441449189e-12 7.004516604759475855e-12 7.346047909405801865e-12 1.134900049832425940e-11 3.786892084922077309e-12 9.879948176809935278e-13 1.787748654736337595e-12 1.156696987373458518e-12 -4.366105525180249546e-12
-2.248990987540531059e-11 -2.984324064122473688e-11 -1.309489190286095605e-11 -3.234902660487357086e-12 -2.440973484014056287e-11 -8.669009699729012181e-12 4.901526201668974660e-13 -3.511015668259061684e-12 1.445211673351669576e-10 2.205942417941997550e-11 1.796476019807921876e-11 1.397424852114728080e-11 1.403184685045668330e-11 1.186682869780839940e-11 1.613405272072238032e-12 -1.834057053021024223e-12 -1.061044535639104624e-13 1.616026567778179678e-12 1.237610649578960207e-12 2.767459583022917921e-13 3.427417770999060540e-13 -7.214247701203294161e-15 -1.156522401931673299e-12 3.212676650184350289e-12 -3.802722751352013533e-12 -1.019707224632694162e-12
3.148137997045465877e-11 -8.662661534277148677e-12 -1.742529137132643753e-11 -1.776662645370194966e-11 -3.826976449902260903e-12 1.007119022739476396e-11 6.708570389647689825e-12 -3.087144008855871164e-12 2.205942417941997550e-11 1.193850848828412534e-10 2.638602423742115118e-11 1.466395568273290197e-11 1.015104486389114201e-11 4.373489288579065359e-12 4.742989885977717571e-12 -1.528680063176011276e-12 3.303045279178178682e-13 -1.089046939397650208e-12 -3.822175103292028362e-12 -5.367733953608524176e-12 -2.554250524649183278e-13 1.680829098368868195e-12 2.366985820020204093e-12 2.589557567295853777e-12 7.452518108924458847e-13 -4.756392845714016487e-13
1.037225004981371834e-11 -7.777091199677406650e-12 3.856260070754000260e-11 1.983955087318767587e-11 1.382256721813698278e-11 6.890663493250052766e-12 1.275037019873943818e-11 4.874331845765856870e-12 1.796476019807921876e-11 2.638602423742115118e-11 8.159799075863583645e-11 2.680612217369223445e-11 5.577041681103291556e-12 4.725631406151030074e-12 -2.033345371430525291e-13 3.246616027398662098e-12 -3.174030894102189380e-12 -5.809051461723170985e-12 -2.520602590822625246e-12 -1.428948094297437455e-12 -9.715032048525897128e-13 -1.804284261056545495e-12 -1.358256202222933531e-12 7.152396431436146998e-13 3.499194190575897337e-14 1.281482304961389756e-12
5.933371268519167491e-11 8.567997027339157461e-12 -1.201657829227384379e-11 9.495788469749374732e-12 -9.885209130695445824e-12 1.965314957777480107e-11 1.014146519527956869e-11 4.400409962648462972e-12 1.397424852114728080e-11 1.466395568273290197e-11 2.680612217369223445e-11 6.408901891606207121e-11 1.802389559852998964e-11 8.044646530118924897e-12 4.187354861497578170e-12 6.735898841720378621e-12 -1.972474902915524869e-12 4.611036369281726313e-13 -1.466929379267908783e-12 8.639448581981897016e-13 1.416858636038273816e-12 2.557058213154138497e-12 1.808306642013539612e-13 3.018237299818019788e-12 -1.784730764149749174e-12 -7.312616742057990883e-13
4.093490191881857570e-11 -5.504026390090682765e-11 -3.930549731730405431e-12 3.551861056650525232e-12 1.770320570702098180e-12 2.096234759982606434e-12 -1.177273075898591633e-12 -4.231444216900123453e-12 1.403184685045668330e-11 1.015104486389114201e-11 5.577041681103291556e-12 1.802389559852998964e-11 4.288993006272494913e-11 1.587914073437643974e-11 7.368849131441345851e-12 3.120909731611101822e-12 -1.793236716117334188e-12 1.456541130480194963e-12 1.732449979866171207e-12 1.190464186108375806e-12 -1.397396886512222861e-12 -7.679849450620749090e-13 1.434289838959560441e-12 -3.921440745901867980e-13 -2.102123215538616648e-12 -5.603608413101279206e-13
5.578074429865628400e-11 -1.855283403303725531e-11 8.275492484086069438e-12 6.290414316726425740e-12 1.108058338694882868e-12 -1.244294352003041995e-11 -4.704737452045394852e-12 -4.548618835038942388e-12 1.186682869780839940e-11 4.373489288579065359e-12 4.725631406151030074e-12 8.044646530118924897e-12 1.587914073437643974e-11 3.898774057011388084e-11 1.583618936127092334e-11 6.649296925230711288e-12 2.963599016457409209e-12 -4.543302205771239533e-13 -3.802386183775601256e-12 -3.907755026366068443e-12 -5.892933717150663188e-12 -3.076901672612700311e-12 8.538014756628720692e-13 -1.048670437657221532e-12 -1.224882151167533685e-12 2.266636780384536518e-12
-1.674485507804795435e-11 1.113967323823962122e-11 -2.326302262044654669e-11 1.284750802992087457e-11 1.037369015789867465e-11 -6.205705680545629405e-12 -7.336585489906220907e-12 -8.171823692498370439e-12 1.613405272072238032e-12 4.742989885977717571e-12 -2.033345371430525291e-13 4.187354861497578170e-12 7.368849131441345851e-12 1.583618936127092334e-11 3.540570057991680115e-11 1.636639419756196926e-11 9.402354314339865649e-12 6.829119147015299907e-12 6.679099013663336908e-14 -2.222957276514821847e-12 -3.492875255068866304e-12 9.580507044903210184e-13 2.963330613438008684e-12 -2.169181530296217262e-12 -1.671984903757877395e-12 1.593947406633634096e-12
3.172026092033114959e-11 1.248771916619481561e-13 -2.140025031546794221e-11 5.605045667790152578e-12 1.384735256279675006e-11 1.532422091264979444e-12 1.004618582905432969e-12 -2.369172243268885395e-12 -1.834057053021024223e-12 -1.528680063176011276e-12 3.246616027398662098e-12 6.735898841720378621e-12 3.120909731611101822e-12 6.649296925230711288e-12 1.636639419756196926e-11 3.022385867042270446e-11 1.689958073092574802e-11 1.103069381397539689e-11 1.772956226059681567e-12 1.709664493248787090e-12 7.125110037888081338e-13 2.565333290744389988e-12 5.444791620829962404e-12 4.728291883621413640e-14 1.006765053431885656e-12 1.676738472944940965e-12
-5.017950465105191510e-12 -1.953927369516620078e-11 -6.955877447004195962e-12 1.178959334089249262e-12 1.303091332015367052e-11 5.366326244523097084e-12 -2.576479112101184476e-12 -3.925109714067845988e-12 -1.061044535639104624e-13 3.303045279178178682e-13 -3.174030894102189380e-12 -1.972474902915524869e-12 -1.793236716117334188e-12 2.963599016457409209e-12 9.402354314339865649e-12 1.689958073092574802e-11 2.802482698946693909e-11 1.307847122869272531e-11 2.683125806395670929e-12 1.990382353736780329e-12 2.267387885552089811e-13 1.488105784118645396e-12 2.443481179199105514e-12 -7.056181730924877144e-13 1.336840724393141853e-12 1.890476604867165353e-12
2.612226697937309407e-12 -7.737289303789267173e-12 2.812737058477493695e-12 1.168053594603492055e-11 6.781723142269152331e-12 8.228386272483542205e-12 8.251425189809942714e-14 1.638381471441449189e-12 1.616026567778179678e-12 -1.089046939397650208e-12 -5.809051461723170985e-12 4.611036369281726313e-13 1.456541130480194963e-12 -4.543302205771239533e-13 6.829119147015299907e-12 1.103069381397539689e-11 1.307847122869272531e-11 2.448787349490995818e-11 1.162653754573578302e-11 5.504705786951902239e-12 2.240460141153112319e-12 1.430399069605535895e-12 3.303368733155389300e-12 -5.340098355826775034e-13 7.616853988101408048e-13 7.106803499589578840e-13
2.863136337521088422e-11 -1.940071372088969730e-11 1.469324211735024947e-13 2.620324650835617597e-11 -5.785005285438868983e-12 -6.766931044504887654e-12 -5.944690500295173295e-13 7.004516604759475855e-12 1.237610649578960207e-12 -3.822175103292028362e-12 -2.520602590822625246e-12 -1.466929379267908783e-12 1.732449979866171207e-12 -3.802386183775601256e-12 6.679099013663336908e-14 1.772956226059681567e-12 2.683125806395670929e-12 1.162653754573578302e-11 2.464303429318408216e-11 1.347366356515196144e-11 4.273800157008462133e-12 1.302490434352662271e-12 4.929344866798106049e-13 -6.438900344467288532e-13 1.375927096729548049e-13 -7.025070828473643549e-13
2.467307945311772067e-11 8.537055639313046498e-12 1.005267467014510784e-11 1.515782535295188367e-11 -5.397185016306351051e-12 4.266710241143512330e-12 5.432336420315215557e-12 7.346047909405801865e-12 2.767459583022917921e-13 -5.367733953608524176e-12 -1.428948094297437455e-12 8.639448581981897016e-13 1.190464186108375806e-12 -3.907755026366068443e-12 -2.222957276514821847e-12 1.709664493248787090e-12 1.990382353736780329e-12 5.504705786951902239e-12 1.347366356515196144e-11 2.311807022668076637e-11 1.209028812830462805e-11 2.393448449525368347e-12 -3.543451348491695913e-13 4.609618662929168946e-13 1.425830728908483131e-12 -2.741476854691251089e-13
-1.692404257937622460e-11 2.621414522811008299e-11 7.761489693547829369e-12 1.498176393130144819e-11 -1.791092327669270159e-12 9.267753262569456344e-12 1.170881730056065866e-11 1.134900049832425940e-11 3.427417770999060540e-13 -2.554250524649183278e-13 -9.715032048525897128e-13 1.416858636038273816e-12 -1.397396886512222861e-12 -5.892933717150663188e-12 -3.492875255068866304e-12 7.125110037888081338e-13 2.267387885552089811e-13 2.240460141153112319e-12 4.273800157008462133e-12 1.209028812830462805e-11 2.353530651867535545e-11 8.849157005043412398e-12 3.485039489181307167e-12 2.081722000022659097e-12 1.975684729485502204e-12 -1.414713407265507469e-12
-1.117338877355082885e-11 2.963420063726175972e-11 -1.042540716515626686e-11 2.249750779643667947e-11 -1.772700101949429198e-12 -1.747806147858328016e-12 4.040965918580618778e-12 3.786892084922077309e-12 -7.214247701203294161e-15 1.680829098368868195e-12 -1.804284261056545495e-12 2.557058213154138497e-12 -7.679849450620749090e-13 -3.076901672612700311e-12 9.580507044903210184e-13 2.565333290744389988e-12 1.488105784118645396e-12 1.430399069605535895e-12 1.302490434352662271e-12 2.393448449525368347e-12 8.849157005043412398e-12 1.549889213137994150e-11 6.726766848080819226e-12 3.616812386752113999e-12 1.360465043451209604e-12 -1.046415569920175178e-12
7.913669041988935098e-12 2.038084518268046486e-11 -1.446452183771417767e-11 1.647634505640884285e-11 -6.721639521575401331e-12 4.558204266971101185e-12 6.776331373893725146e-12 9.879948176809935278e-13 -1.156522401931673299e-12 2.366985820020204093e-12 -1.358256202222933531e-12 1.808306642013539612e-13 1.434289838959560441e-12 8.538014756628720692e-13 2.963330613438008684e-12 5.444791620829962404e-12 2.443481179199105514e-12 3.303368733155389300e-12 4.929344866798106049e-13 -3.543451348491695913e-13 3.485039489181307167e-12 6.726766848080819226e-12 1.313683953931065083e-11 5.289260121046384132e-12 1.877898781806639045e-12 7.718062463708169052e-16
1.966954792100023433e-11 1.426811033704695672e-11 -3.524876817012097777e-12 1.504014149272252780e-11 -7.514313630827739235e-12 7.413872609284990577e-12 1.039014453741723083e-11 1.787748654736337595e-12 3.212676650184350289e-12 2.589557567295853777e-12 7.152396431436146998e-13 3.018237299818019788e-12 -3.921440745901867980e-13 -1.048670437657221532e-12 -2.169181530296217262e-12 4.728291883621413640e-14 -7.056181730924877144e-13 -5.340098355826775034e-13 -6.438900344467288532e-13 4.609618662929168946e-13 2.081722000022659097e-12 3.616812386752113999e-12 5.289260121046384132e-12 9.479765273973284889e-12 2.478077944811022414e-12 -1.234492698571241500e-13
1.683414125898904231e-11 2.983129553327032076e-12 2.371874687053225887e-12 6.561023637645299774e-12 -6.937442576538470560e-12 4.300210309751244684e-14 4.482042749697518595e-12 1.156696987373458518e-12 -3.802722751352013533e-12 7.452518108924458847e-13 3.499194190575897337e-14 -1.784730764149749174e-12 -2.102123215538616648e-12 -1.224882151167533685e-12 -1.671984903757877395e-12 1.006765053431885656e-12 1.336840724393141853e-12 7.616853988101408048e-13 1.375927096729548049e-13 1.425830728908483131e-12 1.975684729485502204e-12 1.360465043451209604e-12 1.877898781806639045e-12 2.478077944811022414e-12 5.082939762854914214e-12 8.849052052318577679e-13
1.262040503567290737e-11 1.191119493046211741e-11 -1.365448177125099452e-12 -1.881211162495682023e-12 5.348607446737477191e-12 -3.877661439727878381e-12 -1.673468173680551698e-12 -4.366105525180249546e-12 -1.019707224632694162e-12 -4.756392845714016487e-13 1.281482304961389756e-12 -7.312616742057990883e-13 -5.603608413101279206e-13 2.266636780384536518e-12 1.593947406633634096e-12 1.676738472944940965e-12 1.890476604867165353e-12 7.106803499589578840e-13 -7.025070828473643549e-13 -2.741476854691251089e-13 -1.414713407265507469e-12 -1.046415569920175178e-12 7.718062463708169052e-16 -1.234492698571241500e-13 8.849052052318577679e-13 4.929532562830191844e-12
