3.459539130434337940e-09 3.858391261006698016e-10 -1.935599700109517910e-10 -2.941964522430307011e-10 1.508018670249910753e-10 -1.493338428300239402e-10 1.300518947221246945e-10 -3.364544894732268089e-11 -8.471055722863545081e-11 -8.539363382549006100e-11 6.039035967612222336e-12 -1.539914638535198866e-12 -5.824072386007981459e-12 1.973963532034491975e-12 -8.620561414269209055e-12 4.187278410746155159e-11 6.523889570547078493e-12 3.288538054151033486e-11 3.020562082707319851e-11 6.012700712795103817e-11 3.973694049487222135e-11 -5.288369450336075342e-12 -3.127824450809859457e-11 -1.443624739468474349e-11 5.278204182185728334e-12 -1.787319995015371604e-11
3.858391261006698016e-10 3.335160606541435351e-09 7.717157800335093116e-11 6.380667566159474818e-12 2.384011849586131855e-10 -1.385133453214359564e-10 1.220446756780514932e-10 3.423485227419139680e-11 1.360625715974515191e-11 8.018602782467602321e-11 1.018960531520342791e-10 1.197572197682264284e-10 3.073079404351120559e-11 -2.100991639949330396e-11 2.294593511730354715e-11 -3.662433669597966750e-11 -2.497986619077959310e-11 -6.105209240201413914e-12 -2.035384017211632614e-11 -8.955549407166990297e-12 1.138552998077662171e-11 -1.131119481903068822e-12 -2.179963273867845454e-11 1.378775761070128853e-11 4.256588715202306775e-12 1.827391778434417397e-11
-1.935599700109517910e-10 7.717157800335093116e-11 1.757491304599187173e-09 2.681425875879884055e-10 -8.479393350498660456e-11 2.144834223984235524e-10 2.305416719638755898e-11 -4.020874324713307524e-11 2.137474466971701324e-11 7.111885553921754804e-11 7.759974876091545688e-12 1.140717566416111619e-11 1.978644709666417558e-11 -4.469789838956958755e-14 -5.437234901073502062e-14 -1.248199843016861163e-11 3.227575753417763107e-12 1.630352881363572284e-11 4.586190979457313245e-12 -1.841095209264113755e-11 6.377733304701339187e-12 2.307719574875468386e-11 3.097498859270001626e-11 9.289632748998700132e-12 -5.717841528949784467e-12 3.966976418701453907e-12
-2.941964522430307011e-10 6.380667566159474818e-12 2.681425875879884055e-10 1.473217510727236596e-09 -6.425556381074613383e-11 6.546178889512600108e-11 1.553710149385626076e-11 -7.707165117773975077e-11 -5.741171789822413860e-11 2.411363945680084021e-11 -2.766810643128933984e-11 -2.877494576241069626e-11 -3.310347624573373448e-11 -5.471538225284391110e-12 -8.838069493122392900e-12 -6.549635246010269236e-11 -1.999044034730071336e-11 1.255059721685155957e-11 1.848129400859788754e-11 1.271823406082715357e-11 1.747860118252059863e-11 2.120947362457114095e-12 9.353966866845653713e-12 -1.783662372286348428e-12 1.971053777587992799e-12 3.549906818174944834e-12
1.508018670249910753e-10 2.384011849586131855e-10 -8.479393350498660456e-11 -6.425556381074613383e-11 8.643454923099386575e-10 -1.056300554868817889e-11 5.344240998996469032e-11 3.848701592626025146e-11 2.800858925227330586e-11 3.607911201051259729e-11 2.026993031341074971e-11 -1.066361230134243472e-11 -7.091044039838553039e-12 -2.195596564217047712e-11 7.107054673979243338e-12 -2.037885170689373405e-11 -5.007493221005239017e-12 5.111313763929343974e-12 1.370675916835794282e-11 1.250868957267500153e-11 -2.135645783131311434e-11 -3.267166917629672455e-12 4.253520354630790152e-12 3.049094216353882835e-12 5.106939957664976269e-12 -2.721681799577163284e-12
-1.493338428300239402e-10 -1.385133453214359564e-10 2.144834223984235524e-10 6.546178889512600108e-11 -1.056300554868817889e-11 5.457404635709473910e-10 -3.694821517316026338e-12 5.495834952135901560e-12 1.699655376475492026e-11 -6.569725964706296892e-12 -2.985929157792707855e-11 -2.371132286948918062e-11 2.648735426895617483e-11 5.926387295128056654e-12 9.363290533268517680e-12 1.698180255707203200e-12 6.040338895850611893e-12 -2.436140155919186367e-13 5.721592344272625472e-12 1.560099833112492156e-12 -2.895449416310385894e-12 7.720423284818824315e-12 9.580860980071333859e-12 2.266624540454107621e-12 -1.071371104335126541e-11 -6.334290243237085014e-12
1.300518947221246945e-10 1.220446756780514932e-10 2.305416719638755898e-11 1.553710149385626076e-11 5.344240998996469032e-11 -3.694821517316026338e-12 3.949144616922329647e-10 5.802152148599430045e-11 1.522862551886937608e-11 2.241068027299379878e-11 4.746691920572042306e-11 1.260610419912947861e-11 1.033126653142739841e-11 -4.918354290141421543e-12 9.063768184697358730e-15 -9.071380866799278664e-12 -1.004020812800975948e-11 -1.289488313832409875e-12 1.223402278509313424e-11 7.124114353800620781e-12 8.491808364073833704e-13 -3.538632981488368717e-12 -8.205766214660416345e-12 -5.267623070369619316e-12 7.422359735803673233e-12 9.999800550424888689e-12
-3.364544894732268089e-11 3.423485227419139680e-11 -4.020874324713307524e-11 -7.707165117773975077e-11 3.848701592626025146e-11 5.495834952135901560e-12 5.802152148599430045e-11 2.524798226899898686e-10 2.971562917805855504e-11 2.798552168361695273e-11 1.638949206435490552e-11 2.680088379223985049e-11 3.408642754344358914e-12 5.721295166836496685e-12 6.452235037144400329e-12 5.970112427909546493e-12 1.131413553647470069e-11 1.105327065714133395e-11 2.255305195791830983e-12 1.758217180701832238e-12 4.844107592656606241e-12 2.215287382791624593e-12 1.290543020883841635e-12 1.568117036200792379e-12 1.099413115759621200e-11 6.519998316927238580e-12
-8.471055722863545081e-11 1.360625715974515191e-11 2.137474466971701324e-11 -5.741171789822413860e-11 2.800858925227330586e-11 1.699655376475492026e-11 1.522862551886937608e-11 2.971562917805855504e-11 1.681362739073908053e-10 3.355875542506769276e-11 1.982909550672161374e-11 -5.080707964018551439e-12 -3.908806922731894211e-13 -1.504303336011296102e-12 -9.955555788206500325e-12 -8.110074724532366988e-12 -5.816301128567061708e-13 3.964638050053055521e-12 5.798753763558009498e-12 -5.994377687992376057e-12 -8.443169487583790777e-12 -3.343988701889493199e-12 -5.913923550917507622e-12 -1.889024012696017022e-12 4.876514967979797136e-13 2.242868427538087805e-12
-8.539363382549006100e-11 8.018602782467602321e-11 7.111885553921754804e-11 2.411363945680084021e-11 3.607911201051259729e-11 -6.569725964706296892e-12 2.241068027299379878e-11 2.798552168361695273e-11 3.355875542506769276e-11 1.205716935252171329e-10 2.782684615897687351e-11 1.123292728960970792e-11 9.579304388463814345e-12 5.126053803027280028e-12 8.797875070098662504e-12 4.121614147625783854e-12 3.572274257478227013e-12 6.171653618702696952e-12 6.746306096308620414e-12 3.206265809243670874e-12 3.251794204092364425e-12 3.513815680134954271e-12 -5.967221052650806390e-13 -1.959998516129262287e-12 6.468469024692479699e-13 3.791569671361064043e-12
6.039035967612222336e-12 1.018960531520342791e-10 7.759974876091545688e-12 -2.766810643128933984e-11 2.026993031341074971e-11 -2.985929157792707855e-11 4.746691920572042306e-11 1.638949206435490552e-11 1.982909550672161374e-11 2.782684615897687351e-11 9.737742437108776628e-11 3.808768044069603866e-11 1.528686078203264857e-11 1.353034333561212887e-11 3.490855092706594179e-12 1.583458848937463625e-12 -3.001796845237259824e-12 2.658669571084284678e-12 1.772804453649572787e-12 -5.275539077636757985e-12 -5.650403233330881361e-12 -5.338949105771120055e-13 -2.758548660563633426e-12 -3.744737639038254536e-12 9.089923721618498212e-13 4.818213599824647790e-12
-1.539914638535198866e-12 1.197572197682264284e-10 1.140717566416111619e-11 -2.877494576241069626e-11 -1.066361230134243472e-11 -2.371132286948918062e-11 1.260610419912947861e-11 2.680088379223985049e-11 -5.080707964018551439e-12 1.123292728960970792e-11 3.808768044069603866e-11 8.314995752513745964e-11 3.015735208314299831e-11 1.989184448642715558e-11 3.845357796739780330e-12 2.496637178647380752e-12 -6.008230665443425997e-13 1.582511251197441481e-12 5.254445529946728616e-12 -7.621195547606505374e-13 -1.323871623795859108e-12 -1.270075364267763451e-12 -1.734009252634959780e-12 -1.076779262060370226e-12 1.635939552000918536e-12 4.181102391662530151e-12
-5.824072386007981459e-12 3.073079404351120559e-11 1.978644709666417558e-11 -3.310347624573373448e-11 -7.091044039838553039e-12 2.648735426895617483e-11 1.033126653142739841e-11 3.408642754344358914e-12 -3.908806922731894211e-13 9.579304388463814345e-12 1.528686078203264857e-11 3.015735208314299831e-11 6.922126315342971865e-11 3.070454403783579762e-11 1.472879519552388626e-11 1.164411063357475952e-11 2.955680760290430361e-12 3.661900066489713039e-12 1.067498457292181659e-11 4.165548049176585969e-12 -4.759262598270819263e-12 -3.557273091141386798e-12 1.915624572502000667e-12 -9.619359430136157072e-13 4.328344942157406547e-13 3.067286853415701126e-12
1.973963532034491975e-12 -2.100991639949330396e-11 -4.469789838956958755e-14 -5.471538225284391110e-12 -2.195596564217047712e-11 5.926387295128056654e-12 -4.918354290141421543e-12 5.721295166836496685e-12 -1.504303336011296102e-12 5.126053803027280028e-12 1.353034333561212887e-11 1.989184448642715558e-11 3.070454403783579762e-11 5.742297936582224914e-11 2.863510564418251091e-11 1.658038902020792949e-11 1.165445121077692319e-11 7.842997830849280030e-12 1.223397463979072653e-11 8.218032208145727250e-12 2.941100199895331131e-12 6.377364851627509534e-13 4.205668265124757981e-12 1.361324246179096169e-12 1.512696881399393366e-12 9.295300859855026052e-13
-8.620561414269209055e-12 2.294593511730354715e-11 -5.437234901073502062e-14 -8.838069493122392900e-12 7.107054673979243338e-12 9.363290533268517680e-12 9.063768184697358730e-15 6.452235037144400329e-12 -9.955555788206500325e-12 8.797875070098662504e-12 3.490855092706594179e-12 3.845357796739780330e-12 1.472879519552388626e-11 2.863510564418251091e-11 5.094030931481371411e-11 2.951591150644650331e-11 2.068787176316223622e-11 1.126602850865425453e-11 6.667425669159079707e-12 5.690887986912878114e-12 1.299594445931036430e-12 7.597354632528370057e-13 4.654906699036808274e-13 -3.290028006029863558e-13 1.618147957500084736e-12 5.280946610686057634e-12
4.187278410746155159e-11 -3.662433669597966750e-11 -1.248199843016861163e-11 -6.549635246010269236e-11 -2.037885170689373405e-11 1.698180255707203200e-12 -9.071380866799278664e-12 5.970112427909546493e-12 -8.110074724532366988e-12 4.121614147625783854e-12 1.583458848937463625e-12 2.496637178647380752e-12 1.164411063357475952e-11 1.658038902020792949e-11 2.951591150644650331e-11 4.589786837949794893e-11 2.716185647535046561e-11 1.231531519923214469e-11 6.003072336885792064e-12 6.225095441084789529e-12 1.945531658213774876e-12 1.789103795310454909e-13 5.627120548337308881e-13 -4.244203546523047632e-13 7.682783412164103942e-13 2.860030007342697194e-12
6.523889570547078493e-12 -2.497986619077959310e-11 3.227575753417763107e-12 -1.999044034730071336e-11 -5.007493221005239017e-12 6.040338895850611893e-12 -1.004020812800975948e-11 1.131413553647470069e-11 -5.816301128567061708e-13 3.572274257478227013e-12 -3.001796845237259824e-12 -6.008230665443425997e-13 2.955680760290430361e-12 1.165445121077692319e-11 2.068787176316223622e-11 2.716185647535046561e-11 4.334571272471416088e-11 2.039847764207842771e-11 9.323465497603023125e-12 3.473674820083578155e-12 1.009677158032997347e-13 -3.130252243898001714e-12 -1.355529098793246951e-12 4.982640983024095844e-13 2.113751151887977359e-12 1.142903142358047995e-12
3.288538054151033486e-11 -6.105209240201413914e-12 1.630352881363572284e-11 1.255059721685155957e-11 5.111313763929343974e-12 -2.436140155919186367e-13 -1.289488313832409875e-12 1.105327065714133395e-11 3.964638050053055521e-12 6.171653618702696952e-12 2.658669571084284678e-12 1.582511251197441481e-12 3.661900066489713039e-12 7.842997830849280030e-12 1.126602850865425453e-11 1.231531519923214469e-11 2.039847764207842771e-11 3.749193725542906092e-11 2.156879832280092720e-11 1.298559694517953367e-11 3.626681198159635358e-12 3.264411315320726452e-13 1.325442443559814549e-12 2.095338430739987353e-12 5.097801074707000109e-13 -9.302265150611637996e-13
3.020562082707319851e-11 -2.035384017211632614e-11 4.586190979457313245e-12 1.848129400859788754e-11 1.370675916835794282e-11 5.721592344272625472e-12 1.223402278509313424e-11 2.255305195791830983e-12 5.798753763558009498e-12 6.746306096308620414e-12 1.772804453649572787e-12 5.254445529946728616e-12 1.067498457292181659e-11 1.223397463979072653e-11 6.667425669159079707e-12 6.003072336885792064e-12 9.323465497603023125e-12 2.156879832280092720e-11 3.875998388824351221e-11 2.826069418386581107e-11 8.761089434851834442e-12 3.166348054495999884e-12 1.501605766714170664e-12 3.470687515096970898e-12 2.898705998454076971e-13 -1.118382351537056341e-12
6.012700712795103817e-11 -8.955549407166990297e-12 -1.841095209264113755e-11 1.271823406082715357e-11 1.250868957267500153e-11 1.560099833112492156e-12 7.124114353800620781e-12 1.758217180701832238e-12 -5.994377687992376057e-12 3.206265809243670874e-12 -5.275539077636757985e-12 -7.621195547606505374e-13 4.165548049176585969e-12 8.218032208145727250e-12 5.690887986912878114e-12 6.225095441084789529e-12 3.473674820083578155e-12 1.298559694517953367e-11 2.826069418386581107e-11 4.876373249483280395e-11 2.302961053363791509e-11 1.041075570145719447e-11 1.001631601906518994e-12 3.155854090238478822e-12 2.253162856061470116e-13 -5.373997142598394233e-13
3.973694049487222135e-11 1.138552998077662171e-11 6.377733304701339187e-12 1.747860118252059863e-11 -2.135645783131311434e-11 -2.895449416310385894e-12 8.491808364073833704e-13 4.844107592656606241e-12 -8.443169487583790777e-12 3.251794204092364425e-12 -5.650403233330881361e-12 -1.323871623795859108e-12 -4.759262598270819263e-12 2.941100199895331131e-12 1.299594445931036430e-12 1.945531658213774876e-12 1.009677158032997347e-13 3.626681198159635358e-12 8.761089434851834442e-12 2.302961053363791509e-11 3.416466572085934633e-11 1.574503774747668598e-11 4.155131762717374517e-12 5.965719581995517237e-12 1.425903402379835131e-12 -1.227107418617642956e-12
-5.288369450336075342e-12 -1.131119481903068822e-12 2.307719574875468386e-11 2.120947362457114095e-12 -3.267166917629672455e-12 7.720423284818824315e-12 -3.538632981488368717e-12 2.215287382791624593e-12 -3.343988701889493199e-12 3.513815680134954271e-12 -5.338949105771120055e-13 -1.270075364267763451e-12 -3.557273091141386798e-12 6.377364851627509534e-13 7.597354632528370057e-13 1.789103795310454909e-13 -3.130252243898001714e-12 3.264411315320726452e-13 3.166348054495999884e-12 1.041075570145719447e-11 1.574503774747668598e-11 2.409009771656930574e-11 1.091992048127652982e-11 5.924805418464445030e-12 1.621539585937896817e-12 -4.875840524536208002e-13
-3.127824450809859457e-11 -2.179963273867845454e-11 3.097498859270001626e-11 9.353966866845653713e-12 4.253520354630790152e-12 9.580860980071333859e-12 -8.205766214660416345e-12 1.290543020883841635e-12 -5.913923550917507622e-12 -5.967221052650806390e-13 -2.758548660563633426e-12 -1.734009252634959780e-12 1.915624572502000667e-12 4.205668265124757981e-12 4.654906699036808274e-13 5.627120548337308881e-13 -1.355529098793246951e-12 1.325442443559814549e-12 1.501605766714170664e-12 1.001631601906518994e-12 4.155131762717374517e-12 1.091992048127652982e-11 1.855456818310107848e-11 7.941942434626950688e-12 1.752157714355898824e-12 -7.783559094225887233e-13
-1.443624739468474349e-11 1.378775761070128853e-11 9.289632748998700132e-12 -1.783662372286348428e-12 3.049094216353882835e-12 2.266624540454107621e-12 -5.267623070369619316e-12 1.568117036200792379e-12 -1.889024012696017022e-12 -1.959998516129262287e-12 -3.744737639038254536e-12 -1.076779262060370226e-12 -9.619359430136157072e-13 1.361324246179096169e-12 -3.290028006029863558e-13 -4.244203546523047632e-13 4.982640983024095844e-13 2.095338430739987353e-12 3.470687515096970898e-12 3.155854090238478822e-12 5.965719581995517237e-12 5.924805418464445030e-12 7.941942434626950688e-12 1.485533750535399211e-11 3.104993449068192806e-12 2.225475167817974964e-13
5.278204182185728334e-12 4.256588715202306775e-12 -5.717841528949784467e-12 1.971053777587992799e-12 5.106939957664976269e-12 -1.071371104335126541e-11 7.422359735803673233e-12 1.099413115759621200e-11 4.876514967979797136e-13 6.468469024692479699e-13 9.089923721618498212e-13 1.635939552000918536e-12 4.328344942157406547e-13 1.512696881399393366e-12 1.618147957500084736e-12 7.682783412164103942e-13 2.113751151887977359e-12 5.097801074707000109e-13 2.898705998454076971e-13 2.253162856061470116e-13 1.425903402379835131e-12 1.621539585937896817e-12 1.752157714355898824e-12 3.104993449068192806e-12 7.768716657739100322e-12 1.767870253771819154e-12
-1.787319995015371604e-11 1.827391778434417397e-11 3.966976418701453907e-12 3.549906818174944834e-12 -2.721681799577163284e-12 -6.334290243237085014e-12 9.999800550424888689e-12 6.519998316927238580e-12 2.242868427538087805e-12 3.791569671361064043e-12 4.818213599824647790e-12 4.181102391662530151e-12 3.067286853415701126e-12 9.295300859855026052e-13 5.280946610686057634e-12 2.860030007342697194e-12 1.142903142358047995e-12 -9.302265150611637996e-13 -1.118382351537056341e-12 -5.373997142598394233e-13 -1.227107418617642956e-12 -4.875840524536208002e-13 -7.783559094225887233e-13 2.225475167817974964e-13 1.767870253771819154e-12 9.013105901691776010e-12
