2.956773311527333142e-09 1.962775547232311415e-10 -1.751891979398119674e-10 -4.779700738068359133e-11 1.317852312388825857e-10 -6.848579622564849011e-11 6.850599587036188274e-11 6.189312063394445894e-11 6.915857232586787963e-11 2.540848383895547618e-11 7.741957179086041123e-11 1.987621214236079258e-11 4.372655766386007243e-11 7.771729885877002148e-12 8.983378932403719475e-12 2.077284685218601549e-11 7.154233395481610161e-12 -1.041953645567009714e-11 -1.758749492898110541e-11 6.886399826383792507e-12 1.347449960370173922e-11 2.022627609031529819e-11 -1.000805995375521019e-11 -1.026452111797824656e-11 -3.203600142019789466e-12 6.344349056214613576e-12
1.962775547232311415e-10 2.090627053020529558e-09 -6.927926347694615017e-11 -6.243204547050134930e-11 8.816986179583918652e-11 7.557649344173268115e-11 -4.895199040226894505e-11 -4.606152090359493615e-12 1.060526449806789931e-11 -1.372336024369042456e-11 -1.673300278279084813e-11 -6.379731326423051028e-12 1.441187575832638929e-11 -9.070879805170750946e-12 -8.031391607250657199e-12 -1.112931124642203417e-12 5.983091248220801569e-12 -9.994284915079526096e-12 2.499294154796249584e-12 -1.694536729960733294e-11 -1.440341132021726500e-11 -2.347420222138649941e-11 -2.570639141707005645e-11 -6.028774052864457681e-12 -6.028947455249788005e-12 1.230394184212616755e-11
-1.751891979398119674e-10 -6.927926347694615017e-11 1.194675206145578866e-09 9.356124122826556647e-11 3.327207023341057995e-12 -1.060626716052700559e-10 -3.360396063480455896e-11 1.060092028950068756e-11 3.306051108968496030e-12 2.565133956750801051e-11 -2.599191664592873200e-11 4.403542179483505600e-11 3.205095420720191592e-11 2.007131153357482090e-11 2.119139522859733419e-11 1.033868720467330373e-11 -5.666815402385795733e-12 -6.981688005557849121e-12 -3.951147739124493551e-12 -8.941577351453317197e-12 2.599276791879349699e-13 2.128970364747481402e-12 1.175401420164201523e-11 2.997631217364246411e-12 -6.682005041672467114e-12 -9.158008823955134166e-12
-4.779700738068359133e-11 -6.243204547050134930e-11 9.356124122826556647e-11 9.147247173349841839e-10 1.353187981001700166e-10 4.441803887536314500e-11 5.834929926958475324e-11 -3.749150276649694875e-11 -1.440312940703946403e-11 -1.209026381911909805e-11 1.647211536258354044e-11 2.101407101177925358e-11 5.227338965889040583e-12 2.993054752846170938e-12 1.472506446010685422e-11 1.144541767263382581e-11 2.120559919972044161e-11 1.110285538969161500e-11 -5.937754632556359986e-12 -6.644405024136184247e-12 -5.971732945782458217e-12 -2.702004796487139171e-12 -8.488599583863307872e-12 5.044069906916615162e-12 3.396699157644691110e-12 -6.883104715423093835e-12
1.317852312388825857e-10 8.816986179583918652e-11 3.327207023341057995e-12 1.353187981001700166e-10 5.095341434050277116e-10 8.217991702339122476e-11 3.434279212320206774e-11 -4.591093203288272963e-12 -3.829583928635677875e-12 -1.942489394651222071e-11 -6.494866570030220335e-12 -5.815317739616703701e-12 -8.298318932981331143e-12 -3.816995215742243115e-12 -1.678557054194034697e-12 -3.551309588168241882e-12 1.481551059751058186e-12 1.407820434348718135e-12 -1.882012518836602352e-12 3.147960350474326737e-12 -3.811006251499372490e-12 -1.208357315757915361e-11 -1.193864822699162999e-11 -1.563483741749195358e-12 -2.584239570331034427e-12 2.976942025389742618e-12
-6.848579622564849011e-11 7.557649344173268115e-11 -1.060626716052700559e-10 4.441803887536314500e-11 8.217991702339122476e-11 3.962545497716343074e-10 4.265622310218577180e-11 2.865842466223452273e-11 -8.020339072683401131e-12 2.071372884067984764e-12 -1.258335825976232259e-11 -5.683782066812221195e-12 -8.927495544523807802e-12 -2.063343265268330926e-11 -1.153778453930821594e-11 -2.051337166479143854e-11 -1.143593286333369442e-12 6.343907509650054974e-12 -2.869593182940017347e-12 -5.259197754513153524e-12 -7.857157102471610377e-12 1.400400804649621025e-12 -5.223194004585466404e-12 -1.035652950630827182e-11 1.051701787555140871e-12 -2.482570895592563296e-12
6.850599587036188274e-11 -4.895199040226894505e-11 -3.360396063480455896e-11 5.834929926958475324e-11 3.434279212320206774e-11 4.265622310218577180e-11 2.278396126079131210e-10 2.994961792497793975e-11 1.528446267176702558e-11 1.801981743628680835e-11 1.947604930337409637e-11 1.185290903696048041e-11 4.787082871340672401e-12 -4.539126128845142667e-12 -2.457434878981967445e-12 -2.293645687919866822e-12 2.139406508590744097e-12 -7.806243472483759039e-12 -6.107877504040138925e-12 -1.163038104575275851e-11 -6.266527515051108752e-12 -1.245151498463642328e-12 2.947814618594888467e-12 -2.942123850292017566e-12 7.941436797408309760e-13 -1.870983739105901192e-12
6.189312063394445894e-11 -4.606152090359493615e-12 1.060092028950068756e-11 -3.749150276649694875e-11 -4.591093203288272963e-12 2.865842466223452273e-11 2.994961792497793975e-11 1.228434603400297480e-10 2.702789476834520574e-11 2.159534575418839191e-11 1.131273597501485797e-11 4.725945174218586258e-12 2.011232538475180465e-12 9.758269614150368663e-12 5.024957108743071448e-13 3.753612475645258647e-12 5.869891669162711928e-12 2.302756106837022523e-12 5.989269118635179294e-13 -1.368805979610220462e-12 -1.131827161098576927e-12 5.235278413170659074e-12 2.958243767825784073e-12 2.069746260360162519e-12 2.421376476413429436e-12 -2.612633455487932519e-12
6.915857232586787963e-11 1.060526449806789931e-11 3.306051108968496030e-12 -1.440312940703946403e-11 -3.829583928635677875e-12 -8.020339072683401131e-12 1.528446267176702558e-11 2.702789476834520574e-11 1.177037155751090278e-10 3.125556460180494928e-11 1.833901383456739070e-11 4.493799723744463361e-12 9.488761015987265255e-12 1.105698651477724290e-11 2.511190206156015888e-12 4.502312317944864431e-12 2.079533537666024144e-13 1.493768161954593187e-13 5.531237010522370754e-12 2.961714726019774159e-12 -2.222907963689574075e-12 -3.721369342990368853e-12 7.561944818087219507e-14 4.633356217316136326e-13 -6.575744699909179866e-13 7.898617467508505374e-13
2.540848383895547618e-11 -1.372336024369042456e-11 2.565133956750801051e-11 -1.209026381911909805e-11 -1.942489394651222071e-11 2.071372884067984764e-12 1.801981743628680835e-11 2.159534575418839191e-11 3.125556460180494928e-11 9.108086245836970657e-11 1.359424872675363525e-11 8.919934029839075893e-12 6.820419636842510891e-12 6.121103691593791116e-12 5.026687608268980553e-12 -4.482001036260985103e-12 1.380955246004435811e-12 -6.706824976478194914e-13 -2.874026511223539983e-12 -5.946402079629389982e-12 -3.330534281020916403e-12 -2.106737134357866728e-12 2.392267391678004022e-12 -2.457655962878943982e-12 -1.465130628993398983e-12 -5.556189825289932132e-13
7.741957179086041123e-11 -1.673300278279084813e-11 -2.599191664592873200e-11 1.647211536258354044e-11 -6.494866570030220335e-12 -1.258335825976232259e-11 1.947604930337409637e-11 1.131273597501485797e-11 1.833901383456739070e-11 1.359424872675363525e-11 6.632307534747886002e-11 1.794255020963375278e-11 1.110833852419246559e-11 4.739027157706362971e-12 7.615265221628495625e-13 2.380085979246643794e-12 1.686754899767845842e-12 3.611375816241507863e-12 5.348097785824727157e-12 4.536604596743428001e-12 4.453233393939461255e-12 1.368328183388934621e-12 3.274047094373669854e-12 9.702502515898623152e-13 1.176296296680678320e-12 1.419309994528091335e-12
1.987621214236079258e-11 -6.379731326423051028e-12 4.403542179483505600e-11 2.101407101177925358e-11 -5.815317739616703701e-12 -5.683782066812221195e-12 1.185290903696048041e-11 4.725945174218586258e-12 4.493799723744463361e-12 8.919934029839075893e-12 1.794255020963375278e-11 5.074136098024178411e-11 1.956649027211851706e-11 1.117978564296642941e-11 4.498211940574243790e-12 3.444604613321739235e-12 -2.038641806109730603e-12 6.275315371092684663e-13 -6.139856270152845933e-13 -1.507162672646383321e-12 -1.171824380056950348e-12 4.131348451171848028e-13 1.361941256801828291e-12 1.117102463485598588e-12 -2.633091534861642127e-12 -1.324348878188440840e-12
4.372655766386007243e-11 1.441187575832638929e-11 3.205095420720191592e-11 5.227338965889040583e-12 -8.298318932981331143e-12 -8.927495544523807802e-12 4.787082871340672401e-12 2.011232538475180465e-12 9.488761015987265255e-12 6.820419636842510891e-12 1.110833852419246559e-11 1.956649027211851706e-11 4.076606251046399338e-11 1.585734481916306011e-11 1.047743711231390434e-11 8.084953510490828986e-12 -9.295455006846895025e-13 -3.911691742063875789e-12 -3.473713166399218696e-12 -4.711710989002864276e-13 -1.781237558471600526e-12 -6.550683370740738824e-13 -1.721234201507876120e-13 1.681913398130734882e-13 -1.887989310268558243e-12 8.163147315942781721e-13
7.771729885877002148e-12 -9.070879805170750946e-12 2.007131153357482090e-11 2.993054752846170938e-12 -3.816995215742243115e-12 -2.063343265268330926e-11 -4.539126128845142667e-12 9.758269614150368663e-12 1.105698651477724290e-11 6.121103691593791116e-12 4.739027157706362971e-12 1.117978564296642941e-11 1.585734481916306011e-11 3.017530053311826716e-11 1.873973195467852070e-11 1.122209965015029465e-11 3.422985348711603067e-12 2.537045757926325286e-12 1.047351445233369503e-12 1.503428312742924550e-12 -1.153707221524324544e-12 -4.602067685202977072e-13 2.685911727342619215e-13 -1.372324995280483464e-12 -1.556953713633592128e-12 1.228391079987933419e-12
8.983378932403719475e-12 -8.031391607250657199e-12 2.119139522859733419e-11 1.472506446010685422e-11 -1.678557054194034697e-12 -1.153778453930821594e-11 -2.457434878981967445e-12 5.024957108743071448e-13 2.511190206156015888e-12 5.026687608268980553e-12 7.615265221628495625e-13 4.498211940574243790e-12 1.047743711231390434e-11 1.873973195467852070e-11 2.972599727571688852e-11 1.789285346839149175e-11 9.266332928431296471e-12 5.094747411419561156e-12 2.401183154420413484e-12 2.768956368987234502e-12 -3.235620743903747779e-13 -8.362545730994070758e-14 5.745943607746700179e-14 -1.446612750933168182e-12 -1.565610936109812885e-12 1.641925291359827452e-12
2.077284685218601549e-11 -1.112931124642203417e-12 1.033868720467330373e-11 1.144541767263382581e-11 -3.551309588168241882e-12 -2.051337166479143854e-11 -2.293645687919866822e-12 3.753612475645258647e-12 4.502312317944864431e-12 -4.482001036260985103e-12 2.380085979246643794e-12 3.444604613321739235e-12 8.084953510490828986e-12 1.122209965015029465e-11 1.789285346839149175e-11 2.909240635827889971e-11 1.522651871699654421e-11 7.337340591505619542e-12 2.687466264955834536e-12 1.254623600913157129e-12 1.925838488695127943e-13 2.636305355404077817e-12 3.365964243525572484e-12 1.448698085557151845e-12 -4.041523101657355111e-13 2.610012268220635508e-12
7.154233395481610161e-12 5.983091248220801569e-12 -5.666815402385795733e-12 2.120559919972044161e-11 1.481551059751058186e-12 -1.143593286333369442e-12 2.139406508590744097e-12 5.869891669162711928e-12 2.079533537666024144e-13 1.380955246004435811e-12 1.686754899767845842e-12 -2.038641806109730603e-12 -9.295455006846895025e-13 3.422985348711603067e-12 9.266332928431296471e-12 1.522651871699654421e-11 2.572409769311452889e-11 1.450044750976948432e-11 3.579534111407301425e-12 6.063735168224362069e-13 6.291450439427641490e-13 2.765554353088156185e-12 2.940278641384332810e-12 1.361308507060344305e-12 5.875691991623394091e-13 1.868517661589455962e-12
-1.041953645567009714e-11 -9.994284915079526096e-12 -6.981688005557849121e-12 1.110285538969161500e-11 1.407820434348718135e-12 6.343907509650054974e-12 -7.806243472483759039e-12 2.302756106837022523e-12 1.493768161954593187e-13 -6.706824976478194914e-13 3.611375816241507863e-12 6.275315371092684663e-13 -3.911691742063875789e-12 2.537045757926325286e-12 5.094747411419561156e-12 7.337340591505619542e-12 1.450044750976948432e-11 2.723693838563429730e-11 1.255585447548707066e-11 6.339962921560681211e-12 3.942051560973406113e-12 2.457151682857686355e-12 2.972543699948608465e-12 4.812168299666507182e-13 7.953498799035976230e-13 1.246659453508084031e-12
-1.758749492898110541e-11 2.499294154796249584e-12 -3.951147739124493551e-12 -5.937754632556359986e-12 -1.882012518836602352e-12 -2.869593182940017347e-12 -6.107877504040138925e-12 5.989269118635179294e-13 5.531237010522370754e-12 -2.874026511223539983e-12 5.348097785824727157e-12 -6.139856270152845933e-13 -3.473713166399218696e-12 1.047351445233369503e-12 2.401183154420413484e-12 2.687466264955834536e-12 3.579534111407301425e-12 1.255585447548707066e-11 2.515451845664110765e-11 1.574069546901025309e-11 7.947563060747528071e-12 7.096250796231550151e-13 1.977578642082559603e-13 3.186660025678920492e-13 2.314568754150781799e-13 -3.046495451249952697e-13
6.886399826383792507e-12 -1.694536729960733294e-11 -8.941577351453317197e-12 -6.644405024136184247e-12 3.147960350474326737e-12 -5.259197754513153524e-12 -1.163038104575275851e-11 -1.368805979610220462e-12 2.961714726019774159e-12 -5.946402079629389982e-12 4.536604596743428001e-12 -1.507162672646383321e-12 -4.711710989002864276e-13 1.503428312742924550e-12 2.768956368987234502e-12 1.254623600913157129e-12 6.063735168224362069e-13 6.339962921560681211e-12 1.574069546901025309e-11 2.518186360030962440e-11 1.459194588034468322e-11 4.519139187714018042e-12 1.144989966222839468e-13 2.307951795375489977e-12 1.088612347352697798e-12 4.860258347417341582e-13
1.347449960370173922e-11 -1.440341132021726500e-11 2.599276791879349699e-13 -5.971732945782458217e-12 -3.811006251499372490e-12 -7.857157102471610377e-12 -6.266527515051108752e-12 -1.131827161098576927e-12 -2.222907963689574075e-12 -3.330534281020916403e-12 4.453233393939461255e-12 -1.171824380056950348e-12 -1.781237558471600526e-12 -1.153707221524324544e-12 -3.235620743903747779e-13 1.925838488695127943e-13 6.291450439427641490e-13 3.942051560973406113e-12 7.947563060747528071e-12 1.459194588034468322e-11 2.158038602608451176e-11 9.281692725337502375e-12 3.623011565720396708e-12 1.694249203225769440e-12 1.448519212282122243e-12 -2.806448217072427941e-13
2.022627609031529819e-11 -2.347420222138649941e-11 2.128970364747481402e-12 -2.702004796487139171e-12 -1.208357315757915361e-11 1.400400804649621025e-12 -1.245151498463642328e-12 5.235278413170659074e-12 -3.721369342990368853e-12 -2.106737134357866728e-12 1.368328183388934621e-12 4.131348451171848028e-13 -6.550683370740738824e-13 -4.602067685202977072e-13 -8.362545730994070758e-14 2.636305355404077817e-12 2.765554353088156185e-12 2.457151682857686355e-12 7.096250796231550151e-13 4.519139187714018042e-12 9.281692725337502375e-12 1.429577336002020391e-11 7.142863245025717052e-12 2.890622582691536026e-12 1.942354832595204754e-12 2.084218983746992451e-13
-1.000805995375521019e-11 -2.570639141707005645e-11 1.175401420164201523e-11 -8.488599583863307872e-12 -1.193864822699162999e-11 -5.223194004585466404e-12 2.947814618594888467e-12 2.958243767825784073e-12 7.561944818087219507e-14 2.392267391678004022e-12 3.274047094373669854e-12 1.361941256801828291e-12 -1.721234201507876120e-13 2.685911727342619215e-13 5.745943607746700179e-14 3.365964243525572484e-12 2.940278641384332810e-12 2.972543699948608465e-12 1.977578642082559603e-13 1.144989966222839468e-13 3.623011565720396708e-12 7.142863245025717052e-12 1.295135590667409255e-11 4.749226213203005964e-12 1.906193447018607167e-12 5.085565335314184261e-14
-1.026452111797824656e-11 -6.028774052864457681e-12 2.997631217364246411e-12 5.044069906916615162e-12 -1.563483741749195358e-12 -1.035652950630827182e-11 -2.942123850292017566e-12 2.069746260360162519e-12 4.633356217316136326e-13 -2.457655962878943982e-12 9.702502515898623152e-13 1.117102463485598588e-12 1.681913398130734882e-13 -1.372324995280483464e-12 -1.446612750933168182e-12 1.448698085557151845e-12 1.361308507060344305e-12 4.812168299666507182e-13 3.186660025678920492e-13 2.307951795375489977e-12 1.694249203225769440e-12 2.890622582691536026e-12 4.749226213203005964e-12 9.999238105380579488e-12 3.232931089724663342e-12 5.540403504688466226e-14
-3.203600142019789466e-12 -6.028947455249788005e-12 -6.682005041672467114e-12 3.396699157644691110e-12 -2.584239570331034427e-12 1.051701787555140871e-12 7.941436797408309760e-13 2.421376476413429436e-12 -6.575744699909179866e-13 -1.465130628993398983e-12 1.176296296680678320e-12 -2.633091534861642127e-12 -1.887989310268558243e-12 -1.556953713633592128e-12 -1.565610936109812885e-12 -4.041523101657355111e-13 5.875691991623394091e-13 7.953498799035976230e-13 2.314568754150781799e-13 1.088612347352697798e-12 1.448519212282122243e-12 1.942354832595204754e-12 1.906193447018607167e-12 3.232931089724663342e-12 5.504412782774113155e-12 1.591518513481211717e-13
6.344349056214613576e-12 1.230394184212616755e-11 -9.158008823955134166e-12 -6.883104715423093835e-12 2.976942025389742618e-12 -2.482570895592563296e-12 -1.870983739105901192e-12 -2.612633455487932519e-12 7.898617467508505374e-13 -5.556189825289932132e-13 1.419309994528091335e-12 -1.324348878188440840e-12 8.163147315942781721e-13 1.228391079987933419e-12 1.641925291359827452e-12 2.610012268220635508e-12 1.868517661589455962e-12 1.246659453508084031e-12 -3.046495451249952697e-13 4.860258347417341582e-13 -2.806448217072427941e-13 2.084218983746992451e-13 5.085565335314184261e-14 5.540403504688466226e-14 1.591518513481211717e-13 4.742284476008006841e-12
