3.583049318649268053e-09 1.655773381985652875e-10 4.575997732837091401e-11 1.823211249528140961e-10 1.977738894929814941e-10 7.024089912338213410e-11 2.075722121479288166e-10 5.898549277636168924e-11 3.563090432156552837e-11 -1.088361054759935770e-11 -4.497981920334584382e-11 2.038082203657554645e-11 1.363650559929214979e-11 -2.640133281759407766e-11 -1.523629955183373194e-11 6.726386484446792318e-12 1.636719097814649045e-11 -2.258800869516697478e-11 -2.145202484046995692e-11 2.555881201836516672e-11 2.938888653571275554e-11 -1.500088413786524241e-11 -8.238611355132172784e-12 2.038535154271267800e-12 1.126709016725077604e-12 -9.585996004068936836e-12
1.655773381985652875e-10 2.288150639754413964e-09 2.402807547831367397e-10 1.006297260838752248e-10 -7.587152233546087938e-11 -3.490960177996329614e-11 4.302031863678466388e-11 -8.045574448098158454e-12 6.323912067041809475e-12 1.716279252631778319e-12 -1.191119614545993659e-11 -9.614430422216802702e-12 1.370822206866280041e-11 -1.809446284197246141e-12 -1.269074600510998047e-11 -1.668891817539179855e-11 -1.386325238600137015e-11 -7.635546705520842744e-12 7.690458657258544971e-12 -2.792734885778624978e-12 -2.129457694024391498e-12 -1.608906601910571689e-11 2.010782121332279604e-13 4.718727493391220906e-12 -7.301527828373012161e-12 -6.928568227846538127e-12
4.575997732837091401e-11 2.402807547831367397e-10 1.397622228612840846e-09 1.690110485314240236e-10 8.430196372583963771e-11 9.362436392651515595e-11 1.126091095986415909e-10 5.807341038802019407e-12 3.249866250377626469e-11 -7.232184429639495826e-12 -2.190048785801576675e-11 -2.948669696827500570e-11 5.563030781970537546e-12 2.647975645223578379e-11 -1.989012591056663076e-12 -2.674027277528135077e-11 -9.119862440318130101e-12 -9.797342111812704537e-12 -1.598173803925977727e-12 2.507784427380342846e-12 3.587346847558678058e-13 7.396655132819828380e-12 -1.413814419462992466e-12 5.780546935453705708e-12 -1.078443843297321971e-12 2.762723853727342853e-12
1.823211249528140961e-10 1.006297260838752248e-10 1.690110485314240236e-10 1.033780983111720230e-09 2.958412238513484499e-11 -1.158374843333133576e-11 1.718676491167563917e-11 -3.200386179811779488e-11 -1.627657419783848415e-11 -1.513051526962276191e-11 -3.077202388947138930e-11 -2.438882187444149975e-11 -1.885376157223455662e-11 -3.918590495792747008e-12 -2.099042410665221161e-11 -2.648155286727910669e-11 -1.490848846386106061e-11 -2.115324021445409481e-11 -1.254156505326125874e-12 -1.985683957062102478e-12 -1.590727770116619858e-12 1.107920268271625884e-11 -5.231054441729614535e-12 -4.952629058564969283e-12 4.436464887417023803e-13 3.740513957801078198e-12
1.977738894929814941e-10 -7.587152233546087938e-11 8.430196372583963771e-11 2.958412238513484499e-11 5.331171016390081547e-10 3.199339989497634363e-11 3.431783725019377467e-11 -5.497639606211338559e-12 4.722532800386493753e-12 1.297898764569859505e-11 -1.423524174968806772e-11 -2.535924689748583465e-11 2.522746548862853523e-11 5.515296425763762852e-12 -3.675842877854896613e-12 -6.473836408318132431e-12 4.220650719850969726e-12 1.472781333879722351e-12 -3.666356208042476529e-13 1.348804221715214375e-12 -1.066074089271675042e-11 -9.749625831160106051e-12 -6.203751123446394805e-12 9.377393022082119602e-13 4.008500300247066395e-12 8.680743359381357180e-13
7.024089912338213410e-11 -3.490960177996329614e-11 9.362436392651515595e-11 -1.158374843333133576e-11 3.199339989497634363e-11 3.415688535043338482e-10 4.788066803764852927e-11 6.598792947607903814e-13 1.949221221204869610e-11 1.544787794378778336e-11 1.386748412223363879e-11 7.740467235570961553e-13 4.648550841120642745e-12 3.722914376280870637e-12 -5.924682728640266893e-12 8.115331016107424411e-12 3.915430842209218883e-12 -5.103398333181885056e-12 1.818471943309627638e-12 -3.463637347469509161e-12 -4.264240320559465259e-12 -5.993526376506767785e-12 -2.459834092760171537e-12 -3.597873203103916515e-13 9.960014489482792068e-14 6.107701514157919334e-13
2.075722121479288166e-10 4.302031863678466388e-11 1.126091095986415909e-10 1.718676491167563917e-11 3.431783725019377467e-11 4.788066803764852927e-11 3.153049873284102479e-10 3.603864261498074243e-11 1.131075717941078001e-11 -3.097848137810937422e-12 6.063601439812404157e-12 -6.824301526851903491e-12 -8.606981837041167090e-14 1.341985910520324839e-12 2.476489167883312837e-12 -1.867470532875893794e-12 1.689459075371845376e-12 -1.364194704018710344e-12 2.234992567739938175e-12 -1.310938823955471213e-12 1.899490297508188066e-12 -7.737210179920968153e-13 -4.093670934299586915e-12 -2.719530647482614137e-12 -5.549138774917143827e-12 1.322587556907336285e-12
5.898549277636168924e-11 -8.045574448098158454e-12 5.807341038802019407e-12 -3.200386179811779488e-11 -5.497639606211338559e-12 6.598792947607903814e-13 3.603864261498074243e-11 1.388724510767247312e-10 2.571906599272297863e-11 4.735072950340768144e-12 4.249009615919162033e-12 -5.082659332252444646e-12 8.136036363340681726e-12 -4.638877598245927512e-12 2.617321461589931321e-12 -2.670742625855363610e-12 -6.629980895566492158e-12 -1.430170193861490522e-12 -6.971759045900764332e-13 4.256636400867963956e-12 4.371208771558799415e-12 3.684103839561379946e-12 1.680269461631388626e-12 -7.798538274063104989e-14 1.019381207662136785e-12 3.459089465220039706e-12
3.563090432156552837e-11 6.323912067041809475e-12 3.249866250377626469e-11 -1.627657419783848415e-11 4.722532800386493753e-12 1.949221221204869610e-11 1.131075717941078001e-11 2.571906599272297863e-11 1.096267717002308944e-10 1.026679119063687083e-11 6.207788092932590516e-12 3.013851186604812061e-12 5.724248096394816183e-12 -2.494196525149889760e-12 -4.595197750619945174e-12 -2.896023386496207794e-12 -8.042883818598236328e-12 -8.489529531863672905e-13 -2.292696155112614660e-12 4.512454277061852959e-13 1.761632425288161597e-12 2.305740738185033027e-12 8.829079188622337591e-13 -1.643078110339778474e-12 -5.123588617037270835e-13 2.304976132379877954e-12
-1.088361054759935770e-11 1.716279252631778319e-12 -7.232184429639495826e-12 -1.513051526962276191e-11 1.297898764569859505e-11 1.544787794378778336e-11 -3.097848137810937422e-12 4.735072950340768144e-12 1.026679119063687083e-11 8.395651985731526798e-11 2.070060117151245380e-11 7.827480262377739873e-12 4.637338194991924929e-12 4.654993659909644161e-12 -9.285568341389234648e-13 -4.053593802289119018e-12 -2.221319922659704126e-12 6.238960649825140638e-13 2.346038446928664534e-12 1.767588113406415533e-12 -1.260816336597693353e-12 1.099148044735425452e-12 -1.201671408771975815e-12 1.292826130991443297e-12 -2.534774267585570372e-12 -6.619231960423022567e-13
-4.497981920334584382e-11 -1.191119614545993659e-11 -2.190048785801576675e-11 -3.077202388947138930e-11 -1.423524174968806772e-11 1.386748412223363879e-11 6.063601439812404157e-12 4.249009615919162033e-12 6.207788092932590516e-12 2.070060117151245380e-11 6.296128702713671466e-11 1.015523099578356346e-11 6.794130760639520842e-12 6.398168912854307313e-12 -6.120223368953233867e-13 5.421031960249877182e-13 -9.273036701250813358e-13 6.163149986916937875e-12 2.352236013511738221e-12 2.375904777423448489e-12 3.800012482389557111e-13 -2.652902350831115454e-13 5.560945780701276166e-13 1.684678355017231798e-12 -6.783838095335043057e-13 -9.986752689567224132e-14
2.038082203657554645e-11 -9.614430422216802702e-12 -2.948669696827500570e-11 -2.438882187444149975e-11 -2.535924689748583465e-11 7.740467235570961553e-13 -6.824301526851903491e-12 -5.082659332252444646e-12 3.013851186604812061e-12 7.827480262377739873e-12 1.015523099578356346e-11 4.314023049698139795e-11 1.008026810974218624e-11 3.962657084045069676e-12 4.206708748474636986e-12 2.226576627803510643e-12 -1.048400504285434479e-12 2.933632125907681994e-12 1.108972974726531959e-12 1.038836605795712149e-12 2.175495365159547549e-12 1.396888101831891463e-12 6.069454929376709524e-13 1.128988110613267504e-13 -7.976419874047421132e-13 -2.587915810920531386e-13
1.363650559929214979e-11 1.370822206866280041e-11 5.563030781970537546e-12 -1.885376157223455662e-11 2.522746548862853523e-11 4.648550841120642745e-12 -8.606981837041167090e-14 8.136036363340681726e-12 5.724248096394816183e-12 4.637338194991924929e-12 6.794130760639520842e-12 1.008026810974218624e-11 3.603544551999196356e-11 1.309765301040272935e-11 8.088698609256569144e-12 8.878071777926522365e-13 -7.118826476542870420e-13 2.816994413001017216e-12 3.062437911812826301e-13 1.945804499136845736e-12 -2.391036609189371098e-13 8.264112913312556801e-13 3.577547423295422960e-14 -1.464198471846505574e-13 -8.634169346888924423e-13 -4.934176859627382568e-13
-2.640133281759407766e-11 -1.809446284197246141e-12 2.647975645223578379e-11 -3.918590495792747008e-12 5.515296425763762852e-12 3.722914376280870637e-12 1.341985910520324839e-12 -4.638877598245927512e-12 -2.494196525149889760e-12 4.654993659909644161e-12 6.398168912854307313e-12 3.962657084045069676e-12 1.309765301040272935e-11 3.461800649621636787e-11 1.480524287285838060e-11 9.313863932192873318e-12 5.011290195937358826e-12 5.997164859225356588e-12 4.564130913465052781e-12 1.180502003125058882e-12 -2.117552205223525264e-12 4.307277923187528344e-13 -6.119914104723514182e-13 -1.398505803063718928e-12 -1.838042390703103317e-12 -6.584981074104074633e-13
-1.523629955183373194e-11 -1.269074600510998047e-11 -1.989012591056663076e-12 -2.099042410665221161e-11 -3.675842877854896613e-12 -5.924682728640266893e-12 2.476489167883312837e-12 2.617321461589931321e-12 -4.595197750619945174e-12 -9.285568341389234648e-13 -6.120223368953233867e-13 4.206708748474636986e-12 8.088698609256569144e-12 1.480524287285838060e-11 2.892132578728340824e-11 1.433050796952575964e-11 4.081151718116705005e-12 1.822991247517945218e-12 3.830684031336435624e-12 1.439572351017428758e-12 5.440707610336545037e-13 4.479550599897901431e-13 3.422153687570442953e-13 -6.669369311400226714e-13 -1.078450232684526715e-12 -1.711821274776375881e-12
6.726386484446792318e-12 -1.668891817539179855e-11 -2.674027277528135077e-11 -2.648155286727910669e-11 -6.473836408318132431e-12 8.115331016107424411e-12 -1.867470532875893794e-12 -2.670742625855363610e-12 -2.896023386496207794e-12 -4.053593802289119018e-12 5.421031960249877182e-13 2.226576627803510643e-12 8.878071777926522365e-13 9.313863932192873318e-12 1.433050796952575964e-11 2.403695068891095815e-11 9.550506773164608623e-12 5.393289251921685870e-12 3.374810998764295166e-12 -3.722339471740911991e-13 -1.574119687115522354e-12 -1.936219222657805744e-12 7.325515246761160938e-13 -1.635284713205266710e-13 -8.437841057320584288e-13 -9.990472318884619470e-13
1.636719097814649045e-11 -1.386325238600137015e-11 -9.119862440318130101e-12 -1.490848846386106061e-11 4.220650719850969726e-12 3.915430842209218883e-12 1.689459075371845376e-12 -6.629980895566492158e-12 -8.042883818598236328e-12 -2.221319922659704126e-12 -9.273036701250813358e-13 -1.048400504285434479e-12 -7.118826476542870420e-13 5.011290195937358826e-12 4.081151718116705005e-12 9.550506773164608623e-12 1.890805163397546998e-11 7.625373680157945649e-12 1.399759264042991194e-12 5.214578408939942955e-13 2.037233470429091600e-13 -7.395107761530192832e-13 -5.627568069832132093e-13 1.373035736807193461e-13 7.136106243092534822e-13 -3.765854227629464762e-13
-2.258800869516697478e-11 -7.635546705520842744e-12 -9.797342111812704537e-12 -2.115324021445409481e-11 1.472781333879722351e-12 -5.103398333181885056e-12 -1.364194704018710344e-12 -1.430170193861490522e-12 -8.489529531863672905e-13 6.238960649825140638e-13 6.163149986916937875e-12 2.933632125907681994e-12 2.816994413001017216e-12 5.997164859225356588e-12 1.822991247517945218e-12 5.393289251921685870e-12 7.625373680157945649e-12 1.663101299110327341e-11 5.970663078494881390e-12 1.922203357283599886e-12 -4.087846472379607919e-13 -1.158623998158968992e-13 -3.818748159264596438e-13 4.627726668344566801e-13 -5.791528055106721535e-14 -1.191263423751130116e-13
-2.145202484046995692e-11 7.690458657258544971e-12 -1.598173803925977727e-12 -1.254156505326125874e-12 -3.666356208042476529e-13 1.818471943309627638e-12 2.234992567739938175e-12 -6.971759045900764332e-13 -2.292696155112614660e-12 2.346038446928664534e-12 2.352236013511738221e-12 1.108972974726531959e-12 3.062437911812826301e-13 4.564130913465052781e-12 3.830684031336435624e-12 3.374810998764295166e-12 1.399759264042991194e-12 5.970663078494881390e-12 1.184050687873052702e-11 4.281958503077568287e-12 4.707885041063816398e-13 2.534809739222634857e-13 -5.960984764790707104e-13 2.236550890860726740e-13 -1.164707926838292191e-12 -5.634798813640819291e-13
2.555881201836516672e-11 -2.792734885778624978e-12 2.507784427380342846e-12 -1.985683957062102478e-12 1.348804221715214375e-12 -3.463637347469509161e-12 -1.310938823955471213e-12 4.256636400867963956e-12 4.512454277061852959e-13 1.767588113406415533e-12 2.375904777423448489e-12 1.038836605795712149e-12 1.945804499136845736e-12 1.180502003125058882e-12 1.439572351017428758e-12 -3.722339471740911991e-13 5.214578408939942955e-13 1.922203357283599886e-12 4.281958503077568287e-12 1.318886958860064043e-11 5.930817745382102147e-12 2.901376821345476964e-12 4.413426093082395042e-13 6.544770753743580769e-13 8.306460242136165242e-13 7.861676734971597871e-14
2.938888653571275554e-11 -2.129457694024391498e-12 3.587346847558678058e-13 -1.590727770116619858e-12 -1.066074089271675042e-11 -4.264240320559465259e-12 1.899490297508188066e-12 4.371208771558799415e-12 1.761632425288161597e-12 -1.260816336597693353e-12 3.800012482389557111e-13 2.175495365159547549e-12 -2.391036609189371098e-13 -2.117552205223525264e-12 5.440707610336545037e-13 -1.574119687115522354e-12 2.037233470429091600e-13 -4.087846472379607919e-13 4.707885041063816398e-13 5.930817745382102147e-12 1.138112411060430341e-11 4.486210769198673553e-12 2.397328943410239845e-12 9.784694935901629779e-13 5.167636453969527427e-13 -3.156883482982024836e-14
-1.500088413786524241e-11 -1.608906601910571689e-11 7.396655132819828380e-12 1.107920268271625884e-11 -9.749625831160106051e-12 -5.993526376506767785e-12 -7.737210179920968153e-13 3.684103839561379946e-12 2.305740738185033027e-12 1.099148044735425452e-12 -2.652902350831115454e-13 1.396888101831891463e-12 8.264112913312556801e-13 4.307277923187528344e-13 4.479550599897901431e-13 -1.936219222657805744e-12 -7.395107761530192832e-13 -1.158623998158968992e-13 2.534809739222634857e-13 2.901376821345476964e-12 4.486210769198673553e-12 8.852614538010222989e-12 2.664363968999131450e-12 -1.208538004658017986e-13 4.440815601162440907e-14 2.726675523054099101e-13
-8.238611355132172784e-12 2.010782121332279604e-13 -1.413814419462992466e-12 -5.231054441729614535e-12 -6.203751123446394805e-12 -2.459834092760171537e-12 -4.093670934299586915e-12 1.680269461631388626e-12 8.829079188622337591e-13 -1.201671408771975815e-12 5.560945780701276166e-13 6.069454929376709524e-13 3.577547423295422960e-14 -6.119914104723514182e-13 3.422153687570442953e-13 7.325515246761160938e-13 -5.627568069832132093e-13 -3.818748159264596438e-13 -5.960984764790707104e-13 4.413426093082395042e-13 2.397328943410239845e-12 2.664363968999131450e-12 5.725022971415638468e-12 1.418333952802506226e-12 -5.464998052250519793e-14 7.268682578388497371e-14
2.038535154271267800e-12 4.718727493391220906e-12 5.780546935453705708e-12 -4.952629058564969283e-12 9.377393022082119602e-13 -3.597873203103916515e-13 -2.719530647482614137e-12 -7.798538274063104989e-14 -1.643078110339778474e-12 1.292826130991443297e-12 1.684678355017231798e-12 1.128988110613267504e-13 -1.464198471846505574e-13 -1.398505803063718928e-12 -6.669369311400226714e-13 -1.635284713205266710e-13 1.373035736807193461e-13 4.627726668344566801e-13 2.236550890860726740e-13 6.544770753743580769e-13 9.784694935901629779e-13 -1.208538004658017986e-13 1.418333952802506226e-12 4.229330453396712951e-12 1.072673130574260590e-12 -3.655159771074956422e-13
1.126709016725077604e-12 -7.301527828373012161e-12 -1.078443843297321971e-12 4.436464887417023803e-13 4.008500300247066395e-12 9.960014489482792068e-14 -5.549138774917143827e-12 1.019381207662136785e-12 -5.123588617037270835e-13 -2.534774267585570372e-12 -6.783838095335043057e-13 -7.976419874047421132e-13 -8.634169346888924423e-13 -1.838042390703103317e-12 -1.078450232684526715e-12 -8.437841057320584288e-13 7.136106243092534822e-13 -5.791528055106721535e-14 -1.164707926838292191e-12 8.306460242136165242e-13 5.167636453969527427e-13 4.440815601162440907e-14 -5.464998052250519793e-14 1.072673130574260590e-12 4.214189703748575810e-12 6.284073492626391963e-13
-9.585996004068936836e-12 -6.928568227846538127e-12 2.762723853727342853e-12 3.740513957801078198e-12 8.680743359381357180e-13 6.107701514157919334e-13 1.322587556907336285e-12 3.459089465220039706e-12 2.304976132379877954e-12 -6.619231960423022567e-13 -9.986752689567224132e-14 -2.587915810920531386e-13 -4.934176859627382568e-13 -6.584981074104074633e-13 -1.711821274776375881e-12 -9.990472318884619470e-13 -3.765854227629464762e-13 -1.191263423751130116e-13 -5.634798813640819291e-13 7.861676734971597871e-14 -3.156883482982024836e-14 2.726675523054099101e-13 7.268682578388497371e-14 -3.655159771074956422e-13 6.284073492626391963e-13 3.415394867489687579e-12
