2.683657402464221724e-09 -1.165567450756597396e-10 2.673704274159425471e-10 1.605305785829932425e-11 -1.384565911571283429e-10 1.585850694289412100e-11 -4.325779176609977270e-11 -3.145894106813624658e-11 -2.995331465106996740e-11 -2.347305390425482346e-12 5.367423191075539398e-11 4.063634535902720939e-11 7.204259967878248350e-11 1.351162426218152796e-11 1.370674632536121482e-11 1.759801542848769715e-11 3.003852021719342001e-11 2.551665050773787216e-11 -5.308742389687709776e-12 -2.463327366614161640e-11 -2.461943116071397378e-11 8.388656747139021029e-12 -2.873125092664742360e-12 7.019983513814878860e-12 -7.777067359932480848e-12 1.629360196064228874e-11
-1.165567450756597396e-10 1.898498636215200107e-09 1.309660034972014262e-10 1.077879146468943956e-10 4.047806730653173261e-11 -4.846533332659834088e-11 5.238008410358025523e-11 9.390832429725066563e-11 -4.868317345720720531e-12 -4.729841521807826854e-11 -1.874996453982864510e-11 -4.039357179371818620e-11 8.491099559629979521e-12 2.429361969183492912e-11 1.206339240887672570e-11 6.405440479166886075e-12 1.464489702825731066e-11 4.041517804475990891e-12 3.044687466544372634e-11 2.343175330083050315e-11 8.178854059340760106e-13 -8.324524400728451548e-12 -1.342222507155397833e-11 -7.464615001230845656e-12 8.412318724104967874e-12 -9.090100426507090818e-12
2.673704274159425471e-10 1.309660034972014262e-10 1.407898866638863663e-09 1.653608788481398063e-10 2.927441243088919279e-11 6.392646947875535236e-11 3.143108805626536444e-11 -5.971251224808022938e-12 2.174385018482151061e-11 -8.937066868959417670e-12 1.226528029103534225e-11 8.342290451204052911e-12 6.875738370023281793e-12 -1.146517884047297662e-14 -4.576899588212423217e-12 -8.953580284238399043e-12 -3.416200373548191132e-12 -7.890190457208654254e-12 -4.778331790288313278e-12 9.676506621822978197e-12 1.446138539756662145e-11 -1.509060916138009154e-12 -2.394671961275318972e-12 -7.200137802945681034e-12 9.057480758257271014e-12 1.028301102071340265e-11
1.605305785829932425e-11 1.077879146468943956e-10 1.653608788481398063e-10 6.913525433101043993e-10 4.638656381581248918e-11 4.674100206265552090e-11 5.835483045294264244e-11 1.881993370129539218e-12 4.317172851339271712e-11 3.252492523345671017e-11 1.621091121847485999e-11 1.821093795857970591e-11 1.859365245883568223e-11 1.859404447402078291e-11 1.332522563374363356e-11 1.496600278370769944e-11 1.760020033390652937e-11 2.549434390111987737e-11 1.412320300485414742e-11 5.998429610511859782e-12 -9.309076800822483619e-13 -1.459456542537226628e-11 -2.784811558206597607e-12 -4.810722814726959971e-12 8.109607538921325713e-12 -1.936121954403985361e-13
-1.384565911571283429e-10 4.047806730653173261e-11 2.927441243088919279e-11 4.638656381581248918e-11 4.573367931064063922e-10 8.310903340905293814e-11 6.398536479885195393e-11 9.584316309293721113e-12 2.776088233643563391e-11 -2.960318411633887801e-11 -1.613067134608545614e-12 7.975734528603709446e-12 2.990172879872353528e-12 -2.188164179299414440e-12 2.078433414154796314e-11 -1.293757646639626410e-12 -1.176461576750195469e-11 -8.140592115938167490e-12 -3.028092266057506277e-12 2.831009162439213526e-12 1.383779630250560939e-11 1.374970770513461406e-11 1.330398037280752208e-11 1.200721194805720033e-11 7.830911000282153986e-13 -5.057389704646735104e-12
1.585850694289412100e-11 -4.846533332659834088e-11 6.392646947875535236e-11 4.674100206265552090e-11 8.310903340905293814e-11 4.142715316695424700e-10 3.134852690708292114e-11 1.006876851080585824e-11 1.999725059304963245e-11 -3.046702022619662065e-12 1.798585573005111239e-11 1.871008397778131732e-11 2.238311436597637720e-11 1.896079322246273967e-11 8.792686722537872972e-12 -6.085149324683102372e-12 -4.015020185618570526e-12 4.770813539325274962e-12 1.363575597148136850e-11 1.008297391269432568e-11 1.929940969290974291e-11 8.576616531820566486e-12 -9.606009072654155821e-13 -6.166448603435352819e-12 -2.883137932774797184e-12 -1.815881964796973584e-12
-4.325779176609977270e-11 5.238008410358025523e-11 3.143108805626536444e-11 5.835483045294264244e-11 6.398536479885195393e-11 3.134852690708292114e-11 2.279577556066210029e-10 2.679448033862358970e-11 1.981597785293111017e-11 1.115708602500732406e-11 -4.777295400651610336e-12 -1.308300670141298273e-13 -3.918944477447241730e-13 1.622075856051263872e-13 9.461410803367680706e-12 8.844571468186132207e-12 9.033144358600150891e-12 9.439042314680093734e-12 3.112655502528782024e-12 -9.812648349785452506e-14 -9.173765311058957787e-13 -3.580898840756784509e-12 -9.435841843555006674e-12 -6.295873414537616320e-12 1.605248932077742069e-12 3.986719336701267273e-12
-3.145894106813624658e-11 9.390832429725066563e-11 -5.971251224808022938e-12 1.881993370129539218e-12 9.584316309293721113e-12 1.006876851080585824e-11 2.679448033862358970e-11 1.744937712274032940e-10 3.114868106230171689e-11 1.486125396285911975e-11 3.213334705682177760e-12 3.091689061063681232e-12 5.355712223294665868e-12 -6.037673714787601288e-12 3.095925198642883959e-12 -1.559843345169006992e-12 -2.502755426844125581e-12 -3.558478641414084182e-12 -2.859854899552098438e-12 -4.484871130736677177e-12 -6.185423434744482935e-12 -5.466989465764053087e-12 -6.911790099255692174e-12 1.526171483182255940e-12 5.353515306121241249e-12 -2.813077144779946120e-13
-2.995331465106996740e-11 -4.868317345720720531e-12 2.174385018482151061e-11 4.317172851339271712e-11 2.776088233643563391e-11 1.999725059304963245e-11 1.981597785293111017e-11 3.114868106230171689e-11 1.319745455115431386e-10 4.009664756467032705e-11 3.090227700976575950e-11 1.765211044805323715e-11 1.618803008152998881e-11 1.191771412960581645e-11 1.303370866363143671e-11 3.869872648838494899e-12 7.533440296042093471e-12 7.722263539455463326e-12 7.406946328897409239e-12 8.278085801096873318e-12 6.084012229360109515e-12 3.493560518070971561e-12 4.131778888116272330e-12 2.955150659125279567e-12 2.881806068657807094e-12 -1.314315603797301326e-12
-2.347305390425482346e-12 -4.729841521807826854e-11 -8.937066868959417670e-12 3.252492523345671017e-11 -2.960318411633887801e-11 -3.046702022619662065e-12 1.115708602500732406e-11 1.486125396285911975e-11 4.009664756467032705e-11 1.039194119710259163e-10 2.822715366871212664e-11 1.104473801054996948e-11 1.584441596358124112e-11 1.410002075904814660e-11 3.734998016899308997e-12 5.929480200346988947e-12 3.198229140569306272e-12 2.478796906597999015e-12 6.923732252721080610e-12 3.605495619129657353e-12 1.607909925455086126e-13 -3.515218199378983463e-12 -4.620993899474819790e-12 -5.017109386815974004e-12 4.092208796283474986e-13 3.860551947500185527e-12
5.367423191075539398e-11 -1.874996453982864510e-11 1.226528029103534225e-11 1.621091121847485999e-11 -1.613067134608545614e-12 1.798585573005111239e-11 -4.777295400651610336e-12 3.213334705682177760e-12 3.090227700976575950e-11 2.822715366871212664e-11 7.377436075071752700e-11 2.493252918200152986e-11 2.574824370416249469e-11 1.213396076296815773e-11 7.304666964346477636e-12 -4.748075448861795739e-12 1.975967379867018653e-12 -2.701877276107276000e-12 4.427639794986107512e-13 -2.704154818559163199e-14 -2.646044024949481603e-12 2.111836459008310281e-12 5.451350705595638334e-13 1.033470876646382560e-13 -1.460018812307077282e-13 1.237664708633760940e-12
4.063634535902720939e-11 -4.039357179371818620e-11 8.342290451204052911e-12 1.821093795857970591e-11 7.975734528603709446e-12 1.871008397778131732e-11 -1.308300670141298273e-13 3.091689061063681232e-12 1.765211044805323715e-11 1.104473801054996948e-11 2.493252918200152986e-11 5.536632353241102283e-11 2.706839763201575003e-11 1.433825745692402808e-11 1.274177929619582288e-11 6.201751384646597964e-12 3.509412412535371934e-12 1.942604544671121572e-12 3.094477871740286328e-12 8.679801430739219052e-13 1.512821389026347355e-12 4.848252432388590340e-12 1.401577856047777510e-12 -6.623958103390342612e-13 8.378785108171510359e-13 1.521994455250464319e-12
7.204259967878248350e-11 8.491099559629979521e-12 6.875738370023281793e-12 1.859365245883568223e-11 2.990172879872353528e-12 2.238311436597637720e-11 -3.918944477447241730e-13 5.355712223294665868e-12 1.618803008152998881e-11 1.584441596358124112e-11 2.574824370416249469e-11 2.706839763201575003e-11 5.600310710960654686e-11 2.821214521585043445e-11 1.428302476872556544e-11 9.944265321135823469e-12 7.133863437374920459e-12 4.541965145738640850e-12 1.331964863939233773e-12 4.082439946459336683e-12 1.535329899046540073e-12 -2.661880457928900200e-13 3.842394487339834240e-12 4.082917709465410402e-12 3.419541875682134472e-12 1.994736409809282027e-12
1.351162426218152796e-11 2.429361969183492912e-11 -1.146517884047297662e-14 1.859404447402078291e-11 -2.188164179299414440e-12 1.896079322246273967e-11 1.622075856051263872e-13 -6.037673714787601288e-12 1.191771412960581645e-11 1.410002075904814660e-11 1.213396076296815773e-11 1.433825745692402808e-11 2.821214521585043445e-11 5.050993544778498011e-11 2.414071464931943785e-11 1.713268425015347440e-11 1.102367182165894992e-11 5.843744756847648511e-12 6.574741103926089732e-12 3.694980665986539274e-12 3.212495065827996678e-12 2.040001974187593246e-12 4.197480579066391146e-12 3.547512938386982556e-12 3.422709850463227583e-12 8.097399572917885592e-13
1.370674632536121482e-11 1.206339240887672570e-11 -4.576899588212423217e-12 1.332522563374363356e-11 2.078433414154796314e-11 8.792686722537872972e-12 9.461410803367680706e-12 3.095925198642883959e-12 1.303370866363143671e-11 3.734998016899308997e-12 7.304666964346477636e-12 1.274177929619582288e-11 1.428302476872556544e-11 2.414071464931943785e-11 4.133179120536219288e-11 2.479775823869561176e-11 1.344359764677100521e-11 9.779807969684281060e-12 5.028397667978251321e-12 1.643523637987114796e-12 3.141707544410364723e-12 2.243133438680509034e-12 1.863551260425505737e-12 5.030476231527811954e-13 -1.018825492474885975e-12 -1.565839050264127067e-12
1.759801542848769715e-11 6.405440479166886075e-12 -8.953580284238399043e-12 1.496600278370769944e-11 -1.293757646639626410e-12 -6.085149324683102372e-12 8.844571468186132207e-12 -1.559843345169006992e-12 3.869872648838494899e-12 5.929480200346988947e-12 -4.748075448861795739e-12 6.201751384646597964e-12 9.944265321135823469e-12 1.713268425015347440e-11 2.479775823869561176e-11 4.409379835561053673e-11 2.478457395662778742e-11 1.622639146634713213e-11 1.208528850936274066e-11 2.890338249762011677e-12 9.999176767021919345e-14 1.275711941188263784e-12 1.395476616331292076e-12 3.900625296800302846e-13 -8.690965249305736930e-14 1.085767671164639359e-12
3.003852021719342001e-11 1.464489702825731066e-11 -3.416200373548191132e-12 1.760020033390652937e-11 -1.176461576750195469e-11 -4.015020185618570526e-12 9.033144358600150891e-12 -2.502755426844125581e-12 7.533440296042093471e-12 3.198229140569306272e-12 1.975967379867018653e-12 3.509412412535371934e-12 7.133863437374920459e-12 1.102367182165894992e-11 1.344359764677100521e-11 2.478457395662778742e-11 3.979603723487334103e-11 2.746484645179113604e-11 1.463308157478119274e-11 4.498153204757931577e-12 1.333320290237769092e-12 -5.654339561035773253e-13 1.619379616677245221e-12 1.773738042698300188e-12 8.380115807888018343e-14 1.680089812236830404e-12
2.551665050773787216e-11 4.041517804475990891e-12 -7.890190457208654254e-12 2.549434390111987737e-11 -8.140592115938167490e-12 4.770813539325274962e-12 9.439042314680093734e-12 -3.558478641414084182e-12 7.722263539455463326e-12 2.478796906597999015e-12 -2.701877276107276000e-12 1.942604544671121572e-12 4.541965145738640850e-12 5.843744756847648511e-12 9.779807969684281060e-12 1.622639146634713213e-11 2.746484645179113604e-11 3.994912449513795867e-11 2.235026532525028309e-11 1.058972427374300604e-11 1.571069249021377946e-12 -4.560307358094419977e-13 2.260791744553617072e-13 9.364995567020118404e-13 -1.093554032396393392e-12 2.432486101102135406e-12
-5.308742389687709776e-12 3.044687466544372634e-11 -4.778331790288313278e-12 1.412320300485414742e-11 -3.028092266057506277e-12 1.363575597148136850e-11 3.112655502528782024e-12 -2.859854899552098438e-12 7.406946328897409239e-12 6.923732252721080610e-12 4.427639794986107512e-13 3.094477871740286328e-12 1.331964863939233773e-12 6.574741103926089732e-12 5.028397667978251321e-12 1.208528850936274066e-11 1.463308157478119274e-11 2.235026532525028309e-11 3.721181190584215274e-11 2.135723588724495093e-11 7.069166202868069934e-12 5.742168142247287372e-12 2.841255919066026836e-12 -1.009811075654421569e-12 -1.979278802596640039e-12 1.249280974355684526e-12
-2.463327366614161640e-11 2.343175330083050315e-11 9.676506621822978197e-12 5.998429610511859782e-12 2.831009162439213526e-12 1.008297391269432568e-11 -9.812648349785452506e-14 -4.484871130736677177e-12 8.278085801096873318e-12 3.605495619129657353e-12 -2.704154818559163199e-14 8.679801430739219052e-13 4.082439946459336683e-12 3.694980665986539274e-12 1.643523637987114796e-12 2.890338249762011677e-12 4.498153204757931577e-12 1.058972427374300604e-11 2.135723588724495093e-11 3.407371675035116410e-11 1.667767692928004567e-11 7.405765537330486647e-12 6.387314906857312106e-12 3.309243195246715433e-13 -4.222244692634169779e-13 3.071620491825894969e-13
-2.461943116071397378e-11 8.178854059340760106e-13 1.446138539756662145e-11 -9.309076800822483619e-13 1.383779630250560939e-11 1.929940969290974291e-11 -9.173765311058957787e-13 -6.185423434744482935e-12 6.084012229360109515e-12 1.607909925455086126e-13 -2.646044024949481603e-12 1.512821389026347355e-12 1.535329899046540073e-12 3.212495065827996678e-12 3.141707544410364723e-12 9.999176767021919345e-14 1.333320290237769092e-12 1.571069249021377946e-12 7.069166202868069934e-12 1.667767692928004567e-11 3.329858551626684119e-11 1.760034238631135950e-11 9.433725230504768333e-12 3.962803437591599754e-12 -1.323893836949139031e-12 -1.324059510904835539e-12
8.388656747139021029e-12 -8.324524400728451548e-12 -1.509060916138009154e-12 -1.459456542537226628e-11 1.374970770513461406e-11 8.576616531820566486e-12 -3.580898840756784509e-12 -5.466989465764053087e-12 3.493560518070971561e-12 -3.515218199378983463e-12 2.111836459008310281e-12 4.848252432388590340e-12 -2.661880457928900200e-13 2.040001974187593246e-12 2.243133438680509034e-12 1.275711941188263784e-12 -5.654339561035773253e-13 -4.560307358094419977e-13 5.742168142247287372e-12 7.405765537330486647e-12 1.760034238631135950e-11 3.110318519770665925e-11 1.867385728884194000e-11 7.085723111290918825e-12 2.346049276353268967e-13 -1.032826950240722290e-12
-2.873125092664742360e-12 -1.342222507155397833e-11 -2.394671961275318972e-12 -2.784811558206597607e-12 1.330398037280752208e-11 -9.606009072654155821e-13 -9.435841843555006674e-12 -6.911790099255692174e-12 4.131778888116272330e-12 -4.620993899474819790e-12 5.451350705595638334e-13 1.401577856047777510e-12 3.842394487339834240e-12 4.197480579066391146e-12 1.863551260425505737e-12 1.395476616331292076e-12 1.619379616677245221e-12 2.260791744553617072e-13 2.841255919066026836e-12 6.387314906857312106e-12 9.433725230504768333e-12 1.867385728884194000e-11 2.627810894457289465e-11 1.284589264453220551e-11 2.528020663507790677e-12 -3.571090710401177820e-13
7.019983513814878860e-12 -7.464615001230845656e-12 -7.200137802945681034e-12 -4.810722814726959971e-12 1.200721194805720033e-11 -6.166448603435352819e-12 -6.295873414537616320e-12 1.526171483182255940e-12 2.955150659125279567e-12 -5.017109386815974004e-12 1.033470876646382560e-13 -6.623958103390342612e-13 4.082917709465410402e-12 3.547512938386982556e-12 5.030476231527811954e-13 3.900625296800302846e-13 1.773738042698300188e-12 9.364995567020118404e-13 -1.009811075654421569e-12 3.309243195246715433e-13 3.962803437591599754e-12 7.085723111290918825e-12 1.284589264453220551e-11 1.649744717243167703e-11 4.303389819633784727e-12 9.422151753603926969e-13
-7.777067359932480848e-12 8.412318724104967874e-12 9.057480758257271014e-12 8.109607538921325713e-12 7.830911000282153986e-13 -2.883137932774797184e-12 1.605248932077742069e-12 5.353515306121241249e-12 2.881806068657807094e-12 4.092208796283474986e-13 -1.460018812307077282e-13 8.378785108171510359e-13 3.419541875682134472e-12 3.422709850463227583e-12 -1.018825492474885975e-12 -8.690965249305736930e-14 8.380115807888018343e-14 -1.093554032396393392e-12 -1.979278802596640039e-12 -4.222244692634169779e-13 -1.323893836949139031e-12 2.346049276353268967e-13 2.528020663507790677e-12 4.303389819633784727e-12 1.241676237733340729e-11 3.789457132038974855e-12
1.629360196064228874e-11 -9.090100426507090818e-12 1.028301102071340265e-11 -1.936121954403985361e-13 -5.057389704646735104e-12 -1.815881964796973584e-12 3.986719336701267273e-12 -2.813077144779946120e-13 -1.314315603797301326e-12 3.860551947500185527e-12 1.237664708633760940e-12 1.521994455250464319e-12 1.994736409809282027e-12 8.097399572917885592e-13 -1.565839050264127067e-12 1.085767671164639359e-12 1.680089812236830404e-12 2.432486101102135406e-12 1.249280974355684526e-12 3.071620491825894969e-13 -1.324059510904835539e-12 -1.032826950240722290e-12 -3.571090710401177820e-13 9.422151753603926969e-13 3.789457132038974855e-12 8.872783671894417623e-12
