2.551926987848064747e-09 2.671967459720126422e-10 3.595351803879885134e-10 7.862919871419405448e-11 1.201875293146899192e-10 1.240190334083986164e-10 6.799433072980776188e-11 6.578241403470944411e-11 2.771520552747125019e-11 1.050658757341945958e-11 8.787322428961863079e-11 2.945510178934697091e-11 2.414358047916501582e-11 3.281561482213508632e-11 2.944518130355274022e-11 5.020532437154790397e-11 -8.257112146393848940e-12 -8.109991950643999057e-12 6.944361090112643431e-12 2.503787812106388738e-11 5.849650878148523496e-11 4.528068627980458212e-11 1.630311323481308699e-11 1.319948687281092522e-11 -1.515768868994391629e-11 -7.385064111324329153e-12
2.671967459720126422e-10 1.406980893596800785e-09 1.681741147960692472e-10 5.445760956197044404e-11 5.931074047604483417e-11 8.185091281159455575e-11 7.581841816234312055e-11 5.615337747852671699e-11 7.776967511554299823e-12 4.197053934785644650e-11 1.927994182850674959e-11 2.390706880337129974e-11 2.272735482053691716e-11 2.425149601237827109e-11 2.501094677429618312e-11 2.391366365564758027e-11 1.123353534221391364e-11 2.801326221759645947e-11 1.814200768417997736e-11 6.553632313642786707e-12 2.137313807987349537e-11 1.751929434062222053e-11 4.994368044553413039e-12 5.103161607428053579e-12 8.365535688441765575e-12 -3.036829871523548934e-12
3.595351803879885134e-10 1.681741147960692472e-10 1.163507197193035573e-09 1.898972737695690670e-10 1.381687330337086035e-10 1.603087598326418151e-10 6.517006414161974866e-11 8.106434006033526503e-11 3.662022779376534676e-11 -3.995761818937288120e-12 2.213066545168501866e-11 9.894436412375073860e-12 -5.446649164117102092e-12 8.588324634904356264e-12 -6.477872983180009115e-12 1.778036945748334203e-11 1.371100597915996588e-11 -6.265889623615346766e-12 -4.201096159574106822e-12 -3.000557296103486910e-13 1.486606280284787195e-12 -1.283296022608639632e-11 2.315764998288726929e-11 3.730152685230307509e-11 1.132907126794890308e-11 1.426587494948069184e-11
7.862919871419405448e-11 5.445760956197044404e-11 1.898972737695690670e-10 7.374114404464886691e-10 1.757186473519943692e-10 1.670338003609928769e-10 2.409181082719258942e-11 4.917606301788736766e-11 4.879347615754536586e-11 3.681256189333781211e-11 4.819033121897011526e-11 3.198139643142004901e-11 3.763532279721169050e-11 1.938025198170957807e-11 1.942773809459086634e-11 3.493672393707454850e-11 2.684694721513538736e-11 2.415459957321834530e-11 1.335293225943003571e-11 3.195163845557711833e-12 6.523386347442319224e-12 1.249954061228502010e-11 1.369733615027637897e-11 -2.725630078492826290e-12 1.202169264851085897e-11 2.329260076706666985e-11
1.201875293146899192e-10 5.931074047604483417e-11 1.381687330337086035e-10 1.757186473519943692e-10 5.127399425722195178e-10 1.394013104468738035e-10 7.164237490039127764e-11 6.721301805514919486e-11 7.317384956635573098e-12 1.423345188699221610e-11 2.188545800532831298e-11 2.024572786058304769e-11 2.756196998772603834e-11 2.681265274750559529e-11 1.881728432500800164e-11 3.584116497507079540e-11 2.067406053124889591e-11 1.809269411502718346e-11 1.412869941185603730e-11 4.513393663551081310e-12 8.805088034293604269e-14 -4.233399454857094496e-12 -1.174508480999386027e-12 -4.207795289525328414e-13 2.122549691094152166e-12 9.422831150758216857e-12
1.240190334083986164e-10 8.185091281159455575e-11 1.603087598326418151e-10 1.670338003609928769e-10 1.394013104468738035e-10 3.529975421660678417e-10 9.200635783899817809e-11 4.293311695327702967e-11 3.932079920767214761e-11 1.579473223916532113e-11 1.509511392574474783e-11 1.519513048394746806e-11 2.719135479647178913e-11 1.853122417162266948e-11 8.894755066519353733e-12 1.862180141020625087e-11 1.624608459772904390e-11 -8.045670034761608089e-12 -1.401274998121548402e-11 -1.213931146892414711e-11 -3.099975447844873894e-12 -1.332063335773872162e-12 5.436641848081933357e-12 9.842879341101416939e-12 1.446097832966631919e-11 1.813825083366617322e-11
6.799433072980776188e-11 7.581841816234312055e-11 6.517006414161974866e-11 2.409181082719258942e-11 7.164237490039127764e-11 9.200635783899817809e-11 2.142383682745420884e-10 5.412804833354147509e-11 5.850988774205891256e-11 3.307861479904594298e-11 1.965311361212513544e-11 1.801884003253641793e-11 1.823735894246091954e-11 2.416481066182839223e-11 9.175367417784173571e-12 1.170264241850738353e-11 2.881619825261624842e-12 -3.792531225292974304e-12 -3.099536631707905268e-12 -6.826925994845741663e-13 3.613969489854387765e-12 -3.880222634484893656e-12 -2.022453488274851063e-12 1.813093654497002326e-12 4.732981057747479936e-12 6.084818925573934605e-12
6.578241403470944411e-11 5.615337747852671699e-11 8.106434006033526503e-11 4.917606301788736766e-11 6.721301805514919486e-11 4.293311695327702967e-11 5.412804833354147509e-11 1.648067423273617589e-10 4.347305078381127700e-11 1.786300431481598029e-11 1.225552017609227217e-11 9.694123207843075875e-12 7.911681914130799061e-12 5.487360103806100955e-12 7.993302617376621665e-12 2.312757656541466936e-11 1.668977691175480178e-11 1.792102732916370620e-11 1.843853885192276644e-11 9.985798799414112814e-12 7.667073584930659499e-12 1.209116507590962569e-12 3.859910700658156532e-12 9.074092494792159307e-12 7.047708001731447474e-12 9.231671623528269300e-12
2.771520552747125019e-11 7.776967511554299823e-12 3.662022779376534676e-11 4.879347615754536586e-11 7.317384956635573098e-12 3.932079920767214761e-11 5.850988774205891256e-11 4.347305078381127700e-11 1.385982478002730679e-10 5.147534055575901860e-11 4.151510022055025339e-11 2.322286052253146784e-11 2.418704129351573506e-11 1.335189674608302255e-11 1.134416472299465318e-11 1.386299406988770556e-11 8.686301404109740502e-12 8.985142326008844854e-13 6.160861171052120518e-12 5.908760826320304687e-12 1.576083258422143923e-12 7.162435870823136113e-13 -1.282869176482956209e-12 -9.527252334682154674e-13 5.637157885858009099e-12 -1.464718448620481405e-13
1.050658757341945958e-11 4.197053934785644650e-11 -3.995761818937288120e-12 3.681256189333781211e-11 1.423345188699221610e-11 1.579473223916532113e-11 3.307861479904594298e-11 1.786300431481598029e-11 5.147534055575901860e-11 1.098415961090614980e-10 5.331070328673978760e-11 2.827632832791545055e-11 3.104081162539879417e-11 2.261330451945132129e-11 1.638154682953257130e-11 1.756737440602044043e-11 1.378963112314681606e-11 1.207985893026644608e-11 8.836618506712856536e-12 8.929717794554243900e-12 1.729779303149914199e-12 -3.868838416921637211e-13 -3.293099936836153770e-12 -4.600691981683883687e-12 1.925476060322504936e-12 9.449190464138206881e-13
8.787322428961863079e-11 1.927994182850674959e-11 2.213066545168501866e-11 4.819033121897011526e-11 2.188545800532831298e-11 1.509511392574474783e-11 1.965311361212513544e-11 1.225552017609227217e-11 4.151510022055025339e-11 5.331070328673978760e-11 8.930480327693595077e-11 3.336951867214787904e-11 2.856972256108477054e-11 1.618944290074430037e-11 8.256337191259311246e-12 9.982176640392572104e-12 8.459840442396362631e-12 6.920864257659540694e-12 6.156449737835743175e-12 9.280264832189326636e-12 9.757777679207552252e-12 8.179610063108795394e-12 2.672954531487502442e-12 -3.156872092139835437e-12 3.065425165626822445e-15 1.845869685309208019e-12
2.945510178934697091e-11 2.390706880337129974e-11 9.894436412375073860e-12 3.198139643142004901e-11 2.024572786058304769e-11 1.519513048394746806e-11 1.801884003253641793e-11 9.694123207843075875e-12 2.322286052253146784e-11 2.827632832791545055e-11 3.336951867214787904e-11 5.589523543313105680e-11 3.248186078616594906e-11 2.248848194533360823e-11 1.536226922832868110e-11 1.746485780220184483e-11 1.291629403699089860e-11 8.517462637849824139e-12 4.752262748423402396e-12 3.831566814252422293e-12 8.932744855906339109e-12 8.556407103872052876e-12 3.578945981025875367e-12 -1.206402205585175242e-12 1.513391561330568128e-12 -2.155441257672145536e-13
2.414358047916501582e-11 2.272735482053691716e-11 -5.446649164117102092e-12 3.763532279721169050e-11 2.756196998772603834e-11 2.719135479647178913e-11 1.823735894246091954e-11 7.911681914130799061e-12 2.418704129351573506e-11 3.104081162539879417e-11 2.856972256108477054e-11 3.248186078616594906e-11 5.841549889965881366e-11 3.237726860485373006e-11 2.140403835526770425e-11 2.109880468205447333e-11 1.417293811672329392e-11 8.454404518378943646e-12 6.641936711772271286e-12 9.475622177487840619e-12 1.165952591458831496e-11 1.343939092227956521e-11 7.771989995115021365e-12 5.906430720019708626e-13 3.590863501563991652e-12 1.401936390389903010e-12
3.281561482213508632e-11 2.425149601237827109e-11 8.588324634904356264e-12 1.938025198170957807e-11 2.681265274750559529e-11 1.853122417162266948e-11 2.416481066182839223e-11 5.487360103806100955e-12 1.335189674608302255e-11 2.261330451945132129e-11 1.618944290074430037e-11 2.248848194533360823e-11 3.237726860485373006e-11 5.612685498034674900e-11 2.938247148995570230e-11 2.490274268779323362e-11 1.789124949821927385e-11 1.171838811516853538e-11 9.029907953663684987e-12 1.407598568959086017e-11 1.533905011057983372e-11 1.833208524340170281e-11 9.076513040233107941e-12 4.036078030230258141e-12 1.175328291784781459e-13 -6.923383460338068058e-13
2.944518130355274022e-11 2.501094677429618312e-11 -6.477872983180009115e-12 1.942773809459086634e-11 1.881728432500800164e-11 8.894755066519353733e-12 9.175367417784173571e-12 7.993302617376621665e-12 1.134416472299465318e-11 1.638154682953257130e-11 8.256337191259311246e-12 1.536226922832868110e-11 2.140403835526770425e-11 2.938247148995570230e-11 4.176859410470194117e-11 3.043284753436281869e-11 1.951462568644913080e-11 1.035465241552122901e-11 8.473338926181826330e-12 8.409689364336741141e-12 9.894237725285348589e-12 8.186245472620509544e-12 4.203361595507955384e-12 1.679528587754830402e-12 5.506757033768201284e-13 -3.013204320580554324e-12
5.020532437154790397e-11 2.391366365564758027e-11 1.778036945748334203e-11 3.493672393707454850e-11 3.584116497507079540e-11 1.862180141020625087e-11 1.170264241850738353e-11 2.312757656541466936e-11 1.386299406988770556e-11 1.756737440602044043e-11 9.982176640392572104e-12 1.746485780220184483e-11 2.109880468205447333e-11 2.490274268779323362e-11 3.043284753436281869e-11 5.061688259313604779e-11 3.735473743231861876e-11 2.673894546533089749e-11 1.884645697143495407e-11 1.164417945327764204e-11 1.399481751476612603e-11 9.800807200932975839e-12 3.428408866293045261e-12 3.337345486689923944e-12 -7.735007165803979444e-13 -8.144893845777768284e-13
-8.257112146393848940e-12 1.123353534221391364e-11 1.371100597915996588e-11 2.684694721513538736e-11 2.067406053124889591e-11 1.624608459772904390e-11 2.881619825261624842e-12 1.668977691175480178e-11 8.686301404109740502e-12 1.378963112314681606e-11 8.459840442396362631e-12 1.291629403699089860e-11 1.417293811672329392e-11 1.789124949821927385e-11 1.951462568644913080e-11 3.735473743231861876e-11 5.286077171437773202e-11 3.693056726768234092e-11 2.213892809731656043e-11 1.002398210323590578e-11 1.360572493702318201e-11 7.793866712360138935e-12 -1.641396008620401277e-13 1.981461309386384607e-12 1.104635669286534619e-12 6.061096780537449790e-13
-8.109991950643999057e-12 2.801326221759645947e-11 -6.265889623615346766e-12 2.415459957321834530e-11 1.809269411502718346e-11 -8.045670034761608089e-12 -3.792531225292974304e-12 1.792102732916370620e-11 8.985142326008844854e-13 1.207985893026644608e-11 6.920864257659540694e-12 8.517462637849824139e-12 8.454404518378943646e-12 1.171838811516853538e-11 1.035465241552122901e-11 2.673894546533089749e-11 3.693056726768234092e-11 4.982450469439912926e-11 3.124034805534295905e-11 1.520675000705982457e-11 1.662196534338095430e-11 9.425667478300163796e-12 -1.318644262934152651e-12 1.879535296468992147e-12 -2.107758772476942821e-12 -1.274516723084736633e-12
6.944361090112643431e-12 1.814200768417997736e-11 -4.201096159574106822e-12 1.335293225943003571e-11 1.412869941185603730e-11 -1.401274998121548402e-11 -3.099536631707905268e-12 1.843853885192276644e-11 6.160861171052120518e-12 8.836618506712856536e-12 6.156449737835743175e-12 4.752262748423402396e-12 6.641936711772271286e-12 9.029907953663684987e-12 8.473338926181826330e-12 1.884645697143495407e-11 2.213892809731656043e-11 3.124034805534295905e-11 4.599512160166360655e-11 3.205815943327363826e-11 1.899284487458361358e-11 1.247362095355175165e-11 2.592105178998487270e-12 3.263362616328940128e-12 -4.040145055684127762e-12 -4.368104403271097498e-12
2.503787812106388738e-11 6.553632313642786707e-12 -3.000557296103486910e-13 3.195163845557711833e-12 4.513393663551081310e-12 -1.213931146892414711e-11 -6.826925994845741663e-13 9.985798799414112814e-12 5.908760826320304687e-12 8.929717794554243900e-12 9.280264832189326636e-12 3.831566814252422293e-12 9.475622177487840619e-12 1.407598568959086017e-11 8.409689364336741141e-12 1.164417945327764204e-11 1.002398210323590578e-11 1.520675000705982457e-11 3.205815943327363826e-11 5.104785256904193386e-11 3.696960852507835798e-11 2.469051016381575119e-11 1.226895252637519462e-11 6.475859382190051670e-12 -2.270271013342570249e-12 -3.173102452446657758e-12
5.849650878148523496e-11 2.137313807987349537e-11 1.486606280284787195e-12 6.523386347442319224e-12 8.805088034293604269e-14 -3.099975447844873894e-12 3.613969489854387765e-12 7.667073584930659499e-12 1.576083258422143923e-12 1.729779303149914199e-12 9.757777679207552252e-12 8.932744855906339109e-12 1.165952591458831496e-11 1.533905011057983372e-11 9.894237725285348589e-12 1.399481751476612603e-11 1.360572493702318201e-11 1.662196534338095430e-11 1.899284487458361358e-11 3.696960852507835798e-11 5.483839606579010686e-11 4.092007141670753148e-11 1.950273708016221901e-11 9.465912025674112172e-12 7.121442392567712795e-14 -2.227235401114135675e-13
4.528068627980458212e-11 1.751929434062222053e-11 -1.283296022608639632e-11 1.249954061228502010e-11 -4.233399454857094496e-12 -1.332063335773872162e-12 -3.880222634484893656e-12 1.209116507590962569e-12 7.162435870823136113e-13 -3.868838416921637211e-13 8.179610063108795394e-12 8.556407103872052876e-12 1.343939092227956521e-11 1.833208524340170281e-11 8.186245472620509544e-12 9.800807200932975839e-12 7.793866712360138935e-12 9.425667478300163796e-12 1.247362095355175165e-11 2.469051016381575119e-11 4.092007141670753148e-11 5.692699110771834695e-11 3.071397948297243183e-11 1.281510395093084481e-11 3.970311251099730755e-12 3.085385744282479960e-12
1.630311323481308699e-11 4.994368044553413039e-12 2.315764998288726929e-11 1.369733615027637897e-11 -1.174508480999386027e-12 5.436641848081933357e-12 -2.022453488274851063e-12 3.859910700658156532e-12 -1.282869176482956209e-12 -3.293099936836153770e-12 2.672954531487502442e-12 3.578945981025875367e-12 7.771989995115021365e-12 9.076513040233107941e-12 4.203361595507955384e-12 3.428408866293045261e-12 -1.641396008620401277e-13 -1.318644262934152651e-12 2.592105178998487270e-12 1.226895252637519462e-11 1.950273708016221901e-11 3.071397948297243183e-11 3.986497664352100498e-11 1.832880071402763782e-11 1.644852278488939685e-12 2.512320999546149377e-12
1.319948687281092522e-11 5.103161607428053579e-12 3.730152685230307509e-11 -2.725630078492826290e-12 -4.207795289525328414e-13 9.842879341101416939e-12 1.813093654497002326e-12 9.074092494792159307e-12 -9.527252334682154674e-13 -4.600691981683883687e-12 -3.156872092139835437e-12 -1.206402205585175242e-12 5.906430720019708626e-13 4.036078030230258141e-12 1.679528587754830402e-12 3.337345486689923944e-12 1.981461309386384607e-12 1.879535296468992147e-12 3.263362616328940128e-12 6.475859382190051670e-12 9.465912025674112172e-12 1.281510395093084481e-11 1.832880071402763782e-11 2.780872995430552109e-11 7.222452786862660348e-12 2.754728744524374539e-12
-1.515768868994391629e-11 8.365535688441765575e-12 1.132907126794890308e-11 1.202169264851085897e-11 2.122549691094152166e-12 1.446097832966631919e-11 4.732981057747479936e-12 7.047708001731447474e-12 5.637157885858009099e-12 1.925476060322504936e-12 3.065425165626822445e-15 1.513391561330568128e-12 3.590863501563991652e-12 1.175328291784781459e-13 5.506757033768201284e-13 -7.735007165803979444e-13 1.104635669286534619e-12 -2.107758772476942821e-12 -4.040145055684127762e-12 -2.270271013342570249e-12 7.121442392567712795e-14 3.970311251099730755e-12 1.644852278488939685e-12 7.222452786862660348e-12 1.814990405255547873e-11 8.015472942581862907e-12
-7.385064111324329153e-12 -3.036829871523548934e-12 1.426587494948069184e-11 2.329260076706666985e-11 9.422831150758216857e-12 1.813825083366617322e-11 6.084818925573934605e-12 9.231671623528269300e-12 -1.464718448620481405e-13 9.449190464138206881e-13 1.845869685309208019e-12 -2.155441257672145536e-13 1.401936390389903010e-12 -6.923383460338068058e-13 -3.013204320580554324e-12 -8.144893845777768284e-13 6.061096780537449790e-13 -1.274516723084736633e-12 -4.368104403271097498e-12 -3.173102452446657758e-12 -2.227235401114135675e-13 3.085385744282479960e-12 2.512320999546149377e-12 2.754728744524374539e-12 8.015472942581862907e-12 1.690334479885804454e-11
