3.253575101686259726e-09 1.204248182605402427e-10 9.721555943223454696e-11 2.668799347713230066e-10 6.969360130124409434e-11 1.209786978266600794e-10 -1.307809165675632906e-11 7.281640118956360811e-11 4.104161770559299590e-11 1.025780444770359952e-12 8.043023725611106822e-11 7.973073883159266960e-11 7.385386601119646265e-11 1.183680327145002879e-10 1.358793434056174635e-10 1.330312749105660054e-10 1.202544365291597163e-10 1.154131831242473627e-10 3.443104954424937347e-11 -6.019794865160596269e-12 4.297123004150102181e-11 -1.368829637305088588e-11 -3.036470338249203732e-11 -4.671241835659786524e-12 -1.542107338301620426e-11 -1.121293000063602027e-11
1.204248182605402427e-10 2.576491833135996950e-09 -1.481372054699739618e-10 2.655390129179975150e-10 -3.596556218666202619e-11 -2.327464573787933779e-11 1.460135422575417897e-10 9.600558767931793100e-12 4.216041846648721585e-11 -9.512965953922209928e-11 -7.390864092343929409e-11 5.217778152352080630e-11 1.272545198073708562e-11 1.961176279352771281e-11 -3.304120100135534672e-11 -4.690461527235575907e-11 -9.153968692985899859e-12 1.916622547449381052e-11 -1.660982822871021999e-11 -2.321613939658621847e-11 -1.852764116722302466e-11 -9.379006277490156056e-12 -1.670667180827832761e-11 7.737357751634040748e-12 7.729850721015256763e-12 3.030771746364804932e-11
9.721555943223454696e-11 -1.481372054699739618e-10 1.630914352168492695e-09 1.888670378104094271e-10 1.521150322614170057e-10 9.889736151105049425e-11 -3.412860808041761419e-11 3.030413887793847543e-11 3.328742536992620965e-11 3.160181915243178605e-11 2.224766510400988106e-11 2.820928226115702464e-11 2.752217866102415408e-11 7.794125830508034992e-12 -1.050256169885260820e-11 1.253424629384458204e-11 2.576917503047171233e-11 2.933833570883364706e-11 -1.827311920262628505e-12 -1.113673858266694004e-11 -1.551670874102100303e-11 -2.525485365374645494e-11 -1.000039438020606158e-11 -1.537710466826070697e-11 -3.441480073259992095e-12 1.596740655582052882e-11
2.668799347713230066e-10 2.655390129179975150e-10 1.888670378104094271e-10 1.019815193814981363e-09 2.188329916665921141e-10 1.869033477515195607e-10 7.981752388256862665e-11 1.348840463902100720e-10 7.706491557549216098e-11 7.409948523941473754e-11 5.206914557015589099e-11 5.805841067139531368e-11 4.622600498621801988e-11 4.394321887799268452e-11 1.951479974469255945e-11 4.206875330847675702e-11 4.737321400852741234e-11 3.665275970817935339e-11 3.181165382918845352e-11 1.329313722888734746e-11 1.559988918773558170e-12 -1.958148179397286894e-11 -2.613851237592087378e-12 1.633799978562637728e-11 -1.355667226008194339e-11 -2.069385835876215731e-12
6.969360130124409434e-11 -3.596556218666202619e-11 1.521150322614170057e-10 2.188329916665921141e-10 7.036425064760981724e-10 1.350393203090201250e-10 5.785197755457970993e-11 9.497991878282731323e-11 4.272007555516822014e-11 4.727783804265651802e-11 3.216832908660190237e-11 3.764313188233097021e-11 6.212962286956420766e-11 4.924685487487573461e-11 5.683720374954637296e-11 3.993584764790694101e-11 4.542749385761536494e-11 1.545646480518642779e-11 8.511650882742200999e-12 1.320984594304273128e-12 6.437749212988959120e-12 -1.347532350294255122e-11 -1.127749876265140682e-12 -1.790273851974707723e-12 -1.601489720048307141e-11 -1.173827159445339891e-11
1.209786978266600794e-10 -2.327464573787933779e-11 9.889736151105049425e-11 1.869033477515195607e-10 1.350393203090201250e-10 6.226876173465472770e-10 1.483428115448832071e-10 1.440658630476333728e-10 9.888795839688627702e-11 4.270499599410749530e-11 6.786210223524985333e-11 4.672375237650817650e-11 1.679486243831993994e-11 3.094710844782405546e-12 1.216455983673936615e-11 7.757245067569547502e-12 2.468102947149450509e-11 1.559074798875198515e-11 1.654169992744773410e-11 7.186239684947251264e-12 3.442708810315592606e-12 -1.614531935823132733e-11 4.132859249049154970e-13 5.118385158370390051e-12 1.405175559396494334e-11 2.064156150782296290e-11
-1.307809165675632906e-11 1.460135422575417897e-10 -3.412860808041761419e-11 7.981752388256862665e-11 5.785197755457970993e-11 1.483428115448832071e-10 4.004323347726231369e-10 9.271955580643149686e-11 8.414659798586311072e-11 5.551043039885821975e-11 3.205180853817955077e-11 2.382951948632468554e-11 1.623083175023631074e-11 8.637441351998852840e-12 1.789892370378146258e-11 1.353168866134435690e-11 7.791531517592903862e-12 -8.541233895913007401e-12 1.059451782623343285e-12 1.283762236163275094e-11 3.846663797732374684e-12 -7.671161925359938779e-12 -8.188732977185518702e-12 2.221085634585106889e-12 3.086581910746847494e-12 9.071864138794370895e-12
7.281640118956360811e-11 9.600558767931793100e-12 3.030413887793847543e-11 1.348840463902100720e-10 9.497991878282731323e-11 1.440658630476333728e-10 9.271955580643149686e-11 2.739629971543081083e-10 9.550095011322935376e-11 5.579446422969148707e-11 4.636752416393671165e-11 3.336756324617585749e-11 3.616037365110471447e-11 3.497644532853031052e-11 4.889278000277409963e-11 2.070602563654844087e-11 3.125179277597563414e-11 1.395083356490203100e-11 1.739685714196534694e-12 2.624511188861369622e-12 -5.850213780947847372e-13 -1.379996973861102399e-11 -5.401276369153679393e-12 -8.792357897355077378e-12 -4.848972530090492441e-12 1.036363368266251171e-11
4.104161770559299590e-11 4.216041846648721585e-11 3.328742536992620965e-11 7.706491557549216098e-11 4.272007555516822014e-11 9.888795839688627702e-11 8.414659798586311072e-11 9.550095011322935376e-11 2.372300639144201031e-10 7.851801313196613380e-11 5.429444918108950442e-11 3.777914607684619280e-11 3.546168181711492369e-11 2.011110840159802470e-11 1.951923708692255228e-11 1.715432166199737156e-11 2.187741150072787838e-11 1.709203913958496755e-11 1.555041374355627466e-11 9.181245075794056093e-12 -6.263331417446902498e-13 -2.009287678368338590e-11 -1.160237184148400255e-11 -5.575724336669503470e-12 -2.013021459709693890e-12 -1.456998626126047032e-13
1.025780444770359952e-12 -9.512965953922209928e-11 3.160181915243178605e-11 7.409948523941473754e-11 4.727783804265651802e-11 4.270499599410749530e-11 5.551043039885821975e-11 5.579446422969148707e-11 7.851801313196613380e-11 1.391302967340909778e-10 5.739466269279475448e-11 3.816835549187819768e-11 2.262527855562964612e-11 1.879580067182899255e-11 2.716795757819762771e-11 2.145390964525175792e-11 8.222914749918874163e-12 2.200634799983165611e-12 1.502148606609959901e-12 1.272487232298888019e-12 -5.914003502307591212e-12 -6.207628863815929269e-12 -3.680345905785240438e-12 -1.740102575634273550e-12 2.368496380435421471e-14 6.131384224215744010e-12
8.043023725611106822e-11 -7.390864092343929409e-11 2.224766510400988106e-11 5.206914557015589099e-11 3.216832908660190237e-11 6.786210223524985333e-11 3.205180853817955077e-11 4.636752416393671165e-11 5.429444918108950442e-11 5.739466269279475448e-11 1.356055054954980865e-10 5.389080643067889562e-11 1.952563723287855001e-11 1.298716820643202766e-11 2.503780686314532540e-11 3.284458983433779213e-11 3.275220435086518348e-11 1.741246562774965692e-11 1.898972650142786975e-11 1.440101847243960044e-11 7.302746778245384886e-12 -1.218309287783675168e-12 -6.458048775246130693e-12 -2.263288099940912582e-12 2.730860803338702492e-12 7.315535078808663194e-12
7.973073883159266960e-11 5.217778152352080630e-11 2.820928226115702464e-11 5.805841067139531368e-11 3.764313188233097021e-11 4.672375237650817650e-11 2.382951948632468554e-11 3.336756324617585749e-11 3.777914607684619280e-11 3.816835549187819768e-11 5.389080643067889562e-11 1.041079152602649429e-10 4.840102633199751430e-11 2.866238734762525604e-11 2.882292307479582401e-11 1.607766282340202760e-11 1.793344958490431638e-11 4.374501510086538655e-12 7.237995322215358045e-12 6.718959869026927996e-13 9.596718059103051567e-13 5.401590580816931308e-12 3.798842933253302876e-12 4.492615285471870269e-12 2.141914996230349093e-12 1.050373393701909945e-11
7.385386601119646265e-11 1.272545198073708562e-11 2.752217866102415408e-11 4.622600498621801988e-11 6.212962286956420766e-11 1.679486243831993994e-11 1.623083175023631074e-11 3.616037365110471447e-11 3.546168181711492369e-11 2.262527855562964612e-11 1.952563723287855001e-11 4.840102633199751430e-11 9.172549358292423841e-11 4.256918254922263402e-11 4.036563694396591323e-11 2.143354449541189545e-11 2.121460762866733761e-11 1.030686517906239721e-11 1.394844894571276550e-11 -2.573902151911347316e-13 -1.835351885099210184e-12 4.567590261205059735e-12 1.049114340361466781e-11 9.180906681357634259e-12 1.036479159824199928e-12 6.577967122323694334e-12
1.183680327145002879e-10 1.961176279352771281e-11 7.794125830508034992e-12 4.394321887799268452e-11 4.924685487487573461e-11 3.094710844782405546e-12 8.637441351998852840e-12 3.497644532853031052e-11 2.011110840159802470e-11 1.879580067182899255e-11 1.298716820643202766e-11 2.866238734762525604e-11 4.256918254922263402e-11 7.262315784642572923e-11 5.350463175148126983e-11 2.824507188505841487e-11 1.333638565658912709e-11 2.795016438278752078e-12 5.031329717247928631e-12 -7.216080973452038761e-12 -4.647471903520657668e-12 -1.408782068379131436e-12 -3.040835169190574281e-12 2.472907066250966136e-12 -3.972160103783914253e-12 -3.461759022088678286e-12
1.358793434056174635e-10 -3.304120100135534672e-11 -1.050256169885260820e-11 1.951479974469255945e-11 5.683720374954637296e-11 1.216455983673936615e-11 1.789892370378146258e-11 4.889278000277409963e-11 1.951923708692255228e-11 2.716795757819762771e-11 2.503780686314532540e-11 2.882292307479582401e-11 4.036563694396591323e-11 5.350463175148126983e-11 8.874466656248266210e-11 5.852443290458650175e-11 3.385255409359664213e-11 1.403367238744410360e-11 1.359437484076118130e-11 6.896948493629572266e-12 9.507740542302054413e-12 5.799433912653826811e-12 -8.610036405885427092e-13 -1.888385540342119927e-12 -3.525823408554386814e-12 3.524072957984355243e-12
1.330312749105660054e-10 -4.690461527235575907e-11 1.253424629384458204e-11 4.206875330847675702e-11 3.993584764790694101e-11 7.757245067569547502e-12 1.353168866134435690e-11 2.070602563654844087e-11 1.715432166199737156e-11 2.145390964525175792e-11 3.284458983433779213e-11 1.607766282340202760e-11 2.143354449541189545e-11 2.824507188505841487e-11 5.852443290458650175e-11 8.052895000686144388e-11 4.801253641859509252e-11 3.194914336949044483e-11 2.747107269074586715e-11 1.746740009071136325e-11 1.956809447622449816e-11 8.742378214902678095e-12 -6.284474724372096083e-12 -6.418788672441848635e-12 -6.025557872345974051e-13 3.642324491451161824e-12
1.202544365291597163e-10 -9.153968692985899859e-12 2.576917503047171233e-11 4.737321400852741234e-11 4.542749385761536494e-11 2.468102947149450509e-11 7.791531517592903862e-12 3.125179277597563414e-11 2.187741150072787838e-11 8.222914749918874163e-12 3.275220435086518348e-11 1.793344958490431638e-11 2.121460762866733761e-11 1.333638565658912709e-11 3.385255409359664213e-11 4.801253641859509252e-11 7.140642962372070549e-11 5.169975602378017714e-11 2.817061546161042943e-11 1.584972373843529386e-11 1.751590058946701495e-11 1.254765407728891708e-11 -7.195643569413087309e-13 -1.551441391295005993e-12 -2.913401698123186015e-12 2.227584359650895711e-12
1.154131831242473627e-10 1.916622547449381052e-11 2.933833570883364706e-11 3.665275970817935339e-11 1.545646480518642779e-11 1.559074798875198515e-11 -8.541233895913007401e-12 1.395083356490203100e-11 1.709203913958496755e-11 2.200634799983165611e-12 1.741246562774965692e-11 4.374501510086538655e-12 1.030686517906239721e-11 2.795016438278752078e-12 1.403367238744410360e-11 3.194914336949044483e-11 5.169975602378017714e-11 8.017752970172681080e-11 4.907384995653015728e-11 2.919748049712884599e-11 3.031042142286349913e-11 1.741780916643623386e-11 -3.621269971271816567e-12 2.537297955291725734e-12 1.228830428393107160e-12 4.116117872240804993e-12
3.443104954424937347e-11 -1.660982822871021999e-11 -1.827311920262628505e-12 3.181165382918845352e-11 8.511650882742200999e-12 1.654169992744773410e-11 1.059451782623343285e-12 1.739685714196534694e-12 1.555041374355627466e-11 1.502148606609959901e-12 1.898972650142786975e-11 7.237995322215358045e-12 1.394844894571276550e-11 5.031329717247928631e-12 1.359437484076118130e-11 2.747107269074586715e-11 2.817061546161042943e-11 4.907384995653015728e-11 6.006088241276407158e-11 4.474482242726860721e-11 3.134232929372439617e-11 2.241661934852539575e-11 4.573885225113509215e-12 7.747327155535974749e-12 2.571873406659280499e-12 4.511013525631064688e-12
-6.019794865160596269e-12 -2.321613939658621847e-11 -1.113673858266694004e-11 1.329313722888734746e-11 1.320984594304273128e-12 7.186239684947251264e-12 1.283762236163275094e-11 2.624511188861369622e-12 9.181245075794056093e-12 1.272487232298888019e-12 1.440101847243960044e-11 6.718959869026927996e-13 -2.573902151911347316e-13 -7.216080973452038761e-12 6.896948493629572266e-12 1.746740009071136325e-11 1.584972373843529386e-11 2.919748049712884599e-11 4.474482242726860721e-11 7.141992983923268742e-11 5.161165532159389152e-11 3.245537509273724374e-11 9.769089204015898736e-12 9.663832594620212294e-12 2.204569310104794859e-13 2.249574627002757663e-12
4.297123004150102181e-11 -1.852764116722302466e-11 -1.551670874102100303e-11 1.559988918773558170e-12 6.437749212988959120e-12 3.442708810315592606e-12 3.846663797732374684e-12 -5.850213780947847372e-13 -6.263331417446902498e-13 -5.914003502307591212e-12 7.302746778245384886e-12 9.596718059103051567e-13 -1.835351885099210184e-12 -4.647471903520657668e-12 9.507740542302054413e-12 1.956809447622449816e-11 1.751590058946701495e-11 3.031042142286349913e-11 3.134232929372439617e-11 5.161165532159389152e-11 7.367253176511162560e-11 4.734897384363387315e-11 1.695961111454194553e-11 1.102311631027738657e-11 3.367630995281174148e-12 2.329745737518264421e-12
-1.368829637305088588e-11 -9.379006277490156056e-12 -2.525485365374645494e-11 -1.958148179397286894e-11 -1.347532350294255122e-11 -1.614531935823132733e-11 -7.671161925359938779e-12 -1.379996973861102399e-11 -2.009287678368338590e-11 -6.207628863815929269e-12 -1.218309287783675168e-12 5.401590580816931308e-12 4.567590261205059735e-12 -1.408782068379131436e-12 5.799433912653826811e-12 8.742378214902678095e-12 1.254765407728891708e-11 1.741780916643623386e-11 2.241661934852539575e-11 3.245537509273724374e-11 4.734897384363387315e-11 7.240448866059915130e-11 3.874950748242281782e-11 2.081354544378046785e-11 6.865430919852411718e-12 1.660694826890781827e-12
-3.036470338249203732e-11 -1.670667180827832761e-11 -1.000039438020606158e-11 -2.613851237592087378e-12 -1.127749876265140682e-12 4.132859249049154970e-13 -8.188732977185518702e-12 -5.401276369153679393e-12 -1.160237184148400255e-11 -3.680345905785240438e-12 -6.458048775246130693e-12 3.798842933253302876e-12 1.049114340361466781e-11 -3.040835169190574281e-12 -8.610036405885427092e-13 -6.284474724372096083e-12 -7.195643569413087309e-13 -3.621269971271816567e-12 4.573885225113509215e-12 9.769089204015898736e-12 1.695961111454194553e-11 3.874950748242281782e-11 5.884016890111570293e-11 3.230573265267979359e-11 3.506523857401017270e-12 3.337078629094212602e-12
-4.671241835659786524e-12 7.737357751634040748e-12 -1.537710466826070697e-11 1.633799978562637728e-11 -1.790273851974707723e-12 5.118385158370390051e-12 2.221085634585106889e-12 -8.792357897355077378e-12 -5.575724336669503470e-12 -1.740102575634273550e-12 -2.263288099940912582e-12 4.492615285471870269e-12 9.180906681357634259e-12 2.472907066250966136e-12 -1.888385540342119927e-12 -6.418788672441848635e-12 -1.551441391295005993e-12 2.537297955291725734e-12 7.747327155535974749e-12 9.663832594620212294e-12 1.102311631027738657e-11 2.081354544378046785e-11 3.230573265267979359e-11 4.337766095381537554e-11 1.146698321548023472e-11 5.468492645867898991e-12
-1.542107338301620426e-11 7.729850721015256763e-12 -3.441480073259992095e-12 -1.355667226008194339e-11 -1.601489720048307141e-11 1.405175559396494334e-11 3.086581910746847494e-12 -4.848972530090492441e-12 -2.013021459709693890e-12 2.368496380435421471e-14 2.730860803338702492e-12 2.141914996230349093e-12 1.036479159824199928e-12 -3.972160103783914253e-12 -3.525823408554386814e-12 -6.025557872345974051e-13 -2.913401698123186015e-12 1.228830428393107160e-12 2.571873406659280499e-12 2.204569310104794859e-13 3.367630995281174148e-12 6.865430919852411718e-12 3.506523857401017270e-12 1.146698321548023472e-11 2.899119429843203335e-11 1.560585268500947603e-11
-1.121293000063602027e-11 3.030771746364804932e-11 1.596740655582052882e-11 -2.069385835876215731e-12 -1.173827159445339891e-11 2.064156150782296290e-11 9.071864138794370895e-12 1.036363368266251171e-11 -1.456998626126047032e-13 6.131384224215744010e-12 7.315535078808663194e-12 1.050373393701909945e-11 6.577967122323694334e-12 -3.461759022088678286e-12 3.524072957984355243e-12 3.642324491451161824e-12 2.227584359650895711e-12 4.116117872240804993e-12 4.511013525631064688e-12 2.249574627002757663e-12 2.329745737518264421e-12 1.660694826890781827e-12 3.337078629094212602e-12 5.468492645867898991e-12 1.560585268500947603e-11 3.126371621773455545e-11
