3.465322311471652677e-09 2.137163409070883989e-10 2.207790702586865180e-11 -1.679818084084651739e-11 -4.203776069474816647e-11 1.156373224934998755e-10 -1.282930359600471717e-11 -4.222284520285464394e-11 -2.846406520648759891e-11 -2.203191008379930382e-11 6.330174621339097044e-12 -2.630220083353097419e-11 -2.206956883545327867e-11 -3.548970452293431586e-12 -3.443570908949639190e-12 -3.573385620165833435e-11 -3.114281294480279709e-11 -5.888629272828472882e-11 -2.753634605352296711e-11 -1.677744078385394023e-11 5.116785251660577737e-12 1.386445561129051408e-12 2.092275157360488233e-11 -4.578938307609682481e-12 -1.370228734772093874e-11 1.420722283370424724e-13
2.137163409070883989e-10 2.131398847068204675e-09 2.551873666131310510e-10 1.678605744499650157e-10 9.546188048999799925e-11 -3.323448045284899524e-11 4.083310305525624721e-12 -8.961633466153531672e-11 -6.988205238485338358e-11 -7.085598063774228791e-11 2.187940304001452929e-12 -1.178370260886188504e-11 1.754883425118525378e-11 -1.103104848380138576e-11 -4.551951007027257618e-11 -3.837499873055227056e-11 -5.162525321795710256e-11 -2.892620467880713870e-11 -2.832569229253371790e-11 -3.115281990927960905e-11 -9.983193494727627512e-12 -1.092161929372179979e-11 7.509011968848940429e-12 6.689472422707556130e-13 1.559940728314556507e-11 -4.739475702424971910e-12
2.207790702586865180e-11 2.551873666131310510e-10 1.501169575849108722e-09 1.714599124348733752e-10 -3.537081853453060345e-11 1.081642910000606103e-10 -2.133880915668712835e-11 4.810798579779507543e-11 -3.129712022393509418e-12 1.210203143626814137e-12 8.529377101425215327e-12 4.351962000154348258e-11 3.240801068883197581e-11 -5.912209962715917855e-13 1.198480461804041477e-11 -1.652523254589737613e-12 -2.167295941322407610e-12 -5.046185589743862521e-12 -3.363695862557602073e-12 -1.280480450809640334e-11 -7.339154672804979064e-12 -1.171759168610173248e-11 -1.456702016130074276e-11 -4.377063614830006627e-12 1.080489406508533154e-12 -1.068122361246317801e-11
-1.679818084084651739e-11 1.678605744499650157e-10 1.714599124348733752e-10 9.574361356143633807e-10 1.691630267039063925e-10 -5.462350139536621786e-12 2.257488897528524318e-11 -1.690462731796160025e-11 -4.190397432345730300e-12 -2.173492873700339865e-11 8.796992884158255869e-12 1.340538902516274812e-11 1.093302952047664809e-11 6.702476642368805694e-12 -6.170319586825055022e-12 8.655861713527981144e-12 1.156485123805462566e-11 1.716869576720739451e-11 -7.372402130014943198e-12 -1.498899112017898114e-11 -3.470024703652487563e-12 -3.523485216708942573e-12 4.291332731118016036e-12 3.731063653647795157e-12 3.512661242074481965e-13 -2.527638718225597167e-12
-4.203776069474816647e-11 9.546188048999799925e-11 -3.537081853453060345e-11 1.691630267039063925e-10 6.068620444635375162e-10 2.081260341858878152e-11 1.546245959431319357e-11 8.231466689618810991e-12 -1.614470548162489759e-11 -3.674377477591696140e-11 -1.734778367986371327e-11 -2.705056820309696228e-11 -1.708571252663649783e-11 -1.297084172689187059e-11 -1.892666862885146096e-11 1.624402186169640853e-11 1.012915968685692185e-11 7.630718810275546285e-14 -4.506395009876643753e-12 2.259524448547282823e-12 4.098765158665165585e-12 -2.439998879256140167e-12 -8.748100352784556164e-13 1.925273561878924010e-11 4.603686990543227386e-12 -1.920404493809150023e-12
1.156373224934998755e-10 -3.323448045284899524e-11 1.081642910000606103e-10 -5.462350139536621786e-12 2.081260341858878152e-11 4.220055772736276222e-10 3.959852851420082798e-11 2.157102458322136156e-11 3.836779367931538766e-11 -5.779828976794696813e-13 -9.749782212077750296e-12 1.492749983948113176e-11 1.689012023199160525e-11 7.761570087920281731e-12 1.267241768581819330e-11 2.979295667444453086e-12 7.319186372160723514e-12 -1.684521354513554176e-12 -5.996452514813553690e-12 -4.419358678570176052e-12 2.040867121064260835e-12 -1.427223879227730881e-11 -2.091865508201490885e-11 9.709368198010281687e-13 1.695524230710160897e-12 1.011592888259546061e-12
-1.282930359600471717e-11 4.083310305525624721e-12 -2.133880915668712835e-11 2.257488897528524318e-11 1.546245959431319357e-11 3.959852851420082798e-11 2.230029442129900885e-10 1.801672753552595397e-11 2.123995093786264157e-13 7.986796411074690060e-12 -3.968411020874822655e-12 -1.563710646128959806e-13 -5.022102580932621394e-12 -4.241535847140458581e-12 -5.032068426437963308e-12 1.511565177206687887e-12 3.555509520984713635e-12 -4.944714356971232358e-13 8.204097648307909974e-13 -2.712560702307969119e-12 -1.038165092182481635e-12 2.321585045046741494e-12 -5.186926481430674119e-12 1.628548338359385133e-12 5.860268499913306354e-12 4.866664231526800971e-12
-4.222284520285464394e-11 -8.961633466153531672e-11 4.810798579779507543e-11 -1.690462731796160025e-11 8.231466689618810991e-12 2.157102458322136156e-11 1.801672753552595397e-11 1.766694706424618114e-10 2.450702684170333547e-11 2.243461139620400341e-11 6.245701934840388392e-12 1.398638537296602255e-11 3.722428271881946454e-12 2.822379417473413033e-13 9.945139489300455011e-12 1.251332400545744054e-11 4.456459118781213014e-12 3.165801811181137190e-12 -8.105075629509012341e-13 -3.157048594179299729e-13 1.147152728438358345e-12 4.959348761802298962e-12 -7.987242920839574218e-12 -3.688039654528391281e-12 3.715839685324690148e-12 -7.622656922774445113e-13
-2.846406520648759891e-11 -6.988205238485338358e-11 -3.129712022393509418e-12 -4.190397432345730300e-12 -1.614470548162489759e-11 3.836779367931538766e-11 2.123995093786264157e-13 2.450702684170333547e-11 1.263628399827672962e-10 3.151900443382401484e-11 9.016504975655262194e-12 1.462260429941718459e-11 8.015069841717452654e-12 4.811303558075998112e-12 7.035659064872884915e-12 -6.583253755880524504e-13 2.299265852353098807e-12 -3.189273627135623905e-12 -1.629189586860386845e-12 -2.604295657809511959e-12 -1.917579000138067089e-12 6.150468795856136595e-13 -4.656328209449563474e-12 -2.104394255581163805e-12 5.183756177418207217e-14 1.015151546002894307e-12
-2.203191008379930382e-11 -7.085598063774228791e-11 1.210203143626814137e-12 -2.173492873700339865e-11 -3.674377477591696140e-11 -5.779828976794696813e-13 7.986796411074690060e-12 2.243461139620400341e-11 3.151900443382401484e-11 8.874571395460012563e-11 2.325041288262252481e-11 1.337605761888659859e-11 2.373433610903194855e-12 7.610414117111063024e-12 3.656398037348364756e-12 7.479802353639528698e-12 4.156570364869792318e-13 3.083705356450488243e-12 -1.314198678813700196e-13 -7.616468268772299311e-13 -5.650881665962939936e-12 -3.300086649884040034e-12 -4.230338902275412809e-12 -3.828232408393086947e-12 -8.883685041877835012e-14 5.880022089447340898e-13
6.330174621339097044e-12 2.187940304001452929e-12 8.529377101425215327e-12 8.796992884158255869e-12 -1.734778367986371327e-11 -9.749782212077750296e-12 -3.968411020874822655e-12 6.245701934840388392e-12 9.016504975655262194e-12 2.325041288262252481e-11 6.568113914928985866e-11 2.564071397131813264e-11 1.103809111509968741e-11 4.597954966356617978e-12 1.192155056301941141e-12 1.303640709611391288e-12 -1.100735818053019981e-12 -2.762093781238958632e-12 -3.036065871001892837e-12 -1.533318874245178940e-13 -1.358895313039820638e-13 2.185036806138345684e-12 -2.092820436132844338e-12 1.463314755988401275e-13 -2.072215756896751441e-12 -1.112289714544024620e-12
-2.630220083353097419e-11 -1.178370260886188504e-11 4.351962000154348258e-11 1.340538902516274812e-11 -2.705056820309696228e-11 1.492749983948113176e-11 -1.563710646128959806e-13 1.398638537296602255e-11 1.462260429941718459e-11 1.337605761888659859e-11 2.564071397131813264e-11 6.536213749287296397e-11 3.250119711251393125e-11 1.584017258434442736e-11 1.194771699364711092e-11 4.007583448903124729e-12 1.620510931848062550e-12 1.350000322919829469e-12 -2.355751760005157580e-12 -2.412176604583863353e-12 -3.391333396771723483e-12 2.487761270317725788e-12 -1.692299843833040047e-12 -1.471001904576378333e-12 -9.152983974895195968e-13 -6.858782728371876701e-13
-2.206956883545327867e-11 1.754883425118525378e-11 3.240801068883197581e-11 1.093302952047664809e-11 -1.708571252663649783e-11 1.689012023199160525e-11 -5.022102580932621394e-12 3.722428271881946454e-12 8.015069841717452654e-12 2.373433610903194855e-12 1.103809111509968741e-11 3.250119711251393125e-11 4.872692951691482649e-11 2.027566256210371579e-11 1.192831960356970801e-11 1.613606298522602427e-12 2.088825898864161215e-12 8.430557954978752855e-13 2.996886160231001143e-12 -1.119392346302031398e-12 -8.233076057739572386e-13 2.140994368003796700e-12 -6.786874313977122637e-13 -1.304636800211521758e-13 -2.169712109670201451e-12 -5.110003297507587001e-13
-3.548970452293431586e-12 -1.103104848380138576e-11 -5.912209962715917855e-13 6.702476642368805694e-12 -1.297084172689187059e-11 7.761570087920281731e-12 -4.241535847140458581e-12 2.822379417473413033e-13 4.811303558075998112e-12 7.610414117111063024e-12 4.597954966356617978e-12 1.584017258434442736e-11 2.027566256210371579e-11 3.677320661427974395e-11 1.492428012107002610e-11 3.338143189148433205e-12 2.954949537360711126e-12 2.466862782430475634e-12 2.533210017551929935e-12 -2.916732427495416923e-12 -2.641899896175234608e-12 3.244883493449366902e-13 -7.645663457349327208e-13 -2.732478919765450703e-12 -1.120189234120044556e-12 -1.051186903514390039e-12
-3.443570908949639190e-12 -4.551951007027257618e-11 1.198480461804041477e-11 -6.170319586825055022e-12 -1.892666862885146096e-11 1.267241768581819330e-11 -5.032068426437963308e-12 9.945139489300455011e-12 7.035659064872884915e-12 3.656398037348364756e-12 1.192155056301941141e-12 1.194771699364711092e-11 1.192831960356970801e-11 1.492428012107002610e-11 3.422701939064911673e-11 1.516570136023212347e-11 7.890263311521685492e-12 2.078534123697042697e-12 2.218634008097107938e-12 -2.574476092870206297e-12 -2.379208820143099219e-12 2.764006249799025716e-12 -9.355203283502668917e-13 -2.969254664355343860e-12 -1.403857697585951458e-13 -5.983116634186671242e-13
-3.573385620165833435e-11 -3.837499873055227056e-11 -1.652523254589737613e-12 8.655861713527981144e-12 1.624402186169640853e-11 2.979295667444453086e-12 1.511565177206687887e-12 1.251332400545744054e-11 -6.583253755880524504e-13 7.479802353639528698e-12 1.303640709611391288e-12 4.007583448903124729e-12 1.613606298522602427e-12 3.338143189148433205e-12 1.516570136023212347e-11 3.111852259980693578e-11 1.732580908709866508e-11 1.119186846004979850e-11 2.685493941349597952e-12 -3.724389890475037652e-13 -2.764459161574287997e-12 -3.109961948757464580e-12 -5.142026276325943383e-12 -1.449251556274387489e-12 -1.060921103813680384e-12 5.173620440522136449e-13
-3.114281294480279709e-11 -5.162525321795710256e-11 -2.167295941322407610e-12 1.156485123805462566e-11 1.012915968685692185e-11 7.319186372160723514e-12 3.555509520984713635e-12 4.456459118781213014e-12 2.299265852353098807e-12 4.156570364869792318e-13 -1.100735818053019981e-12 1.620510931848062550e-12 2.088825898864161215e-12 2.954949537360711126e-12 7.890263311521685492e-12 1.732580908709866508e-11 2.947374593412533956e-11 1.622529005440064797e-11 7.356280003287190544e-12 1.868842054816414126e-12 9.530008041947190786e-14 -1.698714397680224533e-12 -3.993739105670217066e-12 -2.487503294900088756e-13 -1.204318802603721600e-12 2.105237486252011231e-12
-5.888629272828472882e-11 -2.892620467880713870e-11 -5.046185589743862521e-12 1.716869576720739451e-11 7.630718810275546285e-14 -1.684521354513554176e-12 -4.944714356971232358e-13 3.165801811181137190e-12 -3.189273627135623905e-12 3.083705356450488243e-12 -2.762093781238958632e-12 1.350000322919829469e-12 8.430557954978752855e-13 2.466862782430475634e-12 2.078534123697042697e-12 1.119186846004979850e-11 1.622529005440064797e-11 2.949302865490097568e-11 1.354023049634980043e-11 4.301819612789076722e-12 2.622166177647547189e-12 -2.921036868634465579e-12 -1.904905682091455072e-12 -1.399888001231377554e-12 -2.250472236763027595e-12 1.534886588180339277e-13
-2.753634605352296711e-11 -2.832569229253371790e-11 -3.363695862557602073e-12 -7.372402130014943198e-12 -4.506395009876643753e-12 -5.996452514813553690e-12 8.204097648307909974e-13 -8.105075629509012341e-13 -1.629189586860386845e-12 -1.314198678813700196e-13 -3.036065871001892837e-12 -2.355751760005157580e-12 2.996886160231001143e-12 2.533210017551929935e-12 2.218634008097107938e-12 2.685493941349597952e-12 7.356280003287190544e-12 1.354023049634980043e-11 2.541700123771012240e-11 1.024353368167341871e-11 5.426623432371629361e-12 2.538720394390128677e-12 2.276278799428856207e-12 1.647965556544521488e-12 -1.394305164058692595e-12 5.722734552529430458e-13
-1.677744078385394023e-11 -3.115281990927960905e-11 -1.280480450809640334e-11 -1.498899112017898114e-11 2.259524448547282823e-12 -4.419358678570176052e-12 -2.712560702307969119e-12 -3.157048594179299729e-13 -2.604295657809511959e-12 -7.616468268772299311e-13 -1.533318874245178940e-13 -2.412176604583863353e-12 -1.119392346302031398e-12 -2.916732427495416923e-12 -2.574476092870206297e-12 -3.724389890475037652e-13 1.868842054816414126e-12 4.301819612789076722e-12 1.024353368167341871e-11 2.045068881270834540e-11 1.349009144390006275e-11 5.710782731304252010e-12 4.101948000681950600e-12 3.054449442172307732e-12 -6.811128023511197429e-13 1.539530702803853495e-12
5.116785251660577737e-12 -9.983193494727627512e-12 -7.339154672804979064e-12 -3.470024703652487563e-12 4.098765158665165585e-12 2.040867121064260835e-12 -1.038165092182481635e-12 1.147152728438358345e-12 -1.917579000138067089e-12 -5.650881665962939936e-12 -1.358895313039820638e-13 -3.391333396771723483e-12 -8.233076057739572386e-13 -2.641899896175234608e-12 -2.379208820143099219e-12 -2.764459161574287997e-12 9.530008041947190786e-14 2.622166177647547189e-12 5.426623432371629361e-12 1.349009144390006275e-11 2.345990184440181821e-11 1.056448244769363752e-11 5.924231128492853677e-12 3.258259242361498643e-12 -4.522817309516259033e-13 1.691321149224644963e-12
1.386445561129051408e-12 -1.092161929372179979e-11 -1.171759168610173248e-11 -3.523485216708942573e-12 -2.439998879256140167e-12 -1.427223879227730881e-11 2.321585045046741494e-12 4.959348761802298962e-12 6.150468795856136595e-13 -3.300086649884040034e-12 2.185036806138345684e-12 2.487761270317725788e-12 2.140994368003796700e-12 3.244883493449366902e-13 2.764006249799025716e-12 -3.109961948757464580e-12 -1.698714397680224533e-12 -2.921036868634465579e-12 2.538720394390128677e-12 5.710782731304252010e-12 1.056448244769363752e-11 1.596512167759339852e-11 7.789827189359555867e-12 2.594532678137780590e-12 -6.652131355407293620e-13 -6.961530630304539461e-14
2.092275157360488233e-11 7.509011968848940429e-12 -1.456702016130074276e-11 4.291332731118016036e-12 -8.748100352784556164e-13 -2.091865508201490885e-11 -5.186926481430674119e-12 -7.987242920839574218e-12 -4.656328209449563474e-12 -4.230338902275412809e-12 -2.092820436132844338e-12 -1.692299843833040047e-12 -6.786874313977122637e-13 -7.645663457349327208e-13 -9.355203283502668917e-13 -5.142026276325943383e-12 -3.993739105670217066e-12 -1.904905682091455072e-12 2.276278799428856207e-12 4.101948000681950600e-12 5.924231128492853677e-12 7.789827189359555867e-12 1.498422759538296912e-11 4.560690422517572286e-12 -1.732714722856406928e-13 1.873308819594443965e-13
-4.578938307609682481e-12 6.689472422707556130e-13 -4.377063614830006627e-12 3.731063653647795157e-12 1.925273561878924010e-11 9.709368198010281687e-13 1.628548338359385133e-12 -3.688039654528391281e-12 -2.104394255581163805e-12 -3.828232408393086947e-12 1.463314755988401275e-13 -1.471001904576378333e-12 -1.304636800211521758e-13 -2.732478919765450703e-12 -2.969254664355343860e-12 -1.449251556274387489e-12 -2.487503294900088756e-13 -1.399888001231377554e-12 1.647965556544521488e-12 3.054449442172307732e-12 3.258259242361498643e-12 2.594532678137780590e-12 4.560690422517572286e-12 8.497258462052018696e-12 1.892443260768896192e-12 2.999007244508361635e-13
-1.370228734772093874e-11 1.559940728314556507e-11 1.080489406508533154e-12 3.512661242074481965e-13 4.603686990543227386e-12 1.695524230710160897e-12 5.860268499913306354e-12 3.715839685324690148e-12 5.183756177418207217e-14 -8.883685041877835012e-14 -2.072215756896751441e-12 -9.152983974895195968e-13 -2.169712109670201451e-12 -1.120189234120044556e-12 -1.403857697585951458e-13 -1.060921103813680384e-12 -1.204318802603721600e-12 -2.250472236763027595e-12 -1.394305164058692595e-12 -6.811128023511197429e-13 -4.522817309516259033e-13 -6.652131355407293620e-13 -1.732714722856406928e-13 1.892443260768896192e-12 8.129553149946258332e-12 2.344180749150304810e-12
1.420722283370424724e-13 -4.739475702424971910e-12 -1.068122361246317801e-11 -2.527638718225597167e-12 -1.920404493809150023e-12 1.011592888259546061e-12 4.866664231526800971e-12 -7.622656922774445113e-13 1.015151546002894307e-12 5.880022089447340898e-13 -1.112289714544024620e-12 -6.858782728371876701e-13 -5.110003297507587001e-13 -1.051186903514390039e-12 -5.983116634186671242e-13 5.173620440522136449e-13 2.105237486252011231e-12 1.534886588180339277e-13 5.722734552529430458e-13 1.539530702803853495e-12 1.691321149224644963e-12 -6.961530630304539461e-14 1.873308819594443965e-13 2.999007244508361635e-13 2.344180749150304810e-12 5.877536943486938862e-12
