2.972092058597462224e-09 -1.135893841534132319e-10 -4.138855562257414522e-11 1.513645594098641319e-11 -9.793986797416408757e-11 6.254896692611389930e-11 1.362921347710467689e-11 -3.350155547516092004e-11 -5.823277008443921577e-11 2.921061960170715615e-11 3.212703598451715450e-11 2.707466006568914770e-11 5.765460245456277523e-11 5.596796607027829597e-11 7.622601517394446181e-11 7.160592982546382447e-12 2.854108865099035728e-11 1.094729987413923572e-11 2.326421093709976456e-11 2.504410390925979796e-11 2.986947535325899328e-11 1.744089791928686116e-11 4.473021117714101986e-12 -1.121676338648121145e-11 -9.488053653480415977e-12 -7.849587609886831142e-12
-1.135893841534132319e-10 2.175921926771864157e-09 1.019557275664247180e-10 2.591188297909821439e-11 3.899332414572020029e-11 3.896365254284116270e-11 -1.739655974149030735e-11 7.307551512032043533e-11 6.409618062747740430e-11 1.736545414825037251e-11 6.370025255681683660e-11 2.092454461000195802e-11 1.188398651640347878e-11 2.556610319760004664e-11 3.957971700554265172e-11 3.273351765368003558e-11 1.034874261259083728e-11 2.864542569860150112e-11 4.206975754147199453e-11 2.811493341724366391e-11 6.379599581231534202e-12 1.789714459618016116e-11 7.536091926177319493e-12 6.595834692445724249e-12 1.916116674017997892e-12 1.044897495624619397e-11
-4.138855562257414522e-11 1.019557275664247180e-10 1.401784056830091882e-09 4.062259244789518711e-11 7.642498071957042339e-11 -6.498211733009034494e-11 -2.331971826244158211e-11 4.698576483384945393e-11 2.500432494654235743e-11 3.530147225173747219e-11 -1.641265202274434946e-11 -3.442691677838013043e-11 -2.398859384027563268e-11 -1.043604740957260364e-11 -4.757654861895625623e-13 2.811308460288716794e-12 1.153686683373228045e-11 4.481953049386789409e-12 1.104744216722569219e-11 1.156599976634502877e-11 6.093174447007235220e-12 -7.966779460944045197e-12 -9.903344946007890368e-12 4.188259309101523783e-12 3.902720523127045852e-12 -5.113218702715708221e-13
1.513645594098641319e-11 2.591188297909821439e-11 4.062259244789518711e-11 8.084798216304570582e-10 1.033683134075531313e-10 2.550269539141150743e-11 6.023192247769118760e-11 4.831088519631682929e-11 -2.127709260527665142e-11 -1.137506105188573350e-11 2.193531734971818169e-13 1.372940961670296320e-11 3.819611133197071046e-12 -1.265891069215723508e-11 -1.031485303453778863e-11 -2.037817968110533783e-12 1.010820304247543627e-11 2.672616489848828592e-11 2.019120331988677591e-11 1.176081998900958882e-11 1.319764845902495238e-11 4.182781656641448707e-12 6.102199991825768258e-13 -1.480870393419530395e-11 -4.859828526971107846e-12 -5.815444407845968278e-12
-9.793986797416408757e-11 3.899332414572020029e-11 7.642498071957042339e-11 1.033683134075531313e-10 6.185317810476722244e-10 6.419442043622971520e-11 -3.471216220234228777e-11 -1.264390331964952254e-11 1.019957448130925720e-11 3.787977352141364079e-12 2.030323320077589455e-11 -2.513938197182857357e-12 2.160102920478841734e-11 1.637786682606392365e-11 1.095475197356622365e-11 2.961316370519901021e-12 -1.546269960152456385e-12 1.376234922543141930e-11 1.338586924154545013e-11 6.799687641845789973e-12 1.558303012008611395e-11 6.187764844565482196e-12 -2.659345354881028928e-12 -1.347996445928754715e-11 7.265440503138644821e-12 5.117283073343961330e-12
6.254896692611389930e-11 3.896365254284116270e-11 -6.498211733009034494e-11 2.550269539141150743e-11 6.419442043622971520e-11 3.894267882513699002e-10 4.912676262375438604e-11 4.551878578705200632e-12 2.805689540603050765e-11 1.389055668758863943e-11 -8.986363645096801876e-12 -1.298761242321607032e-12 -1.039485192137128768e-12 1.681443207774429917e-11 3.330207771903263213e-13 1.078977366638572502e-11 5.378221821176702871e-12 8.218324749043293707e-12 2.131882788375193270e-11 1.724775495635476651e-11 1.040148042768800909e-11 1.242667470040776358e-11 8.159417042448842970e-12 -1.669325838660685393e-12 -4.371116302956111362e-14 6.389339517739119295e-12
1.362921347710467689e-11 -1.739655974149030735e-11 -2.331971826244158211e-11 6.023192247769118760e-11 -3.471216220234228777e-11 4.912676262375438604e-11 3.042418938559403398e-10 5.485053649868152525e-11 1.736990840113261961e-11 1.245253036558923470e-11 -8.439387629483358594e-13 9.360069308919023377e-12 1.154676678037039767e-11 1.229910009519761840e-11 -1.317805757266446837e-12 6.922519035878825480e-12 8.664971317791373338e-12 7.583786949617919900e-12 -3.343396392883112809e-13 8.544540301573408225e-13 -2.080335190955952166e-12 -2.390622548433579649e-12 -9.223266443611031541e-13 -1.594096388433874772e-12 -1.779499953583123071e-12 2.224946443739115277e-12
-3.350155547516092004e-11 7.307551512032043533e-11 4.698576483384945393e-11 4.831088519631682929e-11 -1.264390331964952254e-11 4.551878578705200632e-12 5.485053649868152525e-11 2.147115802412083048e-10 5.418906211926631008e-11 3.043426670963317360e-11 -7.810388931304092879e-12 1.365715523189288434e-11 1.606095805813654225e-11 9.246123907347311042e-12 9.468611214123375752e-12 4.500287474962825500e-12 -2.197083885977324057e-12 -2.547460732848467110e-12 -1.775193359755883403e-12 -5.055325865543255698e-12 -1.325399054263062780e-11 -1.098264112066400888e-11 -4.354113273044562990e-12 1.932466501073893433e-12 6.091952321544573591e-12 5.302033776800549985e-12
-5.823277008443921577e-11 6.409618062747740430e-11 2.500432494654235743e-11 -2.127709260527665142e-11 1.019957448130925720e-11 2.805689540603050765e-11 1.736990840113261961e-11 5.418906211926631008e-11 1.404492045286890470e-10 3.062270420955111563e-11 1.250727452383428933e-11 1.322425118058611687e-11 1.662504433141643646e-11 7.357515500758682710e-12 -3.138506906899996500e-12 1.578298459459579287e-12 3.873897303260915146e-12 4.329734038697118439e-12 1.936505604078322406e-12 3.168074861623471511e-12 -1.338373011611713241e-12 -2.870043430306053957e-12 -5.246170394728427917e-12 -1.526306914826225774e-12 1.257438982284138091e-12 2.058689176209248303e-12
2.921061960170715615e-11 1.736545414825037251e-11 3.530147225173747219e-11 -1.137506105188573350e-11 3.787977352141364079e-12 1.389055668758863943e-11 1.245253036558923470e-11 3.043426670963317360e-11 3.062270420955111563e-11 1.035240579656887016e-10 3.403248043601843092e-11 2.730846585236653333e-11 1.002326643123353527e-11 5.045739023971380419e-12 1.673520487644278596e-12 -3.180849774308027969e-13 3.382259624305182780e-12 1.016283271584677536e-12 5.149294632438145804e-12 3.611819533037045948e-12 -2.839473385495304514e-12 -9.790282096270441903e-12 -1.400106682727375150e-12 -7.933074834395096597e-13 2.055632785268050612e-13 6.087740438313702091e-13
3.212703598451715450e-11 6.370025255681683660e-11 -1.641265202274434946e-11 2.193531734971818169e-13 2.030323320077589455e-11 -8.986363645096801876e-12 -8.439387629483358594e-13 -7.810388931304092879e-12 1.250727452383428933e-11 3.403248043601843092e-11 1.107012953628250891e-10 5.099762626922796492e-11 3.283268896083339154e-11 1.557818293243531957e-11 3.760359094146305165e-12 1.523527402792123505e-12 -6.920869427189832682e-13 1.942361892495553437e-12 6.060115139893501478e-12 8.962076752146212853e-12 4.925663598623614571e-12 2.223854324836842798e-12 2.120799943813977430e-12 -4.986016921849213547e-13 -3.260702700042031896e-12 1.144706459580625622e-12
2.707466006568914770e-11 2.092454461000195802e-11 -3.442691677838013043e-11 1.372940961670296320e-11 -2.513938197182857357e-12 -1.298761242321607032e-12 9.360069308919023377e-12 1.365715523189288434e-11 1.322425118058611687e-11 2.730846585236653333e-11 5.099762626922796492e-11 8.765631218559097395e-11 4.402940627405775986e-11 2.326176495576355385e-11 1.418049753069363783e-11 6.500117501439615914e-12 2.968590519330202649e-12 4.398739386313386334e-12 7.918305614788827237e-12 7.843792599627053756e-12 3.851088915939415856e-12 9.101569879109198508e-13 4.143930486379841519e-12 5.667112737868998927e-13 7.510795201294256467e-13 2.026244381786337328e-12
5.765460245456277523e-11 1.188398651640347878e-11 -2.398859384027563268e-11 3.819611133197071046e-12 2.160102920478841734e-11 -1.039485192137128768e-12 1.154676678037039767e-11 1.606095805813654225e-11 1.662504433141643646e-11 1.002326643123353527e-11 3.283268896083339154e-11 4.402940627405775986e-11 7.761945336404521210e-11 4.654312969791481545e-11 2.682620849661639003e-11 9.731979918334685106e-12 7.190032610399457737e-12 1.008433087367915312e-11 7.971908118432991947e-12 5.604375972460350032e-12 2.291991594620603275e-12 2.562380599053568232e-12 1.441797803594266892e-12 -9.135116083790069222e-13 1.682675495532099519e-12 2.241253558331038797e-12
5.596796607027829597e-11 2.556610319760004664e-11 -1.043604740957260364e-11 -1.265891069215723508e-11 1.637786682606392365e-11 1.681443207774429917e-11 1.229910009519761840e-11 9.246123907347311042e-12 7.357515500758682710e-12 5.045739023971380419e-12 1.557818293243531957e-11 2.326176495576355385e-11 4.654312969791481545e-11 7.012614088403780487e-11 4.129330606733779047e-11 2.288569632666757755e-11 1.298389801872739138e-11 1.054842494343482786e-11 2.582809410041885834e-12 -5.823129155572276713e-13 5.042598078453050967e-12 2.363093045085116079e-12 -3.514929408358387364e-12 7.572386158111402968e-13 3.376550721787503334e-12 3.464078916834013320e-12
7.622601517394446181e-11 3.957971700554265172e-11 -4.757654861895625623e-13 -1.031485303453778863e-11 1.095475197356622365e-11 3.330207771903263213e-13 -1.317805757266446837e-12 9.468611214123375752e-12 -3.138506906899996500e-12 1.673520487644278596e-12 3.760359094146305165e-12 1.418049753069363783e-11 2.682620849661639003e-11 4.129330606733779047e-11 5.575995027583156317e-11 2.870964077512582241e-11 1.622373444587113335e-11 8.523253026072667247e-12 -1.771049692510702230e-13 -1.551274949280989956e-12 7.077074244951397728e-13 -4.049053009671548812e-13 -2.771127958295451612e-12 6.022800788562297608e-13 2.730664892576458303e-12 3.064527375322569913e-12
7.160592982546382447e-12 3.273351765368003558e-11 2.811308460288716794e-12 -2.037817968110533783e-12 2.961316370519901021e-12 1.078977366638572502e-11 6.922519035878825480e-12 4.500287474962825500e-12 1.578298459459579287e-12 -3.180849774308027969e-13 1.523527402792123505e-12 6.500117501439615914e-12 9.731979918334685106e-12 2.288569632666757755e-11 2.870964077512582241e-11 4.925903650398218570e-11 2.695305616112248666e-11 1.054771485951188807e-11 2.387460156038181655e-14 -1.013177309538169345e-12 1.390506916922780784e-12 4.232292820365490446e-13 -3.083556883935523705e-12 1.221480533927646868e-13 -1.095916512223500790e-12 1.466220288646144113e-12
2.854108865099035728e-11 1.034874261259083728e-11 1.153686683373228045e-11 1.010820304247543627e-11 -1.546269960152456385e-12 5.378221821176702871e-12 8.664971317791373338e-12 -2.197083885977324057e-12 3.873897303260915146e-12 3.382259624305182780e-12 -6.920869427189832682e-13 2.968590519330202649e-12 7.190032610399457737e-12 1.298389801872739138e-11 1.622373444587113335e-11 2.695305616112248666e-11 4.766845103277235251e-11 2.915768729407228680e-11 8.095780311988714979e-12 3.567921978710372292e-12 3.865805424444616728e-12 4.245802190382366980e-12 3.347183484852123647e-12 1.370806325496498796e-12 -9.578298909151297694e-13 2.107252764343196211e-12
1.094729987413923572e-11 2.864542569860150112e-11 4.481953049386789409e-12 2.672616489848828592e-11 1.376234922543141930e-11 8.218324749043293707e-12 7.583786949617919900e-12 -2.547460732848467110e-12 4.329734038697118439e-12 1.016283271584677536e-12 1.942361892495553437e-12 4.398739386313386334e-12 1.008433087367915312e-11 1.054842494343482786e-11 8.523253026072667247e-12 1.054771485951188807e-11 2.915768729407228680e-11 4.310412265697873403e-11 2.098071105712511082e-11 8.082836328171939794e-12 6.374075804515799731e-12 7.616997661550419498e-12 4.737417907769414489e-12 7.776376411309917501e-13 1.002693914653601761e-12 2.244736105329598353e-12
2.326421093709976456e-11 4.206975754147199453e-11 1.104744216722569219e-11 2.019120331988677591e-11 1.338586924154545013e-11 2.131882788375193270e-11 -3.343396392883112809e-13 -1.775193359755883403e-12 1.936505604078322406e-12 5.149294632438145804e-12 6.060115139893501478e-12 7.918305614788827237e-12 7.971908118432991947e-12 2.582809410041885834e-12 -1.771049692510702230e-13 2.387460156038181655e-14 8.095780311988714979e-12 2.098071105712511082e-11 4.242818302611032477e-11 2.851165152423043088e-11 1.248866935008733820e-11 8.592494356289958886e-12 7.440566166486936919e-12 4.999595689315206007e-12 1.969472978078407770e-12 5.022036177060647350e-13
2.504410390925979796e-11 2.811493341724366391e-11 1.156599976634502877e-11 1.176081998900958882e-11 6.799687641845789973e-12 1.724775495635476651e-11 8.544540301573408225e-13 -5.055325865543255698e-12 3.168074861623471511e-12 3.611819533037045948e-12 8.962076752146212853e-12 7.843792599627053756e-12 5.604375972460350032e-12 -5.823129155572276713e-13 -1.551274949280989956e-12 -1.013177309538169345e-12 3.567921978710372292e-12 8.082836328171939794e-12 2.851165152423043088e-11 3.806934535326207973e-11 1.791281477011563078e-11 1.150544157432093682e-11 8.657843625769058921e-12 3.004724026020956603e-12 -1.283793640169863969e-12 -2.786806642406201674e-12
2.986947535325899328e-11 6.379599581231534202e-12 6.093174447007235220e-12 1.319764845902495238e-11 1.558303012008611395e-11 1.040148042768800909e-11 -2.080335190955952166e-12 -1.325399054263062780e-11 -1.338373011611713241e-12 -2.839473385495304514e-12 4.925663598623614571e-12 3.851088915939415856e-12 2.291991594620603275e-12 5.042598078453050967e-12 7.077074244951397728e-13 1.390506916922780784e-12 3.865805424444616728e-12 6.374075804515799731e-12 1.248866935008733820e-11 1.791281477011563078e-11 2.689934195303205828e-11 1.364803628894555664e-11 6.247235707921499061e-12 3.334020049077640700e-12 -1.702658262071911560e-12 -2.033740856329126273e-12
1.744089791928686116e-11 1.789714459618016116e-11 -7.966779460944045197e-12 4.182781656641448707e-12 6.187764844565482196e-12 1.242667470040776358e-11 -2.390622548433579649e-12 -1.098264112066400888e-11 -2.870043430306053957e-12 -9.790282096270441903e-12 2.223854324836842798e-12 9.101569879109198508e-13 2.562380599053568232e-12 2.363093045085116079e-12 -4.049053009671548812e-13 4.232292820365490446e-13 4.245802190382366980e-12 7.616997661550419498e-12 8.592494356289958886e-12 1.150544157432093682e-11 1.364803628894555664e-11 2.250863485810869035e-11 1.090188823617526126e-11 1.884776909012500522e-12 -7.080322594029197235e-13 -1.988060223616772304e-12
4.473021117714101986e-12 7.536091926177319493e-12 -9.903344946007890368e-12 6.102199991825768258e-13 -2.659345354881028928e-12 8.159417042448842970e-12 -9.223266443611031541e-13 -4.354113273044562990e-12 -5.246170394728427917e-12 -1.400106682727375150e-12 2.120799943813977430e-12 4.143930486379841519e-12 1.441797803594266892e-12 -3.514929408358387364e-12 -2.771127958295451612e-12 -3.083556883935523705e-12 3.347183484852123647e-12 4.737417907769414489e-12 7.440566166486936919e-12 8.657843625769058921e-12 6.247235707921499061e-12 1.090188823617526126e-11 1.804083988809005325e-11 4.663965686332329857e-12 -1.201685157032131513e-12 -1.663032148647791194e-12
-1.121676338648121145e-11 6.595834692445724249e-12 4.188259309101523783e-12 -1.480870393419530395e-11 -1.347996445928754715e-11 -1.669325838660685393e-12 -1.594096388433874772e-12 1.932466501073893433e-12 -1.526306914826225774e-12 -7.933074834395096597e-13 -4.986016921849213547e-13 5.667112737868998927e-13 -9.135116083790069222e-13 7.572386158111402968e-13 6.022800788562297608e-13 1.221480533927646868e-13 1.370806325496498796e-12 7.776376411309917501e-13 4.999595689315206007e-12 3.004724026020956603e-12 3.334020049077640700e-12 1.884776909012500522e-12 4.663965686332329857e-12 1.279406677333019496e-11 1.918454198569973722e-12 1.183328218098127251e-13
-9.488053653480415977e-12 1.916116674017997892e-12 3.902720523127045852e-12 -4.859828526971107846e-12 7.265440503138644821e-12 -4.371116302956111362e-14 -1.779499953583123071e-12 6.091952321544573591e-12 1.257438982284138091e-12 2.055632785268050612e-13 -3.260702700042031896e-12 7.510795201294256467e-13 1.682675495532099519e-12 3.376550721787503334e-12 2.730664892576458303e-12 -1.095916512223500790e-12 -9.578298909151297694e-13 1.002693914653601761e-12 1.969472978078407770e-12 -1.283793640169863969e-12 -1.702658262071911560e-12 -7.080322594029197235e-13 -1.201685157032131513e-12 1.918454198569973722e-12 9.395882474654298241e-12 2.446083913070250812e-12
-7.849587609886831142e-12 1.044897495624619397e-11 -5.113218702715708221e-13 -5.815444407845968278e-12 5.117283073343961330e-12 6.389339517739119295e-12 2.224946443739115277e-12 5.302033776800549985e-12 2.058689176209248303e-12 6.087740438313702091e-13 1.144706459580625622e-12 2.026244381786337328e-12 2.241253558331038797e-12 3.464078916834013320e-12 3.064527375322569913e-12 1.466220288646144113e-12 2.107252764343196211e-12 2.244736105329598353e-12 5.022036177060647350e-13 -2.786806642406201674e-12 -2.033740856329126273e-12 -1.988060223616772304e-12 -1.663032148647791194e-12 1.183328218098127251e-13 2.446083913070250812e-12 7.652463884269627176e-12
