6.121221076989407024e-09 5.588088291414286235e-10 9.672760132886697151e-12 -1.787415974393495175e-10 -1.680293459661498929e-10 2.388009452249972509e-11 8.088654121344425522e-11 1.199706648692962250e-10 1.092080469728863060e-10 2.554947048494783283e-11 1.267030163799731389e-10 4.821275475319300404e-11 -2.156311958046979609e-11 1.865844860052876180e-11 4.656993801989895755e-12 -5.385307064058879179e-11 -2.917320103275634650e-11 9.868661471199316041e-12 7.963058355835872772e-12 -2.188117048025868202e-11 9.392724717936495822e-12 3.526692613438518481e-11 9.531421744467717505e-12 2.479871220103803807e-11 2.657517839901543429e-11 7.414761425187512936e-12
5.588088291414286235e-10 3.475821314503847001e-09 2.562991747580571978e-10 -2.487643420024813493e-10 1.257004355026827912e-10 1.124694322533905170e-10 7.600391467594633470e-11 2.685884418225279138e-11 4.094849345166627063e-11 3.603849612159263884e-11 -1.214706464226613431e-10 -5.871126306652571208e-11 1.084386166673601368e-11 -1.542932585894164681e-11 -3.495737195479111859e-11 -2.953839771567342927e-11 3.391665303060651408e-11 2.904259470214667186e-11 3.631613668032115967e-11 5.867651621966330929e-12 8.647599473122240362e-12 1.147088052395193186e-11 4.184537154840036349e-12 1.111851947609009345e-11 -3.171082106662008302e-12 8.302947147271274793e-12
9.672760132886697151e-12 2.562991747580571978e-10 2.344771858019388374e-09 3.462662384875030653e-12 -1.870297158907415808e-10 -9.101712170144045950e-11 -8.587301213677403336e-11 1.114764739657340005e-11 1.236207382057806111e-11 9.042560763291121828e-11 -2.338443743220564725e-11 -1.621356887868018885e-11 -3.259579448559886446e-11 -3.204871722323288412e-11 -3.090210762102558671e-11 -4.421820044537179866e-11 -1.500871458592174423e-11 1.166044364329358232e-11 2.704311550959770133e-12 -3.410328263520433386e-11 -4.599035014861951099e-11 -4.022268798120069065e-11 -2.263422959013834945e-12 1.692275172908894860e-12 3.525582791025422770e-12 9.654564844091365261e-12
-1.787415974393495175e-10 -2.487643420024813493e-10 3.462662384875030653e-12 1.476163104767147495e-09 -5.468717746359412991e-12 1.711639791635364599e-10 2.139373345923804187e-11 2.347156685042906977e-11 -2.918272509392832223e-11 3.956372469638139184e-12 1.440137476163556070e-11 6.365746760752300410e-12 1.017769971360508298e-11 -4.569501915903290601e-12 1.423440299723744710e-11 4.224021494755490807e-12 1.270945950632856617e-12 -1.400608243118610719e-11 1.812748829283592823e-11 6.028299360233208574e-12 1.299888118478704582e-11 2.883282253263009064e-11 7.550262478391356092e-12 -4.372099793485130954e-12 -2.247288624699148417e-12 1.148484657361715185e-11
-1.680293459661498929e-10 1.257004355026827912e-10 -1.870297158907415808e-10 -5.468717746359412991e-12 1.059230488519528872e-09 8.154713394208647976e-11 4.245288255989795052e-11 -6.334177997644700578e-11 5.742989554143129595e-11 4.986247998568992384e-11 -7.686393745935200816e-13 1.177297043446006553e-11 3.152745558858310912e-11 3.187607113534643018e-11 2.341276376870459963e-11 3.544558574356423494e-11 4.271094706244341628e-11 2.146618390409536672e-11 6.754847620685591000e-12 1.396583322738980953e-11 1.478455349837917962e-11 1.852534409303916877e-11 5.168422505233173224e-12 1.699847444437023067e-11 -1.474121460491082486e-11 7.766862275898182423e-12
2.388009452249972509e-11 1.124694322533905170e-10 -9.101712170144045950e-11 1.711639791635364599e-10 8.154713394208647976e-11 7.936098982117575059e-10 9.218103515310109688e-11 7.586901272465643895e-11 -1.606256399166550713e-12 8.672429492019427031e-12 -1.346284479141263937e-11 1.172611107284225193e-11 -1.047989637927104827e-11 -3.995857504265353103e-11 -2.172555534262495491e-11 -1.068965028060410983e-11 -6.959974219624834062e-12 -9.250043513005112552e-12 2.077831445077862443e-12 6.910933375196206844e-12 1.946565991928208134e-11 1.340292268402939526e-11 1.358057994972284305e-11 3.141140450828905191e-12 -1.041082830124650081e-11 1.572884276529485733e-12
8.088654121344425522e-11 7.600391467594633470e-11 -8.587301213677403336e-11 2.139373345923804187e-11 4.245288255989795052e-11 9.218103515310109688e-11 4.648164118330220908e-10 8.418949482314323531e-11 4.762911693617036448e-11 3.043927983853895685e-11 2.605166023671879155e-11 -1.456544304409722534e-11 -1.399254743945420039e-11 -5.136431635729274387e-12 5.240090201496103009e-12 4.389423852748221042e-12 1.472642207626287271e-11 3.849820669760632178e-12 3.792305430089388064e-12 -1.969946271206719724e-12 5.138260015796928226e-12 -6.000370343435917143e-12 -5.531516337825929505e-12 -5.487725781269205970e-12 -2.963214641725319453e-12 -1.580496453135482588e-12
1.199706648692962250e-10 2.685884418225279138e-11 1.114764739657340005e-11 2.347156685042906977e-11 -6.334177997644700578e-11 7.586901272465643895e-11 8.418949482314323531e-11 3.716262750419489546e-10 4.639380098236083656e-11 2.388671977056857222e-11 -7.289839131861170624e-12 -1.029436758264980437e-11 -6.808500213660573214e-12 2.279401975234694011e-12 -2.293931793355086412e-12 5.637598775062618773e-12 8.506375440407294427e-12 1.738607430939655134e-12 1.702921428121234969e-12 -3.410909844044360747e-13 -1.302387980763363459e-12 -6.079058359638361010e-12 -2.194408451490974021e-13 -2.210223978450075136e-12 1.214680527165205364e-12 -1.799933376154214742e-12
1.092080469728863060e-10 4.094849345166627063e-11 1.236207382057806111e-11 -2.918272509392832223e-11 5.742989554143129595e-11 -1.606256399166550713e-12 4.762911693617036448e-11 4.639380098236083656e-11 2.113046918547700685e-10 4.340592416253717877e-11 3.025622799474019867e-11 4.948996386157358992e-12 -9.441072248175546899e-12 -4.045364015439464193e-12 1.391452107879103184e-13 -1.133093635037076644e-12 1.362054947042937178e-11 5.986191193851663692e-12 3.906257879331411667e-12 -4.033749230266371194e-12 7.689727330664589039e-13 -8.327251682169751580e-13 -6.033560130318218063e-12 -5.526649036787185521e-13 -2.576933568487102217e-12 3.474297894345924304e-13
2.554947048494783283e-11 3.603849612159263884e-11 9.042560763291121828e-11 3.956372469638139184e-12 4.986247998568992384e-11 8.672429492019427031e-12 3.043927983853895685e-11 2.388671977056857222e-11 4.340592416253717877e-11 1.701999166131545512e-10 3.267847811982699021e-11 3.319987334221262313e-11 8.876264717900886260e-12 1.320462073485661263e-11 1.153885164335046550e-11 1.839600641476407940e-11 1.024019129054818090e-11 8.889572026312467862e-12 8.843017887313313666e-12 8.363416487462643499e-12 -9.544799537352265075e-13 2.765191821921513759e-12 -5.330064707311789007e-12 -5.952557297899735806e-12 6.647098887900589862e-13 2.539194910656063576e-12
1.267030163799731389e-10 -1.214706464226613431e-10 -2.338443743220564725e-11 1.440137476163556070e-11 -7.686393745935200816e-13 -1.346284479141263937e-11 2.605166023671879155e-11 -7.289839131861170624e-12 3.025622799474019867e-11 3.267847811982699021e-11 1.399915291359511371e-10 1.793396227045045186e-11 7.842428400071181176e-12 2.474027422412760635e-12 4.931917424688698553e-12 1.481223133302848229e-12 -9.283462732096591355e-12 8.941569885305594820e-13 -1.576962768991539768e-11 -9.365566395520681666e-12 -5.404236776439472949e-12 2.259947745314245379e-12 -1.757680225352528754e-12 -5.288539818310872206e-12 -7.455670744816936471e-13 3.617021543239620427e-12
4.821275475319300404e-11 -5.871126306652571208e-11 -1.621356887868018885e-11 6.365746760752300410e-12 1.177297043446006553e-11 1.172611107284225193e-11 -1.456544304409722534e-11 -1.029436758264980437e-11 4.948996386157358992e-12 3.319987334221262313e-11 1.793396227045045186e-11 9.401010408262516070e-11 3.095257619299971386e-11 1.537742287114719523e-11 8.916376703942769853e-12 1.058551269943946249e-11 -2.957802136181000131e-12 7.807640829206296125e-13 -5.355426361202291804e-13 -1.863596047493352744e-12 -1.587825268804019332e-13 5.651466566757299073e-12 1.770975830047587370e-12 -1.952972916696456857e-12 1.176225743390495405e-12 4.536349147698660111e-13
-2.156311958046979609e-11 1.084386166673601368e-11 -3.259579448559886446e-11 1.017769971360508298e-11 3.152745558858310912e-11 -1.047989637927104827e-11 -1.399254743945420039e-11 -6.808500213660573214e-12 -9.441072248175546899e-12 8.876264717900886260e-12 7.842428400071181176e-12 3.095257619299971386e-11 6.903038640593318216e-11 2.893665131034766256e-11 1.580179984702795934e-11 1.112335863926832473e-11 2.483077630059536045e-12 3.197060580956668995e-12 5.438769753995238854e-12 7.403314082037847951e-13 -3.986775647781133663e-12 3.119911302433538831e-12 9.036964335150260362e-13 9.621016636285100903e-13 9.660673695841004126e-13 1.319693138422249835e-12
1.865844860052876180e-11 -1.542932585894164681e-11 -3.204871722323288412e-11 -4.569501915903290601e-12 3.187607113534643018e-11 -3.995857504265353103e-11 -5.136431635729274387e-12 2.279401975234694011e-12 -4.045364015439464193e-12 1.320462073485661263e-11 2.474027422412760635e-12 1.537742287114719523e-11 2.893665131034766256e-11 5.987263678502629194e-11 3.237120726348424374e-11 1.831920610544381619e-11 1.197879436099039719e-11 9.576450643827569005e-12 8.637588266698323251e-12 1.749663249365844585e-12 -1.312897030033263658e-12 1.760250651604631250e-13 1.086942065342969268e-12 -1.587818640662984389e-12 1.042869869589864691e-12 9.236483989137398891e-14
4.656993801989895755e-12 -3.495737195479111859e-11 -3.090210762102558671e-11 1.423440299723744710e-11 2.341276376870459963e-11 -2.172555534262495491e-11 5.240090201496103009e-12 -2.293931793355086412e-12 1.391452107879103184e-13 1.153885164335046550e-11 4.931917424688698553e-12 8.916376703942769853e-12 1.580179984702795934e-11 3.237120726348424374e-11 6.191191186372600198e-11 2.954243102173751480e-11 1.613112587565930313e-11 9.984181983076304232e-12 1.003471862325688073e-11 2.608457211953005798e-12 2.057087679716118102e-12 1.177041931170236146e-12 2.563912176776235637e-12 -9.038483020792457819e-14 1.024353926835363344e-12 7.306646657133660590e-13
-5.385307064058879179e-11 -2.953839771567342927e-11 -4.421820044537179866e-11 4.224021494755490807e-12 3.544558574356423494e-11 -1.068965028060410983e-11 4.389423852748221042e-12 5.637598775062618773e-12 -1.133093635037076644e-12 1.839600641476407940e-11 1.481223133302848229e-12 1.058551269943946249e-11 1.112335863926832473e-11 1.831920610544381619e-11 2.954243102173751480e-11 4.742040600195226055e-11 2.774976098786607998e-11 1.420043427550008354e-11 1.124653093936912393e-11 8.474073510001429538e-12 5.358859749003804644e-12 3.094259494444610475e-12 1.987902875438493456e-12 -2.035616908363719292e-12 -1.296311870681722220e-12 -1.427520479312007848e-13
-2.917320103275634650e-11 3.391665303060651408e-11 -1.500871458592174423e-11 1.270945950632856617e-12 4.271094706244341628e-11 -6.959974219624834062e-12 1.472642207626287271e-11 8.506375440407294427e-12 1.362054947042937178e-11 1.024019129054818090e-11 -9.283462732096591355e-12 -2.957802136181000131e-12 2.483077630059536045e-12 1.197879436099039719e-11 1.613112587565930313e-11 2.774976098786607998e-11 4.760491744254079787e-11 2.193178648601616863e-11 1.357810456897894938e-11 6.123942714509715882e-12 9.009554684519576362e-13 -2.660507159000883754e-12 -2.697241611576301837e-12 1.659879427015066360e-12 -2.726375921114512449e-13 -4.360908082788071538e-14
9.868661471199316041e-12 2.904259470214667186e-11 1.166044364329358232e-11 -1.400608243118610719e-11 2.146618390409536672e-11 -9.250043513005112552e-12 3.849820669760632178e-12 1.738607430939655134e-12 5.986191193851663692e-12 8.889572026312467862e-12 8.941569885305594820e-13 7.807640829206296125e-13 3.197060580956668995e-12 9.576450643827569005e-12 9.984181983076304232e-12 1.420043427550008354e-11 2.193178648601616863e-11 3.922542212652517514e-11 2.261213375153785381e-11 1.163332042879185994e-11 3.675637585149189553e-12 2.025706550488625732e-12 1.245753347210517292e-12 2.055680413137520192e-12 1.631225055007411224e-13 -2.870539508877645362e-12
7.963058355835872772e-12 3.631613668032115967e-11 2.704311550959770133e-12 1.812748829283592823e-11 6.754847620685591000e-12 2.077831445077862443e-12 3.792305430089388064e-12 1.702921428121234969e-12 3.906257879331411667e-12 8.843017887313313666e-12 -1.576962768991539768e-11 -5.355426361202291804e-13 5.438769753995238854e-12 8.637588266698323251e-12 1.003471862325688073e-11 1.124653093936912393e-11 1.357810456897894938e-11 2.261213375153785381e-11 4.068727349088975925e-11 1.986645601866645927e-11 6.107274432855898882e-12 4.284997067000351993e-12 1.071119477186575092e-12 6.272446335500717285e-13 -1.019178861004044120e-12 -2.097088277136449717e-12
-2.188117048025868202e-11 5.867651621966330929e-12 -3.410328263520433386e-11 6.028299360233208574e-12 1.396583322738980953e-11 6.910933375196206844e-12 -1.969946271206719724e-12 -3.410909844044360747e-13 -4.033749230266371194e-12 8.363416487462643499e-12 -9.365566395520681666e-12 -1.863596047493352744e-12 7.403314082037847951e-13 1.749663249365844585e-12 2.608457211953005798e-12 8.474073510001429538e-12 6.123942714509715882e-12 1.163332042879185994e-11 1.986645601866645927e-11 3.757678094064576897e-11 1.606761501312232103e-11 7.706572769618645596e-12 -1.002746855337764325e-12 1.853776411383575322e-12 6.463776968251248074e-13 -1.291921616743450713e-13
9.392724717936495822e-12 8.647599473122240362e-12 -4.599035014861951099e-11 1.299888118478704582e-11 1.478455349837917962e-11 1.946565991928208134e-11 5.138260015796928226e-12 -1.302387980763363459e-12 7.689727330664589039e-13 -9.544799537352265075e-13 -5.404236776439472949e-12 -1.587825268804019332e-13 -3.986775647781133663e-12 -1.312897030033263658e-12 2.057087679716118102e-12 5.358859749003804644e-12 9.009554684519576362e-13 3.675637585149189553e-12 6.107274432855898882e-12 1.606761501312232103e-11 3.033501694754177066e-11 1.446772694212926100e-11 5.257350232998268784e-12 2.860219737055028483e-12 8.193268283533064839e-13 -1.796962402510463898e-12
3.526692613438518481e-11 1.147088052395193186e-11 -4.022268798120069065e-11 2.883282253263009064e-11 1.852534409303916877e-11 1.340292268402939526e-11 -6.000370343435917143e-12 -6.079058359638361010e-12 -8.327251682169751580e-13 2.765191821921513759e-12 2.259947745314245379e-12 5.651466566757299073e-12 3.119911302433538831e-12 1.760250651604631250e-13 1.177041931170236146e-12 3.094259494444610475e-12 -2.660507159000883754e-12 2.025706550488625732e-12 4.284997067000351993e-12 7.706572769618645596e-12 1.446772694212926100e-11 2.518739555155075014e-11 1.168151524362723999e-11 3.916706076346415307e-12 -8.767402721633488947e-13 -1.609515246362214234e-12
9.531421744467717505e-12 4.184537154840036349e-12 -2.263422959013834945e-12 7.550262478391356092e-12 5.168422505233173224e-12 1.358057994972284305e-11 -5.531516337825929505e-12 -2.194408451490974021e-13 -6.033560130318218063e-12 -5.330064707311789007e-12 -1.757680225352528754e-12 1.770975830047587370e-12 9.036964335150260362e-13 1.086942065342969268e-12 2.563912176776235637e-12 1.987902875438493456e-12 -2.697241611576301837e-12 1.245753347210517292e-12 1.071119477186575092e-12 -1.002746855337764325e-12 5.257350232998268784e-12 1.168151524362723999e-11 2.042332079977798593e-11 6.653991322134061880e-12 -6.718087805854725049e-13 -6.258000254216880667e-13
2.479871220103803807e-11 1.111851947609009345e-11 1.692275172908894860e-12 -4.372099793485130954e-12 1.699847444437023067e-11 3.141140450828905191e-12 -5.487725781269205970e-12 -2.210223978450075136e-12 -5.526649036787185521e-13 -5.952557297899735806e-12 -5.288539818310872206e-12 -1.952972916696456857e-12 9.621016636285100903e-13 -1.587818640662984389e-12 -9.038483020792457819e-14 -2.035616908363719292e-12 1.659879427015066360e-12 2.055680413137520192e-12 6.272446335500717285e-13 1.853776411383575322e-12 2.860219737055028483e-12 3.916706076346415307e-12 6.653991322134061880e-12 1.298561677616143015e-11 1.530009507886626499e-12 6.445010031510485190e-13
2.657517839901543429e-11 -3.171082106662008302e-12 3.525582791025422770e-12 -2.247288624699148417e-12 -1.474121460491082486e-11 -1.041082830124650081e-11 -2.963214641725319453e-12 1.214680527165205364e-12 -2.576933568487102217e-12 6.647098887900589862e-13 -7.455670744816936471e-13 1.176225743390495405e-12 9.660673695841004126e-13 1.042869869589864691e-12 1.024353926835363344e-12 -1.296311870681722220e-12 -2.726375921114512449e-13 1.631225055007411224e-13 -1.019178861004044120e-12 6.463776968251248074e-13 8.193268283533064839e-13 -8.767402721633488947e-13 -6.718087805854725049e-13 1.530009507886626499e-12 7.013119489105761149e-12 2.377254979551185936e-12
7.414761425187512936e-12 8.302947147271274793e-12 9.654564844091365261e-12 1.148484657361715185e-11 7.766862275898182423e-12 1.572884276529485733e-12 -1.580496453135482588e-12 -1.799933376154214742e-12 3.474297894345924304e-13 2.539194910656063576e-12 3.617021543239620427e-12 4.536349147698660111e-13 1.319693138422249835e-12 9.236483989137398891e-14 7.306646657133660590e-13 -1.427520479312007848e-13 -4.360908082788071538e-14 -2.870539508877645362e-12 -2.097088277136449717e-12 -1.291921616743450713e-13 -1.796962402510463898e-12 -1.609515246362214234e-12 -6.258000254216880667e-13 6.445010031510485190e-13 2.377254979551185936e-12 7.770652262748754280e-12
