3.021565371629936021e-09 1.752283563582368592e-10 2.132963611716499508e-11 2.882704358543716056e-11 -7.594620272552373257e-11 -2.252882035237841358e-11 1.076458374280709417e-11 6.394560860970374886e-12 2.710118917025424297e-11 6.844163912850273535e-11 -3.034885647899214527e-11 -7.389203181679885519e-11 5.222397617907693130e-12 -2.566907686967703594e-11 -2.187166697947951392e-11 -1.652916518925924997e-11 -1.037842666516759116e-11 -1.394740036335743807e-11 1.352196815015862413e-11 -4.263707802703066861e-12 3.707585805181384188e-12 -1.416022835338258587e-11 -2.826372884283378389e-12 -4.980855870011494137e-12 1.116998248038211512e-12 1.746152017086952309e-12
1.752283563582368592e-10 2.027904885572681274e-09 6.039370859474683397e-11 7.788983219858388172e-11 -8.426555153323795090e-13 2.031902956983658459e-12 1.539244219254696924e-11 -2.735762188508917462e-11 -3.162838721678123068e-11 -2.903373373145236567e-11 1.354277829364878932e-12 7.101284574605381558e-12 -6.065116275984347130e-12 -2.074336205673224988e-11 1.867938146038085208e-11 -2.717444704577262957e-12 -7.935200085360486848e-12 1.311023864923227876e-11 1.384991569289468410e-11 2.405992306069360242e-12 -2.047810125790969657e-12 -3.877545767588686032e-12 6.614739274752073745e-12 -1.229932765099524057e-11 -4.725637414204102898e-12 -7.171057604270909772e-12
2.132963611716499508e-11 6.039370859474683397e-11 1.274303505302122792e-09 -8.720087456628851347e-11 8.739633247562888352e-11 2.088247915634092546e-11 -1.792774218483648222e-11 5.796671716334002048e-11 -2.297106454588339176e-11 -1.106220034105355585e-11 7.212247109448404946e-13 -8.751117719264906674e-12 1.155673533990191401e-11 7.340251718464804374e-12 -7.960119567949118689e-13 1.797018617767744026e-11 7.399340029198831260e-12 -8.171773290024499395e-12 -7.085259281558009902e-12 1.335218251771051771e-11 7.476279411958667027e-12 8.730903593590419715e-12 5.730905298932699494e-13 2.161923053564802992e-12 -7.132249475657766235e-12 -5.444488760096217633e-12
2.882704358543716056e-11 7.788983219858388172e-11 -8.720087456628851347e-11 7.999330679056479384e-10 5.123627040177379307e-11 2.467294959159343812e-11 1.549463976859099510e-11 7.288709365968984640e-12 -1.186544910177046214e-11 -1.506496845201934951e-11 -2.947161355737478317e-12 -1.094877689745639008e-12 3.547986856660274024e-12 -1.643092696211183177e-12 -8.467838087260596342e-12 -6.816876147621762164e-12 -3.098660252263779866e-12 -1.504599302783583396e-12 -1.222868307664422757e-11 -1.089800997442569423e-11 1.249309296427298745e-11 6.958793267979306116e-12 4.908702776977110967e-12 -1.454473809278581395e-12 2.123694091884166448e-12 -2.525449778707747208e-12
-7.594620272552373257e-11 -8.426555153323795090e-13 8.739633247562888352e-11 5.123627040177379307e-11 5.211668919239419423e-10 9.997019641054390508e-11 -1.343682083096384839e-12 1.393654244855918719e-11 -3.886068539441908860e-12 1.350939573793890750e-11 -1.203431864621915572e-11 -4.877662551627686161e-12 -1.243398703878132127e-11 -4.871233898414619362e-12 4.108185136369423945e-12 -5.223054240680212255e-12 3.514452111074847617e-12 -3.771501178476182304e-13 -4.521256209743854694e-12 1.061196320354422475e-12 5.152522199931865035e-12 -5.319241517540951467e-13 -2.739834523074470387e-12 2.407529928024106382e-12 -2.808050426337130774e-12 -2.429047953026108664e-12
-2.252882035237841358e-11 2.031902956983658459e-12 2.088247915634092546e-11 2.467294959159343812e-11 9.997019641054390508e-11 3.716111180112175603e-10 5.553057607164778434e-11 3.821901671493171771e-11 1.742536444715950633e-11 2.501702072054549304e-11 -2.865763379731258259e-12 -3.712390296599056068e-12 1.108863886400855251e-11 5.562410833183290929e-12 1.065496821532147264e-11 8.302072300728226405e-12 7.096548240724739264e-12 8.963592877006112128e-13 -2.284954712745673618e-12 -5.897857735314814176e-12 2.464990186965954837e-12 3.863757414357363594e-12 4.811966807388142480e-12 -5.937161243011338647e-13 -2.642271115621187160e-12 -6.335470056158591792e-13
1.076458374280709417e-11 1.539244219254696924e-11 -1.792774218483648222e-11 1.549463976859099510e-11 -1.343682083096384839e-12 5.553057607164778434e-11 2.912120159243804367e-10 5.365674448868347452e-11 -1.923051064864668424e-11 1.951237100246843716e-11 1.444363054592738538e-11 9.995037412892443796e-13 9.869973212370177108e-12 1.231236730110921853e-12 1.956531014704395664e-12 5.156430908307933265e-12 1.095483886797273836e-12 -2.007839946038992753e-12 -6.902768865426676715e-13 -1.100103861725333175e-12 -1.931338904589594563e-12 9.276088729164912525e-13 -1.520342443858465027e-12 -2.487343805078675657e-12 3.299806801638410556e-12 3.937332313832433545e-12
6.394560860970374886e-12 -2.735762188508917462e-11 5.796671716334002048e-11 7.288709365968984640e-12 1.393654244855918719e-11 3.821901671493171771e-11 5.365674448868347452e-11 1.913570899179006303e-10 1.200446095406223599e-11 1.683423412020678462e-11 7.378653495657995950e-12 -2.738929576889217996e-12 8.641943580627455386e-12 6.831841397495790363e-12 7.113150556975467645e-12 6.025540544005156443e-12 5.118288911910309659e-12 3.445765441139862842e-12 8.551304163824577991e-12 2.264264707333724518e-12 3.061075701363419892e-12 6.189727353646258392e-12 -1.381810763642914586e-12 8.538561096792021675e-13 8.587607535133114150e-13 -3.510658101833715652e-12
2.710118917025424297e-11 -3.162838721678123068e-11 -2.297106454588339176e-11 -1.186544910177046214e-11 -3.886068539441908860e-12 1.742536444715950633e-11 -1.923051064864668424e-11 1.200446095406223599e-11 1.123100412364193623e-10 2.131718189420471016e-11 1.260034927691687082e-11 1.173717799856679360e-12 1.126444758236905596e-11 6.173390328935995559e-12 3.242860842009376984e-12 4.675726177076735603e-12 -1.563279136911799496e-13 -1.232905468395280531e-13 -7.045166687141339722e-13 2.132386940186580659e-12 4.615060020176142718e-12 4.394418235515228954e-12 2.684910870780017559e-12 1.229714584442929520e-12 -4.696353227293583542e-13 4.073591696722572770e-13
6.844163912850273535e-11 -2.903373373145236567e-11 -1.106220034105355585e-11 -1.506496845201934951e-11 1.350939573793890750e-11 2.501702072054549304e-11 1.951237100246843716e-11 1.683423412020678462e-11 2.131718189420471016e-11 8.293315095288429118e-11 8.446134936426598356e-12 8.045849169672016200e-12 -5.386629218577449431e-12 2.223933277811176208e-12 4.242843822037869835e-16 2.418616809907799557e-12 2.506717413902875061e-12 -3.820320574201334047e-12 -2.827703882043908783e-13 2.867524502637265915e-13 -9.775029312757313561e-13 5.637612625101024024e-13 -1.094382386906387437e-12 -1.863675559522952999e-12 -1.219954954136992672e-12 -2.361627859511035144e-13
-3.034885647899214527e-11 1.354277829364878932e-12 7.212247109448404946e-13 -2.947161355737478317e-12 -1.203431864621915572e-11 -2.865763379731258259e-12 1.444363054592738538e-11 7.378653495657995950e-12 1.260034927691687082e-11 8.446134936426598356e-12 6.282054471566198343e-11 1.773642617233530632e-11 6.595271711451573420e-12 3.265779251892897229e-12 6.006476835391067749e-12 2.624323758677231268e-12 -3.585031335636962964e-13 -1.470975278433594772e-12 5.072037161230265685e-13 5.404386219848125475e-13 -2.176912335178726826e-12 1.325366948517564400e-12 1.052268249126790621e-12 2.952517170575651535e-13 7.470027183503392880e-13 -4.732804479470758888e-13
-7.389203181679885519e-11 7.101284574605381558e-12 -8.751117719264906674e-12 -1.094877689745639008e-12 -4.877662551627686161e-12 -3.712390296599056068e-12 9.995037412892443796e-13 -2.738929576889217996e-12 1.173717799856679360e-12 8.045849169672016200e-12 1.773642617233530632e-11 4.951535557559551736e-11 1.080645538833042041e-11 7.580936439161381931e-12 1.662009842322929483e-12 9.336651685430205053e-13 -4.276593840777883164e-12 -2.859533103173776704e-12 -3.617763640830904668e-12 -1.248775950064491957e-12 -2.989784599726920577e-12 3.676283264350155974e-13 -4.633365664215390430e-13 -8.105718693225072488e-13 -2.233399877062173469e-12 -2.140762028598962089e-12
5.222397617907693130e-12 -6.065116275984347130e-12 1.155673533990191401e-11 3.547986856660274024e-12 -1.243398703878132127e-11 1.108863886400855251e-11 9.869973212370177108e-12 8.641943580627455386e-12 1.126444758236905596e-11 -5.386629218577449431e-12 6.595271711451573420e-12 1.080645538833042041e-11 3.841982496708588629e-11 1.376699295275615992e-11 6.398037157265942020e-12 5.007993163332110736e-12 7.940729634759749373e-13 4.309082513910600316e-13 -1.047744837867286874e-12 1.535441752858021925e-13 5.480150939839470301e-13 1.476915386141616655e-12 2.428546973730556178e-14 4.023970150597410754e-13 -4.000161093027253683e-13 1.721578990309019171e-13
-2.566907686967703594e-11 -2.074336205673224988e-11 7.340251718464804374e-12 -1.643092696211183177e-12 -4.871233898414619362e-12 5.562410833183290929e-12 1.231236730110921853e-12 6.831841397495790363e-12 6.173390328935995559e-12 2.223933277811176208e-12 3.265779251892897229e-12 7.580936439161381931e-12 1.376699295275615992e-11 2.636687847681484755e-11 1.024948515892447769e-11 4.098736332270286557e-12 2.810180779866426823e-13 1.085296709941467510e-12 -9.364447237151173905e-13 6.722263168826009423e-13 -1.454266570017740481e-13 1.704998534913099131e-12 1.402704714564450115e-12 1.223347834621704492e-12 6.162082915606716097e-13 -8.505485137416164721e-13
-2.187166697947951392e-11 1.867938146038085208e-11 -7.960119567949118689e-13 -8.467838087260596342e-12 4.108185136369423945e-12 1.065496821532147264e-11 1.956531014704395664e-12 7.113150556975467645e-12 3.242860842009376984e-12 4.242843822037869835e-16 6.006476835391067749e-12 1.662009842322929483e-12 6.398037157265942020e-12 1.024948515892447769e-11 2.513313877919475706e-11 8.988848353587980190e-12 5.799224398925020751e-12 3.912252721422330733e-12 2.155545516477104856e-12 2.436962649563055638e-12 2.549779744343507461e-12 1.778598684709276956e-12 9.120668281165149937e-13 -6.371494654305305254e-13 -4.581301963876245548e-14 -1.526880384548970838e-12
-1.652916518925924997e-11 -2.717444704577262957e-12 1.797018617767744026e-11 -6.816876147621762164e-12 -5.223054240680212255e-12 8.302072300728226405e-12 5.156430908307933265e-12 6.025540544005156443e-12 4.675726177076735603e-12 2.418616809907799557e-12 2.624323758677231268e-12 9.336651685430205053e-13 5.007993163332110736e-12 4.098736332270286557e-12 8.988848353587980190e-12 2.010417429637932020e-11 9.754576613724954609e-12 4.402231183484804513e-12 2.936085494008229275e-12 1.583857560476962280e-12 2.910820415112028515e-12 1.064024127439024938e-12 -5.859019919038751428e-13 7.806396909051952317e-13 5.242155135579848005e-13 -1.157771482006700291e-13
-1.037842666516759116e-11 -7.935200085360486848e-12 7.399340029198831260e-12 -3.098660252263779866e-12 3.514452111074847617e-12 7.096548240724739264e-12 1.095483886797273836e-12 5.118288911910309659e-12 -1.563279136911799496e-13 2.506717413902875061e-12 -3.585031335636962964e-13 -4.276593840777883164e-12 7.940729634759749373e-13 2.810180779866426823e-13 5.799224398925020751e-12 9.754576613724954609e-12 1.987797860513165695e-11 7.454446538839348420e-12 5.159599298887582174e-12 1.329122659548843957e-12 1.765016399889417531e-12 1.900105970872271573e-12 1.852817241069576356e-13 1.235000973234660102e-12 -6.486082170041434121e-13 1.082832476334769496e-13
-1.394740036335743807e-11 1.311023864923227876e-11 -8.171773290024499395e-12 -1.504599302783583396e-12 -3.771501178476182304e-13 8.963592877006112128e-13 -2.007839946038992753e-12 3.445765441139862842e-12 -1.232905468395280531e-13 -3.820320574201334047e-12 -1.470975278433594772e-12 -2.859533103173776704e-12 4.309082513910600316e-13 1.085296709941467510e-12 3.912252721422330733e-12 4.402231183484804513e-12 7.454446538839348420e-12 1.391321218481316903e-11 5.478651485040053651e-12 1.624851213335628095e-12 2.269910730914156781e-12 7.536564084787804912e-13 -3.507548480410189803e-13 1.662523240696383275e-13 6.174078580059546614e-13 -4.325925927796385435e-13
1.352196815015862413e-11 1.384991569289468410e-11 -7.085259281558009902e-12 -1.222868307664422757e-11 -4.521256209743854694e-12 -2.284954712745673618e-12 -6.902768865426676715e-13 8.551304163824577991e-12 -7.045166687141339722e-13 -2.827703882043908783e-13 5.072037161230265685e-13 -3.617763640830904668e-12 -1.047744837867286874e-12 -9.364447237151173905e-13 2.155545516477104856e-12 2.936085494008229275e-12 5.159599298887582174e-12 5.478651485040053651e-12 1.301924430945547636e-11 6.676361899851111452e-12 3.895851797658624517e-12 1.085448967067128302e-12 -4.847305445117178361e-13 3.783186066104296017e-14 2.929106219706468518e-14 -3.649450537741521968e-13
-4.263707802703066861e-12 2.405992306069360242e-12 1.335218251771051771e-11 -1.089800997442569423e-11 1.061196320354422475e-12 -5.897857735314814176e-12 -1.100103861725333175e-12 2.264264707333724518e-12 2.132386940186580659e-12 2.867524502637265915e-13 5.404386219848125475e-13 -1.248775950064491957e-12 1.535441752858021925e-13 6.722263168826009423e-13 2.436962649563055638e-12 1.583857560476962280e-12 1.329122659548843957e-12 1.624851213335628095e-12 6.676361899851111452e-12 1.350370127627157556e-11 7.616291214507502265e-12 3.626826309338664028e-12 -2.129502428589052958e-14 -5.689179532839952744e-13 -7.125978132756224433e-13 -5.323314385942121610e-13
3.707585805181384188e-12 -2.047810125790969657e-12 7.476279411958667027e-12 1.249309296427298745e-11 5.152522199931865035e-12 2.464990186965954837e-12 -1.931338904589594563e-12 3.061075701363419892e-12 4.615060020176142718e-12 -9.775029312757313561e-13 -2.176912335178726826e-12 -2.989784599726920577e-12 5.480150939839470301e-13 -1.454266570017740481e-13 2.549779744343507461e-12 2.910820415112028515e-12 1.765016399889417531e-12 2.269910730914156781e-12 3.895851797658624517e-12 7.616291214507502265e-12 1.145533666701802580e-11 4.626676616870857794e-12 9.502677111077561159e-13 -8.370501703408379033e-13 -5.944859730605636018e-13 -8.335958151822710501e-14
-1.416022835338258587e-11 -3.877545767588686032e-12 8.730903593590419715e-12 6.958793267979306116e-12 -5.319241517540951467e-13 3.863757414357363594e-12 9.276088729164912525e-13 6.189727353646258392e-12 4.394418235515228954e-12 5.637612625101024024e-13 1.325366948517564400e-12 3.676283264350155974e-13 1.476915386141616655e-12 1.704998534913099131e-12 1.778598684709276956e-12 1.064024127439024938e-12 1.900105970872271573e-12 7.536564084787804912e-13 1.085448967067128302e-12 3.626826309338664028e-12 4.626676616870857794e-12 8.928676714589136724e-12 2.993580290169261367e-12 8.936493727927434346e-13 -8.261416932083851369e-13 -6.655666710336680131e-13
-2.826372884283378389e-12 6.614739274752073745e-12 5.730905298932699494e-13 4.908702776977110967e-12 -2.739834523074470387e-12 4.811966807388142480e-12 -1.520342443858465027e-12 -1.381810763642914586e-12 2.684910870780017559e-12 -1.094382386906387437e-12 1.052268249126790621e-12 -4.633365664215390430e-13 2.428546973730556178e-14 1.402704714564450115e-12 9.120668281165149937e-13 -5.859019919038751428e-13 1.852817241069576356e-13 -3.507548480410189803e-13 -4.847305445117178361e-13 -2.129502428589052958e-14 9.502677111077561159e-13 2.993580290169261367e-12 6.809684211152086703e-12 2.409762429407003642e-12 4.295709557021320527e-14 -3.113841901661241076e-13
-4.980855870011494137e-12 -1.229932765099524057e-11 2.161923053564802992e-12 -1.454473809278581395e-12 2.407529928024106382e-12 -5.937161243011338647e-13 -2.487343805078675657e-12 8.538561096792021675e-13 1.229714584442929520e-12 -1.863675559522952999e-12 2.952517170575651535e-13 -8.105718693225072488e-13 4.023970150597410754e-13 1.223347834621704492e-12 -6.371494654305305254e-13 7.806396909051952317e-13 1.235000973234660102e-12 1.662523240696383275e-13 3.783186066104296017e-14 -5.689179532839952744e-13 -8.370501703408379033e-13 8.936493727927434346e-13 2.409762429407003642e-12 5.183575397212450795e-12 1.387069025136797930e-12 -6.141296489679299499e-13
1.116998248038211512e-12 -4.725637414204102898e-12 -7.132249475657766235e-12 2.123694091884166448e-12 -2.808050426337130774e-12 -2.642271115621187160e-12 3.299806801638410556e-12 8.587607535133114150e-13 -4.696353227293583542e-13 -1.219954954136992672e-12 7.470027183503392880e-13 -2.233399877062173469e-12 -4.000161093027253683e-13 6.162082915606716097e-13 -4.581301963876245548e-14 5.242155135579848005e-13 -6.486082170041434121e-13 6.174078580059546614e-13 2.929106219706468518e-14 -7.125978132756224433e-13 -5.944859730605636018e-13 -8.261416932083851369e-13 4.295709557021320527e-14 1.387069025136797930e-12 3.846682259415733107e-12 8.668512924445062641e-13
1.746152017086952309e-12 -7.171057604270909772e-12 -5.444488760096217633e-12 -2.525449778707747208e-12 -2.429047953026108664e-12 -6.335470056158591792e-13 3.937332313832433545e-12 -3.510658101833715652e-12 4.073591696722572770e-13 -2.361627859511035144e-13 -4.732804479470758888e-13 -2.140762028598962089e-12 1.721578990309019171e-13 -8.505485137416164721e-13 -1.526880384548970838e-12 -1.157771482006700291e-13 1.082832476334769496e-13 -4.325925927796385435e-13 -3.649450537741521968e-13 -5.323314385942121610e-13 -8.335958151822710501e-14 -6.655666710336680131e-13 -3.113841901661241076e-13 -6.141296489679299499e-13 8.668512924445062641e-13 2.912029956288522299e-12
