4.126290927380949759e-09 1.233288008893837490e-10 5.263839043816003892e-11 2.478358948316209330e-10 1.194612322766607218e-10 -4.026119612627511500e-11 -9.965015747923761166e-12 2.931797597065009056e-11 -2.977081352764357358e-11 1.308989388747685096e-11 4.993029019607353701e-11 -1.183609227725040626e-11 3.122497759729986996e-11 4.428793852215442878e-11 -9.936536690332910727e-12 -3.492766384935575195e-11 -6.344012985075580733e-12 3.459455488071331088e-11 3.021011194159693703e-11 -6.404470337326749551e-12 -2.198125771204822678e-12 1.377434863174017801e-12 -2.253956279397558235e-11 -1.536642719304134954e-11 -4.117989401182263604e-12 -7.194516870843783087e-12
1.233288008893837490e-10 3.014423485489443733e-09 3.197259296039027350e-11 -3.107804944312730748e-10 7.001239366603135764e-11 -1.187528185130884130e-10 -5.317715381253191797e-11 -2.066488575019930608e-11 9.733723120019462768e-12 -3.916626017868708252e-11 -2.423896843933308835e-11 -2.655835840708046069e-12 3.555670346736263709e-11 -1.701000885396412241e-11 -4.361340890431176803e-11 -5.918367452993989210e-12 -2.147096036330452951e-11 2.173269991569180042e-11 -9.128611516363323907e-12 -2.173683237871198768e-11 -1.638127889317007714e-11 6.374926228608741243e-13 2.228724510422317382e-12 2.957663531437514292e-12 4.125683141919620398e-12 5.784529666417703882e-12
5.263839043816003892e-11 3.197259296039027350e-11 2.041110784404845905e-09 1.460417751323589963e-10 4.590612272768264673e-11 -1.169534368521877787e-11 5.286302128724374869e-12 6.474294494325860364e-11 2.934034837327367785e-11 -6.775645005668777440e-12 1.665419589526471483e-11 1.223354485635052120e-11 1.695869756731414859e-11 3.695012233657149200e-11 -8.847015850910595020e-12 2.086178970847011110e-13 1.690698678662374169e-13 6.449432070973154220e-12 1.529399612249505340e-11 1.047263244591275012e-11 3.939149419975037624e-12 8.235162547503554046e-12 -8.709188289755111032e-12 -7.072602801649117408e-12 5.130011827644364457e-12 4.472613906730535285e-12
2.478358948316209330e-10 -3.107804944312730748e-10 1.460417751323589963e-10 1.404820339680648498e-09 -3.667964440554287702e-11 1.084333772787900570e-10 5.749055924604721861e-11 3.694719263593030939e-11 2.889923278340514924e-12 4.783454417635374231e-12 3.983781787768117950e-11 2.654315128190738097e-12 2.294165861611674809e-12 -2.865531993640894906e-12 -2.316667888219536925e-12 -1.851957415415074949e-11 2.663905886104149735e-13 -9.782438470089017793e-12 -1.356748660290848056e-12 -5.476313753291977557e-12 -9.202136046215997611e-12 3.711021586451440613e-14 -4.093859521652422492e-12 -9.783248949544818564e-12 -3.263325364749449557e-12 -8.168771231087107459e-12
1.194612322766607218e-10 7.001239366603135764e-11 4.590612272768264673e-11 -3.667964440554287702e-11 7.265374825624841475e-10 4.145681134205409102e-11 -3.994729877622207912e-11 5.477975931768111204e-11 2.002956360520689616e-11 -1.942702725892725538e-11 2.032431585896534780e-11 6.933165845724457156e-13 -6.374868308010668382e-13 1.887028365430226889e-11 -1.827964912454974300e-11 -4.215905306495344549e-12 -4.376267521625452953e-12 2.723016608669905677e-12 -6.235867779830295532e-14 6.829906742323431173e-12 3.891497411347627798e-12 -3.187913758031358331e-12 -1.838640335265461363e-13 5.389456189685284516e-12 -3.212133177113623959e-12 -2.504956866711406384e-12
-4.026119612627511500e-11 -1.187528185130884130e-10 -1.169534368521877787e-11 1.084333772787900570e-10 4.145681134205409102e-11 5.049250713576105864e-10 6.149945693168470179e-11 2.592314315914189304e-11 6.420465740730476302e-12 1.562078397504644922e-11 2.929341092020062721e-11 -3.034024529876243663e-12 -8.807838554988211842e-12 5.898174078649076201e-12 -7.137531959460427604e-12 -7.551864851181016476e-12 2.660166995958611055e-12 1.715465478771572587e-12 -5.028835413557885227e-13 9.344608803875893516e-12 2.745123523835055790e-12 -3.646665274142497997e-12 -1.658288573038207872e-12 -3.026124954049312100e-12 -3.435289219667278726e-13 -1.860862248139446282e-13
-9.965015747923761166e-12 -5.317715381253191797e-11 5.286302128724374869e-12 5.749055924604721861e-11 -3.994729877622207912e-11 6.149945693168470179e-11 3.248088938027330196e-10 1.527705952154705334e-11 2.106037648466569387e-11 2.805724200449362844e-11 2.763560991304601228e-12 1.544772093974640168e-11 5.355668839084172117e-12 -8.400961868755293723e-12 7.137198479826402429e-12 -6.632044731248867257e-12 7.395851372134312155e-12 -1.561917423120194092e-12 2.388613157189430255e-12 2.356820240085782533e-12 -2.991377329966922102e-12 3.346601397942716087e-12 -1.111276032681914080e-12 -5.602041226128311038e-13 1.085271730758101851e-12 -1.230244686937616437e-12
2.931797597065009056e-11 -2.066488575019930608e-11 6.474294494325860364e-11 3.694719263593030939e-11 5.477975931768111204e-11 2.592314315914189304e-11 1.527705952154705334e-11 2.222133014755922366e-10 2.011173489426028296e-11 1.487675919819817571e-11 7.388100056652199432e-12 -2.952721824618139226e-12 1.049519230372064825e-11 -1.250797297252197829e-12 -3.114589033055629866e-12 7.331744129419428888e-12 5.585100387878329635e-12 7.577802028349116814e-12 9.482081462915958715e-12 2.910053858880173945e-12 2.399521640730536105e-12 2.099680227154048113e-12 1.109332055165025859e-12 1.700912675539731915e-12 -2.028858134746283061e-12 -6.258165209018861932e-13
-2.977081352764357358e-11 9.733723120019462768e-12 2.934034837327367785e-11 2.889923278340514924e-12 2.002956360520689616e-11 6.420465740730476302e-12 2.106037648466569387e-11 2.011173489426028296e-11 1.447577091103048854e-10 1.165247675686239839e-11 2.642108779261042441e-12 8.850533802274076241e-12 7.573955441209441739e-12 3.815785753225514675e-12 -5.306341677374349594e-12 -4.670101447984409336e-12 -1.165015557853344495e-12 2.841936497592455995e-12 1.467067822985748045e-12 1.834789268760355845e-13 1.581182605843311102e-12 2.163652763153334505e-12 1.456939124764955043e-12 9.565428268266489482e-13 -1.597988634625023679e-12 1.289122831268232388e-12
1.308989388747685096e-11 -3.916626017868708252e-11 -6.775645005668777440e-12 4.783454417635374231e-12 -1.942702725892725538e-11 1.562078397504644922e-11 2.805724200449362844e-11 1.487675919819817571e-11 1.165247675686239839e-11 9.846860431816614878e-11 2.325279432656767245e-11 1.359192795342539031e-11 8.490025839449530957e-12 6.005228609925314168e-12 -1.065313530794405691e-12 -8.126488089433112354e-12 -1.690894482556965804e-12 -3.419471907868626618e-13 1.883051488769516444e-12 4.639073862326752868e-13 -1.368875176283298182e-12 -3.123779155645844286e-12 -9.111378115198954243e-13 -2.187652116109839499e-12 -2.327708086249596235e-12 5.917089734543484262e-13
4.993029019607353701e-11 -2.423896843933308835e-11 1.665419589526471483e-11 3.983781787768117950e-11 2.032431585896534780e-11 2.929341092020062721e-11 2.763560991304601228e-12 7.388100056652199432e-12 2.642108779261042441e-12 2.325279432656767245e-11 8.544879701332568242e-11 1.265410949310522038e-11 1.091251178828247140e-11 7.220507143547549225e-12 1.207581510687417314e-12 -1.417552842489970049e-12 -6.458413677362153224e-13 2.829460227391318234e-12 -7.990332941245402144e-13 4.652669844358844832e-13 -8.632826516306732321e-13 -6.069720045200135295e-14 -1.997129987928520337e-12 -1.277703252980675217e-12 -1.411642830906393343e-12 3.703558720066337877e-13
-1.183609227725040626e-11 -2.655835840708046069e-12 1.223354485635052120e-11 2.654315128190738097e-12 6.933165845724457156e-13 -3.034024529876243663e-12 1.544772093974640168e-11 -2.952721824618139226e-12 8.850533802274076241e-12 1.359192795342539031e-11 1.265410949310522038e-11 6.434831186119766910e-11 1.194819730367051822e-11 1.352667731060823303e-11 5.251458957713288082e-12 3.703873458797846266e-13 3.102558808425284049e-13 2.889808945711342752e-12 4.871216446081732163e-13 1.561625348584702426e-13 2.470598383127352103e-13 -3.242492461250123287e-12 -1.792785769581449659e-12 -1.510967468696560392e-13 -1.452964759159910747e-12 6.894172327891729137e-13
3.122497759729986996e-11 3.555670346736263709e-11 1.695869756731414859e-11 2.294165861611674809e-12 -6.374868308010668382e-13 -8.807838554988211842e-12 5.355668839084172117e-12 1.049519230372064825e-11 7.573955441209441739e-12 8.490025839449530957e-12 1.091251178828247140e-11 1.194819730367051822e-11 4.126675426403908592e-11 1.240338478900663834e-11 4.695819476589390568e-12 2.795365548496709388e-12 2.934147923051576862e-12 2.752015497427765208e-12 -8.708042363439304098e-14 -7.807618100677386524e-13 -1.820711853453280826e-12 1.927859359400206502e-14 -7.239829365969759425e-13 -4.018173722097982690e-13 -7.367837246079275437e-13 -1.579075777091802401e-12
4.428793852215442878e-11 -1.701000885396412241e-11 3.695012233657149200e-11 -2.865531993640894906e-12 1.887028365430226889e-11 5.898174078649076201e-12 -8.400961868755293723e-12 -1.250797297252197829e-12 3.815785753225514675e-12 6.005228609925314168e-12 7.220507143547549225e-12 1.352667731060823303e-11 1.240338478900663834e-11 4.292639109826946207e-11 1.198077958289399979e-11 4.070158826043156162e-12 5.293515582343992727e-12 3.608989243712661076e-12 3.498527822468642335e-12 2.087967082248278731e-12 7.133506899177030003e-13 1.839805840057895731e-12 -3.766227615111596433e-13 -8.681232084221349635e-13 -1.021765984089504146e-12 1.751542377386862761e-13
-9.936536690332910727e-12 -4.361340890431176803e-11 -8.847015850910595020e-12 -2.316667888219536925e-12 -1.827964912454974300e-11 -7.137531959460427604e-12 7.137198479826402429e-12 -3.114589033055629866e-12 -5.306341677374349594e-12 -1.065313530794405691e-12 1.207581510687417314e-12 5.251458957713288082e-12 4.695819476589390568e-12 1.198077958289399979e-11 2.815504401308918469e-11 1.493158236033344497e-11 6.555411408367378034e-12 2.711814242000844361e-12 7.698023095278477016e-13 2.726474454739563901e-12 8.322271104322893206e-13 1.266552769886049241e-12 2.365265428211029575e-13 -1.454565196079316556e-12 -1.339178942103225523e-12 -4.768320150693194754e-14
-3.492766384935575195e-11 -5.918367452993989210e-12 2.086178970847011110e-13 -1.851957415415074949e-11 -4.215905306495344549e-12 -7.551864851181016476e-12 -6.632044731248867257e-12 7.331744129419428888e-12 -4.670101447984409336e-12 -8.126488089433112354e-12 -1.417552842489970049e-12 3.703873458797846266e-13 2.795365548496709388e-12 4.070158826043156162e-12 1.493158236033344497e-11 2.672178055177051020e-11 8.910430099356068254e-12 6.895240099922303656e-12 2.109206289406321262e-12 2.535606987637181740e-12 7.644362121848586833e-14 -5.458847669304333594e-14 1.075795773185533792e-12 7.302901925698750637e-14 -2.476731457908526105e-14 5.311717961982773762e-13
-6.344012985075580733e-12 -2.147096036330452951e-11 1.690698678662374169e-13 2.663905886104149735e-13 -4.376267521625452953e-12 2.660166995958611055e-12 7.395851372134312155e-12 5.585100387878329635e-12 -1.165015557853344495e-12 -1.690894482556965804e-12 -6.458413677362153224e-13 3.102558808425284049e-13 2.934147923051576862e-12 5.293515582343992727e-12 6.555411408367378034e-12 8.910430099356068254e-12 2.094331219776102565e-11 7.850535391836171196e-12 2.684447481642378351e-12 3.403436923711809304e-12 1.116777516811973981e-12 -8.817318387718241905e-13 -9.555445127412022775e-13 6.940678534201098230e-14 4.107108498394166410e-15 -4.476316140347918272e-13
3.459455488071331088e-11 2.173269991569180042e-11 6.449432070973154220e-12 -9.782438470089017793e-12 2.723016608669905677e-12 1.715465478771572587e-12 -1.561917423120194092e-12 7.577802028349116814e-12 2.841936497592455995e-12 -3.419471907868626618e-13 2.829460227391318234e-12 2.889808945711342752e-12 2.752015497427765208e-12 3.608989243712661076e-12 2.711814242000844361e-12 6.895240099922303656e-12 7.850535391836171196e-12 1.674761281333222122e-11 6.762346566208693148e-12 3.103643305380856108e-12 9.606023262246852201e-13 -4.106732439567915791e-13 -6.967470248542511032e-14 1.171360762112784764e-12 2.507972027192120230e-13 -4.867427071532099928e-13
3.021011194159693703e-11 -9.128611516363323907e-12 1.529399612249505340e-11 -1.356748660290848056e-12 -6.235867779830295532e-14 -5.028835413557885227e-13 2.388613157189430255e-12 9.482081462915958715e-12 1.467067822985748045e-12 1.883051488769516444e-12 -7.990332941245402144e-13 4.871216446081732163e-13 -8.708042363439304098e-14 3.498527822468642335e-12 7.698023095278477016e-13 2.109206289406321262e-12 2.684447481642378351e-12 6.762346566208693148e-12 1.634298866388148982e-11 6.952452695506447012e-12 2.872559327197200566e-12 2.261303653194564815e-12 1.348476266299896824e-13 -3.440438086670262354e-13 -3.048077529229502869e-13 -1.185579335431724245e-13
-6.404470337326749551e-12 -2.173683237871198768e-11 1.047263244591275012e-11 -5.476313753291977557e-12 6.829906742323431173e-12 9.344608803875893516e-12 2.356820240085782533e-12 2.910053858880173945e-12 1.834789268760355845e-13 4.639073862326752868e-13 4.652669844358844832e-13 1.561625348584702426e-13 -7.807618100677386524e-13 2.087967082248278731e-12 2.726474454739563901e-12 2.535606987637181740e-12 3.403436923711809304e-12 3.103643305380856108e-12 6.952452695506447012e-12 1.443332485915108832e-11 6.793040750982580638e-12 2.006401173737295754e-12 5.187059333487826813e-13 -1.588818379378881572e-13 -7.554646973532900062e-13 -3.428800461623923598e-13
-2.198125771204822678e-12 -1.638127889317007714e-11 3.939149419975037624e-12 -9.202136046215997611e-12 3.891497411347627798e-12 2.745123523835055790e-12 -2.991377329966922102e-12 2.399521640730536105e-12 1.581182605843311102e-12 -1.368875176283298182e-12 -8.632826516306732321e-13 2.470598383127352103e-13 -1.820711853453280826e-12 7.133506899177030003e-13 8.322271104322893206e-13 7.644362121848586833e-14 1.116777516811973981e-12 9.606023262246852201e-13 2.872559327197200566e-12 6.793040750982580638e-12 1.232719413764309141e-11 4.362952232646727967e-12 1.489798245133144302e-12 8.007957708416385244e-13 -5.874103467515321021e-13 -4.716574071852969645e-13
1.377434863174017801e-12 6.374926228608741243e-13 8.235162547503554046e-12 3.711021586451440613e-14 -3.187913758031358331e-12 -3.646665274142497997e-12 3.346601397942716087e-12 2.099680227154048113e-12 2.163652763153334505e-12 -3.123779155645844286e-12 -6.069720045200135295e-14 -3.242492461250123287e-12 1.927859359400206502e-14 1.839805840057895731e-12 1.266552769886049241e-12 -5.458847669304333594e-14 -8.817318387718241905e-13 -4.106732439567915791e-13 2.261303653194564815e-12 2.006401173737295754e-12 4.362952232646727967e-12 1.018925776059607102e-11 2.737820457984849172e-12 2.878783314641528673e-13 -3.679643216499108470e-13 -4.240328954950067361e-13
-2.253956279397558235e-11 2.228724510422317382e-12 -8.709188289755111032e-12 -4.093859521652422492e-12 -1.838640335265461363e-13 -1.658288573038207872e-12 -1.111276032681914080e-12 1.109332055165025859e-12 1.456939124764955043e-12 -9.111378115198954243e-13 -1.997129987928520337e-12 -1.792785769581449659e-12 -7.239829365969759425e-13 -3.766227615111596433e-13 2.365265428211029575e-13 1.075795773185533792e-12 -9.555445127412022775e-13 -6.967470248542511032e-14 1.348476266299896824e-13 5.187059333487826813e-13 1.489798245133144302e-12 2.737820457984849172e-12 6.009325014348661176e-12 1.579151007716398129e-12 -2.613981758932121160e-13 2.083038994612802421e-15
-1.536642719304134954e-11 2.957663531437514292e-12 -7.072602801649117408e-12 -9.783248949544818564e-12 5.389456189685284516e-12 -3.026124954049312100e-12 -5.602041226128311038e-13 1.700912675539731915e-12 9.565428268266489482e-13 -2.187652116109839499e-12 -1.277703252980675217e-12 -1.510967468696560392e-13 -4.018173722097982690e-13 -8.681232084221349635e-13 -1.454565196079316556e-12 7.302901925698750637e-14 6.940678534201098230e-14 1.171360762112784764e-12 -3.440438086670262354e-13 -1.588818379378881572e-13 8.007957708416385244e-13 2.878783314641528673e-13 1.579151007716398129e-12 4.099685784264583063e-12 6.190778258884160906e-13 1.511278579549455942e-13
-4.117989401182263604e-12 4.125683141919620398e-12 5.130011827644364457e-12 -3.263325364749449557e-12 -3.212133177113623959e-12 -3.435289219667278726e-13 1.085271730758101851e-12 -2.028858134746283061e-12 -1.597988634625023679e-12 -2.327708086249596235e-12 -1.411642830906393343e-12 -1.452964759159910747e-12 -7.367837246079275437e-13 -1.021765984089504146e-12 -1.339178942103225523e-12 -2.476731457908526105e-14 4.107108498394166410e-15 2.507972027192120230e-13 -3.048077529229502869e-13 -7.554646973532900062e-13 -5.874103467515321021e-13 -3.679643216499108470e-13 -2.613981758932121160e-13 6.190778258884160906e-13 3.200466132288276036e-12 4.728073333549734740e-13
-7.194516870843783087e-12 5.784529666417703882e-12 4.472613906730535285e-12 -8.168771231087107459e-12 -2.504956866711406384e-12 -1.860862248139446282e-13 -1.230244686937616437e-12 -6.258165209018861932e-13 1.289122831268232388e-12 5.917089734543484262e-13 3.703558720066337877e-13 6.894172327891729137e-13 -1.579075777091802401e-12 1.751542377386862761e-13 -4.768320150693194754e-14 5.311717961982773762e-13 -4.476316140347918272e-13 -4.867427071532099928e-13 -1.185579335431724245e-13 -3.428800461623923598e-13 -4.716574071852969645e-13 -4.240328954950067361e-13 2.083038994612802421e-15 1.511278579549455942e-13 4.728073333549734740e-13 3.254589572283687024e-12
