2.292485708110897250e-09 1.016104713629901099e-10 9.529731347940537408e-11 -1.786478545284940559e-10 6.726396293056412223e-11 4.888058063580386098e-12 8.391986965946858152e-11 2.159129485988098519e-11 -2.138865742567104663e-11 1.752537689712314986e-11 2.739680644989069284e-11 8.998560487816850017e-12 2.409049846109965826e-11 2.804276311083247591e-11 1.673797278064992349e-11 4.992551801046517564e-12 2.209067007074484526e-11 3.831818890664489988e-12 -2.203247598515336004e-11 6.617820365075918354e-12 -2.842326314977612688e-12 3.718017050126076061e-14 -8.499868728053675244e-12 -9.854042759234689047e-12 -2.687526747924553863e-12 5.525552167239870172e-12
1.016104713629901099e-10 1.527290222977011603e-09 -3.208800910825364066e-11 -7.066690671809922995e-11 3.161456520259840040e-11 7.726506052739381490e-11 -3.970548864094851426e-11 -4.245674405050266793e-11 -9.059116597332319433e-12 -4.792770616014501979e-11 1.265784018568335367e-11 -1.798958473718116113e-11 5.607502864451108759e-12 2.262067494635667937e-12 1.774413938304329183e-11 -3.954989779449828369e-12 1.601350095517189641e-11 5.311218784815426992e-14 8.769707752896667066e-12 -2.281292523871272583e-12 -3.200943637971484437e-12 7.772933845779816079e-13 2.017831707345097942e-12 8.289226500462788782e-12 1.560045138791539959e-12 4.572058231167653521e-13
9.529731347940537408e-11 -3.208800910825364066e-11 8.828636351629355039e-10 -2.949115045266326617e-11 6.770973315036107798e-11 -5.767386168731657083e-11 3.678363616724196106e-11 3.133537976269790294e-11 3.440038732755795292e-12 9.228125630574419906e-12 7.840865497543754338e-12 3.124650150563170759e-12 3.246261729507091204e-12 1.178049457626260420e-12 9.878180895695603251e-12 5.579739282792767372e-12 8.320767716989907474e-12 8.005396320737237094e-12 2.644427105278239301e-12 1.007151952849660192e-11 5.444841506204327263e-12 2.794782461866107566e-12 6.810506220504117536e-12 4.740564319059983528e-12 -3.486431389031482406e-13 3.731426105915714381e-12
-1.786478545284940559e-10 -7.066690671809922995e-11 -2.949115045266326617e-11 6.450928010085793106e-10 7.648380875310138477e-12 3.739946768319446983e-11 -1.430077916695573469e-11 1.528975987417985446e-11 -1.190596453452219471e-11 6.047854000453733416e-12 4.853761323126187584e-12 -4.425231409321707256e-12 -1.361724151185633303e-11 -1.514847776484789765e-11 6.473426820361076208e-12 2.007283164950284380e-12 -1.073948065626712318e-11 4.007235370225387846e-12 1.219208146844378497e-11 1.386803473188312834e-11 9.503288019816540607e-12 -6.955865688919912330e-13 1.007925080452294276e-12 1.373699265913353398e-12 -1.734099277512296596e-12 1.185842390038706651e-12
6.726396293056412223e-11 3.161456520259840040e-11 6.770973315036107798e-11 7.648380875310138477e-12 4.010857957261886748e-10 2.701741974233792217e-11 -4.786252134547318774e-12 -1.113132827279311101e-11 4.776202603730788602e-12 -2.757102906935693042e-11 -9.074054231408831514e-12 4.976498629569336074e-12 -7.727665841087342517e-12 -9.993782114584318500e-12 5.328093038725460712e-12 7.379837619804601789e-12 1.092271942059224835e-11 4.397747544115474398e-13 -4.012991273257611367e-13 4.660958880183893360e-12 4.065030749404763705e-12 5.609095683727404451e-12 3.653412506231527692e-12 5.929998128440472474e-13 -5.897007398922268324e-12 -2.936525727632540432e-12
4.888058063580386098e-12 7.726506052739381490e-11 -5.767386168731657083e-11 3.739946768319446983e-11 2.701741974233792217e-11 3.313135737447956777e-10 3.216767789375445448e-11 -2.535016552759919077e-12 2.226480503864476090e-11 3.727876129192566297e-13 -5.589855986974899324e-12 -7.178267689575746886e-12 -4.001896311766775911e-12 -3.073082777063637565e-12 -3.814192449337753999e-12 -1.080235230814584690e-11 -1.446787553279052129e-12 -8.236087776341152018e-12 -2.474003034290409872e-12 6.640120082317250832e-12 -1.708022884142994191e-12 3.177546096474181914e-12 -1.005238929445203434e-12 1.556499977114957107e-12 -3.385774759272757207e-12 3.134525989563906182e-12
8.391986965946858152e-11 -3.970548864094851426e-11 3.678363616724196106e-11 -1.430077916695573469e-11 -4.786252134547318774e-12 3.216767789375445448e-11 1.976814694383293373e-10 1.698711058861285745e-11 6.828047868710808232e-12 2.946839762038352698e-12 9.342114334608573754e-12 7.613945941637002028e-12 4.246238251816959961e-14 2.331839179212700619e-12 -1.293098026469681727e-12 -1.280525224974800544e-12 -2.731781433842269451e-12 3.430833232367905800e-12 -3.634228317568865647e-12 1.969248205215005899e-12 -4.069592643049242656e-12 1.236542491256475681e-12 -2.960621289164200046e-12 -1.095855201215141036e-12 -1.272357212758221563e-12 -3.378726978847761435e-12
2.159129485988098519e-11 -4.245674405050266793e-11 3.133537976269790294e-11 1.528975987417985446e-11 -1.113132827279311101e-11 -2.535016552759919077e-12 1.698711058861285745e-11 1.473304085867632039e-10 3.161436802194421225e-11 2.691832839969938483e-11 2.214310723157948846e-11 1.410182155553827134e-11 1.153725569595423094e-11 8.537683382689737503e-12 3.502556696706898747e-12 4.845928706591580348e-12 5.039967457035248782e-12 8.050140056222061348e-12 -1.287425528632157077e-12 1.666862973762100110e-12 -5.023081431143507218e-13 2.373896546381596396e-12 1.896460902442765216e-12 4.701326148938855633e-13 4.928580294778766664e-13 5.320361019989778689e-13
-2.138865742567104663e-11 -9.059116597332319433e-12 3.440038732755795292e-12 -1.190596453452219471e-11 4.776202603730788602e-12 2.226480503864476090e-11 6.828047868710808232e-12 3.161436802194421225e-11 1.042154442079131491e-10 2.746680457054093535e-11 4.518670842245498671e-12 6.701349034269927326e-12 4.058480219192310008e-12 4.058518734432902374e-12 -5.930766666111036238e-13 -5.990887910090739671e-13 3.351047607323866607e-12 1.428002210185628556e-13 -3.794938755120775551e-12 -3.237454071493232046e-12 -3.429587618920484195e-12 -3.629412166256304324e-12 -2.326395000606438302e-12 -2.078695592462152184e-12 -3.846917853650391236e-14 2.577306317377575437e-12
1.752537689712314986e-11 -4.792770616014501979e-11 9.228125630574419906e-12 6.047854000453733416e-12 -2.757102906935693042e-11 3.727876129192566297e-13 2.946839762038352698e-12 2.691832839969938483e-11 2.746680457054093535e-11 7.595385815282714762e-11 1.614325114743832480e-11 1.125347414079037673e-11 5.073174909227753760e-12 1.110928813585585812e-11 1.661623576073359323e-12 4.089520611543491311e-12 3.491281796906133950e-12 3.205673226814161226e-12 -2.611972116718654076e-12 -8.747068314442541623e-13 -1.678521934061631437e-12 -1.323271649259917475e-13 -4.410197613078053809e-13 -2.441143248493534563e-12 -6.095647498266844523e-13 3.735101157684531383e-13
2.739680644989069284e-11 1.265784018568335367e-11 7.840865497543754338e-12 4.853761323126187584e-12 -9.074054231408831514e-12 -5.589855986974899324e-12 9.342114334608573754e-12 2.214310723157948846e-11 4.518670842245498671e-12 1.614325114743832480e-11 6.594834126134781253e-11 1.892058680967515401e-11 1.088001119548667689e-11 3.787013254245972503e-12 4.082000887546080465e-12 7.079349534721944060e-12 2.698930109777810962e-12 3.243509484075480631e-12 4.368305625649712296e-13 -1.784704799536184526e-12 3.317878759597663738e-13 -1.550255459634841951e-12 -1.332002019227767822e-12 -7.387202589724042235e-13 7.807776942098258985e-13 -2.333884693379121103e-13
8.998560487816850017e-12 -1.798958473718116113e-11 3.124650150563170759e-12 -4.425231409321707256e-12 4.976498629569336074e-12 -7.178267689575746886e-12 7.613945941637002028e-12 1.410182155553827134e-11 6.701349034269927326e-12 1.125347414079037673e-11 1.892058680967515401e-11 4.605173704187992794e-11 1.601614070986174263e-11 6.343866603711955394e-12 7.370622755829954743e-12 6.159927589198126074e-12 4.123387252990937158e-12 5.138252879262044760e-12 3.469680450343638687e-13 -2.684208411441230851e-12 6.025597501481837384e-13 1.603300747529180080e-12 -5.074835272956444956e-13 7.596267450893460727e-13 4.307720621626943813e-14 -4.677754423228406587e-13
2.409049846109965826e-11 5.607502864451108759e-12 3.246261729507091204e-12 -1.361724151185633303e-11 -7.727665841087342517e-12 -4.001896311766775911e-12 4.246238251816959961e-14 1.153725569595423094e-11 4.058480219192310008e-12 5.073174909227753760e-12 1.088001119548667689e-11 1.601614070986174263e-11 3.961216760380110520e-11 2.049879141043271909e-11 1.357753190696635688e-11 7.355640164059630507e-12 1.046147883566408768e-12 1.876523470351362241e-12 1.597499398144819543e-12 -2.585178729396688177e-14 2.378494971378393696e-13 3.175427831050985203e-12 1.612677557791677409e-12 5.400608097767992321e-13 -6.347162209849848474e-13 -6.400908599504550151e-13
2.804276311083247591e-11 2.262067494635667937e-12 1.178049457626260420e-12 -1.514847776484789765e-11 -9.993782114584318500e-12 -3.073082777063637565e-12 2.331839179212700619e-12 8.537683382689737503e-12 4.058518734432902374e-12 1.110928813585585812e-11 3.787013254245972503e-12 6.343866603711955394e-12 2.049879141043271909e-11 3.668801923028748809e-11 1.701706201543139697e-11 9.228185647900503720e-12 3.818903635290184059e-12 4.690701474999650870e-12 1.001303487353132808e-12 5.468177921747027064e-13 -1.269902337159336042e-13 8.732356773948370631e-13 -1.090505497054388223e-12 -8.515404634137809186e-13 7.120239975675310320e-13 1.015631699493019222e-12
1.673797278064992349e-11 1.774413938304329183e-11 9.878180895695603251e-12 6.473426820361076208e-12 5.328093038725460712e-12 -3.814192449337753999e-12 -1.293098026469681727e-12 3.502556696706898747e-12 -5.930766666111036238e-13 1.661623576073359323e-12 4.082000887546080465e-12 7.370622755829954743e-12 1.357753190696635688e-11 1.701706201543139697e-11 2.623493068282914490e-11 1.080821754381694242e-11 5.966883180801903312e-12 4.817104697055893785e-12 4.045656566651082700e-12 1.804462359788464711e-12 1.195404957443930776e-12 1.435806806657874452e-12 -6.534528817257108985e-13 -1.307557235465977570e-12 -1.231839818031194917e-13 -2.480689005931778546e-13
4.992551801046517564e-12 -3.954989779449828369e-12 5.579739282792767372e-12 2.007283164950284380e-12 7.379837619804601789e-12 -1.080235230814584690e-11 -1.280525224974800544e-12 4.845928706591580348e-12 -5.990887910090739671e-13 4.089520611543491311e-12 7.079349534721944060e-12 6.159927589198126074e-12 7.355640164059630507e-12 9.228185647900503720e-12 1.080821754381694242e-11 2.082927670491432202e-11 1.123117707625094401e-11 5.218348726566330250e-12 3.349862809742876190e-12 -5.244747934919126704e-14 -2.437249721213951001e-13 -7.045492041981500240e-14 4.731217850939911314e-13 -6.690174712079833094e-13 3.366086394208383759e-13 1.115844902119694643e-14
2.209067007074484526e-11 1.601350095517189641e-11 8.320767716989907474e-12 -1.073948065626712318e-11 1.092271942059224835e-11 -1.446787553279052129e-12 -2.731781433842269451e-12 5.039967457035248782e-12 3.351047607323866607e-12 3.491281796906133950e-12 2.698930109777810962e-12 4.123387252990937158e-12 1.046147883566408768e-12 3.818903635290184059e-12 5.966883180801903312e-12 1.123117707625094401e-11 1.946257838655867567e-11 8.739874553399338106e-12 3.004263779402343797e-12 9.459730965468249045e-13 -4.421563240199913626e-13 -8.698448467655236035e-13 -1.084707767568748577e-12 -1.287002136943506055e-12 3.610554553268069684e-14 1.159506288662864734e-12
3.831818890664489988e-12 5.311218784815426992e-14 8.005396320737237094e-12 4.007235370225387846e-12 4.397747544115474398e-13 -8.236087776341152018e-12 3.430833232367905800e-12 8.050140056222061348e-12 1.428002210185628556e-13 3.205673226814161226e-12 3.243509484075480631e-12 5.138252879262044760e-12 1.876523470351362241e-12 4.690701474999650870e-12 4.817104697055893785e-12 5.218348726566330250e-12 8.739874553399338106e-12 1.669461687373238733e-11 7.728489615211013875e-12 2.808147964693537117e-12 1.467747054028901914e-12 5.539122849249318406e-13 -6.965631678064088867e-13 -8.677647326377183227e-14 1.350091630316208093e-12 9.641663151410515949e-13
-2.203247598515336004e-11 8.769707752896667066e-12 2.644427105278239301e-12 1.219208146844378497e-11 -4.012991273257611367e-13 -2.474003034290409872e-12 -3.634228317568865647e-12 -1.287425528632157077e-12 -3.794938755120775551e-12 -2.611972116718654076e-12 4.368305625649712296e-13 3.469680450343638687e-13 1.597499398144819543e-12 1.001303487353132808e-12 4.045656566651082700e-12 3.349862809742876190e-12 3.004263779402343797e-12 7.728489615211013875e-12 1.428912242101054485e-11 6.696373112055311914e-12 1.303420252306273511e-12 8.443122423320129524e-13 7.624757485983100077e-13 -7.392445987950961437e-13 9.325047575020895547e-13 8.027661971681230895e-13
6.617820365075918354e-12 -2.281292523871272583e-12 1.007151952849660192e-11 1.386803473188312834e-11 4.660958880183893360e-12 6.640120082317250832e-12 1.969248205215005899e-12 1.666862973762100110e-12 -3.237454071493232046e-12 -8.747068314442541623e-13 -1.784704799536184526e-12 -2.684208411441230851e-12 -2.585178729396688177e-14 5.468177921747027064e-13 1.804462359788464711e-12 -5.244747934919126704e-14 9.459730965468249045e-13 2.808147964693537117e-12 6.696373112055311914e-12 1.464559935412669759e-11 5.710479914756288670e-12 2.319575792814101574e-12 2.080992869110270116e-12 2.621986786170828275e-13 4.463187914959849546e-13 5.300296776055861417e-13
-2.842326314977612688e-12 -3.200943637971484437e-12 5.444841506204327263e-12 9.503288019816540607e-12 4.065030749404763705e-12 -1.708022884142994191e-12 -4.069592643049242656e-12 -5.023081431143507218e-13 -3.429587618920484195e-12 -1.678521934061631437e-12 3.317878759597663738e-13 6.025597501481837384e-13 2.378494971378393696e-13 -1.269902337159336042e-13 1.195404957443930776e-12 -2.437249721213951001e-13 -4.421563240199913626e-13 1.467747054028901914e-12 1.303420252306273511e-12 5.710479914756288670e-12 1.094308388780715066e-11 3.140344056880562896e-12 1.803815259512719788e-12 -1.078845626989101025e-13 -4.213152966722701965e-13 -2.312408869147046787e-13
3.718017050126076061e-14 7.772933845779816079e-13 2.794782461866107566e-12 -6.955865688919912330e-13 5.609095683727404451e-12 3.177546096474181914e-12 1.236542491256475681e-12 2.373896546381596396e-12 -3.629412166256304324e-12 -1.323271649259917475e-13 -1.550255459634841951e-12 1.603300747529180080e-12 3.175427831050985203e-12 8.732356773948370631e-13 1.435806806657874452e-12 -7.045492041981500240e-14 -8.698448467655236035e-13 5.539122849249318406e-13 8.443122423320129524e-13 2.319575792814101574e-12 3.140344056880562896e-12 8.722850444803715200e-12 4.459321310617679810e-12 2.008228892224773244e-12 5.031006762670745281e-13 6.891129600777320829e-14
-8.499868728053675244e-12 2.017831707345097942e-12 6.810506220504117536e-12 1.007925080452294276e-12 3.653412506231527692e-12 -1.005238929445203434e-12 -2.960621289164200046e-12 1.896460902442765216e-12 -2.326395000606438302e-12 -4.410197613078053809e-13 -1.332002019227767822e-12 -5.074835272956444956e-13 1.612677557791677409e-12 -1.090505497054388223e-12 -6.534528817257108985e-13 4.731217850939911314e-13 -1.084707767568748577e-12 -6.965631678064088867e-13 7.624757485983100077e-13 2.080992869110270116e-12 1.803815259512719788e-12 4.459321310617679810e-12 7.801918207438346242e-12 2.735652349114081591e-12 6.476356400061709950e-14 -1.703958857493723594e-13
-9.854042759234689047e-12 8.289226500462788782e-12 4.740564319059983528e-12 1.373699265913353398e-12 5.929998128440472474e-13 1.556499977114957107e-12 -1.095855201215141036e-12 4.701326148938855633e-13 -2.078695592462152184e-12 -2.441143248493534563e-12 -7.387202589724042235e-13 7.596267450893460727e-13 5.400608097767992321e-13 -8.515404634137809186e-13 -1.307557235465977570e-12 -6.690174712079833094e-13 -1.287002136943506055e-12 -8.677647326377183227e-14 -7.392445987950961437e-13 2.621986786170828275e-13 -1.078845626989101025e-13 2.008228892224773244e-12 2.735652349114081591e-12 4.870899182200182034e-12 1.004047471516684385e-12 5.827099982354429571e-14
-2.687526747924553863e-12 1.560045138791539959e-12 -3.486431389031482406e-13 -1.734099277512296596e-12 -5.897007398922268324e-12 -3.385774759272757207e-12 -1.272357212758221563e-12 4.928580294778766664e-13 -3.846917853650391236e-14 -6.095647498266844523e-13 7.807776942098258985e-13 4.307720621626943813e-14 -6.347162209849848474e-13 7.120239975675310320e-13 -1.231839818031194917e-13 3.366086394208383759e-13 3.610554553268069684e-14 1.350091630316208093e-12 9.325047575020895547e-13 4.463187914959849546e-13 -4.213152966722701965e-13 5.031006762670745281e-13 6.476356400061709950e-14 1.004047471516684385e-12 4.207046187642116487e-12 1.350788976375262446e-12
5.525552167239870172e-12 4.572058231167653521e-13 3.731426105915714381e-12 1.185842390038706651e-12 -2.936525727632540432e-12 3.134525989563906182e-12 -3.378726978847761435e-12 5.320361019989778689e-13 2.577306317377575437e-12 3.735101157684531383e-13 -2.333884693379121103e-13 -4.677754423228406587e-13 -6.400908599504550151e-13 1.015631699493019222e-12 -2.480689005931778546e-13 1.115844902119694643e-14 1.159506288662864734e-12 9.641663151410515949e-13 8.027661971681230895e-13 5.300296776055861417e-13 -2.312408869147046787e-13 6.891129600777320829e-14 -1.703958857493723594e-13 5.827099982354429571e-14 1.350788976375262446e-12 3.086520649117950848e-12
