4.117554814831895556e-09 -2.940616704875882277e-11 -1.773682208002044535e-10 -2.454492602823207519e-10 8.016844689366491893e-11 -1.121404194135309847e-10 -1.074907055252465139e-10 4.691116986676080961e-11 5.584129470919676100e-11 -2.778180959750042024e-12 -2.577399095315602065e-11 -2.114701985500621946e-11 1.715580664193850441e-11 5.226515782110424727e-11 -4.837804474655823802e-12 -1.771648158891197606e-11 -5.363901300191555863e-12 3.827991277985707026e-11 5.959671567240859951e-12 1.750452694337686681e-11 -1.274888425474969382e-11 -1.129893940185054518e-12 3.765949480260269296e-11 1.382620456509154394e-11 5.456692242282540849e-11 2.961445266912625593e-11
-2.940616704875882277e-11 2.808327149726144365e-09 2.439393889076282911e-10 3.201264820986544539e-11 -1.371283956402975191e-11 9.606888925289141728e-11 -1.385487942664307306e-10 1.121149615868942595e-11 -4.323992007322991491e-11 3.469600101871855337e-11 -9.857963712764107152e-12 -2.800465966633325972e-11 -1.573063420365603934e-11 3.639282015759187427e-11 2.917720025182988574e-11 4.961741718850389639e-11 1.139320830125583577e-11 -7.559928855559389355e-11 -1.000888167444668958e-10 -6.338895846303944097e-11 6.839076676465311757e-12 -3.185267509691609128e-11 -4.577840781883046065e-12 -7.525271100756079564e-12 -2.094218107901028525e-11 -1.500418076132276288e-11
-1.773682208002044535e-10 2.439393889076282911e-10 1.822390728546473363e-09 1.333449165022877260e-11 1.791610286599440059e-10 -3.934774702663179403e-11 -5.018390717557573625e-11 -1.027240050429564070e-10 -3.220270179664670504e-11 1.812179219786312927e-11 9.363546172532988586e-12 9.537728820446784440e-12 2.354296863060121536e-11 1.935629291339234873e-11 4.596558555563006437e-12 1.989050028434475699e-11 2.587342095373102963e-11 3.467854078137548672e-11 5.249041369825926384e-11 4.345595107806036213e-11 9.709410121539205156e-13 -1.261970264076536084e-11 1.551486822425835654e-11 1.414793509889504623e-11 -1.111762310475397885e-11 6.547486744539409338e-12
-2.454492602823207519e-10 3.201264820986544539e-11 1.333449165022877260e-11 1.138512982151040241e-09 -3.240361651021131486e-11 6.915838912573391279e-11 1.369488701109314696e-10 6.886949583197922912e-13 -1.520647421161357251e-11 -2.523006464200455610e-11 -9.334872481002606561e-12 -1.062438521136722643e-12 8.983313277315546611e-12 1.745487047358717854e-11 3.460355061432976336e-11 4.973139492687144667e-11 5.567408520397073146e-11 3.105331333282315534e-11 1.824505433096977436e-11 6.611380056823393360e-13 6.367429297259940452e-12 -1.004383941168424099e-11 -3.268284774021006677e-11 4.200191352262727999e-12 -1.437746920599260938e-11 1.341183888062429632e-11
8.016844689366491893e-11 -1.371283956402975191e-11 1.791610286599440059e-10 -3.240361651021131486e-11 7.770431630553837580e-10 -2.808918549623830086e-11 4.604001256505681254e-11 4.101559558901291669e-11 2.467124399379763304e-11 3.929697047859820435e-12 -6.831105619610050193e-13 -1.506647044186968616e-11 -1.927727162313510964e-11 -1.667021288090521973e-11 -1.210296129964965902e-11 2.016550513280909771e-11 -8.656487879223600352e-12 -1.234159177411671321e-11 -3.572654300292236273e-13 -3.398948771113024857e-12 8.860997079776742093e-12 6.993859783366184808e-12 -9.802337356250404201e-12 -1.281867749700311801e-11 -3.873810762609110359e-12 -6.655206106339675836e-12
-1.121404194135309847e-10 9.606888925289141728e-11 -3.934774702663179403e-11 6.915838912573391279e-11 -2.808918549623830086e-11 5.176473448388487016e-10 4.662386787920987809e-11 4.364125547378699052e-11 2.079143549237429457e-11 5.939778199851179435e-11 2.244375657970289026e-11 5.105784499496236786e-14 2.852725552446895530e-11 2.341566688088921773e-11 1.173215409650173908e-11 2.517023390300047620e-11 1.353691937241248098e-11 2.494733923556472954e-12 -6.278381557814496656e-12 1.677232746344719605e-13 1.149245889860528610e-11 -6.450635032645939810e-12 -2.196515748235225254e-11 -1.660351747099491595e-11 2.909988306788234706e-12 -5.015294221759839982e-12
-1.074907055252465139e-10 -1.385487942664307306e-10 -5.018390717557573625e-11 1.369488701109314696e-10 4.604001256505681254e-11 4.662386787920987809e-11 4.279051734928356025e-10 6.795296245316725303e-11 4.811080913396142611e-11 3.997801516259157609e-11 4.186324057780781812e-11 1.104642471093036218e-11 2.429275328482056019e-12 -3.566169877161103326e-12 8.622992417720878041e-12 6.810973704841218446e-12 1.364968508818814214e-11 1.175156898475892338e-11 -2.146360961681305971e-12 -8.786292993859565512e-12 -1.864661092431766806e-12 -1.710892014387133953e-12 -1.515018644438066489e-11 -4.805146893280865810e-12 -1.766438878487656370e-11 -6.342828364870938549e-12
4.691116986676080961e-11 1.121149615868942595e-11 -1.027240050429564070e-10 6.886949583197922912e-13 4.101559558901291669e-11 4.364125547378699052e-11 6.795296245316725303e-11 2.528883353550693656e-10 4.902834927374825802e-11 4.790169480381149314e-11 1.792251985879747957e-11 -8.155584530064977602e-12 -9.785196770173479990e-12 -1.691614277410577115e-11 -8.880391632285093016e-14 1.093710003544521544e-11 -3.381095221620533284e-12 3.023114662769024737e-13 -3.265837718245896669e-12 -2.157040325452697664e-12 -1.007511903033418225e-11 -5.816148872523145554e-12 -1.058464976471204494e-11 -1.046282277498587212e-11 1.104154387703916585e-12 -8.407366817493587302e-12
5.584129470919676100e-11 -4.323992007322991491e-11 -3.220270179664670504e-11 -1.520647421161357251e-11 2.467124399379763304e-11 2.079143549237429457e-11 4.811080913396142611e-11 4.902834927374825802e-11 1.884789877539659727e-10 5.499619961435606934e-11 1.908884657488027796e-11 2.215459938932906454e-11 2.225990670420300519e-11 6.460837354559857208e-12 1.471471625228216908e-11 1.460813995883645622e-11 6.520601574929036551e-12 1.720783736021964360e-11 1.021499481473215681e-11 4.319971459448055188e-12 6.513547890192699319e-12 -7.539249466594230510e-12 -1.687215835389958722e-11 -5.766244779269274026e-12 -3.823490270695215227e-12 -4.131548111227209983e-12
-2.778180959750042024e-12 3.469600101871855337e-11 1.812179219786312927e-11 -2.523006464200455610e-11 3.929697047859820435e-12 5.939778199851179435e-11 3.997801516259157609e-11 4.790169480381149314e-11 5.499619961435606934e-11 1.613403736995975778e-10 4.181229651337833441e-11 1.827412268488385635e-11 5.754450467668492903e-12 -9.631592642156216295e-12 -7.577152402705761353e-13 1.168150548943867446e-11 2.356111508957101233e-12 4.640287994722197798e-12 -1.021212965280297040e-11 -1.820187917683531578e-11 -1.203478188543980411e-11 -1.477682555001411459e-11 -1.778624789254295352e-11 -6.096629657857312548e-12 -4.643167689972308528e-12 -2.787921992482952606e-12
-2.577399095315602065e-11 -9.857963712764107152e-12 9.363546172532988586e-12 -9.334872481002606561e-12 -6.831105619610050193e-13 2.244375657970289026e-11 4.186324057780781812e-11 1.792251985879747957e-11 1.908884657488027796e-11 4.181229651337833441e-11 1.130477267729966691e-10 3.779956676850173455e-11 2.147204945062965253e-11 1.269362928598651100e-12 8.645954475911091470e-12 1.390882792275957145e-11 1.298862647467179483e-11 1.138089358616123689e-11 5.010487544978818386e-12 -2.514855785271902224e-12 1.820666414560024759e-12 -5.116884981812851727e-12 -2.424862764420755598e-12 -2.838508071695295806e-12 -3.501348231217514388e-12 -3.411144661223815218e-12
-2.114701985500621946e-11 -2.800465966633325972e-11 9.537728820446784440e-12 -1.062438521136722643e-12 -1.506647044186968616e-11 5.105784499496236786e-14 1.104642471093036218e-11 -8.155584530064977602e-12 2.215459938932906454e-11 1.827412268488385635e-11 3.779956676850173455e-11 8.072061564265416293e-11 4.253193868706327516e-11 1.480714520101473900e-11 1.459297999832962779e-11 1.222349779639725736e-11 1.397018055650349963e-11 1.639203895106213898e-11 1.397122907075108087e-11 1.239298772894220990e-12 2.376719360884263455e-12 4.933260868376770110e-12 -3.628269690872877889e-12 -1.714539728904005649e-12 -3.819304721081178124e-12 -2.787907059955933631e-12
1.715580664193850441e-11 -1.573063420365603934e-11 2.354296863060121536e-11 8.983313277315546611e-12 -1.927727162313510964e-11 2.852725552446895530e-11 2.429275328482056019e-12 -9.785196770173479990e-12 2.225990670420300519e-11 5.754450467668492903e-12 2.147204945062965253e-11 4.253193868706327516e-11 8.038251511791428190e-11 4.081577905146750791e-11 2.506055801597606705e-11 2.208031555539227007e-11 1.751962637385702993e-11 8.672550246996747495e-12 5.557309352265355180e-12 -7.009813304118178338e-12 -2.375105319384477305e-12 -1.274819840144307517e-12 -6.311359902672641785e-12 4.000894885455199528e-14 -1.962599418893307027e-13 -2.079921840900229040e-12
5.226515782110424727e-11 3.639282015759187427e-11 1.935629291339234873e-11 1.745487047358717854e-11 -1.667021288090521973e-11 2.341566688088921773e-11 -3.566169877161103326e-12 -1.691614277410577115e-11 6.460837354559857208e-12 -9.631592642156216295e-12 1.269362928598651100e-12 1.480714520101473900e-11 4.081577905146750791e-11 8.243569844294461964e-11 4.551245039357851838e-11 2.977197872531935816e-11 2.677488817839883362e-11 1.252667856945482723e-11 5.378644198841633912e-12 -2.343457037019778134e-12 1.106053917914646241e-13 1.375991734610417064e-12 -3.299476015714693777e-12 8.041392695585802837e-13 4.451126989987425519e-12 4.188385600140893711e-12
-4.837804474655823802e-12 2.917720025182988574e-11 4.596558555563006437e-12 3.460355061432976336e-11 -1.210296129964965902e-11 1.173215409650173908e-11 8.622992417720878041e-12 -8.880391632285093016e-14 1.471471625228216908e-11 -7.577152402705761353e-13 8.645954475911091470e-12 1.459297999832962779e-11 2.506055801597606705e-11 4.551245039357851838e-11 7.294271546949156542e-11 4.374583174968508027e-11 3.072687073483134120e-11 1.706438697141018843e-11 1.106218346030596644e-11 8.268139055294774421e-12 5.780970484861638807e-12 1.957438552041607928e-12 -2.559142629764801292e-12 1.425521921819855586e-13 2.444913326196561014e-12 2.019975200219637150e-12
-1.771648158891197606e-11 4.961741718850389639e-11 1.989050028434475699e-11 4.973139492687144667e-11 2.016550513280909771e-11 2.517023390300047620e-11 6.810973704841218446e-12 1.093710003544521544e-11 1.460813995883645622e-11 1.168150548943867446e-11 1.390882792275957145e-11 1.222349779639725736e-11 2.208031555539227007e-11 2.977197872531935816e-11 4.374583174968508027e-11 7.055795194526413430e-11 4.334723329809000761e-11 2.678492542308375133e-11 1.897653262898062860e-11 1.385484875979647949e-11 7.249250416274741658e-12 5.062999298525178705e-14 -7.712666626262654009e-13 3.609085454201128376e-13 3.216663756291389823e-12 1.331772112816315499e-12
-5.363901300191555863e-12 1.139320830125583577e-11 2.587342095373102963e-11 5.567408520397073146e-11 -8.656487879223600352e-12 1.353691937241248098e-11 1.364968508818814214e-11 -3.381095221620533284e-12 6.520601574929036551e-12 2.356111508957101233e-12 1.298862647467179483e-11 1.397018055650349963e-11 1.751962637385702993e-11 2.677488817839883362e-11 3.072687073483134120e-11 4.334723329809000761e-11 7.019594132631843808e-11 5.118432474700882611e-11 3.451815906245212760e-11 1.443738580854598634e-11 8.959765232846014875e-12 -2.342918721140610681e-12 1.991245830085103353e-12 1.684245532074709434e-12 3.186882926415636739e-12 6.618341810147584858e-12
3.827991277985707026e-11 -7.559928855559389355e-11 3.467854078137548672e-11 3.105331333282315534e-11 -1.234159177411671321e-11 2.494733923556472954e-12 1.175156898475892338e-11 3.023114662769024737e-13 1.720783736021964360e-11 4.640287994722197798e-12 1.138089358616123689e-11 1.639203895106213898e-11 8.672550246996747495e-12 1.252667856945482723e-11 1.706438697141018843e-11 2.678492542308375133e-11 5.118432474700882611e-11 7.389171697798483881e-11 4.629026069989141427e-11 2.286928497239271309e-11 1.112000948925102231e-11 1.786657230851010562e-13 4.191906733150102518e-12 1.501695378848225265e-12 1.269553459124893637e-12 4.700746153679695928e-12
5.959671567240859951e-12 -1.000888167444668958e-10 5.249041369825926384e-11 1.824505433096977436e-11 -3.572654300292236273e-13 -6.278381557814496656e-12 -2.146360961681305971e-12 -3.265837718245896669e-12 1.021499481473215681e-11 -1.021212965280297040e-11 5.010487544978818386e-12 1.397122907075108087e-11 5.557309352265355180e-12 5.378644198841633912e-12 1.106218346030596644e-11 1.897653262898062860e-11 3.451815906245212760e-11 4.629026069989141427e-11 6.612592880240091520e-11 3.958689337679537279e-11 1.210682406741598187e-11 4.172582494489718383e-12 9.453683563773926199e-12 4.558592262422362516e-12 4.590840098538749614e-13 5.371068413214742964e-12
1.750452694337686681e-11 -6.338895846303944097e-11 4.345595107806036213e-11 6.611380056823393360e-13 -3.398948771113024857e-12 1.677232746344719605e-13 -8.786292993859565512e-12 -2.157040325452697664e-12 4.319971459448055188e-12 -1.820187917683531578e-11 -2.514855785271902224e-12 1.239298772894220990e-12 -7.009813304118178338e-12 -2.343457037019778134e-12 8.268139055294774421e-12 1.385484875979647949e-11 1.443738580854598634e-11 2.286928497239271309e-11 3.958689337679537279e-11 5.824275693155884912e-11 2.489546438380528181e-11 1.147166289128043276e-11 1.876597455999711228e-11 9.236462326206321082e-12 3.296013253720331306e-12 4.789357811573202336e-12
-1.274888425474969382e-11 6.839076676465311757e-12 9.709410121539205156e-13 6.367429297259940452e-12 8.860997079776742093e-12 1.149245889860528610e-11 -1.864661092431766806e-12 -1.007511903033418225e-11 6.513547890192699319e-12 -1.203478188543980411e-11 1.820666414560024759e-12 2.376719360884263455e-12 -2.375105319384477305e-12 1.106053917914646241e-13 5.780970484861638807e-12 7.249250416274741658e-12 8.959765232846014875e-12 1.112000948925102231e-11 1.210682406741598187e-11 2.489546438380528181e-11 4.895542029912499235e-11 2.574790676057709714e-11 1.901810678505933635e-11 1.171731922206680498e-11 3.215662054008722452e-12 3.533312307263949690e-12
-1.129893940185054518e-12 -3.185267509691609128e-11 -1.261970264076536084e-11 -1.004383941168424099e-11 6.993859783366184808e-12 -6.450635032645939810e-12 -1.710892014387133953e-12 -5.816148872523145554e-12 -7.539249466594230510e-12 -1.477682555001411459e-11 -5.116884981812851727e-12 4.933260868376770110e-12 -1.274819840144307517e-12 1.375991734610417064e-12 1.957438552041607928e-12 5.062999298525178705e-14 -2.342918721140610681e-12 1.786657230851010562e-13 4.172582494489718383e-12 1.147166289128043276e-11 2.574790676057709714e-11 4.308394845927443094e-11 2.148726250567621807e-11 9.357210176183296377e-12 4.461440299093684893e-12 7.193566653082394745e-13
3.765949480260269296e-11 -4.577840781883046065e-12 1.551486822425835654e-11 -3.268284774021006677e-11 -9.802337356250404201e-12 -2.196515748235225254e-11 -1.515018644438066489e-11 -1.058464976471204494e-11 -1.687215835389958722e-11 -1.778624789254295352e-11 -2.424862764420755598e-12 -3.628269690872877889e-12 -6.311359902672641785e-12 -3.299476015714693777e-12 -2.559142629764801292e-12 -7.712666626262654009e-13 1.991245830085103353e-12 4.191906733150102518e-12 9.453683563773926199e-12 1.876597455999711228e-11 1.901810678505933635e-11 2.148726250567621807e-11 3.983850717779796754e-11 1.598136623551817869e-11 4.767250620293742440e-12 1.503763786782109224e-12
1.382620456509154394e-11 -7.525271100756079564e-12 1.414793509889504623e-11 4.200191352262727999e-12 -1.281867749700311801e-11 -1.660351747099491595e-11 -4.805146893280865810e-12 -1.046282277498587212e-11 -5.766244779269274026e-12 -6.096629657857312548e-12 -2.838508071695295806e-12 -1.714539728904005649e-12 4.000894885455199528e-14 8.041392695585802837e-13 1.425521921819855586e-13 3.609085454201128376e-13 1.684245532074709434e-12 1.501695378848225265e-12 4.558592262422362516e-12 9.236462326206321082e-12 1.171731922206680498e-11 9.357210176183296377e-12 1.598136623551817869e-11 2.342101271227866712e-11 5.390139507129383272e-12 2.544517876574875279e-12
5.456692242282540849e-11 -2.094218107901028525e-11 -1.111762310475397885e-11 -1.437746920599260938e-11 -3.873810762609110359e-12 2.909988306788234706e-12 -1.766438878487656370e-11 1.104154387703916585e-12 -3.823490270695215227e-12 -4.643167689972308528e-12 -3.501348231217514388e-12 -3.819304721081178124e-12 -1.962599418893307027e-13 4.451126989987425519e-12 2.444913326196561014e-12 3.216663756291389823e-12 3.186882926415636739e-12 1.269553459124893637e-12 4.590840098538749614e-13 3.296013253720331306e-12 3.215662054008722452e-12 4.461440299093684893e-12 4.767250620293742440e-12 5.390139507129383272e-12 1.891103157566358399e-11 5.498644042233677565e-12
2.961445266912625593e-11 -1.500418076132276288e-11 6.547486744539409338e-12 1.341183888062429632e-11 -6.655206106339675836e-12 -5.015294221759839982e-12 -6.342828364870938549e-12 -8.407366817493587302e-12 -4.131548111227209983e-12 -2.787921992482952606e-12 -3.411144661223815218e-12 -2.787907059955933631e-12 -2.079921840900229040e-12 4.188385600140893711e-12 2.019975200219637150e-12 1.331772112816315499e-12 6.618341810147584858e-12 4.700746153679695928e-12 5.371068413214742964e-12 4.789357811573202336e-12 3.533312307263949690e-12 7.193566653082394745e-13 1.503763786782109224e-12 2.544517876574875279e-12 5.498644042233677565e-12 1.390395129374232200e-11
