2.098894712883118244e-09 1.226795716911535536e-10 8.100722922731843126e-11 9.719679109578471033e-11 -9.463513374740495934e-11 -1.797842506600831586e-11 -1.687248078843143290e-11 -1.949752782892078196e-11 2.328914632121731465e-11 -2.456938963254111925e-11 -1.677723255726551451e-11 -1.256807082991693307e-11 -1.580821250246611659e-11 -1.977207503207861895e-11 -1.017320346866005713e-11 -1.825300814138880237e-12 1.069697066312116234e-11 -2.730436236038875027e-11 -1.264659141856710094e-11 -3.308554680373235554e-11 -9.966305551144538901e-12 -1.523325512853843922e-11 -1.888872671633737341e-11 -2.161887023772043604e-12 -1.008907289786726060e-11 -8.717342420668485967e-13
1.226795716911535536e-10 1.442111313441411258e-09 -4.293241581356390669e-11 -8.399578138069917037e-11 -6.237277158550011589e-11 6.349714920935493395e-13 -8.668022609324369163e-12 -1.562005922460804316e-12 -2.765137850122173163e-13 1.688591936051958627e-11 -2.154484303702294806e-11 -4.748285623272163139e-12 1.218000884647552039e-12 -6.441986242058070468e-12 -6.407113374789949115e-13 -1.448226425735478085e-11 -2.891377666056311591e-12 -1.404117459695598854e-11 -1.255154276559030580e-13 -7.061547613023401532e-12 -1.650902625273867045e-11 -1.180054491817614540e-11 5.658661059688335803e-12 3.149923430305765791e-12 1.380400251870012096e-11 1.689751098363804329e-11
8.100722922731843126e-11 -4.293241581356390669e-11 9.036637519376242794e-10 3.755451283702093006e-11 9.921589514288981210e-11 -1.271104759509321739e-11 2.080588419896401707e-11 9.063452622856485054e-12 3.645356182640062788e-11 1.701122784105434619e-11 4.447550764665713135e-12 2.048801721084947638e-11 7.848238856309939126e-12 1.698368195156253459e-11 2.567539046134967528e-12 -3.804465324759347565e-13 -5.908341302179185704e-12 -4.875274472598668271e-12 2.600349295301994916e-12 6.440260100659363036e-12 2.615238339699529715e-12 -8.053509317413527245e-12 2.530651954762330253e-12 8.480277020462214982e-12 7.828247018809453592e-12 6.188505762312273046e-13
9.719679109578471033e-11 -8.399578138069917037e-11 3.755451283702093006e-11 5.347573441667132265e-10 2.001085364681799510e-11 -1.217386710079723697e-11 1.032709168333036018e-11 -4.881182446553410017e-12 8.662850885958494499e-13 -1.376441682434857973e-11 -7.686501084789652084e-12 -1.151386877168521000e-11 -3.317092707487533386e-12 5.419962638100188770e-12 7.069580605502021527e-12 -8.308451099009032409e-13 -3.277919734728571426e-12 -4.301496069484244922e-12 -5.209580911691465508e-12 -7.089818560095687018e-12 1.632681586852416004e-13 -4.395721754102950311e-12 -3.588183170132074790e-12 -3.713799575423681612e-12 -5.566321316106575532e-13 3.274853319717081192e-12
-9.463513374740495934e-11 -6.237277158550011589e-11 9.921589514288981210e-11 2.001085364681799510e-11 3.487106049884162505e-10 3.908960066747646331e-11 1.763109690394152662e-11 1.040683894981949884e-11 -6.480178154605536575e-12 1.836920922945179740e-11 9.515534768319619778e-12 1.328586592022387599e-12 5.188801289476541813e-12 4.209454664080068316e-12 4.837801597605024915e-12 -2.035965800342584703e-12 -1.344502481894621483e-12 -1.598881235384980818e-12 5.584404312760724845e-13 -5.970221296512879090e-13 4.810110791335294439e-12 -5.898766365115607536e-12 -5.351501561507343744e-12 -1.739512992953370178e-12 -8.134896219068083701e-13 1.935668393568867290e-12
-1.797842506600831586e-11 6.349714920935493395e-13 -1.271104759509321739e-11 -1.217386710079723697e-11 3.908960066747646331e-11 2.536106846593998186e-10 1.074079768946774344e-11 1.520968085736442773e-11 1.411284823907453727e-12 8.720217655853299279e-12 -3.236980099037059847e-12 -1.030794039146027907e-11 -1.153344143503368770e-11 -1.270068117690934473e-11 -5.137079099134530824e-12 4.100009797454053994e-13 -2.092471235439953109e-13 -7.972680608080529348e-12 -1.205657150931082075e-11 -5.835258985978199051e-12 -2.460302497138190711e-12 5.768387067809227805e-12 3.071506062395322630e-13 -8.239138028290893073e-13 2.118738050142687396e-13 1.281892180219268889e-12
-1.687248078843143290e-11 -8.668022609324369163e-12 2.080588419896401707e-11 1.032709168333036018e-11 1.763109690394152662e-11 1.074079768946774344e-11 2.173267022378411641e-10 3.995539057088746094e-11 1.894690881424420424e-11 1.525248859404169947e-11 1.217218650357619952e-11 1.271638515526180546e-11 1.209584065213582261e-11 9.813502876637230934e-12 2.618751805061710578e-12 1.562162120346577420e-12 -1.218588322818963027e-12 -1.800026179410570413e-12 -4.344639970992558268e-12 3.727466778709905275e-12 1.352475208379923402e-12 -1.467139936743663854e-13 -3.117521311678089209e-12 -9.777189547841967780e-13 1.933922151061646666e-12 -5.164496644119908200e-13
-1.949752782892078196e-11 -1.562005922460804316e-12 9.063452622856485054e-12 -4.881182446553410017e-12 1.040683894981949884e-11 1.520968085736442773e-11 3.995539057088746094e-11 1.501889875046839756e-10 1.461325548887930034e-11 4.280519393491804007e-12 9.746341983242910722e-12 -4.845844297816793227e-12 3.853161657323885674e-12 1.397503626135904294e-12 5.314856364019878696e-12 3.972383106579898913e-12 9.016966245119207825e-13 -4.411526471648272104e-12 -8.843874340446982432e-12 -1.889771848873278014e-12 -1.987109438659891476e-12 -8.274653257965884952e-13 -4.623336956294952528e-12 -3.329620363132604156e-14 -2.168385566656862555e-12 1.289692802596327215e-12
2.328914632121731465e-11 -2.765137850122173163e-13 3.645356182640062788e-11 8.662850885958494499e-13 -6.480178154605536575e-12 1.411284823907453727e-12 1.894690881424420424e-11 1.461325548887930034e-11 8.456138603164684651e-11 2.442415242309531008e-11 1.955395267721973052e-11 1.551189834394984472e-11 4.958501676540883277e-12 4.123293098774269052e-12 3.481726731149454217e-12 -5.881005567701704949e-13 8.642483372936473435e-13 1.685530044493627912e-12 -1.280011167267961927e-12 -4.476217754098862091e-12 -7.571701824388356868e-12 -7.396860937738603220e-13 6.506123416392819904e-13 1.147683853953789652e-12 4.161099268442489440e-13 1.185039238795974250e-12
-2.456938963254111925e-11 1.688591936051958627e-11 1.701122784105434619e-11 -1.376441682434857973e-11 1.836920922945179740e-11 8.720217655853299279e-12 1.525248859404169947e-11 4.280519393491804007e-12 2.442415242309531008e-11 7.425719612632997724e-11 2.856831984695899882e-11 1.256830223704048113e-11 6.800213543134978276e-12 6.563379649120364150e-12 4.216186857898305231e-12 -2.203178282841876299e-12 -2.877533600238652730e-12 3.449916239622548435e-12 -6.993390888012862742e-13 1.020423897836830850e-12 -2.564297059990194889e-12 -4.246897598978085235e-12 -3.668302651916323373e-12 -1.807490146020902484e-12 5.346577078830042532e-14 2.306335502817172666e-12
-1.677723255726551451e-11 -2.154484303702294806e-11 4.447550764665713135e-12 -7.686501084789652084e-12 9.515534768319619778e-12 -3.236980099037059847e-12 1.217218650357619952e-11 9.746341983242910722e-12 1.955395267721973052e-11 2.856831984695899882e-11 5.302965202334157263e-11 2.086673359507452350e-11 1.470061343526479064e-11 8.700626881203562646e-12 3.190571408590664264e-12 -7.628654208160903151e-13 -1.088123105240580945e-12 4.775636881379638803e-12 -4.365873505882117945e-13 1.587230428485920790e-12 6.082864784238592977e-13 -4.322796144307575181e-13 6.549082384835913340e-13 1.469315450130035218e-12 -4.445556835518817901e-13 1.418835493183192524e-12
-1.256807082991693307e-11 -4.748285623272163139e-12 2.048801721084947638e-11 -1.151386877168521000e-11 1.328586592022387599e-12 -1.030794039146027907e-11 1.271638515526180546e-11 -4.845844297816793227e-12 1.551189834394984472e-11 1.256830223704048113e-11 2.086673359507452350e-11 4.528739145326893799e-11 1.973566894708886411e-11 1.256552281025819510e-11 7.506634750795036294e-12 2.316293957662884748e-12 3.043222513629499645e-12 5.101986487876204555e-12 6.961011348770855870e-13 2.939571498972590204e-12 1.236416464973986821e-12 1.495634182762291087e-12 2.197093554933277214e-12 1.799751173946464272e-12 8.715678189152061478e-13 1.039095771572469791e-13
-1.580821250246611659e-11 1.218000884647552039e-12 7.848238856309939126e-12 -3.317092707487533386e-12 5.188801289476541813e-12 -1.153344143503368770e-11 1.209584065213582261e-11 3.853161657323885674e-12 4.958501676540883277e-12 6.800213543134978276e-12 1.470061343526479064e-11 1.973566894708886411e-11 3.559206238734208633e-11 1.629097753510127186e-11 9.041257127661002615e-12 5.068220603632045389e-12 2.942841034193125986e-12 4.105852778346634126e-12 -8.564393860131022409e-13 -2.673274468814291515e-13 -7.227486958512834954e-13 -4.240264353795792219e-13 7.219609677638044556e-13 1.490142777611526058e-12 5.049666745538071627e-13 1.050888362735584151e-12
-1.977207503207861895e-11 -6.441986242058070468e-12 1.698368195156253459e-11 5.419962638100188770e-12 4.209454664080068316e-12 -1.270068117690934473e-11 9.813502876637230934e-12 1.397503626135904294e-12 4.123293098774269052e-12 6.563379649120364150e-12 8.700626881203562646e-12 1.256552281025819510e-11 1.629097753510127186e-11 3.418816036840129168e-11 1.789596500257518578e-11 1.066249757837045410e-11 8.781313671937190078e-12 7.383258552779394871e-12 4.518592846778705314e-13 -8.718136157054923528e-13 -1.462946740212826138e-13 -1.563061850239697861e-12 4.764584381426124831e-13 1.636335744820737279e-12 8.791889217124166979e-13 2.053544951037935754e-12
-1.017320346866005713e-11 -6.407113374789949115e-13 2.567539046134967528e-12 7.069580605502021527e-12 4.837801597605024915e-12 -5.137079099134530824e-12 2.618751805061710578e-12 5.314856364019878696e-12 3.481726731149454217e-12 4.216186857898305231e-12 3.190571408590664264e-12 7.506634750795036294e-12 9.041257127661002615e-12 1.789596500257518578e-11 3.458379583613250822e-11 1.866833439574466627e-11 1.228504457882227089e-11 8.128962014578073265e-12 4.147999100624749444e-13 6.268206110899708824e-13 -8.016668026794537118e-13 -3.440938633395809397e-12 -1.858871318241838765e-12 2.270928802675970895e-12 -2.617987494820289977e-14 1.144183634407415196e-12
-1.825300814138880237e-12 -1.448226425735478085e-11 -3.804465324759347565e-13 -8.308451099009032409e-13 -2.035965800342584703e-12 4.100009797454053994e-13 1.562162120346577420e-12 3.972383106579898913e-12 -5.881005567701704949e-13 -2.203178282841876299e-12 -7.628654208160903151e-13 2.316293957662884748e-12 5.068220603632045389e-12 1.066249757837045410e-11 1.866833439574466627e-11 2.833947199927861586e-11 1.857687787342340374e-11 8.089564089477873311e-12 3.600427412465542312e-12 7.671691104049014997e-13 -1.510227309582038783e-12 -6.462525636363542732e-13 9.340519247998102697e-14 1.477362246507658513e-13 7.202964726808549163e-13 8.621564925128587291e-13
1.069697066312116234e-11 -2.891377666056311591e-12 -5.908341302179185704e-12 -3.277919734728571426e-12 -1.344502481894621483e-12 -2.092471235439953109e-13 -1.218588322818963027e-12 9.016966245119207825e-13 8.642483372936473435e-13 -2.877533600238652730e-12 -1.088123105240580945e-12 3.043222513629499645e-12 2.942841034193125986e-12 8.781313671937190078e-12 1.228504457882227089e-11 1.857687787342340374e-11 3.356188864817070433e-11 1.861082723967074225e-11 9.284375429243970344e-12 4.838541442058279459e-12 1.396129702482065750e-12 9.033018794581307757e-13 1.353934597273394695e-12 2.067159169343789385e-13 2.117699943689605235e-12 1.553005787783639399e-12
-2.730436236038875027e-11 -1.404117459695598854e-11 -4.875274472598668271e-12 -4.301496069484244922e-12 -1.598881235384980818e-12 -7.972680608080529348e-12 -1.800026179410570413e-12 -4.411526471648272104e-12 1.685530044493627912e-12 3.449916239622548435e-12 4.775636881379638803e-12 5.101986487876204555e-12 4.105852778346634126e-12 7.383258552779394871e-12 8.128962014578073265e-12 8.089564089477873311e-12 1.861082723967074225e-11 2.976327243291993816e-11 1.781739634337860409e-11 8.457622046619335087e-12 4.978848630479188184e-12 3.612019482626517896e-12 1.923283169113079653e-12 -8.463761441736768153e-14 1.878116704241776720e-12 1.721958796287031981e-12
-1.264659141856710094e-11 -1.255154276559030580e-13 2.600349295301994916e-12 -5.209580911691465508e-12 5.584404312760724845e-13 -1.205657150931082075e-11 -4.344639970992558268e-12 -8.843874340446982432e-12 -1.280011167267961927e-12 -6.993390888012862742e-13 -4.365873505882117945e-13 6.961011348770855870e-13 -8.564393860131022409e-13 4.518592846778705314e-13 4.147999100624749444e-13 3.600427412465542312e-12 9.284375429243970344e-12 1.781739634337860409e-11 2.633546594676610948e-11 1.408319174115566099e-11 7.120057077073989166e-12 5.552767382689765088e-12 3.932341221934041008e-12 1.222850237812644303e-12 1.711810446099304826e-12 -8.859073881562442893e-14
-3.308554680373235554e-11 -7.061547613023401532e-12 6.440260100659363036e-12 -7.089818560095687018e-12 -5.970221296512879090e-13 -5.835258985978199051e-12 3.727466778709905275e-12 -1.889771848873278014e-12 -4.476217754098862091e-12 1.020423897836830850e-12 1.587230428485920790e-12 2.939571498972590204e-12 -2.673274468814291515e-13 -8.718136157054923528e-13 6.268206110899708824e-13 7.671691104049014997e-13 4.838541442058279459e-12 8.457622046619335087e-12 1.408319174115566099e-11 2.297883768468304383e-11 1.277376450767024070e-11 7.760964157396847809e-12 4.722000443635760145e-12 1.036530107490874001e-12 1.054475010605485095e-12 -1.793292545591403180e-12
-9.966305551144538901e-12 -1.650902625273867045e-11 2.615238339699529715e-12 1.632681586852416004e-13 4.810110791335294439e-12 -2.460302497138190711e-12 1.352475208379923402e-12 -1.987109438659891476e-12 -7.571701824388356868e-12 -2.564297059990194889e-12 6.082864784238592977e-13 1.236416464973986821e-12 -7.227486958512834954e-13 -1.462946740212826138e-13 -8.016668026794537118e-13 -1.510227309582038783e-12 1.396129702482065750e-12 4.978848630479188184e-12 7.120057077073989166e-12 1.277376450767024070e-11 2.124449726084823365e-11 1.195766588414747608e-11 5.864484446457095178e-12 2.879010581212696497e-12 -4.889139262278917891e-13 -1.931567996475154072e-12
-1.523325512853843922e-11 -1.180054491817614540e-11 -8.053509317413527245e-12 -4.395721754102950311e-12 -5.898766365115607536e-12 5.768387067809227805e-12 -1.467139936743663854e-13 -8.274653257965884952e-13 -7.396860937738603220e-13 -4.246897598978085235e-12 -4.322796144307575181e-13 1.495634182762291087e-12 -4.240264353795792219e-13 -1.563061850239697861e-12 -3.440938633395809397e-12 -6.462525636363542732e-13 9.033018794581307757e-13 3.612019482626517896e-12 5.552767382689765088e-12 7.760964157396847809e-12 1.195766588414747608e-11 1.786479727787868023e-11 9.785505512818390832e-12 3.301584640055277239e-12 1.635173564686904511e-13 -1.617266155024988363e-12
-1.888872671633737341e-11 5.658661059688335803e-12 2.530651954762330253e-12 -3.588183170132074790e-12 -5.351501561507343744e-12 3.071506062395322630e-13 -3.117521311678089209e-12 -4.623336956294952528e-12 6.506123416392819904e-13 -3.668302651916323373e-12 6.549082384835913340e-13 2.197093554933277214e-12 7.219609677638044556e-13 4.764584381426124831e-13 -1.858871318241838765e-12 9.340519247998102697e-14 1.353934597273394695e-12 1.923283169113079653e-12 3.932341221934041008e-12 4.722000443635760145e-12 5.864484446457095178e-12 9.785505512818390832e-12 1.227607990057838249e-11 3.457822096476525532e-12 3.792786759980630489e-13 -5.456833139265965053e-13
-2.161887023772043604e-12 3.149923430305765791e-12 8.480277020462214982e-12 -3.713799575423681612e-12 -1.739512992953370178e-12 -8.239138028290893073e-13 -9.777189547841967780e-13 -3.329620363132604156e-14 1.147683853953789652e-12 -1.807490146020902484e-12 1.469315450130035218e-12 1.799751173946464272e-12 1.490142777611526058e-12 1.636335744820737279e-12 2.270928802675970895e-12 1.477362246507658513e-13 2.067159169343789385e-13 -8.463761441736768153e-14 1.222850237812644303e-12 1.036530107490874001e-12 2.879010581212696497e-12 3.301584640055277239e-12 3.457822096476525532e-12 8.116606956736350035e-12 1.117647852345426157e-12 -2.138037011256938570e-13
-1.008907289786726060e-11 1.380400251870012096e-11 7.828247018809453592e-12 -5.566321316106575532e-13 -8.134896219068083701e-13 2.118738050142687396e-13 1.933922151061646666e-12 -2.168385566656862555e-12 4.161099268442489440e-13 5.346577078830042532e-14 -4.445556835518817901e-13 8.715678189152061478e-13 5.049666745538071627e-13 8.791889217124166979e-13 -2.617987494820289977e-14 7.202964726808549163e-13 2.117699943689605235e-12 1.878116704241776720e-12 1.711810446099304826e-12 1.054475010605485095e-12 -4.889139262278917891e-13 1.635173564686904511e-13 3.792786759980630489e-13 1.117647852345426157e-12 5.519243116754437476e-12 1.373506402541697228e-12
-8.717342420668485967e-13 1.689751098363804329e-11 6.188505762312273046e-13 3.274853319717081192e-12 1.935668393568867290e-12 1.281892180219268889e-12 -5.164496644119908200e-13 1.289692802596327215e-12 1.185039238795974250e-12 2.306335502817172666e-12 1.418835493183192524e-12 1.039095771572469791e-13 1.050888362735584151e-12 2.053544951037935754e-12 1.144183634407415196e-12 8.621564925128587291e-13 1.553005787783639399e-12 1.721958796287031981e-12 -8.859073881562442893e-14 -1.793292545591403180e-12 -1.931567996475154072e-12 -1.617266155024988363e-12 -5.456833139265965053e-13 -2.138037011256938570e-13 1.373506402541697228e-12 4.051668101537044512e-12
