2.160190253896880787e-09 4.758550312284684415e-11 -4.657697980225604828e-11 -4.214603386245476892e-11 -1.209078329121892029e-10 5.920398704171833148e-11 -3.474818862939771865e-11 1.288281122082050679e-11 -4.038105913978853239e-11 -5.118916668426961796e-12 9.899289242420953891e-12 -7.065783090800516453e-12 -9.693064443616026062e-12 -7.643891660408743025e-12 -9.986488703616477105e-12 8.195196199419336057e-12 1.598831770985090619e-11 2.047815146795141304e-11 1.285555141237618957e-11 -2.786436742992264924e-12 -1.226830235955574784e-11 -5.650367231179629570e-12 8.116379232553473831e-12 9.800740768978179811e-12 5.890103251895562702e-12 -1.644747622045164315e-12
4.758550312284684415e-11 1.430867548843821003e-09 1.214405144824668399e-10 2.108482485541347846e-11 -2.292898529378870819e-11 -9.266872166193748802e-11 -5.131610515187231601e-11 2.410621780842766080e-11 -9.317118269346310583e-12 -1.326406048385365196e-11 -1.045721558645299374e-11 -4.989983131413338382e-12 2.008268451469651994e-11 -4.516894794271081268e-12 -5.764897123813067875e-12 9.850544866592044042e-12 5.315626292550359224e-12 -4.954190332065918260e-12 -2.233940260522753085e-11 -1.686598974995788726e-11 -7.947303464864317514e-12 1.629822180785200694e-12 -2.934383607463756409e-12 -1.061668660506324334e-11 1.799202148155463648e-12 1.834468795080971843e-12
-4.657697980225604828e-11 1.214405144824668399e-10 9.706577847957990852e-10 3.345149652269046185e-11 1.985060022221885841e-11 4.480860706417006834e-13 -6.864143904868035959e-12 -1.129981776996168301e-11 1.519870046161085083e-11 2.258528307130683064e-11 1.923697918298770333e-11 -3.824409087494064471e-13 6.393367071423831819e-12 1.681600264496262936e-11 2.090883777579007131e-11 3.841672773382919775e-13 2.933124350464266037e-12 1.096540760767103112e-11 1.944568319634120065e-12 -5.486958138092859099e-12 -7.925831200536421226e-12 -6.367930529533847830e-12 -6.023999683182146687e-12 -4.436500860020292279e-12 -3.678068961425593464e-12 -4.005500113279317240e-13
-4.214603386245476892e-11 2.108482485541347846e-11 3.345149652269046185e-11 5.420654488767251943e-10 9.218448756361187668e-11 3.863403780749266457e-11 -7.229934663594112298e-12 -2.838239402470224537e-11 2.470220935699362148e-11 5.868617130004474660e-12 1.175621062263304611e-11 -2.465255964090732568e-12 1.134830526562917602e-12 8.601513186591577560e-12 4.125353035345458398e-14 -8.125473180899340982e-12 -9.778155597454187575e-12 -3.910461831739787784e-12 -6.424623107461821333e-12 -3.886508691612320555e-12 -4.704515793765021756e-12 -2.338758930910046148e-12 1.316093021562572839e-12 -1.309436280117166454e-12 -4.059505995485228072e-12 -8.505081027898081733e-13
-1.209078329121892029e-10 -2.292898529378870819e-11 1.985060022221885841e-11 9.218448756361187668e-11 4.841103512841723660e-10 1.482986683532979139e-11 2.069558859224331401e-11 -3.218078602452210808e-12 -7.525223993539754560e-12 -1.404141004839247351e-11 1.301503727518960035e-12 -1.095375865930543938e-11 1.516917610975450189e-11 -3.482451405943417071e-12 8.707706473350525770e-12 4.474354535981112630e-12 -9.270332672995112579e-12 -1.455740280570318348e-11 -1.104137219735129850e-11 -2.297501278146749120e-12 -1.526918484935183386e-12 1.985978776204863369e-12 -1.384174182916339530e-12 -2.554423797024754633e-12 -1.864610976836929666e-12 -2.062400091274328833e-12
5.920398704171833148e-11 -9.266872166193748802e-11 4.480860706417006834e-13 3.863403780749266457e-11 1.482986683532979139e-11 2.497434086700519276e-10 1.228697814784147134e-11 1.986909628063528515e-11 1.907549621536588950e-11 1.279356101981808025e-11 1.347526419832380864e-11 4.316756352018698125e-12 -1.433813619898090133e-13 2.136487582261858312e-12 -1.397753524756904009e-12 -6.148033163255565083e-12 -3.404038058028506971e-12 4.820678370481382000e-12 4.859835723265116676e-12 7.296659817341092734e-12 4.344372002662607897e-12 -6.940201946122534099e-13 -1.650795042801349005e-12 4.612156000930132814e-12 -4.493389133804442082e-13 -3.721828291908915807e-12
-3.474818862939771865e-11 -5.131610515187231601e-11 -6.864143904868035959e-12 -7.229934663594112298e-12 2.069558859224331401e-11 1.228697814784147134e-11 1.697332568247315220e-10 9.514130340072525005e-12 1.132675019278540753e-11 7.531657245471550327e-12 1.041001636726856418e-11 7.070770789664751324e-14 -9.660459354366254127e-13 -9.204467728779340717e-12 -4.702641356428074072e-12 -2.979831607813684130e-12 3.020664735146563401e-12 4.214170713605311221e-12 -3.343183352430072678e-12 -2.634255781227580107e-13 3.642490316380386689e-13 -1.825993684559067663e-12 -1.425828901272868965e-12 -8.910305094231020694e-13 2.301421278035596975e-12 7.150239304964983035e-13
1.288281122082050679e-11 2.410621780842766080e-11 -1.129981776996168301e-11 -2.838239402470224537e-11 -3.218078602452210808e-12 1.986909628063528515e-11 9.514130340072525005e-12 1.377557014310211127e-10 2.442092032991756804e-11 1.329938715846875944e-11 2.812817504113608258e-12 8.682620998428819082e-12 5.487900452527826722e-12 -4.651619983974546452e-12 -7.856553783926048070e-13 1.480834429257521425e-12 -3.016893911747963494e-12 -2.253299208943051524e-12 -2.200335707660191118e-12 -1.729461490485763789e-12 2.318283439263630712e-12 -2.719868195698372404e-12 -1.101157112466795796e-13 7.753919118290311984e-13 1.138226968734797683e-12 7.018505461860824409e-13
-4.038105913978853239e-11 -9.317118269346310583e-12 1.519870046161085083e-11 2.470220935699362148e-11 -7.525223993539754560e-12 1.907549621536588950e-11 1.132675019278540753e-11 2.442092032991756804e-11 1.045857832403964958e-10 1.961863534491210398e-11 1.781046031588029599e-11 5.495951608799688253e-12 -2.504341573607415095e-12 -3.769475004501619635e-12 -1.140594719240764670e-12 -1.378479230500458052e-13 -2.444928836741056031e-12 -1.328042495731268708e-12 -2.280898114586536262e-12 -1.878820318899548285e-12 4.800384269347667103e-13 1.922164840709433641e-12 8.405538320200877608e-13 -9.448770284655101408e-13 -1.552577188617062207e-12 -3.372941212342978014e-13
-5.118916668426961796e-12 -1.326406048385365196e-11 2.258528307130683064e-11 5.868617130004474660e-12 -1.404141004839247351e-11 1.279356101981808025e-11 7.531657245471550327e-12 1.329938715846875944e-11 1.961863534491210398e-11 6.827339497694897303e-11 1.307098354495492420e-11 8.599304622068621922e-12 9.119672944214586655e-13 5.489319630076871159e-12 5.540660542221645334e-12 -3.010102991625815817e-13 5.790590680752979216e-12 2.166017322748667782e-12 -4.308636233545184822e-12 -3.213486404866227423e-12 -2.234099595183823797e-12 2.260269175590005100e-12 2.203191498186026625e-13 1.239734209536725438e-12 -5.182919134796281205e-13 2.393533680389114509e-13
9.899289242420953891e-12 -1.045721558645299374e-11 1.923697918298770333e-11 1.175621062263304611e-11 1.301503727518960035e-12 1.347526419832380864e-11 1.041001636726856418e-11 2.812817504113608258e-12 1.781046031588029599e-11 1.307098354495492420e-11 5.501158075948857807e-11 1.420804867892772080e-11 3.661625994725448223e-12 4.747622133464810157e-12 1.202130171986267148e-12 -4.965314438810637298e-13 -3.890250163016327917e-12 -2.067260904527208700e-12 -1.218574382740049381e-12 -2.489536146481097046e-12 -5.312621273341773446e-12 -9.176927746028891741e-13 -1.672721851956632350e-12 -7.000993031829981819e-13 7.910670846455354312e-13 6.190950070603823459e-13
-7.065783090800516453e-12 -4.989983131413338382e-12 -3.824409087494064471e-13 -2.465255964090732568e-12 -1.095375865930543938e-11 4.316756352018698125e-12 7.070770789664751324e-14 8.682620998428819082e-12 5.495951608799688253e-12 8.599304622068621922e-12 1.420804867892772080e-11 3.791603235894324625e-11 8.429220788383364224e-12 3.996483958680395593e-12 3.974605099188819519e-12 3.580176115681364076e-12 2.131933536372629370e-13 3.800305240958835100e-13 4.055853470748787552e-12 2.239275630331771186e-12 -7.544201543708641764e-13 2.035887751168214532e-12 5.749319420787877629e-13 6.116661855763423900e-13 -8.329023699087171107e-14 -5.685373153518050075e-13
-9.693064443616026062e-12 2.008268451469651994e-11 6.393367071423831819e-12 1.134830526562917602e-12 1.516917610975450189e-11 -1.433813619898090133e-13 -9.660459354366254127e-13 5.487900452527826722e-12 -2.504341573607415095e-12 9.119672944214586655e-13 3.661625994725448223e-12 8.429220788383364224e-12 3.513252381448022516e-11 1.554738784143097757e-11 5.444950237848627016e-12 5.725156285851094703e-12 1.994453928268259760e-12 1.144007810787320763e-12 2.669459755378648708e-12 1.941780782012764809e-12 5.341885835047365854e-13 1.479384752421223507e-12 -4.397661922746550076e-14 5.294629198795961243e-13 -5.459564194592654515e-13 -7.155145734098649905e-13
-7.643891660408743025e-12 -4.516894794271081268e-12 1.681600264496262936e-11 8.601513186591577560e-12 -3.482451405943417071e-12 2.136487582261858312e-12 -9.204467728779340717e-12 -4.651619983974546452e-12 -3.769475004501619635e-12 5.489319630076871159e-12 4.747622133464810157e-12 3.996483958680395593e-12 1.554738784143097757e-11 3.555190397756143007e-11 1.437747692036396900e-11 4.873340880685827498e-12 2.279337462638002654e-12 2.632612612256343935e-12 2.597400968884045439e-12 -9.276428470720860813e-13 -2.866676452623975260e-12 -2.458589654570619723e-12 -3.132798161015824612e-12 -7.929274383322076835e-13 -6.564342749959912284e-14 -9.653852397334657235e-14
-9.986488703616477105e-12 -5.764897123813067875e-12 2.090883777579007131e-11 4.125353035345458398e-14 8.707706473350525770e-12 -1.397753524756904009e-12 -4.702641356428074072e-12 -7.856553783926048070e-13 -1.140594719240764670e-12 5.540660542221645334e-12 1.202130171986267148e-12 3.974605099188819519e-12 5.444950237848627016e-12 1.437747692036396900e-11 2.292713180680885047e-11 9.993284656124388976e-12 4.659289492262580970e-12 3.076814303271150105e-12 1.347429232233577934e-12 1.371305212882922629e-12 -1.590712280585249002e-12 -8.756452825082319949e-13 -6.675346992133984642e-13 -3.819010646246853231e-13 -2.053633736823564160e-13 -1.273522877868564726e-13
8.195196199419336057e-12 9.850544866592044042e-12 3.841672773382919775e-13 -8.125473180899340982e-12 4.474354535981112630e-12 -6.148033163255565083e-12 -2.979831607813684130e-12 1.480834429257521425e-12 -1.378479230500458052e-13 -3.010102991625815817e-13 -4.965314438810637298e-13 3.580176115681364076e-12 5.725156285851094703e-12 4.873340880685827498e-12 9.993284656124388976e-12 2.437392363374351039e-11 1.056639008647588520e-11 3.889476598219272153e-12 1.639930586148538741e-12 7.064123610693056727e-13 -2.364130565217738118e-12 -1.067977676579813092e-13 3.084415616222011641e-13 -4.140837592413836111e-13 7.719068077081122600e-14 8.309748663053159156e-15
1.598831770985090619e-11 5.315626292550359224e-12 2.933124350464266037e-12 -9.778155597454187575e-12 -9.270332672995112579e-12 -3.404038058028506971e-12 3.020664735146563401e-12 -3.016893911747963494e-12 -2.444928836741056031e-12 5.790590680752979216e-12 -3.890250163016327917e-12 2.131933536372629370e-13 1.994453928268259760e-12 2.279337462638002654e-12 4.659289492262580970e-12 1.056639008647588520e-11 1.713123029056377164e-11 6.905415091219698197e-12 1.767870751420607221e-12 1.300830075905941762e-12 -7.542650925712285210e-13 1.316896394516013990e-13 7.498286624240571883e-13 -3.623210748345733485e-13 -2.279056350487578149e-14 4.915942036766260018e-13
2.047815146795141304e-11 -4.954190332065918260e-12 1.096540760767103112e-11 -3.910461831739787784e-12 -1.455740280570318348e-11 4.820678370481382000e-12 4.214170713605311221e-12 -2.253299208943051524e-12 -1.328042495731268708e-12 2.166017322748667782e-12 -2.067260904527208700e-12 3.800305240958835100e-13 1.144007810787320763e-12 2.632612612256343935e-12 3.076814303271150105e-12 3.889476598219272153e-12 6.905415091219698197e-12 1.945771012799917148e-11 7.009374145661161445e-12 2.952564127312744941e-12 1.144519184337987997e-12 -2.143899518077993712e-13 -1.598108363591670813e-12 -1.298736374794777323e-12 9.821060060659768094e-13 -6.392807916746731438e-13
1.285555141237618957e-11 -2.233940260522753085e-11 1.944568319634120065e-12 -6.424623107461821333e-12 -1.104137219735129850e-11 4.859835723265116676e-12 -3.343183352430072678e-12 -2.200335707660191118e-12 -2.280898114586536262e-12 -4.308636233545184822e-12 -1.218574382740049381e-12 4.055853470748787552e-12 2.669459755378648708e-12 2.597400968884045439e-12 1.347429232233577934e-12 1.639930586148538741e-12 1.767870751420607221e-12 7.009374145661161445e-12 1.536322170253214628e-11 7.595634795447934982e-12 2.211902330893469635e-12 -1.073215111517094914e-12 -6.681188291647624097e-13 2.356997482234555575e-13 1.867907684185977861e-13 -1.222170008272117764e-12
-2.786436742992264924e-12 -1.686598974995788726e-11 -5.486958138092859099e-12 -3.886508691612320555e-12 -2.297501278146749120e-12 7.296659817341092734e-12 -2.634255781227580107e-13 -1.729461490485763789e-12 -1.878820318899548285e-12 -3.213486404866227423e-12 -2.489536146481097046e-12 2.239275630331771186e-12 1.941780782012764809e-12 -9.276428470720860813e-13 1.371305212882922629e-12 7.064123610693056727e-13 1.300830075905941762e-12 2.952564127312744941e-12 7.595634795447934982e-12 1.313811501610616467e-11 5.366093917115591123e-12 8.277855615065106590e-13 1.370284362193396890e-12 1.370331164418682532e-12 -1.739885663486003017e-13 -1.277568679894375198e-12
-1.226830235955574784e-11 -7.947303464864317514e-12 -7.925831200536421226e-12 -4.704515793765021756e-12 -1.526918484935183386e-12 4.344372002662607897e-12 3.642490316380386689e-13 2.318283439263630712e-12 4.800384269347667103e-13 -2.234099595183823797e-12 -5.312621273341773446e-12 -7.544201543708641764e-13 5.341885835047365854e-13 -2.866676452623975260e-12 -1.590712280585249002e-12 -2.364130565217738118e-12 -7.542650925712285210e-13 1.144519184337987997e-12 2.211902330893469635e-12 5.366093917115591123e-12 1.149181759559196706e-11 4.837810724277446402e-12 2.569413127452234522e-12 1.210343891946940838e-12 4.161309749052208839e-14 -1.606403568514143000e-12
-5.650367231179629570e-12 1.629822180785200694e-12 -6.367930529533847830e-12 -2.338758930910046148e-12 1.985978776204863369e-12 -6.940201946122534099e-13 -1.825993684559067663e-12 -2.719868195698372404e-12 1.922164840709433641e-12 2.260269175590005100e-12 -9.176927746028891741e-13 2.035887751168214532e-12 1.479384752421223507e-12 -2.458589654570619723e-12 -8.756452825082319949e-13 -1.067977676579813092e-13 1.316896394516013990e-13 -2.143899518077993712e-13 -1.073215111517094914e-12 8.277855615065106590e-13 4.837810724277446402e-12 8.955103622521210065e-12 4.040942962461082161e-12 1.042996641837800338e-12 6.592187005113193419e-14 -6.613555661463199646e-13
8.116379232553473831e-12 -2.934383607463756409e-12 -6.023999683182146687e-12 1.316093021562572839e-12 -1.384174182916339530e-12 -1.650795042801349005e-12 -1.425828901272868965e-12 -1.101157112466795796e-13 8.405538320200877608e-13 2.203191498186026625e-13 -1.672721851956632350e-12 5.749319420787877629e-13 -4.397661922746550076e-14 -3.132798161015824612e-12 -6.675346992133984642e-13 3.084415616222011641e-13 7.498286624240571883e-13 -1.598108363591670813e-12 -6.681188291647624097e-13 1.370284362193396890e-12 2.569413127452234522e-12 4.040942962461082161e-12 7.583321267045684183e-12 2.024367628289850806e-12 -1.407281500012590871e-13 -2.374884130729763309e-13
9.800740768978179811e-12 -1.061668660506324334e-11 -4.436500860020292279e-12 -1.309436280117166454e-12 -2.554423797024754633e-12 4.612156000930132814e-12 -8.910305094231020694e-13 7.753919118290311984e-13 -9.448770284655101408e-13 1.239734209536725438e-12 -7.000993031829981819e-13 6.116661855763423900e-13 5.294629198795961243e-13 -7.929274383322076835e-13 -3.819010646246853231e-13 -4.140837592413836111e-13 -3.623210748345733485e-13 -1.298736374794777323e-12 2.356997482234555575e-13 1.370331164418682532e-12 1.210343891946940838e-12 1.042996641837800338e-12 2.024367628289850806e-12 4.477816799886214368e-12 6.624705506133032483e-13 -5.038549773609409092e-14
5.890103251895562702e-12 1.799202148155463648e-12 -3.678068961425593464e-12 -4.059505995485228072e-12 -1.864610976836929666e-12 -4.493389133804442082e-13 2.301421278035596975e-12 1.138226968734797683e-12 -1.552577188617062207e-12 -5.182919134796281205e-13 7.910670846455354312e-13 -8.329023699087171107e-14 -5.459564194592654515e-13 -6.564342749959912284e-14 -2.053633736823564160e-13 7.719068077081122600e-14 -2.279056350487578149e-14 9.821060060659768094e-13 1.867907684185977861e-13 -1.739885663486003017e-13 4.161309749052208839e-14 6.592187005113193419e-14 -1.407281500012590871e-13 6.624705506133032483e-13 3.033598219467027358e-12 7.120468010155250041e-13
-1.644747622045164315e-12 1.834468795080971843e-12 -4.005500113279317240e-13 -8.505081027898081733e-13 -2.062400091274328833e-12 -3.721828291908915807e-12 7.150239304964983035e-13 7.018505461860824409e-13 -3.372941212342978014e-13 2.393533680389114509e-13 6.190950070603823459e-13 -5.685373153518050075e-13 -7.155145734098649905e-13 -9.653852397334657235e-14 -1.273522877868564726e-13 8.309748663053159156e-15 4.915942036766260018e-13 -6.392807916746731438e-13 -1.222170008272117764e-12 -1.277568679894375198e-12 -1.606403568514143000e-12 -6.613555661463199646e-13 -2.374884130729763309e-13 -5.038549773609409092e-14 7.120468010155250041e-13 2.936303937513811422e-12
