3.797281590703103306e-09 -7.807777065969765305e-11 4.478311630613919739e-11 1.314509230151243694e-10 9.130403548676018973e-11 1.058683544036184130e-11 -3.495924416377173280e-12 -1.078226906487976635e-10 6.132890490787647289e-11 2.739812603074024594e-11 -3.853496464535125453e-11 8.026183394253250724e-12 -2.077109366844842764e-11 5.291126677286555407e-12 -1.348528127918600161e-11 2.130809876716073234e-11 -1.038211917936869152e-11 1.041178387816016366e-11 1.138280812962674930e-11 9.346006273728957369e-12 8.000479812461470011e-12 2.784244820090274742e-13 5.480281896819593777e-13 3.631734173690226852e-12 -2.528771212053858673e-12 -1.241932618328736945e-11
-7.807777065969765305e-11 2.323519278451497580e-09 1.528047118579855073e-10 2.231780667131242711e-11 9.586159088488048559e-13 -2.828952033575978465e-11 5.283229507933581031e-11 -3.045287260830719350e-11 -5.223118732377445092e-11 -4.994664413776496082e-11 -2.977031590011861557e-12 4.240481755119013604e-12 2.065492951939665838e-11 1.992469128266783374e-11 1.653907144387224658e-11 -4.322112789402717803e-12 1.919456606694617578e-11 1.143452005087557357e-11 -9.313938543551865567e-12 -6.060712178340174271e-12 -7.451525271349346565e-12 -9.255689085107042817e-12 4.354028151455897978e-12 6.642964481681714125e-12 1.174601876617858180e-12 -2.948271761533341434e-12
4.478311630613919739e-11 1.528047118579855073e-10 1.437227664856162855e-09 3.025477709468708395e-11 -7.783664855916901791e-11 -6.809571934113692957e-11 2.951643241844502325e-11 4.797005598813567434e-11 -5.303721252402652574e-12 2.292413173779534647e-11 -5.012867207027595444e-12 -1.585867188999939589e-11 -1.377441852507862875e-12 5.048533304080299787e-12 2.114696672307735643e-11 6.017918883596382857e-12 3.364684951021774334e-13 -1.565216326668865732e-12 3.786860552288347703e-12 -2.756122370880180038e-12 -7.256651500333956643e-12 4.686169235724982262e-12 6.842271665010265195e-12 6.911738058354053522e-12 7.841150319789246566e-12 -1.344071996487438003e-12
1.314509230151243694e-10 2.231780667131242711e-11 3.025477709468708395e-11 9.678149328319211012e-10 1.042822362729566377e-10 6.056986712550799617e-11 5.314527782412267385e-11 5.231987619288497975e-11 2.285686636150528870e-11 1.417595911140167338e-11 2.722986473746337056e-11 1.284072937007794052e-11 5.396464144700545209e-12 -2.667960250533958834e-12 1.885172599628309159e-12 -1.232469598540778749e-12 -2.241901511710574481e-12 3.321640514303270966e-12 -5.014762133821867445e-12 -1.780134359113589723e-12 7.488838548831873751e-13 -2.928798183482745217e-12 1.972022000076448226e-12 3.866002549352415065e-12 3.400667395213774549e-13 3.187562218481608234e-12
9.130403548676018973e-11 9.586159088488048559e-13 -7.783664855916901791e-11 1.042822362729566377e-10 6.238219486426151475e-10 -4.780445413073478249e-11 -1.498362584174109320e-11 1.767107227748279700e-11 2.245908202221218002e-11 1.902226206772787129e-11 1.585612678238361929e-11 1.847822640853356119e-11 1.857482719507847077e-11 2.770893137281286977e-12 3.471478893277818845e-12 5.205788567919356737e-12 5.918378265807608783e-12 1.166062675811252651e-12 1.153951105347195953e-12 -9.323505747076499048e-12 -2.544187817031927732e-12 -3.222103644882827137e-12 -2.607417876085558026e-12 4.672477828055296459e-12 -1.242062337815171158e-12 4.260169965715778520e-12
1.058683544036184130e-11 -2.828952033575978465e-11 -6.809571934113692957e-11 6.056986712550799617e-11 -4.780445413073478249e-11 4.038721668389497837e-10 3.613330922664687339e-11 9.872554282567076534e-12 -3.994139411921315033e-11 -2.558701983100137635e-11 -7.005581544467897256e-13 9.438034495360644136e-12 6.656838815440421754e-12 7.221573423213470068e-13 5.478688291400189884e-12 2.157537435807691711e-12 -5.066247146349632687e-12 -3.015811176522627686e-13 -6.463799980176119002e-12 -5.735694395701711734e-13 -2.357204862719515956e-12 -3.653435853720417934e-12 9.578081327491619087e-14 -2.521030780967834536e-12 4.391497433167445706e-13 3.504945888369152328e-12
-3.495924416377173280e-12 5.283229507933581031e-11 2.951643241844502325e-11 5.314527782412267385e-11 -1.498362584174109320e-11 3.613330922664687339e-11 3.081916744080022564e-10 3.469517704902962011e-11 -8.100580856617376125e-12 -7.061767607089515762e-12 4.336853996104112127e-12 -9.584959518399989418e-13 -3.273272236755573320e-12 -1.345590025717200951e-11 -4.640167276623888879e-12 -3.735572618454134400e-12 5.675102575888587659e-12 -1.502872930084322493e-12 -3.954190356254161894e-12 -2.922721686998243120e-12 -3.278163170527516574e-13 3.375610299029956010e-12 2.698411182384605120e-12 2.526195400411256742e-13 -1.310052755620803767e-12 -6.437132193818343487e-13
-1.078226906487976635e-10 -3.045287260830719350e-11 4.797005598813567434e-11 5.231987619288497975e-11 1.767107227748279700e-11 9.872554282567076534e-12 3.469517704902962011e-11 1.981982778864652983e-10 2.211628341505497825e-11 1.166415246455108393e-11 2.444616905664358559e-11 1.028690325677207434e-11 8.220768020396458768e-12 6.487087751714895550e-12 4.996460033149727426e-12 2.530761059139956223e-12 5.744477244242241126e-12 3.101496229459149235e-12 -3.169937203892437434e-13 1.817370314534262439e-12 3.872424031739494101e-12 6.823044297161711314e-13 1.014117994258208356e-12 1.147233161771610479e-12 -2.901644684861269131e-13 -4.846467260805997802e-13
6.132890490787647289e-11 -5.223118732377445092e-11 -5.303721252402652574e-12 2.285686636150528870e-11 2.245908202221218002e-11 -3.994139411921315033e-11 -8.100580856617376125e-12 2.211628341505497825e-11 1.266979073295427586e-10 1.476619629526975082e-11 1.398222877083771398e-11 5.114194728222364009e-12 -5.247022789648072926e-12 -2.293254859884328107e-13 6.821133067695146598e-13 -4.432991988510813105e-12 -1.629275264726426485e-12 3.437398893008252485e-13 1.627493495128605909e-12 2.154366055139267874e-12 4.641336585047138208e-12 1.267128442192983993e-13 1.217683336877701913e-12 -7.944230451033414979e-13 6.861788502028418649e-13 5.027699508886653744e-13
2.739812603074024594e-11 -4.994664413776496082e-11 2.292413173779534647e-11 1.417595911140167338e-11 1.902226206772787129e-11 -2.558701983100137635e-11 -7.061767607089515762e-12 1.166415246455108393e-11 1.476619629526975082e-11 9.878694840340742667e-11 1.706597541633383363e-11 1.530227427579790297e-11 -1.087355662739490440e-12 4.721203380261959264e-13 -3.213955031538611645e-12 -2.567505116616286036e-12 3.087798448024111635e-12 3.275393902127089160e-13 1.554014769470183190e-12 4.925722491132627637e-13 -1.039704631151603019e-12 3.085765186411306758e-13 -8.185521687488806209e-13 6.059411101606127423e-13 2.817130099714197274e-13 -4.066320599190982250e-13
-3.853496464535125453e-11 -2.977031590011861557e-12 -5.012867207027595444e-12 2.722986473746337056e-11 1.585612678238361929e-11 -7.005581544467897256e-13 4.336853996104112127e-12 2.444616905664358559e-11 1.398222877083771398e-11 1.706597541633383363e-11 6.925096454558150752e-11 1.694266962549230245e-11 8.419288137989471101e-12 4.019875269673036959e-12 5.784763247506715205e-12 1.422533091115076710e-12 -2.135792441299301818e-13 -1.271770060370253046e-12 9.112548646596619097e-13 -1.180520467727569190e-13 -2.175931026536914285e-12 -7.509471194656628919e-13 5.490558385898272241e-13 1.637964086880653117e-12 8.561496086224594310e-13 2.831915665386482728e-13
8.026183394253250724e-12 4.240481755119013604e-12 -1.585867188999939589e-11 1.284072937007794052e-11 1.847822640853356119e-11 9.438034495360644136e-12 -9.584959518399989418e-13 1.028690325677207434e-11 5.114194728222364009e-12 1.530227427579790297e-11 1.694266962549230245e-11 4.812446341986416953e-11 8.802913042132896274e-12 2.256980141612575217e-12 1.042755330876034616e-12 -1.021514601250393014e-13 -9.940628396420404685e-13 -1.521871170707163174e-12 -5.260767386624712368e-13 -8.547059900390986502e-13 1.235753831448296610e-12 -2.238114265315149554e-13 1.375410109502418182e-12 1.429627059942446765e-12 -1.633742185633171663e-13 7.240611737984454578e-13
-2.077109366844842764e-11 2.065492951939665838e-11 -1.377441852507862875e-12 5.396464144700545209e-12 1.857482719507847077e-11 6.656838815440421754e-12 -3.273272236755573320e-12 8.220768020396458768e-12 -5.247022789648072926e-12 -1.087355662739490440e-12 8.419288137989471101e-12 8.802913042132896274e-12 3.430251225372650187e-11 1.028814794722047399e-11 4.638421075323774319e-12 1.739411567863936743e-12 -3.476763768893668181e-13 -1.469846961295904834e-12 -1.395023143125912064e-12 -9.435887064044714169e-13 7.156856123496006968e-13 3.086931202054540785e-13 -7.507440070952204405e-13 8.369892991826596770e-13 -2.855155460279991962e-13 1.751539676169257955e-13
5.291126677286555407e-12 1.992469128266783374e-11 5.048533304080299787e-12 -2.667960250533958834e-12 2.770893137281286977e-12 7.221573423213470068e-13 -1.345590025717200951e-11 6.487087751714895550e-12 -2.293254859884328107e-13 4.721203380261959264e-13 4.019875269673036959e-12 2.256980141612575217e-12 1.028814794722047399e-11 2.948733134091037609e-11 1.108952672402649529e-11 2.484131853866954350e-12 9.175299256843635038e-13 -1.221869618425628176e-12 -1.746493427952039909e-12 -2.043954605486773639e-12 1.482278832823545722e-13 -9.004001707918473560e-13 -1.224657068005094655e-12 -1.596564863570863451e-13 -4.854785474477318606e-14 -2.037115160475195189e-13
-1.348528127918600161e-11 1.653907144387224658e-11 2.114696672307735643e-11 1.885172599628309159e-12 3.471478893277818845e-12 5.478688291400189884e-12 -4.640167276623888879e-12 4.996460033149727426e-12 6.821133067695146598e-13 -3.213955031538611645e-12 5.784763247506715205e-12 1.042755330876034616e-12 4.638421075323774319e-12 1.108952672402649529e-11 2.509147051132710415e-11 9.973395780841015007e-12 3.870379417430943970e-12 1.298134334030513425e-12 -9.157041857735403918e-14 -1.122960409394990495e-12 1.691522211454203751e-13 -1.071153897246792101e-12 4.959820892307319135e-13 -2.954936212531060938e-13 -1.548949952371839432e-13 -4.413480409437507092e-13
2.130809876716073234e-11 -4.322112789402717803e-12 6.017918883596382857e-12 -1.232469598540778749e-12 5.205788567919356737e-12 2.157537435807691711e-12 -3.735572618454134400e-12 2.530761059139956223e-12 -4.432991988510813105e-12 -2.567505116616286036e-12 1.422533091115076710e-12 -1.021514601250393014e-13 1.739411567863936743e-12 2.484131853866954350e-12 9.973395780841015007e-12 1.684747874449825908e-11 5.906260015904334033e-12 2.914752050744438567e-12 1.187768346922903473e-13 -1.006170904939377416e-12 8.278192220638446228e-13 -9.996038186726704115e-13 8.478591416178475800e-14 4.754035826641349634e-14 3.187907153509907240e-13 1.435108434223537480e-13
-1.038211917936869152e-11 1.919456606694617578e-11 3.364684951021774334e-13 -2.241901511710574481e-12 5.918378265807608783e-12 -5.066247146349632687e-12 5.675102575888587659e-12 5.744477244242241126e-12 -1.629275264726426485e-12 3.087798448024111635e-12 -2.135792441299301818e-13 -9.940628396420404685e-13 -3.476763768893668181e-13 9.175299256843635038e-13 3.870379417430943970e-12 5.906260015904334033e-12 1.462351315543537872e-11 4.641658216701222879e-12 5.575981310040174669e-13 -8.118852157239904080e-13 1.205185780511207276e-13 -1.485919724144395743e-13 8.179828201231488476e-14 -1.194188357872839145e-13 -5.883043490585906262e-13 -1.861723023206710042e-13
1.041178387816016366e-11 1.143452005087557357e-11 -1.565216326668865732e-12 3.321640514303270966e-12 1.166062675811252651e-12 -3.015811176522627686e-13 -1.502872930084322493e-12 3.101496229459149235e-12 3.437398893008252485e-13 3.275393902127089160e-13 -1.271770060370253046e-12 -1.521871170707163174e-12 -1.469846961295904834e-12 -1.221869618425628176e-12 1.298134334030513425e-12 2.914752050744438567e-12 4.641658216701222879e-12 1.025497762398726782e-11 4.019530842425834312e-12 9.282482271156462819e-13 1.917466866689315296e-12 4.267839742115992822e-13 -8.754636096706674413e-14 9.061195661513834125e-15 -3.133379069897929075e-13 -1.464719541473958404e-13
1.138280812962674930e-11 -9.313938543551865567e-12 3.786860552288347703e-12 -5.014762133821867445e-12 1.153951105347195953e-12 -6.463799980176119002e-12 -3.954190356254161894e-12 -3.169937203892437434e-13 1.627493495128605909e-12 1.554014769470183190e-12 9.112548646596619097e-13 -5.260767386624712368e-13 -1.395023143125912064e-12 -1.746493427952039909e-12 -9.157041857735403918e-14 1.187768346922903473e-13 5.575981310040174669e-13 4.019530842425834312e-12 8.605253683779775006e-12 1.586301584666738506e-12 -2.580621071840760536e-13 1.448159983905693599e-13 -6.828332348375311647e-13 -2.763973958783030748e-13 -7.009546229717311268e-13 -2.869969976101259819e-14
9.346006273728957369e-12 -6.060712178340174271e-12 -2.756122370880180038e-12 -1.780134359113589723e-12 -9.323505747076499048e-12 -5.735694395701711734e-13 -2.922721686998243120e-12 1.817370314534262439e-12 2.154366055139267874e-12 4.925722491132627637e-13 -1.180520467727569190e-13 -8.547059900390986502e-13 -9.435887064044714169e-13 -2.043954605486773639e-12 -1.122960409394990495e-12 -1.006170904939377416e-12 -8.118852157239904080e-13 9.282482271156462819e-13 1.586301584666738506e-12 7.284523580498428857e-12 2.993471682327972372e-12 2.000884167413476650e-13 -8.417487048551178037e-14 -7.244741594482908273e-13 1.142527339884920394e-13 -1.712345571372649526e-13
8.000479812461470011e-12 -7.451525271349346565e-12 -7.256651500333956643e-12 7.488838548831873751e-13 -2.544187817031927732e-12 -2.357204862719515956e-12 -3.278163170527516574e-13 3.872424031739494101e-12 4.641336585047138208e-12 -1.039704631151603019e-12 -2.175931026536914285e-12 1.235753831448296610e-12 7.156856123496006968e-13 1.482278832823545722e-13 1.691522211454203751e-13 8.278192220638446228e-13 1.205185780511207276e-13 1.917466866689315296e-12 -2.580621071840760536e-13 2.993471682327972372e-12 7.771483617514715403e-12 2.166730538842919954e-12 5.484336303371980077e-13 -3.958978167080726110e-13 -2.086496397278434812e-13 -2.841839190901487920e-13
2.784244820090274742e-13 -9.255689085107042817e-12 4.686169235724982262e-12 -2.928798183482745217e-12 -3.222103644882827137e-12 -3.653435853720417934e-12 3.375610299029956010e-12 6.823044297161711314e-13 1.267128442192983993e-13 3.085765186411306758e-13 -7.509471194656628919e-13 -2.238114265315149554e-13 3.086931202054540785e-13 -9.004001707918473560e-13 -1.071153897246792101e-12 -9.996038186726704115e-13 -1.485919724144395743e-13 4.267839742115992822e-13 1.448159983905693599e-13 2.000884167413476650e-13 2.166730538842919954e-12 6.065603254597758006e-12 2.333519089266351115e-12 5.842573641227721231e-13 -6.877927527783577207e-14 -5.230477207929480724e-13
5.480281896819593777e-13 4.354028151455897978e-12 6.842271665010265195e-12 1.972022000076448226e-12 -2.607417876085558026e-12 9.578081327491619087e-14 2.698411182384605120e-12 1.014117994258208356e-12 1.217683336877701913e-12 -8.185521687488806209e-13 5.490558385898272241e-13 1.375410109502418182e-12 -7.507440070952204405e-13 -1.224657068005094655e-12 4.959820892307319135e-13 8.478591416178475800e-14 8.179828201231488476e-14 -8.754636096706674413e-14 -6.828332348375311647e-13 -8.417487048551178037e-14 5.484336303371980077e-13 2.333519089266351115e-12 4.479826860267724792e-12 1.509138913634565601e-12 9.444814816771732816e-14 -8.784042761206067964e-14
3.631734173690226852e-12 6.642964481681714125e-12 6.911738058354053522e-12 3.866002549352415065e-12 4.672477828055296459e-12 -2.521030780967834536e-12 2.526195400411256742e-13 1.147233161771610479e-12 -7.944230451033414979e-13 6.059411101606127423e-13 1.637964086880653117e-12 1.429627059942446765e-12 8.369892991826596770e-13 -1.596564863570863451e-13 -2.954936212531060938e-13 4.754035826641349634e-14 -1.194188357872839145e-13 9.061195661513834125e-15 -2.763973958783030748e-13 -7.244741594482908273e-13 -3.958978167080726110e-13 5.842573641227721231e-13 1.509138913634565601e-12 3.032845527345451834e-12 1.303370718979754958e-13 -1.798540896201949976e-13
-2.528771212053858673e-12 1.174601876617858180e-12 7.841150319789246566e-12 3.400667395213774549e-13 -1.242062337815171158e-12 4.391497433167445706e-13 -1.310052755620803767e-12 -2.901644684861269131e-13 6.861788502028418649e-13 2.817130099714197274e-13 8.561496086224594310e-13 -1.633742185633171663e-13 -2.855155460279991962e-13 -4.854785474477318606e-14 -1.548949952371839432e-13 3.187907153509907240e-13 -5.883043490585906262e-13 -3.133379069897929075e-13 -7.009546229717311268e-13 1.142527339884920394e-13 -2.086496397278434812e-13 -6.877927527783577207e-14 9.444814816771732816e-14 1.303370718979754958e-13 2.023196536533367281e-12 3.099808186920851150e-13
-1.241932618328736945e-11 -2.948271761533341434e-12 -1.344071996487438003e-12 3.187562218481608234e-12 4.260169965715778520e-12 3.504945888369152328e-12 -6.437132193818343487e-13 -4.846467260805997802e-13 5.027699508886653744e-13 -4.066320599190982250e-13 2.831915665386482728e-13 7.240611737984454578e-13 1.751539676169257955e-13 -2.037115160475195189e-13 -4.413480409437507092e-13 1.435108434223537480e-13 -1.861723023206710042e-13 -1.464719541473958404e-13 -2.869969976101259819e-14 -1.712345571372649526e-13 -2.841839190901487920e-13 -5.230477207929480724e-13 -8.784042761206067964e-14 -1.798540896201949976e-13 3.099808186920851150e-13 1.512248450537530535e-12
