2.058495369304167115e-09 -5.745598244482541689e-11 -5.889189678609308985e-12 7.569627340329581883e-11 -1.329102217204870812e-11 -4.971395184742096120e-11 -5.339021094304155302e-11 7.249116537955371786e-11 -1.838896638206502643e-11 -7.700422201789456295e-12 -3.537418874800772179e-11 -1.395461723374510508e-11 1.050743953753531193e-11 -1.306168715259954697e-12 3.728409469745579883e-12 -4.273145003973264899e-12 -8.194028599459757732e-12 -1.221944394066550240e-11 -1.281661047499802063e-11 -7.806976525063738481e-12 3.994586735005158630e-13 -1.393499782977095104e-12 -3.509754979686104699e-12 -1.180458205633583407e-12 2.878246355952792043e-12 -4.779871106138880286e-14
-5.745598244482541689e-11 1.461537594212175027e-09 1.595863389397102510e-11 7.084529061664012912e-11 3.671152782878339724e-13 1.170565520351211849e-11 -1.284146119347107269e-11 -1.930067460468380260e-11 1.140925379246780790e-11 3.129453660378625539e-11 4.014851675779411256e-11 1.807982623309765831e-11 -6.537695520641742209e-12 3.824113488621946447e-12 9.615942713028211236e-12 1.171455227376404767e-11 9.374839170396243901e-12 1.066403270998763650e-12 8.324899373360146992e-12 -1.924425270035271060e-12 4.604608613602215453e-12 2.905275759027569594e-12 -1.587517990055306047e-12 5.137501525631820527e-12 3.112824680242936820e-12 7.261656908664381486e-13
-5.889189678609308985e-12 1.595863389397102510e-11 9.037395303906081257e-10 3.438505019571311961e-11 -9.219321851283269945e-12 -2.170062765313512969e-11 2.057385967941173463e-11 3.776840568543918952e-12 2.520344985137599124e-13 1.149593889333760841e-11 1.235134440238195894e-11 -1.350580710676651081e-12 -2.059847791079820281e-12 -1.513302071883564135e-12 4.829226763408813970e-12 4.656018084512909336e-12 6.339493856014844917e-12 8.649432471898578428e-13 5.121564160001426056e-12 5.586360194962092832e-14 1.458840540058380150e-12 -8.177106319007314336e-12 3.496360304185735877e-12 4.442930900821227221e-12 -3.219743033115643373e-12 7.263346079393433610e-13
7.569627340329581883e-11 7.084529061664012912e-11 3.438505019571311961e-11 5.450998381373262832e-10 5.544442991456504086e-11 2.562327951993748661e-11 -2.062216251022295806e-12 3.036952942554774282e-12 1.182819600108189745e-11 4.562292517767367978e-12 8.166884706765570733e-12 4.635634875367994495e-12 -6.794454735655871811e-12 3.851683223895396264e-12 1.216750929344577961e-11 2.871531487028537377e-12 -3.009354037501639623e-12 -1.184284564855324100e-11 6.783926659574192951e-12 1.193573934500674788e-12 -3.874607442072364753e-12 5.066968083270194442e-13 -2.303056701457191333e-13 4.482390421087514554e-12 -3.539761863062838770e-12 1.833309790574827710e-12
-1.329102217204870812e-11 3.671152782878339724e-13 -9.219321851283269945e-12 5.544442991456504086e-11 3.917111546843241080e-10 6.674728317363501156e-11 5.696902812085506760e-11 1.108321388828019753e-11 7.730116979659554287e-13 1.248886563529672869e-11 -1.249572030924189245e-12 -9.997122268560132175e-13 -1.264881359772192496e-11 -2.346425898439939571e-12 3.952203470068802005e-12 2.595064899820538211e-12 -2.834376891068908624e-13 4.487676460422891822e-12 4.296979675175777846e-12 -1.008706988675383390e-12 4.149922372427139835e-12 2.386993638284176702e-12 -2.277621230589033664e-12 -3.292575276589319899e-12 -3.237098774811116972e-12 2.972024858969906239e-12
-4.971395184742096120e-11 1.170565520351211849e-11 -2.170062765313512969e-11 2.562327951993748661e-11 6.674728317363501156e-11 2.324522137796395059e-10 2.628715147393852853e-11 -8.069229049223841443e-12 3.021918213758793641e-14 -6.467243417695654883e-12 1.325596691643604397e-13 -9.561469189701576325e-13 7.438023967042289579e-12 -4.660894430593824315e-12 5.026200005697012326e-12 4.118194159591537065e-12 2.288084869364569612e-12 -3.245277185229991301e-13 -7.679409120454907884e-13 -3.798111310106695685e-13 5.180937355608268417e-12 4.267819660458637490e-12 2.520448136531808887e-12 1.265277049721411537e-12 -2.371080614640721999e-12 3.555549019338937319e-13
-5.339021094304155302e-11 -1.284146119347107269e-11 2.057385967941173463e-11 -2.062216251022295806e-12 5.696902812085506760e-11 2.628715147393852853e-11 1.364538259397059550e-10 1.442142020849767921e-11 -6.694462848070831403e-13 9.543061364416127851e-12 8.502837328863129166e-12 4.327339312636459380e-12 -6.683793872110072069e-14 -1.295026896526207372e-12 -3.562867644965290077e-12 -2.866355438515509714e-12 -2.446343944120788061e-12 -1.761664821665212421e-12 2.833820937616661013e-12 -1.785091822438553306e-12 3.172223037821927672e-12 -6.677298956248214812e-14 1.041852211569237546e-12 2.633139332639779594e-13 1.494823877541235663e-12 1.878436101487933124e-12
7.249116537955371786e-11 -1.930067460468380260e-11 3.776840568543918952e-12 3.036952942554774282e-12 1.108321388828019753e-11 -8.069229049223841443e-12 1.442142020849767921e-11 1.064842310921782770e-10 2.108027126919659668e-11 1.849815886786545914e-11 1.471356277575327007e-11 7.984698002345170685e-12 5.043557270770669564e-12 4.656207485588985161e-12 3.060923114830773254e-12 9.479519163860067794e-13 -1.785403260282240234e-12 3.200135452779872152e-13 5.814021050887048718e-12 2.107771839393796353e-12 3.995010539484614464e-13 2.326296117005455564e-13 -1.812061686870186802e-12 1.950169902021901545e-12 4.729860790820500335e-13 1.041874931401572670e-12
-1.838896638206502643e-11 1.140925379246780790e-11 2.520344985137599124e-13 1.182819600108189745e-11 7.730116979659554287e-13 3.021918213758793641e-14 -6.694462848070831403e-13 2.108027126919659668e-11 8.244910794322773731e-11 9.415052840980069174e-12 6.331819544161601027e-12 8.993148572825907918e-12 1.614242770024716201e-12 1.281568415495376552e-12 6.931954591865020971e-13 6.840397969115458838e-14 -3.922821973724504630e-13 -1.801054504114107235e-12 2.571614808883376264e-12 -1.448010671471280770e-13 -1.531629631902410874e-14 9.596277536831866037e-13 -6.300771461911609887e-13 -5.918543367256837483e-13 1.870649451188677570e-13 2.832665306977422148e-13
-7.700422201789456295e-12 3.129453660378625539e-11 1.149593889333760841e-11 4.562292517767367978e-12 1.248886563529672869e-11 -6.467243417695654883e-12 9.543061364416127851e-12 1.849815886786545914e-11 9.415052840980069174e-12 6.822888152668512811e-11 1.764471364058442153e-11 8.673594123238091118e-12 1.910262073109046507e-12 5.843273098705935883e-12 1.147023110455255442e-12 -6.396792830633459504e-13 1.359956769096321848e-12 -2.107107634040036122e-12 4.255150772336971628e-13 -1.382681241075637820e-13 -1.322464445594329374e-12 -5.644983941850050648e-13 1.456080956876709411e-12 1.348172869125234389e-12 1.083985960364877203e-12 1.937113813863087619e-12
-3.537418874800772179e-11 4.014851675779411256e-11 1.235134440238195894e-11 8.166884706765570733e-12 -1.249572030924189245e-12 1.325596691643604397e-13 8.502837328863129166e-12 1.471356277575327007e-11 6.331819544161601027e-12 1.764471364058442153e-11 5.340193263933611714e-11 1.596997825133928899e-11 4.542142278133984152e-12 4.628492631889694861e-12 1.045214242951190483e-12 3.614634638699546657e-13 1.202175905503633573e-12 2.648372476593112467e-12 2.678903576321602246e-12 1.866053823440673565e-12 3.592755471832994373e-12 -7.271968927411455999e-13 -6.406944385406710680e-13 -2.886486707909858936e-13 3.523187375564448637e-13 -7.423346011024060875e-14
-1.395461723374510508e-11 1.807982623309765831e-11 -1.350580710676651081e-12 4.635634875367994495e-12 -9.997122268560132175e-13 -9.561469189701576325e-13 4.327339312636459380e-12 7.984698002345170685e-12 8.993148572825907918e-12 8.673594123238091118e-12 1.596997825133928899e-11 3.930643642657092406e-11 9.098346072194371845e-12 8.793575209021769987e-12 4.053047448710308016e-12 1.048776373194685611e-12 4.987529736030320684e-13 2.294977585860029821e-12 2.547521699350125840e-12 1.715695491434650252e-12 1.438607289703920673e-12 -1.188261913768965864e-12 -1.414231041972032950e-12 -5.131328275360383894e-13 4.822088238113602918e-13 8.022876846890250877e-13
1.050743953753531193e-11 -6.537695520641742209e-12 -2.059847791079820281e-12 -6.794454735655871811e-12 -1.264881359772192496e-11 7.438023967042289579e-12 -6.683793872110072069e-14 5.043557270770669564e-12 1.614242770024716201e-12 1.910262073109046507e-12 4.542142278133984152e-12 9.098346072194371845e-12 2.700697836145920561e-11 1.130795094851826814e-11 5.619264470213555926e-12 1.205578839511394404e-12 -1.138474693852572191e-12 -1.560227552094696068e-12 3.757770681905688907e-13 8.515929367074752347e-13 1.760947384880352918e-12 1.403381062316433184e-12 3.456340545579068701e-13 9.653572441287762842e-13 -7.593015228513747084e-13 -1.611122393312630295e-13
-1.306168715259954697e-12 3.824113488621946447e-12 -1.513302071883564135e-12 3.851683223895396264e-12 -2.346425898439939571e-12 -4.660894430593824315e-12 -1.295026896526207372e-12 4.656207485588985161e-12 1.281568415495376552e-12 5.843273098705935883e-12 4.628492631889694861e-12 8.793575209021769987e-12 1.130795094851826814e-11 2.089822785353132115e-11 9.256484739240422807e-12 5.146369620437742884e-12 1.900187473485531617e-12 8.049332790266258159e-13 1.135151650991332755e-12 1.045632692253337243e-12 2.873001575657205676e-13 -4.840153833508800759e-13 -4.917135593483523714e-13 4.234608305776855137e-14 1.171997556002684162e-13 1.014641535386102519e-13
3.728409469745579883e-12 9.615942713028211236e-12 4.829226763408813970e-12 1.216750929344577961e-11 3.952203470068802005e-12 5.026200005697012326e-12 -3.562867644965290077e-12 3.060923114830773254e-12 6.931954591865020971e-13 1.147023110455255442e-12 1.045214242951190483e-12 4.053047448710308016e-12 5.619264470213555926e-12 9.256484739240422807e-12 2.013144402373441204e-11 9.378054995195194658e-12 2.827728287867545194e-12 1.477598257907405282e-12 1.188737942518807964e-12 -3.205083257989058757e-13 1.330343233604644346e-12 4.375388864734860109e-13 1.319314184815390829e-13 5.860582893606030143e-14 -3.174613943331280906e-13 -3.734618807415344216e-13
-4.273145003973264899e-12 1.171455227376404767e-11 4.656018084512909336e-12 2.871531487028537377e-12 2.595064899820538211e-12 4.118194159591537065e-12 -2.866355438515509714e-12 9.479519163860067794e-13 6.840397969115458838e-14 -6.396792830633459504e-13 3.614634638699546657e-13 1.048776373194685611e-12 1.205578839511394404e-12 5.146369620437742884e-12 9.378054995195194658e-12 1.835430085880589292e-11 9.898238214887638881e-12 3.956247365122395108e-12 6.879961918439085099e-13 -3.496407494743240361e-13 1.124722551041542909e-12 4.948860222877177381e-13 -1.347638512835273761e-12 -2.889710190515475836e-13 3.185586939981653524e-13 -5.254976647950451193e-13
-8.194028599459757732e-12 9.374839170396243901e-12 6.339493856014844917e-12 -3.009354037501639623e-12 -2.834376891068908624e-13 2.288084869364569612e-12 -2.446343944120788061e-12 -1.785403260282240234e-12 -3.922821973724504630e-13 1.359956769096321848e-12 1.202175905503633573e-12 4.987529736030320684e-13 -1.138474693852572191e-12 1.900187473485531617e-12 2.827728287867545194e-12 9.898238214887638881e-12 1.709414699747639686e-11 7.738228097663578630e-12 5.800406024620163194e-13 1.754448417452984593e-12 1.904396798328088262e-12 4.782479386320890876e-13 -1.367987112806366139e-14 1.504319520177494190e-13 -3.309308776729422475e-16 -7.994911206757180409e-14
-1.221944394066550240e-11 1.066403270998763650e-12 8.649432471898578428e-13 -1.184284564855324100e-11 4.487676460422891822e-12 -3.245277185229991301e-13 -1.761664821665212421e-12 3.200135452779872152e-13 -1.801054504114107235e-12 -2.107107634040036122e-12 2.648372476593112467e-12 2.294977585860029821e-12 -1.560227552094696068e-12 8.049332790266258159e-13 1.477598257907405282e-12 3.956247365122395108e-12 7.738228097663578630e-12 1.321398248613680395e-11 3.865053789614767349e-12 2.026472755680734265e-12 2.086004295471847179e-12 6.965131133858451130e-13 -1.419394800857239235e-12 -3.369800455100510866e-13 1.515852348779192883e-13 -6.446414286607815376e-14
-1.281661047499802063e-11 8.324899373360146992e-12 5.121564160001426056e-12 6.783926659574192951e-12 4.296979675175777846e-12 -7.679409120454907884e-13 2.833820937616661013e-12 5.814021050887048718e-12 2.571614808883376264e-12 4.255150772336971628e-13 2.678903576321602246e-12 2.547521699350125840e-12 3.757770681905688907e-13 1.135151650991332755e-12 1.188737942518807964e-12 6.879961918439085099e-13 5.800406024620163194e-13 3.865053789614767349e-12 8.501094679707778046e-12 2.309382830705384183e-12 1.912447556940400863e-13 3.264531197789261677e-13 -1.038907193965247358e-12 -3.185164556953892468e-13 4.784434362655589457e-13 2.367994827489378696e-13
-7.806976525063738481e-12 -1.924425270035271060e-12 5.586360194962092832e-14 1.193573934500674788e-12 -1.008706988675383390e-12 -3.798111310106695685e-13 -1.785091822438553306e-12 2.107771839393796353e-12 -1.448010671471280770e-13 -1.382681241075637820e-13 1.866053823440673565e-12 1.715695491434650252e-12 8.515929367074752347e-13 1.045632692253337243e-12 -3.205083257989058757e-13 -3.496407494743240361e-13 1.754448417452984593e-12 2.026472755680734265e-12 2.309382830705384183e-12 6.461446175846587764e-12 2.769599496337651726e-12 1.467538849730890609e-12 4.409343938751033756e-13 -1.145644347989185061e-13 3.256196030164577944e-15 9.376737884132099432e-14
3.994586735005158630e-13 4.604608613602215453e-12 1.458840540058380150e-12 -3.874607442072364753e-12 4.149922372427139835e-12 5.180937355608268417e-12 3.172223037821927672e-12 3.995010539484614464e-13 -1.531629631902410874e-14 -1.322464445594329374e-12 3.592755471832994373e-12 1.438607289703920673e-12 1.760947384880352918e-12 2.873001575657205676e-13 1.330343233604644346e-12 1.124722551041542909e-12 1.904396798328088262e-12 2.086004295471847179e-12 1.912447556940400863e-13 2.769599496337651726e-12 8.390267077215421800e-12 3.317242637592653132e-12 1.011082708509308251e-12 2.060628297069183478e-13 -6.609415496515416801e-13 -3.860524267824944931e-13
-1.393499782977095104e-12 2.905275759027569594e-12 -8.177106319007314336e-12 5.066968083270194442e-13 2.386993638284176702e-12 4.267819660458637490e-12 -6.677298956248214812e-14 2.326296117005455564e-13 9.596277536831866037e-13 -5.644983941850050648e-13 -7.271968927411455999e-13 -1.188261913768965864e-12 1.403381062316433184e-12 -4.840153833508800759e-13 4.375388864734860109e-13 4.948860222877177381e-13 4.782479386320890876e-13 6.965131133858451130e-13 3.264531197789261677e-13 1.467538849730890609e-12 3.317242637592653132e-12 5.326600979024107765e-12 1.296892186972757774e-12 6.939077521418070192e-13 -4.826682262516977278e-13 -3.828229704431169776e-14
-3.509754979686104699e-12 -1.587517990055306047e-12 3.496360304185735877e-12 -2.303056701457191333e-13 -2.277621230589033664e-12 2.520448136531808887e-12 1.041852211569237546e-12 -1.812061686870186802e-12 -6.300771461911609887e-13 1.456080956876709411e-12 -6.406944385406710680e-13 -1.414231041972032950e-12 3.456340545579068701e-13 -4.917135593483523714e-13 1.319314184815390829e-13 -1.347638512835273761e-12 -1.367987112806366139e-14 -1.419394800857239235e-12 -1.038907193965247358e-12 4.409343938751033756e-13 1.011082708509308251e-12 1.296892186972757774e-12 4.240758336584395927e-12 1.289071576406045462e-12 -5.016572436102406353e-13 -1.537448895533004567e-13
-1.180458205633583407e-12 5.137501525631820527e-12 4.442930900821227221e-12 4.482390421087514554e-12 -3.292575276589319899e-12 1.265277049721411537e-12 2.633139332639779594e-13 1.950169902021901545e-12 -5.918543367256837483e-13 1.348172869125234389e-12 -2.886486707909858936e-13 -5.131328275360383894e-13 9.653572441287762842e-13 4.234608305776855137e-14 5.860582893606030143e-14 -2.889710190515475836e-13 1.504319520177494190e-13 -3.369800455100510866e-13 -3.185164556953892468e-13 -1.145644347989185061e-13 2.060628297069183478e-13 6.939077521418070192e-13 1.289071576406045462e-12 2.815698814510724132e-12 1.448917259575688570e-13 -1.351522738055005925e-13
2.878246355952792043e-12 3.112824680242936820e-12 -3.219743033115643373e-12 -3.539761863062838770e-12 -3.237098774811116972e-12 -2.371080614640721999e-12 1.494823877541235663e-12 4.729860790820500335e-13 1.870649451188677570e-13 1.083985960364877203e-12 3.523187375564448637e-13 4.822088238113602918e-13 -7.593015228513747084e-13 1.171997556002684162e-13 -3.174613943331280906e-13 3.185586939981653524e-13 -3.309308776729422475e-16 1.515852348779192883e-13 4.784434362655589457e-13 3.256196030164577944e-15 -6.609415496515416801e-13 -4.826682262516977278e-13 -5.016572436102406353e-13 1.448917259575688570e-13 1.900733499679011231e-12 2.221128156347267023e-13
-4.779871106138880286e-14 7.261656908664381486e-13 7.263346079393433610e-13 1.833309790574827710e-12 2.972024858969906239e-12 3.555549019338937319e-13 1.878436101487933124e-12 1.041874931401572670e-12 2.832665306977422148e-13 1.937113813863087619e-12 -7.423346011024060875e-14 8.022876846890250877e-13 -1.611122393312630295e-13 1.014641535386102519e-13 -3.734618807415344216e-13 -5.254976647950451193e-13 -7.994911206757180409e-14 -6.446414286607815376e-14 2.367994827489378696e-13 9.376737884132099432e-14 -3.860524267824944931e-13 -3.828229704431169776e-14 -1.537448895533004567e-13 -1.351522738055005925e-13 2.221128156347267023e-13 1.548219099542429096e-12
