2.994970798273897706e-09 2.984604617116664399e-10 8.019264124726088288e-11 7.339530338813786452e-11 -8.646434268679315098e-11 5.011221236209382114e-11 -2.058404137512997963e-11 -3.176440289965106619e-11 6.516738293097897801e-11 -4.792610023172015389e-12 7.184431642261536807e-11 9.359792671076198218e-11 5.228982467721003687e-11 2.686868534226385676e-11 5.974080383025025090e-11 1.905439055231041670e-11 -5.714546085417962854e-12 -1.390169773682964598e-11 -4.307442436603828833e-12 -1.063966573984756241e-11 -1.107553701912135358e-11 9.669648867774726646e-12 8.191334333046457637e-12 1.242861153951553660e-11 3.587262142823231638e-11 -2.734448834849067387e-11
2.984604617116664399e-10 2.168569880294076740e-09 1.400402648323139783e-10 1.406355006385833346e-10 1.294741044135320261e-10 1.329835839510934538e-10 -4.222437821898129537e-12 2.787471886857636815e-11 -2.150439142874851781e-12 2.191946960907536147e-11 -4.747834332436105763e-12 3.218168901280985285e-11 -8.893557955742925919e-12 1.832261214129752201e-12 -5.553349870484068322e-12 -1.245029643677769839e-11 -6.705185998289735210e-14 4.742324533004240378e-11 6.582927758750178260e-11 6.774629335362340613e-11 4.303548867259534241e-11 5.374328434759360646e-11 1.304711727388715964e-11 3.650134575800298993e-12 9.341280931409679673e-13 -2.049064217893165252e-11
8.019264124726088288e-11 1.400402648323139783e-10 1.387363037516217694e-09 2.152926402999191588e-10 6.748336403018577140e-11 8.018575126464718883e-11 1.262063152510700779e-11 -3.122940717051936164e-12 -5.646818482186036952e-12 2.698281433127435749e-11 5.562942468765021299e-11 4.830564875434606787e-11 3.260326190243917634e-11 8.971764945458251919e-12 1.598791488525395409e-11 2.538952895771691269e-12 -1.873351243778631274e-11 -3.835693589778423112e-11 -1.492269578704034871e-11 -1.338399497252993999e-11 -8.059624827287060590e-13 6.585208695106309452e-13 -1.240414692308196572e-12 -1.038734585629113850e-11 7.900121705764236208e-12 -6.460572254437309717e-12
7.339530338813786452e-11 1.406355006385833346e-10 2.152926402999191588e-10 9.271700385000123770e-10 5.695720259194481702e-12 7.302738752047670063e-11 -2.602353579834993220e-12 -8.352605825619199520e-12 -5.186502186503524651e-11 1.600167479144322082e-11 8.400352089908168170e-12 -1.895857225378750468e-11 -1.313172693429447770e-11 -8.479777243078963729e-12 -4.106033179144390791e-12 -2.592598174704069670e-11 -3.065390099422781923e-11 -3.624258296834978266e-11 -3.505073970704862731e-11 -2.485554645424269803e-11 -2.223176700087399970e-11 2.040863303019101937e-12 4.826070978943935375e-12 -1.031298855961645206e-11 -2.882431643309856113e-12 1.490914929868367225e-12
-8.646434268679315098e-11 1.294741044135320261e-10 6.748336403018577140e-11 5.695720259194481702e-12 5.660358716078671072e-10 2.501236646198360176e-11 1.495400787907119072e-11 6.729501903994300726e-12 -2.528168469305228916e-11 -1.110295441670025693e-12 -1.714658888544787245e-11 2.565557771707876247e-12 1.435849121274930734e-12 -2.703671791975461665e-12 -4.471014147324189386e-12 1.653920806241941114e-11 1.203748043741085470e-11 1.152391112708532652e-11 1.546541154089107268e-11 -4.489296923069390447e-12 1.613574203008055284e-13 -6.361684053993426782e-12 -3.199191815916003554e-12 9.268831175043159268e-12 1.337019462694538082e-12 -4.862613699474519513e-12
5.011221236209382114e-11 1.329835839510934538e-10 8.018575126464718883e-11 7.302738752047670063e-11 2.501236646198360176e-11 4.584588877818037297e-10 6.769600582372917276e-11 8.335129585614293898e-11 4.877518809371496822e-11 3.750578482184564419e-11 1.936389849504422833e-11 3.597174137270200254e-11 7.474982705482423919e-12 5.610197854149057210e-12 -7.211345755906970197e-13 -1.938616582743216323e-13 -4.274723130454052095e-12 -1.476715110166345493e-11 -4.715979053559045279e-12 -9.015490710460307305e-13 2.013129000288461219e-12 -4.446071343985678241e-12 -1.180885504114024032e-11 -1.235023890435103006e-11 7.006817728267196737e-13 -3.016738183724015916e-12
-2.058404137512997963e-11 -4.222437821898129537e-12 1.262063152510700779e-11 -2.602353579834993220e-12 1.495400787907119072e-11 6.769600582372917276e-11 2.767675444395710624e-10 5.786376200791988092e-11 5.775331888566638241e-11 3.356612935956932626e-11 2.336718309240019570e-11 1.371021618414905695e-11 2.515534580283953519e-12 -1.173965225430692998e-11 -2.995169425874113137e-12 -3.254780822677639603e-12 4.140474675078591750e-12 1.810443650105674741e-12 -7.066035762352046981e-12 -4.181868391545587814e-13 8.764013974761565195e-13 5.532294834798485890e-12 2.931753301975092621e-12 3.651950527329368781e-12 9.160874731394383029e-12 2.710608009127795439e-12
-3.176440289965106619e-11 2.787471886857636815e-11 -3.122940717051936164e-12 -8.352605825619199520e-12 6.729501903994300726e-12 8.335129585614293898e-11 5.786376200791988092e-11 1.911398317853301700e-10 5.757256605491342160e-11 1.218451529378821689e-11 1.730330627605890829e-11 1.020649512921793106e-11 8.456250692078504097e-13 -5.685436475118188318e-12 -9.800593438412055392e-12 -3.566144308804269362e-12 -6.882826813030015618e-13 -7.392979074472983905e-12 -4.822499927765719229e-12 -1.787111295688737665e-12 4.002646136386918127e-12 4.011483958551570530e-12 5.164415941644356620e-12 5.976559940887430721e-12 4.091274998324047920e-12 4.279937356966503529e-12
6.516738293097897801e-11 -2.150439142874851781e-12 -5.646818482186036952e-12 -5.186502186503524651e-11 -2.528168469305228916e-11 4.877518809371496822e-11 5.775331888566638241e-11 5.757256605491342160e-11 1.527045759430105178e-10 3.227688107354947488e-11 3.441507896515520919e-11 1.750010042664825104e-11 1.204407427176321807e-11 -1.898867252245962166e-12 4.056840392860513799e-12 4.200042123507599728e-12 6.940871936224381065e-13 5.955939232998793479e-14 -4.744147880439392407e-12 -3.812074076720750812e-12 -3.034544445951534388e-12 -3.440779217390504793e-12 -3.979206138762403385e-12 3.915714872687426837e-12 1.125478951031056770e-11 -1.950665771683046983e-13
-4.792610023172015389e-12 2.191946960907536147e-11 2.698281433127435749e-11 1.600167479144322082e-11 -1.110295441670025693e-12 3.750578482184564419e-11 3.356612935956932626e-11 1.218451529378821689e-11 3.227688107354947488e-11 1.065877720112301371e-10 3.111548698109541780e-11 2.417112461444863390e-11 1.679181863622163543e-11 7.827124801069397330e-12 1.331573559420898229e-11 9.427558722826974255e-12 5.004508795305768363e-12 6.245392266582481252e-12 6.038133062311815998e-12 3.296313705251525990e-12 3.495903349079097959e-12 5.185434065257671499e-12 7.288222894562292647e-13 -2.676003824444904955e-12 3.990982833409358870e-12 -4.005370810952965854e-12
7.184431642261536807e-11 -4.747834332436105763e-12 5.562942468765021299e-11 8.400352089908168170e-12 -1.714658888544787245e-11 1.936389849504422833e-11 2.336718309240019570e-11 1.730330627605890829e-11 3.441507896515520919e-11 3.111548698109541780e-11 9.837164046332429046e-11 4.758686997250155988e-11 2.403719793111670237e-11 1.090122968344593795e-11 1.056088818471253504e-11 5.820823122330207543e-12 5.827837659705178650e-13 1.455571841074812354e-12 -3.830197502877344275e-13 5.824371387975120088e-12 5.349007024745437533e-12 5.751245777180260424e-12 6.517123933194691775e-13 -4.349952975397945929e-12 3.255714066171706096e-12 -1.508821202067324192e-12
9.359792671076198218e-11 3.218168901280985285e-11 4.830564875434606787e-11 -1.895857225378750468e-11 2.565557771707876247e-12 3.597174137270200254e-11 1.371021618414905695e-11 1.020649512921793106e-11 1.750010042664825104e-11 2.417112461444863390e-11 4.758686997250155988e-11 8.030028775354465921e-11 3.744173818977918563e-11 2.064262388135830731e-11 1.348969121137041938e-11 9.353848737862058984e-12 5.905504423018626934e-12 6.192916583671728032e-12 8.003134911842182656e-12 4.819477883911163388e-12 5.598879913155518440e-12 3.669126721403778433e-12 -1.956563402316078896e-12 -4.307325286979704294e-12 3.861417559519163105e-12 4.809997380826311270e-13
5.228982467721003687e-11 -8.893557955742925919e-12 3.260326190243917634e-11 -1.313172693429447770e-11 1.435849121274930734e-12 7.474982705482423919e-12 2.515534580283953519e-12 8.456250692078504097e-13 1.204407427176321807e-11 1.679181863622163543e-11 2.403719793111670237e-11 3.744173818977918563e-11 5.217171648449584173e-11 2.714895287541503645e-11 1.832513655228536274e-11 1.776186126032588171e-11 1.166071134152442661e-11 5.278934889724657423e-12 1.247233914389631268e-12 1.276194076216584941e-12 3.274195221983428607e-12 4.142442001613317851e-12 9.965562093552351892e-13 -3.928200293627115748e-12 9.186438532960364687e-13 -1.886160613462677949e-12
2.686868534226385676e-11 1.832261214129752201e-12 8.971764945458251919e-12 -8.479777243078963729e-12 -2.703671791975461665e-12 5.610197854149057210e-12 -1.173965225430692998e-11 -5.685436475118188318e-12 -1.898867252245962166e-12 7.827124801069397330e-12 1.090122968344593795e-11 2.064262388135830731e-11 2.714895287541503645e-11 4.491395779780032656e-11 2.315815246173003706e-11 1.742196967008354231e-11 8.130050906322938503e-12 6.234382829980460075e-12 3.789503846782876655e-12 3.411768886253679515e-13 1.211797950293810852e-12 5.296052185258921229e-12 2.050173967797405707e-13 -3.447944645321726773e-12 -2.379788313591187882e-12 -1.876658339967932184e-12
5.974080383025025090e-11 -5.553349870484068322e-12 1.598791488525395409e-11 -4.106033179144390791e-12 -4.471014147324189386e-12 -7.211345755906970197e-13 -2.995169425874113137e-12 -9.800593438412055392e-12 4.056840392860513799e-12 1.331573559420898229e-11 1.056088818471253504e-11 1.348969121137041938e-11 1.832513655228536274e-11 2.315815246173003706e-11 4.641582435958127313e-11 2.437355901370909535e-11 1.257299125555878422e-11 1.037755724447115961e-11 8.587103474039052428e-12 4.875777647703567196e-12 -2.092696020656354582e-13 4.004257166428757854e-12 2.775815292360363319e-13 1.565599821524918688e-13 -4.381498776544556896e-13 -9.902934898280709633e-13
1.905439055231041670e-11 -1.245029643677769839e-11 2.538952895771691269e-12 -2.592598174704069670e-11 1.653920806241941114e-11 -1.938616582743216323e-13 -3.254780822677639603e-12 -3.566144308804269362e-12 4.200042123507599728e-12 9.427558722826974255e-12 5.820823122330207543e-12 9.353848737862058984e-12 1.776186126032588171e-11 1.742196967008354231e-11 2.437355901370909535e-11 3.757235198406866285e-11 2.175945674201595175e-11 1.537468685277833205e-11 1.100548582422597564e-11 5.745373169093457866e-12 3.644555951359382941e-12 2.271952311318276721e-12 -2.620582129202519115e-12 -1.253260852663382571e-12 -1.972488024852240299e-12 -1.277804412614946995e-12
-5.714546085417962854e-12 -6.705185998289735210e-14 -1.873351243778631274e-11 -3.065390099422781923e-11 1.203748043741085470e-11 -4.274723130454052095e-12 4.140474675078591750e-12 -6.882826813030015618e-13 6.940871936224381065e-13 5.004508795305768363e-12 5.827837659705178650e-13 5.905504423018626934e-12 1.166071134152442661e-11 8.130050906322938503e-12 1.257299125555878422e-11 2.175945674201595175e-11 3.313094265148315998e-11 2.349668494732681442e-11 1.348298766353320548e-11 3.678114221401307913e-12 1.370291229304345501e-12 -4.579060174942029481e-13 -5.096960665443969023e-12 1.027900171994043822e-12 -2.448290745400954443e-12 -1.759656700983774334e-12
-1.390169773682964598e-11 4.742324533004240378e-11 -3.835693589778423112e-11 -3.624258296834978266e-11 1.152391112708532652e-11 -1.476715110166345493e-11 1.810443650105674741e-12 -7.392979074472983905e-12 5.955939232998793479e-14 6.245392266582481252e-12 1.455571841074812354e-12 6.192916583671728032e-12 5.278934889724657423e-12 6.234382829980460075e-12 1.037755724447115961e-11 1.537468685277833205e-11 2.349668494732681442e-11 3.966140705880831499e-11 2.824935670406988655e-11 1.529707630344815122e-11 9.534239361527536917e-12 8.479769092192048540e-12 1.131753831260766969e-12 1.509864424606822759e-12 -2.421651952392768355e-12 -3.469421398150893856e-12
-4.307442436603828833e-12 6.582927758750178260e-11 -1.492269578704034871e-11 -3.505073970704862731e-11 1.546541154089107268e-11 -4.715979053559045279e-12 -7.066035762352046981e-12 -4.822499927765719229e-12 -4.744147880439392407e-12 6.038133062311815998e-12 -3.830197502877344275e-13 8.003134911842182656e-12 1.247233914389631268e-12 3.789503846782876655e-12 8.587103474039052428e-12 1.100548582422597564e-11 1.348298766353320548e-11 2.824935670406988655e-11 4.407609340266019164e-11 2.729641579867163934e-11 1.558990475514326643e-11 1.350145564656241067e-11 6.972934848259105331e-12 2.472536093122202480e-12 -1.388587724424463787e-12 -4.458646830236139686e-12
-1.063966573984756241e-11 6.774629335362340613e-11 -1.338399497252993999e-11 -2.485554645424269803e-11 -4.489296923069390447e-12 -9.015490710460307305e-13 -4.181868391545587814e-13 -1.787111295688737665e-12 -3.812074076720750812e-12 3.296313705251525990e-12 5.824371387975120088e-12 4.819477883911163388e-12 1.276194076216584941e-12 3.411768886253679515e-13 4.875777647703567196e-12 5.745373169093457866e-12 3.678114221401307913e-12 1.529707630344815122e-11 2.729641579867163934e-11 3.929507558137547608e-11 2.526041680124154003e-11 1.765710741532639113e-11 1.023915136481198195e-11 1.412557915698461453e-12 -1.571158466114332227e-12 -4.231907261951203553e-12
-1.107553701912135358e-11 4.303548867259534241e-11 -8.059624827287060590e-13 -2.223176700087399970e-11 1.613574203008055284e-13 2.013129000288461219e-12 8.764013974761565195e-13 4.002646136386918127e-12 -3.034544445951534388e-12 3.495903349079097959e-12 5.349007024745437533e-12 5.598879913155518440e-12 3.274195221983428607e-12 1.211797950293810852e-12 -2.092696020656354582e-13 3.644555951359382941e-12 1.370291229304345501e-12 9.534239361527536917e-12 1.558990475514326643e-11 2.526041680124154003e-11 4.389453936728942676e-11 3.162705196278399653e-11 1.336978376383415080e-11 1.070045070149388103e-12 -1.389206254795179694e-12 -4.275102185735822349e-12
9.669648867774726646e-12 5.374328434759360646e-11 6.585208695106309452e-13 2.040863303019101937e-12 -6.361684053993426782e-12 -4.446071343985678241e-12 5.532294834798485890e-12 4.011483958551570530e-12 -3.440779217390504793e-12 5.185434065257671499e-12 5.751245777180260424e-12 3.669126721403778433e-12 4.142442001613317851e-12 5.296052185258921229e-12 4.004257166428757854e-12 2.271952311318276721e-12 -4.579060174942029481e-13 8.479769092192048540e-12 1.350145564656241067e-11 1.765710741532639113e-11 3.162705196278399653e-11 4.779293412195864789e-11 2.332310976484183377e-11 5.893256343061730379e-12 -7.727123763293003520e-13 -3.800088771106892538e-12
8.191334333046457637e-12 1.304711727388715964e-11 -1.240414692308196572e-12 4.826070978943935375e-12 -3.199191815916003554e-12 -1.180885504114024032e-11 2.931753301975092621e-12 5.164415941644356620e-12 -3.979206138762403385e-12 7.288222894562292647e-13 6.517123933194691775e-13 -1.956563402316078896e-12 9.965562093552351892e-13 2.050173967797405707e-13 2.775815292360363319e-13 -2.620582129202519115e-12 -5.096960665443969023e-12 1.131753831260766969e-12 6.972934848259105331e-12 1.023915136481198195e-11 1.336978376383415080e-11 2.332310976484183377e-11 2.674752777208019457e-11 9.178473275988131097e-12 -1.461348427728091469e-12 -1.503954389153905202e-12
1.242861153951553660e-11 3.650134575800298993e-12 -1.038734585629113850e-11 -1.031298855961645206e-11 9.268831175043159268e-12 -1.235023890435103006e-11 3.651950527329368781e-12 5.976559940887430721e-12 3.915714872687426837e-12 -2.676003824444904955e-12 -4.349952975397945929e-12 -4.307325286979704294e-12 -3.928200293627115748e-12 -3.447944645321726773e-12 1.565599821524918688e-13 -1.253260852663382571e-12 1.027900171994043822e-12 1.509864424606822759e-12 2.472536093122202480e-12 1.412557915698461453e-12 1.070045070149388103e-12 5.893256343061730379e-12 9.178473275988131097e-12 2.143719838176649397e-11 4.547759688006900381e-12 -7.174264949174478996e-13
3.587262142823231638e-11 9.341280931409679673e-13 7.900121705764236208e-12 -2.882431643309856113e-12 1.337019462694538082e-12 7.006817728267196737e-13 9.160874731394383029e-12 4.091274998324047920e-12 1.125478951031056770e-11 3.990982833409358870e-12 3.255714066171706096e-12 3.861417559519163105e-12 9.186438532960364687e-13 -2.379788313591187882e-12 -4.381498776544556896e-13 -1.972488024852240299e-12 -2.448290745400954443e-12 -2.421651952392768355e-12 -1.388587724424463787e-12 -1.571158466114332227e-12 -1.389206254795179694e-12 -7.727123763293003520e-13 -1.461348427728091469e-12 4.547759688006900381e-12 1.276273699096769469e-11 1.903627288383319526e-12
-2.734448834849067387e-11 -2.049064217893165252e-11 -6.460572254437309717e-12 1.490914929868367225e-12 -4.862613699474519513e-12 -3.016738183724015916e-12 2.710608009127795439e-12 4.279937356966503529e-12 -1.950665771683046983e-13 -4.005370810952965854e-12 -1.508821202067324192e-12 4.809997380826311270e-13 -1.886160613462677949e-12 -1.876658339967932184e-12 -9.902934898280709633e-13 -1.277804412614946995e-12 -1.759656700983774334e-12 -3.469421398150893856e-12 -4.458646830236139686e-12 -4.231907261951203553e-12 -4.275102185735822349e-12 -3.800088771106892538e-12 -1.503954389153905202e-12 -7.174264949174478996e-13 1.903627288383319526e-12 1.132798881915291815e-11
