9.911394174112142094e-09 2.491510686054436660e-10 -4.365690631462662698e-10 -6.716120600681012577e-10 2.366304344775758994e-10 -3.471897261049363672e-10 1.663307887225039029e-10 2.020118465989420702e-11 -9.134527706822604493e-11 1.009987093862914959e-10 1.128639878780808156e-10 -1.887430835851000429e-11 -4.221786642349457256e-11 -3.344184732815429715e-12 3.303846957966533343e-11 -1.382456649433727978e-11 -2.256041033846650136e-11 -2.575760645593732120e-11 -2.581564638366587619e-12 -9.685412412070452746e-12
2.491510686054436660e-10 7.905004083045520483e-09 4.431189551449114078e-10 -4.194174645132250454e-11 2.904355410224653065e-10 1.371805992014484660e-10 -7.221760694764406071e-11 2.663249951045884959e-10 6.871241758257414872e-11 5.609292766778439491e-11 -1.689083254357542721e-11 -1.440590262288450753e-12 3.045283640243905640e-11 -2.919892605992161019e-11 -5.322946370060141581e-11 7.854365343951600760e-12 -4.481102643045318042e-11 -2.149340981175721452e-11 -4.713071544317300127e-11 -6.402905807803763733e-11
-4.365690631462662698e-10 4.431189551449114078e-10 5.083354782327013768e-09 3.788782783078021154e-10 1.506072714015239566e-10 1.099589818942299349e-10 -1.109243026391819031e-10 5.547164470310039531e-11 -9.429682895438124611e-11 -1.901611630500578995e-11 6.338079030051957197e-11 4.798634012081867970e-11 -9.226050087979407288e-11 -8.480003654109866161e-12 2.450810564490690173e-11 -8.772135109928819154e-12 7.387149930214816424e-12 1.521290745609159208e-11 1.936499225156026251e-11 7.225846912113590521e-12
-6.716120600681012577e-10 -4.194174645132250454e-11 3.788782783078021154e-10 2.607150222865601988e-09 6.546386873632515827e-11 1.888324067309362759e-10 1.351966236679164316e-11 2.352263907921065537e-11 4.329544996784449072e-13 1.606304529351396778e-11 -1.154225998393418041e-11 1.105381734002225367e-10 -1.070744511176104255e-11 3.391012216178217903e-13 -3.089935073607055599e-11 1.058042252904828463e-11 -8.646408908471748242e-12 8.580162418941705213e-12 6.263680963311313501e-12 1.655146348207177973e-11
2.366304344775758994e-10 2.904355410224653065e-10 1.506072714015239566e-10 6.546386873632515827e-11 2.332157348243179968e-09 -1.560786271170105425e-12 5.320920960836394527e-11 -4.328272013676090933e-11 4.353685216016016844e-11 -1.472399208857073948e-10 -8.844757001630602252e-12 2.325830281005556130e-11 -4.414351934890953657e-11 4.692023468767648328e-11 -2.348895994447243349e-11 -1.372058915498844972e-11 -1.188847925946350340e-11 -1.801757511793831838e-11 6.665097431879069922e-12 1.220955485217561000e-11
-3.471897261049363672e-10 1.371805992014484660e-10 1.099589818942299349e-10 1.888324067309362759e-10 -1.560786271170105425e-12 1.357169572872389977e-09 3.071083371439289382e-11 1.091315347092737443e-11 -6.098458713750026608e-11 -1.791663221174761161e-11 2.474397276005443932e-11 1.459757915449482513e-11 2.503740145463314115e-11 3.598577286802722296e-11 7.107682088498913744e-12 5.345618313649956172e-12 -1.385053725690301214e-11 3.584492795110484718e-12 -8.311843440893004216e-12 4.566069368342706838e-12
1.663307887225039029e-10 -7.221760694764406071e-11 -1.109243026391819031e-10 1.351966236679164316e-11 5.320920960836394527e-11 3.071083371439289382e-11 7.226673938865685986e-10 1.638300205918780721e-11 -4.864836211589074957e-11 1.099731456514500324e-11 8.565690862478263204e-12 -1.462335029265038278e-11 -1.235046802540589936e-11 -9.385736952923392607e-12 -1.228588030244503959e-11 -9.276318013472521519e-12 -1.072812796761644923e-11 -8.832954602725185171e-13 1.751538691870923408e-12 -1.845330418914967818e-12
2.020118465989420702e-11 2.663249951045884959e-10 5.547164470310039531e-11 2.352263907921065537e-11 -4.328272013676090933e-11 1.091315347092737443e-11 1.638300205918780721e-11 6.134876956501955882e-10 6.278949258577696051e-11 2.858233958800092100e-11 1.226766397616808538e-11 -2.607443777328433738e-11 -2.982387628169338013e-11 -1.668630722768942855e-11 8.407554817959726477e-12 1.579532190085313510e-12 -8.525911213534196961e-12 5.614994556025508203e-12 -7.410726233848364048e-12 -3.975545207048599885e-12
-9.134527706822604493e-11 6.871241758257414872e-11 -9.429682895438124611e-11 4.329544996784449072e-13 4.353685216016016844e-11 -6.098458713750026608e-11 -4.864836211589074957e-11 6.278949258577696051e-11 3.121543834696814813e-10 2.159374793347948436e-11 1.704606667291552140e-11 4.242711888217081664e-12 2.045386862317380895e-11 -8.675083325351923879e-12 -1.633747224880287734e-11 -1.783864916655478610e-11 -6.957097813856845867e-12 -1.032531814308531455e-11 -1.613509472759722430e-12 -4.031810239770234046e-12
1.009987093862914959e-10 5.609292766778439491e-11 -1.901611630500578995e-11 1.606304529351396778e-11 -1.472399208857073948e-10 -1.791663221174761161e-11 1.099731456514500324e-11 2.858233958800092100e-11 2.159374793347948436e-11 2.368484264840732007e-10 2.952441628529922196e-11 -1.063065426253342385e-11 7.591707103867569906e-12 -5.960685289534729229e-12 1.545410612565390572e-11 1.165402627518998824e-11 2.614785038609208379e-12 -3.486018042368162480e-12 -5.628953596514818498e-12 1.832612365057140768e-12
1.128639878780808156e-10 -1.689083254357542721e-11 6.338079030051957197e-11 -1.154225998393418041e-11 -8.844757001630602252e-12 2.474397276005443932e-11 8.565690862478263204e-12 1.226766397616808538e-11 1.704606667291552140e-11 2.952441628529922196e-11 1.754679804329045726e-10 2.745273187913085331e-11 -3.765239339363017474e-13 9.913637180085921348e-12 -4.476441842359931777e-12 -5.129498320689093052e-12 -2.817502497872162177e-12 -6.433777858103569834e-12 2.484524493405850424e-12 -3.630871264678282177e-12
-1.887430835851000429e-11 -1.440590262288450753e-12 4.798634012081867970e-11 1.105381734002225367e-10 2.325830281005556130e-11 1.459757915449482513e-11 -1.462335029265038278e-11 -2.607443777328433738e-11 4.242711888217081664e-12 -1.063065426253342385e-11 2.745273187913085331e-11 1.115468759582852541e-10 1.396915510958349629e-11 7.895868641494278049e-13 -2.140987474244419286e-12 -6.186111926344045390e-12 -5.538126650364206286e-12 -5.375354911693397242e-12 1.785771400732658843e-12 -9.796843194477044212e-13
-4.221786642349457256e-11 3.045283640243905640e-11 -9.226050087979407288e-11 -1.070744511176104255e-11 -4.414351934890953657e-11 2.503740145463314115e-11 -1.235046802540589936e-11 -2.982387628169338013e-11 2.045386862317380895e-11 7.591707103867569906e-12 -3.765239339363017474e-13 1.396915510958349629e-11 7.896766207883125015e-11 1.930519550902132345e-11 9.072549566406800993e-13 5.744595233302110550e-12 4.355858235190694062e-12 -2.474283467102027632e-12 -9.567926751802744166e-13 -5.129997910294860845e-13
-3.344184732815429715e-12 -2.919892605992161019e-11 -8.480003654109866161e-12 3.391012216178217903e-13 4.692023468767648328e-11 3.598577286802722296e-11 -9.385736952923392607e-12 -1.668630722768942855e-11 -8.675083325351923879e-12 -5.960685289534729229e-12 9.913637180085921348e-12 7.895868641494278049e-13 1.930519550902132345e-11 5.075068827501728994e-11 9.067853687232518232e-12 6.365005831442131654e-12 4.022009307770343373e-12 -1.621882607688992597e-12 -2.207782284632214715e-12 -9.545028951987863213e-13
3.303846957966533343e-11 -5.322946370060141581e-11 2.450810564490690173e-11 -3.089935073607055599e-11 -2.348895994447243349e-11 7.107682088498913744e-12 -1.228588030244503959e-11 8.407554817959726477e-12 -1.633747224880287734e-11 1.545410612565390572e-11 -4.476441842359931777e-12 -2.140987474244419286e-12 9.072549566406800993e-13 9.067853687232518232e-12 5.217711659477872993e-11 1.216906854271707248e-11 5.136452862602297388e-12 1.393724520909590487e-12 3.273607325870959079e-13 4.009879827807804181e-12
-1.382456649433727978e-11 7.854365343951600760e-12 -8.772135109928819154e-12 1.058042252904828463e-11 -1.372058915498844972e-11 5.345618313649956172e-12 -9.276318013472521519e-12 1.579532190085313510e-12 -1.783864916655478610e-11 1.165402627518998824e-11 -5.129498320689093052e-12 -6.186111926344045390e-12 5.744595233302110550e-12 6.365005831442131654e-12 1.216906854271707248e-11 3.024794202181431664e-11 9.984882112697524276e-12 4.435321232903037889e-12 1.870835649104977295e-12 -1.188073619916304746e-12
-2.256041033846650136e-11 -4.481102643045318042e-11 7.387149930214816424e-12 -8.646408908471748242e-12 -1.188847925946350340e-11 -1.385053725690301214e-11 -1.072812796761644923e-11 -8.525911213534196961e-12 -6.957097813856845867e-12 2.614785038609208379e-12 -2.817502497872162177e-12 -5.538126650364206286e-12 4.355858235190694062e-12 4.022009307770343373e-12 5.136452862602297388e-12 9.984882112697524276e-12 2.080555168197236566e-11 5.873570953879533342e-12 1.113204582798431581e-12 2.080334420340464560e-12
-2.575760645593732120e-11 -2.149340981175721452e-11 1.521290745609159208e-11 8.580162418941705213e-12 -1.801757511793831838e-11 3.584492795110484718e-12 -8.832954602725185171e-13 5.614994556025508203e-12 -1.032531814308531455e-11 -3.486018042368162480e-12 -6.433777858103569834e-12 -5.375354911693397242e-12 -2.474283467102027632e-12 -1.621882607688992597e-12 1.393724520909590487e-12 4.435321232903037889e-12 5.873570953879533342e-12 1.522760284270206282e-11 5.883924810577094453e-12 2.301044450637195847e-12
-2.581564638366587619e-12 -4.713071544317300127e-11 1.936499225156026251e-11 6.263680963311313501e-12 6.665097431879069922e-12 -8.311843440893004216e-12 1.751538691870923408e-12 -7.410726233848364048e-12 -1.613509472759722430e-12 -5.628953596514818498e-12 2.484524493405850424e-12 1.785771400732658843e-12 -9.567926751802744166e-13 -2.207782284632214715e-12 3.273607325870959079e-13 1.870835649104977295e-12 1.113204582798431581e-12 5.883924810577094453e-12 1.609149402579778503e-11 4.877724349435425833e-12
-9.685412412070452746e-12 -6.402905807803763733e-11 7.225846912113590521e-12 1.655146348207177973e-11 1.220955485217561000e-11 4.566069368342706838e-12 -1.845330418914967818e-12 -3.975545207048599885e-12 -4.031810239770234046e-12 1.832612365057140768e-12 -3.630871264678282177e-12 -9.796843194477044212e-13 -5.129997910294860845e-13 -9.545028951987863213e-13 4.009879827807804181e-12 -1.188073619916304746e-12 2.080334420340464560e-12 2.301044450637195847e-12 4.877724349435425833e-12 1.030907364607595161e-11
