1.329789832666575692e-08 -2.156494018728722954e-10 3.885493472653263851e-10 -9.066340823299759613e-10 5.883291692701688243e-10 3.975973933332639244e-10 -6.978202493465957162e-10 7.455893225877328572e-11 -2.273999566100149782e-10 -7.148956409283640316e-11 4.348386258744155810e-11 -6.303996648373220041e-11 -6.347370225550325011e-11 -8.544984452019827422e-11 -1.372578806617976497e-11 7.890836067426084305e-11 8.093879606787754615e-11 2.111683186755446458e-11 5.463637853409742350e-11 5.294818910474074039e-11
-2.156494018728722954e-10 7.678303231444414061e-09 2.736275226967017119e-11 -3.597825854464041573e-10 1.158268197198941704e-10 -8.642165288068802575e-10 -1.199880628183072877e-10 -5.896578267551372472e-11 -1.033528297974107137e-10 2.518255282807092416e-11 7.741890507174099697e-11 -1.502550247414379169e-11 7.825141529006830160e-11 -3.506078791208184414e-11 1.234028869229351990e-11 5.541062722617926406e-11 3.364432776879302511e-11 -3.263611194771319728e-11 2.387532003235911381e-11 1.562914076417314063e-11
3.885493472653263851e-10 2.736275226967017119e-11 6.019850824087813659e-09 -2.963655014291287268e-10 4.554627553661960793e-10 2.301386824699697022e-12 -1.221887780077607369e-10 -1.153149792722298689e-10 -2.147597847574289643e-10 -8.225362307060100706e-11 7.894718396855313841e-11 -1.209887223976948799e-10 2.237488434028505427e-11 5.132288548258743316e-11 -2.015877087910163670e-11 -4.803688195083505286e-11 -9.002117359514133360e-12 9.131882900270922369e-12 -3.337674686904599731e-12 1.152245697122208967e-12
-9.066340823299759613e-10 -3.597825854464041573e-10 -2.963655014291287268e-10 3.454802649526997569e-09 -1.324311433770889932e-10 -1.216126803803100158e-10 5.582207865631189577e-11 2.532341404713176834e-11 4.215779642372317878e-11 4.923151905567915439e-11 1.309366484507852511e-11 4.275569799659518982e-11 3.215204846782475187e-11 -6.170129186796798998e-11 -7.184574484275807932e-11 -3.253572623994232204e-11 -2.874361232450667024e-11 -2.102398055592825256e-11 -2.007279511245914893e-11 -1.505863394129205228e-11
5.883291692701688243e-10 1.158268197198941704e-10 4.554627553661960793e-10 -1.324311433770889932e-10 2.417776725070516826e-09 5.110890917342312849e-11 -1.385147712910555602e-10 5.497343756129955845e-13 -8.560198543791031697e-11 -1.519235662255167909e-10 3.778702321166515960e-11 -5.804572664419299437e-11 1.039794964915318994e-11 -8.732003510115506037e-12 2.303884431611332694e-11 -8.112766208768402675e-12 2.136491643938307280e-11 7.439894299364702041e-12 1.543698533790476493e-11 1.860979767522900099e-11
3.975973933332639244e-10 -8.642165288068802575e-10 2.301386824699697022e-12 -1.216126803803100158e-10 5.110890917342312849e-11 1.568015594295789558e-09 9.072389748942712176e-11 7.495847503109886067e-11 1.851885402989899057e-10 8.155388529057878691e-12 -4.829335321325315142e-11 -1.446717646649340922e-11 -2.643296009310089903e-11 -5.866573536670978158e-12 -7.283531475530315475e-13 -5.522074947145269395e-12 2.416080802063716914e-11 3.509787883203546880e-12 -9.049069649480061785e-12 -2.352017438150385341e-12
-6.978202493465957162e-10 -1.199880628183072877e-10 -1.221887780077607369e-10 5.582207865631189577e-11 -1.385147712910555602e-10 9.072389748942712176e-11 9.497301238743025454e-10 1.225393542615503992e-10 3.359027196710099701e-11 5.012679655575966472e-11 -3.342282911510773087e-11 -1.089278291462129259e-11 -1.380579641307884099e-12 -1.296538273638479958e-12 1.879964942259699129e-11 -5.089428822024911825e-12 -1.766927422114388342e-11 -1.266931624147911016e-11 -1.069327953329785381e-11 -1.996689747811228627e-11
7.455893225877328572e-11 -5.896578267551372472e-11 -1.153149792722298689e-10 2.532341404713176834e-11 5.497343756129955845e-13 7.495847503109886067e-11 1.225393542615503992e-10 6.101004502322348149e-10 6.720959269781274758e-11 -1.558391647897784622e-12 5.416746688149552081e-12 -3.771810439459379098e-11 5.760389420387909017e-12 2.446392646916036774e-12 1.276804580206125765e-11 -1.472320466099896685e-12 -8.436413193300418070e-12 -1.662983275807127340e-11 2.831019168631017169e-12 -4.635895482383643844e-12
-2.273999566100149782e-10 -1.033528297974107137e-10 -2.147597847574289643e-10 4.215779642372317878e-11 -8.560198543791031697e-11 1.851885402989899057e-10 3.359027196710099701e-11 6.720959269781274758e-11 4.124698231896771476e-10 4.436600457440899479e-11 -2.327750580069389532e-11 3.497707632666043233e-11 8.310982363196765113e-12 -1.890003026565371489e-11 2.069533768137236156e-11 8.037118961572211319e-12 -1.053413163438126071e-12 -1.649781578307606609e-11 6.341857645321246389e-12 -9.251109186376122953e-12
-7.148956409283640316e-11 2.518255282807092416e-11 -8.225362307060100706e-11 4.923151905567915439e-11 -1.519235662255167909e-10 8.155388529057878691e-12 5.012679655575966472e-11 -1.558391647897784622e-12 4.436600457440899479e-11 2.416704509887182252e-10 2.661637229497969276e-11 1.559371922810309241e-11 1.975836611979361550e-12 -1.030453873028956446e-11 -1.394489402569770369e-11 -1.671999690688623303e-12 1.755870924237259502e-12 2.011059300850767089e-12 -4.800158770361961263e-12 -5.171568797138205557e-12
4.348386258744155810e-11 7.741890507174099697e-11 7.894718396855313841e-11 1.309366484507852511e-11 3.778702321166515960e-11 -4.829335321325315142e-11 -3.342282911510773087e-11 5.416746688149552081e-12 -2.327750580069389532e-11 2.661637229497969276e-11 1.816185388996957998e-10 3.665603150042966795e-11 2.832542460017318055e-11 9.915324222818381632e-12 6.729700802526197422e-12 7.260869899910733643e-13 9.679278804530685960e-12 -7.855546213031112779e-12 -9.624248493684963783e-12 1.977777628138439488e-12
-6.303996648373220041e-11 -1.502550247414379169e-11 -1.209887223976948799e-10 4.275569799659518982e-11 -5.804572664419299437e-11 -1.446717646649340922e-11 -1.089278291462129259e-11 -3.771810439459379098e-11 3.497707632666043233e-11 1.559371922810309241e-11 3.665603150042966795e-11 1.206308610090488653e-10 1.623272214808032176e-11 1.048203526116852570e-11 6.577294592373168941e-12 1.089854767952366671e-11 2.320551046933295777e-12 6.456918878970788112e-12 1.145917137833031873e-12 3.081967469827111131e-12
-6.347370225550325011e-11 7.825141529006830160e-11 2.237488434028505427e-11 3.215204846782475187e-11 1.039794964915318994e-11 -2.643296009310089903e-11 -1.380579641307884099e-12 5.760389420387909017e-12 8.310982363196765113e-12 1.975836611979361550e-12 2.832542460017318055e-11 1.623272214808032176e-11 9.214418957427024287e-11 1.660904049157734001e-11 1.274996501906707735e-11 9.212466066738022278e-12 7.106282045639157388e-12 2.683319225898553090e-12 1.729395959258545725e-12 3.527419627623025785e-13
-8.544984452019827422e-11 -3.506078791208184414e-11 5.132288548258743316e-11 -6.170129186796798998e-11 -8.732003510115506037e-12 -5.866573536670978158e-12 -1.296538273638479958e-12 2.446392646916036774e-12 -1.890003026565371489e-11 -1.030453873028956446e-11 9.915324222818381632e-12 1.048203526116852570e-11 1.660904049157734001e-11 5.959115059336549099e-11 1.576741616058294601e-11 7.296457249806417340e-12 5.160585048534722141e-12 1.998095753708128415e-12 -2.422246704492586147e-12 1.369606296788938724e-12
-1.372578806617976497e-11 1.234028869229351990e-11 -2.015877087910163670e-11 -7.184574484275807932e-11 2.303884431611332694e-11 -7.283531475530315475e-13 1.879964942259699129e-11 1.276804580206125765e-11 2.069533768137236156e-11 -1.394489402569770369e-11 6.729700802526197422e-12 6.577294592373168941e-12 1.274996501906707735e-11 1.576741616058294601e-11 5.095873482617408600e-11 1.021294047643117248e-11 3.961370226569737721e-13 -3.048895432997587118e-12 -3.220651492500978927e-14 4.430547587646420015e-12
7.890836067426084305e-11 5.541062722617926406e-11 -4.803688195083505286e-11 -3.253572623994232204e-11 -8.112766208768402675e-12 -5.522074947145269395e-12 -5.089428822024911825e-12 -1.472320466099896685e-12 8.037118961572211319e-12 -1.671999690688623303e-12 7.260869899910733643e-13 1.089854767952366671e-11 9.212466066738022278e-12 7.296457249806417340e-12 1.021294047643117248e-11 3.855449506113792285e-11 8.316118598924563735e-12 5.577820723183082205e-12 6.540848991075702429e-12 2.117681525289667090e-12
8.093879606787754615e-11 3.364432776879302511e-11 -9.002117359514133360e-12 -2.874361232450667024e-11 2.136491643938307280e-11 2.416080802063716914e-11 -1.766927422114388342e-11 -8.436413193300418070e-12 -1.053413163438126071e-12 1.755870924237259502e-12 9.679278804530685960e-12 2.320551046933295777e-12 7.106282045639157388e-12 5.160585048534722141e-12 3.961370226569737721e-13 8.316118598924563735e-12 2.780195949717976054e-11 9.640318889065896951e-12 4.775208777267495430e-12 2.472522102415545558e-12
2.111683186755446458e-11 -3.263611194771319728e-11 9.131882900270922369e-12 -2.102398055592825256e-11 7.439894299364702041e-12 3.509787883203546880e-12 -1.266931624147911016e-11 -1.662983275807127340e-11 -1.649781578307606609e-11 2.011059300850767089e-12 -7.855546213031112779e-12 6.456918878970788112e-12 2.683319225898553090e-12 1.998095753708128415e-12 -3.048895432997587118e-12 5.577820723183082205e-12 9.640318889065896951e-12 2.356883093688239011e-11 7.606662363249041502e-12 2.507267383165393235e-12
5.463637853409742350e-11 2.387532003235911381e-11 -3.337674686904599731e-12 -2.007279511245914893e-11 1.543698533790476493e-11 -9.049069649480061785e-12 -1.069327953329785381e-11 2.831019168631017169e-12 6.341857645321246389e-12 -4.800158770361961263e-12 -9.624248493684963783e-12 1.145917137833031873e-12 1.729395959258545725e-12 -2.422246704492586147e-12 -3.220651492500978927e-14 6.540848991075702429e-12 4.775208777267495430e-12 7.606662363249041502e-12 1.419403674789840923e-11 3.006139097413578525e-12
5.294818910474074039e-11 1.562914076417314063e-11 1.152245697122208967e-12 -1.505863394129205228e-11 1.860979767522900099e-11 -2.352017438150385341e-12 -1.996689747811228627e-11 -4.635895482383643844e-12 -9.251109186376122953e-12 -5.171568797138205557e-12 1.977777628138439488e-12 3.081967469827111131e-12 3.527419627623025785e-13 1.369606296788938724e-12 4.430547587646420015e-12 2.117681525289667090e-12 2.472522102415545558e-12 2.507267383165393235e-12 3.006139097413578525e-12 1.025824995690252960e-11
