3.548820913662473554e-09 7.614295874314403486e-11 1.840521661353594447e-10 -3.075544186733771485e-11 -3.774051985417078514e-11 -2.542343674004621530e-11 8.660786495044691231e-12 -6.464610593567297690e-12 2.530280750698954155e-11 2.711538438267783352e-11 -1.389655254910025413e-12 -2.907308679794813430e-11 -2.470858146192439796e-11 1.299098565177429805e-11 -3.891347102832967416e-11 -5.751211381358127407e-11 -5.692535123462307500e-11 -1.172400783394164612e-12 -1.576852482864511506e-11 1.257723253791761066e-11 1.407644199860123040e-11 8.658897894891020314e-13 1.797722331309562811e-11 2.188474135195917554e-11 3.590572717059474535e-12 -2.815290266167311267e-12
7.614295874314403486e-11 2.360769472881294470e-09 -2.981531064477982399e-11 7.568083803718791717e-11 1.390906353785258869e-11 2.463679899491734230e-11 2.598912579567832456e-12 6.906985509311812619e-11 -2.722816306394913150e-11 4.038049161089432859e-13 3.866879514001265825e-11 -1.560447776763000542e-11 -1.685646015473873106e-11 -3.213614194156550661e-11 -4.501023952564614761e-11 -2.515368493433234732e-11 -2.800115209504165130e-12 -3.609029124126788080e-11 -1.629440475486335109e-11 1.214498439460842498e-11 2.593694861301802880e-11 -5.232774388515368479e-12 -1.381101408273090762e-11 -2.094901700461457388e-12 7.052639675736771085e-12 1.838169105706519842e-12
1.840521661353594447e-10 -2.981531064477982399e-11 1.363754069042793735e-09 7.344617817298211604e-12 2.827512859135753992e-11 2.865808234863671340e-11 -7.932945589804541258e-12 -5.558044957823547383e-11 3.683948137821065716e-11 6.613268697820496628e-13 6.423018101517146525e-12 -9.729247579691409150e-12 1.272987786338299214e-11 2.128223143255939470e-11 1.716008642411630756e-12 2.527054040394755439e-12 -5.168953676076384326e-12 -4.657987159021222266e-13 -2.029906141234769148e-11 -2.389482631211103101e-11 1.323028425609331620e-11 -1.817186305078815593e-12 -4.606309286228739702e-12 -7.971757481001357012e-12 -7.832849724731545897e-13 1.066207498259237507e-12
-3.075544186733771485e-11 7.568083803718791717e-11 7.344617817298211604e-12 8.368809320364016383e-10 2.120946330706851104e-11 3.205603444806246555e-11 2.567145517920897707e-11 -5.379807710789896341e-12 -1.297961377988468006e-11 1.161647610201483624e-12 6.158161292230426225e-12 2.432339005586282056e-11 -9.626228062041842068e-12 -2.528364461943455288e-11 -2.087798949809758081e-11 -3.373509428970058906e-12 -8.325730876780442056e-12 -7.239681824619511810e-12 1.774582069666292441e-12 -8.457203827739190562e-12 -2.281845757544967192e-12 7.806964576581515919e-12 1.170333461824296334e-12 2.186283414468720353e-12 9.660776475241530219e-13 4.346669029877055618e-12
-3.774051985417078514e-11 1.390906353785258869e-11 2.827512859135753992e-11 2.120946330706851104e-11 5.575361074925199090e-10 4.996681369133780556e-11 2.212983071529518792e-11 3.288539584345316800e-11 -1.802181535186508083e-12 -8.350197279540743899e-12 -1.858013485471138882e-11 -1.430539814900735394e-11 2.633001344594372840e-12 -2.485334348774957185e-12 1.292460115226337814e-12 -5.362862846562907500e-12 1.876135054781276496e-12 1.089815607182345867e-11 3.023388396270907826e-12 9.561870845113447914e-12 1.302581527365135918e-11 -2.308948615924655143e-12 -3.720833478575375910e-12 -5.795403147785746072e-12 -5.271021112207560277e-12 -6.848545924902405617e-12
-2.542343674004621530e-11 2.463679899491734230e-11 2.865808234863671340e-11 3.205603444806246555e-11 4.996681369133780556e-11 3.105051492188382891e-10 5.500774463261750492e-11 2.686321556967192347e-11 6.730448511369128399e-12 2.281768263150561887e-12 -1.868654067160062660e-11 -1.657657804053483369e-11 3.067706803550016681e-12 -1.057279886747423940e-11 -6.347869425507506570e-12 -5.849262285205345007e-12 2.685339910417771016e-13 2.064934207865064059e-12 -4.201264432805589222e-12 7.970247785284222878e-12 6.993785417622545768e-12 -3.105123820970544528e-12 -9.437412646211355463e-13 -1.288227035783785174e-12 -2.300457981315233087e-13 -3.620082451244124737e-12
8.660786495044691231e-12 2.598912579567832456e-12 -7.932945589804541258e-12 2.567145517920897707e-11 2.212983071529518792e-11 5.500774463261750492e-11 2.396166256152724547e-10 3.259211429545061307e-11 7.836280308932058196e-12 -8.405377993246022571e-12 -5.944025192341548020e-12 9.554840781189720378e-12 -6.426358699389843378e-12 -6.303671806065028168e-12 -9.885291208470302072e-12 -5.364909869445064897e-12 -3.991037094061337438e-12 -7.386846236838007136e-12 -5.893791131479283438e-12 -4.221996439795961309e-12 -3.824110992302769483e-12 -9.619169284294803656e-13 5.025700031423872012e-12 4.425169492790139017e-12 -3.595638736023034577e-12 -2.727619592875662430e-12
-6.464610593567297690e-12 6.906985509311812619e-11 -5.558044957823547383e-11 -5.379807710789896341e-12 3.288539584345316800e-11 2.686321556967192347e-11 3.259211429545061307e-11 1.599022176906528420e-10 1.067943580123915168e-11 1.625112234134435508e-11 -3.206488513992816195e-12 -1.629123298106147688e-12 -6.932311355214048521e-12 -3.242179474888298633e-12 -5.763484161204208620e-12 -9.299510812272151614e-12 1.845617018671813319e-12 6.465176255289198400e-12 4.220952977763096876e-12 3.185989624653172645e-12 6.384484452011457295e-12 7.787734599784762402e-12 2.761976427729845329e-12 -1.053752865003109991e-12 1.513515134331594945e-12 1.471950496967249609e-12
2.530280750698954155e-11 -2.722816306394913150e-11 3.683948137821065716e-11 -1.297961377988468006e-11 -1.802181535186508083e-12 6.730448511369128399e-12 7.836280308932058196e-12 1.067943580123915168e-11 1.084373343979721297e-10 2.929193178259540926e-11 2.074712821940077733e-11 1.442194515034057908e-11 1.024663452546955436e-11 1.008040639888002108e-11 4.675953166319154170e-12 -4.291423257689258285e-12 -1.097893941012826773e-12 -9.855743421773897995e-13 2.170860921240898739e-13 5.131203054535566938e-12 6.517674828982359270e-12 3.749501309895743089e-12 5.111359276920150479e-12 2.127253347110147356e-12 -1.414492345368453694e-12 3.350408078282523037e-12
2.711538438267783352e-11 4.038049161089432859e-13 6.613268697820496628e-13 1.161647610201483624e-12 -8.350197279540743899e-12 2.281768263150561887e-12 -8.405377993246022571e-12 1.625112234134435508e-11 2.929193178259540926e-11 1.054685812865220391e-10 2.058026134396434637e-11 9.854703463089085865e-12 3.178781705833648541e-12 4.043256470373974516e-12 4.012359423104594135e-12 -3.028730178167251806e-12 -4.306059429977981814e-12 -8.685899950830635897e-13 -4.209160852601776554e-12 -5.741226031601773191e-12 -4.414068454902644869e-12 -4.574341380932494582e-12 4.223605343737781973e-13 1.518894063107172911e-12 2.543128330390818580e-12 -8.565969898294529720e-13
-1.389655254910025413e-12 3.866879514001265825e-11 6.423018101517146525e-12 6.158161292230426225e-12 -1.858013485471138882e-11 -1.868654067160062660e-11 -5.944025192341548020e-12 -3.206488513992816195e-12 2.074712821940077733e-11 2.058026134396434637e-11 6.883852549699967065e-11 2.534847262849912387e-11 8.210916970270034426e-12 8.186186046549209300e-12 4.724158822365978306e-12 3.485202917199439846e-12 1.687590856002555838e-12 5.326747230286590570e-13 6.680362797779878964e-13 -3.913114303719240447e-13 -9.708479001230912278e-13 1.675188136751302176e-12 1.136637272949157469e-12 -1.976182637027030076e-12 -1.768819014448103961e-13 2.005267257310018857e-12
-2.907308679794813430e-11 -1.560447776763000542e-11 -9.729247579691409150e-12 2.432339005586282056e-11 -1.430539814900735394e-11 -1.657657804053483369e-11 9.554840781189720378e-12 -1.629123298106147688e-12 1.442194515034057908e-11 9.854703463089085865e-12 2.534847262849912387e-11 6.078909571453110352e-11 2.163353927188556393e-11 7.868011588176663450e-12 8.907285604890154446e-12 6.938105032141682493e-12 2.505888511033208732e-12 5.383209211820736679e-13 2.191002589156431735e-12 6.735255302979319817e-13 -1.681264255559829941e-12 1.760599069430901979e-12 6.193486460484889552e-13 -5.541716394989202059e-13 -1.849831708148564875e-12 1.371365778586331036e-13
-2.470858146192439796e-11 -1.685646015473873106e-11 1.272987786338299214e-11 -9.626228062041842068e-12 2.633001344594372840e-12 3.067706803550016681e-12 -6.426358699389843378e-12 -6.932311355214048521e-12 1.024663452546955436e-11 3.178781705833648541e-12 8.210916970270034426e-12 2.163353927188556393e-11 4.156548880833167831e-11 1.774510782450300265e-11 1.031554552092792176e-11 7.860364706063673056e-12 2.178142747398329382e-12 1.350913378999012826e-12 -3.270089679125193606e-13 -1.119780737481233665e-12 -2.161698164739112605e-12 5.588031569634395865e-14 7.277811418774702000e-13 3.253823073628174694e-13 -1.252426707593526767e-12 -1.431444532835167444e-13
1.299098565177429805e-11 -3.213614194156550661e-11 2.128223143255939470e-11 -2.528364461943455288e-11 -2.485334348774957185e-12 -1.057279886747423940e-11 -6.303671806065028168e-12 -3.242179474888298633e-12 1.008040639888002108e-11 4.043256470373974516e-12 8.186186046549209300e-12 7.868011588176663450e-12 1.774510782450300265e-11 4.523498908326314049e-11 2.109012017253448550e-11 1.014649845977549441e-11 2.211132962838695507e-12 -7.475412638701841791e-13 -1.141858919651264295e-12 1.436025171483458955e-13 -2.151634304552342305e-12 9.835761200953284026e-13 8.248525430032375781e-13 -6.983029063535815765e-13 -1.256313824210033339e-12 1.421182709148344694e-12
-3.891347102832967416e-11 -4.501023952564614761e-11 1.716008642411630756e-12 -2.087798949809758081e-11 1.292460115226337814e-12 -6.347869425507506570e-12 -9.885291208470302072e-12 -5.763484161204208620e-12 4.675953166319154170e-12 4.012359423104594135e-12 4.724158822365978306e-12 8.907285604890154446e-12 1.031554552092792176e-11 2.109012017253448550e-11 3.596143203626961826e-11 1.701313877175776991e-11 6.175692047729123741e-12 4.790348307889887293e-12 4.421350466199290238e-13 6.688432482433409725e-13 4.541374484932837628e-13 3.963216289406579446e-12 2.434392242273157846e-12 -2.999620730705164155e-12 -1.004174733252415902e-12 8.915026339041542894e-14
-5.751211381358127407e-11 -2.515368493433234732e-11 2.527054040394755439e-12 -3.373509428970058906e-12 -5.362862846562907500e-12 -5.849262285205345007e-12 -5.364909869445064897e-12 -9.299510812272151614e-12 -4.291423257689258285e-12 -3.028730178167251806e-12 3.485202917199439846e-12 6.938105032141682493e-12 7.860364706063673056e-12 1.014649845977549441e-11 1.701313877175776991e-11 3.342951456200052347e-11 1.781590684538274281e-11 8.628723500311157248e-12 4.081782558241384881e-12 4.451908810102421318e-12 4.652768122872132302e-13 6.544323479162299650e-13 1.205367986573029611e-12 -8.466216058596732393e-13 2.081434043256037424e-13 3.115315628829155872e-13
-5.692535123462307500e-11 -2.800115209504165130e-12 -5.168953676076384326e-12 -8.325730876780442056e-12 1.876135054781276496e-12 2.685339910417771016e-13 -3.991037094061337438e-12 1.845617018671813319e-12 -1.097893941012826773e-12 -4.306059429977981814e-12 1.687590856002555838e-12 2.505888511033208732e-12 2.178142747398329382e-12 2.211132962838695507e-12 6.175692047729123741e-12 1.781590684538274281e-11 2.906368619683529700e-11 1.465044925769196384e-11 7.215277663117994584e-12 4.721443219608845882e-12 2.640203142497232939e-12 2.532262450143188434e-12 5.859213205725733003e-14 -1.205608227520667657e-12 -6.978260042898684959e-13 6.475330934190518599e-13
-1.172400783394164612e-12 -3.609029124126788080e-11 -4.657987159021222266e-13 -7.239681824619511810e-12 1.089815607182345867e-11 2.064934207865064059e-12 -7.386846236838007136e-12 6.465176255289198400e-12 -9.855743421773897995e-13 -8.685899950830635897e-13 5.326747230286590570e-13 5.383209211820736679e-13 1.350913378999012826e-12 -7.475412638701841791e-13 4.790348307889887293e-12 8.628723500311157248e-12 1.465044925769196384e-11 2.910014094079626887e-11 1.700296577138367923e-11 8.347947151320621069e-12 5.517732061136957949e-12 2.374133570571663293e-12 1.377371262938733021e-12 -1.241694201268011469e-12 -7.098943508173022102e-13 -7.617302795904229400e-13
-1.576852482864511506e-11 -1.629440475486335109e-11 -2.029906141234769148e-11 1.774582069666292441e-12 3.023388396270907826e-12 -4.201264432805589222e-12 -5.893791131479283438e-12 4.220952977763096876e-12 2.170860921240898739e-13 -4.209160852601776554e-12 6.680362797779878964e-13 2.191002589156431735e-12 -3.270089679125193606e-13 -1.141858919651264295e-12 4.421350466199290238e-13 4.081782558241384881e-12 7.215277663117994584e-12 1.700296577138367923e-11 2.555734291104158273e-11 1.552991848545285447e-11 8.525915370465363814e-12 2.762210871402793768e-12 3.276826423407318094e-13 -2.448427833063088884e-13 -3.744381289757201187e-13 -1.501257921181800956e-12
1.257723253791761066e-11 1.214498439460842498e-11 -2.389482631211103101e-11 -8.457203827739190562e-12 9.561870845113447914e-12 7.970247785284222878e-12 -4.221996439795961309e-12 3.185989624653172645e-12 5.131203054535566938e-12 -5.741226031601773191e-12 -3.913114303719240447e-13 6.735255302979319817e-13 -1.119780737481233665e-12 1.436025171483458955e-13 6.688432482433409725e-13 4.451908810102421318e-12 4.721443219608845882e-12 8.347947151320621069e-12 1.552991848545285447e-11 3.060191013837770738e-11 1.806934522416833251e-11 4.258704771566660396e-12 2.512713696475761173e-13 -1.927386450496619671e-13 -8.228023202351513066e-13 -1.234430125293297821e-12
1.407644199860123040e-11 2.593694861301802880e-11 1.323028425609331620e-11 -2.281845757544967192e-12 1.302581527365135918e-11 6.993785417622545768e-12 -3.824110992302769483e-12 6.384484452011457295e-12 6.517674828982359270e-12 -4.414068454902644869e-12 -9.708479001230912278e-13 -1.681264255559829941e-12 -2.161698164739112605e-12 -2.151634304552342305e-12 4.541374484932837628e-13 4.652768122872132302e-13 2.640203142497232939e-12 5.517732061136957949e-12 8.525915370465363814e-12 1.806934522416833251e-11 2.720229315186096029e-11 1.092945695192971828e-11 3.053700207778147238e-12 -3.657192006699141843e-13 -3.658039884830184774e-13 -1.878523173218946221e-12
8.658897894891020314e-13 -5.232774388515368479e-12 -1.817186305078815593e-12 7.806964576581515919e-12 -2.308948615924655143e-12 -3.105123820970544528e-12 -9.619169284294803656e-13 7.787734599784762402e-12 3.749501309895743089e-12 -4.574341380932494582e-12 1.675188136751302176e-12 1.760599069430901979e-12 5.588031569634395865e-14 9.835761200953284026e-13 3.963216289406579446e-12 6.544323479162299650e-13 2.532262450143188434e-12 2.374133570571663293e-12 2.762210871402793768e-12 4.258704771566660396e-12 1.092945695192971828e-11 1.700935631569661608e-11 5.470816033063540824e-12 2.476414101974187692e-13 3.576182851342066156e-13 -1.072234970018573161e-12
1.797722331309562811e-11 -1.381101408273090762e-11 -4.606309286228739702e-12 1.170333461824296334e-12 -3.720833478575375910e-12 -9.437412646211355463e-13 5.025700031423872012e-12 2.761976427729845329e-12 5.111359276920150479e-12 4.223605343737781973e-13 1.136637272949157469e-12 6.193486460484889552e-13 7.277811418774702000e-13 8.248525430032375781e-13 2.434392242273157846e-12 1.205367986573029611e-12 5.859213205725733003e-14 1.377371262938733021e-12 3.276826423407318094e-13 2.512713696475761173e-13 3.053700207778147238e-12 5.470816033063540824e-12 1.007787992729700203e-11 2.939672631925144006e-12 6.308746046563683420e-13 -1.109866430341223685e-13
2.188474135195917554e-11 -2.094901700461457388e-12 -7.971757481001357012e-12 2.186283414468720353e-12 -5.795403147785746072e-12 -1.288227035783785174e-12 4.425169492790139017e-12 -1.053752865003109991e-12 2.127253347110147356e-12 1.518894063107172911e-12 -1.976182637027030076e-12 -5.541716394989202059e-13 3.253823073628174694e-13 -6.983029063535815765e-13 -2.999620730705164155e-12 -8.466216058596732393e-13 -1.205608227520667657e-12 -1.241694201268011469e-12 -2.448427833063088884e-13 -1.927386450496619671e-13 -3.657192006699141843e-13 2.476414101974187692e-13 2.939672631925144006e-12 8.934733740002405100e-12 2.209006241621196317e-12 5.311821515879730073e-13
3.590572717059474535e-12 7.052639675736771085e-12 -7.832849724731545897e-13 9.660776475241530219e-13 -5.271021112207560277e-12 -2.300457981315233087e-13 -3.595638736023034577e-12 1.513515134331594945e-12 -1.414492345368453694e-12 2.543128330390818580e-12 -1.768819014448103961e-13 -1.849831708148564875e-12 -1.252426707593526767e-12 -1.256313824210033339e-12 -1.004174733252415902e-12 2.081434043256037424e-13 -6.978260042898684959e-13 -7.098943508173022102e-13 -3.744381289757201187e-13 -8.228023202351513066e-13 -3.658039884830184774e-13 3.576182851342066156e-13 6.308746046563683420e-13 2.209006241621196317e-12 5.527935144091505832e-12 1.214820415090931731e-12
-2.815290266167311267e-12 1.838169105706519842e-12 1.066207498259237507e-12 4.346669029877055618e-12 -6.848545924902405617e-12 -3.620082451244124737e-12 -2.727619592875662430e-12 1.471950496967249609e-12 3.350408078282523037e-12 -8.565969898294529720e-13 2.005267257310018857e-12 1.371365778586331036e-13 -1.431444532835167444e-13 1.421182709148344694e-12 8.915026339041542894e-14 3.115315628829155872e-13 6.475330934190518599e-13 -7.617302795904229400e-13 -1.501257921181800956e-12 -1.234430125293297821e-12 -1.878523173218946221e-12 -1.072234970018573161e-12 -1.109866430341223685e-13 5.311821515879730073e-13 1.214820415090931731e-12 5.994372888902503797e-12
