6.634279423149517757e-09 3.360210302429565544e-09 2.204652152222704714e-09 1.981463845625159911e-09 1.584516127841909306e-09 1.271825500467068519e-09 1.071462583792616134e-09 9.151132980427305845e-10 6.856829892540780289e-10 5.249082338821712769e-10 4.915982405617306566e-10 3.657661528758907674e-10 3.687970486208387132e-10 3.610875418096105591e-10 3.601623096061456310e-10 2.966248657029957444e-10 2.487433851811310938e-10 1.773666811796233757e-10 1.066270359009392338e-10 5.612554473265809978e-11 3.544737820643275394e-11 -8.001953181360927289e-12 9.632547316804486198e-12 6.191816761849447242e-11 5.457286945060523042e-11 2.596322813187210824e-11
3.360210302429565544e-09 4.986876621377109606e-09 1.914639890265097369e-09 1.799593983650237546e-09 1.443012800989479267e-09 1.181171488222803059e-09 1.014748437125107637e-09 8.324317013975088370e-10 6.812839236555757597e-10 5.304128529828363571e-10 4.833967381646410695e-10 3.796091045136344357e-10 2.624364800671307321e-10 2.165446500026416710e-10 1.920723112178542850e-10 2.077816420149614838e-10 1.968449247949818717e-10 1.067405293905937543e-10 5.785060879582044552e-11 2.029216943960156951e-11 1.308302061673129710e-11 2.363745345111530805e-11 5.437498317201670892e-11 5.164908497956476705e-11 3.418700003530952967e-11 3.268239576911291170e-11
2.204652152222704714e-09 1.914639890265097369e-09 2.845882563849135601e-09 1.378107222135032295e-09 1.136545768252414636e-09 7.980262786325467394e-10 6.441825854377521274e-10 5.714922134111201512e-10 4.191165466942392520e-10 3.596177810014719419e-10 3.359759172896869752e-10 2.513422649139883546e-10 2.717566039462989998e-10 2.116223106969766625e-10 1.922099377919018347e-10 1.950022698708599719e-10 1.583626165267249563e-10 1.081071193745835444e-10 5.429641527344888962e-11 2.585286774023997902e-11 6.242277052163884538e-12 1.467058021841701316e-11 3.074326097501291315e-11 2.701132716011917927e-11 6.249264401375073553e-12 1.349574634777001360e-11
1.981463845625159911e-09 1.799593983650237546e-09 1.378107222135032295e-09 2.112548260639644926e-09 1.089833731044388749e-09 7.792916657809469835e-10 5.489525083579835826e-10 5.434571256167973739e-10 3.835124118579219833e-10 2.971014647303087208e-10 2.714593527486502044e-10 2.180877509927843166e-10 2.154788520687237663e-10 1.621845419144804855e-10 1.447543199965803872e-10 1.549017048762215703e-10 1.273730221911318630e-10 8.653576504697289590e-11 5.430071040217249839e-11 1.650889808592669174e-11 -1.069926841376269989e-12 1.695237435513177932e-11 3.218171701585792618e-11 2.910682564174054806e-11 8.846160737890401343e-12 8.402623638653858061e-12
1.584516127841909306e-09 1.443012800989479267e-09 1.136545768252414636e-09 1.089833731044388749e-09 1.473566555173740155e-09 7.125944518426862510e-10 5.332472586587391368e-10 4.630376393708571980e-10 3.639325427267769493e-10 2.711277150370730243e-10 2.771959792095170122e-10 1.784873264555306283e-10 1.867633367363325257e-10 1.455969098449374783e-10 1.408134324681316943e-10 1.480361125349320069e-10 1.438846801944568871e-10 1.053179764444069451e-10 5.906612901975031108e-11 2.433186614441015374e-11 2.100466592656270864e-11 1.216613161672963872e-11 8.010677382204829621e-12 2.263207825152057731e-11 2.329600920433766380e-11 1.423686878586449733e-11
1.271825500467068519e-09 1.181171488222803059e-09 7.980262786325467394e-10 7.792916657809469835e-10 7.125944518426862510e-10 9.887989845029255233e-10 4.591946268891116391e-10 3.795633818398899704e-10 3.133031610705397935e-10 2.415265751000418459e-10 2.100692554006405557e-10 1.316051030813600589e-10 1.157669491956578587e-10 9.113967297631477535e-11 8.917937484682773839e-11 8.372230517637881937e-11 8.166212041120186244e-11 6.736438995409291215e-11 2.097324399185457630e-11 2.361845320327570351e-12 2.448040330899547371e-12 4.044222807346103484e-13 9.346532298629513867e-12 1.668625405735729033e-11 1.155155694727528843e-11 1.776246572373221273e-11
1.071462583792616134e-09 1.014748437125107637e-09 6.441825854377521274e-10 5.489525083579835826e-10 5.332472586587391368e-10 4.591946268891116391e-10 6.706241384280176328e-10 3.498043613765759904e-10 2.725836594741924300e-10 2.461029184832565428e-10 1.921181755930276153e-10 1.475635985695167484e-10 1.195086991236295239e-10 9.116589845625827669e-11 9.669615922354703280e-11 8.841163103677271435e-11 7.272233973537945701e-11 4.908308159299150084e-11 2.234891778807113912e-11 2.662930717789768249e-11 4.542127941288548370e-12 -1.027648273634484370e-11 -5.343073813590342340e-12 1.677023192490247470e-11 4.690425410665860293e-12 5.460178345373540182e-12
9.151132980427305845e-10 8.324317013975088370e-10 5.714922134111201512e-10 5.434571256167973739e-10 4.630376393708571980e-10 3.795633818398899704e-10 3.498043613765759904e-10 4.691639617202068925e-10 2.308368939759266448e-10 1.811822147077630420e-10 1.517242084830609859e-10 1.203907328892049864e-10 1.056358990901135350e-10 8.600985528105902378e-11 8.622957056685387768e-11 7.992399171012473672e-11 8.383249402352755133e-11 5.871411675902193290e-11 3.284763413557434597e-11 1.769026435957572861e-11 6.367733576908608609e-12 6.110572694139947019e-12 7.240634261258374893e-12 2.005927122489192844e-11 7.446240815596444045e-12 1.102975241801926904e-11
6.856829892540780289e-10 6.812839236555757597e-10 4.191165466942392520e-10 3.835124118579219833e-10 3.639325427267769493e-10 3.133031610705397935e-10 2.725836594741924300e-10 2.308368939759266448e-10 3.450734339418119625e-10 1.865392898877594751e-10 1.465148672700754442e-10 1.113587081608850211e-10 8.703309097131562813e-11 7.258938390886448230e-11 7.110711652284409192e-11 5.765963157033617724e-11 4.749143702981839223e-11 3.714525972955711110e-11 1.998514323203092580e-11 1.499189345444540495e-11 7.323977493686150408e-12 1.551273609914066725e-13 5.833744015168693909e-12 8.336277995807143204e-12 1.567772411615863956e-12 7.529575964671052651e-12
5.249082338821712769e-10 5.304128529828363571e-10 3.596177810014719419e-10 2.971014647303087208e-10 2.711277150370730243e-10 2.415265751000418459e-10 2.461029184832565428e-10 1.811822147077630420e-10 1.865392898877594751e-10 2.591401581112389874e-10 1.532415192419375177e-10 1.085019848532605009e-10 7.815614918457945818e-11 6.601635484100801954e-11 6.408167553457806353e-11 5.053144041222709628e-11 3.788299906965684249e-11 2.990233450836005762e-11 1.561321086891425247e-11 3.648806312150258880e-12 1.699224904077980735e-12 1.174757321608943196e-12 5.323644105902249383e-13 1.586641283076544772e-12 3.415462502376555632e-12 1.088713685951732262e-11
4.915982405617306566e-10 4.833967381646410695e-10 3.359759172896869752e-10 2.714593527486502044e-10 2.771959792095170122e-10 2.100692554006405557e-10 1.921181755930276153e-10 1.517242084830609859e-10 1.465148672700754442e-10 1.532415192419375177e-10 2.086879429007185650e-10 1.263493646865483309e-10 8.490868567010787179e-11 6.279578909933937474e-11 6.103313174375103323e-11 6.201049004710549257e-11 4.678955761190009558e-11 3.706251010514875727e-11 1.915463295483357541e-11 1.041719083598939416e-11 1.305195633685324166e-11 9.251836362212449932e-12 5.019010236944270512e-12 3.602468806831248683e-12 4.416459831326725090e-12 1.365645615705659294e-11
3.657661528758907674e-10 3.796091045136344357e-10 2.513422649139883546e-10 2.180877509927843166e-10 1.784873264555306283e-10 1.316051030813600589e-10 1.475635985695167484e-10 1.203907328892049864e-10 1.113587081608850211e-10 1.085019848532605009e-10 1.263493646865483309e-10 1.691355832795782452e-10 1.003869157164163574e-10 7.458197897686025675e-11 6.468757225300257927e-11 5.158424638262363011e-11 3.576220867214364577e-11 3.110352049013328082e-11 1.876719751060800451e-11 6.872197289438213613e-12 1.652185084048157979e-11 1.246142233632288055e-11 1.082019053078379756e-11 1.078652216674776228e-11 3.292274602846556584e-12 9.727013173387516798e-12
3.687970486208387132e-10 2.624364800671307321e-10 2.717566039462989998e-10 2.154788520687237663e-10 1.867633367363325257e-10 1.157669491956578587e-10 1.195086991236295239e-10 1.056358990901135350e-10 8.703309097131562813e-11 7.815614918457945818e-11 8.490868567010787179e-11 1.003869157164163574e-10 1.276766174408240364e-10 7.911918299160449871e-11 6.473303801098779051e-11 4.469543647650022252e-11 3.302312202792823341e-11 2.903070382678356990e-11 2.022482091556260509e-11 6.912434923280404877e-12 4.201899075464162192e-12 5.960045321127728407e-12 9.978815262593635973e-12 1.319888409162679391e-11 4.143916380780391742e-12 6.823332180220421473e-12
3.610875418096105591e-10 2.165446500026416710e-10 2.116223106969766625e-10 1.621845419144804855e-10 1.455969098449374783e-10 9.113967297631477535e-11 9.116589845625827669e-11 8.600985528105902378e-11 7.258938390886448230e-11 6.601635484100801954e-11 6.279578909933937474e-11 7.458197897686025675e-11 7.911918299160449871e-11 1.053758158396826041e-10 7.707407615602283218e-11 4.914187752997646882e-11 2.976819942761001453e-11 2.171805671217401751e-11 1.523742207875263359e-11 4.278915638811541727e-12 1.960729555100127075e-12 1.663466803923543777e-12 4.652923675915262453e-12 1.197223863819858342e-11 3.278942641274616652e-12 4.792106319849101658e-12
3.601623096061456310e-10 1.920723112178542850e-10 1.922099377919018347e-10 1.447543199965803872e-10 1.408134324681316943e-10 8.917937484682773839e-11 9.669615922354703280e-11 8.622957056685387768e-11 7.110711652284409192e-11 6.408167553457806353e-11 6.103313174375103323e-11 6.468757225300257927e-11 6.473303801098779051e-11 7.707407615602283218e-11 1.083905617556055473e-10 8.049479728775939254e-11 5.548949838404746169e-11 3.816801795303582110e-11 2.324071016563000734e-11 8.978867630418277704e-12 8.791020349923245512e-12 1.446041708807120156e-12 -5.281490592624180009e-13 3.764974488300361489e-12 4.985225502085454783e-13 6.440566886956627672e-12
2.966248657029957444e-10 2.077816420149614838e-10 1.950022698708599719e-10 1.549017048762215703e-10 1.480361125349320069e-10 8.372230517637881937e-11 8.841163103677271435e-11 7.992399171012473672e-11 5.765963157033617724e-11 5.053144041222709628e-11 6.201049004710549257e-11 5.158424638262363011e-11 4.469543647650022252e-11 4.914187752997646882e-11 8.049479728775939254e-11 1.052639507055366846e-10 7.442171005541640125e-11 5.121260058320310130e-11 2.908985745848585844e-11 1.307854683089298052e-11 1.845459079721329524e-11 6.337258923456712192e-12 -7.311729677760898462e-13 -1.029790980840079458e-12 7.008516126009786482e-13 6.643031896103222114e-12
2.487433851811310938e-10 1.968449247949818717e-10 1.583626165267249563e-10 1.273730221911318630e-10 1.438846801944568871e-10 8.166212041120186244e-11 7.272233973537945701e-11 8.383249402352755133e-11 4.749143702981839223e-11 3.788299906965684249e-11 4.678955761190009558e-11 3.576220867214364577e-11 3.302312202792823341e-11 2.976819942761001453e-11 5.548949838404746169e-11 7.442171005541640125e-11 9.637809677756423245e-11 7.367580721093419767e-11 3.887273238893272192e-11 2.133381488713698034e-11 2.223980461106280968e-11 1.254383381296053004e-11 -1.615675246092558045e-12 2.953458949096303180e-12 2.468998686216644356e-12 6.344329339617783821e-12
1.773666811796233757e-10 1.067405293905937543e-10 1.081071193745835444e-10 8.653576504697289590e-11 1.053179764444069451e-10 6.736438995409291215e-11 4.908308159299150084e-11 5.871411675902193290e-11 3.714525972955711110e-11 2.990233450836005762e-11 3.706251010514875727e-11 3.110352049013328082e-11 2.903070382678356990e-11 2.171805671217401751e-11 3.816801795303582110e-11 5.121260058320310130e-11 7.367580721093419767e-11 1.002027084706294499e-10 6.337036095390199183e-11 3.509808945034934247e-11 3.293455656832880837e-11 1.829360259792924483e-11 -2.808443227523935592e-12 5.106201706433694042e-12 3.822974024028900985e-12 5.343466465339678759e-12
1.066270359009392338e-10 5.785060879582044552e-11 5.429641527344888962e-11 5.430071040217249839e-11 5.906612901975031108e-11 2.097324399185457630e-11 2.234891778807113912e-11 3.284763413557434597e-11 1.998514323203092580e-11 1.561321086891425247e-11 1.915463295483357541e-11 1.876719751060800451e-11 2.022482091556260509e-11 1.523742207875263359e-11 2.324071016563000734e-11 2.908985745848585844e-11 3.887273238893272192e-11 6.337036095390199183e-11 8.005057239101767646e-11 5.386932100625133296e-11 3.717362266151955793e-11 2.561162787790124510e-11 1.081499420584066106e-11 1.024566972764963938e-11 3.645386246993141863e-12 4.670748542409992482e-13
5.612554473265809978e-11 2.029216943960156951e-11 2.585286774023997902e-11 1.650889808592669174e-11 2.433186614441015374e-11 2.361845320327570351e-12 2.662930717789768249e-11 1.769026435957572861e-11 1.499189345444540495e-11 3.648806312150258880e-12 1.041719083598939416e-11 6.872197289438213613e-12 6.912434923280404877e-12 4.278915638811541727e-12 8.978867630418277704e-12 1.307854683089298052e-11 2.133381488713698034e-11 3.509808945034934247e-11 5.386932100625133296e-11 7.396819707873376861e-11 5.522626288831828786e-11 3.443432299785543606e-11 1.787595271736564593e-11 1.118973231131054896e-11 -1.885317274803080457e-12 -4.272862696168286927e-12
3.544737820643275394e-11 1.308302061673129710e-11 6.242277052163884538e-12 -1.069926841376269989e-12 2.100466592656270864e-11 2.448040330899547371e-12 4.542127941288548370e-12 6.367733576908608609e-12 7.323977493686150408e-12 1.699224904077980735e-12 1.305195633685324166e-11 1.652185084048157979e-11 4.201899075464162192e-12 1.960729555100127075e-12 8.791020349923245512e-12 1.845459079721329524e-11 2.223980461106280968e-11 3.293455656832880837e-11 3.717362266151955793e-11 5.522626288831828786e-11 8.166619170218976314e-11 4.944051622676745484e-11 2.328912112573076264e-11 1.345039180026820305e-11 5.031911914913250168e-12 3.941141590689308058e-13
-8.001953181360927289e-12 2.363745345111530805e-11 1.467058021841701316e-11 1.695237435513177932e-11 1.216613161672963872e-11 4.044222807346103484e-13 -1.027648273634484370e-11 6.110572694139947019e-12 1.551273609914066725e-13 1.174757321608943196e-12 9.251836362212449932e-12 1.246142233632288055e-11 5.960045321127728407e-12 1.663466803923543777e-12 1.446041708807120156e-12 6.337258923456712192e-12 1.254383381296053004e-11 1.829360259792924483e-11 2.561162787790124510e-11 3.443432299785543606e-11 4.944051622676745484e-11 6.846967813365369018e-11 3.837323624800005624e-11 2.012992699395770000e-11 8.741064421465458904e-12 7.210392826899920499e-15
9.632547316804486198e-12 5.437498317201670892e-11 3.074326097501291315e-11 3.218171701585792618e-11 8.010677382204829621e-12 9.346532298629513867e-12 -5.343073813590342340e-12 7.240634261258374893e-12 5.833744015168693909e-12 5.323644105902249383e-13 5.019010236944270512e-12 1.082019053078379756e-11 9.978815262593635973e-12 4.652923675915262453e-12 -5.281490592624180009e-13 -7.311729677760898462e-13 -1.615675246092558045e-12 -2.808443227523935592e-12 1.081499420584066106e-11 1.787595271736564593e-11 2.328912112573076264e-11 3.837323624800005624e-11 6.099306462531125423e-11 3.155895766167810005e-11 6.002909661807809894e-12 2.185270664608901936e-13
6.191816761849447242e-11 5.164908497956476705e-11 2.701132716011917927e-11 2.910682564174054806e-11 2.263207825152057731e-11 1.668625405735729033e-11 1.677023192490247470e-11 2.005927122489192844e-11 8.336277995807143204e-12 1.586641283076544772e-12 3.602468806831248683e-12 1.078652216674776228e-11 1.319888409162679391e-11 1.197223863819858342e-11 3.764974488300361489e-12 -1.029790980840079458e-12 2.953458949096303180e-12 5.106201706433694042e-12 1.024566972764963938e-11 1.118973231131054896e-11 1.345039180026820305e-11 2.012992699395770000e-11 3.155895766167810005e-11 4.166545845866541846e-11 9.389903866797020735e-12 1.103039567522644176e-12
5.457286945060523042e-11 3.418700003530952967e-11 6.249264401375073553e-12 8.846160737890401343e-12 2.329600920433766380e-11 1.155155694727528843e-11 4.690425410665860293e-12 7.446240815596444045e-12 1.567772411615863956e-12 3.415462502376555632e-12 4.416459831326725090e-12 3.292274602846556584e-12 4.143916380780391742e-12 3.278942641274616652e-12 4.985225502085454783e-13 7.008516126009786482e-13 2.468998686216644356e-12 3.822974024028900985e-12 3.645386246993141863e-12 -1.885317274803080457e-12 5.031911914913250168e-12 8.741064421465458904e-12 6.002909661807809894e-12 9.389903866797020735e-12 2.695855174155833657e-11 1.207007377552476678e-11
2.596322813187210824e-11 3.268239576911291170e-11 1.349574634777001360e-11 8.402623638653858061e-12 1.423686878586449733e-11 1.776246572373221273e-11 5.460178345373540182e-12 1.102975241801926904e-11 7.529575964671052651e-12 1.088713685951732262e-11 1.365645615705659294e-11 9.727013173387516798e-12 6.823332180220421473e-12 4.792106319849101658e-12 6.440566886956627672e-12 6.643031896103222114e-12 6.344329339617783821e-12 5.343466465339678759e-12 4.670748542409992482e-13 -4.272862696168286927e-12 3.941141590689308058e-13 7.210392826899920499e-15 2.185270664608901936e-13 1.103039567522644176e-12 1.207007377552476678e-11 2.478586157868645527e-11
