3.485170624851980645e-09 -7.594425490236450431e-11 3.125291825131953228e-11 -1.041392257652073754e-10 -9.624120557113675382e-11 -1.315210516831887543e-10 7.112083582001461084e-11 -2.303739066222546755e-11 -6.984670885343210313e-11 3.640889617859432625e-11 4.599219406482702432e-11 8.002587539806909313e-12 1.699926004190735323e-11 1.298988527890255028e-11 -1.713690976586351125e-11 -8.753523717116075115e-12 1.270563785625074978e-11 1.619233757568026625e-11 -2.321465529465653489e-11 -2.533314003226692107e-11 -6.656678200190378805e-12 1.412194201999401225e-12 -1.469821306084000480e-12 5.592174264914316073e-12 4.848394477362729401e-12 -9.093969283339791101e-13
-7.594425490236450431e-11 2.328438209352054913e-09 1.101226535213844674e-10 1.078774152221581659e-10 1.157449482369319205e-10 -6.352983259795172431e-12 -9.513091154662542934e-11 -4.267791260245687519e-12 6.730690037305813829e-11 2.049800624110391614e-11 7.700125073147958170e-13 1.105740175481869817e-11 9.006321175175249007e-12 -4.523395815835030972e-12 -1.121723513717865971e-11 4.811264603973577419e-12 -1.337503949231756414e-11 1.901586020059804253e-12 1.020283360708649843e-11 -3.791856940114199202e-11 -1.675840191679003498e-11 -5.888497667212984390e-12 -4.102971778201058562e-12 8.095612401475026455e-12 3.829987586715478301e-12 -1.653198681467410681e-12
3.125291825131953228e-11 1.101226535213844674e-10 1.344351662323988712e-09 1.316921843939949988e-10 2.136479132807277589e-11 1.601291191181271809e-12 5.578955386500696403e-11 -2.777282419193642690e-11 -1.734301143020111544e-11 -3.533233381030572585e-11 -1.393047173443334936e-12 9.313714956247952382e-12 2.152388225148412424e-11 -8.012830162594576461e-12 -4.068717950131039548e-12 -7.434702788910846816e-12 6.652802412976760031e-12 2.600530015061449054e-11 2.919379272490358429e-11 1.375621704722212398e-11 7.478607617174822352e-13 -9.636954923919156923e-13 7.304275617892030889e-12 1.740475231109253023e-12 1.512968998828654892e-12 -3.357869908397336087e-12
-1.041392257652073754e-10 1.078774152221581659e-10 1.316921843939949988e-10 8.690198900771836954e-10 -2.284505764495646559e-11 -9.452228554885875548e-12 -1.660099958250190676e-11 -3.437754956846394194e-11 3.814162966067602184e-12 1.844119644662026017e-11 -5.135451636973212400e-12 1.834336409247948213e-11 1.031920715476151089e-11 -4.277176865867649742e-12 -1.170362567146697328e-11 -7.332333019931679249e-12 3.766220762736333051e-12 -4.054856228691738772e-13 1.389806347069443508e-12 5.200985253764375092e-12 1.012092623678284210e-12 -2.266196399456043645e-12 -1.193555599334870552e-12 -8.601914424072831283e-12 -1.139284050950682761e-11 -1.560070038162081801e-12
-9.624120557113675382e-11 1.157449482369319205e-10 2.136479132807277589e-11 -2.284505764495646559e-11 5.436380587999521529e-10 7.391255688110468022e-11 3.152607833200454719e-12 -2.979106050920212539e-12 -5.069122619025538598e-12 7.268631514121740868e-12 -1.687560455592936463e-12 3.445410264440026927e-13 -9.716596227132009822e-12 -5.592318207543938800e-12 -6.658367413362491644e-13 -3.236126058992623758e-12 -8.054093265017077818e-12 -5.391417349219188503e-12 1.379334641947787708e-12 2.978855342690619560e-12 -2.804639285251844310e-12 -2.822148666358902653e-12 1.313430654775472569e-12 4.003284298048262438e-12 5.103574137019820238e-12 -2.351486435995001495e-12
-1.315210516831887543e-10 -6.352983259795172431e-12 1.601291191181271809e-12 -9.452228554885875548e-12 7.391255688110468022e-11 3.973625877449365635e-10 4.190275226383804284e-11 1.153708172282658712e-11 2.205103588674436381e-11 1.174174894047044427e-11 -6.758332519797034538e-12 -8.421853579134526329e-12 -2.001431904552687154e-12 -6.344555742479854421e-12 -3.643356756366307211e-12 6.376996524064283439e-13 -5.779956399619969359e-12 1.066431667195445189e-12 -1.986791555020359415e-12 1.726674118559041546e-12 2.123029088787161262e-12 -3.984586669811766675e-12 1.295781293306218710e-12 -8.054601830146528014e-13 -2.526643890726880894e-12 -2.428294058452870086e-12
7.112083582001461084e-11 -9.513091154662542934e-11 5.578955386500696403e-11 -1.660099958250190676e-11 3.152607833200454719e-12 4.190275226383804284e-11 3.002658766509651487e-10 3.423006438100813283e-11 1.102745448231705672e-12 -5.831640391333235536e-12 -1.416278897544490633e-11 -3.301455225637136291e-12 3.415612892589711652e-12 -7.447580971825162281e-12 1.283864847724462200e-12 2.338317605522269790e-12 -2.063358291550669558e-12 1.099691913142283961e-12 4.981553463497204086e-12 5.028509857571787025e-12 6.753551711287972612e-13 2.534232276855071570e-12 4.136051840369063213e-13 -3.128757001170814354e-12 -1.894718947227211855e-12 -1.833065260537718848e-12
-2.303739066222546755e-11 -4.267791260245687519e-12 -2.777282419193642690e-11 -3.437754956846394194e-11 -2.979106050920212539e-12 1.153708172282658712e-11 3.423006438100813283e-11 1.836643167333946154e-10 2.378081385177015412e-11 7.231104538670582089e-12 -5.025666607557893102e-12 -8.818898395823275292e-13 -2.394870901749526969e-12 2.813260014282514521e-12 1.691213343289951498e-13 6.522108599108724566e-12 -1.956598499206879100e-12 -1.227678599391922159e-12 6.369005035922836479e-12 1.708040227917830930e-12 3.454201550233886176e-12 5.395376535366884568e-12 1.301403560115661149e-13 1.303519470978614583e-12 1.412356494598128767e-12 6.005633177328148446e-13
-6.984670885343210313e-11 6.730690037305813829e-11 -1.734301143020111544e-11 3.814162966067602184e-12 -5.069122619025538598e-12 2.205103588674436381e-11 1.102745448231705672e-12 2.378081385177015412e-11 1.015465217720925575e-10 2.142110328563061176e-11 1.515489612360172767e-12 2.661645655888065457e-12 -6.353334200087833769e-12 3.373064351243433260e-12 -1.144698898418835303e-12 1.741197527592357259e-12 -3.761908708694119925e-12 -1.920404667992091972e-12 1.355674974505307888e-12 3.404912009282256743e-12 3.233952017912718052e-12 5.900649939022487581e-12 3.810341444076800485e-12 3.968949599164585283e-12 -7.361793026055003850e-13 9.680984673401506268e-13
3.640889617859432625e-11 2.049800624110391614e-11 -3.533233381030572585e-11 1.844119644662026017e-11 7.268631514121740868e-12 1.174174894047044427e-11 -5.831640391333235536e-12 7.231104538670582089e-12 2.142110328563061176e-11 9.027893385109470964e-11 1.946694780144324671e-11 1.578724965933085419e-11 1.702669723575080922e-12 -5.094294822636917887e-14 3.135418173469665520e-12 6.253821510245203765e-13 -1.144971569293166669e-12 -1.792425850033243830e-12 -7.723609339330697780e-12 -2.263507332135813288e-13 -6.964098874259371377e-13 -1.894385737758390071e-12 -1.440040361138284813e-12 3.994740645565418368e-13 -1.330419649211047713e-13 -2.156572906557312067e-13
4.599219406482702432e-11 7.700125073147958170e-13 -1.393047173443334936e-12 -5.135451636973212400e-12 -1.687560455592936463e-12 -6.758332519797034538e-12 -1.416278897544490633e-11 -5.025666607557893102e-12 1.515489612360172767e-12 1.946694780144324671e-11 5.354151942399600056e-11 1.050908730332455446e-11 4.719751047432043798e-12 -1.782057793298451798e-12 -6.270265167689968587e-13 -2.176556088699226025e-12 -1.037360697111053873e-12 1.457174248931687928e-12 -3.761059114165772544e-12 8.915863484833820718e-13 -1.850265427709101865e-12 -4.902155179463270319e-13 1.153317679019791823e-13 2.500290106834051816e-13 2.750932218456682422e-13 1.064604014108643968e-12
8.002587539806909313e-12 1.105740175481869817e-11 9.313714956247952382e-12 1.834336409247948213e-11 3.445410264440026927e-13 -8.421853579134526329e-12 -3.301455225637136291e-12 -8.818898395823275292e-13 2.661645655888065457e-12 1.578724965933085419e-11 1.050908730332455446e-11 5.124785505771057546e-11 1.626980799051713499e-11 1.186793099758586336e-11 4.254311736737949024e-12 3.224764858093656601e-12 1.211294155478487832e-12 2.593461833805458771e-12 2.573142844424646877e-13 1.802548756232661233e-12 3.524772792882849592e-13 -4.600207253250983459e-13 -8.424546011379715535e-13 -1.313784293626673890e-12 -3.999203006984659252e-13 5.114106817979183272e-13
1.699926004190735323e-11 9.006321175175249007e-12 2.152388225148412424e-11 1.031920715476151089e-11 -9.716596227132009822e-12 -2.001431904552687154e-12 3.415612892589711652e-12 -2.394870901749526969e-12 -6.353334200087833769e-12 1.702669723575080922e-12 4.719751047432043798e-12 1.626980799051713499e-11 4.276373604434073988e-11 1.498174266705687363e-11 7.067529316671018943e-12 5.468430588606933147e-12 3.282937730421242016e-12 1.922438066270735667e-12 1.242956282952782856e-12 1.025442024691641849e-12 2.440213940486483005e-13 3.528618075003434297e-13 -3.098021983333556279e-13 1.373968903580806430e-13 -1.276874431642600320e-12 -4.758362516589102905e-13
1.298988527890255028e-11 -4.523395815835030972e-12 -8.012830162594576461e-12 -4.277176865867649742e-12 -5.592318207543938800e-12 -6.344555742479854421e-12 -7.447580971825162281e-12 2.813260014282514521e-12 3.373064351243433260e-12 -5.094294822636917887e-14 -1.782057793298451798e-12 1.186793099758586336e-11 1.498174266705687363e-11 3.511405428816537821e-11 1.221928843020413698e-11 9.096522514474123011e-12 5.070898809278153175e-12 1.927232431565633268e-12 2.969398828835338806e-12 2.021522636335107515e-12 2.090822078373233003e-12 2.067447637753643434e-12 1.737528505636570163e-13 1.074878380631929308e-12 -1.891026954861050187e-12 -7.799800802599648934e-13
-1.713690976586351125e-11 -1.121723513717865971e-11 -4.068717950131039548e-12 -1.170362567146697328e-11 -6.658367413362491644e-13 -3.643356756366307211e-12 1.283864847724462200e-12 1.691213343289951498e-13 -1.144698898418835303e-12 3.135418173469665520e-12 -6.270265167689968587e-13 4.254311736737949024e-12 7.067529316671018943e-12 1.221928843020413698e-11 2.713384587756305991e-11 1.510337310223602456e-11 6.393512429063721935e-12 3.770250768095494001e-12 1.109575501748084091e-12 2.805735707183615355e-12 2.608429443190449379e-12 -7.917255764860336764e-13 1.918699983543690234e-13 -4.431828188012820145e-13 -1.511205191574681427e-12 -4.306187217411842055e-13
-8.753523717116075115e-12 4.811264603973577419e-12 -7.434702788910846816e-12 -7.332333019931679249e-12 -3.236126058992623758e-12 6.376996524064283439e-13 2.338317605522269790e-12 6.522108599108724566e-12 1.741197527592357259e-12 6.253821510245203765e-13 -2.176556088699226025e-12 3.224764858093656601e-12 5.468430588606933147e-12 9.096522514474123011e-12 1.510337310223602456e-11 2.685376789144693327e-11 1.070004771329231677e-11 5.102690589765996539e-12 1.161204557474674364e-12 1.919935760005669956e-12 1.303948600543736262e-12 2.888978412540178710e-13 8.405364392862100326e-13 3.799456192633097028e-13 -1.175662529109838093e-12 2.402460814461665798e-13
1.270563785625074978e-11 -1.337503949231756414e-11 6.652802412976760031e-12 3.766220762736333051e-12 -8.054093265017077818e-12 -5.779956399619969359e-12 -2.063358291550669558e-12 -1.956598499206879100e-12 -3.761908708694119925e-12 -1.144971569293166669e-12 -1.037360697111053873e-12 1.211294155478487832e-12 3.282937730421242016e-12 5.070898809278153175e-12 6.393512429063721935e-12 1.070004771329231677e-11 2.052239774724038350e-11 9.217144668012618276e-12 3.586397444077358024e-12 2.664446430503970512e-12 1.944822034535041526e-12 4.702978466003513933e-13 -2.477392114887785799e-13 -5.943315748563501334e-15 -6.482002308465302736e-13 -2.145744302209171630e-13
1.619233757568026625e-11 1.901586020059804253e-12 2.600530015061449054e-11 -4.054856228691738772e-13 -5.391417349219188503e-12 1.066431667195445189e-12 1.099691913142283961e-12 -1.227678599391922159e-12 -1.920404667992091972e-12 -1.792425850033243830e-12 1.457174248931687928e-12 2.593461833805458771e-12 1.922438066270735667e-12 1.927232431565633268e-12 3.770250768095494001e-12 5.102690589765996539e-12 9.217144668012618276e-12 2.023040193156868265e-11 1.060636320878182465e-11 5.467513180652209752e-12 1.799342747410420071e-12 8.814112716839297650e-13 7.898996350333773984e-15 -3.876988224260278296e-13 -4.302849327423667368e-13 -1.670436810629400188e-13
-2.321465529465653489e-11 1.020283360708649843e-11 2.919379272490358429e-11 1.389806347069443508e-12 1.379334641947787708e-12 -1.986791555020359415e-12 4.981553463497204086e-12 6.369005035922836479e-12 1.355674974505307888e-12 -7.723609339330697780e-12 -3.761059114165772544e-12 2.573142844424646877e-13 1.242956282952782856e-12 2.969398828835338806e-12 1.109575501748084091e-12 1.161204557474674364e-12 3.586397444077358024e-12 1.060636320878182465e-11 1.943858971717014957e-11 8.336154726317779170e-12 3.305030750791837355e-12 1.853665661989922021e-12 7.092601083846513589e-13 -1.167904964813973936e-13 1.689846774501221016e-13 -2.975513285561519289e-13
-2.533314003226692107e-11 -3.791856940114199202e-11 1.375621704722212398e-11 5.200985253764375092e-12 2.978855342690619560e-12 1.726674118559041546e-12 5.028509857571787025e-12 1.708040227917830930e-12 3.404912009282256743e-12 -2.263507332135813288e-13 8.915863484833820718e-13 1.802548756232661233e-12 1.025442024691641849e-12 2.021522636335107515e-12 2.805735707183615355e-12 1.919935760005669956e-12 2.664446430503970512e-12 5.467513180652209752e-12 8.336154726317779170e-12 1.909233043138567513e-11 8.803033228537796698e-12 2.717788089787307451e-12 1.111485265164811249e-12 -4.981771356081404659e-13 -4.191100639833725862e-13 -8.573816669064555228e-13
-6.656678200190378805e-12 -1.675840191679003498e-11 7.478607617174822352e-13 1.012092623678284210e-12 -2.804639285251844310e-12 2.123029088787161262e-12 6.753551711287972612e-13 3.454201550233886176e-12 3.233952017912718052e-12 -6.964098874259371377e-13 -1.850265427709101865e-12 3.524772792882849592e-13 2.440213940486483005e-13 2.090822078373233003e-12 2.608429443190449379e-12 1.303948600543736262e-12 1.944822034535041526e-12 1.799342747410420071e-12 3.305030750791837355e-12 8.803033228537796698e-12 1.374554665741785101e-11 5.204757301493961882e-12 2.484955497863534420e-12 4.880202753059767862e-13 -3.319824634223334167e-13 -1.184149572517644426e-12
1.412194201999401225e-12 -5.888497667212984390e-12 -9.636954923919156923e-13 -2.266196399456043645e-12 -2.822148666358902653e-12 -3.984586669811766675e-12 2.534232276855071570e-12 5.395376535366884568e-12 5.900649939022487581e-12 -1.894385737758390071e-12 -4.902155179463270319e-13 -4.600207253250983459e-13 3.528618075003434297e-13 2.067447637753643434e-12 -7.917255764860336764e-13 2.888978412540178710e-13 4.702978466003513933e-13 8.814112716839297650e-13 1.853665661989922021e-12 2.717788089787307451e-12 5.204757301493961882e-12 1.052918713859223652e-11 3.409206577137908284e-12 9.564789651932483622e-13 -1.033133469829127684e-13 -1.110024247579785627e-12
-1.469821306084000480e-12 -4.102971778201058562e-12 7.304275617892030889e-12 -1.193555599334870552e-12 1.313430654775472569e-12 1.295781293306218710e-12 4.136051840369063213e-13 1.301403560115661149e-13 3.810341444076800485e-12 -1.440040361138284813e-12 1.153317679019791823e-13 -8.424546011379715535e-13 -3.098021983333556279e-13 1.737528505636570163e-13 1.918699983543690234e-13 8.405364392862100326e-13 -2.477392114887785799e-13 7.898996350333773984e-15 7.092601083846513589e-13 1.111485265164811249e-12 2.484955497863534420e-12 3.409206577137908284e-12 6.239768037212491584e-12 1.622574163648657614e-12 -5.635277265893979810e-15 -1.952926519652706281e-13
5.592174264914316073e-12 8.095612401475026455e-12 1.740475231109253023e-12 -8.601914424072831283e-12 4.003284298048262438e-12 -8.054601830146528014e-13 -3.128757001170814354e-12 1.303519470978614583e-12 3.968949599164585283e-12 3.994740645565418368e-13 2.500290106834051816e-13 -1.313784293626673890e-12 1.373968903580806430e-13 1.074878380631929308e-12 -4.431828188012820145e-13 3.799456192633097028e-13 -5.943315748563501334e-15 -3.876988224260278296e-13 -1.167904964813973936e-13 -4.981771356081404659e-13 4.880202753059767862e-13 9.564789651932483622e-13 1.622574163648657614e-12 4.528296963541581005e-12 7.801115810942666889e-13 1.672689959599282461e-13
4.848394477362729401e-12 3.829987586715478301e-12 1.512968998828654892e-12 -1.139284050950682761e-11 5.103574137019820238e-12 -2.526643890726880894e-12 -1.894718947227211855e-12 1.412356494598128767e-12 -7.361793026055003850e-13 -1.330419649211047713e-13 2.750932218456682422e-13 -3.999203006984659252e-13 -1.276874431642600320e-12 -1.891026954861050187e-12 -1.511205191574681427e-12 -1.175662529109838093e-12 -6.482002308465302736e-13 -4.302849327423667368e-13 1.689846774501221016e-13 -4.191100639833725862e-13 -3.319824634223334167e-13 -1.033133469829127684e-13 -5.635277265893979810e-15 7.801115810942666889e-13 4.012814404288321853e-12 2.705531125062449235e-13
-9.093969283339791101e-13 -1.653198681467410681e-12 -3.357869908397336087e-12 -1.560070038162081801e-12 -2.351486435995001495e-12 -2.428294058452870086e-12 -1.833065260537718848e-12 6.005633177328148446e-13 9.680984673401506268e-13 -2.156572906557312067e-13 1.064604014108643968e-12 5.114106817979183272e-13 -4.758362516589102905e-13 -7.799800802599648934e-13 -4.306187217411842055e-13 2.402460814461665798e-13 -2.145744302209171630e-13 -1.670436810629400188e-13 -2.975513285561519289e-13 -8.573816669064555228e-13 -1.184149572517644426e-12 -1.110024247579785627e-12 -1.952926519652706281e-13 1.672689959599282461e-13 2.705531125062449235e-13 3.103856996084580909e-12
