4.192261997753099910e-09 3.800792176523819958e-10 1.058752473152078514e-10 1.854277222836623492e-10 9.614724911046850438e-11 9.079379711271852418e-11 2.095668014913550822e-11 -4.643371242587280625e-11 -3.023336529025264196e-11 4.949176926553180601e-12 -2.537542058861518049e-11 1.375303383977754953e-11 2.142064277383759059e-11 3.205696513058164886e-11 8.715920068446383561e-11 7.331925353175760662e-11 5.277567839664719528e-11 4.923822645962779898e-11 2.416150717542823933e-11 1.141440177523132918e-11 -1.657912014365091081e-11 -5.398438452093095723e-11 -4.108585008787118873e-11 -2.109913489208142422e-11 -2.344051804713090673e-12 -3.796137418481523288e-12
3.800792176523819958e-10 2.811985685206714540e-09 4.241446224665670249e-10 -3.002085247385531640e-11 2.012204150206343998e-10 1.320067157245671954e-11 -6.283763318438568976e-11 7.087515050448461831e-11 3.755215495514689924e-11 3.935171045347949203e-11 6.994099477547846216e-11 8.504476648888350008e-11 2.137612698688818401e-11 1.313927999287356814e-11 -4.379884461937495317e-11 2.851852483526647250e-12 1.490471328497241765e-11 1.456459981786118681e-12 1.158839082303779645e-11 1.934928923451606893e-11 3.307304607408929684e-11 4.792038291297310398e-12 -1.557230226957423105e-11 -1.200024361465012699e-11 1.066576747605642663e-11 1.512826979575282822e-11
1.058752473152078514e-10 4.241446224665670249e-10 1.870566800530817823e-09 1.103221277718335378e-10 5.322563017469543129e-11 1.518577912803485483e-10 1.022592591422472607e-10 9.099056205450989891e-11 8.314361630468818201e-11 6.446293907201290928e-11 5.645805470643447928e-11 4.935888426444589376e-11 7.214507873788011278e-11 1.957867438561507301e-11 6.502719311083907979e-12 7.279332754116725049e-12 -8.527228070376411267e-12 1.145239726000281200e-12 6.445904132951748002e-12 -1.416470240078451476e-12 1.256515789455812874e-11 8.360348940299872893e-12 -1.266497874443656870e-11 -5.965708774932739202e-12 1.007910009679796870e-12 -7.538910717846625516e-12
1.854277222836623492e-10 -3.002085247385531640e-11 1.103221277718335378e-10 1.388770968366257629e-09 2.597616744653247280e-10 5.868254374141716854e-11 5.222557926236742540e-11 3.496736458811077188e-11 -3.852949141929380567e-11 7.766861248838571091e-11 1.577186081541301697e-11 1.436847091781145373e-12 2.403976617522952169e-12 -6.890933874634358924e-12 -2.517097919734725862e-12 -3.216300735804954614e-12 5.495996306529817365e-12 1.449554803365075626e-11 7.018531483966784885e-12 1.058311117849882939e-11 2.206586814323771015e-11 6.463215237651239632e-12 -4.421556366783024803e-12 -8.350901427265022369e-13 7.749980902435454969e-12 1.228375259388571994e-12
9.614724911046850438e-11 2.012204150206343998e-10 5.322563017469543129e-11 2.597616744653247280e-10 8.773333649197275048e-10 1.319396883031974568e-10 6.957636627635718103e-11 2.691274811561877961e-11 3.257730004876211388e-11 6.881152854569509167e-11 4.983718332776818031e-12 -2.352441379754475840e-12 -6.048179454508607977e-12 1.385319107019908137e-11 1.513029172020090481e-11 -1.160246390701549129e-11 -2.138541912861450248e-11 -1.028908439980097313e-11 2.262675239037195337e-11 1.644667050844713865e-11 -2.178879038500165113e-12 9.306022761014387601e-12 -4.133399685761432514e-13 -6.247749163603945462e-13 -3.376747027992547630e-12 1.613440308625210773e-12
9.079379711271852418e-11 1.320067157245671954e-11 1.518577912803485483e-10 5.868254374141716854e-11 1.319396883031974568e-10 5.325743423089199458e-10 8.825181678030811981e-11 5.503340631575226672e-11 4.275311386753606134e-11 2.394628973736384437e-11 -6.495085181050801125e-12 -1.052716244231899182e-12 -3.184489022079709668e-12 -9.890275615561981533e-12 1.372773251397033287e-11 1.065625683794576136e-11 1.246475068998929117e-11 1.292685201018563826e-11 9.895109375397579306e-12 -6.715736214536378165e-12 3.591786155350634943e-13 -5.096585161454163230e-12 1.415864401076186920e-13 1.419948414951971620e-11 -4.426506567334140760e-12 -4.484567843825290310e-12
2.095668014913550822e-11 -6.283763318438568976e-11 1.022592591422472607e-10 5.222557926236742540e-11 6.957636627635718103e-11 8.825181678030811981e-11 3.327836544792900726e-10 4.960271643119431825e-11 3.370890900672390182e-11 3.724636454530634197e-11 1.818132342658945933e-11 4.816712318376866325e-12 9.545794718638301091e-12 1.224190996130255455e-12 3.777980141638981263e-12 -1.198637306127187196e-13 -2.668011462025061907e-12 4.185340293562346307e-12 7.587253951103821905e-12 -5.247242827941224219e-12 -1.329246873735960294e-11 -9.379851124093374209e-12 -7.218560862059246407e-12 3.563153273483014664e-12 2.577349654344007567e-12 1.940397457650229003e-12
-4.643371242587280625e-11 7.087515050448461831e-11 9.099056205450989891e-11 3.496736458811077188e-11 2.691274811561877961e-11 5.503340631575226672e-11 4.960271643119431825e-11 2.802358129898323861e-10 4.672411549945629239e-11 4.313628948842624344e-11 2.692271485825320190e-11 3.101417907343518198e-11 1.807700587849866216e-11 1.301428396788699236e-11 7.547054930324477040e-12 8.198171197963929536e-12 1.143563433755658624e-11 8.705070003067315548e-12 4.963518867810161863e-12 -3.368072630221686575e-13 2.416136196409008698e-12 1.397232543610739215e-13 2.173282785158384364e-12 4.992072442588720562e-12 5.651878629145519804e-12 2.375482393387627300e-12
-3.023336529025264196e-11 3.755215495514689924e-11 8.314361630468818201e-11 -3.852949141929380567e-11 3.257730004876211388e-11 4.275311386753606134e-11 3.370890900672390182e-11 4.672411549945629239e-11 1.766833774909111516e-10 5.651836189732160553e-11 3.705888293664077037e-11 1.906064735153684388e-11 1.820767914336697492e-11 7.855356585206403667e-12 5.030673787132433505e-13 -4.512726225047688234e-12 -4.222907478627459801e-13 1.233279161882214720e-12 1.245962516899664334e-12 -1.522091878189803829e-11 -1.401165738460236794e-11 -7.108749391429685509e-12 -2.565684059846711104e-12 -2.583418923658728755e-12 1.169965765473305245e-12 4.810954075987906029e-13
4.949176926553180601e-12 3.935171045347949203e-11 6.446293907201290928e-11 7.766861248838571091e-11 6.881152854569509167e-11 2.394628973736384437e-11 3.724636454530634197e-11 4.313628948842624344e-11 5.651836189732160553e-11 1.745436479978230268e-10 4.988798746114956253e-11 3.104463591370231888e-11 2.326820421323486855e-11 7.719175990185910316e-12 2.684896631193873568e-12 4.468391932168420705e-12 5.171375893074882059e-12 9.403697359567130264e-12 9.200230978055005420e-12 4.721084854001658562e-12 4.882682597686704031e-12 -1.919874318871647498e-12 1.146503494698684033e-13 -5.436927819578340292e-13 -9.168670116367649372e-13 5.365226858263968053e-12
-2.537542058861518049e-11 6.994099477547846216e-11 5.645805470643447928e-11 1.577186081541301697e-11 4.983718332776818031e-12 -6.495085181050801125e-12 1.818132342658945933e-11 2.692271485825320190e-11 3.705888293664077037e-11 4.988798746114956253e-11 9.394680431629565474e-11 4.127548623547078147e-11 2.470872589169200061e-11 8.915937920515858834e-12 7.117971975021285503e-12 6.439141981771130751e-12 6.825551751122879034e-12 1.057939738008783531e-11 7.023990154839455644e-12 -1.592094154195187545e-12 -2.053402336149125456e-12 -2.163453342277039470e-12 1.640370460297160141e-12 -1.449240847606665462e-12 -5.565062329368277249e-13 3.999625909830048447e-12
1.375303383977754953e-11 8.504476648888350008e-11 4.935888426444589376e-11 1.436847091781145373e-12 -2.352441379754475840e-12 -1.052716244231899182e-12 4.816712318376866325e-12 3.101417907343518198e-11 1.906064735153684388e-11 3.104463591370231888e-11 4.127548623547078147e-11 9.084974308311193039e-11 3.618597193779676221e-11 1.429297466495203728e-11 5.866639395824591175e-12 5.974381605630477015e-12 5.059213694796407021e-12 1.031274913913330241e-11 3.480308205354371923e-12 -2.373243754339388925e-12 -4.714435841855374389e-12 -1.740649888348316325e-12 3.175880459098727286e-12 1.632138049059044325e-12 1.596593560704577220e-12 3.921004776879991987e-12
2.142064277383759059e-11 2.137612698688818401e-11 7.214507873788011278e-11 2.403976617522952169e-12 -6.048179454508607977e-12 -3.184489022079709668e-12 9.545794718638301091e-12 1.807700587849866216e-11 1.820767914336697492e-11 2.326820421323486855e-11 2.470872589169200061e-11 3.618597193779676221e-11 7.275396540850586169e-11 3.000855347285391967e-11 1.959219144521432756e-11 1.079693489665068160e-11 5.995290311391007043e-12 3.664792213106298593e-12 1.643815775541504763e-12 -3.713420411077189549e-12 -6.470491190488412214e-12 -8.354320996390762653e-12 -2.862476793439786372e-12 -3.155227121398552985e-12 -1.778701154488301130e-13 1.546759904684873015e-12
3.205696513058164886e-11 1.313927999287356814e-11 1.957867438561507301e-11 -6.890933874634358924e-12 1.385319107019908137e-11 -9.890275615561981533e-12 1.224190996130255455e-12 1.301428396788699236e-11 7.855356585206403667e-12 7.719175990185910316e-12 8.915937920515858834e-12 1.429297466495203728e-11 3.000855347285391967e-11 6.039755517241197908e-11 3.400861259796086520e-11 1.655926680241825500e-11 1.358883074865844916e-11 3.277711425579965681e-12 5.695521703834681003e-12 1.512463452901159063e-12 -1.238136278868598803e-12 -2.941239878358079874e-12 1.928631213115487732e-12 8.159621245297772089e-13 -1.459706356311739626e-12 -1.081202719346070299e-12
8.715920068446383561e-11 -4.379884461937495317e-11 6.502719311083907979e-12 -2.517097919734725862e-12 1.513029172020090481e-11 1.372773251397033287e-11 3.777980141638981263e-12 7.547054930324477040e-12 5.030673787132433505e-13 2.684896631193873568e-12 7.117971975021285503e-12 5.866639395824591175e-12 1.959219144521432756e-11 3.400861259796086520e-11 6.130866394023777482e-11 3.383636721890231084e-11 2.523823753816786665e-11 1.621969116390684580e-11 9.181701409143852344e-12 6.365461815270161689e-12 1.049592298816505370e-12 -1.284880369952897199e-12 1.343333489888718366e-12 6.506092264884470387e-13 8.865165105801358603e-13 5.116713570809264070e-13
7.331925353175760662e-11 2.851852483526647250e-12 7.279332754116725049e-12 -3.216300735804954614e-12 -1.160246390701549129e-11 1.065625683794576136e-11 -1.198637306127187196e-13 8.198171197963929536e-12 -4.512726225047688234e-12 4.468391932168420705e-12 6.439141981771130751e-12 5.974381605630477015e-12 1.079693489665068160e-11 1.655926680241825500e-11 3.383636721890231084e-11 5.109853580814885801e-11 3.591195359026507811e-11 2.082081720574411235e-11 8.362311573237046923e-12 6.479329445331151602e-12 2.764241930839305277e-12 -9.339764133140537386e-13 1.626794618247914918e-12 2.412010262871985594e-13 -2.332152069212051151e-12 9.769926120777755455e-13
5.277567839664719528e-11 1.490471328497241765e-11 -8.527228070376411267e-12 5.495996306529817365e-12 -2.138541912861450248e-11 1.246475068998929117e-11 -2.668011462025061907e-12 1.143563433755658624e-11 -4.222907478627459801e-13 5.171375893074882059e-12 6.825551751122879034e-12 5.059213694796407021e-12 5.995290311391007043e-12 1.358883074865844916e-11 2.523823753816786665e-11 3.591195359026507811e-11 5.899019641378526697e-11 3.218086278237003411e-11 1.414759901464841005e-11 8.759087507463774018e-12 6.289728210272369770e-12 3.628481733386571872e-13 1.313323663120899414e-12 1.217544636262100718e-12 -6.120330372140949014e-13 -1.545805704585468249e-12
4.923822645962779898e-11 1.456459981786118681e-12 1.145239726000281200e-12 1.449554803365075626e-11 -1.028908439980097313e-11 1.292685201018563826e-11 4.185340293562346307e-12 8.705070003067315548e-12 1.233279161882214720e-12 9.403697359567130264e-12 1.057939738008783531e-11 1.031274913913330241e-11 3.664792213106298593e-12 3.277711425579965681e-12 1.621969116390684580e-11 2.082081720574411235e-11 3.218086278237003411e-11 5.328215428262397462e-11 2.966849604885693534e-11 1.690115896593533042e-11 7.185475390133659016e-12 -5.879029690250182134e-13 4.137918804267868881e-13 1.496566804463643214e-12 -1.351137135798575308e-12 2.866953401364403078e-13
2.416150717542823933e-11 1.158839082303779645e-11 6.445904132951748002e-12 7.018531483966784885e-12 2.262675239037195337e-11 9.895109375397579306e-12 7.587253951103821905e-12 4.963518867810161863e-12 1.245962516899664334e-12 9.200230978055005420e-12 7.023990154839455644e-12 3.480308205354371923e-12 1.643815775541504763e-12 5.695521703834681003e-12 9.181701409143852344e-12 8.362311573237046923e-12 1.414759901464841005e-11 2.966849604885693534e-11 4.780882291919546595e-11 3.165509319686703566e-11 1.203693815157000450e-11 4.226904829255423847e-12 6.280622185114648404e-13 1.878414528593156720e-12 -1.418226143532280753e-12 -7.135342430636523556e-14
1.141440177523132918e-11 1.934928923451606893e-11 -1.416470240078451476e-12 1.058311117849882939e-11 1.644667050844713865e-11 -6.715736214536378165e-12 -5.247242827941224219e-12 -3.368072630221686575e-13 -1.522091878189803829e-11 4.721084854001658562e-12 -1.592094154195187545e-12 -2.373243754339388925e-12 -3.713420411077189549e-12 1.512463452901159063e-12 6.365461815270161689e-12 6.479329445331151602e-12 8.759087507463774018e-12 1.690115896593533042e-11 3.165509319686703566e-11 5.299801404363310700e-11 2.704272620068465155e-11 1.035707094372651618e-11 1.183147059600383979e-12 1.159521670446385115e-12 8.709229328030618061e-15 -4.230033558372864867e-13
-1.657912014365091081e-11 3.307304607408929684e-11 1.256515789455812874e-11 2.206586814323771015e-11 -2.178879038500165113e-12 3.591786155350634943e-13 -1.329246873735960294e-11 2.416136196409008698e-12 -1.401165738460236794e-11 4.882682597686704031e-12 -2.053402336149125456e-12 -4.714435841855374389e-12 -6.470491190488412214e-12 -1.238136278868598803e-12 1.049592298816505370e-12 2.764241930839305277e-12 6.289728210272369770e-12 7.185475390133659016e-12 1.203693815157000450e-11 2.704272620068465155e-11 4.271706739767808703e-11 2.025233506142582327e-11 5.670288389435205545e-12 3.197221981015155139e-12 1.888185007895581721e-12 3.741958789767737912e-13
-5.398438452093095723e-11 4.792038291297310398e-12 8.360348940299872893e-12 6.463215237651239632e-12 9.306022761014387601e-12 -5.096585161454163230e-12 -9.379851124093374209e-12 1.397232543610739215e-13 -7.108749391429685509e-12 -1.919874318871647498e-12 -2.163453342277039470e-12 -1.740649888348316325e-12 -8.354320996390762653e-12 -2.941239878358079874e-12 -1.284880369952897199e-12 -9.339764133140537386e-13 3.628481733386571872e-13 -5.879029690250182134e-13 4.226904829255423847e-12 1.035707094372651618e-11 2.025233506142582327e-11 2.924434509511231728e-11 1.097885741572550482e-11 5.276739087502436577e-12 2.332276673861972681e-12 -1.934272892230242882e-12
-4.108585008787118873e-11 -1.557230226957423105e-11 -1.266497874443656870e-11 -4.421556366783024803e-12 -4.133399685761432514e-13 1.415864401076186920e-13 -7.218560862059246407e-12 2.173282785158384364e-12 -2.565684059846711104e-12 1.146503494698684033e-13 1.640370460297160141e-12 3.175880459098727286e-12 -2.862476793439786372e-12 1.928631213115487732e-12 1.343333489888718366e-12 1.626794618247914918e-12 1.313323663120899414e-12 4.137918804267868881e-13 6.280622185114648404e-13 1.183147059600383979e-12 5.670288389435205545e-12 1.097885741572550482e-11 2.127571310468463097e-11 9.153024955108751614e-12 6.075513378698804306e-13 -8.554324338373670470e-13
-2.109913489208142422e-11 -1.200024361465012699e-11 -5.965708774932739202e-12 -8.350901427265022369e-13 -6.247749163603945462e-13 1.419948414951971620e-11 3.563153273483014664e-12 4.992072442588720562e-12 -2.583418923658728755e-12 -5.436927819578340292e-13 -1.449240847606665462e-12 1.632138049059044325e-12 -3.155227121398552985e-12 8.159621245297772089e-13 6.506092264884470387e-13 2.412010262871985594e-13 1.217544636262100718e-12 1.496566804463643214e-12 1.878414528593156720e-12 1.159521670446385115e-12 3.197221981015155139e-12 5.276739087502436577e-12 9.153024955108751614e-12 1.584652131806286895e-11 2.432970643123055711e-12 4.814764815449717507e-13
-2.344051804713090673e-12 1.066576747605642663e-11 1.007910009679796870e-12 7.749980902435454969e-12 -3.376747027992547630e-12 -4.426506567334140760e-12 2.577349654344007567e-12 5.651878629145519804e-12 1.169965765473305245e-12 -9.168670116367649372e-13 -5.565062329368277249e-13 1.596593560704577220e-12 -1.778701154488301130e-13 -1.459706356311739626e-12 8.865165105801358603e-13 -2.332152069212051151e-12 -6.120330372140949014e-13 -1.351137135798575308e-12 -1.418226143532280753e-12 8.709229328030618061e-15 1.888185007895581721e-12 2.332276673861972681e-12 6.075513378698804306e-13 2.432970643123055711e-12 1.074205260562107409e-11 2.028091858587550368e-12
-3.796137418481523288e-12 1.512826979575282822e-11 -7.538910717846625516e-12 1.228375259388571994e-12 1.613440308625210773e-12 -4.484567843825290310e-12 1.940397457650229003e-12 2.375482393387627300e-12 4.810954075987906029e-13 5.365226858263968053e-12 3.999625909830048447e-12 3.921004776879991987e-12 1.546759904684873015e-12 -1.081202719346070299e-12 5.116713570809264070e-13 9.769926120777755455e-13 -1.545805704585468249e-12 2.866953401364403078e-13 -7.135342430636523556e-14 -4.230033558372864867e-13 3.741958789767737912e-13 -1.934272892230242882e-12 -8.554324338373670470e-13 4.814764815449717507e-13 2.028091858587550368e-12 1.082633849103965248e-11
