3.904980712023055840e-09 6.712150882213984498e-10 3.675750780813157326e-10 1.818390042214152692e-10 2.647610604438635560e-10 1.464698921118543884e-10 7.953144002045235067e-11 -1.462669833573013693e-11 -2.115302317473225893e-11 8.845045532147172497e-11 4.461321864226512137e-11 6.148741699665020370e-11 -4.543573285664974769e-11 6.757857554684114029e-12 -1.396920839077668565e-11 -8.249366185645081644e-12 2.415019989173032420e-11 1.604164475704573201e-11 -4.698770849492317360e-12 -3.372764548729799203e-12 2.487188414161437012e-11 1.014069274059400572e-11 -5.053068100853822562e-12 -2.973187235590068033e-11 -2.388857190194983005e-11 -8.723538558853936679e-12
6.712150882213984498e-10 2.692205135838633437e-09 3.844267152865145630e-10 2.778494752847264910e-10 7.343520566238393782e-11 1.317390095560475504e-10 9.865450848248211580e-11 7.030515912455481890e-11 2.331609230088478879e-11 3.086311790599648173e-11 4.731786125446612503e-11 5.167892499200000928e-11 2.941526341368260732e-11 6.379385487796015309e-11 8.587291286470787178e-12 1.727305366743955779e-11 1.813096727146768986e-11 1.594710338125221528e-11 2.306402040630894847e-11 3.443231620218356645e-11 9.786336758460405953e-12 1.245516566507758895e-11 1.201717482158456250e-11 3.606834425573131576e-12 -7.498665829570858710e-13 -1.175701633781362608e-11
3.675750780813157326e-10 3.844267152865145630e-10 1.569206115715434472e-09 3.351785040711110002e-10 1.856248019540032980e-10 1.260547805202634278e-10 7.131858687568078737e-11 8.551392856588395358e-11 1.048355059590838345e-10 1.073512578219183526e-10 5.014383667234438170e-11 4.461408993998465119e-11 1.624129353672366290e-11 1.658906057859323292e-11 -1.872247121672247974e-11 -1.704314174400664855e-12 2.855646181526877093e-11 3.114075478063339289e-11 -4.709002263237395490e-12 -9.580073323831803166e-12 5.014258445366728337e-13 8.106693692813822565e-12 1.010894056750845730e-11 -4.790720070319800028e-12 -1.910218953574210059e-11 -7.109196045596438357e-12
1.818390042214152692e-10 2.778494752847264910e-10 3.351785040711110002e-10 1.135109465639681119e-09 1.052865201885627741e-10 7.359928080774259941e-11 9.775394958227694823e-11 3.226480371840416533e-11 5.517449752583703509e-11 1.271900974155495548e-11 2.946513926875462783e-12 2.786402840315507068e-11 -5.124603479466406733e-13 2.548960910913251134e-11 9.269069060490615995e-12 2.449862847148428784e-12 1.244390974083256194e-11 1.278487679978198067e-11 2.771697236374190641e-12 -1.922525352572696727e-13 1.920294734452888765e-11 7.118152643562389569e-12 6.082626572824385282e-13 4.490083341087768777e-12 1.047145563203179351e-12 -1.002799481906011934e-11
2.647610604438635560e-10 7.343520566238393782e-11 1.856248019540032980e-10 1.052865201885627741e-10 7.227635720067515137e-10 1.450444208316960264e-10 2.602922595727646252e-11 3.620102548014081108e-11 1.062535860804822570e-11 4.760602261958513822e-11 2.611645763419263487e-12 2.405335511732426558e-11 7.245276166701649187e-12 1.857400121790761340e-11 1.500348594498554470e-11 1.548632879297794102e-11 1.639027921458818702e-11 1.164748659268953742e-11 1.813747542965777705e-11 4.358714886461582286e-12 6.014561756239888217e-12 4.823959722901524997e-12 3.768757897947618475e-12 2.599578539455172321e-12 6.074548941359677238e-12 -8.186739169448251544e-12
1.464698921118543884e-10 1.317390095560475504e-10 1.260547805202634278e-10 7.359928080774259941e-11 1.450444208316960264e-10 5.502355227281772694e-10 1.197010421622660608e-10 4.701705778084619099e-11 3.008188520302875779e-11 1.610400811289199261e-11 1.810988573668097008e-11 1.482148867172955175e-11 -6.730405848403622624e-13 2.384012197426736550e-12 8.983140999511551264e-12 5.239146623196123877e-12 7.555172043593207446e-12 -3.597584994101203560e-12 -1.126186128412202074e-12 3.156167736013859944e-12 2.473903462883486031e-12 -1.278852168145975782e-12 -2.188909967337866573e-12 -3.530370495024672514e-12 3.233668359476122684e-12 3.477778947503868047e-13
7.953144002045235067e-11 9.865450848248211580e-11 7.131858687568078737e-11 9.775394958227694823e-11 2.602922595727646252e-11 1.197010421622660608e-10 3.886067658646079274e-10 4.267771534838097749e-11 3.072548424720370553e-11 3.410904476213833765e-11 4.585348117145695207e-11 2.086662527854595447e-11 1.271504564068580448e-11 -1.119486947530736993e-12 -1.798595028541471592e-12 4.266529360601054667e-12 -3.687083377413677895e-12 2.455638144424569186e-12 5.386205585140307567e-12 -1.335012759715593698e-12 -3.510397678016955428e-13 -1.456671937303099914e-12 2.229323231931034130e-13 7.811898617753886200e-13 2.408546355754224764e-12 -3.640318608369069097e-13
-1.462669833573013693e-11 7.030515912455481890e-11 8.551392856588395358e-11 3.226480371840416533e-11 3.620102548014081108e-11 4.701705778084619099e-11 4.267771534838097749e-11 2.257601916654603579e-10 4.665504639850111031e-11 3.252680326908266026e-11 2.869689073614576694e-11 2.338323154812333116e-11 2.414027471415242897e-12 -9.921184219391339777e-13 -7.747819644646673473e-12 -3.903724206428599982e-12 -1.044113813895544631e-12 1.015041554907023217e-11 1.416210524571193429e-11 8.558047723044264495e-12 9.222198880618185053e-12 3.970279631081026460e-12 2.953272682547773810e-12 6.583601599061055142e-12 4.252176997372405498e-12 -1.931611068611188447e-12
-2.115302317473225893e-11 2.331609230088478879e-11 1.048355059590838345e-10 5.517449752583703509e-11 1.062535860804822570e-11 3.008188520302875779e-11 3.072548424720370553e-11 4.665504639850111031e-11 1.547075972464143939e-10 2.928596767348356078e-11 2.529572888205544012e-11 2.225026475864830262e-11 3.788947423732582853e-12 8.382248075843721652e-12 -1.067310477311868933e-12 -4.030232190962762963e-12 -2.326776808285995502e-12 5.355940021650240335e-12 3.131035799393490772e-12 -4.010103606446907668e-13 -1.628652958337516112e-12 -8.170615144298010789e-13 2.758050528626090453e-13 1.064437045409110209e-12 -1.269631044074993436e-12 -8.007978457647768517e-13
8.845045532147172497e-11 3.086311790599648173e-11 1.073512578219183526e-10 1.271900974155495548e-11 4.760602261958513822e-11 1.610400811289199261e-11 3.410904476213833765e-11 3.252680326908266026e-11 2.928596767348356078e-11 1.162382902288145709e-10 3.387248468018978503e-11 2.025351717351595387e-11 9.693974494294022018e-12 7.804726632674057138e-12 -3.812123716903329020e-12 -1.880059856578356459e-12 -1.444584888091097979e-12 -9.195869152525383609e-13 3.092204929459796887e-12 3.369737452949612448e-12 1.309607994988681120e-12 3.562970974811178931e-12 1.218479682858338895e-12 -5.592178969558709522e-13 5.836811747381923022e-14 -9.328288072354813855e-13
4.461321864226512137e-11 4.731786125446612503e-11 5.014383667234438170e-11 2.946513926875462783e-12 2.611645763419263487e-12 1.810988573668097008e-11 4.585348117145695207e-11 2.869689073614576694e-11 2.529572888205544012e-11 3.387248468018978503e-11 9.703542242475547596e-11 3.359110948938011362e-11 1.720463370516909899e-11 6.400918682890965179e-12 3.013218252012084688e-12 3.781445077652374215e-12 -1.345066528371967695e-12 -1.797100200587186962e-12 -1.285837486347226139e-12 3.016665384483076489e-12 6.426306438056776433e-12 3.775100499318012431e-12 4.367698179021519711e-12 1.696620726279373262e-12 -9.394632339268608340e-13 6.285104336418874159e-13
6.148741699665020370e-11 5.167892499200000928e-11 4.461408993998465119e-11 2.786402840315507068e-11 2.405335511732426558e-11 1.482148867172955175e-11 2.086662527854595447e-11 2.338323154812333116e-11 2.225026475864830262e-11 2.025351717351595387e-11 3.359110948938011362e-11 7.218340592525144085e-11 1.616861927537838930e-11 1.024876842550131917e-11 3.576431265078426034e-12 2.114376180450822097e-12 -2.386404051739039322e-12 -2.346781301386088706e-12 -1.718319179726236199e-12 -2.490552586555509692e-13 1.310163887887116857e-12 -2.551152443624365569e-12 -2.829896123598329197e-12 -1.455629349930530315e-12 1.678764221710691579e-13 -1.126174164147474599e-12
-4.543573285664974769e-11 2.941526341368260732e-11 1.624129353672366290e-11 -5.124603479466406733e-13 7.245276166701649187e-12 -6.730405848403622624e-13 1.271504564068580448e-11 2.414027471415242897e-12 3.788947423732582853e-12 9.693974494294022018e-12 1.720463370516909899e-11 1.616861927537838930e-11 4.668723630841474679e-11 1.910279468038219192e-11 7.351541919310360836e-12 2.270369941473993881e-12 -2.812348906019338790e-12 -3.905756067404515268e-12 -5.961179079275308564e-13 1.900884668279799464e-12 -6.044117826300479238e-13 -2.334338391578639996e-12 -1.970301104453859521e-12 8.465961085914158277e-13 6.710793884230668741e-13 -1.676986889507381076e-12
6.757857554684114029e-12 6.379385487796015309e-11 1.658906057859323292e-11 2.548960910913251134e-11 1.857400121790761340e-11 2.384012197426736550e-12 -1.119486947530736993e-12 -9.921184219391339777e-13 8.382248075843721652e-12 7.804726632674057138e-12 6.400918682890965179e-12 1.024876842550131917e-11 1.910279468038219192e-11 4.468392832042198148e-11 1.793568615398191588e-11 9.467308426375475621e-12 8.068277438284823718e-12 4.672812764401236407e-12 2.040920826178052436e-12 2.922821653343643773e-12 8.884761486257490355e-13 2.091479680042053680e-12 1.793439724068464295e-12 1.445904782920187579e-12 -1.850302393612506538e-12 -2.589648212234506280e-12
-1.396920839077668565e-11 8.587291286470787178e-12 -1.872247121672247974e-11 9.269069060490615995e-12 1.500348594498554470e-11 8.983140999511551264e-12 -1.798595028541471592e-12 -7.747819644646673473e-12 -1.067310477311868933e-12 -3.812123716903329020e-12 3.013218252012084688e-12 3.576431265078426034e-12 7.351541919310360836e-12 1.793568615398191588e-11 3.991676523510116031e-11 2.237410057350998809e-11 1.467611136518515927e-11 6.953962127494780364e-12 6.937860192494526426e-12 4.547524940348746635e-12 3.948934492041309595e-12 2.038682954049805233e-12 -1.967577996755332843e-13 5.930068566594321054e-13 -1.204309987851346720e-12 -2.602078208217225863e-12
-8.249366185645081644e-12 1.727305366743955779e-11 -1.704314174400664855e-12 2.449862847148428784e-12 1.548632879297794102e-11 5.239146623196123877e-12 4.266529360601054667e-12 -3.903724206428599982e-12 -4.030232190962762963e-12 -1.880059856578356459e-12 3.781445077652374215e-12 2.114376180450822097e-12 2.270369941473993881e-12 9.467308426375475621e-12 2.237410057350998809e-11 3.624851990419036073e-11 2.146743223785937688e-11 8.966592397539782132e-12 5.957648772928357926e-12 2.678831415565496427e-12 2.049069899567613362e-12 1.206584967595895168e-12 -1.739418853368779091e-12 -3.392639569438870223e-13 1.294706514662563696e-13 -7.814280330959785509e-13
2.415019989173032420e-11 1.813096727146768986e-11 2.855646181526877093e-11 1.244390974083256194e-11 1.639027921458818702e-11 7.555172043593207446e-12 -3.687083377413677895e-12 -1.044113813895544631e-12 -2.326776808285995502e-12 -1.444584888091097979e-12 -1.345066528371967695e-12 -2.386404051739039322e-12 -2.812348906019338790e-12 8.068277438284823718e-12 1.467611136518515927e-11 2.146743223785937688e-11 3.342417744689308902e-11 1.809523074752823475e-11 9.855450519096722440e-12 4.614941268175066105e-12 2.568870712048984361e-12 1.578326444047317881e-12 6.520159463211625592e-13 1.103373812071403265e-12 -2.864133157337797374e-13 7.702609037666815311e-13
1.604164475704573201e-11 1.594710338125221528e-11 3.114075478063339289e-11 1.278487679978198067e-11 1.164748659268953742e-11 -3.597584994101203560e-12 2.455638144424569186e-12 1.015041554907023217e-11 5.355940021650240335e-12 -9.195869152525383609e-13 -1.797100200587186962e-12 -2.346781301386088706e-12 -3.905756067404515268e-12 4.672812764401236407e-12 6.953962127494780364e-12 8.966592397539782132e-12 1.809523074752823475e-11 2.737349086161331086e-11 1.315947501797279650e-11 4.582817505719602370e-12 2.421507502475719281e-12 1.838712992386528327e-12 4.297703532859364067e-13 -1.187995719230339944e-13 -1.807519555455039751e-12 3.701097546132325549e-13
-4.698770849492317360e-12 2.306402040630894847e-11 -4.709002263237395490e-12 2.771697236374190641e-12 1.813747542965777705e-11 -1.126186128412202074e-12 5.386205585140307567e-12 1.416210524571193429e-11 3.131035799393490772e-12 3.092204929459796887e-12 -1.285837486347226139e-12 -1.718319179726236199e-12 -5.961179079275308564e-13 2.040920826178052436e-12 6.937860192494526426e-12 5.957648772928357926e-12 9.855450519096722440e-12 1.315947501797279650e-11 2.670484840465463854e-11 1.505108813450487995e-11 7.098325058375206203e-12 3.228164278667798700e-12 1.752208646344860015e-12 1.306498708751401238e-12 1.295293379531274551e-12 -1.542771440529296478e-12
-3.372764548729799203e-12 3.443231620218356645e-11 -9.580073323831803166e-12 -1.922525352572696727e-13 4.358714886461582286e-12 3.156167736013859944e-12 -1.335012759715593698e-12 8.558047723044264495e-12 -4.010103606446907668e-13 3.369737452949612448e-12 3.016665384483076489e-12 -2.490552586555509692e-13 1.900884668279799464e-12 2.922821653343643773e-12 4.547524940348746635e-12 2.678831415565496427e-12 4.614941268175066105e-12 4.582817505719602370e-12 1.505108813450487995e-11 2.457007214036386625e-11 1.434510447311195671e-11 5.768714798493475002e-12 2.356503156211544493e-12 1.165823825471106179e-12 4.079766886633594182e-14 -1.672197592767580354e-12
2.487188414161437012e-11 9.786336758460405953e-12 5.014258445366728337e-13 1.920294734452888765e-11 6.014561756239888217e-12 2.473903462883486031e-12 -3.510397678016955428e-13 9.222198880618185053e-12 -1.628652958337516112e-12 1.309607994988681120e-12 6.426306438056776433e-12 1.310163887887116857e-12 -6.044117826300479238e-13 8.884761486257490355e-13 3.948934492041309595e-12 2.049069899567613362e-12 2.568870712048984361e-12 2.421507502475719281e-12 7.098325058375206203e-12 1.434510447311195671e-11 2.559613249099403648e-11 1.400652348130986696e-11 3.877569519205427481e-12 1.043051456606023217e-12 -1.304127877101016342e-12 -2.774220291228607923e-12
1.014069274059400572e-11 1.245516566507758895e-11 8.106693692813822565e-12 7.118152643562389569e-12 4.823959722901524997e-12 -1.278852168145975782e-12 -1.456671937303099914e-12 3.970279631081026460e-12 -8.170615144298010789e-13 3.562970974811178931e-12 3.775100499318012431e-12 -2.551152443624365569e-12 -2.334338391578639996e-12 2.091479680042053680e-12 2.038682954049805233e-12 1.206584967595895168e-12 1.578326444047317881e-12 1.838712992386528327e-12 3.228164278667798700e-12 5.768714798493475002e-12 1.400652348130986696e-11 2.123308664947481507e-11 6.948735749280148198e-12 1.957805483088194575e-12 -1.557193086475115059e-12 -2.856959180980573893e-12
-5.053068100853822562e-12 1.201717482158456250e-11 1.010894056750845730e-11 6.082626572824385282e-13 3.768757897947618475e-12 -2.188909967337866573e-12 2.229323231931034130e-13 2.953272682547773810e-12 2.758050528626090453e-13 1.218479682858338895e-12 4.367698179021519711e-12 -2.829896123598329197e-12 -1.970301104453859521e-12 1.793439724068464295e-12 -1.967577996755332843e-13 -1.739418853368779091e-12 6.520159463211625592e-13 4.297703532859364067e-13 1.752208646344860015e-12 2.356503156211544493e-12 3.877569519205427481e-12 6.948735749280148198e-12 1.158507163792701035e-11 5.129284342268368480e-12 -7.900634848429111521e-13 -6.428384606088554329e-13
-2.973187235590068033e-11 3.606834425573131576e-12 -4.790720070319800028e-12 4.490083341087768777e-12 2.599578539455172321e-12 -3.530370495024672514e-12 7.811898617753886200e-13 6.583601599061055142e-12 1.064437045409110209e-12 -5.592178969558709522e-13 1.696620726279373262e-12 -1.455629349930530315e-12 8.465961085914158277e-13 1.445904782920187579e-12 5.930068566594321054e-13 -3.392639569438870223e-13 1.103373812071403265e-12 -1.187995719230339944e-13 1.306498708751401238e-12 1.165823825471106179e-12 1.043051456606023217e-12 1.957805483088194575e-12 5.129284342268368480e-12 9.308511183365861325e-12 2.304125565004058337e-12 6.139030658773502594e-13
-2.388857190194983005e-11 -7.498665829570858710e-13 -1.910218953574210059e-11 1.047145563203179351e-12 6.074548941359677238e-12 3.233668359476122684e-12 2.408546355754224764e-12 4.252176997372405498e-12 -1.269631044074993436e-12 5.836811747381923022e-14 -9.394632339268608340e-13 1.678764221710691579e-13 6.710793884230668741e-13 -1.850302393612506538e-12 -1.204309987851346720e-12 1.294706514662563696e-13 -2.864133157337797374e-13 -1.807519555455039751e-12 1.295293379531274551e-12 4.079766886633594182e-14 -1.304127877101016342e-12 -1.557193086475115059e-12 -7.900634848429111521e-13 2.304125565004058337e-12 8.749080499117706461e-12 2.068639377428253313e-12
-8.723538558853936679e-12 -1.175701633781362608e-11 -7.109196045596438357e-12 -1.002799481906011934e-11 -8.186739169448251544e-12 3.477778947503868047e-13 -3.640318608369069097e-13 -1.931611068611188447e-12 -8.007978457647768517e-13 -9.328288072354813855e-13 6.285104336418874159e-13 -1.126174164147474599e-12 -1.676986889507381076e-12 -2.589648212234506280e-12 -2.602078208217225863e-12 -7.814280330959785509e-13 7.702609037666815311e-13 3.701097546132325549e-13 -1.542771440529296478e-12 -1.672197592767580354e-12 -2.774220291228607923e-12 -2.856959180980573893e-12 -6.428384606088554329e-13 6.139030658773502594e-13 2.068639377428253313e-12 6.494465682631627523e-12
