3.180981493225850667e-09 3.698372200338398139e-10 3.035056502548827586e-10 7.335750962985813381e-11 -8.492996295197064535e-11 3.857070040349670515e-11 -1.131081523801586519e-11 -1.874743370821361423e-11 -5.925994458233626187e-12 1.511456100005663233e-11 1.024982630657389582e-10 7.320624519180648104e-11 5.477105022136017577e-11 6.717794852366298380e-11 3.147424100012149979e-11 3.739330688715057531e-11 3.692452202250318342e-11 2.053614463906242021e-11 6.774485549762798690e-12 -2.569755515711351884e-11 -3.720736644348885749e-11 -3.577621750973825091e-12 -1.906233376461145543e-11 5.464943758472491613e-12 -9.435326231261863246e-12 5.594234386145375215e-12
3.698372200338398139e-10 2.581264285166948827e-09 2.014235992299812365e-10 2.203786207025197354e-10 2.501287955553744421e-10 1.200965738380661381e-10 1.714892731109318810e-10 2.314929456366503705e-11 4.389571897563493190e-11 1.152365956525200561e-11 3.855866331641781728e-11 -2.139536807275206968e-11 3.516193606719127777e-11 5.266689456811632470e-11 1.859975499487520559e-11 4.028317486085371255e-11 4.467094397479288068e-11 2.773815159761139503e-11 3.020460400662160488e-11 2.954986978336513279e-11 -1.628529897538045532e-11 -2.184891114782876792e-11 -2.285656031222320335e-11 3.419879676851152641e-12 1.284952712807382460e-11 -2.135033850200656975e-12
3.035056502548827586e-10 2.014235992299812365e-10 1.509042575122374326e-09 2.385568334016245978e-10 6.967953919900958462e-11 6.956315182644321322e-11 7.000555417515526671e-11 2.302627120555138325e-12 7.488780645520321619e-11 4.074916990432633926e-11 3.716631136008109343e-11 1.246721226490403833e-11 2.355744535765941873e-11 1.796179013881827874e-11 -5.036983980196595877e-12 -1.150167602529451795e-11 -1.766257752646840173e-11 -1.044853153534285129e-11 -1.077813116731452287e-11 -1.338665385866009221e-11 -9.876333607491234234e-12 -7.968357360370298182e-12 3.455424280506657939e-12 -1.555229444802592893e-11 -3.984477682104584278e-12 9.316592298994673948e-12
7.335750962985813381e-11 2.203786207025197354e-10 2.385568334016245978e-10 8.993856439154441774e-10 1.218147585749590112e-10 1.040469549428465876e-10 8.546439805340228970e-11 1.777311260062152351e-11 6.610070067259691878e-11 3.220403278379932929e-11 3.280798646794870798e-11 2.745933415799251297e-11 2.738890689443986408e-11 2.904446037325594242e-11 1.051408084491095511e-11 -6.338971727468451730e-13 1.559132825503849662e-11 7.246822593491899753e-14 -7.234829965037556424e-12 -4.140539016995356943e-12 1.683511975539542986e-12 1.501297927583577564e-11 1.370179814230828920e-11 8.062141604044916357e-13 2.225482614247264572e-12 -6.042200545426290350e-12
-8.492996295197064535e-11 2.501287955553744421e-10 6.967953919900958462e-11 1.218147585749590112e-10 6.034765279773770550e-10 5.889873516327118229e-11 6.595353191168575083e-11 5.592996015353878751e-12 6.024767333059016958e-11 2.108853358777476660e-11 2.590997478909001042e-11 1.887085475084458617e-11 3.004597323430479729e-12 4.715945185569437153e-12 7.237073667948600802e-12 1.896127795675302597e-11 1.462772380047572576e-11 7.690132602298806367e-12 6.734579997120730263e-12 1.792608933010129718e-11 1.382379413801715305e-11 -7.822889705436887954e-12 5.474191444907813294e-12 1.039710637945593819e-11 -5.780106112503304151e-12 -3.114667833497666067e-12
3.857070040349670515e-11 1.200965738380661381e-10 6.956315182644321322e-11 1.040469549428465876e-10 5.889873516327118229e-11 4.831064340081800885e-10 8.454187819421902030e-11 3.115203342294951342e-11 3.062924700112058422e-11 2.501459456485123035e-11 2.419292508969715648e-11 1.895897081710065902e-11 1.374599490340782991e-11 2.702185651689863584e-13 8.407240630287672283e-13 7.781464156775213262e-12 1.265905315499309893e-11 2.556088290442464089e-12 1.840870785402613744e-12 6.768295357423191003e-12 -1.616471467885532361e-12 4.262822248840075375e-12 2.808358688139274511e-12 -1.572488026945847443e-12 7.836000880929371018e-12 -1.093714190301652238e-12
-1.131081523801586519e-11 1.714892731109318810e-10 7.000555417515526671e-11 8.546439805340228970e-11 6.595353191168575083e-11 8.454187819421902030e-11 3.296873536512964150e-10 3.544991404658130601e-11 3.850305375497610182e-11 9.937859809059343977e-12 8.074512760377883964e-12 -1.114450136982269392e-11 1.006443923954953650e-11 1.161308600208507863e-11 -2.134853602968392552e-12 2.403912839605810822e-12 6.143694099506121467e-12 3.410771027449009367e-12 -6.568916203169508994e-12 -1.312485567244578724e-11 -1.083778812694655968e-11 -1.626247133378659502e-11 -6.577060266823738087e-12 -5.310258846440059986e-12 -6.652698138887075916e-12 -4.425790465005176293e-13
-1.874743370821361423e-11 2.314929456366503705e-11 2.302627120555138325e-12 1.777311260062152351e-11 5.592996015353878751e-12 3.115203342294951342e-11 3.544991404658130601e-11 2.068546914449904074e-10 3.025919400445856239e-11 7.567738567389507213e-12 7.114384714858049707e-12 1.762103749765202923e-11 -9.571303006784352757e-13 4.186188147038109574e-13 -6.544534250176250270e-12 5.379700336776346596e-12 1.022512185230444422e-11 3.997705467136771165e-12 4.225988957151635605e-12 -3.095563028474213622e-13 -7.223435608044169545e-12 -7.192014510277116032e-12 -1.019643063682767419e-11 2.927201138605306500e-12 8.561850389695749054e-12 2.223493842015359692e-12
-5.925994458233626187e-12 4.389571897563493190e-11 7.488780645520321619e-11 6.610070067259691878e-11 6.024767333059016958e-11 3.062924700112058422e-11 3.850305375497610182e-11 3.025919400445856239e-11 1.683561207285407561e-10 4.037649011223085430e-11 2.993813276757677877e-11 2.714813972196174230e-11 2.258204072595802599e-11 2.208578365534509785e-11 1.407387395552323515e-11 6.880276925878911393e-12 1.473106900890937213e-11 1.248504739913214306e-11 1.555468753454179738e-13 -4.481390368098903201e-12 -9.223626415861704719e-12 -7.031867864647931155e-12 -9.521834804053594122e-13 9.559800491077303711e-13 -9.253799122473577060e-13 5.614543240865379148e-13
1.511456100005663233e-11 1.152365956525200561e-11 4.074916990432633926e-11 3.220403278379932929e-11 2.108853358777476660e-11 2.501459456485123035e-11 9.937859809059343977e-12 7.567738567389507213e-12 4.037649011223085430e-11 1.314892073527910489e-10 4.263563230553954765e-11 3.245736994292655789e-11 1.562199575401100550e-11 1.485393846155394846e-11 1.117890840216508907e-11 1.213206022785113207e-11 4.026196523724913569e-12 -1.632708087258657055e-13 -1.495481722507646846e-12 -1.139136410706754706e-11 -1.365468944545066853e-11 -4.950646923490376758e-12 -8.185214904706838649e-12 -3.525740869921995956e-12 -8.194489707445847080e-13 -3.269029051285975161e-12
1.024982630657389582e-10 3.855866331641781728e-11 3.716631136008109343e-11 3.280798646794870798e-11 2.590997478909001042e-11 2.419292508969715648e-11 8.074512760377883964e-12 7.114384714858049707e-12 2.993813276757677877e-11 4.263563230553954765e-11 7.430416787566249495e-11 3.112102208621585279e-11 1.838175058934227990e-11 1.341782689059796447e-11 1.151954834811802070e-11 4.495165473997492573e-12 -8.820579390609418183e-13 -1.356277570756359254e-12 -8.204521761304903819e-14 -1.779256955534919621e-12 -5.861946430874461858e-12 -4.451329973780853071e-12 -3.825781568967835448e-12 -1.150174638693927562e-12 -2.626034845806043481e-12 -3.523440160346324075e-12
7.320624519180648104e-11 -2.139536807275206968e-11 1.246721226490403833e-11 2.745933415799251297e-11 1.887085475084458617e-11 1.895897081710065902e-11 -1.114450136982269392e-11 1.762103749765202923e-11 2.714813972196174230e-11 3.245736994292655789e-11 3.112102208621585279e-11 7.438942305076456292e-11 3.187785006689544386e-11 1.991554298756622159e-11 1.219933383738033596e-11 7.349747862960177617e-12 1.004271802139778950e-11 5.555364508082817208e-12 5.195813867127197112e-12 -1.508428409154955272e-12 -5.490885990473955780e-12 -2.014166721163985267e-12 -1.182807282530021539e-12 -6.859859290774827843e-13 9.611859927105689787e-13 2.753281737571748680e-13
5.477105022136017577e-11 3.516193606719127777e-11 2.355744535765941873e-11 2.738890689443986408e-11 3.004597323430479729e-12 1.374599490340782991e-11 1.006443923954953650e-11 -9.571303006784352757e-13 2.258204072595802599e-11 1.562199575401100550e-11 1.838175058934227990e-11 3.187785006689544386e-11 7.053213397372428974e-11 3.955629351819362398e-11 2.859744787508397930e-11 1.823093601445702207e-11 1.444111251996302814e-11 8.377680261633957300e-12 3.337581424570314423e-12 -1.907139704086260229e-12 -1.044652830967285232e-11 -6.084066571420315301e-12 -1.142781175477938915e-12 5.969331707901281660e-13 3.235980318516643880e-12 -4.695493209337727348e-13
6.717794852366298380e-11 5.266689456811632470e-11 1.796179013881827874e-11 2.904446037325594242e-11 4.715945185569437153e-12 2.702185651689863584e-13 1.161308600208507863e-11 4.186188147038109574e-13 2.208578365534509785e-11 1.485393846155394846e-11 1.341782689059796447e-11 1.991554298756622159e-11 3.955629351819362398e-11 6.845772727369496365e-11 3.559739586838324839e-11 2.456072842338024465e-11 1.460082410058542812e-11 8.721760083830583421e-12 9.828808706187316290e-12 9.615892825100987272e-13 -9.705004508083145654e-12 -3.261276735438491984e-12 3.138499625607801844e-12 7.104207227562339462e-13 1.213845752680167061e-12 1.298334342229827287e-12
3.147424100012149979e-11 1.859975499487520559e-11 -5.036983980196595877e-12 1.051408084491095511e-11 7.237073667948600802e-12 8.407240630287672283e-13 -2.134853602968392552e-12 -6.544534250176250270e-12 1.407387395552323515e-11 1.117890840216508907e-11 1.151954834811802070e-11 1.219933383738033596e-11 2.859744787508397930e-11 3.559739586838324839e-11 5.275851350833194346e-11 3.015697718028361595e-11 1.939386330825992935e-11 1.195952689193710046e-11 9.744458710098368258e-12 2.561767616341191024e-12 -2.083687884606919220e-12 7.472354440599365076e-13 1.590458719106336259e-12 1.665527427019243195e-12 -8.278345848245697735e-13 -2.187622604554307222e-12
3.739330688715057531e-11 4.028317486085371255e-11 -1.150167602529451795e-11 -6.338971727468451730e-13 1.896127795675302597e-11 7.781464156775213262e-12 2.403912839605810822e-12 5.379700336776346596e-12 6.880276925878911393e-12 1.213206022785113207e-11 4.495165473997492573e-12 7.349747862960177617e-12 1.823093601445702207e-11 2.456072842338024465e-11 3.015697718028361595e-11 5.632542897354408746e-11 3.350451352911941862e-11 2.183463900905315877e-11 1.497601375761030464e-11 2.493095663239088573e-12 -8.448980812609107341e-13 1.703582659916872890e-12 2.179760587167430106e-12 4.081585180361121755e-12 -8.309396116557576463e-13 1.007375646873882525e-12
3.692452202250318342e-11 4.467094397479288068e-11 -1.766257752646840173e-11 1.559132825503849662e-11 1.462772380047572576e-11 1.265905315499309893e-11 6.143694099506121467e-12 1.022512185230444422e-11 1.473106900890937213e-11 4.026196523724913569e-12 -8.820579390609418183e-13 1.004271802139778950e-11 1.444111251996302814e-11 1.460082410058542812e-11 1.939386330825992935e-11 3.350451352911941862e-11 5.374009513844650829e-11 3.278360796985976551e-11 1.564086052467230275e-11 5.434362852268372293e-12 -7.623935652874582924e-13 -1.711987208756480305e-12 5.744463188618395609e-13 3.661030733863033283e-12 1.536697035548669840e-12 9.675095313485628475e-13
2.053614463906242021e-11 2.773815159761139503e-11 -1.044853153534285129e-11 7.246822593491899753e-14 7.690132602298806367e-12 2.556088290442464089e-12 3.410771027449009367e-12 3.997705467136771165e-12 1.248504739913214306e-11 -1.632708087258657055e-13 -1.356277570756359254e-12 5.555364508082817208e-12 8.377680261633957300e-12 8.721760083830583421e-12 1.195952689193710046e-11 2.183463900905315877e-11 3.278360796985976551e-11 4.896457925853509849e-11 2.782245947383511914e-11 1.089433374461502981e-11 1.612590640633856815e-12 3.689905998013343490e-13 1.981006886339140138e-12 4.024537721964265766e-12 -1.051309880749272419e-12 9.044751913660024177e-13
6.774485549762798690e-12 3.020460400662160488e-11 -1.077813116731452287e-11 -7.234829965037556424e-12 6.734579997120730263e-12 1.840870785402613744e-12 -6.568916203169508994e-12 4.225988957151635605e-12 1.555468753454179738e-13 -1.495481722507646846e-12 -8.204521761304903819e-14 5.195813867127197112e-12 3.337581424570314423e-12 9.828808706187316290e-12 9.744458710098368258e-12 1.497601375761030464e-11 1.564086052467230275e-11 2.782245947383511914e-11 4.425302684276419549e-11 2.588938467280324252e-11 9.535780270925551997e-12 8.978836331662867574e-12 5.700343277982443113e-12 3.170861349578293845e-12 -9.058015715938491012e-13 1.173818917623764437e-12
-2.569755515711351884e-11 2.954986978336513279e-11 -1.338665385866009221e-11 -4.140539016995356943e-12 1.792608933010129718e-11 6.768295357423191003e-12 -1.312485567244578724e-11 -3.095563028474213622e-13 -4.481390368098903201e-12 -1.139136410706754706e-11 -1.779256955534919621e-12 -1.508428409154955272e-12 -1.907139704086260229e-12 9.615892825100987272e-13 2.561767616341191024e-12 2.493095663239088573e-12 5.434362852268372293e-12 1.089433374461502981e-11 2.588938467280324252e-11 5.085733404719522125e-11 2.655103816341171063e-11 1.477190095864257836e-11 9.502203834509855818e-12 2.301668680430268125e-12 1.185583899103828781e-13 -6.635109659398817382e-14
-3.720736644348885749e-11 -1.628529897538045532e-11 -9.876333607491234234e-12 1.683511975539542986e-12 1.382379413801715305e-11 -1.616471467885532361e-12 -1.083778812694655968e-11 -7.223435608044169545e-12 -9.223626415861704719e-12 -1.365468944545066853e-11 -5.861946430874461858e-12 -5.490885990473955780e-12 -1.044652830967285232e-11 -9.705004508083145654e-12 -2.083687884606919220e-12 -8.448980812609107341e-13 -7.623935652874582924e-13 1.612590640633856815e-12 9.535780270925551997e-12 2.655103816341171063e-11 4.380343604993528396e-11 2.511891130613637595e-11 1.382962259587025321e-11 4.478253315205813323e-12 -9.416181680551704398e-13 -8.587326208853233469e-13
-3.577621750973825091e-12 -2.184891114782876792e-11 -7.968357360370298182e-12 1.501297927583577564e-11 -7.822889705436887954e-12 4.262822248840075375e-12 -1.626247133378659502e-11 -7.192014510277116032e-12 -7.031867864647931155e-12 -4.950646923490376758e-12 -4.451329973780853071e-12 -2.014166721163985267e-12 -6.084066571420315301e-12 -3.261276735438491984e-12 7.472354440599365076e-13 1.703582659916872890e-12 -1.711987208756480305e-12 3.689905998013343490e-13 8.978836331662867574e-12 1.477190095864257836e-11 2.511891130613637595e-11 3.864489078598967461e-11 2.032599020197800334e-11 5.566000850216348926e-12 9.427619926325473555e-14 -1.190464730449391417e-12
-1.906233376461145543e-11 -2.285656031222320335e-11 3.455424280506657939e-12 1.370179814230828920e-11 5.474191444907813294e-12 2.808358688139274511e-12 -6.577060266823738087e-12 -1.019643063682767419e-11 -9.521834804053594122e-13 -8.185214904706838649e-12 -3.825781568967835448e-12 -1.182807282530021539e-12 -1.142781175477938915e-12 3.138499625607801844e-12 1.590458719106336259e-12 2.179760587167430106e-12 5.744463188618395609e-13 1.981006886339140138e-12 5.700343277982443113e-12 9.502203834509855818e-12 1.382962259587025321e-11 2.032599020197800334e-11 3.198229994921104450e-11 1.149128631244218247e-11 1.514872085510261445e-12 -4.552195386641830147e-14
5.464943758472491613e-12 3.419879676851152641e-12 -1.555229444802592893e-11 8.062141604044916357e-13 1.039710637945593819e-11 -1.572488026945847443e-12 -5.310258846440059986e-12 2.927201138605306500e-12 9.559800491077303711e-13 -3.525740869921995956e-12 -1.150174638693927562e-12 -6.859859290774827843e-13 5.969331707901281660e-13 7.104207227562339462e-13 1.665527427019243195e-12 4.081585180361121755e-12 3.661030733863033283e-12 4.024537721964265766e-12 3.170861349578293845e-12 2.301668680430268125e-12 4.478253315205813323e-12 5.566000850216348926e-12 1.149128631244218247e-11 1.780244285111568797e-11 3.937918119107166906e-12 -8.503275439332294605e-13
-9.435326231261863246e-12 1.284952712807382460e-11 -3.984477682104584278e-12 2.225482614247264572e-12 -5.780106112503304151e-12 7.836000880929371018e-12 -6.652698138887075916e-12 8.561850389695749054e-12 -9.253799122473577060e-13 -8.194489707445847080e-13 -2.626034845806043481e-12 9.611859927105689787e-13 3.235980318516643880e-12 1.213845752680167061e-12 -8.278345848245697735e-13 -8.309396116557576463e-13 1.536697035548669840e-12 -1.051309880749272419e-12 -9.058015715938491012e-13 1.185583899103828781e-13 -9.416181680551704398e-13 9.427619926325473555e-14 1.514872085510261445e-12 3.937918119107166906e-12 1.466718264695958136e-11 3.120773006590687501e-12
5.594234386145375215e-12 -2.135033850200656975e-12 9.316592298994673948e-12 -6.042200545426290350e-12 -3.114667833497666067e-12 -1.093714190301652238e-12 -4.425790465005176293e-13 2.223493842015359692e-12 5.614543240865379148e-13 -3.269029051285975161e-12 -3.523440160346324075e-12 2.753281737571748680e-13 -4.695493209337727348e-13 1.298334342229827287e-12 -2.187622604554307222e-12 1.007375646873882525e-12 9.675095313485628475e-13 9.044751913660024177e-13 1.173818917623764437e-12 -6.635109659398817382e-14 -8.587326208853233469e-13 -1.190464730449391417e-12 -4.552195386641830147e-14 -8.503275439332294605e-13 3.120773006590687501e-12 9.947828797316505475e-12
