2.655747908105149299e-09 -6.044172743585605216e-11 1.280337602138495775e-10 9.918760532486911341e-11 2.221796897301274049e-11 -7.137939343119773274e-11 -1.201845405636067764e-10 -2.914310765002340467e-11 -4.189051050114283814e-12 2.320256958366384926e-12 5.062994172853376892e-11 4.843906478775486344e-11 3.709550125965714536e-11 3.333601415209379387e-11 2.383381655319770046e-11 2.714323765445866428e-11 1.530500488054668494e-12 -1.703092821291252623e-11 -2.267858509028829235e-11 -2.107944026418881144e-11 -1.207771676171712051e-11 1.445208640051622049e-11 -2.235992225315619456e-13 1.583258321323834736e-11 -6.621084308541358310e-12 -1.709366154236898559e-11
-6.044172743585605216e-11 1.443903404316455700e-09 -5.657608740443244572e-12 1.174191841318889993e-10 -1.270591603386432692e-11 -3.031047143706163084e-11 3.640032635672530894e-11 -3.162067905748432935e-11 -4.464263227114579281e-11 1.608688530100132600e-11 -5.840431309050273078e-12 2.072312609184316122e-11 4.465209187302937194e-12 7.394570993789587976e-12 1.605872503489766893e-11 6.169920325517489334e-12 -8.448140390295939950e-13 -6.080113412143279351e-13 -1.797549552257002986e-11 -1.102031430255884443e-11 -1.768031672130584618e-12 -4.168764298801104452e-12 -6.925867757112447637e-12 1.320319339632943768e-12 6.460207307732871150e-13 4.010255233705793612e-12
1.280337602138495775e-10 -5.657608740443244572e-12 1.121240798721334070e-09 5.605567393441689009e-11 7.206208807607977974e-11 -1.041550216575081560e-11 2.781080621076505021e-11 9.413080666445450071e-12 1.312842739801509545e-11 -2.743207873178168897e-13 1.274292067056729053e-11 3.992309263174628513e-11 3.182107860551962957e-11 2.574490234588593405e-11 7.937020655549227989e-12 3.282282883980804831e-11 -5.405518695873288245e-12 7.126258247807912175e-12 1.288297893811619088e-11 8.205031685424300104e-12 -1.322759830930890657e-12 -2.022123693180899923e-12 -6.315355523756231060e-12 -1.631284450074431953e-12 8.189852600897880494e-12 -6.263670905146751518e-12
9.918760532486911341e-11 1.174191841318889993e-10 5.605567393441689009e-11 7.216215875035957804e-10 8.535066540192681145e-11 8.800235659385986730e-11 -2.160409248906289164e-12 2.000074933734661171e-11 -1.803966811744204887e-11 -1.410323404127822155e-11 -3.692756764678363440e-12 7.984329852342334451e-12 1.436334985046907694e-11 1.059778251850107735e-11 1.770660339071273601e-11 5.615285971297999310e-13 -4.763622945591914064e-12 -5.930540662186660783e-13 2.822603068646883599e-12 -1.169933807408859460e-11 -7.157322085077394008e-12 -3.422634976993327836e-13 -5.713342550339826865e-12 -4.970695942897479403e-12 -1.933684182277635885e-12 1.850292138496243533e-13
2.221796897301274049e-11 -1.270591603386432692e-11 7.206208807607977974e-11 8.535066540192681145e-11 4.013046794941945781e-10 7.746157471682500005e-11 1.283749692398283080e-11 2.889270296357956355e-11 6.533975662099161839e-13 -1.578868062485003927e-11 2.570987365352995840e-12 4.131635900844788502e-12 2.169904494360151363e-12 -5.247760206907490412e-12 -8.840642243389086381e-12 -5.909704753201299302e-12 -4.019515363116520542e-12 -4.705877791396037318e-12 -4.272937811243988557e-12 4.176809954114879248e-12 1.316528954455938399e-11 1.426089852639619717e-12 8.175501209018017687e-13 2.372954240308609298e-12 1.314708178024254427e-12 -1.970145621567463334e-12
-7.137939343119773274e-11 -3.031047143706163084e-11 -1.041550216575081560e-11 8.800235659385986730e-11 7.746157471682500005e-11 3.083070692165108296e-10 1.589066568123990492e-11 2.957280667956146808e-11 -6.340672054262222846e-12 -2.707821805003219602e-12 -2.246472939667727667e-12 -1.901659936820159805e-11 -2.331421948466603529e-12 -7.910331619838645018e-12 3.191587241314202259e-12 7.658793084357375345e-12 6.604634388614438072e-12 -6.264145999625331040e-12 -4.677813215666276207e-12 4.332463118746657231e-12 7.245060895419422273e-12 1.090823389823694943e-11 3.004269073576727464e-12 2.162699358978915183e-12 -7.495520674634737902e-13 5.143221693904907481e-13
-1.201845405636067764e-10 3.640032635672530894e-11 2.781080621076505021e-11 -2.160409248906289164e-12 1.283749692398283080e-11 1.589066568123990492e-11 2.391586325080748210e-10 5.671559241504543391e-11 2.987946476972010284e-11 2.620709454258672391e-11 2.199521408729915695e-11 1.267165508005071770e-11 2.001934935731024415e-11 1.942895538385317172e-11 8.570898750519058507e-12 9.701869602853245936e-12 7.019780156806102956e-13 9.523586506042582863e-13 -6.502488756019688746e-12 -2.629892900882942474e-12 -3.089145385994713223e-12 5.039935252279607294e-13 -3.779193474452141642e-12 1.219386664315337933e-12 -1.104870721267712867e-13 1.626123540007243571e-12
-2.914310765002340467e-11 -3.162067905748432935e-11 9.413080666445450071e-12 2.000074933734661171e-11 2.889270296357956355e-11 2.957280667956146808e-11 5.671559241504543391e-11 1.810403789974299707e-10 4.195624603376597869e-11 3.253958451347665347e-11 2.013735603516491787e-11 3.953281699440970567e-12 7.546421558974941710e-12 5.654060961503072063e-12 4.407352960164474816e-12 7.147906737487013626e-12 3.850388569769518580e-12 2.674431265746436989e-12 -2.377873195171127262e-12 -4.483980300778634456e-12 -3.941751550692966042e-12 9.929762646813551853e-13 2.892170259906623822e-13 1.943374541699312659e-12 -1.746871302321545145e-12 -4.829359933464193109e-14
-4.189051050114283814e-12 -4.464263227114579281e-11 1.312842739801509545e-11 -1.803966811744204887e-11 6.533975662099161839e-13 -6.340672054262222846e-12 2.987946476972010284e-11 4.195624603376597869e-11 1.112842569604346436e-10 4.462476351009910967e-11 3.077553810744161614e-11 2.200740162396621027e-11 1.264256452537896907e-11 1.164657807949471642e-11 1.172959820002996611e-11 1.345039762347724810e-11 5.662737954963071750e-12 3.530785518274270357e-12 1.384573852929343845e-12 -8.904602698139633631e-13 -5.400959966429206480e-12 8.684483679418157312e-13 5.122966222693313736e-12 1.943564414378258149e-12 -2.517282457800892116e-12 -6.695572568835260978e-13
2.320256958366384926e-12 1.608688530100132600e-11 -2.743207873178168897e-13 -1.410323404127822155e-11 -1.578868062485003927e-11 -2.707821805003219602e-12 2.620709454258672391e-11 3.253958451347665347e-11 4.462476351009910967e-11 9.561154635334948934e-11 3.321582043062539319e-11 1.148915522736280099e-11 1.315927770382017970e-11 9.251870382699190398e-12 1.002002768329340364e-11 5.528998944193097354e-12 2.995398470876320740e-12 1.650073308616409591e-12 -4.984960620721824450e-12 -4.024933502110896965e-12 -4.701516255857341244e-12 -2.534871428277426454e-14 1.213030368191248324e-12 1.726995579179981412e-12 1.697431766914838650e-13 -1.877203424913870451e-13
5.062994172853376892e-11 -5.840431309050273078e-12 1.274292067056729053e-11 -3.692756764678363440e-12 2.570987365352995840e-12 -2.246472939667727667e-12 2.199521408729915695e-11 2.013735603516491787e-11 3.077553810744161614e-11 3.321582043062539319e-11 7.098450068680282477e-11 2.590643560849379578e-11 1.987745431279564795e-11 8.852062772751488566e-12 9.900564415882819834e-12 5.862332962861845692e-12 2.654920862592501505e-12 3.047086740976039752e-12 -4.590206648873216197e-12 -2.380890548663112431e-12 -1.063758501321573243e-13 -4.884744240918205810e-13 2.472754074834400572e-12 2.931172118896570236e-12 -1.680576057217420078e-13 3.734666531236630419e-15
4.843906478775486344e-11 2.072312609184316122e-11 3.992309263174628513e-11 7.984329852342334451e-12 4.131635900844788502e-12 -1.901659936820159805e-11 1.267165508005071770e-11 3.953281699440970567e-12 2.200740162396621027e-11 1.148915522736280099e-11 2.590643560849379578e-11 5.651424681689805552e-11 2.756524476861011430e-11 1.338581585791476787e-11 9.013036716137676442e-12 7.065537940562452266e-12 2.991976779505484873e-12 5.636535212951671104e-12 1.531623023531511489e-12 1.073017686497962255e-12 1.301137079842208450e-12 2.369985125864818234e-12 2.246793158337050160e-12 1.189904005177125237e-12 1.100998054453788955e-12 2.568453142451133299e-13
3.709550125965714536e-11 4.465209187302937194e-12 3.182107860551962957e-11 1.436334985046907694e-11 2.169904494360151363e-12 -2.331421948466603529e-12 2.001934935731024415e-11 7.546421558974941710e-12 1.264256452537896907e-11 1.315927770382017970e-11 1.987745431279564795e-11 2.756524476861011430e-11 5.257383599324294594e-11 2.889417724394593538e-11 1.833963168717229839e-11 1.318350121799500727e-11 1.181806179326566582e-11 9.359856245521766868e-12 3.029519219570327245e-12 -1.249398071100790153e-12 -3.028058338837398553e-12 -1.108313212353226723e-12 1.083793366030693108e-12 1.829439620928993975e-13 -2.581187507927896094e-13 2.079764244259964008e-13
3.333601415209379387e-11 7.394570993789587976e-12 2.574490234588593405e-11 1.059778251850107735e-11 -5.247760206907490412e-12 -7.910331619838645018e-12 1.942895538385317172e-11 5.654060961503072063e-12 1.164657807949471642e-11 9.251870382699190398e-12 8.852062772751488566e-12 1.338581585791476787e-11 2.889417724394593538e-11 4.787062207676180083e-11 2.835351077630072784e-11 1.658956588642807855e-11 1.028571368331823073e-11 7.486684747187407070e-12 2.707565180028066210e-12 -2.162011150670572261e-13 -2.499516942175042751e-12 -2.530935119887320964e-13 1.780689884720080720e-12 -1.059742785053769247e-13 -4.297083244823901525e-13 7.895575686068149857e-13
2.383381655319770046e-11 1.605872503489766893e-11 7.937020655549227989e-12 1.770660339071273601e-11 -8.840642243389086381e-12 3.191587241314202259e-12 8.570898750519058507e-12 4.407352960164474816e-12 1.172959820002996611e-11 1.002002768329340364e-11 9.900564415882819834e-12 9.013036716137676442e-12 1.833963168717229839e-11 2.835351077630072784e-11 4.604880036092924586e-11 2.842731647329739256e-11 1.544130209159033507e-11 9.701209551867925447e-12 2.206526806932311988e-12 -9.773830583841293820e-13 -3.075009149151724823e-12 -1.496943269714957631e-12 -1.157293341144505997e-12 2.154012261175864604e-13 -9.056158238001616428e-13 1.376667137926102214e-12
2.714323765445866428e-11 6.169920325517489334e-12 3.282282883980804831e-11 5.615285971297999310e-13 -5.909704753201299302e-12 7.658793084357375345e-12 9.701869602853245936e-12 7.147906737487013626e-12 1.345039762347724810e-11 5.528998944193097354e-12 5.862332962861845692e-12 7.065537940562452266e-12 1.318350121799500727e-11 1.658956588642807855e-11 2.842731647329739256e-11 4.389341126686407970e-11 2.734774722220241265e-11 1.281170227160133148e-11 8.207178179461869102e-12 2.076411557390408550e-12 -2.438110569010340278e-12 -1.193986358830886675e-12 3.704320059662488425e-14 -2.340615640874690087e-13 -2.792495333759747663e-13 5.720044892284400873e-13
1.530500488054668494e-12 -8.448140390295939950e-13 -5.405518695873288245e-12 -4.763622945591914064e-12 -4.019515363116520542e-12 6.604634388614438072e-12 7.019780156806102956e-13 3.850388569769518580e-12 5.662737954963071750e-12 2.995398470876320740e-12 2.654920862592501505e-12 2.991976779505484873e-12 1.181806179326566582e-11 1.028571368331823073e-11 1.544130209159033507e-11 2.734774722220241265e-11 4.557838281214456509e-11 2.608750684151219712e-11 1.396606812587973305e-11 6.831202159100513308e-12 8.405184926540877490e-13 4.615653226371865991e-13 6.739534669110659764e-13 -1.139427220921733348e-12 2.790035681243138122e-13 1.696104039669137895e-12
-1.703092821291252623e-11 -6.080113412143279351e-13 7.126258247807912175e-12 -5.930540662186660783e-13 -4.705877791396037318e-12 -6.264145999625331040e-12 9.523586506042582863e-13 2.674431265746436989e-12 3.530785518274270357e-12 1.650073308616409591e-12 3.047086740976039752e-12 5.636535212951671104e-12 9.359856245521766868e-12 7.486684747187407070e-12 9.701209551867925447e-12 1.281170227160133148e-11 2.608750684151219712e-11 3.585208805800002504e-11 2.003903765051590671e-11 7.066904230063399644e-12 2.436116521011995798e-12 2.251553890519960742e-12 -5.242436735417317518e-15 -8.912162605382308897e-13 3.255065608911996732e-13 1.439894997232361001e-12
-2.267858509028829235e-11 -1.797549552257002986e-11 1.288297893811619088e-11 2.822603068646883599e-12 -4.272937811243988557e-12 -4.677813215666276207e-12 -6.502488756019688746e-12 -2.377873195171127262e-12 1.384573852929343845e-12 -4.984960620721824450e-12 -4.590206648873216197e-12 1.531623023531511489e-12 3.029519219570327245e-12 2.707565180028066210e-12 2.206526806932311988e-12 8.207178179461869102e-12 1.396606812587973305e-11 2.003903765051590671e-11 3.197822539036052072e-11 1.645998485318636099e-11 4.673285370619269175e-12 2.923383405207572853e-12 2.516459176860706731e-12 -6.050767585661836957e-13 7.629190670952908301e-13 6.308236181792808201e-13
-2.107944026418881144e-11 -1.102031430255884443e-11 8.205031685424300104e-12 -1.169933807408859460e-11 4.176809954114879248e-12 4.332463118746657231e-12 -2.629892900882942474e-12 -4.483980300778634456e-12 -8.904602698139633631e-13 -4.024933502110896965e-12 -2.380890548663112431e-12 1.073017686497962255e-12 -1.249398071100790153e-12 -2.162011150670572261e-13 -9.773830583841293820e-13 2.076411557390408550e-12 6.831202159100513308e-12 7.066904230063399644e-12 1.645998485318636099e-11 2.688088154614449677e-11 1.314253853559304316e-11 6.628358365815782672e-12 4.471191787790578166e-12 1.301260606958976733e-13 8.213704063321521970e-13 -8.555567912706462819e-13
-1.207771676171712051e-11 -1.768031672130584618e-12 -1.322759830930890657e-12 -7.157322085077394008e-12 1.316528954455938399e-11 7.245060895419422273e-12 -3.089145385994713223e-12 -3.941751550692966042e-12 -5.400959966429206480e-12 -4.701516255857341244e-12 -1.063758501321573243e-13 1.301137079842208450e-12 -3.028058338837398553e-12 -2.499516942175042751e-12 -3.075009149151724823e-12 -2.438110569010340278e-12 8.405184926540877490e-13 2.436116521011995798e-12 4.673285370619269175e-12 1.314253853559304316e-11 2.152965039540554553e-11 1.132263418794313635e-11 4.773261005946415198e-12 1.493001268430655297e-12 3.600546176322168191e-13 -1.061449295740239248e-12
1.445208640051622049e-11 -4.168764298801104452e-12 -2.022123693180899923e-12 -3.422634976993327836e-13 1.426089852639619717e-12 1.090823389823694943e-11 5.039935252279607294e-13 9.929762646813551853e-13 8.684483679418157312e-13 -2.534871428277426454e-14 -4.884744240918205810e-13 2.369985125864818234e-12 -1.108313212353226723e-12 -2.530935119887320964e-13 -1.496943269714957631e-12 -1.193986358830886675e-12 4.615653226371865991e-13 2.251553890519960742e-12 2.923383405207572853e-12 6.628358365815782672e-12 1.132263418794313635e-11 2.005238088101285658e-11 8.696036781597681754e-12 1.724350662683745771e-12 -6.935578452604523897e-13 -9.858714016099504706e-13
-2.235992225315619456e-13 -6.925867757112447637e-12 -6.315355523756231060e-12 -5.713342550339826865e-12 8.175501209018017687e-13 3.004269073576727464e-12 -3.779193474452141642e-12 2.892170259906623822e-13 5.122966222693313736e-12 1.213030368191248324e-12 2.472754074834400572e-12 2.246793158337050160e-12 1.083793366030693108e-12 1.780689884720080720e-12 -1.157293341144505997e-12 3.704320059662488425e-14 6.739534669110659764e-13 -5.242436735417317518e-15 2.516459176860706731e-12 4.471191787790578166e-12 4.773261005946415198e-12 8.696036781597681754e-12 1.233954491170699042e-11 2.622456472636859798e-12 -3.017221679850787545e-13 -1.096698478556341562e-12
1.583258321323834736e-11 1.320319339632943768e-12 -1.631284450074431953e-12 -4.970695942897479403e-12 2.372954240308609298e-12 2.162699358978915183e-12 1.219386664315337933e-12 1.943374541699312659e-12 1.943564414378258149e-12 1.726995579179981412e-12 2.931172118896570236e-12 1.189904005177125237e-12 1.829439620928993975e-13 -1.059742785053769247e-13 2.154012261175864604e-13 -2.340615640874690087e-13 -1.139427220921733348e-12 -8.912162605382308897e-13 -6.050767585661836957e-13 1.301260606958976733e-13 1.493001268430655297e-12 1.724350662683745771e-12 2.622456472636859798e-12 7.480073065403597219e-12 7.939683368190203781e-13 -1.472517958555909242e-12
-6.621084308541358310e-12 6.460207307732871150e-13 8.189852600897880494e-12 -1.933684182277635885e-12 1.314708178024254427e-12 -7.495520674634737902e-13 -1.104870721267712867e-13 -1.746871302321545145e-12 -2.517282457800892116e-12 1.697431766914838650e-13 -1.680576057217420078e-13 1.100998054453788955e-12 -2.581187507927896094e-13 -4.297083244823901525e-13 -9.056158238001616428e-13 -2.792495333759747663e-13 2.790035681243138122e-13 3.255065608911996732e-13 7.629190670952908301e-13 8.213704063321521970e-13 3.600546176322168191e-13 -6.935578452604523897e-13 -3.017221679850787545e-13 7.939683368190203781e-13 5.680638138583852627e-12 3.871412783451858562e-14
-1.709366154236898559e-11 4.010255233705793612e-12 -6.263670905146751518e-12 1.850292138496243533e-13 -1.970145621567463334e-12 5.143221693904907481e-13 1.626123540007243571e-12 -4.829359933464193109e-14 -6.695572568835260978e-13 -1.877203424913870451e-13 3.734666531236630419e-15 2.568453142451133299e-13 2.079764244259964008e-13 7.895575686068149857e-13 1.376667137926102214e-12 5.720044892284400873e-13 1.696104039669137895e-12 1.439894997232361001e-12 6.308236181792808201e-13 -8.555567912706462819e-13 -1.061449295740239248e-12 -9.858714016099504706e-13 -1.096698478556341562e-12 -1.472517958555909242e-12 3.871412783451858562e-14 4.824805351943119211e-12
