2.353032061106491139e-09 1.969296623191585508e-10 2.230269194561605261e-10 1.195895982020236245e-10 1.290904686196192856e-10 7.765325137633047975e-11 7.668111436617706046e-11 3.507158312791164029e-11 6.100975933168973308e-11 3.464463435399244949e-11 5.165951068449633257e-11 -1.111879059140565086e-11 4.874572229332327813e-11 3.354834118471530685e-11 4.625372600002283871e-11 4.100875491690830613e-11 3.962237859623823889e-11 6.809388455534003332e-12 -8.794124959946737938e-12 -5.451786520921903604e-12 -4.852970509784349048e-12 3.432073613031626315e-12 2.052596292642056637e-12 -2.352565247311541058e-12 -6.679508513877400345e-12 -1.018609222449660601e-12
1.969296623191585508e-10 1.598470223620746672e-09 1.142490846324118715e-10 2.002310976124557147e-10 7.146033474325502612e-11 8.689723671232146543e-11 -4.749562017455208172e-11 7.109745038315714907e-11 2.231097803412205085e-11 -2.531852864445636638e-11 -8.674603129750307215e-12 7.438332022219545290e-12 3.015287428918671597e-11 5.562268008157321929e-12 8.451410845528037768e-12 -3.417015577760934797e-12 -2.454289328187068224e-11 -2.518132103044923946e-11 -2.029007932073549774e-11 -2.166248058561616274e-11 -1.885294564761369447e-11 -1.149586211620426449e-11 -1.432115996937641132e-12 3.252969102873753390e-12 -1.683744994259468443e-12 4.021173288239811275e-13
2.230269194561605261e-10 1.142490846324118715e-10 1.199815546880265497e-09 8.207641657489713173e-11 1.077186707415331027e-10 3.700566872138890734e-11 5.446947608218005940e-11 7.465499004000636449e-11 8.604674472997048635e-11 5.770079928426642160e-11 1.668113907314203281e-11 -3.092969912514013852e-12 9.485895389324091945e-12 1.013534271503670874e-11 1.120125056790851567e-11 1.132216688512387384e-11 2.555744446153997304e-13 -8.855947672197639226e-13 2.033373092260632042e-12 1.031809708546039175e-14 -2.032802460994178875e-12 2.130065388156245631e-12 -6.808584874560880228e-12 3.035251683172978413e-12 -5.406130833401950332e-12 -5.067692263468287085e-12
1.195895982020236245e-10 2.002310976124557147e-10 8.207641657489713173e-11 8.331860595019564347e-10 1.327688766564877521e-10 5.386122446995740878e-11 2.963295564030098147e-11 6.646095983224117450e-11 -1.927970782214516585e-12 -1.574740589805115026e-12 1.961471941869316498e-11 3.076360849257416898e-12 -7.511239776378232426e-12 -1.108542203807799387e-11 -1.277902241480064534e-11 -2.320442384202162892e-12 -1.284681267178587885e-11 -8.409208400882238364e-12 2.923702019348213855e-12 2.205409697814391537e-12 4.630277564151973532e-12 1.495589074148411140e-11 8.604306745520436774e-12 1.632159921172186113e-12 -1.064988092826185062e-12 -5.968846842326484520e-13
1.290904686196192856e-10 7.146033474325502612e-11 1.077186707415331027e-10 1.327688766564877521e-10 5.194801296985426172e-10 6.223675097473738863e-11 3.646331629038150593e-11 2.338348056354283561e-11 5.816009901592224610e-11 8.724250123249666619e-12 1.336035989483004259e-11 1.648989641169569185e-11 3.339204890639581123e-12 5.152256181931405899e-12 7.031718866195905581e-12 9.063548537416119576e-12 5.262707839546151871e-12 -1.083871325375104459e-11 -5.040464496278298223e-12 -1.177997918982474748e-12 -3.043263790033959426e-13 -9.930029419490743182e-13 -7.312069038267629477e-12 -4.558009202086232127e-12 -5.992950041972223923e-13 -3.084710534448306656e-13
7.765325137633047975e-11 8.689723671232146543e-11 3.700566872138890734e-11 5.386122446995740878e-11 6.223675097473738863e-11 3.756926775410718519e-10 3.838325460046917850e-11 2.657977841049432244e-11 3.431164482245431709e-11 1.084261209987709298e-11 1.451919437420453150e-11 9.807521782724772777e-12 1.241489128873192453e-11 7.968576937716125783e-12 -2.904384291371032768e-14 -2.951025931953374911e-13 3.925582063480083514e-13 -4.661313064443890401e-12 -1.052643422168508543e-11 6.649806567072082660e-13 1.383998894842548198e-12 -4.752033095288516223e-12 1.070291474536482316e-12 3.709736370884592105e-12 -1.415076490987739861e-12 -1.624552096800686100e-12
7.668111436617706046e-11 -4.749562017455208172e-11 5.446947608218005940e-11 2.963295564030098147e-11 3.646331629038150593e-11 3.838325460046917850e-11 2.458656771564868607e-10 5.006953191750031701e-11 3.859746248561335170e-11 1.532434007944229326e-11 1.507089425369268637e-11 2.154861687631900303e-12 1.514306454998323879e-11 -1.054952472241032244e-12 2.040147501787802378e-12 5.062487523395550274e-12 -3.747867183023845659e-12 7.150929660879366289e-13 6.157922742416144046e-12 5.173447234559784851e-12 7.940124842117933137e-12 6.168889941430006928e-12 -2.661655089730206140e-13 -2.978874535879423936e-12 -1.717352661408691762e-12 -1.289809931576001951e-12
3.507158312791164029e-11 7.109745038315714907e-11 7.465499004000636449e-11 6.646095983224117450e-11 2.338348056354283561e-11 2.657977841049432244e-11 5.006953191750031701e-11 1.639167772180446884e-10 3.786766194489072845e-11 2.059868421256474914e-11 1.842702638482689075e-11 4.381538565552117440e-12 6.438748699323844332e-12 7.256991566759644771e-12 2.567414652052204122e-12 1.197877700947670925e-12 -6.136031959930648557e-12 -2.741175776096894224e-12 -1.852241072769989182e-13 -2.317002387739528652e-12 -3.982023205613222857e-12 7.129013399315461673e-13 -5.482725541929534664e-12 -1.419672901049896575e-13 1.473810538276466994e-12 5.075724525907887764e-13
6.100975933168973308e-11 2.231097803412205085e-11 8.604674472997048635e-11 -1.927970782214516585e-12 5.816009901592224610e-11 3.431164482245431709e-11 3.859746248561335170e-11 3.786766194489072845e-11 1.280397936893770866e-10 3.716148755309024177e-11 1.822653152174799916e-11 1.270936043545689310e-11 7.173755245343726827e-12 1.203540873652958384e-11 4.511325732122154603e-12 3.263510575627362397e-12 1.085597274084965759e-12 -2.784873080533531523e-12 -1.918607575067733747e-12 4.469579167718974851e-12 2.640442878462612021e-12 1.777994062256352600e-12 1.991249198067210472e-12 5.363801016611323120e-12 2.148157417257031266e-13 -1.036904461592972129e-12
3.464463435399244949e-11 -2.531852864445636638e-11 5.770079928426642160e-11 -1.574740589805115026e-12 8.724250123249666619e-12 1.084261209987709298e-11 1.532434007944229326e-11 2.059868421256474914e-11 3.716148755309024177e-11 9.497474123482794164e-11 3.744612721560614934e-11 1.910978043104939237e-11 9.117583943181260484e-12 1.413823884039030707e-11 8.361781223568071842e-12 2.598416687782294625e-12 -1.849392339116486809e-12 -6.227087864959908574e-12 -5.045757762158595359e-12 -7.359025814150101328e-12 -5.806623627264716133e-12 4.836816396054588519e-13 1.413937489289308689e-13 3.512334374722482056e-12 1.192828934393733306e-12 1.170114813889933536e-12
5.165951068449633257e-11 -8.674603129750307215e-12 1.668113907314203281e-11 1.961471941869316498e-11 1.336035989483004259e-11 1.451919437420453150e-11 1.507089425369268637e-11 1.842702638482689075e-11 1.822653152174799916e-11 3.744612721560614934e-11 7.315188344810185382e-11 2.536359108872816368e-11 1.437203347150458645e-11 1.147310795370739705e-11 7.112516288969441876e-12 3.443795723081415036e-12 -2.025065293641797549e-12 -7.694344125501794161e-12 -5.401176411076422734e-12 -4.184846644397366740e-12 -2.597981684187538644e-12 1.729175575881070520e-12 -8.758433557424506304e-13 -2.404858766025586353e-12 -3.864668612002140807e-15 1.401124925537079533e-12
-1.111879059140565086e-11 7.438332022219545290e-12 -3.092969912514013852e-12 3.076360849257416898e-12 1.648989641169569185e-11 9.807521782724772777e-12 2.154861687631900303e-12 4.381538565552117440e-12 1.270936043545689310e-11 1.910978043104939237e-11 2.536359108872816368e-11 5.239618986028751344e-11 2.286962274844294682e-11 1.049404014235792073e-11 8.752499338889392956e-12 -1.070106466148040529e-12 -7.147854888027885095e-14 -7.117236536241278388e-12 -4.191461006988277649e-12 -1.431377833959085841e-12 2.843318015793995373e-13 3.463048911867497687e-12 -1.523415415214173624e-12 -6.890676566435056009e-13 -5.172350932462299629e-13 4.354949349210854313e-13
4.874572229332327813e-11 3.015287428918671597e-11 9.485895389324091945e-12 -7.511239776378232426e-12 3.339204890639581123e-12 1.241489128873192453e-11 1.514306454998323879e-11 6.438748699323844332e-12 7.173755245343726827e-12 9.117583943181260484e-12 1.437203347150458645e-11 2.286962274844294682e-11 4.297295604941932570e-11 1.717626488625066986e-11 9.952933796116037101e-12 3.985880726820935519e-12 5.540412386246503285e-13 -5.322366861869109059e-12 -2.143122267748373294e-12 -1.877364552268100352e-12 3.485344943436815704e-13 2.748471731939257424e-12 -8.079137215543783175e-13 -1.596678133647745523e-12 1.188094007561665790e-13 1.186228764775544156e-12
3.354834118471530685e-11 5.562268008157321929e-12 1.013534271503670874e-11 -1.108542203807799387e-11 5.152256181931405899e-12 7.968576937716125783e-12 -1.054952472241032244e-12 7.256991566759644771e-12 1.203540873652958384e-11 1.413823884039030707e-11 1.147310795370739705e-11 1.049404014235792073e-11 1.717626488625066986e-11 3.220761280847770576e-11 1.478130853358286936e-11 7.969770841930269456e-12 3.064186783825347726e-12 -3.508616009850462918e-13 1.817977929525748992e-13 2.623026562280375890e-12 2.401186328029590281e-12 3.660244675777116026e-12 1.205379371915706132e-13 1.255707623696074316e-12 1.671522391594435884e-12 -3.818512306735414839e-13
4.625372600002283871e-11 8.451410845528037768e-12 1.120125056790851567e-11 -1.277902241480064534e-11 7.031718866195905581e-12 -2.904384291371032768e-14 2.040147501787802378e-12 2.567414652052204122e-12 4.511325732122154603e-12 8.361781223568071842e-12 7.112516288969441876e-12 8.752499338889392956e-12 9.952933796116037101e-12 1.478130853358286936e-11 3.014240548833411796e-11 1.184053308508803261e-11 5.733805393295792770e-12 -1.119507843513082942e-12 1.011726167167395892e-13 1.393768294899133859e-12 1.683621219881465691e-12 3.114455751363401262e-12 -8.229935848528222735e-13 -1.575180788198477145e-13 -7.607862867586145466e-13 -7.993962388119017424e-13
4.100875491690830613e-11 -3.417015577760934797e-12 1.132216688512387384e-11 -2.320442384202162892e-12 9.063548537416119576e-12 -2.951025931953374911e-13 5.062487523395550274e-12 1.197877700947670925e-12 3.263510575627362397e-12 2.598416687782294625e-12 3.443795723081415036e-12 -1.070106466148040529e-12 3.985880726820935519e-12 7.969770841930269456e-12 1.184053308508803261e-11 2.481894814395936810e-11 1.384112728439605086e-11 6.958672712997429812e-12 6.890013222234921293e-12 4.822668874118494709e-12 2.017775103639811093e-12 2.688669546083151808e-12 1.106166150345811095e-12 -1.177007812785829877e-12 -1.160250796306404594e-12 -1.779234408659466509e-13
3.962237859623823889e-11 -2.454289328187068224e-11 2.555744446153997304e-13 -1.284681267178587885e-11 5.262707839546151871e-12 3.925582063480083514e-13 -3.747867183023845659e-12 -6.136031959930648557e-12 1.085597274084965759e-12 -1.849392339116486809e-12 -2.025065293641797549e-12 -7.147854888027885095e-14 5.540412386246503285e-13 3.064186783825347726e-12 5.733805393295792770e-12 1.384112728439605086e-11 2.750504614520007004e-11 1.341242614135658968e-11 8.990081110232512789e-12 5.524739085571999534e-12 3.654528675840653218e-12 1.784398533810020912e-12 3.372286455943882424e-13 -4.639307631865465386e-13 -6.982362663388539672e-13 -1.961550420888273189e-13
6.809388455534003332e-12 -2.518132103044923946e-11 -8.855947672197639226e-13 -8.409208400882238364e-12 -1.083871325375104459e-11 -4.661313064443890401e-12 7.150929660879366289e-13 -2.741175776096894224e-12 -2.784873080533531523e-12 -6.227087864959908574e-12 -7.694344125501794161e-12 -7.117236536241278388e-12 -5.322366861869109059e-12 -3.508616009850462918e-13 -1.119507843513082942e-12 6.958672712997429812e-12 1.341242614135658968e-11 2.339711535578936129e-11 1.413502934053694780e-11 7.243176133862028195e-12 2.864148100803747917e-12 7.908830448245024647e-13 -8.342405888219661867e-14 2.490877828325890529e-13 1.366656695934550641e-13 -2.583505421586923292e-13
-8.794124959946737938e-12 -2.029007932073549774e-11 2.033373092260632042e-12 2.923702019348213855e-12 -5.040464496278298223e-12 -1.052643422168508543e-11 6.157922742416144046e-12 -1.852241072769989182e-13 -1.918607575067733747e-12 -5.045757762158595359e-12 -5.401176411076422734e-12 -4.191461006988277649e-12 -2.143122267748373294e-12 1.817977929525748992e-13 1.011726167167395892e-13 6.890013222234921293e-12 8.990081110232512789e-12 1.413502934053694780e-11 2.227006959047997430e-11 1.260410647324969883e-11 5.885818265503262041e-12 2.789840751089968970e-12 1.396596338826026898e-12 -3.881672234515743273e-14 -9.282931292350882607e-13 -4.346756852587271765e-13
-5.451786520921903604e-12 -2.166248058561616274e-11 1.031809708546039175e-14 2.205409697814391537e-12 -1.177997918982474748e-12 6.649806567072082660e-13 5.173447234559784851e-12 -2.317002387739528652e-12 4.469579167718974851e-12 -7.359025814150101328e-12 -4.184846644397366740e-12 -1.431377833959085841e-12 -1.877364552268100352e-12 2.623026562280375890e-12 1.393768294899133859e-12 4.822668874118494709e-12 5.524739085571999534e-12 7.243176133862028195e-12 1.260410647324969883e-11 1.966973177826958268e-11 1.192074957342454065e-11 5.976016336271710019e-12 3.851284776435050173e-12 1.646099568214940944e-12 1.087479739979754192e-13 -8.355686831392424407e-13
-4.852970509784349048e-12 -1.885294564761369447e-11 -2.032802460994178875e-12 4.630277564151973532e-12 -3.043263790033959426e-13 1.383998894842548198e-12 7.940124842117933137e-12 -3.982023205613222857e-12 2.640442878462612021e-12 -5.806623627264716133e-12 -2.597981684187538644e-12 2.843318015793995373e-13 3.485344943436815704e-13 2.401186328029590281e-12 1.683621219881465691e-12 2.017775103639811093e-12 3.654528675840653218e-12 2.864148100803747917e-12 5.885818265503262041e-12 1.192074957342454065e-11 1.894418589139748393e-11 1.044866776430601605e-11 5.701433075667485912e-12 2.155360600148277537e-12 3.958991266623997900e-13 -9.209179688363096291e-13
3.432073613031626315e-12 -1.149586211620426449e-11 2.130065388156245631e-12 1.495589074148411140e-11 -9.930029419490743182e-13 -4.752033095288516223e-12 6.168889941430006928e-12 7.129013399315461673e-13 1.777994062256352600e-12 4.836816396054588519e-13 1.729175575881070520e-12 3.463048911867497687e-12 2.748471731939257424e-12 3.660244675777116026e-12 3.114455751363401262e-12 2.688669546083151808e-12 1.784398533810020912e-12 7.908830448245024647e-13 2.789840751089968970e-12 5.976016336271710019e-12 1.044866776430601605e-11 1.516107786517002980e-11 7.155710514138283208e-12 2.927190119508901496e-12 6.450892840365688485e-13 -8.533160435198557569e-13
2.052596292642056637e-12 -1.432115996937641132e-12 -6.808584874560880228e-12 8.604306745520436774e-12 -7.312069038267629477e-12 1.070291474536482316e-12 -2.661655089730206140e-13 -5.482725541929534664e-12 1.991249198067210472e-12 1.413937489289308689e-13 -8.758433557424506304e-13 -1.523415415214173624e-12 -8.079137215543783175e-13 1.205379371915706132e-13 -8.229935848528222735e-13 1.106166150345811095e-12 3.372286455943882424e-13 -8.342405888219661867e-14 1.396596338826026898e-12 3.851284776435050173e-12 5.701433075667485912e-12 7.155710514138283208e-12 1.103020575888223198e-11 3.775337473073248868e-12 1.748976224607748952e-13 -7.320166835928468605e-13
-2.352565247311541058e-12 3.252969102873753390e-12 3.035251683172978413e-12 1.632159921172186113e-12 -4.558009202086232127e-12 3.709736370884592105e-12 -2.978874535879423936e-12 -1.419672901049896575e-13 5.363801016611323120e-12 3.512334374722482056e-12 -2.404858766025586353e-12 -6.890676566435056009e-13 -1.596678133647745523e-12 1.255707623696074316e-12 -1.575180788198477145e-13 -1.177007812785829877e-12 -4.639307631865465386e-13 2.490877828325890529e-13 -3.881672234515743273e-14 1.646099568214940944e-12 2.155360600148277537e-12 2.927190119508901496e-12 3.775337473073248868e-12 8.217259167453521810e-12 2.494977535369003139e-12 -2.084136939590253492e-13
-6.679508513877400345e-12 -1.683744994259468443e-12 -5.406130833401950332e-12 -1.064988092826185062e-12 -5.992950041972223923e-13 -1.415076490987739861e-12 -1.717352661408691762e-12 1.473810538276466994e-12 2.148157417257031266e-13 1.192828934393733306e-12 -3.864668612002140807e-15 -5.172350932462299629e-13 1.188094007561665790e-13 1.671522391594435884e-12 -7.607862867586145466e-13 -1.160250796306404594e-12 -6.982362663388539672e-13 1.366656695934550641e-13 -9.282931292350882607e-13 1.087479739979754192e-13 3.958991266623997900e-13 6.450892840365688485e-13 1.748976224607748952e-13 2.494977535369003139e-12 6.607402481804991254e-12 2.294080621051946718e-12
-1.018609222449660601e-12 4.021173288239811275e-13 -5.067692263468287085e-12 -5.968846842326484520e-13 -3.084710534448306656e-13 -1.624552096800686100e-12 -1.289809931576001951e-12 5.075724525907887764e-13 -1.036904461592972129e-12 1.170114813889933536e-12 1.401124925537079533e-12 4.354949349210854313e-13 1.186228764775544156e-12 -3.818512306735414839e-13 -7.993962388119017424e-13 -1.779234408659466509e-13 -1.961550420888273189e-13 -2.583505421586923292e-13 -4.346756852587271765e-13 -8.355686831392424407e-13 -9.209179688363096291e-13 -8.533160435198557569e-13 -7.320166835928468605e-13 -2.084136939590253492e-13 2.294080621051946718e-12 5.112909060299585808e-12
