5.582723645942817913e-09 8.814609164210972397e-10 7.828406172068308209e-10 4.284210802077856069e-10 3.024385076829836857e-10 5.915372941028964686e-11 1.735609330788446929e-10 5.178263341551606914e-11 2.025687819220298127e-10 1.945381039796150889e-10 8.715365501083242205e-11 1.026635463116408411e-10 1.070904543193468716e-10 1.318448095443879346e-11 5.134403354637991283e-11 3.521685080495932924e-11 -1.051064314405007606e-11 -1.115008622643983593e-11 -3.201800624651057156e-11 -3.727275732717998813e-11 -2.048231410924287228e-11 -1.776871752577444707e-11 5.519814630921201494e-12 -8.510032071943653087e-12 6.391448131024039344e-11 2.999106785696578379e-11
8.814609164210972397e-10 3.659900164557246570e-09 8.890919858941793777e-10 4.893769961155758646e-10 3.300127500662830461e-10 1.977506190334735348e-10 4.965523362233820743e-11 1.330177294327167875e-10 2.699111299567092131e-10 7.140693222278401325e-11 6.919699415457224321e-11 4.624902643695977598e-11 4.717867992150477278e-11 7.781452560843061422e-11 4.436687433658120271e-11 6.915671524824817916e-11 4.058746659826110821e-11 7.154967919439785797e-12 -4.098307938746418358e-12 -4.159859327441743890e-12 5.037912415235795415e-11 7.643055260972789562e-13 -1.059820053361003749e-11 -1.165377517771483958e-11 2.275644300365166882e-11 -1.331905443155362922e-11
7.828406172068308209e-10 8.890919858941793777e-10 2.391717554374533226e-09 4.361919560847468119e-10 2.643201693548087957e-10 2.123226869326554299e-10 1.725556469162253941e-10 1.215468563822528053e-10 1.771213751399877852e-10 5.104258781309718367e-11 6.406458221880433412e-11 3.923688230460189497e-11 4.988853663812131995e-11 6.978745775372509793e-11 2.048074897911162095e-11 3.658366889747837174e-11 3.663624679709100662e-11 3.131974415639445910e-11 5.335838624159178768e-11 4.057852380962684875e-11 3.485342052888668000e-11 1.522024664666387273e-11 4.395442787697589228e-12 1.529231662624048827e-11 3.027122009753345645e-11 8.780333388267806115e-12
4.284210802077856069e-10 4.893769961155758646e-10 4.361919560847468119e-10 1.377758434213824968e-09 2.341776806242766376e-10 1.476565504126600861e-10 1.947030894670040241e-10 9.485899217567176752e-11 1.319742338622998241e-10 7.103880495261531671e-11 4.925108103781535170e-11 5.570036934834925174e-11 6.702718810358809199e-11 5.232926056644344891e-11 5.059246440835187220e-11 4.398918546086057902e-11 5.773772451484135275e-11 1.995711057921966308e-11 1.942287805321295834e-11 6.922285819542595124e-12 -6.665067306873368089e-12 -8.931129748376219809e-12 -2.424978851147436285e-11 -1.263775190445867701e-11 -9.898843352699964948e-12 1.269504801531733130e-11
3.024385076829836857e-10 3.300127500662830461e-10 2.643201693548087957e-10 2.341776806242766376e-10 9.003780995215705843e-10 1.162709721181749208e-10 1.449562577691971778e-10 1.126809335586261850e-10 1.176441230802453105e-10 7.307838897410489303e-11 -6.434275022981341526e-12 9.917856239319507510e-13 9.648113918053810196e-12 -5.280219178572184141e-12 -3.055743976255141824e-11 1.271951082183138355e-13 -1.229005098903949246e-11 -9.905112245495515752e-12 -1.904153844970486937e-12 1.595492791502077128e-11 8.320703694895378767e-12 3.535570338488932027e-13 -9.308319902449736588e-12 -3.643170549456365057e-12 8.214639166325991995e-12 -1.291657232108618513e-12
5.915372941028964686e-11 1.977506190334735348e-10 2.123226869326554299e-10 1.476565504126600861e-10 1.162709721181749208e-10 6.336689448811453123e-10 1.458300512024832019e-10 1.085079159413028704e-10 5.174041339404593456e-11 5.392166450281540701e-11 3.977452619468547845e-11 2.191258337091446554e-11 4.000656781551537706e-11 4.042892434318229080e-11 3.545565817657352831e-11 4.325639425697737071e-11 2.670637069846170198e-11 1.381638564349531639e-11 4.486758635739157627e-12 1.305440984100539374e-11 2.177668543396114157e-11 -2.687748049230546555e-12 -1.292411860816368625e-11 -1.218953028108023453e-11 3.997027823794557873e-12 -1.050595224574893523e-11
1.735609330788446929e-10 4.965523362233820743e-11 1.725556469162253941e-10 1.947030894670040241e-10 1.449562577691971778e-10 1.458300512024832019e-10 4.226205604726651646e-10 1.416567822215299238e-10 7.674331943807997828e-11 5.662631903657064727e-11 2.620903784858465635e-11 4.127579073552251709e-11 4.123946573067770202e-11 4.211623838038744323e-11 1.424135560497681909e-11 2.226838471376556409e-11 2.198927629328572536e-11 7.123022053106154529e-12 2.926755664098524778e-12 -2.112950340083136491e-11 -1.134006699424625409e-11 3.839881808791917263e-13 -5.860163066164833896e-12 -1.878665108256700901e-12 2.249042513682531137e-12 1.558999088321990942e-13
5.178263341551606914e-11 1.330177294327167875e-10 1.215468563822528053e-10 9.485899217567176752e-11 1.126809335586261850e-10 1.085079159413028704e-10 1.416567822215299238e-10 3.995936852317074949e-10 1.236269851696173671e-10 7.501429548896995627e-11 5.528656372465075851e-11 3.582166648111904794e-11 3.911448324410418235e-11 2.850610497007262234e-11 2.354600389181286585e-11 2.933472959891903036e-11 2.114292186913784533e-12 -9.883829574831409099e-12 -2.037532626874455895e-12 -9.499527577948582862e-12 -1.742586396712491997e-11 -1.534263928056948757e-12 -8.703262857837201316e-12 -1.788566953612489563e-12 5.306409017522193202e-12 -5.666503213511903185e-12
2.025687819220298127e-10 2.699111299567092131e-10 1.771213751399877852e-10 1.319742338622998241e-10 1.176441230802453105e-10 5.174041339404593456e-11 7.674331943807997828e-11 1.236269851696173671e-10 2.926871619169746438e-10 1.043879289699088504e-10 3.037043237218596632e-11 3.338670894073587665e-11 4.867416384155351303e-11 4.088740700126852957e-11 2.618708098919401025e-11 2.022322656783876916e-11 1.284471722356325133e-11 2.768564932532183151e-12 -8.660519979656138804e-13 -1.055582431235643712e-11 -1.066960421587317560e-11 -1.712382064591351937e-11 -2.008451591989610357e-11 -1.395796786375934182e-12 -2.098240025958210957e-12 8.687096209514133651e-14
1.945381039796150889e-10 7.140693222278401325e-11 5.104258781309718367e-11 7.103880495261531671e-11 7.307838897410489303e-11 5.392166450281540701e-11 5.662631903657064727e-11 7.501429548896995627e-11 1.043879289699088504e-10 1.937412112469998814e-10 6.147332189554208166e-11 5.301125276732059404e-11 5.026505263162253165e-11 3.424759284954301130e-11 1.822014821443384391e-11 2.239303193109001170e-11 1.504927596087684299e-11 1.314613192115592220e-11 -3.546406812838270230e-12 -1.332217531260578764e-11 -9.580410588381429509e-12 -6.644378568740554661e-12 -5.669747388908684398e-12 -1.540803921969032624e-12 -3.993644163042238313e-13 1.311635954837598132e-12
8.715365501083242205e-11 6.919699415457224321e-11 6.406458221880433412e-11 4.925108103781535170e-11 -6.434275022981341526e-12 3.977452619468547845e-11 2.620903784858465635e-11 5.528656372465075851e-11 3.037043237218596632e-11 6.147332189554208166e-11 1.558524302099678857e-10 5.326217462913003815e-11 4.188574886533368316e-11 2.430601142483986801e-11 1.584071718240366226e-11 1.884559160251967897e-11 1.657024652274358701e-11 1.425222322396300215e-11 1.203222857142663216e-11 3.054443520891371758e-12 -3.889744864166135547e-12 -3.171973227327806309e-12 -1.217415678463223879e-12 -2.553248228751834012e-12 -6.606694291030824125e-12 -3.786452430308500721e-12
1.026635463116408411e-10 4.624902643695977598e-11 3.923688230460189497e-11 5.570036934834925174e-11 9.917856239319507510e-13 2.191258337091446554e-11 4.127579073552251709e-11 3.582166648111904794e-11 3.338670894073587665e-11 5.301125276732059404e-11 5.326217462913003815e-11 1.130390672783748033e-10 7.010091563607000632e-11 4.150267462895035686e-11 3.435853522207332675e-11 2.500116867939020721e-11 1.486287163000744466e-11 1.381675965971040325e-11 8.883969396234478180e-12 -1.631511273578471852e-12 -7.334072251274039045e-13 8.719914269669616017e-13 9.482857979638472525e-13 -2.561441443752702740e-12 1.193380411869684885e-12 -9.276948449431713066e-13
1.070904543193468716e-10 4.717867992150477278e-11 4.988853663812131995e-11 6.702718810358809199e-11 9.648113918053810196e-12 4.000656781551537706e-11 4.123946573067770202e-11 3.911448324410418235e-11 4.867416384155351303e-11 5.026505263162253165e-11 4.188574886533368316e-11 7.010091563607000632e-11 1.139566937373026412e-10 6.564849220488030378e-11 4.603027661241798401e-11 3.533358157794541515e-11 2.927016482684912360e-11 2.033259770587283644e-11 1.103863708221545512e-11 -3.895474305703452146e-12 -2.121038180276886206e-12 2.534348979692101058e-12 1.843311854657103999e-12 1.670009371583157726e-12 5.741875783907177519e-12 3.994970536367801583e-12
1.318448095443879346e-11 7.781452560843061422e-11 6.978745775372509793e-11 5.232926056644344891e-11 -5.280219178572184141e-12 4.042892434318229080e-11 4.211623838038744323e-11 2.850610497007262234e-11 4.088740700126852957e-11 3.424759284954301130e-11 2.430601142483986801e-11 4.150267462895035686e-11 6.564849220488030378e-11 1.081783160655134464e-10 6.161293385631659014e-11 3.446701882401639058e-11 2.543957346995392523e-11 1.474292821403633677e-11 4.353353749985195939e-12 -4.408609946999084567e-12 -1.706300329203866669e-12 4.055731117742696534e-12 6.553795242579329896e-12 2.699735495014186420e-12 7.189857713123319076e-12 1.945809878900229789e-12
5.134403354637991283e-11 4.436687433658120271e-11 2.048074897911162095e-11 5.059246440835187220e-11 -3.055743976255141824e-11 3.545565817657352831e-11 1.424135560497681909e-11 2.354600389181286585e-11 2.618708098919401025e-11 1.822014821443384391e-11 1.584071718240366226e-11 3.435853522207332675e-11 4.603027661241798401e-11 6.161293385631659014e-11 9.050614635373419009e-11 5.659511166639359297e-11 3.294243713138258568e-11 1.934641143035510768e-11 1.268782103369129508e-11 3.699709145147594654e-12 6.785961931329592708e-12 3.922696704346994415e-12 8.795746004408390888e-12 1.081714783989529874e-12 1.913308037103114593e-12 -3.229977711644873090e-13
3.521685080495932924e-11 6.915671524824817916e-11 3.658366889747837174e-11 4.398918546086057902e-11 1.271951082183138355e-13 4.325639425697737071e-11 2.226838471376556409e-11 2.933472959891903036e-11 2.022322656783876916e-11 2.239303193109001170e-11 1.884559160251967897e-11 2.500116867939020721e-11 3.533358157794541515e-11 3.446701882401639058e-11 5.659511166639359297e-11 9.272330325757793365e-11 5.704708276046579655e-11 3.500649631733304690e-11 1.928623495222366983e-11 9.921597511320079191e-12 6.236107073343483682e-12 4.004205679260166237e-12 7.651588534006496869e-12 2.650104180780915060e-12 -9.119357294430998938e-13 -7.939336563245914772e-13
-1.051064314405007606e-11 4.058746659826110821e-11 3.663624679709100662e-11 5.773772451484135275e-11 -1.229005098903949246e-11 2.670637069846170198e-11 2.198927629328572536e-11 2.114292186913784533e-12 1.284471722356325133e-11 1.504927596087684299e-11 1.657024652274358701e-11 1.486287163000744466e-11 2.927016482684912360e-11 2.543957346995392523e-11 3.294243713138258568e-11 5.704708276046579655e-11 8.559670315346960785e-11 6.219151934874518677e-11 3.856667321539348336e-11 2.144129659786224338e-11 1.416572525806716995e-11 2.319053024574128433e-12 9.572746446199379280e-12 3.300112124437875617e-12 4.317121374317420163e-12 2.591568016351600618e-12
-1.115008622643983593e-11 7.154967919439785797e-12 3.131974415639445910e-11 1.995711057921966308e-11 -9.905112245495515752e-12 1.381638564349531639e-11 7.123022053106154529e-12 -9.883829574831409099e-12 2.768564932532183151e-12 1.314613192115592220e-11 1.425222322396300215e-11 1.381675965971040325e-11 2.033259770587283644e-11 1.474292821403633677e-11 1.934641143035510768e-11 3.500649631733304690e-11 6.219151934874518677e-11 8.805079319257636551e-11 5.521074727740933967e-11 3.095945530097288188e-11 1.498319709932637787e-11 -1.954575128901657419e-12 8.696432688279490772e-12 2.847415213872432042e-12 5.743586612726622273e-12 4.043472595690213134e-12
-3.201800624651057156e-11 -4.098307938746418358e-12 5.335838624159178768e-11 1.942287805321295834e-11 -1.904153844970486937e-12 4.486758635739157627e-12 2.926755664098524778e-12 -2.037532626874455895e-12 -8.660519979656138804e-13 -3.546406812838270230e-12 1.203222857142663216e-11 8.883969396234478180e-12 1.103863708221545512e-11 4.353353749985195939e-12 1.268782103369129508e-11 1.928623495222366983e-11 3.856667321539348336e-11 5.521074727740933967e-11 8.618438208814134442e-11 5.467707545997981343e-11 2.045856838112949680e-11 1.072542714818449349e-11 1.588726096218501993e-11 5.203849981116178973e-12 2.627576870184687427e-12 1.968377619564441484e-12
-3.727275732717998813e-11 -4.159859327441743890e-12 4.057852380962684875e-11 6.922285819542595124e-12 1.595492791502077128e-11 1.305440984100539374e-11 -2.112950340083136491e-11 -9.499527577948582862e-12 -1.055582431235643712e-11 -1.332217531260578764e-11 3.054443520891371758e-12 -1.631511273578471852e-12 -3.895474305703452146e-12 -4.408609946999084567e-12 3.699709145147594654e-12 9.921597511320079191e-12 2.144129659786224338e-11 3.095945530097288188e-11 5.467707545997981343e-11 7.847405947474145421e-11 3.754497561881853677e-11 1.644959121173546527e-11 1.951105747286286542e-11 6.223757816514781362e-12 4.602366752123873514e-12 2.275727397097137020e-12
-2.048231410924287228e-11 5.037912415235795415e-11 3.485342052888668000e-11 -6.665067306873368089e-12 8.320703694895378767e-12 2.177668543396114157e-11 -1.134006699424625409e-11 -1.742586396712491997e-11 -1.066960421587317560e-11 -9.580410588381429509e-12 -3.889744864166135547e-12 -7.334072251274039045e-13 -2.121038180276886206e-12 -1.706300329203866669e-12 6.785961931329592708e-12 6.236107073343483682e-12 1.416572525806716995e-11 1.498319709932637787e-11 2.045856838112949680e-11 3.754497561881853677e-11 6.310945825165606543e-11 3.231016822988254870e-11 1.943368004768350097e-11 6.072455449989244588e-12 1.847496262253295217e-12 7.815941823845611050e-13
-1.776871752577444707e-11 7.643055260972789562e-13 1.522024664666387273e-11 -8.931129748376219809e-12 3.535570338488932027e-13 -2.687748049230546555e-12 3.839881808791917263e-13 -1.534263928056948757e-12 -1.712382064591351937e-11 -6.644378568740554661e-12 -3.171973227327806309e-12 8.719914269669616017e-13 2.534348979692101058e-12 4.055731117742696534e-12 3.922696704346994415e-12 4.004205679260166237e-12 2.319053024574128433e-12 -1.954575128901657419e-12 1.072542714818449349e-11 1.644959121173546527e-11 3.231016822988254870e-11 5.221855131429071055e-11 2.294341479802901341e-11 5.577789229414360170e-12 5.262020350811134428e-13 -1.469313745892394219e-12
5.519814630921201494e-12 -1.059820053361003749e-11 4.395442787697589228e-12 -2.424978851147436285e-11 -9.308319902449736588e-12 -1.292411860816368625e-11 -5.860163066164833896e-12 -8.703262857837201316e-12 -2.008451591989610357e-11 -5.669747388908684398e-12 -1.217415678463223879e-12 9.482857979638472525e-13 1.843311854657103999e-12 6.553795242579329896e-12 8.795746004408390888e-12 7.651588534006496869e-12 9.572746446199379280e-12 8.696432688279490772e-12 1.588726096218501993e-11 1.951105747286286542e-11 1.943368004768350097e-11 2.294341479802901341e-11 4.173267498893920640e-11 1.059006386485098949e-11 7.581200108887108448e-13 -2.180327407315342165e-12
-8.510032071943653087e-12 -1.165377517771483958e-11 1.529231662624048827e-11 -1.263775190445867701e-11 -3.643170549456365057e-12 -1.218953028108023453e-11 -1.878665108256700901e-12 -1.788566953612489563e-12 -1.395796786375934182e-12 -1.540803921969032624e-12 -2.553248228751834012e-12 -2.561441443752702740e-12 1.670009371583157726e-12 2.699735495014186420e-12 1.081714783989529874e-12 2.650104180780915060e-12 3.300112124437875617e-12 2.847415213872432042e-12 5.203849981116178973e-12 6.223757816514781362e-12 6.072455449989244588e-12 5.577789229414360170e-12 1.059006386485098949e-11 2.169769270782348651e-11 4.700401436662770503e-12 1.214378234153077107e-12
6.391448131024039344e-11 2.275644300365166882e-11 3.027122009753345645e-11 -9.898843352699964948e-12 8.214639166325991995e-12 3.997027823794557873e-12 2.249042513682531137e-12 5.306409017522193202e-12 -2.098240025958210957e-12 -3.993644163042238313e-13 -6.606694291030824125e-12 1.193380411869684885e-12 5.741875783907177519e-12 7.189857713123319076e-12 1.913308037103114593e-12 -9.119357294430998938e-13 4.317121374317420163e-12 5.743586612726622273e-12 2.627576870184687427e-12 4.602366752123873514e-12 1.847496262253295217e-12 5.262020350811134428e-13 7.581200108887108448e-13 4.700401436662770503e-12 2.196099033395922219e-11 4.402711628180215880e-12
2.999106785696578379e-11 -1.331905443155362922e-11 8.780333388267806115e-12 1.269504801531733130e-11 -1.291657232108618513e-12 -1.050595224574893523e-11 1.558999088321990942e-13 -5.666503213511903185e-12 8.687096209514133651e-14 1.311635954837598132e-12 -3.786452430308500721e-12 -9.276948449431713066e-13 3.994970536367801583e-12 1.945809878900229789e-12 -3.229977711644873090e-13 -7.939336563245914772e-13 2.591568016351600618e-12 4.043472595690213134e-12 1.968377619564441484e-12 2.275727397097137020e-12 7.815941823845611050e-13 -1.469313745892394219e-12 -2.180327407315342165e-12 1.214378234153077107e-12 4.402711628180215880e-12 1.260950348781078437e-11
