3.642456694235779531e-09 1.026242801072683711e-09 7.797860860734523253e-10 6.993839320971355489e-10 5.153290419819503716e-10 4.738881900820340928e-10 4.391458969487583132e-10 2.639111910689797729e-10 2.005449438812790809e-10 1.518561224473884183e-10 1.884496627673534610e-10 1.078828298007792479e-10 1.342334102159498215e-10 4.608526166592673828e-11 5.393204960536176733e-11 2.485460755956192581e-11 2.591828962882703189e-11 1.266725076086213292e-11 -1.041479108836955425e-14 3.556144897290577409e-12 7.218118051911201239e-12 2.986874637795937461e-11 -9.862170762182698088e-12 1.987797569106378490e-11 1.332077517224560464e-11 -4.458356058432094321e-12
1.026242801072683711e-09 2.640625357387280365e-09 6.124348739033949021e-10 5.539019692933868631e-10 4.265129989517732911e-10 3.306258847466544784e-10 2.666812158453060918e-10 2.385263720775823573e-10 1.878234512079486427e-10 1.175223860006402048e-10 1.169061000344484383e-10 1.288965139536443909e-10 1.028969199701253323e-10 5.776795731925727984e-11 5.692234477359230934e-11 5.792730568713069113e-11 4.834930692526496229e-11 4.315975819248227768e-11 3.436142037283145699e-11 1.957527314141550855e-11 2.681079033403156959e-12 1.459465084146800953e-11 5.906559997838177431e-12 1.925795207882936271e-11 1.695088881608656547e-11 -2.654910822395955819e-11
7.797860860734523253e-10 6.124348739033949021e-10 1.611980210708873679e-09 5.857523446911062248e-10 4.350156785226535662e-10 3.234354394136717129e-10 2.003113326575984774e-10 1.751095219125445449e-10 1.629088380437082987e-10 1.231415515169950668e-10 1.289700907046559143e-10 1.189433054311435118e-10 1.096441525413199577e-10 8.324996099620295038e-11 6.240245597267055514e-11 4.070798726843171069e-11 3.393529022284284768e-11 3.792542946096609653e-11 1.815564278166584583e-11 1.734812526366701614e-11 1.464295053870378188e-11 2.274607116017140468e-11 1.110123581693687045e-11 5.420751281577218501e-14 9.482992574134876150e-12 -6.481622567965273454e-12
6.993839320971355489e-10 5.539019692933868631e-10 5.857523446911062248e-10 1.160289565633034041e-09 4.153303995948365706e-10 3.458793215658169888e-10 1.672396677287345689e-10 1.236676667798779867e-10 1.367140443506901165e-10 8.434433450624112387e-11 8.628101306971228254e-11 1.121593309578651243e-10 9.081891637794570814e-11 6.349493396072883486e-11 4.491123774715537303e-11 2.842214394795153463e-11 2.850887822282673296e-11 3.820552596594538655e-11 1.775436417570391765e-11 1.263514390471704354e-11 4.894352861616670139e-12 1.335337891796994947e-11 1.021930860269141590e-11 6.298717887682926909e-12 2.787489389428218592e-11 9.569861465503266030e-12
5.153290419819503716e-10 4.265129989517732911e-10 4.350156785226535662e-10 4.153303995948365706e-10 7.803950506537392300e-10 2.830876180804092546e-10 1.900541063230675221e-10 1.443536898180983775e-10 1.243735962406790438e-10 8.661755879529756228e-11 7.419288348479919108e-11 8.834338307906622370e-11 7.923465835798418296e-11 4.818496964694011655e-11 2.464761908238383078e-11 2.110024797677634323e-11 2.376402289448750321e-11 1.591687795028295469e-11 4.762839612032833298e-12 9.587714398920710108e-12 1.095719490137643953e-11 2.271607134600339501e-11 8.298096403385825836e-12 7.964040690403742470e-12 2.980324423229109400e-12 -5.623385215634942220e-12
4.738881900820340928e-10 3.306258847466544784e-10 3.234354394136717129e-10 3.458793215658169888e-10 2.830876180804092546e-10 5.012225936145761115e-10 1.958188756813446951e-10 1.086311278609728681e-10 1.218520881647244771e-10 8.639777573907898378e-11 7.814883248355305576e-11 6.732633690149648958e-11 6.365038608163310834e-11 2.740312784882622561e-11 1.647939772802129469e-11 1.867443627541853361e-12 1.200280315169351004e-11 2.043106619140312071e-11 3.005550220850239623e-12 2.163718864221578276e-12 3.414507969118271064e-12 1.226981565404512507e-11 1.192474693187093567e-11 8.381641118519182942e-12 6.280299260963874092e-12 9.705329598223773802e-13
4.391458969487583132e-10 2.666812158453060918e-10 2.003113326575984774e-10 1.672396677287345689e-10 1.900541063230675221e-10 1.958188756813446951e-10 3.571324029124702902e-10 1.128435805495645237e-10 1.013339902612585374e-10 7.660469423389565260e-11 6.639192294173558981e-11 5.058054998676115745e-11 4.059136576157724621e-11 2.636217883528801039e-11 1.663358600192978382e-11 1.194541229955219903e-11 1.666327041082209258e-11 1.497544940436861186e-11 3.809535098518383754e-12 5.133327873282374285e-12 3.779892352635646743e-12 1.436830846864175316e-11 1.065260885203991981e-11 1.540176901240541500e-11 7.832924371469599013e-12 2.086123753813599230e-12
2.639111910689797729e-10 2.385263720775823573e-10 1.751095219125445449e-10 1.236676667798779867e-10 1.443536898180983775e-10 1.086311278609728681e-10 1.128435805495645237e-10 2.251293819570345790e-10 9.387661311930750981e-11 7.148470276930716179e-11 5.555000576939244477e-11 4.121036644748521160e-11 3.559599316933274963e-11 2.517361185912114741e-11 1.299043540673771032e-11 5.370068864125293286e-12 9.634366608357531127e-12 1.091207262575279199e-11 5.747589293074217214e-13 -2.436854638945647070e-12 -2.911671529764563886e-12 6.658652534242075605e-12 5.890801923652581147e-12 7.406581597164183578e-12 6.074445137777846102e-12 -1.447026856030815462e-12
2.005449438812790809e-10 1.878234512079486427e-10 1.629088380437082987e-10 1.367140443506901165e-10 1.243735962406790438e-10 1.218520881647244771e-10 1.013339902612585374e-10 9.387661311930750981e-11 1.810071279941997579e-10 6.725692340075274414e-11 6.156005420185915710e-11 4.312289027412770330e-11 3.556720986865540736e-11 2.935310752068265732e-11 1.725553430182048008e-11 1.145376415287948340e-11 9.340706362532701514e-12 1.488735446121734713e-11 1.175888554402261805e-11 1.154639222425515830e-11 4.426888802620820641e-13 1.411880040655789215e-12 1.830007787338452727e-12 6.782621012512590483e-12 1.930906865696678357e-12 -6.366239477565676610e-13
1.518561224473884183e-10 1.175223860006402048e-10 1.231415515169950668e-10 8.434433450624112387e-11 8.661755879529756228e-11 8.639777573907898378e-11 7.660469423389565260e-11 7.148470276930716179e-11 6.725692340075274414e-11 1.238596532576838207e-10 6.418011735199030950e-11 4.035885389967841179e-11 2.702100680359631348e-11 2.509180844651792768e-11 1.638286017678185693e-11 1.192425589036462741e-11 3.591790932920175721e-12 8.781612535083227081e-12 5.968881952821904670e-12 5.210505723131879770e-12 1.290261080396775129e-12 4.063874690617835589e-12 4.724438981026945607e-12 5.419749209517037425e-12 4.764310257669931321e-12 -2.892324398362936113e-12
1.884496627673534610e-10 1.169061000344484383e-10 1.289700907046559143e-10 8.628101306971228254e-11 7.419288348479919108e-11 7.814883248355305576e-11 6.639192294173558981e-11 5.555000576939244477e-11 6.156005420185915710e-11 6.418011735199030950e-11 1.132110903436647855e-10 4.721588172603844724e-11 3.164782217972729437e-11 2.363777299900902700e-11 2.175335574032553394e-11 8.873044442589063183e-12 4.428882041538609953e-12 7.497272465157251710e-12 2.376377490544959455e-12 6.941781039253557594e-12 5.184153678215560809e-12 6.339934006112587567e-12 1.509412966729719674e-13 4.755074362445690369e-13 3.840620758246261548e-12 1.448309595905381738e-12
1.078828298007792479e-10 1.288965139536443909e-10 1.189433054311435118e-10 1.121593309578651243e-10 8.834338307906622370e-11 6.732633690149648958e-11 5.058054998676115745e-11 4.121036644748521160e-11 4.312289027412770330e-11 4.035885389967841179e-11 4.721588172603844724e-11 7.795178146135183142e-11 4.028732572281987230e-11 2.481158800929824857e-11 1.814907428306916906e-11 1.195732735776500612e-11 6.893457220316902024e-12 9.032472185764002585e-12 2.566627131085549487e-12 5.044544354941200464e-12 1.460797469506289809e-12 3.087290292351272958e-12 5.854477216758379832e-13 -1.251627467347032960e-12 4.503660395403532269e-12 3.512277369805641547e-12
1.342334102159498215e-10 1.028969199701253323e-10 1.096441525413199577e-10 9.081891637794570814e-11 7.923465835798418296e-11 6.365038608163310834e-11 4.059136576157724621e-11 3.559599316933274963e-11 3.556720986865540736e-11 2.702100680359631348e-11 3.164782217972729437e-11 4.028732572281987230e-11 6.365664863769672782e-11 3.140982303449381208e-11 2.184189423832932688e-11 1.551181677096605603e-11 9.983030720746960143e-12 6.892096498925362415e-12 3.370196242001520697e-12 6.537552183155528877e-12 3.411728043337763884e-12 4.058194892240008747e-12 4.934750916786672756e-13 3.032936608202353403e-13 4.019880230082332344e-12 4.356701917808966844e-12
4.608526166592673828e-11 5.776795731925727984e-11 8.324996099620295038e-11 6.349493396072883486e-11 4.818496964694011655e-11 2.740312784882622561e-11 2.636217883528801039e-11 2.517361185912114741e-11 2.935310752068265732e-11 2.509180844651792768e-11 2.363777299900902700e-11 2.481158800929824857e-11 3.140982303449381208e-11 4.931040125740668457e-11 2.771424229749974984e-11 1.700481960606374725e-11 9.770048117851744338e-12 8.891630633338907625e-12 7.370818532670141531e-12 5.753961701220999790e-12 4.646937128820852207e-12 2.787710563944914454e-12 7.741365718938531055e-13 1.006342258862269313e-12 4.030755929432405058e-12 1.652763179810798162e-12
5.393204960536176733e-11 5.692234477359230934e-11 6.240245597267055514e-11 4.491123774715537303e-11 2.464761908238383078e-11 1.647939772802129469e-11 1.663358600192978382e-11 1.299043540673771032e-11 1.725553430182048008e-11 1.638286017678185693e-11 2.175335574032553394e-11 1.814907428306916906e-11 2.184189423832932688e-11 2.771424229749974984e-11 3.849764711325013286e-11 1.886787696165866082e-11 9.178638047514818083e-12 5.853293386396773232e-12 6.942674498330701979e-12 5.993267427250183394e-12 5.149018836658519766e-12 3.929134757459474532e-12 9.068185509155476129e-13 4.189240762501426125e-13 2.549940350832620433e-12 1.379327972564281649e-12
2.485460755956192581e-11 5.792730568713069113e-11 4.070798726843171069e-11 2.842214394795153463e-11 2.110024797677634323e-11 1.867443627541853361e-12 1.194541229955219903e-11 5.370068864125293286e-12 1.145376415287948340e-11 1.192425589036462741e-11 8.873044442589063183e-12 1.195732735776500612e-11 1.551181677096605603e-11 1.700481960606374725e-11 1.886787696165866082e-11 3.241368555162242838e-11 1.991995007730420065e-11 8.628756758508479767e-12 6.477325116099317939e-12 4.369561345401356214e-12 2.184828979270184511e-12 4.028040417995995296e-12 -9.503334130241005068e-13 -1.975330480175528735e-13 2.065223588295102736e-12 1.245786729543897393e-12
2.591828962882703189e-11 4.834930692526496229e-11 3.393529022284284768e-11 2.850887822282673296e-11 2.376402289448750321e-11 1.200280315169351004e-11 1.666327041082209258e-11 9.634366608357531127e-12 9.340706362532701514e-12 3.591790932920175721e-12 4.428882041538609953e-12 6.893457220316902024e-12 9.983030720746960143e-12 9.770048117851744338e-12 9.178638047514818083e-12 1.991995007730420065e-11 3.625018912302753224e-11 2.099157850024729474e-11 1.090093470449851752e-11 7.943520250629449111e-12 6.324859266432717687e-12 2.845554858720123174e-12 -3.533773721498842771e-13 1.646060666636009625e-12 1.665861272769522080e-12 1.358053008464739914e-12
1.266725076086213292e-11 4.315975819248227768e-11 3.792542946096609653e-11 3.820552596594538655e-11 1.591687795028295469e-11 2.043106619140312071e-11 1.497544940436861186e-11 1.091207262575279199e-11 1.488735446121734713e-11 8.781612535083227081e-12 7.497272465157251710e-12 9.032472185764002585e-12 6.892096498925362415e-12 8.891630633338907625e-12 5.853293386396773232e-12 8.628756758508479767e-12 2.099157850024729474e-11 3.352642829560202526e-11 1.851554052147639919e-11 1.054354416654613307e-11 5.078207955239122545e-12 1.061296790254800524e-12 2.176439289226196748e-13 9.590641837521813119e-13 1.060438322556477285e-12 2.204934472650250627e-12
-1.041479108836955425e-14 3.436142037283145699e-11 1.815564278166584583e-11 1.775436417570391765e-11 4.762839612032833298e-12 3.005550220850239623e-12 3.809535098518383754e-12 5.747589293074217214e-13 1.175888554402261805e-11 5.968881952821904670e-12 2.376377490544959455e-12 2.566627131085549487e-12 3.370196242001520697e-12 7.370818532670141531e-12 6.942674498330701979e-12 6.477325116099317939e-12 1.090093470449851752e-11 1.851554052147639919e-11 2.865773862158969937e-11 1.725125133399674227e-11 8.809679915435233066e-12 3.757117097149525099e-12 2.378349704530688427e-12 2.031659306919930723e-12 9.256906058054163088e-14 -1.935696437137461727e-12
3.556144897290577409e-12 1.957527314141550855e-11 1.734812526366701614e-11 1.263514390471704354e-11 9.587714398920710108e-12 2.163718864221578276e-12 5.133327873282374285e-12 -2.436854638945647070e-12 1.154639222425515830e-11 5.210505723131879770e-12 6.941781039253557594e-12 5.044544354941200464e-12 6.537552183155528877e-12 5.753961701220999790e-12 5.993267427250183394e-12 4.369561345401356214e-12 7.943520250629449111e-12 1.054354416654613307e-11 1.725125133399674227e-11 3.149360214914060402e-11 1.858907573071593047e-11 9.081192579090768681e-12 1.880367437250164120e-12 2.708523375181099829e-12 -1.268681150258076051e-14 -1.321001316356009737e-12
7.218118051911201239e-12 2.681079033403156959e-12 1.464295053870378188e-11 4.894352861616670139e-12 1.095719490137643953e-11 3.414507969118271064e-12 3.779892352635646743e-12 -2.911671529764563886e-12 4.426888802620820641e-13 1.290261080396775129e-12 5.184153678215560809e-12 1.460797469506289809e-12 3.411728043337763884e-12 4.646937128820852207e-12 5.149018836658519766e-12 2.184828979270184511e-12 6.324859266432717687e-12 5.078207955239122545e-12 8.809679915435233066e-12 1.858907573071593047e-11 2.774163849714508473e-11 1.607727611476105954e-11 4.986952192878015647e-12 2.354332558552049085e-12 7.621879010091160258e-13 -1.351835757089935014e-13
2.986874637795937461e-11 1.459465084146800953e-11 2.274607116017140468e-11 1.335337891796994947e-11 2.271607134600339501e-11 1.226981565404512507e-11 1.436830846864175316e-11 6.658652534242075605e-12 1.411880040655789215e-12 4.063874690617835589e-12 6.339934006112587567e-12 3.087290292351272958e-12 4.058194892240008747e-12 2.787710563944914454e-12 3.929134757459474532e-12 4.028040417995995296e-12 2.845554858720123174e-12 1.061296790254800524e-12 3.757117097149525099e-12 9.081192579090768681e-12 1.607727611476105954e-11 2.425455890212119661e-11 1.034943600668146021e-11 3.483130330053348253e-12 1.552200091988739861e-12 -2.295023376560346036e-14
-9.862170762182698088e-12 5.906559997838177431e-12 1.110123581693687045e-11 1.021930860269141590e-11 8.298096403385825836e-12 1.192474693187093567e-11 1.065260885203991981e-11 5.890801923652581147e-12 1.830007787338452727e-12 4.724438981026945607e-12 1.509412966729719674e-13 5.854477216758379832e-13 4.934750916786672756e-13 7.741365718938531055e-13 9.068185509155476129e-13 -9.503334130241005068e-13 -3.533773721498842771e-13 2.176439289226196748e-13 2.378349704530688427e-12 1.880367437250164120e-12 4.986952192878015647e-12 1.034943600668146021e-11 1.674976910045698448e-11 6.687360819894946568e-12 8.721948349335126184e-13 -4.648428548971238932e-13
1.987797569106378490e-11 1.925795207882936271e-11 5.420751281577218501e-14 6.298717887682926909e-12 7.964040690403742470e-12 8.381641118519182942e-12 1.540176901240541500e-11 7.406581597164183578e-12 6.782621012512590483e-12 5.419749209517037425e-12 4.755074362445690369e-13 -1.251627467347032960e-12 3.032936608202353403e-13 1.006342258862269313e-12 4.189240762501426125e-13 -1.975330480175528735e-13 1.646060666636009625e-12 9.590641837521813119e-13 2.031659306919930723e-12 2.708523375181099829e-12 2.354332558552049085e-12 3.483130330053348253e-12 6.687360819894946568e-12 1.377602081343565413e-11 4.285802518430106694e-12 -9.689593888895413441e-14
1.332077517224560464e-11 1.695088881608656547e-11 9.482992574134876150e-12 2.787489389428218592e-11 2.980324423229109400e-12 6.280299260963874092e-12 7.832924371469599013e-12 6.074445137777846102e-12 1.930906865696678357e-12 4.764310257669931321e-12 3.840620758246261548e-12 4.503660395403532269e-12 4.019880230082332344e-12 4.030755929432405058e-12 2.549940350832620433e-12 2.065223588295102736e-12 1.665861272769522080e-12 1.060438322556477285e-12 9.256906058054163088e-14 -1.268681150258076051e-14 7.621879010091160258e-13 1.552200091988739861e-12 8.721948349335126184e-13 4.285802518430106694e-12 1.197104567374531433e-11 3.871889828383748574e-12
-4.458356058432094321e-12 -2.654910822395955819e-11 -6.481622567965273454e-12 9.569861465503266030e-12 -5.623385215634942220e-12 9.705329598223773802e-13 2.086123753813599230e-12 -1.447026856030815462e-12 -6.366239477565676610e-13 -2.892324398362936113e-12 1.448309595905381738e-12 3.512277369805641547e-12 4.356701917808966844e-12 1.652763179810798162e-12 1.379327972564281649e-12 1.245786729543897393e-12 1.358053008464739914e-12 2.204934472650250627e-12 -1.935696437137461727e-12 -1.321001316356009737e-12 -1.351835757089935014e-13 -2.295023376560346036e-14 -4.648428548971238932e-13 -9.689593888895413441e-14 3.871889828383748574e-12 1.008167113221967443e-11
