3.076002648389072110e-09 5.813600301283400365e-13 -6.903513910569882054e-12 5.397128808948925431e-11 2.512830707961642464e-11 7.812669581819844351e-11 8.441904175878218820e-12 -1.238681024869956257e-13 -1.807760710903462709e-11 -8.500826508317533943e-13 -1.480735432886002740e-11 -1.799295754043842250e-11 -1.163872590036062902e-11 -1.712180232125096274e-11 1.654571076203560172e-11 -3.081223030811914570e-11 -1.798104317813634991e-11 -1.164257980592720887e-11 -4.441096922237614886e-11 -5.626334765874855137e-12 1.194341379182527377e-11 1.094894393045140482e-11 -4.221959405461667974e-12 1.624563694609513124e-11 1.512806919449143001e-11 5.003882828631976692e-12
5.813600301283400365e-13 1.946673905465783938e-09 -4.087195502469414695e-11 1.577317657983454765e-11 -1.007367843614359975e-10 -4.356404578705535886e-11 3.274282075192059994e-11 -1.207393806011312010e-11 -5.221471225355284034e-12 -3.115603206044840352e-11 -6.776463730106752705e-12 -2.805227983660235879e-12 -2.329506772011010072e-11 -1.072248662692923031e-11 2.366578227941796828e-11 2.998630900899799307e-11 4.302294883897847578e-11 1.998812773466806223e-11 4.472750877097158116e-13 -2.145978779510317774e-11 -4.866152590266911172e-12 -1.819021297530597685e-12 -2.409819571899039311e-12 8.176050152896044515e-13 -4.780152251792552156e-12 -9.637678850874340740e-13
-6.903513910569882054e-12 -4.087195502469414695e-11 1.164884277262300441e-09 1.584985825421603759e-10 1.224913063337309808e-10 2.362775086933826038e-11 5.383542456744831059e-11 -4.462842212578919957e-11 3.723266707552460967e-12 4.779926404238646722e-11 1.829415248846983754e-11 -3.227209499142801428e-11 -1.381584670853377727e-11 5.307956046718881547e-12 -7.188749986790885922e-13 -3.142061887607085277e-13 -2.633726382274782326e-12 -1.059977003639266466e-11 -1.067095047957721256e-11 2.486331276387449164e-12 -4.790501753396944852e-12 -4.531463393736082827e-12 -7.917495339692502670e-12 -1.346606244230817176e-11 1.677237444166755412e-12 1.944170942458280455e-12
5.397128808948925431e-11 1.577317657983454765e-11 1.584985825421603759e-10 8.475608700380121189e-10 4.176938268156530810e-11 2.938275152025563275e-12 -2.019605037441047304e-11 -4.078705377517536726e-11 -1.143298925921720380e-11 2.109432849817829564e-11 3.253324223440889481e-12 -2.189873725204576273e-11 -8.053867816275373729e-12 6.712894681766653215e-12 3.450553896003633081e-12 7.602816667009553029e-12 -2.676242499301212665e-12 -4.704881249440053611e-12 1.225316983282737576e-11 1.701533814850784556e-11 1.669235193785901614e-11 1.063659784477281519e-11 -1.446497200277467947e-12 -1.618340443351013998e-12 -2.674772062324336303e-12 2.294130729467629604e-12
2.512830707961642464e-11 -1.007367843614359975e-10 1.224913063337309808e-10 4.176938268156530810e-11 5.631070115051030499e-10 3.878995288963322123e-11 8.154200189892043801e-12 -2.333873342632307399e-11 1.705520595404153386e-11 -1.708157525288735520e-11 1.096459956470094878e-11 -1.197192738742455851e-11 -1.067546156725100790e-11 -1.968987303470664674e-11 -7.955057767791570257e-12 -4.213073556628630791e-12 4.035611549573928166e-12 -7.668142999620674877e-12 -1.756631235659626601e-12 1.866962651695899857e-12 -3.155917153810150328e-12 -2.875342673166159236e-12 3.041929188561842705e-13 -8.458727465874047903e-12 -9.509282766578091728e-13 -2.211101331978306983e-12
7.812669581819844351e-11 -4.356404578705535886e-11 2.362775086933826038e-11 2.938275152025563275e-12 3.878995288963322123e-11 3.515085491826988832e-10 6.266994237041515596e-11 2.570810896066685246e-11 3.751079617729783977e-12 -1.729991608507539572e-12 -5.033244621021702220e-12 -1.106231030536133168e-11 -3.159978863114642634e-12 1.195296979439457341e-11 -5.901747707312465089e-12 -9.506469024945838476e-12 -1.489759594191137716e-11 -1.176738747942310454e-11 -3.943843448131114105e-12 1.089833475196953560e-11 1.097265038357529793e-14 1.119195158380343838e-12 -5.654195134473467207e-12 8.696121866775122822e-14 7.540724847768185903e-13 6.352000828582801422e-13
8.441904175878218820e-12 3.274282075192059994e-11 5.383542456744831059e-11 -2.019605037441047304e-11 8.154200189892043801e-12 6.266994237041515596e-11 2.666977938402218189e-10 2.101985809125829488e-11 6.154098306538441910e-12 -1.077162702989621464e-11 9.381736133881590660e-12 9.280981183389095503e-12 8.166431234211166515e-12 3.669929250915990109e-12 -7.614166996175809877e-12 -5.027651284155614499e-12 -6.702314246418533295e-12 -7.614400128117258835e-12 -2.458965768327268049e-12 -1.691311560361066116e-12 -3.916235066297047655e-12 -1.764612115463819334e-12 -3.187735346201995419e-12 -3.260000691967270320e-12 -2.091952641457010407e-12 -2.558699837516729303e-12
-1.238681024869956257e-13 -1.207393806011312010e-11 -4.462842212578919957e-11 -4.078705377517536726e-11 -2.333873342632307399e-11 2.570810896066685246e-11 2.101985809125829488e-11 1.789926468997176149e-10 1.660855088570530611e-11 1.393655067540670064e-11 2.179868514144289119e-11 1.017597169772637784e-11 9.912561420467047756e-12 1.399509706661378884e-11 -1.262387146665173505e-12 -1.469069394246959624e-12 1.342311184228549591e-12 1.127433889564170569e-11 7.868249678685255566e-12 3.691387471606976458e-12 7.737550505437892333e-15 2.087052230245895586e-12 2.094946051701603635e-12 3.833404658838116734e-12 1.066501974104196394e-12 -1.023125081628709267e-12
-1.807760710903462709e-11 -5.221471225355284034e-12 3.723266707552460967e-12 -1.143298925921720380e-11 1.705520595404153386e-11 3.751079617729783977e-12 6.154098306538441910e-12 1.660855088570530611e-11 1.282218531075145848e-10 3.143823990076151536e-11 3.259110049133752736e-12 5.467122240024905723e-12 7.131516966358792058e-12 4.265065231193740000e-12 -2.155514664627049897e-13 3.964447475346004129e-12 2.878211842346319096e-12 -3.230830381410880566e-13 -1.043397875423305399e-12 2.126377159787811744e-12 2.439638590259652324e-13 4.968840497741699130e-13 3.403147288944000616e-12 -1.848046903572970521e-12 -6.698362290446726175e-13 1.192200881847520673e-12
-8.500826508317533943e-13 -3.115603206044840352e-11 4.779926404238646722e-11 2.109432849817829564e-11 -1.708157525288735520e-11 -1.729991608507539572e-12 -1.077162702989621464e-11 1.393655067540670064e-11 3.143823990076151536e-11 9.002607038429494668e-11 1.742059917150429014e-11 1.306925884963735252e-11 9.018171623376302883e-12 9.040489567825440213e-12 5.021568466996383668e-12 6.565977437806695381e-12 4.368979687001196005e-12 1.516325315127344520e-12 8.693326683246314761e-13 2.537758439145976115e-12 5.412570312514810498e-13 2.695320755035450971e-12 1.496416157967218876e-12 8.024545494481754945e-13 -1.165541803882966871e-12 -1.098454106397292854e-12
-1.480735432886002740e-11 -6.776463730106752705e-12 1.829415248846983754e-11 3.253324223440889481e-12 1.096459956470094878e-11 -5.033244621021702220e-12 9.381736133881590660e-12 2.179868514144289119e-11 3.259110049133752736e-12 1.742059917150429014e-11 8.226751226169338783e-11 2.655530684892854914e-11 1.174665866488659498e-11 1.534177885416430006e-12 -1.129907228546609368e-12 5.910305171080953086e-13 5.463721691913109373e-12 4.775711806220717167e-12 4.611727359893684623e-12 1.533100958088553857e-12 -5.635175557603683582e-13 -3.008393005896647755e-14 -1.147045585069555066e-12 -2.573114218620215383e-12 -2.500590774800749229e-12 -2.689487816431013124e-13
-1.799295754043842250e-11 -2.805227983660235879e-12 -3.227209499142801428e-11 -2.189873725204576273e-11 -1.197192738742455851e-11 -1.106231030536133168e-11 9.280981183389095503e-12 1.017597169772637784e-11 5.467122240024905723e-12 1.306925884963735252e-11 2.655530684892854914e-11 5.567483550103952986e-11 2.373982604412930045e-11 1.291880047774458579e-11 6.806482523785965975e-12 6.306418173569580011e-12 9.889727989387468796e-12 6.130753670492953360e-12 2.996898369352405137e-12 2.588121257087480587e-12 -3.971519000636603332e-14 3.704706348930003494e-13 -1.685541568213206838e-12 -1.787090730370422292e-12 -2.166468813064399183e-12 -6.923322607452117914e-13
-1.163872590036062902e-11 -2.329506772011010072e-11 -1.381584670853377727e-11 -8.053867816275373729e-12 -1.067546156725100790e-11 -3.159978863114642634e-12 8.166431234211166515e-12 9.912561420467047756e-12 7.131516966358792058e-12 9.018171623376302883e-12 1.174665866488659498e-11 2.373982604412930045e-11 4.986901401900215223e-11 2.231834041131097940e-11 1.032937787086154122e-11 6.562520509398752950e-12 6.209594967974991785e-12 2.111382623265647963e-12 1.548444060771771643e-12 8.564625532872163860e-13 -2.983470739860475423e-12 1.360543304832931030e-12 2.740421765444808578e-13 -1.083058080575429298e-12 -9.777220362630163839e-13 -1.987823075125984155e-13
-1.712180232125096274e-11 -1.072248662692923031e-11 5.307956046718881547e-12 6.712894681766653215e-12 -1.968987303470664674e-11 1.195296979439457341e-11 3.669929250915990109e-12 1.399509706661378884e-11 4.265065231193740000e-12 9.040489567825440213e-12 1.534177885416430006e-12 1.291880047774458579e-11 2.231834041131097940e-11 3.945673163518875334e-11 1.528350139965451927e-11 9.110798718198327663e-12 7.405234339549281020e-12 9.038070580983403295e-12 5.134092338112693774e-12 3.165411952399429070e-12 -1.989851614252603231e-12 -1.418733126270719856e-13 -1.149121972636874625e-12 -1.712919874907534560e-12 1.031891399101330701e-13 1.200204336716647697e-13
1.654571076203560172e-11 2.366578227941796828e-11 -7.188749986790885922e-13 3.450553896003633081e-12 -7.955057767791570257e-12 -5.901747707312465089e-12 -7.614166996175809877e-12 -1.262387146665173505e-12 -2.155514664627049897e-13 5.021568466996383668e-12 -1.129907228546609368e-12 6.806482523785965975e-12 1.032937787086154122e-11 1.528350139965451927e-11 3.002756953536880307e-11 1.708345643820360713e-11 1.001284536532101248e-11 7.750273832981402359e-12 3.651905905372829684e-12 4.463048959910045660e-13 8.668709505355661898e-13 1.216139491431066216e-12 -2.201798027891928071e-13 -5.419091131248807830e-13 3.481884341694494130e-13 2.034872757105423567e-13
-3.081223030811914570e-11 2.998630900899799307e-11 -3.142061887607085277e-13 7.602816667009553029e-12 -4.213073556628630791e-12 -9.506469024945838476e-12 -5.027651284155614499e-12 -1.469069394246959624e-12 3.964447475346004129e-12 6.565977437806695381e-12 5.910305171080953086e-13 6.306418173569580011e-12 6.562520509398752950e-12 9.110798718198327663e-12 1.708345643820360713e-11 3.228395229558239761e-11 1.875730273322424770e-11 6.813245157954140801e-12 3.168943416894968090e-12 1.041215188031170445e-12 7.125363938205183079e-13 7.798692545991839414e-13 6.812176376652450275e-13 3.396580329794681677e-13 4.405308451681432256e-13 2.380762751347186001e-14
-1.798104317813634991e-11 4.302294883897847578e-11 -2.633726382274782326e-12 -2.676242499301212665e-12 4.035611549573928166e-12 -1.489759594191137716e-11 -6.702314246418533295e-12 1.342311184228549591e-12 2.878211842346319096e-12 4.368979687001196005e-12 5.463721691913109373e-12 9.889727989387468796e-12 6.209594967974991785e-12 7.405234339549281020e-12 1.001284536532101248e-11 1.875730273322424770e-11 3.304395553406335772e-11 1.385293365018789572e-11 5.640124101401663149e-12 1.385546251546329482e-12 1.257899659604197316e-12 -3.857449044203220598e-13 8.376665172654273284e-14 -5.421263736758430361e-13 -1.135341967462675521e-13 1.065801180784038657e-12
-1.164257980592720887e-11 1.998812773466806223e-11 -1.059977003639266466e-11 -4.704881249440053611e-12 -7.668142999620674877e-12 -1.176738747942310454e-11 -7.614400128117258835e-12 1.127433889564170569e-11 -3.230830381410880566e-13 1.516325315127344520e-12 4.775711806220717167e-12 6.130753670492953360e-12 2.111382623265647963e-12 9.038070580983403295e-12 7.750273832981402359e-12 6.813245157954140801e-12 1.385293365018789572e-11 2.746251053000422518e-11 1.309442622166735738e-11 5.410013769242640825e-12 -5.027655650669416226e-13 1.601487338703355691e-13 -1.290504544274344208e-13 8.010569114868841466e-13 -2.884247303638986740e-13 -7.052165226282936127e-14
-4.441096922237614886e-11 4.472750877097158116e-13 -1.067095047957721256e-11 1.225316983282737576e-11 -1.756631235659626601e-12 -3.943843448131114105e-12 -2.458965768327268049e-12 7.868249678685255566e-12 -1.043397875423305399e-12 8.693326683246314761e-13 4.611727359893684623e-12 2.996898369352405137e-12 1.548444060771771643e-12 5.134092338112693774e-12 3.651905905372829684e-12 3.168943416894968090e-12 5.640124101401663149e-12 1.309442622166735738e-11 1.900785178805126444e-11 8.430278729151939756e-12 7.976412351444355174e-13 4.240091772380405510e-13 8.714206837841730481e-13 2.804079134578838536e-13 -2.559555165938609153e-14 8.380488292956507805e-13
-5.626334765874855137e-12 -2.145978779510317774e-11 2.486331276387449164e-12 1.701533814850784556e-11 1.866962651695899857e-12 1.089833475196953560e-11 -1.691311560361066116e-12 3.691387471606976458e-12 2.126377159787811744e-12 2.537758439145976115e-12 1.533100958088553857e-12 2.588121257087480587e-12 8.564625532872163860e-13 3.165411952399429070e-12 4.463048959910045660e-13 1.041215188031170445e-12 1.385546251546329482e-12 5.410013769242640825e-12 8.430278729151939756e-12 1.870071441962527313e-11 7.852858576894110023e-12 2.190876793570818480e-12 2.559333016603225272e-12 2.078342661329399008e-12 1.462521095151516323e-12 7.824563318738530978e-13
1.194341379182527377e-11 -4.866152590266911172e-12 -4.790501753396944852e-12 1.669235193785901614e-11 -3.155917153810150328e-12 1.097265038357529793e-14 -3.916235066297047655e-12 7.737550505437892333e-15 2.439638590259652324e-13 5.412570312514810498e-13 -5.635175557603683582e-13 -3.971519000636603332e-14 -2.983470739860475423e-12 -1.989851614252603231e-12 8.668709505355661898e-13 7.125363938205183079e-13 1.257899659604197316e-12 -5.027655650669416226e-13 7.976412351444355174e-13 7.852858576894110023e-12 1.692245244425652983e-11 5.735294818841971382e-12 3.647837346933108749e-12 1.883388702718655273e-12 1.083251578851232928e-12 2.643727034911435502e-13
1.094894393045140482e-11 -1.819021297530597685e-12 -4.531463393736082827e-12 1.063659784477281519e-11 -2.875342673166159236e-12 1.119195158380343838e-12 -1.764612115463819334e-12 2.087052230245895586e-12 4.968840497741699130e-13 2.695320755035450971e-12 -3.008393005896647755e-14 3.704706348930003494e-13 1.360543304832931030e-12 -1.418733126270719856e-13 1.216139491431066216e-12 7.798692545991839414e-13 -3.857449044203220598e-13 1.601487338703355691e-13 4.240091772380405510e-13 2.190876793570818480e-12 5.735294818841971382e-12 1.128117308367523100e-11 4.695441523324581319e-12 7.801713682239689482e-13 3.967455394399960707e-13 1.888071631413870148e-13
-4.221959405461667974e-12 -2.409819571899039311e-12 -7.917495339692502670e-12 -1.446497200277467947e-12 3.041929188561842705e-13 -5.654195134473467207e-12 -3.187735346201995419e-12 2.094946051701603635e-12 3.403147288944000616e-12 1.496416157967218876e-12 -1.147045585069555066e-12 -1.685541568213206838e-12 2.740421765444808578e-13 -1.149121972636874625e-12 -2.201798027891928071e-13 6.812176376652450275e-13 8.376665172654273284e-14 -1.290504544274344208e-13 8.714206837841730481e-13 2.559333016603225272e-12 3.647837346933108749e-12 4.695441523324581319e-12 9.320434748639596889e-12 2.596171821204481433e-12 2.736297672332281671e-13 -3.186595841245939172e-14
1.624563694609513124e-11 8.176050152896044515e-13 -1.346606244230817176e-11 -1.618340443351013998e-12 -8.458727465874047903e-12 8.696121866775122822e-14 -3.260000691967270320e-12 3.833404658838116734e-12 -1.848046903572970521e-12 8.024545494481754945e-13 -2.573114218620215383e-12 -1.787090730370422292e-12 -1.083058080575429298e-12 -1.712919874907534560e-12 -5.419091131248807830e-13 3.396580329794681677e-13 -5.421263736758430361e-13 8.010569114868841466e-13 2.804079134578838536e-13 2.078342661329399008e-12 1.883388702718655273e-12 7.801713682239689482e-13 2.596171821204481433e-12 6.529661097654061354e-12 1.618949630795630328e-12 2.127426981894877889e-13
1.512806919449143001e-11 -4.780152251792552156e-12 1.677237444166755412e-12 -2.674772062324336303e-12 -9.509282766578091728e-13 7.540724847768185903e-13 -2.091952641457010407e-12 1.066501974104196394e-12 -6.698362290446726175e-13 -1.165541803882966871e-12 -2.500590774800749229e-12 -2.166468813064399183e-12 -9.777220362630163839e-13 1.031891399101330701e-13 3.481884341694494130e-13 4.405308451681432256e-13 -1.135341967462675521e-13 -2.884247303638986740e-13 -2.559555165938609153e-14 1.462521095151516323e-12 1.083251578851232928e-12 3.967455394399960707e-13 2.736297672332281671e-13 1.618949630795630328e-12 4.677514067971990645e-12 1.196911404543241851e-12
5.003882828631976692e-12 -9.637678850874340740e-13 1.944170942458280455e-12 2.294130729467629604e-12 -2.211101331978306983e-12 6.352000828582801422e-13 -2.558699837516729303e-12 -1.023125081628709267e-12 1.192200881847520673e-12 -1.098454106397292854e-12 -2.689487816431013124e-13 -6.923322607452117914e-13 -1.987823075125984155e-13 1.200204336716647697e-13 2.034872757105423567e-13 2.380762751347186001e-14 1.065801180784038657e-12 -7.052165226282936127e-14 8.380488292956507805e-13 7.824563318738530978e-13 2.643727034911435502e-13 1.888071631413870148e-13 -3.186595841245939172e-14 2.127426981894877889e-13 1.196911404543241851e-12 3.621085893293089062e-12
