6.649967869714317630e-09 2.932737545290208533e-09 1.656825234786949631e-09 1.080777645418610278e-09 1.164678102010825165e-09 9.548271727152392903e-10 6.861900540455118681e-10 4.908002732784398478e-10 4.865823991797919295e-10 5.549003885938219069e-10 4.343750579088272034e-10 3.838261737247863949e-10 4.242411300599392582e-10 2.591132265325971286e-10 1.934235817626235943e-10 1.541233241085209906e-10 1.017998349207554140e-10 1.072546482333152349e-10 3.499165767975977317e-11 3.032599894728970317e-11 8.174189478519679061e-11 9.074174320743278615e-11 6.173303732163611588e-12 1.078839951144199609e-11 -2.540079453088925115e-11 -2.038227584430719630e-11
2.932737545290208533e-09 5.420976561001087073e-09 2.033442707521398620e-09 1.373743268849626834e-09 1.303038263462990377e-09 9.390712752637824564e-10 7.341766368529819153e-10 6.275934686270757605e-10 5.260087414237553656e-10 5.216791123674387524e-10 3.646375614954624474e-10 3.443107323388428093e-10 3.177439044939721618e-10 1.732199356063371331e-10 1.438965966570468424e-10 1.068439944894602763e-10 7.174945838355432645e-11 9.559864321407471410e-11 7.049161255270943881e-11 4.709991640048843182e-11 7.247303491428111840e-11 8.217842817215053950e-12 2.529105610125112001e-11 1.986453608702462626e-11 -1.465316847844471953e-11 -7.817463886246910548e-12
1.656825234786949631e-09 2.033442707521398620e-09 3.341600254817789604e-09 8.886378747157179678e-10 9.171079797998722817e-10 7.127708625499991145e-10 5.940504218808884000e-10 3.628192681596603448e-10 4.849235536689505193e-10 3.813399058010696630e-10 2.752910302659343536e-10 2.641080675063801011e-10 2.095438426413296618e-10 1.101507501473157834e-10 6.786394962292010607e-11 6.617085375007483991e-11 2.982121407439008096e-11 5.158553579925281794e-11 4.246460557974024393e-11 3.593951865175868852e-11 7.760314436114381250e-11 2.668781578597549166e-11 1.389053452134525349e-11 5.200841427069743920e-12 -1.387287717380645970e-11 -2.490546423783432678e-11
1.080777645418610278e-09 1.373743268849626834e-09 8.886378747157179678e-10 1.921309825520432886e-09 7.169560296629293490e-10 4.668087256902893255e-10 3.274409703359843634e-10 2.832549272200955308e-10 2.854605541439702804e-10 2.858521162940394502e-10 1.888308223532825632e-10 1.788514104821642846e-10 1.634415844321909518e-10 9.642986085154970886e-11 7.822657544176996314e-11 4.577408948369881569e-11 7.290717437690509866e-11 5.727555189238397616e-11 4.509037430895197064e-11 2.381017017785686718e-11 5.173776199368886497e-11 4.088115773171585411e-11 2.855712722173720660e-11 1.834598454312181584e-11 -1.410924549046950015e-12 -3.687538239495158879e-12
1.164678102010825165e-09 1.303038263462990377e-09 9.171079797998722817e-10 7.169560296629293490e-10 1.501649543629082365e-09 4.255111562463881348e-10 2.962763624306565839e-10 2.897078713256561403e-10 2.552214641247293145e-10 2.454124781032466465e-10 1.648786843656667120e-10 1.775362798800942116e-10 1.014463384833025568e-10 4.680889272982449623e-11 5.805265185645083272e-11 4.129130630643096249e-11 2.476037807436575246e-11 2.155861418670467347e-11 1.915679488766291742e-11 2.112138674904147667e-11 5.707413535265483045e-11 3.260545575906279744e-11 1.711445034034576973e-11 -7.712571610228534012e-12 4.991090963312471945e-12 -4.736339837825171139e-12
9.548271727152392903e-10 9.390712752637824564e-10 7.127708625499991145e-10 4.668087256902893255e-10 4.255111562463881348e-10 1.008294902502127210e-09 3.368818225907193594e-10 2.512711008678658952e-10 2.249171375918509648e-10 1.970517764616741069e-10 1.130211382704853579e-10 1.120195503526971761e-10 1.178532021338874659e-10 5.350406235347247540e-11 4.192009527493933144e-11 3.299267464985745843e-11 1.645847156727785009e-11 1.681988889411001552e-11 2.766940546708807716e-12 1.669721220334210144e-11 4.404554446267665668e-11 1.985301291127802170e-11 1.155329433211242284e-11 6.215227731241869625e-12 -5.632953638703425233e-12 -1.668835005179112885e-11
6.861900540455118681e-10 7.341766368529819153e-10 5.940504218808884000e-10 3.274409703359843634e-10 2.962763624306565839e-10 3.368818225907193594e-10 5.639437437568036358e-10 1.754956886132948739e-10 1.803803522817134938e-10 1.619361721691459748e-10 1.239849428645956890e-10 9.805550347821636736e-11 6.488598276141917436e-11 2.958718066323860315e-11 2.015995592215380493e-11 1.184626070885598269e-11 3.903870935989011370e-12 2.127672322613878060e-12 7.499793355306690190e-12 1.581471611506200905e-11 2.696492281875142655e-11 2.104246965857435137e-12 5.793967597621446619e-12 7.584953730654028728e-12 6.785813955381791757e-12 -3.466566772707684206e-12
4.908002732784398478e-10 6.275934686270757605e-10 3.628192681596603448e-10 2.832549272200955308e-10 2.897078713256561403e-10 2.512711008678658952e-10 1.754956886132948739e-10 4.026916914179855382e-10 1.692591949772912292e-10 1.404001125910069650e-10 7.916328536944493469e-11 7.555094322981641201e-11 4.971405014750556808e-11 3.346096515407302095e-11 3.170389160141055160e-11 2.614913824697775345e-11 1.977954300327263313e-11 1.158464848357305925e-11 9.598345190522817488e-13 1.757682763401075163e-12 1.509213306686304773e-11 9.760445825636665822e-12 1.311604334820855362e-12 3.938227690651858381e-12 2.502755679403982341e-12 -1.578305944806021510e-12
4.865823991797919295e-10 5.260087414237553656e-10 4.849235536689505193e-10 2.854605541439702804e-10 2.552214641247293145e-10 2.249171375918509648e-10 1.803803522817134938e-10 1.692591949772912292e-10 3.617482779755465434e-10 1.619457722647496847e-10 1.056915295228040057e-10 9.008677991193393009e-11 7.252828318830089848e-11 4.732906983742811233e-11 2.882277534266851551e-11 3.419596675962978010e-11 2.173611165755710926e-11 2.884560943628638871e-11 2.162106530531518453e-11 -1.696802996053250500e-13 1.832542777148363030e-11 1.576964328818951373e-11 4.244551573395550950e-12 8.210527976390353482e-12 1.010785294128707808e-11 -6.735380006203729713e-12
5.549003885938219069e-10 5.216791123674387524e-10 3.813399058010696630e-10 2.858521162940394502e-10 2.454124781032466465e-10 1.970517764616741069e-10 1.619361721691459748e-10 1.404001125910069650e-10 1.619457722647496847e-10 2.694473351407473698e-10 1.214558462813199446e-10 1.032087092669488996e-10 8.892517057894040244e-11 5.536526183287004772e-11 4.362906567974132166e-11 3.988450528387421914e-11 2.417630808409349991e-11 2.634204478334368828e-11 1.921567719022317587e-11 1.409886223874546061e-11 2.312238182493700595e-11 1.197517120013731647e-11 3.269346231764416316e-12 2.622461918772069135e-12 6.687808395356530997e-12 -1.121123138780906740e-13
4.343750579088272034e-10 3.646375614954624474e-10 2.752910302659343536e-10 1.888308223532825632e-10 1.648786843656667120e-10 1.130211382704853579e-10 1.239849428645956890e-10 7.916328536944493469e-11 1.056915295228040057e-10 1.214558462813199446e-10 1.769608913857564083e-10 1.036357003135841472e-10 8.080715935154614920e-11 3.936046960380812625e-11 2.307402305531758389e-11 1.689780036679231851e-11 1.170594181668206073e-11 7.916793183077049974e-12 1.572096027317924930e-12 8.230681143944103027e-14 1.673040728096158442e-11 1.515847573318373785e-11 1.276218187134346418e-11 5.027240236545738545e-12 4.096737574900279887e-12 5.659735416832861968e-13
3.838261737247863949e-10 3.443107323388428093e-10 2.641080675063801011e-10 1.788514104821642846e-10 1.775362798800942116e-10 1.120195503526971761e-10 9.805550347821636736e-11 7.555094322981641201e-11 9.008677991193393009e-11 1.032087092669488996e-10 1.036357003135841472e-10 1.649057506134041501e-10 9.101844457807140307e-11 6.015611636523395700e-11 4.223441123350893743e-11 2.517838881114699650e-11 1.740974829310437163e-11 1.088635291131438686e-11 9.751227909164170672e-12 4.901173375466836964e-12 1.660974029321039494e-11 1.391968505593555687e-11 8.477956438939636285e-12 4.748341792968272281e-12 1.698890409599204092e-12 1.488964229332625802e-12
4.242411300599392582e-10 3.177439044939721618e-10 2.095438426413296618e-10 1.634415844321909518e-10 1.014463384833025568e-10 1.178532021338874659e-10 6.488598276141917436e-11 4.971405014750556808e-11 7.252828318830089848e-11 8.892517057894040244e-11 8.080715935154614920e-11 9.101844457807140307e-11 1.488896770510998869e-10 8.543593507252222364e-11 5.712122104382418334e-11 4.025448317164190254e-11 2.789113618787506063e-11 1.855360817015642726e-11 1.048952365254751313e-11 3.198991005121900793e-12 1.200206207344835886e-11 9.350089206168413600e-12 6.306307268934739010e-12 4.253422913923242125e-12 3.361166613120973501e-12 -9.155817543111629878e-13
2.591132265325971286e-10 1.732199356063371331e-10 1.101507501473157834e-10 9.642986085154970886e-11 4.680889272982449623e-11 5.350406235347247540e-11 2.958718066323860315e-11 3.346096515407302095e-11 4.732906983742811233e-11 5.536526183287004772e-11 3.936046960380812625e-11 6.015611636523395700e-11 8.543593507252222364e-11 1.093266442905409348e-10 7.000454862411931946e-11 4.489556125129150976e-11 2.110055420789761695e-11 1.107190706755412095e-11 1.049444563176698110e-11 -9.034732083528880169e-13 1.214607245045991925e-12 6.827499650212021515e-12 4.734578510022095410e-12 7.439548721847552699e-12 -2.047241834182182924e-12 -2.801483028750912711e-12
1.934235817626235943e-10 1.438965966570468424e-10 6.786394962292010607e-11 7.822657544176996314e-11 5.805265185645083272e-11 4.192009527493933144e-11 2.015995592215380493e-11 3.170389160141055160e-11 2.882277534266851551e-11 4.362906567974132166e-11 2.307402305531758389e-11 4.223441123350893743e-11 5.712122104382418334e-11 7.000454862411931946e-11 9.867839083302040746e-11 6.200776191937782203e-11 3.060057007203201455e-11 1.590408914978307335e-11 1.367019281332470144e-11 4.467104235847117281e-12 8.129555036997793840e-12 9.310505927211452977e-12 -1.345743282363528291e-13 2.938080415073222544e-12 -6.859872593682868733e-12 -3.866427339877554363e-12
1.541233241085209906e-10 1.068439944894602763e-10 6.617085375007483991e-11 4.577408948369881569e-11 4.129130630643096249e-11 3.299267464985745843e-11 1.184626070885598269e-11 2.614913824697775345e-11 3.419596675962978010e-11 3.988450528387421914e-11 1.689780036679231851e-11 2.517838881114699650e-11 4.025448317164190254e-11 4.489556125129150976e-11 6.200776191937782203e-11 8.634309148858536016e-11 5.034676562252777268e-11 2.973934890967958460e-11 1.878731049392900375e-11 6.147320176183290149e-12 1.259503295540893159e-11 1.109348285110465743e-11 -9.872052110587077114e-13 1.424837808346321202e-12 -5.769772982737300090e-12 -4.999530310559939540e-12
1.017998349207554140e-10 7.174945838355432645e-11 2.982121407439008096e-11 7.290717437690509866e-11 2.476037807436575246e-11 1.645847156727785009e-11 3.903870935989011370e-12 1.977954300327263313e-11 2.173611165755710926e-11 2.417630808409349991e-11 1.170594181668206073e-11 1.740974829310437163e-11 2.789113618787506063e-11 2.110055420789761695e-11 3.060057007203201455e-11 5.034676562252777268e-11 6.499232521918296268e-11 4.282622795105843999e-11 2.093178835647146274e-11 6.030476457254484174e-12 7.910825957512617712e-12 6.964571595597409741e-12 -8.070160129551075118e-13 1.668160266082071496e-12 -1.756935285600255212e-12 -2.611268061448882584e-12
1.072546482333152349e-10 9.559864321407471410e-11 5.158553579925281794e-11 5.727555189238397616e-11 2.155861418670467347e-11 1.681988889411001552e-11 2.127672322613878060e-12 1.158464848357305925e-11 2.884560943628638871e-11 2.634204478334368828e-11 7.916793183077049974e-12 1.088635291131438686e-11 1.855360817015642726e-11 1.107190706755412095e-11 1.590408914978307335e-11 2.973934890967958460e-11 4.282622795105843999e-11 7.108099972257236989e-11 4.688594956905525117e-11 2.304587068037838228e-11 1.417155549951894689e-11 1.166461535895660845e-11 2.113526001541530937e-12 3.692049437944846145e-12 3.608280189555937780e-12 -5.028769456844244126e-12
3.499165767975977317e-11 7.049161255270943881e-11 4.246460557974024393e-11 4.509037430895197064e-11 1.915679488766291742e-11 2.766940546708807716e-12 7.499793355306690190e-12 9.598345190522817488e-13 2.162106530531518453e-11 1.921567719022317587e-11 1.572096027317924930e-12 9.751227909164170672e-12 1.048952365254751313e-11 1.049444563176698110e-11 1.367019281332470144e-11 1.878731049392900375e-11 2.093178835647146274e-11 4.688594956905525117e-11 6.980255745225491569e-11 3.989157299755724593e-11 1.869990873241483944e-11 1.175297645096833349e-11 7.785880691951497037e-12 8.114263661199337948e-12 6.770521697699882423e-12 -6.319294610505901867e-12
3.032599894728970317e-11 4.709991640048843182e-11 3.593951865175868852e-11 2.381017017785686718e-11 2.112138674904147667e-11 1.669721220334210144e-11 1.581471611506200905e-11 1.757682763401075163e-12 -1.696802996053250500e-13 1.409886223874546061e-11 8.230681143944103027e-14 4.901173375466836964e-12 3.198991005121900793e-12 -9.034732083528880169e-13 4.467104235847117281e-12 6.147320176183290149e-12 6.030476457254484174e-12 2.304587068037838228e-11 3.989157299755724593e-11 5.736262681341964236e-11 3.791662893470964793e-11 2.396595495709753127e-11 1.365757245382848161e-11 4.775272978424943152e-12 3.553591682066639682e-12 -5.282487865395543734e-12
8.174189478519679061e-11 7.247303491428111840e-11 7.760314436114381250e-11 5.173776199368886497e-11 5.707413535265483045e-11 4.404554446267665668e-11 2.696492281875142655e-11 1.509213306686304773e-11 1.832542777148363030e-11 2.312238182493700595e-11 1.673040728096158442e-11 1.660974029321039494e-11 1.200206207344835886e-11 1.214607245045991925e-12 8.129555036997793840e-12 1.259503295540893159e-11 7.910825957512617712e-12 1.417155549951894689e-11 1.869990873241483944e-11 3.791662893470964793e-11 6.960050799215587848e-11 4.273442567197171805e-11 1.922655636362229662e-11 1.739816463705044562e-12 2.281158941177829320e-12 -7.420470389284332793e-12
9.074174320743278615e-11 8.217842817215053950e-12 2.668781578597549166e-11 4.088115773171585411e-11 3.260545575906279744e-11 1.985301291127802170e-11 2.104246965857435137e-12 9.760445825636665822e-12 1.576964328818951373e-11 1.197517120013731647e-11 1.515847573318373785e-11 1.391968505593555687e-11 9.350089206168413600e-12 6.827499650212021515e-12 9.310505927211452977e-12 1.109348285110465743e-11 6.964571595597409741e-12 1.166461535895660845e-11 1.175297645096833349e-11 2.396595495709753127e-11 4.273442567197171805e-11 6.054583794849814703e-11 2.524280071131833114e-11 5.349777712672366328e-12 -4.366003996246861399e-13 -4.384770888345816625e-12
6.173303732163611588e-12 2.529105610125112001e-11 1.389053452134525349e-11 2.855712722173720660e-11 1.711445034034576973e-11 1.155329433211242284e-11 5.793967597621446619e-12 1.311604334820855362e-12 4.244551573395550950e-12 3.269346231764416316e-12 1.276218187134346418e-11 8.477956438939636285e-12 6.306307268934739010e-12 4.734578510022095410e-12 -1.345743282363528291e-13 -9.872052110587077114e-13 -8.070160129551075118e-13 2.113526001541530937e-12 7.785880691951497037e-12 1.365757245382848161e-11 1.922655636362229662e-11 2.524280071131833114e-11 3.496141820857573608e-11 1.127722453413893220e-11 1.672008012544411203e-12 -3.757571844937804870e-12
1.078839951144199609e-11 1.986453608702462626e-11 5.200841427069743920e-12 1.834598454312181584e-11 -7.712571610228534012e-12 6.215227731241869625e-12 7.584953730654028728e-12 3.938227690651858381e-12 8.210527976390353482e-12 2.622461918772069135e-12 5.027240236545738545e-12 4.748341792968272281e-12 4.253422913923242125e-12 7.439548721847552699e-12 2.938080415073222544e-12 1.424837808346321202e-12 1.668160266082071496e-12 3.692049437944846145e-12 8.114263661199337948e-12 4.775272978424943152e-12 1.739816463705044562e-12 5.349777712672366328e-12 1.127722453413893220e-11 2.580570465689016535e-11 4.660164252291683123e-12 -1.585665200316994254e-12
-2.540079453088925115e-11 -1.465316847844471953e-11 -1.387287717380645970e-11 -1.410924549046950015e-12 4.991090963312471945e-12 -5.632953638703425233e-12 6.785813955381791757e-12 2.502755679403982341e-12 1.010785294128707808e-11 6.687808395356530997e-12 4.096737574900279887e-12 1.698890409599204092e-12 3.361166613120973501e-12 -2.047241834182182924e-12 -6.859872593682868733e-12 -5.769772982737300090e-12 -1.756935285600255212e-12 3.608280189555937780e-12 6.770521697699882423e-12 3.553591682066639682e-12 2.281158941177829320e-12 -4.366003996246861399e-13 1.672008012544411203e-12 4.660164252291683123e-12 1.898142819022487955e-11 2.650151263963658424e-12
-2.038227584430719630e-11 -7.817463886246910548e-12 -2.490546423783432678e-11 -3.687538239495158879e-12 -4.736339837825171139e-12 -1.668835005179112885e-11 -3.466566772707684206e-12 -1.578305944806021510e-12 -6.735380006203729713e-12 -1.121123138780906740e-13 5.659735416832861968e-13 1.488964229332625802e-12 -9.155817543111629878e-13 -2.801483028750912711e-12 -3.866427339877554363e-12 -4.999530310559939540e-12 -2.611268061448882584e-12 -5.028769456844244126e-12 -6.319294610505901867e-12 -5.282487865395543734e-12 -7.420470389284332793e-12 -4.384770888345816625e-12 -3.757571844937804870e-12 -1.585665200316994254e-12 2.650151263963658424e-12 1.429113866046088273e-11
