3.620891441316065549e-09 1.503016629666873147e-10 1.894596754035476203e-10 -2.100250991683298964e-11 -1.187831439733061398e-10 -1.126923450497532600e-11 -1.004557939320215314e-10 -1.369894965137325038e-11 3.612427580717331031e-11 -7.041711217515079918e-12 1.513750355745117884e-11 -3.357959438348059613e-11 8.549144152059189833e-13 -2.638644170157538140e-11 -1.552724622289578454e-11 -1.627731997444877373e-11 -1.181189126638313637e-11 -4.998908281261154185e-12 -3.282282651683317333e-12 1.423487141122885677e-12 1.584335143225303177e-11 -3.716137409867527263e-12 -9.157230184276329484e-14 -4.767459476827319989e-12 1.140865462090852933e-11 -1.342492022689898842e-12
1.503016629666873147e-10 2.036828881615306576e-09 1.915530380500490374e-10 7.314582393625226032e-11 -1.557386480572797160e-10 1.826283799883367556e-11 -5.993029442558831083e-11 1.877853567895624089e-11 1.797645131281513982e-11 3.879032758514542371e-11 -1.230799078809552763e-11 -1.748247940907103435e-11 -1.085690173518801131e-11 3.426252766917967255e-13 -2.266033390412564859e-11 -3.346881549998197629e-11 -2.000756627218677692e-11 3.368912583939549192e-12 1.918518893653608574e-12 -4.505312228958316904e-12 7.306516623231899746e-12 -1.240644290692674487e-11 -1.132266497846733583e-13 -5.249013698653020971e-12 -9.977124190158817180e-12 -9.807907717007144628e-15
1.894596754035476203e-10 1.915530380500490374e-10 1.394408842585093010e-09 1.248074897958442430e-11 5.101991918024903421e-11 8.040015830872073823e-11 -2.331247920271931545e-11 4.711444370489759004e-11 -1.643636811075892889e-11 -2.271528615344973860e-11 -1.142050466080719217e-11 1.000900650075859644e-13 3.337610327273634169e-11 3.274532244210510658e-11 2.365830787541018422e-12 2.093391006468286223e-11 9.357714717212280749e-12 1.769363997140512689e-12 3.144282444337177070e-12 8.850596245655964610e-12 1.074678699350912017e-11 2.639019573543941548e-12 1.384751115165320294e-12 -2.193348629556689349e-12 -4.660224718402762469e-12 7.164760300389633602e-12
-2.100250991683298964e-11 7.314582393625226032e-11 1.248074897958442430e-11 7.637407354996381395e-10 -1.309985497831904424e-11 6.541417406054021735e-12 2.825376534931897835e-11 -3.759674171585124852e-12 1.903153302019675597e-11 2.293910839756212695e-11 2.413070638407268801e-11 1.221425982450350422e-11 1.350013240297475224e-11 1.141698066129546919e-12 6.819940523760307504e-12 5.607657469820533182e-12 6.309204617846147920e-12 5.360265484964953914e-12 -2.132291349473766078e-12 -2.256650266424226244e-12 7.680488992811806081e-12 -1.862445640492181989e-12 3.355117639292631043e-12 4.517060293837878760e-12 -1.426431890999935155e-12 -4.858740232974850389e-12
-1.187831439733061398e-10 -1.557386480572797160e-10 5.101991918024903421e-11 -1.309985497831904424e-11 6.974718940707127667e-10 1.371059219142018447e-10 -8.973561232768990864e-12 3.261750993357441446e-11 -6.314738776228559413e-12 7.273899265523544980e-12 5.037756821303318854e-12 -1.685439420697655967e-11 -1.454311632479014233e-11 -1.952154216834479568e-11 1.516792043745113142e-11 7.901478615717730946e-12 1.015471087984163005e-11 9.581822969945876940e-12 1.263958175946010636e-12 1.961103946082171769e-12 5.553781534056212313e-12 1.999888892753319903e-12 -5.676163481136661018e-12 -5.204594109405269024e-13 -5.097296329051925246e-13 5.608391588511699044e-12
-1.126923450497532600e-11 1.826283799883367556e-11 8.040015830872073823e-11 6.541417406054021735e-12 1.371059219142018447e-10 4.410142860547464479e-10 3.867537577693878163e-11 4.247327694428494735e-11 8.697432865887741286e-12 1.445476355056818354e-11 -1.936573688377018775e-11 5.983925019339436547e-12 2.851026231731748560e-12 6.212892267097047256e-12 2.069571709685166631e-11 2.224729169328581494e-11 1.938829687118685278e-11 1.498402927853018381e-11 5.282563120456191727e-12 -8.778442061514727404e-13 2.448721588749056254e-12 3.075223677105372566e-12 6.619624959502106070e-12 -5.844147974889987135e-13 -3.592687300491977553e-12 -8.184527894920246965e-13
-1.004557939320215314e-10 -5.993029442558831083e-11 -2.331247920271931545e-11 2.825376534931897835e-11 -8.973561232768990864e-12 3.867537577693878163e-11 2.522764030324835941e-10 3.690989217817305029e-11 7.295386045858845288e-12 2.226881479967702782e-13 3.573451950382051824e-12 3.427242333400528812e-12 6.464504956694685112e-12 -3.506426572746451511e-12 3.290616464355029613e-12 5.416039283871606984e-12 2.639075986728438201e-12 4.778052747449284168e-12 -2.406999695084278040e-12 -1.789758941962347622e-12 -3.627900591347746595e-13 6.292600476340439253e-12 5.563519694418164158e-12 -1.040993394065662230e-12 7.157600408761078757e-13 5.381314243665614067e-14
-1.369894965137325038e-11 1.877853567895624089e-11 4.711444370489759004e-11 -3.759674171585124852e-12 3.261750993357441446e-11 4.247327694428494735e-11 3.690989217817305029e-11 2.137552456452253397e-10 3.101723374001379182e-11 1.069090195657997896e-11 1.226289926138804929e-12 1.532825546993007934e-12 1.338921754612308764e-11 1.079465742000896030e-11 3.366320868356471282e-12 8.738818838636627600e-12 4.087066152317927361e-12 8.924367089711770496e-12 7.809252960187042826e-12 4.495705982397695266e-12 3.187208200679292067e-12 6.526701563055153848e-12 3.016826957521377349e-13 1.153591383188037853e-12 3.571066801375978416e-12 -6.869308150121476685e-13
3.612427580717331031e-11 1.797645131281513982e-11 -1.643636811075892889e-11 1.903153302019675597e-11 -6.314738776228559413e-12 8.697432865887741286e-12 7.295386045858845288e-12 3.101723374001379182e-11 1.407103124169577040e-10 2.390075009493542148e-11 1.553227456314073966e-11 4.998481766441752434e-12 1.297503831647317774e-11 -1.418623444092563276e-12 -4.156285595069234240e-14 1.448028739540958825e-12 6.212218968362742117e-13 5.593043242548149000e-13 -1.670159166631406677e-13 1.823030114249873345e-12 3.678821819869160737e-12 5.309597129944373430e-12 4.977777853273252428e-12 4.318300829851900543e-12 -1.968235937279942825e-13 -1.020869471303522674e-12
-7.041711217515079918e-12 3.879032758514542371e-11 -2.271528615344973860e-11 2.293910839756212695e-11 7.273899265523544980e-12 1.445476355056818354e-11 2.226881479967702782e-13 1.069090195657997896e-11 2.390075009493542148e-11 9.797225291339451339e-11 9.177422237368737953e-12 5.287721595512955662e-12 -1.993895876585014427e-12 1.792822280069633999e-12 -1.807028695355044700e-12 -2.137712542974305161e-12 -3.521406467421125277e-12 -5.298627930186911181e-12 -3.358724263713244633e-12 -3.043458534150256584e-12 2.210682066218807343e-12 1.027678379034396925e-12 5.393439837196141377e-13 -7.118016368702961293e-13 1.859874060549334191e-13 -5.932143756111395349e-14
1.513750355745117884e-11 -1.230799078809552763e-11 -1.142050466080719217e-11 2.413070638407268801e-11 5.037756821303318854e-12 -1.936573688377018775e-11 3.573451950382051824e-12 1.226289926138804929e-12 1.553227456314073966e-11 9.177422237368737953e-12 6.733487427716116957e-11 1.557923214515604374e-11 7.596141335136886301e-12 2.292659683543765846e-12 5.567729944264182328e-12 -2.477614364584911234e-12 -1.486505969767502017e-12 1.268296266683791308e-12 -1.855374461155402441e-14 1.365924136092118469e-12 1.838492249957726003e-12 1.436067775794737489e-12 -2.298250002758439565e-12 -1.377479948719198946e-12 -6.226989176436100284e-14 1.377898565292012290e-13
-3.357959438348059613e-11 -1.748247940907103435e-11 1.000900650075859644e-13 1.221425982450350422e-11 -1.685439420697655967e-11 5.983925019339436547e-12 3.427242333400528812e-12 1.532825546993007934e-12 4.998481766441752434e-12 5.287721595512955662e-12 1.557923214515604374e-11 4.844225696577118255e-11 1.577413415933444678e-11 8.201928494947899000e-12 5.298632535943270989e-12 4.194849054788710832e-12 2.024505414637315150e-12 1.142319644044779948e-12 -8.204409438320898254e-13 2.573576651264398487e-13 -1.028361582643229006e-12 2.361869860008377942e-12 1.095546072013301495e-12 3.154260968330967371e-13 -1.183441174121148191e-12 -1.783451558462938894e-12
8.549144152059189833e-13 -1.085690173518801131e-11 3.337610327273634169e-11 1.350013240297475224e-11 -1.454311632479014233e-11 2.851026231731748560e-12 6.464504956694685112e-12 1.338921754612308764e-11 1.297503831647317774e-11 -1.993895876585014427e-12 7.596141335136886301e-12 1.577413415933444678e-11 4.473829332363151520e-11 1.541278321568374742e-11 1.081072759527953000e-11 9.840421474261722150e-12 4.461518848390669529e-12 1.888216405869785655e-12 -3.347573871889414527e-13 2.518009375894782972e-12 6.643155787811670921e-13 1.816037581751612968e-12 -5.772294038233402790e-13 -2.180142464842237025e-13 -1.472872848055396924e-12 2.713904302681982216e-13
-2.638644170157538140e-11 3.426252766917967255e-13 3.274532244210510658e-11 1.141698066129546919e-12 -1.952154216834479568e-11 6.212892267097047256e-12 -3.506426572746451511e-12 1.079465742000896030e-11 -1.418623444092563276e-12 1.792822280069633999e-12 2.292659683543765846e-12 8.201928494947899000e-12 1.541278321568374742e-11 3.397817777454149723e-11 1.370695339793356976e-11 9.861721471740685185e-12 4.155887586245187808e-12 7.355766956232415675e-13 -1.750695232168637461e-12 -1.333495743747115460e-12 -2.188730424137393144e-12 1.763020710085597371e-13 1.461897826597275077e-12 -4.477814266394756607e-13 3.668258094604280746e-13 -2.324079477286641675e-13
-1.552724622289578454e-11 -2.266033390412564859e-11 2.365830787541018422e-12 6.819940523760307504e-12 1.516792043745113142e-11 2.069571709685166631e-11 3.290616464355029613e-12 3.366320868356471282e-12 -4.156285595069234240e-14 -1.807028695355044700e-12 5.567729944264182328e-12 5.298632535943270989e-12 1.081072759527953000e-11 1.370695339793356976e-11 2.940107999064850322e-11 1.240257413033416232e-11 5.849190564855657269e-12 9.957881904824175757e-13 -1.049226589785676346e-12 2.229402482967613269e-12 8.291228353268677154e-13 2.289299330713485896e-12 -3.960341607335503588e-13 -1.175872896609411887e-12 3.294594536239690306e-15 -9.723805739816686424e-14
-1.627731997444877373e-11 -3.346881549998197629e-11 2.093391006468286223e-11 5.607657469820533182e-12 7.901478615717730946e-12 2.224729169328581494e-11 5.416039283871606984e-12 8.738818838636627600e-12 1.448028739540958825e-12 -2.137712542974305161e-12 -2.477614364584911234e-12 4.194849054788710832e-12 9.840421474261722150e-12 9.861721471740685185e-12 1.240257413033416232e-11 2.472854593223023524e-11 1.335772432600885200e-11 5.210317140194488258e-12 2.545254128350584173e-12 1.546911031988309697e-12 1.601324125654202571e-12 2.021383222920628953e-12 2.852535426163871864e-13 -2.652991174323960350e-13 5.159316259278027445e-13 5.212472705773815840e-13
-1.181189126638313637e-11 -2.000756627218677692e-11 9.357714717212280749e-12 6.309204617846147920e-12 1.015471087984163005e-11 1.938829687118685278e-11 2.639075986728438201e-12 4.087066152317927361e-12 6.212218968362742117e-13 -3.521406467421125277e-12 -1.486505969767502017e-12 2.024505414637315150e-12 4.461518848390669529e-12 4.155887586245187808e-12 5.849190564855657269e-12 1.335772432600885200e-11 2.274449424990857249e-11 1.012458610861529525e-11 7.176504137033410288e-12 3.812599717684569733e-12 2.885347734893964174e-12 2.763551781167594849e-12 1.923892740833754922e-12 3.426962216380839251e-13 -2.817561002740154155e-13 1.664989518179689040e-13
-4.998908281261154185e-12 3.368912583939549192e-12 1.769363997140512689e-12 5.360265484964953914e-12 9.581822969945876940e-12 1.498402927853018381e-11 4.778052747449284168e-12 8.924367089711770496e-12 5.593043242548149000e-13 -5.298627930186911181e-12 1.268296266683791308e-12 1.142319644044779948e-12 1.888216405869785655e-12 7.355766956232415675e-13 9.957881904824175757e-13 5.210317140194488258e-12 1.012458610861529525e-11 1.775904628596741145e-11 8.672876512915125218e-12 2.455002493025278677e-12 3.088486423057249056e-12 1.408204145223273664e-12 6.669755388574536706e-13 1.880717973619848673e-13 7.936460977660301554e-13 -3.684733009241317245e-13
-3.282282651683317333e-12 1.918518893653608574e-12 3.144282444337177070e-12 -2.132291349473766078e-12 1.263958175946010636e-12 5.282563120456191727e-12 -2.406999695084278040e-12 7.809252960187042826e-12 -1.670159166631406677e-13 -3.358724263713244633e-12 -1.855374461155402441e-14 -8.204409438320898254e-13 -3.347573871889414527e-13 -1.750695232168637461e-12 -1.049226589785676346e-12 2.545254128350584173e-12 7.176504137033410288e-12 8.672876512915125218e-12 1.664097507085554243e-11 5.055191315036369959e-12 3.905684305098610466e-12 8.504246111966973391e-13 6.032380263616502925e-13 -8.205904495710134487e-13 8.138966995640768863e-14 -2.166110456222788067e-13
1.423487141122885677e-12 -4.505312228958316904e-12 8.850596245655964610e-12 -2.256650266424226244e-12 1.961103946082171769e-12 -8.778442061514727404e-13 -1.789758941962347622e-12 4.495705982397695266e-12 1.823030114249873345e-12 -3.043458534150256584e-12 1.365924136092118469e-12 2.573576651264398487e-13 2.518009375894782972e-12 -1.333495743747115460e-12 2.229402482967613269e-12 1.546911031988309697e-12 3.812599717684569733e-12 2.455002493025278677e-12 5.055191315036369959e-12 1.360566357128074762e-11 7.063299860608195050e-12 3.407881935148063917e-12 9.667896264611492711e-13 -3.820324827470018593e-15 -6.049290806145392981e-13 -8.140264166455990745e-13
1.584335143225303177e-11 7.306516623231899746e-12 1.074678699350912017e-11 7.680488992811806081e-12 5.553781534056212313e-12 2.448721588749056254e-12 -3.627900591347746595e-13 3.187208200679292067e-12 3.678821819869160737e-12 2.210682066218807343e-12 1.838492249957726003e-12 -1.028361582643229006e-12 6.643155787811670921e-13 -2.188730424137393144e-12 8.291228353268677154e-13 1.601324125654202571e-12 2.885347734893964174e-12 3.088486423057249056e-12 3.905684305098610466e-12 7.063299860608195050e-12 1.339418957416303303e-11 5.059035009676732976e-12 1.640353979300017479e-12 1.420036048708717262e-13 -6.950758781642604298e-13 -9.002505118275074318e-13
-3.716137409867527263e-12 -1.240644290692674487e-11 2.639019573543941548e-12 -1.862445640492181989e-12 1.999888892753319903e-12 3.075223677105372566e-12 6.292600476340439253e-12 6.526701563055153848e-12 5.309597129944373430e-12 1.027678379034396925e-12 1.436067775794737489e-12 2.361869860008377942e-12 1.816037581751612968e-12 1.763020710085597371e-13 2.289299330713485896e-12 2.021383222920628953e-12 2.763551781167594849e-12 1.408204145223273664e-12 8.504246111966973391e-13 3.407881935148063917e-12 5.059035009676732976e-12 1.017542373277979805e-11 3.351113276622423206e-12 8.153518431765939044e-13 -5.689933153626632608e-13 -6.436578707843351894e-13
-9.157230184276329484e-14 -1.132266497846733583e-13 1.384751115165320294e-12 3.355117639292631043e-12 -5.676163481136661018e-12 6.619624959502106070e-12 5.563519694418164158e-12 3.016826957521377349e-13 4.977777853273252428e-12 5.393439837196141377e-13 -2.298250002758439565e-12 1.095546072013301495e-12 -5.772294038233402790e-13 1.461897826597275077e-12 -3.960341607335503588e-13 2.852535426163871864e-13 1.923892740833754922e-12 6.669755388574536706e-13 6.032380263616502925e-13 9.667896264611492711e-13 1.640353979300017479e-12 3.351113276622423206e-12 8.020169739021311157e-12 2.779518794788141724e-12 -4.138266369460507070e-13 -1.160843464318519124e-12
-4.767459476827319989e-12 -5.249013698653020971e-12 -2.193348629556689349e-12 4.517060293837878760e-12 -5.204594109405269024e-13 -5.844147974889987135e-13 -1.040993394065662230e-12 1.153591383188037853e-12 4.318300829851900543e-12 -7.118016368702961293e-13 -1.377479948719198946e-12 3.154260968330967371e-13 -2.180142464842237025e-13 -4.477814266394756607e-13 -1.175872896609411887e-12 -2.652991174323960350e-13 3.426962216380839251e-13 1.880717973619848673e-13 -8.205904495710134487e-13 -3.820324827470018593e-15 1.420036048708717262e-13 8.153518431765939044e-13 2.779518794788141724e-12 5.735792247688622528e-12 8.444575117481031189e-13 -7.594728211564982248e-13
1.140865462090852933e-11 -9.977124190158817180e-12 -4.660224718402762469e-12 -1.426431890999935155e-12 -5.097296329051925246e-13 -3.592687300491977553e-12 7.157600408761078757e-13 3.571066801375978416e-12 -1.968235937279942825e-13 1.859874060549334191e-13 -6.226989176436100284e-14 -1.183441174121148191e-12 -1.472872848055396924e-12 3.668258094604280746e-13 3.294594536239690306e-15 5.159316259278027445e-13 -2.817561002740154155e-13 7.936460977660301554e-13 8.138966995640768863e-14 -6.049290806145392981e-13 -6.950758781642604298e-13 -5.689933153626632608e-13 -4.138266369460507070e-13 8.444575117481031189e-13 4.562438285600945094e-12 9.632363882752041230e-13
-1.342492022689898842e-12 -9.807907717007144628e-15 7.164760300389633602e-12 -4.858740232974850389e-12 5.608391588511699044e-12 -8.184527894920246965e-13 5.381314243665614067e-14 -6.869308150121476685e-13 -1.020869471303522674e-12 -5.932143756111395349e-14 1.377898565292012290e-13 -1.783451558462938894e-12 2.713904302681982216e-13 -2.324079477286641675e-13 -9.723805739816686424e-14 5.212472705773815840e-13 1.664989518179689040e-13 -3.684733009241317245e-13 -2.166110456222788067e-13 -8.140264166455990745e-13 -9.002505118275074318e-13 -6.436578707843351894e-13 -1.160843464318519124e-12 -7.594728211564982248e-13 9.632363882752041230e-13 3.010812817703336204e-12
