4.799493385047137737e-09 1.802050444090513690e-09 1.603010645341329574e-09 1.221024275331086801e-09 1.196130557956565789e-09 9.279422903229636424e-10 7.164229629415129321e-10 5.838515305594423041e-10 4.814794877067674612e-10 3.701916358746038435e-10 3.075229591993387374e-10 2.241378309974632012e-10 2.279771139330516707e-10 2.001276948328263122e-10 1.773943881429677199e-10 1.583556250073344402e-10 1.005701851791457412e-10 8.433429680456149395e-11 6.612022092608036662e-11 7.179813198688072917e-11 6.768026973721886543e-11 5.339765442203987935e-11 1.755653339277011596e-11 2.670664732041363568e-11 4.482070359591420024e-12 -2.105161494965225803e-12
1.802050444090513690e-09 2.802045143268478995e-09 1.172904953717879357e-09 9.942350445816681123e-10 8.245088542601767391e-10 5.442756318308752388e-10 5.920672239310447805e-10 4.210089014393487437e-10 3.617903640778164236e-10 3.099188916594936934e-10 2.608765110250106755e-10 1.613633161449309618e-10 1.180439182801027297e-10 1.127482059034836065e-10 8.271509800005222918e-11 9.350197210542729808e-11 7.601524442163140072e-11 8.456464071244912985e-11 6.489497534768995552e-11 5.630244451184195110e-11 4.230263668014560915e-11 2.914773127314711600e-11 3.177899700740547184e-11 9.748846955421304841e-12 -2.173828895993048668e-12 -1.842709720514566371e-11
1.603010645341329574e-09 1.172904953717879357e-09 2.141219385419970170e-09 9.490330030527676476e-10 8.211117152799911862e-10 6.612431887945016415e-10 5.296455301699176506e-10 4.413565173461953917e-10 3.331147698576272250e-10 2.755334440345474842e-10 2.305533382575874250e-10 1.870612702922582854e-10 1.271479790526468647e-10 1.270061187807926640e-10 1.050323552733211609e-10 1.136280836384999502e-10 9.549919421725315220e-11 7.464844891675970190e-11 5.247958362643061907e-11 4.624024459513811580e-11 3.265907950175788354e-11 2.521277182538730395e-11 3.398402295362867909e-11 4.632302659164200273e-11 3.593486074577628599e-12 -5.697338111709847187e-13
1.221024275331086801e-09 9.942350445816681123e-10 9.490330030527676476e-10 1.512015150271297685e-09 7.364473256195094242e-10 5.641380142501631797e-10 4.618045699466839047e-10 3.511787921237673094e-10 2.978018987953215368e-10 2.632869225788138917e-10 2.160411881581888817e-10 1.678317900379305379e-10 1.629736644844230770e-10 1.256927706481252624e-10 9.103903621251448901e-11 9.942980669785555456e-11 4.790795370491691399e-11 5.285476756108474160e-11 2.737836691379068492e-11 -8.766928883648784443e-13 5.374786003255429153e-12 6.423048248756742672e-12 1.196374242554814797e-12 -9.030402639078816654e-12 7.048663790333079606e-12 7.489600374527624263e-12
1.196130557956565789e-09 8.245088542601767391e-10 8.211117152799911862e-10 7.364473256195094242e-10 1.006306619326361325e-09 5.017752125509704787e-10 4.509764820572805009e-10 3.404814755643624311e-10 2.685017321400093610e-10 2.238027479082256053e-10 1.829846641561572775e-10 1.374512273848065843e-10 1.261269150104893395e-10 9.363424683072774327e-11 8.856949323803645523e-11 8.965552018643983047e-11 5.688487101909566710e-11 3.876419501107355279e-11 2.448133909333072692e-11 2.141065440972145951e-11 2.244587491695308681e-11 2.606061370224752129e-11 1.309030090612653843e-11 6.039350073330758159e-12 1.162830923791135728e-11 9.948982247257313818e-12
9.279422903229636424e-10 5.442756318308752388e-10 6.612431887945016415e-10 5.641380142501631797e-10 5.017752125509704787e-10 6.826004065217972034e-10 3.747189405680121650e-10 2.839898340840037205e-10 2.275250199101376923e-10 1.631543250832778645e-10 1.203285582523976405e-10 1.033705916790674222e-10 8.425980607086353508e-11 7.887526195641988122e-11 5.894488640832842479e-11 5.654658931070426651e-11 4.125062787507557826e-11 3.105618254216659527e-11 9.965926599954575932e-12 6.414781334428807452e-12 8.942837398093067579e-12 -2.639258137823576698e-13 -7.820827540736971095e-12 2.432682275216166559e-12 6.278006740973789370e-12 7.682990533617190848e-12
7.164229629415129321e-10 5.920672239310447805e-10 5.296455301699176506e-10 4.618045699466839047e-10 4.509764820572805009e-10 3.747189405680121650e-10 5.163599083526152945e-10 2.669249484405021436e-10 2.181516605533590591e-10 1.768637362542506167e-10 1.142482257952015735e-10 8.528051887069663645e-11 7.607176952668084557e-11 6.687043598699256273e-11 4.911093045595467743e-11 4.727270275936058248e-11 3.586816361352426182e-11 3.439419313063034042e-11 2.749265887949518163e-11 1.625118193089108836e-11 1.525243824161270785e-11 -1.898865633374876258e-13 7.322603787311698154e-12 1.208268654932985296e-11 1.101501528128959880e-12 8.667709711673817685e-12
5.838515305594423041e-10 4.210089014393487437e-10 4.413565173461953917e-10 3.511787921237673094e-10 3.404814755643624311e-10 2.839898340840037205e-10 2.669249484405021436e-10 3.354638704326888424e-10 1.924578210610063046e-10 1.370856960261744619e-10 1.018874812255746828e-10 7.790582060014415246e-11 6.983685094753078285e-11 4.810063078983608572e-11 3.560298813750952719e-11 4.264047906191019027e-11 3.604686078587835784e-11 3.106082073172513523e-11 2.028613031021837283e-11 1.928894526212476717e-11 1.553351006557799091e-11 2.630273413683326911e-12 7.257834222435268752e-12 9.113750570398777898e-12 3.339172269885507435e-12 9.241159590110003168e-12
4.814794877067674612e-10 3.617903640778164236e-10 3.331147698576272250e-10 2.978018987953215368e-10 2.685017321400093610e-10 2.275250199101376923e-10 2.181516605533590591e-10 1.924578210610063046e-10 2.700711883332379477e-10 1.523588515921766038e-10 9.010569306995179638e-11 7.121368068223858476e-11 6.539709558443896723e-11 4.767641028703922624e-11 4.453116576744122877e-11 4.515696615300680535e-11 3.157799451881850575e-11 2.061079662653637233e-11 9.425280886730106602e-12 1.242710158036943689e-11 1.419687798455743547e-11 2.280574866800441146e-12 3.090285028636148757e-12 5.602522391116892068e-12 6.911331989097743511e-12 3.632926358023907875e-12
3.701916358746038435e-10 3.099188916594936934e-10 2.755334440345474842e-10 2.632869225788138917e-10 2.238027479082256053e-10 1.631543250832778645e-10 1.768637362542506167e-10 1.370856960261744619e-10 1.523588515921766038e-10 1.922614668807722195e-10 1.033886910637745185e-10 6.809365442487128909e-11 6.107249566225999287e-11 5.558796149809059715e-11 4.909725615275051584e-11 4.591011982676537808e-11 4.110499027202050662e-11 3.700294902233566438e-11 1.788640872262980078e-11 1.177000738144877795e-11 9.865501777132713284e-12 4.121421558192455865e-12 5.401191166148269787e-12 3.770595328329833969e-12 4.244904764273134485e-12 2.700370082288448499e-12
3.075229591993387374e-10 2.608765110250106755e-10 2.305533382575874250e-10 2.160411881581888817e-10 1.829846641561572775e-10 1.203285582523976405e-10 1.142482257952015735e-10 1.018874812255746828e-10 9.010569306995179638e-11 1.033886910637745185e-10 1.308765841870794684e-10 6.846902002133382831e-11 6.095777346665619388e-11 4.721635942477981550e-11 4.428769671394715826e-11 3.352848390499901429e-11 2.688341361755331999e-11 2.153286158230447383e-11 1.102754105729870112e-11 9.196036205626698095e-12 8.860005280886507668e-12 2.493082927643462632e-12 -6.074254906781062572e-13 1.049396450950668946e-12 1.459441859540808568e-12 3.389290000520429882e-12
2.241378309974632012e-10 1.613633161449309618e-10 1.870612702922582854e-10 1.678317900379305379e-10 1.374512273848065843e-10 1.033705916790674222e-10 8.528051887069663645e-11 7.790582060014415246e-11 7.121368068223858476e-11 6.809365442487128909e-11 6.846902002133382831e-11 9.227260280442232570e-11 5.710915524486497167e-11 4.258754179734827336e-11 3.721642793637704901e-11 2.967615788913930904e-11 2.434019860191983614e-11 2.156346104393080508e-11 1.541036931197324701e-11 7.999804163811741522e-12 3.700340059087954693e-12 -1.147920756000527348e-12 -6.334696433711085897e-12 5.738331891562709746e-15 -6.050013364102511489e-13 -7.472372075829630178e-14
2.279771139330516707e-10 1.180439182801027297e-10 1.271479790526468647e-10 1.629736644844230770e-10 1.261269150104893395e-10 8.425980607086353508e-11 7.607176952668084557e-11 6.983685094753078285e-11 6.539709558443896723e-11 6.107249566225999287e-11 6.095777346665619388e-11 5.710915524486497167e-11 9.270697863137847903e-11 5.493514453871920476e-11 4.438390102337321212e-11 3.390445082627378732e-11 2.285389634689270179e-11 1.833985962732599670e-11 1.142179706731673004e-11 1.173862920337212291e-11 1.154633627168117097e-11 8.871346422798838579e-12 -7.688153229391259287e-13 1.886360958199948238e-12 2.507789402219920339e-12 6.019199638547813504e-12
2.001276948328263122e-10 1.127482059034836065e-10 1.270061187807926640e-10 1.256927706481252624e-10 9.363424683072774327e-11 7.887526195641988122e-11 6.687043598699256273e-11 4.810063078983608572e-11 4.767641028703922624e-11 5.558796149809059715e-11 4.721635942477981550e-11 4.258754179734827336e-11 5.493514453871920476e-11 7.107866113498468091e-11 4.841842636380771603e-11 3.624759833420363135e-11 3.088855474666179995e-11 2.430615301148681836e-11 1.528517047793713848e-11 1.524962694254318829e-11 1.194833568619581475e-11 1.263324964786258258e-11 1.829902623966853443e-12 5.296027713625860966e-12 7.511833025854961079e-13 1.554812016013179512e-12
1.773943881429677199e-10 8.271509800005222918e-11 1.050323552733211609e-10 9.103903621251448901e-11 8.856949323803645523e-11 5.894488640832842479e-11 4.911093045595467743e-11 3.560298813750952719e-11 4.453116576744122877e-11 4.909725615275051584e-11 4.428769671394715826e-11 3.721642793637704901e-11 4.438390102337321212e-11 4.841842636380771603e-11 6.721680427241858838e-11 4.576345091653083352e-11 3.414844900450814988e-11 2.185519401494439807e-11 1.360098227544027917e-11 9.591898451010919587e-12 8.798346445033733555e-12 5.817847263713120073e-12 -1.709425711737149105e-12 1.045765734707075208e-12 1.435924891880679053e-12 5.435288162711831853e-13
1.583556250073344402e-10 9.350197210542729808e-11 1.136280836384999502e-10 9.942980669785555456e-11 8.965552018643983047e-11 5.654658931070426651e-11 4.727270275936058248e-11 4.264047906191019027e-11 4.515696615300680535e-11 4.591011982676537808e-11 3.352848390499901429e-11 2.967615788913930904e-11 3.390445082627378732e-11 3.624759833420363135e-11 4.576345091653083352e-11 6.085682428182266973e-11 4.564657360529564734e-11 2.795853919716735844e-11 1.646591697674997980e-11 9.268228749001107583e-12 9.126522085788974645e-12 6.265864716649540249e-12 -8.300324051406214748e-13 2.029524581491993585e-12 1.724177618309997539e-12 3.193185799330529416e-12
1.005701851791457412e-10 7.601524442163140072e-11 9.549919421725315220e-11 4.790795370491691399e-11 5.688487101909566710e-11 4.125062787507557826e-11 3.586816361352426182e-11 3.604686078587835784e-11 3.157799451881850575e-11 4.110499027202050662e-11 2.688341361755331999e-11 2.434019860191983614e-11 2.285389634689270179e-11 3.088855474666179995e-11 3.414844900450814988e-11 4.564657360529564734e-11 6.262251505980715875e-11 4.310984290445119142e-11 2.658533298838575360e-11 1.409126688584755468e-11 1.178640243865813377e-11 5.829783372057127412e-12 -6.310173595811684684e-13 2.500168106384353595e-12 2.204438423366543811e-12 1.986686086701006993e-12
8.433429680456149395e-11 8.456464071244912985e-11 7.464844891675970190e-11 5.285476756108474160e-11 3.876419501107355279e-11 3.105618254216659527e-11 3.439419313063034042e-11 3.106082073172513523e-11 2.061079662653637233e-11 3.700294902233566438e-11 2.153286158230447383e-11 2.156346104393080508e-11 1.833985962732599670e-11 2.430615301148681836e-11 2.185519401494439807e-11 2.795853919716735844e-11 4.310984290445119142e-11 6.077764580457419290e-11 3.858242537527851366e-11 2.058816660737381591e-11 1.595197165372113951e-11 3.009434163450013714e-12 -1.233434416452446730e-12 2.844580385351247103e-12 -1.000649541052425003e-12 -5.255223206418818050e-15
6.612022092608036662e-11 6.489497534768995552e-11 5.247958362643061907e-11 2.737836691379068492e-11 2.448133909333072692e-11 9.965926599954575932e-12 2.749265887949518163e-11 2.028613031021837283e-11 9.425280886730106602e-12 1.788640872262980078e-11 1.102754105729870112e-11 1.541036931197324701e-11 1.142179706731673004e-11 1.528517047793713848e-11 1.360098227544027917e-11 1.646591697674997980e-11 2.658533298838575360e-11 3.858242537527851366e-11 5.110403357656131264e-11 3.509495234261236852e-11 1.894488252254408601e-11 8.139133846096025452e-12 1.619613891472736259e-12 5.035012470037843858e-12 1.408125896768062806e-12 8.712215549948994162e-13
7.179813198688072917e-11 5.630244451184195110e-11 4.624024459513811580e-11 -8.766928883648784443e-13 2.141065440972145951e-11 6.414781334428807452e-12 1.625118193089108836e-11 1.928894526212476717e-11 1.242710158036943689e-11 1.177000738144877795e-11 9.196036205626698095e-12 7.999804163811741522e-12 1.173862920337212291e-11 1.524962694254318829e-11 9.591898451010919587e-12 9.268228749001107583e-12 1.409126688584755468e-11 2.058816660737381591e-11 3.509495234261236852e-11 5.778296719238446487e-11 3.899218933397806539e-11 2.071102898712257327e-11 6.865234263559676785e-12 7.709203241045479635e-12 1.903747927674198841e-12 -1.940902011314120159e-12
6.768026973721886543e-11 4.230263668014560915e-11 3.265907950175788354e-11 5.374786003255429153e-12 2.244587491695308681e-11 8.942837398093067579e-12 1.525243824161270785e-11 1.553351006557799091e-11 1.419687798455743547e-11 9.865501777132713284e-12 8.860005280886507668e-12 3.700340059087954693e-12 1.154633627168117097e-11 1.194833568619581475e-11 8.798346445033733555e-12 9.126522085788974645e-12 1.178640243865813377e-11 1.595197165372113951e-11 1.894488252254408601e-11 3.899218933397806539e-11 5.682228143536051967e-11 3.505585455726360151e-11 1.670376051966336653e-11 9.789099933285318006e-12 3.461273171605099777e-12 6.335797561939985730e-13
5.339765442203987935e-11 2.914773127314711600e-11 2.521277182538730395e-11 6.423048248756742672e-12 2.606061370224752129e-11 -2.639258137823576698e-13 -1.898865633374876258e-13 2.630273413683326911e-12 2.280574866800441146e-12 4.121421558192455865e-12 2.493082927643462632e-12 -1.147920756000527348e-12 8.871346422798838579e-12 1.263324964786258258e-11 5.817847263713120073e-12 6.265864716649540249e-12 5.829783372057127412e-12 3.009434163450013714e-12 8.139133846096025452e-12 2.071102898712257327e-11 3.505585455726360151e-11 5.510020018152386274e-11 3.246100068837245412e-11 1.232437982963384473e-11 5.593107184587289639e-12 1.178885458814250044e-12
1.755653339277011596e-11 3.177899700740547184e-11 3.398402295362867909e-11 1.196374242554814797e-12 1.309030090612653843e-11 -7.820827540736971095e-12 7.322603787311698154e-12 7.257834222435268752e-12 3.090285028636148757e-12 5.401191166148269787e-12 -6.074254906781062572e-13 -6.334696433711085897e-12 -7.688153229391259287e-13 1.829902623966853443e-12 -1.709425711737149105e-12 -8.300324051406214748e-13 -6.310173595811684684e-13 -1.233434416452446730e-12 1.619613891472736259e-12 6.865234263559676785e-12 1.670376051966336653e-11 3.246100068837245412e-11 4.468321999869846232e-11 1.883000609672001705e-11 3.890522155071210778e-12 2.870431808217311712e-12
2.670664732041363568e-11 9.748846955421304841e-12 4.632302659164200273e-11 -9.030402639078816654e-12 6.039350073330758159e-12 2.432682275216166559e-12 1.208268654932985296e-11 9.113750570398777898e-12 5.602522391116892068e-12 3.770595328329833969e-12 1.049396450950668946e-12 5.738331891562709746e-15 1.886360958199948238e-12 5.296027713625860966e-12 1.045765734707075208e-12 2.029524581491993585e-12 2.500168106384353595e-12 2.844580385351247103e-12 5.035012470037843858e-12 7.709203241045479635e-12 9.789099933285318006e-12 1.232437982963384473e-11 1.883000609672001705e-11 2.783260758276677631e-11 6.388852652432056504e-12 1.003872309743644736e-12
4.482070359591420024e-12 -2.173828895993048668e-12 3.593486074577628599e-12 7.048663790333079606e-12 1.162830923791135728e-11 6.278006740973789370e-12 1.101501528128959880e-12 3.339172269885507435e-12 6.911331989097743511e-12 4.244904764273134485e-12 1.459441859540808568e-12 -6.050013364102511489e-13 2.507789402219920339e-12 7.511833025854961079e-13 1.435924891880679053e-12 1.724177618309997539e-12 2.204438423366543811e-12 -1.000649541052425003e-12 1.408125896768062806e-12 1.903747927674198841e-12 3.461273171605099777e-12 5.593107184587289639e-12 3.890522155071210778e-12 6.388852652432056504e-12 1.680130239232148764e-11 6.053729579437044922e-12
-2.105161494965225803e-12 -1.842709720514566371e-11 -5.697338111709847187e-13 7.489600374527624263e-12 9.948982247257313818e-12 7.682990533617190848e-12 8.667709711673817685e-12 9.241159590110003168e-12 3.632926358023907875e-12 2.700370082288448499e-12 3.389290000520429882e-12 -7.472372075829630178e-14 6.019199638547813504e-12 1.554812016013179512e-12 5.435288162711831853e-13 3.193185799330529416e-12 1.986686086701006993e-12 -5.255223206418818050e-15 8.712215549948994162e-13 -1.940902011314120159e-12 6.335797561939985730e-13 1.178885458814250044e-12 2.870431808217311712e-12 1.003872309743644736e-12 6.053729579437044922e-12 1.663564811978596499e-11
