5.579748350412035394e-09 2.051097337815701193e-09 1.707520190318437789e-09 9.572656506220280363e-10 8.714256581299066183e-10 6.604576551881851499e-10 5.979643161092829724e-10 4.032109953060910855e-10 3.467099484501702813e-10 3.071151151675511450e-10 2.632999550318138490e-10 2.643997053384186820e-10 1.487213696828872910e-10 1.357258507180274112e-10 1.093649255413892106e-10 5.007434470308982206e-11 2.333094619518318703e-11 4.554545440884701339e-11 -1.220000389405544345e-11 -3.373302117167612360e-12 2.116599081929780908e-11 4.156273892198494611e-11 1.586719659175228525e-11 3.495023233346030348e-11 4.014370000658139781e-11 -2.603633241752519509e-11
2.051097337815701193e-09 4.132822189069637952e-09 1.411764299679084547e-09 9.629751470717266814e-10 9.027494214029618166e-10 6.617884160781352350e-10 4.525866201402848930e-10 3.301980227517297625e-10 3.446170149393007988e-10 2.953698060160363838e-10 2.332689418291374008e-10 2.138668306527731987e-10 1.322158959054991833e-10 8.559027164151929716e-11 4.319944013630990079e-11 1.451506820214964050e-11 1.663870608261372947e-11 6.365202074146032272e-11 4.569009058196631234e-11 1.266408462789483623e-11 4.964611531081195845e-13 2.475656517735299183e-11 3.257118760514351659e-11 4.478509727310202997e-11 3.484124679567583112e-11 -2.388807000864362221e-11
1.707520190318437789e-09 1.411764299679084547e-09 2.323892599370983663e-09 7.427883405122519890e-10 7.174447463339789732e-10 4.580643272209165119e-10 3.479228513576429601e-10 2.579161278696434315e-10 2.788716567498052221e-10 2.050510875467872643e-10 1.949024473139933315e-10 1.256844451740980215e-10 1.131439261299095176e-10 9.069904265825949771e-11 6.761547758694059690e-11 2.841465873615211898e-11 1.646396676932495002e-11 2.099345851015763215e-11 -2.746014766051263127e-12 -4.277714872802134606e-12 1.375666485805329801e-11 3.162057918802071998e-11 3.172207602921164845e-11 1.259402408787988474e-11 1.672914829131369509e-11 -7.767851334331431581e-12
9.572656506220280363e-10 9.629751470717266814e-10 7.427883405122519890e-10 1.200895069038556207e-09 4.935345585376030931e-10 2.722389957625976104e-10 2.492475244929902206e-10 2.066968370860337088e-10 1.621570082734237408e-10 1.293498116345115058e-10 1.355018380784858807e-10 9.966609826255856442e-11 8.468030718875092031e-11 5.637648172344724699e-11 4.704825329089949286e-11 2.894987736481252307e-11 7.640306089424613358e-12 1.776716543373907098e-11 1.414787965804098062e-11 1.142876041584866552e-11 1.201842837976029597e-11 3.728617241799183932e-11 2.635719432372164242e-11 2.660088698794973507e-11 9.014396732206036178e-12 -7.958126553305132783e-12
8.714256581299066183e-10 9.027494214029618166e-10 7.174447463339789732e-10 4.935345585376030931e-10 9.954413800243354188e-10 3.137892971417703407e-10 1.940828864081131449e-10 1.769974750040734048e-10 1.448345378821589983e-10 1.152970541244490881e-10 1.087467933566105541e-10 9.969278528565002778e-11 7.237148173552744960e-11 4.406220081593190397e-11 2.452903275154038530e-11 1.581279481269879847e-11 9.596392294154976378e-12 1.237189774245051494e-11 4.871290507767248795e-12 5.354837397609572778e-12 5.066763389166717687e-12 7.549818365075498426e-12 8.082904198132717943e-12 7.973329480931458136e-12 2.424362429413565711e-12 -5.588983446504337007e-12
6.604576551881851499e-10 6.617884160781352350e-10 4.580643272209165119e-10 2.722389957625976104e-10 3.137892971417703407e-10 6.252715706252580876e-10 2.142582528227607451e-10 1.680864019508152869e-10 1.132726159421468827e-10 1.245126797965334614e-10 1.108528257589330351e-10 6.774294871988844903e-11 5.940376274663904126e-11 3.279771043646354537e-11 2.299163637974102919e-11 1.617264256044724539e-11 1.518908289495379618e-11 1.215900057696715557e-11 6.408576419391744223e-13 -7.747029486696607763e-12 -4.329762914168073910e-12 5.617625810148186347e-12 2.420216637169233615e-12 7.528808703605543937e-12 9.788350670788926470e-12 -8.084065904957118080e-12
5.979643161092829724e-10 4.525866201402848930e-10 3.479228513576429601e-10 2.492475244929902206e-10 1.940828864081131449e-10 2.142582528227607451e-10 4.013838690732914513e-10 1.311905886349955547e-10 1.219767569067759021e-10 9.143830953607750148e-11 8.527815384752332501e-11 6.714647585771249157e-11 5.643941452468055148e-11 3.594973139526697203e-11 2.723312847049261189e-11 6.884847820932116435e-12 5.933453872312235878e-12 1.919547790185439930e-11 6.329381636217941513e-12 1.118808641022100653e-11 1.282979058488531433e-11 1.617035280936989249e-11 1.135077742500470495e-11 1.342395060470640556e-11 -1.027351806307024866e-12 -8.535933686765395022e-12
4.032109953060910855e-10 3.301980227517297625e-10 2.579161278696434315e-10 2.066968370860337088e-10 1.769974750040734048e-10 1.680864019508152869e-10 1.311905886349955547e-10 3.034093333089602162e-10 1.114414591537260245e-10 8.449570173849273600e-11 6.379568013111572948e-11 4.041143872570484370e-11 3.580595990509201498e-11 3.048121309903419565e-11 1.804667966355818111e-11 2.055693679836095820e-11 1.408950745492549538e-11 6.385438572221192035e-12 -7.610139089134179111e-13 2.760439854718008208e-12 1.421589965111832097e-11 1.321978960421441608e-11 9.935694441375387802e-12 6.233590930698978795e-12 -8.071174412340412254e-12 -5.715016219715864688e-12
3.467099484501702813e-10 3.446170149393007988e-10 2.788716567498052221e-10 1.621570082734237408e-10 1.448345378821589983e-10 1.132726159421468827e-10 1.219767569067759021e-10 1.114414591537260245e-10 2.315593233805517592e-10 9.332752894147732476e-11 7.402711728244594965e-11 4.541034282957922801e-11 4.054224784316925883e-11 2.882310375744521397e-11 2.408996936496867755e-11 1.212517298170353371e-11 8.601706639613699896e-12 1.687557543370241670e-11 -4.915406147014772775e-13 1.936025633035773369e-12 6.236320533524609694e-12 7.637631249735399094e-12 5.770915724512705970e-12 2.904238354451728546e-12 7.857462739993059650e-13 -5.953566463741758470e-12
3.071151151675511450e-10 2.953698060160363838e-10 2.050510875467872643e-10 1.293498116345115058e-10 1.152970541244490881e-10 1.245126797965334614e-10 9.143830953607750148e-11 8.449570173849273600e-11 9.332752894147732476e-11 1.516621859036130680e-10 7.159990012397314893e-11 4.735639143999267964e-11 3.884031446816326811e-11 2.679113577205727838e-11 2.136123788155742821e-11 1.250042645315608122e-11 1.369919132041682272e-11 1.428566438839835535e-11 2.180603738496759459e-12 -6.865131717077014118e-12 -1.184467252602160814e-11 -3.717286240854360823e-12 1.662573679230348423e-12 9.555433365470625835e-13 -7.098299312465784654e-13 -9.016190523794610920e-12
2.632999550318138490e-10 2.332689418291374008e-10 1.949024473139933315e-10 1.355018380784858807e-10 1.087467933566105541e-10 1.108528257589330351e-10 8.527815384752332501e-11 6.379568013111572948e-11 7.402711728244594965e-11 7.159990012397314893e-11 1.363831105693125856e-10 5.921091498572286247e-11 4.426304906129822568e-11 2.824703041660605235e-11 2.207731859425574711e-11 1.067941395137186762e-11 9.520834481833714757e-12 1.117417225698570014e-11 6.138200441853322809e-12 7.173313106305154360e-12 1.447535666210015543e-12 5.473649735616250097e-12 5.111229983074766501e-12 2.453589900328344449e-12 2.956358715267967261e-13 -6.665639770679972239e-12
2.643997053384186820e-10 2.138668306527731987e-10 1.256844451740980215e-10 9.966609826255856442e-11 9.969278528565002778e-11 6.774294871988844903e-11 6.714647585771249157e-11 4.041143872570484370e-11 4.541034282957922801e-11 4.735639143999267964e-11 5.921091498572286247e-11 9.098786302523887156e-11 5.331863755874673067e-11 3.426278414074970334e-11 2.398876803789400561e-11 1.689432803890748381e-11 1.381366374662622803e-11 9.372888750686853284e-12 5.946675949937871735e-12 1.876126033564093840e-12 -1.906061308510740559e-12 -9.876554717771521323e-13 1.708689564365569973e-12 -1.968880428747552499e-12 -3.846056926309086944e-13 -1.118912908022613304e-12
1.487213696828872910e-10 1.322158959054991833e-10 1.131439261299095176e-10 8.468030718875092031e-11 7.237148173552744960e-11 5.940376274663904126e-11 5.643941452468055148e-11 3.580595990509201498e-11 4.054224784316925883e-11 3.884031446816326811e-11 4.426304906129822568e-11 5.331863755874673067e-11 8.374962009326870669e-11 4.621666902949056508e-11 2.779627134615176337e-11 1.798276763116646947e-11 1.143261703641197488e-11 6.251608349180931768e-12 -1.130595541507665529e-12 -9.354972756252142922e-13 -4.911054512537919386e-12 9.061144185806552567e-13 2.040028255675658517e-12 -1.628597347396348283e-12 -1.997953752326120061e-12 -9.914967660247041499e-13
1.357258507180274112e-10 8.559027164151929716e-11 9.069904265825949771e-11 5.637648172344724699e-11 4.406220081593190397e-11 3.279771043646354537e-11 3.594973139526697203e-11 3.048121309903419565e-11 2.882310375744521397e-11 2.679113577205727838e-11 2.824703041660605235e-11 3.426278414074970334e-11 4.621666902949056508e-11 6.060091773075237729e-11 3.224972982002804357e-11 2.208159343757488467e-11 1.211802930483451749e-11 6.524118529221117842e-12 -7.498461285031982116e-13 -2.585412671056696649e-12 -3.963324815633337209e-12 2.546973444806429771e-12 -5.477932344014959122e-13 -9.118392927036493683e-14 -2.035371295433475902e-12 -1.504107965780907467e-13
1.093649255413892106e-10 4.319944013630990079e-11 6.761547758694059690e-11 4.704825329089949286e-11 2.452903275154038530e-11 2.299163637974102919e-11 2.723312847049261189e-11 1.804667966355818111e-11 2.408996936496867755e-11 2.136123788155742821e-11 2.207731859425574711e-11 2.398876803789400561e-11 2.779627134615176337e-11 3.224972982002804357e-11 5.356549365506452021e-11 3.073426576491631093e-11 1.741335813351992169e-11 1.118287339655529028e-11 3.545370732258488350e-12 -2.460802130140182914e-12 -3.776164019959025878e-12 2.342908730973376379e-12 -3.922534490167226128e-13 4.108826163810845979e-12 -2.197606016614523275e-12 -2.669814280519702673e-12
5.007434470308982206e-11 1.451506820214964050e-11 2.841465873615211898e-11 2.894987736481252307e-11 1.581279481269879847e-11 1.617264256044724539e-11 6.884847820932116435e-12 2.055693679836095820e-11 1.212517298170353371e-11 1.250042645315608122e-11 1.067941395137186762e-11 1.689432803890748381e-11 1.798276763116646947e-11 2.208159343757488467e-11 3.073426576491631093e-11 4.777758455183415534e-11 2.732795174636208824e-11 1.622600930208142739e-11 8.365685717988596627e-12 4.439035360645229012e-12 5.670591384953412167e-12 3.515997303507251067e-12 8.669976651069246067e-14 2.362641198234958539e-12 -3.513739640093889083e-12 -3.122647661535588277e-12
2.333094619518318703e-11 1.663870608261372947e-11 1.646396676932495002e-11 7.640306089424613358e-12 9.596392294154976378e-12 1.518908289495379618e-11 5.933453872312235878e-12 1.408950745492549538e-11 8.601706639613699896e-12 1.369919132041682272e-11 9.520834481833714757e-12 1.381366374662622803e-11 1.143261703641197488e-11 1.211802930483451749e-11 1.741335813351992169e-11 2.732795174636208824e-11 3.984485914234746482e-11 2.361078103449755923e-11 9.319374992403880236e-12 4.592373313238331442e-12 3.671535316720244834e-12 2.407278822411948102e-12 -6.623287652859661726e-13 3.308089708360177754e-13 -3.168408824607638867e-12 -2.076050563080849766e-12
4.554545440884701339e-11 6.365202074146032272e-11 2.099345851015763215e-11 1.776716543373907098e-11 1.237189774245051494e-11 1.215900057696715557e-11 1.919547790185439930e-11 6.385438572221192035e-12 1.687557543370241670e-11 1.428566438839835535e-11 1.117417225698570014e-11 9.372888750686853284e-12 6.251608349180931768e-12 6.524118529221117842e-12 1.118287339655529028e-11 1.622600930208142739e-11 2.361078103449755923e-11 4.297077170099665333e-11 2.686413761645708676e-11 1.799956111550681034e-11 1.098477464871125151e-11 9.106733637421955823e-12 5.057187255822776979e-12 2.036506261270743811e-12 -2.183793786641307858e-12 -5.719309971552447500e-12
-1.220000389405544345e-11 4.569009058196631234e-11 -2.746014766051263127e-12 1.414787965804098062e-11 4.871290507767248795e-12 6.408576419391744223e-13 6.329381636217941513e-12 -7.610139089134179111e-13 -4.915406147014772775e-13 2.180603738496759459e-12 6.138200441853322809e-12 5.946675949937871735e-12 -1.130595541507665529e-12 -7.498461285031982116e-13 3.545370732258488350e-12 8.365685717988596627e-12 9.319374992403880236e-12 2.686413761645708676e-11 4.183098936019545027e-11 3.064509431607495697e-11 1.437267144644261811e-11 1.057788497752840376e-11 8.665611801489295979e-12 2.498604882113505945e-12 -2.288176497792146346e-12 -6.290623044117589339e-12
-3.373302117167612360e-12 1.266408462789483623e-11 -4.277714872802134606e-12 1.142876041584866552e-11 5.354837397609572778e-12 -7.747029486696607763e-12 1.118808641022100653e-11 2.760439854718008208e-12 1.936025633035773369e-12 -6.865131717077014118e-12 7.173313106305154360e-12 1.876126033564093840e-12 -9.354972756252142922e-13 -2.585412671056696649e-12 -2.460802130140182914e-12 4.439035360645229012e-12 4.592373313238331442e-12 1.799956111550681034e-11 3.064509431607495697e-11 4.942947188497282276e-11 3.130765922089613874e-11 1.710400539890605012e-11 1.247582715800185296e-11 3.306334371525913533e-12 -2.926216908944979939e-12 -6.203080757014277416e-12
2.116599081929780908e-11 4.964611531081195845e-13 1.375666485805329801e-11 1.201842837976029597e-11 5.066763389166717687e-12 -4.329762914168073910e-12 1.282979058488531433e-11 1.421589965111832097e-11 6.236320533524609694e-12 -1.184467252602160814e-11 1.447535666210015543e-12 -1.906061308510740559e-12 -4.911054512537919386e-12 -3.963324815633337209e-12 -3.776164019959025878e-12 5.670591384953412167e-12 3.671535316720244834e-12 1.098477464871125151e-11 1.437267144644261811e-11 3.130765922089613874e-11 4.810673903918452192e-11 2.841973994275444128e-11 1.307850064485829906e-11 -4.635783081805732717e-13 -1.502956377825901223e-12 -6.479898213040365089e-12
4.156273892198494611e-11 2.475656517735299183e-11 3.162057918802071998e-11 3.728617241799183932e-11 7.549818365075498426e-12 5.617625810148186347e-12 1.617035280936989249e-11 1.321978960421441608e-11 7.637631249735399094e-12 -3.717286240854360823e-12 5.473649735616250097e-12 -9.876554717771521323e-13 9.061144185806552567e-13 2.546973444806429771e-12 2.342908730973376379e-12 3.515997303507251067e-12 2.407278822411948102e-12 9.106733637421955823e-12 1.057788497752840376e-11 1.710400539890605012e-11 2.841973994275444128e-11 4.105006965900071016e-11 1.879395730014602694e-11 3.285689955033032014e-12 -8.706561296560703530e-13 -4.986246604080482103e-12
1.586719659175228525e-11 3.257118760514351659e-11 3.172207602921164845e-11 2.635719432372164242e-11 8.082904198132717943e-12 2.420216637169233615e-12 1.135077742500470495e-11 9.935694441375387802e-12 5.770915724512705970e-12 1.662573679230348423e-12 5.111229983074766501e-12 1.708689564365569973e-12 2.040028255675658517e-12 -5.477932344014959122e-13 -3.922534490167226128e-13 8.669976651069246067e-14 -6.623287652859661726e-13 5.057187255822776979e-12 8.665611801489295979e-12 1.247582715800185296e-11 1.307850064485829906e-11 1.879395730014602694e-11 2.564401067446103113e-11 7.845298878048296529e-12 -9.657188820394166764e-13 -1.909705138811693143e-12
3.495023233346030348e-11 4.478509727310202997e-11 1.259402408787988474e-11 2.660088698794973507e-11 7.973329480931458136e-12 7.528808703605543937e-12 1.342395060470640556e-11 6.233590930698978795e-12 2.904238354451728546e-12 9.555433365470625835e-13 2.453589900328344449e-12 -1.968880428747552499e-12 -1.628597347396348283e-12 -9.118392927036493683e-14 4.108826163810845979e-12 2.362641198234958539e-12 3.308089708360177754e-13 2.036506261270743811e-12 2.498604882113505945e-12 3.306334371525913533e-12 -4.635783081805732717e-13 3.285689955033032014e-12 7.845298878048296529e-12 1.895648786923892707e-11 3.108614477674468970e-12 -1.414439580786031789e-12
4.014370000658139781e-11 3.484124679567583112e-11 1.672914829131369509e-11 9.014396732206036178e-12 2.424362429413565711e-12 9.788350670788926470e-12 -1.027351806307024866e-12 -8.071174412340412254e-12 7.857462739993059650e-13 -7.098299312465784654e-13 2.956358715267967261e-13 -3.846056926309086944e-13 -1.997953752326120061e-12 -2.035371295433475902e-12 -2.197606016614523275e-12 -3.513739640093889083e-12 -3.168408824607638867e-12 -2.183793786641307858e-12 -2.288176497792146346e-12 -2.926216908944979939e-12 -1.502956377825901223e-12 -8.706561296560703530e-13 -9.657188820394166764e-13 3.108614477674468970e-12 1.190267774390894594e-11 2.524452069876600602e-12
-2.603633241752519509e-11 -2.388807000864362221e-11 -7.767851334331431581e-12 -7.958126553305132783e-12 -5.588983446504337007e-12 -8.084065904957118080e-12 -8.535933686765395022e-12 -5.715016219715864688e-12 -5.953566463741758470e-12 -9.016190523794610920e-12 -6.665639770679972239e-12 -1.118912908022613304e-12 -9.914967660247041499e-13 -1.504107965780907467e-13 -2.669814280519702673e-12 -3.122647661535588277e-12 -2.076050563080849766e-12 -5.719309971552447500e-12 -6.290623044117589339e-12 -6.203080757014277416e-12 -6.479898213040365089e-12 -4.986246604080482103e-12 -1.909705138811693143e-12 -1.414439580786031789e-12 2.524452069876600602e-12 1.171814317077609853e-11
